script/wind10m.json
{"header": {"parameterCategory": 2, "parameterNumber": 2, "lo1": 3.000054539987559, "la1": 64.9999836372058, "dx": 0.5, "dy": 0.25, "nx": 34, "ny": 52, "refTime": "2026-03-15T19:00:00.000Z"}, "data":
[rows 0 to 23 of 52, columns 0 to 33 of 34]
-0.4330844933940327,-1.521774274585476,-3.729928368486386,-5.094796537870529,-6.925338272053065,-6.552453929036563,-6.54070415391089,-4.570350766828413,-4.675217735873114,-4.741943772990879,-4.4667406823811,-3.649036412325096,-3.8651169845156033,-4.7856848280482716,-5.835669588373884,-6.744937493709652,-3.860515403597547,-4.257117372056638,-2.6966175573743465,-6.213843174784871,-4.016213867063709,1.7367073352710884,-3.3199027434829746,-4.419290381084688,-0.43467454661318916,-0.30025320474270667,-1.1737191493505794,-0.7149923534675318,0.02533256150803834,-1.3529822565235903,-0.9172895061654769,-1.3330603717998488,-0.8628077770256369,-0.05731068719257477
-0.25506232155668124,-0.07779480582798083,-2.4284868780035405,-3.8218572716290127,-6.165675957460463,-6.403373951457373,-5.910055769175323,-5.248274956219082,-5.051263991843744,-3.5972558181335783,-4.59865624468336,-3.7475684329206094,-4.019827884215943,-3.390716236005613,-4.610323745162728,-6.5517458700320175,-5.8491672596485875,-3.19024165633298,-4.561646535875031,-2.0089392196520524,-3.586290583374655,-2.6495206771824567,-0.9091225028457184,-3.8632835289206335,0.5849320983194304,-1.229531760205709,-0.019625212476314737,-1.5949674935469096,-0.8508552775716188,1.4004298043430292,-0.2832196941406795,-0.9423348444266295,-1.086668701058445,0.6693099205519424
1.259132788452617,0.5626823964882472,-2.9873767656209305,-3.4550653277142307,-5.179678760718055,-5.715488581704054,-5.568147720839709,-4.984728933030074,-5.876584356223128,-3.7392678794081524,-2.800185835831684,-5.0557151074658355,-3.9778284939238024,-3.7312396651407442,-3.2117475695075477,-2.6739544693231565,-2.315894382630777,-3.8334737422050944,-2.4124607021220497,-2.642964370653426,-2.007674817619403,-0.2287327131913101,-3.351030287656139,-1.9803260886754666,-1.5687373082942109,0.5325732129707006,-2.118638635453506,-0.013225884846617039,-0.8235619618629912,-0.46195820498822426,0.6533964136941435,-0.43217928054145943,-0.5382728058001929,0.12671448356464152
0.6288718479448789,1.047517970384708,-2.656176520335653,-2.8190020939993823,-3.833169306579991,-4.035225252225441,-5.894538675769131,-4.182831990225425,-5.682116573719841,-3.5531820346358707,-6.219741642802577,-6.145325818491081,-5.450129392918852,-4.100787439883274,-2.309201960964714,-2.055595297219602,-3.048033616947794,-2.357613579446506,-4.256607687638855,-2.1978946063432683,-4.578993094084315,-1.9491223206087356,-3.5155797143428624,0.3971478406123496,-1.3981181753920868,-1.8449821926344505,0.19702820139186855,-0.7541652244539199,-1.4020975604798787,-0.7555789427477774,-0.05731653521252743,0.7035400506819871,-0.02836986326044748,-0.207517324968787
0.24500201787557088,0.27717774505003406,-0.21532912536463203,-2.090643009459457,-3.382133224370311,-3.499806195992937,-3.2995161173135203,-5.348784389700336,-6.55318626959322,-5.671726686272933,-6.471764735180882,-6.556934972220616,-5.157347690659643,-4.869017368412359,-2.9334896769523833,-3.2805371423858842,-1.4439840852385804,-1.7779252389916518,-2.4319267303693963,0.8947734914780452,-4.009985117447161,0.6783915609893953,-0.9106074649736009,-0.2689298072117022,0.028584691292726463,-1.0365323133022972,-1.4655512201919976,-1.679426806384971,-0.3578130189113464,-0.7174561049301842,-1.3029941624920733,-0.7325236891475466,0.281139467087368,-0.10607368293411182
1.6234666626156475,-0.0801413980759999,-0.4312760287294755,-1.0442471379552247,-2.5339536332861563,-3.3062452258421984,-4.042122904423764,-4.8379447071203785,-6.420705510453157,-6.7799523607493,-7.221302021898038,-4.582798869607154,-5.215265661030413,-6.370457656161784,-1.9076350605050243,-1.0832977718877859,1.2736011771653266,-1.1109847391766072,-0.6067206037474365,-4.176152327751954,-2.3602507514089766,-2.4802571612666835,1.3643484927202343,-0.06297746893788675,-0.002578039952968485,-0.4048234528992924,-1.198131326737454,-1.2942417336124838,-0.6508872518792697,-1.3138073366195244,-0.5389901404525712,-1.1873544853059763,-0.10553562609047867,0.05251786541257412
2.663778933412721,0.3323402782033575,-0.2290739814969395,-0.9921508499918383,-2.177847611687891,-2.853552889971057,-3.4525004985836074,-5.319228706984057,-8.283795116035972,-6.787726451232693,-5.118415172326646,-2.3518760701509236,-2.4270972386658993,-2.253075243210589,-2.3211816187162464,0.3465075040471967,-0.6647144144085881,-3.539747557737368,-1.3877916022567853,-2.632792359593845,-0.2915856163433518,-0.11929711999442215,-1.4958184459454962,-0.5492904499633051,0.6281290110025158,0.514293226140391,0.7797745723965108,-1.1727286024765722,-0.663994741220101,0.07499314315277726,-0.5796509835432564,-0.5808447936871355,-0.004656955198929509,0.869053587861336
2.6643632026642945,1.314316594342234,-1.3477277757158714,-0.26599311540807496,-0.4951856553673608,-2.1406344975576275,-3.419226941348953,-7.554103269851582,-8.45262358490137,-8.94280586032843,-6.089664056580367,-2.2556884495969083,1.6643644462889269,-0.13718245460582965,-2.1317219433960632,-0.7841622867925454,-2.5728666449891135,-1.5535706056482281,1.8755430872596266,2.587552349200116,-0.2510678397939927,2.001686552202973,-1.4813862728372442,-1.167762944331511,0.7334092656185758,0.08921644476354126,0.0629753952473363,0.4846312457037167,0.10375637280031838,0.8551586851349833,0.7239259073995936,-0.528395626375365,0.5921400537374422,1.7985906191648824
3.119589231329712,3.7085754949431475,-0.07875533024509296,0.48554004092367903,-0.09909399668014052,-2.355581374610776,-3.5574775616055336,-5.4136273912244395,-4.082460857633645,-2.9285337147023993,-3.4653981013625517,-2.0951840012642378,-2.256993199422473,-6.185679727788222,-1.8507075405110491,-2.0244302095671283,-5.585725211670675,1.3928242654631955,-1.1948278063953313,-5.096897003277779,3.4609849733907088,2.2152065580098315,2.256353348569095,-0.9821271439099197,0.10966725876385536,0.6140483227900615,1.6706573665364888,0.5634506034408627,0.49615769299353263,0.09365225696988994,-0.8052870370382613,0.9774721684225,2.0013105492620737,1.4826913287310461
3.053243995424488,4.922215520390201,2.8783082738920647,-0.03495481988869234,-0.00892585885019655,-2.3907855203612978,-2.633299171097146,-3.2868394669425953,-2.667935080183216,-0.16367121944476407,-1.1840678122306196,0.5562193933135084,-4.653162614595049,1.3578260518698875,-1.2542006755216581,-0.9185873495742067,1.1396547838906574,-3.4621460312593717,-2.3426602180757885,-0.11677296829248715,1.5661558649358096,1.5218627980174573,1.8706124559716666,0.900981031312159,0.05624888511237343,1.3401150800508952,1.4998557610758598,1.227513664159632,-0.441833826423294,0.18876914371189213,0.582835049474509,2.742573660625311,2.755269632870144,1.8189035606766815
2.8846931638041053,2.999650100499823,0.3860848350251236,-0.6536440802158027,-0.6631133958436404,-0.3152600687351374,-3.366669085210717,-2.281495367884575,0.2198838454451954,-0.9184847010167642,-3.1235918544588044,-4.60764237809252,-0.37154448912036253,-0.17818854682315405,0.6686069137140705,-4.434293710249383,1.7581656095990623,-0.9509428258117144,-1.785946099178971,0.676403403189939,1.1760073835237752,-0.8087469574249629,3.843726107001467,-0.497592896055931,0.40258662428165004,1.1127844017098658,1.367119609929413,0.9948865471467919,1.376829928301891,-1.2564402976943168,2.477784500952121,3.9519404486105154,3.2457207323115282,1.9850179881603898
3.0855635439933264,3.0809554625425797,4.197729200433366,0.45978962326542905,0.22229710385495646,-1.1910176261725598,-4.10073030075179,-2.500570668893717,0.647661984094951,-5.6264096320431465,-4.643329501996692,-2.206212205515663,-4.425346748976771,1.0540217702139802,-1.222880238662359,-1.5553798555114493,-1.8812104002107786,0.5814842431770414,-0.2812417135073842,-0.6476384753097916,1.9278178191145288,2.1646919849839237,-0.5784468351847439,2.6035128457309824,0.661209109061943,-1.402886829257852,0.370078624495447,1.9160993841338527,2.512150399024755,-0.09738824296535724,3.26245478331337,3.92024044655453,3.623696535555776,3.72937465956044
3.110315448024023,2.728006870968124,2.050132686614472,0.9486048826739533,-0.09240246601786507,-1.648300860464304,-0.23171469447912346,-1.1404407565198336,-3.483467620387718,-3.2041648800672036,-4.097382002901828,-7.785326270534777,-2.784015392049346,-0.826401045634543,-1.6771079322618911,1.825920976313856,-2.0308667230271595,0.24454517858678515,-0.10429061021517352,-0.744167884642989,-0.5389164335040156,2.1657777890351015,2.402231588238291,-0.708400193630542,0.9297723153951639,-0.727918496860383,0.20229197759668952,1.677312468865899,2.71356999831615,3.0632229597892833,2.719927637310702,3.6461492489834413,4.653909332312778,5.729749934205256
4.33782772873743,2.185515580604592,0.5505013583215038,0.32457937713458834,-0.25188919144110605,-4.384981635626948,1.2890955773590278,-0.6540688117231597,-10.525915073986855,-0.650782566160561,0.9522172105969922,-2.741922950063472,-1.8764390522949912,-2.0971556305126873,0.09166458104802555,-1.0653910049635582,-0.5675515594881635,-0.2856709683027804,0.4910191005891622,1.4205079402661454,-2.1124347206446936,1.3393415004631728,2.8079767250306737,2.3838197742271188,-0.3701080003395488,2.372066637702993,1.8103963613644596,2.9248138259702237,2.292002301220168,3.0125033494201694,4.101804582939594,4.716063038712126,5.523131676803961,6.507583238204077
4.965027637279341,0.5175399492584296,-1.0253649880438207,-1.2041529187805913,-1.4094079437113305,-2.4894393219699062,-1.1649487330494597,-6.186909623905046,-4.854264999398964,0.42336017310121915,-2.675966154708468,-1.054977757946393,-1.124468241504876,-1.1179723082365354,-1.1915311637096033,1.8045511005190171,-0.24227752259343,-0.3775564270211508,0.4406639189187613,-0.2973092993641962,-0.06564377776394067,-0.5082528098918746,-0.15152964102576275,2.566556077059457,0.5597089257881902,0.9378917437934237,1.1452639276242507,2.3083387382738447,1.4065777980078151,3.7968666215579527,4.862390424989473,5.754864202893371,6.2050906019333585,5.494562189289638
5.508582040136201,3.9450644226819405,-1.876637026627043,-1.5436267156096963,-2.453941896068832,-2.489649461083297,-3.6130114765784422,-1.6081359254929604,-1.340740559383758,-2.3728851679310976,-4.146493675974873,-3.527962222873234,-2.869276273799238,-1.1827619800725375,-2.5232041586153335,-0.2250492032326319,1.041519965744416,-0.9399806125096017,0.3410018050430087,0.09711132744773951,2.547491662083154,-0.09940322655869761,-1.1851774810028446,0.8523879415567504,0.44384570313869215,-0.030025318918243837,3.7073920263407967,0.7773915646311571,0.9782521842730131,4.5473064967634365,4.519954412922243,5.41735110571125,5.100890192592363,5.599791129055517
6.5445604983641745,4.420020256832743,-0.8188861285365145,-3.087862290948091,-2.4448217242869514,-2.2560170706535048,-0.09612649058640567,0.20588902788791075,-1.373754093707013,1.441178626295564,-6.13120659506827,1.9121111115324891,-1.5804915966548636,-2.014475767627388,-1.7987799221438106,-3.311183690554844,-1.0078574830882552,-0.31934062607821534,0.9311693709501724,0.6966149846068013,1.2783256121891022,2.504585370351339,0.4995829732622776,-1.4532227395194002,0.6810612001003669,0.10161218541677178,2.513936403294736,2.201411643536932,1.5904037356156349,5.726184213587699,4.6817110512581515,5.021740616257717,4.10540699010942,4.716509488452111
4.975581128166738,6.908333406400371,-3.4820799127818,-3.0569954680742426,-2.389812023349567,-2.3937126275655616,-2.333067315852352,-0.6078291897624988,1.7934939699764125,1.6376129404506385,-2.105038725959105,-1.5099149134517755,-0.855556334584195,-0.8063501359937425,-0.6250108037717406,-0.16148850010976631,-4.270931083204081,0.588771479095997,-0.05161316122577859,1.1575043972928991,0.5125867102225418,0.7543550796018409,1.5167409908233236,1.6964558162856556,-0.3414368385391239,0.514045159944058,1.464823320988459,1.3039436012532641,1.657575887899231,4.826463414864872,4.522402914014548,2.9012123778254124,3.513147151008735,3.07848657017595
5.595310460855364,7.985832405465805,-1.9553622534736042,-3.467936314479004,-3.295352477062948,-2.902358728986738,-1.4911583775945099,-2.574044769884147,-7.09527553614876,2.7979805640336632,1.1645953232378843,-0.21509553524207659,-1.2924014359249878,-0.9090610191727931,-1.95307644654656,-0.22855817051311678,-0.45714055410678633,0.02149489715285547,-0.008776882951759792,0.7358307220043849,0.22125478405742635,1.3727586271169399,1.2515739873996583,0.009584246860206301,1.2048281470182765,0.7666265293781918,1.273164829685382,1.4974244922873294,1.4186679231062749,1.8912313265007408,2.89257222146015,3.2387934713877065,2.7250944483771566,3.231372735514229
7.007497314329713,7.023711400798124,1.9123557040988544,-3.9825875853569417,-2.1413621897297115,-2.2872527418089232,0.11706569825711768,-2.4372535548083545,-0.4757864184652441,0.260506525802025,0.9663761811692765,0.5116898346592779,-1.53672161707406,1.5126830493759227,-1.7309553848987906,-1.4568639224222422,-0.023683833063805212,0.5236676084575326,-0.03538160758132636,0.5555841870258293,0.5682115251642688,0.19687132670951113,0.9692422413012634,1.4212941005002895,0.24409138110500592,0.6937456254898126,0.5396239372332914,0.8980172932620232,1.0289637205133801,1.485555846645241,1.9741403907715118,2.3156731497722753,1.9449325211484927,1.865804316091516
6.498439575048634,7.195698296384208,4.279504155158626,-3.218658801925916,-3.4912401175626164,-3.775298955854565,-5.548479249345822,-0.6455452771292579,0.11756633965956018,0.8071815182285191,0.5415374730605554,1.7657035557109582,1.067517511428604,-0.27483245714249743,-0.17021239344957406,-0.557807238833717,0.4851600652539864,0.17886170603406368,0.3117137191785984,0.4003544065372317,0.05971922799175211,0.27888297827573716,0.2383482557061849,0.3929840758301161,1.8789359358307005,2.683133546694947,1.348502133591473,0.7285770324208298,1.1002276562441828,1.7551475604165532,2.653544447138409,2.708420410880406,5.671950531221617,1.4554315489929335
5.0001426017210795,6.678603057919174,3.568620617082738,-2.590227057644947,-6.230476339895696,-3.191013807301109,-4.407534802968657,-1.722316308612489,-0.8026082376472635,-1.5156115085258708,0.7292487198123448,-0.42442870619282125,-1.0739547678417145,-0.10388893881786969,-2.619203006554107,-0.7859041345184882,-0.48886334730412845,-0.14514116243863256,0.7907001540063778,-0.3257387084684518,0.7605674194438075,-0.6570611070549947,1.011754473766027,0.8873442484958519,1.5688869527043863,1.5861616686918627,1.652479956233396,1.0812528607335845,2.1274466404649375,3.1572039871984248,2.205959325621348,3.4753031327924804,2.1489574058977285,3.497835883723173
7.829618246150557,6.115042287654038,6.761954687608061,-0.11838753070968581,-4.847141143773309,-2.9155193690442767,-2.820453274163674,0.2705154428424131,-0.13695225398527106,-2.1891153922884956,-1.4795181788746397,-0.8698522053970417,-0.6289885239577298,0.556605430656686,1.0127447705397703,-1.5846328085720545,-0.4591960738465106,-0.4492116886597629,0.1101586157363214,0.538036405678655,-0.30398846831664705,-0.009294663895878892,1.2302532170692178,0.6453827812215182,1.9961123306220154,1.3518187978565295,1.3450990772322897,1.4488920275570876,2.185300872901229,1.8308210469819395,2.1150309043736715,3.4159169583323883,3.637568761150438,4.776821442609742
7.38665834201725,6.008545400819932,6.029263027579547,3.149141472749316,-4.675471928106259,-4.347369295500729,-1.1253703808002518,-6.407652445050634,-1.2265351058806504,-2.0127250618813544,0.48745217730340074,-0.4666148501725421,-0.7984843305494168,-0.2682871659645966,0.6775011573295022,-1.6125817999933993,-0.8093654336761534,-0.7250175781463156,-0.4191780555458364,-0.09478916224766172,0.8541099058068937,0.24847544940687133,-0.17445954161757038,0.6973001946779265,1.7855257097552857,1.441610923067939,1.206077451371604,1.2737386469887333,1.4267132014113004,1.3429413034300977,2.3444470581432646,1.3880883014629646,4.63792690742995,5.413903767638601
