script/wind10m.json
{"header": {"parameterCategory": 2, "parameterNumber": 2, "lo1": 6.000027932988019, "la1": 58.9999434238085, "dx": 0.5, "dy": 0.25, "nx": 22, "ny": 24, "refTime": "2024-09-22T07:00:00.000Z"}, "data":
[rows 0 to 23 of 24, columns 0 to 21 of 22]
0.578807692719061,-2.774251121004775,-2.148509107471475,0.28116545192824627,-0.3840093432034679,0.2933454496243606,0.11565577385477277,0.35412346357945157,-0.6872565257550141,-3.3227377278866723,-2.5495947245855826,-1.9403013445900377,-1.2408509496802174,-1.0340340323362622,-3.107510262200152,-3.8817378568348326,-1.9588668703429029,-1.7384724707022512,-1.6909497354556364,-1.2407523122520177,-1.6924540942808624,-1.5346399159678894
-0.4832463706091315,-2.5373795285372327,-1.7374406397657107,0.12862088741064515,-0.9421404806569753,-0.15093946058514016,-0.2170631760879354,-1.2015284759630311,-2.4806197411321302,-3.335366026700613,-3.4312875534729192,-1.4548088803335986,-1.6321344841378218,-1.5955863346717205,-2.458208931583442,-3.855974727183866,-2.123332648811029,-1.9449290973992728,-1.8665261537497042,-1.691612289611833,-1.4202778239853142,-1.339940674251795
-0.9919140859391015,-0.3109052595065336,-0.7678130881173293,-1.4325630234025732,-1.0766178152805423,0.009793661524324418,-1.3949131816283014,-2.4460470651468884,-1.6406122320311907,-2.7718266991463207,-3.272045659844976,-0.7490430216929969,-1.6229404477661804,-2.1319572479618127,-1.2077311994292697,-0.5507584747186748,-1.5000554803111172,-4.897726287032852,-3.436016788550844,-2.328595444136188,-2.218110583811406,-2.4037737674088335
-3.0632179168121625,-1.3773634938632664,-1.6139827977712584,-0.0027612817462857996,0.44648038801342244,-2.767465664516711,-3.5766583726994146,-2.5242418963086406,-1.903816867843597,-2.533562288279563,-3.8588847595320153,-1.7780244021806508,-0.9512843199124648,-0.6824137626925917,-1.1400839030618752,-2.0842281998970105,-0.9636724520500266,-2.1758236296476485,-1.6558404134868618,-1.7877117424477236,-1.4443398270105074,-1.642335497909889
-6.324171385312552,-6.371479812190511,-3.5550057295850364,-2.487285268698478,-2.6564086110798417,-4.008334018109844,-2.9704898289100505,-2.890647794877248,-2.370465866269438,-2.294100755611214,-3.64947773041359,-2.113137163577096,-1.332909248899685,-0.7513037156109681,-0.955845267481999,-1.0620105283816716,-0.5775390788655089,-1.8821208898272812,-0.9954147194373074,-1.2423170231833947,-1.1358270001002366,-0.7586089134762161
-6.828291557726009,-7.634569550325471,-7.371118517409589,-6.4004132023853,-5.549543502982798,-5.093793090926509,-3.839716355505392,-2.947181531521159,-2.490413946616781,-2.148476597864412,-2.8996253640668583,-2.933764581222142,-1.8845005995341655,-1.4821917263528976,-1.3987941777818178,-1.3910558683489227,-0.7285623433043218,-1.7225839147074347,-1.1555270084027671,-1.185297073192194,-1.0913925410441239,-1.288073156568582
-7.355646730882337,-7.296767750948682,-7.36354104572981,-6.999964399607549,-5.861415788144965,-4.727757096983985,-4.693429784951393,-3.349175747102108,-1.6440212343830989,-1.9465071762544104,-3.051690010987132,-4.347116185101479,-2.0322227181416883,-1.1749867835846561,-1.0372363267139169,-1.6281825133488261,-1.1391797763752494,-1.9135565055058779,-1.5531200533891871,-1.1142757310544877,-1.229031708137575,-1.4133503407463628
-7.512481045910428,-7.482980363776589,-7.3232228935797234,-7.186938747881654,-5.9301757868406195,-4.482514113954142,-4.093758351615741,-2.2564252986741358,-0.8434588943643752,-0.616600455174356,-1.4374232064830919,-4.694706969455793,-4.647507957478333,-1.9524999585895837,-1.3106041679597722,-1.0922715758845545,-1.3905917343553824,-1.694743845722412,-1.6223092002980402,-1.5002568170840889,-1.7228768418744373,-2.27032940591484
-7.402523863321079,-7.416692953837213,-7.219124260491759,-6.602638873365986,-5.014607010310039,-1.081974370940016,-2.6238060638923453,-2.68276815735869,-1.200136734506907,-2.0555854867447736,-3.084798116566678,-5.139675653438174,-5.781745912877805,-2.256963780112153,-1.5297594878049434,-1.5782687196195364,-1.7448330822439924,-1.7733617679594293,-1.9619927715709895,-1.7211368804110438,-1.8403120957907695,-1.9770398862978076
-5.764656329388701,-4.644930701106425,-4.989510024964898,-5.215332339638133,-5.00348519850966,-2.291951292874322,-1.8435141220543425,-1.886039096845476,-1.4629422427099044,-2.409414452891831,-4.623462081731581,-4.472261469654617,-6.750630143121812,-5.512344809997363,-2.2990911253000395,-1.7223449364035646,-2.044179833120659,-2.1999126838595595,-2.36341026551465,-1.9100147503900515,-1.1268810460628855,-0.3966162431046029
-5.390843036812428,-4.987510620693694,-4.760482132993136,-5.081300829088113,-5.0086480268281415,-2.5648930406637094,-1.9070665642246256,-2.2547014380112165,-0.6085496011228836,-1.8243743635544352,-4.567344597852311,-5.557227786850806,-6.046145659165443,-7.333624414335299,-2.745083317396328,-1.9262921444758279,-2.0441490902286787,-1.9208721848952952,-2.3086702887862773,-1.8881530192686706,-1.2822959857134402,-3.50806049759652
-4.844955446117726,-4.844966139370595,-5.1141932973565725,-5.452314637580871,-4.797220844395432,-1.9614168718878129,-2.289949833282703,-1.7777251266759801,-0.3908881596696928,-2.406491222425224,-3.495862962412005,-4.604486174851553,-5.190603169801108,-4.515954788838882,-2.8208260844375066,-2.0221426874628303,-1.102307327601007,-1.2929323660048133,-1.7269792688206627,-2.2731413213227425,-2.3395426530367045,-5.87579629714447
-5.208603914075382,-5.037142480215512,-5.243111299158951,-5.148882038005118,-5.517730062500029,-2.1326063156646002,-1.620277168431142,-1.551350170611581,-2.8605730538939103,-3.8694151637199408,-3.501746625608814,-4.161466820965951,-2.5186096682353782,-1.5250719752988242,-3.1767176589712087,-2.7513393487274245,-1.0491462018430868,-6.520442267204165,-7.945443739357003,-7.500317655918681,-6.542379456007534,-7.102859366057569
-5.252072736509797,-4.70142397325974,-5.016923252078928,-5.778684102936922,-5.644856046163939,-2.385451693937848,-2.032554819833008,-1.1661125853115586,-2.635904590630541,-3.0893770849062876,-1.718532335648107,-1.6490238983166146,-1.9065254154677564,-2.5998227827825637,-3.0915479890266955,-4.347361145042426,-2.7514530185238475,-7.596747575173272,-7.227283853405442,-6.257732184434095,-6.599639438088555,-6.694212858044509
-5.569015217179503,-5.27375740648775,-5.498733152928885,-5.909796934085639,-5.8479534055840094,-2.54240696920858,-2.4718736250486977,-2.333587058880253,-1.9578775203828782,-2.8748681101523195,-2.816299560465768,-2.623586692617725,-2.4363379027923973,-2.4995041575992114,-3.936882088476402,-3.6280888794276347,-3.6301303706516395,-5.370721854606097,-5.6842811416248455,-6.754963798919792,-6.1007084712859,-6.420117447432347
-5.46552086139017,-5.402524781025159,-5.49766864819374,-5.9600430707562815,-6.55715984836344,-4.547475757324636,-2.178586406641673,-2.2934664939858274,-3.9690888335834225,-3.12257878811124,-3.024382373768624,-2.552931587981619,-2.7040182631452487,-6.174862170853776,-6.382729285634109,-5.236762826897333,-4.509852618996923,-4.85570936759759,-4.982221154715524,-6.900372240695434,-7.103169665334873,-6.558702187962472
-5.501453074155948,-5.354415557131891,-4.902493975276099,-5.009781217868051,-6.034290998570652,-5.849665009483014,-2.9148129738535635,-2.7051348160178823,-5.322000800884664,-3.736750530683014,-4.978187086298268,-3.994806273236922,-1.308200464652479,-2.176574503709854,-3.628108136458417,-3.0003378410944648,-3.7729996207760155,-5.408311911938175,-3.066765439791584,-6.286495798385363,-7.04425995202206,-6.965658160502957
-4.935645947240541,-5.361511505160615,-5.019402592970551,-5.144675096342248,-5.829712714756501,-4.019962733457119,-1.726680992132296,-3.1754216523026506,-4.760294369018181,-5.130792027184021,-3.682199471608974,-2.409106314095113,-1.7492808912727171,-3.7252085405964834,-3.690284132296191,-3.132947063321847,-2.583946971363384,-4.0493882006368365,-4.153183015604923,-4.818134358051626,-5.706231572784803,-5.724922394791858
-4.544923021981872,-5.1952847923107806,-4.980934276371094,-4.785042354819619,-4.8833091824866734,-5.5645008677145515,-2.986930722651515,-2.5939412618244444,-4.551327839903826,-5.249344963073126,-2.9965755139309507,-3.413725751479678,-4.0717463363215325,-2.8764164503059892,-3.178595184703723,-2.428763266585301,-3.5160019042569997,-3.67797794476334,-4.035560729372949,-4.018964656221116,-3.5299229068971276,-2.0817628741496637
-4.183749868647437,-4.2583578604672265,-4.273063617011389,-4.503967779538364,-4.2783437237632524,-5.147164724300427,-2.598597741586704,-2.7614209278817863,-1.7653891636701726,-1.6095174144641622,-2.145514599906401,-4.6677621091523145,-3.3003184101660015,-1.2522272793415623,-1.5086479341597643,-3.9770071639678455,-3.9885651506591744,-3.0006599867744295,-2.71378771492052,-2.865790470099252,-1.225634860596613,-0.7770462949657689
-2.978578493389831,-2.7895373929011225,-3.4681182797349375,-3.4706980075980876,-4.2263589357902305,-4.5874158075167655,-2.2818473479562447,-2.860576334537722,-2.6059565174680603,-3.081436947503087,-2.962246174956163,-2.351872841551435,-1.5145278727565565,-1.45812782582433,-0.7123206032054644,-2.147308711657307,-1.9660938924864906,-3.5364313353325607,-1.0315368430599894,-1.8237453133579433,-1.4873302900229413,-1.0366893181431072
-3.062252238943896,-2.4253857722664653,-2.094358301557443,-2.927795955165368,-3.5663390344732573,-3.913859914298783,-2.393536556569984,-1.3326366647473655,-2.151944440871394,-1.1107245028906432,-1.8124449279744292,-2.487340078913128,0.1970938633492345,-1.352029046730686,-1.412819912458057,-1.8687927132440727,-1.6710579297556964,-2.482209029049229,-1.4895291729080624,-1.7275310378847546,-1.321741779189233,-1.3453048506412728
-2.4083962360825835,-2.5373165158445996,-2.4532603817041716,-1.5022192049605727,-2.3170130608160155,-2.5237188757119515,-1.5512163134622003,-1.574444581536741,-1.2436641601873846,-1.445552366613327,-1.8261381923231639,-0.2731944261648747,-1.5384264760321702,-1.0969464123126231,-0.6132425651071092,-2.199710560750803,-1.0932376310999428,-2.1030552847514232,-3.0387524954168175,-1.5960979546442629,-1.4969033888353416,-1.1219797587979643
-1.0342705969017267,-1.2265442635565535,-1.3775508073218838,-1.8892499897586472,-1.452942212744152,-1.865535498048465,-1.5927562179942547,-1.8683651437701636,-0.362491280338636,-0.9299969794248085,-0.9509174867943543,-1.4101874633487446,-0.7010764822178338,-1.0322956195988748,-1.2184656040596247,-1.2143591109824938,-1.7856738065829187,-2.2097129937681212,-2.4467288086712045,-1.8375913595230051,-1.287311837864242,-1.552909985375324
