script/wind50m.json
{"header": {"parameterCategory": 2, "parameterNumber": 2, "lo1": 6.000198445256149, "la1": 58.999992894266676, "dx": 0.5, "dy": 0.25, "nx": 22, "ny": 24, "refTime": "2024-02-27T16:00:00.000Z"}, "data":
[rows 0 to 23 of 24, columns 0 to 21 of 22]
-0.019528693674967304,-1.7614403536913796,-0.8822607171909477,-0.6487033141502258,-0.1572525892517739,-1.6573245822498064,-2.712936381850103,-3.239300911454799,3.1636993436217464,0.8933302359719979,-0.26166902259472347,2.518520112283222,1.1907986477132242,1.2545077069710648,0.0823349586644402,1.8138194547334108,0.49585737649822115,1.3762546390876391,4.655572258214373,4.342426917122384,4.059390858197257,2.336247672143793
0.022884924184774613,-0.9888578377357257,-2.0505553428013803,0.8564143865615018,-1.9983517986197261,0.9392049594283268,-2.4587797910427094,0.31919279732250827,-1.2878742171892703,0.06866010569789419,2.79246541074907,1.7846725101503094,-1.1273780653190513,1.678211870061403,-2.0019247126922504,0.8967501014773324,2.6952894019140574,5.690152222840255,-0.9733048602171532,1.0536871653949234,1.2980868300321968,3.6553605649455667
-0.3241071273914099,-0.6958834768161146,-2.0361712712619178,-1.0036631615562885,-0.3729432416224054,-3.356836662070228,-1.301365326767779,-2.8496701912265827,-0.5503825982851464,0.38558452333004317,2.1427857597136546,-1.6353097815864444,1.8392979926309623,3.4798289224260226,-1.8990274816409314,1.8392249553029814,1.4608300500217417,0.6075121464425225,2.5875087035647266,-1.5431919060730512,2.3849612457918954,4.003543309380241
-0.3385108434150595,-0.7700488934819051,-2.0125005352242376,-1.3395147718629188,-4.174998510170371,-4.8077228542164265,-0.5317301211842241,-2.8023090547768,0.5901941806626311,-0.0684455861782053,1.959525418827392,1.3070315391324037,1.6909671859254305,2.3489642283129992,2.0055033244331746,1.707622522503436,3.338951051584422,1.3262611260537838,-1.1960903589134155,4.394053418727429,4.2093616607114015,2.078590138394711
0.06031776770348,-1.2963240444987016,-1.8444653353389922,-2.6526913816689572,-3.6830282362587714,-1.728756534222839,-1.977738003316716,-1.366525532154968,-0.17149342007943483,1.489688160578019,0.9737883238462286,2.476031177783283,2.371153769585183,-2.085065896442402,1.3339180750203392,1.9795409471658794,4.662985541109378,2.1010597803119135,3.5732116052923586,1.5263426470828712,3.0316232992358154,3.5442454341659038
-0.40659459846095547,-1.2061893098489143,-1.6568668788690968,-4.068340568424184,-1.5370992899545817,0.09035118928930484,-1.475739782288551,-3.2603825493075584,0.7487012789046503,0.6243686653937672,0.1358738749794345,1.3987629489159348,1.8909358249174473,4.198589366472887,1.635049180136672,1.162066922469047,-0.7079806383527888,2.7710297534541164,-1.1374811314902957,2.6222559913546224,3.3960079490217643,2.684497149457063
-0.21681244418241782,-0.6302016163209472,-1.4804038122862888,-3.3985787826537672,1.519868901628921,-3.599394203295869,-3.3064955261375037,0.8175768191391317,0.28798881911362145,1.5377028652930445,0.4377476168259835,4.832619608895988,5.496175276231685,1.700055671173612,1.464653590997441,2.123615556148218,1.608233573035102,3.9981088589869147,1.768123432398647,4.305276578946461,1.7689302283419084,2.5617362859061985
-0.30560397304916637,-1.0779799459404915,-0.8671796519095548,-2.30005731267337,-0.7304197029287215,-2.8797859127124554,-2.4838516967095554,-1.3127421569948308,0.6185405626938656,-2.7177388509602003,1.1741515110984941,1.714915569725265,1.9519227669302088,1.7216607894879035,2.564890273172047,1.6255317626798096,1.5229536708329638,4.670712828617951,0.4890649320452466,0.6502143999562184,-0.7440491601071766,1.1442006178520185
-0.3162692548578804,-1.529250206475735,-0.7074956570799195,-1.5907335832356218,-3.7836772661647666,-1.6508277466648715,-1.3218312875623017,-2.846160350790342,0.3528048074372626,-2.504047328405769,2.2555420845006466,-0.12454657264737469,0.8948212454442115,1.801777801721087,3.1161802488461796,1.7015448217092612,0.8310555516673084,5.458850434873726,2.5244087249069653,2.7972525460181443,3.307265950072304,3.034340478404452
-0.3991225493819434,-1.9009179820028348,-1.2749487385362182,-1.8014473275614087,-3.7901347050638674,1.1075331590843402,-2.8578352672561667,1.3310758298447722,-2.8698219227155506,-2.3865893580070425,0.6727554254518635,1.8955915579055067,1.2482346887235845,3.4676086894577707,2.1318956225034245,2.2282855679268456,1.9831409882615374,0.04622928245089735,4.84686898202066,2.788031795502281,0.44126920194319647,1.6745943517471111
-0.10098156605361026,-1.2052067107821027,-1.5860800830849238,-1.0629228753219904,-2.030304742380909,-3.7585846414011472,-2.4070838148016525,-3.403539857768144,0.32685590635823253,0.1529606532078794,-1.4182508708387038,4.594153402387073,-1.4099764014940244,2.502320976511329,1.5070046721336878,2.1847939683539517,2.0093688885839525,2.2453103728322787,0.2602438505294968,4.824151548284982,3.6889287529441255,3.885653464608199
-0.5215945828883108,-0.4842706993134303,-1.959994769777352,0.21394756588869407,-1.8814374544633734,-2.845789601337446,0.9535574119693625,-0.318543424707804,-3.0899351322249284,0.48236005175137203,0.26016046370239737,-0.28363980252530896,3.608834690173938,-2.174888695692165,-1.183995653890716,2.05849343703474,2.983499755929995,1.9919201063788492,-0.2035927232386933,0.5800630338350197,1.0513099626672897,2.106401117405259
-0.31166347991231896,-0.5556582570757003,-2.0460663420712315,-0.6777848559426806,-1.8679136166317325,-1.7845301211825992,-1.7138985168682535,3.475043994616361,-1.518202946543404,-1.0849482109305961,0.4728383436318607,1.8176665557063825,1.9045511235494912,4.457434007861974,2.1368618996482907,0.33004352639841694,1.3745855802461895,3.4194676601593796,1.329885998930397,2.8436962068198435,-0.033046799862207876,3.8991556608015023
-0.13295520330070898,-1.1788615321854645,-0.8293626312085424,0.5782801560131067,-0.16564733900203835,-1.3153694654788164,0.4912772002428778,1.0929702864660016,-3.1155191461947584,1.4464583450244954,-1.503046077903016,4.276229420182182,0.7353901425423143,2.2777968678230605,2.3146803438975625,1.753358729370625,1.6578034127212888,4.597018265129615,4.454162617107605,4.468557284289509,2.858566677302424,2.294621012756099
0.4700677865798934,-1.9971548098698653,-1.2580948451902945,-4.32070074553071,-3.8050663621318837,-3.4235147303209184,2.5260641051137047,-1.2684596711504912,0.5233633827069576,0.578747358214549,-2.8468245850991285,2.107667633099495,-0.9567547455003805,1.681484694696695,0.681381662566635,2.3651799053061824,2.65599390268086,-1.2177370740766047,0.0930872234150917,1.482665011361451,0.7121593128548289,1.3754651156064035
-0.4240098039115423,-1.8864395340244497,-1.4465918934976323,-2.335124142955354,-2.614666560916251,-1.9228539534052058,-1.0926735498706388,-2.929232464743035,-2.7037144946924063,3.824395732378961,-1.0232975300233471,2.0232040600104537,4.694297526671221,1.2936403234578755,-0.5424237915897168,1.6578062912984501,4.189436289429366,0.742171093277853,1.5349678561282645,2.75719375271712,3.573334546281153,4.412390045140155
0.014542415927384601,-1.2965735190082075,0.7256753822083136,-2.288052574590761,-1.578449513113299,-0.6930077976793609,0.470323061160183,0.9408094121603814,0.7155267088808603,-2.690672844114313,-0.1881424583299018,1.9485632610916086,1.374775917022402,2.4092255663225006,-2.0050511455395905,1.663287679956532,-1.3738204729101409,3.0645100438122124,2.5082565444269647,4.165044159174145,1.726157325343092,0.882651905929889
-0.2140954814377994,-1.0531557894721253,-0.4323945732236793,-1.5484689864223296,-1.4687980140143566,-4.376154191221924,-1.7894640279365641,-2.9447155569888572,-1.5431340393432558,-2.557066818269373,4.499208970798419,4.314523850313299,2.0023814734072634,3.6187105537264532,-1.7030241505422679,1.7493415036020004,5.479116309160762,1.0051582431011326,4.576555420498835,2.178944129851435,-0.8468699598218626,4.267349410938228
-0.35172618853215976,-0.5575314112516719,-1.2330231061263537,-1.1869174859761737,-3.5079165122730167,-2.9570878322676464,-0.4125568587115491,0.46225420390370325,1.1588764635776225,1.5165970425010615,0.07456276037149422,-0.9188195088522342,2.2170763295774454,-1.3420392725157901,3.9814751925572534,1.5250185480657206,-0.0058364450512840785,2.241037138753117,0.7752447740152353,-0.6021323276034388,3.390954992528695,2.2015550557127073
-0.25953492665982986,-0.4875155361462282,-0.7168791923848623,0.8265514094714953,-4.00999787033622,-1.6104574773470883,-2.3391254053730575,-1.048725899064882,-1.1903860140159075,0.1938883175349063,0.23790863761549713,1.5951960734587203,1.326016592199375,-2.0657091450824896,3.989665411887276,2.543639597954022,2.783193340576507,4.820235305412883,1.5350346677435516,4.266984349107603,1.037284996354234,4.105639590723444
-0.6364308902275947,-0.4164634583416323,-1.9360626943600685,-1.3377370611239119,-2.1532379491665625,-2.523595717577632,1.9607091058502248,-2.819206266568969,0.7216089972437595,3.6393467967310915,4.637047845693384,4.7851505399722205,4.6045391804700015,4.459748231810293,1.7797340894131422,1.553413565193612,1.4891158961696616,-1.6062671308371599,2.2014846247749604,0.20524445966175336,3.811875179180081,2.3321603006403957
-0.47805859558242225,-0.5855603490859571,-1.937455684850598,1.6509764788417145,1.0067472344603716,-4.336156745066255,-0.9926425525970031,0.9344915816150748,-2.941496551355765,-0.2510180702666442,0.36663611730667783,1.060804984078403,1.0960749322404602,3.385994877366993,1.744051083439401,1.7825100775051952,2.0633962492139037,-1.0750243699120614,4.780496886250934,0.13577988926664483,4.214921548617315,4.473843003215031
-0.4041027627198151,-0.6911925700249327,-1.080850678921432,-2.7365375783534014,-0.1975741783622815,-2.061304012503819,2.169587246317541,-2.7964714065804714,0.2255128210748327,3.719637403686157,1.17156297650588,0.21407145254375712,2.140559659129139,1.8242803855870273,1.5634911388965755,1.983943492595469,-0.0666826586616246,2.316015797617815,0.606660179876199,4.418650923820991,2.1328022524524424,2.3855691894081685
-0.39211588454499363,-1.0073301740638558,-1.4768277201403601,-2.29885830328299,-4.484380275152556,-2.044830155370738,-3.8265602386045647,0.3692359345824321,-3.1155341529484244,-2.2136721013470804,-2.0420379991014808,1.480944034532981,1.7144794091325317,2.5390585532214773,1.462820362781647,2.7326318111078445,1.2813855214231462,1.480776688157412,1.6143164831756174,0.8649598988294468,3.6387406294180678,2.4106416145556673
