script/wind50m.json
{"header": {"parameterCategory": 2, "parameterNumber": 2, "lo1": 3.000054539987559, "la1": 64.9999836372058, "dx": 0.5, "dy": 0.25, "nx": 34, "ny": 52, "refTime": "2026-02-18T05:00:00.000Z"}, "data":
[rows 0 to 23 of 52, columns 0 to 33 of 34]
14.15925651919287,13.691155198160242,13.553081034643133,9.906145356739986,9.760957857505161,12.14925457760766,11.317432477983886,10.10871922951079,11.570168984674726,9.824131352600816,7.047341836255294,6.790026149775099,9.521509157340544,13.046843328155639,9.43346810397205,6.030731035255146,4.01921555657969,1.724418597059449,0.4922267653495187,1.2091063514054923,0.22573153522948947,0.715536211866766,-2.2900551609311255,2.578351578626834,9.425561216911841,3.735656028823444,-1.6209468886453968,2.2474857997190294,1.8795084247003335,1.1667047123252552,0.8833426964147687,-1.9335717558313952,-0.6563092194920409,1.0387123347096725
13.99519953419192,13.484802712350222,12.342925469891794,10.675273026594192,11.715500996033164,10.343452934560114,11.659619243285208,8.390102528919533,10.092369967217701,8.436584936703492,11.41740335498594,10.351310207151649,8.666027779622965,11.952244913738607,6.465229681205177,7.074643382597411,5.081352927816622,0.7588352379346541,2.7285257272978107,7.030931225114612,0.8633389327540565,4.063659188576871,-0.4237019984202796,6.207457806283089,2.138860868606158,-1.5969864124849948,1.9617785657322966,-2.3365040606029135,0.259942172381853,5.924767275010447,2.7884288720667056,-0.113167925993137,-1.0439112051502264,2.1882356459077896
13.40452201829558,11.417943462403144,12.411875559216387,13.517986938965134,11.163203996255406,11.24072367284314,8.379051229216735,9.725884893065112,6.106874919144536,7.84313073596643,10.178255010713341,9.13254670800901,9.138955828709253,9.775451231838382,6.112543161843161,7.8994286506187965,4.408901429035371,0.3386535821124324,1.5706096785823584,-0.8296795955770433,5.3859846719953115,2.5172988897066673,3.8538711172136444,5.741500477302121,4.017675657205069,-0.9594273173856191,-0.5134028240625724,1.8511107950043224,2.199078095780751,3.16879007342219,4.625052853631314,1.673634563055688,1.0739220655629191,0.7099083242580391
15.159441200959039,13.597721408627086,12.013501065070942,11.691987118907571,12.267935816254742,13.415174025986573,12.301562279022754,9.007836563251955,9.851114075761144,10.841599247077593,8.947886734429314,9.047400605361704,8.457495260980606,8.239550235782477,7.82865326177049,4.609419154738938,2.272298780534161,1.362856926087947,1.8097733271464538,0.8341495898383792,2.656909528955309,4.791952639035985,4.372080465851183,4.3699789143686365,-0.07906610913249046,-0.7298065578352319,1.9288787057468018,0.5544310137737174,1.1592321240500645,1.9628763785887127,0.6450350115253516,5.084953114676754,2.3391900278768407,1.5711577564699488
13.025380122394573,11.61016861515772,11.833366273848261,14.515905420848695,13.254001075338882,13.538652634239256,7.6048726421252875,11.519722559300206,9.475228457151085,9.500735420229356,9.051809986015437,7.356318528222918,8.863024361395311,7.494870747165388,1.2676745678218864,3.0950875339963435,6.849022789436569,1.1173297922269743,1.7512283179544095,9.87312291518173,3.3107764835853293,8.343288059881536,-1.1062342300450863,3.129981601775117,3.0841908327604917,0.6230053570671932,2.8809661580142314,-1.459044598870082,2.933578448019817,0.7150892235903925,0.793689113720108,3.4321955171792586,3.023770269876477,2.308576768745367
14.531433338426158,12.140348537715958,11.326856324464696,11.953962908114956,12.016941632443439,11.049819034640374,10.135534513827517,10.343700625602745,9.291893368723809,9.850139235712508,8.004668981250493,8.183874106971798,6.544831989529259,4.1737884338065845,0.8557204252479225,3.394052690718694,5.138079156390679,1.8722780084903266,5.241980781800074,0.8954715805915233,2.0530956027447695,5.40194892221696,7.18346368337787,0.2400855258624876,3.9070959552435403,2.1850575058058084,-0.2540082793380371,-0.4595825232598685,-0.7857292991028092,1.2902146231511806,2.0825309427526846,-0.611287755164972,0.15814408973264768,2.2299603518065747
10.941659318517809,10.184718997495745,9.60113845568927,10.85227972785109,10.049670844209404,9.50937573668421,9.692623596348536,9.218543363253863,9.768429482899206,9.285812798678272,4.6664430712457,5.446978144988998,5.1878217517245275,3.308291223531639,0.5403506233654599,4.155839665951423,1.1874224150598942,2.023298503667657,5.89869865205325,3.0058289215757283,5.147205128413067,4.463590397552783,3.4899766562407986,2.3929858347814497,5.352383334484012,0.512258141416106,4.28699701819165,-1.3498752580220295,-0.3094977319129273,0.8231770754972779,-0.7390226049757744,0.504211160403011,2.9668776330145628,2.7977794364394963
10.248255180333235,10.934277655247755,10.799912383536142,7.331535327651963,9.32279838631009,8.420557370956132,8.106160916482061,7.922973083233764,8.8345448212891,8.724006683996725,3.6959262061956437,0.32064963587377227,2.6564451593103318,7.146355333692105,0.15957681943325835,2.458404621010231,-0.22478184662190773,2.2231490573840142,5.57693671423681,2.8411171874578915,4.060330955763518,4.547902644426752,1.885884091990013,0.64895249272566,0.9220900501639607,-0.3131756062939422,1.6636383627465205,4.137919505749733,-1.1657861754872278,-0.7843588912073417,1.5381390756351747,0.4729387727914797,2.5741947225518054,5.408271456234972
8.822505051068196,7.98881045283774,8.281436833396151,8.28737312913458,6.470614012942545,8.187630104915488,7.156340541442682,8.783769122119422,3.226562502474504,2.962193083894165,0.9392871995038845,1.6275945380482058,3.411061255487411,3.3332577279525486,4.6814598365826185,-0.3881177819767208,-1.8001545956546166,5.547694467824763,0.5737525958812362,2.0386782217412187,6.189439948570198,3.5813961942210217,3.049060994570388,-0.9730555980902689,2.7818979698470465,2.0987138390999838,2.1713196396944596,0.5278719050260177,0.25968584161906827,-0.49495163990925795,-0.14286704672089728,2.169669704887279,5.2886700680978205,5.853974732721152
8.70792756777257,9.19571433181558,7.788691326887701,8.717576641542527,6.767589098005378,7.1307905171271875,8.795991350854527,3.7281612691030728,0.808678615066225,1.763785382871238,-0.05988137602292602,0.3442646204064689,5.463663873203219,3.2834051251589362,-2.059200474242787,3.3479952342631005,3.039615723609334,0.25676486058260384,0.49433347400261,3.338079019562691,5.843964588973952,4.706268642639293,4.344514832817484,3.727510071440779,0.6541935970294607,2.2159971452452227,2.325352338531212,3.173616586327388,0.4748076258060499,0.627888472008618,1.4955733871029238,5.489291623534178,6.087374530107056,6.11458059074952
10.23827182494902,7.7335691653851075,9.267579051862736,5.534471170182466,5.7157856654675765,6.545229491794964,1.77901564853369,2.1063589907497353,3.593522237958734,2.1538714469841564,4.7378817012642465,-4.398348770711611,4.623753336820206,9.414701823860018,7.380028161444981,-0.843184339299267,2.768460541429942,-1.5312331424463592,2.251599628143752,0.18614040795561557,2.78454082714001,2.0419625853619663,5.127506195448238,-0.29257656356773226,1.5024747116420032,1.6289919775180666,0.22620062640712071,2.7346313018307917,0.12799917424769452,0.12406398037826595,5.557479092996824,5.696966365059397,5.695004901683372,6.035516808835385
8.838457929862857,8.16574026245073,8.850069998505916,7.5415625369646175,6.050561679116379,-2.171385386742464,-2.4964801562175563,-2.1763939914728843,-1.5449857850478075,1.5910883000371039,3.5689663539061565,5.244408815497514,1.6442243998699586,5.980434690199189,10.038295374909733,1.422226781975648,-0.24521196609050072,2.257531845099338,-0.5089981081988927,2.045082294945561,4.357598715878485,2.9534025944725495,0.16652778640442853,4.147941378399518,1.3054518577017165,-0.5629360699261441,-0.21958703112793962,2.4396364383843965,2.461385124868268,1.3172946202009934,5.619806714123352,5.236817529746176,5.153155042960384,6.111354751084662
7.696336159584183,6.494612004874457,7.202481905129268,5.803810517894275,4.580837434629573,-0.10279546822636598,-0.2700870632888048,1.0528573675327564,-1.1601291751745337,3.9555027335604116,2.0439003552655537,2.974769265845214,1.1640901607155174,4.680664795229559,1.5646954672325457,6.881617226525667,0.5799399000324424,3.6863704972349534,3.7718566120342336,3.069788643441885,0.6101175877748685,1.4792082544589364,3.948813954895338,1.6908144507065128,2.483587703336905,0.7544858104158578,-0.10514169281011682,1.5143354742783148,0.5198232563039454,3.9687217430995796,4.444786477943995,4.978910567506777,5.363485524291528,4.80125915805433
7.160591781617214,6.437062256604562,5.130643755516091,4.352571708306607,2.080495790555959,3.83594839468785,4.5018941998929645,-0.4500630887824912,2.6637992120795446,2.3804818788431406,3.7869818623389704,8.040613493686074,0.7793307978501591,0.6384123596194363,2.895871789798202,3.8776278081680937,1.9051358973053665,0.3754892114577268,0.35374989984527,3.452818520104661,0.5869656003128847,3.738523087226037,5.121524736265872,4.420244557037858,0.030940745021919083,2.492021582761254,2.7743475503169903,3.1109006324908224,1.448409772684431,1.9391646597877465,4.387446190799276,4.652654647447474,4.509059493123411,3.8362110625337422
5.3643951755088715,4.452061813291052,3.875072916051568,2.898624249854584,0.37600029198272994,-0.4811379559653894,-1.4684343683712726,4.170415266262259,-0.5622885075365767,0.5190396284725391,1.0760111543178674,6.0045611697326144,8.940284212458907,1.793747702502598,2.162731781484029,2.630143590489753,0.758568350814437,1.8138840810189791,0.037864982812605155,-0.7264233194503604,0.043446713371834866,0.7072867198243717,1.2159048977907385,3.417234434439002,-0.10729043891926537,1.4571974816464046,1.4508112052680509,2.1446050418653226,1.4678672844051168,3.2438902952332827,3.6640526907032704,3.6436029408532358,3.4494521236885936,3.3032045982010527
2.4390258476178293,0.9854368770564632,1.1517200122389597,1.2933807564610182,-3.0950342681630243,-2.4391218764646903,-1.6229471650838767,1.0678115523533662,-0.5739094106038396,2.7889814513094526,3.7947929699782548,7.474824590773768,2.3602335074272305,2.485536601244034,2.780038927851234,0.6854641084082315,1.1902207739323745,-0.40870427837797163,1.0783362447424192,0.48636733461733817,4.655583778500116,0.4584333419034483,-0.6648403375986964,2.0099054451950944,1.8905461177099516,1.5236024939863986,4.753503105612786,2.791289996782516,3.5773755298003924,2.959992568330247,2.791677436058911,2.7965263705760615,2.5436608677638834,1.7883881035472196
-0.6553818488540402,-2.792818624596902,-2.0556379360811023,-4.205499740612397,-2.9827976237553395,-2.5184576054293206,0.20982948692691172,0.54982068591613,-2.892673771549392,2.6408878847638797,5.786770351195578,11.711695026325623,5.081823243174725,1.33426035069167,2.092296920636246,-0.8860682248764049,0.7141032051604436,-0.03973209118978395,0.6166335726607768,0.5778934574847928,1.8116677037965703,3.4671517299137777,1.0287784294327844,2.168857914840363,2.0347218923782244,0.9990689624705731,3.566406416105881,4.706011336711128,3.6617683549654196,2.482326356912882,2.119786556407718,1.2996395603875828,1.502444013781926,0.7337680626989225
7.712155454666362,8.207464370724374,6.394327679009574,-0.9014758065608266,-3.0031523643780016,-2.4170461291204046,-2.2035096025930287,-0.6745032659068078,4.193941459628256,6.312013113739693,0.824919682696651,4.977918530039004,-1.0117256085176416,3.8224921648410453,4.432651848459478,4.177108094016157,-0.2908671675908216,1.105179712424286,1.4579026904098826,1.242740488012573,1.1512572543653918,0.7195729151175226,3.7416548235502516,3.9305333515826493,-0.614386537179944,0.40796543307243704,1.552463415920817,1.60122860016387,3.915033879746627,2.370771617240013,1.5526674860056164,0.3256205258773239,-0.8864794421207964,-2.3886124251035312
6.116823562696508,6.969604372542145,7.333607687302645,6.998834043778185,-1.765744063636742,-2.3538316203917913,2.2932278336819696,-0.6792477147003637,-1.9485903954588664,5.689318367749537,4.02396495830203,0.9593345921631197,4.88674407574029,-0.40879846207827525,1.8768117598361604,0.6953636005792385,0.8458634058363556,0.051007307083581574,0.06663654373708223,-0.3410254998131555,0.715181334739672,2.270737801850025,2.1295484138783607,1.1431333745132728,0.8584837944842811,-0.1726224555483716,2.429293034399109,2.664821361670259,2.1835392729671206,2.0049114304018354,-0.7799674689099436,-0.605323764242183,-3.4355604138318725,-4.724449990720795
6.221248559056095,7.074415724777587,9.011191550801664,3.9487527639906013,0.327174826735057,-2.4419565569999135,-0.9345134840645759,5.298218820418897,5.103241864037188,3.848138967309961,5.356281029190719,9.405213376570321,-1.1332473763968336,5.4069770540513025,1.0095550673874152,2.6934614015689124,-0.14864757224697592,0.23890739962764904,0.037689382434070315,-0.557162045471842,-0.48796846439980596,-0.4880917887835878,0.8759845876733574,2.847725463097693,-0.3375726639959247,0.6458445657048976,0.23438009388524253,0.9959672212938635,0.8482941692902191,-1.3068043213380918,-2.4720049290753896,-2.4370017408253553,-1.5696563794760592,-5.649543740563142
12.732091580142892,5.623603257979524,11.477628220059755,9.965519689206472,-0.6640509245002719,-2.7246084231732266,-1.7995553954887655,-0.7586885722588932,1.5464909351555014,1.6587803405667119,3.0286251663024304,7.4566876330487615,2.597090217680646,0.876223145075384,1.5329564553581367,1.4656086744866974,0.24620512612474865,0.9079831851460007,1.085974970192043,-0.01991400928685864,-0.83784332215733,-0.818619694326802,-0.25182268131097585,0.26476394118469554,0.8778703957900766,0.6190863719631792,0.23295450646546234,-0.7475385969375022,-1.7654266470813453,-2.4825015254328795,-3.5721588472905874,-3.511695290668125,-2.6080519271697784,-3.7189139013012826
12.425096442030704,9.646635513440485,9.086934570323304,8.482075951928252,8.447200631546124,-0.46177853884791514,-1.0090813953497775,-1.7484445399342539,2.54936451507296,-1.0432653170899815,6.6121946242939345,7.65000144927058,0.9619549826601194,3.6959742344465414,2.7355556623731574,0.3358551181162398,-0.04342824894870371,0.0529892291471236,0.2726765617224402,-0.6179711858678016,-1.3205476663300517,-0.5188829449495118,0.011760297126734862,-0.5670835341366575,-0.6179675517899703,-1.3631883641525,-1.5401399217102834,-2.8492274181703348,-3.8141442940856347,-3.109415171486118,-3.88511169613725,-3.9475788298738737,-3.207399231513398,-3.731804837343923
11.217052203613482,10.798282543955299,9.697379348616705,7.287309124438217,7.239949610153474,-3.262958331013307,-2.5525760591419813,3.3342640670804333,6.108864268779956,1.9121146893024032,-1.8890412553985814,1.3789735937431704,4.071886316948561,1.0031596106476368,3.3571868912026015,-1.3579336385222662,0.286071238239406,1.627677902817748,-0.7643793444710895,-0.5548031014576202,-1.4891801994310012,-1.643095444708217,-0.27213465193669084,-0.6146883462566374,-1.38563389108635,-2.361647723586857,-1.8266560814323922,-1.5384973562747972,-4.411271192967096,-4.039533662809268,-4.8305296222800465,-3.339204950902196,-3.8577956252150485,-3.7919213181586837
10.007684721702077,10.354100209838526,9.403081688929076,8.248645035608225,5.76137895382255,-0.5467473586700482,-0.9382017882865241,-1.0544330727696754,5.094252252778355,0.3504339820607718,1.1422815952584617,-1.4529583633744991,4.918784552890947,1.0578401798939918,-0.31358437175281456,0.9822951768527806,-1.4512845125219553,0.6492807874172831,-0.1734970820428205,1.0351518121267695,0.6387898852278289,-1.3786860250070823,-2.7171212023793148,-2.628176863437654,-1.8084257665140642,-1.165852584611068,-3.0147827342768885,-4.155663715854864,-4.310430007528172,-4.408707798474775,-4.627224421189438,-3.1902127203565205,-4.895047493152255,-4.679886965098704
