script/wind50m.json
{"header": {"parameterCategory": 2, "parameterNumber": 3, "lo1": 6.000198445256149, "la1": 58.999992894266676, "dx": 0.5, "dy": 0.25, "nx": 22, "ny": 24, "refTime": "2024-03-19T10:00:00.000Z"}, "data":
[rows 0 to 23 of 24, columns 0 to 21 of 22]
1.398789329281145,6.037856103913005,5.651878912261676,4.273681145946873,4.749306824828659,6.720752513328683,7.339937142994621,3.2982503125672507,10.276183437842377,7.504583784076824,5.603256201456198,5.512448832200921,3.8747600555963313,5.663729395030787,3.1222446513809197,9.334693335519061,10.370314772140178,7.05138812095719,11.907823485399009,9.345179634540314,7.8522227278704255,1.5649077257868391
1.1017116643627038,4.236968929084363,5.133739261929146,4.67469158934728,4.795955626595235,7.717010570606638,6.066764692137183,5.014235708231068,7.986866392117029,5.061572463821669,11.603909561893051,6.366981671855426,2.1469370948199535,8.980498502163396,2.125868794999873,9.999253850387843,5.7028023295808685,14.476453546279862,2.78022520468913,1.8563049943741172,2.1892472410208907,9.457056741448758
2.141482347642084,3.4982617036083443,5.454557746859855,4.630506815539394,5.741924810992568,2.068854358321137,9.114388626833332,3.558439818346598,10.055246985565669,11.555418848238368,6.944384153375451,2.366174527492859,8.978484769963998,7.879373070817081,1.7750573268525456,3.946725281479577,7.223446143188551,4.002315008847225,4.668462687372045,9.446878345390903,9.967798334606787,4.980814428578
2.2835991984166073,2.5274278748534416,5.511537109053297,5.066519853326945,3.645293952655307,7.363486264594208,8.219531615633649,5.358301906266033,6.716224485492855,4.927183570979332,4.708209252911091,11.020395405518183,10.817072918598425,4.138799040137807,4.894543197429059,3.9128368438119514,8.428269196285745,3.858421841224832,9.75494608994698,9.201279978431073,11.521245834442766,4.567570930311862
2.2663018542068785,2.1645762708833707,5.759526615946902,1.3243844121266177,7.249035045381291,6.907357410453847,7.203378730839623,9.053147730630815,10.465346842350687,7.132287230075797,8.14738478326464,8.652871257878909,7.413709372394093,2.450074924948749,5.700091592261938,4.070670532620184,13.365791582005837,4.947421375317257,10.074208704540407,2.384833571146444,4.211978887571134,9.363932151127248
1.6083311942416254,4.648637719849022,5.325655127586571,4.308739517957629,6.14977673658439,5.123217746839338,9.432067390931497,3.215615890830896,6.1336026102521615,4.596115309733853,5.275358139392046,3.8294306588017437,3.0071386153560393,13.0533184912912,6.584634477656422,4.746294133139323,2.8666026518601875,10.687347581374297,3.2183971143359194,4.544210838994824,3.5076905772193947,6.114725491143167
1.3925299817174623,3.2159329952855558,5.757630200294773,6.6690053894665375,4.755546246265066,1.9804899500355115,7.6930578174844735,5.500583005949791,11.244600133253892,10.32421706274566,3.7404147825229694,11.176781340574166,10.976632066087255,6.228070178937721,7.515921947720792,7.105816453139707,3.445076948586643,9.928560700928069,3.8762907085286216,9.940625527037868,2.3786064714605444,1.831147757063749
1.8970828261448263,2.0686423482461533,5.117087726469365,5.544354345862728,4.854924375356999,7.849951347649183,7.0656540001346295,9.13839180531999,5.853181241533942,7.745611755889996,6.941714753581787,5.068334449983268,10.341932813036987,6.350079802487828,7.85314102262123,3.7107111449483865,4.448653734382033,13.877089513658198,10.843279641259596,1.9614040288813477,4.646637493002008,1.829249584591395
2.1117112796923165,2.5397750484782806,5.592107652952996,5.689513923982113,2.3354216133267287,7.867373501386717,9.411674268385408,6.449728289221241,11.313640374692316,3.4239291816834916,3.771503328000348,6.119924364488304,8.651222191715682,8.40041203619172,10.955553637118367,3.8322450920637854,4.194664047066993,14.207346052069854,9.102574351627936,4.084464389438068,5.888394898420173,2.7944618412845283
2.2325470289878524,3.745083426068565,5.367392809954496,6.475284562361164,5.448716092082342,7.727631934799147,6.517021160962717,6.543645006648291,4.263342272785141,8.097949668342954,12.299829558133828,3.5678747792355705,4.163389452693616,7.9172264565061425,3.7535232635682907,3.9203447719262114,4.181719765593842,3.4843189701902437,12.857637752432671,10.523646228664195,4.464929805769067,2.0145913276083824
1.01608439859887,4.36615294513123,4.377519134745752,4.552560369699714,6.457334081266418,3.7068805594516987,6.100224991385034,4.959225333240407,11.298912780383425,4.989609729013949,6.762969560201534,11.054502094600686,2.7732417985056848,4.0949855122028325,3.919015345843139,5.396969289280553,6.969892756153278,5.258191938646635,2.903530466748199,12.355792426133993,10.573837402343482,9.89294708854927
1.8002087739719737,4.290625028885442,4.3315095444810625,4.104430745536923,4.68719085699657,6.288307766219393,9.586253472049272,8.677197499376895,4.450228849719669,7.625315304315719,4.419441531392677,6.588747396664796,12.297109630013981,3.023955768797922,4.770828051754564,9.237803288242896,10.5851121695233,5.111645333912886,7.542207628158429,4.433237001261882,3.074387351823092,1.2704719141883014
1.3244493351889417,4.340361400798777,2.843314965685089,3.9066681280574325,7.537693526631877,6.714599678209679,8.474629720641355,10.6508719989167,7.721388979806861,4.340630933540034,12.136305103859009,3.4775952873665865,5.803862931454651,12.628930060073936,3.5503272009799836,10.052714842396092,5.739604405752521,9.32014814546989,10.713622029794255,10.127340453461992,4.066870959890024,9.946781096006095
1.8553428047218983,4.297159978583983,4.231039986197681,5.016736917234528,5.8017116084443305,8.545001957741269,5.120979758461713,6.541924763774144,4.233219807491687,7.498834755054038,6.93829252000366,10.991121624409029,3.513221220299564,8.393443793528268,3.552402152725298,4.20851957092255,6.05521572162086,9.102907521810117,10.888190481362983,9.261475550679545,6.6621202729734135,0.980750600151818
1.4085963731140405,4.978736564544873,4.7392670764753575,5.118622721147635,4.2833061492057185,5.262107661266246,10.057802259565639,8.952937315220531,4.89036018096716,4.586877921464581,4.127784633167903,4.865249301858629,2.1656651801820876,5.666745015338325,3.7665228778659863,5.986369128486654,5.665499418812326,4.013743618484023,2.9462309746040236,4.748199090384894,2.705898004627202,3.552280392938606
2.1927978644382002,5.538926664715203,3.5394615971501966,5.459546461874523,6.378135211514712,5.735719216435162,7.322616735637367,6.366059904210877,4.994479226220285,10.97105665294274,10.585453388694008,6.6618038325327325,11.074581896596364,9.242107296668618,3.2036893916047986,9.62108930524765,12.385502370822556,3.830304103599267,4.395435957783725,10.593695242977216,9.779025701866201,6.800384348576768
1.6712617988512823,3.3163346687500805,3.7758893752423233,5.805786755561934,4.899142261778335,5.4466477898178045,9.13230954023217,7.050364340174948,4.891199341435593,5.839566025570947,4.5670698461276515,3.489760958555265,6.1024232569154435,10.256800107201094,1.91522791540353,10.725974946043971,3.3078545893646045,5.952190643327619,10.519102131973034,11.408799197211254,2.327370241765754,3.718857662071962
1.6399027934422394,4.787404473434228,4.183957929801869,6.737034555493276,4.725936201314075,3.332390056634966,8.223299493403367,5.731328463861128,5.678759183336498,4.582372042567415,11.085218322455672,10.946562466143595,6.355793157208998,7.804878117527332,1.6036416460783542,6.681884298408382,14.040611921268676,5.565502756176227,9.992194208688787,2.112357538007196,9.253966102826213,5.489344937656529
1.1824293314838457,4.226146210299007,2.3227975691386082,4.924625327680974,2.2629813549463047,6.773255535654442,8.075518680225292,5.085150983262888,5.564570665094272,6.6245060411342145,10.945764914141563,7.029467653558692,5.4055265226180005,2.2073359223193623,13.36555329205728,6.680942575984465,3.6571199306683524,8.77292290234683,3.1523943991428016,10.324095835963526,3.283704250299038,6.652170352088786
2.0476514618863235,4.311139947143828,2.437779224336921,3.836982336528805,5.483184427727321,7.33953991953689,5.919750685002144,8.854938395887192,4.797671142368182,5.050855438224298,3.612319066759437,3.3580015424009333,3.798239152445061,1.4586634622667864,12.762740900342466,9.228965699074829,4.0865973886312394,12.892339351252707,4.759277750917576,9.398804786724133,2.7684838159868623,9.744684187678134
1.5356631047912124,4.885942208346887,2.8748475900713077,4.980440001196925,6.191337542452302,6.230375152718452,9.564959471343316,6.1860869807166985,10.776817673744024,10.977260808432954,11.366111885343589,11.530597781908595,11.400862520667813,11.61139611676412,6.049600663364193,6.4910782231728055,5.029707056929295,3.4281670770906087,9.464476793537427,3.9695258967508327,8.695906816546104,4.186790277586353
2.2970739794520583,4.341208414103185,4.276895155751363,4.878610861677074,4.97108679244503,5.694019761872273,7.928045156070707,9.94607209840303,3.579615719212291,4.3480315740058835,7.591203512197423,6.666014960989182,5.3754758149138,12.918097157290465,6.562808115057205,7.485965888178011,10.611522827450623,3.1016745575145586,9.87991550984046,5.323535868914541,11.007250655202986,8.66958964819181
1.767765422370003,3.99357187693763,5.211820147548764,6.0150418162804735,5.8134655823043415,6.631779923183042,7.289185673077191,6.105303093828933,6.2182575741049,10.983653831087471,4.989994868427296,7.005586789697698,7.3064250374819,6.127332347714857,6.652369346357426,6.472843297289495,10.112022406236319,5.196247372040395,3.0922682388895795,9.764058817142129,3.6316913110594977,4.378110892624896
2.1201741038649455,4.139367895621286,5.527291505630467,5.69545775740484,1.7048705345172968,8.36553271034686,3.229358636916731,5.361824013349292,4.2083524392083635,6.163872843820711,3.222840606210821,4.1524208891868115,4.8271515414937385,10.235169648077331,6.704588849507585,9.6674257975013,6.182528930304619,7.1743040993363785,4.828888934941281,2.02956657608085,3.1346111401300307,1.1014985002362823
