script/wind10m.json
{"header": {"parameterCategory": 2, "parameterNumber": 3, "lo1": 3.000054539987559, "la1": 64.9999836372058, "dx": 0.5, "dy": 0.25, "nx": 34, "ny": 52, "refTime": "2025-05-27T08:00:00.000Z"}, "data":
[rows 0 to 24 of 52, columns 0 to 33 of 34]
8.919242506635637,9.97423288547802,10.404873737319583,10.183484305126694,9.997302785726708,9.770410801780868,9.239561612573203,8.805536750524913,7.978901835019568,7.339818868620851,6.9416697554818185,6.282302816626277,5.746838471487285,4.904953359515937,4.436034190641208,2.996326443983797,1.9752323645332073,0.5079984621535416,1.7453077026173516,4.057073451129562,0.9817905410657479,0.635749702025287,-0.337258205552117,0.7179855102942715,1.752001984887831,1.165593743699427,1.8062180497711833,1.8876671169268586,1.9108701741370466,2.042736830942951,2.3004085912780585,0.763854299866532,1.797515402361757,1.6065332072376688
10.00088468564807,9.996804798183902,9.631679618607555,9.848239387689775,9.781251907695133,9.448666924546421,8.95492588261563,7.6764833223673135,6.562490106114279,6.005247570777272,5.97119983631423,5.480263667445519,4.911723276252786,3.932536893585638,2.798719714104019,0.8920545414941496,-0.23105070085070056,0.6671439478588952,3.0198092222100685,2.197182564907619,1.033986573755926,1.5119209436870644,1.309734124374391,0.4801492592013026,0.4548681925755872,0.4628327037183735,1.52588673778958,2.433777668579553,2.2739632149945934,2.1735682521943813,1.3124550291747974,1.5366196572454316,2.003613047596904,1.744743227513311
9.730000225131253,9.215426340037508,10.437982664753145,10.357939987871363,9.198865562056133,8.165016464898589,7.591262269019793,6.418054693003594,5.425106369184747,5.026656391263523,4.504835466203722,5.62992198850797,5.209440695142915,2.9211003752115356,-0.18626628404773457,-2.4995964722284247,1.245784623618381,1.752152394775626,0.08436812161603528,1.9697931984169144,1.3148986401420368,1.6794339349128196,0.8881455715777768,1.0352013714796753,1.2884804600820279,1.4145416733113407,2.1018185958291293,2.492495641450377,2.106296596407784,2.1573468533055835,1.7936997446541756,1.8304314192389923,2.0067946058364483,2.018089588668325
10.451304028511997,10.068431243837662,10.412785054959011,9.896288909678955,9.803639311801552,7.931079124495051,6.614766578227199,6.139224633990778,4.80493217645649,4.360662184650698,3.9026863107326064,4.44745883317466,3.643942110077728,1.8300092230772438,-1.031458648035886,3.1323440859310137,1.7691314747318059,2.3421484375929125,3.026415541006607,0.8263511051045356,2.763412348080904,1.1826199280560397,1.415311273520321,0.9202333755081317,0.29447683539240754,1.5138977888122378,1.5454791794220133,1.9537384880730333,2.041089982768124,1.7127977610074772,1.656431066292372,2.038517434473796,2.100955813239619,2.012137126687331
11.098199635589005,11.539883028963839,11.941117039390361,9.674103098546933,8.105891302508109,5.990055156961405,5.326600722834468,5.701384647073629,4.759328110595667,3.272016435757209,2.5001595653148914,4.252470770912568,3.8567974334448634,0.45820472006345575,2.2890458582564928,2.6556431764007176,1.688518702612793,0.8938473992251654,2.5547539852782526,4.126389405382767,5.769199152901688,3.336183253945702,0.9632920377081939,1.7088662219073272,1.936290742854526,1.7660552769028048,1.8367668509984343,1.8444183559089915,2.101629275923614,1.8859045711105071,2.068856053976277,2.304331162259255,1.9716659945888797,2.061954142557168
11.43541263134184,11.857511769128495,11.106451708797536,9.875138311748653,7.738486115326174,5.978413453475517,5.074140152682657,4.503993655340807,3.900963425326191,2.7315246102554966,1.6309788006125985,1.347557443813709,1.5861510183548955,4.533208389699338,1.7297092077294172,1.5473585780543386,-1.4915726559321085,1.676299376309823,4.583312737330575,4.097248881676305,2.071263105303966,2.0347350222417937,2.0994403709389027,2.0998090004644068,1.7338182961989141,1.7298422103572353,1.5813573498642612,1.721665403502853,1.811092177631908,2.1211914140069736,1.8387515217143804,1.991344570950431,1.9815077981563283,1.9531485277083662
11.70651529608132,11.538409754478101,11.296842035092977,10.974120203994893,8.228112867031397,6.881629715979927,4.72782717624655,3.888686369508446,3.50687243343927,1.3376465285678771,1.6779966419845922,2.031145666823125,0.4849780680788793,2.0674818362895078,0.7794244013550552,-4.49367498331963,1.8578603383538088,3.476614697733345,4.9908591844115175,3.25393496388501,1.4161587944691394,1.529179823568541,2.098866035627845,1.7518386576781726,2.151416497177083,2.0154097963719195,2.3828137884778906,2.1568158325990128,2.085463162404356,2.063137120497479,1.8573842899478716,1.6647543307362058,1.9015769380696699,3.6494847842434823
11.89242741214802,11.280025452779103,11.899370927553203,10.315406060188813,8.49741277816146,7.335185098034843,4.503809225472096,2.508639306110259,1.836948685610616,2.707744253134765,1.4655857535346692,1.4620782972516997,0.13022662694443213,1.2362200533881231,-0.20495697840939145,2.2137276535998525,2.8144867896536363,5.710080179394503,6.143459528391541,3.009847456566141,2.7268724865644125,2.5350354280557306,2.035009750554853,3.6501317771607034,2.1708868807381525,2.0901502841776063,2.05935854462104,2.4078484397923243,1.8305994338933502,1.6098046982382355,1.9534322755544942,1.899822205732427,2.4189353891294183,5.00439551028004
11.5268686830285,10.993537582617162,11.965583130976675,10.879702738378192,7.46495000306253,4.610647896276302,2.7270963057752384,2.1336582138641553,-0.534065845771072,0.6204676189273142,2.6581964823369852,0.5574946862028403,-0.7432569568400295,3.6754171731504774,4.535065885112761,2.854179805271897,6.023141728386549,7.1277887826638375,5.534583486015019,4.714678988164718,8.443185467889709,4.694609277877498,3.0391037000063825,2.636739132503865,1.9076251232383186,1.988411813665605,1.8431887645126661,1.7886989124595056,1.9491061015039663,1.3971210545774306,1.6952080261652895,3.3190196692160256,7.075680412287884,6.901618987327323
10.854041856361878,11.352708305606503,11.92764033259737,10.47289772298133,9.776583666418857,3.551202179321817,1.1193814627169756,-0.07850383624183152,1.8535435767097928,-1.6387140546332708,-0.15095315127954942,4.009246853820083,6.610773326130116,6.163848402415477,4.738865694682752,9.540070053212876,4.487227411438723,5.448556415916479,4.74248384164984,3.90523134283337,5.038588991648777,2.6869784925689397,3.2245153960397346,1.9853940540378623,1.9139535536421204,2.0925049573158474,1.9428517369309126,2.106195173521025,1.6659833849716956,1.5447318357947204,2.5853084505876027,7.125950730260091,7.059901478397935,6.990359512524543
9.885693137582058,10.215729326395463,11.298733273730397,10.268225581394711,4.635346125338614,1.8732017918174872,0.8662025720065345,-0.24336464847074893,4.18397778174883,3.300962303944715,10.400084677972526,6.968819507908981,5.398806481124535,6.647885662729776,7.151004915390206,6.096289396815209,4.676109016552889,2.8586413884202466,5.94363818507932,3.047604650429208,4.039718729031061,3.0449034868808385,4.026349978690256,2.3774131161630754,2.4400523933187066,2.2191265201404233,1.6250817120944478,2.0728570532992627,1.4407608746773388,1.915811392702753,6.653253121344029,7.528875997562585,7.551364007570755,7.2049791644729435
8.807915430816276,9.774076920601763,11.051099036989655,6.789899208306659,7.066580555932385,3.2704295486587114,6.917565220753712,4.1111499238670115,0.3648493500636297,9.795972775921067,0.9505629894124651,6.547257477605614,7.048857810659472,3.70282934365715,5.853396283368419,3.759068116329356,5.11940650915909,7.853801235372788,6.590642142393222,4.918563080495759,4.669726727240032,3.226869901757119,2.7617943496240156,3.722290444281869,2.3333775563010755,2.19301402530157,2.320538107992182,2.1911422445821693,2.129351685306041,2.0405833604425525,7.484645636211942,7.661592842300593,7.574855360381465,7.382042179347097
8.163313746862505,10.112180902902892,9.779490302175573,9.977229945894873,5.026942915847828,3.73342947922192,4.34356192788212,0.5586713275407061,5.023847073890682,7.657120800488556,5.498321835300875,7.453647267056708,6.488594307299945,8.03400317619701,7.42537706470733,7.447150912400551,4.874369081674201,4.711237894523283,3.886009230215623,3.4800181787059024,3.8093791054867503,3.687824682563627,3.0173888426121187,2.5672736073225955,2.7911976665617697,2.2453309972058784,2.7325317449985707,2.215042622543563,2.0180179779726957,3.956232229626112,7.565727179633686,8.176946742499187,7.841339839280505,7.735837239866151
8.808025694911322,9.455261983589748,7.908793250264433,7.107607216193805,2.032468941193378,10.80565538026334,8.786153921750316,4.5796962777740156,8.957850442795944,8.273989269507938,9.840897936458433,9.25635841934013,3.590610107014385,1.7479459419624865,5.948064248766027,3.3380206641147576,4.877185517962232,4.176196844096787,5.849887309659144,3.1638713010428874,2.8604645661853536,5.050664978558317,2.868877307787113,2.8422381095467206,2.6135294733089878,2.798372942117872,2.0582025091030327,1.652047191756423,1.687551594133138,3.567929922593706,8.18899485048724,8.165236499652476,7.949279763528703,7.747041761035079
6.92340546501225,9.209933298586064,8.023063636622327,6.000522053863832,1.5046549928983566,2.193410471796059,-0.7035941373492651,8.926843289013483,2.658157893090717,0.6658168619704383,4.291789539779661,4.860815755759567,7.747366581949208,3.504011518877837,3.701881101320903,5.124820116688252,3.1413219244745267,3.393323393392502,2.5761351003556228,2.6492700200342063,2.9712858667470456,2.3837256494633143,2.650717115536733,2.6655807916888157,2.7216361532255693,2.3677182520992472,2.497856932529599,2.213672983323059,2.114813025178782,6.630107281626057,7.769319918124699,8.099285502359953,7.9334129694471205,7.413168990025752
5.38272714320034,8.119334582676618,8.482145998246592,9.40902716637883,1.8682632003604887,0.5542933356849421,3.275389988041552,0.8640425325067861,-0.6940509317838289,-0.4808367840271326,2.7059479373640722,4.749510206887142,4.109532625401312,4.885348325796828,1.6726257100114565,3.8118309321130273,5.426456936024357,2.851764133904828,2.862962909795384,2.576092791810685,3.0627271925026998,3.3376283637080126,1.807318571679977,1.9724298785138168,1.8525178371939093,1.7824805732543705,1.9836042292628016,1.516841146871414,2.0556737683291386,6.598528460231671,7.555827378768592,7.75821295961192,7.504706252121047,7.458128816048412
4.830856945266481,6.3934411481902265,9.74016095065444,7.42795540066829,4.32198828740346,3.9752429254214414,8.852528404363886,4.962583725052924,4.061085644894226,6.358305147748249,5.859160986334908,5.478370010339418,2.808020355514702,2.322962430576957,2.220611221566942,2.1497502454927933,2.664124412293382,2.499182633726559,4.051745106338809,2.472813143794745,2.5927994505183696,3.0923822237673724,2.2331269204860464,2.4486424302358616,2.1357806970097064,1.6938814430733635,1.9582793962351246,1.9346108636841182,2.403853967267529,4.989651876792011,6.619457110950318,6.515350803373231,6.626997995420737,6.6908696227036035
4.781576308227937,6.005697643418394,7.529943877866448,6.226986101033499,2.0162948052389993,0.8564156148256719,3.3895582660588186,0.61938015124608,9.494697277512014,4.662077213730006,3.7255403241585925,2.4969383057951817,2.9233051242788326,3.231924065221822,2.913803855526346,2.5592059791695516,4.4257792059999375,2.6079885404554286,2.403952801060669,2.2704026205036945,2.7563631419206556,2.9784880429729164,2.6821732016234536,2.67372716813797,2.9519175813317897,1.9016963918474077,1.9235695651131395,2.4877346917027547,2.3821121581169873,4.944950259597383,5.640971352927859,6.617875101299138,5.903593265357151,6.575162050172308
4.060062889568525,4.615332636035428,7.791030567650077,5.120035678163234,2.390863347139367,1.3793672152735408,2.9203586425979235,0.3619518891525859,2.6016233235468476,3.85197391646557,1.4692172605365255,2.6353135827254732,2.4382587911641096,3.802006139665821,2.88486397467556,3.532541507832496,2.4105669958189653,2.610640576380123,3.5174105868502137,2.1214004247813167,1.8575934980307214,2.7317260939664374,2.6291218194330876,2.361690937936007,2.5031183173227975,2.787197441775781,2.4561891418612385,2.56007752975125,2.1418834026620277,2.2584041894276967,3.0113283616966067,5.032337673023589,5.9701582795564585,6.77297192115576
2.743601463408482,5.25122269235593,5.070955016053457,4.865599325038949,2.1912630971791054,0.03878426420724628,-1.7589913682379112,8.210418948492485,6.529347310380395,4.845600045819075,4.948892086952171,4.9986408707221655,2.7387961838297885,3.1351955224147354,2.518044532454895,3.176066951970457,3.2484961509649457,2.8557763331251325,2.6370332483033545,2.3535573036474804,2.354494879699201,2.2074905595999432,2.7379453743693207,2.484177408779179,2.8545660755366282,2.727814613548779,3.1622341465005777,2.2854574473690468,2.3643812594334452,2.381319948152431,2.673642759053703,2.433603791836912,5.083065781655461,3.7090487365223215
1.4267231602561432,2.4624367159453335,9.610178582893187,3.8902431338657735,3.2037698757164974,2.070608600857854,3.474663643386287,3.0750204866930013,5.696004756771205,4.139209247690129,2.0928335186144342,1.782539446726752,3.041377766503853,1.4494435854515502,1.6630194593072247,2.4824828660077896,2.772349345562484,2.4732329492311895,2.865194932268557,2.742835886951551,2.4750336645245032,2.4863048766460234,2.7028263314642746,2.517389777373684,2.6539102432017634,2.143084502585385,2.0541923634961807,2.3043244483854686,2.3004013283047846,3.4049328703154798,3.119827822979225,2.240992761209755,3.9536773317719627,7.081120762765193
0.6461089415127018,1.3223840390014443,5.8190544344258655,3.0080683377927016,3.341007278104926,1.0282037232114518,-0.7164383836287503,1.2862102032361253,4.372168042550946,1.9048827556929495,4.257155296942054,5.125958366076297,2.8749976397307893,2.2744445939332394,1.1591189612047175,5.515163873659748,2.7400174114585614,2.929059239931998,2.321554557442044,2.889793658663625,2.399737664245906,2.709775399152396,2.571125675454784,2.7924148651329452,2.644706869387211,1.7099978370543722,2.351232749761525,3.1204521231695277,3.3795328414519292,3.7523493878910172,2.793616362295886,2.7251619216266607,3.060093290414295,7.160264994429477
-0.08575705656068067,0.2886105784042316,6.105709459767709,4.717227625352419,2.0892690848316393,1.3688901633716244,2.1257225956812547,0.7528788566339646,5.59814357530615,5.913764201351634,2.964118365596876,4.010711149540038,4.853942396718513,3.369357656705401,3.331027425704901,8.259490276046536,3.250543114196487,2.536592000767946,2.6667776613877954,3.316637223146714,2.625810235154447,2.9739572659745943,3.11147054070946,2.3118846297096574,2.2943390984050853,2.714311118306294,3.4300476440999854,3.933765828590185,2.667408147050176,3.826711199977285,2.7476725238098445,3.647404901131245,6.095221810552624,6.291034519693843
-1.0655848311087062,-1.3420293369454837,-2.8917756260502885,2.73669377119678,0.26489924565136064,-1.7640012175981128,-0.34737278676486194,8.305045191994704,5.5947863357122225,2.712317806979335,3.0246579939108327,2.381133810155956,3.507198151775789,2.868492158710565,3.3971274247834224,8.939930966196144,4.153151822144491,3.2530841450071653,2.945713742137344,2.7839421250883665,3.4480312424300337,6.372578213825122,5.569781450633578,2.2896308582855927,3.174186018016323,2.4278379236015213,4.312375147376081,2.7694004789787354,2.2939453463516477,2.7407309150497396,2.955867826679854,3.109383704966588,5.6893643133320335,5.154573024881912
-2.141511543326169,-3.0220691971326357,-6.2072325358936515,1.9562031915001858,0.21718799264338512,-0.936933370879657,1.1965006072479247,12.588111105394802,7.57511858350859,2.5297389999591884,3.8278630274105256,3.0329598087973895,3.3482485757175393,3.5810336944267345,4.963715172138939,10.615783577358187,9.832130127652821,3.083788947220099,2.770708315680612,2.6768369607680356,6.431682483746688,5.836510514672682,2.8779855128422542,1.510370774526887,3.0543181642811406,2.622807467985803,3.146035911902467,2.5797064803874976,2.5225980035733175,2.74980492180831,3.0130178439527744,4.9265579516090625,5.458357298169011,5.4328185603673385
