script/wind450m.json
{"header": {"parameterCategory": 2, "parameterNumber": 3, "lo1": 3.000054539987559, "la1": 64.9999836372058, "dx": 0.5, "dy": 0.25, "nx": 34, "ny": 52, "refTime": "2025-12-22T11:00:00.000Z"}, "data":
[rows 0 to 24 of 52, columns 0 to 33 of 34]
5.405691546147618,4.555738716074835,4.171959087890774,3.601158662383461,3.57801947676684,2.7844105277940945,2.0840351511609945,2.418467842682092,2.269475762523976,2.9335890361647783,3.519922771138074,1.8106870162456845,0.8873583712775712,0.21873622890154593,-0.5753752883074447,0.15791962806661744,0.7833424155903793,1.354049559951555,3.35018689716361,-0.7818616726123981,5.849676039990339,5.799142277995939,3.4443699558694703,0.9996107500684138,1.1068136668972712,0.34409909654285364,1.20421891043564,-0.31718185778639313,-0.7798790586103608,-1.0910734428458113,-1.4031849317789562,-2.676397544853067,-1.5409147424879681,-1.1741588497893074
3.7870075142679918,3.8100904604335466,3.395841948582039,3.540180449632651,3.2125378710945762,2.8205192453634886,2.1289125622132175,1.8967964808910454,2.237763223216496,2.946096943530017,3.045455520366894,1.5724581615864548,0.49011201296758844,-0.3782704788180332,0.1834060661539921,1.1025441411862966,1.5259633260734993,3.9518688718467962,1.693821538132452,2.090185977749493,5.081991199301673,4.9495495438508685,4.636700051168775,1.4398610347903729,1.226686672422657,1.1128241609623397,0.20925283437778858,0.3779165185348162,-1.0918031319045844,-3.3993159738817766,-2.633371017997634,-2.866172838788854,-0.8578694471319782,-1.4822306313911648
2.8599251319479464,3.0214384568351202,3.038781849607965,3.187873322188666,2.983498887337081,2.7029887872722016,2.5895982177795704,2.0329967402561504,2.3985347356486932,2.1570785430144506,1.8362359557543197,0.87802821996473,0.20981763297222905,0.3161289711309016,0.45929703802307176,1.0982354634332405,2.7008188899995536,4.5580562843691945,2.034295742525298,5.014901539427248,3.390405849171299,3.5736042400266825,4.181098084115687,1.7053600214668665,2.076256801479211,1.6224214270077468,1.4876083868433543,-1.0529842892634649,-0.733940801671877,-2.796804027718391,-5.435134933049115,-3.9949556244754714,-0.5375725679019381,-1.361213728007197
3.0095065372869154,2.796107834825504,3.074788131519745,3.3016645935859796,3.1857791661456796,2.998062456951211,2.603897734925142,1.9406026467099524,1.8977478008156234,1.7682861374944518,1.3284113788415066,0.891247671418719,1.0264753018781976,0.0490495519961304,0.16800077543020883,2.9878695815269576,3.327125101804376,4.569077740347983,4.029096614161829,6.106685303701234,1.865870284172037,3.4343636582744534,0.3926282297193893,1.8541282552831837,1.7555867124898359,1.4030037568339089,0.14614403423744599,-0.7216090366966796,-1.3312384348130684,-3.248685101997157,-4.1287358364049505,-4.3826556959703815,-1.7631428282701331,-2.2489153280276604
3.0217055716898877,2.7504385011852497,3.029587570806449,3.2044645593619987,3.3092612209126533,3.022442930000873,2.5688171207941974,2.164077126205551,2.177069594303292,1.7022970104241797,1.4305862409581815,1.2770288520685331,2.2047492797776314,2.598793461787611,2.1467902365630174,1.887165298280904,3.295348592787379,5.0664388187392335,5.348190271023446,4.109122754510195,1.525957408815699,1.3537141507117638,3.221627069709149,0.5051415192443619,0.22457754730998658,1.036008235082993,-0.14437964579759902,-0.5844589022210886,-2.1820119907397837,-3.402491043494595,-4.015594905190648,-3.484163088297461,-2.0001411889169405,-2.943131943381648
3.1448575340583353,3.4173521035648897,3.709379454108083,3.1312494758241063,2.9496243734932652,2.779166860739041,2.6529887755218136,2.110536960876556,1.8877137463228182,1.8536495264846347,1.556830393092634,2.4424756497020526,3.5622335065122352,5.1866743028424045,4.480955367412746,3.36555234337314,1.5141132517288776,3.562905561014153,4.946978958733946,5.608087133257594,4.636193438186143,2.137762335938107,0.17010345818144365,0.42935363387053294,0.9577445943730669,0.2933224796586293,0.5452507450630281,-0.34529461806738426,-1.1011230990175522,-3.819735336562614,-4.82281104010379,-1.5570232691191777,-2.6152316259744333,-5.411944527120056
2.5618261063343275,1.510604871327693,3.9829272581903377,3.675323134795541,3.328430411249292,1.453952545891889,1.0079131448931486,1.4928399113858417,1.805989553851193,1.6532082130500556,1.6437779795694611,2.498237556578364,3.5871126454141606,4.411875119312198,3.152157089493357,0.01593053671650144,2.9087132732737357,0.9493596437737549,3.2167752857248857,3.837706798611833,3.3622172440052,2.581176080467124,1.0184647083496676,-0.22653855780490245,-0.019519686149400438,-0.0952743631392134,-0.975664770230727,0.504790154154896,-1.9590585709193542,-3.763327803279063,-2.2379610598892308,-2.596712976817375,-3.423631369975466,-4.96516217207556
2.767901454557002,2.2148578636975818,3.2791978444650347,3.1860417754681287,2.577002144091202,1.4411672436819436,-0.5777801622015762,0.022283823329110837,0.0003860823796394161,0.5119484584937749,0.6038756673791593,2.589072736272509,3.353346992146308,3.435152164574176,1.8697798543311508,0.848896772696049,4.679005700447263,1.7137137569920537,2.8059822734027513,-0.5630853958645827,2.2487188724733027,0.6038431909197098,0.7366894662917329,-0.7134360661364774,-0.6241449242765055,-0.6089671666869988,0.056545852146364914,-1.6215583318579163,-0.27330047948420305,-2.429092531355751,-3.3373538171777146,-3.0775330183374163,-4.0118829082589995,-6.4794423085558845
2.6653061672053386,2.5570396263886144,2.2795434121822233,2.378044720619913,2.1737659829010316,0.33301981315476614,-1.009903276848016,-1.896295985310672,-0.8521996188295453,-0.7492877882641952,-0.2760217421803424,-0.16097674821672692,2.303913746311486,1.9820419412225367,1.404311058117862,3.4694795333946384,4.797087940273092,0.9033997743768107,3.0209946742980036,0.4125446408095312,0.7859629519734805,1.5511472198106977,-1.6190509729070464,-1.9426907299624032,-1.3196044956622477,-0.4816226942181486,-0.8815988275428136,-0.4892904999044824,-1.3833701365672815,-1.0388905815852028,-3.4415774083869786,-3.535282190009059,-6.278335127136088,-7.496578469586927
2.826053363141465,2.09697953523167,2.197896533400854,1.7127907453239015,0.595752811809325,0.0220897909096087,-1.1391156104758333,-1.2820575502388183,-0.24653400032562825,-1.7966052651672226,-0.5537450591778149,2.0468602803800846,1.400436463136731,3.116485657430181,4.634159273004619,0.6636239043249611,2.4557889093877816,4.3894422847043755,2.5441956945110826,0.2964355813066041,0.09946594134534494,-0.03537573584161215,-1.7079139941937258,-3.009354573087712,-2.88665124397279,-0.7755528625199668,-1.5048868692960131,-1.1829526738467557,-2.8410301832098983,-4.058459176945881,-3.445762094920005,-5.440057288638212,-7.191608857248126,-7.61794481487766
3.8498617117505485,2.6399861822454866,2.1536212966572594,0.6977046247621251,0.4209892621304227,-1.1013897064214406,-1.220440497641353,-0.837899544090703,1.5849797649837427,0.9104546060709366,3.060836247311029,2.950920032036403,1.0871867357199465,3.1097558975895736,2.8177587276626475,3.611455429995812,3.6706310177930033,5.065766161302217,0.12609472338404923,1.66796886618133,0.3711170831160749,-1.35613221341693,-0.7058370984156971,-2.4183751474918047,-3.2625222299826895,-1.0220289237831506,0.10923199968625377,-1.6851027554814233,-1.5550529846535417,-4.898769133322549,-3.9447229724562285,-6.7284501566123,-7.67904716479216,-8.059873178109877
4.414588921922337,3.4091829106515172,2.0887918213059486,0.7592343128851471,-0.8214423355538844,-1.9206777243280273,0.10141231093781224,-0.7795940786083283,-0.22496894558015174,3.0918485167737284,3.100300519182972,3.1132052688781733,2.4310970824013722,1.8352815695597624,2.5975115999682967,3.594044479500625,1.9338705784090588,-0.4916966882045552,1.3456989242228006,0.5688051639213002,0.1046263781975036,-1.4832291116018257,-2.8847239286933446,-3.873798012705088,-3.278859314230817,-1.9200649600209907,-1.7795793089541427,-2.362506030621625,-1.5791825630721785,-3.855646182923439,-6.173949197072849,-6.52064414293059,-7.945368830716182,-8.260075976208896
4.165398902696091,3.321063337340949,1.5072343248754927,1.4226922256112609,-0.11942740841572257,-0.810927604275275,0.6749522337252032,-0.22804743603439662,3.7139424004445534,3.4548119170354026,3.9265565566991363,1.4629398384129704,3.3758895772893562,2.4101051630004533,3.023480071756131,2.452419267055716,1.8611843109623065,1.9655857545920694,2.098057049588573,1.5927836364329897,0.041537339538964546,-1.2239654030066505,-2.5400889401307865,-2.190158678337079,-3.08499087403878,-1.3912171790145007,-1.2016327085680039,-1.8924540449534,-2.863458234576614,-5.7875131326972795,-6.127055417160648,-6.352172128627126,-7.50048797118214,-7.657407940017206
3.39673968137483,2.620683263282748,2.667603342604673,2.131215168642233,-0.1434845720629475,4.515269946555291,2.171435931334888,-0.9642838573411793,1.1757218994552479,2.6712090443211616,1.9758575150159987,3.1963572418582187,2.5403608945179137,1.3944174526018909,2.2739929748250014,2.0423055649725583,1.2876152558122946,1.4057436412279218,0.9570524461144261,1.0799067858791334,0.7508993363873566,-2.3221018115798815,-2.994740570032192,-3.2806521995211475,-2.8503779170675783,-1.9857188218454984,-1.9364774811844954,-1.2623883170081749,-3.9256364238935655,-5.6446413802937165,-6.107413526511696,-7.1184499675436665,-7.246300523635998,-7.259457711712561
4.229386418775562,3.220300683659759,3.5513510840235867,3.1114031466994425,1.5411953409417705,1.8858290146765557,0.6975564666559645,4.360883964828869,1.100014808749205,2.184372405716211,2.857918805308506,1.8857285195435352,1.875634513881633,1.7699355848718998,1.3112609069946037,1.946592665354753,-0.2866295625519252,1.2229949856040678,0.5294570304433793,0.8870116833988341,0.26245993879621266,-0.4505500497316842,-3.032823741991539,-3.582232047373073,-3.1956046933523616,-3.0065478435107207,-3.9114145095589654,-3.979686514606826,-5.145792802243762,-5.9864258447581395,-6.390273609161569,-7.312069228417824,-7.6331918492328334,-7.077028777962268
5.803273766522986,5.105616288617815,3.9852601556487817,2.0157723914250427,1.8706743407116881,3.0424112117258626,3.9361445657441894,0.5860384893779418,-0.5593301293269136,2.8363729626293432,4.315273986062365,2.8934376903042427,0.758391066701349,1.4145145102292667,0.7881493095998013,1.8250475396047274,1.3721431373763542,-0.45948284990356497,0.06419939557486468,1.6953640765357552,-0.41805432259080905,-0.21881465298288755,-2.9962631906034627,-2.9162888773040865,-3.5190602233539687,-3.4794931563934877,-3.315662805584584,-4.0675516997394165,-5.849956067883433,-6.175492870227285,-6.474323452535886,-7.259566378169912,-7.564435193991221,-7.782447076401078
5.524301484565672,4.424464370581446,4.000262781547774,3.0478675021905755,0.8939631967265748,1.055863645916186,4.411567035675483,3.3832463547288185,2.6385245614791133,2.5177107307439615,4.106605144623638,3.9348033673075715,1.4304047856652793,0.12968320047367501,1.0672482063011524,-1.2124173641332356,-0.49058760741595187,-1.2246732638484874,-0.10727585450943199,1.4148837500772662,-0.6724999987415541,-0.6555282476288729,-2.1761266129470105,-2.9458294510798093,-1.7371221353001847,-3.3550156632393056,-4.756425300949494,-5.809253967085243,-6.515411463191009,-6.547913188743042,-6.31689996232647,-6.981923718668322,-7.378581940097574,-7.697226388304979
4.539294978799388,4.790096055624508,3.0613270571285165,2.3208709140700927,1.2279309249667383,2.332297752819647,2.548986919230178,3.360421792260305,2.7190252503747794,7.161696796302529,3.7903938183986536,4.1630610456558745,2.9386572164335174,1.826854180308683,0.46879310050314627,-0.25784302627462774,-0.754324880548481,-1.4850776472044194,-0.8635779951900618,0.11618320078327606,-0.33528667538617946,-0.5305807368375571,-2.7474360179218302,-2.9559172236228664,-1.16415443588881,-2.2244001528347166,-4.308797605896205,-6.73848754579167,-7.152089907308857,-7.016820240858991,-6.69863688218754,-6.715953327780246,-7.056619686729832,-7.208518213372436
4.405073939189354,4.0230244861870865,3.210636869253393,2.080048085824325,1.310198378940881,0.6381832952743077,1.8556310734507542,3.34645470350871,6.160964058981936,6.99453479467239,3.5280536066919277,4.548349034584738,2.392266999956405,2.056853010199721,0.15151817220061314,0.3176436681658404,0.3203205909019758,-0.859068075766237,-2.7433880434338516,-1.1990259986834904,-0.3733315304843938,-1.1774430789148083,-1.93547691017019,-2.2465744015277136,-1.4585565975941153,-2.246251940567955,-4.008152086180702,-4.910782807618717,-7.337061066886432,-7.419141201925185,-6.826162461230456,-6.807238711969615,-6.997017090414382,-7.192137635799451
5.023508274441935,5.056373037576961,4.747615574607967,2.9539257311501483,2.983252685671749,2.9095174892536746,-0.8866320708998772,4.040717016052301,2.8821517244188772,8.426998505245182,4.716917832019674,4.353265097959101,1.2471523530688118,1.9651037311898527,-0.5887589015331847,-0.032295975171104156,-0.28369628695772137,-1.2438737545727092,-2.0579621496714533,-0.47600897976233114,-0.08612865571043092,-0.9843663315299186,-3.8708297030773564,-3.1235714178563603,-0.7812242841615474,-2.3268179701641114,-4.1955885139415905,-4.867641107032547,-7.112662141894551,-7.875999739963709,-7.51506374774219,-6.33278469440073,-6.711764864827374,-7.368204934916135
6.446062831635325,4.951899319108744,3.917207375955859,5.120539976464201,5.350788015603104,6.822834586974732,3.5100112539650876,3.6471603761756883,5.734305580358607,8.565045523881363,5.946612026902031,4.823902668922277,3.155583554700634,0.7746223122617882,-1.2037865354683044,-0.9223407505493202,-0.6882892026005505,-1.1349554849067713,-0.8688044702292466,-0.44831995729370405,-0.9942435945730727,-1.8823700001238848,-2.4768820373957063,-3.0612925606350743,-2.714041079413164,-2.540687891183106,-3.5915932982564627,-4.803403100390855,-5.636355550618148,-7.114112746532874,-7.113017969193331,-6.886647609724336,-5.89800587769885,-5.917869183906161
6.574166881940905,4.391662837454611,5.113045134094847,5.967419485149496,5.440741460331467,4.276583193300712,2.991883375176758,3.332870995519875,5.991560702951123,4.617243361843625,5.049002806545782,4.857635662185275,0.35757021534262057,1.4360823732982622,-0.705924455461821,-2.342840579075043,-1.1648521239012537,-0.47797149066201294,-1.3455707475688754,-1.272026917827421,-1.7290312321465362,-1.254886193364069,-2.498453156512704,-1.9910864857525294,-1.7770788220049905,-2.847745972114902,-3.02370739191528,-4.485236907911511,-5.297055979803369,-6.143545613615443,-6.937461125903598,-6.736050666644867,-7.03785135849949,-5.447927919650054
9.300003970641718,6.310279613037217,7.373937240263758,6.75970202182996,5.020391856608665,3.789362374885215,4.596311854074691,5.8084515889139725,6.563830889597692,7.800649192642781,1.6460113312093267,3.65052686555755,2.2782663590244616,1.5770880259091176,-0.7281212278321806,-1.5841272345766908,-1.0369339200368937,-1.0158512298770679,-0.8464961324502916,-1.3709200482778703,-1.56311279750196,-1.4295608972261613,-2.4243184017623185,-2.6142328277342286,-1.9731727735249556,-2.668394723524628,-2.074202668878312,-4.305248532654197,-4.847877094621629,-5.386421225469339,-6.05227385741069,-6.557982159855449,-6.26402822548191,-5.68348610075197
10.261254035452703,9.435488271308937,7.532876055403451,6.252032073143451,8.273369363379677,2.158524803424684,0.8550723416278487,8.568075125433042,7.8928488473582945,3.7249911651168057,1.544244195313397,-0.230896677475509,0.8031038309932313,-0.43744208736738016,-1.3955823986575888,-2.7510399524971003,-1.3604199150677188,-0.00016418597851881677,-0.9435631479141042,-1.7406297290589527,-2.495065264006565,-2.578992698628287,-2.171762298410492,-2.962970547826754,-2.7967371950218562,-3.7408383498384965,-4.46983610144416,-4.866551382737583,-4.728813351973623,-5.231680516047818,-5.785893844064147,-5.548264343797153,-5.282781193527385,-6.174544270156445
10.637215337463367,10.715532577372826,10.755377477704275,8.29808499204402,7.287173135569242,5.782373810932787,2.844711217005758,7.627004148146413,7.879095586709894,2.3602017669867044,2.674828690093307,-0.20365259411537467,-1.0378960997015507,-0.04415855506722929,-1.9943042965152695,-2.1334265464434026,-0.028007587516101298,1.0363661371185335,0.3447733756503028,-1.6388256354433446,-2.0957639873236347,-2.9841302901338063,-3.816328795656913,-4.146676480788471,-4.381155015044563,-4.951762721000128,-5.342414402087572,-5.645892904796669,-4.877426371924048,-4.951619982810975,-4.962345589794306,-5.340129625821784,-4.505398537480956,-5.26636804315146
