script/wind250m.json
{"header": {"parameterCategory": 2, "parameterNumber": 2, "lo1": 6.000198445256149, "la1": 58.999992894266676, "dx": 0.5, "dy": 0.25, "nx": 22, "ny": 24, "refTime": "2024-04-30T20:00:00.000Z"}, "data":
[rows 0 to 23 of 24, columns 0 to 21 of 22]
-21.1465211449382,-8.91389969387135,-10.142156163157752,-15.923447562302789,-11.390163502268418,-9.316531798257584,-14.864268477800797,-10.004233338610698,-10.791953967249405,-11.148637955951255,-16.540258844533465,-14.838498409295797,-7.45450980333496,-16.267862341144486,-9.053883337439647,-14.71384609312562,-15.6653565492811,-9.90649676766861,-17.861414509734356,-16.793016808922534,-13.899606176900118,-13.627617522278161
-13.964070972849312,-7.6941633016154425,-10.169008941192459,-12.895127502543069,-5.580885111858385,-14.136315998597665,-14.022001770914418,-17.613675803435456,-12.973571795971262,-9.800021657299933,-12.858976984951484,-5.491962931643426,-11.232259947245469,-10.643203686182256,-11.23581812060656,-10.710445782453975,-15.728885141898829,-13.385141152646083,-14.340596082243339,-12.726317463079402,-14.212305606933754,-13.794895290223076
-4.325114522517926,-14.240172500211642,-11.202769692277245,-18.52104082109775,-20.991979477498028,-13.050575810593338,-13.706042129524711,-18.80470221485035,-8.356759001045722,-10.132481993851215,-4.895720388831321,-8.88136118829994,-11.38454639338986,-15.223672750515723,-12.339296006712717,-12.94936142281739,-6.230938035645926,-16.614078950485798,-9.280293077190597,-11.978103806568667,-16.000296950782026,-16.550442942355417
-14.348645785423212,-12.638687998649608,-15.499437584965563,-14.382823605929495,-5.009570601682118,-19.061152409094465,-12.671177297770445,-18.70301596378599,-13.523051012838605,-14.435335134223072,-18.064668469944788,-17.209957335779194,-7.9631950197346955,-11.24808958815228,-7.968142878785577,-5.3934705999118835,-15.376458573565747,-11.154145505511615,-5.393247836473376,-12.511386594486227,-12.880988882770854,-10.94792447012325
-18.958164714623447,-14.030294397417807,-10.412264834236751,-11.282762387850553,-10.216180715612992,-12.9663995136355,-7.944638145242072,-10.686340791278882,-23.671283820187103,-12.519785800975239,-14.037356298712638,-19.3401048725601,-6.949496343357005,-8.730448538830903,-11.2944055971009,-13.304643690787806,-4.44889283649344,-9.47324932508008,-3.6628034708629897,-18.637024363003995,-8.194974701722455,-11.907525087397588
-13.658951784529245,-13.243562120608177,-9.182813571150167,-14.65104467411299,-11.819585943980051,-12.850390440572477,-17.21096023508049,-8.055599403739672,-11.668616094603623,-13.837688580436462,-13.988526715694164,-13.802365186844508,-22.109850937320594,-12.313781910451958,-11.943023187668969,-11.913756956185246,-11.133116158963615,-11.553293460994807,-14.535249863944193,-13.003322797649869,-13.633434002334758,-11.27724289892769
-14.26527444728889,-11.077437890797775,-10.944058475461926,-17.688452951983898,-19.723097922088904,-12.692164132585003,-10.874395967628942,-7.206469192636092,-9.530540766816264,-7.466883280093111,-10.271160243354359,-16.131993886707956,-13.734594349650104,-16.695701747641646,-11.28864800615686,-8.706306619394638,-10.10624117595176,-9.11475342390837,-16.78375203763309,-10.931077159819715,-14.004545984017582,-21.86788190782624
-16.412141028135935,-10.652303483713212,-14.467873769687127,-11.17953704903001,-15.927852934165294,-8.084089097479568,-10.665481205614116,-14.88091538110415,-8.872119721961365,-16.982187850633053,-12.328902066583336,-5.768712968798328,-14.271756693091639,-16.193762083400447,-8.909301784265661,-17.025897060459677,-16.593290311074245,-9.993122683761767,-9.28209952151514,-8.47655439242015,-7.898361705921768,-6.859001009447949
-20.466443147220595,-14.940797635019955,-15.328811119494148,-14.523821992570129,-11.191773787673421,-10.871407381427467,-7.32749230046858,-20.334869110021536,-7.744355816270275,-9.036787459883476,-14.291980776330739,-12.365283245927387,-13.444535320743064,-6.008879641659006,-14.782404219712856,-9.483634478298585,-10.05960953114438,-13.769402110919652,-8.621037387146652,-11.825113755461466,-13.525339383933181,-13.288467125191065
-15.07980772155659,-17.568343453755606,-10.55059906583643,-18.17575096689849,-7.4915716540870925,-17.49229838810078,-16.356331322773507,-13.94465086203891,-10.746331364486615,-13.958939032325477,-10.909668772336325,-13.154426571465601,-16.778227509729597,-12.59137184420467,-13.168722648999665,-13.612383580703405,-8.019206983938064,-8.924253378655965,-10.945070083094182,-11.977460494500091,-14.6512233964516,-5.438484079979076
-24.320601867769916,-17.5640736649363,-16.907771161236916,-10.030475677702025,-14.844926049496708,-14.490879113253783,-13.886519558842194,-16.582416232931823,-10.453619022303613,-12.304336482614122,-12.428903588100445,-7.332661488874814,-12.754359725712504,-9.036193126396922,-12.012286479527805,-10.9089958096543,-14.363149024562462,-12.692704991875665,-14.527886620200885,-10.402731792013519,-16.74912519484155,-3.772225256544368
-18.989869906427426,-17.862014458489476,-10.626924692351732,-13.195067406983785,-8.31567427149662,-15.143750110825,-8.183148231987738,-15.735405345193742,-11.123047857304446,-12.845012370487815,-9.132732606225598,-13.784124655468503,-10.746687735515426,-16.023617418045863,-13.028425891289334,-12.074321968120818,-16.42174429891585,-16.61656572062823,-8.195718278408542,-5.271737165066132,-9.703985709941353,-9.963301621564518
-11.897953217680557,-13.417733263495222,-9.756189207182636,-8.056238115246643,-11.370237059019884,-16.321109973944,-9.168175444643657,-10.81772800063766,-11.519694631352566,-9.74806076978718,-18.165706706486095,-11.480219572380749,-11.147902200912133,-14.06507535500381,-3.054855010266685,-11.212291373476422,-17.54839552274843,-11.676383615987845,-13.372862504242558,-9.532813908896982,-13.860568912713129,-18.78295423621162
-5.743217415154744,-10.796557174025052,-12.661567779223635,-15.87655931371764,-15.951553619952737,-7.661263594912092,-12.730521667283918,-6.903644508039361,-17.648176512107366,-9.68148044308459,-13.62506436155081,-11.444336104408173,-18.679460457636974,-13.045212443435316,-13.558017745432156,-10.411185908980734,-9.414648038136686,-10.034888529627132,-13.35818920329303,-11.434723193466105,-8.266038486787386,-12.237187208482736
-10.945258728926728,-13.367861018416962,-9.121360123163171,-12.355825726577551,-11.605797436038854,-11.163571230457789,-18.174594245257033,-17.95893637326754,-16.42684641008846,-11.430599867827649,-15.924102486850723,-9.926669389208481,-7.1084656485455975,-8.723427693374024,-10.4691360929797,-16.02384537456741,-14.36450697442061,-10.121459248849744,-11.084255272022396,-5.5885328353655455,-8.297155286282509,-12.658342481023649
-14.828356432644425,-13.187942800112431,-16.029594156496596,-9.702832850381958,-13.70694349883722,-12.17046272758465,-19.077386108271643,-9.074928545026397,-10.420059124332347,-9.254667197582966,-13.55919807710257,-13.72371707445395,-18.830772113471756,-8.882309111512079,-10.216704724414958,-14.3717766237842,-11.4889604612224,-20.586574916858215,-10.820985826390226,-20.81226279592572,-10.16174125937331,-7.193529264009754
-8.069890530715664,-15.362023753116034,-14.094174231674724,-6.276380146172082,-12.420587709844654,-8.925031443444517,-4.203398264915037,-13.39458174062086,-13.961257499125757,-11.138976584454493,-16.474145513513896,-11.232315133445901,-22.317624640608575,-12.68642748689206,-12.113021311280603,-21.55234001025411,-14.00119549624762,-9.486672105311557,-8.872918940294909,-9.676440602659582,-21.903901324943657,-9.173279871985725
-11.8151707709099,-18.073893798831705,-10.072004614802001,-13.636762019714675,-9.987595124164384,-10.94656087829392,-17.067434574860236,-13.865969689753527,-16.83822796723466,-10.129164789565117,-10.485416586487373,-11.61441668748358,-6.919142004238392,-13.377443874060615,-14.826676348088556,-14.98212315343385,-14.549113423112637,-14.85452060388192,-17.446237157198933,-5.150912888140702,-10.516943156337934,-7.916208565576463
-11.24385292180541,-5.561987870423443,-11.875515765794367,-14.039111648709879,-5.072905343559756,-13.906530902931753,-11.054151822644833,-12.752913492424623,-4.835685616225948,-17.35856031716559,-8.351414740665083,-15.781768647833017,-11.529316324926175,-11.747760192196498,-10.197857577624102,-14.341953730202695,-9.562560661338015,-16.290588467674944,-16.43571262336899,-9.985154564030056,-18.522623217841957,-9.493232053374404
-9.725203992910997,-8.888958409395528,-16.66645167083857,-14.322230826602327,-10.98188076620616,-12.793609924309466,-16.138579427827413,-13.879360722149446,-16.712114921253754,-12.473371961513731,-16.726324583496215,-8.539802765299271,-16.309104761275123,-16.170372767254598,-20.77726109727983,-14.17030116363782,-14.796837741801745,-14.610422027675034,-11.19755051057748,-15.728681233419328,-3.5380993438520805,-10.182850100931082
-14.304019831545252,-18.965947955925095,-9.475554472670009,-11.750882207618709,-12.161470985350565,-8.313093690514075,-13.089984697895291,-11.57386453710876,-6.863333807729501,-8.723998915754509,-16.202229893073742,-10.299356365763368,-8.516499833912253,-11.112579807721996,-17.195626555934464,-9.528359778739468,-20.321873192435657,-8.823769751956812,-5.920678809162293,-15.797253823090035,-12.296127692798615,-8.327221140759772
-12.116481561033014,-13.280106709689745,-14.126752495066157,-13.378999263252787,-23.974071173190367,-19.268235261217175,-7.918504165504962,-16.737136982821593,-8.123329807388608,-9.807697286900712,-20.48023236218922,-11.875118828852179,-11.635333472812436,-17.081891843190274,-14.643727901019826,-11.316728518573802,-9.269867962700717,-9.21711313014027,-8.321219185456284,-11.412550959453291,-10.065595518442636,-11.935984462192529
-12.258898353246533,-14.751782666651776,-18.72688413693928,-11.190874511879061,-12.047387788340709,-6.35914481030697,-11.76700041267066,-24.961090555534756,-16.532571704325708,-6.904957259141066,-14.412749034898786,-15.368449798860286,-12.931371879694268,-11.585923310214337,-9.199761587757814,-11.942000157987911,-9.266404909828685,-15.914271028662633,-7.435236133432721,-9.899781909421348,-8.159374515794358,-11.372796532325198
-5.040156296453521,-4.032244562349738,-15.217783462985143,-19.22576805013964,-6.343732383302258,-4.621343596690342,-17.26453917466116,-8.220463701999371,-14.429676494382576,-8.162560202170306,-12.22915113803163,-9.817244581516785,-11.8231575221113,-17.19594883791701,-14.110448699474173,-18.466762219729347,-17.64728745425107,-11.460730609323399,-10.742953721969657,-12.681277724705188,-6.283831548634681,-8.18463206231092
