script/wind10m.json
{"header": {"parameterCategory": 2, "parameterNumber": 2, "lo1": 6.000198445256149, "la1": 58.999992894266676, "dx": 0.5, "dy": 0.25, "nx": 22, "ny": 24, "refTime": "2024-03-18T19:00:00.000Z"}, "data":
[rows 0 to 23 of 24, columns 0 to 21 of 22]
-7.427567529084218,-13.081138129328917,-12.898672538780975,-2.287045045832739,-2.549973112631112,-1.2463471273361255,-0.7125080555966553,-0.8985066662395608,-0.6170504216534661,-1.9436033763527811,-2.264186177730824,-1.4443274175980831,-1.9782486484294213,-0.9498217659292185,-3.399582702461112,-5.856333157637459,-2.176197667033141,-1.0458215623936662,-0.9446915085730516,-0.9450442481885045,-0.4234896367563094,-0.7984853709957422
-7.6183359418411625,-6.723955334292044,-7.575105877666271,-1.8845501528327397,-3.225493868958902,-1.1618558311262066,-1.0450752275034685,-3.4636745319450895,-3.122746499144521,-4.117283989905858,-3.6580875701565816,-1.4438048092638118,-2.169983394039339,-3.0954905889395397,-5.025025151613564,-3.3540542087503944,-0.9532334444064531,-1.1660188643785279,-1.1074340423409779,-0.516023938713323,-1.1812049830151068,-0.6857310191480747
-6.712479435128448,-5.397000625615586,-4.876157157797096,-3.1508680551322636,-3.652264428408547,-1.7783556617830558,-5.446157454877298,-5.209049862814079,-2.9959256626443262,-4.953606895488637,-5.0775451496662924,-1.804586884085445,-1.9767412999244853,-4.0408524329160525,-1.9135992095091883,-1.8504972464176201,-0.72738630162713,-1.819973095824611,-1.5067928066142355,-0.6802984477798558,-1.191910110679294,-1.0560523913169533
-13.984576857082262,-8.75905688843659,-6.5133503347583135,-3.532228951961387,-3.014269452724589,-6.638911486607203,-6.786704197332427,-6.251568310261065,-4.545142315942522,-2.018589277640393,-5.713925978638222,-2.5857454125614505,-1.6599017854200249,-1.5270403460176254,-2.195895426320585,-2.3472950796146117,-0.8786709805309731,-3.9266433829138587,-1.332602739659175,-1.102153102253056,-0.8205275103416793,-0.43836034884605735
-14.027540311812482,-14.732195111090018,-10.023094950506827,-7.732560621006611,-8.824049943851358,-7.622533917262972,-7.240622300877885,-6.005896603817971,-5.176613152266292,-3.6569009859888837,-2.144757841488605,-1.1971657276505507,-1.7480544906180784,-1.6783028444500259,-1.5591891433933385,-1.2282103849267694,-1.1605966171391746,-2.29371622475283,-1.8549303356400955,-1.331093579604263,-1.0918375629033152,-0.12012259094102114
-10.798104955182087,-11.406339652032491,-11.278989730407314,-8.309457548930107,-9.057711892940414,-7.791703803484052,-7.47972266997306,-6.613663896000206,-4.394510661595046,-3.4517283569744155,-3.8745935545623014,-2.38785162618695,-0.7220953432984942,-0.7540587539593185,-1.9065574391985352,-2.3531880243109073,-0.5151724859573654,-1.2761452001908304,-1.801964167755369,-1.2601022734845297,-0.48069655091766267,0.23047253723544958
-8.089134084008332,-8.692876384053358,-8.480600862756916,-8.914144022906164,-7.614355900519915,-8.41978081776768,-7.790439028655172,-6.539600414389482,-2.5423940654836006,-4.3233404599777225,-3.9318147959545504,-3.05563374197764,-0.9102877690793189,-0.8771486630927341,-0.84591572268283,-1.2952861195521523,-0.06886824131983023,-1.3855393907405877,-2.174924159986921,-1.1176742677794698,-0.35944754281888125,0.11936438918306247
-5.723644301910789,-7.034930756902685,-6.7687295829131235,-8.264902439102347,-7.498694640279635,-7.515513902840407,-7.095417760231891,-5.321137055074009,-2.66488247139877,-3.472557778237729,-2.585902721603977,-3.2384196229877014,-2.0373453646359865,-0.9109281363908419,-0.6044000853822288,-0.3026378232242238,-0.3550589676992197,-0.9929360102314632,-1.5591861788677128,-0.7681003086573313,-0.254898259172918,-0.33567728009724174
-4.455714971918931,-5.206215819838312,-6.635139523672614,-7.502777436870996,-7.442056540461841,-4.0031640161088955,-6.877758250429982,-3.4144730820881803,-3.037432819324298,-5.855990893694846,-5.150215553437197,-2.4426407085572537,-2.2248701858056985,-1.8820145517457865,-0.4859768010359788,-0.6315462222524338,-0.7907326908962696,-1.0550012981417598,-2.0313341406833523,-0.9329026798750134,0.21098428554340012,-0.04708639532393416
-3.6314808707468456,-4.5182647359260075,-6.0800743691809895,-6.600965216024505,-6.876880281270806,-4.74896697944286,-4.414802427407174,-3.7505391492672415,-3.0565278207004583,-5.798753551642515,-3.749998421211771,-3.295474909001171,-1.2827672257697695,-0.5128157167786068,-0.9973451454561408,-0.704409319526298,-0.013971490870726577,-0.7479267158321807,-1.6724128774809717,-0.8846447636063497,0.14218598449485081,-1.3706530211078538
-3.500775383823308,-4.386685610046796,-6.000983523878382,-6.4609729865008685,-5.897510791093864,-3.8412748912990744,-3.3852756957128936,-2.8064460329830996,-3.721736716992285,-3.6510885508968727,-4.289292063276303,-2.159151303217401,-3.0703318790964262,-1.0030877869004862,-1.9142549257698773,-1.1087266978894204,-0.47294060092834284,0.07030166313909031,-0.7600032984070273,-0.5999914948007065,0.016885400047302154,0.0779974917719894
-3.3211596388855713,-4.599351614171282,-6.769767044863872,-6.683085645440296,-6.046594184553086,-2.452518198122197,-3.759604501806538,-2.9459951848128267,-2.342291607858468,-4.615988562446297,-5.402107612147687,-4.263687812199505,-2.1040039122912093,-2.2973811699353757,-1.5714987791420663,-1.6645055402508357,-0.5850646815022841,0.10168518297213461,-1.2201203340790527,-0.5554863696980725,-1.225652740157492,-2.2515355633525207
-2.629055978133873,-4.4066729188970655,-7.2536366270196755,-6.8972058324936905,-6.509741041826933,-3.385090081315679,-2.2732502363945737,-3.8926914215612896,-3.057663345220063,-5.039943340518797,-6.445937477958625,-4.3223183656798785,-1.8625849215740051,-2.4955489391993497,-1.957612609472974,-1.3916828996600814,-0.8125784248853624,-4.255896337276299,-5.590605662392077,-4.5682233222562845,-4.416736642658985,-3.4095915344406236
-2.2593576481394635,-4.388597331007147,-6.425988320724662,-8.080258408179091,-6.736406118242181,-3.8931045942212847,-3.701164731745813,-4.1567872352947814,-3.4893427056128825,-7.2113512064078,-5.258037085562522,-3.860156721218141,-3.9502463293832366,-2.6339937870707786,-1.737997183684794,-2.735032667646482,-1.0628894262314286,-4.789809190327275,-5.708343693983873,-5.231012082337275,-4.642603566799479,-3.471752057742265
-1.8366189192653104,-3.9120504531790097,-5.4726556361442364,-7.261166814881212,-8.973061436977405,-4.348695599151349,-4.714810713677559,-3.7178705903068248,-3.3553164169053784,-5.536272846807413,-6.799555530707588,-4.437827996654328,-2.955445395291055,-5.801064496659004,-2.436523582024958,-2.7169391850123508,-1.703492145893834,-5.025155647262842,-5.475108132677026,-5.1295203512496395,-4.75661860229311,-3.961022386340747
-1.4772970763971827,-3.5855140375727452,-4.815314904192919,-4.601919647489798,-7.734832554014487,-6.786761364174932,-4.69871911314205,-4.655983293168255,-4.222431631279786,-5.285453404745351,-8.648101810635264,-4.622769780679185,-3.5964525832873493,-6.603256734211375,-6.365031404761308,-6.366917144937804,-5.412110195475194,-4.2540872933564104,-5.258739819810374,-5.040138795840271,-4.530373882935403,-3.6958522407346566
-1.2718388792255388,-2.954964677057882,-4.128064460829399,-4.465502405122992,-5.970270748837699,-7.319690670338226,-4.3542458492360625,-5.362390347663603,-7.938311396564919,-6.560731906703193,-8.096514842969386,-8.036229679768335,-4.390155135712429,-5.174949364056408,-6.31229512028865,-5.249372854197494,-5.877224671546919,-4.95754684268573,-3.67259718707874,-5.131921198084966,-4.424994293033706,-3.547443634875319
-0.287600136686893,-3.036957584514928,-3.98180726152495,-3.850634422057826,-4.8831959923188135,-5.279532119307011,-3.555179452118593,-4.800536971701289,-9.770129113339092,-9.839414401733281,-7.4899384506213025,-4.985152815952202,-6.6337053138151285,-7.650174298697704,-6.874827052730655,-6.642938646255447,-6.438626770171791,-5.703288852462307,-5.4038838893360674,-5.096935307043936,-4.339164200231847,-3.6328487411623374
0.3264594542307774,-2.3137574679138826,-4.046377595801316,-3.019102524514229,-4.6143900670270845,-5.650072984534609,-4.0904373909871525,-3.8096127164530946,-6.313777712222919,-8.543348771080238,-5.641780396075641,-8.895001057977316,-8.481301662964114,-6.5090706929676685,-5.7995465553883045,-3.7699307258471433,-6.206642820857463,-5.93347714216664,-5.247496760286473,-4.968439265950123,-4.456632732532812,-1.266393327183943
0.8077843708465366,-0.76532949755437,-3.732095567542952,-2.8590107812173695,-3.9826620574539024,-5.003120325075055,-3.1276601902189727,-3.223639015795748,-3.23073505971036,-2.5090539855166702,-3.8811573857968935,-8.476577961358936,-7.946737517967666,-3.7884164795762594,-1.8450991304432778,-7.103046452484553,-6.503793847788877,-6.041720100227983,-5.256927055125128,-4.835352647082691,-3.163501822691333,-0.09994126794958692
-2.2004514197806535,-2.1147512699656166,-3.166628874063839,-2.476843573681223,-4.433488933491462,-4.748203045709637,-3.840146825436338,-3.409099344393301,-3.137388701723946,-3.176779007356384,-3.82771734327585,-3.6417874923669715,-3.560716559030544,-3.897106156811372,-2.5649171862671185,-1.47214558778725,-4.424764237214277,-5.093772724915386,-0.938461620908509,-1.0067039943208416,-0.5223793245342965,0.07695087160351151
-1.7688586689772134,-2.6806951870040816,-3.601279848401539,-1.4990139900996438,-2.8506570606714243,-3.974693590348235,-2.869685478915771,-3.25810354990463,-2.9290294414470455,-2.5192417020714317,-2.6135176814737346,-2.9433554699358857,-3.191884786561189,-3.394247304830582,-3.2359500827857186,-2.1044266909183724,-4.320497440110636,-4.607510534706268,-0.7099436178804988,-0.8366872635674555,-0.9439842531792845,0.4837287261467121
0.5345676027390588,-1.397460747874945,-2.6320199476103605,-1.0047956591069438,-1.3823750181600836,-2.3727377870714883,-2.426841199914393,-3.2278404940456826,-4.133721173340029,-2.984916027610944,-2.3047689257358717,-2.150445382359444,-2.4583005771087043,-4.374211786151068,-2.4097098860176565,-2.7717683768152384,-2.137888551638594,-1.4970001250820775,-1.330293855719325,-0.5852981484869677,-0.5244236111337698,0.08528281108037249
-0.39859603806101074,-1.4070054334081794,-1.176782388444797,-1.469094031176619,-0.8788193091031955,-1.2834911653855257,-2.3128507375957144,-3.4653930822370214,-2.4432800572025597,-2.9358184343515665,-2.2143672728102355,-1.5159696842023551,-2.6344652640536212,-1.6221603604502146,-2.924287683240565,-2.701060175295059,-1.6234199433996088,-1.4856404705243775,-1.2198251127938942,-0.6214043207688378,-0.20039767645549936,-0.11281889136880577
