script/wind50m.json
{"header": {"parameterCategory": 2, "parameterNumber": 2, "lo1": 3.000054539987559, "la1": 64.9999836372058, "dx": 0.5, "dy": 0.25, "nx": 34, "ny": 52, "refTime": "2025-11-21T11:00:00.000Z"}, "data":
[rows 0 to 24 of 52, columns 0 to 33 of 34]
15.984356940749114,14.509075369643128,13.737167995375419,12.423166273574953,11.453034368682674,9.455605010942653,8.554596076146526,9.090810085530892,9.354357799958807,7.897143761949496,7.586760648072793,6.97338658587244,4.5967265333351595,4.204186979484329,2.8308517169855536,3.7008019934579153,-0.933177916724644,-2.047154259792532,-3.795132707344537,-1.3408509667515272,-1.1688442574301248,-1.1953757485082919,-0.3653539719217054,3.31823039783608,5.815697032276367,2.820453698624109,-0.0996946322668301,2.382036693164229,2.361900082125997,2.746545473480586,3.08547345086533,2.796174746807791,2.1474881021437864,2.1154322638674454
15.093311684871773,14.556692479789618,12.967788368102529,12.231000163015787,10.99707686307221,9.704028276820575,8.771337112020756,9.923748760036663,9.989025717332115,10.603602460064906,8.658437523327768,7.176678029640364,5.421056615907409,4.567942839951601,3.818996190014695,3.8962440068369304,-1.181787720507785,-0.27644604884583407,0.7082369367841227,3.7997402749290985,-0.22585954315803333,-0.6763689000471057,-0.20611789713654266,6.3913823797297775,2.7451126732432694,-0.4569501787507118,1.6230514456613931,-0.32729409474815957,1.873410286818821,4.1052061062210345,2.636103524723817,2.2927555571739426,1.6050307578533565,2.961111811422139
13.772432558849733,13.211357196139888,12.63951363906145,12.03249091846897,11.217556641712914,11.269125007729327,11.719660085983092,10.564925226546196,11.247520039127739,10.929232291081352,10.561807845959525,7.046497896112092,7.044294570272317,6.089224918828772,5.013917897527775,6.842564170603701,0.9667530045443814,-4.866795840686673,-2.095346571814344,-2.29207295875005,2.7029123057568443,1.983867973075105,2.8328257837477575,1.7385836662977263,3.4520997795667867,-0.6699449483360045,-0.265591886758891,0.12047786499248507,0.9376148133996804,2.4999735197006174,4.576141625552941,2.9452959888745034,2.247026884760828,1.9059564472929404
13.28370300073697,12.828368261234035,12.414723283738887,12.919613322131237,12.046852610361098,11.549300442447958,11.873841708381969,11.417762846911238,11.024587639143428,11.25721248346381,11.127275056412868,8.60482656435588,9.00487319183432,6.2206597770844825,5.239181303267372,1.3494919042090936,-2.3492533628628887,-0.23360888445615904,1.4534662405732566,-0.3843006768258003,1.4954012162427772,4.065464326127848,4.048427505195172,2.8485510154121605,1.0720566795181237,1.5922247369644538,2.7827550550818945,0.19599709077101457,0.708021315478541,1.4879436396077022,2.321513385292176,3.716710567189788,2.4470832922565213,1.5632801428079437
13.012818169365627,12.811043424053478,12.395871299418266,12.485003134071183,12.452316647659897,11.49492628139802,11.358554954620821,11.541925150480408,11.180717296461093,11.835171807409607,11.684795164969698,9.259654836932974,10.107739993468295,2.4807413043145226,0.6293227947097849,6.348785262876402,1.8397026316818053,0.7271717835818942,0.1299281550845752,5.515991951842397,2.1123492477139423,8.214166961224237,-0.25644288913784385,1.8905016672580577,1.6174771009626954,1.2162403726693747,2.44456090846714,-0.45219892320754396,0.8315047747872588,1.2030311580404256,2.0773469594863303,2.4630897742676034,2.253343373419218,1.9437554181620575
12.639557683608952,12.506923897450585,12.316141718634675,12.592897842122616,12.193330760316991,12.587598354267554,11.439682503421537,11.453203131207133,11.757051173032925,12.32127465797896,12.323246011447745,7.556400619177178,7.356466516880188,7.279306998358675,4.063092149731964,3.922240764229718,4.28987194561861,0.888443430335875,2.0699673827680436,-0.40841292138276347,-0.8072932755718016,4.683368669764362,5.7973436518947015,0.7015035235735431,3.2722968782054496,1.9624602487384588,1.9483133073696643,2.0955911025882807,1.0507597503708404,2.2763404869409345,1.4318716655281643,0.0034395639823346824,1.2618599296691069,1.5629777514457828
12.384952015443979,12.271532992426971,12.065632636439766,12.408044867055766,12.459933764341917,11.603122970288258,11.447638626831734,11.764163552220932,12.153081710984335,12.695828642348932,12.639299259357568,6.090357111227889,4.323233452469761,4.75240111518306,2.8531151501289522,4.277047896442995,0.6863659309341753,2.137878166648302,2.1142753049156493,1.8054372503028253,3.549267976948357,1.4437662303589798,1.6286780784432642,1.8853012760260692,3.0013425241654037,0.7425525509468566,3.4012694146127718,0.515147697339845,0.07075123976675099,2.435262012126332,3.262746564237154,2.0166552623482774,2.0782541957778555,1.9151844636263384
11.571960048922293,11.70277536980824,11.703937640951015,11.730086022926454,11.687907586280469,11.525713024989152,11.550855145186473,12.002237707547945,12.262315606251017,12.729446714226897,6.487763753209224,0.22205742349401045,3.010708152743072,7.753599297047397,2.1845158507501004,2.7386004825959698,-1.10280328944022,2.7277310375490917,5.135477356392845,2.372543964289268,3.4305469965434283,4.407870667310652,-0.31120367387422243,0.8906870491179095,0.08190981453626357,1.2893108297822924,1.7350472624842366,3.8079803065382807,1.7839318572315133,1.309769717120049,2.294737253945166,1.1188716273126258,2.694798209567551,1.8098366273848383
11.393973417074609,11.201561179423587,10.843652268249903,11.272081648840437,11.516247339637786,11.456420468029611,11.450385402196853,11.431848563407563,8.499559791604932,4.2613964782022125,1.8363155003197176,2.7929238659063333,4.6878147777375805,3.5291432347558156,6.228970830080878,-0.24789443746512033,2.468070880332383,6.8717115459605935,1.5798098859154144,2.3186816777779935,7.332354172912927,4.944138644117676,-0.13977731954331757,-0.22823615045284773,2.476844910690362,1.8571484791808057,1.8135277272697168,1.807541912201767,1.1236394690745606,2.4660046393106962,2.0030988641150307,2.8282126265007115,2.688780596571005,1.9325550470507589
11.054166161784257,10.885266802174641,10.636461588228938,11.12245746756514,11.416928242597145,11.445566717947559,11.45964947238599,5.039331573326809,1.868225523972643,2.7838394967580666,-2.77023352712468,0.0660570044189609,4.141609219991692,4.096313184545597,-0.16597901728829376,4.844570204983355,4.528710918376332,1.0562356478925667,2.22918241718817,3.800328560207317,6.2151065197817585,4.631210114069562,3.23917062242388,3.638088036312007,1.4750677811119541,3.0110024496983656,3.266887991241645,3.8246853965243424,3.0128820653753525,2.2392637753345763,1.8408616610774264,2.802231975309637,2.0065027059141123,1.7708686063486558
9.222686554244165,9.387015263147038,10.024692522777563,10.463363837815773,10.99408867819391,8.364001216879434,4.35173401307215,-0.8895292255766121,5.116891774962892,1.4479522129665718,7.808350549770982,-3.117999689719323,5.887211768455762,7.01067322482897,8.229833836903563,1.9053788931715145,2.1912060337383097,3.915913047160919,3.4212747222441644,1.3784383852835098,3.5073124942752867,0.6983078280466682,5.024465977929616,0.3037488229134222,2.394644677954331,1.6036389170004652,1.0679787605675068,2.1914403928447337,2.604440427752154,2.6429917613924525,1.3507317086389579,2.186162112269704,1.5010022502904334,1.3691266860386315
8.91167711655441,7.9037178496164895,9.21834604863652,9.421896245893421,6.25024273934264,2.902214895642629,-0.5106576912611737,-2.6839179530642627,-2.0942737059894703,3.643302150427755,6.213913299231027,6.710077251816598,2.6858494562965163,5.618073925248282,8.420043529825028,3.7575399254095565,2.3495304148642515,5.9503202267189925,2.106652323884934,4.270933663918871,3.932744762349584,3.735268806210817,-0.0790528591276679,2.9653033836120644,1.5208686242729448,1.4649344264444677,1.780633360707666,2.4702014020466256,2.4667880441026706,3.1897615706489826,2.565380201783827,1.985712582138178,1.598981290999208,1.2480936745775941
8.923124352286905,8.084055035449154,8.959802938222555,8.387982353079067,1.9628420453854536,1.5449539229003793,0.9840208969933294,0.6826007471261605,1.4219717535411083,6.7201703785394304,4.330153237597196,5.853319582255948,6.445968639691266,4.870374188392779,2.969334894023688,7.428579321749469,4.190686446496244,3.494007567893877,3.7833443558052458,0.8061739525476619,1.8822867156623952,2.254371256907161,3.168791278262188,1.387986708470697,2.8980682980938375,1.342027430898921,1.1970664641645685,1.7369462622334546,3.0967467320510593,2.675076430586867,2.5020727840594055,2.008360385112703,2.0360585640348674,0.5110100005197538
8.28006941032178,8.347960388612258,7.975807756115313,7.115759341114791,0.9127413402798676,1.786238820651252,6.216133680268697,-1.0014239798490765,5.3686255019920255,4.215093535386778,4.689190199608095,8.80880055992517,-0.21888467986398408,-0.6734888916445565,3.73310715661024,4.861674680712422,5.066834192799636,4.051625089554333,2.5804800797536482,4.328690975872614,0.6770844442009623,4.255735179361505,4.2268672613416145,4.192401867014965,2.3292486732652473,2.388431895108295,4.2509104989818365,3.6478882587352524,3.996779757548073,3.6441908945957433,2.3425132731270364,2.5596963343457984,1.7622606895286992,0.4290073264612789
9.365119780289126,7.814979210857292,7.393393060004014,6.162098007156682,-0.6100172843193965,-1.1212860430013418,0.02241094187781279,5.995333443869603,-0.3372627225906931,3.8757544210089825,-1.039368304316639,8.651869026979309,9.142840921027304,3.2339797912574038,3.13288192861285,5.317627814078809,0.4804515344356263,4.102299959030787,-0.19018142082680625,0.2423576255232666,0.17987321347314672,0.7092071442729359,1.420916169900968,2.200737247451112,1.8744871267064707,2.0653016223085587,1.874940901805555,2.6560580536786245,2.2791348084942085,3.1063939153505973,2.8018516276534653,1.8102475134296625,1.127548114858709,-0.49257018426491955
8.317790580968083,7.5674873769048245,6.849422417312343,5.469351907035698,-0.7012594818344916,-1.6588100441643265,0.9993694451791625,-1.1428636529605363,-0.26675754143246305,2.522607607792447,5.356819618311869,8.737069561921283,4.145798605816946,3.5307076569648688,1.3803386398493287,1.8999853478449125,5.968794486905361,-0.9110775013192891,2.2463121914758255,1.5884343224007855,2.574115359544243,3.2795785198977048,1.445955340227749,1.670514885260376,0.7763578389925113,1.5338869212787012,3.746360836167755,3.3677207091331858,3.7444868914350335,3.5964417709073695,3.7990333102746026,2.0042303589244583,0.027678557316531287,-1.4781636990751488
8.022212068653435,7.217636502833507,6.401090788261698,5.337114762505521,-4.469114932675007,-1.734403136333861,2.139945709946628,1.5279171749087088,-1.881226413280137,2.728474716775779,7.012964330318449,11.551609030736333,1.4065669485715329,1.279103283504302,-0.6537245666068426,-1.197587032534062,0.6234254027514757,-0.41705951452970447,2.8585742752190293,0.3476677768944783,2.6510984957875685,3.7756771563584004,0.9305592536082022,1.1466110021875329,1.6961052827750691,1.9569711702367496,2.5180162894111264,2.8545265788478646,2.7704497004654485,4.2284097951924,4.487904457341975,2.8711491022346496,-1.3088767092953397,-3.6610192939806643
7.498765284005953,6.920105093755286,5.630554629741451,5.194323015222413,-1.9355212705822933,-1.4953408044593117,0.8786424062672817,-0.3925295227119549,6.4196416587487795,8.642879263244145,3.972695980973506,2.9949782473392794,-0.31127053548573913,2.536935652624785,3.696978074100211,4.199010280128005,1.129598123100519,2.311826328700769,4.545669022475927,1.966278224911703,1.789370983078197,1.3257509891986679,1.7523961458003785,1.9210205859457508,1.4280853589919213,1.491609172556091,2.8607844775242106,2.273006254509935,2.544028395829824,4.602666571401216,4.493242457377027,3.1764048639103777,-3.1574872811572954,-4.0423964872123905
7.074386988596923,6.575326349714133,5.455889375512236,2.82427356963061,-3.8193399264426025,-3.0714662423880137,3.956222038455856,2.7946850763842814,1.4975972113915832,9.626864447511494,5.596233863562445,1.7150000053238863,4.323966444864842,1.0367850850551068,-0.02822407873826394,0.3808307288446332,2.4030112682668143,1.0165274664283233,-0.6023233699504351,1.2976882356288137,2.528780243701621,2.3304690699161017,2.0581645248981557,2.2679136622711105,1.0904850476381807,2.7226175598926465,2.7389658673730644,2.8338211593529716,2.614675436518297,3.0070711789628244,4.92364646844846,2.5352562303390234,-1.1144931317635887,-3.5025707611442063
6.602884584531382,6.046900921656476,5.59558298295769,4.375816797393296,-2.839939079958224,-2.327458041861061,0.28409389663941664,7.8183885939544515,5.964670348834937,5.139735485505436,4.850243397183449,8.809548556864947,-0.3418529597295547,3.1045302526632526,0.704887101879877,2.7066502292943815,2.87467215832792,-0.5189404286043353,0.6335268769497517,1.0107557711868178,-0.6364402508572745,1.54469056353066,1.4696556784463082,1.6182424723221056,1.4287692748097711,1.684831650983883,3.12485665225556,2.535379152279227,2.440823945593128,3.216589420818455,4.348592450912621,3.3928444778274485,0.2980070153168542,-1.7830380359688782
6.348027601665265,6.017722704992745,5.240367935697511,4.32100073890855,-3.448340868344898,-3.744600624241504,-0.9010228073098961,0.8539183381389891,3.3142011580727098,2.8883966140661683,3.369610823761454,5.728080400712088,3.008110200969999,2.0968492476993124,2.527265940569231,3.394922567734578,0.8838101798873155,1.2374679940254805,3.3570916885238327,1.7851801241761411,1.9785190627510902,-0.26297005170463095,2.3230840518294427,1.8588085778000212,1.1229154636191692,2.71365461057212,2.912924480793997,3.2139236174560444,2.472640221181778,4.296886884762575,4.39822180917186,3.568786700810859,-1.0955010613816614,0.010944585249059682
5.933790496569797,5.76908571171239,5.255595776073957,5.113417860769321,-2.7839028969045367,-0.3744655645550583,-1.6012457786363399,-0.9740490933609092,5.943558280145506,1.280484202714703,3.276046126351172,5.490714581982982,0.23133002850643977,2.178085101929437,1.895600482099718,2.4709734314021237,3.124149972744449,0.9486614402911276,2.798689226535407,0.9417562472297338,1.3005743658899866,0.3464175034174607,1.8460491684741789,1.5514036762672778,1.9680165732091937,1.788109150632561,2.6425103780656505,2.8848114323405514,3.428934513024295,3.8259784688579193,3.2641522931514317,4.794384196389687,3.5688225684344457,0.8227481661946475
6.245030481722854,5.675295576538249,5.385800901622845,5.408360692568631,-1.902234468249687,-3.5439990818381437,-0.3630428865229076,1.3808651536263528,6.295352269461159,3.7265642782649078,-1.3763003246447743,1.5030746573200748,0.6508719055321204,2.6522482531129623,3.8312012425127215,2.0519819790332434,2.431170628607541,2.2132858328695115,1.1722341002126537,2.0984954816443895,2.5728341820834957,1.5586762647026702,1.3830265999070777,1.49612036230413,3.453980407310912,2.7913614873214514,3.287810073293984,2.8529589355369454,3.623999848463252,3.6516078411883504,4.087441474145555,4.6541513222797555,5.792419548230424,0.3660840123444727
6.596605675970283,5.573437279602622,5.896606932848669,5.113975344668048,-0.8294278696908154,-1.866838214148022,-0.2719930427889883,0.9899824726932687,5.6625881716031445,0.8930597174452825,-0.35068038609294766,-0.6238680387043202,2.7186306817523036,2.406397490962414,3.2666781331480244,2.233918456778682,0.6053212860144779,1.0355883990970831,1.2927441594672229,2.8607966820180417,2.063985944227538,2.2669839209324043,1.7337846608550773,2.0922527896604253,2.068144906187359,3.71752109455236,3.540270862343801,3.2448711208506316,4.061624270790095,4.534202462636544,4.7566471461530835,5.390952096444716,7.566004087213757,0.19140403792863458
5.670625446923793,6.065926578950408,6.27814113461789,5.7186734551492915,1.3433643302795042,-1.9511066314633134,-0.8427552495375443,3.4510264321552304,5.570447557997868,0.40887104145956926,0.6876462696982563,0.8654385529665624,1.9268929254685558,3.208995635944914,3.300999163278084,2.345321521616536,-0.6355996572223321,1.12336252220615,2.3016616019254705,2.547328480213623,2.437239882341122,1.8942308348786985,1.314904188455143,2.9451710991225415,3.232641272955466,3.6801259459345244,4.185713571778028,3.2606952602026076,3.495255630247157,4.56583454973976,5.2062032252028905,6.459016752971974,7.657332158459949,1.146138145256954
