script/wind250m.json
{"header": {"parameterCategory": 2, "parameterNumber": 3, "lo1": 3.000054539987559, "la1": 64.9999836372058, "dx": 0.5, "dy": 0.25, "nx": 34, "ny": 52, "refTime": "2026-03-12T23:00:00.000Z"}, "data":
[rows 0 to 24 of 52, columns 0 to 33 of 34]
16.709964682516542,15.33361450898927,15.899809592572417,17.622038474438213,15.299926392554148,18.878502048642396,16.872840441602094,17.801119266081596,16.32394501018932,16.09464805716474,16.07514285841828,16.127765649864838,15.785253716912518,15.942824665030226,18.968895168756536,19.519180760045497,17.428313470392588,17.59721942488785,16.116260743591983,23.78656036606998,13.345728841807045,14.747778639774456,12.83172815618688,14.94545248735264,21.77041638919922,6.685570065089312,14.815260884144584,14.891469929970647,13.02942004437245,9.840787690443776,12.303861377692321,12.207994807862201,13.453512685653564,11.218473697315137
17.155961856211785,14.938120926323078,14.835788968038743,16.45121938228996,17.902483562407244,15.518787531281045,15.35850907281116,16.915814053515366,16.614673391409625,16.580732344509315,15.984532487759973,15.91084610444349,16.03095529372155,16.670557069510654,17.915878277793023,19.230628186839915,15.970621464577006,18.7069720140337,20.554640755831862,18.63003368865453,18.98266679592315,14.303515232434354,12.555145470218527,14.984654334730449,10.74221406359047,9.944001184968348,14.180433957863958,13.278198108471754,15.987686277346564,16.71642073199149,12.044945904735632,12.398799670644376,12.606940182881644,14.506418920875442
10.307501918308638,17.04259291864895,15.50815750725051,17.164727909003567,17.06898011662349,18.913483150696923,18.659959536576878,18.27856664490145,18.388968259367168,18.46659010372226,16.88084544370084,16.06484445903953,15.996123427564712,14.92711814715718,16.880663819631756,17.461884117684686,15.685462162040285,12.553370301038914,8.95505821972754,14.465261400057768,19.72964190506612,11.863885642197882,8.992119374749267,13.336886262639496,14.34023292686261,10.20816930681674,14.089692854216905,16.810979240134696,12.662531177041625,15.00060141169827,16.55434158321396,12.327856532066628,11.889020883858496,14.061239528861622
17.711085701223535,16.03961365718072,19.016322071780458,16.069700348751258,18.730053870163072,17.783163327988493,17.58980217383578,19.06691673709917,19.54014584344064,17.549761138349595,17.080081988595182,15.358171412315809,13.784272401694427,13.677589448395057,15.777748251751856,17.672768389736166,11.245095843122364,16.045028925626454,13.173462597237638,18.331128055577278,19.35911299299775,11.209433804840726,16.218438783991914,18.417915136329675,11.930771296847771,11.789141964148822,15.787452623950525,13.964443155080147,13.41934021466006,12.65294296720692,11.22670740042527,15.680998907119022,12.804975767834042,12.002663029567227
19.59118602927573,17.37053381896742,16.8469717124983,15.171602095901832,17.4151877180826,19.30389876692497,17.318751390246337,18.9595635735312,17.889748318382566,17.177997275410625,16.585805036729504,14.688193662285368,11.353513327228603,12.524341899997198,11.669369487349268,17.09721332973968,12.282138748082634,12.990113929456385,13.116644265351777,18.389752369367685,19.88872416109496,19.751672606995875,8.128123022976887,13.040443356697809,13.849379338127784,15.980218739598422,14.643896677231758,14.338951339345074,15.150112679412283,14.942158306896545,11.706630549828297,13.562269130666765,12.225155987487902,11.440466003954382
16.820919739980063,17.5874132933958,17.46546150906988,16.388121641442694,15.095101831366229,16.0829486794315,16.58647781839868,18.655718089101164,17.91521313066724,15.70269264504401,14.847679800521146,14.354792801488864,11.302093559906522,9.352760824636304,10.901589896138237,11.060490798566232,8.675504196320183,15.847574884251207,16.435668968147038,15.85061750722086,12.203869212160477,10.507914815353612,15.31504686678435,11.700093936517714,10.654080221113174,14.679128356636442,12.52306211038807,11.512571201096558,11.49750994521556,12.71901242723844,14.546696551335248,11.278721128855997,10.633530632407355,11.974210134645539
15.771603904438065,17.37586814694717,16.49854556190305,16.408007790077274,16.958886828583623,19.86972032499223,19.417058668776367,17.922065662167935,16.97616973869959,14.617704985158428,13.638372616755206,12.49386087886336,8.752105533936746,9.908926462896655,6.875323817673634,5.621921643215464,8.497796044884925,19.202153204781908,16.19335296843011,18.52369504775788,16.941204870855252,10.652656797438523,11.908072981099812,14.176083593485606,15.345940338829749,12.735851989291227,14.12740205519276,11.018884332936498,13.114337539042303,12.799965862304777,11.518147055279675,14.79570725175378,13.049046663268967,16.40244617111333
16.381234672432804,15.498589425156128,15.292839389500587,16.580889994111814,16.470775147178703,18.060612081642063,19.025686283555185,18.054009278401246,16.15103633831866,13.658354472499397,10.317959080230397,11.238164254213741,10.385589686279276,4.289963393504821,14.82163137288033,19.198927422357457,15.859004010910304,15.042379174323605,16.78694039525014,21.985717313052557,19.4611961571987,12.728859992459329,10.470625311025513,8.651460399411379,10.869004034456383,11.988436364159202,14.6534386595373,16.28363452995349,11.05397022276103,12.70355320498296,19.636813153921867,10.678505106488158,16.05995307747323,24.724093619656006
18.27097583942286,19.443864032876924,21.355035226770227,17.38365353651144,15.802001450111591,17.282276725196418,13.662188828327011,16.919346235570966,10.822188344978978,11.685042446538569,13.486715313446014,4.985882018107893,10.293973426127062,18.596738026209156,21.71416204064737,17.86489144744924,16.484010131261776,25.257575968798538,23.220478687640643,20.438567673611264,23.09207193934219,19.61335368628788,18.94610899199865,14.498367800365576,13.028688153910831,14.833101170218775,14.177588497966187,10.485037772045152,11.806418842326638,11.354240144093875,15.791919278808432,19.868528945732887,26.858834869132387,25.595587794053394
16.01542884737736,17.4222947566579,17.931581583458666,14.729009748662799,16.45677641255039,16.702548534423208,15.308060314177256,11.695535071592557,12.247551859412136,6.360855421187019,3.563856616071853,11.179813588973635,18.130685640483854,12.126454311613422,16.1968275486493,24.248254967406936,20.79246342096227,18.74501876492552,20.861739317262728,16.371541543906282,17.244317907780044,18.811808054098275,11.507253973578882,17.96633392684407,15.397372642106856,16.188040253095547,15.375380523955348,11.493926248822957,14.226954426617873,14.848516457084646,20.416104297204367,28.189915024587183,26.671821058052743,25.91321971071265
16.809283246234433,17.317871770737685,17.810734011603362,14.295997365701224,16.78112440332058,15.61100146457084,12.480876975978337,10.499464085496063,12.470735214480463,9.318840291260683,9.478693456051634,16.028485214491553,20.406483979716363,19.037609003370203,21.91586666605371,17.28769257353013,13.699399259152758,19.42139758351976,22.00223420842344,17.66044657023142,15.810392799481443,10.421014983143042,17.784840708863996,13.549221166052233,16.72634303671432,12.660674441560396,11.837877841311322,14.66468199966427,11.78518519394541,16.278723178357318,26.440269654242133,27.411837367082786,26.75171118456263,26.26011580503659
17.25849830559949,17.089379362593455,13.959092723618742,18.50598642322748,18.27524551048001,14.522731495424951,14.254500632532894,10.954650913577924,12.659735707500761,11.693360038788736,9.611671960653196,15.423994679112354,15.15896715874767,17.066364489378707,17.87692070435119,13.733026020858372,18.43195126359008,21.644913797492354,21.67071724360083,20.6867160766517,19.0890016157645,14.659508418366713,13.514328445678691,19.37862282260179,13.130167664911664,13.536297943598981,17.513764490658637,15.773851968950066,12.740183669814025,15.683348194840834,25.91615153688147,25.494713916085956,25.643305587353428,26.001377823985976
15.800489574406457,15.794077381343163,14.565573411878667,17.510080979505062,16.79385076577847,13.297359858850834,9.761869449377421,8.162808947639693,10.767475850135064,11.926746734092472,11.272870444534956,13.080529382991626,15.28099250754399,19.53586464891278,19.90883380691624,20.01942950516091,17.897070116425997,19.251168224579143,17.95462418164687,14.884574583193045,16.714041622509836,18.09364068563044,17.369978318340717,17.42324967766815,15.628786672791648,11.024301922756623,13.290491517030272,14.95453203997393,12.038707168297215,19.21788345195565,24.407384317664953,23.954383602354742,25.15812854988542,24.4409151991474
16.110950685972888,14.580288844917712,15.29224185294321,15.383322089055188,15.282137910090047,19.878968048327124,11.884737528413025,11.006198391302048,8.95072602859081,15.27666361667802,13.118134016379722,19.090553352803322,14.616784981097444,7.751623508747429,15.77642787597796,19.436652539218677,17.175996759535035,20.028939362721697,19.34646661038354,19.437648470907213,15.377940950394063,18.80020919533578,15.898553657306593,17.297024961647093,15.65134795575345,18.547064012668912,12.930698450745298,16.197602016788345,12.847945315056926,19.571342081415416,24.9492329141363,24.45866538575877,24.06321157903965,23.456771778565162
15.121317021974376,15.2926311677726,15.085022149046537,15.449142263382958,17.51070660255815,10.930860176331016,6.436897098372251,15.676048558667265,9.719408718518832,10.914771122613526,10.680684574173986,12.989741756648105,15.706281419978644,21.25933815145793,18.574542525378448,19.59362012037316,11.870819090553564,18.449810118975783,15.907287831081078,14.056612316290446,14.866685957724062,16.389553379792765,15.217554505472528,16.365380177741184,14.886617155262531,15.200004403938552,15.649771089060003,15.060962191474692,15.962993216161763,21.6740492767774,23.938891966109765,23.44761760445113,23.441815448591516,22.584456714029045
16.333034604294685,15.419391242561172,16.310675382241023,17.06472271308082,17.994998123665923,9.393774848351537,11.023453224403914,3.822702207727653,3.553424611692627,7.227418941080999,11.08604402725868,15.442887668236233,11.562821468895415,13.551855562193806,12.593889318336382,16.16878763272169,16.812093230890788,14.210172489844984,16.099891505271593,12.885303423612621,20.16522690364287,15.815834377602162,10.486241256467546,14.178552841194838,14.398741268287907,16.24675301594629,18.202832525990434,11.453202345879186,15.149075031293812,20.80900650072496,21.48355332874745,21.553719783296213,22.06450397267112,21.775059116418536
16.526429498319704,15.360593844321066,16.824950894506998,17.17681463822608,15.027936441422948,11.955389824996532,12.66671469853452,16.21177219072257,9.486848341820295,15.963165116817175,16.655707132985828,15.642574053907927,15.05528104448111,8.672142340190765,9.869917989174764,9.350060644987249,15.08270931214114,14.657385737196925,13.7846010538658,13.20398077283707,15.331147543799156,14.93368969579878,14.358141846332082,12.683554160318742,16.927635093381824,14.540664527239592,17.78332642657803,15.515245181592453,15.629665336822544,18.81917035796128,19.5795098832937,20.602750363248322,20.308663550054415,21.798094875117545
15.465578962575988,15.899157415711013,15.890285899261597,14.872725611001659,12.74995131039914,10.245685972185775,15.498143088144074,10.639417706833612,17.039830709524082,13.804498752546538,9.22919542955612,10.380206004978476,11.527434738571163,10.704212558815378,16.525255052407243,18.78319868023417,15.679871252307692,18.56878054367733,14.661806542254391,11.36158140598901,13.868556915721777,13.337849154970172,16.022792829899643,18.10293450605001,14.319562125371052,13.189918846500676,14.09919985784763,14.417850164355308,15.69725807294025,17.189546182464134,15.796960956041303,18.475743736783116,19.726632983357867,22.455681092652156
13.982295311558401,14.449958282913675,14.196040860201263,13.819307748922517,15.26974301084872,10.66560993381231,14.053178190367243,11.550719496456178,2.1461812684527164,13.820590748322106,12.69219490555259,14.594740294070787,16.23881458386388,16.39808160211289,12.784952754041564,17.63297626464124,14.048434953889158,17.124752253349733,15.876039808026578,13.997351630424177,15.796024057220174,16.0522921947289,15.834901562565063,14.907244742212697,17.596852386326663,13.497151059545352,17.311534000192545,15.323335844150966,15.973449707391039,15.260229880859965,14.628473761435865,15.453566302748477,19.579374689556705,22.440305311208146
13.760585455329386,13.900310014971971,14.277163701114599,14.885904197431246,16.136837169968835,12.462556529090453,8.810015497117368,13.361690947741032,13.525282652273908,12.540261270050546,17.563295747676747,20.483817281368925,15.000168012668931,15.67824339436757,9.164236555220112,21.61925169348208,16.000965376394408,15.959546320104657,15.131362388527998,14.408742102608409,14.060516460513574,15.031654102040186,18.771606683049598,18.168000067702078,13.714696584927745,15.62369615258548,15.187754222992536,15.571271250066845,15.33704117363127,14.756505657906922,13.85906596044784,13.786082856745018,18.573597076238993,20.223952149836787
13.423353863904865,15.125465981629873,15.517110840118798,16.19682676982403,16.77301843679236,12.321023636783227,15.617240134647728,16.10980419186368,12.009047051674509,12.10544737337492,18.37204857167153,16.737641788040115,11.994139179586929,14.322904766724363,15.001654198190876,14.069949512232718,17.348100776849186,18.457374531959463,16.579055245227618,15.023297652968038,13.416546724039515,16.511127650914283,19.45997570399089,16.497991877922637,16.27977776843488,15.644136241173252,15.56126828745976,14.80019524604877,15.476825244885248,15.221356345670332,14.20702648243676,13.823941947768901,16.805378202358202,19.621835582516297
14.046008706728916,15.104374170769372,15.013680439140503,15.76234339959065,15.870587532410385,12.269013016879644,9.06980673613449,7.899162190108322,9.134665125477762,10.60610539646141,11.704580729730868,12.33479826833671,9.650871074921064,13.433473191122559,11.249603329110347,19.179428468741524,19.347191432316794,20.853637674902856,17.408570411386606,14.70918137120903,13.573913210784891,17.226032561808314,19.29147723619637,17.721018452087932,14.460993237878398,14.771316107335416,14.706404582127917,15.634096224259146,14.943533148676018,14.453928051041979,13.549363807638448,13.669996478124316,16.913038138781246,19.391638083651756
14.19099188275915,15.329748331698658,14.762852802278283,15.324439870827824,14.772637288285393,12.038708320209274,11.864746743278799,10.448399857525954,11.733167404702524,16.467233787458955,10.42259706933034,13.729673933617116,12.392580256936732,16.520784970732336,16.615521863167338,19.94499195192707,20.577081633840297,20.628793716303935,17.861544408866468,16.522389897805308,14.109739675100874,17.38371735341064,18.28811635592838,14.29747384926516,12.689649620049295,15.246358563624609,14.303685619116678,14.376831463198513,13.632766304726289,13.598079914805004,15.10722060571798,15.023837850988693,15.898834865729691,20.532800456809145
12.599301186911251,14.4334900529938,13.643647163701184,14.641339181633922,14.983751052955341,13.39128196842627,12.251864901115315,10.813455098059167,14.370712255457748,10.600630037516387,10.522039381775881,12.929980109334364,14.625835270163467,12.006251942221496,17.54769483599462,18.539481670543616,20.179292290900964,20.270940371480158,17.676695963086882,16.19234048720842,17.140558068753805,20.706934779480996,18.913490658020343,16.018433801533263,15.392908416173274,15.996527106537751,14.858725696903925,14.811281868173383,15.157513150118158,15.394062874373907,15.56817715405568,15.593035518681804,19.92267001002228,20.89422638954567
12.84119283068545,12.378900379238885,13.17903669834522,14.042515395287623,14.431022285614386,14.705681072359134,7.963128961314745,15.75215648758482,14.115935513785644,9.867018589544468,11.55305451701467,9.632717253350854,12.302510965754895,14.131975195414702,20.13217648350013,26.18837267149673,24.74382796979862,18.90511025056066,17.983360849355144,15.580136480048514,22.3908207826246,24.108937862502675,17.73680181595973,15.85358007308953,18.214742579683985,16.48763731134877,13.79006981546994,14.081009371498352,12.568260803006233,14.637756185381988,12.731410277176032,19.642036155100545,20.71925679237302,20.213589271750934
