script/wind10m.json
{"header": {"parameterCategory": 2, "parameterNumber": 2, "lo1": 3.000054539987559, "la1": 64.9999836372058, "dx": 0.5, "dy": 0.25, "nx": 34, "ny": 52, "refTime": "2026-01-23T12:00:00.000Z"}, "data":
[rows 0 to 23 of 52, columns 0 to 33 of 34]
-9.89018093849732,-10.34688714003085,-10.590084041073535,-10.606133272780127,-10.503099864270498,-10.237022089541346,-10.051879939637676,-9.948859437311267,-9.865309768930516,-9.622272772526632,-9.513770601085074,-9.42867716342826,-9.544546112209119,-9.91681239140749,-9.934680477919741,-8.465134562544309,-5.567902782920285,-7.071763889625375,-3.889277644065919,-10.066843569893264,-4.5259728495690394,0.8371747935486764,-4.517750616422485,-3.0308573309149613,-1.9775776519620858,-0.6517734290637788,-0.854039739200249,-0.48090673140245044,0.04589229872524807,-1.10580669574811,-0.5475376962635696,-1.0800685001500079,-0.7222937366368868,0.5431621134616442
-9.56056487729587,-10.035888354176246,-10.337937848563177,-10.390316075742222,-10.1247965725523,-9.909908987108267,-9.749193945587008,-9.719209917781638,-9.822324520702496,-9.921572732313553,-9.583302478767456,-9.140568301566002,-9.198185874568862,-9.541659730839202,-10.42580042631973,-9.552189249441925,-8.558843194418305,-4.416666120558146,-10.631920478819296,-7.8840644059043825,-3.945992343680026,-3.8418176710002836,-1.283882330197291,-4.556865003561537,-1.2087083510197782,-1.4115098033674847,-0.7468533720546736,-1.6260953063866908,-0.5674278877128802,0.17896546978884084,-0.49924383873748307,-0.6190353611557599,0.05006632401815605,-0.3581890938433079
-6.701168150346062,-6.336002339452531,-6.11322350701605,-6.377140010444777,-7.254594098234851,-7.705428472344394,-7.829875490873135,-8.740656026441515,-9.611371178191858,-10.232888067826899,-9.292068523170437,-9.286715000656965,-8.588510919749108,-9.314483887705617,-9.50210435177746,-9.291769400669681,-6.173883638016319,-4.2026292285887745,-4.110620782140096,-4.260789368813339,-6.524367844105868,-2.660453975462574,-3.5141610105590733,-2.798026232578418,-1.6045829386543986,-0.7143763743409967,-1.2604819689066293,-0.7593806373129881,-0.8105689180666508,-0.8146024682964974,-0.2753052772573777,-0.5123292819159789,-0.3277918397714496,-0.4059846206315883
-3.680696465549786,-3.699570859887441,-4.11699893180599,-3.7850005517190954,-4.517321468455532,-4.920274166965796,-4.37892958621544,-4.330026128909599,-4.64595970595762,-5.8265283596871935,-8.180847925977291,-9.18208320448713,-8.753266948752707,-8.802129065690568,-8.499706367970347,-9.906441057457506,-3.9967872109649236,-3.475174160122374,-8.693912245523121,-1.49933746156347,-5.664435721715581,-5.1236905747338035,-5.1846720706278075,-2.078511914396552,-1.805380598964767,-1.8553074583676554,-1.3341743626872467,-1.164769743107722,-0.6528329566885169,-0.7042097063322222,-0.4646359108742588,-0.8187524546524653,-0.5371030590259996,-0.6180506115986442
-3.431363768372921,-3.0946446349053343,-3.2519365884206417,-3.661824634888157,-4.2442832848099785,-4.225767612170816,-3.6541759151666366,-2.9624094234546137,-3.2461479136920515,-4.171760868249167,-4.813674706332313,-8.098687328466246,-8.448776361725315,-9.06022081653315,-7.162190092391638,-8.872603928297456,-4.589495054421206,-3.5255014127070914,-4.8201514825168355,-7.5591144175556195,-5.664126764729314,-6.45395961716993,-2.2452419267166586,-2.5192221160940935,-1.7861088437529387,-1.860225726931129,-1.7845187762349064,-1.3832896198545563,-1.0335037462717838,-0.44572637613463206,-0.7458319031268985,-1.137494434368385,-0.4357063223706412,-0.42998310953913
-2.957731138718368,-4.039159122577314,-3.8284519231383847,-3.638251243635127,-2.296374621248953,-1.7515519019733197,-2.131610272872025,-3.6677544793085555,-3.1557813835034776,-2.8112391612941323,-4.257208839330423,-5.73459753936295,-8.0953310486586,-10.063366673753963,-4.929720430390932,-4.042209241138979,-2.363163754376039,-2.234751856074127,-9.400243983372103,-8.363628392818104,-2.64903515489612,-4.3553473503832905,-2.175259198468649,-1.938974324716543,-1.8832340871681512,-1.7494862919681118,-1.571579484352602,-1.6074497927113007,-1.3399710036138746,-1.2674536251479054,-0.9314187498889009,-0.5227475156632256,-0.9274381474015119,-0.8978265493309606
-1.664258695513247,-2.5694106504940257,-1.7516347891126562,-1.010437568366744,-1.0522124485510096,-1.397534044848372,-1.5157648792714993,-0.7321187939280569,1.781226693615714,-2.25634792794683,-3.15145436387691,-3.471153245175023,-4.576095786431308,-5.626875257104808,-7.522891325826179,-7.358519148596344,-2.148873609994935,-3.7031346108534526,-8.90736180990271,-4.485236175940074,-3.1869539964318236,-2.465890712827759,-2.6091715290491932,-2.1417977123914924,-2.133913145273972,-1.7028998581294652,-1.6523287374791586,-1.18937898508734,-1.4797293274188654,-1.642917499567302,-0.9184034867437234,-0.709333859445858,-1.0079777372145668,-2.671834048676263
-0.8371499774275453,0.3816834675234612,1.2026083155272227,1.0208915888412238,2.1783905861058743,1.2719249067897815,0.45780273871243754,0.6699564296907962,1.3579107807963944,-0.4166418023712599,-1.9190519984454966,-0.5903881882955747,0.5635083440045857,-2.879623673259829,-1.6783331680812745,-0.6705474117531032,-1.8098966268540075,-1.32313240414791,-3.2800207913134325,-0.5690797790667383,-3.822330827647042,-1.764758081705449,-1.9236401851456555,-2.9236415079081604,-1.7701645852479506,-1.8704300110784067,-1.6819885458491732,-1.713550807801324,-1.3505306893116549,-1.1077885076812326,-1.4063026342328389,-1.0314781010194998,-1.6190156293162605,-3.6393760696673745
3.9720681839178273,5.036262987652206,3.945715617638367,5.554059375760339,2.825357735974718,3.633178638435145,3.2465654848766134,1.4726750767389833,-0.3529851650504922,-0.04592317921828263,-1.7648487326084583,-1.759584422876084,-3.1024925704668176,-6.383398765795239,-5.066625015517017,-2.399131701992477,-5.329891525620914,-4.176934588875264,-5.73172192327171,-5.0075395087885735,-6.242096668864866,-1.3731565849147764,-0.7113145265344806,-1.5117494776861586,-1.6623086595213128,-1.8756613234025585,-1.7138985608753978,-1.3218286956298906,-1.1894587659249263,-0.9261581595899451,-1.4306512210370743,-2.5555661568782178,-3.608692147152377,-3.6292953205291445
1.8051818840363247,3.779278666115331,5.284513954055067,6.5833007457239585,6.392363755965281,2.6189931900972465,1.2759218853757541,0.7433944346456836,-1.477097620341205,0.46401539135940734,-0.7345067470122728,0.4417634497886882,-5.461989938001131,1.5866747354643034,-2.3995055073566984,-3.1999442412656425,-1.1021920000738605,-4.902001973217396,-4.928636663539434,-2.085504813278937,-2.295121668447143,-1.5623854828291308,-1.1852269494960055,-1.351047752472803,-1.5109714772966503,-1.565674093821698,-1.9683412584536086,-1.8531101335457447,-1.746445257051259,-1.4381252561012168,-2.3734046327910807,-4.578191039013297,-4.220564571092494,-4.429462625110481
-1.1522659889971039,1.4471761465923245,2.554727130028456,3.759005464993865,4.652529194695183,1.141254942449648,-1.9503260800797537,-0.3646881835936572,1.3447783777371924,1.4707615139774275,-1.0944287482529247,-3.409221639292284,0.18292872850779893,8.248551067117551,1.2138206665033333,-4.459695228363212,0.14829482865366894,-1.9179835664494622,-6.43448998752142,-1.1656726695908248,-1.8443364362771768,-1.520033744832609,-1.9978187475600122,-0.7686195809148666,-1.4689129345055918,-1.481173534018369,-1.676185523448371,-1.5743562854702855,-1.1501142126788222,-2.087709788040035,-4.0334670645270645,-4.611075111555389,-4.490300636663996,-4.690996277152357
-3.0853160483950095,-1.9692182025533058,0.31003467411228075,1.8086061823322466,1.410468381558776,-1.1049444226631604,-0.2544585594148534,-2.908791528883356,-0.007575753571479398,-8.807719991694585,-3.7953820008751453,-4.829877970055224,-4.139700562174887,1.24924067708727,-0.4978762250518303,-0.9212197622944461,-2.6913043366662466,-2.915834682014718,-2.250740352648785,-2.702049096155358,-1.7186942000458143,-2.0854771015947957,-1.110620073837371,-1.407270852279212,-0.9940328756170409,-1.231695402139511,-1.7300266306442544,-1.309380840360881,-1.530670304798496,-1.7745162978891176,-4.395891557694415,-4.541351847368167,-4.335330930454115,-4.0575984766629
-3.3444123484861303,-3.39952010836861,-2.5310704333848535,-0.9777012203783938,-0.10581519654652362,-0.2998610598943284,1.7734508421761355,-0.6832180589258416,-4.167706968297599,-5.873455199247519,-6.6227075181225725,-8.740415656336024,-0.0942351548337872,-1.758100529329845,-1.6454876387690152,0.4937308892371441,-1.7511508683413626,0.21615368398180326,-3.3611478456846613,-1.4741316973938456,-1.5292173041485553,-1.769817736090363,-1.8441127360616993,-1.7718806787355286,-1.6360907833551253,-1.7916252218613502,-1.3812727726333371,-1.9899525720458469,-1.4175272565113852,-5.079725058342171,-4.8358885040912725,-4.769782749102308,-4.393292967504691,-4.0722423302890824
-2.8325565656014424,-2.931467084428714,-3.3714448328172026,-2.194623950999721,0.0355166263550259,-3.2346921300956573,-3.0279060861198017,-0.47844984594808615,-9.019095198614815,-4.614701673014481,-2.9423605615406196,0.8667806651714369,-1.9005689070198417,-1.6829753216464332,-2.6648906327561916,-0.7304331136598913,-1.2899274990524923,-0.9120944499273896,-3.0026777043988138,-2.1978143176120795,-1.2687387448005916,-2.974452782502979,-1.801542967174842,-2.0236482391709907,-1.4124868915472515,-1.7693800819263275,-1.8883451308267967,-1.5598102911421938,-1.643532802059635,-4.3439034375406385,-4.8640125260232665,-4.968534933273913,-4.998697999247669,-5.042107814150186
-3.3425973536144102,-3.4206406218667103,-2.4004807698072823,-3.4450532450896634,-3.162356684541477,-3.830335122612651,-0.49892988772372193,-8.845946562754962,-6.2340587317672345,-2.8174318780913548,-1.8412519951983255,-6.94136646661619,-0.0750282714717487,-0.7407937496310437,-0.7989211278384457,-1.901534965572666,-0.01949328207214264,-2.2578792745645253,-1.2028252843092162,-1.5344613280036186,-1.5050129869671258,-0.9149288448424693,-1.687063486643739,-2.506772927009867,-1.4936665765721886,-1.6912001749974277,-1.5311163892970268,-1.7310591736976872,-1.5878754016700547,-4.9087083962528295,-5.327518647752075,-5.501417835150064,-5.277752839618991,-5.1029154254695435
-2.4395987908291983,-2.512284952457953,-3.3482475990053127,-5.407569780755216,-1.6785543249713244,-3.091602204023153,-5.9730601137709645,3.033821679241264,-0.10499717190008895,-4.285241189418616,-5.809066394166617,-4.716566667645821,-2.873952613953772,-2.046842322734622,-1.0771269152695164,-3.1025290502275484,-3.1771628597446013,-0.5191377834752018,-1.9918425291907638,-1.8200812230963836,-2.207520296872142,-2.3748044351064577,-1.5210172576465375,-1.9888690536000144,-1.5298429338882826,-1.1684281282102928,-2.2937576869246645,-1.8137367490252752,-1.746024964139762,-4.97789398648848,-4.956510342209249,-4.318008115523934,-4.396957774494158,-4.310110412191217
-3.01212124614501,-3.5468596933621592,-3.7584557328010026,-4.05447800790765,-1.3136127454823154,-5.134591457300042,-11.068663663006845,-2.0494349236535614,2.5984270024228096,-7.017096392818702,-5.278931332804482,-1.08325490564815,-0.12965731744435297,-1.260932519119451,-0.5118061821612249,-1.3132456403831474,-1.7822977422622501,-1.1419541554232835,-2.8290437307158416,-1.99338119889999,-2.654618097600359,-2.7022876352348644,-1.5681053886346838,-1.1444474505363635,-1.9958610010730202,-1.7441397117492274,-2.1250571416238175,-1.5880965947327759,-1.5117437337707593,-4.462354950267838,-4.046085402186651,-3.16851498983408,-3.2337487687569237,-4.174446678647968
-2.67269254491191,-5.114262181316014,-4.37156876968916,-5.982408456952642,-1.4729570905121663,-1.7819914803948058,-5.137986236866367,0.6684203140738171,-9.862394636850816,-3.794870998651109,-0.6228823804737771,-2.747303279834457,-0.8741429675532564,-1.5824881006485552,-1.2530944012630187,-2.281350059112014,-4.7607894637090675,-1.8031187123745838,-2.341549346402715,-2.168293758440639,-2.280533472236555,-1.949671585161006,-1.9704619336148184,-2.168517923527982,-1.925385663267257,-1.8108179321080236,-1.927615162155707,-1.696123486486702,-1.5228053699279411,-4.3550725856830095,-4.094222592119651,-4.710782094859985,-4.605433154487098,-3.7131376978406676
-5.003429217525218,-4.368472369750914,-4.746748710606406,-5.316981279608662,-3.1551323431572316,0.7037718154068877,-4.456671736790706,-2.9769065154265535,-13.202028272355316,-3.4702028056639764,-4.9022405944442555,-2.2403785677306356,-1.6260470842351626,-1.7517190327896182,-0.6446754249294088,-1.7558368157789708,-1.6904340320626758,-1.7682481424609897,-1.4500033455217072,-2.2439788732915864,-1.8948879458017438,-2.9939413544910725,-2.1595947424584225,-2.1703458208901996,-1.5442479373765654,-2.0493460317715178,-2.2242390792658977,-1.7246820385462414,-1.4783618055548378,-1.5552657064518078,-3.9907076740305882,-5.7346807635453025,-4.551203121636262,-5.9064432237695295
-6.791238851268407,-5.433760867867884,-4.593022733931465,-3.699497700386398,-0.46698232822061125,-1.5347933661172402,1.3813209528827948,-5.997271284642803,-10.633970562271648,-6.374108445539067,-6.070707342942088,-4.011586839699258,-0.7471252078639391,-2.203411704776229,-1.7447139829936826,-2.2885290309555426,-2.524018603799418,-2.3595332690968536,-2.5680030655933477,-1.7200396366198278,-2.1897177954423337,-2.499020235384901,-2.3433926974325883,-1.9987537851360464,-2.2274021502000396,-1.9927387211870944,-2.519676122585116,-1.6973237579010838,-1.6984350539984505,-1.4919177441328693,-2.0194673773749234,-2.4218020947003907,-7.487396204886744,-2.7764384403523388
-8.777869581426442,-7.763676041371254,-6.057962119363764,-4.5339331129157445,-2.3906873110213764,-1.328228056330014,-4.499104164078355,-0.3826344535192102,-6.03882554192131,-5.934223410301768,-7.7785352689667215,-4.622545943598333,-2.750718503961116,-0.5154316403405925,-1.5494093517587706,-2.584490194604623,-3.0051540079703356,-1.9978566994724105,-2.60575205782219,-2.8402953030403233,-2.2098334013354215,-2.257379711927009,-2.8643452548214565,-2.619197096303463,-2.6582844634095935,-2.2359030832864772,-2.212516880838819,-2.0208465411083187,-1.5577631944027077,-1.980797208689245,-1.9644048424422729,-1.678177923221145,-6.497903654270211,-7.324425327309273
-9.873615413957479,-9.465535640052202,-8.606926092642171,-5.754667227752164,-4.032096628257505,-5.575118769088324,-9.770871342375695,-8.34171147002639,-10.238713251228136,-4.11044161842435,-2.099794915846986,-4.102226961636305,0.2340834007008804,-1.1675977746748496,-2.926779967375092,-2.1916962045468775,-2.5848086622459023,-2.440681374363223,-2.509505112732632,-2.8161864374232235,-2.4120008921762066,-2.402566646164197,-2.784798399778388,-2.605424437314367,-2.863765414584657,-2.4991167117334974,-2.109816289497122,-3.4645411571786378,-3.2264779278034355,-3.5360317758095756,-2.389060697608189,-2.0795384567290136,-2.3048756656116796,-6.815008832676935
-10.801018345990714,-9.662810217202821,-8.823284059642113,-8.251833853734533,-7.37167740948257,-3.2772359457085054,-9.639332287612271,-8.863922585074574,-11.258171605386941,-16.360774148113666,-1.4490033001602953,-3.979883260806742,-0.9210648821263779,-2.3682407020325567,-2.4907926231948303,-5.292645752208839,-2.6309034755939886,-3.2138365812920657,-3.552305192716344,-3.7898635053081984,-3.3136593581697893,-2.7155127618327577,-2.78569460698262,-2.8892998865666053,-2.892459890337695,-3.3211236222438525,-4.505624299817816,-4.889489773960281,-3.9902855310496057,-3.141268697380495,-2.562521976690531,-4.199920549846049,-6.742491689364799,-6.962979801237417
-13.799279325970788,-11.890462399810435,-10.620042799300977,-8.204575328934707,-7.530966881986993,-6.9475768372500095,-2.8023173582009155,-20.690903545183193,-17.458902049725587,-4.707221300005194,-1.4747084380415183,-0.44916438327461483,-1.7548733665285303,-2.579442677524752,-2.895214552447718,-5.796494992872704,-3.131950249165228,-3.69232119265685,-3.3190052949129543,-3.560930895814089,-3.5089925180290313,-5.4423896157758165,-4.595661616542782,-3.352181033398842,-5.162729855077813,-2.8667978058782047,-5.046411457872352,-3.143754514635136,-2.9675799167639423,-3.2478381260053624,-3.0348041614077377,-2.921375640933494,-7.576062729396186,-7.158956189582791
