script/wind10m.json
{"header": {"parameterCategory": 2, "parameterNumber": 3, "lo1": 6.000027932988019, "la1": 58.9999434238085, "dx": 0.5, "dy": 0.25, "nx": 22, "ny": 24, "refTime": "2024-09-22T03:00:00.000Z"}, "data":
[rows 0 to 23 of 24, columns 0 to 21 of 22]
-0.21278068091095437,1.551640242780193,1.3745634189476605,-0.258398251082222,0.15097832419096335,-0.9843376924709154,-0.7430153860236001,-1.190756574180275,-3.104815537935657,-1.621809950147726,-1.7060911979026716,-0.6153582966490216,-0.9045769241713238,-1.2799012444103226,0.39414186731011897,2.987350973727954,0.17927651280017456,-0.11793091616364422,0.3953255625907729,0.48818272263533313,0.28849400468172026,-0.34373133698110536
1.0701267784254174,-1.319170321769198,-0.026965502805140193,-0.8421447531304281,-0.8047042809217517,-0.8200009957559335,-1.7920492578355283,-4.785916946020081,-2.7597761345552505,-1.8501079229335309,-0.7812316245260326,-1.3384045625933092,-1.0018901870209926,0.7325512269655475,1.533540945567717,4.477496002785397,1.4915049413562258,1.5836885997705756,0.5207552620939188,0.4905567307479966,-0.17944015684485226,-0.21277898765395206
0.12017342807288951,-0.045819885976058496,-1.2611304333565017,-1.1550201852270685,-0.9244830224554638,-0.9597436569110153,-2.6033753537670474,-3.8668091152476385,-1.7483843989377146,-1.8874644068515782,-0.648666897853522,-0.49609891482736546,-0.24587716636080492,0.9585228372648495,2.197276649831018,1.03641135302653,1.2390822016579144,2.445886223513151,1.3037354948922368,0.8320168961704288,0.31948108708010226,-0.31322624468343163
1.1364061961130985,-1.0636334201041717,-0.38908596129073864,-1.053740756241397,-1.2583363397512288,-3.391004179042712,-3.543910890380357,-3.52540110427388,-2.48650841562556,-1.5134641846414831,-0.7677915932580351,-0.41164890646336544,-0.14470463942536985,0.5768715960908543,2.459226384702812,1.8026630659731537,1.3853942596852618,3.8135792115213913,0.6419843339073943,0.7553345748575048,0.038424166272969774,-0.41577071146671074
2.408189680309331,1.4558911436827267,-0.08197574828181353,-1.467731986825483,-5.081248815049356,-3.1025420009367735,-3.2107761285877507,-3.220214987552255,-2.749316431793665,-2.821738203591117,-0.8077972631663752,-0.7842296601697331,0.393511263586218,0.6160153865827398,1.2854695278823445,1.6421252230410017,1.4148276268110291,1.5665543813949159,1.218049946819605,0.5487539041196827,-0.038141016743234196,-1.1386112900424394
1.9038852741731742,1.0925278356013328,-0.18541255224391526,-1.541714054025735,-2.2237331900417368,-2.3296141018710292,-2.620798725821103,-2.324367571701292,-2.041486950480131,-2.1570230631532814,-1.296731029168168,-0.7111276199997342,0.0926813423480742,0.792456111998733,1.3681112458001048,0.6405029732843635,1.3301564634248244,1.4595075362702652,1.3822361861660257,1.01839099935264,-0.15700684431698847,-0.05237300402767972
0.9375363642638643,0.2138496720371422,-0.6380678368214596,-1.5954674590042248,-1.7699751551324894,-2.001700408273763,-1.6810106931037656,-1.147660543749147,-0.6762500501462434,-1.5815805006383201,-1.3623502022819853,-0.45374967422424023,0.10535643287923276,-0.4826883916252262,-0.3707395990378856,0.4041697277161785,1.0446818947544039,0.9264449710402549,0.9869205375971748,0.7913496359091059,0.5409003720846614,0.11750967725735179
-0.22305375196285807,-0.952605906947202,-1.852494364223217,-2.712425820939328,-2.295137314285698,-1.135525623704094,-1.146376364057187,-0.1694400006019975,-0.9862852601949199,-2.1102782382781515,-1.4919097307684297,0.35016133157917034,2.2893135843849133,1.4175715419515258,-0.041791033174721784,-0.5194114062192728,0.04995019951036388,0.25755929564491586,0.18256710047004815,0.316959888907041,-0.14718344597680588,-2.0168253463290666
-1.1276540168508464,-1.9724402562170473,-2.7210943916270236,-2.076160642289249,-0.39227517567822673,0.008456883495338586,-1.0448523726489365,-0.49626883148243894,-0.7997882804182901,-3.552560182591132,-1.3533672314554868,1.0260635701772725,3.3891276523549,-0.4124547054126753,-0.4645133445609665,-0.07474318396985216,-0.04757762075381934,-0.44096208413453586,0.1181677255386844,0.1716085730243265,-0.8969766861959675,-2.102051708855863
-2.016054026694546,-2.4686745576444453,-3.3862242051004965,-1.37834288922579,0.1401235302229988,-0.1571145915700664,0.18079328891414154,-0.9204963365130199,-2.016293510141104,-1.8946017228361662,1.4713860491421937,1.4193248916842758,2.126764538345245,1.7671367323924982,0.4008428433340626,-0.07230092390346961,-0.7994922204200743,-0.6105586916807847,-0.4217771163007741,-0.26976534091381543,-1.0687831449790652,-1.3459953866451233
-2.2371873189055504,-0.26486869046575573,-0.008518415482147518,0.9783302281064357,0.4651779217331492,0.3214082987711073,-0.47601905983575427,-1.0839042169943827,-1.6430536850261446,-0.2170473322575835,1.0276645381256218,1.4966614792537924,1.2278379602724263,-0.2611296462739698,0.018901960791491756,-0.33967948347200905,-0.12499180593659483,-0.7382040677214312,-0.7980330052186453,-0.9533140656440912,-1.0123729531212162,-1.8516732357687073
-1.3662113407589969,-0.15794646420064876,0.08981049322367535,0.6978755379772061,-0.052700306919278454,-0.13006878803738803,-0.3500834419337844,-0.9514982857231837,-1.425913822231035,0.5534675479976842,0.5005880545489363,-0.21057870254900504,-0.31932972157960815,-0.8059726723333892,-0.8905382545511316,-0.2613881625828746,-0.8342008008995889,0.07315868195238162,-1.0889115055446004,-0.6725448605686315,-1.4095172587946667,0.02106168207007158
-0.662766128223969,-1.1287631879463635,-0.32569100181262467,0.6106659897681428,0.4152001011386515,-2.1202583171366434,-0.993270983596501,-0.9990206392499179,-1.5729441503939292,0.8872290900694255,0.5216105962999925,0.36681961703878047,-0.08069349322234386,-0.49095568680669754,0.16895406819321485,-0.4596462634653783,-1.2855247286838092,-2.1859597788126095,-1.4435435718892466,-1.7282812526373634,-0.6357946314198012,0.044535658857299376
-0.6924487481945493,-0.5588712714562071,0.5952071463019618,0.5859911907372215,0.08002571754116723,-0.7553073805246365,-0.7422519571677164,-0.9807092270623775,-0.6669481139888384,0.2434999097958055,1.343016680660165,0.256082948791011,-0.5883792542976817,-0.5926234962866447,-1.0900488761185172,-0.9824722215952417,-1.1213224194187328,-1.1537763202054898,-1.078992340321913,-0.5500082531984648,-0.12229828845895678,-0.0797344226632288
-0.6382106458654566,0.050805579048432234,0.6769367484243021,1.3848534118929157,-0.12299932729400057,-1.0366544228948658,-1.101590275673109,-2.018406248337311,0.17750386989957492,0.5623616161174603,0.7182216158696254,0.5170950707314234,-1.3552770410634396,0.9676490763692432,-0.36832936644263353,-1.1453520844597975,-1.5660892211311819,0.6276063659595364,1.5746617730464985,2.331827917569425,1.7413826589909531,0.8154803529687528
-0.5523960141899943,-0.4480341120121022,0.40911704393590437,0.9308737649251522,0.8199028849945227,-0.9547597950756231,-0.9985778890157317,-2.296212448931495,-0.7977208329484184,0.8237432903448869,1.613897026926654,-0.21639959902374606,0.35622005116455613,1.8200121962001699,0.12626517791085168,-1.3349082162335069,-0.6892731374385276,1.5655460406373998,2.0100398445147554,3.5071165825140382,2.1837920222955547,1.7207318152533781
-1.185058947477546,-0.7019067582323073,0.20242486493132936,0.8565107925552171,1.1833632876475977,-0.03359252692872892,-0.8514892414271397,0.8252347861228445,1.0946554076182131,-0.8780617378833979,1.0000039232872715,0.5442230370554475,-0.49709202374788763,0.7665424597095734,0.5131532946256595,0.8886292232813677,1.1293960406078147,1.6606157247073987,-0.5791498657102652,3.5449833013429486,2.909431155127581,1.1950481735443756
-0.9286165328869636,-0.2714419557480629,-0.05231342511535163,1.029349913560564,1.0746292401057185,0.5555366265272643,-0.044997289025676644,-0.35226277058025457,1.479270650299053,1.3314432646516923,-0.6273432879459983,-0.20404849802292646,-0.9382944892808551,0.47148204491144796,1.0239610971931608,0.862984128065088,1.2573927055356098,2.927885993719286,3.2407191206091452,3.7195439627860334,2.1515759388941684,1.1661713554675701
0.2338029274862862,0.5183796427406842,0.44433691932730396,1.2795931304547883,1.6687379563337434,0.8432360432404608,-0.6107661184204712,-1.1547379480854931,0.7351511963651822,1.3587287500120961,-0.34715193316028803,-0.893900658421313,1.6084842492840308,1.068373944587001,0.597012727814958,0.23635551522969417,1.9409321406267306,3.310878398842362,3.270734890289965,3.6005011163819485,2.164821501030426,0.31571880720779405
0.6800903136969928,0.7094355242984302,0.9994770948372629,2.1720697430760865,2.582026423907335,0.9408797665996256,-0.6463400730964487,-0.37810213033689644,-0.009612758833880491,-1.6276921801727462,-1.1367342451705145,0.9852207021567003,1.2227769086321068,-0.11384968531590249,-0.9160350536953245,0.16219223626865842,1.5407712277041354,1.6713108734226445,2.8710938148493903,3.7251482243437097,1.646629742977683,0.8427071573375693
0.6688204669694999,0.9468113919840881,1.6587170367638473,2.4798377767190445,2.6192150193672186,1.912170422359665,-0.31351024117959486,0.3899536752058948,0.6891260863102913,0.2569814759406467,0.37838204907121825,0.9550159659297806,-0.7806120605677263,-0.15781667348840653,0.7194697766185433,0.4531766593949638,0.3667699119625494,1.5828428744666296,1.1763259845806329,0.6064196813482691,1.8625527130477648,1.6921184960880693
0.7817341525429935,1.846161189381028,2.143098825411935,2.31427493310584,3.344526505846697,0.752037339029324,-0.08936079811751402,-1.1370391098194514,-0.6205638114409715,-0.5549557217513111,1.3548386047463572,-0.2319783983975472,-0.5411890560824558,0.10928841635714684,1.4216981046755253,0.5801404994414955,1.468518904099116,0.550320556181442,-0.4202902706773238,0.7488347761694489,1.9886671991189007,0.840519477872284
0.7996763236153204,1.354301914428806,1.0157667487779358,0.3245271686222389,1.3642904758028924,0.05783160994256995,-0.4465510708577644,-0.4342620793337159,0.9088791343465027,-0.09661430300144258,-0.30012003353810524,-1.2192734595201253,-1.4289414680705108,-0.5965402522595652,-1.0920533925118776,0.636521373251908,0.9970169455464044,1.8590817836316225,0.0958857441832034,1.436113799537641,0.5259325999961351,0.14100589899593907
-0.6162216547881945,0.11401405207882198,0.1799904364016806,-0.33752269611646757,0.04109108179862036,1.036508875740118,0.911564637254101,-0.03200735155487563,0.29763890578910424,0.3944568576714223,-0.0095811422123748,0.08660064423451613,-1.5549140957740861,-0.1259936139903822,-0.11918995579033138,-1.0307434706480183,-0.8441991274513483,0.47770660987749136,0.15341836388251154,-0.46371029140038006,-0.5082677154221239,-0.30548699969515086
