script/wind350m.json
{"header": {"parameterCategory": 2, "parameterNumber": 2, "lo1": 3.000054539987559, "la1": 64.9999836372058, "dx": 0.5, "dy": 0.25, "nx": 34, "ny": 52, "refTime": "2026-07-14T02:00:00.000Z"}, "data":
[rows 0 to 23 of 52, columns 0 to 33 of 34]
8.8007298934327,8.599076881611893,8.455111773020903,8.163067167275656,8.01860688112791,7.503771940630321,7.451731987625205,7.201511596975599,6.848111935962815,6.620652190353212,6.4515268102872545,6.244621515565506,5.99197055179788,5.940272256289458,5.967347364466197,5.941388088371157,5.977145815345737,5.366018911231026,4.740682686376372,5.348326744161727,6.475574618115676,4.765280708467679,9.32320674322031,8.699661484928514,8.21660138682008,7.1000717863023235,6.207199781959999,7.13838348518821,5.908086645919904,9.652400938666544,6.189756555841886,6.221532561228152,6.352893710132338,6.030544248663892
7.96361699200936,7.675508799146498,7.474346604719163,7.306617945770207,6.856406623794702,6.833901324894275,6.736841996525118,6.557682768907611,6.575240766169543,6.3429593662476265,6.125698403462244,5.605482466873433,5.608905022451808,5.560852029018235,5.803420847478384,6.066420092772518,6.058077920557981,5.52112366338823,4.993773636858532,7.120354435061788,5.719931182783582,7.319808986791217,7.323411456025783,10.873961534385401,10.397038189041627,7.2905434616566005,6.371355926559058,4.006283914510015,6.590675178470945,6.630425836718789,7.474193860477562,5.227323935995283,5.717671105890211,5.525130889327751
6.546584438702655,6.499257223791128,6.22450255824513,6.242472756941094,6.316108540152841,6.152070625830179,6.099536772751636,6.178734222590735,5.976313682737849,5.676132024291689,5.107538634631532,4.850518753919197,4.9790970091169635,5.294175500267327,5.561619100109996,5.811690894240647,7.033313788966507,3.616273467432166,4.480846002126753,5.614673327242666,9.565526098270603,10.084969919911227,7.130308695444161,9.991741436441426,10.718178911374302,7.397212253682081,7.494433433020216,4.553287652244887,3.97818987508707,6.243020358575104,4.949303333329583,5.7133396354625585,4.21750413294431,4.442119297566381
6.029096354287891,5.8839189446499285,5.882432508686917,5.503935717470658,5.334814953314392,5.536795870190058,5.5966389261094225,5.411751807192684,5.049275696983144,4.8899209521595814,4.589935866428987,4.540763385527829,4.704314908912697,4.907887301645727,4.82501726368603,6.339103900157592,5.380602603159449,4.710183287885064,7.213589734345891,3.2273538476652748,7.8629391710444905,10.549957072051901,9.720148454950495,10.974333032614885,9.572672712271578,8.584967359464846,7.813260321780457,6.994202210291259,4.112837992949025,4.373662980076443,4.7894993600853395,2.6728100666283985,3.0594849556093515,3.392366497084952
5.761141817253235,5.60675859080387,5.30019760602085,5.0789369639031925,4.760311780061184,4.640178804820474,4.635119369291318,4.461515187999793,4.132683081094188,3.833478176286788,3.8454187333419942,4.173866634479542,4.445081714636945,4.23149011971763,3.7777776807034016,5.088941705264123,3.474040443761261,2.3603244415653117,3.433978311106506,8.206221499698259,8.034347555994712,8.716047229526925,7.303062757665584,9.025552339977384,8.853981945802204,7.6838459090166555,6.399140848238712,5.022503198701674,3.016557844556524,3.167328953549251,3.7255861001292545,4.341280306756139,3.2381264376587526,2.6003685180825005
5.284644102666656,4.9869330795760245,4.45360616331856,4.085643697053405,3.6930192400675046,3.6325898194878143,3.5814206398647737,3.2537671921727775,3.206121795061511,3.1402771563219924,3.5026533242700544,3.7211087532364857,3.8059936335191042,3.873768873316559,4.02988755933763,6.248156742575485,3.71361868141235,4.307804999815849,9.192380697456636,6.318083011130485,5.761917815036656,9.699116543123964,4.8582732759658445,7.753190743225698,5.839862109308298,4.3672727784644625,5.773978676655051,4.964766703467219,3.611310577163535,2.522658983899606,3.6072116066261457,1.9924595089174364,3.1430058163918164,2.8221687138453047
4.446541606368473,4.045401250524269,3.518856485034072,3.0558612691862366,2.5433248800638792,2.5369509704877125,2.3315457070152954,2.182868346072268,2.323756544957411,2.60564205984014,2.8638912709659614,3.7109659957020646,3.7849701904232607,5.953412008806709,3.981127783554845,3.5184581964352746,3.4314592912057296,5.766816748030965,8.393370529161103,8.49474134009255,8.584684867079204,10.608190494471943,8.674197248267673,5.675618792561066,7.601188056637377,4.6229970411246555,4.605729337607757,5.652241566220975,4.059068539655661,1.8915842001468814,2.5100942347280117,2.4209805339826502,2.692721110084056,4.181425921821199
3.389290450071409,3.0087963995786895,2.229804296841294,1.8307679945136843,1.4993681484981434,0.9904951127160344,0.7040875898016866,0.7719250549321559,1.2528067426715601,1.8949833229202935,2.375737778892174,1.1578352703775612,1.1886902170844866,4.92572080353322,0.15625443541524772,1.169228293465279,0.3325911273255941,6.033190154349644,6.694888766019649,7.4930561314721125,10.095930807603366,10.647970048431397,10.450891863140132,8.16006027721847,5.644179082937802,6.255031524365513,3.5550970463416496,1.6268749416099912,2.2250324300921225,1.46689004713193,2.5152156513055437,2.298614807096488,2.779474653733344,2.986840766005562
2.3122563352285326,1.754674978390208,1.157961773847727,0.32505913166318134,-0.12565845344735538,-0.4643946618590362,-0.4551367660323325,-0.09293165892512972,0.39066817072534293,0.7151800036120629,1.2450827315775017,1.5284986455837883,3.7599753279349524,5.550811254035057,5.351785282416069,2.741246871891334,5.034130297232056,4.943032746785489,2.81586884556058,5.5484037290177675,4.920897615736454,4.539678088790297,4.838628670392217,6.63139505472504,6.428648705083084,5.102377747422954,3.9450041675279,5.031755404094841,2.3456435165946026,4.180325790818469,1.541023661572378,1.0617402551005783,1.8114225897774678,2.11094524600361
1.3590895670224807,0.32505417279936755,-0.23691292015545734,-0.9823733649386643,-1.5169993533814865,-1.6410808570615547,-1.5624762878898024,-1.0761548217173287,-1.129713244286814,-2.0530181112155197,0.640764889128531,-0.06182067025375391,3.3274492579961135,2.0513843000246244,2.2821150971331075,3.9235296376250877,3.8793918976185893,4.474109517611631,4.491046714177488,2.373780803583905,2.3660394291271913,3.9937630932887136,1.4380573095776281,4.598111988578147,5.005527493736968,3.564253488884376,3.4335874460940268,2.723107560176814,1.9383183250863212,1.502891747023246,1.1769361736918056,1.2775010777296567,1.492537595366751,2.0243465688318643
0.009828020302986937,-0.7287347882628324,-1.6174141142558767,-2.6080171433911326,-2.8722086569604635,-2.810922495653703,-2.630162272776025,-0.7869337568884681,-1.3792089489869668,0.1227069760977168,0.5023996962101466,0.44135365302073537,0.9817526148339583,0.6056451879050233,3.138930383281072,3.5729333182356116,1.6298852313155061,2.7308640862019575,2.9094439199574387,2.562985042906201,1.4818745837795149,1.677470654968833,-0.00962198131781938,2.3485365681480115,1.3203680676331966,3.376139719522014,4.113967180143735,1.9878050089844146,1.7502836663908,0.6525745695593745,-0.29481715357845123,0.8436824431302404,0.730710273566422,3.0824725253445773
-0.9472691426468146,-1.863824734973713,-2.7145264605106734,-3.6809288560826654,-4.787458419556234,-3.204855809471027,-2.9210920560317795,-0.020377668510697125,1.0625886316451916,0.23384575503789018,0.22338245353346017,0.5743970285378407,0.486354465846642,0.275271722428686,1.466510915434754,1.5013994499632748,1.6679440423684224,1.6492378909359107,1.685963898216564,1.6544804643779887,1.0361592000153126,0.467106364410962,0.42077623406070064,-0.41021663305598743,1.9591795191162447,0.675351339435158,0.9897500688196705,0.8587461484957071,0.6730814142456455,0.47595510562892857,-0.45715770559573315,0.25482027532501444,0.38653378066601535,3.597354113149848
-1.9343617917003328,-2.632471757475664,-3.6345031686900815,-4.685588826011356,-3.2989070919810373,-3.179784998369817,-1.6607489006879486,-1.5595276974006618,-0.9923863962481466,0.3872269422940773,-0.3757052381705062,-0.1800210704530605,1.798663391219988,0.2008802110915527,0.3791447901225836,0.5753408480204188,1.5358392226667599,-0.26794675508375704,0.35345468869032554,-0.44711792884118784,0.12748209555727913,-0.12153413304461208,-0.16580801599655912,-0.431775829430127,0.1396991871682153,0.10601968749773996,0.295918820686825,-0.39104139120217857,0.13856507819007213,-1.0508105856868406,0.17314847647167628,0.496571117553672,2.507073020963849,2.2950784024951703
-2.185682579839475,-2.8720696216599158,-3.597747137754606,-4.61687489598422,-7.828374578335285,-2.907172107200562,-4.314829706629772,0.03088182343619842,-0.3178313927395908,-2.1227486628707495,-1.2541109045932326,0.14749679463613538,0.6853072793876132,2.3423248269919585,-1.4830338009900035,-0.1553815524454947,-1.4715474750692774,-1.2161061495117678,-1.041636450566493,-0.5336597143669157,0.5016291945757684,-0.8738098671499992,-0.7497179177936584,-0.37213747420829324,0.0663213981666289,-0.8974256358715046,-0.39740718501149713,-0.35702065039953274,-0.7486662898622394,-0.4934919392522878,0.449049453691811,1.3408186906194064,4.272875325432351,1.4331767662970167
-2.388355137502252,-2.6404228997306953,-2.630110273968987,-3.9078983887155143,-1.5389082691290754,-3.7125115890781126,-4.241381461541952,-1.7881710151915506,-1.9318687265381207,-1.6256259949428558,-0.9569092345661027,-1.2401080718415867,-0.7616812875685626,0.313626780473629,-0.3578635190906938,-3.757790518479852,-1.1985816570551324,-1.2709673666495804,-1.7508364461543409,-0.9147727368536519,-0.6356947597490814,-0.10415365033868182,-1.332695909673952,-0.5106218293212162,-1.7176999801674568,-1.5747097201473914,-1.2108046264062435,-0.34564131072802395,-0.4712128378803668,0.22267627940380366,0.3573637514470494,2.8854187474317072,3.802204526393789,-0.2937218352604683
-2.367432801299059,-2.174118008951755,-2.0991621741742126,-3.4501549145372903,-1.2113246921106584,-2.480895811121963,-2.3518081157891007,0.19303865012864474,-1.5029199851031332,-2.6888225695943535,-2.6473340420028184,-0.5167497677037859,0.9251961713161253,-1.1102676351077405,-2.782288418770778,-5.133422974490592,-3.732046962558446,-2.9640103062922196,-2.796704896835917,-3.3759293597715883,-2.9617264963245766,0.23832854573375725,-1.4417146878255245,-2.655150110366105,-3.478927199325868,-1.4359325129612144,-0.8771618535241372,1.0895437220899673,0.5108503178379343,1.2226448766694535,2.4767167977616733,3.532987980315867,1.1151783014401913,-1.9142664065228694
-2.2618190421240354,-1.2700013817089162,-1.7490770696636737,-1.810785245525041,-2.218938572756727,-2.4382705515272964,-3.0730910739876767,-1.9412606163247144,-0.09711775355601777,-2.0363325478873175,-2.4522968130495775,-0.46744270073955624,-1.376031550550407,-2.999671617698398,-3.922137008320513,0.6064081016100074,-6.684462866008213,-5.18286328081134,-6.375942446967164,-4.652306221017415,-4.668486270279899,-2.637853258962289,-2.3132263303048752,-3.0831397752669245,-2.8364585561860287,-2.7007460247341877,-0.22308848407631848,0.23378987348166647,0.009860144871489304,2.6417495525891814,3.5130050196546607,2.3409078375482446,-1.8544205121019264,-3.062021847729439
-1.555278285341254,-0.7879692044888311,-1.2435394277231973,-0.6339465684734672,-1.1420492807176221,-1.776712962095855,-2.393314176584874,-3.3138848869410404,-4.770142555110401,-3.27783582598372,-4.16365237683141,-3.785929462874093,-4.474715077297548,-4.0093591711081435,-4.056029261145144,-5.647318851956154,-1.4368505628433228,-5.041532842696669,-7.368846872271949,-6.789406902160087,-4.757880710483464,-5.315153092742108,-3.291670038906,-2.601242804114278,-1.0383306027510846,-0.1470161405884589,1.8040628477295297,1.0917232164201314,1.9231951257009623,3.900118546084749,1.997174929803181,0.5841072958809228,-3.294672574608251,-3.254325587279935
-1.0509619170601117,-0.486851461292948,-0.30877183238655465,-1.1742635188089972,-0.6444841649155569,-1.2901197198490653,-3.365355073517517,-0.9591228549120039,-1.3968461286572622,-5.167454294757881,-6.130690198527796,-2.4689955234167273,-3.4175474119517624,-4.583173770432872,-1.0694615593609067,-5.572376125081454,-2.909030754301538,-5.402621024941295,-3.2840968123010104,-4.084180082587853,-6.844193584448973,-3.76728543987046,-2.4637393217344963,-2.9024970386564233,-0.8182364083364132,1.7726860620100824,0.05613166116100169,2.944231605092532,4.05930744728555,1.8738135628824677,0.2039732762838476,-2.7016444329768334,-3.4928328525442023,-2.7335485996373907
-0.9570765474158917,-0.45149511874681,0.3296365052742726,-0.5563557662933579,-1.1093427449533513,-0.8120461181335337,-0.5431455548983156,-3.3854822397313007,-3.5812444320976122,-4.932762500117471,-4.827393373018834,-4.042168608570286,-0.9448544438442354,-3.2488377015572483,-5.952641765503256,-2.9472477358034044,-3.0585460425092292,-2.820950632001681,-1.4254783888509093,-2.9282009198363768,-3.021924942916122,-3.8690975489434103,-2.694213362063242,-2.500354558906061,0.36423874058928596,2.0773524232201117,2.8098553599380605,2.156205487838673,1.0681119332854887,-0.23338771341369569,-1.897808269786813,-3.216742156430964,-3.686252834843119,-4.55061989569015
-1.142695747568332,-0.3390766629663216,-0.015548874925167348,-0.4484127745031548,-0.46868420728754734,-0.4339936000998241,-1.1578201726741535,0.5333472626606867,-4.395113874079321,-4.3913161578846385,-3.878108284653886,-3.939371431556344,-3.027922050774457,-3.204653109391166,-4.756033423652094,-1.9302461587761675,-2.8503428833154656,0.5664978989418957,2.067349070143744,0.6207247979602585,-0.9343491068305111,-1.8389264576459856,-0.9282750559168194,-1.314680858858805,0.07074037071646679,1.7016649095324572,0.06170495833307784,-1.1276787039146028,-0.6320795805403489,-1.884278402804277,-1.834721654480352,-3.871291561482018,-4.4439499280679975,-2.810957321971892
-1.2321816353097879,-0.32594359999258304,-0.05293084747250188,-1.1447967915944082,-0.5359154912507538,-1.4038308407641618,-1.1566829583103004,-1.2277494446731496,-3.4797329118520963,-3.324047914775778,-2.8619322610891884,-3.455599786649604,-1.1969613390584402,-0.7108415854049129,1.6657661924255756,-1.3974486042282643,1.074990056115957,2.4101396788160483,1.8583037426232252,3.277830497566815,0.1654849242082727,-0.8115356804692913,-0.287636786570091,-1.2040867374759567,1.0251546225432324,0.1624357889819316,-2.179505340034137,-2.7211450381490985,-2.723956762498173,-3.7851717961863294,-3.802371819968726,-4.670371790114543,-4.349703242747657,-2.799012004481061
-1.3251875808539793,-0.47410475070364066,-0.24281218572752875,-1.6049410583047885,-1.6601128634671092,-1.281992803487457,-2.401871327867364,-2.1014228653952207,-4.208615018262328,-4.483603111817692,-0.9314376835468137,-2.860448530336897,-2.7418269426260444,-2.619432303273964,-1.1652214510346186,0.03376424917281342,0.9752579381068626,1.6771800719660706,1.4081198465453006,1.3813155699221376,1.0390588369737714,0.7527475527459704,0.19139736599242893,-0.9899724644382173,-1.2278794331195968,-1.7355903113754034,-2.9210887267038426,-4.10258226069507,-3.7856918409888816,-3.6954453854395957,-4.319470020100066,-4.518189584992331,-3.173592706194495,-3.0685771607789896
-1.3892772210246815,-0.6816903308211478,-0.8663174728160574,-1.839889621518109,-1.2506114229091279,-1.5649063278518076,-1.9764280088129356,-4.544304401840566,-5.367361114975084,-0.710864760166562,-2.004326248490733,0.23972270770987725,-1.4876034286750714,-1.77575824659027,-1.6212773678942174,-0.24850325620286876,-0.12135998500654718,0.4872391398981507,1.2530185809639824,0.41107508624422,0.9510365857853214,0.011037090129459973,-0.9561096069124434,-1.5235806165254047,-2.7045714859292174,-2.740110828599648,-5.350411226716835,-4.685503917664571,-4.2774375608678,-3.2556645753847953,-4.028395915164928,-3.3994177297910606,-3.1723885331995536,-3.0968790859757473
