script/wind100m.json
{"header": {"parameterCategory": 2, "parameterNumber": 3, "lo1": 3.000054539987559, "la1": 64.9999836372058, "dx": 0.5, "dy": 0.25, "nx": 34, "ny": 52, "refTime": "2026-04-12T22:00:00.000Z"}, "data":
[rows 25 to 49 of 52, columns 0 to 33 of 34]
15.153575361827388,14.70820284412825,14.469342390170784,14.094984737498246,15.316809819818646,10.287006627082917,8.793616002932662,5.257829916712201,4.151486672579697,1.2467099053889816,-0.8079956018106464,-3.4767377646064803,-1.7924998737095816,2.8785449711261264,6.985913367529717,7.407200302729475,4.00639313645629,4.814102203606058,5.364000877020054,5.779945516907031,6.273593174533337,5.02612025705178,5.001881465080946,5.287803898395934,6.945103717478219,5.4664853091847325,8.386063331104046,4.860447424778028,4.217695104709799,4.226661105131209,6.353786424732235,6.735211345916091,7.989607412868718,9.429410210990094
14.406663104211686,14.142600457314336,13.385205392099788,13.914159977400127,12.888226148748332,12.213704464920582,6.410512770809358,2.817471231323693,1.9058506282658718,-0.24450610444416193,-1.3385826799087812,-1.9549448488384504,-0.35939368766421803,4.506118350662806,6.2628936240653665,8.810800500730688,3.484634159491141,4.2622394940343336,4.049752837613929,4.4096362527351785,6.183364972234673,4.5748980950233,4.684554156200671,8.232260522153853,4.9939347910785585,3.507325811957254,8.22292747304062,4.719837112868016,6.6866475194492745,6.882476010795864,5.548131774265103,5.094185255534084,7.276831593455156,10.178718199713913
14.40389205564695,14.14051719454133,12.931314628316986,13.315104192773521,13.12162968892356,10.412856741623962,7.905863265036843,2.2100355450083895,0.9010397878477023,0.41185059409819474,-0.42730613383215077,-2.7189053242359886,8.401754634812603,6.596171989166783,6.911274292264721,6.182920242456456,5.957220341086092,4.4876904634969845,4.483501721905076,3.786074546765828,5.433841183610796,4.076644871436383,5.445708619553405,7.180800193593413,5.309698378157992,6.858819707392247,8.822887949286022,6.788389430424729,7.291549095665649,6.304562246776596,6.110205618528863,4.442539368460958,6.088690542361029,9.102320820597967
14.045710461245191,13.72728262186005,13.272761830679617,13.203210888614848,13.015222621184535,12.158531688925931,7.738399845339,5.234400085023023,1.989003819031111,3.0113051985784005,8.699463265647479,6.597220020871988,7.803095600672864,6.3707838086947195,5.842652355250544,6.182714029705045,8.065978142777302,4.867337860621767,5.217805012900403,5.239347660091262,5.3338592895653,5.005149520038537,4.447859174152107,4.814550191401099,5.83839891066685,5.314116962226947,7.607786221954789,6.522061429823045,5.979737197050414,6.647035182146707,5.889964369987489,4.379808642034444,5.562387350024351,8.141201872548937
13.786012976256558,13.665561483484405,13.721471771214095,12.528649240597296,12.55675774009202,12.772389752981677,10.45481496345923,7.983684947011534,8.00075837047782,6.972642860993783,5.9698635449495665,6.484542653067901,8.504578691841628,3.869744557898008,3.2972718111278123,6.4377261043148994,8.392121577913443,4.6729050170454105,5.136966511346968,5.3860666095699425,6.428249222783105,5.901481367575385,5.426287458978888,5.11207368123084,6.447955859717615,6.801503129162625,6.39047641651135,6.298543560413404,6.772525112845285,6.638170975229502,6.119569815829384,4.718222192627083,4.169653193854644,8.813593662225939
13.44743953826199,13.869369566371573,13.605354423261565,12.056815346249994,12.917577681554283,13.006181018165792,10.755860868676526,9.63664531783639,8.717231865187602,7.932950100020124,5.236316905166845,7.142381986556118,4.519219189823003,3.7506394186390204,7.860588660694436,7.643022680877977,6.737397699561683,5.632623870628969,4.773937253824273,4.76403020516124,4.386846390679825,5.152164924392471,4.69719289034285,4.395169698774644,4.6701742290105726,5.13904683474239,5.59695608224621,4.962303661831306,6.52456298039614,7.978904342873741,8.228667897408668,3.431530654842808,5.464873165188757,5.544548432842829
13.12850062507451,12.080113114507618,12.663603063539039,12.034986387445564,12.6767668199886,12.926680683137885,12.502168419647202,10.836991339100416,11.163487044179002,7.166736288390481,6.277994653657913,5.435407105968085,5.847746209340045,6.504429376470932,6.990232351735301,7.07135746809445,5.625245427557758,6.8373712805379405,5.2980179310739794,4.530444521170263,3.842596542524454,4.249711510268783,3.8835336158379574,4.253255327216528,5.426826627433139,4.846913008432109,5.390235982474945,3.7747770516753256,6.238033613733161,7.095833037554526,7.253752116512263,1.0516031536169306,5.655173944331881,6.745512147500923
12.382964528215622,12.178660850118181,12.853989929474217,11.904180767986556,13.003361510513972,13.003021558207042,12.286306248159155,11.195742865423238,11.128034352381666,10.119218329918615,7.733710610394081,5.194928866147743,7.817779202553272,8.839265529428433,7.679205186476968,6.771759281182918,6.354054178612802,6.929999843941633,6.320302400800198,2.782344188294199,3.7512955865906172,3.8415738277472826,3.2541298828796283,2.5282469170049326,5.114193682320681,4.041582911925955,3.9945178900383898,7.5374732352733345,7.423276831321113,7.141945949713839,6.420229735677501,6.380956395749231,6.248311133756827,6.668269529387361
12.539521333496157,11.610168133297178,12.664870085040162,12.331529423710473,12.58295103210391,12.580563020787606,11.589718104741623,11.419851603843224,10.996773923157523,11.396103887903564,7.844113572336481,6.168985401752132,6.7263582407305735,7.0277112170020875,5.091141202749531,4.987403007282223,7.260118259568967,6.981210828275102,6.1850532415397375,4.007349470117533,3.027893732756462,4.240476549319632,3.152626822907083,3.318275996015527,3.211044566137264,2.6327523388707315,4.036457668243708,7.627354409240341,8.160917995213133,8.053174547003676,7.8223100438054285,6.750003817392454,4.6042325118549075,5.715989319261188
12.55674011552455,11.884881473334252,12.167240616262278,12.30664827749969,13.017283133928538,11.451606135707712,11.478726040720742,11.186814627738965,11.496144504949813,9.7570828904902,8.147274194056763,5.851722803467714,6.217225887632429,6.1516143820680265,5.204172295644361,6.484474835399003,6.709350857089085,6.435714657630183,5.559383049075006,3.985314090354736,2.5369691193833384,2.96929839883327,3.7901012076727123,4.464290079919828,4.436223533382305,2.941766997863122,3.1467408502609873,7.5332859234061464,9.257935500000556,7.812732795599721,7.487119871303122,6.34535809757625,6.599193715550134,6.512645718441634
11.660921799014739,11.593689412642448,11.89528435233179,12.700066396636275,13.472162782168962,12.131747624595342,10.90748849278952,11.8593578889067,11.946285927194312,10.565749201656109,8.12345787752188,6.4636860987748666,5.398464179160767,5.630153634901908,5.657402506318376,5.608537024958665,5.323924121195551,7.0394819749102675,4.636922491033148,4.947063701920078,1.4730772595977664,2.0295457417684477,2.3882631220729795,3.140252405380412,3.68585841602085,3.811716987345435,5.728382651516582,9.531524277691663,9.460734884688003,9.069567471487147,7.284215174980635,6.299054899090243,6.534471366144381,6.349142880073806
11.017757136742443,11.686454518729455,12.793542058358836,13.113429616052786,13.2606163794793,11.527934555019254,11.821791825269797,12.22619543291558,10.965997657475146,9.670518943600124,8.595600549604995,5.148202844669175,8.12653628821525,6.762418868767306,6.881692476940094,2.418499964890799,6.167149371906591,5.74278046391231,4.743161009428058,3.702179976590538,4.20716562450314,4.674544288589329,1.8538713855570315,8.411542290451017,9.89659903737245,9.790240382717737,9.099581454247364,9.47082333272907,11.449168334420674,9.864490141234675,8.082035751190766,6.8983649348532845,5.228208862271188,6.7925174106420325
11.509148174306,12.45060382248973,12.278241168271485,12.570244261034194,12.366827247416204,11.752129030491576,13.118994078759517,12.1661045022656,10.205486846544598,8.970894351985237,7.408992060180959,6.873472250589127,7.929357505219722,5.288491672756419,3.782280756448062,4.660208617705247,5.926277986416652,4.050097096184645,4.9519052375225305,3.8924238160593725,2.4851414071535967,5.631096415093272,4.968844812969869,10.49816976808167,10.855435135400757,11.028608966833797,9.569672793622718,10.260476319227458,10.821239120241852,9.488457537240121,8.231810247256389,6.8840409719393225,6.522640866595553,7.948934869279541
11.551530952607425,11.748268746151064,11.293827265750755,11.96146920620048,11.84130096075763,12.307822612292226,12.584306152828667,11.119299275252859,9.387697963708128,7.826187229188787,6.071998496569699,8.154468609389008,8.324684018695885,6.199777153445502,5.7893323001107895,5.363155577789319,4.702551660556289,4.832101822843951,4.666146962847462,4.6891492335141205,4.680793878639261,3.510508179110245,5.920916044251373,9.012187932075543,11.973701904630714,10.809002795423591,10.300348659569128,10.352421951130468,10.841688656929001,10.087435299316033,8.753420087746184,8.165656761576715,9.103318864136414,9.31120596646288
8.089977654012477,11.823024159096468,12.646891840651476,12.463789686874527,11.3914577749818,12.890707111308211,10.733329281664039,8.35876072924114,9.399155512671706,7.994002424150653,5.525766051267599,8.519395273296775,6.156045020837719,6.046906329094266,5.722035353658046,6.265212988291693,3.814241372986579,4.694217487828663,4.6839540476611665,4.781628596302149,5.1378191293682,5.969089257308174,6.571376799014329,8.411921322445597,8.071599849082066,10.887758888473632,9.061835113823056,10.050242996002877,9.793585425338,10.255803761729483,8.803949629224354,8.875767488486062,8.837481197502802,9.833375520449513
6.90218730699413,11.135205566782222,11.624527211209006,13.252852500807746,10.634482107849687,11.088340173392698,8.322672397406466,5.836149503150174,8.582195052428956,7.733401036171765,6.9445143970701,8.897115380743484,7.527780865838645,7.243352395775972,4.333086462440325,2.9513198208551086,2.5455246380448893,4.0762186549814725,4.231409426839611,2.8093806309415887,4.178901663925246,7.817019171769246,9.44560065302139,8.225938268470923,7.937910176206797,10.386925311587555,8.568809097347518,9.818153079463606,7.806180469671669,8.762123325684627,8.401776824253703,8.122234992866673,9.126521401879156,8.731796557926952
7.800688179841978,10.82948026985183,12.393736297584457,12.130861782979036,9.71961066991214,9.437922010428089,6.207230058391808,7.984600065624324,8.948494025052128,8.664107265105768,7.735883565266602,6.862429197801227,7.098506567838464,5.457284521290937,4.902411181757199,3.5023003718271095,2.7727884446726105,2.341778638704905,3.7801964632093887,2.9733370235216983,4.277421569890073,7.097708113058035,9.51456368808172,8.802175702848903,7.3363343416256335,7.757866738566017,7.250817151297579,7.744953151951002,7.493626461135156,5.506470690840572,6.73680452796179,6.370469923627113,7.094839644633125,6.007996183526632
9.880605273279778,11.926477395590137,12.419178068619992,12.090440999493966,10.00473161604397,7.175436559660018,4.327419374247614,8.42091287152071,10.155503381054492,8.428783471134276,6.1639698556265445,6.461844639880303,5.221667818814558,4.600789525822034,4.433769767108109,3.1752372312723285,2.531828879147686,2.4176281876427397,3.9902325457715855,4.157148021730883,4.2958803362767854,6.00036757126876,9.324709223591995,8.533534351937009,7.715925668901454,5.988681489634158,6.518324801802144,5.290731047463059,5.449350617323581,5.430206015525581,6.636790375690181,5.183378952779653,6.186651291435866,7.179067567721274
7.697787205633818,12.026070054034513,11.915884759755384,11.81909193957285,9.263482976822512,5.016497672687964,3.015302164207245,10.512298737456009,9.393860060369049,8.080754135992823,5.910908177296067,5.930756146421453,4.721591798830698,4.8676937457141065,3.7004640636905677,3.1824204050506504,1.4348945896642646,1.778356848752509,3.4235369737158976,3.909525128249034,4.112480981749026,4.659294897510614,7.74478833784322,7.013759484086691,6.773589260973104,6.680848860844257,4.630846458765625,4.639634957624262,4.015396065430829,4.848583607117746,5.1681164051307675,3.0644338604724233,6.84638163379867,7.9472011315483515
6.110697590266327,10.097901530580527,10.947199739110692,11.15696255256914,8.00038361860559,4.075445125901107,5.33185476338589,9.569308402390908,9.076407918687664,7.909458496437318,6.68421636414591,2.600009054276614,4.189997250181875,4.845789890468836,3.7237908237973896,4.446913371287772,1.8321685298738384,2.679687974740517,1.75633021316631,3.4701448074748824,3.051151674646112,3.958944162981312,5.4521835106081715,4.068211235784901,4.881212981616069,4.6976615887767625,5.534679971115818,3.792130294409845,4.755292474383937,4.0418893183563,4.085167285432667,3.7404051413908967,7.6850868555526795,8.183195138823335
7.566639707249608,7.595311390140436,11.04761063361902,10.006112571655617,6.8278905474663745,3.135437586921957,6.6581041492243855,7.800484763934859,8.746518585847932,7.02992805693914,7.193195685735057,4.437905916698337,1.490318012744473,4.779316964911841,3.312215332402255,4.613990290428758,2.8303743255704443,3.855605160180138,3.441180390184153,2.9823598108997786,3.5984179685912956,3.6941643688371273,2.435479559469905,4.782163157573227,4.17103664436412,4.885353148780263,5.6234293848386745,4.9501424039102355,4.329478778613744,2.0894928951550504,4.767695839751078,5.504918094649489,6.223742888483346,4.4129457311073885
8.049808683000677,9.032827554248515,10.170083656904934,8.617345025566632,6.201212959682009,3.23865981212916,5.905341158349698,8.365920530244438,8.26521706723106,6.667759853283994,5.697528328325438,3.7558912872775334,2.3012842886233598,4.256267692654016,3.2632513906583247,5.009315712548758,4.275371708494486,4.645764297902794,4.386719986264219,1.3072374715978772,3.1841686245421963,3.7878511831549755,3.1909377415730193,4.882686658701345,4.673386818254808,4.286205427806064,4.291085075552287,4.594478489005828,6.531121496347324,5.998458682554285,5.1399356886443455,3.833666604154807,5.699859720294308,5.450036959527998
6.062194693639036,8.607909258594109,9.079202104663768,6.852644459458471,3.5117084967626053,8.239415081350637,8.437903107131259,7.312055412712299,8.141162501336407,5.546706920468079,5.175859558503267,2.882938387563285,1.2332185095904067,3.7053755699747026,4.972149883132897,5.050075859094927,4.02372949129867,4.444617166878683,3.2983846299811805,2.1537047118467467,2.275442288558353,1.567344391001759,3.7551982990458916,4.948135690325006,5.16084491850687,3.8414353189131254,4.430699404397457,5.065267858443054,5.358435014260335,5.642472120974112,5.356690571896973,5.710376313868757,4.392303892859424,5.192625113940904
5.689798397765835,9.001904381603719,7.7844333454309025,5.396193804284693,2.012489256658678,7.776431397470379,8.743846111937161,7.129692954010335,7.181335787430954,4.906388857963678,4.268591345223189,2.143055666814852,0.15032756619528861,2.729899673024385,3.3604773337965086,3.3550623575140603,3.3572344167429047,3.7659724068249405,2.9596781935907246,0.7951420151370161,0.6578580735840129,3.0846208381347977,3.843324066576439,3.6268502491066195,4.19456294069287,3.348743705510449,3.3325363032912843,4.277515861420974,5.584769714939599,5.517511726922747,4.412513149022914,2.810446268024892,5.282263144203787,4.385235798229968
7.585841051345932,7.650553580637064,5.9666743953188135,3.9824918948582355,2.816862162080216,7.308033701196497,8.02565090825161,6.935209565136579,6.448980498928071,3.6764256334515544,2.280432631468522,0.8091099834727835,-1.18578872695664,-2.9992231158109286,4.112281721808318,2.593705189796869,2.5298988772398165,2.5396950332410357,1.3607996931696642,-0.40016210628712573,1.474394820690205,3.736242465828601,5.181012029290125,3.234986956851918,3.938778269286191,2.357721032301404,2.7676324783785313,2.985913426878386,4.5954239162446235,4.51447035414762,4.581862396353399,4.845679597879182,4.9912609313001255,7.4849151266094545
