script/wind10m.json
{"header": {"parameterCategory": 2, "parameterNumber": 3, "lo1": 6.000027932988019, "la1": 58.9999434238085, "dx": 0.5, "dy": 0.25, "nx": 22, "ny": 24, "refTime": "2024-08-05T12:00:00.000Z"}, "data":
[rows 0 to 23 of 24, columns 0 to 21 of 22]
0.7250111401695206,8.353609588544096,4.5379101728572016,1.7711105001335525,1.1954327073722733,1.662073319909524,1.0204928056970137,1.4404079479857754,2.5494806222106767,2.101836061114741,0.7072144128399651,0.47130950846233577,0.662975068167695,1.0495070374495985,2.5363301648303893,-0.6200895035150894,-0.2912707801663878,-0.05967800325346648,0.6554134943428235,-0.6191736388213234,-0.2581565258952077,-1.5564224892945666
4.160900048622118,2.9692791264493565,2.8498149475867858,1.276698259787955,1.1740806747301336,1.2420497493092333,1.1629302097991498,1.3791918463513435,1.3862239981001567,1.193154698821252,1.0391055174408692,0.530036194861131,1.3486667363321319,1.2663892115288682,-0.2390567581069109,-2.2637690661706276,0.07716899727751533,0.5339385976684836,0.5248023547179939,0.11996753854763567,-0.27194883987224644,-1.3289351457283165
2.508583887935444,1.778554783060359,1.5987959187606686,1.4877219531929813,1.3186250177783316,1.0903238287495887,-0.07318031180938435,1.495136916064501,1.3875028091977182,2.0291102616591865,2.8778190232481546,-0.3054211977055953,0.7002395500101412,-0.4809433680969244,0.05741454313634915,-1.0749099240964144,-0.5928940541750396,0.25477010038183723,-0.43522237849345374,0.9367491821902992,0.07352912793352724,1.882548900819469
4.376171253521052,2.6134944429926477,1.5799587154664239,1.4694812748790724,1.777312410242483,3.5028799907840664,-0.15980178734286354,0.8982569551490502,1.7637089271609152,2.773499172081537,3.127707021933376,1.3803782128292035,0.910688229672906,0.6072963960627401,0.3789149111668747,-0.04027170966241663,-0.0291294643085267,-3.9885037000621275,-0.27422910252405563,0.3934716811310339,-0.519279761640481,0.3705852054435331
5.079425786350376,3.0350733313937757,2.14057801697148,1.2525240716998856,2.6630158044026073,1.3174216119423674,0.7511121936691166,-0.42263322851295404,0.5437134490927019,3.159365306374719,3.4904080231998966,3.009873991157086,0.4960504926166226,0.18157480183860839,0.7177516615795236,-0.21832530012284146,0.2612963578831817,-0.9176952435123534,-0.4627298705707105,-0.796406784508653,-0.06502313900101007,-0.29097968986881323
6.162839273531127,4.769326353260844,3.7711352710770534,2.6790271372938204,1.7937550349373177,1.1545677551214297,0.2707369537175866,0.022501163098289114,0.14106832852744305,1.8222314364513226,3.2904382393124516,3.017820317605858,1.4042218626197425,0.6251716142908301,0.2514746031446395,0.3331468828757403,-0.6043582074375248,0.1398983963431172,-0.5187909612950409,-0.8920544622692674,-0.30509043453124585,-1.2886468336952093
6.6353141843520165,5.5612057873441705,4.1278813316651854,3.2612815875510797,2.1359189233065594,1.1733748886127455,0.6222374445731568,-0.1886669272793129,-0.03882152393217066,-0.42806523728156387,2.4316405301040547,1.5354128033774017,0.4254289368384113,0.8067312535826546,0.24425809880074867,0.2652361773998043,-0.21230279995765433,-0.22163180258307433,-0.7680220861773425,-0.4620708855274181,-0.7030968644724248,-1.6534763333448386
5.7715291071728485,5.659777649783965,4.780744336704822,3.747628854408846,2.692364422920258,1.607557605766275,0.3229934808545123,-1.0206951152748052,-0.584649761110448,-0.5218005467916244,0.46018369496313716,1.9026219530724826,0.7057400039494284,-0.028597866812615832,-0.09308658359567877,0.14611981235744528,0.19734367363331135,-0.29058729404450484,-0.8712190082503093,-0.73052303694768,-0.11820612804784135,-4.162083811919579
5.533340015313719,5.7865717572588125,4.729305881104408,4.351911072070557,3.241323919686935,0.17559418721416636,2.3907966702599563,0.062496353037137777,-0.27492955359572724,0.6392200754768689,1.2021125486343092,0.17329794699547849,-0.016931004708506673,-0.032500319183369826,-0.0049014104601376556,-0.349008047847654,-0.1414485418419141,-0.9518803203919601,-1.0360390756643703,-0.6105629285085931,-0.6261503619478057,-3.3994873722063006
5.934584286059526,5.4775176023333065,4.783213678369417,3.9875969835678124,3.0344426696404807,1.8058143319812574,0.6481709185859093,0.08454293728836274,-0.2905726918577658,-0.39531617506627914,-0.23871403971561705,-1.1701063856451333,-0.9928913925336352,-1.6319456677306252,-0.09308283136525972,-0.36393618758689483,-0.9932425490272724,-0.4956562782855285,-0.491370599714741,-0.43542886336206876,-0.5474261582602649,-4.26659898072259
5.876841496528121,5.625754698995843,4.65116930185858,3.40474701909974,3.467487649252588,1.1094236581278922,0.5197564833252373,-0.36696026954098415,-0.5651809406835212,-2.140716946696441,-2.8701195983108776,-2.3006269333433043,-1.6548358393341465,-1.5556842202862817,-1.3501629235143815,-0.7122047436506032,-1.2560700163308036,-1.3551174610935903,-0.9959836796652012,-0.3785453797065818,-1.0430805265310819,-0.864688408775779
5.672471109097759,5.24297054375095,4.942504992555828,4.1344770333277046,3.638596079354049,1.0412939925795202,0.7072290579800113,0.7904095830310057,-0.4143296610697112,0.9258654741533598,3.2429817834757446,-0.24640990902822216,-1.8609099230275672,-1.372951617250642,-1.1010185716094036,-1.4585261698499363,-1.323234115781665,-1.5904261096386134,-1.4881778898634754,-1.7031026934399525,-1.2494039236297616,0.1896776640715886
5.119342724234883,5.144194049238317,4.942897012065866,4.445108341472068,3.808025188080003,1.0772315076727141,0.7667721848482004,0.6318769548770509,0.4416372408224942,4.163831640350995,2.1964177746493783,0.17257776212680678,-1.3600650459800514,-1.6407590893369288,-2.1453745888910354,-1.4833492622400342,-1.0925072482783984,-3.6611571253058215,-2.1447452531785665,-1.0241119710182942,0.20181242473441685,-3.00262181704114
5.3213916517040145,5.6168439407184305,5.265720118009324,4.551171866340968,3.7272548646066985,1.4931169265682331,1.1321767322148375,0.6544384197460522,1.5318401408778461,2.540190180533243,0.04474473243035778,-1.4384829402979447,-2.120043426221242,-1.9774431657581846,-2.5419001204117926,-2.2345145440218195,-0.9436396666809044,-2.5653293022693604,-3.473780950715818,-4.614994428457101,-3.7667358032031566,-3.5913066440754893
5.941392288624053,5.512038578600935,5.13732583801063,4.153395495142118,3.252686358969365,1.852549525220816,0.8598887061589846,0.29272468270367424,1.2234035284150593,0.3635959365706671,-2.0350721598159067,-1.2255824431870064,-1.7776984059675247,-2.950039106722905,-3.2988660164469046,-3.156194852499035,-2.7082503976918093,-3.6114393003550744,-5.621948899059186,-4.7472184228693335,-4.324839298379783,-4.082835861598867
5.713419651829819,5.467936917500292,5.108178740931631,4.3438192253565955,2.738938045271372,1.5585120684324567,0.662581500538036,0.34721155017076527,0.9894333440675754,0.5476203465815223,-0.30105731224830634,-0.9897273077559888,-1.3347983283211837,-2.180254699246187,-3.9787476512878475,-1.791362765330186,-3.5260211639307917,-3.362716898155637,-3.2879338301826317,-5.505875764206606,-5.265136578232497,-4.686136371092423
5.58636433736991,5.408806435551942,5.1151912643175885,4.544214494285866,2.92279845451555,0.8109419366394882,0.28324695613306844,-0.009319728273761846,0.04141104938132489,0.43789953932380143,0.5409151532134353,-1.06799551787771,-0.6750170812965249,-2.502043287674834,-2.6599537839399097,-3.881639752304641,-3.5891836627145044,-3.2709631027978263,-2.4656153700242345,-5.239189216952323,-4.192882190613815,-3.624149596976338
5.521123342194586,6.0727101138118424,5.242532704536948,4.536502500371342,3.2724882238241277,-0.09779141010866316,-0.449263574022728,-0.5937675692231855,-0.8996615574230163,1.3710613405750016,1.6864996357171345,0.5064064014228704,-1.68255866548882,-3.150475076173106,-3.4923964971941794,-3.5041179839421157,-4.177106022679123,-4.376839136550671,-4.368539415027234,-3.7091379179025843,-4.630181400052278,-3.323100169951682
5.511340043775993,5.71660923159267,5.022536192901593,4.662466270438153,3.2966731892093133,1.5329151368302694,0.19130874406639864,0.2563318806626072,2.8385547989320727,-0.4684716470034717,-0.9213802025347896,-1.5139712953374005,0.03851275204320903,-0.25660755465036006,-2.5570478692101895,-2.5566418168622147,-4.0247791071439245,-4.40372039455978,-4.5625151373806885,-5.0206022370682755,-3.9713977142728276,-2.2250247315096465
5.148800664903832,5.377843064689578,4.950459218437119,4.883371489161403,3.2807030315102437,1.9848575583173689,0.717614022397203,0.8371095850015732,0.3041280989501887,0.7863659469246319,-0.0779083257028803,0.5660820674749492,-1.398530258694297,-1.558802577628001,-2.109870084780815,-3.879878786227171,-5.517304487703972,-5.3014689510942015,-4.763346417135048,-4.400357731644545,-3.6425829481716083,-2.5440492422128425
4.548628913124166,5.132833015484208,4.7099681658881005,4.148902542497237,2.116889978076049,2.180340148194699,0.9637206550265639,0.9356161571756733,0.8209737421555323,0.6974697908783914,-1.049818958642508,-2.7095456153873343,-1.7427374422066457,-1.7791985529902998,-0.6004589682759566,-1.567369593805725,-2.9268043468070584,-4.599999357339707,-2.434921809256722,-3.3365699417271,-3.2749638037102553,-2.3020423355692152
3.56568071654178,4.065432321362584,4.711873074675857,3.0318824401586855,1.8167437378297877,1.7167092458531228,1.7141500796769726,1.4201490450545136,0.6148162219056272,0.5065692205027463,1.4467238921286973,-0.23082749043703257,0.13954821517401267,-1.3626172990590466,-2.032142240150208,-1.8484874605111647,-2.3536649170683637,-5.354822423342409,-3.085720257695897,-2.5884496660013316,-3.2647238029487102,-2.8840956609516493
0.8928072286393881,2.99120811400224,3.3849645087033835,1.6942448987884795,2.023028348487367,1.9083761855562835,0.5904044127283625,0.6989926525034147,0.8602638931874526,1.5706326162144422,-0.39891437123610135,0.1422235089284172,-0.8141311088764563,-1.2370928689754686,-1.1304679463522311,-2.6897154091914577,-2.6460711168227578,-1.605181850817831,-3.1777561992083427,-2.77209030406129,-2.6577059883742193,-2.6985664699900056
2.853380282763007,1.7308462057107417,1.2717408169982727,1.753800645545307,1.3196095484344503,1.2788735685320085,1.037481886639686,1.022965264081199,0.26212094002868463,0.5913854533884549,0.5669300342231707,-0.18218812978016471,-0.9505638038588268,-0.9026177870903236,-0.8608073583029116,-1.6361313143945955,-2.967260261111484,-2.4154693527199846,-3.6171256771597844,-2.7226091887326236,-2.5597433068223454,-4.617193790063507
