script/wind150m.json
{"header": {"parameterCategory": 2, "parameterNumber": 3, "lo1": 6.000198445256149, "la1": 58.999992894266676, "dx": 0.5, "dy": 0.25, "nx": 22, "ny": 24, "refTime": "2024-03-10T16:00:00.000Z"}, "data":
[rows 0 to 23 of 24, columns 0 to 21 of 22]
-0.47067680101536763,-4.259897349567008,-1.6411282742952085,-0.35680743871219456,0.548139852575239,-3.008315093998894,0.023037079941262587,-2.5622028217977015,-3.1741119695794895,-3.465665126924443,-0.5262928421040098,-4.935995578959552,-10.611355137115495,0.6865661382819885,1.3269994753332361,-2.6485329175084087,0.6540085291335902,-1.630882708861306,-1.0513819353451483,-4.547190308804366,-1.5272181415904067,1.5602208901042844
2.1039020237234545,-3.1931795151055837,-2.067482316201846,0.15335393804480613,-2.644916478691712,-0.4980589257494566,-0.17500450432672818,-3.4765537531462507,-0.20831393530886028,-0.38830594109695615,-3.1006628578394873,-4.57615761853138,-4.322803181087026,-3.0323634242028725,-1.0493916662160747,-2.1834962573553462,-2.5734604629361275,-1.111512087840901,-1.8285452689313018,-8.61481680893499,-0.026668293504828067,-1.5651740198390351
-8.535602730281646,-2.242789903320713,-0.05546813468414241,-1.767310024857746,-1.3239334218645795,2.031411444008024,1.0606410775456114,-0.427785562532027,-10.951216743349063,-2.897714614515442,-2.2835435295690854,-3.1147763004923767,-0.7392638106505011,-2.7399085478233154,-1.727872740662209,0.2966592782286552,-2.24393800630748,-2.409939858907085,-5.433423072836334,-6.48198553739543,-4.524563989257821,-2.7147373597754147
-1.4144246550624082,-3.998957976672906,-2.5580307512610068,-1.5463543488926998,-1.8228785461191768,-1.3172249415256967,-1.4226534629455996,0.13128210333141077,-0.7511363242692609,-0.241345100067882,0.8324718105074649,1.90517096165936,3.1442661065415116,-1.4214873039272053,-1.9052335671137637,-2.959089292149798,-0.06506302932686475,-1.446158871608679,-3.1956027264533184,-3.403224318976634,-4.346964315769935,-1.4309705018297705
-0.7100690468160609,-0.3148038263850709,1.0374590807129418,-3.0342727269533163,1.1357765651757217,-2.98226915795356,-4.43407649986102,-2.6687926835505436,-0.760008170822836,-3.8591854093411637,0.3578278547391228,-3.138271764207781,-3.3589250700073237,2.531651530145163,0.38022048756614907,0.5283931974900626,-0.7988404360239093,-2.602691123351317,-2.6274969453668384,-2.8794532454446866,-2.583148107234381,-3.7113172800681498
-0.17514357757395752,-2.5827083924857424,3.074505719801429,-0.7259114187541483,-2.032516084200573,-3.366301916020457,-5.3255027419088234,-2.820922667839664,-0.765042852337893,-0.09813313482551003,-2.083925904156327,-4.207183612573923,0.38086541136247004,0.6370690589358272,0.013160274720630907,0.9854803232709267,0.380857100344926,-8.497045668489626,0.08570057482537999,-4.5375481671831555,-0.402287845535118,-1.7105786276748067
-3.4245103860931114,-2.444638440157849,-1.495024054430774,-0.6330434993632653,0.23314044664828912,0.6004742266947986,-4.340536541217019,-4.659828481372369,-3.130088413973264,-5.391493045352243,0.09059253344706464,-1.908225123950597,-5.638661694589448,-5.033669727003622,-3.549802271828589,-2.801387269879175,-1.736982634946672,-1.825942270352667,1.1718777169986714,-5.4292898108973,-0.4281669057757404,-1.9272217182135998
-2.5557512979722916,-0.7997408229079063,-3.4258954473778656,-2.598056239086935,-0.84877873666757,-3.9732773213482098,0.5204654920736396,-7.203572777881582,-2.220356848732116,-1.689814846555798,-3.332023237441282,-2.0777737519229427,-1.0194264932514445,-2.84042029622893,-4.28940247871961,-1.7407970241741602,-3.987210407056965,-2.4544148322539225,3.592687896212313,-3.0839839759812877,-2.2681458903114415,-9.287256409920413
-2.6297040239166583,-0.03370691249299663,-2.0459322529670323,-1.7200751231459532,-3.396756178240463,-6.010718875787044,-8.189918657648937,-8.373418282865348,-4.5774599971870025,-2.8353363347012785,-0.7446368099722327,-12.260668279913048,-2.8342711721662,-1.652896338386441,-0.5752209244134162,-4.718403986036234,-3.1728689387373668,-1.5854319021361314,-6.693357007737929,-3.718129414712335,-2.679892776595564,-4.861334714825753
1.2778212825797315,-0.43705824198056326,1.8071224062275326,-2.2279433553344132,-3.1684155414738244,0.4405355385204932,-5.111841697803288,-0.48804821431984036,-1.2220195061037777,1.5037672818220476,-0.8246176660896691,-3.152352206252257,-0.41439944008666824,0.20999403080745738,-2.222347742368919,0.16026076252046012,-1.0922817235739024,-8.444535004011009,-1.6841223030697698,-0.21081549876225553,-1.7527786575252848,-4.416903654568839
2.3317047365617354,-3.5736603245510428,-1.573530377564621,-2.687707806941724,1.4782411008669265,-6.416952318931427,1.1069907609136551,-1.49626963390321,-1.932070143683468,0.7331767792441176,-7.061836230905191,-4.753358015760431,-3.3896477426700033,-4.155473017234279,-6.949575220274132,-3.9004983673986486,-0.2251892360761834,-2.322462211072742,-0.06895985137254372,-9.339140648801537,-5.008664337706678,-2.6344543031618803
-2.8456051804295392,0.27905107513414446,-3.5018196546970275,-1.3467599039111362,0.9766082552099099,-2.334116421991635,-2.8204947339623203,-1.306659443131349,-2.5807266132475184,-3.4499547573844644,-4.640317069230506,1.2569561382245709,-2.5417741188394523,-0.1659115265124486,-2.8429963270682634,0.5748452248684334,-2.066112834904287,0.5841165606996648,-1.4263533551701064,-3.5309397248128054,-2.045325754763515,-0.4645427526554241
-2.4719185265295143,0.7403344134421359,-4.395451369796495,-3.6500183063416736,-1.2423683575542728,-3.140855007639608,-4.8557876481262365,-2.4576669177669137,-2.027630600469159,-4.564081779053839,-0.6237576805929534,-2.2694571546388382,-2.915677156093478,-0.8524115112444088,-2.234915950061082,-4.522925521413406,-5.120306913430932,-7.616979357787278,-1.2694633117097276,-3.378146337158394,1.4882339699973803,-0.5472891704276373
-2.090008967615046,-5.711204620229364,-6.406756256103966,-1.0107485137316732,-0.08024798912317883,-3.3760772771316216,-2.376010412681603,-2.6726735883063495,0.825305889110778,-6.303350799647246,-0.4877395108491025,-4.1409842726351425,-0.7211408270178459,-1.4911157781015973,0.8142718904756426,0.7451572137174446,-5.680070609965265,-0.8041356789019777,-2.7400497661591574,-4.469561601014571,-2.5832372159705437,-0.784632871112619
0.27974032295769163,1.1875522281250686,-2.126574197006834,1.1649935396264255,0.6318400777398194,-4.231489201936436,-4.006421727058839,-2.6294189690337566,1.267559555424155,0.9634706840111469,-6.722067865047689,-1.9503165505148805,-2.2535622539828917,-2.5084159966285955,-1.753431284786687,-2.7901491395982516,-0.9609805277514244,1.8033418264429122,0.8596956185282701,-3.775446810783013,-4.78000941796877,2.3553537269991076
-2.7171318852490907,-3.205131224314379,-3.8504769584997787,-3.1319408423617165,-2.2623990315909777,-2.4611137372723335,1.3060504204469263,-8.620271804445775,-0.4184519185616364,-3.376063069836685,-0.7260944773868591,-4.217704807750163,-3.5380900633877137,-6.630232691693717,-2.3653792011705463,3.5268490607182605,-1.1592434521738824,-0.6598859661918548,0.015340265196671437,0.5768507975872853,-3.0932495666813162,-3.200954345431913
-2.2379773316447222,-1.4777341295422282,-0.6370834063234202,-3.7477320630921285,-0.9931727694101375,-2.6596333648940274,-0.36607029369586463,-0.2191901011565483,0.3367686633548478,-1.4274926120092757,1.168620310634636,-4.106339894215972,1.7645253487879962,1.6308325521065798,2.520018672646639,0.8055230103836918,1.403525465934025,-5.824447165426887,-3.333708214762234,-5.951152352052264,0.6287856609749028,-2.7479653896479896
-3.1624818121599825,-2.402695964933159,-3.0339116135181707,-0.03527156412693809,-0.9202547484838501,-2.0354377394645495,-2.267019377590331,-0.3815518223628813,-4.0271341798603455,-3.7201477829804666,-3.0430214080710667,-1.0233679418952055,-3.6648609661736073,-1.7222705725049814,-0.48788213800848906,-0.6764029684517971,-5.876134046767386,-4.434639280019875,0.4445607331928705,-2.27393651613091,-6.204914915746911,-4.272996796387136
1.38885112457992,-1.7828579410340568,3.073102889072577,-6.427886517962503,-4.816549529008595,-3.71520384135451,-2.2072093055290547,-2.1978487727076597,-6.916129061809537,-0.38490103926244523,-2.468742196757989,-0.8580058905725002,-0.7824810336443133,-5.695733277601603,-3.3614922471945876,0.470290268736472,-3.8640800574963463,-0.31990587042058727,-3.6292700277805268,0.7066694130586996,-3.226844323876929,-2.46168936353967
-1.6288046549202535,-3.339851344450926,-1.819759369097614,-3.0106125140799986,-2.5082667415007656,-3.5714697999753593,-0.09195051691348344,0.03552196617941604,-0.2569807525867158,1.8778037855892173,0.2691988019454989,-3.5472825474104632,-0.09586336622190703,-3.7428542911920726,0.5035133615354547,-0.5959727273609515,-6.031127598923526,-8.11734651021627,0.9127137410001861,-0.6832625078159905,-0.3096260277498458,-2.4081239596812005
-1.4786398570371395,-1.671956735769724,-3.6472779345799036,2.5662498047648747,-0.25662333788582614,-4.287459197955638,-2.091535101446555,-3.6981749680713225,-2.832356870320193,-6.193454977614266,-0.575716766673421,0.5791098395642317,-2.841527101491255,-1.2369109922616919,-1.7242035031587548,-4.5846607667408055,-8.723775457733566,-2.1518966897655254,-3.355922933241026,-0.40233741504492865,2.802086187266147,-3.468205734638878
-2.945085633553769,-1.2008619403618939,-2.40981165779291,1.0044002197365822,-0.8694790288340671,-0.6074371812000735,-3.5338954481695004,-0.13055118154412923,-1.370105998293335,-3.4197285432486515,-0.10993397665733758,-2.467515004769874,-0.5648980042613558,-3.0107099166214835,-6.803312969263281,-3.6408548077240885,-2.6913713680989075,-3.9374783756197935,-1.8515772845707401,-2.5797422524694746,-4.320792261248552,1.8843908532373363
-5.884339702266589,0.7951939202526191,-1.8996682624309313,-3.1323819956571666,-11.016279806927358,-4.528021828680373,0.7322125720855066,1.0875603576111248,-1.876713617519447,-8.253827618518363,-2.1713256961537426,-1.2006164545753901,-4.592308128395203,-1.4776846664170558,-2.7723337565678223,0.600302934629504,-2.7112626123838095,-3.1229394351882873,-8.28624255159531,-3.777176729750963,-1.1894156298189233,-4.34755778090427
0.37096560548655405,-0.9458138509830707,-0.9857111589702902,1.5946364668301805,-11.523888552481951,-9.388931610612032,0.03516048132538318,-7.504978809369986,-0.7377048308583535,-1.2399568900607052,-0.5607479510734498,-0.546857050454695,-1.0082330719720696,-1.269725489361913,-3.672795241388876,-3.6936399399490325,-0.7485959104064955,-4.379567098290854,-1.4907393495193433,1.4315456165157274,-5.133215233544771,-2.3123320084033208
