script/wind50m.json
{"header": {"parameterCategory": 2, "parameterNumber": 3, "lo1": 3.000054539987559, "la1": 64.9999836372058, "dx": 0.5, "dy": 0.25, "nx": 34, "ny": 52, "refTime": "2026-01-04T16:00:00.000Z"}, "data":
[rows 0 to 23 of 52, columns 0 to 33 of 34]
-1.3993744577334524,0.5086385904593983,0.5132394659717381,-0.12526439809635617,0.077100240483636,0.13436877916225823,1.1152810961458464,2.094605356774083,2.815741085088344,4.100902316770273,4.667398852497264,4.324062658134358,4.853043906740211,4.200303232021711,5.223436586106697,5.713241297772158,3.6147967247578445,2.616966344013768,2.736896293330652,4.281448435832378,0.5630912110219018,0.8086239650850953,-1.3109845857498923,0.2589361391519993,-1.1977540318790072,1.2224236835529718,-3.61511114272273,-5.522065681257251,-2.149598900984192,-2.3658368502999267,-4.216486776162181,-2.089119300749256,-1.973116358458791,-3.7781179353813155
-4.778058808907097,-1.3886283069300083,-1.5195384930143014,-1.298113684769502,-1.1940193144781548,-0.5685908121991449,0.047828183531801204,1.6946421807200094,3.2973418234614402,4.0531631013990275,5.257152689784013,4.61950686866432,4.892020464681417,4.131316897762547,4.776919785258456,5.221700900751675,6.203017544993105,2.9515197221886758,4.277731124197757,1.361088358325665,-2.9022435679461167,-0.18655501988879752,-1.5149504435196954,-3.1771375536598128,-0.21104556250878748,-0.13274678626548836,-2.2668044687064386,-1.2195310793386933,-5.324082947474531,-4.444566513346112,-4.406040663784488,-2.9679042434961107,-1.9771804570727034,-4.46441918940628
-1.9533422870705015,-1.9686475108532462,-2.715714039456723,-2.029685668546354,-2.2587666340748664,-1.5311338083296717,-0.17688137630112047,1.4615192671834654,2.991583930210882,4.273500714519354,5.448624747919549,6.20537403147005,5.159811413072849,4.95591592110608,5.379116890577106,2.676984935082246,5.63974165776142,3.800256843825921,-3.4448243059010184,0.19340499904401476,-1.0048556928056698,0.16543878485511415,-0.6046713254119587,-2.8500711942917842,-2.986883446224928,-3.5070842446137918,-2.0453709434773764,-3.398454003321849,-4.641848410597787,-6.605504508910113,-5.466618471430607,-3.018221048343993,-3.1433622681734588,-3.893160086669818
-3.510829316758941,-3.732113968547774,-4.106352162900127,-4.561641939359095,-3.7797248381303152,-3.1659139073640112,-1.5198563144898836,0.5705017678654559,2.428959022707286,3.6305469064314844,4.265819827967361,5.727716601442228,6.404262236933667,6.085797599493344,2.837297093151202,8.36839854035419,0.6435108251797068,6.201792824471361,2.261620512440565,1.4469049051582727,-0.6724070566009005,-0.2765954773695699,-2.740868061986913,0.0598949568989997,0.6108210795147544,-2.1430340655046205,-2.6575246320510133,0.3759925348832488,-5.667162867242662,-0.9930228954022161,-0.5462062456329249,-4.480547404760358,-5.679178499834767,-7.672716175461417
-4.87501059343934,-5.49179978886725,-5.696341432002899,-5.657785596327262,-4.636659378973001,-3.228373131021145,-0.9222130448685146,1.34943655308599,3.3212712951986103,5.5885070156201815,5.986691167989964,6.343942820409308,4.939040693090923,5.862092339236538,4.164290122060561,5.34043156164785,2.724047370953492,-1.680163867496632,-0.3452593601233997,2.482754615267515,1.1447847267091809,-0.38005720301448176,-2.027923515747276,-1.6412163693460902,-2.9961286450432287,-3.960083667188153,-6.165691498438079,-5.355919314202012,-6.446895955384666,-1.9703050087554208,-4.919679164830337,-6.675196641333349,-4.793292754889893,-4.4895947293987035
-5.9070569464967955,-6.411518771879273,-6.983775665027472,-6.109200328054285,-4.650778079342757,-2.2987736843533697,0.04727013009089901,1.619992789204318,3.061491433862467,3.846848676613245,4.811934004393518,5.309224436968493,6.896638771693822,5.7682396864525725,-0.7929632799533034,-0.26659816074248033,-2.067322001323232,-0.42210632286469074,5.11147595723585,2.739586484208331,-0.6025738779472068,-1.2355436003340323,-0.8710732678197597,-4.382526292496197,-0.8152712510535092,-2.004899399894404,-2.1959116695079626,-4.169563624000805,-2.51069091985465,-7.268496129402392,-6.58151331435307,-5.630948240935287,-3.2748153262833983,-3.3119281053632847
-7.059426460184997,-7.486262972736533,-7.638743321191117,-5.3102976486778255,-3.149942968708697,-0.7125176231341683,1.4771467084288874,2.6833297856716167,3.074892999180071,3.7086166083727505,2.77339348355804,2.801416002549061,3.1866397084501172,2.8767626612200203,1.0682892110211175,-0.5918476831670222,-0.9157963020580405,2.4417540657591266,3.7409248976535268,1.8829411630684252,-0.4569946539114777,-0.15152766862229947,-2.197808389306102,-2.2201716819312827,-5.212419848834771,-2.2989695662221656,-3.3241194528759457,-3.103419356703977,-3.184281997670671,-2.3725532215247194,-2.1464156762802076,-1.7170553888807756,-4.346094631907967,-6.139791229433991
-8.376039607325083,-8.135584365093946,-6.221819847969244,-3.827158138658972,-0.416518235650114,1.3091938943201773,2.575820221084841,3.569952739992573,3.491765823243432,4.402347079003136,2.0912455916009556,2.520364119945805,1.727510668031174,0.2702100798764125,1.3611086381289088,-0.44074808541812605,-0.5571109115789985,-0.6193237179049463,5.349415646094772,-2.107045357760223,1.2274051462003182,-0.4168252170400759,-1.4486821309881401,-1.3903977698858938,-1.6413128519618092,-2.1257596728957258,-5.193924318566303,-5.884326515803237,-3.18414527600182,-4.021452941718854,-4.494488202082931,-3.9195295220714095,-3.874305467830648,-8.850449067865235
-8.978069884379021,-7.222245852462238,-4.402548936562282,-0.8858097887801487,0.1887177586478995,1.9742198915787563,3.196985335587617,4.647452855981731,4.582543889682256,1.4440934443918008,4.522414292451593,-2.088079899804396,-1.3803256551064573,6.927052989056884,11.906251937068554,1.98686466283124,7.03556413282051,8.858608238157657,4.531626921624958,3.9290162826922757,6.6615956433807515,1.4304217436371973,-1.5521573111663955,-2.5600770448194807,-3.5118096144509177,-4.428044311730372,-2.975700915619371,-1.6531422192574046,-2.7031771684774037,-2.0380388415443313,-3.1726251675178263,-5.611270089460291,-6.572176615389607,-6.5064595638049845
-7.53918815307404,-4.64018818469933,-3.0578854212344218,-0.976073772509657,1.1347168341965752,2.0160231001347872,4.698341388322297,3.8349998743100633,3.048116502228928,-1.437093632631824,1.6489092439981543,4.025647988041211,9.568331967197814,9.552528998797996,6.355913945794764,11.59120872249841,2.9273275966987087,4.068196722158664,1.8938595044553959,-0.9224078103896166,-1.741037990704942,-1.0571918807216725,-2.0661156968131293,-1.5063627363546352,-2.1479256891220437,-4.013159528609528,-1.7372430051658307,-5.803729010807027,-4.58063334962527,-3.936047715480414,-3.724451018744996,-8.099434619877327,-7.444012328358088,-7.184383992911913
-7.357177314324772,-4.55079772519658,0.14232640442744213,0.7563936622618201,1.1056689993834592,5.262067824128157,4.484075131727821,-0.1967007832505766,5.284463703028013,2.4359415444635575,11.684928172779538,7.36959598061406,1.7565574831434485,3.939150998143282,11.711168297038572,5.272545201362476,1.4031773744734666,3.2826018652593607,1.488796135290515,-0.8360919747064612,-2.5344270798095776,-1.2969394809476174,-3.7597512082343187,-2.475249132363705,-5.66001314747119,-1.460399826072599,-1.3375048716870992,-5.280863129706046,-2.317212585587917,-2.349793968691589,-7.694196709979094,-9.285175546598689,-8.943739933562316,-8.187891373946524
-7.420259808184486,0.9300816140535089,1.8446953057564026,5.4495203646590165,7.403842078236687,2.8218543314656563,5.593310600942736,1.9341558643824448,2.0306880751881176,9.594843589823121,0.5711440019622954,5.883653863283815,5.469047811961498,-1.4811686787131402,5.122455129676323,0.562076365089008,4.164013722202313,5.988633880823228,1.4818638600318128,-1.2621434345679503,-1.608204935099471,-1.2160033395075278,-2.503911900009783,-3.2393518607929184,-3.266415370604255,-3.148189446967432,-3.8060696604551367,-4.430303063630653,-3.4215842528744993,-5.107249182467445,-9.172040072364029,-8.831591746360802,-8.791919967388171,-9.50879812244436
1.1275669492213556,1.007782238292595,4.679726896793279,6.820011180924592,5.123975165540662,3.707976758311638,1.9634834002021195,-1.0507021719883338,6.448743296429448,1.5475137819603777,-0.6718783963457748,7.713512936308939,5.2641989501870095,4.375466392982802,0.9969283406112817,4.140023797020225,1.4797082522256295,-1.4304078682657841,-1.8399213049652539,-5.170643864082625,-2.1816724713041378,-2.0155513274044807,-3.9736908855391886,-1.8900273834326407,-3.451242681201354,-3.075663786411138,-2.6563770980563612,-4.606583491033296,-3.590474079142476,-9.093190209625789,-10.047740628671548,-9.315923100933727,-6.759274995686188,-7.181460561182192
1.2079351625076251,2.4283536289959287,4.409529139352273,5.552110777530052,3.5745847257262686,5.033359308451757,3.7728324479918482,-0.274456513068185,7.443669764493128,7.284739374599127,3.9803700213296547,6.210855633457246,1.0487622190311605,1.0270752909465524,-0.9014937815030152,-0.13295207028812253,-0.3688678557743004,-2.6258035725961797,-2.3935968959071516,-1.0675321225360381,-1.0245352925586877,-2.7320979677296022,-3.4345218264900566,-2.800130574055422,-3.230811982678807,-3.772043259506043,-3.329727164654832,-2.3038158812811913,-4.678884855144164,-11.290029616059439,-10.491639703020246,-7.42967481953556,-7.785224494158514,-8.388288828374119
1.749206018678071,3.0922278094079827,3.686945915225141,4.07701212607181,1.7922062662402927,0.830481625492453,-0.3144970035947458,9.965885768404048,0.3698935851642512,-0.9183537962642325,-0.601127682961477,-0.029588589224634154,0.6971727565780509,0.39567069582075454,-0.3503295706347961,-3.1534066046969182,-2.8956130797989847,-0.16468286230351567,-2.809167829318536,-2.2922691912514774,-4.203048913110567,-2.3586968420420558,-3.287949451883905,-4.194070867248653,-5.616561888588502,-5.103248553945214,-3.944809470080682,-3.808988582256507,-5.756335506177409,-6.79991673502534,-7.727169679020729,-8.190050763708655,-8.971187139929217,-8.663811926971746
0.15533315223166777,1.9017026653104627,2.494239838000995,3.301041102393329,-0.4056619492175487,0.2159162153972915,0.48747338552616876,0.11337155644013985,-1.4966708249395477,-4.901857615368733,1.4152963674656276,1.4317835046513876,-2.5068578338348484,-3.2133892725020727,-0.09539173349089297,-3.1866576454923887,-4.6004884887309405,-1.5582175983777395,-0.9556081338268203,-1.8835081814543468,-3.2368632421881247,-4.43304578310143,-2.45412596878797,-4.2218752141725435,-5.953976841496829,-4.601757406543635,-4.766432243406469,-2.5228009577755772,-4.870400948622193,-8.18332055245017,-8.886952107357335,-8.936963467711882,-8.372667386973719,-8.305203183726249
-1.212428967730874,0.6513560639075819,1.566846891953688,2.065953285267006,1.4261558521656834,2.4236738236138557,2.194014225880672,0.53517039033027,-2.0641947181574904,4.855425472426785,5.512380113402272,-1.960850346648712,-1.5376486698303409,-1.7958102540400538,-1.347300057645447,-0.9242656395357267,-2.59356694287398,-3.1541034887294574,-3.22515346533791,-3.8096992050364817,-2.0672252654937835,-4.377982513749985,-3.820666527636926,-4.081480074396321,-4.150068637617185,-3.7729774959712468,-5.356074791022038,-5.525666249653623,-5.542911417645671,-8.893666593285252,-8.831719525713892,-8.626681311377467,-8.709215079266464,-8.735238428791646
-1.591300800336723,0.1509617240902401,0.6164521713834252,1.6142083376306147,1.9263224954259957,0.1382141844375793,2.371473004658734,-0.19756188001995234,4.438877560932763,4.6355009444998885,0.8080652180416212,-3.6819417625097226,-3.427326938799921,-1.3668229800378968,-2.123869231174852,-2.566324658895978,-3.1733771533113075,-2.7552437195966055,-2.5408215871988897,-2.6005643903917903,-3.7694740233417785,-2.0414003073526996,-3.4464479482155492,-5.1219470225103025,-4.019434553012881,-5.391622380521612,-3.683230802972014,-5.61627859443262,-5.195560871671389,-8.574130853696776,-8.442692477469116,-8.705476219872516,-8.759778863609087,-8.281806663030205
-2.465710323129315,0.06344010252501497,1.3761864844566882,1.4151774081922395,-0.07062712093705156,0.7016878544927747,-0.22112546024865545,-0.20356277601924402,2.0878224945574853,-1.9117196402904515,-2.197344714437479,-2.1597010949299755,-1.4052902850447644,-2.4280692345323813,-2.3629792751263574,-3.724118720247593,-2.6732774074798793,-3.076132188786701,-3.964960944229998,-2.453709663257713,-3.358364861336907,-5.057477700762621,-4.132010955037753,-4.284305224562955,-3.780454710492355,-4.7440567294861005,-4.998429241849037,-5.357719453360771,-4.659596933852986,-5.5173087429380185,-8.011385592795332,-8.46425768707281,-8.508307376918994,-7.8689858811161475
-1.63872310548344,2.0764515718687244,2.625329390024401,2.2540444506397197,1.6578555314529808,0.15164357963109518,-2.5521173883771953,1.9258818321434825,3.8862824936985203,-0.032079710416401515,-0.7618229314609137,-1.7332698494165217,-1.3216647381485016,-4.134817010364888,-4.164378782243126,-2.751600573360594,-3.7757556552772473,-2.9530215568580123,-2.9850003706702575,-2.4576925946034516,-4.322195784555785,-3.6310797362913463,-5.49593393571093,-4.276578904019634,-3.1741548054578845,-5.121830858627301,-5.039832693681528,-5.108751090655074,-4.922788397805467,-5.00615061697344,-5.110410549875329,-6.001324946948222,-8.811725830761292,-5.196297182317273
-2.3454552233642745,2.1952555888175818,2.8857994546281973,2.725395751186064,2.3155420621106955,1.1647528962636253,-0.3662219456249695,-1.5259997014591133,-0.46972500601124284,0.07827719591394941,-2.4929063325833245,-1.191989684115275,-2.038400986357503,-3.373386104046268,-3.0827199184429444,-3.7187669628781617,-4.022950228764453,-2.8921509451286638,-3.679697241904955,-3.403134370008573,-4.2993893684428,-4.077352175483641,-4.324887801877215,-4.000468241011594,-5.0883121721756455,-4.9474412535302195,-4.855114377200227,-4.910059277611111,-5.347805719563612,-5.869732315685286,-5.7627542105548075,-5.541607838296242,-7.73969697209634,-7.368817797894755
-1.9425780402979609,2.5236247360509174,2.592038856625815,2.2880743988554304,3.0320306314015686,1.6482758602744692,-1.6764556616847879,-1.0953012166021376,-1.2424837933682875,-0.18692611307379461,-3.9681870989447625,-0.7219073258537392,-3.049836700147436,-4.071577039968388,-0.15101896133797724,-5.775817816687782,-3.105142019562277,-3.280946277986854,-3.460964603462405,-3.205425142215859,-5.119310959675536,-4.548903775364897,-4.579237600302785,-4.025836886619282,-3.979161217819572,-5.0366049728740245,-4.711254939899587,-5.885268818400028,-5.851112627280544,-6.418643913490877,-5.611679563595771,-5.024196970741809,-6.261719537875609,-7.772394693464388
-1.889837394614132,0.6608257532843863,2.401014921904822,1.709285574088071,2.8587477653797255,0.8874936161871166,2.2423576204877103,-2.111353614890428,-1.61519753617371,-1.208187930223956,-0.7538598765753435,-1.2135180395753047,-5.982567517424255,-3.921582186601301,-4.918139370082321,-6.131992930091626,-3.600463518466855,-3.425194155430802,-3.725173117792852,-4.153676537413747,-4.089666776163204,-3.787221500651727,-4.156689688574359,-4.521513137948174,-4.365581432787399,-4.881092498393034,-5.8356718335402515,-6.399847855567478,-6.096379315344722,-5.807388334129293,-5.085298038121088,-6.486743477046032,-9.152479664817687,-8.825302688072497
-2.037413583994211,-0.5053073885056,2.015013503327623,1.7760404044449594,1.8972462436947402,1.774386036761911,0.04642543418205992,2.19675006960276,-1.0239966734804786,-0.8412368344530203,-2.18276793246706,-0.926729354261761,-2.8808748616100086,-2.9736691817113114,-5.0608480439609265,-8.068081448906634,-3.9762810743452777,-3.6074695715873624,-3.3344505537458953,-3.8749079686688943,-4.689872291966364,-4.128828347923661,-3.870826814887271,-3.730850862157824,-6.235871120708228,-5.392634655599266,-6.471645922812264,-6.191670030164898,-6.24011780332487,-6.52232219623953,-6.679410720315049,-6.676124144296481,-10.44982397133325,-9.688339853297949
