script/wind100m.json
{"header": {"parameterCategory": 2, "parameterNumber": 3, "lo1": 6.000198445256149, "la1": 58.999992894266676, "dx": 0.5, "dy": 0.25, "nx": 22, "ny": 24, "refTime": "2024-02-16T14:00:00.000Z"}, "data":
[rows 0 to 23 of 24, columns 0 to 21 of 22]
2.6419657526415428,5.818944554810933,8.039213814897128,-0.5113960114957908,-0.8238616689487941,9.503278367064459,-7.043858600012772,-4.028947648550384,5.928113581898735,7.597096820394699,7.2489817180787535,11.191533249931366,6.426255479285484,17.795952163128668,6.867501443505408,6.273663081626311,7.126340354992982,16.951144145277254,6.8418401584049695,8.24027788497327,11.151824856954741,6.609507533819728
4.080083484222728,6.010907636718895,7.177876195413739,11.067315262602582,2.742283849509012,-0.5932305459280357,-1.5076324615847854,6.113772453870506,-6.133979189137058,-4.904018781949434,5.307877308500315,0.6632471327178534,-4.2365917806851225,8.018110613723769,-6.257786491714916,-5.432915137043568,4.915950634867836,6.0204351753210155,-1.1745861829660271,6.485351560279752,-1.3937016643981426,8.30565106053058
7.220710767168424,7.170848542179454,-5.047332869624765,7.536494583626901,7.158967115287401,4.206971120613349,9.070284621908957,5.557400963465964,10.331905465790198,5.452882435525962,6.636767849065792,-1.9783647019777864,13.48972575816149,5.762708469186887,0.7281084768978175,6.586053669103868,12.73692405284263,7.652582720172233,14.788163299339978,13.049560640121152,8.887997827237387,16.191771908532118
-2.911301567416771,-6.09401395978339,12.387454941923483,7.613010133396085,7.50485324924353,-3.74666892082419,8.343221796746805,-3.022276616152711,15.300409805415962,-1.5692922193232788,-1.1109016258654978,-0.46991955066797114,-2.4680494318437542,-2.3933777625611374,7.588426754954596,6.609943005169162,0.22457450090656864,8.316277949863702,9.926805051835649,8.999450921172022,7.976088788256486,2.7240966765880135
10.503806553028342,2.4324994894431526,6.010910876088618,-0.7403594053072159,-4.432502418202959,11.146905162378022,16.623983875731945,9.596106326923346,5.096990370163511,11.41299536683948,10.347746368773095,14.408459926549972,-4.419541927035752,2.4452579754588557,18.041473316699882,-5.874302047317616,5.619903420583955,9.272067175052362,10.165404456458823,5.377136175597408,-5.112132766102318,4.590357907279843
10.044109070112695,5.454112699736844,-5.317716177249795,-3.038718467977352,9.489190485432605,5.422653110676607,9.229374835644142,-5.165727037800759,7.102356326518935,10.10878665240403,3.4773583901570047,8.206087977362003,12.186806991271032,5.82051460049816,16.91835700159052,-1.3220820511449718,-4.749557760665011,12.394312777404714,4.391114025583572,10.54731089271204,0.06241717820639873,4.7572295670578075
-2.3752568206291356,12.068373088559762,8.654155485039666,-4.195468700073946,9.136163945815538,-0.38613062655068303,1.8853440068393066,4.333224230852753,7.915955299380549,9.656838006206073,2.9123572253878325,6.882422609093485,7.53400511714353,8.61023509514696,13.785247162244167,12.52387633565398,6.272188643350612,5.82181316596468,-4.517165374015811,15.375516009686583,0.41041667768332296,10.80734665070985
-4.683554099849128,8.90772749003003,5.349207472848321,3.092610405356825,-0.3845581330233799,7.716705000850177,-1.7303614789466673,9.653597953405542,14.641672478767587,5.8761218473363925,8.055461381435055,6.084441004327932,-0.18649540055404845,18.51083011370373,9.492765336878,8.327659834571497,4.534530455080991,8.255877145338127,-2.9906567492038008,-1.627984918492905,-4.0292511361537695,7.794722462954059
-5.719625185916609,-1.1087314372570327,12.938037045513415,-6.697243732611123,-2.3142328973652786,3.4685614328213967,8.541972464065056,9.268419681814084,5.447499317150142,2.412451630144063,-0.016835770671718348,6.960189894011031,9.327114163649615,7.522168968371693,11.733777655151885,6.387910571235285,12.755948392575982,7.022332706308014,16.67279735250829,14.224061090322403,5.874497896855256,6.435287639611771
7.6371895547113295,-1.8404682456933354,-3.59537640753813,8.455438554774913,-1.3919822781671718,16.886769527916005,6.913832797811958,8.598056710626537,-5.89626988340484,-4.872395156320375,7.189519170871821,-1.8420175317487149,7.040445129310458,13.065379459700994,-5.8373765785398,-4.87599032878093,5.401776503009449,7.099192043623393,5.422562634382578,13.952481576199196,7.1262370888386,4.951243780347851
5.832172531944015,7.031411878907641,9.570881836124373,18.783909455437133,7.303105122489183,-5.375625224204363,-1.8090725961874563,-5.479893356832574,5.781734220081728,-2.637405332080325,5.843064692845792,9.97761744315044,8.213675912205908,-0.13292283532431268,5.611378790799503,5.537375931743337,-5.937270340223475,3.6725667934514705,4.077750842523141,7.750763337134141,13.698558939145604,9.69344137865289
-0.2622894851076839,9.110977531357625,7.055989575929827,11.813295264251854,-1.9817304457907352,15.24219324243845,5.3575998162436,7.622332683408793,-2.256846119314523,14.458625610027683,8.237964621906398,5.631569444103831,5.462827280860618,2.838123330150246,6.8270801289340834,5.591924249401391,11.871109245610988,9.107543041206611,11.625364778323556,9.198562548262977,-6.312014897637471,0.7531638747812427
-4.536472307186296,-4.156219507928002,3.5815273651184927,7.775344210907445,0.19504781790957004,15.89458963012741,10.198854911389853,6.843659212557401,18.236801710806827,7.177165149714201,7.318365350381181,-1.847197900153938,5.879931796670198,5.513274247864695,7.891868943661051,2.6689134930748573,18.062447320427662,15.694579490366298,11.254840473475381,14.655623717757583,-4.1286781127260435,9.553753716672578
5.1210714582443275,17.33325988012891,18.565800434095845,4.716073873001953,7.43392365567312,4.0760715813922275,-0.6480594529963484,9.626530225143366,11.167770301807327,15.792858200357434,5.339695026028674,5.35399262747964,-6.200531450852587,7.33912009328919,14.361274945753717,-5.495797154702159,16.79715787046954,13.69112586301041,5.366286594945709,10.270044960191704,0.7878801203763699,5.664183037268229
-0.5472008787917635,6.032894136563311,-0.27064501689821424,3.810604011888937,7.875490391836211,-2.7990398608804914,8.039577521761395,7.285501899336009,-1.5785924373445157,4.002665513935362,6.631265545559344,19.082792143944104,10.404569329003062,11.084436246920152,14.791231691420988,13.785400742332207,8.92258380445604,2.9038866603252007,13.358743446863476,15.358735562521613,12.412489187252753,-5.4848961720310765
8.288405510855505,-4.899250558520909,6.273878030920819,5.616403526240898,7.212609590054795,1.23301625821439,6.244778939824669,8.382758226834778,8.66197751667882,6.034218477219346,-2.9220241421215154,3.3931356902796677,7.466351933168489,17.247819379766874,11.099654509782374,-3.783051036503754,1.9074844925588428,14.24377778527431,-5.526937000786363,7.826043052704548,7.162158577171543,8.94069620652984
1.014979434740172,3.135429699879889,0.5388886205184739,9.769265430382974,10.319618715654089,7.607526899346483,6.86349979627371,7.014435236508893,-0.33096155251159587,6.2968292223171325,7.786699579101552,-2.8207696366466353,0.711961421928512,-3.3838020631997145,3.4724176587756372,4.722894512266122,5.372433182512752,2.745166108784025,0.21959441397431426,7.9848278442764204,7.6950852298531345,-4.686683859336044
1.133670186328178,6.3252582255768734,7.257397749863253,-3.586236314344048,5.2841125542665175,-4.8536356541289845,5.270554806264616,6.841045657240534,7.157400572385988,7.599451401539619,7.497621510191531,5.9337744549320135,14.91781628211404,12.752208612391193,3.194932634962272,10.475753073666814,8.765946463905374,6.073821297444719,5.722866002984529,-3.3293501160340275,4.815239928552269,17.387651811484073
0.9280419589511232,-4.9999024340728395,4.207046224774056,7.33945457523709,0.17383590596046342,-1.3340068223024768,9.645555061940808,0.8880220737780964,15.021337490623385,9.578415202845862,10.651780829987723,-4.982969269713432,6.347651607414384,6.5879590602174085,4.097304570678993,18.008257897267413,8.676761343135398,10.236027567795665,6.876013178404411,-3.5199708254701534,4.848887443749396,3.9445511955775654
-1.675353909907458,9.44429561365813,-4.36613623996874,3.3124068487449683,14.092682600664109,7.60345704915115,7.405920234544581,-0.2841395895574766,-2.3364142468582636,-5.31171353545537,-5.296462757036123,12.813277944547902,6.507212316040035,-4.596824657573235,8.399074723317359,15.048493965603459,3.6193715589508972,9.307447426679001,-4.299803419594848,-0.036172218828805114,-3.7944040079699497,13.446331299728566
-4.752879524899646,11.657115206024756,-2.6673986656244044,-0.29073533630903403,7.241230140057093,8.860790683030855,8.894957533034622,7.1304213280171185,1.125785283279023,9.187746207179943,5.970618796273485,6.61056030175722,7.695524831386258,6.9689991357840935,3.9476842493878785,18.150215746737963,14.07687505109528,3.005281548613421,4.679939606339417,8.039123707379808,-1.6465138187450041,1.9547754117548828
7.256629946087995,-0.6251137199134889,-3.505288588534783,6.587471485951776,5.8433713347931135,14.35152789298133,15.434214444986756,2.626629610107032,7.523048421956729,7.393624436006605,6.605272896520488,9.756785638877215,10.030194323640972,5.718992478133271,19.185539066144795,5.791325651031115,9.218519668516803,11.158710782019845,-0.5912696200018681,5.3927204477138595,6.970711440326567,-0.6693660601120505
-5.158901996833727,7.0085709441643305,11.170261328660288,2.7855368112875594,8.939688195633883,5.586482466666808,9.463900543276639,8.139987073217313,7.498386747907278,9.0683178190287,15.052071420276883,10.150821687208346,17.111397409982338,8.354866065491407,14.661242385886709,-0.44562937874863007,-3.2693868755954307,2.8266760897959515,7.316479965301159,7.778516343863279,9.681770631034311,6.2697442621441475
-1.2439579429357235,10.4816650525665,9.053497542663424,14.460862083449529,7.535804812755655,14.996784690172824,-4.155482420449784,14.04610958565042,11.657494174655973,3.7100190123430172,-1.3751956883526695,6.8385346462380445,6.705337042866458,14.60271322932805,6.969090202265469,12.161825592358158,1.059345894917625,12.448248177532774,-4.5345005260864255,-1.3557959371134987,5.230618975548962,6.065527689444166
