script/wind10m.json
{"header": {"parameterCategory": 2, "parameterNumber": 2, "lo1": 3.000054539987559, "la1": 64.9999836372058, "dx": 0.5, "dy": 0.25, "nx": 34, "ny": 52, "refTime": "2025-03-25T22:00:00.000Z"}, "data":
[rows 0 to 24 of 52, columns 0 to 33 of 34]
8.265606642597513,9.023755126935653,9.406706716649204,9.286248701108134,6.521708492496415,5.057222573778032,4.873636424530649,2.5391643451721815,2.0676323641279355,2.677406575648538,2.4992150534258,2.310456183844003,1.9874047684616232,2.4354919937331325,2.9933200796661517,3.3716467841450366,1.0587777196434673,2.2039641613821086,0.6671746518635394,0.9838478058513389,2.1307143197493916,2.2924970624019223,4.00027431283876,3.985448275402866,4.812400101174609,0.7696534905068025,0.8200437701706734,1.6314690901660662,2.1822475744142227,2.211405256461336,1.9068694095936618,1.6319586604501852,1.420813905287922,1.8355427039763845
8.572182788693185,8.864914686177885,9.588537506858431,9.552615519876959,9.700839828843138,8.240161244727569,7.55537162672434,5.433158751516657,3.152379334644801,1.9952849178997898,2.256152350792238,2.283005226693383,2.461425389665795,2.268663074813303,2.628202602531497,2.80771287903901,2.5592760749254078,0.05023546227893091,0.6869721372844033,5.093514329766542,-0.39308935780741006,2.8109378744002322,0.5373811581639479,5.114466693935013,1.6482165600979903,1.198539600884004,1.95817525090987,1.9092503613621699,1.8020784577942917,2.530687117399216,1.8072783575735811,1.8266191847369895,1.8674388436253173,1.8507759492713147
8.943317040926903,9.019318427747917,9.381683088452714,9.819600916151131,10.098828383539573,10.274561810258255,8.678114315047894,6.990529672173396,4.203094394810133,1.323534499210727,2.6380163377932146,1.8782197806144867,1.627716538589602,1.5822627370765767,2.0305961397598433,3.085954564545094,1.002993842449901,-0.036623616452273515,0.10700339612173612,-0.2971734352745915,2.774744509279114,2.3783904073131086,1.953121107657263,3.9067482895491152,2.0997048629504533,1.3406176568316959,0.5039619425483397,1.6984703684497209,1.9951291763233523,1.9341554907352254,1.9152601279868398,1.7497675188688566,1.812219417278583,1.5285125068121244
8.981870334543453,9.302615721409342,9.331677573161716,9.810802609898493,9.830734721005157,9.670578457808164,8.79262834404214,4.237117438988613,3.531578884516349,1.8609759420425933,1.6916217483242466,0.5036313742921408,0.8443416506850044,0.6099084494535497,0.15170540830508583,0.8430264646549206,-0.6369941678941831,0.11626976570820541,1.4349593373912115,0.8325865250438103,1.9800792451938947,2.7540662148098374,3.431692750011818,1.687406282975045,0.6810482149694226,1.7250380471895341,2.4307265424312003,1.4090716408112365,1.3253992918938693,1.6426182680656956,1.767779511269137,1.935104271560374,1.2952341958740812,1.2898995834395581
8.814988364118076,9.334286911102673,9.615726768290473,9.507589864590813,9.814412231473638,9.705079270835071,9.156940016675271,7.175099068156676,3.385970392802032,2.3384407442086745,0.013895777320154262,-1.438585080354821,-0.6007379038716174,0.7634383864187826,-0.9471443169572178,-0.5872533756533461,1.0067211500484068,-0.24267531406252377,1.1331298166628558,4.608067685624898,2.6241543370173654,5.756985594807473,-0.2718981717993208,1.8438826114212932,1.1164554051252837,0.028682718524566313,1.330412029828382,1.1122355054914557,1.8436701016218524,1.9407322225467858,1.5724500906143088,1.9346648439732785,2.0257525120562074,1.7771103941138486
8.461973245700355,9.163713751825014,9.470876577318597,9.533652575627903,9.764122831049791,10.11985025866271,9.539759054398761,7.727830997613909,6.092525153164151,5.998375611520383,8.987911059514817,9.412681262258655,5.956542248046924,4.414859422208301,0.31199677073980037,0.6975275667376079,1.0731773483929787,0.6914131587573945,2.866838393014686,1.5754120744440017,0.6654463120600349,2.027698838964013,2.3057972068488533,1.2647745987300656,1.218730399740488,1.2463946972830269,1.0575054943428324,1.3256662801488284,1.2896742621262547,1.5971323747294672,1.563936050971891,-0.2843211627433204,0.9954961198801934,1.5396226381430003
8.811766612567945,9.263972339885582,9.173604018286689,9.327257445574908,9.462611861510192,9.845939697052797,9.750899241947096,9.39619176635561,8.08041367887822,7.93817229196332,7.686726573633626,4.585385444749422,5.7659091339077175,3.2719009823278,-0.7253566166444104,2.4086434701129633,0.0604574843399318,0.24668727950553768,3.8374384133848625,2.330588827415756,0.4983653367784379,1.1403241170472092,1.1178783277333426,0.29778921917544515,0.8392626193428392,1.1703210968098696,1.4328440478861895,0.7308756132945622,0.9123843390854052,1.496407362342702,1.8091258395513108,1.3750653189296789,1.3215421889281744,1.9293706695279718
8.668932011922706,9.550256911460904,8.582254135561955,9.176290416348865,9.335697338306925,9.853471807491873,9.548229642002957,8.518254148388678,7.870414739966173,9.160628783618787,8.433000243859412,-0.6010812405046542,0.6326795595653503,7.325968550798926,0.8893625707984701,1.939938655093306,-1.0550338913824144,1.2335285497635355,3.4201798009873077,1.6660003452447876,3.0782434976802406,1.635195361613846,1.6350708148996238,1.261005474390851,1.149508572923045,0.7326945567410745,1.0742330152384547,1.3390502352708447,1.3382057098425877,1.2402643637166155,1.3397338316209286,0.7121053441139727,1.5397655493717266,3.5121064810803126
8.961769638038675,9.332608295279321,8.566593411014829,8.806571454136742,9.241212001539335,10.137494504074892,9.354990978466278,9.182776830321677,8.826356672503122,3.2974971409199694,1.3923477793660186,1.197516671520628,2.762989608594618,3.0684706167908775,3.479682110930669,-0.07434550812049281,4.2175746739824715,3.259222906497111,0.6640350558883508,2.1650038473840665,4.213219481738653,1.5062397941561159,0.8300689874132117,0.2717142411657708,1.138564091240803,0.7504365210020291,1.4175117394111885,1.2727660247852366,1.137028122049805,1.5900220713390119,0.768266808423471,1.648772612878507,2.0857869357425187,2.2466175076931756
9.111072142383518,8.792265026463847,8.791245398834299,8.344006784410876,8.352685184008207,9.21916688567538,8.73373450996537,6.815795909681472,3.1275266629219067,2.3610689154706135,0.38063526539798126,0.0005976824418888005,6.295051401962973,4.255289324374722,0.25458314526123504,3.545544911715771,3.925553179983887,2.766055013910051,2.0157305068752986,2.250075191235818,2.9661763928469034,1.760756839776813,0.9084836666157379,0.6160259263570793,0.9762356119858665,0.9595412432199625,1.6570316395361875,1.5282267315053666,1.0243557763835816,0.9580929494316014,0.9891281604181167,2.8991411247828234,2.3078052086237095,1.2798205581331008
8.433832524379238,8.257763905332942,8.021391085182962,8.068715563682453,8.049441749963055,8.092932284259609,7.327023860150463,2.5311280642012965,6.17804159101099,-1.6820138625896384,8.58576797533901,-1.9477582909779874,2.2691350286956156,4.792718083854045,4.114795507273401,2.2213693518531303,2.2818162816012024,1.2100751288503913,3.8538704681935037,1.3673139148745923,1.9242554697674508,1.4108684096441866,2.295758578766027,0.6120226484144444,0.45772800742238573,0.4507585222098032,1.3950961616881536,0.453034262874524,1.5919859472287636,0.8769282155808104,1.0004225551354617,2.282726036346772,1.94611663825003,1.2360726031365568
6.317459459524326,8.641050634170465,7.540636088658572,7.343850755488533,7.6701017647892,3.324190177791361,1.4172524263131414,-0.5971959436411839,-1.5867368387766254,2.518743449443651,2.2811842409728875,5.0665841543003705,2.638732586163725,-0.4180304574682752,2.271842759754729,1.5451718407831958,0.5901423127362223,3.395046110371629,1.1925110254014761,2.9780086234072933,2.2264341687455693,1.8881851019050977,0.007954758958751317,1.2612147563785818,0.22324473829804548,0.5932503792055325,0.6681063469310186,0.9560469388146327,1.701338711239456,1.5782648391845475,1.809880804573617,1.3183083849375483,0.8139276916465034,0.10354612015606612
6.310285257073774,7.067974704423194,7.004472279346411,6.681068986110832,4.374424573621915,2.131904854407649,1.279550666991306,1.7127556517871438,2.931182702407999,8.563226926730447,8.077877685852762,4.4474103716773925,2.5565962202571786,2.43895821691661,0.4334355768968425,4.431059787563842,2.127879711377721,0.6852764950329105,2.248560428491419,-0.370270044458637,1.5424931655082694,1.282834394359613,1.3705079995651428,1.2183432664742995,1.3429453207247575,-0.01431574973198327,0.19269042391442645,0.4011833975458586,1.6805408890901914,2.283483345948361,1.8438744336444661,1.0985669581428557,0.5962392063560826,0.49039341386357843
6.505052163666801,6.7116638062042835,6.630691147244539,6.167188789619655,3.510934263340991,5.438984542271242,6.6728315460345975,0.24120636297994807,-1.5115858401205664,5.911803791225615,5.634081024293319,9.707661222500944,2.1052149098103667,0.9610260899545972,0.0976795923144505,1.4740808865610184,2.0026500111937198,0.8815788804200796,0.9634821198735294,2.0104142989764764,0.9178397102852498,1.3070732077868688,1.4929865246770606,1.562519226797137,1.1396554833153674,1.206619435946417,1.833463970591843,1.5289718978812548,1.8346486376234652,2.7423602860234184,2.462496918891719,1.5933212993952426,0.4974348396377966,1.3288773758679278
6.392138854245239,6.86189494846235,5.903206467151417,5.477035838452304,3.7079432078742003,2.2926611085429047,-1.011033208867854,8.310816016207143,1.3596488743024475,2.298907962808023,0.18174864554917813,10.495584222222545,1.5092211742893764,1.1805976950655872,1.600216906433373,0.7407586158744675,1.293155041105251,1.8577252283591734,0.1024463359122203,0.22922718150411558,0.6829676324029829,0.806260149702136,0.29561566204296474,1.0303966499467883,0.6805296147117385,0.8559214636986449,0.6948005430503864,1.1869985205018792,1.2330768212628636,2.469169081227733,2.672836879937595,2.5580463724619924,2.1020063028296145,2.1917760038353
5.616648623962904,5.688152524154623,4.551735550609398,4.451767260631062,1.3409864053162384,1.6878540682208645,4.718012202965611,-0.3324754981448621,2.3472727789109125,3.07857679862168,7.324644166473105,8.671120109721562,-0.38072475057602034,2.149163352566854,1.6775387494305547,-1.8976498808019793,2.3883715401529697,-0.6728358438568678,1.2873936535280575,0.9859394966332983,0.9496466055845203,1.054346958659493,0.9711374407534209,0.8896108860745707,-0.4303607790936673,0.4815973396343061,1.1195410214715773,1.5228654971002475,1.714389954480818,3.94716078336603,5.074947156986513,3.23800603752235,4.0295278120777,3.725048540745477
6.643055264422867,4.049205721459513,4.272823088492098,3.216975917208811,0.7281787403767814,1.2481226999438984,6.3168625613972464,3.211733519581078,0.5188207681760358,2.6370120472520138,10.283407953740616,9.051874727391066,1.9345165619212092,0.9304622710879468,0.19335927054648402,1.2618559402421683,-0.805256344796559,-0.267955282799932,0.3402796424015051,0.033347424022723164,0.8876939707483534,0.8269344022455414,0.2810602846631608,0.9822443787340194,-0.12486128582159527,0.439057227528085,0.34609831026663657,0.8894606167975727,1.0434238333579313,3.7724469370431053,4.202382732866222,4.318820021929809,4.180732339230592,3.7466938208807297
5.528436892377374,5.013386937153719,2.803862448378702,3.6184688022984868,1.4678490149008288,0.6080136530331797,3.332657734670285,0.6460661374107157,7.986096234834261,9.067457075316574,0.8691538707441937,2.5592790668837813,-0.05903902147622081,1.245715782125814,1.1981255596421112,0.8473150826349033,2.6268848526046997,-0.7246446201097912,0.4363124008832474,-0.4455395882457871,-0.5673502856846532,0.7485855552049921,0.4629777831676381,-0.2620756036729952,0.5519373432566026,-0.10008180123242805,0.7055377086557991,0.45774896058381387,0.38982744051203133,1.7550810466355777,1.3459810436996589,2.042960591972102,2.4838004708484815,4.212026628031304
4.682818951514223,4.927084912003376,1.6299262898546953,3.1426121285940836,1.405404657714391,-0.6446177618941641,3.784326923100785,2.2852605414300555,4.163433711217137,13.401348079112536,1.4775193515168477,1.5165816340297051,2.566432457566028,-1.6376975312331186,2.0557132519491637,-1.365108901058734,0.7510339903456771,0.32710742400656134,0.4264420881513994,-0.27822992621642056,-0.3344211937518269,-1.355276781744251,-0.10280326822752876,-0.07609414020858124,-0.4370492876527796,0.15557648218165535,-0.3478386651274748,0.29025852208357855,-0.20820339265805754,-0.06907983561595267,-0.013723953211925873,-0.615683609654169,0.619216726799924,2.3812522713393283
4.765880541703998,4.60394344086305,4.579985059395861,3.0144197220237734,0.8942446855729358,0.6770057813484377,-0.8779514337261021,11.634658874943835,6.789730813481323,5.624622243884903,5.805665469968416,8.522918166972866,-0.6002044566263172,3.2902154687349316,0.3302644100348712,0.07481453269325687,0.3956291839089155,0.6563584637437192,0.21839034302931246,0.34953630544079556,-0.23779743888477942,-0.6777574131525328,-0.6934276947665843,-0.07399372457553753,-0.030808297607287986,0.17654062898125042,0.46669518342613064,-0.7274356233409163,-0.45978666216634945,-0.6632584577640048,-0.7323241650298601,-0.42116025011398805,-0.7132912150278528,-0.17934772327620507
5.381169657828573,3.7492231238824787,4.197036365626157,2.155519786505981,1.5306945279324928,1.2001619978982467,-0.11844354375472636,2.3046681593043417,6.213042749995379,4.587470429175455,2.5566073515926564,5.441252088657981,2.6083917745437213,-0.6001979304794076,0.9870816792957133,0.1440382991013422,-0.4922616333265229,0.6964742066844833,0.3419217442309146,-0.27981894209829894,0.024410718973248438,-0.028658043123412216,-0.7721691362058638,-0.059632607138619155,-0.5573504924152411,-0.15676482376854287,-0.5617712540957939,-0.5391289219076303,-0.8040507845362824,-0.44357898366867565,-1.24399172803609,-0.5458687909822516,-1.525274522688987,-2.3359509571687695
5.106833684660247,5.566978524461399,5.149093077125392,3.6840534784672543,1.1995890046617423,3.872461782475775,1.438312287320122,1.3950730920353,5.216815464569452,1.1529511452897276,2.1673848420266726,5.288400246821247,-0.8964717822571707,2.949975407296954,0.5544122695343942,1.1023708923384101,-0.28228276136225433,-0.07742342912343961,-0.043611222941186294,-0.5864546981690405,-0.79314250115426,-0.3705236370737538,-0.32973024965842507,0.42065234667980855,0.6926285172715863,0.5713527514746198,-0.14980353065105484,-0.49771089495714604,-1.1902502842908256,-1.6410726873508692,-1.4037603636240485,-1.373193568755157,-0.6411282826270499,-0.017930131549522756
5.054651675797986,3.460469993627629,5.106455200222668,3.689926356565078,3.9746847526150146,2.002410990807674,0.7511099364769215,3.5332870546539716,8.021200428833126,6.47433784131153,0.008428571242686513,2.3147743019489804,3.9166823540647853,2.9913584770563046,1.5988344526865859,1.853862978234739,-0.20187218053101572,0.31216044990215575,0.35832590328122366,-0.2872066255575151,-0.34673376256413824,-0.7226209797629806,-0.7584718022366272,-1.0894779655887916,1.2964248240921072,2.041124599261656,2.2123179173718053,2.240347994547069,2.1632397448838585,1.6410824953500431,1.3444227558047266,-0.7108602762753506,-1.7275855833435299,-0.5097329162613801
7.5110220261585345,3.911092426866604,6.297030638334168,2.875809262212066,4.067006645319072,1.84194723300908,1.1719372021977326,3.9044281230653466,7.90329498034836,0.11950126709315233,2.0026774580365916,-2.449037594890151,2.94766382467359,2.106841858176587,0.7798189140699135,2.595912771489645,1.4649157543126656,0.9112523920157071,0.5097863486203793,0.5782476896491638,-0.33698464995312183,-1.7151235982232917,-1.1565636652081994,0.26431516479847667,1.072424193129041,1.695525280325863,2.716692542602512,1.9740341986646486,1.5388153199265664,1.5551423566761107,1.8143232081819014,1.308127245642824,-0.022352835156250382,-1.1775097287384746
6.556303680839421,3.7796276373928057,4.8789640519323925,5.5209763158410485,3.360543031626539,2.3588132521001843,1.7859723419824607,5.321502470905297,7.886305942034574,1.0962751370891426,1.6026684044791477,2.5116427878331047,2.0667966871170402,2.405355136855243,2.5325087853740373,1.8388277394569716,0.8201334698137777,0.9162382429283644,1.52076509368085,0.6992742400853854,0.7896552786729649,2.523563062065707,0.5447179794463965,0.9626562368942958,0.8346832820863511,0.9229885187580917,1.848862386362604,1.8888900378455582,1.5358382779925028,1.5806755069330511,1.7222281065542262,2.227407682914472,2.9694886200925845,-0.11809534649532157
