script/wind10m.json
{"header": {"parameterCategory": 2, "parameterNumber": 3, "lo1": 3.000054539987559, "la1": 64.9999836372058, "dx": 0.5, "dy": 0.25, "nx": 34, "ny": 52, "refTime": "2025-11-22T02:00:00.000Z"}, "data":
[rows 25 to 49 of 52, columns 0 to 33 of 34]
3.4755025680498335,4.472116182684118,6.675668146710173,6.56496407968653,6.489318172737788,7.191954361280913,4.088242350852529,3.50982963180952,3.8329545425336646,2.0941110167051264,2.417983706369396,0.8632921259463073,1.5377991792060388,6.000244517203457,5.2138890046749005,5.576905148768381,4.806121304003019,1.230336516315217,1.7166600926202,2.0793258785698763,7.007801739408639,7.508191153889633,1.8431256947096541,2.1852824061755145,2.2037955870014927,1.8960473796129849,2.342370010369701,1.8373348110169523,1.8335748245831625,1.545473652552635,1.0778201042776712,-0.20869593320750268,-1.1931484127236225,-2.035099046524772
5.9773914261293335,6.413809392170803,6.898584621776064,6.481590586086643,6.738640572653638,7.1442169512727505,3.373691035726526,2.299343634304165,1.2693659247743634,1.5438042768349103,1.3707840642627462,2.0620532118247206,4.540140276476962,6.341586207922104,5.946080523940446,5.182381703694855,4.779680630898989,1.3754709198470063,1.548626313102305,3.8843684437500254,3.5673939596884146,3.21643908829899,2.5040359918405932,3.4317871533532345,3.313936851298271,1.1848467433911878,1.7862927539701343,2.149206536432906,3.2379899517480495,2.8098227906887705,1.4444761965130803,0.14224480390157038,-1.518246054363216,-2.744074750081967
6.832508662703717,6.882881087759923,6.7632730884219106,6.842538029811161,6.838960805116652,6.4734074642830635,7.072035518756104,3.619260013968869,1.7379645788627724,0.967746409092999,0.1302876843063638,2.351786930744821,7.850232725683118,6.191334990928311,4.698665477118652,4.796446093060189,4.697628261110328,3.6363430789850435,1.9119655514671055,2.2356977212442946,3.8479389401968036,3.0500475113114613,2.554928500917011,8.229602521410646,2.0558826034906015,2.111298642602624,1.8704178790190602,1.529435497129488,2.595516561463535,2.7470197098543014,1.1958912232189411,-0.11961480165656736,-1.7493297599868118,-3.130540519011975
7.639117038337988,7.545951813987707,7.241094860838764,6.749107196010362,6.331254188314679,6.576395369053315,6.62155072220301,5.750441875542531,3.3706385059542554,2.4757676427613307,5.27316238070475,7.696616527084104,6.467886173345981,5.3970241880491265,3.779824252686372,8.077198355121174,7.373347333743129,5.962209004805671,2.0233118515851323,2.659506855338643,2.4849225349773585,2.502675414272051,1.3648340015876117,1.8111108836667422,2.1124165099785603,1.1338221728835838,1.5371331766022411,1.5028971042833021,2.9279033349201344,2.3095715097555964,0.8551678081103574,-0.955269966443317,-1.6379802161689476,-2.641738058193986
7.568090928482216,7.145280970469088,6.9830694198020575,6.459225969805166,6.642612166407178,6.752509601727469,6.8994831726142305,6.163144626083452,5.05326127320187,4.787369580868926,5.655528805146252,6.334230509863761,5.668437286288431,4.612808674897603,10.251682693047181,6.6908912407468,7.662018800727749,7.166848226956361,2.7472475918867483,1.6338502297716158,2.1892707157864204,2.1121034470823172,2.045487213332256,2.147875000218806,2.012241618908177,1.534687174773144,1.0477959642942651,1.5264777187805771,2.1179476530197268,1.361099036670574,0.19342188372392402,-0.12675257829275013,1.0187079498391771,-1.375436801209798
6.972273595939593,6.837388357352394,6.7013854814621725,6.5853543727078625,7.26365005721105,6.773390814906901,6.75363034695103,6.265137266078254,5.605135904526671,4.719601460081996,2.977303091124994,5.9800511172835975,8.023630599289264,9.309922428035561,4.2867045203602645,5.373742097274197,6.818035009974755,6.389110781570168,1.9977888634922703,1.3329661994146398,1.5831031270309923,1.9392326935308237,1.5849160713444497,1.5901487444437024,1.6440288956296059,0.9005211187760978,1.3602232283762865,1.40748514002856,1.4816428387364085,0.3860384110507301,-0.07007615166556756,0.9402213911266555,-0.5538544236697682,-2.209613032727175
6.706169332065969,6.787924210591877,7.227134012463024,7.438311505845938,6.961786129186125,6.826516474528399,6.596753054720516,5.925379353916648,5.033200445819503,4.006356306685087,3.561517951959516,3.1860310715618034,7.950409481184562,6.838841028927821,3.698302699479154,3.1587439385512526,2.9043829357841466,6.0251062977918926,5.155504312894834,2.1227117262547712,1.5453530489180858,0.7005149355849752,1.8165301809988963,2.1222739423579586,1.9466258410434365,1.4440412435313206,1.4174098825119714,2.2998918583151493,0.6142921705006356,-0.0478729121244359,-0.20363396878297613,0.6327239097556382,-1.4374907591498227,-2.7240323052956823
6.862137280169637,7.200953079456643,7.346464902481485,6.984098554973071,6.3955842565604675,6.792259426409676,6.081027995036764,5.357430607616792,4.7840401271675965,3.8540073374680297,4.070018371087135,2.166320482587844,8.464551256839416,5.039347287168148,3.2344219051175127,6.648953230746356,6.314530068012316,5.322493648154478,4.482571607283293,1.2059273377529809,1.1547683838304907,1.5388832081167885,2.3285520528998016,1.1862041193735429,1.8506546945905633,1.3775821681603526,1.4787371558855393,1.794350062243951,1.7680582445538837,-0.44633723820115573,-0.8737549952566278,-0.9565683779374091,-2.2079035600757018,-2.9543233204600234
7.375235146625971,7.047562285572991,7.359383895737496,6.795962946774662,7.194802209806516,6.389194276890645,5.948415538544708,5.365752982123347,4.746988971330811,3.7314455955314574,4.988937263333119,4.886340944237441,4.449726664019113,3.5016515399030337,3.2339373798547477,6.271354831590795,6.052368942357368,4.632974535373587,3.412620976888714,2.654910717583974,0.8732325171112726,2.1638132748294745,1.9224152791159295,1.862455157097999,1.4707136508245537,0.20245477513976037,0.8807724730555451,2.108002367317973,0.6220505398389057,-1.4033700553795647,-1.6581680878962004,-2.3472411160570164,-2.8871039534688654,-2.6105923033177074
7.416731552107931,7.446362798983761,7.602174635898057,7.494131171782147,7.105305522998254,5.931646671513686,5.76629124066336,5.431067318695765,4.328281320006589,4.258822976398462,4.767172052313298,3.9706402055608967,3.2964565417042784,3.2910728595083754,3.26276215524654,3.4401733051153913,5.295919786098896,4.540638779629958,2.8071347168244736,3.8030306084262384,3.0866819955877682,1.8303634943412335,1.835399401256947,1.620606951143783,0.9067234468263368,0.9404812703740258,0.983565254943437,0.828452661963178,-1.0968205331487035,-2.2355028952380995,-2.7620855315751145,-2.4195866472568963,-2.4181764838666386,-2.6936846181186525
7.6842815941071825,7.949217239182397,7.647499549892808,7.21891163598733,6.217845423657841,5.505862983153845,5.456468326533547,4.977164697572013,4.205486769107113,5.218246048649135,0.3902510094845196,3.00920970803472,3.8030424532927993,3.028066601807814,2.7535937680226983,2.933791973253251,3.9384381997197786,5.343276059074063,5.258971057896724,5.1424037577811745,2.2724147812931093,2.022343596853338,1.1110844292178954,1.525444252834095,0.5348119958324365,0.16078796611842056,0.8831389821128784,0.1000028727593772,-2.5264217608436725,-3.2087562215741054,-3.255062938451899,-2.774970369570517,-2.426371659267269,-3.262984026216514
7.986935386878106,8.184062825220446,7.845953554697803,7.021959604695157,6.033866478569015,5.401651814448978,4.958843139143168,4.630031239012801,4.154540535545849,4.329240391704526,4.754252836746312,2.466524477635306,2.864540669983331,2.523726024516133,2.2459576388535787,4.454070594584324,5.423373977383239,5.608430157388348,2.676086274867568,1.877784908028905,2.4058705290327267,2.291099952005563,1.2487099168442004,2.7546515662841706,1.184783196032612,-0.09530531435215446,-0.5100880547123608,-1.675230948715288,-3.279769928868399,-3.944259657066151,-3.56247288794688,-3.0010840286438123,-2.812609998149532,-3.849250731866977
8.35788607987085,8.096257625513497,7.6313625165224,6.580405429635874,5.802073763686551,4.942003856264469,4.8786681710395685,4.199721765552787,3.6242386962401913,4.1534861672775625,5.731377898651956,2.3783000044252316,3.1999707649289855,2.1619287763788244,2.675053459054131,5.400486700768426,5.3513233694939135,3.249226578820116,3.2515875079618866,2.3892342636054664,2.7634691693948237,1.9216531332124749,0.6948816464572376,2.2353094796567077,1.1812676543872185,-0.4835725852919348,-0.9666246157574978,-2.2753117422231672,-4.216572897070911,-3.9995151665325217,-3.544265421457941,-3.0937086576002355,-2.910140840486079,-4.0969236439594425
8.129232749063258,7.8332868957845205,7.149860926100734,6.446991551636736,5.607873633555337,5.17777118748829,4.843280351772313,3.929960128199909,4.3239118985837885,5.991110200893505,4.630178307639639,2.553614337665331,3.535305598934437,2.73176395932255,2.892681621060014,4.966935209029337,6.497169732039025,3.3016150750801248,2.1396541964843383,6.300002757474696,2.601743693452977,0.8139390935173955,-0.08458201842443087,-0.6202128640873239,-0.7678438648211504,-1.1455759313117593,-1.4871326270263272,-3.4905608998593554,-4.859344114669068,-4.293254908496024,-3.4407555853812863,-2.9152507294996477,-3.7073587644982102,-4.772585256552319
7.7127514826236405,7.420115439298791,7.362339259882855,6.602200227561765,5.971318777385146,5.05706042151105,4.680373263031126,3.787409590540006,5.949358292893359,3.9621625807806446,4.351982758005018,4.352191342688561,3.2973400294694093,2.7754611361593238,3.093414949939884,3.3160587353089968,6.497478730130055,2.8396555353490025,3.2578833998387218,5.035757991317886,3.447129323672717,1.3165524819430834,1.1424423782393383,-0.9698630969345111,-0.28780548648563276,-1.4966201667967056,-2.1902506224906535,-3.7163122981969567,-4.69488333527058,-4.181178021447899,-3.758704568310659,-3.8186159879615613,-4.254122128803809,-4.949412269016793
7.500578565953054,7.084447021298709,7.175458886567384,6.80569601656834,6.021863020103659,5.065710512865435,4.1033105395341485,3.2686082154700564,3.3602140072682998,4.676014036092524,4.675965722678531,4.973342857631749,2.6485153448353795,3.524394043845446,5.202185751910042,4.625598039254289,6.860661435957521,5.140573186106178,3.0678631916887875,2.2918396007136623,2.0701289198710953,1.2367427029704874,0.1623374809397516,-0.7801105203117242,-0.6539015503099753,-2.2590566334381132,-2.7869427577678327,-3.350036236764333,-4.019268890821516,-4.444723761309212,-4.141124192085072,-4.083301594020491,-5.012472862464511,-6.144259193003905
7.078363206941892,6.9437514917430585,6.921370442860323,6.655389304369995,5.840020326021067,5.311408690418974,4.0153203665657475,4.035456434777243,5.35285284258467,4.584080485856635,4.450715956531848,3.4634757603593718,2.526139215650746,3.844713386679765,6.235225166245592,6.2148319313227125,5.600658354998559,3.387735320337704,1.6791660454042434,2.9385945192848415,2.075320113768657,5.947356474710871,0.4573383435995987,-0.6306528540551861,-1.4384196690459663,-2.4694383855705575,-3.177099772714875,-3.181116892431955,-3.988869879195752,-2.564239067679428,1.4895065548831616,-2.3203804820922955,-5.777787301321053,-6.059145974453258
6.702207923498577,6.948056847426396,6.737816223467774,6.085997733069875,5.825918887251073,4.848938711565293,3.880850180052011,3.7862112389714193,2.8389344820368576,5.009849674128211,4.231866870553106,6.180992617513627,4.471424667417482,3.464174379491741,6.047673124922958,6.0490448963974774,4.258370257456675,4.195154011541119,3.3351894601891923,3.99559538723956,5.180639766351072,2.9542858102730873,2.686275034546373,-0.058387582138505124,-0.6669365227966533,-1.6535711510443583,-3.641472822281505,-1.4086788559746437,1.2462260449130105,1.7990097368609381,0.6363829728403277,-0.1233340023817918,-4.015300066842966,-5.653792380800838
6.7069382433449665,6.792085651794918,6.22916546005845,5.878224233565527,5.126909290701534,4.355230360231709,4.769667296503923,4.1699641621141135,4.518819503389686,5.188555501000039,5.627583970716916,7.7153636436179305,4.1476305053944005,3.9997608182642796,3.758672987502594,2.351847621848735,2.254188476133445,4.7628748684186,4.992374556911024,2.404677165807575,1.857050675051582,2.745957579423037,2.75032391110361,0.33724682578604676,-3.152739738338028,-1.209863462064725,-2.8329559342243433,2.7594769014537928,0.8912420773751274,0.5418988152435182,1.0540480310095117,0.31626963479776155,0.512046612049959,1.2313554482278637
6.492903528334433,6.076731696329286,5.6241778735369605,5.20512099253687,4.505234511131966,3.5924013218397515,4.738539240575247,4.116051390687144,7.211430101578107,6.915106393718498,6.77391853711477,6.565118343569393,3.378255786872213,2.7928366980129766,2.561994177879779,2.445411277240952,3.585617543233732,3.242938622963084,1.9468151760752028,2.549219780685257,1.6189042432800944,1.4875932512455046,0.9507584990928565,1.3270954767792247,1.3122838343642211,2.7393236860514047,1.287091261491234,0.7928347079638527,-0.13907063251792923,0.8359175099425447,0.42151666339690985,0.23592595187245805,1.58544354358424,1.304538121066119
5.986198579725619,5.550888570741159,5.610096606859122,4.6987593156758996,3.843543642074782,3.709540765668993,4.331310993937154,6.422574276637623,6.583162998042112,5.156953819198936,6.229564403113772,6.135165806408112,3.268528435120015,2.9740866066093337,2.0988007337998003,2.5647336001585,2.7742997387292423,2.568218070530382,2.648491618842866,1.6586529543871722,1.845630947680719,1.2981380197282706,1.3181250958935888,0.1690981393613685,1.0531770993934841,0.9165713879112731,0.8354374163176536,0.14627871018791652,0.766308803239835,-0.056436432494692074,0.5575348196141289,0.35784143170493743,0.46926485571977516,0.2721092588867288
5.816532787787247,5.710156368452149,5.2524190742005565,4.08394652200327,3.3387992235429005,3.6882665165604895,7.3537453073612715,6.918592125421652,6.433315514969107,2.6194446845588755,3.2211747982015413,3.6172504297319814,2.0366948331791104,1.9615010987286994,1.3488576674204362,1.965138997049036,2.0669409189831662,1.6395894270100846,2.2856942731587813,0.9777703090731176,1.3830227804148394,1.7183366998491334,1.2823892136847734,1.3937039185711244,0.6995088323614295,0.9398211822268004,0.18960363632275196,0.006949691102169212,0.7316688181063344,0.4153608873966825,0.461696140975654,0.13156170566259076,0.360343363800691,-0.3213444339492
5.485432869222433,5.208453992534627,4.872210997972715,3.4813169652602287,2.3440687938687876,4.923467883793804,3.1855450806758707,3.4078675128846228,3.414179231433492,2.9629570655659334,2.3851564455550536,3.2003580897857775,2.6537406846886173,2.4575366757421646,1.9216557997767045,2.0859379255609305,1.3261875601844626,1.788943440823604,1.3358003570956472,0.8654827885348371,1.0102667437424988,0.8751779703303765,0.9155810342824007,1.235015289287772,0.6865805249191571,-0.3214774311317276,-0.07705051887025079,-0.31283916226309194,0.5026065461289413,0.19683740900219465,0.1603286414954773,0.15732820792971464,-0.6852962112597804,0.05830362078027515
4.589058871424721,4.424330668917171,3.8398056513788372,2.876315756079891,6.553872670260023,3.7866185840319817,2.3662726920967825,2.366111968137793,3.2138617323547423,3.554128508706688,3.3103473724350425,2.7755609062246394,2.1966815366975396,2.671641778640752,1.4303978087555467,1.3159658930819156,0.9842758670124762,1.2111184319762707,1.0224885759698537,1.2336001411518747,1.668346751246551,1.0450089655464698,0.48542679516622556,0.7261624895644537,-0.15742005847581064,-0.4497825738434922,0.36945306279852136,0.37214749756145427,0.43643514064099675,0.3563898908223991,-0.06545230651975867,-0.11987787139676517,-0.6633634384846,-0.9937120211352525
4.091321042299144,3.8129024667708635,3.0241842168768542,2.50244980651465,3.2719650997412737,6.766810473831582,2.7736576773433463,2.995872881976992,2.839561624217108,2.875757085310855,2.6981274601770773,2.446089396427782,2.9328541303871214,1.7160919129235999,1.315560144199728,1.2840786293954267,0.5521309233553076,1.452146617523576,1.6951214423059313,1.365932346355435,1.3592008673930849,0.9320103467664336,0.43061285266115373,0.761637749614858,0.6252426532935559,1.5755196036796675,0.7699986039172164,0.5561235154982272,-0.03653313046893589,-0.41991762513273345,-0.7848016972282054,-1.1120958794801543,-0.3568328709395146,-1.897742067735401
