script/wind10m.json
{"header": {"parameterCategory": 2, "parameterNumber": 2, "lo1": 6.000027932988019, "la1": 58.9999434238085, "dx": 0.5, "dy": 0.25, "nx": 22, "ny": 24, "refTime": "2024-05-18T06:00:00.000Z"}, "data":
[rows 0 to 23 of 24, columns 0 to 21 of 22]
1.2788121467951057,-2.2145820941048404,-1.4919245955848,1.176450405087795,0.2504758897133334,1.6486661612730322,0.07954328214985866,0.4204199206378125,-1.8909132513304465,0.09486842832744162,-1.5040282825012847,-0.3277165892268337,-0.25988055801181376,-0.1719224988600659,-0.46817331710618143,-2.386665465316,-0.828525603293767,-0.6785935157948647,-0.44517425470024186,-0.340493551762242,-0.36629480441606643,-0.8402982406507312
-2.0630186280150307,-2.5151069637532144,-1.74937642631772,0.6963300695278541,-0.18069357688258084,-0.18959974328885157,-0.273766585682352,-1.1188767381667795,0.023158167759334304,0.17229293056542802,-2.354354526386687,-0.8424616521295533,-0.9306299904505813,0.07026248933020159,-2.4233095863209537,-3.0671478257206775,-1.0766530218599886,-0.8917482585188287,-1.1170381655943604,-0.5173292018417209,-1.001602242797332,-0.720516958974569
0.1767079328430442,0.13644605018920247,-0.5791627408965494,-1.4146977641089835,-0.17785702542438092,-0.22149953287030752,-0.8879433033275286,-1.5907668909669481,-0.8669972133204349,-2.4640518761525474,-2.9276651532296087,-1.1868983066568863,-0.944175720268759,-2.816549766954216,-1.7299066819189666,-1.2045658259055256,-0.5428839555959211,-1.62712059521596,-2.605276269586859,-1.721115589471671,-2.0502421261911894,-1.9021267670084214
-2.0034538600770135,-1.6676043342454694,-0.7931404781073074,-0.07722560457456747,0.17607938250264185,-1.1518854793487425,-1.3368329485318664,0.14733388623902513,-1.602222771087563,-2.2351185433835505,-3.960340526518239,-2.125786042401273,-1.1880792829035918,-1.375370312196798,-1.3858189826285907,-2.0002928636096304,-0.07719375670716518,0.7232410430144484,-1.4427161106047202,-1.7842125482910318,-1.9257238526506648,-1.8859092590686597
-3.546749299471139,-3.6375652282334707,-1.3857177944191368,-0.8205081474638207,-1.2760385895860706,-1.4195794035978728,-2.088267267865965,-2.377727569942097,-1.5624167749058129,-3.5985439251874847,-3.9208843576404573,-2.9289557315720094,-1.6271270569978322,-1.7859661158986269,-1.8648311831856599,-1.451484822608633,-0.9782190990193819,-2.39987491548807,-1.5854981587014212,-1.4191684394301411,-1.8780663586564073,-1.8862018209183293
-4.056630077208103,-3.585006044121519,-2.633243629243266,-2.617793345757486,-2.6679006765251985,-2.7896548896563163,-2.2405572424474975,-3.0710045622386777,-3.6588638050052382,-3.2114945042794263,-4.618224069031689,-3.5794173054875156,-2.8637046606679055,-2.1356203249958887,-2.2079772243072022,-1.8292069542557017,-1.4861990415981323,-1.7874080347204455,-1.3985006639070086,-1.0716148969575863,-1.3831249872337485,-1.2185615584409988
-3.3966970651730493,-2.8606067655863674,-3.2194795920062584,-3.2577822490961372,-3.461530544965243,-3.41289730021524,-4.154197700412139,-3.8144458934674614,-2.483194925033772,-4.451107471915905,-4.800582811596939,-3.6168505833601885,-2.3313142968390497,-1.8668096821189084,-1.2804396368948054,-1.2175890679807624,-1.5168463548393503,-1.8371564657358297,-1.2044027808940974,-1.0852322358606834,-1.1081562359559316,-0.9170029482260244
-4.510696172208552,-4.564490345327424,-4.775600000754382,-3.943374236166148,-4.790226259229151,-5.546966522812637,-4.817140789169622,-3.8921582912262433,-3.0031733048864333,-2.550831246643231,-2.7106003206403675,-5.099922193909831,-4.190086303556249,-2.0426208221547886,-1.3054622660921091,-1.4925248157248954,-1.3660809683600867,-1.4060828244137353,-1.5902359718718269,-0.5434172687457568,-0.9635673759163943,-0.6107540425239675
-4.534613012133593,-5.466830107523806,-6.044672528650823,-5.41814432044458,-4.683386010893279,-2.499435349874987,-5.721322474760135,-2.790268727782729,-2.812911383582059,-4.94278060047012,-5.366946802357629,-6.246459718199424,-4.937948591934124,-2.6031685567796883,-1.7255609385891608,-1.607763684697253,-1.9664297248568694,-1.8590453136442435,-1.8329598947434806,-0.9362220443960113,-0.613736306846329,-0.9799915510802648
-4.933603725926231,-6.32507132497096,-5.596854030980199,-7.637301983330346,-6.0006195200497165,-3.0458681112173513,-3.4292410152318142,-3.113793688725417,-3.2126945482864593,-4.1284231275382774,-5.411250339682477,-5.864685928000078,-6.403420348002654,-5.473878249055149,-2.4961460607474075,-1.5319235349851892,-1.921717801954255,-1.3696658223074085,-1.9863875241389028,-1.6314713764909625,-0.44938616808225373,-0.6131531764848668
-5.932012816988966,-5.717611653508424,-6.519298735641688,-6.784406389185353,-6.836650304141258,-3.520538723797902,-2.810013311383209,-3.190742776637184,-3.1834692531510407,-2.7115521147320067,-4.773708067454143,-5.82419940008857,-6.834857350358579,-8.632097610937699,-3.2884514034743035,-1.6476137019020896,-2.034036302438064,-1.7474421576358432,-2.059118834772462,-1.6454946172254554,-0.8078937396031223,-2.196940218010908
-6.283370226304197,-7.320327817726417,-7.543430526166274,-7.653467384060779,-6.538876989596819,-2.5449957126441256,-3.211502105542101,-2.5593131582913733,-1.8782380895100113,-3.1322733253890105,-5.8425420190632815,-5.718466660622271,-6.508195645342043,-4.503728394050403,-2.5324074875372458,-2.100521114815352,-1.1906792138223345,-1.6002844648706391,-1.6728527946417737,-1.9281991452404288,-0.8871120930552071,-4.387694751863981
-6.79700265871944,-6.924604967611526,-6.994465509857756,-6.988515673982422,-6.218824916545323,-2.859729057802813,-2.150694442383856,-1.8140473092942297,-3.161445097798665,-3.329105156793152,-4.3338203581573875,-3.663365791954384,-2.989717854050972,-2.1132389066822497,-3.2841356537684447,-2.729508755460691,-1.1217785827797715,-5.906726422141251,-5.531930830513543,-4.862962454516642,-4.362967050452174,-5.506933065202242
-6.255039505527102,-6.430439712239075,-7.163427754264246,-6.994433591637518,-6.085177230180061,-3.2689791142291287,-2.9560147780243704,-2.1971338219864625,-3.3290276890105983,-2.3903043022645134,-4.445455597207935,-3.107042772178766,-3.4779796212846934,-2.7685185829634946,-3.8335698199439903,-3.7633167344257963,-2.3833717678598214,-5.914327558567266,-6.255108375800188,-3.7499688271156453,-5.513516048600428,-5.927276674607541
-6.009850960675817,-6.385487652363019,-6.021471603931809,-6.536859721829414,-6.802484074085663,-3.1089824076294685,-3.457453379126408,-3.2007808493594525,-2.4977650066646344,-3.235188944313685,-6.03607489899969,-2.98068534207652,-3.330223884476912,-6.193685125224912,-3.541539273369553,-3.1693972848874754,-3.4181859350694026,-2.3645019310043143,-5.442980527451915,-6.375208859623339,-6.402442568554922,-6.176814065908886
-5.715285164263679,-5.828423522168749,-5.591210779516517,-7.483112111413701,-7.045893936918535,-5.289148080549051,-3.440766128964591,-2.376433341628861,-3.8909236892932655,-3.4201364006717787,-6.331830385631767,-3.4244575559219292,-2.1939350447562753,-6.797031805730663,-6.6647869875523895,-6.067640579236628,-6.14302421676325,-4.676836404205765,-1.5057354072828277,-6.624814216109046,-6.767615898960715,-6.716669530165308
-5.462220895549502,-5.391203401493727,-7.547250334613801,-7.083605148859523,-6.860872414305337,-6.125570619025475,-3.3288380834566387,-2.198749007064761,-3.956525763528069,-4.4127032884747495,-7.6879359076049445,-6.4326994018578985,-3.284844226606366,-4.694159868898086,-7.40450627153664,-5.678995361136956,-7.252628299797464,-6.635392961537726,-3.923189287609863,-6.790161322531837,-6.464647116708802,-6.408343198613402
-5.2934987681708,-6.050416621603104,-6.897656002364619,-6.156471947939409,-7.519204198154683,-5.363961803967626,-2.593954987592673,-3.1205676535566718,-6.852285853808552,-5.06624459473793,-4.478913258290317,-3.65025218710738,-4.047474322171052,-6.745348110637829,-5.628252960613291,-6.30123156463876,-6.48087861902499,-6.349025193997972,-6.672416257881045,-6.4134602285624895,-6.195304291215197,-5.439361556870553
-6.324644101765998,-6.974218041681946,-5.407448392338452,-5.752580382827512,-6.638707513212976,-6.595167839468693,-3.831264755728503,-3.3825073470316314,-6.078915712149283,-7.583519297036046,-4.645378145715992,-6.502847929639802,-6.051092821965897,-4.475774400208326,-4.090820462478837,-4.391925893198493,-7.092071282454401,-6.956451830912284,-6.578291549687262,-6.126863647340923,-4.9529701466792755,-2.646587477675127
-6.645764265193462,-6.71566202395156,-5.547560745429883,-5.576539596622277,-6.38371391182331,-5.560376439561198,-3.0283262917979816,-2.6416642620097868,-2.1173963368752147,-3.057998043714427,-3.731942779379982,-5.225386144691838,-4.48094102216625,-1.9162501363191906,-2.11288174216412,-6.881855678109931,-7.6771220199519945,-7.155402444313609,-6.460977102374015,-5.39237678407311,-2.980295730626802,-2.6123538247737774
-6.9369814897626325,-6.417281874464599,-5.991450193523948,-5.059228158195716,-4.941434553128662,-5.9855033244307325,-2.3357749963572636,-1.5711367935671492,-2.5223063507837105,-3.3224648435631883,-4.153323233080657,-2.5612425883255465,-2.4475142480046226,-2.0524761100008906,-0.9275290267373405,-2.7828161292677165,-4.31522021048775,-3.9004921448036676,-2.2485908656928704,-3.576866716948814,-2.7536844518470023,-1.9884441317451471
-6.346213099955588,-6.250870795749181,-4.786133565927921,-3.2989149632536057,-4.25250639261229,-3.9196641042244877,-2.595882523058998,-1.864756258750765,-3.0304473374325482,-2.5389431327911236,-1.3877453093540026,-2.981006623565768,-1.1477255172556562,-1.7928005443546449,-1.8642136852359084,-1.7947475927971042,-4.983348795402416,-5.311260770090265,-2.6016082369245908,-2.472946873152346,-2.9137295752410655,-2.5711308805537607
-3.3146058535548404,-4.464750144717343,-3.8098610883846122,-1.2110225782361594,-2.5469062701541696,-2.0835495772516386,-1.641106425762216,-1.1987429291483587,-1.889841415394696,-1.3854758629578912,-2.3929711224712222,-2.3907764626984482,-2.760183017344859,-1.7914869374196554,-1.222968086189856,-3.0974525334312086,-2.259387846081204,-2.1937888286189353,-3.654404212739882,-2.612816338691933,-2.2034088547187434,-2.20359648994132
-1.7133064684661874,-2.2682582944508507,-2.3279981278573034,-1.366543736691584,-1.7156626089112366,-1.3872199102255343,-1.3565483421146922,-1.6265387608865343,-1.5159316530579912,-1.3753100025533689,-2.053650239926138,-2.6494269128790537,-3.1715830605043274,-2.0546452199753,-2.406704058472956,-2.644041849344734,-3.329973242265896,-2.964412973290362,-3.630040154153853,-3.0618358815707416,-2.3318987804223847,-3.4507714822764055
