script/wind10m.json
{"header": {"parameterCategory": 2, "parameterNumber": 2, "lo1": 3.000054539987559, "la1": 64.9999836372058, "dx": 0.5, "dy": 0.25, "nx": 34, "ny": 52, "refTime": "2025-09-15T20:00:00.000Z"}, "data":
[rows 0 to 24 of 52, columns 0 to 33 of 34]
-5.059627858515732,-4.826889876498881,-5.5618881464570435,-5.239801389027492,-5.685354734561125,-5.628297230113599,-7.623096157783062,-7.937386512428848,-7.974048479792389,-7.821407749645334,-7.878553940886845,-7.6629632499803435,-7.4189065689295886,-7.577471201509555,-7.290956721826885,-6.475879864975308,-3.6242934575987924,-2.698571404261319,-1.3674363176817637,-3.352183920070543,-1.5067876116933294,-0.037701666910485425,-0.5763265261801661,0.19507797441329974,0.15095996458486674,0.5979324773215864,0.5111621508298817,1.0029444342226606,1.1749632284316165,0.46520615560661804,0.6986618814980148,1.0265171416959091,1.3857305272048834,0.5464071846971114
-5.691585068825137,-4.831856882033783,-5.358797096528946,-5.8350657673283814,-5.7419678569011365,-5.920164680245639,-6.4410001629619025,-7.699765121963536,-7.279090111335131,-7.024441603827082,-7.232139069250461,-7.697738689507897,-7.7507217864633615,-7.935375750678769,-7.438965161174988,-6.563312195531854,-4.231658814959854,-1.7940683546274907,-4.191387389835724,-2.02681184839353,-0.9231250741461996,-0.07543537478139761,0.02667598508469705,0.06830065055149952,0.24521499051675466,0.03145123980593219,0.9730398535683443,1.173704752619634,1.2422869493574802,2.33006594080455,1.2335009500797716,0.8962643420977737,1.0044508620427273,1.2891084486939572
-6.135118649532675,-5.276047785250667,-5.001539075044445,-4.487187609378267,-5.837722732660084,-5.510184130099372,-5.397590944310834,-6.407626183992554,-6.60372531049873,-7.487185905966719,-7.440198762433773,-7.398049266636057,-7.575939479363463,-7.555410183289338,-7.2568036745954965,-5.618419414802874,-2.967446485918611,-2.0583994981191203,-2.4430235860097844,-2.851266811144741,-1.8990505559018578,0.013889593888639348,-1.1912188670671078,0.2036244634089697,0.8087614505551897,0.09868366996460855,0.5525188761080602,1.3352282441981977,1.1934802869824641,2.0656336547343392,2.2169824789731787,1.723372700769071,0.984988731870786,1.359534429768381
-5.255808251685976,-5.761692579930642,-5.387906871622585,-3.62582381791786,-4.128725556397512,-5.259044455524452,-5.013678648539064,-5.169044399147592,-5.983043450693847,-6.929665861841453,-7.042468268109078,-6.899256338512534,-6.372238752218743,-5.562753921832095,-4.713795481606286,-2.8833610397813247,-1.518782587852521,-2.3489564257139035,-3.824414731958556,0.03651191365585492,-2.3912975840524826,-1.6802551752286443,-0.5192907486819222,-0.029749385969041336,-0.32582267799491416,-0.1810303681899829,0.97285699038965,0.7908043035531261,1.3256622660476067,1.2853344809309701,1.2534533274626647,1.925218830726569,1.353722306968484,0.7398087628741377
-5.534100013972612,-6.039381027307583,-5.602394320703361,-4.6965529625168845,-4.3691032832095695,-4.348822914686939,-4.459065284451829,-4.9385852028175785,-5.679332486432863,-5.710148820608023,-6.682568381543188,-6.5270416749029625,-5.257196151031516,-6.795483519539853,-3.8555334117305526,-3.508231557591644,-1.773926989974141,-1.884877455293782,-1.2033481973485212,-1.9346885226261838,-3.016123825682033,-0.19274658192192606,-0.7615273980796398,0.26207933388140703,0.014213299530760245,-0.18558688903444345,-0.12869173089602431,-0.3738769078970379,1.049268096829353,1.0810098891721829,0.6416465567603283,0.5587712958554886,0.22863748384263216,0.4421710638068396
-5.503622445040362,-5.110057780243219,-5.632907354534001,-5.457244706931291,-4.599017051757163,-4.411503417451521,-4.219453110106581,-4.307046095163608,-4.908744283271669,-5.8406475156131314,-6.679144257508842,-5.6738990632989825,-7.45985426755323,-6.397084966542688,-2.5662812975284957,-0.9317667020227407,0.37917061224104776,-1.475854547570229,-2.900486288926343,-3.7855131742355512,-1.4763151028085353,-1.5904181933934498,0.058326381277562366,-0.2101397555590636,0.32881184505572103,0.25171727144070005,-0.2703088567213995,-0.40741686183882975,0.23439097907748307,0.6225184053955207,0.9444424729644958,-0.3185973309528621,0.09103350357569831,0.34644447948688156
-5.627505909837252,-5.16081807148823,-5.8424717565483135,-5.803611176786656,-5.108597929294039,-4.482884234939024,-4.450407384462819,-4.47906432303812,-4.810053410200924,-4.47597776568158,-3.7285363510614267,-2.71467772092368,-3.3468228110570304,-2.9041436819870112,-2.8798306153919007,-4.162168460496226,-1.247834512604885,-2.580493658833217,-2.6939585167358255,-2.0439412478835486,-1.4066189926571442,-0.7969655125738729,-1.234493343146399,-1.2522754491224093,-0.26139948516895123,-0.6347025084717395,0.3129882774310511,-1.0651710509615013,-0.2771318103133999,0.20212171348030858,-0.17675952349214313,0.2946254412186677,0.8676225080080762,2.6627602689444427
-5.987625731644686,-5.897232308507419,-5.999170078670505,-5.5334996625501285,-5.406974775644522,-5.4901123690747875,-5.256342633585099,-5.122069773672161,-4.633060789646956,-3.922102551205816,-0.4241649446563925,-1.4886045018689031,1.3201332041118987,-1.8032863808615955,-1.271197018397615,-1.005692608573586,-1.400969145790512,-0.6626380030617098,-0.43847034824107634,-1.0425921180595865,-1.297205024218561,-0.17532838501332093,-0.8247190429018136,-1.7703430542246232,-0.29112301910983474,-1.3051286001086406,-1.088992969725551,0.2773405049226148,0.05801316004841381,0.22727422922733365,0.3811911067773147,-0.32288400896681907,1.7240101306783915,4.032054849655623
-5.879489528088562,-5.754451159911172,-5.961377306222468,-5.630405047370565,-6.458775461960139,-6.374287059532563,-6.434904468560511,-6.006904668329527,-2.8897641000341103,-0.4237044521240911,-2.095079903264699,-0.4175954829319796,-1.4409619035842989,-3.761365699847572,-2.697678741890619,-1.8803277453213547,-1.9119032045098043,-1.5765875141614645,-1.511318911020698,-2.2659696113491137,-0.006257321080574118,0.09477687771673624,0.898387993221912,-1.0447254767897032,-0.6628473163769079,-0.9766137805476182,0.007681827209085662,-0.20590458123159416,-0.10302168018446389,0.338983019165173,0.08656143702598244,1.31659253365047,3.400011846570756,4.108236323398545
-5.232954403540968,-5.713898645187824,-5.6766111868081826,-6.230411917360027,-7.160051785125007,-6.8926222580399745,-6.216180722993958,-3.5330848387065203,-2.3489795115013705,-0.9386111577822914,-0.8780388058289033,0.923248121780162,-4.927821980707316,0.6651389970587923,-0.4156773082842079,-1.921876844531147,-0.718091538991644,-2.546442246149756,-2.135782106070472,-1.3402645893844685,-0.4956514122294361,0.17386400440857597,-0.9138040010053698,-0.07798127974515273,-0.5989890609562345,-0.17741187307737785,0.125034986311442,-0.13333634635271008,-0.63136663920325,-0.07419417514922726,0.3818066109815844,2.8346937611511507,3.53719496891524,3.7732068870463755
-5.327430878108915,-5.586790776929463,-6.1234657883828945,-6.811714001241434,-7.2046212035744945,-5.179424707067184,-2.9596727371669918,-1.393178358294225,-2.656219894779244,1.8936106453326464,-5.45669699465117,-2.0460619008735423,0.02059313191415018,0.9316866292407089,-1.1313006685354905,-2.7440609023180893,0.570303069719816,-1.4259957857975445,-3.964778816245776,-0.6361710337961458,-0.8568677673411478,-1.2814987589180296,0.4402712071550502,-1.331945398628498,-0.868309681934532,0.09950144187544398,-0.4152555011709227,-1.0280582744117113,-0.47271281128119114,-1.010229167366969,2.033962245459126,2.105628159816097,2.6279661213492087,3.7299869459516817
-4.6783640373885085,-5.589603828788283,-6.835856865018641,-5.536344336295259,-4.168624197143918,-0.470106731010883,-0.6750557053145998,-2.818064082603108,0.8860110668621543,-4.582725687612227,-1.3419159435365093,-4.35312856897005,-3.876264060783853,-1.6382771230341993,-1.6093966366192218,-1.1539492361206827,-3.793300938964303,-3.786081692005907,-4.73941704104542,-2.2851814946156597,-1.118956955751324,-1.006961698927029,-0.2712849159608245,-0.38412823407859564,-0.5830988882330433,-1.5439267453375534,-0.9948606219084196,-0.6551708804724957,-0.06980733447803629,0.015574762094765555,1.0686442024463951,1.601180549315687,2.376666288838423,1.576820631212057
-4.681464907846232,-5.421455044429927,-7.248123173311605,-5.750897185509249,-2.6243749601730495,-0.4550017800629425,1.3323973090357024,-1.0304876333839146,-2.8857865536614575,-5.011769673497865,-5.712216202027303,-6.494753959537625,-2.4086622490674974,-4.454305731788662,-0.4101688207241425,-2.3299679112598923,-2.696752982163007,-0.795847655460897,-3.5258544960452785,-1.851655531977698,-1.186040096689142,-0.7750047912628059,-1.0864125875158148,-1.4203565208852156,-1.1434337789806612,-1.55788045768956,-1.7100355665619131,-1.445308603809346,-0.8602223247408466,-0.18660353840659952,0.07234102073123462,0.5495685124969139,-0.08400331652238414,1.5657430633589586
-3.615014937534518,-4.166735678946048,-5.856885054955883,-3.7567903979274666,-2.0943304252704187,-4.583980169861481,-4.73182756548852,-1.3958816460022054,-7.290316034600039,-2.15488218576169,-4.067391801041123,-6.316856900357828,-1.4330864710065623,0.4569179215173073,-5.5106783644994435,-1.7774171529088458,-2.590774625601631,-2.4914196297789886,-3.666922730008734,-1.6830179881458887,-1.8724960803048605,-2.503901884354516,-1.7913507830749267,-1.5133511746399348,-1.0942473190844906,-1.0001083923552945,-1.265565999748635,-0.5586390404935749,-0.845625565313221,-0.837650360367766,-1.4430785492483742,-0.9955041826276618,-0.23801859265102518,0.8343200576772114
-3.435915780502148,-4.85780146655977,-5.023813120395263,-4.139034505979936,-3.4940209833025926,-3.637716935029425,-0.9350910203029035,-5.281980005654756,-4.328449018724022,-1.7083793269027576,-1.091982323829198,-5.626814927182023,-3.281879029529317,-1.6532219948328142,-1.9926332641321285,-3.942939482667837,0.33691644970210455,-2.828944972993167,-2.1844080161284887,-2.050063536301799,-1.2190751685740768,-2.371241545737956,-2.2654020613890364,-1.9413318530148154,-1.6951311551591466,-2.2130802614126086,-1.5276514814107074,-1.649395665708846,-0.9555007635703191,-2.775956979007552,-2.502950186778654,-1.921075434130423,-1.1711552814986388,0.0797844103034986
-3.3385189314893915,-3.8209599963056236,-3.588843046466884,-2.5265741716303816,-1.4699578032968106,-2.389842126464174,-4.775984372561494,1.8234858045433517,0.1773514258186042,-4.205785103126379,-4.6690998898542,-5.316465884809543,-4.680367247376573,-4.213078534520875,-1.4810195768012056,-4.711109546634993,-2.9497418228957617,-2.678671462742966,-3.0241287066953007,-1.9043416238205544,-2.428360812803201,-3.342929682259321,-1.4446167448257228,-1.2184318059288022,-1.3810922163539177,-1.9921704960881321,-1.7941230264554144,-2.1842413435222716,-1.5569873965813052,-5.261565895370318,-4.308651121638082,-2.8881592472421165,-2.1685587797655526,-2.0915672535157093
-1.5591019351287447,-3.1685822683573224,-3.1911586049453624,-3.159066217884596,-1.1648929333366522,-2.260898179373817,-6.186105113005647,-2.37761096804613,1.8635100263635225,-2.968053443495921,-4.960760597481605,-3.9309141047288607,-2.0148724409718284,-1.2444076513569027,-1.5315849169620164,0.07447729198845401,-2.4918888718568826,0.3622496442240606,-2.9687197187876744,-1.666748340453532,-2.873302728734031,-3.409386614659296,-2.9062365616867685,-2.73852878219473,-2.277838797416229,-2.4092545624303283,-1.6106939564302793,-1.6993370050905297,-2.075262142588201,-6.2819913091511905,-5.6151562807383675,-4.317739507687286,-3.908504781186185,-3.7340659010941746
-3.1906358749034176,-3.759609129291368,-2.99371639346108,-4.203760642961518,-0.9438764274924091,-1.1599419090208698,-3.3541992260854308,-0.4324793299548648,-5.543063428080809,-4.788492310828859,-3.771239256475844,-2.9405017843539865,-0.9342962480574724,-2.1700810705092874,-1.5155197360152377,-1.6386927497493917,-4.248181511754907,-1.4964653573749245,-1.802144241218384,-1.7077372020224162,-2.1783760099968417,-1.7468839928954043,-1.4580242477430783,-2.1059457170048415,-2.7688092016701997,-2.297547784477265,-2.1660028253699917,-1.7312152414162143,-1.8140554313324961,-5.582074835488013,-5.167686546994914,-4.774664718030576,-3.4761454331610904,-3.773547026665916
-6.032714688587915,-4.282462267023751,-4.286078725377731,-3.060603330521157,-1.9018500999976746,-1.6328711336656658,-2.36305999537139,-1.1271732593542234,-7.551153833278218,-4.314591658467435,-3.0031804843293153,-1.7477681645156715,-1.7204698558497427,-1.1477798097237868,-0.20192979680186215,-1.3639020915126387,-0.8775944006011851,-1.1091234536618153,-1.7026500569707093,-1.599164680058445,-0.8282793169904368,-1.0835658864997633,-1.4369493643530515,-1.2118446544279233,-0.8882398599576188,-2.4912354275919024,-2.3839669150998613,-2.0298965484315667,-1.8281903510352857,-1.9097812931912181,-2.5666596374382875,-3.0202192875542466,-0.6172496514273252,1.332937773200201
-4.832082927923151,-2.3676660380785592,-2.0177065726224157,-4.640549734211336,-1.348433443633281,-1.355439355292433,1.9800026845107515,-1.0467792695903686,-3.9419450420069904,-4.516472096125466,-3.636613392461035,-2.7363994542097134,0.08534258048553428,-0.983343039398604,-1.2824495344294622,-2.3192031069140815,-0.7778193179968081,-2.0480036482338506,-0.8556532366964558,-0.7940579837187748,-0.29626063102380057,-1.2632090634146576,-0.6436338018636297,-0.43431067256293565,-0.8707166425183636,-1.1115282961329076,-2.0587750647396827,-1.4655475894176588,-1.2818162432413307,-1.9500175321595659,-2.2349345091893675,-1.9083954960685054,-3.2494708711476608,-1.6804921137936726
-4.144473498252532,-1.564661961954876,-0.7561880195295381,-4.477627358765393,-2.44657641958137,-2.083560515140321,-3.0251122233911976,1.0840160588891483,-4.493849070908138,-3.153481794582176,-3.1647553385176583,-1.9518955270436587,-1.4699231688711774,-0.03130104035302654,-0.7244644806061231,-0.8753028681108821,-1.7708110160765789,-1.6336605455234456,-1.2942630343294341,-0.47615819309910395,-0.46773376012920914,-0.6412828462644931,-0.7631504302308582,-0.6926254916464795,0.1794255241340312,0.37229679240270774,-0.6525421799275902,-0.9387805130130743,-1.5903479339732152,-2.6854603832312773,-2.1350268776546697,-2.1925521575657974,-4.511330277207703,-4.426205583660033
-3.504662676054085,-3.409519238754401,0.8050657509038421,-4.695365917090159,-3.0577243709634727,-3.1766394417746153,-4.386476061622765,-3.698701110135613,-4.1517941990579725,-1.682324653628987,-0.5378801682744435,-1.8999380894711788,0.5886622291998878,0.266804010271344,-2.100073852196974,-0.4049435631137716,-1.6380863653525197,-1.9311718740363533,-1.2825452529006736,-0.7819455770190725,-0.20995220395993083,-1.490581760222216,-0.9131872028236164,-0.8501190167327384,-1.0938042603272904,0.1460043951694981,-0.24961290541098974,-0.6720909893046582,-1.5433381853678854,-2.2989246052670684,-2.186492513767408,-1.6453290125166247,-1.7876525174378264,-5.388891463158774
-3.337153545142245,-2.297465058331079,-2.473602328352799,-2.989111001014451,-5.488216984165695,-2.172721749154559,-3.325635864561688,-1.9223933995697793,-4.416819959355588,-5.8084407335038515,-0.6577581839345216,-2.3267531087990947,-0.02248340497433392,-0.890691847847133,-0.8551233211678761,-1.1416190610458752,-1.229344881678747,-2.0056190610659073,-1.3214129436983935,-1.095503263227128,-1.0692590675519147,-0.8246964075870238,-0.45357061062682846,-1.5065779803384094,-0.9257581313994774,-0.7311670494329106,0.04145773496621246,0.327014352508799,-0.1426094697795211,-1.637424376957849,-1.0672357554824183,-0.2431457032109091,-1.038414279985479,-4.2229744144387364
-1.9875470891306553,-0.6676716574655105,-1.6895526709406252,-1.3914636519713444,-4.302851087615536,-4.404280708776532,-1.5150734004131674,-5.196643117005952,-4.590701346033492,-2.552235959232869,0.5866559272166265,0.32496297912683886,0.2904091088279756,-0.4175536915089857,-0.07739191105992412,1.2571709582271238,-0.4396897223459577,-0.8914992322148223,-1.3373748897013251,-0.607658799180306,0.20131500114535947,-0.27647068651039886,-1.1518211202504445,-0.669900203584122,-0.18548347404970902,-0.43731298946709557,-0.2623229683906251,-0.0019727214553863716,0.5147413347423262,0.166196164583048,-0.19223356965485344,0.1346138563355542,0.2387112530304393,-1.6095277299252784
0.7717434234177525,-0.5596747107328109,-0.7235140503647167,-0.2911363744016955,-0.9481200239649,-3.6319553945242813,-1.6967285009062145,-4.738487799130969,-3.5449161915392144,-0.045735265168557346,-1.2735653138844085,-1.283132089157017,0.30163209895012144,-0.03729930987468791,1.2593485832062714,1.761287741308849,-0.2215894264510017,-0.19902769726684677,0.17481119460817968,-0.0950577070740117,3.556217471774859,0.6595182537552754,-0.5182499122942548,0.07157301243239982,-0.2937601161136012,-0.30452326466937635,-0.04230693060559488,-0.33004996490645644,0.3152859393667306,0.45645122288207124,1.396952413587467,1.2858447677377551,-0.18700492350212,0.07336498560095399
