script/wind150m.json
{"header": {"parameterCategory": 2, "parameterNumber": 3, "lo1": 6.000198445256149, "la1": 58.999992894266676, "dx": 0.5, "dy": 0.25, "nx": 22, "ny": 24, "refTime": "2024-04-27T10:00:00.000Z"}, "data":
[rows 0 to 23 of 24, columns 0 to 21 of 22]
5.623014139129874,-1.4034111471332384,-1.4913259433030375,5.062382846010545,5.329455900934731,3.143418048227853,5.240314894949704,4.652399751704573,1.3624704734583886,0.7587789903836997,2.5786447703422763,-1.7303031901030612,-1.820443149482927,-1.201788671349882,-0.07052941586508996,-0.3044116084263451,-0.8589481983910575,2.6642519524391237,2.0664183164669003,-1.6965992702370076,4.363114851476276,-0.6166610906432914
3.0363967156468505,0.0318256544089621,2.6544255786114443,1.7293936359735798,3.092708818058869,5.841648814224381,2.200043334551955,3.3996751150231783,5.253345294113083,2.677402380548361,4.153410961701083,1.6029980162084065,-1.3913845824645157,-2.2123332450679776,0.1054199750687428,2.6242744786087324,4.357979954672935,-1.0016826567127928,3.5662279168403397,-3.1888689003907045,4.859453894758388,3.0302773435299066
-2.2277426542742407,1.6194187943687748,4.5463071035102445,3.14470840324385,2.124116051463697,3.0184238564543087,1.2034756553561885,2.7305171224338065,-3.4071378341058725,6.887253871399618,1.0464810444911172,3.3292073438022443,1.4215101068359197,-2.003739622600187,6.6103390759373015,3.0443250983876604,3.468706378194786,0.7615266494805581,0.2272802577867825,0.2149829998927631,1.9358354526904764,0.20756366558439773
2.1809407488831742,3.4985612828438386,7.318782887651185,-1.3705215137092903,3.0846080375030964,5.0296062537911626,4.827289715041594,1.6646675947529248,3.6206498983455515,4.392028535404089,4.2283354073587995,2.4810849171177027,3.6633877523092813,3.794845691913813,1.8663400021516128,-0.5896569188715528,4.149019362491534,2.3930819018676264,2.9072353073005774,-0.36475476532529566,-0.6400724642379749,4.13549865596806
4.129534952373037,4.296480220268643,-0.5526073477444624,4.893043682879303,4.152084748600795,5.688800302072896,-1.2235168304488986,1.3030062981197912,-0.5012864953082287,1.4137081242944995,4.024344257692311,-1.1308961806563167,4.697977986772509,3.6602325289703237,-0.7383437996858677,4.362409099416157,3.8915923468589027,0.3037627895337331,3.1843637397070843,3.33498653617637,5.996453807789316,4.529983228529957
5.678680505641493,4.167437419192816,2.1418949780523286,4.3789026089328384,-1.0581931084281764,1.7820329421114351,-0.2225541814963379,1.9270862900563808,1.0441868815680955,0.5741926355048956,1.8533314127439073,-1.151989102049057,0.5588797862552631,-1.3270149531137696,2.751384153568276,1.0656576943095226,-2.3855829363758096,-3.3525243688221362,4.199239816097252,2.497431814221686,4.456863161116797,-0.1512945292608915
3.77043846531442,2.3125813148072374,2.407528972918796,5.490730950429759,0.6576459526761732,2.419756578733333,0.8883706255745496,1.1329701229070146,0.5040830027090765,-0.1040351590230052,5.185332119936172,3.7831064517118227,1.6122186776560528,1.4216134749170737,0.7747322291924597,-0.15801129609585865,-0.8050353878224846,-1.9720007759887865,4.2705306979617506,2.0130177863088954,4.821611179051581,1.742750933086204
1.5456935276451977,2.5666393119130517,4.895334711757579,1.0041059298413468,3.8512594565389424,-1.2424558813384514,3.682116002368543,-2.1096867561424126,3.1672164655933464,1.8838534528385686,1.4694652949115687,2.756574221586915,5.177669535987516,-1.2053836151574504,0.7276575337739661,2.8680487212253,4.320995286333626,2.556026068225461,3.82125944820424,4.947724290486546,6.83910019732367,-2.3716149664243864
2.2451859940358476,4.560377714888654,-1.1067278247354861,0.11955746361870835,3.388013699591249,-3.923758906435567,-0.7563422036299268,-2.2120320241511564,-1.4682843227880773,5.887478757705895,3.620914528350004,-3.779628583045314,4.351472422364501,1.1033369766123735,1.9508082982476462,-0.1231309299283763,2.3559753017515983,3.1350725187104285,0.4591942614874521,2.1972770209713683,1.9998068045297037,5.6322626965623614
-1.114507515820266,5.295439734775576,3.934713023242182,1.3324112622971462,2.572395460707854,-0.7927781939083473,-1.504834129106116,1.8338254229441664,-0.5150306010225715,3.0203792035412023,4.607893405797293,1.6993587085325594,2.947628631498636,0.6010806056791579,6.648920425681167,4.091107938517972,4.798334281669119,-2.7427574472223726,0.04070466076764574,0.24453641656299585,4.687685218665767,1.009430985044248
2.871158243270568,0.84801427770532,0.20471738580669033,3.2745674900655133,-0.18511220679311235,5.003738070120325,3.7048440741381423,4.529854698156723,-0.294102296625299,3.4682433948682467,-2.635132456144955,0.4624886113012591,6.261118706837946,-2.2439610185549137,-1.6010638227018423,6.756038050943863,4.947588743280206,1.1781925410583305,2.127446653142444,-1.9660767979462535,-2.362446393449079,2.9869194031250896
5.289204072289007,1.1321528121099913,3.139615128723137,2.8445959957792146,3.6577761401422237,2.0315795741936657,1.815450318575609,-0.011714260840724475,2.0974273156172716,-3.0016498765148545,-0.7461221759537847,-0.5904048487765795,4.921366993501795,5.726410348526526,5.431700303324749,1.9708136943377412,1.4264320137273383,-0.4983229832037113,-1.1294030827920738,1.9163036509303448,-0.09792601419661424,7.193009782333326
1.251075964279951,3.856068333850227,-2.1482369788517968,1.0095712799924317,0.6582767463299982,-0.13831695927739482,0.9163631604359092,0.8122978302467204,-1.2135672878109922,-2.143012503069913,0.703654009383203,4.967980936011387,0.12083388060561695,1.8499616163244887,1.947559606315982,2.1986262067697724,-2.1132385511941267,-2.814562535287183,2.9036419725720655,1.6177580508822047,3.7193476650299564,1.4274747720368346
1.9965757315350812,-0.5228329914433284,0.7003249998974083,5.571430545942602,3.2012849864600685,4.7007930295052684,5.972267501258872,2.3996472209636663,4.384840792865243,-0.9993080153094365,3.07424699274116,2.5003160875724864,5.134334808542584,1.8767566171829435,0.7043233153517472,3.306282723804441,0.0037414994149967875,0.21682340858933116,-0.5234071735624535,-1.2348278273091338,5.9183116545840635,-0.7820679784445493
0.5210175488867198,0.17949955195805536,6.087483630535924,-0.3180895364113446,-0.6701454639014193,-1.7594544858018828,-0.6180475977469674,2.6459346886032424,3.7805580644346697,-0.6859500513515739,-0.10255814513030662,3.524141086816827,1.2178041627862404,3.0273308806836003,2.4443313020059856,4.055583141011442,3.277889482250469,2.745277438152106,0.4395466586786578,0.894854791037434,1.3232357232771474,-0.8458955811516482
-0.09883110906180598,5.395964787306367,1.570139137800048,1.8563161684473575,7.529351291668791,-1.18220073005111,0.2158906084898765,-3.553514721116885,2.569212329181698,2.1308189681839775,7.029325527521362,4.629040739791507,6.5738110392759275,-0.6425711626104608,2.8256357024233534,4.289580092089161,2.7783802849135726,0.38303017886463014,1.9340598211750515,2.5846061622583028,2.1909618663009813,3.4822932261334185
5.646016559212789,2.644221680217626,6.536415273171306,0.7558290432416557,3.8026827318964114,2.1832785564165706,3.3991717285985863,5.624833277588909,5.3734792289040625,-0.22968392995673134,0.2478408574429088,1.882551424013475,2.5982252943247754,3.198638710862138,3.0283537518119816,0.9602829982242232,3.5945055490812203,4.357291884143759,4.881805844538655,-0.4252110054682161,-1.4881570698906352,5.346181391420182
6.421840477266091,1.3627051454329768,0.7109877801901665,4.424892812992288,5.363642327129215,-1.7869578835524147,4.116753227764563,0.544041763348488,-1.8722674272499469,1.004042510361157,1.1920027003050808,4.319489239728328,1.2573540573670803,4.010141728642648,5.232680897425108,2.993148666326334,-1.6519150275739014,-1.1071601561246145,0.15875517070580084,4.4370575047588785,-3.387162978168665,1.2220516523280194
3.8840696911078343,5.770829313902494,5.10963771254021,4.529737442783759,5.242613540375027,3.4816487740714424,3.0521173510411326,1.0557257426148423,-0.48705375967696823,4.313778928437864,1.4064468916541393,5.340485543071754,0.9016835889707441,0.3738470344984724,3.031705512969993,-1.192404130957174,1.3323817423615496,0.216490423995204,-1.597474770390815,3.751661932773343,3.9336964623415422,0.056484169690161415
5.862322316466732,1.6307784709575526,4.637841704382521,4.911218049032734,2.8340000471525384,1.0697805501191142,2.1983311573893993,4.147688918746322,-0.8396132748098544,1.78814838331985,1.6042534824549648,1.4862595135132268,-2.083814178316154,4.418087499421325,3.9528853915544064,2.255448789691585,4.94864738360491,-2.509987066333086,3.1825796552100103,6.595889512381129,5.163813261468705,0.8331983651652511
4.4366114810546335,-1.143205922191972,1.045884477393269,2.1939628699197344,2.464005306233036,-0.39777064442127025,2.5507264220814325,1.0379263968071681,5.93299029927974,-2.6244687628980996,2.3438704423719825,-0.7336980963770687,2.7520938937456463,3.8086429565191158,4.986800684316806,-0.06584496728799938,-2.3006928076888586,-0.2167130310093347,3.9192171876741284,2.698016438335763,2.059421301585905,3.8623522436577082
0.6007371212633293,-0.6997953408217089,3.8804448441057025,-0.47581091476835136,-0.6839495723405329,3.638286976291353,3.165967799773468,-1.0584024848497775,3.6711867804981857,5.814804898786541,3.987287064112619,0.3763483913039597,2.0760297175278786,1.8410427022023361,-1.9767784592085111,-2.3567770718062495,2.7853503370571278,1.9871083612862266,5.590308250208325,-0.7340945100336592,1.8517472995262345,3.462878259353615
5.594342013218473,-0.8495534630502696,-2.266437531368203,0.8872843273751286,-3.3602889557987825,-1.979997122873447,5.16282168392916,3.2737538339940695,0.010192582568823244,-2.4225898294774404,2.737010035298391,2.9316965395035117,-0.500688625777381,2.7925413369847285,0.6394139969881008,5.408229307085758,5.886372615474319,5.25785486971281,-3.7120607471449327,1.0443498286239212,-1.102516540224316,-2.3475727102812898
5.5447802966981214,3.153950595884503,2.3253474019765656,4.456562627520294,-3.7948130968679505,-2.5004568909964515,3.9800309422469304,-3.7076458351275687,3.6629288986017743,-0.792293779637683,0.09388653591403319,2.8490216330383946,4.754509938787905,-1.7309228365556117,3.047147972971962,1.6736469770696873,1.4295734137202443,-0.14287639706916003,6.967704046658831,3.9037490746506087,-2.7601477702079147,-0.7554845383631424
