script/wind10m.json
{"header": {"parameterCategory": 2, "parameterNumber": 3, "lo1": 3.000054539987559, "la1": 64.9999836372058, "dx": 0.5, "dy": 0.25, "nx": 34, "ny": 52, "refTime": "2025-03-21T10:00:00.000Z"}, "data":
[rows 24 to 47 of 52, columns 0 to 33 of 34]
11.661497422795776,11.381795640326702,11.47961700248237,11.073267085560063,8.016288616659683,4.86017089688272,2.607468293252756,8.313530310636867,2.0345940728012515,0.44610089933962976,1.168425564157235,0.4548043523182842,-0.45410277945703337,-0.004321919563284594,-1.1008414352604183,-4.025488612641224,0.3027760936305291,0.131871277357571,0.2609517922531642,0.4704510866913714,-0.4449890465266238,-1.5187488732632626,0.1323535052564937,-0.4825736232622533,-0.5930778111509694,-0.9587204166592959,-1.0204277192017062,-1.22464802683062,-1.2698564714677196,-1.5511823711721018,-1.6422287099946626,-3.5606475676455487,-4.759875799510795,-3.9763863851169905
10.767348049839544,10.829057033953811,10.982499689607591,10.81822507092154,10.37509674507172,5.43419367716854,4.763220558040095,2.1235947030004225,2.083274094716335,0.6633310870247351,0.7816581513792595,-0.08275885089141777,-0.3998003079622102,-3.049184106112938,-2.094658806169911,-1.379564704649409,1.0873148067704783,0.28599142510095427,0.27303003088110045,-1.0225663405240522,-0.9262891507417595,-2.016597761493039,0.23596881117572693,-0.05667919989210976,-0.5311500270850562,-0.9000363013561902,-1.1201073452718942,-1.3692649919530555,-2.0339638026326123,-2.743346521289455,-2.550351940355659,-6.0858016935849335,-5.600941600548796,-5.405427120693166
9.887976055507897,9.851418795069696,9.368276231358225,10.075467521732268,9.516683918655465,7.916506563068488,2.3386710511305995,1.3998111445559422,0.5340830625565602,-0.23650835834883271,-0.34413228680064595,-0.3469288737918285,-4.5844280393529235,-0.5595029545051516,0.42702158748375607,1.6017121342691858,0.6396872960778887,0.42617031698787594,-0.1287153283977859,-2.9452691708672147,0.16938522907294434,-0.13043984863063582,0.04062222507905265,-2.4306176170097613,-1.0957045085563375,-0.4558915567723856,-1.3492352699780257,-1.6586101855113358,-1.3026277246360538,-4.624316941811745,-5.103297143775777,-6.699054053398134,-5.546211939272222,-5.373037040936048
9.512110334713197,9.248228257905206,8.60673021056916,8.263277673584799,7.943876322363675,6.872782368840397,4.639662173544917,0.9938203223720617,0.8697456663044046,0.036104905117791165,0.02109141445582091,-5.518847668098786,-2.4233802629016727,0.3586373769496628,2.2945926133536503,1.1959627283922172,-0.4761557405835302,-0.10765451177320312,-0.25125021820764365,-0.27629347329090015,-0.7039407088648485,-0.13821035079442479,-0.7117249964835397,-4.144034914395307,-0.5523882647244488,-0.9567594027539115,-0.9254832899124433,-0.823383176386716,-3.2868050756700944,-5.286808876014035,-5.63881689246474,-6.234752123484227,-5.636895585505371,-5.5658802878802796
8.862887393138902,8.344627261715972,7.6377434985095976,7.006113284666716,6.604463585672106,5.551473086404524,4.227274952341467,2.752643508111361,0.7144023984384845,-0.68745216830917,-5.267229502092092,-2.9097176930584756,0.030563422953070633,0.737214884759178,1.8990495827229161,1.4041425146958257,-0.04473455235369053,-0.14427035135316582,-0.3934135340490599,-0.22175668685761887,-0.25239684898908094,-0.7322466441244891,-0.30213517941391743,-0.1343665152236104,-0.3273950869679629,-0.3976548433274754,-0.6309581368137902,-0.6404744354763303,-5.053205829749764,-4.784034093646451,-4.974914173831343,-5.892099803391192,-5.247779499142503,-5.985265199517517
7.730579874769907,7.395837176264497,7.156590290975263,6.564877967433737,5.889542534668127,4.822369022943854,3.2593033225144388,1.3131480819282928,-0.8488623839605629,-2.515371204964228,-1.920371755951848,-0.30151171811713273,0.06974302370267761,0.5453015336193529,1.073012315526305,1.3028638260729526,-0.07841424198339933,-1.2785590682332784,-0.3266368932758505,0.11059827323132448,-0.3977827654322356,-0.7109034680793712,-1.1029534187462398,-0.5663960237039786,-0.7322054543887597,-0.4500783668381619,-0.5764265990044961,-1.1327022669081397,-4.991535141193846,-5.064288052749603,-4.380529191710503,-2.436286858085879,-5.1875622509110855,-6.3089993422124016
6.824262929172199,6.315734558236897,6.22142807090234,5.719185428731,4.733578024726173,4.248741464158572,3.1434239335050242,1.8985716068178942,1.1616889865707756,1.302583992212543,1.272676959175989,1.2429746771529775,0.9091063863496465,0.11078072407508227,1.8225796871858138,1.4581372421852474,0.7485652141677123,0.6404103469363297,0.3730477271956779,-0.1877106841534249,-0.3756497465691713,-0.64000833135213,-0.8620640673416219,-0.689055604066735,-0.8127005514447289,-0.3028420232347861,-0.6989820239285984,-1.6504364612805595,-5.9514525061960715,-5.336623081357655,-8.062690571246602,-1.461001631024301,-6.23017488010724,-6.817470603525917
6.159393540575685,5.633361638649968,4.996190774989315,4.843689721246871,3.8893772718596598,3.9746838938234608,3.049437215013532,2.6010506239414415,1.1654404026554046,1.6989194761422155,1.6657074612723342,1.1722938945807704,0.8008022198841217,1.3940740904671294,1.6911106009985195,1.1522562742305817,0.6293758355920792,0.19992628169919893,0.18273333269107384,0.1430889126361707,-0.17869137927055043,-0.31315390466349946,-0.43325647611770485,-0.7173655715632666,-1.1727499234548766,-0.6408312995978747,-0.8718272266202827,-5.1236338312354865,-2.493343312390618,-6.410163643503724,-4.590744823038466,-2.4672500728343754,-6.719760240663682,-6.889945365222843
6.477038178314148,5.343421616702921,4.123367842571298,3.9869828020397358,3.698641607412737,3.8018883723143007,2.8430682848498257,1.5848591970310546,1.3747601699755978,0.9184954339740213,1.1120229562239552,0.4773133164097,-0.45728183020914476,1.1469269798593107,1.2272154604383387,1.5060277246462088,1.0743400176900002,0.7537405495015057,-0.31717218766630206,-0.32637851248424515,-0.32153867693984245,-0.1736508722548841,-0.9757895018690932,-0.5797935938616038,-0.8095416690474649,-1.0291895217328302,-1.5207557353353558,-5.615470086568859,-6.757877195974595,-6.270363440600512,-4.376382620180148,-6.380626152771416,-6.984397587089295,-7.31428987960122
5.90450517012488,5.19087135510458,4.121464209549826,3.612008906189075,3.565754483040076,3.4964988813087117,2.670816836490888,1.6173756734287636,0.8212117624870368,0.47226711837198443,0.26316600102835125,0.011948589357139012,0.4209811384424965,0.7406393045126215,0.18361115195482403,0.8833255861928158,1.0802383293337816,0.3364425611400796,-0.022244470233805245,-0.24780114949938806,-0.39320804774792023,-0.43762922769616813,-0.49357663567950305,-0.549267852726772,-0.5877676851376125,-1.0593224571530275,-1.4716342641421323,-5.578754607381498,-5.66946428558133,-5.032634311264038,-4.433762566748362,-6.932670178984562,-7.006301639058884,-7.543364582979993
5.456820733783581,4.836369332008213,3.6785586015849145,3.1785368591669734,2.652641444147821,2.8519923402976577,2.1292626926841254,1.6042306805967665,0.8464494472673408,-0.03326619823209485,-0.29248934061434434,-0.3817069128454481,-0.47665497975955473,-0.1706246318100588,-0.7530637702724203,-1.2647037833689003,0.5729362560357585,0.48573435671007337,-0.5465795291422547,-0.5384686464987011,0.4625580189028714,-0.18917005061663117,-0.5060630016165103,-0.9513698607855746,-0.9653794898682624,-1.3014313435123077,-1.8960665860966848,-3.2869442521165775,-4.353956723783514,-4.416345489831349,-6.596481137761324,-7.27671045998182,-7.118012907583223,-7.385091314873299
5.584046394127078,4.397626207759559,3.5487828364099725,2.273442134268348,1.7074015615318476,1.9098432465283253,1.5332307678282784,1.4413595852965704,0.5777594573834589,-0.46205978290071337,0.2712596965977022,0.16067204923944242,0.5259756390475641,0.41845665898140233,0.41152869550451504,0.4391306584865563,-0.5334577201904259,0.2553691969335733,0.5624920866641562,0.6269706915943588,0.040772937426324166,0.11812499781297399,0.01945770452141209,-0.3078089927971738,-0.8261243346912815,-1.2193353972637502,-3.1736665508444744,-6.42682088292291,-3.868232920138549,-4.495571166429616,-5.388556161999315,-6.288851065180007,-6.870369854051137,-7.133108768230617
5.175239404710139,4.026121613538631,3.0219809746343307,1.3169775822105994,0.931672757541962,1.4972144725079486,2.195264543689,2.368411071088891,1.2137273138814,0.5601139208828122,0.8993620620209561,0.8684926057500648,0.6395625592748331,0.3892856822167527,-0.3152782586102648,-1.6522997673063948,-1.3046546877674856,-0.9800245763232679,1.0935588097541915,0.9415948852873336,0.7126833833608912,0.140067101344473,0.3451110666906663,-0.047300760130095494,-0.2438213886660312,-3.2180051146173825,-5.163873576016344,-5.987307121389477,-4.0046356806824495,-4.346486470859667,-5.187021283685649,-5.750175308800601,-6.252453105589401,-6.873037900024255
4.871336921427057,4.0618093837372236,2.439384944527271,1.4262750827860284,0.6688670652577606,0.43880907490145626,1.748638914688321,1.7004496520354886,3.448606575042137,0.506231376626127,0.44184463657969236,0.8969315257331267,0.29841651528189583,-0.208716577029941,-1.7009169780034987,-1.2346059681978276,-1.7846289846705614,0.5302742838690194,0.5339624577822094,-0.007681598430120042,0.11035435367012596,0.272972173127961,-0.4435501769851675,-1.7318744393629708,-3.4341819050591518,-5.009841512381351,-6.096117161041022,-6.210377438121826,-4.940199285505452,-5.047239079805162,-5.2138986791933295,-5.440771987686734,-5.958134733239524,-6.3450153270391905
3.4007321682088696,4.055809139254135,2.5564231197836285,1.4565600684877538,0.5463484888335101,0.8184532834017224,1.1262343262969794,2.0311207398603197,2.9302563331005986,2.310487717122946,2.413252379336825,0.8933526799342648,0.7559062057797417,-0.6042690552396224,0.24359603557613413,0.3054147784830438,0.010628485410907535,0.6235118956577665,0.8268981866726217,-1.9101865548582995,0.5097968032085038,-0.12962683315200613,-1.5242885563391322,-2.7120877018359937,-3.557816001950977,-5.379562819984493,-6.191662930961803,-6.284842612138872,-5.697918061147728,-5.346695280560999,-5.701544245475574,-6.305959780022135,-6.322928889452387,-6.184764764501725
3.28813191607242,3.152788371697066,2.5286748565028017,1.1904607659463977,0.1351181813105495,0.019174826959348686,0.9151046843601824,1.4560615542673487,1.6389476020897762,1.8054902101366748,1.7637666191461705,1.5544139349046784,1.259912687080545,0.40344671755616,0.5960861386231783,0.937423078407866,0.4860313350772951,0.07607606523235229,1.1277020198657401,0.05492605673590878,-0.8500748559121939,-1.8704857125863819,-2.7202986750603833,-2.7160029071730207,-3.0337747460886235,-4.906563539978417,-5.563212524413763,-5.417881618848704,-4.894968473943515,-4.652893777070665,-4.613351454036264,-5.276220340621322,-5.7250785293446915,-5.568844433878953
3.1235973316398478,2.128580481970784,2.728013586888144,1.764139101815512,1.1000191829424233,0.27884574222978953,0.4606541472523385,0.7594466932771056,0.31097511302593006,0.610707508722479,0.25617214028072427,-0.11199252396447186,0.2654461802457344,0.7142002897778609,0.7023126933401224,-0.26677603147332557,-1.0085273257212966,-0.19764285315907384,-1.0186707423571415,0.4384768341105822,-1.9314982449885456,-3.2108692540343857,-3.780583089339178,-0.79319885170504,-3.0716695196281196,-4.398296440637907,-4.497632297775754,-4.495255218956104,-4.159743159841233,-4.0192175832514065,-4.232072865262696,-4.556394852924521,-4.3704904806722995,-4.403363773377487
3.264133010786526,2.595188576915555,1.780389105517794,2.049740539504023,1.564095755440325,0.5468834098378405,0.6773732741575159,0.7204578547516893,0.5422671142557045,-0.40753876517750665,-0.872788872489175,-0.46551660059819605,-0.40536816406605936,-0.23997769136543354,0.6821606352811392,0.5742542251561644,0.4521162221431902,0.18066557033625133,-1.8652108291195442,-0.8694301295782634,-1.0129715529312409,-1.41305641826846,-2.2665194416046286,-2.676729619434449,-3.976563037487338,-4.091471918035181,-4.321297718463382,-4.235587798493475,-3.928809471312145,-3.0430720123092905,-2.1280103095956577,-3.6037847027643184,-3.6371312821791575,-4.125791685261402
3.014533390030793,2.7561015979801784,2.140123674354947,2.0310331595084197,1.8883793717324397,1.0503106785410814,0.023164069912944837,-0.38026566145038576,0.03910560937481754,-0.9749705621170783,-1.104987425251488,-1.9530806065499398,-0.8733333413555637,-1.16712810232244,-1.3550266795668042,-0.08162449071825223,-0.07548272496761547,-1.660394046467979,-2.415064133688469,-1.9934143393369919,-1.4336318265323784,0.7093825393278903,-1.972351940927513,-2.692437175314151,-3.3832411619038996,-3.6656826742301156,-4.014747606256796,-2.420744758028504,-1.5898511756888258,-1.8440113270344132,-1.5765784824036035,-2.0707046393384574,-3.2945050831484184,-2.661678509573165
1.5539995934869226,2.021266196964323,1.682794362400482,0.6423398643405267,0.30962564584747104,0.07910541490102542,-0.3367420507089132,-0.44870386060556083,-0.5611301264185523,-1.1936571646418712,-1.4900237035781705,-0.5470900366490008,-0.31583172256508574,-0.3863930076142265,-0.27355622642219046,-1.279464895183343,-0.7442209171140687,-1.6329414133438773,-3.088357687576431,-0.2522494382493229,-0.1504000253408245,-2.616958685935692,-1.8937393778573284,-2.137209101266215,-2.3177005220337636,-2.5987662822409976,-3.161750874551542,-1.0297297975521134,-0.6280671670356434,-0.9575094777430516,-1.0286446811888148,-2.040259850235364,-1.646097926144517,-1.3076671111165432
0.9707147761664316,1.1957254233322823,1.5138192093820884,0.3241729702519182,-0.48715103049737457,-0.4003630893992765,-0.5251299761075013,-1.0075449136174384,-1.1829679423044062,-1.0364607897533968,-0.8295514743531001,-1.3849146087285187,0.40632634813731366,0.2629778486512301,0.3102929574461532,0.02318117122858728,-2.515197501259624,-1.4074058127971676,-0.24588081991630245,-0.3338892834597845,-1.2228594109873752,-0.9515321843662073,-1.7114889673826346,-2.7260571148086052,-1.0088691489585977,-0.9038713676442462,-0.9149360712537185,-1.009150310061866,-1.194613535197703,-0.6956099921166805,-0.7148052171153276,-1.625953838863205,-1.3304086926055212,-0.6437970901390474
0.8747857572204477,0.7137936546427681,0.14972821247236956,0.3164979210601545,-0.3245120945106848,-0.840685595143193,-1.3016018227729609,-1.9727529561685948,-2.083331261904434,-0.9863269391045387,-0.7400378423825041,0.5412591176186669,0.1550419872297577,0.04884591055445641,0.0011892625522034839,-0.04104710082034868,0.47611366498617846,0.8338802853183028,0.9722343777597844,0.871744034545069,0.33034713438960134,0.013264205208347979,-0.6891596002806135,-0.40143412398246225,0.32734178501868005,0.7910414476315115,0.7684826871170898,-0.015845158055053776,-0.09099872807234571,-0.33871636325617627,-0.33215952092324447,-0.06954666904421399,-0.8265571918503153,-0.8285742004408193
0.4394170772994495,-0.4523360349926295,0.3353909852699777,-0.4203706637038788,-0.4981462496058466,-1.1657552323622153,-1.633465300689486,-0.08041180512844018,0.8158808397905741,0.32528117224422765,1.1698759380691475,1.146924365059893,0.935132449549185,0.05501461603709321,1.1469082837017552,0.26172301409327325,0.6405900709267068,0.9601717588251133,1.1264017180591226,0.8123336328241791,0.7817104908226516,0.43318241983319905,0.24665833704181317,0.4236771756574162,1.2151582390215532,0.5957124702031791,0.6124497840270352,0.4774650161469961,0.5184128184020427,0.4804863541520782,0.08659692526204296,-0.31829861400915804,-0.6195233380067033,0.033234093975068144
0.32592776923964595,-0.23910666268185837,-0.12251403934757521,0.21778660287688395,-0.48305501107593246,0.9641976705017823,0.5606848570372187,-0.4662712401663718,-0.5527580356062495,-0.19610251422720854,-0.3477264128247419,0.726893111750787,0.7430061793986786,0.6735415895763038,0.3765217468383223,0.17671145015358303,0.3051748361504865,0.5682721316252576,0.724661903373916,0.5021056530831863,0.4681530148270522,-0.02476953806975904,-0.05808659827805713,0.1304176249380155,0.1895801955132526,0.24855144486150527,0.30926625934009466,0.4985709698953002,1.1350790651451377,1.2926028456234968,0.5282604938015861,1.8275129516142035,1.4311376355076497,1.2364032227970396
