script/wind450m.json
{"header": {"parameterCategory": 2, "parameterNumber": 2, "lo1": 3.000054539987559, "la1": 64.9999836372058, "dx": 0.5, "dy": 0.25, "nx": 34, "ny": 52, "refTime": "2025-11-21T04:00:00.000Z"}, "data":
[rows 0 to 23 of 52, columns 0 to 33 of 34]
10.85793289590995,10.019184400386598,8.830085233353666,7.58173927140003,7.054605060305271,7.073223528291287,7.500085735959305,6.660258738943141,5.9822789908960115,5.580954344693263,4.856645446817942,4.2522703163742195,3.9831924467629536,3.9029047916798794,3.0326969291205135,2.719477089596572,4.407671289042034,1.3789575210646687,2.2497358079238605,1.7764874520220892,2.5578020994013464,3.009268496581579,4.346607617472738,2.7699372320014835,3.2906946647944637,1.7666942186044174,2.147473386354714,2.649178340519243,1.7033517694769043,1.4705527333219623,1.043781568993,1.5034239035978365,2.4632342142003694,2.5441182936081885
10.425645995565278,9.561164504551614,8.866831020505174,7.940725391479994,7.039606430331986,7.721308770331563,7.511854807955791,6.515526474134638,5.915262646719148,5.046364502626657,4.45230819239645,4.0463927323373605,4.0182835242874955,3.733154578196463,2.7724598041345234,2.14445434713168,4.1474002523414,1.908338031962877,1.744544555899984,2.117781975977798,3.761522665159315,3.619843856861745,2.641154199909827,3.6710232368918585,2.689829991520654,2.343416305123832,1.5012676833481862,1.85502297770312,2.8960303520264006,2.9255449270463765,2.4138300231951217,3.301261004970844,3.3294182500770195,3.2112553450523835
10.191524858612773,9.503125418138112,8.953706951492874,7.968283207092335,7.12567757264555,7.2290292352662195,6.964587863212376,6.507862236673009,5.584676457227395,4.742584421953076,4.3544186617882215,4.1951684441353745,4.331633002727671,4.124055927698372,4.262230274072343,5.261008353705886,4.311243949417496,2.3414245948030024,2.0441243704764642,2.7794974740675937,4.88571513973995,2.947003581515237,4.720003577670585,1.8528839175974965,2.7496862363880994,2.186150671668407,2.1472555408279064,2.1841601940894715,1.917012056205471,2.460395149441811,2.7067085093579744,2.997691902916351,2.798342343199348,2.0260334106799953
10.152641004303609,9.557276008675165,9.011196145084703,7.920575709364206,7.982094245039278,7.2101803764436925,6.641987222941281,6.187279601699716,5.359889960682683,4.8929614801123416,4.819721038647679,4.79561351642099,4.771703047352238,4.605201300825794,2.827865401089662,5.819360241094002,3.736381259444807,2.8655715792253544,3.7136904581074686,2.8778095188903268,4.225172098918741,2.11008042591966,3.2126005094699797,2.3587341651572515,2.7835255076769787,3.1906732253231733,2.0332412370110435,2.2904017604007616,2.2281825938324817,1.8370818868336753,1.613715142114594,1.8793826789857062,1.6376456929150283,1.5116177718710397
9.251056816922699,9.17966394580509,8.758892169925153,7.721080123863511,7.165847057503084,7.11900397568043,6.476922492879805,6.098951336686474,5.623672116686265,5.266214776567907,5.328908197037647,5.358298342836756,5.067302432642095,4.721315218765127,5.033834132955277,4.870683593611972,3.7663526903338416,3.2427052656501347,3.2078791979488623,3.9458966435014626,4.424991427524906,3.1226876935217653,4.072087764581496,2.034841809655147,1.335387860156138,2.5561979260770533,1.9362787628188498,1.9012010916761921,0.7421822273080441,0.882340052282778,1.2658027101114588,1.2798387316874547,0.7680596999498124,0.6870528735610082
8.726255750371422,8.899718650740684,8.343144771007166,7.231696461585362,6.766615420720858,6.626591315509537,6.406919178449535,6.103148823416876,6.064670332766221,6.230287725555598,6.044317212316914,6.685903637199004,4.450791409194664,8.64302431034749,3.0239942276086054,4.193099405780946,3.373176014843506,3.848532017651166,5.4292235360708885,5.5429727977066,4.594282539615477,3.655884204731547,2.5296041070180197,2.57389297362924,1.75744289901847,2.324335329724356,2.1663786161450087,1.172565859907746,1.3033795797558596,0.4151101801336645,-0.2517529602833366,1.0262873317127785,2.0109626069428943,2.2482797654855853
9.075242803060632,8.542417657342307,7.989588469397772,7.560152920022426,6.743427781810087,6.416901975758614,6.318641466777281,6.107399382480212,6.241957272052388,6.160586920708685,5.794416466646187,8.315959209498686,9.200751789181886,7.272749625577161,5.621314283064283,3.1313549301451036,5.069362035689993,5.198316435600361,6.217116463456581,5.123688027165857,8.290530676426677,5.414682477402275,4.075343527275239,2.019710207221336,2.3593496104814418,2.227995482097348,0.9170956611127156,1.4130396194731916,0.6896026882670556,1.0238637836552429,2.5332505889355827,2.3485372546098535,1.7030372321939549,1.681643144083356
8.7949761642156,8.129387873460791,7.388421060543272,6.873835962653042,6.758156548323825,6.483824479824625,6.235523723192241,6.299371450954007,5.99806433289478,5.311118459937034,7.58019865347769,4.683312335913083,7.7494757346292085,9.06536711855127,7.71453194352167,7.535762075658097,6.324158103386703,6.225386553184296,5.603378680839308,7.648395575425479,8.89955362300906,6.505798898465337,6.039084271044136,3.8258105748582487,2.626923473709216,2.0471996783165034,1.0504093698928556,-0.2092574501620014,0.20112537159922964,1.0292602189901323,1.0701214130043255,1.5245035465838148,-1.5959216594191012,-3.9545194075918286
8.564535959983663,7.489322431505812,6.870355622711597,6.505166790052664,6.273665382602169,6.049132535617092,5.10616726304595,5.679043381665591,5.405582514209696,7.901511006076083,6.592040974982343,5.641500662893256,8.119903550199224,8.738963092096661,7.456557576645048,6.9311393069791025,5.166896629481091,6.084616504889142,3.0841466490508154,5.470740210524924,4.729049910127968,2.6877197507935633,3.850245722548014,4.233772247448913,2.5026269418117955,1.7837305339125806,0.46439699423426944,0.5895280857968291,0.6034191996881603,0.5492870205294076,-1.3869945455748853,-2.97237686662215,-3.4489034702562194,-3.381754114757054
7.8514146779895055,6.810070523725583,6.171529495124207,5.875857777928543,5.633170117956176,5.846563692319593,4.492379646271387,5.6298633497728545,6.194839540122454,4.386096933792315,2.870156346556765,3.1217960354512426,7.095408474768741,6.11553431307969,3.9468555326596615,4.742734138865592,6.6026518695291125,5.250427783949621,5.649674529030741,4.508528759709111,3.8539099368469913,3.020052137187156,1.5252622513879353,2.4416134363568935,2.173495776082973,1.020776691328597,0.6689024081884186,-0.37996231081680815,-1.2039283653911388,-2.6793471134725158,-2.0029454776849,-4.93686994122939,-3.176817080075857,-3.8145030049082456
6.940306464794843,6.213758506403419,5.6254909405961815,5.142517382043169,5.2794137627280335,4.605588822032616,5.205145542915252,3.5895429161404104,6.481988957035509,2.8179063776478865,6.919930413545065,4.023471147576686,4.1209496715738085,5.862726351431241,4.946650628504214,5.482103874794801,6.15566131662923,5.136689005927496,4.992796940731208,6.703706578946239,3.259036000263508,1.157821791165551,0.6713014219443314,0.9411436960810537,0.5465393044048424,0.3668353592082923,-0.19882481573807909,-0.9841096391243171,-1.5627310365494036,-4.086829454824191,-4.155880178926327,-2.6824211083054808,-3.3122079271483127,-3.987080881773218
6.190430512700708,5.91799027945283,5.202292010902589,4.4822682140408645,4.797935005098298,5.378028562823802,3.0856986049001907,1.6247139496480665,0.23513827422716976,4.461739440759418,5.5080283579301765,6.858585749258824,5.14018121446137,4.63478856609439,3.68800184862522,4.96699262314134,4.918270215636344,4.524804014170165,3.823615230409447,5.129868244137631,2.121921806393052,0.8375892186201728,0.15202515466287866,-0.6698320465285081,0.41074015557746496,-0.29603295939421015,-0.7462672561125729,-1.83862195396648,-2.360915351886687,-4.660231508517105,-2.558259026081198,-2.5376263552920184,-3.4015745917079347,-3.70643149894574
5.534957158396535,5.3174352645568375,4.822102831431775,1.9356903381713224,4.10520656990364,3.173278235229582,2.618742761730446,2.5094828923862305,2.621861982777941,4.135975579008494,6.115407179457336,5.422004130826086,4.822396030512777,3.696160798077969,4.270903073169748,3.08259365993241,5.0709716032018575,3.3337536377850565,4.655709079250666,2.7070581420982402,1.1190650608780164,0.628741320944116,-0.07828015250839195,-0.1792821257125028,-0.14501123901832086,-0.013682583927836185,-1.162901044488704,-2.2007767784046073,-3.159363016285792,-4.2230506605954785,-1.1413939050956912,-2.6655732973934945,-3.099019314738779,-3.876336849206879
4.811851354835751,5.079110991927092,5.373209683162476,3.439949043212995,0.8994891146292808,3.2357331406507344,2.990958233065108,-0.21464511373422468,1.547149957111599,4.213289329361865,4.204844519216552,5.221059526716542,4.524741863634296,5.131268643339725,2.5541062631124554,4.6566967440915885,2.9568823872029766,3.023830812227184,1.8788454979771798,2.2136271007180017,2.0095295623508656,-0.8148502552944723,-0.42134781610190647,0.23618170634053107,-0.6179559644953665,-1.1509474654173755,-0.8707226182774518,-2.642595686351755,-2.849460630030672,-3.2364628017495534,-1.4320932567133058,-2.6811611145094987,-2.865630387847058,-5.77296200777598
4.167919283104084,4.196420463549877,3.5469021660835334,2.189052271070628,1.7145546646542038,2.2612498559945218,1.0761865278642047,3.4251508292466673,2.3842346052863936,2.000994689789527,3.3260706235842923,3.8515372040661155,2.5786453726787006,5.145693483734976,6.566292800316747,1.3214897694111185,1.5052802238740648,1.364304472959394,0.6053215238419473,0.1802108886743822,0.47423965678891994,-0.22201156725284063,-0.6751926486303533,-0.06944285876727027,-0.854782777922448,-0.5979601346101286,-2.5697653165061793,-2.5637550392907897,-3.2089062712337806,-4.059355354530515,-1.232798550359808,-2.2919367819753544,-3.2616290376759665,-7.035145660540301
3.6093571936453355,3.164251863924206,3.083966423300295,2.1609764215184524,2.7205587192631384,0.9947207678071773,1.9746811833438032,-0.28068531331191554,1.6634772715836532,3.0111895523152623,4.254202565773211,3.6534451742267864,2.599612074954445,3.515596304782536,6.385685278195882,1.0856869265203692,1.1559054540607234,2.403873521083311,1.1218747494149428,-1.3754682028987542,-1.445724585272054,0.3381757138777924,-0.9892484617064153,-1.710171244118012,-2.3186155766186585,-1.945444351133617,-1.9238677482738298,-2.4164692505649112,-3.398302384195931,-1.826493129766217,-0.7382818753194377,-2.1300971655992957,-5.4836305506086545,-6.683942149251467
2.7401756209252848,3.2865182034285794,2.905210536730099,2.1531558098384505,2.3705658798341056,1.335461962523091,2.8795358518816054,1.7607970196936094,0.37276269062695416,1.776734334840268,3.9079055390671895,1.9577560752219754,3.07674821258795,3.7567624675711873,2.3412067749600207,3.59672516239517,-0.8683109189551952,0.8200836903731955,-0.8003398945244747,-0.15946921793314228,-1.322100159902898,-0.40941846907915824,-2.3421810076092604,-2.503397231403014,-2.354151892846247,-3.4558598978691752,-3.274637570121754,-2.881744312237097,-3.7216843674591265,1.1584749595556583,-0.9356390831216792,-2.159709220217904,-5.732184381069494,-4.4520783230618886
2.3350550290453564,2.4701038966472666,2.3012375620208556,1.9039800543793486,0.7330541666458756,1.8369949432699848,1.7458411842472792,0.6208184809426152,1.6502324737312444,2.935440583024144,4.139307772359268,1.7239118046432758,2.852711019184419,2.941294095642226,0.5264384766452432,-0.19476297319719366,1.0049647965105646,0.3175891667907366,-0.9109152902673647,-1.9563737128112286,-0.9257863343778652,-2.133423321130715,-3.264575281376119,-2.349497765690387,-2.8579945648045424,-4.192363700151349,-4.449569780936721,-4.3920928806073825,-3.694903321058046,-0.07199877715621422,-1.254387639161127,-2.9135293128012973,-4.540583323069387,-4.168245556293455
2.2133282050028864,2.475421361595088,1.470689965901265,1.872012748025768,0.16879909526410788,0.02735612484504104,1.1323368318404667,1.1036483530669632,1.4647988144362116,1.5621499337080609,1.5410489970838754,2.7561864025873635,2.4538688371653903,0.9371165696011965,2.038870280960474,-1.7584072655504353,-0.7950293247896015,-0.60824473942039,0.33386733819374853,-1.092610264800751,-2.4517457702577303,-3.638235310104089,-2.9430697124323726,-2.8368176978226627,-3.276628234038184,-4.892391356790935,-4.308268622912275,-5.088867100931998,-3.9894315438002304,-1.0033014224795362,0.13466451234700158,-3.8679492609194512,-3.4997936237389013,-4.605117251458988
3.0048781995854563,2.077294449653171,1.585176012931394,0.2316708864256237,0.6785605259046689,0.6138746867750392,-0.2779453531891002,1.957056953304944,2.0350204375488024,2.8737019488475966,2.126625094107408,1.6400370853348336,4.281895874380121,0.5513304214651682,0.005974184555486713,-0.500386826161857,-1.106355535107052,-0.8085961596406341,0.4131844920950824,-1.6713174770149968,-3.460840917470998,-4.021081112363447,-3.4767204468504955,-4.037701510220182,-4.776869688081741,-4.8753148653834435,-5.02516023325524,-4.553947520460427,-4.243907770196189,-3.106637450355456,0.6036351132716579,-2.4212105003851017,-2.7862348635871563,-4.867500573036729
2.9479544196273015,2.772259653629861,2.1820991652072683,0.3439256086735158,0.4707215223989555,0.5699528137824753,-0.5981447082288731,1.3015226590919067,1.4453448166943128,1.506156742534006,1.224454595789208,2.713393074676077,0.28370226801881265,-0.2841719496922271,1.2300335112854421,-1.8524229879553025,-2.062021204099273,-0.5086359028661612,-1.2025049790662998,-1.7981697141037805,-3.5504349736014524,-4.561044336836457,-3.4719017999556985,-3.8493889345449124,-5.475103937144155,-5.375638839609633,-5.016688523873673,-5.864226500296095,-3.6717649575969786,-2.860102312602559,-0.31993564286667636,-1.2779847678146155,-1.7099874344596135,-4.664483642410921
2.9446366203705985,2.427475898730132,2.0364343085480097,0.6516833920454226,1.3612913041133343,0.615925256218428,1.0095590699503976,1.5314155319211815,2.970364356453084,0.6515556331845309,-0.2580932305415892,-0.2070128936109774,0.374866559823911,-0.40707802587350184,1.8722877040666206,-0.011828719692647592,-1.0579099715198954,-1.08430680945651,-1.7077074590682384,-2.6379573964490812,-3.3196300638846195,-3.556100380090832,-3.1608814136243435,-5.47471551494072,-5.001135220945479,-5.921389688403234,-5.57006829270094,-5.047894314529236,-4.506022300052717,-3.542710132129298,-2.895864348056346,-0.46074576837586756,-0.9608960058073522,-4.598264254673739
2.9880776674123393,2.243329571748638,1.7636379105842785,0.6478991356825011,2.223636239094339,1.1765239464172554,1.1896421373594699,1.3966009614554826,2.2089943852785554,4.14007129345209,1.2580552585953275,-0.388505496711119,-1.1460185678416037,-1.4205085206586832,-1.5456391844450736,-1.5810415437784766,-1.6741756809495585,-1.1661340766072363,-2.1350170588841415,-2.7885397958349913,-3.2251467629834756,-2.9117989761165313,-3.671238992212617,-3.9417822037824712,-6.209357413327381,-6.04888939220716,-6.3031245692129945,-5.093804196485217,-4.840556030346055,-2.984153877469914,-3.3108482650617717,-0.07025568204867406,-1.4318610627191,-3.43120315408124
2.5053595226356653,1.9472262882163662,1.3350422557966608,0.450720618530186,2.119031226220483,0.8648771499264772,0.9479489594416778,2.3223524264526625,2.528052373558285,3.0718925077225645,0.0744970235915975,2.9986268537135943,0.10574839199420982,-0.6270745415005995,-2.090962742757853,-1.9368914594361613,-0.8964999804490373,-1.8085598418701616,-1.9757546311029122,-2.2141493602174087,-2.485730173607839,-1.8707866724642217,-3.737427637881337,-5.231302337343799,-5.70904516269819,-5.7732601996490125,-3.970403412646883,-4.44072185000951,-4.269751773900175,-1.7960865072585697,-2.9670217757478454,0.25970990011892886,-1.403971534999712,-4.277285887121744
