script/wind250m.json
{"header": {"parameterCategory": 2, "parameterNumber": 3, "lo1": 3.000054539987559, "la1": 64.9999836372058, "dx": 0.5, "dy": 0.25, "nx": 34, "ny": 52, "refTime": "2026-02-20T16:00:00.000Z"}, "data":
[rows 0 to 24 of 52, columns 0 to 33 of 34]
-2.204601406619659,-3.0943133888494954,-3.55469777807898,-4.095760374394515,-4.703619798025656,-4.353360950274057,-3.6509575222907005,-3.8863615840252543,-3.1317955245966016,-2.6360029632868063,-2.3210855002874,-1.8915162391219156,0.4359771593766888,1.1982220277422448,2.0051269103462013,2.317407012542833,8.125123269259305,12.12941013666903,12.654178623659675,18.687906305948122,11.201419539324677,10.265512485513046,10.47707095670023,8.542015561042506,9.59618458295072,4.796805979556587,8.780919402961496,11.365101652802219,11.712584387166581,8.736215473967865,7.855602576129136,10.626983581563087,11.954990426241693,7.72522070030826
-2.2861000934085816,-2.8832176354118624,-2.9636065081706615,-2.575882557334515,-2.74004100929206,-2.907039806267205,-3.0038591114099686,-3.119426421115515,-2.540711143600551,-2.257314201771291,-2.056198776503975,0.4025476551398323,1.7661631762173564,0.8127175484192126,1.6476794156952645,1.6523509663538696,1.3737955144993481,10.890375719110581,14.888871617301517,13.206740803122777,10.603309044132619,9.274445029587415,7.962406436146507,11.31240631149553,6.016803818300966,7.629989449221391,10.005413603575755,8.366870727959345,10.67498092405697,10.835790192609927,8.137557085209819,9.473410761932268,10.257910797749314,13.366439177651717
-2.462347898721825,-2.255408713531818,-2.353301914207245,-2.045642280997078,-2.1750528656248487,-0.9367005216496661,-1.0947022858791764,-0.4009701642367901,0.7953952018443184,-0.3251138450323099,-0.23143503630863868,0.20092043497629733,0.34938708910020894,2.620724935849614,5.592337869405348,8.828502523930503,9.340716852868557,12.003455331127656,8.24230334349313,13.009652805408834,13.865118650554276,10.574286099697671,4.949373979193675,9.743557047449181,8.189053305884142,8.463664193088157,8.66726309156311,12.05553757615248,9.443129968040575,9.63651917932131,9.73392091592094,8.832170411571818,10.60522245170845,10.144247426773267
-3.055231719683242,-3.0028742079749193,-2.7866073518305443,0.8936934141027801,1.360616246612863,1.589010676852448,1.415501234720326,0.8410174681208007,-0.23131177737436276,-0.2409698822813136,-1.1343390509875384,2.8284321252041007,3.678091395650187,7.786784252240357,10.113291468268223,11.350918012828828,8.440684341628131,12.052599848139412,11.440592752228488,10.12302739292409,13.277271453174333,8.73347222418679,7.550862801082172,8.841313357631753,6.946784603527072,9.525678839579983,10.573111902335869,10.578607824495245,9.815612900274628,9.424911877330883,6.897907142720954,8.746629619517286,8.894376655998162,9.79682379876438
-4.398852301646353,-1.2982059742014027,0.7156377776502485,2.1660165778702276,1.5699890337711875,1.3931117199707588,0.21400155180589797,-0.7513432269036108,-1.557646418759951,-1.7650513523667066,-3.369634671906639,14.626796443357266,10.664362329701556,8.704321912028739,9.369158798708847,9.814084470654324,11.146848106867282,9.681707247596261,8.434216010776277,9.549992373461771,10.365417002378159,6.955227197452404,5.863300462513609,6.6085656818504175,9.354649455169069,8.718347364200595,9.337022861146629,9.295573852329863,10.708392586339253,9.803312365536176,8.118620019127354,7.045545242547148,7.4371105607938786,10.453921773388782
-3.953401930947872,-1.1310425435947595,1.1385860886613433,0.8612577375232703,0.64628779725826,0.023904721902294094,-1.5302587311477442,-2.5839367904686834,-2.790023694875436,-3.195990204809765,7.870048824220221,9.509410140720995,7.087783381328476,7.184759369684547,5.728503911202387,7.628830882056966,9.235027212673526,10.79888858748759,10.861155461348448,8.449320424468304,6.368937216532698,4.363832960706539,5.415903630197027,10.239229925293595,9.006912434511426,12.292589419668339,10.70891016390887,10.774215040822568,10.81709387607016,9.367883271373138,8.12055631184214,6.774355526408581,7.166460290639396,9.633385226599433
-0.4655993988244105,-0.21387437454549865,0.10989003648647153,-0.08853637731331747,-0.8303483341899401,-2.224808112428316,-2.945269013669831,-0.8018902761445218,5.248906759576483,6.526367673183381,6.189214505587644,3.095251545202299,1.8406316860796639,4.613116605641566,2.7731497802750935,4.092839373751379,7.401729018755848,10.710735106820167,10.317574380482752,11.003119830755145,8.475864684919765,5.1499621236446025,7.198119314898459,9.096288266679723,12.283846859864104,10.269731526826023,12.774414522379578,10.979409751731195,12.15168791399977,11.853506448407092,7.818192757806518,6.782198308231117,6.859345882973624,10.067297341884943
-2.5473876059222706,-2.3825494738364097,-2.576754489156973,-2.9989515206102415,-3.5121961881910817,-3.5970951289723154,4.888487084293075,2.71730642542924,2.4286782585299074,2.0775956946616305,0.7941654471645937,4.017358143934902,2.566107810835397,4.192760899841587,4.198615488862373,10.898649017464736,5.0175771138323855,11.399389871450923,13.152191474435408,13.14948119599624,7.201787741621537,5.866862877690864,2.8083699518008367,10.826487928318388,9.06480238274861,9.146714703516192,8.584693162414956,12.226622978123805,9.116259666068967,7.13009591197359,7.810758044612716,6.080628226492263,7.876801835496264,8.434159935066663
-5.404594849967147,-6.012464560645843,-7.158540664872404,0.16632638851185344,17.057297222063415,18.962018034321833,15.02488763529079,12.02903718020725,9.572206912727635,8.479485510998673,6.421299258044079,3.3012764172512523,3.594598410817251,4.903279048500937,6.6460014803741725,6.366851275134785,8.660532840441546,12.365619912446743,14.508495012080386,10.616243373720039,8.644094104744873,10.722092690202276,11.017385472775588,10.711721261962175,10.56444786478492,12.214957007319777,11.992641392471734,10.483917419003035,10.726649457428595,8.392775387897423,5.781117711469612,5.466135747654849,7.632366215945668,8.263111609025291
-7.897318305487561,-10.250366066864537,-10.02673863853378,25.810491330065194,25.372979250152888,21.431555719916553,15.138476544516356,11.444026201810084,11.299416740268395,6.060141669555555,3.312657504090573,12.190452988664697,7.437162984417347,6.975207939061566,8.9252518427042,14.09424041782362,14.279722988706144,9.390005557605182,7.205189562458786,7.4738311236512205,14.069556265588119,11.053109944366488,5.644423735431396,9.984830839993762,9.053727038887688,10.289202789828606,13.950199056182957,9.76554431071221,8.155558810943367,6.6490501131452575,7.763475453770046,7.842082013662196,6.660125459752028,6.8737086513967816
-9.693032454769956,-11.877473110158233,26.01639940449792,28.426906812542224,25.908377848530264,19.190458783740848,14.454934426933221,12.600913560379011,17.368718927308723,12.470721334371586,14.381554109783888,13.859593976668837,12.474458141501131,8.142760487739224,10.18054413100689,10.870674370192107,12.064370448401933,9.554760728848478,10.302854318194855,9.548679063151564,8.655989097200308,7.04501859786061,13.173960642589645,8.047825626590065,10.612809680087082,9.74405919701619,7.403105672500664,8.144528785278936,7.024062841243296,5.199378511619444,7.308708872932254,7.825111374231157,6.88480857065324,6.5029572723844105
-8.22053110715949,10.944346037652455,25.6807968979581,26.980670561462357,22.980601578303485,16.692510347153142,19.325478824020173,10.815197241744182,9.151937118794889,14.14635180160873,13.950487812837753,4.972068251996787,4.121383075896364,6.409839338948364,8.760256017789358,9.021040341606431,16.383528381156143,14.854158638570677,15.08913190699973,14.631109033113374,16.061135176141285,8.258954801093365,7.318028943252939,14.313412929312895,11.151596909165281,8.913924652032819,10.558771083116126,10.74344098068703,10.060424333468918,6.7700891936710095,9.160841228966456,8.362699162350005,7.431002783606451,6.904834650949818
15.092752034679563,18.255595266668728,24.69574155392766,24.843209109325294,21.233053816414767,13.37847772769592,12.33778411627985,6.561377506457456,12.36367010418605,14.89538030132672,5.864056631446277,8.245353876267023,8.79667894435812,10.5481527287842,13.071369217541283,17.82961936939173,12.949194185203318,15.749228683616556,10.469691088304772,9.286300896403024,11.512527502351713,16.172769378725917,12.284370142837204,8.5804187457256,11.675860327460375,7.37426145197905,9.598093297782961,8.479306701424543,7.070328495141743,9.052328374874854,9.2172341474781,8.234987098211244,8.15952162167423,6.0269044420882
15.654188128418193,17.262135780943996,23.6998498204656,22.361952951985607,17.710863704464685,17.335784291438127,23.685496950136784,10.247689056504182,18.613605716021006,14.178976536105486,13.606022755969686,7.996755230063186,5.29166884163824,7.298700107234802,11.662750331175646,13.440652294277614,13.75858489759174,12.135800209444795,14.403389239029046,13.192636434174569,9.811150040216699,15.489503462603917,12.599476872450202,13.316655165018515,9.246591082640979,13.470975305757147,7.148127694748923,11.773802047121062,6.497330893644663,9.850143112866812,9.265458308440142,8.328160426475506,8.332042902217283,6.860135472869882
14.861512582670871,16.803764711542172,21.309155290162828,21.68395216520433,15.331363037196267,8.371578041450535,5.050762356151628,16.132273961619088,5.77702703850753,6.871164936881218,2.3789148993599625,4.1168107671287,7.850773577692697,11.237823112819974,12.741599522249016,13.7421699945203,9.791292087894425,12.093496948277064,12.202928587564038,11.012947629177885,11.049273028042652,10.643706702781314,10.667849059866306,12.84452334040634,9.156785091014152,9.960833173804103,7.728129994924267,10.836759720384705,10.08737268539571,9.085666503046811,8.427654070407181,7.5671345353080435,7.201174729568425,6.254073667737882
12.975229205727862,16.05810053962573,21.238577735727254,21.51831296889177,14.600451175285468,11.358919918694934,9.131847550030537,1.443399465610533,5.51434668119251,4.873369048389278,5.38098915549215,6.650751602928328,9.755523694635105,9.89000968809462,6.493506443845471,13.421733198849516,13.583648765166055,8.928651405578178,12.815866033535746,9.93726430440186,15.668793436427848,9.045906603894025,6.595482114760731,10.572810363350554,9.973157089251142,9.623086223721266,12.763391765707615,8.439009161783957,11.323841398368359,10.15900906869607,9.274298888515622,8.018139765253666,7.674498841719663,4.77187697550375
12.517199354131662,14.971588135391261,19.854797060347256,19.868302465950585,14.936488025644577,18.53010603576431,13.41349130473496,18.03929717860002,6.905578554841126,17.06505269119102,8.748039889966087,6.135947636874961,10.49861324688191,4.598228027459593,7.226319925972642,5.303349197891777,10.481401203397933,11.555999940018253,9.573045158766938,10.615383614014608,10.680378803284214,10.57168072384857,10.20161909590011,7.592323668580158,10.730601507554304,10.062129012511896,12.052961992725573,9.967697555135649,12.28378635727365,10.632785845804726,9.374897499889569,8.136743673007397,8.521413229496147,5.208086212297438
12.09955351923481,12.967925713598436,19.56619573313897,19.685287419806137,12.771308043130027,9.112354915076137,13.617971482785364,8.346249126000947,15.217132733293694,12.918886027758084,3.6728760993847964,6.165670349436509,8.953960697187314,6.92263902347414,11.676800682032729,11.774582709124957,6.228055583740796,10.733810293385197,11.689079208344717,8.593829582885007,10.377151642690686,7.603647232228328,9.841213843287779,12.399060401524375,9.048500778666938,7.108516309213547,10.299719104018372,10.372297361642534,10.61678732065715,10.50059509818831,10.077208619069467,8.756248751152839,8.387636425008118,3.71429222781101
12.211215717005134,12.594931589721789,15.642447532969793,19.08188610465696,14.496769742333074,13.362314045096955,16.654278996117462,6.745931220823691,4.440866038894511,4.2056568424479135,1.5853130377145066,4.849460326617653,10.398733553272095,11.421141083951694,7.246163124427462,11.575871497655227,8.959765557958283,10.499179719986703,9.743872423503255,8.839010159984166,9.509927771522912,12.196235541699618,9.376524790403963,9.093010107815813,10.463132683019086,9.183752379924298,11.34074778886759,9.928854049971754,12.096524173664939,10.116328818353173,9.756701979567172,9.145754361779304,7.771445766500934,4.127859466101459
10.669205118227747,14.737814160238186,15.978525965930691,19.37230111927751,14.571724736347871,10.203182314461927,-0.18042945769180435,11.368501087281613,15.984739040970462,15.210090521771427,16.67715841255424,16.229872912543414,5.215648849000655,11.969809558006082,8.00856132048078,12.974483734661597,9.663695710983662,9.911728149305722,9.228892467583723,8.077205330664931,9.219503139179007,10.946047946949745,10.576575259816664,11.091979374783488,8.853688629902514,10.736125879887869,9.643047507585251,10.871581499462286,10.351093917562276,9.924170516774497,9.505338103045297,9.934883141257226,5.592603442635041,5.148488128455844
13.25929115904354,14.988508840364082,15.474051353347521,16.71740826530757,15.606301924771781,16.978008813184665,19.508849503533817,11.227375858358657,10.103328310656359,16.84080029316607,11.613102924520065,10.681021786445205,9.290073223545523,9.184249020840566,6.893300324997413,11.673676337136902,11.203877994383742,10.370684965718707,8.786569987614786,10.183820228547905,9.042404220309425,9.56765990743723,10.76441456977535,9.978572742702031,10.692382154392385,11.820473465632023,10.982900064524687,11.676049352579282,11.313857037856248,10.387484241300712,10.19976488761784,9.424731821338362,5.9591877841653895,4.72539915688786
13.33700134711611,14.936564823556594,14.778386332838306,15.291377334550848,16.047101383016894,15.126738656551785,9.047595769585564,4.634703860934557,9.461978409475641,2.781061902402132,9.42544594397353,12.635864363882147,7.226370851605478,10.803693820890995,3.1696291647636214,9.781104820852581,11.301430921962845,11.564427092035785,9.626740499428895,8.14187647807412,11.441243707213394,12.119701115997628,12.954531513083914,10.765697878649156,9.665630388546742,10.828570502337419,10.99526623380983,10.047273341868296,11.116261403946604,9.903990933175145,10.060152621780952,8.621710346649019,6.0387483968792965,4.481863158885837
13.952775284873802,13.796948271994744,14.316829202679736,14.251464427951053,15.00712913109997,13.52642619176998,12.679686666602057,6.323053032492218,17.822060386823903,13.35483896380843,5.613503507774093,11.15986086022351,11.61313115068785,12.11882849584652,9.040212932387664,11.14816048601263,12.944659131947512,12.143639786755323,9.057449751600533,8.516419208099585,10.883664988670365,10.871209968309625,12.789615978646935,10.288349132117693,9.29203886833259,10.441699998814995,9.29622418031807,11.400858351056646,10.693260699599596,9.428191308196496,9.66672215833408,7.2976018804736,5.774770876293016,4.005627945217616
14.563462491727734,13.876143804731656,14.124135876478324,13.16779879643051,13.466490419278083,14.734659322756524,12.102973457968018,16.83711129884465,15.267365337604238,7.256246130708975,6.423170160775241,6.546094597431573,9.047612639248797,7.1604880511220665,10.50842102089488,11.272270917510733,14.665033420449358,11.824674616394194,9.06462058444271,9.934462830722431,11.690530875463146,13.488032540875025,10.133399083968811,11.71946244085444,9.635130743498754,8.779111900514534,10.377494385105077,11.931065970498128,11.217616388741458,10.89503052352692,9.187082819205699,7.012294196173908,4.902065288796432,3.2242454575471764
14.810492495720199,14.108104908488809,13.510272267316193,13.42386389600504,13.744463225118448,15.56881700971332,10.914681628713478,19.48641866152502,17.098492892371077,3.9958844360932066,10.485866357060187,6.446660790527245,8.063790246454033,10.212649053604013,10.300550674458485,12.961430443431967,16.83960138163026,11.276276251912885,10.814144880161518,8.137856144083992,13.386072853032148,13.883214231475325,11.93239003747889,10.93078265204731,12.972995590812728,12.211889618152982,12.70296918964251,10.985425095897876,11.580725193910219,10.810018932853328,9.067616982812671,8.185532149255875,6.3551065550324175,5.158688947316054
