script/wind100m.json
{"header": {"parameterCategory": 2, "parameterNumber": 3, "lo1": 6.000198445256149, "la1": 58.999992894266676, "dx": 0.5, "dy": 0.25, "nx": 22, "ny": 24, "refTime": "2024-02-06T14:00:00.000Z"}, "data":
[rows 0 to 23 of 24, columns 0 to 21 of 22]
0.7174087853056171,3.372411839091475,3.740168573363153,9.544211019254448,8.447842222077798,3.1992678912739203,-3.064243172192043,-7.465821315860076,3.7044241835570713,2.1989685667580887,6.350605549054066,4.974228716266888,3.646774192104309,5.603522882234233,1.6144107280165103,2.865032545606824,2.54893883073991,6.604848282568382,4.567867956741127,3.5567228978725414,6.555210656277248,4.081908920717993
7.395959599779579,7.597300867664098,2.4141542597234382,4.774332065606823,6.860528750081698,10.957690761145207,6.841822095667629,7.016095893511419,-2.397979519373136,-1.7541105057824131,6.462345888742439,-1.4464249838183225,-9.722840736039116,4.293734250546323,-4.193720694612962,0.06065641930548827,6.636012322008168,3.019383319126808,-9.7410393542369,2.8103196924523552,-7.418012373872796,3.6695941653390447
2.0222432781681348,4.414235055658342,-0.3456671410372434,5.364743756251317,4.896256520886577,4.003008310696623,5.53782027713368,-1.7413242048367632,5.585727260372536,5.441816650634641,3.599713642234762,-12.172985709074105,7.933701888790286,3.9482602401271474,-3.0447485361853732,5.029758947026101,4.029596852974427,6.120220683542926,3.699027040517454,3.3360663354201314,3.4277245087223136,6.934084829077223
-5.508438437476033,-3.965657020519125,0.8629363155256715,3.2217337829769965,-1.974204204563124,-1.2981624389553563,4.234180155675929,-1.0447678412532584,3.6165894097281246,-5.208796193650075,-3.355995492031687,6.890918884891646,1.9507117456266454,-1.4926500556238371,5.48170506088296,3.612616590724796,7.065350945937183,5.6779444644326516,6.011773940078072,4.453676524594355,5.308632897181596,-0.8505124009016396
-2.222131883985467,1.6605420682494,2.424984930890004,-4.761689617263103,-1.5920936790927347,0.40983393059087553,2.664976073580417,7.691292179291933,5.951557751317983,5.345087621975882,4.844206270286692,3.305981489298578,-0.959889928882573,1.7439840739295671,5.107709214534529,-8.784808424825304,4.782487406255992,-0.32368325455302344,6.496961226479196,-3.1513728488496926,0.18455256512368687,2.9639607429932116
-4.040923847764408,4.210367080592013,0.761479693600588,-3.0559777644160926,-0.29386242100952753,9.239882130646844,5.735988445516818,-11.155004534093258,2.7343424145959405,3.3216033591988894,4.738255281806391,4.914272061295757,4.38347479531903,6.021423191829047,7.511459439014834,-0.3722691301230425,-10.26605693208379,4.443769594306058,2.92706025003357,2.7030266324618295,6.393154091479958,0.3576961633375685
-6.4683327140817095,-1.2657221235788163,5.518354983591637,-2.953516072344388,5.3289938298403055,-3.426617079703108,-0.7702757579177824,9.015439571831777,4.318238553735456,3.755189323894562,-0.828212010262445,4.822163436878271,6.168941273476665,3.2791847361158646,6.0247722581246625,6.53839078122916,1.532186263172901,4.058342942435131,-1.7806958803677442,6.873457578446147,2.878087449275131,5.552052475957435
-3.7509808683487718,-2.831253510073935,0.485164988767157,-0.396710144942357,7.054826397819532,4.249197835611912,2.6802659370747026,4.452096334711764,10.818019760529824,3.5589201735761002,5.473786033190957,4.841429249864034,7.617748432654044,1.6210788551957565,2.1825234356802636,5.050075287134957,1.2722158435579223,4.654707467157132,-0.7594547274763465,-6.95764145458582,0.8600191007214909,3.1655742633311172
-3.1795904051185975,-3.903449128591392,3.4803700060255274,0.4915212549182985,-4.9090771502902255,0.10564395047988588,5.483660986752303,4.8428482816011,6.266253577559953,-0.48453124116673574,-3.106129604649291,3.0472816996508807,0.31973552888398876,3.443660265852392,4.20177715278796,3.8437412056993825,7.916476451472251,6.1525694477788315,7.27238399265053,3.1542319934912837,5.552837162343851,6.566172512260535
1.945468837457642,5.614014399768449,-1.7803933364077145,3.8417322015419764,-2.3101440110870746,7.279463407357252,2.9374088428034435,3.9189146670361037,-3.4039924016178826,1.4900678083911363,4.228598811178454,-2.5714258879975693,6.0910123104431655,2.8297702739061266,-6.45361129277275,-8.17538131216473,1.0993980119333477,3.1209853702957284,5.156042208460419,3.220318771084111,7.491164125298405,6.130290871737928
5.420015720782139,3.7552880696221944,4.608917555295228,1.546521129078551,3.5361074279578877,-2.56253041268629,5.25642575192547,-3.8236734928358924,5.767738688520178,-4.686125482658856,2.785698795224405,6.616471336564374,1.969417293062452,-0.638041876603782,2.9468302628656176,-0.6441176394822657,1.3679105554421753,-0.5370481483075494,4.806513196071611,3.6423799036331688,3.5018237046697283,4.762700565716457
-3.845985786054891,3.253053912440476,4.269296406049679,4.704033996107482,4.850546591761429,6.232034776689442,5.442395905373918,4.392821147364884,-2.8769670707375856,3.266742714115637,2.1442781935393174,3.2525011350297803,4.35400174382183,1.4226793630443357,4.285871045771106,5.463856850995137,5.1359885935489515,0.24252118545994608,1.998926964551689,5.317717844660581,-3.8737396919139573,9.582295614147432
-11.562837158902962,-0.7930190675830582,8.270572834391594,3.8759362040354457,6.918147842839605,5.724078211667615,4.414594648934079,5.808571451967784,4.472152343446494,2.699359195886274,5.824672847116376,-2.9505055547018104,5.116483552731543,5.043752738374885,5.060575486388505,-0.37609882768179353,4.608972843840821,8.629228352428639,5.187178322615894,5.571106716383862,0.44131700834749354,3.4149168993116756
-1.8322421882891793,4.486704076335877,4.8118346485176104,4.780918259829921,5.971361026600719,7.045843742365623,8.719362683095023,6.923937142342547,-3.3779897172457525,8.138708314328012,5.601810605033649,5.024103842489043,-1.4067748152949526,3.6477065515752947,6.190156258334535,-4.277201761942962,6.392405352299971,10.170993924882191,6.516137818066068,9.647452183878062,10.619692447786948,6.875680047329652
-3.2205352902743356,3.052984141337242,9.64388113923092,4.509376596314084,2.802182634360289,-4.788966059898995,6.3097984560310225,4.09782429143138,7.4061153047368,0.73200443967713,2.0505331366822444,5.341756925811505,-3.0039815677015724,4.363037066069483,5.899311359317291,2.0990856449133477,5.890547276320096,0.2708748338078285,4.058775415831623,5.5889074836492805,5.049211065231605,0.18252794210200043
3.0078372689200017,0.17880416104540403,3.371219839797529,5.565876373409587,1.966884566287427,-1.1984339242506266,3.171462733559536,4.543402258534401,2.8465502499950213,5.66070611047449,-0.2837325941003038,-0.31757796386321374,5.37773556808911,5.921024780183798,3.8965999491689938,0.664725796385548,6.094993787893741,7.535705636935881,0.7175555699674401,3.57351171912401,5.792923421020334,5.307014831349677
-2.2891581780124133,5.607992971932503,10.27083453269408,4.547964217146365,5.744427061269774,4.99905977719413,3.6295531895183806,2.985491708482304,9.051985269912587,0.3440363618230063,4.7937751994125115,-2.895458650412887,11.1467570898336,-1.2946228436855594,2.093080042484546,1.3177991001729858,5.385415349864501,1.1934906962717697,2.3172202969524176,5.4335807918073575,1.2145241844427632,-0.5450425360894029
-1.7267255004852187,3.4945494009283293,4.369801979593012,-1.251817026642746,5.976576710571415,-11.878269252174334,6.369438283560473,-0.3999201948575775,3.29790932990858,2.0667438003965732,5.575220983137565,3.669159576123939,5.946040502336705,7.2635137793082745,4.217112629319108,5.769845657489688,5.936688064592661,2.9680658731047656,5.7106224554105856,-4.942083122952757,1.4201646429618733,7.071465267761434
5.2753052314409,1.2497893292166224,1.6901041920100326,5.678425991609144,-4.042902544746402,-0.929297692132722,4.1599765186730515,9.04328489684367,6.555414741325481,7.36374205594188,5.301964746287508,0.6135752725342104,3.2791566337520415,2.9796661123974064,5.961624727751409,4.917448227901278,5.103758097054462,4.687173682040077,2.9612337391687373,-1.1110701536385919,6.496515035415161,0.07987489307516453
-11.38419608540606,3.8620046264468644,-13.089363367888332,9.602833406061764,3.822502007161888,-0.004345641957639589,5.275683531378628,8.126284706732749,-3.226473148211594,-1.8669508363673644,-2.075789677849598,7.257008094724765,3.8289962682710352,-7.078455533023876,4.7739658553492355,2.396979560436881,0.800911988826018,5.833380570974349,-0.2692146594339276,7.159121903301697,-2.073462654488323,4.460493045073838
-9.539873164988196,2.8708228071732207,-5.123299792347862,6.280641904310856,5.5504433373805595,3.2150491074424288,6.633951025944188,6.1662606741429355,9.380198662883162,5.696401635747374,4.662100014401512,4.987305424972226,5.381258605775975,5.0092384181957454,9.33044928955477,3.5192804651811747,2.886022878339252,-2.4912681999299986,8.964516378194075,4.368480922874539,8.943479345998472,-1.0005632358608894
2.0445993018097455,0.5821385317661517,-3.635473510338133,4.928702436202473,4.986432826197046,1.9704838917364238,6.1350475360073355,9.262564696128061,0.04557689770279306,4.409806493427597,4.14168028153982,5.080620670741924,7.342561527683005,6.871994862768677,4.7306194186496775,6.989519816922675,3.5877428650628533,2.7120604327395457,6.297254785170481,3.781603822831876,5.101964082013374,7.349577383989701
-10.635776221357009,2.444366819766083,3.4157454808750973,-0.571028427541257,3.9824077157921587,3.2223454715269866,6.675572468152122,4.970191252259768,5.209228553446743,4.421945504502211,9.792744900738594,5.515183625056252,4.2019665373654504,6.441902252970721,7.888229521800845,11.335943353868787,-0.21842282916980482,-0.35981729121173744,3.368062178024533,3.770316073114891,2.5850763106071324,2.8370583477470768
-2.7053506004052226,3.0064067117887614,3.4703892291439513,3.2835423374529404,1.3008291876565508,3.86714903888009,-3.5403514081126284,4.098723125847086,-3.0557184928718235,0.20458993821503144,-5.339951921844482,6.040458575248918,5.200207376489742,3.9410112800004096,7.261491239815227,7.071915752933513,8.5561099300341,3.927965145182836,-0.10675158594078077,-4.337548889378759,6.410611252064101,5.19187518112453
