script/wind50m.json
{"header": {"parameterCategory": 2, "parameterNumber": 3, "lo1": 3.000054539987559, "la1": 64.9999836372058, "dx": 0.5, "dy": 0.25, "nx": 34, "ny": 52, "refTime": "2025-12-04T15:00:00.000Z"}, "data":
[rows 25 to 49 of 52, columns 0 to 33 of 34]
7.80507893950632,7.370977441608929,9.029937936709851,8.917495132665767,7.036799282800313,4.923778728630764,3.9265438334027536,0.6272861713765839,0.8663760107297213,-1.0065843277716044,-1.7437563535318261,-3.615371516854729,-4.228194226342683,0.675047333361921,5.283766531424863,4.975841382832012,3.118581059010984,0.8931817127001755,0.7217874151172173,2.4308232675401933,3.8454821187628836,3.433809919144015,2.674711383223327,3.262583411929662,2.9142607668522187,2.1489409076460397,2.962996601890267,2.662098613132747,4.222885754297485,5.793650465278459,8.273610578691121,7.858217322783248,6.819383080208799,6.408403124134237
7.186161470903724,8.50649992532781,8.181655021395379,8.283371927798342,7.4197846652396136,4.783648894940712,1.359201151617948,-0.2596984781830502,-0.5158066634125191,-2.4495653181627985,-2.692189721239391,-3.189255484088774,-4.529807261539135,2.5591595211379343,8.048153105013963,6.8596050330877585,4.130932923632352,1.1151653726506539,0.6495365131442562,1.2506145874446366,2.3360789606348775,2.782452302408582,3.258777215738391,5.092163489283543,3.1841706143123023,3.252551983036431,4.193385236743034,4.559616263059588,6.011196853380959,5.174582249972118,8.013600076583126,8.212495386507692,7.250878549331834,6.462730741138871
7.352156519489463,8.273403113963344,6.214402688168366,7.276953058158952,6.811477405769259,5.309561395393781,4.890844804146054,-0.16214938766316103,0.2231741722058576,-1.2436257410573759,-1.2961544938809904,1.0138694527451673,2.295866613466747,4.223767008095874,7.9103627672756005,8.537535160129956,7.37555076574844,2.0920696614612635,1.9840955410765868,1.7993635907531835,2.5615902839858506,3.017501991172768,2.4472840415810153,4.195757117946454,3.3292584530146434,3.8681915863912733,3.615678162864692,4.209833881644821,5.565895362261778,7.98480798986092,7.989573574577204,6.878043254522807,6.1395442921886865,4.94721582827252
7.819778481019596,7.631323934409355,7.282639929957154,6.812269261212267,6.0907431327227455,5.785880882787171,6.381385771918688,4.636359763397041,2.815791786318429,1.375640005467743,3.242699486755543,3.7762306940440364,3.9683844041396705,5.829280210268947,6.991582227962194,8.377539688834101,9.48323320015232,3.1048709929037894,2.1930856216646215,2.977964685432736,3.4081306876252,3.3411792621994483,2.9714131211599564,3.1073433186992365,2.8416262106424393,2.9017668627067095,3.7920394171459364,3.6295188233651126,7.03374603504737,8.472389168214944,7.93454451720559,6.070529143211966,3.560038484961556,4.6241395980593705
7.9003815654626255,7.516484432048559,7.361068979790818,5.786494845534262,7.066708302625144,5.135576478622849,6.279825666762592,5.0223633161510275,3.581668268443599,2.9127594773544314,3.502818335929045,3.148170834405439,4.427255178621809,4.75025538691642,5.707105318552127,6.636522649525481,8.81395390914224,4.988851551089741,2.281930868107991,2.455893583526038,3.2073982337377083,3.2570306196633485,3.4319873100633007,3.78381898035544,4.319708001882081,3.0786059134084542,1.7650436561984688,3.066399659934758,6.931973565009851,7.678147435764016,6.2908146799056475,3.863262723213994,6.7777399479407325,6.703854633699699
7.606682786889602,7.310628795513074,7.0876051385762,6.560945920786693,5.379242298815835,5.234105788964461,6.615354304550795,5.837491378826472,5.820125336687868,4.704316643150537,3.6359598806246503,3.295636004203964,4.200408660704972,4.894297832680643,3.579821819229114,7.636223665063466,7.683034233827036,6.784191287876365,1.9099582374358754,1.5878249288371336,2.2284639404049105,3.350670168535619,3.1983877989070884,3.5354608018312863,3.52880453313023,2.761134805167715,1.653670188863242,2.296538770137352,4.985320919954534,8.049932064262206,5.29618581744785,3.3264439528574035,6.606402993494339,6.851070247554385
7.417798320914882,6.665637123099233,7.068059045624165,6.237370683175066,5.670456421525655,4.393857547116548,4.060732045539904,4.8890883614738065,5.994568121134755,5.002920067289553,4.744870449708187,5.189647731962509,3.9036579964887324,2.645735579127524,2.8984549695597184,6.60035652730304,6.896361939134955,8.904333634928435,4.387630754304197,3.095606231446995,2.7449793283233532,2.3388367898509674,2.749387498668018,3.2668068290918826,2.9410596233717667,3.3894860845894703,2.0564823203775595,3.785851594817119,3.7703838191468453,6.745233275071572,6.968483687779336,4.3795490012863985,6.243209303747832,6.607699327626228
7.029609456560299,7.415055747972482,6.287502029440758,7.072825328225744,5.565107834516022,5.506326965760554,5.000364802431614,7.434721905460323,5.97560007962172,5.793531421883624,4.456392180553761,1.598882548903004,4.7417162880431505,3.3490291593359762,3.429059952079694,6.923111812355261,8.743507569688465,8.97702043157939,8.494635404188216,3.1540564554787767,3.5124613107808234,3.0531139968186154,3.182589062804306,2.884343502982078,2.61671872766542,2.7808086546932334,1.7921614417916312,5.175862775846468,5.211595739453789,5.915462132573858,6.645164881818435,6.554527192485817,6.356982260281917,6.119904865246954
6.763340819710665,7.779134569273229,6.546014740240791,5.664114133940579,5.748180742282114,5.796327024503013,5.308358805966573,8.419954474540688,7.457470087266778,6.092688821272028,3.6523785640306814,3.6387652683621066,3.949273603795989,3.17902260506535,3.292292499798724,6.698776248500666,8.370356830248417,7.256469928727439,9.0926584349615,6.706707455071876,3.1403217431260626,3.751198046934056,3.571979451837602,3.334819122581621,2.7485521367501247,2.3317962293444006,2.694034238775865,2.659007798266215,5.060370822712668,6.451504512053229,6.60853777400622,6.515600902698614,5.096409092733894,5.513399445055788
8.345481904591919,7.914523588480131,7.438300337782674,6.5954084248120255,5.740335469979925,5.784411349716331,5.234980722832166,8.57506088502459,5.894752160706358,6.289429683313867,3.510844689283856,2.677262181776154,2.8680492771871786,3.1106351089292033,3.168790125842336,3.467151805627951,8.316054778415989,7.515521591641348,8.993677744396237,6.929775550773422,3.239864046934291,3.0147207828355094,3.4935373445450764,3.1713372634277954,2.439179349192632,2.043520451967058,2.348116817608731,3.2435705322459505,4.6983624264213955,4.866837227118376,6.042454375404609,6.516895462667262,6.199684192924603,5.6915707431339735
8.732415260612086,7.8234355777211,7.719849337813578,6.7968613843283405,6.353277054349219,5.790681150052221,4.797965622155672,6.985324462236443,4.72371524811297,4.597710820788697,3.581882238508228,2.1810356002703197,3.2034341111924807,2.0192509286806044,3.79155847006822,5.615182534399536,6.676333513693002,6.854675442089703,6.665272700823142,4.849082733372835,3.0540913393110385,2.369097976732724,2.424135369713923,2.2393670068042817,1.5895458277590613,1.879445842473928,3.0253030877952822,3.487155466493031,3.248429024907994,4.929507584964287,5.58861760694305,6.96725638849889,7.274621209550349,6.016388745116606
9.036664613701536,8.396319861571262,7.654449200862785,6.645822726788907,6.44520439988932,5.2543057798396795,4.934325137368806,4.337269237617075,5.351689264196148,5.247124127956328,4.172961010178946,2.34716844195161,0.8580225684736602,1.6860767131735022,5.014995399083025,7.377962262189635,8.055066093777496,6.988305823408044,4.088864225969205,4.868349349988943,3.5519892581608667,2.4201557071392448,2.4825348794884583,4.042322719702808,3.6649484799291003,3.84484457321032,3.5426327426714526,2.9930917229143734,4.405886967735127,5.207049116427568,6.380063388584678,7.658831004667742,7.9016689182675455,5.9973181425982505
9.168433674620749,8.953187072855433,7.484566431104597,6.703887201883041,6.107790634870387,5.2056230478766174,4.817575675054854,5.116197732543353,6.7912973950635,5.137875291556448,3.1957886450418416,2.8884742028657397,1.8326932022593376,3.488982330611804,5.9652394079921915,7.741296915017702,6.562096431704622,3.8246602175805826,4.030960373380336,3.034736987555607,2.3361553408297,2.3999456918804563,1.721578610366882,2.8167233201335278,4.370436087545251,3.8303215914839726,3.657890503964021,4.6247600055077855,5.748608235472333,5.556081399983219,6.962192203710087,7.703449261403042,7.267538684601267,5.99601694211958
9.271440488311237,8.88480412093798,7.98519857430224,7.190708934368544,6.187169676239005,5.232324232295531,5.683130080322075,6.615246169129629,5.573971728932223,5.478104145002279,3.78403115215247,1.3292648199829695,2.3709916500721198,4.774539819658229,5.798097162453886,5.4039276603077795,6.172107790214144,3.7807398379112818,2.6810812339996177,3.656116676620764,2.527079284981033,2.082786426372247,2.0438570461691423,3.6650592091103347,4.0665228856882205,5.116743864289649,4.715782018344984,5.592915484934147,5.881582938288447,6.210321534627678,6.21818240505539,8.035189377141043,7.557649124551321,6.528086536375935
9.79723469099509,9.068886685061619,8.573231677378834,8.006167906004732,7.374608291020212,5.68214905062194,5.850100452702815,7.437266699224235,6.512037368528435,5.504140730189618,5.624063455926343,4.296392267444338,3.818434293762555,5.37458630704604,5.165574595105079,4.391312348458147,5.285023894163916,2.0614883450124943,3.4415870511540847,3.65012109824782,2.784485124348196,3.3850754208836547,3.14052407107304,3.4538980877661465,2.5965868846111424,4.680873261127376,4.980670098419149,6.05657977770547,6.0571837806789315,5.952423812997391,6.250909452221348,7.871035686199297,6.854944328707579,6.095933537943703
10.008656477755869,9.047670473944383,9.018864405335764,7.877851315427551,7.46173484304545,6.69817966688922,6.37006378739948,8.146275515201841,6.737795619356364,5.859905085070584,6.123382444948057,5.3353165219349235,4.001624779190426,3.2636782862467806,4.48187148153204,3.6699996511749564,4.793137896092139,3.9242205164478343,3.1853667769246323,3.503672523823417,2.277496350286496,3.593239393757842,3.7328150682145993,3.674289248955109,2.80840973530618,5.104563658259332,6.050268944680935,5.408745963831305,4.200191471783807,4.044958934654461,5.00318213646683,6.5270369193142574,6.507629535554089,6.675473322154222
9.91731106236906,10.206756319801427,9.164037360670775,8.817096819236683,8.060671599904865,6.413787177453059,5.65116661748998,6.587820313132032,6.6057658161471835,6.581668080594454,7.525083031577129,4.554506407951455,2.506152780600518,3.104904966215091,4.299461208198855,4.59396962943902,3.3639881732370793,2.8457377051842303,2.9567703615542804,4.045010583270024,2.9814827991639636,3.6280635720813086,4.632204949643092,3.7768770901005615,3.5066932303846845,4.536833067333503,6.405372928842628,4.94343241186513,3.549255563020387,1.3656100112680725,1.7146843937114953,6.314409259116465,6.320297929222465,6.762332654128082
9.907060087088237,9.776559536600232,9.66503633616027,9.070277516136004,8.937217911553587,8.713765431449634,8.462017438403741,7.8679996111589166,6.480434670949953,6.811183682323518,6.251056864852804,3.7734418378515433,3.7399645354347504,2.3877820027753986,1.8976657657968452,3.5451707741111536,2.8832279821007933,3.6437930302760573,4.000015611371405,3.7585139024106624,3.541864795653223,2.5255187957314247,3.9443121250341133,3.5739549950633798,3.5617054668901442,4.36957652525085,4.203610624185546,1.9511307688360706,1.8870790730937106,2.2780475921579186,2.8913469915486045,3.693821491037854,5.673317555637485,5.95446511786296
9.982428448683008,10.097840621795347,9.644612943699904,9.357266316065875,8.84598932777839,8.18207813265883,7.234810537092803,7.94286641776361,5.915064804569228,5.661385247756392,6.345978130321962,3.8973165091372186,2.5386206965160296,1.5993002267860599,2.5270311550147544,2.1485370804400468,3.23843130272421,2.9776858259747008,4.3651274615158835,2.9038321550031383,2.6477610318030957,2.8457694411896255,4.097398833204414,3.569575889455802,3.456302476309031,4.075571064946053,2.6325635394641944,0.9472644581975435,1.7966366486949288,1.9539042291783744,2.0403856975973826,2.849919400885659,3.728758115910994,3.597349664562272
9.12702140295775,9.228719038406746,9.783392086558312,9.708068624410739,9.280107799049748,6.993989728723596,6.599750151661267,6.412473011502378,5.8984767476549465,5.352834187831867,6.131502493601954,4.2732634271571195,2.588716287094022,2.5195718452810785,2.4656915486732855,3.0124283360440707,3.707461776635592,3.2243921281059094,2.1784867174394638,2.2582721416704854,2.412461399115592,3.085982535412407,3.39711220152463,3.0257258979604753,2.5160119060787487,2.8166181225593014,2.3571589363862944,2.6960718564815447,2.6877999962817922,1.6810481161985726,0.8666974901183371,1.3132073109643565,3.3240609115274933,3.4556093957670004
10.117315444120626,8.574600269535132,8.794999439076463,10.242962939907148,9.330679665969413,6.911313905381237,5.481628554570827,4.9350372706893895,3.2335113711943415,3.558197228434696,4.100916321654359,2.1843175199934386,1.9189785983237437,2.2728392742317935,2.266267594309593,2.7793991241556846,2.3666137044701565,2.4990584695850235,2.13714798948296,2.349804900910872,2.6236050446165105,3.04657972678081,3.1480808704594563,3.3323035632916924,2.5725014300879394,2.4795129940111136,3.551487633043017,2.935657652305664,1.6274861916743253,1.6567311924832862,1.525859725895745,1.5986117773712383,2.28079924596463,2.238193275944552
11.518498131559552,10.067348590489608,9.389861043285798,9.606588436166703,8.271399071046037,5.62151282482206,4.583684156516893,4.164520114662296,4.021696629357655,3.2396811810070956,2.902287967747768,2.00809131662853,2.2070269754140814,1.4912727651468314,1.864128830083037,1.7277205168436576,1.5433812176780788,1.9983179646898104,2.214218389871925,2.378443673737171,2.138275936687066,3.16021728398914,2.7875757472414247,2.2354533483954038,2.8923575617630743,2.2520824666853545,2.6878100337973843,2.290173884936169,3.002758751963529,1.5586141125628346,1.5505848849118227,1.450149443156284,1.7818089271432735,2.1007103845513555
12.524762617525738,11.955130845871151,9.171198714926376,7.853750495432843,7.024029636822216,4.930006959712367,4.107517157213664,4.3527767897499725,4.163756723010061,4.05691262528315,2.4254866170618095,2.7182909263723465,2.9668292209520817,2.390255627452932,2.1015410381142807,0.9371243298936938,1.8386839845961769,1.7614876957231054,2.4425070249618797,1.8637671747785802,1.8257254499142728,2.3686665290149636,3.0687054254312334,1.9882749752082807,2.701091888869669,1.7782592818810923,0.8628818708313455,2.614544512280676,3.4158709849125675,2.05631562176481,1.324362955418784,3.6358743974718046,3.2028875722402597,3.166334413899087
12.317704153302495,12.800898444499257,11.0886792257122,8.258693619834636,7.270174084291392,4.497161575046169,4.580545082364981,3.815757761261339,4.687506364906213,4.704790411544079,3.3855142089786767,2.943705211010314,3.246393382507458,3.365699445322361,2.647034607133059,2.7694009993654305,2.084650821165528,2.2961156811593506,1.972125067677205,1.4281680976613513,1.8083479552810213,2.2174390009381604,3.455858912367567,2.301961580021643,1.6303702514058758,0.13561311589123803,0.7364461484881258,1.2024678603663244,2.1111675815719577,2.0619494183006517,1.747090544235191,2.1336617197534857,2.3904762363160863,2.818085413046204
13.189143549918246,12.59526798459164,11.557274447976543,7.21609322914782,5.499211230930987,4.672593417161839,4.0308544989844926,4.436672252593864,4.0873033267039585,4.6653269368615655,3.8991654720227102,3.5424065701161416,2.908209568107841,2.2691478670373333,2.3829731387519546,2.8643558216353315,1.6583430418323586,1.7958425149280155,1.3671742641400648,1.337118831733418,1.4304344028529503,1.999195691962677,2.566113466200148,1.1899370036826928,0.36847800248671103,-0.24064720299914888,0.4424182923151024,1.6127981055668152,1.2504494574810856,1.321351942492658,1.946530199143575,3.2793002736105676,1.6971980171602554,3.1732537919144446
