script/wind10m.json
{"header": {"parameterCategory": 2, "parameterNumber": 3, "lo1": 3.000054539987559, "la1": 64.9999836372058, "dx": 0.5, "dy": 0.25, "nx": 34, "ny": 52, "refTime": "2024-11-27T15:00:00.000Z"}, "data":
[rows 25 to 49 of 52, columns 0 to 33 of 34]
-5.919183135613535,-5.375819781776824,-5.158938470483198,-5.4210704406262415,-5.461779746479637,-0.8391817054784619,-0.08266858996134367,-0.4509205241341693,0.09638072987290144,-0.768715448852257,-0.5346914675626414,-0.8859600186610965,-1.3325719329614667,-5.130682925144297,-6.379351217492519,-5.345171302224689,-4.65908062428329,-1.3038635118942292,-1.3575986356801317,-1.674663277658571,-4.005605228082365,-4.683132717350725,0.3139170591803339,-0.05316076760846691,-1.2169034149194542,-1.8262195672417623,-0.6708549621936232,-1.388201791823667,-1.628484739698267,-0.6664851490706852,-1.2998779779407301,-0.35243914868440557,-0.10747407205604102,1.2116852134260279
-5.7709918373060605,-5.3032506500468415,-5.626166022216342,-5.497398990058058,-5.330451068977335,-4.186763290066512,-1.2413245415696523,-0.3640195001035204,-0.9037376437222729,-0.9314290362842423,-1.1334437590837305,-1.2638751826669,-3.8380905984860374,-5.0566265439218,-6.597467909842301,-5.941501669275072,-4.3602902893058415,-1.285868584364974,-1.1954983159672106,-3.136872539114837,-1.2993258549021764,-1.1409569232475243,-0.6076888719691612,-0.46081987187328916,-0.4582246419584962,0.018874303786939998,0.9193238148045212,1.167530724729881,1.600868155747759,2.254601580037787,2.507582938089982,1.5311356352129764,2.8309233860465297,2.9957508930391876
-4.965406450873791,-5.3001838731239275,-5.694847080682267,-6.409685258986034,-6.155755047690804,-5.1517084203641845,-5.165319388066694,-1.422882248680047,-0.42271058051455795,-0.282185883624732,-0.32390044030121445,-3.100928706830039,-3.8685103350322203,-4.652546161436209,-5.415308993368242,-6.127141564320081,-5.625490365463632,-1.7047496042987238,-0.637635749126626,-1.309318533076721,-1.9025774351136941,-0.34634235856732537,0.8802486099045366,2.0590474531095597,0.06523000721280466,-0.22943304651850271,1.1927207980490846,1.1032765115065895,1.6652903371741499,3.2816064832348326,3.4039961428971304,3.5418753466444874,4.154634591475842,3.940035392504447
-4.8080300098993165,-4.945248618642631,-5.771021262457006,-5.847741982348301,-5.399956429290184,-4.765960991888341,-4.815199211951401,-0.32384059925301506,-1.234987364659703,-1.651698389468273,-3.6978229367507183,-3.1878219766971183,-2.9839499641464133,-3.3704824230195216,-3.9518191639460403,-4.600076145679331,-4.737357498301252,-2.862866408438248,-0.18903997706845954,0.5620924578674364,0.7964099842422531,1.196896451000696,0.4585867437466667,0.3279899549245447,0.18072724960435804,0.5617089290803756,0.7707178063295287,1.3122017460050746,4.341841566560541,4.041146684676836,4.0387308535403195,4.824839189687175,3.9177310219511003,3.84433150968238
-4.921898395983312,-4.986848942364148,-5.184012802348007,-4.826930609360964,-2.4293893997511047,-4.183587598994624,-6.048803302875049,-1.8772300308740355,0.19625332114331295,-1.2335751879434678,-1.8549264759608253,-3.3919978605020664,-4.000311754999042,-3.5413198247278506,-2.935163402740607,-3.721732608010873,-2.9610003976236228,-2.6061583020115657,-0.5915604680991134,-0.1393618973695356,-0.4676273435160592,-0.11185798080584396,0.1249684899401848,0.07580359497561912,1.139085283122639,0.7427326393494982,0.6071752301827036,1.370451650823584,3.854746808307482,5.261231638347087,4.4854471141358605,2.164863636505709,3.651221949368246,3.5453226279680283
-4.954202248708866,-5.762911514865467,-5.608389642329262,-4.2836732673612765,-0.1294673198632022,-4.105065602760985,-4.859686177307947,-3.6123154615782207,-1.963651831413888,-0.46033665438474564,-0.6715559114598869,-1.9478470035300026,-2.7042137151723633,-2.652428804536142,-1.238158667430704,-3.296555077672894,-3.3108747372273726,-3.744976211193637,-1.3972282259265496,-0.6370565939111982,0.17591941391382765,-0.48855106024330847,-0.6134185569363791,0.9127271063747092,0.9319932281233575,1.0194425274412975,1.5587925330003138,1.4348376114427688,4.872217574674953,5.113836219201161,5.28973804235529,1.6315532302051154,3.2996830217680935,3.60272893030919
-5.512693685584964,-5.808790653108944,-4.912892696674477,-5.202049786316569,-4.528996980449996,-3.424982002896909,-3.2352524508477822,-3.3017811316182186,-2.8370943340136505,-2.0676106666294536,-1.8992054050309604,-1.202070611092079,-0.7475650292014806,-0.5585170559497875,-0.23653758619569173,-0.11487603675555474,0.37376522388801214,-0.07238396230517088,-2.284749979841555,0.31411877019964024,1.102418842272075,0.5486278530534746,1.045117642221772,1.3966192314957768,1.39914107054334,1.231272339338783,1.0338885746159392,2.6496841338878765,1.919077685918636,4.4529283735797,5.5141803349022025,2.322438074425494,2.695494147031223,2.5047780076274244
-5.800744618013221,-5.8824612660589874,-5.873987123672051,-5.112220358188152,-4.712292322213741,-4.837019863019975,-4.6594893455267465,-4.193916644274134,-3.927559876088585,-3.3652604990605326,-2.572190565185148,-0.30451059613451104,1.4958231357631258,1.7425039559116442,1.4327828198361399,3.373661461631356,1.8820916346602519,1.2186595045984658,0.5971256114498047,1.3074478355315717,0.9428376176733252,1.1159961249340251,1.3224959368966775,1.6114764316434345,1.3932907131864494,1.4502096260295905,1.7364696648631164,3.1828756100777147,4.501224812472476,5.665270989417054,4.896691770633745,4.511858555185922,2.608270293097159,2.9979994883273373
-6.489408038827325,-6.473052102159822,-6.178630363319405,-5.762902881237566,-5.3985386534102595,-4.700467597006455,-4.273922898496189,-3.7843222214959145,-3.294548452390289,-2.3854769019586866,-2.2286814287510115,-0.6937045849097283,-0.15968411731851234,0.19368881152202438,0.9989372058189963,3.027058610613039,2.8990734968135157,1.8360677927374596,3.1075336967254916,3.644886714165233,1.2444459452881276,0.9809069013512667,1.515372240790962,1.8412903660900943,1.5016659782215058,1.228187738438388,1.635597468445107,6.238261503438318,6.625909668270893,6.143101396624589,4.722002164645618,4.5295101058210445,3.4612401435339097,3.0675401010642194
-7.21509112976213,-6.609876259423412,-6.394293495658633,-5.56451941338924,-5.43828688330271,-5.410254700699634,-4.539928102566732,-3.411015265248599,-2.4916848309129933,-2.218797001075605,0.5879481473693713,0.14773465395358037,0.46235498732363123,0.7824367419588657,0.5564501315781463,1.1203022399649583,2.3642130704399094,1.064800575650255,2.0359839962511708,2.3827257859650235,1.5953006242407914,1.192100630342088,1.2878258387362633,1.5566574829242756,1.9338216600795308,1.6099089990403632,2.1599983111424876,2.7928017251638613,4.822699166773025,4.367582696391507,4.478790189592897,4.884311977577059,2.7061823960562785,2.510417526447768
-7.216438168313313,-6.412535131123744,-6.446303775962389,-6.006392406955852,-5.830535288209697,-5.452206298866333,-4.69682315896476,-3.5652740350440486,-3.0533805574989143,-0.31975165696683644,0.4646935749503316,0.21328399482377516,1.0131000960753227,1.3430272218962909,0.6241187719472401,1.448758589097096,2.120146081125208,1.789840553166379,3.9207069480147108,2.424621397193966,1.4334145953520283,0.9925377215056619,1.2064286875919126,1.418609848407995,1.3800352974150871,1.335363836450294,1.5065363762431987,3.4489069249825746,3.0476499539199566,2.6019728648681735,2.8485670314290314,2.794956053063236,3.4755996544771177,2.8676692606761116
-6.337043578001535,-7.186077690151572,-6.796135348186767,-6.865835395722751,-6.451160445050495,-4.794697877121563,-3.2529193537824406,-2.8120609423345013,-0.700984646278445,-0.13533624092843582,0.4989700685674804,-0.12051726305830249,0.32488130813073113,0.9009378312756074,1.2037356129182455,2.1941101508111043,2.327960445966123,2.5113577866555405,2.044934964859899,1.3118033710728887,2.145387279626472,1.66117456616308,1.376927502321201,3.950825372228519,3.7274970161126224,2.3064132046811125,1.8402370079275758,1.4917340000694173,0.5887086093041066,3.407048650944783,4.339821431063541,4.264665313024184,4.0673643892562525,2.9678042492975067
-7.238491774631842,-7.251872564999742,-7.323685177471819,-6.813389206843261,-5.751096405576712,-4.851058755440059,-2.8817427443468224,-1.7141432249908533,0.44125926854974995,1.8395591523216956,1.7595411035200894,0.2239364264001676,0.23739655074464086,-0.05473065389231162,1.325377645226083,2.5113771099264035,2.6423379312749304,2.0192932417981417,2.3770924467081715,1.8494474999834891,3.158983835772929,2.552394125505704,1.2868582564499529,2.5423269200800456,3.429237568068014,4.508211909852996,3.3706288029672486,2.8204502520168218,4.589532467715056,4.7859607653840985,4.533099547963471,4.320620371764384,3.8495660678505517,2.996979961058586
-8.477954212711216,-7.969427721242015,-7.542739830262377,-7.63260726067078,-3.7863621645022216,-1.1578616407851574,-4.212763792752623,-0.6742415143297547,0.988529266063068,3.494338214781768,2.2283312573915146,1.1285802214240965,0.9147659579888717,0.8993605020118809,1.308419820482208,2.8488661216394826,5.04887256653122,2.389734629333286,2.556388399860471,4.728638850083642,2.249857126607403,2.4210945030560604,1.5798395910598222,4.064612327677874,4.340709176738049,2.803178127102603,4.743434928098748,4.554747522131793,3.1174978717423367,5.113558289221639,5.816842615705495,5.675609185337113,3.11204848281467,4.034140346791244
-9.06430769312019,-10.072021088759287,-3.6710345445923998,-5.89219743266352,-5.060434778128649,-2.2409138832343825,2.336524611181663,4.475391357926595,5.923021500433734,5.541881734717994,4.3098581682665715,2.38071226366625,0.8081166798551794,1.256302923058343,1.3008616175296324,1.1888989043145433,4.386755814071515,2.1793999157185944,2.010430564722269,5.665667173403545,6.321028690859211,3.3352758390802073,2.6726483055567063,2.6950254292518516,4.637873116878781,4.710648831732293,3.6241565012521977,3.839908544910584,4.919167065284319,4.387303995261146,5.724955112171147,5.961386667576141,4.854283618867883,3.834373583587139
-7.109066460667571,-6.304298261987732,-6.437434026806321,-4.839324407715522,0.10581495897637541,2.170001768601961,2.195408041553164,3.6336815718690163,3.76768890708695,4.749779006855434,2.758785038162727,0.5431385036801414,-0.051025038332667735,0.9685601955455689,4.4655157408372235,1.9733153164726016,4.4745421117730455,3.0310135976174513,2.2308861410693854,2.9475831144619304,5.796079558914524,5.966285760922059,6.1616344448682785,3.1487428104809174,2.9641629145160593,3.9941695088593154,3.547790284482057,4.155455115423411,5.079379599555782,4.7397334972541465,4.428718935421248,3.045244188681139,3.577844566971014,3.540712833170052
-8.713600010162423,-9.400705361229665,-4.123009074322722,-3.4815728158228167,-3.3518960356375502,-1.7532368411255175,-1.997300860844519,-1.0418644084619022,-0.8797131045645219,1.7422899529175317,-1.9728251692830552,-0.4466910521409797,-0.28456322631621017,0.5980452104683701,4.34878466974611,4.7298390681940905,5.458352394268676,2.6616273980435348,5.147176025493117,6.024692526560605,6.372310477700693,5.602615982191328,4.959154690251423,5.415407653737166,3.713077089100705,4.566754104501776,4.437951497533358,4.889715619754756,4.490143674538378,1.5098247094287565,1.123430240754021,2.9957483309591577,3.315993159802098,2.5783789056491404
-9.30651728208127,-8.824719716622536,-8.113872214172012,-7.07578528380125,-5.7131074987667105,-3.62821354222995,0.15652789670183945,2.7565039219120155,3.3217381419087415,4.473120575433237,2.5191590350204156,2.4524858747651224,1.3330581073072465,1.0266706083097552,2.9244107870521314,4.957059753355131,3.0732136649009694,5.8302627174620545,6.64509868746501,5.149552073879628,5.327295079214081,3.5733313031713774,5.637124035002408,5.106079478598583,5.731685732342467,5.190928438602307,6.3007362331522065,2.739161819902722,2.0386055935897414,3.0166270626208207,2.034088202761927,1.7486492788011685,3.538008821372395,3.5539946461463927
-10.743115265960913,-10.76536973077315,-10.507580696899332,-8.497223194785446,-5.119085761901046,-2.576737908992729,0.007570858587825824,0.4599561919612691,2.379069819989348,1.3797225807239246,1.4371022144959473,0.027826764923117493,0.631101119049857,0.8617450439175633,1.7642531635453358,1.6909797773223172,3.1822964704801437,5.663340459129832,6.008481950147054,2.628445315628246,2.424424622176238,4.982731416584583,5.9212558307954115,5.612959220879512,6.101165023529145,5.090961646021933,3.371614119731125,2.6244990961864483,1.802364833577518,1.7423039512973193,1.7307882202268563,1.521528208437289,0.7624384670360586,1.8454425664729641
-15.27317267660286,-14.410085582337848,-13.230353146938905,-4.910125908165904,-0.7190330636647992,2.6518796526337063,2.0262279254829534,4.026213131434808,3.8967779178745334,4.5986950506704165,3.9151112491284077,2.4678111732412202,1.116024741313637,0.9355866204656912,1.3064007487671574,2.660826486156708,3.1989538155249826,2.9557931652809653,1.906148163834276,2.1547325849652403,1.2450238310447153,1.5543147888133801,2.5137480428011183,3.5639100880361907,1.5634157368448178,3.1607655163317077,2.1347373517303754,1.7063914309544488,2.2816433409383805,1.7963265252088723,1.6035293129385655,1.3401493109495757,1.6626803787165847,1.470542814619743
-16.194591302569325,-18.537206458462574,-9.854302355156843,1.730046120554699,0.3635986047141731,4.046978413834766,7.22979105338748,4.716354115765876,5.140951240830437,4.208888056240719,5.287138932095872,3.0043810051108086,3.0733864547052794,3.7284424310261692,2.283560530764788,3.3533875023879793,3.0424242709610647,2.3965646349391503,2.8581138104676604,2.3807619136116838,2.039456889827253,1.4143831831205727,1.9974660393096897,3.47289457933861,1.696737910917469,1.807438889624263,1.7572400591948654,1.398746322741772,1.4810304056736592,1.7678807447078253,1.1556929383918633,1.0280170071269834,1.416207154267021,1.389596096264424
-19.25594841900434,-15.538275215045312,2.309868295613749,14.194194239006794,10.382323810421935,7.403192339632674,5.800941163837898,7.004686581262914,5.271880422735988,2.7493182830743197,4.661143185704336,5.499838105547518,3.3091089630708215,2.484885403048121,3.1955313386660893,3.0626316911508282,2.93211082491203,2.664625978475461,2.8580016103956285,2.101342607093394,2.214628342754184,2.5622078112567235,1.3650072298531009,1.171375737153928,1.3658097817705375,1.505539931071858,1.3785931526069701,1.239189224618352,1.703382553312363,2.8594364389754827,2.2413523459015487,1.6163921933455603,1.4704414868514768,1.1969021245773044
-19.525278555379508,-11.97914047721203,6.254315900192478,12.857893858023763,13.77050648149309,12.54910518717562,8.023768632502113,6.540372146157994,4.654110375935255,5.39659780185406,4.565345616500409,6.681385521922,5.938717859964066,5.260369763276766,3.917453926377206,2.515995688905888,1.8648526212434324,2.812473276153597,3.841038337805707,2.230150187163884,2.115402113262933,1.5907493702646311,2.6956871778892872,1.4527279937623785,1.7613997494290756,0.9397256978617977,1.473961259896672,1.8372321434348802,2.732850477587167,2.261594935353051,1.009675627802239,1.6758036965859344,1.5790546980122844,1.4085744556230142
-20.073743508754287,-9.902940205843263,8.664589928692697,15.320646521307825,14.410748671043656,11.44930131199484,8.032924556746806,6.907022282253779,7.100741981660836,7.5429367288059215,7.390131725310093,6.52414157918799,6.324479359048573,7.087764076717919,3.2937677692326335,3.3968154576897227,2.93439336388211,2.423386589587368,2.9787873650347283,2.4431636561105963,2.8662545917983717,2.339152635064125,3.230905829922117,1.7412297936242904,1.4333285293874305,1.3337765782238522,1.3256124855404892,1.7150279895082574,1.667306268033604,2.0391840839679447,1.0496903546911356,1.298879156652126,2.018584114969871,1.2681107516059447
-18.15206686290552,-11.381424102122992,6.442385983639972,15.929375705998792,11.002012676083352,13.279996633497154,7.817545131127704,8.044864681983876,8.483412734856168,7.437230696863119,7.000245587711783,6.386533664226324,6.499702964967671,3.8726694888945774,3.8693914553673996,3.785451409189653,2.910731831555814,3.721204917722262,2.834295047674308,2.763957836250363,3.2318249302021975,2.1339334570647046,1.9821963740638817,2.7163611852620857,2.338545865844218,1.8936838307480226,1.3436812439482981,1.7751922480143638,3.160068647031883,2.632499167905239,1.8515185521463282,1.959867617130507,1.1162166785064225,1.4230237162125652
