script/wind10m.json
{"header": {"parameterCategory": 2, "parameterNumber": 2, "lo1": 3.000054539987559, "la1": 64.9999836372058, "dx": 0.5, "dy": 0.25, "nx": 34, "ny": 52, "refTime": "2025-08-03T00:00:00.000Z"}, "data":
[rows 0 to 23 of 52, columns 0 to 33 of 34]
-3.104011250743638,-4.32768734962185,-4.118000295165899,-3.6543533974664335,-3.1575956458125223,-2.7425735054984823,-3.2154107572250905,-3.4564216195816115,-3.154512123207622,-3.197293815673868,-2.2291156229969222,-3.181771791553276,-2.3821735731041556,-3.0944598132360834,-2.356769553430731,-1.1741443331392118,0.48282285885022347,1.2424792488371905,-1.7949606518775179,-4.316250076714225,-3.8762293783152684,0.34552123496773934,-2.2897813550525687,-2.8374068399115,0.9426105524360249,-0.6974991451426426,-0.6985966976976951,-2.444521139626526,0.21177010234019822,-1.0343788025839014,-0.49298787863612165,-1.531673223189613,-0.9984376611579575,-0.3280671768130935
-2.5101170985290637,-3.6138748316055276,-3.1037119876120904,-2.901172540263116,-2.7174326204156567,-2.2943318068995726,-2.6733824210897708,-3.2242248742202038,-3.239418631371809,-2.8928994349131396,-2.9830874215864736,-3.280593117591866,-2.7930408541787823,-3.653691616639995,-2.5485424770581435,-0.9304931119727639,0.05067984424972328,0.17029234892313003,-3.5095028534228847,-3.8822897834792185,0.23370011265312718,-2.770441152188577,-0.4886573487900029,-2.0683928294326916,0.9468057236162001,-1.305126883475742,0.16283522642578463,-1.353617490677627,-1.3385180470990485,-0.3104897684270929,0.086390035208402,-1.5224863339092778,-0.909184328863914,-0.7115007927570907
-2.5349596081692356,-3.393280836670348,-3.015774298803228,-2.880268048702396,-2.5519674538813875,-2.2778651428096928,-2.165807038619619,-3.3596194777880966,-3.1626916928744833,-2.9284273840426995,-3.1316766525419917,-3.368364030443205,-4.277576216247507,-3.7268751683879033,-2.078620030924509,-1.200964060372622,-1.124283904952349,-0.8573472392193102,-1.9433217521754877,-2.6601965316486127,-2.4837399573172974,-0.9835806253263932,-0.6361637684075292,-2.152807585790952,-1.626228549490288,0.6508186736986811,-1.8715011880577543,0.6221528915104986,-0.8813233199049239,-1.5084900954663483,-0.4651439083620201,-0.7191210092586606,-0.6861431506591438,-0.07908928933347507
-0.8298908761528656,-2.7247581395398686,-1.5537750573206486,-3.2273416304083913,-2.444328051945062,-1.897292159254821,-2.2179624753384735,-2.8223475253584978,-3.199649383128725,-3.419248751094204,-3.396300970933771,-4.71071466585635,-4.462370100517265,-3.5878264786408742,-1.5838305879651682,-2.561573483726726,-0.17897269792787182,-1.2900550643544584,-4.308240702287929,-1.0850336467570818,-4.889718554710323,-1.7204175612648864,-3.715977813823867,-1.1035140323700166,-0.6892903603554299,-2.2955436927156505,-1.2557787280409762,-0.8671910683951823,-0.7308240667400306,0.07204580168436693,-0.5953350353231343,0.15011597832821907,0.07597253892537685,-0.03596817099594645
0.7374264393555675,-0.9223059432014246,-2.0797990180115122,-2.4935294310022598,-1.5215157142902491,-1.8962581163742782,-3.079907554141655,-2.758756682150015,-2.878099136218223,-3.7276302476242056,-4.326937070111325,-5.055158200860435,-4.382552413022813,-3.5051808610981405,0.17853092319558506,-3.2305824008007957,-1.3042351332063777,-1.5377974762683584,-1.4358228220380236,-2.612617753201596,-4.590349314659631,-4.060167868471386,-0.21959405375064292,-2.284809865331166,-1.1797040479762568,-1.2208581019078162,-1.3911521152599584,-0.9860833162411309,-0.48789565831743037,-0.8624429907144028,-0.7263872006164591,-0.22566080750272693,0.6940386668489776,0.39346075611528825
2.9441377770385166,0.4283492462907635,-0.5949472959628315,-1.9247638960641453,-0.717420936761371,-2.2214969585757234,-3.7881644067277453,-3.602401237296378,-3.4803533112719856,-4.5971593051824025,-5.3233406029472095,-5.121150074873314,-3.547544742897226,-1.4159397651784318,0.4260941045646207,-0.7880797627708572,-0.42698012235003335,-0.18236304272801565,-3.453049203574092,-2.080590068821576,0.24013069324638267,-2.664213001890908,-1.098107976903417,-0.3918910204299592,-1.015640631105508,-0.9077443651570845,-1.0414807913885955,-1.2513106388207493,-1.0691473760751258,-0.7475435693344196,0.12111866160266878,-0.7600653148186506,-0.32268219036605,0.18467572864497728
3.011649996244742,2.1780454555561732,-0.7736443786142284,-1.47969590754071,-1.0716925130599946,-2.016543497346641,-4.254905763957299,-4.775501376972611,-4.912142154915529,-5.675073518529114,-5.55681116065325,-3.6881310122652806,-1.917077381178517,-0.058173156580171706,-0.6924274025249458,1.5378994255594232,0.0608666303783286,-1.828312591289174,-4.189280917957132,-1.88355545801791,0.12318920647424177,-0.7759459288701795,-1.1978128863692923,-1.1162929736882037,-0.7791320593782277,-1.3078306579553147,-0.6852483089349365,-1.0910404259025883,-0.5006906798491721,-0.7440016281809082,-1.1507346341794058,-0.4398920579330946,-0.8372026797022367,1.1626463494479768
3.2743463542430398,2.299733419409544,-0.6658304178971866,-0.7226834270921465,-1.0405491009376526,-2.1702698244976104,-4.464659176673952,-5.1410313121424664,-5.210565752357121,-5.422979267423491,-5.168198131539228,0.8984317272412552,-0.13505085803360242,-1.5695355639936175,-0.10294437469485464,0.5436746082487331,-1.0702877254103427,-1.342108772853005,-1.2483961673776196,-1.0949218345520764,-1.7657707494601507,-0.8728101986690682,-1.1586371856296356,-2.0104911040788314,-1.131463285835232,-1.4316378753453074,-1.3053701676936378,-0.8685411749785072,-1.1415418191750415,-0.9960725758389218,-0.6776213734541822,-0.6125799964622919,0.13894007497483318,1.3106476301293897
2.742907803471459,2.7980315582412625,1.1074165631179134,0.2842089279416377,-0.4656716542008127,-1.28871740111886,-3.4445370013948087,-4.536358957283977,-5.649717097330719,-0.6673706259055918,0.5081808064152513,-2.5790855675537356,-2.2656294954550718,-1.2285935229081721,-0.9033468330231186,-0.2002586371499854,-0.16577099279305457,-0.3631404666757974,0.04912302294994344,-2.5511182267551877,-1.9862786858847588,-1.2048844207299494,-0.08882129826557647,-1.3203295737010978,-0.6336761032307966,-0.9576232073052489,-0.9045510870344586,-0.7620093079068375,-0.6306476917433611,-1.2966346968732159,-0.7662436721973067,0.1593301878738489,0.03246993697862153,0.7681957136410349
3.4237312285994386,1.3319399002951529,0.7247264719412166,0.6361047878501791,0.030803018397063984,0.35829663027691133,-1.5291747422318194,-1.9897286885042647,-0.9546789088360681,-0.04825129329088003,-0.41320563731264004,-0.019473078824203037,-3.1649953699748887,-0.6421050356762606,0.010898462135236743,-0.39737939206988787,-0.09453561316386314,-1.9913795049444363,-2.5791607072623695,-1.4702972083318242,-1.4424589040437423,-0.8938734007366907,-1.1546465327446478,-0.4219665540995189,-0.37498018618094314,-0.18701173822755213,-0.36873242745227075,-0.848059755228404,-1.001472864559556,-0.9206290617982568,0.2099260164142354,-0.08671729635174025,-0.5317855357323844,0.3626071930510102
4.02915959708456,1.2349094888350147,1.7188378938260116,0.26671385559630856,0.11437381699134538,0.1744569866434904,0.4145738496608421,0.9099747786668162,-1.6485007919933554,2.195041471789778,-3.8764086783872678,1.4211945526922285,0.9628850134575475,-1.4757568971071628,-1.3803266701427086,-1.924804375839849,0.446956185876114,0.22233497371381122,-2.938048352197484,-0.6413684252071602,0.16776267531027764,-0.9969444160205772,1.087086759110685,-1.3426871040201895,0.024305744429313894,-0.6463460107833922,-1.1280201846341522,-1.2806633519626438,-0.7472342067470058,-1.4364937131495668,-0.10202766029493061,-0.539861777820313,-0.8650762603582877,0.14755305518790304
4.420244773216974,2.298008974211946,1.0893201577171896,0.3511629176184608,-0.11813084387518173,0.23313793135145056,-1.1805797386944972,-0.36433480601462553,0.7107820523613234,-6.806048176040809,0.07957781010901965,-2.6810292935354325,-1.926792492275333,-1.1845248718433543,-1.1939598625678578,-0.9742372509278971,0.4868987219940823,0.8159558789823518,0.3643480841572791,-0.5916797737580393,0.5046315756376656,0.42379425322022857,-0.5371937999641502,0.3845900494144322,-0.25107791403125973,-1.1984016938683946,-0.397631434668137,-0.6124356709752099,0.10854169358234575,-0.16890216565997854,-0.8286190717342834,-0.08581398812374266,-0.33408220664577587,0.027174462663213297
4.583460145761998,3.540314296058842,2.210896985982271,0.2912363930030088,-0.5763441956226883,0.5016900980175326,1.6909789385074017,0.6162591057459723,-2.5676108953263435,-2.0390493567985595,-5.412931788180399,-2.622432638113882,-2.426587970723603,-4.4928689917827835,0.5881040126804643,-0.3727067147770948,-0.7780474258348592,-0.2747021205562309,-0.7025452732945252,-1.040700001943955,-0.014427418010089042,0.5059507388853296,0.4673480972050772,-1.0221890616225033,-0.37885302599849113,-1.401480014122171,-1.220860792375199,-1.433780343651979,-0.19244739651713574,-0.02175835874080686,0.006659262153145074,0.5804547941414967,0.2162349643570019,0.391859703226251
4.4817385641733205,3.9213055148337808,3.3529262088108975,1.6769365792813773,-2.0143437338058905,-0.9431601404643101,-0.8269134658369218,-0.8129462398464296,-2.349789227995911,-3.1614467485289053,-5.7515902471421425,-3.5030632509045088,0.02073989203639396,0.22514823853834887,-0.48343545275656646,-0.8083023465902693,-0.5265332981413144,-1.1678331573268903,-0.12315312515417928,-0.41441135058674977,-1.2073005516466002,-0.18334924896783783,-0.36816170724920844,0.45744787918230795,-0.7081927405123832,0.6701209689754218,-0.04774016109931727,0.3167736683161807,-0.11214381963935817,-0.34821919060554213,0.0975539492313353,-0.052513213608885674,0.29877539349290816,0.7952186103697685
4.099866168134376,4.6903152785636495,4.002858099714186,3.1353888469387208,2.9763027116766616,-0.08935450994224105,-1.1558197101813574,-0.0017122574373322275,-1.4567519906546058,0.1748435356884945,1.16038838132846,-2.249246988722085,-0.8668703082169557,-0.6323748580711429,-0.498107676869919,0.29708684425729825,-0.4903056722887071,-0.8695127496149202,0.08362499408501449,-1.0228096255042465,-0.44441035731464096,-1.121051435035188,0.2310828846065151,0.3481407628488353,-0.9488967587699645,-1.244514415723294,-1.1202156051532406,-0.6998925750784868,0.5584498532997888,-0.47549860810157335,-0.887092511390627,-0.6426824477593298,0.2729033649428733,0.16290748227444676
4.70116278783105,4.965241528440918,4.854990607946789,3.8782685851842893,1.4091387539366336,0.29292722892897755,-1.4180440039100273,0.27432988064875574,-0.34150609670658505,-1.3627165770971779,-1.3925450776820776,-4.3723651690644125,-0.15963666662877682,-0.30517635555926315,-1.401784090411083,-0.21393616151265618,-0.34236138142491435,-1.0798900502794744,-0.47644131237345566,-0.557202720147775,0.11657123920394127,-0.7377349458838395,-0.000775882528974462,0.2053038895681079,-0.20795356937080345,-1.0562617254903004,0.11115303003711494,-0.7316223648845877,-0.46645424889294645,-0.5702336866536046,-0.9147236993344413,-0.9032231421061888,-0.3234275056560331,-1.017866145035379
4.970629392421278,5.114778465445109,5.1238504654123505,4.061437326496449,1.662096440408072,-0.2332981406596209,-2.1037236616093806,0.36674215620783035,0.3242988554367479,0.7394418745331068,-2.656242690873268,-0.4880803544009739,-0.46257103625549784,-0.9466780105834144,-1.3468679926949654,-2.029366852899578,-0.7215414376256202,-0.4009384514337217,-1.3024107295105414,-0.09987786486696446,0.25884618837637646,-0.10825610392119724,-0.9230731464134333,-1.019296471735776,-0.9563223763649464,-1.0758137351890138,-0.3451531080762383,-0.12633478262100484,-0.5341357531479188,-0.6314050957369354,-0.4698461130735703,-0.4687289456763857,-0.40397327530639077,-1.4731708655625344
4.892442059163341,5.181574646080851,5.7542607693307435,3.851003590803798,1.8602445043623967,1.2469815982577295,0.347472117744727,-0.5406621146460473,-2.1418773414373997,-3.186328950367389,-2.2743657291343866,-2.269167607095862,-0.0894603388154963,-0.595449432297068,-0.22014490463694,-0.23805945489300961,-2.7112268620054585,0.1043185340619302,-0.6828781964694869,-1.094073785234395,-1.0574895643024174,-0.5638802495563842,-0.42816310628148374,-0.010585098783440022,-1.117238204375746,-1.3987004652625217,-1.6693998291883048,0.015678938538248314,-0.9305530293226862,-1.4535999321254494,-0.6854807215756993,-0.13246405884389292,-0.9026889693096461,-1.5606422034238698
4.535815406575827,5.190776797110682,5.980695016103326,5.25125696749948,2.186928128334072,0.6457872023842162,1.0536958232991693,0.3179425856665556,0.05554230517041836,-1.3529618737688924,-2.131914701756853,-1.1868763950907384,-0.6013903732796837,-0.48107359185309434,-0.4429502267899927,-0.4566636431083241,-0.8116932239928458,-0.06692116309028001,0.5903590050992588,0.2426295337786081,0.044400627491272736,-0.19649221526994648,-1.3012547756599544,-1.6968244675011015,-1.0681817558205133,-0.11268167438817188,-1.399995762195164,-0.11217368795389783,-1.2972460054852495,-1.0725188684934874,-0.8672647081449153,-0.6043687384712454,-1.50437730341222,-1.8322428646708209
4.6390366779361445,5.654371679710288,5.87294896164885,4.6819966338125045,1.592109808804479,1.710518899464396,-0.24679459192345493,-1.4576591183419187,-1.134134156907815,-1.9154051471046991,-2.4191613459311214,-2.7893499887642004,-0.01321361406257716,-1.1599007460885158,-1.2929934024726426,-1.129357683361307,0.03797494299963476,-0.6713829752725358,0.0929358609188634,-0.2940022115229362,0.45468994917518973,-1.1969542886336033,-1.2927646229218825,-0.9284222592547965,-0.5425277097031089,-0.09319841589009191,-0.5508037469040422,-1.482023280289337,-1.64289571258466,-1.2121143945713762,-0.9884642424666181,-0.4555890742292669,-1.7523465592018115,-0.8360195582249014
5.075280471304008,5.282839734274239,5.887988099582638,4.642836364023136,2.9047781933375227,1.533074199069659,-0.011640951766809574,1.5623617606914149,-2.4428883460158395,-1.0597497684940103,-2.141023810084019,-3.2355342688403845,-1.1205856322031742,-0.7791843559005861,0.2272318509593266,-1.063904453518436,-0.6673561371540556,-0.30258606673479294,0.7294497307042908,-0.40507359192846865,0.924671146661872,0.19232732271300865,-1.3375465239778295,0.07792318238130799,-0.3192487035454852,-0.45542485422734513,-0.5811986139099088,-1.0513296347239793,-1.271968466855674,-1.5434532025868104,-1.3102741613446935,-0.62699898967861,-0.9998877435493659,-1.0384740858378203
4.98451453474777,4.612409760671155,5.3671549612269285,4.731504230289382,2.301310430769883,3.319042411136278,1.2342639747843325,0.22073454508697612,-2.022182511510294,-1.5026026415612979,-1.4267610243435753,-2.409657063229305,0.5012089736369757,-1.848366963041626,-2.1289121771913933,-1.2971359273824477,-1.2627701685475747,-1.106509367065027,0.7687963569952471,-0.46704360129842876,0.05461082920831214,-1.2708203767624648,-0.9086023479825408,-0.8351201538501318,-0.6977647527956451,0.011444256642880282,-0.4377923892036599,-1.3718931160451966,-1.39189663817162,-1.4904619868791997,-1.1573688898009817,-0.6964739536792842,-0.29984066406054505,-1.0087165671042313
4.924788206735498,5.605611461167569,5.14294487677962,4.705681598809258,3.1900769438182714,1.8100451346382702,-0.1340075874683786,1.6156524294286596,-2.2785720757811334,-4.895449392103227,-0.5713404460246219,-1.6208182635124206,-0.5967892590748411,-0.3100989936210604,-0.6257681301594973,-3.86266087634068,-1.6073784243544424,-0.9722370489965715,0.04105181493971484,0.5830569725111008,-0.8238594932209625,-1.2279507027717056,-1.3817965098038114,-1.4239256689854616,-0.6358085173679283,-1.1231774867044833,-0.7874655749923956,-1.5686963970125345,-1.3503616609037,-1.9099324494480687,-0.6940067134372793,-1.0432652859176037,-0.4044543953651323,-0.33587534712195133
4.752354529909189,5.720912993791107,5.411695924743554,4.794525628658553,3.648622201881911,3.5784968949565847,0.8444527519687768,0.9872907839294072,-3.696681278085498,-0.3042959252349217,0.03678692384824309,0.873914169066347,0.08322097000693791,-0.7466022367687689,-1.0310630566112526,-1.4553609816323194,-0.8487246077925228,-1.4612484751295756,-0.5482461821628686,0.6152441227929906,0.27596594419505005,-1.7693095915212222,-2.099556025152247,-1.1061053651364918,0.038411517075745055,-0.9231237008921057,-1.4028783303070993,-1.1397469402447469,-0.9762297577079072,-1.1506762729118503,-0.5074521574616726,0.028625499850822394,1.3774242794152982,0.48540778472394785
