script/wind10m.json
{"header": {"parameterCategory": 2, "parameterNumber": 2, "lo1": 6.000027932988019, "la1": 58.9999434238085, "dx": 0.5, "dy": 0.25, "nx": 22, "ny": 24, "refTime": "2024-06-23T12:00:00.000Z"}, "data":
[rows 0 to 23 of 24, columns 0 to 21 of 22]
3.2137308355560554,5.1685556779308754,6.066586877123721,2.0234790256623807,2.184589092404466,1.2299786041790712,0.8286605424237142,-0.3546747546402805,1.4501147598203576,2.825270419625383,2.7917077250494176,1.51301141020356,1.5498782899985537,1.9750841294746997,2.469076065817741,2.11961495561434,2.869250014990793,1.6416317207513507,0.49662475183328825,-0.037725906932170254,0.3022616934397514,-0.410000026793803
3.3971811931421807,3.4150414751807756,3.4021609469959766,1.1551945475583054,2.9221701746121287,0.8645436822178537,-0.36166848435234394,0.8575608561761775,1.3195826503556218,2.673848242716947,3.828393207030475,1.7947431848056283,1.4784579869713297,1.818366235081202,3.4664488313334583,2.6556023770397563,1.983210854440739,2.009457846321761,1.3643519664658892,0.39251011016486587,0.3010589751892508,1.0153834292070978
2.396676952339159,2.233891029112818,2.1680407804271753,2.5942965074094633,2.2765572648922796,1.97741230972007,4.113481206185495,3.6139343691842147,3.1766270016489404,2.882383107879979,4.533502796611012,2.5142755375205335,2.1983194369130135,3.5774132132591103,3.7217811888338783,1.5912934539149488,1.593614194462279,2.5285147599978095,3.44623875367672,1.1470032374322165,0.4854018439682558,1.07170453216437
4.0196125063514865,1.7821991246211801,2.8689994187264523,2.333771293623785,2.723109163886894,6.433186365012023,8.124238326593826,7.030742122534452,4.822287884845757,4.538329492256989,4.686609991115813,3.725748555562511,2.5698885986947286,1.9634481263540113,3.9505780327669187,1.149117921984568,2.443913778546813,2.10072065371338,1.6422251266568726,1.671794760435796,1.159565563327198,0.5409890281863278
5.154681509025999,4.171470756249651,3.5577511956691685,4.734315307271664,9.74338653337223,10.174765929606096,9.049583824617521,8.105231249448384,6.564386224369145,5.91218313468463,6.863496712120939,4.877971364167361,2.7803924242337565,1.9711713235398103,1.8860692229010563,1.9870506456888541,1.7085408136132327,1.6822024002774683,1.3271582440047622,0.9949574951182525,1.10608590955668,0.6817095832582614
4.830510461163634,5.4618776065588,5.3942766135095805,5.405847263299558,7.5171595754478115,9.093759074807076,8.8455774751065,7.994200690922334,7.526856524377342,7.496326183881355,5.78167083740909,7.016467461977638,3.571023658455115,2.5313774355628804,1.730333687144015,1.546277594658455,1.900364178718868,1.3002841892538244,1.2010526425297623,1.043263585786427,1.311648549309087,1.088789120851099
5.253609929823779,5.463313075355965,4.911226851091314,5.353207274778355,7.07067272858543,7.400773534285599,7.298230734906341,7.981321075791214,4.40656009148955,5.601413337881978,3.3326952466078312,6.285086255863104,3.2964887727836545,2.7121430891076903,2.1713461044429487,2.3117309811009497,2.1840490544828843,1.8341885146216856,1.3241364561312168,1.2034854880958372,1.1484793729921534,1.2605507330827106
5.966643314020984,4.622672151684629,4.421391346171985,5.552856806456269,6.380065337876277,6.8909089900712654,8.243338016147263,7.220222811219703,4.288712272655892,4.180988877012722,3.1808543380292384,4.5873445610458345,6.04687467644395,2.589820854476764,2.17125324150021,2.3187748542351745,2.5382643560597944,2.5591083117965634,1.0819969968114334,1.338079062739806,1.1293594088692482,1.1209586189592835
5.544342947562111,4.3341060544327,4.6067194286441415,5.524103821368471,5.903319744740601,3.417685428413047,6.027549524664806,4.436817741478739,3.633385032111932,4.368946540768417,4.316653469522394,7.599649262308108,6.1886938157534175,3.025597843682711,1.8292066593223986,2.4805357271943467,3.0221550519200857,2.5739396712100424,1.352351486924169,0.9571182435861231,1.2650745175162663,2.457527113197695
5.45941677292345,4.289391347316303,4.429526033205565,5.447766141992116,5.962753628110547,5.147237402443421,4.462043613995599,4.018698539136334,4.597381215064662,2.6741807885106756,3.2036190981598556,7.673072788075915,8.334506851097181,7.81444939699389,2.5877574329368938,2.3501256643977144,3.1844630644708047,2.713099292289589,2.1480479097914147,1.8310807400743732,1.8182613538097707,1.6918729418023468
5.576771522974955,5.394159275670053,4.824530899081006,5.3673807619639895,6.107702429660736,4.004704029919246,3.5238535659335946,3.860372269168357,4.420255626933393,2.9851396200019953,3.8872058724924723,5.993203830467141,8.156473709082917,9.054298948825831,6.089843357942232,2.742773381118877,2.213157709665176,2.7404681143488023,2.587217582419597,1.299752548807036,1.6970169787783325,2.089722060290985
5.669329031678562,5.141719586954746,5.2882779372766215,4.782762648622394,5.70078529671362,3.340042203876617,4.014087392862777,3.7148222711055423,3.825137103392568,3.723875064156475,4.808323091627426,3.5215527214425655,7.217090973897439,5.894870208753198,4.168738468933547,3.4547359464112177,2.653055846296245,2.4183708789315013,2.7179724943975088,1.9166415999913347,2.4440834504815,2.5156452484663823
4.710622958046113,5.061857360231814,4.914226236100618,4.392815445515551,5.386246748538682,4.202894397928993,3.670577746421666,2.9786243549192983,4.463419295566879,2.57555525979772,4.550397641409312,6.109805592633532,3.8713099533905244,3.2810209456831414,4.499214460530747,3.403573418261605,3.141399737612102,6.019504039544803,5.0044922885596055,9.366147492747231,8.882655465010245,7.739656375176522
3.4479172959813384,4.149717133005613,4.310814440061107,4.665986839191205,4.2808415928253245,4.082386578658485,3.829028814631269,2.7673156703379234,4.156987475392417,6.440755406004006,2.353862025075464,3.873450766226727,3.775197822992919,3.565350233586233,5.258123449308538,4.359366286490688,3.3830573001907926,5.895871482906121,9.667978344599003,9.489821991289288,8.532559835131902,10.07385130075327
3.5049535196197725,3.7889003809414796,3.688725494629119,4.27875115306901,4.110820040103061,4.608569765047316,3.7624191083601883,3.371165945454936,3.5804051856705326,5.150276738893403,2.8234139831584026,3.6219544831826735,2.7375883566052,5.662869697792842,4.560152076511168,4.694401099825032,4.934054917510409,7.364868721210947,8.935782071510653,9.948153503956568,10.096546842335187,10.245225655918329
4.268380721104972,4.049740936332911,3.8578828078647884,3.79219159401524,4.008839986440903,5.2739411877523645,3.798303182481509,4.00953285633819,4.233381108116029,4.124851831880614,-1.7194448097366093,3.1636277995985105,3.488815382728581,2.475190959378639,6.607211374371589,9.864247501603629,9.771700259811801,9.357708513070243,10.377430826671644,11.425658239454288,11.942853922769839,11.52024906021863
4.46870265906483,3.9310407723625467,5.325177815758518,4.5221857441173015,4.310272132467978,4.8539936364870115,3.7083032441580235,3.2471762199416845,5.108212079623334,5.0202949519811595,4.930558887736203,2.3985719877187917,3.9726236271524806,2.9705492555310187,5.245241790238523,8.101904075940512,9.367500585089285,10.575383392420662,6.655174880443242,9.781220967953331,11.545187961601052,11.987792205379614
4.644755580848799,4.2172526334132066,5.321075305192887,5.0627711661072246,4.755556305157891,4.274936076632992,2.930565264818595,3.3149048070987166,5.5969692778270925,2.7609532404450587,4.257333197499905,4.550307628565569,3.4606582618766017,6.2460771680314195,7.211648742779795,8.066655532428056,8.979509149165494,9.740775092937296,10.734052666425372,11.989672632432127,11.997763000602626,11.864328253221297
3.943013067659554,4.668342949685189,4.809708953351419,5.346012640740157,5.030014924059742,4.957682085575536,3.954420284979887,3.296950538793506,6.344887476166664,1.9269028572792153,4.0119795073337885,7.131257043041109,8.637760450397794,9.02756941074131,9.304748508108279,5.816124577353121,7.7167335864127935,9.339774856117302,10.653097520776889,11.458091500699032,11.811305703457265,7.445697666249555
3.8056838879103614,3.3666397444031415,4.2151540290951015,5.430937496490587,5.130415957534018,5.214265831241652,4.295271980808732,3.54688512063765,4.269862362502938,4.2451211855824,2.891565989722081,6.253986096484591,7.286757159788323,5.229755888434537,3.831237882753132,6.410587171911194,4.43967525602858,5.966833706438145,9.154039004513255,9.807664021309927,8.634480084349281,5.736261287884259
2.751594161597918,2.4199787801800507,3.233845887028105,4.763243434965083,5.006400200394319,4.631158977992309,3.612900821131186,4.312520800198474,3.4576310023130516,3.9596795069765633,4.446526450352057,2.8804120968027487,4.116758265548895,4.769616041064881,4.204717016027823,4.411111126618813,5.726063581178301,8.529364706346547,3.4247302400550317,5.514950924571945,4.979145383451406,3.653868603264854
1.4976425590572828,1.9628263854935626,2.589987205154182,3.4944444525819995,3.147374054189951,3.3399895176298666,2.4806756260321707,3.6939601191370817,3.950505921971906,4.254567057551588,4.409600594638827,4.416562481850904,4.259488685691229,3.97521371286846,4.339849754394072,4.003305419785424,4.194956210137492,7.580708103006936,3.8807480814520443,3.885304442444685,4.376199472247605,3.395789065817533
0.5360803640388907,1.1673111096265527,1.4253268663510843,2.345559403347075,1.6186674570789987,0.5202216853321381,2.2544807525774506,2.315978851604538,4.038891644392784,3.3656851208943617,3.6204743064692098,3.9684927998456208,4.614775893334468,2.7229063668692235,4.487894516313552,4.192510025928359,3.5621777450629026,2.6297905469334903,4.7787931944634705,3.581025836219667,3.2325068006068074,3.159422531181741
2.853598571863418,2.400416539613584,1.0733921322379631,2.6490848054271248,1.8677576383860461,1.9648945379130662,2.339342517165257,2.599294547438637,2.5590572868947925,2.7589905173617693,2.339571125274743,3.3485892215631288,4.031460287794502,2.661644180791224,2.9035330782817863,3.62337573815497,4.369929553070208,3.1896048490035676,4.471947847676578,3.7127563006539623,3.058221067394597,4.643563112611163
