script/wind450m.json
{"header": {"parameterCategory": 2, "parameterNumber": 2, "lo1": 3.000054539987559, "la1": 64.9999836372058, "dx": 0.5, "dy": 0.25, "nx": 34, "ny": 52, "refTime": "2025-12-06T06:00:00.000Z"}, "data":
[rows 0 to 23 of 52, columns 0 to 33 of 34]
-4.747012056501824,-5.652201740498112,-4.859259975949933,-5.251925117801119,-5.26712464917856,-4.627814364494507,-4.726077322741691,-5.481577697927196,-5.622804278296305,-6.112391455190789,-6.237504808375067,-6.06442913273656,-5.141526365165166,-5.5823794366112365,-6.714001327582174,-4.726261158811459,-5.457270760140449,-7.9371937920107225,-7.723376818967433,-4.080604182207812,-6.675339068866742,-5.5587840772318104,-7.510266397604397,-6.019425752545423,-5.080036915094539,-6.458276998119514,-4.583821856278111,-3.926899705454168,-7.078786273350301,-7.146044571783536,-6.11145743907962,-5.478229965775504,-4.7828805488601684,-6.358955081675703
-2.6101711592361987,-3.398526155741848,-3.0950760123958827,-3.074788634778824,-3.600134255067871,-4.0174746027354304,-4.271338038784838,-5.079466498705097,-5.629123470505818,-6.008194662110853,-5.859980332463887,-5.362562970397055,-5.177207010474422,-5.423245825149056,-5.514143825746482,-5.639158669318567,-7.307076524177875,-6.792936862380971,-7.568828996918338,-6.663400817158498,-8.041428441967284,-7.048217556289527,-5.196912993940222,-6.9521124076857514,-6.0204984565969495,-5.004771936452749,-6.423926227138635,-5.932301756273692,-4.704695483664786,-6.267401548534947,-6.470011571661502,-6.99524187086468,-7.802409178280412,-6.625766515929802
-3.2305606816485843,-2.146582364484557,-1.8560146118005583,-2.286806428948578,-2.8721393266051765,-3.614430441405468,-2.9275816018684204,-4.487605395278412,-5.157864722611424,-5.25910849453993,-6.545246176918432,-5.1389694267034285,-4.811037312400477,-4.94222300875488,-3.867915237898166,-4.612512303121691,-6.975838623250965,-7.1329818248469214,-8.269449736334801,-7.053768877910539,-7.571263350272975,-5.682913250634734,-8.10159229191826,-5.361942860297989,-4.7922547321528395,-5.82880477833015,-6.247494874411854,-6.68304630127708,-7.96505046641546,-6.598037469032363,-6.732307501619549,-7.745128894248966,-9.54529738788,-8.328589691523442
-4.977694155839619,-3.9382844677029487,-2.727890354554233,-2.8978662840228693,-3.5227754609884463,-3.0800862912054043,-3.6498453682246774,-4.629711505029852,-5.610467903792066,-4.508247844567296,-5.30273022491203,-5.039801618813884,-4.850060004095401,-3.527769972653353,-3.116453637799834,-6.727161490475911,-5.5974815279499905,-5.080667872379772,-6.198461695640942,-7.598106071741721,-4.739350220281408,-7.009736690193394,-5.574123265967527,-5.372710250218551,-5.706268178700644,-6.6926160040380545,-6.65076847461552,-6.973388305039123,-8.14308481014797,-9.59522787028261,-8.933784141711344,-10.015074521136325,-10.58605663427451,-10.801933515955078
-7.147287555350663,-6.510486053498196,-5.645454087187371,-5.253215905252185,-4.314760051551248,-3.98342514896093,-4.549272476669924,-6.000958526170308,-6.638004873485164,-4.929827925154522,-2.2070168496002927,-3.4078394136609957,-4.784967833447104,-6.527178347875212,-6.016073979597519,-5.105923860738428,-4.066577082339029,-7.278868265844862,-8.26277130651344,-9.454443596815652,-4.549821376463488,-6.155587039207834,-5.402636116074187,-4.054660795754232,-3.130956727523962,-4.780705843790017,-5.851291030800407,-5.872549868872496,-8.121490577099689,-10.848200577500895,-10.898382334887945,-9.992941040057334,-12.462884656580764,-12.952690031657355
-8.525058576234018,-8.507183058273746,-6.863715615881475,-5.6615054820970165,-5.49365326842612,-5.693556365705833,-6.339976102522587,-6.697354736811263,-6.16785306566966,-2.8890977692856765,-3.511454976596105,-2.766962098424033,-3.8533072581255157,-6.693365651131125,-6.193582004208314,-5.485859607487214,-4.058455688622847,-6.959844035015253,-7.472159329812235,-8.331024416464775,-9.1532351021357,-7.394052871556675,-5.392462304435962,-4.921266228557436,-6.0060317863675285,-9.181630840956986,-9.265468369504829,-9.97129447208252,-10.335342883670538,-10.90448704295103,-12.41212083436689,-11.89272666507465,-12.987969279124755,-12.557225951391267
-4.78595384166445,-5.089922601818706,-5.885407849077429,-6.983591899129627,-6.884909818790659,-5.8520003689378015,-4.299516585662376,-4.615266096586077,-4.7555182576370765,-2.1123034069387563,-1.1841532397484968,-2.5508314000960013,-2.7676633497906344,-4.827857618106443,-6.05829236687615,-5.206041035266777,-4.9584016672058535,-7.239126724389107,-7.621263208132944,-6.41533393561322,-7.774946957117177,-6.62985616691027,-4.831306168080318,-6.092001608661334,-7.081896285581973,-9.44242072889557,-10.89436748012023,-10.029824163166687,-11.845939289198462,-12.944140551993156,-13.20564626877473,-13.115137673257728,-12.618739214639255,-12.207398206463235
-4.529075246556669,-4.774067914882002,-5.150544180060071,-5.659687087600176,-6.2422616762271845,-6.594066923415181,-5.634888683082157,-2.3979592452228795,-0.4556423277620345,-3.4841564578662267,-2.6794221671827847,-2.98207303408859,-0.20599062557832648,-3.130140923935049,-4.063648885559315,-4.207398858688184,-5.664608036284989,-4.728090104029467,-5.447448055076368,-4.925974046156222,-5.1478077371695425,-5.656942527320236,-4.664277556788318,-7.585657662432168,-9.127518846577752,-9.952907686523924,-10.576576931928383,-10.769936937887678,-12.342400781384605,-11.739534845683854,-11.282045985376215,-11.259261953603659,-10.538530649491904,-10.480009164449474
-5.516708407409228,-5.295007603459972,-6.025761001974423,-4.773649661628152,-6.10940860067578,-5.104094146750783,-4.482049251126198,-2.4360398246085175,-5.201846223071966,0.10752547491478028,-2.8835105884262515,-1.1617335814895158,-2.3667357078026647,-3.4650700739559634,-4.075910539289253,-4.576770755620581,-6.514088503110547,-6.121547524213804,-7.298148127442091,-6.7864271522617,-7.603642689196026,-6.459479363663851,-6.533867576163141,-8.180769762783212,-10.271654144705426,-10.801274204638782,-10.879287329319453,-9.703687882322964,-10.140400765082806,-10.252941527319079,-10.32678994201065,-8.930561811601393,-8.848647241480421,-8.613353388668386
-5.278248325309513,-5.625270042427101,-6.750429079084899,-6.854521485899529,-4.86561061987576,-3.606866548262071,-2.721594307289617,-3.9903290470536357,-4.977019856658015,-1.9280829354477056,-4.444813204082575,-2.6437223133381127,-2.2499620228070256,-0.2602838889920752,-3.463587992691748,-5.914676150009379,-5.126228513404136,-6.418168291746348,-7.7552582094053175,-7.444331129628594,-6.82812427209591,-8.223089571676534,-8.441183673391217,-9.924863529280117,-10.977424627323837,-10.67111020985921,-11.07992109390959,-10.265693367317748,-10.751558646170922,-10.056824691059678,-9.308814631608643,-7.55291264920145,-7.057682138308736,-6.765884033640093
-2.947386421861507,-2.8421630949297185,-3.614476215524589,-4.708540685244013,-4.542704433056906,-3.7691493493615016,-2.2906633197380684,-1.4538879999754155,-1.7729305077775124,-3.851073802623365,-8.044165243374778,-6.45854180667613,-4.520923626424221,-2.3753846083607453,-4.049360129106651,-5.255602172353811,-4.450749667781924,-5.490372380218295,-8.81106156692939,-8.727267570405871,-8.051962903146975,-8.123519827546023,-10.224705080848052,-9.684564970829818,-10.005141282916226,-10.881651658263694,-9.265679477732478,-9.267598270850955,-8.094125854901629,-8.980543035265107,-8.300921287283591,-8.325127869609698,-7.63008798213899,-7.35881584646349
-2.8527090782126723,-3.920965107674619,-2.1435206254139607,-4.152777513999508,-1.5856027919576656,-2.8670087191836533,-2.8672916575859575,-4.110165093250757,-1.0173731485774358,-1.1252256806401522,-8.309953899295547,-6.407287365049954,-6.0225720164058085,-4.438315389712569,-5.090265045700203,-4.792450253673742,-5.757507184724525,-8.628317319988838,-9.050219252730795,-9.892999718912293,-10.375705013708783,-9.600070590429553,-8.289863918557971,-10.398818534453412,-9.131142743927148,-7.7299801111427975,-8.929114781435727,-8.700692788931393,-9.081163465114175,-7.692593094824805,-7.665953260058371,-6.481362257883136,-7.588545954185401,-7.5653511152999
-6.05240545051655,-3.490349748471443,-5.04781596666707,-4.449964155472696,-5.8679674132346085,-4.165484323492915,-3.704077719533908,-5.323165570406752,-5.889642322242956,-8.016083057664995,-7.401691114938068,-8.498088858793617,-4.770428730717113,-5.762191335828978,-4.664785096678337,-6.417339110568753,-7.297010914899551,-7.795906150536431,-8.678029553733241,-9.731816298520988,-9.599245664883881,-9.535628450184324,-9.260659856715183,-8.19481606615831,-8.236574739985922,-8.339466815410661,-8.452750810940378,-11.296424412804445,-8.442616076510383,-6.793518491029139,-7.0953069039432375,-7.853092693316468,-6.837649068464106,-6.761382859297623
-4.824918430485774,-5.286590089123922,-5.253126231473162,-7.709275886901311,-8.334141016668974,-7.227804725313221,-8.3453874405579,2.8061373656639677,-10.352764939793964,-4.710242042870623,-4.97454765691297,-9.23877450479537,-5.218280473830135,-5.32222011108602,-6.444581845541712,-7.5049741974884645,-8.201131435461278,-8.856156218771078,-10.06021111289972,-9.075148700389708,-10.093758037108874,-10.747868774954892,-9.679854167537664,-9.938664483876419,-9.137079455684468,-8.677599766164615,-8.45942237276211,-8.216960718206709,-6.653237977048039,-6.7888234582763065,-7.489689554193088,-6.803798282957617,-6.891037165586393,-6.0829997568527485
-6.74057883109176,-5.847046715770572,-6.963095508234449,-8.923124747422543,-10.707473404525542,-12.016756169259319,-7.686141725208214,-12.742043229279743,-7.198172434484615,-7.476225593207586,-7.63695391886288,-8.008600421973883,-6.979329301837451,-7.009439342377083,-8.30495155672659,-10.695921276668948,-7.144288064745356,-10.330110937669676,-9.95041281006664,-9.072636033647349,-9.288697518940502,-11.191827861721833,-10.862098830805886,-10.676522870702618,-9.978254668140057,-9.69478694664494,-8.79910287235051,-8.086978447002464,-6.133571379221165,-6.331004954849931,-5.665625948308735,-5.166005388311006,-5.303657623102556,-5.743168939260852
-7.529673686652386,-5.696013517634163,-5.2334549100445775,-9.269228445739722,-10.8160714152054,-11.979888737885634,-11.630240254529504,-3.87108360199907,-7.71291728276119,-9.028388554593194,-13.316847987444234,-10.374884049447914,-8.794229800234685,-9.1988585470663,-6.842929471574353,-10.62761052299229,-9.997400536455746,-10.597433652069798,-10.99087856676026,-10.63697439081445,-11.126143669986943,-9.746658441311002,-10.589786103093777,-8.370611150653723,-8.64297217238919,-9.486114870901279,-9.437945057772295,-7.401701406762963,-6.737200397462619,-6.068810595204568,-6.879072223993218,-7.648602965062875,-7.933934296273021,-7.4734366645875765
-9.910539008211183,-6.535841133647451,-7.103600822001223,-9.450083195284012,-12.625333918454404,-14.645228608216085,-15.746625752377307,-8.033279192163045,-3.9203064009122595,-14.95323888746354,-14.177502085439647,-10.83448543645552,-7.7856448771072575,-9.066831529670171,-8.60931239901886,-7.711058881548791,-10.840327481044392,-10.329982702392588,-11.414470858222778,-11.441684246332247,-10.958652011615863,-9.495375580612444,-9.890299713331613,-8.292759033424211,-10.106292557878879,-10.482961524613932,-10.370420552629252,-8.021531650710537,-7.433470142017046,-7.772838619979445,-8.653730832748412,-9.255343493869685,-9.384741643352598,-7.76180198107839
-11.95768526930735,-8.675661578039659,-5.062817275132084,-5.922552071134381,-11.661394076066452,-9.877241968419112,-14.37577991998031,-9.748517812013306,-17.9900223566122,-16.00286528790921,-10.956358521484546,-11.277236900425809,-10.672832840223684,-9.848463698020227,-9.427750362117157,-9.42059281174389,-9.778920470184856,-10.83156348302583,-12.3306747322743,-12.55143034240269,-12.370174946261322,-10.144599027080526,-10.246971756285568,-10.476992278258466,-9.42635227530662,-8.177838483923807,-9.571147471081687,-8.39857628984171,-7.967940175692466,-9.67188378703305,-9.731823096288611,-8.83487078212283,-8.496758001400934,-8.96642475021071
-14.71509298755898,-13.341677157692509,-8.183339738763939,-1.7281904887237138,-3.632053211473972,-10.145449652627134,-13.775017892207439,-11.665511134059823,-15.921562796733609,-16.264270295428133,-12.659029507116312,-10.641634206024532,-10.306729820789545,-10.383012754027314,-5.935888082081427,-10.384045693823413,-9.283737765131225,-11.214436156593639,-9.739272467805316,-12.338562808160757,-11.928072131722022,-11.846733394541383,-11.534671641993887,-10.337829194761122,-9.942252677215523,-9.258516512833104,-9.994682815822953,-8.184315098822202,-9.30960940637999,-8.83033765038624,-9.486390632916253,-8.353309297514755,-6.583137886329795,-8.021147846412704
-14.840984060959789,-13.489841681821334,-12.648550123192429,-12.338303006045598,-7.44254738610399,-11.995305127192685,-6.087985024166397,-11.596723242749041,-18.721009683977563,-16.322619031553547,-15.305467011905765,-12.320458551579963,-8.21581063013124,-9.251665713222085,-8.919225994564824,-9.659951537964403,-9.9703886650012,-11.289760480955206,-11.745435975747453,-11.85043462271012,-11.824640191697789,-11.528840013768795,-11.125355611622266,-10.38398920988448,-10.149767698226714,-10.279043805319109,-8.761185524581082,-8.597470558115866,-9.573191885464697,-9.031738217235974,-7.3106432022543775,-8.916628645275708,-9.397545934722851,-9.178620993104818
-13.780922987054636,-13.693927076772324,-13.797905315394026,-12.02785235155681,-10.004291363287289,-10.652216388302778,-16.938952849324007,-2.0413995842788553,-20.35770967023023,-15.429425663909695,-15.215714989105809,-11.665531849209653,-10.443245221645023,-7.7503208463249065,-5.510594406525138,-10.396682909962571,-10.541275537409065,-11.485697119962792,-10.890965752626709,-11.792025753588701,-10.108391529874622,-10.451206784002343,-11.131727737237535,-10.245283949492373,-9.857469033835299,-8.606532672673621,-8.501959577172755,-8.253777209369302,-7.874048204471542,-8.005731580609911,-8.506892305312524,-9.140177539703746,-9.37053518697221,-9.872182542268638
-17.233847349754782,-14.55113710548091,-13.050538239663274,-13.204948695273856,-13.759687090307061,-7.220471742810891,-17.28690552487695,-21.537913508779145,-18.8385331761152,-12.384577862088328,-9.19772935261397,-10.743341143735844,-6.867629601094517,-8.304583206716252,-9.24308948758006,-6.415920716008704,-10.948682039383575,-11.940387313690467,-10.075675779915835,-10.587339929904093,-9.316980655836712,-10.391778955585801,-9.706093286466107,-8.957288566643147,-8.224733225200703,-8.615443164198185,-8.307194661603958,-6.412756423365123,-8.112974564178907,-8.40709564011915,-8.456588969763695,-8.141338260140738,-7.654687970251012,-8.169941055723118
-17.049814144527122,-16.20419184803592,-14.888627205133686,-12.526037145607901,-13.514725101457536,-12.642918430674028,-17.514766404043723,-10.359897559268004,-17.078243333759268,-16.123276945171572,-8.419322733594408,-9.9459821087711,-9.038718761063423,-11.54591976677749,-10.049065012898541,-8.568415320056117,-11.14189252070878,-10.815653704564786,-10.880910221598908,-9.878746452182709,-9.086081006518658,-9.219397336258439,-9.697987848174733,-9.363734971032267,-8.931361140556055,-7.631029192939717,-7.272785002447393,-7.300791073245358,-7.102551651710108,-8.074672915712116,-7.7122619909114025,-6.978169766384729,-6.122965128510091,-6.712601347585335
-17.120082436912142,-16.887096428213322,-16.256920142414216,-14.486412045448914,-13.622084760684535,-12.944963545959098,-14.196493113735942,-18.9950879890401,-17.225875373155546,-13.640238184338038,-7.080199250597444,-7.8877639099394345,-9.733037858189833,-11.57974923908619,-9.442613320393408,-8.618722409234167,-9.132559483793449,-9.96193413421704,-9.245213862164281,-9.039523242080376,-7.564943429978368,-6.927229110131093,-7.7661965780962,-7.689632708280536,-7.338539521351275,-7.4016020129808995,-8.05323107720917,-7.499471020786631,-8.191499961878375,-7.459154967746708,-6.965092329211073,-5.566124939501635,-5.043125711265597,-5.427834013168444
