script/wind10m.json
{"header": {"parameterCategory": 2, "parameterNumber": 2, "lo1": 6.000198445256149, "la1": 58.999992894266676, "dx": 0.5, "dy": 0.25, "nx": 22, "ny": 24, "refTime": "2024-02-27T16:00:00.000Z"}, "data":
[rows 0 to 23 of 24, columns 0 to 21 of 22]
-1.4493143119510041,0.7866958388763786,3.0908897567870874,0.49226884493843087,1.441794108689301,0.4342074520616576,0.7608767631455408,0.729620753795215,2.096586613051925,3.3720010517072505,2.325617477097905,1.0138922476895416,0.5896995479613163,0.9567415379545471,0.44102970845430556,0.3129188081807455,-0.34406210451396696,0.3842608321833622,0.08007022467430382,1.5308554881922982,0.9475587588352705,0.8737335883856765
-0.4553069069347463,1.4321605632911305,1.6793155328816707,0.3563411931818376,1.5270055920197427,0.7768589355907841,1.0068856342703922,3.646258441092904,4.119674057891773,3.5905566548100576,1.2031949295592086,0.3253517860186483,0.7815990479729065,1.1632083195804221,0.3630801018711915,0.3480003930652939,-0.20943397712007752,0.423939404281302,0.26366323434865796,0.9728591285566525,-0.03981928049447317,0.23612746265178264
0.5877816309965861,0.4573218092700615,1.2707074639683915,0.21196311629985062,1.4150299116224243,1.3312595851973137,3.5693296317297634,4.062217156215334,3.557926634229379,3.4261674588968365,-0.026368619336482976,-0.21491747148347892,1.008802883548685,2.4392083129699307,0.3554001087945688,0.3270751586780634,-0.21822584123769362,-0.22952220887004504,0.019036603345519914,1.1226020300636521,-0.07445108388768078,-0.21523119347096023
0.4720852734379133,-0.9175089657706931,1.2111414906257247,1.1403853288059962,1.6366986413799047,3.416384446428059,3.80740458092668,3.4853183155179663,2.8460115719779084,2.8182949773173314,0.26591484720076825,-1.42290131719438,0.8512345878485903,2.003155225100813,0.5024942567202751,0.32407822761931177,-0.6902666179873583,-0.5060304956826748,0.0012478175651014424,-0.4306672175054009,0.08974424278264075,-0.18265909285323675
2.889695366729246,1.8161143211571935,1.3293708688333927,2.3515520727478223,2.6031527932824807,1.981738289593245,3.8798284963215433,2.9128455343090427,2.637528356703935,2.0726453606793007,-0.3325227656985209,-1.7130775799179108,0.38236190908501677,1.4214273559488124,0.8526379806762794,1.7983453781629635,1.6438890786549618,-0.5957514607457447,-0.13907392032036553,-0.7240432187778196,0.025275235547364043,-0.4349734801596202
3.9262580882513487,3.8381000340912124,3.0452222929231585,3.184141964575012,3.483698872059623,3.355177356826107,3.7107821523089495,2.406724232615341,1.584965843785873,1.5359720659051903,0.1865680274715477,-0.8925019810853799,0.7328728024698297,0.8347299170617186,1.5047366678260081,1.4049865014619598,0.8319965981561879,0.16491470454747462,-0.23958826670361522,-0.16216298829221407,-0.6771358716163586,-0.7197213304846646
4.609261530360103,4.008288417066486,3.671200976540021,3.9838804145245374,4.4542938560668,3.1991143295988747,2.809373478009102,1.8363272557953545,1.3549250960622434,1.8037620166228336,0.19174447696531197,0.4490231006300678,0.696003066548841,1.3081545032646669,0.777728044828987,1.5152640185551878,0.9927567313346013,0.15087035793668788,0.02494207691846212,-0.26978633811264674,-0.6157861004528007,-1.0037443742388799
4.732439546009115,3.904155344569126,4.100646311717763,3.9419272704723327,4.412141538609523,3.1947750168456572,2.2470784486788746,0.8617161556074119,1.1530379269037723,1.5622138045911333,0.6769898427400087,0.4312832581754741,0.9671463820898447,1.1804257177414357,1.3938275914890104,1.102712949192163,1.5449191437099326,0.316755045535939,-0.05559206394780693,-0.20588154493558622,-0.804294869095261,-0.45709922792901087
5.093975199480684,4.2428427258259,4.364103905747716,3.660570793262669,3.216077772281916,1.3321779439467312,1.5018805377227078,0.8578614562247439,1.1622928871761375,2.6708330211782667,2.1799514628604486,0.6229368515275916,2.0695609227364424,0.9777843210879537,1.5709224877755734,0.5831186817457551,1.4577597996410512,0.35999120812194474,0.630583399750898,0.01909365155145581,-0.7170305392248598,-1.0659921696458614
5.123710512858423,4.511252228519973,4.309512586528754,3.559895114944556,3.293674346199523,1.7546115129444464,1.2287772339980825,0.8519234586816367,0.8734458353334906,2.655073396375172,1.7314949454241977,0.8270747477426921,2.818111624518938,2.6737741048490364,1.7002409751849206,0.8210337087243892,-0.6989522144455776,0.9074159864320412,1.5514065574885327,0.3407849599825051,-0.6504001321785482,-0.2511415782655052
5.499455125492147,4.400572765813893,4.143297323973597,3.518493224856241,2.769161315773544,1.7085757974749078,1.082036494156126,1.0812617484995046,1.2058542571303994,1.9341289139453388,1.6723509584496938,1.7741108284929987,3.3799317414734062,2.748694941887436,3.773791485778384,-0.15439000921069745,0.6818322363288515,0.702396101910181,1.0698387166249046,0.33854829021420135,-1.178486300449113,-1.8595691349690922
5.556647041779183,4.431030825929698,4.171567064615968,3.034450231618926,2.081560034413299,1.2062500968190724,0.9546719765347135,1.358676683266172,1.0466673512093692,1.9482311359041806,2.396139487471884,2.6067934542941997,-0.13507106786127762,1.0591050309671628,2.0249692169088105,0.4755542326466439,0.5123535270930587,0.8554490568002868,0.8556318924407709,0.523213333972032,-1.3430118984152017,-2.4911464243643104
5.11887824446743,4.631171701300484,3.736611480425026,3.0930901224334084,2.046580945193514,0.8211462586245961,1.3015188236898843,1.5842303330474392,1.7723367572191293,1.6232935893912996,2.915729719666037,4.0867691282264405,0.14187748106764936,-1.4086344566757472,0.8429185505536039,0.8478371840352573,0.34388597954796285,1.0786007695494768,2.1446970017892246,2.6229152286111925,-1.1280057464596578,-2.0891255382602862
4.688035660745549,4.540914906505168,4.079383122575544,2.7262978454147895,1.5819714947181518,1.0317664789243837,1.1417499815334151,1.7581707687729262,1.3687815553236746,3.2509153105283892,0.9798344358140797,2.7010447814917824,-0.9557055016948424,-1.9108089137812396,0.16664050998967145,0.9484879799325028,-0.451344696053261,-0.255604974948029,0.4158075864964828,-0.7064943006179569,-1.683016849354938,-2.4420067528765967
4.74085222431301,4.244883534557025,4.282419284319881,1.6886760041391506,1.0305524526885206,1.1043092251171212,1.188353295759379,1.89572506266422,0.8210170504060994,-1.413547265842571,-1.3672432380341755,2.579234934435132,-1.7079889451030519,-2.1157719169913323,0.9265054188861713,0.6479622781240983,-0.8003896267031095,-0.262345828163874,-1.183429679500314,-2.1778100915217453,-2.7572627500869946,-1.8330708677292638
4.529998174364953,4.135508408943563,3.994443639615492,1.6797678755015235,0.24783862604389112,1.063560779410331,1.7725331728104303,1.4660261465340663,-0.12377297187890444,1.9117585860592299,-1.019775268099217,0.9280006008236674,-0.8577664010525645,-3.0949243145293552,0.41506858150408427,0.5991955865697262,-1.8734120926265148,-1.9344123996067595,-1.9823324328685064,-2.6521582602120355,-2.6235805672452894,-3.179000839406987
4.466394131472659,4.16186369246738,3.7896672826073257,0.8578015101842124,-0.24166178699517013,1.3246174758523912,1.3853670313462905,1.2414768723163643,-0.964272471482274,2.3870232523092683,0.17176086223286147,-0.3461133717201867,-0.4222428810773361,-1.5907319635127946,-0.2327684861925148,-2.460474124280007,-2.7854974385879636,-1.7169092466660387,-2.957609434988845,-2.5621839773481714,-2.722097910282716,-3.3558525266093615
4.623019459003325,4.082256453815038,3.165994371792336,-0.1370091853638066,0.14747700120656387,1.0196694229106742,1.0464393358485133,0.2667015305886913,-1.058200800107442,0.9714277200554502,1.2894461545376101,-0.9765215059583656,-1.7702289067198438,-0.9508917925897931,-2.0627747684638584,-2.9227240062083726,-3.0733892487546224,-3.044989501054673,-3.7912636357282947,-3.1098203559896374,-3.2651168333960743,-3.3303258215035356
3.794886677128591,3.353659281259992,1.7869115015156731,-0.8492862040836886,0.08633034565487173,0.9189222958221367,1.5946864239293295,0.35296019008720303,-2.826868227683843,-1.3402586419877678,-0.27974911320395823,-2.3500119630024785,-1.3020250830275903,-2.115403434745459,-2.7391287219447045,-1.8621468644487569,-2.408810275697958,-4.247626732816973,-3.421594097155595,-3.81885659907331,-3.5618308438752155,-3.3928414258367545
3.1790682744173213,3.257535479649023,0.11661913141542887,-1.2158775985996308,-0.24925334751906078,0.14632750432986885,2.2282850171110664,0.27770010411429724,-1.9297045053753796,-1.8979811203611965,-1.5968632060596644,-1.8782584843574461,-1.783901171492671,-1.5235531380871778,-1.5044977795501275,-2.442973073266376,-3.4825053155992536,-3.9299764317947656,-3.6562714672947667,-3.897665143649809,-3.90683324590732,-1.712905983711508
3.243088724354762,2.5197864436450406,-1.4936372220375247,-2.041576551458062,-0.5332582210290041,0.5855990952942225,1.9400591597055983,0.7428557573054364,-1.6873521088058714,-1.9747766116169843,-1.9103481166944065,-1.0545931778418658,-1.360124507156039,-1.8439717399151143,-1.7629466933266205,-1.6897467127850403,-2.200851129363144,-4.212746554641189,-1.8353252516857825,-1.7416254245407512,-0.6730026814918337,-0.6901748212414798
2.3181177368158927,1.2562287590842602,-2.160714555278626,-1.7861416528312948,-2.0093366919125093,0.6638532286763362,0.9019767028418594,0.14652163185307562,-1.2519395486905196,-2.2783419314491047,-1.385493804438726,-1.0295263115873818,-1.5836395165345216,-1.6704585936811498,-1.4052983775338412,-1.3152786591925374,-1.9408968539845672,-2.0526825240638633,-0.9476501082421356,-0.46707406448950467,-0.7215666691758047,-0.424365426234227
1.0385608521937797,-0.3406174543545229,-0.7736736350914674,-1.0454028305655068,-1.5196976571703182,0.41852336424187536,-0.6311904093021229,-0.736556591710689,-1.6330378991221606,-1.519936062924327,-1.0822116746079486,-0.7198102720153452,-1.882471453070697,-1.7242849377058436,-1.015837002217556,-1.5628771445966838,-0.90185372011483,-0.6035255010899183,-0.558014965612167,-0.35355837624143877,-0.621085260251053,-0.5870401054557242
0.6076122758265181,-0.13220676044823698,-1.645464611379952,-0.9123554642155535,0.08397495330234085,0.9070296546747757,-1.0984799006959058,-0.6188708397516035,-1.2366150620009608,-0.9325334997169927,-0.4813664878643249,-0.7079376064493282,-1.6883298165186793,-1.0245348638670153,-1.054146345112973,-1.0761606063256788,-0.9029010103094737,-0.2465038987282038,-0.08265900407649433,-0.6966028621390502,-0.5534073757280942,-0.5713230969043993
