script/wind10m.json
{"header": {"parameterCategory": 2, "parameterNumber": 2, "lo1": 3.000054539987559, "la1": 64.9999836372058, "dx": 0.5, "dy": 0.25, "nx": 34, "ny": 52, "refTime": "2025-02-12T00:00:00.000Z"}, "data":
[rows 0 to 23 of 52, columns 0 to 33 of 34]
2.247199847674282,1.6669559008808987,1.7289480837228361,1.7934220700351902,2.1616566111355544,2.0867639864261043,2.045530646185714,2.4080224245287916,2.2174498317273663,2.7619654046302897,3.0353066365077725,3.5560219396898414,4.109349311463822,3.817591470132116,3.745651870721414,3.0813887700659053,2.717973479635193,3.0134073093528353,0.0765764714725625,2.315992628500396,2.757527260560333,2.8882188259765815,4.122915807229603,3.789679893619656,6.174211367245536,2.4048586381421235,-0.4953570101352665,2.35559206794504,1.5892144222165587,2.4143722489149013,2.887515920561028,1.47404841415951,0.8643570074547233,2.252305283467797
3.1273398828978984,1.5598677549744402,0.23069038235844308,0.9412194107168349,1.1855362243812322,1.0240131249423248,0.9502128369586752,0.9166905195292718,1.0445935335145857,1.8456560718388784,2.218981958188739,2.664065086199427,2.4657676855033794,4.077290833803636,2.550535012964918,2.985733933650857,2.237550413532339,2.0640634269551,1.2351795611336052,5.572175268592201,1.2154768973227557,2.55266098793167,1.4593358585895002,6.16751499296412,2.4125403387021853,1.4486694941963256,2.8146950908832276,-0.3641351714581891,-0.8469012666007274,3.850804978253961,2.3006908320776285,2.628173251777532,-0.2305752478737183,2.426100708465508
0.22433186393375734,-1.822083915609435,0.7192541294176192,-0.27335696512685753,-0.6515144182252517,0.023172423608131865,0.07102406538396634,1.7420589383598637,1.2431722491081494,1.4386523465623127,0.8873980020740011,1.675529548678608,3.222208236941075,2.4444198463790214,1.7855778688377086,0.6275766984691703,2.0852125645097592,0.4398848315920304,0.3881298092652206,0.4117708058945467,3.1231933613954412,2.2891583432980678,1.6796127098802152,3.5430603716209212,2.1005357044570188,0.14154645959047493,-1.145662246332806,2.0431032955957074,0.8214286718674949,2.220971561664111,2.884327171238323,1.5126344079441887,2.393406067842383,1.2543548468371417
1.2728493952599877,0.7917704284847169,0.8908133217916582,0.5338412735464124,0.47022187391894127,-1.5220974419576734,-0.5171375644813347,0.2692594850842258,0.5778807627345988,-0.6751816561081029,-0.7010619242999493,0.47714209389838763,1.219338841728843,3.116968969223099,3.9258954052428567,2.459778024251168,0.6064873633444793,1.2476121003786134,1.244131268790809,-0.2487204491288241,1.563837130698044,3.742227938414785,3.7307469319020194,2.266320522087246,1.7637491217742722,0.9248511966770001,3.2549462883597102,-0.9123654482202277,-0.41569346115259787,0.41924972832648455,1.2266870142246862,2.972509260948995,2.613468824223415,0.8474483542593243
-0.13481437594450324,-0.8658028573483361,0.6637386063148936,0.04369167794868136,-1.6428634589898516,-1.1097232429442707,-1.0030584040337263,-1.660031888863561,-2.604040991303328,-2.622745738707267,0.5784040754284513,1.5335370214906299,1.2013381184585639,0.18987649623907785,0.1026919228178617,0.5948013816617611,2.1845767475061035,0.8630376370995393,1.7395912135177174,4.303932981081169,1.8204512582725612,6.043913297071204,-0.25652878518588773,0.4888183656809057,0.2671160186280352,-0.6291958314332027,1.3256604786160406,-0.546201219133734,1.5663968623712219,0.7103496773234038,1.0016901958030537,1.1927672335368882,3.147269397407436,2.696391772933638
-1.9362089717128326,-1.3317983389005221,-1.9551175254586253,-1.7610308632721365,-1.5814809099091112,-2.112713673412245,-3.1257145805877573,-2.2940122462121457,-1.0750679479815342,-0.5273621955939101,-2.0678597537937655,-0.6062577650823145,-0.9391266688570443,-3.4315162588401944,-0.5061487449942274,0.943402039072836,1.3926301572176483,-0.23330354443524293,1.6691566734450705,-0.4358795330009961,-0.1934989167980148,2.2985420073335456,2.4138209095359766,1.2150011044053957,1.4494579574447262,1.9978197338279953,1.782815115922063,1.8642430713554807,0.5847852868906058,1.2696929324477009,0.7215926142152999,-1.1375159889440165,-0.44823860163974283,2.264605827336391
-2.2674193704551673,-2.8631153748003553,-2.826409781043818,-2.789127034978562,-3.588854555483068,-3.294333838034012,-1.3957535219519859,-2.156411858528234,-2.7164277947684496,-3.1723217027036568,-3.7731101870395327,-1.6061002059832972,-0.7069576474294885,-1.6728090827465893,-0.6273156889728176,0.8271458043766643,0.43965433198814907,-0.9900780627578382,0.8336524891832322,-0.6099264678980219,1.884077006158997,1.9569164547460134,0.9671391796385671,0.5177368404534846,1.556412859890286,-0.19895266580244217,2.338847384654248,-0.8739919046366399,-0.8657546412247453,1.8266885006955147,2.927989699777517,1.436630903180384,1.8529040529803433,1.1583825514382164
-4.261041507327494,-3.9459767064965887,-3.4010209974838093,-4.489790835732411,-3.3679735061133913,-3.2018205371748025,-3.8565095753583702,-4.334738900772885,-5.238613097299189,-5.1243484334173965,-3.889049442930295,0.9342801750202887,1.9282415485174784,-1.0538913591135761,-0.5450533199163796,-0.5492460932972051,-0.41537937642816664,-3.2476695093461374,-0.9176781391019213,0.9754946859393625,2.248215796017937,2.5278143659791525,1.6496350892390659,1.6158307800784641,1.4343323437198316,0.03203603319014019,1.622465546029413,2.19993212924442,0.9982749859626611,0.9438679709462613,1.71087659856594,-0.46894775553690865,2.6008304972077525,4.664433666354216
-5.892870250178399,-3.097938864561491,-3.7888377504031663,-4.333783619336416,-4.462706504205383,-4.727649809087779,-5.799022953587712,-5.776910236994088,-5.295488283200497,-0.547449176570137,0.2547930993918401,-2.467474756477404,-3.354696243956228,-3.7785906869224917,-2.0095367557397203,-0.9891411040225435,-0.5861713146522407,0.4900935629134771,-0.7123782238786335,1.4959647678948103,1.7348073938517092,0.9291058737582295,1.3863142990033648,-0.6348100865599894,2.0331320164566,1.233611152047347,2.2130976569679355,1.7989781454417217,0.2054293411159454,2.2314857664414154,1.3184953741232548,2.1587255368635208,3.9540880870490986,4.855208178172645
-5.441109685678625,-5.03851798999782,-4.942372516491718,-5.549688400886215,-6.1489333013142105,-6.487513811155073,-6.4412366211689465,-4.207725647856033,-1.8134653907533282,-1.608294338584836,0.27431133261548135,0.02092488715375362,-2.5889183404442164,2.1574048536739068,-2.0511180843522334,-1.5412459306103918,1.6047430322423064,-2.373097715576943,-2.5159929894841846,-0.451472836979985,3.4938788144126467,1.426048645251996,2.105871601906073,1.5186613664138644,0.5651425718695604,1.812662493156498,2.503678225662192,2.4784107787382124,1.5043054595760752,2.0475279197329277,0.554048286061292,4.34694717814607,4.859107160802219,5.485178274873894
-6.5364500369391205,-6.138745747182561,-6.285869066538278,-7.087942197161072,-7.243226535084738,-5.943326821596972,-2.142610818643349,0.07702708296460302,-2.9091357659955035,2.067203505145386,-3.010579171056256,-1.4422533123613497,1.0010554995275276,2.0738978181575694,1.0840579849430185,-1.88823678856395,1.0186894186925453,1.0566375463792956,-1.1205586546072968,0.7247501946258801,1.7366934250497117,-0.3224360936979269,-0.7683489934097084,0.8912909834121086,-0.6110713308228447,1.5197635128807636,1.0905027475677624,1.5363701504329543,1.6884724848384125,1.2361524145571472,4.327995662395958,4.850469670722393,5.360505591593909,5.441068092059728
-7.100999110044952,-6.895926148512401,-6.733192386309548,-6.756564955086572,-5.550327886983955,-0.45309300388127305,-2.1848846296810986,-1.3687856812513366,-0.508432818266764,-4.627257647217973,0.4157416227098125,-2.308410740404961,-3.250226986168309,1.0449328000638938,0.7600297065443098,-1.075197234257206,-1.208718689160058,-1.1632597619448126,-2.8790065411520573,-0.4236821938405222,-0.09707987144628412,-0.8999679754157648,0.9035657035103711,1.377964428389958,0.1147449525270435,-0.1505302538835106,1.0679154543371259,1.64677011848887,2.1544839932383946,2.3113049391613107,5.502204297973339,5.477813003933348,5.758519321919986,5.986605310486652
-6.481213275189864,-6.219824841248219,-5.836531189362321,-5.034169918198842,-2.3654568636054223,-0.4270122515710169,1.8807871884331624,0.9159835019587546,-1.1847351421398,-0.03875997555778819,-4.631585493595303,-4.47071311418,-1.1824288503347622,-1.1492707429207782,-0.8810596108888445,0.3880730802111245,0.8811959931748148,0.6002726350633968,1.386981003279291,-0.36780428482593214,-0.5704944553132734,1.0499346032811139,-0.04572800267271351,1.8910226760070465,1.3518266786087703,1.1214112730104764,-0.8267065499709887,-0.5394674789506075,2.0100901923447148,2.5267370531561713,4.7059118402785245,5.945579371715364,6.105118657874094,6.03513410387895
-5.400652014494061,-5.167652099928678,-4.72316088451863,-2.7720631189917415,-0.6994350811716096,-1.5886145303910766,0.1680942094938638,-0.7179109143211968,-3.797388371677186,-3.228928128254454,-2.930005499715709,-0.07471457255954725,0.3161510083432284,0.37071690910568744,-1.4746440856423781,-0.022400958548441742,1.531233327747704,0.10422000470539228,-0.5741248507060036,2.182536821648914,-0.5417982898668587,-1.4250985904935702,1.9864908541665462,2.2091958838380545,1.3136323761436055,1.788378163332367,2.7048079092726502,2.2444891848549124,2.5721416046921433,4.1088534517706465,4.831546284733303,5.531061498547735,5.8853324285707345,6.51281716343161
-4.7109555790814275,-4.0562578356648515,-3.1716630123923575,-2.428923455757261,-2.514736289999995,-2.8937882871719887,-1.1020792813655351,-3.6141404940665067,-3.7466430632953913,-0.8253921766312192,-0.048949261521379024,-2.9245986889603595,0.8585453553248578,0.40708591196397553,-0.47025508150531437,-0.5015229393767991,1.6105342421684612,2.5306284574022935,0.10718637884215118,-1.0382814792485424,0.8424422476954458,-0.2694066179697842,-1.230745937420075,2.1024357205976547,-0.1542289744917068,1.3883102255254076,-0.14318966349547962,0.847427225345979,0.531826309690374,3.320262374071133,4.3001280030111015,5.65167712149555,6.340452733400825,6.854262312159313
-4.366483911447555,-3.41339197787579,-2.828895562834505,-3.4926376966046186,-2.4167717733347325,-1.7404498883091224,-4.6276651022185655,2.12380823256612,-0.3315858764231,-1.8651709888480053,-0.8812402165352727,-2.5038944373155085,-1.0043216698331003,1.0932901626762845,1.0750962902105572,-1.8601162343065056,2.3380838975960394,-0.6960183595196647,0.727626109059442,1.1664864322947637,1.111032115132321,2.0712989885119812,-0.0803836951540789,2.232258702005333,-0.07809742548990484,-0.2328142473059736,2.579718824699437,1.9878545405909624,2.016237132820744,5.45551823141435,5.867332731879641,6.328383558198615,7.812114150571814,7.832699200555119
-5.1033968186995615,-4.966311803277694,-3.5945727295072523,-4.134252702643964,-1.0410418988245271,-2.10721702246611,-5.787973181166774,-1.3898005676588931,1.80422349400759,-3.6132722298126887,0.4031803823905024,0.1972962348129796,1.6735455357247753,1.5461178880467528,1.2953309938943276,-0.2698444057254853,-1.6882097954361726,-1.2989114975159772,0.7585810806769443,0.0021948244066780057,1.4514500634734129,2.2176855920909273,-0.42502975771277124,-0.07849342710903588,-0.19492777758107702,-0.5545965559654185,2.688557646031242,2.6718784401767217,1.400400705695165,6.1468017470442815,7.95182453219209,8.017224167007402,6.701296992194888,6.350829235991873
-5.448343722124892,-4.338567183789088,-3.541968529823992,-3.38542609548895,-1.5820760444227646,0.508159673776138,-3.5917620841022924,-0.3435014277082146,-4.872227527926121,1.1235133275702016,2.602244976412748,0.03837283110508963,-0.9852598201543341,1.0237930237353146,1.2259898112326655,0.9070173416265945,-0.5543801053276544,0.26109921955263865,0.16141657360925463,-0.6023775366259212,-0.7716380809224189,1.1789292788632177,1.6840317748231362,2.132483543730257,-1.3017181412115855,-0.14036741326246296,0.5538192417950083,1.7967584371875773,2.079165370909298,5.145937271648124,4.69698637015904,5.266970012046374,5.906908779545096,5.7801306756341475
-1.8264910313872629,-2.7785831907038245,-2.230420245017602,-1.893915593457667,-1.9984777309611994,-1.1242065023757875,0.42987013828130116,-1.4473881991778463,-5.223237967281246,-1.5047265275690291,-0.24765349650302595,-0.20196909287447024,0.06889762011613101,-0.4294020907035645,1.6888749449308267,-0.8219449985725307,0.2868041200072327,-0.2679488969725465,0.03075994166986889,0.34920742203800526,0.6721429391293647,1.7613384746005432,1.5710612275767952,-0.07517778279080926,0.23441259563486125,1.5911697750771974,1.100765421831913,1.7277179719001898,1.2876235899322377,1.6109835887057482,1.9803469197433172,3.894782056050873,4.997056686816136,7.2258905464989684
-2.460228665261036,-1.7685253520951596,-1.291091446731424,-1.9220682203099122,-1.0574832019228655,-2.1727226992969175,2.4432825172242962,-0.845611347159521,-5.4218683127985585,0.4868957966471243,-2.555310318293287,0.015802478423091855,-1.519980041741236,0.4399309232940886,0.307512789280498,-0.04462094527207005,0.45004745672534135,-0.25396663428508287,-0.30139300649600537,0.37083693171815224,-0.7488020032220092,-0.7361681916461225,0.6798720877411221,-0.23455579117196926,-0.608066284005621,0.755072828965027,0.8349357375254587,0.7268860228383294,0.8137449294330753,1.4494203441977735,1.7066131346710949,1.5313161715648993,4.6895671774256416,2.163179788725717
-2.1810037088196155,-0.9329500914287258,-0.1835790004627871,-0.6466907342289238,-1.9567623501636384,-2.6710369778705045,-2.653491287457369,1.0907978781952077,-2.5324652071622684,0.4533809344213135,-3.8015485261670805,-1.5120204434972786,0.52260874672815,-0.06091166987161417,1.3614908235193894,-0.770730981672055,-0.3053401075223143,0.94399639505101,-0.23521661442098163,-0.03856804571476282,-0.5536358977564445,-7.3642171542417e-05,0.3237914833269102,0.3189273356095435,0.7593946515108203,1.0366410573669487,0.9518346321636841,1.255776728031066,0.8529110005682283,0.7067477634396979,0.9087440428671729,0.7044648326411939,2.098835903918362,2.990321074310992
-2.0170977089738136,-1.1096859275145052,-2.1228422402431124,-1.685901509336895,-2.071386812361884,-2.459076612798919,-4.571178626827154,-2.48541516624033,-3.7129695618620295,1.1600398542587522,2.314119120559568,0.9304983652428064,0.3158003725677484,2.0631749067208913,-0.0466743250571109,1.4324347865954572,-0.9735774819270581,-0.820842503150912,-0.8973266289723699,-0.12500864227010702,-0.8406301134447557,-0.24017442701627462,-0.4993174952706415,0.19081235242752553,0.39389667259996897,0.734361238567273,0.4218513433188316,0.23638181448739934,0.30371908285685234,0.3044620679281596,0.36367252904139763,0.5625825385987293,0.4687880018822879,3.6665350059122437
-1.724113198589999,-1.8665415664265952,-2.8369824947807833,-3.223312638940658,-3.431019604465602,-0.7932082613721294,-3.763911844980717,-3.4164004893734945,-3.6737578289989177,-11.197399300354949,-0.935017344094059,-2.286010092925785,1.6320794467063091,-1.4179047994141283,-0.7957153134277929,-2.040188929871496,-1.3752929650151635,-1.5981291556105108,-1.4238571528928312,-1.565487002517954,-0.7661234189650888,-0.8493670160312622,-0.6760585998043619,-0.3650361734050966,-0.45630591947262994,-0.37542657610461366,-0.6408187627140433,-0.49082060105338426,-0.31111217253900536,-0.2858806616061586,-0.20814339493625467,0.5314641195944396,1.4774960649923006,1.313695817953632
-1.7038911628986086,-1.0888054676174992,-3.066140819925068,-3.8263533220548176,-3.135075083753983,-4.182944736473808,-1.3819956916281815,-10.884665729683542,-9.619900305530116,-0.25397318836139,1.1904445586876078,0.5400296299750736,-1.4865035195567178,0.045414575523709526,-1.5938274056137056,-3.4640329683266007,-1.6786649973818948,-2.0790494865637044,-1.5594900577648427,-1.6783415803974862,-1.40228574293222,-2.3867579067434264,-1.1614217324134164,-1.0733915632669022,-0.9157783004355334,-0.7344814901372618,-1.6722383728028891,-0.6289049040943404,-0.5624782988637493,-0.25276974262734786,-0.31911915553060505,-0.20877373637717345,0.2699735261817472,0.7161284608430241
