script/wind10m.json
{"header": {"parameterCategory": 2, "parameterNumber": 2, "lo1": 3.000054539987559, "la1": 64.9999836372058, "dx": 0.5, "dy": 0.25, "nx": 34, "ny": 52, "refTime": "2025-11-24T13:00:00.000Z"}, "data":
[rows 0 to 23 of 52, columns 0 to 33 of 34]
0.1620247921454365,-0.022091160291771467,0.28116497250130273,0.2213671068979304,-0.24126195382096538,-0.6320391664419654,-1.205865244996836,-1.8796276585766132,-3.2119829460607723,-3.960306018005628,-4.745088109341486,-4.874274339473838,-4.829527110435173,-5.022418079197709,-4.592601203418481,-3.932199063239933,-3.154809655988841,-3.0489494000127912,-1.044807269565505,-2.390728004154603,-2.3387419496589934,0.5968193194914727,0.35605663052350967,-2.385922866700849,1.3741351537749538,0.6784395548351552,0.6878562872767945,0.3898541432271047,0.8783316930859701,0.777455102517309,0.8285288928981864,1.143958544395056,0.5152027354454657,1.0600769468742868
-0.38485775553166496,-0.4251880556685975,-0.6861541552450825,-1.207033494333979,-1.8615064278058884,-2.112312507549264,-2.480226957902599,-3.7178237971947037,-4.2431998240645195,-5.108241226872169,-5.036146389575845,-5.129802295003039,-5.1483203429332685,-4.933241323595305,-4.940661215680851,-4.268050651107351,-3.0364354910872073,-1.0346650765723686,-2.883959536973779,-2.8222905225614205,-0.4199481830291408,0.3094276357910165,-0.5163805997435473,0.0017123661814864828,0.6482617203257269,0.9598019719076056,0.9879571613828132,1.6960678972350018,-0.26276928701743524,-0.05474029099525078,0.8361813903736274,1.153162527098583,0.9716834291430781,0.4928676298190824
-0.7582545832676713,-1.2976188097779742,-2.1030139002445742,-2.5056184658214007,-2.7935538867392364,-3.013338728900328,-3.9513351120568436,-4.615547775142785,-5.111239745755268,-5.393821942455076,-5.348669611871927,-5.425755912041208,-5.221940054846424,-5.5970299294203985,-5.0453546145871275,-3.848428667797999,-2.7966676912341653,-1.8891569507212331,-2.33136697889269,-0.2591243601142397,-3.848418130336768,-1.6870136453336069,-2.23997959938369,0.49694609936104356,-0.0973727632799286,0.49028280992368195,0.6396991884609784,0.9245140957664899,0.7776579675189832,-0.5917816046805721,0.005187316817325021,0.5589539031713356,1.0006592535924268,0.874413695249588
-2.0047412936462234,-2.6994959094257163,-3.096271124463439,-3.550561230002503,-3.7298253825389542,-4.143940416573408,-4.823435201656332,-5.147854851064889,-5.520564814074025,-5.871357000662795,-5.7290260604678,-5.681644505456201,-5.683294186784542,-5.603009896644196,-4.780918040617509,-2.4987594298523774,0.49213050137122744,-0.7808299762456691,-3.268392099196246,-0.8753480075031969,-4.172863760619574,-1.2745326550938187,-2.298374135487166,-0.806345093414854,0.0809374531775604,0.21115962138140204,0.7998508974861963,0.09697320807512017,0.06989473195964505,0.5087539370296851,0.1608027724158367,0.3514755713926755,0.6527563166271534,0.8861029374955541
-3.217655702700502,-3.6196877384920394,-3.9708755198778753,-4.253526120588161,-4.747819654377193,-4.871797980361257,-5.661368524211233,-5.839905376406337,-6.087587190292292,-6.0957751685234784,-6.08095852564092,-5.847461700662706,-5.852137306331813,-5.24835966035382,-0.365820623748059,-3.1189411216593808,-0.8610192987117031,-1.6177969304856041,-0.5350793772868911,-2.226562173267607,-0.5994750917700418,-2.2927068892253857,-0.23958370635450493,-1.5820234587174242,-0.6918350329665706,-0.3760071577749119,-0.40101248693576425,-0.020797177674598665,-0.12523523732504033,0.7642892321693495,0.6035056749653188,0.39257611464179765,0.43640890216299033,0.6882736557505487
-4.026589310783595,-4.295858764686599,-4.57791048062247,-4.977809355833247,-5.318917905247283,-5.839394241718292,-6.385394528344834,-6.368065783367566,-6.297476496447753,-6.297128312811722,-6.042888628645493,-5.354029124144415,-4.883192672619067,-2.7196101452088595,-0.13667189525900655,-0.7885654563107773,0.07941826499987553,-1.170284851547884,-3.9499856293354525,-2.2107444020286917,-0.8035894561862117,-2.0025546842637447,-1.3270820928428348,-0.7743938358068648,-0.7821845520778289,-0.9163409077736392,-0.41032406900881396,0.5875318167961334,-0.31801433180855543,-0.031731398661943064,-0.10537824898200523,0.6506084450599953,0.5288010846943131,0.40400999127795006
-4.775600427586952,-4.965056222293857,-5.382624193942888,-5.729944339792085,-6.089919291734923,-6.325613088878488,-6.530317631658123,-6.469745574545136,-6.383243802514024,-6.663001424495761,-5.871274200723917,-2.075599237848691,-1.239144139930618,0.021619442104019622,-0.41028996929853306,-3.419222025339256,0.12631348368770506,-1.6954916633116084,-3.85914695411191,-1.0987079086733178,-2.059910956858083,-1.0789818280065417,-0.9795639870450172,-0.9812352765627649,-1.582320772933573,-0.5058781224673028,-0.6575053787610204,0.38428595940835636,-0.155030763036995,0.22296586651663347,0.6094271060599027,-0.026867449508692694,0.15539272730421494,0.559083969396431
-5.477680838285914,-5.749934379564222,-6.0508867275471525,-6.33843792621463,-6.525923870558804,-6.736892300477751,-6.806778495050155,-6.9510121649045,-7.235093045068488,-6.757258643749488,-5.307142120180188,1.1157203890774041,1.1633734284129111,-0.8279505246546224,0.16472428488366964,0.4763895601359992,-0.30483666687842736,-2.119868661040873,-2.0769864476234137,-1.9330215551807903,-1.6736847630461065,-1.2358350097868651,-0.47057238816546415,-0.7269342755527339,-0.7050132896595641,-0.5746507931022475,-0.5576288740093355,-0.6423436477028479,0.3594069703030527,0.15838660241740687,-0.017346629753338668,0.36452958651011264,-0.10230464943873695,-1.6856576564400652
-6.065066570840736,-6.197736220110192,-6.344749009514101,-6.497652754487835,-7.056005535981159,-7.112800348579141,-7.312491815120275,-7.702434550355975,-7.571847873525489,-1.6954427713263154,-0.8249057128244983,-0.9897241775377082,-2.4701153535405544,-1.6848890259687743,-0.17878962938613802,-0.46478336110737417,0.47643345001444654,0.22828956318405205,0.014449049595265101,-0.40939174376433923,0.7149642012439413,-0.6294357483546321,-0.3481721824015999,-0.12007592263153496,-0.7178339268713526,-0.6744210107102122,-0.44407212655868267,0.062491816274284025,0.3474471666157751,0.9398885085216674,0.07163686168527027,-0.014481375956563316,-0.8134341177949523,-2.0870301194633427
-6.4337058862165035,-6.450688768196175,-6.521141709295022,-6.948717396554681,-7.313682270438274,-7.753143247481954,-8.253989298204552,-7.182856245848794,-1.8973613780728258,-2.153399590493295,-0.5860494793468496,0.14471632590151973,-0.6523203801070615,0.6343945903124836,-0.7203314916731232,0.24055296273542237,0.44073377210648723,0.015367419608438728,-1.4291894659374014,-1.674817590874713,-2.00263218785432,-1.4721116185220164,-1.4730546122883403,-0.35388709589553036,-0.3268034645326863,-1.3484761655336996,-0.42647108347670887,-0.4870142894576864,-0.0092246230486458,0.17420684777365755,0.7739718561643865,-1.0457579677710833,-2.117368072645992,-2.46245008389364
-6.871497939762584,-6.612331438324087,-6.869796874915973,-7.4482305575127805,-8.026906602084136,-8.25593232388874,-5.4158055629356845,-1.6038373679660698,-3.749600844945596,0.1959542782741955,-1.8149446994073422,-1.4477209635586543,0.6850480247064048,1.0696808535784572,1.820947987196709,-0.0548704890253471,-0.2744322934671654,0.33029408057299375,-0.06497185187758335,-0.6702836141710792,-1.3705728482767094,-1.5164198394683641,-1.9177286951305599,0.2338622628904642,-1.0917047669108348,-0.7917281457178941,-0.6621631167067638,-0.7174555021969521,0.3806454485599036,-0.06242976175220673,-0.5345915258910221,-1.9355562114712093,-2.550439484949507,-3.4738366985614935
-6.640938788742814,-6.888790682968844,-7.227380879334501,-8.008368050023188,-8.390941792010905,-2.0723487393303284,-4.140362827761038,-1.4375804480983576,0.6981549388111091,-2.540879656258271,0.6206477343809962,-0.3257071897668395,-1.4812568585299004,0.32249271212805614,0.3629284316768561,0.1843759474080381,0.548732339352536,0.4311768630227603,0.6103138901646811,-1.065093247592116,-1.1079386810104228,-1.4015554062034443,-0.33543917009738455,-0.5256312999403588,-0.5134790668015237,-0.9206413333435751,-0.6586565256900584,-0.1725699597978971,-0.03785517226187381,0.08366982700855376,-2.199906734867824,-2.9848554173490482,-3.967604133581857,-5.345913717858976
-6.67400938588656,-7.318174346757903,-7.734389086197592,-7.832609956192083,-4.159826094560413,0.37929936091420785,1.9305897499868547,1.6708966544910175,1.1207216236778252,0.38670328056290587,0.2173329912565766,-1.287295264449235,-0.444817040876897,0.48382637772791726,0.5157385907778156,0.008880868798584445,0.3037053203032865,-0.7838461915027105,1.392009448570048,0.2671220473667749,0.08887756560182719,-1.2034657991957944,-0.6208483712121241,-0.10676778483796374,0.40057704379920345,-1.126083332772234,-0.6043454472857536,-0.6333773281074689,0.0701968846941757,-0.34889325382448727,-2.670254090685369,-4.219075921478001,-5.143276256244053,-5.755426820371844
-7.0840074324868425,-7.243408399403172,-7.5652318536166705,-6.3998376787898295,-3.450554475746317,-3.3604808030504265,-0.9479300107444746,-0.6385417315005264,0.6916871910702856,-1.9661854207916387,-2.2069512948988503,-0.42718052993164957,-0.3226685248996978,-0.0044988601358418945,0.3249360842844461,-0.19236391911319714,0.3930604290273026,0.9068293632307489,1.654289001892091,1.7695692452726097,-0.44305448789527635,2.316014857784558,1.8305475270070342,1.360453379226342,0.25768422471376023,-0.34099146018313325,-1.3443770259609849,-0.644040485689857,0.19623102805531115,-0.4803333013496656,-2.459195421339088,-3.8106061516669314,2.870342611356744,4.672982294339601
-7.562746188893716,-7.229754655462187,-6.586971402566548,-2.4406405247496115,-0.5979515208678214,-0.07736794465407987,-0.7375476143420981,1.6062266498042315,-0.6479548135414218,-0.3493614996191096,0.3051175316175662,-0.7608145065499684,-1.0643391876499686,0.15001053268619988,0.45453881370258736,1.4474522361486069,0.02535980735117736,0.3909278374819332,0.48838547242401636,0.3242029154384511,0.9897979851301854,0.6757725918864991,0.6214900394494703,1.1160544560482297,-0.00104185270749385,0.13092103525411675,0.11814647811394864,-0.9057726963655542,0.3422542220949117,-0.30981315878791227,0.3256754180955382,1.1852568883791876,5.8886913756025265,5.9180460976190785
-8.174401775921272,-5.749854824563826,-2.099951487216601,-1.0068494323508141,-0.8704248703859829,-0.4321905992590165,0.05082801491933916,0.10547198273605812,0.17041909358777055,-1.0982726511539211,-1.2071786655023653,-0.4237702036213431,-0.4517549433691472,1.3765173637121484,-1.124567704696894,1.0298914813905207,1.4937317923026023,-0.11811277971609511,-0.15771897045701946,0.12854175084086358,0.9987483348831938,0.38518547535275943,0.07991597135367368,0.32788788359503,-0.03863279705002991,-0.4520825283629487,1.5086927631214426,-0.10510683677388012,0.42923759035259823,1.3951102286707056,2.4180241703548044,7.042370243982038,8.531960141379441,7.289805176417332
-5.485733995290681,-4.679084003554908,-3.1247239741957955,-1.4626135052999198,-0.47043073338314273,-0.689202743980878,0.0533854284855583,0.25481722502192294,0.16708287597816415,-0.44155796684608856,-0.6239043665829559,1.3560761817730758,-0.5136614415026658,-0.7945307815770102,-0.5807431080817318,-0.45714149485439987,0.20525622846470268,0.25713240533376186,-0.32487435398528475,0.38575819147890106,0.1235451768818572,0.07010778865041833,-0.12574401813001526,-0.3656936161806807,-0.17752533305047988,-0.210550580583758,1.2265332214497082,0.7430175991164082,0.437456602397281,2.178060652086714,4.211069531400535,6.8068076714952515,7.6140879439081175,7.33912695926368
-3.7765316140938614,-3.4405330776676157,0.3604361922500631,-2.381711347292414,-0.7576326876666759,0.589384107912053,-0.8921479686491366,-0.06107739700963267,-1.8966758205201688,-0.6175170790471743,-0.34303198941785273,0.2852960577033525,0.16488560691052676,-0.7965316516611691,-0.6154377217626057,-0.5762629474970505,-2.494536558044988,-0.09522507346382457,-0.5185352266448074,-0.22983459358109673,-0.31911303600286023,0.23259663619241058,-0.09655363472912659,0.6868121896696174,-0.413175635479372,-0.05493466175556845,0.767337349432832,0.4169749327784642,0.46590401624115757,2.8850021930243592,4.081369997313734,5.191313862910776,6.282081808182703,6.697455478143145
-2.0420137818421487,1.792006279724711,2.9272362046293954,-1.199033102090935,-1.3479776073506358,-0.02619544069500167,0.4116170481648058,-0.2706673575065554,-2.6097267543880096,-0.8872333561002637,-0.6182726586367596,-0.24177807838191692,-0.5245858891748063,0.33039074672344787,-0.30314779749866666,-0.40428133124738663,-0.3442144946135951,-0.2441149117465228,0.29884153164315114,-0.23241535352222747,-0.2154220548901722,-0.6120159258294037,-0.32487510031857886,-0.3640282377657319,0.33223705116815794,-0.10866310338857695,0.41587483085084004,0.3001525343689845,0.9201053177179358,0.9335000952708196,1.683298120302149,4.570219174778646,5.720952064171158,5.6110911082939054
1.1718723066974617,4.164659066413789,1.7522260297593455,-0.6468227445071684,-0.5998326380699739,-0.9541190670382056,0.9422203639526232,-0.4457242772302285,-2.0825879762319346,-1.8458765191349409,-1.5904834032389343,-1.7415673331975032,0.3806069654303101,-1.707855776096317,-0.5247218141098425,-1.0742768247232535,-0.5193320597686861,-0.18464850644652878,-0.07305549342824048,-0.4076725591628109,-0.32440638842566977,-0.28608638172120643,-0.4538692295678615,0.17461331246411738,-0.15949567554641342,-0.07916475159883571,-0.21227826432465885,0.22563655401619953,0.5605618027599367,1.0299065561908072,1.2138476966357792,1.3326326357088691,4.890497101454397,1.9941164760553838
2.867534140998317,3.5739730263197997,0.45699197282442783,-1.8242307487834792,2.3948500148832577,-0.12836789885291333,0.09613532425942783,-0.03921869116578026,-3.2070292958383493,-1.7309144925567859,-2.144879818727366,-2.0433235583200564,-1.565148221368797,-0.15726801898887627,-0.4831370335413385,-1.0445240229857666,-0.9978107276074006,-0.594073557164387,-0.8757826514636436,-0.8955430415896404,-0.5490420792102959,-0.2207816232558014,-0.6281492955933077,-0.33199708646559467,0.3372940499973441,0.09535225328433665,-0.30555011366570034,0.4301804837868596,0.5776279156547924,0.6470631083072305,0.9645942712409665,1.008554450067297,3.8269272915175754,5.281989864027716
3.614384427591566,1.5184224768750114,-0.2515400875582997,-2.1977289583446282,-3.5272099782016033,1.1510064941788374,0.40618408804091816,-0.7175746889382298,-2.9748598880711814,-0.05201907445702636,-0.8269322934693576,-1.8666285858053122,-0.08136832280313326,-0.32624537100859075,0.025284010551750453,-2.0928588680944693,-1.1427889648287335,-0.7525141063823364,-1.072482274285672,-0.8452644874178391,-1.0749916428019939,-0.6145726013673324,-0.7322525977683475,-0.28485735508646737,-0.6323286163843733,-0.008261027321833002,0.2173504752210608,-0.14717329107649368,0.5011555298610378,0.512228739721852,0.8887684469630442,0.9908179429756498,1.0142520538610367,5.05834932109906
1.7451804534874833,2.547766235038216,1.952915410143857,1.2235367208902135,-2.992998074823993,-0.6598973185026352,0.8448376852547912,-2.163067200670323,-3.9646743077717805,-4.892529900207894,0.017284445285867193,-0.9606634609284123,0.3219428276311023,-1.451550876043579,-1.3444688747938234,-3.1332269676359283,-1.3329101104059058,-1.4106449769517002,-1.2891417102534501,-1.636469695663032,-1.416846171774294,-1.1237730008875313,-0.95357797431417,-0.6832240396605574,-1.0171795529234384,-0.6040034739389798,-0.24537296355086435,-0.24669173781261514,0.07018494846955149,0.20778923218978626,-0.36365943165621095,0.4958853507030402,1.6671351302825745,4.919867790075591
0.9748206438790882,0.163467223912498,0.5077778536085532,-0.4175475795996951,-3.026138120195142,-0.42811431844925063,-0.2814495355559699,-6.491599766317949,-4.439203212905772,-0.5492151863322593,-0.6599231404325208,0.44387332295358983,-0.28892522338347226,-0.7268109203024967,-1.7925427029028984,-3.616575882405201,-1.2353813575771804,-1.8261110886969367,-1.6595986851971116,-1.5894876187452522,-1.290086189521483,-3.0410018885751855,-1.6026136076324213,-1.0779370186826407,-1.2394992080307587,-0.6653410259299712,-0.3336515383003687,-0.05779045517653482,-0.05364816528505224,-0.5266052084474501,-0.9957424057285026,-0.11060094447198911,0.7325434056819318,2.641138449505546
