script/wind10m.json
{"header": {"parameterCategory": 2, "parameterNumber": 2, "lo1": 3.000054539987559, "la1": 64.9999836372058, "dx": 0.5, "dy": 0.25, "nx": 34, "ny": 52, "refTime": "2025-10-26T05:00:00.000Z"}, "data":
[rows 0 to 24 of 52, columns 0 to 33 of 34]
-1.3496478435610093,-1.640913247133422,-1.496218964951112,-1.6535943001490117,-2.396383442441916,-2.3811948097898026,-2.546420826394444,-1.800925433383679,-3.112711764530396,-4.348406946927335,-4.168410260660045,-5.116985229759785,-6.459184435935264,-7.273095483262118,-6.977522842400325,-5.8719999604973845,-3.969657304970516,-4.127144746204819,-2.074322742870718,-8.295715608866356,-5.981897583489993,-2.4164097658542043,-4.653498998286052,-9.231564020728943,-2.76288244918116,-2.793208494015051,-0.7641763117584375,-3.447369422585561,-2.480617246333218,-0.9202316877411573,-1.5435120329996959,-2.385503372916259,-3.7853527480232327,-2.0733165120901207
-1.0005874633226621,-1.6894140924848906,-1.0105512260644385,-1.9276797535506207,-1.5613853172543486,-2.3079963478870527,-2.1849351796434093,-1.7249030750263543,-2.1263989158887777,-2.35708184566731,-3.4337711379912217,-5.006414066154845,-5.849362291403429,-6.843014210762288,-7.392828482294033,-6.594667427448081,-6.196442871033692,-3.4039739181315305,-5.200553342207608,-6.110053530945425,-0.597476461610635,-1.816405067136586,-0.8657659146886794,-5.045303575741529,-1.4441646439794233,-2.250624630249257,0.04256766004415474,-1.765679946521069,-2.7688256750727387,-1.6918145562688527,-0.9594324063814921,-1.9550239350029324,-2.1384355096131236,-3.3976882960559305
-0.9435050372992849,-1.5706277083221214,-0.8234086462803498,-1.2732174556537865,-1.7065900694478588,-2.1664643554880443,-1.5172812921693353,-1.1272279573566208,-1.1066007998890002,-2.2471381011716516,-3.589560534261245,-4.323578809994948,-4.974909581568874,-6.19641527670271,-4.699123454391492,-5.865834596947288,-4.352609519201891,-3.2981694812592295,-3.0934670320168345,-1.7755554672564,-6.265880684111628,-2.795567681361532,-2.784047068898257,-3.0666465723401393,-3.3546257921077465,-0.5571772398973067,-2.776262345142456,-0.38957430717240227,-1.69348655257401,-3.8635218397167805,-2.0689370666836115,-1.7893872058537053,-2.1884297042594247,-3.326690877051829
-1.1152729316544137,-1.5542512491371037,-0.7126597717649467,-0.6030270337202019,-2.063757709844344,-1.918472419404907,-1.7162140170014202,-0.7190909554595182,-0.6250309812308993,-1.6967824460893974,-3.8223123925993043,-4.093016474465537,-5.041298844743302,-3.86188897152762,-5.259014267615072,-3.8921266069901237,-1.7940385119234774,-2.462067236918381,-5.201623427074999,-0.6200941049253319,-8.049391989144825,-1.6940897434552205,-7.6034472013090015,-1.9267706755761225,-0.39055140719615594,-1.1325558596505143,-1.6301568140491898,-2.2475249755416673,-2.896791541121134,-2.766044495999884,-2.5872081520956534,-2.30260860139512,-2.37084976791466,-2.807706523213099
-1.1434394504072833,-1.2811855662035088,-0.8591751824511511,-1.1717724900482704,-1.3370951737429173,-2.1363155198380572,-1.300898973646208,-1.0490591878296458,0.1278142311854925,-1.3432384616856585,-1.6706241175144139,-2.184488010499132,-3.963568350038038,-5.845004432925482,-5.3443049981783695,-4.849505758161879,-2.350509843687321,-2.1265815983701035,-1.7918087006167716,-2.5550679350932346,-3.9788897747807885,-3.89942410580631,0.14762581549577675,-4.0596795826934295,-1.1980238992717964,-1.6193566779401507,-1.8693524272604727,-2.0549235732651403,-2.7578935175635477,-2.571389269464994,-2.564633702531777,-3.2454455095469807,-2.203679530419548,-2.7749129357526225
-1.4863635347550221,-1.1003121272861494,-0.9074826949881561,-1.517397217177596,-2.056381234372777,-1.448864925527833,-1.3820883693942019,-0.35522419845279524,0.010940044549493043,0.4824727600130479,0.5016584235491829,0.3264488189108136,-2.998089377231813,-4.174074051655348,-2.2330250993370657,-1.9358340671855998,-0.6115247565938268,-2.7426829434051774,-3.919956331829562,-1.7438373666678162,0.20768674888423516,-3.5347931489267777,-0.7793443596446331,-0.7251520358223188,-1.2382153254475718,-1.4363186914701185,-1.3470173671070147,-1.7891548779510902,-2.3841592263070464,-3.0285951640454036,-3.0264249781095005,-2.7499881091209275,-2.580284119886225,-2.750198702245399
-0.9200565257863246,-0.6373286083203253,-1.0753335096875707,-0.4173433850007237,-2.2709201069634823,-1.466898338817306,-1.035698682625124,-0.2597933846606214,0.6341916293121087,0.8179718166496474,1.5586295324851558,1.5213180664303392,-3.0301319501968806,-2.25942580164421,-3.287702814379134,-3.775819028675936,-0.9685365895424886,-3.8571649712083804,-3.9475763587518435,-1.2539698507554358,-0.4355655391756025,-0.5235002738553342,-2.387011066343565,-1.7924115692768583,-1.893075109580339,-0.8444323348926867,-1.4140113938028067,-1.560036165315163,-2.8316991964985694,-2.7438365040963477,-2.6799889051134818,-2.594246823400511,-2.9815979508772403,-7.156524459839003
-0.9265420200457452,-0.6294398298170889,-0.29781379864719554,-0.18418974482013556,-1.7910086468751252,-0.8020593420230092,-0.23776009347964336,0.5606024587032921,1.958106150127616,2.609682460957832,2.244892936347901,-1.4034027537436136,0.6708676233242852,0.16998238057757098,-0.13456990894720885,-0.5706845794745455,-0.1289224382977398,-1.5419121165138379,-1.733052874072982,-2.169391711541727,-0.6024416704449549,-0.23147262145477757,0.23641849846660679,-0.5061510440535691,-0.1722796323608689,-0.9731222090204307,-2.6493289383349814,-2.0652731551052317,-1.7598917855475034,-2.4188859473086812,-3.101651855890592,-2.9584556731358793,-4.419983529079059,-9.140464408155124
-1.1664547509999619,-0.6584593673839022,-0.5296092241035868,-0.06523584221127578,-0.38746134794269116,-0.11179648634758708,0.5063436899856155,1.4450532905973204,3.3116152169521924,1.9303659940256905,-1.1718662259846848,-0.25670906194874277,0.07860155782991092,-0.6084031362942863,0.8152140531994736,-0.799966622327273,-2.324716823200611,-0.9528079836121006,-0.47586108518223347,0.986756371959532,0.929014761678843,-0.47122651575804303,0.30151731723945874,0.6901457372318592,-0.4695856140932508,-2.081653710044361,-2.21367399895704,-1.8163186741477186,-1.7570589166313335,-2.317480589614023,-3.3555210419173824,-5.958338951349431,-8.924394773344059,-8.9364930183386
-0.9332262955514156,-0.4967588140855407,-0.005816348995871709,-1.204660435044618,-0.2170451175263574,0.20613610002297567,0.5546500435583094,2.2068632260051646,1.2190695905235287,0.03240804530824913,-0.4260037984922172,-0.6673659966812395,1.3821582809644206,2.2479499728099954,-1.1990192106609416,0.4202320436172655,-0.13319673891868153,-2.3948765783360484,-0.6392751437092498,-0.6341476455517536,0.20695925963434073,0.8521889972164517,-0.11726793870558498,0.4943450437039021,0.33432660788618,-1.990798855637948,-1.1757399465940082,-2.727833398849752,-2.9150359740384424,-2.812691684969687,-4.303618374129263,-8.078929193999258,-8.395245598431533,-8.260242162860264
-0.9021755838346578,-0.5326185698746687,-1.3577066833248015,-0.9950950194530453,-0.8064694733681778,-0.0891583028107866,1.3462908437918262,-0.07704234502747608,3.1181409041675425,0.3162790537462947,2.117122990811258,-0.5056635641904148,0.649223191885446,2.0118938729919047,2.800320182444536,-1.083169574201762,0.5285238496322338,-0.8645066441488828,0.0041438677083878925,0.42818969333323975,0.16945092173540158,0.4806295185551615,-0.9556469800436985,0.915778702870377,-0.9044061893772016,-0.3696612106325563,-0.03161980446920854,-2.6705217587603487,-2.108789324547243,-3.6699931850090444,-6.873515262914968,-7.544105582607562,-8.113231982381,-8.348301590116455
-0.9077564457074818,-1.2347600148226396,-1.4276102857693054,-1.2575040388615202,-1.0695338427649412,-0.3443753414196542,-0.3794351779754937,-0.6626987681273098,-0.40457030839326286,-0.14789910982538176,0.17042354448492328,1.0588520573748863,-0.5762125377653992,0.18106746717985778,0.8814349937625744,0.10507692865746701,-0.7565995267022244,0.8214381659120054,-2.1896907776938583,-0.14943560623579136,0.0867774900447488,0.03281123985177804,1.3090092951098846,-0.005897344488913472,0.6797998372704511,0.738729563798365,-1.1645555741341462,-1.4407673273055592,-1.6392979976568616,-2.6441669834519708,-6.8453397762738435,-7.114202182715858,-7.560734217628516,-8.366317071473183
-0.71169290840238,-1.0716511288829518,-2.120595437458959,-2.080773447849624,-1.1734925063084554,-0.250093772596119,1.1766363033361091,1.0230615143398856,-0.06883211305138608,1.7810390209860851,1.6170033706757314,1.8892493938246095,0.05487946988385774,1.219568228880514,-0.5531417647098126,0.4989526002733873,-0.10331893837210632,0.298393974360154,-0.9619543038826225,-0.5215704144478616,0.1804100597626584,0.1637223196223937,0.99613418018175,1.5598295857966686,1.032129765400013,1.039228131807046,0.6169933237659253,-1.380630634694948,-1.7546711492133884,-4.071740069094445,-2.1057630441599864,-4.482978753056928,-6.701064690497675,-8.104559906328332
-0.8449255263411538,-1.0021540505785682,-2.7690494248386717,-2.7786495947466525,-2.0519875218709074,-0.5594534201567254,-0.05896200020236111,-0.6956878055367558,0.8702018340548419,1.3014131344455422,0.5646641301763137,2.3542321286373964,0.6895597930206119,0.10732996052170418,0.34638175228631385,-0.1655609965496674,0.11763002989889075,0.36197009887897574,-0.1371730587563612,-0.3637129981766377,0.6100063584156377,-0.014805781765170896,0.5034148823374245,1.3667020713506568,1.4409780453797347,1.2634992682189328,1.6933699479125914,1.4321225374868183,0.9233634941259067,0.39225592012472954,-0.6009703697682609,0.41363005574779665,-0.6681335509413697,-6.534405449931057
-1.397244897186755,-1.031818358596021,-2.620947353910601,-1.92965727161246,0.8049583955010514,-0.18665778036693012,-0.7379987753523652,1.1037927603362054,-0.38201727207912567,0.18843786822868774,-0.5627336646208997,-0.9669336402577016,1.588947857631707,0.9622726158708372,0.6894350648186095,0.16393846716254695,0.4877969217988169,0.4683978062350384,0.0017710476471966437,-0.2704553803849255,0.9028237715860437,0.834014320441295,0.708415934297814,0.753840103906308,1.1052791302285538,1.2509210892427665,0.8472240956086637,0.8156575639067888,0.8126524506609999,1.8539283987767707,1.8376645355783956,1.468032892259072,2.943237054640398,3.601874940349654
0.17668901714347188,-1.7939786785439096,1.0060939330844412,-1.1449304375728253,-0.77917941440261,-0.436515270143024,-0.9837523446542389,0.7908063784562608,0.04052948617286584,0.32551425204719053,0.7183018245476801,2.3010210947608454,-0.1695016719440862,1.7764095012076755,0.5042219859095247,0.626881731043488,1.102894568305269,-0.6150540751072268,0.5179904287324586,0.5474789454918098,0.7975858430384719,1.2459957500834566,-0.04737120731326441,0.8890920212761492,0.5050291669504039,1.155674831460148,1.6108521935072284,0.9630230742256679,0.4459706824821142,2.1351751798196865,3.375310966440042,3.712225945002274,4.522636973114164,4.985394172976882
0.8661171915894567,-2.4778909825680207,-2.2033995720344817,-1.6257266663315848,-0.6217816554403774,-0.254939037624519,0.2938192987887698,0.4495638660223173,0.4642722659626546,-0.10592255030823261,0.4635444101411264,0.9845484830529924,1.4057294618876404,0.8890975815265953,0.6862254658948307,-0.3415004546453812,-0.4070109605400141,-0.4714631184281433,0.5643457303269367,0.22152620618542257,1.0840819801020039,1.371286364023765,0.1552041548923175,0.6537044382977324,0.8820323513372194,0.6213028489594393,1.1522308945490451,1.2733294372332298,0.7406556947921058,2.3511056502524332,3.893748791648847,4.260533588542974,4.4382038320529755,5.0210115728710685
0.647424341247152,-0.9762779929583213,-0.28804580494683,-2.5469576174161856,-1.1389373070848396,0.43461891665821584,-0.2500020586010117,-0.4758917531385608,0.1365268524914425,0.45932159388639326,0.36518882599746016,0.5758637101848993,-0.4252264642190545,1.174435680361427,0.456150920810621,1.286216758522518,-1.5256582564639811,0.10050906127967722,-0.22295055216234813,-0.5619936209031033,-0.39269343373422116,0.10355755261130628,0.9614913483190966,1.0311003636362088,-0.062199782904426786,0.8174336550942815,1.125840923216999,0.6734013698770414,0.9533986596440102,2.2131239839635133,3.463774598829226,4.117694583635432,4.026385227993125,4.485825102536872
1.4390435614311994,2.3223172706664363,0.6948711267944333,1.3326246742967445,-1.4296224218924731,-0.679884283329324,0.33837804550135075,0.1437540317727509,-2.1712365244195353,0.8822517309321868,0.687382460923577,-0.26487318995827375,0.8625871087064041,-0.21440372972355373,1.4662400569892238,-0.5862022232250469,0.5933631308752537,-0.1886641900821481,0.5148790340445192,0.3780057779817544,0.4626412087011766,-0.17277178638171634,0.3827433916324024,0.4983558914024098,0.005919763195020389,0.7489255686405596,0.12990279120241452,0.9271255274493606,0.7283218196308655,0.3453365798033783,1.2195734934379123,2.208999068636859,3.8963045716565023,4.519122517819996
4.990512135550742,6.759765305200938,3.57890097781375,2.6752290063236956,0.012670548399330418,-1.8123718116641554,1.4973877395919764,2.328719570122908,-0.8677532728839238,-1.2447676890709567,-0.8370700328975319,1.2671088811728368,-0.9719863872499845,-0.47135035247232143,0.9042887105720331,-0.47555256807890806,1.0081531077111952,0.24752325194531113,-0.2288343679593062,0.33310450792678986,-0.09751680959327821,-0.22621387146207453,-0.33878137327316254,0.5754461429680221,0.06885528229644053,0.29821998799197486,0.4529464938702959,-0.2200699099664786,0.31574161965478104,0.3247913460543948,0.29948610424520655,0.5116595664757592,3.037570175676604,1.4381361018713197
4.183060379405173,4.422622043231789,2.993338479310136,2.135225310745843,0.8959192349797235,-0.4844895161043177,-0.5516979009548324,1.1301184051405833,-2.665838168402006,-0.49583198158957614,-1.3303537436992352,0.830887136635949,0.6089819992404804,-0.6286533440097907,1.534749321545603,-0.42775052714547895,-0.02871131725772951,0.2544058413382801,-0.07449951328650749,-0.6836788379337543,-0.35080709750699995,-0.3577917076076927,-0.10455019697850892,-0.017474490053974622,-0.3630353540895888,0.7008265072751027,0.2650921997227784,0.006589240733974165,-0.20337316906619435,0.16359484959769777,0.13008910883140254,0.27773707617596055,2.0551470134351257,2.933486728581735
2.3799841506923887,3.4497439595378303,2.954204581068249,1.826041232583258,0.08114177121907303,-0.2167848740169771,-1.9445511230065418,-0.6695344442918038,-0.2661146444263862,0.8329321033728415,1.418315075689806,0.7569643836910919,0.6318768521451678,0.3557662724790846,0.29761772442338164,0.5402247716466865,-0.7320888481794304,-0.9345323757737586,0.6820348676224232,-0.9053360571867642,-0.7251120941169253,-1.6547837102240042,-0.2758802656324417,0.21605000013640963,0.1712097820178491,0.17375782687392288,-0.3786349715453942,-0.8317977373195018,-0.7001012844118207,-0.2918236802293412,0.025030182599756944,-0.1289544866195626,0.5013922015548198,3.262980739272392
1.095447556229838,2.7396670335870787,2.346791236643658,0.5494562088165504,-0.6654315714732448,-1.1731103797904028,-0.5236446971122274,-1.3881233714062087,-2.329344184799624,-5.575977584141829,-0.8301064692748257,-1.606254421472318,1.305396500940552,-0.7595752361619131,-0.32063123563572216,-0.6991380506221593,-1.6506156256502742,-0.9238469064206025,-0.8971174778211617,-1.3606993904420306,-1.2617041653037742,-1.3828877138993394,-1.700211297474454,-1.7588408356146288,0.09937103962171298,-0.8711354624166577,-1.0933957939992696,-0.710341249195052,-0.6670606942308989,-1.4163814691105925,-0.7694742425612796,-0.08310210622441148,1.0440690386822462,2.627933304568069
4.073265700370297,2.9103938989925116,1.024793356343767,1.191986427553321,-1.6085372014868267,-3.4813915709826833,-1.4050522195100255,-4.897272279858659,-2.8490029932698664,0.0034569809414840575,1.1328469702956443,-1.5957927179019917,0.2447045649890015,-0.07015118295257544,-1.1348009671364394,-2.1873339639723555,-1.0840756347790745,-1.6716393080154897,-1.46475791034435,-1.8109830398826903,-0.6958535708640325,-3.3887557040186587,-3.1473341601925715,-1.7389816684236579,0.01446585803018016,-1.478886232093445,-2.326653519192546,-0.8682826704967078,-0.7594793600374667,-0.7289355298681631,-1.0427941042628344,-0.2884476972999728,-0.2949660974847435,1.1631722422691368
3.0418737486010863,2.78297121570708,1.8930604882154392,-3.0295955401484838,-1.5825186924164014,-2.0556769071802803,-0.9887670374764538,-4.915348782783577,-4.401414617107816,1.340463810860047,0.6775997292779656,1.1880692328839644,-0.1992752634986611,0.316819178177565,-1.0686796805933363,-4.979557866386524,-2.65055778338914,-2.1976280736843132,-1.5335787741972944,-1.3214958793321017,-4.327432683650231,-7.312178032504583,-2.4547732398221394,-1.452560389411152,-1.5874941166420566,-1.4142080006117284,-1.2677271603764515,-1.672645378317471,-1.211211428767995,-0.6664411474690676,-0.17758199764898708,-0.41066195859373295,0.8288516384324175,1.5997077334098853
