script/wind50m.json
{"header": {"parameterCategory": 2, "parameterNumber": 2, "lo1": 3.000054539987559, "la1": 64.9999836372058, "dx": 0.5, "dy": 0.25, "nx": 34, "ny": 52, "refTime": "2026-03-13T20:00:00.000Z"}, "data":
[rows 0 to 23 of 52, columns 0 to 33 of 34]
7.006664936599584,7.43897634920893,9.81870319051658,5.998300577898248,4.201092749794204,4.526277904398132,1.7904639733465189,2.7811566536034995,4.596514302442425,5.309974357327412,6.438772474651291,8.151285395326548,9.059658120232529,9.247146893794246,8.011257688500132,9.298437669558643,11.640073028201233,7.761458846389937,3.8847541371051855,7.058019908873129,10.984371246142487,9.64191032340301,10.452279019405953,6.971560216109193,3.793879916221953,2.302305702895907,1.2053953864618476,2.5729574122163483,2.6432434077095084,0.6462424389645831,-2.0111220365154754,-0.9751510973855148,-1.5410486533850267,0.7328553311958814
9.590857542670843,6.686428817545098,8.926731898345675,9.498284508985051,4.970110736024066,4.088412797863073,5.154879182551723,4.894605160233343,5.080081975386941,6.177411099394371,7.575211072618493,7.947566546740141,9.469508073271122,10.337867039234943,11.493190900528033,11.154536139007938,10.761053117441744,7.730115354020681,2.213388524463394,9.258313628934546,5.418401413207626,9.587924069579106,8.002440424303401,10.912385957417632,4.703520404594001,1.838926097926245,3.878450380320205,0.9689576174888551,2.4547578202710465,2.985979525739334,0.6087166217776265,-0.6410962799633788,-1.1994790335707857,0.9241538595000306
9.852833603178098,10.014757418860643,10.157253067089385,10.466062681390177,6.341208827172336,6.370347579795681,5.227927550925621,5.089408243456904,5.342966391916035,6.816338666684631,7.572301756048108,8.346788246456656,9.222453429620167,9.622887669028358,10.551989944649193,10.627022442879003,8.531008249684986,2.354203827850353,3.9029265702375873,8.280422546152696,9.099187092327933,8.891413803559296,8.397266476029218,10.349720923468984,4.490426335374993,2.1477799274888354,1.5403446295723071,3.029579425091092,3.1759913421618244,3.911659846965998,2.861645086749856,1.444789793167002,0.03217498972277711,-0.1253707934539358
10.214910510329899,9.937351514084263,10.05904163411493,10.505353708826531,7.650035611811585,11.536219311316886,6.332545556730062,4.801064864949989,4.904045758137898,7.015488141448795,6.577278129259839,7.825031593567549,8.276349175809143,9.230241679495792,7.3920285444867515,6.96432807728046,5.630605270525225,4.083343609411979,5.788767091388826,5.856868084224455,9.357851355230933,12.591595240528271,13.456348703551198,8.111639352745446,3.7685158483121994,3.5250777515048526,2.8052892231544946,2.8348221250020784,2.8882634175969266,3.49346650152822,1.61713123860081,2.7832312313984042,1.7318260793037492,0.2846343766129313
9.869048014423191,10.264643898547309,10.345836659385382,10.398921252167362,9.493376331121908,9.595326277853733,5.615016329110591,4.032879087380913,4.812576394315359,4.797553024001652,6.140679728516424,5.295120278749173,2.9714724522143174,3.7462202381852885,0.7961685091985836,4.076348310618015,6.481412072023864,2.5655734726674067,4.667372182564914,13.899975526281885,10.47273342106773,15.024446664197907,7.8673794133339285,7.782377861917173,7.907059022496305,5.357153685537962,4.92161247793381,2.1531194001760103,3.5541342617350717,3.670545481094457,2.373750300094288,3.7404847988189958,2.7231231453677247,1.482777352297228
8.998079954301572,9.19510620986407,9.962453037752601,9.895875948043914,8.047594383594546,12.423634223901045,10.656074342725946,10.823282256727646,5.13246038378251,4.9229606271705535,5.9198685166133,1.1222316764300928,1.5693190760377278,-0.0012850687077283626,-0.1921816194115953,3.366747902182364,2.0141105550641027,2.2690806141568407,7.875953850174919,5.20787712778502,5.339728315705909,11.187496249521152,12.334882661461405,5.875839748328633,7.782925433111238,6.2422471224962575,5.605477009607568,4.381084940752035,3.5428704749037907,5.110501600443291,3.5069007196401296,2.3067002208649123,2.758427263408719,2.2844453204201236
7.585370332183172,9.801869425498444,8.366326804223753,10.069090415910116,9.684323267355701,12.19441938579483,11.47279789689216,11.393898754388601,9.314639940587544,6.159528570053354,2.5784669583505906,1.9019194239641155,1.1261176046087362,1.38208710545904,-0.8797922832116806,1.7447817552367562,1.0332049885620505,2.055504208798003,7.717211839380472,7.439188696086716,9.0757135402538,7.7336226477776275,6.791551473126952,6.382459769849064,6.988784103658283,7.697152729619532,7.282907635592792,5.661414521260455,3.6522862005265484,4.205938676077963,2.546910797814469,1.7982850652514377,4.109378254523582,5.950512753027226
8.946393972379115,9.110102009760647,6.700160956270015,8.747399864916872,9.14301190549966,10.709341562241363,8.523949897503412,9.477296783293253,7.906542231249992,4.951618106166471,2.153005883327668,-3.946801110506791,1.0372750201100818,2.013749680604254,-1.72093078686508,0.8197534906257045,-0.15768597424058564,3.6683661412585873,4.969104491686669,6.079325852063725,7.279509764295044,6.50895452258954,6.811328529759301,5.065438737447471,6.596952985390717,7.479700877610635,6.747486522720267,7.085813113079775,6.025545631745684,3.680501278038005,3.723660615874636,2.5257021263642683,4.611517281776762,5.784267729188294
8.014568689439818,7.910082319688632,4.1457000505927795,8.146872332658337,7.954173915428024,8.556062147941109,9.229558996052342,8.32623923177373,7.1403250926059165,2.8996944421655457,-2.0489249732556685,-0.6516029486494705,1.4467980428899938,3.852311949772694,1.66774682618338,0.024994443057104278,0.42877015240352184,6.430822560405288,5.33984661638804,6.738147542542039,12.842185979525418,8.743116460336715,9.758520850481142,2.7645120913775854,6.746052672028508,6.3034366607329915,7.557407054941155,7.683214575261184,6.512268896945237,6.327266933372395,2.884192195696416,3.1961714034139384,5.866862085085228,5.888825864741055
6.198419862452514,9.09648292813961,5.2786428732480255,8.083758840518202,9.493065271390769,8.799135638691194,7.764674954962692,4.347914428624509,2.3643748001479463,2.4586480579557155,-1.2055618081076758,-0.42763063409012053,3.5743739916599706,4.0565475743591906,0.2034607585568707,3.7921411853870706,2.400617019667665,2.0301710598206673,5.470966606132405,4.788876321350462,11.070376759758998,7.53867283477707,6.688191438575604,6.96822857100506,6.223436210307961,7.462153762182004,7.5651138986693525,6.8830641779320745,7.030723379463656,6.653536180583013,4.543706431316956,4.630568947826255,5.708457578995987,4.782064596472508
7.169936761550307,7.398336434433038,7.555965679206896,10.14335056318161,7.507940666005866,6.059237876949392,4.345451963390489,1.8553210482253353,5.010708389099222,1.6801035628802024,3.1891270434912706,-4.6142501621346605,6.4364500497567985,9.370160853304458,5.81553015494264,-4.304314355896067,3.0149607702595604,3.5672211062958037,3.0990239638919905,7.8641324060263385,6.1014437307048155,5.511405430264236,6.65588708992465,6.713782868726435,6.0275492415442775,6.949319847327244,8.155494583810393,5.970962874579797,6.072177657107423,8.180108280977667,8.063193928456256,5.947177316216751,5.238037010645599,4.076944887278323
4.087523847827207,4.2361235044344125,8.161196763266368,6.908601375915883,14.534701855565615,1.3101506769084625,-4.1635698276803685,-1.8917345678995692,-0.5973458777299675,2.9041374634071464,7.901115434667376,0.8330952946342907,-4.868569051454584,8.214848215732884,4.595323973288807,1.8929706788753486,-1.3967925191193842,4.223746763299529,3.943241869946375,5.926201304182434,6.41012975219227,5.1183151032071414,4.065170647380078,6.854095292148433,6.577568652537201,6.209316978973248,5.578299579489631,6.921732049031245,6.779183008964314,6.584286048493992,6.876435621160484,7.436901998601909,4.734499062236112,3.229725779843981
5.029267228746406,5.457161766351206,3.8670857435446306,5.035433679408597,8.296474240883217,1.1148746385364146,-0.14029928690384508,-2.226491293904856,-0.04467932692864497,6.794550456369033,3.0587991005866195,8.028211343175059,2.920177765776622,0.43595715649148586,2.8266584983367284,4.163859550629563,-3.808912843388165,5.245063046024258,3.8732601317376405,4.099169638335117,4.821317179478483,6.039508416612256,7.0813970163351705,6.674605565248281,6.998646571497059,5.332866504888474,5.854851155441739,5.462871418585575,6.802107931611295,8.342956238598216,6.908952946057659,7.51688793869316,4.773213635366891,2.074246368789424
3.899078570873943,7.192627343878049,5.922284249034131,6.326102360095772,4.846543241243515,2.826999811345598,9.575769127182376,-1.0770742961466595,0.8673797969257658,5.90488831241585,7.535756676708134,8.844688358836805,-5.181222289427262,-2.8092939410577995,0.7317080565520391,5.183164818074031,0.9615568704719131,3.281913311059598,3.886861875894596,5.562143401576481,3.7213765062109787,5.637210344649416,6.318529522601518,6.15861628320912,5.020649209119194,7.246145989012723,7.723001058962369,8.01241317270449,5.767500655753245,7.281085336521977,7.866977881175645,6.3958723638803825,4.5906048984214785,1.6244802274415984
6.471481091893517,5.736789299118774,7.7684746417948105,4.64708630203731,1.2480508208321992,0.9967162622370511,1.2525566945364972,3.9289941444327785,0.03973645018874458,6.850502791303185,1.277853217679903,5.257181463820651,6.6324254353093774,2.1340139430824214,-0.47254284896953597,3.1893332702489356,-2.767190500261359,0.35788203569404303,3.4931392738159714,2.9193086460825706,6.076499537576458,4.9651921107380845,4.64887592719507,6.14580954153178,3.9161553944818572,6.129775059874827,5.2740636490022945,6.804450568696976,5.10013715716884,7.196625540866009,8.562808014459307,5.705778705430778,3.4127060145068002,2.833742693377672
5.122598856107661,5.190425629641624,7.162048390398065,2.177487927195197,-0.9345326845403961,0.10221240254704876,-0.054149509030086,0.5341496321140559,1.695145874749122,2.7608638037222923,4.5285138843040675,5.132297380274857,-2.3287391700840416,1.317491290700393,-0.858873569813756,-1.2355016673217425,4.713268679026004,-0.8968338903990825,1.811221565466432,2.82129833858184,6.599098583915192,5.129382724638215,3.3386939222658567,3.6145805509730033,4.570050113053327,5.517918936821571,7.651961149183147,6.370056816328126,5.845932185662884,7.339481985687016,6.7271650464344,5.056536437965861,3.0214484170414173,2.827404829862456
5.297890613453372,5.056237819790784,6.390720264360414,5.342618435365673,-0.2717143673232193,-0.8359538313031665,2.1500144779886203,3.0303652801569907,-2.335118853943565,5.876373997121758,6.421017355617824,4.642102478754974,3.2610308034431896,-1.929626505901774,-1.1907350551037348,-5.698544333831609,-0.18592655800782706,-0.5968041518071225,3.0503348826856365,3.953058155603008,4.295287595604648,4.379985445949507,2.6489627883105236,3.9094438818230968,3.0957744974580605,5.0821635047795,6.540157723791831,6.551223401546268,6.3279473175106835,8.463064185428964,6.609302226552487,3.8840815988151776,3.1892018521452847,2.7594167370096314
5.103405412493552,4.909369891929349,4.686902296418536,3.8336513055888966,-0.7168612938296938,0.7906814085322834,2.9043747520134837,0.589625327182603,8.466255695468814,8.056918072634112,2.296725249943828,4.5737559846175015,-0.9421103567322476,0.14419726690703347,0.812275761162724,5.04174281390051,-5.766228133817335,2.472988337792195,2.78118419282263,4.029655728306494,1.3532377937947402,3.3411032092040456,4.216798684735911,4.726837326562682,1.8431893126936023,3.3278145116813858,4.756553379963897,4.823940343212866,6.3288647260788995,8.463726917793824,3.440056651104138,2.348199309451171,2.053760950281902,2.394310025022337
5.055636914474289,5.175807683696231,3.8716528010984095,4.540646348723138,-1.3510598630888322,-1.3100349531538664,6.363811683881024,6.699835524107477,0.5340195295331692,3.905517408357649,6.372033277308839,3.776273347478623,5.278491541410991,-1.630956705167645,-3.3883984242067133,0.6445674942771518,0.8472502786665277,-1.3712668223488635,-0.04003486996330129,3.1596975032495247,0.8960872331427094,5.124396887322482,4.311895193383931,3.302202460042799,3.872804871344669,3.7177760317401156,4.369851414949555,5.017486079386835,4.3551619321615425,5.868547849470374,4.4287891880166725,4.147952364811389,1.1981397690546862,1.9927114302391866
5.332562148373706,5.020860482155437,4.544547417363662,2.8429400164852154,-0.42749185939049644,-1.727411413554388,0.18478957232915819,6.368177540997263,6.4958619811156435,6.133209509596847,7.271886028421879,7.38927314171992,-1.5235743047981645,5.249454598577456,-3.0921933063789027,1.257318698106833,2.1111303670027586,1.3990291864426116,0.45513382027543703,3.349151394514827,1.8297207136787688,1.5339514150032527,3.498636570740996,2.9763811336905377,2.28083132525201,3.318089694598086,3.548947545471089,3.668619817442173,4.529225125990973,5.259031718130322,4.28647486465025,3.875936124237058,2.98302721671323,1.2519898708448673
4.256776426710934,4.052850906998796,4.721727123310483,1.9753767219697018,-2.0257010386970244,-2.776760418333104,-3.3343952793891223,0.8230775531373824,3.497761989765365,4.051698829738445,1.5703240607400568,5.747206526422245,4.571891577747887,1.6728301559797396,0.934475864268164,0.17013173375383436,3.265817192924386,2.0238914297991615,2.757291987536839,2.8722872722867203,3.5130607475942566,1.1560514765098866,0.7824637509667615,2.452132870873138,3.0715062962000146,3.589637856118414,3.1676029612403354,3.3335189957210964,4.368034363567704,1.072085588239558,2.2379496971961115,2.4191572177779186,4.235046443477869,3.805745579612986
3.9907827479179527,4.399999993048675,4.351117096912403,2.1966039273728906,-0.8119531840044343,0.008476565019263735,-1.6779036584358147,0.9437830186947981,2.6769289323419847,2.6674653277998313,1.2420394393382588,4.725382580067014,-0.643256253748122,3.325008653562442,-1.303636344092643,0.41048720826687235,1.79441279472295,3.0853223068174533,3.884598813232319,2.0490585277529894,2.1870952234253744,-1.2303788404856568,1.978621990590196,2.942264908588709,4.002691241891686,3.501812261817537,2.295398829523847,1.7053633737027794,3.152813634030349,1.194752130540595,2.402680684136786,2.901231728973749,3.8162865092373974,5.571423253622424
4.3569485450683,4.2146163524185605,3.5703382815103684,1.019768557438383,0.46565684446674355,-0.1762073961429945,-0.9207101863682701,3.7970376553408145,5.223225671141652,3.739570522296381,-1.3363447078133066,-0.7967894306168319,1.4629902328419562,3.093590659166507,2.5160096710372613,0.02655378781647379,2.964884962458809,4.389416260114883,3.8165353446744206,3.691477670867407,1.266122138665117,0.5584145296281955,2.2291862608252004,3.882779620122368,2.958476007710317,2.2524811048666553,2.2553115358900664,3.2873077345158,4.051536316349929,2.4901010764954385,2.5007008604553755,3.6732342256870223,4.329664525958603,6.122082876044457
5.472607721797036,4.4638310114915365,3.5255714682222226,1.637127763766625,0.40382598115081864,2.762324281188878,1.395385422896176,1.6511029644850108,2.8844765424322727,-1.7321159096440302,0.7487631177319314,0.159188463585012,1.009935808836113,-0.013705128967384086,4.362514514869808,2.0620982991155414,1.1239822064429827,2.5539602873759764,3.1924280747177733,4.50407746093137,1.4714944039289308,2.9966039031697624,2.6273210695286333,2.30306009780771,2.4253350680998906,2.1371975320198473,2.161073438095635,2.7240458929745417,3.1223763842878407,1.716153018373002,2.5031589921287765,3.3266978457321814,5.52937532330818,5.2798991490468365
