script/wind450m.json
{"header": {"parameterCategory": 2, "parameterNumber": 3, "lo1": 3.000054539987559, "la1": 64.9999836372058, "dx": 0.5, "dy": 0.25, "nx": 34, "ny": 52, "refTime": "2025-12-25T00:00:00.000Z"}, "data":
[rows 24 to 47 of 52, columns 0 to 33 of 34]
-1.00225224849025,-2.0326258912874056,-2.533455022048453,-2.093247760712331,-4.552491693811119,-6.599305385150604,-6.729221412478094,-5.601304782677544,-4.773598372893544,-2.2457573562146806,-2.178587250171235,-1.1793863364139494,0.22821798305998942,-0.9704096317518045,-0.5654190552300178,0.19186555395350555,0.24181773502359563,-0.01241650074297885,0.2937861718383708,0.6659220791196441,-0.6089158907662682,-2.071879186472511,-4.375884425242025,-5.286671172325366,-4.5758781314912635,-6.449718174741079,-7.15172275870174,-6.033908030951022,-6.473649129980778,-5.100518241639139,-4.003042995746723,-5.579223973624154,-6.016658101657486,-6.24316992737747
-2.3397956112908327,-2.4051920260341046,-2.717350016440703,-3.897096557520906,-6.1093521082912865,-8.331140349868749,-8.644442473917563,-4.1069277622333376,-4.927359296411001,-3.311070168318412,-2.6747640567113398,-0.533800110979833,-0.8559157994010415,-0.1876568962799348,-0.9758245873860706,-0.1887761016172812,-0.11355277139393384,-0.966164252318783,-0.5567683749853368,-1.9770416000493793,-4.059061810401854,-5.356206885643996,-6.2026459096235556,-4.5031702042663255,-4.823465625346043,-6.5565332942557095,-6.9824077658990715,-7.427102916925968,-6.480293994118799,-5.900471208171521,-5.77690553807084,-5.841111158261704,-5.389745531292566,-5.750598709377021
-2.4981924672442535,-2.9549264912009323,-3.5295207868857945,-4.380661374495594,-6.482819773759747,-7.956527991520639,-8.90213850493931,-3.47698746759832,-3.980134613222692,-2.4238118802465576,-1.9986053538172672,-1.4704441107427075,-0.7583560459460701,-0.8669025852081322,0.023595901569815617,-0.30628086174835384,0.33143081734514396,0.5516150129439694,0.5505793989741192,-0.87341092654439,-1.3289989367226809,-2.226086217593006,-2.44955609623976,-0.04840087630552583,-3.1965462800755513,-3.5866328204618814,-4.674947257890946,-5.525428614663892,-5.128388025203255,-5.6900295152163505,-6.332577039344856,-6.774416636065774,-6.277078074882149,-5.279018172877904
-2.139579708398734,-2.752250750028729,-3.2948343025433515,-4.513118023084087,-6.382934621962709,-8.259104857157935,-5.881211402969664,-1.9024019856726604,-2.3721363014980756,-1.8810121589354516,-1.4659601674576217,0.0429411428448961,0.5018690050918556,0.10522354924761612,0.7397629653721722,0.7000294139162162,0.227121383843889,0.015292294309012525,0.07823609995407724,0.08696105489738765,-0.6165041078194065,-1.727135462263097,-2.5760120865920104,-2.102852690532857,-4.229921507424189,-4.891607850405402,-5.938973431985287,-6.842394564450873,-6.789740040168107,-6.8329627925119185,-7.0812206018104344,-7.603676403591415,-7.756487057903993,-6.711603538927848
-1.8820564308595586,-2.8015907346552322,-3.7765037619139292,-4.272417077952739,-6.365666556903794,-7.211571088655393,-2.947906302728284,-2.015839230584201,-2.6588888359351124,-0.7852980701374456,1.6863886806610555,0.27458654733589666,0.29185642988643457,0.0029041671020406746,0.3628184859695581,0.7177472540295704,0.2680856312225034,0.12480799963583177,-0.12466180534516397,-0.6521926581101357,-1.0755548795608612,-1.9785713505473326,-2.3601542500284256,-2.6539686546052548,-4.258012497909493,-5.142864894610006,-4.8987371315300035,-4.6659136480199255,-3.8857056243321306,-4.757005342891845,-5.27851785966092,-4.806166878314448,-4.407834450279976,-3.6318432635825983
-2.4598463893718043,-3.067526131403817,-3.7784142152073823,-4.4688616152733935,-5.863721768323975,-6.436959278795043,-3.8881275542119456,-4.157072537192703,-1.9228547343559734,2.933763427071014,1.6371236270091312,3.215795168438045,1.467938061735801,0.63967929688306,-0.07849427117684049,-1.0485366231510804,-0.26397850096655,-0.788899496244195,-2.267140376454118,-2.5479603699806734,-2.1525502181991008,-2.9777404544836426,-2.943521774916823,-3.0666715909107234,-2.7914820975779793,-3.018415417986948,-3.9259547118980707,-3.4583016022662334,-2.735092317166526,-3.5438111263568124,-3.877790366007208,-4.640630136302629,-4.788001041024572,-2.9261055998139813
-2.3331726530535275,-3.4864897877695498,-4.493556052694876,-5.2976143732851195,-5.7137344822370775,-4.073837971278618,-3.6280499760704017,-1.0292232870936104,0.43093776184431914,1.6068844359884795,1.1551482381367923,2.2942056139216302,0.3913146398094433,0.005522277639135828,-1.824725551315435,-3.295317673798063,-1.9891047941732283,-2.151471702708511,-2.1023190072337754,-3.3877830753094607,-2.522711836733702,-2.8881241195786793,-1.900532710505833,-1.5468098728236874,-2.6865797575405197,-3.7686152147728476,-3.1993957778940776,-1.3720757360217188,-0.559244901615025,-1.6633980777413913,-1.9682724928588822,-2.885220673134534,-2.4604147274029535,-1.3882217611393137
-2.6093666981533667,-3.7857731786204027,-5.054849476721449,-5.821421733646634,-4.792446583995537,-3.4337292369701653,-1.5471432909989193,0.049120602374368674,0.6674528591833163,1.9839285129236464,2.5611151497601927,1.5943932838101227,-0.7851301078458627,-0.9349080417147855,-1.5301174092138146,-2.753699189973107,-2.040401865439661,-2.0097438314388074,-1.5902304092937276,-2.304279179504845,-4.260882388194532,-4.24722069153543,-3.707090281262721,-2.4397955100493394,-1.2949158374753449,-3.083677877752959,-2.9543797935442355,-1.4191837882805514,-0.6389839124760531,-1.4018493909660277,-1.3276902761802198,-2.11625602504994,-0.9493533135679749,-0.06268462245052843
-2.1154795448938484,-3.759734005971695,-5.2451726140427555,-6.8255102545030155,-4.719382941446856,-2.696241307347756,0.6295095747438937,0.4725680988652052,0.48863892021034716,2.5944354834202907,2.697579073383334,-2.7743123214231824,1.6245458340670127,-0.20275445155641403,-0.347610699412761,-1.1010421532844985,-1.4222837663822019,-1.7965386036169644,-2.1052410857446446,-2.663801747220161,-4.872559051806888,-5.424675791839161,-3.2288865435000584,-2.1474289649163607,-2.5006095267344106,-3.486317239297259,-2.570605912102953,0.047322078847421276,-0.18187674410130722,-0.17118758027710354,0.5020033437416902,-0.13317231200277524,-0.27258910020882166,-0.42087861137423965
-2.2066344036191508,-3.561091853663399,-5.23354455898198,-6.835564278880942,-3.963034521846744,-0.5319279170238618,0.6034404705209244,1.5721675143085492,2.0466176082537157,2.151875707190354,-0.2239008454259561,-2.308802134567703,0.9358035463406148,0.703779874773184,1.261457267290674,0.426493689744961,-0.436279611619076,-1.2747495440011951,-1.243380079057773,-1.5668327321549522,-4.508357815241024,-4.691836478133119,-2.976229876986576,-1.7577026652359167,-1.7267810845262173,-2.7002129434424793,-1.0266309641534728,0.9249821895152464,0.09443175815765109,-0.24014468922671559,0.6294019134928397,0.5784696140497706,0.41440817291103893,0.12388914904540654
-2.4792426134451584,-3.708196423161919,-4.651674223066755,-4.838277029518213,-2.8417466688383946,-0.12351368764400698,1.8658411969340456,2.018027875230966,1.468012944997755,2.3184793867674833,0.3075475911939712,2.2825135413148034,1.5024072752622084,0.8990234485328169,0.49367560137242056,0.17971324011303438,0.03157035013009936,-0.45469832376228064,-0.3457360206604224,-2.922917360228413,-3.6626197454957903,-4.4077828213461725,-2.0514979251770997,-2.2145488773729998,-1.5726820161137962,-1.137156926747221,-0.6774999856211877,0.18126755305759143,2.182901981799243,1.516285077818847,0.061919057203727076,-0.24045298701220483,-0.06736558586735003,0.13876175391700823
-2.2879715292667644,-3.450380138480446,-4.248682334700202,-4.1799520745982095,-1.6825588889644199,-0.09338799893358314,1.2346248884077407,1.0222059999517112,1.00665291288801,0.9046826561160862,2.0495912705683743,1.396329184104816,1.124171538495789,0.8590573077162863,1.4229581360343433,1.1590872196864224,0.41007268470242014,0.05871177437911824,-0.03250140362720228,-2.573165960380447,-2.658540409371916,-2.6154966327761517,-0.7367784500311995,-0.3625186944475236,0.8344926500747399,1.4972991361244399,1.8171120941962828,1.4660170248017326,-0.8270023117169588,-1.2037126170693477,-1.4897647631029258,-1.8144623953048238,-1.8062625022778362,-1.888000739189674
-2.4218482043012606,-2.926025482347895,-2.4445159470939144,-2.34450058083129,-1.4970536944389163,-0.5880981913367584,-0.10289853529967645,0.10553037384473925,0.9675396133835036,0.9828437834318385,1.3754923019256122,2.3421597779492234,1.7345806813461007,1.5471450034729428,0.6624129594344924,0.12237536045484676,0.4859547239711914,-0.45842571249628983,-2.3200816093159315,-2.0196470248384064,-0.7874908044035194,-0.09841075464104475,0.621065234082322,-0.007210603814624765,-0.2794368865952126,0.10290969037236304,1.6852369448314743,-0.3908137427326225,0.35961973076592885,0.4188617753455137,-0.07746182713254375,0.10055266167262653,-0.23615247851600993,-0.7864814046951538
-2.662351461027352,-2.800926158019294,-2.8756769767245722,-2.6132633150077975,-2.1410903369526446,-1.3457934988557112,-0.7611621956756923,-0.05587392121150812,0.977493579755611,1.3975534668100547,1.6506809615382174,1.847330879107487,1.9041911439738928,1.109814639422092,0.6348206474231537,-0.28008229404129853,-1.4072057287533455,-2.374731575257763,-1.7249872582797603,0.5019388936963316,1.1949499130763896,2.0143044873558993,2.6689012972316273,-1.6005461086168637,-1.5816611560369784,0.14772808574120197,0.6164480605052515,1.1739086745680407,1.2733915993127458,1.1330414074967243,1.3251670169024303,1.3962871239459287,1.135837523252984,1.0338309674086559
-2.77586899466364,-2.890579706775906,-2.75938302603597,-2.5733608049198926,-2.3526466695041828,-1.545184326479482,-0.9038070902229262,0.04747641385158365,1.018247085804689,0.938947133350836,0.9835327973562507,0.023231113066003374,-0.3915829044908815,-1.2037446019168283,-0.394634052552013,-0.6300858734714404,-0.3273063638812811,-0.10553046957477417,0.4148543409213405,-0.08224386162617682,1.5261387056085265,1.780181844788046,1.667293555539595,-0.13958452458296056,0.7733175185899108,0.869259495746986,1.3354944876856767,1.7585816667732665,1.976441005366229,2.1972348580094594,2.7225145756675166,2.6302375971183447,2.676381976881676,2.663601477489891
-2.4751922214442685,-2.5508917887209677,-2.476149111394468,-2.301672955641889,-2.0287677261378043,-1.4696181770815009,-0.6469056126286201,0.05848720213958968,-0.14642525201578133,0.27865698890793683,0.4242138955176333,1.0229688507675483,1.1132772564023174,0.9783200057661464,1.4852038218354722,1.3065618293047225,1.2660254628391436,1.228311644018682,-0.21717125629133566,-0.0700422205401356,0.9915657445248683,0.35942230579171786,0.7672734275603132,0.657485742172975,1.9185212611327396,1.3434499975881442,1.4020612600526714,2.2835812242533913,2.2236614187655133,2.44153177075063,2.2015659186222427,2.523500822451792,2.725067001445293,2.8352034826111057
-2.667324593126618,-2.484562050893327,-2.311767383136552,-2.1908141930192104,-1.9347285067898126,-1.1216018255552074,-0.8219597729962972,-0.3506183214998589,0.17034464911352837,-0.1273638202044221,0.3866568730539495,1.6990358164071149,1.8597259258698597,1.5288365611838377,1.9938844919264533,0.3684101191814823,0.16849187307582303,1.0203388821725587,0.3664420243376492,0.8098151269339537,1.0536799527521028,1.1713399223787908,0.9557368591776927,0.8403446717023593,1.1860870205711989,1.2808007133432338,1.3620877297545884,1.5780271974416265,1.5255026989981118,0.4636782471165508,0.23523294155571137,1.2436373066026296,2.454638063483462,2.45681066112947
-3.066381323270515,-2.835509842732692,-2.4775817508296485,-2.0802417816674494,-2.0561674895555258,-2.1316020084537355,-1.1277021289983866,-0.8260657244603075,-0.6720453740192707,-0.6218799077576359,-0.1861474601787309,0.8755120471133668,0.8628483266858844,-0.39397940743265136,-0.423132907984968,-0.37227785764663335,1.0679947902375875,1.3409226588062149,0.9209546763413343,1.1497232447121004,0.8801107221932325,1.098241796679075,0.9126452037067345,0.7505353225462162,1.0058063898227216,1.242705615839402,0.11587896623717515,0.1640686320931276,0.25815142855381235,-0.7324363128752579,0.560455939098218,3.5436549754706546,2.079151651246413,2.3036935626831654
-3.3829630942335105,-3.172467157989851,-3.1103111131636902,-2.7676623474083093,-2.4282207431065377,-2.146998335833094,-1.6841054596772465,-1.1383235219382168,-0.5873941955674769,0.040707849164011774,-0.12481171091751449,1.0372737324269605,0.2436097892172912,-1.0468171576530547,-0.9683558793969289,0.5172594717591923,0.21798640363318256,1.1108474691045114,0.8211370990221647,0.6753141636673792,1.1653636624578045,1.945439907074275,1.6325836758137262,1.4232734233590298,1.3097211919185416,1.4128206312946505,1.3748926262900127,0.5787387322898978,1.0707572727452292,1.516206556274924,2.4000519519256756,3.005338490414048,2.4418284712494454,2.134269986926645
-3.6916240505700237,-3.352641167764702,-3.291374843912415,-3.2375330253004457,-2.9292241133040355,-2.243952791252587,-1.454795891539531,-0.698719177708849,-0.28545595830468906,0.24648813895223431,0.4345484706799005,0.20158561749027634,-0.9421361492455981,-0.7107690323789283,-0.6129481940236747,-0.15834380975859536,0.7345917466355032,0.23650905642568124,0.11753312949699236,0.19018616257811916,0.18644919441312607,1.5012782106912346,1.7070403051442118,0.9653355875044786,0.9120174425890059,0.6174877951721789,1.214875358728002,2.1594030779537965,2.3996549349028236,2.7387559962399557,2.4253277850957176,2.2583694070030846,2.7588659532683555,1.8892803454100433
-3.9270217363561817,-3.9491492543810196,-3.831300902423839,-3.364353624209906,-2.7582397694520036,-1.9027610345667936,-1.9600953532373493,-1.291710894323696,-0.6668698347838145,-0.008008684660813737,0.5334044260480602,0.9558487320555403,0.9483351057359066,0.3508942276822539,-0.11674697035218655,-1.4571340564413184,-1.5016828679465817,0.6331800706456061,0.9472674112447133,0.25794832549628693,0.7095177418355741,1.295930229078299,0.46783177677343885,0.29498803330231765,1.0771522876171664,2.166638316795457,3.591635089078206,2.8879175994460247,3.296363567212158,2.7264153893147904,2.3719867462771678,1.9943564333093562,1.8631851529842713,2.5415613320992656
-4.185929900907366,-3.784371499154208,-3.4888355190972367,-3.153411137215735,-3.0632127686709403,-2.751158594891633,-2.299831485896326,-1.717956290650306,-1.2530647463254534,-0.1517415552366109,0.7585856899688734,1.6034666905888393,1.1213912197086613,0.47602929130837623,-0.1154815900240123,0.34883633186852936,0.5094675624967182,0.040007026355861924,-0.6299562944967347,-0.5152122336386283,0.6884590242063858,1.3830990440029753,2.318411174029683,2.9639641538862715,2.849877778056765,3.5165354979564274,3.7693455382937135,4.746282110441839,3.7241325823003617,3.4103126680436397,2.8070586142296117,2.3728468301571985,2.608683989614194,2.9048261461950697
-4.42323231419503,-4.044357357129282,-4.169877453840516,-3.809592135161766,-3.545371781365045,-3.397474975839544,-2.293012387376931,-0.05098851627165463,2.0656216075984144,1.818965792760814,2.0370259326544837,2.37247401506189,1.7112913125388394,1.1477438367005515,2.0146514691550443,1.370641765447528,1.0921546640988313,1.2944836639113237,0.7802413116175325,1.3095785471752652,2.5448789374223026,2.2360371995368804,4.5413488119835534,3.2050413724045868,5.453361588944014,4.464945685025685,4.547800697538729,4.599048260464681,2.9539107489065675,2.528568407031574,2.8325311903745067,2.779117194106867,2.972933584011902,2.7742419756330365
-4.624338079968795,-4.023899124560853,-4.227763262217446,-3.866076977056537,-3.9905105434734702,-0.36219958641807004,1.007909695644349,1.3434552277396383,1.616087503646778,2.064266651015717,2.1924435261452238,1.976183502815652,1.1422037312798057,1.3996142371026812,1.9527077193050504,2.3358602937248834,3.36215068113029,3.2322292854996557,3.4945351354677925,2.851372702176994,4.319123178945757,4.453039295702771,5.3697850343349876,5.852590190540514,5.921839586298749,5.195989375707331,4.3763317245604245,3.61038276927748,3.011069143196663,2.4225240478650867,2.6244368200850574,3.4666642370793697,3.433256391450603,3.495960414261986
