script/wind10m.json
{"header": {"parameterCategory": 2, "parameterNumber": 2, "lo1": 6.000198445256149, "la1": 58.999992894266676, "dx": 0.5, "dy": 0.25, "nx": 22, "ny": 24, "refTime": "2024-03-05T09:00:00.000Z"}, "data":
[rows 0 to 23 of 24, columns 0 to 21 of 22]
-7.75688490052559,-20.12783821512886,-14.034148879030539,-2.365657325174651,-2.96613947242052,-2.790848170664363,-2.0396944626018794,-2.4181906286707306,-4.270989687111088,-5.729965458494857,-4.8057454537833815,-4.15921578308483,-3.4887194848568193,-3.4690764104841962,-6.554894098524855,-6.5637000017194485,-5.3788036313729854,-4.212454953204377,-3.1139720896789256,-2.7445874730712614,-2.8399714378609793,-2.8983161103484383
-8.945340184350606,-11.043403922609988,-9.1596695983352,-2.61693582803376,-4.804694111338553,-2.8347856761428245,-2.581528799450521,-7.134436963498412,-8.912619016245406,-7.62603948694428,-5.994398174456206,-4.54239159675039,-4.638755848446051,-4.7059619049574835,-8.275228067524692,-6.41171564092291,-3.74249444192214,-4.321380450049949,-3.295204036347471,-2.9383375088488615,-2.6023509168072794,-2.598372528828091
-6.074965890061469,-5.420518654350859,-5.732402082267459,-4.303337829377422,-4.971113082183063,-3.858831751986193,-9.217400083878598,-9.771562392814014,-9.537266758796607,-8.60259143842345,-7.17617042542195,-4.638533876391008,-4.707879851384524,-6.367929293265682,-4.419681145580012,-4.712240693655459,-3.7833404829627924,-5.572779249040573,-5.210274278014663,-4.227417772635809,-3.4484068006137294,-4.296312832588971
-12.012073067585321,-8.613526133384426,-6.387299722879863,-4.748605464652009,-4.6216162071175715,-9.69332201170488,-11.181623094844223,-11.035880852743128,-9.989675821134513,-9.080984136142924,-8.644226576131247,-5.81622859356057,-4.552119780986497,-3.4725749207404966,-5.336739010202627,-5.450178028962758,-4.1092698093894064,-7.333218899265546,-3.6699794603364557,-3.403879130161278,-3.804536234669381,-4.053253007068439
-14.492528825324726,-12.894075518996914,-9.74195066453845,-9.55824980413275,-14.358614998322846,-12.840775236557576,-12.525620569959855,-11.06331209970272,-10.758012282707018,-9.610456713035084,-9.54628407289456,-6.845351653504406,-4.336978804255771,-3.933006699688698,-3.8274332735748593,-4.051434108416208,-4.190772397041662,-3.907464112310508,-4.07434789835368,-3.766956866566557,-3.8405918067097913,-4.078791539577212
-18.30097841151494,-17.58299898102965,-16.47550550903128,-15.3723078686251,-14.533281704773813,-12.8264918189144,-13.03401187538866,-11.918996038413628,-11.30757251313914,-8.57400641038758,-9.020854128876303,-7.357888792430361,-4.423449045540256,-4.024583300637875,-3.9411164280993507,-4.197073163546575,-3.724053812390833,-4.100033664757717,-4.037049534546374,-3.389546800501839,-3.6468675893170452,-3.7244608101439125
-17.09472764348462,-16.554624395388572,-15.228507869218186,-14.469862070253473,-13.857715320902473,-12.808313536333397,-11.823656161581448,-10.810248360067003,-6.953040539844609,-8.23699908286749,-8.051130126055586,-7.392257599966784,-4.656660857410336,-4.135015098526118,-4.178268976632501,-4.120348720748875,-4.143774839309659,-4.606346796198205,-4.08850878708404,-3.8323704529504417,-3.494371531973756,-3.522034075063043
-15.193503788244247,-15.082019009552887,-14.593064163999278,-13.65052685057398,-12.841806943840668,-11.89169626704213,-10.706635865714551,-8.438012738530768,-6.7563461619725205,-6.36218678818738,-5.633709483815372,-7.34291998838249,-6.556622444752435,-4.215432343422385,-4.504367954299107,-4.691336904473723,-4.284120889994981,-4.132933211170564,-3.981851307594128,-3.5567924305767935,-3.389783165434067,-6.209061909894407
-14.066993035864867,-14.166226792149292,-13.00214046411794,-12.102503686883752,-10.869913215358833,-5.531386635524544,-8.809677373777783,-7.725497284678119,-6.874540883151179,-10.197136015588406,-8.271801895429785,-7.5619785483645074,-7.3369847316906345,-5.292023744961689,-4.619341919055184,-4.309933923491151,-4.790883480012143,-4.220507324671634,-4.6592019589250215,-4.114605132081531,-3.8371228358917304,-4.790278638742318
-13.388768677159746,-13.362600379937282,-12.528578491759351,-12.305297336592432,-10.796977812439728,-7.498478379785734,-6.613462891469586,-6.984992446266735,-7.1997238197204885,-11.215677134290129,-9.061175732661821,-8.337856388745363,-7.859039720049013,-7.470390007673256,-4.285643540419667,-4.624381298724695,-4.409603650853978,-4.156452923625434,-4.133349228710896,-4.16272777226805,-3.9625861049243727,-5.466710751351602
-13.064841746307435,-12.27345951936707,-11.960360974738169,-11.203511411512785,-9.749955855793706,-6.615141383901311,-6.222634847252884,-7.114831544344233,-7.315781453264113,-7.701473098011676,-9.403443026290674,-8.967262894734908,-9.048430258533948,-8.694092086450297,-5.528343766432731,-4.040051579883262,-3.9948893588461507,-3.9172705700352846,-3.9097209960229784,-3.8866664385846645,-3.7371619676121175,-6.602819244241984
-12.812920344348269,-12.363452688758027,-11.702635857438105,-10.921291821799485,-9.638030196730503,-5.265734305660564,-6.1019054658052845,-6.2263052683253495,-6.142563077827225,-7.420107563713073,-9.824359004989477,-8.496826615538927,-7.954401723303202,-6.4599573625512186,-4.378742681206564,-3.881585951654815,-3.9584269212067382,-3.773043369186853,-3.5713512076923952,-4.29480321002093,-5.638010497374261,-9.813737271075876
-12.514459438057303,-12.657201795788598,-11.914421592657618,-11.508646151918784,-10.008372065111601,-6.6422692525581235,-5.089987672891677,-5.823042180386122,-7.749401623335488,-10.132456349708939,-10.315152042396509,-8.369042292149066,-3.3871972037491513,-4.357952145236425,-4.684525406728086,-3.7218157871591306,-4.1608085906752175,-6.360110466662019,-8.50767025489476,-9.412150952436686,-10.429296520108863,-10.044867611913913
-12.480332748422367,-12.0239888022951,-12.036899999104357,-11.043305147781714,-9.56263231914094,-7.019088265006219,-5.948976510601741,-5.87657331818747,-7.956713368985379,-9.247695957941515,-8.412206365542021,-5.713577955129098,-6.792485027340113,-4.8662777565624316,-6.15802437176765,-6.365572307336867,-5.173695782065345,-9.952258928395493,-10.955936423014302,-10.898698134750001,-10.196962128228908,-10.45863496491132
-12.887724871254914,-12.750409502444398,-12.715948857766096,-12.037271926492506,-10.662751717353412,-6.6278906409888325,-6.49190197110007,-6.087863701109639,-6.002723454514353,-7.204053096053846,-7.143007058330531,-5.678234860385408,-6.374137629273,-8.017311593743168,-6.058701795966251,-6.749228349601399,-8.145061384159705,-10.701590832595114,-10.22510220665885,-9.900756955786704,-9.746644799359217,-10.60147607954064
-13.190252473080402,-12.793598511291902,-12.878120318384953,-12.672473565262665,-12.095080892255492,-9.392107367256381,-7.166913093405341,-6.450613148351915,-6.412045758754705,-6.432039841614881,-7.810692527446813,-6.220649642785651,-6.191249262409247,-10.665416849635822,-10.641593935021476,-11.571247143027284,-11.642018857623427,-10.428773248330419,-10.05678790590808,-9.840721175677432,-9.965699160255065,-9.844002855925313
-12.886342784977373,-12.665666799679267,-13.43527898025569,-12.74282941590788,-12.325456239539353,-11.117619217582615,-7.026193823981316,-7.816163741597158,-10.622211447300932,-9.293021003113976,-10.853307591584318,-9.995154182230436,-7.604530797687776,-9.559910647805147,-10.119569097668219,-10.535105478296204,-10.388981871196634,-8.673295000644394,-8.576980462352163,-9.627302225679884,-9.45002630868505,-9.512207774529905
-12.912234225624735,-13.006374242975319,-13.281448142924654,-13.358456249631391,-12.575319155766675,-10.236351382992384,-7.021605170031813,-7.894744619917371,-10.194002564164593,-9.352947068314757,-7.662047152581762,-6.792478613440502,-9.047060762111672,-10.860294784824623,-9.402842037277818,-8.698183993193643,-9.321096176091018,-10.201124961803128,-9.572862136173,-9.452196200615079,-9.198521142296238,-8.89126077034109
-12.30332026292915,-12.86083469068397,-13.478110759335237,-13.74901202662776,-13.579974352633577,-11.703642736399683,-8.752196692459489,-7.082080044670534,-10.277723433932616,-10.853334766385112,-9.522420782089645,-10.446842838799517,-10.47257819434669,-9.43403958800537,-8.805292266053687,-6.361049577807421,-9.179840810121595,-9.4474534269108,-9.559844075735306,-9.176762917383302,-9.026928322227212,-4.737597788651271
-12.474845443627636,-12.217357652368133,-12.582006008438281,-12.521480973047503,-13.133121475892182,-11.919869656868721,-6.988237175805623,-6.8538222605888635,-5.829473999463853,-5.810663036843956,-6.767682401230776,-9.47209427484189,-8.08720854015464,-5.264166268273443,-5.0800731304115905,-8.770285909153838,-9.076184400390432,-9.13232553373563,-9.04753560379243,-8.840753805740416,-5.514460501116328,-2.695315652264949
-10.24601188467112,-11.638971852713826,-11.67375807106891,-12.278164392674677,-12.945122811685756,-12.140115096934913,-7.4389147943677045,-5.662258280345027,-6.0213081664261106,-6.008952439055666,-6.186097341946457,-4.553885821592779,-6.100013645344804,-5.506909649716157,-4.545448301618668,-5.240617315020026,-6.573972693311417,-8.74556374804613,-3.6073924536984197,-3.5260229062512267,-2.7729492736093104,-2.565265425467356
-9.358008298581867,-9.581608760434696,-9.561525963477866,-8.576290501772244,-10.85480007805633,-8.246580006715881,-6.4487582814493845,-6.238716864508389,-5.256177229934395,-5.547799286461673,-4.947232844531205,-4.540121798917097,-5.224959006228417,-5.0873119045300035,-4.867765287999888,-4.432385377223733,-4.8835861030859276,-5.574474402062382,-2.0691552463793172,-1.9031771630747674,-2.4760160850062376,-2.2579623816776104
-7.688673466314718,-8.045442972034861,-6.6026331868695225,-4.7387738409273705,-6.095307795873658,-7.262170791620117,-5.336057933619958,-6.104947022573774,-5.297918917661747,-4.767441422030842,-5.461914662828966,-4.6316418099056555,-4.915145154529038,-5.130535431363441,-5.049590319276149,-4.410309961820333,-2.825049667460022,-2.513381494843685,-3.147451622284094,-2.0528759029494394,-1.5941690278179736,-1.7512974984243517
-3.1070417535844865,-3.823309260653927,-4.547680856180678,-4.308671970336146,-4.566512276562659,-5.483438108125041,-6.116914980591636,-5.4962736757383475,-4.526007473717147,-4.131427280572979,-4.254864705952856,-4.479508067739634,-5.01045705235939,-3.0913733378584403,-4.11859897275739,-3.80738497596979,-4.170411118324435,-2.553025132760916,-2.5658341595255574,-1.616331005800157,-1.1518000729932354,-2.085863904751569
