script/wind50m.json
{"header": {"parameterCategory": 2, "parameterNumber": 2, "lo1": 3.000054539987559, "la1": 64.9999836372058, "dx": 0.5, "dy": 0.25, "nx": 34, "ny": 52, "refTime": "2026-01-25T11:00:00.000Z"}, "data":
[rows 0 to 23 of 52, columns 0 to 33 of 34]
-6.093510558534912,-5.941170769334634,-5.90095156228513,-5.826902183330401,-5.571841658927655,-5.335079661567593,-4.907902281976307,-4.308931977572858,-3.4625035048244914,-3.238264130496673,-3.2577537935111387,-3.127843838979449,-2.958438767677742,-2.8243754859258345,-2.531220422163507,-1.7653898709026439,0.008755266716336453,-0.8125278212218416,-1.8350846927994418,-0.0065204082766256374,-0.6044210213349296,0.018261692143252385,5.01674398494049,-0.9680646956531267,2.020789125779391,3.5318787237159652,0.07884735625779181,3.4070545614339944,2.71071599981089,3.1166411659857327,4.856258923362394,3.7797758699617168,4.612600554425496,4.7563901217794955
-6.3844024312203835,-6.13537996429891,-6.0552231259888565,-5.912120200464083,-5.734566661535895,-5.693169278049378,-5.462196682480447,-5.105621047014353,-4.745999089331389,-4.542134304581109,-4.329954450280169,-4.172104689670028,-4.173346912065382,-4.201506557494876,-4.173832149747792,-4.2283409266316045,-3.226481795380572,-1.875964660958824,0.3106354788818191,-0.008488116505347736,-0.4270365723828852,1.7245778883332696,-0.8190983891466529,4.067782599059866,3.2815820667945075,2.4606842285511497,2.827926431399981,0.44359135325338767,2.8256282790346097,6.348670978310457,3.6986071980976996,3.8870982216932597,3.2881148701576155,5.115325278851478
-6.492984654572186,-6.29705255428239,-5.974786644635989,-5.779730028930219,-5.561122422937176,-5.76583031159535,-5.640405076872153,-4.896008547348184,-4.5631571161585995,-4.649636974778693,-4.582846566315363,-4.239809300604723,-3.900088730398018,-3.585702090758925,-3.2039950694525476,-2.949892291269283,-4.272987178893941,-5.526619773913672,-2.285481332412594,-0.6760874095321466,1.8162405668916253,1.1598330632795122,1.8314415633507377,4.4749556126928685,4.711093432594731,1.1591302030910149,0.01185388226079589,1.0210539249521902,3.062270155371688,3.2440758640970544,5.477662951598323,4.546509745792016,3.2919190401587417,3.9482860110181677
-6.423083617343354,-6.355081105807754,-5.937078609800102,-5.438751191314266,-4.869955843042234,-4.389284120118745,-3.8767257267067436,-3.6243776585130605,-3.628159356716871,-3.732207217663752,-3.6333427640810894,-2.5027277289469314,-1.8018653986022386,-1.255349857277995,-2.2245812604640927,-0.48208524437129985,-2.313931164497158,-1.6999594647470462,0.4401054331014964,-0.9084594599729274,0.7294877438462023,3.2211784048945113,3.6931578439023394,3.6093267735855408,1.6258468382082762,1.7878004052391792,1.7924638155354518,0.5524460459498556,2.177273572329433,3.681629679521224,3.957287841578131,7.10328546112485,4.45010772201048,4.474324360647645
-5.294400544376822,-4.7619454295159995,-4.472688336028026,-4.51659582255115,-4.147857569099946,-3.967282444506547,-4.3805257132413615,-4.30733419621661,-3.872369291679402,-3.3684679077516697,-3.251386074253861,-2.7589652657868955,-2.5155128654813534,-2.734910310994073,-3.768113378432546,-0.6124216347299635,-0.26096419476664917,-1.8068226886194645,-1.6508660719218322,3.0077589282131982,1.0286842325604577,5.485706946703662,0.26284606322420445,2.3176769868280327,0.73450516436557,0.21121863996314505,3.1891473033339355,0.55672930109287,2.9464737664997642,2.7176313990121503,2.6652641759555875,5.46237969773892,4.2660352016962015,4.573448961282044
-5.268991992795311,-5.341439649494334,-4.723577214913382,-5.369519954129444,-5.123462577850072,-5.224556454551166,-6.941131713147749,-6.467880226036664,-4.960844607821719,-4.152719367578272,-4.21007492689986,-4.568976471696452,-5.284210589279531,-4.829857116442213,-2.818385173225204,-1.6845730069706768,-0.5459862663628254,-3.1163289498009816,2.5226574698662785,-0.26191856225450244,0.5240984475885777,3.300602814437774,3.9233180281502715,2.5169353461821102,2.633047686920335,2.513423375706026,3.877573206914394,2.6904001398327986,1.4415934535596133,3.8718587690857653,3.7841815652430886,1.8768942579062644,2.7926096605853594,3.1805287085163734
-5.113239967750267,-4.963428233793615,-5.094646134025051,-5.18241254929097,-4.7736345748085816,-6.6924365562360855,-2.2615353542654577,-1.3431636661856723,-4.472072340232552,-4.058272930474076,-3.8604228516110637,-2.2424584057144967,-1.0727917684933188,-3.0911328410142462,-1.4760788758620216,-1.5814656600404284,-0.28499683725952324,-0.34813180300617674,2.0099028963456615,0.27113504287318796,1.0158908090802397,1.8044087948870213,1.7666602072599693,1.4424780310976077,2.850255324182821,1.3178195744321206,3.9663845813730525,-0.6211796618831862,1.040531634351992,2.6438958144235962,2.608733764128669,3.4205224573563413,4.030960130736531,3.570405827096967
-2.655917798133473,-3.725561928736076,-2.145648023340137,-3.803584931587757,-2.337715775291306,1.2358349037525835,0.7803776672517471,-0.5941310882447365,-2.718996687445036,-2.6350700757682826,-2.8243711930053044,-0.5331285241945402,0.3856784653532992,-0.14921059956766655,-1.4168884130010417,-1.145225135680479,0.06085610054692886,1.2717953763462237,4.309434789338645,-2.269599046975719,3.448546499245846,3.088606076976329,-0.4021078684678848,1.1810943785069916,1.2114536337132664,2.022358036727487,2.6429789443384366,3.6042465858021635,2.0733390724314535,1.2324630769112634,3.079030792188505,2.240646524182699,3.3519526826854347,8.41287251772114
-0.7143293549210028,-2.405609479848837,-1.8571869972190953,-1.339690207841951,0.17731937974549686,1.7834261925806572,-0.20368787456193282,-1.0631847344501226,-1.1121432989534084,-3.0112241418624937,-1.3704962426528757,-3.3406125560767133,-2.581410993790028,0.16654783074236215,0.07082927230704113,-2.1765896962916593,-4.0304268527268805,4.17417421834533,1.2972977425396988,1.6779835546861166,2.2432920182252842,2.8505121221754,-1.2640477594648236,-0.1985389337984538,3.001605820724528,2.75028580725633,2.486866305582977,2.2044035798303914,1.7854152540006314,2.469178034493951,2.8657979076011033,4.232627463490715,7.663804180027544,9.147906473057468
1.9632205124382982,1.9552992865384655,1.237476187633864,-0.5322572106361663,-0.9461313132390552,-0.7839235069178018,-1.0175879836402553,-2.6894992895199366,-3.60820275863832,-2.6453350973663845,-1.2312541240225086,0.28533141125645467,1.054103766863855,2.386731045257172,-4.630832804916402,0.76810398365474,3.8372441827438886,-0.28725883379831146,0.8700595793718232,2.9007445337678535,6.863576536145361,0.7278438070032638,4.652127082884982,3.2461437936986575,1.9197464118314527,2.6015640840045298,3.9494906075181233,2.695255471338456,2.736595934860563,2.748160211248206,2.7086560454185302,6.863047328674122,8.024608363539535,7.619430248186266
0.47850738211546295,0.8411109136584367,0.5309510553566732,-0.050578313240662545,-2.0507729011234317,-2.110699971220625,-0.37045132817558607,-0.4122681405036801,-4.824054871114631,0.7868124391907247,-1.1417680180763172,-2.1509964125817667,0.5873706683269363,0.42399867479809045,0.3568421155057385,-2.641939214996977,2.3347009007338735,-1.1550789648937445,-0.23631727652674545,0.4684707333144827,2.9961628513039105,-0.35675883674972225,7.415377619460792,1.436590357867182,1.4370807571608881,2.3081130179777323,1.1121911266748723,2.091167486352517,2.490875265648034,2.310783950134374,6.161884122293811,7.326681079065141,7.061062235097389,6.960565444909858
-1.0724720905065366,-0.3048182920133844,0.029698444955764753,-0.384421806774305,-1.590071339636084,-0.6662753122499848,-3.04789988535664,-1.8039016737121074,-1.7870854399308582,-1.6579607606313664,-0.3876500740520771,-1.1431457942497858,-0.8325218664285388,-1.741778868740356,0.4862757004786154,0.027008192268839673,-1.5619424061834588,2.368125345863903,-0.5785851951698582,2.7333545754823168,4.5231791119391564,4.567760184505579,-0.37349533632171417,4.946848525339924,1.1349941077422647,0.2712771624062779,1.927043941906693,3.164476404676662,2.5182301663689124,1.312985862019941,6.598202727888135,6.7500687124202265,7.354464875120509,6.915829476992422
-2.5782140229937704,-1.58258934825878,-0.9284543765076659,-0.8596074120796336,-1.4099289520900145,0.09583893743112956,0.6489569505264604,1.2965336329266657,0.23367744742317847,-2.964555477193249,-3.232974243226781,-2.319609015507629,1.0316354274195998,2.1687061233962024,-0.18787362442091476,2.3077374980550136,-1.0979506716786465,5.9474679673683495,2.521143987772417,1.0019361512634557,0.9963497180463782,3.0464042194614236,3.675353524934795,1.7220079994877366,1.1408161362888098,0.9951897212214675,0.4576676921143335,1.6574949924013467,1.9374537185341154,4.269477403992421,5.497686752514544,6.4659856291837725,6.38078455274179,6.266593918780736
-3.5447783126724195,-3.133408512709534,-3.0408706918119024,-2.9918943480092297,-0.9190900352058545,-1.2237718311028538,0.9327812720540478,-0.9158868581624144,-0.911522913844128,-2.6108203471935005,-1.6048627662991801,-0.2483667619697084,-1.4330662766319988,-1.4000242063621364,0.17391202961296873,-1.3707042137352254,1.0113112165224258,0.5838643627056864,-0.3233822257663741,2.4495696259595157,-0.3055198896383176,3.124687014339776,2.967427371899067,2.6914000549134247,0.7900857292467941,2.5807309839195276,1.750242481499518,1.7427167073068557,1.0552558436580017,4.017800152955664,4.66281707189381,5.289214221563249,4.98073605078082,5.091670882077577
-3.8252436299254735,-3.844146785091128,-3.500116254437089,-2.7401667006556503,-2.5321135278165112,-1.6377382028470666,-1.4159156119745493,-3.27421784037408,-0.694524692841569,-0.1681289053064216,-1.9468699621698635,-1.1191350388629482,-1.1326751428767508,-0.2021994916077261,-1.0989253007235487,1.8587597362485655,1.01638880414545,-0.233715976853174,1.248294589608854,-0.6710311400675615,-0.16929060709770097,0.8593272677592961,0.6378208865332655,2.28734711544627,-0.08130956951006013,0.6800782776930888,1.1957809149451892,0.9397373418305276,1.8089125435441784,4.856382622654048,4.272169945082122,3.184743663214256,2.5221569536809074,2.082750576381872
-3.5794260655314183,-3.109251444312063,-2.498998644989663,-3.0091736349249336,-2.994997004679689,-2.2965887313269846,-5.07630120909744,1.9962520040119553,-0.7281631896380084,-3.0471859416232245,-4.668140024337549,-1.6760514218474534,-0.7611794874249391,4.0700586634475195,0.5140249367027254,0.8751891599000339,4.7971623585852186,-0.5746706647588355,-0.43094886633037355,-0.012415090617882494,2.099951186022713,0.10704538485852937,-0.001965476703166052,0.6857665994877764,0.2817216211158842,-0.23255423804643452,1.0839996911376506,0.10447725715624918,1.2161341678602855,3.5742789841145957,2.60439859815317,1.7486453097081285,0.5545506733131325,0.4897231979008343
-2.6606217780066252,-1.7623962413008685,-1.1319573769541642,-0.25893115169198105,-1.7148422978518278,-1.3971717866215894,-2.5212452806124754,-3.504999516739692,0.7651055682419461,-3.767489168331743,-3.858348288925355,1.2499588135681416,0.24180391394518833,0.4370055692334425,0.5519549017664108,0.5321022589988065,-0.11113416305562422,0.021785378862240943,-0.5446804920796131,0.011293864195013274,-0.5744790173501323,0.5126977416468222,-0.018894061086597264,-0.04147684818344777,0.1531244750797644,0.20871887260537897,0.7475740047197491,0.7921225490893667,1.2475045505638216,2.4815672109728015,1.4929197554215623,0.12616161349394547,-0.30157230138971186,0.09024561310143796
-2.5499417241820623,-0.5484096307282715,-0.010447302583027132,-3.2511922396881534,-1.6080056014293385,0.3251625883220818,-3.7265658030797986,1.8489103972001801,-5.211377361866046,-2.3472890115153846,0.5555874751921167,1.1646556532993475,-0.6226616218160943,1.5661329550713656,0.7706115242408235,0.0450283310933425,0.19968123529167361,-0.1246330103530055,-0.6167761099637546,-0.5953925957784072,-0.6271128892080469,-0.6332082256246523,-0.41080177490861436,0.0672824149194652,-0.9802388922503602,-0.26859958227551656,-0.6731947791775182,0.11731666510324719,0.4938467013481669,1.277710952674964,0.84259007013109,-1.9824433686876481,-3.3002508765557153,-1.904236291586975
-2.8694264911685794,-1.3052298016052508,0.6918908498512729,-3.4027531984993287,-3.7283539952345466,0.2601019369522767,-1.292374929106215,-2.958588191321962,-8.683288628221572,-1.940711485846274,0.5158074847472587,0.6725684424528247,-0.17330334962635177,0.3207295868488412,0.7297946232206461,-1.0886137655064951,-0.7202781668188089,0.015352769300997328,0.5741176636095441,-0.9293726705823455,-0.9114004331085951,-1.1907582163867798,-0.9992589363767727,-0.9988809140217241,-0.9338360919580594,-0.8245889442057263,-1.2773897514907286,-0.25084643294201536,-1.0158031922049136,-0.0826294250350742,0.9257012035187758,-4.256078552531288,-5.080772883142053,-3.0955021424109965
-4.517410231682149,-2.953000010623997,-1.3973546103710066,0.607521129501182,-1.8170714451195782,-2.350378662153943,0.965591531385428,-0.830982457689107,-5.618738990070375,-2.9520788435411816,-2.4846740556475178,-0.9523441073781161,0.10560075198856969,-1.0073871227291187,-0.19540141836177766,-1.6100521746257663,-1.7094606226985791,-1.9230221621999466,0.2726571813448299,-1.0857235778664143,-1.0476533677015436,-1.986062818822992,-2.1014392866399394,-1.3503076489058154,-1.1166947899620996,-0.8107467268730815,-1.0379531791557153,-1.3453850490377943,-2.2327873597934,-1.4655664523307028,-0.9417059021584654,-1.1533619515908364,-3.033623661990327,-3.5134276289894233
-6.953454091570956,-5.000076498558141,-3.118385249826373,-1.0920187604701244,0.2843548742226692,0.1791322927657255,0.5716902935815671,-0.37915373785364287,-8.373296981624462,-0.9706677500767628,-4.549989185374466,-2.218819982932627,-1.9944069038200096,-0.5803665984009455,-0.8809097117626348,-2.2281411460349188,-1.5735008153540389,-2.3105261825252152,-1.6872871176261723,-1.687819578947598,-1.702051053328115,-1.8112858191890557,-2.458937727487046,-1.9175578866338063,-1.3250315652366138,-1.2006598217694586,-1.516684668071377,-1.3036298290029917,-2.137537266455789,-2.1989196284870425,-1.875647813068615,-2.645680653052175,-2.762782666489887,-3.4456442362216295
-7.935328404039252,-6.694662772063401,-4.859229376191988,-4.097961150596683,-1.5904324801896605,-1.6343314927027852,-6.461594741539143,-5.115941855738541,-7.113332242554856,-1.6268558032016407,0.5389005757280714,-2.7880439072855996,-0.22925448526590766,0.16537970347091566,1.6430118978382173,-0.36745129235766355,-2.3727447032481646,-2.461431995600307,-2.9096607911405976,-2.6415217353226863,-2.520058636001214,-1.6035006626491557,-2.4565711335350637,-2.1086611622116482,-2.1302138454340733,-1.534063361617423,-1.9031692292543896,-1.9015981081226387,-2.567039121111815,-2.5573831420567834,-2.7683188528944966,-2.375266932132907,-3.2851082202146245,-4.108295720188828
-8.797234243993548,-7.865965996578684,-5.587434686155345,-5.656936559379854,-5.800474637635401,-4.194131502215785,-6.274813939441793,-5.729068510211542,-5.3496266906875745,-11.560810465231093,0.27274036982802286,-2.143778112172606,0.0147252889582532,-2.0409074346438714,-2.082786201027837,-3.394045793229898,-3.4001581197471484,-2.7114774993051243,-3.2631614217001954,-3.6926058512198336,-2.8596769647677607,-2.6624620067798994,-2.7666041395063714,-2.765558045358007,-2.898486243720991,-2.8573977691391477,-2.6870898988105485,-3.4104282492458626,-2.226812111600271,-1.9983190779710398,-1.356035600512933,-1.3940444735816908,-2.5610206110416995,-5.6626271560023635
-10.113964192585694,-9.40065141170696,-8.963666253980506,-6.2762419754609855,-5.847056264493155,-5.144132006519739,-4.316021739648176,-13.552252919262985,-9.88306016712716,-4.076270000792062,-1.1050096558851061,-0.7135920210619218,-0.8745119160733897,-1.9730230597587224,-2.757473175507087,-4.877703636761687,-2.8940966689296324,-3.876538513325686,-3.1946519324319955,-3.4381686197972146,-3.4720185453448593,-5.047965653512642,-1.7183852877319195,-2.7681879305671067,-3.297924685960183,-3.6023563836187207,-4.028993335570491,-3.104079930838822,-2.3089427064338004,-1.8608621501651832,-2.1587990702721016,-2.1696287390568894,-3.9147376586584257,-3.2435150153259693
