script/wind10m.json
{"header": {"parameterCategory": 2, "parameterNumber": 3, "lo1": 6.000027932988019, "la1": 58.9999434238085, "dx": 0.5, "dy": 0.25, "nx": 22, "ny": 24, "refTime": "2024-09-28T22:00:00.000Z"}, "data":
[rows 0 to 23 of 24, columns 0 to 21 of 22]
0.5120031121315879,-3.6583069458419897,-1.8482494541070105,-1.778282606202626,-1.9660812986442215,-2.0535948834715314,-1.3254344678927812,-1.4929470663331712,-2.5120000740391553,-5.973417374109757,-5.695625374700451,-1.7905542196669901,-1.4319068985807482,-1.149871007967917,-4.6993148142087575,-7.1343504424590405,-3.0288246266818253,0.8663517211096224,1.3004914314683982,1.6695005694009897,1.5974970699588344,0.8977327254898028
-0.20823220921860602,-2.3411751841664934,-1.905209317790845,-1.7680259003035714,-2.129294042102081,0.3848563835423438,-1.2310742246142283,-5.202948851157513,-7.749979387646414,-8.20687863239681,-9.403963544118085,-1.9085412911721211,-1.48910887599701,-1.272218073824504,-7.1322128405314675,-5.17733676066948,1.1946107207497485,1.3976815316049662,1.0927412869177209,1.2095070325517314,1.2895332703627524,0.8422732014530628
1.1318902201535526,0.09251960914988204,-1.4035191082262988,-0.5646945731730554,-0.6678038066139589,-1.01171524862061,-1.3679163392131188,-6.686880626750676,-8.281500421535874,-8.614668569448042,-8.69052276855319,-1.2636830637209597,-0.3749659043384806,-2.5652328779862446,0.9277483894335765,1.2490398089526202,1.7191165936617865,1.6207513019534827,2.2485321835605743,0.8506466786093388,1.3878742079052824,1.4178083319476178
-7.869382804551349,-2.129720654367501,-0.7790301575080564,-1.6020053586025236,-1.7307590110554163,-2.400782302098587,-5.640354149955333,-7.046003817203491,-7.847124879017912,-8.160680838390522,-8.410142550340884,-2.353051702736009,-0.1911089453968327,0.19521337614816148,1.3870949733702342,1.537405629396643,1.748427469030829,3.919491896310967,1.6502981422804417,1.3705902957445666,0.7047967708376002,1.0441917952446027
-5.014738058310112,-7.723551424986994,-3.007757092395663,-1.780622652955557,-4.452690071383142,-5.24268683246142,-5.424821975075778,-6.516965760651753,-7.188451697989408,-7.429659383100588,-7.6619835991093,-5.231125879574485,-1.0123122401037816,-0.16786522393274883,0.9188301067388096,1.6640578957257268,1.276924224504707,1.521902845151734,1.6261769638584183,0.8250391301868621,0.6529814262624776,1.0136909388868538
-6.339077797295197,-4.251131674267629,-4.858515156659046,-6.282921563906133,-6.018276879850996,-6.842792367350917,-5.920473170337314,-6.475249728952521,-6.7439500889246675,-6.904134808395925,-6.527654687178481,-5.852641341974948,-0.8408574991547915,0.49524738991978096,1.5928440200691338,2.035871208423195,2.194539761460155,1.767986220631593,1.3473696743738208,0.858547352110651,0.771303949677365,0.6281681353984425
-5.69213416581708,-8.345990455948472,-5.703259843189105,-5.97346742295257,-6.697953413861369,-7.624873232720301,-7.559652114051581,-7.172857875980714,-2.971140897895163,-1.8782253263456983,-5.9165862993544005,-4.851692757855791,-1.4394844175701023,0.48852420511220673,0.8693024315483197,2.3311605853000072,1.580128536012891,1.1642158770874536,1.0018835735903535,0.36777640283485824,0.8999071045810024,0.6131485864439983
-5.972737516683998,-6.984195407263875,-10.138035561638544,-6.661590199668613,-6.584546469344805,-7.070837285296185,-7.661276555778321,-7.306278171661844,-1.7840124001885076,-0.4829394382115189,-1.762694041448321,-3.5048368996779216,-3.633208824772334,0.6211703972225888,0.8715649920465077,0.17547278146669673,1.4408291889061593,1.2693170128494113,1.0558702184903637,0.7628580255623204,0.5856158070241044,0.9432460083177105
-6.480918195251418,-6.303204984961903,-6.339772623981216,-6.003248856004539,-7.756328251398586,-2.7006698607101494,-3.0899311224473194,-1.6754523390341056,-0.006678229633023546,-2.93070517358421,-5.904385631882455,-5.235035681484418,-4.109609063577682,-0.6429594224507096,0.8968055180785071,1.1545539320504294,2.004795124743511,0.32762055294845704,0.27544735413439997,0.5099591019302206,0.9355967668060752,1.4872677871258722
-6.469882610140808,-6.809656884443358,-6.914904517816624,-7.270253910467707,-7.747936860469695,-2.813083035221856,-0.07042362234453138,1.274580914268146,0.9675569447298806,0.40162356549385275,-2.9905843630023687,-4.084677457267782,-4.246995469038138,-3.5893995837505694,0.9387671086267958,-1.02213420703834,1.5630455537860877,1.1894415748609848,1.1612939991968563,0.08694695128005765,0.7157757171747803,1.778326292316734
-6.824478063189099,-7.124362864866744,-6.243060334451696,-6.665354915779968,-6.421148020398393,-2.417844156370427,-0.04243916075997417,0.20719748358232343,0.590988833785262,1.484284614735736,0.8557050496974357,-2.931350775763039,-4.013494534982136,-4.052663564467833,-1.0544818501749715,0.20953225829618463,1.976369115557707,1.2270099643033434,1.2955679815272798,1.3402541956359844,1.2505588411289892,1.0195510846722335
-7.627910620918817,-6.683298962837442,-6.157430861618071,-6.8990685934480105,-5.954472320042389,0.9553404236319624,1.3407149956952855,-0.29344329430156674,0.4117017551263596,-0.4571803228978712,-0.9352583269199789,-2.5018310299154485,-3.490027059118895,-2.4796428513452757,0.8806679521640974,2.141905057726217,-1.561324877950345,0.16672507241821305,1.306554113618553,0.7068774750251438,1.2844139574280593,0.1792844339410078
-6.5695603036212695,-6.466406130928411,-7.449969123121558,-6.839975480586206,-6.410713682256458,0.15771587948655127,0.4031621282597969,-0.8225224606685405,0.6636872347579177,-0.3178387205423317,-2.039002274595764,-3.131288589139338,-1.9533596999771836,-0.15856776388021288,0.18142808302453098,1.4620667847385833,-0.3538754610934037,-0.12999850721229575,-1.2356206277181216,-0.7289502765655557,-1.6139309507107635,-3.011632905779584
-6.5413060592083365,-6.62430249357686,-6.688942549808097,-6.551839976557908,-6.547731277729069,-1.088313391493139,-1.3492389323085128,-0.6502709987412563,0.5118749725267318,-1.1383613911377124,-2.1265978226122666,-1.1224862212428863,-0.7479138727224469,0.12916450651757033,-0.30645950140493267,0.027693903515310096,0.14242404373625142,-1.448990045287528,-0.9065020127351587,-0.8704830828280096,-3.7279470087567783,-3.960392317999486
-6.569277692725901,-6.605115081769562,-6.719694987804569,-6.308777720863314,-6.337803364831138,-0.7945719207592638,1.064434789983283,0.14141651501162053,0.3861591351747626,-0.047207408022284944,0.2217455577965731,-0.20206468591455576,-0.4665413477012225,-1.1439698766082729,-1.7287882389310956,-0.23594622923257427,0.012475519768484976,-1.1028925127065932,-0.9237104930677098,-1.0078959427524512,-1.1092838012799344,-3.3532378404782843
-5.955665200691758,-6.292932080050706,-6.381090634500589,-6.672041746351972,-6.760255392057323,-5.305887791765766,-0.9681234629555863,0.39420091325561774,-1.7662659261113876,-0.17785468066655763,-0.4667652182499298,-0.39208130895007,1.0994602087983985,0.7853174937052201,-3.1876417847603333,-8.324157981836986,-4.05088414512258,-3.7683543271044666,-2.4155853660211433,-2.773967094136515,-3.070824458548429,-3.384605407343204
-5.485225088874527,-6.029592425974642,-6.328420964280449,-6.2427725866547545,-6.272479491255634,-5.674447486976981,-1.5938819225694534,0.6715110273024807,1.2621138208235778,-2.847326598718439,-0.029103980596438914,-2.193788192104374,-0.7029401347990932,0.08906081132990618,-4.840885882985659,-5.411950832278663,-4.611362849005252,-3.5039573773562456,-2.2981302838794364,-3.825297514911738,-2.594222257780749,-3.3258864878411427
-5.249486899739943,-6.1629637574569065,-6.489838038316963,-6.2859435937130925,-5.594865985931016,-4.513959605900677,-0.6941116502914061,1.7291471371594511,2.058957084574161,-4.069134859513051,-1.592823233536516,0.5260160895063014,0.1496125767023311,-2.1649773842654927,-4.736293799622569,-4.6777258259575785,-4.215106929005739,-3.762294805233487,-3.4836638265499946,-1.8504530966556094,-2.3591807020212157,-3.343275702298525
-4.8213532059159565,-7.320812850519313,-6.310521247104473,-6.0247861964302984,-5.600657084459888,-4.905056725378754,-0.2867828380454698,2.16908359224668,-0.42294113862259475,-3.1537494447404195,-2.203671378608916,-3.4645514099105204,-5.397617608255308,-4.117242275382493,-4.4944514722911695,-1.2746674253460784,-3.9811879490976967,-4.248063402147175,-2.7653228947933184,-3.594617150927405,-0.27426074710220505,-2.8360584264067588
-4.670677507542331,-5.255158406714932,-7.500651303013286,-5.6148274252834085,-5.495066710636673,-5.297248081275105,0.3577134215345812,0.1422922172956021,-0.17829983050885692,0.9125874290262793,1.1513247554736548,-4.311765390623595,-4.885646333614292,-2.707150225901407,0.4257147773220789,0.9476084507466105,-2.3237707664830127,-2.00305890480893,-1.4527513562384642,-0.3855848198078494,2.11425894173499,1.5844264691612433
-4.038338946049022,-4.624452871658903,-4.667200712153537,-4.523110907470431,-5.853266768560166,-5.014632814714955,-1.736757971099088,0.9780684355481617,1.793853649474812,1.5107371388629098,0.9338422245977575,1.3043716950604285,0.5938635633691228,-0.12039168299653545,1.0770953700817423,1.2441843461106703,1.8353018768443405,1.6861074425920777,1.1004733513281386,2.4991096392524463,2.19996593250494,0.4100727294117482
-3.979128987087842,-4.422809924244041,-3.4589609770889522,-6.003269851788733,-5.771025716237096,-4.596922100989372,1.722161840556807,1.8214557787672903,1.3198253366126793,1.8847748687337715,1.2233196233595318,-0.2887040806507296,-0.0019194466639862221,0.5694344640148887,1.0718907850733461,1.0714727043791632,1.5005489075164171,-0.033846426851315954,0.8511293577486151,1.3619997820029774,1.1685040315499988,0.7765840989236547
-3.9287539615708953,-4.436474861930545,-1.5212355530681019,-0.39354984654323677,1.5146771182472494,2.245656943205224,1.2126289763109608,1.1607355110723154,1.6537314167110253,1.3055042428270078,0.31402571417832126,0.153581895833923,0.0925548240023274,0.2091092559919665,0.8173200517355748,1.1037716857843054,1.295068861612507,0.498046615771299,0.845166440791081,0.7465175983284859,0.25746897290592785,-0.0746269198489137
0.6858646893354344,0.6086680278488023,1.1213540068910535,0.16394536799188844,1.003333833802053,1.5030924215845543,1.0339888655145189,1.6964125839590782,1.0027728183881575,0.05554245345618541,0.16294721713396906,0.22665616228216437,1.176781684641482,0.6849977866342862,0.0708307579488751,0.6368721983909592,0.6161501282894605,0.7113086785282631,0.3491014672325541,0.1810863080566264,0.06695386911205903,-0.0661556896068121
