script/wind50m.json
{"header": {"parameterCategory": 2, "parameterNumber": 3, "lo1": 6.000198445256149, "la1": 58.999992894266676, "dx": 0.5, "dy": 0.25, "nx": 22, "ny": 24, "refTime": "2024-05-02T22:00:00.000Z"}, "data":
[rows 0 to 23 of 24, columns 0 to 21 of 22]
1.2946968303233923,1.7630098468106845,-0.48215545918451547,-1.6145140497781714,-2.0071407512139796,-3.650525290553394,-5.9248924112173444,0.027324178010588854,-3.6466912398854907,-1.5093850193457121,-6.113945793003233,-0.6956666820560921,-3.1176236967410262,-0.2498283444732503,-3.3818854865019756,-2.4788600431463377,-1.606344709881353,-1.595648980266324,-8.861158793738943,-11.501823440387883,-9.437978771597827,-4.171603527032939
0.49071781883417687,2.426977955861356,-0.31464059959191093,-1.7225435564735412,-2.596179645259728,-3.7036594790701405,-1.514133676479255,-1.5167438653649317,-3.2845541157564626,-6.022947504915395,-4.257359545417883,-1.8813705992561345,-4.521831314450539,-1.2099070270651406,-4.372146840143681,-2.0352950799681895,-0.6245171602270816,-7.769091746507037,-1.1142945239070463,-2.0924493759866367,-1.1688086481636106,-3.3945274627275577
1.3874779307159664,1.6115295780619847,-0.4019436351028353,-2.6302143332548007,-2.680060319808896,1.6705781864317566,-3.440955373059912,-0.22689326988301844,-4.0619937376895425,-4.0045839274484285,-0.9048815347999136,-5.218216255370184,-2.823149301643944,-2.3198244398589445,-3.069922286457841,-2.0396336051395747,-1.535072440134068,-1.1527179517442172,-2.0782438899844258,-3.266025336506272,-2.7708619381508166,-10.03476735211631
1.857829351497082,1.6098335685342129,-0.44972126264604523,-3.196978612838906,2.3405064831435234,-1.7528915670719365,-4.234760056226579,-3.5653676906894516,-4.763079860636741,-7.902188525388628,-6.5853732581120665,-3.7018509136732503,-2.787627985615163,-2.9369102307910815,-0.09320209060497707,-1.697383969167995,-1.0080084732762844,-1.3543127354930227,-3.611854114190808,-11.696412589906116,-5.907894140828347,-2.4087987816462815
1.6046966389128752,1.40751142539684,-0.7397098458309067,0.5443122158540058,2.755242552426619,-4.393766274735109,0.11473766818900882,-3.4890123302092437,-4.055568724543413,-1.850972762792455,-3.271461094406211,-1.4699567366695554,-1.348024756123113,-6.719524943049097,-2.5675357740747056,-1.4557354508892058,-4.3859860768209025,-0.11567899403754277,-4.39612521116339,-2.0605178477537147,-4.296944800480165,-3.281260427647317
0.20796549857451033,0.9224777888870102,-0.7222525481225086,1.605835303323489,-0.7156664441726922,-2.0339458160787167,-3.750094843527532,0.05280265057692389,-6.704383692033944,-3.7145626449187015,-7.494624181392218,-4.0306690089292765,-3.1589871898658277,-4.196311441945657,-1.4073274942706282,-1.8040647701891015,-4.136166496658071,-2.650191775460702,-4.898203915733427,-0.6704022013750285,-9.865877599497184,-3.067719063265861
1.4802130234939805,1.290294846999311,-0.9656804662069006,1.760279429291905,-1.9690990319882202,1.4125170434968537,-4.028740033388602,-1.5324412756680574,-3.7663241979762816,-3.9625603675524164,-6.85526647050879,-3.6926203508237543,-3.6202224587501375,-1.9241223260706963,-1.125171968573446,-2.626736913371361,-2.3997272433878027,-3.420565572379677,-2.6080957528060194,-7.022271284657532,-1.773538088749648,-4.683946973975886
0.6884167584040111,1.3455055899156418,-0.7364087902893454,0.10698391352186143,-2.369708517969702,-1.5906423502205755,0.1378008468847755,-3.506699478484829,-6.926317827339362,-3.2822455088646314,-0.7363132785332885,-1.2096130831110938,-3.0162118693472704,-0.8112370606366761,-1.1660277902961502,-2.9117700212463786,-2.751036689667065,-8.83730832114843,-3.93424097333508,-2.2905465542775594,-2.334752842686174,-3.9768129251227466
1.3581767053343123,1.8292595140973198,-0.5916844066623769,-0.0069291584172721885,1.0058300390993624,-4.744949985390537,-3.6306904009557766,-5.795521961249281,-3.7176167369706863,-1.7689575628592393,-7.7690850471774695,-2.061891634083576,-0.826643624521008,-1.4810754620290563,-1.7543645716156666,-1.7958234954788588,-1.5614856961126609,-8.35945849259253,-2.524767931121316,-1.767274588829228,-7.221438181154279,-6.249299738704482
1.3844642569720254,0.2579504954480977,-0.5875062375813992,-0.5830917719370153,2.332521101644638,-3.5826307864102236,-5.575664632496824,-2.1146485687672696,-1.9695497302979887,-0.7743638907436474,-4.6307574553494275,-4.474442927593253,-3.210579836913775,-2.460810319021033,-2.0439866443020493,-1.4734212033250622,-1.1811039792901057,-0.8692816297508221,-8.59006916087796,-2.8330733056703967,-1.18213097344956,-3.721993798213243
1.5629120497669189,0.7417799964547269,0.10123625399393964,-1.8589015370277657,-0.3493499374516277,0.9002094943188993,-1.6578308297404933,-2.195959509775992,-3.7292752243155385,-7.857138445951455,-1.5590969404417319,-4.130438200458453,-7.025227755389743,-2.8272294023014575,-2.0366044515775372,-1.3624665531695574,-2.0791537113382583,-0.7000040270600694,-0.052979307423726814,-8.622245075381711,-3.5239469568764004,-3.9157994320285563
0.798840952662793,1.0393112707200614,0.08116288903910018,-1.4514884498941707,-1.8500673537645558,-2.718923270344947,-3.2801088094231283,-4.78455445499782,-2.3196656298279583,-1.1473832446773407,-6.057312701180998,-2.4159740742713485,-3.5331349660565956,-7.238193272599923,-2.573473585713317,-2.562461055731388,-1.9587095177734017,-0.1352955460865745,-3.6655722023157615,0.19678259027314754,-2.385682358788463,-3.332623613726632
0.5517618405828085,0.9185392847001225,-0.8337354029106494,-2.108635066113784,-3.195336970467896,-1.8332514419093682,-4.735084239132721,-2.6862821538788717,-2.242357303629287,-8.636929146100972,-4.697136872416625,-4.3533719769735,-0.9685751576172168,-4.464553173452945,-2.031932145962728,-2.029151858245906,-1.565407563502584,-3.6834401378845203,-2.6650905323629495,-3.2968990426059066,-2.56776810916757,-4.298148948924771
0.619734748380287,0.4707553184820924,-1.214168256823584,-2.9518361508311917,-2.8106467468284033,-3.917689425562283,-2.416514206519278,-1.8515049075720784,-2.955826344903869,-2.0445587673855345,-1.7572829355554442,-4.032671178694278,-2.5520836546568826,-2.348163946698919,-1.8791599503106982,-1.485323474450249,-0.7250934911250954,-4.326672609667238,-9.012043233293866,-11.662182347442943,-11.400018529081072,-3.274392812806186
0.8318949358614238,0.5878380269783782,-2.0079429263940507,1.60003904930032,2.4268175014563127,1.1714308129546074,-2.867092838119647,-3.513192506326093,-2.445705621349477,-4.002524545901587,-6.2840257827601045,-1.1736078102178997,-4.2464856204450605,-0.4740987068474725,-2.727545380331248,-2.33598767190416,-1.2744665873300636,-5.4592051588623605,-1.4830114378103656,-0.2143363056688804,-0.7624240953838833,-1.2065842938380742
1.109271582655523,1.053196628182385,-2.1156667080466898,0.8403550179595229,-1.1056660144465003,-2.040947810443798,-4.599486023091643,-5.684546967885597,-6.041686261338732,-3.964255667170892,-1.7879673270129786,-1.889150443466111,-3.843846820509669,-1.1349925707772683,-2.7862759554740584,-2.093582630217187,-3.362328786551635,-1.2874669145347444,-4.031592474741502,-3.3984146638041604,-3.416619066862633,-9.11944964376162
0.8880016070100213,0.535660993704445,-1.4773705021397943,-0.6264234163140153,-1.032261645180792,-1.7091643995092107,-3.6658484069716732,-2.2227717417574726,-1.2460075495149365,-1.999600674982881,-4.157834314240612,-4.483574092642607,-1.9888741615446346,-1.6692601601010635,-3.8474040528426614,-2.0466818323604525,-5.573905566250147,-3.591086264970985,-3.5220125885626103,-9.166614270739178,-1.7758509099819124,-1.193580938153676
0.6063793388139456,0.978525830204337,-2.1048328151500555,-0.19202006113287248,-2.44079579456123,0.9737452650310954,-3.6095298964736595,-2.8477657852811418,-6.63360249199662,-8.358341602098706,-3.5318382545929654,-4.056564301999017,-1.1386253017090273,-2.5067199593373433,-3.261357088963487,-0.21118870931775544,-7.533763768393054,-0.32463338924309965,-8.392104938374555,-1.8771910022626837,-2.2461296275895704,-10.821150545657055
0.04218092884428043,1.2353424171840814,1.3857450080481697,-2.186058738385926,1.0154028932285843,-0.00014476346228984587,-4.176265648674243,-1.5430261083904548,-2.0539070518305365,-1.713877292167312,-1.9448379092420371,-1.2335225819742701,-2.439044560988243,-4.386389624705562,-4.071745566389055,-0.8811568684490318,-2.6419529025425796,-2.6167090249581832,-1.5887994184453293,-3.8313000610775756,-9.381539640075635,-3.928273321158853
1.3965476989628622,1.0640458204758694,1.2591298504746888,-1.281060121867604,2.3564322444720327,-1.4299430427597226,-1.413086347430265,-3.4509771586398963,-6.00765955958247,-6.06572007163759,-1.7691094300234869,-4.341898737565115,-3.1450868512558285,-5.06854178341043,-3.8648628188935743,-2.7907611755242523,-2.901401729712197,-8.40766201841912,-1.2416942092024217,-11.38625821933831,0.1394034000908639,-5.89041541896655
1.2635155843265629,1.3118170109213927,0.9586322519471908,-2.4184078889293876,-0.45858645050133107,-1.9057013579010804,-3.3255926267320475,-5.289534366765291,-2.8394572779571656,-3.8263310383046645,-3.3376600776005514,-3.510324434147442,-3.6767049403512644,-4.7637227978577075,-1.128833562757646,0.15003042660701538,-1.2604097375456744,-1.2018739594508459,-2.7313602838650186,-0.38282406273722763,-7.00745868882197,-1.931174255255853
1.3587830447727425,1.0860531226084977,0.12889834631968802,2.8876565608230327,-1.5622315823139847,1.0426665877844465,-4.782160148281276,-2.4593951051915486,-1.5817037258138875,-5.1883620220508675,-0.27387921815189353,-2.6518291459031436,-1.4419299315258403,-3.0232273241835528,-1.3465406993831524,-0.8777292631335116,-1.8466970053066873,-1.3672382926649538,-8.06189978211781,-2.9282355894609258,-6.30813022727503,-8.134215170253157
1.0234052971372922,1.0149276860854732,-0.8723991565834416,0.9309539665289291,-2.3269744093234324,-3.8284544196528234,-2.9873405743032286,-4.032763905379562,-2.409793579971693,-3.8767222234291467,-2.986953737268189,-0.9082861741585536,-2.0005816519474138,-2.000214927279684,-1.3252897542845112,-2.260865307695671,-2.4168911249839202,-0.0128177232928097,-1.5723240676691195,-11.375463248223188,-4.2072550727576985,0.32394525016306347
1.5563885937341373,0.9223327870250546,-0.4120376383949525,-0.8575845076212666,1.0294967096223484,-4.975988458377335,0.160278857433277,-1.7418020506324656,-3.13369036608598,-2.1314662136839093,-3.7908728252789587,-3.857748378186123,-1.0723975420491958,-1.6541350484272797,-1.1812565531911727,-2.187333665731395,-0.9183536496278939,-1.863182356335643,-1.7481793230700926,-1.9460767883335526,-7.246307091710301,-3.432335139470591
