script/wind50m.json
{"header": {"parameterCategory": 2, "parameterNumber": 2, "lo1": 6.000198445256149, "la1": 58.999992894266676, "dx": 0.5, "dy": 0.25, "nx": 22, "ny": 24, "refTime": "2024-03-28T08:00:00.000Z"}, "data":
[rows 0 to 23 of 24, columns 0 to 21 of 22]
-3.8651361156730806,5.193686450485652,8.714977537076487,4.837091927454009,7.598107003026648,0.48201918600968363,-9.494241990279829,-10.132162673572532,-0.5768368248850293,-6.634083565651193,-9.170510035312113,-3.7299424867648145,-5.2764328605485895,-2.6272533668908338,-3.4656814337569,-8.047701100180099,-8.473719131421532,-7.187707872118345,-12.576601663002366,-13.728249952096442,-10.862319255112572,-3.473639642525292
-3.9034504674137604,-0.2234186346858696,4.909772752518595,1.4682874626749587,0.6640176191878076,7.706754091207474,3.603174503154104,3.7015460402672478,-9.654561407155162,-6.045521324779467,3.3474936130541093,-5.952485477755687,-5.049811715500278,-5.420684305460411,-4.007220810163925,-8.065934855990507,-3.3686428260246215,-6.299365964517605,-3.990224127891848,-5.988932135573908,-3.653287540585358,-7.478000818001518
-0.6663941267141822,-2.8573233201373536,5.247358644630856,-2.0239178577945554,-5.207219978671055,-6.335285170308263,-5.48969352408362,-10.081340838726469,1.3004949908831052,4.996792651957408,-6.897727584077368,-3.8040147569494085,3.2779093430161974,-12.62550861838707,-6.018370509660476,-4.763962303375947,-5.58494032626086,-4.828434046100191,-4.16902525559237,-10.523161728764428,-8.538619480563133,-6.281865308781352
0.3217877548443977,-3.9794325452153454,6.633705806165924,-4.923887602761973,-7.229994309475919,-9.140255439389273,-6.520289808612106,-7.234445390028685,-10.966476728924919,-9.295382534220158,-10.415813850831677,4.731288507439035,-5.604123889562288,-6.33258393845568,-4.045932613457375,-5.46059969732863,-6.919031354512797,-2.422971361507822,-8.959174554744964,-13.579502055560893,-10.022037120905694,-4.45098937554798
-3.400405713964855,-4.372396158480557,6.915336496172515,-3.756411316035328,-6.231805800336561,-5.080099396354807,-0.7218179156007072,2.0839939127534137,5.270099584755925,4.617815037770121,5.7220442201774855,-9.730856458523615,-9.17942650853563,-6.806431374007047,-3.249651643594746,-5.964907851907199,-5.800596580685582,-5.67488007393929,-10.89406624460667,-5.813469491223613,-5.423475730230182,-7.80088394145946
-2.7826998563305296,6.359632830917837,7.170171422909982,-4.796735061766571,-2.2353348302960634,6.464943523127889,-2.8098243137105543,-10.06394015087081,-10.524256854344761,-5.551388454241902,-8.416161421626738,-5.641339257260788,-4.125169929917077,4.17830889534802,-5.429163590190116,-6.277234905462889,-4.207787570831264,-7.905499368492064,-7.507690887099934,-3.42378049607551,-8.529468234944398,-5.509510645643554
-3.536612475328733,-3.298550684053282,7.779937953321689,-3.021122593498601,7.426404128292498,-7.311993180942409,-8.977494999509052,4.453257268869773,6.5068795820267535,2.751993086446053,-10.93073582703006,-2.6046747353654407,-3.0683085568333266,-2.3362562258425332,-6.552694896526589,-8.069857787745422,-3.8445378254783455,-9.068500796678068,-2.8822339374451826,-11.115481428202134,-3.7177115704488224,-3.4636614341225624
-2.550702899400336,-4.226890481566574,7.745444557066457,-1.6153321363733746,-0.23331308356397937,-8.249608316393571,0.44044241129195794,1.8340358872237912,-10.875623883282984,-8.672906876444532,-7.263250222527549,-1.941615126533832,3.557615739176782,-3.8611816467723368,-7.6264348375563396,-4.885006862877532,-3.0733295358224733,-9.161525087970357,-9.4424416288721,-5.220798454216442,-6.214964842094065,-6.923887170730852
-2.3769976490332194,-5.014104697961029,8.237897309400397,1.8542683104178617,-4.8279506156363,-2.68365110259384,-4.175010374832681,-9.762174383711775,6.862804058643229,-10.1586361743808,-8.747200107596793,-6.41328367741578,-9.317651741109648,-6.192216580903878,-9.877132538253205,-5.364797413049324,-4.129263640505456,-8.013877023609142,-9.812138110269332,-4.0555674662786965,-9.151135192363729,-4.656263563805858
-0.9694500797630902,4.037281636227356,8.351053978278244,6.533163358460352,-7.537700387000234,7.804749251517089,-9.84816011157708,7.534444995834811,-10.010005314137242,-3.599280473725328,5.90818543771101,-4.797883134173454,-4.637970114248627,-12.330328417931023,-5.312873090849846,-5.83691937593797,-5.379322796371759,-3.433037361001662,-12.625422187332902,-7.98215928222584,-3.90153471690476,-7.496762529414003
-3.78187944729426,5.888067786817688,7.7472200248936405,6.5972424006043076,-3.372351843670696,-8.98805395921779,3.45622855625696,-9.568495892383968,6.678163364256654,-9.236942568660325,-7.076807682692341,1.6850445432034804,-4.374998112458348,-6.592124344111648,-5.210406827730379,-7.727232725103329,-6.646400264651315,-5.247905730594974,-5.070589187081895,-15.099872314729803,-8.249692402599052,-8.077783659430947
-3.206421004977178,6.356861260825669,6.389450252249793,3.2568540892596847,6.069691689978632,-4.866971575571913,-4.922452474497746,-2.5259873332385836,-9.980401824848277,-6.7199778567977475,-9.52442667454793,-6.7028521096057645,5.6718396102499025,-7.799597174546749,-4.565394346378994,-8.244854157684347,-6.2252773822394385,-5.210709036443411,-6.367108354741443,-2.567680310013558,-4.952774643507742,-4.54005759709759
-3.425061951891559,6.4296942637944605,6.554085097876339,-1.3355095193114437,2.493381402412712,3.5103719066507018,-8.27978998271967,-6.345189521970153,0.10225631433360897,-9.650578837847707,5.783725979046941,-4.717077695622695,-2.9656497247200426,4.917262444142951,-4.309263183358633,-8.51602550575329,-5.888953234367958,-8.811119213275003,-8.993980671642886,-9.381879796157262,-7.284375747945453,-8.671131280110984
-3.311692800841851,6.083443740377572,5.120531867885203,-5.141457365181091,-5.266712552027234,3.363004612326581,4.534492393758994,-4.670391187442436,-9.206785941605997,5.272839369198199,-7.48115067409816,0.8805405890177492,-5.130347984671772,1.2264555845785061,-4.649514896366589,-6.148133054848917,-6.020483112044541,-9.101612935719373,-11.999111415146611,-13.630296395047846,-11.721546788185695,-5.208299197015111
-3.73888345153008,7.671525937500401,2.5879515016226526,-4.521048391499559,-7.64514340712497,-9.147944184875866,-6.874148063049771,2.604116635753872,1.2353753898813429,-5.792336175627936,-9.127699348768035,-2.935985910633004,-3.799374206614631,-3.3199081218974085,-4.061713593031873,-7.9242133928044085,-3.1994887051600394,-6.3131666185086655,-3.7996854099825397,-7.588343664811456,-5.798834234762295,-6.262202906016184
-1.0539581607995328,7.151601676812183,1.8625444898814636,-1.975820602085816,-4.007143284897604,-3.3530406692942147,-7.46572719846296,-9.836182517773034,-9.420054681816094,-0.3457680035953459,-5.4023124834939455,-6.220327736238228,0.7169916716249196,-3.664171685094288,-3.739931059215423,-8.253451853861868,-6.498268050572969,-4.728230502154758,-4.352321962446565,-8.77200138925822,-9.583009166566436,-8.907896340229437
-4.088516016199975,5.044791182843338,-0.3364726845455571,0.2675753607798694,7.52957174055882,5.817598094261294,8.547607323658088,8.796049168349304,2.2326150265191167,-5.072079608609361,-6.168843276942118,-4.765384114855418,-0.30148371020195336,-10.447121784299153,-6.3543041330309045,-9.046080725874935,-8.092440679036658,-0.23561996196381,-9.474928960321046,-14.827153712372034,-4.4830872218847295,-5.52796962556705
-3.3641286232410286,6.557747020188304,-2.005949507097771,5.95399217887953,0.4917007287116159,-8.779554060834078,1.5690332985960613,-9.316717943217483,-9.488125014689277,-9.660596253044774,-2.6159189011048114,1.1099697285230399,-3.6526195876525045,-12.365872614694547,-5.906638690595151,-7.416017494185588,-2.693602436493941,-6.56328711756088,-11.343880349329913,-5.986964191898832,-9.598967473109811,-7.00969766853458
-3.3124867400224725,6.003328530200841,-4.537189283480998,7.459511734539321,-4.609857589288796,-5.294967577005085,-5.816322475661842,3.5488107990269175,4.324868861885043,3.9870332413307863,-3.4338050928484045,-7.052168087302274,-6.491449342195541,-3.230337090935271,3.0424014003807196,-6.758941619161674,-4.639251051725573,-8.752104318839852,-3.8640761140174518,-11.277734692497225,-8.139996708270125,-5.0195324663997045
-0.015325310273621945,6.566572778514657,-4.247371660393759,2.396995201609173,-7.299109596821739,3.3836109368850815,3.664975815304768,2.7346671294935496,-9.751411827508301,-6.241030043418133,-5.838414979957501,-4.513803553226087,-5.167875434331714,-5.9116188938184475,1.6992367268930344,-8.839724658209136,-4.887141047480303,-9.474955291419981,-3.914503858788125,-13.79028954321836,-4.7529131805638025,-9.259410298553686
-3.9709840294693253,6.4053257970344655,-2.9708844681387605,-2.394047431085533,-2.9119546507673566,3.5623267651384345,-5.300399506714345,-10.37105094163448,8.255194146324248,-1.3501741868898267,-4.400787061936157,-3.3476092996709452,1.8253829051517059,1.9611745137884637,-4.635351719844686,-7.074160807323864,-6.437829522484753,-3.8999025170175083,-10.143026686436956,-2.667197141851025,-9.986744132572257,-4.256341037378451
-1.1758435471937103,6.830997417529349,-2.939193400558964,-3.7619024474669915,5.376987396385692,-9.347081192111323,-7.946945906359818,8.788667928106639,-9.89200033310539,-4.849993801650776,-4.1804232218266355,2.4316557940529404,-1.4791897012042772,3.124127507252213,-5.1010539257439955,-5.765012519638319,-6.222141889826819,-3.857163979250599,-11.312718789111724,-6.433067746156057,-9.49052714949153,-9.442621056552639
-3.37826002393571,6.499411609761323,7.698137915811207,-2.623524153676252,-2.2793393064563903,-4.731933435698874,8.154953158405103,-9.384801023716795,1.8562241839987557,-1.0702490831280331,-6.284889050398145,-7.664543833029967,-5.144410642684299,-1.8575564525097996,-5.602812708346652,-4.610923665382948,-6.369277397267319,-4.524489011114329,-3.941582651689588,-12.71841900644814,-6.0416218236940935,-6.245071300542285
-0.12206609184210988,6.222002022543669,8.571122279794217,-0.46254684742206253,-7.282653172576678,-1.616471231063737,-9.000571662756645,4.5594695465175095,-9.25918320349813,-5.39500007621425,-10.339148702735487,-5.655212645705537,-5.801165790375298,-10.581106382347828,-5.943640673515533,-4.979246027439964,-5.851499437301452,-7.399356813467758,-3.453855539069818,-6.009434874178072,-7.445029297849742,-4.075917005136263
