script/wind150m.json
{"header": {"parameterCategory": 2, "parameterNumber": 3, "lo1": 3.000054539987559, "la1": 64.9999836372058, "dx": 0.5, "dy": 0.25, "nx": 34, "ny": 52, "refTime": "2026-04-24T01:00:00.000Z"}, "data":
[rows 0 to 23 of 52, columns 0 to 33 of 34]
-4.608155185920969,-4.245417658949413,-4.087643183311904,-3.9332237839007433,-4.001069899743318,-4.340014570628146,-4.090121375975934,-3.7738618026948,-3.359361405438102,-2.8585565162818605,-2.389622987831426,-2.0637168509501835,-1.6504568709723826,-2.569135427697257,-1.641779115664141,-1.3163654850711815,-2.707465618260692,-2.264999807444409,-1.9779329740244251,-1.0828576339349347,-6.474355167219401,-3.8902413921698593,-3.552515371726363,-7.499758291648415,-6.633869645985921,-3.778499335862795,-7.493485465136573,-7.7378579386232325,-7.464463677642094,-6.661590316449821,-7.301776482853733,-7.122147019664049,-7.956741424142491,-7.582147302530046
-5.150824137753989,-4.672229035331395,-4.377743470949282,-4.2762097548226565,-4.10073791421846,-4.052266070349572,-4.273056665761282,-3.943187636442833,-3.5060726993979303,-3.149934040556878,-2.3230150803137075,-2.064313659484708,-1.6807462052110922,-1.5380477512731794,-1.8887330410310863,-2.378809692498053,-1.1767960011737966,-1.655084783025173,-0.006368643018202047,-4.166949765831658,2.7265747935657934,-2.0502853280715687,-4.029857124847301,-6.040999124206425,-4.254768038485482,-4.862232798701498,-7.478350235872819,-8.167178990066573,-7.662887867709875,-8.855166131945142,-8.167904442328192,-7.520622836848829,-6.848010011124247,-8.25763162366408
-5.4866691528770035,-4.932803486234313,-4.703680309094151,-4.6584157382015015,-4.292959761149573,-3.992029283416485,-3.992410830867336,-4.048075734061021,-3.5629330587741133,-3.042445372374453,-2.2395813539987457,-2.1367996930000235,-1.5968607693158723,-1.3764299534437854,-1.8822396615408954,-0.3500514970304703,-1.7836775709514474,-2.549930646562693,0.9266545631067105,-1.146172783742634,-3.354692978126048,-3.108318879506271,0.45195560024819154,-4.9884419070532795,-6.422788462244305,-4.90026954476866,-6.324253706559629,-7.118417234698732,-7.0611181379206105,-6.688014042775321,-7.7141360594379895,-8.728052174895216,-7.845779692027516,-8.669551038627668
-5.416748474298521,-5.277167830441927,-4.642511010163714,-4.513212609297171,-4.516434145525426,-4.264861995479311,-3.6313099379461535,-3.1892571685425715,-2.9289512171923726,-2.117338673010779,-1.4120271066305274,-1.6924907060001129,-0.40354586652294366,0.3773168711797636,-0.042416888240249216,-0.16549404409772603,-1.082923389625464,-0.14150995615917294,-1.4862933663318554,1.9054925014954125,-0.7324166705494556,-3.9235770830455796,-6.8076165756645555,-4.790222984183008,-6.567593070313493,-4.975670501137205,-5.920078528940457,-5.271896105509434,-5.864946955292354,-6.5151496479480695,-7.1000533715431775,-9.534397828009178,-9.448435503800182,-9.004471023643672
-5.954646549107137,-5.221244055242604,-4.896563042263474,-4.277126122080732,-4.0762491818189694,-3.931776205002397,-3.6129489368280234,-2.903345172534108,-2.3929698374045856,-1.504230279321529,-0.7013371206646357,-0.08728663012903286,0.6097589790207518,0.9841732866989503,0.6681964341632548,-0.227982159597623,-3.4592833304788075,1.2769722022969365,-0.10298488178083655,-3.853844434943294,-4.939208948144861,-6.594866833959367,-7.192981247022827,-8.75714026473646,-9.487497083630174,-7.792187718314481,-7.826857493855213,-6.765230469314262,-8.359229803580678,-6.103836989021839,-7.58394198170492,-7.8875194386959295,-9.194328564746757,-8.926531485884064
-6.475762872168717,-5.765532146054228,-5.160212905327107,-4.3971169747757335,-3.708494005004747,-3.402722635940191,-2.741187042081443,-2.486613677810391,-1.9895606800898353,-1.2599539117977332,0.0016752638523070986,1.0151673487157153,0.7955423928986527,0.3983832893879387,-0.09742218294330077,-0.9889651059573105,2.5043817021262904,3.1760648648577874,-2.5557164886793937,-4.074115897383595,-5.466239329364863,-8.036659072785087,-6.283623964541428,-7.477387002701834,-4.17329132094579,-4.906310088854827,-4.306596791177499,-6.086427694809191,-5.639549483961357,-6.904301996016398,-8.456209840812416,-7.002181246716298,-7.568544549496617,-8.94790164362005
-6.746408495387331,-6.037438859934955,-5.435317321795224,-4.742013963188956,-3.72846987067402,-2.9202548799505514,-2.130206336292527,-1.2490362379894784,-0.24419904209707483,0.6899219667137504,1.4424885505577258,1.927972962907503,1.9399913692701947,-1.3603106175337898,-3.902300142671796,0.2856003944266931,-0.5747628551197488,-0.7532543151141399,-3.495293591008908,-4.16527900398192,-4.673147844636839,-5.8461144539199426,-6.338155191314,-4.782635488376677,-6.143950924400989,-5.428836296868762,-5.157590424975098,-5.526829507775285,-5.5526222225222694,-6.051790638106078,-5.992225937013435,-6.824946826948135,-7.899182316330617,-8.636213063950425
-7.028173114931224,-6.448189569646503,-5.35494326220622,-4.690506826867711,-3.6390981023957174,-2.784919732933294,-1.9130831897227287,-0.7632274048909644,-0.015747447262478627,0.13849812091697852,0.9079239475410938,-1.0397480973994815,0.22363854959344356,-3.521761011112048,-0.6935244487475334,0.8931355319192079,-1.1563355876706867,-5.248006537388086,-6.561962042763995,-2.7115198098798277,-7.623333184003698,-6.45281287955445,-5.562319899586723,-6.09402737957332,-4.993291021023322,-4.886421606299006,-7.5107195197991885,-6.902713920566601,-6.391084677280548,-7.947626041301912,-8.5469568141415,-7.559025280921496,-8.064868890005783,-11.300114566108975
-6.706302119763117,-6.163567326120734,-5.515269789689451,-4.490296732276431,-3.543594395051171,-2.379267331428004,-0.8255622479777125,0.5152597315119113,1.8711900116545095,1.0872161155168432,0.9756170044346397,-0.02578083936574606,0.8573520550983795,-3.510110539774444,-3.3126692678541936,-4.49877040599842,-6.62424238368109,-5.878834230496588,-6.081930531743518,-11.730745314671159,-11.430395307319506,-13.440809099875842,-10.175529873681974,-10.1410735795434,-8.351388008320251,-8.742220849660626,-7.999654023988025,-7.565179490085804,-6.378174933672122,-6.755146493725659,-7.093250539867165,-8.78850827993896,-11.786818065087004,-12.998939050422273
-6.379363425698321,-5.808633245877208,-4.949772164959785,-4.004374824994046,-2.925118647938339,-1.4924831378342427,0.4082191321526726,1.8904555054512395,0.20495285800070617,4.586500473999709,3.0280549798068654,-0.576428471393018,-3.328374384643202,-4.303760412068957,-4.846033615239988,-7.428621039958348,-7.658243542317436,-13.955219134097023,-12.59820305889915,-13.900796869259018,-11.232507867602925,-7.643557369706429,-5.357697702984333,-6.185695140746,-7.991456796282712,-7.835406755722391,-6.7483912701070805,-6.651878921469965,-7.910237323969501,-9.298490885744648,-11.597513231272032,-11.626880608596819,-13.594561046114906,-14.42607229388826
-5.790994431848101,-5.392927970753532,-4.59069410350611,-3.3960259401890323,-1.623006844649522,0.28227314386975244,2.2252109473033443,3.337726380078046,3.6249454204955818,1.887549571444617,-2.2437326223808127,-2.8457142871244643,1.2754935160706122,-9.44661296524495,-8.2841238013181,-12.742963066345997,-10.540098419343508,-9.008512301959946,-18.99195084225653,-10.596638333692626,-9.667776178773252,-6.513302928252158,-11.435707380932412,-7.0206789739832685,-10.187818838406885,-8.633691569806706,-5.113670277382498,-8.687252105421798,-7.372224507024976,-7.957465581850864,-10.141150068888535,-14.014961337039905,-15.671181280049343,-17.555042352349837
-6.083952793573194,-5.382372793293143,-4.067025868940987,-3.233435110627403,-0.8350843322876539,0.6449094854814911,2.7965441552728434,0.4345064311587303,0.9935037147446475,0.23363318754964568,-0.47736306835925885,-7.796183409925228,-8.92165505485046,-9.323782342116946,-14.582777898063036,-9.259346294920947,-11.296136269591258,-13.963608687880386,-12.652334451857522,-10.70401868182396,-9.939752584305213,-14.192456222471936,-5.983042314574209,-8.656388730811967,-6.335967979982079,-9.500950576107014,-10.212177653467288,-10.113715837661449,-8.170508837040533,-8.459226550077135,-8.71115907045592,-11.341755310365638,-15.789456393089251,-16.349457944553702
-5.968139223164956,-5.862878280381197,-4.685634937650102,-3.351470092021248,-0.5129396821977865,-0.6242275685411462,-0.8162470136335156,0.03808486046728295,-1.3239457069720542,-0.539982659644059,-7.610284457164828,-10.383135721424539,-11.906838292391072,-4.576811697256146,-6.46482811874561,-8.330373588262544,-12.07903785467449,-9.556857714454043,-12.032757776044573,-12.054213526266137,-9.938326894366702,-8.16033252223327,-10.135603529093158,-5.877574572297694,-7.7837485170920235,-11.22655871552394,-9.228120293874058,-8.857740005820132,-7.2749271319949225,-9.222975342202238,-13.376579125983339,-13.194205446418962,-16.424728004214597,-16.773063287698807
-6.216169355999082,-6.117256769781829,-5.194025895705652,-3.8533101299527086,-1.5549016735794905,-5.335312600496581,-3.2127866256449753,0.14381648785237236,0.41975092103458606,-4.409300789266609,-9.593473082796331,-3.3851441785176535,-7.496898852178056,-6.791108983372658,-13.219643701931547,-6.200930446099579,-12.467314459877281,-4.843926940844177,-14.819857603681786,-9.265327037898034,-7.8857250469783935,-9.555466534104381,-10.09533259678604,-9.541153195160124,-8.662040377303237,-10.370155035601208,-7.8662506221099004,-6.198545748697146,-7.396184597118391,-7.773048842971153,-11.709964051069504,-13.900218771739542,-14.491632530695917,-17.775916321236984
-6.124622971670788,-6.617680953016786,-5.8714351141307635,-5.040938431500792,-3.3564854336408945,-1.946082041747675,0.6257906570206062,-4.444929982621727,-4.893187800108436,-1.1672642687593897,-11.879116548999471,-22.697851972271444,-10.759997855133351,-6.4631547704233165,-10.310727634102838,-14.14166553018305,-8.212990517361938,-12.020164992833086,-10.280704568768321,-12.528208250546925,-10.24054800170957,-8.84331948827431,-12.200220013042982,-10.645302348309682,-8.364056806913888,-8.25524647296805,-7.413035617214105,-7.406955763065933,-7.609193700381985,-10.86429466306745,-11.53323775207687,-14.27048894975805,-14.994096540170322,-17.508648389211444
-6.487091029255305,-6.53349480347705,-6.321153392467127,-5.36045206690494,-6.018082500330859,-3.070919871744318,-7.759086054901192,-2.6423601399435213,1.2349034109074206,-0.13148319994642146,-6.822205852732909,-10.273650858512344,-7.573119642178541,-16.633277897734704,-5.102628083651568,-9.620691571244462,-14.828762651294133,-7.580026077460642,-11.183942018992925,-7.033177535660222,-8.163199119545284,-9.928619366754484,-4.1169694663528755,-8.733669376425814,-6.982861679346998,-6.659964263540558,-7.0756428186549405,-6.499582976629284,-5.986068239449495,-8.819589556464285,-11.698074699408988,-13.349815015786344,-15.257889714344778,-15.96880422935835
-7.119842906553816,-6.511484419353366,-7.3418053163392285,-6.044060356680607,-7.039757515291734,-4.146240556087435,-10.580033544331005,-9.098006840353806,-1.6617425376799364,-5.477343988526426,-8.669922755645615,-22.56240554929727,-7.2039979686384665,-2.769354758453992,-4.7462225549493615,-2.851338249337097,-5.259679212111978,-6.257907459627241,-7.6158334362295745,-5.640533388034119,-7.773550499273825,-10.370936054030755,-7.463276469740989,-6.768200310473429,-6.561076080757824,-6.341905828861351,-9.044503459207617,-8.413733773734307,-8.207076526454102,-9.769973781571295,-11.977660183183907,-13.647458694435231,-15.013175044227461,-15.458525416436618
-7.130969736480949,-7.308662884320129,-8.611433991456803,-8.110455015671333,-6.290535780359979,-4.168459025471891,-6.0539254317145055,-2.0603774879079597,-9.518845426835385,-12.383595579352793,-5.844481405512915,-13.511160638490455,1.354139737276174,-5.856630400928951,-6.992045736957189,-6.481113797306953,-3.108609434715697,-4.61875454872069,-8.583797639284061,-5.740297256412168,-9.01003164461566,-6.114905286439244,-7.630556625475849,-8.634405588589052,-7.084852186304964,-7.3958733340619744,-4.268980590001028,-7.157695172079217,-7.616558797691718,-9.800384696849985,-11.206299192971706,-13.50303078840482,-15.03576717202562,-15.267032339565498
-6.827918126105782,-7.8551643931542525,-7.019754783676076,-8.405760532568788,-7.2343244126409605,-4.837210729309218,-11.410974697475083,-6.346194484755258,-5.289697299712902,-20.41662233091135,3.1792080053104104,-5.511334015449755,-5.087370959077599,-5.717359545114353,-4.610470197374731,-6.229952468089293,-5.8398977482874965,-9.55417874246839,-8.04435622233605,-6.3906617580767975,-6.918355359208027,-9.347895166109488,-6.52065307103642,-7.584560959764697,-5.20501499216037,-7.563153661421383,-8.06775732696086,-6.890610972973017,-7.319498301480431,-6.8017462060033305,-7.511497761002864,-12.233755939215353,-13.806518086237269,-14.728739156781051
-6.800285443284115,-8.01357512004245,-7.35765721903239,-8.2686398338171,-7.905150552747298,-4.959507677339882,-1.0141356655074947,-10.453952349432967,-10.14119327208008,-11.005161904742598,-5.556691738331326,-11.111812921453337,-5.362565954371605,-10.822442092309204,-2.1133319135352857,-6.912936908695679,-4.54117431257726,-6.352498162413144,-5.268648006136884,-6.008311439987155,-7.611961227218408,-7.3054035429901,-10.572252931707943,-8.247894689048303,-6.906999190694298,-8.900554326452289,-7.873554013343077,-7.123263209254099,-6.873331773131325,-8.171857138029281,-8.243060640785567,-9.842152952101461,-15.252548762640169,-15.228151974530077
-6.842457053750167,-8.072953937085991,-8.400566956444758,-9.471644746747652,-9.534784987035836,-6.731665834947539,-2.1514350292373616,-8.185454040696744,-17.050833686167206,-8.170105978539242,-12.624120691257998,-11.928132256900891,-5.398611317254612,-6.285632986564312,-2.537283675748113,-6.577459648453228,-6.438106738636641,-8.212697272744778,-9.273277478913798,-8.625555465428661,-8.184559194737043,-6.951053768124946,-8.914480292492327,-9.18769152291901,-8.314139557791922,-9.367278278304584,-7.778864262834768,-7.650441484545658,-7.707034618224629,-8.426071385804978,-7.863238980095995,-8.752228243213958,-14.007950439821304,-16.873971719205965
-7.730255500008641,-8.152676977404262,-8.519189048075205,-8.430998174570362,-11.812443311801694,-5.769201099892892,-5.526024654418835,-15.864464505791801,-16.820229686431635,-4.3095653064488495,-21.231822112704045,-14.448369236883178,-6.193029508935712,-7.321221138083042,-1.2867664531121359,-5.1820362642382864,-9.49643526133918,-7.652738957430093,-9.971612324276439,-8.161042005256368,-10.326412327093886,-8.758188398718346,-10.554471525629108,-8.13576875402574,-9.144506968245258,-8.463405856435505,-8.716529210307066,-8.595729961711118,-7.969788103912668,-8.962498959382945,-6.798212949942223,-7.21172984699504,-8.776352271097489,-17.43019406839088
-8.310275694021982,-8.929082443711154,-9.202362791686467,-8.781569270807267,-13.108509046615241,-8.861991049459789,-9.594608917304079,-1.0586889923817304,-11.779753621256864,-15.75229828592866,-7.028099362853788,-11.953917055375802,-10.372780777990585,-8.163502682299525,-8.10225166936317,-8.160167725346328,-9.889825301762146,-9.843428214564113,-9.835241245487227,-9.703038680090357,-8.821614856960016,-8.608479847072903,-9.511084386015918,-9.113848154544556,-6.960191634484296,-8.321004230890864,-8.86883718684175,-8.553391311660365,-7.710190657484869,-9.136658997529947,-9.363383380575863,-6.876744724644606,-8.282499269633574,-16.710037610307282
-8.944022991258542,-8.403709614256885,-10.355685161761983,-11.728657754363105,-15.04056273810439,-8.093602342667,-10.044907915197683,-5.314239079989108,-13.475910718813772,-6.387103985403014,-3.551484828909631,-4.937823148450102,-4.626343808876573,-5.573781093990431,-8.178124891986407,-9.81130096281725,-10.458002184236424,-10.980262202211211,-9.118178443085688,-10.421840299835512,-10.701591674122058,-8.876558765926736,-9.761585498904223,-8.67500346779894,-9.535232603088948,-8.155981970024635,-9.578008554757393,-7.456783757665197,-6.329328519900508,-7.433761570075393,-6.841718687426087,-7.523095065273499,-10.324101178513445,-13.943222096047675
