script/wind100m.json
{"header": {"parameterCategory": 2, "parameterNumber": 2, "lo1": 6.000198445256149, "la1": 58.999992894266676, "dx": 0.5, "dy": 0.25, "nx": 22, "ny": 24, "refTime": "2024-04-18T20:00:00.000Z"}, "data":
[rows 0 to 23 of 24, columns 0 to 21 of 22]
-3.4247030953857913,-4.290380617799927,6.660961947418657,10.485383906314073,9.863803714972171,-2.4280451977014756,5.521108120813096,-0.49384630398735163,5.952040758640353,4.6325505803231595,-5.1217032763502095,6.496975866577805,-1.397449218160245,6.3182107257015865,-2.2087215879931503,-3.2452308832762915,-3.690778148681238,-0.7437442252800447,7.677223353396105,6.091004385096713,8.965213892680238,6.68870212312413
-7.272577350784007,-4.163591461907305,-2.742862135577504,8.889257221447027,8.065762612106928,11.415755182447079,8.974062719083065,6.982685484665691,5.714336454400751,3.4740521259117956,6.75031226111768,4.730893320380183,-1.000901351895936,7.220466272942889,-2.744488932236847,7.4482854693012275,6.658054693110684,4.403546545219678,-2.067867533812929,-2.248316152775215,-0.46918564776742366,1.2543245859289742
-3.0589512495263356,-4.405500731292307,8.689772978454478,9.06348016132604,6.292820324822126,-7.475805971216128,4.009440139406029,-4.905805201321662,4.212040966740711,6.272582303213337,3.5720546631189958,-2.7396477870868647,5.376884634512155,-2.4883902911098974,-1.096532258260427,-4.9410385045502005,8.080535025457786,-5.18418233263392,-1.2840634718541903,-0.30182821113144875,8.219863922376783,7.404678498007961
-2.812198818620446,-2.9043807599207105,-4.781454164068698,4.4071523499735115,-6.736648626383582,1.066102863523625,6.315784327135298,0.24638075979700103,-3.2300125313217225,0.1348840745771063,-0.3913266656337568,7.223432957630595,11.210346237828674,5.452797303884464,7.843365934074862,-3.2577731394788256,6.866959972708499,-6.311504967689433,-2.2600685053280984,6.1544240596872015,4.272012111592133,6.062280921771031
-6.522081222119307,-5.560368543686941,-4.854234808018678,-2.4897617218822585,5.170361630130976,-4.749602399720368,9.248923887815614,3.505033659279717,6.7272687441107415,8.400898744120946,10.06535856476612,-0.4017403244981048,6.229976188657928,-5.826618325861546,5.66217900372312,5.313662267021587,5.843406797514943,-1.7623878431673494,7.190133870118093,-5.571295690345757,7.2310980807820355,6.487830583816868
-6.613015358501777,6.800877266254445,7.109213980669448,2.856194586973633,-5.640242951332177,8.193560569974844,4.279855025811338,-1.5455255992513988,-3.4224475298872425,-4.021878848752184,-4.4872088570812485,-2.789346793503348,-3.3546852466974055,6.970063745340286,6.547341563390872,5.610194668849508,-1.09895733309897,-4.511505004490185,-7.913473607128722,-2.68243680942191,6.936919110168654,-5.389221657823034
-1.5997940343412123,-5.725271041804963,-0.32157295520040674,2.8274011364915137,8.61286122070298,-1.6049506484810594,-2.0284972624632003,8.78342845976068,6.850996576385084,5.4149694476068255,-9.11601851147395,6.067784268954722,6.4034114105552735,7.369802669808196,0.11523893066099665,-1.4164963693671666,-1.6052422058186129,6.418051204940858,5.030194673728367,7.658287784472257,-2.6579087940335167,10.288620400143536
-3.290007379069874,-7.576199930139412,6.2776930356164975,7.122746413110122,6.804416227866181,-1.953227597942803,11.335227028708625,5.17236172101684,-4.686097082478579,-4.066291291192513,0.11076337836042445,6.855770516088417,6.797823748753176,4.442327981331641,5.976723187051695,-5.275306078978447,-5.295642128387458,7.608898879489068,10.198096409820174,-2.239440852882097,6.844697579876159,6.350497022514676
-2.37193249220782,-1.6777973719526522,-0.35141919806584215,7.618517937355574,-1.8344066902173115,5.752918273997983,5.586332294485888,-1.332816878909743,5.9552066766252585,-3.7726250313685643,0.09353439129995092,-2.409431987269593,-2.335468661190427,7.407378636534988,-5.902596964999962,-4.391970480111256,-4.9584623913107215,7.359452705355191,6.648071486672547,-1.6795871396641942,5.824235004835506,6.790147115155819
-3.1769639253395443,10.966912496948561,10.473510358235181,1.9810562275454642,-4.978347833295524,6.598790003029703,-3.776446945269348,8.847614945515401,-2.619854363354832,8.273735562194672,6.204453953501497,-5.362381671067275,-4.517901823119227,-1.7391846953768288,4.340395664005941,6.463126070289557,-3.7462991186757773,-2.6940112101819436,4.729540761401342,4.722384181403844,-4.135138275047814,6.480585116336593
-6.8802671290682635,8.007273031905907,6.79499967012805,3.802250795891461,-3.4516657614768937,-3.1350625439420425,11.161130682777966,-2.93967779897333,7.116650464856504,0.3747645847352178,-3.6185493470015335,2.3723969610703146,-2.2359050026749037,4.549770897519438,-2.579232029318211,-4.635972256343494,6.851706803860918,-6.438989556856567,-4.057087391083567,3.907296524051561,4.773743911243159,1.9408238808868556
-2.134878873909999,-2.017734385661522,6.027759429332953,9.290018751510312,11.150998186774462,-2.979405224629229,6.614458619322209,7.56009679005702,-3.612714902593062,-0.4056932495903217,-4.011622233481356,-3.642680625179289,6.874478684736368,-6.059037638523162,-4.308456195760316,-3.376825629630168,1.3883768006742527,-1.9892569500519317,7.09683016252144,-6.072815510668431,-2.8616575746293265,8.928690041070356
-1.9319123315172861,9.770945668471533,7.98757427035044,5.875196931478363,9.109239621617077,-0.6744683346175807,-0.48662538356860113,5.907221117504702,2.035126620724607,-4.014466181600427,6.390711826247519,-5.511549203127261,6.836818625834233,6.354478282590517,-4.561790087962232,5.579862056396571,3.9291731621595885,7.9566411324326,-0.1699237547874279,0.0007073575015668577,10.52516551640272,6.788760001681245
-5.59187618235578,-2.901036889680219,5.456386824588602,4.671958405818202,5.375142993109215,9.106173043706306,9.883006505012487,-0.7709430850571841,-5.872686274860678,7.6532824878560675,-3.1642648471746835,5.553215860465544,4.950372946995885,7.485898301366417,-6.616238933490639,4.906328387116122,1.1909235610669844,7.401972895403204,6.897852465749454,2.872461878879882,10.852583068208515,6.720517435537992
-1.6774631923877228,-4.313315295953144,10.429938079877985,-4.245828951363728,-2.037136803525855,-3.4332780841291335,5.3796924586284955,6.652206941433453,11.108376965340584,-4.1020862973420575,-3.241184473052996,3.60091110364219,-2.6499446015501,8.024507002427422,-5.835163466538954,-1.4459479678929055,6.070104515835892,-5.750956189016846,-6.206622537219972,-3.819101976956126,-5.2386962856348465,7.706751910226091
-1.0667281649017324,6.373499506067253,9.070637674741757,-5.268463025090487,-3.7760930923618545,5.556532841690376,-3.681803855542331,-2.394592912795701,-4.347968115576307,6.374164479957453,7.627451366044782,5.868506533879676,4.691997598719003,1.4811211129739912,-5.910863941858797,7.116636843232619,6.7132259757460355,-5.455653130127916,7.150675643496918,3.728662616205418,6.67905398105677,8.42778053660629
-2.4883798015837266,7.050378308009756,9.021921665940548,-1.2536488561243258,1.4518239945243803,8.606626464107075,6.468797274720927,7.460143178293576,10.608517802195884,3.780523185351103,-2.5163900498566663,-4.743385674915595,11.23715151447621,10.318737479190348,-5.771234396721929,0.11207638404645415,-6.361107101488998,-4.208009016575431,7.925760665474482,2.777941902142777,-2.086672431967529,6.964352863721443
-2.7378602653014283,5.877178623485912,7.054843657990235,10.209965235921993,7.2662455580877054,-2.183821729115671,6.6226178286929756,-6.264450565701414,-2.717923158496463,-2.0505559698952642,6.064913129212279,5.214695370380548,0.42384910376082063,-0.7804405466507217,-3.450413641221654,2.338737693479287,3.963137097687756,-4.0348275152268664,5.477115760082338,-2.6527025492819813,6.242607899954769,7.333344839560195
-4.250096940995337,8.229845477222662,-2.838707184137446,6.027942093736398,-1.5620024018217766,4.990891151618155,0.3750113414909419,10.133105587992034,6.833183167491724,8.32163387351735,1.5841996042359052,7.210323901131672,-3.5101700593369274,-1.7442846351329626,6.536187766788849,3.0081685554002737,-4.23832744761078,9.142844934155265,-1.7014967932875225,10.052599353632642,8.640222985970803,5.529117152228825
-2.9834683590020417,8.693387637660635,-2.278877423154918,10.611741567455635,-5.560771732030911,5.381200594002763,8.251798523486817,6.864532836187581,-1.6788851765602137,4.9407327429525045,4.14376459511641,-2.942397383179045,-1.539360767858972,-0.636243722349911,5.657698482389945,7.925640492841774,-4.271385116329902,3.5162280062550537,6.171541500644948,6.233322701712901,2.9644662658307603,3.161757662952845
-0.7975618780077582,-2.272316578114853,-2.959679543014917,6.030416691018598,-4.839414384424155,6.169186449557252,7.567581870120258,-5.93137614571101,8.506121943467335,3.2413145370459207,5.746843920488313,6.088627710345756,6.992445768679335,5.735896698663281,9.484230322229573,3.9436680989508655,-3.052893060333148,-3.89138198899123,8.245687068613707,-3.202343168204857,10.201268130545177,5.418711227119367
-0.9349186502365565,6.583437080895215,-3.325516770889284,6.017977134268762,6.908993475844076,-5.59812153822316,-1.445900554533763,10.128331829340803,-3.7524553409797177,-0.22819934958465865,7.71257883537299,6.742916587196211,8.471796634286612,6.532989058929626,3.5516477159313298,6.9454215915149815,-1.685668091540283,-6.319582939492619,6.487947363767389,-2.145421601838829,8.532191065642857,11.264263432023203
-1.3879267187761757,-3.913003373380824,-2.076616585165187,-4.795551729486631,5.117844789396,-4.159573123667381,6.023246650340858,-4.2912693050823645,7.724183896215474,4.529209189410616,-4.5685971016454605,2.0955779961724526,6.316259518007117,10.800293128483911,3.2473747436653153,10.43201709109169,7.443475201690452,3.2167769501282266,-2.666675000390684,7.378042990700672,-2.6866370083268576,-3.7041349923448954
-0.6071411746892894,7.334461915378359,-1.8219764332431592,-2.077868496942586,-3.011217366693755,-0.41234875705119695,-3.095927880695788,5.256750609804617,-7.517830732250659,6.273028090482658,-2.0431699501561806,-4.305779126874654,-4.7082673119583776,-0.2528543037498316,6.785627649981238,8.402992302168517,9.509003786703987,5.986807534924947,5.838286984105025,0.3746819400353298,6.880290821279468,6.916664898970544
