script/wind250m.json
{"header": {"parameterCategory": 2, "parameterNumber": 2, "lo1": 6.000198445256149, "la1": 58.999992894266676, "dx": 0.5, "dy": 0.25, "nx": 22, "ny": 24, "refTime": "2024-04-28T05:00:00.000Z"}, "data":
[rows 0 to 23 of 24, columns 0 to 21 of 22]
-1.006264912444519,-2.541932785999619,-4.606264256498038,7.092520379528758,-0.8746484202085384,-8.24167403073868,-2.107362402044916,-8.045081575117614,-0.683755855554572,-3.607153831085192,-8.91067708501034,-0.4603859710402158,-4.449081591144554,-10.707860949403113,-4.567683575415968,-6.015701426013828,-11.224385437477583,-4.885973121102697,-10.262677444179296,-1.8792446619512244,-4.882013733765383,-12.921208203188744
-9.79467626488758,-3.525231160422464,-4.740846899032959,-10.07893354140577,-6.779959083619264,-3.666603109307721,-5.099409168007925,-1.6025108900234535,-3.444275617032051,-8.028014773514311,-1.5335057899264026,-7.174788313085666,-2.8556674336970223,-4.125534900925336,-6.526983268471742,-2.4594665108050235,-3.4024735266377903,-2.490633818607319,-5.595960353763896,-0.9558270630969993,-7.248323178873203,-9.334393421304647
-6.88605258913374,3.2842023739134736,-7.177478727775199,-6.638490376711031,-0.4791521484706168,-11.586506579982663,-11.27111934062393,-14.708917411059256,-4.990685042059717,-8.206097713254433,-9.357850651252189,-3.293202907454873,-8.095907897181268,-0.02813973347386076,-0.9985036743246807,-10.006753503861097,-7.457091951926222,-0.5005395337275353,-3.4696025685297736,-1.8207353311383594,-9.843267468576704,-8.071394434155478
-3.523710683776007,2.2891279730464116,-6.148542381269822,-3.371934859783795,-5.7024839880968194,-1.016533074612949,-1.46618337709844,-11.493302910228914,-3.216031226542964,-7.422422617734572,-4.985893207480049,-9.074092372297162,-9.771116091037804,-3.752903845146118,0.13093713888756092,-6.059972012640108,-0.866979136775135,1.0200256991419192,-7.363558557488449,-1.1731461769186393,-1.218946242192877,-4.980061965772589
-10.170373821279096,-6.657845094410054,-12.470692299699083,-0.979798725948297,-6.81947025182665,-8.359841637699807,-1.9388236418926335,-6.556215733125128,-18.660098142177112,-4.673014427994016,-0.6392729028275412,-2.2772324120688756,-0.6902918396534506,-10.616997200301952,-11.913750214971854,-5.452172906367306,-4.738176968498654,-2.935416169751612,-3.9150078786396754,-10.916379328013289,-5.785898171139239,-1.6867499228824958
-6.839152410827552,-5.591499557889277,-11.194401369059038,-4.743916352548634,-4.502422038931675,-0.23934647457176306,-5.350260766415338,-0.9471095537497974,-8.945539022592735,-1.6080626051500244,-0.6906423376642405,0.4046935253925201,-0.09854394524110055,-9.510904795500505,-4.0313271439430896,-12.512470756416079,-12.533579851406484,-1.6456134973173735,-6.705161001764975,-8.941130266283622,-6.992346050403418,-11.62537956478889
-2.3373317733022563,-1.4367162673087184,0.12454604867479037,-2.5987780186827325,-0.5027271949912968,-8.701317990810848,-2.7446793208013203,-3.040028464779818,-4.590553682981555,-2.565762025206031,-5.897171051941034,-6.152374025314012,-1.4706435143555876,-7.514648566778132,-4.302129753995566,-5.437885206109998,-7.255141824078483,-2.3828258088081804,-7.352473888402731,-1.6198067156012272,-8.745997725759048,2.205403586033447
-7.750558328833818,-11.478893092700345,-7.563062408285465,-1.0534811233640717,-8.513767737894325,-0.22082246096984107,-10.900389409977935,-3.770164689983083,-3.5073745399808094,-8.292690296439709,-2.7000300820891265,-2.4774169050568546,-3.9285195676582125,-3.9854244309923157,-4.187704689575767,3.7118397098631015,-3.793465178757828,1.48630383327135,-11.233464819378138,1.0868369632030401,0.7860762171186231,-4.929531966191773
1.0450894244018574,-7.47467797939503,-2.8006158765660745,-8.632195433987496,-12.353130161607398,-4.43942324275275,-4.128942619071029,1.0903379074577895,-4.11149224884596,-3.8426609878827227,-5.957794790613317,-2.825391540990214,-4.862345853303699,-5.046132445203767,-9.450235816295283,-2.7358172866107964,-1.789933677568159,-7.806992140786243,-3.3916330339761367,0.15496712003930885,-0.1311547892378333,-7.655112812993854
-10.122954665480876,-2.3702343028164288,-5.543195280705093,0.6840184076877909,0.5361254640018219,-4.869243832007198,-1.131185377278703,-8.005159899721269,-8.884659893175437,-11.611528195187022,-6.499790021607498,-1.2178783134242215,-7.860359305816636,-2.3989911206166155,-1.487603873609714,-2.9293283013831686,-1.028875457346409,0.0553414596615262,-9.585814381495661,-8.522283323213703,-9.435392362528953,-6.845103281706971
-18.768581206587115,-9.088059251278684,1.0016292791022678,-4.529651408171197,-13.24623817704632,-9.59002764703336,-11.973422828898622,-7.6541342338546965,-3.9069115998317603,-13.070482062594333,-0.594398234347121,-2.945452914765044,-1.510617760197623,-5.169951414478457,-2.627427042851251,-7.720296384236868,-2.511771365994847,-8.565746732334636,-2.3266673713790706,1.1859375673641597,-1.3142865480899584,-4.77485420261402
2.3278830317841397,-3.314841308172549,4.018649703191971,-5.717053470973082,-10.169491867287771,0.7215161146342507,-0.9640774636529269,-9.939989063723381,-0.11439523643770902,-7.447089335310268,-2.74756891776023,-9.985078074082885,-4.532969196319981,1.4854656213296973,-0.4159855861070754,-11.005925949690146,-0.05956113090407231,-13.357383289501069,-3.3031875526889576,-5.673596418539173,-4.996579366041679,1.5002919028103208
-13.748985601145202,-8.476441804718242,-4.576417281799291,-3.061082102569652,-6.769411683804273,6.643613576953211,-3.3336408748191135,0.31406180567325864,-4.043305529738244,-1.786433984432351,-12.712255443827539,-3.915881615350898,-1.429641363338078,-2.2546944474085446,-5.5195025839144645,-0.15331947584594796,-0.26702351409180625,-4.522939909508146,-4.059820665428699,-3.115235091564161,-9.82998405861008,-10.263140229533548
-2.5367347694299234,0.4162008220005345,-4.315554294008574,-0.8586657212273595,-8.0607769798309,0.7306059560950178,-3.532589523275208,-2.8457717182983675,-7.5646840094556085,-4.129439686231163,-12.46273106761598,-12.617326315554378,4.444831158014394,1.7627286429301445,-2.9725088877434453,-10.075375873467408,-2.975485097182564,-4.0429896120814,-1.1253740231086193,-3.537895148144168,-3.3827900557934334,-12.087101542238567
-9.938176103660355,-10.199456380610524,-1.3089829464880636,-7.040603089531147,-4.126815317596289,-6.4028626614004365,-2.212678691682099,0.7053543627337244,-3.4297948263758187,-11.96717018058662,-1.8428090873206449,-5.3858813881798575,-2.429092690129251,-4.391324258940364,-10.293781268476152,-9.443436385398625,-1.8605251614849987,-11.020875553490084,-6.647489158511187,-3.370782569151692,-2.951288078851683,-11.435107348813897
0.08224048383336774,-1.1749117968571696,-0.36106827104755845,-3.690884554978235,-7.268654413867813,-9.341021236009382,-15.401739647601843,0.995737469259568,-11.551492146952084,1.4946833150285503,-1.5614399207412184,-5.2186251660056255,0.30717483248667116,-8.09541580298163,2.101022923815498,-9.467447704363089,-7.811902200157787,-2.934904921138713,-6.793709226717962,-12.923732254595329,-2.2474256620893667,-9.671470044440818
-4.155316441573784,-4.108304910596015,-1.7970796954821586,-3.402311094298217,-11.980091185764106,-1.4887360548546968,-3.873645901858052,-7.8913011349085345,-4.441046306313671,-10.722687983995021,-15.32804762244664,-4.061583335660832,-15.51164077854288,-12.636881592822075,-11.711526310770022,-15.188218715189858,-10.625090879824528,-7.276020299301392,1.7061482590729498,-4.266162711555559,-15.087253102387919,1.7795124613136708
-0.78617100069302,-4.088328079578665,-2.80889241690335,-5.349935341366632,-3.039574803403408,-11.641953266137977,-6.357542971728889,-3.62357221172245,-0.25229845690070346,-0.34277184945693523,-5.86182782380908,-8.388469027784351,-3.1371962627366026,-10.076437617524883,-2.8480824702382255,-1.585471864257355,0.02042530977555626,-1.7454615372605393,-11.540051651543978,-6.943073253181851,-5.286192362633978,-4.4821437643443
-8.834058219447183,-4.536096519632393,-8.631872515309482,-5.014147484776193,-6.325693827999097,-0.7299659890678634,-2.7081262601532625,-5.618270574882287,-6.0309408756601535,-3.489163163433584,-7.8688383956781545,-2.0792367154951212,-12.506398822563945,-1.5601919786549396,-4.535050577876608,-4.560560991440827,-2.8247919436547044,0.6844576163942501,6.873451187048103,-10.614196049157686,1.4674929655891669,-1.7406201084828874
-3.1269975454028107,-3.3099366220093396,-8.465476100412872,-0.02474074847943264,-0.6706503861605083,-2.696027504692643,0.6675633660680212,-7.183689718211168,-10.77524057006985,-11.623778648276357,-3.7354674569407185,-3.9235721382680127,-9.71587631281103,-7.799162871459917,-17.209859329281663,-5.583888168004432,-6.665541178254913,-1.5913663200000738,-9.768759182000627,-1.0378993068142457,-4.0579072324257215,-1.50265380977717
-3.382015775202898,-10.255453354512538,-3.6990981159430536,-11.114049957836677,-6.328970861960465,0.19490175206079924,-4.692529268615345,-4.155755915211471,-4.356512788586417,-2.690164699090551,-4.656415749051906,-13.510951985382855,-3.135011943639323,-4.16792856449447,-1.5959086692135218,-5.932521778523137,1.295837080780921,-10.286545447674525,-8.072612258705277,-6.592854229138705,-11.942767181002235,-1.877398107413453
-2.7738020516235267,-9.272778350044371,-4.745658708496068,-11.546568429379036,-18.00662628252284,-10.011999604935934,-1.807611068245162,-8.968483152786515,-5.934178553838929,-5.888412417130149,0.3918821649855468,-2.899297005392835,-9.099993992785839,-3.774121457605406,0.41500634911105355,-2.0416432152318205,-4.110304288060541,-3.1007423559259,-3.7838796690927103,-1.134950648015307,-4.695917912530015,-12.650644005723573
-8.21475732289547,-9.879119476646343,-9.641274001336756,-7.013822318667733,-0.7387794117392873,-5.022466311663491,-7.533690798413453,-17.34010759691169,-10.112273450668138,-4.737055588364388,-13.01460955516623,-3.6099849320603705,-0.7834046124396532,-9.000407649998643,-3.3716481008824273,-3.5423544293246856,-0.47534310214468606,-3.246743794623376,-5.346591621091663,-1.1674248037547752,-5.532906535180059,0.9024159362588855
-6.123531191574538,-3.2650515035466303,-10.209564201608606,-5.086210590015986,-7.1022162864410765,-6.363705191805112,-6.849644717352373,-5.1917611726347355,-4.876198089205939,-10.039370072081496,-8.742428739895482,-8.169081426944821,-6.15833765419905,-6.332262227363374,-5.407833795636562,2.660366836360831,-4.86912924122193,-1.8954724291213072,-2.677599107257546,-10.89745907947806,-4.079810985317313,-3.1141157062792457
