script/wind350m.json
{"header": {"parameterCategory": 2, "parameterNumber": 3, "lo1": 3.000054539987559, "la1": 64.9999836372058, "dx": 0.5, "dy": 0.25, "nx": 34, "ny": 52, "refTime": "2025-12-26T07:00:00.000Z"}, "data":
[rows 0 to 23 of 52, columns 0 to 33 of 34]
-0.11375335772365477,0.13337897964766013,-1.0247818186161386,-2.632220107466503,-3.870584139981074,-2.98843300956851,-4.525725080479562,-3.1880795712921306,-3.0300434266698044,-3.413164167509496,-3.5846669605254515,-3.024478881366205,-2.8550623475275207,-1.6718956065978698,-1.0183492340520428,-1.0475694397577868,-0.3885677159472873,0.4927770399340649,0.8681850221973587,1.8630160402576317,-2.154807301050754,-2.3066726079228963,-5.53153928664663,-4.442032576520718,-9.001431684632374,0.5543949613536987,-7.479284784139933,-8.917252870718174,-7.512592859020444,-8.333295317632626,-7.897680232542843,-6.965899224064875,-8.63271958016524,-10.162778022919957
0.5738675351107627,-1.4861068584054589,-0.4480472528812922,-1.7699471314041726,-1.8717270912402748,-3.9738095315491977,-3.5792554908750533,-4.055156934327909,-3.681635431677951,-3.99558807379074,-3.4618290396949436,-3.1156138480843447,-1.2459460643137161,-0.5672913786331513,-2.409436454455529,-0.43872593106435587,0.5159139118992987,-0.38938761092986335,0.2082441187092287,-1.9625776238510415,0.30853334960105505,-2.7540101217300315,-2.9599279991756826,-6.349444274659285,-4.638113599808581,-6.296700234404698,-6.1688899168200715,-6.720305681067414,-7.564462389322766,-9.03921972170437,-6.954668696730187,-8.942090639866256,-9.945005032841364,-12.75562322032759
-0.26367040349028303,-0.39118813956125853,-2.0875047935849085,-1.798524111448809,-1.5760341473816035,-2.983051091418428,-3.028714739175316,-1.973921017521245,-3.9599866966315815,-3.0939364839966697,-2.262525768698946,-1.1946839284004152,-0.30785594458531934,-2.691580909942043,-1.5608649950624989,0.5478981017344952,0.0499320996582299,-1.4257489104693644,-1.1606533082289827,-1.4531695869699153,-1.9172872888882675,-3.3507410782328604,-3.080828074577524,-7.404323985773601,-6.967164625333738,-6.805680322950287,-6.048078688918994,-6.973760853538561,-8.621551917244464,-7.94440087594407,-9.444015700962966,-10.09959242638038,-12.489926936686292,-13.034888021314533
-0.31478660951306625,-1.2594846745743515,-1.720475994609294,-2.264923687517781,-2.8597737897591786,-1.5897335454897263,-2.927010130080242,-2.109053478477793,-2.0342755355220685,-2.1403244476137537,-0.8593714778039521,-1.3968361310228847,-2.6411655889651495,-1.9511034001269898,-0.6783899639505706,-0.8162441792485692,-2.4981377680064902,-0.9854410792359675,-2.930120661917479,2.6416563236572754,-3.114842394079696,-5.437125089886706,-7.724760794201414,-7.6571007147960914,-7.359293495099388,-7.467803362665386,-9.691668476782638,-9.63647034449,-11.038606565862814,-9.059494721599952,-9.893487342590543,-12.055908811580235,-10.278782271403031,-10.706199530654342
-1.3824098424276976,-1.5286333413472437,-1.9425684000447103,-2.2989011938764676,-2.742034151314851,-3.2728731458857836,-1.3038243005835057,-2.3295082592812264,-2.865188838164603,-2.0742687656179286,-0.8202559094325259,-1.492211408041195,-1.3292677766736378,-1.6907230810730105,-0.8267747909505422,0.8667509301209025,-2.06461133941633,1.7554888070549803,0.3060987934206534,-6.000610092514307,-6.271471119084292,-9.536832173351735,-7.722756938177426,-8.940678470273948,-8.03596602345084,-8.004251095398446,-9.569243895382568,-8.502292759957067,-11.122913565387357,-10.088307676546066,-14.471284859652705,-15.28727523085227,-14.824110150908465,-13.329189839202526
-1.4271583359645859,-1.1443172251783436,-1.6391894161985154,-2.631097840028033,-2.337289473066897,-2.0463241954776277,-1.1807644522045306,-2.9676295691967116,-0.2320879079073159,-1.8088576517108945,-2.821237638642972,-1.1463339867411684,-0.015301942073651027,-0.40180743194599144,-0.24009281450302586,-2.421434993149339,3.800258673494318,0.5130165791596643,-2.884728128090691,-5.0957196701052165,-5.589803142265317,-9.01120020750866,-8.48029379661397,-6.989281855273648,-6.578152791336633,-6.669550468603229,-6.251798078443304,-8.552132957691688,-8.695051374460295,-13.056999643929013,-14.095616463687685,-12.265638417851584,-12.965192205063806,-17.63992744857176
-2.227049532519122,-2.914637287154497,-1.3327274918781549,-0.9422072988755862,-1.812558321372084,-3.6838130805913076,-3.541513546050231,-2.0775755222639822,-2.0930154555880325,-1.3551117841463884,-0.1202368384696808,-0.6026923442542379,-0.649271486612342,-1.9216334679700193,-2.193840355870058,-0.06453671989161146,-0.40241730553531646,-0.5525927601234161,-5.714981050709336,-5.360601959259461,-4.850143894383121,-5.855866291886229,-6.939816544734102,-6.086745652178669,-6.9478996239227,-6.3493805740138365,-8.382124671567306,-7.890670037857135,-9.192060845036107,-11.475407721740812,-10.050328549547388,-11.967143754773295,-16.979373047105575,-15.783765588965611
-1.4515005638409355,-2.6536711393988135,-1.4249795262591758,-3.673431533656695,-3.3312330802409535,0.22837067151604917,-2.53802106186753,-1.2365539274163886,-1.020548974149211,-2.870419597478384,-0.39983543412573064,-0.8805008931951315,-0.39621091223351124,-3.6386910030253987,-1.2982457296530265,-2.979441584783321,0.04062437912661338,-5.459924846776926,-6.618272182333283,-2.1102713688607766,-7.016950669592134,-5.891124977289619,-6.406845921445365,-6.446793918164814,-6.642694140595001,-5.590152341074564,-9.347300050091084,-10.450674067381893,-10.067946152310272,-11.339885196901166,-12.153128512431921,-11.863086102599226,-17.811779411694072,-17.541337753677187
-1.35091296775177,-1.7789166400012204,-3.534108617655341,-1.9119123983340647,-1.8928966063925583,-1.4565815055712266,-2.1721818719613424,-2.1666476270636865,-1.1681910723285993,0.5573781184178653,-0.8219063296290167,0.7599285379462783,-0.12833544992914495,-3.1065173942687085,-4.025092667304592,-4.88047203367806,-6.859753484789054,-7.464013338515293,-5.3063337307282215,-11.022561099156595,-12.138686094934751,-15.911746978178892,-13.023796333217788,-9.29019991060962,-8.876056912864051,-8.622182663850005,-9.541893147623412,-8.883195348340836,-9.996159354631835,-10.812312339705764,-12.215768434890025,-13.754810703526744,-16.759769233030813,-18.88888878385366
-2.9440054625055128,-2.8414907794671507,-4.073980252676341,-0.3972295583650804,-1.2361643444637103,-3.227746993115326,-3.3399786367434716,-3.055338453261386,-1.682888495419003,-0.2738478461293538,0.18803682381005032,-2.1514634139111846,-2.175721252167781,-2.444695920116259,-5.111432491716258,-8.101488395727303,-8.171187426304195,-12.842670369198952,-11.862543605072407,-14.779944287573382,-14.666646261698055,-6.299015552427665,-6.329537285682239,-7.33922533458523,-11.121839205505799,-12.05165595988399,-9.341365668247446,-13.36436527572957,-12.856737867485554,-15.396352148890532,-14.345164579880763,-13.664571740319944,-13.412134151425605,-18.618612934375506
-2.6331088563376746,-4.077829373931877,-2.1197951595502396,-2.1745041882666865,-3.2223050559945836,-3.3339653578717603,-2.338948466225983,-1.8445702872863432,0.2827462835069369,-2.5680124815523655,-1.647282000212733,-1.464552344231464,-0.11775243191432011,-6.372531807784688,-7.297413865112198,-9.363328680043935,-10.642867181861893,-9.011836836536547,-13.254828415097055,-9.382674514317754,-9.371967854804131,-7.04486774354858,-15.135380775832544,-7.4828831657069275,-13.105889192136171,-7.876353988913258,-6.369047320295188,-12.398512182929785,-14.10472529864183,-13.69663971570181,-13.212064725291098,-16.115633408536645,-15.815305706404658,-18.995477719487994
-3.5510360600516124,-2.9346074182809643,-3.560154710852785,-5.405309711772688,-4.716424318265401,-4.47222617921711,-2.2921567846826925,-2.797658936341617,-3.259158804109961,-0.7597019324701221,-0.27347435622855815,-3.8387426578121744,-4.682678494962816,-6.152640066246207,-8.723242483681902,-6.441825696485628,-9.790038252595984,-12.834415692743114,-11.914259677822686,-12.375628098387956,-13.46381999708966,-14.167088129883115,-8.016943844960993,-12.881373787323685,-7.074847894858526,-10.867166868995115,-11.837113103533346,-15.51079178573699,-11.9088398654104,-10.289794425895623,-12.60879429573145,-13.194195828857598,-16.434582405804996,-17.69661325712126
-4.21468000384275,-5.3413940788626215,-6.169125897426065,-5.993267239830877,-7.239538375215111,-4.3052861527849124,-2.367428735575218,0.02491848400226329,-0.9386111754787639,-1.391424937007126,-2.2617037143709586,-3.5808274291172246,-6.246429917719444,-3.861465968114872,-4.966565598763895,-5.83665383358227,-8.757624769752903,-8.72071609418517,-11.895321817738447,-11.056801762431498,-12.694128051478172,-11.756713771900802,-12.42288532711908,-9.638445569286137,-9.415578779383424,-12.510563048940273,-10.644321904472328,-12.404401609730002,-11.547895103211543,-14.001095721114169,-17.05288156294261,-15.463743362584196,-17.05862130028921,-16.936602593183384
-6.203227241384753,-6.856227975604819,-6.772128365998887,-9.815105647570304,-4.8236446848863475,-0.090139739936283,-1.319597572271551,-2.078331557640628,0.3921203966964522,-2.2365446155113085,-1.9635818165714045,-1.8993635779507485,-2.737499423258084,-3.0753870287126017,-6.032506568391369,-3.703796211201603,-9.447047253641344,-6.278681695799365,-11.887693562384435,-10.551040811841451,-8.890869411600345,-10.869724973733168,-11.847951578867146,-12.631887490241061,-12.516248932912854,-16.437458014310153,-12.545485432147409,-10.417924581730118,-11.793965831975111,-12.784883322059835,-17.257168200676787,-17.37894514610704,-18.548547307553587,-18.6380277448769
-6.430067248599854,-7.221640195733524,-8.64748213609101,-11.138440640003884,-1.5020165936665988,-0.5541602175812007,-0.6684348248440728,0.28905092202212107,0.23072055325410715,-1.0233933819807302,-2.4591264017939896,-1.087634658466669,-0.7580762521274061,-4.143903452510789,-5.1099824036733255,-6.207748765008512,-5.510089696373084,-10.484110205560727,-13.429398975279524,-15.183457790673557,-13.359541421107913,-10.76450399758698,-13.74467661345479,-16.142301488289558,-15.054562137946707,-17.60355518755986,-15.393829585405724,-13.529601942289103,-12.681558691724511,-15.03982936022461,-16.233100963293598,-18.00931016560148,-18.85944011692151,-20.880942739288226
-6.397267764015422,-7.971480248120298,-9.819068691982231,-10.141847999345481,-3.1730181861660274,-0.1452688009628332,0.8297596353841045,1.2386422687128322,-0.14838020815603783,-0.7964585487591538,-2.4251701511749126,-2.390657569443878,-0.015733563400919956,-1.9327005058261122,-3.1616167331754537,-3.9320488106527405,-6.5105878385787594,-9.048733894230768,-10.238524031326717,-12.163077683710256,-12.192277303030346,-13.385552204051779,-9.155782530715577,-17.52299358456772,-16.37400572956566,-16.347425440936973,-17.173955590173343,-12.201566135037705,-11.899301075754618,-16.077661510835174,-18.446933596292524,-19.53463796496511,-19.31381764997778,-21.63672736882978
-5.760028959218873,-8.470163592523257,-10.756330149377007,-10.238133655822962,-3.256035670114679,1.0539219653888576,0.9424877902093357,0.8693790260284241,-1.0805987592192074,0.18564168187619978,-1.8053665557798377,0.016485203269025743,0.20945347029573175,-0.3084278957881946,1.473961362422667,-4.221692430707507,-5.057876185839685,-9.820127592005127,-10.103508387988912,-9.333587302811358,-12.398071106424307,-13.316041766599675,-13.578989964674056,-5.775442939627676,-16.19029457621693,-15.573687196463199,-20.15525369674419,-18.656492222160583,-15.703804045011147,-15.857656358520616,-18.000216173710214,-20.541793000775005,-19.64384844372244,-21.6594973519101
-6.38425974801153,-7.40411116431856,-11.084681339658614,-8.410781349826006,-0.9360115366106647,2.8169869083623262,1.1614566750418083,1.7204960360390655,1.8133311212949188,0.12393877214333808,0.6307441239930582,0.9081119088618048,1.8738186175051654,1.2060981291290616,-1.8155005417182837,-4.013948976112507,-1.827721729640083,-6.561514199162156,-9.271877414841136,-10.698136074403276,-12.4931560595094,-14.114126242973926,-12.433454263643714,-13.63083799650397,-9.269569211903455,-19.90500787711024,-16.130610730543815,-15.751629955349381,-15.478536063434316,-16.903254738632725,-19.158061230099687,-20.807174941317047,-19.88386469241543,-21.54854187188606
-6.652161701355454,-7.594493225676668,-10.025996075447795,-7.731139267334083,-0.2625746727990276,2.0740214493071574,1.02878946634204,1.162317131052655,0.258379543441124,1.7115396957840474,0.7367463928968175,1.8619422629243312,0.08506813562076666,0.530849251951326,-1.5200607848974748,-3.0191280890566343,-5.172567501351856,-10.796302734560639,-6.880698106017676,-8.770656083277089,-10.470059626468988,-11.318027037428413,-12.965871526791153,-11.907006792136654,-8.666991373580995,-13.5676691114007,-18.2538104027967,-14.499190962218757,-17.618847194195688,-17.346716632971958,-18.298713630183485,-19.96701858304763,-20.393782895748345,-20.719159229132075
-7.623151738199541,-8.683453497591577,-9.641952400574331,-8.626715586405512,0.27375642980340453,2.9951624348651955,1.2851785896465653,2.7045382466019188,0.06942666200687464,0.09965956493217833,1.6951618043744798,1.1035187780410263,-1.36217329593275,0.542517293421808,-0.33240613616444975,-3.950691827061621,-3.462229603131208,-8.629924927250645,-8.627711635914814,-7.707505027598761,-10.429359299950363,-11.743182765721533,-14.518341900100534,-11.797208596474029,-10.367595806452474,-15.676486778754013,-13.6014968752873,-16.656010351922745,-16.54687590279772,-17.878244299148037,-17.95438712709868,-18.572783614373282,-20.420886324898067,-19.189646481583395
-7.294286038978856,-8.410960824624222,-8.675670172410074,-7.4565445295209285,-1.4445038632121727,3.8502263973036337,3.1180292194199732,3.139272243200126,1.4614064277109295,1.2482020303299568,2.2512898665164904,1.6552775413463292,1.1649189855212425,1.7622749149282513,-1.1675437105239705,-3.6136326177742637,-6.340772779347027,-10.211646225408034,-10.493842761354948,-9.02849169708416,-11.127047480474383,-12.081466991374446,-13.63230554366317,-15.424371611083581,-16.043185355610774,-16.334160245931663,-15.343631578330873,-15.110582927485016,-16.439251080023045,-18.017940430417994,-18.052313845570396,-18.264746789539387,-19.829100094877315,-16.78194204733156
-6.438021874802606,-7.372933242514455,-8.865963216640049,-7.538866323694953,-0.3992177708781926,2.099465977191843,1.1727432808461848,1.3741980056348804,0.6888006855420634,1.2087803769107,1.914548115967658,1.6509505187797682,-1.1299743664731587,-0.06199295471053987,-1.743616824944798,-3.226979273303019,-7.899049691181542,-8.893689508427803,-7.094422072562263,-9.349568686226487,-10.278190910399402,-12.906171801107938,-14.216912582977058,-15.352527832379346,-17.342385431338222,-19.334989903309214,-17.026157963568995,-14.512864752168602,-16.83706461361315,-17.97637673084829,-19.09762886692858,-19.30010431910746,-18.726343705981968,-17.03256300836842
-6.38951689645589,-7.750679573844691,-8.854891539523651,-8.021173880165108,-0.017749591289053124,3.2110049193589636,1.5172361325497579,0.14362293457960604,1.1419102131289616,0.2181445169336116,-1.9813869338914283,2.156331199475045,0.6984773599607298,-0.22242192394763521,-1.8988013699924817,-4.102248294498822,-7.4297800232232705,-7.829499424241083,-8.024760482959902,-9.658969363636787,-10.914014679715637,-12.092193098751178,-13.78032004234069,-15.874861773872317,-17.209793893697736,-14.98314389424679,-16.565374564809904,-14.183430181318235,-15.3557402375126,-16.95177324172197,-18.674607337255008,-19.85144364226407,-18.929258815381257,-17.229873662443183
-6.58491872048832,-7.950752458118153,-9.221694517796125,-7.710224696489282,0.16520842191422822,3.0599763975770116,0.747799749405898,0.8589142309439456,0.0223889097636071,-0.49402732002656097,0.3818560962275405,0.8729188381243641,0.44393157705539077,-0.948021011214349,-4.850391157557418,-7.854954123122735,-6.73456518062776,-5.726631424033154,-7.9696265352781115,-7.7810349845572215,-10.86602698041338,-11.26334467589217,-11.215982198556235,-14.972770686829545,-12.109556489108174,-12.289988155015559,-13.049047454058373,-13.228352772530894,-14.591835940142069,-15.950987529688083,-18.233018261761845,-19.682852330439133,-18.838609650799444,-16.717192358395025
