script/wind450m.json
{"header": {"parameterCategory": 2, "parameterNumber": 2, "lo1": 3.000054539987559, "la1": 64.9999836372058, "dx": 0.5, "dy": 0.25, "nx": 34, "ny": 52, "refTime": "2026-02-26T00:00:00.000Z"}, "data":
[rows 0 to 24 of 52, columns 0 to 33 of 34]
-11.766551136637093,-11.472699145858332,-11.177115835216574,-10.921227787545893,-10.42790849814699,-9.935723912723434,-9.417959115305962,-9.007965523228226,-8.544255496296046,-7.983344805395948,-7.590163843499556,-6.826162197331445,-5.78293322237842,-4.902960898663763,-4.639631478961071,-4.533157843995569,-3.773690244622108,-2.2932607494225525,0.424829306196537,4.1764562850389435,4.994385895053515,4.157629306206206,5.906193817122313,8.246234614101972,7.602518484295048,8.632561831768056,6.353507997296556,7.160215915994022,7.888036006297823,8.31242123605736,7.922941217577975,5.766933925671487,5.568013659832927,7.110117599898152
-12.281196870210625,-12.366213000527743,-12.154679224479384,-11.92338359856287,-11.63676641317368,-11.410317189503203,-10.590652871308713,-10.107366449218881,-9.466025217270738,-8.607852430290638,-7.768426334164448,-7.096714760679293,-6.227703812424082,-5.758491468863198,-5.079605554703973,-4.3917368684325115,-3.2945566535331627,0.22757531680847856,3.0077121057732934,4.489468221117802,4.216973453377056,6.852704961333744,6.020188156040762,7.401339317464101,6.174184490847446,6.719155192608002,6.80795603279783,6.475956660395895,7.583392069714918,8.460862314811191,9.34380078613351,7.720317747001001,6.777623878796506,7.185966535867718
-11.884711800225318,-12.167282861401201,-12.420341274682752,-12.52655528486047,-12.467784951693075,-12.024949183977954,-11.123137689392934,-9.575549004001017,-8.077601719308172,-7.235372900775113,-6.529791346369594,-5.6255278807840075,-4.436420960965515,-1.9783669087787867,0.950951488251179,1.9952142910505675,1.5836022559304836,2.9018606856274176,4.297555150965756,2.8096861658129058,5.165676238291969,6.3143558425950985,7.341907966437125,8.164106340729445,6.600742901191511,3.1898718458914765,5.07446923890877,6.75995306016318,7.653344172674199,7.878270888794643,9.393023486550206,7.719347796508539,6.378923977314283,5.829407080929386
-11.394561305489491,-12.144231315101944,-10.462674434053643,-10.557960914219148,-10.11042336652569,-9.64709724759538,-8.831934733302429,-7.496436363899508,-6.438727238748637,-5.386897426063108,-5.49934318964949,-3.0162407085163565,-1.9057456730308462,-0.946084392560616,0.3817531575091761,-0.5039759893835553,1.4332926104892785,2.1946557702302725,2.3564617480672965,2.138092641226079,4.02896724673564,5.851987815216337,5.4884362836892615,6.35700697941863,5.130273043987211,5.10100395148995,6.6208308371644335,6.695551482785803,7.478491395783649,6.182119755335117,6.0666339117976245,6.937285870179251,5.435417250891203,4.6195778719605
-9.9956633026941,-10.811664125983363,-10.558041370705201,-8.460853040309374,-8.47010341536441,-6.930238474010523,-4.503026959152048,-3.6428176542863913,-1.8868502816505954,-1.4787057552856648,-1.0749184990884144,0.5612826649135501,0.11454583192921078,-1.714536391976509,-1.8454544131739556,-0.10641189299854634,1.556471670482648,2.232276435115707,2.5393244759131,3.0898269861425147,4.351017891753985,6.195823262690787,4.225672289223288,5.837328066189968,6.782140472204402,6.3766965196617384,6.555427854417509,5.512907203413243,6.573146914662428,4.775022486364707,3.9960363051057155,4.311246319022781,4.697109674581555,4.383468761145751
-9.491010312649442,-8.967936277304824,-8.362484992497766,-7.285136985281949,-1.7885336970901626,0.2220504726901788,2.7919087084864525,1.4522880783494856,-0.23515940900351198,1.1415673215509876,-0.5562504399897692,-2.6418942278524358,-4.617109947145746,-1.6464046718036003,-2.607397812126536,-0.31138640734246686,-0.002405013365058421,1.3168806438000809,0.5817820581383154,1.2154145116547923,3.9322499621635525,4.714942369312947,5.442553201640212,5.415274876240586,5.527109853608538,5.908181565400229,5.294514114340025,3.9440622528206077,2.7760387858032023,3.0420661309769526,3.3242280618205178,3.8581081083147097,3.6355641149811837,3.7048353037676875
-8.03960796712679,-5.190045852737746,-3.889105965436888,-1.9015593054409445,-0.47503287698735247,-1.0295947843811606,-2.276266163900904,-2.9512055574623037,-2.04050333863713,-3.110797665375096,-2.6974849179424143,-0.7281555702989703,-2.065951043462704,-2.249719184000135,-3.785600316630326,-0.9978017114462692,-1.3802856567636286,-0.5709645263966248,-0.14635558336063836,2.757796745293398,2.619656648573902,2.3329850393388285,2.9034468520963803,3.873321270355714,3.996906639472136,4.033450226341465,3.833952527784214,3.6765954015948403,3.2754580623986707,2.8794004141486287,3.761583094037392,3.3414011199272426,2.8969356400238198,4.905916619379292
-4.155354852719968,-1.4056763253071995,0.9388123907316932,2.33674654793853,0.32958731082226894,-0.5242960406933017,-0.5993702410747975,0.37508086530658213,0.4530390822133294,0.8409513085826166,0.15889008889840162,-1.4739514537646348,-1.089104130540875,-1.1607614954589873,-0.4447099265464115,1.4735027226652375,-1.2107959500158825,1.368882545334951,2.2839083138910254,2.0690015357200693,-0.5042500387870773,-0.40037696727153155,0.4631419865883488,1.334901567871332,1.820962211943904,2.472806285606209,3.1322043749851733,1.7644902137821057,4.578056984043709,3.914904619399909,2.4320599749061285,3.002924556968232,4.02044588867683,6.353988635148538
0.37214482281926153,1.1064290201626923,2.5593251914354034,5.99810778956048,2.532619614594391,0.29656206639329524,0.6475891408054101,-0.31445719100617997,0.6217574224999232,1.6028468751167684,-0.5100628795278965,-1.1281754870498082,-0.14491618840689363,1.7700929971275225,1.4718943645943887,2.3077548835401367,2.6171136613178607,4.090108723522832,2.2243638620866393,2.5969225174056985,1.5600672870125618,2.2927716679159222,3.229921101950298,3.386946534182245,2.1433942480967696,2.7724114805217415,3.2696358048595178,5.896370782822832,5.392343993981417,4.867930505810076,4.346533460502054,4.328872752270684,5.2182590525699295,6.980406275671288
0.806846119812732,3.1428139497471874,4.888841149701904,6.736460322587316,4.368338266932586,2.144067081682903,0.6366084277752807,0.6387027429007125,2.4949956963585,-0.4098870034132159,-0.980977932329622,1.0574548764917107,5.180809486676273,5.483723268894779,3.220872453418439,7.486576372205667,5.560310140371398,3.1772657597359344,3.452631774079711,4.476350468057187,3.8211809075770744,5.675762164287103,8.260709678064083,7.726163134393761,5.001779686196134,5.129692742351796,4.789476172194913,5.308072783025959,5.683028461266497,6.687232916429221,6.159932700888959,5.121881363305546,6.817527009995273,7.8562859136735375
4.422982819325285,4.813538432105064,6.00192281800726,7.263848048369716,5.2794283395149915,3.1083008601610964,1.8559103282862615,-0.10783754423049333,7.395552531183031,1.0184286570917356,9.434457558049274,1.4088209417825888,7.615603249844381,9.400651000983345,8.386579824256115,4.76697853156758,4.077484706256939,5.54785148964488,4.794798153162294,7.210483804037608,7.384721589354391,7.376613096623907,7.642475920872801,7.500918774092984,6.925318285501952,7.680541568312082,8.563762446280249,6.511548700426664,8.26903463100995,6.2321564448521,6.605561323949669,7.531436528813393,8.131207628523155,8.869341269347034
4.487614985271911,5.55335503846068,6.577953753158243,7.288649223689846,5.456553952228146,3.494421332301547,2.9379841056933076,2.480480527901765,-0.0250986603747856,6.214193604154744,6.0421062087357535,6.850540195717645,4.52125627739229,5.119067565815972,6.909936143899208,6.345908300213243,5.899785700180873,9.340307759701757,8.766814081231066,8.830783716779225,9.517261689307928,9.44101956448813,5.88165134214625,8.881757156082372,10.037604114471616,10.109095393359565,8.416700003099876,7.068707193562211,10.10145017056538,10.706932618556639,9.902164854650582,8.717554956157828,9.356082779447256,9.751966681007833
4.907130195249787,6.446071160196115,5.550974650080932,5.02255701270211,6.177003793591296,4.038177476619824,0.8578554218877138,0.9013607021676883,3.9434519876300307,7.23795673092671,7.309151102362717,8.170052659045794,8.18024202502428,8.918507559933161,4.666061991578085,10.160347765402188,5.668644000503682,7.013024350658245,8.059777993296608,7.935299731274296,10.106580552741724,12.592160714128235,11.605233480515837,10.374613099326744,10.572750214144994,10.789210788905857,9.642940961668607,11.233258096283466,11.144846520519662,11.127727863041867,10.13325550190678,10.10857125666991,10.422501028339823,10.729477831960986
7.038346709974963,6.6776420756179355,6.0085491018820845,6.056476228761538,5.68036718297052,7.056719444560195,14.237370752983065,0.30839499693613903,11.5897168049791,9.821121282104139,11.44009673264966,12.405806543336945,4.100511598483374,-2.0795582512148583,6.449184835449948,7.498847522775073,8.779742832557723,6.323483319595615,10.524793936129274,11.46491899181157,4.631238839270896,10.17607191798024,13.65807456714366,13.764001051725991,12.853764714155327,13.874361265373146,12.491388966839917,12.749754612070555,9.48780729889113,11.0831319862333,11.805386842347879,10.650738784233647,11.102660753509591,11.397034832952954
7.917160655654481,6.19234927271901,6.128971202469728,6.243896865631052,2.7351040291030966,3.069401468655759,1.1148167719725677,9.766487302254369,3.852038267981941,6.8385054061163855,4.212880930906528,11.089345829461031,9.622668343483053,7.846659354395284,8.571110832295258,9.124204747335646,6.252497925475068,8.982793902794795,9.441141083850239,8.567235227879587,10.01909928206608,8.919177257267874,11.709378039298423,14.003277742939634,11.666623757993749,12.094587440196655,11.116884460498065,13.599886895848089,10.691101267560617,10.19311498211033,10.606975539171534,12.255343700074176,12.436742986015819,11.875168754268437
8.093650727810797,7.314109092123966,6.407309452778926,6.961645969111634,2.038082552760325,4.662073038493797,6.569692328925788,-0.5907142674041259,2.357948627090537,5.967619480836651,9.06243095017944,12.143041102500428,2.8734489559730823,7.4665996242615025,2.748849504781885,6.958101130677087,9.886415233880516,4.093558123367543,8.424893574707045,7.354940464935219,13.46170141254151,9.873853690857482,6.173953096253819,12.222565086534177,10.87687090334385,11.889908277888038,14.765074081378023,10.96596683774977,11.800581227801974,12.453146151446479,11.50962372438177,12.432742532013862,13.057061236131561,11.649919107760503
8.316683338502159,7.617333343998022,6.377878340999358,6.95138309816355,0.42171443227691124,6.188188243428145,7.934685031273417,8.74044728746875,1.1456108250807737,14.015931247507472,14.932364418003246,14.146382242825942,7.064963903468628,1.8715766872920556,1.1568154335807133,-2.0470671039879695,6.278343893219311,3.2070351618430544,7.166103081699077,5.183578869202673,10.157522665031049,10.739313749488659,10.185132240217833,7.291799739460038,9.625975472126942,10.42805485508828,12.323863915742988,12.993343807937617,11.88033528457914,10.947235081305127,12.631658242105033,12.216387403877535,12.233152638128107,11.994240880629173
8.631936071254628,7.716821526569514,7.033336949001064,7.1643332490095775,1.9327618050894249,3.787528535835374,6.717984927309648,3.305467516981327,14.60300750934652,13.007161375364156,5.762353096538272,9.245144679489771,6.999929264665247,8.530984592105101,6.348396633746244,5.405697394558104,0.3214596275952238,5.422913166628409,7.961901354752978,8.44959726629575,10.574329267057726,7.842408414883896,11.659033392199253,13.576922737317156,9.606926259393724,9.792590739971114,10.568011825403852,10.869798769769606,11.445528836749961,11.702210930923552,10.27422470329121,11.242241178211044,12.270610315615698,11.76194057120194
8.21768839229503,7.3221678617589285,8.012368819883694,7.741875416191316,1.529043807513712,3.075718202844426,11.673693682170265,8.79292131912484,1.1580725070769284,14.530844838357153,11.43773713880129,10.601965012798953,11.764156800784281,8.575292081847758,4.519646533644831,4.903660101598387,6.350566314581778,6.8565968516883276,5.3028552518758865,9.939408978804359,8.601936319564722,12.693179500919978,9.611948279108303,10.02215997746513,11.496124896297951,9.616317613492118,12.129899804279031,11.375134266119987,10.376273135624759,10.185355026380972,9.936928901480343,9.710249054771797,10.76648878182065,11.508704463781294
9.154697513758189,7.735596251803427,8.316047803235085,8.17176730141527,3.3756972808712034,4.517493822149359,2.701415895967819,15.021555067992505,14.010684360651718,14.566656948828042,15.717638003034295,16.71628186411231,5.282802681764731,14.854069260900514,4.0832093602846085,9.720159983745914,4.139476925629413,4.708841944915303,5.899859951567381,7.010663124669375,4.360064049457544,6.208604975453464,11.318560336049183,12.494581809372033,8.261481969065766,11.81727496329293,9.277658497051842,9.397362488058787,10.37356451779297,11.070033368533368,9.23943635734113,9.541958996525727,10.199314608556255,10.36750897637515
10.038227080003196,7.339761750272042,8.995342872876275,9.311741580059868,5.670875110074319,4.020033544954567,6.4976372396645585,8.165164657274925,13.151472037484583,14.595329173609196,13.057597447037647,14.186495228878982,12.888022170258697,4.8052006292522265,1.4529871251879662,5.155551001884456,5.177031067311777,6.765292470722135,7.002703440639375,8.08124914207896,9.06872585200051,3.2418831489148587,10.324274657212062,9.864662407883383,14.75070256225741,16.86265994521559,9.454349671715173,9.412707651977106,10.558584745627165,9.493639077723188,9.15762960919048,9.353886927211931,8.873718305168317,12.081079978540089
11.544520808002478,8.099557712587599,8.692254577027104,11.11023738699611,7.105755220795929,7.146488879412109,5.554439094786223,5.051379122862131,11.205993427486202,8.6437072611156,12.491528437416283,12.495788922374155,5.127023961604877,9.457216440610372,2.2113833069739828,3.6771869119412535,7.627138721808326,6.829361013886232,9.073665211560929,5.4963029537031565,9.896061716989482,5.817576044170557,10.654997160034569,10.403928062471971,13.040374901818522,11.404821977648034,11.462185115246532,9.609438347223508,8.858218634012468,9.542846117505366,8.655811973928772,7.856958866626003,9.782911686857533,11.999857058140908
12.868467809854334,10.365421529305937,9.523652231796264,11.536807542324707,9.852650386198784,2.7248807386700933,4.7814327381603166,6.875067686216534,15.462636275755088,14.3812282054526,7.982652739232624,11.536244283444253,12.17059326445912,11.360315198142326,8.550969258870815,6.7511351931806916,10.654666317075456,11.322276593744583,8.850872047052983,10.30460653108768,8.30387497244257,7.112807770104708,9.02844134261709,11.359535145100228,14.269193372768258,12.052035484285602,11.009444498288046,10.348420300864476,11.363785114100354,8.314636590272595,5.989117500472512,5.989781322034786,8.971002180342243,12.321794776429886
14.033724159601151,13.146882121255008,12.771814045882516,12.783544318543692,11.412394552251769,5.911899213677187,6.263350191845794,11.020182558676103,13.543152592198368,7.229172453314123,8.767612770018747,6.375097458857456,9.986542850993166,5.858095665454811,6.501258266597369,8.451545850216114,10.409304832181009,9.125758220337989,9.24625367657766,12.58346604758831,11.502540640278035,8.540909950843957,10.076758391269674,13.59815708350468,12.029526801567856,15.609384300071898,15.679887931434356,18.280301019635147,15.274784417909984,12.94364503042091,9.498383071229105,8.133358023423849,10.47651145286305,10.629151465652038
15.613743614851469,14.468291898093248,14.148967000010161,13.412387095698124,12.523686197725858,8.312615537974526,4.228044666419183,13.909847269458353,14.40108805377347,9.14941446707213,11.943925823366884,10.054026165473,11.320929800498748,10.855757710224484,8.028312121559328,11.168480663717835,13.824585936765587,8.93705643173354,12.150228967832,11.46120228073096,11.478607934333034,13.694284630493724,15.663840133582893,17.52129173210753,17.76666704883147,17.53099908457979,17.31615572448041,16.495493844149966,16.078760177885695,13.244890164714233,8.264412465703439,11.12682104991654,10.216088812844175,8.474446689740894
