script/wind100m.json
{"header": {"parameterCategory": 2, "parameterNumber": 2, "lo1": 3.000054539987559, "la1": 64.9999836372058, "dx": 0.5, "dy": 0.25, "nx": 34, "ny": 52, "refTime": "2026-01-05T02:00:00.000Z"}, "data":
[rows 0 to 24 of 52, columns 0 to 33 of 34]
-0.14970611485914093,-3.353534915508819,-3.937430438836758,-4.408559075582214,-5.4874766518164915,-5.9539731425101285,-5.814376600822304,-5.710583438411857,-5.188262273839006,-4.07189412095731,-3.14251673544239,-1.7027444092928135,0.004435117902930212,1.5504321107824806,2.4607414203573033,3.8312641999223342,0.5975732773787079,-0.010271463964514496,0.5156448282437477,3.432045298063781,3.34866801181869,2.575945217208153,2.9659033135747612,5.713833137903817,9.384282407899663,5.611685484558857,3.98093295060293,8.91523138268201,7.677592995679685,8.624999174616429,11.736455572648769,7.615011663407038,4.4890524591551255,8.962472525568336
-4.484118524878026,-4.746671664329286,-5.316398904406225,-6.404976820596074,-7.193311462902385,-7.231246253210138,-7.448774595043499,-7.342818095378513,-6.677991057683227,-6.094688469809792,-4.674178076369862,-3.564718012042079,-2.2587581715578664,-1.184191931904999,0.29185234747995414,2.334554735884272,0.0009069158945916745,0.9068874446579288,3.157046127498353,8.761623028366598,1.600270334998285,2.372993528925125,0.7475899494248905,9.219383599525363,5.950080990978827,5.004414669424414,3.08155521965612,3.0237981227976762,7.591006929317577,10.815802349133504,6.523663879596525,9.907946918212733,6.727530646820382,9.577314495219383
-5.468985963412882,-6.125051024316054,-7.027389768881712,-7.648103527688905,-7.928317941131577,-6.9005471700317775,-5.35988973838247,-4.192935253184372,-4.0058625685223275,-4.108898283519961,-3.9498200277616604,-4.112242139558565,-3.0961817084715513,-2.4929040279364654,-1.3327538653633229,-0.8216187792499936,0.26414623396641795,-3.120827623243043,-1.1364256993037252,-0.8910486465344095,5.178777237490442,5.158633995323456,3.412819904902027,5.195440690190723,6.660512088691755,2.828219212148017,2.2934339468264002,5.936330521245132,5.727541382551136,7.9300707984892576,9.78068581851799,9.708646508964199,7.798496681185733,8.06556923154787
-6.515174101661671,-6.965238939081455,-7.6402211567949285,-6.143230759745531,-4.523019530916929,-3.9760663697324694,-3.6218862349217513,-3.0363881282229546,-2.045401107749833,-1.2016595310887708,-1.1191090680835107,-1.227755742213004,-2.516405336966022,-3.5511790505337206,-3.851786891053775,-1.8621085882528525,-1.3107852797237187,0.4532720265821724,2.3815035250744705,-0.6942874732830888,1.5856899896587147,5.189364465631344,5.524926587650962,3.9697245327005506,4.201234727704172,4.034341443213104,7.428992851137296,7.203554141163332,6.305981657133357,4.70929823724866,7.203516013774873,9.647831267763333,9.311435373326566,5.230497300149825
-6.563211617205357,-7.2346754761431615,-5.610380806510096,-4.065096266911604,-2.358177840621436,-1.8063902823270916,-2.0346001412411256,-2.4603903138954384,-2.3236713464899728,-1.6755416046254759,-1.9828922179170434,-0.7551746933935215,-2.2773946410635597,-4.627177665286758,-7.965578745767725,-3.549391982526063,0.6261140881967695,-2.8872065573622154,-0.6584024220300988,4.549413779326765,2.7986974223410126,7.261406788939765,0.8477098256186518,4.655853152007634,3.104993719846515,1.1292646023784816,4.772545845590923,5.7698782690775285,8.323866925691165,4.892792829230703,7.055572117798892,7.119090049385166,8.13138154757868,7.040850662067484
-6.8233246926993925,-5.373389978200807,-4.377220153666776,-2.6147807901822557,-1.635198745072135,-1.1651920950955055,-0.7453127215024283,-0.4723138108611194,-0.8839666224305346,-1.0545326900839376,-0.6220372145832835,-2.9089805439156167,-3.0959053376046786,-6.948720085855237,-4.88256608149638,-2.990525870265242,-1.8583665584763769,-2.9911491802259467,2.2642131651679875,-0.29116407448396603,0.5308151087011452,5.394485526089893,6.346247742926652,3.1702961621580403,4.253558184700708,3.800019175906316,4.619202626334528,6.485429238715782,3.9502748601115134,6.862225968035092,7.097983575913561,2.806614412282959,4.8597007379757775,4.784846137942512
-5.426707976857165,-4.586254034186673,-3.697956233782918,-4.103786709531645,-1.5100439961180048,-0.986851511051995,-0.4204133775859775,-0.08100416855838027,0.5644999443502441,0.7075713613958243,-0.6684320030820821,-1.7424944185999311,-2.5889214310890134,-6.382355967621358,-6.164750076050427,-4.526961920156502,-1.5892268010032882,-1.2298202163261744,1.9104938698517973,2.9164455206136832,2.5069555911971424,2.189641110466408,2.6060842598695406,4.883027008862105,5.917290646050875,3.5863903808549864,6.480041905406188,5.274058580617065,2.9848699015120395,6.903120768989383,5.902856892818011,6.62580092077395,5.901075439483988,2.302756777813104
-4.205425230374532,-3.371799778549884,-2.653258124281479,-4.123993674557162,-1.6046473774394516,-0.45429343593048027,-0.5020722642341208,0.062426460357638484,0.9876762788188427,-0.09012428705250636,0.17040606337392358,-2.4815413859599014,-1.505583147663533,-1.893079350827339,-2.5369840695561776,-2.251067528664019,-2.536734002427324,0.1854015127093135,2.4705949957822693,0.40059819465713487,1.2818155850997077,4.722050392692599,2.3020399356865457,1.6121777091972493,3.480849382831963,5.103446808537751,5.1190767531900025,4.226523481069356,3.1207445509410547,3.070214969922436,3.9173424200842435,3.2477951934903215,6.754355492346458,3.852576808589997
-4.070451739695276,-3.959805852529885,-5.016684254991366,-2.528800608527304,-1.5010727220353908,-1.274878761822533,-0.897871313352668,0.0888208496754853,-0.42085074138803713,1.6930448473593362,-2.649587606114569,-3.4080219119880732,-2.9259580111146155,-3.0018443978476923,-1.634702156713884,-3.8388172138884467,-4.789327332132372,2.453006974955943,-1.2869103298500308,0.5151346650232047,-0.3787537757509623,2.737606223849667,-0.978065818104182,1.0236176503581607,2.68097923265253,3.806938008290132,5.870687366722367,2.6156949463414096,2.075648424442113,5.054850913797134,4.7202865177928555,4.0829161833502585,5.71132270551095,5.159447584412552
-3.2512077140198166,-2.2111126182946657,4.279295910831165,-2.356591028305941,-2.0065115711604147,-1.2589113394221438,-0.6150438573214663,-0.26594237995761455,-2.9448925529502277,0.005955019620684516,-1.7034907954150225,-0.8214118731238481,-1.4200912531250902,2.46848628677642,-5.884496644757277,-0.6499295536463104,2.110240397855266,-1.0949071645175021,-0.06374550883658021,2.5546076887788858,3.3995511127224187,5.20328880975491,6.624219511826411,0.3234468504754022,1.4798512868516231,3.2484945353611665,5.059526698788213,3.83276627196354,3.0158853667115606,4.476674094980299,3.4739469101935376,5.78373044699712,5.4149078454018085,5.080943802787391
-3.136373178830786,-1.2867090764227327,-0.060699394098078306,-2.068597090692121,-1.6786358471322982,-1.0047770275158432,-1.9432870309478105,-2.851217309394258,0.4237761313642742,1.7480790567052529,0.7573559470176873,-4.20379167179757,0.06583253383414904,7.21346444168925,3.268582046795438,-2.5398975098776977,1.0387089251035637,-1.2038861645518337,-0.08464323871081567,0.9002559552344375,2.9630879145081015,5.178900486795122,3.1144357015760145,2.337616089472869,1.7901247056506582,1.9208229728310802,4.057497848708689,2.563618879560953,2.907512412068416,2.101358572271234,2.5964315347756775,4.818284855193254,5.0362999763054805,4.3405294406040955
-6.0822712280506135,-0.6106156533768644,-3.387068694352934,-2.8875598768194366,-0.972844031630702,-2.478473123839873,-3.907536548837059,-2.813730048939266,0.8094599081437543,-4.93774448473411,-5.485840745163858,-4.345303501761018,-4.080652489001628,2.435485414227112,0.9677056379224499,0.06700789529748376,-0.3878473952847038,0.5718521494164975,0.3145606716461475,1.2795802233638802,2.282662835387394,1.093405526873523,0.6177928894999891,0.7722057831844938,1.4173271172658732,1.456136663921084,1.5805124855861146,2.5762709698070245,4.333902014325439,3.026557740034071,2.8821674240396438,3.965403026883048,4.020512074979331,3.600095702197711
-5.192248794822196,-4.008507880454223,-4.708491570654886,-3.27281260086502,-2.2305111419546444,-3.7413610166554805,-0.13684282545362364,-1.9618292362088383,-4.921507303570591,-6.239043571141408,-6.2069847328724865,-7.396655590497926,-0.25711646621947637,0.030478491565104758,-1.9561955911464723,1.552297223254832,-0.4705585821410285,0.7138550499119701,1.1069336110732704,1.230742869442541,0.8717206784142554,2.1726599910624644,0.44409240939402933,3.2778299353275253,1.8887898162232792,2.445460009995865,1.1053889898500515,-0.3508512999334562,2.629201795563748,1.7248423006913116,3.098676466199367,3.63853846250413,2.9297936813793806,2.7180769821181636
-9.929638404328667,-5.007159084574031,-6.025250421773327,-5.404478596383687,-5.740994751513251,-4.08221354065899,0.4212959900620219,1.1925328801873876,-9.135726909195336,-3.3099211462446956,-2.6242259173990905,0.1875901444499246,-2.263505541572181,-2.725125949715225,-0.4143233058494907,-1.5000424465687836,-0.28569071084560715,-1.838757195225719,0.44410457627740085,1.7010206730924462,3.683303587375684,0.44477288527219955,-0.849256745612175,0.7994445330476503,2.9524115608116737,2.211409562381081,5.083255852196554,2.6610706057008255,4.061239367188507,2.2054513969178697,2.392074313899736,2.167567472961211,2.1391159441900442,2.3773099006086653
-3.2763847012699405,-6.425725558904976,-5.7945019515922835,-5.935063188914498,-5.99664925770897,-7.286444862903516,-1.4925653271198112,-6.52034648990792,-2.3811458346837635,-5.1753836020520145,-3.6706170831728073,-4.010508982882379,-0.6649210633383353,-1.4061768356859834,-1.6349607881369221,-1.8671601185445807,0.33755757848458423,-1.666355425455186,-0.1373082334174834,-0.5038144515011506,2.410266725142421,1.1921080545974139,-3.508516252737585,-0.0915290990936198,1.380448459756551,1.298056698868307,0.12835220261548366,2.0514167625551964,2.0760059585257133,1.436342083204871,0.4838589702483786,0.56326724978849,0.8493664843431211,0.08465066148726753
-0.044787031532035844,-6.463833578951726,-5.6006086087099485,-5.1414496411063,-4.373035023465507,-5.985228688470093,-7.121749620187129,-0.2445551641850164,-2.46287888308025,-5.059558996856151,-6.87655508054485,-4.919132198016203,-2.634253768869784,-2.9046586466440316,0.458734673260061,-4.213476419096821,-1.684116175072285,-1.6544775325292658,-2.6122545669212394,-0.3375360609642308,-0.7048349491193135,-0.01833892343818822,0.7665094972395673,0.3848959355949246,-0.8128336034574841,0.15319339242512478,1.2488642984733442,4.280586225330392,2.8807880848458822,0.40681685445756915,-0.9637195421113337,-0.555093229020044,-1.6083342135298875,-1.4821340508910588
0.04034925312080361,-2.8120627787252057,-5.98255020570871,-4.925121908055117,-5.107350260778489,-8.060053408239575,-5.8370364184148364,-4.609019404255682,-1.9074517451529474,-6.503743808897385,-6.22533976174338,-3.562950210029105,-0.042795561627456874,0.5739071726011368,-0.7201608705992442,-2.583865512429411,-4.358634744973882,-0.5994736719298027,-1.7824120005802657,-1.0508851979895384,-1.751660760332624,0.3110350681659122,-2.307422944440381,0.5146749399877045,-3.088047110536822,-1.5766436934009054,-1.0488548293631792,0.41350991290825984,1.8953555260708572,-0.9638471553152005,-2.7543252339108415,-3.107382198848041,-3.323385435311065,-3.2817801562239146
-0.2698648886677329,-3.948859549342859,-4.977618100558873,-5.023588993260368,-3.743542027588118,-1.8466191655614526,-5.8827821605802475,1.2961617294304266,-7.440215839782866,-4.7013749591473335,-1.4911129818325088,-3.9037735974127132,-1.295140086685874,-1.7551758741764378,-2.890553914330348,-3.5808955523602517,-2.9715169786592215,-2.556274300943952,-3.4527700976804345,-2.798200235801214,-2.329764998046481,-1.6697980581673537,-0.8260069672233563,-1.3792050347984641,0.3627072994911783,-1.1177862169630393,0.48594956746821355,1.0801341254041792,1.282966785771984,-2.7298964107903103,-4.605897536262549,-4.60348537345499,-4.766631552830358,-5.079064734153884
1.5706143073051961,3.334969103505675,-3.17877127835056,-4.4285719174374645,-4.085392529486278,-4.721666027353108,-3.598156748271068,-4.812423715949037,-8.135503106221691,-5.946345233093014,-4.923208426889669,-2.7700013984536116,-1.6903398722117482,-4.247283905770286,-1.1735899342964917,-5.015684734865141,-1.4765979611505518,-3.258282080791518,0.31494998924976314,-2.8447202121921014,-0.8606011713439912,-5.601850046086031,-2.9909358686065985,-1.821334313343224,-1.626848550682645,-0.07807392090155112,-1.1170361218097806,-0.8688792383704304,0.095266265252049,2.8056344481482993,-5.452567418944059,-5.513359053209971,-5.52950453854995,-5.786084605461787
1.2717240943694668,-2.6429208179313197,-3.022317934652056,-4.504333483709143,-1.2087785716397699,-3.833186353526401,-0.6102570841257811,-1.3959972684888786,-7.154487000892573,-5.67653197706395,-4.505091877938205,-3.582790017108796,-2.46178340253468,-2.761017003447498,-3.034954687726753,-4.0535640792466525,-2.8327014470759626,-3.3254317028701497,-0.28778808339869616,-2.816976699169396,-1.2024249049313132,-3.1290720650302215,-6.053015809844489,-1.516804008912041,-0.5539498705709555,-0.7408236498079946,-0.23147795782818203,-1.7436950010169352,-0.6481993781913276,-3.7994995482660827,-5.052398641539519,-5.054892292435703,-6.551408424600225,-5.41965485838037
1.4442559544108056,0.0895639872322153,-3.667673883288113,-3.7363539159528707,-4.162220472381313,-4.467901324947981,0.19428319171645447,-0.5232817184356628,-5.842712320779021,-3.2436931803330578,-5.424071849551321,-4.41641535632292,-3.4941920057470806,-1.014424065313324,-2.321579482155414,-4.026137769438452,-3.1865093332347585,-2.3580808990155115,-2.7053206782278476,-3.23059127096305,-1.665228905310865,-2.1155183673397686,-5.138903511126121,-2.716112799581295,-3.099500713082919,-1.6319083080241112,-1.5362708021050768,-0.9759515942742374,-0.4706465163996495,-4.3213907511191865,-5.147114027858708,-5.015403695105512,-7.264842130555988,-6.477413244993532
-2.6999920531095514,-3.8855711293337407,-2.1726596721646874,-4.831563125103674,-4.920159288534027,-4.3685823397505805,-7.966280045404066,-7.330081742801894,-8.002423499034117,0.4593013642873333,-0.528318243546438,-2.7441316489683425,0.05189783575346349,-1.4312727970904966,-2.5951179718715163,-4.159826453671673,-4.127819788700528,-3.8065232994285756,-3.2585838838088517,-3.1514964538904295,-2.1405865423587924,-2.3941163266007384,-4.854993600781923,-2.611154881434458,-2.185313833446247,-2.6118459356961536,-2.1663245868839285,-1.628152424915265,-2.06772322859095,-4.802417476454227,-5.390392118697951,-5.699724141661213,-6.129514888111652,-7.407468392639493
0.8390241520186158,-4.844034294447158,-3.7918253602062753,-5.420004529352476,-5.992417460619641,-6.12021742298591,-8.916584726321663,-4.035027826654496,-5.7105507334489145,-7.5903936812997665,-1.7592229730437574,-2.1572592856556403,0.22999071806547128,-2.7028376431367938,-3.2868236217357287,-4.852333568731642,-4.908490341551567,-3.983197590212381,-3.287969719855763,-3.196055399691474,-2.7996302900666277,-1.290419612196924,-4.134538939261398,-4.380216950585486,-2.097068874954243,-2.7732919670933343,-2.852418553776089,-2.544289486743135,-4.157016231016428,-4.388093133992768,-4.456377156786316,-3.8297978433539406,-8.316618952827778,-9.109305429380605
-3.107097693765075,-0.9351808989234672,-6.05372702044412,-7.176531318026313,-5.705221839827708,-5.024211707246486,-4.613302862663931,-7.836795825833493,-7.956527684532261,-4.9734190516869665,-0.7742300353971917,-0.9330594798856507,-1.3266148440878769,-1.4242941234169564,-3.1594255789898553,-5.012506694241556,-4.196143847428178,-4.437500234239492,-4.139354956815464,-3.623955649164427,-2.5323948777729415,-2.8033334531237117,-2.4487058181835906,-3.530698619931043,-3.4009922027609063,-2.7413427858795743,-3.804624131941918,-3.12264716031756,-4.8737392847205765,-2.928432917204138,-3.2244589645632806,-5.7227035932055905,-9.578111454296288,-9.95103663555259
7.5990959041755195,-3.7459395629728744,-6.6315682741683695,-6.324516474868569,-5.905417460915247,-7.235573083284058,-4.168033599459782,-4.7482284194712205,-6.007828411593788,-0.5789324248178762,-1.3953054240905347,-0.9040763158417439,-1.028840723189011,-1.9308317402537907,-3.642189741894235,-6.48166856566991,-4.690261257194662,-4.827456534321926,-4.589257879018699,-3.895866713881302,-3.5530964154062823,-6.864322001165422,-3.09392506155589,-5.779696396841564,-3.766336480703768,-3.278660964930589,-2.776261064322575,-3.4654402040657506,-3.2574412793587664,-2.8309382806852503,-2.7745247498634162,-9.712026979729483,-10.192365036270383,-10.646410823129532
