script/wind150m.json
{"header": {"parameterCategory": 2, "parameterNumber": 2, "lo1": 6.000198445256149, "la1": 58.999992894266676, "dx": 0.5, "dy": 0.25, "nx": 22, "ny": 24, "refTime": "2024-04-03T05:00:00.000Z"}, "data":
[rows 0 to 23 of 24, columns 0 to 21 of 22]
0.8179726755855178,-8.320489343601718,-8.22682558986133,0.21649089262089857,3.779328275277814,-7.384353719387227,1.7823994430716907,2.8054761064294507,-3.2141065061885943,-3.628999267677201,0.08318777962494385,-6.168447028095244,-8.928806244826735,-1.4964791228535086,0.6534556364522905,-5.611972835298374,-1.4089443516756668,-13.051593676847663,1.680045992978778,-4.594853925854452,-3.563156743358931,4.770997273877399
7.393726403844858,-7.664129294124119,-7.300927324878898,5.082278621947372,-6.193814080220021,4.843056920501204,5.580125007483556,-0.6150293806592233,4.144250814968643,7.142459218015224,2.6328646845233994,-6.913279915054513,-7.317241546383478,-8.651263172022176,0.8863851647163337,-1.1779712958239588,2.493516163594331,-4.527928930854322,3.8730252878834577,-8.68197168783922,4.612543089959885,0.15399803527784844
-7.182233490091432,-5.805830004136499,5.089392830123993,-1.069433545475511,-0.7774536753062408,7.763633922826585,1.31328909925002,4.03746665449302,-8.754324354061806,-0.055278962005643764,-3.6955001528434592,-6.536575953319214,-4.51028263688398,-6.640448090248245,-3.244988966223393,-1.4077619684847205,-5.038948036902624,-5.041964872914071,-5.235553183287808,-6.675846358198819,2.1719674697209466,-5.856695054065048
3.8132018623928277,-0.45706213990834355,-0.11339671259895898,-4.571114639725283,-1.4598209914517837,1.0942610317598331,0.6685094838609877,3.002277070800963,0.08167253156364666,4.72249311281659,4.991236788231031,10.811814742393706,7.746829627180755,4.648034342976866,-2.578253629544541,-6.0407741889042255,4.225328306074233,-3.65531175811698,-3.0646563189255493,-8.713557896996607,-2.9529841816497635,3.338788731453449
0.8255980015096342,4.862997151928244,-0.18166357224087457,-3.926390510742009,9.162717334726494,0.09784962042190265,-3.7698872615500036,-6.165794500832256,0.9094247326911304,-8.087970957038843,-2.2371864198103006,-3.550819879882122,-4.309968156570617,7.093475643221259,-2.299416985046661,4.273659086880993,0.5293386592144148,-8.53773215311487,-4.320809296517879,1.6428596762496368,0.7335957091442179,2.6201603908395135
0.17306288069944817,3.2139997004859757,8.583823879041308,4.101540043512481,-8.19298852672528,-6.055806268797033,-6.896506145333584,-6.039785660419549,-4.541601342418635,-0.8551702360698853,-3.7963078040364215,-5.977284360503149,-1.7855528385803048,4.38577359397074,-2.390820482636355,1.4141847851391562,1.9025983129423143,-8.847966294082317,6.217722087998305,2.402002316235237,4.405484824400702,1.3983084023847745
0.5369716213890318,-5.808238418878425,-3.0816490852955063,-0.3570147291541538,0.3115224744030708,5.260920696372039,-6.9494435545449225,-7.955171127593907,-9.32041592153399,-6.588208514007006,3.756645274785783,-3.318048999698853,-7.81128262500253,0.9944389182594463,-6.216999246984653,-9.314936899444492,-4.24557654042992,-7.987101151703362,6.747823565372799,-7.693827288138253,4.719066479783462,-0.6278479187729628
1.8862447873932364,4.738926877430945,1.972363081803908,-5.535198869424134,6.545778763472581,-4.26780910929429,6.875993966484465,-7.532769064346574,-6.67728739299087,-4.8693422188463416,-8.357293796617876,-5.678623633468598,0.40161379637547356,-2.9172752515345124,-7.741361444397013,-1.227164700090288,1.8137882789068311,-4.795869032722186,8.297781263329245,-4.459256483121809,2.11198914805404,-7.065238937123379
-3.0920365089756845,4.03083354894813,-3.9175364075220185,5.173558329051155,1.3639925136836226,-10.568845775340419,-10.000935690471106,-6.613866306476959,-7.696892952081589,2.4387746831807777,5.385364794139761,-9.315795549196434,0.12764431128001102,0.724588064792517,-2.928273833037606,-8.289118796132012,-6.001443024363426,-1.7039696699996902,-8.140287584046602,-5.790752243542789,-3.4881070210256704,1.6541685208480104
-1.7474463712197323,1.0926830265788148,11.0631302393136,-6.604043712873436,-4.058510440173379,-1.574412061252573,-6.023745251494035,4.520815834269194,1.2792114205594856,1.0579014607936166,-2.1262721784925396,-6.2604825608242365,-0.9297325543212447,-2.091777971378084,2.8235975599601684,7.678523347917673,0.4408846306804577,-8.585482886006295,0.8918711976466003,-1.7807908998649093,1.1291063936260017,-7.343467306229384
9.031547134451623,2.3538063293351,-1.5048917408796005,-8.98242452961655,0.9558081815658204,0.7111220618168026,6.807057528795335,3.352340295737091,-8.469997708145542,7.716968504705045,-7.892658405715475,-8.277650962694377,-3.622542930919154,-4.045353021690077,-8.377014245729162,0.219145202708158,-0.5701779200726228,2.0503413245840845,0.8147034552648847,-4.772396852369024,-6.318244752541188,-4.366730721214825
-1.1056673174870186,-3.2771932567278474,-0.13609982404346696,-0.685951403809364,6.8041500470168845,-0.007078992310900355,-3.674756385046651,1.7212071714437198,-6.216964943416002,-4.2947161292450735,-3.7555679222787077,-0.09313734341380939,1.5359687141958391,4.522104345100065,-2.524242927876895,0.7036454331541462,-2.986431245520992,4.568584810334699,-8.58719304053432,-7.203287432041359,-8.598071250270365,-0.48913187155534804
1.921595585423682,6.259875634879656,-2.176574810525837,-4.315686019423884,4.705408005284636,-3.813784944497956,-10.336423277158207,-6.049445696897985,-3.2857863039544153,-9.819454366523978,3.5086816102126726,1.6383559717189309,-7.0159889005272085,0.012279495468525043,-3.7138573590808512,-6.46308100511495,-6.600318307743119,-9.284119939721366,-3.108662208518229,-3.390028484382535,7.419132823442549,-3.663111329401522
0.023090648719217833,-5.255937916481643,-9.772945298990221,0.6380741812986728,-1.9371825603739936,-4.757329109099508,1.095763702633064,-3.200772755781881,-0.28367783928850215,-8.785957299802671,-0.8447934737716551,1.7008807115548874,-1.3591976223809454,-4.4869117216125,-2.7512512018633424,7.6741201613792605,-10.395791745937053,-2.065392381748704,-6.530922780275973,-4.3383559566002114,0.5239185488882586,2.6199491958402277
2.7173200009216316,0.7808174071044582,1.634701227090716,4.5357026455981755,-2.74939192420956,-1.3447487883593936,-5.411086516491848,-0.6699427622201449,4.8169222687295425,4.320444356903552,-5.598230744444571,-9.027250084593867,-7.571803551583461,-6.245321574374478,-0.3076009783098967,2.8205199278055226,-1.4854861023660606,7.617623756661865,-0.3650924736873954,-4.853550138438922,-7.697756828135244,2.512286669277553
-7.969077705351262,2.1460940261145987,-1.849420400823454,-6.553898360232682,0.01622143424750275,2.040863064902345,0.6099301883394925,-10.522397264774526,-1.9305399501056721,-2.933804415863923,-1.6813408692047558,2.590133768463152,-3.5060216757946936,-5.682263978120776,-1.1094436228372164,8.046387837649517,4.952761240521788,-1.5583052913870261,6.8906016875650895,-0.12760683406080314,-6.168118168647902,1.858006879256977
0.11840623397708484,3.0731217584959176,3.143341204105068,-4.729409500924073,3.3850904999652807,-2.6959980635889016,-0.27079809237503866,0.20147009150297485,1.535164011903062,2.4360303895690465,1.21901391169986,-6.431869886718099,7.456125765957795,10.269864048551117,8.949186206784097,1.3536003614065713,9.839226889903001,1.1527741951027461,-4.678169394444711,-8.458021163005537,-0.783939519632714,-3.7328976280798774
-0.15609447024536643,2.242479303939527,-8.890927035649218,5.960530280215178,0.4476493743083375,2.02413718811799,3.3883902503114993,-2.0049630258682156,-5.477225765816063,-5.038654632017375,-9.141320717430872,0.12224974388929302,-6.190848117959244,2.975881729902867,1.1701725919219665,-1.0465783179611687,-8.469156927027159,-5.124849980896048,4.155221152708283,-5.163926982283227,-10.104863995844312,-7.42545440669154
9.284546407912364,-2.4471049708421595,7.9934468327676536,0.7629715496001581,-1.0480269349892093,0.5645379902808255,-8.212447080332254,4.114266169997645,-5.62087200058094,-2.229938699533897,-2.8208522668328184,1.3176885466714594,-1.492624190456829,-8.208175596381771,1.5110032764914443,-0.9733955325933663,-7.639707918863724,-1.6940610535249812,-3.4735556817373254,4.961731706605315,-5.22609292121423,-7.640858997873908
-4.17559641393863,-5.521802444911824,3.294042955270331,-3.2786122719872095,-6.026469484676895,-5.535099926929653,-0.1501444582149378,5.351252452012343,1.1470473485666315,5.387745825901616,7.337863883131276,-5.467603799553511,-1.5732324592145475,2.8406686428662087,3.7852022671468184,-3.704375909560716,1.108987053384279,-8.563169391529424,7.394548420007602,1.9698080040406185,0.7876360025040012,-5.484796817978217
0.6036893803794616,-4.908987582779773,-5.056068760262416,9.562537776897106,1.5279560593770574,-4.472888743337599,-3.4845399162460278,-5.6864158592086165,1.9553549985389123,-9.69358175475625,-0.28282767684144905,-2.0524439037028386,-3.3463417804856084,-2.804794770534207,1.218207197583509,-9.16631787008703,-7.565515473960313,2.5370745177788914,-5.83409673230962,-1.385934469314656,7.783107013057555,-5.706564108474304
-4.387342580395328,2.6680753531578327,1.5029405667049043,-0.6657150884642381,3.0710185160179746,-0.23009049456588762,-3.9816317196594047,2.485790197079371,-3.2040647904949813,-9.743400308307116,0.06908537151188182,-6.248742083137032,2.4560310486145926,2.116798710580926,-7.375252069098707,-7.330778114516863,-8.744619199200034,-9.978665176515896,-4.06974472201427,-6.906855953475393,-9.215473069629532,7.150187210902889
0.9297860479971891,-0.5626464977062563,-4.383766137779049,2.22439309142248,-8.724029413744498,-7.3917630952149755,3.680483834103806,4.752867176475687,2.3811260721736143,-8.64020676274417,2.5166641444199875,-2.6792702845761713,-8.438863993837527,1.064769978610486,-2.6999143485288273,1.7308191703406273,2.886984929720041,3.1838546771109173,-10.48374384395558,-2.272128654219152,-4.337151079790914,-9.575001062127402
1.340742628141863,-0.45102333355703356,3.9769791902914458,-0.5094104779713834,-5.822147033751985,-7.950989885098872,0.4268819591532039,-10.513279360530168,-0.19044265879473773,1.4789058593023876,2.9400181265452665,-0.22729135365422146,-2.279845700436319,-4.87240280771766,1.8788795747376457,-5.437509263470998,4.860278096100418,-4.2894504198200325,-0.05370115606261306,6.572978146105552,-7.801413757132132,-8.295398068971483
