script/wind10m.json
{"header": {"parameterCategory": 2, "parameterNumber": 3, "lo1": 6.000027932988019, "la1": 58.9999434238085, "dx": 0.5, "dy": 0.25, "nx": 22, "ny": 24, "refTime": "2024-09-16T08:00:00.000Z"}, "data":
[rows 0 to 23 of 24, columns 0 to 21 of 22]
-1.2996582558031016,-1.2763192114916548,-1.3907587977761782,-0.25053903185335163,-0.8750876041520721,-0.10538984456041836,-0.2846464797357676,0.7817722688817239,4.077553257878939,5.399830939792637,2.439818451528253,1.1278618236946607,0.9782400977196032,0.8002473436864544,5.361407851768984,4.679099445024649,1.0937191913476254,0.16193412513160457,-0.16884592711517016,-0.28820833414292174,0.4475632700153138,-0.23054542434422468
-2.745026286544726,-1.1701291104180556,-1.0921233253877387,0.19767288651902865,-0.30731669378292253,0.23881392840976565,0.4878228800263919,0.3007866606723944,6.2704862840810325,5.864509988561703,4.5685828980870395,1.2557534332363531,0.8903513699806713,1.5535432128207467,4.508339285628972,2.2080208564383024,0.7227548561844569,0.5397369993312223,-0.09102497363812445,-0.2998995593992852,-0.4635690589718473,-0.5827595011379328
-0.387466378346639,-0.8829484265957639,-0.06089639923927134,0.3797647034381746,-0.4911611742800863,0.021737435652741412,0.5010027385303658,3.9279128248535056,5.989902916189459,5.958299248257047,5.98591192900172,1.1777788839911414,0.5157661704325649,2.727270935707039,1.8509857344791365,0.9801202979714606,0.8788147372163845,1.6690777135403383,-0.3906076673468916,-0.87974538852666,-1.311433430385223,-2.292872559871694
-5.931233129573384,-1.7550903820855945,-0.5326311931335567,0.32785222929033336,-0.6834486040414818,-1.4432725675712237,-4.495693339118122,4.948597989963334,5.774721098195477,6.005513288218002,6.288951258012583,1.418694090325601,1.2597562785957281,1.0554401348985811,1.5672896354934251,1.5931896452511594,0.05141349943915022,0.8892886858801192,-0.21940571428267755,-0.08254104522510797,-0.48635811354414044,-1.6561643874758687
-5.661949533542001,-5.408099123348168,-1.2171170700488627,-0.30161424526079283,-1.6790254236441886,-2.1292444950824194,3.5595488703033444,6.162221736923515,5.757309728193073,4.828409982341303,5.248715560082723,2.4344202841239433,1.394355487844736,1.200589535826867,1.395427552389185,0.7817282041526451,0.27268163189267897,-0.08849493640471552,-0.8357824727475016,-0.9679178345041766,-1.609361328122169,-1.771989488312996
-5.3817959190423394,-4.768857912985959,-3.884594615806599,-1.470153428780862,-2.548761225501298,-2.754538384941006,6.447939863010091,5.711477229616286,5.347558716693731,4.145471611696975,5.459360776450115,4.821457807021045,1.5721200804657107,1.242715327294515,1.236340873829132,0.14488381055354227,-0.15385364183427688,-0.7486135245298717,-1.3900433853225043,-1.4708339807587827,-1.8181150208805528,-2.31966895618147
-5.623786703210114,-5.301124497435401,-4.61401946575214,-3.21570901820421,-3.0977102933176615,-0.7547421681344934,5.621799117659121,5.321324489105834,2.3080812394377315,4.455798410953407,4.7444599042817215,5.265832647407079,0.7514900476268589,0.303399630911035,-0.02948429132383001,0.04124103108363835,-0.8391932814188923,-1.2305814925886112,-1.3372001037403856,-1.6463610210689663,-1.9978017134211528,-2.2835097402180446
-5.520225856807911,-4.983592179367519,-3.6301634793035755,-3.778260513886651,-6.382945773130955,-0.08957828933061399,5.037077091285714,3.654430776419317,2.4106317195574567,2.7939458279806915,2.0208292430160784,4.72246208004092,2.9041440119232127,0.6906317897317923,-0.2806612740558321,-0.5221987232613127,-0.8325025681970505,-1.2746286950458734,-1.1799654303206675,-1.407807747233085,-2.1417580161409178,-4.53105072769996
-5.990389846123116,-4.8663592556531565,-3.6460823988573123,-5.01188586432966,-5.94480812827007,1.6212968023566032,4.609572653279299,2.9548779627364072,1.8290046906720274,4.084454220997399,2.34492997829806,4.022210849471145,2.630293550178626,-0.6014955028289114,-0.6083698426249193,-0.5293666956190526,-1.7291342037003359,-1.4962082136911505,-1.4515898616485854,-1.9386743508691147,-2.432650745201135,-4.443817225487816
-7.027589597986901,-6.400677519320252,-4.133344444426208,-3.7248678052459803,-4.000837087158206,1.9932083154513904,1.8447704324018432,1.4844514410896177,1.8695432346321246,2.8421059041837475,1.3324876380043256,2.4018297075717703,1.5170490640369918,-0.6589990172835968,-0.8711951468832374,-1.346861804335283,-1.4515652138111867,-1.4147449033423265,-1.5042074500176927,-2.0790825937515054,-2.1780357480331864,-5.049542408308929
-6.710591101332514,-4.829986675540906,-4.0620865127972134,-4.350373634304983,-5.3545766368749845,0.718168077238341,1.7117822312601596,1.4632774175773504,1.4536482132581572,1.2990930497935587,0.719453348239091,1.4324419589982884,0.673454460548212,-0.6925186520774973,0.28876663136507275,-1.2623598681690678,-1.4988091840966022,-1.3993250089080207,-2.0982247460184413,-1.9155142482951695,-2.146474329719218,-3.44657968808165
-6.224399321524275,-5.485661065783681,-4.8600723840731845,-4.470674512950691,-4.892683363697535,1.454590541367324,1.9448421651279229,1.5425944895373644,1.2172243854132523,0.6943639727439551,-0.5891053975255073,-0.2031683740274332,-0.6313302411015401,-1.4029748706484122,-0.9279363930965263,-1.462637094506009,-1.4410437901323263,-1.723615939714851,-2.1529977905962245,-2.062335089980263,-3.321633917981429,-8.00452748269867
-7.390023023253991,-7.734064608102768,-6.689787507689667,-5.1790111195747635,-3.479866364822558,1.0240471499309194,0.82886260354778,0.6348428110500289,0.9540528709700767,0.5587806291887941,-1.6066716862098869,-0.018261816352836344,-0.7441198873168399,-1.1093355792909527,-1.1474130141822898,-1.5156316751825467,-1.8216409450344,-4.981085086200465,-7.6691899987613565,-5.880007225087894,-8.89360715058219,-7.531645089826349
-7.537635267311643,-7.0140014577024505,-6.8835877790536735,-6.725471418026177,-2.7538461813982247,1.5511154479455467,1.0599841525235338,0.6037503887955032,1.0864959228595945,0.045646028153544335,-2.366405255771336,-0.7711836590632742,-1.2309298924941985,-1.8281961942298997,-1.9909425647709806,-2.843172424633972,-2.1925506163991146,-6.662815692529152,-7.28479659356158,-7.56871793628178,-7.664017995447287,-5.951434561665349
-7.819060869456803,-7.669787574311246,-6.882937745782519,-6.1936022954606,-2.5814197147235958,1.2473857372648165,0.7798534939611217,-0.0876975349462345,0.07131065388666842,-0.5846542898914181,-3.0347281918000437,-2.084521145318216,-1.7478990119711837,-3.7646516154943384,-2.475015877656605,-2.505565517218822,-2.8805915634546673,-6.806628541430519,-7.2312795161462375,-7.168259482720094,-5.482871510242766,-5.296367417692532
-8.30360866951423,-8.236844750956065,-7.497184314344976,-4.467693590743631,-1.9702402782267057,2.5130936471520995,0.6750685934523505,-0.4255814954297531,0.1694289427098733,-1.286942776974396,-2.7324026149565097,-2.527842448170105,-1.941405134843075,-5.808178696499854,-4.93502094222611,-4.707263440134992,-5.571762753852752,-6.548665194386342,-7.133645277164133,-6.680356096018669,-5.405196297430084,-5.582094622932943
-8.470211782330031,-7.814549920557658,-7.81678473793185,-4.319502954740026,-0.950677012335715,2.6864678255579135,-0.3555015417693177,-0.6611891759556403,-1.2387599645010279,-1.7396462303669187,-3.2303804525346886,-4.139456559600378,-2.323624845364835,-4.596401909394228,-6.309363531137293,-5.411276311272677,-6.926540785456735,-6.912128618925909,-5.01501518488259,-5.616766001336152,-5.896959961154691,-5.533147778945813
-8.176633890886407,-7.631588730166099,-6.592869610225916,-4.011441382996903,-1.4609970497027434,0.546608059372021,-0.09217496440030994,-0.5490459205033308,-1.6015608707279227,-2.7229251697717496,-2.6401203075136763,-3.4470829970941823,-2.6929583912374517,-6.561356138288046,-7.572823274440716,-6.274966934438896,-7.218336077444822,-7.601679061744152,-8.298949920683832,-6.460991287929966,-6.0349484968961935,-5.612196849385948
-8.189401408270246,-7.7823718029674955,-6.025197152017794,-3.024136346361565,-1.8104225148836632,-0.5124144247951025,-0.8267520375468285,-1.0982309197797429,-1.9044082068615735,-3.0773362743408583,-3.403751353334728,-4.940857880044046,-5.423812265628133,-6.335842472894986,-7.492126755495926,-4.715290852884948,-8.069523421437665,-8.192467246693658,-8.406624798895235,-6.881107401772271,-5.623853988980075,-3.091264702170732
-8.183540058353062,-7.539208242393861,-4.275712122948318,-2.2357143041803265,-2.1679271303855097,-1.8688003550959558,-1.0328413576697675,-1.2684464223072018,-1.7977693881452148,-1.54985091442421,-2.4861748705682385,-5.658696528428907,-6.921470661346359,-3.3602781116710556,-3.673688793434731,-7.280769665694795,-9.170970131292362,-9.132381587636914,-8.310440291049295,-5.664098038851393,-4.523620945998025,-2.5645035534567495
-8.693934047502989,-6.964623738979531,-3.196191734977145,-2.1372619897535468,-2.279424797664967,-1.6506307002460527,-1.075947270025911,-0.7710346151843662,-1.139057875364451,-1.0429146584240403,-4.800315447555851,-3.949103354185777,-4.218907443276415,-3.436599946622552,-3.5390663130748305,-5.097290167043479,-6.827937731976883,-10.188118956207989,-3.620804297548766,-3.987834296142433,-3.2465826055172013,-2.097756790124099
-8.23739063667791,-5.742839785927348,0.17985473451209538,0.5696664673539795,0.6792222343382521,-0.6963284254572514,-1.1187183858828655,-1.6532404106737428,-1.3733291095201186,-1.78081780619905,-2.9956783306509105,-3.0700426699985166,-2.5954131326802834,-3.2604667669590452,-3.832480651693437,-3.7694686476185137,-6.159192079704188,-7.640705308249934,-3.6396436940817387,-3.1147832874999164,-2.9819164060694563,-2.049837973029583
-6.36384479040218,0.5975731889682345,1.427621787360413,0.004821590430961281,-0.040896316679564206,-1.1397261679963537,-0.7760755708639737,-1.2065442792666292,-1.8349064474212107,-2.2477922284168965,-3.0569294355985943,-2.286170122743624,-3.2643691927781497,-3.1554005635013684,-5.500672076912182,-4.263994267039989,-3.961083013541541,-3.3293646126432956,-4.920956339789016,-3.040277269078279,-2.4400929252172063,-1.9575996710147123
0.02851002043168493,1.328309868441398,0.24617762523421813,-0.17986205245867665,-0.7034085684933197,-1.4960056746283823,-1.23255186904672,-2.0169151165871244,-1.2681206057394325,-1.5477868230700693,-1.4720097379761485,-1.6848525972518094,-3.327325374279482,-3.1379885261371503,-3.5453995736411597,-4.784867469390151,-6.295322964433038,-3.877103881847113,-5.003037020453372,-3.06290439825738,-2.256085781464238,-3.2447799005835387
