script/wind10m.json
{"header": {"parameterCategory": 2, "parameterNumber": 3, "lo1": 6.000027932988019, "la1": 58.9999434238085, "dx": 0.5, "dy": 0.25, "nx": 22, "ny": 24, "refTime": "2024-10-04T18:00:00.000Z"}, "data":
[rows 0 to 23 of 24, columns 0 to 21 of 22]
0.410080348985377,-1.6725605916884025,-1.6156774578408188,-1.3419676024547798,0.522622727497572,-0.6661685614378547,0.05021553651517712,0.8608960317627087,0.8616228989434668,3.1938332389207478,1.1164307896730237,0.04608343987791834,-0.1050392708912417,1.1051844514951328,3.213674550594379,1.9765927073556089,1.4324419972982476,0.4224175016397164,0.6577813011147002,0.682623657066254,0.22893363962207794,0.3430829604415076
-0.1122012768673242,-0.9649597633684018,-1.2031538264382118,-1.118554919254396,0.7385164552241242,0.19361532396585449,0.14058168430811863,1.1696455772350445,2.274071156702392,3.479082305093301,3.2122157129196296,0.23305593451710618,1.1370879389697122,1.0820301906527132,3.8153328267082802,2.7323140939950203,0.5589980014890779,0.6366154005990473,0.15448722840475274,-0.10107427208590326,0.9093179854802209,0.7509421702472208
-0.09058612451396024,-0.6497205188210418,-0.7343355686742449,0.15218858290472967,-0.017936714682618746,1.1288481062435738,2.072960943325568,-1.2587527049300355,1.2984634091911837,2.201050021109678,2.9692720939497366,1.0966794588175688,0.943957748607218,2.0170359916233696,1.7912508418912982,2.0126911625640034,0.938939724201645,0.7559826959634527,2.3485154441658325,0.3775455888919534,1.1414112133435046,0.6812301252391268
0.34322867876145624,-1.215860946628617,-0.5798430713143323,-0.053052488696946586,0.06010660876099295,2.902706116320099,1.948950117142364,-1.5812753539471345,-1.0523195881366518,1.76566597321058,3.5526035767397905,1.127114831421904,1.2130217852813243,1.1734558016631629,1.2119374308322532,1.5413531603807828,0.6847871321143607,-0.11597384374816459,0.646218908612642,1.0433382507012017,1.0166935517133369,0.9515922695579667
-0.7138718461478829,-0.8190665479569643,-1.7946762963040148,-0.27755449646778835,-0.6474276552865351,-0.3626454974287509,-0.04508929569058229,-0.9045220016671671,-1.4778499744870306,1.343433849616053,3.7828756794212435,3.3226918781437624,1.8152296623085193,1.428801870909746,0.7871279652431448,1.15208649048059,0.18228970980527393,-0.5728125677052057,1.67333692095154,0.8144585302101004,0.4572232392040816,-0.06473966752967482
-0.315835342596548,-0.8303431567836318,-0.6934722531227253,-2.0287016373936804,-1.9365441326830533,-2.022946622919146,-1.7694369494589106,-0.9533676155440551,-0.5147046772024,0.4948848923819709,2.158922994481701,4.481597116647393,1.9991571944236675,1.3194736763076882,1.3742865529574289,0.9226346296495284,1.0613367070782638,1.995459995408077,1.3675568962322144,0.7793940698046736,-0.06956694789785156,1.3767002325747795
-0.6450865257496237,-0.6623998028190673,-0.9933203002333493,-0.98329043528104,-1.7900091935123958,-2.250736974457286,-2.4903069762002263,-2.0192276779644907,0.13762477327060202,0.8073489781896801,1.054074293691003,3.6520117008242345,1.3883554842068322,1.1528925331632167,0.9738616566966978,0.8768878606843501,0.45017740671178696,0.18009858146845348,0.06926807228593662,-0.38829036126835326,-0.2086693302736907,0.9694060474008116
-0.08705535580947096,-0.3406312452441728,-1.6516197760416649,-1.9208891911421426,-2.092891086393503,-1.7474554889121152,-3.046056436241658,-2.839907895050366,0.03194716775993901,1.4347255800632581,0.8868250042369936,1.1015563531014045,2.364241767946307,1.358268727768616,0.7520774348167539,-0.017344530680461462,0.39201572837117177,1.179406744818922,-0.14586492979202112,1.1831134757814588,-0.16182846836534093,1.4998352142026856
-0.0902531809038619,-1.1906441816028925,-1.700361219617868,-2.7421480643895464,-2.2051160909959964,-0.24284065408080277,0.5094375164651405,1.2953279306804237,1.2493041052132003,0.4975293057172334,-0.008253966160926444,-0.1806148698655879,1.1143061727666792,1.0223582675401728,0.24767821874297202,-0.12271427240700362,1.3106611145090845,-0.3058895141390439,0.09721963173299315,-0.19077490415146656,1.4084935819084827,-0.14480374450844793
-0.3515325424412681,-0.665797033189166,-1.7868226276452839,-2.222685887728887,-2.475280936154867,-0.5244023059629659,0.5147827551095147,0.7465176812072093,0.6355577041889597,-1.3127583702949803,-1.3972313143608028,-0.11328285142450868,0.15490670985754204,-0.28076534779791007,0.0976923927628583,0.37944875576876075,0.1759768941246306,-0.10743160634854018,-0.5923562564284203,-0.3670863909692034,-0.11042515965934724,0.7280116381217846
0.16409525232980318,-0.8969664033669619,-2.036031374857228,-2.0409598576798027,-2.3965638693634004,-0.19904019783890503,0.09697516919043687,0.6990239334813259,-0.04546640436556645,0.7119603079934054,1.10354559452318,0.6643237835593329,-0.2144271029461493,0.44013916067705794,0.9354582944976851,-0.58047456855533,-0.7875685226630159,0.0893158613501516,-1.1160779492231514,1.5165796622515537,-0.1431879147669135,0.18289203123718392
-0.6702652873376908,-0.8154485764594598,-1.0453582203708265,-1.5499409833988746,-2.014416047689857,0.3884098554287239,-1.1577091554194803,-1.732549717707705,0.15324775596768295,-1.796883950097503,0.2121726789667598,0.24701392938116393,-1.0408712257793342,0.1476016976294684,-0.8175238856169023,-0.03143213677507115,-0.7495503317857443,0.018807390357240626,-0.9644822076480886,0.3980844394569819,0.4807280626298266,-0.33449985960432843
-1.216622152970989,-0.10422294544862437,-0.980934175873843,-0.1380090782656785,-1.0592681545933464,-0.3412708123259748,-1.0672627697207457,-1.3890660358486835,-2.1644943976459308,0.19479521355517876,0.9653662665498941,-0.05093952647120041,0.03733692188518132,-0.577478504464039,-0.5064912693458135,-0.6066943638112882,-1.0371442124533445,-0.6590427025771182,0.3541344227803713,1.265608023560824,-0.0605295164515449,-1.9152526424343788
0.3003491399865321,-0.24554306445098636,-0.2340910685383561,-0.6874178136265703,-1.1361735897589411,-0.012989315201157444,-1.3619140793358437,-1.0152461869562512,-2.6284742231273586,0.24074103979265482,0.8932552242665083,0.14903261710330065,-0.46114591364277985,0.09289646432203441,-1.0705074010873985,-2.5548371859261,-1.0877728624732714,0.9728593561915384,0.8038225712750064,-0.4747653197245283,-1.324596672227607,-2.691600887944952
0.04447598593313153,-0.40045175789558546,0.3549304455664587,-1.802964056529979,-1.7902599868295428,-1.5155414992218084,-1.494279223501826,-1.2216951254748303,0.7917882885576558,3.33575394488824,0.7028367393749296,-0.36317301144131037,0.03090350294338814,-1.4983072619515365,-1.676676035517435,-1.666272135976686,1.1828118118704143,-0.3865450301540688,-1.33676532933296,-1.822134317963526,-2.3023374547549085,-4.080941634567433
-0.054995272400396165,-0.6519272431337646,-1.1187243333258379,-1.8091817618928048,-2.439726678922291,-1.8595466527110542,-0.9624904310308864,-0.4582651954864339,0.9673417555873727,1.8119306086915044,1.835275650551962,0.7269222658241898,0.25612777014094096,-1.9502097522536952,-4.672608264342835,-5.169311667624751,-0.12424746501862857,-2.6975139030601785,-2.357110611988705,-2.2997648619346256,-3.3507579656255277,-4.54284822576661
-0.09589401726527526,-1.4042751967470766,-0.9313379109087858,-1.55119077153792,0.44999729066714533,-0.5700705713921362,-0.8199251194930561,-0.8003785669557942,2.372696889777045,1.8317738069312677,0.8141245219893407,-0.4291441984923046,-0.22111210125225345,-1.594385346138122,-4.475529715459343,0.2757262541396704,-2.0902742240091445,-2.588823942153652,-1.5720497437412675,-2.688585596852705,-4.22580694910307,-4.72070829318135
-0.05133401666516362,-0.47004444704967485,-0.6713897826827987,-1.2612484224666205,-0.14473951688185208,-0.8496441904885081,-0.0892768924240179,1.1257387629034534,2.2651336836166087,0.47325064678854295,-0.9029515629868547,1.208313715555384,-1.5268518389407402,-3.0020050797552438,-2.5112867133492602,-2.1072346170939147,-3.0455440165086354,-3.1888984993123377,-3.8778413773377336,-3.875295598952789,-4.926529961830385,-5.521714144700716
0.6613436272076759,0.30162808460790635,0.058048093776329086,1.0556974163389565,-0.6856091284496547,-2.522624772936368,-1.5462775272941773,0.5444132576513305,1.8154320291228276,-0.32182377007153373,-1.4250661880942694,-0.6806776184538128,-1.8689959610912361,-3.2944376300859064,-3.1149070797915734,-1.7721993915274752,-4.506911094848706,-3.914720946503284,-4.830844567706277,-5.028004109919674,-5.565022527300021,-2.594355580475681
2.09034156353881,0.9433311447914051,-0.8935665136973558,-0.5968708639486209,-3.402940913325752,-3.7072820638727775,-1.8976822072820754,-0.17478885571929292,0.8110251907074572,-0.8426418699307994,-0.2515308039693055,-2.512695840106979,-3.3358059433084097,-1.9046983582120096,-1.4699932602921295,-4.878648141992559,-4.54821159655803,-5.138353220947944,-4.818455538939417,-5.758690978915113,-3.9053838426552265,0.11544999936617302
2.220880920408135,0.6623846123318166,-0.24376985878764654,-1.9568773856513715,-2.720058204264304,-5.34055853685469,-0.5553050096892963,-0.8805412746339544,0.27019658485017434,-0.8084589799904764,-3.1283336673807547,-1.5350204643746406,-2.3497465487623406,-2.5410896491993524,-1.724970148414721,-2.5016549538647648,-2.8155629683370926,-5.024755453863038,-1.7728807209113795,-2.076575575449045,-1.208344058095871,-1.0674139140808439
0.5368347459012565,-1.530170291661621,-0.6971456022801695,-2.7316715406262273,-3.2051048548179524,-3.6675661329218525,-1.1860187705882255,-1.0582814074883202,-0.8465478540085799,-1.8714062984171553,-1.877935194244426,-2.5312531906205473,-2.405088686866765,-2.1195925393512365,-2.1030654242148463,-1.997796553008429,-2.7369731785458313,-4.5917659498584875,-2.165136231177761,-1.5124148108145532,-2.4066128543096394,-1.3879652177017947
-1.2325730647536242,-2.4731632753045223,-0.8824141152445927,-1.2309332495239842,-1.7108744940984046,-2.4775499819630973,-1.0540542016298902,-1.1375700738833858,-1.8942870154294764,-1.9648782423473512,-2.2284963353846163,-2.1088810368531563,-2.677523200138462,-1.373440354289801,-2.547290273257272,-2.568060344074699,-2.1877738381929337,-1.8351552896757601,-2.8480227858300387,-1.932976611128547,-2.075550641137482,-1.7863066991201557
-1.338728791173595,-1.5601556595715367,-1.7563877396997016,-1.7531489493650032,-1.2645435807197425,-2.0172637518158183,-1.2855706226820083,-1.3461170514051088,-1.2195531647787856,-1.8584856876888116,-1.5147745304110016,-1.406882524200249,-1.9014925328643977,-1.7780429513014144,-2.4030461863826047,-3.155848743716587,-3.8928178967482983,-2.422658697656796,-3.666291023858198,-2.591847195944254,-2.3891277890382066,-2.7944501692490213
