script/wind250m.json
{"header": {"parameterCategory": 2, "parameterNumber": 3, "lo1": 3.000054539987559, "la1": 64.9999836372058, "dx": 0.5, "dy": 0.25, "nx": 34, "ny": 52, "refTime": "2026-05-16T19:00:00.000Z"}, "data":
[rows 25 to 49 of 52, columns 0 to 33 of 34]
-1.6991374642299168,-0.9799077328761108,0.5201973252611811,-0.7889399061589716,-2.240064199138082,-5.430148462070075,-2.4456350478632976,-6.300134485952907,-1.729315042018721,-1.9488335047950827,-0.15962869001861874,2.4530691097775685,3.4971850249145655,5.07508522400079,4.446204582611557,4.520126234428863,3.184285714870948,4.84666924485801,6.49380051177223,8.596767195243357,10.333374372334006,7.904710842978152,7.619128954090927,7.197035038046208,6.956384279403855,6.1182805337645485,6.983796490728252,7.023108800701166,5.872295670610145,3.603633700220525,5.720929024853266,9.788916430814972,11.348951753661325,11.383993566302225
-2.161899922544434,-1.2125307592267656,-0.5046610146833863,-0.0933005601764955,-2.7940119244167945,-3.8235237475238995,-4.5116364349919555,-4.707676182981167,2.4302668845498094,0.46867098628599496,2.333697394042573,2.877445723365411,5.321516032983965,4.613649331499322,4.301701504711421,4.959830091947198,3.9625657894441835,3.4095089093442703,5.028426036778977,8.618065707976278,9.493564059597306,9.067762716938146,8.195987240192135,9.481088344306384,6.986400447603015,6.443376805655565,7.167424622012357,6.2072771120302415,5.151896985577927,3.4708691450163522,8.473203205505547,12.082485805977296,15.461294779606035,8.969798483755783
-2.7984455502250065,-1.5612687584228986,-0.833245462493076,-0.48532103844724195,-2.252808664578341,-3.8428859014030565,-3.107959806340443,-2.509296606419955,1.1158185269159704,2.438717375660185,3.792435597498655,4.951324437175945,4.567932625609108,4.470618724584484,4.747470489128561,4.67337651830775,3.93464516188756,2.3592593866663245,3.457681218091179,7.66922811212631,9.350011548561625,8.519584389802182,7.943098396430668,10.266694323537779,6.580035266965916,6.665480387541113,6.809494376829652,6.1025194253074595,2.9211201609817423,9.501953544234825,10.84672771037329,13.471814494454051,8.730418662285025,8.227653451894188
-2.9933550456192033,-1.6849578960682594,-1.3980213765541742,-1.4136336790404462,-1.9189047737453533,-0.8219601132971053,-3.0845925527721114,0.07027072526606111,1.6533521279707553,2.4180209128106718,3.7572699009528496,3.804121767283184,3.336649004226201,3.5518035009274103,4.136332351881197,4.525585112552359,3.557611401398254,2.206587697322747,5.106515512145243,7.245037398967573,9.70932854460567,8.791216694653293,8.826813780425377,8.936820512197569,8.27358409861485,6.605631413219647,7.004048233130517,4.868999827619765,4.816332789004826,11.144619977618298,12.472705841418003,13.483085626897546,6.8061490826593305,8.151626814372689
-4.157439212145143,-2.1512697593079926,-1.1774182697031153,-2.118699999470621,-0.9529425322359026,-1.2601304374684832,-1.2002581777778727,1.038749641853648,1.540540124471616,2.107214412066221,2.142177109824521,3.3282788504563503,5.167216030837987,5.477962565014984,5.354413239079387,4.532906702734028,1.9500816293300876,2.3495714367115546,5.25943677420758,6.064647557238501,9.755825567844074,9.859087395970507,9.731969316498503,10.148077834698338,8.292028848555296,7.450142929451419,7.2950230545239245,5.1763161140289045,5.898743952993306,9.060157600732802,11.324506608709168,9.794450756139895,7.09744959136443,8.007427210487208
-3.4751687562566085,-3.6908763889681055,-2.0997376120081563,-2.161890908545246,-2.1710061967284884,-1.0772253525488056,0.4560987203281593,0.8542820343636232,2.1592259925841013,2.278679737284777,2.1305839961443027,2.498386907056278,4.852776507368576,5.729192800619079,3.8589848212357856,2.4070561549038283,2.1956969213784343,3.488771598536014,4.497435337939834,6.239472960050456,9.138602244673418,7.976096427953086,8.958534736893395,9.763362864120477,8.517879653666922,7.553096377893517,6.082493423738685,6.429659843754991,8.481905023031809,7.859533751768379,11.007666063573229,9.553608028368263,9.167810235326344,8.259237699250908
-3.319905327405349,-3.348336467374349,-2.466041996691903,-1.828426108979149,-1.1955448461450677,-1.1519228770440417,1.385193862253707,1.7946637679521287,1.4937307055444058,1.4049451822919068,1.3830651477072924,3.0290074195180607,4.772925028010891,5.538196338075213,5.336334598009924,2.5156456537783396,2.842835629614535,6.348988532561666,6.007336582981803,6.231921283405351,7.686857201947961,8.298796874003223,8.524217565009566,9.565970697170487,8.558815929876193,7.811007472295681,8.074895109668716,6.423607449967634,7.482841437888134,8.88490011532048,10.728958944016906,7.394885212074114,8.538943737548365,7.629175271446385
-3.2384176019623423,-3.44204356980812,-3.1337422787960714,-2.5849015504978956,-0.890576010513541,-0.1875615906309344,1.4957469926069467,1.8947483267974992,2.8361503166966826,1.8155840618898385,2.5537158153312,2.9559699243652475,5.109036978336976,5.190063859296694,3.853077622877638,4.844289688860221,6.102700169981852,0.5762467265861005,6.940465763732396,6.831520438385543,5.767028308125365,8.81836601556328,8.300406988321145,5.189834016041752,7.790492986119325,7.733881014563169,9.690253835316176,7.5138425598061,9.84995795778964,8.922703880375582,9.58619607457588,8.74320602527126,7.209510593922002,5.944562238179867
-2.9051073344004767,-2.351392872213944,-2.068736132845779,-1.8578511887600975,-1.2284284594497175,-0.03411761326887104,0.30960407201196594,1.3915687318965537,2.1209693199909134,1.8527779416564885,2.4867901716217267,3.8372336691323587,4.242368253655057,5.19951075675739,4.388660196604449,4.379462916048759,5.354540367336,7.875178010329197,6.5702478276837475,7.428518734918204,6.599106213673423,9.799932833889743,8.277782584164033,8.884174621771052,9.310150532302568,8.401016422436992,7.804977806381792,9.422270127091425,9.02734278404079,8.76140554531003,8.955579917653457,7.104876559855298,5.682117180545845,4.144796561774328
-2.2660859899349894,-2.3322833253597635,-2.6701770207029694,-2.240198363879584,-1.2473271816303624,-1.20143478288537,-0.10585613702244202,0.12227262918017094,1.8303079592621476,2.0261061891074754,2.680720461200425,2.812989441652456,4.273527586589921,4.386988228422267,5.075337868869942,6.488950619731274,6.194207362730597,5.34402372186138,6.961373220269671,8.388345411742693,6.430474544798048,9.078146967684557,8.074333022362282,6.764872331968363,7.6005704859588645,8.891653333536011,7.279003468680352,8.191652255236574,8.385204537136385,8.162278347525595,7.923203887163431,5.333276297729802,4.004767892331651,2.586441650707514
-1.8562311937769527,-2.094058248318565,-2.4664842115018364,-2.6544420299197906,-1.1493474703464135,-1.3207136689399395,0.46284492876924377,2.0688768913535625,1.2467568120373789,0.9554653540996529,2.413327807551883,5.080953239387658,5.008052397796335,5.030268445710892,5.4461451463249,5.361668122760887,5.485366510805992,5.915414791514487,6.926002426243393,6.7349094597887165,7.6579213721738295,8.537882466023516,7.051567716603604,6.861264193566721,4.463715432496343,9.58765807439024,8.439151890373642,8.429054026036008,7.920633035400512,7.233717142935247,5.252751869181585,3.370840507599228,2.6277240804785005,1.939553882532742
-0.6799619579872205,-0.7325382436786768,-3.0819494093642774,-2.6925990873057173,-1.8842861312969053,0.09418628683952207,-0.04900642806600037,1.5739313906310621,1.0704267453185627,1.9301571056262186,2.335834209867449,3.5121605816854546,3.9859452491503866,4.257199777867225,5.977916972971167,4.826216052991671,4.535901282771589,5.746669103557903,7.258225136414454,7.014564132903851,7.8063228990849005,7.299866383163471,6.6366518502663,6.160182319649299,7.450546444117278,9.13664542132677,8.70971002601831,7.2381640494301465,7.663105980347257,5.127285990664706,2.6733629556393623,1.8137301358295708,2.038321433593034,1.1551961644937845
0.480014733082992,0.1983546928077305,-0.33153055231346884,-0.9088163184194815,0.016566842343328784,0.23594066986811202,1.7955378821920485,1.8190495264723585,0.9296260596410085,2.417137823597786,1.9653107722955911,2.850731955416204,3.208054866039261,2.941747117697674,3.6287553977151905,4.690541287000865,6.00282600915586,6.795570033130463,7.271342131915712,5.501278905729959,7.352135983804112,6.640523467170238,6.560314628227715,8.058827946419074,7.742394299554909,8.449091564383655,8.543645494586649,5.65529617575755,6.084587762180819,3.324417357635706,1.3375563404717579,2.2166106194112625,1.069234283754129,0.926604380005249
1.129308634571182,0.3875331830961029,0.22323977214623775,0.35685509618587985,1.0087138907045534,1.3391741934477959,1.3546441635443416,1.582134259265138,1.8697463986935439,1.6213907970729307,2.183587833529826,2.4547687004942524,3.5426946738954803,3.7634198118753113,4.6455036353989785,3.5743383633640944,4.3279020443146905,5.878019943622774,6.6610357172901224,6.334542088983618,5.956817650907551,5.688236578949369,6.1216555561202135,8.67188558767095,7.498932430564376,7.420236926280614,5.452975567616704,4.644909712821774,3.91415624762034,2.4405450083951497,1.6300805457771828,1.8793635750700879,0.5157669006949467,0.9150528703276738
2.154366222484609,1.4220331524215852,1.2192105255633314,0.9183090273350308,0.9897884463155122,1.2706359996568446,1.1598414688683372,1.3203487129092066,1.5024676216708268,1.6143125312376319,2.2353831337388086,2.86323659128721,2.1777941711609903,5.031979719024496,4.4264489085374485,5.416493933569148,4.636590278498259,4.563062262215956,5.177060148080439,6.015941226377753,5.742363817635839,4.473502426662034,8.061924617022205,7.339988093421244,6.316669888774287,4.784296215228359,3.2809881855226357,4.166840291218014,1.943223075469971,1.3573269427585934,0.896109853785674,1.9825539067563818,0.9289244446527493,0.7669987327425982
3.278720664902264,2.5058163861903204,1.919656014446371,1.3840606886779603,1.345160609974064,1.6594849492278043,1.5828530305122288,1.9352922029850357,2.1964990904211326,2.500386546727369,2.683791362004083,2.8156091441428934,2.823183788156509,4.174830791812864,3.691092478611241,3.8114769221258493,5.497494581271531,4.806892609863181,5.130116753168966,4.669641457908158,5.039709282711451,6.180703823796802,5.919250359620876,5.417703295469196,3.8292084628552696,2.3657066949748944,3.8191038141722076,3.0804860822564546,3.349858050698951,1.1221146562624618,1.1148613237531275,0.9665844115129592,0.21269341647911114,-0.13191026674090636
4.470258062251301,3.766247518067798,2.824907005682187,1.8945617072032848,1.579104992905474,1.8240169538532505,1.8684840675219494,2.0289748538509755,1.9562067708643047,2.1990278985479392,2.515856909134809,2.563421553622011,2.4323147723899274,3.1552876835007857,4.219271994229113,4.017189759637403,3.84160593741692,4.189980827001175,3.0915660708150896,3.993350825513041,3.6992941550989364,3.15041040256571,4.565708022200766,3.5061115283398556,2.527467787502431,1.8966220659740758,3.0139090758353295,2.079943886214943,3.6817181280416085,1.8460681139551676,-0.4326598198061486,-0.2622397501197969,-1.4718329657102662,-0.6067984807278968
5.660608255563723,5.188915622861207,4.518692250900345,3.7096846879234775,2.71501223741804,2.7781294253012145,2.429465370490838,2.115345184599889,2.0393604640736545,2.1718673679209943,2.283951458409875,2.3241283105727844,2.076137081157016,2.3562778318234905,2.8492489275840835,3.8192508077318448,4.331739667212012,4.498050035453724,4.750093780435494,2.632709036532306,3.4096000491554204,5.326758677925898,4.0817153173689915,0.9635457450074966,0.4628820986571553,1.0651356868686903,1.3466482779129783,0.7609209520945742,2.3974274822281214,0.6484915951275992,-1.395906886983662,-2.306910249934015,-4.068029480001806,-1.2612002985660882
8.147628064989346,6.895848466098049,4.742557934610512,4.030757336402237,3.372364664512488,2.7725670067786146,2.153084650745657,1.9614965889645946,1.923687490743306,2.228954069009235,2.241647200158176,1.6980515078535514,1.5406858735714313,1.72605764069529,2.628863908122056,3.7034483225307566,4.433853171650113,5.562029371581942,4.318718856433201,3.0389044839058124,4.110324272526804,3.4891287246435376,1.9366819612669348,0.9619076694543065,-1.4917577748364002,2.8961432845058734,1.2149336594624562,0.5502170035401381,0.15415556528245086,-1.677084434591437,-2.3257796999500653,-0.897992834803805,-2.999656691678596,-4.68570079223597
9.233735283253269,6.52762940921952,5.496350552302736,4.680762222837024,4.126219024919808,2.8703694343821025,1.9264290512694897,1.8045903034366293,1.800985220896271,1.4787076911793526,1.1686103699980597,1.3495386021136824,0.5149241887538227,0.9659332847029471,3.480710668799554,4.643127785185722,5.728632797967857,4.9186365232507026,3.3601787747292513,0.18365298999607232,2.8520751736719157,2.665776846270002,0.2017328704150167,-1.8262286989265006,0.732319107985889,2.2180113177407588,0.3173332800403617,-2.263530987082839,-2.077877392920776,-2.987848826561098,-1.6461678169720564,-1.3939198604435346,-3.3961233739600822,-3.398234015190146
10.060753609898711,8.182831098410185,7.061904049757446,5.973020578974742,4.223851824988582,2.9232380406579814,2.340523097551586,1.343542725040501,0.27206372439471765,0.41147640012644876,1.3996374800030804,-0.06044498210723772,1.3929378469528413,4.698770691265813,3.839506798787049,4.706092424896687,4.26063331234293,3.1783935331099955,0.9526181082811095,1.9461890095219923,2.031658000246104,1.179348280886464,1.9159557202751643,-4.602583079077386,-1.932454847071326,-0.43743551243406725,-1.1729346468182857,-3.8682715970783295,-0.0886320034653849,-3.434857020752146,-3.759058666461808,-3.6132749650597877,-6.601758220988753,-4.683190406410427
10.847767932675012,7.979061295394461,6.325451860332897,4.892015049110122,3.6234839433428414,2.2666708353811225,1.044426168501712,0.32917155118957725,-0.7219386180958913,-0.3784746535919327,0.2659092544886326,1.7594690910119484,1.2881614004847597,3.758192281911048,4.142670689871573,3.778971460608776,2.423337322794141,1.1237435337803618,-0.29921075154730586,0.2732808705265039,0.7387498436629804,3.0597004761317463,-4.705989497210945,-0.9417180857076407,-0.33302782587370827,-0.8547856132257723,0.42793701262803213,-2.002770365222004,4.884538310203702,-3.1579944380496805,-2.6859991210846514,-5.616655457375146,-5.506889351517925,-5.371437236625299
10.51590554843209,9.004357669969929,6.684889157391673,5.043912013571145,3.4289351601412887,2.0708727704036507,1.9803302318848313,3.0343831941213892,2.5114329289244695,4.990217455649129,5.286815113239418,5.771509441180945,4.643138392389798,3.5161757416767982,3.88526976897425,2.9165744950111083,1.2764582223647185,-0.0639107424936269,-1.9358772245285552,0.4300928604215557,0.014679896323905553,-3.8470063108269175,0.21998857453430976,0.27899620079181403,-2.725274021944574,-1.4846645371973317,-1.180075869434686,-0.5786311645314672,3.4070224142325665,-0.009730337842722486,-2.660542199107581,-2.441513589787673,-5.146150814387502,-5.917379787370311
10.495253535237497,8.633443056686337,6.546393961190281,4.727515042701666,3.517716180528707,3.211839343207001,5.270307690585325,4.204630471235811,4.796244258196139,5.726975879872416,3.939873058842223,3.5011724896990835,4.5092258587110345,2.5892808124139934,2.298100690857249,1.52619463158199,0.8079785852299481,-2.340905038631293,0.35216112074476397,0.6626445558331017,-1.2958215423507655,0.3339705484711298,-0.8079222271608176,-1.4654536429903169,-3.448253084606744,-3.326513882865471,-1.5778631204400773,1.6195870345942573,1.8027209987679615,-2.3807488532345222,-3.519208165726353,-6.356284934046965,-7.498424899912397,-5.020784844808439
10.907113026316718,9.319262322065084,6.75730416482563,5.254347368866369,3.589787217897523,1.9448136965716707,5.417185222010903,2.4010059591361617,2.282274537105902,3.123030998312142,2.352553092346232,0.6372203573647568,-1.6380291515882903,-0.2872267224829102,0.42049745045306897,-0.5402838590214293,-2.6116561581706046,-2.0044343346441704,-2.117016668857949,-0.8522120939032406,-1.2297555021635915,0.483081572420269,0.08525968415698273,-1.1722801809455707,-2.766919715511853,-1.5055995747749573,-2.1800583723626628,3.9599730250674607,0.6128784055747033,-2.4002794471254387,-4.569932374393496,-8.194141395227465,-8.29686315092519,-0.8221163499832005
