script/wind50m.json
{"header": {"parameterCategory": 2, "parameterNumber": 2, "lo1": 3.000054539987559, "la1": 64.9999836372058, "dx": 0.5, "dy": 0.25, "nx": 34, "ny": 52, "refTime": "2025-12-04T14:00:00.000Z"}, "data":
[rows 0 to 23 of 52, columns 0 to 33 of 34]
1.2586541497812518,0.10633873717324357,-2.690701737696024,0.14482883618164052,-3.0079890092157444,-0.9509883367658803,-3.2678596684343484,-2.839256480871563,-2.4913053049857004,-1.7251013875507744,-0.5040001037403203,-0.3788707573472844,-0.5883119798656664,0.48034059188955325,0.5471956821573897,-1.0911701930763027,-1.3511825729366285,-2.9247722055498873,-5.215475497376681,-5.293976691204921,-0.2876960348891549,1.0421286984117557,-4.754478755710782,-4.444655106911303,-1.5318027911173688,-2.523532042019346,-1.6874150570093194,-0.11613679928660584,0.6605363052676612,-0.12537017658310232,-0.06228642024498301,-1.864397002344955,-0.4660314079971205,0.8513641977570342
2.753004506266347,2.545292679599278,-1.2602382405859154,-0.054117894956998334,0.33023639915043407,-0.225299955304784,-0.6299574920970521,-2.758824661132632,-2.084714142713558,-0.698154913891062,-0.16522137714940927,-0.0562005917012618,0.4542497742285408,-0.18744766265665225,0.7566606805648088,1.4288200214628188,-3.230555421451178,-2.94361304150059,-6.849280989750709,-2.1458591221806684,-4.40181221267613,-3.294843477008293,-0.5121056170689944,-3.5122207778015406,-0.22356681156308966,-1.2555421625026062,-0.6240589016736672,-2.938130714248686,-0.7930906870440116,2.1137586206505934,0.027283368910230706,-0.43019405250522147,-1.144290911460463,1.651171584696285
3.1029707377360123,4.24162043204025,3.4983778527766036,0.782603854736511,2.6935940700851377,1.6261414478800698,1.432824949846803,2.227400667804197,-1.6135431781673424,0.7657320676237623,1.4860100123872884,1.7726553003571583,1.7801071730050213,1.7185810352441397,2.2607712590721896,0.9781150078067649,1.03526069391328,-6.538464820020989,-3.8920551578120786,-4.605837151536432,-4.717246570295066,-2.0207699829496013,-5.8470733918747095,-1.0454242333914763,-3.0203625263044556,-0.25538533935545954,-2.1940835228121216,-0.047850767347782056,-1.864228104321314,0.5962896311702971,1.9516211823970075,-0.8126989404270588,-0.729029791095806,0.3963191844040473
2.7987131741150275,3.5220490547875496,4.3165195826056175,4.139014495725497,5.204410983876254,3.4323147881290366,2.8091488883671003,4.146031153664704,3.705061101351932,1.1227951958109028,2.160134026729058,2.0534445566900184,1.8116554780470315,1.2370778260589068,-1.303039558463899,3.6888327307074436,-2.2110052318935773,-3.1730226565411597,-2.8480097950459267,-2.1352655216702963,-1.8972341635161687,-4.648375217642486,-1.8442978329282524,-1.677570046839086,-1.6901744193229025,-1.744515669782216,-1.138917218145738,-1.477303551621335,-1.4079649603408202,-2.0472451818660713,-0.9220639660456196,1.7137001837246275,0.2191933598083474,-1.5137995038416643
2.961189523215344,4.117101164833792,1.5055728938403465,2.107063459586735,5.002078907109005,4.084073668916153,3.5548458207652116,4.1030715534926765,4.794876820342063,3.243540032903783,2.0365127500631925,1.306390175464243,0.36183702363518033,-1.6325373689304015,-3.843026129693841,0.5150870527551498,1.601487650022437,-1.9361785129116937,-1.165319075100655,0.2402315170477092,0.3349636501388488,2.2727281159628525,-0.8386220969180875,-1.7542526371618832,-0.47970466042611337,-1.003129640318841,-2.3881272579924264,-2.5819227443372057,-0.9801873997859267,-0.915703636856125,-1.1702902013896614,0.1776174907178129,0.6413578318623606,0.6104083537508993
2.342642905492688,2.2240402908402404,1.6847243670324272,2.100174204148605,2.7909797261946836,3.1758566297434974,3.353545611452285,4.131579508235207,4.1568473731593905,5.358760558825737,1.052242069954743,1.1294081554250144,-0.1509474857570723,-5.458643166101706,-3.1236382779981113,-0.8967517820215529,-0.7983646529683717,-0.7792480374810589,0.48606791922112624,-3.588949318113527,-2.457799369384975,-3.6312786763949325,-0.9919541526538999,-1.172828035076363,-1.5194288793939232,-0.5526869886651957,-2.5644065528358615,-2.9184807039404506,-2.083449045702926,-2.1160972029871985,-1.1483113527812299,-1.7327250171704625,-1.21051036391532,0.0029648730521439925
1.051590838776227,1.5333504690126927,1.3334696447394294,2.5523051930162355,2.3993535039389258,2.4945101702874592,2.07459244064603,2.2153645197668284,4.043755493343369,4.140725458732268,0.534305517678859,2.5466603250081965,-2.030473076636663,-2.058006107255868,-4.104862186930145,-2.5059505978436345,-0.45979583779152944,-1.1212924256847223,0.20435125997247472,-2.208487718632737,-2.333159682783628,-0.27858852637813103,-2.3599371880172972,-2.8545665534637683,-0.00335210403350676,-0.9573889117289123,0.7518367007358354,-2.0529343205688817,-1.001595572694823,-0.09459044071154302,-1.802407440956878,0.21662256320752965,0.3378476864744638,0.769069282261029
0.6873629991660201,-0.6773122977028175,0.7959838128259447,3.018052756803709,1.9305095435137092,1.633564117173168,1.3180544957741376,1.1034059718305151,2.505955725397574,-0.3168210357421776,-0.7061083102278085,-2.185204535920802,0.32658264855736824,2.951483252433394,-0.06625639212693761,0.07055776007507292,-1.0376245260410457,0.5503955703340585,2.3538855078573846,-0.1709747266945459,0.38572501253899455,-1.0314605462277846,-0.19773976842397803,-1.5683359317666181,-0.9830916751261122,-2.272679339874878,-1.9897855845638999,1.0901356592240978,-1.894055109130852,-0.7686088564917126,2.0134299007856984,-0.13482986798271065,1.133186186073956,1.870960249832498
1.0788414499138634,-0.17114813803078174,-0.06520384372883341,1.281593107104707,1.177549576186875,0.029311349402445855,-0.020503631123544957,-0.3594461823059956,-0.10690798361471751,-0.5402069934114792,-2.745904374477872,-2.3067457482224176,0.6312728091254074,0.5371652027177195,1.3483650659574784,-0.3763439694558754,-5.409706083326715,4.8375555263965255,-2.0147277396684946,-2.665325322970674,6.641829414527275,2.3610817886427027,1.4096225877769704,-1.9229570211461957,-1.252303845336392,-1.0524500423445298,-0.5626701273817756,-0.5100509062712442,-0.2755316632767065,0.40733908810649183,-1.718920664407454,1.1691924556738504,1.3776825366477086,1.329009153173195
1.4213492644679713,-0.2878135592527402,-0.20966619348939816,0.06300079117739722,-0.7131979324256476,-2.105098309358036,-1.2738986937698142,-1.9687957619527219,-3.2490358189727204,-1.6269780225112633,-0.6430973603625239,-0.5167220723532214,0.30066434285550275,2.906765333872724,-5.904379320823596,1.3899018125041402,2.5966882887602467,-1.7912699466693953,-1.6173004396813906,-0.4211129590634467,1.3289472378966671,-0.275367311256619,0.7241382282046681,0.4349131578181113,-0.7010654508009718,-0.14506398207065851,0.48340779670473955,0.5634270221627277,-1.1661135391143682,0.517710337115649,0.5973441117905139,1.0432183503752284,1.5562626552428378,0.42937718185722096
0.11346968010488073,-4.235214855401755,-0.1317662615817509,0.2857972881899331,-1.2131378775935742,-2.94885566144927,-3.298694899209973,-2.352525224056259,-0.6151284196140566,0.9156866102704415,-0.17084883860354558,-3.5905481928817493,2.766555361163492,6.017857162807434,7.322414904345647,-3.1179169241617712,1.8942628640309092,-0.9015250403331747,-1.1940822970284612,-1.490016816151708,-0.008489374504443483,-0.46623969926806014,2.620406119387361,-2.5174884537710005,-0.8860560384958133,-0.3218051305295257,-0.05576748097624002,-0.9155462487407074,-1.57988586233261,-0.9802974783547332,0.5858282122313092,0.9369733462792174,-0.5400697985341752,0.681014000505919
-0.35958965520967373,-2.4319199669956753,0.4610122276125664,0.29893186261904664,-2.2356518354805877,-4.237679639109543,-4.458448968371125,-2.9693822346768153,0.7598765600819144,-3.587706631402173,-1.9195554248770728,-1.6189109871170932,-2.0551100085062934,5.3023664373660395,4.137776339321382,0.039332382734924475,-0.9976504398200778,1.7130332940843873,0.28501266897174626,-0.5592999771097326,1.879021440126352,1.8478149708562819,-1.1288133147217339,0.6311717566744538,-0.9641112000903644,-2.216920475852156,0.25690332215570044,1.46299540990233,1.5100612025836233,0.09856065325025697,-0.5650340236528306,1.6739168285330557,0.009351019219764537,1.7015553220094863
-0.44761782835602104,-2.7620793798484633,-3.3478280624986843,-1.3823261120235593,-1.0025350588482194,-1.6827583461547841,2.052993920131928,-1.8076643926411797,-3.7828386352291767,-4.400934410488717,-4.233472232314967,-3.2997685836867516,1.0169932362302443,1.426640614015827,-3.4418674315637174,4.507523423412265,-0.974084883061694,1.9673815582971321,-0.595686825610578,-0.22768765113143613,-0.024589105688358325,1.5481320868768047,0.9843271362322094,-1.0481752404126223,-0.08494674936522435,-1.2811464809017068,0.2826793255041314,0.6060596371691795,-0.27784380493290284,0.25645089867459797,0.2477473351034786,1.4940430361905979,1.5616346811224557,-0.0021181295189319983
0.1960015044170541,-2.7191601638192004,-2.1133978362625987,-4.706426016664328,-1.891478975617518,-4.040985401732911,-0.9436903333595252,0.8665642186505061,-7.409864894447925,-0.6229939850840687,0.07769272758133387,4.168922557461341,-1.8598698731234147,-1.8564126921782529,0.4890172743184317,0.021063175903768258,0.9178612228645936,0.3042961660977264,-0.39163818408052303,1.1450944734784139,-1.0010928182907026,1.6482279276857008,0.9040297633275753,1.0342853926890117,-1.1836643457043352,1.4138490183765209,0.4171149139480306,-0.7573432494060844,-0.3392871877149973,0.921634873623506,0.8383818506979277,-0.6913225914592661,-1.0075252762246956,-0.33318937277407684
0.3861039572112486,-4.878401826457685,-1.827632343165514,-5.069429202751223,-4.487477696027735,-6.0362791983053485,0.9197494277896462,-5.605330469255614,-1.6023889815625647,-3.309886326593593,-3.5766459599795755,0.8935313281524212,3.4916966996632377,2.6691245838716533,1.338242516434759,2.3696226973425603,1.0406739795098146,-0.6628739017589262,0.5436625986337552,-1.2080981857791497,-0.7615038033623959,-0.7945696232655418,-0.14861869793862328,0.38408923875513573,-0.7796783058186335,-1.9847029024415084,0.6028321569482343,-1.3951828560131512,-0.5288720928681602,0.7162058053261352,0.24714773919626373,0.5632989672801496,-1.1033857433737166,-0.4441308547633667
-1.490112172120832,-1.4028449270277474,-3.572253522585073,-4.731393295320196,-4.542644258381045,-4.865924056927233,-6.182688739250426,2.4441886378921702,-1.3128131583469478,-3.3871272618346486,-4.580968479556086,-0.20757517821547547,0.0009277360729162743,0.037195363240475385,-0.5858011381673087,0.764684982845822,3.934942218647729,-0.7246464863076453,-0.3345583839544023,-0.5646871318222143,2.111814828601012,-0.8593094903905324,-0.7217712517113658,-0.55415650645304,0.08984217252355835,-0.1543147828074354,0.7107269270012352,-2.1009948732951402,-0.19892937345487943,0.6814329607329307,1.2193227788592156,-0.587254737393979,0.8820177278559833,-0.9944453807911764
0.8428958850661054,-3.096159169253548,-3.098875613677023,-5.2221572193421935,-4.7011426653076755,-5.582126646538773,-4.97360888525903,-2.205736650480639,1.8494993223574998,-3.7224241784459546,-2.982032046240553,3.55171458088685,1.1636913810204308,0.04436949337064498,0.010800226667273793,-0.6016867228299104,0.8644397140776495,-0.21745580511383777,-0.7709714411352871,-0.23979584188531433,0.6234912026052936,0.4255746951555971,-0.3824435998408155,-0.9176619126666538,0.0024215646639636633,0.2850319683955576,1.2975648490567206,-0.12459501858741485,-0.17461254656075276,0.8633552257807797,1.5137230477237316,1.2282688895537075,0.8401933121079831,-0.594816661861546
-3.3579357178901956,2.9787055410818177,-3.446090589608784,-5.176880177535386,-4.319424912270188,-3.232041196111754,-4.562256112817633,0.8113256685063999,-2.729836402948934,-2.052594341531673,-1.8867182884453877,-0.3736612821655676,-0.3899450891571893,-0.5666359897485621,-0.4956194956159307,-0.15577749294958437,-1.361776087773352,-0.1860183396552064,-0.13913647352134437,-1.5293084605070912,-0.3804232335674717,-1.6935064514129523,-0.42315436107895016,1.3038585162160654,-0.37456870928359426,-0.6770025258208733,1.1791659742337255,0.2926446637712143,1.2089988072359996,1.1133231696251085,2.2403526764704407,3.3010205667752794,3.430624810912696,0.2013772274547628
-3.533824876264349,-0.20222927807483512,-4.0334194611067975,-4.359521710104824,-4.2268639579323,-3.579160566486797,-2.8383705513446946,-3.8649906131257863,-8.933630342083504,-1.3275020917809688,-2.053061214836131,-1.635490312911871,0.09792954584073388,0.33208601188597087,-0.3353184669210406,-0.7132756105010191,-0.32290061627208333,-0.34448462674145885,-0.346761176310857,-0.8021528119777985,-0.7826672738593355,0.07982552892612377,-0.2429843936067158,-0.2280723139236682,0.45976958148461616,-0.27734688904689053,0.14459922087524527,0.6317639724509718,0.7542448285669673,0.18599176598407466,0.5026996515721501,1.0496127067331693,4.232408425796077,1.3502565955808976
-1.4284916894018176,-3.553222738320353,-3.7890332953205883,-5.287225271693347,-3.7281208826065466,-4.45096763287631,0.164998299636393,-0.9195522213903587,-3.5363790345555453,-2.589780368992487,-1.9577167943222356,-2.5145945881995684,-0.5637250777100262,0.802303413938877,-0.45141973038694333,-1.9349209804112655,-1.6759116721024039,-2.141742640558947,-0.964504702991119,-1.3918418349181023,-0.6458285651182579,-1.5416251460275563,-0.703885943652695,-0.48216850272231265,-1.4065966673025705,0.4967953671265687,1.1241926924048957,0.6271003657175926,0.9588933369454968,-0.5405479804683253,-0.4970781728457321,-0.403996748958088,2.2046570882725107,-0.12944458805019388
-4.3813017819792055,-7.7625503563788385,-5.389260968546737,-5.1296965018867455,-4.638870227321572,-4.43153881304264,-6.168604610266075,0.45532036834965206,-6.094574439613021,-1.7982289133960683,-1.9882530150778677,-2.4149384051200466,-1.5087777374909377,0.03976209534277438,-0.27696467376775313,-1.7173395256754458,-1.9366562317923697,-1.938486181452371,-1.6244727162961654,-1.6633889417868777,-1.5719763878187663,-1.2500000920468368,-1.3294122318118171,-1.135572625749897,-0.23449458443922092,-0.0528870880055448,0.11121569123054559,0.13700684471824312,-0.49003836249417393,-0.6129953498780801,-1.0979364915322862,-0.6021859603905756,1.1331358818116715,1.5865925836455628
-0.7331084175623457,-3.1583084954157297,-3.3304578327262644,-6.2036964269159665,-5.824402889487444,-4.070489574864649,-6.6381660987665025,-6.168524375992907,-4.591118975382443,-1.7180104001844376,-0.914456677381169,-1.4007996253706994,0.4343119952909934,1.6017683979238808,0.15010544242870555,-0.5117099729405558,-2.5185178269023125,-2.699590545870199,-2.10815316721967,-1.9631367158785793,-1.9857431668786225,-1.8899067928005993,-2.0884181128864574,-1.7591918628678733,-1.264545279451381,-1.1934956696339694,-1.0556941549612813,-1.3673869261916038,-0.9640894789682312,-1.4370694353379172,-2.039479832132317,-1.4336840696777204,-0.026199920885828825,0.37383304778006626
-1.3328831645039538,-2.468489514203298,-4.3711480439049595,-7.1414572147711555,-6.226238027064769,-4.264593911267894,-6.713743731454977,-3.715897627587264,-4.854262420268464,-6.215803796028708,0.24877298069775558,-2.3449132202573026,0.7867244596746806,-2.183052047203938,-2.1245147903837425,-2.954417259096528,-3.45819172490857,-3.1139728854250017,-2.365604986517149,-2.184233028931315,-2.269529147571516,-2.2302879452583855,-2.658145219244804,-2.96368593715393,-1.9583121898155533,-1.9591857328946327,-1.6848875162227193,-0.7875943237339121,-1.5839749009444661,-2.1770700175614346,-2.0805046781916454,-1.2041821116276257,0.04943088366268145,0.6171719049704716
-2.1151976139526614,-2.488269167425577,-3.673727480177355,-7.988776805068439,-7.065588016455532,-4.1623415766159395,-4.461114624846169,-10.65234620246382,-6.049402309354738,-3.2213189334160623,-0.7844233020753968,0.782305175837492,0.20377700934883686,-1.9525297028701631,-2.8243013216222863,-3.4358401454819627,-2.774626827557157,-3.8640468486358968,-3.2541843941477056,-2.6958810939014,-1.873697826681524,-3.5790284307298394,-2.9730619482287426,-2.427474228423274,-1.9057959097227801,-2.1003253993103606,-1.6343917192075064,-0.9422852813180909,0.1721563367600385,-0.4412487907820477,-0.850588933257769,-0.8393915337777524,2.0641353110792564,3.275199951902891
