script/wind10m.json
{"header": {"parameterCategory": 2, "parameterNumber": 3, "lo1": 6.000027932988019, "la1": 58.9999434238085, "dx": 0.5, "dy": 0.25, "nx": 22, "ny": 24, "refTime": "2024-06-30T20:00:00.000Z"}, "data":
[rows 0 to 23 of 24, columns 0 to 21 of 22]
-0.6956205673474085,-2.695255534448755,-4.182094546710868,-1.658268118145048,-0.831070263948807,0.5088168945667491,1.2603246343265382,1.342727759423923,1.6466852635448324,1.897851734244184,1.0445736201709994,0.4580755359787485,0.8417228576212085,-0.0663817616782752,0.43213265363252384,-0.02695734979463341,-0.49836155968281987,-0.8930797794905132,-1.8726765510860328,-2.382615552247022,-2.9099464834307,-3.014481275333637
-2.1234166263608905,-2.6868860004561212,-1.8226555633043728,-1.344759091662805,-0.6016198251087056,0.8140511258002904,0.9333286359642811,3.143248674437957,2.626835843117824,2.1059862926464277,0.9423099275239407,0.117793322642094,0.2712096683533687,0.08900265645476926,-0.40242320271656246,-1.9962170240376653,-0.5013899475172147,-1.6531534692382852,-1.7461673360072187,-2.5607352345299743,-2.4187030181219833,-2.416787429923023
-1.7463599005815273,-1.2771341571038097,-0.7620970551868487,-0.052206086224437044,0.011023036951057273,-0.11720214945231845,-0.22008373234325002,2.869901757240097,2.986293702120259,2.318330678346731,0.48862677677414235,-0.4036274869554551,0.01691639113333752,-1.234894026030102,-0.016452199877459786,-0.4055142243780901,-0.7518732812375049,-3.0221879156109797,-2.449559213903884,-2.6972027887160417,-2.4673964674407958,-2.8228298017890805
-5.319008801849724,-1.5152800846268144,-0.5072689733700275,-0.04501689468610729,-0.1582779552815587,0.7529710882826546,2.5307274951487253,1.1893362366885172,2.6146615536720166,2.3755220932349523,0.22088870731061938,-0.7847804971027972,-0.25347215553406804,0.17295088106953885,-0.37678325815959735,-0.6050553637659529,-0.794687756035269,-4.95988044637757,-1.9388419013266622,-2.145262450494385,-2.041133530004142,-2.2090305943497377
-4.676883633470793,-5.347150401408571,-2.378346814066183,-0.4400904322546769,0.1873048573715506,0.8485158642430789,0.828480634205498,1.2208296802500327,1.723046120791211,1.6719491671250424,-0.30130920704969244,-1.5290006246200532,-0.4184930927582834,-0.19186030216127192,-0.26394244767756986,-0.5624416897294402,-1.3757059871765847,-2.3241026301301564,-2.008270696360512,-1.9517266245833162,-2.092124767179899,-2.806889154000003
-3.7335385926762434,-3.9226270417319364,-4.4041853354438105,-3.194982358692949,-2.1077541646599576,-1.1504684851884526,0.026148592808689638,0.3992448115872643,0.5326948782145136,0.8273822519978451,-1.101258723829203,-2.877765161928382,-1.1696790105339145,-0.5500201057705459,-1.0726871516274838,-1.3242484456125214,-1.594728940239445,-2.188415153755218,-2.1161642316981855,-2.212510505711974,-2.5706948390113658,-2.883717944419247
-2.871094258586609,-3.533771402337014,-3.955480521156446,-3.6241909105449683,-2.474214793307326,-1.6044132198206877,-0.966998738250342,-0.6518822086097716,0.4793313707445904,0.11544273445576661,-2.4197737908173016,-3.796777460205612,-1.7407028319160704,-0.445924146865753,-0.30326610427116657,-1.3536654824919487,-1.5646018913063728,-2.102668396246958,-2.11197476086786,-1.7926710810233228,-1.9651679672549043,-2.2377266897865074
-2.891314507053873,-3.4492436341118817,-3.207534726905282,-2.659252443976581,-2.4368264409066094,-1.9108448686190316,-1.2996142213450763,-0.8108054399330996,0.18985736174376683,-0.3935987595607183,-1.1404458168428477,-6.158872113976034,-5.866503052059097,-0.5397103523168745,-0.5740004802745536,-1.380701724276489,-1.7296655565193124,-1.8370219914301003,-1.9348053093061022,-1.9356939356406833,-1.7281220683665963,-3.346756381909194
-2.970018717230712,-2.6544899011653498,-2.521496569633517,-2.6277607332467006,-1.9772467895152448,-0.38539465468655126,-0.6471270989380405,0.12046717097718784,-0.6647877336189292,-2.4276333072764413,-4.293765754076593,-5.8320574523202104,-6.2840968542191,-1.0118053389241366,-0.8154828057096236,-1.1884851360078315,-2.252070059886923,-2.1245275005652973,-1.8748470345322603,-1.7916718619945737,-1.9965240994086122,-1.922025941005339
-2.631132346529515,-1.9616915003413136,-1.786284069553587,-1.8499043752630637,-1.9190612291261648,-0.493721149121465,-0.16548735202545758,-0.31209443768246176,-0.744990533703343,-3.835199175977755,-5.532443614228184,-4.839582652036746,-6.430193302152342,-5.291380002378128,-0.8701741881415708,-0.8643040813211682,-1.1849424925280745,-2.3363871553849997,-1.764840964181539,-1.8027445337960413,-1.5273376151018503,-1.8501708034437556
-2.0999659458294375,-1.6195325196980237,-1.625646503939467,-1.6092723922177832,-2.4232850127611925,-0.2191263216172756,-0.6847852481045408,-0.56748865142091,-0.8306635421771127,-1.3757181124292719,-5.88351074181498,-4.476118882318697,-6.275679576707925,-5.420491830435711,-1.932058201065352,-0.5769995756864285,-1.615467747915294,-2.215910578245995,-2.2990289744286123,-1.888158228869508,-1.3658386420149913,-2.053217977761295
-1.475135696196166,-2.1608985488835213,-1.2870554883405905,-1.6031110328939002,-2.661922672157353,-0.807244512630242,-0.7741929481515469,-0.9449066824597948,-1.1530012019597358,-2.672614213578156,-3.5505647842181927,-5.045347740889406,-6.295914293103104,-3.3567333287173673,-1.3467545153808378,-1.1523352138324114,-2.096405529766962,-2.4040897901935905,-2.3614948834280787,-2.685345715991913,-2.3522078950847947,-3.8419916940295336
-1.8946393635848764,-2.322830522368862,-1.7309502687602125,-2.2521449972107193,-3.849196229351863,-1.5007910621955796,-1.331700856465293,-1.6910941011791591,-2.4122023554327177,-5.010319321647614,-3.9509548732516535,-5.0168649900069155,-2.421321320542078,-1.7443413912312398,-2.0183398764590077,-1.4432767015164647,-2.1221298775241944,-4.794699666435627,-6.944366591215834,-4.970347705180252,-3.612963452758037,-5.364828594161627
-2.7222631976860137,-2.156265660205371,-2.5091026774581175,-3.5476200112430147,-4.251742937061346,-1.1378857623018035,-2.1116291111052865,-0.45749755934404407,-0.8934053336447932,-3.564996573170554,-3.1187531855648793,-0.5674777727114685,-1.7833350641889232,-1.7348592200443302,-2.8436648301047076,-2.9932782990656683,-1.7891590699890303,-6.63269001020595,-7.199317728226798,-7.415096348959017,-4.526108965309395,-2.948524559607225
-2.917617159434234,-3.5892425420096736,-3.7427371473621043,-4.224231910539844,-4.76605568441562,-2.128067473581204,-2.0891933341990523,-0.9472667359856389,-1.7351770923007184,-1.002166781503391,-2.040210087603042,-0.6023814095608896,-0.9315373710127544,-4.853525771638319,-3.212885565327108,-3.435055787656041,-2.857048411267394,-5.424489341782696,-7.882996293863016,-7.133172944174324,-3.86726934878626,-4.525744047179347
-3.4088483799689446,-4.203398038328548,-3.4500018956676928,-3.9299170622826947,-4.486215679190613,-4.769260020043389,-1.1390817876813266,-1.4012077554117315,-0.3198244881759533,-0.550479518942228,-2.058395367756356,-0.7749943183452445,-1.0511628460715232,-2.6379728534262887,-6.55401313070173,-6.04719566992157,-5.0797050109924955,-5.043592353752911,-7.160242758497189,-7.054589168039873,-5.0772984641471055,-3.2600273604018963
-3.471580021774953,-3.3332894336085954,-3.1672102939193296,-3.4952850568708884,-3.8901233357892386,-5.477087889461071,-1.282504564490808,-1.4055801045139078,-3.202912241965554,-2.2892603884244656,-2.1934531280704395,-3.5615962097434504,-1.2936956231606938,-2.1521614334466035,-6.071268278238291,-7.311005298519255,-7.690434985948763,-7.4058539511326495,-2.3187438675634637,-5.684686447751006,-2.3718281988749808,-4.827286613462358
-2.914294069518603,-2.9243215135113187,-3.101991660557599,-2.724945487977971,-3.137047771558955,-3.779362056859567,-1.1085548147757813,-0.7726669065093505,-1.9489227136203007,-4.406151131054241,-3.466225080245304,-1.511889096939722,-1.6092281830685697,-4.810178833937777,-5.2239134243230785,-8.030845310470474,-8.627928224084934,-8.34409625330389,-7.633832291439893,-4.4028366232693275,-2.970096666202339,-1.5744818698280316
-3.2829155418229297,-2.7268903384301972,-2.3990670431489525,-3.1088503122729945,-3.678633409807801,-4.6425280488877805,-2.6719678847122244,-0.8442603718748031,-2.0081477518225546,-4.6732422505250355,-3.3251251794776047,-3.7831781393760076,-4.0688375826795555,-5.390996817447765,-5.492998982550647,-4.273014216279047,-7.775442557950987,-7.887758855256641,-6.857913471337721,-5.189004583371742,-0.4291575679795733,0.2903417691805397
-3.2335007227220527,-2.299214486814948,0.5363555234080191,-2.1013554895690647,-3.8323632393124667,-5.177574715140051,-1.7538205493743735,-1.351746176781285,-0.37891129422928194,-0.6481168870012675,-1.1260283085027807,-3.8127741497868057,-4.791459313118735,-2.3902583367219004,-1.5398930240827957,-3.9811216706822634,-6.532372639052939,-7.741764986589289,-6.709366588604205,-3.6097225008947764,-0.8679296224827893,-0.13914554354391934
-2.90268614923766,-1.1947217387108984,-0.35359120630988844,-1.3601445885185353,-3.333066467672531,-4.823269302743634,-2.5960051838627893,-1.5367329727271437,-1.1501400230095147,-0.23024859222523336,-2.5031405632442385,-2.670303796378629,-1.1849261461470992,-0.8507291004897969,-0.6587886574967962,-1.4324692379273096,-3.773558517628135,-6.501432227037645,-2.3329776803195386,-2.0993408971503174,-0.9508366252882596,-1.2409677717554004
-3.1115380629923517,-1.6637472235090338,-1.7488770286881163,-2.566299412727751,-3.367705554243576,-4.705024553852548,-1.5803727086040285,-2.068627818795178,-1.2853314166218124,-1.0943334805022285,-0.5759932285948359,-1.0921730944253472,-0.9516474992648719,-0.625205778968171,-0.44456373098823004,-1.206039934243349,-3.1903662656592195,-5.391081758736131,-2.411606072705474,-2.2171529814398685,-2.152591979869959,-2.399132680640671
-3.3083213243473257,-2.025967293782463,-1.5273305411159166,-1.6109795012683634,-1.9620364726608668,-1.9292504472031702,-1.0441746206783622,-1.2985233975187174,-1.9315032009800035,-0.8516784773262112,0.16961610781377856,-0.6017029546396959,-0.6924766522535735,-0.5815620447620956,-1.4989202885874084,-1.564707599286057,-1.7089329989771123,-1.6432656093841667,-2.6254089666344775,-2.6383927373692697,-2.554539475709714,0.7123635656596955
-1.5561241069136353,-1.437498725761503,-1.336778223138983,-1.7299509655507246,-1.1840095723501876,-1.4743259168179212,-0.6132848709265162,-0.7017857005374537,-1.485405778038636,-1.1891765078711087,-0.49135909714569215,-0.17389624582577587,0.09854051502480587,-0.9173069958544127,-1.1619570697594417,-2.268861712811837,-2.6840774831194123,-2.7285680593788726,-2.4784901258068444,-2.816532299653566,-2.7791366883166213,1.3293205032269568
