script/wind50m.json
{"header": {"parameterCategory": 2, "parameterNumber": 3, "lo1": 3.000054539987559, "la1": 64.9999836372058, "dx": 0.5, "dy": 0.25, "nx": 34, "ny": 52, "refTime": "2025-12-17T02:00:00.000Z"}, "data":
[rows 0 to 24 of 52, columns 0 to 33 of 34]
7.254966590639431,7.154010226682289,7.689818565126575,6.556721328059956,6.473189040834991,7.539647134131359,6.762375592621384,5.018690381421118,8.68368259990426,7.61145182191845,7.611165810748599,6.791569195525974,5.481090683199649,5.917872516163123,8.75511869761429,6.834070331855549,9.612672316394006,8.141876303740942,5.280261288016504,10.763627949694179,4.150152425072914,2.995186084807687,0.9609758848278503,4.054319051337496,1.3171285666352177,2.053035611808529,2.7811355391929693,2.6809360375237477,4.060242426893761,0.20403424436560708,0.9950514782684924,-0.014211623815981825,0.3572935622763647,0.861847353924616
8.270937723033178,7.8679292725180385,7.191843231570713,7.193974005916163,7.323327388251286,6.578794297167905,9.005597973987904,8.721336068125739,9.146594329709998,3.979463144692462,6.697846989918013,6.37549423964507,6.606671717172704,2.453239677186624,7.612632910270837,10.022011134028524,9.687131464004201,7.035959205161827,8.620866581566892,6.451147251512561,2.4200191645698705,2.640710293772883,0.43426008737537125,1.5507630072018472,0.07065095855866863,0.9331807444651755,1.9790965230927382,0.9973046653691309,2.4794069988316614,3.4983475073390897,0.9078348584461362,-0.017535096576282674,1.4818009337274265,1.1990886389212612
8.557883625824608,8.461146326046487,9.05393464696567,6.919789095233583,9.250114094208042,10.222809596759836,9.160538273878872,8.743137310283563,8.58786654312543,8.45447891950769,7.65469700503778,6.333366632855138,4.392747181825419,7.27098931554851,8.909526794606274,10.838167874234122,6.529432363158049,3.539229905982327,-1.9316849044530675,3.241963057269155,3.1032918645373195,1.8526933979290443,0.04228172261928017,1.7877477001342728,1.2443863043317882,-0.27802427744329045,0.6932302012969734,2.7839358091176396,1.1381216044518987,0.7443305219938686,1.318531257626546,2.9713228875930358,1.8509583856817156,0.8806677037397723
9.158965497681042,9.38449073982948,8.606179719903128,9.59244288312605,9.365955095624066,10.605541224195044,8.94650870293707,8.324644243612816,8.577648992535277,7.530728875730792,7.259052839291304,6.913370807721398,5.907875298691998,6.961324349883018,8.581246057805421,7.777603165140757,1.3933253711987117,6.314519904472429,4.6919174730903235,2.055812867680863,4.771975049661001,1.826397347898119,0.7217411504331328,1.0801825470172652,0.04878351028986412,-0.258610680453694,0.989872972440794,0.5777802928710554,0.7830009856205841,0.04060254159928301,0.06796394264748563,0.8456372205700095,1.430293430772102,0.5599954808355839
10.348667810072412,10.043214465717012,8.878512257329893,9.047443575219825,8.896605358869424,8.491368836496033,8.079794567921013,6.840349688476003,8.683154323747477,7.588199098197384,7.092028527929509,7.243838029589852,8.578691133140993,7.234014045246149,5.842174303903684,5.482957665225512,5.076749022700808,-0.641626154214029,-1.4760546858314658,1.8256840551212068,0.285841451740061,-2.1392014548409968,0.05990361741385513,-0.0664048860187913,0.6898061968973667,1.1469516760491274,0.6562285089690121,0.3277921711658482,0.954737648076239,0.05569547154528068,0.028580175045581368,-1.4882668682225146,0.8847995813035562,-0.7563112970189336
10.781342203032624,10.371481554874078,8.95372028588471,9.456857174367485,7.721490550397922,8.764237615619399,8.038582931512583,8.495635704216449,8.760540316999275,8.523680413580747,8.800433516951399,7.246210445352852,6.083512264440488,5.029068509774129,2.1699615712759073,2.6858519930766964,-0.14767762531220088,1.434415252596764,0.582684286548404,1.3013329313883515,0.6121565675256087,-0.0925404893761186,-0.24572521386624518,-0.7677579279732993,0.09764167861342529,0.0008874687062820635,0.13042700979828456,0.48939454160479395,-0.13137178703018007,-0.40798687083997637,-0.4495215038955093,-1.3155917663534096,-1.3250944685763766,-0.8028619739262514
10.504867701842201,7.484920698200279,8.552808082222985,8.60604644855189,8.438356769242478,8.877711179402977,7.9540123524318025,8.768438038329815,10.048474190909173,9.268362225523653,6.10776872098358,5.626219633984703,4.10875366151286,3.053476480822331,0.7224722769421196,0.9009631757924934,0.5036390872237543,1.6292837805465135,-1.5172079678867607,-1.6850956255253013,0.434160644813195,-0.18257498984192996,-0.376276689440063,-0.23736247548427022,1.292397491325191,-1.3832015013713848,-0.5432195292252652,0.3391054458028373,-1.2306658588411548,0.18035618225696157,-1.567172627195904,-0.9442229638114884,-1.3881502961845846,-0.8417566036586784
11.186589763935155,10.604440661182194,9.726195870183407,9.551573390782476,9.152266486050078,8.994610908171532,9.307558077406915,10.487565393162614,9.001877254826159,8.001375853532444,6.4691245046372154,3.016190610487359,2.8167420074044744,2.1238725032267567,1.3052890056963806,0.23133921794657947,-0.2775887775421196,0.08947120107111782,-2.031000010993957,-0.47009360901800884,-1.1028625078380052,-1.92574893515745,-1.125461063863271,-1.670677993085716,0.05903415528035542,1.6746221995421475,1.5703571672751793,2.477542060121317,-0.10096876651374233,-0.5890877756633202,1.0688990598603096,-1.958158977066394,-1.1167947813445502,0.27389377873439813
11.014896355662584,10.702333409059857,10.210503666535585,10.164428232285584,9.354091274131077,8.5728477380724,10.381276953716421,9.397106705899843,7.864110987234018,4.919513410590563,4.169144507385066,-1.2088068791891944,1.6034441583116337,1.8549363649124755,0.1336263635853495,0.8795220000315819,1.9929704979304126,-1.142710090163778,1.1729559910165708,-0.40007863593529785,-2.554922132398846,-1.2631495192517959,-1.7920492233124437,-1.593189403186145,3.63466565665785,3.1531987811969047,2.3446887783598203,0.6295869936739746,2.1397038741991548,0.2073259372357136,0.86714163469969,0.916492894705138,0.7610615559705588,1.1659150137076326
11.864978234266529,10.949994377589716,11.328587175408295,10.317276039667211,10.690966069286223,7.322287684644183,10.663185685870163,8.072724419158465,4.585868464965464,1.9548117733201438,0.859170478079249,0.6469583978058824,-0.5372067851559582,-0.07193835839343592,3.5357361991096687,1.2178827752949264,0.682025819826721,0.9476038230018291,-0.6936017036335193,-3.4138907831105043,-0.7436423579090139,-0.4687275935876375,-0.2888726697815693,3.559300402303139,3.6481632961772865,4.555593457656043,3.7915041667654394,2.1445601071954448,2.340566632546574,1.055130048592051,0.6824407275971748,1.6492680200612089,1.29473895200197,1.0647222129819434
11.955564296679507,12.094964909579732,11.266253133419497,9.647821149419983,11.682481854185482,10.49272804420018,6.953601869536581,2.0674549597189253,8.372382731622144,0.612836293634469,6.425996066864424,4.19287364229145,-0.02304977251589815,0.8989081963585065,-0.12190331282868765,1.9144692769457292,-0.6381439499578948,0.7456203093720185,-0.8406190481984561,0.7535098642383486,0.168330207006209,-0.24847520390825298,1.9133361820620012,2.543764149920821,4.8470569198174465,-0.2632586007509415,-1.2782400687205628,2.65696800647738,0.8337782603541279,1.1996585768394432,1.6112123546788715,2.2721068746259925,2.63677034083661,2.915387077249118
11.80784302032526,11.47724882896954,10.004896576980519,9.417907559244673,12.630259412048416,4.373037947623321,9.349005675271867,3.80604991449342,5.163183509871584,6.917450508134932,-2.318781573767153,1.7496350000537164,2.8817547500347866,0.2229603190725522,2.328454599234473,3.1311855628251566,3.246910327538189,0.34037904032983785,2.445613048108571,-0.06188453719743706,1.7308961494754351,0.8112461829143027,2.2146312977154152,4.211451468636224,3.7328280698745533,2.2920410412255854,3.617919667870976,3.2879640446229907,3.4876219204234955,2.9647826945967104,3.7665367537363026,4.250275148212469,4.674151475942608,4.87233006183528
11.5635376471743,10.960265520503807,9.648045697895581,12.308369518510522,8.787699181521276,6.581935772856893,5.008665521426614,-0.6880883090150426,6.774725092690197,6.446384733253993,2.0913925901919885,4.527486928476475,1.498770956927019,2.356927093656889,0.3204566506487306,4.426178246581078,4.1387931099174695,1.0807943145783694,-0.3117606113135273,-0.043257909120912534,1.720904771540962,2.4040741584880596,3.7777770245397813,4.280102594578855,4.444157032478943,3.3951695222790996,3.727615960055788,3.8073779570417075,0.6557261309588814,4.243813347961536,6.103847145971094,5.640841935684328,6.063924700810804,6.1547779152579025
11.087860594566203,10.846080936413712,10.018074342636805,11.82170875260228,6.658150453127747,11.074083432778444,9.869289991520981,4.005272040541023,5.104967414692477,8.015895045687262,6.677971456560035,2.8823967987453867,-0.5536926516931363,-1.738050002437731,1.7531053643129382,0.6720915043120977,0.4559990683023116,0.13557722006685563,-2.3127829887747837,-0.6744013808473593,0.38941604439111943,5.332572408297193,3.7452568771970682,5.0380309249264315,4.322362259508402,4.883161968428201,3.6396468623826164,4.397903365194778,4.3528152747748425,4.80396933753757,7.472470487666876,7.5186960258059425,6.795012253939841,6.593550666838068
10.612869300075422,10.0478899986155,10.13376046599571,11.237645634291958,6.739273187801214,3.2434002260218846,1.1023283266453106,7.003913141705809,-0.836160031699558,2.1539231654711553,-0.42487185298912666,-2.03822232185446,-0.8373792186720539,3.771468451180738,1.0248566357665583,0.8240074254818779,-0.7670875717467284,-2.0724997623347625,-0.6984152842544618,-0.31421253180821607,2.900438846616525,4.100872912395619,3.801138031622592,4.3095037769759825,4.572571394887596,5.009059192061504,4.393967374185325,5.197577419868034,5.150949266895802,9.909988577985791,8.81507955484264,8.061335697634462,7.570836550705423,6.873362014868397
10.284567186995222,9.70901798127604,9.631259663673163,9.466772275829369,6.500748375030741,0.7997986491479819,2.2423703458648387,-0.4422511969227315,-0.6902754060566813,1.89155650329501,-1.1335932458237907,0.6250437511893259,0.5753842748086208,0.6031941477223329,-0.5804264383450405,-1.6026008253759816,-3.856850292373362,-2.920063004122537,-2.406907397739449,4.282305106663172,7.414210410628083,4.774500143601351,1.7067826816203997,4.122710271772908,4.233599796105424,4.131092821721131,5.875920366304038,3.7970136124780454,5.208925260746698,9.80057626323778,9.138220627647978,9.096122223954646,8.519381958965566,6.671219581907788
9.840455774522265,9.3127170679515,8.843624329449932,8.6666407270838,5.445865263689337,5.344288212067448,6.108201068468496,4.97260217027015,3.2219012551814608,5.8145516703546125,1.8631093483942172,-0.35509572205812695,2.64820985540757,-0.4337824913421991,-0.4598454472249201,-1.2768085514168994,-3.0359186465076955,-2.505574831869064,3.8321151984386734,4.710195581843494,4.048566590863699,4.782393127085364,4.704711355599877,3.7846070825557487,5.2643708091444354,4.432850442107164,6.000746758686405,4.460520105484015,5.189489615913115,9.97463580821682,10.732792640541108,8.319762508688527,8.718426450714277,7.1714675585540935
9.117163580111498,8.677998183287182,8.078956521626745,7.78309234164981,3.7673641602355037,2.479201245179318,6.051126059159593,4.168155568196665,4.300387250463165,1.935548272506543,-2.5349538483634397,-0.08926549943237884,2.262510047024776,0.6941609465220635,-0.7536006982327459,-2.1179153324397735,-1.0868744485226005,-1.376382419552192,4.98800050847693,3.6469652888845356,5.560767220784819,3.4458189304444806,4.794397594964189,6.13583474743382,4.9833273136672815,4.042385106631859,3.8149124585648546,3.6934467113057425,4.795646869736794,8.370216885847126,9.269444677122195,9.511918351245077,7.891587305085703,6.909491904969786
8.593338843853092,7.96666709010164,7.498681462560189,6.807350159313656,5.187178323771658,4.540226952331311,6.168794836106816,2.806461469776621,-1.63444513939573,-0.7370980071587686,-0.7031678311465807,-0.0990958149686988,1.688371280049554,-0.23847464755611486,-2.9301216512758756,-2.183149032293796,-3.0711865794548774,3.502740122670339,3.5650350833862707,4.342246543796797,4.987618943085789,6.6598404713753006,4.763567696943172,5.507249626742481,5.078187247224557,3.7962005182846084,5.628737005795417,5.147814391470028,4.3278762359178575,4.925956815628306,5.394642631274249,6.532358010916336,8.251607505250163,7.640370429221202
8.054659517611023,7.770733260876625,6.440706654104055,6.213467185469157,4.339270685246366,3.3930112096482974,0.8258990087525796,3.7736818439271236,3.736481328045659,0.7960327976290511,0.5608177492709543,-0.8855244885886753,-2.8312654296974618,-4.8060854192587925,-2.059850754082195,-3.5574659680884575,-0.7072558159042024,3.7734007004723127,4.287746312349072,4.575228424561795,4.811350957234322,6.051203768843425,6.322783201930682,6.078928151306234,5.361061792715186,5.415521958989245,5.024905243494531,4.3685732226397365,5.042439995254817,4.347855879669202,4.5919435576248935,4.485265744069036,5.702218683263194,5.492262652473419
8.218465960654227,7.412573105747153,6.242131259792124,5.379941557986967,5.037636330022231,4.377186276107666,5.000381846018763,4.232834007090942,3.26319974251997,-0.13505888859467202,-0.2979247175991181,-1.9684970563539317,-2.024804032518542,-2.0985254234235198,0.1065879846328882,-3.0380898643146113,2.710056082556523,4.786788554840996,4.2716007665253,4.978373032283893,4.92429572532221,5.650892737529312,5.992524830740931,5.893862212006996,5.583143969255879,5.553490436097811,4.667305147676872,4.967592783546662,5.052543964671098,5.758959919443122,5.011317547387848,4.433422281666764,5.557985614958312,4.7282659854678295
8.098493191175573,7.068023822887092,5.556464611924039,4.5284600374991015,4.016915233705552,4.79189472043273,0.9342660697874503,2.7664105136223083,0.17357229382950354,-0.348812961718833,-2.1829807341943477,-3.5639760397345204,-2.982204932720266,-4.0014023895402975,0.6288903371179195,-4.311616249869691,4.3143507938119185,5.7109281221897925,4.9400338697778565,4.779102734829348,4.911144337166973,6.222324965235294,6.020745204641579,4.783648103977342,4.806061067029395,4.410757704485128,4.767117722111408,5.050960170081555,4.559457872573043,5.012523784933176,4.593361528433804,4.081990756171041,3.6979482161938693,5.724778718067118
7.474762841948826,6.622858932465341,4.986735379797942,4.104286326359607,3.360057106030581,3.0856154347084064,2.986215415634296,2.056548782758085,0.5797185212517884,-1.0062901955727004,-0.5166659062123626,-5.1815030063396215,-6.327758808747335,-2.7084381042803067,-3.089377321032341,3.4339474870841062,4.967793991072363,5.0511609225912775,5.3349471974553015,5.219974234764619,5.195126638181311,5.760272305344039,6.44148578942115,4.628003542575999,4.338693090546111,4.436217373918287,4.924498833631339,4.921784301837354,3.8186626003130923,4.590192837240854,4.219334082465439,5.034218304247215,5.705528851784266,6.064102268222813
6.7638100915636254,6.482583297199058,5.182713882175309,3.6564992432363708,5.006552747080197,2.535863102199674,2.326377143708597,2.4580265907895225,-0.36789931865867365,-4.514762412497207,-0.2807823331217458,-0.3861884041643279,-2.298077509620316,-3.5179819452275822,-2.198738225213532,4.191876818833326,7.7450465253546765,6.064708028871127,5.0126211988538385,4.8157155141432995,5.867326705985644,8.790539700125233,6.7064394281536295,4.754787936116362,3.286965374671052,3.9418066943486996,5.837085586448514,5.826228083791846,4.681451190140859,4.803919363379263,5.035315095409883,4.863018675902163,7.6065674260800655,7.105104928383926
5.615135897716211,6.301606065492783,4.431030189134856,4.063948426830313,3.2119567450717446,3.163345696799684,2.7142956619202185,1.0595591973549638,-0.5913743095053994,-1.1693084141473116,-1.6692690943911412,-2.73142758303348,-3.35333428705687,-4.430250653567064,2.9658518407827974,11.183645430574455,11.430329235015813,5.9681929615704306,5.742399777190096,4.3748461078045615,9.063463032270606,9.473423504285648,5.2683698602508775,5.6727810840682595,5.985636570553793,5.659307700603275,4.462565718593259,4.781195764880034,5.240522977357632,4.945142511163005,4.504617061816971,7.753816507108377,8.404192481691108,7.582721957036769
