script/wind10m.json
{"header": {"parameterCategory": 2, "parameterNumber": 2, "lo1": 6.000027932988019, "la1": 58.9999434238085, "dx": 0.5, "dy": 0.25, "nx": 22, "ny": 24, "refTime": "2024-06-03T12:00:00.000Z"}, "data":
[rows 0 to 23 of 24, columns 0 to 21 of 22]
4.054093736369151,6.0934592322084224,8.025486954895714,5.909170913361372,3.4434539899723395,3.0115531469837045,2.512749723623971,1.509370040314421,3.0198304688834607,3.348359967919639,3.435922480205834,1.213217770733805,1.9373934949420186,1.7681193136197952,5.30436351879413,4.845868439712511,3.4712373400123,3.2921484158011607,3.268891866193309,2.864458929923059,2.4030516683599994,3.0444341069511225
3.619702894195665,4.402449411465525,3.292391686129781,2.9112179267358216,5.043048624582279,2.904026739167128,2.7611815284312886,2.586337577315114,5.937632068474619,6.291255250606501,6.091761866559487,2.62101766247218,1.5618160605618459,2.161168111203994,5.364899919037849,4.7300032854791,2.504259131788262,3.0243897056566458,2.527125852197047,3.3789551795828734,2.6859938655107807,2.786461852153951
2.5636408754596527,2.8329296394498398,3.22164360502665,3.5294850069928025,3.7503148026533526,3.065996560903998,5.9609662252816715,5.501507556868423,6.939813084427605,7.877131651990358,7.210253434878555,2.913329224276361,2.529393695775876,3.879490939877712,3.983467135905418,3.078610338738756,3.1831802620478706,3.969988331178915,5.1682676608138545,4.0899699534888025,4.246909184541951,3.2750718687235136
7.18606828783477,4.413613943354136,3.5733702217786734,2.98567944709787,4.069172317236955,6.234106028602835,8.18015802485582,10.346895708718192,8.163604800508685,9.304802059329365,8.561286298908685,5.475116490048405,2.900903245616247,2.7530390455568563,3.78863749272659,4.209925796227258,2.729512582047402,6.717081939199777,3.140631377793862,3.712644138424043,3.063930804895688,2.224964776783856
7.9282144036392745,9.717491859937526,8.746302205489595,5.238311331120152,9.20662817098018,11.892050506338908,11.949299330572579,11.776731511329416,10.43339761577465,10.405645960205321,9.87613597167138,8.303510654047454,3.2487164728964255,2.9595871432513023,2.9114835327203146,3.8977214928416766,2.795750211620688,3.7293036014673935,3.1589075681910006,3.341074791811895,2.8252167765800884,2.245904904503613
7.995204167151725,9.039595881562956,10.273362207751136,12.269676165244697,12.426049397435643,12.234816208664608,12.411721678970357,11.661699860705392,11.72149516600239,11.33805456407857,10.250831037390935,10.923306945765981,4.819631695579744,3.247774364032884,3.0565549375351706,2.860556605253361,3.2135454630079674,3.476375010020915,2.866190610205352,3.0103992383437705,2.9809061008065223,2.3689609580316593
7.922864862915209,8.533150361456789,9.388277144636815,10.11649769639384,11.437705706421227,11.996543377887775,12.71019497585071,12.324156427576629,7.555505200028117,9.195394466648036,10.137715309186978,10.542733058774793,3.9967187871871928,2.7563697846648973,3.0517040719660833,3.276138028416994,2.8051136023918524,3.2427965309192377,3.166808543970711,2.798953634538153,3.483193512911813,2.55091212040198
6.789698992005178,8.472984063589548,8.619550253655621,9.878848399806962,10.533921693808951,10.948018318052187,11.687633378884208,11.906684671242198,7.246655395687056,6.9275597736962435,5.589764160266036,9.215623525977916,8.44163141795729,3.0594088817849334,3.0121955789126984,2.917880446709158,2.8550041531716004,3.0411096283442487,3.1495295421515372,2.6839063379940526,2.9999278248635735,4.662833391393435
6.469171838607633,6.965002341262098,7.31237427792368,8.859145841469587,9.44651160845651,4.199759640123883,8.83433827922157,6.759897358122096,5.7901175892896735,10.102462359274222,11.474201888501561,10.706294147914498,8.998500295205718,3.5463707159662534,2.867033387110694,2.6169010458439,3.753294533931656,3.134970793271873,3.3893108904422378,2.9615814796889435,3.294606314860757,4.696826714631737
6.133946360855542,6.18619724600236,6.836126853954144,7.912503410383664,8.40412106268141,6.486634596383719,5.7626824260424065,5.713374602894675,6.156897238479425,10.1990063911235,10.029822897339132,10.574358617410711,9.096180920340275,8.564835011661339,3.2966645688986684,3.382025058549913,3.3403824205542856,3.441204772538333,3.2617662059070827,3.418412102764566,2.8844316537161427,4.871639912315952
6.249328893895482,5.813969073045086,6.219435230888668,7.461027259647021,7.319139284849022,4.655860571007103,4.701139021117853,5.370358184163197,6.172940602351712,5.9495726914140254,9.427395005359958,9.403727161653633,8.778206594813899,8.94472675499449,6.162809565284385,3.417606824452431,3.31606092566712,3.1359329727719856,3.3818564409256355,2.785057110066146,2.9151193147272005,4.254694241682884
4.712480553486106,4.619456980675841,5.812522677144046,6.468971969329189,6.788249004233676,3.6115350622118765,5.080634826098268,5.0520936161461325,5.160522194032348,5.605007115194153,8.312457465104572,6.811356359379597,6.368302920884913,5.9512224506084435,4.211467251966073,3.4073508924556437,2.949386717196241,3.337231121168172,3.1120473837806797,2.569751068756954,3.6638301967012605,7.868767083569829
3.9220107608364523,3.731897744326074,4.679975359300481,5.909836682493791,6.2431980150691855,4.480396374751417,4.090348551002463,3.8088479529015635,5.200906882631308,7.866707402070199,9.002874833647615,7.793896406622458,4.301746617584048,3.604371553110613,4.189328687649951,2.736174123683321,3.1577706784238453,6.271198139257059,4.8706606837434645,6.635649301083903,7.700501875904561,8.784766604172225
2.5366942964992263,3.225095590694383,5.07226427013615,5.535963913931698,7.249622600556282,4.650122526509852,4.515651536619693,3.4332094367268264,5.067077488349146,8.54011845817323,6.594519804840588,5.562032019971837,4.779104938818843,4.5205973315517785,4.143710885399633,4.8986974689023635,3.414548804152845,4.851417897961463,6.282145665132616,8.351623579044757,9.165661101301358,9.762450899966657
3.6872281035041756,4.91011797253997,6.520171065522573,7.30480239237233,7.341183704153232,4.426304982423184,4.067188191456261,4.2794642708689,4.3835183557437665,6.393482387913885,7.3118460046777765,5.114751071312784,3.690496000542173,6.305801740324652,5.02898916195448,4.375396424753428,3.487371020553585,6.783793712491698,9.978793910862613,9.687224347407222,9.984137940558446,9.960983709350705
5.004955962318196,5.853145123184188,6.506381541295958,6.86177561338727,7.376957549442911,7.069231511532345,4.746368413704464,4.712703489066157,4.973338372376961,4.346375452375625,5.237707478013576,4.440389784650052,4.907231342849703,5.421007299265555,6.274966790464812,7.7596267931136165,9.160184570583164,8.846969437139608,9.395499840176049,7.107956451640071,7.2062691870602,9.346703744360562
5.868475510400003,6.449470662304659,7.1296193438980655,7.176260348455121,7.550223606097676,8.221693341123139,4.667629913553322,4.489955195503392,6.5877660093331505,6.125646265220642,6.498767859663375,7.4504363113474765,4.816164184857809,4.870079023964579,5.347322338644727,6.924037455651286,7.878060083814492,8.684684868309462,6.603887625292137,10.59589624549649,11.398897452854616,11.384476563417183
6.704945227376083,7.033191922783104,7.383303442881631,7.2727071357201405,7.703117686394388,6.697875310748161,3.736721383279813,4.541142162978443,6.441048674212059,8.562102142440725,6.289943782107641,4.9235085274135395,4.506918761402449,4.127992370313972,8.439953529279952,10.042994841399993,8.996236560598163,8.951662785563828,9.548205735379424,10.431617764014801,10.12062614461769,10.19054746277762
7.280404423020038,7.168204027738461,6.910443975976005,7.578984249334212,7.69119627550229,7.71267191696121,5.255800370514133,3.980198972944869,5.67521623706341,7.902656686195662,6.582695089072532,8.514129699373694,9.685369891842365,9.159406896784946,8.68698756077029,6.268947386913578,7.727265987527667,6.9036929293283285,6.487963352412405,7.276411689394282,6.591098672884925,4.808610668207253
7.1968972643509765,7.499498323722443,7.230582590808365,7.394058207930365,7.739489974778724,8.596651720201292,4.778975506201849,3.528071001571637,3.484510263318256,3.752819163006228,4.399024909548907,7.007512441244986,8.286254566366743,5.114421380838881,3.8002927126809154,7.894887223968893,7.785325039140348,7.129141429837525,5.974422802925861,5.873508036723826,5.972633261506993,4.609748703114435
7.903552747734367,7.645334993711819,7.514150299462895,7.44114623889838,8.01750668869926,8.558792531687864,4.936003882431706,3.8832673834227847,3.2107160654622153,3.5715580024610127,5.662276786749385,4.724245610757451,4.281470896388368,3.8688488921358486,3.829884051988063,3.81662107654999,4.277748148992489,3.7753256242655167,2.6313440194305917,3.6200777218470126,3.04651729059335,2.3151584983834863
7.905723277085637,7.665713891371367,7.348266675041105,6.993059125265969,7.338308489625749,8.07276618173813,3.5150342276260034,3.4329852999136548,3.60547922974874,3.9867915013654853,3.951626373819182,4.389815320938637,3.591884855118813,3.2187343819026615,3.734640971780148,3.615125724304346,3.50528284693135,5.399014023402928,2.429300883155038,2.9994577191916867,3.2657502449418248,2.4383981144144675
6.937643015813642,6.198525088122766,7.3676271632779455,3.3725027538901493,3.1412237675886825,3.6833883781610792,2.5776485072751227,2.3005405027812134,4.632296348697283,3.642394180237503,3.5310232222874176,3.5599283672937045,4.29131621893154,3.0577730854930527,3.2935215887541966,3.3250164217825424,2.561118717341298,2.230406652749216,1.9918849252582103,2.8036987021114257,2.3703915061763534,2.5818069077768775
3.475295566364431,3.4499848551693906,3.074558171678507,2.9372443129177213,2.8964000466317854,3.3550492109215138,3.042533099437294,3.492379554519972,3.1782771878012523,2.831730458116505,2.4480311247774735,2.938084687792115,3.888682716895489,2.555716585640895,2.7786336495473454,2.38118870085348,2.807491551039924,2.295654096463269,1.717358547264801,2.34508094317577,2.273850138029063,4.208147776839184
