script/wind10m.json
{"header": {"parameterCategory": 2, "parameterNumber": 3, "lo1": 6.000198445256149, "la1": 58.999992894266676, "dx": 0.5, "dy": 0.25, "nx": 22, "ny": 24, "refTime": "2024-03-06T07:00:00.000Z"}, "data":
[rows 0 to 23 of 24, columns 0 to 21 of 22]
1.3184999294300934,2.4456364433586995,-1.953694669548347,-3.226016474843419,-2.2869375105863416,-2.386341872958443,-2.7693878082134753,-2.920472702943605,-5.062623596979031,-6.330715461400063,-3.0688919128936574,-0.9067078299360217,-0.9726438927972064,-1.2830446781124962,-2.6526967432063504,-1.9088287494264777,-0.8473285158799643,-0.6818082865802212,-0.9261097843688649,-1.0541555499699955,-1.4739713105630996,-2.0234969785904076
0.24182194183887484,-1.1464995444114867,-2.5004859990871258,-2.0834103461671796,-2.5357002227186065,-2.740660620808409,-3.2443835850348726,-8.107620326855681,-6.2892463482456025,-4.79927820858482,-3.210913123045343,-1.1295502458653663,-1.4779082118669808,-3.349039941993363,-3.620048634875025,-2.2509545955644605,-0.2294370945765981,-0.5488208159442426,-0.8237078515428873,-1.1290509739170203,-1.513001853107972,-1.9000546120797792
0.21421738326747397,0.40472147077778653,-1.0622802338620807,-1.9252437203320019,-2.4541206556156645,-2.572134997996674,-7.844391484326026,-5.9753606881395775,-5.257388067178939,-4.474510227896948,-3.1946864849833183,-0.883106095381829,-1.0626556686810316,-2.4730927859855285,-1.2346461942094087,-0.9590455703319806,-0.20718183333487017,-2.1128279659291036,-1.9112784204141324,-2.3218097864585667,-2.054223258647727,-1.8901696121423206
0.07079654132331006,-0.6973761059686243,-0.568344238760838,-1.815774773217334,-2.553931697174013,-6.163345160955158,-5.998571480432541,-4.8036053064736715,-4.087067886294342,-3.4249525709893422,-2.8942611135834166,-1.1551608489583505,-0.9633251214605957,-1.1514875600689636,-1.0581891049019145,-0.4499723617332755,-1.249131439600236,-2.9637663414288213,-0.8381131475746835,-1.4187420430754323,-1.1466723428709193,-1.5551596576999591
-0.9609291898262077,-1.69297841534252,-2.3363347888745483,-3.623851883605467,-6.16493592530671,-5.755852165513879,-4.950246199864255,-3.807304279227614,-2.6489070871674456,-2.8220042498530407,-2.9351473584011756,-2.3877254974254383,-1.1323979157687822,-1.4455622050877759,-0.5255664331990969,-0.21533974584935742,-0.8063255507118745,-0.18878367070037214,-0.9176478179480041,-0.9905858417531787,-0.8885714962458436,-1.421634418150756
-1.8466583642847423,-1.953063461992973,-3.224238596595417,-4.412883443317203,-4.846254808540073,-4.1546559488015955,-3.104861936232014,-2.3287222009441364,-1.5027846816081438,-1.5352101572169476,-2.6267957453147974,-3.1021836887660923,-1.459752350938452,-0.49458864281357884,-0.34825238463398395,0.0018703065738849218,-0.6770371360713272,-0.0602450548905582,-0.7283814470516038,-0.8440629266510278,-1.0875369030016118,-1.2828957850103144
-1.0435688614046859,-1.4502583785379703,-1.5675528295534065,-2.0844240845941333,-2.043323966640797,-1.6376629369574058,-1.2481471566159086,-1.410085315666863,-1.067716596228142,-0.5680271252911242,-0.7858030108144781,-1.7916391975616723,-0.9213389843151509,-0.6765117934645264,-0.3780585729735243,-0.22196820329171293,-0.5456080587474115,-0.37767007574452455,-0.8671919160626778,-1.1077811754097067,-1.1682601289343701,-1.0748103765745247
1.2838290787577198,0.2695450313956406,-0.19065346456258014,-0.4540343891325008,-0.45647032752244765,-0.6686228003077269,-0.9147636563798619,-0.7753861781704043,-0.5889910194002652,-0.5363729557521569,-0.29736500140991245,-0.699095803586644,-1.4350895279918283,-0.44502568824536237,-0.45063554849379034,-0.8439961743712951,-0.9046098405304549,-0.8388517513073915,-1.5496532326772863,-1.1501555654296192,-1.1457754361713623,-1.7032925619640122
2.1916744628754086,1.6712756256989068,0.975808125778787,0.4082085976393255,-0.506504653309223,-0.5564600108453456,-2.1539435599319185,-1.3874976515194648,-0.15129114217304535,0.5267241341512615,0.7821618389767407,0.2802088432338018,-0.5990163573495104,-0.6590524339647251,-0.4796718181895209,-0.6407883112143627,-0.7778863452633451,-1.1426037930381816,-1.1549830785383024,-1.81825687510761,-1.651006972336929,-2.4205285889758676
2.0142827160753978,1.6447053565985037,0.45575981540781824,0.44062838918619324,-1.039955668537638,-1.1630335061888692,-1.398682009221533,-1.224243251083576,-0.17855301627535575,1.4540845311715587,1.4418246651276452,0.9373169497311775,0.3212512187415004,-0.6442453919166037,-0.6300031107214149,-0.9368082840591487,-1.1895488859443457,-1.0330846679221795,-1.304627038292624,-1.3671452863880396,-1.767876063260563,-2.017948157751413
2.2801455374861503,1.9106066663742751,0.9739426935569431,-0.14014840813428198,-0.9306080719388279,-0.9564550861896637,-1.1316349765445681,-0.8559750175821007,-0.5654193945931015,1.0963353123801276,2.2898142950465306,1.7267123841169194,0.6539073910283186,-0.6224364407833654,-0.11179268669042916,-0.8101075568473217,-1.3944090985633453,-1.2690491751361204,-1.1697232502302064,-1.5967475362554364,-1.6883446637550732,-2.0333974376129866
1.9722695237627268,1.7725926399811907,1.6439185537214993,0.18750681831423174,-1.701423768681808,-0.8290303789272027,-1.1548004570226167,-1.166941330488785,-1.062520726800591,0.8429533711533584,1.693216197981131,1.6644175453870884,0.9946538243727034,-0.03410065110525875,-0.7826050174374338,-0.6786520900218078,-1.032301424643273,-1.7025553131806712,-1.4079018494670361,-1.5764165555171077,-3.3168277546558294,-2.0821669423280302
1.9454597936579834,0.8318371785790949,0.6717144243670559,0.009425215747211073,-1.5981280556519155,-1.6839503879314361,-1.329026719825113,-1.196106998693759,0.5701810810677543,1.4648463298542913,1.6599029492450859,1.2061149656597834,0.5420239859064352,0.2044948823203709,-0.34381483498296456,-1.0042756316024184,-1.2945321226283797,-3.028432936046116,-4.429620918542331,-3.8379667970192397,-2.8077957226053374,-1.3924223037387158
1.8615357903332368,1.4708063444800121,0.9840618977109172,0.20029664958003082,-1.5578245030918236,-1.7714141278482531,-1.7344777710458497,-0.5655889558353777,1.0183729745499879,0.27887383958268486,0.30364840597553394,0.010271862792483651,0.37442420118409964,0.08049610188468867,-1.063435861171768,-1.0672446229756283,-1.8302987488515077,-3.7106962685668234,-3.041906874371608,-2.3429617735887045,-1.2667931179746459,-0.6721180459403657
1.8701967165126558,1.1665424103674487,0.6755454458352735,-0.038989508753369755,-1.6228174580133614,-1.1803198147725453,-0.7514033854933264,-1.3159250358211372,-0.6623857673462215,-0.06634576848755966,-0.2422710744870791,0.6137586996837159,-0.04435183047029089,0.5012017294097245,-0.9087216788666533,-1.5946625959644087,-2.3412144047944765,-2.785297557472611,-1.648918904561398,-0.861633692007039,-0.8977768151919525,-0.5978062150865532
1.8790060115411016,1.2044730148271356,1.0962737384418821,-0.1383343253125447,-1.233134556072174,-1.63601399946752,-1.055646171986348,-1.4140707324641142,-1.4674295723840076,-0.5866485252539525,-1.4133113861917443,-0.9003669506827552,0.6325550421416052,2.4638506874469055,-0.5859086217718393,-2.201947981408528,-2.907752699802029,-2.15729549681923,-1.2928509982470837,-0.8601499866694438,-0.5307377163301804,-0.4387853150098972
1.4115715309230126,0.6455666087508516,0.024800323835291897,0.14439289938116928,-0.3095662697278203,-1.3979758741165733,-1.2712931313607152,-0.9696803645371909,-1.603010433027461,-2.1402703706572437,0.10626113776030262,1.500547452233218,1.1868742812443456,0.8705006780259841,1.4839697616572038,0.5362070799156802,-1.477293562268452,-1.9367999108314446,-1.5633899796533173,-1.5891638475279162,-0.6023860205706193,-0.6526435932558837
1.7347822269946933,1.3759134838232459,1.1081392575747624,0.5134845956187638,-0.9216626910431154,-1.7337788834589936,-0.801192113496686,-0.8946552448835293,-1.0146734337895718,-1.8275818556050543,-1.4093506027472942,-0.1578024012502018,1.0777719302535596,1.9999427002576096,-0.7223411292669158,-0.5352306144734571,-0.9440276234241382,-2.0136350938533303,-2.589364800130393,-2.4977192536100974,-1.132436987127619,-1.151399155612432
2.3741062404363973,2.2037499191774277,1.888792427655072,0.9578156076026517,0.45601211897728544,-0.4363449206913297,-1.3075643851452057,-1.0582668644400912,-1.202696607946095,0.044616596291763004,-1.0956989831860648,1.0256745788707509,2.2003858095642856,0.7752961008081929,-1.8042159804382678,-1.0426609931664301,-1.4059870875721392,-1.1536834589879303,-2.0923589488877514,-3.4507214430995865,-3.9121831660588158,-1.063288695879154
1.6037918059984733,1.5160207186912462,1.6747165228683674,1.7918534284007346,0.3600401787730211,-0.47844445558064547,-0.41895383611085546,-0.7061102203242448,0.25966055539191646,0.2601227892470565,0.04537352737974363,2.075458995565632,0.8254765951316002,-0.2003546586861322,-0.13837526702418193,-0.8948587070263065,-2.351868982240913,-1.7980178608019228,-1.627798965427056,-2.1201017855753665,-3.0714173936191425,-1.3421619672292673
1.9092128602874714,0.8634275560968007,0.7927718944195992,0.5126762470587439,1.171329467441487,1.3244062901648708,-0.5077370304562838,-0.4762958435425591,-0.05771041519608614,-0.4808926612832626,0.9855794516345648,-0.24499021879103342,-0.6239422088514609,-0.8972866332462323,-0.5805258463717392,-0.5368563658404534,-0.831061605028738,-1.1724441857113903,-0.7905607852263687,-1.314209810341037,-1.7899854229130043,-1.7861431961968344
2.692072022449844,2.393379871975367,0.7888173884019692,1.0470471922232045,0.36474972634569547,0.13011689435182258,-0.21733291456276438,-1.0195377221397983,-0.3136247722286106,-0.284000724165358,-0.13903977100556106,-0.521699314430627,-0.3325345190363489,-0.4236309024277552,-0.569527733096669,-1.3106863266530744,-1.1709680937377347,-1.4833866308691355,-0.7413165677642296,-0.7981782458270145,-1.9024785953803691,-2.0046892016318854
2.150933564663175,2.018509242499021,0.7364386034770366,0.002493613084267933,0.20185619417606146,-0.467881668082978,-0.512830160568943,-0.4778232014647815,0.4195508073958407,-0.3350059415561975,-0.547672506318113,-0.5627086819033696,-0.39220222975542157,-0.5022427792884053,-0.7778180097864514,-2.3300161801607073,-1.3106704782168008,-0.4155506678273135,-1.1623349242838827,-0.5386746932796042,-1.7009838076182038,-1.4316752967681408
0.5828771876498009,0.2748985500886493,-0.26729642356607763,-0.6908059914544674,-0.5735692630573642,-0.9389463477336273,-1.0385622433586783,-0.3187980446424733,0.25549967640844495,0.1878812033757178,-0.31107254050100164,0.034683257158153236,-0.6806522012583422,-0.6769289409916172,-0.9514709376770761,-1.575068149268455,-1.1272010599036681,-0.7468961114655622,-1.334194081760666,-1.1459103276425677,-1.0483671662978078,-2.1497043492783168
