script/wind10m.json
{"header": {"parameterCategory": 2, "parameterNumber": 3, "lo1": 6.000027932988019, "la1": 58.9999434238085, "dx": 0.5, "dy": 0.25, "nx": 22, "ny": 24, "refTime": "2024-10-05T19:00:00.000Z"}, "data":
[rows 0 to 23 of 24, columns 0 to 21 of 22]
1.718805381119891,10.350838331220421,5.794950955082366,1.031174430557542,1.9639459455434956,-0.48239512511398164,1.4114471291558812,1.6382887358781577,3.658069898963844,6.784704960814435,5.366380353350981,2.028180637794231,1.6605392416794948,1.5308093506189118,4.770360371859011,3.715387959881118,1.6624159741801148,1.4753777538143755,1.798112698293676,1.5982359686602414,1.9815015096094113,2.0505399896683336
4.146795482766826,3.5552417978417066,3.2637508752399316,1.399239614338547,1.8890283904832286,0.34146153541384083,1.6048460009869068,5.858526303116645,4.9094548357965575,5.880457237666228,6.492076563009652,1.6037323616701096,1.825783280693812,2.0839280495828465,5.20617687909667,5.442879245639358,1.593786623823369,1.4190299241728503,1.365921557250133,1.2692835910899787,1.6767712514267306,1.6534125281655911
2.5813682894511714,1.4829841497610303,1.2860696664511078,1.4467609956438332,1.4020260556639361,1.110006294289235,3.151594913793421,4.853403722570889,5.346699081320674,4.684566697464742,5.351072746389197,1.4995566611354614,1.4957906027875112,4.420868385607477,2.3379475687678437,2.007297537609152,1.6363705874321772,2.287936386062531,1.355248734985265,1.2728813066176663,1.7383284571262212,2.0165760980689575
7.018181820144249,2.9625485825324356,1.3226762097345635,1.0873097314242965,0.8033200146533166,3.109458964436273,5.5747638718703945,6.238921621444641,5.7096249343802885,4.982909818768235,4.163551088001029,1.9626949806702845,1.545621598250429,1.748067116688136,2.4544595293676537,1.773234899841341,1.482083044264961,3.2621075299570665,1.0173947704840862,1.6382372672004442,1.6241618861142662,1.693487093580703
6.8786871454714875,6.514054355744042,4.341649600989079,2.2567492831045177,4.913653332455992,4.298594270919971,5.565495814533263,6.369709270395841,4.619467493460923,5.541154835961047,3.8883401326853027,2.3241063761867387,1.631339645298383,1.9191769586071332,1.8578927860429062,2.070946400936005,1.0140095941762515,0.5043570886098604,1.5338950213696225,1.3004168584515596,1.4844333274395913,1.451078280266958
6.3614231091383795,6.150174240857314,5.237898464780098,4.1457530687016995,4.331558293040421,3.732112837815948,7.542119773561333,6.377931288252362,5.687365709442535,4.155301597909401,5.331198795586548,4.569632791882476,1.8130290786956282,1.6056391269298986,1.2303259990246331,1.0457287362714047,1.5715288214689678,1.2955190932998335,1.0727577184555757,1.0152370305594167,1.0884996382659724,1.1805867576282973
4.813607762562288,5.618455043949964,6.575044034682838,5.365712145809609,7.3437028645392575,7.804020901490952,7.533630921521264,5.794981410404403,2.052041929153053,4.620728802280699,5.227731252530288,4.876433295810405,0.7999527413792634,1.0949448357886773,1.0428631164433868,1.1945676580248237,0.9114367268539331,0.8976199365165335,1.0609577278575266,0.9244461770997735,1.347719987533166,1.1974916036221
6.010285047699554,4.996383478833184,5.613864435048889,6.325925337454322,7.686786249699702,8.255472868603215,6.498781746125171,4.710027516031648,2.6277216630823537,2.3481959709952522,1.9118825270460469,3.437579188258159,2.9784957841356117,1.1176137662171928,0.7353598152650274,0.5570398405470925,0.6418910717057587,0.939392840606325,0.8430800049197096,1.0955889077714625,0.8429335192651496,0.7091250276785266
7.066979090956026,7.371818586450972,6.493052332065128,8.001204107951686,8.098300232491429,2.1007430427476024,4.631489565330064,3.3444073273591015,2.5959297303347038,5.734223346823575,3.5836497166389347,2.754792210726249,2.5977853223932876,1.6402731945508207,1.0031607404860348,0.7989337925944812,0.7086061543326153,0.0858478202860253,1.2117817451803725,0.9191735540605899,0.4715571278779482,1.2501952287883873
7.298126238573497,8.003351959057996,7.031924700303003,8.648065316509198,7.435400279485474,3.883729250391399,2.371769842609294,2.3730113889555184,2.859645477344696,4.773013794394689,3.2025943301563595,1.8855466280560154,1.8463177302478873,2.4468017004321414,0.27768994801331726,0.7359284172833087,0.5570788974327667,-0.0036270701297209354,0.8371838507409995,-0.694875832417413,-0.09291554863061878,0.7751801918598158
7.888573768981467,7.89027208063664,7.843233869425685,7.350527325860367,6.932220562035843,2.706978477966925,2.2751093664974182,2.609166290086404,2.7103817756582425,2.3527745001234344,2.56552023401362,2.8292917013030943,2.728567040559896,2.079568589777192,0.6750951078763511,0.09689861566641263,0.04796051315561844,-0.008374879996099888,0.31681544239855464,0.4760377916523756,-0.34455574383041354,1.9962350868577279
7.929777357534754,7.949798405228848,7.6889752181278235,6.665952262327068,5.56075480407658,2.220644456185646,1.407567850415606,1.4312169394062313,1.7751022270167265,2.2523244288501996,3.285348944134205,2.8057633578885417,2.8000550239529516,0.16091744401533903,-0.42853174618978995,0.7017285478296061,0.5742087144747998,0.16463849020340296,-1.2130328606800247,-0.322989937457593,-0.02980329677230315,0.7912693009970738
7.8401175048541605,7.54814120703105,7.373836938739414,6.937242690826337,6.150040608721941,1.278458691318293,1.186587046551939,1.7218773895725081,0.543605028023389,1.8619303821283335,2.585480800158401,2.796935683123239,0.8843884332465932,0.3000732464681158,0.17646417533177464,-0.9457161437063047,-0.6568479126255307,-0.4090683329535844,1.4274424124407843,1.7363723631779553,0.8051004144552706,0.8007791686774531
7.714841370437204,7.2608324102599475,7.170382860404689,6.742455080442679,5.621941889556505,0.6512900851816531,0.5684774737162375,0.5541199649102462,0.17194575762212763,2.2928898925944785,2.0274786070998836,1.2884569395395569,1.1358979505420188,-0.5142278484399796,-1.8853899127418225,-2.433681880150614,-0.4171479359390284,1.9020335991542001,1.2366373738609149,0.9535052577278327,0.12787374876258176,-0.6124387812367349
7.6586226775210005,7.090765308029095,6.833310717110609,6.202320208970933,5.26994258473538,1.229011943011323,1.6743460363787033,1.4335780236262359,1.348228427494712,1.3273894327665043,1.7621565741171599,0.02741402250034627,2.3285811998893835,2.0851208310238802,0.473875202405638,-0.6222822144872505,0.5978385774978948,1.0329484137321738,0.5688536110104974,0.04849501146001087,-0.6554223895794399,-1.4595593307583767
7.184996836145459,7.038820811896034,6.671849737663302,6.111723165030345,4.88805125335359,1.5272814790321125,-0.08642010110299247,0.7111595219625889,-0.32317411774144816,1.0850221393648225,0.8571841704551519,-0.4623179631604525,1.774200746603539,1.8912954818931274,1.078498685201506,0.3736524878416137,-0.4067965548968274,0.14714668502293052,-0.20948681292106686,-1.332245868052954,-2.149904825488788,-0.3224312031054892
7.646641184354619,6.71397705939073,6.317654702572622,5.95728843312459,3.574085033062596,0.9043591669400415,1.2699587686675873,2.0285371346248535,1.677262912940956,0.6650077317558947,1.8416344541707996,2.0238650914763965,1.2517123767382154,1.2220852908570672,0.7205744800869238,0.5437141388282961,-2.334259615003249,-0.8833377736610971,-2.4456526392371387,-2.6932880904739687,-1.6453577825429528,-1.0368787253266296
7.693783719227799,6.609791008955134,5.878723664931305,5.639226021993099,2.961921365326243,0.47063792194483556,1.0967204294908028,0.7368604687128235,1.8849126399091953,0.26880359103169527,1.9138254303798896,0.25239007933335156,0.2970688457904964,0.6388142574397391,0.2258929634591338,-1.18889936006328,-2.5808654624143568,-1.961047266462132,-3.251435519723944,-2.544593510832221,-1.5568826221026846,-1.186896261091179
7.235283125737676,5.875853252623339,5.601600504267983,5.252779113519983,2.9894544392617584,-0.5854885726259981,0.17846304331465276,-0.16758924326227648,2.235492152579278,0.4022432642817134,0.6829265096864877,-0.2707517373804257,0.08306139248694078,1.009720019022042,-1.2755249766796812,-1.5458579079384323,-3.5639051111090554,-2.0219387986474158,-2.820588882905979,-2.9574481296958406,-3.0182135292029737,-0.22297268649462335
7.065939160740579,6.894187968584893,5.655437367223318,4.5973482556261684,2.973512751799079,-1.4861886181878166,-0.8246908906485272,0.06922458312065342,1.0185527032478947,-0.5693085450682942,-0.6653054734470317,0.40893840671192455,-1.4791929359734088,-0.5670469786504087,-1.3555455746062848,-3.1323453474263925,-3.1888490314023725,-3.1390043453953327,-2.9845260700290215,-3.5413192727453895,-1.2195576423288876,-0.267687662642276
7.642447143477849,6.554922456695271,5.437949438747064,4.009191915391339,3.350241799505849,-0.026797593012662234,0.433669190995957,0.454614513499626,0.2947443285624074,-0.1933094509650574,0.8715951535008518,-0.3821002640869752,-1.971871394532505,-1.421202402474622,-2.006291174752348,-1.5549889494183875,-1.74684467249855,-3.1612848525339343,-1.230637969427898,-1.647227361100232,-1.771592520867458,-0.22720512147033356
7.334674240934067,5.593447684447116,3.480335281704518,2.4862360158585664,1.373094511424855,0.48835414161200075,0.18614702219763882,0.05856919654295414,0.13840078794006863,0.44414750479699416,-1.4260055786002983,-1.2715416913456077,-1.067584897560835,-1.3150237214273284,-1.342313254881603,-1.4097328115669165,-2.783462511832264,-3.6501866900288755,-1.951508626011607,-1.5505889739754692,0.2761045667420191,0.08552256824182806
4.4677877776695265,3.344486714365762,1.260067863223305,0.4609872222338503,0.6754182825734617,0.01576693033249435,0.18407060197419275,-0.378878662809162,-0.6537947356885627,-0.7167303390700918,-1.503470294176106,-1.660611443544432,-1.8489980931604943,-1.4995872139740472,-2.263307388256289,-1.2804831185008703,-1.058683344499665,-1.0987250612044541,-2.060886210118937,-0.0342849022482574,-0.269899078402924,-0.19449513384163222
0.5808451794544002,-0.09077468902955517,0.9597182140136657,-0.1720439112386723,0.08529117772962448,-0.08043942610313654,-0.1442145743320948,0.3502379043208137,1.4703566346673205,-0.032512799072080524,-0.4388922130946988,-0.8703563562075939,-1.46609821238082,-0.9709018652395436,-1.7110234820894228,-2.0397451126579402,-2.8207932735957115,-1.5919443017366481,1.003574226323608,-0.25128672443165484,-0.47485093379829196,-1.2498222103571426
