script/wind250m.json
[{"header": {"parameterCategory": 2, "parameterNumber": 2, "lo1": 6.000198445256149, "la1": 58.999992894266676, "dx": 0.5, "dy": 0.25, "nx": 22, "ny": 24, "refTime": "2024-02-23T20:00:00.000Z"}, "data": [6.646846001714772, 4.671078892760888, -0.030503759545520058, 6.6607320993247825, 6.647364710658591, 1.7046011944820803, 4.368079734135008, -1.2502558578406928, 2.4275902033673677, 2.5744169402372092, 2.0461236514507366, 2.696717422482327, 2.3032981882691144, 3.1681674371210145, 3.3161805285292636, 3.7373697818426512, 6.9296118217636185, 1.346162830726809, 3.201192544169041, 4.294026336685265, 6.34228083686335, 4.19691381532944, 6.931338859568955, 4.048776719263506, 1.7631002232968787, 5.597651864251424, 4.061626275492508, 5.261918616601342, 6.357368370599986, 6.374952229768414, 5.470026893011617, 1.0204924631503305, 1.7890970736556617, 4.854337667973693, 3.62535943738293, 0.09270026307446033, 3.6645136302275345, 6.354243055499105, 6.665300758566743, 7.727949819255136, 8.777954258346313, 5.7044593978990585, 6.862070496487417, 6.269052883242559, 4.46200753297388, 4.936196243078029, -1.0651262025422104, 1.492224672247477, 6.475547502306203, 1.0981747790894802, 4.897529148473183, 0.7758550021528909, 4.299503395454955, 6.776457229339179, 3.017704707052906, 3.3293587680398873, 6.146673023249004, 4.095906313101653, 5.454138252581912, 4.824794690500122, 5.285050953164719, 3.5584019996953637, 2.547947718252999, 2.6400394218521295, 2.1880389841562438, 4.907833754061935, 7.904022136066705, 3.9748941313566073, 2.1595905402397215, -0.32921775584176877, 6.698940117767807, 1.3805085404579909, 5.754377364478541, 6.540528249266892, 6.875558273465018, 7.059193564339099, -1.3374616002612498, 2.580238636966533, 5.39923371602153, 4.241220266590581, 3.977120993113368, 5.805778304223621, 0.09235559772620927, 3.374462960766263, 4.494449159977462, 5.307804133532328, 5.50066366857662, 1.9513656425932253, 4.349113694797869, 9.36442984424859, 5.4716784934232665, 7.089752209686179, 2.6066889908262674, -0.8919513043490727, 6.742156758614803, 4.262047055010555, 6.987867977502165, 6.882526778019397, 8.700611489936652, 0.4636563545266202, 3.9833313819973237, 4.943502195094348, 5.37092333770878, 7.652432206412376, 5.369192722453421, 0.45864929444647723, 5.828194111671186, 5.492767287568529, 2.6996901350533156, 5.793757271548205, 8.380756227006383, 8.576304312108833, 5.357890077222328, 9.122522306041077, 6.700643316807007, 4.081598959154206, 6.665464386177738, 0.09491070658369437, -0.4528065460071722, 9.120408637197292, 5.6485666878226555, 5.508286802578846, 2.157661321767059, 8.681646136614065, -1.624032445405417, 7.733179947317437, 7.505603537752008, 5.0943216760779215, 7.4849052136651295, 5.682167165084958, 7.818022862733406, 4.937902858358016, 4.488449084397963, 2.4175839619890045, 2.710078455117194, 1.1500430597685518, 1.1677646435102453, 5.002844538259793, 5.3736862639251814, 3.2684992868544627, 1.1811494867340737, 3.270435459598152, 1.768971155049977, 2.515864643184774, 2.8205320831718828, 1.2692561403584715, 4.297739801145577, 0.5784000203501913, 7.776671107248738, 3.092238172990622, 3.7145675692532705, 1.990960327351311, 4.599682817025337, 2.865782616924447, 3.071862693141317, 7.564860624191801, 1.0935144823548126, 6.4402614504118905, 2.4516446122079696, 6.204364077707642, 4.717343231886517, 5.744284238712784, 4.431895350524771, 1.615322924855474, 5.607135485167905, 2.7954010694235083, 8.917084846924892, 3.9951955936821855, 4.908485254572734, 5.2013803081688526, 5.557527607821014, 5.8430646057631055, 5.4651972112864176, 1.9074052616164712, 2.2479791300623746, 5.4933495523445295, 2.734350037819187, 7.120331260665635, 4.76764117941753, 2.60721324625206, 4.383501730385422, 0.9687148155395802, 3.299856335054609, 4.724588353250533, 2.391869246972252, 5.477289723435123, 10.301618861671466, 5.844060546103303, 7.126295693402267, 6.732305024995427, 0.6573082785587031, 4.469527569423877, 3.8156123071299737, 7.219824844800533, 3.5717709583447768, 4.953577113273223, 7.171895031601957, 6.934549227637147, 1.7881856089772603, 5.064760652144206, 4.502159100375419, 4.410619998063625, 3.571461187337879, -0.47392976866345266, 3.0267442407518867, 5.219483726022741, 4.021977812093366, 4.503001050267607, 1.1890705454513422, 4.8187759278255555, 2.2661239614426174, 3.6223193827684126, 5.996117682080284, 7.779269568137125, 6.216150411766534, 3.281819360313747, 3.7239848738187575, 0.9305706455472076, 1.6464216361965056, 2.9187579802437806, 6.123518324518912, 3.9814254722479836, 4.673929196367744, 1.6117054517041651, 3.8677816888331193, 4.176720027225361, 4.595360901861405, 2.2263867840047413, 2.7774065248221045, 4.412272076503355, 6.367984561680644, 3.415145216539394, 5.7424456032785764, 0.8153090846888972, 5.145027547892796, 7.1842560715719275, 5.615625726410749, 4.21557148046213, 3.9143602996080724, 3.0584331462605485, 3.924242950304062, 5.663195425157778, 3.928522124503096, 4.91949716597352, 4.516176278478657, -0.46536837223451305, 5.16460519601856, 8.625952709178152, 3.989370522534738, 4.9745043904660395, 3.7697415780508723, 6.428999146264495, 3.6203954706527965, 4.330904656627479, 0.43863685821450354, 1.8931087596466616, 7.770524046615756, 5.966724167048468, 3.2573790915174725, 5.751949634553842, 1.5938203270187143, 2.1074309480921167, 1.804297514043518, 3.8329844003322586, 4.165688892925599, 1.961586625759553, 1.326954723868027, 3.35721485209072, 2.4739318710145883, 7.13554439611374, 2.9275259799248325, 2.651771128330004, 6.486888025470381, 4.507330459638731, 8.823035595074899, 6.438405617173499, 5.97477617864936, 8.125697243325094, 5.895442181557768, 4.976813912809399, 5.682740851951728, 3.481992411558547, 7.781062709318096, 6.095419013408631, 2.038971743794827, 4.73460589198875, 6.960519496563904, 4.176753897653814, 6.341102065933745, 1.0559105490479381, 5.712328752698981, 3.7706019135097972, 3.9124307915867673, 4.833002025321859, 1.2060918471906008, 0.2748464262057161, 4.901138362543614, 4.726470508241607, 5.612534395291872, 3.685299068620448, 5.407394856731339, 4.878119310816364, 2.543013492300979, -0.8234131675171278, 3.139375666551495, 6.606825670255223, 4.350499839166907, 7.171137872972232, 3.514573981073753, 6.631473401298121, 3.173184320123611, 5.179240874200889, -1.9035978192114171, 3.990455756559985, 0.7748390051197559, 6.806717586366338, 2.5674735704123814, 7.438431032863093, 5.208780664724266, 2.455531672144765, 3.764118198709201, 4.519998346086612, 1.0619963245467345, 2.275166108907549, 7.049138923527945, 5.7938031024135, 2.9243766048824336, 2.5479894154903757, 5.166386612744214, 6.619141394469927, 10.039422294009329, 2.492990743644461, 4.508320082379124, -0.5996684293153045, 8.480923145315549, 4.522591011116527, 4.1698977762036025, 4.398598422294667, 1.0073478054598666, 3.73224502890031, 6.403939299533316, 10.20107050185032, 8.367239979368602, 3.935621466750576, 4.0934875361805165, 7.236992332417997, 0.26646326450139207, 4.157762048499078, 2.7355426963099903, 5.502935991430277, 6.457722440934651, 6.98704395255641, 3.7235461440368796, 7.037504227028587, 3.5758716992770605, 1.5146323294467443, 6.721620205516132, 3.705232077059307, 5.214689947354304, 6.925184974231754, 6.679015371244053, 5.940492176487027, 5.679059342045686, 4.048410092935474, 6.419261839630275, 6.409225940551737, 6.006184888422975, 6.606347476721263, 7.538097963627347, 7.4352042684805015, 0.49996165998220155, 2.2499009179516465, 6.134615699678803, 1.0796736543389676, 7.332307695983244, -1.6689861960233143, 0.7660125992191391, 8.337831474917223, 2.5141073286110696, 5.09642302413612, 8.160406943529557, 6.473523685522988, 0.731328111313446, 2.845435291033556, 4.930222983803104, 8.833240705517468, 3.9106084152677387, 5.578907581329558, 6.8899221680802105, 7.147723256222216, 6.733751468506368, 2.6013625649975203, 7.805358317890086, 3.5953989413139773, 1.6501177764439479, -2.0794883379907647, 1.8151621213429259, 6.5363997142519015, 5.815450789932114, 8.932269327441881, 5.408003022725924, 7.938306086399377, 3.1991798047494884, -1.6147679251559313, 4.860449646748198, 5.149676353096185, 3.937671728703853, 6.556363776520494, 4.963426532763708, 3.514462904437458, 6.782004630335632, 6.621608188746199, 2.5308455607703357, 3.797379341501374, 7.813764691426911, 0.7486316734587823, 3.819531362697259, 2.6945815675962015, 5.255643452551248, 5.188670971620117, 4.9957394027981294, 9.776473535465675, 5.677434509790094, 7.772611739959771, 3.9336498935157636, 6.8996574362373995, 7.498932002960543, 5.376135201831051, 0.2840279280359991, 4.057914339444461, 1.2449292970067616, 7.82100679366081, 0.49782430999007105, 8.266057162359619, 1.3323305175784643, 5.835672371717638, 4.818503174851135, 5.487286541428903, 5.713561962722934, 3.6048992399691056, 7.212632150605738, 4.756722317655007, 2.243912889348053, 5.815959957001937, 4.6859358483192795, 6.131213194325773, 7.568126673512825, 2.732652625088563, 3.109258760237211, 4.607521872920467, 2.102336170876994, 4.811986619267493, 5.497747793559439, 1.665850354112268, 4.214956628498658, 1.31806241454299, 4.875050217387596, 5.813061031775058, 5.637544753347122, -0.8990197225630209, 7.078851357669926, 0.5620170655899303, 6.904247313154911, 0.32858889156376625, 8.611605966248858, 7.105911189664592, 6.224475515953759, 2.577469179131004, 1.3029438364909545, 1.8038961381596934, 1.045641586780034, 5.677428409169276, 1.0459689536485335, 6.135632100028257, 6.494326597852508, 1.7313965122433108, 5.773399083427917, 5.487221284668157, 2.470372094295208, 6.430350992604369, 3.9495331578173487, 6.999810746883334, 0.7080324671505628, 8.30924629270141, 7.2186576492653085, 0.38167258791203446, 2.9481358695626905, 1.2317936693614038, 5.339133094956169, 5.241203827888399, 6.71713838450151, 0.36713440799590447, 2.784722654705926, 7.1119027849792875, 3.3959555842430835, 5.461755605091558, 2.900943309387962, 3.929938778031275, 6.171352391363355, 6.649682146757509, 5.603546137220348, 2.2206351981009593, 1.1254883977454269, 3.4228686790450378, 2.3643133450010696, 3.5208387840918776, 5.342564537505353, 6.1088649691309165, 7.32801173468862, 12.287532061684054, 4.083366887258528, 7.892015613103569, 6.8441461852518675, 1.033142491832177, 5.926229198960587, 5.769858103602689, 1.4231296982522204, 5.150629057848072, 0.05923205608623593, 12.02610351422218, -1.011004729559634, 6.2528092638112165, -0.6447580448866868, 2.2872873278981696, 4.506260647367691, 4.578564152985889, 2.246778013607778, 3.3527870054461055]}, {"header": {"parameterCategory": 2, "parameterNumber": 3, "lo1": 6.000198445256149, "la1": 58.999992894266676, "dx": 0.5, "dy": 0.25, "nx": 22, "ny": 24, "refTime": "2024-02-23T20:00:00.000Z"}, "data": [16.244821585915552, 13.350367332352535, 11.468536968205632, 8.987945088028221, 8.704785282984227, 10.808912226123924, 17.266077223228407, 11.26986272206224, 10.979880805943214, 12.233141558057191, 12.677107309511179, 15.297792931798002, 8.914776186521161, 14.098241533674015, 8.984626254354593, 18.819692246034926, 9.822349056095854, 10.23960267251785, 12.029059852286577, 17.040113714879233, 8.330130977344213, 16.743868262991334, 10.977876481150814, 9.03147220300111, 10.10459646182104, 16.361941096984587, 11.408616977828888, 9.68983121857329, 8.53316985049997, 11.617362554324853, 9.203720879494034, 11.092786219845935, 14.662822235275131, 11.299859148460992, 12.89074052903871, 11.213083295374508, 12.664023445258444, 13.11120116792186, 12.470736603164763, 9.194220266195272, 12.662611439261457, 13.935147917837753, 9.661210852783478, 11.99526847524185, 9.367066524573154, 13.76842727903138, 11.91328188018564, 14.54433252982978, 16.303541564510876, 16.179648215695924, 10.051631813971301, 9.43821335129704, 11.569666928282077, 10.106428987842973, 10.077279272886587, 9.855680334467552, 11.660294848296063, 15.266427771616, 14.016613027044436, 10.231691945949558, 13.20439808558056, 14.264040949426407, 9.243585093826526, 12.062882911087753, 13.65533071684461, 16.188004996332328, 7.813944440024016, 9.003842877928228, 18.29378757605202, 15.937357965128783, 11.233242017992485, 17.627590614910076, 11.721435979853789, 10.644329242480412, 8.712623640470246, 9.333162569918386, 11.390620961348665, 11.449197916087583, 10.712311947241389, 12.302711589764654, 10.129767534514245, 8.410005799261238, 17.695663152144853, 12.603810901366462, 11.708344932794821, 13.486362730865055, 11.873965211086215, 13.140477989228046, 14.79298764898661, 7.250814326969587, 9.842355034021761, 12.832222940413397, 13.082370916714092, 11.98854906709916, 8.567309682917207, 12.700677280141928, 11.450410011451831, 12.967764010214115, 8.3929446440222, 16.877218165086173, 9.855830763875183, 10.375654102303438, 11.094492656516502, 8.906522112775201, 7.809304729501985, 9.125250113413683, 7.817775909912865, 9.805206040606635, 11.57467855342329, 12.834818566789227, 4.944734049749414, 8.67294527309523, 10.218236500492987, 9.390408454317003, 12.988044154683012, 12.572236047259699, 11.193895512613572, 9.028805049592155, 12.737302685430915, 10.388474067345213, 13.902953768516277, 15.842203259048244, 17.140407648049003, 14.6747141398978, 13.757382765310055, 16.687348841607005, 15.290307458506723, 12.344143840672286, 9.613679961376338, 12.4677827363516, 12.181934439574164, 12.169353505164011, 15.303439472601307, 12.977607283965211, 10.28884085239029, 17.347164977517593, 17.10009267351539, 12.01408551741512, 12.709262021552052, 10.299509514983209, 11.12167357925634, 10.85292952303138, 14.675604237362068, 18.164565615196455, 11.23278648888486, 10.46315613539978, 12.63530978231741, 7.952336430943594, 11.24309779156254, 10.113730007231538, 8.279677886543704, 13.162162841437574, 16.430847214491187, 17.040583314681832, 9.963416937351393, 16.32719779057826, 17.37141911437919, 14.273372653212274, 18.080948176234283, 7.680034848301498, 10.813592837727915, 9.793282310946418, 10.937189464435429, 18.483774705498437, 10.963869689956631, 10.118298738267754, 9.97365247686167, 15.064754953184181, 13.282769005995695, 16.07781394376868, 12.572555956008726, 13.57374238510063, 10.75335042176913, 8.447663847418905, 8.603145146092888, 13.935011274964761, 16.626551302840124, 8.567011816873613, 18.5275083523697, 13.479808142235434, 10.286236196064962, 10.535339269932377, 12.19105731699166, 15.488789369439731, 9.542655510513844, 13.60279470107234, 9.625260688305584, 13.733034869212089, 8.736631984371776, 13.613983990244357, 19.077894982614794, 11.313418150334373, 12.478593363103904, 9.250759939987427, 8.779374979380018, 12.458892797548105, 13.124924027288912, 9.9353397596922, 13.872777992612402, 17.0604235237599, 9.18983490038344, 16.082640239950415, 9.599270350649844, 10.139372368535687, 15.346100239205219, 9.828420933997835, 12.76572246896521, 13.807789995527058, 14.662559579571035, 12.949542930980693, 10.276985456659752, 8.96607677472959, 13.738345662823871, 9.210207477593045, 7.860245671845407, 9.962546024557238, 12.877143257829497, 10.722715629076239, 18.908817338734107, 11.097495863828268, 12.282439850262849, 12.604144155805848, 16.544124352471904, 11.329176813840267, 13.995207870085503, 13.252610618970914, 13.102423818984313, 18.097660365313164, 9.279918335756015, 11.80304809366056, 12.934511991104007, 11.203274436699864, 11.699405133123008, 8.631760828327042, 10.540341105752146, 11.841048124622251, 15.321028552535145, 12.669334686749329, 14.749291943269016, 12.096299461802275, 16.805864121069227, 7.570070227101331, 16.80755201182925, 14.36753014199198, 9.519176998611647, 12.313982440314039, 9.694252613625906, 11.603355834853025, 11.237162914918947, 13.395145330980467, 13.240855848638123, 10.887598422346098, 9.65374199700306, 12.162265640378346, 12.187949098503259, 15.9902464575151, 8.58996230781596, 12.830990934880914, 15.65077848179491, 6.825334209132884, 10.772647433553308, 11.232034007063596, 10.548029002303725, 9.409716193327299, 11.281752977150399, 17.15075661621808, 10.173073441401897, 10.522136176962775, 10.678948246040457, 9.621878685482015, 9.17854709709306, 11.429273693712464, 8.17521719598765, 11.601980693145086, 12.549931730911245, 8.154869288097604, 12.501182795303915, 13.524727610966936, 13.76154059872198, 13.30944760062294, 16.224673275387957, 12.803119794219212, 7.589664367959167, 13.820272822705439, 17.702063038763608, 15.120425543202822, 13.002056353272831, 10.821674096836592, 12.486850492410472, 16.77991535080636, 10.512380618752745, 10.091618206775319, 13.45195187960628, 11.763507446386061, 18.028438459368747, 9.006913618798956, 14.0552338465056, 11.434473859788891, 14.988761461128748, 13.715769321095767, 14.814946566038588, 9.152061492973257, 11.756838401024492, 13.393541370348911, 11.527432347524035, 8.104384874107666, 10.111776489075309, 14.770697804771082, 12.685989202666226, 11.987504814537237, 11.304788433050774, 8.976158860161922, 14.921308492588008, 10.752316628764259, 17.507133160851275, 15.559505189064224, 8.365591600377511, 16.60836418845434, 14.188260245748886, 9.289289452611227, 13.295530156019254, 13.18325477835837, 11.267030419860571, 15.197427268030639, 8.419781064099956, 9.581357213699912, 12.982741036568159, 11.50606436581643, 12.099699376423864, 14.093221732226556, 10.673843998169783, 10.786394284947937, 15.352992833000659, 10.937707589603605, 9.31083027595277, 12.70476364900733, 8.089137443985795, 11.899623590464136, 9.503437129121867, 9.904224256922502, 14.013852028146339, 13.552873626285052, 9.768439830805987, 10.166323642178398, 9.849593548649075, 13.889950151120667, 15.28403019819581, 13.568708170321452, 13.314034626860801, 10.049049032877578, 13.688671672237367, 10.5311496971108, 12.160813569044935, 7.366999123619805, 10.10967830852614, 11.935126080574376, 12.302979895839288, 10.991864288857021, 6.843421602891598, 9.614317730288796, 10.473246135213783, 11.920077660368353, 7.206911014880617, 13.554022776396973, 10.645908063866239, 13.649340375558673, 13.47653745645644, 11.497441819144626, 15.615215409428743, 11.33179468364386, 8.382139235276146, 10.534349145192715, 11.658799653697784, 8.531294417304391, 12.836051458708194, 11.415662155013237, 9.249093438703545, 6.551086869922894, 13.575837766194306, 11.238594846703613, 10.548082448841123, 14.858813121584506, 16.25418651902988, 10.972529227103884, 11.741370843201002, 11.76994827365856, 13.560334968350027, 9.687400575815374, 11.94099013460804, 8.104292073541307, 12.991666757847502, 16.435412624471116, 13.463371957941973, 10.361025861076902, 10.424692772954096, 7.3737350000810284, 14.969721260747024, 13.614326167817774, 9.606354636820859, 7.183680746249971, 8.084644576818162, 10.26965406411482, 10.498313273931284, 13.714139761700574, 9.547675967861284, 19.381653985847056, 12.626567466503767, 12.231365558975464, 10.911644856184665, 11.615082262987295, 11.929254986818144, 10.472215718956432, 11.262728540457635, 17.179850237561208, 9.771957755160456, 11.30108463843251, 16.445651749327943, 11.927865276986466, 13.735298629921974, 13.763174356483217, 16.31397941828408, 11.057951018892988, 12.878221226703314, 8.006669255610486, 16.818881085544586, 9.879460259103704, 15.794264085724869, 13.1666516406401, 8.243825275573043, 12.6513432295103, 10.758752098873154, 11.161553550451016, 8.770853778878045, 8.272089072913301, 12.435023337280969, 13.595510978861526, 9.288776465887006, 13.759873693958614, 7.740983596011249, 11.263281188763498, 13.21042068333701, 14.873471646619022, 12.148311451115744, 12.266384718662021, 13.108624834425438, 7.686807522620865, 10.184382990798893, 12.587296049604038, 10.004043532273855, 13.198712545784545, 13.39120487230026, 14.042982987578023, 13.828839494460874, 14.981561435788889, 16.942226557871837, 9.588630413812789, 15.45636717309902, 10.020150791088271, 14.259388377201098, 14.591526124362264, 14.565047298263169, 8.384643192364813, 8.625872773724367, 18.52674341576856, 9.799959721087102, 13.077705976843792, 12.203360211128782, 15.543867581090295, 8.830154669452071, 10.875894150102114, 13.186510909065404, 11.816209116374258, 16.87239947649373, 13.825145173858038, 11.012185392315176, 7.325916985676791, 12.28113545747239, 12.961632230970412, 10.231366828566674, 12.742650186476794, 12.286130618741613, 13.24292272143638, 10.817756455368619, 14.74278116072366, 12.00893557252048, 9.769704536017143, 15.451269996216935, 12.736606396192013, 13.61600635479181, 8.970671436235119, 9.678841212458728, 8.86771815970348, 13.365068655341279, 13.725106034945197, 13.729967848223001, 12.003265724852302, 14.854600277123392, 12.155239858697877, 13.354704391885477, 7.827905641173366, 12.555767338421498, 16.96040334453699, 10.252414745287801, 11.806023418673886, 14.883038268543508, 13.366126583193424, 7.682760319284145, 7.942120042456213, 15.699494348036383, 11.418072831986914, 11.670963522825527, 12.795092494447005, 10.808969183765564, 11.802175571802422, 3.0069141314405425, 9.883352449376115, 14.251077725869502, 12.347674670834248, 14.68055473808769, 12.991161518438417, 17.981139999721552, 12.811120120426235, 12.10668679803764, 13.046304289471014, 9.669321670507914, 12.097039299834945, 11.28837558096369, 10.523091751287756]}]