script/wind450m.json
{"header": {"parameterCategory": 2, "parameterNumber": 2, "lo1": 3.000054539987559, "la1": 64.9999836372058, "dx": 0.5, "dy": 0.25, "nx": 34, "ny": 52, "refTime": "2026-03-14T12:00:00.000Z"}, "data":
[rows 0 to 24 of 52, columns 0 to 33 of 34]
8.289041676954303,7.459889239968753,7.2930051100465105,7.848670554888809,8.527567893031915,10.08468553753978,9.169446974871061,8.66669067956119,9.081701290510518,8.406196391589697,9.942850571961952,9.747703074600029,7.074505438373079,5.419308864145094,6.0195528451244975,8.15512193002806,8.599905293495063,5.158771871247114,-0.5236918264864046,3.562299162413908,-0.20419414333737176,-1.1923510801975412,-2.4367731799672008,3.1758894483295586,0.3118755970640608,0.09682998427977348,-0.40635977139366236,1.0983353424913374,0.760925391331124,-0.37223947730879553,-0.6414609467212892,-0.4326503504185306,0.826116174319819,0.40408807222171755
7.607686510427626,7.370205231832818,7.143330655033618,6.942311262602907,7.8944883612888725,8.764734524136824,9.177833888006672,8.760426288318449,8.060674789849559,8.689303681280268,9.336372767317153,9.43308332223982,7.277389801749448,5.694982800121474,6.875952897106912,7.622831463215851,7.644901186022615,6.418422421536885,6.605717905298324,4.30214711360841,2.3432842754949275,-0.008038842859923595,-0.43072959796216764,-0.24145342301443343,-1.4133888402088872,-0.34580360975853486,0.2582363044387448,-0.4518362967866578,1.1490357202027006,2.00915381546009,0.42723972419068873,-0.20858683948659337,-0.07397749153362299,1.5479423523210607
7.252502113799372,7.5432211100824835,7.121875872974187,6.863418345030824,7.3210582643733915,8.608974339615896,8.266204554739716,7.636161666439779,7.965533497434176,8.201074983783558,9.86123278120362,10.130903774722904,6.803214589079542,6.025467472912216,6.305381087664594,6.944723835964018,9.452450337120865,0.9886908206031265,1.1604129381364086,0.11664222438234768,4.9730957561842475,1.2873710432049223,1.670494645754306,0.3700549554183663,0.5895763836834115,-0.31133296163235175,-0.39435019069431154,0.27968420942288424,0.39220746175196036,1.539710298731657,1.5430077649001068,0.9289672085091447,0.4504388714930859,0.9057684141972506
7.381306398559937,7.577217519136634,7.00262185462513,6.985081038014214,7.052855131444744,7.895655290348864,7.567623841635005,7.252599136440984,6.9597982188204455,7.29983182003286,9.607732207721487,9.299006516624544,10.766109257524228,8.105575904608726,5.849010021949077,7.217829104482552,1.4213947548811845,1.663600010431649,1.5301996438854246,2.996373192896514,6.522004594094314,2.9088345249647336,4.501519406071509,2.946547518319373,0.0019168722075619527,-0.06864164719787352,0.9132572492291795,0.13017003907859476,0.26725568734792693,0.8221707010923667,0.6656098369165815,2.3409277543735456,0.9298852428777917,0.603236552514298
7.269843330737234,7.968936196892091,7.995314783238825,7.125498657275021,7.825855933602101,8.043265757898375,7.838610645333542,8.428541943086007,8.474806272568436,8.402314985078855,8.417940389718856,8.409218429547467,8.161459822110794,5.537394367262068,2.8611835234553866,8.049372158548111,5.454252294495323,0.7551672222709193,1.724807672093611,2.6766714011283317,7.779416039275592,6.95699736952137,0.034823494282671015,1.4931030253487199,1.817065350282398,1.663657249474744,1.4382913830022523,0.37955086647139935,0.8155897640446438,0.5717833739698017,0.3473486444472586,0.9192842090168077,0.9716998408255688,1.2532704537180364
6.984521860635623,7.984822989491023,8.389253901758176,8.684335735294328,7.943103697030105,7.90095184256954,8.494528139302913,10.278914533493435,10.310912038582437,9.595816421225829,8.200057637999473,8.463573177183223,5.920796889024502,4.216857724239661,3.9793912200020816,3.2155522605036553,1.0058794944385634,2.5066684592729227,4.0850397129477205,1.9270980953707881,-1.3918435475885065,1.381715547371984,3.3017042101543765,1.0615862384599262,1.7214362835383459,2.1239010155900546,2.4302894729432696,1.2655897225173003,0.7198389243403907,0.9375823007137797,1.016397201474547,0.4930495230282486,0.6280552990557507,3.8282531519933545
6.312493606717709,7.313745026557242,7.9209370457253145,8.755567918177233,8.04935788230932,6.848564598804915,8.345989544114865,10.777558730410146,11.732716057802529,9.600536810375692,7.615076879937935,8.693514261946557,6.134282363298021,5.15526628104649,-1.0676736296314027,0.22467093972466873,1.7196972772924821,3.909974762372693,5.646621051746591,1.7465837537144413,2.39791843202702,1.072283813376005,1.884417354358886,1.2786957023063636,2.4310929880837153,2.179928317069358,3.017199621087394,1.373270964274309,1.462907015644394,2.2718726722897906,0.5719263238025502,1.0080094168639346,2.7545664447753055,3.6374526478587392
5.127489810400617,6.1604094399796745,7.134038030192841,8.905102072793202,8.821228498228324,11.215380819910203,11.878538955182059,11.143084065365159,12.785279804067114,8.772869856394422,6.380639541140391,4.436899226747131,4.94328900151366,7.073527651038674,0.8362501635415733,5.622506084684598,0.20113933006992196,5.2455733133831135,8.443266689344856,4.032563236968662,4.883837477347666,4.490115504630678,1.838468075377235,2.1857727343702797,2.2196629440419957,2.1465225908708643,2.5110012758397544,3.5180238802216914,2.468500358288987,0.9627130742125993,1.880303376395102,2.658617251703763,3.177738769604919,3.995088223590561
4.84978504620629,5.133532861893989,6.542360263566465,8.352874698461218,9.289872759339808,10.812595540758549,11.955657499151682,11.477126663857078,7.813549595920742,7.348848924216078,4.426681064740463,5.424277203987874,9.040560569137725,10.63133725622616,6.975309739031592,0.48346645427681284,2.455950913039376,10.158723440008632,2.207004866016159,5.18785432671959,9.527433911863884,5.847244328308437,4.072850030513718,2.284473712533404,3.454444364753805,2.8512637705846076,2.2768166280442563,2.159297502335796,2.5647724001077843,2.275502104592356,3.108030453661778,3.4123796802820325,3.971252391615484,3.1791389167681046
5.604449811441212,5.404013320224017,6.650239353076978,9.179590884157907,9.95534717287128,10.595414022068033,8.51560790903817,6.990017522715817,6.1725174499281925,5.818604915094615,2.5850821058451094,2.9773146932299728,10.823034051557523,7.848240912689662,2.774795423346097,6.305445689167915,2.3756265256734297,1.4594698493490375,4.934628389495177,5.077920275579481,4.893390515885545,4.622334210151325,4.388975423088001,4.1530860046872675,3.6201068818249906,3.5988073638177567,3.8462217559509195,3.608607022457735,1.8188327222569718,3.307970229175429,4.679939771657592,3.4333152817115273,4.103347337429897,3.731825799075525
10.54828976335582,9.463777579213186,8.641695442854788,8.77859758894806,10.755771963834578,11.3159431442083,8.170886864915792,6.158847683528532,7.334001885209163,3.540021733090854,12.905708346415286,3.236442341140394,13.050302631857862,8.483053693728804,9.712083427604934,2.40285111422954,2.8258473881562822,2.520357234624903,4.748105581995655,4.323883009502276,4.407316739000559,2.7563304512121687,5.992164053694731,2.926028497099276,3.5852811787626644,2.892000560639694,3.5249138717825756,3.4899999222120908,3.007245539552848,3.8453424982514726,5.347657422847889,3.612034289307256,2.8191967171258256,3.159926113847328
11.115125663968378,12.734442364187363,10.259922127787553,10.349494174540727,10.507779562052159,8.88035799202454,8.369336696567695,2.5176199235666026,2.741153541762535,6.928213135207144,10.15147020841565,8.679924028278093,9.273217754624381,5.801338729025673,9.351012580586964,4.629478801088732,3.895114711374075,6.6362166078264915,4.518788843384684,3.8981801825249613,6.69802234798558,4.672105682885353,2.960341719711367,6.373217249964531,2.6073512202356826,2.7667175048994386,3.4048288784398415,4.2864200074208965,4.763861741707282,5.079650600380673,3.8050998769029016,3.088031875077199,3.07271597176415,2.434739429139091
11.024528084701315,11.854288475642681,9.842800946335322,9.963734796550058,10.090924601381879,9.155487263444495,4.683418965895575,2.9681255370880297,4.757417886037337,10.647057961565743,6.743279278211162,7.236230773447771,2.611839274426657,10.565066055363893,4.311218776498701,9.712172808114726,3.871634963483985,4.16652721714225,3.752908901893726,4.03296228825829,4.655477097957531,5.867930053770288,5.463437846125867,2.4019856440666,2.9723801600086883,2.769656502146832,3.104274271267725,3.3470697507798084,2.7757935137227667,5.913068957971372,3.4147973972869528,4.278969008898426,2.2234216043806243,2.1467248376238297
11.898589054979382,11.760949300804649,8.53457562827487,11.408815752070778,9.97898698180185,9.347042651555213,11.2197553572604,3.285223317401453,9.695818321880106,8.722670161841187,11.33473859378937,9.414196658203199,3.2667616180228345,1.6987966202029707,8.107910618587148,5.816951780716906,3.4642057785464924,3.8467231979855185,4.674000904058695,4.764527969287091,2.948511572180706,6.552708458013739,5.423209743015953,4.059421306941396,1.9203704850229972,3.820793187110842,3.0934928622710904,5.565002806829472,2.6315641402533885,4.568555900833662,3.5612128044007267,2.27887325313579,1.9361518006828704,1.724303465636406
11.51233168670165,11.402543572875974,10.686791585656461,12.94233282870736,8.447512059507211,6.416980194018854,3.498845519670533,5.936144150582409,3.0031691648301218,6.501306419655811,2.1952629717708443,7.872401934755481,7.289426751765183,6.120801235743455,4.910186655273467,5.848483502897812,1.7691661111336798,2.688245058980175,3.802883717174578,3.1964351663428223,4.348043396960438,2.963496699418003,3.438590048497734,4.0908557350186046,3.0822148573348853,2.5307450480277627,2.7272149000371146,3.892348572450526,3.939012414727966,3.4403883659620687,2.804904360011848,1.6379690082036475,2.5709760482020663,0.9248781118785707
10.51178920277723,10.923030495217429,10.900162977683033,10.209455707055477,9.31442478938747,7.493905141070126,6.056812956850198,0.7033528485580234,2.6187705240469286,3.948785832989035,4.471960364822205,7.277667152864586,2.370197377773856,4.197913413350102,2.0268196941649625,3.84646422032196,4.553577795293035,1.7367788324786508,2.7297819012734443,3.517341791454389,7.149537504078124,3.203883926409179,1.6068905068679533,3.177436867009137,2.451356267696191,2.968053323490667,6.011905832286868,2.8177122943124653,3.6115345669248193,3.802218096602108,1.530733855165139,2.299266489824337,0.2559518988582216,1.246599206288481
10.023584212335484,10.306200054242474,10.51192196842312,8.717799476460065,7.653263837556497,5.73297548107329,7.801190738191268,8.081166771549771,2.975208632014219,8.195294191791286,10.140452277657896,7.805850798912836,6.301753769858412,1.8664918957697831,0.384706788264024,-0.5745512994772674,3.548304893219381,2.207276695378008,2.5918217742265424,1.9294815558799439,4.641551272942153,3.275215912875254,3.4092325828802865,1.9375336525158136,3.069900572076216,2.887912902536939,5.408638076833659,4.373937671550711,3.6492191882930882,1.9750676637419766,1.7715066150642096,1.8614016197867695,0.4092604181149658,1.3462413448608594
10.05606741223807,9.944762437171029,9.826769910460799,9.228450231993545,7.453489614150876,2.979566263618551,5.500523838989983,4.729215720803238,9.351843939675462,7.617342463790375,3.3892728514364743,4.469121344109088,3.8383290681097613,4.204445700741437,3.916946203353617,4.292100621376397,2.531302085056442,3.57155635860455,3.4671924746486664,2.377178970749329,4.694989446854218,2.6141624322009838,4.388067938108672,5.5843987323199,1.7018773111766912,1.7613292781283394,1.9962734074977388,1.5665866727954976,0.9563278074699219,2.016238913283444,2.193377903962267,1.3791644395724965,0.9704526363881213,0.16902866805102248
10.568198821743223,10.363931538398889,10.698840768795016,8.065032573301293,9.41298689869766,1.5029452283260147,4.525390141164583,7.700547834507394,4.161386479067276,6.430617029761974,6.1455867251330645,4.4255144361349865,4.811410955339239,4.014973335394,2.0825694307764344,1.8462980881395694,2.878169225743576,3.042256549647123,1.778325882405435,2.709031477066593,2.590395254711408,4.6113151974752284,2.8846320047879024,2.5306234125247977,2.4803840731760953,2.347482876830574,2.97400007466702,0.8725524760410336,1.2244949942033079,1.193109774726892,0.11214561616451718,1.3723980791826504,0.014251887144607662,-0.7884975695608039
10.04339389549122,10.056050194794725,9.420310764354507,9.318883450253965,-0.3601706822595783,2.7710787963284282,2.7760414982571304,7.859947782384871,8.188281828691506,6.26696216295577,7.253572194724306,7.162311756923808,1.3193984626807485,7.051674912399194,1.2198271205913331,3.948554068894918,1.9276255523087906,2.309173339622554,2.5018742368061773,3.062587893883047,2.146190939759583,1.4822808748881755,3.579964982647274,2.4562636356076886,2.114627077515039,2.6365855071645234,0.40005762315119964,-0.4396294912677136,-0.45653147211321055,1.7230037804902678,-0.4088357276255583,-0.751524328875231,-1.6352979115088413,-0.31575157845148505
10.085607749384451,9.619219276638955,9.039569134830323,9.128687607223602,5.1843625063844225,3.8222682939126047,2.951854529621574,4.198887033503198,5.6660444342461505,4.656205189393392,3.7074698725588964,4.647858762725704,4.535160855867875,1.741110002421191,1.3899508532648346,2.32246037730254,3.72497605606978,3.1674998306009807,1.8634615145063644,2.3811515991061816,2.0674665906333023,1.4148257841408174,2.6849265493393264,2.17211196057863,2.059634497201375,1.4136745853214616,-0.20133038699161523,-0.9607079273021055,0.08086526755890433,-0.5117092956828417,-1.46443115519396,-2.8217593401196055,-2.415364292701199,1.2154802477814461
10.562406152337648,9.662818182641141,9.116943947863016,7.907878316311637,5.3305862421088195,5.2359224628038525,2.4628157250226956,3.0935681808634112,4.593058278608808,2.3081867429951557,2.668646737372368,3.1012724175110065,0.8141241549916839,2.4174815597075963,-0.7311618812711628,3.2223794766511276,3.7841678301513744,1.4702423699764031,2.405769223065142,1.810735255549232,1.769704080018686,1.7372931981164415,1.2780279375434052,0.7964067682166311,1.952111454559912,-0.11172142763187738,1.1164807862774433,-1.5981300090936972,-0.823293035072647,-2.524835591012075,-4.782773582781296,-2.952094690820989,0.1673414592902241,1.52415719394107
10.139320131390626,9.88192552763416,7.833170602730369,5.74359393048069,5.82558255264417,3.886175066750444,1.5745434785444186,3.3451451278131996,5.40821857907164,3.6999601057392333,1.540597843234165,3.590624104696968,4.80893460545396,2.624892906345065,3.1466956354683284,3.7416255107892145,3.1391656736985705,3.359957767186691,1.864795446771729,3.5804487136217293,0.3415816879580648,0.8948392062070881,0.985701721380791,0.8222663235972378,1.2060592942615225,-0.3407797294668764,0.7868731157493172,-1.6710727283193119,-2.1858504429145715,-3.593963676021092,-4.582143909495866,-1.1962002706708192,1.0596862293505225,2.0819927065396016
10.309007665904298,8.821992780398334,8.46343772822307,7.773226316434341,5.818765476704056,4.331628398786746,3.1734826423334095,2.701162559848238,3.7721053653201033,1.6363319282370603,1.9645838497717956,-0.5524466047174891,0.3671014135380249,1.611954769026371,2.5014226471569674,2.954029745240071,2.9458848099250954,2.6523304072241904,1.306613792020292,1.6164751756960263,1.12026025431782,0.8132770155742294,1.6832428405582258,-0.0059585814346833355,-0.2290496491216327,-2.269585318330303,0.3182621595794857,-2.4990039821374346,-3.581275394058403,-5.2029305415423375,-2.7689383213468064,-0.7300855692578004,-0.15823400912989607,2.289857923193502
10.557002775586376,9.153529407087635,7.946777342280567,7.1305131750707105,4.5482275932009735,2.2713667473824177,1.453490536103791,3.204500044016639,3.024594532596383,1.8584600074168756,2.2262092932229587,0.24418270317358248,1.675945204275071,1.8900835528498545,0.9532904123928817,2.2507297982839023,2.062203570655931,1.2617090524472034,1.9178346802449138,2.4923019990692743,0.5499927362835269,1.1461777473522028,1.9527478600937704,0.8353392320559105,-0.0965147028414436,-1.0384041283844712,-2.3568929825135894,-3.439580510737111,-4.340996967886465,-4.802485157922435,-1.9799203136189532,-1.3480204509068405,1.1800320192070246,2.7480284148358614
