script/wind350m.json
{"header": {"parameterCategory": 2, "parameterNumber": 2, "lo1": 3.000054539987559, "la1": 64.9999836372058, "dx": 0.5, "dy": 0.25, "nx": 34, "ny": 52, "refTime": "2026-01-08T20:00:00.000Z"}, "data":
[rows 0 to 23 of 52, columns 0 to 33 of 34]
-5.165991697592434,-4.17003379971721,-4.256531413002863,-4.403258939165341,-5.497543774697484,-5.123485451781878,-6.170337677479465,-5.492193563720793,-4.65298269154704,-4.81128066790432,-4.860554133507007,-5.325410011836785,-6.448413278448184,-7.91735428961861,-10.249745692552523,-13.028795105776458,-14.774073318647462,-13.680210678896412,-15.023994025709975,-15.631429051135292,-16.0009215731053,-13.363126844089509,-16.55911554440569,-20.496611144857575,-13.718350548591872,-11.200177971233066,-11.750999017372973,-18.748319826098804,-14.986677843849252,-15.40895086637273,-17.32581061575674,-16.855715228487334,-18.708482429856815,-16.95800069559137
-4.521419648939779,-4.279667833430926,-4.02437694472475,-3.7627334763822198,-2.233011228263937,-2.5353869367397452,-4.031582771861005,-2.087485057594033,-2.9695147812007434,-3.3121199357229405,-3.58352338551859,-4.308477571012548,-4.1938661934823624,-5.468056400209576,-7.814471964138474,-12.375770565778557,-13.311122067128979,-15.20975746089095,-16.19340290603486,-16.48367498603926,-19.992204821897033,-17.684853504732253,-8.507648215748109,-16.878376429556113,-10.116087803733723,-14.712806959966686,-11.588307640263784,-12.786000481174613,-17.789578458872057,-16.925193525358313,-12.713934650140212,-14.599350858398838,-14.993876377709624,-16.842329908979433
-1.773400818099888,-1.8634643182297363,-4.1745933048459065,-3.2239875694721944,-2.1204719359041357,-1.3840108983436907,-0.24759864951112268,-0.06365070072578484,-0.15153255899802326,-1.6354548448673278,-1.5905949829601416,-3.234566293409066,-3.8796279692839866,-4.542224468060989,-7.6320106265514145,-12.341698695784045,-9.897197497420734,-14.250977683910124,-13.217122052928387,-16.322624471678164,-15.782221197632152,-18.32518729484386,-16.527578460658024,-18.050028700513348,-13.915828956758933,-9.231461540073827,-18.58601071287066,-12.958012275727707,-13.533523107187,-18.36779693811415,-17.518022633945368,-16.689921683284904,-15.447992806068337,-16.403821424063647
2.7188597465509288,1.9319933938318283,2.6481250140079453,-1.1364718097046687,-1.2179988961737704,-0.2283443766432866,0.24976707388314512,0.24707668378919567,0.9447403297752157,0.3678339703483224,-0.6521270644098366,-1.4981322895692861,-4.374513581627605,-5.127013798889766,-7.519997615881228,-11.169286795200112,-9.544548059002402,-7.582950897176895,-8.08637365044502,-9.450903999081028,-11.72599598628948,-14.969921726018685,-13.276521005147194,-11.749190581313872,-12.475346695831199,-13.792401088869491,-11.755245887312295,-15.293814820323984,-16.074020524855875,-16.23123326907199,-13.820939799051848,-16.470566383343165,-15.639678540365775,-15.811751950440383
3.8557609605132046,4.663346195895837,3.4849740357609233,4.453356978148344,1.9945735391317438,1.0536157590262332,0.6431089195090384,0.37235597861933317,0.26736737503294294,0.039072079713664006,0.17420939625712076,-0.2856774136035896,-1.2456765795137794,-3.648144505938406,-6.859745085397226,-6.495784868986972,-5.982871773939537,-5.300731158229864,-6.509021195680561,-6.473054434537877,-6.503119459725157,-6.678753754135925,-9.957646359744745,-10.010585918144464,-10.420666841690329,-15.948381830530245,-14.884532887663964,-19.243551488515163,-13.00214916881501,-15.373431735537817,-17.814092580570424,-18.46670638961764,-15.70611642804085,-13.773312790980519
3.0823652954582768,3.9145489015705808,4.540115743145315,4.5466163000517215,4.412325294963103,3.420133133048069,3.395143570845097,0.8991732954356163,1.0955277010196727,1.9388953167631182,1.6422278842936484,-0.03628511097899814,0.1471954784856996,-1.3515057885668842,-1.807806472030815,-3.546592108399126,-1.3968234696061923,-4.119507652146618,-3.745118461807294,-6.0391915610138245,-4.951035043407406,-4.865027061300684,-3.8297284096268966,-7.88176459803894,-6.041237995871258,-5.630229025052233,-9.998012602559726,-16.26348441319735,-15.743308394474537,-16.286191134652704,-17.18958732457645,-15.9215458474918,-13.016051412455093,-10.190591446635962
2.8995541253550416,3.116520085173909,4.841501694192459,5.440571676712523,5.615449296568773,5.230925059508063,4.847733364450734,4.025616241572505,2.67320452571616,2.549276382389686,3.8422755884615105,5.62551180035006,2.46831534626178,2.3568677830288287,-0.6560375892157451,-0.364603632849112,-1.8265586244160115,-2.9180343801792987,-2.8463384523324784,-2.8140230834150852,-2.492565029761516,-3.3813449707729615,-1.848590349286657,-4.054260339266756,-5.1469228575188195,-2.9248852115207655,-2.4152565588557113,-7.782387888058955,-8.454245216423722,-9.448869188738747,-14.64364365156776,-12.780536407635877,-12.017767556215723,-9.757707538328955
3.075165335625513,3.732744176598832,4.242657442402155,5.194516321784701,5.7533268406404465,5.916478952597834,5.975549648182717,5.353167925595193,4.371248554831166,4.0009793772374715,5.064453574947775,5.233429308181342,7.248149527269472,7.441640522032626,2.0648867912126656,2.7119388745664845,-0.8011400344842997,3.2334964684211807,1.379313320489021,-0.15235815831848765,-0.3660996391886858,-0.06505633536217027,-0.8812235078394688,0.22624287711569413,-2.942007403858314,-3.3841096202838425,-0.4909525946752704,-1.559859569961343,-3.4161399974864985,-8.071377665319744,-9.559307763649738,-11.750416789541983,-11.212783547974174,-10.661919851192136
3.8818309208622654,4.832431274916695,4.809060076735886,5.155479882709923,5.714227034065673,6.588420550056273,6.025182337613921,5.356907464051928,8.14233664298751,6.973537976282017,5.909574487745528,3.074816029344525,8.104153264258546,7.633107710569361,6.12284178248546,1.6250934161274235,1.14390562129214,6.51039148150759,-0.7779228338663529,-1.8903978929800942,1.9766209564988073,1.7889892568751469,2.4418080204439896,0.18935029098670816,-3.5107455732553032,-2.644311864404572,-1.3822218387521417,-1.567286663508941,-1.7460972319134191,-6.721594199240899,-8.295933350586047,-11.330855099796684,-10.462253705127909,-11.023094211172209
2.4476826545159396,4.533446239941453,5.263846882580217,6.520152706725353,7.888719519785643,8.08658024320558,4.971352315210488,8.505193854702915,7.250161187066537,6.043375756590575,2.161152036955949,4.1730039825712755,7.961868598889907,8.879012569807301,4.3101707925428485,6.160117093764293,5.596058377052905,2.1053237954360733,0.651201529960132,0.33670595897101896,3.3564437102052738,4.143129441121382,1.5129826915791715,0.8192419021474232,-2.7460063250661535,-0.9349652580031562,-2.0654366855497956,-2.4120718532956,-1.462332603027556,-3.605470394558004,-2.4763204940056616,-10.166591520805765,-10.140857843907662,-10.778545102909868
1.5651709997332033,3.2956894580942477,5.012549616157143,6.4129304503591955,7.914449522481852,8.1750414504958,7.888451466938167,1.2024889827414338,6.994293610010632,7.159648987645687,10.482082597059058,3.5176050318242353,11.47985963707222,11.397808564168022,9.372904304338205,3.20383230317694,4.390074124654617,4.447435083825996,2.573073230147549,3.174567233023955,4.613274320965972,1.8191923978670208,3.108190448133762,0.7095505532510477,-0.9999620627403768,-2.590924726872974,-1.0518938579347845,-2.042444745280486,-1.7767758167497587,-0.6228294931308821,-1.7372801820357848,-8.353791491558637,-9.374022026723024,-9.53540821697615
0.7611417810749108,1.9180614176487716,2.770991397384283,3.3787793441032203,2.9296182320564195,2.1493692109288163,1.6917782991332406,0.11277288415497579,1.033463643209541,4.933486457175712,7.78424867900373,6.9771933064002765,5.527417277758939,8.127187403954956,9.182515249198179,6.927266118225099,3.468116395057932,5.219715359958002,6.048779923613888,3.6528604072164783,4.806135281725569,3.62877732771288,0.9236869433180896,2.6760265048016563,-2.619587766935643,-2.9946273833022135,-2.162401366602712,-0.8645624401045787,-1.4748199978928183,1.171890570080624,-1.144939390929493,-5.968873459622871,-8.37398239370145,-9.12562409734305
-1.3639842521587833,-0.978757375203796,-0.885377142616326,-0.6596527344457125,0.9120907235975462,0.549400673665328,-0.1985173140646591,0.3648912127255129,2.1488584585445603,1.8374171315253252,4.300000113924764,6.6007631609761654,6.022366511594016,7.6584646378448475,0.8589471691675271,4.4473530998816795,3.234558052975214,3.021946491424425,3.2494581943796588,2.2350748358992454,2.2009640797142795,3.5300552348602046,6.322085010110589,2.6277340370399895,-1.366907404285737,-3.234060797518208,-2.302268073475091,-2.1185976122671155,-1.0891300418526069,0.9868531218848574,-0.9523665345839962,-5.114179036386284,-7.399239706529706,-8.987763996311921
-3.2603985658522716,-3.282568656298551,-3.211839221983527,-5.473339682279658,-4.860399866812606,0.13335673353792574,-1.285953998560875,-0.4693057024927224,-1.0448084757126945,3.843667997880597,5.173992591513539,7.247209321218487,0.39291693460993754,-2.2248074833312916,3.268933301430629,4.373145354250544,3.6362063334936985,4.910900843939239,4.885385259694331,4.481286641032942,0.7932307447022334,3.8474463131713863,5.556000480716568,1.0123683449892857,-1.0864571144774053,-0.29635570966880354,-1.3777324287259736,-1.0179725290059174,-1.294129769271879,0.917111174265195,-1.1675256978853916,-5.1058750708226714,-7.761973296952889,-8.547872216168486
-4.181581746277452,-4.3255270726189075,-4.269362025878564,-5.648562648273091,-7.665613332805956,-6.370090209431105,-2.958939432514073,-0.7395566798300782,-0.1077173761667509,-0.1784838729713423,0.6553607755470994,3.6510547674075644,2.3084097690734766,1.7557792889377406,1.7715833050238938,4.513009774251378,3.2070518883068106,3.499862658055346,2.245251281905157,2.3780037505154925,3.26320568949628,3.618521556781605,3.219264992801229,2.1812290511622714,-0.5725122938770215,-2.0020385218458,-0.9900114194575262,-1.7645854881699023,-0.4950163837634824,0.005537026100808029,-0.5845489166399312,-4.102444634628194,-7.720026916786915,-8.682878095832496
-6.009084048834692,-4.987477462304566,-5.646480581438212,-5.452050256447402,-6.496957087875716,-9.344856603647392,-3.9717238645108583,0.6588191782324109,-1.6873085193658668,-1.703151011021684,0.0806663832672514,3.0334643851513916,2.5831484007259493,4.296338845675094,0.5701361307096595,3.467257839532473,5.33205687115047,0.5719743390145224,1.2967328952807133,2.5806259413120367,5.452618672448729,5.114138708352092,0.10351687350261121,-0.40734617297915365,-1.493179502231398,-0.33473730277879954,0.5944821017511438,-0.12440177549260752,-0.4259354238524318,-0.12526592039154974,0.25268176883924026,-1.5460906628170696,-8.578192929763572,-8.582272213386961
-7.066375263254197,-6.664251627556477,-6.891206234602775,-5.545773844902447,-4.4083454109550315,-1.968543179049257,-4.144005093817897,-2.6221545181169725,-1.7701576676227404,0.9426898323456432,0.9393873970934484,3.380415699703989,0.4322050704784512,-0.43951044834359293,0.06864964121633947,-1.3096174807035654,1.4606496630978925,0.4796780020016668,1.6778825718583454,2.2391325923549994,3.9587449219956974,3.350042826349204,-0.5093249671663194,-2.3034853579451724,-1.582918251294293,-0.6726414928667684,0.29590331245908025,0.7341980880082547,-0.8757117404776348,-1.027025233057901,-0.5983332650345867,-1.0682886850683315,-9.208044106595723,-8.422301690885938
-7.427312924683089,-7.30090901871986,-6.970915439651508,-6.965070231589231,-6.188952482713491,-5.489342583982129,-5.0063538869935575,-2.5766759822458027,-0.6307327577599109,-0.7215551224848731,-0.7874740433287526,1.9004437510420453,2.4845084285036885,1.3019315058517211,1.463046263546789,-0.3099075090481711,-1.223750970799628,2.167928030373761,1.361155463064989,3.2701963308161885,3.1408860502488127,-1.0801659302150752,0.1360268888578402,-0.3711888838437189,-2.4873619881242464,-1.2814529962367265,-0.5228421297787416,0.8095040325166639,-1.563523885263773,-1.34117550508659,-2.307732863894648,-1.1284045070147262,-7.9594176182672784,-7.0303310102631364
-7.467253885431457,-6.766095005317384,-6.657255731946961,-6.022103317616596,-3.0757364322785112,-3.415213799915624,-1.385710569872203,-4.545274724339286,-6.98632323649173,-0.24957313203537504,1.3366143579800684,0.9656585884007687,1.387308446580089,1.8038597416709152,-0.5171175042139737,0.7734812223612262,1.175423654887079,0.7677990234363902,1.339086916564488,1.0561108465212683,-0.5820271978680879,1.0587065320020157,0.7032889888894573,-1.4484144982002192,-1.348966808462552,-0.08818909561337458,0.5748662816086836,0.3840809185343271,-2.002793716286092,-2.2107076865281314,-2.3464894313461087,-2.1927482556935405,-2.2264608081092696,-6.354688535223686
-7.9504551995951145,-6.9746982132911075,-6.5196562903547255,-5.935834415448718,-4.6576253526940015,-5.610525983782007,-1.3728816667804693,-0.09096783140202952,2.9085366406102113,0.5508773390903711,1.7902990063403157,1.1994012117157247,-0.8183593374010847,3.642777289649736,1.1343487428777885,2.1126675957239685,-0.5243571684539629,-0.4554011177190972,-0.5826371168037147,0.6896829057141888,-0.9162987965803178,-0.5729974056080261,0.30484292533639773,-0.3518586093196114,-0.9698533257927087,0.32328728892601094,1.0317155087716647,1.404537631241512,-2.067273479946356,-2.503233149119469,-3.1883529462252542,-2.8049722235246843,-2.279720001067412,-5.416187360585722
-7.932755344853427,-7.213307592005337,-6.959968319304212,-6.204650232913579,-4.716265393039017,-3.9331940041913724,-1.4035295434022599,-0.9988625873566718,0.9527674781535472,0.9420158384618701,2.0036478664429938,1.5518874041085902,1.0426577059685407,0.11498001869644614,0.49844419484839336,-0.03401858517509122,-1.4046009669635349,-0.8090752192062683,-1.5834198324415951,-0.5919775915160629,-1.2706529447095338,-0.8567644625526701,-0.4769708733603555,-1.209795022521513,1.1857917628901078,1.5113931789400843,2.312195823605606,0.6113347704734701,-2.820773937065507,-2.8552877863837653,-3.8939600023287366,-3.3485583257723674,-1.5692446973544858,-5.1986976176035204
-8.030062182168313,-7.915237023659081,-6.958326218329914,-6.372513308871072,-4.511315659747931,-6.432945150946607,-7.522140831759187,-1.561920203534362,-0.10778973024181486,-3.8618090709566437,0.141691700223559,0.8857929903689961,-1.7384500939382568,-0.8509450852233607,-1.5344907499271692,-2.688277871705249,-1.9083572156346196,-2.058524135992662,0.3223026510602185,-2.881438834690968,-0.3726729767150913,-1.657527258542407,-0.196275229188294,-1.9384049533019245,0.7909365157874921,1.4585567328972957,2.377279306297563,0.8098728945891608,-2.3428523844860036,-3.453849766503761,-4.283155293362494,-2.2157081823925795,-2.454775230392446,-4.224960744845189
-8.754496753051955,-7.793936767883485,-8.14647801763588,-8.277447827731125,-7.965839442212533,-7.604881927207917,-7.376316544730297,-4.996943935233992,-2.688377667077526,-0.9690531145569603,-1.9876416366243592,-0.7868876560744013,0.8184270192526739,1.8110406136251445,0.3473089012168583,-3.0242442197187955,-2.538296111589117,-1.1644326978077986,-1.8449278130027693,-1.09092346723632,-1.0863912268636424,-1.2493200542182317,-1.1089802000833633,0.30557037025549727,-0.3035348510975865,1.2806917192136238,2.2755374273373032,1.2986167935672566,-3.177892421959568,-4.334549813162,-3.397303733546413,-2.607226368185481,-2.9032647015667217,-3.2517734039913595
-9.413211769766997,-9.491466821330377,-9.78069584984341,-10.126231320336462,-10.00691658797666,-7.490437766160278,-5.678923955151714,-7.194185486206949,-3.4626859122535496,-3.1491987005760116,-1.8844464701285109,-1.3185853554264724,-1.3855938106687302,-1.7805972441398588,-2.8251307122300053,-4.103255867364562,-3.055208804520764,-1.526630039481235,-1.953909239101686,-1.1273602112994314,-0.5034433302800331,-0.38246377578498825,-1.0209000356507483,-0.44864287200536296,0.20755262967076568,1.6107863284005994,2.6847095823911844,2.293988094395903,-4.094311541950351,-4.534206797962587,-3.6192601390491346,-3.576561189046277,-3.8194760158951273,-5.054835715885476
