script/wind10m.json
{"header": {"parameterCategory": 2, "parameterNumber": 3, "lo1": 3.000054539987559, "la1": 64.9999836372058, "dx": 0.5, "dy": 0.25, "nx": 34, "ny": 52, "refTime": "2025-08-11T01:00:00.000Z"}, "data":
[rows 0 to 23 of 52, columns 0 to 33 of 34]
7.888366806681651,7.667250826376893,7.400424304578435,7.198483272777811,7.7593874546973955,8.382339210505814,8.27296822238587,7.419109341108423,6.234752352505063,6.373400306487942,5.91928347051577,5.913370776604767,5.5106908891351125,5.448070453197191,5.248484246823247,5.472971479750368,4.1635214435582535,2.9908066195596494,1.5714306895432495,3.648470508252865,0.7783047122387543,1.224444383648971,-0.43229991892781555,0.387190671653187,-1.0224422863730258,0.029681386219260742,0.28490931012832527,0.7411674334057249,1.2415916503941198,0.2947448495695986,0.06242698912409926,-0.3420858599142562,-0.1280080092382139,-0.023692422926924323
7.235873130774075,7.269186964745663,7.565217164083933,7.398185643148318,7.565197503527018,8.664602613794303,8.033431456284251,7.454328763758042,6.9324612893112825,6.48099599030593,6.330329362907451,6.316272352343207,5.812205866130006,4.659133859436979,5.33634160412108,4.242901577565896,3.456441805491915,4.040517679183041,3.002626866245274,4.343363263660129,1.7368358695842807,1.2748587961604447,0.34997491921345614,-1.436273523592196,-0.7763146322260805,0.6444098369291492,1.9168583248113873,0.5060665832095517,0.4256388108693437,0.5150439878111703,0.16761004956319936,-0.29437721267491807,-0.4057931010799259,-0.4134340931675874
7.591570018652542,7.224035387914569,6.603142239024928,6.714596490373698,7.202541028328689,7.895194714239458,7.825820037587424,7.065391850467539,6.692410977641061,6.115326326807029,6.130588732518645,5.595060092028935,5.197499863427934,5.062082800686069,5.622713563249695,6.4109862438815926,2.531014769457354,2.36632112946901,1.4587569812961934,1.6217676334243452,2.953008119738936,0.9227247561949082,-0.3671679793469938,-0.9270501559132283,-0.15567757479635666,1.0801455977779626,0.01620751235343469,1.3350817324168966,0.6704346932312406,0.318524786775362,0.05494698945110275,0.002449069240743441,-0.5841037043531686,-0.5771623065898672
7.783706065640431,8.110063273102202,7.198369485068987,6.913978250350622,7.300916569949463,7.497303384814549,7.286394705943797,6.678177825181401,6.82946251387941,6.425673845305839,5.665831150447879,5.303322812530166,5.952183288803105,5.3110865922980075,6.080742336705116,2.9330433899398756,0.7101334397578951,2.2590357489244095,2.9061909325551483,1.743990387189735,2.904614609108501,1.481324247808452,-0.23843744242243492,0.14957326825787587,0.703527298561712,0.5193382048051399,0.8731337505640226,1.0169734747751653,-0.09213500173803804,0.2344232964611332,-0.22930873463270887,-0.24618932948805186,-0.6451667346966499,-0.9809258954624284
8.936666139572333,8.561801376004457,7.989539467691055,7.272807847328626,7.727933719494041,6.9098171058317535,7.297378349182915,6.87739772648661,6.329164183068292,5.856293992041291,5.308192899594686,4.647158869504808,6.520587810531447,5.570089093711967,3.588060999658593,2.612088946428186,0.9219198670105764,3.233707492830695,2.4857082404738056,0.397367559874269,1.5014475836102035,-2.0422051639088417,-0.7383554974253671,-0.003081363790353097,0.35290919041778224,1.846122832430083,0.8202657038855541,0.5360095353495413,0.5412417329735346,-0.1281099621578928,-0.8753645008123987,-1.2834549738095764,-1.0637722673727557,-1.4312801007576628
9.26928040736697,8.02482064211641,7.198584286346793,7.827097458323406,7.9147049557305245,7.953518412257343,8.102826934942211,7.237085101273017,6.0660581816986685,4.824082581882815,4.766397392939378,5.447080886071112,6.734203500193589,7.49891996311966,2.9488389194792566,1.672226928827735,2.666513796374476,2.3593867914587476,2.3577150094449277,0.9540674616887612,0.6240244404391092,-0.14228467132888611,-0.023612353419292968,0.34308899253015984,1.0877256128595965,0.9341021159210394,0.8383555760630611,0.006609708473558392,-0.03983120143643846,-0.9162361297268388,-0.764411022182175,-1.1835992533421469,-0.865458516064888,-1.6229687098753671
8.60192204578292,7.788849991865154,7.087218171862189,7.198571892660818,8.091443294874333,7.905678353895839,7.599482133616208,6.686486103150311,5.416106110639377,6.4153347422227025,5.334141288162422,4.578246438107158,5.115744345908857,1.8966687260192723,1.2084380234332481,3.445204484110533,-0.22122168034439244,2.1731546181739474,0.3732614062088328,-0.15960813639094396,0.6533976659935105,-0.0999545179043868,-0.868389970651955,1.1413533864483825,-0.27794121065347777,0.6432212112795394,0.2898165875345525,-0.807396561801087,0.39583380546782476,-0.6595821165587082,-0.9587416641292255,-0.6087404259281551,-1.4373369989542004,-4.506296723932137
8.324015752379882,7.9513929745977965,7.619552412918408,7.647352186782717,7.5284779826949935,7.507453963224631,7.292440016272423,6.455368864569199,6.727389425567374,7.340084394272378,6.557002791610423,1.6728333926955847,1.6832494900790027,0.9269046623080592,1.5847607785919307,1.6885061063933786,0.3781455143494916,1.1300430298274715,-0.0986865546207173,0.8581098947451052,-0.6708588570136993,0.38099669332659536,0.6984003949973521,-0.18693530391709884,0.3381868093642713,0.18009787578574024,-0.6357351364277113,-0.5811742410322001,0.225470376431169,-0.7841164497252054,-0.888796029008692,-1.0323416312311242,-1.6353832519750515,-6.43368597021919
8.675919102863833,7.922046730536425,7.316147062983524,7.82762561762273,8.317973100414092,8.18420496837494,7.8605600511995,7.032914985959242,9.181155410877947,2.7950331355649256,2.926540435047421,-0.9229807052618346,2.6513790124554255,2.075533458167849,2.3734009874551005,-0.3941229493482857,1.0742897934530422,0.9230072755675006,-0.03200269889757674,-1.3756025817161601,-0.16381156260614252,-1.2371526263295582,0.20617388788577817,0.889405756155964,0.18491998603583684,-0.4544224195458265,0.6356061177101272,-0.06039253936672467,-0.49175553411127015,-0.5987150526833434,-1.61681990868475,-2.5090839368265616,-6.792255680502387,-7.242838284948096
9.809623632794203,8.711875617568678,10.16428602225159,9.485197766975878,9.650552203033333,9.327352665911839,8.735920016445178,6.0480772751580325,2.3891681963325055,0.6186262137234101,-0.5951115112853534,-0.07070006314756659,2.636797343105814,2.176550402928523,1.2562947334750059,2.474130451727034,0.41111938176845325,-1.2803037815194362,-0.3747688652339025,-1.7866788418359794,1.2798407086009786,1.2958353149088773,-0.8778157609085253,1.5000842086648818,0.1484312945166768,-0.9340498572714763,-0.2907865131987321,-1.6768551634415485,-1.8030127172998085,-1.3453519498793862,-1.9574679982741054,-5.3948394235219,-6.372895675567389,-8.385031706718035
10.070897458436725,9.42508730857383,9.595327560889723,10.031918781393824,10.100744905207646,9.85831281829004,6.09428058402943,1.354983864274213,3.8642171136573067,3.266058552116936,6.447413154162011,3.206561321207907,-0.10633047190271616,2.4848926887724603,0.6914618379748431,-1.1318704183483168,-0.06870929355771148,0.8557549645550375,-1.3455561659467312,-0.4076458503766588,0.8404694608744244,-0.6478222496902939,-0.6769792349392381,-0.40655027266744814,-1.4897598015330695,-0.22977655620450227,0.5468506273245324,-1.4744245938320777,-0.7878405872519184,-1.5550422462475808,-2.4799932665231514,-4.129071604689082,-7.831465856519013,-7.767450851315803
10.03753641023826,9.716897463838263,9.780866527329161,9.88647036827438,9.728236108453045,4.7324801656264475,4.885034155339687,1.9194706405657729,2.89337589106425,6.701571291236118,-0.6942551255207257,2.337030894195702,3.619033758720428,0.3249649659573701,0.44128282620679526,0.8205370475733403,0.9858909784226979,-1.085063587019163,0.7891644715425583,2.067244406491005,2.5769269100276984,-1.0533850570754197,-0.09384950876960249,0.9295610529080303,-0.06957486435558367,-1.0987183184700728,-0.6007255065014774,-1.62118437797514,-0.9473466903697031,-1.0423481674086035,-5.442992589142441,-6.126336704793839,-6.995637936238361,-8.579493932340768
10.591345405556291,10.379173049806138,10.08755938027175,9.741872730423394,5.816289716540175,2.9745668724197696,2.6278729545996415,-0.47497164617647725,3.722951889145367,5.038597989292846,1.8730808098048295,4.2281631064792675,3.0244314653282647,3.030383027178628,0.20923953309692275,2.517701116434887,-2.183457070103479,-1.0288190661309722,-1.6289227597601315,-0.7613130182925949,-0.02046222129631198,1.5107644184296352,-0.44932977754010944,0.5700866590982113,-0.21495122590002488,-0.1932782818343246,0.12923279506948143,-1.5397482371402873,-0.09680691879353623,-3.470646561143457,-6.784365188308396,-7.655209958262403,-8.217706100074588,-7.919066491045067
10.132864793002943,10.205140845639084,10.735240097149623,9.58488650447578,5.0379048278448,7.627469443385488,5.563397241392095,1.4026379629423154,4.489221978761219,6.981907667076928,7.4901539633940075,4.208901829237213,-1.900894980533142,0.1343332169681462,0.11501508541603986,0.4777021545172258,-0.6598575616474508,1.4139869721236618,-1.9788546907029347,1.0222484858418597,-0.4927763710030875,0.9069888818370916,0.1585652509712893,0.2133564618844119,0.40134999036433966,-0.3830012126951214,0.29774282116460826,0.8948582605216567,-0.19072564660931635,-3.5578504975404535,-7.1056924435581,-8.503311537517865,-8.678396198198753,-8.137777944586208
9.674960905948096,10.244157817481506,9.721404915913457,8.212787909753205,6.035050222681275,0.4490474494264591,-0.6357620743730252,5.503276338843338,-1.1607623922379984,2.6057248130552697,1.1649537224200088,-0.8516918183300054,-0.7303964700176354,1.09763072812864,0.11202616579939843,-0.011437083379465173,0.18173819210311523,-0.3328720805901277,0.40584800148724964,-0.501156123390833,0.18026380978417483,-0.02443119374869899,-0.47065895242105743,0.37525996908510467,-1.0947156619611564,-1.5538712657385667,-1.1103319619176715,0.3406083369544255,-1.4460173691752132,-4.8711387086808315,-7.777966356885548,-8.136272326553138,-8.901794947254736,-8.504208734352748
9.713379301369038,9.52210217283919,8.713566227797328,7.5517804296417665,2.5922870920084096,-0.7077028045051771,0.9217717375988579,0.7750666574195965,-0.3889457032130629,0.5129977914137045,-0.6300475071810753,-0.4549960189775131,-1.4652457271615122,0.7306008502449475,-0.6651177603892943,-0.9615699459892675,-1.2431575272919868,-0.6052986105491408,-0.1451826435210376,-0.6959735406904914,2.1336274094018,-0.12888741581017413,0.1388126870629076,-0.5852427966645091,-0.5793248077511027,-0.41943413100488697,-0.8081190004698834,0.006626911252792819,-0.6077386287335241,-5.569929663913541,-8.835912102843418,-8.306939447073015,-9.329480118020033,-8.960142659857558
9.694856233846032,9.584153947661573,8.392784761937321,7.704023091342602,2.364601155598549,4.270379759477826,5.611621479722823,3.9535515913613364,2.5573430068783125,2.977439375044203,-0.06252312974170583,-0.7374082894701399,1.2289862777077993,-0.5649600959728884,-0.40241446311796836,0.11690794253624949,-0.009326101365313162,-0.2060029798878593,-0.8099372191329876,0.019051222285922258,0.7057113386735303,-0.28044729296210497,-0.9237517035056251,-0.18916248766185437,0.4994718679855809,0.008559384612722433,-1.246255444968765,-1.2029326755267968,-1.225771874677545,-6.308933851634526,-8.710849218235683,-8.739064722753456,-9.512449107092422,-9.230534371114786
9.739568069375403,8.984150371280984,7.759558107675206,7.442787201708698,3.0609142108836673,2.5282647411721837,3.872278245869487,2.652173629757757,3.821215622079077,0.5977875048260867,-1.5619752548939796,-1.5914607563213974,1.2951876402566886,0.9533317974075621,0.4618531672449883,0.21086724245161825,-0.1037528503677218,1.1333536647513553,-0.44941520045553457,-0.44120298468614383,-0.49337472856415837,0.16422236373875032,0.43668812673582685,0.7112310841354673,0.14620485219434462,-1.7938780870282856,-0.019685066356772703,-1.306054921123744,-1.4738623742788737,-5.754989878369328,-9.129211062005544,-9.150598782856079,-8.669639962170555,-8.997138096577453
8.798620148347947,8.243971038906478,8.15711692360553,7.435714933403324,5.478233538850018,1.9121212930091185,3.479185497468251,0.14020366732557993,0.0676018751948419,0.6361058619615098,0.7225823584419332,-0.02196769054915339,0.42461773726220997,0.9565384071140288,-0.6377744269540523,-0.09980373175149508,-1.4672212182959352,-1.4566462440606136,0.4508525735382786,0.0003081374989232551,-0.6349118348936749,-0.7643663280725175,0.20583312998050496,-0.11054187288974905,0.18705018486689856,-1.778512805131755,-1.5748744345676786,0.3036769276508453,-0.550045041521092,-1.1936092745164393,-3.8560410329109276,-7.873399796152739,-8.394324816259202,-9.307240491105828
9.115385710398666,8.637464013151703,7.856095803905701,7.659979030209438,3.712270272595079,2.139598927994238,0.9049856233609636,1.9773347393478344,2.5221461140999946,0.2681657727147001,1.1773360237771564,-1.600815872448219,-1.8945723776364807,-1.5289471723644623,-0.7148411221773531,-1.3282070204382184,-1.5278403153944242,-0.2591763184488238,0.9636558853960157,0.5160299583631213,0.04516192600731015,-0.8434099362595495,-0.11951122096472981,0.7751416120207029,0.0850095282359867,-0.947905598763363,0.274635989685976,-0.7936562020619294,0.3037283093973855,-1.477718051816223,-1.5920511151256553,-1.8236962234719583,-7.413989817303755,-4.505584907199402
9.299543344428834,8.611373317886564,7.788738470785911,8.046752524184045,7.322640485406214,1.5452849483002873,2.2091177101262036,2.1734293123558506,2.965250889894639,0.4587666202791831,0.9907807800532236,-0.5557664801567217,-0.3426009278805196,0.1604817082994196,0.7931175251760689,-0.9782511211961902,0.23804210855141147,0.4865132416435672,-1.005573994480638,-0.02124178475919025,-0.3818439530747077,0.8238062271009975,-1.3312272155786642,-0.6104123931603573,0.8366252690600489,0.6862182756822268,0.34783781881056314,-0.47627167703810025,0.5799614411678272,-1.1624352274782257,-0.3243817105230793,-0.7892875077607661,-5.3580080462603155,-6.812316905319852
8.06445152745547,8.151328628742863,7.4200523192450865,7.22584540397284,7.320525752016396,5.238744841004626,-0.36844959958890944,1.2112918644906356,0.3279084811021596,-0.18548394653074007,-2.0538089069295067,-2.4364766622065837,-1.140634781002213,0.3435102610692085,0.6842420246117862,-0.4164113148141411,-1.143845986018838,0.1042474514406651,-0.6257735484110063,-1.0135702766052863,-1.3361061258621296,-0.12775046913358873,-0.728126860260499,0.18985121208066968,-0.4622800516522523,0.029557821426544374,-0.5745756977769276,-0.8796720872236764,-0.452535197386995,-1.926971845166485,-1.3395777213658056,-1.50791862853001,-1.1264484661979006,-5.611168378212877
8.166766998507537,7.860340713782534,7.352665582108473,7.031447402128704,6.657861950589656,2.1011552053140465,1.6515684112804663,1.7476982415137778,0.374645958463683,-2.167573260935912,-1.0702597924618005,-2.4653227124503654,-1.3522145944205712,0.22100077870703136,-1.7781425033105152,-1.2838840918516878,-1.0794009168576462,-0.4671860005341684,0.7483146240637092,-0.9879292653950292,-0.6513943170230884,0.8669041139070013,-0.31661526834989295,-0.17206772101105094,-0.04585965591111513,0.5356758700407586,-0.08178153173484062,-0.6134441070704503,-0.7370347124698577,-1.3705976822662718,-1.7401009109298755,-2.4630872679589872,-5.052839481094773,-4.800268803106249
8.362742247560236,7.90964692871519,7.557505570025584,6.772207673939427,6.185398746065759,3.2076479047925575,1.5443942893544118,0.7897056501690022,-0.025913276452809744,-1.3410057444126307,0.3272010449587263,-0.7551571316804847,-0.40039309052142547,-0.5589687627753748,-0.9174192416270811,-0.8025810490340137,0.015595844915512738,0.26301907579455414,-0.02736779900712624,-0.11844305312421895,0.2779324962584345,-1.1485067635026815,-0.5263951206104628,1.5540374366292722,2.1536650425135724,0.991894747410303,-0.462795987235098,-0.17386995322601614,-0.15834840741115264,-0.1344217953529292,-0.9434889357578844,-1.0094207633471612,-2.9612040537817883,-4.235039775495309
