script/wind10m.json
{"header": {"parameterCategory": 2, "parameterNumber": 3, "lo1": 6.000198445256149, "la1": 58.999992894266676, "dx": 0.5, "dy": 0.25, "nx": 22, "ny": 24, "refTime": "2024-04-03T06:00:00.000Z"}, "data":
[rows 0 to 23 of 24, columns 0 to 21 of 22]
0.36747775482664913,5.404163044742859,0.26712452187922225,-1.426079329097835,-1.9174298784330541,-2.730547642164481,-2.9680381214446347,-3.405278325392327,-5.489086649448901,-8.975141611257213,-5.829316282140927,-2.810197347564665,-2.9979565239962613,-3.5481937087475575,-6.479629480488406,-8.944952050359753,-4.395985351009111,-3.192486973224775,-4.130581816125065,-5.148464864280153,-5.626003913469532,-6.609180812663432
1.18693579285048,-0.8181638354433259,-1.4688018000114125,-1.7441207238784853,-2.123611679684276,-2.0563327534314157,-3.0367474554830136,-7.959846533944048,-8.855828573235206,-8.480221149840872,-6.892896431129663,-2.779422756767263,-3.337371547834143,-4.988916490017505,-8.11789207757617,-8.979258996713941,-3.493071944856506,-5.088111387261741,-4.410230234976989,-5.0536070319346145,-5.61413005204328,-6.277494760977285
0.9080327226319718,0.275388385950984,-0.6798230011303792,-1.4844406976938211,-2.5387176945594736,-2.374562314256766,-6.987327777900438,-8.23230555656592,-7.791891661485569,-7.917589811807117,-7.064022086900696,-2.461698955364547,-2.6682828955929234,-6.763819150820358,-4.890873508420648,-4.225314972009331,-3.225091612508896,-5.191877908542487,-5.521651547582593,-5.142119116498972,-6.280359432398263,-7.237746162562272
2.243633609637012,-0.20758017382447705,-0.1745093143478507,-1.3728202724476213,-2.0154714906964917,-5.679572968143036,-7.652746200509608,-6.943459357698459,-6.966614791442708,-6.89407928826568,-6.536000324063656,-2.6202670331514204,-3.1401418371919716,-3.217817061469009,-3.005729610582222,-3.6103699996688134,-2.9938806492253334,-9.661773698087444,-3.8965213739577713,-4.905958774676092,-5.412666445790765,-5.7555177843994665
2.1668730680167236,0.8130677789489573,-0.49111369776865027,-2.196490455607423,-5.992418450362053,-6.459172359384537,-6.351091917019883,-6.006462042822226,-6.16355839255967,-6.374117487750745,-6.843131725602855,-4.9213160784395855,-2.946094553555334,-4.100750391534597,-3.5265196072591913,-3.6694682190146555,-3.507477710675648,-5.087257739376139,-4.479264077258287,-3.9635376385039622,-4.67428382496137,-5.696924814934564
0.36991287248077187,-0.7869387650915012,-2.1734814397190823,-3.302552298921178,-4.509849644652548,-5.013663663329412,-5.534189371408263,-5.237086743126092,-5.686270946625759,-5.475082199962654,-7.000883823598118,-6.015373233430543,-3.4502751218677874,-3.548423275693345,-4.394370518418614,-3.9008232908491527,-3.857519114906838,-3.963188953870121,-4.605914430207325,-4.500834505666914,-4.734794703022995,-5.368494786121412
-0.12508965730396804,-1.1877649914988326,-2.4538072123079577,-3.6317588183738385,-3.524767957678306,-4.091313735860535,-4.775918553682824,-5.3676671897446315,-2.227419484838052,-6.00758648387126,-6.733423483509369,-6.593367238908598,-2.989955918791142,-2.673761616813471,-2.802857918110552,-3.043513177421632,-4.280894691907352,-4.03545038621701,-4.439700038275349,-4.221548824261694,-4.52589620842933,-4.892467522423949
-1.2892328974678167,-1.6459454051319475,-2.7560282094649016,-2.7489551604838534,-3.010678350918302,-2.836528610794391,-3.2423146773466756,-2.7195377586333565,-1.855828884447632,-4.883482090190829,-3.652725197410324,-7.353342513878956,-6.112653175916569,-2.7265315424907746,-2.840957793851155,-3.030708014201973,-3.571387649538168,-3.2974682429545203,-4.158347616971582,-3.9631725233534913,-4.206507164386171,-6.600569280979184
-1.65212954077884,-1.2254200205951638,-2.229940182251992,-2.234314248609456,-0.3696475990968545,-0.012858506445547884,-1.443639736669318,-2.463677839602717,-1.8529567636830513,-6.048012630903861,-7.810328629426249,-7.870564704826313,-7.2596741225317585,-2.6024984050515556,-2.504149102177315,-2.712909099719067,-4.018686406663752,-3.2830382794776507,-3.908631925415979,-3.7735762965204493,-4.2057570002600455,-5.203738879799693
-0.44005094002890316,-1.768042032227583,-2.06255789105747,-1.0538230637824944,0.6275676600777804,-0.07466204935041033,-1.0857515279361294,-1.6644132623784313,-2.9638889186589568,-6.121285177346073,-7.441226538406039,-7.53695670810676,-7.132695769245677,-5.633251198406094,-2.2767691969321597,-2.989727292657007,-3.388002393242887,-3.4163538006487677,-3.19566980191917,-3.179064687499359,-3.628620425788971,-6.157883770399069
-0.5299448638411923,-1.1487847317673705,-1.1533871191149778,-1.2593857261475832,1.2433766895377636,-0.9185661816524564,-0.28273161741570857,-1.6128423617767846,-2.1748108971558944,-5.285668720858899,-6.82316174456902,-6.781904234688517,-6.581904472607986,-5.874404567999235,-2.1084227174865204,-2.1184907042258905,-2.7544651080645965,-3.17995047998811,-3.21087034118445,-2.7795927368855384,-2.9004523683244607,-5.166046115815001
1.276380557343916,0.5776751129525511,0.38423617659346987,1.038384276245721,0.030093567017649873,-0.43016818507419585,-0.9947154092607126,-1.0525041127071677,-1.4311507051582273,-2.0130357102791936,-6.211100486877684,-6.444047387091111,-6.223107907674574,-4.66675145130522,-2.334262803817542,-2.3868812040523015,-2.345104240541481,-2.6527109324954976,-2.757299260158306,-2.5690010728789665,-3.510835030276762,-6.847053045532686
1.763124103449865,1.7028976658487036,1.582817889291279,2.033032906444942,0.3824704402972181,-0.9601162329367965,-0.9654632842520016,-0.4782509314953443,-1.68690169058936,-4.552138257170465,-5.39825633235045,-5.010178836802792,-3.453287967316449,-2.8128332101985745,-2.4351744489302356,-1.8894919719913759,-2.492392650237586,-3.5880874349507788,-5.936775718864866,-5.225508549589344,-5.596964680677913,-8.615903349135898
1.360177400423082,0.5401491862817509,0.7339326725416615,1.8936057380689846,0.22395407163956962,-0.7731552070241131,-0.6822750534141555,-1.8606260349054677,-1.6764306810661929,-3.6467326735173726,-4.442196884387464,-2.113856472293397,-2.0645354455021714,-2.4896371666488113,-3.04163868945208,-2.6131310920901925,-2.2724243768694365,-5.737810057515632,-6.455602405505197,-6.264388997902732,-6.239250468856226,-8.076384054905951
1.009158316531236,0.4362224205276138,0.010947753816771768,0.006203067752250031,0.2985130628986853,-0.3255280695458962,-1.6977603373245054,-2.007627301964482,-2.322334236547085,-4.047503811720182,-4.067735600150453,-1.2304007981953542,-1.7374507832996937,-4.289802626273471,-3.0662947494940176,-2.7045224562008516,-2.4222946322840544,-6.6607300989340965,-6.5709735454184806,-6.668358001020417,-6.650904754197161,-7.34309397940868
1.2444923242856438,-0.037951965698305695,-0.5122177155797824,-0.034022952052260504,0.14935322130316628,-1.5376232431939398,-0.5931438564670086,-1.96161100290534,-1.6811637338651289,-2.374287689586151,-4.003133132434621,-0.6081548412153824,-1.6714662416397446,-4.769765814414154,-4.418729356008815,-3.8735480706801333,-5.302785617029602,-6.129455440281028,-6.367243736682843,-7.086314743933073,-6.53948879807172,-7.1777681346977475
2.897013231918074,1.8583973205852258,-0.01201195896818103,-0.9192404760604339,0.05567319855189946,-1.1512016629109445,-1.1533120820244007,-1.223423248377656,-3.1982034662882404,-3.2166727244016298,-4.567759179377243,-4.171546869805175,-1.6487719042442213,-2.919849928379765,-4.364237551740995,-4.373901481690723,-5.085701419661726,-5.876386127590972,-3.1199967191087286,-6.064729994429641,-5.854579242620816,-6.838904700443776
2.9663400613037822,2.339388623707436,2.0662787572673977,0.8487487529447187,0.08940034085854792,-0.5912563404551686,-0.4997213700532151,-1.0822219677473783,-1.7883881936974049,-3.576673357150646,-3.6645237342091335,-1.5454412123278167,-2.279623632252276,-4.761238010620431,-5.080331359700542,-4.374834444070227,-4.959617865473875,-5.4480106080972135,-5.742977123053625,-6.126220107081879,-5.696462270355192,-6.066959651382575
2.80205755055536,2.536475308609635,2.40594759079911,0.8784923852399998,0.8349257481891978,0.19469224374980737,-0.39409120060338615,-1.241623649928916,-1.6945307034549124,-3.80071505532267,-4.045649747188655,-4.553309523737335,-4.515110823900601,-5.21799195472743,-5.222900319669963,-3.3714173553196454,-6.0555544364317155,-5.688950825461587,-6.196816396780679,-6.566179733262485,-5.956710985834279,-3.925611182691144
3.027005909724119,2.310662096821459,2.1564798132643994,1.5435248655517855,1.255260377602236,-0.628869549108927,-0.774388142181564,0.19218298905678152,-0.5836358066693477,-0.7492257095627265,0.046097493715440536,-4.493914754584406,-5.313636958238451,-2.471306541035648,-1.746867976176253,-3.141487616133363,-5.702325059900974,-5.9695212697576325,-5.435630304393591,-6.6667622739453964,-6.6909527820378285,-2.6457372337217144
4.053175695614326,3.347216794720848,2.236275023534083,1.080463929546735,0.9670031583905863,0.49571422713437063,-0.2858147683229463,-1.0365340390527267,-0.875620125307649,-0.3191172190746235,-2.351895611620631,-2.980845539003052,0.6492970081993269,-0.34315943704487073,-1.1978101884526244,-2.155198924944485,-3.9952145021452647,-5.974327962620709,-2.5348630255348166,-4.647800674384505,-0.6236583802491366,-0.9957023883449758
2.9767769588076396,2.7511071590911684,2.268954536377055,0.9330688674687556,0.4437074460685365,-0.7038708968349892,-0.3979305823456904,-1.1857212456997452,-1.1148221945972452,-1.6178226888942722,-1.4602228693382002,-1.9590249373853625,-1.5251486989856782,-0.7023875794700611,-0.6578619617180324,-1.533284446512201,-0.9971617908353579,-4.706572032128436,-1.8699158956569608,-2.1836777666211087,-1.7920700258428799,-1.7420758789041002
4.1160999888738425,2.2967798711824443,1.031365100092252,0.2401122408449672,-0.07737238881473919,-0.04621458029682681,-0.8224439152114789,-1.1382282534789638,-1.115508178260866,-1.199840827857728,-2.5098380114434833,-2.2086868804007325,-2.5893729984918377,-2.773768310432798,-2.889436846489747,-2.003199363696751,-2.9402319554411003,-2.323536062142476,-2.7314964448410093,-2.581910245442936,-2.2964478537267974,-1.9873360716219826
2.0507397648249692,2.233788933461656,1.7724860085042202,1.8622606173620082,1.1191922972054138,1.0657199078222193,0.5473469153986538,-0.5776875055981542,-0.8800582958033222,-1.2024367685424868,-1.195192409745812,-1.6865116627076626,-2.1439202333689917,-2.1816134593583394,-2.1276316379825557,-2.8798542177528983,-3.0512534438695456,-2.3331578313164103,-2.4519662291459294,-2.73231636187731,-1.9542850617005447,-3.0166465339432444
