script/wind10m.json
{"header": {"parameterCategory": 2, "parameterNumber": 3, "lo1": 6.000027932988019, "la1": 58.9999434238085, "dx": 0.5, "dy": 0.25, "nx": 22, "ny": 24, "refTime": "2024-06-27T11:00:00.000Z"}, "data":
[rows 0 to 23 of 24, columns 0 to 21 of 22]
4.59010499584632,12.598733196196008,5.937204451831947,2.240532254858536,2.1479856441223926,2.088478460496123,0.6304616784334729,0.28233583792163097,-0.7107476766290923,-3.4713997508020618,-0.3324820351519782,1.7549079179937583,2.0596541660698042,1.3899064286434124,1.3391332514670953,-2.1200804773156774,1.6923407490454125,1.7910500487711716,1.7380355544697894,1.79875717974172,1.562530729814677,2.31788789498575
6.015079949611781,4.749919843941855,3.896082498832172,2.135436566030836,1.51109047755054,1.118971422620554,0.45431758806514794,-1.610576925281093,-1.9575580023916257,-3.130060720493364,-3.204830329431384,1.4445188520945118,1.7245922297000245,-0.5770247525466544,-1.7156311559381066,4.321743216494537,2.0327469687818542,2.076097283590266,1.614228022441528,1.8019531751937412,1.517715804030337,1.9582276667145981
3.0733623025884005,2.518777463225262,2.2883525917868788,1.346604455465822,0.7275063694487643,0.20017324848157242,-3.078277269704393,-2.1024134466601208,-2.2194590414623465,-2.8092410370001515,-3.3147610576615785,1.663469572685631,0.7038996422642165,2.1643310983722537,1.998774495845814,0.9093170592573853,1.0333527431567617,-0.7082461545491672,1.84337480074447,2.1562629392781734,2.547849109145588,2.854182974403189
6.6866507735555,2.8496798745901413,1.8450797211182064,1.769367118049957,0.7114959135033099,-4.428111070642845,-3.5216816135818725,-1.7609031150057317,-1.4036014404797377,-1.3613046508953353,-1.343492955378949,1.169579536220644,0.7195281909416676,0.5716479251889413,2.281719983103821,1.5844878491193652,0.5339848565744093,-3.2989957556514895,1.8567748894270406,2.069999020622601,2.167518828811723,2.4708497365215267
4.077611089294238,2.711444086888305,1.2068479184432113,-0.1951385642520811,-3.6144622654954994,-2.792580673647342,-1.648792724451444,-0.7743856668649041,-0.628380004630183,-1.2901445830123979,-2.4467379694596696,0.8009642018015207,0.8726177207835466,1.1823757662351038,1.1939180896499126,1.4729917901928054,0.6372762357043666,1.7504939460577253,1.3286493276922848,1.6274324408223781,1.3557607010224886,1.9859692114724397
2.581673259983447,0.8462004109273563,-0.9070239332628448,-2.75455191196611,-1.392542110417527,-0.9914687924412867,-1.5743724917864133,-1.9204801279618986,-1.8580342551485678,-1.0455103164114752,-2.2169794272154943,-0.2654207464663838,2.001828430679467,1.7196763822782848,1.3955403124582517,1.5071164545190627,1.9064769912210913,1.647599922624405,1.7458869260688754,1.6950120810291138,1.7094034575981119,1.0111303624787567
3.7828127828369538,1.7627453109148168,1.024248006681176,0.12272335420670279,-1.23578054047765,-2.2072738067237663,-1.98916857636446,-2.380540064118,2.355819625085677,-1.2080159757308009,-0.03329152004636928,-1.050591589982629,1.6439908746555474,1.3113908926864664,1.3189378754335426,1.6184448931877857,1.7149617294448576,1.7877248095618312,1.9423054465376903,1.7304495629679382,0.8920582367423983,0.7565397834391538
4.06535083423395,2.9923085614878278,1.5727180346456655,0.010105620842368209,-0.3137814560761352,-1.6081551434243877,-2.5110276632506725,2.62926817929322,1.7560054692722387,2.282710986843005,2.3187392152087427,2.6804351417274597,3.215803653073446,1.2849475362095781,1.5391155736807103,1.6923222720256075,1.233434408400308,1.3034999702387116,1.5935592608238986,1.1925267274068099,0.4650622624086703,-2.4251614919775855
4.244399045464811,3.563262763016001,2.3419847486124024,0.8267836076157626,1.267535069279391,1.2733138597055935,0.9472155298906264,1.3601120231666335,1.1975595971143251,1.8626724558645238,2.2848280196293125,3.3654161325465193,3.421981042581564,1.865223326739525,1.6738004014807373,2.041609622781636,2.504866766159942,2.3434195971553837,1.4817593818615915,0.7374860454546073,0.5229749030919146,-0.5833086977872993
4.83610771724239,3.6016656774382283,2.679644126029527,2.553638630302964,2.588413496190903,2.7298794770499972,2.167305880838283,1.569325555344809,0.7548326772136247,1.5788879347663136,2.577462115190419,3.6055536453548243,2.278029828741022,4.265044883597334,2.122619047017693,1.7825653290469132,2.178726217718715,2.1036120515382297,1.2669381057077438,0.6356161306612902,0.19867888347784682,0.7565146901558578
4.944781482315275,4.252377268581516,3.0789773588394653,2.8273023092919836,3.4520769248698984,1.6947475993803491,1.8228968184452197,2.1110197576288323,2.4329428762123735,1.543802691453517,1.2681003558724881,1.0701913284854403,0.554919243342852,-0.33450696242523065,2.7658663490810556,1.9068673612700349,2.1224554956817903,1.5266758315010338,1.1011293267787692,0.6229017926092243,0.6928566671953429,2.023174943402292
4.564782390617058,4.257436602260643,3.5500135703505866,3.0155184431510857,3.5490827649302563,2.205546924030479,2.279982583218357,1.8370528320367825,1.9945400861236342,1.8566717872612517,-0.24909122969731193,-0.5960993919159209,-1.0373213614813064,3.6467582838429093,2.097117099931117,1.8370622695647718,1.8884077229111607,1.6134324633285846,1.0300676573357657,1.0151590130565917,1.0431262512139166,-0.4172273235497871
4.878304184553595,5.035766721783094,4.855679216609839,1.9785117348520802,2.6673497617099744,2.275607725164466,2.4626237865263434,2.0902941844939087,1.6965711128433871,-1.0189483908744097,-2.210437222665729,-2.031210366085946,1.9827210434437754,2.529011322067911,2.676513771962007,1.6816988555090657,1.3047242530181986,2.450160058709635,0.75796614248506,-0.17264259407451188,1.6440668735622255,3.0994019527875265
4.798855796326118,4.5817405242682625,4.259811207345913,3.373355742857318,1.2958408771494592,3.058718320622832,2.8483856654952664,1.7987082167256023,-0.6851237574789205,-0.22764830706209976,-3.9961789962973016,2.3018044376773643,2.961346652094166,1.0858375979126946,2.6142964396053423,3.118027857958916,0.08017217532681088,-0.1173878220693709,2.503935650550867,3.398255087796134,2.7222305866250487,2.8348372172925345
4.714561108371327,4.071552295494211,2.006875048267501,2.1660558030484505,1.8807201792904247,1.9782262525011987,2.9430191874737774,3.4550306768890913,2.9403352504062257,3.0097530909772354,2.9136493911731938,2.308748899903087,0.3301145944131344,4.456326576547018,2.5407091169561995,2.7508699671972523,2.023279368859917,0.3705727578080907,3.0491790395129503,3.0635744622913004,2.461822303307464,1.1508922471763938
5.339545434583167,4.5233890334564775,4.344907292372969,3.0180308817479133,2.680225692880256,2.520123157548174,2.834752072691764,2.8229423277637404,4.120541994911222,2.256926885522245,3.836295818442314,1.9704412035197314,2.186402810847852,1.7766731052172795,1.1239878268686683,1.165348743333651,-0.8693017502545721,-0.1692169760398503,3.2130632646666557,1.3895488141742385,1.163103879181139,0.9808527744479028
5.336870905210124,5.600242199584551,5.324073696346986,4.7396768363429596,2.731552295028569,4.753676286954138,2.9371156593459182,3.86974879198949,2.2355598014164175,4.007923470711154,-0.8100378167344927,-0.1416409004522745,1.0677500188736835,0.9290958268402196,0.3909012373007096,0.6224982509783293,1.6861750694344864,1.6877861933421483,1.9289508064343392,-1.4917871117468091,1.1689110849025923,1.0481637875437892
5.786550184079745,4.911299506150223,5.207106032807889,5.594756722318398,5.000299382355443,3.920982075653036,1.9041685855566766,0.19782355376503036,1.8754824645066537,2.2818528035072188,3.4463601087854454,2.1262653676185033,-0.4376301388828573,0.3935481704409808,-0.9460506485477167,0.7089173197887989,0.7302047142411178,-0.5866541606392959,-2.0262035508098553,0.6887031038843947,0.21247874127057373,-0.8057475304345834
4.710758639834565,6.1981799821393935,5.664432128320372,5.203214761370261,3.444743965975863,2.517149728157433,2.759875964492314,1.1680788909367494,-1.2543940577351942,0.8944789553085983,2.4975415896764064,0.20345757151523777,-0.37003734873671756,-1.9183944793839423,-0.6857153606459723,1.7006322708096266,0.09718187688646053,-2.3074947979859384,0.3536529813650346,0.5297978775410956,-1.0299837343864766,1.3242686601843572
4.6477825641016235,5.696724357030189,4.14725334938028,4.87877526442875,4.160726860177697,3.3366059486439172,3.120410690190009,0.73828180616285,2.1692778682520935,2.836177068737663,0.5444728234433397,-1.148023405210938,-2.825662913997232,1.0596716453993182,0.661494394316501,-0.20198066915218607,-1.633396876278832,-2.7915527912292015,-0.7457298067469603,-1.3859123121446655,1.8687920316485507,1.0660418900696111
3.8077360011833083,4.641753217913092,4.532150885093581,3.0815595869113936,2.6454611791572935,1.5783800247476052,3.806966523720718,4.147164474070241,2.8588247025838647,0.22564856761675303,-1.6987142964774138,0.9043569531504136,1.0022782531684786,2.351514269152627,1.1998711130155768,1.4990989899738492,-1.0944200725380986,-2.0723740226911738,2.534467664941258,2.6154020541255703,2.1729054646037764,0.6810967974681851
4.013004855307296,2.736081883545091,1.7157924450753312,-1.9463540061651141,1.926942848019054,1.520734301968125,1.4794930263314887,0.4430844902310493,-0.620450245259143,2.142645476671791,0.4721026073289459,0.763572953875366,1.4658460163229061,1.4794696857154106,2.086990357550974,1.4125529763892064,0.0687601318899418,2.738210754670679,2.68741423877869,1.8004149105970602,1.9642273099341223,1.4324079247854653
3.450987618484982,-1.2321783044145107,-0.42407693361714327,2.476641766253581,2.5163971275648147,2.1095690606357858,1.8172097464489547,-0.15692367889249473,1.885309091330264,1.0835316068110648,1.7784862981140233,1.2566633847960176,2.7957575934602135,1.5720972663978463,3.0103668174850413,3.0916547322535437,2.3928353456132685,1.7285743162045368,3.0495591673166595,1.6260263841128346,1.4134637243655461,0.8824025887094438
2.334357107224852,3.2718782481530084,2.905730730336469,5.22162206455812,4.928125161643578,4.542501867855347,3.0162743288484832,2.3300722395565323,1.3304104110274115,0.7507632951025967,0.6556017922464074,1.429186806508656,3.065400817650792,2.2313619211628786,2.3503497260748185,2.4167358697314696,3.258341768568679,2.14297652453161,2.5428757094822556,1.9967922078362457,1.5966184598452153,1.9783012645943192
