script/wind150m.json
{"header": {"parameterCategory": 2, "parameterNumber": 2, "lo1": 6.000198445256149, "la1": 58.999992894266676, "dx": 0.5, "dy": 0.25, "nx": 22, "ny": 24, "refTime": "2024-04-19T21:00:00.000Z"}, "data":
[rows 0 to 23 of 24, columns 0 to 21 of 22]
0.10737862972859503,-3.6425113178088835,2.7102775270735084,-1.8724155660464055,-3.619132021432572,-0.38963014909702826,-3.4114516587946624,-10.968009770002727,-1.3729744385192229,-0.038610584495601646,-4.015086456061956,-4.24126661473552,0.6046603454409407,-3.8028538459112533,-1.1430207755715498,-3.4713239825709055,0.004419488397552441,-1.4753470788480356,-4.388250353442582,0.783577340875914,-7.627173270586918,-8.85690128555941
2.9581979447377464,0.73460388937931,4.248742576910891,-6.570977480280818,0.3658803981705316,0.7212448899714862,-10.998909167349105,-1.0049561921858507,-3.24745762677516,-5.302175180290616,-5.758639385019366,0.01242832342017745,1.062590797783267,2.6432481248052238,-10.773439465068117,2.5354519416097827,-4.573911620247072,1.5702472264036396,-7.025140582183424,-2.8008824888309247,-1.8697622423229108,-4.184931001447331
0.019584664955886844,-4.132503945851347,0.046297772624458555,-4.46982042343645,-3.0542710731394513,0.22476985246979467,1.04024625821276,-4.333787313680026,-2.091106311648261,-6.750512323772324,-4.642349579278599,0.4365078374924124,-3.096532001015161,-4.5703203135659844,0.43973447164470014,-2.0684898440316566,-1.9254945686455027,-4.401605944614492,1.6580843127834823,2.7429206804280066,-6.324369650047481,-2.5350819209365585
-8.881348623954382,0.9627861724945883,-5.703563341219199,1.0493081736974028,-2.357789764492113,-1.812606447599524,-8.059371588395129,-10.020794627858999,-5.811980033678621,-1.393839252526214,-0.4814936464076243,-6.253411394060225,0.30470490404392897,-9.176979400252328,-4.035752921694676,-4.4567590221083755,-4.473194462168984,-4.33151571569523,-1.4527325051423134,-5.13960532149751,-4.096302038262267,-10.620182826183202
-6.313098775235701,-0.7483261938639686,-1.6156265528903744,-1.0025275881402416,1.7662788435355499,-7.786749211916261,-4.977777436831512,-3.0831029572311577,-11.114112732045566,0.5239903167380965,-7.972404526133096,-0.934797376122549,-1.0315586649525779,-0.7039430072791711,1.5084436648281347,0.6754462843953686,-3.634842530292697,1.8124209878522117,-5.84169400774989,-4.172915195014998,1.9508774390104253,-4.683721235909768
-6.511518650367518,-10.178618144435985,-5.250767536098613,-3.914978516750792,1.8604540862555734,0.01560216910866177,-3.9818779087349547,-1.1151572255302644,-2.9506653689198394,-1.4561363446666298,0.8413818911567555,-4.3488690425296515,-0.20539064553989034,-9.810167873206725,-3.3861156741213345,-10.931973274118134,-10.569034774405306,-0.05650153708574528,3.495395419662569,-4.989379805906521,-6.299406707422394,-11.171313115867944
-4.141417675789794,-0.0791188691506837,-3.9048235249517296,-0.4851914008559167,-3.53935905521013,-10.543233289597884,0.7648157781013336,0.980051202495646,0.5790958841299075,3.553002600907368,-2.3457248380827203,-5.203385728775353,-1.7011154127096844,-5.328593871764453,-0.10939293796974799,1.3231204316436818,-1.7145580234596807,1.1859030538989848,0.5058365208191784,-1.7929489982244209,0.8461297404166377,-3.9307034847905116
-11.194936210416527,-7.062561331251135,-7.36614466879039,-2.01514302176288,-4.185620787779002,-3.9331291186991555,-3.8318394259990867,-1.2001178589363188,-1.702176981531264,-5.366673607617626,0.2604732538315852,-1.3344914843592541,-1.78454873635667,-0.6590581476874254,-2.724787687523711,-3.7563390077948946,-2.3814112492216655,-1.7558852759167345,-3.509410657960716,-0.6879751751459925,0.9833066703987372,-1.2355975769908685
-0.6895153655350855,-7.4912152651513395,0.17542114318056035,-8.707401710426167,-11.269379659581979,2.3421485091020253,2.7508027862851145,0.12328053064704789,0.8057713619307794,1.8558485952089552,-5.348245380235158,-2.15669125679057,-6.8907033747981,0.5857792921617545,-0.6923603168015893,-3.1287313330757005,-2.193636723422908,-5.143946133711986,0.16917868302676894,-2.5486903201215436,0.6205579063375917,-9.805482952652904
-3.4930134986090313,-2.52681930878256,3.5634743505674695,-3.798122661288498,-0.5109504788081132,0.7850926602330922,-4.942484342963529,-7.731019121249323,-10.642091709370765,-9.505800565161744,-8.334151940573165,-2.292721507562314,-3.452105583731782,-0.15303799891579367,2.0421506469612583,5.871873144017484,-4.790117066579594,-2.8852946474412033,-10.8096725698936,-1.5658496212753141,-6.059233738878082,0.9154828783185727
2.9430810843760424,-7.436037646687917,-0.3161052122863712,3.96163893991956,-1.9132829123574637,-11.050199174322508,-0.1613850977916117,-10.692544678222704,2.5563694981886353,-6.163804078771485,-3.154291197676993,-1.9307669704695465,-6.273856770741353,2.5476048862389638,2.7078137055114815,-8.253114846581072,-1.2346587880905862,-10.471695110859084,-3.1971330199484798,-0.685005881710724,-3.570437954407037,-5.691848709359249
-1.99183287677562,-7.052793522160944,-0.09555021875516229,-4.757357633637653,0.7460359395548741,-1.5217333322602449,0.6573726287357097,-10.153197553734891,-1.6156089608121216,2.459192665195358,1.056423007646635,-3.009299659715769,-6.256165254914534,1.5272803504760961,-6.568090190924274,-1.2337125899165697,-3.7898634569449188,-8.162208142978628,2.1431734669996403,-0.027139626618680742,2.4959410940928635,0.40407708182568547
-10.575809420593263,0.23273094800330468,2.5040069350917866,0.12211700885656544,-10.651399358026104,0.22329203414513887,3.0520165397681076,-3.4831883893278137,-0.8197685216941496,-3.42773959977453,-8.131766815606438,-4.925411571500244,-0.21321911511366728,1.2128181929315345,-3.3071479900901184,-1.1481055249786687,-3.84816365666724,1.7138478144472054,-4.607890232509597,-3.415394783208965,-0.2492427505868622,-4.633352693742433
-1.665018002323398,0.8643163382163022,2.9256966640524857,-5.557679406578606,-3.065337916969832,-0.6301079106785042,1.7971412438550431,-3.3054932108618638,-5.323518232114526,5.927546587048859,-2.8501756860011622,-8.522664074250772,-0.6130431538411742,-3.694307174344676,-7.185861829307345,-4.142781855542905,4.45471451157291,-2.0925923641428663,0.8137292291124122,-5.049687411957898,2.074797683290828,-9.836530599847162
-9.85146175272597,-1.2580436818548077,2.5730074708265183,-8.839146423549655,1.1148318054166435,2.678639577386366,-5.835641017448815,-1.8904562762251003,-1.56394659645959,-8.91968840316704,0.6927762276953565,4.074481300807899,1.0836361722887817,-2.002262574844403,-4.246202147476163,-5.427312297405926,-3.8474607572955177,-3.402521495680314,1.038347929969498,2.1043450706184097,2.7027623758503125,-7.714890795861207
-4.595428094375263,3.546669661057503,0.3397741193012694,1.5520204901453332,-6.923660767880935,-11.172350206890052,-0.6022838558010878,-2.8381318253835395,-7.018231825034088,-0.5480482400601562,0.8615946576543055,-10.694659167088732,-5.968977067650119,3.162829916262076,-2.141043058899203,-5.128721368635497,-7.345513610357812,-2.522041658362186,-9.674078483142214,-1.4532966459310563,-2.327569765321306,-4.5268986509804
-0.016815392847535176,-9.229629205018886,0.48789858078402515,2.3800744986831526,-4.460285905448129,-0.5951663282161356,-0.35959069820887685,-6.647638433352604,-3.075749349632494,-9.6589947021917,-1.940742261028062,0.8146952933152813,-3.6490302708940985,2.810583907339094,-2.805257318257353,1.0773059712510116,4.829175612038835,-11.197173591874215,-1.0329261844837774,2.594531298843756,-1.9873090547110364,-0.9375870232694214
0.8975703781324613,-11.000991707945182,0.47759866425009817,3.4231909965703613,-5.185748243005251,-10.714368419002403,-6.527227839183961,-4.584254149609925,-3.969405005867197,-4.062178064417578,0.5298107031945273,-6.589022226369216,-0.1837309410545156,-4.446312387048509,-1.8444708224402304,-4.182858778096577,-3.664482666687201,-4.505700966460275,-8.467015448215301,-0.776553799731289,2.3705570773543787,3.13936278316877
1.55125495754445,-0.160279585530702,-1.7044000195705689,-11.121294716579989,-2.280156108987859,-2.679878243764027,1.3841221066775133,-9.536393178004825,0.6821589849616188,-7.582541431268243,-3.5354045779873866,-2.1771427733717745,0.9944663774302532,-1.2679229331553645,-2.7760659586069103,-0.33604343589973784,-0.8618839876561134,-0.7502412384683969,-3.624987967320918,-0.6533028587940582,-1.0469032922716337,0.8560807009837161
-1.7341960417961717,-1.491851761541559,-10.714433872856322,-1.3983629768725252,-0.5606263687375089,-5.712514770691248,-1.6730065981117033,-0.013766134044584547,-10.040825975659304,-10.116241108699619,-10.590549501494406,-0.8402059939630755,1.2174372082029954,-6.989193570247018,0.7365813566136618,-3.0606855536623483,-10.452822605886366,-3.218007142515908,-5.317662282125697,0.4144080079068138,-2.5406750565203677,-4.168230398497194
-5.430569688303349,0.37594034510215096,2.080475850227675,-5.879068525152956,-2.907163375790858,-5.747326636364114,-6.993768498128227,-0.29454684956362526,2.8725678081454173,-3.1274307732442774,-5.224213512060169,2.1686932700149684,-2.577753611090641,-6.988869443292568,-3.460943169071343,4.641490710396298,-0.7561660418575586,-9.55466280799465,-2.329137836924556,-1.5049349373189047,-6.491229462082808,-2.16708750295575
-4.944458484107785,-10.49270197169279,-5.670069324377813,-2.1765193488870977,-9.540665816557349,-5.761726482877512,-1.9711416179887775,-10.581640783121067,-7.5379010868895815,1.5868891956940343,0.23369971025118458,-4.337015060487544,-2.8270902233317514,-10.876478630289723,-1.4287756923815627,1.7880520781229285,0.8153530113528159,0.8097847328602404,-1.0083536673955524,-4.191855419733726,2.189717726564062,-0.7936443875924246
-10.615716326946256,0.4228067729529384,2.489430826563398,-9.730418614616518,-1.721294323414007,-4.23971405838484,0.05384550621344934,-0.6916161547722454,-9.737415232416055,-2.2708835240832874,-3.3675307989025045,-4.610498145359437,-3.3732193447872114,-4.487539654137116,-2.9210976218616875,1.5139248506763652,1.565746882905756,-7.596131622579973,-3.0316669595395735,-2.3681628209416496,0.8967162111236118,-3.772547046887521
1.0378131418551695,-4.712562621913689,-4.928866370848212,-5.729398473164448,-1.304561625865086,-0.9065696290592813,-0.40135586254267397,-2.8252125064460367,-5.796207491100037,-10.806655296182539,-10.094719651093886,-3.468954639069787,-5.52547658990789,1.7572399730011492,-10.8200542807447,-4.526722805550297,-10.500061305767092,-5.63356763280267,0.7012527404471832,0.5442218895942526,1.824348089701169,1.7962257978273102
