script/wind150m.json
{"header": {"parameterCategory": 2, "parameterNumber": 2, "lo1": 3.000054539987559, "la1": 64.9999836372058, "dx": 0.5, "dy": 0.25, "nx": 34, "ny": 52, "refTime": "2025-12-16T21:00:00.000Z"}, "data":
[rows 0 to 24 of 52, columns 0 to 33 of 34]
5.790361775078992,5.959025243105236,6.618201746228666,8.447206238597362,8.9912700534834,9.974702753331727,9.981602806046151,10.590605070839441,10.109642313716074,10.400943988234602,11.144211277332968,10.293288290274155,8.825825235077541,7.243411332796194,8.892526736167492,10.12871191113143,4.603098611529688,2.080500793389006,2.492402333743835,7.605723796207441,3.7096717814785207,-1.0539123051169634,1.1325368787274386,4.647936778836874,7.103985909591945,4.616052240736164,2.104460576304817,5.189478478811883,4.595699335287612,4.199522324905135,3.5224156876349495,4.126084076044825,5.717745900405843,5.373493891767395
7.668072760717333,7.345213291521107,7.189972052156389,6.805198148701624,11.359910046267366,11.086776906640717,10.98859052972081,10.87821231010014,11.948716033401826,10.445319636607842,11.729108052417159,10.711093224768572,7.766975297904847,5.118218808661343,9.073473326258107,8.801428533097159,4.616664457973853,3.644134143448861,7.185109212583104,8.764304234211185,2.5266415645660056,3.0757852829733348,-0.017097671313196613,5.405149952135702,0.1215452774097173,0.9814223114892867,3.944945573864946,0.26079385809784345,1.1411091678909777,5.36443657103647,3.0772935652017406,4.174380065176055,5.002513164288077,5.334252510952855
8.585584278314583,7.351448741396126,9.86427111759811,9.669522040052783,9.64424077611287,10.775242360803064,10.70508676866753,10.907977362026244,10.647547977563752,11.049803382564365,11.850971526422178,11.618120385145504,7.12691283069938,8.427757052496169,8.689694218239294,8.922860983592889,9.570334305895598,1.404703627900556,-0.4532532154341089,0.34838947790533076,2.925479781311143,3.681845026065851,1.1102124498014478,2.0900335362768603,3.16694690494349,-0.8704264818164479,-0.4999023240712927,0.5832409590812675,0.44235867287223735,2.930243106171105,5.878878380874384,3.3092705406273715,4.441979707623488,4.343326624646776
7.011923718184339,9.149093886918756,10.655947468738203,8.640700780461543,8.591253082440929,10.250657179045362,9.676862095711828,10.956725903402974,11.015838103248548,11.37178188676115,12.659739631440786,9.067268671115635,4.475479805743419,4.273797106664386,5.855846375947133,9.508928502870658,1.9819749058348168,3.7343088238873308,2.6950617322021384,1.8508336893770814,3.268655170926781,1.391416974827495,2.378408164370042,3.4955121776080182,-0.22665825557118793,0.20468155610548158,0.7546994422525111,0.8960415912128643,1.561343612680986,2.2524271809780747,3.9745549301257475,4.818605050396426,4.113902332813354,3.930265082906897
9.609687764284407,10.649802471599704,9.863411735158529,10.196761285562376,9.864205754720077,11.3982810041575,10.683555632944415,9.067695403832655,11.130020272881918,12.838993863133743,10.429607229007578,8.569421119607643,3.865145574370781,5.617210385827267,4.853429811019776,8.427463592400809,6.996459961462815,0.2429089912189022,-0.6364886183462878,2.759913195122508,1.429206468259172,3.279921649866831,-0.3350204187274202,1.1716291571873907,1.8251029754124966,-0.35742324092898276,-0.1179652537633589,0.34223565802476436,1.4740921360138126,1.622975701794597,3.4204065932059886,2.2786031553264285,3.5415610046488566,3.2973846142767185
8.778537368450754,8.432194473223618,10.008709976612819,10.001901355929222,8.662445614400692,10.421166900993548,9.61270344807275,8.947032805162934,11.980389745779659,11.54455226106029,10.919210315815459,3.5933896640048504,3.6355893006231925,5.3433900844703235,1.2294304970684753,3.6885403727591672,2.1050495517379404,0.29726412045114914,3.100295889802428,-0.9629052740204097,-1.164062558568273,0.9336811682783019,0.3424783746909884,0.3239782283852864,0.29121979574206985,0.20406161813324014,-0.17486934517355113,-0.1424166121244256,0.4001347052573664,1.146525750464315,1.3240258080423635,0.763312241443388,2.287790938272525,2.475036234796544
8.975957648014159,9.570058695999787,9.749306032612537,10.62730747684929,11.760874228956888,12.11028172621768,10.069773554224685,8.38115684768809,7.572515741488114,7.821629252968972,5.043734378108693,6.332857646332696,2.640044845839283,4.382533710116221,-0.7770889177222586,0.30940837251467057,-0.4789714877069167,1.5345825619816849,2.9757641608017344,3.5491400038872287,-0.6387444757190486,-1.351709823223739,-0.4655401733436133,0.9778116587611219,1.6281430040570735,0.4549124585190908,1.4866000656318223,0.749381914485532,-0.25357817388856235,1.6725438399327426,1.4752032001036504,0.5512837473548845,1.96545137661749,1.8703452615730598
8.982863617209443,9.518557539045101,9.655032431173113,8.270376121782046,12.147812116380967,10.05513787725706,10.784443359524277,10.529184462180407,8.854798169172243,9.92060459888105,6.232650635668425,2.008471971892808,1.066933724558035,6.735731852625175,0.5273851379339912,2.8247777517079427,-1.0715065484325852,2.0014619149002546,3.5220403161000537,0.5896071646569547,-1.4449263074910366,-0.9371052307045266,-1.2804923053068675,-0.534838652675811,0.25838447225410816,1.3004915557888288,1.6999387821549332,1.4739245066080182,1.0598084863981738,1.0750321624458927,1.3829657211910802,1.1029206752193381,1.8516678424054982,3.0713285807443818
9.138450350190192,10.191169523496125,10.476188061074362,8.287998303576025,13.74893928195045,9.986902897865303,10.060777732314138,7.523301637803631,6.599786802920864,3.6910778788889593,1.5169153798687949,-0.2161811332805044,3.5479410998546235,4.6004967772709495,3.8425256342627354,0.5352650861553958,1.6403231388595105,6.230452156999323,2.046677665697021,3.5597573971153142,4.282435610076869,5.9195921790111115,-1.2471567796966396,-2.169611055727519,-0.5117030610626271,1.3022003116564478,0.7869383436570904,0.7207555154436498,0.8073507479368369,1.7481527003200061,1.3906512577901229,-0.7099539337154044,0.25335966588176356,1.0363477467387634
8.485389284076025,12.166345620057033,8.1097764901959,9.575868070122873,10.114635806498068,9.663383353219889,7.406195337533555,5.040234145940232,1.9058540913813231,2.562877955950477,-0.835763095855101,3.000605184867577,4.649004100184705,4.575531201787569,1.6205395099327622,5.433445378091636,6.090107517593505,1.662184128874335,2.792474926697389,2.7351354292515944,5.6030667189775745,4.904917228245088,5.957114285558217,7.024248174132768,2.652923923808162,4.906962016131008,5.118346762882248,5.320044600711271,3.9660202879642297,3.4587617758235205,1.5178252552541827,2.1441403077519237,3.4924361210264188,5.181828201365551
7.9789429130692575,9.526975584275574,9.604320886669496,8.70733783314823,9.277805794221111,8.324542540947709,1.0121712046870746,0.3018411306572996,6.401806577134145,0.7064840940383909,6.996326479648511,-3.0371104769579054,4.645157487259707,9.50560509472052,9.062592993222138,0.9935361943829926,3.9093905617078066,1.1837306648484607,1.2307716028866496,2.6975813536947273,6.719733710772944,0.4985546751460611,8.40006012675331,3.9336544336250197,5.169437767818275,3.2129060163801784,3.082563664985321,6.092671676642396,7.732803656841578,2.970349452170726,4.508659735284776,6.000461283657912,7.777133987993539,9.9723251809855
7.81225364498127,8.197994033822912,8.090746608935921,7.720404088149031,8.135970481127494,3.762026321452936,1.4373202228621351,-4.562236278189771,-1.7928857813505457,3.332841244837355,5.170434749802476,5.864673970329767,6.406750752741322,4.889790471287403,6.287353951187316,4.114697249236599,1.6828928620094392,5.6921856209117,2.454000284755845,2.061107939790682,5.1971474368655315,3.218897176439413,2.9476695618504585,10.374265300962668,5.989518820933293,4.048688452792731,6.568112132230026,6.324865453959865,8.748340746337872,6.629025749759399,8.50461274033384,9.783886090786737,11.584264626982952,12.598801502243731
8.16453005062713,7.63367046712977,6.758312209797609,7.164834390017076,7.13826038800407,1.163482287539561,0.9852721462039281,-0.8337612877075573,4.9550156621264705,6.510474241368624,4.9483925508856625,4.1152309297629905,3.877955897772557,6.379639329763146,0.034956957754621945,5.271945167301077,1.2682572093068716,6.054110456756068,2.1178264343948285,1.3420253236200965,2.731255787409163,4.81855357050214,6.6455106088583795,5.416717621361297,5.107845296837539,4.431167198921645,3.988438819432678,6.765042438219326,7.506744489505832,7.608571186598186,9.025158425900138,11.881055238534742,13.35633793802902,13.365699599767877
7.912199505808952,6.729712581240225,7.023706044255847,6.232830300124346,4.569241152496639,3.6308297606680258,8.10634081266259,-0.774480618749362,4.031461581412513,5.116796967987387,6.35369043236648,5.75700644092477,1.1384589394128544,-0.2550429485810462,1.1422314928574027,4.216412676326313,3.592116252693864,0.9723248009142312,2.3683476477092675,4.3791702936845756,-0.8400269424094184,4.337551850060741,6.288017455892667,7.842086544096574,3.54677885448296,6.106770357989292,7.177657288830894,7.460703645924552,5.059249847982334,10.05952038365448,11.206315496923944,12.392041659124773,13.5853478161776,12.804616052285006
7.420593227448172,6.594189310559324,6.430538114489789,5.563465917963238,1.6177627094901545,-1.636024995775101,0.2783505884483177,5.659191195884657,-0.1779268651610989,3.5098580570903826,-0.524763123462019,7.47176985728019,6.53049097802962,7.154660556486706,4.286379068621547,3.347389091749573,-0.22530228218692447,2.83004913571624,3.1153198073235733,0.49970276667746755,4.302567204612641,1.2880192441772507,2.8559558566515046,5.598841135805247,3.7074290102248133,4.7104715699043425,4.985859933554883,8.445959534485224,9.213285338449024,8.977860970352708,10.32443907499263,12.615126437311405,13.485081440139432,13.11071098857437
6.024288945732086,6.9122038070295355,5.3598870867322255,5.18484176896206,0.9045293573663434,-0.45113499046422945,1.7967348852467273,0.03395309019240672,0.6590106016921571,1.2497465176935771,3.681954384582885,6.733812510081912,1.8011904013392892,5.11239507954212,0.4325930549276191,2.1022905531193734,5.510764102079312,0.8774976850163789,2.67091879919877,1.5533853926664312,5.00584532775255,2.47651914192616,1.2067107931204708,3.9767048302545835,4.02803151360388,3.141783995011943,5.979361687684585,6.014997607965493,6.30238165374522,7.895206494070854,10.175874385299645,11.62431506066953,12.179246681512964,12.1400341910097
5.797773136095784,6.241011351361888,5.665664823291792,4.2898949009397604,-1.2826886405369815,0.6887536642651384,3.277083067985303,3.834837378697345,0.8285506811675682,3.940501097657955,4.674212241152749,5.075871650245468,1.9162439106320268,1.7038474449442615,1.1950387819939534,-1.0364974927535522,2.33158348911641,0.797602494670902,0.530796466179179,0.9489305740263585,2.1079722539020422,2.9583074894514865,1.4938850659633678,1.3968411812298438,4.184478331827709,3.135952567887968,4.953650708468493,5.719012363326801,5.486699251409985,8.439829165064516,9.990732964054954,10.164625196110835,11.027763645096574,10.33646316990589
5.700972136856309,5.44241765782635,4.638969190198641,3.8862883409965177,-1.2403120218617647,0.3144111952358923,2.243872740328353,0.7550250938577314,5.311729572693652,7.17774400206059,1.638760325016617,4.529974835086438,1.7138424014451044,5.393625135860694,3.483765457742534,5.214253479212183,0.09943357136176206,1.269480997874626,0.043519219177606726,0.6401471812901052,0.9841072700970559,2.4227773058682307,2.6161639335711264,3.617068468350186,1.5234792085749307,2.897915872572114,4.557460604342942,4.5256154508532465,5.159276446964341,7.88492548355058,8.687705965670423,8.303591534962365,10.018752330839126,8.86739422363866
5.685110919977527,5.506572633367233,4.43045204248983,4.564825705421358,-1.6180402906595077,0.22965789408630596,2.101383269167776,2.257351400998963,0.516525955479624,3.452809664963191,4.479440203797147,4.237368523782872,5.69080020292131,2.4416243751645954,1.113636091559177,1.6344215162913067,0.3492056509374058,1.139129878191246,-0.6960067024155308,0.7804904101767511,0.5593069735495233,2.569572894386212,3.725928676432855,1.7625652719647857,1.9209955571491775,4.866029118944908,4.217409702987664,4.2188557092096115,4.417361532177155,4.879849286437444,5.678005783188248,6.175944079423421,9.087578306568627,8.223262020124533
5.5928964667315455,5.510997645385826,4.383398802624439,3.998070036883414,0.0271494483143342,-0.5318314110496256,-0.13355005688558474,4.1649862724641045,5.175389268509223,4.667978082561583,5.347933209078365,5.916317692168685,0.9106959784911839,3.0223019463145535,2.001085834609418,0.7550625107220125,1.2629401966011378,1.8864216348276241,0.0887597994786119,0.9638255184035968,0.6624413511806767,1.452814629544049,4.245763850902243,3.4498974088080128,1.5575538021583328,2.6075255250658556,3.5035460955442663,3.3679838490959604,3.690301445381654,5.273724949215181,5.574339532897486,5.444784516166876,6.427316111209204,6.360342130067149
5.899854848973362,5.37916741564971,4.955861608471747,3.5987717306102875,0.8515557842001784,-0.9662944202857129,0.4790665343382128,1.7217115798384628,2.333527035876823,3.855319569369486,4.606431085702809,6.030841720620926,3.198877268815048,2.081813505276668,1.0029750708364111,0.08787014978040657,2.347739022199202,1.3349243839804368,1.710944860931617,0.2421941348100029,0.7490323340962881,1.058024962656626,3.129877127347747,3.1273544923802716,2.673605977317347,3.5046993093674206,4.398049719444427,3.494038410787764,3.33968827298118,5.200638503168886,6.237138771243508,5.099195822540991,5.955069558576231,8.219309223845004
6.120115632005562,5.4313285921621794,4.956072873744422,3.910395243939972,2.2024323508248314,1.5025324877748256,0.1844127764409383,-0.08144903875556721,1.862443145752244,2.594790529591568,2.262474917236755,5.490748542071316,1.2520463355960358,1.2446922547266708,-0.8262450829618371,-0.020149863870034913,1.7115804138814825,3.07444644785074,2.5636002111525076,-1.0357804827018287,1.5351658344537915,-0.7392624465516232,3.1439266088103848,3.201741912642405,2.12479213642481,1.6660297141265639,3.9513492015973,4.7195952392958205,4.289777278792845,5.120956127553481,5.637782357912462,5.98091252023528,4.813249111882718,8.02647278153586
5.993128656576399,5.718516062599323,5.058852776249959,4.338250451036982,3.2583945353995016,0.10635680219532598,-1.324791605720155,-0.21044675906714677,1.9457639050022972,3.596274141769141,1.4453508083909097,2.019323463608766,0.23290674966401395,0.2943731082366852,1.7621945625279716,0.6972721434319246,1.8386410518566652,2.3148082342312417,0.8799773005088737,2.090766303278262,0.4265642641690256,1.1207758156611562,2.137964854386151,3.006357627382685,3.181778987791788,2.6160932219088866,3.196418244290202,5.732894011183804,4.174875824850923,4.845923850264852,5.154081391583916,5.023974989006966,6.746599106869272,8.895063253912594
5.93176330252569,5.546459152601509,4.694787326406023,3.945401279353636,4.088584871652464,1.6092469814357324,0.47599274092348287,-0.20787177291161915,2.0255214514635878,2.5078103743207163,2.1923416552665675,2.154077470916116,0.7981117422062587,-0.3643115256108549,2.461946982599586,1.6860338541512159,1.0280614880975982,0.6117408725325755,-0.10600990846085719,1.5606949303103324,2.7054348108649613,2.6469047342549303,1.5317365510599172,2.4518518173476735,3.8414785845233776,2.8848095591241227,2.569840544323267,4.136535092382876,5.210539298158622,4.8335576130755085,5.13924065971054,4.827689122522541,8.096801941578912,9.75114522258119
6.05882294614774,5.041681461904127,3.9406641788925647,3.8946869366298764,4.986601614530214,1.34236461725862,-3.3412895284216138,0.36518028306108696,2.465218174635381,1.4889192010261498,2.581798590900416,-0.3592404640712767,1.3732901068593295,1.9307437833604417,3.2295866150982833,0.9598207512446374,-2.198439893449247,-0.030714104325403037,0.025081293658059996,1.1070125250655283,1.2015625360665456,1.8919767135509773,0.3660017548197243,1.6205380416047896,2.7295835596585287,2.7200380792532015,4.263329526084772,2.043788487681256,4.692417376657926,6.003614141510384,5.0226950562233155,7.543142813901615,8.606330270794418,9.076275245164808
