script/wind10m.json
{"header": {"parameterCategory": 2, "parameterNumber": 2, "lo1": 6.000027932988019, "la1": 58.9999434238085, "dx": 0.5, "dy": 0.25, "nx": 22, "ny": 24, "refTime": "2024-06-26T03:00:00.000Z"}, "data":
[rows 0 to 23 of 24, columns 0 to 21 of 22]
-0.6207648179022197,1.0577745390322837,3.8356325253422687,2.270301578456732,0.971301755249129,0.3319154514882312,-0.23379527659092764,-0.16964607607099438,1.9836543688687138,3.157103279869994,0.09516649522944777,-0.23538043624388047,0.29265696741770386,0.4856530683790907,1.6058078683088755,2.5216570738289814,0.3789248663909486,1.508203845885523,0.964717547720396,0.9101722980668936,1.1514184814111723,0.6749580660815401
-1.089889095762507,0.7492122998924015,-0.888492420408261,-0.9833318270175574,1.760887726206259,-0.38328752381540016,0.3269174763227211,3.7910873373560103,3.3629620042003174,2.5876963877431356,-0.6367770583751651,0.20554550558032883,0.1783425467291434,1.1571956902787617,4.118843311921498,3.7789083120637192,0.8593223384587612,0.3817826183581427,0.48269216658898023,0.640680959936236,0.5144854461571364,0.7810178590827384
-1.0222818858524394,-1.4558566652815144,-0.36373065536888183,0.40047155558580944,1.4900972132229002,1.7065419259658938,3.8254768485659936,4.025063873049602,2.9020680724101218,2.8589214238257514,-0.14026583501506668,-0.42914911866283567,0.5398228824863609,3.236506525494611,0.9688038386589939,0.34628804534927954,-0.4488250679778039,2.944066951289698,0.44511007975114497,1.489816415245385,0.3238898141787006,0.27322579787949
2.817503133783931,-0.5052356204592435,1.1861902577672792,-0.36072047107803384,-0.27380940627775935,3.986826558394851,5.389903830113729,2.9876711708203882,2.7473974494188527,1.7345144528071033,0.41358193815096445,-0.5712777051372346,1.1511123283446705,0.09820015460579452,-0.748108165514755,-0.5233703703804818,0.4147636265145585,3.1255811327696246,0.14433966965323605,0.7721137457464443,0.6554903380534741,0.4733749947122529
3.14190754727623,3.3502968546512544,2.573231853086879,2.079113593905131,6.76696193590104,6.187237503956129,3.908916308069593,3.179326324365786,2.255322046131609,1.9315806677332457,1.0443609800432163,0.2446825600063595,0.6422498105304304,0.35756138503916157,-0.19902775863904343,-0.4283233002803555,1.5618982430265116,0.21046156917298453,1.357313851975934,0.6803270300455041,1.3399191339797556,-0.08671058524656225
1.697698524980447,2.907900514283902,4.431759669244053,4.942557068842769,5.093104758593189,4.027672316213638,3.2500182021093678,1.7468787218507815,2.2826460990872937,1.1327711964859284,0.8380135890015049,0.7522454349964183,-0.336798157866863,-0.7900363488600092,0.47273424084207755,0.07709082891633226,1.4517184217852466,1.2297287969550519,0.7081446210874146,1.3120684910840998,0.5808487333054981,0.5613695857527556
1.458754281174624,2.3761301970214537,2.5823535707279563,2.459168866641806,2.9645737164437462,2.86768169498501,1.0342296666958994,1.1208229137469874,0.27008511452283956,1.0842850978227254,0.2750989086532702,0.3406394892173729,-1.4750500560549529,-0.7336688712649091,-0.1506929980338391,-0.22804239530065676,0.7344960751758876,1.096435451752104,0.8618919364962352,0.2926011712411744,1.1041317874602727,0.4207906966374683
1.6002367626717564,1.5988013399160008,0.8035664955861995,1.4912319805335532,1.544448007436422,1.4732855070032376,0.7873041957628655,-0.1332629633426628,-0.3828172178438827,0.8155672622053812,0.034113369877720255,0.8401958578140545,-1.2065576094968218,-0.5567611514060424,-0.13119547064501683,-0.2417376309912542,0.3063805478383666,-0.12273955169062628,0.4742199638829611,0.9463129325990434,1.0171668887686298,0.6814189947097788
1.2728059310065833,0.17765810483394087,0.009933229214002188,-0.2337045625053959,0.5458308057218271,0.019755285718646116,-0.9759608036848274,0.4347787977373298,-0.8411620112415338,0.4696120589751209,0.7995051694803402,0.6509763790536295,0.8296575619798869,-1.2668156864886886,0.37162039651166734,-0.004566731900082264,-0.13373693103858575,0.09074901227346104,-0.8077564012147553,0.9728316549002441,0.8329341426007739,0.8712189908821596
0.7866032788560552,-0.5373832613115408,-0.3461187838992376,-0.6646467098747175,-1.1472180880178005,-0.282740468169098,-0.5719499599486578,-0.995666050775362,-0.7614539282842575,-0.726052538642947,-0.5315787463947786,-0.0171581391235868,0.3319358928142141,-1.6847390734715326,-1.1545930885922548,-0.2751156816170904,-0.555585887280028,-0.4433810063060889,-0.7957800794790858,-0.028317732440821922,0.6876546990210582,-0.481676290819749
-0.12917278244465158,-0.8916930134128037,-1.240963734290953,-3.5272127665927884,-2.146880504989177,-1.3497238577902377,-1.0568915121092837,-1.156911298475192,-1.2890003147224873,-0.6447441140368672,-0.9251221318984998,-0.8155907930329398,-1.0299134576136357,-1.1324576386266256,-2.089871990873933,-1.0814198429670774,-1.1299561489572718,-0.78595901147632,-0.24108232163373855,-0.1522714155167625,0.05384063560295561,-0.1068305256040248
-1.3300484399509596,-1.7417932620852343,-1.705974872441039,-3.1139989823827254,-3.3036247369100313,-0.9719570075783127,-1.167291656659408,-0.8686731722153028,0.5859661453313073,-1.595388766950278,-1.783454486356774,-2.196513257803426,-2.782911552228915,-2.5612550129421017,-1.6742897407686677,-1.090846742938816,-0.5883533211559441,0.4801128571049043,-0.6575620039478136,-0.8426959690396525,0.8177671950615572,-1.832921054116211
-2.049200229668683,-2.367510766955357,-1.652228439813848,-2.295734836529242,-1.8095204588545035,-0.8532679492249715,-1.0403216136021078,-1.162421387409452,-1.3396560033822325,-2.6135143557923324,-3.232974166735992,-3.645235192546547,-2.0194519157337605,-1.3428957592961517,-1.8557165675740293,-1.8490518249911971,0.5300669699851892,-2.8676326898788846,-3.0030885768974778,-3.0056976229709,-2.394400620001454,-3.392153253223489
-2.9783266650697238,-2.652565791060872,-1.822261145990547,-2.917378039435064,-2.319504532400168,-2.151102230158814,-1.5938696213308636,-0.9029343878151748,0.4375668258947589,-2.959512195371447,-3.249584663620588,-1.5369118154342618,-1.4666366676759246,-1.881418633573709,-2.227643368671905,-2.644633274902701,-0.7265591019210035,-3.2677785926366316,-4.362670937922568,-3.497960722877532,-3.538638789538093,-4.14127452228419
-3.6460887229925483,-2.241802487628387,-3.1162532271591807,-2.8163082610450956,-3.261851256096641,-2.073896471050892,-1.9044440809645289,-1.1251281000581965,-1.8015247852938696,-2.779504101780607,-3.599453591224342,-1.2359984294349402,-1.2139523320492067,-3.6042895062961886,-2.518029494839126,-2.093419253128864,-2.3734480016575636,-2.771595374243085,-3.3152253306566517,-3.79919519197197,-4.415217300044607,-3.203845797609584
-3.529869783408032,-3.2082265994286963,-3.337278384846923,-2.5771294131827673,-4.422787658506484,-3.4356752578211736,-2.1292450182458618,-0.8805381327176033,-3.4726961626677793,-2.5062082389355003,-3.241673189479955,-2.024417846768438,-0.7868907360438876,-4.247995714416087,-5.313085101273252,-4.879388997399835,-5.4161872437554965,-3.214047306677505,-0.9612575080332556,-4.5732241107378115,-4.3745152829785985,-4.628559126106645
-4.736677856497383,-3.886357491303613,-3.0223044137056854,-4.657395593786909,-4.935355437564226,-4.403682015096391,-1.9845765947917995,-1.4213590008522448,-4.297392820504581,-3.312676197704624,-4.855300162991617,-4.7444685460043985,-2.7023103826029753,-3.205928377546472,-5.996438108595409,-4.323883193754399,-3.553572240564522,-4.878820421817264,-2.0922259238681553,-5.154560342939239,-4.72015451329646,-4.506850606667861
-5.378738879875494,-4.480651337436942,-3.960697550219385,-4.8346596512760005,-4.965798068858748,-3.8531263806799116,-0.9938107520828273,-2.3937836756538298,-5.726854703174979,-4.622615705487245,-2.822303171803935,-3.095056338147955,-3.3189862876997185,-5.270159846782269,-4.5900287678376195,-3.2717449853593767,-4.142563545808773,-4.249512974616536,-2.9992730290954,-3.7865063610955105,-4.810598301895451,-4.230655897397607
-5.309501718451217,-4.838002232813894,-5.040962484779953,-5.287774785241487,-4.942136072599012,-4.125267009725053,-2.1892761839836017,-2.5481245292866888,-4.468372680203319,-5.124656448010761,-3.1356920776341437,-3.8531581126924537,-4.366213081767771,-3.6566290214170496,-2.537492755622454,-2.3984993007934623,-3.833082697579075,-3.5398471192195027,-3.0241540221616083,-3.1793436393769716,-3.7527076906941477,-2.135922068234334
-4.72629170461527,-5.422074020823818,-4.704185557223184,-5.20411565613878,-5.088526395965192,-5.043027138885688,-2.2359974074200655,-2.8696889900974805,-1.5131454218705698,-1.626802536317006,-1.8162341471641605,-3.9908333936848037,-3.2996822949492595,-1.6329026502209338,-1.654773229818577,-3.4199463060943227,-2.681810624786032,-4.36415468792621,-3.4640412650129266,-2.528548238054602,-1.6612357959812698,-1.5939889049346005
-6.287564460431246,-4.881284249361456,-5.245534658023758,-5.272375420953081,-4.9421384874068215,-5.5801819847375524,-2.1265442696316668,-2.0347688808767113,-2.575665601440911,-2.8577056659963556,-2.693162620950671,-1.7718091124649125,-1.8345537477004592,-1.9541207322846241,-0.7381618784864793,-1.8696663554609496,-2.3824566102444997,-2.568844023555213,-1.3046921725602203,-2.0257675272563707,-0.8318452717043143,-1.138666125970605
-5.303722374716264,-4.921208935850492,-5.8262661282133905,-3.975506579067534,-4.114531433045963,-4.050601176871795,-2.3045435399574368,-1.835364722049834,-2.103833827970978,-1.748957352240358,-1.667559192504068,-2.707759179303857,0.1619818518556133,-1.6091551566121296,-2.5192696662940857,-1.760912058775341,-2.054598974665337,-3.8420638755802723,-1.701370845112127,-1.6106786837351823,-1.4336326982444076,-1.3915723036108678
-3.9918357318537865,-4.836584994108256,-4.4322756875688505,-2.2633571539154156,-2.3703418884183303,-2.729913016968049,-1.1663407686073262,-1.8088481126269444,-2.135200534236908,-1.394983711875988,-2.1647102600201076,-2.0199266897585466,-2.1640121994467427,-1.4100657408366961,-0.23638614418819334,-2.7278444580602415,-1.2306102924628628,-1.889841443294808,-2.436914467939119,-1.6166090354885723,-1.6962607557543974,-1.596857633909742
-2.5572073745211514,-2.2211752128006013,-2.779526349972665,-2.4440981551697862,-1.7961923890709266,-2.071595516193072,-2.118291639436551,-2.62886377820614,0.1377081403930567,-1.4453022421128918,-1.5895453157038655,-1.9478633257971978,-1.9442648682473045,-1.4669526508068904,-1.622068213139906,-1.7478101152341434,-2.0558207328567923,-2.7560615858234763,-2.5169155603264346,-1.9862890417216144,-1.6495999920056414,-2.2294388605071824
