script/wind10m.json
{"header": {"parameterCategory": 2, "parameterNumber": 2, "lo1": 3.000054539987559, "la1": 64.9999836372058, "dx": 0.5, "dy": 0.25, "nx": 34, "ny": 52, "refTime": "2025-03-05T09:00:00.000Z"}, "data":
[rows 0 to 24 of 52, columns 0 to 33 of 34]
11.779529034078266,12.009334326350197,12.703769199596998,12.618263564312771,13.032631625076387,12.529895460504349,12.738557370403637,13.408703644651824,12.93366507821366,13.793668141268128,13.535882494676725,13.213159127879173,10.915006401140129,10.954373522482337,11.634736383545443,11.951607851362798,9.78955903230797,6.439462223242951,3.9589944451457653,7.8746664700441675,11.39365005117503,7.374435001417952,5.033797554663769,10.344340891470713,6.157067649903073,5.629263232202388,5.0098629758183915,4.002846048461054,4.389216987863501,3.2240949778940364,4.087271541069218,4.602081562312329,4.3217065208565435,4.3122435893764735
11.213077686481567,11.27663128332,11.940745807126923,13.095102760743815,12.338224255198108,12.310730661810458,12.035489501865476,11.685023296478981,12.808284079999867,13.076920533870483,13.365167108194411,12.69239172673846,11.681523153608502,14.33924079841888,13.78532581167916,10.65637810590102,9.776996706069966,7.178474076106634,5.384471983117335,13.028568333954365,5.241912145338826,7.681591056760103,5.774336649624189,13.550057770515053,5.643434143833418,4.362850973116629,5.369418503743278,3.539807543064652,4.246711213099126,4.913583007608266,3.529385206075143,4.661479364297765,5.057133754626096,4.349287581583702
9.979501480884407,11.574134871269678,11.753873372273345,10.325636351409697,11.259861788716522,11.220506853054484,12.75263557171309,12.164547575571985,11.488176306988349,12.46583490857632,12.881899457200143,12.242889368605272,12.718113271013927,13.345921751682367,12.794743149506507,10.686937113132016,6.831340650745366,4.179034791908425,4.714863025734069,5.501843806867528,10.013673925442323,4.280063606448524,5.696469455029237,9.061925049726172,5.521851877472073,4.484037570317943,3.977226817862726,4.885901331048528,4.100152289656418,3.3341137679501944,4.8932519155646865,4.2016805870208795,5.2685458109174,4.081553530866031
10.965138685449297,11.118871714533881,10.290588675035798,11.019589820235923,11.604985063546643,12.811431939991442,13.135569051993183,12.70759059406446,12.76533625724339,11.334890507430194,13.479995904754785,11.978149787539119,12.07343916415247,10.959735908177258,11.373028246378036,8.260477028124182,5.784387167541597,4.177289303013004,7.045036270230783,3.544517430671063,9.32213002142309,10.331956505345342,9.80485301435746,5.668071269014299,4.120228534262714,4.138653032956454,3.6742669709643665,3.9036033362776026,3.6731721335873595,3.4546858025246197,4.030887835912306,4.696172932633514,4.8174957673390635,4.677951493495594
11.176872112494452,11.253371971743023,10.94922546795539,9.442618760378313,10.64012571303807,11.867541912977762,12.302315687315824,11.935830144493798,10.53877181948883,13.026358951131058,12.609525089176373,12.61941745839244,10.046334380257225,9.656235726205109,7.322391921451652,5.1413175677291445,6.810364177916305,3.876690237390282,6.3965047322195945,11.888642280848195,11.133094488394633,11.687623616960556,5.308025314466194,5.96253226932081,4.901392220912796,2.044526187425742,3.7059611653679942,3.550139620167423,4.727502826883093,4.305755386414653,4.096716859637574,4.319584986451495,4.377001011952594,3.85061590208403
11.256791291125658,10.902230561023899,10.877907001272739,10.755551410397807,10.257653582550995,9.842594703268254,11.33600474920173,10.475140161784815,10.361420280069474,10.688103384375706,11.516614440870878,10.65247207966083,9.153116005382644,7.355645498940282,3.957374217349411,3.631039139448256,4.680562620319619,5.132811234845146,9.81241687762241,8.393220767226603,3.95797704284283,5.3233147076403835,4.6999536951102066,4.136816373668968,2.404027783337271,3.799500140418404,3.8649784822013507,4.533289322182048,3.606069415224423,4.211601408036685,4.385147970889097,3.4315774388387754,2.9755181979096648,3.882703570601743
8.968399694790318,10.462012249046936,11.106262130880676,12.193610746683751,10.865187340434762,11.613084380787134,10.773143210148012,9.873948497452108,12.164659557510259,10.14984531602984,8.37689259896689,9.961859163452088,7.094181938275522,2.3692687622177373,0.7482877901878701,9.171844784466064,2.9630768595657124,2.2782719708209704,9.782930995923854,9.378417955065983,5.493077182136586,3.0177517112819863,3.0553976954612647,1.7555613281483295,3.5246148666789296,2.91550461313123,4.615845356529912,4.171433230675098,3.6937105753765116,4.102795116747362,3.4470629945617213,3.9529824826786446,3.5015077714811005,3.9579198004852003
9.558697226576761,9.575323103284102,10.331166659598088,11.613200014534838,11.662735189312071,11.5057317098757,8.99069793964855,9.207099272874544,9.954387512266717,9.877430400948791,11.734392763954837,1.0941362984040135,2.292002865881,7.230074783268249,3.0600039416701974,3.503612143313761,3.7769130751078936,8.579424663574185,8.165456547737532,6.8337452115281465,6.644581453625478,2.9537484941378294,1.5913229233401542,4.328019792651225,3.1564539186979,3.2173902613699443,3.5683932045707554,5.420995095218291,3.7260716248517376,2.8131574204217515,4.20492780572973,3.558298048541731,2.652743709933568,7.97315309200941
8.984430466239818,9.086249847368839,10.410765940770741,10.957339155990674,11.157046453370551,11.146433237207566,11.017002231517528,11.530562472573523,9.89764356845747,3.8674973503909738,1.5295787821214015,1.4454501987737105,4.470397025771155,4.269122383142483,4.910854988949471,1.72337607583766,4.509317044224916,7.8848779796148385,4.41936970419297,8.050617730664928,9.24733176714905,4.254158929844924,3.0010997212101564,2.563293928478731,3.8753071074590126,3.6744207451123856,4.380275832144295,3.294199839790149,3.8406560304095216,3.857384685366558,3.497174051005412,3.417275552597348,8.400710575658538,9.155154025941378
10.436670600338033,10.002136463340516,9.614583992752197,7.508416896446134,9.773433416373996,11.688341724255345,10.383323389157535,9.266451593464494,4.039216190272817,1.740777260793426,-0.9766782376505778,-0.8104272332150605,6.310771844450598,6.4907227804398895,-0.22644856682139294,7.4641691198239535,4.898168142278508,2.615814082952008,3.61264495509862,3.3514787885491217,4.383990463070251,0.9603904615543408,1.6176814191596929,3.321999883326881,3.7423643145301364,3.830237814134309,4.386404012321427,3.6383835342489466,3.5498105487235723,3.0376853307839666,1.7454789711686447,7.077931362624924,9.43408669958924,10.413201819583817
8.0990973644994,8.693745262090383,7.5493574637516945,8.38925968324262,7.918419482424932,8.186265513746559,7.416694020354788,2.7684083351111886,6.212013752240005,-0.15182145279410383,8.993605640278497,-1.4862563489390859,3.8728430988788016,10.359811487306997,12.141092012496506,6.838949123760149,2.3902922855652,2.1988973292369147,4.618771204254002,2.701439748900307,2.165604694176223,0.16728175910324047,2.532252071978327,1.5672168550099297,2.851651947419563,3.469731494273378,4.159857803595254,3.774520527224854,3.5114388850045963,1.156961626673669,5.291863188356361,7.4891042191162,9.241486499309282,9.725282781334815
6.827131198162904,7.7280900686041205,8.022940650952126,8.060343854962378,6.830520721805735,2.921275506125959,3.5396391211152243,-0.3297505759294993,-0.7214253951497913,5.252014512812685,4.447055063857092,9.694098510455408,4.416342174908693,8.752358521896381,12.908862475312638,4.750753760034417,4.762008493089152,8.933557605396386,4.366983177232699,5.700191836041759,3.249357616680083,0.9882820823794342,0.1550990377989316,2.0152402453643528,0.9786728971276691,2.5284607747207226,3.2396781386931837,3.4712466537560442,3.1892439688013843,2.0766622707259033,4.72790118816141,8.976931237607856,9.227786598625084,10.073647295576752
8.652518249394163,8.853367600252271,9.40481876158555,5.3348162756879765,4.778004470474405,1.8757329588324125,1.8756510542215963,2.190408444253824,2.830005162775912,6.207207518810739,6.733432767711884,7.677383064715456,10.980549991058954,10.851981428281347,7.977751520363345,11.796948731914204,4.542074053834349,4.661655950462902,3.8806895336750142,1.5702139275031741,2.904636807484,2.441344300235637,1.8659745880148237,-0.1541348817312459,1.8541565002205769,1.4647368356967672,2.309244198328454,3.1027594302333674,3.9542920773407064,6.032608524700304,7.358193535444184,7.860189581664821,10.93296818285477,10.758972689780945
8.452003492980475,8.550665777353199,7.902346220748281,3.691580753431423,3.6015556052161557,5.032723818233051,10.28190949386332,0.3929629853225669,2.2879472559282377,7.830895177564092,10.299579509277969,10.891615978250373,6.081679580297429,-0.5715339241976319,13.115317472179076,1.0575080966963615,2.545816316134775,4.048522477800826,4.366053906972841,3.497470382347994,2.1469276680487988,3.1886253589558486,3.2870096328396476,3.3513579639153583,1.1578586968147155,1.79375251875475,2.664566863280454,3.3440507672117996,4.436056231833584,5.727927573551552,5.727273220687611,8.283696764351278,9.94483443819213,10.405136932800561
6.714457191376304,7.385604165738538,5.116665251024486,2.7470442000979345,2.8920197869125377,1.9701160462585994,0.11238687645159032,7.907555694355123,4.0623175803082585,6.505551379424045,4.345431049211453,10.493761849956032,15.711922005648349,4.5829999473142,2.778807445092702,5.5733396924404355,0.7712035708107924,2.213750124160836,2.9629042348599754,0.8607328212648179,2.0068174456130423,2.381567388260827,2.6465826484984087,4.245123721485915,4.2610212835608605,2.682039357776767,2.90857143969298,3.3283756693730697,3.328640424952467,6.901753510718374,8.86220230846824,8.823513958262447,10.373994050013565,9.498989113457244
6.9913650415170965,6.159185435298962,3.7285201045521883,1.3242529498016855,0.7510332613172623,1.7383634040585736,3.3685289672244383,-0.05610360154101672,1.502177631717102,5.073048342597373,6.657719893277048,14.239376509924794,8.166905575156136,8.84083059579934,2.59716140166207,2.5911076377271516,4.147618860918901,-0.8186054295334436,2.7082935272322124,1.5786553869856124,4.034027303234238,2.280206797319933,0.9353129164698287,2.9077145519537675,3.8377342597585997,4.847854188403912,3.8812300321051625,3.4627064763537447,2.889820790121397,5.98067514941616,7.669228072352147,8.960067619436382,9.564876396986003,8.531548609516731
7.537514086166529,5.888916143533437,3.0851794486441113,1.6910371013506964,-0.5736085904266162,2.0089034659239506,4.975201716901925,1.559056106112509,-1.8139449113243715,4.079432727431677,12.673297758259967,18.02563033183726,3.395872827196719,3.4278487490933647,1.146802020343142,-1.4318943352759448,-0.5246710064259584,-0.46401033168264927,2.2696102494531605,1.3869661038247099,3.0718669356190347,2.4534617270729964,2.124288342910966,3.355450911830952,3.5401279429745403,4.527889497082419,5.599071963437244,4.214550839355456,3.748115837871552,7.362636843277253,6.920701099296188,7.990237090235238,8.716472780773382,8.439861001429065
11.179145122297335,9.623347857098173,5.306085090101092,0.3490878585026186,0.1870658653557128,0.43313098103706826,2.2659133649578673,-1.4289083419456474,8.291336034059173,10.856379302371716,11.598767576258092,14.050573217850747,4.313142961236375,7.6873102939485785,0.9796577795321462,0.6629266963314452,-0.6856351147164934,1.1590489151616787,1.9349813526026105,2.292107962250643,2.15447243590444,2.0255300460577828,2.877902088238728,3.7407638041274054,3.4400188604243778,4.03834312803144,4.325263983115829,4.753509919929934,4.278653152071685,5.385587939546715,7.171270281980289,6.855939337589337,8.721098573642667,8.331273181925098
11.528739731984642,11.004336767506844,8.318614941525043,4.965440193277548,1.718517567427538,0.025538377191856528,5.1283261793226504,5.355600765545657,1.5628297750312132,10.679556602798947,10.098056114903533,7.201789790957905,4.966185766470413,4.573470064279714,1.7024356600266022,0.539191409621647,-0.7842297272291311,2.4599432550545317,2.361551763782641,1.590384329535638,1.6011878811233742,3.120687367265951,2.9896136518158944,4.030588000370727,4.05141030922037,3.0189961301627855,4.018165788518872,4.0849014464957785,3.9684382011446067,4.748564583926985,5.091448542030246,7.037447773842186,6.957012186893978,6.492993305277857
12.143456504804892,11.180622153472441,9.27248737276121,7.122606182655557,2.1016061526901626,1.4188048940774942,0.4094876969646037,10.477276577861282,12.32031951011269,12.245071518418223,14.306148223543584,22.188328328279265,3.2722840997765705,8.902228025493947,-1.9313093731390698,0.2046563240243065,-0.45169500085365816,1.8617508226660402,-0.14880621328951246,1.1245102798200846,2.071645258218561,0.961929020390469,3.0520260273516735,3.37484298349514,4.5115864209020895,4.2153420532378085,3.983235957540448,2.7250738516148463,3.0731549874525053,3.9392000719673446,3.7079656321135492,3.446362753747974,5.432581003646233,3.5762319466560117
12.412359541837686,11.35257448409753,9.312492568245682,8.200606166625214,4.072154708974568,0.06272586064172236,-1.205669094873653,4.165370620927439,7.506428229437579,11.849457526613653,15.473398834441898,11.25905400082754,5.673012054249287,-0.3954499945482805,1.9930353896201987,0.13522443784801275,3.002305822192819,1.710503774049868,4.051498346321338,1.807711608148476,3.057038645318828,1.868442769273715,2.8995030089680562,3.679615173785209,3.8386914904009872,4.7467292284341855,3.8052594850510855,2.5498272815470497,2.6496483496551475,4.849713426881055,3.506298244159827,3.2151290110700463,7.160814009435115,5.886651737174966
11.787393280134825,10.917137280125532,9.35041976326599,7.647703921789848,5.238979804870924,3.762394896282108,-0.17526456416592923,1.2282821071969536,8.920744383969241,-1.0222471898126164,18.660624104221025,19.5700933546475,-1.9230284645823945,2.999775217494074,-2.3852784131460565,2.4399357647049307,2.058768667424046,2.814644236996061,3.6928370943833744,2.9840613802766502,3.366218437222176,1.7106818463367377,3.3874127874212125,3.312603197198065,5.419584080780173,4.083767294796724,3.96929474262356,4.582505139628468,4.241227260740273,4.672613305095364,3.847650322946584,4.064372593978625,3.493207685017763,5.870785518029308
10.780158145842485,10.13318789186203,8.451965145369112,7.274904691816165,6.888405651842094,2.5901900891230505,-1.2464601427196949,4.111174322686652,17.941739684926304,9.120229980465915,-0.15947038564472907,6.024568499416239,-0.15151940374570902,2.6339623194025417,3.166893130778828,4.118453683140193,2.9916468297984435,3.710015694133364,4.553355794321892,5.134418861208729,2.097750752261263,2.8080028180973042,2.575286635620287,4.300448406386718,6.025710364747478,7.379388012537343,5.341610168707751,7.029088128860112,4.429186029375853,5.717152718438178,5.512539193902084,5.296748055238088,5.032001279769536,6.383893961435393
11.119649055800387,9.793332739104079,8.070615188885721,7.479964921242401,6.7577813906064685,4.9648591345596795,1.6897332298779717,5.40977193234672,15.526076107123147,2.236970124495876,-0.17769756192318956,-1.5308598869841483,3.0317145225945348,1.1649281290687679,1.3059018159250593,5.201015459256394,4.346106156264031,4.559182560181279,4.360896499611145,4.8335729130040646,3.5191673486351633,4.169612487086732,6.596746087386297,4.456390515582458,6.912732458303947,5.859328191068378,8.338588588353854,6.46036592481615,5.6565674461949165,5.7063858082715715,6.285734975418843,4.271386598954782,4.016960011521654,8.75742869403223
11.243711712784664,10.817290185348938,8.695857811216214,7.6122140158139535,6.851128961394104,4.92626315239696,1.9209022068202837,9.598712500559385,10.993624928325545,2.4308962625017276,4.006454772452925,1.7939859871068093,0.9791532607088168,1.9788492243989935,5.055987360401738,8.398144109716753,9.15653171062308,4.122094056666942,4.571402574098628,5.503474372170257,5.774242063001827,8.924218839439872,6.051943509124882,5.920866622419622,5.02847504237629,4.674923491189536,6.474203709061281,4.884131675606047,4.4617243957036505,5.586971752114599,4.754147390348217,4.825160832909178,9.609032297131801,10.795464030643958
