script/wind250m.json
{"header": {"parameterCategory": 2, "parameterNumber": 3, "lo1": 3.000054539987559, "la1": 64.9999836372058, "dx": 0.5, "dy": 0.25, "nx": 34, "ny": 52, "refTime": "2025-12-15T17:00:00.000Z"}, "data":
[rows 25 to 49 of 52, columns 0 to 33 of 34]
-0.9350845297302606,-1.4710055425218318,3.9628872361002285,6.664356826380051,10.032138389908019,11.613407577224852,10.683173136910876,8.964521947747194,9.540392694300055,7.135977192424632,8.093242767011272,6.674756915457839,7.1531445725149005,13.687088225553497,13.858880371698257,13.716553382339942,14.436775671153823,10.91226339135367,9.41101809409189,8.659232116678615,12.325011976171366,11.35463444093605,7.814142460317013,6.274188411204114,7.9068583341617655,5.768249847972017,4.937221960484855,4.649861039049798,3.7941942938353916,4.208394152685098,4.839518150549289,5.6631494311451265,7.095185922671026,8.068145973771255
-1.3413551180293055,1.4485366887246014,5.738109844013505,6.595321001437538,10.960007954989937,11.594311666768725,10.659122936892082,9.004258024808276,7.39613054504254,8.099527380201781,7.238713546207979,7.403266432796269,12.551928459186183,14.312144683105172,15.43678893873232,14.284257113002797,14.481669401550496,10.94306578674494,9.526549878121433,10.664393293021957,10.030741368555093,10.336070200623606,7.684336705478326,6.873380526442718,9.125353358172676,5.790526064748701,5.5346877731773025,4.8518825125278084,4.413421116308117,5.197840456278218,6.762775676079273,8.532492056710648,9.161941358537293,8.16425184477662
1.1476639148333219,4.713436969311207,6.052428908552821,7.7766634768929155,11.66020932093847,13.038996215986867,13.204559632152845,12.262323086410897,9.33263453061205,8.41578422901124,7.887034161420945,13.273799429895917,15.337820476101125,16.81050315347847,14.876707909381325,14.118389799434773,12.748052036937034,12.916856927108089,10.898851257593005,9.881136231941223,9.925336957576304,8.0257846091878,7.937135839825528,9.433875921234531,5.818908317366894,5.992628547420231,5.61716319108133,4.1844986291175115,5.558536534955258,6.6341922399718385,8.033986589341286,8.450878936823596,8.613579691147482,7.48911528396395
4.456491431108022,4.190849677279119,5.134306833162289,10.550029326678645,13.092501716667869,14.073854144537485,13.762094405779537,13.43264930279599,12.503557470734693,11.87379388129164,12.90829732643527,14.225391622148992,14.561928550288338,15.338119686375462,14.817442891734943,13.009583748926653,12.663469912718869,14.775176356217475,10.224970998015838,10.057640612036723,8.988982113734897,7.910697848683979,6.658195615084098,7.480113103522725,6.821304627318556,5.614463700266847,5.780061325373359,5.921521521949372,7.05298636265616,7.6046486206586,8.36648796135461,8.940351706529581,6.5363206375326905,6.002135008036717
3.523109326893412,2.860824456845606,6.400985409877781,12.546577669075155,13.9647792380436,14.29468784566552,14.59528887382221,14.395630131895519,13.74092607027997,14.263006031999046,14.761931754356556,14.70785243271723,14.625143986510743,13.865617493734028,14.46880777849146,10.951918839631725,13.190854331671598,14.278831766522387,11.423194008139237,8.773706421224109,8.767749161274706,7.6994091544882854,6.447645627843015,6.377953790423591,6.115506210796338,5.38278618568678,5.00686787029177,6.226036354165829,8.71453936670627,8.03810856715361,8.30382946468276,7.179287167934369,6.069898621707088,6.2606074397792035
1.5443663021132603,2.021799840405096,11.267831092080606,13.569550100319887,14.589406544467735,14.758026629208592,14.721280207089842,14.44715019107207,14.608288495660384,16.123781090341716,14.364172157182319,15.04697067584174,13.29320029436689,14.688720705393514,12.396886493619078,10.554416104822126,13.052331456332498,13.280593758571042,10.26398055784678,8.353770888526553,6.830987108696726,6.98566571107141,7.999373459762967,6.261932694918409,5.4444488099894945,4.058363945755833,5.212249779001376,5.869397397373577,4.759816239853598,4.92861010494523,5.05468220525569,4.826997523892125,4.03347691007634,5.146896039886528
0.3042030078157905,9.4237109383546,12.800948015869432,14.670815828671772,15.0979079551307,15.182998308542583,15.42273432616827,15.192272248975588,15.498141976204863,15.223603090691041,16.288672770865197,15.895501077149182,12.512668177957591,11.661018342833254,10.980756788238176,10.06587489422014,12.53060044712748,13.162154848782306,9.324368482929103,9.019241973973037,7.593499483316495,5.797779911210371,5.877414821091644,6.4211109958606,6.3762889475259135,3.710824085441867,2.982260713910557,2.7539734045095914,3.7516597002926564,3.587688054161205,3.6953122836155528,2.915077540823675,3.8728703841720247,3.9100278483551985
1.6008142946546688,11.914523779487368,14.239592412450406,14.792561675552824,15.050965595241047,15.136663068149723,14.97122459366079,15.42643528986461,15.158178037751574,14.668295634830995,15.577907066373047,11.87005185938385,14.759094872845111,12.193657645342507,10.207350247059331,11.225851447221274,11.917871904119442,10.420193735126823,10.124535996033433,10.304356969241093,7.680671018764493,5.749505078959504,6.3026287380924035,6.480088690948142,7.076709233497457,4.2831375331102866,2.6889695478310247,2.7160182312683214,2.597457318399836,2.685440298842965,2.6371239832067928,2.2093298112641566,2.704753502198811,3.2919661667556723
10.863147377228124,14.010295774284424,14.915645634047284,15.189158048693459,15.064992672739047,15.400720669392904,15.556398969996096,15.07722533792943,14.4267813829405,14.563706784958775,15.213561494034131,12.603383121192763,11.070473973244912,9.510562359407242,8.29951355632273,9.068770157803113,8.38175939510499,11.135019506094775,9.533129022722937,9.479787379133313,7.426919629636901,6.305717362729191,5.982756263229846,7.316537771863028,7.071938058037308,5.361955658597084,3.747337598692719,3.16659576019485,3.1273665141239864,2.9413638347867757,2.432965140165424,2.2221291026900163,2.335456403311847,2.7911249380399026
12.337038661944792,13.973097054171067,14.562318753220563,14.812041989156791,15.535717857560142,14.95926009778403,15.104459561263702,14.52752860992528,14.990032448534155,14.698296472555635,16.508178774508945,12.36015846617709,9.117063406059824,8.26330185028166,8.169167018124304,7.943186145100201,9.26684113327388,10.161347847832635,7.5021915494016,8.043450896550514,7.855912927046961,6.539140840424166,6.455923690143355,5.962665343136107,5.675818700431859,5.779688709404275,3.937588657588026,5.229377075875867,4.362579294638464,4.382087382792212,3.0953021177938136,2.855864212178441,2.6267608252431875,3.195215251292596
12.980010921922409,13.810372846878094,14.55896950509286,15.680172190842711,14.645486063419957,14.941613121484911,14.656536608487796,13.855017710568097,14.576132775967485,15.061457569410807,15.823672404678515,11.204898752833502,9.475865932406803,8.657352855417583,8.221131387579574,8.916144474073324,8.63492108233901,8.762989705087524,8.09267466899961,7.235990834298403,8.24021129105443,6.5116470064365135,5.072427854552371,5.8332684166759545,6.25550244018389,5.909766870762684,4.549979716846346,6.106533924532773,5.239876813676582,4.114768188626928,3.827056463503374,4.169590458597291,3.7519212237799153,3.6911778762335667
13.476808567395492,14.393036940726525,15.110592137355138,14.961792174978306,15.040183477996102,14.70817788695302,14.303431595368604,14.97254336597132,14.714627217639269,15.112480233095111,15.748560642060022,10.169063421394021,9.389016145311565,8.512458559088747,6.87688679686671,8.55574320423225,8.045388606903668,7.837849155556214,7.918759335126196,6.909948660127665,8.450876571654678,7.208896579544607,5.39695370440811,7.310167681218691,9.322407919375244,9.115889561511974,7.331484084365347,6.501464332862008,6.5425803549701484,5.9141786636268305,4.408100494641001,4.26242544700802,4.34480699200656,3.3997538753024115
14.211482002134588,15.511817377560337,15.680429170530543,15.766266549329991,15.461294091428504,15.206223200891134,14.963621292428476,15.041244111394676,14.757271752023078,14.30511498041339,13.549427246361507,10.629197846607894,9.724778318301246,8.07697047182304,7.577187237179822,7.132966965972642,7.915844387177225,8.035155525813028,7.063132349356114,6.969164600711437,8.490875829473131,6.697370321962619,7.1581824136168795,8.1713985556589,10.000186090604613,7.661693861046396,7.988122722536891,7.3525208375897275,5.335847436971411,4.9381101171962385,4.384791798062678,4.747403959684591,4.236295374961818,3.389624561405455
16.151761845955587,16.279339386714046,16.416493239457097,15.766943312824177,14.103078842464964,14.885513746125122,15.508020754008404,14.53775225567616,14.429427861887804,13.575697398811238,11.073959392510003,10.463850390193205,9.318479792142663,7.70132053976333,8.872153646679598,7.27259355183103,8.673719259530808,8.004140786924093,7.444254369207926,7.509875135055063,8.573384357301077,7.203803793209328,7.578624964380248,8.574128355959814,7.368287507770135,6.626776091230355,5.925635187174178,5.683875210119692,5.582882342206023,5.346233973714834,4.975721931081277,5.044844272806979,4.269968991527444,4.782681467973893
16.6415823000718,17.44706603649789,16.6269116858532,15.25276632197064,13.449209372721699,14.283199863890738,15.257210298482322,14.276239709797494,13.57504294936679,12.075802844600041,10.55359299569657,10.235557441391547,8.230229460322114,8.222874813839669,8.700444667599637,9.709150365376756,9.51403410750797,8.827626636303307,7.6083347627440645,8.945765040837983,8.293910820908259,7.991823300180743,7.93477331831842,8.795092895983862,6.611883497765994,7.501207453381213,6.399896887014234,6.218344120563374,5.929495637990547,6.008059313696091,5.678108192023798,5.307371260112418,3.337132741004182,5.521564366256233
17.4777456412475,17.341135560899698,16.042557547261477,14.829937527452351,16.01193519658862,15.271970253288844,15.715013725886712,13.549869984442891,12.24169411001636,10.61196764628472,10.038229899945502,10.139203945620718,9.462465132778373,9.32047077139514,9.365988728675546,9.277036418665926,10.173483723586443,11.076243585843542,8.161365302971987,8.939473808772599,7.854865161713583,8.130716862740346,7.757068898149577,8.054799146194256,7.00469421518059,7.311301146949217,6.908166035605033,6.6191136984392465,6.136697012300683,5.670708508995244,5.208883739855171,6.623216661237762,6.347971140001067,5.505595016485575
17.850169231045275,16.810867534409482,15.794387358240513,16.044753347756195,15.325172113794615,16.19535734249242,13.573436366092466,12.478180578013504,11.36080295771051,10.088223229953979,10.469661425570644,10.301961462504567,10.174194102447204,12.20059068558953,10.901173965117803,10.126449890697696,9.927324699888988,10.548163438871402,9.883910365756293,7.789848406493091,9.437769815854942,10.551103266908548,9.81631996582712,9.302011890923914,8.356362613318115,7.494173511543824,7.411847812662673,7.571066581880933,6.56965724058022,6.679203905127731,8.411400151583448,5.792563517338667,8.76136657854093,7.134855817400902
17.705749176405952,15.847717365872366,14.581806063803718,15.038217744974029,14.90869733064262,13.66307361772605,12.7258629308507,12.487568227489557,10.821326535684078,10.571471188418872,10.479117887267478,11.001256675945486,11.64883858776196,11.93818859081982,11.904957663544172,11.378558125978817,10.538581100853532,10.325571045368518,9.035605714559345,9.704702059512558,10.658324240570197,11.575754526869305,11.992847566615332,11.594163522075858,9.682195245157212,9.128595523771967,9.207979217641187,7.307694133206482,7.885068538891269,9.12497106086386,6.471659792167062,6.904158978075186,8.251333557203365,5.738179484110841
15.72443470038798,14.964148302326894,14.598387062678935,13.650932955067525,13.566098342723794,12.390909239612542,12.98566821841138,11.94947786904113,11.11411603373778,10.699473342812016,9.847593966760611,11.917328513487512,12.525851154550661,11.990264706184806,12.058236578616533,11.385786017077745,10.611029687456,10.481178621548109,10.445847044851071,10.805560304212653,11.628300483361395,11.798454049539178,12.776115376773221,11.712488116778971,9.735263473254381,10.783107182509987,10.513604769459175,8.873629611755188,7.867391436193594,7.777415681033585,7.537349827195252,5.8381448294974305,7.0012324887234705,4.4266822988744865
15.832976294993085,13.880410547837833,15.735728401113873,13.19914950725456,12.671186397384025,12.916490748252594,12.195326953581214,10.642806715195377,8.816087863817282,11.438224721436885,11.85421590557113,14.42193400347631,13.914361623564877,14.002800323908932,12.358794685916614,10.143217365920343,10.507383274462049,10.578516499676391,10.950975149085748,10.52009723862651,11.168638336728309,11.962390245424078,12.92959266926359,9.81056040072183,9.129647504887274,9.090610648884086,8.092136311355473,7.9698342085108616,6.977374251922028,6.247477652647325,5.8580226551826495,5.297126709033874,6.0231017542845375,5.826832923888616
15.149029033566116,14.984601979515391,13.04954850125534,12.739426679483259,12.877233319976398,12.96039007318597,13.097569764551901,9.646620790200222,11.724250650254973,12.511690996778785,14.963158439322857,14.786477261458751,14.86468061048055,14.481946290594884,11.559790638778118,10.546056333108872,10.446999799503786,10.046995017526402,9.974810552902172,10.025622674798045,11.452425665375104,11.936411611551637,11.960342595104642,10.86300397100959,11.413948638321154,8.732035069639235,9.309146306153327,6.362845418938376,5.867362416749667,5.593251324300712,5.528857780598528,5.555606994005225,5.801456173458515,5.103445578553579
14.33702005398283,13.685282382038716,12.581052051242079,12.763268054696091,13.312047795225402,12.989522489881091,10.00640959301186,11.687770657340891,12.46066163837877,14.528015142557807,14.934068089937053,14.656378118028996,14.411473975842368,13.729132310552947,11.356888453249711,10.106857878895676,9.437522744346774,10.410692287460304,9.357680288850482,9.935111470289923,11.021187064069139,11.618219662052763,11.018985809824025,12.263635986425708,12.66504144323076,11.528306547255513,7.091569189905375,5.931617627585345,6.0948210411680925,5.515333746926258,4.458595383313133,5.51547410763017,5.296553592619715,3.9720083892418168
13.945418197763352,13.191666585441697,12.76935844094196,12.846200680690982,12.608261598273462,12.540277513791828,12.84913363273493,13.870952703566127,14.322517385677703,14.792295925196626,13.806306993327565,12.382699753723426,12.191155578117478,12.224323574926167,10.9803089746763,10.837939130187737,9.441370128909648,8.972154219556243,8.428952709231645,9.545187271376648,9.746919330727492,11.488711792834446,11.455294324728294,11.877258291461773,11.946324680161014,10.584057958484983,8.331013129074922,5.7834575882947155,5.2185469614209135,5.197709306384915,4.397190339371409,5.228570551386124,4.920561477190802,3.9420429049267787
13.383844589804863,13.13557048794927,12.95590780860714,12.74040112211086,11.616394010766653,11.520142537478762,15.578143530878753,16.07919966630826,15.069902444193293,14.349167014061427,13.409700250648532,12.530475031075815,11.104706612727185,9.455382024882217,8.53898976260413,9.075044628155043,8.526551070320641,7.761306588720898,6.379103074692994,8.47874117751837,8.164946485702643,10.647414107113912,10.336063356446049,11.9523613559904,11.582954953504547,9.607464733621006,9.320213815352217,5.258066692846263,5.58631116706192,5.025388256870251,4.2119231963346575,3.976462381447172,4.618598418738438,3.546922567070914
13.348006964790647,12.573911339968777,13.51804319477918,13.453554506820588,14.123374300154953,15.702286225474015,15.668663045380324,15.765481677316984,14.492576945310184,13.512472523438452,13.460038125632558,12.825716584913145,10.412968384313155,8.950237942384728,8.31839814537877,7.166677059139221,7.352890358682664,5.253572089152724,5.6166733881284845,7.30126839636113,7.930747184958093,9.837348473359407,11.185238657105359,10.702762203872732,9.958258622599713,9.335222864656743,9.446091023477923,7.861026302565803,4.940648791631211,5.588659662396275,5.261759173048122,4.543337005947808,4.207203824859027,4.18293953605863
