script/wind350m.json
{"header": {"parameterCategory": 2, "parameterNumber": 3, "lo1": 3.000054539987559, "la1": 64.9999836372058, "dx": 0.5, "dy": 0.25, "nx": 34, "ny": 52, "refTime": "2026-01-03T09:00:00.000Z"}, "data":
[rows 0 to 23 of 52, columns 0 to 33 of 34]
-12.706402290235815,-10.451348811647899,-12.349558516776394,-12.841080635038923,-12.604202566906967,-6.649472549510001,-1.9318138263908269,-2.7717559416400825,0.4579112856094678,1.5792663621906662,2.3959598379897704,3.008444301931384,3.5626172782583416,3.100929964322243,2.8977669612055728,2.2975291733150813,-0.19987086692682351,0.16943997330187746,-0.5970330935375792,-0.13133859864143807,0.9751031232565232,-1.116353029344485,0.20706377538456378,-3.2377177183530983,-2.120007181024316,-4.409262999844684,-5.560744591981885,-4.601655781409706,-4.981918310937268,-5.052442300546983,-4.9619960752083205,-5.626888167367335,-6.587154715531546,-6.573621282917432
-11.982391555382044,-13.269070525341036,-12.514174794845076,-13.666810538693479,-15.506704907513626,-16.909399220689814,6.237436221047208,-0.20277741598450383,1.8812008924196622,2.325510664479532,2.1998220002587536,2.8840725727157,2.2715787769025324,2.288779105185478,2.147360992388386,1.4758623617511195,1.8924079241199867,0.6765342672740728,0.6339422768961391,0.5248270632758634,-1.310084726391717,-0.7435374185504312,-0.8959285203716746,-1.6725250448881335,-4.55292668230495,-5.17437530226302,-5.3131453482593285,-5.183055028871017,-6.382285498169637,-6.1681095809885145,-5.972824380978933,-6.6215736745548925,-6.842895346785263,-7.2561163008630025
-14.556589191248166,-13.661261315223499,-13.819889752451331,-15.166987840082145,-7.901777161921188,1.1921702441906719,3.278770192405004,1.2943304412096057,1.5893342678168274,1.4862251519972358,1.8560370482825366,2.033919519292268,1.6188568167801487,1.3055691450669886,1.0262097201105245,1.2523364057538589,0.7418493529621443,1.1163853672979727,-0.7324193640701815,-1.1060999948709818,-0.9497837581679998,-1.1665291103814253,-0.8825505942763974,-2.286665329974821,-4.189364892810877,-6.500207214932612,-6.612089151067548,-6.733436630339932,-6.33127902027777,-7.757632173871287,-7.437912929236357,-6.83096550605759,-7.126520601587381,-7.471394172481346
-13.168714383499877,-13.119200822145169,-13.946667693247583,-2.333565448685629,-0.5169241055028222,1.157507295596692,0.3122777048248359,0.626637072052921,0.7731131698527071,1.152963208112934,1.4169055616688944,1.2389462801447515,1.3486807218444425,0.16259375127011425,0.3157418579546513,0.7837986787667974,1.8313645226714133,-0.19342123661605418,0.04642235145111159,-1.2439745161871452,-1.051289469257613,-1.474957067295927,-4.492852643570442,-4.214818200458872,-5.086895081634994,-5.835055205119095,-6.412875199954488,-6.799668275590474,-7.061318203413436,-6.920638540594073,-6.920841631745497,-7.708927468582617,-8.658659108025134,-9.332380375523899
-12.357177342406054,-8.231898748398196,-2.8179762838896845,-2.3367849818720923,-2.174273159556023,1.0556147608930142,-1.676935085705867,0.22811679359395354,0.5418437318780785,0.7821233166792071,1.3879229446470907,1.0196884226674872,0.5307615044121325,0.28480306048526466,-1.135474576784805,-1.0292613984756371,-1.0196578018043883,-0.5597530687902149,-0.4251059272700728,-0.5340236839220386,-3.196679438494923,-2.2016745812715444,-4.280551129851674,-6.217472211592801,-7.140826839428234,-6.929924517974479,-7.1077645511649825,-7.653042706287437,-7.714827732444589,-7.958654511515127,-9.404504575646103,-10.319170866026344,-9.040078005953479,-8.798335159350652
-5.948330838608641,-5.110682158776332,-4.369848142116523,-2.875674360506454,-2.2653709076788817,-2.7670720119137475,-2.221570061088776,-0.7503124817705632,0.35875440619449983,1.206292727816056,0.9722025999818114,-0.17801927845583362,-0.1942817745844114,-0.2943666549626154,0.7488863907242718,-0.48413896911244997,-3.299686698196615,-0.6537048933812563,-0.7585791477996672,-1.0919210762102176,-1.9194904939311295,-2.6327053335408186,-5.462524045032888,-7.412491273746459,-8.439190266246657,-8.142129357013314,-7.520919035729765,-6.882522111094973,-8.991486901277806,-10.337777097705375,-10.387839189098198,-10.229739958258982,-10.584531667506242,-11.327954170111749
-2.074055555522495,-0.8832481576008573,-1.6809721798176422,-2.2941664531651926,-2.4158381470047123,-2.8804990519164826,-1.6968832034799959,-0.011169320640294463,0.382554186466405,0.6990985562862545,0.08973657923018483,-1.9881408587135354,0.5199700652749258,-0.8784147130397354,-0.010837899696875349,-1.4474196642631065,-1.3748899662911485,-1.779375692652869,-2.3579477717137314,-2.3034710376851057,-2.867847022602699,-3.9779121125202823,-5.995910215579294,-8.501345976786503,-9.039347192337322,-8.789312109448266,-7.607542620467658,-8.33052360639823,-8.034642176539666,-8.843087038092792,-10.47202193270648,-11.553883839936427,-14.215281429285076,-12.99470536598148
-6.7159028752838585,0.16647151190774484,-1.771578240500269,-2.3923995833530047,-2.9725446018561312,-1.5073146889981008,-0.9693461013439069,-0.9756527588026911,-1.2295988540200522,-0.7576433547954741,-1.1985730914128438,0.42215527249674695,-0.5648690846373823,-1.7931929790066468,-1.1868862241563618,-2.204235884656582,-1.288691639048275,-3.733417132734791,-3.2698481135415762,-1.2945362635949835,-3.352569621641306,-3.984548842042301,-5.150988195997396,-7.43664819871365,-6.472878424415187,-8.682032533996393,-8.92595574927826,-9.423813410713963,-9.408965415071203,-10.280655340026902,-11.172477905515573,-9.832245751187514,-12.126116768715582,-13.192737401871817
-4.4237480202514785,-1.3038349534546498,-2.1935863426042856,-2.928535224089248,-2.730895867621302,-2.7734341644502845,-2.668227669520205,-1.968596458914368,-1.6844987987731435,-1.2780945921709206,-1.7451998490981586,-0.5351958188315638,-0.4679054182010205,-1.8328003191956264,-2.424018521788878,-1.7534960083470201,-4.4256021194712085,-2.8655367452098837,-6.574273023010649,-7.041270631926174,-8.432871305593835,-8.921380061342147,-8.997348266061422,-7.9960510060495995,-8.876697924854096,-9.536014733563384,-9.204552015857162,-8.16241479171839,-9.30271180074936,-9.49397616057736,-10.713848834584882,-12.51407516249206,-13.276107744855842,-13.367180164284898
-4.235387775338501,-3.4987199327976097,-3.2354225379191783,-4.66486539839146,-4.331849205269849,-3.4008870133043634,-3.046393328133615,-2.577566968097855,-3.8872584568608723,-3.46830801958381,-2.681965762695999,-0.06835827496261672,-1.6148789701021404,-3.0478193057038467,-3.9254006591928987,-5.400982911667389,-5.182831246566234,-5.257342046322982,-6.28837008863776,-8.406748770741507,-9.050069392911146,-5.6396714038479105,-10.827350821182499,-9.156373223413611,-9.612228502079045,-9.755236703230644,-8.189369232879587,-11.5664081676465,-11.366748583836314,-13.081856385419405,-12.168946984779033,-13.64908910876506,-10.295811096955505,-9.412911515362486
-5.8029099348602164,-5.453836909151507,-5.574487029226662,-5.115652429719863,-5.114378324143557,-4.933741364027488,-4.307230474306319,-4.657027551646935,-5.910374516199712,-2.3777805730140473,-2.804578457125429,-1.7325669606778618,-0.5356942091407508,-4.636918644162448,-5.450349527329444,-6.32296991899796,-7.559795272837985,-6.5021407470514845,-8.439006018741253,-7.340556836354751,-9.761299074176575,-9.471686948720144,-11.43543010003695,-10.137036920761211,-12.057626368884907,-8.477656167474082,-7.656799090285304,-12.787750754744652,-12.1161667494964,-13.204247942124809,-14.889475697923888,-10.073869507580106,-10.089190462486847,-9.212419803938808
-6.374584665323287,-6.138727937220776,-5.934466721965309,-6.673767370136464,-6.2612328005789974,-7.031644336293472,-7.980419784190598,-6.1504662907083505,-2.792722350593659,-7.225157966138935,-1.8255395553232072,-5.825452873971882,-6.638657822725514,-6.413232825296906,-7.287564100563586,-8.108958369576618,-8.050034098233665,-9.055050021613216,-9.671758733806172,-9.079936146741375,-9.394102084623334,-11.856847208183735,-9.667514764615945,-11.64394806739151,-11.485817139822949,-11.210604928863422,-11.092673784785632,-13.498379764721012,-11.421179189271822,-12.444948790095776,-11.10953420327062,-10.239006215552255,-9.607880380909249,-8.979653349250203
-6.25083253317037,-6.957991019241641,-8.042343045337832,-6.933209883534851,-8.183137383808608,-7.098609981647288,-6.5851504907269,-4.978407759421466,-4.844076574024994,-0.7294738313770914,-4.971873101240241,-8.631494442989139,-7.868583529960119,-7.49779353288617,-8.4378945083249,-7.0764438163046295,-10.133504080660883,-11.356329389848739,-11.365765483337174,-12.742949187562463,-10.879482160065303,-10.618841446143678,-12.949543349473831,-9.979260025940743,-12.464156369127199,-12.695496400162197,-10.279092840787131,-11.753659948466858,-10.996151125637958,-13.67102127943388,-10.97507467580134,-10.76723219734828,-9.250279364101399,-7.875426498607244
-7.342662677914929,-8.344661527167814,-8.365943838735499,-8.721953178159563,-5.32603311367973,-10.14712371488368,-6.616060135106387,-6.441242939771178,-4.9932127828940445,-7.408432102516484,-7.662372495570105,-6.575533186795082,-5.594060194208831,-3.267962979674364,-11.395943222131226,-8.362858234604225,-11.427340038108124,-12.590292720934409,-13.229393590177379,-10.101885339327305,-8.717088707036721,-11.671616173871714,-11.969210685890697,-11.889531957019033,-11.545145621773836,-12.165885117756627,-10.27776579835633,-11.349390380495917,-12.410764699685021,-12.125990261318663,-11.254404670132493,-10.047512485386797,-8.391771648640992,-7.349357207743449
-9.067199500204323,-9.776865835470007,-10.346267567892765,-10.192193597328629,-4.936978889541091,-6.84229777555555,-4.440610342901205,-4.926226185273694,-5.9227144384104955,-8.175875913459135,-7.827333672289135,-10.698351046284442,-9.468010930019597,-7.386329564847927,-9.353761066294682,-12.422400998697833,-10.945076318838604,-12.906793436874112,-13.15056718705139,-13.531403599322998,-12.878698693094085,-10.405950930475724,-13.91237972999155,-13.716191027691059,-13.025920758484803,-13.486271267693374,-10.997055319817173,-11.076148705918918,-11.931207054409203,-12.58065378179734,-11.317574652572368,-9.713246717424164,-8.41993602553569,-6.911649671835082
-10.590643535181348,-11.49201123927884,-10.654873394882188,-7.864074618235185,-6.33422415643944,-4.557315703440205,-4.577167822891249,-1.9949204254915898,-4.124968671452463,-4.472457288119997,-5.571697195854899,-9.452509827573186,-13.583446881914409,-12.703851452242267,-7.539674114642631,-13.824155996076135,-15.040233249998133,-12.992397398984124,-12.401924937850184,-10.37591857142673,-11.879681463215675,-11.530001579965958,-9.08361724757607,-12.217039876373343,-14.592712928022124,-12.618831653814818,-11.56327800728446,-12.131468619052344,-12.449379782530787,-12.29298334827552,-10.713787926390731,-9.391106368795068,-7.775305590279219,-6.303928721947248
-11.61109781294393,-11.744888356715432,-9.824834819376186,-6.9639056196040645,-6.2082693879797555,-5.59489738251165,-8.36155484582109,-5.525447533117553,-4.719732732724404,-3.751178943504594,-5.571688532231398,-12.05719352307071,-9.580784935985642,-11.437196027898484,-11.414620145865296,-7.484865743384872,-12.049369459616,-11.798689854400026,-13.176972784639974,-10.947516209128931,-11.760275349983214,-13.062994750736472,-11.68709226027648,-10.996927434470285,-12.573489969425319,-12.652701541671595,-13.3278591106816,-13.174064377856471,-12.170764110473637,-11.828635985903087,-10.474159261099002,-8.405433102511974,-6.729855758270423,-5.665854589449521
-12.509129864656085,-11.428056542068758,-8.612412688494159,-6.7575744074924975,-6.3749228115626995,-4.845210681407778,-7.438560671799062,-6.449624442648125,-8.012803036793722,-6.952810893862483,-6.536447187963171,-11.872061589530828,-11.01063020559124,-10.499560229812388,-10.759452720826573,-12.526091588237493,-9.039832669837137,-8.90970753016503,-10.867801435610946,-12.51657518519951,-13.133418720660739,-9.710195517508788,-11.341386904399517,-13.864409586822742,-11.238928128081858,-12.810638126955602,-11.093986018106087,-13.76120359659904,-12.02381814987481,-12.194540349354142,-9.476708342106201,-8.328012441842,-7.030097733405571,-5.078797835569041
-12.50699190047864,-11.015132030867077,-8.165532395135358,-7.547319402498474,-5.30686149615848,-5.132231443103495,-7.437132880099416,-5.633010018302991,0.14021474493969624,-10.682746108935103,-8.825651737640543,-11.05992091126637,-9.583080223671189,-10.665213332176556,-10.099314939280498,-10.929584625859789,-13.803723533551805,-11.70049182195568,-11.454172444778317,-11.097667934123919,-11.98938378025314,-13.360863475625774,-11.646602551341019,-11.74732434459168,-11.597023213196808,-12.116153431996203,-13.388047501622898,-10.86589748871803,-11.815962002875505,-10.020790538734145,-9.065012872035773,-8.423438805632776,-6.834386836084064,-4.174388351860172
-11.763643121698385,-10.997068459044229,-8.566728998796473,-8.286276599569444,-7.270905776398103,-5.2655544197646025,-6.916040156451023,-3.467026897653658,-5.141998367278879,-8.238376320879578,-10.426805205240733,-11.721011566170375,-9.641697124115089,-14.595137354704088,-12.312340794777086,-12.012715988867761,-13.413052400911395,-11.670726753464473,-11.081079200807014,-9.219343880604326,-11.616768756854034,-11.115987711801472,-14.967489063047434,-12.0770274850848,-10.600288138162934,-13.612606733670114,-11.114087509843744,-13.0406718216105,-11.9447461471987,-10.762534092022864,-8.957730438590916,-7.6205322789514485,-5.0571458055973935,-2.9164313334654253
-11.70172333889783,-10.225270746071434,-9.351541075571767,-8.83454873059016,-6.859095092104499,-6.415886892984332,-3.681961926536404,-5.622878712778576,-8.426183567908064,-9.393164576492595,-10.842424463775094,-11.834076539443712,-14.264832102287542,-10.041652910713216,-9.083403174103143,-12.071111314867654,-12.882831597515757,-11.030997437197934,-12.151072411235559,-11.047264390989238,-11.648952869871556,-11.47255837224574,-12.60445443171608,-13.231424694210812,-14.626801249997445,-13.702251373763637,-11.666079089712884,-12.045629116926063,-12.39870918208412,-11.007641869542423,-9.302528144416321,-6.6137116819368265,-3.5275922423149826,-2.016488062450157
-12.356408607653647,-10.472480459403759,-9.584272969286031,-8.994457453573618,-7.2639444586220225,-5.802595615225456,-4.690755538494693,-8.605673429570638,-8.352870559959083,-4.383640260238007,-14.400219542710856,-11.981874948202774,-12.693526919251324,-12.10867799655272,-11.128322781262955,-10.829424370083395,-12.73601775082323,-10.380998469905059,-10.077619974794803,-11.062952061287607,-13.59525644888956,-13.040967897123348,-12.753809738696942,-12.315758929368892,-13.023467090403264,-14.024544270865615,-11.323928937994184,-13.926622871947567,-13.671979646886,-13.588552612430254,-10.564829821262231,-7.593437280921989,-4.092659257145402,-2.022522460680933
-12.170360970984806,-11.182516861881227,-10.380961098313495,-9.014637128963551,-5.48467029870445,-6.823440196944319,-4.992232997786622,-7.170752378645586,-7.074269327525165,-10.391459416458119,-7.132964386445,-13.02660541738238,-16.532115670810736,-11.179883433665834,-12.845188957488398,-10.215252954784969,-11.951934695407113,-10.92438798557092,-11.231201872248965,-11.705716488251745,-11.78282645296928,-11.651738269679614,-11.13269776301857,-12.366389741735828,-11.208630785187898,-12.568396550269487,-13.63825483934313,-13.712644887991788,-13.8208687919361,-11.945935134692084,-10.034131504639122,-6.996014903486452,2.060124274141677,0.6982068405275339
-12.359651246195256,-12.129709986828619,-11.58374581912208,-9.87872758002277,-7.800811989565761,-3.203148458039417,-5.144450820913237,-5.8467695669536575,-9.00932042108925,-8.187400954645359,-9.618209775959018,-7.284465807760609,-10.393333495726086,-9.737234606674868,-10.987469956165418,-14.2121973158104,-10.809071460629983,-10.232708434377763,-9.723552942843781,-10.8013009992039,-12.213612541445023,-11.984063932629356,-11.075616730062011,-10.16153438047044,-12.537349649764716,-13.44212311734438,-15.122543567385748,-13.652745030523132,-12.5103783467248,-11.256728509976796,-7.595815360431632,3.6238527817011428,3.3564970568815546,2.81155161366201
