script/wind100m.json
{"header": {"parameterCategory": 2, "parameterNumber": 3, "lo1": 6.000198445256149, "la1": 58.999992894266676, "dx": 0.5, "dy": 0.25, "nx": 22, "ny": 24, "refTime": "2024-02-03T22:00:00.000Z"}, "data":
[rows 0 to 23 of 24, columns 0 to 21 of 22]
-3.319649775611902,-0.7332811190783257,2.5750279658256563,-1.0234827997113554,-0.006046438639508365,-0.09407288656190183,-0.5239103047104763,0.403818644633414,-0.9931795748190202,-1.6278347197759753,-0.055358094296653046,-1.1363864391246552,0.321014582805266,0.4903549865956547,-0.7883905183150516,-2.814918581690071,-2.8460698573052796,-0.23219068797742257,-0.062287673004747475,-1.7244893650282644,1.6718637158170198,0.1573926703395258
1.0128945547244126,-1.484213819171431,-1.2893419673372932,1.204262046351384,3.036564254427729,1.6352958209843251,0.019012435925321838,-0.025355551025646846,-0.4238752250762664,-0.1423116349045831,1.1882016079916713,1.7471134705834273,4.017175717010565,-0.11622364118812721,5.655023111866902,-0.06531845121944665,0.0876988702935535,-2.176430779332954,-0.917150321045565,0.37989978526211315,0.9470664205013627,-0.6394673201499165
-1.0116921879423457,1.0197594100440643,-1.652188167572581,0.04670283295999967,-0.1694189801106193,-2.2061319656913096,-0.4514121598925622,0.9654128928862459,-1.3805038316290101,-0.2851950397397659,-0.5853035560838076,-0.12103537774166516,1.0465518942416254,-3.350291110254899,-2.1505210820229754,-0.5936014634562408,0.22355916363740685,0.8714457666474711,0.004240416006814055,-1.4870230122630834,0.8027829276153486,0.7628613353294104
0.34626074569811577,5.567545290574615,-0.11551172525109335,-2.7634607908675664,0.976381481694341,0.07855831656218554,2.1898403495942333,-0.2684746624229199,0.8483491249496401,1.8304321937548553,1.6793516620536046,1.9334894456601368,-0.25533543188893426,0.6259725368239814,1.253010592059316,-1.3910700422512063,1.2835428457123184,-0.32888535871423624,0.28990089109892175,-0.5593698263908382,-0.26965418526310336,1.7201440815247846
1.9800299967391926,-1.3978087652910827,-3.05224492282227,-1.4116120816002884,1.3799673193141462,-0.11073899085697417,-2.635559594778714,1.7452407393796152,0.9918010563565371,-0.12290121268120542,1.6244806650701207,-1.7622566631706031,1.048043724988727,-2.1534271866533548,0.24744090022077567,-0.34356441535274973,-0.4821955186728725,-0.6002867580350059,1.8239715704549286,1.1820202694658482,-0.38130135653244374,0.8718935495819338
2.9383844997473556,0.47545638361059395,-1.2593067626118735,-1.0539961092206538,-0.7208582683058087,0.3822606926725465,-0.10293660927704304,1.806420142738872,-0.49838801812257055,-1.182474303972172,-0.42598421277246834,0.3102943591160031,0.2262922191156273,0.6726178588444409,0.35326503717888535,1.4009687281944487,0.9825225432759935,-2.138115958080379,-1.643313877328652,0.6389005637348141,2.079114392362889,0.20399073153691638
-0.2391234948398269,2.4053845459927063,0.9302569212976943,0.5092444507763191,0.45991117087027017,-1.6328682502889365,1.0512321998318164,-0.02386697338198557,1.3130565634201212,-2.868458471739675,-7.758788054381078,0.0569994922295617,-0.31922235698321966,0.22996103335835966,-4.48822167152922,0.3168768912505962,0.10099620534385864,0.11873494333418452,1.2273668842678198,0.9484140145029576,0.3732344691181792,1.9040766008216479
5.650096867007719,2.077455884555337,1.1628639326778423,2.0029350325003854,1.3847501424113573,-0.4715852202801386,-0.5658098023614082,-1.891834306294744,0.13295180978093235,-2.768578160981595,0.4925899902689234,0.5269837790862533,1.7390278776693853,0.2328089305122465,-2.739326794035401,-0.6265799331277971,0.9506354834243995,-1.4952978725884996,-1.1888600452017544,-1.3227826171219927,-1.0641216710062222,-3.068698865535354
4.342915413573404,0.7482837056678904,-1.221639489367058,-0.26297733243380883,-1.45821506283073,1.1355180487653702,-1.4217529787351004,-0.872098844181806,0.6641850006703572,0.13932570123058116,-1.754029670809857,-1.6211020658607107,-0.4980590891341182,0.6248598127974629,-3.209685599264997,-0.9661536170881735,-0.08190938592580049,-0.14027445861227303,-0.45127899859738696,-0.6892391519974919,0.26979164299717323,-0.8955295405443409
-1.3836209010254834,-0.8870259904403471,-0.8744003720216864,-0.9149494922622893,1.0554775144334065,0.397436527848346,-0.6130179176240054,0.5039355495575975,5.328228978457283,-0.3398633487289635,0.5291538712172594,1.8660192586876232,-0.25762706300239097,-0.03198457930571375,0.038760671293080584,-0.9460842110747422,-0.5141268876852912,0.36780920511713056,-0.7026902660998079,-1.2472455834377199,0.2223093786144524,0.8791603341131793
-1.29605239096134,0.009691993906378118,0.6256265442062581,-0.38415378829298263,-0.7275151809209918,4.6768825675559835,-0.403608196745167,2.2060788943809992,-1.44033956765349,0.9327536768348594,-2.9883813560426207,0.13853517213442443,2.434143115755859,1.3177724868680858,-0.7868545129524906,-0.6359737846802193,-0.5945532104998431,1.7765006403763977,-0.5984221470806684,-2.66017421272694,-1.3041578072447086,-2.12712951862074
-1.299122186010706,-0.41958558464262125,0.34760751552783214,1.8946256148467358,-0.27970522189797165,0.36514131139863154,-0.4755956086919898,-0.07259657829670044,4.886909015351823,-1.7144521214461632,-1.1491395908377806,-2.022979568228733,-1.964339074458458,-4.657269077022512,-0.626941996556952,-1.766895445913066,-1.3653958580396368,-0.3746781238542826,2.011050538905274,-0.2878077284299972,2.6123347226084532,1.9604587468348282
5.941771364016426,-0.6031989282510469,-0.04264656074391882,-1.8571636039667283,2.458914956952905,-0.17027799653812548,-0.1846876159573236,0.4246354045460829,-0.6817990097211403,-2.157504441059788,0.1009434291592541,1.7276617175159452,0.7504882548598896,-1.240462467907241,-0.47956673290237417,1.588056314971569,-0.14569071611989762,0.12162855243394805,-1.6444539967965714,-1.2740053355024716,-0.9498961336787333,-3.0529685406445304
1.9202611974304644,-1.0809622503533143,0.7295758383693676,-1.0688140721176047,-1.4732390197559988,3.0917278495442564,-0.04963541117116802,0.8145539369535276,3.815081918398589,0.46698170236546993,-1.5388051088834849,-0.715762887658052,-0.6092653229627755,-0.41741793453310294,-0.9456201385898056,-0.13363729270343513,-0.13407181890661432,0.7025297432191199,1.2018620121453225,1.0544822242449703,0.11163783041339573,0.34759270881221205
-1.9885043520104453,-3.2534342782198005,0.014623686999660847,0.1835926828437177,-0.24462904073522534,-0.14492475686337258,-0.4453688489624846,0.304135338629012,1.922413485166736,-0.739367475317207,-0.9880023062494279,-0.05644452823852704,3.226390132031498,-0.06749331513509696,-1.0552222256882302,-1.1418842949901722,1.830611088799032,-2.274610151807564,0.3116480025431631,-1.2848474544495068,-0.15934936103304626,-0.1496795540422866
-0.4312048922965595,-0.5950890239887984,0.6406638959688659,-1.363701661244298,-0.5970048903027348,1.3511147016079628,-2.466978526809904,-0.41912822025461255,1.1747637763656023,0.7249345437893069,-1.1224132481620581,1.433739301518892,0.3804089773611102,-0.5312057683745671,-1.4201969806568786,-1.3426380201030008,1.2177664636425514,-0.7692468143711865,-0.6041397576298478,-2.430308880796322,-0.4082422132538572,-0.5500627259565454
-4.714369934739278,0.07854082817521453,2.022345505949032,-0.11123529358516004,-0.33880623032763163,0.3609263700709449,0.3737983419392047,0.18438990694378546,-0.2864100779045427,-0.0984807725806307,0.161392119853461,1.3582736918642075,1.9117409941145347,-0.7671780135360716,-3.728614478133788,-4.358030676496267,-1.2138591276615862,0.8398417665383141,0.11669451701041642,-1.6090894185401377,0.9999628989097437,0.45118829623170886
-0.3960117702501856,0.2310413195519095,0.9197317658026759,-0.694064776986201,-0.407160006233665,4.6111754526008975,1.297604123531417,0.8098191140396929,0.45401663858439634,1.6381467983378817,-1.1422008045104808,0.010150645589062172,-1.0483487708551296,-0.6882012397337177,-3.2328326271653434,-1.0409484340538262,-1.9341340097002244,-3.0673489180082605,-0.9950541256670131,0.17327972953594753,1.0442478401770228,0.8075531026577574
0.5405593193384182,-0.6023065007616827,-4.46447543178973,0.2801193283071799,-2.0068315521546705,0.6783740004410019,0.8666827651303803,0.9275130122956836,1.793047703309407,1.9562050794298682,-1.2425734697692945,-0.38379236461541744,-0.9622129510843741,0.2724219795778556,1.18074477182955,-0.8096491698517524,1.0923184968604012,-0.1932579097487298,0.46510717498762594,-0.5813110861074897,1.9238109993784847,0.8750541151976086
-1.363485168837383,1.5859881978518318,4.325473398193805,1.169948305231444,0.536349691310102,-2.3671140976074234,0.08455181387611893,0.4368534382771272,0.40906990455140596,-0.5367826613532787,-0.43867843949431135,1.116113911641517,-0.1457856470778506,-0.3485574870941969,0.2363036260397991,-3.2459287339804144,0.9155260399855009,-0.9150089967918748,-0.7389829616729039,0.06507963127413671,0.4385251539833057,-3.0577866209817097
0.7687913604925257,-2.017439206816372,-0.24568613102037792,0.1833176634710492,-0.10245095231340616,-2.9291741962833493,0.9276396600686357,0.22790872308275023,2.3061239722321463,-1.0597260940307835,-0.4001346156060651,-1.0914851365571827,-2.721317976114145,-1.6022817894669277,0.0703209216533378,-0.3577818255887173,-0.5146151388833654,3.9813069396345506,0.6439157011123241,-0.6295936989560486,-0.5271304477768568,1.4753615767511974
-2.0826686579349536,1.1983443784280952,0.2110344819274244,-1.1404135280797114,0.5476664323966699,-0.4646702523022809,0.34958110285035043,1.574622400918325,0.651273359248241,-0.6194678749779676,0.2129348993268789,-0.8174732251160891,1.766286000920041,-0.17047923854558802,1.3889566551150891,-0.34661708144742726,0.1740156457644859,-1.4900872601394073,1.7378821424120048,-2.272903224679076,-1.3131177358728434,-0.6860221104990682
2.389459205730917,-2.918738518400681,-1.6083575535676902,1.0679401971206373,-2.1742136332382307,-2.577169779008531,2.3664487617093686,1.3382204704854659,-0.027328133787704982,-1.9911196485805713,0.850343295662378,-0.2054027890561094,-3.3679063989919795,2.074175454413417,-1.2701458665517735,1.2234569176359447,-0.9240087869035684,1.916995080795346,0.29757280142847886,-0.6518136124642394,-0.5643889129616719,-0.7115788272698524
-0.19260982191049406,1.427787052330582,0.05893838305160419,0.15252155598060846,0.9132164477973527,-0.9894623884179902,2.982150372725273,-1.974046075821485,2.9588916131175758,1.6130501069601935,0.7948969896072041,-0.14193118777075373,-1.6846616077296124,-1.6217983058979113,-0.11392444309183895,-0.2519746388040052,0.4371690109764073,-2.6017566015661715,-0.47021980895762705,2.4567010799129365,1.333178186684064,-0.9341082556443744
