script/wind450m.json
{"header": {"parameterCategory": 2, "parameterNumber": 2, "lo1": 3.000054539987559, "la1": 64.9999836372058, "dx": 0.5, "dy": 0.25, "nx": 34, "ny": 52, "refTime": "2026-02-15T22:00:00.000Z"}, "data":
[rows 0 to 23 of 52, columns 0 to 33 of 34]
4.415177372560989,3.0739976770033888,1.3059833297526817,0.6607129042039094,0.8694916884984757,-1.6647909909647711,-0.13394359828967292,-0.185422184984948,1.0400275024808359,2.269683613882972,3.5747096031436443,3.084572319579342,4.35158232869649,2.6256920082304673,-0.48596337144432106,-2.7226285969879744,0.10598046471679777,-1.3599151636426523,-1.4705924077328223,-0.2146269383735382,-1.361438991986601,-1.7650795596243227,0.33472137426284837,2.6373496101820555,4.83867672237561,2.748194062311344,3.8492134609178565,4.688602674340655,5.1043016462754,6.1046837509780065,6.654159204732945,6.994368144564487,8.36993670583998,9.081828526898603
5.7932118875934,4.559147289106887,1.7738446013833966,2.024404408559252,1.977046272192208,0.14406667518639904,0.7209883173765574,0.15744543103726588,1.435285370066241,2.5371357456938393,2.8403793556521304,2.470790204827327,5.804074394676464,7.346769375001955,1.7678328044629976,2.8621160412878646,4.121965476740174,-1.8605733345292879,0.23114508057750707,2.199961931270855,4.702884100546774,1.9325783070632303,-0.01496714674355069,3.436448364008246,1.0102612652217382,2.3420699663767217,2.9318801722897865,4.168776716096891,4.002845306042519,6.463348210907184,6.916811535941107,6.439733151403572,7.976296281373556,9.161929002588046
7.014932980815254,5.914691452723383,3.5703715771547513,2.363041327896831,3.5601086635371284,2.664871953439777,0.5805489593653659,1.2702396452038718,1.7859278242095311,2.961668706985823,2.947838205194621,2.2818344889829727,6.377702264467126,8.47154174647326,5.926025269206098,5.068972956694228,5.2765915509224595,1.3017014950991321,-0.7518880929357677,0.6259795878095802,5.050922239710985,5.533288352735829,3.51408254168896,4.615973938303603,2.6668437884883684,2.2137227053650808,2.3263741441767616,1.7160986744501314,3.9165282081692774,5.307771307471082,7.161872079082254,7.018645756660142,8.232374019607775,8.655270230952228
9.088860462696507,6.126974988212342,5.630840636444167,4.057422327029571,4.228528947794943,2.9682083786889226,2.011053584363097,1.5522584891406415,1.9756882840917385,3.1049195264502347,2.6237212478242973,1.6296641282173634,5.519806747041133,6.477599403823332,6.006039133630608,6.732660840948973,1.1943624760499731,5.112537568914885,6.965128533864601,5.84209611381255,9.562860563239939,9.270987605834616,8.03645314773993,7.782412626772217,3.775578490331177,3.8233370790776537,3.0629265448379344,5.281864637659472,3.5147137695685147,6.026678256476546,5.781303876693715,8.471356547036592,7.834504912087058,8.09608210735545
8.94848548033258,6.098571105081061,6.624095363398196,5.3347959867976025,5.106415894887299,4.373225344698797,2.7099701859178422,2.2403966464588208,2.428793156788196,3.614357373788423,3.2073219563700435,4.685496927043765,4.624330601075492,3.6527691346977207,3.3529865507860888,5.742804176350156,5.38625035598227,2.8326275689391407,3.598421877741868,9.345607925090512,11.739401909599337,9.970944858964225,1.1227382391202745,4.600825519778254,5.768579581470067,6.228366453901641,5.817113317786239,7.2906534136073065,6.235332463748409,7.627593260995002,7.487805861629196,7.481990942729106,7.452626795774238,8.173163385580057
8.314245332152833,7.396795730129254,6.752001576983568,5.392417689299393,5.912043041397456,5.493425632720816,3.764393276630618,2.902965236704391,2.18349068176066,2.9353517782853986,4.475739109888556,5.343722948759555,2.0799873481353948,0.777680250685116,-2.3675736385151307,2.2892434338763,2.461285713889298,2.7325450971527516,10.003457377527237,6.280720102123564,4.054864374773282,7.606408998001876,6.616059817227262,9.60376675927374,7.800949509122451,6.633795985364221,10.218321068770818,10.349872619484936,10.886127705877698,9.558423842487038,7.507302955763193,7.690923375434239,7.292321195898776,7.858619543593502
7.698403990484754,6.335619810082195,6.817167482919453,5.931423740295311,6.4969322853260225,5.956891579260827,4.458358409144354,3.1627508077479547,2.0449487229275363,1.7420009673272367,3.74261458963102,4.531868990105899,1.4787182017166083,4.352959694393383,-3.152108903595667,-0.3829128725642258,-0.4569806323930133,1.6393432161265875,12.157790667515842,10.194231665595197,9.147256476792663,8.69483113324148,9.852349882330184,11.73173539971665,11.066517218878822,9.008316611083545,13.24203285824999,15.314064294511494,13.227065364447263,10.517126841363313,10.278157987583251,10.138177371880058,8.051787027500454,8.524748898000707
7.790811853765617,6.717733458109787,6.320033640170373,5.9429284427953055,6.12524050114954,5.816466100848505,4.010655165955934,3.2006157379302085,1.5211052620064742,2.208599848764622,5.030455418901617,-0.20116141688110736,4.306575943143417,4.794898003530309,3.191050677050011,7.512440131135106,-3.188752940348746,10.09838594968901,13.878253576282473,13.182925563181968,12.387679137078425,15.039191896963167,3.403411802113598,5.6029319760876195,14.26982739421108,12.824476891712322,12.735264109173205,15.902236783395344,14.377190591249766,13.680655213487631,13.67766570272926,12.368027522391627,10.680445799969881,10.28620031945599
5.898564775475454,5.950333654870087,5.705293120016126,5.274688494268261,5.162660899745204,4.637909426543164,3.3520346512110435,2.605713517426073,1.8503065397083114,1.5062989265618874,0.6097934673073916,0.8502444858448267,6.897179702111406,6.874418055424266,9.74060850120896,0.5566264971058925,4.482737135047817,15.978308233048848,2.254985731051107,11.429508207158,15.020944328031971,16.060200089129992,21.07081328419407,12.422916765277423,10.437790110360952,12.570842638731316,16.547371913904325,15.999119312484979,16.13954661818146,15.704920979853481,14.548164149404732,13.464533439631483,12.641374170202056,11.570248902720952
5.330783984501116,4.8983916912397065,3.5500413232975006,4.395280902779115,4.279966855621927,3.5550106965710184,2.1342392535166343,1.7928770896561117,0.9999651603929111,1.3322351561993762,0.17290287464525167,-2.3294901777933683,6.479712002412037,9.725976892598306,3.987345942349247,13.631647158757264,13.195878437062348,5.864649492004186,7.254988670971179,10.066476661722854,14.69580624281567,15.854571762537843,14.556786060728138,11.444366201291793,15.861429304578959,17.42711019611235,18.144029008146788,16.510610995223384,16.048608683287583,15.41917092712073,14.328941043407918,13.364231900910815,13.185497202399478,12.370447682127994
5.136240115921092,3.4172544350021576,1.9203221232396612,2.7196147798537536,3.2694920094174154,2.3110898994699305,-1.0881508029871676,0.10941081975388126,5.223593263295354,3.7130075772920743,12.207418479650839,0.29697702338650744,10.185543732044312,12.792888312395132,11.751993012496394,7.15397823961141,4.856801324931637,5.371137918514212,10.149873567329022,10.313362533436184,12.629873409043308,8.342086222619411,19.798876638679147,12.831484979714778,14.672381301066427,11.66538008350942,12.364500838856948,16.281169577002693,15.569643797184051,14.787228013817947,13.624950358529587,12.667753382356924,12.524240119311107,11.195420544749913
3.6141725227674106,2.3459466088053764,0.015782571202027553,0.7608395124850942,1.8797597881856178,-1.551693131297884,-3.976130168585333,-4.3807042136543695,-0.1993459610060251,6.518737568193052,7.790662877380771,1.5611604102321532,7.401049779616143,5.395443004423846,10.553639985439652,9.077198084448932,9.728135440822571,12.278996227142196,11.413503118570274,13.280127547148055,16.295020828010195,13.97528863341254,11.010328351606375,17.902776754863194,12.176389871690933,12.825704002758165,14.801402671851065,14.956721361483451,14.689787419978051,14.435300322711795,12.72117584296224,12.620105253211493,10.988923185457217,9.956544483938302
1.129343975753026,0.4852400538938822,-2.021402217769521,-1.4068964843950964,-0.7546749795735898,-1.2602715810041645,-0.7718711876929052,-1.0523314979953124,1.7365599656797766,7.686180274293783,4.95553060302465,7.550909777456071,7.771160448642706,12.481502216743324,3.3652603789032884,12.920387085533099,6.216128990822812,9.28892743439839,8.123473242819667,7.032186141201643,11.968899368620619,14.478414213382875,16.066526993311886,12.370798228367851,15.38425971263722,13.422181562657705,12.136561698201287,13.501070055789873,14.21494766937193,13.647840770276177,12.210650323271766,11.708728893083657,10.601089237129706,9.462059849429766
-0.02693377470293303,-0.6489377188165549,-2.5133597785845416,-3.523211432002605,-3.6092713639560348,-1.0217549105411161,10.37376559066561,-2.674162153188967,-1.8748302812573554,7.200043428690263,8.309500763111197,13.063263478793447,5.8909819012609175,-1.5228008173557028,9.166748964013694,10.948566601780163,8.960456593383805,7.7420983585344905,10.671132848837658,11.38140625703208,6.946558081008173,14.18634578990378,14.20501462874983,13.440207982104273,12.476741798539976,13.49830311831936,13.801176190368908,13.22648570860375,12.434991099473038,12.736455486414826,11.22558352591929,9.615977514287836,9.290088518932157,8.28259601172603
-0.7050799755525817,-1.5611422854258996,-2.689012229264037,-3.993501895831487,-4.56974145619789,-4.585502463426192,-3.5123367378036954,0.36233804131974917,-0.577253931810524,1.196097426414911,1.683956285087256,7.640468520699153,9.561041027894335,10.046329703862776,7.076108492227672,8.245575426509474,3.731695709059404,6.897655007211906,7.489873697336416,9.02643893023961,8.327787941678569,10.27299540706388,11.247411306002707,12.123511365151293,11.555155725594188,11.904383176022272,12.11269833928289,11.769898356541288,12.229222086541517,10.74582666578728,9.45501635962842,8.571251197450103,7.804841827574776,7.5959761756120106
-2.2623707901088603,-2.026394979907932,-3.116840915895081,-4.832493950098471,-4.335091292413048,-5.276665717305429,-2.754454187164265,-2.087652931557226,-0.4740679162380144,-0.29968154551013143,-1.3316680614264125,4.637926800067473,2.0680493302278626,6.823845884543987,1.0996080044073442,5.9842958941827895,8.724305772641365,2.6570586218035563,7.535567911374121,7.807480500577986,13.134217842488354,10.233059457636033,4.952949808265633,10.217005356238658,7.810397430846536,11.234338008427455,10.266861074672294,12.090995113005768,10.343141705865659,9.979281689622898,10.945568114379792,10.979139533730224,7.8707613130994085,7.2950761759705065
-2.835280721549023,-3.1768489653396763,-3.9517922069299107,-5.725658683872104,-5.724810970368108,-3.9704857189853096,-0.020077776207990672,-0.15556565465912678,-5.797567739107554,6.508067786874269,0.6262037383202957,6.949420095087995,2.5729659401184195,-1.0953112138994328,0.1836343574909479,-5.014533679795287,4.381148833266329,1.7864070763290028,6.976117352757722,5.158512704102455,11.30133260513673,10.75566168832276,10.066498555074476,6.816769427642767,9.868926342094724,10.057143473693598,8.615361003451698,9.577910234071078,10.651048568946624,11.032226011488799,11.16191081257119,10.850728341701304,9.049780875029056,7.60926035324525
-3.3874469071405984,-4.207639890784874,-4.644674919512124,-6.722221804353074,-5.434143314916927,-4.551267101135444,-1.4535900241673751,-2.5120621307138755,2.519191287760818,-0.15735693687281857,-0.49514375196823907,1.1408435651396893,-0.039157994468542554,1.0975960362980317,1.8327237696313845,3.1553326634325396,0.4743946792236638,6.392974231177861,7.846821161356122,7.760387548952361,9.78195499911087,7.349642341045709,11.035341838960525,10.66245290455736,8.927779942482823,8.171292692219629,8.57624190098697,9.492470822955234,10.077795181339184,10.205888288225303,9.707186767013912,8.641555700701483,7.83915834854555,7.462386284742713
-2.970475419565548,-4.624154933946837,-5.646686580642332,-7.621805946663572,-6.47379694882282,-5.7493492363031224,-2.0375178789662716,-0.3038355849142488,-9.112022455531152,-0.2704040369307374,0.8321272802981575,-0.7823395247820223,0.825182397512248,2.902552772159816,-0.9136116023614306,2.8035879644122055,2.260051414437374,4.0321802276828445,2.085785166716846,5.122753783514363,4.215948221369054,9.666060715274568,9.17608071609699,9.443085073908877,8.365434173008977,7.920966957102153,7.3277823858119495,8.325037586127761,8.072597686327699,8.818369898967699,7.8289966328005365,7.001775488317853,6.667661325169309,6.139828803582398
-3.7206862148735294,-5.466901163645594,-6.041204070664813,-8.999523654178148,-7.462259706500258,-5.097934524705362,-0.8480689834647538,-4.694959240515599,0.7431835823096354,-0.8246444129341951,0.02890349667487056,1.03314600929573,-2.8381878689681175,4.120295056665224,-0.17928976978696354,1.8724455691576112,2.393039830662041,2.2453342263149216,2.588346735457184,4.09500234283707,2.340196585314322,4.798287886180656,6.891635392512913,6.919580851775389,7.797263104364045,6.550533499934475,6.283881817387675,7.8932588790758,8.30045044443895,7.28193301244597,6.117262385641838,6.040796987092418,4.797349498514901,4.655027419204555
-4.353277420080239,-5.516490103485419,-6.759828583117511,-10.243972859448618,-8.237185537263086,-7.235451187240966,-10.715042287826243,-3.1922286807010005,-0.6343156430002628,-1.9508081791267962,-1.0446231495407066,-0.11922473652182665,0.3215854485809131,0.40602545368913606,-0.9010578384528528,-0.1893216319551897,2.109284422628305,3.1505372185325666,2.7648775903081875,3.682532124566567,3.320510108171915,3.546907515280323,5.5733105220087,6.048638767559879,5.369141986193751,4.374056089518999,6.220697579379867,5.830298394203102,5.940895773447972,6.058349487684747,6.039531516012557,4.861365820850331,3.6896072114305336,2.8297500599602388
-5.010740321683398,-6.170614679893253,-7.280118779482344,-10.474736766437383,-8.899613685877181,-6.405944347543238,-9.812479986705,-5.9423136846431985,-7.096882542974227,-5.170450420397117,-2.05189545661682,-1.1703044730011907,-2.004280309343611,-0.052781778007374255,-2.1839974597992664,-0.2528905266268599,1.2714562317604206,2.4670951632516926,3.500391539980142,1.4473503205872067,3.9370444134644456,4.428054601138387,5.181260272748299,3.895607717228904,3.2405378775674345,4.532072114355521,4.597888696194284,4.915538844732546,5.807734825837548,6.233258243937333,5.888325249819672,4.084896344483067,3.7252478649180762,2.807001950778514
-4.965645455892174,-6.590778229967958,-7.4284590540422615,-10.265425522037404,-9.53214577935813,-9.094106021121387,-9.46142730790496,-8.225905453566849,-7.508287594890396,-6.961319462067427,-4.71125841377242,-3.6016346276956255,-1.0014013215012998,-1.4574914533525904,-0.24950844322583174,-1.268666257330236,0.06732445173712742,3.0984962950378856,2.975872231030237,3.8992485607489775,4.080310835370042,4.3777790560960375,3.7863466828508097,2.71109552775809,2.0283292713671006,3.9735595492738796,5.63573672144011,5.153972433406359,5.447142925273797,5.398569074307446,5.2150712899968115,5.048710895683214,4.636708986159841,4.749020625620892
-5.333102494759026,-6.68496770577741,-8.275010486398488,-10.532839502040085,-10.317596088928598,-8.763796879984724,-7.693658598499097,-12.296034719941218,-9.257988653879979,-5.3872072212304865,-4.847936192118891,-3.4532437518422316,-3.112339247628244,-2.3193733308702265,-1.0420677150237234,-1.5434874241472771,-1.3943969236096923,1.5085586784610912,1.8850683340573002,2.5389601827064485,3.7103236452703485,3.364552800739057,3.066003507413078,2.401283427879724,3.800845660474822,4.948958674470819,5.144037422785411,3.7738017379752526,4.55888116431224,4.257143966761975,3.7456154393699124,4.572261451348392,6.0336130745565155,6.978781451472932
