script/wind10m.json
{"header": {"parameterCategory": 2, "parameterNumber": 3, "lo1": 6.000027932988019, "la1": 58.9999434238085, "dx": 0.5, "dy": 0.25, "nx": 22, "ny": 24, "refTime": "2024-09-07T00:00:00.000Z"}, "data":
[rows 0 to 23 of 24, columns 0 to 21 of 22]
-0.24764864751029372,4.579170498141773,1.4763065511600642,-0.3316022981366939,-1.5224274813196736,-1.5114769596815372,-1.1513432361606986,-1.6300291180456352,-2.6678307485769563,-3.047112433968775,-0.5512625426696107,-0.22347327290531002,-0.45543164746644144,-1.1340124828189642,0.08259301637495413,3.253191628337035,0.289648753396259,-0.45248379362859803,0.6692156872230932,1.350979736893039,0.5789154736311386,-0.424761750527225
0.582430348589913,-1.3351152378309774,-0.9000373188313912,-0.9688797618853194,-2.140180082259523,-1.2520751223042041,-2.0214423302628717,-3.4366643964242085,-2.690903539899177,-0.7583395677740813,0.027370704779046132,-0.8488249856501607,-1.1611569851989474,0.055116203394686036,2.277276703852323,3.47009418041938,0.48166164542263523,0.9605320736557874,0.9303311067160028,-0.8283458601681883,1.038457609156686,-0.4499715928554592
-0.3402628536951077,-0.4363053724354762,-1.4042664897967465,-1.9159813426590728,-1.5597645660534785,-1.4940846689095504,-3.2681269697259143,-3.80342391580528,-1.3451901890603613,-0.7292845477068293,0.9190743161915268,-0.10180406284676494,-0.39103919314398095,2.7205952443230617,1.8809403798129796,1.0157310701561373,0.6690902533011753,1.528374496657457,-0.11423960424722542,-0.04207992862352863,0.04083595876828497,-0.11828252637666126
-2.583466905378077,-3.3482922592610325,-1.4925152747171966,-1.8007709027993022,-1.6787079000324017,-4.133437715544198,-4.833231342903717,-3.1129638754944913,-1.7652345258813875,1.0169179970193551,0.6084413083716644,0.6495825630446426,0.7453353874438706,0.5868404722063061,1.9418557969741916,1.579974508335461,0.700807829551556,-1.014150966056894,-0.4405106282965223,0.6482091416053433,0.10989488892219838,-0.5776632664895782
-2.1694485798840475,-1.7270124090881684,-2.6370782223091935,-2.633310631020544,-5.0001875068575234,-5.543103137994356,-3.2290910536542192,-1.9058853140177168,0.5860818213187884,1.8823451477569266,1.7395627716577537,1.7696204304386882,1.037315558472784,1.0312205204203622,1.2195142782098825,1.0171250415190576,-0.26382971179286246,-0.40251060821605655,1.423450680748708,0.5042426268816285,-0.8999170276371138,-1.213473275316834
-2.2544322043806284,-3.121080281945952,-4.438277224607174,-5.323266716399011,-5.062060919355427,-3.539644215886323,-2.2330330853630134,-0.4015839872781813,0.6787993527234383,3.4170967760817645,2.229398460931675,1.1144593203834783,0.4338230799051795,0.29244484233200385,0.9791885234802196,0.262571890067375,0.269039942071754,0.6659833707352698,0.3525379204494318,-0.18388789744610323,-0.9692566636064913,-0.9464050855609316
-2.293744131701006,-3.3001900308576677,-3.9044182526531577,-3.735590061850946,-2.978906329306314,-2.2761749150237254,-0.4946399619518907,-0.025180187546328923,-0.4224273264524327,2.2381872233349642,1.0023821467949399,0.30706978756531317,-0.8118495407112136,-1.000877135879047,-0.7674156080975292,-0.31385602249921923,-0.9850021895899757,-0.3329850405804164,-0.5860522545048782,-0.8959883300198956,-0.9568090928301335,-1.1954597393049873
-2.4418754457062612,-2.6543338771639844,-3.079031205617682,-2.601880041329842,-1.8376020736769216,-1.4959263737667607,-0.18360271745089246,0.00990760666687219,-0.5632861701674912,-0.5207389788656915,0.1095266668802421,-0.3646184441616996,-1.419648644173701,0.4368111050509009,-0.8751960878335255,-1.199282933917683,-0.44011413324421833,-0.33958831373896886,-0.7495117367555155,-0.8580437822185236,-1.392983781072995,-3.10240683479688
-2.412868059316515,-2.6204835832451905,-1.9674976747283914,-2.1425387363155375,-1.3146048128363241,0.02507530000846455,-0.9789951323773046,-0.2478811609028749,-1.0435567703112494,-0.18494293468564987,0.1274565834277599,-0.9495993133676972,-0.8997255367975057,-1.5384308644719664,-1.0498005722952255,-0.8310507265217816,-1.1606029343117035,-1.1036372665505707,-0.9060220696224521,-1.3212677728953603,-1.954160739634036,-2.9500052257887512
-1.7266494166555002,-1.7206035582009616,-1.4333442435251642,-0.7158682820223871,-1.192126770793093,-1.439644949057794,-0.8983488860045336,-1.6932095141393486,-1.8021023037928734,-1.4629593849148557,-0.821819492831721,-0.8306729325101173,-2.685008915279594,-2.227322529162492,-0.817749816712317,-0.9096766569821114,-0.7904859745536906,-1.1931039466885855,-0.9543989809091866,-1.5931740047405896,-1.7662168136205914,-2.5412517931952476
-1.6261237004921993,-1.677182574171408,-1.2513141866279287,-1.6570960525756302,-1.9368386334050318,-1.339288237321044,-1.429122504291897,-1.4424033722339393,-1.3980807014245125,-0.336611324159412,-1.6895482679936225,-2.7234598621644555,-2.7865377894291052,-2.268752152830865,0.38401680930751375,-0.8772771898777689,-1.054769484677484,-1.0741252810331965,-1.1757742699247777,-1.3407577876435486,-1.7049620617772396,-1.8092398070114217
-1.769792168629264,-1.6141850312622283,-2.2421246171982325,-2.9441437147766036,-2.816856481609347,-1.5238753104046974,-1.5711959104225646,-1.3425062505173029,-1.1117506384028473,-0.410853072061361,-2.3370864768056676,-3.107785801964764,-2.4589838864140736,-1.3252529696866724,-1.2510187050895605,-0.9135559032272436,-1.250632177303529,-0.9662988895726519,-1.6257767782756274,-1.305770770319454,-2.3228132619688795,1.2647527037684967
-1.2469699543381163,-2.1600665176777767,-3.051547866894952,-3.290420735356753,-2.786939742446727,-2.5492069837578217,-0.8649301489851422,-1.4465596873632587,-2.0456846796202677,-2.3946813522880177,-2.76962762205023,-2.4236617287585682,-0.7968876511806685,-0.9357353388220996,-0.6862793202761109,-1.145586180519487,-0.8836972749937184,-3.915647183981555,-4.383596647340997,-3.866416909387227,-2.014928915855432,2.4625652415248864
-1.4136371161619348,-2.1411847707596148,-2.369362578400618,-2.4853443612714585,-2.1675216448495918,-0.9541311931689661,-0.9315742341644483,-1.7199749765220367,-2.9253609578662125,-2.8851321137595036,-2.1678886043719707,-1.1005872043639624,-1.046769754099922,-0.2294757887178227,-1.024021617932192,-1.5373065470704637,-1.7585799623794551,-2.7455450608859624,-2.4158074211039673,-1.4706208024954168,2.6497958420478454,3.162961731499859
-1.7002806404969082,-1.884694844218001,-2.100397795759065,-1.7331512316449214,-1.991848844569912,-1.0445210030206635,-1.6597757690380945,-2.1930168676642947,-1.0515036485659612,-1.0679425197172803,-1.5745186139393683,-1.16044785636887,-1.009059444039547,-1.6018828543493002,-1.069099189453783,-2.2946456137248883,-3.264335696554473,-1.8139154078948772,-0.6949385970669077,1.8533260549295834,2.773090909816857,3.4787062111868683
-1.7186055018934072,-1.6805971431120912,-1.4129769297524084,-1.484256201596687,-1.5980666194666813,-1.9321847533360736,-1.764608458961712,-2.4144820713886697,-2.033382484152507,-0.883413715223036,-0.834076403822128,-1.6747053887961962,-0.6912258399724881,-0.5320737503468043,-2.281454595530797,-4.18237457057371,-4.423905559348844,-1.498021720012433,2.035129992503787,2.0400606693314125,2.503227041784566,2.814494274542792
-0.735044336055934,-0.6137404564369697,-0.8413044214666818,-0.9465979640368294,-1.4704695316833811,-1.8155537493424991,-1.3450499269436353,-0.4820868160690513,-1.1653543133205007,-2.127724485993325,-1.7925706524285365,-1.4395192731691528,-1.2229746039025797,-0.46603903919605943,-2.87376349837838,-2.3299201708592823,1.0811763541245338,0.5221309125332609,-0.30241575079272903,1.3906246833217077,1.6773835798671939,1.681274750826769
0.20444154116874502,-0.10930702320918437,-0.5446811091152614,-1.2072530752413895,-1.3011857736326382,-0.8544782944683801,-0.5621748692652445,-0.9866852509709183,-1.658392496107286,-2.139453158450283,-2.3734462299710715,-1.535516706267242,-2.3795636021317197,-2.594333083960634,-0.26041117948575954,1.2223903698781724,1.4085042197737079,2.039032936535502,2.2651805536752376,1.7558656553797858,1.0768705226845965,0.8183578017860811
0.9366399003117657,0.470696180367649,-0.042430011399574315,-0.7855900912967855,-1.0408812362599327,-1.2469118770918928,-1.4233781109833072,-1.6500040547172559,-0.07187339132569508,-1.0925700293181613,-1.2619696232264042,-3.33160316161986,-2.7202034181578867,-1.1481328757851113,-0.07077179871385117,1.0579968030728486,1.018021766269302,0.3411105539006965,1.3828559889457368,2.072767430287969,1.4910309183449209,0.7533326803881075
-0.19976577153203437,-0.7132714015242878,-0.3509314102055563,-0.9643189861148759,-0.7671598863892719,-1.7625935687579233,-1.5638583744532357,-1.4732422499577762,-1.1138644675691798,-1.619853722433799,-1.2804796045205438,-1.3664171423965237,-1.9346990069461343,-0.8241950011270933,-0.07676167006282733,2.8124590171533574,2.653685216510993,1.9640549979225406,1.7153833537021022,1.0287294493306844,0.34903557123122336,0.9343207225717803
-0.967780879677322,-0.767532897705719,-0.8221069642278418,-0.8114092786127517,-1.2336733763337926,-1.5768036500694183,-1.1844643772612373,-0.7692105886517514,-0.25496432517803963,-0.6546865788523272,-0.3259466468649767,0.28338967527232545,-0.861427350819034,-1.0934148629192322,0.38821985594942937,0.4420994931084538,0.6570876294438187,1.631497184431438,0.1904509752244316,0.24151874946006344,-0.11012461017242484,0.7459450113959917
0.19348355756827504,1.7403971096321114,-0.837812360807265,-0.027694600537164632,-0.9460667025242738,-0.47528182361505683,-0.8107524509894027,-0.8339747306705267,-0.6760073226600404,-1.3669576783916422,0.6569309852892711,-0.4710734257945371,-1.287953543166852,-0.9665072616987991,0.041750940745769134,0.06566321101749545,0.9879420000241034,0.9545619550786052,-0.0672004874468732,0.658031209415837,0.7958026323669674,0.9307331984033996
-2.944826593450033,-2.9427067313793387,0.7604155212949714,-0.6163494329123934,-0.044283087455544726,-0.7987644148740048,-0.9245823639486961,-0.27884282891967205,-0.07329725543766766,-0.17531955900460144,-0.3113227105271944,-0.8134789875841032,-1.3732722041700927,-0.6411001666992754,-1.6168569709729896,0.9732651589220818,0.6605824093595491,0.8718524190313004,0.07188331086221804,1.1002730519366963,1.1135189273501818,0.8347098431239068
-1.0335426820488411,-3.393469953482156,-2.3201808442350096,-0.8364083301940292,-0.5892213673241683,-0.3249622095840758,-0.11549003531938141,-0.35196881668088237,-0.22241381104038166,0.12353112064411212,-0.408669992631259,-0.43279074155377434,-1.028901074569676,-0.5087562825006732,0.03971860921136148,-0.034001210210048344,-0.4651197647825252,0.32862176235161683,0.18472278084727828,0.03398521475426555,0.11038870203728629,0.3021882735641913
