script/wind250m.json
{"header": {"parameterCategory": 2, "parameterNumber": 2, "lo1": 6.000198445256149, "la1": 58.999992894266676, "dx": 0.5, "dy": 0.25, "nx": 22, "ny": 24, "refTime": "2024-03-25T15:00:00.000Z"}, "data":
[rows 0 to 23 of 24, columns 0 to 21 of 22]
5.68964965332319,2.4926606365399513,4.541225805585302,3.61340963196397,4.504041853630262,0.023598689716606266,3.8651978856771407,0.6984261300525276,5.5919530702587705,4.943333788480001,-1.9197481539644676,3.5247102121038947,3.3745209022898526,-0.18073152020869168,0.05955516999719524,1.678344681536642,5.583263430248233,4.167613595006189,-4.0400020961304035,4.079344401648154,5.478132320356262,-0.9113272770471679
-0.9371845189448987,1.6937167327948779,5.372831248295694,-0.2988252158736199,1.3812985319557394,4.943767722639938,5.508269965713803,8.398388820079044,5.543398725874468,-4.001917394400769,3.6122122154185896,1.6670350428023812,5.564331074829013,5.254988256437346,-3.2946889696800925,4.938576445174003,5.151376744270376,6.538406857517177,4.88214049013549,6.855196855987441,4.624279714110647,-3.399026756190344
2.2201076819368977,6.942331878095653,2.8950297632663,0.8877393847405082,5.614328003549185,-3.047256619947249,-4.412974192777269,-0.38276766551416846,3.561307649580604,5.48884960165572,1.4395901395200978,3.9767835952263724,-3.5451254954696285,7.968701511815427,6.934426726073023,-2.9654315755245406,1.6089829688198587,7.046009026281456,3.6447727546250577,4.322389558784332,-0.35402921699963047,2.9980198143796466
5.803139639050527,4.468715958798377,3.420050330263397,5.523630599360456,2.031997236471684,3.7496162515114033,-0.09726652785679928,6.425583516648918,6.254592355371008,4.549570394326584,1.891842343893429,-1.2540931722854853,-2.5654255651265645,-2.3027720832302943,4.161776682861115,2.6795009879630967,5.508302139747478,7.115686970157716,0.9428571914352579,6.706496590880098,1.2564451139654536,-1.4216451809534403
0.7319360226527757,5.588793028544628,-2.794700520149324,7.476687268387446,-2.6747277993218925,5.493913281242235,3.591781589358188,-2.9364930049975357,5.087567991852429,6.017133325978571,6.104218007603174,3.905235034474507,4.015312475258851,-2.948288886945266,-3.9496235775271984,6.277032063450655,2.1970190121767805,2.4839141169950043,1.948387559152764,-3.5820956226064897,0.14281161943559592,4.181882688246493
5.515744281782594,5.617165940590301,-2.9094825870646317,6.382948728802382,6.400185605814209,5.460030487294693,5.716745477960935,6.275531788743631,4.385399114641091,5.803870712256931,7.35048299489325,5.153155562776089,3.598043218457056,-1.2144462526004516,2.6017141459733937,-4.33216583458167,-3.358972878330192,5.242444635911137,6.008203270936846,-3.4323225389925973,4.141810521826471,-3.8751409019889813
4.320123753154438,2.773813253051626,6.345953903536015,3.279028107896669,3.258279550368335,-3.7674332408957505,3.7458043679274073,1.5458077426232812,3.853286046839566,1.7280570065708678,-0.5985257281428601,3.3361496155774994,4.974269119788705,-2.908805557659022,4.42394228170413,7.909866221627031,-2.6224487637834204,4.094295451282018,1.479121823422588,3.092518091560363,0.45604748440257536,4.515284067661887
-0.2762965095438082,-3.1937626445549814,3.562095650121043,6.493476493097689,0.405214721033306,4.265212249977441,-3.303486215591516,4.7559746405601375,6.104754940797571,2.5776470657327035,4.803014971891459,4.912284361938991,6.533542931913811,2.068449830491282,0.8849327616042342,5.232672670539578,8.276006774198214,7.47700153630969,-1.404622562579062,4.5763957624233225,5.2140125600626,2.4579196393812195
6.206435283647788,4.865379062686146,5.320009426410183,3.7656218210520533,-4.463897473407448,2.329397833636813,2.0047385724637095,7.159874521236444,4.151171959081544,1.114999807656278,6.0198337641612705,4.377618862895259,5.6554841700126985,4.088217789203695,1.9563193761880655,6.696180407170086,5.222276558050917,5.958259493775996,2.4172350056665235,6.073134779204159,6.726910577975672,5.258899987944554
-0.5364829751733804,5.645850192470185,0.04440194098017078,5.269097325412284,4.506159562663304,2.314830532311859,3.932624380328137,-1.1796412238753091,-2.413006166688573,-3.7510149394380847,3.8427031369323137,6.073956174797053,-3.0947839494027143,4.643294436212536,6.18177385755734,6.5049581117968,4.079838054089172,6.835292825892031,-2.640902836289048,-4.076960072581816,0.9056078469164864,0.9466635949034564
-1.7254946044601789,-1.9816699868905627,6.141589535326754,3.0916704325584505,-3.729076168980146,3.4853937856034203,-3.199847076673329,3.649906757381328,3.685261169249472,-3.761181737450749,6.720555602534157,3.5141771543510054,0.331503902848294,6.264699328789074,4.68628739317536,-3.5945762744054943,5.642411655438431,-4.8847993469287365,4.696269321306968,6.751182784194863,4.452271325655043,1.6214391356104425
4.836724469841765,2.346222422023279,3.336581595256912,3.112999652148752,-3.71952109364779,6.2047132691601625,6.848689730866831,0.425709624389932,5.112939489019114,6.349643548689888,4.8596134755242915,-5.26827060210969,-2.195225972953993,4.2015109577047856,6.164352781127386,-3.593565094245949,3.7437391476233604,1.7979151140090937,1.8453544071496735,0.7237438167302602,5.419956471996429,4.087080998583618
-4.6855893671923265,1.1158545492963392,3.5213190108157133,4.60389560913485,-4.548146543450597,3.368758622901593,3.7383269046798353,3.8075702884916756,5.00644834493884,6.318582343092782,0.5619689575779242,4.8904652745507935,5.78051947690668,4.983463621941052,2.4756687282205405,5.94590417467925,3.9095485083486325,3.631351224137699,6.015458245703014,2.2619519473239738,0.43400399182603727,0.9723445347280572
4.126643758475051,4.310581847760899,4.559824190912506,3.0877736105429396,6.5105596397625725,4.243843910792088,4.913461274875216,5.2896837011796585,2.822064426655316,5.86963123629876,-3.5306529825820894,-4.537615679725244,5.9773638143775845,6.815506938522927,5.249567834798777,-3.6237306971107968,5.3837272678389905,0.06407563532085096,4.8225152973325445,4.832953042685278,4.556479805831125,-4.320582945949663
-3.681559593208863,-4.695138670771046,5.390714500874288,-0.6547760426109941,2.9635591813789857,3.832580548510837,4.517628318020645,5.69864604471362,4.008833681833623,-3.5520069517497483,6.5990303702379345,5.102980637159315,2.217904965994693,0.3937338493092721,-4.239497649700984,-0.02596209024976167,6.335542167401742,-3.7499107022739016,-2.8144130380844175,3.831361723623005,3.283486249592923,-3.726036484734053
5.584008254655356,5.571505659072092,8.051405718341313,3.0873018027269667,6.214765533688978,-5.015560348496774,4.473270010347915,6.291000323513815,-4.554482150847899,4.3699176260097,6.251889196605248,6.128816986328622,0.20027673833829912,-0.8910286640144653,3.0735070483374547,-0.24728625346377014,3.279936313687634,6.882458853839737,-2.8009887564381026,5.946544637577143,2.2831164324043005,-3.079748645570526
5.607214931881856,6.503168623291781,6.343290241273384,2.2403240965941515,-3.710250634111472,6.686652252776968,0.6425956868163353,5.970577283334101,6.8874259862711975,-4.600621593380013,-3.0863083366986666,3.6635039964127722,5.784057887665217,-3.900123396510573,-2.981106395524157,-4.055450461683912,-0.5808368990719787,-3.0448641069553424,3.0973553772644626,4.376426977125809,-5.037856743019796,2.70517749936485
7.613860148429902,0.8698869286538242,4.4924113783940784,5.652262936449512,5.841614229442057,-4.158925011071693,3.2789332657285892,6.978036100876836,3.58732029650699,6.0267800949824935,3.1855755855830865,-1.6829768921364219,2.837272431600988,-1.691312098088884,4.711421810272489,6.077550948356861,6.616326292068603,3.6634330658425855,0.32851586170973385,2.527603819297789,4.249517849258066,4.857549500825757
-1.8390738866848753,4.063126745643836,-1.8343564075697942,5.956226905064164,2.0655445400471817,6.294960004001587,3.98831023426877,2.507345709226253,2.9086510497644693,4.7774643285631475,-0.1360869609528511,4.371758240444174,-4.71103688648117,4.630342047728996,6.800318238039855,6.287936931478324,3.3634991974784603,4.578876563655472,1.8933189435594582,-4.215857913506811,8.078760579104696,5.612829975717816
2.860519648749281,1.519205624064048,3.0683404496560516,5.57416453266757,5.911565917011043,5.50856729270558,4.762858617816052,5.002409765544635,-0.9516336641765863,-4.315835412106508,-1.5814136588705097,6.163596717400907,-1.3105875704472771,3.265061434402327,1.0958644931401313,6.1327942269143385,3.3921214641773436,6.376653551084606,-3.3891021775838333,7.438036983068993,1.7004543134273509,6.032424051119653
5.001694283029468,0.851770383341441,6.551197842835731,-4.858356569949557,-3.749212669333347,4.429536866210456,6.524506908404248,4.036583285131227,4.502822062604146,2.5780233815424434,-2.8264666375676692,-3.037026802066165,2.375479374670845,3.459839795630333,4.0841828911170905,4.526694766242531,6.426088469326197,-4.49457066470591,0.8827164987883831,-0.48293869759451935,-4.713344906672306,6.364110312651762
4.258586562655676,0.7862595082307856,6.553895219994585,-4.07029758261339,-2.868398409630474,0.8527556965770638,6.080164312457844,-1.7654169831665563,5.5881189727217775,3.6632540164643723,3.613017732810934,4.621439751486477,-1.3416490760541915,-1.4851781341810004,6.180133451321927,4.448300000637302,4.614277729592635,5.14034120359901,6.32271128583293,6.836895889739562,5.982632747533698,-4.560349698067156
3.6903043270126017,-0.07464719335199883,0.7012906965459647,-3.1774610082648245,7.69355487853416,3.132578445564409,-1.953136263073653,3.029373093054568,-0.5187585128202681,4.177202378379485,-2.7498608637440394,7.188255108348235,4.217951699106935,-4.266149037907602,1.1885354378496085,4.746157736019387,6.4595045801605915,4.94143134841134,-0.30810401260337467,6.365638049818258,2.6700328159884106,6.785133478407664
1.7020660045331317,1.9582854724331682,-0.168153141496054,-1.046334445165943,-1.385121381528988,2.206376416408947,3.7085347332175203,0.5548198410190177,5.13332062371204,-3.642450660373737,-1.8892899700832653,-3.6802428034758674,4.942196390701829,-1.2971372275858268,-0.5182458794541462,4.762811769774101,0.42955741771152034,5.399910654678021,5.06213823270156,-4.471145548274696,3.2565072381909124,4.577064496700799
