script/wind450m.json
{"header": {"parameterCategory": 2, "parameterNumber": 2, "lo1": 3.000054539987559, "la1": 64.9999836372058, "dx": 0.5, "dy": 0.25, "nx": 34, "ny": 52, "refTime": "2025-12-31T11:00:00.000Z"}, "data":
[rows 0 to 24 of 52, columns 0 to 33 of 34]
7.922038532770882,8.700572535660045,12.253870181286072,10.732912429550543,12.493696280211301,11.82740774132289,11.66610076967707,8.284312938540113,7.520430061377617,8.430220066507236,7.705508239588872,3.272120371985944,3.618837853427407,3.183962354971464,4.92343422189985,1.9349029565697446,2.5967807192474894,-0.18202877847993185,-2.000779951983996,1.405661565082583,-0.9728730291347152,-1.0887547535140887,-0.4367406211792993,1.0670790586341063,0.32108423938687086,0.9515057041094762,1.0029507440373497,1.2230439685484154,0.7263199275537816,0.9855782601837824,2.00763460977071,1.5314422152383909,1.6128216075853303,1.7828245385131223
6.561018981271896,7.589461168137877,8.746494378753097,11.337345297711868,11.613560490859399,11.734733458638097,11.695417448990641,11.341869052256538,8.079795272523187,9.23061033088369,9.423730803414148,9.771447300575652,4.679725535825815,3.1723391481927563,5.412773370517894,5.099510928391801,4.187010752751862,0.1924893074012822,2.229040340631232,-1.6869982040393845,-0.9940678827889333,-1.2265139986010865,-0.8093533335192812,-0.26700726766627253,-0.4426286474865127,1.2879347476530958,0.808280396476403,0.6036856192690271,0.8123556287189809,0.9713059060980506,1.7598652497331495,2.1963337646153405,1.3622870910529785,1.4566312861321413
5.055125248252832,6.924928128927462,7.0939871667536085,10.966160546455537,11.690547846302287,11.585599842004546,11.50711894558985,8.807062524116416,9.145587284857823,9.096307239693001,10.37537542425771,7.93245001653876,5.516387672172821,3.451203965863755,4.710069543092426,5.765607673515187,5.908565006149279,-0.8650001590613116,-2.0453525553406813,-2.467778217588937,-1.33405931166168,-0.5347358494227561,-1.1468725988621247,-0.7546030672969419,0.007370281137930925,-0.2987012545624463,0.5855246981729815,0.6058831186544945,0.5743192130342161,1.0027128966627872,0.7891243932490918,1.882813233139202,0.8517234849586568,0.6191180488447076
3.6945999918165593,4.062160394675194,6.320392488132133,9.929625271921765,12.375427544835752,10.798885923432403,10.581186843465673,7.596500277514808,8.240659663775839,9.024816001951335,8.790775238893746,7.497169781166486,5.3985266198994974,4.881470702966738,3.3048079645016775,5.941496732883744,2.1187609322707464,1.7702637207054472,1.193723361751338,-0.9268530526011944,-1.2916918839281573,-0.7009369941225707,-0.08556040544771867,-0.16935297161673554,-0.3593010368919521,0.002447529861398404,0.1165551982998755,0.3283323489026105,0.7066194632437808,0.8948780504874027,0.8084365596939235,1.3794866616718156,0.6486851257339497,0.09353842677203855
4.312541166569448,5.055244565385291,4.792263297033983,8.715850368245109,12.68668430633999,12.157049726664717,8.224261517317508,9.625790261427891,7.600460549493253,9.280642661574444,9.451580508863886,7.7180471387085,6.4965626931294524,6.348391215600351,2.5411008316038366,3.4677820719464747,5.762190293824325,-0.07864379646027937,-2.627749177088865,0.6525646761970941,0.3390163944762335,-1.157671600921632,0.9741801937691928,0.84481208688023,-0.13852748390512312,-0.3019770415918284,0.3735635090677394,0.28251173019089104,0.4314354393053037,0.3697024749974178,0.31677819952982905,0.4024903425613574,-0.48265278502759323,-0.6914735382232888
4.672204721432381,4.455501270625852,5.682741604694303,9.50146140254814,12.848820041417321,12.957204970678456,9.47624674202794,11.53555393465287,9.863266827825594,9.536375474288775,11.165725251300984,11.870382274364228,10.239339916063138,7.411339424703458,4.456476859918731,3.1508468597405614,2.7505351406138674,1.6665506527951306,0.5145635027055593,-1.1663137618947539,-1.6369339765629494,-0.6694921718865606,0.47301794160882576,0.3511884028466166,0.025281384396059356,-0.24722069088850088,0.07783178191189417,0.35285417001098196,0.12703590447186647,0.15750555825779142,-0.14199882299540054,0.008345731653481559,-0.7677431333375498,-1.5653014824650209
5.049019760182687,6.066088834058058,7.072724605261991,8.714280973576976,11.489345862226195,12.457924576555179,9.182820157461244,9.882559919654701,11.253566442345553,11.342908187236857,12.347855370092374,13.60440109842049,12.912295844136251,12.1619692753237,7.0925728987703796,1.3592254935008363,3.6536967085487264,3.9828491561343466,2.258948669616568,1.6304522682509957,-0.23430293837998856,0.17501661923527428,0.454079698287841,0.7290029984002464,0.3486968545241302,-0.5680614829219643,-0.3811672434385765,-0.07916380915865924,0.24823884207590322,0.07704481999341493,-0.5948434069152087,-1.225913054579165,-2.0155050546297724,-2.1964455256499216
5.499598330970675,7.293273473981607,7.826024261357208,9.791416544019926,9.87845846838921,12.044376902106006,11.595501476322408,11.116523663313675,11.583312645082087,11.811307694644164,12.914763737305881,11.256262248092876,10.691866404254528,12.421793650339684,8.160740693618484,7.165507522171997,2.0787162135950896,4.905497249409076,4.607967121565794,3.1987106417482383,1.607930802015399,1.4178550149271933,0.7085137520144784,0.3156739304832673,-0.1445793030167429,-0.6392891048596788,-0.9004056326452551,0.3953866732878637,0.07267197616459672,0.1282319188098039,-0.9079466917671803,-2.5560959563166405,-2.5673616087249482,-2.127157681471617
6.821024659711548,6.333930989124843,9.714411153923393,9.231845231132569,11.461398311188264,11.55427187795029,13.027737131725651,11.52485850733218,11.530873103871375,13.064946874057254,11.723362104544906,10.587270456862749,14.598821034434264,14.149094963729231,12.695140696290796,8.576375649226655,4.592347278348813,4.945581530573927,2.447670345433025,2.6762856224784857,3.8224181654681058,3.525845101515003,2.4110717813721414,1.5396167787814634,0.5742372524444145,0.07446142256686708,-0.9801008815054536,-0.41630090167584183,-0.14848786788200838,-0.27603800877016904,-1.6340262897510016,-2.123352456486699,-2.7453312624567006,-2.0878385476045542
4.394353324006153,5.58603800235721,10.955449960786675,10.372131644811901,9.687316486311728,11.085995934722023,10.433280599889015,10.72113962369274,12.800530444457099,9.262733802512473,9.897054561752801,7.790147739218535,16.859092421029153,12.303128570862203,10.421925122665478,13.052078334654954,6.715043322049305,4.799756757024584,2.504600165800506,4.544030363277162,3.9035061862288174,1.8584701154549264,4.068732260842185,2.3583434070571148,0.3401411670649347,-0.038732773763778997,-1.1221508712841088,-0.06505493905008444,0.02313363267956499,-0.5373465370436337,-1.9577307843582303,-1.5300120258956051,-2.0851847634487433,-1.5096566236432971
4.609252523953883,5.905834252408157,10.262054375426452,11.033084694904321,10.479092122643129,9.12324259703106,9.191653678480842,9.565772028508228,12.553812669954482,9.940281035939133,14.973369168934598,6.1491058838800585,10.47594248026424,15.210917159005131,11.514278253713512,10.664642454977672,6.920371036927187,3.0443777079995855,2.3864489284130417,5.315821101511092,4.575710505079973,2.9884592174681113,3.341529202455665,2.63492285632067,2.116546361936899,0.3291854600407191,0.624977829482654,-0.5082054521937025,-0.30483034944085435,-0.5007676003096967,-1.4115437021661685,-1.2169412126979358,-1.337172471962179,-1.5930549281592907
5.133458555441033,5.175527631499557,9.89977986799759,10.900422391148707,9.614523105610525,7.902514518994197,8.186727656800718,5.564324104397086,6.490833752272904,11.228782375158882,11.758429239233227,14.370276132080543,13.022323036517815,4.3365035781426045,10.657378602758309,7.946901846939152,6.6586191785969016,6.889551533082265,4.513242131046902,5.496356120091191,5.200458759656989,4.33975819065916,2.7383070619921215,4.062479397695148,3.7613781511314714,0.55568917424622,-0.4017288461823484,0.20804899044772146,-0.20681586413184103,-0.9109314488449307,-0.8848575744315059,-1.1683337919224193,-0.9329737813695075,-1.1608508468834515
4.249007479015691,4.766802733007902,10.400572428949108,9.579963346691757,9.409239095650578,8.144974770960603,8.639361634508829,6.449027412264998,9.666580633531712,17.077994723039314,15.311795222097235,12.609128213028175,8.138948155762971,11.134693247354805,8.553867461304057,9.808084612297977,6.202077842393901,3.860927285695321,3.5453005962351196,3.742968942336063,3.6897496136116286,4.409438609098557,5.045591944059923,3.103153964708354,3.2507071380895165,2.1425055174189973,1.3984119933487755,0.845056008802103,-0.09771947072869414,-0.6854518398082181,0.25118962606869744,-0.45968187399245386,-1.0299714347335478,-0.9234914418606754
4.781348753251529,5.931593283698639,9.9124797154144,9.590302137173099,7.242464824753919,9.338684795218217,9.554922544271616,3.7164289913118593,5.283586006051988,12.237652742004647,10.765251615671618,11.451657512686605,7.330644320370012,5.264997428214138,11.805355604847415,8.415360114202691,7.240396134009412,2.303133020923178,4.603764906485053,4.634018110602062,2.386704879257539,4.987770653670072,4.438376378908322,3.1228176261779463,3.331812282789356,2.893193380621028,1.2134411823751976,1.1153239330382616,0.9484923772544805,0.1310902605326219,0.7663620971240243,0.4213113263297375,-0.3879049230720781,-1.0850392133883635
5.472299190361265,6.517624709253753,9.352839291438421,9.815911289374863,7.949966261857344,7.041783944691314,7.137933545622057,10.863129119115593,8.355359739598883,5.209246469531405,5.568983327783706,11.561895149413948,9.935029129265917,6.349218763279679,9.081667728062886,10.300028491282236,6.510216033281805,4.268838069987644,4.46161249068124,4.0087920918348505,3.62644878005166,3.294037593997441,3.6714208279633254,2.3542751321845032,2.377963837578583,2.1726066159128887,0.806733984417366,1.688602044607416,1.1214372716483865,-0.16353669480034264,0.5192232756289519,0.4269580990118518,0.19768767105051518,-0.18276587115999077
6.293964625580312,6.043740622636578,10.038991305946203,9.041345374959691,6.742712364963397,5.648251092270481,10.38969216467537,4.8286164367010365,9.656431350615778,10.26849430694404,10.698996849736059,10.635050180613955,5.3611712993359575,3.8468447601257565,3.398276604308364,5.775120306513887,8.47681043664506,2.3460035717727474,4.088606998096771,2.853531423802993,3.746977992388944,3.022552224155153,2.772632468584579,2.745071664796399,1.861842632338078,1.8800218099013926,1.1574597226482355,0.5903044565662409,0.712984316479379,1.2246642743117206,0.6157264628668199,0.6949487108678857,0.8985704041360654,0.8033512357400705
5.768213718606729,5.601806213958477,8.179008734045926,8.119682910341524,6.445510125280996,5.758675423402507,12.249622768453062,10.12274594100198,4.8352347693388245,8.864171122690358,11.50423373397208,9.72113373477596,7.575502256505522,7.92774952284302,5.807434981893916,0.3198393866617194,2.3486354588740386,1.7478345570272305,3.724703764352298,2.016575197941735,2.4268411124904605,1.9107064451082927,2.5235365598223587,2.308800683423408,3.019081511391322,0.8278890397641171,1.6392780226660062,1.2995274586700736,1.3010916292307166,0.17413634083937837,1.0043278077449802,1.4709388461313384,1.598939631371737,1.7588820404241488
6.064021731670227,6.0298912289064015,7.9882258985988415,7.950597220761063,8.241635661592419,7.00431821896066,9.599806511094016,7.970863143856945,11.819983733696318,11.499885408633013,9.38782538611415,8.119456417660901,7.191433566118921,6.781618159943724,4.747216668330043,4.4197631978268,1.086835338106628,3.4462931583067644,3.4547103116203854,1.2144033655601427,1.853697686439306,2.5942631852946056,1.6191977967733286,1.1278525350930346,1.5126882313517926,-0.27602887848989016,0.6750886760483983,1.2077248098495852,1.3201772208062859,1.7601197526452852,2.986721017950496,2.0943941532489485,2.0705497316223815,2.4282207265935822
6.181381346609853,5.771776752970596,7.700415981349527,7.663867541833007,5.636665242958062,4.290013107784914,9.572208856034798,8.750737644372203,8.850457840914464,12.151216652792176,10.592301699639211,8.983841452639409,6.772295043651098,6.246794014937416,2.0693765320768223,4.2486728798752935,3.0075844149904887,3.9293735081329197,-0.5399878354636738,1.024679611594104,1.2278910636268028,2.7687357609428407,0.048040685257236,1.3719639095980498,0.2099013629639918,2.1389478011101106,1.28704251344595,0.77349110015779,2.8782736271575384,5.573957878763141,4.9902392743791815,3.3548850638989847,2.383377720016696,2.439473470680963
6.386398597271609,5.800929952140487,6.3781825774703975,8.341495399839808,6.387344908995281,4.605400761648546,1.9837183969941667,14.609001711422415,11.057868626283545,9.107576659925604,8.707747421612703,6.245157632588609,8.503634567131108,2.847124958149322,5.320235347885071,5.054989370244334,2.25297690022041,0.7573860267313621,-0.3263880944377602,0.6226469329239258,-0.7532935761646603,-1.1555062463528036,-0.7496469529397594,-0.7061230879466415,-0.27443765122744335,1.4791148992436793,0.8163359618866763,0.1529347477082702,2.1775365314801536,2.8720712180952996,3.4522534287879534,4.446428355234484,4.687600674697665,2.2846341788818556
6.435493759314149,6.932436929357216,6.515355841057963,7.377452575738449,5.862761706313272,3.5247600190687187,2.401703392853684,5.73122294379787,9.707609718492845,6.650905066593715,7.825520759304098,8.400737996622476,7.0970801688760075,6.100395193257641,3.2300436315781162,2.318916223252055,1.0923833772968015,1.0187225405712024,1.3503719338709492,1.167641929264409,-0.3812129473249465,-1.998240700331136,-1.4845576739458033,-1.5763393536543866,-0.3534499314041886,1.0841434388874447,1.0337668567703961,0.40163912582556044,1.1604007080721364,1.8444362867663997,2.971264012380755,3.0856701520593366,4.463128484459329,3.917127218757604
6.656482102515604,6.307596171857412,5.928050605241039,6.779934938316055,6.507362131831615,2.7812084220774853,3.8659575391941634,5.473249204848639,5.308737713141194,5.953713683956586,3.0065602756053655,4.343344768916303,3.419567600071984,4.452841821172154,1.8373296419708973,0.7056604694038684,0.9216070138354148,1.9065898358784463,1.7974446197858351,-0.36705648025248677,-0.5714277154372743,-1.0280999614984176,-0.9822202568737997,-0.772396305012509,-0.5441920162716143,-0.14264645291737868,0.08305075922000414,-1.0034149411710769,0.7198904201352041,1.2634896725658509,1.6527799987558276,2.0118991547023586,6.17635340465885,5.250691816233691
7.865134931874968,6.751713265555199,4.870733580442702,6.844548489522638,5.896782508408141,4.044534517916449,5.94929114469019,4.075976150935413,6.076990442425109,6.532031062584897,6.121694556310881,3.840475886300014,2.811557567029935,4.254830261236325,2.3315646571297117,0.49745864013084445,1.9164113026485516,2.0171634231812376,2.4101101255041275,-0.00037762539718000636,-1.1925612084176345,-1.4383435428139497,-1.7292614504638695,-1.4597663864040928,-0.7693309210651476,-0.3753188786217977,-1.1057369678466278,-0.26974843325248565,-0.31459370973533607,0.6726865100320967,0.3962082779679434,2.3526141964697507,3.4449418192407695,3.1968098075230573
8.267017306243222,6.364156866393371,4.537497138017238,6.905846401848208,6.021634158356875,2.2114342221191734,2.63130791561034,4.550523834627773,5.667078717440174,7.520199571884093,4.070707611682141,5.371952834778407,3.596978698383502,3.6482302437715375,2.263993461724556,0.6984988890918316,0.15154269826962685,1.312461234075904,0.815518277981981,-0.9491943823689836,-3.2193374339159995,-1.9596770454017232,-1.2506000784233529,-2.0935781215117193,-1.6586528252636148,-1.693303368321058,-1.095896798272263,0.09289115626144963,-0.9970972019866198,-0.36886051209859444,0.8028435651017666,2.6753437460878766,1.7041988635365266,1.144220249454309
8.290727711821626,7.648806503994484,4.895176863260789,6.412714101588086,4.8527082012345595,3.5303643130337377,0.9875858164500486,4.571009679855881,6.306858537838741,3.9118764370518697,4.46070557397826,4.126392097154268,2.0502285644813663,2.0646793241792913,1.0988876600975779,-0.31149354932674495,-0.19560530337480192,1.7672741497713444,0.09257641808807361,-3.039978973477694,-4.384943240570332,-3.4438479394043586,-2.605089501690264,-3.2451793804716966,-2.8268446519590897,-0.9395154996164069,-0.14889119962511194,0.31060362374840494,-0.7259606679014055,-1.5079902619726175,0.35407108935264864,1.0650678316976327,1.4708743837032274,0.37585697198278506
