script/wind10m.json
{"header": {"parameterCategory": 2, "parameterNumber": 2, "lo1": 3.000054539987559, "la1": 64.9999836372058, "dx": 0.5, "dy": 0.25, "nx": 34, "ny": 52, "refTime": "2025-09-09T01:00:00.000Z"}, "data":
[rows 0 to 23 of 52, columns 0 to 33 of 34]
-4.825583398285793,-4.149868594697183,-1.9770981002694867,0.852526200512968,1.302000459595338,2.9940391297973994,-1.8720028601165994,-1.4315449448117785,-0.564585112296747,0.34041647454157575,1.8524877311016081,0.044442136023992,0.9791367959104192,-2.8175529792529788,-4.596229119972766,-4.787866638861462,-2.6879705992812384,-3.8987127474907854,-2.781511936007605,-4.221799393416533,-2.793672879257427,0.22691129410499764,-2.975343445718305,-3.9813700393844926,-0.8891546843794683,-0.6391590628104025,-0.8547201295908198,-0.34665119398975147,-0.09187300682253025,-0.8520087154417614,-1.2792946929381162,-1.3784791018490419,-0.45991938091638085,0.24668654216303784
-4.201126588283468,-2.7032653066395724,-2.4579980660036647,-0.8252593502767761,1.0046383164722532,3.6262406455930467,5.149229703309877,-0.30751485920319943,-0.11745060916991386,1.3073720677007097,0.7150917481856166,1.3446638151980086,0.39658419403518996,-0.695845055518718,-2.3626956431924,-3.225887279313525,-4.919787116187943,-3.018934726682206,-3.9499088284748063,-2.1449328693316123,-3.683911501109466,-1.6871782293717175,-0.811456637971123,-3.295166077236853,-0.678615032920952,-1.480394820661724,0.2959455124725087,-1.6583505622814902,-0.778194644643069,0.9770973440659643,-0.6688639958498264,-1.0964869841811893,-0.6842879791724119,0.491232957939475
-3.7254621803677166,-2.698407854123159,-1.2694447715869464,-1.2870089705402634,-0.4122395661648126,2.546210431518867,4.857774539663173,6.373051425623541,-0.2417216688012379,0.22135413965574435,0.2889136736863353,1.040727028784687,0.8785018673581557,1.429628629172751,-1.2544466214891872,-2.6943770367152093,-1.817695427736082,-3.307525687353113,-2.0229464353993607,-3.022744469177118,-2.482306882533166,-0.31269428914609465,-3.4952283297938305,-1.3141432322912452,-1.1410746366765019,-0.872390045710193,-1.0922532743378954,-0.2919672233047224,-1.068957584144777,-0.448667350576089,0.46584083893763517,-0.07265758549125007,-0.4928852752099763,0.03461154160170993
-3.347073093694513,-2.4357761124994464,-1.7072762238999069,-1.0008879627963314,-1.2289075174104191,1.2816791344332916,2.7177620775444686,5.532876592513119,6.321746309322501,0.5672947159495315,-0.048358214226843076,0.31880045745963576,0.9641274658051766,0.7970252934370952,0.728994256387622,-0.9456756414083749,-3.0171604059762176,-1.8871767237311268,-3.6690385184651433,-1.0740556038106088,-3.3229443220717516,-3.11952667163367,-2.65999598088535,0.5402323136566434,-0.7712415425888234,-1.6171030079817308,-0.6235586666533277,-0.6839745841405237,-1.2853841796912417,-1.0671744154245881,-0.460145068597215,0.9912215497363865,0.03311216846574821,-0.11826829121195616
-3.3627840530683972,-2.361147871691118,-2.110563917653708,-0.39221601872540374,-1.604511189245247,-0.4047379884101989,2.373952739191674,2.781101350609054,5.454191896544063,1.4340898061024403,0.9033793169632416,1.6421750280157434,1.2413695000674243,1.1764539049741942,-2.1781175158022363,-2.4722405940795373,-1.056870118920942,-1.9711909045948355,-1.8008107487910785,-0.7379611733279622,-3.485215279450547,0.615117560983792,-0.8921719674297103,-0.36767676922608733,0.18814440206109462,-0.8122189323351112,-1.400078819781088,-1.49496806822046,-0.6376810913479718,-1.1321653859155851,-0.816656203063049,-0.06235312398889098,0.23289613294265252,0.07553355750937307
-2.800734115860671,-2.006353959499295,-1.1510291946664335,-0.9818341314270683,-0.7777960510093351,-0.8337145306933211,0.4683744486296552,2.1750391625327286,4.206091594825549,5.488254734515587,1.379087309269366,1.2993682655252081,0.9878357999541639,-2.296379122297644,-0.2644174291746443,-0.227937562739197,-0.000650466402624988,-1.2647697991666498,-0.5616306167473379,-3.1525002617016162,-2.2395643671565235,-2.444530700198413,0.9643856299465283,0.04311666429211441,-1.3947555303143329,-0.24595590752212404,-0.6984342050261009,-1.3561400088817925,-0.7983173782585518,-1.063268653975572,-0.6563155090622486,-0.6041561825159256,-0.41355076673083463,-0.22907649743222366
-0.5197702711725508,-1.3064229053481102,-0.9973307009861148,0.49418729238027204,1.300830415119813,-1.1222014786800691,0.16472582053191345,2.2497944406302435,2.688121764521579,3.6523840266005823,0.6895808469996472,2.93450508926613,0.30294786571320614,0.8591642447366934,-2.002271668538582,-0.3572380630632275,-0.5249688033593725,-1.8166268999675088,0.11852607213682616,-2.6790502922835793,-1.5854195879729949,-0.36827496903757134,-1.9199198279779122,-1.243064429051844,-0.042499854248754014,-0.8928543648615576,0.4226609845930707,-0.9798709957771531,-0.43218230314359724,-0.9372146331920664,-1.097667465840861,-0.8368210829540331,-0.7008526469858234,-1.015542080779704
-1.2716532013890487,-0.6787477554986117,-1.199211136941876,-0.7900524905006613,3.078278332988992,-0.4869619342249824,-0.3751153034909713,2.3387142975126305,1.9356911557771537,1.4495049795011237,2.4094652112422543,-2.4701942798079144,-0.6376891997433585,4.032230571076656,-0.9187648114547933,0.18879027426991132,-0.4059903597258217,1.4715460291518099,2.2124401602887613,0.374767088096655,-0.04758394576353441,0.04544325398356006,-0.8720064979303975,-0.976679316711584,-0.3304483970852394,-1.3945044982663686,-0.9127319643149043,0.19140688714977924,-0.766708328144249,0.6717058016051316,-1.0094236726754928,-0.9247555183037697,-0.9334699373651475,-1.8035164585840027
-1.4930639500372824,-1.9075467643632829,0.1792848154315937,-0.25235581933952617,0.5961238679796363,1.457594013679717,-0.7391874726385457,0.7833830204746594,2.9675743780542803,2.0340254659536066,-2.477653733623591,0.24455501531582252,-0.1027746538751111,-0.8977621952605545,0.12984712613937252,-2.009325622136398,-3.309023468417923,3.066623036662561,0.3113934754461192,-0.9655123298473237,3.599039197368951,1.042273645888388,0.3483187069173357,-0.9890261485389461,-0.7555465367841795,-0.9019295474328963,0.24720277018180406,-0.9179547402092739,-0.4949292434377852,-0.9003724244981021,-1.1950699230248596,-0.9907286640542943,-0.9069965161684801,-1.3265536685080586
-1.9328954729599845,-1.2003399944524535,-0.37164820775391966,2.043247756471214,-1.8826605351768226,2.075871312176558,0.5908468119777166,0.11488647593267015,-1.7202781435378742,0.7476182888053812,-0.09637661221324043,0.37566541008291243,-0.989547982718317,1.63500144753871,-3.1615541452616935,1.6429727756618648,2.171320800195515,-2.359117478091653,-1.1583748642697478,-0.4871478396908219,0.487636604949761,0.7797931143039394,-0.04321710174192399,-0.1569021536746106,-0.4993929781436635,-0.34635232187318093,0.5505625058893724,-0.7330987740772702,-1.0395497712973345,-0.8229489377530596,-0.8449493451379435,-1.2071472951008222,-1.1763287445145705,-1.147245989136042
-1.4240731524014834,-1.9932863565232444,-2.1178431142766656,1.6324421686444988,-1.4792694436248779,2.149581434124263,-2.8270997000752645,-0.9639924458793079,0.9513120742556618,0.7990583771644457,1.4199630799817637,-2.3785172927188385,0.8884972180900133,6.759145668359425,3.9590298093794547,-2.2952262027679273,1.1335932706176124,-1.1976199819451943,1.8568802793971682,0.24292531990167957,0.31892006885193785,-0.6170909424503331,1.2542383463381814,-1.0482667731312885,-0.7373181062393502,0.2889301675160762,-0.7311780950390034,-0.9246165483911474,-0.9207743261810606,-1.8944617834432713,-2.047368028826899,-1.7742462978569404,-2.390271594446366,-2.368390227363129
-2.1982346896798544,-2.5974193434044412,-2.865912336976746,-1.1473533737320996,0.4769819004486746,-2.2599229179464357,-3.238164328612786,-2.6443856037086952,-0.05422029261994969,-5.61610940744816,-1.390428304211783,-1.5357157221447697,-1.9860894525959794,1.0510857532855191,0.4941265131571598,-0.8081435432522162,0.2931883230327664,1.3375725243138872,1.0159595178853096,0.23543554296323824,1.1512203580243208,1.1190714468467375,0.16525389493720424,0.26593352795856584,-0.7490745355734644,-1.374658213801018,-0.6961970405394392,-0.021889430386002717,-1.009369034136192,-0.38207862099292994,-2.5708520977250187,-1.6644492257851242,-2.004386957168819,-2.52667690767941
-1.5391669078967736,-2.553021076012348,-3.3101678247541453,-1.9850477430701294,0.5162438860279541,-1.1356861690870597,2.5194273737125585,0.6005921785229573,-2.6612166745475294,-2.315217847021784,-0.5146178882672209,-2.816765336028793,0.30971903940865875,1.9485901308552918,-1.296486932060584,2.1858037866039686,0.01933150454374586,-0.2079671050541101,-0.16879260791349202,-0.272260043347803,-0.21192059647506495,0.021865988069866116,0.80518736402481,-0.7510525161422672,-0.20403600205758102,-1.6491713272028996,-1.1904616608176442,-1.2730953165883814,-0.49881165069092304,-1.27533552816242,-0.1784540774164484,-2.0594639554022773,-2.4206905560579783,-2.066210895429138
0.5714918316284864,-2.451605670650115,-3.087511802273854,-4.566071202662461,-1.5896827846763706,-2.9653264542557682,0.2971228988181697,0.35008240861988876,-6.006364617722174,-2.3736745651727493,-0.9768325747275398,4.772689339558521,-0.37469988217556743,-0.5630179474954865,1.1398770959814368,0.5790399612136029,0.10650644111731565,-1.6328097494709748,0.12231917861831587,-0.27237267876958304,0.13555601796283342,0.41073386627073505,-0.33058272194381993,-0.04010783207953969,-1.1548744941043494,0.3326919580402781,-0.7451151107342687,0.9135370076566026,-0.5061653411353095,-1.086671327588902,-0.4636109774024879,-2.6738488816718475,-2.7536309909555623,-1.4780978953324186
0.49586526306527257,-3.1842642331558646,-3.251381623412661,-6.657745887889701,-2.807515282425733,-2.1181337706479324,-0.8316241788390679,-3.3832320015386323,-2.7799215759291953,-0.7409853806594546,0.2778135619197698,1.3058113457371765,2.767957744091255,1.802231918545858,0.49224765148457184,2.064359078587833,1.2910127638885782,-0.48785287491048457,0.26816356259163954,-0.9893525164592973,0.9919394530714495,-0.9102515845341859,-1.0085659819508082,-0.9818686066293296,-1.0809172093726875,-1.5219260459716917,-1.1815017556174685,-0.11249421883024499,-0.659969674156375,-0.47171975532346855,-1.7808539024693473,-2.7325695957970537,-2.5936301798404444,-1.9547203160383244
-0.5642328880036487,-3.3675275231839823,-4.437104520608912,-7.237509164532307,-3.2721770888253725,-2.2476675885000015,-3.2737159666282807,1.7192374586817876,-0.18569695702022407,-0.8649628294978774,-1.738972200107529,-0.01895752350366194,-0.6859725913200354,2.393997148926432,-0.18570946035198355,0.4256129660957129,0.5540964322044821,-0.5245616986424574,-0.6775647903683775,0.15294949160929963,0.5308204915362131,-1.233369304837862,-0.9055577468480074,-0.3159427180250032,-0.7410986155371677,-1.2077655837416532,0.41168426997607704,0.4114063892206668,-0.881680579967805,-0.9347672503843022,-3.2409507432817306,-2.8468095756018426,-2.400704078833436,-2.1595078775115324
0.5450573055914731,-2.2307208584926475,-4.3643201390883775,-7.567388747920618,-4.534325043624134,-2.65810247048841,-3.3572709827958134,-0.5015102519617917,1.0992151343288312,-2.5046899345577556,-1.9347359596558942,5.3101677860156835,1.2993324155832136,0.2745478262182287,0.13988511639228784,-0.20838887344709073,-1.4267211622443132,-0.2377999791499928,0.216751316646915,-0.30112519564728396,1.0606787821662642,-1.178644263173294,-1.3137233126711205,-1.1615725979551959,-1.3676427366494426,-0.3894973421794496,0.45014362174278677,0.8225795285266376,-0.541654887904876,-1.5544232711804702,-3.163765508225141,-2.0561720733186895,-2.36927846860966,-1.8771430507822928
1.6351356875345435,0.240084784941325,-4.3748216712552095,-6.2543005606222914,-3.793046104722128,-1.5067082549334962,-2.6357847428152885,-0.14339900228014937,-2.542495328043706,-2.378761869797419,-1.3724184703177733,0.43926677695707556,-0.673804642014828,1.7444258920502698,0.4410497163025914,1.0684961297162663,-1.9731079516439194,0.5497053452812964,-0.505051365510738,-1.1785039467392682,0.698024215973314,-0.728938828662714,-1.0403495732501786,-0.5675864791080694,-1.4969095936658863,-0.6960790143963347,-0.5080490520864837,-0.3460581000484363,0.5296992999199512,-0.7502958487050001,-2.4302631609977037,-3.2632497634467796,-1.8009550436709465,-2.432922603735444
2.898178984165522,3.1295986438939583,-1.0618730339573164,-4.272139270101487,-2.8119033168942322,-2.774350382533849,-1.606913563135353,-2.3349062712657984,-5.243097630138434,-1.7138191465848773,-0.5288559356016949,-1.7308546292014264,-0.4935846911885944,0.09299247481482346,1.1727153087804012,-0.966388292431131,0.48082096547845654,-0.36833352262657726,0.5411861785909376,-0.5429667414122584,-0.6155501959669395,-0.7597110051638039,-1.4676578583738844,-2.0728185334818217,-0.43937581558416744,-0.9286648545766327,-0.8038964868177086,-0.595162413040363,-0.21590702465408412,-0.34380880814303433,0.15751317727006686,-3.3875270049059796,-2.4658996408704037,-1.7341191275189083
3.780760423696322,2.94831717172289,-1.2901812148985865,-5.475168667590442,-3.2728262267351442,-2.613335039133107,2.1879889123104252,-0.6472108621519175,-2.992853459621649,-1.7729484728365803,-1.1961869598278254,-0.38109169047355046,-0.6206591357808552,3.0604256462240906,-0.5250188268510728,0.18596105992741993,0.2763405537166481,-0.1536104051790877,0.2032965950664224,-0.0528847663176024,0.45886601815726163,-1.4159287477044877,-1.637930514084591,-1.1443450731607883,-0.5925250825021654,-0.5713458162605011,-0.9175514439242836,-0.684912786063185,-0.4561222323693855,-0.3714934024494223,-0.4888516211050704,-0.6552379517085007,-2.1619843937098895,-1.0957761098601346
1.5806750811027843,3.6802611959925864,1.9633470358487495,-3.6187067373379045,-4.783507563504125,-3.165969061798184,-3.764529779617353,0.6242950082494362,-4.85070048760604,-1.0226473026343754,-0.42239750118946606,0.7878465487279351,-0.1010160250433332,0.4446860417674399,1.0694096177613792,0.5852864652501872,-1.092207224658791,0.4674484231187456,0.7339564124735226,0.06238310119322754,-0.06062966781631081,0.6365161026001137,-1.0511048229022584,-1.3477596283661042,-0.010527765719940735,-0.8275301123235882,-0.5163073256841217,-0.9204711023866812,-0.6131895697854642,-0.3629982235621637,-0.8399578038190872,-0.29307493410205904,-1.224327367894967,-1.6282061936361776
2.5397158426000743,2.469094493589836,2.235296709056146,1.463736719547804,-5.448419886056144,-4.496542080660015,-5.141454522733499,-3.985236219876194,-3.9151837464843458,-0.6092583450001228,-0.19064624957236462,0.9473143207155634,1.2921076409848442,0.4589205294811539,1.0091063040397936,1.4107910025918489,-0.870033639363986,-1.1063798335683128,0.8135166393293758,-0.03514861309486285,-0.6044839821273542,-1.0665928853519064,-1.0678827422180779,-1.0851095515934832,-0.5952514189604761,-1.0189807042765204,-1.0429928207561372,-1.4070780244841692,-1.3647708010213415,-1.4203226510554636,-0.7380162766891372,-0.8047331289055678,-0.7515207856876164,-3.3627655384789517
1.9158885289648815,2.329369806431968,3.3239549063546567,1.9425276358425745,-0.752561683900405,-2.675784833168073,-4.177508122067253,-2.656578791594445,-4.439993597014629,-5.8900489841329025,-0.4949312176391335,-2.505175358656143,0.5626954301996236,-0.33646786234124854,0.2759110270423466,-0.8368053548923403,-1.7516221218657566,-0.7828130056617202,-0.021361540574962257,-0.13097998145928186,-0.6411639319849541,-1.031021790358587,-1.5751802703824358,-1.8037603235689492,-0.820382945440494,-0.706060769761524,-2.2266963790436898,-2.0480284362240275,-0.8040898951828119,-1.1793066917577926,-1.1189227792553775,-1.2068497343921103,-2.656223900459864,-3.9545457537449895
1.2052276594837743,0.01826481502601493,1.164149279952052,2.5744167546870598,3.464251615429782,-4.551988437749121,-0.1996892898659503,-8.469368184029411,-5.59004859990253,-2.506487993656654,1.2122560455294007,-0.5207614106891473,0.6464172603781935,0.6238667286781966,-0.11607374923284153,-0.6679110848282989,-0.7061514559188801,-2.066748348602226,-1.2326283720914266,-0.4070809800812633,0.1072718312148038,-2.3836372198509195,-2.464211384110727,-0.9011899580601499,-0.24633017136455307,-1.2773763871297128,-3.074916105318325,-0.7921335076804955,-0.4936801936631419,-0.9689377327150595,-1.5456524194889785,-0.5719549014512005,-3.7952298352732163,-3.8085506925974246
