script/wind10m.json
{"header": {"parameterCategory": 2, "parameterNumber": 2, "lo1": 3.000054539987559, "la1": 64.9999836372058, "dx": 0.5, "dy": 0.25, "nx": 34, "ny": 52, "refTime": "2025-08-18T18:00:00.000Z"}, "data":
[rows 0 to 23 of 52, columns 0 to 33 of 34]
3.069982980258194,3.3432530643445353,3.4772781465142395,3.574231775866725,3.8091604986973575,3.9960099288399578,4.149439279868726,4.137585584385241,4.675114418689176,4.781275520160497,5.570448021555302,6.032752996638145,7.157878829813063,7.458749647857523,7.610816981846617,7.562328176183245,6.780290965004891,7.502846438685329,2.899952739765179,4.539268688752809,7.067428345438112,7.314862835882529,7.785983910411202,9.394033278585653,6.505423544745537,3.2071978936023697,3.392369038752657,4.301444575031224,4.1618509668370685,3.690682680886692,3.125175941563703,3.2449370952489462,3.3252055443403776,2.8468239691955564
2.820080021031694,2.911537271485782,3.1880382312154585,3.661691828920764,3.605867288496854,4.962597003565501,4.761846374458031,6.337107036528142,6.908976042678045,6.757312281065828,7.309355975635217,7.140877929667889,6.984002557980036,6.663301600453372,6.778744947231668,6.764228900502257,6.6015148405752075,4.0588527055013826,4.4874100591005375,9.709398220729588,3.8755591997165775,5.247396897175726,3.876926268496018,9.22199706518927,3.2200802949448075,3.7270520052776774,3.7168136357753,4.799713482338853,4.192577277161551,3.932185912885761,3.7090788339377814,3.251178908086257,2.7962758043825886,2.893847329899054
4.169080022252093,4.460968412529861,4.753214105755967,5.082322102682501,5.534290940655383,5.7741269226876675,5.958822621005501,6.136322350081915,5.923647781169557,5.539358650376535,5.403534714645141,5.971235700617572,5.943395468172303,6.578373029885842,6.7961159323001334,7.0928163988341035,4.074090787152358,2.940029629808611,3.888435019037068,4.62721138012616,8.990761066055473,3.889387227138837,4.428840608373824,6.8034444106246275,4.782003702673086,3.522018837488117,3.8488931311130004,3.4426690634406483,3.326619213401206,4.0772361300185604,3.9668574121003997,3.2279303171661162,2.9501727384084595,2.958195229027062
3.500015658031131,3.518626687428126,3.8397391507252285,4.1249884283022595,4.187689101233696,4.322386360321858,4.389929599530911,4.4031382747412,4.8950121049955975,5.665624030829765,5.545009608551537,5.763358105099989,5.8317176719442765,6.063543921346902,6.200911016853841,5.073341624594984,3.2324006524169384,3.8167342612086506,6.786331205677379,3.6604956113881384,7.147885221361049,6.741755846938308,7.710595400451669,5.389567775830952,3.0620220891270633,3.8239302624573983,3.598241612472159,3.247682176908613,3.531749951118362,3.3217732270493237,3.3181635668040643,3.225781200956699,2.7455726747186335,2.89329972268837
2.529158762638168,2.616159262737882,3.0526800454390757,3.549710644890311,3.8571741508486723,4.294551123161519,4.602688246066983,4.9662697417607005,5.47358926922495,5.436199788912954,5.527593181900785,5.70672383680828,5.559742599818883,5.410552330196747,3.0118727585707243,4.700476372081963,4.518151650437535,5.0610234296916685,4.8964604808617995,8.781038563344092,8.021237414850983,10.476456424556284,4.177513945799457,4.797446407408894,4.2495874800602005,3.327905866682659,3.066517731238133,2.2512078139940868,3.6834633438512197,3.1314053941597786,3.422591893068692,3.662039186922271,2.9137497076046257,2.700673678128101
2.4511946653757386,2.8095856385280698,2.976628773194106,3.2741296942163745,3.5138217000187457,3.6981371496384963,3.939633994537191,4.123298587664008,4.642414143897403,4.8391013660601745,5.2535990945617,7.493045224103088,6.701790699728647,8.17267065336825,3.773904183241802,4.379499957551185,3.96793365224999,5.14869242602212,6.928401307354025,5.766690382542036,4.504270934797618,5.382258440755042,5.015308301064668,3.2729533799948176,2.9003252603862912,3.648078235801823,2.9579439884507375,3.238282601296534,2.8142355396770617,3.8369927297278577,3.21710632586809,2.544448336363782,2.7403630890225883,2.3267428651591544
1.8289390607795972,2.0348824938077312,2.2622439188269823,2.9727251955660923,2.9064142243801037,2.9386155382978703,3.169980068343195,3.6979215993450714,4.890934113724271,6.590528929002728,6.378551887990581,5.968824494739871,8.087801518965545,5.383306836231622,5.50948423060445,8.644982750633707,3.1299405922427384,4.328641187202886,7.704028582604793,5.852520304141494,4.235306521466688,3.6385482640702924,3.7769401367756115,3.3008368598029834,3.9122103864068967,3.120915133912157,3.3618926672895975,2.705353574578242,2.773749549142181,3.1991424641848574,3.2107355691540422,2.8816001076992195,2.4448484356491145,5.001731605945043
1.6896299995802377,1.8922497040349247,2.2114379176915735,3.124561885411298,3.5463620873544426,3.600809024107295,3.6865804962810778,4.886386492815644,6.01091284836926,8.253071781231434,8.820835325233029,1.5889619720591763,3.4081460417317753,6.401889485806496,3.5278257773273394,2.4161389580388084,3.369404400267959,4.4276748520303775,6.186618194723752,5.752918050434518,5.673728749107258,3.493532559433413,3.6776920934414616,4.057854437524284,3.002814708001079,3.1412845026087166,3.417721807907996,3.400011062988873,2.912906027483702,2.878803766510783,3.2242492724431613,2.712321971095246,3.171769109079738,6.90376271776846
1.4172432264161163,1.6914751874124168,1.8575485791075803,2.026138117700643,2.2653976885131923,2.5565448556807784,4.221618230595217,5.302812666980532,6.136204788481032,2.9526039896471468,2.3159224351326615,1.6848541170003273,4.143599255589678,5.042412392541486,3.958139167529339,2.6525952609609327,5.269759364819423,4.829885178467161,3.759470131919692,6.117539621885724,9.509115441376439,4.0072856505262555,1.203318008439291,2.597434221685009,3.586198405861764,2.9939813259983943,3.081684599981715,3.055213428432692,3.1066526138109394,3.4612707031422443,3.504772195974121,3.768914189394713,7.035114652704136,7.3146148272769915
0.3872190526385904,0.4228857580992935,0.6119988235023919,1.0143608164922755,2.3604143485635363,3.4026006265000572,4.4636335427779965,3.8133726381804465,2.45043883995367,1.9943293900057644,2.311729394246306,1.2895057754818657,7.385709519240295,6.192195932558786,1.5032214874216634,5.968549665720348,4.1941297172689,4.904244117294671,4.963767192559409,4.910470911990488,4.620935938650429,3.7462766343820553,3.4647526335694416,2.3923851572960673,2.3416487050376324,3.155451957993651,3.0769229370770566,3.3464873246646785,3.4097378023076588,2.965175404510688,3.691017561771315,6.461805501699452,5.860681180573828,7.228125946447978
-0.267522501887253,-0.06603644413103132,0.6375276115887389,1.3783437834295604,2.54101624240053,3.068892178478675,3.124493134153949,2.6906184520792373,3.769754234254434,-0.7684077688369242,6.840694839412581,0.9492698154411516,0.5718617330776239,4.766691543906502,5.453688454159608,3.3296414274143973,1.174708360836853,2.115637146061113,4.861789262144473,2.1091273510920194,3.05994712897206,3.440988330211497,4.389856526347825,2.786319651383047,1.550343913269572,1.670843483899661,2.713430371991351,3.0669761787723333,2.861018539453038,3.493220199845319,5.531767859530442,6.458838378180119,6.158474335978067,7.294625697488207
-0.03888864229883798,0.6243057842688112,1.4219540001495148,1.3351733680024707,1.3632496455234981,0.6101533757429981,1.000584926051265,1.4218257182279568,-0.87271810625889,2.0791596660156118,1.5048917524726062,5.405885038959551,1.2594676298239003,1.1750517091840584,1.8194718075813288,0.19133557673421472,1.4851079690031805,3.948110109831572,1.0364766861690924,4.5361202179537985,2.4398598580314244,2.334582736649746,2.1079087272885118,2.019503134007741,-0.32968970603276754,0.8203891907487538,1.7406115199074852,2.1562381040549607,2.5547481675893455,3.0557418399725758,6.455832229454562,7.903507212926035,4.94672559019807,5.238230513895493
0.9535487786154925,1.1524281124661018,1.2130875524256564,0.47791072942639407,0.2522271730835225,0.8720245503704583,-0.8995621384547353,4.044659665925579,1.113448184014201,3.8058735644854678,4.550228009140794,3.09974336461696,3.421529115720087,4.202473315549694,0.4213767261298495,-0.5159655407627651,0.8433435356404384,0.03768553147013341,2.103823390794576,1.0834037460048713,2.6519770961041287,2.150610781004144,0.8969232575924766,1.8794861997498582,1.6555133224943896,0.6083968033939458,0.34112779147600353,1.831321660349415,2.2751866720462446,4.867222259456643,3.451547044677227,5.833314219965667,5.662335907413195,5.878348009086368
2.163287274069102,1.9308669345413811,1.791681057425094,1.0050563291566885,0.6355455193841935,0.4659040275169448,-2.2091952488215116,0.7971058009531083,-0.35832506638286976,0.6960160331771692,-0.0666122833772612,3.5132131644460984,1.3869291840283113,2.1641713154135984,2.481299443201107,-1.4406914828705986,-1.019133636153367,-2.803284805296414,-0.007922519170129969,0.25376197017697005,0.6212972746124255,1.554355217338472,0.9099120590888238,0.6787549060760377,1.3963860323939028,0.43942154303515485,0.5643565126767195,0.7442234344166697,1.2966738422488167,2.1015622306166106,3.6955125976121765,3.8335424574103536,4.676458869784243,5.785205288103743
3.1807687221732546,3.1473271997010706,2.606443647214922,2.230167413619347,2.77641085419621,2.04854390683628,0.2997465975187214,3.4471480518649504,-0.7726105701665503,0.9757630201503243,1.3690007314835297,3.8718933786356877,0.7868821043469076,0.044685006437017075,2.3045903987969245,2.881489366229099,0.39018864761910477,0.1860971903611269,-0.33243944085012966,0.9428123941420204,-0.6442228648003512,0.37999455049737024,0.8030612345336829,1.286887074573847,0.8020541087693179,1.2658261887880533,0.521896007545713,0.5229948968646859,-0.4563631693660439,1.6290896525958836,2.3466624038051553,3.825855959331346,4.823411272332679,5.257473347097981
3.1327665602955137,3.1657288560413313,3.2707754710755403,3.1890359352600024,1.857282809184942,1.4621130829962168,2.746065830012178,-0.7881084165878633,2.200280995110893,1.982107287140136,4.658526346479607,7.299357304254945,2.7735399453074328,-0.2376208779377835,1.5297978640684864,0.7288954409068323,1.4140304581266163,-0.5280694564337781,0.5835265896303486,-0.0033263658564023618,0.06028350048148985,-0.8934097148361874,-0.26140980340664177,0.8506950705518248,0.36126825451232225,0.8984173790743879,1.3826492052447863,0.03909438148886159,-0.85428708795918,-1.0923273102487843,-0.21494517108895828,2.1114205091921385,3.982641087432408,4.80579902879874
3.3437957251114443,2.6290648344245544,2.6358125663115324,2.552727807573189,1.131515183815393,1.476960145345093,3.232596006872116,0.03448042327178897,-0.22298424274574385,-1.0593356430360747,6.410364186551429,6.450724273589288,2.8333620138452527,1.7991951385933131,-0.5798772655857458,0.4498596314950248,0.13311672914053618,-0.3233659747812473,-0.049431783281083594,0.9412878178112307,1.4377910000966305,0.3033595407498803,-0.557684097119127,0.42627199201635413,1.1727357689488298,1.2632328990914088,1.4734499887748913,0.1126732124306397,-0.679381187015903,-3.7340302171292494,-2.1624261263791595,0.10842757732363659,1.820179709293954,2.8226665075049535
2.507360075757891,2.5158392009445807,1.9572921439032267,1.9884526271587761,1.8639583642163742,1.6654129935408075,2.963935682749299,-0.36170583981782817,5.95515066349385,5.316370087358305,2.5421245104002206,3.4132296188265228,1.3697716683734669,2.8731135293619126,2.3383785032789066,0.9624831032750985,-0.9185381761669489,0.05186225986563349,0.1914817803142265,0.4674037924106596,0.8738685172372045,0.977061884727842,1.3280772547143478,0.3417956290759815,0.060166516920381934,1.1243707674383605,1.1904107100493901,0.8363162775318007,-0.7190191823622442,-1.497775351511618,-1.9675237828967038,-3.70682224110931,0.08402357801518522,2.9577168921455836
3.514268525172671,3.4797152739604047,2.797556117316933,2.1757903199823376,2.245806808990504,1.3816028445516197,2.728272702600521,-0.7227637192413218,2.9429884767347954,7.211050602690426,4.297679425127702,2.9195684487962095,1.283949899476898,1.0462050074045606,-0.008786925403578515,-0.3150985649991058,-0.08371953647833578,0.18811672383087732,0.42160206697083075,0.7202230020816425,0.2991242182545179,1.374038397495399,1.5055878992201366,1.5881509824318925,1.243526207916693,1.4721532196102252,1.1149955576097565,1.0332885967559962,1.2406610907357705,1.7057313776782967,1.3803799531962728,-1.3843223335020027,1.0456740700514682,0.8872823263434444
2.7225276234054117,3.2685289532558026,2.072570604571732,2.5592365283981917,1.3497049627522655,2.1094893759260764,0.632413412871795,6.92755478567246,4.307963592912525,3.767594138053668,3.804274983052833,6.194010624189431,1.421805594061863,2.811450585598125,-0.3765092101710835,-0.48577456188287743,0.4359858200739686,0.8854072049399511,0.40053086698794543,-0.051651338963455175,-0.0019997467333942006,0.9789657502707851,1.3431578832997155,1.3012063016048985,1.4620779221435178,1.2335447245752789,2.0857442135013446,1.2036317483652648,0.456497031844602,1.2579715879119766,1.351253351986528,-0.37855997424365295,-0.4652216157519328,0.15820880370912455
1.821632188266621,1.5051711069620517,1.9580678207275066,2.148342559957173,3.6014558882086067,2.0106762069099857,0.7339134015706671,3.274933601371071,2.5095927700929526,2.107234452736497,2.375496933649479,4.222864534937523,2.5688732817768805,1.4201232514718016,-0.022880463504406277,-0.06080378204142133,0.7035484351034506,0.28915828798824755,1.396134081979922,0.9783988552591331,1.3393370531880109,1.2407825989732224,1.3962904267338523,1.0533968175914767,1.3876087690475842,1.6877256387208486,1.8398669812130741,2.0138937433233512,0.8188235411196997,1.0837394401632987,1.155778585354293,0.7328482900746451,-1.5660309754300459,-1.2370399726870243
1.34918768354558,1.4416742678912478,1.9624355370308262,2.3108571695594997,3.3208904573643805,4.181779661202146,1.9678973853853987,-1.1805224989941936,3.301953353695777,2.404954749848937,1.2707523306112163,2.3665361817848645,0.7773448342020872,2.314392382031647,-2.6739497216304344,-1.9042488494522254,-0.1585531596410484,0.6150763044351569,1.8894942689629128,1.657854048554769,1.8521044656304937,1.699107622241331,0.9268636122244422,1.2629456875396508,1.6084514372656284,1.5459052333614247,1.635102708171831,2.0793072412371956,1.8835799664936692,1.284357256878753,1.3698264943636425,0.9730758950495776,0.2142808398478318,-0.14699510074598318
1.6596034879006587,1.7413849043653213,1.9622755287006752,2.1660373625253637,2.9953804659560306,2.1413222812408574,0.5391860986460568,2.0376243292209777,4.845340202231512,3.923832715284575,1.39179751409529,1.7283639839388534,0.33872760359645887,0.1487041935327783,0.3811541894279427,-3.6463321712562786,0.5756357312606339,1.2221359255568782,1.5762098418545143,3.0463820587959827,2.210897284013143,2.0840855050986056,1.4376649933514185,0.8000678741576686,1.7143576293007192,2.2418468271877896,3.243124976236495,3.7823565384271234,1.7231257878008244,2.0380818909186336,1.1476141494780936,0.3205438927655191,1.4113709378897779,4.428725011238645
1.9238310605851303,1.9005342274349368,1.8292730960894343,2.587118375191931,3.4584408045856794,3.669701659063393,1.3608662875578275,1.6416178428641088,4.406204530025733,1.2048336980444252,1.4556778183439234,1.311958224540401,-0.3044763378012746,-1.4201575091876766,0.6032760806040383,-0.25979079266046395,0.27886410384991284,1.47614328680534,1.760405662535379,2.298031012895953,2.319324609844221,4.601422961444708,5.916448280780923,1.4330614107861306,2.041276378062128,2.0671274706695093,5.164802826177733,2.2920309843113262,0.9405028572868971,1.0209564148091645,1.872748056052247,0.7816648052894999,4.112055014124437,5.899503522868086
