script/wind350m.json
{"header": {"parameterCategory": 2, "parameterNumber": 2, "lo1": 3.000054539987559, "la1": 64.9999836372058, "dx": 0.5, "dy": 0.25, "nx": 34, "ny": 52, "refTime": "2026-05-24T21:00:00.000Z"}, "data":
[rows 0 to 24 of 52, columns 0 to 33 of 34]
12.747490584711592,12.774204546373921,12.508930510925897,12.418628876023517,13.074423284360044,12.384218278230458,12.115921737623331,12.319708346480544,12.56321727759905,12.890946901259348,13.016094676109425,13.558667492418218,14.418694592221579,15.2435580348531,14.244157723823486,14.966586008376447,14.744062603106123,12.218119003347885,13.109889280673398,13.208819642045512,17.570930920863255,17.722395098247492,17.566158371644466,16.15498621247964,19.648280554569226,8.712525283902032,11.903350668777348,12.610829522351333,12.777007045671793,13.137428396103923,11.64205947294037,11.512134167801054,12.178317680336058,11.777494408663546
12.560324915348858,12.551721624850272,12.616574472202581,12.775810127109994,12.73888791370997,12.47374801459361,12.811190155775726,12.407475746463932,12.334659425749296,12.384256539119672,13.400893127929121,14.086507373006214,14.399550497924682,14.449725744424994,14.357609091844482,15.372843576388872,15.092681778072185,12.452815544890923,12.965768908145686,17.244474252505427,9.567371396044082,12.805830490955513,13.757583120104462,18.075873235745703,15.592557114968427,11.603848673319318,13.011383403240371,11.607888708980443,12.480390672704008,14.370745579524437,11.460236742630041,12.019281995746033,13.437917075467526,12.878782928182076
12.983285861753188,12.560990399200108,12.230131208783265,12.444949572169655,12.478464866753153,11.902815195232437,12.239961963785566,12.184015897649356,12.856437095416148,12.66519657476726,13.045998681093824,13.289022152998244,14.294913614779144,13.966285299352384,14.172859086240225,15.01413085101435,15.45226598805711,10.47867155112429,10.788689156803354,11.575896169090564,15.820849874512787,15.692425864718723,12.288153279613438,20.98979526738501,15.420812999958882,11.32523393954671,12.860200037944113,13.264822475090954,12.173758487153131,13.14762231688705,14.476637146478346,11.20847912979711,12.562694540638091,13.001465851220063
11.626032922507783,11.541793780268623,11.530731978127614,11.250819939218035,11.575949551506438,11.780226277527108,12.16113540834512,12.284388705310505,13.022017883451925,13.766841206556709,13.912722404527702,14.289448540617215,15.056386107910638,15.238169593301484,13.670625134102538,14.529416262497337,12.32190279843845,10.843141540476774,10.931739113741504,10.530764618468895,15.68690082553136,17.70098236014856,16.481279864275425,13.2069108883447,8.958866544619836,11.722856842053083,12.653752626015331,10.84614601599525,13.406682195507438,12.123742104325784,11.6777034548369,13.348408779734,12.341161569240048,11.996382116521412
11.471882892651834,11.563945337468915,11.738514152332955,11.906927197696916,11.739200582930316,12.57801882620619,11.626585323951856,12.308631698632382,13.324825901839878,12.890877996007111,14.048531560116148,14.689273168167807,14.792012621966137,14.133860193788454,12.350306796463105,12.556771780388468,12.326378249053334,7.837705941793942,11.67416380137688,17.358224043134637,14.915190141365578,20.024229628743157,11.851563826286172,10.943395587528963,11.891404072448433,8.151521293118916,11.25805974604223,9.94774684822548,14.277132705751763,12.6938490463003,13.386320843841181,12.624529625793368,12.89842751340424,12.906948903725644
11.000359293584939,11.567873613912289,12.212526497295308,12.228534133573065,12.464098586209772,12.259022206152132,12.024913874177225,12.037624551288642,12.826197900663692,13.129507557089042,13.091271072539827,12.887689151803054,12.08748439558957,12.291511402360705,10.26679981266364,12.77347652581357,7.708223881601062,10.090658181607486,13.054798295469412,12.072144832472805,9.831326235355801,16.639303238101643,13.02129413877162,10.655034141797444,9.767696179731757,9.788295867457098,8.834694232380857,11.831139881262633,11.141466049731688,13.808208200955265,13.546797524789083,11.483814376385173,13.353506192660822,11.324386653518495
11.228940507293599,11.037780703174487,11.816630832708436,11.61767825529004,11.42825237199362,11.630580927608388,11.878153275693455,12.361431690265807,12.495703863846112,12.82102145877577,11.603530239528586,11.662118595202129,12.051730564013779,12.789325628501617,9.307023542863607,10.870416834144129,10.035761398530543,9.944680432685912,13.916363102388672,13.040886857691707,14.716729848285103,10.588995871898554,8.087379761186277,9.053355310853057,11.59467083056297,9.095556608263372,11.21492319944187,9.766510087816249,8.944608293515909,13.094839934049972,12.223400201981855,11.574688079756328,13.357390482579676,10.617493894646035
11.431531810978674,10.691483226484092,10.589097947477937,11.154445074757735,12.134953341575457,12.056786356970361,12.302201332985044,11.77314262156971,11.737596301523993,10.989842272871567,11.35076887336825,6.838114663953587,7.157604361513805,13.570659025387972,7.709665170890828,10.006452440021423,5.314199803106138,10.840390953740698,14.094091287399854,13.928967020231072,15.436008367344401,15.556175595886218,12.869774148882447,10.499941064453395,9.09097960427002,10.450503930249727,12.028661895439258,11.727942770717057,9.745987861745542,11.910448732340688,13.066590467806344,13.10320689501624,10.855376115572406,11.083914256443263
11.523675300376736,10.46432338999493,10.711950235729306,11.290729708106701,11.027089219243996,11.473337187018009,11.228782544383133,10.969477705965671,10.249390446755035,8.938152489020354,8.305632418063356,7.480305946478767,12.32243930291884,11.87247372228778,12.271688461487372,8.947976690817459,8.159403784655977,11.319905926105656,10.425343567867632,12.199094898136327,15.371614020203635,7.519026731707253,8.514936306593272,7.773544571969463,10.597445419176982,10.042203582407485,12.172697540755246,11.087365953087149,10.526308059775133,12.61114390808212,14.42100927080344,12.266962889841022,12.682070094269216,12.97586508057248
11.248055060210717,10.270632596467761,9.783631031882498,9.853344147593068,10.318561529138472,10.121650358705987,10.018072011012322,9.768287076825377,6.556943915389455,6.869095027145171,7.625712774596244,5.38356946301651,13.861302359323696,17.002755752150303,1.590713570558601,11.706127538055,8.350022248849035,8.624753819693364,9.26025771525167,13.255900593781249,14.27593040238403,12.975382656808568,10.610894369936208,5.194329341055856,10.032072778519252,10.457999916372257,10.122949426889635,9.949582605821403,13.087252359853325,11.946735532392166,10.900820932074426,12.320318119500765,14.523311360676521,13.32613572258996
9.485871446711082,9.169532972140736,8.950755112318053,9.015344257921795,8.990990992801619,9.035343610375033,8.087291789074811,6.101282037106913,10.17339368197928,1.9161150563524971,14.603211307479272,7.611523636849197,5.850521721589892,14.966634185007655,6.614465771368471,8.37932446587992,5.056423735547699,8.098873625009672,12.831689325955763,9.116296418387492,13.670089574846921,9.124158510582372,12.002508025826131,7.914996909631149,9.489250480176706,6.216676420247348,10.248969894767171,11.539100836935702,12.072610419903777,9.818182389114572,10.276705499879114,12.142445235447616,13.324944120146663,15.875544910029669
8.621351572499478,8.585678283099291,8.43161263119852,7.4173456769282495,8.057666165662692,6.377364985229002,5.806620275755722,2.335957493123839,2.7168310046992192,9.709629359115894,10.194341597919207,12.93916383929609,16.71262843714791,14.524209975010788,10.54279185287679,4.181327302531892,5.546700662018107,10.80215418131079,6.390864098490594,7.941794975210355,10.019116961297438,11.84367597211022,5.776742773620184,7.9971253905516475,7.460026569297571,6.211020114248197,8.123382212909295,8.66315706514001,8.433698031672241,8.416776668028728,10.919457236871894,11.339424509632531,11.684660251716497,13.558146241354086
8.36371556212737,7.838375874385851,7.576487150431883,6.568920053969207,6.9518209862203095,5.1979189729049615,7.862856387096062,6.3395124454822325,7.73642382102184,13.659024599960652,14.086022351089456,14.398895566817416,13.98090599386887,12.514795509949808,4.104714177244553,1.209903318161648,3.1318526838241825,3.9924223678894446,6.388473553060453,6.019679822421864,4.709231526319588,5.644003787064867,7.527001725516895,6.834609485678589,5.21740361483941,5.949953541876883,5.148571989435161,6.029879935006809,6.304039292312368,5.495763108969663,8.04082186511463,13.296769512201958,14.102632380741362,13.11389896544314
7.890251115704413,7.844915771621318,6.589449080811154,5.792803248024856,5.029958016133429,9.063116584642923,10.726175596857933,3.2388987942132084,7.973998791406512,11.981145792772601,14.569251728800955,15.938760977283781,2.3790681094130215,1.3483778754532516,7.333717410622429,5.586665384112921,5.965796493666317,3.639845522582213,5.40168598573754,3.6953328009055366,3.6485062442543432,2.9702205722113404,2.4599790017687178,2.4382582164366324,2.7454919599123597,1.8426935470049701,2.879639677755752,2.691033869186137,2.235711194485175,3.8918099869928344,3.7318408281341693,8.875839836832798,9.801746309749838,11.628038017964053
7.04903487233942,6.99427518965291,5.864421708260063,5.7585004646151745,4.377540735885309,6.232621341079328,6.228178150521056,10.913921476255535,11.747251447360188,9.238222130867465,16.390790135413667,23.766678656668446,14.366536565701528,11.568158671614713,8.712844232496913,8.792948171914478,9.64053682978596,9.872417847573152,10.610339740174517,9.914898978442011,12.217009391845963,13.076992649399624,13.08479703644466,13.972053072910754,4.099196434908156,1.9574247521214814,2.0767502792624466,4.452630565305407,4.4945927284495,3.1092462010405435,3.997130945745488,3.2695521284270814,5.1713004609461715,5.8569997784347505
5.926817187457921,4.918045895006811,4.0883667598019295,4.871217276752052,3.6893030545036742,4.551622651623637,8.70921198600023,7.4952309448137155,10.453157236892764,13.203505004063821,19.289809057508194,23.81041909552599,8.74035784295652,17.020180751227766,12.661869124829984,11.998896590409288,12.821393651304932,8.853304785375675,11.507359825079915,13.365133483529517,15.301565805669028,14.425903546233876,11.151265554692857,15.422248913972016,9.553815120692846,2.4495003307580374,-0.8426337906068828,2.574718818774035,1.510862473442548,2.9914124597691583,2.696117418972048,3.9592994743234255,4.333501021009358,5.273328003512972
3.930360401596874,3.443272129360568,3.745384622062248,3.068530261006767,2.2899369134277787,5.380517418493137,11.831545902221682,8.682021396719907,5.953152517956794,12.135380497417605,21.724941547668376,19.569563385566106,7.024746650125908,9.315577362264742,4.3662056218891045,8.041586506971829,9.06723910202258,10.999353642082973,12.369182484032985,12.526104905631877,14.119956547083449,16.044833025324913,13.380618201602644,12.01608692249575,12.074463409291985,9.22299698109692,0.4569343930510393,0.05429099683711248,1.2050087162565504,1.897079290441364,1.95312480381789,3.098904924846263,3.8689147270115196,2.9114852147178283
4.183624772425734,2.7396584328722855,1.9369344697805504,1.6953801098948253,3.0920927152442292,6.751309869557193,12.032136113503348,2.669016070904121,16.76141241852238,24.946334444601796,20.653610528135484,13.038220310852465,10.82016068667332,11.049255039287203,12.909139181840713,12.960069938099505,9.035239891042973,12.830730199802158,13.81698609530799,13.719228320468101,14.268278162655273,13.760877364019006,13.604117272016106,13.55226389773017,10.391679613888723,13.029860494737049,10.732955961460336,1.9103866091144763,-0.7593728465661284,1.1413407298073523,0.2968610457564345,2.037687902634856,0.8300605245617118,4.383983557183711
4.902335581571549,4.058451844256296,2.7021025758824786,2.2359239243810523,0.3283247736235536,2.7730609898473704,15.667438721838135,14.367597571625224,11.665326541678697,21.495143371786803,14.285997545739558,14.135870089330906,13.529571212269964,7.916491692973806,6.432813449855924,10.45487968797481,10.449861625255869,10.834694433819196,12.733642737082189,12.383213742519226,10.431108848405398,14.222995679002159,15.495606996767652,11.400897211033378,11.667029301571201,14.099896238854168,14.259884304445546,13.552092518109061,10.629217804343696,4.404460182602082,-1.3930295231325214,3.9757858991947463,-0.3131093386457248,2.4449997317581693
5.502618789360278,4.606858013863769,3.6759520209137215,2.5568164066269587,0.912685263147683,2.423640456128178,3.409764895661722,17.596101271719064,20.37569370618712,22.961273053144268,18.092536208613723,18.179700321501972,9.728439400144321,18.591862604763364,8.41581377966376,11.231173353673913,10.805966009646534,9.189970122763409,11.211087390986885,13.15080789864118,14.051333294265119,11.633134125942062,13.534124007715965,12.138885262888786,12.875753650258227,14.199900848498146,14.05489900533363,13.240128748200892,14.194295590087233,14.946645901564336,12.674289198846916,10.769705989995924,7.6259605109325515,2.1138694497440444
5.248556302974643,6.059965836824639,6.400673913220793,5.814164109264258,1.8954506931234911,3.4529568153630743,2.955733841830666,12.339878197374876,20.914338575102718,18.198141514918014,18.931469156269287,17.28467247168046,18.798765455003185,6.181486982525018,7.966239236336111,9.601181483196136,12.407607103297751,13.536668392951556,13.281928458335768,13.571313552015779,14.356939393337054,11.76170395901652,13.021383705090768,13.128058786260071,13.340074745986678,12.745387075176664,12.605070081497765,13.678471285484758,14.018020861503333,14.156680269673881,13.321782698361563,11.683512751392245,10.81460678687021,6.874699680281655
4.999472124515939,5.4790130097181855,6.1041848516526365,5.206936295562108,1.9151369461269574,2.138981488952603,5.0903136828569195,9.109409893765207,16.826220589687125,11.263107607782349,17.304807466056715,15.00744733506235,7.622825123062855,16.047881095036438,12.405712961454096,10.877441358671389,13.169816790691822,13.662664701272845,14.015855434516075,13.300253175394987,12.339977939613416,12.420003689147231,13.46818031038165,14.012489488532683,14.589712990475313,13.540832531026883,14.560724841493094,14.46794407758026,13.875705775466827,14.547864725020878,14.219880583557634,12.409315682357088,14.33506871670749,13.887052860800665
4.3318888396794515,4.825828040685654,5.127166468000797,4.7503041866133,3.112179527972354,1.8161743408489295,5.504179272079794,9.024168833867252,18.709272493830007,14.258851456963864,9.978091075125207,10.398176053188536,13.221453087354432,12.257405901876593,9.25246975875965,9.843038454337945,14.469385386853112,14.843505197765602,13.18731004630275,14.423381991583089,13.424496724778374,14.129649874720927,13.69791126805392,14.425832159763136,15.405145163433502,14.79008791434254,15.203747413071522,15.12721169825539,13.293073127896768,14.372919480531268,14.766703588896693,14.004874011010402,14.333097425903928,13.64849130474105
6.725881588732538,4.4193077391221465,3.5939792881689177,2.637335445711111,1.2618771788974983,1.5648443436576644,4.124967176152246,10.19296994738955,14.94862655022573,9.364988976502163,9.514593120620113,5.043040189468321,11.221802016088427,8.892033461947346,13.915993853883814,12.313486888216513,12.111459558991477,14.488703558250569,13.159875609035646,14.706293795286763,14.924584426649462,15.00074216345168,14.996937676697723,15.442323113692762,13.24284068260256,15.86859890077648,15.977018126656645,14.007547631672978,15.725345539944884,15.200961091276866,14.26039545766887,13.450585962575628,13.763564647725442,13.52513766764474
6.244973760964908,5.645465724321973,6.100532496761989,3.1493283692975025,1.7811594778823074,1.7040770038898339,0.44351746692772226,11.637896972394623,14.515080594704663,5.71071753343614,11.641037260034764,7.602160681697046,10.721916247107439,11.91728076735012,10.233136126423622,11.481262409425465,13.239315552466834,11.944209308702334,13.876500000043507,13.114937499518305,13.431808402578671,16.281887560388213,15.775092043427007,16.3373270482584,15.02134319908771,14.70792391054845,14.265452484845625,13.530139532672221,13.68566192859341,13.586083884144202,14.059262425302371,14.891204081698065,14.66609740426119,12.459314160866889
