script/wind250m.json
{"header": {"parameterCategory": 2, "parameterNumber": 2, "lo1": 3.000054539987559, "la1": 64.9999836372058, "dx": 0.5, "dy": 0.25, "nx": 34, "ny": 52, "refTime": "2026-05-10T00:00:00.000Z"}, "data":
[rows 0 to 23 of 52, columns 0 to 33 of 34]
13.648192102466215,12.215996206182314,13.439543082171214,13.882994731949966,11.982772394440389,12.086601407437124,13.52141993863285,13.53772560230168,14.424124905957477,12.75268547968713,12.313503748217855,12.465571041197997,12.004312992542696,11.684652468317935,11.22209566391877,9.359045165134988,9.268002994283984,3.281830572213496,4.0754060615841565,7.441297043732004,1.166144369289429,-0.9271270973106481,1.5334914858861053,5.304925243257742,6.306835355685087,4.136326800858447,3.0169233083136637,5.071284524312794,3.8875760695430475,5.103645521600636,4.207573750681892,1.7405959667830457,1.8474777834890936,2.8042666980746924
15.381176940602712,14.671697509654468,13.840049039578567,13.546000065081342,14.007003674574438,14.215389137679852,14.140047389409528,14.815064638526694,15.573950328215105,14.51753579893187,13.289331266300303,12.843734702211457,13.269938758056492,13.162952662312712,12.762871251926182,10.800762112922769,10.185872702911544,4.600566384707672,7.072331897481713,7.53712732836463,3.9042519598991428,3.362275471394649,0.6222146248656413,6.105862593880957,2.0000492516981536,2.8594551545332836,1.8895773785365304,1.6579647468689793,2.911697751944075,6.556644590112606,4.589387848444941,2.7872360623452592,0.9693063637452348,2.506503083529215
15.964689712652469,15.929102087866259,15.79034340303715,15.048361417391346,15.074579897007942,16.09342163151499,14.607600081708375,15.4307834055509,15.549835266858562,14.658160436060225,13.944201126080646,13.290495614056216,12.782304954203923,13.495893865392427,13.208530016289984,11.887069869799411,6.939831439505957,2.7906858019944822,2.4831021359073517,3.842274708404265,3.0966542925810443,2.8503729992804594,2.205254509297927,3.478925753702374,2.56313958177805,0.968903669420747,1.9744190126361272,3.086926385889636,3.9173937898273743,5.6403804622096505,3.7781476331009345,4.218626740449754,1.3999465688210122,1.56091423107323
16.430262297867397,16.788889898621772,17.359435177302345,17.292365862121535,16.67809758012203,15.99200555413911,15.990259333530982,15.721592491968185,15.855655301526934,14.72891000549594,14.136721072450278,13.852711535789075,13.204978621556144,13.688664207319182,12.202251375426354,10.88470823182764,4.791805726658919,6.359636419107614,7.725398871763267,5.806490478702353,8.75722784207421,5.8676333925857715,6.519460952340329,2.4488061895667133,0.33359865158581564,0.7365400273843937,2.1219144088746176,1.5000106549486143,3.73434037979362,2.7247270384579663,1.8063343826586313,6.256217366721298,2.6509290990650185,1.4393647032275418
16.510576060939762,17.19738692903154,17.55190794357027,17.14439261322021,16.93050064932807,16.014104281157547,15.895974822944877,16.22154383259539,15.201622759933725,15.355160539210972,15.233820897804751,14.42349918560086,13.596928612529824,13.17866822964488,11.710036464867137,9.355049644203858,10.81476942648631,7.825914429366244,9.572216191234476,12.16781674376274,8.262532304567431,9.989753910659545,0.31783513743841296,2.032408642439039,0.9786907382545973,1.5190738539765962,1.408464141086718,0.6023180760027024,5.72937397886398,6.550192773127431,3.5655498931239338,5.175472985062716,3.4902991172116553,2.919502334781188
15.977051997937341,16.720471143843977,17.456238541520314,17.101641316927182,16.39252450507163,15.715862933930506,16.009469081530966,15.828321056005334,15.110548550042244,15.144759483077292,15.196767765627454,15.097501965826643,13.371738422919009,9.610992018021227,8.63067524696093,9.555042611423453,8.58079745841622,7.828605629280922,9.792676780005339,4.243523828252678,2.145774312469421,3.140475907852903,1.6263459942367209,0.3662083179247368,-0.21482878112405993,1.4440638446494478,2.728749458271502,3.731439933990972,2.2973684175882485,3.611384390658927,3.7526743181344817,1.2767248862112797,1.7216048941915545,3.7405013285712925
15.151192365278495,16.21166105076367,16.300998219971447,15.887893955492375,15.546196539103665,15.6583410533664,15.700442452931274,15.508172703233578,14.96737390113888,14.34197463754147,15.087104032685607,15.27932402085278,11.111565771423917,8.883229098559909,6.119262971546557,6.797532029659714,7.601101770038477,8.069823112741004,9.656712409577025,4.221420402270306,2.9345417675584327,1.2749962448391883,0.7861139154552739,-0.36146903616963044,2.1543547951480537,1.6653789388697233,5.7329539726959675,1.2984164303833543,2.7995398155847684,4.464229757353419,3.260587445866174,3.3876703440893143,4.5387754736651065,5.138773149259742
14.190057607734907,14.905089387388053,15.411643193240321,15.471077689140387,15.285698965926622,15.339850667572962,15.179954335869152,14.830066554181734,14.341028597098974,14.644143492003819,13.1871756096524,6.134679307251603,7.180628122557737,13.454846940498571,8.696344295571047,5.080366100908369,0.654522740778724,5.485514820941565,7.157253193976718,3.5107689576568273,4.054368955466785,2.057457860887279,2.8110487774722284,1.6914414628842112,1.8037507582440029,3.5462324416425615,7.107586723746108,8.442114769620694,1.9986754618457592,4.309239180451973,7.265428214690669,2.1210611849897756,6.22102611323985,8.912554645460238
13.616494581859218,14.082037809429009,14.57613821330686,14.89309326478149,15.109678009575003,14.573332027898243,14.554992025436642,14.109044854806667,13.713865403146848,12.528242698763046,8.016165220263822,8.116873997055395,10.590116750445768,9.586892886598442,10.382810606931509,6.64966988421811,9.634702123182583,6.553465867952432,2.425589314069744,3.7742368464577436,4.2266923149141284,1.531114457828335,1.965767147868795,1.2851504402723786,1.6718615545763804,7.288225029629441,7.643202472596091,7.085007592829124,4.898381226915325,11.100911794022231,3.6482711050519097,6.146799159708563,8.590683329320782,8.738236892485627
13.001753321272782,13.549861472101801,14.06977080185943,13.687627215270345,13.84113394213532,13.608084282601332,13.838725634058267,12.64735903817614,10.378696346821513,6.634713032515718,4.943234184222576,5.62453242462867,11.31285213373085,11.437352604953645,2.803131870862544,4.406584801740957,4.49205701751577,5.829039451384964,6.61110200292693,7.325599230100647,5.813904935844508,6.569198878108732,3.2762397470431925,-0.01253576333706869,5.910304453664462,7.710139775784272,6.020321599959395,5.570666600972993,8.52198428258821,4.29991512359936,4.969321303559805,8.34399576249417,7.492545151294819,6.793985298726486
12.691025004407301,12.834603075703319,12.762626384479024,12.638161500986522,12.373858384616657,12.127761647310031,12.164558779064983,9.000734371396096,9.125257522275476,3.550799213889675,13.159930016927841,2.4965553505858438,10.627472671229945,12.764760358754428,11.232722946050657,6.098619483322477,4.951886232184325,5.4392614062427365,5.5867860168404535,6.357708023044368,5.841284103746736,4.2454505951296895,6.933486234631338,4.3146752290506,5.444189984134744,4.844600542123719,4.055157137848628,6.3549694976323226,5.49962793410915,3.276606775644885,6.995220020798061,6.7983794681491565,6.739973166473241,5.587953678979608
11.239033740159504,11.037063623064588,10.94004091107571,10.691535760354103,10.202101294724693,8.598687620383396,7.72421524774484,1.150692384724548,1.2645324205616078,8.04036766243842,6.910316100993162,11.420805380031947,14.225503257335772,4.841692376336492,7.420047920559463,4.376099632850694,4.27041898216544,6.078909267095733,4.2339009970963115,5.906638010716275,6.897764280796546,7.317002699249957,2.8154829692240764,7.639762635130937,4.829516249297625,3.540265796650154,4.072918301361077,6.136929591648136,6.736308862620704,4.521659060123139,6.555120887665558,7.139815709009831,5.796484976718396,4.692657555051138
9.996560733613103,9.856068816063125,9.278247913977108,8.330456775702459,8.651692360225617,7.993609399346021,5.9440128082498545,1.532516447987353,5.534648441212542,10.019779724175574,8.867939356670178,8.929598544764206,10.016675216899305,9.755186152256314,6.998874639986699,6.471735742730395,4.740583976400881,4.083682884390071,5.210819111182526,3.7035322106661983,3.4532301026414243,5.335006736298168,5.681607768234165,4.5516009785923695,2.4515451597082283,3.061970431785471,2.1087891431285084,2.591475131690794,3.252224187385987,5.96866958075006,6.198492688778404,7.097046841434648,4.227716958115609,4.207514864086459
9.106961432435906,8.603323306050347,8.010934308603987,7.052400255083958,7.793690669555336,6.022982625869088,10.29087231580384,1.584163626453654,7.941682609584001,4.9296566458631075,6.42018475822544,9.061246852476968,5.060629138408598,6.1556034041218,4.77372112522968,4.850481262486347,4.2913223611090405,4.134442441559887,3.69482200918604,3.315258797686113,2.2551369772837697,6.70430299109713,8.193733065144176,8.863275233010848,4.948128931231839,3.64100388056839,6.050221478596755,5.328829185239735,4.247907434657045,5.392487639168785,7.480613072186348,6.607319862910002,3.4796061679693167,3.990100412875174
8.11626186950896,6.706263812198952,6.317692827055534,5.341541390285269,8.912123326288377,6.709288522410155,2.1175380806441453,7.394503891983175,7.710093754788381,5.709221156019845,6.547804675875955,8.069263946379515,7.4836549011199605,0.6543130015848625,1.629489413867369,4.157722056571233,0.8811980795104482,4.483649519269805,2.7315416552843446,3.199280409745197,7.215808978132062,7.1205730307592034,7.427399729123398,8.041563806217667,2.363675695310065,2.8149761765277885,2.141025972096142,5.071834355431962,4.070394589023838,5.405611643741367,7.005265194879972,6.259277507788196,3.197870602659162,3.650396018048905
5.903043773659414,7.032611422224097,6.490747207496902,5.236308090925211,4.7596915863111535,7.794347706295556,6.477262061543077,2.3731381475181754,5.62057607031314,5.540599763982105,8.846548187669894,9.612286148356391,7.288311320652076,4.7288260797210135,3.8996853115130805,3.3938091905020165,4.434877912275077,2.505451129847564,4.025187803056126,6.451374434243272,8.883603831769774,7.006235054515023,5.055912219079454,6.096576679392479,3.0817386184301614,1.5290151654623194,4.656011394076379,3.5209482469781377,4.3207889579710885,4.822085856058022,6.259624724390735,5.893645180448674,3.0397007112691314,3.046436692124762
7.787812482740978,7.245135339207002,6.75504134536344,6.1677114262673935,3.540544606758553,5.588080494777111,8.177605532022985,5.8918064557486804,2.1302128734286483,5.419262049740627,8.936051738386439,9.476718942380653,4.675018375472257,6.319256863557864,3.462475393456848,0.7233934061342381,3.7667996895985767,2.937134708472392,5.730222703387729,5.444231554115809,7.902368458361708,7.879119474261351,7.322099196506257,3.8444790360152146,2.113184621787738,0.6858137806487407,3.4413934485212203,2.895695687682943,3.852217608998716,4.3324671172039375,6.079095733324586,4.49088516486068,2.749427819845282,2.685510843677565
8.010306818580505,6.722795688105906,6.6009104771790055,6.174634929030525,3.093396018872929,5.895745233086271,3.2942594868809705,2.9197064378315107,7.12352502788251,6.390987610312362,7.508707561119003,5.209593845535319,2.643673201062199,4.463063943966102,4.346656884098415,6.377500840425468,4.370912529514071,3.950491619500509,5.4824623910222705,6.990781063742652,7.964594219081352,7.028266597820466,5.345535671564528,2.8179524101016744,0.9800071260774049,0.45819093450457266,0.7562488626693628,1.902115448697848,3.575584128474457,4.150485436922777,4.94849616211128,3.419209717434902,2.4163134177050223,2.300799499809896
6.79560417011532,5.8622845548383955,5.86694757106097,4.941094189325595,3.23623456490703,4.598827199592081,4.164309413391842,3.974451693345904,4.664234362038268,7.198228663712519,6.937963430220689,4.4096151360599976,6.1958673034420215,2.7600683911598156,4.493855970252868,1.1594616908973927,3.252847261542948,4.882183645210151,5.2981163406698775,6.375146907086019,6.44956462886058,7.559802020720533,3.844831711375163,3.655946718348514,2.023004664231132,0.8785258384821067,1.945244079740544,2.385287292503697,3.453440721184653,4.4253855028338585,4.604657798212392,2.3691877871980047,1.6994865411415216,1.466635537596465
6.291462407036452,5.175163453496816,6.76603159069461,3.566879347647286,3.4557034644122844,4.575323500141254,-0.032510082571194386,8.28022554046844,6.328723925086559,5.395698420657782,6.042036314422298,6.825792277510003,3.4826129442176805,4.685352291057646,1.5699871241368664,0.7553380184453063,3.110244268564351,3.837484853790778,5.73148966513559,5.769157531140914,3.9951762972270024,1.7667677846918024,2.322511641057194,3.2767063136338903,-0.34916594364612386,0.5557982493799858,0.7295485397151725,1.4309879013584714,2.836593679577679,4.153177356460606,3.2479809768435945,2.113965498609019,1.3483371582831276,0.8420887322922593
6.1162865216045486,5.002009934299511,4.623689095652298,3.666267296724084,3.2688599594986596,1.5993311289991259,1.1012365876959278,0.6135014228752248,3.6685707532487326,3.911693305679323,4.181311556382956,6.357030633779743,3.4035418440020195,2.7142785295315814,2.02589896209173,3.658918355109587,4.380454506283745,5.459818740498117,6.832013236958597,5.499196796469614,7.287149770280602,1.938893691869599,2.048845746017309,0.5659314318672182,0.30280351515981,3.196310418400949,0.9777909180020828,2.536008972109654,3.097323847806841,2.9153844617112807,2.166388843244612,1.3336871692079504,1.0874664207295368,0.5394452391727239
5.317925435096553,4.414179000551657,5.172402831431724,3.3111535961277316,2.7833386655122214,0.19066991336714226,2.6509950361513597,3.3230027463153338,3.1800833935969135,2.450762513622468,2.8374940248877127,3.384325082952553,1.502736854310615,2.0336767550580293,2.5560649924434626,6.966017273868416,4.651288191403751,7.016633555368368,6.5729500078476795,4.494509093299132,6.558017449578088,0.46314485470849776,1.3535781243923053,-0.6700275388357236,-2.1286840614974025,-0.6665981510615434,0.08167009798308754,1.2781109176129029,1.934534016150771,1.9594921530786227,1.2369619826325668,0.35505141852080735,1.1653054157282356,0.42306299367429184
4.919365914056637,4.132342603306727,4.92751952239755,3.231201173916798,1.8629123180610396,2.431643994899997,1.7759868277601278,3.0648493142486397,5.072020795560155,3.972148511789057,3.200569920086386,-0.5653412961259916,3.340560173818265,4.557427515647912,4.435317186928497,6.1372138685553965,6.043419647381152,6.907101374400356,6.911538144900072,7.294974761585533,3.8234784162223434,0.016421708063715717,-0.30298292976003044,-0.5874734402499159,-2.047509144951842,-1.9533067381188047,-1.3458874860663923,0.5701372119537438,1.5036531018078583,1.7700424319139956,1.2007019869355386,0.4043242764599182,0.8031538252020902,-0.03003360681040624
4.776485016400317,4.379765590146249,4.210122548477571,3.5167729145845277,4.592737890126419,2.106605255568737,1.422501157731959,1.9718621939186833,4.6006498158188345,3.544901175375347,1.4290426644005778,1.350537914465047,5.725100286716426,4.19230957040696,3.774993051046386,3.6757422394847308,4.62167703251298,6.46428712047003,6.444581979348258,6.819032954447005,3.1077706801521128,0.5987614917481981,-0.7989847982520727,-1.6363462260527573,-0.5921630919020607,-0.48219515209390623,1.6483105879521696,2.3563229858463832,2.305922903232015,2.074484592017963,1.1147496142141284,0.6160400316177721,0.010314015819991737,0.23637111248382986
