script/wind50m.json
{"header": {"parameterCategory": 2, "parameterNumber": 3, "lo1": 3.000054539987559, "la1": 64.9999836372058, "dx": 0.5, "dy": 0.25, "nx": 34, "ny": 52, "refTime": "2025-12-28T22:00:00.000Z"}, "data":
[rows 24 to 47 of 52, columns 0 to 33 of 34]
-10.391040535884335,-11.12853355069082,-12.3761420139439,-11.39622832558166,-12.40992022085016,-8.975600812620863,-3.0579527687806354,-5.274094209966963,-12.243123188351802,-5.367986689378502,-2.540046738792982,1.2842989697837952,-1.7096780222787569,-2.244077321059547,-4.611746499954687,-5.566925362226837,-3.55092638843445,-1.0116480330238093,-1.1337560102395698,-1.1438225647207083,-3.2472727027552932,-5.375024207949834,-4.493539721203823,-2.128599173924721,-2.7138473843050246,-2.818859354674131,-4.917404928869505,-4.868692562871359,-3.7214507431901915,-4.465509381765431,-4.819133203488864,-5.429103223888188,-6.689461748086066,-5.74041671789616
-9.31662044144222,-9.859714374560564,-10.915487496030227,-11.086456656219406,-11.792574009769979,-13.011704968005656,-7.501526129516536,-13.559315990452253,-0.7361785265957733,-4.101373148137275,0.02312552307207096,1.885097977070252,-2.7871446185790654,-5.127217939844836,-5.755946209183614,-7.448517965798319,-4.307181501749528,-3.9542504088250894,-4.590776410227307,-3.827133423874137,-5.791486799646055,-0.23500146497195792,0.9356385983481675,1.0607096597556753,-0.16944803774311262,-1.4063670241892046,-1.1067668332084502,-2.5632790048630514,-4.142066090158008,-3.8110056616449426,-4.193654070344563,-5.919798948784453,-5.208319315354365,-4.774839463612951
-8.017475322088265,-8.823206595018119,-10.068116902747775,-10.362253619854581,-12.215427948565916,-12.992031229933287,-7.083079886668179,-8.57812491869859,-2.111443231792719,-4.1730723632557405,0.8734344352211194,-0.3882669406187596,-3.170671365836268,-3.059490193547393,-4.480583457161961,-5.739784382391169,-4.135685325461423,-4.100208315402544,-3.2234803273137,-2.436060131628476,0.4278011366022168,3.6578874190670887,-0.2561339551069039,-1.567354269537086,-2.7037147094942333,-2.288342633581634,-1.463166456104366,-4.413829898532802,-5.224696271353433,-7.7730432751628165,-7.151422432042546,-7.078633559582329,-8.118173606403785,-8.20622510549453
-9.34850315821704,-9.604498863028033,-8.28395989462598,-10.366319715052786,-11.762122593528629,-11.756632737775329,-12.389801611924069,-4.372411890467618,-3.0724723791154136,-0.8345396507922196,-0.8889921866579635,-4.474264295675445,-5.719727531429329,-3.391635484200962,-4.599935468186451,-5.353805433024774,-5.0923190871436725,-2.935212703576991,-2.710964930435306,1.330612927264274,3.200078055808697,1.9450169916534215,1.4272175615062408,-0.5689334218879271,-1.079094039675933,-2.614619412371113,-3.8139626885605997,-3.6815731168439507,-4.930512585244187,-6.636649153444189,-8.304576665743713,-9.554499384314196,-9.116585991233707,-7.012360820988984
-8.619182681173413,-8.63175663679508,-10.393287209673598,-10.270731459737556,-10.974229926979767,-11.473047148751624,-12.036176286759671,-10.706199520391412,-2.7455996930108477,-0.35842099218848056,-2.4374041743276136,-3.2809918574019643,-3.835012993440962,-4.943764349555589,-4.633290886350546,-5.002902809978399,-5.4910466071035815,-5.499822114235186,-3.827394512022444,-0.6896472353734598,1.5778376825530864,0.9338502526589896,-3.0926822690181104,-1.1342983234121389,-0.24202377337064568,-2.1523865105356172,-3.6687389323749824,-3.4812323870236077,-5.4748600348426715,-8.381167586935014,-10.083221844597546,-8.481151930596226,-6.678869898939111,-7.195184257990632
-8.628093284937831,-8.919326873087666,-7.31400236005592,-10.015283574696609,-11.154953841372494,-11.115941757699144,-11.734649852476489,-10.368116535381617,-10.497937003453234,-8.192440836867972,-7.230648344704902,-6.227630960882103,-6.104604096951271,-6.58772860448934,-6.452712577829996,-6.54349265463561,-7.732637548275873,-6.387214407206538,-2.749148326738454,-0.7485108940304783,-3.7267057066873277,-2.2972090717613245,-1.2659585709013788,0.4903569518006115,-2.1640364253073696,-3.142964718742657,-2.333594802136086,-2.429999371035312,-6.103754003895505,-9.122532752800332,-9.494230630855592,-5.708350384441951,-4.162329746701956,-6.030805791537523
-9.125056208057766,-9.011147626748448,-9.806787158319274,-10.182418241606538,-9.887626139914056,-11.151802375529765,-11.612862289886518,-11.686730955921938,-12.58296792127055,-12.318203390249229,-10.324597336323016,-8.662710665594142,-8.372430665506577,-8.714027152271836,-6.355782485420277,-5.733909608998715,-7.574886460699444,-5.975098322793157,-5.222054518575681,-1.4516755904264433,-1.7812090161879142,-1.2649765302770795,-1.790406113106289,-2.8493606008911394,-2.6627497356382395,-2.800670610729154,-1.478665465026861,-2.452564621130689,-7.31610240130714,-9.675074096877848,-9.033851258026925,-3.0333962984517635,-4.799256569703752,-6.809585287734588
-9.45489529917101,-9.292981405739784,-9.772126971733998,-10.076514677690302,-10.678463657606704,-11.340385037589016,-11.958213997427999,-13.0151403695741,-13.294641463866272,-12.456507295559287,-11.932263530684512,-10.898398450316659,-10.219279440886321,-10.099013176243034,-6.107081575754098,-5.861037426742248,-5.9616709693170264,-4.413902584334175,-6.053922032021351,-3.6368763565574502,-2.4481431203614816,-2.7481147481854773,-1.357127593490679,-1.4662147331831716,-1.048248220221316,-1.0618033373067899,-2.3860563652814886,-3.4695620686734623,-4.592090851759563,-9.51888847095434,-9.5378878151274,-3.344422868554449,-5.915573074705263,-7.330390016451615
-9.831463677586937,-9.704230983276798,-9.71961198786864,-9.957728188537203,-10.58777656123029,-10.978958036995166,-11.599365698840662,-12.3561546044456,-12.433712773351997,-12.511203893368245,-14.245614939448801,-8.666455758669422,-7.884755084483037,-6.551476518355905,-5.545520431098743,-6.433557308848637,-6.77129389462558,-6.178380162379057,-6.763781890839719,-3.7897082853315758,-3.212015010900231,-3.6154789117292228,-2.257224663934024,-2.327214385242427,-1.5083669505128312,-1.181521317984684,-2.6407456062052024,-3.987907620495214,-5.070427282674273,-7.438955985549955,-7.5457904187993865,-4.984475722833379,-6.770050172105985,-8.064930598006429
-9.52874790009095,-9.803527951183957,-10.448610806779945,-10.293360355363207,-10.956201191378598,-11.494580160946615,-11.347460720997919,-12.067779104831011,-12.82144679177228,-13.452281302932121,-14.983889984953509,-11.444867024541356,-7.887405895680507,-5.389684602860513,-5.129930036364551,-6.580591278663592,-8.038260247635709,-7.200393777009961,-6.426826163266889,-3.4932897236260083,-2.160499689264699,-2.8736500426953486,-2.666728750709856,-2.5643631458260505,-2.635027101360829,-2.885204277291451,-2.84286775191675,-2.213175620716303,-4.70776572147589,-6.657943339005546,-6.338074290162156,-6.390436546349919,-6.503329628552464,-7.320653379886185
-9.519570442837075,-9.958507562155509,-10.197225034008408,-10.821191651964611,-11.135720468941527,-11.664639651961105,-12.046968020906906,-12.058974839826963,-12.517404846675776,-13.792114457398945,-13.861292061044999,-12.174660805501434,-6.199751631222433,-5.488556383364362,-3.3627660758995166,-2.85364804019515,-7.612842035501464,-7.162470908329576,-5.9192912096173975,-3.5692038622610096,-2.4305816824603346,-2.1265871909814833,-2.585328815498895,-3.0696656662103963,-3.2333455198871626,-2.8439787375332894,-2.2617203586065635,-2.174604111537148,-4.969065346295388,-5.361296056927818,-5.556618500698487,-5.2635169444608145,-5.918560135799773,-7.950172494907419
-9.220086843757887,-9.639643763063255,-9.715024793915411,-10.582678196023055,-10.791478035526861,-11.428780645435658,-11.738057542323855,-12.268306259751014,-12.654404556934832,-13.254091758060417,-13.115897473733853,-7.591547386174463,-7.81093476320803,-5.7832850077089235,-5.288106233730143,-4.950516353208486,-6.2106332697492,-8.509787862475028,-7.354508846494802,-4.336501018046354,-1.205885209883558,-0.4164312433939445,-1.3836538892853663,-2.760199831600038,-3.1357958027856507,-3.0937966961267813,-3.5501060780845233,-3.5901260774135024,-3.427988073758662,-3.762764453153986,-4.087742061022964,-5.3943744927462385,-5.874950464674572,-6.357278136671223
-8.918266649474186,-9.2414864067337,-9.6714077979484,-10.14600996332637,-10.700574482807227,-11.018790333841524,-11.277838590257266,-11.786728405986675,-12.746203565249001,-12.898284416455033,-13.297197315404098,-8.782917811750378,-6.083711895453291,-5.1208135304075295,-5.989778399520694,-8.308334944537737,-7.609242998932682,-7.235780310517061,-5.350026614231717,-2.2546948548112122,-1.237282387496389,0.12396785702723932,-0.9880259176421055,-2.419745330603437,-3.1648240649524175,-5.704844768213159,-4.2969807493384895,-3.5901875692645975,-4.233164453988238,-4.696645294992972,-3.684657481159051,-4.442856595387983,-4.53347641218778,-6.292507965509052
-8.374303903230796,-8.798512591619607,-9.38865994323741,-9.864177490469725,-10.375390300607872,-10.764896300901922,-11.1900369990105,-11.789550093324303,-12.240620240485459,-12.754915514530166,-12.51915279649578,-9.126273266205919,-5.842861231183285,-5.736619616819972,-5.9933146686837,-7.750723331918109,-6.763727521089169,-3.8912296385531606,-2.915621904790731,-1.2069186745267517,-1.3103722892095602,-1.3842366642963184,-1.2868443086630188,-4.043038539747925,-5.833972965487384,-5.822838161365984,-5.4767856538381405,-5.61161428391628,-5.314666923983879,-5.256428765038484,-5.088008129590506,-4.986874406328234,-5.380711586527735,-6.478313632313203
-7.8728004500513995,-8.181344623010714,-8.546023694381484,-8.905515165835268,-9.689430375955682,-10.593877157104748,-11.021162074194505,-11.613262212154087,-11.938024297961121,-12.44387530048731,-12.299354820492926,-8.669930285770846,-7.053799444285586,-5.565125071851558,-4.884184299662709,-4.357096042273367,-7.279087388373743,-3.218372721449926,-2.6707521643473373,-3.546307088586524,-3.1590501772848834,-2.2302623045153145,-2.6197989792879293,-2.652703706782401,-5.635063559537871,-6.519531567334073,-7.259710539575102,-7.239466963238064,-6.854508738294863,-6.322422138153606,-5.940144359741398,-5.303141650656365,-6.529358045640704,-6.769244109403375
-7.561824892231248,-7.943122208644845,-7.876494662244691,-8.466269180476273,-9.284073009726935,-10.067672522713432,-10.686811460436163,-11.258045092916902,-11.594176874370119,-11.923128096881355,-12.041871719409336,-9.984298239727508,-5.610236252774855,-5.232663054585461,-6.179871821164582,-3.7096514538046623,-5.600306049164397,-3.9732015411900825,-2.992087133984863,-2.792335147600045,-5.448764781832335,-5.653278846773546,-4.963416229444275,-5.922648570887146,-4.422144748058947,-5.95082604258751,-6.631895282682961,-6.313715288886816,-5.859417838459407,-5.522006896795017,-5.570941884056162,-5.466890797321117,-6.090750538930646,-6.577201112703491
-7.256042773166148,-7.542099672321478,-7.813384236846878,-8.522326335883768,-9.075510285230841,-9.710091974215583,-10.24990850076205,-10.793197269128383,-11.140089238425839,-11.340317608205005,-11.399298621394488,-9.684251747583865,-5.897580105880088,-4.318053191867445,-5.990453957642296,-5.771430753635892,-4.187120055476215,-5.149083278219929,-3.1406013576157803,-2.6941945647414167,-5.384944090463498,-6.710030109626902,-7.088108135094842,-6.794098186681906,-4.356438282644597,-5.720144535065455,-5.366782964093167,-5.363030751859396,-5.791713452275074,-5.89310342045403,-5.55294117858691,-5.337675179436926,-5.9518297109781955,-6.1419978411919
-6.635092972294675,-7.0255157485399025,-7.393937398713823,-7.961818041369563,-8.702550624817789,-9.614007329415315,-9.995640710486828,-10.369258554187276,-10.687734086710773,-10.58151507389187,-10.16435603819754,-8.49326541682677,-4.995318375273154,-4.632463627936629,-4.390924659134889,-5.995184610641034,-4.747156262355127,-2.747169800422768,-2.7145385116182323,-4.223252978861685,-5.732537244245167,-6.074521380449094,-6.677171230424277,-7.077346592320611,-6.837795092139395,-7.018835955969936,-7.071019118362965,-6.127582435884351,-6.019709033560127,-3.1327275421065606,0.9370671229692409,1.39452473077094,-0.17651584599697717,-5.839853524862206
-6.416235249673068,-6.639773358365868,-6.790766270468695,-7.228047557909474,-8.06495907116268,-8.582007004824204,-9.183163678310866,-9.664558921448213,-9.867598749120361,-9.595946607383908,-9.022726789025281,-7.699065710584589,-4.7938841394642235,-3.1003147590696694,-1.4123709460712797,-2.9757056494971006,-3.480031517494736,-4.351799891390088,-4.351224885925707,-3.3927588927854817,-4.109988752957536,-4.516486841164984,-5.4356245225615485,-5.3750131478350145,-5.494820695163778,-5.27582582914632,-4.9739843018043945,-4.0993331394256,-0.81764332900418,3.292421407959651,-0.16561150322751908,-1.43609428315327,-2.5286124886309858,-3.3206290612071374
-6.021285215245317,-6.207447789499999,-6.434317529073865,-6.6966132988525695,-7.2595671490688565,-7.753810710000534,-8.10710679711618,-8.676560827523149,-8.713030710320687,-8.89960655535589,-8.797432235673197,-8.041349915865268,-3.842754295854556,-2.5748959677770586,-1.665525580274813,-0.8917120003247813,-1.299049278434898,-1.5753082010050201,-1.9365140354866501,-2.0764991219899365,-2.212310689745278,-1.2186701579451813,-0.1435426653263702,-0.6021791217465597,-1.39804430479464,-1.4904496086642873,-1.5221792129447236,2.206014137057399,0.33602080445577764,0.8662070050225149,0.9266035014755218,-1.0336075415228805,0.8098945074833113,0.21294110340227482
-5.398494648211271,-5.660645895912185,-5.875006526657558,-6.21671466162452,-6.909803870085468,-7.5049145807309845,-7.844317651089685,-8.018503466352342,-8.365613942844206,-8.58854753071301,-8.55760210346669,-7.196594602170231,-4.2921154952090195,-1.1691350497612005,1.6443432309166832,0.5833914897816359,2.1095551175527456,1.4605685265816082,-0.02538712315998896,-0.12842102639681985,0.1644552408150374,-0.17857820237170505,1.6449580752219004,2.285010749463605,0.778000608834465,0.6325003189434417,0.3240916710104248,-0.2810689946422817,-0.6190553772870039,0.5869168151008488,0.9591842511628551,1.242163155028993,2.1059056453739284,0.6421353578642606
-4.9495175734794925,-4.950181873512932,-5.348874348988201,-5.929364015059597,-6.136364620460859,-6.633471545740275,-6.785983599338799,-6.937651032298176,-7.027976474008789,-6.9125387495347,-6.720097592345957,-0.10423462916086458,2.2405436175828184,1.9241230691441717,1.2660300387308325,1.0514762308538748,0.7889704785009113,0.6351460324359081,1.2253755948878498,0.32781489408833436,0.6749686573430383,0.726191710696112,0.8825377652019397,0.8285935822998846,0.8826227206297999,0.36721643863906217,-0.11776023835792344,-0.7344932949164958,0.7123011294239813,0.2803870942209589,1.6611697914191423,1.133267956252721,-0.48773494145622087,-0.33271765889809685
-4.41420883266009,-4.483126912295311,-4.555451932658191,-4.849095810047997,-4.753694747237606,-5.119306440471553,-5.3544802114212295,-1.9785360109448247,0.1840360191588961,1.465700205920115,1.9179517230201155,1.573794428053425,1.2247055205783635,1.6640305074710873,0.45221756616098446,0.6605863959003668,1.2672769399043755,1.4950027883188826,1.5221868945392876,0.33696954589054284,1.1229908033308036,1.1521008978101672,1.7294215795634593,1.5374260486937563,1.147322386706485,1.2528511166254512,0.5128427936369929,0.06953843188019965,0.9527991779345099,1.063831384338736,0.3004680164639043,0.21923722523126699,-0.47344706180099594,-0.7733886343476998
-4.737486003578625,-4.49851713403452,-4.321020492577862,-3.8319931604691306,-1.6795664886952706,2.4788589183421808,1.677714183091117,1.8346807706574806,1.540321166575578,1.5313236400603536,1.6779907505811955,2.2124001267464384,1.8218302125636492,2.003970010777778,1.501993744058545,1.617885946586545,0.6360896070290447,1.9492856974676207,1.734561064468686,1.48378554141101,0.7124112439823356,0.6226701750831345,1.8058728683444643,2.7477221594473136,1.5182510071204642,1.0313659501515309,0.6318318097919685,0.6068472453903073,0.9592929449423055,0.09588995438969926,0.07891067469294102,-0.8519202111658949,-1.6812370566690278,-0.7303966438461607
