script/wind10m.json
{"header": {"parameterCategory": 2, "parameterNumber": 2, "lo1": 3.000054539987559, "la1": 64.9999836372058, "dx": 0.5, "dy": 0.25, "nx": 34, "ny": 52, "refTime": "2025-07-07T10:00:00.000Z"}, "data":
[rows 0 to 24 of 52, columns 0 to 33 of 34]
-1.8774750502240736,-1.8642705920817044,-2.6982652691683326,-2.8182471428803897,-2.838266641386907,-2.8417598728353446,-2.7508797080829015,-1.9712663885403305,-1.3658522970577553,-1.5205307887222825,-1.3792570805385336,-0.7185148217569917,-1.0338947384872066,-0.7129357849409539,-0.44396220741608033,-0.4368933086009746,2.395756683726829,2.4816367610175005,1.3777715572558995,1.6373446863003784,1.7982003673240168,-0.758526974329473,0.5153320550906457,-2.0420706772277146,0.3334105636948035,2.0993057478581294,0.36777873539741346,-0.4765628716846406,-0.3196700171143701,0.21779406088695402,-0.04647793477590659,-0.12089131239636364,-0.9318180942462431,-1.3955836839988296
-2.3602141561703625,-3.086907698459804,-3.243695093658155,-3.1670030013417474,-2.956665020981741,-2.9773590978334274,-2.65892136646743,-2.0667433746428037,-1.6130839231059082,-1.51962602725449,-1.1587905857678822,-1.2787123867967543,-0.9871462894246392,-0.35273863076248824,0.2420817940083517,0.35810899866776963,3.4173589226345156,1.8770001687249362,2.298101796222915,1.8023747360271398,1.7141866579102225,-0.07797816552747275,1.957577437870326,-0.14725946101742718,0.41835402521610104,-0.19415379422822548,-0.33825873394597705,0.32078134563231936,-0.12426496098410328,-1.0308013337939168,-0.5244538730928864,-0.4845982809443024,-0.9391360149023191,-1.255234004892239
-2.8156875229316105,-3.7164122774677577,-3.951779966907087,-3.3056208069400386,-3.4825209318676227,-3.28475957120967,-3.504464598573191,-2.852618424190738,-2.6378149023861592,-2.287459254631566,-1.8394913676033862,-1.3423605012564463,-0.966826637996264,-0.749420615334432,-0.505790040220015,0.8328520103718063,1.7287860336829877,0.8686139631045983,1.1073176132791391,1.323893069530926,0.49565394458477935,0.4721880260602419,0.4116219315566646,-1.1740364436409503,-0.31949586941761676,0.07930421315730982,-0.35861259074316715,-0.3743007950788057,-0.6946600344463336,-1.034644845556772,-0.8201821737545126,-1.2676480540320731,-1.119498261838746,-1.4752437110181071
-2.8008662239641904,-3.3445665918485763,-3.8808427855782526,-4.108853736170662,-3.9711456842314097,-4.2898450483818005,-3.7320196016704084,-3.564857053099824,-3.491619673451242,-3.345417590861135,-3.065446594892278,-2.4631903011081313,-2.0702333338880474,-1.408445437790918,-0.7818647669958328,1.1039180726629296,-0.4311684558181429,-0.08125270592962117,-0.24265046931171783,0.38899756970688826,1.0247717227550461,0.19461542304075552,-1.0021954804383217,-1.039466532121511,0.07170644436199922,0.3918509291622535,-0.8373149984492391,-0.7709177241830943,-0.8052618637340458,-0.9149830053750537,-1.3913290475664823,-1.7304188563612533,-1.5664896881897505,-1.44170911173919
-3.252821207914662,-3.4104322029161716,-3.9750813041152186,-4.1884808608800945,-4.238627965090554,-4.661191785674029,-4.268824030821398,-4.576173671901164,-4.2844053388273915,-4.515008099065075,-3.6686487557713248,-3.4301350985372774,-2.842102084071687,-1.9192001068610174,-0.13846546061351284,-2.0474323865988833,-1.78168997348127,-0.95301695394044,-1.8765572725579334,-2.1779584716751565,-2.239756468060189,-2.277738260597024,0.8976518292603894,-1.5211616777440284,-1.1887255084991808,-1.028361775896931,-0.39478024191102445,-0.5870802310720178,-1.3574711164085702,-1.1175247234907293,-1.4924591354332155,-2.2403443951571624,-2.117848992670118,-2.415484557687814
-3.49798270805156,-3.220762266588994,-4.590808377302023,-4.489522938742677,-5.003891572492962,-4.509009944862565,-4.952890393991192,-5.073397823205069,-5.022461993212667,-5.391481206463553,-5.05339889785931,-4.466962296140309,-4.119166733803538,-3.3583409543920326,-2.5360362861306807,-1.7314990800226109,-0.5225182674996548,-1.4651460792810036,-2.864691667319139,-1.7529715901202483,-0.9125709917408182,-1.8205689468858903,-1.8960887780246387,-1.9139673181769303,-1.6470766691685357,-1.4363733927850588,-1.6786106187079923,-0.8306729835311355,-0.5893812581709466,-1.4785452482703594,-1.9140274186546151,-1.7834907837649256,-1.6042627547631403,-1.526502580796753
-4.082745432240526,-3.3087508059973616,-4.686481819655755,-5.3517519283506845,-4.3092693332522325,-5.15573458042029,-5.571898959110293,-6.190476064219088,-6.2811928740893705,-5.815829506213288,-4.223044838555365,-4.7637198721498315,-3.6298906656097367,-2.9813211205330963,-2.812296593416251,-2.6221654309108886,-1.7963772412793617,-1.9518738933278532,-4.342920096267246,-2.1472333844812974,-1.3793881451383163,-1.348576066275218,-1.8007033936037031,-1.7097176374000196,-2.1216625529030853,-1.6925386128039104,-1.1112432556242178,0.5172450906813866,-0.21010457597423776,-0.4795308841427442,-1.8388229913119045,-1.9450056765509944,-1.268924168388839,-2.0389130737484065
-3.3277223572054266,-3.217696054672101,-4.514184270251988,-4.197126582578624,-5.0386729643383115,-5.3956436054675505,-6.408556027536509,-6.739369187709793,-6.527744675280973,-4.499669565523359,-7.371516428205062,-2.0739736241032776,-1.3915213469857712,-4.562456586861695,-1.1554474912647916,-2.00112189999359,-0.496755935362796,-3.413934475822961,-4.09316209513873,-2.551285487133655,-2.0337556194647903,-1.4237796377583332,-0.03366216481221557,-0.6811034867999346,-1.0406312912564197,-1.495097033776305,-1.675265605624813,-0.30845306334731926,0.4409228932614279,-0.6026233083841479,-1.1891278214648784,0.25929469527046056,-0.9295599394904622,-5.458371361832158
-2.9353632962341454,-3.3856928234694172,-4.313116020437805,-4.831113080371696,-5.858441697687047,-6.267933808585063,-6.766694527544899,-6.754900585454731,-6.003211720243791,-2.735172518252895,-1.9573635761699208,-2.598687973951706,-3.3957748289981655,-2.7035242645612114,-1.9828937872679702,-1.9702767403033374,-3.847565402504738,-3.1872098731621823,-2.6371148574577843,-3.026384634311859,-4.555556170411562,-2.9355180216530785,-0.3808129009582918,-0.4061539098345765,-0.8877941629704458,-0.9721070611337048,-0.20709590384915277,0.9115441873507837,0.7064239365158137,-0.3719109966890639,-0.8173969442625754,-0.3542479480355176,-1.5014773477102172,-5.531136275049651
-3.338041641780057,-4.362425137023227,-4.634021526198434,-5.536113405210864,-6.181047884516534,-6.469027073475646,-6.768672093047859,-5.888879972892511,-2.0142542374553662,-2.8434533914858244,-1.6026828211729098,0.1954158407996937,-5.188545914318493,-3.082144782939966,-1.2310912984697433,-2.4929189325556877,-0.6353885448522829,-3.0500368915994494,-4.3822134630217375,-2.568322149422841,-1.6482914124602213,-1.9137626281544158,-2.001765074624005,-0.7687112864131834,-1.0050839238995257,-1.351604299954245,-0.6511725808217844,-0.9344732538290815,-1.2003673783199986,-0.5576218657503689,0.40025199825956165,-0.8509053328446591,-3.563286373390089,-5.336106374412103
-3.93910981052754,-4.400484597380979,-5.557180857794838,-5.42866191288976,-5.751067838443444,-6.230074407510055,-4.231438446739127,-2.7438948384280746,-3.88949988458648,0.7010299897476463,-4.242048406000052,-2.9973263839435376,-1.5841097503133494,-2.629258434054454,-2.763254585596627,-2.81510844728096,-1.710597963059037,-1.750059648812989,-5.055264715257255,-1.6258268978314458,-2.3692832203370715,-2.310144612470135,-3.110190770869951,-0.6727998768987047,-1.0563016085454662,-0.5905440709677813,0.995101785487923,-0.3935029305502675,0.06552960247283654,-1.0195233603378038,-0.6642010143540568,-0.25640449355689826,-1.2929292750412404,-2.3196561746866786
-4.439591794797022,-5.0668135314036995,-5.579205519079927,-5.264025390690129,-6.01012810048874,-1.496124550035088,-1.1179483678608029,1.986954094700137,0.8617861301909576,-4.7448499962734365,-1.5843075187360427,-3.9467290464661997,-3.2245116592994147,-2.0201356893979785,-2.541156708774889,-1.6118713413772685,-2.915652416283424,-4.382518228572383,-4.39064459479628,-2.832584672962971,-1.8782752419821929,-1.5210561788928403,-0.7250453142334875,-1.0532550755353287,-0.32188269851785184,0.15237288836218119,-0.2530052969623089,0.29062721758272175,0.5940291988245319,-0.15420823801533998,1.7890397032790963,0.04803353908389462,1.7818425425982058,0.7541248752781604
-5.161896542953074,-5.22760650557846,-5.132985300439925,-5.280840917792654,-1.5655711195648263,0.6495865268864861,-0.8759553873042687,-0.7613126480634564,0.6255269643945497,-3.3084233683246302,-4.682360685123892,-4.479719258597801,-3.567274557205192,-4.6944918533319075,-1.5433432348950378,-1.8893134329521029,-3.31813801917036,-2.5310103555857437,-3.464933703313877,-1.7060577383367188,-1.7298491741845956,-1.8072168530167758,-1.5751254986206793,-0.6891370770031207,-0.7410127448563928,-0.43565843294247375,-0.10020413272794174,-0.5374572064719574,0.14624825387755588,0.6080468023533785,1.79163892388655,1.3162575509530101,3.362236675023816,4.70814780908855
-4.074293956515594,-4.860817131693834,-4.784316007116669,-3.675774980412477,-2.3037457570672015,-2.4871684360829684,-1.820009998418193,0.8267002056955582,-1.877653471047398,-2.9145919010522903,-3.492848126169755,-4.308998476841491,-1.2448065778986033,0.11920170898262193,-4.561405319681569,-1.3381204966525777,-2.1896631146691306,-2.9451243844396604,-3.3030742687938353,-1.5378360501528183,-1.1610341603351761,-3.4483370259648654,-1.286456242544522,-0.721606028373056,-0.37922675279192725,-0.8853316287040209,-0.5979077043441697,-0.9494340713767501,-0.47838325895061146,0.5408988820103905,1.3341776460724382,2.971100074289121,3.3855415695082023,5.964987185568528
-3.1309109755482054,-3.9360303856041945,-3.8646398212058295,-1.5281479965723153,1.1887224089248098,1.1853666167784749,0.1809824668316429,-3.4212239732078467,-0.4613312986814211,-3.4481507593840006,-0.3452319999110942,-2.6174842018702322,-3.368750161329732,-2.377916678019282,-1.8397082895503916,-3.9673475587714258,-1.1087083103712225,-1.8011752806281107,-1.6498729337189941,-0.8714596749255301,-1.4734902103847185,-1.6296239779480537,-1.5069527709063235,-0.9109191693051011,-0.39829683316819664,-0.7838585002157988,-0.7944675403217877,-0.4278724679864425,-0.4726664719902421,-0.5871301651180902,1.1029152638197377,2.2606977545873934,3.0738281632782996,4.835447175109578
-2.0263297480642164,-2.432787778999203,-2.5902603609654067,-1.191491576861088,1.8174816625322807,1.3233504055895973,-1.0104496712846305,-0.8328918339447987,-0.7851822881154401,-4.037607450510405,-2.946691756696576,-3.271488659919908,-0.15384794439159347,-3.485367264195959,-1.3278562320576197,-3.2765383510464607,-2.8531192206931832,-1.5011142758436482,-2.203320517829757,-1.9000049891396675,-1.8062556763583626,-2.010746405738371,-0.37496577209282494,-1.1862604681172277,0.05547624525458484,0.3866690504545953,-0.470491908742723,-0.3014388544348614,-1.5118409445412055,-2.995308839058382,-0.29648559979123046,1.3834856041074783,1.8279968923591603,3.3853614098098928
-0.34784876522594904,-0.9974191132601399,-1.066208415596889,-0.32206758052737566,1.3915400253645938,1.2388029272075658,-3.7519287328722735,-0.414673950473834,-0.8524418382979815,-0.23719509440154052,-3.892441353264558,-3.07593531475334,-1.4402612106979538,-1.3450590115244903,-1.4905282979055472,1.341655756293165,-1.8847647508871563,-1.4808224231629634,-2.6172252841698254,-1.8049018373481092,-2.326334127665843,-2.7008878324358156,-1.4161257604971047,-1.0425992643757036,-1.4622528654518607,-1.0325613137510365,-1.2501352996284343,-1.227000677371955,-1.5879618546280256,-2.0350651926535424,-1.523275117399318,-0.21238865441549004,1.4519269555610923,3.005121691442564
1.2525705117518642,0.5046321756826778,1.1337344505055775,1.7416723678975703,1.4698590544805399,-0.0054252232242205925,-1.356403286505867,0.37369039352629846,-5.37291411474228,-4.464055653335503,-2.7615830723174914,-2.8462085324757798,-1.3362880716261893,-2.616255806864774,-1.912994516196704,-2.08605916515448,-2.8714921674393503,-1.5247653391901959,-1.8428477706041304,-1.9683455389828344,-1.827361102912331,-1.8369378209986074,-1.8820439535151123,-1.7314174843307755,-0.8688588254456137,-0.9303486203679371,-1.095402906226297,-1.6663975423859452,-1.259560918582955,-2.654903247652737,-1.1223504676881126,-0.5386522608812717,0.10337011788566569,1.650071967043611
3.2737473615683808,3.1059141884878603,2.3363572712901104,1.4856971533793661,2.229715618860922,1.0346990889277725,-2.5663437301632253,-2.179205812800939,-4.185441110267584,-4.104744222534446,-3.000870791702734,-1.6841286365772017,-2.1250624284844215,-1.8030939060614946,-1.3380386021556059,-1.7641574978856138,-1.7499469390450437,-1.714739273816349,-2.3029421021651344,-2.0686637138137276,-1.3783484967683974,-2.125995424824963,-1.8585353300850405,-1.3307534953722828,-1.112093155439434,-0.5119720561019522,-1.486101557879251,-2.317052290753498,-1.3931506309579984,-1.4277828490222604,-1.5016669539768468,-0.733199148149875,-0.4647238573996126,-1.0406164684457346
4.270255171568039,4.459332739558581,3.957270585695362,3.113028107310632,1.6848728338659216,1.4067799747694048,-1.042522174293591,-3.2012134407193082,-6.07795194439595,-4.8089516501534835,-4.398482907729536,-4.014485080504723,0.4951435656198387,-4.040822118506433,-1.3003449525319786,-1.5936212388143869,-2.475773413323378,-1.7527496416826953,-2.186733434365086,-2.1259132612289022,-1.2056231125809436,-2.11535706456665,-2.1339077836814466,-1.6825365431049475,-1.8639868511268254,-1.4237657705400064,-1.3591133666114963,-1.6815202157556353,-1.7767491496662244,-1.3699038245584643,-1.0538374863348954,-1.1464402284684494,-2.0916565048278093,-0.6728377488007685
4.410501632775056,4.872963498763052,4.462618640423183,4.244024879238182,3.417869479128891,1.3391657367437568,1.628736469610088,-1.262218943034637,-5.026901248401879,-5.009841388861335,-5.306363046671395,-4.2161932236967985,-2.211661181753495,-0.1906283488907178,-1.3108256029696594,-0.45011358090781406,-1.6988298835814954,-1.6931057938364362,-1.0484414184420594,-1.806681346107247,-1.2707459537949266,-0.9591384564666028,-1.6839100599411196,-1.5785677012914798,-1.3198164123874059,-1.977817424846014,-1.8392815811467857,-1.778160807484694,-1.5406088978011028,-1.7966417850157095,-1.5184233136311804,-0.9061542138053365,-0.9091781882462252,-0.4642258580838428
4.644367675238321,4.719859002676714,4.314540365899852,4.0057332397321375,3.165327141957775,2.5689210290191786,2.5788441758877023,-1.3706614124118273,-4.988522568483448,-0.9737873188302533,-1.5800376745815552,-3.0345308841563576,0.9698436460404172,-0.6947600628479007,-1.9262389853541166,-1.3295635667561765,-1.0096044503571988,-1.6236781977776655,-1.2282489347554335,-0.7695759595205482,-0.7056359905933846,-1.2258949587371077,-1.3051176700090197,-1.1144221767685996,-0.5781654884155262,-1.5726073964047127,-1.600359899746197,-1.9450477957228907,-2.0711410963829273,-1.455600039676087,-0.9754826043842644,-1.5505518765812936,-1.478201828485796,-0.6338215759081068
5.510176415149553,4.615478947497237,4.427213391497196,3.8060360284551953,3.19629833854698,1.4715256161806207,0.8574314694788918,-1.0828316025417388,-4.239824558927091,-7.439284970430081,-0.35887214524903266,-1.9607733218858128,-1.114213105786284,-2.0919476541704713,-1.6200930578315227,-1.5621222359042575,-0.3953422167741008,-0.10763228393942988,-1.0025092143693797,-0.8307019771880867,-0.6708707613813083,-0.7759766837130717,-0.11946016716368338,-0.2689036301465808,-0.9661026522273954,-0.6703872731742574,-0.4658360691599538,-0.647710044191255,0.07987161237040724,0.7702431995315078,-0.33577699408741035,-0.25805361965377155,-2.017410369189051,0.5409077383473913
5.362749920352648,4.8619001375418165,4.211322588544571,4.0697885808581,3.389709731020585,3.9681856702098406,0.604934191902184,0.7748950865853076,-2.6839734755754145,-1.5973819142997545,-1.5680600397188058,-2.175633632673455,-1.5205108167868782,-1.6806366310958407,-1.362039827029056,-1.1454720807419445,-0.5740599105985137,-0.8922329702215966,-0.3587985098938137,-0.8069741788904671,-1.2006852531676602,-1.0526882874271966,0.2095322234595199,-0.4797398892919434,-0.8158682738183931,-0.8444119898940221,0.6121711487103599,-0.16406012110038914,0.4182057521587761,-0.2545413180049292,-0.5804042591903951,-0.5969265467605733,0.6680190652687759,0.17233466747589232
5.252600731491321,4.784409978861852,4.030162270536988,4.651884951374201,3.7811296579341556,3.9066752572265466,1.5668897922353258,2.6295302347864142,-3.442059421435989,-2.307243067855779,-1.796498458629287,-2.086781242899667,-1.552082846193702,-1.616883528725999,-1.742928959159793,-1.1432747448064098,0.2698670523943317,-0.48548209660987196,-0.2921670924760541,-0.9430769784490944,1.0307573378204444,-0.956293046201923,-0.3898798155110365,-0.49906609011642045,-0.5599747350137553,-0.4315613040741208,-0.23215680764307536,0.35957360676149763,0.3133735016173491,-1.1765106605937563,-0.7228159717921061,0.37805556429046244,0.6277073864080025,0.49776815879523817
