script/wind250m.json
{"header": {"parameterCategory": 2, "parameterNumber": 2, "lo1": 3.000054539987559, "la1": 64.9999836372058, "dx": 0.5, "dy": 0.25, "nx": 34, "ny": 52, "refTime": "2026-02-25T00:00:00.000Z"}, "data":
[rows 0 to 23 of 52, columns 0 to 33 of 34]
-8.569610261382728,-5.836820150382941,-5.664993248635262,-6.618163284006854,-7.7587161861904175,-9.76942238931697,-6.491315674240972,-4.2709050692420325,-3.932408811496751,-5.9426523132646185,-6.455069256987132,-7.571596322119391,-8.082293157555089,-8.651047499549353,-11.440782897100844,-12.833889393679982,-9.699569439480097,-8.66712684335582,-9.865661597356405,-8.572549878265784,-8.450828233653203,-6.004361715194415,-7.9961820337934615,-5.149641512925529,-3.0113659353894207,-1.482633634156722,-0.19059553454283404,-0.9137105288881673,0.26998911754997285,0.7527406577099405,-0.7893102637986231,0.009184084001835962,-0.8076727663481925,1.856965175445277
-4.611805963278278,-6.85409366773409,-5.06373017548267,-5.885859499342961,-7.533432406017184,-8.63094951806807,-7.2858665563397755,-5.258909380206557,-3.2001411645369404,-4.963351340325756,-5.770607375308398,-7.079815555312498,-7.715709206580058,-7.761226556234003,-10.177729657943498,-12.460600291839521,-9.070418221707792,-8.990706834910014,-16.570219372692726,-8.417686941761497,-12.394860661940424,-8.96959285871036,-5.597052804293371,-6.674214044853755,-4.37707702899107,-2.7866711464388056,-0.9504268879112824,-1.4510477632843342,0.13745400510370864,-1.0460507538450716,0.45162721435197256,-0.41057748020618917,-1.178177619901941,-0.3295509849997162
-3.0942534190925874,-3.880960534502645,-4.574758668589218,-4.694959877416834,-5.965803837925633,-7.761981378373653,-8.138884320615352,-6.258211365862285,-3.5295237249400016,-2.6159400509144186,-5.114430657684575,-6.756542504155429,-7.341071532267765,-7.036672044745691,-8.013723021981596,-10.830646349553746,-11.325126870243077,-10.171399601727186,-9.844102830580242,-11.179738588088336,-10.183726235465558,-6.576069849001246,-9.56303680447247,-5.5162740139528745,-4.327911917210808,-1.6956086819589056,-2.2119271365731334,-0.7200960467363957,-0.7035127687964478,1.0654441427102366,0.8547435492090663,-1.107321533029177,0.21186968816148682,-1.3243629406777166
-1.4331196064766232,-1.4911433178606615,-2.7706533339799133,-3.413618987607874,-3.89593135059832,-5.758812012470966,-8.265126937289113,-7.053445677709324,-4.702128150916444,-1.9294723289119242,-2.497371588039503,-6.044496583241852,-7.717762517798524,-7.34416872668661,-7.732664247754109,-10.054978615008714,-8.7985146820546,-9.555913189662462,-8.954438561103409,-4.1393010957922085,-8.22817375875271,-8.753156642236311,-5.367739265028129,-1.7971137133173867,-2.4683088253682164,-1.3463474882796769,-2.016983795910448,0.11559937855387006,-0.3537948856323682,0.31750898372785274,0.8923836812042893,0.04962814440208868,0.05887048825358689,-1.2265473754955627
0.11540860279009116,-0.1313841557969655,-0.15708109305415674,-1.7815944090388036,-2.077389578887762,-3.398865240564494,-7.69190601828821,-7.012775118590508,-6.175984173244782,-2.638609217288616,-0.03575533492073647,-3.1864185026036425,-8.451843737432492,-9.022888865774647,-11.73738490740695,-9.52755188873884,-5.526391905813641,-6.932639553296302,-7.518988957176658,-8.313204842901195,-2.8338746441509324,-5.2485839997399095,-4.682422505625058,-2.670269824010398,-0.16276567797615002,0.4357876337046325,-1.1774838593210664,-1.016152748326582,-0.8387752893697792,-0.10771653903546212,1.17669635265521,0.9674055975224423,-0.4123453340854469,-1.5032900341753421
1.5398417627620726,1.8544489989644597,2.415330200741234,0.716756442167896,-1.0195694603672691,-1.2791047336306913,-6.271273438420251,-8.098165392818391,-7.342222803801,-3.835154371854935,-2.0561321629854654,1.6854167019282207,-3.916278652830141,-12.633787130587526,-4.890196552775203,-6.344027819365415,-1.836209720105807,-3.2374978357978677,-6.2319966111436935,-9.2584524849598,-10.496828471208623,-6.904916276720536,-2.4590630776054736,-2.5668433604649015,-0.054342145093466326,0.11945161850069265,-0.7843518758572875,-2.0063834785999957,-1.4019400228467689,-0.053338363945899095,0.3412188325957223,0.24846189373729088,-1.59990036211317,-0.36327300107286814
2.8999961789343707,3.474180002486872,3.787859318614328,3.400993865487911,1.571006556562479,0.025924214597412402,-2.875518168605531,-5.870476917809426,-7.018568362307443,-4.544694116649546,-2.45581004747294,-1.0221931512983176,-3.0870579709516694,-4.770051010475615,-6.900792373007829,-3.8736532896625184,-3.169208141293656,-7.527943552877945,-3.9358621435060352,-5.490826363407963,-6.516072647854715,-4.587143029029771,-4.787168148261789,-1.9001898831724382,0.5428393245489143,0.24644708786291475,1.995038667172942,-1.383094098366473,-1.3627644352968704,-0.20613315728657688,-0.8721805368630691,0.6003996026342181,-1.7726775252488118,0.551425297831194
3.2515796284945613,3.7750835595676966,4.250507469834811,4.381379759531356,4.022490041183513,2.280419089558033,-1.210849823374282,-3.254019543325191,-3.9426151338573594,-6.494351331995053,-2.3144858526073535,-4.701420646325648,-1.122963746343033,-2.329885112547603,-4.8301552753898775,-0.9839007335901219,-4.2895726785749435,-1.2663723277916648,1.5986933275092543,0.9321468175751292,-0.9572518116083798,-0.3178216611430866,-2.5428417524869102,-1.4007703712061774,-0.25756035265689076,0.3557010939102488,-0.3108895381639568,1.1126739755310628,-2.742982233921386,-1.5318021846368994,0.35335588504994425,0.20956703473048066,-0.7507155387722309,-1.859052090317648
3.008994971215517,3.6726585679453465,3.9094678943791252,4.931579363550908,4.756331584824061,2.2622696103810527,1.2803476048077667,-0.7237114646609869,-2.3338018732089365,-3.263402047934608,-6.251513743975618,-0.968919841922972,1.8118118173814217,1.0936202832809225,0.138551833663439,-2.908832085223027,-6.926648736413421,9.459136675884203,-4.801931555803386,-2.414951839308983,2.3718095194759004,3.8184431103742456,5.063898201048915,-0.21325460944277397,0.10515560169678645,0.5510705230801154,-0.42036768502784433,-0.022815294518636616,-1.1172390822096847,-1.5700023474590243,-1.2694444549909882,-1.488537799671497,-0.06354578983538554,-3.3301924864270624
2.65976818034001,3.2030701283487013,3.47596733935616,4.862185721833845,5.065198854748234,2.911481597324718,3.182872471866755,0.8405354542334527,-3.852654953576146,-2.8550168158531033,-3.53697983456985,-3.24168053798282,3.3437911020607087,6.733856845015881,-5.477521741414069,3.072507985894538,2.2857593465152597,-2.201926908030533,-1.0823947719627542,1.206380352656224,3.1742625611589435,2.147921801161948,1.5591316666812791,0.9393055602005124,0.8038087272510877,0.004366228596833741,-0.8673692242745876,-0.8323781785378818,-1.4012385638562344,-1.09793887097499,-2.6148809128615285,-2.0226884567047323,-1.2430533381760076,-4.313216937726946
2.4103913067075364,2.593427420706948,2.937975282829025,4.282630589462155,4.9900276011766715,2.407341028721271,1.034903399435821,-0.021375954145704174,4.595885437480135,-0.7390111871184225,2.905071755427625,-8.191720178630506,5.43743319251521,7.061352887733716,7.0924329659162675,-1.4796850015910181,2.566687074924634,-1.4014778951800833,0.7085357511015902,0.5219214574869757,1.761115277535139,-0.559388553915505,2.6819048682099482,-0.6735312846253755,0.8047476552356309,0.6516959156015524,0.191104507918532,-2.5539902511552164,-1.4754359749858679,-1.9205423700874322,-2.4524360401587284,-2.6570320691041305,-2.953672728004462,-3.8846563181223313
1.759300593556323,1.75092213887933,1.9678662722777374,3.1667664721308193,3.895942506345607,0.8775024111809105,-1.130222946923233,-3.5656283325197746,-0.6618500574301563,1.3885069654364144,-5.612310687567073,-2.494445577344151,-4.709794118516435,4.078578377127217,2.873051203029646,-1.2078049948892418,-0.6870523605085174,3.8058985409250736,3.280632225286948,1.524834624470642,3.628326642665733,2.853702837435348,-1.3248963069056363,1.0032032182020525,0.5117027111059524,-0.8228902185185881,-0.1452723885114371,-1.9789387945983505,-0.8469895701078902,-2.5894620677137055,-2.945295351477701,-2.0478645663558517,-1.7925881962125534,-3.37671966930409
1.0026334429598713,0.25444627001715747,0.9673767909864524,1.4993168087914281,2.0829467079300725,0.8781528852870264,-0.25862409517981816,0.6191284288495995,-2.6441465827227213,-3.646367112583654,-1.8805109302709913,3.3331881359591407,-0.7182960159127995,4.023334095721169,-1.4238371179172145,8.952668009305595,-0.3785364773360067,0.8730678247961203,-0.08175969185112628,-0.19219818247217885,-0.16000583665687876,2.61668469349502,0.4404624276516623,-1.6748391545865746,-0.8581190134176948,-1.6297396979264582,-0.9953298643094782,-1.8801225962195207,-1.3063766153389527,-2.5115383427142013,-3.1989637909144206,-1.6107990367154859,-1.7525214635394815,-2.808663428694212
-0.021585012144232064,-0.3119653020837598,-0.16522096971455047,-0.0060874221537066085,0.35441330892126216,-0.02879362859206773,13.73532102859317,-0.7117204758573749,1.3783879986425667,5.067540854433221,9.028825641868963,10.761699159864799,-2.099156371628173,-5.615123458632904,1.7084790093613718,0.03920047513006907,-0.16091892523496204,-0.9616552865976331,0.3165388315918214,1.0640024523502343,-1.3111820437106212,0.8169046467934764,-0.26903422407115246,-2.4401195287404325,-0.8806507540510221,0.8464518794345762,-2.308152216201694,-3.18638892934541,-1.9907110632002594,-2.0166310369359923,-2.326432438706084,-1.264470331665781,-2.3452099218388462,-3.6988273276090666
-0.9907052426691073,-0.7779867406883084,-0.6350574208586117,-0.555146058019802,-1.0178125565237879,-3.93690624274815,-3.468214635399236,0.7415234407539752,-3.42714291672953,-0.9794616015006332,-1.653735863211573,3.168121320177035,4.405654703687907,3.415347786388618,-1.196762233101428,1.7611916445315168,-0.9765645306661416,-1.677108198859854,0.0914847827280136,-1.11175720548168,-1.5494558745588303,-3.1733349966497464,-1.5636582198165638,-3.1529918141038187,-1.924822378347401,-1.7631633141912018,-2.3267960373306558,-3.46398941709676,-1.449310087232667,-0.6548648503368941,-2.1057232219117763,-1.7556754169870095,-2.3591976228805422,-3.875649734570421
-1.5277110997689056,-1.4448390550569274,-1.107278847282849,-0.7107630099175736,-2.3637132004457397,-4.202960519123808,-3.1841033310655744,0.5522185301924123,-4.387519846287437,-5.566244490747526,-5.899031221228736,0.545798839156838,-2.520456168626556,0.8614400164726376,-2.865777307499653,-0.6107133917642625,0.5703447206423066,-2.6108298005734163,-2.019035680900714,-1.2502872329111985,-0.49673707522489247,-3.7003874025089583,-1.7190369747032153,-3.292564038356199,-3.0671639938478967,-1.1579474723077507,-1.847963237063429,-2.896461093917094,-1.2506726903837013,-1.5706325075294572,-1.8813173467799373,-2.848922985821599,-3.2418424510556396,-3.8866656248341616
-2.1371304286243253,-2.2291213476053766,-1.6614483053958833,-1.6905128201269384,-4.2806354966242575,-1.303203546038739,-0.16369487352974893,0.33851510388050615,-7.184460842920005,5.419602344845553,-1.1232039333635497,6.674151592376805,-0.6375197884042904,-3.7116030521776673,-2.5790808129957963,-5.262258173888527,-2.391905948794847,-3.5263587315942555,-1.6759877144166946,-1.3278999315128728,-3.1836695492226537,-3.778439224418344,-3.8900528611312293,-2.7537729290649082,-3.3551029222131494,0.006999498039087178,-2.7677925927461953,-3.928223676782748,-3.049802014694062,-1.7652252142724385,-2.3719036458094616,-3.2061252803588554,-4.070958643752654,-4.450318049101015
-3.403278937230623,-2.938889029087595,-1.980390845370929,-2.5017381448990132,-3.0173783551480136,-1.923579851909278,0.9860875647652738,-2.403871507943131,5.1547029333618,-3.254663399009999,-4.41456884751568,-0.2876537790545552,-2.375169930865472,-0.16945073712512498,-1.0872828283720932,-1.5872636906972752,-3.1754059746151144,-2.09160210564188,-2.142699121112249,-4.160698917241928,-4.98959399390161,-4.290633007969518,-2.4481329878443128,-2.3231627078551647,-3.891814088942156,-1.945132961896124,-3.1620864746755872,-4.0360615440702565,-3.575432449084651,-1.6804360595339456,-2.734458826715535,-3.4356234107181765,-4.443108749220423,-5.242425674839992
-4.322646685199345,-3.738424184246386,-3.150230010643027,-3.3589897705482303,-3.3464945752725517,-3.638192775926119,4.805726695344322,-8.042996451361889,-10.871420682700546,-1.6484777751809,-0.815697769176989,-3.090323807778399,-2.3212460576174303,-2.596124293098238,-1.5204916904625903,-2.0809679207670517,-1.9180565448162257,-3.2270202640167045,-3.404810734177212,-2.7992652211290587,-3.346667808435227,-3.502825208316338,-3.3270736232436904,-3.5308475724509174,-3.9022461118157543,-2.1330707251503336,-3.8901364408151275,-3.459188833052561,-4.681357678713875,-1.4781225288650914,-3.0126390388150086,-2.8486512404919964,-4.021368821553838,-5.980255781022644
-5.314894264617538,-5.2038800612050435,-4.3505876235425776,-4.4640803019089565,-3.7645843856742625,-3.6197264230241335,-1.0235656617836717,7.3002407594986325,6.46326655475406,-1.5946784643621288,-1.3274178083452077,-1.197084278710658,-4.942063335534381,1.4232028567417914,-2.8115532437275563,-3.310822310807742,-2.312585757627928,-3.4694960481469264,-3.790397007494598,-4.207118669360064,-2.4053787390971304,-3.0808076885376807,-4.962447877612281,-3.6395083877335237,-3.0868812444393865,-2.8175351703808733,-1.87887027335532,-4.3283844649135315,-4.425532465583693,-3.088443856458395,-4.275845735146469,-2.574195961949084,-3.310043845809062,-6.519171990826446
-6.965926782094309,-6.582466600436339,-5.6510842311508105,-5.316656717444734,-5.4485888628956465,-6.903316966815793,-4.195653596864181,-2.815490992593791,4.809199894908847,-1.6787263807733623,-1.5490739806606322,-2.2594548938723507,-0.9460295094638187,-1.8120823271211381,0.6450571339787576,-3.5339950558532416,-3.6170830032133376,-4.761831648372626,-5.520870262815841,-6.348025566456613,-4.484221282305665,-4.736838957604909,-5.242741425062371,-3.8433802802078194,-3.7722300298437363,-2.902669996426859,-3.304671272834353,-4.357917484124944,-5.984496751345052,-3.011612914295078,-3.797396956359842,-3.0125264250519384,-3.097313764948889,-4.990073139382564
-8.285942001537581,-8.242843826407103,-7.134893951842577,-7.239155194428534,-6.877383931302012,-5.40547285960067,-6.842163916727986,-4.360403006412824,-1.2139250952134149,-5.807045664759169,-1.903384580710837,-1.4501868462583958,-2.462104737688717,-3.94730326409556,-5.310024002854929,-4.112907403193623,-5.81793250713752,-6.667805636211606,-6.898151916443082,-6.883783611765279,-6.371999178720214,-6.586636123964624,-6.344786634594221,-4.785786812196964,-3.9319988654566362,-3.112586571427409,-3.521958870078009,-4.877108398128081,-5.761471376264486,-6.696215591981769,-3.3981010506127065,-3.609492797823831,-3.465707801773693,-3.9257100757531855
-8.171864529892842,-9.968129813700356,-9.327173577932209,-8.906476563767226,-7.4452422523696224,-7.611435553401295,-8.747362090234812,-4.234056321247603,1.6940357581678642,0.3512089320994105,-4.105185810832928,-5.509360688151871,-2.500441268776454,-4.679896488889502,-4.299748146656099,-5.552863824668149,-7.380108862933298,-7.283570502890262,-6.77485800315601,-5.868216179143599,-5.0272349220771995,-4.994483097547846,-6.085892208631386,-4.630790139204069,-4.4266577973378185,-3.9503753525822356,-3.499939033129665,-4.133128617136181,-5.222955509588356,-6.495573486695836,-5.244207551379344,-4.842499201264554,-4.115982333440463,-3.304803806908558
-6.727509204803341,-11.72768617416177,-10.971800036194479,-10.320251880830064,-9.196234368186081,-9.172886660593853,-7.353234556877697,-8.264186481095352,-2.2656649608536905,-4.89336030134532,-1.7325442288997925,-2.7670616518935094,-5.870993144332986,-6.837065290356021,-5.569025740529995,-4.7503010108870845,-5.711976394403781,-7.409532216960176,-7.836380308381364,-7.2664859810889,-7.142211920289915,-6.742016579180484,-5.88842731216156,-5.151529837046601,-3.7297207923360434,-3.7982636726784804,-5.311579371035537,-2.942521716884652,-4.9047666485801305,-6.15284135478981,-5.035473410019377,-6.869492850659496,-3.965178503927664,-4.503199880307211
