script/wind10m.json
{"header": {"parameterCategory": 2, "parameterNumber": 3, "lo1": 3.000054539987559, "la1": 64.9999836372058, "dx": 0.5, "dy": 0.25, "nx": 34, "ny": 52, "refTime": "2025-09-28T00:00:00.000Z"}, "data":
[rows 24 to 47 of 52, columns 0 to 33 of 34]
12.539169087857978,12.138847771808322,12.647901212014244,11.329414761312957,10.288968619494034,7.272649508768841,1.862694765363427,7.9884497524346,2.884308083008325,-0.37805617666940977,-0.748751772983924,-1.0817587100707617,-1.409129644159539,-1.6361361577119558,-2.370265790747467,2.019217770642477,-0.2694530048255915,0.5151668404231542,-0.3587047033675693,-0.9685196657499872,-0.15772399674382465,3.02450223190626,-0.21376195842509593,-0.6601947357743237,0.22846973700424908,0.8924936630142133,0.4835416705030267,-0.8613505780579155,-0.5308283133141648,-1.6484894394227252,-1.5958839172078392,0.36895367035728066,0.7973832302489844,0.6239757515253613
10.86225123037416,11.442044545558389,11.23136572843908,12.122100417491389,10.376146256035518,5.855129505682433,4.1272427592809295,2.0646904643952446,2.021381204086912,-1.0415897586562413,-0.3843295087220851,-0.8846390663141098,-1.9349195858697787,-1.0576789549456147,3.052763285313971,2.689029816120756,1.1503285628575242,0.7565450298060361,0.045622924562845335,1.308222347871892,1.4260976382787613,1.2584452413108203,0.34282714177389817,0.42764381842292193,0.13527276947168476,-0.42651598324249423,-0.22214598328617197,-0.713848752938112,-1.1201655665287726,0.5020012659055766,0.8777079075408232,0.6527313362962963,0.5485267122898945,0.7266901842828839
9.161464281425227,10.833573662926513,10.345860941998964,10.853403976492412,11.81117272195097,8.066834200562452,2.3421788353897264,1.6404922549731311,0.925694569169293,-0.8954862280143053,-1.1133533535797178,-1.1522269958590807,-5.223785004295966,1.8638203790838292,3.029250111050684,3.0234265636902236,2.3296080570536746,0.6339795983286816,-0.5935500544740132,0.30383278147581,0.013334415194781284,0.7065409228237499,0.4084322852254041,1.9877793438550848,-1.0361366023340066,-0.44436819554011975,-0.531903824402907,-0.4501791891816369,1.7475949040724195,1.0989819241432068,0.6789573681523318,0.49903438324592897,0.8168334614115141,0.5614287795208661
9.21121893548613,8.645372438548407,9.667666286826696,9.54046838095104,9.94813132720623,10.24061875807254,6.040583859035165,0.9069789857730699,0.5049573349443612,-0.407039864311973,-0.9184745207236553,-4.0383801762321845,0.77430431937392,3.2679968996207185,4.7992468182972745,4.253521305715401,1.65210656581563,-0.024313533076670973,-0.023862022084982063,-0.6229959996424197,0.2138342231910926,0.7120857121587627,-0.8990748184985589,0.33188152986018904,-0.9543072016685228,0.04924649798884246,-0.6143309422548843,-1.013138691454923,1.3392978508867952,0.8868597849281524,0.1351215083721781,0.24078468516200832,0.6645221384454306,1.558768516371476
9.367687034672354,8.503971822009856,9.498907372085698,8.596483587135243,8.58578512679682,8.737018885000357,8.407916123681332,7.192088057494163,1.0270551725053312,0.29278876238134216,1.5310133011194695,2.8220858078962707,4.976753842031554,4.700283813100463,4.73395439563702,5.763104434470873,2.952173769088438,-0.7565273154346717,-0.26975033431232637,0.5045140064879343,0.1681904739329912,-0.5870325772668161,-0.17033398742125716,-0.4152327581415484,1.2156310211012495,0.5771985176522494,-0.9371275203252569,-1.1994336836410795,1.5848727526522883,0.7813155868548406,-0.27948689192914566,0.03405397301904062,0.71659345895922,1.0294681129598657
9.00085072878344,8.374361709119455,8.674578882655702,8.143714528308115,7.430608789510178,7.680464551267642,7.384667414816032,7.310861143159147,6.350382405551232,5.152918672470761,4.367118206683933,4.167479304381256,5.0380889042649635,4.9423557032533445,5.042382344283213,4.025015712165177,5.4837142997591295,1.625350947014356,-0.35752710040867947,0.5717253024380463,0.935600957950274,0.6701171432362952,1.0438808142798564,0.2977653755214121,0.5449847982104395,-0.8458816861711715,-1.059768563478253,-0.8767504113004265,1.1618733319172037,0.24155961080162375,-1.3954730319859705,-1.5020156956530208,0.45114730461501257,0.6280376473823185
8.601817082918643,8.492859664684357,7.385699401271087,7.4975177923089715,7.629263290995972,6.8804183061154145,7.131145208947639,6.996174477707604,7.582207909385396,6.857112690068356,5.583513036892379,4.771029154112529,4.670964272089926,3.8294045966384997,1.3703416772915706,5.569610834164421,5.772452846819216,4.661742735645414,0.16914438815437677,-0.10259275777258174,-0.2780024218706622,0.34578387836573315,-0.7408076722293648,0.0974652442348609,-0.9311111335095074,-0.8495165499377146,-1.1118902831753805,-0.9779534921886934,1.204911155222408,0.4635279512680189,-1.6494323893723115,-1.1395068337407714,0.9764908064684068,0.6329107094562304
8.952129603575028,8.519835172250504,8.009877840093043,8.085720569815875,7.833931275420177,7.348870051634408,7.345106801638044,7.072847835630531,8.031690886242577,7.649253612089868,5.638931663398032,4.907930003885662,3.962731449514048,1.6467782518556233,1.854145377405379,3.9819911712922305,2.4623803601434155,4.772267541259455,1.5015666567595023,1.370850876847434,-0.7175343607141966,-1.3776729008730315,-0.7240190161556312,0.38460268043695894,-0.3090758472983579,-0.10497618655458828,-1.0787968805080652,0.9034009110268213,0.2537703966554055,0.4771343447138167,-1.6837605771976516,-1.5463445610355737,1.2195104328982755,0.9165743800193438
9.237652193061898,9.17775131361196,8.79217984313259,7.923043194493146,7.854820718672925,7.96805585544873,7.73038321318748,7.62742782216715,7.160145101311542,8.048744804234119,6.156570176153196,1.4219509934109964,2.11208796843435,1.3092423595193894,1.446201395173001,5.817966569152551,5.773149559688143,5.148020178514245,3.526044480958722,-0.12041005275949924,-0.602208996942126,0.45253656226568,0.07935149024102177,-0.34183534217070616,-0.46197820618553537,-0.8972409786430918,-1.1147973356682384,0.39988973915402837,0.5927423386374661,0.3771466585663099,-1.0258490672158163,1.0466172676665937,0.40786230759651476,0.5780200256803799
9.031422695739373,9.22295126008662,8.53164167573622,8.451759798640639,7.059305216771393,8.484020830469836,8.538902857766358,8.313805980165297,7.725577952403459,7.521489270283223,5.740048132802599,2.3212733562060945,1.1467318580065595,0.34022921483948665,0.9099171491926803,5.5976646652826005,5.4370058728360915,3.6283973173515043,4.499539877767199,3.0444581711083747,0.52302796353224,0.13675797473217458,-0.2228209937049296,-0.5896770265691198,-1.1061642698306011,-0.9491064265681578,-1.1631722923771062,-0.9148094149513116,0.580507761230982,-0.012650522595506112,0.18392231025699207,0.9181437140881756,0.7785418881741636,0.9074275283706249
8.999871081627502,8.498349224367075,8.406707988251393,8.267023278681839,7.83520780102589,6.834148198894192,9.16164592976614,8.655584589334874,8.055720380734746,6.961718902156349,4.10540630042598,1.535773923656196,0.33000507827563513,0.33725279669178476,0.14016678741111574,1.5871323155537584,4.5847046135362435,4.118926883001832,3.676466753909578,1.6665726269438899,0.5241124784646295,0.4767322641959955,0.4555306948968775,-0.06320571552332375,-0.6482294075354034,-1.3902728379745224,-0.9357950727536427,-0.48866248979610416,0.5622495344944675,-0.02410262696524734,-0.4474412435822468,0.3613041374826749,0.6301319214011555,0.8662985368387524
8.548580908773143,8.300296673345413,8.637133599884866,8.409682113272554,7.474504472005473,7.1216619336653855,9.739362998042093,8.862342641470018,8.19420920198702,7.485290235262895,4.114906930327556,1.478374505062209,1.7886910119870285,1.2299994432786425,1.4260965124315872,1.8894733922129034,4.6221723463948035,3.4003272312064268,2.8890203452610828,0.06917435574548897,-0.1326115722396201,0.4071314704651538,-0.710445405855174,-0.3537386030072629,-0.9308740776826069,-0.896750156011569,0.03337266994451283,0.8181752107201996,0.38297239646859094,-0.19559786221378908,-1.0639938698929137,0.004302528490485744,0.7214948550940077,0.9560699846655262
8.793681034286864,8.261659656764502,8.375870377055733,8.374683555685328,7.436692281417883,6.914038697964204,6.900254720295338,8.66949679843759,8.20035040759328,7.55487971419801,4.291274893567457,0.4391982424021689,1.0069829641827113,0.141734941546828,0.34108409860782724,2.8684557382194558,3.6662238026760767,2.6864682324571985,0.6667066761366464,1.0160424935746943,-0.007536796290124497,0.6172252245479617,0.6460264786030524,0.08065242097257927,1.4291044104431634,0.978532527971035,1.1157059546140344,0.8406409901264984,0.30069371732207556,-0.020309975178347022,-1.1586267135490202,-0.29355336641865654,0.9331328243645083,0.9998675942408191
8.858102202170938,8.137139040555672,8.18746942604066,8.246414353020091,6.928276594455206,6.564130928655982,6.573763474151559,8.77977716511675,8.024522809287891,7.248902132335606,4.029732455161215,0.6978247638024934,1.5801578883672567,0.15240778411671954,2.4436510664513587,2.139088484080932,1.2905448192910782,0.28349950711498795,0.8500509556654555,0.5572697375390079,-1.26693267011139,0.37998990217590084,0.9081580966983416,2.635282556502722,0.6958518185814836,0.39906964741647005,0.8994239974492566,1.0454117376043297,0.7135439471120169,-0.0634552393410765,-0.9684848945393871,-0.32605700788541137,0.4989890968700268,1.243724849285369
8.62057305437187,8.00435499976307,7.8917285171994305,8.287065890016352,7.111427191338381,6.182024275070967,5.482307491203343,8.37175990516817,7.410389098003895,7.283420761467665,4.354708233209311,0.7281388893375671,0.23865697792857116,-0.5791224804665789,0.34465414205141526,1.8819421762735933,0.41693529575450067,0.4630527097064493,1.1133946078790227,0.8588453406296259,-0.3715421407046461,0.47178726237431795,0.36665648572110626,3.17221424709519,2.316372388592002,1.487173077844061,0.5465447682639485,0.39140266902698306,0.5229807660551947,-0.41740915306238063,-1.4888223580620836,-0.20600649614709207,-0.04015294113117737,0.9351614624584039
8.54619947213209,7.937759835327722,7.7886707673835,8.154996828968615,7.2988770980545405,5.197349335110605,5.4661684595115005,6.037844287625309,6.847501635567491,6.623191303891559,5.849300135878622,1.2010944393096399,-0.22942091827709568,0.29577479080676305,0.060706697564603,0.8865292399083992,0.8120234428485269,-1.267760142766987,1.369373357987999,4.3420955305896305,4.289705203282011,3.2364051987746056,2.149002761773828,2.1732698703258,3.8185112576847375,1.999337359070631,1.9231972075189505,0.7978537063003294,-0.11784766595239625,-0.3352216625945308,-0.6902695905083408,-0.4383728790371519,0.1328997069505936,0.8039464165113969
8.193072340900734,7.676031963979716,7.605403552890114,8.251051174438063,7.26691807040996,5.4374790301237566,5.954063508852588,4.24820911701225,6.293496356352151,5.506584703984836,4.74419673639201,1.7449244753200226,-0.040906427839198824,1.170388675867222,3.429780224856411,0.5554053643994582,2.4171749023915328,1.7753868745808519,1.0686682989323077,2.658626751388052,4.526135596036097,4.396920361579658,4.090892322968446,4.057433778655494,1.9404958733085673,3.3584552092086692,2.4616133738519945,1.6339926789185355,1.865064625248204,0.6809045924482673,-0.4274325594155087,-0.42276798844877006,2.768525844383874,1.042082089804731
8.065962729140027,7.1095473341077655,7.526782578209764,7.0467454308726545,6.916218929717159,5.475168907956419,6.185552696576549,4.323061985179709,4.994390792305692,4.545021785565572,3.2194378436352418,1.0836128638211984,0.6053046769586158,0.6726561727585914,4.441130360670516,3.639017661507797,-0.37879058227265344,0.013299051589448233,3.114873503870595,3.7382271272355383,3.2753165453422195,4.758029722762851,3.992118937845909,4.028901234505983,3.6543371086899774,3.4997939335729913,3.0450114282355147,3.1239115993061937,3.4004638384473362,1.3856743248898853,1.072631685983761,2.4326495420727285,1.75751625881921,0.5942127411000265
7.3494102910840695,7.228077391204817,6.870439306106298,6.925935092849792,6.403004156946239,5.442216508267067,4.82905305770972,4.770224551888155,4.0591803530432555,4.1050107596817,4.674536441339811,2.615916540465926,1.1183897142035515,-0.5711669853486941,2.67119269293814,3.7882219622548083,0.6712405498915464,3.072435155031319,3.8282392882716696,3.172650101854035,0.9627175605323878,2.333386893494742,4.297540767108042,3.7883502041452526,3.6549132299602283,2.8952194815228136,2.3850300349029405,0.36499821151517464,0.044852655569457715,0.3818644639150524,1.1829462978651912,1.4817052834324302,1.3325809855705268,1.5634878267921488
7.4323170092732775,6.813335332252914,6.06930926720574,6.588750264320968,5.98261639846329,5.246186946148232,4.615391840999527,5.457239311348537,3.4130473630252522,4.189677051572626,3.3551512068775913,3.3527998148230296,0.48036218889133847,0.5124508902252908,1.5681334298059324,0.8292336812068869,0.951731095633008,2.9262429493944055,2.556385519759695,0.2326018441917751,0.3518884691930959,3.054249363438977,3.868202742999768,3.079796555417436,2.70118606663557,1.7992967594687612,0.03697030376765899,0.7607472448547622,0.057123780761516196,-0.23460259534996683,-0.4774959794106682,0.4584593717092491,-0.3890896485617416,1.088674683971027
7.722214478526598,6.575488475007821,5.694283082028061,6.1823687175876705,6.1278328969413165,5.376213948627879,4.60816981770134,5.017715881968469,3.6263721191174105,3.702521376384693,2.6963533222639073,2.83630849392145,0.6368603429521492,0.7205723260497243,0.9252745090314962,0.20581483631600966,2.09578362736427,2.034039394837899,-0.004381038715493666,0.11820717607106425,0.4405532531243624,0.191462823075767,0.6362057255172158,1.1308055996070836,-0.1452510619973749,-0.6233894892346225,-0.7197935890398056,0.15981577531343488,-0.19286304096354182,-0.8876424641797109,-1.2226135251543646,-1.5867194299512626,0.08052520811833999,-0.03251041878336936
7.26963471029634,6.339322146699472,5.716810184007353,5.888723047753232,5.999790667364721,5.100220187832929,4.107339410730289,4.102716522691457,2.8624776881496343,1.6464495131002201,1.7526589974525812,0.5956647087294891,0.17533911925814422,0.2389458588986143,-0.7508701667450339,-0.08084863827577402,1.337785535203929,-0.1793358267184618,-0.7387530771779166,0.043516421740891965,0.8014385768094766,0.04495556031800553,0.8230864677009431,-0.6621716779229329,-0.8658303946014559,-0.05849803132083958,-0.004981757356774856,0.2524351113304463,-0.9647407803288814,-0.6389921293347466,-1.102863081146202,-1.3781476021682593,-0.8623793641452355,-0.8832792231552358
6.559608698990648,5.807151354524022,5.662643139274302,5.503234643745624,5.278898198969827,3.9337611692804177,2.800339107117076,3.297143285258123,1.614926269212682,-0.32634029266505604,0.7788572511678608,0.35505435318664463,-0.514642447185436,-0.2353187891056341,0.22360453834936567,-0.23632169282066304,-0.6475437293167726,-0.3024567218715694,-0.8367910528704349,-0.25576909980374446,-1.7772536537904278,0.6480911386738054,0.13454572897407574,0.04105894672253839,-0.7425585932481145,0.36481730639043597,-0.24036189968243046,-0.7145045128490575,-0.6515243773089083,-2.0583980577151793,-1.5280136267619302,-1.6236265731369566,-1.399645945007792,-1.4465932553404992
5.977232310871921,5.5469793158090726,5.597715854566694,5.27133276749934,4.837100644624317,2.3111905284462506,1.7909960801597697,-0.45582338137198347,0.7423747566308445,-0.5492421350384273,-0.02730008485790372,1.0335369322814725,0.5389862851186796,-0.34283541026707387,-0.13089527586304286,0.07153137467520623,-0.3929268790019423,0.19646057705966433,-0.541674037109515,-0.17942579570091888,0.05354321064572079,-0.5206170708105189,-1.1907314724078377,-0.07598861747773099,-0.5996727795410942,-0.9389805825160555,-0.7316127921560723,-1.3998044747681477,-1.328882148590433,-1.539325810864066,-1.1446003848973825,-1.621771145624928,-1.7706996135712338,-0.4961594892421256
