script/wind10m.json
{"header": {"parameterCategory": 2, "parameterNumber": 3, "lo1": 6.000027932988019, "la1": 58.9999434238085, "dx": 0.5, "dy": 0.25, "nx": 22, "ny": 24, "refTime": "2024-10-18T12:00:00.000Z"}, "data":
[rows 0 to 23 of 24, columns 0 to 21 of 22]
3.2224139790695303,9.849557771639013,3.83100423873109,0.2668947538826236,0.48600193110898476,0.6142341982722704,-0.5480190417576869,-0.8448670975815765,-2.430373491765535,-2.3724131770561905,-0.3515168948112998,0.37485495209261777,0.3576667232419791,-0.017409328298108307,1.9995531997802738,3.1807655208072485,1.0340979185744426,1.7202192704946455,1.2957862709560506,1.7561104134938255,1.2380107862254852,1.5669501354255133
4.474492762880759,2.349620529646117,2.2934469236652393,0.06937704300580141,0.3963918735930046,-0.4597755421557141,-1.1434832047524581,-3.6404372680445007,-1.377611911281191,1.0970938505866592,4.727519126515779,0.5044295556537561,0.3328136139190793,1.0077444497055452,1.3793411670536995,1.0132498798317096,0.5859704702284351,2.0215362620152244,1.0509607789712623,1.0422599966635715,1.3179558620114482,1.132887757152851
1.9388134524627392,1.2543360717066343,0.15553241412870142,-0.03937431032753423,-0.6248196095716341,-0.6679157475559426,-3.6079842777974274,-2.074447894441951,1.2128241122020977,1.4860858325832367,5.362930328026032,1.1145199034874598,0.018938238692825914,0.618812376794999,0.2755490634941257,-0.16486962725191717,0.19197196416285128,2.294892913941538,0.37254885610232347,0.4985187536867574,0.5963508599007414,1.2500240949741235
5.898759834252287,1.0432474633752868,0.34145036141789775,-0.3382370212302545,0.07232641842133301,-3.7514117747351445,-2.462141029931922,-0.03391950422777322,1.1507841506801675,1.6661222124527353,5.948737101973721,1.8519947680576205,0.9717802080874275,1.5495937036993246,2.4736174139036446,1.7286636871301548,1.5715791655351492,3.387688812952294,1.687177876046382,1.5681420890451694,0.6065874593814756,1.6722098630981488
3.767995348752459,2.657531445754698,0.17457594937322501,-0.6495471785114149,-3.0507213355191394,-0.8751024925543748,-0.7284147524970072,-0.3292130315655676,1.9135672924047336,0.3142315056936569,5.630880213042279,4.362482790603442,1.8917080754749873,2.1951511509082535,2.0740264819623024,1.7653529522144242,1.7379465615943883,1.308263295232282,1.4077244671146218,0.5285249268039107,1.4850187043442593,2.074151191101319
1.9230875192538983,0.7055330125318445,1.2126367789017312,1.1228788660782487,1.7475711185513647,1.657808078385305,0.9488211705332991,2.5972870693276406,1.8134465219581326,1.5127398995827757,5.466548542818045,7.427717130591974,3.1188880537159216,1.91778901461731,2.5097187582191216,2.198275648421624,1.9319763653085247,1.2912295280254098,1.99645216629538,1.6997642494263232,1.8460856471409195,1.9031171255752777
3.790667869341973,1.1420455692571723,0.8902050951024333,1.2908486506717805,2.0996161457778144,2.391260536829732,2.8379837590849006,3.011219600294248,1.6751508580974388,2.540957209722468,3.7958430925577953,6.72950338610242,1.910959534848192,0.792029645194815,1.196048181878407,1.6101523972699114,1.2408450845858303,1.6440049028888817,0.9364330005908609,1.4148661401325124,1.5341799800025364,1.9920304037527155
4.080307751359818,2.974853808940283,2.5005908482205403,3.6515765616624396,4.457402190628547,1.3383309471017064,0.6985362876398322,1.980711347799594,1.728286131497457,1.8716483555559507,1.4689414277722848,6.2009270108410774,6.477602908226513,1.4957880533163719,0.8742729739397909,1.3182224161027696,0.8448119997556768,1.598575276028124,2.0810192243763845,1.3332756649888016,1.4755561028898472,2.8945817523873276
4.93085546470206,3.6404173841916174,4.127733141710467,5.107601414438774,3.443048141833634,1.4349952932292391,1.7892361074286476,1.672110053407785,0.6363218676680608,2.258608586892697,3.7251710974924244,6.221038273989268,6.915896761541594,1.334345169361255,0.7904971236017938,1.4810096352777065,2.4240129449423726,1.9351125309600177,1.859889090693601,1.3637784416366445,1.7090349613347813,1.6654320453878324
4.394640754864344,4.823068956296239,4.037063976265019,4.391410686513558,3.4089229604472595,2.692898723124588,2.281271487414652,1.19601717220688,1.3338766162728841,2.7988538972889145,3.7925965379760695,4.950207477411599,6.240307028355255,4.169916459137405,1.5577285120764957,1.8078327238873677,1.9841379130305528,1.7977571216037045,1.5662589913528204,1.2450062061865952,1.576085790254667,3.2948871650251674
4.933833990180785,4.030097037800228,4.534495800672894,4.0649270639243165,3.5715940906015047,3.507498092489087,2.4636126828226397,2.0402917612614377,0.8348039033265131,1.2485319719699761,4.027604597147746,5.083435792522534,6.503536880152046,4.972136297872564,2.104760961411686,1.5996737098931257,1.8276076430765078,1.9370449393591735,2.0744281618159794,1.618789154765561,1.9235891438071373,3.798775461733114
5.121266177544354,4.296880089128343,3.865005834228688,4.740270953037825,5.080958670252059,2.4195679054737798,2.458634928810079,1.8519864425826966,0.7988497158501621,1.5884946377871842,4.17626373964895,4.867657617053245,2.893822854683652,3.3024419082438348,1.8258393029194009,1.2867109048172267,1.7554462976475933,1.4873828999170222,1.8293625251612162,1.938017837921644,2.664825438203882,5.214377757334464
4.3668316479974925,3.099201843033882,2.832214829931564,5.885474515545928,4.201091872557378,2.8455400333588274,1.4201627259140703,1.5485719762348704,1.0829639368596815,1.865440050556371,3.299230743441806,2.404224848589824,2.4158251288137524,3.0264119256655047,2.6706210544628024,1.5848853940311507,1.1480780958338455,2.333696591047633,4.42721981791542,4.450858098749542,4.613262568859646,6.946527387684435
3.140245161178123,2.5056875916596897,5.190709738656837,5.518279860106172,3.824451102211632,2.747929799694451,1.5753040329204087,1.5504025159755803,1.7774592245410012,3.220491319991313,2.380735130007935,0.34967283833597124,2.5492808435488477,2.186051903382011,2.6710797690326307,3.112764363356781,1.5911082196877384,3.373417150822755,5.2207123293737405,5.563231968458089,6.309745520436263,7.251236568630853
3.7116572286177467,3.331323339875746,3.747429836762053,4.22474792109645,3.1004172031332,1.3035799344983425,0.528980879168542,0.5002940056951759,0.2831303921285706,0.5849395588081328,2.954174352774006,1.6102583051833645,1.4330350405524201,4.399703368381137,3.2926155221338225,3.1708828443451047,3.2536651774906638,5.124341188950014,5.619331137101037,6.136154130621537,6.644631195805167,7.565902046451039
3.9149407984102327,3.1973014841788943,2.1978893027743998,5.096380764905484,3.2964106370066495,0.12733558222201183,0.40435103605335193,0.9426463873307065,1.446174183804544,0.6508540362981642,2.521492582005199,1.4817415374840857,1.8331341981361216,4.012708237392743,3.7511774858854263,4.889944382258188,4.700136129726323,5.2072961507036375,4.550419510533145,5.77426103675179,6.78946734677755,7.42459150075995
2.884153563769102,3.355935151526621,5.49303817272518,4.816706975531204,3.3391632760318473,0.3598449842489015,0.798224627533978,1.528060187318024,2.5060150402372923,0.31292281113596576,-0.1568922465487559,0.47373302988538746,1.3121049873264246,2.1392397829678367,3.5614012689375105,4.733998954356771,5.139459751730293,5.174242801515076,3.7724166719464387,6.029414924221806,6.067772619598972,6.312643745580926
2.4686181821569115,1.2073277587444373,5.2225090500908635,4.131853546258262,3.5627406416080283,2.0945974159383898,1.309311833582773,1.5640606528708039,-0.013625598564995166,1.35443291554551,2.579727941759525,1.10596443535745,1.4960658950786772,2.5836346676634045,1.9342559618463036,3.401798643911027,5.653227184777097,4.773114705063136,5.374091636500865,5.7766418360733685,4.840344556233295,4.6396219457853745
2.5757830006084927,-0.8564987816100951,4.697476881504369,3.2509510774098254,3.72809278242621,1.0774817804837935,1.0442499475768012,0.6519104060570046,-0.10597440732163815,1.2287838825880555,0.49874330577815673,1.7506759172841722,1.5135233141592508,-0.8764052870974108,2.1167506635180113,2.2235046866980905,5.254906475978108,4.409391304497563,3.783623463910318,3.9004882678822446,3.10625152808237,2.7961781642819528
0.9574075691019085,0.6263569441786563,2.8660963147546585,2.2481310990482064,2.3837060338874787,0.3711437051295821,0.6944629874789663,0.6002804772467607,0.5207938436431887,-0.9492464296767273,0.726885066003126,-0.06723318496806481,-1.5116127169244276,1.991733534103016,1.8521311104560887,1.2689350207091676,4.7838035331579505,3.3057277731297545,0.9387049741301887,0.5800383176560511,3.5071048272197243,2.837510640334515
1.4264107384299847,1.3930025622408548,2.6157464980733147,3.243817634252814,1.2444054892952578,0.23960101261728672,0.9605270835750208,0.07866944188024276,0.08270428109438471,0.5185846982415581,-2.083569365939027,0.9590614608895721,1.6070425799172594,1.5907537291471954,1.6439914424171411,2.868027551979798,2.5025793754625,2.0582810148421977,1.983618464959342,3.801159672988843,2.796800720820299,2.5002906014523973
0.45574415113649286,0.9273377134755844,-0.4006610710529384,0.576077837756751,1.0831071852660854,1.2480157493291806,0.11684301327885807,-0.9621702229917648,0.5989722836172418,0.6004410678039911,1.4345035995999167,1.392008196441168,1.6793470478341856,1.7510740902839832,1.941003741683584,1.493609077519131,2.528793125059367,2.8903166661149298,2.640193760512213,2.6391905076540882,3.159271063407041,2.509612582882128
-0.8055968452427268,-1.5879986382290945,0.836898488059794,0.5648492554015135,0.7895718438001593,0.8174918901212138,-0.1675490636629436,-0.4779887890250085,1.114166103740729,0.7150947971669581,0.9402457668031672,1.1960266179878347,1.444787385011769,1.0239044462281797,2.0199944211768783,3.038373402270168,1.1407025754893074,1.1893313849587088,3.704371065269972,2.9236856319236955,2.5036286428135264,1.9481389948543784
0.6620328873666254,0.8026300738047899,0.6859405215014859,0.8100662712214967,0.2710618514700625,0.8345916169778832,-0.09426715342906018,0.06492658711614406,-0.10878134262647093,0.6947316810837828,0.8004155804880827,1.0361256107467576,1.4500746716792636,0.9907209731918772,1.8462286259801448,1.7982884737721374,0.9524553063916831,0.9706356729437656,3.004162403635166,2.7472022102513898,2.255931448193928,2.493081961546229
