script/wind50m.json
{"header": {"parameterCategory": 2, "parameterNumber": 2, "lo1": 3.000054539987559, "la1": 64.9999836372058, "dx": 0.5, "dy": 0.25, "nx": 34, "ny": 52, "refTime": "2025-12-20T02:00:00.000Z"}, "data":
[rows 0 to 24 of 52, columns 0 to 33 of 34]
5.069613050918495,6.854202953374892,9.271105736478894,10.599394606887298,8.610235053284937,9.151920881764251,10.54708878764454,12.383091737864698,13.544456651299996,14.546898729484793,14.886773965957266,13.788413782437468,13.781287647078079,12.992434184051582,12.306419958177836,10.721116256136042,7.019607044513358,3.92925721229397,2.1831793021613985,1.8174986157142392,2.676641922180888,1.132538376566259,2.025515772209152,3.5087911280037947,7.587705500176306,2.386416159603963,0.07322745545511598,2.385377292428841,1.4153602688531681,0.929242330905424,-0.8670966808581073,-0.2957210346555271,-0.00037324476047001363,2.602090795362026
7.890243927837138,8.200053705563375,9.682792016704138,10.8634302289257,10.948354113122491,10.736521005894668,10.678191412795204,11.243414565499373,12.149007309022116,12.091940616184981,12.249928869780195,13.948517796684289,13.578592449811397,12.981910380132271,12.667752559975622,9.8691096067147,7.9051186938965845,0.6813760846513494,2.0753468966898803,7.934165021798705,3.529853167341787,3.334665027962456,0.06329100372723324,6.583864268786624,-0.15198381708555803,0.17518603691365003,-0.023767044780365905,-1.5564330463320113,1.283954443650246,5.32278377394727,0.4368808349552607,0.59783363018684,0.934818855177885,1.8181508333952403
10.087848830984425,10.887567143363551,10.974233318932031,12.32319835683847,12.032588414893068,12.110889821608472,11.313869456535754,10.995195348190784,11.592997999300373,11.827794861366865,13.849191316097626,14.271023179217572,14.088507031778338,12.742356846776703,9.876838108355372,9.377016985043923,5.663895949158543,1.8617183928543501,3.443037080407784,0.6396527457420232,6.492369774108368,2.86083824137202,4.342161626244175,1.905686051798901,-0.3319047300896824,-1.0065499465031182,-0.8396744566053053,0.3058231999205979,2.1807240101015917,3.381459332990863,2.7778725771600374,0.7095940481930442,1.2502684440353726,0.6471436505025171
11.3422259737289,11.683551610573003,12.927480804811463,12.365937755585572,13.473933940436508,13.010060666540527,13.148710369538323,13.228509553916286,13.573045337375358,14.861289908578895,13.261946834288814,13.438288836493529,14.108814103844706,11.375961438512913,9.723135767520763,8.187493845200294,2.906500280162066,1.8121864761947148,4.252926048253493,2.415572715201495,3.7754995608617348,6.26976479201306,0.4796714403593293,0.05883394966561357,1.4594682056320238,0.9291687341456173,6.000047142039599,0.8210529180517849,2.1863551049760894,3.1756297630462793,2.17154354171083,0.9454484592005904,1.282590017819576,0.16002875423395327
12.030870206097063,12.771429251938061,12.54491010106944,12.628100569721072,13.039581974768389,13.291601549230904,14.005274212497039,13.334645339406396,13.744899060446548,13.500924664954196,13.096837226580735,13.856843733219328,13.223277515246084,8.933794077051855,3.5074746074647294,5.130006620437487,4.537038009989977,3.4590791926235918,4.849370752047404,9.655455149877909,3.764130976554657,10.271027818932273,-0.16400404000975569,3.2504920066768674,-0.42682602663053165,0.8331882114826553,2.6267531209567143,-0.7614158905808149,3.464696712242642,3.2460984407205387,1.8808529600737436,4.116631861452553,0.46704761152594393,-0.033861680297353036
11.286074256629016,11.53460870894423,12.842931786927254,13.166420722320595,13.257686807829758,13.983796722826087,14.001863817584274,13.764902227426608,13.547443369171713,13.477943280276026,14.185965328674108,13.985655478457351,9.083743478111618,9.029780970759935,3.8208848478829656,4.592358071471465,2.980272461700865,2.479542250062097,6.468445244881891,3.5377377089438147,1.2806594875549924,5.527419760196485,5.339407327540031,0.8223147041612903,3.9297494627770586,0.3698755343489527,2.771083012793404,3.976899555124778,2.505986934383876,4.1105939979715185,3.4069653185882744,1.608262622016523,0.1213063171576814,0.8850077978235433
11.537383645575764,12.16640781195224,13.081648385907393,13.729045573805305,13.402682108397826,13.427287242441167,13.600438376264778,12.994983405247899,13.294596364343299,13.988049678490023,13.713077494742166,8.869408649685626,6.304738797033851,4.418626120601002,-1.4576756725103794,2.963556080988947,0.13393399784370458,3.7278927440369416,6.323750527708283,4.3540627906801195,6.336222021140697,6.131318834729472,-1.925333050516862,-0.05421892332715396,3.540524626803469,2.8150018535998482,5.20430766160731,-1.6298321205499176,2.4260321393526616,3.8512953008863877,3.3041510399115466,2.9041582948145357,2.0177068029925933,1.8713901667290271
11.101329618401245,12.210410095195785,12.781184807355782,12.902831818088249,12.539256661262538,12.796128188740841,13.31383314507904,12.86124242077366,13.409941782611659,13.96863069362118,8.244560250851023,1.0642829437225618,1.1271033463534597,10.482012971010985,4.019445972872795,1.9617943646083646,1.8322577622678007,4.316671304871481,2.099859710169946,5.618025792981224,5.20711219008747,4.687236692660454,1.323306452081409,1.9635421346854547,3.9427134967348865,3.0687364668660977,4.566082544011774,4.854036898458674,4.781569013345742,1.8156230471491597,4.853716269821292,1.1367149596712782,3.3456601030838344,7.0650739666595435
10.198993168760383,10.926770048844588,11.914397655870006,12.429945992995455,12.326394614961949,12.936190982949054,13.399622874232913,13.379096219539338,13.413532083337335,6.072389135011674,4.25981304589708,3.5930911552294043,7.615022575381139,4.023168178465324,4.046164800565617,0.5500748961377752,-4.975640416962962,4.946606908081484,6.596933022211356,5.111521226353044,5.817281286790438,8.958708231430968,8.02707573551278,3.458395969227808,4.631653649113209,3.5805920124284003,4.231098647528821,2.5391685475709886,1.7207876205552137,6.146948075527631,2.9458924509992785,2.1901376233122942,7.527930804562874,8.390606985409706
10.17343673847939,11.298762663278666,12.342350669345121,11.925342813174247,12.53723284165315,13.287562932797245,12.952632332576545,11.108662197174223,4.933510831171483,3.798242026785515,-0.1327152775267605,2.0395011985892224,8.125802396440317,7.476434578524225,-0.47712542574595046,1.2150095262876563,3.1152302443394615,-1.989442414617077,0.5608982799325365,3.0582544279948642,7.7058252084017544,4.195381115397445,7.276574197474487,4.388429272209089,2.777721417439291,3.654427482592362,7.692659775947063,5.959995068606737,5.953794294626676,3.1812040624984825,1.7001632219839033,7.273776786311083,7.555677552318845,8.429785178224938
11.985441302039845,12.537998452335286,11.891799318621532,11.85794229424404,12.034927096460525,12.069286364446679,11.083244738891976,4.807991177235758,5.9873837875415195,-1.117457494214487,10.538766603049002,-0.8161672167834594,6.957815549933203,13.043625579793206,11.769423920118284,-4.942325859976221,3.8991040080864092,1.3137047938271291,2.714391296889438,4.656211829742619,6.9488179423776035,2.4444155863643666,9.32934520757491,4.26872166146645,1.8826410145817107,3.517395518754631,4.815550573252195,5.415252789553826,3.789038785448757,2.881104172656899,6.085839292776434,6.726370092871039,7.950141470817943,8.942873614344684
11.487589580470427,11.140449901406626,11.098220176947473,10.89385739605681,10.664143584515251,7.242992345951297,2.1532924631158057,-1.311129273893562,-2.5997555686783467,4.427867609662157,7.086520572774301,9.264851891992464,5.473379054081421,10.179948300888046,2.422241051920691,-0.15134407180187148,0.1188929584772403,3.1027951977158974,4.06386513386358,3.67399237687361,6.876328834827521,6.58903893685583,0.4927570685002215,7.305634526394858,3.4257582234649386,0.11555805478226873,3.6546939824200995,6.929461610789862,5.889173786443874,1.9234439049519856,6.499549155348769,6.736738134732505,7.4466553591247715,8.676486109607643
9.821941440046974,9.706355148301105,9.816823375962212,9.650158308343018,9.109293643476596,5.387218543999241,2.007304993203888,0.9461190316077461,4.325468546408196,8.721973423533115,7.157094845147719,8.970765307754125,-1.2819670529095875,5.833392568878872,-6.1820349865045205,8.828263712721709,-0.36355071242051956,3.8100406886973186,3.8667454731308197,0.9528902363016826,2.3500632255963243,6.34355583789325,5.8236296988475695,2.416716333435443,4.457970561089772,1.8870585941746094,1.9365990928523908,6.166122446343337,2.6105235864328407,2.1461309660932653,4.245123048117889,6.911802528938324,8.082687919010322,8.922747951240817
8.890236728438234,9.280633766816807,9.27469060256264,8.242349496770565,5.920483032321304,11.263153244657301,8.432915371075039,-0.7546068778741789,9.4061890297026,7.898187916572457,10.804917029491078,11.368451405644299,3.526617476867265,-0.5109477165662242,2.0588286156083315,2.934629593518093,0.21286351285674127,4.075736960810779,2.377382257884624,5.080949505928558,2.134288493657585,6.728269101177604,6.444587298895155,6.232803843331373,2.9198861163489043,5.780287225740611,5.868447425562026,7.784317444248827,4.115149428465209,2.26582310430117,4.199590884480681,5.483594985686009,7.514727560298261,8.71183265812106
8.128989330804231,8.350504390925352,8.360970516544167,8.164458897028148,5.641140725002521,5.058378481101404,2.0147626749647336,6.311254644318285,1.051945894255822,7.046355551463347,4.019963514739436,11.93906389919043,9.407381873490678,4.210202186579554,3.95594403060123,4.217222426170418,0.16734320002425135,3.017924002709643,3.4624389927884054,2.706090394859105,-1.3374710908303216,3.013343743388823,3.7925837785443774,5.16674394239221,2.3480866222818237,3.61832879606496,4.013912964067946,5.31876867956715,3.0408864631526837,4.526600124880008,4.52476278266061,4.459729701692059,6.7492746193377,8.357582387385962
8.051747295610758,8.419764115658296,8.271083592671483,8.107706678106824,5.493371756911781,3.7722158288013317,7.555242232322426,-2.47576834654427,1.772660151549132,5.664859954977281,9.414089330351079,11.8202118666299,0.6242907147147515,3.0329214084430918,0.296710698808002,3.0506630454370818,6.033476764869375,-0.6160139604793706,4.13756275842732,2.9429017223879668,10.312224984749538,4.888544149561497,2.3113726742917584,4.912542852018332,3.478196958607003,2.2137820089823967,7.32672139258985,3.9064881659396926,3.8880049152820053,5.18100574927925,5.161142206846813,5.235755651989485,6.4585988304706605,8.067403878389442
8.018528233701394,8.204005634231661,7.947282937957927,6.834740660668312,5.8603116838938645,5.195092296497651,7.797702751610863,3.9038597574794602,-3.8482192230804992,7.681248727767644,9.707901129420257,11.954829418383579,4.472518314420964,-2.1286741626412793,-1.6091049261386676,-3.452308295267712,1.6164909564906167,0.046322545675203476,2.8354495601895677,3.787011100758644,6.186103734792831,6.86134409760338,5.555550870399826,1.0191419786910092,3.3680088924808578,3.136159827235384,6.495480206653265,5.910677334559091,3.745377068970692,6.861521889652161,6.502060990438222,6.130448118517235,6.977353150802112,7.42605406914302
8.063715545197264,7.877745853236022,6.527512394493973,9.441968727847607,6.054370156065839,7.378743547822123,8.787037690942935,0.3093790947271798,8.002462039242934,13.992705692813512,7.719780440008916,3.367690077057365,-0.31029004386045045,2.562136604084299,2.030962969138658,4.426605410185507,1.3238895492208613,2.8124386645392896,2.7546301785262046,5.434525365619341,4.181800344004828,5.379996774684801,4.733791856813912,6.723335410372697,1.7164628583524295,2.27308187356446,3.644910549837012,4.692159983527275,4.432059258211509,7.350751013013212,7.105471879813586,5.257929451534416,6.193014293139363,7.191111067888187
7.827703768783536,7.6796047071910465,8.68749783746862,8.778588856364015,6.644824097824404,4.159671778080206,12.604767456084572,6.024742916506507,6.23200773719306,15.351516885995718,9.001692208126919,4.732727888623082,6.340280676033271,1.3364839472269734,0.13815122599169183,1.6116122758840286,-0.052215378948019656,2.5008841824588903,1.5093200837172513,3.9693007406691057,3.0616372018902283,7.6631144620063,5.535468193584933,5.285195630950671,4.835043585631517,3.4107668103197324,3.203187827889524,3.882549048570653,4.815024307007528,6.094856896548631,5.678473736910923,5.626516101273126,5.58873241912713,5.574025918148753
8.45485771957761,9.90455816643556,9.654349253987748,10.015095348413347,6.5717174904996325,6.109203602359276,-0.6276143146434139,17.593406289303772,13.457682863851513,11.113529200769552,10.294910460892133,12.88534870642977,-0.24986839156363036,8.210032874063689,2.63454646484098,0.05346044041946458,1.5449311424928027,2.088521328065633,3.9523367302654933,3.692468882666878,1.4348208734830508,0.8077484254810149,5.3840274500550365,5.561713844230299,4.486935517195948,4.334419564948107,2.550642497131052,3.280604445494047,4.5414204095220505,5.425391084364572,5.180361628828113,4.914520147211417,4.155844729465093,3.296667726873915
9.203608174999768,10.428147465675218,11.089459178504239,11.488848924582463,9.50477422781024,6.68958560581124,0.46976173805605387,5.564269154399334,10.567665836502943,7.574307160518466,9.249208512974226,8.68651860741981,5.678378127771647,-0.4562287410146345,4.0814742441336875,0.9731459508473698,3.6644071507485565,2.910701625983409,3.520588811389351,2.439312685881353,1.7372688879888907,0.4655313905361384,3.2254225259483094,3.8953588046356913,5.595486285252459,5.8861386186869,4.697376479353939,4.385792490057754,4.922028645926146,4.826854312351899,4.732451656994038,3.6909377283826914,6.828782359344549,5.755365051703511
12.784068362292446,12.39879848525597,13.851473050232002,13.051989665376473,12.938543555739685,9.744637107470568,9.336762982404021,2.013405768574765,11.112433914468973,2.9105667339323613,9.7380316983837,7.558875606995933,-3.2093926351021653,1.8416079895389386,1.8034579491013072,1.6999011536293585,5.045876263526775,4.458234885011535,3.776233304059121,0.7397674125624294,3.4021576738633064,-0.11366662123547903,3.7045121320085737,4.811682165723181,6.126471146577109,4.0118643384891435,4.5807816832682935,4.7772700646616215,5.320602194222105,5.968245897136382,3.66628169593109,3.695585765771073,4.7299447246126896,7.149662965706291
10.891017884437538,11.673654066788199,12.384134934209332,13.214373047541114,12.996753752457733,7.8471316756936,6.421374155611816,8.388004774048436,18.235954657182994,6.839274125423795,2.121363711788452,4.778720127681642,2.2805348246929382,5.510147043169061,5.485159755239666,4.4177031888138405,5.984564593451875,6.848370744034868,4.668528883355042,4.6304415198300495,0.6320906433890021,1.9875167507493172,4.172034517721424,4.932333877387353,6.222839612460051,3.1864986734587877,5.142170154816583,5.457432245538711,5.040703907408439,5.240727642497647,3.7831421987786102,4.807333923893436,6.781366786978729,6.291941952029751
13.58706320909741,13.458501948035837,13.67209232181942,14.145256512007538,13.868946850938958,9.28212453038436,8.372910166249266,10.730005433597608,13.372159670290785,-2.5229397840079555,0.4546622806130925,-2.595640241505833,2.3812916911423962,1.4747571952631835,4.097679203537166,7.367611114033921,6.76249134549623,7.846573730506636,6.11988015206524,5.423118537133015,1.717867948154198,5.67966681465525,4.340000658930701,5.378751840463883,4.661179030370128,4.014370705477415,4.473849408891738,5.060887658847259,4.140268773240435,4.081642881014106,4.524163511206284,4.768900260294415,8.293585550163986,8.651629627881443
13.718329486379753,15.857300574955532,13.100343212563855,14.97012370031756,13.52932362985594,12.482667837412347,7.240759330933658,13.244200118458505,10.15457660494032,3.5611925607919104,6.174456945588741,0.24186015763068175,1.7191676661715487,3.273612393695705,7.235953410544841,10.372454400173158,7.300851036913233,6.921629409310144,6.984983366063515,3.9820322446687957,5.724785375370606,6.755887730269137,3.9716344277401237,4.7315737421699335,2.8079618874853396,4.701836446053487,4.670672310337919,3.8151648786210437,3.9285382728163265,4.343144688137195,3.951380507093624,8.555170755775364,10.917727509291938,9.923263407194206
