script/wind10m.json
{"header": {"parameterCategory": 2, "parameterNumber": 3, "lo1": 3.000054539987559, "la1": 64.9999836372058, "dx": 0.5, "dy": 0.25, "nx": 34, "ny": 52, "refTime": "2025-03-21T12:00:00.000Z"}, "data":
[rows 24 to 47 of 52, columns 0 to 33 of 34]
10.893135307840591,10.372901348259163,10.471954120420435,11.223075285248527,8.97957926942011,5.752871860954212,2.451404267327927,9.184798555424251,3.724227389210405,1.5145323343223094,1.9635970152731204,1.159486935421149,-0.04200469066127856,0.9553028863572217,0.3292193329670102,-4.246002913658729,0.2034466771679754,0.37592273621974465,0.5078134546129052,0.31845935817748094,-0.8445426800884225,-3.3978906780289675,-0.7632642349712266,-1.0315787462797665,-1.1712270922081023,-1.180808174056032,-0.8972839982309827,-1.3160474405333367,-1.3819517764296083,-1.5662060402037064,-0.1679889271354576,-3.0610940857757005,-2.720877455963333,-2.6851549458371955
10.21403564394928,9.70533955485221,9.467106234145529,9.793606807016737,10.194933426968669,6.005716968666043,4.751540802620791,2.3500191515276123,2.5774643019570025,0.8244735151204647,0.5718069808084286,0.40868162761084187,0.49332115346617783,-2.7847871199848715,-2.5850577722853103,-3.59030019126573,-1.7078369155770263,0.49281278401971595,0.32433683143945463,-1.168944897528348,-2.8959504467674217,-4.720486652297633,-0.16814400640790858,-0.17880388275351494,-0.5993193309079059,-0.8193538134302977,-0.8266583470614349,-1.2103105522834143,-0.9773096821845654,2.0761727068322955,-2.429582727594966,-3.4047314514960747,-2.4376308911433875,-2.2315930035223217
9.46846808351077,8.848710347555556,8.545387800525502,9.012359327351774,9.249334896185243,9.088953599039586,2.4833210685770317,1.6596351301318208,0.9720416671917375,0.36766031172457786,0.05140814946919136,-0.13598487832321351,-4.811961481171004,-0.9812739540002826,-0.8399847839260645,-1.8274887542202236,-1.3536745757082385,0.23013403518095188,0.055821161140355104,-4.866510624242361,-1.454437912899682,-0.48162451173060566,0.6315515028595926,-2.4075934724294243,-0.5366046041799923,0.9433244738032149,-0.6740353217212068,-0.33716082989735174,-0.13058094346630367,0.009887699561572824,-3.5773104520899195,-3.5252210071242542,-2.81636460744082,-3.1802992383312234
8.855118371065517,8.396508236193288,7.678989982487565,7.181517814050439,7.26956952351942,6.4381714529206615,7.093900759363898,1.723318464138278,1.471864096256845,0.6103493661865258,0.10809386342212003,-5.452332652558292,-3.103654614846084,0.45701072240788815,0.5146887838246693,-0.5991158200610273,-1.5497166830981841,0.07216307576354712,-0.0891833578746282,-0.24572689743291723,-0.6559614253158679,-0.20797025187560145,-0.34827848257316946,-4.719701614048782,-0.3512699886067343,-0.41822705252990366,-0.3061886853722678,-0.3553162889668461,1.0429580157953038,-2.158618920570861,-3.6153892996195576,-3.4879620570477123,-2.65276480884789,-4.047677637510861
8.581254032958803,7.682901644443031,6.500529768021582,5.737364353937987,5.377371361142924,4.894047800707215,3.533710064934675,2.766887319502141,0.938821019916448,-0.32093710352426347,-5.255179393506834,-4.564384839664426,-0.45867794819785274,1.1555940717310047,1.2055906211151435,-0.47821419786586383,-0.1819730169562326,0.6735853839610246,-0.0900060431361825,-0.14105689401191693,-0.07353175200010378,0.4059876798172833,-0.234796044121632,0.34609058379722984,-0.12680259607521954,-0.03834390217463794,-0.13076341610220565,0.7490036983990668,-2.5809768069863757,-3.456654536109126,-3.964943051457667,-3.799906471284774,-3.6830184598807536,-4.932561920561523
7.599346795140598,7.016111917159034,6.424290574408076,5.396477913493394,4.070285056545497,3.235939140585437,2.383346041618583,0.9430438484876138,-1.2222710545565834,-2.859886400446755,-2.3230973988680432,-1.1508634078981481,-0.9129967668270041,-0.4153968778652629,0.4161400082215625,-0.13439023048942403,-0.7319071337993924,-1.1012011167790159,0.35137475564060966,0.4698119306263387,0.3068856472292026,0.005659775820042963,-1.241687059467655,-0.30346421899304477,-0.3774135614415191,-0.17046882247748021,-0.4070026952121229,-0.7705159046227059,-3.9056084693662574,-4.6187284517565566,-5.990827224778655,-2.314958777378222,-5.196589427921266,-5.944043401069502
6.310649307530299,5.9011505029709355,5.428831470690373,5.208004961564286,3.9042052240102834,2.5498115049115198,1.3446628328732733,0.3520988005046729,0.12931901470030813,-0.020691845366292566,-0.07586796575602617,-1.0868082299530082,-1.957383284264041,0.13865695819604046,1.7595676188431997,0.09546154216584227,-1.1132145980016126,-0.6063537741480527,0.44729184138945927,0.20221382759883696,0.10694973326084783,0.13079400449745632,0.04119541523925357,-0.2535518352916242,-0.19737211260758888,-0.40100514490685407,-0.6543948757169444,-1.784965956445626,-6.0689605947576615,-5.968532229821383,-8.690888523106192,-1.6356093820221316,-6.655039058609932,-7.317699899132907
5.552104605577333,5.28500656275857,4.4154457270627425,4.13504567184313,3.6698054750317075,2.2320436919150475,1.3466860520949568,1.0189509814451854,0.24462240387666154,-0.13850159490707142,-1.3761877982178872,-2.6041215599168974,-2.30433888656231,1.6490142062738584,2.095078932623356,0.8726289450416268,0.1970662381314049,-1.5520885659299946,0.7023438006463221,0.6045336281790794,0.4650492648308201,0.5401282715044662,-0.07720891732537642,-0.3322809229677632,-0.5747904413908601,-0.7267919289026107,-1.2580309994849863,-6.669350841157622,-2.4357321571153907,-8.052413620087313,-6.3021516034961795,-3.2998249710058416,-7.635725807404982,-7.598460084374183
4.381084994135613,4.494208457700858,3.864564692022615,2.915398691591102,2.7340338364239054,2.0467682898932402,1.2704529579150392,0.5835543464124173,0.025540384933802743,-0.28136044541571276,-0.7065763732729518,0.11532707916630593,-0.049056450495595344,0.49039394883307313,1.2720168133143546,0.39137695350538426,0.5221246643938956,-0.13118164446679645,-1.462132014586007,0.4161942032487494,0.4775990331904492,0.03826928568811082,0.3558067174667431,-0.0007164010428292344,-0.5177704490617416,-1.0414672895003885,-1.4539900964505716,-6.145764246022648,-7.583117465500638,-6.96451941449466,-3.5285341068322245,-7.784445720478989,-8.220283266726247,-7.5390305520794385
4.5861673074838265,3.3702162412975007,3.515577665026576,2.3941064348758303,1.8493807983568626,1.622824430653289,1.0357265310142922,0.28677441919740526,0.005296722086877334,-0.31497321428318603,-0.8163018941013229,0.16712351806006057,0.44940525630820694,0.7174478476819927,0.1394493560534768,0.3518142736398387,-0.4006550463848767,-0.7244758488657944,0.504628347725208,0.04902853443495879,0.133769769665097,0.2188458459093564,0.00692426051929281,0.4424185371669554,-0.1703347071631349,-1.1845736610453783,-1.6666066843070662,-7.204907487793163,-7.000525720615873,-5.386642483150498,-6.136391897846299,-7.687837484228697,-7.965942945947134,-8.263228137397384
3.867114982320884,2.279225036293274,2.407606723924585,2.9169956960430103,1.8950719411694323,1.6112248226792938,1.203862821658007,-0.24029487605965158,-1.2947828631388243,-2.0880666084062987,-1.321352550185011,-0.10375325508034547,0.18695054909286385,0.18471110282037737,-1.0907448893281597,0.32466985475855004,-0.3699245935259546,-0.38984856904993614,-0.7503489535994314,-2.8047815787003665,0.5601853371849187,0.10540080205244629,-0.35648377780795876,-0.41238846277745045,-0.3073865579507361,-1.079956426178169,-1.503591524018157,-3.0963469720972525,-5.993971048401198,-4.395710412795079,-6.300100138387023,-7.256835554355048,-7.643383838174953,-8.179835592255008
3.1062671138004365,2.2516648237175065,2.2519605671285876,2.5267107205790658,2.340111459490216,1.3670230009648974,1.3430747512578571,-0.11360821661989243,-1.6926790448710678,-2.0961158699579165,0.15714734599067867,0.15789554151090648,0.24933552203884818,0.5712417671854257,0.3816360164736136,0.4338588544197514,-0.7925848993868203,-1.6652449549821142,-2.810481370879152,1.011656779286476,0.588727482936291,0.691160278412631,0.14002497872610042,0.9490446445683162,-0.48742984531712746,-0.9907530897746056,-2.3848195948649726,-5.134193196779511,-4.379448590280595,-6.386393555311117,-6.667941872515589,-7.261266974089859,-7.731647831212711,-7.816643040415484
3.2554587381559856,2.7723180129395177,1.1992756816590542,1.6100262215327252,2.4173897226483447,3.0128384699322415,3.001100691037149,0.6475041232987011,-0.4289498686236146,-0.5131205523318731,0.6989240019912246,0.9901634897856622,0.6099994328061016,0.020203479085862855,-0.8828522436473645,-1.9967543418499965,-2.226722219664431,-2.144994225464547,1.109134355941847,1.3680570290611993,1.0193104905174495,0.4630306827782712,1.0656786071317563,2.8955622707222974,1.1426010010835048,-1.905803265557195,-4.170635108209945,-4.638522398217113,-5.1832911499232095,-5.847242989727228,-6.047194443726076,-6.499251767735812,-7.123833252455855,-7.484971904395582
3.803471163387636,2.0672463277319335,1.507473131894387,1.2031855094656725,2.3457596959988436,2.8294500142768118,3.023354537833874,3.2934256033034925,0.3323158345467543,-0.3933581992469395,1.8393287215498224,1.332607140009425,0.8957577477384095,-0.22030505725441604,-2.8066053430293216,-1.6604364064897101,-2.533995869939353,1.206782695435163,0.7560427660488999,0.3131747958557286,0.4570148358845714,0.23366447936051898,-0.21173976223022628,-0.2725954766709119,-3.110178525560709,-4.875671568042033,-4.74988565308312,-4.274993593252494,-4.782828237182559,-5.258071530013884,-5.795027511689169,-6.037533254499088,-6.421356138042575,-6.603717572455179
3.0685066466123727,2.155251910654371,2.2333460771209137,1.3846377488969055,2.5532412403760896,2.747602955336734,2.2559582565062675,1.9854170455667672,2.2983842823594176,0.5700680921715507,1.439488499783498,1.4052183780942313,0.8010492259202191,-1.3024265607091357,-0.04032889069301508,-0.16657453279543544,0.013510478409725376,0.6625758626082539,0.8723700396689908,-1.5205524451986903,0.60740507304598,0.0033708716057085824,-1.8147124883746601,-2.702536874059086,-3.3067648603138187,-4.629896961318908,-4.2130063486287295,-4.094039713900367,-4.4054303930667205,-4.9699807813999755,-5.433894264438605,-5.990443910750342,-6.146866548570971,-6.302843206205784
2.2943196797289582,1.8212278397480104,1.7691140082221695,1.6300375516176193,1.6074598273807363,2.0696902204317293,1.5420634007775171,0.9377866042899611,0.6315416561970904,0.8054695344260933,0.8113960583058396,1.0098033784272082,1.80898854158262,0.8745550638564945,0.6624618754379875,1.2485030371746493,2.436425142051564,0.6287278541528627,1.0183932116393188,-0.1415298605986427,-0.7036347337582302,-1.9915209565017071,-2.774556936751039,-3.1936821308135874,-3.3418227917113086,-4.394922593878243,-4.724621213594259,-4.415733257897694,-4.616420588444759,-4.8882687703301295,-5.235364298730832,-5.322032435566254,-5.715309092642846,-5.923383723777303
2.163635699567486,2.559299289615942,1.6246054957998999,1.460246577252514,0.7257524572072576,0.9321344090840757,0.6246598639381515,0.24692111109640735,-0.1723226889701034,-0.27223687033256194,0.13710728278146123,0.2277038729754715,1.2265216261035359,0.6065564682098753,0.3431734086906248,-0.9716783975575001,-1.595707713990772,-0.422799304682871,-1.2498548932564588,-0.3651553039851398,-2.8370777635680917,-3.779156774180404,-4.593212137889302,-0.8129902230381935,-3.424288318728195,-4.951342635131183,-4.447331266337923,-4.301029952401098,-4.179338484298762,-4.816399443069727,-5.254254090562969,-5.549169326792681,-5.8308330428720545,-5.61707354844003
1.819117195382055,2.4362739232359614,1.4438967884764535,0.9745446774149721,0.026116943121192594,-0.2789851674962353,0.07835295213606672,0.11046498357442947,-0.20601066800642376,-0.9607210961021826,-1.725658636690556,-0.4288140090652183,-0.08822671416224417,0.030798902398599715,0.593023444128009,1.366672310059498,0.1651099084915606,-0.23071034561148873,-2.181580078215542,-1.6139538332158156,-1.5276802118242143,-2.073794295351294,-2.9138065208108848,-3.9961463886899113,-4.925751663901945,-5.045130720099334,-4.900258930236627,-4.930335999040917,-4.4667167024932155,-3.665293649315386,-2.8282643485733145,-3.6739213807244546,-4.864542932916467,-5.518045291874871
2.062378284920765,1.2765476392079926,1.4581881100655656,0.5666882369295628,0.6468039199351792,-0.1551308217137375,0.040105662245008486,0.042666072077988046,-1.083384020442135,-1.9105013873362922,-2.566734322946133,-1.315774674602983,-0.6107673928096065,-1.1647702009176306,-1.5222296807896074,-1.3894150308742959,-0.9140199323741275,-2.9389833305452475,-3.3395759806841565,-2.9598665778175297,-0.4818464331734755,0.6041173030267035,-2.704180933968205,-3.611635258440534,-4.561118302262951,-5.033982471462449,-5.500607806548683,-3.3421454608966066,-2.136695695509599,-2.7274891588051235,-1.4223652292317714,-2.341151044094095,-4.42590398455636,-5.55827365314142
2.0020544822469484,1.0310478947800483,1.3005334731025726,0.5704133017896656,0.39432844411833434,-0.6308023939374899,-0.8189376958789835,-0.9654496507396565,-1.1287373309859017,-2.2469516326094934,-2.5885830913339225,-1.1734302469832891,-0.4444390019027439,-0.08996151257175782,-0.33810505463592094,-1.068306386219286,-1.6089033614283303,-4.017816963499139,-4.578218727785805,-0.24173528180675524,-0.09940001521178782,-2.574582361913023,-2.6609218445405594,-3.4964018516330335,-4.368140749913084,-5.661330671749005,-5.725767332300856,-2.312017382236627,-1.385677520479678,-1.2463080232524342,-1.6272459159685693,-2.642712557669754,-3.419182838396591,-2.1429312520063535
1.455480726449592,0.9933587394038571,0.0038844059352613767,0.5599170793155543,-0.0325879290343395,0.1598610573685683,-0.5403160068938746,-0.924808872420888,-0.761367942747092,-1.3333757644172861,-1.346235602019813,-0.44387722652931777,0.37127241006542605,0.4287126737316742,0.4064238766916025,-0.07167086136131315,-2.711025762257406,0.15956253838678167,0.22657813955268416,-0.8965384026215854,-2.150653402429892,-1.324806500461867,-2.0670684818904057,-3.721200361188348,-1.0828050109893392,-1.8571055723856684,-1.8806371767456866,-1.2975037907109606,-1.9191775342861657,-1.0942901154786697,-0.482559291839582,-2.8119531012336747,-2.7985110980214447,-1.9414299393287535
1.7424760846007614,1.0471551113110116,0.15731541602477325,0.0005261799047234636,0.7112108381967126,-0.7516767029823119,-0.917443282046176,-1.6261906637815566,-1.894086021445754,-0.8270100818262467,-0.8405273253533968,0.7635515099380777,0.10119982225202086,0.4348807456550965,-0.08608229924660868,-0.18094786690248266,0.4916354877616118,0.31283037820627435,-0.18034144080553205,0.16410882969554727,-0.2861602164686826,-1.4236282105155122,-0.9808738079001003,-2.580118404396608,-0.5738945962071893,-0.48418043123531496,-0.7620915358554844,-1.2424624771732735,-1.1119625542118436,-1.4389880205638057,-1.395650214795975,-0.9016480934269752,-1.6232511331503083,-1.4044996767355324
0.8506930585943064,0.6568748393304631,-0.5478127666670095,-1.1861878624933901,-1.4024403311814662,-1.6928800577221483,-2.493818617859473,-1.3400918894968739,1.4056768514726832,0.5371173569333781,1.405230636814465,1.8980293918142295,0.9453636706995538,0.574672742406359,1.7590885177255715,1.2334019340797964,1.3516892563054699,1.3467248282653776,0.9058965502451901,0.7574114933175177,0.22746693612304786,1.0874232341111705,0.07936903156522268,0.01866675767145411,0.628648607899795,0.22263124674982251,-0.12821365918836133,0.5269267523370965,1.1052280634039298,1.1820277431351651,0.5747038535517258,-0.5074112974562703,-0.6633388192764496,-1.5733763016397195
0.045643493097174935,-0.5676953855565162,-0.730842778864183,-0.5963829027664619,-1.979650325528487,1.1965108302837384,0.6390797603053341,0.8053828132341385,0.9125933637552441,1.353657637747166,1.0118192167885853,1.6391045971057892,1.5778487146920799,1.3237220922585637,0.8244170162780088,0.8909388972820654,0.7701049886983389,0.8300850583476599,1.2225558968146546,0.7048569184682788,0.9094050141075006,0.6575755193861821,0.47407347577096337,0.19299741776599544,0.4209329774602057,0.14143315667842304,0.15456071829113668,1.8265767154922168,1.3114259742682046,0.5478902219543322,-0.3922097669242543,-0.061632624606861794,-0.5308202866837565,-1.334505842246703
