script/wind150m.json
{"header": {"parameterCategory": 2, "parameterNumber": 3, "lo1": 6.000198445256149, "la1": 58.999992894266676, "dx": 0.5, "dy": 0.25, "nx": 22, "ny": 24, "refTime": "2024-02-22T00:00:00.000Z"}, "data":
[rows 0 to 23 of 24, columns 0 to 21 of 22]
9.017281684460762,16.38407493892297,9.024593571185237,9.872101244934235,10.884297825799932,16.004160209267255,10.855801166911343,11.80172180100869,16.654540210238423,13.32944324903338,5.984233485778045,17.85120505536559,18.445746483108806,4.494256456515224,2.202568563127186,7.954249758699649,7.420318138109388,10.710381233419,6.9496394372882335,17.53362400343928,14.908065643891007,2.3561945592952394
9.060053233635417,13.461535727061158,10.779510215538313,2.02921099629496,10.863940032136721,9.086657450622026,10.978439459754844,12.267079034162304,9.42128407533046,8.049078869814924,13.447446190012718,12.312007238654408,13.360551527727011,10.100985735851632,7.026251930071807,9.77586884685301,12.496886815578153,9.066653263711233,8.948169337907528,17.70985044066972,9.967133989211451,8.375778788401579
17.326466823458574,11.272542140076592,8.24468014935092,6.808742376292294,11.390523395152341,9.174513315078611,5.253968900303198,4.197536275112325,17.861673769029533,13.415525604052416,12.900127706317777,11.298313136116722,8.468355221600305,13.37174080479768,9.92111261601775,8.730536828199197,17.417538490616703,13.519369833005873,9.382208906795091,9.101811088461037,7.658986755929911,8.233496441800767
10.527063008488211,13.058902258322817,13.980705018086686,8.483542742317354,10.656455516398724,10.206595922425409,10.90276062388837,12.222484399726676,8.322242443542429,10.212574261214474,8.209788659294977,9.457388418117443,8.88815735400473,10.405677932344666,11.493230537959914,10.585883246609876,9.350407971320399,13.354122276894696,15.055636538174996,14.384758129606926,16.289678336473298,12.288707067712943
9.763678209514456,10.43613090110073,5.962661839207163,10.708699863659335,9.05013175604192,11.917480281624012,18.021590732219558,8.939360521304904,6.321951679265199,13.206884651391835,12.564032788058167,16.76425172607041,10.890207001113287,9.889773876135061,7.096405390201961,7.800025533072746,11.471690524410826,11.691826586595974,13.179976750029974,7.0672905939871375,9.565922105692136,13.213403264804175
13.539715828302118,12.773703893077418,9.377403942620894,9.001970060985135,12.011158321939318,13.017463875650233,16.37229206270403,16.00883077320433,8.49434787545963,11.557110732879986,12.089540444123656,12.94888587286377,11.803967685168557,5.0593528519586535,7.895695889465021,7.078336879292998,5.578911366943943,18.466977413258846,7.9147088526722325,7.220197254635196,10.1894433652142,9.468481360186203
10.851253741799342,15.919898845160647,13.317008517937976,9.853066985155106,11.36247093068407,11.513747058567045,12.93451980259454,12.140268131426156,8.635687935971927,9.428868158681137,10.231351261187795,9.586212200629413,18.130270677579574,7.795345633867686,12.151166471645093,5.373064216392811,11.675339610872522,12.516638282690566,9.306179276927038,18.148215154288717,9.370593283856069,10.961965675546166
9.663463011610764,2.2175059956329806,11.846060589338187,16.62508885142574,9.177744578186422,17.490045094455645,7.874620878095029,17.15228790472623,16.81224595856614,8.961740067920248,11.616492725688278,16.666924713580478,9.81505964080865,15.070354947510557,19.715007237376156,12.258359134089151,13.674248159487174,17.74473510203835,8.996678841385629,10.783610049638146,10.102995659249734,12.151838189499209
11.420354952980757,9.635801003191276,10.337936998222455,9.130961449206193,12.699846771537942,12.46204405122531,16.995462815558753,17.00141661864789,13.51948985003074,9.35692614112629,9.140214734959528,17.135887922027482,9.87746224489446,10.840256992489119,9.189220524532795,19.938626945655226,16.958625306457378,10.05128036337574,15.975691272013233,17.16300106572292,12.26984320551183,12.931973770742742
6.7437584668791715,9.920887197638041,8.67990492137577,10.504086068268776,11.375779696034122,7.699979467199511,18.2061533492577,2.3644692280346815,8.17576498874623,9.845895211066013,13.30559176555606,14.753695879067212,7.46210185291591,12.027853498727653,9.705616281033299,7.192202891630378,14.424308369710452,17.383458444091577,6.772994344366848,9.211473939970997,9.426581418659431,12.514365226370968
8.451833656930082,6.881850939400783,12.599430360332704,13.829318897791225,3.160585989768217,13.522178960759662,10.270115083505038,12.03633493055264,8.751928547096627,8.90022124071984,17.630260773772097,19.079941915325676,16.79182021439093,11.260302638671813,15.30942200340618,13.487832001719573,9.52018906617879,12.721807966630877,10.628386326030803,16.29174421497498,16.769876135460088,13.385903367233746
10.039754575253596,15.04296742922723,12.53469844421601,7.406614789936645,10.163654146951359,11.688341550951469,12.374609428119182,5.8149048155835,16.65213289923847,13.004401731797461,8.131730183239329,4.180202150286508,11.122911588803511,9.137709638208428,15.772107280076517,3.873457435315856,13.059175450265327,1.8411112400160783,11.170964000287862,13.029864829463008,8.815503697621377,9.728578859659128
12.936982832311571,9.857109610796687,10.933393262270299,12.544022325316517,12.803074529187043,14.328071926999757,10.642028870149316,10.896036817538718,9.729109994312251,15.93488709816225,3.6469316006772967,14.001026154252639,15.699619884282553,11.83655067960667,11.358128146159114,14.071066604107296,16.90988979003724,16.527191630717144,11.154532198997925,15.915159829952962,10.176312323568201,7.148373157114576
11.603683316557035,15.469533960646416,16.74325164482973,13.615405356395282,7.945158142586541,10.642272792230434,9.45168123413298,13.102837081423896,9.397686701277658,11.569551823484735,7.477019087767774,9.559356535883365,8.882398121103728,11.703635621998624,14.893628572694494,8.764620723634655,10.654419167538524,8.756535697550863,14.096836360196567,18.31521428103181,9.60388769018574,5.399373310338078
11.318302708191377,4.765750184884256,9.670094555543153,1.3339638310622024,8.310226738688407,10.28144669612817,17.01488417818656,9.826013071574907,7.98954756358441,2.4098946070134977,16.57128723896104,12.143489240111816,13.441073036587152,17.295316337237196,7.349147464799493,4.412659073564336,7.66848540655336,9.429433857889038,6.608099128497379,9.886254658936048,11.962191868516836,7.950340297117681
11.76089233206545,9.577185807200735,13.771859170699601,4.175821405261754,13.610275392581572,11.635060150099077,3.187655025362082,17.246240798550676,7.304712847573211,11.330410691119935,10.293364982694644,12.972797788827249,17.159355193385814,11.23193090168023,9.963470839385955,9.023356002289614,9.022309508156136,13.022229414133017,11.351025223142775,6.155652064584565,16.50705791200696,5.343381535851787
9.478115857937585,10.652812446467458,9.324063724063535,10.13745246725137,4.3362202507486325,13.403399231816785,11.957008322156806,13.322324281671975,10.751325724421084,5.484399999945087,3.3094955554524517,13.42614765214686,9.667610370787724,7.640860638955126,11.101132070862207,5.346547147551887,9.09889794417809,13.489987709233597,10.64924812066687,13.974104965095117,5.269803773543963,10.913617916473074
9.243805269055779,12.1171114663524,10.225813756368042,7.328879318102109,14.131401664291964,7.544743838467819,10.28299279388289,14.46504471784412,17.726704907639842,17.06976792292172,9.715485168890764,10.180871624206713,12.77589814852926,2.82907841612657,10.083554031513312,7.801454331495549,15.384276706113619,18.455614437393653,2.651721764041897,11.234721787444558,11.476307236562715,7.709193410286892
9.628049252874394,10.330701174031578,7.264402570510705,13.220896229725003,9.913430614917893,10.049801794816497,11.32153801618118,10.384777126764778,15.66510444409148,13.494683411283551,14.284129152474708,10.82498876930914,7.724909964646502,17.829630664484792,11.404435760234069,9.18702448577375,15.384452216781222,12.533682816845287,16.453525379783397,8.260747661116545,11.101241913788487,14.176067522288138
11.388722135412474,17.404514109034086,12.190217309400548,10.45737263213188,16.1083286388426,16.94336666806837,12.039283772350402,8.637731368995569,5.715993342707016,9.657060287596805,10.570859743419904,17.90257642033219,6.60424302505104,12.722803883807963,3.8451120435839714,8.67411241598374,12.813551170739679,16.619410990063972,8.664456462710588,10.094053505362064,10.340193030514744,14.156857265973972
13.466697892293858,12.876724952425493,11.100179757671073,9.745567995102935,4.392995927985534,15.471447321434994,8.81161740296712,13.262108588804702,9.822906042017122,16.822067569992576,7.919931076345725,6.96617649269518,14.044744596509325,14.817351502774978,10.825066528970403,12.557679303175039,17.184318381603134,5.432646817959335,15.417202072534003,8.097557817038828,9.318281758755825,15.34996260435928
9.150781098785545,11.120069535022877,13.018516286399562,2.828342151661001,4.895961113122093,7.5217943352754615,13.407123725469694,11.737882704936768,14.417050053296824,11.698382960044771,11.664216301691217,13.590155584825755,3.593097771154343,8.505930534710647,17.23116394719969,12.833087288370312,10.070421691281886,11.682969335603095,9.916579120710095,14.114256581291427,5.799663215594019,9.61129654451141
13.560910815114562,7.132380767838281,11.106401443462248,12.115402476314062,17.930402022647616,12.609599934378501,3.495294419229998,3.411803139285199,5.6958190466459415,17.65286826679179,3.7414799276527555,11.550644405760679,18.914626928440633,5.490152816246743,19.375154246499136,9.52702840553311,9.284070607465654,11.70649174039781,17.856039438283666,19.0045962978897,9.752619473965177,15.2848876071037
9.022767274597562,14.833961315487596,2.3563858579512833,9.3597034679228,18.130193041014902,17.750776614921772,11.71531619228199,16.538728496860124,8.099587533344948,7.292615942101553,12.47396645608571,7.02270491185421,14.433048520320286,11.378347751058497,12.468321079662873,12.148983670530747,12.318582886276591,17.38838680679663,10.19012820159826,9.643175382493709,12.566683776673784,12.033077974451716
