script/wind10m.json
{"header": {"parameterCategory": 2, "parameterNumber": 3, "lo1": 3.000054539987559, "la1": 64.9999836372058, "dx": 0.5, "dy": 0.25, "nx": 34, "ny": 52, "refTime": "2025-08-06T07:00:00.000Z"}, "data":
[rows 24 to 47 of 52, columns 0 to 33 of 34]
-2.194133795874294,-2.0518725394838855,-0.008415218465349216,0.7318215380147873,-1.3971254377785427,-1.9918440703376277,-1.2195452185024218,-2.5026902681068073,-1.4678861619956702,-0.947489091405402,0.18022187771442022,-0.4248245446597756,-0.06968413247193475,0.07598647799533624,0.5625454811102205,0.705747009506565,0.08385326413347466,0.7488818521380808,1.077852168370845,1.3027391787633755,2.6520887116037875,3.2295826558832657,2.2687460607984056,1.6060966372699108,2.3999961748403376,2.0831866804017585,2.7619989769046898,2.3415999802613303,2.143946811499002,2.8389687547453573,3.074138825876975,5.810353525414776,6.936741238121305,7.148521057439827
-1.197733307708021,-1.5629078649050692,-2.6138246447346614,-2.317570097341886,-1.2388306234403368,-1.5152314231637738,0.11342870066777046,-0.5646764621756691,-0.7550309993371671,-0.08344953710319881,0.24640942501160382,0.2623059454634315,0.0939448854515612,1.700050918084088,0.8066391701095208,0.4743189181964363,0.38640597292859213,0.3886372265052093,1.7323002452961327,2.1344948424617596,5.084716334984166,4.7119760386506995,1.9989401824927036,1.885902171565436,2.1348912808709963,1.8298482888217147,1.8200447896173586,1.6232307405125552,2.201601517620733,3.076646421546135,4.875352738024302,6.819603058904465,6.8531660476682505,6.896572650865596
-1.4629065519114153,-1.6993485814922649,-2.16176347041957,-3.4276849511918166,-2.4521212514162225,-0.2069048232690086,0.36790151456997233,-0.36615080182362975,-0.15622217785182432,-0.03595722035174694,-0.5947409084324742,-0.9238243518765332,0.20611919571814039,0.4745064123069304,-0.14618199551141248,-0.27807142053178036,-0.9736888573182421,-0.08345396236560995,1.2941160983535631,3.7218160609260926,2.8050406131229995,2.5280507721958814,1.2945610569395405,1.5936268900665786,3.2374007519200294,1.7582394106070192,2.0008263277279683,2.195397229009422,2.7011570914540823,4.2989072365851575,6.104977151716939,7.283744058023556,6.86159922736876,6.869901989268821
-1.9609083991881255,-2.2435955265112777,-2.3866235721754347,-2.4450372299483614,-2.8544126586182292,0.03181323581599104,0.37494261743292945,-0.018133065199629546,-0.8756150222876955,-0.38711550811235956,-0.8926376000485035,0.4564233092507084,0.28670620646348827,-0.6165790414689944,-0.4115116947782538,-0.42668162094593265,-0.7049274109777061,-0.27168550813370523,0.21072868272564033,1.5472785134027793,2.4727427083654523,1.1569472927477917,1.6527589097641635,6.575119026799579,2.0124489525121296,1.8982979974467615,1.5467015667273372,1.347144890965007,2.5022028113969585,5.411078689540286,6.1167765793183015,6.837181067683159,7.666714984164205,6.94765746005392
-1.302426619926175,-1.980876087079188,-2.0567483291936752,-2.112141362647404,-2.1988580462640104,-1.1988169996185638,0.6324079077889574,-0.5797625224764847,-1.551899782057528,-1.451635032591111,-1.2553092386506783,-1.3184871860242453,-1.1529525646291823,-1.2470052035828163,-1.5698753970296957,-0.8956297091675205,-1.1056629878257447,-0.5527332738640678,-0.03226201477911984,0.24109512320810536,0.02658730873202988,0.5161192400680736,1.172417363057919,2.7411775195192187,2.046158336250245,1.7340186473935404,1.5514033966240877,1.8133411717244339,4.384573577971934,6.5277121038252615,6.161239501358796,6.110326198035854,6.07913958437834,6.339440032126066
-0.9759874917115353,-2.0765465338161033,-2.173169512349381,-1.6282685831233823,-1.6421420700743703,-0.480052278600478,0.6236078262776059,1.8450978992088567,1.6688823613330008,-2.2606670975542946,-3.5785352443593434,-2.8329663355458647,-3.0222465324115757,-2.2650213175511467,-1.9336758217265424,-1.2603436184158459,-1.6078733835795727,-1.7610982106432254,-1.1231912079996402,-0.007166209736553047,0.5781239855585967,2.057470398127509,2.5391982769663026,2.488569678024289,1.9442291781938916,1.5176093288799193,1.7239363671622006,1.8433617709016734,5.8513147235082865,6.743811726974583,6.798264436394492,3.8848265269243583,5.149809820763065,5.711595489205358
-1.3696436646282795,-2.819250489313117,-2.377167580214655,-1.1139847783563546,-1.0228633832453315,-0.09260986217728581,1.8431969056870783,0.27333422377637767,2.7522197228100347,0.10293802111810169,-2.1314926051501915,-1.7067233644828452,-1.6773801554641294,-1.6645158154845605,-0.6228355280754048,0.4637700748002374,-0.2568313428662118,-1.9100291376162437,-0.18948167670958632,-0.034724873134545635,0.753809645394446,1.8244039264349032,1.9801256619120862,1.6992753517561465,1.7467521549267588,1.434065466885861,1.7236021811169617,1.889052087745583,5.948364740693054,5.551819029066876,6.036528305346504,2.4121746543874614,4.66300983800076,5.285932612064545
-1.1044107109807277,-2.131946079975671,-2.622964509824372,-1.0950515074480511,-0.8974792991729328,-0.4918180959157181,-0.49993573024116783,2.381661240230836,2.2277114086802894,0.5704120573232828,-1.551080323424086,-1.461753400330744,-1.4564625570429308,-1.6270345038372083,-0.24846291645110002,0.05791114049035727,0.07849380855226906,0.045634619093378674,-1.1884553552121082,0.3518027058614817,0.7574462401023222,1.1354715710755545,1.8283517187328369,1.8431058938644436,1.6184063838099187,1.611449675441303,1.880782023624954,3.5440308095002804,2.157341668182118,5.479297466758722,5.271439071187478,2.4609309504613863,4.054183669624395,4.567711976093449
-2.244011249711921,-2.487725835102405,-1.8734195087802092,-1.1555885579229175,-0.8158893393999969,0.407773278197105,-0.5202197685619061,-0.5297194563150734,1.5078175187214937,-0.3195514140290582,-1.5622643097401503,-0.6536256939105299,-0.9099367419855673,-0.4867209282476483,0.04425229927720094,-0.8167829493896442,-0.32798658334258823,-1.4286686259692751,-1.07457738987236,-0.22352274804346892,0.5557123247063186,0.7827335558922741,2.562705010630573,1.798317398129105,1.8494380942926418,1.9908004769271337,2.114859389658579,2.877914270225248,4.402002866765565,4.274618558314305,3.863338569538245,3.6055455773387064,3.6762272388621557,3.5635986389725436
-1.6680314526359492,-2.0735195072968406,-1.8288077594050907,-0.3820340208622906,0.07808410522785272,0.8172162975933173,-0.7094542495221094,3.4132886217445666,1.8267853487775645,0.6151482064791216,-1.5340965473107042,-1.5622538025390205,-0.47411550669035957,0.4378256371925122,0.0650970705339326,1.5767004026141735,0.4297236269808151,0.016137208041261637,-0.1767775188746494,-0.5811517816936748,0.01701063149703168,0.7231767664177544,2.3400505051691853,1.7403928166404765,1.898867341929064,1.9149563373850031,1.3885405740041212,2.434518940277915,4.174617642072465,4.540939397092664,3.704317976895726,3.8057829718093945,2.8028491248755483,2.568621141921641
-1.7829495930898325,-2.43660075954249,-1.422741721352393,0.32333517213434965,0.06647335873410905,0.17166061445188535,0.255606968713398,2.0748596190740507,1.427654563215234,-0.7520025578884832,-1.7719405915196569,-0.5949756072671178,0.051852030980960265,1.0445626676039583,1.5715097433874776,1.7329623415894726,1.6922152247965438,0.22356330859241774,0.12040289548190312,0.6761854043852679,0.5136701123218242,0.985555879516358,1.1115313027761045,1.0412168265509818,1.5408098707904032,1.5621895153184544,1.3738861891807237,2.384976078857561,3.329772160998571,3.4078485213564176,3.7589678807494664,2.363980458063992,2.2118870663929586,2.5785802529450965
-2.243868959612569,-1.526628084191895,-0.2658120354453167,-0.08147361001779276,0.8885543569927001,0.25831846379344553,-0.8664716596366941,3.979826586528752,1.5423776740539457,0.1829801950971172,-1.4605947009570026,-0.4058671214725231,-0.32263476980100353,-0.23732786242675308,0.7045982555815167,-0.19555806220545768,0.5686607537553008,-0.14715320462819412,-0.5242296793046021,-0.6649065437434676,-0.34834920643468076,0.3894720673315408,0.8587280520880265,1.2707528600919793,1.2415191915819561,1.283576186717584,1.041714711379324,2.6167056675547506,2.3725004499606936,2.420846675136748,0.8746830021938307,1.8162994380858108,0.3757397451243278,1.8730142944278705
-2.2368906260483743,-1.4662183299670413,-1.2570062239750197,-0.24016879531249144,0.6345796230195738,0.3948434548181228,0.32589048489078193,2.8008336421378686,0.28623488247045087,0.19368687098076984,-1.5119250449957269,-0.5094171388939484,0.08305259052406173,-0.21383291111605876,0.7505920774238346,2.074813561951052,0.36891904431711425,-0.445857561606513,-0.7765052662090551,-0.6892717942296678,0.010365243520494893,0.7363821270727208,0.6008910893696559,1.5638588298533698,1.8128531128133227,1.9442426921258882,1.878766454803979,1.5142424905712346,1.3872467410945293,1.6165978022929135,2.1801199826259694,2.308492483709381,3.4085447548366785,2.3449534007281803
-2.294970127052766,-1.6864740600263781,-1.1082488638441963,-0.020964651118175363,-0.012469819867102237,-0.22179504114993814,0.7571741888972056,0.40839526359160816,-0.20414352384773282,-0.3498574354053918,-0.4967678351844185,-0.4803579899878084,0.062226003214448614,0.3961758631659402,0.861735605349986,1.4572120686074683,-0.9672153353989674,-0.39242696340325384,-0.2199680115681616,0.0767064142740341,0.39064286246426455,0.5886730752515632,0.574117755368294,1.9957979366903476,2.4469596270778142,1.3544469673871764,1.1299747565686389,1.116128593290092,1.2121390869423179,1.9153250792220833,2.3492440061366913,2.0883738253557027,1.9161175966032824,1.4940753217012543
-2.1421977236184366,-1.8161478639363695,-1.0863444327720124,-0.31380823087772436,-0.7970818882589267,-0.6427023727616382,-0.08595975026059258,1.003094368392871,1.1871400310098357,0.3865424029277853,-2.1277157448206685,-0.9228229618379765,-0.12183235496504585,0.8438624682933561,1.1355919380988595,1.6945966696081223,-0.3493949235466622,-0.14581529285596467,0.4441855785740424,1.257403572669998,0.5297921746395005,-0.05445750666789968,-0.009332491415383193,0.41625730361777596,-0.41425451295626475,-0.5463944784200689,-0.4164624752920167,3.638242092504469,0.7288678768722516,1.519778311415103,1.8927239137081806,1.9127532434074748,1.1275266725645168,2.7106045284758467
-2.117404918119897,-1.3402888645193365,-0.9128305191361559,-1.4938668369729986,-1.5188546793364852,-1.2795632627896434,-0.8743527553724423,-0.7092527867361695,-0.7155796592637336,-0.5438257038734223,-2.288213116419908,-1.4581778966046566,-0.37229866715250615,0.4677354859533293,0.6797069412387422,-0.09821843983326756,-0.25889148426737435,-0.5722065930560685,0.02565454759752495,-0.2551268551976052,-0.3578485644387383,-0.7929087461571654,-2.2562259363954196,-2.4829685797444725,-1.8806923357112058,-1.8415002268850817,-2.7901174483238744,-0.7464493245328222,3.3132959915870694,1.441117811163191,2.0740950768578332,2.2511864898575538,0.3348361163124629,5.846281673872917
-1.957765508401895,-0.9689465757774026,-1.7559301752246426,-1.4776907567150375,-1.6319758976303047,-1.1938631173659282,-1.2401924993241147,-0.40618545178511817,-0.8620226000687451,-0.45738918434275305,-0.57611179603563,-1.6653020631963176,0.4594804812824465,0.3572064607472177,1.3413982621705205,0.31242599422658474,-0.03491540330269275,-0.6507605757934497,-0.8335234613757062,-0.26110820462555606,-0.2751307595816617,-2.4394312593522636,-2.1288751286247978,-3.133273486186309,1.4620942356793563,0.18214591843085948,-1.1137012781574287,-1.9655197018165989,6.968259040160593,4.036072566504885,7.105398356191383,5.94069819149717,4.545537609169866,4.319493288187665
-1.844293620318893,-1.8936936291798974,-1.8303638869326757,-1.7908515509535252,-1.692027561025764,-1.358599673548542,-0.5704461735349091,-1.135879549555002,-0.637117195374721,-1.5199897887131308,-1.1971142552171927,-0.7974564782435053,-0.16920409399947972,0.8776401116259126,2.60564575180431,1.5430464071943053,-0.7452031369583244,0.18026390226626465,0.40858286766652757,0.6134964730739487,-0.2073632603898386,-1.2072263020737664,-1.9716963112555377,-2.0305184328965047,-0.16519951562250249,0.4385349495406648,2.027483523234943,3.925923397284164,3.3903936243101604,3.774876067150705,3.5404901815787198,4.3074297020873455,3.7422410874114442,2.458192070707745
-1.5694112341672544,-2.087658820538719,-1.8951763213219766,-1.6425385784279183,-0.7416524718703049,-1.0455694428191968,-1.0655657581696887,-0.7286270166040534,-1.6938210658476145,-1.3894381122369621,-0.8350703692412577,-1.0991873229316953,-0.19174832464303707,0.42056303032925935,3.13443214652301,1.1693335367774587,-0.40944334108462493,-2.372028450699088,-1.4079197854196246,-2.0659169833695192,-2.928914009146815,2.1698215489343147,2.2394865305770773,1.670183522016277,2.881141876843023,2.8848907171346667,2.8172713852885494,1.4030421421916104,2.8916959868674934,3.467602469727613,1.9386049964163343,1.524360299777604,1.9433745753691418,2.1574282309691046
-1.7040582716590535,-2.036951374238405,-1.7479431200586901,-1.5511011979742861,-0.9686632116940723,-1.0637250500873947,-1.5101031789024626,-0.4314955135049011,-1.34981026939454,-0.2552622825106973,-1.440921569337259,-1.8037962601536128,-0.4350674057320944,0.7058184259087676,1.8965341927218462,1.295727084295205,1.236161021860754,0.12102362337439422,1.3248730661150538,1.0868020525042121,1.4899268231500562,2.782641522793631,3.1773100906401415,3.194121805390364,2.753164388890434,2.7836534083285693,4.323831336001073,3.070986966222691,1.9304347650698805,1.660436218755175,1.5125845859239595,1.1512462339802412,1.6778959895916712,1.654746054643406
-2.43426630748959,-1.6900635016117986,-0.8791720530390784,-0.6560680349510354,-0.5731658722018612,-0.7026232664910943,-1.2812543465619575,-0.926865936294405,-0.9617030817755053,-0.8854411424247346,-1.2600661430264979,-0.7654409465099572,0.7297259691272457,2.667500126390297,2.242768870503047,2.768186133662528,3.4018408591557017,3.0491527939889873,1.0847643367246826,0.9233433088904314,1.296024497992561,1.3514185439397224,2.732585639447453,3.2358082587872437,1.155015039195061,2.548007251568809,2.4558279746597664,1.7790251055191073,1.9191915647147881,1.112084032096544,0.9774019201673521,1.2177706327538131,2.031711598492546,2.2354342564361582
-2.692015456655156,-2.3126930145565776,-1.585812464066174,-1.1231830402473375,-0.9560007525615188,-0.9543335089423696,-1.333877387787141,-0.8425154766250784,-0.7354720698113651,-0.5662433629858372,4.99879801478006,3.543814856578687,2.738657212015009,2.9532405698988455,1.7601563765460229,2.218279133913795,1.9701926247417878,1.3928240184910232,1.4737111459145968,1.1501393623260796,1.2294420443997094,1.0914797321096776,1.1648363652139424,2.696373882103886,1.200092330741082,1.3135812226593548,1.9872596275906658,1.0652080339466459,0.9678420610481895,0.7873716681215327,0.7155521568866051,0.7571041859956306,1.396603057467996,1.1575751906256397
-2.687914930930068,-2.398972800800658,-1.877826693638182,-1.3615348241243899,-0.8938989032460062,-0.7293144542583883,-0.5900938305324256,0.10145265197077798,4.28547625010016,1.7105534251633436,1.9573979959222823,2.749028988590944,1.7437340806439718,1.839034345203238,1.594697375185815,1.2587965837243726,1.2951868928054464,0.9152511795962673,0.6991917537267408,0.2492144392595251,0.9181080926969892,1.2608568793838513,1.3295314569592542,1.2072280225497802,1.3417548099286416,1.2292153697662545,1.0506968459741244,0.8719905274793193,0.8784496811276086,0.8336985324367413,0.8348111594021816,0.7369278065953224,1.184379078772253,1.146092891378674
-2.755789927909222,-2.1407109968591556,-1.4258603220228863,-1.0786153805898042,-0.714542092983045,-0.230500298271093,0.4685216531340531,1.4691987824575043,2.3190285867140754,2.258607969236389,1.2938336324226556,2.101226786753022,2.021195550860173,1.724448770588849,1.0905458762890683,1.022481457841025,0.46042669613796117,0.6320359228022462,0.6324297195081251,0.42011186712896387,0.4596375237979262,1.413656529315254,2.0223576736060633,1.6532735686201827,1.5868509715039667,1.073300964061901,0.736817696290075,0.6329462013831961,1.0803347601714353,0.6083963905157858,0.5436381872125138,0.5911776201734734,0.41583950420010535,0.2838905842611249
