script/wind100m.json
{"header": {"parameterCategory": 2, "parameterNumber": 2, "lo1": 6.000198445256149, "la1": 58.999992894266676, "dx": 0.5, "dy": 0.25, "nx": 22, "ny": 24, "refTime": "2024-03-31T19:00:00.000Z"}, "data":
[rows 0 to 23 of 24, columns 0 to 21 of 22]
-3.107316974534392,-1.8704361837373482,0.2000421341500094,-8.566773654077002,-6.581494283203966,-1.3866223462837823,0.18728732976946036,-0.7595776152731937,-1.978004010400645,3.0979182562906007,-3.0141653362000542,-1.1154288117915014,-1.6614854681692783,-3.6861970716211347,-1.88852723537915,0.36424647566047935,-0.22298985348532,-0.6048788244464743,0.6780777698973699,-0.9691234920127753,1.6152027244553866,-4.083273136053843
-1.8520640768213676,-1.1922249675464949,1.7364051070577458,1.497446626392743,-8.706966130102765,-9.74969213772428,-4.9528038032844135,-4.555992965624753,-2.1873020126772285,3.080725300675598,-4.3806699206164295,0.6177645541867641,-2.5490373775473985,-2.8212803106858417,-2.232565246157488,-2.3762467731833974,-4.7467818047132955,1.1188458259611282,-4.131150186196992,-2.019989684158991,3.8685020955533775,-0.30676881812717266
-1.1041147847335127,-0.8611967637915994,-5.231401913010387,2.4440063675955543,-0.6583296756211562,-1.8399531289002793,1.0261863433429077,-3.949529519554835,-0.43710395377874484,-4.356708030781468,3.552323447686988,-5.5679656447600365,-0.3586116620401819,1.7382357706791651,-0.44578009367979093,-2.7187779898582853,3.6970870803640894,-2.7303000308124448,1.1890775300858005,0.35979965006856407,-1.496678172332425,-2.4463096944163167
-5.881878693229354,-1.9075897820026622,-0.9653726819943637,0.8620733709375857,0.24939084105764742,3.2335566222063306,0.13268314510872986,1.5569165554712334,-0.22775280910809723,4.524352671547756,3.6477033439040283,-6.177595187676213,-9.433056110336397,0.6811753656243951,2.226377066954425,-3.9020836724938994,-6.944002047906568,-3.1145314832876867,-3.865780847168435,2.9170997738263154,5.537945586547188,0.8673292933721366
-2.7949336270714245,-3.94622805511024,0.3101770025138086,0.9188109361054665,1.6189705408627773,-0.2750947671060458,-3.282251875804744,-1.1645515340439208,-5.856532389204292,2.7126248205498924,2.8677013115849235,-0.3701883280344708,-0.4574063103789064,-1.941807448728313,-3.6163199272561135,-2.7832213836512407,-4.840320862845732,-3.125888844466813,1.0355038052137546,-4.008059489542885,-2.395170432115985,-4.05336925830215
-3.422020540633149,-4.6668062201197875,-4.880428063146361,2.4110147469789154,-1.4257541676424295,-5.161111470574685,0.7154521401422856,-2.2684146542559147,-1.6778146598528676,-2.5402606133881442,-1.8701101732545435,-0.5616661208696273,0.13827464471565576,-5.305900611511395,1.2356451151266636,0.1563406923638031,-1.9461142017141337,-5.133720354251327,-2.415158502424094,-3.8655385599328156,-8.10089074081166,0.019073575346626827
0.23413840689502366,-0.33440676684519083,0.5084586539503981,2.226404332947771,-0.8005662930260783,-2.3098981586698724,2.845912977048962,-4.954683356404729,4.146690279140534,-1.0935665501656118,1.3717894780398558,0.8262341860866929,0.5902784670578878,0.08148125360181291,1.9735549463879314,1.9140280685012068,-3.053023846217404,-2.8745795714928986,1.132255925340194,0.30160086255381163,2.5470428152054616,1.6162810818556415
-2.187639464066994,-1.9909352308086392,-0.7372242130254455,1.825240488031861,-7.299345061768143,-2.6143540917388965,-9.021066854818509,-1.0434255619681327,3.1986943884573638,1.7570105318150682,0.734384467320204,-2.2168185734297174,-6.92117063468243,-0.64850533509895,-1.6870863443356015,0.6972432212165434,0.024724474799729494,-0.4019677368922141,-7.3876481750036165,-5.221518071223024,-5.645064644443522,-1.4514111400557603
-3.1703468296311317,-1.33580954011104,0.3627741887235567,-2.0576008048630907,-1.18524012248685,-1.4816841302039665,-0.911552615881094,0.7873588578964448,-4.643272039472398,-3.575363730878543,1.230943992272144,1.7753576717689064,-3.406991993176411,-2.21419293704613,-3.828638873200565,-1.389306376139136,-0.2804860100886045,0.5182855426692772,-0.46478197766908724,-1.1317171409723907,-4.8373365771748755,-4.196600670227561
0.6837166503072319,-9.121379843258778,-8.599650526050175,2.145129876304706,-1.6307231505027167,-3.5917097982031527,-0.8744312175588342,2.0803339677684223,-2.3661901414715123,-4.522549753607322,3.3789958083551874,-2.9795048333022924,-2.148216459033884,-2.074370044159159,-1.590407678581591,-2.7676238269416635,-4.778943158653056,-2.1861938852293306,-4.433878356493164,-1.4024483764595457,-0.8972977283103964,-5.650713143188019
-0.3887357986093094,-1.746874042815646,-1.3547970951368964,-0.8510562428779936,-2.09614804109419,-1.4598702347031136,-9.418132081813688,-3.0508521252691816,-2.874668828503954,4.4976939865696695,0.5369760501162433,0.09066328178361238,-1.3458157727553943,2.1294047500812647,-2.787873471805802,0.2682334983624839,-2.9388325929368704,1.893547459887671,-0.6474442728030231,-0.13230176532885174,-1.9225034506106997,1.301019469414863
-2.85268176411592,-0.8242695592964372,-4.586123396350796,2.8731438514567453,-9.4613581218513,1.8492749089553564,-5.990088351792413,-2.378812479587238,-2.273158123881346,-0.29954274714034834,-1.556527837818498,-1.4265192793685035,-3.34415814156356,-1.4456692023370799,-2.7677292337297894,3.8004765737125448,1.013615808797585,-3.603655912662523,0.37242008074762933,-0.7908407202235411,-3.503886645783402,-6.950364328709087
-2.66572701386164,-7.490615680017803,-5.163496969765615,2.215333262798254,-7.95962472219529,1.9032939714273234,-1.0399927130942246,1.2552861448090757,-0.7138939496261492,-2.9541207567923125,-2.37231526372268,-2.551358506905585,-2.462745506464644,-3.4799590039570045,1.0248613449359547,-0.48474246814880295,-2.5701131972667253,-2.0110085174739627,1.48337789961969,2.109093497224811,-6.052791660533894,-2.4788273876303974
-4.233181962028634,2.423759477936412,-2.436755889015755,-4.281829408385636,-0.7585997032164125,-7.9740456860327615,-6.788866569080509,-0.5229231107030754,-1.2280303437877638,-1.459135288841969,3.2552097572720187,-4.600937267865042,1.1022217519084287,1.818183807226927,0.470371114368563,-2.7992590396775476,-0.07641346498553432,-2.8385356271129982,-3.90619791678388,0.37587899815620723,-8.457502285359753,-4.639207371528984
2.3015955387501963,-0.0869812831260633,-7.014134009694306,-1.7027652667786002,-0.6042918723779148,-3.536987583570835,1.2095206200485071,0.6143672940552318,-8.951356872680499,-3.86494455722645,-1.235065186262013,-2.718717394550143,-2.059459001906483,0.3606241977163324,0.9211088265578048,-1.5434304774167749,1.7820929275279351,-3.76300968597911,-3.2157562569423073,0.9144622809416423,-1.1089287370976217,-2.4071734342622904
-1.225766363046206,-4.495513025758344,-0.5598857260227628,-5.039309973160531,-4.378862297819079,-0.10743473051978512,-0.4353655887336384,-2.5953476903532025,-3.6093117084999475,-6.863340418646617,-6.752584970734879,0.8077458837283136,0.5572209019492793,0.023255663381451134,-0.17443096643349787,-5.398318011742659,-6.323405226157681,0.6938886250420319,-2.490618433091939,2.5250265816088246,-3.203942919174057,-0.5707491613797719
-1.957877931528878,-2.7715041799803926,-8.601174791606352,2.0522891740856877,0.9132007753627615,-1.8751618535168098,-3.848682571227555,-0.19330806638011555,-6.98102440609462,-1.2184537630128687,-0.21600658996042313,-2.5993323226606506,-9.71807032394605,-8.264482376051811,-3.828200429832614,-1.368410348303294,0.3142087406390669,-0.3769988111154359,-4.229246137751577,0.3301107401580916,-1.1334868664958118,-3.0442351549532924
-3.194558123161965,-4.147762478817142,2.6467572864073623,-7.708679103311667,-4.472542057977017,-3.9351483226775543,-3.5124312985078032,-0.5328466888132196,-2.160367943436301,-1.816411604905282,-0.14195497342843494,-1.5609057948946448,-0.6870753951615568,1.1076884003429928,-0.5946360519396194,0.7001192192955643,2.465039177556683,0.62325752768714,-3.1747204034321754,-5.5835024557857755,-1.7736580709136704,0.7820215980077662
1.4565664531495732,-4.873605935074975,0.9297756053969989,-3.4167572191794378,-0.679221453617582,1.3094137698842196,-3.2549542994862377,-5.876640884982608,-4.209449174068946,1.7409387257930504,1.1464261054022813,-2.010445862083914,-3.578423241595082,-2.3090651094135946,-5.514504650078881,-2.5181936100520836,-1.4634475461493102,-0.9420467321833775,-2.206737085203021,-7.773212049758206,-6.304344359073374,1.9671320676831443
-7.0673394323948475,-2.0292845260567507,-3.513181904989309,-6.840520697128148,0.25985604588082256,-1.5275726106259635,-1.1573682688087252,-8.213888581089103,-2.3086561932217036,1.7674190736985667,1.9303320426746562,-0.642515265179201,-2.666252698980141,-0.6112897080288356,2.4201544559289165,-3.3688297587901066,0.8759586094599642,-1.1081767284096513,-4.379854911237942,-7.932315735469131,3.8736317691972815,2.583724211513517
-1.3107353202381666,-0.9315528061923193,-5.6085239956522575,-7.3360935762355854,2.3601982586207955,-2.8506599270752364,-1.0063019379916691,-2.185266047866034,-7.935724955202084,2.264789700319123,0.5070467456620819,-1.8289638031089575,0.8706570104692422,3.714951152093707,-4.920717463603095,-1.755416262514183,1.4879812753254065,-1.653744187660405,-5.031923474996835,-1.8293201633832763,-8.537008996493952,0.3486797076840548
-2.0240367432346624,-1.7174326522820131,-2.1207294529855707,-1.9043312607072564,-3.043156622054638,-0.568060463257008,0.8751392322152053,-6.999247779090465,-2.5391440426260536,0.5447346787185987,-1.9564703529846683,2.6638921318187343,1.3156288031666203,-4.900655810116498,-1.7141193878993715,-4.661955720432471,-1.7369484865676126,-3.346376955358006,-6.3571984714265195,2.5511525179871577,-0.027907922767978297,-9.616758237079623
-3.045959765983907,0.03535363051703766,1.3525378528979386,2.7662125374543174,-0.5357478520887505,0.16904088816008814,1.7767026349315778,-0.8260698863320272,-0.525371336125406,-2.307375752500197,3.129353867342448,2.9713827724949806,-3.2089078776297755,1.8939214705482983,0.24893990678342956,-10.905169237338763,-6.024356388970964,1.6922458755179657,-2.246259465911848,2.0257418463866883,2.968958735418012,-1.1917985667632687
2.6761061058297657,-1.6469991145367286,-1.1964867484290127,-1.6476557700599606,-0.1500034943090134,1.0154952027527075,-3.8051886128764045,-1.4859566738338612,-0.6090232176158076,-1.3589878797437893,-2.085529608065984,-2.492212561649876,3.381370798860413,-1.2041996760506406,-4.520024760718763,3.672680986567237,-4.64579310326378,-1.32818941271435,-4.387710700117856,3.682792040110711,-3.7822174595257816,-2.6772746619173144
