script/wind250m.json
{"header": {"parameterCategory": 2, "parameterNumber": 3, "lo1": 6.000198445256149, "la1": 58.999992894266676, "dx": 0.5, "dy": 0.25, "nx": 22, "ny": 24, "refTime": "2024-02-09T05:00:00.000Z"}, "data":
[rows 0 to 23 of 24, columns 0 to 21 of 22]
3.350294639100023,5.760975410187085,1.7108847783004952,-3.615465264136731,2.9140981023877304,7.027621232148053,3.4288298184660015,2.5231414689324847,0.30903628849901305,3.8421564274046793,2.1062921308544156,3.1214326647543507,1.608548969888504,-0.39719967836624376,-7.97423260490056,2.424884557681732,0.3234333158722932,1.6881544067432386,-3.364837030969996,3.3840438744045906,1.6965424865223706,-2.8116093364508816
-9.983385498522615,0.844142606776072,2.82056520880571,-5.586121410226294,4.886220675096398,-2.5584503883292973,2.094467306429575,-1.915625637018177,1.359851322703375,-1.104824049648581,3.0762699122503814,4.712392578790725,2.533872340710901,1.6732895897469693,0.49549490898142134,4.765326439703247,-3.511385792970003,1.8009745522260785,1.238976449397483,4.517461320609743,3.161238689885412,-2.261145579421235
5.501783394299662,-0.15272569916949774,2.9689872896785063,1.8466142432400345,3.35039274162323,-0.03420877557384086,-0.5052818067176046,-3.8571095115201763,4.917016399632229,2.8898333285547118,6.670794506138896,2.699077254392871,-1.677223616542473,2.028545333388922,3.8008244799363973,-1.454971325478393,4.7790756017672145,3.01527965254372,2.511715748105583,4.29732723983867,-0.2941791963838896,1.1227237293415333
0.3034069183053953,-4.498621854468233,3.472771580100677,2.9051276190200173,6.073819171513704,1.9684676392445961,-3.6085622040450738,0.3402013025385659,0.3639413940312591,3.167916795244841,1.2090881405460434,-0.7187195020352062,-1.6947316096410043,-1.845460693195141,-3.102986815886268,3.8953955870841344,4.103288712814114,0.4823585852820455,6.284231458368953,4.697827959943235,-3.71143810775459,1.030363887786744
2.299130384951939,0.5302367777935484,-2.6450311107186217,3.95334026941239,0.25327463022473845,0.36598873259430953,4.489310504297071,-1.2335238877364325,-4.404320669590456,4.314614261622138,1.3205863402160074,2.556962550010234,-1.9687361326443358,-1.52134875835805,-2.3380483256092957,1.081260302839178,3.4960750335873327,3.0455750867221796,3.504673696237025,-2.5186560008775944,7.5380160968700345,-2.9001827347022817
0.5222557319925764,0.8113436202678085,-1.6749332079680994,0.7008089654728367,4.660106424254432,4.01307225031939,-3.9756881667697614,-3.46223731583525,2.608570704594864,3.3696913576777066,4.115821355027663,-0.47803500654195635,1.7913435570303413,-8.554019324969426,4.422851875978257,-0.2794292813727141,0.13813285869745237,3.010235487260713,1.6588446959426997,-3.5195760082553673,1.071283006152985,-2.1207829696896914
-1.3716217067400789,3.1030044213821073,0.033828144888342224,2.502515481001163,2.533221416253925,-2.9715701990880565,4.63827121685595,0.6004213170704805,1.4313258984361226,1.3019472203264792,0.0979204470223897,2.6308098155024857,4.070729141856445,0.48889968492820773,3.482066405989649,2.9365112506723,-4.585114672753056,2.7920942646576266,0.8807225743243265,2.8946574790462694,2.190717117792716,1.3544055336144865
0.3744278795398403,-1.8062527996413948,2.1710501911569353,4.930273640148194,1.8524419209249958,4.088165338617596,-3.325041700322733,-2.4833941754707354,1.77140015412037,2.4829468842120335,3.9505115747934227,-0.05986576629399266,1.6474306502681768,-1.6385744928743105,5.611197424209668,-0.8453444986875369,3.057789359878277,3.5727682124129707,-2.054851266793714,-4.703769808955594,-4.510416617012278,6.156507974258893
2.6067714368648076,2.746467505472957,3.1235427003121585,0.5374556580969545,-2.0688482080301753,1.7021650041095646,4.173970924276116,0.8875017479136581,4.131046639804699,5.67174726768888,0.6311021162238872,4.938677114738865,2.29628857837219,3.3894430820086208,2.315038534378363,0.3679061044560605,2.450225735791889,1.9770598015484053,1.35626520459451,3.2813940483798385,3.8633105951727624,3.1012035198544794
0.10861297592901789,3.1315177395822476,-8.1873093269698,0.9726064565003969,-3.49720474463598,0.5337755152667959,3.2925381541547853,-7.7358863724367914,0.8739856768196412,-0.8013409261115775,1.826269849655812,3.741617352639214,-0.22831425362302377,-3.076148279542064,3.8642571053919603,0.8842290278552276,4.264251843102848,0.5323277033966783,0.7667232935837454,-0.6960218984218645,1.5413208833086245,4.755606842394613
-3.5429034256077983,-5.64878263447715,2.927159384286853,1.5287628992637379,2.569380881023012,1.5678443121574255,1.2392900043465405,2.2145827573427144,2.2611143217510046,-2.221984534806413,3.8242749172914294,-0.8207779438396815,-3.8718221963902426,2.844015797410273,4.217548992312168,-1.9939549596744657,2.450533876961405,-1.6397724017769402,-1.1959490570093607,0.38707222118415174,3.2083542092306723,3.6893131186640096
0.4654319859768532,-2.267332886253219,-4.445300564495001,0.24352825400847772,-2.617714370273163,3.9695427536442405,-0.12236259354321359,-0.22425297019621213,2.4502035404766684,0.9925155576850296,2.4238117670176997,1.0349131706250496,3.9436697243024885,2.9985787344514896,0.9673005532338008,1.203936554905251,3.0711459726423174,-3.2172594022052365,1.6485261643639892,4.5918708180816745,2.656434889107765,-3.8743188390235033
-2.261584468795943,1.02708171171731,2.1359883665729815,3.1511862983851433,-1.438262165635945,-3.4880660692910768,2.241962408705858,-1.1467349573137144,2.2171408324677238,-0.25163587451789915,-11.776132912221907,2.300439139326891,2.867325288350738,2.944611038848086,4.57035548124514,3.369750475674486,2.9597685237163454,4.210371936629852,2.2473755088269254,5.809523459200932,0.3380331991041753,2.418954932079904
3.4388125227605046,-3.4382133340517096,4.0828043865099115,1.9277433633363041,1.2193503163980333,-3.1640554893693866,5.545469324371834,0.45825178083780876,2.776530544627233,2.6831246997835305,-1.1318954461284214,-2.9558168011749526,-0.8261218561714001,0.4271550220419135,2.7673694035344374,-2.250917810544224,3.6492802102909394,3.0720639330765174,4.036339747952849,2.449549071849261,2.0302427291504315,0.28449015607591327
0.30854432822141187,1.58750563563257,2.7973325499941786,-7.635100078482068,4.077108588959632,3.0081978133204776,2.1976861659459983,3.1176357295926285,0.02384441740571061,-0.2735955012749129,3.352934599981305,2.7088269923397585,4.351071070375759,5.589946542255043,-1.3951412965489485,-0.6026170358651736,0.7380276851932822,-0.11304334286460355,-0.4643994175522004,4.217723639767861,4.877912818233004,1.0859455797715725
3.631791712044025,4.020375967153167,2.798239386316789,1.7659182698870965,0.8126209940194113,-1.7235670589891887,-0.2447055803578538,3.4525754551860404,-1.1114355026690288,-3.4266501651828585,3.7411578630955837,0.9479411789646076,-4.006812653969461,5.4518845078195595,-4.095024657204173,-9.698017989063663,2.52551252471235,2.965533080334339,0.04476595980453631,1.2933075337801254,5.748744669633491,-3.456016997257409
0.1692342693133162,0.33635764018678366,-2.1345233409404796,5.00706930214596,0.6788213973334514,0.32282080831424226,4.918170927092505,2.298919249401075,1.6232672824838212,-1.3565065875351598,-4.5332573103949185,3.204303124380149,-0.06836631791225238,1.5552293116679015,1.6255537092332233,-10.798126185982518,-8.92022630147789,-3.8887377786883275,-5.339734049409467,2.964744066371208,-9.587785605028234,-5.213542393876691
3.8919033155745826,1.3898680648847634,2.4667690861094655,0.032894223451466836,0.525472074229591,-3.4682257678360444,1.747499207182771,2.5923818390597293,0.5755579887976672,1.6143739376783286,3.0575014548857053,-4.837870551399522,4.807441266333931,-6.82647587386538,2.8462172389290625,0.5268599665917925,4.339431213044552,3.303904200274795,-11.174904122784264,5.925788316097927,2.2164974098900356,2.6458766675327365
2.185567869851734,3.3816121377808366,-7.9702855911391755,0.1565719053322264,3.825294580354703,2.158339979294249,4.95150301272621,4.710161371043177,4.545473204655229,2.9933536126072706,6.361842988596087,-3.9493232870759547,-2.6839572793369864,3.360271928603645,1.4371867650604115,1.1143312329112762,2.9566030891093638,2.9156286405630403,-3.679066385348158,-1.1332475636577637,2.9510783748014195,2.8231526162867984
5.717208182805213,5.586391117479462,1.416465728564576,3.2912831500255124,2.804992862838471,2.3913887063640753,2.8877802241420936,2.849767845110289,-10.447346159211115,0.3864413211339582,0.9855724483617475,0.3778603124005953,1.4802901417260457,1.2628070981696258,-3.6269975632639193,0.21668662142039855,0.015153252252942187,3.857387014519753,-2.776176071153357,2.915499425303627,3.683944555362419,-0.360136522043695
2.8257662338143352,2.3536640405589857,1.5711085322531604,-0.8788594459828178,-0.9866310356660112,3.96011747301659,0.7847784130488674,3.7274033928880037,0.22000458766859796,5.924458978463298,1.7319439669830712,-2.284484159800388,5.978352659019992,-0.26338626100795803,3.2280393082361183,4.358481988741257,3.067024098508597,-0.14827204768169222,5.402204444673534,2.194834230446302,0.3317153426364248,-2.6561471842935833
3.293499043678811,0.07311653766166923,1.412222165802547,1.6839103346117303,-3.867459100947766,2.05289879720985,-2.9963635544746268,1.746685495691912,-0.7087333823894786,3.185371852364792,2.451388664115835,4.494392631394913,-9.17853994152519,0.8532480366248723,3.2466607851471445,4.683752351728732,3.048467556197231,3.273146306733145,0.6423557992099503,4.474730238411683,1.4163630523889201,-2.3503724571854456
1.1635414157988133,2.2094312104301177,2.3481532385136097,2.7747486084192627,4.388516991801088,3.5333737406011836,-9.652265099007739,3.855496950241375,-0.8370511836078973,3.327913117548216,-0.06758696653568332,2.9161197072756075,2.8101838110848756,-0.6279377612809922,5.490846048051106,2.4387181828830133,3.496075792203997,2.98106439337501,7.762512402988215,1.6767923326481273,-1.0044718478040338,2.2051070001008415
3.881569133886498,3.6451967268884538,-8.861227799116179,-3.9019935814044193,5.3538317791233725,5.826053648691075,-3.2835691232216946,7.512440941788704,0.15062167120847,-2.9961090159844326,2.865635080854987,-1.742657483345209,2.0193408796865873,-2.8199595717236647,3.0905350108355254,-2.142223674407521,1.1763482293238066,1.011853329564235,3.9736494825662154,-1.0691652409753425,4.775404473243238,3.35994381298183
