script/wind10m.json
{"header": {"parameterCategory": 2, "parameterNumber": 2, "lo1": 6.000027932988019, "la1": 58.9999434238085, "dx": 0.5, "dy": 0.25, "nx": 22, "ny": 24, "refTime": "2024-07-14T19:00:00.000Z"}, "data":
[rows 0 to 23 of 24, columns 0 to 21 of 22]
0.1179697729646646,1.4209580316411727,2.2915908846111614,-0.512133118260524,1.1244150216294684,-0.04048571017818222,0.3124744941903105,0.6858656343008861,3.0115247699367167,2.418929077706696,1.3685815548558722,0.8836954901142842,0.8573490068666588,1.2649898291389596,1.1905661070131213,5.640137552598928,2.516652862946152,1.5389509563237234,1.2551657202116793,1.038805697848713,1.7714244997675042,0.978733399086966
0.05453889491193701,1.0178450004910637,0.7945276565909363,0.4715306483447644,0.9597950349671889,0.588776517729621,0.579692820743528,2.942811488832017,1.933756768446439,1.328425910588901,0.31465552193538987,0.22940618946011274,0.8362903071601275,1.2993153762194114,5.21777422384652,4.873150996408974,0.9517025165454984,1.0337792202376266,0.984748862498251,0.637841103900535,1.120482686638741,1.2986778270880204
0.3468433520346693,0.1764393259798446,0.4352533596428137,-0.1560389492968444,0.3256248491517166,0.38500000220637587,2.2965552578724737,0.5417141821313848,0.26469373526310863,0.0393729379110813,-0.5074842000854076,-0.09213045187382748,0.4148731672369208,3.889987931033074,0.8951238812023926,1.780582801299505,1.3452748835252601,2.9250197431132676,1.3923790730245797,1.0201003612715664,0.5874268383816234,0.5393591990518293
-2.571871768040474,-0.6069177481567476,-0.8526508870034967,-0.08021307264369239,-0.43983181859135106,-0.011215141287115826,-0.16735240048695754,-0.7576274514583876,-0.6159615600635145,-0.47506898789738017,0.47801005921647055,-0.05427141349415971,0.544322616973484,0.7306903672038129,0.723418819101039,1.0794254323180628,1.4870314387492491,5.451458778764063,0.5471220574823805,-0.23123778279762008,0.3454204990722915,1.518607578125261
-4.061004563719032,-5.361455214870092,-3.0180465539039694,-1.4292236327082493,-2.4228497118936247,-2.817991990603895,-2.7018221545410763,-1.75660005768748,-1.561324254109114,-1.728780762486339,0.29324363200941267,0.3858711036465693,0.41727769437407225,0.3571515504149415,0.890145663247148,1.5476678443222833,1.598351822656955,2.322041765774487,0.11786433331810804,0.7072062767837428,1.4270597772761933,1.1047396298817747
-5.326244827645553,-5.869767126257462,-4.080001969987803,-4.09792964532505,-5.09715399486936,-5.215145490109497,-3.789931074358205,-2.7210463149221398,-1.3270132769399836,-1.0719262687829476,0.495281479110157,0.9343772278295186,0.46777819100408147,0.17768714961400228,0.8406709963210935,1.247789222025448,1.7886069979828083,1.5524093767406473,0.3152001123922983,0.6840621500439819,0.7415966484008151,1.3895078235235612
-5.860624911523095,-6.3143745024688425,-5.317262168084299,-6.745351757245836,-7.8815539383543305,-6.440505822217575,-4.475906939999878,-4.960648666767886,-1.5606391424820607,-1.9976547410520766,0.5350187468173826,0.04489412926729284,-0.1468040057716827,0.21717861951069295,0.45615559607417355,1.2300984286291266,1.5171376913365107,0.9422048660570955,0.5058931327359368,0.7926555029837601,0.6931204562712558,0.7404846956867422
-7.540427476516089,-7.731242982709231,-6.202960482490987,-8.226585204271514,-6.05877145249222,-4.432522256418301,-3.739751468513292,-0.9282521424189206,1.2010299955050374,-0.07346118270302483,0.04469347256724697,1.0857885812763433,-0.8741873491948595,0.1741717599521395,0.4898495820776961,0.7898723495985781,0.4388963381771487,0.6456142918556564,0.5855093695659684,0.9205934617167347,0.6155181405206336,1.7796728652319849
-7.01235763221149,-8.705977285762714,-9.642974415176331,-8.267161374590717,-7.793470235000998,-2.5664000464609638,-5.633838863041767,-1.5996616792380398,-0.7723390202360328,-0.5539960919714975,2.07101810054512,0.3330143318756572,0.17835685644819257,-0.08732082136584295,0.1311299098376655,0.7451894203586505,0.03478418861929822,0.24875291068261396,-0.3044528135707567,1.0371028318234417,0.9226856334993618,0.8941605771526608
-4.247311753800535,-2.921868967625138,-2.7227604842193998,-1.1707379660101096,-6.716353343187159,-4.33587785234444,-3.6838829050812723,-2.0240316588959786,-1.3606825987134858,-0.7977932199084508,-1.2001408610059237,1.846921878203795,3.6601296402421615,-2.023310339007866,-0.42829221433956505,1.6484992488949424,-0.3472758352025512,0.3794523740022142,-0.10530556369784307,0.6874913804404398,1.0867382477624759,1.3244954852255282
-2.7269469113017983,-0.9556418590313273,0.7709774247828356,1.7426099460059818,0.9798605994850069,-1.8413677720606463,-2.0857242990074556,-2.7030484755051924,-2.723701094641451,-0.8790015013691018,1.6252934099337768,2.739095534077409,0.3939494281991347,-0.3955794192013719,-1.2324974942823768,-0.07502003957293983,0.4934681628616271,0.62628384527401,0.1362283994073552,0.696278766955372,0.7413865457474322,1.6619180467673444
2.054549702165729,4.893352678901591,5.408938028728184,4.358533646256271,3.2910233769936594,0.6343547049496313,-1.3733166360645657,-0.7736032798897708,-0.6977841329647377,-0.8162552964448007,0.8634005086244285,1.7770148474701652,3.239941344341996,-0.5431284406632173,-0.6374242325118019,-0.14260710162751278,0.24760748592833937,-0.24138190141726143,0.5277168769100373,0.48365157064373726,0.029902960128017957,0.9730016413906889
6.489005096111472,6.288275822120757,6.768316769815584,5.591831287732723,5.37989784352365,1.4174028049692402,-0.7859832214029188,0.3645012739248946,-0.2949901279036277,-0.38140611579022465,0.9157735305516602,0.902372956537549,-0.437327220038435,-0.5938028708416572,-0.5285797860110044,-0.06165284677027307,0.003886886652517428,0.1329168278706848,-0.5241838338874442,0.815944652209894,0.25298614362557564,-0.7790927710483678
8.092917742338122,8.110313991144055,7.552770773089717,6.5847911454537,6.7257374442511395,2.897500398442672,0.7932114662599596,0.33112087355172065,0.8239478927255962,-1.1052995085371482,0.4179514935111688,0.3855065901538484,0.3630016889469412,-0.3558545729184295,-1.80944921045528,-0.46383982610959407,-0.3937318757493349,0.35458598316501466,0.18645594183373473,0.27151673686677125,-0.6151031996891084,-0.8442953154936712
9.270020677680323,8.596266463443099,7.665660064441088,7.561608435615308,7.078302990062205,4.341212463515711,1.1661523572602246,0.8251318586103631,0.27852299860493934,0.2678135796019986,1.4849109178542446,-1.0881059003137812,0.3332256307986713,-3.471582149227593,-1.7892018174738544,-1.4858735740560045,-1.1356508931276423,-0.5995291775207894,0.7002831736355811,-0.6452384936285183,-1.5414213262905698,-1.4406510444321365
9.364035451468274,8.628298871106436,8.724363327660347,8.067369356669056,7.444242757067822,7.157597335717917,1.0544530808545052,0.7783229754247692,1.9552724333032196,-0.1502843038095669,1.0581744155476909,-0.7062884583587952,0.9320829937305394,-3.3271121336574847,-3.650154419677771,-3.319194795603426,-2.150294397457952,-1.0823262777061984,-2.114970053814297,-1.6634265421680663,-2.1618188196152914,-2.1552779176198746
8.994633044174678,8.849652487549596,9.265302383980695,8.331620745173396,7.243423216543306,8.228008470946893,1.7962285093553454,0.5705998662568249,0.7099416752645916,-2.0496474116350307,-1.4664972308721964,-2.3224212334230145,0.2948020105485024,-2.433335675162692,-4.67564819978276,-4.013118129195493,-2.6611299466497482,-0.5420862455784087,-2.172787353822197,-2.301676782978628,-1.8075506339844643,-1.7926151017904388
9.722073562832977,9.466382046484595,9.811105029527797,8.568023705298373,8.660354265890271,5.56961704767921,2.732389893986821,2.8847791503401514,-2.185335962233886,-3.934852618743198,-1.092056997853559,-0.698340273613983,-1.7033533920298225,-4.768004302160282,-4.504500407828699,-3.9942613335291424,-3.190969839089886,-3.176330534551227,-3.4988973575728326,-3.1008224337412615,-3.2442995642910515,-2.2917838806682913
10.294987405939452,10.299030395685953,9.978923020145235,8.30018630602786,9.434796249117705,7.67681594937269,4.623933129635392,1.577603000040792,3.801062665574591,-4.321071609642748,-0.7132623356880536,-0.631669461216698,-1.302972788088472,-2.746958578919974,-5.156930862594788,-1.8457795653138156,-1.1128731237969445,-1.0881274378505756,-4.050402958603274,-4.242826757667279,-4.06695260152263,-1.6754855027362454
10.569882973220084,9.928750829188665,9.187807244309822,8.982748167226212,8.614986267942562,8.914523415150882,3.556007632699027,0.11311192697024626,1.5013578029421566,0.27706806518430754,6.844815644491138,2.0135801140850487,-2.4001089542633007,-2.0006438764827825,-1.991609389732702,-0.3601271978277988,1.476260232167878,-0.3220494282772672,-2.593803915485747,-2.523841353297825,-2.3379928434375423,-1.782403493930064
10.016523572761592,10.244198589368382,8.45932242288868,7.418140863719887,8.126688924921854,6.754232585187175,1.45910448111759,2.3334835091277477,-0.051661897366256336,-1.395053835161832,0.2242568481846067,0.44456084685949215,1.9353146142740865,3.8675920485095463,0.22105608699084564,0.19131688499486058,1.3370661008810845,-3.5612500068334243,0.9957689714943457,-0.9993331150564541,-2.2363855124101257,-1.4253139739302128
10.266104345406102,9.430025095309725,6.498244822153798,4.461359447512355,5.29842841968667,5.9557932891942755,0.8620273767166106,3.0524731185767897,0.985017986186513,-0.5636788104173284,-0.20812302059565713,-0.7958113191527063,1.5042064951225316,1.3854100918918129,1.2205497879154659,0.7447482713744522,0.5489990956365137,-4.4676541784501405,-1.6537224102154195,0.2934612361029705,-2.0013397959027777,-1.456645360919488
9.219786580724127,6.820439491574797,4.545493291755296,1.8393569231283242,3.510559796723788,1.2165602667497775,0.9284761491108838,0.11645636148646674,-1.143105794008061,-1.0317453148612776,-0.661372172054288,-0.3728011682924919,0.6702637640575912,1.6698128242486858,1.104604942874244,1.700891728911048,0.5820919205117957,-1.3009432152492497,0.6765707580549853,-1.4113399643324167,-0.7485263915796676,-1.3442132795907678
4.228240953739979,2.6159498827582306,2.33116919186222,2.973054593817725,1.867969226751173,0.4734327963051141,2.861933284689879,0.5800393713239078,-0.6647767804656797,-0.7272594491569744,-0.4925535454395143,-0.5794359533994863,0.23504821103116752,1.8489299148888108,-0.17964154302853189,0.49336760554221076,0.861917629741004,-0.561701495131906,-2.775974242011744,-1.8366808628316709,1.2909584047727676,-1.0545533748600222
