script/wind100m.json
{"header": {"parameterCategory": 2, "parameterNumber": 3, "lo1": 6.000198445256149, "la1": 58.999992894266676, "dx": 0.5, "dy": 0.25, "nx": 22, "ny": 24, "refTime": "2024-02-05T20:00:00.000Z"}, "data":
[rows 0 to 23 of 24, columns 0 to 21 of 22]
-1.5892166962365324,-2.035610957204269,2.5474644766984773,9.963640346384016,9.90354332341839,2.504452554514252,2.0536814008191526,-3.1265166633684562,2.367676796487642,0.9791328106619898,-2.579710544773671,-0.8166684469474993,-2.2116615431497006,0.4442987501683848,-3.1458763155473033,-1.156964862955612,-0.45504957347020325,-2.2541903909997627,1.2926218620361298,1.7653764230125844,2.7190518002768,2.548891434571537
-1.384766330647995,1.6625550155864606,-1.180690356411686,1.7499038621336802,5.63665913790542,10.896789267174514,8.97773895706882,5.312125030937842,4.780047097091147,3.1000761007098174,2.826109079664464,2.3760959272384756,-4.327247550414572,3.412405086114954,-3.5489664130366974,4.463190324189107,3.507206910910138,-1.9429908426010378,3.1028042585448743,-3.1425651953618874,0.9087976554004389,1.7255612614919866
-4.171482099210218,-2.1370068954425387,5.585818574548156,1.3870916334944547,1.645152281100647,-0.00442517641395966,-0.22079407459944372,-2.8773865863448282,-1.9552397218456807,3.2527353970129367,0.07028595159638444,1.5090005867767247,-0.47791662159375364,0.3573102023875242,0.1866116052635457,-1.2039054321315525,1.736276371959604,-2.5929058494704793,-3.5267107522951315,-1.2976345929141404,1.648291751060589,-0.7857654868454034
1.9129562211746547,-2.9903333036891158,2.2605348514412684,-2.2822861125915073,-3.1518273600508038,1.6965635322053034,3.0681905279075186,1.6253767514169883,0.8335666077629779,1.7044948974777276,1.0730337311142066,5.017820047140333,8.60650551580154,2.6441203189544957,2.838408841814203,-1.7916862942925311,5.395671299927866,-2.7672622751137026,2.504004989173707,-0.0746114538433946,0.29495109210670123,1.8896799165152192
-2.3171345593331307,-1.4246091540829948,-0.9891406867385593,-2.170083836313376,-1.3369393445669107,2.308386425633369,-0.5769934081564213,0.20306045419471072,3.069345276197553,1.6741001754281888,2.354393145222051,-1.4040871239578547,2.616348106422515,-1.8742129230493714,0.3127685714487521,4.4809952221992475,2.211551829905395,2.7739902547013267,2.396320860946401,-1.5502142680028168,4.450784344416777,5.347406576048338
-2.810574030498773,5.258106104062082,5.319688572157911,1.6488730795886262,2.154214789504727,8.362111270310155,-1.193433604221498,-4.635721587066024,-1.9046656132677644,1.534522381713549,2.574509914997047,-1.6370797216673734,-2.667633657034354,2.9010865574611278,-0.6821242243581268,1.8266502340068491,-4.9899003863553695,-1.0722813860453666,-0.36828787923619094,1.6499524092120876,5.148125830050184,1.8543091738938295
-4.754422806734575,-2.4653105222779033,3.3530609842335783,0.011562680263637728,3.60391421807189,-2.0491108179136432,1.7878217988949554,8.654523096134454,0.9688302911108695,1.708944191699743,1.6899558539183406,0.31261456748617744,1.0008162857089984,1.3790744408106825,0.749316286291073,0.9477842642272014,-3.0569698941830783,2.82800834249873,-1.4431508099256973,-0.3716490556389714,0.6490225347411773,2.9227673028934724
-3.6914342897931993,-3.1370981331021395,2.278304461190829,1.338341905835586,6.046537041883033,-2.567932175275867,8.668219289934019,0.815657016371123,-0.4629970064734292,-0.5652148956722338,3.120701137792076,3.9192849997193124,6.332958325364676,-1.532488528003213,0.8423410868601389,-2.431383916255252,1.3971953159347226,1.704960331032575,7.910872312936568,0.8207004614099714,5.621532913965564,-2.551928379806745
-1.9504599639424798,-3.4445931182288985,-1.247819486057289,4.216739739993438,-4.301295704736922,2.1805741807473353,-1.627683543298445,-2.321936986655003,3.144761143692424,-1.2192500440885723,-0.30317432948109185,-1.5985872572000104,2.4683137637755217,1.3487662478960534,-0.9300291242175017,-1.327971682589989,-2.4228186136577907,1.4279411276043048,-1.1363463339499416,2.8434950512601755,2.8510054206703175,4.773498606726692
-3.896059602677678,8.881471664690775,7.699701831895691,1.2097803509999043,1.249686253142066,-1.0042942156263586,-2.023490830879023,2.7974290862198026,-2.078706732357988,7.30947969677856,0.8776761018276372,1.219542960497355,-2.684834160094209,2.485406599785226,4.2245088217972695,4.351266519382829,1.3245368663366737,-3.4554438997638792,2.530740495356347,-1.379452412392231,-0.4020821367520944,3.2345682263297606
-0.7493862244671248,2.1754465371539213,1.7641858160036172,-1.5714453170277696,-2.1140875203889187,-1.2938005161562385,8.84873497372866,1.2560919692636825,2.9762964358429906,1.5971974880497557,-0.8790483188056646,-0.05716991076219357,-2.429324349872089,1.8890937963229104,-2.023392373891607,3.0051754064943657,4.577985841739969,1.6591218669633374,2.3787811063080047,-1.75761507079456,-1.5956486268841128,0.6482568085049317
-2.7774216902114417,1.983480225903599,3.948886874568337,3.0184761847637063,8.753435229175013,1.6797038893659428,2.6127972262747194,3.2744845421830617,-3.5081891685740882,-1.4202156689124041,-5.131307220004611,-1.33859077144939,2.3201303840746066,-1.7849218902368171,-2.2076645347304664,0.2637002339531323,1.0700110395598306,2.407483326638351,2.496791005444684,-2.5423185369210954,-3.509962837762934,7.8863502346167556
-4.3486377170548955,6.629085538250634,7.861143816539891,0.5445594893973311,4.9822465539935905,-2.0416609992025085,-3.1902410567617476,0.9298790184371098,-1.9737771357569067,-3.2072862793632964,2.345050239035341,1.173070965489507,4.180109864029965,2.7716994744057875,-1.924670163840179,2.1437196528209284,-1.554749017493965,-2.4734417231950165,1.1682710567334595,1.0063580064850435,5.687270685838436,0.4688610972836591
-1.9843298419443562,-1.3593494229040044,-1.3274823245258258,2.340415217662736,1.2345716503367443,4.915422653265566,10.033002823238228,3.633109911667877,-2.0252011538174117,-2.272531643613366,0.396342452387212,2.2783775222426623,2.6855940904070157,1.3616155553228102,-1.9710308349411085,4.663013104867415,-1.7940497420627937,-2.9604249150034874,2.9852861328537847,-0.19002437299236555,8.958849514418922,3.9146284962507973
-0.2302910086306549,-0.848202512595677,9.725502104349289,2.84557339135143,-2.399359059347885,2.7888937266274385,0.8695167952498689,1.3259533774731702,9.309852194690487,0.6004907684484498,-4.651815304242605,-1.1804267100262122,-2.9181918499603823,3.187360282205254,-1.8615392653405043,3.332088498420004,1.907358679597428,-2.1389893283720767,-2.711634083109996,-4.0285903597267545,-3.3064159691787385,4.426010715669643
-3.0342945354290554,5.165314768209645,2.6736456096427226,-1.6092852078738946,0.9722771294958176,1.6495230573685518,-0.9574767153064679,-2.388979704089147,-3.37148882429298,3.0563174649700846,6.954203266000059,2.583724870530573,0.6141288538177376,-1.873477476690529,-3.0249375058215544,5.500362184709872,3.818533360490037,-1.6459089655633052,4.482231807140514,0.8161108521653462,4.117413612510382,3.331654931608423
-0.7021990082547925,7.111906855153104,8.560683202509876,-3.03772942129511,0.3259993359121682,3.848493918516363,2.648696523897572,1.9908612069078384,9.785459566204038,1.3042756523713466,-2.213115500003133,1.1789092366471514,9.851503382436945,7.2324321826123,-2.0513683353489225,0.05587155845375489,-0.6085296773309727,1.3459340749005402,7.1050454113996375,-0.16399956669770244,-4.174303133724932,4.556564763676852
-0.6690852995616443,3.532294170905982,1.131188971753025,7.129373817885558,3.0833300059006494,-2.0583398258415073,3.046080253619279,-2.5128142312069723,-3.4957841474147546,-2.1066929422613017,2.002026466640005,2.0101467390139334,0.9380119081775952,1.810758118828711,-1.1041805689272162,0.9535512931992729,0.23430506586076258,-0.8737786243013919,3.40740490726493,2.008155684649006,2.725284230687283,-1.6195681475181367
2.0294029325932716,7.315321714657505,1.3931261923288054,4.683023366912829,-2.461562881192479,2.5025929568198055,2.15551149854194,9.189910821663183,0.5472068818700703,3.023185558265236,0.9998740761638658,4.351603816343372,-1.4836897784960226,-3.654326394420134,3.879167634906422,-1.2427906811564833,-3.203544378676052,3.540765230322733,-2.47792903850915,6.8840945998172405,3.5671142243962235,2.2054733430974687
2.3448315021293724,2.1484016051233885,-1.0428259302753398,8.640277951082544,-1.8357237436572975,1.2835087062321302,3.9350754565175534,7.094735674718247,2.0505937934530007,1.7583620504422,2.856516173239404,-2.420938886335416,-2.524599128857396,-4.347457905579581,0.10628370658904296,0.18365290927436206,1.672479117299526,-1.2684575636464934,5.26205027328127,5.907567360756962,2.393324272871993,0.18388999787882515
-4.870188306498565,-0.542891201227528,2.1671008513667496,5.007064398665056,0.6584918718303792,0.455384524094054,1.205568386120268,-2.024672913000695,7.360243590587426,-0.46362359827136157,0.578773532232798,-0.1793409171254621,2.0300627564394675,1.1817645875293201,9.119966542569676,-0.8512445841257228,-2.5490020598003102,-3.3351963234694786,8.377923117698431,-2.759487311005747,9.910049373345538,2.0510375861768937
-3.611773293669928,5.1096274731369045,2.0163277019366106,-0.14264977458751157,3.872487041596563,-2.951518581049195,2.1039028431827456,7.660634964894505,-3.042723309346406,-2.4929129880770584,2.400430458640959,0.9495575231430187,2.719693375891043,2.757169762032345,-1.4126647907148002,5.4355050608608035,2.7616391664951188,-2.85721161538769,4.423620979734289,0.47685374418765697,0.7386239733869029,9.420256668764464
-4.9727247155457945,-0.4551050983977229,-1.3533514835546583,1.186069472713123,-2.964074336427646,-0.9510084615209843,2.9134187861716203,-3.1285386938937836,3.874833698144195,-1.9136238605484555,0.5696372989163929,-0.2644600545723073,0.15371178255599982,3.561980690278351,0.40125010019617685,10.83567325866255,6.317964050081859,1.3111982042740145,-3.4038850155430467,1.1921468889137083,-1.974515683076083,-1.801240282783973
0.0903640753579817,1.6228441102660458,2.6806468010311595,2.44359667947268,-5.002133270107288,-1.3388407081361304,-3.8581073880946612,-0.47303061022838633,-2.4142383953313034,0.9164737219210968,-3.135614645225512,-2.692554032203915,-1.1644780754134698,-1.2819399038629269,5.493689040558438,0.07725907282392924,8.855955221514009,0.5859429134545584,5.1962779111231425,1.6780112015294126,3.0696290905440473,1.960199247201431
