script/wind350m.json
{"header": {"parameterCategory": 2, "parameterNumber": 2, "lo1": 3.000054539987559, "la1": 64.9999836372058, "dx": 0.5, "dy": 0.25, "nx": 34, "ny": 52, "refTime": "2025-12-05T10:00:00.000Z"}, "data":
[rows 0 to 23 of 52, columns 0 to 33 of 34]
-5.488465370224139,-6.278035875837541,-7.477792118394334,-6.945870166140612,-7.2529174785005415,-7.181594324660784,-8.186230494556309,-8.61206014717688,-8.542656571445047,-8.634626110705133,-8.472719238557865,-7.240307056421418,-6.751584887149692,-6.376447082634193,-5.338548503210183,-5.7844295465170585,-3.649040440601623,-5.149537540805775,-5.811243430119349,-1.4483294056804203,-3.7384248419103465,-3.3347832359851175,-5.588403421810285,-2.166418323303681,-3.040691590694465,-2.156070388839995,-1.3924906204170266,-0.7255235354619498,-0.56633660039431,-1.0861755240888702,-0.7417647409221738,-0.6136348778504256,1.2774562368689362,0.8933685568653248
-5.828948065712645,-6.16269197481179,-6.669395580640219,-7.003634315342123,-7.948382624828951,-8.110246078031246,-7.87680413492765,-7.65840081097896,-7.767807585595209,-7.808028798323323,-7.264856569964929,-6.493236539616017,-5.7281755038094655,-5.335275489710993,-6.365388032859958,-6.070435544147058,-7.550802657135139,-7.826087113157777,-5.355902741100949,-6.311478141180653,-6.724590137406786,-6.362945906508393,-3.102374822121844,-4.217220577701775,-2.941466373080824,-2.4656030062899426,-0.4647522904071838,0.42395380672665994,1.2106579995144318,0.9494295489068316,-0.9883657794142561,0.5741265897052379,0.3607976685946257,1.260852564979909
-4.510651670845924,-6.004406999884582,-6.89341908134857,-6.869650698791651,-8.153903761080235,-8.344965945107562,-8.450266157706023,-8.046954718058808,-7.893961503893643,-7.207291148513589,-6.768658026349607,-5.176004154042186,-5.11435591918775,-4.6511646486326645,-6.650228163577138,-8.482874212882068,-8.633327010408504,-4.952415647202663,-9.855609602827045,-7.3539800765117755,-6.490369351502876,-4.236464558456006,-4.465566480291326,-2.467519263261732,-1.1880733557624066,-1.3519860406031043,-1.0092079097686595,-2.053729244357135,-1.3464518694937126,0.6165192081107632,0.49766473842360637,-0.4289449705963778,-0.36302330330090554,0.5627510727939194
-4.399519730233403,-5.698497815205329,-6.8034598537294935,-7.004684491911883,-7.257833019711294,-7.93556340395063,-8.180773274897351,-7.894760184557796,-8.174945496177854,-8.21032493819259,-8.108127920657845,-8.189725722004535,-7.51973610867245,-5.920400608250681,-7.106793191169685,-8.54912765228972,-7.449935264950088,-5.516891628987991,-4.675118070939882,-2.9303038732793047,-2.041816912062616,-5.31192517079727,-3.139648818598511,-2.0788728525751967,-4.309202215930291,-2.669316774715324,-4.58205435371916,-2.7981687577862324,-2.217425798783088,-2.3330388662088812,-1.0254451140956833,1.1523378317282555,0.61427619831176,0.8644077222669048
-4.644777310770168,-5.854774298097271,-6.318485083470401,-6.828709221441327,-6.596148387006425,-6.5376235127111215,-7.202995620174453,-7.592397028066307,-7.557162227761574,-8.057337676834813,-8.250876893004573,-7.8560415392193,-7.338660837863609,-6.749632248228681,-9.307070196933351,-9.001283769912334,-4.6076788931416255,-5.001309624781512,-5.577703928104982,-4.895714519106882,-2.478939707264474,-3.1298828508983485,-3.3773772449181347,-1.8619945158460238,-3.7517506078843987,-3.430545493730651,-2.4853903724857576,-1.8827333310091092,-1.8450253581621578,-0.49017282326400974,0.4252035294928097,0.9767297167905041,1.1381201320947014,2.0462206590952707
-5.126041630926807,-5.912697295819571,-5.378607892573345,-5.577151167137397,-5.47567963792736,-5.558434746007345,-5.18697028879636,-5.708139127403745,-5.588518408475638,-4.823998563147145,-3.846311641376217,-4.139204645147871,-5.793544603492656,-7.382535913944954,-6.819823999488488,-6.974636378730904,-3.6688990948269096,-2.5576880816012415,-1.0413762542821832,-4.119072871544799,-6.499896947086147,-4.097135143788971,-1.9667083917276293,-4.287686329789296,-3.507449333185686,-3.1340478788463977,-2.2398602801433474,-1.774041262799881,-1.5782114657976742,-0.24231079711029904,0.9305656068781599,-1.0294843909116413,-0.21593113630956534,0.7232920772422631
-4.59397188401606,-4.151148044545135,-4.6295862867754565,-4.5613053633443545,-4.3005604178126005,-4.822099144960399,-4.678488584765104,-3.9476168714132753,-3.0338367733985567,-1.6165269699472606,-0.7593067135550821,2.1627258850333515,-0.9094351002832846,-4.568087345970606,-4.89744375074996,-3.4937826297000383,-3.3831618312398537,0.315986064739918,-1.3949689929879903,-2.4841229496533086,-4.383431707693344,-4.084138834703886,-2.584655634041357,-2.945646800146064,-0.4615296318559294,-1.2673137397870462,-1.0913967681513854,-1.048426172336399,-0.6545006401699225,-0.25560999467287926,0.032432944660527284,0.8613497683894544,2.2705296807175577,1.2585153487535883
-5.450060896721143,-3.5683447361294487,-3.5591081664629804,-3.3587055703306135,-3.293303812705617,-3.5509997554306034,-3.0922598038108906,-3.4581109212325574,-1.985530728256246,-2.2179004930630626,0.8509015114495514,-0.5325543551112915,0.02852798388172093,-0.4636950795275605,-0.9594607481134599,1.2332885878313438,-2.4475518765605733,1.6446367117832268,1.0373169225299737,0.9261317215765383,1.304326985883853,0.8785921035321407,-2.9456859453246276,0.4748669159802993,-0.6371096716299428,-0.5204852207636957,-0.6078784671902681,0.2724027534901488,0.3643727752399756,-0.03708578247430065,1.1394367134831123,-0.8385387084318747,0.614270310646361,2.188995923242661
-3.4873082553121435,-3.1976890255922323,-4.2732610235352215,-3.617315526412887,-3.0373321133191156,-4.187646955340117,-2.861070515596243,-1.8598142174883214,-0.7345941706925404,0.29239803344490223,-0.2682929057933557,-0.3770636935109038,0.8548755618479443,0.3595549988557059,2.4895162574677645,0.3931936270851753,-0.027091706858347574,2.418497407711648,0.8847458237712529,1.852110954273473,1.759260664752917,-1.1897007265250394,1.7155836112578973,2.1843831702545966,0.5168391925011017,1.5791337115134492,0.41650314950547246,1.0827757811845338,0.9573213497137599,1.576900360534309,1.4345250961093527,-0.05725990715745905,0.9382883996208216,1.596432492205227
-4.47669983835851,-4.16701530298365,-2.7594046687224374,-2.223949930860232,-0.4279716954831104,-0.3601738789162911,0.4992745828869513,1.810202339439835,0.1971646359371231,-1.355944810952314,-0.9709828271265656,-0.03253636198401677,2.1511890266361577,4.042675626791553,2.649311059886094,3.4985220368827767,4.152717955053441,1.114825060132645,1.7289752616501721,2.686720011150192,1.619972644760757,1.0145466783371742,2.7899189341243917,1.2948010585952552,0.14283539757744693,1.909261944080669,2.074700596687038,2.987297369121958,3.1786825043266966,2.2914592366234086,1.0840937696186395,-0.13056764228461398,0.4505864878370473,1.2812763219117473
-5.039436107155077,-3.7102916717982337,-2.154819978014464,-0.415139911044609,1.7411983055734384,0.37205979114604887,0.3298418595959732,-0.5641912080004206,1.9047438279552849,-1.1838100236429927,-0.19018926542810155,-3.609991368993386,0.83650122793137,4.225331066487394,4.340479150355307,1.70371336940245,2.614603675846027,2.40941151175277,3.4237250645670154,0.3868154880658146,3.2763461642001683,1.4033194954251222,-2.791190312573362,2.626886985956431,2.478575054069744,1.1069297892931629,0.8057187156203109,2.6381079374104237,1.8979823321555356,1.315230895893908,1.683019421313433,0.4478289848840879,1.4478308381052345,1.6869636323545054
-4.896464767980001,-3.2221307443485663,-2.167646138441754,-0.6152089735078158,-0.1113304191294149,-0.8849429584654505,-0.8394262833083339,-1.3293436582509626,0.0853834956842734,0.5509207931391652,2.232349788010953,0.12439385870295153,-0.1500241404189563,3.34606258529903,2.7480937118226936,3.0514507788771166,1.5498017462219036,3.1751235059610305,3.340359788251193,3.7889025161851677,3.9745956143292247,2.2165547207997487,1.6444357276052404,1.331444253562919,1.8873081962538643,1.2457536418953221,1.8374615015049947,1.5388946907200503,0.6627795120746385,0.1739973962316011,-0.5869312617850235,0.584499759668053,1.058429721624532,1.3195665735127966
-3.5082763323581267,-2.2775349319546114,-2.4264613610371053,-2.3402261242351496,-2.1939878908443657,-2.086611850844477,-2.201442388416021,-0.8185010468306695,-1.4418524025702937,-1.259662364196428,1.0326376901774768,1.6708976843528165,0.675401114327165,3.1632747942946287,2.031536932735986,3.6190261366451977,0.49767141623820615,1.3751902965523728,1.859720723442592,-0.20881853019098912,1.7917735773082426,2.305401385992012,2.5479210966194277,2.1522757393600505,0.5962306572338454,0.2284322428168258,0.5791192938669185,1.5585871246666194,0.9614254177431314,0.6090435307876191,1.9849287654119294,0.7182159168049226,1.313998144166297,0.7247126229902343
-4.603434445379501,-3.3048154473322624,-3.0842756106194487,-3.3225591624443997,-6.201436695751188,-5.731718545203741,-1.3054267719092234,-3.9670107418436777,-6.33302314234384,-0.16044727425358518,0.5541411570913332,3.2789367092520654,0.12373283972150659,-2.525668066225836,1.6547041102285556,1.1939231750675285,0.3235527576209543,0.7419951584873061,2.0231932225457068,1.1621445422571357,-0.6933428221835568,1.9500270571326117,1.8221699067835682,1.4377223312235177,1.0071315135840797,1.9255697715338158,1.7936984186338243,1.2014670169520572,1.171650725346094,1.39674327865902,0.9112483561135154,1.0702655189053982,2.033354910388134,1.8057633592128686
-5.258545084322484,-5.740589011420812,-5.030019643448335,-4.658055138623104,-4.5322566516073035,-6.744591178890229,-4.559765961452276,-5.562895655892828,-2.218927251776231,-1.0252914603395602,-2.780762023726006,0.2701072968432797,0.8336357146066814,1.6458821373612478,-0.5797954747159593,1.2093318854466797,-0.9098535565705671,-0.9138052696588808,0.08260102367314691,-0.7146718256505301,-1.6015416245413645,-0.8525430937834836,0.0713514064805113,-0.5234124078421163,-0.1335840856444608,0.7159778296274255,0.3317101240083065,-0.36824624776964515,-0.4006624568341872,-0.238023189793512,0.16159011571708937,0.42880107572945225,-0.1891787126245535,0.3045576601710845
-6.858229424700006,-6.029825256409153,-6.28078232851926,-4.556420583830685,-3.6017162543118064,-7.83158785870187,-7.121528169604134,-0.31189276203838673,-3.187770453804407,-4.433033296533124,-4.837686147124693,-1.9752633918470148,-1.104928581922274,-0.6550807826387519,-1.9509429391279018,-0.8261331599597156,-0.24773923792351582,-2.009279614729556,-1.7587542793031983,-2.214450970846506,-0.15011359315622985,-2.6555111014406423,-2.0061083419706454,-1.2577795592742276,-1.2509037666302822,-0.7421695522773655,-0.1880030089436823,-0.20906057512466947,-0.41697256911350356,-1.0232742119968876,-1.0468234574565025,-1.4502802530075831,0.544897589352342,0.7952408017978059
-6.724582624693797,-6.384464781210984,-5.991314482945403,-3.866269591175774,-2.075005120984433,-3.070074660498604,-4.783861852981775,-5.679080973555323,-1.682422536046506,-2.790303093810128,-4.1649283457773105,-0.7767324989826015,-1.1243257035968666,-2.443498147543887,-1.7378145470859294,-2.367124771800771,-1.0331296906031864,-1.9443538312480955,-1.7224774747126195,-1.619276962579211,-1.1223562246755154,-1.6875681763294517,-1.527698228239509,-1.8880877738580821,-0.8638112771029353,-0.4607259980869806,0.089323591900187,0.22885305360419755,-0.1339179375340335,-1.299877326502908,0.1859186648123211,-0.3898755271662069,-0.30447567617775184,0.28453449529554187
-7.3415686464036485,-5.963435834488254,-4.873890791592301,-3.535808754621679,-5.484826212369716,-7.1776456704369265,-5.084150068132453,-4.2067795098755685,-4.099432801152798,-5.127480558827495,-3.5992751811864636,-1.7619311518173024,-1.65502430176802,-1.5099734397722895,-0.8147424891897962,-1.191820693859858,-1.1168486843318624,-1.7933920378463613,-1.2438737741450063,-1.157406797933253,-0.5603814813327836,-2.807602965885294,-1.8723148544404569,-1.365713356876843,-1.0019250133360413,-0.8058969661300034,0.6077883729813844,0.05320724142573545,-0.5991474320207818,-1.2310840085207908,-1.9828922555111947,-1.7084699561121561,0.4417578728844234,2.283852228051676
-7.427358084344701,-6.675200129494216,-6.220374177106538,-6.774971098663713,-5.6417581159401395,-5.0549405677279236,-2.313328591570688,-6.61853046068903,-9.725567209785027,-3.8672406645657085,-4.011525171132185,-2.2554754681583056,-0.8334386571475171,-0.6139242334012587,-0.8750511931301165,-0.6422157658131364,-1.3542693554082021,-1.3138444233931326,-2.5057854679809375,-2.1178889173508053,-1.495270149740448,-0.24143275850235832,-1.2792812105889055,-2.078070915170362,-0.39662896091162964,-0.6860786958586489,-1.182342028373942,-1.4821875029849159,-1.1115199857502682,-2.590934274924176,-2.8061389472034706,-1.6241702616200095,-1.5020133589454174,-2.182640991773261
-9.046507686136792,-9.028728922697505,-7.352396638639717,-7.172699108601917,-6.7853995325502705,-6.296806116703488,-3.464416709642568,-4.940655427796636,-5.981302626506185,-4.602769189603517,-3.877389117039714,-2.495676419482625,-2.0817927280923,0.09638649331850782,-0.6868157095583456,-0.8402764543053818,-1.441907647336512,-1.641451822007016,-1.8559618849306765,-1.4780742260922246,-1.1900359045218984,-0.6228942296325708,-1.0771383111474424,-1.3850090147848446,-1.3668694284704361,-1.0619424636733694,-1.8075808593073701,-2.56082316526285,-1.900885366520051,-3.1418559059109765,-3.044489028954676,-2.624109001875321,-2.447381669280297,-3.6204160480507377
-9.972672351953145,-9.247237732395485,-8.138785736501946,-6.698341425918181,-6.19569950463839,-6.087874798834809,-6.606188321786156,-4.168582310032427,-5.760181012615342,-4.270512031949251,-3.084343039727517,-3.0177818789722624,-1.6738118314093187,-1.8534865399049305,-1.5742126439247142,-1.9567681463446793,-1.1080991018053516,-0.6710885436690968,-1.776433440569709,-1.229627342175699,-2.069494223808891,-2.4619989576592234,-1.639395555239541,-1.8956350156792061,-1.249234570906349,-0.7372353935455108,-2.677658244045449,-3.055040373704909,-3.0648745118206833,-3.026548125556779,-2.287054148338652,-3.6012948541917877,-3.6880957554726557,-5.149933923479588
-10.895808019422738,-11.29876696325069,-9.448386929899947,-7.947121060710784,-7.017063044269725,-7.884824517137935,-9.80496181864118,-10.425385234480396,-7.531170114057617,-7.678968530062578,-3.275474725695373,-2.185328182697317,-4.407937759667064,-2.6345192643780995,-3.439087665559617,-2.16880016883673,-0.3249705328540016,-0.7953624468209921,-2.3566404971284154,-2.5616867506179815,-1.6241242682330308,-3.489075278850102,-3.3853338413818754,-2.0810738246038722,-1.868626699183604,-1.2543358415199688,-2.9587571882277097,-3.093760198474443,-2.6818389050268925,-2.987567939792198,-2.5984255691421745,-2.013881691156973,-2.6844986563993953,-2.8744236336824054
-9.734493495704315,-8.796246003476085,-11.011729476778553,-9.21109367680081,-6.947230547333362,-8.396818065088334,-12.245806390694394,-9.412306871644574,-10.016500908775722,-9.013064523179391,-5.775708972021858,-3.5915575715050783,-1.701030917099103,-5.697301912695609,-1.7130121696347584,-1.1447835209227069,-0.6865558941673133,-3.167200199082218,-3.8592714439118847,-3.723218770289908,-3.5201558946800233,-2.822564591763333,-3.0588066127131954,-3.045848515605149,-1.6090134279100703,-2.436708596296437,-3.3256936097238796,-2.539168762876887,-2.2974980322138205,-1.695335953292411,-3.060785469025231,-2.8895437039450056,-1.717862587941141,-2.825168762878737
-9.955570367259797,-9.439272204261925,-8.340507330791175,-11.081497005010432,-8.060049327936824,-4.340166999826557,-6.067527785432111,-16.177951061224867,-12.878894080617757,-7.4501893897334215,-4.60170258375544,-3.594756349722043,-5.243391119934537,-4.792685161588802,-4.464096912863088,-1.7077098603537832,-1.571312379159838,-3.639954587223755,-4.548781655311047,-4.0694415792905465,-4.6006320215123395,-4.1284724896065885,-1.9861006417617595,-3.1808110679924844,-1.5804377198872597,-3.12226242863452,-3.123306309389481,-2.8381945041020473,-2.6571789733945725,-1.2626428593858778,-1.0157853443057285,-1.0880234745689399,-1.2027210911437194,-0.5839676436218129
