script/wind50m.json
{"header": {"parameterCategory": 2, "parameterNumber": 2, "lo1": 6.000198445256149, "la1": 58.999992894266676, "dx": 0.5, "dy": 0.25, "nx": 22, "ny": 24, "refTime": "2024-02-01T14:00:00.000Z"}, "data":
[rows 0 to 23 of 24, columns 0 to 21 of 22]
9.589514069034411,11.240407851487827,9.603176886491669,9.004894959086997,11.30921587298776,13.580151128391842,16.160251656546667,19.95089285148479,13.521924978407647,12.245029071743097,13.33325516117957,10.091889323289898,10.656558080541926,10.263416471174377,8.882948588184057,19.50166447447417,17.040745060590886,14.316399431100878,16.750573512663394,17.24802983623361,11.087620895486566,7.9113626171872085
9.94042367478871,9.926255170275741,8.920868170964757,7.994147835857274,9.725297629966148,12.270488323144846,12.294253906879073,11.713242391180058,16.858034310792597,14.065142771565535,13.458767113414115,15.118836064383267,10.667407057749974,13.121644488251583,8.636400886353973,19.02282474604688,14.973020495520071,15.317651461030573,11.29026352284549,13.503552205301931,10.014600743122203,10.811775030984988
9.378409449473962,11.253640533916363,9.173628486078842,8.284900501852796,8.058343237783836,20.471971111958418,11.298455335664647,19.4263447544699,13.163327152992784,14.023992017928649,12.413696519418345,9.440411066375642,12.380407384211292,19.06904174869297,11.909965299735848,9.993978847244332,14.566354482103202,10.848425845500623,9.324942185735743,14.436237283024985,12.201718241429008,8.079312764930691
9.428337396562323,10.856956442241561,9.201685668917861,6.923073903109308,18.61354823840658,19.38110815157517,15.005858881287509,15.10377793431138,16.51176290836341,16.001212084559036,14.315144150134923,10.779852457480692,14.812382209747247,10.210956562155848,11.498090215770944,10.308401036164264,16.144782498126048,10.477750738483948,15.48777151848596,16.65770079165138,11.82660808282582,7.784131276072475
9.042346557673662,10.761275218673939,9.36673850680782,12.738440849513545,17.82233145825948,16.07224934559884,15.159071664159079,12.037862067465273,13.288184647527006,13.727729145362876,12.715708779981993,15.222809795563746,18.07602976515106,11.835297816918931,11.347374409392458,10.788490045036667,17.853963823777807,9.504110828828678,19.672960488435454,11.048849364637324,9.221823620745885,10.142791599257643
8.3952677089833,8.375150661627238,9.298509191986831,16.72868491788653,12.393178275424376,11.005453188139347,11.418129515090786,19.85903552650248,15.995576916641694,12.699541690275323,13.422062023840036,11.237408800052863,9.921686482878773,16.081809807546367,12.512333056694024,10.969361744205035,10.544874693867124,17.04764204747879,11.516274855736254,10.566667090151261,10.709082666362468,9.851282169216208
9.853497458538875,11.324044395509665,9.135853521983174,16.09823997154833,11.648579720048916,20.58871239913646,16.999411540826603,12.003716075799643,14.098475093612368,13.164896258200733,15.247414565566297,17.000461760411465,16.863384808135606,10.824562700450706,14.143237802605071,18.729661522306355,9.887103699539209,17.2904039053293,10.981327267320205,13.946842433731543,9.244447176645368,7.9979111448181905
8.790007008628628,12.364229043438078,8.733137765281983,12.00494437602552,8.798728220331425,18.804960025601403,15.089887648074324,12.097278497628173,16.010387614591234,15.19944340903636,12.823575148578541,10.436572741180633,12.121539928206127,11.47174940536699,15.088898343058451,9.900019696641671,9.512454344454476,17.25954783642781,16.347425232217773,10.487818998104835,8.454153723199195,6.47791397025427
9.069088794445845,11.751124928897646,9.711132831036766,10.516894977629486,17.686851998760968,14.099941590309987,11.338082248032643,14.545628807954603,14.259062004468003,19.009723627340314,15.461810946818849,12.389115725470797,16.88612514081226,14.794517599974498,18.255693506620013,10.15091225646192,10.020581290026557,16.73443817624484,15.535784754359591,9.796374759519365,14.699237727762418,7.693808333136893
9.499673425933167,7.952931442774375,8.847532424148511,10.359987350156747,17.774857618462633,12.290108737231384,16.799976545337532,13.16960156062698,16.967552648518687,11.576023547310676,14.180050102577656,9.754480519861467,9.978139504467856,18.912780562191752,9.79490724222064,10.757837291816552,9.528676952753033,11.146131878909243,16.25980016358419,17.493137188045942,10.20283434130138,6.807654952510389
9.559866956619604,8.103746852714531,9.669607042741712,10.048928886475316,14.26441716988351,19.728297756760902,12.118374539060126,18.259269525721233,14.179214010069183,15.91410767667101,15.169724045524148,13.808097958519065,10.914027579446618,9.863835387406843,10.222556129845913,14.21727794154645,15.259694694892582,9.595827572973496,10.842015072649582,14.416503157156587,14.769788390742363,11.752756319497262
8.735243635596936,8.230183422588214,9.925383662642068,9.086814290576015,10.065246066088092,14.503135694759676,11.245233048207528,15.363163859571639,16.65620678046058,12.162265404648293,13.422009792052352,13.180548032833734,15.697676566516446,12.436235993495293,10.81972171854562,19.325307090707273,17.258357830181527,9.612569460945828,13.70701088376559,9.455894776052745,10.098390375557486,8.042548253745442
8.791279489081845,8.748185019051727,9.0861936085565,7.539514066768627,11.454120527480063,11.614137995006026,16.36343898507833,11.557247845947227,12.699465842849566,16.35453861041005,14.56886116673911,9.654838567336638,9.973829032653674,16.693400972515033,10.654062488834729,18.730008960192013,14.079850126918096,16.658859150787336,17.37591125892239,16.024214171845315,8.129258337930365,11.887200461842033
9.424974314983944,8.520152483480414,8.993974968129521,6.357651359952069,8.008043528978256,12.200196614588599,11.926902181730933,14.656401167993295,16.351931513603382,13.834764426369999,15.195713231575024,16.156252057730118,11.301209009882045,14.007974134728391,10.837550655021271,10.803721546917295,15.248095465921315,15.803916346360305,17.87410488145406,16.964964781617283,12.016127904187671,8.92108740052949
10.743328186161099,8.988905505915058,8.38592310852815,17.096118195409225,18.401153826073884,18.334185759825033,10.32209938992048,12.016682687383016,11.84078691043972,12.89505637303414,12.559038023586835,10.624315264185547,8.789521748747834,10.376519250071054,10.263743642899279,16.99032782338383,13.484702687486644,12.452499778954566,10.813413380494811,10.237635861934141,9.602603697184575,7.383569181974993
8.303255229718859,9.276732967274523,7.627480100348516,13.196004596319549,14.647154225256596,13.897886994930952,16.172036665558867,14.495633575837255,16.301991711311494,14.437295516508458,14.57493517976943,15.001182690609966,14.504398244377565,13.01672203331742,9.97154537108832,19.231196354357465,15.946997444281068,10.192253436360705,10.15604221181201,14.428431597921588,15.356189836114625,11.532183489901747
10.105799686533006,8.587266253384474,7.67293913444428,11.394646835249645,10.873374724322012,11.290815940022833,11.833936257073361,12.407952347666253,11.681117223068101,12.838476677146652,13.912334051030985,9.713972291458347,11.091857822916547,17.76640998577895,13.0987444998906,18.406176352870197,13.973823967705629,12.303014800324169,16.419633306873745,15.417135738245856,9.426360412328554,7.5366131085982095
8.96197425991483,8.817949216669083,7.62128366448252,10.470365221006407,9.654705468960783,19.113874705818226,11.401187654216121,17.315858124333065,16.5189049461662,16.296068096870595,16.01663134937193,15.989735870464749,10.525173115375095,18.920232163193774,10.291408318367244,14.909586569182014,16.920247223110685,12.37774697782492,15.822883186806674,12.198866298256288,12.355874970410627,8.788917904508288
8.561441635780747,8.383171544214118,11.553313646829535,10.320008132742199,17.42515047008229,14.75730875628893,14.885525069790342,11.976430364533053,11.027606908680234,13.297498585690636,13.429427205172848,13.059617537562582,11.289673151092932,8.968084034688067,15.84644057400385,12.788510823979617,10.168635957479967,17.865282112148925,10.871495438873279,14.075511560166113,11.082773730083282,9.597013714931725
9.058245620584685,8.363015486630378,12.417768558711701,8.758003244338871,17.972999687615385,11.647986955815261,12.459690209536081,12.17954015706976,16.30870774636685,14.328778745508973,11.715104282357263,10.067315352993342,10.543502634462708,12.180470252258612,14.617228951148178,18.142563902709824,9.058211891756947,17.319630972024974,9.77337401476822,17.41523146182099,9.193527985953333,11.524327837294653
9.029515997238596,9.25451861058368,12.700357142555474,8.536408509118692,13.207339408103362,11.690646031666173,11.16842492565204,14.844919315287987,13.942848426328732,14.232309563157324,16.108366988455895,17.651336298752476,13.22367145395335,16.536060699989697,11.243962481601882,14.23242562197149,11.832602928047297,10.132726309934247,15.157486885987156,11.162598793897047,13.591750118845539,7.727100897455836
9.43172791058613,9.108559438460553,13.168182310754917,5.824044300195699,10.811251430666406,18.71657369396391,15.714240664533376,12.456529905240597,16.868249712033958,12.498051853664618,11.595350833439776,11.697155311024623,10.441164416492601,14.083146176127977,12.373806891965877,14.071208926187628,17.400737062299985,11.069054337565259,15.077885607679354,9.641066885105694,12.124083501702096,12.1647845048517
8.856948596983015,8.298225011758225,9.236068362451656,15.08274365029402,10.040268112101614,16.538350560053225,11.37856132292351,16.9104933406219,11.955561654558764,14.279247991783848,13.572975096578745,14.12316527257874,12.493803456484303,10.610630194862255,12.615178256651962,12.773037047043262,13.819094389114266,9.648775181055502,10.878718039572172,14.82901923027186,7.954158137603313,10.92868160815896
9.497691959478672,8.607634814578306,9.132147473865981,12.307155749452972,18.564725772669437,15.686318862843931,18.00377768087324,12.383081448562653,16.38618880147408,12.818206777626408,14.929288304657085,11.34611624836083,10.759614563379653,17.948001810006254,12.649713851901192,14.260753430312452,15.259491221329306,14.335957993998578,10.266579675718196,13.369634872262305,13.16847153334949,8.329391026485736
