script/wind450m.json
{"header": {"parameterCategory": 2, "parameterNumber": 2, "lo1": 3.000054539987559, "la1": 64.9999836372058, "dx": 0.5, "dy": 0.25, "nx": 34, "ny": 52, "refTime": "2026-06-29T00:00:00.000Z"}, "data":
[rows 0 to 24 of 52, columns 0 to 33 of 34]
9.22109324611804,7.80909670011823,9.305101249067416,9.189679754946011,8.253486476005692,7.503837277658791,6.937750662783251,7.029681950175387,7.2402182258727885,6.747822978195071,6.3122442756566794,5.910692200658185,1.680218130297837,-3.3160878886199243,-4.151358692583721,-3.0497264657599596,-1.2877231190312723,-1.6370588549797533,-1.7240031590674239,1.4670326201709523,-1.4407631669697183,-1.5642962887906444,-0.45950982338816454,2.199262989827236,1.6865229863668423,2.7542979256586397,1.7447512828431015,2.487721740378679,0.784025164760543,1.8921460131412207,1.5526150540035715,-0.17601555560643423,-0.8298671285520424,-1.1523007512250223
8.43741176763041,8.097142044891767,8.444519682253727,7.882755545337479,7.546486939923369,7.372069151702125,6.87774824286353,6.926962478791191,6.901891088358157,6.684061325878907,6.392758762150073,5.145168418047056,-0.6878150593212471,-1.0407999757716424,-0.7295469075314911,-3.0733673532177233,-2.900923760907673,-4.0022995694550065,-3.802228105760106,-3.795645130694982,-3.851913246953964,-1.6219785575754297,-0.9858472525099731,1.20049303844695,1.7318720806016659,2.528343453392092,1.5707274525323782,2.1838754510065583,2.169922873857048,2.1756753380440683,2.2706999307133646,-1.6521358443235732,-1.2638519085842395,-0.8024060500117208
7.606623944133684,8.208153268482125,7.849297302274946,7.1236483869710865,6.456950638326607,5.299291047948217,6.764504032365,6.917848165156969,7.293462757504456,6.07252786793612,6.780022455084274,5.74543639969852,1.9764045993020676,-0.9157092400614132,-8.249903500130591,-7.853798666514887,-7.959656750477088,-6.99534288605593,-8.147575016731713,-4.673910491934202,-3.7690075627606237,-2.0070634408151817,-1.4532355682850906,-0.342259266677815,0.7981412079782352,1.1141980383709529,2.1000132694546254,1.0926450129472633,1.1801418237496863,2.1144884253180436,2.327691133901189,0.4922753753852019,-2.1337444540408557,-0.9821254487215758
7.358483468568534,7.4089800376850405,6.817166135452167,5.119024502019664,5.652471046438013,6.096401179305704,6.341782586175366,7.034597037867988,7.864436737017889,7.029525906184446,7.320535263583505,5.344375650887219,1.3940228581351375,-7.341986264769516,-8.911943936324995,-9.703590844181257,-8.264192228809891,-7.231638650109683,-5.3068153957945565,-5.913234298086475,-1.751185275182554,-2.09683225493405,-0.16130646123043005,0.7285055992238764,0.09883629771690462,0.9042027714956719,1.2610931326250199,1.5743138741367568,1.7135801196224798,0.9433744794338699,2.3768787471614936,2.4758766751706345,-0.7987375424298038,-0.8311761479389025
7.03920544408736,6.998523289673151,6.30684493821424,5.16096830668893,6.054308270137319,5.621159269630294,6.1424544457587436,6.861569215251423,6.776902512341283,8.198424377843958,8.165861536122256,4.006559081237684,1.8504167294090899,0.36375458411167066,-4.920893295133729,1.9002022366203783,-0.36855606001241686,-4.005687864669359,-6.010660933721189,-3.7354399730064642,-1.6242810682929716,-0.621611065808547,-0.9350789966555583,1.3385947017153765,1.1881664472800084,0.9722381404149809,1.5647284806396735,1.9355950793510124,2.8264104076079364,0.9376863553067729,2.2290049110832215,2.624016008165708,-0.11189289972375668,-1.7184283321997857
7.048398722579855,6.574711457324286,6.37438338920421,6.590918743477101,5.732863806892609,6.051317526530653,6.0304746467463515,6.309629960700331,6.772673365678735,8.847127470408942,8.864764396818087,3.3072986247250613,6.326830817235846,2.209542128056712,0.04397559739440068,2.5382747645383934,0.602135421404315,2.2783579074921048,1.3299890142755204,-3.243841595747176,-5.009892457778163,-1.5451457069057384,-0.09632952817577335,-1.2804543716859302,-1.140242507154829,-1.0054353222571748,0.04776422579057938,0.8283959944568384,0.8446233016993696,2.65509670035005,2.223232196416741,0.16229892540643598,-0.7057095093064761,-1.037451915148504
6.9951986120089735,6.025471330563752,5.984249759191585,7.11383851872005,5.919769745719648,5.927161540756361,5.001193285138676,5.417745638062466,7.11686404914717,8.50896641799158,9.734253691645392,7.357041582448654,9.34382425870538,7.5664942529606005,3.0537451818385364,3.9183430073963263,3.508747156602733,7.112264008858145,6.287188087784087,-1.1062001273109872,-3.384165141678372,-0.2476938486941968,-0.2562619791053178,-1.2613668093467776,-0.03830040876955088,0.39504060875353414,0.8811390180789637,-0.9100534499184162,-0.08633584986468332,0.5923354482542588,0.6298851198395686,1.5059998324405213,-0.8708565650861276,-1.2951488151722952
6.88519421372351,6.444761180896324,6.023787250596138,6.139463545096439,6.566843026311239,4.784285764267504,4.8835929111323955,6.1925466141703245,7.743195250469266,7.764338123427902,9.45451477218234,7.104432774544406,10.697666569211558,11.691740545315543,7.997935561099846,8.604149598094791,1.132505142376007,5.869792265222656,7.062977024575935,1.9940591058579655,-0.1730442098123625,-0.8965456337439827,-3.0464246497828524,-1.556362445631272,-1.9927230228834178,-0.9393292835417535,0.8688602018720267,0.717595682022852,0.8128988527894121,1.2075487029303325,1.484968658357182,0.18695711492016434,-1.1191037168292663,-1.1445629474504115
7.289707702632679,5.271172836693581,5.528111897541371,5.003808331021044,3.3833463237813013,3.8556041426129912,7.053404718009584,8.670799557385706,6.401447918878171,8.64794306818797,9.94980419191811,5.041973974575765,8.135510089836107,9.718682419962672,10.74284832775322,8.673063419878051,6.939595089192963,6.544061000679287,3.6281009362868795,6.818239482640797,6.808056832668087,0.6108195849189905,-3.337320746629513,-1.20164866028746,-1.8358303244674712,-1.1865672445472872,-0.40603114474761454,-0.16207091986781383,1.2016146289565692,0.7565036063019129,1.295265876765722,1.111821684032253,-0.10706514920382203,0.06884812365798917
6.709780318078145,3.804114718094349,4.129234639067224,3.6362189080268696,3.918938721212951,6.768993219796171,8.575329359749642,10.539862619346252,10.669240276400167,6.391257329704839,6.963267639421236,2.903078101567713,7.093435914704156,7.596083634888999,6.319244254669403,9.51017012148354,8.63261747944422,5.66920869719073,5.436866748021246,6.360237010716548,6.338882163969039,3.7391604367665483,-0.26874076368953204,-1.4458055124968143,-1.584688122660807,-0.9043635520306313,-0.5016342698343458,0.7328783171926837,1.2610974110813833,1.0181047515635693,3.2367414532742487,2.4486018862840297,1.7684696741902832,1.0862277088120407
5.711372371090293,4.009523928032957,3.3095960750827507,3.0757949955527324,5.5705527565973725,5.385456213547094,8.795601675294288,7.748831471460654,9.192535735422089,1.5774020616145765,6.1834271065017905,4.7467533766624905,8.52602273958238,11.1029984831395,10.003003834398022,4.874229066539741,5.741573513285292,6.646703451731282,6.418281172404251,7.361485810930559,5.200375933704856,3.0050289080625237,5.659141386804397,-0.5404290973419502,-0.6004773886963221,0.025570736333171855,-0.33701572891988385,1.5799715575877384,0.6888709085149074,2.18644751846467,2.272050965171722,2.2437787241429605,0.7138251167295859,1.8666530216125068
4.404585594500272,3.2161504880487986,2.628272622932717,2.855987414431304,4.8391889986113386,4.112884844084587,5.035780515975383,4.748079123989766,3.0892129940635105,5.32827405051904,9.9531444213333,8.871918306896657,6.856812940206578,8.499341268988656,8.297860703437989,4.359825145550844,5.809567610042281,7.130655290325905,7.1589375362661185,9.414873742513587,6.539563155022979,6.3126917344109,2.5942518772077774,1.952035119578522,-0.6648949378494935,-0.08900964053000955,-0.5078658738167572,0.8129086881435235,1.2840174851769912,1.637742297540151,0.9867304027152076,1.398303403712883,0.7489735698607265,2.0998423635477295
3.3905201555849507,1.9831143549367258,2.155822634768479,3.379722569113903,5.040358968184698,4.217140375911817,5.498514325986068,3.27007815598754,5.1230873379159885,12.215864160120201,10.13021973218381,9.005403021759278,7.657087991320587,7.408434974006681,7.17762227163876,10.211007105784446,4.920439362569241,7.656430500577879,4.991155316139641,5.411845817592026,7.185980120598459,7.447935526765042,4.807869788259728,1.734875821323714,0.1491054341016063,-0.4844359255275173,-0.0778237353793921,0.31406745232911404,0.9104697783812549,0.6791823849710189,0.4855373249590243,0.2928937527163495,-0.05192718744549894,0.7873816556462012
1.1134330723549828,2.4200614221120533,1.9752185009390884,2.345581481223946,4.502032911616686,5.521844892634675,6.202999121583049,4.1154880690783475,5.247048659530043,8.379739245347075,7.240271114581401,11.53847683680992,8.910522872049421,4.058874280606087,7.609185996834801,11.552635525935074,8.381056121813614,7.7209563567180695,8.541018865281044,8.090901859733014,7.357447035772071,7.086413841485454,5.891997885795506,4.112415480233671,-0.02069467578312975,-0.05168143671260473,-0.7765038358672209,-0.4862839578817145,-0.7009318569739766,-0.353802119819691,-1.037630059892292,-1.6510490590203208,-0.6705187744845812,0.3833158575277931
0.08013348388211193,2.1085358361906335,1.8260480487597521,3.4288884123373458,0.4852366880982909,3.586121228933108,4.015387517407944,8.637103876869364,5.524353663866837,6.508314023246394,4.472587560851912,9.762915722143026,9.373567790889439,9.913345639066096,9.162493066340854,8.883645702192366,4.613059337587139,6.327075328388211,6.012069826030763,5.615002203645363,7.876234304909049,5.893716084872478,4.816999668358186,3.979025038947023,0.8094970411508948,-1.5149539348674819,-1.936837535719463,-1.132440869321715,-2.0217140924026067,-1.5779911058965084,-1.8507664996382598,-2.5692464784084454,-1.8857099430618498,-1.1208869244639257
2.2203793694185836,1.077745506307044,3.0052375314030355,3.0960663547204073,0.8004397760525076,2.770925554170315,6.197318778604572,3.7210394694639994,7.46734381094357,4.765643715911554,7.909290991831192,9.490135341002729,6.545840464731505,6.310482483415531,8.593454448279022,7.059471909307389,9.03816292491822,3.749808824597119,7.140845430212733,6.014046692545782,7.523897078169377,7.717122420150278,4.127698944764924,5.894580242106099,4.698560181713322,1.5513822544013094,1.5860176528066061,-4.4768158009089305,-4.2236597981075565,-3.768202653162909,-3.5496254007872534,-2.647355524612104,-2.8432912716600844,-2.253046093220984
4.244660213305599,5.122429475763214,4.057887036337718,3.020102836507847,-0.3587774660100768,3.3740732049960163,6.6520936354158495,6.63837424190767,6.808984806476695,7.417967321281873,8.04837253819036,10.174860523381096,10.12380938624858,9.318641820576495,4.194582652278802,2.531155382547332,6.346687832699962,3.27436541398248,7.2845397147039215,6.348498959340868,7.217990105819837,8.795183391701244,9.070794186721924,7.745547423083854,7.881859954848622,7.84148934361535,6.632852236185279,-1.7441851870798564,-5.208905803677946,-4.189044837923345,-3.9320735958443813,-4.619172060705737,-4.178272269723088,-3.234416893744614
7.675456781383264,5.88740789848834,4.01964272429991,3.1698436126284832,0.9927845216220063,2.964959284136485,5.373763522759472,4.09408917433389,7.328060830585934,8.205461816639756,8.13418545231308,9.189798681073682,7.3196511411514855,8.79348841805312,7.093964311579891,7.486956424725246,4.070593693755753,8.338593366068515,8.505511836283842,7.801496690382167,7.952703155077222,9.903665695593974,11.405839937765432,10.22805666567599,9.503911630928588,9.35867125167877,8.657952151842858,3.1750900867736576,-2.2231497129315,-2.1387717160215303,-3.9387695223649404,-3.0241923585097905,-3.2235494268436304,-3.8096958204221307
8.65849527292545,6.525408914107796,5.0639360613067605,3.2102223152113205,2.9957542939044757,1.6801090920369142,6.0482336338737435,8.432907707341469,4.1326552689543945,10.275702722656833,9.389855407555048,7.9555513502347255,7.301845797054044,4.299985236215239,4.55102006243429,6.678018482666316,8.856443718210754,7.784444179808353,5.919564888983884,8.297345792124364,7.079630163796167,9.186318169088986,11.488224664145154,10.576858076362202,10.645178310512021,10.910745288330114,10.806640373627548,9.286023670987662,6.977670083962848,0.9375226378999589,-0.6168168481211301,-3.314870565892076,-1.6526070395121377,-0.6377499741789953
8.472990652975195,6.5011333340042,5.3128701152883755,4.490105141256406,3.1470391059399376,4.941721293324408,4.629097544184121,7.121398620219942,8.008636759241407,9.749376645753342,8.290626273451924,8.65026152945821,5.319142764864372,8.346515624649344,7.32515731991242,8.882676629593991,8.094238912608496,5.6248953306582035,6.986862864560534,8.902859768188812,7.3737529498522445,7.839152613767936,11.1977184599803,10.242203489178303,10.116562436454664,10.823934332862054,10.0190219132509,10.196484840400524,9.308401005162564,4.189270460734762,3.074987412030735,0.904688750021649,-0.38869021464469405,-1.1223898984427911
7.895499479889565,7.5390747102764255,5.104194085841769,6.19048617279603,3.8651474793231633,4.864724831909026,2.4367682096162055,5.822785697482713,7.306687017712645,7.432256682462884,8.807027459713916,8.277987866085263,7.88474415405774,6.935955238756365,7.339436977049389,8.118166764846151,8.479173117549426,10.21554365573135,11.017314743135064,9.089453123001377,11.022884620777107,8.932814191590007,10.83836966267869,10.03523577374014,10.70419518511445,9.663485851628735,9.133658077609065,9.930387188965385,9.970535712669912,6.215341183962719,2.7628966119350253,3.4470507633758185,2.4650797728931377,1.8372686914845362
7.159233378358987,6.148109586162607,6.839006626310771,6.168227797924838,3.2166072817679883,4.7049815120969,3.7703511062707618,4.077304814428978,7.924697889565808,6.422806352660765,7.572372495093645,8.287327584945354,6.208615598973647,7.518179070711331,5.867336144123867,6.645610888518596,9.560759457357278,9.693586721975908,12.892780792377703,8.79002529700446,13.113121622263195,9.866592384593732,10.999782428365533,9.779857634745465,9.519079562311092,10.590944175022896,9.43308412918051,9.81358074023383,9.71211511075412,7.759341498266785,5.115140069841322,3.597798463687815,2.8431183318639808,2.498439759416888
5.472446107207119,5.309764489765641,6.073594953813016,6.379999031948267,3.3440270893089306,4.416999482973124,4.038198183007656,5.470889663484535,7.997551137966751,8.739745418082508,5.571376533134208,7.897734638207863,6.1617304662278105,6.734592858065528,8.52124205096037,6.43341001797322,9.18555017477674,10.10908021709901,10.345433742418336,12.36678755938051,10.574536939434632,8.740137877546273,9.472628812629216,10.500950252626396,10.46148255687597,10.505628444571261,9.98793796032341,10.421499483164538,9.573696483309316,8.138772297158589,5.661380474115978,3.455866097206044,2.4931154670135833,2.708682348007525
2.614475254421392,6.231533214981834,7.097079939086831,6.275220748450933,5.19899863958594,4.768816171201507,3.6781897092339846,5.099750382461593,7.25876321188433,5.433337402304913,7.279153495591875,5.794697696118876,6.3205930136234105,6.24020307488183,7.47204356054895,7.506091613405518,8.252062879747932,10.243298100078087,10.599114358512224,11.472980984176708,11.682167330524459,7.301046957726899,7.333937309650104,9.984486761322335,10.704061839670018,9.77455674215847,8.966683733249512,9.098958856910889,8.93736506012493,7.17474226238229,5.139957607982725,2.1891827698680375,1.8760218374054187,1.7002474887734507
7.31581225669835,9.167699725984995,7.766190127146249,6.633329000918952,6.394995686455599,6.245453832843141,2.204353022778685,7.031565122314991,7.62488888932437,6.861774220927048,7.591033568727367,6.7740026129452575,6.98662044919309,6.4696757165821435,6.550524017406291,9.001802139455267,10.815206449879915,9.912506298752762,10.913202634135946,11.476915012986254,10.14680948451056,6.893951208460515,7.204643982232963,10.010331139997087,9.039904886578753,9.894510523378232,9.402940749229915,9.561605990793893,8.788490705633698,7.870237227706611,4.510837598485412,1.641675575025455,1.1932391492438947,1.794933416205182
