script/wind10m.json
{"header": {"parameterCategory": 2, "parameterNumber": 2, "lo1": 3.000054539987559, "la1": 64.9999836372058, "dx": 0.5, "dy": 0.25, "nx": 34, "ny": 52, "refTime": "2025-01-11T23:00:00.000Z"}, "data":
[rows 0 to 23 of 52, columns 0 to 33 of 34]
9.563521565566134,7.160798558123102,9.781597612380851,8.940489370254047,8.978209453868322,9.530596378488124,9.354242242148231,9.245817908875916,10.080399082685433,9.886514502106785,8.928747761935739,9.124087502509509,8.090037835880365,6.83775703054714,6.776640508682809,6.679751578524202,-1.727956131433458,-1.5194718742555857,-1.6903629586426239,-0.08961277460018786,0.6788432738832438,-1.5790528893608795,-0.5318768326648391,1.7839804538436357,6.756239795812208,0.07969756789432968,-0.6513464785815444,2.3647878591578535,1.7447494981861351,-0.5591759482216656,1.1963909053457504,0.8293600340752753,1.0789933580879918,1.7791367588116191
9.409340363727548,6.983506903890658,9.372369259707867,8.132813603995054,8.975454998554778,8.99786328026772,8.89606313132003,9.317801720106662,9.84779398391517,9.613976130251295,8.818300825238847,8.907436511607296,7.38972159105944,6.834150591867669,7.199721624840148,5.453383372531731,1.57709673516846,-0.8479767739709523,1.1505974040818545,5.689234472516673,-0.03923392764755164,2.553517143677908,-1.5075214510697217,5.674343203844407,2.5052809479719547,-0.10959758028330756,1.6953703868097278,-0.6448054084049765,-1.895600785289503,3.796871871784309,1.5652588349240046,1.8817145153383015,-0.4658995131249382,2.045933995972743
9.8458195838438,7.397406255034474,8.2266853008961,8.34212425276962,8.369383008244565,8.456630382122496,8.683731660345972,9.307098678451869,9.687070035393523,9.304346839832382,8.539491764670382,7.9679771997785,7.702169606299931,8.144319419322022,8.158282441504218,8.294085538835738,2.3219618329982343,-0.27592363181929613,1.3059615308513934,-0.780494334567132,4.128822540824745,2.5750610291452904,1.7596402264677564,2.527717755235,2.569122428481164,-0.4335239813020376,-1.3865411868771762,1.210029197205708,0.14249790858575317,-0.4327839682575923,2.108378946640241,0.9795310528014388,1.2775367176356145,-0.17637520046475372
8.313664869212335,7.468902295980148,8.404907705235109,7.771558138167445,8.004993881639825,8.265486763750513,8.686512357785498,9.086594498549204,9.350248975025899,9.055849593740888,8.192459132220947,9.798099375392814,8.709852333954984,7.282599367280147,7.4452742916113825,4.225499817226142,-0.5413683238898765,0.16710015363438854,2.13955701207319,-0.09690349251321892,2.906315707070844,4.229854333006218,4.084888399702917,0.9112578418135076,-0.7318908313177308,-0.2036578255476751,2.194066991256244,-1.53885628272743,-0.6325077596774802,0.2583475593211651,1.0128085416044244,2.777797361336821,2.461366671705169,0.5796628021094365
6.772268664126329,6.78106068264677,7.6170224104974755,7.432439165422187,7.949245341588922,8.25157722212055,8.56563345860366,8.895482595008993,8.936980388617481,9.202413057228789,8.297223141660293,8.797194786607678,5.5988181395127645,7.842379688901769,1.0656869279235641,2.604334792726559,2.7076495898711217,1.3107345044243495,2.0236881409929492,8.132132071925458,3.7424734877811727,8.588529764830183,-1.4608320390335632,1.0665712139446235,2.216998259085043,-0.6159483568461461,-0.9297964526963347,-0.8832723945034513,-0.29684759334512145,-0.06123657281392192,0.8194095235129918,1.3062861537646397,2.2424361234204446,1.4738737676546512
5.856795633174412,6.950957629014943,7.063513236841726,7.332618132406381,7.709151847069982,7.935144408890112,8.301096175810306,8.46085458003997,8.117439042921376,7.973371021306713,7.944628009254879,6.471187662762476,6.728519988364977,6.867238429744555,1.489049267482048,1.4657180322559056,2.318816649175871,1.213345560472752,3.794633458256477,0.7141374399814894,-0.23270758266934458,3.5400828592986464,4.080782460424425,1.1787099292930463,1.2298834774591794,-0.2089540087219105,0.6250948226452921,1.3630759913089485,0.5887269364028299,0.6733767830026998,0.606555051847329,-0.7898008419521967,0.4642128013295269,0.39946300746471225
5.383117652781502,6.148885132760777,6.6864942807194305,7.076909032816524,7.326794843436479,7.6356976828848495,7.6993264023615735,7.8068376297503885,6.712137573800037,7.266183144513551,3.8925949612167527,2.755332484798987,3.9203405918967746,2.476892436262359,-1.1690992206665376,3.7670941324467555,0.3555343214939952,0.5328139505529554,3.7473124198381447,1.1765066370012593,2.417015303959656,2.142046431712692,0.5705086696203403,-1.2711936215677142,1.303633337060222,1.0098102667217002,1.745620248593513,-1.3955307815447433,-1.3728074691310008,1.122667375109166,3.383364568327416,0.7096690580059597,1.9625906655951897,1.5912323991950261
5.03731461972715,5.253008345973893,6.264890502672428,6.577716421278724,7.156522408823444,7.069813786974945,7.115734079043412,6.883922647686153,6.746605114767375,8.54288746174499,3.041511565085125,-1.218868879705862,0.36970863709616386,5.034424154202536,-2.20429871007598,0.6772322904471325,0.05104264719846696,1.0273468840831093,4.483280670985343,-0.029749928903409883,3.812668295717542,2.88669732994025,-0.8640600768110545,-1.1201513745729983,0.32130331209567875,-0.3898579078812137,1.213529660518238,1.8935792916809469,0.8322915512361225,0.9671506350521093,1.3951595034327968,-1.6615176789499246,2.0052610123239334,1.0661188744722978
4.538148796457212,4.8505028617531165,5.796586680470806,6.054032220182385,6.734426035851403,7.30416097090518,6.034215165734188,6.387289583171697,3.1192236858210047,2.1336063584116935,-1.6008039806809764,-0.6929475209331888,0.4929403912953788,-0.4324616926607376,0.595291494551215,-0.682478028517489,-0.5869942020496297,3.3116750031731264,-0.841651565404878,-1.1484029037874801,5.338334105610553,2.3911898135133054,1.6858399949828615,-0.30972461241990346,2.717575113544238,0.6267523204718441,1.9738750060606893,1.7911498239860029,0.08198947410510624,2.5190070457873506,0.9672115742301929,2.0903792654398523,1.0706297795419746,-1.1334367208649232
3.5888526550370026,4.064119113551992,5.240942505778406,5.811924423959738,5.8648308907639155,6.256196066937035,7.2095468085697485,3.0635568048466455,-0.4858080635073633,0.7802327971395792,-0.29375978083777765,-0.29807855333168126,2.837148027648114,3.6485735088676745,-2.00411390610171,0.14555687043985363,1.7374716757605009,-0.013508680696793875,1.8493505434146589,1.8046189421552723,5.639928050616092,1.6736473752724976,2.208189032755637,1.5181269629526093,0.0928370690177,1.04878218630091,1.8871826236013665,1.487712765581693,0.959146723788911,1.721804279723163,1.9329099754817505,2.7200922091929653,-0.5911477251047762,-2.416754548865352
2.299309396258723,3.315893821073744,4.443256398564696,5.544875141371556,4.9703009276396495,5.404559453559709,0.9657247069435678,-1.5989675446435778,2.793850486346776,0.915324016112966,1.4165051675703384,-1.5620425714884678,1.9479959332265018,5.803852194522161,4.746102912601434,-0.43610090006727803,0.9401258862167746,0.011006966097597657,0.9068366308536823,1.2112071804451643,2.786006675955389,-0.47655066790348344,2.3611324040568564,0.46041190765322115,-0.37323766701593997,1.081058157059985,1.9245566767738223,0.39442214560604394,2.032791759735395,1.2635585723374043,2.038358603240292,0.5479116485167161,-1.4966604002896848,-2.255190423749082
1.3477291086185297,2.2429674348134347,3.3885132411338232,4.046424687578026,3.4199267086397342,-2.472745126102665,-2.429152089667697,-2.369954119061179,-0.945507715509959,0.04824496747184074,-0.44138143429296656,3.2692395775993464,-1.358646178890919,1.4015280298532096,6.250954643083617,0.4501416454701222,-0.47707317474561006,2.5709081032243124,-0.7312358976268202,2.206064874594367,1.9135069160499443,0.975255960940747,0.7725079475931846,1.6295413756097046,0.19608195912649767,0.45624401285847277,1.2343434592050788,1.422636875449058,1.5240623986857011,2.810586634953851,0.7137054176606484,-1.8188740084200696,-2.4388665765757893,-2.3812201263068102
1.1458209084827573,1.7881605357745032,2.289569798764993,0.5514092478712916,0.002324232170952254,-0.4460754599872434,1.497723479180899,1.8352647067113286,-0.5321976227192999,1.927506470737215,1.0436434999595439,-0.5551802096551715,0.7011597975661086,1.288007917997366,-2.1171844033576934,1.951684602442716,1.1818385054876106,0.021385675520486647,2.054893596785305,-0.25788641478801283,-0.5033556217758456,1.7586012243930336,1.5580523487676898,2.1526358391052502,1.5371453533386774,1.417906835961041,-0.6905280110190812,-0.2109436444821463,2.036908089308446,3.6370151753922424,-0.14703128044406466,-2.3970322619062747,-2.963864254410532,-3.0665846584501186
0.581656910454376,1.3651457061892949,1.439223958539542,-1.2562462758005062,0.417968180324979,-0.0644669732668033,3.0544116315130188,-1.0013129675650807,-0.33607603337965386,1.493273362966767,-0.3182436557887742,6.133821004780304,0.4546400078419685,0.3641202070179593,-0.7789017094483647,0.5320415532305158,1.7661517201406864,0.20978289567177053,0.36336633639226856,2.594222199554234,0.3451524931289341,1.9186991739331811,1.9348380553585027,2.1321849956217207,1.9290288143282444,1.454094141286979,2.828344067513168,1.9975636896149092,2.4654038849049473,2.0231463577929545,-1.4784063299116477,-2.7905275454171616,-3.347761693726669,-3.6029246671821356
0.20580403149953513,0.553370174958835,1.027371873069676,-1.7426856619689488,-2.9398361765051444,-1.971304277943386,-1.343366989205395,0.9348020847069255,-1.8562844240794667,0.1811584161269739,0.10647038511847935,0.8853901716551662,2.668722668913357,1.1812607989166957,-0.7017443736774447,-0.11911289583467281,1.2740150608825427,2.8464970743299975,-0.24798833489617594,0.0900683223519405,1.293087892483236,0.5142180262586129,-0.6946984243667329,1.5521646541763936,0.6582496989823025,1.2751876669881852,0.7704520834658284,1.99639813176444,1.5235614282897603,1.6950844585085694,-1.7792261157045868,-2.706885912400282,-3.3585321983500442,-3.752483050960782
0.9118075154463096,0.2479395493709458,0.9516767664346726,-2.4681876183276703,-2.126822129229609,-1.1945344770995854,-0.03547105084279147,1.406473740993757,-0.2969745173083353,0.9432660342921878,1.3650028031117503,2.7020587769561213,-0.7024774205645478,4.764670997327281,1.467420800364349,-1.710151662111706,3.554714576020135,-1.026749698606267,1.5879835352104974,1.7192226507611128,1.137383309517477,2.350666712154806,2.342617150673143,1.5060321108162877,-0.7834195791480503,0.9421749536253524,1.8336395640082106,2.511293029397405,1.3859635029129327,1.065851708846757,-0.667287572295543,-2.333069183429484,-3.0336507679455833,-3.9237591738524094
3.560497286735545,-0.04560030672948686,1.0192222344531046,-2.4712870903670563,-1.5002634483033535,-2.017348219423008,-0.5171091297879222,1.3714380755329465,1.3597816678106716,-2.562787204824371,4.247941523125092,5.798050268472869,2.5005120074199083,0.9939247266661471,1.2776878507371972,0.49281948878319415,-1.5503990254951003,-1.4689859253180515,0.9079773735784921,-0.6495960990944148,2.198682052255645,1.5923020616842918,0.8721140509501419,2.033928821476026,0.39991505958279877,0.4527338012722904,1.337238390044536,1.433288285147354,1.0876335515881261,1.324199821572647,-0.09562109423240721,-1.736321802789649,-3.124653933043204,-2.6575758835476972
1.301966466825322,-0.26347611947002114,0.5422244344234746,-2.6805636031173403,-1.6909096749527945,0.9005494714389067,-0.43449531187844836,-0.788753526128642,1.2514435597109814,4.591117224573822,2.2577119030928765,1.6436247936401525,-0.8083069762687847,1.7446793446048143,2.0277000401754814,2.672879755546046,1.8870497792672831,0.8499874042102442,2.356328183495353,0.1423001105779466,-0.46082911919684955,1.3421909064329238,1.7851808304884007,0.7457802012792255,0.735212146933985,0.9645205272943265,1.3844018656925077,1.0383489445003176,0.733777501759298,1.7957211086633342,-0.2613261157210107,-2.454744877499135,-1.9669376162922694,-2.6322690181907578
2.8950476469883513,2.1183185664140294,0.1554593235169446,-1.8908260468377562,-2.0319460334193136,-0.5626360811144432,2.7980152247988137,-0.7929276082703606,-2.316484448661796,2.504129740487358,1.6616012323453744,-0.005409516482147947,1.9465348707929435,-0.6033296106495041,1.6107960678974718,-1.1963067239535659,1.6382382950893675,0.8031174452532118,-1.4589839202976365,0.3580073063615257,1.4195759454568675,0.0415023399522233,1.4779858701236608,1.0342318005849265,-0.6019773290851247,1.48879785893004,1.3803266983213607,0.7161786923602541,0.3770202987169008,0.524696340078459,-0.3984562195061435,-1.4118064253688118,-1.444797291749606,-3.129816770430595
4.26702619225158,1.8582741254970647,0.9555147533210542,-0.6453998500355379,-1.0463489859879351,-1.1040262372434682,1.641858614194539,2.925308085393828,0.6686610668630857,2.9645022587509495,-0.4413032172114336,0.11898837412551061,-0.7242106526212162,0.14159746394112196,-0.025383948690124135,0.4510658824592119,2.5917713230002906,-0.05496715795395776,-0.007802143590326118,0.23564586881226254,-0.40519009109209286,0.7783942951878965,-0.560189396701081,0.7686838809595431,0.9521956356723351,0.5886399363715402,1.8927629385054054,0.5759370624670693,0.43928683498358806,-0.19362444736016837,-0.46926714763858846,-0.10381138693470394,-1.9560951026885467,-1.5704660491834952
5.543834935767563,5.073286885194831,4.4577863620783935,0.10547642452648366,-0.8943270426903038,-1.1812471224158505,-1.4556739306732873,1.4390607006248513,-0.8776482272065946,0.6379379342200967,-0.4694138306915228,2.2286722217281687,1.2653878352270553,-0.2918412601472024,0.8818599137704889,0.8374406641982557,0.04740065728624548,1.006112122937794,1.1674614128689886,0.6552013051099461,0.9145749489093078,0.07399745825238724,0.9360291320880632,0.6603995209151087,-0.1794631278883649,1.0601465327885031,0.8834776091886508,0.5039410993929261,0.425282730609827,-0.36545457147664856,-0.8967703117210313,-0.33806762478093844,-0.3967884181305903,-1.4518219638448817
5.379449872680644,4.598862111038486,2.1416434886891373,0.6512068356899677,-0.9063845281724667,0.6688500330310245,-0.43920417807566753,-0.8409193952748787,0.8565211781933143,0.8650734083451734,2.9625191752313755,3.5080889209032198,0.39951614954338727,2.8076017798707533,1.9472291725953241,1.2535692634991127,0.256235819511851,-0.6352970052192647,1.0676541563594943,1.0843251744962903,0.011914311007504105,-0.46358544179738215,0.32270224735878356,0.5330599225510549,0.8923690390474508,0.13297310984709268,0.5866240829475583,0.37298053166495077,0.8096635539898436,-0.4801284408991359,-0.6155852490522994,-0.6955399888574019,-0.36714865373732225,-1.2889150299230385
5.253984509061538,4.443771427085904,3.871315736515953,0.5835771062244235,-0.5365658567049105,-0.3248280786558541,-1.013269788006191,0.00977876407581237,1.0174920974737471,-5.317789010318708,-2.0115697295982886,-2.0006022183326477,2.852616224747799,0.3533961847919327,1.8983036631670762,1.9412138234714462,-0.00714759817111565,0.33903782484783673,0.5189130357983407,0.925838726228489,1.82793526328604,0.8388757926367366,0.3472956840698611,-0.28120920197989324,1.5054514990574042,1.0466572283126958,0.5267645958841574,0.5252009642371652,1.3478212314806546,-0.157162461844413,-0.3750479699057597,-0.8834070774214576,-1.025661895326707,-1.0052633378120963
4.481818834547401,3.8687239205697614,1.256342699336879,0.32945385422644363,-1.0414294090294551,0.563149643736921,0.06276214809492633,-2.040807083500132,-3.351775235146906,-1.0589310897651878,1.7528268324800373,-2.0963071986309574,1.730466923842759,1.9095533975717194,0.7649890742294341,2.353456235319339,1.5772291226252955,-0.4876040386706597,0.5355193967447376,0.7433655362233708,1.4926120781804388,1.8685710868565055,1.266118264932496,0.7921770977899382,0.5011809710333005,1.1593622590091315,0.2756842248320325,0.9936069118916074,1.231200399074942,-0.034990452275743336,-0.09265285835039543,-0.10457211868216716,-1.1675559393434938,-1.138359840612472
