script/wind10m.json
{"header": {"parameterCategory": 2, "parameterNumber": 3, "lo1": 3.000054539987559, "la1": 64.9999836372058, "dx": 0.5, "dy": 0.25, "nx": 34, "ny": 52, "refTime": "2025-04-13T01:00:00.000Z"}, "data":
[rows 25 to 49 of 52, columns 0 to 33 of 34]
10.144105217450388,10.388116206586925,10.05234990026829,10.574998350773521,11.16570436114006,5.155594022516722,4.31168108267904,0.03374089843800903,1.96253814998614,-0.7326621987952947,0.6162532870463862,-1.1433862052121273,-1.130489468721694,6.936533123698094,7.615171544109665,7.3222944226806765,7.216659996460484,1.668913507174443,1.3632378171315311,1.878038030522673,3.962712014932474,3.391601281273167,0.936541244051095,0.7671577611959957,0.7783475238054254,-0.1754654349609232,1.6697037463242534,1.4348480098874998,0.7410384752722916,2.720869557711151,4.985408032025928,4.757723455148615,5.052218591467482,5.527750036998198
9.651842189238737,9.532429056115777,9.126253484721154,9.285592635929216,9.224191609535174,8.77498910665146,1.1399234152784987,-0.21790674648511102,-1.4560572634351137,-1.1233733946778899,-0.7212753036040779,0.5497269155119472,5.284627279482878,7.190092083863191,6.268625685669726,6.39967719558532,6.6043146075380745,1.4915341751541622,1.0172728701847504,3.183033885741525,1.9818187855815554,2.0449845708277414,1.5046871595685634,2.1813415872093107,1.142873470705434,-0.7475420074769499,0.0783170169404904,1.2605982713442907,3.9897552899730853,5.341844705161375,6.426225480983295,5.39132665499254,5.391625147468531,5.431651360891477
9.132280424328476,8.761881502376239,8.15044804433359,8.20583319225961,8.168473670890446,7.2674564718825225,6.143327529122024,-0.2513053022088802,0.9635953866552803,0.022831587564376112,0.2814979258682667,2.901225461469327,4.243500212388817,4.458870771961303,4.8396720123518175,5.01384098669658,5.2723544901150206,1.3165039254339737,0.9608374838879462,1.0249303122679418,2.328409978136099,1.0292591068577173,1.4722868247746936,3.5508242123700993,0.04629742137421237,0.8495110921320332,0.7573142224743584,0.938259435823002,3.615199661746068,5.563031775006428,5.664617174747751,6.031558345579085,4.993109115490958,5.262480296145639
9.184213658867677,8.56601398469142,7.816355486077313,7.346458797675484,7.178630306649699,6.711628495458007,5.441933446182758,3.547255307666682,1.0217032526779013,-0.061073256191860804,1.4818214099022622,2.562555428763339,3.5643080642620504,4.3582026646345176,4.282264541803503,4.308492015077469,3.584080578792888,1.6202350315086216,0.9485635420440657,1.240814768394518,1.5524976105201658,1.2496080151328155,0.35533968590230497,-0.5555443669533835,1.504867249057595,0.4906771713483185,0.7536031924893477,0.18759268527646322,5.810326524635462,4.860646561826186,5.110129283529469,5.571267019581732,5.676244624833047,5.210599367850674
8.40647965574876,7.964530423851111,7.749909688266766,7.3981933378106834,7.007477109671648,6.197600547411747,5.183869189475668,3.828849392114842,3.1670579671405856,1.2497525025319072,1.9494024735550517,2.5583467484953113,3.5417148292581158,2.5760600271912386,2.3323284912666336,2.475528647625604,1.139492726845555,2.5403559449692694,0.9767548920907981,1.3018774593905924,1.69342888150248,1.8713816928898717,1.0258023700424064,1.2075507919524904,0.9562561199733878,0.8924616562484445,0.19491130072879675,0.41827013232910293,5.542340522118078,5.936329506687064,5.006526109915542,2.770583079683032,4.218364338343476,4.677098497535255
7.72366858991608,7.4790594613897134,7.462792989784785,7.48869211490281,6.917243119487904,6.407137730119868,5.171191330106563,4.433535837605235,4.51008064236067,2.7079679942282335,2.189445063005988,2.5139721118829934,2.3331003544642415,1.8479368563034577,1.1013371592617476,0.7865780730321368,2.4969211273663308,3.756884553667858,0.38170106173027807,0.9577509231281784,-0.22923110185701903,1.5434295333212729,1.3842145797177487,1.5303316219475442,1.4757570940886502,-0.42865245995383994,0.4120681615522746,1.7351738114558486,4.063102721875094,4.98591474452629,2.2854277156980265,1.7437596424399853,4.221228857790789,4.357432731684213
7.830940527102739,7.709791185209578,7.7709404861124005,7.298428688268611,6.930105853713303,6.004439620330626,5.35680667403673,5.071633155352537,4.773389485459465,2.981457206610109,2.16144693101832,1.8205832558646016,2.5245107404402636,2.625638828455687,1.5445357023373387,-0.5714003563851752,1.9687996026375094,4.0472595012862795,3.849614456943358,1.394202155192918,0.21586831148502658,0.017951833312481534,1.1026400743360878,1.0573671738537516,-0.18470128507290365,0.9794938993186382,1.0391850100524611,2.149659454056063,1.457912797405656,3.989242701747404,2.990017058113224,0.9634587313071115,4.245048467358552,3.187125336692765
7.824691348044204,8.019709243470453,7.784294932373833,7.29980568300966,6.984322719093412,6.411118702337819,5.5236414104085725,4.8047562581122305,4.082731928282784,3.700240233815725,2.1886395381350243,1.2155858981070666,2.1422222619735614,1.9083805201253439,1.7691687934170264,5.6601948169338545,5.759581568818841,4.892132038184908,3.8020086481322326,0.3354027691944646,0.216418027189717,0.5347355624744123,0.8273087730990392,-0.22022537934600944,0.49844031568637426,0.46708233411820244,0.7385661798512428,1.4921902011000499,3.545673063552756,3.327751780611438,2.6443445014174065,2.840384835596871,3.49058451203396,3.6408801785083105
7.882043371357736,8.049936683943315,7.6061340920274345,7.170377579125704,6.34220392555999,5.4427695010951505,5.27563518556632,3.9145879917652424,4.100057525550635,2.941146937986976,3.300406024557587,2.7192881821944925,2.4744116180694404,2.4371920117738832,2.844001628960898,5.339204008314858,4.856347137280483,3.908760895779797,5.037290931876181,2.0104423837113576,0.6756485172698846,1.1697836001499926,-0.07434726151488916,0.3603646857550215,-0.47103477541628663,-0.998447173429617,-0.6213377349086618,2.0203258196380744,3.2028347218779656,2.104416960031585,2.849113578376612,2.6232277154469217,2.3599155630707505,2.64900688431051
8.00371445214675,7.83209954757207,7.240073197185673,6.686595611171158,6.017777069591058,5.213370325210186,4.62647284975316,4.11572254762046,3.974387397972275,3.9723309623736953,3.7542011839933447,2.9911645868771837,2.242429353789549,2.679695186144689,2.3242255545950132,3.134279844857676,4.375225984007458,3.6803999848674334,4.452907689377514,4.341316498030247,0.5234178270456958,-0.008771993934256579,-0.00904771377150749,0.7640030623776761,0.18477050938606568,0.3087863029929183,1.3682045529017577,1.7161051043178237,3.778834033808571,3.1357608796853653,0.9621448386348731,1.9655241336589966,1.1050742313550992,1.1913525124992494
8.27288330281177,8.096915591714653,6.898589283027602,6.458102493905115,5.973342355020312,5.394386249019332,4.8685193282276495,4.108618643933335,4.858172199862398,5.483933632056658,4.305364807315633,2.9049156750148133,2.9060641992453653,2.2759906075665106,2.537791730169452,2.9750927233382334,3.9275663771086142,3.974225534175506,2.7365455544763404,0.748417080993613,-0.46567717423214444,-0.04932839635790354,-1.119766429737719,-0.3176576017403791,-0.5332921553562809,0.47374755238344074,1.285609563545767,2.9022644239546764,4.594489787643292,2.6941180393296507,2.4396070061585466,2.4777987117784956,3.2518979518937243,2.2403305323331493
8.55012513813373,8.117057396475781,7.652928834845741,6.854061338330327,5.939773493125868,5.187841136998343,4.608395638422475,4.298816556601007,5.237356497768107,4.828910460514582,4.343522781415226,1.5475090969346783,2.0412175987601833,1.909100657085389,2.336835989101346,3.682417918755191,3.427054174561251,2.593856290779788,1.6091472247871046,1.3563440506703435,0.9928669689922754,1.4486707353783965,-0.040285571084576546,0.46821333172031315,1.2384034704287479,1.7514160617390047,2.56833773506549,3.42158775148895,3.2895584788674253,4.137784797666556,3.3149596896540756,2.8230141093641996,2.4622424348031817,2.1768667182292067
7.675214632765451,7.694273207220702,7.681874826035495,6.784805370879222,5.824934573467077,4.73900089572228,4.642653349053552,5.073674012214392,5.064605063037651,4.7270873414354675,3.3974782995719424,1.7959073432437305,2.28580866093271,1.4695675289626282,2.3383166667435735,4.01924122316982,3.3646698597955016,1.6026565082691704,1.6803766187194145,1.3753995854415897,0.45345783886548036,-0.9009991623961225,-0.23365643628482458,2.9067610119268568,3.3796808789909134,3.516273562659938,3.63579924738943,3.558028248967325,2.8739875325866846,3.910610898645713,3.884882579541823,4.545620724247183,4.09559519525871,2.990658278640447
6.994429351334765,7.340854902811066,7.455492384419279,6.631175491387072,5.772416104104047,5.337704395136703,5.192093556666829,5.261960942082499,5.054495417391878,4.17326468250192,2.79828563935998,1.7333165758456164,1.418965400722951,-0.7311568052945094,1.8715058426907076,3.2123709719759956,4.244895261587704,1.585098178983232,1.3631507583714852,2.7541157972751176,1.8964257025334332,1.0356817700976984,0.5145845320647212,3.3777138978811854,1.6466313044613288,2.832812084887918,2.6739144375857777,3.379018660955814,3.1552100283313425,3.7751408510967135,3.4742352215433474,3.016494839375472,2.2352139974095495,2.322001383182651
6.841995256333253,6.895196380631266,7.085628290787421,6.5680182144420955,5.743385159856183,5.722194560072203,6.034166220953123,5.669912875348779,4.90563691797778,3.9402651474595713,3.0276366109520527,2.5355286415447402,1.045895608102261,1.8022763991346225,1.3048686201484048,2.773680728572688,4.181603212701193,0.9668041056344997,2.48276471514223,3.813910828484592,3.0625505543743183,1.9139400944500253,1.8952841399355294,3.4933317094975918,1.5675551166917534,3.114141510220086,3.0210123481802675,3.5375061796057974,2.6539430498147696,2.124328387026035,2.25291404056321,2.4130434767366573,1.687250684574581,2.094639399721431
6.63628808784382,6.035402576633348,6.346073004443426,6.405713909057647,6.397911692818225,5.980997024486884,5.835789181783634,5.517061381953078,5.520474285281267,4.928037176289923,3.754956571750837,3.232755883070088,1.121596591993285,2.937136147705098,4.047819415448168,2.154566036178771,3.833200459275695,3.6182893998131105,2.6572582681421615,3.3420611167298118,3.0777900345036056,3.225877409395026,3.6012073167394143,3.2499658125938637,-0.161190267876755,2.237161841135466,1.972479673298193,1.238227583780935,0.955296253259598,0.4866868073816267,-0.022479739967752568,3.844595710812322,3.2571413838328387,2.210546555499476
7.614532086356319,6.061213217026802,5.876005114417337,6.419973336555715,6.697920892612251,6.078011062311842,5.5552027630845116,5.97871087554262,5.612558695897067,5.640252932095891,5.304696594963712,3.414053286156192,1.9367927440934376,2.250099132808085,4.821012370125953,3.9284377195583735,3.5850586188644322,2.513288881224657,1.6667519134096074,2.5805943197593315,2.430764358337477,3.7289404820019016,3.2428729330686035,2.6328811336858715,1.9586833075803036,1.462471775729008,1.5299139479647108,3.1071007308797163,3.29956506474684,1.7836303766129957,1.7664050208721995,2.493005330764245,3.1408799308759003,3.1304746903265386
7.946552850008396,6.894107050094513,6.555590273065283,6.513335465218414,6.700254181787959,6.9803802373605635,6.901060467489445,6.092828625927322,5.801453667013604,5.664546032624561,5.193991608116676,3.644821016609755,2.5994000033693108,1.5997023663074177,2.9265939025900463,3.85210005834889,1.7599922466852325,3.136791968096384,3.020802231765484,2.5287255595983784,2.4569011231820395,1.5752523484685999,2.4935052347929414,2.945311450171788,2.0444555890737295,1.3713982623068843,0.6616799855303312,1.0059303421776151,0.6927158271764267,1.3571527886183137,1.504176922967257,0.732769536639966,1.315647162703077,0.7400719318564014
7.599844109385322,7.597657498414834,7.758186102097517,7.554384228099063,7.965344499462552,7.396409047307707,6.74792227928955,6.907262729980222,6.564486375361905,5.38788456850807,4.674352478789145,4.206253638772864,2.0516513913198176,1.612193522911442,2.9668201196443533,2.5616055162895845,1.2355261906618102,1.8792785909921004,2.3382744772437176,1.3267827914986048,0.572138049621281,1.0014386094523264,0.7426735465394724,0.7224127502803718,0.7620212600578439,0.6118139748889615,0.6231776628968552,0.3873544244941277,0.8232476588669579,0.5393413395043579,-0.034922983139210655,0.34254261345503806,1.0446694637971756,1.8292885786924604
7.419571193689339,7.763346203001023,7.700861257059003,7.5582129577354555,6.847349021804032,6.87481018792387,6.860093635734582,6.007552557410011,5.741933971217166,5.8167297242740155,4.4924047717791415,4.374115207071931,2.683198116310233,1.8706679342396926,2.4727349972740416,2.9474448594954312,3.9524580276729977,2.0979040073009636,0.28253920981756653,0.431309802317448,0.8307786027544717,0.9475528308074219,0.845658861329423,2.4314491577115804,0.9302478085704141,0.39434038088000406,1.3014350851159995,1.6854294464411725,1.282502008438315,-0.48073821451150184,-0.19098526887013373,-0.3649005015596136,2.4712119932371803,3.726956912126389
6.220342798276294,6.763078490667573,7.420364723683601,7.7291997826878145,6.4638907214745105,5.86881565346909,6.436787387755734,7.003843035484308,6.019631301552243,4.784259285297944,5.230084177941747,2.9869687954810162,2.5963641338511265,2.5306054045653057,1.9468513441152648,2.798738801641728,2.8134177184539184,1.4950480187108737,1.1478564707830383,0.7645369077555098,1.7553549025730208,0.9710407315504525,1.8521221799853993,2.191324926730197,0.0854970212202922,1.4676151637331072,3.1498663647513023,1.351167923696904,1.3921900768421525,1.6998658742686439,0.786943712745333,1.180541089572319,1.4657631501138348,1.7361112006647859
8.329841932596077,7.877866570860408,7.782351067341199,7.490144645225721,7.993669146539928,6.719817900544773,6.2517766890359185,6.3592570135225515,4.898727473501757,2.579325192501635,2.741517682713254,3.0154213605936646,2.2056975087345174,1.6249020052015823,2.1095098929533727,2.1515565109313606,2.3604041536111082,1.0988969858181188,2.2300560946673484,1.6554357856759772,-0.896694978166606,2.4723857346902114,2.0995125792484055,2.048204108545578,1.2198978198675183,2.1375130381525502,1.823984749652617,0.4568886083107895,1.9342719838860805,1.0612586636233714,0.8449028846271933,0.9016127804191869,1.0200156444415098,1.0664591696785266
7.715671860807899,8.924235400624642,8.473236004540208,8.126390019002393,7.598163942458301,5.213085507805605,3.6511960358974345,3.6054273032576436,3.4167053404340235,2.902349874846508,2.3061827083239046,3.055942548839488,3.1077155577537603,2.615229077332252,2.516081123686989,2.1189749544997984,1.2166300524694487,1.3085129363553423,0.9032477600444102,1.5267009657420063,0.96490443374984,1.4348258091456598,1.3356869048229074,0.7382826409337289,1.167977313333192,-0.3700431434272245,1.027332810983783,2.9874389105517625,1.8200428298339755,0.8693952252916501,1.0393928760687001,2.2350380727846337,1.6392470994098784,2.5150310180951085
5.457762113021469,9.336267967600655,8.938700451920505,8.804026615375058,6.83661808880464,4.236479423394833,3.655532654616819,4.06112244539991,3.8253016942411526,3.9770479139159938,2.988533468711414,2.0266133015758374,3.0808638659886785,3.0579048701352005,0.7418008111829926,1.501169149165881,0.9018552721544503,0.8757451879240045,0.6616319384823173,0.8887808227618741,-0.03482288877972434,0.5789344751957195,1.1288399141512866,0.6717771375368998,0.33630900188726226,0.7891289120902514,0.9643861612880122,0.2698867741852496,2.782286013289993,2.5128350587550514,1.1267668477022355,0.5358954933921246,1.8521381405784658,1.919100993713231
8.278226836812543,9.43881640681564,9.463372031299505,8.129493084606079,3.9295246998715982,6.422368400988882,3.716547615790285,3.5278120703408176,3.372178509713642,2.0329353369430883,2.3338516488137917,2.606855666163612,1.4994518306154805,1.3321140617049192,1.3589745406396203,0.9592339329490178,0.6552477776446167,0.34793871965943557,0.1765357929718495,-0.47254524217176147,0.6323892588257419,0.6563620882638609,2.1223269978248465,1.1751620223556436,2.064574787444682,-1.309992416744169,1.393158906645674,1.1270463749099309,1.4065284819020651,2.0041175411240144,1.9457206218483445,2.468796678787766,0.8548276632536387,1.6484817654575934
