script/wind100m.json
[{"header": {"parameterCategory": 2, "parameterNumber": 2, "lo1": 6.000198445256149, "la1": 58.999992894266676, "dx": 0.5, "dy": 0.25, "nx": 22, "ny": 24, "refTime": "2024-03-21T23:00:00.000Z"}, "data": [7.204453698895432, 2.860636047540432, 8.991257666486876, 10.06398701476582, 10.654416719977863, 5.546840131674235, 12.636476218303189, 3.7007109236878657, 4.328237160880857, 3.9498861512318593, 0.10548160376629005, 8.851214178762925, 7.084318750447429, 10.40844710039854, 5.985415413091579, 6.2778662410388, 5.59897998635921, 10.951710137986012, 5.378171377663096, 3.1514652177079876, 9.030007624372425, 6.27836336144586, 4.512568019795331, 6.864089244300082, 6.0636711398811745, 7.249987891736334, 6.814988095348158, 9.961286000220907, 10.833277316141942, 6.487633968826827, 13.354891579106269, 12.733423907227506, 5.259467281463481, 8.290969712150778, 9.211643009754996, 8.74726084835759, 8.384262964629519, 11.869158346218649, 5.266836087419602, 3.816695306939883, 13.797027613773515, 6.584252824705726, 13.18412788538543, 6.06167759819211, 5.315995576035993, 2.123198750413945, 14.022297037726657, 5.5339200216435875, 5.449096870345127, 8.482082024091092, 3.5126723899640346, 3.263153233448115, 2.7193013932661096, 5.987898219276078, 5.73118220619114, 12.604376489523453, 6.771384802788669, 3.7111485132044004, 7.1357816311724696, 1.4121534469286134, 7.024753647467136, 2.0000952098195914, 7.691470679393267, 8.82378048950907, 7.078958329170918, 9.384151908399605, 13.37217495844985, 8.687654635432239, 7.996804454001856, 2.4382143756510373, 1.9910274030728021, 12.937738590067994, 8.293988418943036, 13.17084546874117, 6.211583044854377, 13.066672848155426, 13.784020915192091, 5.956888517875465, 12.045620680672176, 9.885003677788475, 8.276729677985616, 3.7739730077468883, 6.101306099859764, 1.6289395474396806, 6.183456928770092, 4.9518284352766875, 3.879179699735506, 9.594101779625616, 1.9039688167029007, 6.492549919406619, 5.774693990028068, 2.933976605823155, 13.827237861424985, 7.365015252811942, 9.804158026944455, 3.5563628136302126, 5.848161167184471, 6.8549443213729715, 9.206178195447242, 9.250740732519255, 10.218010876421092, 6.640167305502367, 10.250449439046555, 13.61490681583081, 4.777716103142589, 5.472378063031571, 6.788012859737316, 3.674530259773081, 12.432828232096227, 7.909994506250957, 2.5164584393064477, 8.60314920306871, 13.20409899258323, 13.039637282205813, 7.661835374851403, 8.038494332959027, 2.7225928500120884, 7.518709315910733, 4.069545148519162, 6.164197059264914, 7.174814300711084, 3.042717856536573, 4.418406084433511, 4.920276949682495, 11.785320301566212, 8.331601401583411, 8.635035142463208, 9.70280155309484, 5.864951072247211, 4.893108953870974, 6.246375401622666, 7.770016216499066, 3.712306904640748, 3.054972318491793, 5.554335922028834, 13.045004803791686, 10.31585673694248, 8.114955640722302, 10.316896960265007, 7.780352971584785, 5.021806277164993, 3.184216099117619, 13.188008508803057, 3.749896720515665, 3.1136756601394384, 4.592140625252851, 10.541784761256949, 8.73961005925148, 5.729386623875911, 5.806279449329768, 13.946509106273831, 10.070961423996295, 12.537485981980335, 9.73145778603354, 7.6814625542529615, 1.9304937419323478, 8.39660906721248, 8.322284632466381, 5.994159177778751, 6.35308183905073, 11.75278940553553, 3.4178506338837686, 5.743008747662399, 4.556859067030972, 5.999725796234939, 6.154276902900153, 6.220771969683688, 10.97267462239639, 5.719480075327947, 1.1016549857378783, 7.514960854197252, 6.391119712930067, 12.554498160699136, 7.895020549003173, 13.062983302961602, 2.091929661883859, 10.447453632083437, 7.005638823554036, 8.994045503039823, 11.904506729676383, 2.538006486473282, 8.515345914853343, 3.0764915256643213, 3.5886460070773114, 5.80570668495422, 5.333166504301082, 13.155575664078233, 5.663912389539956, 4.859253417289919, 6.995045529479418, 8.394621553497654, 2.906403142492844, 4.3903612472902935, 5.0502938618418645, 11.00528961057847, 7.620793037656219, 4.686982003229021, 5.600641786920181, 4.121918780239634, 11.431122602135947, 13.308655194019515, 6.75797411926449, 11.551436077600169, 9.755530195959196, 4.050850378760636, 6.176821337176849, 9.553549640346061, 11.444042971585004, 6.019547570430755, 11.416307167585469, 0.2667338593868231, 7.705229566359556, 13.416512745772485, 14.054476259363451, 7.184492576223944, 5.745431454439776, 4.639728438990695, 10.269901498712551, 6.6305423878644, 5.443699798004733, 6.602312061902638, 7.3529556232329565, 5.4675396361592945, 11.20293693441816, 4.632763686588876, 9.345346676561126, 11.351800672593646, 11.955006143242583, 5.361679927359918, 12.777821956062043, 5.033090382037487, 3.522627269193675, 1.237030147558029, 8.993291212727224, 5.980063984333552, 7.51611267829239, 12.701039181278691, 8.359562450767784, 6.869066127620475, 3.004183249057321, 10.356733851034567, 6.698184335404465, 7.56250641184778, 5.690438998381295, 8.429827849941391, 8.593249874368768, 11.462368735179755, 6.829504917527744, 4.830710246414324, 8.210272187619216, 8.148310348971686, 9.248313536985886, 5.32325165965979, 5.804687410447023, 4.625145809659903, 8.649021463423345, 1.0106201783752435, 4.674176270632656, 8.866061860364884, 4.800621528653256, 9.706826195211406, 1.3759907413095978, 5.523247595790169, 7.5504883568552055, 9.262493394060353, 13.104175552432777, 8.565779112023932, 6.138797110076701, 7.444798112185469, 10.785157246303827, 7.243237255730342, 2.739095323697238, 11.122066007356665, 5.357045107110578, 4.154266099068713, 11.48434877619472, 6.212807572986999, 4.28589482293945, 1.5094371018356203, 7.666103258071059, 9.970044583369623, 7.338786445932226, 8.941199391179106, 9.481670575859349, 13.625034235447993, 7.305908230883255, 3.3133921862944624, 9.501965986142734, 10.67207916683123, 4.128040220349954, 1.875430338364046, 6.84460559388716, 10.521057554143992, 5.899054973454538, 3.151067676725389, 6.386050178699117, 4.834923112155615, 4.753274614063795, 12.42233295131623, 5.317974292978413, 0.34306865030028105, 13.673281393687537, 11.252141403395376, 6.78019264656568, 5.505164358048953, 4.944511260112945, 8.977633914755039, 5.5658759252088705, 5.8428809462310785, 5.540533726772107, 10.030118815140899, 7.137398718796293, 6.116870477976235, 13.338354075239442, 3.2992051352893608, 4.9957364823378825, 10.918214439218932, 7.071736716272303, 5.160437901330439, 11.043626474640943, 3.535192015456536, 7.4979095976821215, 0.8930400275536959, 7.678510694040549, 6.421987678303511, 7.746602131933534, 4.712197284736472, 4.494370923132434, 2.9504807011322747, 11.932157797228882, 3.441540719640098, 13.433204074689305, 5.42875989638699, 1.9212012393905376, 7.402546859821594, 9.406430078393235, 6.375325253480434, 6.181940373187482, 1.7362760985133092, 4.704209313625568, 12.625792398209635, 8.522914256055849, 3.391627412794985, 11.819525922324194, 1.1455396428620863, 13.332576880485929, 5.81875818428668, 4.240305833828121, 12.508558741589065, 5.496643210737779, 8.98788444286138, 8.655327545537327, 12.434338274347514, 8.84010797417401, 7.457491144859779, 8.084070842234166, 9.289694205092502, 7.643107236808263, 6.209082947614856, 5.062759096434256, 10.313063218794664, 9.11075063973519, 4.765666956771682, 11.655763775814446, 9.08559954508084, 13.443783288266086, 4.994983022707055, 4.67489314347407, 7.060923028495813, 7.789622891252194, 10.475722816755006, 2.2227777024661886, 4.541249970860942, 11.422069233297702, 4.661529651014849, 8.381551469295928, 5.456487336043759, 13.08869425307505, 5.781590893657462, 11.188561226652407, 5.639785255674705, 1.766641952494296, 5.672698128154846, 2.802838997050928, 5.880334625817188, 4.568255662753076, 9.927466850052133, 8.38052435363369, 7.4297570514591795, 9.277408268469701, 3.1152598870404464, 5.575261798188595, 3.5930906313823656, 13.177049215779439, 8.052141216579603, 10.201800677626473, 11.751398950378322, 11.600692052627036, 11.704495593095032, 8.349490111500057, 2.844197690273279, 9.934187115206734, 5.538640699418967, 9.467876360614614, 9.235261295854503, 10.626397382985354, 8.462807129691926, 12.205165125228643, 4.246812242191881, 2.123913520086105, 6.124566633486009, 10.279921211182023, 4.558044247627997, 8.086947119057244, 5.728245516612799, 13.179067631528808, 5.840411828971572, 8.30175529360307, 13.82221438170147, 7.144728470375962, 11.842591085476283, 8.214753456167827, 3.67320577211018, 6.317904128688495, 8.662497171921771, 5.916955417287236, 11.71317558979379, 12.673066574244752, 12.570789347621448, 5.037123459309914, 5.770612220241705, 3.2285665727198434, 5.348047342462902, 9.723182963724666, 8.162990974763254, 2.858780933446674, 13.808809893954614, 5.713985033968103, 12.671761829198518, 9.845513700898527, 6.946099296972235, 6.408059786002838, 13.474079480605855, 5.719766614064648, 3.716826586761142, 6.885582214982801, 3.586085759632085, 0.3678433024085115, 6.1444584424701585, 2.271605703307618, 3.6043503627984173, 3.9423196263433273, 5.718196529277555, 4.802943206260826, 8.775477855366912, 10.613173032767161, 6.788323054084588, 7.38190739047627, 7.2585947073242565, 3.07657109434644, 10.392436130251475, 9.33714539829494, 4.333057929013728, 9.187465295587629, 12.842358533675005, 3.9509927040186934, 5.842796766153876, 2.3555991614932705, 8.133921258527069, 8.260448414344191, 2.3404242131964215, 3.3217289688126455, 6.986358302996989, 5.962450300037925, 10.774298445716171, 5.996024823416695, 11.435895646924868, 5.664567335852759, 5.925915381141743, 6.239747109189884, 6.293176049235525, 4.482731021158884, 2.4606458575411803, 11.283415643602687, 8.026111444502328, 5.2745015351332984, 7.423009320267908, 10.913024248005538, 2.1116745287938787, 4.606536509170256, 8.174753683303722, 2.137864710550927, 9.739789136907094, 2.897702554432797, 5.969299465233874, 8.019878101270852, 7.897788417972112, 8.878815965469233, 11.128625976805695, 9.699192749588835, 12.732080309987916, 8.17785588935224, 5.611543542559343, 5.677145645423472, 7.3080202009446005, 3.6482909747015757, 13.249046769381192, 8.199690687761862, 6.146275128419694, 7.323236305911899, 4.192943362078596, 9.731945589430179, 6.983926813779544, 8.90304413234438, 1.9784130458069622, 8.039596656330238, 4.987320241384783, 0.036712591287598344, 3.536343943249281, 9.091193299929577, 7.115237793313579, 7.617597985426631, 9.698466433112626, 7.550776935731723, 13.67661215289368, 13.692027741987129, 5.497134617759353, 5.827057474665717]}, {"header": {"parameterCategory": 2, "parameterNumber": 3, "lo1": 6.000198445256149, "la1": 58.999992894266676, "dx": 0.5, "dy": 0.25, "nx": 22, "ny": 24, "refTime": "2024-03-21T23:00:00.000Z"}, "data": [3.344048027487742, 4.261212143501818, 7.439738174786965, 9.259524261553826, 9.872477414847449, 5.827726673018625, 8.671316161888171, 4.816417688676303, 4.674169332545368, 3.1288296215127964, 6.759105502777024, 4.642852559248462, 2.70684985817278, 1.8644883190131816, 4.441843085567187, 1.781021857056194, 3.6169531239954074, 1.9804072496437224, 3.079265364176371, 0.03703759890454065, 3.81602363287026, 5.0416368627648165, 3.4510610662958054, 8.582194612029927, 1.3467032260163108, 5.951578051339665, 7.455855012786516, 8.924198837730057, 10.551230550637918, 6.263071977715292, 8.792459310648505, 7.16069901760336, 5.524371482361703, 7.559018369080028, 11.600351179534094, 6.906397407417553, 13.686692589818215, 10.340210928969679, 4.997062065293112, -2.769531508803448, 7.665773109218435, 4.740282069950586, 6.234739929301499, 4.667936693817634, 6.5905425858414155, 7.484844844797936, 7.732366938093127, 3.3315077605242136, 3.2952064631519438, 3.20279020757684, 0.4698966374891775, 7.29297615904999, -0.06997483094888796, 4.919582496143818, 3.570348030330325, 6.4082521798791845, 3.6204873416285994, 4.990914566312565, 3.632835199953576, 5.9289881455631175, 3.6481907708337804, 7.310781218773634, 2.0905221605804223, 2.025844936715579, 7.576265840212762, 4.675215232895915, 7.994910104799347, 13.412384368242492, 10.179966816156028, -2.443923631774915, 9.584095661866549, 8.237292892605849, 7.1201738414002085, 8.550584850571822, 12.199367333899312, 6.007703206876364, 5.581172521017824, 6.776619925669173, 9.110016384627372, 9.005922668688799, 3.1799548813603757, 3.3333041577913107, 6.6705923239280835, 8.051680279559491, 7.785092908639213, 4.385824095322257, -3.3300775732617223, 8.394813890930074, 14.23154973665737, 1.9803425685277443, 2.170218543156122, 3.260184121548285, 6.212458057900706, 8.270622576203973, 5.029299952443885, 2.115352424064964, 5.12629340193038, 4.841493285334137, 5.171828157203879, 1.7192579067877705, 10.156971967595744, 0.9367206318392742, 2.061502201438902, 7.708617536399135, 4.374836420600125, 8.17631981360972, 5.22315579267614, 8.964466654286998, 10.15428763349327, 8.435385607004422, 14.543791903626886, 7.325959481353252, 8.946236799816104, 7.398347268040279, 7.413368718705398, 9.66940952173279, 0.3668805558768879, 14.604621180337878, 3.586308927719359, 11.74541616030577, 9.643622531987825, 5.787457709639315, 13.209499378055462, 5.7994255980358025, 5.3475235872864495, 8.735697788616344, 11.795632715178296, 3.7930702905058635, 2.550783542989161, 9.612848374091914, 6.528422054965161, 6.628076493695989, 4.321961781559305, 14.1494599726308, 6.373062556443407, 6.280244727988912, 4.983521835849481, 3.003693402556443, 8.367435365974742, 8.76078112558049, 3.125001962646074, -0.7651360642009363, 5.279921860161139, 2.196150700535061, -1.1913625213676131, 4.460935739406508, 3.686786615706753, 10.897449934331615, 3.8148457957097737, 4.86024391626152, 6.13155958831809, 4.937412737948206, 4.923291611487602, 4.32724091415384, 14.12949350726369, 11.170002826048368, 6.898208974521632, 7.533703764370974, 6.081722745576966, 3.0622119124053664, 9.42137632263596, -0.12706929299459083, 12.723633185901384, 3.502373143850072, 5.950964055200153, 5.051400064127203, 6.279101956428005, 2.504132990325305, 4.1677558269046076, 6.553187082343761, 7.830482146619403, 3.6188433220116965, 8.519639405208238, 3.7948789349732266, 8.84393294318773, -2.1716597448278794, 12.01564328337927, 3.435037929465402, 2.251134431915352, 10.360397165662338, 4.943067065475239, 8.157020070094323, -0.7609384312053189, 7.677679562225686, 5.59638725844754, 3.4036408031139986, 7.542193845080639, 1.615395895907519, 8.567102464191214, 6.793127873435548, 4.696037985767812, 4.830619265499979, 13.422334393372623, 2.566585261325179, 5.685896158590435, 12.6320151674924, 5.509661106777773, 5.430166617411668, 4.524395315347657, 9.609063514586932, 7.840279870364848, 4.627753749081174, 10.97744518981097, 1.5444040797213536, 3.6015979875984687, 4.589373604426322, 12.954626847144018, 10.286722113109132, 2.5150999016320226, 11.165076160244851, 5.605988383590739, 11.850816046494318, 7.468171268493716, 7.161611162703009, 7.281917178910034, 4.896134981421101, 4.81867479245561, 4.203051181035245, 10.173373764108518, 5.146895868157934, 1.8379350577635816, 5.5872130056439655, 6.388085625443692, 2.488037424420009, 3.237443223193388, 13.115945518148292, 9.558063350687037, 9.9610116257641, 4.903484335144775, 6.302610426645794, 2.3502223399395907, 1.058434264349216, 6.744861605748335, 7.827866411516105, 1.9972648379272173, 6.517608520792013, 9.79607117931725, 7.477558416032847, 8.332548262727345, -3.3485455580046697, 3.9857149035825037, 3.278891890902502, 2.5055130285825844, 5.239297345858648, 6.185910996378527, 4.377609398102411, 9.48297960312818, 12.551804243257763, 5.332714078232641, 6.266270289542161, 13.798234495003193, 1.854886952841607, 6.68007656509481, 1.6549732353984257, 5.050662313645195, 2.7642426808802036, 4.7543498656888765, 4.765529456023126, 4.931799649181722, 8.58924803114095, 9.524443603175605, 7.699113440316662, 14.585104725487412, 7.682355595465945, 13.222324204411377, 8.312812592933318, 9.858516513125744, 5.08644465762026, 7.9159110995476185, 1.2425991135534338, 1.4196900321465655, 1.9305329792364752, 2.5218448274666883, 7.468004587348238, 5.270768787671764, 11.105244672696491, 4.952649343709226, 5.445151077503554, 6.8841876833849165, 7.745779732060205, 3.328023878283321, 2.490852703335537, 3.8450835571714364, 2.989928422755457, 7.938437746494221, 4.482455497476588, 7.676702989741919, 0.9676452385990391, 2.3646774490739295, 4.470538092845661, 0.9964376464974157, 7.524294599561445, 9.804769671070819, 7.158147232915535, 14.291448936718423, 3.268939576254139, 5.145027379235826, 4.8540270762953295, 8.375459909572129, 3.648963420292048, 11.662894866827509, 8.09857903291932, 2.110186712676391, 1.3947855465662515, 5.517621045525786, 2.1323345334932338, 8.543972098549123, 5.2913515943349445, 3.7110470439144123, 2.9137526866773076, 9.631024595033677, 9.91795222139944, 4.850646211493968, 8.304302941319456, -1.5076882019240332, 4.081252436575402, 9.027831715930128, 7.434404429238559, 6.62010554656975, 2.803642736232405, 14.237060565276645, 4.556703981379078, 12.102905460648689, 12.424347228015728, 5.1014071548418904, 2.677704174397758, 9.590959826470108, 7.362616448183547, 8.577040585421269, 10.283602538300002, 5.579052656746147, 8.831052293103618, 4.638660587060556, 5.67852087927362, 8.544605253321764, 8.680660544110195, 1.438884674228504, 2.911990521941361, 9.35656525244604, 5.985141410314141, 9.025222105852565, 7.5303391820823355, 1.9748399633026816, 2.0636681574853446, 10.281784276617413, 8.629816970715316, 6.441620250801899, 13.834702434298462, 9.982249875357043, 3.4243595529848574, 5.719527899814059, 4.96358192466486, 2.6522008870168943, 10.464334133178744, 7.60558119362939, 1.7693866839223737, 4.0186022171892635, 5.348177065594311, 5.13573678287935, 4.713902991349824, 9.643934871393098, 6.084559903707932, 4.411119054031039, 10.967418176250785, 8.693398082014676, 7.716177006453386, 3.782337510352526, 5.521910484365337, 1.6542719765913734, 8.397193115850161, 10.934823207614855, -0.181846362328516, 4.555648547474164, 10.408969401805356, 2.5003318741608243, 5.795712495821288, 3.44194149244236, 8.216916315953782, 5.385998341359838, 11.15904194580831, 5.312470013520914, 9.761388360420426, 4.869889922275322, 7.644387317563141, 2.801418916833577, 4.126897769467306, 3.302423498765354, 9.787885217463273, 3.7499972790860867, 3.8046067200298177, -2.2680828118879957, 2.8582636345970025, 5.074597259010186, 8.13503221621064, 7.187659928333142, 4.607697964034698, 3.9289694591132025, 10.202952817835508, 4.106855698995994, 5.858586137200237, 3.778835989371595, 9.249159577361043, 6.725702860983717, 10.347760529187584, 1.8142219476260342, 4.005359749714794, 5.036543703963908, 10.257894428787171, 3.1945458011455927, 6.1668175388074395, 5.479752035116047, 3.534417514715147, 8.191498072162736, 4.918970358064764, 3.863633613524227, 8.09331327386263, 6.672267637951909, 7.2268699621093875, 7.735021124258206, 8.185745620544507, 10.466740960190926, 8.668939018424307, 13.78250686977907, 4.057708630033976, 5.554511867061033, 6.259499381796455, 10.695204462613402, 7.914946959590774, 7.484992983668616, 13.812386644598254, 2.849184283718583, 5.236961335310453, 4.564936206735062, 5.610990108583737, 8.13835546297671, 0.18001848256552658, 8.37671856540519, 6.103193865553921, 6.9417774251517095, 3.9983476614688716, 9.355202107719377, 1.4966255665294346, 7.908381513176675, 6.002120107883513, 6.608714265911948, 4.150679767789803, 2.161735429846595, 6.7702601067905155, 6.988548501477303, -0.041175258314629884, 2.031414783937219, -3.002804798966883, 3.2108853593135596, 4.03386849220446, 9.655776681762013, 3.228082388708796, 2.5567509922878746, 13.88875701433249, 8.266091465947692, 5.023869488718128, 9.038316094051003, 8.529590871912559, 4.459248817768793, 9.959878263871042, 9.19137111272917, -3.058049005067803, 4.846653057274484, 13.514136221975011, 11.759518640787652, 8.391689038560903, 11.163106146634563, 8.085683957477467, 6.236923891356716, 4.8661528931362374, 3.3336746121275636, 4.744427209925844, 2.8123737291635993, 6.161398041092039, 6.0518046986095335, 6.998123642141167, 6.416417143463869, 3.769275178644336, -0.6127786640065709, 9.159857375233956, 13.98186181351999, 3.603884561021456, 1.8916502409518998, 9.259675947750626, -1.2881605062523123, 2.640945660150184, 4.920289645749945, 7.226108040026548, 5.820059317798884, -2.449197080927394, 12.548330117983872, 6.676683932085495, 5.06283166405123, 4.4849013797044455, 4.310626450694292, 8.309892782198787, 9.01779002336795, 7.594612679414308, 4.870315533388391, 4.240491304761609, 1.8060197991780473, 3.786579036052419, 5.7762849458105805, 9.463677481273585, 5.850675635220708, 12.940374415771668, 5.996965546694269, 2.2125021938617473, 14.440971802185992, 4.591930302855824, 14.534494628783127, 7.627064864633782, 3.499276958689242, 5.837499163154692, 6.125794579518292, 1.7227557648689487, 6.4203950503995415, 3.6183339385033575, 10.76819958563725, 3.810703275461384, 8.562870196745497, 6.1786885103583495, 5.3382756265593985, 5.001278495271171]}]