script/wind100m.json
{"header": {"parameterCategory": 2, "parameterNumber": 3, "lo1": 3.000054539987559, "la1": 64.9999836372058, "dx": 0.5, "dy": 0.25, "nx": 34, "ny": 52, "refTime": "2025-12-30T10:00:00.000Z"}, "data":
[rows 0 to 23 of 52, columns 0 to 33 of 34]
3.072176706407082,1.8257553325566895,1.4400751668030247,1.1772073577985036,0.6168173130018052,0.15463757990401947,-0.45436574196256,-1.8484957891183758,-3.071598398225239,-4.126085488503965,-4.675336469539697,-4.746330478201754,-6.20855957410886,-5.887915593827861,-5.667634940887856,-7.56038757062845,-6.975811020840466,-9.8266759598858,-5.237603641828502,-2.300059060914134,-2.3229725856572747,-1.7822309309399775,-0.5361450763719787,-5.800295055288143,-3.647847421871834,0.733390345684048,-2.8494944099605197,-5.317353147434991,-4.591360257234839,-3.0533098667180725,-6.724224979248856,-5.867247811941329,-6.72388321887706,-5.135283936555427
1.7572526863500144,0.7124705580064995,0.6079690035979558,0.2726246636435301,-0.07261477826109326,-0.9560984826501943,-1.993908705996415,-3.295505638796213,-4.201107845686899,-4.175843861676391,-5.294877562861866,-6.649305844618108,-5.783874014701823,-5.942710791344246,-6.741636518500398,-9.107040276377067,-8.010533782365425,-3.356940366825563,-1.6960959383063494,-4.960777866013182,1.5556163481375718,-2.4684635276800977,-4.413542737393977,-6.19179205324778,-1.118518629439301,-4.5543740810765385,-3.832843332933688,-3.67703880436083,-5.945434020668275,-6.52132847126134,-5.724055295794339,-4.543356950649293,-4.524677575561372,-5.8161673153459565
0.6080261965600581,-0.4230307207472175,-0.28198813332150374,-0.6327647572421554,-1.1804858165492114,-2.279903124630362,-3.4506724191651412,-4.539186897796675,-5.356288669290951,-6.525190143564048,-7.27295967744034,-6.49231912409041,-6.9892446574329306,-5.895738898311599,-7.267808043310966,-7.411742331242676,-4.877032797927655,-5.318821641141559,-2.0436303419109647,-1.4806174194376363,-2.3937177031336514,-0.47533642788100144,1.0184669769086594,-3.989170938809785,-4.820292592561028,-3.814807374184438,-5.2213412999877615,-5.955859494795575,-7.158790902970491,-7.583417029762292,-6.20541483258326,-5.445835083530117,-4.770026713317155,-5.077107129922411
-0.49497085856102263,-1.6761168072257997,-1.4260017805433112,-1.2634449238809686,-2.1867886159791015,-3.4072913910153853,-4.427837610780031,-5.4657307957892485,-6.069449153594114,-7.1439935494149145,-5.695030217413547,-7.12691860981333,-7.765752570401105,-5.144607456677778,-6.41403159487593,-6.42824428269168,-4.928119892640113,-0.7687691370148201,-4.053148675101256,1.4763938464856672,-0.9500371547134976,-2.863289517798171,-3.5961620713545863,-3.1223127981805936,-3.179613378246717,-3.9278608777447754,-6.020652946696521,-5.004374384525142,-7.050698582300485,-5.164587868903258,-4.630876568551371,-5.9455414235434905,-5.972954220983394,-5.794451435979117
-1.4125374542380085,-2.374358772494278,-2.9286351345921235,-2.6945603220152985,-3.107833791230122,-4.291268953325961,-5.190397103514872,-5.892137628741168,-6.205110766246623,-6.607518199753465,-8.258892832496866,-7.077797072736299,-8.046939266227067,-6.40717888725418,-6.436428190589536,-3.087271354528382,-3.371043894876688,3.985016047312878,-1.0331122083238349,-3.8630915012471045,-5.254891572584992,-5.824601427406748,-3.5894880065947325,-5.145065038825346,-5.550036923921138,-5.734011430402954,-6.139835044142361,-5.690202449370087,-6.651079058907691,-3.6174212253257045,-5.277624166687885,-7.341250440647162,-6.708503721088914,-7.057739072496725
-2.6106506337818147,-3.4813989775390617,-1.9406131359963106,-2.6323250286419673,-3.452251712328185,-4.571314687606824,-6.167958280988553,-6.283022839123076,-6.495484051485448,-7.466845780904433,-9.122196272522148,-5.780686688114002,-7.232921106576461,-7.0777074899238,-4.444041740873208,-2.6660528578895644,-0.9280900553444857,2.019399034907214,-2.067725576808955,-3.42247097351393,-3.0616295274571823,-1.4062796926998238,-4.076752286829874,-4.575418709683753,-4.654807692850127,-5.7196418239000915,-4.848521583777353,-4.658799934968828,-2.7730982974892378,-6.7701343935221585,-6.756477337918528,-4.792444874333524,-5.084639283595628,-6.7447183560794395
-3.8506148939308087,-3.993595247466135,-2.277236830632811,-3.4374472596631516,-3.9449425248597154,-5.226564615515332,-6.694091664941992,-6.449302455568076,-6.576408263411492,-5.922256736570005,-6.818549393026869,-4.50516692359975,-0.16083560427496468,-2.407044983966273,-3.3720815028535154,-0.5993056520472151,-1.1191156146214207,0.16739902295644699,-2.8164604475364565,-4.575434307823488,-3.2752359359048646,-2.7092001771823395,-3.8929172385891193,-4.587581053477681,-5.908225527781761,-4.104269084068813,-4.201096603437667,-3.4973048334538674,-2.3326292757948943,-4.0953948487596525,-5.808063686167748,-5.349119535865731,-6.797306835632871,-8.074738982803641
-2.5580048869281953,-3.866303341381159,-2.151254480037306,-3.592270059547255,-4.475474380940287,-5.737474387372669,-6.747454752395221,-6.3825783472794875,-6.996654933958791,-7.743167157096591,-5.135497234442606,-1.645168114633754,-0.2409442373439396,-2.858819379261123,0.3603163087355796,1.7533745148001854,-1.157571600906473,-3.8564252852070577,-5.188115702967218,-3.117909411784442,-5.979458967368151,-3.498054417300955,-3.605946533263359,-4.390343561005167,-3.264921895873972,-3.3863464328576227,-5.835239063838373,-6.227764654783625,-6.396938507532908,-5.9909745176544265,-7.516600425840366,-5.434216055694247,-6.785963716525839,-11.175882771579444
-1.974414721886427,-3.632351062456173,-2.6017598367911554,-3.985280669220935,-5.09795345058024,-6.203869925886183,-6.75670011870182,-6.149255736678172,-6.904961098501031,-2.180934242347754,-1.8932245489508603,2.5257706005883374,1.05681465653475,-1.2300155809597106,-1.2817461620948931,-2.0990553481408387,-3.6328650192884897,-4.75386997573611,-6.754545938791466,-9.801612404059407,-9.7010273454236,-9.055770504733703,-7.0455697484931665,-5.375685035821909,-4.3211484315559945,-5.38217785670637,-4.651252344479044,-2.5748715435213105,-3.9702890687806587,-4.812434371759394,-5.596609664227366,-8.45216442483688,-11.25516937139048,-12.440198134424698
-2.6524777489438707,-3.4116437648450515,-3.4823289729314353,-4.705861061479311,-5.61351747640539,-5.897003892114539,-6.454336549112844,-5.770360713367795,-5.58597179017722,4.093073591412096,0.6642654872580158,-0.3848037212645827,-6.612647755530102,-3.804405432842579,-5.378137152201948,-5.757097146989998,-6.054911746847892,-8.729892379762894,-11.022859191001041,-11.393065280888496,-6.137086797015996,-3.8172513612002037,-3.2336986862201114,-5.424354363561416,-4.0924793414277065,-5.216739652551438,-2.4251007045852364,-6.231281583664646,-6.579988707658684,-7.065321445602376,-7.914139472144674,-10.692279217241857,-13.30322944776806,-13.835861790036443
-3.7264183779222617,-4.216998252098489,-4.39401241137269,-5.258924772681497,-5.76913287461139,-6.189226101028993,-4.400192887504525,1.7806399858770887,-2.1539237575586827,-0.2213535439121889,-4.998647126021376,-5.409007321843801,-4.894650326422437,-8.321333573334059,-12.34642700568558,-9.795843262579641,-7.37630966187178,-6.726706953826256,-13.03516627968073,-8.61022073349064,-7.919526483669337,-4.193403183713068,-7.818475156505234,-4.2571373669607215,-4.142525238588578,-4.540421971167477,-2.671934127893,-8.14735639909814,-6.678838809061993,-7.1358997977596195,-10.800167476208872,-12.653703738045163,-13.485590680187034,-14.516958995609935
-4.88434283453055,-5.085988460987536,-5.316990990440458,-5.695359175407038,-6.137236906645603,-5.297933806093707,-3.782123730184574,-5.818342607145376,-0.2237411604742962,-4.720535537152648,-1.8653582674082105,-10.076259956194455,-15.109746536391258,-9.885701944217212,-12.736865847052561,-8.131826650741537,-10.326368645523585,-13.129723084008509,-8.726254332326478,-7.548458810603796,-6.770076399653065,-6.427529738363662,-4.479454945687417,-5.700742081077172,-4.630925209555066,-5.11156023517039,-7.128563467347465,-7.702560037437577,-7.293655469761732,-7.318812393292356,-12.056816069171854,-13.180855821848409,-14.04301091899384,-15.249649966581769
-5.893296686297215,-5.983774259863108,-6.025523906113991,-6.446494666641955,-6.300766235463278,-2.4714363700609807,-2.152421853314288,-3.15269055647665,-6.131660478913417,-4.833475559299221,-5.625709657665588,-4.409001127752946,-13.600920061618524,-3.959004384379777,-8.98734432697359,-8.054659258478829,-7.04380426783673,-5.6864863967667185,-7.838923557349714,-7.432803762584888,-6.7386504501317965,-4.6153558780539745,-5.963379167901777,-4.469399664092956,-5.04389497596937,-6.20306087589064,-6.202109853692857,-7.93266933524503,-6.212509130992527,-9.735058205296284,-13.112288747168915,-14.303791196494238,-15.210617072762034,-16.250157737670886
-5.989410927478881,-5.663967595093661,-5.9315279972697645,-7.264713474363969,-5.121896677217691,-8.89736269121034,-6.860712454806943,-3.085582013313355,-3.9748267730598315,-5.412842881947588,-10.440738689684247,-5.5157810382293855,-10.553627336646615,-2.838366147472047,-3.869936164018318,-6.509341607720391,-6.6954707954388875,-2.0804861031741675,-8.392462125565704,-5.228742802707593,-3.4803513791758682,-3.510201098310705,-7.151242152235262,-7.178531449185369,-5.415629017508074,-7.832251135640906,-5.598851947934457,-5.530929667964554,-5.1131935912273025,-11.668584869085002,-14.60628463821186,-15.482076390936097,-16.35789021154915,-17.264272436459525
-5.86946390067501,-6.450780240255199,-6.961121360573881,-8.111426798991134,-7.551342087022777,-4.546910421847718,2.194675295946077,-5.336409947540171,-3.082992828524406,0.09326537789366932,-9.810369358206852,-19.091418769312146,-10.020945806135652,-4.05461535166494,-5.900171551080284,-12.575329947334039,-7.176341583327092,-5.5649831520763895,-7.379122658925794,-7.110509302356689,-6.952680108440147,-5.901902155851872,-8.07860037203088,-6.174031977768752,-7.203135364701622,-7.637280331699584,-7.950233652498814,-5.447543751756336,-7.02983461740374,-11.869616895948896,-14.872649848877666,-16.039129068377726,-17.125462181932082,-17.664088011351158
-5.900312540256581,-5.495236807551518,-7.783658637796791,-8.603601850501667,-7.255138016527189,-3.308940152915329,-5.628850579967299,-2.000364289393907,-3.4515370775449954,1.9771974139299695,-6.574379549211017,-5.9907950827418235,-1.2786696882919717,-6.518189542844601,-2.6943692833151167,-4.917895811759217,-9.326219621506983,-3.0871082026197967,-5.8516062970620535,-5.206392064005915,-6.779627069619063,-5.619312254013504,-5.944701281756585,-7.136977980753942,-7.618012580215543,-7.994794472670712,-5.578906374534154,-5.452186763558814,-7.411179767000244,-13.799943113701653,-16.18737241436074,-17.18193040562212,-18.09950946571786,-18.1371303351297
-6.791633569755869,-6.449637855872244,-8.003946436601492,-9.129357648580314,-4.1202923549255805,-2.587963677252159,-7.809147232666188,-5.438456074466256,-2.2594100554671073,-3.706265654551783,-8.791170281111917,-16.527096582483956,-4.288611944517794,-2.4253132716886587,-0.3636811443252673,-3.8923446578700105,-3.7208254745155966,-3.3940962188524546,-4.875892567087685,-3.2838588023445308,-4.826711495335719,-7.313561136083879,-5.094895305576446,-5.804852162755727,-7.194744906335366,-7.769571967082934,-8.715022131523371,-8.238554307122918,-7.448198447764785,-14.514499248092593,-17.105543501880863,-18.39565029774334,-18.726621555860437,-18.501708585823852
-7.180183796051586,-8.079350902447642,-8.199793033230296,-9.354266398320416,-3.7644157013278807,-1.475581590132771,-3.8901844014664766,-4.72323298018725,-6.422798214209721,-9.214130171623777,-4.432335983567605,-10.674194700162248,-3.1795104668652656,-4.278394423844928,-6.597789324156589,-4.3054679416320045,-1.8059465488696425,-0.22178667436939534,-3.8723621107048367,-1.9417308573017473,-4.172971015840459,-5.631835657478361,-4.8198142968282855,-7.328092615642889,-7.447103439292277,-7.7318522675417,-6.965698764293101,-8.52474682010755,-8.183555807972398,-14.127157011642488,-17.36662849091565,-18.743589401990032,-18.975528146106246,-18.6135048697359
-7.1675964606905875,-6.852817158191033,-8.982706309680381,-10.112422083413131,-2.92425713821829,-0.4423716102923058,-7.815531263176766,-2.0474207068603496,-6.979402085257522,-8.981083307980956,3.1290917848168296,-6.24711429753001,-2.7702657973182636,-3.0255868269334467,-3.850622773389259,-5.581856669641895,-5.4513396023393605,-5.532771095213163,-5.925002985071167,-5.39534341441453,-6.283568439704738,-6.920322873614012,-6.957282603655793,-6.701628844329969,-2.5341726141601555,-7.595999579235457,-8.087993385527712,-7.534650852816885,-7.891840334507976,-8.586035311013362,-13.803375130044294,-18.82042819886276,-18.993312922979765,-20.017092445912173
-8.568395718826226,-9.255953104824357,-10.254934106618238,-10.026667069783375,-3.820006777494355,-3.555163185793291,-3.3354967085602873,-9.146830739643647,-7.463831254461387,-5.618601544119219,-6.277647419622226,-9.200087769088407,-4.0284676243531585,-12.459859944884274,-5.604470432109774,-5.671809488234283,-6.365709274231834,-4.927622977484374,-5.800549302008064,-5.522475725365277,-4.796002592357463,-4.721880025501434,-8.207622747526337,-6.339728045356814,-4.492776094021138,-7.81712269763192,-8.146259454050075,-7.909653591899263,-8.107023544899759,-8.800577705256282,-11.585051377312732,-13.58958907990233,-19.406647056839017,-17.29810503817131
-7.958230476869276,-8.57391100847026,-9.884231197180958,-10.222673297155318,-5.13304437546972,-5.025681685915839,-7.503008176811879,-2.65684131314609,-14.495421034248535,-6.273920255504887,-4.724275921984833,-5.166675743683562,-5.004920188640841,-5.986942308602656,-2.7598887682039246,-5.718149715567472,-6.30079688879199,-3.507429601562384,-5.2441921840007195,-5.095330729332401,-5.132276105527777,-6.014589058019238,-5.291886255456856,-5.795749669159998,-8.076573086191067,-8.917085490635598,-8.589185846867366,-7.434791807926843,-8.778590116039366,-10.259059677811496,-12.565707807023095,-12.452972895706957,-21.344461529229125,-18.40288547781157
-9.991035732295092,-9.232396823968195,-9.836487962384451,-11.151909441996729,-7.548576813152705,-3.624628197368128,-3.0848667126309453,-1.4346032766202028,-7.744261335515593,-2.719642473298754,-12.203218910598153,-12.814628090049476,-5.5930204487600035,-7.8647895112679675,-0.19629148901497326,-4.662046335296778,-3.841768079944773,-4.00121062024874,-6.068375577533192,-5.337641815192859,-5.2925395591224245,-5.667236612212868,-6.675384134753873,-7.1141780538686,-8.102666143539029,-8.46538550647617,-8.728362271560005,-9.259394909607787,-10.433239991437244,-10.379918270031467,-11.317320452148495,-12.204566131553634,-16.967374727750325,-21.40987419498712
-10.131775121400587,-10.544341244416598,-11.046463358622052,-11.183327303709383,-9.18935059119838,-2.2403692236314288,-2.69663957704708,-4.9819348024149,-7.392226305847349,-8.235435276736755,-1.6664847224080281,-7.097527375245683,-9.874537512866956,-3.556859713630448,-6.61825533656039,-4.837762036574483,-6.8967013530295205,-5.962307484967517,-6.389135456906134,-7.402551127715859,-5.992376866817437,-6.220413510665372,-6.147929648014675,-6.2695335446804785,-8.10035220397268,-8.313697889894678,-8.997427477845578,-9.888905362255707,-9.282131486521413,-10.177408609510628,-10.31783946483048,-13.750094208915836,-16.39311777884154,-21.71937916443304
-10.19889117049392,-10.006047197737551,-10.770057456114236,-10.1675724107673,-10.595633989053784,-3.110928490496579,-6.247651148343714,-7.467571029177538,-6.342364646823314,-6.641684096804684,-4.49280156645084,-3.140302610420556,-3.342945115554197,-4.054718761498141,-5.285246305043881,-6.871477092194549,-7.0924336034370175,-6.226197345608079,-6.086897637885421,-5.616577203527081,-7.0068417023256995,-6.591668247742301,-6.696760074826547,-6.8237270787023805,-7.969963946176887,-8.126027937366581,-7.772057034476352,-8.605033868324623,-7.992795015392986,-10.752586179939325,-10.251168570897073,-11.762454465989748,-16.560863049063578,-22.31745690911875
