script/wind10m.json
{"header": {"parameterCategory": 2, "parameterNumber": 2, "lo1": 6.000027932988019, "la1": 58.9999434238085, "dx": 0.5, "dy": 0.25, "nx": 22, "ny": 24, "refTime": "2024-08-18T06:00:00.000Z"}, "data":
[rows 0 to 23 of 24, columns 0 to 21 of 22]
-1.0996875631399257,-0.5066948655567499,4.546871600065114,-0.7047609730450256,0.14130916136832522,-0.49923636939484695,0.7001720247119764,0.7431226998719602,2.788735349857108,3.280941586395794,3.392173594952031,0.8613566231663655,0.4412644395036423,0.7786420998427984,4.636819169496616,4.523308520222807,0.29793754921323307,0.9207507926437948,1.0248716149522272,0.45494133012435045,1.0523367631724263,1.2693547532735707
1.2982343289758933,2.082616113582403,1.9326960215125373,-0.7292269868554436,1.6516597995392834,0.5651185708439577,0.6699739396265227,4.742317273441074,4.47197149735055,5.306243879079688,5.407851701761117,1.2848711243638868,0.8013764570857986,0.9683117359811904,4.789955125974689,5.396042242965172,-0.14445702489124035,0.8776401012898412,1.6155745053227337,0.540637697223951,0.9065327802326754,1.2565019279978349
0.9859505562793309,0.02201327978545748,-0.14583028621892136,-0.022762048888761936,0.8931957177440508,1.17929862691913,3.4819895144272137,5.380301239016967,4.972931340771883,5.272989771170532,3.90945633769236,0.8579632989713001,0.5901601169754349,3.985908415243707,0.4563488858871491,0.8706000303365143,0.32761150833904107,2.428081340635119,0.7817987319149483,0.8431854333199917,0.6427337945424921,1.1783212240914303
3.6100045044935696,2.532578640022096,0.6627187102032949,-0.547502102751054,-0.5928679014916576,1.6441602190818476,5.348050352567312,4.801135362881576,4.203243395881863,4.375128870417131,4.913860724831297,2.2011902390733353,0.36092610321050855,0.213777676341688,0.8939204967529347,0.7604493170235049,0.4759862157493558,4.651339629367542,0.35310825663847734,0.20011140062251187,0.23863444421231073,0.6502691395421075
3.4784191411753027,4.641184316724799,3.9132328768194293,2.6689858008733913,5.985508796833296,5.278343263397919,4.935117410803302,4.5788253100044605,4.294006455561305,3.418280529209912,4.766915214753441,3.5954832203350997,-0.15854739335343346,-0.13576442739179279,0.13363685171714418,0.6126241801895632,0.3935630903613861,0.0828179210599107,0.6302494087523809,0.5801386562934221,0.9930030198248541,0.284970900159262
4.121839481269813,4.396707837826444,5.5540465481838535,4.987859236694517,5.062642971950994,4.537285255477067,4.317198180327531,3.5530094255676743,1.3626328224624868,0.9810772775191267,2.7562634791819183,2.682136459175205,-0.3156852274054442,-0.4449209824195461,0.4149469631640682,0.171296637654001,0.42904408389106985,0.6545765534162751,0.43673374842899315,1.0171129671814827,0.9701759767222734,0.744717534302741
3.9361344956554523,4.831505944070707,5.206720390148903,4.845131288284616,4.521196646118119,4.166307045948466,3.153751917617794,0.13956672577575246,-0.3199378937736006,1.2459142233696792,0.7887962509324001,1.57138803805339,-0.8511174909880276,-1.3332117113678188,-0.47956439972886855,-0.2844044534929451,0.3276834056204449,0.7012835988718104,0.44393282604651907,0.16101302840387996,0.9508009935835626,0.8112093344150985
4.450217095778194,5.054089359761636,4.870862008015868,4.750169593441963,4.356165732750903,2.124492397175547,0.38389908181781063,-0.990333888519004,-0.8338056165706538,1.3641855023498717,1.0758589334488389,1.8046325499552167,3.6362643248180273,-0.6872734129813112,-0.2690758420797414,-0.06850745608499949,-0.15077552643597722,-0.06520138919000688,-0.16879674059671182,0.5440769003070642,0.8011094777335497,0.39970498887811684
3.6450680445602823,5.158711798859277,4.9472152164362475,4.912563906020334,4.2015618612750565,-0.3379712133274372,0.7481831856286991,0.298021541372143,0.3975398505031798,2.861505627317636,3.306040661339241,3.497551047332037,2.5779036768709966,-0.8034856971425256,-0.5230116209215268,-0.1223875492960928,-0.1439016524104199,-0.239540206914806,-0.44220532381278066,0.2854587428676029,0.780073240039779,-0.4922999795180633
5.6776150189699885,5.026312171090295,5.32605592962961,5.816056647058753,4.486255815179006,-0.1838858419319882,0.38269281133202193,0.12594883596555723,0.13062637669170613,2.209733805472631,3.186040130979775,1.131462804737323,0.6193207733668605,0.6881979082192846,-0.9856953332681667,0.2806058641420721,-0.4759469011838684,-0.5319714746475518,-0.5340408647131405,0.031198780422999745,0.1278869941903906,-1.294317729166037
5.508090033431664,4.957703122762647,5.482629608711858,6.147329589447062,4.800154770778808,-0.012237963470555455,-0.14003778086456878,-0.38993432909748926,-0.209197612071772,0.5534277277778676,2.983457388606872,0.17198866308170868,-0.8578614214995448,-1.3612952710118427,-1.6156793835826246,-0.7758737460445372,-0.8409954882733883,-0.5478735389849765,-0.8920670923638646,-0.17663447087628903,-0.633730443410839,-1.663074033818064
5.758592238313483,5.3775599686070805,5.728891285445049,6.1770493877594035,5.200845915096569,0.10385225932384781,0.03756192921224772,-0.5601111259873132,-0.05914441176418173,0.33014463516041787,2.3654045562711805,-0.20586509527991811,-0.11656203658181265,-0.9771963382749377,-1.2630680448284135,-0.675180302631438,-0.4396021211029861,0.22892444507870413,-0.5579037396248884,-0.7903728090029992,-0.27323183362206616,-3.653238970661761
5.608691907194921,5.637039285706897,5.664776329611579,5.814834730137543,5.483239465836401,-0.1619604251233719,-0.25739409703535643,-0.598727222306696,-0.9580950485222262,1.7565545106420795,1.8911868997925125,0.5734821068916043,-0.9855322500688968,-0.4886253632035061,-1.5774006458365444,-1.5721714984903044,-0.27580540719471225,-2.857532337055674,-2.564543851010762,-3.687687679496794,-4.598489935544663,-3.813735973417282
5.171626304514446,5.19381897600812,5.498216177321529,5.39617898042109,6.60850196861953,-0.8092755574390212,-0.29853730031282244,-0.32287405017030135,0.6841903776151437,0.7407904820650186,-0.8286691848012833,-0.6109885606519454,-1.2899569058614984,-1.2707929996669773,-1.4582421636406535,-2.232869059027158,-0.7343588522373369,-3.9259021353468664,-5.145528687503831,-5.416572691836124,-4.972232346795524,-4.250245254983066
5.090626959595088,4.955773720653612,5.362712278855624,5.2622141973541305,5.991539234778606,-0.9249072007297559,-0.9813917018145076,-0.4333567046322051,-1.077585106859053,-0.24158135784124019,-1.696218497121158,-1.053644200045878,0.2487968122180286,-3.3857572157668328,-1.8389259276662318,-2.2087955379047464,-2.0483062880193366,-5.3963577041264434,-5.349300692501054,-4.929434599870912,-2.5170973783559525,-3.2340590824395394
4.638122590940821,4.366118527756303,4.292045181180462,4.473217547774925,2.779818413035769,-0.2990122858652479,-1.119239898796718,-0.3122673181737568,-1.5922785823816448,-1.5201994622672599,-1.936429364059843,-1.5267981249225404,0.11675897610917307,-3.682325672304416,-4.575114649348556,-5.159399188482967,-4.855578522630306,-4.974323194834554,-3.4134465637482903,-2.5335355229666914,-2.4757610456222245,-3.43195316537066
3.8968510169752197,4.167341907662305,4.020756906950392,2.702663345962601,1.4958557020303207,-1.1913984585971609,-1.6494064435936753,-0.8593608106324602,0.68065301226718,-1.547386267578763,-1.8825524272108722,-0.8100574339714369,-1.8464911628874339,-2.6931375015287218,-4.141355386801039,-4.703251854242747,-4.62149741246844,-3.8071160866639073,-1.1509843944250242,-3.20262101545105,-3.743082684206225,-4.677530721714372
3.419951540997461,3.9319787544128992,5.17857697784216,1.96638455711285,1.6724378185433628,-1.1390877290765802,-0.45694896238724686,-1.0838137086792978,0.37908371499877186,-2.509866397593991,-1.851252581997951,-1.2583279846294975,-2.2069385416915535,-4.159062216031147,-3.889384052427701,-3.976241375597064,-4.150845737192531,-3.9500132727095076,-4.322864374173665,-4.373520872449209,-3.8950424399597945,-4.478606086374593
2.983230768808088,3.57510305488987,2.186460525139949,0.9664580628408086,1.2115333460502637,0.9258523367330324,-0.39232330979047414,0.2634565088916846,-0.091952014873188,-1.2313699333154886,-1.1319717551704926,-2.7646661214932067,-3.657685922787858,-3.9384194838255064,-3.7505025249667763,-1.2651831088910968,-4.021154822164274,-3.707931758259303,-5.646271709715995,-5.048478652269299,-5.417054907018788,-2.520088088691332
3.180761472291187,3.912155065247296,2.145456822856059,0.6886884130171915,0.38292840187296634,0.6044685957874562,0.286170100252894,-0.850288642636416,0.2559158971854099,-0.8420213779176622,0.307448086919451,-3.3217559468803595,-4.854950974344235,-2.010006407355547,-1.4487457425068229,-3.7823238386487956,-4.232983588722771,-5.673243844570926,-5.924031337552994,-5.249720091476445,-4.073746542960553,-1.5990224181087636
3.356271968516362,2.069100713334473,0.14582561163896715,0.32443798123183504,0.05250255027389305,0.27311850963421525,4.470412463241371e-05,-1.2919325360087448,-0.7791901321032265,-1.9699417224747247,-1.8928859133182994,-1.6677495438876924,-1.6138666068137488,-1.792684898987791,-1.420084584623657,-1.5829998103684262,-3.4078627623004047,-5.734040988369626,-2.152019877223663,-2.6267210189713777,-1.5771516694114749,-1.6885673827438068
0.697022138378211,-0.4445511128814851,-1.1223445786293031,-0.3825979076134873,0.25515057327041973,-0.8397453589032584,0.10310259519396114,-0.4955777372476837,-1.0136085454604555,-0.5722774315669286,-0.5156532658419073,-1.140767749487163,0.2367233242167766,-1.647698978637559,-0.7133375677344787,-0.4455633822538354,-3.6627711111900987,-5.0053301247978785,-2.4219282224663305,-2.193936792679273,-1.8187322488315225,-2.278534335949536
-0.9284324536477354,-2.4927237298311207,-2.222255573095152,-0.7142975878565901,0.8674251734545348,-0.8125736441633373,0.27804382174091336,-0.569867715006611,-1.0039965205852837,-0.6392803386095813,-1.0181907936005528,-0.6071832368449397,-1.0157775418741402,-1.2101494583582015,-1.8113420740109287,-1.1334868205860085,-1.5991918870695765,-1.5056698576728191,-1.6416777123111281,-1.0222502410786156,-1.6262392827418541,-1.8339840362861881
-0.8784525830276153,-0.8753484447745026,-1.333046048367954,-0.6586260064461195,-0.20174529718518014,0.33538875543364477,0.3434531894186852,-0.5800252588758679,0.31332212260339526,-0.7084027688802594,-0.6556248219828359,-0.4635389654147744,-1.459557376144109,-1.152156768316306,-1.2388830942027593,-1.7033964040529914,-2.326606220841272,-2.1045069895414894,-1.2933197591532102,0.39980430952038143,-1.6012418280782015,-3.2356292255564734
