script/wind100m.json
{"header": {"parameterCategory": 2, "parameterNumber": 3, "lo1": 3.000054539987559, "la1": 64.9999836372058, "dx": 0.5, "dy": 0.25, "nx": 34, "ny": 52, "refTime": "2026-06-23T13:00:00.000Z"}, "data":
[rows 24 to 47 of 52, columns 0 to 33 of 34]
11.516732239915477,11.317684605643487,11.130770331235663,11.61007294564055,10.761772454951068,8.200238892373592,3.547369969489059,4.735455704275301,2.663522588385864,0.5029107636355762,1.068169343010451,-1.2739155832924265,1.1974059355399451,6.442692333714144,5.635187485255134,9.187231573149061,7.767175008913443,4.005838057174766,2.3657531573604684,1.9991172377013644,8.085128034553136,5.386395176906029,0.38830986266049755,-0.1527959216461746,0.5044539248353686,0.8305170672096238,3.3971863746511226,2.3199949924074534,6.421864230346776,7.168566238120972,6.95904475026551,10.934410984278077,9.644811604956752,7.846082620279462
12.174343737360578,11.87973397230982,12.054111892162728,11.113576764910041,10.22313470135419,8.21093459244682,6.544695968109858,1.6137671414131893,1.8353964486650673,0.8679502562744384,-0.432743621103624,1.9852845926770142,4.10613572738202,9.590350730759486,6.787649415010779,8.30585685721549,7.633263573079223,3.7442892922945714,2.571644987837865,1.8247822806443237,5.126589911508519,-0.23336383606956113,-0.7292432682215461,-1.5949500966803005,1.1412936812923042,1.6249455424946135,1.0013402750179492,1.8200487422166756,9.006616175153317,7.920870540256148,8.519835543652652,10.24843459017252,9.434739732347357,7.669900709928817
11.977224174454339,12.79984822861115,11.33444665559914,10.420729794441824,9.608598223183817,6.66166939363704,2.4769028000402447,0.10626701146894033,0.5694357230232973,0.8972065151175153,0.41562794924042135,-0.5276317834568338,4.562573434733072,8.708524405883052,5.704583645785611,7.002677600798708,7.004867012552823,3.928489198999383,1.836664019752359,4.010100638205722,0.4677826190905699,1.2525714711772413,-0.5808347556995669,3.369740642950368,-1.622485660954463,-0.8395626592000146,-0.861783673078142,3.820155964305432,12.649917500455183,11.181778110590807,6.79423316364444,9.096085335104824,9.795101781532226,7.256083213135088
11.974361362872186,11.64804093006412,10.973340942696854,10.773927458685002,9.426519656657637,7.4259239045221745,3.336805133787389,-0.037515924408982416,-1.4599223063982127,-0.1582370601798997,0.1987592559737171,6.013081287173687,6.274202835311741,4.987427436818849,4.1140453403149335,4.869175329844897,5.867137517012736,3.0588965679919102,2.167750740687919,1.3067696644497129,1.296262207969747,0.0040582590092784,0.27062831865228576,1.4647207931915616,0.013939949521730664,-4.120605795667593,0.41946720320940867,4.702978461857308,12.031248995268172,10.216300295419748,4.4379803178064545,2.5077317310322953,8.688980682363216,7.314824385631936
11.83805208818411,11.487157716035737,11.579774493574895,9.9343535900022,10.175708374356477,7.811813376563431,5.487400028464922,1.658049497001636,-2.2863560239641485,-0.8705034498490214,0.9196761279692536,1.694111665369842,1.7161193552296918,2.3164854424681804,3.192939154641949,2.5784116837902107,5.577590441256476,3.605746866646233,1.1074048089337643,0.07059821312420325,0.17313296453131546,0.03229723879483545,0.942526757747392,0.2073732594255466,-0.7085874907070348,0.6076494781086014,3.200676330186283,7.551198951466346,12.063936815909814,10.820247411292817,3.4212329147758154,1.2563175620824836,8.592065143075928,8.982453669406528
11.913971727426409,11.62411212110358,10.818897922259254,10.146843931046496,9.638316468390716,7.819894258425035,5.660290970476621,2.9630154729454077,0.08939132752736251,-1.5959372876443598,-1.983150173461342,-1.9992119077133002,-1.423464153047538,-0.20534342023726534,0.6410955359723078,1.022960325900658,3.940107202525182,3.9964534328462706,1.4250031718995855,0.6663856154674771,-0.008398555176154962,0.7281216658873187,-0.15996793951851906,1.5812469038067853,0.9879226347033349,2.109459897287555,3.916704204982788,6.589977793499217,10.069890146817102,9.721903725920464,9.353571446181622,-1.5482699871827255,8.651731448672551,6.840767735294876
11.641734717822677,11.006803327535177,10.586118203587958,10.166833730472874,8.863126090700158,7.19290732815721,5.555199427337136,3.026304950047761,1.3063529349223775,-0.3855670567225223,-1.684994019910793,-1.9767764760569373,-2.1173307108052333,-1.36478391366528,-1.1862704780838875,-4.087150371146484,2.108076284859074,3.8373121580421925,0.800580589844213,0.1854215277072247,-0.8010837277806313,-0.1783051434974646,0.7442320888806783,1.1557981514294358,1.2565720348336775,2.549095831266735,3.119158860275644,5.783217556570585,8.584871019790794,7.5427214377042375,10.350586068494026,5.868533924850146,7.288396412954471,5.683233867249177
11.617508331270587,11.013655428813744,10.032426402628051,9.591425381466209,8.842166915925901,7.645289919333068,5.0137506406507795,2.341137685918528,1.2127910846046683,-0.6912874024422768,-1.6366864389112399,-2.0423979048596537,-4.13856672112774,-1.2760633554395049,-3.1671151048497657,-1.330344167989436,3.36954901874026,3.609520678828762,1.9665847072172993,1.0319626853261694,0.21165154469499964,0.11285495404165026,0.17792487439985608,0.3567298319570997,1.923488415125806,1.9582354413649314,1.8423399094561776,5.0724888061025215,5.843021259560018,7.224613339855323,9.357999929908207,5.575836491175841,5.509273149336325,4.579790049443652
11.142398745655397,10.328864179053138,9.694562832300278,9.375312890932193,8.635489611061534,6.846907481227724,5.278031568476907,3.1550289748734155,1.3949374632336555,-0.8967084796470806,-1.6100573891148455,-1.9994012039554312,-2.8321662895562145,-3.7904800247794315,-4.018723121220321,3.0567123291288194,3.9664918821502644,2.4562072661661145,1.056301031811188,0.2320768395457863,0.8547595128315979,-0.40260634056105865,-0.12346340475583836,0.1123610057819521,0.4363678729183278,1.0207180364434554,0.9036532460463745,3.8028362705317313,7.9261021799086135,8.272532774934486,7.426877595487005,6.208954631902394,4.885997647777002,4.121106120248669
10.398705818439216,9.554310021880575,8.87927178659083,7.818721599520554,6.978269776593348,6.324781161193617,4.79091486983628,3.5530768085041537,2.435684998895068,0.028673486790624574,-2.1249197968481033,-2.8848118379673746,-3.50444347509393,-4.072900092570796,-4.651457590784124,0.6747487470459557,2.573470712047397,2.8641819985602024,1.103831716273623,0.27241891635212706,0.9269678635300114,0.3757778248989681,-0.867616624621379,0.3068862761333118,0.4994508143905575,0.3728390237018257,3.1885754477594515,4.5661909214591985,8.876997095385349,8.422003242416107,7.683418550997677,6.562442242581843,4.260729948128292,3.1082209388370745
10.091774808720121,9.001158567652276,8.359562950405302,7.368612726184382,6.9779820459683215,5.900100343503525,4.778114176424441,3.1180495876579566,1.6421919586027252,-0.43485003563058633,-1.2847682223012515,-3.2715937631701166,-3.613013523325493,-4.594512306106999,-5.017373438629657,-2.7422584863823762,4.4431684226679184,2.9359580800687723,1.0533731666433048,0.055685658267267304,-2.0783035211465775,-0.5761732970272935,-1.0823973601564942,-0.9582438265095258,-1.7080191924261734,1.7232153144686784,6.669096994059829,6.47586925742153,9.056648078119451,6.633857072177095,7.107714245992511,6.2710373286226755,4.312752249516439,1.8398204977044912
9.619531557177257,8.703043618187314,7.748783964015318,7.142516786269892,6.416922926191544,5.601308151427641,4.180098296330101,2.8770959631547006,0.8967145740880519,-0.31317292089295296,-1.7723999804192125,-2.747349267071136,-5.204874696801562,-4.445747238292897,-4.857806276380761,-2.1209533539209495,4.874739624453317,2.503370348645005,0.5664922561373358,-0.6109465536846711,-1.2874762489794302,-0.657484540784824,-0.7841412473698056,-0.3775661899393242,5.789007748751519,5.532063697377417,7.441018252134007,6.649363037997018,7.356483583736384,6.715589021309279,5.430581885985137,6.360666501076553,4.321043199732107,1.7690388798270467
8.755615948217232,7.952492920483283,7.576948390084625,6.740420584101231,6.325158420222881,5.262064153440619,3.5779936206371428,2.3045819510870933,1.326394279216118,-0.3902051060923856,-2.3470790475899825,-3.6434978474926907,-3.673005945300915,-4.176951591262356,-4.259742048463221,-0.19850569053845446,5.2424417282250815,0.8495033073737578,-1.7643073090464696,-2.4141856654251703,-1.9393429807394733,-1.0095218068868144,-0.7352796178461263,3.5823000474147166,4.656311130056721,5.112759170144989,4.9493872469809235,4.25250874858455,6.106801369374388,6.235606328399555,4.649150789390358,4.210693768767465,3.686030232320912,1.8752536659135097
8.427421311686299,7.736017762485953,6.955229140029669,6.3376945884985085,5.6172038166262945,4.8395153278527765,3.6551217169401964,1.9425998981476256,0.5956883692844678,-0.7410888515968319,-2.543988495507408,-3.7816840774116876,-3.4419309364461266,-4.053728358646723,-4.044364795871381,1.961290731291213,1.5126887448724424,-2.654754141440848,-2.8009056783526414,-1.5651012017420265,-2.4610964159423925,-1.4499522529266842,-0.8213872583651349,1.741085851387228,5.251480095930652,5.380754670591602,4.127661542245665,2.8614371956650353,4.600292015087257,5.047444370733789,3.3981938271171006,1.8867380598799302,2.5676608064682243,0.7471863558976927
8.547164606114002,7.332666488706323,6.778971733654654,6.090407498520904,5.026121394071259,3.814805768177813,2.828132036283659,1.4952786711469541,-0.11940634231546128,-1.484094869025308,-3.000710633779406,-3.9163509972244075,-2.7221431371763978,-3.333195077706149,-2.7560505490211966,-2.5209291995467717,-2.5767133284102153,-1.008912024765885,-0.47547568742870555,1.3545289029102507,-0.16037166060190983,-2.6999980399030936,2.3758440599014548,5.748185255514902,4.984821165847201,3.126975999960464,2.21048090311889,2.71460664819986,3.067383468056922,3.4027552258006035,1.3974179562427733,-0.2381498975323569,0.4759918235428443,-0.01783053570578943
7.835876035714913,6.7263409235486655,6.114015911745744,5.6072063499719045,4.632484933524008,3.08838617470906,2.1574073414295962,1.5430642263082277,-0.21687818973054215,-1.6051179239011146,-2.703534265300082,-1.9312766090246074,-1.6734538119399622,-2.7374607230154404,-2.383356960824447,-3.0332896128574522,0.6371437425287904,-2.993175755745991,-1.6486873237759774,1.7416347175999793,-0.7070998148883257,0.3358604014359097,2.0875061919975972,3.029892584172945,0.44637043672011245,2.612606959271074,1.527629461426511,4.12281744934031,2.5378527692935635,1.7353589538246166,-0.0806082890164508,-1.9256380060985954,-1.1751752101537647,-1.312996608766099
7.258247678472763,5.929760451260677,5.520903814867594,5.283410514681527,4.542949433473044,3.171242665461393,1.9436305568642778,1.8243428800895785,-0.336966214184773,-2.798318975419549,-2.773922343418422,-2.672085061364301,-2.0295672842219505,-2.076303864534406,-1.1713192758254125,-0.4434176307620291,1.7051116575677179,-0.7282307599088785,-0.48667900419301807,0.8840715932552887,3.02655984575931,0.22265644881682697,-0.5170925357787045,1.0318070079891035,1.4610461416692153,2.3382338684491795,0.9687225333645777,1.9839926395292276,2.4713605195651502,-0.1328252106348661,-1.5223588768838447,-3.428962135775523,-2.9410958605603716,-2.919256849961768
6.717335921312977,6.0450217067116485,5.330998925295161,4.8488339280864095,4.161469808892467,3.2799058042079854,1.8379502587897134,0.5137710590599865,0.13649868803277018,-2.199746528195889,-3.664471299562455,-2.485938070863459,-2.096920490292809,-2.165289115294157,-0.7036419651474418,-2.428283364961916,1.0733670980051342,-2.568263275002027,-3.9881098926120333,3.2572216811981067,2.4137528891642246,0.023000524176898726,-2.3207034231525316,-1.0264276492064892,0.25074838224771223,0.32797373688955367,0.6137816082454447,0.4107332719010243,1.103595525137765,-1.990495181529728,-3.336544177764544,-5.560081299017135,-3.5690030734098146,-4.887766811809294
6.502731691675144,5.634165143220333,4.679219565882899,3.720289459290606,3.208704317818015,2.9192878524523724,2.013162906514993,-0.13789559365213933,-1.1718001964158906,-1.8140321386302358,-3.757658788620681,-3.0381098843955012,-1.8018256038735168,-2.483494075906157,-1.5801038006020633,-2.320382067164417,-0.94110220088759,-1.7187569804574983,1.1178607887487324,1.4926451493330386,-1.5828780581975173,-3.7633070222552574,-1.724179678075069,0.49314885737913455,-0.0638493955329175,-0.1412615527613478,0.5972600329905298,-0.4347240763803135,-1.3996985354275369,0.21084392740573793,-3.3525019729518606,-3.0910967287954976,-3.534078627103435,-5.60613341678592
5.883425059042599,5.1447116876587735,4.440047362894494,3.3488050724705976,2.6766966557959035,2.234050212425141,1.3066467990836936,0.06484761455457431,-1.5964362958613127,-2.734225390334733,-2.9008181677099554,-5.153300714392045,-2.2130951599770166,-2.19372443253,-1.8921841562489052,-4.061932070594832,-4.927533652989745,-0.7700489164416718,-0.1806530172746857,-1.8369534294541052,-1.4368341547462433,0.18270130895064082,-2.1004209406914716,-0.7522322925774723,-0.43570424063459395,-0.21139762158502798,-1.461413509391052,-1.7647690616698593,-1.4634043124817389,0.046609633608221575,-0.8384954939143937,-0.5278432708179513,-4.858348172755603,-4.2601474947116715
5.940911267522231,4.796007466576354,3.836540478484985,3.1127179646600207,2.118005268708438,1.2781275523190185,0.6537202502642274,-0.38767322413798616,-0.9621525436186485,-2.969008139728902,-4.108713372395489,-4.763048315931718,-3.0300740496049436,-2.3401963104930874,-1.7632824239432128,-2.57185489174845,-3.230027999363792,-4.167956879247002,-3.4481703624469144,-3.002497413907604,-2.0459509297384346,-3.051029311668633,-2.1312492506159573,-0.9768210724770479,-3.0386197917892597,-4.027132958680843,-4.166267469969047,-2.8335175815768143,-1.928694571131726,-0.30830332270970273,0.22689846163257674,-0.2505994008407553,-1.8415434425508757,-2.2490494615645216
6.091103058165384,5.206627185009234,3.6278319894069884,2.163875059292105,1.1913958697841767,0.42251437203898673,-0.5073788882099554,-1.7904313996490282,-2.0740329793746253,-2.049124409896335,-3.074395419182102,-4.412014934836038,-3.6515139343580394,-2.2582449542025493,-3.3014898717890815,-2.5537967999136315,-0.7555391243311863,-2.435555721545106,-2.9236803749702927,-2.1366110862917442,-0.4289731277879351,-1.397682847774364,-2.121288152152512,-1.3988924715105289,-3.7015780838148657,-2.8903732536018714,-1.266020961622753,-2.4990687764094752,-1.6194201064210851,-1.2603781535731144,-1.5265986250769508,-0.6272042413476385,-1.6964692526395866,-3.267073757520199
6.295042094951905,4.895921923135514,3.2439435624709634,1.3191998703431158,-0.7744776706327147,-1.291093163996073,-3.3083268442859164,-2.803446210591098,-5.730128591274636,-2.0377834664109002,-2.591810973015544,-3.6928560286905268,-1.8653722246363538,-2.835259059340277,-2.4307660693728583,-1.1605679693489446,-3.323041224357226,-1.7467479533827361,-2.3379543794415194,-1.2094113076708806,-1.8107823675193269,-2.0690861131381917,-1.9661701280337003,-1.7856335325980601,-0.9266286826506273,-0.5432446160071175,-2.584953527791721,-0.8783104536988585,-1.6412882254530738,-0.2777016495872556,1.140622815605848,-1.2632307471397968,-1.9413549704412967,-3.567187218734464
5.943150409323158,4.375700912798376,2.8137363509286386,1.709028717961972,-0.7610720808126064,-3.6079033251352164,-1.1876424603055546,-1.4496106049840471,-0.4442825099006826,-1.0041507478952507,-3.001414039731986,-3.0254236779489743,-2.5870854044308573,-1.9530990491777698,-1.7560187987291838,-2.281355960505691,-1.0452301076209811,-1.533204326337255,-1.1347481150552297,-2.0185804265732545,-1.3749796636358083,-2.3949244339540874,-1.3819618725067007,-2.2160132936342705,-1.5034030602086745,-1.2576213063088464,-0.16691506058843453,-2.516910503024215,-2.958084132862278,-0.44777724204459224,-0.07970233683075655,-1.4191785782602693,-0.03390827162804987,-0.425395087875865
