script/wind10m.json
{"header": {"parameterCategory": 2, "parameterNumber": 3, "lo1": 6.000027932988019, "la1": 58.9999434238085, "dx": 0.5, "dy": 0.25, "nx": 22, "ny": 24, "refTime": "2024-07-30T21:00:00.000Z"}, "data":
[rows 0 to 23 of 24, columns 0 to 21 of 22]
-1.7469302940470672,-3.304424965481203,-2.520302917120756,-0.2468620849768795,0.09400358596501188,-0.7356347123127867,0.5111772056412848,0.9288416936412823,2.3327304146261945,6.345078129506162,5.513089374604987,1.6864961079852367,1.49601065240729,1.2866854643510457,4.041747418919147,3.9334468886763947,2.4382762227729042,0.8154809465628806,0.9644807168699352,0.6384092228076985,0.5566607960520775,0.7498047143924503
-3.0793410413336484,-2.1878645322655186,-0.7832381375183447,0.05240298477590708,0.18619934520627793,0.4118120426271133,0.3821965471752734,6.236123984506776,5.899567978823743,6.404614750052968,5.896466731896435,1.8153122052107558,1.828508604501287,1.8483785683755427,4.577236158531227,4.81798511929704,1.5957029574588515,1.3221888404311974,0.845158408504409,0.5860315253366577,0.5172183194267644,0.4470456240253628
-1.8338779250387516,-1.135801329846665,0.0046897518871404625,0.12492243000290947,0.04258403356360236,0.08676073221697345,4.9755707804032125,5.310687415234272,5.24291434775854,5.922093132489664,5.884395115139727,1.8465771350833466,1.3507744566278466,4.928684038785757,2.879851812316189,2.248853889566777,1.7852619467322826,1.7081173372008729,0.2525643030060242,0.22250000303393544,0.07337840004353323,0.12422252806890884
-7.03073359763033,-1.5707073290328581,-0.4293329419209419,-0.35620191518840705,-0.47086892526722585,3.1205775873873547,4.909185181419086,4.766288224196151,4.468211505515873,4.650350578338969,4.922208904279489,2.581717593535376,2.0210864784005933,1.8091936020499386,2.7988094456086214,1.7636058441474691,1.35515685873674,1.293436597958262,0.3072003784611554,0.32111236685831035,-0.2632291187939797,-0.6433448523065366
-6.932753526525575,-5.857007588478686,-2.265074136029901,-0.1831501927839703,1.3373053285169143,2.672705685917604,3.049800976563258,3.306416743408805,3.4842153590018206,3.3834609715890975,4.135039323575299,3.2128995024740847,1.3999554273294148,1.6304346209817882,1.4853905225987645,1.4977027679239752,0.29639433709756396,-0.01748495245486558,0.44445492302168055,-0.5726745032059022,-0.39435999095042457,-0.7716073942869469
-6.20962989892898,-4.978246722126091,-3.3213500237526192,-1.5045486097646528,0.28614024726067083,1.3205508706589575,2.0672687349306638,2.1560088543339244,2.377186387788707,2.6620965023132666,3.3963805904181004,2.944178608342006,1.5785449434328729,1.413230082294004,1.1602083965445191,0.7257457135612778,0.31772657388687753,0.4087273101452197,-0.20019610299220053,-0.5606248834380021,-0.5101256456989027,-0.5772798496772914
-5.152183684215376,-4.608662362316003,-2.657922570135986,-1.2804712739679676,-0.9251084177494038,-0.020074140053753662,0.9405821288795925,1.2680975409221784,1.1577988286917893,1.96529595786234,1.733023419745922,1.486077130623442,0.7325715575185267,1.1640842723779978,1.0880155554529,0.5364949403639819,0.0961161683120732,-0.5911444756264406,-0.3227479894815357,-0.4774016107835072,-0.1825257495287095,-0.2546418120306267
-5.112194930527716,-3.3549461523659514,-1.7923232887119902,-1.5728542235097873,-0.8166389535482278,0.3456178119723345,0.9506288543594922,1.6434625535917962,1.7272694749156132,1.7770367567157832,0.8330937320447633,1.646859061018988,1.489316880120479,1.4588846995418983,0.9527812601445981,0.47109458338344556,0.5071931556237973,-0.20449911024356845,-0.15460150476590068,-0.06658738537163107,-0.5432976014226505,-1.2972382225805061
-3.7924871997487966,-2.861792220130516,-2.270011334109246,-1.6678598592174567,-0.5650516513257239,-0.04346227438068594,0.5826919630771125,2.1320219172161847,1.6593464529969062,1.068590730716514,1.1473214644346854,3.158557543345877,3.196770960122832,0.9131598462782785,0.7663906050807596,0.5821991532467469,0.33759642348787855,-0.1494174295504929,-0.4389989158892914,-0.22684734788158387,-0.5983146456785537,-0.5869526138751143
-3.4774194991758938,-3.3066372929780794,-2.415417971699794,-1.2836344152357548,-1.6649340661963647,-0.09917185094680991,1.4784013446948598,1.1397152200123868,0.7976051623855938,-0.10836844380917351,1.6376562289445464,3.0418431267737778,2.5552356501154505,1.9967041915513288,0.5432280705062638,0.5898780013790417,0.33246768527638976,0.21575712612703152,0.05385264677593847,-0.4931720389166728,-0.5750229991262069,-0.7179324856272584
-2.8195900387086996,-2.492104258555124,-2.3085973444996526,-1.8059145506686567,-0.9436044525914952,1.246293806332591,1.2711457492714913,0.9115066770827127,0.24138789873808777,1.597225636589997,2.7379114949868173,3.2188726653907054,2.740996798279263,1.4991403551148823,1.2358167514227556,-0.004606234062713061,-0.24456368007759327,-0.15838519421085576,-0.7025476089298262,-0.4542429036731055,-0.1896304132816131,0.08945284390324591
-2.3347036490581528,-2.368492810542605,-1.9021180969800968,-1.6998502971697924,-0.46503564782423507,1.0507263841393577,1.3652950391181025,0.7290329326279168,0.050161580740911954,1.4269227235586615,1.8754328298005578,2.2351800928755177,1.8793364439768883,0.9258602856177528,-0.021708773166055878,0.04897969520125558,-0.4782405117655382,-0.7317317741076883,-0.7908399428686645,-0.6522062123434356,-0.5005518609006118,-0.18949926514626986
-2.3439596068160395,-2.244023037008143,-2.1842664672161765,-1.0895678968197287,0.02117679646663854,0.1458246848453307,0.830212791722637,-0.0032928395162658683,-0.8004428630450037,2.512659779523496,2.724128542455028,1.9258373001408116,0.88613705109687,0.5086173174832955,0.868272706616399,0.04882236065180932,-0.7533615611413388,-1.584859438000449,-2.227233780355053,-2.174203744273833,-1.0340342824788664,-1.105752059127181
-2.7102614980269624,-2.936926806307148,-1.8657710916760417,0.033055594583413665,-0.4516400869935739,0.8918873844954343,-0.9071464604910732,-0.7136809019020091,-0.3774909947700225,2.5507864472878468,2.2579200400845068,1.768084575926622,0.9608907592266995,0.5921247468828722,1.111629526850599,-1.403613247371244,-0.9176083197733415,-2.6434978676383594,-3.169013386408631,-3.3389067887563626,-2.395858048947875,-1.5563072271952294
-3.481513601982841,-2.225863985939306,-0.1902230025952573,-1.0606087702773275,0.4998133793901142,-0.8311788140138282,-0.5385984691396921,-1.0048952841345566,-0.3511158728661311,2.37270893785838,0.6565401571634365,0.10599787448850961,0.30926805071269065,1.0713899101959465,0.582833205983151,-0.2948291365596265,0.22050647412831917,-1.5190987250902328,-4.074347781427873,-3.533846693280809,-3.3920913183728234,-1.259784540869642
-2.373909463364603,-1.0492451137998815,-1.2215066093831943,-0.8489996626895672,-0.6181902610607924,-2.5115163429974956,-1.0689908461012474,-1.598387506022525,-1.9527610642639146,1.0405705953977618,1.1934285949757175,0.15041483207616196,1.3835984608073244,2.0438026937445257,1.5748688611837145,0.2567890194014688,-0.22807611770428118,-0.44613305840620926,-0.06295602742903099,-1.9783301656788643,-2.0343131863196393,-0.02946170599710125
-2.29158200894297,-2.189421732649348,-1.5979671173973549,-0.5129448683860929,-2.4314796941928862,-3.335634296259548,-0.8170539555715761,-0.11831841577642506,-0.10339645132737343,-0.22276204707314753,-0.903548231316418,-0.6599936965994218,-1.0291429529701954,1.661265627610976,2.536996964775777,2.761521289747368,1.7312813880596238,0.8897529991316038,-0.810484749468061,-2.3103487515861003,-1.496802268502353,1.2916201247830132
-2.906941955981624,-2.673981506054742,-0.5136034989009814,-1.8477064529445577,-2.697329948331908,-2.814891723106579,-1.064617015258485,-1.739418266549876,-0.8845907762218448,0.9315447307891925,-0.21431705988664596,1.9725330660386158,0.2153614761176357,2.692335891122837,0.7980036368511989,1.65977543770786,2.610065602099113,1.2056743419134628,0.21574256236589362,0.2364141867585248,0.6961731676899697,0.5852193704990972
-3.175551287775395,-1.8874570241424489,-1.9990889030370225,-2.9669733302724515,-3.735848577234874,-4.84717328795223,-2.56069745480574,-1.4311645798773978,-1.174802141533213,-0.030360192070365097,-1.0751403367983792,0.5038467575324758,2.3641331785714352,2.6255202700250315,3.609518992706475,1.225516287657787,2.0234156950036732,1.5487869441632154,1.6295025539692791,1.7449980510006229,1.6711766687547829,1.2133092188029537
-1.4585742722411317,-1.7119524770862031,-2.8106575059237926,-3.474990892835486,-4.6787277471857145,-5.331338004401283,-2.629280621972046,-1.2197508158271573,-0.2865360969713877,-1.1111814833239466,-0.40513732965157856,-0.5370823166307945,0.6130298375898062,0.8774122973784493,1.3568782319267518,3.012416394405758,2.5035237268913226,1.635842408474833,1.4521229953411907,1.846291894226653,1.9770251061224944,1.588480819161535
-1.4345113882155454,-1.8348215543093966,-2.7379941482947,-4.425303666434938,-5.263260472775484,-5.6659088504853115,-2.3271010518695516,-2.1861930917514627,-0.30850104218727714,-0.4532880327878025,-0.9431911159988269,-0.5790478694845025,-0.45579098095500525,-0.7110365789866759,-0.35389561069775677,-0.6636540496761216,-0.3161247257844892,1.052325906587908,1.080341687931575,1.2426211241252119,1.186092449768289,1.1467036371964103
-2.789373590970321,-2.507927902170297,-3.575246404233078,-3.9532436355133482,-4.433508538649479,-4.643457408620705,-3.119197418841417,-1.241089972748862,-1.8875580026851835,-2.0306649786210214,-1.6206818834914993,-1.2129028513401852,-1.6078041962412342,-1.2917292335462427,-1.0616194292798802,-1.1883319985160774,-0.4030174803892205,-2.093647728648244,-1.3236223168105044,-0.5839449247416688,0.609515545824873,0.6293840202782206
-3.1884413082675165,-3.6406999596102025,-3.698995095747311,-1.8915087123237146,-1.9228802494425559,-2.6443887190764173,-2.1357228886666837,-1.8171969411863194,-1.3563083170650874,-1.7848855153620669,-1.754164216394728,-1.9473834504699783,-2.254691683147009,-1.1170398470696246,-1.3032280279541355,0.45274214860060696,-0.2697915752578988,1.0388301391705355,1.0543534699756543,1.7189739419940224,0.9413913495053844,-0.3202528865871233
-2.1062053635124114,-2.290845871401655,-2.767493919159553,-2.524836167358201,-2.047570221927465,-2.2570209978932607,-2.158120060223927,-2.102209749981244,-1.190388030281377,-0.9825532194443883,-1.9339362226047891,-1.1468030713716844,-0.6092471868963534,0.46852860085279974,-0.2716023420731727,-0.05845440592794975,-0.2442121287044939,0.2464955076800709,-0.6996238682553616,-1.1439193936667618,-0.7902764685283742,0.4141844770402144
