script/wind10m.json
{"header": {"parameterCategory": 2, "parameterNumber": 2, "lo1": 3.000054539987559, "la1": 64.9999836372058, "dx": 0.5, "dy": 0.25, "nx": 34, "ny": 52, "refTime": "2025-02-21T16:00:00.000Z"}, "data":
[rows 0 to 23 of 52, columns 0 to 33 of 34]
-5.7906677196141745,-4.577247632817176,-3.0634518469841274,-2.126323635365258,-3.3832995940312642,-4.004837443088537,-5.00333814179237,-5.824853436100205,-6.304974397232155,-6.08508193564995,-5.249446960021221,-4.51663423949347,-4.036594265253898,-3.344306726697029,-3.6096202687244268,-4.33746734813748,-2.2227598381191207,-2.2346508244483907,-1.8721225929201983,-1.8515567400852786,-1.3155134164139874,0.618581956842836,2.0558468034092936,1.239063854339854,5.251463364291612,2.7824033491579354,-0.02407664999746162,1.0082853942025685,1.341764683533157,1.2138288600967349,-0.2558600435524583,-0.6541078928352752,-0.5060438934852735,1.409803330726908
-6.3502650148173085,-5.149543617236847,-2.682740045942711,-3.412202605988613,-4.978638801571975,-5.699036955684318,-6.213566563330346,-6.579376909657735,-7.502031973377744,-7.178745128736882,-6.194055683754876,-5.126919711119412,-4.717131196448303,-5.398526057281102,-5.301256689499946,-5.158017661502472,-5.564913188241561,-1.5537066902485104,-1.7962630478790458,2.2961484325793657,-1.3522072117983692,0.22792102392725963,-0.26298170535167614,4.520746776048289,-1.2132937743607928,-0.43394885255241294,0.6489691374726791,-1.4288550042441976,0.2903114665954454,4.024558237649457,1.2502943026265736,-0.553334309884269,-0.8916503511488739,1.6488787901265012
-6.2026084947696605,-5.172531928396206,-5.328790131321834,-4.841816175903881,-6.049912988061219,-6.893371898333995,-7.327378651528686,-7.388343192276515,-7.955300756025292,-7.8544157356870326,-7.103382679519721,-6.3445629614866235,-5.562442634607343,-5.220507031799195,-4.160548213958252,-4.710465706044651,-1.9348194075414535,-2.3114287471827675,-1.1202298240222477,-3.2690801966084253,1.7425608126592895,-0.08615993259220026,-3.239139229600649,-0.8568013039610876,-1.2388454589872953,0.18608787300500132,-1.1737116943423667,0.5992547027466575,1.0674851418121805,0.8009558742433737,3.1185455539617224,1.318114501959316,0.13914463272139846,0.2212097112274061
-5.3286451472153065,-5.659717323048574,-6.335496469906113,-7.007019174083785,-7.568279599934364,-7.926433401851009,-7.9792698818780305,-8.153162306663528,-8.305250962898956,-8.23612917767726,-8.395950835677914,-7.364247673699166,-6.060192516113609,-5.4838357772515565,-4.380595201597419,-2.0748614590400667,-3.296402877834567,-2.5165825249707234,-4.567534976241154,-0.6429989913149476,-5.023498489329081,-2.6536205219752476,-3.7594620217226145,0.7842944743090219,-0.24910814772488618,-1.2628445914874715,2.841496898913118,-0.21168113925591328,-0.19905642086866143,1.6500098041965368,0.7307302042949345,2.6946202747857577,1.4145099366764935,-0.2096094302531113
-6.2366444505140235,-5.806573359157081,-6.162188595714108,-7.207243620492635,-8.178265661000317,-8.401503305063043,-8.132568956769447,-8.311303773302352,-8.352989389907163,-8.523007340098248,-8.201531623904954,-8.568614230966649,-7.425400608598351,-6.329127741586543,-5.482164098878184,-5.245700781787158,-0.7881904287460677,-2.1507854509036215,-1.9116729344589043,-0.1852085031435561,-3.6673888828775043,4.033155728980068,-1.7745019319469248,0.5673679362384423,-0.45224267574300975,-1.0136468631172848,-0.5745563204289046,-1.670128382166318,0.5664603331982538,0.46365268301836254,-0.665881314356642,1.114271745831475,3.0108482259767904,0.1992064124832932
-5.452114848812349,-5.558035176028287,-5.970151224698502,-6.396466832523618,-8.430720464753351,-8.462665452793923,-8.191616321204279,-8.244459332518346,-8.368708822820821,-8.081915596263594,-7.4177538895834845,-6.214049657494038,-6.760878388558133,-8.082627495912364,-2.4945899254958803,-2.181181309056161,0.09333569463026432,-1.3487299477233974,-0.8409897458788353,-3.6498495465751404,-1.6354386440810442,-2.4731906922741573,1.9475144727723421,0.5894975170834031,-0.37645918168749,-1.2078093289278564,-0.5268613192285776,-0.39614636203566506,0.014047547799621323,-1.284106651938087,0.8323742656397501,-1.448159389897164,-0.3570019583667641,-0.048761553955713494
-5.926933315585058,-5.184219109314827,-4.5593779087975195,-5.172173574930416,-8.2389295649988,-8.58419604454648,-8.053471481714023,-8.270893689918694,-8.32860600217283,-6.9059729136014125,-5.705351851995238,-3.9018349504242646,-4.62666549759523,-4.2988426949405945,-4.796772771833908,-4.595952623217025,-1.8561666696939527,-4.51387770142951,-1.2540340378626114,-1.1187812840110731,-1.3993545657795106,-0.6707017036496298,-2.133206946130748,-1.5844701633227016,0.6001049121998666,0.7655428639743845,1.5281411637511777,-1.290701282049215,-0.010152418099575346,0.635204673934557,0.7867723699372218,0.35753251340788295,0.7023381416788215,-0.3063096335750594
-5.892357360734302,-5.4296131019676555,-3.5926693440106234,-3.7043639803074284,-7.567406628558041,-7.980605066428545,-7.453666138298077,-7.9689351237552035,-7.950119151258897,-7.6481193177829985,-5.860958015672559,-2.081649727366517,0.7450425678398039,-2.001698626213859,-3.0018148024823743,-1.8022677545253856,-2.3850030238354436,-1.9007679681339538,2.6450064125317505,-0.2434043052141603,-1.510002924118846,1.2579628358713695,-1.3434000675525004,-1.031032117056701,0.06840007526368903,-1.2683555297216103,-0.08310732288540926,1.2513858792692785,0.9488095954262222,0.7561137323266924,1.3721478285355062,-0.6445418011694064,1.565562235366439,4.42468665305946
-5.564707017268416,-5.164671893039873,-3.41066802230182,-2.751003875537836,-6.849616628712183,-6.770917258019468,-7.20688585087029,-6.779948339755781,-5.052817047836642,-2.0556939598550104,-4.792290516695618,-2.9982306713681783,-1.429998913285091,-6.558713514257234,-2.54584020802839,-2.8430736830285848,-6.947043224154566,2.0603344999923863,-4.062794912785492,-6.374424450170571,3.5665907066941154,1.159933043286681,2.174877135797996,-0.517817132076266,0.1981686113401646,-0.12184531846130256,0.13699116061616035,-0.6227466984337102,0.6308990657813518,1.5651761635343329,-0.16958134314091272,0.5634130538514769,4.052130195018042,4.846855915234216
-5.560940583786963,-5.082288225869448,-4.1477305951840995,-2.2447569333293664,-5.096307794048461,-4.751919146179,-4.813280831032667,-5.061490519510109,-4.287653951976985,0.07681497268352008,-1.3506226871959222,0.8961431011830914,-2.9150081896808038,0.08492236808983093,-5.409088443812104,-1.5688842909338263,2.3920132864460038,-5.950223294131938,-4.2107096066927285,-0.8567455726140799,0.5721849997934233,0.4070206671492965,2.573456982572031,1.3948124945780622,-0.17459290883319167,0.4552771089754026,0.6850210426046796,1.0582086680321277,-0.9496536644723469,1.2461498595643532,0.6531153947384116,3.792337156825923,4.648978695258141,5.034576178862146
-4.663170977887431,-4.465935318687261,-3.6385091555630353,-3.3587460576998227,-4.089358551916681,-2.185386971004545,-2.3656818610031345,-1.9699471509271609,-1.2949382588431941,-0.5460828786906515,-2.029253452228446,-3.575091323898095,-0.06800968717638521,3.254330355818157,4.101225277236116,-4.300768660107177,1.7727641960158804,-1.8754590797545565,-3.4408354274750224,-0.23099173233020948,2.26545335953612,-1.0028290209379194,4.9417813792592815,-1.6354314959410023,0.29293913909561436,0.9815111668554305,-0.11918351956059314,0.984922717147495,0.8027818155460664,-0.2919576648033621,3.1056719793463596,4.940660960083139,5.1259810685966904,5.290900646851896
-4.143574860017794,-4.247183899641477,-4.337821900231425,-3.8154524907984553,-2.8236624312947067,-2.175139843535154,-3.0948046558276863,-4.8993014549518445,-0.8307628435707193,-12.405881312787516,-5.6029666794639335,-3.428555689462644,-7.722515670356586,4.765851074308697,0.2197701982759148,0.5893094089306121,-2.7173692250481913,0.006044310061973099,-1.8143453511801986,-0.7723548817001002,2.6831503473611535,2.2290326203217816,-1.1551083679656982,1.8926161080779023,0.8279366798100236,-0.8344881654998291,-0.633651973410086,1.5101125474907984,1.9023784157096346,0.5118429465360742,3.392017914178528,4.301485260947663,5.347493857042013,5.7708677510188675
-4.6280761153766115,-4.051725966162904,-4.059784617777747,-3.290348532926907,-3.407398183722304,-3.410028157726392,-1.3147929062554407,-2.584588454969243,-6.990161276623861,-5.448000284509974,-6.218078601831197,-8.902684252409793,-0.9718829641366202,-2.410345699902616,-2.783577655156958,3.402006463125705,-2.2297219777240103,-1.211060686713673,-2.2873230958995188,-0.8515705113339282,0.43817039473278674,1.5203664323480846,3.0510171846953957,0.20566088462446383,0.9018040408895416,-0.3743771584818186,-0.7161913057952708,1.20582437032646,0.2777702581690557,2.227437676026426,3.0371729770014775,4.8071210191659075,5.936562975787438,6.496916280381957
-4.9395313102588005,-4.460189209290228,-4.5884052279242855,-5.776410002365166,-5.071442193522855,-7.114448842950088,-0.5589517162740197,-2.409550772441927,-13.235581486656995,-1.4740436216000925,-1.7376990413122517,5.912925676660497,-3.997193495357907,-1.948809728737795,-0.6952484669684579,1.0257739390177292,0.1716328025307935,-0.8620019395624919,0.18464972364215093,0.820762418246218,-1.908381471643853,3.2866793725858447,2.4761044426440173,3.2448578518029088,0.08172685021059879,2.362249096714649,0.7950790142828437,1.6263261734507515,0.5980669106054701,2.819032103977813,4.183567444524333,5.827560251454148,6.3589283813258195,6.759841731866948
-5.4826201732121005,-5.011123231762319,-5.15824527728393,-5.742050193624394,-5.072204128298449,-4.326488890681719,-0.740617864537317,-8.934528170147896,-6.786580679295425,-2.3661326178942814,-1.5742665564632425,0.43622608455744855,-0.34403172148351197,0.6680065034426831,-2.3747081783780932,1.892947543121956,0.813472826946604,-0.8358185516502149,0.07308023102990606,-1.7069005606845862,-0.9670015744048597,-1.3385570768005495,0.20414738041536698,2.3984516803424087,0.31762261976221273,1.4874492407446869,1.4699865641847085,2.1150747901547744,0.9964220961151842,2.4881459319227766,4.3813913247039435,5.842898558821276,6.762898792872659,6.439193436185216
-6.051885720415903,-5.487326292388488,-5.1779979017046,-5.711004437740402,-3.6573674041078568,-3.990890763757389,-6.255173916468358,0.8980701039703318,-1.7922166493913447,-2.443535649527625,-4.805937091126497,-2.572805928158947,-4.710467640707559,-0.19629503459639952,-1.2022239571914524,0.5935837575803069,3.9174932774230475,-1.8779391944396833,-0.9837494563963185,-0.21402284848714279,3.3430780117982475,0.8050737327265974,-0.8345519802174293,0.23103064563232692,0.3631412658472462,0.18535059956090286,3.831534087184639,0.06586471536621946,-0.015055503282366533,2.4205762413674132,4.515279335283303,5.3416914060579765,6.8143069782234305,6.9841090472686815
-6.418584680047061,-5.99340137970343,-5.657225512425107,-5.9287413016063155,-3.28055943538183,-4.436729879449755,-3.7345435748976867,-2.86083573426894,-2.3406457090637973,-1.8080836822217008,-2.750656922204662,2.6044678311741385,0.042668581979746906,0.4947875416723981,0.3406944932288096,-0.8833231025086327,-0.9366359785037661,0.07181744935659497,-1.1850047224664768,0.13151798349627505,0.8139498512002497,-0.27711677826602304,0.7183505008179368,-0.9856287946227633,0.11499509390248655,0.2674237969716371,2.0227592222365782,3.0842896057100284,1.2130123133173494,1.6773692317674955,3.631784267020418,4.254946982623998,5.950573728518632,7.109613262872766
-6.284092354981974,-6.065178573841969,-5.890034462023275,-5.871416023557381,-3.8827058563759054,-3.1419939410395794,-3.464248596465067,0.6173552395173482,-3.4702341296182997,-3.296050200980862,-2.6972174518926795,-2.221517937442785,-0.23068254115672085,-0.20600583124510102,-1.095735463378632,-0.5249675978317844,-3.9894973975164505,-0.285754301157049,-0.15278660309921233,-0.9860413492557814,-0.16276405585348386,-0.3772894412383811,-0.22564331851193187,1.898439174406417,-0.7345916861511799,-0.5492036966119016,0.805426783926551,1.0937115291507054,2.0963994637673293,2.2187193766532864,3.08811427810133,3.2193584906722514,4.955606909110474,6.189027570476414
-6.042881160694752,-6.107161119794617,-6.640403821659914,-5.897049162096877,-5.092462063937049,-3.149448545691901,-3.3630031825714597,-3.435899205880485,-8.250676106425724,1.228901320952147,-1.9288410154564128,-1.6095261193821913,-1.415037655552745,-1.0544841893254153,-1.3950327944559089,0.542459948070932,-0.9982133600061488,-0.8200236858810163,-0.31104618966863157,0.6230904505899114,-0.200281761603171,1.088577381127639,1.3321771784422416,-0.12704465775845403,0.16093997123424997,-0.2490085911760994,-0.17239541390815633,0.7993229546984891,1.4091248907727445,2.032198605750903,2.141757134214758,1.6612141404109781,3.089474213185999,4.436220526826392
-5.963007350912133,-6.2333818056949575,-6.889025361058038,-6.273036821094608,-2.999605110832247,-2.7487447980358457,1.0369262332131373,-1.051783914825823,-5.69622653461135,-1.4275405583430965,-1.9282092447061883,-2.8342140896353727,-2.2196895080129706,3.6029167644270483,-1.3660149061076114,-1.714167142102588,-0.35802140144080685,-1.1701215565904814,-0.26422984481580086,-0.23514581694065648,0.4375728309401565,-0.5795416314624451,0.3294818706354771,0.673590469457254,-0.7794603326187388,-0.1733062902624558,-0.2635045867435314,0.5999035059432032,0.7925323325036209,1.375742952369005,1.7067196661394375,1.376360925916492,2.5718879630151186,1.9859138467010948
-5.9636149827938585,-6.509317083221679,-7.196224335674355,-6.863383706398749,-4.859394848589465,-3.0854400975358676,-7.277931091717019,0.5149267531546627,-4.404534728659661,-2.958335618027947,-1.9558635685618573,-0.7987155138224202,0.2502111298658925,0.44575206555321206,0.9286911230999965,-1.055802894601185,0.10381414023820383,-0.8388176754005591,-0.8016060642994465,-0.9291695534043589,-0.6329579357051269,0.0010938489240223525,0.07351291109169686,-0.011484994688179895,0.988224799279006,0.6297920635877633,0.08152974436384583,0.381389900282397,0.45801703147709694,0.8191620592172537,1.9697056102171684,1.2664125443167287,2.3955903250768693,5.738582318044022
-5.818386397560877,-6.863438791470247,-7.224166304472624,-7.401953611839425,-5.833625978932632,-2.9601453887625326,-3.9725194346392874,-2.371320727134833,-4.870149091511608,-2.9662745680062343,0.5342116216523992,-0.5019374111025547,-0.15453862971192392,-0.9663288740675661,-4.191715889292321,-0.5603487271474917,-0.8213217906110282,-1.2920922844618408,-1.0477472503975693,-1.208403648040621,-0.8272766669978153,-1.2125776310616732,0.2563144832258951,-0.37173809801099683,-0.04997064623614033,0.4090971125521734,-0.21843075515612412,0.0197271833605676,0.3970024925890363,0.9194263321763919,0.8041026676236417,1.501911888786003,1.4488869643786206,5.819680552459808
-5.22516805566605,-6.805781066110998,-7.612921883325576,-7.764090807909214,-6.677490653684869,-3.015434172340642,-2.916660542578875,-2.0429568948694143,-2.326270300285382,-6.416927509308431,-1.2010126910136971,-3.42495874877461,1.4564872406645155,-0.8603274348150552,-0.8303824391204904,-0.05140930320428939,-0.9178481258984552,-1.3685527515899976,-1.2588873320065848,-1.2086464391434741,-0.9339799923852249,-1.0559278136340262,-0.15030181549920607,-0.680716755855743,-0.7146289838152752,-0.4363087416779751,-0.041586179726904884,-0.5895214965545478,0.24716628757858422,-0.3043515955671381,0.8820172319570246,1.1371322282347747,3.5152202968428132,6.4639425576743275
-5.032090745243467,-5.458953853201181,-7.326050546271259,-8.514957915891868,-7.367989718689595,-3.115412060998719,-1.9974740116392895,-8.438976358902641,-2.7342484298762173,-2.316382837651485,1.3260798483036245,0.9314494014791691,-1.473624018656959,-1.3493219671629189,-1.2933863843510431,-1.3828438663606848,-1.0540165404559347,-1.7864235440007017,-1.5429161639361486,-1.3230478045883278,-0.8260110047157837,-1.4362787210988022,-1.172663551207032,-1.2590146868063612,0.12076823566918671,-0.4540591595859951,0.060963017340994546,-0.07722733414239016,0.42761516621775586,0.5261037778941475,0.5752607833294797,1.2010217908305612,4.834826756788561,6.733131534334637
