script/wind250m.json
{"header": {"parameterCategory": 2, "parameterNumber": 3, "lo1": 6.000198445256149, "la1": 58.999992894266676, "dx": 0.5, "dy": 0.25, "nx": 22, "ny": 24, "refTime": "2024-02-17T22:00:00.000Z"}, "data":
[rows 0 to 23 of 24, columns 0 to 21 of 22]
2.7620878521811316,8.249562398624002,-2.5977219227011887,-7.0620208466773615,9.630526292032727,8.414314812528174,3.340560100702987,-5.806356509077818,-4.968881993612771,2.8684937783698223,4.7100229242040115,-0.6187914355912449,-3.801494793256893,8.649032141646748,-0.7722474070882096,5.354057467147327,5.553900683659855,-2.6931002678229388,3.9399322124080403,2.5558373570102573,6.940118800150494,9.07681845985629
-0.9332430656402017,-4.694918831612391,-2.5061289753501246,7.855780202369544,6.784467236851458,-4.198408056049181,9.634755494186097,-5.7770747649953975,6.364088030574254,-4.733198146829815,-0.06214438040827885,6.768190869533077,-1.1732717813722657,-3.292737537385435,0.6461925327551629,1.729284770998572,-4.832268600844771,4.775391701492421,7.011471157381362,2.174248382128199,11.989536481772065,-8.936025237086666
8.347890104828544,-4.339615813603521,-3.6966065683504525,3.9379774547666333,2.641438147560078,9.549253468786254,6.102283210260357,2.8214564778148894,6.1161086606527695,10.360380090526137,6.254258541164583,-1.545950514973363,-9.760259530118919,-5.334854262816549,2.092538803044988,-8.547567428100157,6.699958193409046,-1.2568841809597437,-2.012725951642419,2.0628566097026866,7.697648631993541,5.897093520914506
6.404315696796407,-6.392590884264213,1.456489531337477,-0.6786730868185299,7.576439811604182,-2.528001761116951,-4.319404815986751,7.230879321590572,5.9906969265308225,12.310377550460066,6.6014131867731285,4.286416292932282,-7.177766277001547,-6.742340446998876,-6.548595060756317,10.362239042432417,-1.159880888575182,-4.707960940482399,6.491736166274308,2.063650920966948,-4.176796459371165,-8.43295261793783
8.267377404965398,6.344877310542886,-5.235665141462576,2.295881259535001,-1.0253415318888923,-1.259149218407026,11.062694770064065,-9.393653516073998,5.929331037611498,0.742947306555149,4.890455815455732,-1.8383328011548308,-6.111331865796151,-7.401002165135127,-6.430687949990797,6.670429515334279,10.420704590717557,-3.730377596848426,11.58649518864559,4.593761582678602,6.630932087578122,-3.0463408326226973
6.011818779063018,6.027061464882777,-6.627190488164228,4.8554876155755355,0.8976514204317111,0.248261450365162,-3.6326836244387777,-6.516300918529277,-3.0404819706608626,5.269909900188367,4.362018882081192,-4.267980360233208,-4.466361511360203,7.501560110174396,1.3486905012083807,0.7954838476328254,-1.1555429844478902,0.4198810485943104,7.886781901185359,-9.806208440427088,6.1428698963251325,-5.620232435395501
-5.694719390415624,-0.9566945266439354,-4.814725265637231,-2.342104540465652,-3.527781587905437,-10.43875671302768,4.192816344875201,-4.9812565225814405,-4.190528862735828,-4.584290598517863,-8.161399982138366,0.7273050906393872,1.5780904198980394,4.815667305834665,-2.0025748586845595,-4.6370792450985405,-9.661169069436397,-3.121098926239096,5.098478431571386,-1.480160522418552,7.89546211169665,-3.4392271578754685
5.166798577797972,-0.1062007181873515,0.9668107314502717,2.8274757455239588,7.184841877093193,8.804998285001938,-6.502057884771517,-4.018246972793892,-2.015480761572027,1.586171647579581,-0.05769369333462491,-6.033521893233948,5.648487568585955,-4.408927062595244,8.106203066625048,-4.963530355474711,4.145765574667979,1.6414370345203317,-4.835557304021234,-6.751682184097546,-6.814458972372395,7.391218797821473
-2.7513454696619943,10.006078344845623,4.858906076780685,8.515141032863264,-7.560939622440489,-2.87396717331587,4.967983560775697,-4.318392938824372,4.6228080749673195,8.522112214813667,6.094113625766102,4.4291744973348335,10.128503315378895,5.845297093814199,4.638240986029336,-2.602311141459563,-4.74636542768102,7.9181100721613875,-2.262606624300534,1.28542404049253,2.4947866070308966,10.854919511088436
8.169919257111872,6.480602186377817,-0.17030493209649877,-4.344151550647695,-6.4487794316659866,5.634170670731803,0.844277744798696,-1.8539160305740827,-0.08201306742820348,8.372697016758618,-5.982554700482066,1.6280845653108449,4.799229113436984,-6.148578671114223,4.4896098535703945,7.110781675153157,9.189756869343361,-5.36406061682507,-0.15196218564013816,-5.480196243041974,5.30245083492559,6.413487465746414
5.7984411209423055,3.0689536818106853,1.4769165969645974,-3.5043640952784276,8.951440932590803,3.7784656440606956,-0.43558663013279736,0.7970972485892369,-3.216683079775398,-5.47286136088295,2.215812088879488,-4.911135093631517,-4.450272584221313,-3.3937968804577263,-0.0038530874310320697,-10.134681347609519,3.523360309359326,-3.666571977853549,-5.244631785167622,-5.497821714469508,1.8142648971603454,11.953256223212506
-4.303971908974488,-4.073854165699189,-7.144428142595732,8.495606722439545,-10.053011316018553,4.47223164424553,-6.37263976964328,8.476707179035483,-5.47982091049143,6.424879408717173,-2.8508040632475518,3.9582074759018817,-1.15130994405866,-1.1072464467267837,5.617972873856113,-0.23483982811020893,-1.5473011919073973,3.1142562734222334,-3.402718471313014,6.05612817168367,-2.134886751328253,-5.667496719835508
-5.58572334333647,9.355357256990596,-2.359892315995075,-3.550195177148931,-4.026283644187136,-6.500940109607082,-2.1400315748402394,-5.98528123609257,7.116730468899207,-3.626096406774958,0.39354535052385264,7.923398762645404,1.5221078091211895,5.095866102746006,9.264071055944264,1.100807088103435,5.128009735956847,-1.8663838598721043,5.284366974059702,7.498358114522756,8.779912661093434,8.873670250794857
5.9394782903019685,-5.284328395358534,0.4279002088482338,-2.997694066965895,9.288812547144659,-6.155816890692904,1.8250615939788712,-6.180888747145836,2.658339938673259,-4.661467119323324,-4.7407792260828625,-5.971181365750665,-4.88326382499959,-4.3652601582387485,5.704733289026171,-9.756230608007584,-3.2352276446912493,1.8221115125859026,1.540286024115488,7.969265791420715,-1.9555556794447921,1.3463651554616505
-1.3717536226989917,3.261923902079131,-2.9929711525781952,-1.1377668605217102,2.44567180193758,-1.3595137016579146,-2.504386301736958,2.9952951817045648,5.467532433774177,0.7716482972168919,4.384106623662492,-3.919154868151198,4.198521633735812,7.747870294774671,-5.237204636620255,9.788465193167823,6.088774313653394,-8.621621569619522,2.3192315858867034,1.6351388268806057,-0.4222351296359991,3.1833646884255016
4.85974421871267,0.5326969668764809,-5.257482304078422,-3.4403163470219726,6.092780747731867,-3.85163677062655,3.0370559819212413,2.17908563260885,-7.285297549633352,-6.322205030898083,4.458684877904061,6.081605586739856,-8.990999624547277,8.94376062598543,-5.144392092860641,4.466946957995312,-0.7559332176002344,3.700725685446018,-0.829306800818408,9.509492635018924,6.7304010193883625,-12.274147903032139
-2.579492449204957,6.076821772640459,-5.190690213956155,2.3322774621989515,3.216709904635684,-5.588484426934885,12.617130190062902,8.897715635105403,3.7076779437007463,-4.917058223039724,3.403791349665078,-2.0846141647917262,6.288301358314754,3.720733965717432,1.1769838253426006,0.9593972962231981,6.043313060798321,-10.179545198055425,-6.3825894452545,-2.86397077674592,1.7347691611047473,-6.170620794748941
2.4370775345415643,6.433219331898986,-3.3607899478389363,6.573358473017944,-4.452549942490597,-6.7548081279018195,7.497956827779173,3.650378957049644,-3.4600357421347168,-4.220595765211703,-1.4919367863933888,-10.165136883124312,4.861873406375686,2.4375136667982855,6.342277922733129,5.615832725573457,2.124914556653804,0.6068307896738835,2.9469999034209136,9.046878706295669,-2.479753971660984,-4.116156106800094
4.303699161688691,5.87172638174875,5.292641544509783,6.497100368992011,9.765439938038314,5.351255966332718,1.8195088076550723,0.7518311080502409,8.979793755700465,5.85863412355633,10.129858819371748,-4.019776002227623,-7.552959671115113,-0.4954898363508806,3.7534690134112862,8.245606354449652,-2.6277530645770746,0.8558027954949607,-7.536478842881908,-5.241402078272133,-4.840315280015399,-4.041042098528533
6.957075725671171,8.768717695519726,6.447162509599563,4.740493090881635,1.3455718924565452,6.494106632929401,1.1162473397397172,12.106711028765455,3.876532895276598,-3.126041627429498,5.4949303380233125,-2.2576932742026194,7.105957852733139,7.152717198205177,2.938529672236548,6.455411816682997,7.842592369543274,4.406534673606452,-9.594338612103916,3.3077164312672727,12.403035342896365,-4.575346971498001
6.580734163198338,8.151879302386178,-4.167556394013653,-4.479696924536174,1.918138037420778,8.42693039694208,6.615785937453551,-1.8164904621839504,-3.8999935192295894,7.7174289659049755,10.179892340431573,-4.481108280701928,9.060573979959527,-5.834265865449197,2.6945088111461213,-3.3196880409303726,1.822330946810039,-9.445673407939227,7.232733509773067,9.231265314282652,1.524947723784062,-6.885798621875826
11.188964460507329,8.218733775437206,5.579108179962857,3.1565359086797375,5.062608479856002,4.854548753858781,-7.021345083626766,6.006550164126161,-4.377391161284687,-0.42396398528654333,-3.540205719132439,4.5549539109548745,-2.0007545129579665,5.271650820304852,4.25163035091693,2.1857117090167035,-3.549072219966975,0.46522075307367716,-2.8718460626931304,2.1678255653771106,-3.1560071745802487,-5.122885770627484
6.366009064294675,7.177790828022988,9.686827291396764,1.3039772012926385,2.8576111007860994,8.936142714761532,1.4320690979973703,7.409900725598488,7.006868499563338,5.761389406386669,10.274666222722734,4.5263801470137075,-2.4861343965809115,0.13347148599449377,7.818464441995838,9.178310463936722,1.7989388741776695,2.0330622085946275,10.273215970822093,-3.602650164833584,-5.370696991145091,-4.850297485673156
10.569383397863492,11.926364463125717,6.2402119596341326,-9.98166533354787,9.35169958123696,8.340073678811912,-4.049367258824253,11.02107372458521,6.194184831780879,-10.26886347457659,3.7209790101365687,-4.138916736742193,-1.7242083987909576,-10.688708992218183,6.956370078164548,-3.9995312891889148,3.9096001622940406,-4.61500750907011,3.2521849399838074,-3.9757015496894037,3.593974186010594,-3.3954848542203897
