script/wind250m.json
{"header": {"parameterCategory": 2, "parameterNumber": 2, "lo1": 3.000054539987559, "la1": 64.9999836372058, "dx": 0.5, "dy": 0.25, "nx": 34, "ny": 52, "refTime": "2026-03-13T22:00:00.000Z"}, "data":
[rows 0 to 24 of 52, columns 0 to 33 of 34]
8.734170246687285,9.717445735666237,10.102126859655636,10.592974580337565,11.066221268519907,10.963409956553514,11.180379991968005,10.534513734522971,10.531937531339858,5.862705742954547,5.802501690900539,5.846522595276246,7.014297271362194,7.94846406596736,9.18666193720088,9.676601513415672,8.680051781698243,7.573808201454884,7.457293666456547,8.936691122076642,12.356379161633091,15.671133719672321,13.39170478385691,14.867474991387656,18.8075915719211,14.622518427287975,10.9972726488524,12.042099077429105,9.983725006879629,10.065389202681493,5.9123989370935695,4.698681379533031,5.773536713548333,7.573047467817169
8.415295505288734,9.024402919059908,9.292473995234754,9.644669101208407,11.217934611010937,11.869233555985334,11.632152734791024,11.93831295144937,10.2226053883143,8.181444271011417,6.181507659264126,4.858588421049608,6.8191700402545035,7.895377806832796,6.145838321831672,7.290815499624784,8.213249448715679,5.67761896068056,10.226465097029143,15.066520170361185,10.39052771769977,15.272906558832442,11.215601387551207,18.670136944679058,14.55303329643282,13.274602640997788,16.696276315375197,12.489954405042646,10.922178749714538,11.522726893952903,9.94969901727761,6.191782742555628,5.847748375467798,6.784070786404929
7.938958052522742,8.278921423216326,8.342918840803577,9.487043522169197,11.075308898281655,12.067579103707079,12.170931721146669,11.526735370383575,11.555310729609579,10.956571401141245,12.272868776127565,6.732355606485695,6.2880344628333775,6.504378978477518,7.554233903705458,7.189794345353843,8.866873832444771,4.585011809374932,4.027899397148483,5.333143867182109,15.744393907246899,12.47641359659825,11.769518648703428,16.580400943267094,14.369772063948595,10.788107416858463,9.864222210003083,13.518348973907973,11.981178972372561,11.725609502986408,11.640023892125642,9.30241131200709,7.4003143537503,6.857392306856944
6.2656154462005,6.9491279094428755,8.509512049185732,8.939916220533826,10.015661835866123,11.35066461990982,11.596129665365767,12.756458323229747,10.81459528838497,11.442526343567891,13.17895512905146,12.191746429614655,5.868151148687536,6.491976696768403,5.382518864983816,8.516725357334412,4.312229435033924,7.322984087594641,7.2061838260633335,5.9269684873368025,9.704382011387548,12.560765694971382,14.338991791397396,13.099441429028941,11.76650560292662,11.211572433709602,13.242342365392568,11.039508652868175,11.97213092584858,11.295217635258119,10.792421660830001,8.828154117095714,7.939024313003876,8.29897489727911
5.755280254082863,6.795101206872691,9.1865356541324,9.272850156115089,9.917232954750867,11.404841361114123,11.025157607777167,11.740945217622679,12.217916880030602,12.378698104473203,11.835729923185959,12.215247231077605,8.70394191412927,7.230824454591245,4.314678539659321,7.583120603504192,6.77250126961193,4.863163044756446,6.763720183654601,11.344524840579782,8.631885089335915,20.837866125255722,3.4244480091936476,10.964898361696632,10.70313136398999,8.389640907733803,10.251453685611533,8.66346613477933,13.146069820616074,11.815708740539584,10.798571988074018,10.150025337364488,8.33194194450292,6.629860631285944
6.6161480105657695,7.226384044979937,8.454283249919973,9.093024788798255,8.60939193671492,10.277668318972305,10.259904635199039,11.187687336542199,13.634362882216744,13.573908272350534,11.779556922744385,10.66926326437596,9.584717522565837,5.700959352969854,3.325532591845572,3.3447206702169656,2.3286545194776584,8.87670544572936,8.673461450527787,6.538762202564245,3.571062166395299,8.11409385570065,12.105549312932895,5.415572191031824,10.724416348436419,11.271244986279019,9.411923342825503,9.5460201347393,6.43881762749682,10.471567840831522,10.162520008709206,8.541669463424677,7.275495896794366,6.178610385986961
5.222329957460545,6.005322681578998,8.220922833105519,9.729588211126286,6.086965716761155,6.07259553877968,11.232613750545967,10.272299232320435,11.192240312921797,9.250745330341008,8.460172902050191,8.527736774672352,5.403231791057409,6.0863644626041475,-1.3897916497269316,2.4367975640414103,0.9787573672038477,6.637351873431315,10.068434612719944,10.33764709908409,10.554306714126975,7.336921155354656,6.8043075517628315,9.498593734120883,9.118920093390095,7.52556485152452,10.902887206957502,7.733902003137299,6.219510163554883,8.127265110716706,9.653109977516424,7.390439792651337,7.958792157596718,10.437980192597156
4.143392001431941,4.150666734478056,7.400180833024501,6.917914591069336,8.149391665069952,10.014354755454667,11.809265270503575,9.920723056012566,10.143125267522885,8.684311267960648,6.6497933518288335,1.949606492576695,7.226480958618199,8.53155512167967,-0.11477949684790037,3.3305489134113464,0.8118059659551122,5.614711169928613,10.43020309446523,10.116288559125413,9.083491267391825,7.858901656443982,3.0553644296504308,7.38199057982094,10.152588135985841,9.832280804909407,7.169634929098824,10.441657888088372,7.430148742447964,6.084670073958458,10.714253169305495,7.716259622639085,9.878524258456896,16.236269168993797
4.6303696968207895,2.6729773192370723,5.629312215742523,6.9658755021881,6.725187319592439,11.408123539644427,6.6577495470296215,7.2250473023055894,6.987008330719979,4.35161361570367,3.111447829478417,3.13227780156989,9.161113057163172,11.50989223795945,9.577437623861279,1.8188777225564234,-5.774662590260891,11.118303898125845,6.054624210018288,12.370866758058174,18.529585684598395,7.3049660690854115,11.171922154637459,4.303378393304814,8.86348119021618,9.047134696258361,9.859770444325669,9.11121180439839,8.339348660418349,10.235098045688005,7.516535405235336,9.746550845638247,14.92737613706724,16.296630692122815
2.7751302560987376,2.24347752107767,4.210460406551192,5.30381259185208,10.0390229173892,6.795808796986556,4.345174617478318,3.884659114044407,3.1043452001780327,4.601095935865857,-0.6186938625748208,1.3958041528630634,9.261148391209712,4.38501971482142,-0.011782261058338723,9.666349429806738,6.744041061282431,0.9843001696107105,6.173405669386577,5.281966760456566,12.917247870401487,8.732179422621698,8.34613320998826,8.921538572993883,9.56361966273813,9.690562688388436,10.887070021667276,7.424923991903599,8.628910706373713,8.811864449583142,9.518302938468093,13.38977591370157,14.210333054345204,15.487977368846341
6.949660181530951,5.70049414784079,3.73605988120802,7.444700974179856,6.784523121457642,4.578029844491934,1.4894746858674175,3.8724128119229135,7.578407174704055,3.385232104048041,1.9642834282802426,-3.7810075771050484,11.087173426040962,7.898830458577686,6.388685193877213,0.6280693531045486,5.655532380254207,3.059683397609203,3.807457796766688,11.28358802113637,7.852575390151776,4.787861756232071,8.117375224966061,7.792972949127173,6.519401258776326,9.849090292306053,7.0622177210978085,7.257309025455173,8.523992584148518,7.365054110226408,12.845667007204336,13.760650991994684,13.51114627454067,15.051447390964274
6.017483057736926,5.976617819326595,12.642039391453839,8.121015635272284,4.292747131664292,3.633061151612137,-0.11669918356386796,-0.09691387312992084,0.17752697805342652,2.073406856799344,11.393524623675333,3.0128049757436206,4.571957766764377,10.235509792560029,9.895564775199098,-0.5524716071966643,0.5165015108957552,5.465032053292836,4.449433012478472,9.100772777665304,7.217780628232884,4.378132046677181,3.2237112595294835,7.623984593424645,7.219848076286806,7.836695551602144,8.852491823819548,8.457713294311205,8.627470215161216,8.881140407668477,13.942841954262288,13.142549211484324,13.722818945068639,14.649932537803375
5.419340538687175,6.5048725395556035,7.384274441559527,7.785872733031212,8.131797205502929,5.47587206354095,-0.5684639957297484,-1.6598844752964106,0.24606886088074686,8.477843460589948,2.846265917681096,11.518614036806747,6.623175880477105,5.421631567110635,6.692665237521968,10.033432586305317,-0.31720745751090973,7.529585036490353,3.9578348391843985,4.653835629225658,5.703545514087602,9.775105021725402,10.16440925428827,8.166395529423001,9.283770842658658,7.069945187932144,4.297402702658495,5.276982859745975,7.482970221179291,9.584449699866468,11.987727544111339,13.192419863654143,14.026298006207758,14.466785207208233
3.2234588482038795,5.445682151224136,6.137397566806956,6.835056229885175,8.337554298767921,10.009935339081705,11.02959966831493,-0.6277900343485223,1.102956349389063,6.461042408792392,10.521737629894815,8.371790388154267,0.9165450330123502,-3.7180525222897365,1.533018206823997,11.009106614237666,2.646587919937237,3.553680918096393,2.3852568343353138,7.386476980171167,0.7839276299923574,7.336767293859557,10.427097289038127,9.594610101646072,6.897574728481703,11.263386929733638,7.751634036449445,10.798089724390117,5.76289793799156,8.96546063837379,11.36991970711936,13.274542886500342,14.007153690242985,13.542336335797392
4.4955910725329,4.517885492519974,5.954473439079422,6.33200560248178,6.600252808046812,4.627611017554813,3.6650908374008555,1.9197270780180986,1.5800593031139871,6.794994039111996,2.2965824610767096,4.182024995599589,5.733847377582704,4.943572926960039,5.571002230187386,4.929091448579495,-1.8417005126482395,2.2170087714739797,3.493982033275587,3.263144854541177,11.586434721005121,4.277887531879849,3.099801520405232,7.5631291188081144,6.248133181909342,7.947706109702869,6.427709853180485,8.511827178132712,7.147310921672401,8.592596371267758,10.957832287407452,12.682498181735351,13.591998767034886,13.802530057992458
3.0535125310109295,5.236202832510838,5.67789900609334,5.635664967446572,4.896367637013999,2.5370447886420386,5.3252446360931325,-1.0769518901726758,0.5794787453824101,4.435087420030296,7.968964072327896,6.6571962187396805,-1.359655108239186,5.527680219924198,3.371078797624863,3.419503053742046,6.394089168329457,-0.3934731047145359,5.460335131757521,1.4246418294440215,10.079586727472273,4.1077657982287255,0.6139056009272451,7.07045101812019,5.808096717889402,5.51824162952683,10.573359352555167,6.894076670784979,7.253586873408037,9.312766636184126,10.526937020333353,11.524704357065817,12.267438107903011,12.954965754758346
4.5194302850240655,5.100324589094018,7.773953420439422,4.6954823682203015,2.6078656156085462,6.318440229950271,5.6364134959775,4.165149193722057,0.7311928431435835,6.983789823885392,11.21217112875727,7.7148883138297135,4.419071082583444,-2.4348691864961647,-0.7858598194110518,-3.395474704937008,1.4434207254281475,0.34481585729048797,2.0587115522663892,3.079142194948589,4.688684543461022,8.403069233748079,5.003135300197456,2.6734682702843595,5.783040831846462,4.482312900208817,8.498534103038459,10.352196778868274,7.852850009916266,8.239527488301514,9.162048124078874,10.40436358109657,11.700900868328326,11.765503464352449
7.823863842766525,5.960141276546305,4.778156609433483,3.8498637226377315,0.8383836818092933,1.0563030197962386,4.364249009195351,3.499678586279369,5.680366468064843,9.401026604754652,8.600899481281166,5.527307572731408,0.41939461340487016,1.8743231906105347,2.431241837077061,8.474667372088838,-1.2766819715209745,2.0136610694775885,4.025471921592244,3.4848058033330234,4.492308683511337,3.3603944206590675,4.5724396143953525,8.385918524479909,3.698965615017677,5.432192707472657,6.093451368243747,7.722647310321611,7.754689918278804,8.272565789736007,7.679491825019931,7.97835441470984,9.522621742150662,10.539585042990844
8.2367413992298,7.3305801010318286,3.8698067318430796,2.903547768874226,2.2827750159040154,1.3205015190016052,3.763192897225408,7.655938010320307,-1.039477377244253,6.2262842104696015,8.915984135663855,2.5854338687812577,9.424182906788484,1.5940666531591865,-0.6545002367285289,4.009579223796442,2.0728236206203032,1.9069083169769454,1.381521612021447,2.9852893561011355,3.061491071115415,7.013086894197351,5.060811319257645,4.8326475801329565,5.793480683889912,5.273392200224086,6.006446934807492,5.332658580004334,6.755765560079157,6.93464313936898,5.78387742651772,5.637607278920365,6.5898653346048475,9.114793554207331
10.127921862682498,8.550409640405285,6.108091719949603,2.8503914507710233,2.2933928110497614,1.386122759417724,2.6137101044399023,10.68713248411123,7.9869022735998865,7.409262865362013,9.859978119367367,10.859253029394157,-2.0075776989915837,7.529545507815059,0.9221652667280624,6.648168318769882,1.9345081838190847,2.656020634724484,3.137488960487693,3.3687066713962164,2.6373185608477474,3.3552768090721625,6.805817082191631,6.276809399519907,4.71224328440447,5.966619845711584,4.1350527592069195,4.963315106263435,5.682423124752809,7.18355753103059,6.942550970756786,6.715041901552124,8.383166513532732,9.597673494875036
9.99079504884602,5.778888598113432,4.569508731790484,3.017861007753119,2.0215764828511156,-0.39242051920657317,1.0217475578624329,5.500830349879631,7.720515011040277,5.717605842043823,3.6337915091151083,7.970351807206138,5.347857450787554,1.4286430636249887,1.551780198550054,1.3923152686925842,3.5123522772055153,3.9324842690904807,4.740817468493007,2.968803342330868,3.7278879272279544,2.912077491829352,5.311216151195032,7.32883630323709,7.60627630664569,7.030158154604202,5.764770434785602,5.620700728799324,6.105065792113778,6.37497734087318,6.8533179363806935,7.276522159737035,6.891846426568559,10.16897928665446
9.771975991362249,5.480183935490799,4.990647572572582,2.932579757392447,1.7280891840270594,2.082648517506002,2.138984741496975,4.861343776525451,7.397188927171868,3.5960081009757743,2.0353444535614647,6.332968036778069,-1.2771618531180884,6.716636154523137,-0.40707900837554317,0.8852256744594479,4.5184444662664225,4.9364827287913124,5.274755281881181,2.5508563337611276,4.730086303619289,3.458146836722826,8.210885997946216,6.0822449325279475,5.685961431950441,6.003619941264698,6.495375056229194,7.4078222971687895,7.036413718252676,6.882144135360869,6.239646487314641,8.132152941698777,8.907904842574089,10.351858643384794
8.838710891127205,4.732204158169224,5.334428952863365,3.039784899136149,3.366865867709264,0.9807327903013265,0.845944932544253,5.627829623779725,7.18319358061939,5.908842070449747,0.9799728285462312,3.4815425709483456,5.607087264545797,5.183192597652703,3.0812617888153224,3.465294358626299,5.941960267750883,5.935709574604649,5.644719318228741,5.4323713294011124,2.964118922549667,5.752132006848693,6.848839137849391,5.983822100068067,5.511236718405231,5.6271687050923225,5.4211575573192645,5.788882069691711,6.320707794306554,7.13279725930233,8.248144952953552,6.8325481893590965,10.691714530153078,10.579453191257455
7.493131555719539,5.545612194321904,5.113654274085284,3.2585689831492113,4.3934103270967935,4.230215466454323,2.2426913304002416,2.2356193386730356,5.7298361523662935,0.40046026937092516,2.3393544823501613,0.38236033059366903,2.582839243890866,1.5203843350379502,5.0806631418934165,6.4909045119952316,4.561223903874221,5.374044243896494,5.2619622830835615,5.3424378663003225,6.641907812797281,6.731143635049006,5.67989658360782,5.410949520042557,4.629030965372513,6.241478752070548,6.179057830389865,5.609715235925739,6.425242716297268,7.5073521471487386,5.709428492452437,8.519666023072265,8.679587367379392,10.496628876349064
8.977886530540932,7.2103311744404195,4.837968264494075,3.974806332640707,3.7804837630120205,3.9234629977584365,-0.7938397319098351,3.636871375956368,5.79153447251598,0.805697242514273,5.7453280760629895,1.1298043286603747,3.680511887996268,5.126735379789857,8.770559585557201,9.665198541621152,6.010887455583106,4.344446164346388,5.402835277935007,4.698814369266518,7.510188785777232,7.9673886919141,4.180661514817589,5.245380660433618,5.516307468720271,5.281648215073885,5.2576853765690315,6.031190524835729,6.7914014539737115,5.259634740864443,7.777199577637562,8.383554199656643,10.004269419832331,11.164355851631806
