script/wind150m.json
{"header": {"parameterCategory": 2, "parameterNumber": 3, "lo1": 6.000198445256149, "la1": 58.999992894266676, "dx": 0.5, "dy": 0.25, "nx": 22, "ny": 24, "refTime": "2024-04-06T00:00:00.000Z"}, "data":
[rows 0 to 23 of 24, columns 0 to 21 of 22]
3.622461459654707,-1.9232024378682415,6.416575325226791,3.2430619004022865,3.497494460759991,6.0842733802773,3.476177657571026,3.305793190405349,5.814039002435078,5.341214962585523,4.318954177898603,-1.670107906859016,-1.7190951337756246,-0.117761729917107,1.2204547140903725,-1.0086276298039878,4.346300540402294,6.278738825942002,3.1929461745560515,-10.525518327230442,2.8733806426804454,3.2461728667850496
-0.06087323090393842,5.202344372708856,6.390883959861986,2.7293143861501665,8.247405784966913,3.5010077805814173,3.063971206505156,4.129601084007662,2.9844564645762994,1.9632842349286599,2.4602862632873963,7.600015358579501,5.948879581917817,6.460092675558073,2.3917929301188936,8.34093011370299,3.2695971223287823,-4.59015995064366,1.557056066607133,-7.909888240310703,1.96910292485949,3.1839204778054664
-9.632343963301771,0.25983973393280924,1.7699105384336244,1.6447514323484278,1.632073276363227,2.388062958038703,6.093014267026622,3.486744213973872,-8.425472707013718,3.06248543436329,1.2380484576421145,8.18122776374644,5.129780010471377,-1.0941025175810928,6.06509077980092,4.234030033012046,5.631513200135103,0.5991263650474198,-0.5760089714375389,-2.711576911346333,2.8633193796446084,4.10421763950315
2.541253459895685,3.196408553080701,2.0227009005323406,-4.575670122008901,2.7235985938925293,3.703890084342677,4.182028536040723,1.1752506798893625,2.793395825944825,1.5075443710349852,1.9219818351439268,2.70360365618952,0.9043410234393183,2.9397396151676083,1.6747602330950333,-3.0360066530942373,2.9503144802947796,2.5407588538552983,3.5082108617406687,-0.021257365015691657,2.0561823012950873,3.0794744814175905
1.630458556197612,1.890889826286403,2.5213786411020607,6.499399618392446,0.41601302374936966,2.7946211448222327,2.6866853476244312,5.354137382654897,2.166827997258768,0.34230326339263517,4.626645691264641,-6.208821426726054,6.8307947154596,1.5816375833461664,0.6886573030400007,2.0234660640473496,2.952261167341504,5.452133980397805,1.1461503052326938,2.310744998785883,6.919089346832133,3.1566296872063084
1.4255332082574437,2.865632211556976,2.955273288273281,2.981275563390843,4.658508546747978,7.280285134314068,-3.378609434720953,5.767881427348587,4.983763206855988,3.826023890496947,4.372741745648586,-1.141007202759087,4.120689955219569,2.7507286304279233,4.161320358203493,0.04091931869875695,2.4937975754892663,-2.1886155981869657,1.8286402079594595,2.888651376144645,2.3796626275054176,3.7084119771120005
4.111892405734617,6.917570056410428,2.8044132844561,3.003170009185103,4.416661052258081,2.9248260240771846,7.300494496368068,7.2362411656174865,8.04867095946079,-2.426672148179269,2.173449514438447,2.0762366923422735,-0.1295708831199371,3.852199187042188,3.5325445326878935,8.010444532318784,3.6320703096876192,6.059756144511396,1.1580213272761697,0.10082207918863034,2.2716968800850306,1.1564859460122203
3.5957599135070826,2.34761103643246,3.4217576367769555,7.211162552071001,1.9493185223889922,0.7184058177083824,2.8673122349725655,-12.15127157187838,6.807634096411396,4.176296858121804,5.122640161619668,6.365285277801981,3.171927631198678,-4.774800191143074,0.05918828784435955,0.6914946719930138,3.793181309637226,4.697992089662184,1.426542105596806,6.192317692225272,5.931960438724111,-5.9494578528546835
3.783033035543047,2.8191268131640457,-4.494130390948423,2.729554232149527,2.9583664788902517,4.9670762788888485,0.07417458633077982,-10.163704654574795,6.833036477217255,6.629110139878582,2.5173222111534135,-5.912485872363793,3.9376363422788305,3.7086098742584097,5.992439647166556,-1.2952650913902115,6.922065265364494,5.258096136800008,-0.09490234565472053,6.9512348117289955,4.027137540901321,3.2295789519806792
-0.36480534411542476,2.7910521753783306,-1.535521099866605,0.13861654431013365,4.485071837525994,2.458633070638195,-1.3740214817918657,2.588740822597877,2.323870399239306,1.9317774721842267,3.620321659725897,7.417486778490608,3.553331296688285,4.521618811793575,4.903055213650761,3.180181476624835,4.225274346592951,-7.428329561019514,2.2688390669629994,2.6049672682323903,2.842312215743905,7.0263510572093155
-1.7086476585754282,3.6795602408926897,3.8264743543263755,4.663820057003981,2.2330951269916053,3.133329927723129,2.518069374028781,3.289961541835328,6.692281494760939,3.519670309791068,-5.866808470944633,-0.8373056716379021,3.1269065651856476,8.394377090294402,2.567312755237289,3.5143725312749456,3.848051287002131,1.4450075891304117,3.5013197026491056,-7.695507084463633,-3.8984985615089673,0.7826759498702786
4.223407124365351,2.9087892088103553,4.042040720259301,2.450282306151052,2.687725895263746,2.248941252167771,4.081258674987095,2.2594384308378386,7.003405251376851,-6.323878939615776,-2.9063270633850284,0.37018352123952464,2.4293389762555546,2.866179372294259,2.753390755571133,5.122355524286679,1.735534788223496,4.302039400092195,6.14960911856569,2.5722291600688876,6.598390911838341,5.59122268980923
1.3930623283850725,2.7648256703902385,8.475918021889367,6.380812174858983,2.3588447071198506,-8.582026917804274,2.6778294914393856,0.2959719120363279,-3.315182293212251,-2.7767091123014556,4.334785547508372,2.324169910946243,6.016438471537582,3.534204517825235,1.0410409752682268,7.376540866166347,-5.011938102998614,0.5368051038744168,1.0084839120155147,2.6295566705700613,2.4506543439714847,3.7744015316233583
2.2235108071090313,-7.356980173219912,0.32734920295837766,4.696005240845502,4.189193383552134,5.592966844768447,6.868874965154104,3.7042867218993942,1.078930302691371,2.0840604332138777,4.221302689086718,2.6236699376165697,4.6213914476722895,1.1727097108588949,2.8816765939442255,2.763486913191595,-0.9544951287906275,1.605794786387311,6.834344082243632,2.3461860474643466,6.874478974167587,3.360977825278955
0.7669305143635278,3.3418322561979497,6.614967874662434,3.9471126180629947,3.1758678871541544,8.266483430348108,-0.06953197173343056,2.113695411019956,1.8626022493453833,3.8392495084572147,-8.05028384819218,5.728556917129403,5.094340733477525,7.051734886529986,2.7777480162245944,3.7037178678281126,2.6305860597215567,2.3470192832360586,8.749898655243202,1.9210578069083792,0.7359372003981606,1.378574614752546
-3.612069039323011,6.8567186465030465,5.1936821680217164,4.544560631817661,2.4019549635870328,1.9306745992978063,1.0037705409952622,-6.060508656601906,2.2384900545020145,3.4693792035189146,6.098701636737184,2.919300922812841,3.5625648266778778,-5.174776426648304,1.7100751686725928,0.999099565254548,2.0941657576201367,3.3202522312402727,1.9507569935029947,4.494550445051666,6.298874592847435,1.32927207893559
6.01178153786008,3.1981092733069016,4.169092838679686,2.290857956209596,3.851973723904169,5.000855002569501,4.0408151630924305,1.3212141843474041,3.2743105851065626,3.345021181501671,3.2128502459995762,6.53385295384888,2.5534649693519063,-1.4622102080061865,1.879830229599838,6.185357922003059,-1.5580264184053354,2.9608436669079925,5.548921106318164,0.3996208664697117,-0.03977657823009006,6.002392530634623
5.534041420768337,1.8537804881744715,8.007029494720118,1.9913998812319562,4.647695601692847,1.2056077757572399,3.265166530682068,2.7454425213747817,-2.1445778955304267,-0.4912260327284734,7.7600829054499645,2.1057522704843086,3.2292416873773857,3.118647848252706,2.966238406187169,2.0154850653449814,-5.116130047861193,1.9678558271899476,3.9450566729219894,6.774801371731042,4.667501666669825,1.9802714800925514
-0.21224547904083907,5.414539367887073,-0.7353594543378627,3.036945060030752,3.7849632119635377,4.048053655982641,7.095987427551406,2.0859057281979423,-9.510274506795755,2.8278512262064766,2.841215948947658,3.458658874651035,3.6116401110048257,-0.5671620652907507,3.5599392884277576,2.5753854590120437,-0.07677122773929763,3.8905212695350726,-2.165954407181611,2.5512039070758297,6.419470550249749,6.4442909498223075
7.06682482710798,7.206631403232567,3.256474735979098,4.46271100759993,7.057183797063568,-0.512479410393698,4.494803853330826,1.870509778208597,0.8114447367145882,3.6993883438256594,3.2751801190702614,7.217706772201465,1.2308805853075278,2.905590660054467,7.63872151130035,5.366958688255318,2.792105404320098,-7.102136742736829,3.6193549858208387,4.866979939179585,2.831650285315953,0.6068008527597271
2.8421388677421833,-0.21411242595259444,8.65865462757675,3.0916620814022915,2.949488706357369,2.78317439411489,2.9120533021700465,3.978915649323673,6.808537736851398,-4.47007070910989,2.9760842674079986,1.508783409758839,4.156199554770753,3.5355998022080932,3.9121879673070183,4.849902783479708,-10.122732112825236,3.7029771079751184,7.3062214944484065,5.046747873616645,3.324677830002825,7.2373953946121965
4.027161012635503,0.8711873715022926,3.8061047312033542,0.9707360594575561,3.8730456605607957,2.4135130223636034,3.137389864925026,1.0033493846304395,3.2645780146044925,3.243083200901455,3.615880745218316,0.4379778718384202,2.4427610075959048,3.6278807623177642,-11.936441434756121,6.228284661722826,7.26588573932626,3.7741079323521642,6.72121044972467,0.14900108925465022,5.0404937343345315,2.2621631042280383
3.4404053024887475,4.463600666430199,-6.064666522402222,0.4303099671083389,-8.280825424536616,-4.4787652171909516,7.446100821445223,8.541432550142815,3.7129941700707074,-9.680622264131472,3.0918313471879624,0.9183867761102072,-1.5557652830076665,2.7595827483040387,1.3823935133738907,4.284020625399686,6.341170334771746,2.5049928376136426,-5.501137333347926,1.3765219741815724,-4.467085550938589,-2.3589378996950643
2.7784147690058596,4.915064032793576,3.0405344973742214,1.316833133433963,-7.021354478296822,-9.848429841467826,3.1390388568140906,-5.847476150318216,3.0576772858639973,1.827438148189706,1.1199832353063324,4.441675065858606,4.405080971276063,-4.155541066040273,2.4803911468307174,-0.47035047854264844,2.62278442184631,4.7665930428618255,6.179979981744522,2.279291145582457,5.58133311578191,4.532625197453183
