script/wind50m.json
{"header": {"parameterCategory": 2, "parameterNumber": 3, "lo1": 3.000054539987559, "la1": 64.9999836372058, "dx": 0.5, "dy": 0.25, "nx": 34, "ny": 52, "refTime": "2026-05-08T11:00:00.000Z"}, "data":
[rows 0 to 23 of 52, columns 0 to 33 of 34]
13.511645707212105,10.159039069395515,7.842995207608165,6.040939752037855,5.565921949807128,6.614204518137701,6.596137963075815,6.250131850910075,4.925789403523882,4.166073211131465,4.129057740421077,3.0860548087337474,2.9172711606237773,2.624507657584151,2.5474217981560288,4.176536040614859,4.103496434571023,4.246941465105976,4.3219616977977005,9.819141677639866,5.200006307454944,3.0785590482800282,3.446882315981263,5.255725985372622,4.587255182711111,2.6754149463678663,3.260846419417713,3.4620390607924647,2.3389420940984196,1.8611302771470102,1.5338908946415193,1.1640382930656066,1.1996789047128542,0.980524008721247
12.922511904191358,11.823455359165115,8.706828833091489,8.364146867328566,6.950667117176192,6.258549477500858,6.4149262125525,5.10780929887065,4.750561211165168,3.903819189220626,3.1969452782328895,3.5406029735587934,3.805790079034397,3.8639102676187074,3.5059824654870035,3.1371706038989173,4.57183091027267,4.280714410569103,5.910912604636088,5.059238950071611,5.296963208139761,4.811235393808311,4.177241578349481,4.568257814822045,2.85427971207508,3.154715877871286,2.777808614853894,2.8476339806453415,3.2532720353694664,2.817862266575198,2.02468938208021,0.8688527714184799,1.0328320569025313,0.6423057957770718
13.129529246770597,12.658276971864204,10.906922643081085,10.152683913554368,9.054744150719443,6.833745289427666,5.248319328703248,4.135329053287019,3.696295147597229,3.5219435154831764,3.613478211884391,3.395122897108597,2.964956125964656,1.9870757847810332,1.0506906805295833,1.9585691053323417,3.9027961095276282,4.157542720006881,3.6238231323970904,5.550185478329101,5.763712416463802,5.210206300182586,4.558404410439422,4.961712486588437,4.275842969065973,3.401134135216765,3.221653369264647,3.4010042984592426,3.126271126013812,3.320349443013558,2.927657820380638,1.9482307586181167,1.0359619015168058,0.8720014164200105
13.186907448643986,13.48432238836647,12.934478778382589,12.0675680326236,8.87371854866747,7.038672600708567,5.170987786867704,4.252043178171197,3.45382125347534,2.998235209095002,2.9164455833667198,3.0607956582129607,1.8914282518295589,1.276450290112353,0.021552201409386327,5.644127556448353,2.913541431879874,4.901724013685572,6.094342586030234,5.17179756899413,7.696068783636464,5.354859465119563,6.429907871249972,4.097252937853713,3.6633926234717626,2.894791185299581,3.4640910338124633,3.8467294914973946,3.5899235301939614,3.352186881079145,2.6503812170202363,2.3528377967531653,1.9459614995070391,1.125138855948518
13.714180884642907,13.277189641060518,13.814074853375335,12.291624602014613,9.836824084901423,6.16767735223993,5.158426117964423,4.384476507690443,4.178628489874875,2.9601560188685254,2.906320383148929,3.150176955414768,3.5430388109849504,1.9922947576719545,2.656601509760299,5.463954317485937,4.76641642928764,1.0917004673205641,5.746108255832813,6.72632662374973,9.559648527959633,7.253250199089124,3.9684709498794124,4.867069249630496,4.014214430661983,3.565243075976376,3.2487885187265038,3.5307121898245084,4.110616372601548,3.215450583484341,3.359650080631236,3.371823383379639,2.264693502843266,1.5617933319308714
14.459310239515238,13.955496482365003,14.127351792490092,13.385441339908725,11.341993627076706,6.857196568206802,5.877761193131154,5.002125183051701,3.680326468710236,2.571087846250915,1.5625606725207917,1.1557698472608662,1.949629409172848,4.5321667632193305,0.9779957222365044,2.5576179357956326,-0.7853219710714158,4.959378538156331,7.026266248646846,7.052799591965171,4.280581816637882,4.434691708061949,4.893892744585213,4.021477160107562,4.118565318842791,4.354037064333657,3.7286460675106348,3.6165050680052566,4.0251876110483815,3.9335288951733514,3.7111647563872343,3.3233649343246596,3.155971224426474,5.3148615683108344
15.311853083615391,14.942973647906667,14.61512810790639,14.248785724039264,11.966248837373817,7.883706889552218,4.91670535637067,4.717559831585046,2.7421631470311847,1.1428367159148194,1.870044349269517,2.178717886113458,0.39213568673461136,2.8790801652101594,0.35047592106663733,-4.152489978404441,3.95590108529322,7.168875412551947,7.8476575468877305,6.614107630388348,4.643719401679548,4.26383857440449,3.954119625577401,5.022068585722298,5.158378350496424,4.434689728844663,4.427999628145293,4.443237801640258,4.464167056334496,4.001001284667841,4.108800694850238,4.5721797560989454,5.1255085053451035,5.8915787183732675
16.475027948900742,15.687238131511307,15.379095164506635,14.949587332832587,13.425598348400484,7.047531990288958,5.882313325448922,1.9246609765640463,1.745271010811642,1.4593160111841725,-0.782863303851452,2.444613159601709,-0.18728996121691327,1.1676943052281652,2.868859755353203,5.35289722976602,5.283890305056479,8.26037721935732,7.604487210249386,6.48338097450613,5.520961139334835,4.171584532716212,3.8484654372355234,5.008682568375282,4.844718473517316,4.365810170406241,4.593497968318265,5.122588530401447,3.5894374697403113,3.991856059698159,4.900376449659084,5.526354400262334,4.321933230235056,6.154893827181311
17.49197527390078,17.16222168595698,16.60612665633727,15.41121901775528,14.185586739825402,6.582947209693176,2.9595159592891847,1.9148046688601155,-1.21702788443485,1.6920271756494607,2.3958822047372714,1.044813215358455,1.6474002220613322,4.958686200490278,9.72746280546088,5.505088070559203,9.977040445268738,11.825158629836245,8.612534430724581,8.375222193113213,10.702883300518753,7.654880282228035,5.689165418950793,5.245321480760958,4.9033027212846365,4.791321300436347,4.1502618170122485,4.281357347903728,4.525755319752177,4.778548710439865,6.003404413189508,6.116626074156026,6.535255219443047,6.695244982238054
17.882336735969456,17.43673490831479,17.424203306502708,16.378426300001216,14.042929715148867,5.529832757323337,2.335669766908373,-0.2509124882106433,2.654149203567112,-1.0596246582654911,0.941480863735714,6.476374203733226,9.000060185075405,7.958737549765001,8.288116486169537,14.31372636803998,8.58779999407086,9.310006907098431,8.063162537571646,7.086976805633448,7.8372222977110795,5.043041031058509,5.034019473072473,5.04661771277139,4.973157449298742,5.098737646062149,4.432047961644564,4.642658596632049,5.135332318189672,4.998586353550479,6.629666029770983,6.512597378375994,7.692878209367168,6.899252883805489
17.909117888787783,17.79872169932854,18.35726071731303,17.37494185623368,13.925855842339168,2.9509465165766637,2.9038529931684702,2.473947397186492,6.244879523991958,3.7571618249244274,9.28354320900135,7.06133098440179,12.512802199560925,10.7257973963602,11.168296146522886,9.777985253780505,7.712451595511007,6.132062293823821,8.021125378178773,5.533368414856417,5.787133071074777,5.558234530041725,6.037484874424695,4.18596551109761,5.004731061455746,4.121090812582048,3.6721279956056008,4.9732484054556,4.651034342756517,7.048434130755541,6.496765378650317,7.107114830181729,8.40457919267087,7.356106915847181
17.54931357801953,17.730942294971552,17.797496388932462,18.045062734538956,13.674163786102524,5.717130786555987,6.928177746168601,5.995165709824413,6.141311770246068,9.561298226648624,6.8772029112705395,3.144274596723052,8.1518812486412,6.729938014276919,9.378625478161712,6.070036193629449,9.107262842994404,11.030779957300082,9.074988632026654,7.602773355517945,6.651098812254816,5.506335228539323,4.574810463580743,5.63339229770132,5.03115898921501,4.8864676310145665,5.16018869004736,5.070882773894476,5.70489485023057,7.774369237486438,8.47030034937055,8.179327142211873,9.14210403793216,8.476697453767963
17.872925653981476,17.483749342432187,17.5704758852431,17.721443390535462,12.552037918752276,7.1231110227347525,8.346491710974782,8.570271331818192,9.893073487410136,15.279023728197155,7.853155096433684,8.554376536858875,13.27306978822842,11.37724353977303,10.22148021737388,10.778848557179506,7.428590720517757,7.303794722792413,7.045172983458679,6.162061391536882,6.128660333235213,5.635053856335739,4.653863209468034,4.549470553390916,5.665690821153408,4.430354852022834,4.404598312657581,4.74387325039909,5.8858918614762015,8.909267179475835,8.644715568132753,8.318506339031808,8.457458578210904,8.39053144932482
17.660997749588613,17.85628352964126,17.871812325712447,17.305441031807064,7.422787053995409,13.427631770577266,11.677251483451085,8.277143943439933,16.946620109686208,13.73946137475979,15.977944930410825,13.432172585820416,4.8729852662676265,3.7181333547781024,7.511622945057672,6.22396666871918,8.73498598518348,6.370039385772513,8.544248905241004,5.813347838329186,3.8884274024902474,5.606491110952123,4.238673300767854,4.857179172153702,5.013638016653252,5.285957903402,4.142933341215371,4.5355890205785885,6.01199189912554,8.245457731401094,9.117083237350165,8.260613535575727,7.7175298067364135,7.4333149497593265
17.32798607845574,17.51511212875133,17.258144293830785,16.10383724741468,10.362123649048993,5.230755974297982,4.424249620462647,14.497720133736482,7.713183426740351,4.675976843338232,6.661883980286127,5.324319208771819,8.689105007213678,7.920015682526139,5.735658915541719,7.616659802676254,6.239256418067655,6.035150655066857,6.265974878904532,6.100290202734032,4.664361902622475,3.6964375087133754,4.283220911687258,4.422317509711224,4.904622418714688,4.861683333178057,4.637630996888699,4.621852652498255,4.8298107057965485,9.776513401855233,9.002906178415245,8.27614744192176,7.216811105996011,7.112714333225315
16.970331955039537,17.440396168357836,16.990578277829275,16.527474065173994,8.595571542233817,5.866751428499614,6.554402927692467,3.2735405285213006,5.035383289362305,4.914506643020562,5.967063493548037,9.321669472916438,5.49974661538637,6.794211124402574,4.181466106514136,5.610417080014977,7.004155029915972,4.881936888140549,5.335491796617737,4.604687107743827,5.256031319449215,3.908086559551316,2.5476537305178075,3.449039273365902,4.381439310486449,4.7210149833172474,5.174602970375543,4.8190628590683655,4.621761829945858,9.561507419443462,9.298838871829835,8.05510026955747,6.850307958365584,7.165859403162952
16.887149057530827,16.74346519150306,16.63933893485242,16.045187362055163,8.830125824296259,10.827897611087268,10.975500100808283,8.66650845533944,4.846222605881731,15.136671658174471,5.2891068938727175,7.907700408723206,4.805851872927797,4.579152263759185,5.214237703488041,2.525849282246875,4.733316667272754,3.5545895607207254,4.6601077802043624,4.9856847936687405,4.7480298052068,4.443912455480667,3.546117123533504,2.0488886405022844,3.907088187119515,4.641855427664139,5.394136670633487,4.837101967832619,2.32451929708016,8.559111711515396,9.71944991007154,8.755241452658948,6.3479785610930435,6.027914148013043
16.67043260142022,16.872256653274313,16.218889303324623,15.387036711999658,7.801297809837996,5.368792585648625,8.953651285677402,6.596462774668999,12.868255046390127,12.33418717201559,6.761211354628197,7.671942261045962,6.828070996434262,6.250691412240581,6.285653934430702,4.707534824691701,1.8607030047083186,3.6289016293706995,4.619495885783513,4.80239503407222,4.88441020256683,3.4191029745969206,3.6492920971314873,2.849341825038743,3.602277608636497,4.678071830983692,4.746652554765008,4.680501264188466,4.367949708132082,5.831999396487304,7.7681675621860835,9.501358668393337,5.775573113212339,3.270179648930707
17.00486043414893,16.299362577417675,15.848071668485419,15.878918637099236,9.128565256843244,5.161084047651078,10.715791168111032,3.186780765823512,3.3912054446337825,7.567996712819737,5.153634274280724,6.846559593277391,5.410150065370938,7.096729353376773,3.758549851729605,5.058698905834623,4.738004867739295,4.280711663712677,3.328543004813661,4.152809009326604,3.644365960509788,3.928133051433607,3.5465204296980835,4.158391103505857,4.4972390663647674,5.258894655778665,5.153160712679171,5.003672659974098,4.711469613878155,4.472242352269314,3.1302260424896646,8.263205561243314,7.500825413918679,2.9446830417897836
16.444121748127706,16.608081238908554,15.73203654115153,15.323016641584283,8.359261238085054,5.622856478144812,4.249717649924973,7.783505644896888,13.773776087668505,8.372146762017437,8.407045605805243,8.929431760867525,4.26236636451245,8.482738685319331,4.531556989918301,5.332311153881223,3.835878287676187,3.0357228788161863,2.536959906373764,3.402541317674997,3.209356154904494,3.3020103547145623,3.474692177454801,3.7799884476323937,4.771464267779619,4.858162024818943,5.1407352371148685,4.693622944209657,4.548933536392242,4.155859678443605,3.501348789473734,2.6964825131196903,8.127028374588335,4.980682193061587
15.601274995062928,16.003822903289016,15.28666197706206,14.214874280143862,12.486710301845978,8.169065589946475,7.0010475997844805,5.732823316351723,12.304563632348533,11.663030445746093,7.5223774883710774,6.430502006135468,4.88718055307975,5.753747108655921,2.9949139639995224,4.300842435035775,4.382570352630731,3.2787795691036004,2.6899513477627517,3.0982429333135766,2.9183690632028205,3.1969354242556336,3.2647503779656306,3.4540622300902295,4.637461324496197,4.652547693318727,4.608483581733386,4.660354007606647,4.495069590126649,4.58633328188791,3.605450712428949,3.554417197860856,6.310271234550432,4.5720051168785165
14.955904558650165,15.131083066350989,14.317523033074444,12.713805267198792,11.41049187226838,7.608025102938701,3.678491611125538,5.481203297886298,11.772538843974598,5.466323470786416,9.811079641208993,7.7303879757822,5.90938243492195,5.975040118836112,3.0485758141505372,4.439296865255246,3.9703882173708953,3.283515308006572,1.9903533473636297,2.6809863979413833,2.116528063353624,3.123882328105535,3.1796179135655604,3.3453378869138213,4.426518833867704,4.312544352267825,4.537111143570817,4.994937250940785,4.354132083492744,3.9912031380159916,3.3990180920567297,3.142681491214797,2.9977557978096527,2.5837283123197383
14.548674009942596,13.959743444330808,13.46712117866204,12.798232147136478,13.034197640250094,6.636480801134226,6.181852618860912,4.612241445381052,10.898167500022431,9.090400167695902,5.716576294285769,6.081022718489587,7.244831178408689,5.133000521721193,5.967884784466293,7.709044499139385,3.6686338553604196,2.8829055460225503,2.0234277556334885,1.3928797334155383,3.0231425294565284,3.199421173927061,3.901048181734873,3.933546683524036,4.627283056707639,4.696101536224144,4.618405616975263,4.679937529042505,3.731247834204768,3.992725051051725,3.3190378381704595,2.576882540202833,2.63430172990264,1.6378460712270908
13.70536958644561,13.527135868051603,13.082033856921178,11.703887214131441,11.165726746087621,6.850399146042233,4.989365924144742,9.584285839509393,10.700677706327774,5.625993699715121,5.804595803952993,6.053596042491772,3.680281941482296,4.449056767618549,4.736869783277338,6.166377495476756,4.0149584968292,1.8397588804020573,1.2474505937312241,2.026565018469371,1.6111421154092662,1.8649440554953587,0.863570416700449,4.232922274632096,4.391761106034899,3.6973000716867843,4.220869221950574,4.152950893870387,3.78910799925578,3.9665125057895962,3.6365982455135697,2.823762264117695,1.671794623469314,1.2319502163688125
