script/wind350m.json
{"header": {"parameterCategory": 2, "parameterNumber": 3, "lo1": 3.000054539987559, "la1": 64.9999836372058, "dx": 0.5, "dy": 0.25, "nx": 34, "ny": 52, "refTime": "2025-12-25T00:00:00.000Z"}, "data":
[rows 24 to 47 of 52, columns 0 to 33 of 34]
-0.8503694862426724,-1.9799486377243003,-2.337200732500151,-2.0460506197642694,-4.252966402424782,-5.380150284606592,-5.326272299163241,-5.552981946323494,-5.239850253986638,-1.8806494917532621,-1.8653966555947274,-1.065581746885215,0.9503371667216479,-0.9439237860117208,0.07373874190117442,0.4601214448151243,0.3014476613754376,-0.3157902556832427,-0.37208916135132963,-0.4370705609803584,-1.313801663505275,-2.4366882805900922,-3.162040571756757,-6.181701226125807,-5.322370946029589,-6.728064673121106,-7.4955338202459565,-5.8037948637454635,-5.713911176440367,-6.211624397692292,-5.298323438629919,-6.022269906642014,-5.874603546718035,-6.155150591923792
-2.2663486841965246,-2.3305583077582184,-2.6312369620369886,-3.781671658661013,-5.954257304270719,-6.464995499547989,-9.032102501396627,-4.335211265469618,-4.685447315196742,-2.981505216796932,-2.5698693662816736,-0.3559187313310761,-0.3511697935151463,0.6332250826170029,0.0037302787506541344,0.29962184233207045,0.038717168192165134,-1.346246836803741,-2.2186243135029753,-2.11452314540255,-3.3719997677847506,-4.460623814670135,-5.529412641037226,-5.918691261088155,-6.38775298570869,-7.29895595110201,-6.822409043682593,-6.7038817091921485,-6.466035275546385,-6.421555079560067,-6.592299724429744,-7.184464864071879,-6.52880190189961,-6.431163490512594
-2.3268233340713502,-2.8942490302690755,-3.4591951034847477,-4.313578821862236,-6.174142600575323,-6.923477699772189,-8.588341148365929,-2.825955859424851,-3.988527343605254,-1.1991825333357748,-1.721820234158028,-1.1615929003334837,0.41833208270621486,0.1300526239980907,-0.05162343689152893,-0.30242599567251677,0.20539161639964693,0.12194388440018487,0.10971031407600156,-0.8545651039026327,-0.9082240694379179,-1.8416518573795742,-3.313533246864376,-2.8824977316683116,-4.576390229024679,-4.892140655553319,-4.349475576572064,-5.0713662307069205,-5.840065425623129,-5.719981252887935,-5.954010922258335,-6.586766910105641,-6.501005803188462,-6.164253790869622
-2.0108218249545455,-2.7193446395664305,-3.2259410193225846,-4.386092663308155,-5.844019405820748,-7.540384206355043,-3.4125601693417598,-1.4171776482072138,-2.4965252582786555,-1.5755711513020885,-0.7900774996206197,1.084911919095421,1.3705336216407455,0.06494403706208646,0.6707898490136281,0.598809942687432,0.09002743754591405,-0.3636828669347743,0.10420797145191449,0.26366372890107853,0.2877248569761919,-1.365122351685306,-2.362776737662738,-1.21342813014847,-4.421589893504841,-5.932521147284613,-6.0711349726265365,-7.112571285210026,-7.164159735595326,-6.305602620830046,-6.031900350327901,-5.652692463205165,-4.416381292588436,-4.017523535439175
-1.823024453131383,-2.770047024748825,-3.741238168523662,-4.078186684976867,-4.8243504407567075,-4.886635271183848,-0.9170876950717644,-2.1331905643337885,-2.1238434934446557,-0.12350065331032015,1.5568442118804118,1.5214477630653354,0.08354387166836028,-0.14316131467822593,0.23039795145157047,0.6325263652104632,0.2754499945521861,0.47582347183708457,-0.08808201078594258,-0.359523986705473,-0.5617356129407294,-1.3357566079755148,-2.398756524078378,-3.5885336385246616,-5.0054841729646595,-5.684013973788798,-6.069439385521931,-5.680889075904139,-4.480766824757883,-4.862743752500394,-3.2493888069457886,-2.4766730189311894,-2.7111948836513715,-3.013401742264459
-2.366423789032683,-3.005369783612256,-3.7414381920003668,-4.368901530750133,-5.353899485931876,-4.11174956284107,-2.9490519580026553,-3.221407687389505,-0.3080530700944648,1.2774547659406852,1.5258595046874797,2.085845617251943,1.1531559588763325,0.4744222043861926,-0.2117239859931413,-0.8515912341212593,-0.1803188455531109,-0.5824891142392642,-2.7215345657089998,-2.281023102937177,-2.296669551587837,-3.1134880053071443,-3.2799329920199285,-3.1351120383877364,-3.3014184613107957,-3.9340084181898045,-4.964246731043654,-4.655324426043124,-3.10593941142187,-2.6074046170380094,-1.6881993620514737,-1.9432256951790325,-2.8272065028355353,-1.6314497451340864
-2.2377400664573264,-3.4844851857106303,-4.460442355624339,-5.159542294727104,-5.535737820264912,-3.404918805231092,-2.2546324324676235,-1.2570931266793002,0.11147511464434791,1.399003235730909,1.1646891289374204,2.8832034848937593,0.9019528859449651,0.3920892009596978,-0.7191230934172378,-2.5517741688856397,-1.557911728468869,-2.1262253691180852,-1.9861419045822435,-3.2767049413365164,-1.4619813760998515,-3.431881527865104,-3.330960570370863,-3.178857840331165,-2.465633346740301,-3.8830947527834896,-3.1577410515599813,-1.2449661814362167,0.22210279433754057,-0.1728681595646415,0.20057625335005982,-0.47056994119339396,-1.0643652047935657,-0.39824558078253686
-2.592455757342468,-3.6526477055990614,-4.969772829727459,-5.7056095144938865,-4.582679512536934,-3.403813011457088,-1.7069028241493835,-0.3997566596987018,0.7420554166468722,2.568130409708511,3.0599241940251076,3.417313697076998,0.9754720696953518,0.11468743957942505,-1.061234622346868,-2.1852124109122975,-1.5209184102492868,-1.969878330133886,-2.1312165375776275,-2.081377698245356,-3.908798108006523,-3.5566813850819017,-4.324914942191812,-2.5240380240697675,-2.237506578802768,-3.486041815777861,-3.673523370146764,-1.6070845575369552,-1.32226727439184,-0.556133236694736,-0.959124778792926,-1.1835616961232143,-0.22443817804541616,0.08932402376697618
-1.9524411862480768,-3.6526985643841767,-5.175545816300663,-6.7300391279435585,-4.6522142805070335,-2.88886383244522,0.6492886295010601,0.44528686066291234,0.6529021724070362,3.6461888952629433,3.45283708757441,-0.5402168494873176,1.7533889732253638,0.3872357959162426,0.09604407697985572,-1.1075111749383952,-1.3781939643616687,-1.7680908857607673,-1.6629399558138223,-2.015415905302624,-4.700968836900607,-4.196369621675792,-3.196976414895699,-2.01124659878009,-2.1402398244092873,-3.62426694961552,-3.083309760091346,0.14540309673279928,1.085345726324313,0.9460766174281083,0.9420710505244428,0.2248010446054406,-0.0141035360903579,-0.31518025822855206
-2.1200707914882666,-3.458494121714338,-5.159589877993446,-6.781391353083241,-3.9878767706369604,-0.6872175946330836,0.6218484594471583,2.081037263326081,2.4489415501934824,2.9912871233122607,3.444564755313166,0.49020437434945113,0.9459607906371416,0.6428230695750863,1.1817890046735036,0.3984333661924941,-0.2270008408537063,-0.7594533902085123,-0.7438354188732401,-0.629616797668006,-3.6909952063505567,-4.3318788470572365,-2.52920297774566,-1.3061903451596606,-0.8334869027757394,-1.566635466518105,-1.0754339378660893,0.571545709141649,0.5480718620267022,0.4870640757198551,0.7167076683479445,0.5722634831628599,0.4274063426106268,0.12627801869018346
-2.4195136366038636,-3.6650798738944093,-4.612945700790954,-4.754528035173299,-2.756386123293737,0.1137455820010394,2.467913930022378,2.6255107145798897,2.138279196732412,2.815441973535745,3.0953674842217636,2.657291891235337,1.5031086709054935,0.9299198826095095,0.5412272971093768,0.5490660163640677,0.002922945911245412,-0.36676139232932187,0.2255937807517898,-0.3860695559625813,-2.588449022309943,-3.4970934208210482,-1.66903423962113,-1.0766419363457909,-0.48997006727099673,-0.4634882162422216,-0.14882575223064798,0.07448999627598137,0.8501818915894213,0.7730835175678403,-0.0712714825768661,-0.27356777502548396,-0.10690571669380472,0.12452610806375657
-2.200211546472389,-3.382128718416184,-4.298659362035659,-4.48380590255613,-1.1544098203038706,0.2972630339834516,1.782193148970136,1.5649178552010385,1.6914785904333998,1.7856049393917293,2.373439803466059,1.3593373860608768,1.0446146287000895,0.8161155924763009,0.7662173926594864,0.9561122430803864,0.41903670558976003,-0.14698628071979075,0.6955308095253586,-1.965262726170103,-1.5840679144713672,-1.3693476156854358,-0.3903144156587922,-1.269412380707592,-0.4393467635443689,-0.40639144123449217,0.6042572682937105,-0.6304858900635261,-1.5106640410180088,-1.5066908739618314,-1.6757405208618745,-1.8545491970868622,-1.8254934155343725,-1.8895812592266847
-2.3801414912522314,-2.7433348921747203,-2.113999783044155,-1.9498544144204983,-1.025981737230784,-0.09054746581969497,0.47685323772859095,0.6428925470721186,1.2381244362116917,1.2332681660798668,0.9010971511232202,1.5164656167656196,1.680668986275734,1.6903212208755771,2.0838586226133207,1.50421143757092,1.393782754235605,0.882917873253465,-0.8222651537276747,-1.8796691603404576,-0.6615863052591989,-0.12315146401329212,-0.1400638214522945,-1.2750090984086646,-1.9160301432196263,-2.219536924678428,-0.55616896363896,-1.2019033926779317,0.20096752412297042,0.49679057846495367,0.07358312187874184,0.35912455802651017,0.009327482131207892,-0.5311645005228125
-2.584381449592604,-2.676662378092865,-2.672961007923686,-2.5023990148413935,-1.7468982923511813,-1.030719808776549,-0.47017605503543247,0.10190213202037898,0.9647155184961652,1.3856333285318512,1.7433257102736506,1.9403211371767757,1.802825072180517,0.9544418934736714,0.6666671026146911,0.44922141674231286,-0.7142227831669274,-0.586356487747946,-1.6654583349530123,-0.14848035818487998,-0.5212384983046863,1.8625316535892265,2.1986301672523982,-2.8771152811954677,-2.2510994341396935,0.20023169483778314,0.6784509774838553,1.305317562004178,1.3665235184880198,1.296179055626371,1.519529300720882,1.6056522801764377,1.3899326548922275,1.2949390893841353
-2.746859600645685,-2.852369855327928,-2.771194284553669,-2.421187502496565,-2.238283030217499,-1.4186269808837961,-0.8534619130288974,0.004538042334197246,0.9920472734664425,0.7804905922446276,0.7959580897328232,-0.10671411805650258,0.01623784320846243,-0.36611435241606033,0.20155512433550327,-0.7966978379910002,-0.7372550508885968,-0.4211403399109756,-0.8188847983976014,-1.131849378586328,1.5568942014395009,1.7763483538310774,1.697179147653406,0.15482295857809622,0.8064153662037683,0.9233160392157606,1.369384295434247,1.8383521668574578,2.1262683699731295,2.351091701139688,2.859662709731787,2.831205699703254,2.955265315210412,3.007863861530056
-2.3998408869581214,-2.5171495080102972,-2.4483799896599012,-2.208111550255941,-1.980457886969463,-1.447570454414174,-0.7040912886641922,0.09825299149456028,-0.22167832078713356,0.12104993461758913,-0.11246368415813764,0.4400961102480639,0.27790378517685616,0.3181007890104049,0.6046870620230836,0.27430117870349274,0.8911295840158968,-0.061642380956950245,-1.724348016530804,-1.0733156493303213,-0.06517921276241873,-0.25558236377325033,1.0586700382295335,1.1307159939520333,2.0511042561049297,1.6273723835650504,1.6767766310586176,2.5355935106820486,2.4099632225881145,2.50423371718997,2.3223981244152445,2.7549775935967538,2.970800727289056,2.9601135856756855
-2.664984590460846,-2.4129212307138808,-2.2962015909379208,-2.1799041061518247,-1.9634137158812033,-1.0712136032317694,-0.8000568144439362,-0.3417126517422753,0.13116706934884187,-0.14900357370449857,0.11837353018912429,1.0452031719539898,0.2839199698491858,0.21390371351215928,0.9925712536758204,-1.121653711866934,-1.5142264355891728,0.9081590422311706,0.3712989709860253,0.7512476462352318,1.1269951686551267,1.3523417808698333,1.0183584031395578,0.8026028903885383,1.424660061100639,1.584200156672249,1.7631371652845516,2.1720079670281462,2.476933445616541,2.5936848528169305,1.0046490791630662,2.0810808190831,2.60649196001874,2.348891021976506
-3.0476062823116554,-2.781220768415209,-2.4615425252795786,-2.0203867277646452,-2.0086787916835656,-2.162931473980663,-1.115924826888475,-0.8830070913574928,-0.7611822124341195,-0.7742006171978567,-0.8711261567804218,0.7453670122907758,0.6414595457422644,-0.6538398018939604,-0.7521667026360993,-0.9405797394614591,0.6005385589770814,1.4321260783240102,1.3576504522800619,1.6256559221214266,1.1131525998010954,1.2706415858094153,1.0379941037750149,0.8652401698103857,1.1759434569949578,1.6673200799924333,1.8092001122228787,1.6667508313682293,1.8091302962909936,0.4672413681136345,0.9512249346148893,4.158222463526645,2.4128283426281136,2.5473458839000402
-3.4031073704666133,-3.192367957984775,-3.1333290363924737,-2.747345991666547,-2.4231797818004406,-2.183644465528264,-1.7403217824434818,-1.2148565843001486,-0.6166149579207517,0.038558235464726635,-0.19221761439025906,0.7663024780992171,0.5784418731899849,-0.25847562923043266,-0.1513243871965511,0.8591802554395435,0.7531618371520689,1.7456433101172688,1.5873135311929418,1.3889420901423488,3.127155088631348,2.3328111575155392,1.9523789784205692,1.8277471127048999,1.903430225632658,2.2334239582099547,2.7065043248034093,1.5101042736442112,2.090743384907158,2.236306390675887,3.128937982779894,3.667791115722293,3.1405428490752074,2.7126502131341392
-3.713279013956201,-3.3500817665686555,-3.3099196965585964,-3.234864615391658,-2.991510825477282,-2.281734650821063,-1.4914864470190379,-0.7075844015082522,-0.31882711109527684,0.2044914870477898,0.4186239310343239,1.0086257678816088,1.2406975378281153,2.1858815134854974,1.9070385722803238,1.560379281688634,1.6386255199439244,0.8752033639969262,1.2531450123199983,1.4434143887939912,1.279681932948305,2.1471328449296854,2.349727130593444,1.9242863126415428,1.9592004255884083,2.289487769177905,3.42879760758571,4.027234987930484,3.84141013490703,3.720024837696927,2.668610328225506,3.2518714364676677,3.7099754179273203,2.5177066727755
-3.9455104939914816,-3.9704098862570145,-3.881406692235873,-3.413043975755007,-2.8190327822942565,-1.8785806338870648,-1.9378912755709483,-1.1854239984092183,-0.6155993567875705,-0.02939290222914202,0.4420010990021905,1.156389896063245,1.853625082355412,0.883825207764124,-0.042234167575708345,-1.0743080575689679,-0.2449621952018302,1.6158124150674587,1.9624471582595606,1.421257986229549,1.8901850503787758,1.8280265737926873,1.223095434267348,2.197862016235984,3.1382565439779633,4.462835060157549,6.157513644301113,4.709529278832546,4.239653520338377,3.531831549581211,2.9369910556391514,2.8195115824979977,2.7482143666919363,3.1742713774133104
-4.240538949505234,-3.823272000465779,-3.514447694297636,-3.118767564737305,-2.9799211884901418,-2.6696585666224735,-2.2089995565356326,-1.5316406476345958,-0.9842923434665837,-0.3901570118172431,0.21930497370226626,1.7540814494262982,1.6724220332688067,1.227262133239886,0.8286487948058537,1.0938776728845512,0.7647910160659425,0.3744546201118014,0.507906620878121,1.1242609559514865,1.9784110754469897,2.94984222568524,3.4439854208517784,3.9927906756000997,3.6215780618915168,4.126457208083945,4.939989812035886,5.935872624571294,4.598688588789717,4.117474854675157,3.5093810186652243,3.54867617545661,3.5670292080336132,3.497327903368417
-4.436492596600563,-4.004280145020763,-4.106282931006056,-3.7164065767142622,-3.3914683619302064,-3.4734415069988827,-2.94170422046139,-1.7659523093337273,0.4108398448368939,-0.7427292609267592,-0.29277066622169085,0.617222379137224,0.7098668334909122,1.1793803767223625,2.348290059490758,1.9072757158127909,1.773930357270974,1.996756970457137,2.175287631664657,3.330047953912984,4.307743863729794,5.352382839157325,5.064504249384169,5.934584393711501,5.169127330290396,4.113041931725465,3.1460528025991352,4.572108278535449,3.815675442348596,3.475085822970101,3.769078101676668,3.684906752274952,3.842037768569189,4.0253886572801525
-4.563993732553629,-3.8708309938589123,-3.963367860722582,-4.221112952550236,-4.1280538666279565,-2.1305019907204965,-1.6630505766653247,-1.8318952077575945,-1.9559187760950314,-0.8674314276098977,-0.050609322551900995,1.416168069086704,1.245548405551087,1.109705762035082,2.121037544906223,2.552642540280397,2.298646671290325,2.977108310862025,3.7520423378457037,4.097625985939758,2.7964431538696393,4.0291768985947165,4.059954458823034,4.026550685177542,3.9551953129325272,3.1381529693720025,2.5331874241614405,2.449127927433555,3.230255891836768,3.2078643074646327,3.6787693147685134,4.436749766319602,4.26746708294819,4.091693492967669
