script/wind10m.json
{"header": {"parameterCategory": 2, "parameterNumber": 3, "lo1": 3.000054539987559, "la1": 64.9999836372058, "dx": 0.5, "dy": 0.25, "nx": 34, "ny": 52, "refTime": "2026-02-02T02:00:00.000Z"}, "data":
[rows 0 to 24 of 52, columns 0 to 33 of 34]
2.250533623802483,1.4706234454374285,0.10469074436511153,-0.6986030074193417,-1.393389527823808,-1.672666639637198,-1.3038530197604474,0.4827701708369279,4.232316764763481,5.5382714581311365,5.97169487575983,6.58027609799833,6.6095397533077325,6.332369031653466,6.594095597073621,7.831952438861353,3.6876682449616744,4.2880024555618945,2.6685627433307357,6.276123107030436,0.36146644166605346,0.6089811735353566,0.5369376638960086,2.6825895911804443,-0.5111748306213487,-0.45870173409907655,1.5865531393310617,2.417610515825563,1.9574008292798823,1.154114848191784,1.1634771871543703,0.37572187861614,1.2243731495865897,0.6094986525793432
2.239906480148671,0.6686839132713904,-0.4184205248695869,-0.4910552241518166,-0.2459078650106905,0.816606995960034,1.3298684328775046,2.0929958879677124,3.8388448852169987,5.477095299542561,6.234574799812943,4.861023896277796,5.08526903921875,5.130467455341276,5.389117461456648,5.766066174395377,5.872609454007267,3.5284741241958577,5.768516560227526,-0.22739714668055522,1.9092601787954644,0.35839675953901196,-0.6565348402876183,1.8555236590035358,-0.5847815943049032,0.011507442051232447,1.0443268767981118,1.4933663226230491,2.5134743703558264,2.3112317250007792,1.3591580197951245,1.3621789740153611,-0.027298675993229396,2.1455291465606607
1.9586078640471407,0.34171265423640707,-0.5988946017712068,-0.444346145246098,-0.44050819946160835,1.7930709761955008,2.2545010588261274,2.867643933981811,3.295727915106728,3.4595053587225153,3.88614322790654,3.763973889994078,4.2020002904190195,3.654786836216182,4.020844373510628,4.62554566953509,2.2750167428128685,2.3186185703728213,-3.3180967473341827,0.1275008807497562,-1.5296182250281551,0.6772954497083962,0.8114110815793192,2.489512273144907,1.776878931391065,1.1177580320200884,1.805846139808451,2.377602901656379,1.74091020626653,2.457229183968019,2.4865079848135316,2.2838166702423117,1.6668929788573081,2.2588495303518865
1.6791588794102585,0.5831436751987957,-0.7751248989300044,-0.28808277690191364,1.2130018838178718,1.8816270909434183,1.8160746098871783,1.940912753332329,1.7497412194375102,2.7828323763776726,3.664329019341387,2.962312832232968,3.1670152156062374,4.659850980836569,3.1561437124994924,4.703844132708509,-0.20648166856461117,1.5174689335782765,1.8770368140185254,0.14866466387763694,4.0554182323763035,2.0251462151884643,3.7869933578353763,1.2448936810422215,0.6500385440640729,1.5877122051992716,1.6706593283192595,2.3331411038603727,2.0176170847026604,1.6410725787520097,0.9855450013014133,2.0040131869423097,2.0845607822565384,1.4244345077352705
1.4960366930118072,0.39378855100903104,-0.4788824551805925,0.06575937104721082,0.3786022659421063,0.7369248353363475,1.4019831527439657,1.9534312662898239,1.8557553491747545,1.8132465066829786,2.7335058912002124,3.716731469485668,2.9087349611999613,4.47305445493126,2.823309091935579,4.458272345087608,0.6011109572861046,-0.5272732309497247,-2.0134261481526026,0.6167200784407061,5.537943669562049,1.0148895607774553,0.4831522126051187,2.445392548893599,1.493593422247178,2.0056264588362263,1.7177216371793789,1.8921115805935589,2.222560240277617,2.169700970057634,1.3054744843940544,2.46343855658533,1.338124353430138,0.8865810508648506
1.5744842726416706,0.6327424048783262,-0.20861605708347894,-0.10537092415263677,0.019626362890750995,0.20234785368762082,0.1529542057114755,0.8610551822635036,0.43935077552150426,0.3559894124256436,0.5238664611581088,1.448304806517105,2.8983922115512066,4.119209831501153,-1.754867014568434,-0.3580436426179471,-0.9839464424486487,0.7867813481522788,0.6961669898326515,2.7955619118226047,1.4375711305169105,0.9113733459620356,2.017357421397857,1.0760386894742444,0.7351740998885629,1.8509561040264741,1.2133522961108303,1.7043415934703852,1.763075088849383,2.1534236840256695,2.3676211208768745,1.0255738843353333,0.14788828433521256,-0.6032119083408172
2.212571447181955,0.9312218961322899,0.09407942090609918,-1.0632688072761651,0.9247620254816016,0.261395785614346,0.271052088332382,0.7029379870945239,-0.6954763670309451,1.4148448283557509,-0.44823627662254306,1.608793918215826,-1.7326151859409336,1.3070737204681895,1.438016246344362,3.3073548544478335,-1.2619712153614064,2.586765727121049,1.578619113515402,-0.24938942685825177,0.40444149985433087,-0.09487730993069801,2.233789863841605,2.5185021790947797,3.4544468649619087,2.7719174344579884,2.882503129871982,2.272854416525827,2.659014009507482,2.185470364378014,1.42778724528455,1.7922831194868603,0.5102547302281849,1.8435258688130687
1.7960192504521844,1.0065682268403908,0.7579027509007761,0.5304662941343579,-0.2280530114229599,-0.23530434045705215,-0.41039375423543667,0.08540871074740825,-0.19370585336367938,0.7092688941798088,0.19779262640219217,0.09093645295224029,-0.11479171553056136,-1.5513895066857104,0.05526111594419418,-0.3474516447105723,0.8693999196659182,3.349044617614082,8.339228965190966,-1.445397488659638,1.7811340493904377,2.908686596299293,1.5120016741954734,3.517993986276525,1.561401226277974,1.7173107537152283,1.6861046010160967,2.662591876614168,0.46311338423229576,1.0586621453252243,2.5779092275820332,1.4718461347455916,1.0219688937848457,-0.17954329952689121
0.5244527081813429,0.41501583277010057,0.30567413074026956,1.4235136336770478,-0.10096819973868285,0.07703138848514028,1.6005040665838506,0.012190942746710252,0.12009845353622811,0.7588574029638437,1.149345785740782,0.08647606417857709,1.0057289351617693,0.7573198485918381,4.020489007237334,-0.5343539698809703,5.792301001955174,12.424437976978519,4.206428268994731,5.417150313785182,12.209770100950399,7.692264725906943,4.079773431067582,2.387253863620759,2.5519220725996834,2.2157776253142076,2.1354653346287766,0.8660179582408765,1.9141058452891797,1.0435849397888062,1.098811190116896,1.5793054611905357,1.7783516384868383,9.124978855540368
1.062992871107992,0.4732983230219659,0.6426882917248238,0.6226731324630645,0.09181924203749417,-0.8575923793922721,1.1032333711756317,1.1394291070869071,1.174842769288019,-0.5868947492809244,-1.725839998251112,2.4246703806005216,2.310686906325328,3.197127160214206,5.500208372653821,10.35231813268409,1.3492048593282608,3.7692950351442724,-0.1032775549488355,1.5285025521359026,5.245605771681074,2.0553379980615065,1.443611792542728,3.115357727513247,2.1659639141928424,3.0300679087376547,2.2930072956800474,1.8924646377096486,2.017998182267131,1.2739153656285995,1.8825927668631235,5.149139506082483,7.7360911228959335,8.79192907403608
2.207866917925568,2.0180087391575303,1.460096687281151,0.8894778203529692,0.14914488327557446,0.19315689223713825,0.5307836002095098,-0.1785473585189338,-1.2081374187637883,-0.5719782050710696,7.490334825998368,6.497940321516727,0.40307105546012223,2.4375120965246437,5.761019561478184,4.183892648587769,3.362222445756319,2.0134637238054856,2.77665457203103,2.196419902303531,2.6552116602205413,1.4102480676169302,4.686086785403172,0.9852301839667117,3.041603976981686,-0.34025627012712867,0.2755389983492052,2.311163578419957,1.078913345960997,2.5370519068423274,5.013557768172352,4.759131281939388,8.85241375820987,8.330999890868641
3.003082151761222,3.169441327240178,2.6661428043734072,0.2395238115962582,1.2657804517926778,0.16266516561050567,0.060666950549793985,-0.334625284246296,-0.043642534506756286,3.194195228045721,-1.4108665922837222,-1.6060173401430042,1.540076962322853,-1.0777267887293185,2.884662944618376,2.2024207671663576,5.320108470065564,7.352420926399927,7.015583505696445,4.290861022810652,3.9430503681939086,1.743040073800809,1.4633664915835929,2.8292933651910337,2.2273598602558025,1.2598540346348415,1.9635945833140251,2.0083190332701277,1.7235596722234525,2.0918970642904244,5.46198341889136,6.329932610408612,8.265309628304836,7.649552693592604
2.7498014825185133,2.6172556365228337,3.2556407209586684,3.648981617714411,-0.25097532225036606,1.5229098149312075,-0.38458059002753575,-1.3499616886906918,1.7326312274838969,3.010445455631453,-3.174358210721424,3.8928991258317773,3.8182594710104434,9.320760987340147,6.251902171177865,11.617647126344636,4.471452889999841,2.007863276646741,0.5104290567897473,1.6554049063044132,3.4498272236076164,2.974523148800762,2.218251222057939,1.4442248941306783,2.3416690049336233,1.4335782528597674,1.8841673893801099,1.9418057231536467,1.6858912895757152,5.2830073399831345,5.006405191201593,6.028110420329925,7.58412574430049,7.031227803553122
3.332812135981964,3.178852324543298,2.8748633921782165,3.227904380409407,1.0183875489623688,2.0058809536874307,1.7917069423590541,-1.6208685489151062,6.038975834355775,3.12991647812313,4.654996066587684,0.22599492046069117,0.4048702529571674,0.4901328583452968,2.6106737498210273,-1.1255492842489374,4.4059645369694715,-0.44613996864851946,4.332268271584045,2.0694782121989537,0.6407414467579825,4.640373079125556,2.15827918529238,2.3263999574836234,1.5735308691672296,2.2724122227560963,1.9047341337017307,2.105149655210941,1.9711927752606189,3.5736658652197844,5.4965398743823695,5.782098374557794,7.143162018630024,6.34342575264834
3.558631436603387,3.194956135674813,3.657136248830276,3.8178516217958824,0.4565606965848621,0.407350492968713,0.13157356565388095,11.812390987550376,-0.8847837154794695,-1.4730779415675457,-2.2206679550586816,-2.652095911962169,2.2608399486788984,2.4815272351089908,2.3033392785173104,1.84882160422348,2.4988682422481086,1.6356662362071783,1.4105573570558647,1.8034810130298733,1.587603086791841,1.926709202454732,2.577995135206693,2.579560164384986,1.19562482609671,1.2485632390354702,1.3373109497003934,1.832768654895981,1.350154058403025,5.494583195387007,5.600065597382258,5.28649911921036,6.941876154217942,5.29361802466526
4.414160355339069,3.2614537023142702,3.088442196416937,3.090414909947566,-0.5517750415479535,-1.0866166718038819,-0.7410448322542701,1.4792964342645274,-0.8562718006207121,-4.512754106570216,2.6555287364162004,4.848825783378884,-0.7769319298222946,1.7209446169735891,0.3084345256387776,1.950087690416499,3.6922276933250524,1.0384043197450408,0.9326375252434057,0.8168681356694903,3.3777019564829454,2.1425384731888086,-0.47402419211192637,1.2700483440892265,1.364875865302851,1.4820718452585717,1.7353903178893721,0.21066439698929632,1.3787697463892463,6.036881893035732,6.366755624031416,5.153270508369674,6.784531826481561,5.549140981879587
6.048158896660523,3.380952359498746,4.281754726699973,2.489097501069846,0.06505063552648126,1.549704324957841,2.642095601023639,3.222196114492833,-0.19236641084825282,6.0364235393288785,5.159867525916922,0.6587331249993151,0.4782250104646574,-0.047214529297332726,-0.24780211722366705,-0.010566542509857602,1.168006928432263,-0.2214927606988301,0.6039191925658697,-0.9490297413620731,0.9036741746191641,0.7313954195028581,0.9635429450667355,2.190492820692678,1.4399856500930353,1.1566383290889155,1.5265985159766162,0.8378231457707647,1.3444821619142349,6.457492596269357,6.362652828303355,5.700821109675129,6.729256316487953,6.1111696794197705
8.525025950352754,5.953255346324484,2.8129567751589866,3.0026216510337926,0.8667456750494841,0.09372582573402394,2.865010171493631,0.9166822315029864,6.964318190924049,6.139486211198463,-0.10012458432584152,-1.246756315108638,-0.6941351248123648,0.32683349689799857,0.6399230906775244,0.08194241246449534,-0.5924578534621076,1.2466644794792794,1.3447790054618465,0.8583548220886558,1.3190843225004982,-0.020508971276594196,0.900482342375692,1.5750580909288423,1.0824722054816642,0.48507745926896984,0.14491573413988734,0.7458025328229603,1.2165699830836374,5.951770140149796,6.454584412190122,5.752800619006116,6.241439592878158,5.8634907466424195
8.105745483484124,7.5666083125995955,4.75015164199837,2.216034499925418,-0.6134058773321162,0.7082242142531106,-0.4376527417413917,-0.2010453996331013,1.071491930604632,-3.127403060934744,0.4263507645159523,-1.1079660067714119,1.6663787899953706,1.1210705059210027,-0.5084434090665008,-0.5707400437320757,0.37260131123577367,0.43312906836108045,-0.20311829826518535,0.162647459631423,0.6857891308553664,1.0417550230040897,-0.15466644555863515,0.19690253515978104,-0.020514249830237537,0.8766608923645374,0.8721471588725543,0.7592480539850351,1.1796345233419123,0.8357393368360422,2.0847429464652674,4.959917657172195,5.057566432429457,4.296950330627234
7.542465543127273,7.708867548728503,6.703755473377135,4.429515756560048,-0.4796944434792866,0.5079332489955938,-1.9103523137198386,4.085285515223227,4.810273439161992,0.592349883992467,1.299704108019,3.455741708325457,-0.19199178728619679,1.0338960983763212,-0.658016883621739,2.350151094997287,-0.7441925319620791,-0.13094295599745912,-0.7944790004267135,0.6548855945270776,-0.36421924006814194,0.0963778790282963,0.4686142848943658,0.7534893156261064,0.5199653974616932,1.3431493358783833,0.9273431489227667,0.5727404705348352,0.9665899460812928,0.42211283289951573,0.4182263049450899,1.2152136107886624,5.286034051480454,0.09224145863770772
7.996653500459899,7.372288048820601,7.879333816615097,5.8996241159681775,0.5175434131946411,0.12042552139935515,0.12429482100463717,0.6875086200199254,6.264843804234942,2.1990324009756486,0.6491091446832871,-0.44987720869995373,-0.9119575468491831,-0.9942344380847691,-1.3805023004297192,-0.49727447314404405,-1.3363659130958838,0.6063184412828413,0.2284193904825531,0.8110308076363056,0.8519707117000593,-0.8096663995489252,-0.1399140022058024,0.5113253948197737,1.025957785092043,1.1279142939852966,0.4972091287590046,0.9367321219262973,0.5503275833238932,0.4490759898679943,-0.43590499789595755,-0.3857849165244074,4.669957091939078,4.2502956514601
8.915308322847514,7.226562417032217,6.011598174920944,6.883642390089287,3.9414168723165566,1.0185132350629769,0.43999989491901864,-0.601963929471155,-0.9804588767187574,0.6461087549808185,-0.5620722056791302,1.22975046100105,-0.2726477065650607,-0.6257812285062094,-0.9041090355472304,0.04578400398750254,-0.33648723044229717,-0.3142446709491766,0.08756005642047944,0.7932136179533426,0.9598100592778007,1.5370284223774149,1.094231067208783,1.1890220515570202,1.061513738350749,0.5171785821186965,0.4543624737841155,0.5323203800226693,0.23220665307664004,-0.08035807601402549,-0.7145151938145072,-0.22908777287605997,1.4910174516518566,4.121778361759862
9.794275249379448,8.857732789265397,7.294728762593001,4.703327550645136,3.5470073572499325,2.0163891872780266,1.5783399353114664,-1.313738807172668,1.4829163677484827,1.846336208802505,-0.5767853847650161,0.23534780423705212,-1.2924286716336864,-0.3949967658544058,0.23242219995919516,0.7484106422819814,-0.4367761088963935,0.44755359997225036,-0.25073393864947713,0.41442522704486634,0.704418458040103,0.427421438284338,1.0914753770561259,1.4230304093351953,0.455397188168108,0.3603458589197379,0.038753760627121395,0.5547055259412327,0.5899452342241467,-0.2524804360346638,0.35047031485746893,1.790872028783661,4.376901167821215,3.697460966000982
9.478792258661947,9.21068836370536,8.254393218324736,6.702800522082947,3.804362963201278,1.109267678578199,0.02324069513442599,5.076151594880154,1.003515272095034,1.006471873399531,-2.0594651113129996,-0.9325068985332357,-0.42607100711764867,-0.7080871258651728,-0.6377640265670045,0.14663693613827808,-0.4400322063346252,0.36338895060508225,0.5114454721592874,0.7495242999949945,1.506006613910127,1.4928020789902352,0.47751569691957474,0.6927595115878201,-0.24136092732096504,-0.04558683622484546,-0.858669005977219,-0.13768229026954126,0.14908171143535232,0.026469113979933376,0.5900612691637215,1.247137999751728,4.088201928808896,3.716845906730522
8.962514136639545,8.759269593749776,8.223538047668832,7.590949482670329,5.209267230492728,3.1479613028385374,2.8440175413410054,11.94312474600166,1.5816962710264773,-0.02999913290316672,-0.8362399252411388,-0.7889106709398055,-1.2497804438423659,-1.3169283585862752,-0.7427624365517874,0.6449379377423872,-0.7113753829941223,0.307231369418103,0.6552669754759761,1.1497004899739136,1.8841956547151537,3.141803872469836,0.5929926871058341,0.38105391330806665,0.7054306134898789,0.17372330775507755,0.02463800530939092,0.010898551299505213,0.4458304276349313,1.0326188666260856,1.4073272114276787,3.8091211207543965,3.798447800033324,3.9547225680546467
