script/wind10m.json
{"header": {"parameterCategory": 2, "parameterNumber": 3, "lo1": 3.000054539987559, "la1": 64.9999836372058, "dx": 0.5, "dy": 0.25, "nx": 34, "ny": 52, "refTime": "2025-05-31T08:00:00.000Z"}, "data":
[rows 24 to 47 of 52, columns 0 to 33 of 34]
3.209069026784917,2.5297618097178747,0.6062456522676628,-0.9272157113450135,-2.3470168488273893,-1.8122997782695942,0.4519731147772976,-2.6442896142439425,-2.938323222457654,-0.34543967663982095,-0.1856822956935785,1.1284277973608126,0.31110877963063704,0.14782819552921703,0.5640649362253349,-2.5462060126368145,-1.5846601033783978,-0.8967627707671604,-0.7391184961709544,-0.8720955043674358,-1.1616516902408813,-2.437740973066052,-1.2950578501243426,-0.9368301458944249,-0.9334160639616508,-1.2145860040406808,-1.8378760640168283,-1.316481722096128,-1.2700796353842125,-1.4803378147306356,-1.5267305289420094,-0.03682654146241544,-1.3535626650902837,-1.4484061874405878
4.017087705266584,3.049453821391916,1.3787952481197006,-0.6062832082480477,-2.4695222100715024,-3.276537395294695,-1.6393198840144336,-1.718851361844318,-1.8237315901479927,-0.3419185467965159,0.7449756403627054,0.7516350628483951,0.9881037113466831,-1.5086013158002682,-3.4734880339476724,-3.928044936984722,-2.839840436488635,-0.48026824474109514,-0.0704124891532436,-0.1641587371997931,-2.6711383176603483,-3.8295436319258163,-1.4289271903745324,-0.7299457659706965,-0.21856624242708697,-0.6471182526879177,-0.8996685833753078,-1.130464701089921,-1.901667281735648,-1.5361292946661664,0.4247299562540997,0.8643456306657793,-1.4689090133982567,-1.962652582744425
3.926482556203807,3.1546463818098567,1.7983764223106828,0.6861212449568089,-2.2050574876376534,-4.205744406126836,-1.3744332585315087,-1.1050633504776384,-0.8045343848774632,-0.05427754481998485,0.32274484691400473,0.3182199276831995,-3.5158360099742554,-4.097701570386099,-4.400486875920958,-3.837006049661042,-3.1734065463593373,-0.3493490179511208,-0.2746400226712924,-3.090495808518766,-1.3196537020558328,-2.008895810084002,-1.2016928601100425,-0.940838372525474,-0.6533039864839726,-0.1853609920180373,-0.6432852133179948,-1.0808039090901287,-2.5028332649639524,0.8364500089112032,-0.3796885071426667,-1.787854768262029,-1.835127443223414,-2.376698598282179
4.07181626720217,2.8234890423769814,1.5246289640769777,0.4755039216972296,-0.855663745062585,-2.8373006534389877,-3.312135030449425,-0.2863031139745337,-1.2184286993104763,-0.7049941740220187,0.4600792077452522,-2.1441234767546002,-2.676862165599756,-2.8069003117588864,-3.1179648358626313,-3.09044214576293,-1.9369333485242894,-0.3691415854287498,-0.4710889867911272,-0.6381391517593132,-1.793105257406223,-0.9187360808588082,-1.2433504978945638,1.0580156098351696,-0.9800382313259931,0.12077131960836135,-0.5518410558948026,-0.841763346602285,-2.647627085911628,-1.6197595071478754,-1.3960201824353755,-1.2966388270469265,-2.0504289577192734,-1.2485340046955062
3.830411926453875,3.3736559407603446,1.9686683770351543,0.4677474618800968,-0.5705441728021189,-1.6896362920722665,-2.654146407213025,-3.3838965810092296,-0.39967027156189716,1.1491338652050795,1.0954811289571134,-0.8892131417173281,-2.2030339463104798,-1.545277919042618,-1.788154956856078,-1.1791415947684665,-0.5463741085492068,2.6662684809633865,0.19575881709396503,-0.832322026156191,-0.6936710551550178,-0.3246243096729388,-0.13816828364240244,0.11418501270571206,-0.11337601737484362,-0.2795871713790594,-0.30040787508014644,-0.8573651665444025,0.4525290536076552,-1.550777229579624,-1.9483030578667284,-1.2892281602678717,-0.40955139798208523,-1.2576746220437138
3.829946824973006,3.3153294944573948,2.567974712309055,1.1479296095257123,-0.45568615579968397,-1.3491398719595378,-2.0187103840892324,-2.7869941276358445,-2.7773744858300744,-1.499189134477793,-1.6390060887657594,-2.151569965579537,-1.6654419580057664,-1.3037219650324718,-0.1000593109215681,0.5948029501123809,0.17130501833333683,0.4018149003478087,0.46614704449835803,0.6413449312182717,0.5730928061096502,0.21490494230685023,-0.1724457195566613,-0.537617997559596,-0.5525136850306209,-0.6909446349200637,-1.166493339795124,-1.1372229954522899,0.6356877522719799,-0.28007495120029763,-0.024723584041841617,-1.6919174958304863,-1.6166743519931128,-2.9880291653491127
4.503310440546129,3.641179568720595,2.677836079538542,1.9073156141797716,0.2524279540134922,-1.1080710097424606,-2.0595403672384873,-2.468593309038245,-2.855864729930753,-2.3270468407097473,-1.3077630993661138,-1.159378056246983,-1.732627165142475,-1.4790368782952008,0.35482905830977746,0.009410483098667695,-0.4001104020567156,-0.06070888016499426,0.21948288516418019,0.9508782778149062,0.6161512744294474,0.31708517646679707,0.024658175843582958,-0.30008108012153906,-0.651770922914419,-0.7891059750596348,-0.8568234449931557,-0.9069760687901682,0.3991286824858627,0.10279910033012123,-0.13775877574770792,-1.517938670922964,-0.5879291147821178,0.07370158711793748
4.335044789841323,3.104436703445355,2.845323449414364,1.8809021810670417,0.7653446388816157,-0.3299331339775068,-1.4058264106131595,-2.3463406570282204,-2.787613420705245,-2.842612755298037,-2.041757411224426,-1.2620201660248818,-0.5725407606938464,0.6855592205650525,-0.35248546483991877,0.08025800825005976,-0.1163966453545259,0.6532886545343266,-0.9477643619304169,0.5316716527747934,0.7102311343670084,0.7025479051548452,0.1903917285885028,-0.05347363720848115,-0.15843239731783296,-0.8400676882347964,-0.9409011620374155,-1.7579525904042492,-0.5824600993844494,-1.8801579789510032,-1.5521747340735732,-1.3087026053214759,0.7200488538570411,1.1519202128150363
4.3671427479412825,3.665533108208418,2.6979926551742333,2.12882561033613,1.149714903616965,0.15613946370817017,-0.3318083510143063,-0.9267419219851111,-1.5786516705614755,-1.6106247116196535,-1.193513812567568,-0.4721014187701981,-0.5109891995652885,0.42663524702179106,0.08867509298721639,0.47803073678337493,0.6401331648734816,-0.22107179894683376,-0.7428167790541916,0.1767428958951165,0.4890141771932242,0.49355324017980584,0.41660009623832106,-0.19054363083875678,0.022911437583185645,-0.39009996514815964,-1.0080498691851412,-1.2840854059013274,-2.578553866442022,-2.5412410712336775,-0.7587388858591295,-1.9794368656503136,1.2793576628610746,2.056399448778449
4.991478499395057,4.100702701302203,2.921254786919534,2.0499333555354515,1.4602233372401876,0.9359775812184097,-0.35165355789674135,-0.7046293990726391,-0.9186265654790395,-1.2153626055868667,-0.84250876792945,-0.5449727819423246,-0.40029738775856205,-0.22352314708271698,0.12657430094671313,0.5222550727787483,0.8533359751642146,0.2832460000718212,-0.6061399598631205,-0.9390625985625163,0.06246740413737292,0.28925370235475334,0.11656725396898832,-0.14402449894532487,-0.340313511795352,-0.16665017415705324,-0.24028952206675563,0.2923785344758429,1.0295226492301683,0.4465693642014937,-0.21675832223983071,0.32460766774303246,1.148158990043763,1.2250865998927642
5.462750751612063,4.054748825572369,2.9390540669535183,2.292305028401385,1.9637715762006482,1.5823516345664508,0.466117125091213,-0.5826744257462959,-0.7921537340885904,-0.8275483621227399,-0.8686844167321082,-0.3789704119932378,-0.2580091056894927,0.025900693073818277,-0.42965851378329395,-0.06236755162310394,-1.5607065184863043,-0.5687597001423625,-0.6827212697708323,-0.9359487891748652,-0.6814410897177823,-0.1156724023554993,-0.08316002529278203,-0.3752129800183429,-0.7936970189947052,-0.539484899175897,-0.4615209547191403,-0.15643585781896543,1.974379312519297,1.9675738541479046,1.3315641234579654,1.5648185900712566,1.6116491139652647,0.9888836074447375
4.39518748544689,4.398236031152844,3.498445069595309,3.276296562528917,1.5638383150778639,0.6047992081432509,0.24006274603634528,0.09104860069469829,-0.30698721114557825,-0.45447109358704596,-0.6911881827906416,-0.34419870667876484,0.1677855978145379,0.39612045149103126,-0.13760727513160895,0.033150510859286414,1.4328091330335866,0.6130697221397533,-0.01133398224741865,-0.6160916808128027,-0.7182759116343013,-0.34872670811782897,-0.9815253347873116,-0.9073267217603,-0.40923500191167844,-0.019304040417340504,0.019484636621521226,3.0164181816621096,2.7672455969702665,2.3420665430519936,1.8995436966018737,1.3030754227114443,2.0934284452220444,2.1775598642497735
3.9309375216717073,4.026100650467973,3.5556231819369195,2.492604203009147,2.0027359356314536,0.965120894076242,0.9447114352393191,0.18856469559726152,0.10839502689499306,-0.0810658023129265,-0.4570552116952586,-0.1942858853288128,0.24708635983867622,0.026395415506952014,-0.3201395924499386,0.3129417468725658,-0.7736007273775612,-0.05573934525782844,-0.41670690590561316,-0.33955861998123876,-1.094242987365798,-0.2278403110556357,-0.4152436667994357,-1.4217551650298588,1.6597101281088718,1.7894726041397349,2.4894485269166315,2.5020136364008514,2.1751969077669044,2.1404140116437924,1.5172667454243733,1.5419343054329917,1.4268690695479318,2.425977585320383
4.636228847054057,3.7026163151642395,2.813811027343045,2.081029650423668,1.1409211474214551,1.8008146243899692,1.2311010890246896,0.4748406519035789,0.3601774592612583,-0.6153324474830345,-0.11863175171086623,-0.12954962386957794,0.16123998681372229,-0.1364819023616895,0.36193293489676404,1.1583121632287634,0.753976568045041,-0.72821518652345,-0.16202288995199837,-0.5824095200996828,-0.6822254536925186,-0.1517442286420227,0.39244233965531683,-0.5311826527273078,0.1232607869173731,1.4014395318210886,2.056530296799311,2.41469146366157,0.7690881086379798,0.9708278775380369,1.1736578121244026,2.584094330361002,2.516382433752032,2.9835225873658713
3.5330058255996013,3.2433836619789296,2.384634280349389,1.5437207225571168,0.8697045197141722,1.3326234814283227,1.0056914405325115,0.7765336876001794,0.42099137306104795,0.3655827886731166,0.2792826732249304,1.0471398335484146,0.801527056832842,0.46875396535936426,0.3474014392072894,0.42191986309768875,-1.2161421231373497,-0.44000210467698725,-0.15041840706006782,-0.5614024674971213,-0.20701556421096262,-0.6547655873115144,-0.8498954280638161,2.8779120003840717,3.0308464551047227,1.6435138148177466,1.5311268364135064,1.5026022897872553,1.313437456708161,0.7310648356234778,1.5813952869100312,2.6241151418344937,2.3430931130403616,1.8406232263670046
1.5113754097352279,2.1769497671126317,1.9433844437992207,2.265053667514365,1.9303050346550499,1.3166911515603443,1.5003162368207776,1.6834383065106855,1.015876881607382,0.6525927327246094,0.3530088526521971,0.44288594292355915,0.3456143773787252,0.3147731142318006,0.039754307057037114,0.11247687196801638,-0.02900289745479486,-0.344735452413342,-0.38273410901878385,-1.0671824385031625,1.2465615238667123,1.9633029835682545,3.0123884800701504,2.876977311309795,1.4421008661064572,1.221319039602475,0.9752433877208262,2.1142172560250816,2.2175071681403917,2.4872427848514103,2.6529943332660455,2.368408795383524,1.4043098764319044,1.4647288883677971
2.0300633333200344,1.2329159448747757,1.1643005201558867,0.33184151437143017,0.24932003370855202,-0.02927384786787466,0.23623184259985733,-0.02112805468387454,0.8102139044441292,0.683418855567482,0.5355407032280101,0.46576521260670917,0.08421276447816992,-0.06409126781578424,-1.9606387500254945,-0.8997862277383286,0.6244265384721852,0.9245879653266122,-0.06100492293281255,-0.8301130794190241,2.4048793218668707,3.4158264662492326,2.4322898283938685,2.0468669303463964,0.68864172361431,3.266558479313972,2.6573143549608558,2.9588655582813024,2.5783750031516064,4.038602545078186,2.634661086143322,2.1348996986678688,1.3697571937805904,1.0173237939909756
2.796899895831563,2.522671088581346,1.758292665399279,0.7143300884714171,0.04238853764763453,0.9832363304241684,2.147799386490618,2.404546348915927,2.355922121736906,0.8963280714200114,2.452939008121687,-0.16752267109220204,0.40180232218113915,0.1647613843025873,-2.767179745564235,-1.284107720129122,0.6015009839836893,-0.5656634724563919,-0.3929882334384021,2.2465188992634024,2.7356800383802895,2.240106350212449,1.3022536299294287,2.553356670423641,1.8306572418032414,2.375808201258493,3.274022462216434,3.586494376979479,4.560340101099237,1.3870785466324733,-0.23497491513347732,-0.14207858430278808,1.193618402337644,1.8262583413028826
2.637700747477485,2.7203788442010954,2.700494656542879,1.890045500479679,1.6420011154072576,0.8534547801804477,2.041694074711918,3.045679620071751,2.5104232672631115,2.1665551532684337,1.4226242647767018,2.2167923995884595,1.3227939906852826,0.5555752112777183,1.2173673215163583,-2.038167830809644,-1.5120707023866973,-1.776169326435018,-1.1564423816080618,0.37759085961816585,-0.46007701280215374,-1.0692032471816928,1.26645971999365,2.613974935476316,3.390677466347973,3.37745576508468,4.064893545444838,2.157484008984907,1.391464508800851,0.7536947727896025,0.25205170196727333,-0.49990913458935593,1.5888807980866175,1.689885927304732
2.4562473322982394,2.424543794140128,2.1117812236221694,1.7447466287841022,2.8253712801795863,3.3385389123486084,3.4073309550090802,2.3534018011538094,1.9273996594176268,2.69461686316131,1.9849750676730287,1.1472114036491303,1.6700768109584292,1.1562319232807763,0.30273106616786694,0.3544292885917378,-1.0529312556202068,-1.8134479633730733,-1.20634832099575,-0.8246283171233343,-0.34127029428877337,1.6194492362121802,1.3550252477545397,1.48329324007098,1.9791080866615196,2.1004581063170384,0.6971123125725104,0.11764024070083925,-0.36226951142430397,-0.12571704658981342,0.4959447782313774,-0.13939764443151104,-0.3739865887085541,-0.02800592007753672
2.428300005824829,1.6374686123769726,0.30659823407283987,1.9576794774241908,2.4577440166195976,2.1316110337495835,2.2910578340039796,2.43467815660046,2.587234724885704,1.9664542621143342,0.6230912963755075,1.5031670771516235,1.2583439398347156,1.8124699543091336,1.3926775256707085,0.5516450931036349,0.202908780930894,-0.81529171049387,-0.869711039829901,-0.24852523783185573,-0.07396936650231153,0.18773920829468668,-0.48112167537376127,-2.947727034245133,-1.0621281100707045,-0.31648666310479445,-1.3539020815361806,-0.7982224923531374,-0.41219265078718154,-0.5835357580375046,-0.20231389055090984,-0.6540349437128328,-0.9977400391899164,0.029698252526438585
2.060572516986846,1.1400608885544885,2.8278220296693206,2.251525079320742,2.0109181917895596,1.9338178265389625,2.6737090320760437,2.3410141783569407,1.3861097814974688,2.0134865199732856,1.2112463272974199,2.4600190997109346,1.197481616116097,0.49408370453567063,-0.028583486419215327,0.33363705499293816,0.4187577984023185,0.1570333437364847,-0.71803915266677,-0.3817969502937605,-0.9353475189042758,-0.4721698868025707,-1.3568811174835391,-2.4199760221021256,-1.3396709329087968,-1.1464237676013953,-0.9232048030809596,-1.309714363750767,0.3243740588842987,-0.25228607984247925,-0.8033112118453114,-0.12601040151253784,-0.6826445856429579,-0.9165570890222753
2.4662425425356957,2.2291361018837135,1.9529805864845973,1.3590195631262918,1.9673826310539242,1.0680374099205565,1.6139678693900155,1.0337019451023424,0.2087375937186027,1.7279242429245198,1.9507141507830985,1.5242860027143992,0.6130387972876244,0.25866088552516336,0.0008911197054830803,0.582458755450446,-0.5512143700350267,-0.32170876235801155,-0.3854135344432488,0.030659729390983617,-0.279526091450001,-0.2564103412891469,-0.09716890604766931,-0.32735114873430055,-0.6203473724187436,-0.32798715072694523,0.5627620530445222,-0.07055694933749938,-0.7608733569471331,0.0027144645395124774,-0.8699649997383326,-0.46505897147622405,-0.12419052009731253,0.010532408416721687
2.546123400964242,1.6949138506512569,2.4922469968547856,1.8755499626447103,1.6277341881478702,1.8310840883266242,1.111446647927828,1.6451986999569084,2.0818644078149067,2.0132235611982234,1.1451287041167126,1.6279780195815836,1.4742342105703146,0.4927495764804211,0.4653385230501728,-0.30607082151578435,-0.08487165731772814,-0.07691933456199697,0.02142599110949388,0.10009157562312387,-0.4858806675442275,-0.23057197945073302,-0.283350569779209,-0.45537519780876057,-0.1669131392887315,-0.017508246017016768,0.04446056101303403,0.20517492515618088,0.3310499478865713,0.39828681399547666,-0.20314727399807203,-0.9658770697634035,-1.9317550979470908,-1.0768147006702042
