script/wind450m.json
{"header": {"parameterCategory": 2, "parameterNumber": 3, "lo1": 3.000054539987559, "la1": 64.9999836372058, "dx": 0.5, "dy": 0.25, "nx": 34, "ny": 52, "refTime": "2025-11-28T05:00:00.000Z"}, "data":
[rows 0 to 24 of 52, columns 0 to 33 of 34]
16.53699689942694,15.778180367004675,15.403000163198593,10.129489113738558,15.986459631823328,16.702724673617055,15.060084518411383,13.021119117582693,11.331721288142054,13.439509671489905,12.467032516588723,12.92089536070705,13.173302770668707,11.186556383731872,9.693095324761996,15.227900229196223,15.5387536970019,16.63617436260625,14.222298379492614,16.12659011155443,12.556102565118056,10.086797509487067,12.236384322004282,12.496384314898217,12.929525452895836,9.26531347086236,11.898049332914704,17.818875559374607,15.964438405134155,14.678629331351715,15.212082332139618,12.878316955177928,12.400344778937704,12.241096345405882
17.938056090586276,16.397876867894336,16.894469598645834,16.508535174937187,17.2175690572029,16.607282365030965,15.907177423672513,15.915111591281077,14.89712188606619,14.984528161395989,14.290052169001962,13.596352988760843,12.380117588292471,13.808250629178607,14.292158942499128,13.877778563294818,14.235506842363487,13.929369997581357,12.4161120602213,11.185840158944643,11.196240989332814,9.834306401527824,10.092428192478764,10.3604161995801,9.47711280872899,10.506311507526055,10.903650252569065,14.425296698906468,18.3484547135934,17.818145643339076,16.517813291644234,16.116159938725755,14.244778055526856,13.075700212566895
18.71961557739603,18.185731855648644,18.77230819253896,18.621833664099753,17.96611163786176,14.630820182605154,14.778616817303657,16.169772851525387,14.863164178968926,13.875116463088709,14.03757291546252,12.805073119775532,12.244512207148343,12.608827927167832,13.0648759346681,13.942897965353433,12.603880753598238,12.032944908454464,11.302747459884372,9.553661345393884,9.999138303833899,9.060866425760286,8.363542646635771,6.8243885045562385,9.511208556844819,10.086704465725138,12.50913934095434,16.472015433092924,18.00700923826517,19.19534620459629,19.8198856128455,18.803732562921436,16.688020748140403,15.47925423076549
19.891365234730383,20.50494010681287,19.27829815328535,19.120346781014085,19.348133955119714,18.291015924815536,18.453264610892074,16.279269612407994,16.170829580252757,15.058318356612906,13.025406622424464,12.73622959294025,13.955008355772298,12.690760735224847,13.207471925423922,12.106314288100325,11.228438156726117,12.159646047223298,11.612026744585892,8.813903146680206,7.547085996020835,7.127277081038495,5.278732872349654,7.4248504476133705,9.957655037750236,12.545021090074014,13.758462243282082,15.973829228119818,17.724686388174376,17.744488492919352,18.039482857659266,19.968772878526735,18.091033992081368,16.54710192577139
21.917295216832176,21.15908236884113,20.222316894737148,19.851995004377862,18.845708811344423,18.4204129631004,17.060947299242812,16.410975534873753,15.881382796225779,14.84773561879473,14.964256178495374,18.16138681769096,14.691254326047515,12.744685609701145,12.272980037517103,10.122689348520227,8.735272093692656,12.27192855687924,10.94807764778534,7.337662130300771,6.4589778105108,3.4707741899330866,4.922678486677357,5.8467770244501205,11.293308666851688,11.894668634254291,13.744265480784868,16.14198865686909,17.696266027042114,18.019755542117057,18.617635355869304,19.09020582512994,17.489708464019845,15.809415607976034
21.82038032933966,21.988690264848373,20.56152987258496,19.13284567455231,18.42391540813932,15.987275500144499,18.521828947688842,16.372482576844334,17.966469425642586,16.03409683626345,17.088255940894154,16.424919205594566,13.669446644902074,12.25307409107843,9.583275501851416,9.108577960625944,10.31400496965435,9.152314965716483,5.826769885382292,7.711531292378863,6.683233616513715,5.143421239657223,3.290550533781945,8.154177556978274,10.729770061501618,13.464445008860203,12.973729566140408,14.929655944090927,16.288244892871003,16.857160160429405,18.02272899513783,16.99805063417622,15.928098170043095,15.169921871665828
22.39881836592158,21.551614797599743,21.216938593345947,21.248099831296305,22.091348120456928,20.817138849972203,20.46886540908596,21.089943595897847,19.31733208660217,16.520090261838455,15.698417411122763,13.709738325107887,11.831700472508427,12.85337432665826,8.8413513481545,7.4980256208631895,7.737046279688318,7.208887103475346,5.219973037283773,5.487874789329787,7.984070647887494,4.23013109186079,3.571992162587968,6.4623052806064045,6.608434863296928,13.642535686314032,13.460764177332301,14.279700063708283,16.669547819298117,15.380189509118345,16.30468919867889,17.28931734053592,14.247711981774561,14.107211377874142
22.68161236770975,22.274869871061796,21.858126923401155,21.789308402429505,21.73907691981088,21.21029409892001,19.83284992860143,19.0634127064296,17.309292793867133,15.796700169815171,12.844866459533694,11.61836835746322,13.512837326279996,11.481251796458839,8.59124810610149,7.2427959378764815,8.308289247483652,9.460784337918207,9.448336537767487,9.875549020046348,2.191794361840883,7.373370274807926,3.8361274654486652,4.558147599188914,10.905188123669339,11.992882068887926,12.606880335298243,13.9407671517392,12.46696322483012,14.349810644921618,16.612650306870147,14.616228803172532,14.88310721051822,16.14861794392277
22.606142720528695,22.133644212128523,22.12352809440987,22.692408566539786,21.73166304260077,21.161984224103115,20.53658065350996,18.535346351314836,15.777826781233262,14.165997670197465,11.122987237134977,8.374508061699467,9.830698930827351,10.414381925656572,12.620594796994865,11.423439562180613,9.985173122584024,10.367782114068602,12.478073726869269,8.02580244505898,4.495504473854998,8.955825937642565,8.472001634283458,10.722194742140001,11.066121005509332,12.948646263045493,13.624316163959966,11.316436377784212,14.842083786026652,13.254926233955658,15.656132093651106,15.523260110652254,15.702289862505653,16.159357594837456
22.099456935405133,21.96777042658316,22.349581206753932,22.476561701911884,22.72223723091841,22.278192005826778,21.322767120243583,15.875234004970993,14.886829301395123,8.715005472964046,11.535993461878439,12.28798227667624,14.553795436989189,11.995967091220198,13.270234851050397,13.635316620828386,11.153176080217346,12.442308946792174,9.046940230043617,8.155518179296832,9.314738864110677,10.343225828151382,10.49971870630698,10.283936895597801,11.542236212945486,11.542046943698063,13.605261431427033,12.779627318512055,12.89559410036707,12.508515711038894,16.09437356649379,15.207491237790297,16.363859916238134,17.093528500495424
21.690932941873395,21.864435179979292,22.26010997268722,22.10319090387328,22.48143083933141,22.48082490308027,16.10924786230997,10.934796894685988,15.699030235407545,18.34426871224726,18.863446721470176,14.678010542719909,16.548317395917863,17.69648127539342,14.762320651311644,10.636936936384334,11.203237292065523,9.589468801542983,7.978942146770427,10.565368025490336,8.907887954352361,7.9745815388628705,9.943010343394699,9.72737153108142,9.255277757486,11.51438883712265,12.316465606732619,12.110117563642355,10.667713862314688,10.881286007464617,13.57361845069714,15.950701140073171,14.956433339787313,16.385461936421013
21.955975299348523,21.592818307942135,21.316130835975038,21.855062707670168,23.892446002779447,19.6643925798975,16.15288046168777,12.858466551948547,17.762950443709233,19.42903837020101,14.978004874717922,15.550217946399112,12.566961505598645,12.552068088405049,10.197502609917755,8.275899819663637,11.27995223710412,10.14869067849283,12.354531722279788,9.496736929225124,10.23173597266165,8.687763025023456,9.289079398057417,12.642101900471461,10.138982425055216,11.309390045633602,12.058363172266386,12.519349066649442,12.494715643023094,12.86309050418371,12.55652616400115,13.567359890009614,16.28091275536811,14.513820877212883
22.433723864504707,21.592759556443397,20.281410870350985,21.20811054897877,23.230067460012794,18.90167755716458,19.955114576079108,12.769664061573495,19.149939839132145,13.388597928892576,16.451030013629627,13.821425907903787,14.504145864745324,9.019960961002814,12.7380483096005,12.253713528801507,9.520934744548686,9.536351408442876,10.795986901352983,8.621641698680513,11.48538751981285,13.455323792519524,12.114317846792398,9.985283765358087,10.693714745257937,10.958117110064753,10.948138664708008,11.244994130831715,8.978645479585996,10.958242783138937,11.923903486920766,14.682953491303994,12.722775734775286,15.217727138547987
22.153404720914466,21.194700161438163,20.785991172897734,20.332999263412713,20.188510863794008,22.88113958606728,20.055240675745733,15.840770800854937,13.842881493333483,14.604136743441172,19.85209948760349,9.940560426740134,12.900777706897685,7.221424609629361,9.95419130477553,10.029059159727808,10.313960866264045,10.295828839515515,10.467605241809723,13.398512383916096,7.746948493024922,13.069668404278438,14.005753910968238,12.435320940631456,10.199058019642306,13.800190103360608,11.773476907974333,12.041187163438178,9.633876699724786,11.266090935861104,12.039790439635173,14.308444318791889,15.288045999593383,14.402150867748936
21.38537227527015,20.614498925302144,19.77385851568559,20.508680135496345,20.520618559450973,14.60332457133758,13.305841408201148,17.204341934299627,13.093667544578409,11.957091987297188,12.021214885545051,9.830880450086687,12.261712813943527,10.28874421190332,10.48062437868517,8.90328794955497,8.873798836915933,9.365801494361966,12.293226353978833,10.368869281501057,14.378432942613117,10.41547446861475,11.633133006956774,13.42568490353813,9.191520118540437,12.106876297252587,10.535296271255717,12.03996170336498,9.977957607041098,10.896371173167639,13.987708566986335,15.012702673687373,15.211360722260826,12.230725991951244
20.89431611155159,20.899526426655136,20.645333474187428,20.853552160179632,18.984204400654885,14.247156279217077,15.61734571556541,9.96611110950958,8.665599741721143,10.847402250432202,10.415505364478458,11.769832993350038,8.672214737664294,7.7403891906707925,7.66998843452997,8.9729919714119,11.398244976554375,10.066599191424574,12.343393413870217,10.36348155335484,14.35007834522388,11.931792353517645,8.966613692114272,11.513379723617806,12.78155231453369,11.464727924606583,13.544790116001945,9.873123327451191,11.077709114409377,13.34556758581674,13.640069410121564,15.11075071073919,14.54618857028278,14.563563110491557
21.54976055116664,21.150685512853553,20.47816011110157,20.31352839918018,19.435137285324267,17.343331384619734,15.184705385510194,20.636609768110393,15.364038794518336,15.790287635796538,13.377395193453468,11.519638662661839,9.180485015354455,7.770964290496855,7.2065997775821025,8.719478002521512,11.074475821715287,12.131086980665598,11.96709821589715,11.868416244566435,12.979887331924594,11.96028175420992,10.642542870432168,9.778708133806775,11.539951418846478,12.142970462530783,12.515709359743074,11.649120743517413,12.447123878331322,14.26179632866755,14.875833633176553,13.961800394437713,13.789457140354928,14.26811653022139
21.47940232784476,21.232890358683065,20.329661553398623,20.604616692562935,18.690056564188303,15.705857905677473,14.67040581904094,17.295826774550022,13.278430850759484,16.372856700310358,9.274710704092453,9.770453334681909,9.065273411280208,9.700261175826277,7.896155066941301,8.958505728150918,7.850035875836315,13.347807869204129,11.336802305601989,12.49927850684159,12.104677066414641,12.863547764143167,13.741589063655054,15.121487554625498,10.286780214302118,10.38973574770048,12.157111749584715,13.105924443847604,13.349259242139599,14.621574914512566,14.93456331768534,13.245616518320018,12.693590161604183,13.922157913620236
21.625401025534828,20.7715752361619,20.71401998959268,20.60510122604932,19.992038639963145,15.302375661026245,15.95050062335965,14.318450052704854,5.356179456751962,13.011926044914139,8.589164621913742,7.836315277043799,10.918424819886374,8.107155751190934,8.018935993684545,13.234901256600054,9.921360522339153,11.37545242589541,10.548285664791262,10.089023406477912,10.800634226160538,12.293735955138322,14.742612577770732,12.289197126320879,13.018243104008974,11.243777707441232,13.232895658413607,13.132973515687823,14.899995205671525,14.220940135075267,15.256727669317009,13.328354443113906,11.56424913956309,13.901647762721652
21.326814471003217,21.148884482148716,20.743569962505127,20.517296617870763,19.58479020993562,15.352594115372058,12.504090939281747,16.334881833493174,13.940881360241432,13.215743099005408,14.203407853937032,11.964500073287933,5.117499546970424,8.10036212901105,6.892658601644217,9.95050314821855,9.391553192565867,11.214501869804119,10.290673085027244,10.337798338401424,9.532748239225194,12.36413385220526,14.561379785294772,14.955926778955481,10.49091700900283,12.614759290650172,12.194571433912444,13.285662965403734,14.338598803464494,14.496719500599529,14.011320012449664,13.91554887669971,9.72954577243797,12.493791681459644
21.16991982998662,20.348361250438096,20.015288052064562,19.528795639737204,18.56102874874642,14.815894112761663,15.471516424444612,12.41010174605428,14.514146416810496,11.10957158136549,11.44981750954628,9.877974541349388,7.258567743752992,7.045853697800644,9.662666867865926,8.699598220052367,11.342026121178568,11.571616412368183,9.778801432831226,10.193744282710819,10.620553170553075,14.33691332962239,14.760508030994945,14.114670325524727,13.664557038333733,12.173263169213925,12.865702318001714,13.335847814112894,14.662362474260863,13.798316333728438,13.493535003649034,13.160053029421357,11.675938322010346,9.50435809612837
20.499509632653123,20.409458060689452,19.383501184347537,18.000695200184854,17.095806158470335,14.940062660005678,10.832936521562354,8.64340174908373,14.897809341208681,8.34386687323612,7.261622079673852,7.87644322695982,4.870541978375243,10.367902587836069,7.643654072587048,11.328385020986126,10.919986096466715,11.391878154272998,11.696575423561315,8.967424269845903,10.318134809583231,13.567940889697441,15.199822525294163,13.408793948668933,11.733048416759612,10.887767291652512,11.791476613125397,12.865033607287979,12.3595690555636,12.155325439455646,12.072225629402903,11.396411777708838,10.350737763002634,8.482740391671857
20.302969387301097,19.631456403401668,18.55857689662004,17.364242450458995,16.373521705570916,13.753037382131007,13.012962482772565,12.266391743890146,10.254898840480443,8.957414593637244,7.17136934507577,7.1157064679224735,8.952809556321307,9.39099121570342,8.947974978042138,8.820629848453995,12.388224981866323,12.249649338599873,10.358321463801584,10.637720030147394,9.528649673935572,13.180635302151522,16.45815729954177,12.740775422832868,10.261008719238333,10.874736811178675,12.334218244368385,11.782353139376399,10.877027227210053,11.397588995269327,11.056582245178936,10.66398281991903,8.946947554655756,10.162245788443425
19.9346069164751,18.931114691201035,17.87478808076159,16.12671694944235,15.05528336040296,12.80131292995657,13.662792073282247,13.044445241582318,10.859845890068714,7.461700246600782,5.773245441423196,9.33117709987253,6.296242684095113,5.6745147905576525,7.66544942671997,9.587353124502583,11.401035081538893,12.121802020952794,9.47228591788526,9.120218611140489,10.061519262859566,14.673211201073553,16.222125048741326,12.487155967731903,10.968888371307873,11.954249255133497,11.995185311910273,11.86470523869148,11.143022932344639,10.128585340234116,10.10534131555885,9.30421815043376,11.858987113597225,13.248933529648129
18.702459175479326,17.64170878452765,16.51638914806826,15.499004150911288,14.253731968839306,14.03449889914676,10.497492558049231,11.149917448863995,11.168801927101084,8.01902683570022,7.1610997495181365,5.886610365679043,7.827775730974444,6.774206482182761,6.3843742065496665,8.35015354175884,9.872252072183025,11.688339043553567,9.680993632107418,8.271239258345037,10.356192872376653,16.18151915360763,15.521673456417794,13.024767863570384,12.328617665388796,12.824868690542434,12.410876195893382,11.25956205409248,10.253444935536066,9.437256871928906,9.250603077326694,11.064956873200172,12.177835680472382,13.341102718904782
