script/wind10m.json
{"header": {"parameterCategory": 2, "parameterNumber": 2, "lo1": 3.000054539987559, "la1": 64.9999836372058, "dx": 0.5, "dy": 0.25, "nx": 34, "ny": 52, "refTime": "2026-07-03T02:00:00.000Z"}, "data":
[rows 0 to 24 of 52, columns 0 to 33 of 34]
-1.5254736825230688,-1.3076904781601921,-2.8287022328785794,-2.4354451492994573,-2.6201278651830417,-3.4138872854148525,-4.11827521148026,-3.23275386459869,-5.073682871387406,-5.494713639316816,-6.906747717804495,-2.905059937320508,-2.2874597284977036,-2.5162456781053533,-3.382412930166946,-2.171139283135693,-1.2271576667350306,-1.996068933511952,-2.0262886063379235,-2.729404716815851,-0.7493156831723345,-1.500642537427324,-2.9931374164766225,-3.3085665735476195,-1.7346904805009773,-0.7527996031256804,-0.9170090345816977,-0.9524286716818815,0.16979231651284432,-0.5371533878382921,0.5354999982218265,-0.15242783263510826,-1.0622882101472717,0.6156352729052712
-1.0742092172864321,-0.8690562015856048,-2.200690202376894,-2.2722280851030403,-1.8859254562973438,-2.9730860174032374,-2.972562105671922,-2.9544133994685398,-4.199378642112841,-4.5950798975103835,-5.475920168288446,-3.1545874781450687,-1.7498989421262285,-3.0021013991082537,-2.1501494926175315,-3.0551882935330856,-1.887462757046656,-1.2959562300177816,-3.495655219202442,-1.700155957106379,-1.2976079957344528,-1.8159446026794581,-0.374191718931796,-3.1399161612890585,-1.2036065058020058,-0.8868179878431083,0.2466731617817688,-1.2653496748774036,-1.2256365847763195,0.2754995445368911,1.0838149261618666,0.21713709690856023,0.16180065834978022,-1.142410783732572
0.2619453344084612,-0.7118514158742172,-0.7452625232619936,-1.1413931625174083,-1.8495117765466484,-2.559944739349116,-2.6407080464381663,-1.99601660351748,-4.56927580912068,-3.464901059698298,-3.2473869432506177,-2.93787474397322,-1.8361425723186675,-0.3019214312231203,0.39531796807110076,-0.5040195186922659,-0.6075569778251587,-1.2045389355139455,-1.4185960504753885,-1.85724531834122,-1.0304268620013919,-0.8810759785901251,-2.017952689333812,-2.4290001589245422,-1.5895459682623168,0.07358284239100168,-0.9338775612386959,0.41426104452372475,0.16156984683374126,-0.7949899833166962,0.41788397006475647,0.01680321340434786,0.515970209708513,-1.7015088883615417
1.5138987487001743,-0.0047898249136300135,-0.2628242778897347,-0.38284276654762944,-1.1253512877922296,-1.5084352261694056,-1.6502640221098188,-2.421070903888413,-3.737240499038093,-2.6153693007649697,-2.21070534883876,-2.0607673466414838,-0.6480559536545897,0.3979573993484375,-0.031459931691797276,0.0953322716164917,-2.215522122357377,-1.2581259824043798,-2.401563414914264,-0.5173529824616157,-0.684076338716491,-0.7855940536508211,-1.4941452145946827,-1.413831955937045,-1.25341945608931,-0.9754887745721418,0.012203130976208454,-0.8806149239825654,-1.5836224353484856,0.13400911547902253,-0.03392697129546716,0.5434768844222021,-0.5292049516195931,-1.3459353989900629
3.5167965776051346,1.558658868600239,0.4751300345104632,-0.049633393549235474,-0.10142838245792994,-0.6201263840682508,-0.9658173949422206,-2.594963516115321,-2.7669459783444417,-2.467009696941538,-1.4697762871750104,-0.6138188277760229,-0.28363963473901316,-1.869239666964577,-1.6827162926129384,-0.8588639997525453,-0.3995600760415834,-1.8758215703411931,-1.2334467308441315,-1.1677744808767412,-0.8381019212103854,0.6733861140267566,0.03769470614871673,-1.0852384853769044,-1.3941026219719503,-1.0820523454609607,-1.4641303413221145,-1.153777860348973,-1.1674690953499818,0.13963287778609576,0.13027871947630054,-1.859610994660987,-0.13112562837266262,0.33259205029231803
4.497049036066204,3.2916664182920523,2.1549626588928272,0.8521497990022894,0.43678960452647214,0.3758258101149603,0.36816427655960715,-2.4840710996948316,-1.4132213551595727,-2.0663345427921658,-0.4873748493563226,0.4967586483949543,0.8950096570012803,1.520516041167969,-1.3391277856851067,-0.6676502272861107,0.11992807186124968,-1.7932861781942737,-1.9932404937886459,-1.3310474658547298,0.0928451668496415,-1.0261131962502195,-0.08790913930831463,-1.346144710370672,-1.320013718932619,-1.3518318487194056,-1.064880528253005,-1.2589648333951193,-0.5047974361287778,-0.8199006521084682,-1.162390897005055,0.3886467660734217,0.41330070625819204,-0.20195194993192378
6.496423532252028,5.428762124678869,4.443234973662641,2.4827445245051702,1.717963978655505,1.4056106776128576,1.1618332445988246,-0.42443705128072035,-0.18216134702384998,-0.791204590545753,0.8778589467768846,3.304965237057913,5.481120915387321,1.093968080826772,-1.450112150421751,-3.6632818171724284,-0.8452265254984899,-1.2718280993067927,-2.4905969029744175,-0.8114216166045625,-0.5369967797008992,0.4930101493518578,-1.7369005232443968,-1.7637955153259763,-1.641970214924176,-1.099580532554913,-1.0117029979670402,-0.09728872751536355,-0.6439589668632567,-1.1801513419041336,0.53702916401049,-0.48547757612132486,-0.3920702333226263,0.040325522107829935
6.94957160616275,6.29520190181024,6.014920590542778,4.492172135611036,3.11276726425866,3.116215218662341,2.668869695209567,1.8651464903977366,1.736293843122935,3.4123800096123897,6.714449340234375,-0.1409045428899472,-0.9601703078732547,2.6067057872153225,-0.5337588643656326,-0.8160874631304359,0.43136849340166616,-1.228038307701904,-1.1943748930378812,-0.5239787844021718,-0.8934252336256967,-0.13232817229793373,1.002561287108068,-2.0389814844338146,-0.8653687388126154,-1.1379902366584356,-1.0955528000821104,-0.989320365469625,-0.2973493282889413,0.8816631299732217,-0.5818958512824335,-0.032104560957341335,-0.49291309515036086,-4.381266654444344
7.226987366760684,7.024540776758916,6.042496033922303,5.014919329157525,4.710576707427894,4.12468835782303,4.462871640227885,3.7809549970272056,3.9662610913521332,2.8301787407866983,1.4975586957071785,0.05840432249008806,2.19140682521616,1.871420033661651,1.0487627699857256,-0.6850283354952688,-0.6242322510881553,0.14580195702823767,-1.1766593874385407,-1.1056406665998326,-0.3857776027034864,-0.46474612573531987,0.11262002802725225,-0.02329366905335051,-1.1681622626457218,-1.4397198219100278,-0.7648331004395723,-0.8257605932327139,-0.39050510662429594,0.592531630726704,-1.0337248886536752,-0.5597503662328992,-3.2439754498148523,-3.8555069454266384
8.630902700278371,7.553758551174034,6.90327902604472,6.39818846305918,5.25881649329549,4.445036487846543,4.456207930223135,3.912785922940084,2.7021208657943783,2.0809205352607756,0.38566282639500354,-0.6252230873802852,2.7634429384808867,1.6519295484136343,-0.1794397697396748,0.8249302208749785,-0.3929017830528672,-2.433044230409458,-1.9648263349909239,-0.7195724287926937,-0.7889309072143766,-0.253366890151582,-1.2558094753729785,0.26928156133482417,-1.203903790409898,-1.5722219007881382,-0.9804712803152786,-1.4017933282577746,-1.4117251352237188,-0.9720950163411829,0.28506825717256407,-2.3409680910441013,-3.832912427386011,-3.8420025329523595
8.41635748243144,8.043926000725243,7.208577731514643,6.530292938664014,5.020795616943233,4.3611563504392965,4.5926874866870815,3.951741134332318,3.878237185098436,-1.4275928637037982,5.131295448653595,1.4936631414544221,-0.053466929754669136,0.748071199707022,2.3788343095793696,0.5313458766876146,0.5260566383849503,-0.8036729868997803,-3.05572585812931,-0.13112990622031553,-0.8103174001582925,0.3644237890954362,-0.8696921599351359,-0.4298483225513316,-1.7558287256403948,-1.349039806307012,-1.2143214488831522,-1.6193489495066185,0.40103862400492507,-1.3471263774105067,-3.5306926391487896,-3.8953309417213497,-3.856756735731596,-3.272842087521092
8.060289541972706,8.797878009668452,7.513211999009788,6.316764608852955,4.593803935742904,2.6449650744249324,2.5484755884024706,0.6422970143847475,-2.002540184467484,2.048617018132488,2.3078924945118313,2.9509686418011682,-0.8326521957182992,0.814275093366301,1.9973211531467752,0.44284458919754927,0.17734848470219644,0.6169170074758183,-0.9092114104197008,-1.2119078061275501,-0.8160493288100437,-1.231007643860214,0.6538561263744549,-1.1491898451951796,0.07913478518944998,-0.9120873787838016,-0.9725674612720021,-0.7470385361701427,-0.5044664988586526,-1.3885881722913034,-4.345887104858001,-4.539399274644135,-4.440705681223646,-3.582156554384762
8.233537101605899,8.654936349263824,7.548112041567612,6.062310860741932,2.816538441809495,1.6126392444706728,0.2622121437449578,1.9318438008809244,2.5947989987812266,3.6182077861156223,3.51027986010617,1.8552583456541374,2.6714768060844416,1.8795233222628271,-1.0228020919024947,1.4123822363237288,0.47915931450709737,0.8131490352674435,-0.770751467267108,-0.31762066231430797,-0.4267794490047032,0.4048775002072045,-1.706893318809928,-1.4718691527284984,-1.2047240766672582,-1.20975285894107,-0.4582680525759371,-1.1570903230157588,-0.7430353529800857,-2.046623032480184,-4.578221851471382,-4.9040771799683345,-5.1180421804202645,-3.4651573152830752
8.034911452173752,8.331977941909125,7.787671429330745,5.9782447638490215,2.981255138599314,3.609443359978859,2.4769433223878363,0.7913490686076651,1.9417533477833966,2.324796827572108,0.45066010684938435,2.2600437856708475,1.118112234855183,1.0508701162547776,0.25703854703050505,0.419196988140274,0.3098200145088117,0.4162990625555362,-0.8248771739498133,0.17310435942548444,1.200486866039901,-2.8212793684862225,-1.517038264483073,-2.03071917911833,-1.3565152574070236,-1.2866333591636396,-1.521185478132129,-1.12750673328923,-0.9954497832924701,-2.2895492973128384,-6.001571056652243,-5.357428341692354,-5.094341027222671,-4.256824317201057
8.406256973838174,8.1848685617106,8.033872618415511,6.669927964555332,4.818362711339474,2.5975553327639997,0.291269031223292,4.114279011967096,-0.5480211234511972,1.2308668580044912,1.33433434057414,0.31049206923137423,2.0865977073014585,1.1963246420637748,1.3461263800441121,-0.4162373540102482,0.5900078443244093,0.6267465673512891,-0.1053158134111347,0.6951918300548142,0.9304360604054861,-0.20753914935081674,-1.8251858860397336,-2.2734665182089047,-1.4175474145907045,-1.8291052109000605,-1.373845501212048,-1.3157994931633388,-0.626405587580914,-4.699453142956296,-5.863958741755654,-6.637269990446207,-5.881250556583229,-4.960790077714255
8.643311861176386,8.478617309696736,7.848383578802331,7.210614791885403,3.10642829874796,2.8399919146781842,4.4848477585414495,-0.3177735588381304,-0.8107858989303662,2.6188932140620795,3.198667922826012,4.371903788988818,-0.09559848047896856,1.1931601287409346,1.7092063443204595,-1.1734145105539462,0.2741016266112346,0.5700705451910341,0.7953789529727819,0.6425083518831546,-1.2797396938092842,-0.9003563141839183,-0.692133936850512,-1.3476597896816311,-0.7697062913833564,-1.4007205149142128,-1.5422307674686924,-0.9530419568171766,-0.9049645790463909,-5.424349718807145,-7.876798905203672,-6.605414931071743,-3.3639101795708557,-1.366158987292471
8.349735148561534,8.861811770148552,7.95838967876263,7.532534986727823,3.4281519409386454,4.0855802690169325,6.36713436539818,1.1020911150664232,-1.6766162775383637,-0.1915956816226114,4.713389033133361,5.554558697216844,1.0774894245591737,1.3360838077394532,0.8457627600735165,1.9315209190988334,-0.3338875033045516,0.021812937914256113,-0.3823567007948037,-0.35669763410281585,-0.4129378984826883,-2.751339305646743,-2.1525649437525542,-1.3286846960397352,-1.2030705639643888,-1.2215129755277758,-1.1705446180429242,-1.1426085879260106,-1.044220524523331,-6.480657800318218,-2.3218467964251586,-2.328416165247603,-1.2599004482513758,0.2391822052643946
8.772397532430366,8.981932222187648,8.338991986383425,7.91552450676542,3.8509856847784416,4.1048068532970055,4.000655379585299,0.7900088835305604,5.139877893086819,4.913344723514721,1.1715655047216784,3.106506645436181,-0.1650505634601801,1.1478761401167876,0.8835205990994681,0.7671602101481219,2.5014206922709517,-0.5239872126395608,-0.1489700336266786,-1.2544561662441573,-1.6412383387335865,-0.10455648038329414,-1.6490345408120262,-2.808764110613721,-1.1157176350724682,-1.3331726221318978,-1.3371830272158085,-0.3828331829416081,-0.00988941256133783,-1.4368413933946682,-2.81401121313922,-3.4667344708395365,-5.484557079830406,-2.6838381804854885
9.495020016796559,9.122874531988494,8.487800543524754,8.18382542051484,4.693471414693432,2.653021222833596,6.18242636323709,2.031814534921997,3.733115730888666,5.785846711702642,3.135898566833799,2.5300746615128604,1.9347932351066544,0.46074925672140954,2.287510278401235,-0.43739373674132714,0.1714896581082709,0.129314414461731,1.2950989298418116,-0.8489829265542187,-0.5103106752856578,-2.364128156590473,-2.608823954819334,-2.5523336591114467,-2.162434528945351,-1.6277977957552003,-1.3081821281629773,-1.0583185753324504,-0.025266917449556628,0.1388143488719976,-1.4146845903180647,-5.280000347432496,-4.330181755970558,-3.9529355624015965
10.159288089436625,9.432583131267231,9.014502991023926,7.846466991417785,3.9543302533702502,3.2817354514208126,1.7866805312523293,7.690076094765611,5.009743819189422,4.779794550136541,4.9036372009001,5.205806558193484,0.0756940713207155,1.7586136114983906,0.5870076775000374,1.020430284596311,0.7139763065707073,0.34478277235812405,0.5277184758796045,-0.2919070682818477,-0.2566623210085724,-1.6310643421918793,-2.32869446889564,-1.625773112244233,-1.9928881448925064,-1.9516182487885336,-0.9216175825436854,-1.226588393815056,-0.9819502974405506,-0.47704317629881127,-1.2574627472812576,-1.0404739274913175,-1.75147195512763,-0.7534943007852805
10.919424873353107,10.4208692244261,10.009345528949215,6.7945669047881925,8.36087520872364,3.6049050746735336,2.728979891292873,3.1595816995957056,4.4519477935534075,3.4329658752981285,3.704876230533959,4.852739471812425,1.4462559116586668,0.3523021517126691,0.68476270037452,0.8090256450483008,0.5350325240527828,0.13524536279068608,0.41327197995317383,-0.37810188129106065,-0.32578702522536007,-0.18915319368615724,-1.8610734527558728,-1.1122033772208229,-1.3388597828088888,-1.580938732132763,-1.5989409705844002,-0.2168272802167974,0.17000027555750422,-1.3835890426218558,-1.112128315802857,-1.1643491100421883,-0.8550457715437427,-1.8457329859963711
10.946313725814665,11.256924536001211,10.827384647421281,9.56055244269687,8.245991337372272,6.722262178701732,3.7848886351241795,3.118181789407239,6.418087376786637,3.2876304986137,4.335672156785085,4.162037068282515,-0.20655652478931238,2.1358441325303708,2.009312502517826,2.8493489774336185,1.1010411213046067,1.017374869053042,0.7817347173241574,0.4110397128943277,-0.17244531828874624,-0.9630670121440553,0.00037527004175047615,-1.077306743104586,-0.960754520102801,-0.9297411194057598,-1.203301091292052,-1.365669762773925,-0.9233284525679959,-1.0598505931420623,-1.8129775962348904,-1.7779935223210008,-1.7664470720979077,-4.646167614998807
11.631028060104045,11.711304255144995,11.600449451078727,11.047476602025236,7.898031469599621,4.118800231163727,4.034303587571346,3.7340547058651627,8.414736276620825,7.017116467546015,-0.9265890858292017,2.912040265687475,2.143626790465193,1.5082584700692154,1.8555955767096741,3.170618915168647,1.6347408738432179,1.417548553946384,1.6015853662837993,1.3786636131177255,-0.35632424659370654,-1.0418579504841623,0.07125020830923715,0.836708578412717,0.6416886270897483,0.6925828530724903,0.5293806262961589,-2.5379816246267892,0.053468928652738515,-1.7388261609959612,-1.758716255452139,-3.572315773962405,-5.416916693622494,-4.2177678097854745
11.381738309465518,11.97022410847502,12.21755393606891,12.045074271892831,11.660586195306763,5.88207480585733,3.210576266734755,7.610929735620141,9.269085547306267,2.4209155581106985,2.246475844331116,-0.40426656364347485,3.156277746369453,2.332314114899115,1.4293823476857483,4.491479959880107,2.207453554659777,1.9876389464332744,2.1585344121215018,2.2489109894401356,-0.39482452117843825,2.0859521564079535,3.5877225907031254,0.624573480512864,1.3082939449960407,1.2536283474826173,6.281021106772607,1.259743047324981,0.8381594497545888,0.6704397158605919,0.9278365473155931,-1.3427349595126965,-3.5366350097391486,-5.056643754400068
12.125820743935655,12.17632070567762,12.755642921102925,12.335033065966629,12.24063924100085,10.47854042048449,5.148316816457478,11.23523219491717,9.502559631537535,3.3372373311672745,3.535754859026844,1.51487319705254,2.11099387132838,1.784331640980151,2.3911551829665543,4.688155649362188,3.1068264869132096,2.455574736194997,2.533095681819358,2.3172905508498993,5.465438974366807,2.9305194293015937,0.9744689624953543,1.0791675503293743,1.2586128021563394,0.8200104207532858,1.5372076976901135,1.4674103767416977,1.6328401705341586,2.549427420077014,1.7019565001853272,5.36892207830263,6.772848045665637,5.750062379922409
