script/wind450m.json
{"header": {"parameterCategory": 2, "parameterNumber": 3, "lo1": 3.000054539987559, "la1": 64.9999836372058, "dx": 0.5, "dy": 0.25, "nx": 34, "ny": 52, "refTime": "2026-05-16T01:00:00.000Z"}, "data":
[rows 24 to 47 of 52, columns 0 to 33 of 34]
-1.1029552538090484,-1.528691460411577,-1.3845068472822688,-0.5509969538337399,-0.4455473333045273,-1.5662016170010582,-0.3521741468210215,8.11319417912083,4.4255040490251645,-1.8691116222403783,-2.8925426475742984,-0.49978153478717996,-0.7129374315031038,2.561611086185091,2.3775057218626943,3.67829793870654,3.9153805361196663,3.3030017400119336,2.3128176169193795,3.7843467840997933,4.258682851782331,3.446661297382395,2.5339959905598217,-1.6551041496232368,-0.017528512788351536,-1.528666064790791,-4.173132150266903,4.181563379211425,4.829031715924965,8.15512690128068,10.10569981783405,11.717675783377606,10.626686152921318,9.051925194109106
-3.450431323620104,-1.9282927023398577,-1.9913951835662658,0.9527501793202454,-0.6446821000468411,4.598007567347965,4.641126554206905,3.3950195132383274,2.2261094817603393,-1.476523658781512,-1.904971550912868,2.4768774583933877,6.651041342997442,6.889774506721165,5.818758347557574,5.350640767590175,4.173403032462357,2.871295358467263,2.231547978656923,2.5428808216008827,4.987991028387949,3.515290861470969,3.012875303636604,2.5340751805489807,1.078226314205594,-1.5132670274814741,-5.581605031252655,2.5026562770699123,3.966274545070372,8.977301863710144,8.270881949870239,9.680216854614905,13.010609201848865,11.114904795419623
-4.7624147007208695,-3.588525665222559,-3.291710001754972,-0.7830936655013,0.25940793430784265,1.3079845308257996,3.1599079273195647,2.174994805418741,0.8537319847087079,1.7159427822574898,2.751862447732035,6.392564333108342,6.104047805123928,7.400506405820877,6.528809272631249,6.417036105585708,6.107254283110122,6.462851273914848,4.478084118144802,2.9669168375257904,2.943417335466968,5.453566162352086,3.5114740770728643,1.6227551015136892,1.4345634924981738,-0.1402947229646019,-4.498709489648992,-0.9014709274136853,2.9754965761463907,6.789685700593971,9.142910168007099,7.316259574301007,8.49804663493512,15.886058444174806
-6.15604765280065,-5.264800062906068,-4.14189303858746,-1.887056097540825,-1.1960131470988336,1.9621348471850975,2.4449758372763766,2.3081441504653397,1.3508090092755927,1.4298476971063487,2.3925847774493687,3.1707322377257015,6.380190712167752,6.96715653260757,5.859758329766316,6.714180987740426,5.4185698945081775,5.117396499977125,4.467984573211744,4.159381941038809,1.9726313041192163,2.344962044758202,4.109191483549962,3.0376396613741425,0.9068779269946379,-0.43369047395102056,-3.204374854464743,-2.3032263394361845,3.2948701130265228,6.6552578529722375,9.460503439890047,11.236293574773239,5.648728142587872,11.664576688209298
-7.164829100627708,-6.628172873732805,-2.9111693304866932,-1.0759832866118944,-1.2880873134061446,0.1802764966595134,1.7467963656815444,2.190936006804431,0.952155678238704,0.4424609705437061,1.61836332468357,3.0970467501016237,5.728637247774451,7.025371112178505,9.420856614564016,7.441848299327987,7.9165137191682895,5.570838693659831,4.691882892784895,4.0526388187067,2.3546937119938587,2.672544129226408,1.3307418915003355,2.5446625635843603,0.8748628830397254,-0.7336211743700027,-0.9495916842251364,-1.6930916964368663,0.8448916187886328,5.0715125435654524,6.793917457772831,9.290772007023849,8.821134314129736,11.740117382202833
-7.729399465656487,-6.62975238472656,-4.015867022337178,-2.1043829780944194,-1.5236935634304067,-1.0989522809386654,0.184384955222414,1.4054140613792678,1.355077163655518,0.3735868230158579,1.964111998926369,2.8543908223410175,3.6506215141910108,5.932613328409053,8.025560677858143,10.468075699191383,9.212953899055218,7.1678402021513765,5.994346282512589,5.346299691987063,3.325846391918997,3.7691401052993276,1.4996087808233416,0.1871930869503432,1.430914116807354,-0.3250617123917252,-1.5265371111833976,0.33714331853079055,-0.48518414360474654,2.6438223327683685,2.163540738740161,8.433337389904949,6.153534581644991,7.888162111171826
-7.9129418688130135,-6.513655390507478,-3.8662237636177603,-2.520056861433682,-1.0222625474097315,-0.38418902985120246,-0.46376240440189265,0.7428470890048273,1.329282966478779,0.5089391808585553,1.522172069047968,2.072899553843962,3.286193147051052,4.750900052534611,6.8052225312383525,9.204632693697537,9.58934217305632,6.740089664283703,5.606542716011512,6.777838699543545,4.110575295175727,2.0923583058334545,1.9033661741568333,-1.8439233133543593,0.4438192903906352,0.5700238234968855,-3.1791513032160137,-0.7097158881640706,-1.062807729913157,0.5917544019408733,4.748696396059789,7.523868440024899,7.970731265419941,8.634297475996057
-7.818981341889049,-7.1413948007552355,-3.7386020931681037,-1.5517799334310174,0.24123394668329787,0.45968841846303077,0.12237525339005563,0.6196768602318374,0.6650531102993327,-0.013687756531904622,0.7099956920872299,1.59749587455971,3.4129285677178633,3.732522928352994,6.629253764225049,8.678802088651688,10.072283277418732,8.824729420678112,8.014953810516019,7.458013256877877,5.9297489059872195,3.385020245366785,1.0624748857276398,-0.09852340890785612,-0.7323856568544146,-0.977774145095916,-3.55941407836531,-1.2412525086456734,0.339188976460869,-1.6006941421891772,2.246660879106576,7.654893012724788,7.886882933911611,6.824706653395649
-8.519402632535893,-6.4567906244760715,-4.783610299083392,-0.6296141694944731,1.3269353327863462,0.5094962734991801,0.24120908802344304,-0.2996111641721925,0.06042813315991208,0.36104814280735925,-0.3817726041112555,2.322857456487217,2.5005741698374413,3.195573736640837,7.195372565575069,9.742181620186921,10.679546295082542,9.624380148075284,8.26947389421117,8.227362710365247,8.20815949016768,3.9795766187185855,2.0378203414768485,-0.27585588580547615,-1.7291431247190103,-1.3589845039988437,-2.9344054716216155,-4.344909581373467,0.12205086344323388,-1.1504979851126915,-1.7961365585065594,3.130306843397204,6.852753040480098,6.967707391754558
-9.844114800486397,-6.587557493396898,-6.38277550803815,-0.34001808209590567,0.5049863678230082,0.18911082555574413,-0.049255866755660946,-1.9431668271330087,0.2903794148345105,0.8024291348715427,0.8741523339734952,1.136236927603285,1.9283300293326586,5.005847025574419,8.65915429437127,8.664417882856672,11.35091229790239,10.309085614198004,9.159778690192443,7.341748963074991,7.189739752221245,5.147804203631106,2.656898291303348,0.32059146792849075,-2.09067702553371,-2.4649906713934557,0.4978092050235713,-2.734800081827735,-3.360223088898189,-0.6594814538191454,-1.4537381519606503,1.2457905796540825,3.3651601498175134,5.922428389201371
-9.779895800172811,-8.47695208991508,-7.20498136633492,-1.8502742609514566,-1.6091961290721073,-0.2775256163597434,-1.4979803354247494,-2.951162843124241,0.05641459115692246,1.108116061401391,1.0758455136481806,0.6615508202962028,1.870910233752204,6.138935490167723,7.959707382833824,8.400386961772087,11.796650950336243,10.098970355511934,9.206938048894541,7.331871603817022,6.909832192511111,7.030729567723203,3.7913025826443114,0.600338318470179,-1.8013778800702038,-1.6685512217714888,-1.6357082853388918,-0.7656104776920644,-4.295057265741338,-1.6679881439587017,-0.07704412172182373,-0.043862200434186406,3.547887983844989,2.1007488647487147
-10.92699104851141,-5.901396605220201,-5.769927485259484,-3.9969856925519864,-2.6632799969510925,-2.0025999214339616,-1.5924450861573771,-3.1988696829323042,-0.6751394426394108,1.623993527013802,1.0679675248728961,0.12537187065022615,1.3985815438541453,6.162998861148455,8.993155112163317,8.371789706392132,11.135480869792387,9.286064249383598,8.144113831574616,7.841536084423841,6.3364701651638855,7.314956991112004,5.850970530926054,1.6059475222295176,-0.8180003095154561,-1.4821382392261107,-1.5278062029632375,-0.4737888007571861,-2.616929120861744,-5.625672774132544,1.1408554872853456,-0.1641846827287968,1.3025282658040271,2.791043210103332
-10.636397102546573,-8.768719919388344,-6.28406419410124,-5.980863205876205,-2.5988034779709484,-3.4763192549597353,-3.145238659312577,-1.9960972144126081,-2.1840063595523214,0.1299046472718806,2.7186997862693816,0.022129880347511375,1.4793063735408332,5.0156646949493675,7.946134904723068,10.388803230543301,9.690473690366671,9.105942001363143,8.207926267104028,7.657746183485741,5.757033508350497,6.868682777017543,6.35272246589829,2.0668770403122205,-0.5320160044627544,-0.8685384833822299,-0.7862651693923852,-1.462400392633696,-1.8763546901015407,-4.202553398155757,-3.242375586966925,-0.8206178871767738,1.5352218473009382,1.5572221778007844
-9.451298992187896,-8.58976944887397,-7.464939236238756,-5.979260848460623,-4.370421647081857,-3.1365419672429984,-4.182627538421634,-1.6469794641070414,-1.0475119299684457,-0.13162852695002092,1.968168122295965,0.6771215312410426,0.441511877578262,4.298669755442314,9.324154565129001,9.627592844690914,8.523972555193925,9.45592032491683,8.83955029620329,6.491267508350678,4.227087450943945,7.62644739168238,6.544786015782285,3.6630168259560705,-0.8116864836755759,-1.1438639230070087,-1.7503898029455462,-2.2980004921689554,-1.8240365048231566,-3.4677651350511085,-5.910615194063944,0.27037466133886195,-0.08549854469399096,2.0308452088913396
-8.130385585483966,-7.426737856034006,-7.204093390066551,-5.492397730132286,-4.875653567568588,-4.64904351459085,-4.655604156113828,-2.5599745117809514,0.3510431948030971,0.45254234648575914,0.7258219836621866,0.4623882037489208,1.4915271616744248,5.618182421902573,8.917551034075501,8.035237080453708,7.187850107772071,7.752213302167511,7.031218375376679,5.80292043507542,4.391996435016662,6.231450903630337,6.752210010355071,5.225560728820895,-0.30152392019167573,-0.04992095799594562,-1.346790774846334,-2.4693558770736597,-2.6536696145132006,-3.372655713245768,-5.692012873021779,-1.8520436425302544,-0.1128422533791615,0.9170698187109935
-8.08112825212529,-7.5405059361684765,-6.142087097313977,-5.79458463234525,-5.366478342270428,-4.948460709173101,-4.328553315027269,-3.4782062288056426,-0.4961932705158885,0.3685875103763839,0.5424931207569055,0.6366940136343432,2.217474738065599,6.441576857335449,6.945800374248673,7.213720844866134,6.376380805242078,7.150501155046795,6.454585561993631,5.54925301127306,3.7972743341711914,5.575715655801252,5.892273433855578,6.27691066492211,0.2330348351471023,0.5652931716160593,-1.0092726721120515,-0.9412820363141625,-1.5886254962158177,-2.797745008843439,-4.900647099362165,-3.4835865477816674,0.6848658678086633,1.6866734664723295
-7.509439083183087,-6.986877382877556,-6.0254604030789904,-5.335500917584854,-5.478983251791431,-4.443919037869434,-3.715360476226808,-3.507493632974003,-0.6160682214103969,0.3492410401824003,0.9206273192269306,1.0637386144293195,1.8193336856480142,4.160953341019225,5.8415916318294405,5.302563662949602,6.229840909753875,6.306911873057186,5.345880034554005,4.867508534002921,4.302862309822356,3.7116832115836242,3.3219505859837732,5.175243050781272,2.345077971088505,0.13976662553211167,0.23551511928144375,0.6884298543410591,-1.0021000446754342,-2.1135677915164055,-4.33703800770201,-5.414967395697023,-0.09807571066004557,1.5226875250673222
-7.0023861572754305,-7.313106185879049,-6.188012814439654,-6.083635684220423,-5.495880429652898,-4.725816691422573,-4.287827831858265,-3.8787359429805286,-1.9334371467394356,-0.10010294955047377,0.5263081376779424,0.5371481587189678,0.4833416729320652,3.8571832262009336,4.920768067410742,4.781376287445666,4.796704162460729,5.503424865204263,4.343634094347458,4.219995387216574,3.4508502012427593,3.26413529011046,4.002357296383072,3.5975933974863032,2.0455508728171923,0.10333676350640646,0.3889256042472346,0.8152385093930777,-0.36340166628885645,-2.2322368375161816,-4.710826971286618,-5.935767289444392,-3.29126300101977,-0.6080921615004082
-6.331623544119175,-6.634899390630257,-6.291111781261801,-5.714928244727957,-5.210054413067041,-4.986977177015453,-3.502957677658946,-2.9600382843685846,-2.1596093264985083,0.3898547779356396,0.03546105651218351,0.7989713852964829,1.7567877112437427,3.4256335137365963,4.0408393067004935,3.622051923678929,2.9629895583295993,3.453404743759131,3.6359476812933975,3.5394950345545557,1.895378253213868,2.849480056937466,4.114989392988092,2.5222626688601233,1.5439585218563343,0.497964248181718,0.7992968912420126,0.8103174233273978,-0.9590665272157866,-2.856046573329443,-4.75661961417037,-6.71965157435419,-2.248991492490369,-1.7618464797170248
-6.339475720285807,-5.261152172937342,-5.580453382278392,-6.499713437165663,-4.7270805551836945,-4.573926596188351,-3.671481143127461,-2.557993560665571,-0.7906442144017733,0.9725489649872099,1.022551185516979,1.0418615155584783,1.559567109043745,3.153437524274321,2.765127133107888,2.915947983884075,2.8699795559255437,3.127866121110016,2.2475574226574815,1.4467376217889254,1.6839897084450373,3.2893193454646017,3.9672249321097106,2.674624703860765,0.4732380841874627,1.6013400199635972,0.7322461926254289,0.16973693859380778,-1.3613958276045321,-3.100621459323908,-5.03178338325465,-6.826390412653028,-2.6679254722632857,-3.0700484229193234
-5.204805087404981,-5.179527655932284,-4.799132303020282,-4.3187970057290865,-4.404265349588294,-4.369487103812537,-3.1751750668909615,-3.0560997405191923,-0.5501531592532598,0.05558499946388446,-0.21245114450964125,-0.0352335028599327,1.063481996814671,1.150833374650309,1.2338989293627447,1.9461536186655448,2.1939408667902103,2.2399456945165768,2.0447539586720507,-0.09929650764901454,-0.20273396188624562,2.9870799661096847,4.56996843680866,2.898954949614544,0.4125758491168906,2.043784130685414,0.3860031880663184,-0.5361551543792508,-0.8597122919107527,-3.4042076948270332,-6.0393007595406605,-7.622184622647387,-4.517739559008496,-4.4252334337264445
-5.291399088494143,-5.351907236235793,-5.271989982143117,-5.112231825388675,-4.596773937251792,-4.183181917729938,-2.2584144414330805,-1.1047260622446315,-0.927401270705318,-0.47901642863599553,-0.5678307010067425,-0.37884187468930414,0.2750247197613391,-0.9740672236052548,1.3550182847453882,1.5362348186652224,0.8565558641331286,0.909491925281629,0.6105296437954614,-1.1102813691590774,-1.587496451413179,-0.8536056228905431,3.6799393169552235,2.2971963795571275,0.6111703472072305,1.4191006484721953,0.46260895374726235,-0.19616846962143247,-1.2185178351216936,-3.8139994850611103,-7.242776168697761,-7.637306973412663,-3.7303655056298193,-5.71559548607102
-4.901595190441656,-4.680160003954961,-5.441941704733988,-5.0475065143311815,-4.67763779882023,-1.893491261224548,-1.8433657095632416,-1.5866914134346213,-1.4977130720716183,-1.5140443191022275,-2.131688469856747,-1.6866559717141953,-1.9183068776701506,-0.11837994035728124,-0.003190526928826918,0.777051466426974,0.04046773622477199,0.08845423267842989,0.1751853517588444,-0.37353045862483186,-2.6061184517868883,-0.4524662158515687,3.4423482669653684,0.6173257519970142,0.582428166803061,0.7275447167682919,1.3510406661473968,0.21663345227708264,-1.4492867622113834,-4.5912705047846565,-8.020215204240573,-3.9784482480877124,-4.0381287791575575,-4.115619347354204
-4.143435231219216,-5.335691930261615,-5.163917232118716,-4.171895240932144,-3.89935784651375,-3.012880943613188,-2.826936056670521,-3.0079780763168715,-2.483099850180718,-4.071395719839524,-3.024455090135372,-3.04944384838941,-3.2037150018759104,-0.8481328332487854,-0.47639640397379424,0.2927823720974872,-1.0401797813628038,-0.7601637595240609,-0.7972984171310806,-1.9744070965548852,-3.0676603027112193,-2.1825789539458187,-0.6702329826940217,1.5330023416131247,1.300656676030429,0.8773791098125344,0.30522100061215907,0.045236424765713414,-1.3641841123416818,-5.217576467469386,-7.880290471690336,-3.848639876612158,-3.8669410438264538,-3.378542936792772
