script/wind10m.json
{"header": {"parameterCategory": 2, "parameterNumber": 2, "lo1": 3.000054539987559, "la1": 64.9999836372058, "dx": 0.5, "dy": 0.25, "nx": 34, "ny": 52, "refTime": "2025-12-04T09:00:00.000Z"}, "data":
[rows 0 to 22 of 52, columns 0 to 33 of 34]
-4.627661875405156,-4.570869228985932,-4.4488001439534,-3.0720972899221626,-1.5211020769408337,-1.6871719149644353,-2.2298458784602713,-2.345462307297011,-1.3977878742417162,-2.082450703436616,-1.841389043589147,-2.0093042608528067,-1.4868787980117604,-1.4720884699467112,-2.640751418296113,-4.816202344548144,-2.5481800383555955,-2.1632783054137477,-2.54218724262745,-6.295267415781703,-2.156036316125788,0.6587289100304361,-2.8361166300062544,-4.025678731912384,-1.343725641987801,-0.922726891306028,-0.3222749387797426,-1.4624761118975407,0.39860120653874104,-0.8590362281504734,-0.575170001649068,-0.621704722964453,-1.0302849544863717,0.35091356855413347
-4.781298474365801,-3.2264938901815556,-3.586938243846265,-3.4791914438357585,-1.7457554291150328,-0.4094201815355665,-1.5009029950571517,-1.4186090031057756,-1.0270304525164733,-1.5691973478107002,-2.0822120239700923,-1.7436657460645208,-0.4482712515124822,0.4122283442636972,-0.1615963596362837,-1.1865789969106073,-4.736801478796113,-2.0671261109201002,-5.90490410318045,-2.853615599246334,-2.9444307353633055,-1.7465654641283825,-0.411349492187343,-3.3145545307389472,0.4718624766514645,-0.9857430537603573,0.14490721240929264,-0.10419124590205335,-0.9640076022711987,0.7334866863721601,0.23638235698941265,-0.7204215024741571,-0.2640778956825541,0.5199839923058927
-3.716859255727801,-3.0412062653253833,-1.9297085161082188,-1.7162504568908994,-0.9421388955176146,-0.0995040247353894,-1.9617034968286688,-1.459131118437761,-0.8997950123911008,0.3421258500502516,-0.8881521656410627,-1.2072233820620697,-0.1660007782051158,0.28058332434359046,-0.9499292394854204,-1.5445539167981095,-1.5912906870325099,-2.8594285270538666,-2.620500123308531,-3.368288662402863,-3.886110443813432,-0.5467628515739936,-3.9199056650881876,-0.29202401874180073,-1.5600684184246916,0.6586418610488796,-1.4950705845975116,0.16851405978870101,-0.4603064285804364,-1.0540971492405846,0.7596779743023587,-0.2644434521053757,-0.640380133506973,-0.2556324374980678
-2.7417500241380255,-3.2071390988661843,-2.9633028798679577,-1.92400722125073,-3.8980025717542306,-1.873725930974685,-1.2128115654903298,-1.9967077035635843,-0.35198250108877605,0.6456960791186235,1.2756195124491467,0.7634534825299358,0.8794144465890062,0.25767350305305625,-1.0875459144789361,-0.652397181222848,-2.2717900452350195,-2.123391326098853,-4.32588914791394,-0.6605941672839648,-5.137107342573107,-3.8011619974899853,-3.0794265189861223,-0.7280876569232413,-0.8041119442653302,-0.7686183954139288,-0.4306554639654011,-0.1338835698102098,-1.2124256129962943,-0.8853663221524097,0.0826525083710352,1.0824089235914065,-0.29463030170802434,-1.034629599853417
-2.724698945978919,-2.928632421654781,-2.621274147671713,-2.033726006427199,-1.9353111823501943,-2.8847688538380787,-1.753656267956693,-1.3256505690669804,0.41480406595459435,1.2577003951318997,1.632065869108398,-0.6725348734963267,-0.9429897667482025,-1.7900790498121353,-2.7545883436431233,-2.194725374262645,-0.06694723741148419,-1.9851407362386673,-0.6799148975173112,-1.7490301816896732,-1.9922120346216394,-0.7443244904683338,-0.2523895803551097,-1.277658771035988,0.26292394463247715,-0.8065544776189251,-1.3663609116568,-1.0834896727891654,-0.6740085432911045,-0.9856965766882759,-0.8703909085232029,-0.060656023504109216,0.6307229180930108,-0.053420058401350785
0.27988294624629234,-2.6175702625978063,-1.7463153001704899,-2.1333193975967752,-0.5824291570356623,0.8031233752880931,-0.3469524876994668,-1.0307167433822362,-0.5888885469000239,1.1256928911275568,1.3842733961646794,-1.4354075150436836,-1.3296444633815439,-4.849356249712211,-1.1417723437355762,-0.20727488163264746,0.5598497650250225,-1.6702969579137812,-2.785846937879692,-3.0025733782549104,-1.049982940546022,-2.061432361721545,0.5782305313312083,0.29866132913332694,-0.6378128234576507,-0.6540374919056432,-0.9510467998772307,-1.1726916838619281,0.09383389247328656,-0.9381400767921696,0.09330349858540425,-0.4798524832957971,0.131259905714749,-0.019547106295821005
1.2713262423937317,-1.93670174493877,-2.1592000074090607,-1.895784797068639,-0.4889439568817328,-1.3225990083169694,-1.437352498704849,-0.7947425157819379,-1.178836563600647,0.187079352786886,-1.6688384176966002,0.9234202425879969,-2.0003103877668593,-1.4081197776593077,-2.2771876385914607,-2.1422278077824823,0.8465940947901416,-1.3070033751645653,0.3148027147806405,-1.7022721633564941,-0.18014096115334388,0.3187055345688029,-1.4369453010731952,-1.6230702635867555,-0.2702893496924936,-0.9098741834277526,0.5219846483260623,-0.5431223475449393,-0.4777222803565974,-0.24586343767057772,0.1845915621986375,-0.12615387301039574,0.21569931350975477,1.1787957767357158
-0.0279060579035517,-1.8895069714020027,-1.3954078526304385,-1.0939814749652388,-0.7268820861026222,-0.39980761190220443,-1.1624204401487168,-0.4932531102655938,-0.8388271019196916,-1.8118600407793202,-0.10319415908947613,-1.2913995117556276,1.0227493026848324,1.0098233655672861,-0.5557109802228777,-0.43775973973169946,-0.2781533301010305,0.6825139402821604,2.4714930286026395,-0.8608901361677387,-1.1832798440218557,-0.4104038537497269,0.8701596946204567,-1.159749315380234,-1.0937207118309478,-1.1916884209305736,-0.9190336092880287,0.5458653654698871,-0.40869857071761007,0.4382016958897355,0.2927219663188856,-0.10671153791841272,1.198673113879257,3.8532156699767115
2.665136361878252,-2.1253487356832257,-1.921790752860013,-1.4509953288878659,-1.1501621119829275,-0.9719554763881901,0.13137987010638927,-1.528167018585768,-1.4026147867651573,0.4986871677781812,-2.0275001214486004,-0.658660055889569,-0.8070702035599934,-0.9086726658187807,-0.3476881788147024,-1.363295659992182,-3.860045514769877,2.8828775868384127,0.3795072260271309,-3.308436186786937,5.439949052258866,0.8226458381944541,1.1849135635925006,-1.2378949314674577,-0.7074017750330521,-0.6714509654346055,-0.33530313714951404,-0.40078125043203877,-0.6282687680810114,-0.3340157831282932,-0.5755715969070256,1.1648793007420728,3.585644228966982,3.175770160463655
0.2534335303000906,1.4891736259557933,-2.02962861716049,-0.9070520230237055,-1.0338231109641172,-1.4394892323146415,-0.4541365543252415,-0.7826443203737828,-2.3364926479317383,-0.7897486469126954,0.07518370963662507,0.4335471444991454,-0.8828464462079851,2.3759724763684913,-3.8759866940235677,0.01767513608589563,1.9911252971624445,-2.923055224997869,-2.09477778412337,-0.1798828744572454,1.2342610397193798,0.19312005914281474,1.483026480392126,0.5596375205082976,-0.4620243409700166,-0.049419927213033545,0.031128893697288187,-0.07094825274899662,-0.9361196512895581,-1.0354681758977597,0.8760553453083818,3.22054927650068,2.69802460525568,1.724127661758508
-0.7497108356671431,1.278803013470233,-1.4831014753572662,-0.5399911257353662,-1.1202296890926988,-3.269825516904464,-2.401385274626905,-0.6778750633532876,0.27474942598544666,1.3025114081387137,0.29787423525168105,-2.968338076978897,0.30165818692317947,6.775762936858042,3.439603896783214,-2.375721811776358,0.7381840086109313,-1.0661005377163408,-0.5969266477844654,-0.7166398815605333,-0.09813945120855601,0.05225657381614646,2.0453551068294753,-1.484637291799265,-0.4014362978931661,0.2549194805046503,-0.6879379300606443,-0.5360106284738252,-0.5388038014173802,-0.4631998827910303,2.9967094888149983,2.662906090377928,0.7545548455393895,1.0364015869166088
1.9665648718187279,-0.63534935021076,-2.0184187622042526,-1.4070885414915482,-1.3638900989211415,-2.4697509301537073,-2.4495360330252476,-3.5989172058533914,-0.9297761052094897,-5.82390841704325,-1.258350460185434,-2.8170893179467016,-2.4506955924007676,2.7861180247774167,-1.0711554348011563,-0.26655639484273064,-0.932355009819286,1.3319120663165283,0.2061256011708695,-1.020537105561351,0.5293876171636096,0.68882898766489,0.15655848320448432,0.3250186469424786,-0.22182155360696215,-1.1241049420098683,-0.37021114987741754,0.15634712823029334,1.0496393129161674,0.8594931689085219,2.9077324708366143,0.30860119861266866,0.16269488804613738,0.17715523857481366
-0.7730215839366698,0.009277883258821184,-3.1721736701635823,-3.465559099744195,-1.1333984788047482,-1.3101060687240835,1.9766361694713093,-0.08405208145943645,-2.5932751058997923,-0.7259407173340952,-2.664216956506378,-3.204022307807831,0.5611960882020113,-0.2319094215994154,-2.092873434926779,3.021484178851594,-1.1132051722931413,-0.5520038906952802,-1.0124198911379623,-0.34509131807662763,-0.15754392478682877,0.5042137295542544,0.34322594328112555,-0.7303053179060236,-0.37268038274252574,-1.0420070167466664,-0.6564544253172571,0.04852848579983546,-0.11294504604334879,2.038693517256902,0.9694784618522566,-0.03617670937570638,-0.8516754893655021,-0.5252461133819366
-1.1898012841500945,-0.7101477251205413,-3.8641920381871784,-3.818729713485758,-2.170239827464316,-3.3095766055052684,0.7320673048190887,0.5052891976085822,-6.52772685714626,-2.578141527869712,-1.3121847213256614,4.185184978149672,-1.848192512785774,-0.3165072906308091,0.23858338682271893,-0.353110923234293,-0.5636071998385515,-0.7547785203437748,-0.22857412828435852,-0.5388222591549597,-1.2084425460349963,0.2793580355214994,-0.07849793431492234,0.3787405839360053,-0.5110091022094809,0.8608445358046238,-0.3282572958526029,0.9582820909629972,0.27648790602478474,1.182131371804423,0.9325423740742501,0.10124795951441762,2.3956335677617364,1.5098677279182569
-0.944928175156248,-0.48369934993911096,-5.512855538339839,-3.8498546537334533,-4.442731919714309,-2.8636151305581334,-0.8284643512941906,-4.40031820192972,-2.74643623498622,-1.4774973909697746,-1.1204003421418405,-0.20506124816203514,3.7249778271621174,0.8335406951547208,-0.2877787193784409,0.6893474046396008,0.5983103994912835,-0.6638174025779336,-0.005670470243596293,-0.8287467546306548,-0.3656900298164535,-1.127084655079114,-0.26154980375236203,0.08765284672506397,-0.37981322909534404,0.17492199713809542,-0.8041024597681079,0.15645532280653288,-0.36799092290974916,0.7382620093166451,-0.838137372178775,-0.007959052592828694,0.25688849562074023,-0.6096469659239794
-1.4127742036277267,-0.5792814932259842,-2.9006424129999506,-3.1074927904729712,-2.950055800356278,-1.8133909319478667,-2.149609695563043,1.6724433233816676,0.034557570619784386,-1.5507400030700715,-1.8938900773523926,-1.6101182451049214,-1.1873360260551111,1.3634609963326327,-0.6283551696122684,0.5327597256810637,0.9217451877520055,-0.6689453642412165,-0.5865082070010621,-0.4892284534602772,0.8742687106894257,-0.8026674342372099,-0.1360878144942107,-0.36577910775047473,-0.07556257568174973,-0.5076431633765662,0.22286927713873278,0.6726875619634509,0.16974741143675443,-1.2110648302446914,-1.7787870784249782,-0.3925339827792602,0.6597695885972992,-2.186649864105502
-1.2547003461316442,-1.2695701326282671,-1.3385322821826706,-5.227400809111137,-2.6547594424578564,-2.0714234405277194,-3.835753242257105,-0.6442062010576172,1.4851857706225606,-2.900868157387442,-1.5592012574910636,3.6091901936853823,0.996061103705716,0.3073475578864203,-0.11079312909883059,-1.07777845978216,0.0038436027412926564,0.13657064676397435,-0.5397850717130082,0.14832192389722618,-0.3023276545627103,-0.6890162605586495,-0.6157817657297756,-1.2867076872693708,-0.39113323732577104,-0.6620935881000464,0.023418520855027665,0.13896244748701014,0.030939010101095437,-0.26100774537155114,-1.498198365292591,-1.4639123895744075,-0.9728177017057308,-2.112940435909511
-1.3531061548848493,-2.0996366502807167,-2.5037912064259396,-4.9306226980538215,-2.8432626073248626,-0.9196258947205714,-2.440153991589428,-0.053082175165010875,-3.350321820089758,-0.11673585633791023,0.2104587230501891,-0.38721710277137394,-0.14242604150000462,0.4296980518584292,-0.08299032956943207,0.05648115954480941,-2.278622312604223,0.15728764593130898,-0.21969916676876752,-0.996680803232684,-0.33746815406397823,-0.8588075057916604,-0.6120347178822266,0.16892861047381544,-1.1534544136967066,-0.10169531334103628,-0.8755804867181309,-0.11393468830701442,-0.35026421914456324,0.2816961095770989,-1.3928459778652718,-1.4324412491796181,-0.5979701077973022,-1.8622897746501688
-1.2596638062935368,-1.3642963524513656,-2.875866176078785,-4.115989190249563,-3.084643380263329,-1.7942460009801153,-1.8351988282277953,-2.626608897947231,-4.468352888063142,-1.5336554492153762,-0.3308300472300983,-0.7049863129786434,-0.6976537987446676,0.0667333929816,0.3413516094560861,0.0013351080912089675,-0.21921887503572687,-0.435812113247142,-0.4795788745568656,-0.4741732334060588,-0.5263928859782775,-0.03100468749154284,-0.6244591943183094,-0.8357610600561046,-0.5711360396240045,-0.601004377558859,-0.4866857351108083,-0.29258950674647644,-0.49579261358945725,-0.5426767694573934,-0.2641031855956236,-0.6471922634983841,-0.2723426329953915,-2.2923099789170203
-0.8327357624261401,-1.7595968812024203,-2.7209714212323757,-5.291003284598333,-1.8955143019478367,-1.4411423406615977,1.912603364229195,-1.3722514766899059,-2.7690046022027617,-0.7663580611757772,-1.517577339142535,-1.578729643738163,-0.3175309579821834,0.8763193247023706,-0.4226888739167438,-0.8929603204718435,-0.030742313219577218,-0.8174632263930949,-0.5086025739814519,-0.5786850732222348,-0.4559942891156332,-0.7765634005874603,-0.40157230391481025,-0.34349017288018957,-0.6867777851663255,-0.436505469671153,-0.3777516733546609,-0.2912642788474934,-0.448388107624371,-0.9473992359388552,-0.7203611894187874,-0.5247118636483589,0.5427281092755147,-0.37147070199561943
-1.8014507320531636,-2.4786779413689204,-2.9507145688340133,-6.043186947634588,-4.296405421307746,-1.6298914019037816,-2.069405915105266,0.7489406284646507,-4.906556859466903,-0.8846892586877563,-0.6189133402545217,-1.0969471659299388,-0.3331058070240003,0.1632163232302413,0.5779506820537849,-0.4881577274742248,-0.7941648980624568,-0.6823131110264498,-0.9487167318895379,-0.6386707536230485,-0.5404845163925796,-0.4420104303946949,-0.466139480467962,-0.32203182470657754,0.44811389228703835,-0.34199459774802554,-0.45346561677963104,0.013090411967566632,-0.047491090947556304,0.2970358937932977,-1.376766761565871,-0.86352650420441,-0.10682402878469052,0.315498480125906
-1.4195696811196419,-2.4111389520937827,-2.4042166223370813,-5.099860261834669,-4.972456295719488,-3.419375429429734,-3.7792265007746093,-4.199288976838081,-3.7005036315969786,0.06489332278912602,-0.04774959217537194,-0.6418102430978255,0.41854269428922103,0.7008847200875987,-0.702736265466209,0.3443707353979671,-1.2225881505714336,-1.1254680264475132,-0.9798051490699207,-1.0727514789076305,-0.7801104972588349,-1.1458252955569308,-0.5551167223814572,-0.32893854830150254,-0.09465641345397509,-0.22564577632212762,0.05790143398996538,-0.3819719361738253,-0.6302752495203099,-0.10365218748497275,0.2781784575439348,-1.1729678659889888,-0.4235285017373428,2.234602359970259
-1.5252164133057051,-3.130051956021461,-3.3246602238914176,-4.480688390535333,-5.6887899865025915,-1.8185596025230852,-3.236926755599289,-1.9462482714176625,-3.54311795478683,-6.557088185350643,0.21252187478540857,-1.428577259338402,0.6553444557088474,-0.49626536242174546,-0.851631860063282,-2.8947660586694273,-1.8497119916057554,-1.4635395522584187,-0.9456660135377601,-1.5291930167728303,-1.0781017989014843,-1.190188089315486,-1.1324265985040411,-0.8223882815955857,-0.3561015828546894,-0.489403177790336,-0.5936681514229485,-0.5024312593598904,-0.7565005418599954,-0.8972456965206043,-0.21830681760082665,0.1770482812286329,0.8125755710626041,2.164334509855738
