script/wind10m.json
{"header": {"parameterCategory": 2, "parameterNumber": 2, "lo1": 3.000054539987559, "la1": 64.9999836372058, "dx": 0.5, "dy": 0.25, "nx": 34, "ny": 52, "refTime": "2025-03-13T05:00:00.000Z"}, "data":
[rows 0 to 23 of 52, columns 0 to 33 of 34]
5.022102005362177,0.9738271646542328,0.4617830282705463,1.0370664056552017,1.5066143462533257,-3.749632140930234,2.185588159391041,2.6595926364209825,1.5737177519763241,1.7958683817396217,2.691319788956587,2.2718844502920943,0.6031749838417799,0.1781534282964142,-1.1005731338640936,-2.0638838618845416,-1.1684486649724917,-1.9433658327452188,-1.6846279693321435,-2.2416865947627977,-1.0338830773545498,0.9561118810303976,0.24797360938197066,-0.8068748565871736,1.837505493848603,-0.09483027805958151,-0.06972502159243434,0.07031030438644223,0.15155459896572,-0.600975269819407,0.9077991683800114,-0.12313667576543587,-0.8004134980747505,0.4629350453566159
4.108997656123706,2.0828950169785467,2.4807550541304666,0.074171840128118,1.7041834047887734,-1.0918087751630954,2.007240197622641,1.497516991244247,2.5756267567421856,2.183505030106773,2.4715711903270807,1.4603579788145433,0.6122046850339913,0.048583022948355516,-1.9293901965268094,-2.399717450748128,-3.32352970819001,-1.7500200022965517,-2.443351369878525,-1.5264264634921398,-1.316829243398144,-1.2788511241831748,-0.6989385534157573,0.049507484417823495,0.6157902905080553,0.7285408112180463,0.6247126167777773,-0.20579772320304332,-1.6067246154335877,1.5469651148454244,0.38746197964159146,0.7936220015538034,-0.273657267483484,-0.7245528725233293
3.01938699836871,2.8488253078027843,1.9888601890864395,1.1846400945838773,-0.32667499055998717,1.6000165334438226,0.9551696029744626,2.327148101529444,2.375401181236089,2.4457858327054307,2.0117947024009313,1.1988681128991365,0.8699776578255337,0.6361811282072654,0.963400293682465,-1.6653179914583103,-1.9337534156646758,-2.4878042600870107,-2.023259084286839,-2.472276958389047,-1.5140075892815614,0.32122279110745683,-1.035068440064661,0.602639289937195,-0.4543512646248737,0.2991107622305723,-0.6103517768478821,0.6386065834926622,0.10763915718305037,-0.31000779538929985,1.9978920452561164,-0.046753576883608004,0.09101648436334502,-1.3495196818732602
2.851016649824908,2.5744722166235143,1.4148256008634004,1.5846976813575089,0.41525441096511007,0.9708176050146418,3.307949204984744,-0.468375874279128,-0.623615770905522,1.2722473748877783,0.3680689050678611,-0.05045389130515747,0.4188275466595416,-0.15888506984518289,0.5134583381057822,0.22604050635281067,-0.14919812388493697,-1.5153330488952945,-1.8378355845898395,-0.5916026113575704,-2.7654791926252544,-1.2747378676461594,-1.642991529131811,0.8057737672243582,-0.35111483641179886,-0.35646280912338435,0.3200175559605615,-0.3798373390262055,-0.411043064607621,0.4568983815854628,0.16101050184863525,0.47544246373107985,-0.18233633567465357,-0.3433529819909214
3.6829475208378244,1.9157175753363394,0.8280468349868438,0.5231859973310186,1.847541777832556,-1.4880749676817289,3.4180210371051722,-1.0021213905922377,-2.1404031452868,-2.2572041823893416,-2.506215001455548,-0.676017335200411,-0.7506922234017002,1.1767851686737982,-1.7361221097131687,-0.5678491286329584,0.3821085725708652,-1.3452336759425811,-0.6488684680534247,0.4092263745912586,-1.835461364439921,2.650461528144596,-0.07958676412367865,-0.5801111380510292,-0.820656196252659,-0.12914281177913392,-1.0366504907377794,-0.8706233658612511,-0.3659268280177025,0.2534109770716271,0.3349708092446813,-1.1817234242190107,0.1298016798711654,0.42552511632566425
2.7033145411581736,2.1427160783552344,2.3317134637441392,-0.419997099070048,-0.5268511311332883,-1.334562792390395,0.8926222183717821,0.4734432592329217,1.0023259797364659,-2.1786962667351935,-2.7087526425794066,-0.32479166199160525,1.440511524681098,-2.5810262819943626,-0.14105923269047949,-0.27492953049786656,-0.36476713794607035,-1.2757421156541253,0.4623970719553004,-0.8921073703128086,0.011901709920114547,-0.8999521852303948,0.025352036754670442,-0.4270348846772264,-0.534012603593256,-0.20169835943450642,-0.3460889127761126,-0.11919698768592625,-0.3142254393905288,-0.021851601439533245,-0.6617976217932224,0.16521701658220667,0.500987082714476,0.03092626639378834
2.5653274685565086,4.355331772937901,1.636174921989493,-0.5199941183239761,3.30622681080638,-0.991736470408987,0.6712632329727812,0.82616936249171,1.2683625019494416,0.8367253735403251,1.714435867509073,1.6058419298542512,-0.7334864283791973,0.760335359608802,-0.9581036329954041,1.1108264281765314,-0.37440323916186247,-0.8197957156688757,1.285575412533653,-1.1846916724441117,0.7167837318646423,0.07099007496260448,-0.3843879987225845,-0.623139440245769,-0.970194349110295,-0.30801485613479124,0.25362163029065143,-0.26751330011537766,-0.835435692917307,-0.39570447134705483,1.0949075881213353,-0.5395884590056954,-0.27818767691508267,0.3488617911252278
2.543426664303471,1.1793659459561068,2.0053094502877737,0.5334107183454861,-1.7625066566337078,2.1180262273470007,-0.17287503356732964,0.5745714310834045,0.8361023808456595,0.8402930334597398,2.0737856312123006,-1.7073019374995873,0.47128299931170264,2.8904666246994837,-1.1685811308671659,-0.11352622666353314,-1.0720238539867635,-0.5226078089707094,2.244749253108303,-0.2621917262503262,0.9323727094299942,1.2210299111127165,0.11289194271040755,-1.0974018066006948,-0.5420004345794642,-0.5823147932088759,0.3160914641106381,0.5591883432792191,0.8569337738042685,1.3652395855828527,0.5076671685295938,-0.07499100308430309,0.09140959648260803,-3.4738817695942497
1.7314466246456155,4.118806084299883,0.7812262895217775,1.4877218215491559,2.981885706023628,3.600105593278514,-1.274692788463371,-0.19590889323675667,0.9454672314473421,0.6997965214490995,-1.1509317249507927,-0.5367354117491229,-0.5332326246263406,-1.2220657442539256,-0.16406462530041474,-0.8704541029182153,-1.362423715611827,1.354639004471581,-0.3915119805573916,-0.9924399086969028,3.0902042071255176,1.7021042895585534,0.19662479787710702,-1.0009276035033365,-0.9518706183861069,-0.6343428142070018,0.15275545197227614,0.9007887130726265,0.13261683662412205,1.3877298260116209,-0.16309525942354525,-0.43135300048903596,-3.069380427987653,-3.1910568078290935
1.4946680027719286,2.3035592831021368,0.7840026273528843,1.0083922947963215,2.895274540504588,0.8187456830651649,-0.34275286801656274,0.06769837140728324,-0.9502168976579569,0.6010723601133585,-0.3574592726488454,0.16824587015982834,1.5921899959918486,2.799383119388023,-1.4494241954892597,-0.14923244034305677,1.2946817827304629,-0.2766087719830365,-0.35440897129310506,0.14143149655875722,3.9317709179417553,1.073911218394785,1.7439092730206984,1.3950013222798636,-0.6372312383437244,-0.22394931733144186,0.14030423693568206,0.0786153624348024,-0.29178259557422986,0.7347400143316511,1.243259549518896,-1.4438712932160689,-2.939769679213607,-2.8329044390985123
2.599548905501175,1.5928418429451054,4.596481322067458,-0.08175207657955305,-0.6169465218325397,0.8916110055042485,1.9908133211013068,0.06477743580275457,1.292884184170663,-0.6245384787190009,3.9128655681219384,-1.6456971474201387,1.7683920554487744,3.4126851079161153,3.7663635883210222,0.008338411360619635,0.9057311914432087,0.16689728231052248,-0.4617879796087111,1.2464586419434784,1.4439152716604915,-0.12985679189778698,1.8098424913724958,0.29627347535600523,-0.24249053807023052,-0.30271503361786434,0.35539145480140705,-0.5179226346791408,1.2941471918702065,0.6814810614081411,0.2892759159301539,-1.619395629640949,-2.8037283669059527,-2.6888911635460118
0.7001290118125804,0.7190926004467844,2.322467848135432,2.5223817150058516,0.3548502547000801,-0.9154959899260258,0.31601479796922366,-1.1855697119626087,-1.2012006599954628,-0.6581888326519368,-0.9381974457982195,2.7604069373005204,-2.8851907203861686,1.6573964353071322,2.184145303143412,-0.6216646388259052,-0.5756731149864955,0.8934826771853369,-0.8089316970682944,-0.6569518790251325,1.2945665547795742,0.21883206010899053,0.8682315349955052,1.3780429362535271,0.8491701680507022,-0.7039988295697588,-0.026459379773983317,0.8414906805537873,1.3818433685193856,1.1741146693316833,-0.8519950710603297,-2.288841358449625,-2.5220298000416994,-3.093802668420587
3.7872873013450827,1.8950621572085367,2.7231448964219522,1.5970820456466077,1.2509520307804918,1.9510907918951497,0.8476722087932148,1.3627657156947661,0.5061072714424463,4.136556501567591,2.280584031257591,1.8159161772165877,1.733086492697279,0.39324292414718187,-1.9721999343746295,1.4612502979374273,0.2503546782703239,-0.1644653546162611,1.7291866179881012,-1.0849784269037697,-0.5372298805453555,1.217831106159068,0.10190976553541506,0.7106197531728687,0.8080217565145484,-1.0277503234839123,-0.7284110115919702,-0.565986742886472,1.4264150198647672,1.3604027767887426,-1.2546129940640356,-2.610017126651461,-2.8835131835674512,-3.1684978100658236
1.5559262823533373,0.6701902805428437,2.211260139797457,0.19132985314794335,-0.5629593925446341,3.155839811085476,0.5601458264820482,-0.7707124765203525,-0.316769230661456,2.232040737116255,-0.22858649726785352,3.1087442554075464,1.1048175222696566,0.1515035285501353,-2.4732098385574988,0.11517944826348939,1.2133600333781145,-0.3919813806824802,-0.29834360653753306,1.3371536349099071,-0.435816938078114,-0.05314101925246967,1.592936199457303,1.4500375850239928,0.4407530956532321,1.09533902812174,1.8498681935565033,1.0276688121570134,1.6970095107815555,1.313166129810582,-2.5329722445221883,-2.7057477985481957,-2.7076378909892016,-2.9065728138629097
0.13353120346007283,2.09730041796209,3.049726162345157,1.9731449372279115,-0.8464728095301072,0.6306971253200924,-1.1577302665270346,2.90675781187931,-1.275929296659128,1.2434851577409134,0.6310458532139949,-0.4564456986860026,3.3068944201306674,0.656341406613989,-0.892809795391991,-0.79272822692289,1.399740825494887,1.1704166277477965,-0.01680428210969032,-1.1495502249758296,0.7655436304534772,0.217456875922134,-1.0029111774257284,1.3143638888682614,0.07619317719314035,-0.054655044314169725,0.48472639408120494,1.0129496576972554,0.8442178785395751,1.8845316291313903,-1.8261122125276434,-2.6443290285748877,-2.7553238688183743,-2.626770891393432
0.5254281172576838,1.4428408987324721,1.3277083837186447,1.791369330809472,-0.9817729202821376,-0.15998335426368826,1.4820331987411892,1.5675726755712762,0.0017001075391694096,1.4244225390419347,2.0950690477823266,4.821582798097791,-1.0086262843002753,1.6870763681773744,1.0229774254244606,-1.7780530708727404,2.6823496454641518,-0.850875427651211,0.14263936707552857,1.0938335587209476,0.6142241214115259,0.499996735923183,-0.015244891645623043,1.3341422160976395,-0.5886851133883843,0.1478550400006318,0.9909299722565652,1.688028215298606,0.7625160850973096,1.0978732862491434,-1.9375190924248926,-2.698943887063486,-2.674392017744959,-1.977885781642624
-0.08506446976315461,0.912324519172038,0.8636421632512725,1.7073090393526578,-0.25605166440255533,-0.6494910729563483,0.6232788560909434,0.26980594387729034,1.0663272390824154,-1.5604713759599682,4.573305987730972,4.855773260202616,1.751137460608461,1.3534189056904817,0.9588254950587397,-0.23740464232227684,-0.9861054269768247,-0.6613910045366046,0.8274059651585278,-0.45136784639263555,0.6098326510172141,0.5491246456446406,-0.3249273239054544,1.2452793012379961,-0.03306945254895156,0.2911096055125142,0.04349123226713861,0.6243912800796282,0.8639463291933123,0.7922115082538662,-1.7422241698161365,-2.7908849795544155,-1.708884534632684,-2.3677624929162056
1.5165797114281145,0.10211442521948703,-0.28297102335058566,1.1225715360791815,-0.05431478276621075,0.8941608095928749,-1.3648984396437311,-1.087068751386924,-1.1598772695512234,4.1959267299837855,2.772389011220785,1.566715186872899,-0.8692243232250942,1.2442487273450014,0.6006397712467954,0.328760066838011,-0.8797770764329182,0.11487572463061782,-0.0803991973922157,-0.5159330155700234,-0.8902382796157757,0.5394328773536818,0.6461167493978687,0.1272408630462926,0.2827728510560878,0.0404693634710538,0.6524924739467833,0.754624432861948,0.8428052806996532,0.2010909685023651,-1.225135505926341,-0.5252018685846824,-0.6507064298021396,-0.017057244705485114
-1.080854134194665,-0.8789524874115525,-0.5382325970241845,-1.6565787451265275,-0.8674459352627969,-0.39086180307963503,1.3385898201860442,0.23858269197918783,-1.3648760882600197,3.2210780597573963,0.67854608144079,-0.052494883635955905,0.8990606648252272,-0.39943637446292846,1.1386217436490684,-1.3215719080025254,0.7385314745533833,-0.6401759192527426,0.8733335620176366,0.025776174014737144,0.2863956476162577,-1.4994229046546055,-0.3270598771728548,-0.29233197472389166,-0.3014581293279052,0.4300860242727605,0.3634603131691279,0.3769525141743216,0.7355837445377201,1.4796759910123451,0.8764503306114633,-0.08063929757488221,-0.14994239007331908,-0.8083773213415585
-1.0600405609912085,-1.469821747289219,-1.6677627499452536,-2.693878649317823,-0.020889776147974753,-0.9078710025976697,1.8960221697723365,1.0933932784391676,0.7575057407180353,2.9916173100407004,1.0583404917006265,1.4582000556473564,-0.5510155673045494,0.9664026955690205,1.1149920957985364,-0.7854041358088528,0.8876558937056702,-0.2676095530900169,0.5052816571384163,0.007101862300039363,0.024968476562665775,-0.47856970597517456,-1.2018266689917219,-0.29033412849902696,0.13128234841626898,0.3053161859579009,0.632131051836111,0.36281617930751703,0.5838553065049619,1.0194621643556148,0.9053616631593898,0.8178432810991884,0.0002359521464506117,-0.3242080296605708
-2.0033836970577394,-3.2459190330849226,-3.499869760602122,-1.895388049760154,-0.43419148921136635,-0.6252519782620256,-1.28547583709543,2.4623746321058415,-2.535492749304427,1.0854716338341959,0.16043723783673233,0.7210464685739159,-0.3942822822357704,-0.16759958486740725,0.8910390034395084,-0.06798625491063608,-0.5096369137436292,0.751107456934332,0.04075339892745732,-0.9582907239368845,-0.6953134917017367,-0.6151773143399094,-1.1054675679580217,-0.3515388677150802,-0.5900104929216805,-0.01410865542121649,-0.05248832702507302,0.18051273948243532,0.3692305869758292,0.8912235319452981,0.7578368175671881,0.7634825164223517,-0.22999185416529763,-0.8944026029768892
-3.404964093718561,-3.535417555325117,-3.1767319545068426,-1.1990157835241577,1.400468849372695,0.4220029143442481,-0.24191003899531238,-0.8275865956087344,0.5929316013186803,1.163226142194661,3.307945076033247,2.642182126867423,0.24673688311940284,1.546822466390337,0.30637292565758345,1.4085900911404878,-0.5879091183035479,-0.6034067011031495,-0.4854998621174896,-0.5689558009764378,-1.0179312273739198,-0.6407426188067149,-1.2547497611045209,-0.8558441591254864,-0.39453271280128216,-0.5259503191734606,-0.033611284796793775,0.1658408782527305,0.46206983866765716,0.721428054607964,0.5987945803569189,0.5546073254125314,0.39036262627454615,-1.3490504754491994
-4.165320735015955,-2.997734454756203,-2.107314395084048,-0.7334497834102591,0.5184669732339775,-0.09126408007679865,-1.0733396905202885,-0.9671263485224894,-0.970465757924099,-5.990325150847759,-0.8187151499745106,-1.8595415769481627,1.318715516023643,-0.6962458036919202,-0.2940878794948303,-1.4864433144246694,-1.0590623252670406,-0.9502415339137323,-1.4098486434513906,-1.6403295721855962,-0.8987156965078699,-1.0458715423554577,-1.4147976290226336,-1.028264334531678,-0.7371377642156876,-0.5861622496246404,-0.18428179226918998,-0.450802445686799,0.3985576971269396,0.47813935559534615,0.518519287873447,-0.03164772255212054,-0.8558376045218173,-1.5928368961898847
-3.8804250478039233,-2.82475609927826,-2.077235387821859,-0.6189854629490971,-2.1633124995666946,-2.109225465528803,-1.1758661510354498,-6.6458898308810355,-5.073959442989199,0.036886069663651495,1.1932975063611293,-1.5765896009280775,0.9078595353590992,0.5175908709040444,-1.1052012883175366,-2.4177497171044613,-1.1206959234640057,-1.5009731008910199,-1.295751639890234,-1.7135194137400478,-1.278707566609372,-2.787183786447904,-2.040110708027339,-0.7919093729707092,-1.469760690351971,-0.6493071091675625,-0.48173240580934673,0.0412444940834489,0.10232662871471894,-0.007131198884812748,0.26298597174545335,0.06540171471018823,-1.3971422320250213,-1.8879083760885729
