script/wind350m.json
{"header": {"parameterCategory": 2, "parameterNumber": 2, "lo1": 3.000054539987559, "la1": 64.9999836372058, "dx": 0.5, "dy": 0.25, "nx": 34, "ny": 52, "refTime": "2026-01-25T20:00:00.000Z"}, "data":
[rows 0 to 23 of 52, columns 0 to 33 of 34]
-1.2150809443807646,-0.8761293093089564,0.3442765264052746,1.1075039959386246,1.3408682713647222,1.608466628255595,2.9481850083724224,3.86740129412416,4.22699672769464,4.084453513504675,4.304765404188314,3.8790784426757488,4.622967252582429,3.9510251909012495,3.098034020297921,3.63100341092186,2.7856480747198806,-0.22384535292629812,-0.491284466379962,-0.44999546266095497,-0.3435913797229624,0.9071323900469876,1.4916329473428134,-1.7110736984996056,1.7348580324754916,2.3495188207769577,2.6153139063067177,1.3245442508653409,1.7150919100638486,0.625351472959539,0.004817898099842631,-0.7798226437164559,-2.396399585280954,-1.0505657043617325
-3.9254799622568624,-2.9837962004166507,-2.204615828376569,-1.8045355126656415,-0.9812087049612395,-0.5264192347354792,0.8100381921824029,0.6260265173178338,1.3334176065583299,1.4249159789277164,1.634196320926739,1.2641018137577935,1.5994430102686346,1.305495085963094,0.7560645628473712,0.7748850312823207,0.7350429392848915,-0.8853852284857566,-1.1841886997686357,-1.0729574023233297,0.7611079280078974,0.5753040339648781,0.14661055100730683,0.1291810080002646,1.0833293315638626,-0.4671024190695001,2.668508639336945,1.2074704958365128,-0.02948029126616071,-1.1985974380607118,0.42012141283600746,1.4672799393149578,-1.1415342738620193,-1.110472709021265
-5.7307206453685975,-4.867151080702364,-3.8808128341506385,-3.424315564028127,-3.197058677139498,-2.794636304766332,-2.110407533838676,-1.4651543250902865,-1.569929721314043,-1.0180758528032257,-0.9587742117126418,-0.7602324424072398,-0.7600684257820487,-0.6522556513785328,0.2412238717431895,0.5249940946066118,-2.6528985076810834,-1.7461451469802942,0.37713335321665453,-0.2319284181906266,-0.8669365243848143,-1.1069445128005508,2.3376883202945664,0.27412564479298046,0.18560195228197035,0.8726553151873576,0.8338075323367394,1.6085424863882187,0.9244422247478242,1.60022863242809,0.8638946661135899,1.4455328771469271,2.969343490993955,3.1319104722536686
-7.07474918184123,-5.89870886457003,-4.9928386396511115,-5.159248065400168,-4.790026826238598,-4.282865180084106,-3.807791708544766,-3.3247045370907466,-3.3355633615447515,-2.610240878862914,-2.441110994773151,-2.1632074072201046,-1.1978047726684722,-1.4055176887776744,0.7541889074869678,-3.6090831338723652,-2.170125768063387,-2.6951275405454393,-3.040257894552887,0.7878981509883441,-2.8587696695331513,-2.104627480123999,-5.37034044998669,-1.344728369365481,0.7462783376772286,0.3453978722747413,-1.1037390241069676,-0.898600026894363,-0.045547674370832854,-0.15753768912944674,-0.8518005807903268,0.5460400173088503,1.929948398969376,4.150152355002294
-6.650068692512416,-5.6347773825005,-5.387540219893417,-5.834440498452885,-5.05760367163381,-4.812701503478399,-4.635781402646546,-4.557454577134495,-4.665044718601572,-4.009833992722205,-2.784076311590011,-2.085422298708385,-1.2597740510876672,-0.26705166261363633,-1.3837579004904055,-3.8177561148502073,-4.543153714318662,0.9012115548592993,-1.4375991321639785,-3.928550856571284,-4.341241257726181,-4.243045512718227,0.5452473014641329,-1.9106277162119034,-1.3810487226388555,-0.33947104730467464,-0.6733496082366957,-0.1353831905715695,-0.9634605450990482,0.7805045453552351,0.4280283360822036,-0.5655546132036461,1.2685645963435819,3.021064834947946
-7.678585125484524,-6.767230656773565,-5.1585194243526775,-5.022662034315425,-4.577506843816338,-4.767007367513531,-4.8629383929667505,-4.68234493104467,-4.143096749545022,-3.903305674995184,-3.8616620374257855,-3.623062442837067,-3.8477007188719257,-3.3542485966508524,-1.610089544487396,-3.035343012483306,-0.054051273013763064,0.7812216465520714,-2.9000458700124767,-1.5063995354531416,-0.5178441696207644,-2.7405126314395285,-1.6453409921781774,-1.5535473822638726,-1.385035746442979,-0.4342004762234292,0.4395714811835351,0.5627364342231241,0.641399633841002,0.5494150309005181,0.0965043678437918,2.5239453686745446,3.138350284553476,1.764448059942797
-11.342584097526544,-9.548071066649655,-6.678612726261534,-4.6497789223089425,-3.960745160094306,-4.433177538693081,-4.479860821738284,-4.473823499168567,-4.3973326467756175,-4.461837364639044,-5.0920730014802675,-4.331603328139953,-2.0123526345422014,-2.038976882156816,-2.6212405930504445,-0.6728506614937251,1.1908067756910707,0.42105557490081585,-4.557439946200909,-1.2173914362275506,1.5680009499311467,-0.38301358253209533,-0.7911456427946574,-0.12479440465753276,-1.805481050807597,-0.11627702269556094,-0.8704157815387202,1.6336654998408873,1.9528772004319,1.2046139390958324,3.640783545020283,3.3643912270686616,5.085066382833834,5.914712765758587
-7.224715013669168,-8.565378081987777,-6.718092726568016,-4.778567440489779,-4.079651857177889,-3.8092804971828222,-4.331745644348488,-4.5657930990167515,-4.713062898539351,-5.010954474483897,-3.74401661794007,-1.0219643552120865,-1.361141215800034,-1.6522840022733327,0.22107352823501009,0.8758733777080207,-0.9918367406959343,-1.4681820872767284,-2.612139796396999,1.0070536164468555,-1.295359620519813,1.5902840466960124,3.6450765105046585,1.4134039681435526,1.1085289986677245,0.35393067217843266,-0.37060006512652444,0.4098723795458462,2.8773920156909316,3.770588552036448,5.256194805440283,5.631238511650351,6.90232901374133,6.808251308250352
-2.3151932360853023,0.5010404062217332,-4.8820133043959215,-4.854272462146752,-4.315896749265616,-4.211888144734907,-4.313170064431941,-4.439123484390317,-4.70961404334113,-3.048852864554991,-1.299859704066433,-1.6584531552426218,-1.3895373809340976,-0.7989084035504592,0.24939525635161988,0.4157476403724738,-0.41085807902713084,-1.506725320298923,-1.6186202620719414,-3.42295834529019,-1.7337594299900598,-3.72288354649269,0.036380396068289765,2.211553072074839,0.8803053588538682,1.3814417457072552,1.7084700766891385,4.047556577615003,3.1866607637733453,5.424408513217245,5.74725618005301,5.536030003079431,6.22597970827412,7.900543352686301
-2.208914712484805,0.11026333607249846,-2.755873974103113,-4.399166655451285,-4.6652081322003065,-4.822201623019413,-4.663012764873743,-5.196159851667121,-2.7158123051428396,-3.5576136819535265,-1.412023252308891,-0.7686810889272054,-2.9445133899589715,-0.8795351413512565,0.06877361045931535,-1.061882169257441,-0.6203441579533169,-2.8311607535951815,-2.5362653839249454,-4.740101128377556,-3.1102663532132038,-0.5597962547409575,-0.6981671019615171,2.754757539723895,2.599135602805687,2.5631998745655244,3.5911833103751234,4.073766278864955,4.8316265524783315,4.749116274502088,5.27433335885759,5.85159925488636,7.481131074711603,7.971332134038621
1.1538174281024787,-0.49483701997117624,-2.519346696077669,-4.227646800336972,-4.914281854478603,-5.782291274265151,-5.988155506807636,-5.015633278383253,-6.210616384464559,0.6898182069098957,-3.8593206182605075,-0.4411468541095352,-0.2106162489505827,-1.6568835824812473,-2.241158866863275,-1.2630642023684557,-1.2345991793642654,-0.24146979217680703,-3.3860435182450823,-1.430822286917732,-2.004163836905982,-0.15482790983026123,-2.1781439479581772,1.4102887473489947,1.7297742206013462,2.2548530341333994,4.688915088426062,4.659400193529464,5.81294403169449,6.03285306411565,6.6623873500611674,7.31128017143349,7.5199699132481195,6.872853236637931
-0.10338878721060225,-1.3804422609957974,-2.801374695955955,-4.011293466218478,-5.511351568636892,-5.779507755920695,-6.277380574276003,1.0024246242983992,0.9294432815346154,-4.902782260253681,-1.0978283601176746,-5.63494032147137,-4.548259069245589,-3.4159453497284007,-3.248534962880396,-1.4009917637211537,-2.462301619319158,-4.900291740594306,-2.576564305539309,-1.9279429734061726,-3.084393054771689,-3.4951362961219754,-0.359945225496654,-0.4644086315785877,0.41475258169179424,2.2110677106337517,2.7543980605936094,4.461203849864574,6.57935688375954,7.854274692400298,7.882890816005222,7.521339726248196,6.914643282267371,5.888057312735094
-1.8003917098452675,-2.202874240069371,-3.55855783363748,-3.859299130310034,-5.770395914523247,-2.9878137435261505,-1.799268874964669,-3.856812466488953,-2.835630941196505,-3.6320117741646745,-6.975289489939166,-6.198388753946987,-3.772429921017739,-5.7969898903317265,-1.5196038633854498,-1.285504469031135,-0.9463688181123995,-0.523758150446728,-2.0070274785582707,-0.9324467117077085,-1.5011984061254653,-1.61038599996424,-1.1165015212480016,0.8374924863671649,1.1752213483714546,2.825998250058243,4.9452554127304715,6.5418384619503875,8.646061322439873,7.647208040081713,7.1253159225982765,7.126647974889881,6.785708350639087,5.294070332119751
-3.4827464004028967,-3.8015208394181763,-3.7902547461235128,-3.315641472558889,-4.48650398419116,-5.7587492894566115,-5.141282523848502,0.2369295954719317,-1.3145334196356337,-7.179175497894325,-6.349951056971978,-5.174010113413361,-0.6777255359243638,0.7623955118743159,-3.6333085028478145,-0.7034498004100027,-1.681764862709244,0.09067629804592033,-1.2770494909198826,0.35306932726231777,2.522989330658731,0.8400725058852381,1.042419222925866,2.086470185605455,4.23986464712501,5.199249419049843,7.38164122414078,8.467140774092268,8.220497549072785,7.337151812215128,6.778012656819452,6.640969606699631,6.266161858319513,5.459028078862586
-3.856449322139104,-3.6922113090789077,-2.7971106099241134,-1.8529162262578425,0.7681452342973251,-2.0831939650994493,-0.7291626527075793,-2.978139902934978,-2.4520052411872975,-2.5942472729577424,-0.1349968137545053,-5.765553834490833,-3.6353022514251583,-2.1568615339297628,-1.8860974147521987,-3.1210276518602997,0.9450790223910793,-0.10407114690803239,0.28320101923192126,1.2791727324067532,1.6810785281916658,4.256085853767661,3.543343939304377,4.457499984497031,5.783703744586309,7.01363132668372,6.627826810433856,6.486703055824611,6.537378955275085,6.048039391497022,6.142021932466494,5.9892093862788,5.654828505918327,5.718120405856594
-3.881982995009519,-3.3088317724514344,-2.6271053052688695,-1.56826470220912,-0.644589853207471,-0.9922188872004266,-2.022599251176435,0.9103458999155587,-0.36518937522046724,-2.855775022862958,-5.0908633288654945,-6.044197703761699,-2.476847915527809,-2.8135557762235717,0.21918214452544926,-1.159764888646501,-1.185789988281768,0.5650645221713063,2.287140926957335,2.084014647922134,2.253413085597054,3.6335690283532953,3.9295075104120207,6.184109582266117,4.795173865793044,5.391419116187823,5.81050600492379,4.588799703893255,3.4105144391551963,4.180197572640348,4.714097426698947,5.132109174604673,4.753974749897309,5.7662727083965155
-3.056552239032925,-2.761896111786408,-2.2119094812834414,-1.573099801387217,-1.2756519693192274,-2.3242057499040385,-6.64212916224298,-2.2983524535873885,-0.011683719129417536,-2.518621781245726,-5.463785527534792,-6.1608992965261535,-0.9708866784213968,0.2758254684306909,0.8018515047831659,0.6989202042574573,2.5553454777562528,2.0515529780892705,4.724272438236501,3.1998766099783476,4.3918866885326615,5.557565585331169,4.128585113629333,2.1985138711170387,3.915360413523739,3.4519382925116826,4.108480172756284,2.491667774064034,2.9736391172572083,3.3699497103418095,3.1221243655954654,3.101286597333993,3.407983970189663,4.086606281951436
-3.1875598096270963,-2.6309116681945723,-1.8820035607841379,-0.8885651943227061,-0.3900461350836918,-1.7745473148005664,-3.915423902056524,-1.9668062021762196,-7.814090191291843,-7.193304401484121,0.1459916740362063,-3.892102704140829,0.09455880653772138,0.3968360406711239,0.9257525955405655,1.8412181883520504,2.5025462432941743,3.100083152887855,3.223358776649408,3.6232138005588297,3.5838320744167005,2.8160855918261682,2.6316235233093366,3.185074241554442,2.3313348829904363,2.046205300311672,1.3252940217492537,0.7639770420279713,3.4174547674966353,1.8476090440032216,1.386469465521401,1.6488998723176922,1.250888039678419,0.062449300557104334
-2.6535553531804883,-2.9705739364817383,-2.20449719507216,-2.3193550248713404,-2.1659026212821657,-0.02328530956568747,-4.187966582342263,-4.283604098893866,-7.8364086360667,-7.271337687174072,-4.785581859901474,-1.1526590173352989,-1.4933669805308878,-0.552737896535792,0.9598376229307676,1.3910576650159145,1.2063496286378927,1.1212555179610846,0.6412777190000274,1.2664090924448,0.429032901896701,1.3634413367577891,1.4327723222679791,1.6329261459282431,1.795955964974627,0.8806651408551229,1.16470274021445,1.1648448911761586,0.7970891788914708,-0.5602152774178503,-0.5185945826847369,-0.3465582001335052,-1.597541250293111,-1.410239826731415
-1.1377432865706176,-0.5742988061540586,0.33920725601895363,-1.1719980836525765,0.9096899240212672,0.3371072443418398,-1.105634413142755,-4.633021977558666,-6.550105583809374,-6.73097780285864,-5.134831253003715,-4.069568728270233,1.3636180061461969,-2.278741424208968,1.2570260244448674,-0.3050109338562225,-0.39404926333145696,0.7062507645947554,-1.2364205558680894,0.12243291362862782,0.33118885322954844,0.13227431805537654,0.19342241218791154,0.9237773207411755,0.12970154084619542,-0.019677940794532767,-0.41720684665781643,-0.9566848865601355,-1.547487559675781,-1.8233469449946256,-3.1779744153230087,-4.016751968094583,-4.512390204118449,-4.0906076657786485
-2.715421206905479,-2.1753598472511215,-0.6092246455302018,-0.09664969621508779,-0.7087259947660249,-0.39001444166291993,0.5238806032360265,-0.22780142974087125,-4.2091321218176345,-4.360929191978977,-3.815097001084768,-3.717269552161536,-2.0460983767820107,-0.037110919182302506,-1.7529163674601227,-1.6336590955357078,-1.4451103590929415,-1.8401398631264618,-1.9950145802691694,-1.4225523021684596,-0.7993547949608059,-0.955305588921489,0.31906375176171625,-1.070283520285206,-1.1327005031349668,-0.9300920742568142,-2.2982925667737386,-2.795790319103257,-1.805598338887572,-3.1495011184076955,-5.4708092761163,-6.797505135215989,-8.241504371027183,-7.926741767221455
-4.619225799212628,-4.0707924572016285,-2.825535452234736,-2.016855655015421,-0.5975074096024097,0.136390928508684,-0.9594916274341998,-3.1350286180150198,-5.003634878417517,-1.5970549941669225,-2.3128524176232568,-2.4567557845971133,0.6063088887460251,-1.3737884608715183,-0.0518805077317515,-2.984490017335216,-4.018141793365916,-3.104544435903014,-2.7030151586175095,-2.7856613334762437,-3.7191712958226204,-3.189803233809868,-2.369365717813376,-1.6984296030617,-0.4145202181693029,-1.7144108040093529,-2.0497948532525316,-3.311520895342315,-2.296718741273303,-3.319520146285348,-6.51076932504541,-8.172451260611263,-8.726693343538717,-9.551757004372108
-6.078443742855341,-5.46040545820899,-5.131877368147956,-4.056162717878173,-3.9968347220759464,-6.189350307048443,-4.824990761445301,-2.8253681841523837,-4.676709673246509,0.21632238672619272,-1.7512126040966318,-1.8963150908448039,-1.452414447860717,-3.15756754728033,-3.289726807708844,-3.3916215792028206,-4.643784161809998,-4.874715293034693,-4.988524005000203,-5.340727493109959,-5.617721412735583,-5.51530033815819,-4.986750505518989,-3.9881867586198463,-3.668968703383681,-3.002726074639979,-3.7036013519950535,-3.2655806308974156,-2.74415223320395,-2.4691956935259554,-4.186882651086984,-1.105823873361838,0.16639127382714441,-0.19159207141836979
-7.906471993350163,-7.224499864043927,-5.200112583837213,-4.516390368095425,-2.602897926217177,-5.05509384903083,-2.6581204325514354,0.13010624388635747,-2.7442081331535415,-0.11426847346658928,-1.7484789310417885,-3.430442692369952,-2.4906444738118387,-5.822657519533111,-5.014696475570092,-4.259166301398683,-4.301466028233868,-4.291960541957438,-6.381379182521103,-6.180625626108499,-5.985117168909032,-6.000345736717738,-6.330065169495145,-6.0688462952086715,-5.437403118682946,-4.9472845095984,-5.230715182122634,-4.228462360539937,-2.587567618997125,-2.5298597777553535,0.1056504260997805,0.13827188764573012,1.2171422384468633,0.1046215909427755
