script/wind10m.json
{"header": {"parameterCategory": 2, "parameterNumber": 2, "lo1": 3.000054539987559, "la1": 64.9999836372058, "dx": 0.5, "dy": 0.25, "nx": 34, "ny": 52, "refTime": "2026-01-21T07:00:00.000Z"}, "data":
[rows 0 to 23 of 52, columns 0 to 33 of 34]
-8.594457728609196,-8.902579002240095,-9.084429222220678,-8.897266851665773,-8.686042707161693,-9.339878359868434,-9.458184948065556,-9.853413853439031,-10.017545261142573,-9.533153770145612,-9.623917298436913,-10.200492154401106,-10.07013943048764,-10.272694777503535,-9.177218922903485,-7.770543831102024,-4.598545796027867,-6.100216217397528,-3.4210816279665335,-11.52173512825188,-3.7807890604375842,1.4210958463095766,-5.200053501997771,-4.630912390322192,-2.1790876620654664,-1.1389853173201518,-0.6871868891438081,-1.4022739200360401,-0.7521308745131037,-0.6138789735970913,-0.534091845436925,-0.8737166789689004,-1.1083845162962975,-0.3134988922301314
-8.21202956780199,-8.40500652603345,-8.715132749907992,-8.870967718688323,-9.265947371132258,-9.534729850203066,-10.04221069580182,-10.500217334666457,-10.51029351284943,-10.031525217806246,-9.764014833917916,-9.929616628648056,-10.261713709555268,-10.567204780864033,-10.290561856003611,-8.478487269409603,-7.249678923620693,-4.000977490193561,-10.598025699730204,-7.149067703363113,-3.9719446657407276,-3.433742729423912,-1.082460830847494,-5.4745652857750216,-1.219202184349747,-1.40254797109284,-0.6467613610381142,-1.3027542528353542,-0.7794468023520723,-0.7493123332212893,-0.035049892382626485,-0.3295644262269371,-0.3417499457138149,-1.607049890253512
-7.674416376355034,-8.172401706637245,-8.053287946993002,-7.759628692597048,-8.388420880292058,-8.947452527456953,-9.18579520907061,-9.820035883515278,-10.414245341518745,-10.782395494716495,-10.779642137038019,-10.216188662036465,-10.307800729339482,-9.549977078526247,-8.87320965450441,-7.104719657434087,-6.314118643822076,-3.6977585955264867,-4.228984782157508,-3.5903326047136495,-7.036771774145876,-2.1342924076934118,-3.139694181515379,-2.7349565236597946,-1.819856291298543,-0.5997999669817833,-1.1862129588193717,-0.6638426609291836,-0.6516178897796634,-1.0442246619496116,-0.9362768850885296,-0.1418095472907853,-0.31424550968296233,-1.4289792999252298
-5.8322981056132726,-6.070299180950439,-7.217003023771002,-7.629974735087538,-7.583729063016702,-7.978128441688264,-8.904476048553708,-9.839044438833536,-10.203212251928424,-10.32341555640306,-10.501697849203127,-11.320624321816888,-11.39883911120862,-8.226292879694734,-7.733803822501672,-9.887690447308549,-3.9931433014441864,-3.57557189727873,-10.542562229677543,-1.7541881240708639,-9.254790036461431,-5.019301133038861,-5.966504237373757,-1.806898383881882,-1.403933749040011,-1.2359061587616305,-1.0130419481189887,-1.1927893171122066,-1.2111799641150391,-0.6574940434671009,-0.708112861135213,-0.7657799695334438,-0.5971894164824088,-0.7098258458085644
-3.2549617500772245,-3.967670404632704,-5.5541839338215855,-6.430781450816632,-6.1487326107155535,-6.175199438805806,-6.00020555683753,-6.424356181315198,-7.403416221893112,-8.277530872150388,-11.157846642139546,-11.931257303263118,-9.994902323611548,-9.790148769351543,-6.5413235574351365,-7.406261004988399,-5.042531420297349,-2.809330908750437,-6.189702897709692,-8.849567166089802,-7.921435893915807,-7.723938163298061,-1.0084449072933988,-2.4220391260932423,-1.5531293731774904,-1.2412138527066565,-1.4905762094588995,-1.1590151382375724,-1.3009742856244557,-0.7042738937299339,-0.4283283850183391,-1.4632528785695522,-0.5172538035194486,-0.45790273739976456
-3.038216982657218,-2.410146654549208,-3.1190874447286996,-4.965090073672297,-5.402459315057401,-5.191349367140571,-5.133724409667374,-4.815853334868076,-5.790412441218271,-7.105415194919526,-8.726228671040927,-9.035479422507091,-11.504188819352143,-7.968216050387211,-4.329001945729372,-3.17957666721751,-1.1239547233266949,-3.0004732864378716,-8.32031811108587,-9.106757665793342,-2.030419144339989,-4.561640205269808,-1.5663526583581897,-1.4480375319916594,-1.473396504735834,-1.8526571578959066,-1.250407723177291,-1.175142967859831,-0.47959589029931454,-1.196002200550637,-1.2562935818491283,0.017459102934271817,-0.18157901256169898,-0.9760152717021303
-4.326104175495414,-3.5935601223305205,-3.0926149985173415,-3.10110695783894,-4.2549134447359505,-4.703362885697313,-4.534750640515754,-4.603476375494928,-4.489633714385011,-3.8274597039170204,-4.324247089248049,-3.9165711420573976,-5.114888586225814,-6.696100183726278,-7.792011883721694,-5.324182744146406,-1.5098422001451912,-5.055076016169205,-11.225629202489676,-5.6946986850985,-3.141023621908483,-1.525650304723193,-2.6015422680035494,-1.8944275526245375,-1.9204477620764682,-1.0652481903125184,-1.9494690687793,-0.8642641772014201,-0.5564165140633358,-1.293536445677725,-0.3503397256189602,-0.9406134771347966,-0.9710015114022257,-1.6391106438713416
-5.427563604004485,-4.671668310672137,-4.629757120444464,-3.7795384754422217,-3.833892742030251,-4.397598799292033,-4.599128702028072,-4.693361139174734,-4.223666926760294,-4.594263229795873,-4.160740104639649,-0.49950235155197226,0.9276552786822714,-4.345574419484337,-2.1878655697494156,-0.9288972815074744,-1.4594582233147515,0.10891309481872133,-3.309744298510879,-2.0632253534418044,-4.094701150173542,-1.9197055543058976,-0.8397011782314598,-1.9604153229914296,-1.3112226333782866,-1.6639571751100208,-2.0655432670405274,-2.2173565147507523,-0.15498310878095967,-0.008734045432183262,-1.7086220548992248,-0.3044867926070083,-1.573548498011873,-5.553874866224903
-6.079314402068273,-5.397634069461408,-5.247042844850901,-5.106370913073573,-4.959058819152992,-5.0652993083830085,-5.523265101858125,-6.248583736767969,-5.518050234318268,0.16512740207553117,-0.6146872632340168,-2.6593641510130026,-3.5675393603589636,-8.476966214177704,-4.915924913300053,-3.8987677615200793,-7.6422905496871145,-2.8118105578633785,-6.450654228925156,-9.033825676902591,-7.247632426518317,-1.8241406162289182,0.05483222265193338,-0.3171588828627864,-1.7032295374779716,-1.8316331142513318,-1.6946319268892474,-1.302971313179729,-1.1755894449902309,-0.8757139936570547,-1.7452903011438317,-2.8102505281302794,-5.66314201875016,-7.130050904578426
-7.686803136515546,-6.4986794568869,-5.720766436948386,-5.275542802400425,-5.757096939351184,-6.123323292762518,-5.951732485865226,-3.8646123784756483,-2.1776623471530865,-1.4562942742094738,-0.24585478527518093,-0.36112800092817066,-6.633353345711552,1.533658797020482,-2.5219111967397017,-6.52179897303143,-2.166095186157131,-5.763480315035278,-6.562079722024091,-4.137003862837951,-2.319678582593457,-0.6381321518566435,-1.1845619523207611,-0.24997858900736847,-0.9057137362175729,-2.238252702051482,-1.5077078369618473,-2.210551818276175,-2.3935276075960115,-1.941515893423083,-3.435090587590867,-7.6660728589259275,-7.19898337801278,-6.611825777752772
-8.633860856779727,-7.541153564117594,-7.045060252588943,-6.316332381753516,-5.955518143273178,-5.1921962582705845,-2.2476910385496067,-0.11187670278969696,-2.1988464498393583,2.8497602783919387,-3.365372794021885,-3.957165529268884,1.0914051541435974,2.8152189817779227,2.277833996694438,-4.961088154466688,1.139803646318976,-1.6372120832363144,-11.279196649123469,-2.418242707530485,-2.5561777266817547,-0.41293780133489083,-2.601671861411173,0.2781210631607665,-1.7935941592966769,-0.7438670497928378,-0.4020378943594713,-2.2650812594482748,-1.2807990991690459,-3.364392364544646,-7.9208052312636195,-8.316656470759003,-7.951717723428425,-7.014916312855705
-6.894218450093423,-8.077538217243996,-7.116947478231526,-6.332986095884477,-5.562407243022917,0.13590453261190139,-2.3580961248687635,-4.419343426501531,0.802396382301749,-10.217007399211612,-3.6160651633121805,-5.546417827372772,-3.6363572888313245,0.47355555878602534,1.6091349466130311,-0.6518604038951736,-5.518272527919097,-6.534073101366937,-5.095490188188706,-4.385351120600808,-3.4357022208511885,-4.377691693281883,0.4442524283300926,-0.5998533717770789,-0.12865415928613247,-1.0200217743849966,-1.7181656256510862,-2.6286183029841252,-2.3877577662787246,-4.295976769079993,-7.815619960114991,-7.507681754588643,-7.053523043386987,-7.315474730785312
-6.890927625709839,-7.01101643634573,-6.140778022506967,-4.6192157388900625,-3.712470074505455,-0.22409707690131,2.7021234178111895,-0.6644787148888884,-5.651360802561075,-4.927932399124068,-6.552867445388011,-6.795514573592378,-1.5226683505275629,-2.778332671683103,-0.39247743570179067,0.2610882690478727,-3.241015390901097,-0.44529120073410544,-4.129861834799666,-2.200863876773408,-2.651627526280183,-2.1338341958699005,-2.362028780482366,-1.1455385871545285,-0.3045273508577743,-0.32864955975239507,-0.057186506221706936,-2.218639816683981,-2.2680254374587814,-6.7062014164267065,-6.763318756072882,-6.730367356208387,-6.1335550445889355,-5.664713898892863
-6.966234112728643,-5.958072975521277,-5.818839117674643,-3.104227142632563,-2.1382416388396885,-4.5888607425666565,-2.613880624389394,-0.9400453203771996,-8.069402228324684,-6.122707970600576,-4.859263998075748,-0.4890272685320531,-2.2873651428150694,-0.9944218774372038,-5.674190425608041,-0.510427729638765,-2.7659891833919827,-2.364501648956485,-6.96940736305196,-2.593937030627694,-1.820337319606586,-4.704379479320625,-2.3367599706442457,-1.938477045312457,-0.39983731666530503,-0.9621486778321411,-0.34934301881068763,-0.658343545002741,-2.0550702126960214,-5.548660906712912,-6.0616281532314105,-6.252914743179935,-5.948359255793692,-5.545215281796279
-7.305422479887946,-6.096638592402471,-5.9492678698532595,-4.806586793089389,-3.4382495144180503,-6.039156636099964,-0.780921163143149,-6.399108625799331,-4.984818974451544,-4.317252023072677,-2.232639007842682,-6.876892917952578,0.5967895059074074,-0.11710897330368296,-2.2644813059271804,-3.220847090253267,1.2683090630304017,-1.7921916277685461,-0.7187161354526129,-1.2679048397874912,-0.844891102926953,-2.388743807280041,-3.053631822573187,-2.9219717825581912,-0.3133403097798195,-1.2950619324110721,-1.025747810484601,-0.8942473245339799,-0.2768055809955272,-5.961870494740414,-6.408652196571288,-6.417755579607285,-6.292576564379282,-6.067848661287626
-7.960899032194882,-6.540743207486243,-5.132868716626844,-5.431391332914781,-2.455596310892928,-3.118073328937508,-7.4666512465075705,1.3519522289001014,-0.22212589081694634,-4.231995573182122,-4.0461350239265315,-4.872221898616378,-3.7195455982271644,-0.3363809899609539,1.0420250324823452,-3.7137917844093367,-1.151166405372896,-0.5079696518506501,-2.1546346201545736,-1.7595355296677293,-2.6798748113426654,-1.3903670400024855,-2.0163308848628536,-2.8924886791670903,-1.4677225426588663,-1.4639741224052258,-1.965996377798961,-0.556922264449161,-1.4811045808519887,-5.373029792820406,-7.347747002724292,-7.698900004389853,-7.210347470367564,-6.380576382856658
-7.634217675781257,-6.80746430404554,-4.630347597409673,-4.7958923008884975,1.815323413194379,-3.6642340358747365,-9.641788173728711,0.9132126926201556,2.3039975662962733,-5.608717529682326,-2.570156235896419,-0.4860512551479126,1.035613864223391,1.6009733055801125,0.9230438529519683,0.8825792232149593,-0.7026700476613377,0.1824927456001307,-2.7748028195398935,-1.1399969660628126,-3.4628615496865276,-3.4773711890244576,-2.5526750759867363,-1.945962470863335,-1.8975530695533458,-1.6466703336147033,-3.0832164330579106,-2.210475609769324,-1.20679993987613,-3.2647421236792793,-7.086297161325187,-7.7689554978958215,-7.670007038863244,-7.4119560039733345
-5.747794744929915,-6.194849588327102,-6.795419795399215,-2.0752196469572044,-0.08727794574450269,0.3618327442629477,-4.578788467879965,-0.3884295530748953,-6.700160123193602,0.39305894247191414,1.5288984999971056,-1.9358421938310129,-0.6271117134801092,0.6912557769508724,0.032049176363030174,-0.568901189431482,1.407398095313209,0.026473869391537903,-1.299467005571115,-2.3786613900907745,-2.8213688101243344,-2.448067225635903,-2.1842867842001965,-2.2294432787865,-1.1882678020769375,-1.8493646738399718,-2.3449886121353654,-1.4596332580256928,-2.2581171733621357,-5.700777513057032,-3.9870787041212825,-8.299679265768644,-8.12931144963223,-8.216257336550052
-7.174895716851582,-4.992842142712392,-4.235737280041733,-4.576519780897338,-3.4126347577497675,-0.5355485618646413,-0.38083324833657967,-0.2086690076766829,-7.771517529072608,-2.107700638263638,-3.6028644948243005,0.13558397548712095,-0.3407660267093212,-1.18697960533976,2.48167396018149,0.2290362601230275,0.8030716681093008,-0.7231444828964495,1.0212680093826823,-2.335120760178664,-2.1320564839347718,-3.6942490475780687,-2.2259524400477995,-2.242506825357632,-1.5488685690536002,-1.3874373288920452,-2.347804473314209,-2.220170767940197,-1.6801723244373405,-2.673923999568693,-3.935913158145993,-8.295848196415882,-8.148911875832063,-8.2757708818109
-6.455422163584528,-6.317483452837197,-3.7815747870236867,-2.4723157502377298,-0.8679933569276378,-1.3731268687817098,2.145671915667998,-2.5875344833706704,-8.70443655604799,-1.7351115314819467,-3.047586804105182,0.0017100670001355825,-1.4184265109008256,-1.9579251880097257,-0.5719208725818172,-0.9179894096302962,0.3324182367429835,-0.24030112388207608,0.3195792446841071,-1.3855978876537907,-0.9276552941438094,-2.2666628749080404,-3.5217303622255014,-2.885407665670952,-2.117489116788104,-1.366855187059869,-0.4760857732024945,-1.384228778162628,-1.9073468468450798,-1.5489789119383242,-2.014562317795224,-2.3750711227828356,-6.795227630382452,-2.606151492245271
-7.358877706950858,-5.788790367544846,-5.369757633989194,-2.529439724393355,-1.5087238632680133,-2.142064903638698,-1.0863854616683555,2.6231713765418787,-5.427272453910031,-0.8309952875435402,-5.253654500740785,-3.078324458084447,-3.066831694190182,0.21164861425728856,-0.7086464997543495,-1.2515889457482086,-0.4452441979635357,-0.06656980591716419,-2.6822989347147836,-2.062691447751776,-1.442992440184943,-0.946285341410497,-2.221067317786991,-2.1877744575850744,-1.704282764113518,-1.0405100354027061,-0.8878628960115565,-1.0738944352012902,-1.3077680760399042,-1.9366908011249366,-2.17682999934793,-2.0286624303430836,-6.985629199651264,-6.654203088667557
-8.11298894171058,-7.5064706445364635,-5.3560056825890925,-5.7293018965906,-3.105430331257551,-3.138041030993007,-8.819395109353744,-6.099155253475536,-8.066795259499738,0.7072458673370066,2.7296161491120117,1.295321417359144,-0.5087300577919528,0.2087735380868312,0.24858353370705927,0.8918018520434315,-0.9013044017991368,-1.8980549607231867,-2.5104238031283037,-2.064657544383404,-1.9872447423093549,-1.536919703072854,-2.4485042776078236,-1.8836167103875632,-1.9552282455101768,-1.7132657978336885,-1.0673773468590166,-1.3999937105777318,-1.6021241336578926,-1.8308441501928134,-1.758062129751679,-2.1693345829906963,-2.5582347953109505,-8.293026597781175
-9.445719652300445,-7.118461449721637,-6.692211932523633,-5.379480745077763,-6.157861919228811,-2.826967913342299,-7.211622656562498,-5.520756155553429,-4.423547292219616,-13.21305062440658,-1.035728979722288,-2.5117843903846104,0.8786849531998933,-2.5809786714869634,-1.2261827499887394,-2.4979253572023907,-1.2033801744772485,-2.5575734742104177,-2.989849185794024,-3.108185318576629,-0.7990889176641834,-0.6256086374889034,-1.6818876047871252,-2.3477253901006,-2.2665526821969797,-1.6971850532354071,-2.173731340264017,-2.3612976681338553,-1.619518650539276,-1.2797596540541927,-2.8484102608710473,-4.219992167525154,-8.828026579044936,-8.349819440944131
-12.403575079474193,-9.879465220333433,-7.257847766129865,-6.138629363827171,-5.8020559267631375,-6.706666499216833,-3.7254202884079635,-15.033482707653711,-11.765210934427868,-2.760488950230771,1.3088184323913081,1.5649596083016686,-0.7358579515159899,-0.45690494504567736,-2.4652597087912294,-4.260695833425561,-2.331674180837539,-2.909681220816158,-2.7080436126202594,-2.2708659465406713,-0.7374360876485803,-1.2233598124307736,-1.1760002606849125,-1.5872822518365115,-3.048448132700731,-2.011260266249135,-2.784836372930586,-1.754837033141088,-1.063745491878914,-1.1770255784962391,-3.435120685759895,-2.9422191387327183,-8.6871526057351,-10.711678651353601
