script/wind10m.json
{"header": {"parameterCategory": 2, "parameterNumber": 3, "lo1": 3.000054539987559, "la1": 64.9999836372058, "dx": 0.5, "dy": 0.25, "nx": 34, "ny": 52, "refTime": "2024-11-26T19:00:00.000Z"}, "data":
[rows 0 to 24 of 52, columns 0 to 33 of 34]
-1.5991300470515264,-1.6155788984875157,-1.7469112829425526,-1.9438692358895504,-3.3108268971483277,-1.8797806567777107,-3.010862853438938,-2.8665105862237517,-3.3351068244820596,-3.3834682926127275,-3.0234737500217332,-3.266943428526873,-3.7095809584001276,-3.873674731056683,-4.189782234949249,-4.859548718926614,-4.424741706800105,-4.884159420401235,-0.6031829484147773,-1.2785754652102221,-4.87327961742206,-1.0418931402991465,-0.3969427017435735,-3.528313399855149,-0.8356534067969432,0.6067058562393592,-1.162887770557865,-1.9569081185779849,-0.39212961756903963,-1.3831743932865024,-1.9026385635816645,-0.31889683413186715,-1.1827387113688823,-0.9923769225715913
-1.4691690430967108,-2.0866245936843435,-2.6243940197161537,-3.051228307330799,-3.690093771323118,-2.3558960742606434,-3.9562329798495797,-4.236172268609116,-3.916316395142618,-3.6092091704084015,-4.080169800525936,-4.114714661965824,-3.9955360414972683,-4.132217612470769,-4.608612534314715,-5.047997981514036,-4.336491928032087,-2.629550732731696,1.1204601686391265,-2.067056382030976,0.6942896153744854,-2.2205279277250822,-0.5823766255349367,-2.157980049010148,1.0432635912830948,-0.183249568731263,-0.6088923487521005,-0.5049247223797001,-1.9445930425499378,-1.8941813264935954,-1.5712683963404281,-0.8070192118290449,-1.256937142990939,-1.9391532977249606
-2.483152805842733,-2.9484664251470836,-3.5869579266006295,-4.079050452036991,-4.29913847325444,-4.838003427588463,-4.484226976297814,-3.7271888086414005,-2.8213141250670204,-4.015918050156855,-3.8624485110714946,-3.4336037936185626,-4.1307857873714395,-4.687274624228113,-5.274273083844094,-4.564003851886837,0.3111766257784032,0.35548980121935647,-1.1486131637633428,-1.1421624793214025,-1.0993503219327878,-1.1531406191851765,-0.8536983019246378,-2.1351268119293723,-1.6824512136952492,-0.8764220734297733,-0.7862814290480371,-1.5591416799349882,-1.7591835466959935,-2.3213118406511004,-2.7780535373272226,-1.993937903764551,-1.6116830212310709,-2.0071443748824813
-1.5097115866953297,-3.8153011239299603,-4.94335289962923,-5.141608530119193,-5.144704851960278,-4.649175508999046,-5.08707665887573,-4.603314293291852,-4.416685075933858,-2.951369753050781,-3.4867732150414272,-3.947453984968642,-3.9192524050586846,-4.535507223377636,-4.919953031792478,-1.081260121695124,-1.2606537409287664,-0.037365284185026916,-0.8391617974669474,0.6270502134823627,0.41302707033853875,-1.8350154925187292,-4.794119121212006,0.33735679559969317,0.11740640424533218,-1.288103882894312,-1.8312774026699925,-0.7828594876866338,-2.4735153767128875,-1.9095009366503644,-1.7835936366039462,-2.0201800212667633,-2.382611159606351,-2.0420186209461217
-4.497259343723645,-4.870994825587047,-5.19932406806641,-5.86584555229065,-5.307986762466423,-5.305258557746244,-4.881416632579357,-5.610996630274615,-4.2520206800121185,-4.145657468229559,-4.6595362739116775,-3.350675866844156,-4.159633893268222,-4.252386348715862,-1.0068152860981272,-0.33810068084662465,-1.0879808232311121,0.7114045628831133,-0.7565518877617682,-2.1539647852117834,-4.851355704581558,-5.255092757387065,-1.1424639197873836,0.5087167009267624,-2.576707467226815,-2.43615064690512,-2.4401161028027425,-1.0223981968174072,-2.3705851397763062,-0.4503556673105124,-2.393906562734341,-3.114371183565774,-2.4956631765556603,-2.7986464921931056
-5.211074513076059,-5.5808953830626615,-6.108106193774152,-5.389758932517978,-6.505612225891013,-6.07040417854247,-6.464363624408635,-4.4366788549854626,-4.171028062447177,-3.869234175063781,-3.783696561056745,-4.150283578288296,-4.0646477436707835,-4.6701716919794825,-1.1082391718526488,-0.30970049785206416,-1.983996411163039,1.2062248808710616,-1.4559893315649228,-2.292223122304315,-0.500223226215698,-1.944604212937584,-2.593162236854946,-2.714011467573503,-0.37815814976791745,-2.069441743224363,-0.6532298278596461,-1.0004864445947714,-0.0489098104122284,-2.357536836537809,-2.3886810901259814,-2.0127221317918185,-1.3248153438740349,-1.9293424525318361
-6.276668162420814,-6.736728168480807,-5.869078465912923,-7.1321679751219245,-6.6226137232559985,-6.0220648401840196,-6.629262083316361,-6.049746204119787,-5.656739328274408,-5.004454340415175,-3.897946934494142,-2.4333507495973636,-1.8572576652496418,-1.0931737865781774,-1.9216765490748775,-3.0481646575051733,-0.43275906978546774,0.5336714783844759,-3.2389676535657346,-0.8048105207943315,-0.49337183540697427,-0.776540975570956,-2.1151021539435497,-1.673252003311355,-2.408868357120365,-1.3918736437545232,-1.8928230261166088,-1.4200922412099257,-1.4038995930437101,-0.9288723893943099,-1.0826784592296363,0.3111006999721205,-2.328619809294721,-1.9407603020221427
-7.08039007731782,-7.124509925833709,-7.822320406518053,-7.323859659663548,-7.131551397443347,-7.6307206027027,-7.412248597032389,-5.8915524963193855,-5.139530797398274,-3.622239648848396,-3.6500116127775906,1.0418413604048016,0.7807313799394068,-1.4772692596287946,0.5956122056342025,0.7592326169604763,-0.47327986362471514,-1.6581472163466213,-2.7459744534476855,0.0025114833769905817,-2.5940617601086204,-1.6788222313179253,-1.211589484162215,-1.6990361828313711,-0.8223770758970247,-0.6535821496231203,-2.4991299080106337,-3.424257004787867,-1.5109374715336759,-1.985365739698675,-2.641124480744672,0.04075168405995567,-1.0779509287833506,-3.763058678439244
-8.032685062184646,-7.775100527603721,-8.012305088927542,-7.789629574563607,-7.826823051111936,-7.603527762606163,-6.252595245125116,-7.13533726961792,-4.408956820403733,-0.7486660286348373,-0.6628228464814626,-0.8332532083094523,0.3116436625371723,-1.232712338117214,-1.1335598282902255,-1.4014413496467222,-3.2646722503971,-2.9084595888028724,-4.185178759165,-4.996212631057831,-6.312521332747006,-6.698634670392573,-3.9323260014061754,-2.4740651944236913,-1.79918164541418,-2.3296250682671387,-1.7587919909773941,-0.4351340279715986,-0.771316696761702,0.028842998133474313,-1.7193780186046217,-1.8520551068392084,-6.239394700884739,-4.010603536275217
-7.941906618123021,-8.695128800297711,-8.244818212858618,-8.617378486957657,-9.165746539900377,-8.218935072253142,-7.065403356523034,-1.5753220847542067,-1.2154953787489153,-0.4348869404892437,0.46973843349097383,-2.3684732900767607,-0.2204932354621938,-1.7502211947322888,-1.5918359506568487,-5.228813610421561,-3.519131615148295,-5.60391079358946,-5.6152793290615035,-6.382829375652066,-2.9733039179820997,-1.3173035335561782,-0.7114392564932389,-2.4608817824873603,-1.7585648359023267,-2.954687316872245,-0.5454738602502354,-3.473707553937111,-2.4869381759118387,-2.223235743482933,-1.2060163957352381,-2.126433296268279,0.6756175230498963,1.4153689852277385
-8.11017806251149,-8.55101830172734,-8.926415578698268,-9.331253446388216,-8.94467578658093,-8.040541270150356,-3.1656923132872103,-0.4746078804972603,-3.3265971520161184,-1.1611990255804818,-2.5765532871215675,-2.038992430450642,0.24201582416349895,-4.129767992123862,-6.139260959335943,-5.0966554298783135,-2.6450476735560593,-2.339678925810234,-12.68369932139514,-2.2350881455831617,-3.7410022863201204,-1.4396392860659575,-5.661687919289529,-1.9521601590034252,-3.972654626268509,-1.7026761566095658,0.33410198385571455,-3.594762083252257,-1.183739970393638,-1.2695676027877296,-1.9864726929103942,-0.6754815004072732,1.9177222974602428,2.767429222011668
-9.19583981677784,-9.45280650188759,-9.811652315868974,-10.224689613189577,-9.267228524521796,-2.2666125328889626,-4.350462695947711,-2.3729168385255233,-0.6275809222867544,-4.920745709320691,0.07254939311397682,-8.574879137134099,-4.203656201562628,-2.2526399593854083,-6.901545630309523,-2.1839529379443863,-5.387340572068933,-10.690060590858849,-6.668735629172847,-2.3205427338219997,-2.3368472295178964,-6.402178909543119,-2.4001099664819483,-4.087180741018894,-3.383613481947761,-3.3346764608474393,-2.790904837050324,-2.828909823151953,-1.138229224849866,-1.865284930637047,-0.09720055897957533,2.3778449586930024,3.5250207239704663,5.211278667274952
-9.670981068000394,-10.105390942862778,-10.57166395517931,-11.217288947000654,-4.7749889842721105,-0.9857640177390726,-3.4109033331688687,-4.209691929086508,-1.0674424923184513,-1.0546669788390053,-4.196292923194947,-6.950553375951787,-3.8897241936897604,-3.396474129708874,-3.9915683453026034,-4.357040806711954,-7.146054662825326,-3.2471874530277502,-6.09834514251222,-5.217978576567118,-2.911316953405535,-2.0285645478467633,-3.1039265823256947,-2.12888493934372,-4.099470930005118,-2.721272280030666,-2.080755852773914,-1.9785661379125634,-0.8656847221210168,-1.9170510882271043,3.8152275236905724,4.866409868176342,5.563704801133216,6.316905456242168
-10.331077057203162,-10.8357618272578,-11.52538622079736,-10.680198222045425,-2.8870829505927462,-6.950133414337863,-4.91160403682573,-2.119660849463022,0.6209729809461257,-2.6245515568603097,-1.2753850657462955,-3.929688078373905,-2.3864249874263916,0.1296257157959257,-10.959255702993557,-2.6305846030417723,-6.651515891880998,-3.1271354059017455,-6.130690843307467,-2.520216842619646,-1.758061932011097,-4.317506409312927,-2.8142522997096444,-3.007002679964937,-2.9624423119535233,-2.9629355275932827,-0.4240054619038943,-0.08044545329918278,0.6258505633722992,0.8285941458438293,5.260415853062314,7.453470161842245,8.016576629398177,6.276749550965994
-11.000282258621688,-11.629290452020577,-12.288856565617902,-12.731551403733446,-4.8799943739180165,-0.3577752238077317,0.5487351733066459,0.4018016079596406,-6.071087218644876,-7.358464481033808,-2.8810720787440927,-7.315279483908842,-6.257097787194406,-0.7303886658976005,-3.4990606979455285,-8.441555676756371,-4.637207426962576,-4.205841312639239,-4.006251818601014,-3.4797392578900395,-3.2376529668816136,-2.104448066187174,-3.567487552700815,-3.45805394573209,-2.296021669314998,-0.5958662866013305,-0.7078326301380692,1.3770637090791709,-0.4722145455194032,5.60331959611209,7.569901072931009,6.841419035508633,6.301551776902202,8.021734029995324
-11.583238913703294,-12.496080433689286,-13.434873196931076,-12.787266980421764,-2.8176972369364925,-1.7486972509304028,-4.199997571825413,0.3049629129476561,0.0037394159489348047,-1.6528944694401082,1.6857581509318695,-0.3068885170446499,-6.545259826282909,-5.572663419581759,-1.3718391950968665,-4.920248365599292,-8.2503079035654,-1.982096937391266,-2.195254086893207,-1.9517626548698486,-3.1789007459182548,-2.8292690032390944,-1.7895193830747151,-0.659811771122748,-1.2787857137820893,-0.3344777645625884,1.5469396532352135,0.2908381716730498,0.9063845475593605,5.2574243362592785,6.531250690507172,5.992599377751273,7.511516562234317,7.096206041563338
-11.75517450151201,-12.861558520328845,-13.365051489701363,-13.095067887639766,-3.754416619751176,0.2896136758253188,-2.9108539510141154,-0.08971486342256443,-0.2804967401994465,0.6185301086662546,0.8321580591373249,-6.403773621863471,-1.7232287261688772,-1.5294981228819733,-1.7012080807051673,-1.373809718153352,-3.34675447484308,-2.669895496612212,-2.821532715062636,-2.236237821987063,-1.4028069996839614,-1.9138272529977893,-1.1343118481920946,-0.5344691249814393,1.4342426470994192,1.1579181414066941,1.6253651439136279,1.545637059518788,0.8106336284328499,5.913286850893036,6.892054310436393,6.688429042793547,6.191411813405769,7.725966306295892
-12.095821314532984,-12.297557823648043,-13.520209742773561,-13.162649952617885,-3.346375770042659,-1.6622443728767284,0.6891880021405576,0.4806227782178597,-3.488951631442948,-1.2629632007237437,-2.1333967916255214,-2.151625111477084,-1.7710788438601146,-3.309559939690317,-1.86145277830153,-1.6582672976974686,-3.820943679824119,-1.01749885306826,-2.198680680676529,-1.5685982837228856,-1.0936214361488723,-0.4846404370982162,-0.4082626978180578,1.0098553824132637,1.5573170153543865,0.8741586312708575,1.3267679069505134,0.8080691537027945,1.8715569018831835,5.757048029626016,5.727541475891143,7.054150108562175,7.000996877629092,8.042540745634412
-11.589070369304968,-12.530733401814967,-13.470523962843567,-12.557491833290696,-3.761127026593511,0.3452214295106522,-2.0570592872810574,1.1066535343906303,-1.2033336469979097,-3.138935761246262,0.5480213906196745,-1.2462227309860678,-1.4021737485633896,-2.113192794887432,-2.2297607057181965,-2.0823587387147033,-1.9000461022874955,-2.942738662868235,-2.6135087190666195,-0.6694311645161148,-0.19068068590794685,1.2137940747275628,1.1469540234964473,1.1393061749505191,2.112167683263502,1.1555004606043133,1.859858230278437,1.773704016224619,2.183155549624123,2.3713564327528927,4.307867804746808,6.5661279205818746,6.770339014664412,8.155124295882432
-10.91999266848619,-12.626477860542385,-13.465294638565599,-12.85901270142112,-2.448474559948354,-1.167874145127191,-0.6610634764444289,-0.35018639783116773,-1.2755503821878358,-1.8455613837364215,-1.2962636355277868,-3.6192995394077054,-1.1775422038541539,-4.905369248162479,-1.7547780736859626,-2.011702846052881,-0.3616187831156441,-2.008538526936944,-1.8634469143593728,0.5573725222231009,0.6013662424362644,1.2444188168327905,1.587664266000178,1.6798424903885938,1.563021361749151,1.7359248110153023,2.3929431426720273,2.289523650806339,2.5049439802379148,2.161508726898493,2.2649557548236814,2.72015611041637,6.539366336135963,4.185625801092415
-10.833055426835427,-12.216719033807806,-13.505910083805384,-13.123661236257714,-8.108776171969865,-1.147525238456338,0.04203736788379824,-0.22467163107977361,-1.8132023355601823,-0.9282937203325039,-1.639955644041138,-1.9232035238878296,-2.1322470267365694,-0.9261249441758492,0.16420521273466768,-1.9107475975909765,-2.0673830656916006,-1.1484454171379006,0.531506931126214,1.1455590925469183,0.9792875182866873,1.5009198250667135,1.4336546567076436,1.6229253808715032,1.751594741195185,2.191466812685362,2.435900217117881,2.7565921280429966,2.400295462880785,3.881991018055996,3.2989738580438503,2.3224318083233815,5.4109889210945195,8.129525961317507
-10.601454530724553,-11.632318566628156,-13.162682944159043,-13.206864464684031,-10.19659782137161,-0.8566407816975689,-0.3503832050352225,-0.14927430365973632,-1.56984028129469,-0.7513479513939494,-2.8708711666344255,-3.229040505457028,-1.5812750092109567,-1.550744802897727,1.1250335278464314,-1.6415527601051771,-1.249034295826106,1.1009001457264411,1.02119491225743,0.9418013467817078,1.021557890721529,2.105846339436944,1.8325900212630024,1.3924333595070328,1.9107293152198064,2.3699761631352194,2.841053210811875,3.5309267221413085,3.1768254488990593,3.751387507342607,3.1683719958861927,2.8237788577845793,3.0446256122738307,8.312697292542715
-10.086803504754803,-11.505711318380046,-12.662992343929178,-12.741092896630395,-10.694806491137285,-0.9552051104344125,-0.09049197705437204,-0.33775630708228344,0.035537088611175244,-2.5881701928172056,0.5762179184049965,-3.7600639961381668,-3.3478538565013025,-0.4843757481549006,-2.663884598984371,-2.27048729469049,0.9038257197538123,1.5947303396787933,1.6651914788541775,2.2646883714402586,1.6490032313632796,1.9771341326154563,2.5855276860879046,2.41549181533966,2.0665178199895293,3.753396881588422,3.8638881326771655,5.483443415294191,3.1641714015740123,4.209089206558304,3.582405240073676,4.095348199844676,6.735667323463945,8.229225324737861
-9.896280114995772,-11.680449158179599,-11.722058575238485,-11.426137194070513,-10.354336023295415,-3.355907708858372,-0.18531900303982318,0.9677396813027167,0.6033953215625116,-1.742367318020253,-0.831139508046399,0.8952831625950779,-0.05979913942285403,-0.8260969027939429,-0.7233710744348824,0.2333405432516819,0.6724450358796281,2.063034930135816,1.8148517593081066,1.6442316415255163,1.7902855921540162,4.5889084956648825,6.2769136337865135,2.3527640152705875,3.802093981332599,3.5715556513580373,6.397042211712952,3.744482185114817,3.099339617282822,3.65314492414815,4.385338814903111,3.2829827844805592,8.388210447632956,9.791991339388476
-9.003419354144572,-10.010510783471226,-10.891054837530977,-11.051944870004045,-9.849287243239502,-6.623833884036578,-0.5763914231933464,-1.197196632351546,-0.9082885999263332,-0.7623837160969086,-0.3159690460517235,-0.6534812311537456,0.19096852769404002,0.6146802910124185,0.80119428128835,2.5861384662482085,3.1127044541417113,2.0225419510375358,2.022968084584792,2.0630420755674725,6.96840855800333,7.3276544738912746,3.3536435190779894,2.5742257344610455,2.9214175596327085,3.410921133656904,4.168058216570746,3.1955022147454817,2.6439267732551572,3.069025761003409,3.8883302933530612,8.549331533672804,9.67970283974249,9.869933633911893
