script/wind450m.json
{"header": {"parameterCategory": 2, "parameterNumber": 3, "lo1": 3.000054539987559, "la1": 64.9999836372058, "dx": 0.5, "dy": 0.25, "nx": 34, "ny": 52, "refTime": "2025-11-23T12:00:00.000Z"}, "data":
[rows 25 to 49 of 52, columns 0 to 33 of 34]
3.7795375222848624,4.431586279406489,4.137299677921413,5.219458262048214,4.576625344163783,8.170049142345867,8.71170111361323,6.07065321913657,6.503241120807222,4.063711285876394,4.353933739372086,5.732679476127266,11.048768366060996,13.849449010550492,13.938519364880285,14.322387407049405,14.09793069031264,12.803127597001321,12.08409603488874,11.705991073746999,14.06139075110719,13.891602869786757,10.63387047164177,9.87641647419735,10.795282163571084,8.25340433753603,9.571506566061478,9.002281663213196,7.253046887134811,7.987551418597876,9.750944582820013,10.77922330793909,12.619414094515246,12.41989117953836
2.6181713843686447,3.469951441738935,4.016362874023697,4.206706934549015,5.521088951899238,6.01690214576815,7.397118286570146,7.375104463521908,4.506730636453515,5.690395840509748,8.899304813065031,12.22309683052016,14.87014629744834,15.741144883728957,14.566137859525941,13.679523458550827,15.003433667538857,14.071119701406593,12.346488023867702,13.785725467091453,13.788026195520022,11.431069846151125,11.774319550100316,8.776032803964632,10.63535295319144,9.05655542601387,9.180484351473051,9.441715790818785,8.450325094720707,9.106568010709092,10.488012608446716,11.945246508209157,12.43388085327033,10.676389511803604
3.081692725478702,4.411059010905631,4.864608295336896,4.0971478558361,4.38890234416031,5.848638188628197,5.299638389665057,3.4703645668478007,7.1978728978961435,8.456209491635772,14.059844289584843,16.4812871352901,16.399367683385755,16.219623529615262,14.756354707652736,13.911121089353427,14.958478086373837,14.192322830814682,12.826457037744643,11.34574330848257,12.465350940233812,12.412535941523787,10.45225260678717,12.07478411380474,10.46325166494971,10.288736091720978,10.932145154562097,10.211044051339599,8.51965058260997,8.810891570829728,11.141332611263556,11.84156670828987,11.986761054151392,10.627584394454692
4.490035021865096,5.331746155110489,4.628301733577286,3.6932282669687844,4.57156130213106,6.041124803125541,10.496427137163586,8.532562401605821,17.723390406273957,14.994131197289605,16.81498009409647,17.525350725090256,16.342965742823694,15.871959543584612,14.743924313147453,13.120385194800424,14.842379360860942,14.320942139795749,13.956568975177618,13.251262213275002,13.135971882601899,13.623250736816518,11.637873961288271,12.419362128811153,12.022971774815211,10.192747225041368,10.348096100535972,9.670246117453338,8.237890407103281,10.121172696132955,11.305575447630918,11.41242222579797,10.005133605088474,9.619693295248858
4.036156208699601,4.790512557254823,3.753198587575364,3.6993149850792477,5.693031061988548,9.087045641121664,11.420158669545192,16.89786478571594,16.730439675751025,16.96667914545041,17.829454775992005,16.399144586584885,17.019495725802482,16.80163154156885,14.671305783537107,13.985584815668252,13.985997976964745,13.934063718041303,13.641957041190357,12.683432510894148,12.767162921181018,12.267012722607554,11.823807017416254,13.156156658933288,11.934633656540111,10.420510882197167,9.695511987648933,9.792698700393625,8.906310360661019,11.342854799175598,10.626977692519187,8.762990843744726,8.183579780898015,9.047765408095538
4.547442152580796,3.732777453289077,4.045684754883252,4.672709733198068,7.770684680120317,11.729261502792252,14.641760153986104,15.846797206884007,17.02888221536393,18.227695550632408,19.6164716077989,17.132375849178974,17.59954028479457,15.696310668816261,15.723030450814248,13.355270485606493,13.251372652597455,13.267574805873968,13.307755768104471,12.106913654114889,9.805343962919448,12.303040209377029,14.22834940838651,13.01801347176506,10.900234930182588,9.622424694958907,9.254160786492768,8.874950778134407,9.241883584034221,9.841243211888612,9.505643333285033,7.455504079969916,8.589670395876098,8.490015517594104
4.470495492691527,4.9070645704778375,3.3664674287142984,5.470925887896318,9.060760975609957,15.57643649571679,17.066096987356115,16.703050741349585,17.726580786735123,18.61389193372345,19.258626690583398,18.061202663269952,19.227359270871453,17.03562295945978,14.18851417944147,14.01271459414071,13.248145193097422,13.928476648929305,13.221857558798343,12.567850247471338,10.291975010658474,11.4407950691984,13.20210362196226,11.806510575551977,11.449709019444478,9.958603016075802,8.955590608083114,9.182133536918307,9.765813273642037,8.781055685107528,7.996807030313972,7.386514240455159,8.495361746847271,8.035861117688357
5.510515992801876,5.562721767995846,5.961801902798672,5.456778837952772,18.069930585081106,18.531770095039175,17.163937474481678,16.965201263997752,17.615246888529075,18.927473881285174,19.196917809905997,19.558281855609234,18.15043412414316,17.12116675877542,14.603341854527537,15.1924331890041,13.471167435006933,14.632711954536479,14.086059153252952,12.903731763059888,10.948744515229626,13.959874019624374,12.219444904827553,10.77363234664229,11.042713506282976,10.410022864060096,8.646512169540818,10.207780979348417,7.966455631305043,7.776667800342092,7.70395148445926,8.5431966394663,8.715819675437448,8.092463379462055
5.197591789265767,7.558731791704886,6.924183361684573,7.201766894389499,18.531713829211593,17.913610059140144,17.049166435785118,17.098848665623137,17.57420919117307,18.199004547165973,19.740778957836387,20.122581539994492,16.53080335711467,16.029092729195497,15.136471786236099,15.846758329993378,14.960487004138868,14.840213000341631,14.008066961283268,13.362509144741432,14.221562732329167,13.659505348366991,12.09134120860973,11.48076770606554,10.638322213127365,9.358667505279287,9.132481937386892,8.433300221170475,7.75857748810936,7.722398078076741,8.023451875957628,8.935791631674324,8.419532629391853,8.451481861442966
9.171547702253232,8.392648858262703,9.0449775269877,11.751480636887413,17.724128853620716,17.86031077364582,16.91007327469417,16.51241281515771,17.94445237950005,19.163578347838335,19.752010846342433,19.75851293742072,16.473460797590015,15.677051189606086,14.731071889484237,16.12317348539878,15.966136813549245,14.542052663896792,13.928519045279158,13.682138208137246,13.812285264090873,11.930633544066948,11.761383448598515,12.179327117264087,10.056880799497609,9.989866962358107,8.51738585745939,8.362158926381682,7.380242535253262,8.71659908821318,8.913472868793683,8.189968262527788,7.648947411765813,7.848886777442979
10.023961931038066,10.96500342006739,10.490359621171665,12.324058443753508,18.135447973693474,17.440769252219432,17.104751420107267,17.106058966473704,18.148406104400358,18.731790125267203,19.049808249030466,19.439466049023345,16.678244282545105,15.070982367563136,14.322584318839636,14.242509424749212,14.414025892943053,12.86769910229982,12.550968582157658,11.332485965140794,14.134800125022911,12.10360651490105,8.863880561727347,10.364886385145123,8.753819266111366,8.286650561659176,8.211298301044867,7.192725962638235,6.325678770148246,8.952229921035125,8.06395568066009,6.3296399049754655,6.5925470789549925,8.341294280358222
10.538883550200795,11.191415345130181,12.730305012336544,18.557132331478552,18.90334270623259,17.303864088555574,16.88968099973851,17.108633750107067,17.920476854817757,18.540923161416032,19.018403528983566,17.951375053776424,16.72677244232587,15.176212153122604,14.894736846598038,13.622448191177245,14.689965168243285,13.650923116705055,12.345223504359343,12.167203025454638,12.490310292740169,12.133959789589104,10.297493183997231,10.286378723159912,10.01076935571731,8.63661103820637,7.186161108892403,6.544920501864137,7.884875859158969,7.736749213016373,6.203330188238183,5.782484617172925,7.233899926319906,7.071704277249917
10.29948814772864,10.829754331236849,15.923089668873558,19.641821250065853,18.889799889396016,17.430355712086474,15.818792132226863,16.247914868993114,17.540205221989822,18.43493280939725,18.47891914170811,17.429928137738003,15.92523543321141,13.663597255816311,13.462561968694201,13.499941589523639,13.729631729020902,13.30080157287769,10.783656531043656,12.028947168095996,11.169707893194117,10.751095781798849,11.483270694737026,10.402440127711177,10.27609150333677,9.004195605990315,7.740105959638711,7.224556718757315,6.73395733809229,5.712260982225487,4.968530554667741,6.1877411669749645,7.075374041152663,7.4603893133611745
9.248447155938983,11.469258643156113,18.01426005934548,20.38323530857882,18.769262132200794,17.275249821648785,15.696364634490164,15.533070552815579,16.488985161097176,17.62513610563083,17.427394756499346,16.09846215508624,14.937917770216563,12.401268305994426,14.551520943360241,12.7413118632178,12.059468518352807,12.380899132420724,11.943429376404112,11.71312725271912,10.441612833724092,10.104506256876471,8.968072711938873,9.731554794084627,9.879620240523266,8.955169902139676,8.067641191022146,6.927904238978192,6.12282216843811,4.984494108387323,4.789854305319014,5.522460910966701,6.902572946203069,6.936393807432833
8.840281306527036,9.773170499546143,20.46759770747991,20.655253608269504,18.82419989792793,17.589202291130132,15.961771440142465,16.461131432876744,16.52100106566554,16.221699332804516,17.09941651115733,16.065355931846135,15.073826575898478,14.644558411917712,14.139867805816479,11.809287675711612,11.25863736129662,11.16299602934773,12.085384430066698,10.434046027807964,10.288758120174348,10.845094736531388,9.469080107360254,10.17971870967914,8.965466742123834,9.335430647038415,7.601859769470225,6.188322044687788,5.02949401462815,3.7388386021206252,3.878188702991663,5.743574514960987,6.135495486413143,7.796265683445238
9.960851635120811,19.239347899054515,22.13289596706122,20.14079376521271,18.73265230748245,17.46128264972659,15.755252558839162,16.558073678678966,16.944244168075155,16.380787184247453,16.54359220698673,15.673622604790443,14.837555176091046,15.80858988644016,14.106021184700829,10.056661549332773,10.112288738729205,9.782367033259192,11.47525221384897,10.316658298272534,10.371751110542451,11.472272929082152,10.1740202389883,10.032504147214876,8.487689503962974,8.65348358371528,7.382657484169535,5.754300791382357,3.7005480781011126,3.294796039130517,4.589110661753822,5.701001432165425,6.867471857919529,7.845449817346574
14.487286538495898,14.951516610101338,21.720637860915648,19.395759236605006,17.911103406620462,18.25355981948672,16.5240521400826,16.93434163485514,17.015760424209464,16.672827395438265,16.01614931222998,15.236471269457496,15.137851501968775,15.301517930500927,12.354070324637643,11.188941496594529,10.120649342713726,10.482265657601124,10.674580246344041,9.521330380005663,9.778671737398362,12.572682220716928,10.81386917843256,10.550542702988498,8.50167789046075,8.204768656950096,6.814590932912596,5.171807839526756,2.7300774236692913,0.8677463649555579,4.890204941739268,4.695633081052863,8.671547914775342,6.863135974365731
17.03179378314715,17.83461034234898,21.493784417393435,19.583180129549188,17.940992743383276,17.64927359267294,16.66534001503543,17.03699214450198,16.92991259391748,16.965086191248027,16.24947792716004,14.92076728644274,15.374815608739922,12.882906337793829,12.07477975283891,12.404967144381644,8.744813057763434,8.949428237834187,12.777416481941819,12.464942486546528,10.761260887914885,12.804470848078365,11.445123720646436,10.815940297521434,8.866785927909559,7.801120259440665,6.246304972543234,3.952424084515159,1.4415763976393825,0.2906734944874981,3.3956122333010783,4.332666837774619,8.91134284208415,7.720561538304557
17.917409387517917,19.376289473430926,20.793833752166975,19.685678413116836,18.262587535239074,17.14149157046613,16.507267430912144,17.055206876638653,17.438844877025396,16.95377795061005,16.960798502363478,14.497363165265234,15.69243887283078,12.799065546645233,12.923908533372053,12.491307276491584,8.338505514369402,10.176954278185601,13.279996210172992,12.855492611610911,12.979121029950356,11.872653432650345,11.103338721137515,10.609120926952658,9.423417846314274,7.663746350249634,5.834717187213422,4.853937040490111,0.6063734483689623,2.576325069607952,3.913543696606562,7.415956449220997,8.09171350509584,6.395649143280786
21.635110273190207,20.700091998680808,21.307123142309727,19.899546218325323,19.42551255300069,18.21099087968673,16.641645357581357,17.079311535125537,18.058964484031897,17.143956104483244,17.704337820412647,16.091702096122468,15.393945277411184,13.899885741428882,12.571831741384079,10.823505211222141,9.678437815546955,10.458901770160342,12.41289220012435,10.97140869273934,13.341309951880296,12.864397827939955,12.584850386861678,11.60133369296968,9.935298098955277,7.945905024787794,5.789065755324061,4.814374396626442,2.8280221030707446,4.110756902616795,4.920970630186982,8.069228805463103,6.688745180646767,5.677164521459351
21.159442265939536,22.585227225411714,22.00736691505176,19.811512768752788,19.57607201390806,18.926330521137213,18.42192456555773,18.12077786546773,18.538098024653223,17.80921895142999,19.86739033538086,18.325066197661638,13.920537375048681,14.410857609026445,13.151127859795418,10.769074458201555,9.725394524356332,10.75281932471304,13.260914198848157,9.229179965628239,13.205925568368194,12.022432995169982,12.653806999716315,12.119633736391656,9.695815053900029,7.059939025799894,5.9062408816272525,4.151308706746487,3.4253858998312743,5.058611458072946,7.00105196429356,6.660787719982068,5.725712505511696,4.890853192926331
22.127791693349586,21.438485130175767,21.072696817869264,19.351509995050105,19.556100870176387,18.716463659197103,19.040752606051832,18.828502848959154,17.711030399742985,17.389704714730463,19.55150006302917,17.395829376926624,15.868167159310019,14.506493279475738,12.477477635157033,12.348924319205306,12.515056709115687,14.424402883668318,10.563087778215515,12.072600595231224,12.450947921137193,11.374657191543045,11.604965611053627,10.883968807589163,8.365576134803957,6.879345777779252,4.865772814921045,4.092125419495488,3.2285123915734695,6.249747919938844,6.078930071949057,5.143792532617983,4.672724595364223,4.209492493425277
20.304848931264956,20.136906176360537,20.02855730143487,18.172538891331723,18.5368953579211,18.910615781518548,18.0806092066409,17.213881669051425,17.348005364978082,17.869177805276784,18.787322284948736,17.303555613635933,15.968157745342126,13.906893371724019,12.904512968490275,13.718442969044803,12.200322199558702,12.199593002915641,9.171819583469746,10.935287704430863,11.198233722033985,10.36216012098518,10.062440247565785,9.044231955467998,7.238752891425208,5.404776680436819,3.7472334939727308,3.3738354013396843,2.7390956726237574,7.1240362360988865,5.01485732629076,4.0867387245721565,3.4560866374459156,2.81676615365542
20.20752367710047,19.60251453473202,20.472829177522343,17.742598303255896,19.188453613466177,17.90252355631089,16.959763261449513,17.295724993878657,18.26960135406323,18.739048824311702,18.826903828552645,17.73762779561349,16.006212480571644,14.139652991498302,14.656856550993695,13.016574748466018,11.655673611119633,6.679763150910169,9.72787964936778,10.75534393154222,9.518797365286723,9.981945227210433,9.62718034279545,8.233583622112038,6.886957716740803,5.854145261862223,3.6435376047500356,2.673375030181626,3.2523777907062086,5.795559843635568,3.874560236262253,2.723000006012644,2.1018474968297505,0.3661698858865795
21.83347505833126,21.44046595277365,20.769869512175724,17.65505958280704,18.903533769438855,17.59566484160765,15.620505536495212,16.79923594460867,18.106569163398838,18.772960017021983,18.46865907806869,17.075202980416574,15.885399781261807,15.101956946141442,13.531581786751946,13.828631704638768,12.405153965794682,4.195974009291855,10.416207289900624,9.100632464812573,8.220952372694468,8.946426887095578,7.99260192551812,7.003792382754142,6.512648285184078,4.957546232174567,3.519155644001427,2.7906452415041243,3.9121814396188417,5.163374338233525,3.2838951171561535,1.8262077279280746,0.5855514671056314,-1.3865676271949803
