script/wind10m.json
{"header": {"parameterCategory": 2, "parameterNumber": 2, "lo1": 3.000054539987559, "la1": 64.9999836372058, "dx": 0.5, "dy": 0.25, "nx": 34, "ny": 52, "refTime": "2024-12-02T14:00:00.000Z"}, "data":
[rows 0 to 24 of 52, columns 0 to 33 of 34]
8.596061321309433,6.975026928491993,6.073269282538623,7.584809194045797,6.299872854521911,6.814737475164954,7.372004495134212,9.223227419345418,6.163159109737011,6.4140152249478195,5.411700971393784,6.196726925947461,5.061573410977969,4.762610692632119,5.277836680776579,4.362361341482663,4.404837466597601,5.525828953613167,2.1535776695109496,2.046825190720472,3.2816551333323147,3.5839702162497673,3.915970948827925,2.972282712549069,3.264143997951358,1.0228809598783075,2.040825297718445,2.6758617656246404,2.6205872938248644,2.4702209900704823,2.4781779326756284,2.0594259851966754,1.9500317201637007,2.19687723165856
7.638563910766252,6.098833825159696,6.621124866182271,5.628397753035052,7.500711880334204,7.52033764350104,5.017959344188041,8.141647373414656,6.570424237367415,4.005422506531101,5.935919311809287,5.908164552067833,5.741337841196323,5.064737364557827,4.237547033622469,4.788338281016066,3.8080169157681802,3.302182519269478,2.1675393271247154,4.497543303444202,0.9447658041101761,2.1915695967999604,1.6683155107844423,4.536769466395095,2.144546221855381,1.5775052122617612,1.8411623295926813,3.6448242315084083,2.481762385969693,2.6238876986253117,2.347928679694501,2.090882223339491,1.8264965688228303,2.4889750114932028
8.214115858355242,7.509721121517658,4.9151779792227455,9.901613147197008,6.6317656036792165,6.667719179523467,4.310166221367563,6.870407891429302,3.7115783251971934,6.327672535308871,5.110901301749456,5.672278583597419,5.0228632317785635,5.293230328540213,4.269110007335958,3.852222291063353,2.0906032853344847,1.583965430369037,1.490562755901557,1.776313686360867,3.922312460484892,2.6236300728994415,2.0956264467729584,2.8677934073371687,1.9506641155507145,1.4725280655671567,1.2449234683454524,1.7725067042370797,2.1892712899965714,2.196457827253776,1.9990356035268402,1.6803803918721525,2.21986902456316,1.9018348648273788
6.682565910038266,6.9996204885140925,4.71503015667369,5.398463357679835,5.215025878351753,7.460722253934262,6.00408050036521,3.6405892294966113,5.80180589588856,4.081366185731124,5.1777224267248405,4.636078972036251,4.01412877922568,3.764760148228756,3.0322951020594733,1.8794739846706907,1.381880140944781,1.080287128646239,3.608979473503334,0.7330739636649399,3.5113704276164954,3.5030054137015956,3.5733282994389612,2.2402813509810406,1.9248954564469243,1.5947676230945398,1.9123252302678782,1.456900059468839,1.5209149133900866,1.6062805820176311,1.6173434009435017,1.730887514743149,1.753433502398154,1.6577875595711895
4.714060958279419,6.416406444338516,3.6014096964113977,5.155858873755739,5.311665622014079,3.4860216753800435,6.356275004601228,5.564954746348628,4.081358096632709,3.944078508439895,4.234812678429502,4.2622343855191405,2.6007148574409538,2.801156658992596,0.9502779042239378,1.1451931791429357,3.0439443507286597,1.5896707273983832,2.226711616533816,4.0368653237132675,2.522199863190139,5.44195863635365,1.2048611391660988,2.1687159199524073,1.5369413961680722,1.4925307015539881,1.6201260296768218,1.3739379418442605,0.9812726861942254,1.387312923562126,1.5643910437723068,1.3686719032989159,1.458260119324951,1.3244287303175162
6.276697092296198,5.537962634471568,2.922226160317636,5.17565009866497,3.9459252629823536,3.310714233271559,3.4608741431623713,3.6736733689350713,2.617716436786131,2.284878499328202,3.598502832797406,1.5820871712344098,2.4489389405503506,1.0536284723387621,0.38009134984370035,0.9569071999128681,0.06628438956865894,1.42902325468523,1.9485124910162401,3.0460270599980084,1.2672353409743395,1.7651864520029863,1.6479173789778259,1.7019851365407568,1.5379837776857552,1.6091821480215323,1.543185902963385,1.5312264089022287,1.2958741794655213,1.0323010214461834,0.8180742707576042,0.6989643873777188,0.7627153949941953,0.8539688727446713
3.8500811829572528,3.6812273312211015,2.4192111789664725,2.863011120641645,2.9873674449048635,3.0303991418264973,3.283466817223591,2.1167110441129737,1.2353863109873802,1.5402683549019016,1.0717718745980351,0.2321021922378348,1.5449622529189815,1.2553074589492268,2.049405325997732,1.1857242989518233,0.8163143628077505,0.3709181672841696,3.283773831514522,1.8975216025596406,1.9603073392272623,1.752474899670904,1.559265743654353,1.1565302750089388,1.4178434747643427,1.2985146452264964,1.473772160265083,1.2565209131811796,1.2361960354289456,0.8621833646626835,1.6833679393514307,0.4906407019983003,0.41374094155093083,1.0524073014297899
4.139059158769569,3.166362045721262,2.771723188426143,2.410476216294177,2.213789331787951,0.1941435847735323,2.0978115733666693,2.088461504425111,0.47832527421570836,0.4902254668794617,-0.42590425430545203,1.056558792992078,1.0351227462518628,1.956228105982638,0.7544887518713,1.0845698708905684,0.06505072436803867,0.8151353162514481,1.8835642510923811,1.1081047259627976,1.540543733540486,1.7639310568375393,1.6396755851628335,1.9754458397013024,1.370276013211346,1.1260943251315008,1.2550681021769392,1.1457837902807149,1.3087942565733015,1.1578941178731694,0.9051621694343877,1.036557543868791,0.36769760418623554,0.9651728884007342
2.3127112889207027,3.10608681886989,1.6656593375407112,1.6690592688247257,1.9055155537424995,2.159896457396552,-0.7640262365611495,-0.6183365653262589,-0.9625034552086038,-0.34419424922151787,0.5532118211064507,0.3639414873031059,0.4248360441642188,-0.2608626387808619,2.2521229651292223,1.2164509249552828,0.9349539436532406,0.910306129059137,0.2777475711389912,1.2749054063753602,2.7817285091209856,1.2820685061215795,0.6709038756635026,1.2237856163764878,1.294988942510827,1.1335263857956859,1.217199403314722,1.4082747951887913,0.9238308753998995,1.568365943036046,0.9146497912374765,1.5153229729130215,0.061310205352038405,0.35517037543287394
1.1388728916112143,1.044745045462245,1.5292144979985727,0.8814812304294206,0.35670446905333597,-0.9945221659805286,-0.9792285804931874,-1.4741360401643286,0.06154894297081672,-1.8327463451072965,1.0066187995692382,-0.6885377486197081,-0.327968760868891,-1.1582967013381125,-0.1166181004748145,0.3503512387831408,-0.42856992130240695,1.0089761630692795,0.2148070268916327,0.13206919763929253,0.19473175726690095,0.7394503734472566,0.2913272717288448,0.7330306430764709,1.0496942986031,0.8799542211487971,1.0637464076574432,0.814983348022199,0.6512633893891483,1.2315531374727937,1.997687159614624,2.941813474439142,2.517694061908904,-0.9489680648729597
1.3486797103215549,1.7581013294127084,0.5147565071760439,0.9689436794382646,-0.8963229612668955,-1.6451159352548759,-1.7707122803714734,-1.4819935473645385,-2.0309922595778196,2.5806357511845617,2.351889995240186,1.8634068134659543,1.0325334297085424,0.2510404350360289,0.4318894234569073,-0.4951522814227974,-0.21417152471564888,0.5573496380292066,-1.5136806772690687,-0.27992165152487536,-0.16736980273926966,0.48671225641897575,-1.1504856409446413,0.8995751214427988,0.3949840363374687,0.5098862617760012,1.4526033292600735,0.655579150389773,1.060837722827395,1.5611799395293713,2.973724810638612,5.018460036753146,3.6926196775859297,3.029832083810421
0.8756186365962161,0.5408025854230656,-0.9208264888014869,-0.7128255597267052,-2.228382816694482,-1.7475054405178485,-2.9299818211364763,1.2332621229037866,2.380364029346825,-1.4691842701972864,1.1771389227612254,-0.389343875383119,-2.1231030312402126,-2.0350399034339786,0.023219893658816933,-0.3644435700061198,-0.7194122466879916,-2.6521733781689014,-0.3719791551008855,-0.07182724929805463,-1.2506179044185488,-0.903646010234054,0.15565606293219783,-0.2649388573041566,0.7380273215052873,0.6469714865806033,0.7151095794938066,0.5970380446336903,0.5674909693925206,1.4906040286875448,2.4841061387230017,4.59725248857839,3.9364046757357682,3.1260097490712733
0.11913950968314985,-0.14571882376128115,-1.8630422696091085,-2.4719040202681426,-2.8915816813118425,-0.6143048250891502,1.1735070569533015,1.7719951188121508,1.3912816819013232,2.781034439915428,0.5962741945231408,-0.9633376880463521,0.7754067139842846,-4.506111128932752,0.6174946480394985,-1.7566702938800798,-0.6412250664218957,-0.8439245057078579,-0.07862546700853443,-0.8467703195487934,-0.10591858595131931,-0.875916930276159,-1.0407802579261964,0.4312535508539368,0.2836051978735884,0.648613928574775,0.5861921523592387,0.3184244027729954,0.7479194463909384,2.791927975453592,3.2187415326377784,2.8495640527574406,3.043745703148275,5.314872721739357
0.5333956233587842,-0.0035406258974657184,-1.6273007993169764,-3.331767788949461,-4.023465951086019,-1.5650158371414298,-0.5128091539168336,0.9076395314164811,2.039499390454813,-1.8140620824800844,-0.25175264459438346,-1.8660679837851872,0.11913761660528842,1.9952469075183699,-4.496706953572453,-0.614284964338776,-1.533960343772492,-2.413927234009334,-2.6666045663867934,0.43653845148858966,1.0110762384398233,-2.4955711468716304,-0.761452237852822,-0.4520043467300365,-0.07976504190465471,-0.3371038853595283,1.1438714116219373,0.0994670327579965,0.9311275380743974,1.6962785768442985,2.8803969923550383,3.6662461014874204,5.7990632681019525,6.074724153537818
0.4276330858392634,-0.6985354191979997,-1.7552209624495818,-1.6654374667947365,-0.6318385145151543,-0.2106935797328146,-1.029592624430696,2.3032695818531717,-3.3327654572563223,-2.959033439242035,0.09237366890145246,-1.2718025549041752,-0.6719147610890099,-2.189604490643565,-0.7873603557627071,-4.608401359409504,1.057170687915654,-0.5511634515018574,-1.953325877371407,0.20794781057173373,-1.1657029386009827,-1.4350836095547155,-0.9864225430576009,-0.9392906036043319,-0.27650593742712104,-0.12814543221775446,0.38366308852599273,0.3548264923626834,0.47897445795986354,2.638864370051672,4.498659948312879,6.255197434631777,7.179462676944059,7.9604009096724075
0.16339737014407396,-0.9804173473192275,-1.7426103204377097,-1.8426307984921295,-0.05786366621755308,0.7508884461852064,1.3052972039852193,1.6797704998209675,0.3879139316083657,0.28577508898704707,1.5511146209952063,-5.6757041238162875,-4.594501439555933,-3.0355872935546566,1.0231199128185688,-5.812763678409646,-1.1962060050037557,1.0638136006480412,0.006215110831513282,-0.44978690831201207,-1.0610473693513505,-4.500039438372124,-1.018399323499105,-1.945233168761262,-0.6052739879885704,-0.5916687524913975,1.5954061157948272,1.4947342048969785,1.5402411426331222,3.066815011646022,6.123051001199587,6.905143488122166,8.326657900437413,9.398373104740587
0.0574674758660226,-0.06598595639791745,-1.723301809978306,-1.2161370219629277,0.8230334103437739,0.7271577201420937,1.8234216637792797,0.8924994375619847,-0.19575796204365759,-0.6439224230239523,4.01492058179379,-4.022264135866798,-0.17299004568122284,0.4635113220608376,-0.17296540826429072,2.4367181882309796,-1.7375955953252697,0.2983178207286054,-0.33481103184808253,-1.5232287779250873,0.1964251146924082,1.238236653448672,-0.26641897807079146,-0.14939081232106413,0.24581618550522674,0.10457728528460862,1.7131343252320106,2.050045577364932,2.0187980534470857,4.171326571609489,5.841915550184996,7.40850878260592,8.579431022057152,8.743817072457112
-0.09714669834743146,-0.34586031339176926,-0.7113377190198489,0.8915545906186376,1.7367663855182331,0.515079151692459,0.3705121417138705,0.8168254697603758,-3.9276914256063633,1.1787343258606513,1.5368154110754473,-3.758052836971562,-1.6281592883057312,-1.476182966009526,-0.937444050275745,-0.3501333911622942,2.290091007181181,-0.7707846953086243,0.05911121524059272,-0.46208798229274567,-0.585211786080276,-0.224885072539465,0.4937068467879897,1.1969961306153865,-0.6285408041470948,-0.5732490847349134,1.2015103815424562,1.0608805813579283,1.9410947653472015,3.942375215643191,5.756822819657305,6.104203844257487,7.678134839013285,8.030264015284441
0.21327735910067785,-0.18068147914755942,-0.32379255428283216,0.9461501947156526,1.785570700591075,1.9343750235732187,2.427031775155699,1.6529707420851476,1.380952493677377,0.6886505252447785,-1.9683292448332892,-0.802507639455172,-0.6929721842801985,-2.9286666345774286,1.5186412817406647,-2.913829140410634,-0.20446395182574997,-0.008539463855582113,1.4148852985625509,-0.17943077077609376,-0.4754819900314967,-0.26255023309148506,0.6756826050194782,0.37485394461673227,0.21392496030362887,0.6706544608423648,0.8814382710230416,1.3090252393865485,1.1407849231510272,1.805574814330531,3.0492860022965655,5.862219643634534,6.580032224917173,6.988336422509152
0.5855018065267287,0.2329307120416905,0.21543464089655842,1.697205865315876,0.7531879684059901,2.0646995419405783,0.9660164342961317,4.418505376758095,2.682681270357261,1.1878814456146725,1.453755540628334,0.9252685697517269,-0.3261231103267126,-0.43830279072138056,-2.036796731029005,0.43621569118826464,-0.06892644583456758,-0.20623332514509457,-0.5380806734257192,0.32513900670881557,0.22192979179963157,-0.7486347645612527,0.062163211683373715,1.117714668632785,-0.045790599744848906,0.19364055129659846,0.39164308682452376,0.7844510932043633,1.1416852305764464,1.243870819273089,1.7852677398495895,2.2329399453786762,6.42851514887474,2.8213427410649317
0.8971860963772005,0.6768998618649354,1.0474819671728872,1.895354796495059,2.3975787970496416,1.979593868723499,0.506657117184126,1.4318549186579697,-0.4330394234649116,1.6077950712736844,0.6992631494329747,2.353885787929153,0.6248867359542548,-0.5978039618275712,0.25839571828894786,0.4363161931417107,0.47871266312973715,-0.6576523146207209,0.10323567995285153,-0.08077130490093942,-0.6022121989718537,-0.0995365803767115,0.19329694033170888,0.3317944886909428,1.4027004691102904,1.1277835676031212,0.9894904010863349,1.0650904758362276,0.859097426502437,0.7487304384037835,2.052578852614853,2.1525933473978642,6.66224746596118,6.319752406029009
0.3399905572649533,0.7581025335833966,1.3182042431660272,2.282015082786185,2.6305524430760174,3.1016941569023526,2.1002769994968102,-0.7132353685330676,1.426514163399385,0.8870197328444928,1.7573341309635035,2.726340427805855,-0.44032156522626115,1.8810773515339994,-1.1801586878666244,0.1755793674115382,-0.06397543579354835,0.19299256874411652,0.7434825933846868,-0.8641665211885973,0.1098125419820577,-1.0355457149299918,0.39423978529797254,0.9752445695430991,1.0983255948869832,1.0637009730656184,0.7363555173106255,1.0818944628667024,1.1052857653428638,1.4220792043455897,1.6189294337587654,2.4351827563284623,2.430063364421346,6.994474754978941
0.35298862765843547,0.6910496903842394,1.7661760125007946,2.571053873688674,3.3075027156903376,2.1360011689269016,0.8975265828796285,2.0799027370598973,2.9190154198036686,2.769510932583749,-0.6773694142934015,0.6495627485932566,1.1374306506415137,0.6189125290061016,1.4648911095856763,-0.7546111292540202,-0.035317498513058536,-0.3615134182469301,0.38843808378206696,0.47187555636448514,-0.5822038834708271,0.20327536109379063,0.7694619779807755,0.09809060810677638,1.7906956150310516,1.0822097793716037,1.7723354599061347,1.8316394032393577,0.6702889373205441,0.7433639129610009,1.7451224246761938,2.640213346737338,4.855163545904576,7.464175960121537
0.24547941272064186,0.8855468650404319,2.1475019612004007,2.913854576548025,3.4070927179167043,3.3343501686997716,1.7987722810301243,2.1541535930120537,4.124838109513544,0.05846524754064725,1.0053312198191242,-0.29286292352476173,0.4456970137976476,0.7891653449658542,1.289711230895026,1.7270782311190642,1.0310344797915154,0.3316790757983987,0.05731191331998215,0.4816463977490056,0.520032971966161,2.7004801474774207,1.3100379681586516,0.2037841911133098,1.1220403360106852,0.937031000777446,1.632358064117863,1.5080961035954685,1.4173144734264462,1.4141994459928424,1.6524630528428805,1.9201654499545475,6.490264508530416,8.399037574197894
0.9638024707954372,1.0804980671866669,2.041354219969434,3.0675601840362448,3.150794916645523,4.130039917282452,1.813491515437124,4.918248531472435,4.9609553083798135,1.413708031946678,0.7004820618940725,-0.6890851564106878,-0.24203477504472765,0.9170933489541981,2.417122075842255,4.68976435144775,2.959796757891395,1.8912219064340687,0.4020629101494575,0.23485030007961402,2.98769191196872,3.1921587852243385,0.9639066132304283,0.7892555767304998,1.0578813886610055,0.9364119055897688,1.9643293817153291,1.5603456503457334,0.6352185476107521,0.5092088906486606,1.543257675685479,5.8821277028860095,7.173328991179157,8.4075327990613
