script/wind10m.json
{"header": {"parameterCategory": 2, "parameterNumber": 3, "lo1": 6.000027932988019, "la1": 58.9999434238085, "dx": 0.5, "dy": 0.25, "nx": 22, "ny": 24, "refTime": "2024-05-15T09:00:00.000Z"}, "data":
[rows 0 to 23 of 24, columns 0 to 21 of 22]
2.8370113030021797,10.437576840441038,2.6764794580063205,0.797019288592407,1.3206217724582425,1.3152030449707934,0.8571863258639016,1.0155337522168024,0.2666806297636213,-2.365997953170038,-0.3997004052465903,0.18557230693228627,0.6275081641090458,1.8930335049977025,3.1965366308943914,2.5508582684853947,1.6457895814882628,1.9268987949178473,1.9663686916477698,1.8647974513353007,2.0708119194708,2.390664794738295
4.423990124818597,2.0052657672362804,1.7547439279156165,0.6201531172039502,0.5611480629135048,0.36883472995799116,0.47234064527960495,-2.5728836415962837,-2.5991812779244254,-2.1646561221485108,-0.511870287634132,0.3659873699310643,0.8390354752825037,1.965562056244303,3.03042023810999,2.5875689927520593,2.3040460900002055,2.0680731004744324,1.4611635559385143,1.750143553197741,1.830592405687009,2.015218457836945
1.6399779113790292,1.1166772408112349,0.7114228532176278,-0.31763224935657713,-0.35458593443152386,-0.09965261180645824,-3.7404868254129595,-0.22248738469776955,0.23446809625924375,-0.5205090092082213,-1.1087414347777997,0.8944593451862751,0.9674505549775955,3.209088067075017,2.6254623617818176,2.1659323161682162,2.3919656379643235,0.15152676588227,1.3294593728950286,1.9709690373109983,2.1361718047961893,1.8815117804691404
2.081785602107895,0.5414658185749854,0.06548450218961811,-0.4704713264772369,-0.49069688814262197,-4.628136662147912,-0.9617132849693817,1.234645031769709,1.6596651965368217,0.5341356781522776,-1.0566827717470322,0.5284082427925457,0.7343617832286384,1.2051986450621317,2.409539744720777,2.1806700031158934,1.9311295767849204,-1.8504608440873351,1.899457140871098,1.635396892058823,2.038375772865958,1.8020831897097487
2.7970528946799305,2.217479478540716,0.27969999560191583,-0.6857191653150486,-4.732636812534702,-1.8669687366329075,0.25210925989438104,1.1010904911560195,1.9033129305757328,1.7668243217709547,1.095849914707217,1.201319500018884,0.8884185545402226,1.3306185750093469,1.9569758887904134,2.155098533811425,1.7679950898737518,1.8861973979372695,1.6007227012820102,1.7671671597886216,1.7170958505193359,1.7394554334836183
-0.14257586326972402,-1.736029060690492,-3.425790810872701,-3.607378925051189,-1.3882848337483802,-0.5130681971649669,-0.5998590375231763,-0.05669023298856718,1.6628629791152387,3.4839738306213004,1.0521183464058625,2.090956750681115,1.0741184605673788,1.8499215397693338,2.08301004709234,1.9165790824836295,1.9605246405825758,1.608445131968721,2.159268110948485,1.9403110340755803,1.7557202517944335,0.6990312952703032
-1.3180607639705828,-2.3871816799238497,-0.8904840432910136,0.13024947149992747,-0.08630188286250283,-0.30418768406737984,-0.08284838379963243,1.4138600011233848,1.7896351430323407,2.563872564181184,2.0065447392674827,0.17363792161634195,0.7778657016362492,1.3590126444576844,1.4458587374106546,1.614175826383939,1.7568380240360753,1.9985540566047,1.7062349582442513,1.934810610666018,1.4851098489109347,0.4622046841338807
0.9145171730321058,0.3365218400296786,-0.25352781718992223,-0.8993577580389576,-0.9596981202066039,-0.6084458203887041,0.19534369176898989,1.5271981793733076,1.7243562262688177,1.9401073718164996,1.841875692221486,1.5714012709625336,2.0253670871017735,1.502932308986245,1.2924716925129471,1.6079399738732516,1.5339829076333134,1.6051277171802354,1.749862023311078,1.653880604136245,1.4818866096392895,-1.6222018194320174
1.2665832646239394,0.9647140316971119,0.1664733490648626,-0.7306073121303324,-0.3790334783734428,0.6196888944937662,-0.7489235219880095,0.25499064032845675,0.9217494491791797,2.2135407395400772,3.073260228079268,2.727154702671467,3.676959655804105,1.4287134065821117,1.2339172686303501,1.5171492034317726,1.8996590041871442,1.5468180091308845,1.6548845679647055,1.470992826467858,1.3982400339513927,-2.330909102894953
1.4140172189746798,0.8640555784006856,0.43292140024744996,0.511565283275258,0.6732231717753965,1.2074350975698798,1.153870185144846,0.8738296856618762,0.43734373097517115,2.540395780846605,2.650298541949202,2.187189417055926,2.6001831814914884,3.6652768837253693,1.4233760305121723,1.366812841891292,1.7123302305675923,2.0040926122234293,1.3459269088711217,1.3021651822548983,1.3942917988198893,-1.4029212552079147
2.192212264424626,0.885060888773567,0.1720504986925671,-0.684011205370093,1.3576846226679304,0.6497241983528119,0.756749065382746,1.2190445802173482,1.289533552261148,1.93576173093565,1.99081986315474,1.9655522567798425,0.6232419114274924,0.08328393297469854,1.8514656648632304,1.353815023626671,1.4660756395011725,1.2709464795963559,1.1480090155543101,0.8843140706799754,1.0080156995023595,1.7030654747816427
2.543523885413773,2.300291168469424,0.8792714431276325,-0.20707342425531539,0.9857866531121183,0.6641582664687576,0.9967150629746816,1.1441407339156149,2.037611296197363,1.8094085863980267,0.910813185339798,1.3149901897783374,1.2997928283228295,1.2402173515438304,0.8435158934636299,1.0588803183610151,1.3901437409716182,1.7126314915490481,1.0122853123656235,1.0498728697527964,0.5337150676433934,1.399157944248422
2.872939832921959,2.1620026585929053,0.8727509551907362,0.3159716206688647,0.7663225029878529,0.6073484535706486,0.6065020682127666,1.1266638868471883,0.7059521621542024,1.106559545101507,0.5300343996088857,1.6212716231761204,1.7176889593748823,1.5383542360246845,0.9120810850831678,0.12071738076325997,1.098536521088086,0.9310576824115342,0.11813579289711304,-0.35556186724461497,1.3371103720380588,1.846000459308996
3.0910504808799972,2.355672620933152,0.6557101294458192,-0.039367189168371335,0.1327516351599464,0.7379772219617966,0.8413614412326703,0.3549355304007002,1.230786064639878,-0.12970537751117342,0.2195864775828567,1.6322249165946732,1.6608664809643965,0.9028506932399595,1.1622282097543064,1.3899688581602083,-0.13427398303224614,0.032850314816488556,1.262378582350051,1.6885661740440965,1.9876802188427347,2.075939838472033
2.661178399379264,2.0345502415252685,1.470480749140234,1.0312022816099622,1.9804990389162551,0.882362954486439,1.0979287737898982,0.4709945998996137,1.2932156719664591,2.4331392934849823,0.9293601014343676,0.9058154042856508,0.8293848205345149,1.563141622206352,1.7887256965354175,1.3934532414414484,-0.04093003576099379,1.5140461497145425,1.8231551191816457,2.188469693258543,1.9566260460414087,2.1908507435875015
1.6652909856007618,1.0436460454669598,0.8215951259270663,0.34814294021075365,-0.42544945259390227,0.4650110026000731,1.3394353413410038,1.89349134862214,1.0375159841507593,1.2758361078601104,2.271761292803143,0.48410432903488787,1.74716962689427,1.0454530724054325,-0.4562437875960935,0.2598236357000698,-1.7416627632861708,-0.9941720569095347,2.624395569226154,2.259170927154197,1.717143577744886,2.0276208207681905
1.6103537628537912,1.4541099724839281,0.8437002452950862,0.0764667845578904,0.24907406934189194,0.5769564460328205,0.7639820792460539,1.7245495163363016,0.8851640120397217,-0.3061763955634946,-0.28487243223709,0.16071840363406448,0.7854661400816896,1.486116852218029,1.6467490537886138,1.6493535189594404,1.8428668267950956,1.6987561973186098,1.7861388845785424,1.7777391152573787,1.8216657873817308,1.1735089341200347
2.014317786843242,1.4884132639381806,1.0292456768818672,0.10261623806200663,-0.04739601210022668,0.2638668137044228,-0.07369698362033725,0.036706271088609334,1.2550431019541022,2.1153688220777283,2.088473674101082,1.0681789282131562,-0.15249603615182367,-0.0004630845497118234,0.726694692134812,1.187944975991659,2.0969503509004577,2.781004184491548,2.0180975848511222,1.9522723927386427,1.5881382470420855,2.1270727486418
2.711652590408194,1.9737928880626827,0.9105299331217085,0.15102936822397905,-0.5567712343465698,0.35366969006536125,0.18306570364054375,-0.7917922857756394,0.041034556224932364,0.7635594152419004,1.0787771903050742,0.24680402261921525,-0.7675244999752647,0.12071311886836081,2.1668074694259265,1.9802265741016472,2.1626995400995326,2.128890561946527,1.8366238693249939,2.23513947424652,1.846533101382838,2.3538492839625738
2.0809809251337676,2.3782628826311,1.6127772200983874,1.0629958075048551,0.41717669255351747,0.2592393360178005,1.178904578337503,0.5495825823155814,0.7605592382445724,1.5741742202528068,0.566770760409715,-0.4893144815942829,0.11078578975673477,2.196287291809038,0.8076027977535516,1.149297930793788,1.6029630537431512,1.1320481815837582,0.932615965669163,1.7464510121980432,3.4800476931803193,2.317283030106268
1.0019724503465632,0.8820127092063671,0.44778732182026215,0.6676515870157301,0.8486438842730504,1.8745255170177781,1.8907336026324009,1.3526883629721342,1.0781506864227268,0.05334432008222296,0.9480661323678715,1.9385768613645606,1.475796323452896,1.7890572075561004,1.8186749881913706,2.0057579501538503,2.744193219952338,2.3351522059576593,2.162861522719141,2.988447327996521,3.013532396190942,2.0946117444637227
0.7957491714169308,-0.0873560097114055,-0.5195283866119261,0.3949453743158946,1.4535310603392981,2.9273453702086347,1.6538729856575247,2.1552808594704067,1.2151282263535004,1.5432973459279542,1.3299617067580174,1.729600864706939,1.087718520521666,1.6347583549971278,1.7267986145307175,1.7685701643272715,2.629607517634113,3.4736276091407663,2.3637162105507357,2.235949730350116,2.554864614266124,2.2056320601602595
1.634114958080506,2.7407705367373802,3.2704777778241936,2.1075970557074397,1.7445408296062221,2.3942138378951245,1.742935901901,1.6213798957043655,2.3826697261033027,1.4962527757037147,1.6774785014391826,2.298259903534306,2.328186938746199,2.2528497155228813,2.0314595352257525,2.5938032301163934,1.8740087592645869,1.4014777188876475,2.7356814681179764,1.7299644875443023,1.763184099519826,1.674435018754869
2.8416742100329455,2.362123998229145,1.852679683391375,2.4309655248595483,1.7504427244559266,2.1292913024204596,2.1982700674102658,2.1007233239678644,2.001412963835331,1.5370702562040544,0.8505869242002219,1.9085985711341173,2.34814821548973,1.5560303970898368,2.0620430058236328,2.5866650136514515,2.412415538423128,1.5259613252892676,2.722824078965132,1.9957378448718104,1.494871998846424,2.8820057356936633
