script/wind450m.json
{"header": {"parameterCategory": 2, "parameterNumber": 3, "lo1": 3.000054539987559, "la1": 64.9999836372058, "dx": 0.5, "dy": 0.25, "nx": 34, "ny": 52, "refTime": "2026-06-09T02:00:00.000Z"}, "data":
[rows 0 to 24 of 52, columns 0 to 33 of 34]
0.4974598676662908,1.1263819821237442,4.061621813184465,3.2374336027838075,2.302596609484156,0.6099085170244823,-1.3827271422728473,-2.839725484216973,-5.84462430499447,-2.0643255857684397,0.0057733769130566956,3.0511095055792916,0.497869912190296,1.2743800603780224,3.6027318552699596,6.865176809516318,10.218364175458674,10.033925381399426,10.71853687977274,9.941809433810711,8.732985684135095,6.845343637253637,5.902161465432127,7.174553795297959,7.232341403828692,5.046468756204368,5.43631793300895,5.633502798869065,4.9898784114506,4.824341309461157,5.024188022494245,5.181684666437356,5.293450009471633,5.594990015164897
0.27609636915433466,0.8673100286846628,3.2038426697799607,3.9548730146576228,1.6467481504921953,1.0649538898001218,-1.0593891730132332,-2.7145964330990062,-3.5235619977312838,-4.894924112950505,-1.560383647886877,1.2492850354947862,1.6264686561606987,0.9238322704846398,2.9866294194131946,5.019979657691932,9.72735100800984,10.27417177285994,9.455620819008931,9.792779992656456,9.339588780406402,7.009760237761568,5.991139109038278,7.615023080934493,4.303659714644494,5.309413110851621,5.375117977999312,6.325472677356154,5.752985613875011,6.5690670345592865,5.833754006871828,6.514777260482467,7.019237064631852,6.958039450564859
-0.6655751370273242,0.8090184507525703,3.0404965341388994,3.5955087694704035,2.080223572686923,0.6794211633017753,-1.3070692046680614,-1.6171056139733253,-3.8643615094880794,-4.740282483002756,-4.425296370644339,0.3603969033202491,1.7488128557302498,2.1457569463052457,3.588303352562801,5.03398551320229,8.544010798700716,10.14809800709856,7.713938733592256,8.83666543465561,7.346507697005422,7.349049013548103,6.596904351191765,5.415820366662233,5.214703460687171,5.710614109069671,6.605284174939746,6.85979369067827,6.53693864505239,6.698677703688204,7.627994312873753,8.374297530177728,7.618599986820649,8.021475162353225
-1.182241958623908,-0.2141234514328976,3.078327908195373,3.9716064943252203,2.209929054228277,1.0444589012654182,-0.7433002337809639,-0.11403425813581966,-3.144764609441564,-4.144345703770607,-4.91854383396959,-2.231813566763052,0.7898743664541175,2.8445831518636933,4.797889388468369,8.867714838531123,9.086694375547479,9.713965415380054,9.42658823594536,8.767338613916255,8.556065283735622,7.690472444553594,7.29673131078339,5.765249849478731,5.607633720873951,5.847056735552836,5.525719991620824,7.314662531779413,6.927018213861581,6.652708899478506,6.938474441133013,8.595870614177706,8.248486358165575,7.910063897985697
-1.3994535054407964,0.2807453206574133,2.954175814061485,3.9663079044950686,2.012417177791619,0.8370969396719358,-0.5322842470129685,-0.29448209770363204,-2.554979052253274,-3.4246651274113753,-4.5162723568374235,-3.5522394830320896,0.4974021194273866,1.959477946134497,8.495809663663808,8.644559416303073,9.069604935023866,9.547739450014797,10.071336083744821,9.860485428530168,10.729103735098253,9.499092106236034,4.649879220514959,6.419116544925398,5.728960734771688,6.049164182453696,5.847595572510641,7.339087983349531,6.661471171106803,6.967570209657391,8.579295170613744,8.83361162882778,7.995577312024143,7.1328500636983865
-0.42771691605014656,0.0689809454259107,3.64202857838878,3.8194671350110254,2.211808834167422,0.12657382641707557,-1.4072820405873394,-1.1710931404341642,-2.524617747035427,-1.3738453535906325,-3.5792280716735374,-3.2058132106312445,-0.07138698588696701,2.6205694453016273,9.87651640217786,9.531910629632211,8.440707804831726,10.052848327219413,9.997811533863773,9.015703515550994,8.488362336782597,7.640256901896702,6.4143114186389525,5.713762445478008,5.638958241625909,4.830250119378635,3.8421456275976986,7.03890834111349,6.395759481271379,7.353492426097788,7.712831933095647,8.48667169614455,8.216981232148926,7.020749844158466
-1.8346301811866648,0.6572043635061767,4.035648978773334,3.599190148035178,1.5028706327862627,-0.3551944409060263,-1.2111341742712047,-1.8458238968977227,-1.705345454687777,0.06893103042819052,-2.5288375227853366,-0.6502051869588008,0.3577586676978848,7.763163359220497,9.903537950814021,8.691987229619123,8.014534853226978,9.24681292802017,9.583893029243036,9.190380475327967,8.69909252476221,8.50885764311823,6.807385102802642,6.24982977782744,6.328825361386248,4.9613477124799985,4.661929071706956,6.406926927697299,6.528303335648032,8.175475036716593,7.394837846261895,7.435937905308134,6.874083301871423,5.408454342593503
-2.2050759922290712,0.11440169909710489,4.128971819849243,2.540927187392424,1.9833660026115671,0.0788755244977216,-0.2655989309471016,-1.8834411874450832,0.30785858546262046,0.21178848438073902,-0.9600414613143585,1.9678441508882683,3.3546134879857137,6.53605797644577,10.414071037915926,12.753310248498531,7.885466003277904,11.058101784098492,11.705934970402577,10.511231096403927,11.960571663116642,11.09478755762066,7.482647081859734,6.971947066210963,5.625816158732487,5.002098564812996,5.4134662552437,5.943796898041896,7.5161827975758,6.927958433952303,7.422044351637126,6.723169134373735,5.812108031010335,5.562153203960619
-0.7419337985693147,0.8395059329650978,3.0231262258332077,2.809618548340913,1.602541278483645,0.2554513973930187,2.6623615935068616,1.9653039306131561,1.9171460991502758,1.1386651574625786,2.985162275878249,0.3444302444922597,6.645863336720413,10.68720070741495,14.293577307530143,10.316527596989262,13.322101437996475,13.57641867859941,11.042981611150374,12.262720567851328,14.10017827031727,10.838267355622234,9.306774553692133,5.378057197733498,6.0887806332989225,6.405182472975274,6.129629418401315,4.541500313745756,6.508933852758762,5.739245411297598,7.144319896316603,6.7614041689717075,7.147981271394085,4.970708074317358
-0.38578990149199577,0.6246842975625053,3.5826686275907167,1.5469467073669767,1.9738986900209259,3.729512466791609,4.190620831018816,2.3506359317601784,3.970844948150159,1.5099658539106793,3.096758390864594,10.97432440434015,12.170895255309729,12.750736693098625,13.260976858422291,15.873269283832652,12.42348999273376,11.89943465365999,10.383372635954142,9.482138758974704,10.89688617167232,9.015970253282491,6.003789429104946,5.141581731100587,4.977374298320675,7.7057291211700605,6.19886741818027,6.219480295054714,5.803973375013254,6.328096825110999,6.4633930303086125,6.062451677917512,6.343976555898266,6.271568634315871
0.7115706220126723,2.120307721129052,3.028378407086291,2.8960950778908945,1.398340308338143,7.034048944259771,6.416398655352116,4.265864889920767,6.06966621698097,5.216449679920539,12.425291206254638,12.840906769524183,14.863124883523458,12.378612372848233,13.76478469690332,12.232915620010864,9.609365436380566,10.282482659288405,10.410966525081252,8.922303507229932,9.280853228378106,7.124570025033737,7.942958334562103,5.402391037183509,5.009508278729016,5.10136700065981,5.2506887983365695,5.0351482603994855,3.714629158324088,5.697548703881816,5.6181024343522665,5.5739939140947605,4.542057953087355,6.374831853696794
0.2643000465972623,1.2252960479680728,3.490839512639431,5.2217939180834145,4.312706841687284,4.447016208740146,7.453679890018277,6.225325560221064,5.493017174668091,11.84120030264548,8.869880869202715,10.934300777501452,11.530010721549319,7.421626079369934,11.99114853182925,10.668979026931039,11.856805985403946,11.842688753179734,10.536214752572624,10.187897153050528,10.106646486714322,8.407062924605894,5.732548405069914,7.953102706927698,4.685202383311686,4.828168129593498,4.652395287075633,4.475507972547455,4.0792793037018775,6.0837241078469395,5.11371848751115,5.182938471577104,6.24127916337478,7.130588837005031
0.014092200163493364,2.1720418369699783,4.192095562279335,4.341406453150421,4.89279687063733,4.366291365531399,5.604681497058813,5.731709621808936,8.75759699858208,12.92110608854931,7.590981267134591,10.414785229145954,11.185646179102948,13.067531549052271,12.803386001895564,13.390959420526757,9.465611465947354,8.351990831839943,8.472143430890796,8.414996065379816,8.688222222203274,9.29623559769882,7.809717470988773,6.364112756083778,5.500815720193871,3.698271948650364,2.5545267930149644,3.038448866533533,4.799051341217908,5.6376996908550705,4.525097318642287,4.33873177510092,6.583808003669396,8.216834070694391
-0.38224450765897783,1.8311636824786153,3.326456258215332,6.085069413976131,5.142254158382485,11.299642632648434,8.230563040326336,7.365621586539021,14.37549726474715,11.682041359331382,13.282026932608847,11.73366032000802,10.681983629628178,8.149678879487167,9.684937563285846,9.820584236846404,9.841649147696076,8.429368933445636,10.401890889489836,10.595578613665952,5.948366248039069,9.049856357349473,7.677067630952278,7.0981823431619135,4.168856908983309,4.919183723722703,2.788354732292699,2.619670305151503,4.7157233725116035,5.141318606425203,4.826074899146459,5.798046898873163,7.344615736811051,8.758137276875425
0.2379308906630812,2.16781008550249,2.8323009239938406,5.4530262185418,4.8414767592529095,5.9657250057694755,3.3050982397174877,10.263812400970709,10.07769209676475,6.0584026653032845,10.04385959920395,9.690782585605485,11.760586515780513,11.718406468506974,10.640667390569758,9.912396802018076,8.388256862273352,8.280063153174405,7.883098169848594,7.946660564122371,6.9193479651918075,6.816314618753339,6.222084496272412,5.126200644133897,3.4422086699284664,4.847205445977762,2.5377245700443454,1.4350839255962868,2.7459907493700917,5.32586259153661,3.926966165624728,5.283890059558487,8.457366903188236,8.888253907883243
-1.880753009537831,0.529090429722553,3.858736842221196,6.152860950768141,5.305127536636818,5.584801488215226,6.036783589423983,2.8238099347775134,3.175938201863761,8.423926457445265,9.667988095448264,10.96073874898786,9.410499223319887,9.668974107633566,6.766403369471164,8.482411565692763,8.332387972685423,7.68868900256576,7.745375186072676,6.516061694155469,8.479443980302934,5.977492069004381,2.8539189818284294,4.0366671317237115,3.6802523832622116,3.8475147851856186,5.077013219702294,-0.13910905907223298,1.2616422954743187,4.945776760664869,4.415419464578627,4.941812988887172,7.220969436683299,8.330296689266774
-2.008860248151375,-0.7967891510145239,2.1210223002329003,7.2133943165509455,5.875165807146285,7.050087404539985,9.58056196708895,10.126214701865194,4.956008261214403,14.168005701574039,10.089473599458254,10.736054833063365,6.7979551143053945,5.9388431641483095,7.698630264612648,5.929511649716759,6.885592856368345,6.4096362416672426,7.412917084314937,6.520845751170695,7.263323634981559,5.938681673506447,3.636201367015812,2.4655763022884467,3.1976882539969624,3.979053185443563,4.145869940528637,1.9579938622953403,2.0719573849574635,5.543319860242305,4.482356685082196,3.4985711201087235,6.255775863386755,7.0909609953391906
-3.3436200730898813,-2.2491145499874117,1.8708811475672482,8.172974912817327,5.329858967124508,6.0239153069319125,8.60104251092644,7.284228830869352,12.819659550785955,12.029253512145296,8.752166929903293,7.684924097286064,7.979418693259125,6.417026817593299,7.116514915711689,6.126053655521387,7.95814291900829,6.668871933017518,7.7979403232389455,8.404776126285014,7.703243869902786,4.217833047079976,3.2702892340543985,4.147179820783732,4.78608364125252,4.460001315799669,2.1974172600099213,1.445090550841522,4.456630996276682,6.703335631302716,3.4760004850539357,2.458573812609401,6.076051256863503,6.477076508749689
-2.6882622310772506,-1.7636443973880511,-0.16568082935398085,6.571443139702387,4.514064959082935,7.166233406099166,10.770104490646371,8.758550007949239,6.645427409889649,10.03454328537077,7.3556475402408745,6.451455608334679,8.433996090085051,6.959673694973343,6.1897883234326585,7.823718738101816,8.08895323419138,6.751828687956356,7.020196194596897,9.040972628488822,5.9770418943008465,5.623293280536172,2.967607421479856,3.467884011974807,5.190474650334779,3.671578482146739,3.8764779793065087,2.043898803152833,5.0332252383971525,5.800981161473458,3.5862241622601956,3.9952983119324177,6.022070503735909,6.5399951351745145
-3.3200348522694645,-3.1987642367342763,-2.881781142833436,6.254294440255268,5.833866649628952,5.4447139367798165,3.1290052655281815,11.702423616442692,12.910547298960504,12.22549652048631,7.986805451616985,8.607018614450162,7.094137605532333,8.29372317366302,7.395584242323173,9.788458642307337,7.197105565927444,7.309713476563581,6.902141104894223,7.189462638722908,4.816050119782063,3.0468764348845205,3.609757405980894,3.6018713507787243,3.579529810450741,2.801567256375078,0.9177026848870022,3.7897990601168976,4.542495321455174,4.155604646152685,4.314772359107669,3.935952038574512,5.071725849799465,6.491493186218079
-4.1882067394593125,-4.649407734916424,-3.5436119508087414,4.798405040630258,4.044799026435625,9.503988442892169,12.56095401217807,9.336281139469996,10.41579316067861,12.509825856380544,8.852900497744436,8.191317496333978,8.244845185388225,6.838774195550001,4.686216564688897,8.240715634476617,7.091588420874402,9.156665624348033,6.942324158109728,6.134553133370371,3.8404787935516227,2.0413123353285716,3.6216893887366646,3.127472750402131,3.7052991355150446,1.4326804419568837,3.469639246972072,3.9364860049821098,3.960059796419091,3.147424646965095,3.1459425406229893,4.4689927033052035,4.760115010213934,5.5042815851411895
-4.706757344221163,-4.7224525361054805,-5.69771759616789,4.258392449761276,3.8065425660294565,7.791125842085699,9.213511196482457,8.91472702972643,11.630976272594816,5.511817359152931,7.737866135716822,6.250346922900108,7.343040774422467,8.427249644307045,6.597742523636387,8.509172763399414,8.168922192403947,7.890232109654811,6.786440857127064,5.217886769453076,3.4372882011926085,2.4781140479428285,3.535636574008051,2.8621219834188665,3.073310911047645,1.6959681055560676,3.7354133806929397,3.362579223901909,2.5640161640418255,3.7735912078117164,3.852853482153869,4.495432274440342,5.040230278430077,4.343244695492675
-4.573144660158933,-5.293351816816656,-5.593031128565418,5.104314880393309,4.1160632991653925,10.434160171076451,9.438576405931457,8.831739923312423,9.119651493286245,10.274672902481196,8.162669852323843,9.901829100916386,10.980337070253913,8.34542562739473,7.238251513607075,7.490932565500509,8.19943024748654,6.5850769844797234,6.621539345758859,5.587584210652095,3.110093879298091,2.8397953570041614,3.8882552233579464,3.384313346310789,1.9404221269683872,0.3365905562837606,2.6532922830617807,2.6666978064199873,3.1558658868636975,3.954173813779276,4.691750059931928,4.8594760913318265,3.5089906299239715,2.963594060705733
-5.0667185443011595,-4.895078178827585,-6.027382466715041,2.112664485398922,3.690008517845095,4.998423152000826,8.482103329773208,13.177585585565865,10.515422192665767,9.508187747765263,7.174928383392809,7.669078348344605,8.337679029910987,7.122926433596228,7.614268250035757,8.45542113512675,8.305540572499554,7.8851519817335465,6.24765839811914,5.544641740591892,1.671272323816516,2.8834508443862283,3.5836390863506735,2.8783597658263367,0.5831012100370855,1.7061518125832094,2.2709796314968385,3.289961166258468,3.853395251214415,4.204601832637353,4.244938034058492,4.412466436736512,4.057326533888607,3.0535695233836084
-5.976353178373947,-5.5937047126007045,-7.8499744732687535,-3.2344656634966737,5.98467786876264,4.960399969585497,3.933466149150723,13.93082847889703,9.30234660146421,7.430781735791966,7.3910451268740545,7.384686856942138,8.022495701499908,8.456231679405953,8.420729114017892,10.341572946348023,10.08493189069665,8.626417420115878,7.994168174221667,4.450481381874704,2.866852143065593,2.9718500252715176,3.8463181905084602,3.1628374632490646,2.021452846050844,2.5858967106012556,3.1101794090534782,3.978878688886108,4.8911027010307,4.4409683383310625,4.202138744984558,2.7597450162604,3.806743231794463,3.2090442341260412
