script/wind10m.json
{"header": {"parameterCategory": 2, "parameterNumber": 3, "lo1": 3.000054539987559, "la1": 64.9999836372058, "dx": 0.5, "dy": 0.25, "nx": 34, "ny": 52, "refTime": "2025-04-22T06:00:00.000Z"}, "data":
[rows 0 to 23 of 52, columns 0 to 33 of 34]
-5.68448009014111,-5.560374580333131,-5.787248400750661,-5.903464869206984,-6.087377223339776,-6.706303326486719,-6.8508626600838864,-7.031882173827968,-7.4704270212315445,-7.781051751567009,-7.987067277883693,-7.770926056433984,-8.187342015415608,-7.054952052862181,-4.8149909016828225,-2.9238113753178747,1.3829315854492905,3.043064881641199,1.3741917076485364,8.526536082384276,1.6047944425954246,1.6249971582418081,0.6864357920899282,4.8083908540886275,-0.08333942525338488,0.3307522970982583,2.5721773644617616,2.6763732125262605,1.989565226675589,1.2419073981617081,1.730655406004711,1.2305680883543326,1.2409779645455532,0.592808613380173
-6.05337359678167,-6.176979787145779,-6.300944089023166,-6.449150448849103,-6.505822327944671,-6.728170963190152,-6.832529523506781,-6.966090314504289,-7.109375642603785,-6.505758485272135,-6.060026924356414,-6.1524396676992605,-4.366637014449468,-3.5899395840978268,-3.0722833567131653,0.47156023925027296,-1.033493284283061,1.5127337631644027,3.2515735612381933,3.765940589626641,1.0130321368260866,2.4509935563884477,1.0011978058500597,1.6289663098670637,0.24284638969514669,1.242453031901149,1.5303832684598504,1.8441362319800898,2.098803386452348,1.7863305614939111,1.1985574969567045,1.2147470883126,0.9277352348952868,0.8122437033931953
-5.619101136026962,-5.934593129565718,-6.473005212789788,-6.945091762191973,-6.887046659282829,-6.607652892035625,-6.231654538755381,-6.143839670069262,-4.98651242165178,-2.658183135092998,-3.3716524575400366,-3.0199400792075854,-2.547427971898904,-0.8727447841105264,-0.5977263406043796,-0.6001259008077555,1.5873841341448252,1.1016777971084772,-1.3673132793052687,1.71251667360242,-2.2060079469027856,2.1297904457555212,0.7388546453418414,2.5108263046825625,1.780126733509003,1.5726308483456801,1.6227498726973582,1.7446574398888541,1.5041183521578894,1.6406547527688988,1.8386120608987893,1.2460080161442089,0.5795995032944136,0.36684609501947446
-5.883426318706963,-6.426059918927383,-6.389096865363192,-6.040851063423058,-4.456723950657179,-3.192321840507169,-3.5297793681645513,-3.4878238930592813,-3.9567931364288023,-3.3893775364837047,-1.9077815724413096,-2.1523507702402704,-1.516486467670609,-1.0603585353102982,-0.7105895617668609,1.640031746252485,-0.8076334373332361,1.6325139172539702,2.6783197097643066,0.08100877207502408,5.42131482419169,2.144001491832629,2.359962217241426,0.6958365346007056,0.83859446847726,0.9706417400336499,0.8984777174520584,1.3824301370127658,1.3823247759417627,0.5905442879742723,0.7227470920015308,0.29009652294009924,0.6182865780057011,0.6609446552966746
-4.51999375407171,-3.969696112288784,-3.855980431522575,-4.2041372228392495,-4.729046560933284,-5.013327289083056,-3.7066141093308214,-2.9100575240070374,-2.3521757754843926,-2.4093745537437745,-0.8523105844398946,0.03695958701616589,0.1786043461037342,1.024990580121304,1.4488427366162442,1.4448137484624828,0.47326230363625404,0.6489351639358433,-0.03370553527304356,1.815898363880521,6.177735593283654,2.880222628993938,0.6540548570516526,1.862533665864503,1.7556162075647865,1.6375990409532915,1.497204998057495,1.562286548368854,1.1560823352999323,0.6211129093294285,0.8868481441324484,0.5727100860674205,-0.13928127499942508,-0.18415363053406292
-4.82441047946006,-4.463700341148428,-5.020329076961036,-5.107683141898699,-4.529726227550232,-4.816582730161768,-3.091540952601866,1.8943399582545464,2.655944495896902,1.1440878085239288,0.48347330055512633,2.2326376067525975,1.9175730687363322,2.341355001695225,-0.1081409027792303,0.8097788006504241,0.3604615032991257,-0.05443599193787181,1.0843978651554889,3.4964766261352223,1.433581269174022,0.34754925010270826,1.2950414418200442,1.0891524992247676,0.6315517623748862,1.077051875038174,0.9681945802552369,0.8036680889672133,0.2685219114158833,0.4918140816260562,0.03256209658601836,0.25701891142694333,-0.23432416403597475,-0.8487770319620848
-4.303270623263269,-3.8230417651950326,-3.3792926843385676,-3.0311157229862244,-3.5292544072944754,-1.2673683417240085,4.977416705014473,4.106240124815346,3.1707567480097216,3.093508468262598,2.897004103987798,1.4216755118686972,0.8946595216132025,0.6401112384714027,-0.39509869522270974,-0.36711679038267897,-0.9016666681152996,0.9605192535082981,3.6301579567896662,0.7499692497307167,0.5478209639183528,-0.0433094330522596,1.4800006231791893,1.3726638406391767,2.1609231612345763,1.3585166770560673,0.8557567761602113,0.9981833836703317,-0.42339241140800327,0.052377426074503,0.3982533427020371,-0.413278377039418,-0.8279796059125578,-1.652598559359542
-0.625443408126989,-0.019148473862273033,0.2860811917652535,0.4760191197047072,-0.9130640992182265,2.478122725876147,3.8942798980766247,3.2103562844351816,3.2390375418977673,2.94095448116574,0.41764360011501594,1.0022373762308705,-0.462756729384604,-0.823384539268128,0.42770483576123813,-0.15119090799131052,-1.1829733928866786,2.8833899389283726,5.809294931228329,-0.9253881439257924,1.1373664005728217,0.2929803202180645,0.36925235675530527,1.8398364687968964,1.019661104721791,1.047959793550798,0.7627060201573446,0.603764862695258,-0.05842505210843232,-0.012314749551943328,-0.26675322978573746,-0.5615280018349887,-1.0274957999557917,-2.3488240916783174
-1.0770554640887982,-0.5631644186945021,-0.668161104014497,1.490890831524841,1.6988345116183783,2.5410866516579484,2.2260673837699785,3.0569031992344238,2.078234769227551,0.9761096598222796,0.507964035229529,0.2164784727453367,0.7499927139326142,0.06267397048443088,0.3724744887955122,-0.11843515508408918,3.437102575160543,7.940048762868377,3.672180361649301,4.316598912323814,7.820510086385019,4.5104925521181,2.301459753750944,1.6475697868653203,1.5499312633981432,0.9301975958342771,0.0008025897406542139,-0.055964310275156415,-0.0621161321004836,-0.3365136367582153,-1.0769737585022168,-2.687222618789121,-2.8706619976428387,-1.878020597656645
-0.6828010176047388,2.192596589188776,2.3426551422155635,0.9664263629867873,0.977831201927561,2.2953044443044126,2.4567290247790514,1.805375437231822,-0.38520595500799265,-0.6394120100803946,-0.4258945044798835,-0.2554308708128662,0.11279533294958402,0.8112839796434246,2.5201589541240184,5.9128468282950335,1.27092346187859,2.748381870896994,1.3944680280223531,0.7352130429638337,1.7538889315309198,0.04404107566065592,0.49117161843155877,1.2074496812628057,0.28647645453584203,0.14034291542956867,-0.2453032915610157,-0.07116846794485213,-0.17050515097980384,-0.43594471137793356,-1.6330750832843468,-3.9147871248886044,-2.6750715070360633,0.6835034474983056
0.6237204110716803,-0.5303195820169353,-0.3200896882578329,0.08972505785983628,0.8771506018801668,0.7329678770520014,0.720190066720353,0.6137710298869884,-0.04919979494971248,0.19194697794861448,-0.20212288613275997,2.4564404251311034,-0.7971814560037754,0.7148612809042154,3.2504533051242404,2.4863246568791246,1.9985663831936848,1.4398887721396891,0.9954445350062683,0.6914331772426312,0.04710573972616628,0.510539213434768,0.807677400992648,0.14515468493683192,0.2116534861744065,-0.14992604603321827,-0.2218746945839468,-0.16550571658303534,-0.43268985262285636,-1.053418755542742,-5.218672444665453,-2.866289743161416,-0.6639897442329825,1.2437819749567676
-0.17000387641306952,-0.23414030847354436,-1.088715649560841,-0.4933673275072946,-0.5305992935829463,-0.2912904861069909,-0.38594760084778634,-0.2222761265350582,-0.4680616342050371,0.14922356516444524,-0.7637334092282007,0.23564264524922193,2.8902955296899213,1.1162883264214074,0.6930392779604573,1.418996925133237,2.46931272364573,3.006240130518949,1.131648213257308,0.8148823276098734,0.1100394032888258,0.04198841580060179,-0.04477031751026424,0.5744635330529947,-0.6282327413401119,-0.20944305946290134,-0.6448556464874478,-0.5313523163287488,-0.8338227145447534,-1.7114367734843052,-4.058143514621176,-2.504487750855289,0.5731901527498083,1.0829523035041377
0.9217302074794291,-0.5343154570547287,-1.8219812038830203,-2.8579431320847015,0.25465628701194637,0.6264575400874285,-0.1741735824090383,-0.6664910271548695,0.20320327154621046,1.7910089296445466,-0.8164795073851743,2.1896344443314373,2.716145089950505,3.5880460501583347,2.19609212792333,1.9394574651799412,1.5814977668644996,-0.014657746149728186,0.3553766537608871,0.8264046332763638,-0.025573633368897973,0.004976827896004192,0.045104523338972254,-0.14968249041229517,-0.679988458056667,0.11489257580925631,-0.2596851985309227,-0.5547271422951707,-1.7485054879060469,-7.147415651391809,-3.856123200769144,-1.2003495897348118,0.6876710209493508,1.150067607278738
-1.5345107369222097,-1.508091332683139,-2.822331199652899,-4.408211296180941,-0.45993498791202864,-1.5460917308420923,0.01091114160100362,-0.7251163857404567,-0.6368755321547148,2.0171913846115492,2.8830535053525574,1.4907097052847254,0.10257132050919833,-0.1250952861720087,-0.3455748829912516,-0.26288371877291816,0.4461692361060561,-0.7881381644662369,0.30544947892034957,0.6318484269607955,0.3508704765181237,-1.1220725176014785,0.050466798047255054,-0.10541710977409666,-0.47742724222476957,-1.0593978911429607,-0.39510989884376047,-0.31793882612906016,-1.2558917803189529,-4.731702872279111,-3.6114716795256494,0.36661218081977937,1.8266657861706443,3.146350421407256
-2.750263321809087,-2.9703472405307183,-3.3298127815042418,-3.2643331183597146,-1.297963844360095,0.007851444796823447,0.2604955086886359,1.1612802201037662,-0.35898504788386326,-0.6505466289731487,-0.9205012080845392,-2.462473223276416,-1.3361529295686543,-0.37916238411754555,-0.06206839601223626,-0.8362107984055163,0.30211428697793685,0.12820470343618548,-0.41908301524196306,0.0040870172477416224,-0.5321273267874742,0.2245033391814338,-0.3053863927528861,-0.3753458482467949,-0.9826089014380324,-0.3177924986768675,-0.5797905836549225,-1.1460314663418192,-1.6251676059611615,-4.529504948270324,-1.1230008223956736,2.639582779355021,2.489569931082187,2.264465776384022
-2.2896977813796155,-3.5608360631196865,-2.9656238908806754,-2.766681048357773,-0.17011196203509663,0.1919991180060088,-1.5574817313324616,0.2423788367472818,-0.6823692508545649,-2.709924051147993,0.9913149554209666,1.4952392839118285,-0.6047628276729003,-1.408289239962461,-0.306288826153247,-0.19175677549527614,-0.3930643536123295,-0.49167131934234376,0.15985437282629839,-0.6179491760190966,-0.29395616217565773,-0.6797260713288811,0.000768621196781927,-0.7222678908896217,-1.4385443017103703,-0.6395939231039424,0.029961815073812983,-0.22207330261643987,-1.1391862490357958,-4.325897615763027,1.1044959610827043,2.7157987746401275,2.065116335962063,1.4880328409076187
-0.04858259348024488,-3.7806353054089468,-2.2043081577487205,-1.7950152536407433,0.7226975709206874,0.8039731864260782,1.686601126706365,0.0003853244876028766,-0.7782840456079974,-0.16001946101966713,2.3672495475284334,-1.4742352398136496,-0.11462235898851234,-0.16516697104315595,0.0619063817980911,0.7088322501563177,-0.33135952152650433,-0.5384729134013271,-0.4592543267250935,-0.8889708618807846,0.04811753631941367,-0.8322609193410948,-0.765938802453309,-0.9783634813116344,-0.9109672623925048,-0.5509244181342701,-0.7038096353547536,-0.9044055043983741,-1.3341773215824677,-3.2237147368820733,0.7860804408958714,3.202633103196672,3.3588916036744925,3.654048359047063
-1.1957914378834784,-1.6636223597644098,-1.6104548944137609,2.1777160822841073,0.774654260574898,-0.17911329276382124,1.440012130355313,0.4724340108336028,0.47213015327050956,1.4461445216886895,-0.9344771632374558,-1.515891400028098,-1.3429218535561154,-0.8373882825239564,-0.7745959945352522,-0.41926519657383826,-1.3403906135855332,-0.31598566098857617,-0.42702855393309286,-0.46947694718508615,-0.4362564180348691,0.11097373984520852,-0.6479787647470627,-0.7521857666106329,-0.13140621674108477,-0.21386169348588005,0.1975895895151077,-1.3424463583438504,-1.4521564720204954,-3.8920435535966025,0.7816656693471482,2.292929531260994,2.6398892116117225,2.4704780187672775
-1.5572774785270656,-2.746605613973575,-0.5378744462359187,4.071719403249477,1.7543621926390398,0.2797282365984476,-0.006009023245177602,0.6309725000624359,0.875278380117258,-2.8311524902482947,-0.2551608329189993,-0.810810769801991,-0.4891007173651297,-1.0931642524061176,-1.1232281925349266,-0.8855589546496969,-0.2136919237680972,-0.34895826133046537,-1.0247494521247613,-0.6452399924000368,-0.8649228968924265,-0.9391564479121052,-0.659286844973913,-0.2941647876121041,-0.3052600323084789,-0.36235464763103215,-0.7239652961020048,-1.0394496038507521,-1.1924909116057534,-0.8803344512470401,-0.3640989758394788,2.3114154167151044,1.9472704678436088,1.2399657493279805
-1.3995061825378408,-1.698163877090386,-1.338334233624975,2.92213955498403,2.289642093556963,0.10373627870946163,0.18929636747356107,-0.6260925954918874,2.974607631653386,-0.15378013443589608,-0.8192109462699155,-1.6492166161361417,-0.3364684220691281,-1.6355301511291458,-0.6104611014168246,0.20328445756981336,-0.6381093164264757,-0.6226528177191932,-0.9497317905042103,-0.27398005292026834,-1.2589715807505713,-0.4404052499276404,-0.505254529969633,-0.21634747581304217,-0.23168129950888516,-0.6471889166151058,-0.5823644686899244,-0.9995875475600721,-0.9871770290438111,-0.6292615927573068,-0.132280678248161,0.6946065019169533,2.902709772447838,1.5651443377196799
-1.3820018134309817,-2.808622567128194,-1.849998002753866,0.22069351677165525,3.9314994489798067,1.0128165117542354,-0.6669398273001799,-0.0597229400977413,-2.3354745641146044,-0.058248338423548596,-1.6829158783762033,-0.6386744171506165,-0.9073014809723884,-1.11857784870264,-1.1380459592531058,-0.7826368877590574,-1.3585854244867834,-0.4192031900225207,-0.660308996263558,-0.4263392063973735,-0.5023958039461949,-0.9660853874436,-0.5157904945099147,-0.4690951141848595,-0.8897564246731088,-0.9061063747372384,-1.2088481156387907,-0.9729269879925465,-0.6401257829725209,-1.1514479028427602,-0.5190392575237955,0.5649930709867067,2.796534259692281,1.9668437200114426
1.5494492888680573,0.45327610299110294,-0.07689604183901015,1.7098681214653977,4.0038863467043235,1.206792012759265,-0.008272867483399768,-1.2569918076469087,-1.2502407769650177,0.17488487501018815,-1.9992887322437607,-1.212480682045528,0.5185937907657225,-0.7013692016603769,0.1965681220579735,-1.1404515835612914,-0.7133081131900326,-0.7648383672947575,-0.47742339245185605,-0.7396347489300649,-0.6641985874992788,-0.25393091076902324,-0.5104990825526884,-0.4493335648413505,-0.5777227385269159,-1.0271615273715804,-0.5628106195638901,-0.4406239047969505,-1.0871285223672122,-0.9815650310074419,-0.08559965566443947,0.5729730750725592,0.7870210261000019,2.173016958795269
3.24514361375949,1.7172009569700264,1.2128033451292386,1.2303512017791878,-0.5184643316785633,-0.5878603751413372,-0.23764282511472393,-0.06529749325128423,-1.7047590054632185,-1.2642813572373217,0.1369636202923072,-0.41583630692218676,-2.2369823280956056,-0.8838539243654818,-1.0765663948982112,-2.5186015099154737,-0.8270896164912245,-0.4746678959364737,-0.5578133206993323,-0.9001741452041654,-0.6388352736271242,-0.5029062133765722,-0.8058681869473019,-0.8779633530138082,-0.6091963540974258,-1.0221456025590905,-1.0647150206250384,-1.1642856580992091,-0.9741191814423302,0.10874181633976646,1.0419780058416732,0.25037598394728694,0.8028858669233715,2.0921130126130585
4.294730849378148,2.9421123418804864,1.224482831899936,0.66371680214943,-0.11891369048431213,-0.41758267510956654,-0.36615610335377313,0.7044523041696242,-1.0185874381514355,-0.361255577282945,-0.895067341435963,-0.36741029774640155,-0.7839829279302464,-1.1723385037436556,-1.3393355062222065,-3.01813192783541,-1.3571427125233375,-0.7185862562007415,-0.5622707527996943,-0.5611016950467878,-0.6941176232684221,-1.2121492633964435,-0.6780513103191183,-0.14405356292578564,-1.8460944981723741,-0.519036631249023,-1.1493272627013937,-0.3585653168990226,0.2518250829113757,0.8522386313716035,1.4175309798915232,0.6272989742569147,0.6436769982211563,1.8859900062913588
