script/wind250m.json
{"header": {"parameterCategory": 2, "parameterNumber": 2, "lo1": 6.000198445256149, "la1": 58.999992894266676, "dx": 0.5, "dy": 0.25, "nx": 22, "ny": 24, "refTime": "2024-02-07T12:00:00.000Z"}, "data":
[rows 0 to 23 of 24, columns 0 to 21 of 22]
7.760223835451011,5.35276269126393,11.211802098450974,-3.3336399955199325,6.901852644531869,1.0973947549983294,8.488299809939683,0.5708102515897777,11.20649712396294,5.205040950429469,5.726460847105709,7.424183865415134,10.819520744102917,3.9931382781338396,4.863588108597219,7.798811214787986,5.852145109794516,12.329668925951804,5.5658020443331235,7.970164828183284,7.684830744352635,2.141007689287674
5.13940170994233,11.105847838943706,10.163066267941893,2.0181735050356635,3.1732637272858515,-2.080365812433253,9.312955227959812,2.1241582203398974,6.602737472034187,0.5244409735644936,7.775269423708297,3.1555936151919686,9.694926046937185,10.433918066681464,1.6913191670976568,7.4883332899530695,-1.7637129782877448,8.937548468637441,7.7463019209313035,9.80601100936275,6.728211298837879,2.019918508659733
5.124701559467469,6.602575660169764,4.076393405290993,6.424487163092903,7.818476014663562,2.5747604125187036,3.1638109827412397,4.451573546461626,6.654742623916371,8.174043861687158,3.6995328172194903,10.138373363232816,0.1331478459200379,9.736727455733396,9.126795529311513,2.0907422951168875,3.3980091157973193,10.850249286353359,8.509500630489878,6.568376007064902,3.8247738559440414,7.142305331603306
6.174503431700737,-3.2100522024551825,5.146940293165842,5.522733398555546,4.765338848958802,6.121672822982101,-0.9709356211940067,6.9333964806967785,4.902974214485643,6.900518475892559,5.504075401235694,5.724853949018934,1.169366547331615,-0.15256666778918557,5.910867427660952,5.166593338173284,5.2945334077804045,11.548852448841414,3.6362469976496445,10.113923657557846,-1.131301018740707,-0.1556065908322448
6.851774460358163,7.866546286360657,1.1791293107610843,10.923121892396273,1.8245534603418607,4.596036442025593,6.3099450817428435,-0.2283228817653274,7.096299341204632,7.288643772861261,8.896127256848736,5.516152399326212,6.041336176704991,0.9103507946623036,1.2323915500804898,4.205054091987353,5.250063094481816,11.449318196574644,5.122629860323691,5.0927657247962435,1.4430532395712357,-0.6158578714510873
9.09140887180212,8.299084790833161,1.1999844736070011,8.094617003023485,7.722518538288202,6.521169175313118,-3.0254630815000505,6.776516361495886,3.9710287663297326,8.052820193100885,10.951011395545828,3.7202533916893583,7.023684769944916,1.9062843373903193,3.219730262667906,1.5426425314420478,0.6976730487700865,10.731876081434741,8.003317519029334,1.9087968890086935,8.096132930972704,1.3033121863751946
4.8484911564529725,11.276920607509243,11.298364599589528,5.929474295325319,7.5332923177664455,1.5666089625325896,4.640091696262334,10.152599619217378,11.366298870744162,10.570638024543133,0.03418774506310319,5.285548850399591,6.599119902147589,6.317897744485214,11.176778865511023,12.268188493343636,0.18057192059839422,12.313413195566506,5.489711745525843,11.201645567692491,7.044630228442426,8.08830365513696
5.496401755810895,1.6057003676072363,5.283977417088151,9.362912555980891,5.850817725930648,6.470036684346226,1.3448190203634303,-2.1977618993353043,11.776750167432699,5.017861022292864,7.731019743245747,7.500512009128516,7.642137553758753,2.789932837598685,5.244685917531382,6.8829347335010915,10.305966835322835,9.074148816063284,0.8623244899374358,6.017973433001229,6.269536916431048,4.622795410125035
7.898973636490619,7.572220211576964,8.517028658297074,6.545074106492598,0.54657182782414,12.06352610473637,3.9782714302799094,8.414425190486376,4.366984616129251,5.204621847006092,8.249967651226681,7.886181136316175,8.81075892360069,7.0260141377803995,4.268926624487386,11.596748639296388,10.077689549327062,8.137664332779197,8.021591283042133,7.949325038215329,8.857687033185858,7.9789729531187685
3.816027210846251,8.138655176782333,3.980619148223851,9.88716539131853,6.258042725387865,5.367747252508697,6.251785223637829,5.304348212379648,1.3156688401811454,3.146982479663653,1.975319013999554,7.894582697607831,6.092268389300223,-2.1884655074663892,7.876867231946726,4.767542840553416,6.3354060874622125,9.678620557664889,1.1605215678146525,0.5591515460107144,4.461637104662226,3.4398702917936257
6.6698939289022325,6.554695538719605,10.052533164046597,12.102212081908318,3.07857407097774,6.516495614736462,1.6433868034299117,5.412127390605237,10.295081864647775,1.1659759582720475,8.886285950601224,8.204012125937485,-1.09328647636548,12.44961678984987,7.36509753820304,0.3194621479627745,7.784255132480896,0.9612621655499441,4.591631681763569,10.8680367347543,7.698612286587506,4.867001164763064
7.848942913080864,1.4980743195081574,-3.3031473385065477,6.338625317115322,0.9198740411460757,8.021296384137688,7.857634256765551,3.9003598200398133,9.329413934829272,7.5199081389560245,11.120942203767635,3.301264761846459,3.3196500494040753,6.81404340105517,9.17456450496771,1.0091332781586035,11.1151756083672,4.9097860694414495,12.57273966138301,3.5617151893190053,10.542238276330398,1.610188684398007
1.1762002054779392,3.2406312496903342,11.666811867936717,10.20624979225633,1.1547706759835152,-3.1095864764469634,8.154543188303593,5.546652078210166,7.684722831247926,11.236359295234976,5.384034693774739,7.689923525127118,7.276749859017818,8.184325372390914,5.3546663244041754,8.127754796548192,8.349476088688983,10.742456460076284,8.231416032692245,5.774251015980757,2.357723421365632,6.983992597384097
6.712406777938311,-4.608038182117013,6.9580118060761595,5.8357353866554735,9.014762794349444,6.503007133636312,5.694723053215996,8.251523227121101,4.528147683928946,12.452516565035424,0.6233314607469288,0.9667508180807347,4.555671998394934,10.667893533412903,7.180589419234527,1.3860752266800442,11.077076049912773,3.3577745854085372,6.515655180251537,7.712033303056797,10.904071147315602,1.1249865630627844
2.066244693466635,3.730093133997473,10.599700490005526,4.561252884486859,3.561520421946704,9.569716945501956,6.357632647537158,8.93192383948034,5.859709335761754,1.7230985000848917,10.413877074488768,12.326059794580516,4.552167551740589,4.89028271203249,0.07969832643596869,3.5752036894937187,4.697055871060547,1.1959600564542183,2.1180551604767643,5.446354595172836,6.9318081025689935,3.14139310961883
7.5209932661042185,6.843523128641494,9.430859319428182,11.37352330243956,6.664268145828195,1.0493492852230477,9.527301252396956,10.193560482199791,-0.2518008788582848,4.6596800745144975,7.976083805246943,7.6140447811405805,-0.9826254543461534,1.0029178570553,-5.962139510568861,3.3940783816657922,4.548722367330382,9.98364265417724,1.9119188331164694,9.983011953136826,6.230700449380789,0.6542660840591039
11.294622684381212,8.029076497518812,2.486198390025978,4.341936194397292,3.1378758440383634,9.983959178235164,4.3508763755600866,8.138028678172091,9.041616374355788,1.5400178672559324,2.5573915778933793,11.488253468116064,7.2611737745789275,2.9420205027191755,0.8729958638906475,6.050015367598779,2.5150166670862952,0.04233789356700943,5.87050687816859,10.713855336214694,5.951631699077646,5.638356680155233
11.036777253499757,4.679301002250392,11.530166936796558,8.086160416197227,5.126619375171828,1.5501498086787562,7.260711668121778,8.964753461867312,6.006787601158933,11.059392927485293,10.116024767647836,0.3832352765591166,3.63049049587146,5.354093409865049,7.124345127776438,5.858476094211903,9.956097491777875,7.375433168963754,5.386366715874572,5.030451477781962,11.628672136801205,13.613563014568355
2.4151067095437444,6.907625349191369,1.6747359901704475,6.513545349704304,5.042717118722998,8.544730577967801,6.268073028966045,3.4722590842284746,5.493236245106914,6.002114331623681,1.3773773478141145,-1.7994935725723185,1.1500774334459247,10.973335472896629,9.998371642494535,8.158210079051319,7.905662804440109,9.775765931248477,-2.706061619932761,0.08237966254978775,8.871323402216008,10.9999861276965
6.1798876394899365,4.970756091538958,7.043835083823085,7.65803269509954,6.9297423075000975,7.8210313391086475,9.503371980945378,7.637235445104759,5.588593125338567,1.0069511247953196,5.821687555968592,11.22143823328535,4.41272463782996,6.510244648251036,4.661017461337513,5.358110859267564,6.200260150446335,8.515708694710925,1.4862887854814075,9.893387286032947,5.369361056647828,11.160448463718337
6.395295357058453,6.90094985271743,12.329395098138663,1.7301767115138014,1.249211243351229,6.539966762489804,8.29520859258745,11.758864097876998,11.417812881226363,4.065117267749364,5.58902719205651,0.25187447140927477,5.210761180710977,1.471317914370318,8.449311827800019,11.692601070438393,10.89883589359517,1.2654289008315216,2.5731426297500177,4.362535538178226,1.1857820457528117,6.847070560145531
6.849267231013792,2.1241389788924883,7.094949908224334,3.5081658308651726,6.855008693749898,6.608001094847335,6.908921078969541,5.416630295963283,4.800909978402244,9.829580110024455,7.710980542445436,7.76917875165705,3.6616216908228307,5.801344667507398,9.52727569998696,7.073381317121985,9.621844255988238,9.130397686919238,10.830912786275215,10.622725110165335,12.716901355484055,0.8891344438010054
6.344106886609192,4.047543193590528,6.924790415000067,2.571426600881001,10.41479465891189,5.690663886984078,3.799079454032321,4.974300954103264,3.534936837605705,7.130973716403313,2.5795600391251887,10.041327117827183,10.971381757600609,1.428309062244944,5.329127371404225,7.356239922015459,8.392009875384138,8.887629640255202,1.2574463781200798,11.580124842779494,3.781518874484369,9.887756898372272
4.809340183215678,5.60995624946459,2.680705286722289,0.8987547261133174,1.889212902599569,5.038059555589618,-2.919894204899344,1.213381106297286,6.936432947709626,0.9332380839294254,2.5276810396453735,1.529514306174366,5.0340113583984625,0.6204975948180409,3.749923711325346,3.2712821473404543,5.542325731348865,5.524564744006782,7.863617679564912,1.400067475762209,4.118395962132332,9.662713722347188
