script/wind150m.json
{"header": {"parameterCategory": 2, "parameterNumber": 3, "lo1": 3.000054539987559, "la1": 64.9999836372058, "dx": 0.5, "dy": 0.25, "nx": 34, "ny": 52, "refTime": "2026-03-03T00:00:00.000Z"}, "data":
[rows 25 to 49 of 52, columns 0 to 33 of 34]
12.8606485730299,11.785164357014418,11.501337621176225,11.775856068095033,12.495773470726263,13.427953321253296,12.029887254014737,7.790145691405287,9.367450769765318,5.283814691882633,6.801270325311608,3.6766894769483085,7.635162971355653,8.073858986556479,9.929529743848693,15.082817874008557,16.74762893817249,9.769447555314116,8.269482209627402,8.891220210250397,11.847868497130529,11.01775640217015,8.344963135568538,7.868610216769733,8.099158620694428,6.055322398850171,5.743058774968974,5.892687056745222,6.583663119856348,7.495519607370971,8.043456395887578,7.712678375039956,6.699856489413597,4.540833693434111
12.755506081991768,11.585202829012307,10.831289779058675,11.21938078880931,11.532662761893157,12.029311479634137,9.207043075248937,7.12139767421499,5.785868367257873,6.593406634089357,7.381123325097739,7.4739164616863105,8.589456901299972,12.114740790883351,17.62330915187373,17.468499814470345,16.08029425173976,10.578885362272171,8.65347577590563,9.274529621410538,10.070210037414778,9.445411818072204,7.592578935858771,7.340621721230011,7.5472344148178525,5.885087650342611,4.473117943092804,4.285095258064653,6.120735246370323,7.381030750558146,7.373834993689509,7.277844381986112,6.2213735860125015,4.03050171832463
11.642841803796482,10.729103214186377,10.970246915798999,11.16975621595463,11.328126066510993,11.990738633524002,12.90189126015025,7.383042832834725,6.250441565962399,5.92886367827847,6.5989914341833185,9.551985363269957,15.536558376623438,16.845691556700178,17.989688688517276,16.22311775256225,14.039428300224978,13.528734413519697,10.475589118990223,9.367321472911089,9.002340357446142,8.311640403064267,7.642290899593212,8.25313108277118,6.145396320135957,5.388461262693778,3.6328665219006115,3.1994491520064208,5.103892623470119,6.824683092213557,6.326353929494071,6.304040623694973,5.869788922884671,4.079330046698851
10.868680462426372,10.216983638447559,10.28862040152654,10.941109199545076,12.305159858474273,12.17841293020356,12.380857448494716,12.362148171272922,11.677016696251334,12.20047608330377,14.354870709918206,14.274645353730175,15.071478767872355,17.441320752471242,17.297613436889254,14.743248556671453,14.706048833139414,14.514611960574737,10.547282700979178,9.677697037570695,8.435812383936266,8.540528037428631,6.552293495853678,6.5229712478509,6.224509902348662,4.866272552617069,2.2223383891623913,2.6610570931362445,4.872129871272977,5.9283022240680125,5.265793229412229,5.12759831123006,5.309774388062528,3.926811131068303
9.982219997517001,9.587983934425017,9.623156280366514,11.474624492883438,12.097319584548153,12.873897063828943,12.398455421828757,12.200602708868143,12.518459202529414,13.799233158865018,14.649115330683854,14.532406431125155,14.766011128971469,17.487720133846448,15.85071303806265,11.755405060994622,15.10731083206343,13.81860481919903,8.954970178255538,8.823185297626912,8.613901817728031,8.62647520345713,7.833192758383079,7.099741639995148,5.59347597183577,5.044755758576595,2.50605884462768,1.8013842498943085,4.334837215992772,5.298886407075276,5.086544557306993,4.844155568786511,5.522286973208502,3.583555423250102
9.881142849067583,9.805778173761073,10.109076493524103,11.415272773626402,12.360925922051175,12.829689727639597,13.15208950267613,12.490032672580481,13.011428936787354,14.063010235609555,14.856015466701177,15.243410165659249,15.542649478291088,16.017701805846947,13.049538849548778,11.087426619677913,15.380502231032619,13.772771987351566,10.015295676623735,7.702785134460754,7.868193566508507,8.7444734691493,7.473663777611813,5.791254871524414,5.578826264181957,4.059439159527549,2.4014881315393155,1.5770979628167578,4.093953552099197,4.587227325493526,4.7843904724469954,5.0073917200308795,4.488644031374412,3.3972451158177006
9.533305307121024,8.386223062361765,10.01486485373598,11.396700088020971,12.477043124330388,12.993793795376407,13.464093271149608,13.3665343489584,13.872469427389088,14.882735114422317,14.858991780306571,15.806037500998588,13.595032042869029,12.522588735120705,11.465548386374005,12.185048857449006,15.542411373765646,13.521906808175812,11.737048949320359,8.785504613683685,9.25474609534744,7.310771257687788,6.911902255975878,5.995782180162202,5.417695109279804,3.485819770160964,0.998052919844126,2.0354245054285856,2.6557211781505257,4.153694701262327,4.34935556977735,4.455777660616977,2.6277775971453736,3.8952461280631665
9.141296437333622,8.60937322931212,9.836683314747946,10.175574002599753,11.91198221732475,12.633998340433871,13.051304653679948,12.966704048724404,13.976203481289277,14.02772148926311,14.51646303902104,10.470469705440207,13.512946721497393,13.298675400224512,11.252115080650885,13.625013721635142,15.703429814936712,13.507728729036161,11.11007257903493,10.627079118973466,9.017098781107718,7.562164176450918,6.916305727896934,5.4469696588553225,4.340980744821375,2.6881451268019227,0.6014583416092032,1.8757275275157408,2.311562340450817,3.426235017852851,3.3575795451553425,4.4690842063541805,1.9915664233265549,2.4784274228600536
8.386331950739205,8.460352895876893,9.011105766005361,10.334733113595046,11.102087905356434,12.075621768657909,12.503663921331233,12.39578701465546,13.411539788738537,13.377790443790918,13.84744116879597,12.308616647354471,12.566627343312945,11.805810658181128,11.730506897857962,13.567381427528181,15.431545272835898,13.165159212599734,11.016529348675999,10.223467698339329,8.898572412278192,8.014499431039264,6.9444088098718595,5.727376282900878,4.068253981370027,1.83104286268218,0.7285592328985129,2.0271352679884145,2.509931942806657,2.7097176226753534,2.8278699209988667,2.381566852243234,2.270102589074963,1.3034925089840326
6.783125838851481,7.213934203324694,7.850425731412124,9.16382694649764,10.395416369825613,11.605793914608224,12.09698858266295,12.090360196736118,12.768784038024988,13.220212912242484,12.967050941357215,11.081756994312721,11.893705248909024,11.73372721432563,11.289834102128507,14.499260653385104,15.781315227989355,13.619989184106148,11.121114680041964,10.337346406526294,6.925211611953773,7.375504692529605,6.930552645502872,5.563136983080436,4.112737597937047,3.3312227131235255,2.3029100974468073,2.395318035411922,2.310357329702961,2.4382151677137247,2.708511701279146,2.533482933408146,3.4757229072552493,1.1219828482228962
5.29853035202178,6.7828528570046185,7.18865079571405,9.790621342176111,10.907819516360565,11.072899926848393,11.924350804826057,12.341603481396293,12.594477810751064,12.583013778896516,12.51494558008721,10.606433738440565,11.678026219179275,10.911807992907466,12.952740996621309,16.003086070654096,15.137875643329783,13.601622896874963,11.326829583113161,9.819146855170235,9.470720242998157,7.601886480741536,4.87623227964185,4.531233326998223,3.9967953602960193,4.462626381736339,2.662681793645528,2.2262780385698395,1.4462131268589602,2.6348868879056475,2.3653325452128597,2.695036870071611,2.2760032989991634,2.194097628938795
5.8145101030396695,5.817378585358418,7.712017595438607,9.75166082422343,10.51211953863434,12.162228877701342,12.154320590902055,12.283042297416472,12.14976845058383,11.167011097452722,12.230957378896802,11.419346480608183,11.965852592165142,13.213042327180784,13.014897873303694,14.728521860032933,13.953918225729792,12.997922962952474,11.492222384129208,10.0563422605947,9.396507124104698,7.553974628868621,5.662443024219773,3.5381795466618655,2.178352198264322,3.099946209166728,3.1502448760174206,1.5644546394003862,0.7158089496172422,2.5204269948163205,2.708005208681346,2.2295791049816747,1.1856892975717768,2.2135879188002914
2.9935337091758925,3.77126897655912,8.291329102381681,10.151805424165104,9.435229651268207,11.684808724951317,12.267320520016181,12.173155504741363,10.825915703366901,10.330718281981637,12.154873106452754,11.87578954819628,12.454698382479855,11.45437481456301,12.696331486547319,13.807314475531046,13.026329839434181,12.20982136433541,10.517186894414714,9.213700924882636,7.901783024694887,7.637314251957804,6.376250751474944,4.768307579499291,3.412061362614613,2.157851346915496,2.088304262732186,1.2867111741133008,1.387384062302751,1.2472626040220003,2.546247736420023,1.6664896354223422,1.0036416513700734,0.8849693563936195
0.5723147312753805,3.8356838133459736,8.298812222853778,10.379060188563908,9.19909580257051,11.510602707145061,11.871967538939614,11.548204979834615,10.3381612014899,10.349093595482227,11.61954941647253,12.670128449272484,13.411605511843492,13.451575426560044,14.23263635549028,12.662557158219641,11.729659462811606,11.334297093064002,9.817840577660354,8.294230005913029,7.351927587227427,6.230762401094098,5.359590900452637,3.9144233593095943,2.8483267898359914,1.418132400203497,0.6931858617915286,1.7761170180831647,0.8332138729742039,0.6760705653278687,0.7641532802076244,1.5623200401027433,0.70425546560545,1.4277968900763143
0.34297426812444287,6.59854731143174,9.515971486257317,10.430868242933885,10.690687085634632,10.666833634909585,11.335585524871384,10.670257856245554,9.35387088498136,11.173158313583912,11.73536345759847,13.267222382808802,14.060792710338538,15.220745969188485,12.759561603215493,11.856515783247946,10.219987273718726,9.621458222442445,9.106769339228185,7.776123330696624,6.335356752194877,5.1704217404845245,5.026460307565956,4.848747189343028,3.8729232794077704,2.294757066695466,0.024691996340297055,-0.34548091059696506,0.24428734947284883,-0.4561679843670749,0.09362424366944522,1.1649475506498361,0.2993606359021296,0.07245253934658917
-0.39465948831499853,7.114781946237138,9.425813433730026,10.308791543976897,10.621748415784111,10.28959965141473,10.819436447439264,10.029432315731825,8.896824406424017,11.420081232575304,10.696702568584566,13.352162005248138,12.739820078941245,13.41588435729372,11.986834378039694,10.032693128115792,9.22595928562164,8.368439486979316,7.918208696908776,6.77990098847252,5.166166049636461,5.015722651617659,4.41394920606174,4.443493674038264,4.218198745344862,2.9135762296405394,0.8893077385165156,-0.5964874643382994,-0.9625034306089683,-0.6950419097277954,-0.5774660631380332,-0.995417471370948,0.1351820315901027,0.14291194666887708
3.3875724663117452,7.182789828204741,8.851089016572832,10.314240443972103,9.487675578005481,10.363145870315295,10.49037313379191,9.616892690078851,10.458482021137876,10.478152738424116,10.321786112155861,12.41216627993199,12.086959827189606,11.924176877064818,10.78934785554351,11.049542337129092,9.731796864397698,9.467476494950455,8.541996958889442,6.626712360335169,4.762250194660861,4.134217781348275,3.895221979786155,3.971295643689898,2.9005816414427916,2.7957921090717632,1.292197780493605,0.20571350830110066,-0.8259315799496918,-1.2326417586128395,-1.7532108328106806,-1.9012793692526646,-1.2319616530783213,-1.3767699082890759
5.7437565147887994,8.755898747382036,9.2163476523834,9.83553436388438,9.293676868491694,10.272454708281842,9.913603717948787,9.450865727818952,9.793685339216125,10.063136591934327,9.700552922600323,11.076338319833583,11.167008222741755,11.429129798911854,10.41055056948813,10.442368670566546,9.369919803981517,9.245476829510304,8.975265637697243,7.595662381469799,6.254444901019565,3.82647736866574,3.1533384544395333,2.793819980742647,1.8196453310004919,1.9313553679058186,1.3197589419248326,0.89574745808986,0.7869104498865865,-1.6532152378586047,-1.7246245523171055,-2.707414764688866,-0.8408910694713511,-1.3386829134388196
7.639943540984564,8.215850450735545,9.051870103913766,7.8456942399260985,9.339455766576453,9.534510349182405,9.53660698988674,9.20268477493509,8.781242187949003,9.261458008949523,8.604166985262019,10.009170712056447,9.95561165933472,11.019700687541167,10.730173316707184,9.891596460477324,9.550356139223107,10.080219109213713,9.65575205015847,8.849805147642188,7.590829430949143,5.290534797721362,2.1161730742794322,2.818660820548757,2.327659278727727,1.4959571605128363,-0.23476106144724976,0.18405893744489715,-0.18451120112853753,-1.3726263666552843,-3.718572494685268,-4.159490994593189,-2.037985042211788,-1.35248926409713
6.473011006135905,7.744607061422377,7.8382836341414635,8.487881120899909,9.235226902175384,9.30353918019511,8.908420845772957,8.731862396838002,9.030888865695296,9.07246051553123,8.1600629438002,8.821156167697335,9.716398968282412,10.272537163790576,10.612975512709475,9.215125229253845,9.501202948442536,8.56998083129332,9.998960458727241,8.597930310027586,7.587386131824454,6.163017302642762,5.123596657398997,2.0254981577121227,1.2992038789528149,0.6919029240480368,0.22606979531981625,-0.3333172386866142,-1.6259484615413438,-2.3718285592984487,-2.28104535765272,-2.4995988959939845,-1.6066376817328962,-3.1848680534706775
6.46091249488322,7.920351479120028,8.482513806353671,8.916994971375422,9.515482956608578,8.965728229423599,8.416329584930176,8.920503701810754,9.893801503937842,9.373889343563274,7.169919135798049,8.421085103972729,9.49107948722705,10.881969308376627,9.845235697995607,9.482107629114712,8.513194048762818,7.7006724981635895,8.758105124207406,7.877122865682406,7.136408696396943,6.245804019281818,5.5169982799165425,3.964077432185069,2.5192066326180917,2.0032694845682335,-0.2564921826693254,-1.2142290255061405,-2.0035543916134215,-2.568708572458895,-2.682259293918941,-2.5393517485291626,-3.9756201214318807,-2.294393006463027
7.7747755524173545,8.990689977788698,9.3680692894135,10.083185307215976,10.031743727477286,8.709498025778744,8.26479312373085,9.263166969605981,9.715208279737311,8.898374696569803,7.056098939543593,7.796031235561967,9.883844705653228,10.775379850777577,9.796474383261218,8.955615428226302,8.079586173382259,5.965297620968622,8.434134410755782,7.540255185207181,6.618791143330919,5.589609748589761,4.642250362847406,3.822390554988006,3.749417727210958,2.9514822408475503,1.0114618757644909,0.33808974281958304,-0.9229775721343249,-1.7122206583531654,-2.15282488206579,-2.2028074679174297,-2.463680941825264,-5.436141959168477
8.2501801949685,9.860791728119384,10.499361296130626,9.916327688784296,9.227480645169255,8.262040135361373,7.818231861087125,8.99934514953046,9.914164230153439,9.520553553167362,8.189361643250706,8.718191595764177,9.955631636112681,10.82507114008264,9.661633888962857,9.449484611280216,8.086025057040963,6.15431516482583,8.30964946956537,7.366658127790592,6.993889388587043,6.5566801762162745,5.046346467833102,3.9703687282331446,3.6671684110325207,4.828447589190354,2.216863766491847,1.1782872695831432,0.32299835145387745,-1.8045324103769733,-2.1292964215836254,-2.299946757883951,-3.2993323410049094,-4.510104395733484
9.503148158207955,10.342505964450186,10.473354511923588,10.100363865655064,8.222236146958561,7.542840955828796,7.617201845974938,10.328691529141347,10.098850399487542,10.208380923478305,9.076425236163276,8.831353212402037,9.964532457894345,10.343008272500224,9.475962927430626,8.866333038840182,6.922777022078516,6.831595768971463,8.662457218532085,7.2854855793135265,6.762342946928939,6.275979842078563,6.035564657928994,4.587095577904643,3.665965325325301,3.725441952083922,3.0090917980090848,1.5256592161885527,1.5920236357911688,1.315667463531699,0.8258185223290071,-1.5775653734342219,-3.0097056597385055,-4.234871367589101
10.074389196496448,10.45229160277955,10.544557987457843,10.229261940415219,6.895255026458498,7.615708512402915,7.299781404295094,8.087185542958245,9.201745570575348,9.579204651641403,8.720801751448418,8.664612058248348,8.496500289817998,9.615639009036222,9.311442037348103,8.223104520627194,7.404835390037555,5.95360089876629,9.209488659254347,7.099534781696765,6.133213038505453,5.863605579180674,5.54297075826931,4.056776982377311,3.33397274790445,4.130738139646393,2.3579352987974613,1.1731091710466552,2.2493296552234603,2.7968988216117276,2.1527762133586603,0.4729080276696467,-0.3590831834523773,-3.2009223324892044
