script/wind10m.json
{"header": {"parameterCategory": 2, "parameterNumber": 3, "lo1": 3.000054539987559, "la1": 64.9999836372058, "dx": 0.5, "dy": 0.25, "nx": 34, "ny": 52, "refTime": "2025-10-16T14:00:00.000Z"}, "data":
[rows 0 to 23 of 52, columns 0 to 33 of 34]
-8.493423974127216,-8.172724823501401,-7.978992989080292,-8.56841446076791,-6.4434480830967,-9.27935886669604,-8.225240012673005,-7.755526677017636,-7.95615231983933,-6.9077487573369,-8.070228507373391,-7.623149110431645,-8.03998140572601,-7.277815169320369,-6.887907238274785,-6.715843524242141,-6.177811478312421,-6.907520298099838,-2.255286893791932,-3.183852576554603,-4.693371605001342,-4.116809633464815,-2.469775273863302,-3.574946621816711,-2.6958003329002547,-0.9359068202607252,-1.4775646995953673,-1.5310433195476127,-1.513460210084337,-2.135280627947574,-1.3350612415549012,-1.5863838015578449,-1.6833359568460171,-1.375095688312952
-8.589582265646312,-8.674744083190284,-8.773686892230769,-8.262179188923774,-7.991098515318883,-7.741108393516091,-8.240083263066275,-6.605543375355779,-7.144085055043503,-7.334437485898419,-9.871388391321554,-8.585686161176874,-7.631361230682862,-7.31212759916276,-7.347958356779363,-7.567243773817935,-6.326651915115396,-2.3645015961394975,0.38556857816701284,-5.415017105453964,0.9182643697781318,-1.760776053924779,-0.9449943326420429,-4.535728860769959,-1.2892064222603328,-0.6120687043323105,-1.6439567342240717,-1.7562656216086374,-1.642938740746318,-1.7129344752618794,-1.6291113172257081,-1.7689663815976353,-1.6373403954168966,-1.7390687948532135
-8.710929846317372,-8.024605446652277,-6.856597139006249,-7.6984126323626185,-8.084485336068333,-8.197979180983246,-8.09371451789287,-9.197675337463933,-7.673107930853231,-7.707738197157011,-7.832176382555334,-7.668951764519439,-7.6624871258789184,-7.3984784343698795,-6.441849287240996,-5.45380672616928,-1.0964391615397717,-0.39218402626430576,-0.6026653164779363,-1.0317726762908668,-3.253877490279695,-0.7672818837579581,-1.201608967925834,-3.3057337761402663,-1.393888906029791,-1.4102846649008443,-1.5287743586593205,-1.78552319228099,-1.9305438954003777,-1.3614369469950267,-1.7673431330069889,-1.6804313926334542,-1.9708339960634969,-1.8879706871794062
-7.70052929658106,-9.490856677957098,-8.027323490222154,-8.717002529310802,-7.221249828976234,-6.854200657500755,-7.1232892029874915,-7.53853958604337,-7.927095643771737,-7.719582997068376,-7.905916702558249,-8.01257643600412,-4.135977921996614,-7.908186694019673,-3.4478793800255305,-3.8697284305094293,-2.896001080595827,-2.738802516830347,-1.4171447594861215,1.4006158190812634,-2.1429795827612654,-2.9253758932713168,-3.484160920449823,-1.6460195344877078,-1.8072704936082629,-1.137357385597469,-1.2079967608983315,-1.1575175914362064,-1.1370198564623009,-1.4547817751160588,-1.5205410585816794,-1.2711713184567075,-1.7674893674982466,-2.1253727455207203
-7.693308652454959,-7.0855353066005335,-7.677243766799143,-8.0207786004142,-7.472194819650617,-7.701155011132607,-6.368024269312088,-6.881075363152802,-7.3983324282177225,-8.0092742215573,-6.400850140740805,-5.248738924943415,-8.163461920529436,-5.233826256760703,-4.241354955000642,-2.4180415325272264,-2.2551127782865934,-0.9639972433732656,-0.0165089590816123,-2.2224929549917505,-3.4940470245307504,-4.544362503720826,-1.6574365882343185,-1.888530814859915,-1.7805856811870153,-1.885414334238061,-1.8131541804876945,-1.3005609763113615,-1.1734785048053087,-1.5589879464322005,-1.7739440384601235,-2.1908700382953255,-1.4479458267473375,-1.9116046062120438
-7.519187906715733,-7.771036790594572,-8.235863466244416,-7.239485492985629,-7.141870138857768,-8.459677724082537,-7.54951101169483,-8.389562580729459,-7.991291367774211,-6.507424361700839,-8.301371701955423,-7.154674283362445,-6.151245368924758,-6.049323807739977,0.05702987479520116,-1.3417306290522952,1.5561216830565388,1.7808795248990796,-1.4005409989351223,-2.280805655036305,-1.71611126604772,-1.7030769769793075,-2.0544959073826523,-1.8005973310424266,-1.1382184974380796,-0.908708476580669,-1.3264207895938567,-1.6781821666700425,-1.8249208079948824,-1.5554884463074126,-1.4350571694324834,-1.908797564511109,-1.8080753945779526,-2.052476654509612
-8.028817123724496,-8.034379521377245,-8.027918108529482,-6.734457281900581,-5.772963601173737,-6.37229617004289,-6.822713104819611,-6.713945614386955,-6.74494814980146,-6.262184552777709,-4.869595921655637,-3.4074560128970375,-1.7439269338963805,-2.2240403432286304,-1.168490117183307,-6.808625647936866,-0.8482083808894912,0.8178408874351751,-2.9120226585492865,-1.604006036715609,-2.0429719047086943,-1.0197143864922855,-1.5020633144482745,-0.9422672911040796,-0.8412940703540304,-1.253599727159319,-1.518474332193409,-1.9789453574166056,-1.5282363234506662,-1.8770654962058606,-2.1028367590546964,-1.7024796730833884,-1.8897855395819574,-5.167608346734262
-6.847389832737025,-7.655092182890552,-8.494715462638075,-7.672323449251204,-8.38281052162114,-5.478287924942612,-7.141655862664068,-6.616877783951771,-7.071212226618612,-5.709598512581012,-5.021035038367334,-1.3940549614182078,-0.024400829790163732,-3.565960936734465,0.24381474665748476,1.3713886202579384,-2.0079654437589625,-1.1790827767427576,-2.5018606120144895,-1.1040874597604282,-1.8258437535326206,-1.497340452300172,-1.2305880368990043,-1.9719418721736355,-1.376487174600709,-1.0903182818054173,-1.2972892786785781,-1.6521468573978402,-1.3247919063729368,-1.599017071738623,-2.320510664058333,-2.3963145734391964,-2.569938218971511,-6.8081567606634215
-7.975132551407806,-6.917728180071269,-6.799142412846799,-7.033939721401958,-7.129122919875276,-7.337295364863552,-6.542253011017171,-6.665227954738109,-6.703354930291401,-2.504122021592174,-1.8262751969821993,0.16872280831628678,1.0852737523922973,-1.091564447062354,-0.6159624334879582,-0.28123545978289965,-1.3408034213669826,-2.1267382455173762,-0.7420093023759029,-4.101073902419293,-5.842757383772948,-3.8255993816886433,-2.274779951318754,-1.9184969048842677,-1.4861414451739188,-1.2490952567157365,-1.7414607159761641,-1.1964423258011188,-1.528291600662386,-1.9686233434181715,-2.151571149810834,-3.2449710108225345,-7.65351565410376,-7.554650362398991
-7.285499822640893,-7.085487184067029,-7.121043515354149,-7.096276811731891,-4.495788956195398,-9.091985277047122,-5.572770956822297,-4.885480370694686,-3.2366621009699537,1.1129465811508021,1.4136659285649582,0.5154748553240105,-2.1816640164251426,-3.116070149474337,-2.8103123112190724,-3.7047670949546077,-2.8094498277232556,-3.9579990675541685,-2.4462415909850286,-3.27511847083904,-2.7578721535479773,-1.2202873903868179,-1.9590917335501776,-1.9097783784051874,-2.147883248035071,-1.9544663778728848,-1.825605564793261,-2.0097193153601247,-1.99017700454729,-2.018092334409455,-3.3965550937712767,-6.9181995337762086,-7.460145214592474,-8.76808159101666
-7.148937921734716,-6.724663074761943,-6.435962310469699,-6.856315705440229,-6.468952380581715,-6.388877553853307,-5.484471947644065,-0.40450816142620905,-0.07365160646718659,0.731614606726345,-3.0131910059475175,-4.253861565314404,-1.3466806556617446,-4.018575551419701,-4.234739411977184,-4.154124096453971,-1.739713034408031,-0.8809210753162826,-3.645012596075663,-1.191942524824996,-1.0402454000372838,-1.5568174937240533,-2.6090516083827495,-1.7846827752793,-1.23385258842626,-1.5628841003992222,-1.761497082514601,-1.7200885818168592,-1.9054906891076417,-3.316210809425486,-5.684527188510149,-6.232752741900982,-8.150497405222696,-8.32322299197482
-7.060260011843951,-7.177017449699851,-7.137083968159059,-6.728069369451409,-6.188384309532937,-3.7367298137052853,-2.5155908746841265,-2.5273700565141546,-2.39863141069954,0.3428856471218806,0.42018435583418806,-2.5966608685764414,-3.172649521498372,-4.113560472075435,-4.025701911679176,-2.113779159470657,-1.4765695002723116,-4.062948204689154,-3.455841298100863,-3.385478265286413,-1.435104502054843,-1.0357112279563572,-1.9198303712235512,-1.5658828279734103,-1.2663494107602435,-1.7925950632911132,-2.3207294139916113,-2.3037359715884778,-2.1917131330372235,-2.90133695258608,-6.2463212285888075,-6.426940472460997,-6.923317967248267,-8.48026106479203
-7.615590839289895,-7.457257493019514,-7.446425059448709,-7.047942786865037,-4.422822509710922,-1.8873586677903675,-1.2939235275086933,-2.323689978932435,-3.254664166744602,-3.10489074555525,-5.897168319897209,-6.323478695212154,-5.402763334732763,-2.4481379495902087,-3.390668830561725,-3.669163713773471,-2.773048276761489,-2.1649481317689734,-2.504692524202871,-2.0478539907985276,-2.581340653778337,-2.0892116107809184,-1.4264356119002326,-1.675232774975893,-1.620879219219715,-1.774606343259156,-2.2963326515666194,-2.265550717765674,-2.7645010958531713,-5.357141721195486,-6.786718550581825,-7.651285518756509,-7.9988190561626675,-8.215947031912377
-7.749477455417858,-7.943232782735951,-7.8874593727791575,-7.809671409800368,-3.723328232855511,-7.474893377066149,-2.958612505156662,-1.3530505064351817,-3.697758964546138,-4.116717897753404,-4.536922384671053,-4.942762420046124,-3.0849737695448076,-1.4579472944358967,-3.2856978541447006,-2.328748682058401,-3.474609937706006,-2.1843923205865585,-2.7357531963236026,-2.267580838307321,-2.113443609831035,-3.3016000368406275,-2.493246078824074,-2.385901911863826,-2.026063909626545,-1.502557642172027,-1.972060866204237,-1.635240279224644,-2.6908909621024564,-5.176037026674475,-7.027574313180216,-8.052882078979636,-8.71866075938878,-8.872154508798912
-7.815271976503927,-7.95764904819894,-8.09907869887737,-8.275255717162937,-6.828892375919023,-2.3999901758661704,-1.40226753190475,-6.009650589653699,-4.577032735174388,-2.6194743090623525,-4.059913616923311,-4.180296219093637,-6.503899944685264,-2.0433013206261714,-2.841014972909229,-2.963351381955107,-2.1556553360444903,-2.182360039692182,-2.311789369981637,-2.6273252448794056,-2.7234372572577064,-2.309351652518023,-2.5045649755341044,-2.51802343118154,-1.846011374018866,-1.8482064236154763,-1.3793452918646567,-2.2904595480716243,-2.0090194244947353,-5.522205070076074,-6.425200276640334,-8.483569765936783,-9.029695257860219,-9.613157029743888
-7.8239950972838725,-8.091136287134699,-8.236220332582516,-8.616034302486028,-3.445974001614374,-1.661447983192705,-3.9489472131896144,-2.2191874798597326,-2.1988837977882687,-2.542837347169443,-3.269038065527598,-4.255072644719483,-4.377111763967933,-3.706378663246861,-2.114157368483068,-1.545522110162398,-3.5953724581031072,-2.0811692264405206,-2.260250245035176,-2.052336563347725,-2.6039322850468194,-2.905070572754919,-1.596800310566536,-2.116630219178286,-1.596935124407948,-2.000579734510175,-1.7764713245796875,-2.134048290751466,-2.2188373975989757,-5.876337745035457,-7.723343163383683,-8.110488846141534,-9.420358056672297,-9.99070399530615
-7.92521708658263,-8.186412033431095,-8.453571637049375,-8.787008683246357,-4.951596667864803,-2.2775789331083547,-5.714023653871258,-2.754829521292495,-3.4280948162648133,-2.951235421445048,-3.852284422828583,-5.202141920529053,-1.027959660354477,-1.3012975869782,-1.904908185317707,-3.0896210054277033,-1.884197176312879,-1.9165724194444258,-3.675672273095055,-2.014396655568745,-2.6158986589321125,-3.0495798831591094,-2.4156891805490446,-2.4614876875698246,-2.2624670467435584,-1.7868026016152756,-2.549431916980705,-2.316541874736237,-2.1399421082992642,-5.890997102386256,-7.0754104760744445,-8.665562708740607,-8.568210760338983,-9.32565323459213
-8.079162654676166,-8.308771497519315,-8.70751895877286,-8.920675535778392,-3.779466182932696,-1.8807701443170415,-3.102398717868935,-2.519906545095802,-4.771351194378322,-4.857262166560409,-3.654265500208994,-2.7227352137352234,-2.3923654802944347,-1.7439404801050005,-1.8740821804353303,-2.2815868484154334,-3.6301600978063053,-1.9091165557016412,-2.205201695988977,-2.639523362078243,-2.248345449871027,-1.7801351372494458,-2.8613511420722606,-2.671033563894085,-2.5093276530259554,-1.753410165891254,-1.7942062413084914,-2.241788398605868,-1.9671775135139482,-4.542080184993809,-6.970668963971907,-7.513804445531769,-8.58849372764637,-7.980194783889808
-8.390524474802586,-8.520056484294306,-8.635912438919735,-8.71973846175871,-4.897623055606591,-2.2500238242003423,-4.563650041555599,-1.7887112274797385,-1.8255006376614036,-4.991708022624357,-1.4051561585596442,-2.6434224730743976,-2.5411834279688352,-2.835696719072236,-1.1616221133374987,-1.6509309839809392,-1.989435188939221,-1.4937598048293812,-2.8136855947439128,-2.514488752472451,-2.0297915457282256,-2.3251550117183895,-2.060953592870884,-1.9500846736031616,-2.08993178520869,-1.8914842455623335,-2.2201992363902456,-1.9205790209105973,-1.637494629879171,-1.857844389854846,-2.6168585136435425,-6.903782728153981,-8.207536551082194,-8.366976447467898
-8.337233892149174,-8.6041154259816,-8.65355530487101,-8.873896064009136,-3.9304264440772005,-1.8771822201360002,-1.5461128747104265,-3.670529386069429,-4.00944680596643,-3.9805083238959185,-3.9571336066122202,-4.855327180599101,-2.35260784544426,-4.006169654925637,-0.2079901510106065,-1.5937213471523155,-1.3833782496102303,0.40584580646882185,-2.604668218858633,-1.8344147486336042,-2.189227940853891,-1.6777166010324198,-2.272351783074492,-2.368984682123536,-1.7800195490312183,-2.005351894526855,-2.2841972759371405,-1.8218605692415903,-1.8011688402068013,-1.517119063973331,-1.6220173747109015,-2.0484116082813193,-6.612087862587569,-4.3355170674914225
-8.407971162564024,-8.361982713028016,-8.73398551196442,-8.57358200545059,-8.360135574494626,-2.7901770154345336,-1.799865715819914,-2.684754521698566,-5.268198020985213,-5.025222095965667,-3.978500778945599,-2.9367762667170965,-2.14167520772116,-3.0460461997423787,-1.859930469934229,-1.6373069354156606,-1.4332805023574042,-0.6637004542638939,-1.3856545198752868,-1.0350854255409108,-1.0481212461042941,-2.049409158754948,-1.7496755527519954,-2.0119560509533914,-1.9099631906888985,-2.072743669812047,-1.7727237190948428,-1.4978283667714398,-1.6790757267326883,-2.282759284160689,-1.5021965074047163,-1.583222412876023,-6.0699878481687035,-7.7962183043486695
-8.099234645223651,-8.037328169127623,-8.208054682516433,-9.090108604978251,-8.673131667659014,-4.424389533731372,-0.9987553461259372,-0.6968443201177243,-3.4828428289907927,-2.563958321092358,-5.145631454301506,-5.208069384310002,-2.776031857713832,-2.3916778765766047,1.2687965733969986,-1.5835808551173616,-0.6708542579803082,-0.5598288059249894,-1.8043714983508705,-0.986362956839283,0.05273102680994037,-1.1964319242366688,-1.8382543176435329,-1.5685766520866202,-1.7054572115157323,-1.6543517580368114,-1.5496890516569248,-2.5262202527746624,-1.8323599781313056,-1.9981834847445765,-1.5565699286265196,-2.175550506390577,-1.8600395457395094,-8.837716306718061
-7.099204754066534,-7.1326589891275125,-7.800864329441874,-8.326848490371255,-8.869827278280306,-3.449481229341295,-3.20742120444033,-1.9622601563069046,-4.664795433242381,-4.125641515776404,-2.781666962455862,-2.7723522850625533,-4.192870974285063,-1.8686908155851765,-0.4083940006098922,-2.9944098589812755,-0.9288157767515733,-0.8392449820328317,-0.9884430387118376,-1.0574010024558482,-1.3161078312714762,-0.38500722737746074,-0.8258551627471794,-0.5571335257852743,-0.24959841389568124,-0.15184567471900254,-2.15232197757571,-3.3221293936050884,-1.288280566955801,-1.6159583738580696,-2.1832905093453885,-1.9405604492826203,-4.76920316287466,-8.061262228022308
-6.885049250879527,-7.154068057637075,-7.52220320429331,-8.320541643634801,-8.70740419033654,-4.358738325372196,-1.6609986777648933,-4.195236911864101,-5.978687340806365,-2.3549317172020263,-2.3273950872555567,-2.2894014823510047,-2.3402930849121675,-1.9049136127241229,-0.8826606922406566,-3.4145463360298263,-1.898699981796252,-1.6913391858419085,-1.0681266899083397,-1.517467126630882,-1.3876810619326472,-2.5073133089821016,-1.7272302844350138,-0.45299637209889526,-0.28492502331345637,-0.6904121633610275,-0.8273734747358485,-0.5278070785982992,-1.8662578202104707,-1.7658812887120348,-2.2699859906008677,-1.7394533179150753,-4.726064982523224,-8.229746132398295
