script/wind150m.json
{"header": {"parameterCategory": 2, "parameterNumber": 2, "lo1": 6.000198445256149, "la1": 58.999992894266676, "dx": 0.5, "dy": 0.25, "nx": 22, "ny": 24, "refTime": "2024-04-05T16:00:00.000Z"}, "data":
[rows 0 to 23 of 24, columns 0 to 21 of 22]
11.12262718805909,-12.995042910052101,16.419664469455064,1.700157122633168,0.4444359019583429,16.725996306114553,1.1625189250920995,0.19027183654730995,15.590207305100746,16.432764093889798,2.824519845482987,-8.754837227780397,-17.076723355806077,-0.2317764602460584,2.1477892461069987,-4.271421838763895,0.8905572166690212,-18.150945065261716,0.5413196067204077,-2.8536252484690365,-7.378394475090398,9.171786972994825
2.9797965087794966,18.131729678417123,-19.908640792677886,8.148534741340953,15.651177244122092,12.689208517099981,1.5439775268944667,8.376384873607432,1.4744612109970634,1.069399674586068,2.7375713299585076,15.800795442921547,18.064434397824392,16.42810603085446,4.554353766767998,12.383045282780678,0.4975858356132424,-4.811506340502107,1.2528445876643655,-13.682028564867872,2.5146798352871915,0.4816677451301956
-6.026331335378187,-6.8291805722509835,2.148074601398354,-0.930742200554824,4.917284623228203,1.9390121612870448,3.001426140562243,1.3801948878803967,-10.640722431491188,4.176210267630539,0.08124793841134138,16.265059964181486,-0.10847037390393942,-9.243931476694742,15.493354353129673,1.638997332164735,15.485083229472542,-0.23842609193537884,-8.711777284387,-9.902315105327093,6.002164286871265,0.33645440183368563
-0.5317951253510934,2.857399384181387,1.926230039455244,-4.441149193132302,11.869088894972386,2.3455465537147853,-1.3630290890678964,1.4175317091358555,-1.8286077821263043,2.7737690126770027,2.3233449847854404,2.022411598311227,3.0718920202485975,1.6475406953885992,3.705098297837839,-10.877998651032767,1.715223242698267,10.61972814305061,13.247364904733613,-9.91924296760306,-6.584999348497829,-0.031014096002633055
-2.710708091803562,2.786981614211883,0.5437511360539494,13.707521660743273,2.7539635397853033,0.12459017183664513,-7.14627761412811,-0.4834632429103505,5.426656679760685,16.98586316750898,-6.951977536070494,-3.0977654939717487,14.08245062491393,2.5216636839122346,-0.2828412555946447,2.311564033999294,-0.19148217898322628,17.27839155741783,-7.957808564604389,0.635113957218285,13.975199284000919,3.884873556995646
-2.50402468000242,-0.6526078881770532,2.5024730141507963,1.6617026701014563,17.512699036460916,19.065172417781287,-8.792103599133851,16.72399464624702,0.18832925020888241,2.815478659981813,16.08338801236,-9.499095226455006,3.97956721613296,7.714988912920499,1.9578789291863958,3.987838486736809,6.350341570879172,-16.950650294048287,0.895121181682648,-1.4251698038451948,2.0099774680253213,0.8720675239549606
3.4358033385021014,17.641265080443368,11.658981804117882,2.746698349670646,4.308129095390748,1.210397644549433,19.125352972602627,18.272167439560548,17.73923390269531,-7.955134380904553,2.470377546480003,-4.842720230151735,-0.15287061998162857,2.2772471175765516,18.410871426469125,18.78343442016459,-3.5659859407668875,17.855377558430018,3.6949849346605057,0.8513824341822379,1.6232729866211353,-0.9277634999785489
2.599478172608984,8.057941032825356,-0.4046115069337707,19.212923761025785,1.7444651137764957,-6.377939919299355,0.657953709921701,-6.069961764984674,17.48392712733426,-2.5047329660337847,17.49240232526444,16.505590979080615,1.3527749086213112,-3.6926963786828706,-12.17499859968396,-5.42055587196673,3.988824786252815,15.224472239883283,2.5035163594564325,15.627087000220659,14.618727742437136,-8.368944155085309
16.75023427601104,2.012816332736365,-3.85890230975917,1.7661665065185825,1.498453285244328,17.33373860600251,-19.12725523427317,-5.926438172826923,17.614349728111396,13.58426192997738,1.827559907858006,-12.290979935089712,-1.543032521903204,14.017660259680632,-1.9624279884611309,-12.761182220501455,17.44969675635062,-4.816267851922382,-5.813810809205595,17.404397140522697,17.023149597514198,0.2663273755570855
0.08376789771847214,1.4951786585357316,3.0324318893253497,-6.326733590647101,16.877172553556,-1.1277586504885777,-10.213402970305891,8.62039440969061,4.180041971156021,3.135852863796545,-5.614275264464979,19.998383316621258,1.0181001250598827,3.3023136889932934,13.949429662948669,0.5504906735399798,-1.2432762022383623,-13.514079428844758,0.9761695074247694,-0.7293785956175255,-3.2144074948185497,18.808326601664604
1.8681332811289155,4.962081491377758,7.038216907932385,-20.616599430324523,1.7598760409683016,3.0348999123242915,2.022333324596024,-0.09650830071414072,16.59474727657912,1.6628828979331083,-14.295552016546376,-12.733337677441076,-7.790230045801187,16.67120567751928,-18.504939869628913,3.230561042027941,4.25520434833594,0.6306050984193013,0.4301771062114357,-6.481993891115439,-7.262396094200605,-8.61825412114312
4.104172301292471,-6.717585383645693,18.883015863155027,-0.22091481539372262,2.122783315486979,4.743067160679631,16.51797877714581,2.299884640581804,17.772112873277432,-5.316903925117845,-4.41199409197295,1.8366574865221719,-2.7155276996816093,10.675395815733083,-6.70270337776277,2.891920047798312,0.45353897152250117,7.841007065174476,16.94933459447137,16.723844275002495,16.595924209529127,16.05666786139107
0.5733548322304851,1.7405065969622373,16.103600412766315,17.054831414656817,0.7749121996190832,-4.100602128728414,-11.865685886357845,-8.514877809400188,-5.720263751777643,-13.78167544716508,7.876398481913692,3.4427788954764367,18.641793125198078,13.294456658865972,-3.4015279303080326,20.233484011294056,-6.888571744396272,-17.326561835675317,-5.923418163284922,10.033762265948434,2.2858156410564203,-1.3298983728387292
4.700748812007561,-4.937227262134483,-19.29201164424519,-0.7779915549146411,0.26827478290483536,14.318075468113754,13.968265719732214,12.43621330897932,-1.0794743775312574,-14.140637349200308,2.5062173361251845,-0.34997159465600614,5.14909457797662,-0.13120294423216464,-5.769564932648984,1.7335619491430867,-11.710945762356406,-1.3340128264905582,19.04821744859672,-7.521963915729926,13.596026411289037,5.654975055175463
3.6477629826102973,1.0079496740676996,13.457917132948221,8.611804647825696,-1.8191450011453778,14.693892122529565,-9.311055776032571,8.406006468861863,2.549950145867895,8.81396273857271,-5.45598312019929,-20.16287455166836,18.11154031662917,17.19259703300257,0.02514200711422896,6.422007753336043,-1.3636232738278116,2.6863191620747773,1.625257652142694,-12.808659909913969,13.229919265775626,2.754934700825706
-12.446476909025632,13.076004895512545,13.531372210862324,17.09705000530521,3.118414328625146,2.868401738415458,0.8355555968254599,-15.805818016511209,-3.7365542106551395,16.79955079420636,15.52740434377332,-1.0562367596116962,-7.664151894453686,-7.64691535904634,6.984455072087698,3.68408371790163,1.6339971638518485,7.2452269148554045,1.6556037430801187,2.4403705456217653,18.798416658441003,3.519848170681476
12.976426158614103,-1.1407861720997945,14.921349606942437,-12.611665230958398,2.227126811099721,14.034085315665603,3.4038361167633067,-2.4823940115630445,0.9860620394593969,3.790620362523309,2.151191835197158,18.368765123150297,2.7320879676414394,3.1087146981953286,2.632747345344259,1.2751528418208309,3.057610024500086,2.735012845545766,13.977870430954436,-9.74373585536761,-0.1925235035337313,14.730989459828056
13.835784785304108,0.9636436751920372,18.276989212618744,1.3344323936501357,-0.7121574452896258,4.1821647260329335,-2.4889565690407074,-3.6025135105783908,-6.394914135355101,0.590914173622049,18.322996211951637,-2.430587020785885,18.132210621822264,1.2083847901434288,0.7088929672185337,-0.7766565132435441,-13.55355168538173,-8.030112997574095,7.5657499994914,13.719861536607036,17.277453022668073,7.227565639311451
2.7175456369145703,11.34082911245117,3.675705415359682,3.2659746384508748,3.771428615257732,8.257516869519563,18.16255123629785,1.2424014783347295,-5.165235302169224,-5.364072765616771,9.687982790859477,2.2690996091543414,-1.339383104770706,-5.153199630923449,4.58734834383289,-2.4123401181613535,14.10162965093854,5.981056626039969,-5.827135861624772,1.8022223020197765,15.563125511582264,18.864422335671115
15.604881210889358,17.144538888750045,-0.18317031117235222,15.781120064587537,18.118175518402413,-10.444619325877982,2.491497215256529,1.9644663929793227,3.7920492361055396,2.2632319013922286,1.7597096647145034,16.626879048150457,-0.07760181634661174,-1.8223299400303197,3.5726713618005648,0.5436044592061278,0.16730914359101137,-12.0123027599605,1.6880913848234018,14.57771367772714,1.0055808694673896,-5.945643970909698
2.9012639246710124,-3.9233832422229082,14.328877261198674,2.470408624604342,2.349506359443727,-9.589710284031156,-5.765130419306507,18.928594842227106,13.291327931045487,-14.399101456437263,-0.8753774716633866,1.1009980175499625,13.01543184521533,-7.563444809514694,6.036326876958251,-18.993224393398435,-6.383810001409755,5.056135052103698,18.795782295242166,1.3752679316485208,2.9301526288804656,18.69958715734405
-4.620169157448134,4.853850781573159,3.344432387691581,0.5844844889285947,5.505808485384513,-3.5229446270266855,12.87112210563748,3.55919482560711,-7.267493442215373,-19.566543500822142,1.6477529817415002,-7.059552075203884,2.4520034857876283,1.9725842515337613,-6.163455448735679,17.94209913076708,18.545449679161486,-13.238283361463294,14.452536222485072,-8.025922489420141,15.338936994908837,2.5154048027693965
1.4693139018140464,0.8101647424163247,-4.323917064649752,3.1430502506939155,-9.78155185211387,-11.322452528546266,2.405291466602157,3.490713625375169,4.503650905699572,-9.477175858648206,2.8535287978511925,-5.646121427038072,-12.844269751330984,1.6574972946430955,11.813399708864255,2.5405268979125264,13.370741862273551,-0.8982756191432492,-16.368574376807963,12.283898113972771,-4.898727087816237,-13.874573473168834
8.002943258150703,1.1222215327632004,6.0658500222176785,-1.3954370933507079,-8.88214777460886,-6.725289620276346,0.8102289161111876,-15.508228869081865,-1.1283543783655299,4.790513623445993,1.8851854382824964,1.2038496346775462,-6.7705216682209315,-4.428018430363954,2.7826506418708017,-9.921340714375917,0.477903297415994,-8.642841006358541,15.054974462300962,1.668996783314317,17.8015261699448,17.63599450472192
