script/wind10m.json
{"header": {"parameterCategory": 2, "parameterNumber": 2, "lo1": 3.000054539987559, "la1": 64.9999836372058, "dx": 0.5, "dy": 0.25, "nx": 34, "ny": 52, "refTime": "2025-07-02T18:00:00.000Z"}, "data":
[rows 0 to 23 of 52, columns 0 to 33 of 34]
4.659578932295987,4.763367382847687,4.525114889923206,4.275092295863327,4.315271219620758,4.857639987391884,4.725009758580521,4.219489320234095,3.9579970558368314,4.478718190639089,2.9232702762223153,2.6924999447397004,3.031026064104134,2.4480320306780827,1.7242431808829963,2.1714001604792674,2.223458929492685,0.5963033862450675,0.6956541531909781,-0.021207994725876544,1.9514401247416835,1.0781582577259543,-0.17905880119648845,2.514478534724653,1.5957697309200272,0.6336103278368418,0.379533776185009,0.554493812011679,1.0526595707910429,1.190702101190764,-0.00012359903362444967,0.6620406958727041,0.6369568539377647,1.0746008417218578
5.441288298460574,5.203542326270203,4.482789511768646,5.232789300225203,4.564972697957998,5.029780139544002,4.617272763700849,3.8039108404689514,3.4451222187275525,3.909929610157851,3.542482862064554,1.8000002585559682,1.9919228560189877,2.4852862487004126,1.7402628695081057,0.9994992028722149,1.9605069943822002,1.9671477676098603,2.0967318252723306,3.3914473690825595,1.697586665039648,2.3419909469089,1.5111763915149237,1.7088997591650779,1.53603928301632,1.6685095999516681,1.0038050865712909,0.7086759047185661,0.6321487203419892,0.36787209709188445,0.334625545609183,0.4305019683459856,0.5299610111513944,0.7671000414436416
6.10795802897082,5.092883017900778,4.685158134897632,4.976353859037795,4.8124843845775995,4.726203226027933,4.3577154300419805,4.090628421128541,3.3297881554600126,3.0889937595063657,2.7393976294260085,1.459696357202075,1.6477262133460748,2.5346506086871425,1.131385859679152,1.4171086838944067,1.364448197793883,0.964989557476813,1.6151647597741798,1.4886621265793718,1.889018754893545,1.0734354067195693,1.4592522242793138,2.25687835329485,0.8820895062046203,0.8788813274730881,1.5836513903338665,1.009537169661658,0.8545604866142031,0.6976283406976141,0.6488483635446542,0.31687492212051416,0.45760229357617677,0.8072082987645179
6.015664684476265,4.9897380152359245,4.909732858012831,4.973555924158214,5.536984641110162,5.28000065523093,4.134480597312954,3.511197054741938,2.790627288935618,2.6847304919733888,2.084159391030513,2.2046654970498083,2.05724872037033,1.9535720224818784,1.1864794427079932,1.7380724221182882,0.91151766569983,0.14163340904972688,0.7080811831668944,0.03018491490384256,0.9306795717648789,1.5453231466705308,1.1638481622845995,1.2828730864278377,1.686032345475366,1.413337211719263,1.7249773388501235,1.1750130607596576,0.8836878640686056,1.2586701212103506,0.8328941901177637,0.5963705375395786,0.9046188280313149,1.030395754337193
5.511746965563734,5.17640795539297,5.683506849668615,5.3318620495603986,4.793696716677357,5.216967119120103,3.505117827142566,3.5784491275432853,2.834390035053076,2.362425591292216,1.6720592659967632,1.9653368162489546,1.5121506048987692,0.8063216984732405,0.9758885087077234,2.0536310021449866,0.77165185982888,-0.17821642141949426,0.745947288678301,-0.0251992238535828,-0.8661466827561081,1.0271149814300875,0.6183448605408054,0.5427108004429062,0.7036362486492691,0.7980517403685221,1.3374983525668362,1.2436123138577337,1.3602338790179,1.7578789559946053,1.5057877192485138,1.438354513713882,1.1781518834030478,0.7314242115777244
5.7692169791485926,5.841964307642919,5.07601993006072,4.669585835110717,4.479136750356332,4.628570787812051,3.3484627015175894,2.7562343331092727,2.5321236024871276,2.151922958143756,1.1848779199821973,1.4505441113389348,-0.2287730554723721,-0.9088829201821567,0.793957651325292,0.7407735056726708,-0.22919015200884746,-0.21341529510452661,0.843589052367689,1.0658796919177145,0.59870870201649,0.779960643891183,-0.28143063295038195,0.5923402791005529,0.6817739470096068,0.377424161057177,0.7988481706381545,0.702219924650077,0.9142039626599019,1.5521007046775204,1.5111762672454712,0.7515184488033816,0.7846248995665581,0.04206264384600731
5.693547242335785,5.605316055194584,4.8731377582925965,4.422746493516318,4.579205541502351,4.132162828950841,2.8104299617890467,2.6567465141165383,2.124295160069117,1.5791004004248959,1.6041832241579186,1.4516422542571463,-1.9531151360966432,0.28531016989756663,1.7016524191708509,1.8801154730937248,0.6939723485568331,-0.29860608717592163,-0.03328493457797502,0.5834055895730679,0.5014109097164563,1.1554215489729798,0.4496819473251863,-0.48807861900400745,0.2624223105429067,0.1630221991363707,0.4773321354747104,-0.04004815954106543,0.7599505592238671,1.235755664437784,1.4286334886346963,1.228913006093906,0.6791204422238362,0.4573026041866218
5.016986749040626,4.990683038818691,4.087570880607653,3.9778510190859055,4.699331076883248,2.6506626796035198,1.98456027612601,2.4618893445403423,1.6942853149282318,1.3978425003600983,3.019661009728842,0.9541065981172299,-0.25811211180595445,0.20314564349537723,-0.03330735096955132,0.08156644657779963,-1.0518942903187927,-0.6310595023902423,0.9624269078658149,-0.7730478205604175,0.58691884829743,0.39535765702024417,0.7512595004467977,0.17877509404502365,0.2716926038405576,-0.4419787837543343,0.6595208655416427,0.7445972451870088,0.7316167710982354,1.2539514195860355,0.8809048375150192,0.40237387562201565,1.0391707392663556,4.139961332953107
4.243975705252033,4.110210828736876,4.000168560329735,3.908943566421161,3.4323013064836854,1.6451012431403398,2.1961002152288702,2.3519954986575713,1.6566927115121615,1.2929128711033087,0.3431646499898355,1.4546403074047498,0.1844090620829804,-1.4696862315301544,-0.7258574705407803,-0.03958279865515626,-1.482654691633588,2.357252147623699,-0.10472502441140762,-0.6212983114941595,-0.6669179229987572,-1.2529654695287813,-0.5303447715682333,0.38128241429270543,-0.24687544331405195,0.13373674979887523,0.018648734604784716,0.4339957054587248,0.047801340524249905,0.7638868757334017,1.053381433533003,0.6615997261012225,3.0541609453342113,3.960882065108291
3.891192340317452,4.755230016189536,3.394948756395685,3.6542741508683236,2.3200445376784637,1.4414265229134389,2.22064092345665,1.9865370039102892,1.3869180984540759,0.3603484847013476,0.6551168159383327,-0.3964510194964871,1.1787492993240274,-1.1829842544837563,0.19985187619154104,-0.8999589741583307,-0.3222384700361929,-0.7278807651354284,-0.4443365131649234,-1.447709083976202,-1.9405209352727946,-1.3465608939509646,-1.6551415613989577,-0.7339325697826864,-0.05394718679567583,0.6289006952671757,-0.17166161870440771,0.7798099231636122,1.021053030489157,0.7475534076387601,-0.0364190144123488,2.54112676714195,3.9585308555725027,3.9469742507466528
3.4048074771183794,4.363572309033712,4.237077270047427,2.9736572124224976,1.9133808690327219,1.5942978778846646,1.9638326145546923,1.4858923453981052,-0.5610717271537211,-0.14285561978453465,1.9318032306177981,0.6739619089871027,0.9560609625263774,-2.1843343606048125,-1.0615946953472455,-2.4321208737094344,-0.21954494618324347,0.2511658046406229,-2.4851462675242337,-1.0651376898895935,-1.812407458650123,-1.29282629761353,-2.14841826124329,-0.8366821192413579,-0.04463367175436783,-0.48427853842203306,-0.1253340371972492,0.9332524371075746,0.9454921214894222,0.35816947257671816,3.1450496056796164,4.124760719228001,3.655694429351369,4.057732400142408
3.0773963355909,4.1832898753378,3.7237848661537316,2.3623496032528974,1.9646357332274627,0.38237737610634814,-0.18958686941447614,2.2476587346061554,0.006749525040238234,1.242641607567222,0.9274414190417949,0.7502024546431383,-0.6950810208652075,-1.9521462163426144,-0.5245713643779514,-2.2459519948639306,-2.3075147125549127,-3.0635509823329494,-2.368421813127601,-2.0769023103110986,-1.7062525492179517,-1.5660813109991403,-0.5085839480363783,-1.1881324065414969,-0.4155432363935036,-0.06900382385489084,0.13897878073655856,0.497615289492683,0.6693076996518076,0.5189903318827049,2.450754906118132,3.502418232139004,3.704674237051789,4.008153997901753
2.5944777034410698,3.869924068610996,3.4570753547910527,2.2268351907632575,0.9888020462674759,0.865241551314271,-0.7200551717239233,2.5852544333204226,1.2552124981781376,1.8472550171880147,1.799304480794476,-1.781028953740191,-0.16775292941471148,-5.3195165993113855,-2.3014544218927964,-2.957876753479409,-2.1891719201518502,-0.6013348567830652,-2.0494579927183882,-0.7931142352353248,-1.8405709200617013,-1.3716671775123492,-1.5716053162556616,-1.247064740059867,-0.9951838902674733,-0.02871794187534614,0.6830895938681314,0.47883636671420454,0.9528572666107458,0.7510704499465729,2.4737852037181405,2.804107933156792,3.3007321467168795,4.232492768868593
2.7566648241001848,3.819921204885068,3.354033814465927,2.450703914745039,1.3773442861127259,0.8452696746093593,-0.47245555088754615,1.1205153330000845,-0.08782205085896197,3.7764778967562833,-0.054172749956921847,2.868993612104913,-0.24224052827054185,-2.2037730650723484,-4.5299482730175376,-0.6494310692633706,-2.4530944670494343,-0.8649592131488529,-3.6352368658804313,-1.6095330502886538,-1.1699154393606486,-2.5422167149101975,-1.382311047296962,-1.2543498956364063,-0.34196263994103915,-0.5355006685192625,0.33496270798070943,0.6103112937076847,1.0073836764107316,-0.15206960743439876,2.472152851042855,2.761557259969637,3.058278622408275,3.453891527686088
2.7560323946393934,3.6783396453180717,3.196477293740234,2.701760717691103,3.865843265011075,2.058464972405371,1.3215471883583367,2.094863167913764,1.5593461496498906,0.29969718034894194,2.5021042356057164,-0.21643426353882755,-2.9957773017913873,-1.8248358283384865,-2.6087756096830663,-1.2714227590906926,0.1340368685158467,0.8648548262140023,-1.7581885482520365,-1.2184276098907731,-1.0247300886418336,-1.2048499542369342,-1.3363263531768812,-1.0462428383487317,-0.5911250368990388,-0.4006548804313809,0.07793635348980993,0.48157150154544043,0.44312719337479156,1.72164304150558,2.2183295556138893,1.9913147868344412,2.14067954011921,2.458398339255362
2.984691423438832,3.4198945732756623,3.413334020244566,2.9093075172656895,1.5243544765244361,1.4586289525389264,2.518692045181205,-1.121766162622895,0.9369978073632759,2.4396720143330852,3.191991512736044,2.700519889310767,-1.2949915041240425,-2.5855654532776855,1.0376668905827608,-1.498006323615509,-3.120696672513316,-2.1699300662573178,-2.167718329735591,-1.8267308291589095,-2.0044653518149667,-1.835939507846232,-0.6358279321217362,-1.0836428319034217,-0.4000600388292353,-0.45116097112525627,-0.32710508800688143,0.03343239730626305,0.06894534278589316,0.7380639475125746,0.10092143950619266,0.12024211530631086,0.8459627437711258,1.437102700146022
3.5453619867633708,3.384085662757087,3.2708428840255404,3.0874280345768037,0.8641423738552328,1.6506360512695997,2.2312042995126453,1.15421443257861,-1.647303704455647,-0.7256415729368193,3.3571217964532565,1.8175605761139004,-1.9821844696643438,0.154858170566933,-0.5166561338699764,-1.2307239317335668,-2.1138371281843344,-1.4010504806454869,-2.883973573715629,-2.198773924318885,-2.5284391347113244,-2.0091477064590726,-1.5815389574987073,-0.981920250634483,-1.1593182044934556,-0.6830756602325508,-0.9591033446733503,-0.7471648316126748,-0.8303954836707841,-0.8072494425509318,-1.2889519767938422,-1.533281715944161,-1.0342234202475513,-0.40022488267605005
3.5299447176991374,3.639120906145011,3.3631259663814173,3.102513911031768,1.7639004054536718,1.1508452269231373,1.746940435465332,0.8344113790994613,-2.4868835981416884,3.458548638537012,2.5634666429008455,0.8316975801463596,-1.8524562329446148,-1.400542105551281,-1.5657403872276439,-2.492532865637627,-5.464622097814377,-2.1980339362928354,-2.311203125503529,-2.284472323157331,-2.1850965609177653,-1.2545764481299435,-0.9722917411868746,-1.4524585617114303,-0.9845725903764666,-1.0295621670238755,-1.2150290320350532,-0.6788915489217023,-0.9018769557267051,-2.1439294139466347,-3.0048382578577875,-2.8572714588467045,-2.1685680060109216,-2.715222058025952
3.817656642850472,3.5685217441469117,3.6385020289359966,3.088422751923957,2.0564264958119014,1.5204482940973547,2.9950741800043694,1.8925744250655017,2.943252852088939,5.077848578278796,2.5300284483319553,0.6500901114616072,2.7518337856399797,-1.7913387914721481,-0.8630588377037096,-1.744368383133165,-1.9674558753414613,-1.9925589099512504,-2.303057812497375,-1.9273875782594898,-1.342944623623642,-2.3978677208347596,-1.5781115170726523,-1.5758475991482621,-1.2163303489355044,-1.4152842436745152,-1.4861452470143228,-0.9338145174233108,-1.3234214474967845,-0.9346730851763533,-2.7073086926267464,-2.871636880302581,-3.312436572640539,-1.9176575008608892
3.8065771643173743,3.3205794400573843,3.652004616183321,2.946626421570541,1.1598813111641932,1.8352231177925113,0.3825627099279516,4.699821642877301,2.914324660458812,3.0992142306642063,3.3984599530789135,1.1516502975562963,-1.089995904278206,-0.3551967973565912,-2.0487729714993606,-3.013132665676489,-2.2543962101203796,-2.3064026133954414,-1.912569678038111,-1.6096604254178863,-1.0027867661805496,-1.5388880944151364,-1.8651347797906972,-0.60175037633296,-1.620531209605072,-1.3534432856087186,-1.3324536457638578,-1.4134456666636825,-1.4580461535785505,-0.9446116168484459,-1.1762508579632887,-1.655126120412928,-3.3983969950234925,-1.385046094601091
3.940346394000197,3.6259345263532206,3.2436282084501777,2.086710422359542,3.011873375444845,1.9564781106333702,0.9124209145826007,1.0633693267537303,0.8159257235535093,1.4013085889930714,1.0273198175742093,-1.725481973668066,0.2755248450749303,-0.11050642815521415,-0.7495541368089077,-1.7163957858409937,-1.5322282766428406,-1.9104171948370896,-1.9606220834926356,-2.0136447546450587,-1.1022344904075294,-1.378423500792394,-1.408539700137681,-0.8412047090872357,-1.7392422749818157,-1.8214472261313481,-1.409395561840611,-1.4015685464248302,-1.3048965613081425,-1.8313825371812162,-2.083417162718769,-1.3511603306691227,-2.822231030181694,-2.2362974260011304
3.9384715957146623,2.816050307263771,2.549767091933344,1.6994041283567982,2.9091752017960477,1.352589639871791,1.4121710683881774,0.695303003055545,1.86057300241544,1.8984031329738091,4.463194134886374,0.0840722926203514,-0.9733262909365226,-1.1381252110546802,-2.45961893233783,-0.7660676158085054,0.634375596838872,-2.953459420341385,-1.398066685796635,-1.4435613042711397,-1.6464444722198612,-0.25435254949299485,-1.048824044991097,-0.8831704156036849,-0.5522808272478223,-1.6495473086183328,-1.664121305908883,-1.2406096736820251,-1.80482895828783,-1.922973930692546,-0.3736270455887814,-2.0753277675878654,-1.3409374012214728,-3.1548130670105823
3.318142545384518,2.3977676908896766,1.7911833506035546,1.820560337649385,3.157461484197402,1.9516481785664295,0.003168812898820769,1.2312849256070735,2.86631934773569,2.389578368791259,0.4661756426090813,-2.753162199876793,-0.3588585491406183,-0.7530224747827164,-0.41649704743711713,-1.7132017328514215,0.6489340079796831,-0.5374268675428477,-1.4816724141627657,-1.9220197634405107,-1.76544901763453,-0.839177961276665,-1.3381315098139286,-1.0088586003316176,-1.0568450105426805,-1.8541589817895694,-2.7505080663127752,-2.6316997122527894,-1.3450882062376428,1.4633448334820298,-0.5674751866756906,-0.8617510928367385,0.2411147771146241,-1.2310503037672773
3.095552647179555,2.265561710682572,1.806032425695713,2.3318746226466525,2.4090530210724084,3.278451801760312,1.7709454714753563,1.7985259960529492,3.3957730436654225,1.9681160335894075,1.5280644965659083,0.262504623248879,-0.9633244399014752,-1.464678837667966,-0.4626889953741682,-0.8748757169384014,0.37278339312227426,0.9962869565873465,-0.9773956921903842,-0.9158211365773268,-1.2785202857098037,-1.873073702915913,-1.442132257402827,-0.2763845362783624,-0.6260176315374365,-1.6453880123362317,-1.7695332280463014,-0.6585107745612798,-0.5328748412255364,-0.5986951957339901,-0.07825331593073463,-0.4067254370703037,-2.0212901060407016,-2.6314714476356444
