script/wind50m.json
[{"header": {"parameterCategory": 2, "parameterNumber": 2, "lo1": 6.000198445256149, "la1": 58.999992894266676, "dx": 0.5, "dy": 0.25, "nx": 22, "ny": 24, "refTime": "2024-03-14T23:00:00.000Z"}, "data": [-0.0401547567429414, 0.38267767436904854, -0.9489189947186293, 0.22583355291738377, -0.5594905861438885, 0.6695909752102271, 3.278873526694742, 5.456223716398772, 3.9008654703104195, 1.253905714427085, 3.3580517351475434, 2.4549105152829074, 1.571194702902636, 2.611742415801914, 5.253932279044741, 4.363121399906881, 3.888042825810582, 3.681086707158406, 3.741857786911146, 4.342520086066385, 4.190921791203831, 1.7709149059774676, 0.12557791167386545, 0.4714630023585832, 0.3629000354943198, -0.9710480597614324, -0.03867070903205341, -0.13417042209903238, 0.5366284126762376, 0.4753984818101891, 4.547229576432244, 4.391275218487124, 3.5495373144326283, 1.219341093136098, 3.8364865565633544, 3.9390952897028018, 3.2157647310145787, 3.4570233084638415, 3.033064284007883, 1.6121787397706606, 5.100922237542055, 5.711963587995825, 4.8450156627443155, 3.9049078590005863, -0.6382292292831073, 0.06240731192443078, 0.0985853915537642, 1.0347714855652859, 2.558406373901346, 3.5417094138418452, 3.1741149065325285, 5.810121408308205, 3.1150184481498595, 3.4496953495312006, 2.2730130262799886, 4.250450695467165, 1.4786116326618903, 3.886987897618917, 4.77542356227652, 5.078530970554874, 3.995118968140687, 4.574643064219727, 2.3372891195540895, 1.818222934773579, 3.647134552893573, 3.050211910609652, -0.5304104312637131, -0.01528778058245154, 0.37027326177189884, 2.56327847328838, 3.2984369953720205, 3.346420124533811, 1.8681560924871154, 2.6705582631189633, 4.581111423779055, 7.312715552204618, 6.939594323874692, 3.215629576369666, 3.784271316555694, 2.926071278083413, 1.9068758167165314, 4.839718146402136, 3.834611226690161, 4.27913498186264, 1.981517272461675, 4.425014564696062, 2.162348841208977, 3.351550309805665, 0.14872123349045285, 0.6431723250656042, 0.029819318940102476, 0.5851224278480065, 1.6971050821754672, 0.20995148976493352, 2.358059929775242, 2.9641313737287334, 2.4488781170496807, 1.7094025694843786, 3.645566466399126, 2.3693536559864192, 0.6854549284387238, 4.483147464388442, 4.0878445030341135, 3.512124449005463, 2.790281555899513, 2.7665928425079183, 5.564440200077252, 4.137866343648481, 3.6399834792683863, 3.847545169081171, -0.4360762765405231, 1.5458349492709669, 0.28176152501005625, 1.702933094314138, -0.2291427312030752, 0.34859041791839185, 2.583175114603745, 5.498855372550199, 5.636340892837112, 2.815799392624207, 5.991191706625232, -0.4448490227779541, 2.0890769855515927, 0.6835098324188824, 4.391733584640744, 3.148924690057621, 4.574932571202214, 2.9193296333745917, 4.0017418763135115, 2.5319203836297905, 1.6872352061089404, 5.514247808073344, 0.7663940357903422, 0.38651014077813595, -0.020811373291084696, 0.5613514170550956, -0.5228848386278168, 3.666084481629642, 3.661899515346315, 0.4999571995622937, 2.2325060009364472, 4.088606617624708, 7.231216955147438, 2.8794469887874974, 3.8952674184301253, 2.5142360817547886, 6.180726580760243, 3.717021548456187, 5.257083207885314, 4.969881351269114, 4.907400698477932, 5.560246186862867, 5.664977722346204, 2.0593631309929648, -0.7295664015424334, 0.4138443447236383, -0.42286153998503545, -0.2554476150626729, 1.053403387947494, 3.329159845248318, 1.7852673615433299, 2.987889195901171, 6.368330483009987, 2.413138240231542, 2.143798155405507, 3.0021076238743123, 1.5632076572916496, 4.64611702029945, 5.050608273660798, 5.832511423626411, 4.814746104474387, 2.4293805643924355, 2.596930410786918, 4.527213759360855, 0.9413814470882549, -2.3640590957990715, -0.7541478014035621, 1.0171889134136693, -0.545032868477958, 0.46920390315549027, 1.0858590940532062, 1.7008807002207167, 2.851639407029178, 6.065052248354084, 2.1790663880784615, 7.630711293578984, 7.235358358722672, 2.462321376709154, 0.6420607479752927, 2.8619835642963927, 3.047897860615023, 4.757742786260437, 5.56283311812382, 2.0183275416979893, 3.834129493926319, 3.109131393878577, 1.31677612949434, 2.1711558556711803, -0.7431230745716183, 0.44003527857184754, -0.9203857129535655, 0.0623237912928174, 2.9151714507409645, -0.30177828142051133, 3.4944691539869317, 0.7086880747120304, 6.27914027743086, 3.4056192036925226, 3.711031206116742, 1.936503591434746, 2.745075928379947, 4.118615749156524, 3.757130072740859, 3.659575094017181, 4.145879570906743, 4.187890772008612, 3.842589381803967, 5.372624923273321, 4.1491833668944835, -3.1828948320822894, 0.18006041596370032, 1.4158883581598796, 0.3431224903827918, 1.3978740830904228, 0.1500179657307204, 4.227146731797666, 0.7283140429630475, 5.505887781044082, 2.21510362439138, 7.64107064572829, 2.232545246832812, 1.9231292712786519, 2.601101020744414, 2.58420620295184, 5.108426986260089, 3.0400182729721474, 3.196162538035902, 3.0457200632726487, 5.022617894749802, 3.6594517929847483, 3.699861676831385, 3.9463615866724333, -0.5043577364591652, 0.6676426570255938, -0.4634176001004585, -0.6694626295809202, -0.45286421205118677, 0.599681910318356, 4.304628265700318, 2.3040470153396266, 6.1004391863103775, 1.5049461870705816, 6.4562271250551815, 2.22138224823735, 2.147809307674036, 4.649767822353726, 6.075917993364553, 4.510229858517775, 4.6781550312294335, 2.6947636835011433, 1.3553036575594875, 3.915042312460293, 4.441599084023307, -0.3920983921883788, 0.14531385049968856, -1.2920582492317652, 2.2536516102159165, 0.8539656611412557, -0.9075593887906831, 0.2979214686199322, 2.829314199500346, 5.807071669501169, 1.8140702180591346, 5.8965810386340936, 3.6356414782854234, 1.9677475660142267, 2.765089035578168, 0.9313787365841529, 5.252803512466987, 3.49161559691165, 3.7047277506703375, 4.874425263677681, 3.6081824712355948, 4.36531753486744, 1.38808874742709, 3.883122447256678, 0.15615227560962272, -0.9552207510648134, -0.1559262104523711, 2.0226070411265766, 2.6901357341635195, -0.17478421727674923, -0.17002191536651048, 1.7389003670921106, 5.791000384524058, 2.2574483448459364, 1.67209633914702, 1.4448282230276064, 1.068211475394508, 1.1393319924439802, 5.459090623895936, 3.3169702557161873, 4.047818949091793, 3.648721904066845, 4.115356038521837, 4.3927627928217285, 3.5782133625592465, -0.7310213789079658, 0.3243199458373519, -1.3726646249526422, -0.3741192512110057, 1.6044009985832028, 2.8800253320779, 4.328042680225036, 5.423921065543648, 2.8467441538518523, 2.122110912594498, 2.764375565462754, 5.92732525922566, 2.5566434639434825, 4.193739384942515, 3.1588601787280353, 5.585905349378115, 3.0132296270277146, 3.841086176331401, 4.570421511966336, 4.959554981823754, 5.2088127340503245, 4.41802395618598, 3.691966802059668, -0.74204434104025, -0.653769194826106, -0.5250662144784846, 0.4585650616238888, 0.622241514186999, -0.09105003741938449, 1.9231956933602772, 5.881153887182716, 5.567187713957604, 4.282057833162306, 3.5816171240772605, 0.9895282003893978, 2.5494306485038596, 6.0673426018676295, 4.938537457596451, 3.6872056326295017, 3.2204939614478696, 4.968078689558972, 3.1252037552287635, 4.710986097400218, 4.431060479883071, 4.226801234450667, -0.15152791136693144, 1.3048979328364334, 0.6206619163853545, 0.4071443083104458, 0.00652853102754106, 0.03741360224160301, 0.0617796104766166, 1.3399583045211543, 0.8795518635479206, 2.759493071093651, 2.597348100996205, 1.9924721492015172, 2.3451165024149567, 4.1010442122590165, 5.618507881313761, 2.758686863373117, 5.649947886908464, 3.7592010512657152, 2.1756717418991913, 3.746137983179008, 5.5845333385536815, 3.477517433592834, 0.21928692998819793, 1.2878033487354748, 1.67514039256105, 0.20086163660110137, 0.1692372504072971, 4.006135286213839, 2.0261222396263316, 6.309505585185449, 5.8188397598100305, 6.815312322188101, 3.4357685198938896, 1.4599287061901594, 2.3081204462431772, 4.356073566584353, 4.161628162174338, 4.136074341671745, 1.8733243129948955, 3.526752785381496, 4.556791875023985, 6.082960994513953, 1.8577295618082348, 3.367734196028638, -0.09768369408885082, -0.4307548812452059, 0.31405550857446585, -0.18198014607206087, 0.9347686873475857, 1.2881392490403907, 1.7330946894731334, 0.7238708736344034, 0.9554970189592897, 1.3456163256533287, 3.802234852108668, 1.1641163476201242, 1.2520531898843092, 3.6046886062974544, 1.7676015959443712, 3.3744318109890385, 5.600399550370768, 4.098848227450381, 4.989384230004583, 2.6971579791823443, 1.3786856856872751, 4.934192926116196, -0.34899028645842617, 0.30987472067458327, -0.13391496783526277, -0.7085232486211912, 2.934308795007632, 0.13986019400238453, 0.41548104664510654, 2.6289128939149182, 6.139112602486732, 4.1630092669260605, 3.8015020697739152, 1.4649649187462008, 1.8897284301548165, 5.079584933389581, 1.8017909551356506, 4.9326467595690175, 4.61304512530471, 3.2472459340148463, 3.404869312184297, 4.315853989134383, 3.616682187131599, 3.86639462390693, 0.3292083486883398, -0.8535348610519913, 0.6916861011090394, 1.392262200113569, -0.296884591436074, 0.3984489592843292, 4.40310907192518, 5.899288684920873, 2.1071719078891373, 4.314255187192472, 4.19894970672851, 3.6359376346273624, 2.2396892059577755, 1.5275354974526434, 4.304131479502431, 3.9831923473745676, 2.6447209931626805, 4.369957203155154, 3.2089128073048987, 3.719079219569042, 4.3984277478313425, 3.26454535726699, -0.7704139645732201, -1.3572744578749394, -0.13312860817419106, 1.5137676868459047, -0.299658519898617, 4.272381329546608, 1.9504248093593228, 1.4707008646881317, 6.543449855931974, 4.439791915308227, 2.3180711309884265, 1.5512482426865881, 2.083051474502424, 0.7888440249529706, 4.410538846595571, 3.18144105238813, 4.633952890669341, 4.294820293735126, 4.8051392726462465, 1.4692454210618269, 2.1149528219208977, 3.6721463839847903, 0.3076087951576322, -1.0355077163764337, -0.48300686252792946, 0.16540040573438075, 1.4480303998129254, 0.16683570854932617, -0.2501308128111885, 5.665351367652041, 1.6824032434630207, 4.310709157490928, 1.9157811918081287, 1.9779097749006607, 2.100350523416364, 2.005823405359514, 4.522805885942915, 3.693840296878505, 3.577343982586272, 4.176915658397643, 5.016667793447128, 4.416155306026181, 2.919274791003589, 6.629197440010316, -0.5931821795234304, -1.1048898504747104, -0.8527145542608807, 0.08573304232593142, 2.573116624438345, 1.7994964875112551, 4.828718621462471, -0.026073331353117443, 5.769152842271699, 3.0246936689009094, 8.04142052866744, -0.006329396488139408, 2.4740645034622584, 4.051343888315564, 4.990498642770165, 3.5176556293358203, 4.101770842528075, 4.11985651552114, 3.292366697807612, 5.634948067773436, -0.08281443937919958, -0.23239191386688568]}, {"header": {"parameterCategory": 2, "parameterNumber": 3, "lo1": 6.000198445256149, "la1": 58.999992894266676, "dx": 0.5, "dy": 0.25, "nx": 22, "ny": 24, "refTime": "2024-03-14T23:00:00.000Z"}, "data": [3.7845880738885693, 5.468080184049398, 5.316469418171952, 5.480029348298812, 5.614295355880925, 5.16269663255927, 10.389555146995459, 11.4281144283515, 13.655729665549192, 6.965891092386837, 6.7323097540779235, 5.734798507926447, 3.599623077792207, 5.439305783977211, 4.497908235249491, 9.427777976527699, 10.70916502661528, 6.7394592516794605, 9.017502265259829, 7.634348787309706, 7.007905624341016, 1.4699150432095085, 2.8364945874519614, 5.99430958500689, 5.948027436658648, 6.645109167089755, 6.0216150665181996, 8.767324018735954, 6.250188924513533, 6.1009398400715655, 10.12007547103092, 5.790470519589519, 11.225187811529299, 6.913502565664848, 4.294447612825414, 4.74993153532139, 3.2464742306365113, 9.734555759966783, 7.776207110479745, 9.842920197914495, 3.9048434929449947, 4.749972187307754, 4.356827446803962, 6.882367584579591, 3.759712654493081, 5.955990361879286, 6.087556009855844, 6.101793771683219, 6.5162427699936005, 10.595202602122853, 11.262151213675768, 11.395485689287977, 12.688733276458914, 13.13605483732638, 6.666662796558645, 3.347907011679469, 9.721819233710233, 10.1581962207934, 8.554557241856365, 3.5705797289679495, 8.333766223759156, 3.9291774745308587, 5.750702375598526, 8.62856034269103, 8.284435716257649, 2.769505402327158, 4.879104994296254, 4.6276080640600235, 6.482792254491319, 6.008923470815752, 10.49997893517904, 11.648183045815681, 8.914517046958766, 8.869836973972433, 10.400050057502561, 7.522430774820161, 8.378162353919297, 10.398813258096075, 7.663538349651147, 4.681645325552432, 6.150504521943497, 3.4260666771698407, 9.846276237455307, 3.7592741760202046, 10.524434944494155, 7.821537968429684, 6.705705327838392, 3.9044665051629774, 3.0827726545654923, 4.272003571717585, 6.326205445490414, 4.495785067432799, 9.66586122398016, 9.866058506367777, 7.733791884271891, 12.765294356722013, 12.20457188293286, 10.907764139378148, 12.006614560652647, 8.516638860039725, 7.271620441074524, 5.106659424420628, 6.625638497351885, 4.1581031528487875, 9.514663595888962, 4.413366362222247, 11.032294688488324, 3.794116046931337, 4.53235171453493, 6.467237315126698, 3.428528866505701, 6.168173386893458, 6.538700025263178, 8.47725498348154, 5.796627582601129, 6.887002828241034, 12.51056305524258, 11.43723631129392, 11.587790750772614, 5.3693821893269105, 8.212355554722118, 3.8759175144631954, 4.099864685228052, 9.238533000383155, 5.793887429915257, 4.360177677338955, 3.304723140695293, 9.003444136792789, 4.142661645639947, 5.471066536774606, 3.6643418325751647, 7.616667200020153, 4.313960945295415, 5.844631186954843, 6.278933175106855, 6.982602301428145, 5.584365006380925, 10.225135993750312, 9.758688573677919, 6.067996535823975, 12.240274551132812, 12.028177587836412, 8.00142571510712, 11.706648565889894, 11.286530573191047, 7.139439075170155, 6.635403027631845, 8.84482477359229, 3.5566963861097487, 10.43169391438946, 4.799924257961135, 9.924435938043166, 4.188467345594652, 1.703703927964429, 3.4904595868234325, 4.80041194825196, 5.576779698363281, 4.839447774568061, 6.344120548345531, 11.110585227616484, 7.314002556968403, 12.880474786331048, 11.806199954574632, 6.324354643855968, 6.808383833878703, 6.666613207301948, 9.717870680787842, 4.82824939448247, 6.593709218225614, 4.7927884761616895, 5.114376685470616, 8.842576992501357, 9.067439009776587, 3.3034909035697426, 4.8203287739492815, 2.0155110071733673, 3.7331744043497483, 4.932796133055293, 5.826524548266283, 4.777559860286261, 5.921785364406511, 10.420390321023602, 11.814888906782674, 10.965841156305242, 12.23678697910875, 10.446027940889742, 8.51527198182857, 5.387367510874797, 7.730974687130666, 5.776366919909627, 7.756610146521412, 3.3758972100688447, 4.178694141912144, 9.289834518295965, 10.628615883879627, 5.2660394129943855, 6.357182213206109, 1.9957388162553036, 3.7662534410291415, 4.596828129015355, 5.198214187385527, 5.738132068427336, 10.798754317939109, 8.807334297173231, 9.922473872560667, 7.625617971976993, 10.587350924531561, 6.525140810770547, 10.029960354659124, 3.273477911836885, 3.7358113891055447, 10.173128304396844, 4.889292026671703, 4.144134570243049, 4.5693818163884155, 3.590915740774184, 9.333179884399335, 9.380635072314332, 3.722857785985318, 2.3483041007796923, 4.301919542001401, 5.801512171157185, 5.141864966370755, 5.1026581821664365, 5.946790851937133, 11.417037498620026, 6.150793296558907, 10.13912772896904, 12.255477361418254, 7.660074036722974, 6.3839918467762775, 11.572896679398454, 4.161642691972749, 4.68199919282345, 4.018060651977013, 6.11234030696433, 7.89786419043026, 4.722040643594229, 5.131074253767602, 7.802136642655491, 8.179160741043148, 6.4420104882809115, 3.378746196008831, 5.711611053188764, 4.619042919800575, 5.826143132322638, 4.341292874627513, 6.753320838528967, 12.359142098841584, 9.766388825448828, 10.71931158569459, 7.441439765311277, 7.68353857228992, 5.598471005283767, 11.267114931589802, 5.691513830783415, 3.9331273342531743, 9.452602933471022, 9.563373177044951, 4.408772263819561, 9.107946756659118, 5.25689010855337, 3.3535560980251824, 1.5537526518236728, 3.372880628752355, 4.701909914178159, 5.559884550378486, 5.855986490902104, 8.211437724220788, 5.573518691641429, 11.413249332337909, 11.374753602296915, 6.311281059476206, 9.638038620208949, 10.11367264628936, 3.311115523889327, 4.733413745731457, 9.282311105546837, 3.8339182669017187, 10.067172795582737, 6.561081509698258, 12.952145756472044, 7.6699512682423325, 9.17192294496096, 4.801190609407224, 6.410815047422228, 2.56141637270598, 5.118224151863847, 5.819913267011801, 5.962313356552158, 6.517926594789746, 8.276880197428527, 5.986008192989195, 7.493873525927966, 10.532629371730003, 11.244260806885784, 6.024113900570176, 11.176353930848538, 3.576693779947303, 9.878046214742243, 4.195135926914899, 4.161143396316379, 6.605746596108977, 10.4929124471461, 9.13137309753732, 7.753911686195339, 5.977967612523453, 2.07592902516254, 3.121288309229492, 4.948505493084478, 5.826269440387674, 8.678376194041764, 10.608737039600145, 11.465694970969109, 10.404739483640048, 12.561422422589768, 5.577075476310353, 5.227817423412513, 6.715095085983811, 6.212055101827656, 3.8240358950225404, 5.545305985855494, 4.261920174510503, 7.252963929669969, 6.648257365981086, 4.365581521381884, 4.321503250077853, 4.67794907246044, 4.9172469210127465, 4.683586847732334, 3.327955282546152, 5.739727635406819, 5.085370825057955, 5.984521229629487, 6.0561131464109375, 6.1212254287779695, 12.189614207581958, 10.987997510449025, 9.930155781369791, 12.597714661635194, 9.348659569604232, 6.648780355561306, 11.687968669578641, 5.137096968879022, 3.831404576390831, 9.379353872599522, 9.490061648458134, 4.2006459597175905, 5.820017853240034, 8.195185780371032, 6.996618439039842, 3.686230808581003, 3.0624182113140686, 5.165019116375643, 6.030195814633243, 5.44536159857396, 5.047879586478656, 5.498826887207515, 11.583749488082008, 11.063683523023913, 6.346226517993167, 6.156956758533249, 4.0522926791268095, 3.2796661051098566, 5.886442714743891, 9.734150379954485, 10.231875433179725, 9.925790412426085, 6.004251005606923, 5.013402373257454, 7.796003781857286, 7.608194610836459, 3.442671421229004, 5.070980019427378, 2.428674907673227, 6.22879568927193, 6.179549569801606, 6.4323131247249385, 6.118140056787134, 11.723258652954934, 11.68544705257962, 9.439187275889683, 8.601722533864255, 10.788811129014872, 12.089047238788556, 11.192409429573798, 4.446587942796918, 10.238846319005242, 6.336244962243375, 6.038986926166963, 9.52748835933054, 6.965051431889912, 9.448889281190077, 4.368881124407113, 8.97408607007959, 3.0129057406508655, 3.06145132643796, 5.375902835821069, 4.611848432262395, 3.8255991404410623, 5.670143282036194, 6.868111655643921, 8.492377966491256, 6.285478382816766, 8.452296334313049, 10.178229566335762, 6.949906504202264, 5.956569092976235, 4.649891422240236, 3.7590451380123837, 9.885245709397662, 7.061321257491294, 4.124494972149368, 9.862882511690191, 4.176504714340371, 9.312078788179774, 3.4033151684824796, 6.305868991681698, 4.030772615520724, 5.145619384606608, 4.742628490200748, 6.402022512109546, 10.760412729266791, 6.1405026529007465, 6.164867823303886, 12.1647956890715, 9.933313893311576, 5.660557672703075, 5.542072143842858, 3.9353167808346186, 3.6199543926765263, 6.466151252952999, 9.957633850686895, 7.080182251070451, 4.645194597137235, 9.112485405673546, 6.016950390248432, 7.573090052870431, 4.161018247287751, 6.191935456081019, 2.847395156957913, 4.74998159037711, 5.281107265408839, 6.436277693968831, 5.466675701101045, 5.594879462699176, 12.249259221940546, 11.04872751320955, 12.35873575206413, 12.820415270536872, 11.99858783532564, 11.856526120493626, 11.596559907594111, 9.839204153996315, 6.063999380869317, 6.317357409401017, 5.185286452494206, 4.044272863093817, 9.675836843204074, 4.826658542916334, 7.139937426224534, 3.949944911871171, 3.803844659483293, 4.555821520318743, 5.177245387614518, 5.524388385221826, 6.517528648206714, 11.506985125652713, 12.112789325135433, 11.687705295130854, 10.337219094390893, 5.600186800018254, 6.0088188716938795, 6.907429593660479, 5.402465578837928, 9.735258100292201, 5.950551432995849, 7.031914681954983, 9.95251547892156, 3.9482277763661693, 9.633083838307885, 4.843433909635262, 6.694438431097944, 5.016151839657919, 2.678460736751596, 4.676294263856473, 5.588504313891987, 5.90814966347109, 7.917379549439565, 8.64821029033346, 10.158039614954209, 8.199565603465695, 5.404627920924099, 12.753013909282046, 6.802627320393622, 6.674150517632634, 5.160172584245115, 6.990383246408366, 5.879327637454419, 6.56835464664603, 8.924418207073392, 4.8685721692130315, 4.192626622942765, 8.484636924095042, 3.896820177109753, 8.083761901624072, 4.106730977379055, 4.634371965873311, 6.1813690897822395, 5.823689302221608, 10.198286235345238, 8.383223585834239, 11.734840070634236, 5.505478621557973, 10.60824541036985, 6.079330603073115, 9.052260626500013, 4.677980281029543, 4.943707518569569, 10.270544186241647, 6.033253361108587, 8.024824868512711, 6.734797914651793, 6.897281582356176, 6.2783388139256004, 4.602366456327767, 3.496387313345321, 1.5307460436716835]}]