script/wind10m.json
{"header": {"parameterCategory": 2, "parameterNumber": 2, "lo1": 3.000054539987559, "la1": 64.9999836372058, "dx": 0.5, "dy": 0.25, "nx": 34, "ny": 52, "refTime": "2025-10-31T18:00:00.000Z"}, "data":
[rows 0 to 23 of 52, columns 0 to 33 of 34]
-7.885240628711364,-6.275463533717311,-7.760542915062698,-8.414833842990273,-8.836711659597272,-9.59916779315981,-9.987705183729618,-10.327070863258992,-10.824598812741629,-10.744288922342877,-10.744054438438894,-10.81921159384795,-10.623562587174609,-10.132358929381429,-9.429668005591562,-8.133237943623543,-5.104233949985458,-6.394308017747905,-2.8487512070212606,-7.275831624368065,-3.9146579014225713,-1.7008972071889437,-3.4685898385322775,-2.8915713559310285,-0.9172888532601411,-0.721231905488421,-0.5132186436985849,-0.658659947381477,0.5934697562368637,-0.5289411301723449,0.12337640142458162,1.1797759667367338,0.09752454405321093,0.8243007977545468
-9.945352193404583,-7.049882764728357,-3.732960986319638,-6.3342559273188614,-6.879940726414647,-8.031539111283362,-8.656731937762235,-8.675894896109824,-9.421505475470047,-9.846637524723835,-10.114482252229568,-10.265762018370637,-10.420801792301013,-10.329259519384367,-9.999175322527458,-8.692125850895971,-6.526710614504714,-4.4677180413131,-6.0080156719772155,-6.167375845466074,-5.2246139456650775,-2.506770021185949,-0.4319180385744781,-3.9879765729611876,-0.8437770446227277,0.1266315832540133,0.4492511336499228,0.6167815343834022,-1.0233681051069625,-1.2318283400845664,0.2162841814650362,0.9662515798919395,1.182482146275289,0.3178763199313502
-10.251014326071854,-9.373621418798326,-6.825744655952689,-2.37163209947561,-5.052532275775811,-5.51886739157083,-6.099677784553622,-7.165207166925624,-8.477604787536594,-8.795732313062294,-9.194645410629215,-9.465085928132831,-9.55862974900992,-9.419643837646948,-8.967499762282825,-6.468746138271811,-4.384004928398278,-3.7439647448280633,-3.043508456536904,-3.6102176965684802,-5.627054670894437,-2.5068521893940607,-3.101397365225629,-2.2605887627938563,-1.5177965658072259,0.7243025418608374,-0.5638220276125009,1.1249611021396435,-0.9453532691095953,-1.8284307919671274,-1.2775072833651506,0.3193357048698131,0.6365419367242696,0.25739495638330684
-11.034847816489663,-9.542295263392106,-7.203316455246499,-4.899951776835095,-1.5229706216876957,-0.07345271297100356,-3.6842781237467928,-4.600452373099268,-4.767519297648744,-6.337876022235481,-8.5682324075484,-8.425770505536796,-8.640180271802729,-8.763161561665397,-6.959582300759278,-6.7375963316241,-3.0921486991146097,-4.1251578386943155,-7.140314075354439,-2.2828342135126753,-7.270127365665044,-4.1323593115500055,-5.60917829600537,-1.7606232417864416,-1.1940659929200408,-0.4081304654755005,0.5151884985279439,-0.5140458488908847,-1.52433921500559,-0.07384138458393781,-1.294795902884726,-0.3668143594606856,0.26403099666849256,0.36984439562016613
-9.12620095545061,-10.698165730046087,-9.345265219225116,-6.253432960959445,-3.6732987444383385,-1.8558468120613107,0.49058590719013034,-1.87222965108969,-2.359862974853553,-3.1103049453961074,-5.430744332344772,-8.24604779513002,-7.4631100810285105,-8.399324455372229,-6.50988824842838,-5.717657418895488,-3.5446803018222837,-3.7532966663672425,-3.752729853192663,-6.271908504180918,-6.5728644504044365,-5.288849789393935,-1.1611979472009704,-2.551244255412159,-0.8122593185125303,-1.1546744154545108,-1.3124682536268384,-0.8456028491204494,-1.485687384299223,-1.260269877723683,-0.7205749652348535,-0.198614127839804,-0.04709059009331183,0.32301178727965496
-9.66298145527315,-9.832128828824262,-10.175421439547934,-8.968784713807498,-7.466013799322342,-4.587528489723916,-1.4550009119729188,0.4061570930983583,0.546230840563783,-1.7560366652465433,-4.005805781301144,-6.1122918505568835,-7.877365690948471,-8.55071648620486,-3.92920183481235,-2.051957977857807,-0.6883563135360882,-3.178702172295119,-6.9338163305336185,-6.821429646883417,-2.5492997348923843,-3.491904545398578,-2.4974817017467377,-1.2913530147490957,-0.17583909608757198,-0.47350003188016027,-0.8684995103214705,0.7324783323370486,-0.6828073338172297,-1.1130771908899006,-0.9094782113247454,-0.18468891304069926,0.3178656329833944,0.14297877690897795
-9.360575684898185,-8.942718677998931,-9.40036711332375,-8.762919598888354,-8.737276932318313,-6.464738361729536,-3.637476419363424,-2.173244752822671,0.2194919554189905,1.661789754740465,-1.633980115275559,-2.031410784986124,-4.056287972481899,-3.4840574734907186,-4.430514075474251,-5.606994174487514,-2.1419085407632235,-6.217299881697708,-5.753344251735517,-3.4852489218025946,-2.721588773898283,-1.7256928754231846,-1.8005947467919756,-1.2173849615475723,-1.3757577301940016,0.20935717332569512,0.04209625588613526,-0.47817589741304933,-0.5664751370324783,-1.0132518472482444,-0.4032182411205054,-0.2835982848089479,-0.2984691176748937,0.36515719990935036
-7.612488727900736,-7.756830910722981,-7.365301110921281,-8.593457057437524,-8.370131959370868,-8.013994415241557,-5.623686664813102,-4.880517353071735,-2.3308391984198553,-4.280062537020678,-2.1714394183963925,-1.6078394330740422,1.1607905181786942,-0.6469476789702481,-1.9703604351397,-2.0529087935898405,-1.7643959693015758,-1.754593872021183,-0.788440389065624,-1.4746535190701733,-2.691098838894922,-1.9554755012592866,-1.4751428632026353,-2.071881490689864,-0.5989247094230682,0.20221297743774622,0.683593623711812,-0.366547531901165,-0.06401722476903716,0.257220073657465,-0.7338924188574327,0.1454228339397336,-0.0685627758093973,-1.297857144026811
-6.084106388446472,-5.4683721957219795,-6.252020189021562,-6.949136418392026,-9.484692670305273,-8.157181860790054,-7.367502811724909,-5.241407671831146,-3.626889393220989,-1.230598028916267,-2.2626836503989742,-1.808384697713214,-2.8792169580647693,-5.403643058053418,-2.5120060168967595,-3.1319386201916233,-4.94321416065981,-3.024774716478288,-4.8261350476470035,-3.444619034893328,-2.1827218445135337,-0.40711516499028133,-0.010079732413179922,-1.2238760082619684,-0.8106646103495431,-0.48966059016792296,0.5564160099137117,1.0183058904134794,0.29455684894331585,0.7847280074811156,0.214037924126283,-0.19515009905267275,-1.0808500306865103,-1.6725849692644414
-5.6355443269824725,-4.927746622022227,-4.32136998169608,-6.687600536113389,-8.620227142677543,-8.145189634504453,-7.249805686399261,-5.705157059427028,-3.9259470233730567,-0.7693981254304857,-0.5802880735932407,0.7648587450759098,-3.787523507065068,0.9942410475177612,-2.7470889649741803,-1.176884928963227,-0.5157010755149237,-4.068471755341522,-3.908761140811789,-1.6596999511995687,-0.5797203277999721,-1.0623738915825203,-1.059711653748131,-0.3627948987926577,-0.16615006005463165,-0.9470902188777017,0.17543478910126276,0.01668239463231478,-0.16847671525275998,0.4611368391040211,0.43362579059794965,-0.4818558749129528,-1.9755658265050524,-1.9846950013050406
-5.9665728804473686,-4.58032123669474,-3.708846183513403,-4.962364776230327,-7.024351809765763,-6.4220948306076,-5.28570116833006,-1.457488300905012,-1.8318788414572078,1.5610602810417573,0.9739036919738748,-3.0030380069073925,-0.16439520630614282,4.077910873274051,0.8029972029026968,-3.6699906214867757,0.3693232033893613,-1.6385213368833118,-3.549263174652195,-1.0328679829896161,-0.8183837591198379,-0.5904719776576086,-1.0017406005014104,-0.6065058670530127,-0.5691741672904341,0.4150751065814568,0.8773483149208335,-0.08636215211213082,0.8386891660268063,0.08289975546961782,1.126569203940226,-0.35965577066366555,-1.4250427388128988,-1.6907729779476044
-6.201975677707386,-5.8724399051448035,-4.251957542021142,-5.333406151443916,-3.1755942989638157,-2.601123350289891,-4.1793881407927485,-4.32943056003594,0.4164080580206581,-8.813026465316524,-4.110004936145307,-1.8238410404641623,-5.029773089072253,1.479741398487081,-0.6876605282824646,-0.9986084102289444,-1.5935339129488826,-1.6360122233222487,-2.1769297885664964,-1.5589138281237689,-0.47306700818882425,-1.2612577645818723,0.4569987476880215,-0.2042209706786014,-0.09733451180349176,-0.4187952257562118,0.5756429321160386,0.6324629516693357,0.9177548554795854,1.0125965648045612,0.004855961126036372,-1.1319222744443858,-1.0201465691031317,-0.5929045674175231
-5.7337288074825805,-6.722332337727844,-6.4617366966398135,-6.131289544436167,-3.3323602717089953,-2.0049105274408694,2.998710816249075,-0.7494231867298359,-4.759585105001274,-6.252784960281233,-4.37842182899514,-5.179470143256946,0.3398181800201689,-0.41608327179623944,-2.362973556301438,3.9276248890329932,-1.7161789767668558,-1.2748445437834712,-2.496542076437597,-0.8074503579043129,-0.1554859805274501,-0.6442681282067196,-1.2398790375065323,-0.5003110975886452,-0.2991431804542525,-0.44393474371303954,0.10677882320789017,-0.23048939418068634,1.1809651153742922,2.224121772612778,-0.09639013177598611,-0.05079768524316076,-0.6907774413689888,0.013049910500396212
-6.149249702681654,-6.253443012405629,-7.601567737703947,-8.965984620458766,-5.638693873523171,-8.22267031204757,-2.8390869770477636,1.5773034562825465,-8.837885058158124,-3.038824916092542,-1.8233703978651186,5.567166216031783,-2.0771870489739532,-1.2946361451484119,-0.38369939723802626,-0.18749612314326844,-1.2620278930683666,-1.0987276450788872,-0.44818195210068845,-0.9596853606682336,-0.5899223011795622,-1.3443398558227462,-0.3870632772451088,-0.17003282297031175,-0.3629404733323503,0.17333640603906916,1.0079281925655654,0.5804754161131886,1.1046666912885397,2.124842283779554,0.8736725042848636,0.7850218542032885,-0.5564778901109041,-0.029598451145405547
-6.615727251399574,-6.241017712488931,-7.099659171805921,-8.29185138592633,-5.858451520849647,-5.098686821561334,0.7168714214377526,-7.519167135321533,-4.058005167095659,-2.298576685159723,-1.1495666194020178,1.7102300975212317,1.2355909732626253,0.9549707043487324,-0.8238245529733836,0.01387709679620563,1.0645779063585143,-1.3441330187830085,-0.3588941662582099,-0.40740167457631277,0.5465939013698956,-1.0200975212379197,-1.4061551546823554,0.1056982693447218,-0.20472952654362878,0.5355977662190886,-0.14576226406248075,0.9847430138766805,0.9328238836512658,2.174593724752286,1.0406527283986369,0.3117578741198375,-0.4137311882627462,-0.006294857307478055
-6.602259785911375,-6.390812322514556,-7.238246198387898,-8.351553192768463,-4.0535977166492305,-4.277923970995287,-5.621210117139526,1.7164944673354623,0.10587820409372031,-2.1915921204603586,-5.3775203727402765,-3.24893054727664,-2.698175127850111,1.1009976461914142,-0.5153769801560115,-1.250173614056617,0.000963488955399876,-1.8482484671584847,-1.144929637309237,0.7406624521846289,0.006436650431546641,0.10402880790863768,0.3803757431024082,0.9734515286344158,0.13462422474512037,0.20876834105426495,0.7736081843355671,0.5227731395369926,0.848442433884302,2.398077537989361,1.6592386802603147,0.5652336742596339,-0.35354148244980194,-0.7061179355231492
-6.997240438834878,-7.198682835765986,-6.1633450237730845,-7.443818290043324,-4.673665035304294,-5.4879154747645025,-6.516342832678672,-1.9326087024841259,-0.9651467363627245,-5.126523528274748,-5.109405936816541,5.267744917444883,0.8104803460019054,0.2711365716519833,0.5943783392198967,-0.8871029900526957,-1.2482710473063865,-0.874132469758862,-0.7904709151731075,0.18071594366967308,-0.25061620971851295,0.3429314596808339,-0.9348330023503849,-0.15191254947520946,-0.8175341896403983,-0.5463462466884046,0.5314142034449726,0.47303209470953034,0.6220454971972819,2.4484898232927748,1.0784823819067968,1.532428397200707,-0.5397995792202485,0.3796298020902722
-7.244345473704927,-7.823257725826618,-6.6739265526878455,-7.240597226728684,-3.340679630197884,-1.7549633291050062,-4.673728960491883,0.5705769937043441,-5.048235240795205,-2.193546375618315,-2.2073949689786763,-1.4140688578276126,-0.4854591416205855,1.5573959888529756,-0.30758364492740975,-0.3049842082911835,-2.9418615616895876,0.15607570827633682,-0.7825344265876817,-1.0780106150201658,-1.2900059344364763,0.5625487532754538,0.09464247933290378,0.051045404768412524,-1.0295371441312489,-0.1273430100529529,-0.2196760564231091,0.7006034874161061,0.7813428877389473,2.4542808871177826,1.84699846395845,1.3270605480353264,0.06523408625469668,0.9507364740802365
-7.397828467731947,-8.568950773470727,-7.990319643916285,-7.6957812647482795,-4.476398120683647,-3.608655520171006,-4.865479891468277,-3.072279177322798,-9.683896164197304,-2.0829083265648327,-1.2843691402094546,-2.157577876612525,-1.7175482048465964,-0.453595523466178,0.5494911347597208,-0.6155835837027138,-0.13346707523100532,-1.3070430663501793,-0.828619863064864,0.02950228827583199,0.6632450637460992,-1.4065737913776712,-1.2650135772677846,-1.35826267832039,-0.6280359408997269,0.6447210723025643,-0.09051009820343948,0.22944008514578784,0.5794070924819258,1.1253597736950374,1.743481940859739,2.253885692713268,1.3416280465965964,1.0375637023117479
-7.807566698819464,-9.15708404375138,-8.973354865242852,-8.789693359725902,-4.219290958563686,-3.0235922657705974,2.50109640974627,-1.8155585780100867,-4.719591225387424,-2.0403718461888136,-2.4604742675290883,-2.7275085137745965,-1.6454488088631674,1.3245437329718293,-0.541227545622625,-1.3638127519341496,0.36555102547181917,-1.1557231330201347,0.3513374694518471,0.018495243407683788,0.7818719971960624,-1.0130515019903445,-1.4863057693752206,-0.01347834519912176,-0.03573597357701943,0.3716386179101975,0.2594760564840602,-0.2294353005226924,0.2715111008922737,0.7872184631579523,1.3959100464535747,1.5762490084608562,1.66382759104045,0.7508541595547319
-8.95234654712986,-9.491655679363497,-10.043534451822026,-9.906625403453665,-7.805004407315308,-2.931195927291795,-8.151258375157395,1.0910219821117504,-9.388385835460417,-1.5256445267707415,-0.531533244453128,-0.7777029638429059,0.24931168432674417,0.38739313724925833,1.2445655847508736,-0.1028608097067598,-1.0241784811395274,-0.436419736013708,0.05686982719992971,-1.1406335819067615,0.37696823798832274,0.5685964439980014,-0.928607016228859,-0.3134402173753493,-0.15558165930620338,-0.5903376066858291,0.25935744976016406,0.642906067697462,0.128953714081742,1.2329052543083712,1.2291811802407009,1.6148683524035836,5.035004980307029,1.2165220292083323
-10.495543717748781,-10.290663700479195,-10.05502074406739,-10.784938032015594,-9.567348313457764,-7.041086160318639,-7.18221238782363,-5.401952763737538,-6.227943848456184,-1.9907672049401046,-0.08354855323578736,-1.0188414691081407,1.4204296920152968,0.04684902703281505,-1.6754128087545372,1.1839392907746515,-1.4932334002409007,-1.8605517164622356,0.4634218304719864,-0.47137049327297725,0.019073797140970072,-0.8907453535995769,-0.15471829844568163,-0.6350441590536118,0.1869498481620179,-0.20165019535189302,0.04746125985215129,-0.3006418842334832,1.0964868289263563,1.196640822210383,1.0674206786040126,1.86779745676948,2.0933335088255034,2.4003975950801806
-6.215181527022094,-12.667919929759972,-11.185818810580278,-12.139635195063656,-11.194054615837722,-4.297225693060213,-5.611301717926457,-4.712259188697573,-6.749581018840328,-10.156795450681855,-0.32844527343695873,-2.8791199189372247,0.7311022935899635,-1.4769028625294438,-0.94081524678144,-3.1019061610963994,-1.8038299764408487,-1.6853418505093951,-1.1274870196525977,-1.6254229164053369,-0.5786554054790393,0.06240505865318115,-0.6662848023861132,-0.9980669788075854,0.036789641266801495,-0.10714124605206743,-0.47834569273033123,-1.164609400913116,0.8624115144099156,1.0858432901900985,0.928820203224828,2.424269652208989,5.856207190962587,6.202096380081969
-4.345474854894084,-7.472547105974851,-12.398321394908583,-13.378509105082676,-11.078565227475506,-10.282013984843307,-2.533440290606815,-12.960514986590164,-7.87520578860449,-3.81105030982992,0.9060568626240771,0.8072785411634595,-0.8396236047217227,0.02620045940269102,-1.5779814232771312,-3.8714537398690974,-0.9753281887525072,-2.4329395852027473,-1.8593176858295033,-1.5672475937357717,0.13378652796222343,-1.4725141843217109,-0.9666420776540311,-0.513039366198723,0.24365606314969904,0.3943865161265503,0.18310214058082885,-0.23385652022174874,-0.05609762395101713,0.7308826497532042,1.1757216730431463,1.5222054296290388,5.029911971260322,5.267195452248038
