script/wind150m.json
{"header": {"parameterCategory": 2, "parameterNumber": 3, "lo1": 3.000054539987559, "la1": 64.9999836372058, "dx": 0.5, "dy": 0.25, "nx": 34, "ny": 52, "refTime": "2026-04-07T23:00:00.000Z"}, "data":
[rows 0 to 23 of 52, columns 0 to 33 of 34]
17.18036663095198,16.182280501038605,15.30322261527215,14.168689421734213,13.205373203330963,12.262882428228364,11.44742164967078,10.745817181165696,9.620488256673765,8.894118579559285,8.688975537508195,8.149221588515761,9.043203354695343,9.426706012863391,9.50717996176765,8.901111533505153,9.524315451297248,8.88835558290192,7.59386294063176,15.298994415649494,7.301719201554988,1.9427717894949799,5.075451387191205,4.226036184923421,3.078042458471264,-2.8485975324162927,-0.26535467621873016,0.5550883317189309,-1.7543561190144923,-1.985176538602209,-4.806976792698302,-5.9213694795288845,-6.16051066527215,-3.246826638459868
16.940333590780444,15.827630914090912,14.776859105258385,13.961687087341472,12.725101195627653,11.828365613180555,11.062710844344657,9.966067668341037,8.822754683039564,8.069535442865838,7.708384446480698,7.715704055740209,8.008836160499346,8.772169110293534,8.274642539639105,7.043296055585681,7.971518809306576,8.244975977541293,13.326024220444758,7.894612650929462,8.868638887281643,6.746955671320668,2.8572214510270775,4.665062170571814,0.7825212317115519,-0.6086960704538951,-0.41965415261294253,0.7568945480639006,-1.8442253464603202,-3.3056902318141006,-5.484719086150221,-5.189794283386668,-4.717096058703595,-4.180252542704717
16.60951524903382,15.64043809577461,14.728926645276971,13.655159394948615,12.395969197108391,11.37983569844866,10.242713997915766,8.975731807545921,8.089750819889995,7.3913051411586475,7.088198578130491,7.339903677504153,8.383093233042862,9.657995393850154,7.090539523804599,6.3163668325540945,9.855776422226974,6.9672849823904555,2.0935266190196935,7.651537205671839,4.729193136758074,5.188027840364367,3.7805481883915757,3.50580890066318,1.9616359681054043,2.22736949709195,0.545278849491365,-1.137300617711149,-2.2332782462738656,-3.4572959311983333,-4.8006636738241335,-5.439919345297227,-4.264834989009891,-3.2864877532007495
16.321137736399262,15.22114959936188,14.252784536195032,12.82600964847587,11.689681919195118,10.360297116899272,8.988132273810086,7.619903115541365,6.828954333648815,6.73594010027941,7.114072280993258,7.482807105523638,8.513370411298373,9.057848555814301,6.127359498610519,11.601431350400858,5.734705194605556,10.998689198858777,7.941430779016301,7.3756954585290915,9.345178041019695,6.208222640117828,4.574307720425218,2.173677001843238,2.5153158570318754,1.800526009279177,-0.7967148766087057,-3.568951957005021,-3.3839923364513953,-3.9217711754398663,-5.362300834288708,-4.9918699288518775,-5.527354745559742,-4.916118244439866
15.851886336376605,14.724384306560717,13.499528053874336,12.262183638885904,10.792885065231467,9.081938541267366,7.561292977295627,6.184104572833901,6.153326099443596,6.010712890193283,6.648326175676102,7.628769387261761,6.930624832374921,6.700903156474812,8.740654116796808,12.180424544394487,8.575756215156744,4.215133577665671,3.8553895172256545,9.101987767054869,9.024929841803363,6.481985934792423,2.4127168395087306,2.624485502482314,2.910478230660228,0.09051371013941885,-2.6329741310112307,-3.206030140302524,-3.7248640843321343,-3.2381694812739976,-4.430757205411314,-5.797345185051334,-5.8465532782496625,-6.279327420346312
15.400304013293164,14.266130421792989,12.737026508108551,11.398494971725727,10.137791835050342,8.367936250040971,6.465756370530533,5.731579035025808,5.798502343893984,6.365001764243232,6.534326514951605,5.661269476667613,5.702829046914923,7.228600722825842,3.009105763389515,6.910070796334289,1.234197194751254,2.502037283342436,9.964603029688188,8.38726533158194,4.8169399249820914,4.508972248427344,2.499004307032013,1.5838157594835487,1.9357274397813202,-0.7750874613207436,-2.137442442585389,-2.3559404767819943,-3.7335354707126576,-4.017043067159578,-5.223018684600866,-5.442837046482538,-5.629385911879037,-7.34236334388414
14.82229658024005,14.13166180547786,12.902307195943541,10.836742585801632,9.176978933354683,7.906304071985564,6.928544089944635,6.303361876064646,6.105590512686044,5.510772463780518,4.604894179808587,4.404859112851698,2.602458469166409,9.753656194081044,3.0570181947355364,3.3520455074934197,4.003817687590828,12.214410387504195,8.35150031534759,6.712361756731342,4.888745083574431,4.3898267291203314,2.8179451258421135,3.355788162114179,-0.9552639403378709,-1.7203760804748838,-1.8455578386010423,-2.9140364661003177,-3.448918211115055,-4.3995926702853,-5.952295642692579,-6.450612588913439,-8.71464063573547,-7.876839455321261
14.608058795751232,13.906570311800843,12.44688892244075,10.85263101928046,9.162996299971923,7.869304969023599,6.458302997251119,5.132185671869101,4.462511345151008,5.33971370270035,1.8654900134174621,4.8582274733307695,3.093601870884431,4.917330982430326,7.953049886641967,14.406692560775243,4.057858291593855,11.826091635212828,10.116339943351251,1.2775511569355404,3.709428334807318,2.312740809917428,3.021813276654214,2.5019824695932553,-0.4568808293868077,-1.7301231236354475,-2.334390699827739,-3.878187076157028,-4.167555898717898,-5.308702892474119,-7.660721125106337,-7.6511173769795615,-8.950878035190572,-10.543651098850042
14.87451474705822,14.08568124270741,12.780848936129129,10.726048868390281,8.870445736203822,6.764516309399846,4.852073175622049,4.743882392835229,5.068078704881634,3.1141249407689804,5.144369880167558,-0.347745336085332,1.9826104047857538,8.154158529694731,19.691652899987677,6.204334104503842,11.820126594744007,15.068057221655055,9.620594827005284,8.129404004077857,7.2248561185106555,4.014943778421411,2.7420976897189386,1.4929325063169394,-2.7672409491392638,-3.313412674666724,-2.845324194320204,-2.6867670805201707,-4.322779820691374,-4.917396312711747,-7.337614569594437,-8.944743632158138,-10.094741758188238,-11.861117919415454
15.19188859396983,14.505117074991192,14.040658451414133,11.37060196848133,8.615949456984112,5.152612164767466,4.011197617405906,4.071094167056626,5.280794242087493,-2.3606912740668116,-0.8767672139307036,11.889878975115808,6.725536344864408,9.062576801046989,13.312075979911304,16.979911825773893,9.483550467875078,9.43567336229164,5.904866209540363,3.5310561340028035,3.423367909461863,0.8083083150643212,1.5972884598565738,-0.27665777466681624,-2.312020115722786,-2.9736956954957,-3.160783771343978,-5.132689753372413,-5.17912015476226,-7.733929974389681,-8.113603784105928,-10.160313723432008,-11.954308776670233,-12.817984459705446
15.515193561309587,15.271937059686524,15.21059096767493,12.809939882853838,8.388647867421042,4.589427762886608,2.4776942502181183,-0.7688933962067286,7.1886366549410505,0.5301208632077508,5.609448445554068,13.007653514503007,1.9626698638341424,6.493507719277764,13.02584990512599,9.066811409241202,7.231785621631147,6.200587908155416,5.4719066591878525,1.7469555694723145,2.023419072125761,0.675476359792139,-0.04204585812836541,-0.8836035097927523,-2.0513363931375017,-1.5202604693914707,-1.3761120913499865,-4.344830173315547,-6.565910216010409,-7.378658463306756,-10.237896074724203,-10.609328544594232,-11.622853331086112,-12.355018495975976
16.22165110759798,16.057711406803936,16.215125659633625,16.542236724641217,7.350166647541233,2.285029246923675,8.15679343695875,2.9953826384834015,2.4803334305044697,4.674456176707235,1.071456123442967,5.5402652781922175,8.048759439886677,0.4315196903467859,8.973128095839346,7.842544879898787,8.362727220659426,8.354651078842148,6.037169446224924,2.449559675945766,1.5394127936977529,0.5443683971157751,-0.9835582387780752,-1.4406237740711874,-0.9059646778901101,-3.544659473526288,-4.11519708635705,-5.795015425987479,-7.0842048864412295,-8.648970824061875,-10.69714236014798,-11.570869804267094,-12.121012869814225,-13.068142496835558
16.097624693890623,16.04267454054431,17.229824940057973,16.882653333235424,12.909627556995689,5.610079904822493,4.8891747756776125,0.4659571815760225,6.23501591863137,1.7913147003635268,2.158654261881214,5.333313001768523,7.991784548808787,10.04476449203222,8.702542793341058,11.533254176203947,5.302743287051797,2.2748113591363217,3.332657255294855,1.0398032668612491,1.0626888845482985,-0.2633626451929632,0.5889270431320496,-0.7930799411759295,-1.504225930418963,-2.3468852983974555,-3.501414547685777,-7.283126714292987,-6.941942505060147,-9.956033687842593,-11.742616235293264,-12.413123758635193,-12.48953736868851,-12.781734579195481
15.677656614315852,15.792106833632687,16.50667881951214,16.673041014923744,9.130569473499744,11.313147397883986,11.928173351105722,1.4047275910842936,7.980825260643746,6.907296907727864,4.681934667122379,2.547276715412282,6.156273445271658,2.264798836686723,3.864859646325239,3.5165445006944536,4.892653084217426,0.3314484060364951,3.0997536819608023,0.6778908591145935,-0.6104598364332013,-0.3217265631702716,-0.5141404710205154,-0.2435834503280424,-2.944776748740983,-2.2151227308932038,-3.6236036797422075,-3.823991728995192,-7.063921342619581,-10.455940635508583,-12.521714980127552,-13.237633787325702,-13.346606096309932,-12.79872564580625
15.492213000187304,15.380535332909286,15.723368074325926,14.861504491598545,7.219578785716285,4.316468647865474,-0.40302373581778456,8.390817895179785,1.9013246193276103,0.5876566566752053,0.791700586261287,1.0593522644205002,5.683920882879987,6.7836099750694565,4.586258804088376,5.969037111080178,0.6352801566710237,2.7696605431500405,0.2772894216491088,-0.29291676788369747,-3.2152640738768157,-0.8733570015729518,0.1006141227448485,-2.134991636323528,-4.056038763067544,-2.9171658687217783,-4.42855840637881,-4.592907685177624,-8.787783942295695,-11.9967380912006,-13.435567590399392,-13.602505384862651,-13.839546049165886,-12.789902666253335
15.514636504266612,15.050866865969754,15.131064217407662,14.579042294745406,7.916990043514235,4.908162592032575,3.0543685198018933,1.8140538117921892,-1.5135070068971321,0.24897223630564036,3.3897286096054353,5.701245673869827,2.895394610640129,4.273383194849913,0.23383866193227465,5.223969465866129,2.0709921084564886,0.2118756935828959,0.8751786329137199,-1.2729021983361075,-1.7726318922409547,-0.9625907742692487,-1.2586551346460497,-3.00521326645772,-4.490411227122562,-1.4397661061905782,-3.0831050947482805,-4.3677516117869555,-8.826570978460339,-12.789845493724552,-13.809659029512993,-13.960314142087666,-13.519748294324337,-13.004566096787098
14.633119240364412,14.866491563431616,14.441772356383806,13.68377169050652,11.0760612032618,13.012035779683993,6.975973386373435,9.622607361222192,2.143722863125247,7.940314229354945,5.404263183619168,4.337752141708,4.75977683113964,1.0628000618526283,-0.6402001332997013,-0.357186134990126,-0.26338364301080797,-1.843042075668684,-0.6616090741320901,-2.1340583108252065,-2.1725569306887604,-1.114001151730648,-2.4921341342590937,-2.6387906321937744,-1.984560014641615,-1.989880972964108,-6.176182944073169,-7.857773977185664,-9.358196603822881,-12.942693002452126,-14.552045887251307,-14.241681946414747,-13.347850541636726,-12.747089425338526
14.493859847550526,14.505069153140541,13.94242453461788,12.796574504694021,11.883216558592036,4.9052344096778695,6.932078536976065,0.8985790582579084,3.9548720919544986,6.555701635971419,-0.21129316012011126,2.24249957517291,2.890958327249585,2.6501105033334373,1.1888761526022373,0.9673953852724134,1.2188552125565513,-1.1050236973871852,-0.7202423435276109,-0.4869018703764214,-2.049672075152081,-2.0803084546198485,-2.255590403736232,-3.0421888177636087,-3.6445909335853024,-3.0970977161419393,-5.8156701437239935,-8.412975684101882,-8.873674572485037,-12.378266052818327,-14.029385123563214,-13.702493666264386,-13.2026078761235,-12.406560170638585
14.241409284560012,14.221378791816539,13.55780094831099,11.933165641065736,11.735191975992088,8.71869130012824,7.442702458569512,2.7402812317633947,3.7455183447287532,2.6967764314180145,-0.7087985279188258,1.5459171768436677,5.8230535548912865,2.075908073695546,-1.0551610127448912,-0.16623118189167382,-0.8195117533431079,0.24197206743606234,-2.1878124771048717,-0.370257474598204,-2.38165852807671,-1.1597060510671224,-1.128585525795179,-2.2423750793626027,-4.27097445077552,-4.467323206329439,-7.944669802612135,-7.42825455155001,-8.174437160541272,-7.902917518776866,-10.36157090583413,-13.139700415071745,-12.783299942489966,-12.006715708189859
14.049753881808288,13.881337438331625,12.76236119745968,11.167109900982222,11.856360195993178,6.055158746055394,0.30532634459880476,4.40929225173719,4.556106556584465,5.863099891919797,6.929136253801192,6.579959911266551,0.9536429451348737,1.8667010407101419,-2.917442695002282,1.974489676371372,-2.7213328953257574,-0.628702726177334,-1.9346560656034963,-1.0563568927073228,-2.299114012970094,0.3716624186758707,-2.752816272375675,-3.105575219449514,-4.214798636316655,-6.338897669366849,-8.21022696522181,-9.059396340756539,-8.044868783827516,-8.723436536704828,-8.023524843544257,-8.314670828489053,-10.924497104152143,-8.821004494775556
14.101628970247436,13.922443374678954,12.373752989917017,10.79820513900109,12.716901656346923,10.401368420105008,3.9518424022960263,5.382835755477591,4.482971904055043,6.437046231683391,5.7983758993001135,2.783330259849436,2.420600948410304,-2.024415502477414,-1.359812841946736,-1.8987968618491007,-2.763057853325974,0.8235360488908585,-0.8819356352658372,-0.62341528469693,-1.0688406302801183,-2.0074118660836677,-2.2171860438472497,-4.014431610462694,-6.714055642538866,-5.453019198210843,-9.25980701012294,-9.304274101493982,-8.02154458715012,-9.118964228768611,-7.963220605531077,-7.290135063629749,-11.711927457395088,-11.09726302577918
13.75112652816864,13.635870385489685,12.555020361674417,11.262143199113362,12.3944379845273,2.536442817765884,-0.5688031783290516,2.776285654940785,4.593752631972776,-0.15566875874753197,2.8245700195907513,2.9658102166769593,-1.7710928604411378,-1.5723176648998767,-0.1200562731834915,-2.5582523734921967,-0.2975297399273175,0.4582666495584388,-1.3404018805087308,-0.9651180572766858,-0.701875694750834,-1.0636472742542773,-0.4175885705676402,-4.662227397140875,-3.9599589738415966,-7.2689260131534645,-10.306461562256342,-9.982787340410663,-8.92323953829251,-10.199903375831692,-8.510211752917876,-8.048703778588855,-8.893188042160231,-11.944881239136544
13.395782177936791,13.523220207829372,12.606987378564064,11.986319155718661,11.924479152593818,6.530429777353952,4.961704477881163,1.1109819427330776,4.3961244526606365,4.78875302289394,-0.8799378831950742,2.101225350666424,2.3271254699113317,0.6857805876911827,-0.9627837326216628,-3.2657121769462583,-0.5302927046293557,-0.6840009489052631,-0.1163991156430452,-1.1662789288565454,-0.23794118139557735,2.0326118999007323,0.6987553230967931,-2.089126913145207,-4.410731489441335,-7.904390768447404,-9.94015531638444,-7.553421089123827,-8.039955909023542,-8.934188577606724,-7.9875228514635825,-8.50207532147902,-11.890343317247856,-14.91560410861028
13.063805148926022,13.60164812485333,13.00271656007074,11.884769554300815,11.655230759767889,3.645775936226307,3.717292015858657,7.2188221063423175,5.285644510389362,1.5406335570720946,0.9132674842273697,0.10642756748443642,-0.6860763597402711,-1.8866099118533672,-1.4863617170483043,-4.221298301785405,-1.9892013797026178,-0.7034057804702881,0.816036936247302,-0.07873200095370562,-0.9876114594975309,4.4174341639588555,0.9744114407459399,-2.3015986434848106,-3.867613475609057,-7.1246276503706465,-9.420895799141192,-8.857172181278484,-8.534972562831939,-8.120452714020704,-8.00476438232864,-8.633557586357913,-11.311245123932741,-15.461970682653368
