script/wind250m.json
{"header": {"parameterCategory": 2, "parameterNumber": 2, "lo1": 3.000054539987559, "la1": 64.9999836372058, "dx": 0.5, "dy": 0.25, "nx": 34, "ny": 52, "refTime": "2025-12-29T08:00:00.000Z"}, "data":
[rows 0 to 24 of 52, columns 0 to 33 of 34]
5.440629478836445,6.658796228706705,5.234156061519616,5.093655859593365,6.327718566832716,7.248329209086684,8.077681818203734,8.393573305908932,8.850303257352321,8.82449628840301,8.812123685452217,9.703795162814039,5.814759671112923,6.918267786625176,4.902102595845853,0.9757023035250131,3.3226862992821586,4.668357063713384,-1.8028720029427772,-1.4429728004221503,1.4889061033556774,4.241494798749478,3.786283933770833,2.327713553160149,4.301613562700756,5.828521477330752,5.4522688226351095,5.929245728800434,7.044084468285579,6.844678465961087,7.226219388418999,7.038299042495649,6.591334339098391,7.054441538945416
6.032495954303988,6.352357449213429,7.01130255775979,6.844529698191395,5.710187440844065,7.275540257850303,9.753816616295056,8.512601795930939,8.59406362650051,6.741644295427649,8.640410198068198,10.799295566932825,11.11946368970597,12.632240543119687,7.807403587649713,5.175036547416637,2.4276393246516546,-1.1412389029055365,-1.5666233519860235,0.6712288740544876,0.5108978949836971,1.8915567883764637,2.909776523505168,2.729344659070878,5.487350361917865,4.132296976274784,6.060432959319711,5.504745124044855,6.121124816590521,7.1187126552120565,7.389855494853127,7.174837185400135,6.463201310038771,6.84473625704017
5.678539771271191,6.226372656575993,6.750210717304949,6.052167707416878,6.069953522785877,6.727385509696024,7.376677351208483,10.206432160382983,9.397286841887627,8.151160242503549,9.32632327155935,10.04277175105001,12.180818107892947,13.634173138994168,12.7345583600165,9.703417668157485,6.665199599532537,4.101919548052162,4.873856230964741,1.886850778263702,2.2967948561023155,2.5963507698816986,3.091398689079791,3.6377108677807533,3.1674433827807844,5.585309160202753,6.54458393031923,7.89296163134329,7.454232278257539,6.665741707881077,6.684765483864167,6.347675172468678,7.131380825860798,6.151664460466759
4.763252419334941,5.448388454035893,6.226960013908349,6.989000826537713,5.334810084848454,7.412992920240949,6.896539257386673,8.461157682654354,6.422438201734236,11.212855245076106,8.208983884465782,11.260061083699682,12.071277614496829,12.319327228978851,17.181686931762396,11.91414710532512,12.36777708542635,7.76720171899784,5.303823933029456,4.411874187909771,2.8294208589573704,4.211372477441507,1.8597857414986125,5.46629870563158,7.194078469579083,5.489156404678105,7.997082046744536,7.749984069290849,6.832459203261243,7.663479587206251,6.351139440243178,6.643715064498836,6.784479032871811,6.413460101334611
6.431105074953861,5.421836493897973,4.0377333835238,6.116165422361568,5.902523820926773,6.148514177042318,6.015381664009151,8.880392440215823,7.643842045079726,9.107400907812528,10.582091238370017,9.545046023686346,8.403395797990255,12.570713230242138,13.195666321842946,14.578684928796484,15.445168855423992,9.483115157976405,10.063694470879593,7.78184441215937,7.995057823946398,8.10287279083552,6.317972605899673,5.870151373763097,6.370037980199154,3.240650842144269,6.829289171417679,6.900442581128686,7.992714959237339,6.913474923496437,8.057762133077286,7.055525365648919,6.6164222554059275,6.956852434934366
4.58162361813544,6.741614235949096,5.623787353823291,5.388686747916611,5.422944686513785,6.589904939807225,8.307427027553029,8.372922700478501,9.167568674277835,8.671885389807562,10.811384341378966,10.388296928669085,10.211439093507481,10.377998631206362,10.02773205830396,13.035533032660583,15.043978773894896,13.928869786037838,14.011736051998742,10.411026799648234,7.0467140150289,10.912206122073481,11.348638274930643,9.996753210799183,9.854630223612853,7.063673886879172,7.505705937249843,7.708503014755896,8.085540043009376,7.228259623394578,6.994952193985925,7.093652708997635,7.24304165085881,6.829221204180694
4.843584022313383,5.848294975421573,5.270862947055092,6.164493783486182,6.246769844665013,4.22911632380784,6.980911198306208,8.046870793915573,3.84252954554785,7.102822912394086,9.710772084059016,8.602755206321891,9.895501876545906,9.36232855877105,9.4447059879409,12.355969391356753,10.901763341231453,11.30110063801703,14.982765933568832,14.784877205370218,14.6564579041334,12.011045465643008,11.553599884275972,10.27330605443495,7.34229076817494,8.693609306064989,7.021074826988513,7.957494337955426,8.4936383373813,8.907807513398334,7.675184553747539,8.197046235222649,8.63430571748743,7.135397125173955
4.62230269966043,5.065370681792493,4.579110347061389,5.010063094558604,4.900636261057696,4.535161611995514,5.369588504916108,6.863227571782978,7.69399428609119,11.362865919026202,7.393882485540805,4.831202843631321,7.46186120556519,11.978296360580421,8.107789524724309,8.131561706281477,8.992151170209988,12.444305202241512,11.842180253009595,12.311184041123827,12.578151358953928,12.239756331316283,11.19070528302701,11.337097214411656,9.19622324421006,8.583289888251471,7.614803064706218,7.941696312678379,8.185588261437077,9.261408155626246,9.135159311960681,8.181073573445046,8.907882296405367,8.466619640970487
4.853980701223822,4.871838110083677,3.6721401672448826,3.1648748060345535,2.7162552511453746,3.336883936136329,7.913712594052681,7.4795523704860445,6.7463216671813715,5.993966874942944,8.766369907187865,7.252628599042603,6.66785943722803,9.478567070517224,9.02099147092442,8.786227285081791,10.420348384735336,11.633470250308937,11.238755209165037,11.900307723400262,11.3905949969175,12.037635308582576,11.976853553969445,10.140809371729276,10.572683892924035,8.709545814280705,9.582787732208928,9.230655210133976,9.172399121168759,10.991731279706658,9.066627498560079,9.830936006505913,11.022489141120024,8.647320663558615
3.4060969664988834,3.6647885738585413,3.9981008681022634,3.1965356415827397,3.2149780164215116,5.20012544071243,5.765114069450136,5.625056220388859,6.965336234038671,5.319681557098811,6.914741785280189,4.172350457613649,8.672555722208218,8.494567945544688,10.103632264326807,9.489055151807216,10.294648279907316,10.99202643790916,12.50628457362828,8.738576442618882,10.130039324685162,9.964503118492908,9.28819883001298,9.354908801499523,9.087838481504885,9.665399602236278,10.5894095806844,10.335715917862448,9.729306389402053,9.725814182824049,9.679923575813389,11.456317808780236,11.367808946545132,8.381222849188882
3.230736449996629,2.508030059113214,2.479794272717022,3.1958480626979613,4.586193295129431,3.6338798222786264,5.19072750540637,5.854627840054978,3.8639818667637726,7.24481896500237,9.979510743917867,9.871000644121352,13.069293647427296,4.263912617384703,11.256988644701558,10.716424630880113,5.517280883748407,9.017280564775803,9.806944409936987,7.890706319862037,8.266462117608336,9.144780731744719,8.4100365747279,8.493234186269406,9.413331656025006,9.969419993834238,10.779890972579883,9.879285098387527,10.176056503531429,9.268760411881015,10.710501289419181,12.458588933218385,10.767159440244786,8.160267876495988
2.5925715071081266,1.3252247057272553,2.9959610395676677,3.2391025693009468,0.6150940880664866,2.9985422079916155,0.9959079640220126,5.377725049918063,5.81516577849767,10.652750366353812,9.853219576316597,13.806538907316407,5.723367234707288,10.029069996299494,5.177300535041454,7.836068416798874,6.946089422090479,8.19213537403681,5.199877175066361,8.116835118932714,6.6655805139737065,8.23550182723914,7.23366602276145,9.077600747019549,10.206868667378817,11.395418111905796,10.343198647801307,10.071672254903993,9.886536873595963,10.197170714260828,12.44142690527816,13.165670947954439,10.983696094964284,8.104034870073807
3.696129977521097,4.539602531618002,2.8067828020613432,1.5174633349877031,1.8721190244347152,4.084017001862168,2.541090299196266,6.308701863958863,4.260095765298275,13.048664292976905,9.182768013765058,12.658941523867282,6.256796631247817,2.5576673432941868,5.5172381249548605,4.222841393521427,5.8086355823529034,4.97783642730667,5.809863717964564,7.484879567479165,6.437442360616534,6.323105227819696,6.3755923945738395,9.896209499149965,11.153526218717747,10.880867679869892,8.030298692653178,9.556145025918825,9.242381935516484,10.279804489766045,12.173029309476782,12.884853576563376,11.029490803964787,8.192679063523872
3.375635366716349,4.131683840322473,2.627003810145745,0.9775710889713926,0.5732112494602214,5.300818711164835,4.759508899118109,1.8503880206454846,7.667099104244944,9.851581730162597,9.223218503590333,9.91005442669668,8.733762732026593,9.275518667392552,4.563188336888257,4.964123567445477,5.459138387765724,6.345494321340264,4.107081563086837,7.3401468208583704,6.574696983076739,7.216967495704151,7.506257177078049,9.79714141792459,11.346494091463027,9.810957859680682,8.748299336839835,9.466610490053009,9.872038445805313,10.838645872408698,12.71237094341583,12.85989655902175,10.632406006137002,8.303205585784434
3.1271898440983157,1.7408664771534326,3.0070868970370945,2.4544964825477624,1.1557099864861087,3.472183312613724,2.5546900009182583,6.165549265017793,8.755818267069795,9.743972111882075,10.637754103193059,11.062015783252237,8.755979357231263,7.103633788315611,7.332448159424689,1.1387076793914779,4.219032010614379,6.197375418603881,4.8499008571433855,4.313427978228574,4.975972242532169,7.3289098416731555,7.5276363207881305,7.94824146615911,10.26295353957771,9.223945932035566,8.74724643530137,8.910397682831032,9.39871695972991,10.670038814549976,12.402611131741462,12.115464869179934,10.758456732316068,8.235134748312102
1.539905522693597,2.600320022657362,3.588744644249901,2.7833454881039863,2.316801399501046,4.6058154777126346,7.575139218905887,7.562092326544852,6.165253987688106,3.7875788345148735,8.567499706895257,12.26248792131853,8.2089699416286,6.668036424942068,5.506932017249361,2.580620219946224,1.7532452835206982,4.508711574644632,6.463195155738149,4.54917776677513,5.4892248151080665,8.159017979252859,6.912874744430799,6.564373471976418,9.053820133876451,9.33380973026823,9.154508420580546,8.285490776718525,9.553670987991394,11.281375430447993,12.442412782193005,11.659928522267553,10.606224527703217,8.775120527303613
1.321994268856281,1.8337636566561557,3.445520660656526,3.509208414441966,1.2064265303734931,2.5099649716983627,6.648251532790481,7.606645404054223,3.972066619308299,7.034061333982638,11.836445866479991,14.469363039215493,6.294884035204574,5.982593895259249,3.8788283348177246,1.4925930692942555,2.336157586136121,4.020178795556534,5.9697156798228885,5.875172498142736,7.093489068007485,8.70602527131916,7.752213948381075,7.198214967706696,8.157569574903237,8.48656851630222,8.322339540296213,8.48638031201147,8.909836638142531,10.951332836510863,12.241435551684814,12.634610896442204,10.330792718943993,8.497661928515086
1.5557378631797172,1.0724522607294085,3.653183140217648,1.123580983959266,1.2486285223018918,5.03762914635007,3.149959060287944,2.829203071654631,6.165173401373508,11.225608375370149,12.054039879841824,9.256955345718383,4.540167236780288,4.670160040821515,4.792708805717863,1.6484345112264667,2.0235840053519265,5.043689374059418,7.4385648385057825,7.164718697110865,7.020935839855716,7.95531304586419,8.517857136785526,8.45558810820931,7.258146813661964,9.020462695107218,7.710800265892065,7.304720888112032,7.991779685939527,10.123488308375292,11.94765074435491,12.875194852740202,10.820891495306485,9.447049399462545
2.7268242016632316,1.7691405032245828,3.0685820070450327,3.18046010980885,1.800236237312948,3.06510386575481,5.187567752922915,5.632131696336802,5.729939434356519,10.625315700979618,12.718056254043699,4.743938552108587,7.920153297300446,6.00158739199575,2.4882141084357356,2.5844031025156933,2.7036942661414227,4.662371169587743,6.469020089724707,7.983050374228219,7.892918662012098,7.380191637371855,7.904361645250553,8.557730460426827,6.944155846807916,8.438340526147066,8.011676829191208,7.148633720362737,8.24721522050564,8.908261611897945,10.703436564607182,12.906275754058464,11.617989320924293,9.681557524269003
2.967649162743132,2.411295334068172,3.704374303881285,2.6427102585428166,1.668019458365754,2.9277046324671945,0.6707678051171858,8.649896815764366,9.702605854814067,10.704987342348979,11.1630469366795,4.81580209927658,5.997533790421408,8.224508684965487,1.1414361201992038,2.058465738394368,1.0949871192341476,2.8634465960353017,4.856103827971552,8.662252335118483,9.679684609534204,7.1510062769198735,7.3473637696137,7.606673412210917,6.886788380598561,7.916480130751077,8.292851361149864,6.9387726407727195,8.337955236754663,9.171249801714021,9.771462129620168,10.969021420118501,12.53225344290438,10.423385608500652
3.9025613169458833,3.851100887266639,1.9934554591368656,2.976544910771003,-0.4014463953718306,3.3415669238538803,0.39684367018080025,6.792915641814954,6.795678739442255,9.08233227175449,7.456618853471885,7.763059449170729,5.664585248397101,-0.32788447478739574,1.384288158477202,0.2603936460314205,-0.43768588208041165,1.5556319391643398,6.8666231684463614,7.433077471819517,9.033658602026152,9.649231025775409,9.07337664592785,7.393492289539985,6.88291888068302,7.372981619280111,7.313383021875313,8.03220777625441,7.281936260954851,9.179720677575826,8.839815159310435,9.645232313256425,11.768005887915256,10.726215677765019
2.776742398068621,4.154245688815272,3.474759659148681,3.575147476227339,0.28445518244441703,0.5982348188066278,1.7329584926758979,7.044695396512084,8.009398323704218,5.416976942415002,6.487156167837061,5.666281724346452,0.5933241921672946,3.1383651349335726,2.640114591128068,0.5498801320367092,0.1616321114934074,1.0943839626524536,6.548880710147747,7.53959947695307,7.967182916726208,8.757583262308087,8.950440062762466,7.431701872069977,8.910708022829178,5.334358599973225,6.815813225159255,8.523457240621285,8.337009405504011,8.723088441457989,8.876828740518292,9.636151733296645,10.279855659455066,11.657116109761324
3.0499530061116538,3.101143957829272,5.261620675266791,3.882841531452153,3.660537377005894,3.12193462309914,3.298119809449681,6.133957531053899,6.956214519855381,7.200248628272066,2.8948844560082,4.090875633056857,2.84276623788856,2.246471759568612,1.1388466648501252,-0.21821872417706914,-1.1164277297532303,1.0815483005810265,4.6892447869583815,6.183106989576161,9.720128423974538,7.025707736956891,8.304632292675954,8.188530356726085,9.366797000708114,9.51257669665559,10.40832315952848,11.455719053050164,10.90724494820325,11.62123152066898,9.491169077939213,10.226082693953842,11.966763056743979,12.552611621243729
2.6311450971058834,3.597806780404292,4.241674001127403,3.6877021683467897,4.925648648922667,4.341789574689345,2.271742510489964,7.600377752676085,5.787950567843691,1.552090171157912,2.0371246676019856,3.5723371547644125,5.527617423623824,3.8353900248100845,0.07612127489893442,-0.6572490238091354,-1.1573792285583027,-0.046277064093649484,3.2869257229163287,5.3270461635584425,7.526963529106302,8.705793647693019,7.18435401432247,8.87831262395394,10.19778696632973,11.124932093605864,10.696424899507702,10.739917126970978,10.060523433044816,11.514770283621008,11.71095014305202,11.455517756537262,11.465747401371104,12.51971091324869
2.6864078096023607,3.100479051056422,4.02442945058746,4.0951925206781885,4.588247672974641,2.224484941625578,3.238219781343313,6.0174350642220285,8.15347964610582,3.63797824730417,2.747456936470704,2.6496531431496213,5.38912719420833,4.469300983056584,1.0223683985969745,-0.9053796384959181,0.4285999412785259,-1.2219955401698503,2.2573164880779153,6.073754468672861,6.647910768314093,6.995695867112055,6.727243351963631,8.933509487098032,10.660623095313772,10.041855794561663,10.30319504300403,8.984199500465138,8.384820247484628,9.99661145380484,11.305320390534698,11.584246579332534,11.991994659239731,11.645827158096603
