script/wind450m.json
{"header": {"parameterCategory": 2, "parameterNumber": 2, "lo1": 3.000054539987559, "la1": 64.9999836372058, "dx": 0.5, "dy": 0.25, "nx": 34, "ny": 52, "refTime": "2025-11-28T14:00:00.000Z"}, "data":
[rows 0 to 24 of 52, columns 0 to 33 of 34]
10.748296223454457,12.203356469278503,12.67909001040126,14.189645367406234,13.697795265017515,13.250347307037392,10.93514090098276,9.86763031607801,13.648582534853261,11.92205634908549,12.162884098546355,12.188949133929476,12.51546885997291,13.207208294778908,10.466098894912367,11.526508542558368,11.494459183314493,11.88936656681295,8.332711187113635,14.892425450784708,12.540707263710976,12.862829905697755,17.125057992994062,15.197577348573427,17.504029524417334,10.248609053927373,11.296683330740288,15.094148826528233,16.354400145982023,17.57086516752822,15.344399990570125,12.102748517402327,13.38803807198131,14.53930155419779
10.784979043537252,12.218160561858085,12.454861937956712,14.86911773172062,12.40365328880223,12.835229109767324,13.945424156071265,12.337325759284747,14.483873286042051,15.9429632356204,11.843383965962639,12.316169658095587,10.970191236339792,10.626311249965505,10.736374046209683,10.823057186674744,11.579356885356272,11.334691083859951,12.945578121350207,13.435143763008664,10.660103156177724,12.138862737579263,11.160112774695627,16.652797589912957,11.372037186735602,9.394156275258926,12.551281837127405,10.918844907410737,14.90960832274122,19.01085441485581,17.33804118675996,15.861792635240327,12.817742851230332,17.18206078972982
10.075806138687861,11.658822175127508,13.252211083083987,13.240267155637541,14.64023680237439,14.601061934405172,13.438056465895707,14.253792061472767,17.238263424812857,14.03227726147,11.581257057936345,9.718646159195364,8.994943523068445,9.677347447561088,10.92873583846022,11.522225897712971,15.992536298307257,7.0156883162670125,8.813716126921468,10.174056778128506,11.90306632812621,11.973734876754323,11.371973611406919,12.808729974155309,14.00923359727303,9.553064922039416,10.705911186141028,15.986921875844402,16.176553681327626,17.00438017405115,19.7527094236757,13.173330192519234,10.965287164217916,14.044883103012975
10.073897558630517,11.227790636749436,11.114947978710719,12.113116708696904,13.850764913063118,13.024324205071347,14.094241781280399,14.274399054582606,15.398904321486052,13.710124662434616,9.900519235624342,8.936615685746407,8.151531251103009,8.607979915547359,8.19560145201695,11.729575694926154,6.444863653474443,8.013657727443052,9.59080667492545,10.072261358550154,12.306814172690983,14.53281175176395,12.287829351375413,17.31701475607157,11.549883980278617,10.829874520190941,16.402849263113588,14.945022819724668,16.27863991251873,14.365678954325903,12.209413102214166,19.16804204328683,17.333147610673375,14.323348284659987
12.778252369905525,14.970368274661627,12.079417154610613,13.299973821398,14.693678390252915,15.06880638094865,15.68993010447735,16.60843721074916,16.78382365735156,12.272749452241914,9.813841764171478,7.356699659807494,5.824662757880447,5.250964042499,3.948576101408047,8.417502995235767,7.464760541084064,4.966965673703776,9.230562038800176,14.068348920304167,14.641273825294695,17.586396274505212,9.152102047268425,11.207002830827195,15.54903616894491,13.36789568728691,14.895771440626351,12.19371609001832,16.35602019120274,16.005293436341184,17.799828033712355,18.870482079998038,20.257432465218255,18.77319347104377
13.794493661806385,13.90203701607691,12.56981545180576,13.577633333824968,13.228101688833673,15.225722717992161,16.27671990259902,16.63987112324974,16.048088787731857,10.318093940408847,10.36714270910476,9.864879735306491,6.696538671509725,4.115349274485446,3.893819605133304,5.830539248779054,3.596252510941685,7.907356174120022,11.391705412500318,9.811832395404814,8.122230949369643,12.922736181283362,13.829532065859516,13.264407812078664,12.125499239931827,13.474673496770567,16.253128066428456,15.087176283420995,12.170825495820726,15.205864523559812,15.790191769911363,15.189352605906217,16.47899495993458,17.027496722664665
11.340694448366696,11.734605810648556,12.609733603247514,13.675031988196782,14.060971790146972,14.610503945932583,16.272841878936944,17.315802214167572,14.715058708254883,10.711593839114236,9.557080470181406,9.513889223403739,6.165812624906642,4.878669099067476,0.7566092872611814,4.096907978115848,2.176278157501684,8.879920589621635,10.865278965909164,15.823155361974337,13.889199317407304,14.87499213570921,11.11891848041806,8.085808523188733,10.81199534476893,15.676760626110363,17.881945196717876,18.2874665099809,13.481282462345149,17.95007751570928,15.504546373610232,17.354857809360492,16.498334137140397,15.294875169309853
10.541971448602874,10.72775303148267,12.119085876552512,12.738660183425152,13.426280954916562,14.146378605309629,16.01575119576629,16.83142474647611,12.099300603293583,11.071861543609382,9.890944648312393,5.672152004197002,4.77108343378566,6.686039517157097,4.520242129081746,7.7798145774032506,1.3274967670338025,5.546191580895144,11.30211277677819,11.088993676872374,13.614963466774949,12.052320151046112,14.512837710528178,9.568841889407482,14.051743292341184,13.738154100905644,13.464661329429468,16.27267531343546,14.980091028237947,13.817610822176883,19.127071042830828,16.925636629821216,15.796543253255766,17.252711493482316
10.638104989980793,10.418016733982002,10.049064444778107,11.53523114233039,12.512827717058348,14.549221241719623,14.967028307123796,12.023386241449552,13.134539289385694,8.88453200478666,6.1524815256166985,7.667259963605002,10.000822557761285,7.441879705571489,11.814431964442067,4.949156318706809,-0.8183500853032964,13.180710690834312,9.292032805490956,11.332550116657476,17.808326900697228,12.74841611110635,17.60111616126791,9.713333558005349,13.173622069134195,13.745309907603504,17.630014309904215,18.982825278774925,16.09393749943046,19.93436791653487,15.8302754872945,15.689730605690238,17.25170265640647,19.75136710636134
10.313453478599058,11.24321198357983,10.790138321571376,10.65842179232694,12.009618076498205,14.165805582822047,11.875164016761419,8.91906418475844,7.774638065482507,8.249266747324125,4.079917687668179,2.6879469567639243,14.699381981187152,11.23407707666256,1.1150155095871226,12.150119866363912,11.745734535874258,7.219788936605783,9.69533401234722,7.703883764607944,14.844522806725418,12.848636219509535,9.724005035031547,12.727022345443103,12.87299065373034,15.490608552556562,19.390545021175768,14.745224378506952,16.19830341734891,13.274265481409339,15.968646634367435,16.63250056558285,18.388719317692722,19.70055445903055
10.862200036116143,11.04584904992146,10.52225431704333,9.579328576883725,11.421733971096327,11.070728633817259,11.232237932711294,8.09533257953093,13.680587910928965,8.176815711539453,6.814168098327803,-7.082839094469919,13.894393692883906,17.49101071235635,10.415466261256082,2.923168440825035,7.7978818751684065,8.01824506041152,6.4395295814517866,11.818116272195999,11.597573863892276,10.139086109529694,12.233357539927466,13.744192479868913,11.207299740775657,14.839749378360597,17.562453023872912,14.71212426798156,17.07437520494809,11.36617946777528,13.869364479792383,17.55247964309824,18.67982859927869,19.71638143826029
11.211472926321786,11.831534693090802,10.561871691370223,8.98826113732442,10.732820004076439,8.469458835417525,3.6459889920851993,4.435434531147224,4.085840783277717,5.1916839108248825,21.87975880670736,6.9078308052429795,10.460856260110585,13.909029770690346,9.518193032291505,10.774899758756545,7.076068934363546,13.094266232092524,9.516041659853027,11.736609185901036,13.975236443964478,12.580819085448677,8.922474814177415,13.613724931265194,14.872784805726392,13.989784873505323,15.344052075149694,18.12285265925703,18.736751981627133,13.991318331718738,16.274450325404853,17.20905958080545,18.275477208066146,19.485629688594628
11.378531717536907,10.5957840217183,10.948828300967797,8.189437009078006,11.85982472376673,11.199145736262297,4.5757722798746725,7.014408164320161,7.455757352253393,19.528054486500896,6.670920321747542,18.349296429561154,6.382372176765095,10.662663104700467,9.346784547836542,12.983950133932636,7.4888855948695445,11.20248832124587,10.52701635048552,9.17753128327352,10.391768887482536,14.727286559393995,13.412029470163807,12.392945046894713,10.378943074891254,14.528166122461913,13.836914339575628,14.400592689192557,15.52137161654411,14.046127580589381,15.260325123451707,16.030601264643614,18.512594119642575,18.805428614997894
10.945901970487812,10.067660494695923,10.218722469272118,8.067741102859172,6.900028116680401,6.506986284514663,17.655850914569942,0.03512482778068422,8.66797385469491,13.796007279839431,22.30643224642664,18.42036627510899,5.503638823835374,3.1064691508565585,8.267501476452946,11.968980750343336,5.94718763864313,11.502540716784726,11.952804165096403,12.638755608469074,10.149845189365315,12.106981148448693,15.868288377619924,14.160389641858185,10.865781290708062,14.705262839473331,15.629156247164087,13.971723850262437,10.846834409054365,16.092581952242092,15.125784387963666,17.035411975763683,16.36627565217981,19.03829226151597
12.897806719362292,11.662254386982415,9.879682620854563,10.053982020629784,7.75600083931607,8.301602449751753,6.972897422156506,16.925885892124178,13.643241027990198,14.070854073667888,11.318158797232165,14.439643126703958,13.317012887254494,14.722101890537623,13.585886010690512,7.707483234318909,5.319681114804289,9.592112043054788,10.032707048204509,9.575966515138717,11.093869533126506,10.683404629961828,11.328941536490369,13.730102397556802,11.82028009501071,12.9696009330305,12.877320284205345,13.708243761459087,13.070451663459432,13.39701676533316,14.925863303394179,15.077772117753298,16.37784294612289,19.9533657289209
10.96208935304702,12.093180189701522,9.91931455231257,9.745535239297864,9.353359592368268,9.42283477309344,7.10986353380976,6.09757125641338,9.660269849437075,8.57129064310959,22.68304183490643,14.539351789114246,6.920061059304979,10.140077198226578,4.576819503494556,8.346260358712632,10.022604279426545,5.162400853000404,9.755860297072632,8.172351728420164,14.224321032023301,12.443497120623016,9.29804849606899,12.049173886232325,11.857363684892945,13.301090856322968,15.223708361815131,10.993588294269811,14.97840332424547,13.92346915264963,14.663183584347157,16.484495259380136,18.558874757311404,18.337185303379414
13.078180133275053,12.279365397589503,10.534795919413318,8.946735274980432,7.040376957356906,9.93017385785948,11.945389952572727,11.721294483266066,10.359596660440804,13.003463867840928,14.501439880495765,12.605044417360821,10.331455666022173,4.60510343628645,5.527248426720133,3.782537126712142,6.625251509564649,7.74017359568521,9.403331729575864,8.159754758928859,10.825567912870024,11.748793656882626,10.617437483866292,12.18715347210074,10.692020772729933,11.734779740399146,14.317804827239742,14.487640986258906,13.860489367487064,15.448522121695534,16.89384611381381,18.168188521206716,17.91003049615743,17.731132361485354
14.323598486895621,12.839738480292889,12.357552049350087,9.92799683194148,8.023954764537615,9.831723522225644,15.021828432142739,11.910307367936719,17.572133010363554,17.41831478767936,14.80043373291352,11.220122525697047,8.271002599007776,9.396571806234343,7.891612096443151,7.69995077935706,6.851086697911808,8.248811228814084,9.833716023122012,10.700660718666079,10.488576379145718,11.780407304026756,12.541609457150924,13.336142755947428,12.786421877016242,10.88660686858387,14.608929448727878,14.342685694173008,14.526403579013683,17.014378411239974,18.10273394576135,18.521632878568656,17.02696972478785,16.98603406779587
14.34744193769226,13.464092419904103,13.422954297139572,12.337460437751822,8.69871973151407,9.143847208930204,15.041722860505612,16.89601716216695,12.30664092086781,13.545626857090165,10.914274647113436,11.430840981893907,9.979174990197384,7.783168785469028,6.020107343564953,6.187795202468904,6.808957239012447,9.068749637173445,10.870629733492285,10.60943564533427,9.057625762771469,12.393206623283518,11.785364542252717,12.44374694006385,12.34304805010717,11.293607611324722,13.740177535352279,13.981184703189715,14.16384105397588,15.287513037343805,16.186154768026576,16.777373168075883,15.254218760817317,15.402860631848146
14.63355086948246,13.400394432379697,14.424550945929036,13.182026697290212,10.6190231147203,10.082849429203488,6.72099412542199,23.360443639992102,22.359337533836836,13.822724624429704,13.172083945259882,12.492835409905869,8.880956707390865,13.440165331949247,7.720426664272225,7.678597101926151,7.201813792467147,8.154214084346126,9.515732832124758,10.390462212736105,10.10356864626033,10.363782205431296,13.52609417473655,14.413965454545146,9.85928944466626,11.285029956199708,11.998484480626255,13.997128692288685,13.909369833214647,15.88365958220734,14.68718981821178,15.540647614518406,13.974035349211789,14.316257963163856
14.717257267125579,14.7881331266684,14.520043227079364,12.536524141539577,11.570057148599519,9.196499833927525,8.728734361742443,15.832597113831776,17.29488516097777,15.450160190893058,16.102546648158135,13.172191135934112,10.828161412179966,6.884359628148873,5.314680962719027,5.184915762126235,6.987104600728703,7.707912580963351,10.744962243901877,9.84882008596002,11.53615524126504,12.36293468600322,12.245849528459607,11.242745707439267,13.136049583275486,13.451961937885596,13.227546483418454,13.731322443381785,14.908462529933367,12.600908549621721,15.300970361296475,15.637362104679557,14.91070368309293,14.449006101290763
15.170663666296171,15.28288005633114,14.688894075684136,13.526893951336637,12.021216343544964,11.239922003461208,10.038096133863379,16.040374675721498,18.746935591905412,12.442636031344328,7.9164602656973875,12.24386537780444,4.892842000839992,9.62917941929583,8.03936837179575,4.314047658873115,7.027510529163186,10.26878475390519,12.056852631382148,11.217195746606656,12.081477654728747,11.485587220836518,12.96581646941056,13.769843549111124,13.099141499754886,14.34639474766086,14.482055397806526,13.723593811751673,13.957587743722868,15.266683392874253,15.395948510919258,15.096517478117864,14.662866765470026,16.281951335682237
16.117176059647573,15.725789711072107,15.401898977118035,14.03206989901214,12.108646570822076,11.116107990500499,10.174819574806122,16.38535505266971,18.370173913587536,15.352233954563204,5.901802873233131,11.692255361802284,9.780688310455158,12.892279789482009,9.93468315876283,8.667128776981126,11.628955996305224,12.81162572118307,11.187658960908404,13.17862933953892,11.757709771003054,10.829497457448792,13.857874965111925,13.992486591463111,14.158068468236282,13.7879642600973,14.388855269103628,14.143763571254487,13.800997543695138,14.42796252553703,15.65824982310061,14.453819258672588,15.681076233419606,20.122380962154356
15.514631227070154,16.288653840891126,15.908177561369438,14.539862556654944,16.66963157300875,15.710593456203233,10.61429180747254,11.832247664525434,20.90383438099503,7.242017518195703,10.855771913729955,8.405536674264644,11.410872470844613,10.394999316165572,11.862505108677638,11.675788282592828,12.09456315572096,12.85990618178201,10.926822949957481,13.240111920752609,12.579452796455547,13.52381124517533,14.352010909149545,13.927491335490592,15.479263084115932,12.178862518659574,14.878366935166214,14.041742376085313,14.185003500895972,13.7556699530111,13.81490231941853,14.134559088183437,17.590346914174155,18.963705974019124
15.386137565547516,16.157523213458052,16.138083441962298,16.092542794163492,16.948005046673693,18.52749283007739,12.84196076620722,10.642634479825265,17.697326651628064,12.966281503492477,8.662207492943757,6.690054599786094,8.569076060089936,9.188020562264652,13.656545611206933,16.220118213349544,13.580780519081573,13.124563655076784,12.50168001789478,12.324012420333364,13.58033475571191,15.649811021021812,14.924402024120608,15.137901044290267,13.293603679838856,13.106791864752573,11.532775117342263,13.256658324196627,13.973567871647392,12.777916807918224,14.212598509115383,17.110110445975273,17.18655841804836,16.996597053587845
