script/wind10m.json
{"header": {"parameterCategory": 2, "parameterNumber": 2, "lo1": 6.000198445256149, "la1": 58.999992894266676, "dx": 0.5, "dy": 0.25, "nx": 22, "ny": 24, "refTime": "2024-02-17T11:00:00.000Z"}, "data":
[rows 0 to 23 of 24, columns 0 to 21 of 22]
0.9319432050197428,-0.8132856562681076,-0.040477010651991246,-0.8270029210054013,1.3195127962316224,0.48808653559799764,0.9531414874320313,0.6155372521483145,0.42303747378614304,1.266195896402545,1.8875327395333559,1.1048423924757254,1.4012754692707963,2.7499061002298113,4.2833159976591855,4.996475126573857,4.212253763516641,3.275473812775464,3.071105715362326,3.132965645734667,2.726980491979548,3.360125088394007
0.6194793856227708,-0.7632410237144452,0.2531779775931602,-0.34953208084771475,2.36003187205247,0.07789096425896627,1.7564718143376736,0.7226745821966967,2.9971126623505344,0.43131830593755466,1.4869790788408797,0.8203087846264077,1.5036606072557614,2.4872957895713017,4.617117310563762,6.614960494184868,3.6463024310488756,4.276861905996352,2.6296236873145653,2.8291833669343354,2.532229280244605,2.8752706245669204
-0.4173610842642463,-0.34271309483679696,0.19096976228963988,-0.3257720917907214,1.422258258262176,1.5510990635606732,1.1432517882401925,1.281682345093285,3.2121230070229605,0.7864285888550613,0.48026211984697964,1.030377041191984,1.3158534432779445,2.0943486353661136,2.98333029076768,3.465524748334179,3.7799706455172397,5.057697177760521,4.784103122948166,3.3333044662456404,3.46990728476481,3.8005567086240277
0.08506602293106622,-1.6357106920114022,-0.7410918950377845,-0.3555683971677546,0.08090286626979025,0.9560877221351042,1.194049446414672,2.0655224853884415,1.8483706434640041,1.6683034557292162,0.6010897629463593,0.6864925946608934,0.2236176518295221,0.7120014545755257,2.0306933606470725,2.2946374193734123,2.607999681869876,5.378203473835675,3.9464913633202077,3.834296879863005,3.2986195283372632,3.1265000598534645
2.2803822169136434,-0.8023914645814357,-3.453035516374155,-1.5400441055156002,-1.0462903465336186,1.500335189359093,2.112420634849913,1.5867452094948609,1.354839253118154,0.889527826199878,0.5789977440580112,0.3713369787694536,-0.09985745564584374,0.3944941859324775,1.1105355242566413,1.8738259210175743,2.4951450736978336,2.844154046617556,3.4448451722124704,2.9819739240485625,2.8866561770332475,3.0221296709167498
3.0475777378249718,1.96475759982707,0.3374130395497007,-1.4678023572789178,-0.8142631309109988,0.897492808497398,1.6950507184570633,0.6985096597266405,0.36319101127925507,0.4497885369490375,0.4906598641462132,1.609761793302646,0.40816627050740767,0.5995607965710037,0.555157587041666,1.1363807169021223,1.7791360713312903,2.2972200667510756,2.751329877106229,2.5316034213675196,2.5184616114674867,2.577876475886144
3.6033264470992603,2.5194588082034013,1.4163002039631387,0.9769169738847436,-1.2257791861233955,0.5427083525907663,1.7225227897114526,1.1859351898330341,-0.4846574030510846,0.7565805266514245,0.7184134255822741,1.1543206820074063,0.3655042242403687,0.37760496013009254,0.5225688800061727,1.0086193330868825,1.5838444583682874,1.684933925172775,1.962088006361888,2.2894449315622007,2.489099259022776,2.470563560478865
4.102850493616058,2.683293666088056,2.214410926970692,1.0199453513523975,0.5357147471434122,0.26195999674729675,0.9729243926299141,2.0631427543825573,0.3119499690570178,0.37639790132234857,0.2114409750817338,0.9123402253528488,1.2811288801735718,0.001916455186217072,0.5649826931650856,0.9631354672722042,1.2164748196571262,1.3361679190450426,1.6156564558713082,2.386494646087966,2.4502095805546302,3.336348385729873
4.627859704049915,3.684735222200833,2.3563712344060406,1.0629253674230925,1.5951581603868517,0.826198932807576,0.8484859313899673,0.6616172700302522,0.4761501071982213,1.8455275854761752,2.922631587670013,1.218530653795136,1.9626496842103225,0.5163256444520165,0.5443351085002978,1.5492242023944094,1.7651437034664754,1.7836302891449498,2.0785630584379966,2.1414630054007753,2.236060261983275,3.014285026619582
4.342453718334138,4.023829632436445,2.932788458607599,2.322979726131107,1.1286509908478581,0.7557367020113501,0.904361084492801,0.7350381079989406,0.3877651550740587,2.810064811846389,3.3791118373367386,2.027149791773178,1.8783091831879117,3.2621374031478876,0.6792976138991137,1.4631815498919913,1.7205177396327065,1.8278429051430425,2.2303524767699354,2.3236449936601646,2.1483787707133044,2.7089804043696692
3.909357789789013,4.013705963269756,3.221924649329546,3.0701856428005585,1.9293762130060028,1.0846704873096389,0.39834935530207355,0.8817803199836696,0.8373536683172159,1.6921025059043941,3.747097454572149,2.397172959189582,2.226687522874841,2.3933756907514843,3.0000556260283493,1.50215738601732,1.5711249761004373,2.079767541354154,2.396998727294414,2.2956813877678033,2.072456161926482,3.07665540936496
4.004406173211139,3.9365075241317093,3.362072817500205,3.3667903680718365,1.7841503634750249,0.8339069311772674,1.0432542480167513,0.5816237440929981,0.7983246525968987,1.1677235030344295,1.914016253065468,2.583929466378613,2.7739129224540853,2.9446045546160944,1.9215879888602776,2.062850663011102,1.8003302083346584,2.299953588020673,2.0319807155160428,2.2258174657775505,2.3895787163830113,3.5798008661529432
3.780876494118442,4.027248095761175,3.392696050865351,3.6503526596869715,2.430426068543059,1.103024095604398,0.6704036455598559,0.5627217602356968,0.996861454451182,2.5395732961435455,3.0686077866253196,3.123519706399128,1.9320283163851804,2.670090548509214,3.359023553008577,2.0389599772730302,2.138177034337628,4.167458699028197,4.619803830174984,4.156154870601524,3.752828478246527,3.040758630786836
4.152038080741421,3.7095105179998633,3.4701063131266117,3.1574498770707176,3.406968435432166,1.0455125936574958,0.9330730085429458,0.9564975265543789,1.1460276274743024,3.0402567615643123,3.8168462423393574,2.378840344042567,3.3571691862050543,2.8886393941843895,3.988928929770576,3.465203544079481,2.0517207751200783,4.554782837499786,4.678872844100827,4.861441222103927,5.491185354020855,6.3872010984966385
3.881851680136953,3.9962718436588265,3.9234541601863864,3.128726032548396,4.3758858393341455,1.6454788259811697,0.5360367175897389,0.6114293086399563,1.7066675485063747,2.4086323837714194,4.167852255963991,2.5400034997055263,2.823439434975727,4.966718893618325,3.5321936943876167,3.6491451638917756,3.2285086033867114,3.864594028553282,6.1927822871233404,6.720585908757051,7.4583988302488295,7.7414947202716
3.9571426537000716,3.6527536845961697,4.0688361660640435,4.056532008192274,4.681424715225377,4.443316363254128,1.6909414361459758,0.8839340669735122,0.7425888417565888,1.2136587622579187,3.5508088550139116,3.0513085122770414,3.353330332182542,4.690632629233722,6.6388906648318615,5.559286535652828,4.856084185836542,5.386645992691628,6.260037493940443,7.092491609155642,7.933194846853732,8.550856534781305
4.429397741089536,3.747924237694241,3.8796666901335906,4.696187445769359,4.038391054653284,4.613964189178267,3.2196289503098185,2.1147504788944826,1.646619400239546,1.9356688409793381,2.0333675921496677,5.392387881574641,3.565731386689254,5.473625620669399,7.124901280741251,7.227570257829019,6.637818237306712,6.988097131524685,6.202617457624055,7.468314128913862,8.35882516066254,9.064081000754951
3.774060070603613,4.749487646573942,3.706857965351545,4.9309034720455855,4.5563764323504214,3.940593272102573,3.3511627332928082,3.3243746579213527,3.039314603802106,3.3520399761024082,3.930304057162602,3.1445541249120996,4.4819913985494235,5.930549598876736,6.229772788109555,7.865837210338189,8.449155899205774,7.89289580091224,9.712149795745097,10.045743517953413,9.733518586469406,9.845220974645093
3.0955756422186433,3.9516535949840392,4.023449180889405,4.2267576219491785,5.070357956492235,4.340812062343059,4.296915766901836,3.5322803913368768,4.126756508522855,5.265146098867354,5.998014018871896,7.430675739872009,5.751400844102339,5.896994355791018,7.787381747471531,7.66409491014816,9.617858294063335,9.688272766542635,9.952211062323052,10.692399326083457,10.724960676640897,8.366015775311043
3.3644305967845614,2.9352293952980664,4.539170298852041,4.110776975007967,4.648365545336681,4.544415184932023,3.967786167832903,4.1272611479657675,3.5907173725747668,4.420555348870787,5.405627871873969,7.572884237214622,7.828580131872637,6.7107968085276335,4.938957863610207,8.854760972401401,8.285867558740573,10.060802691389991,10.214938761834837,10.267644979536021,9.29250722882034,7.214870002783962
3.406820350402824,2.9628623178872164,3.036103705040899,4.369470990721489,5.437496767537982,4.872448688427156,4.271439719404566,3.817927360372477,3.847641241825697,4.014486981108111,5.606379539010868,5.324004357932716,5.544802329194458,6.12110156110355,5.284490989868504,5.784506244495499,7.644265536782123,9.373661525033837,6.360826746488735,7.659742241521215,6.8192947841204985,5.41689859097227
2.9996456529696327,3.1515158021634906,2.542895308715165,3.5790043010887143,4.46598426184671,4.471797385915913,3.8387013579922837,4.742587689332359,3.754038227855435,4.657590385771857,4.6390548650014,4.74456604150396,4.869298127064614,5.453761229278282,5.536965633375946,5.9519697464397865,5.949263909200454,8.057076837403649,4.289912145915817,5.1753875367387945,6.082469619237647,5.22637176543363
2.6378968919573014,3.206499808510862,2.953443504728588,2.487791518289007,3.0758521189522856,3.4719161191316585,3.170472748352132,3.5665941626632405,4.67761953731585,4.2525851065367615,4.41605855241733,4.310084381607945,5.111093152373143,4.840634238650121,5.558581723963073,6.4517499334273225,5.3471549766682465,4.255331260244765,5.783691301742291,5.210847698214193,5.363321269871597,4.21809233436922
0.7874575767599189,1.72037209039108,2.164742421095377,2.662674621106576,2.613382093446604,2.5342905333749117,3.623601276753684,3.5336956551211585,3.3044875231491564,3.910631555184157,4.057577117826501,3.925228222147563,4.834699377091238,3.7363182851939882,4.719698042706231,4.637614174599747,6.55961358354529,5.289925138038466,5.909409812112811,3.565711538869831,4.218211873065693,6.07115346164128
