script/wind250m.json
{"header": {"parameterCategory": 2, "parameterNumber": 3, "lo1": 6.000198445256149, "la1": 58.999992894266676, "dx": 0.5, "dy": 0.25, "nx": 22, "ny": 24, "refTime": "2024-04-23T08:00:00.000Z"}, "data":
[rows 0 to 23 of 24, columns 0 to 21 of 22]
1.984039229113605,1.0088122726090503,4.061596872800279,1.9468798572708401,1.4498923353994215,0.848755663028323,-0.029531647249265814,2.763340786158786,0.6325506951686615,1.9092032145889979,-5.178887526504115,4.916728695042872,4.8646990233911875,1.8875336949270125,-6.151157077951728,0.5897951347610865,-4.967615469303153,3.3888521964184943,-9.148546969095332,1.802347264760647,2.002549078346651,-0.30343212657430424
-5.727058824038588,4.20684263472375,-0.11298726505009256,-6.559920707643251,0.03845956652157399,1.3970215093580525,-1.5847113358478147,1.519432973382232,1.887458900102284,3.132872677630527,6.152177366022393,0.29785962237433244,-1.8361754778072217,3.6450053632625563,4.793347027323368,1.821254043165622,2.6330313463685586,1.2809490028399728,2.644094330109795,2.2158927463857667,3.274461303034945,0.23949994886903284
0.9500970426492364,1.3348413024287222,4.139045542332274,2.6572488839760062,1.5936510094633356,4.468300068872518,3.761505671435363,-4.840782129363971,0.2563915055274315,2.007025672991669,0.8649703784395016,2.8817290154707154,-0.497838239960991,-1.9790065266884505,1.6653983475449086,-0.5258164353520113,1.810629392118447,2.254501187491828,2.363745814245189,2.4337088199886314,-0.6770187228199829,2.0124165224584494
-0.16414370823965274,1.4808779375128938,1.6150555850508037,8.6685071829488,1.4908475196967086,3.9750966482492607,0.5495759188205537,-3.126044131079088,-1.233134148788002,2.799787626202705,0.955400917398362,-5.54268674595286,-0.2689263559005472,-0.4168171013661022,1.2130772348053338,1.9981781597263002,5.63282471817616,1.4643287825714733,2.6663693172611618,1.9173749216639304,0.8129250057317016,1.137384835273566
2.983286800215777,2.305530759814293,-1.455684913920901,0.6750587610962527,6.911008909136983,5.416845967207227,2.4774246073943256,-0.5505994653890913,-6.813982396664323,1.4369603878236423,2.234931439427854,2.3760070002589604,2.405191718723944,0.3901177832292476,0.24036995365008407,1.2466850595715822,2.199183698079177,3.0320183905874027,2.753222612715831,-8.219970177563932,0.6905827983450874,0.3085459976706277
1.7428758226518726,2.164639323902022,-0.5077778595348148,3.0754996028854524,1.727022727235786,1.4453158611158745,2.00212309282004,1.5057982473372475,5.326571447815624,-1.1295200121219804,2.3389751417165128,-0.7332291780702905,3.483753503820897,-7.629930546480447,7.994985016767001,1.187763804706073,0.36596099831201845,0.6764761179424029,1.5106632537768148,-0.48818594509594027,1.87313989607628,-0.5263100871009015
0.9691413278102782,-0.06932569619529272,1.2253464111964072,2.5709841774041537,3.028636002457527,-0.6437187082055692,0.8530192509000746,3.625719415120585,3.952355899395114,4.117734967231679,0.022922837609764126,8.633923938130442,0.9732309912834537,-5.210372679416078,-1.6527484295416313,3.0697476754756465,0.0025649798666846487,2.3893077165253005,-6.077866653265893,-0.5194289083466985,1.6426222073181564,1.2718959012767819
-6.684159330259852,1.0977319294124694,8.122437936748225,1.0091854280775925,2.968728264864474,2.3567216493747316,-0.7567048924822983,1.5059460467050974,0.9537057827264949,1.1105254182232378,1.247609598669457,0.4657022494044628,0.2657478723947428,0.11661372028642454,1.0812307739460656,-0.3038790490546129,-0.2520964524089968,2.5149716350879823,-1.2533951920237165,2.317883926471706,2.3611624709732624,2.2706239266075685
3.4537257515219593,1.9192762359358844,-0.09627051871627515,3.1770653665810267,0.13294392586643808,3.3467851390169194,1.1914092963445908,-0.45547974628397764,2.3880619535767815,0.22157922195645813,2.238238234514793,-0.784819983674464,-0.7742323351702136,0.8644774419296305,1.460633814029089,-0.5325622081328099,-2.872860583772666,1.870908873591635,2.8943267608151975,1.6270264384380801,1.5518497971105163,2.8546229929737907
1.0598250382104133,-0.7421808178873169,-7.153122522568868,-1.6115574593363433,1.0866061723014513,1.3609050714661928,5.001766557218086,-6.469378732192617,4.412191222517625,4.132323976137609,2.631707294110487,1.6540015277044908,-6.978938185397397,1.5193256932327626,0.831784291500691,-1.9569985025862016,2.2371517333456667,2.7864415079094225,4.267652314635626,3.339848726990384,1.9697500095017932,-0.054955015737707516
-6.722288871556405,-6.760321198834129,1.8896415711364292,3.5781703813916743,1.3855904975861801,3.055729891662523,3.349832338201433,8.51670912359905,0.3799521828573499,1.2675181207204358,1.8846171985629965,3.6250440500616037,0.8947087975327435,1.3149080994740419,1.197435076974684,-0.42360345705750657,1.3789142698443377,4.356237622508034,0.5333213377146475,2.292474277661613,3.934288494066729,2.5568589415214857
1.1218756089227542,-0.8429098600643025,1.4818628787077666,2.041719444847086,1.3513933398201274,0.22503218466722097,2.063727637745137,2.168913990652766,-0.38647088894468506,2.962489379009166,3.053443020718201,3.485796746646543,9.131556166785316,1.8547679541579765,2.549640777437083,4.451158156007267,2.5112832495691935,-5.181797347434413,4.042566403826119,-0.03913684674500617,-0.38271628538714836,0.7649187944715307
1.800990308864528,1.6974217442015735,3.505010362566705,2.48858651896384,3.6186181552528462,2.203693056781424,2.37313655709641,0.26291619008630335,1.7994676884294016,1.1143980446176636,-6.093549815886176,2.003314580800384,0.9700132763118761,0.7413218785127718,2.1126409629966347,1.760952489158574,0.4286543304746448,-2.342320419819703,-0.06412393465970842,-0.22791414966790877,1.8604502056241874,3.062127498553913
-1.1962412505600353,1.4663481937142229,1.5664762393406635,2.602455607151422,-1.8075821082006565,0.9718607663180175,1.5216384565388983,1.1344575070679972,0.29018601734955074,1.8862830293519386,0.23888095956899225,0.7167229484666334,-0.26569264426745687,-0.5720122856624319,-0.18120686258852423,0.05433005153240348,1.1406522510577266,5.1475819345798675,2.1017989002357624,1.7813470064229717,4.134215936919739,3.593423423923301
4.7832121205548,2.399279200098241,2.503562660489663,-5.658193727359665,2.755436455712235,-1.7072976102234343,2.2541882477575097,2.71467403114596,-3.2354762350992483,-1.5322850974970568,1.605933385671531,0.40338986453133313,1.4243149599901954,1.2935035245394664,2.7939677025152116,2.5683996359303225,-2.016235178485853,0.14865723944123418,5.265405530337899,2.0560489274561786,2.2846484977337007,0.17227866744495263
0.12245113658284303,1.5099391878485098,-1.7685890487265452,3.8070232876739483,1.41188334729572,3.9240121612137697,-7.948269204260309,1.2236360046816066,0.8434687797845613,0.47291105149990204,1.0934430271369198,2.5534457923733997,1.8830058575595825,2.015575690423747,1.7291202072669145,-8.18518762766271,8.022231381618282,1.199784304406558,7.818016604883284,-12.942952083692079,-0.0033233640040689514,1.8677518688337598
-0.1974862189995833,0.19131100598953177,1.2632356420564135,2.0159818291276124,-0.2445369020346106,1.18587012360679,2.375296512983094,1.6627833924739988,0.5180224160689229,-0.8082298442492588,-6.293586920862377,-2.265044748616357,-6.951804557815081,-1.288237741440943,4.759228342244332,-8.596423052376249,-8.138039944644401,-0.12303335712357663,1.0269741166894173,1.6504650590337817,-8.434278146252751,0.9722787751970757
0.5171257489723418,0.5972083649425944,3.4292058589383214,2.1053817230688106,1.5074569434191245,-1.357750818332184,1.0022800998262447,1.834317519359525,3.862367131380759,0.4461839255585033,-1.616963225308968,0.4079210332444739,0.5418234659450964,-8.118485272447915,0.15694519793386913,-1.4713545485601904,0.5681733805718443,6.281735863935971,-7.2383048498467515,0.2995998542856658,3.68634609162236,4.0647743982263576
4.50729727598182,0.8641662710096836,-7.056216353743851,1.3755738659768797,1.749639618004324,-0.001675999941947622,2.6419595044545376,9.009846987661788,0.05827507311223605,0.06505771764327936,3.624438669185248,2.705122241713191,1.660469028794149,0.18378484172165668,0.27316519564407027,-3.1004889960152906,-1.2730806226014715,3.6800579429294933,2.4463584151788256,2.763925455338641,0.05709743392536239,-0.24060480345018465
1.0300994852859107,0.7741663257066085,2.025400006803879,-1.0162215477738428,1.6911706590428046,0.053717381913477844,3.519839490505421,1.8050578054059805,-8.205282392788526,0.682454733216662,-3.293308560032604,-0.3116547655709815,-0.6762525502125478,1.8906532211551978,-6.729949173206334,1.5791838049648097,2.37299515751272,0.6905294676015,-0.5689739034673988,1.9583942728751311,2.6464979761660925,1.172376762677335
1.090041026395339,3.036035980630038,3.2898265342500856,0.3020419848048441,4.3958474984511975,2.495613755600102,2.4990519109604485,-2.286199197086189,5.127010110169449,-0.17531497042276908,1.1300001561574442,0.6580974927415036,1.158934327873242,1.1817030095752308,2.497980653717808,0.8468670954489107,0.23243749786680643,0.5639218687210507,3.375749781805043,2.2385059595000305,3.3665495954910285,0.7843814502087946
2.503466521060685,1.5430301341944075,0.4699406785687099,0.18936019015531214,-5.759174572875471,3.000324515954224,0.48254738737971986,-3.1442679241575804,1.299289000442766,-1.3985322091934071,2.385801792680337,-1.1971190813061876,-6.8127192594387616,-3.072252096056736,0.20416880819324335,1.6307862757807199,1.583913240066974,0.23385965761460276,0.23705774090358625,1.2519658925628299,3.915236465733887,-2.2750119704408363
3.365436217377702,2.3913355056882275,2.838235517684111,7.03488269826129,1.8326598621709835,0.2847206482548819,-6.6180902990724695,-5.934394738074731,-0.9668277963977037,0.13871620964081838,3.9524470314394096,1.3463081403599153,-1.4627721578208148,4.62068811155085,0.03335533146057386,2.137224083274977,1.0116608143888137,0.968703798532233,2.2632861440915786,0.018248403762519388,0.9793423966610199,0.1672390300372658
1.8140269680368017,2.4007253538672044,-7.43766591078842,2.7234007618659573,1.8641028995319957,0.8710663035475047,2.069339170952234,2.453248521610525,-0.3517077501314358,1.3113338388972742,3.8646508155955326,0.4071668235188273,6.008909393985553,1.516169562794077,2.4442601566255417,2.4796107227551145,1.5388658525136143,1.825532169067797,-0.33490823822949906,1.5059415287865479,2.0566545319329324,2.3213748580127005
