script/wind10m.json
{"header": {"parameterCategory": 2, "parameterNumber": 3, "lo1": 6.000027932988019, "la1": 58.9999434238085, "dx": 0.5, "dy": 0.25, "nx": 22, "ny": 24, "refTime": "2024-10-19T17:00:00.000Z"}, "data":
[rows 0 to 23 of 24, columns 0 to 21 of 22]
1.58569632209084,9.396769233040486,3.333996446373642,0.5991174922208045,0.8439008570361082,0.363839146197266,0.07064154140767409,0.3765875314878569,0.23247215511765967,2.14723150093522,-0.254025075087356,0.30544145724556343,0.05983619677465075,0.17673739873675154,1.9025410964629426,4.770762685815788,1.3785469257016503,1.4898165016290064,1.9804568952092232,2.303403506491564,1.9742984714788656,2.7165294815795993
3.8466495983916054,2.165092453649229,2.1084231721472655,0.37174620511465517,0.3466927403144372,-0.3230926845844877,0.14613875331756884,2.6052795322395217,3.3691524576183105,3.433158260965003,1.9178176319388265,0.7026863645359064,0.29928629955781716,1.7753321789847358,3.258877374678639,3.3534628934177877,1.5921689600489835,2.8071861941008924,2.4664941381531014,1.9691768120657422,2.3682341237872953,1.9378839516725983
1.5584686099394818,1.252374170183911,0.10225868164860034,0.2096832863186184,0.029578891598231315,0.29417537089986345,2.429819235952159,3.7868504426399343,4.814697705109859,5.165881389926252,4.917227751143865,0.3254301843654435,-0.035914708639588726,3.1212768463464116,2.02695263682277,1.6476060829327437,1.9311897590375713,4.992245407749997,2.3718027582896384,1.3150026105178274,1.6332284338305865,2.7256179797433955
4.8325568841157835,0.6542878779427341,1.1697659410232844,0.6292613263018213,1.115129211320213,1.2858476166056731,2.3668181682178813,2.881749075791269,4.067049261665099,6.1362582577340445,6.924920124444531,2.0830906379629575,0.8834246770992038,1.2668282173704744,2.4896901236329683,2.4004168438729003,1.5739483495565711,5.454739122387015,2.233975824678225,2.733927442054246,2.444921105484558,2.026528242923741
3.922708747387982,2.778757887817599,1.871878703217456,1.3746010598766178,2.450472529928819,2.297251478054676,3.103692897456766,3.8182994374147055,6.019149213210004,7.334806355293877,8.122914998862331,3.747848593657819,1.1031906601137018,1.347169099464478,1.4876703509713889,2.2349786496591117,2.23800931104069,2.075712422035531,1.7884602532910594,1.9462252867823262,1.7828277287497023,1.9166159599592838
3.4247289285262092,4.316927734786933,4.038719751208922,4.012878995868698,4.0164979273266965,3.935691467950838,4.564962357892761,4.785672860372877,5.227226233317809,6.232686159262197,8.515231891395077,7.370695336142148,1.1894416945780373,1.5644713920352007,2.521416037392642,3.00377606732298,2.4096455977845177,1.6950005463544313,2.51396759937682,2.7784177098726843,1.925827979102631,2.461369040441671
3.8154394222359036,5.595977695979738,5.479585963142448,5.191627371517375,4.587708929031282,4.048732116845116,4.769810144095203,4.78304098966062,3.144024591130216,6.934038573160566,7.832309528375154,6.456896587027855,1.7245920625056599,1.3871654320589317,1.9924094170249642,1.8580878691561162,2.2079398020119303,2.5939202373014467,1.910511298653733,1.7726582252792646,2.031641141514911,3.148097082216119
2.5490734254826584,5.859624108794489,5.74298118801984,6.166362640468891,5.675148141287079,4.181934958386002,3.1363918881462896,2.847049203197674,2.416900778299892,4.338151374810379,4.270309801222615,7.139016978798987,6.476522256496843,2.1318397725806424,2.174340344488494,2.331738332766183,2.1687551448557287,2.3982018305035204,2.301757829610634,1.7418756131093953,1.79179303555015,5.228060308352227
3.959371052060721,5.167017341088711,7.135638035816816,7.636043551633107,6.189934557720058,1.4337809512289177,4.18750777303846,3.3401142017031313,2.258909201038173,7.915434024131499,7.582251757699952,8.21719145344072,6.716338375528371,2.2015789306253093,2.116765235746497,2.3584580679716876,3.0031065012465814,2.1460819184236573,1.7889999903948213,1.6213248666138573,2.331829843821352,5.413023717140523
6.2420768340591675,4.476027315951048,7.914029393823066,7.987453266175551,4.968434169163767,1.5710851375846744,2.9853913429147134,2.5668094241905766,2.240080733888526,5.596997688082626,7.836805005597184,6.401039969275275,8.243263765488155,5.381717768470473,2.292060916071719,2.3271652000226917,2.3426989549619113,1.6488741420676194,1.8564579355838864,1.3936276672507175,1.672932259272063,5.075951841992535
6.118566594808919,4.617901237537925,7.934631683081926,8.121983814507209,4.108061801412135,2.033053154792464,1.8896135045126008,2.0656737181837594,3.2110941188134974,2.113624363918748,6.352519520173059,6.319441704887815,7.611653912910969,5.357625123655415,1.4556057114120915,1.7736346349119134,2.4080584798050326,2.390211285269077,2.074478876500447,1.6462880526996246,1.7463962148364045,4.455953106746831
6.047112073068598,4.81146540227575,6.737641224174952,7.5462852710593635,4.69149190141896,2.373392687222424,2.5519491186316503,2.1966069591782285,2.1493800654520863,2.937777104281478,5.2493105586244155,6.732888655581436,4.616112663518484,3.436292941274278,2.0343921674146763,1.4236213080575588,1.7864494970457552,2.0217724843254308,2.211693143391939,2.503602223725376,3.3048209143793947,7.2658535474633785
6.294501652996111,3.606952309705257,5.19388035894806,6.923583087222635,4.231040499155863,2.3122123728346664,1.9078557326256231,1.2962279042363958,1.8875894945613456,3.8872270205020785,4.368282123005387,4.511193771905205,2.753714853709403,3.0885785369585728,3.246009451913562,2.037694671527818,1.1954307067475096,4.820643096386636,5.39852386684283,5.751470588947658,6.771950989730199,7.5668373930814585
5.376814377958552,4.424725771348682,3.628614715618597,6.656593357860096,4.355971166891477,2.006356810053618,1.8615232655816436,2.209592022410144,3.140657413505565,6.406311606463513,5.145823889178892,1.968415174769005,2.408938911594032,2.5330488006151404,2.7496844001056933,2.701451392213877,1.682303038331894,5.528854824292786,7.37194769523759,7.658997040784207,8.277605414544594,8.825118802514469
7.099541075090246,4.918220313651832,2.516590293166054,4.068349721688791,5.840629962806051,2.1955153550831503,2.0572066197572454,3.3226467368819463,3.599944721818763,3.980427354984408,6.494665407020869,3.5291070678866614,1.453248504174127,5.445738191052523,3.7467681184284647,3.582872983262432,3.781466423515442,5.626867056729321,8.221779953815172,8.504576764978342,8.681431878061696,9.126458600533272
7.217194795564849,5.875976208581626,3.852131433792102,2.996914501702808,4.659738590634565,3.8471565723365804,3.110483751946423,3.355895763399142,3.86586426407774,3.7041955754257536,5.403822452468527,1.9094687674278565,2.4025901058832804,4.409313509380347,6.3217522120599465,7.370219958269433,6.610681001747688,8.120592808403384,5.688864940833409,9.000806428554824,8.591119459005421,8.151890700932528
7.442728919606327,6.877402905199655,4.867085368482664,2.791134258692714,3.6251209813244403,5.289274516675002,2.317580153525729,2.226155381563,3.651255134987906,3.201416436261919,4.803769661602677,3.8623549643063555,2.6912533176798865,4.668436390008896,5.6002903187624655,6.499104568380729,6.939944067125947,5.925819601130342,5.378172343720071,8.827166385277918,7.716139649612177,8.289863114242511
7.942813471438454,5.422426868346268,5.570419650430963,3.9721397385628,2.129065098809679,2.812254238154569,1.6951695544019179,2.6116596155464586,4.330566095505631,5.512094891308977,4.259065383317126,3.392446883407957,3.4262626882817986,5.704114548898181,5.142158485869381,4.2039900304140225,8.009502752342957,7.136627381912741,7.822502613325862,7.7821809516489076,7.953907303700713,7.597618826992437
8.044704308598916,6.2469519850542845,4.974405913537829,3.957324985063845,2.3263537745623815,2.4805599382753583,3.87668902573301,3.172306621355884,5.204017671488569,5.4331032306437805,3.855672984774927,4.272642701177733,4.499476971372339,3.9260355144125576,3.9052705749867815,2.4166424946182676,7.2914544033988165,7.043804065841316,6.001079547267532,6.908033017913817,7.034716109149452,3.8477835768466337
8.179160600274937,7.209957937097821,5.453131224515573,4.044734759353079,3.9690567563225176,3.2159322402869206,3.356571789426904,3.23486219261347,4.373749433112562,3.350029600611404,4.356089828128448,5.599316657163023,2.710323125587393,2.2992971534497126,2.0260801458031716,4.613292341956842,6.733333116496778,6.567239332807658,5.587381058218587,5.233016000421679,4.656151011794074,3.899399030678428
8.046008734079573,7.794199091646811,7.299029609276693,4.68070456279213,4.905163337802377,3.6459707797368393,2.3145705881051812,2.5350381813463345,3.138145394990284,2.8135229342854418,4.504056328268473,3.667436692875334,3.1829550224817,2.420604409479982,1.6868484530690788,4.293289091907884,4.736638216535648,5.8687812048486245,3.032121076049496,3.9705570631120244,3.843810881094486,3.4406983216805105
7.810662169594822,7.319857948001092,5.728515266729314,3.8118202273728206,3.5023382558952196,3.8212865893476144,1.8619023827855052,2.6538602996505496,2.239016474713726,2.961066561828633,2.768319768060576,3.5304651312736115,3.2386286851819173,2.560646344882964,3.8625168454474212,2.7851373642870625,3.7114074072775187,5.46745442743507,3.030912632952805,3.0809612429431743,3.7178959119741637,2.5926669785597998
6.136053415798382,5.404799269629524,4.888635404513673,2.0444787810252283,2.262987780686606,3.561995395041883,1.023437098221604,0.9981732458230995,2.5513239177682565,2.750009543237414,3.2022855301634374,2.4549754648957935,3.738893603985431,2.3875433214139963,3.4226476137536577,3.902997847392458,3.328350748107759,2.7628139295989964,3.8510539152313257,2.8178670111402933,1.977141959616258,1.7511625126691006
3.1540625973256686,3.8116327471495457,3.7107005777894337,2.2911074147691344,2.0975828191754537,2.359536610363923,2.261234241272953,1.9162726614848968,2.75529704730143,2.4425720774902295,1.6761711322946806,1.799765345601236,3.4557970523183466,2.234795657778626,2.582292701061174,2.3945465395096908,3.4180745611483,2.1851374818398464,2.9516934497889333,1.3523349467585049,1.5540286095376863,2.0649293738485084
