script/wind100m.json
{"header": {"parameterCategory": 2, "parameterNumber": 2, "lo1": 6.000198445256149, "la1": 58.999992894266676, "dx": 0.5, "dy": 0.25, "nx": 22, "ny": 24, "refTime": "2024-03-10T15:00:00.000Z"}, "data":
[rows 0 to 23 of 24, columns 0 to 21 of 22]
-15.542230736814334,-8.911291594706649,-11.790591523874658,-14.9974754360024,-15.71445438442299,-13.675641030192155,-16.384543558866365,-6.087178496789042,-8.44805847665762,-10.470430088850557,-9.057188097200168,-17.02263668124718,-6.759363672192972,-17.004186005463556,-8.65380080441096,-8.610573871105311,-10.29330937377707,-16.00199008303943,-9.169993351408042,-8.819105828988466,-16.960998532320357,-10.38587624361078
-11.189093557783421,-11.853379274480226,-7.879493850182304,-14.623054406059948,-11.233540529974517,-15.826111218198655,-15.02570098677238,-13.071496107151509,-15.478033405087855,-16.506646155666605,-8.650650007699838,-11.47936851837927,-10.592539619016831,-13.282110839064984,-11.08101321397753,-13.791560397728931,-8.765381660294315,-9.759134858594456,-17.454231278749457,-7.761345500491203,-19.84007357948353,-13.399053583136782
-7.600899507869673,-9.668678564435075,-15.5322502154474,-10.080989847073365,-8.907506303548226,-16.32595194606684,-10.682178092688817,-10.21158834783445,-10.385153792449596,-9.47217416746893,-10.710707299850734,-15.156189153650619,-17.06323503295881,-10.021127379798935,-7.24284332923843,-8.560097375559055,-14.113896985831735,-8.567417403299109,-9.689524306818385,-13.572814958140905,-14.16492480921114,-16.84565261074251
-15.547713754107358,-11.396247423343272,-12.874225663643571,-10.839842159231251,-9.334857515179696,-16.763599299378946,-10.82178099213508,-16.72596485716463,-14.417576406659219,-19.34341984392001,-21.680202942884716,-9.937716370419512,-16.077378119189966,-12.869339845435743,-12.102633320191138,-8.420927266184876,-9.558910656940753,-7.968051593655656,-13.227096136715232,-13.2231668209037,-11.204095338919839,-11.057922965302835
-8.095982458947212,-11.103354245476856,-9.486108104730889,-7.272820080846802,-17.19974364852544,-13.38783715004941,-17.24402415205504,-11.858114209599139,-8.652891710400858,-17.04618089673143,-13.952263215910081,-13.78893036915443,-12.68534995647614,-11.5473244825281,-16.98043700929641,-15.74409550445849,-8.953682656315763,-12.711755363659714,-12.356440034706218,-8.904694505372317,-15.506851559008801,-12.32522726921285
-10.536727058117096,-13.242399172020724,-14.837308103444018,-17.90231237319398,-13.965362421057769,-12.302612788551851,-11.041374606390663,-10.062689343389621,-8.452252807742969,-14.088423544918367,-11.317414028184986,-7.734134982386903,-11.017494427033629,-8.871209183136106,-14.791651366545558,-12.40575456654675,-9.507440138887006,-16.530105072062128,-16.15669311065842,-16.692439894075182,-10.239518368403695,-10.853153652813479
-6.752831668775524,-9.539167267359307,-12.735366822267151,-16.994366232748416,-12.845418418345611,-9.797342606485484,-12.240015344328004,-12.29624699707339,-9.262047814321923,-9.895366047682213,-14.541705243720251,-8.557903120407246,-9.769826772463203,-14.05650333448492,-19.02346221490577,-13.57932598595711,-8.865835668286302,-9.507871055679736,-17.102943583980384,-17.568311396804233,-20.053501953558442,-15.7055072957104
-10.784952202107164,-10.62302196208903,-11.411621603246234,-11.226503842800122,-9.932528905709894,-7.715180075132361,-16.200138437228812,-9.791825128606693,-11.942563220729557,-10.37690572954367,-13.526619056287887,-17.093207807163633,-9.308450626651654,-16.05486190464285,-15.160149284242781,-8.475177111396544,-10.852802843390336,-9.854124812925773,-16.294114730096506,-10.180643757345633,-15.257444223926155,-10.522160370543261
-11.9721862199623,-9.09686190115773,-13.873976820874597,-15.293169132474329,-5.036267906532304,-13.376722879019866,-10.054158329452646,-8.988273492460843,-9.156335746049107,-15.167793944336013,-18.30466992478579,-7.674785491640304,-12.123852822172696,-13.075638170723195,-17.436839249166667,-9.312067217249425,-10.712103654367867,-8.272194908711958,-15.48526012289845,-15.827385846837997,-8.50258433240069,-9.15275327836451
-7.681683887821759,-16.362538667672055,-16.087328368946086,-14.48861509198964,-14.621942152210199,-17.07982846500478,-9.036447011841258,-15.713218277518584,-11.541465533902333,-14.837265723167945,-9.779033156211943,-14.386032218360857,-7.733445856933592,-16.26659334160578,-15.927097317134285,-15.349950501975933,-12.218259396191431,-7.756690591348592,-9.077762843282038,-17.27187152673185,-12.050858189927165,-9.021432647004575
-11.872317970590103,-11.547238721888597,-13.414403561751817,-16.161148044494183,-8.62062475989234,-11.893007900053473,-16.388647797302145,-14.499953664506664,-8.030393489844341,-19.0159068194041,-8.768902015730731,-11.026907822972792,-7.411790205229459,-12.155150667715288,-7.520162469631504,-10.594610382102708,-15.332441270164692,-12.560923567673154,-10.906030030300577,-11.906936861598538,-17.13482722358317,-12.526426401761125
-9.50549875660547,-13.370289090151172,-13.031049827556586,-15.561024974168687,-16.244796755924547,-13.10641495474319,-8.852492352359915,-13.266031029591087,-11.193291084040256,-13.636668571467565,-7.938527337830846,-8.386454415902225,-9.23738017201297,-14.603072554899486,-7.87358270070268,-9.627328596304766,-13.701542879795133,-14.599606231894942,-14.05662944902486,-11.865839965781424,-8.992672193387682,-10.877996142129792
-10.970147730521338,-16.407543641696346,-13.218303967185037,-10.769172921756546,-11.891579460065689,-15.227688823827686,-8.810028370882614,-9.22525414149056,-16.093954807333855,-9.329735362188334,-8.716905149910227,-14.425719530717732,-16.66678641821349,-8.521867237819759,-8.583188881151234,-12.405809025146704,-17.542770731596118,-15.739440316246856,-14.438641016799652,-17.396338898337685,-15.381300807824893,-13.654072078359045
-9.170098729315502,-14.26826658617282,-16.921977979939268,-9.359241130703147,-10.180544363624547,-10.976533699032265,-15.775926689294007,-13.0538254315797,-11.193790890451407,-15.9958228743214,-9.919783691096425,-8.601538357513508,-16.781988878014285,-12.047585280537442,-9.299564383915852,-15.401974717131555,-16.286363935810908,-15.98153346723027,-8.566653661272525,-13.317676856397975,-13.611061431476143,-7.987126775643874
-7.875375613171762,-9.819281754281855,-14.260659752148163,-11.536716017392543,-7.9318211596520225,-16.19354421959302,-9.955405786906365,-9.880457936239166,-15.631918160102217,-10.486027181217572,-7.694331781427208,-17.30425571521337,-11.660000831353843,-14.057724228018982,-9.308270935700975,-14.829563836731618,-16.165959733644538,-11.455081659763414,-6.6139390937871,-10.015724806217396,-7.60718000369036,-14.403652423634522
-7.502269534583554,-15.269050914941404,-13.89405736279791,-9.581246242512275,-13.939755080405023,-11.146893941465807,-8.470014082927625,-7.456747062839624,-8.290351311792048,-9.113895870902324,-15.523529396929387,-10.234124503873845,-8.50152053670511,-16.166590697052126,-8.524328503720639,-14.908796235969108,-9.581307997302556,-10.264854332820237,-15.330363941254234,-12.371178181017216,-14.433680705533265,-13.129087052762129
-8.935528205570199,-14.210709340861204,-13.310775094049383,-11.38116970033483,-18.387839569939636,-14.918966472190482,-10.955595727561391,-14.757562107522157,-15.223655240890468,-10.852380106054948,-7.177066731576235,-14.431703375207881,-14.961590162281848,-16.10235625647846,-15.832573531450485,-13.489382034956707,-10.220940608511698,-11.085601895551282,-14.061733516514428,-10.363698427945184,-6.420674634318323,-12.48936515140163
-15.500897734830312,-12.89243923493145,-10.094655063209098,-16.48940563193231,-8.271085591810511,-11.97454201179783,-8.67763664470718,-9.149288515521155,-7.586749069101114,-9.103641477260158,-9.82483127797648,-8.240175155499816,-18.312103515935718,-14.366486439426689,-18.777185033318815,-18.422458737069878,-11.932620944961622,-9.451288246916283,-7.50597409849196,-15.559456070482806,-11.456030275996259,-16.489507733079165
-14.784512808008666,-14.88912826371234,-15.576700748775185,-12.769252580327679,-7.292965107638042,-14.071883611198718,-13.267798839541875,-15.050208597830276,-17.427535767626253,-15.330825838522163,-13.72186083713588,-15.79390627805791,-8.66866179529187,-7.634102251779015,-9.279689908533824,-17.636084755479885,-9.766151537207628,-13.954691380844734,-7.658351364252816,-16.345454287781028,-9.41578034460723,-9.491499857614912
-16.7771396445264,-14.119124849243569,-12.732774080302757,-13.644883248060202,-9.801922798063744,-12.59468830716466,-15.60011894270221,-11.158445729855465,-15.09474786992613,-16.18909608307423,-16.315476527967782,-11.001522234362199,-7.001087309763724,-5.538659690630156,-11.145647900451888,-17.375519580256277,-11.669448866443789,-10.667520890753078,-15.66102619818867,-9.584850041682149,-17.74958341191436,-14.913782481731475
-7.7126105136482455,-13.737009721789706,-15.86330168241013,-9.528995932305008,-11.064477961834653,-13.15887912817829,-9.476340317402464,-7.644356610627973,-9.386804105114074,-10.500249317642798,-7.833453996658067,-11.064730239454986,-10.300590038701863,-10.136696885399568,-13.776404746998391,-16.77325886122386,-9.596312058089246,-11.697019685114073,-13.163439414036146,-8.67282946141593,-15.694752711463282,-11.231509316680487
-7.508689536033446,-12.866066844212762,-15.84902418092407,-10.91818135658567,-13.692315020136405,-9.345456230344544,-13.959544915406177,-13.39134475392379,-9.474313351628044,-7.700343385289467,-12.15723912317952,-16.867445594384293,-14.250120922360997,-8.583313789130402,-16.88749090319333,-12.481154083946752,-12.796402987870755,-10.238931839079688,-9.01091823950631,-9.863031934574568,-10.907100517504585,-16.549055609980197
-10.149468817613226,-10.177470229026536,-13.104346387780256,-13.35081797567071,-9.871662145975222,-9.96916254581152,-17.04712877663405,-7.770115916990928,-14.071983780475307,-10.309009857419046,-12.171319059071477,-14.80718760493882,-16.565919952469542,-12.601584266206984,-15.293178932492037,-14.207834746328235,-15.526826748781088,-11.66906891267847,-7.815362123775675,-13.525861653076335,-10.93425369471781,-9.006205249049527
-20.88784040506822,-13.332235682225903,-12.81042076160679,-16.62064717907553,-6.647415287794501,-14.542164303205077,-10.227518884421563,-17.31451117908459,-11.081770576202453,-11.271901437400324,-9.175934469018523,-8.56829774870991,-9.748272589159964,-14.570288324257216,-12.253163887343751,-16.609227852646928,-14.62309043412599,-15.274967705838707,-15.529314824280537,-20.04436246164643,-8.451635193956037,-10.338469525739939
