script/wind150m.json
[{"header": {"parameterCategory": 2, "parameterNumber": 2, "lo1": 6.000198445256149, "la1": 58.999992894266676, "dx": 0.5, "dy": 0.25, "nx": 22, "ny": 24, "refTime": "2024-03-23T17:00:00.000Z"}, "data": [5.601322240090661, 9.392622654529209, 13.809550391398112, 7.477292552942267, 8.891041347207276, 13.431195540133801, 6.839351222414754, 9.285333332106838, 11.7739640751794, 12.0241952775903, 6.263192463270522, 3.759855790150877, 7.6325636884025645, 3.9212096084430246, 5.819712815831683, 3.323250846311436, 5.096045343602778, -0.9215964241376483, 5.6956372875729855, 6.027026864858095, 7.0434475395845215, 12.166302583840062, 4.248525087858298, 13.325528257907163, 10.411582843924847, 11.508866716825873, 13.994307836593585, 9.438318972317942, 6.474558145257431, 11.277629799641442, 8.828249582542613, 6.1549401883822625, 11.080461192658092, 13.843962467588092, 13.846597460066096, 14.185220140675113, 11.83646976355973, 11.679652908793374, 10.176807075264456, 5.3407607689969, 8.656021556355245, 9.001145329851546, 6.694836533541095, 1.4202375796592133, 6.565853860115994, 7.625816993458623, 3.908604163234515, 5.437759977730542, 9.10519296501336, 5.080948907283719, 5.244436320623238, 5.863127235605783, 8.20374389508208, 9.734634840144814, 8.538203112630534, 14.119801174082992, 3.6535048145172917, 7.607418749573417, 6.912769547698861, 4.32152201877536, 12.667881903594006, 8.174883051675105, 3.784041002122783, 6.267502997556058, 10.324787348982642, 3.8931082918441597, 6.522546883811586, 11.118869622554309, 3.965619196158909, 5.35550774722816, 10.412152522041007, 6.947225871871428, 8.34017653263669, 7.784711454910098, 5.765760687486882, 4.7781659380823935, 9.610343615139039, 4.531586782758287, 5.434141966847969, 10.866667304323823, 9.025118856468024, 5.249873478024118, 8.218275860584948, 9.90713037060074, 10.182196304759493, 8.645901789734141, 6.576146641709657, 9.013892463260328, 7.834109670080129, 4.415609867718093, 5.510161736337393, 9.114745132467785, 6.997085524342252, 8.625304514246029, 7.703683608383064, 3.1732699999172826, 9.77829021053552, 11.47446321461856, 11.45232309710199, 6.226949570251093, 9.712949303393515, 6.226859331370123, 5.012096723620506, 5.41679771360516, 9.69561738022945, 13.362579733903175, 8.073491261901815, 4.128505333151293, 9.039986535235908, 9.98144137910029, 9.206377420326445, 8.061942568663248, 5.671390448456628, 8.107587733113842, 13.041879636227494, 13.520462627039537, 6.369949332163601, 11.600956594873024, 3.7635773752078747, 9.07855400087465, 10.540304999642553, 6.636775835585733, 10.23069345711598, 11.13452808334979, 6.397029264916898, 8.935628135679515, 10.687333283942786, 8.471648709413309, 6.355807899506385, 6.915815881939252, 7.685032329779203, 13.111519875754388, 10.717838221120468, 13.041289214162704, 10.605020958412698, 6.68714747673846, 8.74756446301018, 2.9287046487936252, 13.498055482192337, 14.03986536913447, 13.743281520893435, 1.3103669284606447, 5.673296625967649, 6.933094605581631, 10.095536177299172, 5.465642534220128, 12.821545867855583, 14.017028002766633, 3.7584168664126705, 13.040411478834882, 8.086193632421544, 10.236065707085311, 4.631301697315836, 7.802825053054785, 12.321587826658101, 10.60917189780779, 8.613492576399912, 12.743318216345607, 5.964327634968785, 5.495437342170921, 8.932883683872664, 6.346517089030327, 13.285206115589164, 2.735840875581583, 13.646698639895304, 12.04120938068178, 5.537405918838903, 6.186362243406497, 10.164888449456848, 6.678872991895741, 10.70691727683545, 12.514791317070333, 4.549586448546326, 6.70001417419412, 7.938258224053901, 4.538496622770581, 10.491568946982511, 8.057121084550817, 5.629497582304972, 6.775162332954302, 10.812371135957724, 14.520130183915462, 9.40658127760039, 6.618278257975638, 13.774423247881797, 9.089616906001382, 8.680030786253267, 8.61018806250496, 7.879008830636, 10.490837445629024, 3.965036053181497, 9.875209801486445, 12.777874964055147, 8.46729466628309, 10.424316564044158, 12.78923781215637, 10.268252684043128, 9.994249187995475, 4.870420254394631, 7.997093710047996, 4.934002914110775, 7.942230933975102, 10.004405693963195, 4.688518860695448, 5.853863275088874, 11.321920659585679, 10.526254948870369, 8.825531679489702, 11.234935030112078, 13.6252195429915, 6.174444130920625, 10.277146334071453, 9.609355427902107, 6.12860988023278, 9.778706698008188, 9.030249795867245, 12.184117091090311, 3.9244717157244864, 6.676127439023191, 13.696075401123604, 5.562988186872357, 8.569980408096036, 11.18219756417614, 9.717389055825981, 5.739677459917584, 9.575126351087903, 3.7225074607037616, 9.75685833992521, 13.899460782257858, 7.317073089673864, 8.826097940437714, 9.818466179585725, 9.11395910141753, 14.251647841765525, 10.083107699651483, 12.286217580511732, 9.770008020589566, 11.479144076130185, 9.938169142008888, 3.949040868213667, 6.176847202624036, 7.674990317579218, 8.629190442583416, 9.61613395143134, 11.003262871358864, 5.941496011695308, 4.373785076263749, 9.056067342675778, 10.296049133315716, 13.811777746243386, 12.569580016974518, 5.418255573103302, 0.11361287989382116, 5.410427768756263, 5.281941474902138, 10.996531323313535, 6.56068221633205, 5.576342837684797, 8.437418256278029, 12.098426364438554, 13.323703296455163, 13.409448707398829, 13.924110988743546, 7.918641957462645, 11.675451378817854, 4.09811446852767, 14.901712889714135, 12.338128426988458, 7.343469769139615, 5.80960185127044, 1.667790858687836, 7.8979070706673, 5.7313748476632, 8.335992090657218, 9.873639783525405, 11.632006036144222, 13.295746236286872, 10.677277312280324, 8.075732290892162, 13.812189815429972, 5.894821972827832, 10.09775164334646, 7.029285851703523, 11.264664386819145, 4.12393291611147, 3.6686595442605885, 8.822152891188875, 5.858874664222308, 9.32504023681601, 10.441641657534127, 4.7580636971405825, 10.983390305926584, 9.97610538542353, 10.93157319710295, 7.68857095972516, 10.753578992219172, 5.136132003638754, 9.549344980677416, 10.394288412064718, 8.475538761185806, 10.200952657249859, -1.1072538794686424, 3.4172036235875245, 5.453616952257563, 13.662275422359619, 6.823713600378399, 8.861790853625347, 11.039025703809344, 9.890445089114003, 4.65583810951258, 9.482842446005124, 11.922052075014367, 4.044154932641208, 12.206444163307578, 6.102317414847916, 10.173927175156454, 9.597213372649632, 12.133738528302349, 6.242334389556179, 10.26913516738412, 13.475263068256977, 12.884863721911975, 5.17272736203014, 5.901968296029246, 4.079617926229617, 3.82634243092945, 4.814531406159299, 1.1924397433579508, 12.224195037922238, 6.490237131536037, 7.038441192721105, 8.908512363542954, 10.978117420728191, 13.22534567267553, 9.164014741272048, 8.1755442022992, 6.003728370491756, 8.123565461567894, 4.836026388020206, 10.590484084671813, 7.59804051422052, 8.52005003745438, 8.151227879284965, 3.245300706625526, 9.999972130806261, 3.6132789030255092, 8.51694976941253, 10.153969894880397, 7.87404974473487, 5.236667100125008, 13.050922340417928, 3.843717466860257, 9.62034062341134, 4.925074693490157, 9.333459246222382, 0.9743907580059501, 4.551704354894371, 10.976060798388216, 9.832760439043454, 8.85930412497796, 7.699291025614431, 14.795534152105738, 5.528333359818753, 13.50781064498721, 4.060752244971144, 5.142910111137099, 5.162921059113085, 4.749350335033053, 4.647993594009917, 10.05316928697081, 10.852460968702635, 10.478780721575143, 5.49289232012937, 7.185612825265553, 7.326953099581663, 11.811206458397809, 13.989875782345935, 7.391765245755104, 10.194161146901523, 10.934036353595507, 8.071263978423925, 9.057279503963416, 4.630136851618041, 10.889800772037818, 13.914385267156536, 5.398803513360735, 12.869175399739627, 5.435850188537285, 7.305459256931563, 5.644252875646051, 9.899175817037282, 4.74805444198904, 12.229498799581288, 11.394218067032627, 14.259259710624164, 11.168991086789546, 6.154451159690158, 7.992209362006097, 4.3363553636327925, 9.567944789903926, 7.650124233727625, 8.685792733490619, 13.68070847949401, 6.006032048849378, 5.849426666693019, 11.70076887105442, 10.066367033268648, 6.155035119851056, 5.0349140206475935, 9.795894605831101, 9.523821073193185, 3.535449409735865, 11.416358437040415, 10.779475664688482, 6.819691391071889, 7.1668866391773305, 11.176974139076325, 13.926580336058894, 11.113528345554142, 12.600934275749317, 9.796764632916995, 10.497722132800936, 13.212425959656354, 5.540240380975239, 9.539290759875023, 4.470525637047065, 10.382278054270838, 5.944462487209267, 5.029207438644078, 12.565989772836845, 6.64343276933916, 5.673322180308441, 6.554933269890189, 4.065221548705617, 10.218116306726762, 9.342454796176273, 3.223807765702242, 10.141836087127716, 7.299777020817974, 10.202637561844716, 9.824626023015032, 3.0994771994150114, 12.967977717047644, 4.644703611208174, 5.453464251024819, 7.04538778823232, 3.7320995208934997, 12.82482453685765, 9.806238231974788, 8.190471511604477, 4.9833257966875575, 5.910561431917643, 10.655724006381531, 9.204597802443633, 9.805835296296152, 9.97738064751788, 6.708451579864111, 12.079566140418304, 12.457943277107677, 4.809896887588262, 4.263348860285907, 12.489928707317393, 2.8724183579980385, 12.655457095124834, 9.37768679398586, 5.003630715310505, 11.983580882860476, 3.775812482865212, 10.04704290666465, 9.290140781211601, 6.805892238037701, 8.302010532238022, 10.229643406066256, 9.47340273832908, 4.977245004448674, 10.951646295189661, 6.358688486655826, 14.308828377519431, 14.000488942238517, -0.12210939860103823, 7.891177660951019, 8.378683949123943, 11.949585159210097, 4.778979990126003, 10.610118541419817, 5.249509757246781, 6.398505343051786, 11.523088971316046, 7.799784996951934, 5.859738331784252, 5.639026207602808, 6.386967374483046, 13.9888885069856, 7.120753002452335, 5.066662369889833, 6.439853463515825, 9.579209685882365, 5.756405697991504, 11.290799333319418, 6.372920536035198, 7.981693154346326, 7.169204472261374, 8.093769717439125, 12.102235977114368, 5.437795581502201, 7.903175073379778, 8.602774234916701, 10.722359609741007, 8.237115386619827, 6.096895684697, 6.442380324494928, 6.890294606281051, 10.101284313133585, 8.149586803150472, 5.899072634873245, 8.7978752932945, 6.747383492967544, 5.320366423162666, 6.202114956963899, 5.984755926670987, 12.5371281062857, 5.204526371882045, 6.521436211124161, 6.287349790908437, 8.131739839817783, 4.296220300087781, 14.469989453119222, 13.002544641263968]}, {"header": {"parameterCategory": 2, "parameterNumber": 3, "lo1": 6.000198445256149, "la1": 58.999992894266676, "dx": 0.5, "dy": 0.25, "nx": 22, "ny": 24, "refTime": "2024-03-23T17:00:00.000Z"}, "data": [1.2925935984553674, 6.013839963525817, 2.3045091622288156, 0.515379830544158, 2.771651961737671, 4.3525013334037315, 4.649403488353278, 5.652118907497495, 4.599244922650577, 5.280281710131038, 3.1627755583458375, 8.973613981079646, 8.037033702239462, 4.512614536829523, 1.264144290429407, 6.460555037882069, 4.1944302935094315, 7.695748254800403, 2.5762424729446365, 10.493376691651985, 6.226421936643938, 3.7073869247804576, 1.269248148446778, 3.1463950624999497, 6.175719479266565, 5.708292265846001, 2.2593839198969414, 1.621346542212787, 2.3885647125206795, 4.025911495731397, 2.51778418611713, 6.037231333812337, 5.096130527464349, 2.0108961453361034, 2.9233994208831673, 2.1356852215417024, 4.153054723619508, 1.5936819942402416, 4.843911696117436, 6.512316984561349, 3.1156337011033712, 6.336105701033984, 0.43999505035748543, 4.576095209424307, 10.0921417715388, 6.2972391240893035, 0.9253439530337909, 2.468498829275077, 4.897215682245444, 3.0136314021926447, 1.2932193559953633, 6.023115587860449, 7.348692141317255, 3.742381130794118, 4.948795821674072, 2.3820641198120134, 5.731315966658221, 5.407170141097151, 2.452075921370067, 3.032956622696154, 4.984035616250404, 6.297577042088432, 4.63880954092165, 4.796234416969729, 3.5925107145459783, 6.2091730781978, 2.797558623526682, 3.8977449231492676, 1.2706868917356937, 6.337101242846424, 3.995998205676892, 2.770667121494606, 5.363004881684805, 1.4778544671378218, 4.5414356366131985, 1.8428464937501519, 2.8560474047930438, 5.498209961730919, 1.5330197613555399, 4.442187487397146, 5.945715505844119, 6.539205138458707, 3.1583886465006, 5.3677886415252, 4.20232721436743, 6.680380087659816, 7.898689482247214, 3.5472195530704314, 5.065114037596293, 1.9890184207886823, 1.7358466137673427, 1.39843053869768, 2.257036054083603, 5.03733873528478, 8.053175442522756, 6.243548034737972, 4.032655249016427, 5.662542285128978, 7.513358414125946, 10.048647314069838, 1.5606538525860771, 2.2976102464549646, 3.4019780570471596, 0.27902444090165474, 3.297437393358457, 3.869579723748617, 7.516704383811381, -1.6758664235262752, 3.807980712675404, 2.33124834183758, 2.730902010265947, 3.5885351823446996, 3.621288076966612, 2.665906529237899, 3.7812532192305928, 2.942721922345308, 8.785354075120555, 3.431136338090229, 5.697473536615473, 4.255597098079598, 4.002699749290492, 7.5594634049423535, 4.177003544855786, 3.1921792922385657, 5.189423847393008, 3.900985206963564, 3.3560393245056046, 6.638500092395132, -1.5092447205730997, -1.2183378488929095, 3.1102727185636825, 3.3303233376917576, 3.894741421716748, 4.3412748213627195, 5.224159856359265, 1.3962750218879112, 3.798521372588143, 0.43964570635280215, 2.872226745711987, 1.89256061827684, 4.551323496584708, 4.351606727631961, 1.1810303176841865, 4.0351168104767545, 6.0316084614396255, -0.6364686065767605, 5.334023900412839, 4.298947252802344, 6.1946291186969695, 3.6342631353659107, 2.7291616402568635, 6.04392092636273, -0.6355708927168363, 4.969900509165419, 3.528396019743813, 4.828009189365571, 3.0270258077207752, 3.1807466225502745, 1.0776916470213185, 8.588439248016567, 3.4575000897308303, 9.796213280548338, 4.5959541517041025, 5.75649888119742, 4.757502592287758, 4.260597030486554, 1.3479105423469437, 9.687713872753418, 5.980454798735531, 4.061518080695398, 4.246379541464267, 5.21001272128574, 2.348903695836854, 4.087372548197709, 1.594700279373591, 3.9621848208653665, 3.1493984519557463, 2.97276442267601, 9.019343187074213, 5.474131614106336, 4.345827140411448, 1.3502158352158815, 6.746991242923249, 10.30526069767093, 2.466909391617773, 1.8076909151889955, 3.3784243731125247, 7.520488038378, 0.05200035079339965, 3.7799817282878743, 4.879321463717943, 6.291101532140544, 4.295956487494342, 4.888203910760424, 5.598013734858508, 4.203309329347739, 3.0571879499991526, 4.120791118062293, 3.329884403733063, 1.4185747876762869, -1.5829362876483324, 5.940465249011481, 2.755903692379347, 3.8294613432876665, 7.857301758570747, 3.9713066938687236, 3.109983001653309, 4.889676781982006, 7.106753295239293, 3.3201855001754477, 3.302322927231781, 4.599300441634915, -0.07156032676089982, 4.004045518667921, 4.630072949325163, 5.704333761963992, 4.165592619720067, 3.960821270966737, 1.986498294329174, 2.373964331092276, 0.8440956879893945, 3.2102184448722024, 5.464951728223631, 6.448594375063538, 1.0132071466153916, 5.7677913172967825, 4.901773141376248, 3.2267475963933823, 2.654981869523532, 1.9211166278229612, 5.3045284517718985, 6.24647278173425, 7.049333337265222, 0.8115746904967668, 6.908316496847267, 3.884462184660044, 2.805125501003039, 1.5936605874410419, 4.1991721560120325, 5.385008615100885, 8.274149237988757, 7.420154611568447, 2.603170824857511, 7.248056426959235, 3.5513596267363736, 2.095013596990933, 4.828123726395613, 5.715179849890046, 2.9406688635369598, 3.2861343494961184, 4.100959287647494, 5.976851644219247, 5.3296040439922745, 2.31107929165266, 1.165329890080367, 1.5643091071943218, 7.907157834982404, 2.3916663643121097, 5.310509405004953, 2.402888388074394, 3.250944415411016, 5.01609551680583, 2.794763405480281, 1.4968979869063261, 1.3426398869816054, 4.7896434922433455, 0.620168673561019, 5.067455256917708, 2.121771424542402, 10.708204153719644, 6.696014547746662, 6.451974168254481, 8.222591186921937, 6.605317799857252, 1.8172759168434394, 2.7185162676736727, 4.1023320735084505, 3.933992213820599, 6.234871797222748, 3.1794877625854197, 9.131376842337193, 6.272312511977064, 5.10842499576917, 5.592505664741077, 5.074224643819608, 4.957578908255214, 5.726316143790023, 9.088758159275597, 6.911674767753221, 5.245379799758864, 3.3970688903221204, 1.7168568532196273, 2.5172836043376026, 5.422001700690964, 3.3564473269376642, 4.847929090928125, 3.780525319280352, 3.9876009575990463, 1.9281864274982234, 5.750319961529394, 7.161189646557385, 5.830201721973215, 7.722910546799883, 5.0741442855236025, 3.195971677366183, 8.564960154635516, 3.7118124040582487, 3.9266535495777446, 4.208892121039679, 1.787169981861211, 3.0910446181594273, 3.9356538910332204, 4.522998283012477, 3.1171324280786896, 7.714910995397129, 3.859259099720628, 3.0635103195201214, 3.9095864155946134, 9.374238253555374, 6.184222948567604, 3.461135526877046, 4.394427216880304, 1.857052808750222, 2.621403564328105, 3.339944752508888, 3.9772645599360574, 3.636513592349485, 5.815685593972697, 3.5022602601842756, 4.419412250907293, 7.558113414179116, 1.4354798769375299, 4.65581106080131, 4.130221247824432, 4.741698690037212, 4.339442622264243, -0.15862876447627536, 7.025294845196156, 4.92938915029703, 3.2270828999387584, 1.6170597294965683, 5.8292707594750715, 7.532956396358099, 5.61378959177297, 3.7277060114862213, 1.8952046391553483, 3.603478778951992, 5.901392863359037, 1.629432908649657, 3.2766995603790074, 3.991984180369433, 4.148380173472484, 1.7580002399675876, 5.592449172315602, 0.3586842693511786, 5.5240695994417255, 5.867449854748153, 3.9536011715402064, 4.723732483918867, 2.9063688159254966, 4.375760781157172, 3.683802303705814, 1.8793344239907628, 3.100825374752034, 4.029532429795114, -2.13413581327534, 3.4042040310963837, 2.2461863381654465, -2.112491313140955, 6.349794981174238, 1.8040304129958598, 6.22271872426006, 2.3404674325019257, 4.2337472296273475, 1.4018687484724508, 1.5584888597682582, 4.032302189878851, -0.6118433438743652, 5.011627943395927, 4.622459898778866, 3.036664559019623, 6.764761139688664, 8.443934314953017, 5.95192934798139, 4.070734123530445, 6.597697860981089, 5.209234743099893, 5.235131513423471, 1.3956774567310937, 2.7416405785759457, 5.7332675743227846, 9.367013649024498, 3.2281349272362645, 1.734938953396619, 1.510939209830639, 4.17862704430661, 2.6997081854580003, 3.5791074664762697, -1.6164625722326669, 6.314344696128846, 2.21786973177356, 1.5922780005609753, 3.87616732023051, 3.4207741744658295, 8.483534289472177, 7.818987245431973, 4.670561922730869, 3.672983661562543, 4.666158118799563, 6.383433230342682, 2.3189098050267924, 3.5521592864758325, 5.7246595268577565, 6.142184223607817, 9.437398100678152, 2.6039053689986504, 2.090373265037692, 3.517010651827372, 1.8070509067923322, 4.13769256459723, 3.4727762324820244, 1.5635410649668342, 4.387157371329, 6.87923683617129, 4.440247236376151, 1.3576272192508294, 2.8180942505713014, 5.973667451510588, -1.5272769097240972, 4.34232799065993, 4.92702371465777, 3.3589749994971076, 2.378351231358784, 5.22391630620687, 5.732696137357201, 5.087291007005929, -5.61294219703626, 0.7493040993327943, 2.208875591563561, 5.609938270337401, 3.025591431642197, 6.351617210235652, 1.34288508842977, 4.483353543586056, 2.5048579753685476, 7.149549832329734, 7.115364314400683, 5.209671664186126, -1.9288003956166866, 6.48551358489115, 2.080349662200732, 3.7284801370496456, 4.753279910744192, 6.060209307401554, 2.8004039304745665, 6.805237426112131, 9.735891979811061, 2.0667065777667437, 2.3983142082408215, 4.479441005834213, 4.168415808754932, 2.335542765934106, 6.689916895630082, 5.588036063302323, 2.0912917627997465, 1.942914537943402, 4.225669500108543, 2.9166095070372733, 4.1292541895519035, 5.025496475993068, 6.965708634589683, 6.814769941858624, 4.368560564803288, 5.064031219184207, 3.123443745623584, 3.5928785384151007, 9.74090343398859, 2.710656938454529, 3.9007495402356693, 7.422327530684445, 1.6895990422444942, 5.557416963105395, 3.6744084088184774, 4.034328393601653, 4.500676191125153, 3.6123695407667165, 7.0141945748391, 4.347768449670553, 7.508531054612109, 7.657405077942508, 2.5052002841171332, 2.739525123775127, 4.451901483016003, 8.03274218940067, 5.276574287092997, 4.706916552160062, 6.173884742986515, 2.3374625809375136, 5.79870945118717, -0.8050347998794167, 0.7325001824320426, 3.9350414273243177, 7.057240998641646, 5.5244235835966276, 7.322465384135966, 6.449207565449349, 3.26551903663827, 5.353047822512602, 7.622528131434701, 3.357524174678598, 7.1982461256151735, 8.989408329322442, 3.741212240741083, 6.797833875345009, 4.191471824613382, 3.125149550173991, 2.127693775815287, 3.2396493277691194, 5.731670859185215, 6.6502004698240125, 5.489671967000271, 6.35111175769617, 2.426424156397986, 6.702815649588074, 1.4773934125933876, 3.582716796317929, 1.8812493230823102, 3.5141322320794472]}]