script/wind350m.json
{"header": {"parameterCategory": 2, "parameterNumber": 3, "lo1": 3.000054539987559, "la1": 64.9999836372058, "dx": 0.5, "dy": 0.25, "nx": 34, "ny": 52, "refTime": "2025-12-13T11:00:00.000Z"}, "data":
[rows 0 to 23 of 52, columns 0 to 33 of 34]
14.017211615956102,12.861099478743364,12.820238650981914,13.297533151823826,17.147421182443367,15.483285931355015,13.914310488918051,12.322948746472271,10.938281141445032,10.718898178082144,11.883336639592258,8.679839082464943,7.469870534883563,6.4051761705897565,11.293236798360581,12.172028470705868,10.14998823432188,9.871012103029035,8.166218447462056,5.898378912564851,5.529363913139691,4.544457393487287,8.62685190093997,10.016700006625799,9.580711893582222,6.419763060105802,10.332641442623677,12.669286654701606,9.300366356848318,10.957739973532878,12.324712234050203,11.213788598052297,12.779664430072897,10.920848597284946
13.840362243734106,13.813956895201109,14.403361940123082,15.906764796287197,15.891759361664855,15.75222141625627,14.299593165167213,11.92058423941178,10.975446351381526,9.893446995388723,9.525448047503419,10.081327253966334,7.784178254021288,8.412024870065625,10.220553992307503,9.300048132428966,5.183793270605326,7.708088242164929,3.502510428699496,6.101143095273323,7.456307873112678,7.524855581705458,7.607848511290625,10.502249414069135,5.112683754309022,7.498660996238541,6.613830449298541,9.31745947408175,12.562318992579396,11.260107472578792,10.475129737001465,12.067518806562022,11.545028992754162,14.01425404163631
13.212179910801556,13.750954505934423,15.453935162750938,15.304866124016089,14.959107732359758,15.344470688667599,14.210780251549918,12.488993590729244,11.363391389257078,10.02956988055234,8.960762807890443,10.047192946915377,9.18837212252589,8.367953121913782,7.7334864507630305,9.27023069344657,6.72331544984362,8.749357927399359,1.3914585811231956,7.368188467175489,4.1715129337402415,7.6994676136908815,8.012513886501049,9.005395673142626,8.897085187894088,6.276145743187324,9.046811391326555,9.488736443368264,10.066020001016792,13.834057058888588,13.73954259973426,13.314186174637511,11.438011133533658,12.103419209186534
13.211306581346008,11.550693605913672,14.404317933270573,14.43095414730108,14.222429227569743,14.748999944713681,14.099938634268648,12.84154674973563,11.871067707420156,10.358200310896857,9.992055742074086,9.699159812735404,8.602945958848652,7.2892024401532565,5.236667401609081,3.087608844801994,5.3421097606526535,2.6784184814715593,1.6511387577597973,4.063114280047144,5.144952547073213,5.788132653011007,7.917730384558078,7.1777103964419195,5.808565743396612,6.901868464200673,9.082980230436556,9.343579595950239,11.74585742566703,9.162879683379455,10.645428492714531,11.424911998108735,11.596560089228536,11.729610883059845
13.306015251190718,13.415377126621792,13.029138010660535,14.437047833083282,15.29081178727332,15.397617934109583,14.395942183922639,13.396183251901554,12.652606969819216,11.654497063134341,11.175127818573898,8.990460957037461,6.6037811753796,5.316215679464892,5.20674626554308,3.1157696024334354,2.860982808928717,3.603307587107273,5.9438499296748954,1.476389029054223,1.8476096187600646,2.118350953074647,5.089634776997223,8.62169721186688,7.2380727328981935,9.659731255932021,10.554969971258549,10.114676919564939,11.10171440261828,11.066184696843266,11.068676313991253,12.958875916216844,10.623426021226976,10.102110175471237
12.522559734273685,11.686483973528366,13.331525989041298,12.3384149652825,16.133126543949583,15.54343009370583,15.214625830031034,13.54653207995673,12.106116578075264,12.047986197886056,11.015745194709236,8.983909617930074,7.422625909359926,3.683499346781278,2.79817162484978,2.117164722192423,2.9058893169146587,3.4575869621098656,-0.1799710534211686,3.913793087954461,4.875876780108167,5.559742648094223,7.621827435328176,7.176463324676672,7.3524807895028745,7.069443636395093,9.149270276059411,10.165337644513395,9.929857063574612,11.967407505792336,12.59814843521845,12.00369451156881,10.597215871849127,10.87886470245977
12.335354749349474,15.033787748520215,9.95538072013397,16.113956850619314,15.851230244842622,15.862464229831149,14.92853934360307,14.607623867021168,12.866532306340796,10.891948389806482,10.459569681974411,8.545428664391649,5.799140484401974,3.4477104876153364,1.933838654739623,3.7497605893597683,3.2886537205925985,1.8879954184940284,-2.410386998839642,1.462940114812671,1.9304717539021983,3.915458711095006,7.160479324095963,9.489375957841926,10.742369834296683,10.013610710592463,10.186022966698786,11.226351776224405,11.465790513174346,12.32096058081229,11.012965620073691,12.57754753573425,12.032433303235228,13.942804277667951
16.612875861979028,17.172217758121448,9.347364698234228,15.547314024670783,15.5740124761667,15.538590751406739,15.195590889275667,15.545518300159053,13.673022184266522,11.591777378685,9.363109951797904,8.226380201445606,5.440159072860836,2.0458893714807522,1.3687927658214167,1.6189876883121883,4.429210408318124,-1.2001718505117558,-2.8306196866945315,2.246752861821768,-0.4614081252387521,2.32827106289269,6.0765652130794745,9.27054476820464,8.46200512836705,8.951564840165805,10.067141690088697,10.83020723187673,9.052063052462541,11.789262024838528,13.26694435249097,13.720715337813958,14.344730249723497,16.01884410483019
16.31963836962769,15.119310659725453,14.903131172938778,15.448313936176541,15.404214884559861,15.668819654304459,16.017972250318884,14.43887390430746,13.347262060040705,11.259213298720574,8.277737037925524,4.406098275476173,2.951568437305456,0.7251016284918974,-0.6958795144516572,2.1420360358907535,-0.6620029638103296,-2.024296150436576,1.5782325822566519,-3.2890266275280617,-6.1906597663340985,2.2582415327230168,7.993527152331733,9.792569499932522,11.306265147147327,11.557840138290093,10.763250510964435,10.07026224508791,10.447581615640697,10.015284109531056,13.973135957813012,16.652858285825147,17.232062820897355,16.823182217699483
15.834102436448841,16.09743516511086,15.785805541169777,15.939728136901273,14.967622171969467,17.55470295336472,17.03060317302867,12.363913964474287,10.924481350234421,7.810499545670119,6.053534708352607,4.428630774674163,1.621024473847123,2.154255770721848,1.4845814988980617,-1.6574080043133002,-2.21782485874052,-2.6245364499295527,0.3062038190269521,1.2803274873741908,3.670596848010474,4.393983147163654,7.25751264072668,10.62836055656839,10.609295929833365,12.814778227985444,11.135383194209485,10.28297777241336,11.890101994120824,12.100190255190544,15.07524896652098,18.54773854349735,18.80681439031365,18.021577944379384
15.241188424850474,15.580352037421353,15.155725001674343,14.985565977135524,15.816741934660119,16.506483283142003,14.023775600031025,10.40309344994319,14.14648794146915,11.978355984871692,9.333243952229159,5.556672447770143,5.717608758488591,0.5012924920866947,-2.0005817154776855,0.9352336625341737,2.2766292681995037,0.23311759375822994,-1.1939920435650506,3.356668607320794,5.4222344207949105,4.34747586818206,6.944826502954947,8.712729281393461,10.716716123446083,7.290374137343387,5.905060940713946,10.920225815096915,9.456736767695356,13.292903052864508,18.219934898188285,19.621585011042495,19.370016288383983,18.578647722939813
14.690074500520993,15.179554721991833,14.809945268386132,15.71472230322434,17.246093886526673,12.99777938145552,15.08892398959496,10.251803686406486,11.306891409788342,10.59577175728313,6.105208527114997,5.667007070049396,1.7849844638427153,1.855689040063454,-1.2468475640460603,1.4707534205514172,1.5513574991540517,-1.8530454306322486,3.3085625388518225,-0.4496608042821843,5.6396621237351,6.156767458229331,7.109008001091413,10.35980121465713,10.467741844517548,9.511721768386803,11.907149314959936,11.339711432506157,10.9629137574622,15.318038887991847,19.301904564058766,19.915517404007538,19.638216476522445,18.92490256320928
14.724343478156161,15.104085890207656,14.58796340113983,14.680799233280602,16.105232004386185,14.815651716276474,10.525895646092655,8.338299545725661,12.63316058702623,6.734156311906215,6.365713126322836,6.023851680542152,2.7637874863093055,2.9419276774899155,0.7906950626828332,-0.913932521920399,1.5761484698564194,0.08538176296669515,4.203434201471865,4.164719817993596,7.7631992483639465,9.36043189296664,9.969344125994308,10.066627312570027,11.135867858467366,11.271488780460812,8.92573456116421,10.481219499129661,9.66087690591499,15.260777463044583,19.285903274530767,19.684897712190853,19.48646630791094,18.9989999773798
14.493849399761048,14.555251828924236,14.444120864816233,13.690686943956772,15.335563738001673,16.551397362729105,13.930483745524791,9.914125469008091,11.03438076749528,9.059393519545248,9.287136835406615,6.699954765310043,0.13884444495041695,-0.4246467195904626,-0.23181140901012606,-1.2055623403427753,0.5866638543518443,3.278467638428646,3.2965954077363775,6.992024369622266,5.4354671204305856,10.139130488644954,9.719136483499632,10.098124540866621,10.259025794764284,12.051734721292071,10.423712983018353,9.94543587073023,11.579261644397285,15.209454196367005,18.705312992913374,20.066981054735866,19.465446154634506,18.839377231874053
13.748569687374998,14.078956420443108,13.192949370445028,12.825524372171321,14.556032700941765,8.253267988097239,7.959621057505748,11.74577940463357,4.502382379481583,4.378592714745232,3.655555302424843,0.031285360023642086,-0.982452379017884,-1.449097261846366,-1.5844907211714574,0.7436812355071556,2.642289029252713,1.2011419177305602,5.539659278612575,5.838467345718431,8.077169318540129,7.639078038975331,9.212217788748024,9.457994564239643,10.076203819326546,11.601549640909681,9.740453522712642,13.17873705194916,11.8319161576725,15.756538735719449,17.801505101976026,20.107760696894946,18.822225984797004,18.301867937629474
13.062731532898972,13.221924440017082,12.435004336889813,13.682066672853512,11.577707521123518,11.832763110964825,10.37569392298177,2.9032075810113236,3.576815713841486,3.2676701194776734,1.2615486742366426,-0.03368307944945973,-2.5277832573089025,-1.2513103712568039,-0.3554839305850299,-0.5881043809705715,-1.153017924101963,3.5398171593356698,5.445004434325173,5.066734934310271,8.602045903791813,8.19566683800401,5.161324488922953,8.473409337865169,9.684998045276672,11.641448673165469,11.612474101937046,9.824648694027992,13.352245977415292,15.344963094619631,16.383662942758047,20.057831896545025,18.594924746884445,17.97219463709473
11.958002013354244,12.162702089605208,11.983329889407786,12.020585379148896,13.417815150795295,14.28663555810041,12.046030151209973,12.970873053596378,5.3545447364734295,7.843197906099098,2.5137492803402632,1.0043317276238015,-1.4769945300403646,-2.4515583762472586,0.34356231129525916,1.2981449051058376,2.0057620374236054,4.825496331949224,5.377990787000081,6.365427452582092,7.68091507978478,8.683053961991346,8.777130048196419,6.406602037961293,10.389185767285385,12.24482350231051,12.964497647454355,13.537042084278498,13.48523003216379,14.803342698974566,15.831393166690718,19.559875381781403,19.29238565829664,16.829215484275025
11.08481483125926,11.52650049189829,10.615390582503048,11.517186908638221,9.66339189837109,10.074415506176654,10.475660683607149,8.335006385551674,7.987973234913912,2.209948067697101,0.07498644059614493,-0.47749133272862593,0.21087016423036545,-2.8714597158938244,-2.5178046693032714,-0.41761529550003423,2.150821669224147,7.004988573179041,6.5697367837060225,6.5780705466465115,7.848730240052211,7.330653755819196,9.3429268664065,10.031601373466339,9.8055970866197,9.617473349728757,11.925713691481697,11.86000862694088,14.131078844164568,14.593513794811573,14.955705920427684,17.67598159682519,18.755504756986433,15.729383917915937
10.305360445412257,9.940931469743337,10.082987089988935,10.457048785131764,11.033496787186822,11.100603962266176,9.743515712268795,7.8663821031144945,1.1406847656370354,3.7957071563005287,0.5263394008328639,0.3825012159200385,-1.169331090075929,-2.4511397152692354,-1.4101892119426966,4.252919048570869,4.074450144394784,6.409730646124658,5.8665482362898205,7.541053080669122,7.114705614778363,8.3532910856604,7.199691264550041,7.224223552674377,9.236984774970614,7.328321582182507,10.446558985038152,10.249405997754367,10.790597994255519,10.395726524318853,12.698868551229136,15.81399284469869,18.122536314122765,15.527653287284538
9.306339617518343,8.792878090749484,8.937208429877446,8.789624187702742,9.657213970943653,9.094738836107004,7.895504179467021,5.7108245790033205,6.367714694903422,3.5582799640884186,1.1490774518622933,-0.6949934737477336,-2.569329765811903,-2.889677645766985,1.220549387423725,-0.262899061450579,4.330262670764775,6.7296728828047065,4.396405501668748,6.3158355939537705,6.864184153122273,6.982553674403268,7.41843047703922,8.664500656733058,8.924171066527457,9.559287718758087,9.41743331601982,11.104869813789984,9.427481328719459,10.002639483792375,11.561549381481813,13.802312877403997,16.499934005839194,14.849317502188445
8.698505463998856,8.42881068925134,8.374736943169097,8.21693327951134,8.871447154287086,8.61476971545168,9.914166727840607,7.482167016493919,5.632297269762485,1.5151250010938309,1.6205393989873853,-1.1156781027311544,-2.5389213238947668,-3.3477241098449992,2.14460155001393,1.1548015139574612,6.063607291505084,7.367130381666439,5.509899216536381,6.515201386297527,6.14707155805169,5.5945085672328885,7.602427061675563,7.931252991468431,9.454995110328378,9.827166599030406,8.951003247096642,10.291259651426309,10.103063748474478,10.430547889548944,11.009856254254837,13.965917653478824,14.981595410764703,15.004604850377135
8.073556445871782,8.02995332050562,7.470484150702724,7.632911038595611,7.413643200437969,8.006051817888611,7.007955269610133,4.803300358613823,4.9920900048281975,0.06135023443779447,-1.6207490409022267,-1.7864658841412175,-1.5478217623132584,-5.679802488763462,1.221916108164702,3.493787681980197,7.127992613408047,7.376159076237516,7.160048650710775,5.23827611803137,6.003202045882989,5.508500331505461,5.560760218779272,6.6688106219755054,8.095785037001109,8.330276952233836,9.044872086276946,10.800135229595778,11.432518052467351,11.364837075341208,10.971770297848092,12.065784501794313,14.25726765270378,14.992750431716821
8.063366420421875,7.359670307422362,6.763321653449752,7.071746426576392,6.4561762518192065,7.229250886326587,7.173933761524834,5.693446218555235,3.3694748630364817,0.4829233726042291,-1.4863800850480062,-1.5947090208750798,-4.685786253526922,-3.1647289361839994,-3.6926564367069314,4.717531647319488,6.923416640236279,6.92373861453934,6.382854718780453,5.418076768922258,5.019063567974479,6.663109291946229,6.224576466075939,5.723217536177121,7.776342640531064,8.649933431476095,8.583385360502664,8.770773172526674,10.377818227286133,11.45408475404666,11.980037891855462,11.875264999891966,14.869276422055174,14.872595279431723
8.321660583906569,6.878091519769778,6.22116124328306,6.630933520527245,6.048669696845672,5.395574429429453,6.70702964098174,4.118360111879172,1.8889718873029622,-0.6908605495223742,0.17010249322068705,-1.4997350391012383,-3.274001203711107,-1.9433255282108826,0.5026740429404976,4.6424182826407705,6.664600127936108,6.002876231881834,7.034769170312348,5.174136166863628,5.45487366827289,5.588390849428633,6.845948967979794,4.718280222282726,6.006883418231079,8.227498209737284,8.092103105291734,8.984428563724032,9.997115206026482,11.78579673109473,11.689468670689184,13.762642129246002,14.385626392020788,14.662136087992938
