script/wind450m.json
{"header": {"parameterCategory": 2, "parameterNumber": 2, "lo1": 3.000054539987559, "la1": 64.9999836372058, "dx": 0.5, "dy": 0.25, "nx": 34, "ny": 52, "refTime": "2026-02-07T23:00:00.000Z"}, "data":
[rows 0 to 23 of 52, columns 0 to 33 of 34]
1.8341086779659823,1.672331233463606,2.629818650287849,2.0520605649801236,1.3717541243729574,0.839202988630113,0.9655365005291255,0.18588741920025376,-0.5079409342505177,-2.577102852975904,-3.3811159337916923,-3.882530002045203,-4.503630045353202,-5.0823730764846875,-4.950955538956489,-3.761199363863509,-4.495470973400839,-5.714022750857567,-5.347386150241137,2.484121742274544,-2.0403083509950353,-2.912071895732784,-2.253321881341658,3.01855939247508,0.19824728555470822,3.8278293156626457,3.701793163149816,4.806409498080462,5.848658363109115,5.935696223234243,6.857720286580446,7.183867640647652,6.347623275170504,4.906024950414084
2.2375259713973157,2.583244504021161,3.0060396048572904,2.8537338994288883,1.8478583337007255,1.175886388296826,1.1159578436759883,1.3448990310599165,0.5972718877426338,-0.7867179261794628,-2.270222452413588,-2.775887341401281,-3.5074480334117846,-4.69615633173207,-5.151493631265691,-5.459873677064415,-7.198862604559156,-5.863701748834466,-4.333943910806295,-4.0571484676407366,-3.730914543316239,-3.01477190072048,-2.9726665654994386,-0.8492893262257624,0.5576466123002147,2.390502419257754,2.5414775494718786,4.4729556686737,4.903770894008841,4.6139648483601645,5.226616270429284,4.898937860781833,3.862978737861432,3.8789284992634268
1.7688359811596777,2.5835646755927915,2.6821668179706966,2.8150314085219703,2.612590884580188,2.0082451133741404,1.3121402610173816,1.3380490107491028,1.5152282171111287,1.0017685611169493,-0.814626834296088,-1.2456185853256414,-1.8250328921657633,-3.5504764350482896,-4.930349143253417,-4.500441172412647,-4.9887191605530345,-2.6350718962058646,-4.511300210358062,-5.290943079095398,-2.3006505026430535,-3.224669479867622,-1.3295829134196568,-1.5309880122715953,0.6336595918602388,0.33684894582698977,1.5619891910854378,2.752122510214679,2.9849432712008905,3.7907675257556033,3.8238616616550263,2.8864356194828282,1.833458194188006,1.7227228282986242
1.2222521548178993,1.8258312636258491,1.303422064677728,1.4978871130094165,2.21516243464868,2.8059953941115854,3.0489636134738385,2.21248954690754,1.5449203020569116,1.564478156642997,3.1680499777350493,1.788859471780124,0.48700078327264795,0.7611167308580654,-0.5166346985159761,-2.525537624096221,-4.523546825644763,-0.9340116920622816,-1.163764711130566,-3.1195065271214952,0.20221102972267008,-3.5861712624608253,-0.45463841342340816,-0.947259715998312,-0.22956292827313968,0.7731849163638849,1.2593195212713149,1.7647906031629674,1.9050386786095472,1.5501403901558573,1.676363445401492,1.224093158168856,0.033783047225085995,0.3951814535231079
0.7813558228896796,0.7737366473849141,0.44145932111981984,0.6798963940130978,1.730448243720644,2.499206815681396,2.8205226308350007,2.541596583107969,1.9125526641178068,1.5695788821101795,3.028607250327002,2.4150984271917655,1.4872304833791836,-4.054816012835656,-3.692937597357554,-1.5245353800843782,-1.4098687117500128,-3.109176492071181,-6.02167763756717,-3.028818406303677,-1.497506484571534,-1.559249341146087,-0.7015952240896378,-1.2426098116824298,0.428704376338919,0.7557925475614682,0.7542856762943303,-0.1828112838971219,0.9555588484236567,0.7455500641668386,-0.5057843444914566,-0.9414173386665485,-1.4124612429379573,-1.2215436233859271
0.1065787769528234,-0.27512021722278257,-0.16718970319825158,0.3851944871866068,1.1660842518498888,1.9760212496733303,2.1964408926993357,2.226113928016121,1.6807055890873517,1.6330989351598595,2.4633833166403996,2.3769502264392903,1.7875787855811784,-4.557381072422346,-4.724313205617574,-3.9369961560298314,-1.9474286518877695,-1.8727948826551324,-0.7589432482390001,-4.87792491242954,-5.5164793111132395,-4.139078488545119,-1.193266333841472,-0.5658297429697192,0.6290683023676655,0.6973232476441962,0.9359239362645092,-1.442024419343266,-0.2636441592107673,-0.7411673306966453,-1.913128352483527,-3.5048605801773904,-3.6901867874561045,-3.3380937670341413
0.3785769486575367,0.12494836917990053,0.5487008940272398,0.40800015917048016,1.083439446683968,1.77855835384452,3.9851599351696327,2.043514263685741,1.6099877779348566,1.0337142443607867,1.6842759964678027,2.2550631874469578,0.9056531036778847,1.311021133969606,-6.755087713625639,-3.033917572264005,-3.237750985525122,0.144361019701006,-1.5179815646483035,-0.06420070360651466,-2.7741971728797745,-2.9051162926888017,-2.052245046852435,-1.4875780497590445,-1.4651223033345684,0.3294931968934161,-0.7954178064456608,-1.8473483733040807,-1.1119970444567624,-2.097330480952193,-2.05996560731352,-3.9370238425950284,-4.846202117816968,-3.448099172027022
0.31621893642733556,1.1255038292635666,0.9062653473797206,1.2161212580849274,1.5189484431113696,3.8361685909661483,2.795706071224208,1.3607876187680594,0.7085770668035646,0.9742731325211331,1.5159815821517553,0.6786797498071253,-0.8803529455899958,0.8319262991797156,-1.0747974119377222,1.6772252988585556,-2.954843781518521,2.9683643264067276,1.015485637384982,-0.18241266382727667,0.828657105393066,-0.8216557496469438,-1.1342511832183662,-1.2962141338884494,-0.47403751807973027,0.7009851286877674,-0.6048295831362822,-1.1465386964348276,-0.8986436366526785,-1.9567968506552402,-2.9356154880948826,-2.410755265373804,-3.587216337027456,-3.116768912937959
0.4706943972131374,0.7067795229631517,0.9921521049517268,0.6982473949729682,1.5030802702958894,0.6362710379694878,-0.9583380845069713,-1.0771544253791887,-0.9187813908384629,0.36731602384211354,-0.06194095651285897,-0.46313271542203244,1.2628734128001382,0.22016019180099988,2.477821972323184,-0.9999561107789172,-3.0647809937453645,1.8887133553320383,1.2026367654251011,-1.258790322681003,-0.8377406453292093,1.1143884003016955,-0.842175637243076,0.23830442317218775,-0.3564558580755493,-0.4923329792538408,-0.25581266408477527,-0.43400556266051626,-1.2393108750574624,-1.2478731555765188,-3.1223954830099796,-5.055979970808073,-3.599129621484113,-3.71625979130285
-0.7889236554385142,-0.6730532039955301,-0.2972731275566143,0.13785571821789372,-1.0212150782553417,-1.9071363286506398,-0.7304766211355145,-1.74219525255204,-0.5370169272858081,-1.0613793803801435,-2.5588664079745045,0.1672542024850875,0.4209873876431328,4.691951065690581,1.2803539112549662,3.436927141742994,1.628979766333137,-0.4565619492858358,-0.8851091669219803,-1.5261706975051672,-0.5334196397800016,-0.40407133243583815,1.1726969861690648,-0.63255211501603,-0.14149034520374448,-1.9708039236141641,-1.6168307400175597,-2.5439807570490367,-2.866672066828332,-4.610891073870435,-5.500330136782858,-4.289166726736611,-4.50332914789927,-4.492088973481695
-2.2931193121263322,-1.3344029499399759,-1.3159745310986295,0.6277181314815343,-1.4450314763058256,-1.2846030101993826,-1.4944075456846386,-0.07702474076862431,1.7680128195388962,-0.16112624403679807,-1.2551327931023148,-3.937378081947284,-0.8500176098841035,3.014969571176843,3.751990533118591,-0.3770066571570969,1.5914912967688775,-0.2533198819887356,-0.7901594463648858,-1.6128720321434828,-1.3961961633468662,-0.2719945075149622,-1.6347648933363101,-1.0634125192430597,-1.433887778002134,-2.1297916901574534,-2.8727763616685817,-3.507538442731916,-4.962269050227927,-6.476407947675732,-7.062901270633914,-4.414198699902241,-4.61823372444565,-3.8895592137407684
-2.5206807819573167,-2.491029542723275,-1.2955869727553224,0.0028834709471254535,0.7876190715801916,-0.2750467658551827,-1.113174532794223,0.04723921133086522,0.12230503669408256,1.4386536611502838,-0.0994772575423761,-0.8931783250885924,-0.012464952496549752,1.7196418742244097,1.8542670320037469,1.0628591091772965,0.5501284236402261,0.3648826367650213,0.3269042824932468,-1.4328012927636964,-2.2809069373265016,-1.766707227287794,-0.7201934321272765,-3.0171727137799786,-2.481250407854085,-3.9881042314340567,-4.834540338712308,-5.86820469542195,-5.658517402935791,-6.762527462349367,-4.591541281747445,-4.3759975164681055,-3.669654927121811,-3.576569763417201
-1.378329062677651,-2.92331005856536,-2.1360194011898237,-2.1822071825539817,-1.3246538872726377,-1.8556986571672696,-2.0799210952265095,-2.44380759948878,-1.484858804738722,-2.366094828654107,-0.6411566728831141,1.662997100006098,-0.7598442670637936,2.0741525365001325,1.29117842163808,1.0510713781551657,-0.12957133665479695,0.6855444283778015,0.25415771417936295,-0.7750055126422327,-2.8850134776429486,-1.1581429007957171,-3.777057647717069,-3.3951888116013733,-3.783918467282214,-5.191298017404539,-5.980700904250595,-7.022571519950041,-6.840119518470216,-6.750453736279224,-4.52949752585658,-3.7093840527885322,-3.388145960365395,-3.539358538446608
-1.1297221149747139,-2.8221057728831234,-2.5473768106513752,-2.366689540048691,-7.403679775972802,-6.334424487540654,-1.834966979623362,0.0225320089170216,-6.012045903430264,1.049546554937358,1.574762641129746,0.38254733431318044,-1.4211192940411408,-2.8110286386735974,1.58854750552461,-0.4612994617696148,-0.28116449910787694,0.15713625011879662,-0.5521293448108233,-0.9939635814710733,-2.328891680828522,-0.9424089626584407,-4.683549823512012,-5.232015462714857,-4.998591934851232,-6.992240416807323,-6.6375229500836275,-7.427384945077542,-7.263295047761136,-4.577325544299549,-4.612277703182884,-4.466291333236045,-3.943366349150479,-3.908699492713539
-3.189823056134667,-2.1075572958813162,0.14108769016576753,-1.7549503899665504,-5.104684287055993,-9.376116455929733,-5.862640926921511,-5.758652746095098,-2.972790411328238,-1.1482369618563328,-2.2309475059242825,-0.06522151774566656,-0.2523560904672421,0.9311252643451985,-1.1534622106403958,-0.7607515468737479,-2.108127230583925,-1.474570444381131,-0.8832386515415787,-2.618519954565951,-3.747123376883938,-3.7680910438673862,-3.437123992674992,-6.775138659469749,-6.100837502242258,-8.219238759256232,-8.050478777197757,-8.79089476710445,-7.939497567444844,-5.124799476348614,-5.390365330807796,-5.026030428498032,-4.610109603261691,-4.585922322695616
-3.333859613912751,-3.032826211661403,-1.400114403018266,0.4894646701145942,-2.864156693549338,-7.681523060942514,-9.512349433553636,-2.5048798322310204,-6.682155044609025,-5.127773988071785,-6.144991892083653,-2.6770676743566115,-0.7955779202378013,-1.2729465952633268,-2.551446378979536,-1.5772439873982265,-1.1512071469334653,-3.3078397030210893,-4.674625327601275,-5.817322212631141,-5.794645644983651,-6.495345829742272,-7.729112552637641,-7.8040400986426155,-8.851313814701474,-9.443185119698047,-9.017411833409845,-8.318673406684566,-7.716207755420476,-5.28336289257414,-5.415200913247106,-5.748787132838406,-5.690847373255706,-5.383692775957806
-3.779466862806752,-1.92258839615521,-1.4775326510931575,-2.1722149453006865,-1.4593992349115306,-1.0932121309188394,-3.2827434432902844,-7.217779316630407,-7.989325850363774,-2.2537527823300674,-7.347447226306401,-3.6123369684283957,-2.7846025521678186,-3.546950734307283,-5.042094018847561,-2.3976443096292286,-5.498501163134806,-6.894977461937281,-7.433145030192126,-9.708458864766667,-8.83625614426576,-8.625076666470461,-9.95044290902239,-8.687605454333562,-10.523376290223814,-10.487651025499357,-9.877417217713752,-8.778874897451946,-8.158457950862275,-5.532677571943045,-5.554701340666731,-5.975880948485101,-6.461370055721459,-6.214957499783962
-5.463656232920769,-4.238272228877208,-2.3057142603828735,-1.7344699998972808,-5.920466970555815,-7.807616199083991,-7.3353412376780165,-4.963009664743406,-5.797897997457102,-8.076833803339497,-5.478186421298741,-4.197044594212566,-2.0163892106124552,-4.882090011141459,-3.8152843105016614,-5.820057095083499,-3.8823225512312822,-9.856761726769378,-7.819728672353827,-9.499083241625872,-9.145303765799307,-9.322340522809139,-9.396932481686127,-10.057517822014402,-8.932776083219837,-10.363861788466538,-10.719105905550238,-8.550314561833991,-8.256334481412797,-5.691738785035042,-5.5020317769683365,-5.816045717398494,-5.9137529758186975,-6.1781793430571
-8.12051402921283,-6.10604136174857,-4.494017073116693,-4.876905368936861,-1.5535192610297657,-5.187324795553097,-5.88256468571258,-9.11577224011244,-14.664644092340037,-8.076510667940846,-9.084024886182542,-6.275065068131408,-7.88305569242735,-3.3091930248152766,-2.703813114544923,-3.1504633023097477,-6.436992264877342,-8.648188287235161,-8.876684427291787,-10.877196372937114,-12.099445410136974,-11.23728668793019,-11.80927971705698,-11.603069038998509,-11.043542661495275,-10.22781302048137,-10.947642044797849,-8.88326069775129,-7.83127153644577,-6.282990819036826,-5.564954357128198,-5.787119576334128,-5.861594651728882,-7.107658353544911
-6.949464305610044,-7.760185961908276,-6.4616662051057405,-3.764633653008641,-5.881920887521759,-7.978455174110175,-4.693163257442367,-6.05625324947059,-10.305035167583538,-9.201266764089986,-10.208508304160924,-7.770363632090053,-4.962205916232544,-6.897601124711791,-8.349347553836324,-7.36870093669804,-9.08209188542471,-11.310023822423721,-11.536030379530118,-12.20296676679037,-12.980348988278541,-13.837802931482269,-11.745538022864194,-11.373412624179144,-10.799583392555574,-10.603191906307702,-9.409066788191197,-9.688749628601562,-6.760136440987731,-6.4375219755294,-5.585637393619468,-5.423888145863699,-4.188432910693871,-6.481100942611095
-8.6512151942378,-7.0106135308005495,-8.3091341857346,-6.4381024959839745,-4.577818978602931,-10.114840731932322,-0.7810297054147701,-3.157144946285583,-12.584762119334016,-10.10305794718371,-8.708362191200264,-9.199605944210974,-8.718442959026017,-5.269122661238985,-4.8982799415667495,-8.9357035288336,-10.6997173196531,-11.477343534092606,-12.019386043885847,-13.239044843082882,-12.244924075741494,-12.3683633574649,-12.946802791824467,-13.268326850212713,-11.843661828927587,-10.610873118599295,-8.918532097555506,-9.197984127413708,-7.957812398486909,-6.400985255030747,-5.306446005563567,-6.302181178019905,-3.9106658913958103,-6.104918464452536
-11.936401355584433,-9.267978870522235,-6.68857496047272,-8.007430106747709,-6.564617794265631,-8.01884973654856,-14.143740134855861,-14.271047222688699,-14.609206414484053,-11.445166942858531,-9.823948139611701,-11.349316748187725,-3.2370680243012657,-6.555784048222388,-8.591410769968581,-7.402759779937239,-11.273194941264572,-11.66150927298505,-12.353534849814396,-11.663186391117625,-12.516802909259091,-12.056097851241095,-12.868623417094907,-12.055564027643307,-11.834485662726623,-11.061283605471258,-9.467479398496703,-8.351188790739556,-8.59083843213625,-7.221478271097973,-5.732870963352597,-5.933138462607612,-5.713764774543978,-6.553587053522869
-14.809300704279572,-12.71626660453614,-9.553348370935458,-6.214647997307042,-9.153182339436329,-16.326885902553084,-15.598189348553863,-11.123218363442811,-17.25599047929486,-16.02952333942222,-7.96820832555748,-11.974205130643066,-10.481468673192538,-11.310322954211266,-9.698814832633945,-9.648119865725443,-11.81513229920152,-12.90524601910592,-13.600108042542624,-11.425164056574685,-10.755550760698807,-10.155011127207663,-11.943635164993301,-12.6703369733209,-9.08457102727248,-8.755111527195979,-8.95824887201891,-9.086102063811765,-9.914285086131908,-8.473265777483931,-7.554037169377808,-6.929501732200654,-6.939263930111528,-7.8776486083324615
-16.354936119482463,-15.465251408776382,-13.590555337926375,-9.62801510973956,-7.686192007709972,-10.142192641961273,-12.285924903558122,-16.711158353424715,-18.50659895330346,-17.307795380230502,-8.299258349766507,-7.985859997461589,-10.05553400777596,-11.388778642933993,-11.785951433233208,-9.206486102094226,-12.249138227046375,-13.376949294598772,-12.458108942491068,-12.13845860407197,-9.600747965137451,-9.878282781661355,-10.02145113360278,-10.240258457732264,-8.886565072266889,-9.609427331022221,-10.738105855790439,-10.893652841463883,-11.204372794159239,-10.63168869262494,-10.093405674497857,-8.327111301912252,-7.576636727790185,-8.733553330899321
