script/wind50m.json
{"header": {"parameterCategory": 2, "parameterNumber": 3, "lo1": 6.000198445256149, "la1": 58.999992894266676, "dx": 0.5, "dy": 0.25, "nx": 22, "ny": 24, "refTime": "2024-02-02T19:00:00.000Z"}, "data":
[rows 0 to 23 of 24, columns 0 to 21 of 22]
2.002616141275391,1.190264553026249,-1.0166245475797162,1.343746566247971,2.4599380435336213,0.667863921595374,3.158871546474732,6.854627179994676,0.09691513482625433,1.9340405231457358,-0.48390832551786905,-0.6103165501318037,-0.6340110994420785,-0.5451081915065539,-1.1025834903912288,3.467330948349964,0.9236874401270722,1.7988775255326173,2.387949417979239,3.6659591575001564,-2.180019927390432,-2.5944224740082666
2.387350273051358,2.2122071530610397,-0.6137139350749726,1.7226093212335858,2.014532032545666,5.02505183510361,1.103945664238255,0.7376926243490495,2.922902251291019,0.31470480365982906,0.4436121884736658,2.008546221206902,4.426908214365191,-0.5270084012662166,-0.45438672543204217,3.453435753513514,1.4666939697925998,1.1773916893594365,1.662213707535154,3.1680964654182366,2.180709405788716,6.255724573125356
1.224883785414644,2.675092572676888,-0.7406292990125019,1.9594466705809848,2.230821521368439,7.828647772225647,3.720784460914402,7.427362158129697,0.33329775914830917,0.601061371338165,3.1402874344352116,-0.4547817049086669,-0.5386108937397703,3.256681100996895,5.461821308406361,-0.4366280123068123,0.4945679787766758,1.9364219412043049,2.882391782908288,5.501226271575367,6.08789937769733,-1.5400974449387936
1.3393507315304924,2.0319685232340445,-0.9060711267486643,1.1662992166914063,8.102850351893219,2.8744863008100836,2.5980352689365316,3.357840519009262,2.899851835574144,4.790030757703148,4.058813183404245,-0.39647467716303825,1.2794033805971825,1.4828926985063315,-0.5314702062690664,-0.6333416472201133,0.9984280622613377,1.6736115319468494,3.6658020143521997,3.2085666470397607,-0.1284231918202936,3.620447188106095
2.310657809652729,1.2902344712014213,-0.8559767738231763,2.514031796166572,-0.14024787623368012,2.8648701822149114,1.292283638546854,2.5561432273208853,0.6536734285628707,0.8374196007624582,0.08340058112127466,6.169419185170207,5.193249558070254,5.378559068031586,-0.21767374728589778,0.7778801484212737,1.4527123838872853,0.9688130893967707,-0.7780061884451074,2.0112750229422556,4.510359461215453,6.257469042066392
1.1001522532999912,0.13604713385953007,-0.8461643130764688,6.860424013126631,1.3486970189926675,1.5935043342225752,3.7165365313068484,6.948056778622084,1.9759682678044916,-0.12436133481943223,0.0004655606370049267,-1.1889442688737404,-1.8207100370724016,0.38185314607726906,-0.3403506552226277,1.3625683079862414,1.7202493816010755,-0.2525055703199294,2.4331687211044364,5.497583174286358,-1.5856235228135394,6.459178513462719
2.5514270060522604,2.8350565080029795,-0.8011741379514453,-0.6007138507419846,2.4884783287170436,7.663578727047676,3.1454190997290414,1.0409110086927196,0.9045984765690187,0.24042832106191414,7.3638769872806416,2.3087603599347823,1.976895626671356,-1.1091409717826182,-0.445455730251957,3.1436412199598056,-0.06065731927628942,0.8649008949995357,4.0091565702509495,-1.1362496833073248,2.9661158049586187,-2.636659903703142
1.0601634982757075,2.030600401868557,-0.6634074629040647,-0.7858559790932798,1.820638690719818,2.140090537940387,1.0044908895397806,2.539131816903623,2.3893380073630572,0.8695753305833207,3.12459523871311,-0.8896319948210712,-0.5860334912841313,-0.1804983618946896,-0.1368204750030078,-0.8658259629722714,0.6288770296595245,1.518192624523744,3.468683481458526,2.800478588654745,3.676490984088966,0.286511097977778
1.2844258306077914,2.021542920520163,-0.8650329983938163,-0.05770989276847613,5.441928424736221,1.6589612206468582,3.6775875118959145,2.6196388469154726,1.0544928290915443,9.418554432044196,1.5070925744246786,2.2588038315595367,5.7471022099745115,0.4965413203789417,2.2258831037331737,-0.6664899754237867,0.23040633309942826,1.395383131383263,0.5167675945925375,4.7688051789393056,2.526243779781458,-2.7825917540180627
1.279190686514045,0.05914980474275259,-0.7662286245528857,-0.10405356268956217,5.767882423361687,4.924843587467914,2.956331077534206,2.4529835431451983,8.467661469579507,0.7303471243958155,-0.047351741465023224,-1.7145745326961035,-0.8742452045266512,3.679181798304123,0.9021498878067647,0.6890400902168151,0.6037664734806527,0.8416800635882398,2.518821692067736,5.196666815596845,1.713980023164564,0.45803300997627905
2.142033216004327,0.12883169135244724,-0.5765257472554723,0.9988505874166013,-0.641991429105053,6.851951158523689,0.9682828011912219,5.782644802093494,0.9760989858033513,4.624999354850221,2.0309278439807894,0.9043321870065523,0.45623914433142415,1.6692254222101817,-0.6373467817358949,2.4160859286694225,2.1037136371271474,1.9336743181330398,3.523942599326277,2.6485778677001575,5.761241020915122,6.113478426959751
1.2409911938420115,-0.4859466343678353,-0.5340121480348053,1.5005958658164595,0.5167942641655461,1.6104906412182218,3.664025281059043,1.100945262480974,8.093322314046574,2.336052497376931,4.234220703854243,2.146193201540477,-0.017887655286575443,5.86628816076895,-0.7036613120263258,3.4467403559193635,-0.19469579769986373,0.9425772554166093,3.3279740535978948,4.964209561860547,2.402081305610241,-1.4373623417855268
1.8974767434505129,-1.2980600795261688,-0.28651186192341666,2.2178409196478612,2.631581915688416,0.9597637597569372,3.127743826823553,1.0090751180724125,-0.1841432634787454,6.113052716670795,-0.04625630301996364,-1.7161341792020692,-1.1297129700042934,0.7647328732044033,-0.8875319972235513,3.444985125971204,0.36268031829616426,0.3496873935453503,3.861211501377664,3.433033189868884,3.6315203717631497,6.876231692342412
2.325706854350315,-1.6681669748763222,-0.03978644731925016,1.3030557195443142,2.2055410231659884,5.648762327639602,2.1853376156066675,2.3867024044712024,7.592672230737926,0.7900510898109874,1.9149058735597655,1.3214661281795925,0.08761235824818728,-0.805996986890022,-1.2966023557517947,0.8190959496101776,0.21502450489091796,-0.15110801043823163,1.5246333548398996,3.3222561241933355,-2.7643402783272566,-1.181453373067987
2.5939705529770283,-1.2141034941637763,0.2817883186128543,5.840434857790169,6.8390659671293506,3.669580266095577,3.852840765584415,2.598119779155888,-0.37455310522865815,-0.10048056322464105,4.1313399922792255,-1.1983001746133237,-0.4890844241195383,-0.3982144936646831,-1.78143101128613,2.726581029386317,-0.2806331022150034,3.992377485279695,2.1841038842096654,3.0276496207582304,3.691511580044315,3.409208287414847
1.1273732329907116,-0.5788682120416218,0.24981607047285745,-0.9758015782574377,-1.0690331302199587,2.81714169769015,2.1011390284532894,2.7915392434676916,6.8227098740860805,0.3400482045038978,3.559269445166574,1.9630632802259258,1.0187024765023622,-0.43949789057111865,-1.164979970721892,3.386364483791307,1.2201146418224362,2.0265597885360576,2.282314750423012,5.5524349082073,4.75532042030293,1.2327888834973268
2.0701841776209093,0.14044591255760872,1.009712947118412,-0.17101926539944368,1.0097980081625897,1.4512775470417354,3.7963544434217074,2.6228997211225793,0.31227772301283374,0.9787558843528419,-0.4637542314535703,-1.6873694678473241,-0.34174193592936924,1.623305083302435,5.857475625162443,3.009672899875286,4.981940561450925,3.2673090116285177,3.9515895989828906,3.536626238355259,2.1580143622941277,4.225761222885353
2.1437983972398893,0.1798140524136122,0.9032142478685671,-0.21090420678418176,1.9892722788220736,7.404293665915731,4.045397128143262,4.375128298681145,6.111215714540514,7.551486968587744,1.661167276159608,1.2464935920352536,0.3216892991067873,3.4944469640898843,4.50405483699857,0.6106775496650686,0.9512403822405242,1.9423331601345661,0.3441836279817925,2.4464673380930786,6.925045616342352,-0.8716164287564387
1.6643531371565556,-0.4217365511716577,1.96134426266514,0.7715161765988109,5.1546269671906995,1.4365475458640722,2.5935841402080007,0.739690121236896,0.9177222294657114,0.8839543469320601,2.627942324759406,2.874951650997703,1.4887132874539326,-0.46843086291927255,0.09559757587337969,0.9474390703232664,0.3107529364502001,1.387246365559085,2.3268296945107028,5.679599189871141,-1.6277750336431223,5.896126239019011
1.4076688227699596,-0.7265196958901412,2.393740455530233,1.606303967248085,5.123545898321749,1.02666042988682,1.3319855184416975,2.6467998346545323,4.851040283163421,0.22764836373633257,0.7288181350354215,-1.7203874139624,-0.545988808700825,6.348319816524878,-0.605767686551063,0.4652212693599989,1.1184926879986776,1.3266774986899361,3.1754741457770606,3.8246777373948064,3.1089885006494287,5.3958927993078305
2.1524028339523977,-1.1858157257327129,3.4773321209090966,1.8014709469242056,0.28927287513655425,0.8695846719960884,3.6356630406959076,3.1095915843522373,1.5912913879345565,0.4076096327260009,1.972870729128332,2.6985910449284707,0.4987433572159896,1.0092316905263459,0.09108555840192618,1.1429976793638403,1.4870803700632111,-0.210045842607398,-0.4289705104391264,3.8137988332931565,-0.4799610261747331,3.218443888863342
1.3110906326481793,-1.2344656562120713,4.122184245893835,2.20357173079445,2.718544029088169,3.0595832639651053,2.723252618273006,2.8007002535040013,8.614212210636294,0.3145232572331674,1.5260183390551754,-0.739332406970989,-0.7311019892516273,-0.7010745261521504,-0.22992718925188524,0.7950166906160571,0.1777309149067382,0.4968372007440996,-0.05147697032828035,3.0118613085911075,0.269299912784571,1.9852852250813906
1.995211866782397,-1.1401017369420199,-0.8657768768936093,-0.9414300297925181,3.3787093550633593,3.000518393329997,3.780217378627402,3.3941859010805113,-0.24732400026337065,0.3779898855077135,1.062956317072521,3.8544537982089766,0.8519470159782586,-1.0545297831695672,-0.381177085820575,0.18729303613776524,-0.0505748409695706,1.9071063017894823,2.2769435064311763,-0.7122691426553218,3.1730602366562155,10.441253279191638
1.151866656833586,-1.4001221135803035,-0.7964445293582164,-0.232467481327224,8.53667061763317,0.9820874301288859,6.686106153445598,0.7274181796610549,7.538011706036278,0.8566123882608764,8.98417225811418,-1.4875144003055065,2.393450833702062,1.782322228547135,-0.5546940007542711,0.16301514887943616,0.5613680601552289,0.9699422545112363,3.268261942753237,3.022644658323564,-0.8660599734253144,-1.5545486140404705
