script/wind10m.json
{"header": {"parameterCategory": 2, "parameterNumber": 2, "lo1": 3.000054539987559, "la1": 64.9999836372058, "dx": 0.5, "dy": 0.25, "nx": 34, "ny": 52, "refTime": "2026-01-20T15:00:00.000Z"}, "data":
[rows 0 to 23 of 52, columns 0 to 33 of 34]
-5.720702735172436,-6.330127619170161,-6.907342487099148,-6.794341376534626,-7.102360314088624,-7.140334173811503,-7.3908514384520165,-7.77241621007438,-7.547383981140447,-7.685507222209789,-7.474680117858823,-7.503217191865777,-7.922065245644682,-8.338505728608682,-7.724150581699064,-6.831902843882165,-3.5777838243503046,-3.3326483135805987,-3.1646770595926648,-9.648738814914685,-3.736161698394069,1.4285516158807983,-4.0200792772687715,-3.6925788167769498,-1.9679375145717084,-0.6567975752996419,-0.32859781597824056,-0.7049542549614761,-0.05234849375150004,-0.43907332651786163,0.16536505897951537,-0.697308811306503,-1.4459313191815566,-0.14274138673316525
-5.912633604352582,-6.29496690248626,-6.535294121840153,-6.587223826251602,-6.51255111575942,-6.2818532508632865,-6.575853151528211,-7.065147874956019,-7.017924765290252,-6.75193268713898,-6.567775544222041,-6.861398520722815,-7.0097524149758765,-8.25965595648063,-8.637169585372133,-8.168355974362635,-7.548713046741988,-3.2395914193904343,-8.571410689159972,-6.2126303722651395,-5.392273931966929,-3.0971960885316703,-0.5515388456909148,-4.318390958062059,-0.7851454997460363,-1.388618997303227,0.29597930988466925,0.19715032038166014,-0.8479040853111145,-0.39909785859859154,0.411025993030838,-0.0024777060262001463,0.05032236705024902,-1.514131493567155
-5.703077833928704,-5.836232966339769,-5.906511215179452,-6.393790756417758,-6.345502260557792,-6.291402794001134,-6.068991473409756,-6.341735276670065,-6.795625937216798,-5.687116954720986,-6.205943447572268,-6.09262706405702,-6.197618810952995,-6.62621261094041,-6.63189927954169,-7.2827592696615815,-6.069304203233572,-4.129257772174783,-4.60507720861598,-2.6906244477369596,-7.408135544039606,-2.3872440929511076,-3.710303859862027,-2.314562639062106,-1.428784757401289,0.522891358100663,-0.8223911991292502,0.7629840677143634,0.02659575101552288,-1.138714145563627,-0.8287512131234192,-0.0550692555573464,-0.2572904828569131,-1.521305308894731
-4.860765716432331,-5.075823743591377,-5.146926612962691,-5.689799178937343,-5.978534679336723,-6.370316620266814,-6.347005047873974,-6.886667983945568,-7.470623007643223,-7.324470866485041,-6.692654680587133,-5.681843971384006,-3.4155219048106784,-3.410479702251006,-4.787843203803035,-5.391430826773996,-1.836913794998659,-3.219053100744782,-8.591006846591194,-1.8291851349761474,-10.083586079894868,-5.015965127672323,-5.355214074807336,-2.300526223646383,-1.2601922964432637,-1.2368036897636283,-0.7092161006455944,-0.5244833054431863,-0.7567865321155871,-0.37337290719523825,-0.7867689967438092,-0.824808695774781,-0.792620633109236,-0.7264895450717705
-3.5679058501298964,-3.991625129576573,-4.221711069848605,-5.5294251103147785,-6.177148494222333,-6.707183568264329,-6.606801095754555,-6.612584177370956,-7.229523678581674,-7.65064683206961,-7.51769620289749,-7.336139177551422,-6.467464145515104,-8.07199394105572,-6.149796642801155,-7.453553311805122,-3.6561951760086093,-2.967377645784232,-3.2404256630652712,-6.283797957801987,-8.98542971380229,-6.482569382219551,-1.0510231036127884,-2.745408168207981,-1.493793828223449,-0.8857667748669853,-1.7311862871361627,0.09464930426402374,-0.9369725257150865,-0.4718511516747101,-0.9417421923202952,-1.632936841466747,-0.7523733969727824,-0.8128664953030964
-3.0223689262480136,-2.1010290961809437,-2.638316776730272,-3.6729925708655644,-4.678310272747056,-5.536222230982861,-5.6193155219031485,-5.614209373737423,-5.893781590365437,-6.69332183929591,-7.554478243220707,-7.196284838108251,-9.012324769848336,-4.479387628616811,-2.5366726098608843,-2.6259558590278433,-0.2530219823844247,-3.939948915021129,-8.467862761053837,-7.048928295703644,-2.3767213617189507,-4.156430923234808,-2.5036466138593925,-2.2299985684223014,-0.861115100510394,-1.3931377300649754,-1.473506796272277,-0.8728782945404918,0.029774368059796972,-0.3578836993736463,-1.2161045499600778,-0.9019212156380635,-1.0638289669049619,-1.030887050974141
-2.382971964429164,-1.1219925654772143,-0.40044108181726956,-0.8304580930948646,-1.7568021846125883,-2.6665145329120383,-3.473687859723988,-2.939138900362222,-2.0409481238652596,-1.2023171623751638,-1.870392137331748,-1.9493974976806803,-3.605880202392126,-3.224449538836786,-5.031075084761146,-4.934594067438407,-0.5997661781528281,-6.596587962635244,-9.029251612182806,-2.7690315058173876,-3.5202199462142794,-2.3782516223969785,-2.134412364265905,-1.604029748398109,-2.032351278042965,-0.9506775846161599,-1.6646133271467498,-1.3389183341696127,0.2935151727342293,-0.43085639344859517,-0.9551890942610073,-1.0316845622680202,-1.257590909968502,-2.2864069137609038
-1.500048168342557,-1.578075493459204,0.6473691927862898,1.1709075880585291,0.845780087182955,0.14936238734660173,-0.4263300714763706,0.02519882258313298,1.0084253310993256,2.443514845893306,1.7986458151226938,-0.43160777184332094,1.5229759562399228,-2.4786420179343738,0.9579742038100566,-0.8163189511196636,-0.1035673650566228,-2.4738916965282787,-2.5268678079187685,-2.805507160770004,-4.306412437187238,-2.2146066808550295,-2.2188795863825397,-1.0383150562250445,-0.26645237787249615,-0.9541926276771139,-1.5632125853778724,-2.0007242180409754,-0.4337542639219053,0.17172560682868368,-1.1699170220146822,-0.791851025544598,-2.2669847450549123,-6.2413260032492985
-1.7405370059043852,-1.1122379210493138,-0.16299088324639516,1.4114152119509167,2.938819519023915,3.663168325177769,2.286313938067436,1.6126334024960787,-0.2707066459107714,0.511249391600333,-0.9323341232844521,-1.427760521050806,-2.790462119684832,-5.539414943531533,-1.228387939454142,-2.825838835109938,-4.873010315609698,1.1166035067829534,-3.2921486717217854,-4.263770207650908,-2.6042149047569265,-0.14934339598725047,-1.4635152150158077,-0.6371021327788207,-0.8593344562489956,-1.7373701377403514,-1.3022083019649466,-0.9663345720289988,-0.6894155140028941,-0.6517486641695548,-1.5823138364967897,-2.84786007699096,-5.557323332936647,-5.432382665755982
-2.6951324895331736,-1.1004640923914613,0.31287782807982184,1.0284978667800218,1.6140425631079214,2.98183467681333,4.178675289087855,1.277841252071324,-0.1774806528907091,-0.12531116281145163,0.0813180492008596,-0.11421830489917381,-3.175733365021852,3.561301098203335,-3.438518797767405,-2.4898597330789687,-0.7822135355416944,-6.307518257976756,-5.067717455892791,-2.3113886818383786,-3.0298193116268792,-2.076521479494946,-2.1060933890115647,-1.0032868170738622,0.279434639301866,-1.6107949757960456,-1.4090632183280425,-2.3471623459240187,-1.7844811170398711,-1.5816239905427083,-0.9176513706937129,-5.358545603105485,-5.767032833671521,-5.8964269122238795
-2.881455752358356,-1.6289448136297584,-0.36688054417469174,0.6191839599461648,0.5663584105206967,1.4217280421126939,2.072969011448777,-0.7365311699225751,0.42777926925621695,1.9827971749557372,-3.039024522159014,-1.7709161291381768,1.115477102935549,1.6910952945751394,3.1950083737547623,-3.4707807006039952,0.7744548821584101,-1.1102362311097917,-5.052338179528276,-0.4680731238688218,-1.950420998313469,-0.944944352330416,-3.10644171976897,-0.24966772319002378,-2.0447736173351485,-0.4483163801342772,-0.23396553447264326,-1.6022019341510407,-1.072841823978145,-1.928268608277517,-5.49131961701546,-5.679926983766283,-5.485244497654884,-4.9576145095974065
-2.6065817241917784,-1.7272190956355884,-0.5810204102363422,0.03635432711039907,0.7263394287686292,-0.8861064125138252,-2.2247696533049486,-0.19819241297606358,-0.046762251762780246,-5.111258401039386,-1.5489297397668944,-1.921824223888085,-3.5247749752854043,0.4130001009037765,0.4414450132581608,-0.667512091757452,-3.985942944081118,-3.5844236934822287,-6.9582314516111765,-1.8810277091132261,-1.9283422721099177,-2.5076565736369862,-0.8691565993705667,-1.5919199082184046,-0.2498281263316638,-1.1659442915293008,-2.062778464628867,-2.233879496560197,-0.26512458902445163,-4.05569829531694,-6.823608263975958,-7.041139008293704,-6.786368494666846,-6.413474243004068
-2.9529564555073606,-1.5742212432090283,-1.722490782203912,-1.4718076023603288,-0.40518694044221,-0.853558591587233,2.4053753924847925,1.6116062852679005,-1.2174788875323397,-0.030815036659909666,-5.07852897604986,-4.39997689691073,-1.9711352234125659,-2.2382504987532394,-0.6139437830015712,0.19338329314184297,-2.2623538892747352,-0.2022389591767199,-1.7039395982348586,-1.6721755956405506,-0.3540606006600016,-1.652638816573043,-2.119518967141884,-0.6305135358088929,-0.9992104512822358,-0.9203460821658536,-1.3835291495306843,-1.9624014626819146,-0.6279286882057484,-2.659865230403972,-6.141861518725746,-6.194440368567436,-6.491224914722805,-7.022520329434508
-3.7925911116579223,-2.2822854482882384,-2.2979319016413724,-2.1812493074705643,-1.2065984760321133,-2.749040912214779,-0.5792873654653847,-0.5332153923836938,-2.7115853508322423,-2.43992178198239,-3.7394716687221683,-1.8928460567299892,-0.48843097574673006,-0.12986283632232667,-3.4667680934760257,0.09209486981205525,-1.3636994588679319,-3.7490896252114183,-5.842355593158427,-1.6582182635635025,0.513060844520664,-4.110295160545526,-1.9210875380830845,-2.105523303407046,-0.43547180781042555,-1.734831196017246,-1.0980071781606977,-0.9405838747578831,-0.20376936165062912,-3.7189061002676915,-5.053894720055447,-5.036258334594598,-3.9639286691884728,-5.107414003857016
-4.435743618023998,-3.32407072509614,-3.2171882287598423,-2.4492544327997723,-1.0069327825354772,-0.9368641735437689,-0.827703912482701,-2.9747881972614603,-3.075921772430242,0.28465801639853094,1.0908135391981022,-3.7555172717009215,-0.15877238889751763,-0.49028501088423887,-1.7994079819204483,-2.302935596514613,1.1579869730522483,0.08730195106068955,-0.6007464586679852,-0.7374800842062866,-0.30887066041381706,0.2837720688388575,-1.8495740734384134,-2.0448893459955695,-1.2438984632284573,-1.5528995680875874,-1.6403934303731837,-1.8201295202442365,-0.4269663289194381,-3.508355340151665,-2.920935428966161,-3.899051929950651,-3.8312843205423612,-3.0427465339926383
-5.465152646606347,-3.4807699332957602,-3.0005852048539574,-2.3127583084759253,-1.4733960156735488,-0.48091884962358605,-3.8055378014804657,1.654554039970357,-0.2595573169782472,-2.13298608580169,-0.4806599441911887,-4.0923880709801965,-1.7322138567533205,-0.26158825410235415,0.8766944447589571,-2.7700670982943225,1.5171904032372128,-1.1378469645969582,-1.1941331925223884,-0.7234775881015557,-1.160099045710623,0.5951136050351848,0.7658997007229722,-1.3354959418703398,-1.070702329270047,-1.2242669265730128,-1.8943179330318352,-1.2200809617481017,-0.6396111531943953,-2.6031493045858785,-2.120374664907999,-2.224682261238763,-2.1865102706444413,-2.9518315955153533
-5.293470213679547,-4.2224079466248945,-2.753693932006015,-3.06458955758126,-0.4431125206683,-2.001370419935019,-3.840137174992387,-0.6540100578471701,1.6111670961534639,-2.8337293071454246,0.31320288592700435,-0.6775941506310538,1.0168362150104047,1.1411582884217777,0.16411644717040605,0.03669665934702731,-0.7012949490422358,-0.23084941635951653,-1.0960778251343426,-1.4231971972657973,-2.445792950306976,-0.9207854209510282,-1.5422017973417732,-0.9308207706705817,-1.3330913607310595,-1.1488760699570244,-1.653786493205003,-1.376079247535205,-0.958216093026604,-3.650342798542688,-2.1481658899405147,-2.1063371292381152,-2.367667358865298,-3.0685149912581293
-5.356455204743736,-4.980421055247103,-2.9720096978072217,-2.821423143913145,-0.8835486107833838,0.3433910575413807,-1.666030373097452,-0.606208863216646,-3.592076134008809,1.6036513355318938,1.8884614830030462,0.49562141345426286,-0.534975741932134,0.6009507126796745,0.31211649236371836,-0.6404239609653688,0.8494712879485121,0.055801798925878825,-1.3129141325639242,-1.5604796584051972,-2.0856976869352457,-1.2779604751678706,-1.324875378518157,-1.6481589495933924,-0.803723395210487,-1.1183262402587641,-1.259027404733964,-1.084418649237354,-0.8551897274077974,-2.3670513549645,-2.4016937134180516,-2.3915258333003027,-1.827492573059153,-2.8124150263140115
-6.115449143757759,-5.114730459568476,-3.8176551418444786,-3.1685061123164258,-1.5149835027232157,-0.08307129644957278,0.190763743154571,-0.3505307710660906,-4.367237302870746,-0.4302309408141283,-0.7285437108906554,-0.20715758432809672,0.0969068882258602,-0.8428026763743982,0.6068992985504333,-1.7653954844434026,0.4625296275114696,-0.5182532908386588,0.9625602248099787,-0.9876889208949753,-0.696624670327985,-3.1383028384054934,-1.6386549090639932,-1.2568766111113234,-1.1762994171384387,-1.2140634014042049,-1.2096071329060347,-1.3494299493854034,-0.9625223869476036,-0.39752811127655474,-1.3183094571221285,-2.041112811610377,-2.40997959258576,-2.485760453724386
-6.354241382307675,-6.099233084856869,-4.659995808618511,-3.0712537407204654,-0.5419767347006221,-1.213302702103928,1.3224301659874398,0.6858948802584657,-3.3568939256269146,1.0132098479417544,-1.0873607492081048,2.8400038760367075,-0.9533988828519016,1.6318535810342334,-0.8802904706151078,-0.7634735066492381,0.473000764074363,0.08381434440396993,0.3579264823694334,-0.6085384287967124,-0.6935952801498678,-1.1838693369896653,-2.635152000654092,-1.191655569450726,-1.2529139425678248,-1.0210099790045215,-1.0654943176151241,-0.670991299816493,-0.7829024457496978,-0.9480237544873671,-0.846367607665932,-0.5354644149843593,-2.3899729994983603,-0.957528752935309
-6.955481903293198,-5.877139681435655,-5.952144843699845,-3.0281911778616943,-1.0746231746411647,-1.2022182347759278,-1.0766590533822418,1.2923908565418931,-2.1997436482785093,0.06699497170223369,-1.899153222557656,1.6037880047050723,0.38149369901797886,0.1403544471426535,0.2548314513805016,-0.5285875728369005,-0.4988475613924169,0.2548122516810209,-0.3941714846564126,-1.0207450146879566,-0.8418626177582288,-0.9559336298869467,-1.704085089215928,-1.4211544712495228,-1.5700958454309772,-1.2357631659225914,-1.069383554480933,-0.7433170615825875,-0.44356856957881335,-1.4243063682505295,-1.691720453640604,-0.9686748192138049,-2.0258014759374072,0.2775594704832278
-7.219148399883096,-6.3901252824617485,-5.46231473010777,-3.890657873607068,-1.122746493195455,-1.7720048218237767,-0.29859172131666695,-1.86079754862793,-0.45430264558920547,0.8982481590751855,1.1766067153229633,1.9684711532134067,-0.0021101607408400796,0.3259062793248615,0.2261642402366712,0.40390047151952985,-0.6600173168874224,-0.5741091094337727,-0.5096631241774221,-1.12980539644439,-0.7942862874789374,-0.8316197428081924,-1.5442378320571655,-1.3966416264241495,-1.496690833814483,-1.3634896991083194,-0.7223949947033056,-1.657689486329842,-1.699879963901045,-1.778904812994545,-1.550122245048762,-1.2222948174185935,-0.031877160831432376,-1.4227437089925987
-7.71984684708154,-6.874501821945718,-6.147918777071465,-5.135841462890006,-1.9703984654027906,-0.10516698277032993,-1.4380918397719342,-2.2852649423583853,0.12482507773216713,-3.825550555318942,-0.8003093498869626,-1.5580494550936395,0.5975202725017591,-0.9856714612084105,-0.15849601880510597,-0.6873241875051521,-0.4802419515255699,-1.017670278295848,-1.1186563340969093,-1.1488199903781153,0.1007308716713943,0.2289461927592656,-1.550012038352495,-1.531833636393832,-1.5603193111282185,-1.4621514355225547,-1.68425145204018,-2.1910126253133364,-1.8958003826442864,-1.3369145285424209,-1.3867266700488556,-1.338929904468869,-1.8368133182479973,-3.0931811786814145
-8.373917017196174,-7.689780055440438,-7.352956751841403,-5.537060384751847,-2.805251402597697,1.2480646598569285,-0.29493131216363744,-6.909729705665161,-4.430315395305243,-0.7768833072311244,0.9048021412553611,-0.2864462466689436,0.5569853556798542,-0.21331612784493884,-1.0413607602221788,-2.1635036792156725,-0.4983680075922442,-0.9795413620643582,-0.8009293341467548,-1.051364459250408,-0.8921580938528836,-0.07368940312531912,-2.04086968961606,-1.4100644620512623,-2.6844742561099704,-1.3391211313111033,-1.5233094621383,-1.0404491184127673,-0.8863756207056989,-1.444845538516359,-1.1897800612998557,-0.7830131815611675,-3.4827350856206065,-1.8338548124936855
