script/wind10m.json
{"header": {"parameterCategory": 2, "parameterNumber": 2, "lo1": 3.000054539987559, "la1": 64.9999836372058, "dx": 0.5, "dy": 0.25, "nx": 34, "ny": 52, "refTime": "2025-08-23T16:00:00.000Z"}, "data":
[rows 0 to 24 of 52, columns 0 to 33 of 34]
4.913761486933017,4.478785022294724,4.807621569841824,5.896859605920841,5.943534164317913,5.743987916817075,5.812331215729773,6.30372740366804,6.663699725073961,6.58224169073425,6.603271105384695,6.636881858117328,6.6998101937013,6.66130114512293,6.2753045303889845,6.286692601412633,6.155571680663388,7.027285666545702,3.0885564442500666,3.1116339878574455,4.617471763135422,4.87825693943036,5.194758609844592,4.5218566992358165,4.001436257010706,1.8683330105752913,2.2862322866815403,2.932300077277161,3.3532702817745004,3.297791998112392,2.3566815056181127,2.133907778082218,2.0047232108433994,1.8370571820824755
5.567082513874243,4.696120474140478,4.819579490981389,4.989830115025775,5.984585587881088,5.884023321770844,5.617891818015769,5.988339480873421,6.533037283358408,6.879717377137012,6.502507070148627,6.765634257335131,7.02832510329873,6.775954398426823,6.688167549825938,6.404439869226581,6.082911945691126,4.690401482943774,4.008847004152343,7.479195683274512,2.653217359969673,3.9377361540380305,2.605894432104191,6.014294308079295,3.3125442552779685,2.770104044153718,2.564119675724927,3.4530834188887196,2.7831936149683187,3.0509610681220387,2.6517411887953006,2.3890685637986904,2.1293456379908475,1.7565408895141517
5.516662474445585,5.286720921516143,4.680138929574943,5.010474662324621,5.4101604869054585,5.515018612269497,5.659799003682134,5.6681634363841455,6.277552115713071,6.921831355011983,6.881688017640363,6.7324574930063505,7.0456225806234185,6.978152063047896,6.67542187058524,6.48289836249091,4.434702343017475,2.9922252265052047,4.188014805043689,4.19476473175624,5.202842568303202,4.019750009787911,3.5441214381632373,4.950224442194633,3.002973854480219,2.1986802178999953,1.9954271850849392,2.83604492720047,2.9678565461682207,2.5077508744847807,2.5818575930976717,2.1802509424391636,2.2693402867447685,1.8948033452758744
5.594807195460329,5.628499195240954,4.962916907448115,4.847805270688563,5.069664423622319,5.2271158515901375,5.015317424169731,5.583211407084454,5.986972906220597,6.570820045807827,7.046550119121767,7.04485558972269,7.184174891121862,7.194891827310141,6.466311030003285,5.358261843313007,4.038401481479251,3.233388767036972,5.791765463520106,2.656065183632058,6.553367623403235,6.294543103851703,5.576042204743961,3.9676948261164746,3.2623634583997707,3.0148560759123963,4.121705556832049,3.1612427832769674,2.519261488436252,2.894065390628156,3.1857120978336493,2.086071715304765,1.64890620340441,2.0105823554568145
5.053259554879127,5.219529019093325,5.2492166262974695,4.89123779968694,4.717050941079305,4.7022938195386,4.789842044524331,5.136613165507905,5.6579113303941755,6.084036092781546,6.72411825964935,7.0398393324385795,7.396419671213408,7.32565076301814,4.284487138391159,4.213247948721581,4.953055788210248,3.361951442153638,5.182818315001256,7.491262437173218,6.778810449276193,9.615383484676517,3.8951489855373165,4.520579217938623,3.323192652258833,2.48388923739587,3.0950563024752324,2.8226296492216267,3.708813077442335,3.1015657788706372,2.7777939939738405,2.2896268128044475,1.8029129265370458,1.3889643544334065
4.6999043221888055,5.099559129069249,5.077862127460953,5.1962285121496326,4.397878627024573,4.51133476395202,4.524335360256291,4.835809788973607,5.356256806901385,5.791732398710163,6.137286153395077,6.711734488303514,7.338677613394633,7.421931995463421,3.909356719891067,4.0929765581457085,2.548034249839229,4.710688905738251,6.520568252439972,5.496156790130928,2.853219383640696,5.7122668236094905,4.611095491708679,3.4158304741006544,3.29909266809095,2.5181518660137185,3.0804938087148708,3.113756939113945,3.4204691748796945,2.89983649627709,2.44457035832107,2.1076308503894077,1.6905877537433631,1.566485328468786
5.922039624546927,5.108291463933465,4.643885567304972,4.882428791951947,5.10324710384936,4.1843252343395845,4.548230193233694,4.16100949933783,4.698409241158833,5.372295158218296,5.562530128933753,4.09515508945233,5.058473936914553,4.684216368028581,5.489855212985614,7.874815667505965,3.2547175892221922,4.448432654857139,8.087860260505208,5.882413282564455,4.424121396054707,4.0991910896252035,3.7960407015792423,3.1850391090591135,2.9723725292023597,3.3777571458572697,3.9935507260125878,2.8814401083998535,3.211800005662685,3.3151788925902808,2.6393043683897637,2.4358648534665712,1.8290671424087717,3.3967250541288334
5.430976712798649,4.959622491707301,4.573997556547219,4.560153557258103,4.811300283713538,5.008211606936166,4.105770441574933,4.07135718884553,3.9131546517939038,5.090436426971701,5.164626135536955,2.563704644005548,1.983577221168062,6.22811882708402,3.556589002081008,3.5883894033549235,4.429195513795039,5.999992237131615,7.068017001905034,6.394522521115525,6.009189144714487,4.651755973979737,4.128903916527889,4.855908496012933,3.1520805427573277,2.8911710688737355,3.4082247574776576,3.97731381877863,3.221315150551974,3.0450907948271815,2.9507898844902383,2.5322860867246937,2.4942681689961494,5.423478201174476
4.962830233114327,5.301918951498357,4.936576767028501,4.461328209948692,4.426909525952634,4.833618831212576,4.596888922230922,4.450174308235413,3.7050722062709367,2.071685049210892,1.6776332184011293,1.8967649820043664,3.945728997108409,4.255229416292036,5.577242245961707,4.184378024327719,6.6764317139785945,7.271126649227946,4.5192690100903015,6.6778164302940874,9.205851687300823,6.541630533644126,4.065206705384747,2.7572277175397093,3.6305166538690727,3.3621665612861094,3.5948869836050843,3.48537671143127,2.763688031642811,3.791545703924194,3.1706261589566718,3.740218745301696,6.838082239410822,5.831400310610958
3.907985209240152,4.798133325088837,4.754898102876436,4.147592075640332,4.0143918995290235,4.404871693493445,5.023212157509235,3.97445138018898,1.487907246699655,-0.7838218279946368,1.4464123937516902,-0.856786121777248,6.787049242739047,6.0889315109319195,2.752748376410206,6.3691588474596115,6.08182299543035,6.875512404199022,7.361643711371724,6.105866432705301,5.690161212053208,3.8044613814700434,3.9592086289524984,2.413852651733948,3.427787517912744,3.2948503028115654,3.0037839544663183,3.408288965342586,3.2824330155483,2.9591063501574673,3.7228480884270745,8.165629070655868,7.511762799493665,6.32799195736283
3.2402055585401777,3.8347935970517613,3.9874589893041263,4.589963414764994,3.7367190752529442,3.985838841423098,4.110720553660646,2.3166420084276282,3.2083057608733414,-1.0011198911764319,7.708003694351883,4.591710586774277,3.8103971151925955,4.787680568171325,7.149221030067404,5.4217186326849385,3.6420676691470493,3.6386261222602325,7.2411767270059295,3.2265197530769902,4.732594600949056,3.6517395560127626,4.924865409567087,2.594256128624782,2.5490397545811367,2.589107191756102,3.248536998786942,2.7564815650156937,3.1929354070658253,3.6480435413428127,6.129165674580023,8.23676851705991,7.759069846970526,5.769044197364539
2.272239109034699,3.284810386156105,3.3123600434963034,3.78995244318002,3.7073468835521486,1.9201600390782,1.0570918893071615,1.7229868306930438,-1.937356310065378,2.721215086833878,3.697971910001451,7.254854529476493,5.798055769930848,4.014435569446309,4.490550211314347,2.7652087905095533,4.0294924059566,8.018660618682524,4.140118144333591,6.344022738084823,3.7297697413901547,4.187660461007176,2.288919838514657,2.358761882498221,1.0139040785754887,2.516939662728906,2.7961582670100644,2.8313102440210662,2.940248057557558,3.392262061976785,7.995135979761299,7.7340380663148505,7.621649006512665,6.253641151302962
1.443691423672203,2.2978391251779207,2.8987317657957457,2.5273877804085996,1.5653661327824895,1.215994020847289,-0.2362140185193483,0.9628838549605053,2.0074633181858696,5.58937325849948,6.98901041017868,5.616677552501371,6.820215521597857,5.0838133389663875,3.2176704203198776,5.420393581510527,4.846514179606479,2.950311893652966,5.254340791197586,3.537713028497652,3.1275164793455263,3.135199736944382,3.0854285418936724,2.6898288228110885,2.004813608336539,1.9903850941307055,2.2381436460374693,2.454166898132634,3.135750669415169,5.705801071055682,7.848596050577466,8.608827943703096,7.828681773325041,6.705604141920354
1.4246983879248327,1.8477636294986233,2.09319792353694,1.819040490873224,0.32204666450024283,2.769027082409027,1.6489258414577872,0.06705737784858383,-0.17015878801629375,4.543611041416592,3.4836224682170704,6.001329622383676,4.0389262462214335,1.9734593887830392,4.8402905670089496,1.864320109136842,4.275179602651089,3.4022191426600017,4.240271732376719,3.026235490954699,3.5608707799846493,4.773859292771442,2.8838387500712552,2.7972279577500117,2.2858159610587423,2.0170764634172595,2.7515255169927038,2.8459379293770257,3.410509665657092,7.004178991366431,8.78918481397347,8.800483774649424,8.011727165085084,7.334221714111134
1.1646114428676075,1.5219101990980857,1.4370054592056143,1.5383307512885909,2.341325063714209,1.5300037613566664,0.47273845427040484,4.196557533312081,1.9370552651942696,2.288880748104206,2.934915136490232,5.311392754130311,3.6647134440576394,2.726654593457429,3.6623197749265444,2.7968285759419134,0.6874931239145463,3.4333080057232097,2.2972107782887834,2.599755292633118,2.31042966005416,3.553723816985922,2.8468656769880094,2.995387406126426,2.2748484508327893,2.1481644039114274,1.3639033097615194,2.688222417172577,2.9812597673801204,7.09560728569521,9.138647914250205,8.760347950838,8.131575037813803,7.8227803433882395
0.6745269149646685,1.379055422129317,1.2650666643528572,0.8406650712438758,1.2600031104117415,1.3963398650430758,2.4408232044948717,-0.5839676578922794,1.8695419594137876,2.1951550419153643,5.122430542555774,7.185199998766412,2.5191989623853837,2.2492282843899685,1.8063464770904927,2.3211295435514283,2.014022629283048,2.254769413376901,3.198824752143962,2.031284254417587,2.7216152287323108,3.3752915074601297,2.9955974962568086,2.49447061248985,2.1078797364241435,1.8096001111542919,2.6880552348447346,2.78080483255009,3.274425672982278,9.628217641367502,10.140961242245037,8.97124228457461,8.127590900785147,7.774582334545457
0.8254280807149833,0.842726260174373,1.055612906197603,0.6098718632321408,1.4339268334097974,2.3561819632650716,3.891117626611203,1.1427135558388857,-1.7489309746010557,0.059774148352768855,4.362346675257017,6.569872783832172,2.738207684633122,1.1954301491414632,1.765731515510131,2.331490723862589,1.826905674690066,0.10257550270838729,1.8319999832824048,1.6815529991597833,2.4633948880909102,3.7180086796180096,2.7523911241096504,3.3499141560780754,2.296301348103304,1.7252138303577935,2.8826332673128423,3.0462527705383464,2.911838406689479,10.007954777117591,10.588334662357807,9.389974553754186,8.527719576452862,8.14324572682138
0.536397163735116,0.6243223208177195,0.7240127483795799,0.7372760261236813,1.4447172389365996,0.8173819731838826,0.9703168030037049,0.6378469206948638,1.9987448623714346,4.723829554769469,2.713580680584237,3.813683817605262,0.8929373538103128,1.196410546003698,0.7722196564304513,1.1105618620750497,3.036146749319894,0.6925739356585386,1.374951103232402,1.7808013693890636,2.399204432005207,2.1468129556989397,2.117206037553268,3.019614436176238,2.731592161801943,2.8559081464573595,2.5387472590380282,2.727465895397284,2.50413036192727,8.613583337124174,10.611954814122685,9.295854677752988,8.32230946953625,7.337336686325354
0.593158042722503,0.4207649344721211,0.12183174025649275,0.8885517975099178,2.0654217453365407,1.281090671528904,2.1511274732099133,2.090350643840501,2.7828050117488656,3.929745679494619,2.7713200518793757,2.122175271410548,2.3302850332875336,0.9059016920454672,0.48132488238331367,0.8072852167749911,1.2895857691871233,1.0474300546066548,2.1974704486183483,1.5235588982993036,1.762890833287978,2.69953107639961,1.955978613871599,1.9353831776307675,2.213877672853652,3.079538600070734,2.6463306941678395,3.2828820434248573,2.345899286827165,2.9495039180627263,4.1976393749347105,8.706730078434504,7.262493767381376,5.962210862413538
0.5538617592389515,0.5180211700997382,0.2782972685419095,0.7022293490223976,1.1897852810891356,1.0673346606754879,0.41455557731893394,5.369842791015607,4.956574911222036,3.6877886740548314,4.517115406130452,2.8777470392292144,1.9232565993398678,0.9742543392782168,0.187874614562816,1.626912798410374,1.6546924758463737,1.8045982711611355,1.1568690758296496,1.702716994416605,0.8686998833247291,1.9373150378626736,1.9608687434745828,1.8308851197318676,2.5590621236187006,2.342410117279357,2.2206821195414332,2.319731638233005,2.3710984878131454,2.276201899273262,2.135504831456748,2.0517495449025414,5.581910788090013,2.4377774078924244
0.878168748693038,0.45908436041385364,0.6084333515432369,0.9767130217459611,3.602296453165542,1.8991994313112495,1.035602068401962,1.232168087626733,1.9703688049633556,3.183782338107102,2.6394296657133314,2.8852615149277714,1.4966002851034057,0.20093504298048165,-0.5627320063370777,1.4078518171586814,1.4680882155481632,1.0611196554423734,1.1696969918328928,1.2123934454761438,1.531710600349664,0.9379253729558786,1.3758667677258278,1.4614416141304822,2.1074943870588285,1.7738941498278205,1.8931400808013836,1.8887224778353149,1.82733311671946,2.524533643444701,2.080320150771262,1.7245882051337953,4.580633409849316,3.7901190364669395
0.6698605497857893,0.6086945756840155,0.808780681294956,0.9294732068484561,3.047569674540153,1.5448167775093713,2.48770939410164,1.7935769375596038,2.4851643899914366,1.1107873293736397,0.9348164447783355,2.285870240329663,0.35443256588223115,0.4078077174612471,1.9980479328542755,1.358978408057783,1.5950341173606397,1.2062883645725304,1.0523834524580664,1.524963216064983,1.553030511069632,1.4087548176974447,1.3892628412778683,1.6452605534028482,1.607881100912315,0.863034411736298,1.1827659352168518,2.0910754321489367,2.4888416966644957,2.2172108151112977,2.0878764455677734,1.3260178236181597,0.8612501232365439,2.8484748848687187
0.813181223707984,1.0078652773597805,1.0618624804082044,1.347337831391761,2.7663839152627623,1.9391488186728874,1.5422037518937823,1.840983990667777,4.474834785488254,2.9774738747078677,1.8056163426968783,2.3991486483631252,0.4626991155759577,1.4319027277979037,0.30367647624762967,1.8577149847896228,1.5384102693001005,1.6459150002390481,1.5595248123497243,2.3881924179548406,1.8862438313607308,1.6903195270711233,1.9051672442946894,1.85672894733605,1.6336557409541002,1.3522820038259282,0.6452625545665313,2.711677229854373,2.456764657199837,4.009409719876191,2.3780356118946617,0.9020659947332388,2.2755386735142342,2.761803170493727
0.8231837170089157,1.0261140309496428,1.5042636009084764,1.7728882602496518,2.6835518419184496,3.108486322806823,1.6086469105353276,3.436272877228802,4.546346898980691,2.3429592940328066,0.30228678802175113,0.40663271581084987,1.1596577046545569,0.5595576942127771,0.6626317514603048,1.8353128972746926,2.4440782086844677,1.8806813441751216,2.2059510623903646,2.13556072515642,2.1363451614093445,3.037472282425984,3.1271863672113205,2.1245468974161947,2.7775599437570997,2.8326876514944215,1.9390346973353598,2.0358792836204955,1.7051424970506677,2.9426007046141693,2.805711604351455,1.6598765154014925,-1.017207402979087,1.1199065205245633
1.0794499592386004,1.5756839973394081,1.6192546707542226,2.196619124697762,2.9659696832765126,4.584103598491763,2.787255210014354,5.013629826650415,5.145300291357224,1.6719128510848977,1.7668338557602614,-0.2893377388130603,-0.12202071132270736,0.5768194267472725,3.207814080161038,8.193847246993698,6.892329270393065,2.0990080085289353,2.353941333126978,1.785658730408538,3.2698343231514126,5.178298657039991,2.3672928738501207,2.2316805284740666,2.2590837618773523,2.04429434082214,2.5730554963813934,1.8037547386212796,1.6658395897713327,2.7309154361505965,2.697738450621007,2.5422828632722756,-1.058675592490785,0.5254807209745788
