script/wind350m.json
{"header": {"parameterCategory": 2, "parameterNumber": 2, "lo1": 3.000054539987559, "la1": 64.9999836372058, "dx": 0.5, "dy": 0.25, "nx": 34, "ny": 52, "refTime": "2025-12-30T10:00:00.000Z"}, "data":
[rows 0 to 23 of 52, columns 0 to 33 of 34]
9.866066310059505,9.565103763837149,9.456314485249447,9.484591735673767,10.388548066149998,10.137561442626202,9.84003009773659,8.961323014910244,8.448365139939384,8.232532554875972,7.975719630685667,7.550466400141532,8.172688200688036,7.15929239831052,7.50136078517101,7.892634500611357,7.602292886333962,7.399749114240589,4.03374438317671,3.2857672224575127,5.6428062311700256,1.8327183212815492,3.8640417878609004,3.3287808405036667,4.799878946044539,5.328318673944701,4.034094886139969,4.228383402423536,4.756107192142504,3.1400420048981936,1.9550312216449413,1.6868521029783137,0.6444637266592441,2.4950854197577983
9.157492777072028,8.77199478480479,8.597686342487673,9.153094079932409,9.679802189589287,9.341547182738577,9.11503443099686,8.43618691362785,8.29845845819941,7.5562448766849695,7.432884141168752,7.203674297139731,7.760883536427101,6.736894090923033,7.1953619493207945,7.17127627310446,6.260438614771591,7.17622743428474,5.036079891795354,8.000708069150022,2.749119912183788,2.999807178030545,3.097922198816993,4.760351750542964,3.9466014036064316,3.6775505426556605,4.16636369870092,4.817401715819882,3.651096172569809,1.6207004206800983,3.1923649833404273,2.5778610734636453,1.829836702504801,0.0848724345418592
8.657633439877507,7.739730309801609,8.04987732793883,8.828056780716697,9.026710583348477,9.02209275720263,8.451762661003459,8.126197379657697,7.940520474192428,8.4428709590013,7.41502970741186,7.461526006441332,7.007595890314959,5.519044897729285,6.490528840344911,7.631421674497875,7.876297646823176,7.601206509651983,6.584360121362347,3.4141521638396095,5.48791811819617,3.3846433557152222,5.025956461389056,4.271585340010835,3.288773172327078,3.8610064950926137,4.3813860623971825,4.713924993954413,4.102163994454055,0.4474316186270055,1.408184508021624,3.2617829012097364,2.4609850548787917,1.0289979855035123
8.553598837538024,7.398770729227051,7.348716222510521,8.30370360223588,8.931825663256108,8.789818556191884,8.018855412564408,8.068614429933483,7.707252661501327,7.448224199594262,7.159864068019787,6.490651559727613,6.043783659718999,6.712268550659457,5.8869529562663345,7.841872249757184,6.946978150630686,6.154195531276793,7.763523818668779,4.013816923257344,4.765275879554261,4.9051180238188605,3.87479922478498,4.673311415468356,5.699940555024265,4.200539158556403,4.133556448576394,4.773212785786222,3.6695407339469877,3.3153333564259033,1.1038339230213994,1.944356998548301,1.9923359406546246,1.0083951185718993
8.134445803566491,8.041055777497643,7.189977111981011,8.586033330978847,8.675164933437502,8.603326995283657,7.927168457879034,7.797770682663101,7.507046225437705,7.184579393619159,7.941711603587916,6.511003068851792,4.969760455217189,6.3087598859023215,4.203692357835336,7.183929305647523,6.5862341119964745,5.40871180410321,6.7199255786151975,9.369042258113401,4.8292980119900255,6.061531962308884,4.569645612831131,3.572830049492942,3.87497832369041,5.068511640935519,5.749981989638752,5.2596431936209855,2.74050274341245,3.178395618598985,0.623052226983286,0.8685262216793699,1.24517817631475,0.719082945506588
8.055494498340362,8.377594651142049,8.579065947350758,8.550462485195919,8.881298567742983,8.619440289706967,7.818891994002676,7.401289092037866,7.35075133904714,7.304367833712571,6.430437551325179,5.363713717401458,5.698986192854637,5.298126544068288,4.5112627293109435,6.480794625468672,7.415111590185425,7.597530884156617,7.318767041732321,8.122847437606897,5.86375710299867,5.148375473981296,3.654258898099532,5.943382133489981,4.903927627454114,4.814918218883615,4.794989395996111,4.295602393952329,2.2402859292105517,1.5008023703272828,-0.22318919565389814,2.157330713982491,2.3721261162543703,2.2821603023738173
8.54062398613371,8.989543815439,8.129739722823702,8.94155031830383,8.683988505496291,8.578402068928794,8.54021285370076,7.869532073927827,7.317495721667135,7.138711181722416,6.774837675598533,7.327370853870578,4.693120576497556,7.882628326614712,5.671676847171146,4.744510264990093,6.759170929024206,7.531436376624698,8.465122646790634,8.610043912510852,8.872151124924258,6.952985105915392,6.462113773124422,5.784892474598751,6.382457992393028,5.967058397661628,4.44893573739027,4.780638398474785,3.7312318002681906,2.5042444056239064,2.2713121806003973,1.2447077612962014,0.8265803534624775,3.462527888999315
8.855147563522534,9.355354616052786,7.985880853155269,8.90045800786689,8.58118501566794,8.75458974665868,8.453456401073439,7.733003596328141,7.9815859599062415,6.96544339072599,8.944554432450744,5.753127611332306,6.421669620720441,6.6319067342052636,5.7533911554070425,5.85222837452101,7.460428868939478,7.397341950201763,8.488080431392081,8.151567231631274,9.698303241865906,7.351682187357648,7.630445766751378,6.585746899525138,5.409195388053354,5.101107358396158,3.8973448195593683,1.6881088451014492,3.1203117793968342,2.5894583263472803,1.1912245489308169,3.220306016043891,1.5002200329776498,1.8947631206643123
9.799950945529435,9.381966627973547,8.152493801979807,8.934078966699518,8.759179406878404,8.984657699295724,9.45702361964367,7.587524320486161,7.72707034098435,5.20030279080804,5.900466714020359,3.4726076688696406,7.529591471402602,6.897215715775857,7.984265431836223,7.291722491343808,6.732465517806793,7.833917536593798,6.586769848778096,9.508715313982776,10.087454917764548,6.666556876621492,5.883761433694079,5.960242768674157,6.026920644681914,4.980024966893487,4.453365695325764,2.975915718342648,4.275044260138851,5.520751768994141,1.6907787271330492,1.9993255324879686,2.0017681107588476,0.5388350497946213
9.294530577939291,8.975366837244433,8.547071807261197,8.828716297301458,8.46540711520365,8.315530367789357,8.643321914347425,7.806305327991885,7.574909954327267,2.6715387129433332,6.123207615794799,5.308388546236154,7.501029878167595,5.511328878907671,6.65075710300429,7.564264387347289,7.791437341341641,6.563648054651071,7.60965490569254,9.162147561494356,6.07994282344431,3.880916185976025,3.489836750744784,4.349389787012428,5.621705068060034,5.088362369851148,4.122984824134888,1.5183547675297908,3.1110394789095976,3.628449739244088,5.071896657273051,2.1118477848111,0.9926712704209161,0.1001895006981716
8.654677742209902,8.316177634931945,7.999876139460349,8.415846620658764,7.896021846978499,7.623328389760336,7.809781730915305,4.733180985876044,8.371582280236627,2.600188089819508,12.06309998858932,8.554484694810716,8.046955882951046,7.302528178027203,8.603543137480274,8.408224609683469,4.625393989307577,5.989949970882929,6.1444270080411805,4.962219914623845,5.129105680899285,2.542558480651618,3.2987422920444898,4.108294149320899,4.570880746129369,5.293022564502375,5.5542776868910755,2.1839024553299167,4.944565747371825,4.095129915040114,3.2776649393784196,2.272269719851559,0.6482596914875237,-1.0219739932374945
8.432506572071654,7.909350985312696,7.219462111321671,7.6219701963424145,7.194778926509985,6.431937827774698,4.634124851424175,5.286969070335764,4.098184013602303,5.635682156284753,8.433959019168784,8.057236317648702,9.737854613589853,9.07651899650955,7.597000305384791,4.735532308335614,5.245805344510669,4.991202176225006,3.0349258868709774,4.687027841735536,2.961250008523582,3.513915782316008,4.583934872978227,3.1870684757826258,4.346217068051319,4.105279459988955,4.53736445937548,4.212185126744426,5.288734960780209,5.549366856753184,2.8346462889882886,1.8816340409153198,0.19634996569314184,-1.391410847345332
8.050359817779116,7.772913115549825,7.114884764263208,6.679277037700315,6.621856279303463,5.754147931348837,5.416125042573441,8.466780903831529,9.00027114088058,9.117137788484538,10.69607544291505,5.363377770815318,9.426400415428065,7.238173983598145,5.914380616639339,5.220330102752189,4.350160213577723,2.120300340304892,3.9574783009924257,2.941121146160398,2.1938609588200877,3.1588581725901475,2.849555744286536,4.184210875280746,3.9870360817013846,4.070739162819413,3.870585213652759,3.8899799611238866,4.524153449363478,4.405147177392025,3.194324662785395,1.4261995180082832,-0.1869438961466939,-1.601523454898363
7.648241482662213,6.955103093212392,6.398923670190496,6.271172715224855,5.825908770348232,8.602027442539427,7.029579063182657,3.6730019580793267,3.9721519510970924,9.623349505427065,10.56568634176888,10.246510037626743,9.63916882560854,6.414814763409786,4.618552350856702,5.127938999778464,4.295367681410653,3.196063758019967,1.1150988931971508,3.3622135784079945,3.087252369270091,1.9752417666699038,1.9172866810135702,3.4942166980052916,3.4721744144643396,4.405620757675523,5.597092832723284,5.48028425871927,4.398261033537918,4.014305562462695,2.7836127333882548,0.8154049444727582,-0.5962981343523163,-1.7166669134396115
7.726711629689604,6.75724020909743,6.129502048834174,6.193449792174891,5.580393458609306,6.557397867619763,4.376197075285834,7.12065090706952,5.202776304436239,4.895360643837484,9.130212566651007,12.745082060996147,8.005701278848669,6.309172253308752,5.968085739346911,1.9624592816734052,4.184792780644838,4.050556629686169,0.8845878351108473,1.629613014035121,3.500718379203655,2.662337624420811,1.7159507704796637,1.9373615063880834,3.4698904993720747,3.961528543074029,4.863121532875226,5.1421922071540465,5.0824777326524675,3.9454666504109395,1.9822987624822472,1.0796685475701058,-0.7816408562267189,-1.8366899911909509
7.375473432047046,5.727362327792258,5.339863462068712,5.882258694568034,5.672681721410953,6.53185790864439,7.455884675747584,5.7471543366440905,8.134092883844398,3.8873645810461697,13.043029680127583,13.417192760718201,5.324061931342634,5.595944241351262,5.382237129513546,2.66738400391755,2.1954793027406785,3.471956324767834,2.547258439395184,1.0172792245217404,2.0363198267366847,2.4648448510507963,1.337803196105437,1.7490481337552777,2.177553108507535,4.098584745109303,4.821127052046853,5.412031964660789,4.630930700732644,3.0201041879685975,1.7991481679465264,1.0607554075070829,-0.8408314925822806,-2.1469856069525837
7.238917320993156,6.1976237858942245,5.781628327422767,5.7397931112025296,5.546252443290381,5.0361918032837085,8.06684656511012,6.634273330052225,2.3217092944454514,5.936710614465555,11.783118235392283,9.350107711334394,5.930952688807831,6.70795886597202,4.239233930616175,5.505978194770763,2.6370274068664634,3.796773224323809,1.7288945333958714,1.7925408883638723,1.4850616906689738,2.8114152129106027,1.7317248389197517,2.1920696012794867,1.790687391970325,3.4814569560901383,4.104780097777026,4.09159202195654,4.765357801065924,3.4439276555226774,1.8633797258844536,0.696055326024242,-1.0109021189599394,-2.585862068894578
6.402302641766784,6.134520433040223,5.079308500666531,5.584865258611615,4.287535322138983,5.6774487529279725,5.008801322892962,4.096311763379503,6.127463153240177,9.30746780985546,9.480076386794774,8.751319280213632,5.102086382150145,4.896212464539031,4.633861524898849,4.548996667393652,6.176161891397666,3.592230279819573,2.4779090679123477,2.464933327899934,3.1108111073300724,3.7374279933022025,3.794824534485136,2.0649512711139484,3.386926528296474,2.893362275161124,2.2162506480277937,3.648686233464527,4.163118184608634,3.5391259351661835,2.34440020741517,0.45493527396559696,-1.4396555265073652,-3.1444630884947644
6.035214893988704,5.038800490085375,5.2551669552723075,5.674462862339041,4.506309087480161,3.0655862008972146,5.258622814973112,4.4917064243785765,5.888741397349688,8.132762173836559,8.51189578837118,8.206042616410928,6.864564384469314,4.6558371118064406,6.882054240950859,4.51794844225675,5.03918966118751,3.805267430149167,3.1516800515591763,3.2049667587967425,4.332007647961862,3.179226949894169,3.6658855777157195,4.542163055696589,2.414024164957378,2.604481557754229,2.9096841688473556,3.293800056041321,2.920079400109464,3.4856550339712715,3.0722900294874873,0.3840779285228928,-1.8141966867503097,-1.1373875564206513
6.249310302239189,6.02230644062543,5.614753253677951,5.199207621727769,2.525758338257,2.111199475431247,2.0878266454509227,8.154257241518694,7.405864827494975,8.397994011487619,7.884773019279692,7.118078607261844,6.387241552299201,1.971347850303554,5.132514265059087,4.181402392488631,3.5109975152968063,2.70397035831705,2.8099113079370404,5.094474365943122,3.7465633486778924,4.185935475234829,1.7670705411402796,3.83342336114361,3.985163034827069,2.6837483308683274,4.175992758773273,3.029273457010956,2.6091003482284316,3.2698914014823552,2.1863410119978304,0.45363012338685604,-2.2173337552989683,-2.68178245762737
6.017032349391428,4.0977614103965205,4.577979983291556,5.014806134861418,1.2761713989217067,0.9911941888887275,-0.016795614744330972,2.3968125079275864,5.2661868801832155,8.145805324982993,6.521214090540868,5.659137115168261,4.031635257950757,4.9831510975910875,6.761236672503426,4.2819718118170185,2.356801546282343,3.366361057272177,4.089017983682137,5.631469168873759,4.5578282230307465,4.7901822282056115,2.9192576996781434,3.4094404700216763,2.7981563126305593,4.2415477892628894,3.865054246783793,3.0714423799760335,2.824629685087645,3.5741694570484985,1.6393703967984907,0.4773048526678261,-2.3922516397872915,-1.9996501562485467
6.058516634815108,4.133368970922535,3.9428298341214068,4.916398078037631,2.0848223932877255,1.9145752187995195,-0.2862011898751308,1.6900968607371942,5.010743818211733,6.12226699862177,2.608878810645281,2.239418951562223,3.926228371610084,5.328310387458308,4.718913101657547,3.956351246047948,3.510488811520283,3.0419060285361934,4.12204490005924,7.487887177787431,4.696549029742959,4.414547903485551,2.290847587464044,3.8982720094772003,4.527967601326435,3.242857107652855,3.515264433313144,3.358392056796376,2.960630680414336,2.1170348215123944,1.1843596805544618,0.8929818778370615,0.23304978869389475,0.4588486622254901
4.5053582914969805,5.1120690733549505,4.6836824712402745,4.111432982489395,0.8298001894321877,1.0294311032232752,0.49687590381596297,1.953019808287224,5.5468217153609105,4.6629195570013025,3.5957870361420396,2.4182704713630683,2.1391470738201606,3.024896997663931,2.477523235971215,4.549538455684116,2.3293272669139027,2.2975324055349353,3.572240676873249,5.356726393372399,6.31344369474379,5.490336337085587,3.9081768463127737,3.272517761274089,4.996222457445703,3.595029368550105,2.8911409157291033,3.0553526524342938,2.594516043335655,2.4851173017332586,2.635302107813526,1.3900696050167893,1.7241644835152241,1.213355864170631
4.085080329595844,3.9525410337400246,4.308445148470296,2.983903616571904,1.5242688079589306,1.7708971610791933,-0.19561642002134846,3.7249201942286443,4.305842433947036,5.081454388892037,2.9822037946127042,4.130025099065859,3.380280952302705,5.74325939116408,2.220603294475464,3.2752401108765605,3.0963631780884944,2.172650633174136,3.504162913179337,4.673841812514092,5.365269000815101,5.3823646643076355,5.318851847127717,4.84265471202863,3.3573019967039803,4.78534966538281,3.246936667625579,3.3737275945571126,2.8135230799827453,4.136988209706099,4.864074780837173,1.883042574064713,3.574507328603424,1.1709201892007763
