script/wind10m.json
{"header": {"parameterCategory": 2, "parameterNumber": 3, "lo1": 6.000027932988019, "la1": 58.9999434238085, "dx": 0.5, "dy": 0.25, "nx": 22, "ny": 24, "refTime": "2024-07-09T01:00:00.000Z"}, "data":
[rows 0 to 23 of 24, columns 0 to 21 of 22]
0.16348391161515255,-1.4404715271988404,-1.8560772533659795,-1.0565399376064282,0.4747364364181017,-1.1211181686309224,-1.24732546347978,-1.083082431237345,-0.3484803515047244,-0.4660692062312718,-0.3113871753533836,1.903261294242069,1.7345244569679967,1.274678736023291,4.003740503847839,5.981019425751876,2.6259796601246057,1.7836588611102886,1.6947836381416148,1.069129596359525,1.227831432647537,0.5126371958726412
-0.5427679328929859,0.10156113511399359,-0.7971210697802233,0.03987870201919961,-0.5962656063537063,-0.30568805605887195,-0.6803662903379116,0.44826156864047395,0.06223815231760984,0.7141413423069377,1.853392945753071,1.6354684618211086,1.8854228241382363,2.0963967263561307,6.658544933064412,7.167454319894127,1.9668614826336654,1.65387555579717,1.232752522495881,1.2727485705065948,1.2085209212125332,0.5400636169872505
-0.08901343236133831,-0.21048403417592315,-0.5967832618150443,0.36640950837936453,-0.16710185765358304,-0.3886713039830579,0.40535520947445514,-0.27267950814546404,-0.07066414448520937,0.928227270932627,2.1001927503094993,1.510978044914774,1.7415554624621528,5.487494705823959,3.41688058340946,3.031811154632033,2.2517444948207572,1.9728810637336105,1.5562997037728465,0.9499588841700604,0.6268871133248598,0.872861934913499
-0.7564612676051408,-1.4476328138193957,-0.4318289804850068,-0.33790274485151117,-1.1309068663702322,0.07180032059692931,0.3872785951729964,-0.10273667006218418,0.6647702217701845,1.9495625025193613,2.9907442794404395,2.042256754452397,1.7643424772412921,2.020534391531956,3.255088787836112,2.630626317708616,1.893102053714391,3.8957426629899614,0.9710627128823203,0.5515301697544347,0.02254543799954039,0.33491510578142863
1.4620981676619718,-0.0940753305233044,-0.6002269477169195,-1.0084348510429186,-0.8067971120583761,-0.4430280423256922,-0.17753595980611983,0.49305186610552226,1.2170022772602798,1.8904988222680963,2.541755906425681,2.5574654331030744,1.6069587678302895,2.0864369122862887,1.9834723054961068,2.1751252426240306,0.9817054020935218,1.105431834997333,0.5285490331239587,-0.20155718397606862,0.7006944617547011,0.7924223788385311
0.5159405916117169,0.6895224829803962,0.030323655933985855,-0.48059087444816595,-0.6932769799963915,-0.6744268275753784,0.13135540614899613,0.7889149484896946,1.281400361530925,1.9926742818959833,2.750645441088028,2.857703699755284,1.590797308271328,1.4697979839804192,1.9167299131307176,1.6324595811432658,1.3447081644688048,1.1058617830847959,0.22806013791187685,0.3421446019257355,0.7126204557814374,0.9990575999957931
1.427436000426,0.3058984441848967,-0.1783485500804136,-0.4043930641015418,-0.20149026236368353,0.0937213397217993,0.4051703845170445,0.7940630121828329,1.9322567912307718,2.436062847499074,2.1108614218874324,1.8357070532957798,1.1050793657068725,1.5348350872596224,1.2463192942740313,1.5790608269460806,1.1251629386683177,0.5828649459403944,0.5879760011782753,0.44859136127062976,1.0977587436094525,1.1720842763073305
2.018334557488501,1.5196837194307602,0.9655285873646149,0.4214256287968163,0.5430650268949473,0.5102865432652987,0.4946017852837822,1.6835381488842334,1.8305737888657831,1.3949367155641694,1.1319466258694015,1.1062501957371258,1.547083617444615,1.462472120419481,1.2493914645850597,0.9010174792288359,0.944683557112981,0.7752847142783973,0.7410557575672593,0.8837988223282837,1.2221603834921961,1.299687957889148
2.6556040452302643,2.2924695304201363,2.3039486804262705,1.5703964108383268,1.1135946078354213,1.9175834412939339,0.97310235380736,2.5218232060186683,1.6964037068791449,0.4618195982413649,0.14307084412304047,0.37693273475645894,1.5563052107464908,0.1994442125515331,0.9552580714455642,1.1057092748721942,1.629837859528184,0.9728781520168929,0.8159699886612777,0.872703553381774,0.9727475681112696,1.4329056152278457
3.2234649636776003,2.9717671496904665,2.7673428164930685,2.517450305684831,2.266905048282633,1.1888409038809078,2.1266756814762737,1.2476914071535679,1.0107698267223144,0.14231901617623424,-0.2488849579123214,-1.191228400420061,2.204297837900569,2.651534774875858,0.23216047955180735,1.219028431036288,1.0113363119111338,0.7923356546167318,0.4525881067452402,0.2351595000924442,0.7246837174310394,1.6456787141303237
3.081688438135991,2.991954617275606,3.3451835596889787,2.832141173499212,2.9186927793295427,2.5451444214140677,2.051418934231534,1.4026173428903324,1.048541957038754,1.1416997241134736,-0.9618067120166934,-1.1511640588133587,1.7452259456604067,3.40498512449295,0.8418669589188261,-0.2311901183810977,0.4741119458446076,0.27278221092068683,-0.0882017207513186,0.1118387384382113,-0.19934754967395008,0.7740594855009642
3.0758441842475395,2.7129119176590146,2.715514931009173,1.931003466887725,2.2426935270968147,0.7417188484179784,0.7660882954342635,0.6586946993789162,0.11742202696365663,0.32155326627451963,-1.6381652243374825,0.40865385043702024,1.1283190017337432,2.046782924475792,0.49548571817513276,0.7426573834922148,0.057256393854120236,0.11987305038854756,-1.0225291270955712,0.08130143262811768,0.6441886085317703,1.0933372270559278
2.057116982781306,2.372361823677927,2.4400911965550947,2.333066789880366,1.741649524994227,-0.5355914247174691,0.2692924629914156,0.19448938767432547,-0.65681486596137,-1.0157310539544202,-0.2908328145270916,0.5919402088582287,0.974306026598591,0.623973369149476,1.501516892811192,0.3888719931544064,-0.49391097983226984,-0.5232557820184038,-0.26312555067336113,1.5680165741557652,1.4099071156125595,0.767315078586046
2.7034146563732184,3.2074110730807277,3.004430880865562,2.4942365263815796,2.331443127347186,1.242331313683273,0.32511580227030173,0.10642623855650762,-0.8018888941348121,0.36064895673831326,0.11536073505897547,0.15655827508328968,1.344271415554537,1.193319806991472,-0.10915132488318384,-0.26466666101033015,-0.6382312243453686,0.40019916234775516,1.8072575528933983,1.840624318466929,1.4102919675246806,0.48483011694721934
2.8357231916801577,3.037450388535285,2.398689681951958,2.4710075553467936,1.8665062557838474,-0.36110078051370076,-0.7040429923170284,-0.6178143920586419,0.24420675541705647,1.8005955072279751,-1.001767564456751,0.4734987787848762,0.6177906716363181,0.46011199778850437,0.20382836975924917,-0.43524444085559877,0.334248617421787,1.2300140558659147,2.1025137168433927,1.8816806615933523,1.1774976010860936,-0.05057195831595716
2.368507031033942,2.4497467587421005,2.4311797029747524,2.279561151336828,2.06108906380181,0.9226062001625411,-0.6058060857775293,-0.6820579327917548,-0.836171925585074,0.7573424749929633,-0.6445121883993552,-0.11796637882313128,0.8992821461660738,0.2529528680561144,1.1448514729853896,2.1014922830290894,2.0556381992891337,1.8956979264310811,0.5999521394372735,-0.22718487946304158,0.5537616909737176,0.5573091077811443
1.5824243360159789,1.855999075175928,1.4828567268824655,1.652359922105869,1.4544010571817554,0.24614498461598736,-0.8344109956574757,0.795939338939976,-0.11991173371503071,-0.620668920242802,0.30667878367202167,0.3951660071236484,0.44505727891068725,0.5766351560474107,1.0793461725515023,0.8348924521564515,1.5695314335251842,0.4495549980279373,-1.1950842658303915,-0.03947740691082115,-0.8710734610301373,-2.591573734019374
1.8141421542701848,1.4180508266411755,0.6936677568433044,0.8945836624490914,0.7827139555362004,0.07247535565346493,-0.0049743358174069805,-0.7165681716680757,-0.8892377971085936,-0.32348269097502524,-0.8569822938391864,-0.08036667039467427,0.10068562498311277,0.8748017944300941,0.8115230017541056,0.06764077238744226,1.3583430283290172,0.2730266179308603,-1.125177287762858,-2.3640649621511254,-2.480272813355706,-3.9377761716743223
1.7669291869615678,1.106613792369629,1.0437179127430707,0.39868823091812294,0.5506484388127898,-0.7583283371001522,-0.3829939757783456,-1.1202281537833334,0.6646963119024423,0.3135012024672779,0.13653250539446857,0.3790940886914235,0.2878168669204048,0.6139278455069228,0.047117117900293735,0.0005234962592268218,-1.316844790507197,-1.4256905793373325,-3.515929514485481,-2.7002833535337927,-4.088701422619196,-1.197593782650534
1.2245206641824604,1.1896490483157658,0.7605744567209637,-0.29227616968268616,-0.26892811655623844,-0.1813684681305327,-0.5342928432111006,-0.6410591589807201,-0.2835946113743254,-1.032845402223899,-1.1065050941179204,0.4919249664868236,0.6520826513930955,-0.5090955915945325,-0.8378289232010203,-0.8631318277262262,-1.0933926624591739,-1.9218149977911383,-2.868759017796358,-3.653417489248383,-2.234995946228851,0.46576670959036015
1.9272858754945292,1.189509248967238,1.075851271958723,0.3416169295425308,0.32058821891666384,0.017695246583612986,-0.7445072025634742,-0.2971810138381524,-0.03641810495369378,-0.08210591194221362,-0.29964920785340826,0.062456239308537435,-0.9733294392110474,0.16281627040918695,0.3411245415334419,-0.7058442952038807,-1.4807726634829275,-2.477344858970374,-1.1612673538336362,-2.000063480743483,-0.5990944533289343,1.0346202014033423
1.1366128787982377,1.5119323839724241,0.8318407638869112,-0.34193561028953307,-0.3668368011347941,-0.8252774793754252,-1.2238050635733557,-1.1566212314933693,-0.12934695779947977,-0.5263548013477658,-0.5437665007390504,-0.5515511733666069,-0.5478258820388707,-0.16161819783731435,0.20929970543878718,-2.0466755212717054,-1.099500124474136,-4.142230975910305,-0.9986965277849641,-1.0816574328012973,1.1856186001981894,0.8202845360495851
1.3925582011355522,1.1181495073449421,-0.7706624855001685,-0.4447687976319461,-0.853825090963388,-1.486360434378622,-0.9458265039038408,-0.4934299393108017,0.27391023510352047,-0.25230149207176267,-0.27784331208436436,0.0074872088424112445,-0.2305896210292224,-1.2461819428122731,-2.253843080450924,-1.107473671883342,-0.5724653894921204,-0.8050905160266045,-1.4359471157442123,0.8905120320542514,0.4028029366694291,-0.2606190722894662
-0.2767893202344759,-0.33590210412298926,-0.3775138581738651,-0.5536603250294055,-0.9232731134681443,-1.1244975462325355,-1.1179482674406005,-0.6646295531123234,-0.14756857054706216,0.13825507585433186,0.32156884125479307,-0.9440115871685277,-1.9733270411259685,-0.8563267671071518,-0.1927188044545082,-1.3457322928327358,-1.6752552959237408,-0.9324513214013666,-1.693316804707617,-0.8016162786003592,-0.7424272307868013,-0.6588111974309756
