script/wind250m.json
{"header": {"parameterCategory": 2, "parameterNumber": 2, "lo1": 3.000054539987559, "la1": 64.9999836372058, "dx": 0.5, "dy": 0.25, "nx": 34, "ny": 52, "refTime": "2025-11-30T07:00:00.000Z"}, "data":
[rows 0 to 23 of 52, columns 0 to 33 of 34]
0.5487646105609171,3.1847047897860703,0.9219862769310554,1.6233228305760021,3.0618758393882946,4.52346771654042,3.3816645779131873,2.9140733498261273,2.886569009749215,5.593282048677803,10.006157049394504,6.1442834707981735,10.022079845894499,9.935923621234428,10.04940323515922,10.994863585865065,11.215211464601937,8.727742991294948,9.963666840268044,8.165124572569558,11.84682387751563,14.604909034657682,13.386689675568192,12.562142364174102,16.78635153179764,10.941872623311765,9.3468932961426,9.843964417584955,12.057130851042539,12.781655553071806,10.999797725429849,10.77636377358394,10.904567442748702,12.948984013463292
2.9863307409988673,3.5480423947597988,2.417015302144533,1.9067196515388505,-0.03539175977925673,2.622001602910126,5.096759601680863,7.121759977672904,8.733378819311188,10.069966132470263,9.937448476423002,8.828782640935422,8.61829222126223,9.375175778897576,10.368618873078145,11.0847483292893,10.468824509612773,7.183908815379016,8.119921668512982,12.149670308021596,8.573745249668699,10.639218119123628,8.866783018277271,13.985737070193833,12.13784919058674,8.528847610408379,11.60239078089005,8.755386455870843,10.554898553652816,13.973366244020276,12.155701695158053,12.661373111058937,11.462559636762114,12.459906683822384
3.1903169578574304,2.0282325153359646,6.480390452984178,5.916114610340142,5.756476049174479,8.348420649573642,7.363528458967637,7.132359498574442,8.06660059637374,8.406029198253144,8.356166550211492,8.059466172257208,8.124134647302956,7.948314501800869,8.254840360091151,9.317311795828484,9.434017246213914,6.929051983776174,4.582118933098967,9.963455892232226,10.223901575779871,10.510909839541377,8.680973745652864,12.102537685758312,9.75005747016888,8.837758723733744,9.03720668409137,13.224069977909034,13.221521167309431,12.33243621840307,13.71608144736107,12.75530262749596,12.721353668425447,11.365664356367573
1.7556847410026302,3.226649078243238,4.512772343746951,4.745070342869088,5.715584898416662,6.741836926747121,5.899239071925208,5.902141271614562,6.44949075957363,6.256395117151996,5.849611868406643,6.049228245597031,6.548266829926041,7.470763059553175,7.6933546072054355,8.446354773262748,7.824390779084019,6.947920656166849,9.082822161157548,5.659592970740313,9.514126734294907,10.10384308955152,9.906769459074225,10.735489476530175,9.080194776146516,9.559269521554576,13.656997524341278,7.5241899873117015,12.734897092959347,10.802560324098122,10.886303368682126,13.427354745454346,11.412137347235586,10.319846632153471
0.9976311866637934,2.5190064820139306,2.550469331910456,3.601671721468246,3.5397902473599565,3.539415735623262,3.918523128200662,4.1225870009483,4.461885554880712,4.738673500984024,5.106634122504156,5.416942830045783,5.873075228685552,5.79290662170905,4.122106204767311,7.748232088822039,8.852401235210555,5.793204814077593,5.784890185679602,10.13717811334307,8.887882646819936,11.081636673980237,8.21281072044731,7.35546195217985,10.071896294119036,9.298868037274017,10.532732855133252,11.059572239225641,12.87293933110134,13.617432721722759,10.322463162079371,12.241176939739603,12.98312890163942,11.789847065499336
1.2509995854250662,2.3968796781212385,1.6282007126239317,1.7373810645287229,2.291125004813357,2.6831257347241184,2.776795510875654,3.056001148067457,3.326620687558825,3.762075074866342,4.029525117276442,4.416453974065703,5.171111954861801,5.438734664190169,5.907070141691239,6.773414919990246,5.2935066576658585,7.222495196004817,8.111611602234724,9.27206276073009,9.422984098561383,8.186774620265089,8.70494201227397,11.13461259715146,9.422603131060917,12.007010387637887,12.418208927589507,13.270452639445793,11.010521425761356,12.022787652674092,12.521800127147353,9.25698533033131,10.153509267225735,13.187173277821747
-0.33022808311798774,0.7925122552222094,1.4247586619616628,1.564569089489055,1.230508760587265,1.4190059218717124,1.9492505878926623,1.81444567474212,2.275961363121877,2.33934213459963,2.072399031246609,2.3301360737397476,3.4490574212004117,4.872630879276618,3.5022043328173327,5.5866326520850675,5.22382267839454,5.543501685994695,7.6334904667305405,9.029818436725654,10.141145310119732,10.51295451039573,7.698392416470386,8.023004552073767,9.085796229259325,10.25409837448862,11.72652358780045,11.535049625772984,11.715380826732632,11.298057722922216,10.860149658207199,11.80650635272897,12.386410909791142,12.43642544019581
0.10476959627745722,0.09639976365144612,-0.15852531196102382,-0.3293329758614539,-0.027101802687093942,0.21140340989030357,0.1624413131491773,0.2611512838935576,0.1871451302900766,0.19556425783883552,0.4216339458071375,-0.7079030226106239,1.3208314369561422,3.4993184364135073,3.8301397579985066,3.969455024534872,0.17255468315498695,4.675657223995989,7.096241695233147,6.338980314141384,8.377976272899518,8.921677697252576,6.480347561414415,5.490764509176941,9.44943221663479,9.28993219319721,9.595487960226976,11.676334035901764,10.221751397971364,10.100515295401328,11.247590313190749,11.347894891249595,12.816352545473325,11.122508538635085
-1.1515832901728087,-1.4155577530848007,-1.5033217497879081,-1.3906643518362536,-1.2749511097100525,-1.5072965636692144,-1.7183746006448397,-1.1501610722029494,-1.316685244101298,-1.9377650345598798,-1.0082645411778637,-2.490557260959087,-0.6839303523746006,0.3039668593272423,1.4124431455562056,0.8390098011168234,2.1694324713923296,3.18165474099281,1.493248981372653,4.552198454352602,7.615401425160993,6.022591573616343,6.440829674298379,6.320966514701843,6.255136923168508,7.580832618136866,8.121535659558118,6.61971864620751,9.83860004795766,10.403727404726773,10.41681945851971,10.741396774943611,8.126639589974674,8.178091853915317
-2.1688480007682798,-2.391925302257026,-2.603675650399917,-2.7180519058444217,-3.243364567318795,-3.8610880379436447,-3.481110638681448,-3.3626792584532246,-3.0793595271134078,-4.194510021804457,-3.0534059303360412,-1.06707874069317,-1.803493523943311,-1.5887805875705905,-0.4263477835709939,1.0477545215810566,0.9367285983569014,0.4534158972988102,1.0318397238229113,1.6273996755618652,3.819379410068366,5.885535609244035,5.72338176175528,6.618605314543601,5.895379479278737,6.569889770128248,5.987996977728138,6.038318985480175,6.451838656545157,8.90363867446072,9.306647349125084,8.79357451203143,7.335265035616716,7.483296647002721
-3.0713107920728184,-3.750181881384974,-4.051389700712878,-4.308173831224302,-4.731035249997407,-4.608276600181651,-4.606713572650643,-5.640972752969536,-6.8211180992429385,-0.17287730443218713,-4.479168629157369,-1.1214079608221035,-1.543205342509015,-1.6599411101063828,-1.8911871236626363,-1.1891513831583027,-2.1462948565267888,-1.6608792671747465,0.37875345510269404,0.5429890663590368,1.634876362614181,3.1277137159603945,5.2563739748150535,3.571776712765862,3.524548582315895,3.5770223831174643,2.9402394717856626,4.235341931681146,6.256781241612448,7.586044645052767,6.30305294144495,4.968072230536111,5.026416737196017,5.585181093465486
-4.41657034695395,-4.927244098920792,-5.5156387353767515,-6.083835528916543,-6.886316163172621,-7.435450795236072,-8.191991222628758,-7.617502927308014,0.5365931889317879,-3.667268809093091,-4.87849155895121,-4.918021673695015,-4.1196610408556,-2.8638073000396176,-2.161191736213768,-3.675128254264446,-1.7980236070573794,-1.1262816799166957,-2.1925417385928045,-1.171245020972252,-0.6907242682725852,-1.3688316230197073,0.9510436709008956,-1.2130589525913944,0.12333671384913553,0.36960189493205053,2.2041530700694745,2.717966768967287,4.22567893359267,4.235688998048817,5.286756837051089,3.7895141755713624,4.661440457838453,4.8765810979297886
-5.899462014721662,-5.9620277761080205,-6.005932305355489,-7.008386872397253,-8.36024802926485,-6.5617557266410165,-1.7864052290542172,-7.298606626636947,-0.2690641247341536,-7.87540398116674,-8.379437444866719,-5.994173393020577,-2.993911827983664,-3.2558931339670347,-0.9727276420942556,-3.6813192057245647,-3.435661852713623,-3.6417081477016904,-2.936505950873435,-3.7661305209687646,-3.7082602816108237,-2.975153303339878,-2.523238712433393,-1.9164585703094243,-2.925798336559712,-1.183315576288455,-0.6030450626830559,0.4756570957859176,0.7133501383320666,1.0279626752044169,1.68811712868472,1.9274114679911307,4.022855534156685,2.873148306384526
-6.014421619891787,-6.086048725995605,-6.39622298247192,-8.013190409216753,-8.009375334928865,-8.37424015674635,-6.4637905279123204,-0.9883640643733689,-6.860686997294898,-5.156694728872686,-3.7117920877562955,-4.4108835231257215,-3.200430669695718,-2.654094431202536,-3.9240534826235494,-4.9590279673769615,-5.942646897987644,-7.3545979103479375,-2.808812191383661,-4.229948782692488,-3.631748811791414,-6.779178844291476,-4.731644933983744,-4.514500566985643,-4.183252377044059,-5.053355954988876,-2.5267403565179825,-1.9911404214528474,-2.1071101676984334,-1.9395191652206638,-1.1226967109923127,0.44732511866504043,2.207003182118582,2.4529522455145374
-5.749526279667267,-6.223384385300136,-7.3508338444182995,-7.221753058849334,-5.069621506357961,-9.732769420889735,-6.555459238308626,-5.0670073466031695,-2.2845109864434177,-4.686420309788124,-7.47677027078988,-6.6104254270167795,-4.097549670553256,-5.546179692105644,-6.790927420373343,-7.6930203039077885,-1.160289310582133,-7.233583607748402,-6.264093148794653,-6.1947886669159455,-3.457420919111378,-7.185895420470204,-7.243907309116636,-5.94333249541684,-4.183362535341542,-5.842415423628194,-4.430120139691867,-2.982107037747939,-2.9516455697319604,-3.4970381947610125,-2.3598102436966637,-0.6217927551279413,-0.059516075959924725,1.382873778504834
-6.129211577533805,-6.87080722288576,-7.1566520028291025,-5.626787528430324,-5.513430785817692,-9.412199919954103,-10.305630323374489,0.07292613931501395,-4.927044195116951,-7.4043586816832985,-10.199909215348669,-9.171028858731201,-5.7643179289910425,-6.969988456427057,-3.7102968537373613,-9.944241321055536,-6.718877046526355,-8.308769590318429,-10.83295595324552,-10.690094521857432,-6.927499189575449,-7.3291221567988085,-5.35327320281953,-6.2808330336617315,-4.8991773135705445,-5.499729199954534,-5.211956807718851,-3.050908585993162,-3.7330222440314444,-4.265224700290915,-5.696441878643667,-4.480309814424928,-1.8955425943460777,0.9612927166830262
-6.2595168024943195,-6.739365006371723,-6.448131722326906,-5.003729990879781,-6.275522973982711,-5.068486260468558,-11.518444813411778,-8.268306927584687,-1.4680254231709753,-10.621950503807389,-10.46334347942105,-8.3685338619195,-4.432035519175482,-5.74552798159824,-3.900802341548794,-0.06697936109300806,-10.99881339610318,-5.965017129530358,-10.433769377713698,-7.745316656169575,-10.45056634730574,-7.851328039454581,-9.36015670924252,-6.764064147758128,-8.015080225703803,-8.300918190963454,-6.756661189738697,-6.6257444771931695,-5.544345680792689,-5.59425028555907,-5.211466813003806,-4.4194116272646164,-2.6420533145277125,0.038527285505073075
-6.049518655714736,-6.477320602516645,-5.873760657253784,-4.543272215103905,-5.87478549395897,-9.213423568172558,-8.661812927832079,-4.902774413365123,-11.6022536521414,-10.159277939165237,-6.115999937385147,-9.512645473544238,-6.531971293242594,-7.157036682894324,-7.287688359269587,-7.777414104721353,-7.597070041297453,-6.836781787078972,-10.683989436718084,-11.92587758128867,-11.675906362766817,-7.472930291444899,-7.829043955761378,-8.010758857993835,-5.763611501359539,-6.339512019816388,-7.807982411883186,-6.892887133817534,-5.989574936920307,-5.369498008477075,-3.2288234252561274,-0.866951745048894,-0.14606495175178932,1.314847155812985
-6.304208672377952,-6.541355801363873,-5.426549253792979,-4.330530488243151,-5.73221392572727,-4.404476708754771,-7.728849351689366,-10.108495740876352,-10.301408676935488,-12.756524693043005,-11.571401711170461,-7.120720516824826,-6.751997828288551,-8.566928923070865,-1.9040094041224203,-10.336993646657923,-6.962858203732949,-8.354040722266198,-4.826923979498699,-8.504116361384458,-9.429429334202375,-9.988257094427716,-8.3510329145174,-7.353832034837375,-4.958786406699694,-4.814369381973417,-4.4261949225505,-4.84514194822219,-3.6601759399019658,-2.515242885318785,-1.4642695787097266,-0.2654471345507897,0.050272069438468195,1.3166635213794804
-6.884082606410245,-6.237996048893624,-5.046881250279583,-4.728573187089345,-2.269686782419187,-5.532401294164488,-6.066356853024191,-6.230908085211651,-12.150061668523756,-13.760053331835993,-10.335608768962235,-8.791278785458662,-2.090614695878974,-7.661528714849067,-6.02543256425865,-10.7264835029192,-6.6896938176938345,-9.230717768611598,-7.263887248560325,-9.717237181098799,-8.017865230967468,-9.308186796750407,-9.648565622617934,-5.815832313345388,-5.958345263877692,-3.3013201855570564,-2.9257535480801167,-2.501554330526372,-0.6040379803449043,-0.024394821670512285,0.9468945184445586,1.4455740644704487,1.1413926591714991,2.3471900771718173
-7.0053128544218595,-6.522448376201771,-5.990468667034702,-5.209806456038854,-3.8578117003659322,-6.7121054192825556,-1.4750542070069255,-0.005400242562452069,-13.320869382966926,-10.779681898432093,-12.194922122570095,-10.723479763604667,-10.6557668492002,-4.6405513060476205,-3.3841150393334702,-9.771373836713343,-10.589820690325086,-8.978158360740732,-9.851906012805543,-12.782441987404603,-10.050126950081754,-9.058580921119797,-10.476506596200153,-8.084909246307268,-6.652843362951484,-5.5714081475496675,-5.8613312896908765,-4.290280843958828,-3.9511864483181833,-1.7033486799843367,-1.4405971762985665,0.2060131988763625,0.5751840008129822,1.3274809998300228
-7.356794004986741,-7.676090775773631,-7.659040408481973,-5.030770611711193,-5.421735021492137,-4.422768972828502,-12.608446246349057,-16.27434161194622,-15.53802788727598,-5.462978154175559,-5.655631253743178,-8.746096162587982,0.8535339286977622,-3.9331339006598154,-3.508488860607881,-5.187906143550763,-12.0331052992533,-12.413273009690545,-8.025986623457602,-8.561018873002544,-8.190876142867534,-4.731625286774923,-6.086954546596033,-5.633700050765948,-4.740190945317319,-3.314492937115017,-3.2587211462007706,-2.019361519736968,-0.03623969319182811,1.7072874115169387,-1.2508486552453157,-1.203959584765331,0.6109475757818893,0.7904921313163857
-8.528565066173247,-9.234535108197125,-8.126029426423571,-7.2300591977890205,-7.663154011489141,-6.487934477859248,-13.490205312756828,-9.630493830990705,-13.518377775191578,-17.108873897945564,-4.75800791478033,-14.761786522687368,-6.615117247567155,-9.362332378183774,-8.278561704099255,-7.993183983946328,-10.634326649056261,-9.118097920788902,-7.3848705598451305,-6.2483638638700745,-6.100449753801925,-5.373315143200055,-5.818634919346903,-4.57769397695635,-2.825624191683614,-2.114860785709042,0.17166166437132538,-2.1984802265262897,-1.1539283517868806,1.972082513192439,2.0664142543503736,2.7981036243792192,3.674962123775358,5.90631603262342
-9.61727637723652,-10.069306012917512,-8.899078480137076,-9.303220494349368,-7.963135120875855,-7.164104780172872,-8.917006694426012,-20.272957047318044,-18.001589087493276,-15.353955715508615,-3.6098099800108665,-7.113351537514141,-4.559156960745173,-7.80329511749272,-7.689247915291994,-4.008985087610742,-7.373516960218436,-5.745552431406762,-5.1830375012148595,-4.259670104017145,-4.315192788810124,-4.079911437749708,-5.494397583242918,-4.380964972026824,-3.1968981268424783,-2.7269313689517527,-1.186521314040888,-1.423144582139318,1.47800054906664,1.9367631984858777,2.3044517533030455,3.469474508217393,5.381592791909861,6.240214871745424
