script/wind10m.json
{"header": {"parameterCategory": 2, "parameterNumber": 3, "lo1": 3.000054539987559, "la1": 64.9999836372058, "dx": 0.5, "dy": 0.25, "nx": 34, "ny": 52, "refTime": "2025-05-24T08:00:00.000Z"}, "data":
[rows 0 to 24 of 52, columns 0 to 33 of 34]
-7.302413866300788,-7.390184142952749,-7.682809005437474,-7.358755644420565,-6.094635466262152,-3.2735808355994362,-0.8900858603836534,-1.7431032611374764,-1.641769747693564,-1.4835525359158945,-0.5135686918598253,-0.406911541501751,-0.09680838045344219,-0.4079505773579011,0.08525349604252917,2.642446790547173,3.789829364934265,4.34046787901443,3.076800592041795,6.11873503011255,5.638608890825203,2.2766958297941557,2.1244837016401874,3.4800595867668433,2.3552859035752913,0.8679504339685679,2.1857140338392136,1.9645639968926296,1.169277764230607,2.04491278467965,2.0413908587190486,1.271563663769389,0.5685266170071822,0.5791188015790023
-7.0746801125546215,-7.432885795479862,-7.598167237321583,-7.718396472078299,-6.619270780727861,-2.3631449207180872,-2.429317306186356,-3.0522065666579774,-2.7593984525865287,-2.016706190040445,-1.1759895582126938,-0.6277316756980819,0.010579378287128578,0.6093945557924931,2.0094432336105155,3.422411587732062,5.671281991005037,3.055872067101114,2.465211282032208,5.642559024311479,2.892374685977116,2.692463582560104,1.540909571160959,4.517222658058885,0.7022021203103073,1.3249692481882975,1.7097424224536686,3.549815288061555,2.603331158663675,1.84680837248706,1.8831835502356005,1.9615502457828988,1.8525709228819218,1.7051811427592112
-6.790113808817871,-7.339628498568158,-7.477549765454374,-8.122748437376275,-7.300874850052989,-3.581457121901007,-3.665494680589073,-3.782411045990759,-3.3680954163779564,-2.877454588990811,-2.3021476209835368,-1.3770060254939345,-0.5711115711393568,0.5406326078468374,1.9142251445123635,2.871745042607724,2.345132463244778,3.349451993713929,2.986085100624231,3.866399707306847,2.2851685833273376,0.7410838519459532,1.7059105228802944,3.1274559249776748,2.469080353007804,1.686017265254016,2.129082021623396,2.2785886651877285,2.2769413200866633,2.3875770799785143,2.1611168365080693,2.4143931188897096,2.3577599666556397,2.4980841935217897
-6.294515915553728,-6.912481460212044,-7.462896774811695,-8.077899268437664,-7.753828590413493,-6.520632899898176,-4.3723303235608775,-4.368241695855362,-4.253408237342046,-4.2201110526877175,-3.294957381472262,-1.4881604934863009,-0.26072512111634455,1.0001806545118421,1.9123681411837457,4.2064000530172105,3.384777072330633,3.546998411465277,6.024392021811899,2.2517795151945874,4.292980143341721,4.60367819775908,6.246701473615945,0.46590043752092825,2.0130171442815197,2.448692441701151,1.7482411293919617,2.234338232920252,2.53338213423354,2.352594783306066,2.72452219971118,2.645091551296624,2.645788104800511,2.784299081316351
-6.0046338651543865,-6.26937508300796,-7.0037395336661055,-7.3391918085783825,-7.750603412420344,-7.056872065241045,-4.709594898554935,-4.043063959374215,-4.597090135690225,-5.014908599130378,-4.05578140728268,-2.0979004969174286,-0.9728055333181795,2.1558173331074526,2.1585467365962185,3.6734885075018573,3.290622542758256,2.3773963905850035,4.312260290981492,6.723522195068533,10.090030128713575,6.409816673623691,2.8648352152330396,2.575716882022515,2.8330627219255926,2.7191022313903264,2.7764031503655757,2.8081183706755493,3.009129043412629,2.7293005667010957,2.8359795385336333,3.2072909188446443,2.7167223167964405,2.945709147615312
-5.964006632256457,-5.85098084143347,-6.059297130234971,-6.660432177125331,-7.160635756553848,-7.241887928747213,-6.640683030117862,-5.495587264940604,-5.016493537294946,-4.749437106237664,-4.601405653657571,-2.991547116483519,-1.219337817839746,3.623563932986685,1.9768138717564439,1.2622915501955558,3.4694752531805504,1.8591481656653368,7.110546183419963,6.167154713097934,2.575116716741662,3.082314244995195,3.3488138481828367,2.3880714006396837,2.511438089209345,2.9054398318429393,2.754164556181976,2.4798329436799786,2.6226582906164384,3.1299238053856038,2.2169458575454923,2.698383169426481,3.1186938139960994,3.651565088062647
-3.5356542897653958,-4.721431560919302,-5.670571098634555,-5.6665383682442405,-5.842167943334138,-5.866383562335035,-5.8198042840531805,-4.6842793713221065,-5.064050019261438,-3.6239127798828,-2.111618565786191,-1.4592069615927041,2.605351885733749,1.8428798565289988,3.8145162815638343,6.967369923251148,1.6343478797425204,4.301460917335297,6.808180175836022,3.501484119064493,2.068806003600819,2.4450497631907155,3.526669562196143,2.899859306518927,3.1150897581860475,3.014747181218616,3.020002621963427,3.3083927733325433,3.0513095726391497,2.5735331361524256,2.132136253657309,2.6535445606519015,3.128709554796414,8.705190860833032
-3.7077280572991245,-5.360248412916695,-5.14638371229619,-5.293002248800243,-4.679342934186164,-4.216808788774008,-3.2798704788515565,-1.9525884946065197,-0.3638668704737043,0.949446831387793,4.283353943258769,2.8401649011671566,3.4090134987578593,3.010107526870174,1.8696068018916543,3.075502361104427,1.1949358669273538,5.071110264477894,6.554938553255818,2.0218941066403997,2.5233940585757537,1.7944976636931267,3.0623386777941346,4.4352461260869,2.580855545834122,2.7774871262762564,3.1425138362906777,3.0069549941725255,2.180249309005825,2.433672701013152,2.63545408014169,2.713925025315322,4.1351519011128595,9.168392109449073
-4.724279029833192,-3.415800815089117,-4.6066555939411264,-4.200972582748075,-4.492468368224035,-2.7066182187549597,-1.1006157350618493,0.46105546460521973,3.7699774050963097,2.571443775483916,2.86212575128161,1.7963160556123832,2.90168920178004,1.2665140190994586,2.7350696287444585,0.6635548242522195,3.8557995304347914,8.301372303843399,5.3423625069631075,7.3476274467687155,10.889698506559348,8.130122761352066,3.8423741658083856,2.9837875295929037,3.0708523953155527,3.1192787900572307,2.7308447058794747,2.2806554620634807,2.33717318606836,2.1578261304833286,2.6311115888380687,5.564318534417982,10.528310490640553,9.701108888113897
-5.070856738939803,-5.252936126409993,-4.32446340340357,-1.3552525419986792,-2.9366517374740058,-0.7914127264823955,1.0936956087113796,2.160549694465674,0.5388115976380666,2.6090159853508434,0.8189276439733569,2.0525162544662763,-0.39946342762001746,3.073278219334075,3.818374231354412,7.499664547885756,4.377127489984242,4.046207324803395,3.7675740423092465,4.226783794294739,6.616841219430384,3.1550131478403483,3.4199996152883263,3.122336508026042,3.0892818703845246,2.9481726437025015,3.0297566412207195,3.3063119263248772,2.8307457203032724,2.730684579396833,4.4933689539226265,8.986974372154735,9.92793164553087,10.881543738984647
-1.13617059588662,-4.053066003175516,-1.1545815345048505,-1.2667061482801913,-0.9559211964492651,2.619095576760938,1.6683661074437615,1.303705917452708,1.9232132762820444,-0.48801115155483205,-1.8686124420587251,1.7809698178003859,0.4559869961803822,1.2713556061791396,3.1034862843999296,3.87762987744775,3.0722323928932607,2.0678498972839385,5.637083925687802,3.223082976695857,3.367162788009882,3.5516620651164272,4.991402620199878,3.209862515544975,3.3958701138645084,2.9882312875565664,0.8599756087747946,3.020206523458765,2.382542386843046,4.175109396436037,8.401884889224805,9.516259591177239,9.803234224412886,10.253393278690174
-2.213835051384099,-1.9474722457461775,-1.6459719847181662,-0.2627840582055046,0.8643833959018862,-0.0842719115518514,0.6844555993755125,-0.7298950896663546,-0.28339570129700564,2.157544143454308,0.1313301228987928,0.5160667819186555,2.716081722150665,3.117508733970997,2.67434376297338,2.2340717888677077,3.9506741898488,5.586503347514404,6.152158265143444,5.837675126599994,5.213096568643568,2.6700632920563043,3.3446201479385476,4.269950953647624,3.3429632454690172,2.696278082449093,3.361631430870536,3.2461795641728797,1.7638131093155736,4.382614379595014,9.11020832116934,9.54383028195364,9.526861903762823,9.600054078534722
-1.5420420015870704,-1.7920010449126826,-1.9005491821640288,-2.326025901618155,-1.8913350753142442,-1.8448168666422535,-0.9033499867871347,-0.4212189235399732,-0.12784589699743126,0.41937269885942674,-1.6752293508534744,1.4168105018281083,2.311747525248978,5.023260275586496,3.671965772593683,5.7623821371154,4.071224938117884,2.780479261882817,3.066118290037589,2.8593995933790675,4.7052664802720425,3.8641134523353022,3.8371371566278665,3.701259269752524,3.9582564489499923,3.0611573370590937,3.7813299276053205,2.7510726398030365,3.170962810191002,9.298370571906052,9.130892323306782,10.03709652150438,9.305856089137865,9.453031368905474
-1.1892880805653814,-1.6771272645681616,-2.8674888195001365,-4.881476875278582,-1.095246051793667,0.5611957147263535,1.4165594128478514,0.9604627394105937,-1.1499345178720608,0.8022018538509813,4.605938861446287,2.0343149799988955,0.016370939800321508,-0.08549985166566462,3.311980399656542,0.3315652470228846,4.379439073133699,2.65147659873044,5.407659501839297,3.109699803652671,2.7016749390772055,6.474476610138013,3.6176772448322017,3.648921460405852,3.875535460439722,3.4786904885009164,3.0425579008661696,2.86351143088872,2.472553904208903,8.689730718380865,9.861904841926245,9.416265577723058,9.175573576884855,9.662914758811333
-2.266559485714552,-3.096724058289609,-4.040025298732609,-5.994778982816926,-4.029512068682228,1.0146628500790285,0.902698978362902,0.19421075172436297,-0.6396197706862385,3.6612204620069786,2.1617570283585135,1.6248856738646793,1.1153212013350755,0.7200944944228602,1.4382338189283879,3.420314135920849,2.8531749916157545,2.0733611524029376,2.095418861988065,2.678869407199983,2.9821135511306998,3.400576787319485,3.588958508268588,4.224517552694931,3.383696266573699,3.473815293154942,2.9128007791907304,3.4134940039466053,2.6812058537063614,8.903920715310004,8.39450137665773,8.812326564483772,9.649112071049744,9.076844365379177
-1.9364618582316715,-2.642039903180179,-3.8127738089268743,-5.41823871387171,0.5213152896926847,1.1564143327370655,1.6552147544105955,0.9078614037001183,0.9286141683828467,1.8449526051191054,0.20673407864415402,0.7252424873358947,1.4067665937923755,2.6018577106882375,0.51092468428862,2.444803781718142,5.352027159335921,1.6747935402057632,2.2977770827734774,2.380556570855406,4.68931877007126,4.3260180701712025,2.2945188101408425,3.4091550530964336,2.475210886402396,3.3519727802364674,3.437437756205942,2.77853784558774,2.768510275056789,7.677766747000643,7.54257801580217,8.648279661207727,9.351181410413412,7.956555880531667
-1.636349638256462,-2.4546967078427615,-3.1431382389836275,-4.254718084088725,0.5708970156309991,3.7012235934572164,6.184188563755491,5.050858438686941,5.6722755797834115,3.8880152825182397,1.4702593030935056,1.2935338981521345,1.2368098895396236,0.3384483348568878,0.29282289777410253,0.69587969515181,2.2676986172835574,2.659241006675417,3.4802421961486347,2.806373704994142,3.2876855392631614,4.450464988855271,3.2941147871155856,1.996440009861857,3.2624792816913732,2.904276950724948,3.1545036239158737,2.427166750738979,2.9645656195115793,5.987244489993783,7.543034141034089,7.7333550491051355,9.234279456974486,9.033915363486075
-0.7153704991761782,-1.6860029993299872,-1.949965651750816,-2.6135888818236688,0.08975260290878435,2.2747642164349795,4.415713999467031,2.2014463353211413,6.292094764904375,3.924225488418898,1.2660874458662608,1.7206648438679149,1.9910662818608835,2.515436472522864,2.3188313022485607,2.899342118996329,3.9447018661319095,3.024765102672471,4.090598484434778,2.9103220352497363,3.920355039703926,2.9501825428753348,2.3465040000286272,3.268376649853851,3.857692123540627,2.8273672145429196,2.7370068115634654,2.753706648120011,2.6920248251414747,6.214730953564126,5.238649964976136,6.88471606929998,9.266417624516736,9.94041715585571
0.012371677843863359,-1.0179383754333164,-1.2935413407032499,-1.1810405569143065,0.20842382666132636,1.4006233718318009,5.63902390479605,1.2323963034953085,-0.06407939851579252,1.0327118461735456,1.7277579309173383,1.2961248581126226,1.6974252540222137,3.0732041182038015,2.342695152714605,3.0683459774580557,2.198031310866224,3.565729511672406,4.209531446208539,3.4539720368530316,3.4194447558807375,4.594288757981375,3.4127771116817636,3.3058967076185857,3.540127261108896,3.4905454158744793,3.3302277516805434,3.96806512946188,2.4911084022978165,3.3069959966645546,4.48002160086368,4.793321386183452,9.293261175731006,8.894984667046756
1.0952532313021672,0.33367480407651834,-0.2944205375235728,-0.2617957917209975,0.4981272369471947,0.781620028433469,2.2807599761219164,4.351965766011399,4.321661413334045,1.398404160088746,1.3891649358908438,1.2134023857898006,0.2706570712840953,2.495623895824188,1.6788844882116276,3.4508094630245183,2.909490670719155,2.567659302040494,3.2341582107325633,3.601883700934142,2.7059181971525295,2.857906937648259,3.792334796744658,3.585827525499585,3.7187573991174903,3.179567478684756,3.800959781771707,2.6824565489270937,3.068411520002171,3.10562876891569,3.2637899998023214,3.2168006216440914,9.219441545526713,5.904134063842856
1.1541957758132242,1.108214111295838,0.6953142958518476,0.17563841698458654,0.21657691656724343,0.2829496666137534,1.342874969759128,2.766365908112767,4.414204383737887,2.7074029209101926,1.7745602331233832,1.0175843012515386,1.244200547305012,2.4724470089280612,2.4762078118194792,2.6794839005130084,4.377402895995594,3.308785342963727,3.3897958949431204,3.54912105788202,2.864048131680515,2.9991629421679047,3.4847972090060377,3.132075636547116,3.0052563484216086,3.05136525004122,2.9479495633833666,2.9347812276198013,2.614583512870179,4.643013240554306,3.3229319987991293,2.971892362336905,6.60242619419636,9.578981451327309
1.3730919773177943,1.0593644402039106,0.7465812765419493,0.9314092455331352,0.9565979373918837,1.1580188440131514,0.3961592274355041,1.6266425008522882,2.153106577238729,1.3901452110857941,1.3218778821234656,2.0398947704144845,2.2206073731739027,2.183847613185572,0.5055865459547584,5.100098851865981,3.1499471430210644,2.7671965399204215,3.3879416874330026,2.7813560062380924,3.331444935415796,3.4196525601503596,3.2368249630102937,2.882988060069849,2.783078191560319,2.5697884237656425,2.765989181690176,3.4376339132858065,3.808016635764467,4.916695391456657,3.650455292397656,4.064823539170918,4.280594833918166,9.524917010244824
2.9040625711786436,1.4285576512113771,0.9373024694013672,0.6676968545436965,0.8946464825588004,0.38903894792986154,0.3392198045917245,2.369783723615881,2.1631296447813537,-0.06498638325077863,0.17482921707867355,1.432204889597143,2.982553828370753,3.1877345315967713,2.4055927505119747,8.074421233820921,3.1690252583516134,3.8026243254734156,3.196983591381074,4.0362588797461925,3.3297081401172126,3.5809076739001346,3.451377909865766,2.4138157956112267,3.013402889792944,3.4473702554344046,3.9012334128798605,4.283460394755974,3.7583715663818973,4.410081654620178,4.154654242065291,5.7228081585045425,9.173407060599521,8.562294833694459
3.305364648701272,2.500875283140646,1.5136445672114707,0.5704848496124175,0.32108044994539714,-0.7148975313581634,0.896022283306432,0.6018947213089655,0.8022473776400253,-0.06269316687099416,1.282616177848346,2.4656724403043073,2.1576413396227556,2.3840357841446593,2.9395629154138567,7.7268135777107165,4.411318227384594,3.3278764385589943,3.083842794516991,2.9908050418607073,3.8078870185346396,7.41808669316127,6.030835687494986,2.6076275683169388,4.218984011654009,2.6558638767553173,5.753471161844162,3.274467383085576,2.825061452589095,2.7131742089728577,4.475082541586024,3.525901359776186,8.301327379529926,7.73126669641493
3.49269390405799,2.7569281967271078,1.4167851211457418,0.982409303352322,0.9078352586124283,1.0470658049601909,-0.29892983839002235,-0.26200913347665955,-1.4288323320187601,-0.4598730980553845,1.3027325163140429,1.581223976739655,1.9953985142181156,2.6672075321624993,3.836826936954026,9.534947436890981,8.518433102324213,3.058145091928747,2.934512277638471,3.0147148798904873,8.496420165071818,7.405657626837266,2.9633106645575387,2.587231880083932,3.102513114265944,2.772029079576094,3.539241241033433,3.0466631126125603,2.6903342303463935,4.0480978438641655,4.837982672410423,7.628982307887812,7.548444357403084,6.58351002341747
