script/wind250m.json
{"header": {"parameterCategory": 2, "parameterNumber": 3, "lo1": 6.000198445256149, "la1": 58.999992894266676, "dx": 0.5, "dy": 0.25, "nx": 22, "ny": 24, "refTime": "2024-04-16T00:00:00.000Z"}, "data":
[rows 0 to 23 of 24, columns 0 to 21 of 22]
3.874625276330983,0.3694476729504519,7.644227994261382,6.074627344826177,1.0644850340970744,-2.2293777656294487,3.733157111943949,3.528714247514848,8.284604404744668,7.330853625459765,-5.46634177998254,3.486927108350055,7.206506456905383,-3.1735411680465884,-6.827643423684792,1.222695665925128,-4.706364778255688,9.20934517938075,-4.815823016673425,2.462886976582857,3.103039735310752,-5.4054504980913745
-6.49309561888448,8.692120617026992,2.841773835122849,-5.209204211294423,6.221853701922967,3.7751021711342307,-5.354251883763268,4.192488168093722,0.9407506188992736,-0.887420096741383,2.8340766711537233,5.43157307165474,2.954727292079226,8.21822254774078,-1.4458107145709875,5.441521301268969,3.334692162445291,-0.829584885079757,-2.8330971768118918,3.622269032384067,-5.816795352346439,1.4493261696926905
-2.0599400154506347,3.915186381601829,-0.20996957190681811,-3.06298726010994,3.7072293119477973,-4.1382017159484,-3.435272356634035,-6.184762665655032,6.038842669715289,-6.557034600587575,2.5391152278306865,10.687049027963015,0.4632614720435196,5.453438238510143,3.733536059811378,2.3697801837988695,4.846220198374217,2.1245131424139707,12.283629404597809,6.384727221705452,-3.5179283353501747,-0.6528587169082174
-2.4411914254351323,4.207762551041533,0.8076093316473948,3.0522065907467937,0.15666655437495672,2.8262510553186977,4.3242927580309205,-2.797684487115057,-3.2308826588351915,-7.612074859907648,-6.773438165570829,-5.325892149669479,-0.4023792576948786,5.153033108421224,7.216765597247619,-1.377488544313909,2.4646043535769766,5.772817328106978,0.8929865857424344,3.8488925949939787,4.182405669573365,3.857808786982623
-0.609058452685484,-2.320987949874401,-1.7093061829966356,5.259465524384819,-0.717461435108229,1.304065405781578,-2.191903036350642,4.614581039313788,-7.30722805306334,5.524980108279055,-1.2096482364411976,5.45786527679478,4.175717558460407,-1.2466266085815179,1.16750710363597,-4.081455011777793,-2.0094889700457217,11.477836628111532,-3.6597287529038214,-5.92356423636963,0.6773594165792397,3.7123220417694736
-2.456106772829674,-1.147485296156222,-1.6797135332982196,-1.2424924863945803,5.7402076789708385,6.656121689370268,2.7048224705443418,7.282118174820193,-2.000795341180044,1.282726691824721,4.003201792779524,2.0678605807520842,3.3541727819188747,-3.848866858569033,-1.4129585272070653,-5.343174465769368,-3.8554930037633848,3.4231646428169675,-4.977197203839539,3.997122198366796,-2.5967295842826172,-1.622738621307493
4.7860801458459115,2.837300570491722,6.586248207898099,6.308996967714964,4.1845828406698065,5.128520610375809,8.718161993735249,10.875919907543159,8.907774462024404,7.650159830116451,3.5938725216697396,0.6171994754836477,8.411437832382893,-5.354712390115433,2.7343333770695035,5.129938122927781,2.336707846706284,10.42659238999816,-3.71288762608164,2.4916509094211925,0.782130612752226,2.2708860952138914
-3.8454847201449938,-3.821456743096958,1.5722383863892044,6.533179769539121,-3.045143859092838,3.7332683625017946,-2.1936040693177206,3.747560901611428,7.8967578630709205,-0.5213389573667342,5.250624732599598,7.999001070170134,0.578850027154782,3.106697563460694,8.070126234635406,1.7284799107277977,1.4819783468448657,7.223256806832328,-1.2882693358467694,8.595931764281566,8.565077060346738,1.2350660357169474
6.869127970120641,-1.3920616478799988,3.45824328685097,-1.576175347487708,-0.33817165059400245,7.897041492841638,6.048586525506676,0.8237787329898619,7.725090758371155,8.294998989521945,-1.6209914690336935,0.8010973414939946,-5.273943422498637,-0.425225248451825,-3.0683925038336675,6.720389259495959,4.646715217781888,-3.9895921962267815,11.889961838976342,4.83420581504315,2.640040425815844,-5.725780994935498
-4.1859745828911334,3.1773981490550107,-4.909419784078126,3.5664116470714897,7.650329854874258,-6.470077061987359,3.474028010080432,-6.363475969540046,-1.002951155868434,-4.247189030229133,3.0439060301707785,8.454199379865592,-5.154227533530233,4.045756189300637,1.8398059524259418,-3.116083173365341,1.9711644390538878,3.424655062910898,-1.114383885357968,-0.7257450202888044,-2.4559438527252535,6.526098408779582
-6.7104060042592435,-5.543759489533772,2.2673075790087234,8.69849829593796,-3.191261104321544,-0.6303535403673041,-2.4058081305819474,0.5608855080881264,3.8039437093641917,-1.4257640593893777,2.9905570734609954,9.409417441855208,4.369707597105429,0.8727807484930034,5.048372285842328,1.5075890906476643,2.474091003719534,-0.42748709927356643,4.689236499733372,2.308393128434281,2.019177376434161,-2.982796470897932
1.9242206400739,4.311630795530636,6.972133684526649,-4.08275453857938,1.7324498676265168,1.069495982885409,3.0472247023930876,-3.1274065330871736,8.835738523309587,-2.3964810597116832,12.191516621509718,-3.3808535788295795,-1.2237708002841408,1.6994862733693878,-0.7456263346910815,-3.9646069528996604,4.533664922311255,-5.5376273773000815,9.165304282707341,5.241358832094395,2.9504370490633445,7.944186811287012
-1.281821390914095,-4.236453368886347,7.497642489560908,10.217353796230691,-0.9781787949581177,6.496138259536642,11.972737725254667,5.134232283333588,3.5145136983176966,7.959797395434475,-8.066990175661202,4.0785523435977655,5.78739690227413,0.23105877009744544,1.0204928387698804,5.779508251106898,2.9672716639485293,3.3747729777128903,0.8380002433955179,6.002373772036534,-3.00820874271159,-0.3604631808898152
-0.505683305974043,7.186096744872783,5.472991908019317,5.270683101603729,-4.3827757628323285,7.049606885154932,8.54404640571128,7.125506854571358,-1.0680815222137723,12.340712373901827,-1.2016699804718982,0.07460863007964398,1.4181688574571436,2.595789872440703,3.3935051982385427,2.364379423943307,5.968453222929114,-1.5087303069021805,7.427193447242093,3.809825412515482,11.601369067661004,-4.874326243827063
-0.16240591383812766,-2.69508943890705,11.235830336674145,-4.659699480400258,-1.25510910224978,2.5909603111695994,3.1058081577643644,0.39332213630517415,-2.320866691937749,-6.027054488687966,2.5924083467418777,2.7313979108600552,6.851594221301713,7.849739249531187,-0.6596580546075406,-4.320594967212934,-3.305180931987513,0.516370228871297,-0.6697323547404431,7.046274517944451,5.307717641958943,-4.203654269495806
1.6749102524899746,6.515801333132562,5.672426672273913,7.02330165082486,-2.3734119366515984,-1.1922105878806926,-2.851243523396532,4.815905920807546,0.03654561932075054,7.903822660328061,2.882915304173886,-2.5257265123377612,5.752558974198258,3.688371071592571,7.657549774275316,-5.129766051998995,0.06366691110564864,1.1958176933178943,-0.5540906462148474,-7.46199471083333,7.0007184969841845,1.2701969202205676
6.34855042175879,-2.6127215868686147,3.198879837892335,7.819041117750241,-4.013071437534192,3.2180128946642044,-3.5725934730814846,-5.011563657303853,-0.03249912494300128,-2.0100772575948778,-5.935289609987434,2.666868683292155,-6.482173651914341,-4.866301484380611,-3.9300838929570903,-8.060295211427983,-4.654014455529597,1.7054078276885551,8.398992068405532,3.081960497193959,-9.194470483253507,8.301918419006345
5.295505942305768,-6.820250047027129,9.985523888143039,-2.9814796841300932,3.189304045987474,-1.272079355154349,-1.3627018595001361,3.8042528479470397,5.2434887751156944,7.804775570682196,3.015231107945683,3.264867406641256,6.265032530500409,-7.781498893490765,3.5949394727079387,-2.955099168984989,1.404802670694412,2.952748078219153,-7.146060693625391,2.199609644351767,8.245101366778313,11.883452515646818
-0.46217534824211,-0.4340376063225009,-4.554976086820423,-2.902062935920301,-2.3547223711400043,0.29490507620111817,5.78976145346671,-1.4548318810712424,0.11256677558080827,0.6595809445663874,-0.6662631454266553,3.5449548214093203,0.41554450806763643,3.574549793332268,-2.600874887967946,-3.332561454051789,1.2488920140408681,1.6034561061964758,7.251384294969593,-0.6398582756773888,6.575939437666257,7.328760883563986
-0.6402179053648049,4.602125566382084,-0.1422345422775193,1.6038908449136515,3.5585516561078556,2.1660320126703407,1.3521529717197174,-7.843592315910947,-6.300135742411865,-3.060476014026695,-5.33234216275403,6.6532886580397825,-4.977442412069959,-2.0903745123486863,-5.3665655594252915,-3.2303403094910297,-3.6746447417463464,2.0591114875498313,2.5326440917569304,2.876150223809011,-4.383001795515219,6.838960296190854
3.4144568633286956,-0.0925799500086814,9.859683806191375,-1.8087659420101105,-4.688593563719901,3.84150984864547,-0.4087154616498229,2.931673803070308,7.432206383126384,3.6095075090484583,-5.560143303865108,-1.0877583527419625,-0.6745394973158747,2.858393639809631,1.7753959682444462,2.306339041561718,3.4956000703552044,0.5609172963956971,0.41214556036771677,-4.067297780932985,-4.874306199148204,8.10969453167505
-2.9594384114443693,-3.443218113957741,1.2059667737500799,-3.1390545872636566,-6.4487428451306865,-3.00913870670863,8.650362003549516,-5.322293294702641,2.226373882173782,2.3273228564375805,3.847699654199757,2.7888123297492435,-7.714821094411924,-3.4035790847772227,-0.2292256287440479,6.025188607190325,1.677375313505257,5.298752333321853,7.319418574042215,4.504342326967185,7.208977340628995,-1.2783464792348702
-1.9604804386245378,-4.354600267480808,-2.149717652684524,-0.932073522874331,4.088273660711693,-0.1150613892523398,-4.315293840165577,-1.547389493515826,-4.350177311102365,-0.8083345241226669,-4.543851306513038,1.849718792161455,2.6367982711556337,-3.3618343162040762,8.24435826506418,3.5401343000960277,6.328954899765914,1.066643962066938,-2.015379920260214,8.535186056068913,2.2863488162981205,7.679501029917965
-2.7660066451830008,-3.5023075659244958,-4.6010127151304845,3.964574976684733,-1.5706119327617323,-0.6299816552386854,2.687285054708624,-0.522980100664491,-1.7780822950339947,1.3059657251341226,-0.30521414347877235,-1.8279249226111212,1.4338379328614994,3.7526822985638426,-3.563781589283966,2.339912364767726,-7.169639969130869,3.7567868311966404,2.635186919638142,-1.0885723476426141,7.251530176872881,10.573916548933653
