script/wind250m.json
{"header": {"parameterCategory": 2, "parameterNumber": 3, "lo1": 3.000054539987559, "la1": 64.9999836372058, "dx": 0.5, "dy": 0.25, "nx": 34, "ny": 52, "refTime": "2025-12-22T12:00:00.000Z"}, "data":
[rows 25 to 49 of 52, columns 0 to 33 of 34]
10.501379602309317,10.602960475265657,11.535564319078741,10.92975671998577,6.759922110615731,3.4456764588721045,9.294275289590628,1.5940949385873258,5.453546495351273,-1.750810186015091,-0.2986258725273882,-4.313142656267512,-3.4156396797580526,-4.636235742762195,-4.146230987165864,-2.6562654279241937,1.1741602235571995,0.6973729089503156,-0.34745139888762056,-1.0875458603716617,-1.3250028737194974,-1.6321728069449495,-2.6552314538160458,-3.6961334316541294,-4.664615121719134,-3.701109831051894,-5.078463820984376,-4.301821152677829,-6.084617579151774,-5.6961718550193305,-5.126085973702575,-5.721120873172099,-4.603197271115041,-5.3511478422517715
10.820096819356362,10.823474127755823,10.54912868684152,10.816183732046959,10.480457834651917,6.824734765409437,1.2059851454282375,-0.31844886142003503,-1.1864511761171077,-3.071760576192349,-3.295596021148735,-3.169939875647453,-5.538147630253214,-2.4235909630887456,-1.3841893491821675,-0.4720238180983275,2.543247960316997,1.5618084314091585,-0.6274211108717491,-3.124871942127355,-2.013115394371866,-2.7940565552855845,-2.6150713332042557,-2.923293011960651,-3.0252336861118856,-3.4628715502213665,-3.8284197643869367,-4.060633330043743,-5.099113018576383,-4.3879970527623176,-5.208390683379732,-4.6215763356257105,-4.790230111961079,-5.216785538089283
10.309568138627972,10.676091224496195,10.231185663543119,9.510258688481949,8.395122017225873,6.790234998293517,3.2787395102401296,-3.005416594695846,-1.9013915116455566,-3.709905495026001,-4.718023931231436,-5.909033041761635,-2.8090765057785054,-1.0105503123765205,0.31497906811457244,0.48902770810952106,2.47786174192978,1.5486988196465805,-0.21513690605110294,-2.0023004153225594,-2.239748366949556,-1.1949070255298546,-2.5471048989567286,-3.48220389968872,-3.391415376465123,-4.1945409123168735,-4.579655186111933,-4.531899407666349,-4.800198946127276,-4.195804886375755,-4.472401171196249,-4.252928615005929,-3.880851251329928,-4.569997036540288
9.804855464877656,9.70764564611893,9.364398835236843,8.481376319402347,6.861504587864896,5.970818310664721,3.7983713635125427,0.4696812524647532,-2.796064597222461,-5.405494583036958,-6.031115307240025,-1.97471081067118,-0.9319298860890571,0.3065302619991544,0.813047088991986,0.9227352999315006,1.9082944105008681,1.9631133150064373,0.8460108783312743,0.013105162603058338,0.5422723295914043,-0.19157822266357227,-1.6812420315913101,-1.5044903349658927,-2.1167493600196234,-3.659147849587392,-3.5419901504787066,-4.637090565945642,-4.349360226663273,-3.837175271508971,-3.4311723129688,-3.189269537460346,-3.6390771853551276,-3.9743318781128916
9.275836776102894,8.812322163730459,8.542252311027879,7.976093857948195,6.712033157187826,5.444685187362006,4.001534492557662,2.9591724574348963,0.8296303248468685,-0.40950249241903863,-0.7798667428195821,-0.11677014386960051,0.7037651546750097,0.5938624867111739,1.7026345235677074,2.114207879504705,2.0249084387492293,3.636362539484829,3.5643254278438525,2.2285345886289862,-0.08701254242907722,0.7577910741287239,-0.9002428525426627,-0.5705533707347412,-1.7841328731233057,-2.2446714843919704,-3.7921936496148385,-4.318618561540842,-2.6466871687734153,-3.298523718630196,-3.4709886584270007,-3.5506652380685444,-3.31745807783681,-3.7190159426176037
9.422254925791046,8.715038919149627,7.791358185573478,7.13264564056216,6.525047519537408,5.358135442071348,4.348868270660445,2.9942356724621755,1.9859830426690677,1.3542846421140053,1.263406036903028,0.9967692760822048,1.20816272472846,1.6386488869680471,2.1249525321159033,2.5365325527053537,2.645411701443299,2.787741819327763,3.1284142327548325,2.8148917140249883,1.6514202876754023,0.8770989133963485,0.5141406852702181,-0.29994690915169886,-1.0793424963882372,-1.8321251606722457,-2.956208329243536,-3.94252329006746,-2.3600221823300322,-2.89172553972292,-3.6045826576773106,-3.367684339504831,-3.554655970041753,-3.873671852889573
9.095673460292993,8.736553463164407,8.145876776204883,7.100660333136995,6.0098004031205114,5.528188773787922,4.339602278440574,3.552979205573742,3.251161915687553,2.1598027081215863,2.168004102611257,2.418109430743995,2.289464629539955,2.7050200397470356,2.872829447758775,3.4808039001578557,3.2853182556387805,3.614352087370448,3.1780087302231097,3.006962671265671,2.072524412215292,1.4586166565811967,1.0806689722358112,0.7860298319520754,-0.12501250225707095,-1.3188523162043662,-2.15172452136582,-1.9458352406880595,-1.0694975633224983,-2.610625312271352,-3.094888272555477,-4.311298577362124,-3.3088268116831108,-4.07906834004654
8.33767219839494,8.005571341796186,7.660184240089163,7.233243416460673,6.069476302482425,5.4311754884390755,5.082193051534764,4.0498534230759375,3.8797046375161237,3.557934601090107,3.4008000425013636,3.3660671114514336,2.7511382233395776,2.8901875363554606,3.609627163823639,4.05911275168332,3.9203452803062517,4.267333958789666,4.125451473791616,4.864734904241601,1.9529033768462485,2.2936841987934913,1.5950598902114084,1.1736179581938038,0.8274664488729796,-0.6479289874358223,-0.18272067837068795,1.388418202554006,-1.2422260720864793,-3.8676901169950977,-1.9251043911989756,-3.5752863780788235,-3.3155228719467336,-3.8252957311527083
8.329786761339872,7.472970261521687,7.354171017300848,7.222403727975691,6.835000644810015,6.034507622631339,5.172284705008228,4.570163138938097,4.1815102577259395,4.092547502451989,3.108987829940648,3.6745205660374114,3.762509846646466,3.4139447312154374,3.02829440864498,4.089394234404398,3.9464909730802633,4.284870650052338,4.2104827957961986,4.64983393519772,1.943719233806383,2.306088896432817,2.1086994991580834,1.6745937851576014,1.5592830186732443,0.6403914319734322,1.0778041953252555,0.3146466797134388,-1.370147977941428,-4.529883881470701,-1.966286625152161,-1.93701139963679,-3.0581668679407747,-3.2168584280570016
8.176443198953379,7.918874900457933,7.327325638059838,7.214125119820006,6.661996418268147,6.2023911945647665,5.823359775130153,5.352832404544978,4.209252519248536,3.7805384020303796,3.1153840538471393,3.8582050544733537,3.2409476548613187,3.7194759387331713,3.788480261104432,4.021392453715508,4.023985541872162,4.379162623835252,4.736672056900311,4.002175712631892,3.4094375548949283,4.044431112561739,3.5020356344101535,2.251680750841528,2.040634630596144,1.3795524747982801,0.7337262567020012,0.3904859701269501,-2.3068914005938215,-0.17752294526934898,-1.1885716206222292,-1.6411956113709358,-0.9472029092594083,-2.4856231510433813
7.861775405444349,7.7054253047656465,7.33125350183134,6.8126596574784575,6.792144810101441,6.168398116496423,5.945604258019716,5.292776853397595,4.59329543746085,3.8883619287450126,3.30832835813586,3.559490654364038,3.455239511217264,4.117451251413082,4.010769387349006,4.445978278019109,3.620155060081251,4.172928109924474,4.387678787198353,4.909220937864373,3.572465150079218,3.9264888253754724,3.6148126055128396,1.5679229560364882,1.7353024567404713,1.3856071632745242,-0.017011942273698163,-0.2746775238518048,-0.5081813663054532,-0.681759731602658,-0.17999755371278917,0.017304539448991234,-0.8896174579416704,-1.4124577096909192
7.60211055631552,7.995775462316759,7.546583159016879,6.690515365482434,6.701053431987199,6.183068960046388,6.078804243795756,5.3591837427425295,4.078411922767478,3.685605042354101,3.47412718051041,3.316560496309295,3.2991621544059773,3.5785806069165083,3.6944260858392006,3.7282492267892398,4.255253327280667,4.377189071442358,4.625576484573744,4.754703613682873,3.638871864637554,3.1219745157712437,2.63226913463698,0.6260214651013337,1.5972002013538609,0.6394456690352471,0.49300966371937743,-0.24911026035638525,-0.8631980392500033,-0.3126801069922153,0.19998342101531297,-0.6677724407692865,-0.26236990359720086,-0.9607152676939354
8.049271480544789,7.850786925835767,7.6847648480114135,7.019758916941702,6.8013569183357045,6.314977372396775,6.180420025964658,5.838056352293203,4.181655719075413,3.103776749364486,2.7671851145162596,3.0276263992455212,3.1290591821126474,3.4294157821515006,3.8616140520687825,4.14855202281741,3.8470629542594303,4.380657049564876,4.910831599660611,3.4270476789711135,2.8430565264787795,2.990456427921274,2.2327175614847015,2.3040216651943517,2.2721374732966972,1.7181442108959144,1.3035275752685702,0.6592801546248791,-0.6920774598660917,-0.25679296534125995,-0.1749196448448243,-0.2873422541790248,-0.6534104924971864,-0.3581958820165664
7.861316024355129,7.7182185922319055,7.5797142657422345,7.401082411222924,6.748827324274386,6.6989107621976665,5.96253344901801,5.422144904584689,4.049505009324915,3.272130497240174,2.6110528598765397,2.121248563734616,2.3114213366625287,2.3166800146115705,3.7331022452409384,4.348827593299976,3.705845212795575,4.075608522193098,4.1044414276628824,3.7918564572929063,3.507362204395456,3.70257058841157,2.31344998088563,2.291974470260546,2.79594394751672,2.9761178292719257,3.176319891516759,2.0888957995778425,0.2524013448526383,-0.11984269521986819,0.12407539128229436,-0.560002038913807,-0.2953401774998026,-0.1345348072975789
8.621172866406804,7.68928273634915,7.649863585191074,7.082819749265166,6.626202823043652,6.284041530700857,6.04727575102445,4.644622877723462,3.812833426835966,2.982073453490211,2.269122963046535,1.9405388649788142,2.2910651669488384,2.493789617848055,2.8696466923195683,4.04384284644534,4.259609396213588,3.086351905670175,4.05569232195915,3.8267226296614196,3.77715777428689,3.4664694634349735,2.807855430729032,2.583725737157815,2.915437496592618,3.3942670308721277,2.382042971808528,1.2679847907424504,-0.9195096696645018,0.004082013009125944,-0.24885038074783775,-0.3715525776378129,-0.08227083176554245,0.9411556442304105
8.369927312585087,7.872624001742753,7.2113908682820425,6.539497891006633,5.740369932662873,5.358351599130337,5.33409520139505,4.683175488477814,3.917804977392314,2.692232036628755,2.0524824607851877,1.90874763822593,1.6669475562638565,1.3614917274632226,3.1216148190944932,2.1181417395603845,3.42536687939145,3.32646776219112,3.3883661462749983,3.9117170656602567,3.879432197539687,3.6825464922816575,3.239846263962164,3.0302672993540374,2.375150120440546,2.5580618711972574,2.5166240449998627,1.4010989704665369,-0.6054782438980322,1.7369197572642086,1.7852676215138468,1.1806457700273183,0.12191192997907783,2.358098428361626
8.081125359943357,7.957284138546114,6.796891511665748,6.489980678341747,5.650674685071402,5.120768688397266,5.025874591463551,5.050430560998459,3.9054992390407475,2.970830111792518,1.570602465718715,1.4088125578437762,1.7685278362637948,1.004744422091835,1.011991627512499,1.1538635550354772,2.367212285117927,2.2453573473319515,2.084800138573355,2.755410983819747,3.451912129821954,3.801379933081613,3.6647039640904437,3.622050456277929,3.3717633529381184,2.9085972356123118,2.333520062168277,4.917847086174555,0.7671182789046129,-0.8701262259686388,2.7472051548066054,2.623446656627767,1.4823739339417281,-0.762539639836527
8.38900698234009,7.426562134436516,7.079303450622772,6.354020645602383,5.828457012466266,4.861711945108884,4.6731375457635504,4.451307635716552,4.02508750502486,2.6847878092190034,2.203081243682052,1.2803188328009711,0.7387096861885455,-0.01841112408659682,1.1517157493264945,0.7591593675486802,0.2524193347869659,0.719601625721907,1.451704236639013,2.523165782192077,2.457654082583119,3.7094763483360933,3.6511847992966975,4.306776883885416,4.0547690203414435,3.637609447635787,3.063374373644613,3.3693144040611456,1.1242186878849978,1.9857784765506468,2.6355080251256475,1.8053183406314293,1.1749537410763695,0.6474811721033777
7.893866875520566,8.05659646873709,7.044430027134728,6.183753430326695,5.606860790686033,5.019268060166336,4.299500329128731,4.016550044927447,3.761843656790899,2.9133620777938796,2.137315759388396,1.2486627599506848,0.46262303145902184,0.4772557360071444,0.3261701164021457,0.268233883208628,-0.11481959921270395,0.24181725076472574,0.9841903179603059,1.1949625565847262,1.7009038517348845,2.63182297325887,3.3794003798496934,3.9842850787866047,4.317921671668396,4.347766475587306,3.6072768069586787,2.8784357332505874,3.6479881314115166,2.1956338160530833,2.6379916124614504,1.4810988488053392,3.0988212539862126,0.6309017503717587
6.940297926918426,6.798367951232432,7.060347948587881,6.412015546864939,5.405388659785159,5.051830835244513,4.351234341738054,4.0608062630413455,3.2225387065268847,3.1192482497455503,2.354955727452696,1.5732277686563896,0.7670876482462997,0.4477729443116393,1.1075289497153984,0.5940233965888534,0.28257340648197254,1.1539413645366043,0.21047897105193952,-0.31791800052954344,-0.2975114533094375,1.8473772466887346,2.309901892907982,3.2276662558003055,4.0426972435057245,4.262571852307054,4.492629934617203,4.024780262802333,3.3776573373645284,3.0169927281503917,2.5442192548736298,1.413673439658827,1.468799663127522,3.044889292502977
6.6215521387432315,5.986690545328126,6.128137486819468,6.177874361295528,5.439994749031153,4.867270686906826,4.186060752208326,3.785842429825011,3.1443209603357074,2.836608988762437,2.6150242651355002,1.8567350577489916,0.9742028368476944,0.6945931009589806,0.7549345264952055,0.6284492879445175,1.270807748912233,1.5913022188449386,-0.036636018191224994,0.045402795913861885,0.30125774901512514,0.29787663323569197,1.3320043113558255,1.98894077592851,3.192258435005851,3.9746532889312918,5.386262626914051,4.677857786692351,3.1633455355116857,2.1726086885158353,2.5643767928857253,3.5625928161492566,1.2349572811591367,1.399909367334617
6.675273170887746,5.853754745509735,5.752688226786919,5.416093966710532,5.1372590704790975,4.5713420055398,4.3611677824746335,3.8228586426140376,3.105325290763792,2.226978399910645,2.363444807149337,1.6945111534184754,1.147962475281604,1.1149301501677795,1.6415339966190596,1.4682715136783406,1.5041402182136248,1.7253458381679336,0.4098951278426943,-0.3785855232479714,0.3638816143129404,1.1595749383403244,0.3741819843858646,1.2757980916827367,2.2508602548241576,4.533577524680142,4.813982330283533,4.054820760709578,3.423168918674197,2.8059864440668476,3.048467596130553,4.702161045399983,1.7318518582615647,1.8875422489202145
6.730321088301944,5.91055173811714,5.217687129069925,5.066143578100869,4.57142324104281,4.205408372997163,3.6573513190220255,3.7220813020071657,3.1532978627484605,2.956913551434192,1.917370946265291,1.787118415420275,1.3169120367050449,1.3036321576187457,1.81885063424535,2.0117935972824146,1.9655537658449092,1.9122488159634732,1.0801197646205616,0.6481983403503465,0.1832624566549781,-0.11776792398885311,-0.22350567317352754,-0.0816960679083606,1.2448423581342514,2.639376067354928,3.462243286803114,3.3154436479262532,2.348498953442028,2.5757035939788353,3.575432022625937,4.642655270010921,4.654464007146193,1.9726752464197956
6.873939690848424,6.220146068507681,5.572795617195624,4.36182273947375,4.73593424713185,3.813068135164653,3.137378189481739,3.096624565353683,3.337756699235255,2.4978380789090324,2.8619311498818587,2.3741293104922025,1.865633767618302,1.8753168857371134,1.8795791990321626,2.5108510526769345,1.856320956540501,1.9352740444993597,2.389832497296294,1.0374608907256933,-0.3348274075303488,-0.9631290152783151,-1.0676579339290595,-0.2177938749308255,0.03767637827828494,1.232640254766457,2.4685950307983298,2.6922370203609693,2.337024502869032,2.3733062262124887,2.483745404583684,2.802210688426585,4.726049711650211,5.810758077680014
6.046662473418032,5.996126444925253,6.412266150693531,3.979071024333802,3.5907340705544977,3.4516000664874116,3.2272448132644995,2.4679583122648787,2.6160175400785066,2.6465828076441844,2.835677372747465,2.6938191630389037,2.9282603137604633,2.922790533830117,1.8577598811158675,1.4706468987359183,1.8157929584098718,1.5250909324517425,1.5187780213862454,0.801598950871154,0.5475813322649429,0.26202395677140916,0.37943564404353275,0.27316059080006544,0.8945771018450526,-0.7945490893649881,-0.5567617317907289,1.7021594129445448,2.984540671795625,2.3669810107101243,2.1912118715616757,2.2287880123568558,2.6979489143333724,3.3473307147047318
