script/wind100m.json
{"header": {"parameterCategory": 2, "parameterNumber": 2, "lo1": 3.000054539987559, "la1": 64.9999836372058, "dx": 0.5, "dy": 0.25, "nx": 34, "ny": 52, "refTime": "2026-02-07T08:00:00.000Z"}, "data":
[rows 0 to 23 of 52, columns 0 to 33 of 34]
-11.598170012906843,-11.88908004702408,-12.17608643645533,-11.933920667697539,-12.731929759944476,-12.998644087339644,-12.693897546387074,-11.72052750955413,-10.995358590000201,-10.325909794202522,-9.453664513588743,-9.04461554757242,-8.666553377714907,-9.36559951876324,-8.934553940666646,-6.026886724684074,-5.775252115584397,-5.850005082928139,-11.088821302434733,-8.567078646455435,-5.268961890389448,-0.11169611863090859,-6.904126806838606,-7.21738651192875,-3.8209930535648353,-0.6366175213242203,-3.756161004860541,-7.974201078447382,-2.56826777361095,-1.07110968521108,-3.401128757099321,-2.4192713627851754,-5.929268004065497,-0.5562441187170143
-9.260646203319343,-10.198293671336495,-10.538714408420981,-11.375024936065577,-11.980713618058477,-12.191578410098026,-12.881389343809392,-12.6696561805042,-12.026836269875398,-11.948012359747258,-10.688435345314913,-9.619456594915455,-8.514822963329818,-8.468900173081147,-8.973230489614576,-8.671265892046454,-7.188340666648442,-6.371804940064192,-15.179280238020112,-8.053734942793097,-12.010917374468308,-8.776433467120127,-2.08111617424847,-6.2130134568758235,-0.1680264682919861,-3.468063087909812,0.27765679208353666,0.8751352972336822,-7.06426997227932,-4.416024517386298,1.6665807668703723,1.602875685951279,0.21039365512534253,-7.088425211124447
-7.12672090025208,-7.366018535126091,-7.8083966946647125,-9.0982574785802,-10.512784943968036,-11.154896263389212,-11.28502538427784,-12.446846256116924,-12.385180566112172,-12.323294178744483,-12.65054406292589,-11.403147915181279,-8.416138081776841,-8.425546173861054,-8.710819385107937,-6.508129063994318,-10.665596192964733,-13.182244437335527,-9.673128934308135,-5.461240464352306,-9.737018663948602,-4.3505625681669,-8.19119933043211,-4.666920811015301,-7.782126520813912,-1.6760671972680758,-2.9076394900728,-1.677585616375017,-6.587169642969742,-6.489199980883181,-3.2242014009185573,0.3816975185235518,1.5141928402153921,-2.678108676848357
-5.5879978211579395,-5.434564600019313,-5.1362192258949575,-5.645550882296285,-6.318937918495785,-7.96816383512432,-9.324858501087196,-9.519585147970064,-11.659190178123254,-12.846951920351486,-12.928068786824443,-13.216101132750305,-11.055820358909179,-8.270455427689525,-5.846643382639133,-10.460173859829233,-5.9169551551687976,-7.824037405958876,-10.932090152831998,-4.861363082206166,-14.178123221699721,-7.95233320659684,-10.01508018427417,-3.227147896303293,0.18198971202324896,-2.6287724073520033,-2.8953400363877657,-2.6510010118686145,-8.495306287507729,-6.220128462377378,-4.877538390708161,-3.1868301120601092,-2.992359721752592,-1.3502990063447762
-4.545233328498409,-4.373235475212085,-4.808680333041831,-4.337987987589012,-5.035709671393541,-5.921209334049478,-6.68074350546404,-7.643335794594478,-8.659475356801128,-9.634215702952801,-11.812486169040373,-13.95281349570517,-11.671634061124761,-10.234525619463534,-14.211949213817176,-12.208106202059911,-7.025333095726366,-6.637499749450356,-6.744989654071808,-9.964355225119965,-11.114791549998518,-8.882303744399145,-0.004694471753331674,-8.416058677391794,-2.734107322195086,-6.443647980280545,-6.388180663177597,-5.360536451140068,-5.849702096847203,-3.464479954051548,-6.565735556242999,-7.551943785033793,-0.9015160596737346,-2.1197977935972205
-2.6267990238286636,-2.2618132444407664,-2.4028514353004957,-3.314497797923827,-4.161982875004257,-4.807102717138675,-5.482288347439825,-5.3908566608729,-7.81413558294179,-7.720307281037068,-9.27521128290115,-10.71616523313602,-13.910048426822318,-11.867173937847282,-8.34572950124898,-8.601717788928092,-3.2526311989636754,-9.533327714853934,-13.545598450457804,-13.399268988660078,-5.127042927592763,-7.859252022683372,-5.319847529123219,-3.8978422661217915,-4.843548319434106,-3.5065269971482973,-3.2436651131041017,-2.7790974899004492,-3.3228913199081513,-8.048575340975743,-6.9623855345991865,-0.2846809960111289,-2.408337567530925,-0.9304643186759646
-1.0585302384052893,-0.9315824550658598,-0.37534590370131465,-1.2754944616309138,-2.0679172945258073,-2.8077363699817113,-2.9952580600673087,-5.259236646304554,-6.013207341554324,-6.142446674994148,-5.057670793562542,-9.626327515631838,-9.134404332932636,-11.376504803429892,-11.386604408720723,-5.409055250588022,-3.621962267017825,-10.919097264034944,-12.334993605857397,-6.293752561135712,-7.394066366658681,-4.946879665486697,-7.586365829661002,-7.572166369689617,-8.177547295189608,-2.5103415827356965,-3.8175560892389693,-0.1119683269060691,-3.3405820355818676,-5.84435126223532,-2.662510898991232,-2.782226267191682,-1.4873118967998886,-0.4003966911829858
-2.171669561593211,-0.007638054293781729,0.8864119860700325,0.771497271090857,-0.816506060823027,-1.7565390562684053,-2.075328748577418,-2.27288269215364,-3.9005854058990086,-6.274122764211727,-3.188291293611262,-2.6064191625435598,-2.074333230533234,-6.283607776763673,-5.154243800493877,-3.3196241456898403,-1.6229711056692673,-2.1674571823470683,-4.331914495460432,-3.93638383546013,-7.683983084404691,-4.992072538331532,-0.34430568710593973,-0.8192237805614161,-0.24393319716660633,-3.721856633422348,-6.368360767952213,-4.161368132224292,-1.1961524051556776,-2.731312323753065,-6.63687521188103,0.41090947527601357,-3.2330236239447987,-1.3654423441138548
-2.925009313401988,-1.128730304930984,0.96844368751406,1.8062504384669886,1.455042671452305,0.6731893884144947,0.35804781107894595,0.1338675031528342,-1.1092490103747543,-0.5416051337180262,-4.796746539140835,-7.160330830633727,-6.986787065908318,-8.13112947424018,-4.553557341804358,-6.879766890347942,-8.24324196798892,-2.3414065772044625,-9.100315791012708,-7.644645457355908,-6.77894888797447,-2.463265580236735,-0.726095079511747,-0.20760138215538562,-3.6409032748542978,-5.406861209106395,-3.387511968478285,1.0161324547664627,1.1736405297888775,2.4187989686093365,-6.295887255939088,-2.623467979843458,-2.028052527994927,-3.343063587839889
-3.530679550358449,-1.0245505702335032,0.5385727301030436,1.057935690166052,0.9974569892348832,2.122202218746975,1.6849787732052461,1.3436416236294941,-3.4019433472993246,-2.6490147968809765,-3.4897449729030656,0.8451071921745418,-9.613130264768028,-0.029905974340323563,-4.829114838546724,-6.44742490555154,-2.5286664781328114,-6.8268987976339695,-8.964616929477735,-6.403038707129976,-4.828556880775629,-1.6672507079899013,-0.594640793262494,-0.8553178159879116,0.7663366632974857,-4.746708126776335,-1.8641899715859171,-8.15255774154222,-8.720521299683128,-4.117758813527266,4.086697468398965,-3.933050702120688,-4.6269122489955095,-4.595462250344418
-2.8826672873370622,-2.650083215817193,-3.2339339996626904,-1.572656241185516,-1.15779097179407,-0.975598319276966,0.056771345298086084,0.23992691017278578,-0.4591034315282994,2.3817663480639633,-4.935374280182335,-5.633492916206471,0.8965463513663244,1.4346860942550277,-1.0236273001073573,-5.736005687621961,0.45182082783299504,-4.048729245763116,-8.531802666719985,-1.0895876914693183,-2.781427445398294,-1.6980206527500965,-4.929454325355257,1.5266843504654375,-6.359243869572244,-1.2743080441262358,2.67039281896528,-7.803454232909161,1.0677630552596913,-2.7626364032936332,-2.0243630981758396,-3.483351926682694,-4.72997058056064,-4.856202492395627
-2.550563901575782,-3.0161109764462646,-2.574804014633813,-0.925781798505211,0.1671594115702385,-0.09852422801551594,-0.049356476737153085,-1.598876654341182,0.8980389398101623,-8.631608336844032,-7.744818376367794,-10.357183797270576,-6.205702553036015,-0.4316655749274366,-2.393759427605729,-0.9253213539217321,-5.975905830989342,-6.189405134482541,-5.8003895716813005,-4.715140537644979,-5.214335593251609,-4.931193298190523,-0.44830751521800577,-1.0959862355021786,0.9493577824591425,-2.900466339910142,-3.4473960193465527,-3.6842243555229968,1.117697631254874,0.6437779547855056,-3.061872046343684,-4.156859509379511,-4.704053967820957,-4.605710332349779
-2.7846732597949444,-1.881178314146484,-2.3976609819717174,-1.5339699647089147,0.11073255714705905,-0.939354263264094,1.1309800916028978,-3.420207901635445,-9.905653787967964,-8.491682234074593,-11.186436996616012,-11.092810539447745,-1.3958842127546305,-3.2309755772224453,-1.0667553884202463,-3.3436718069554114,-2.0769922661758797,1.067420557984437,-4.69550805136475,-1.7502613789283608,-3.2962964814216824,-2.4978053088342,-3.075200574064698,-0.39665185157778393,0.4090023390660668,0.1684443968892017,0.7347827910385871,-7.033404102245913,0.21352137840291943,0.45686617666874324,-2.1173015333530834,-3.5901082456105637,-4.522062984832693,-4.4218819666044045
-3.053437338130797,-2.069698229450163,-2.3500766680414364,-2.6703496347435727,-4.561511846494739,-6.1532333613158166,-4.109652167504763,0.6939069232121087,-9.739263556355892,-4.383659250436015,-7.126328052135407,-5.089743932340413,-3.183737390396741,-2.78505503456698,-2.0122437604811587,-1.391657275785813,-2.840168553407139,-4.576368303789151,-7.0747579294925105,-3.3593880342856943,3.9874636046727034,-5.685354669110135,-2.882591368415111,-2.1939298108713925,0.7251338051827406,-1.6046351414662645,3.058457263489539,1.5648821849874786,-0.140609924015471,-0.23275476532430817,-1.7534883842116744,-2.428318547157461,-2.680841841949109,-2.7948604173141534
-3.4937730948770342,-3.357203236409023,-2.485470094906162,-2.941670353417179,-3.525833648377514,-9.438295345661366,0.062679035006899,-7.70979024830576,-5.1657367595888735,-3.261725691825751,-9.56701609897242,-4.092191934770669,-0.5796336996151696,-0.8216657392492757,-2.483370799256162,-2.5190633874454944,0.5420256941208774,-3.527028397886833,-2.046323458938205,-3.0716195070018526,0.45106054021684044,-2.052086376661143,-6.169456661697219,-2.9616047674228367,0.7404425605811946,-3.3571327243951408,-1.279000195875181,1.2339796133987577,0.07860482321891546,0.5372058295041598,-1.7702065931887945,-1.2741609313144477,-1.752114848924438,-1.8050791479163917
-4.152108538165074,-4.048323006360265,-3.490617637981542,-3.9108230298821565,-5.458422774738391,-6.309652177825688,-10.35748587547951,2.5733851962926195,-3.8387235334693672,-8.164658784202958,-9.745542512260046,-7.0053178619194245,-0.6957779145393216,-1.3175006403636254,0.7283207191398601,-2.639869091809258,-1.9993507622850197,-0.6402848121936123,-5.202650787324184,-3.9253310749859667,-1.9250071499533097,-1.2257215048996974,1.399055223632815,-0.5542273142377611,-0.8432483881889044,-0.8523264570940164,-2.8600596921720824,3.4560335639864666,0.31829625572105025,0.5013509480067956,-1.1844361715785328,-1.3232756149910117,-0.9261625560239487,-1.1116946820806102
-4.280179543684193,-4.58323173224975,-4.663832813391307,-3.399237540145999,-6.250352290227219,-9.733406786417767,-11.250254935106183,-8.734380052761649,-0.32532798810456737,-11.167301232451893,-9.56096094014071,-4.628689164527195,-0.23843489342974633,0.43660977220794,0.2915861316195055,0.039875900797683536,-4.747759302681735,0.04397192008412441,-3.5324171420598955,-1.9328679034824325,-5.770159978261071,-2.214861365989155,-2.5258801589140827,-0.4368559058349902,-3.6907934123992243,-1.2109887102312586,-4.8796147518189406,-3.2387017359157038,-0.19260263414254788,0.5848885570234887,-1.6266392107205676,-1.695005693772953,-1.8827310089273537,-1.5158286690509393
-4.951135475831457,-4.682611572220797,-4.742946345085268,-4.3216315782165635,-3.3267576641291488,-5.291158836046718,-9.702269303096413,0.36924295502439125,-11.435797909733438,-7.229891612234466,0.3910928372047322,-4.7940164949517845,-1.3616386679478143,-1.264240016940721,-2.682963044005047,-1.9832302001380888,0.666824538627122,-0.9506384291537064,-6.3892281019484685,-6.1513219641160255,-9.655532346803485,0.5209041509438986,-2.363668916141201,-4.612767470978941,0.12213874342384536,-3.735427106242391,-2.309582937532472,-1.3610669570929235,-0.8650088932506017,1.1181512892516894,-2.0139205172055847,-2.813917496702367,-2.890545833410092,-3.245023748787057
-5.409834969261344,-5.34905725705583,-4.432926099313402,-5.0245497783126885,-7.870074839899494,-5.1127391693575115,-7.02459975136639,-4.372481009748245,-13.547957542424173,-7.589299278250642,-6.726693548553551,-2.970648380509168,-2.5351283967968303,-3.2210212788171915,3.3268357795487917,-7.275318932568872,-1.3936374811976784,-3.3403498797092834,1.2513551331524013,-3.651354955158388,-2.638208526760259,-8.249327335524953,-2.3821114742363863,-2.217010479620843,-3.1869642248660273,-1.295396704034344,-7.188734599343497,-1.7916594017973433,-1.5812248875770154,-0.6332260921457044,-3.415544109511142,-3.8946255143719246,-4.877252347263141,-4.924824920050358
-6.385345218339879,-5.804089205820477,-4.798787759085516,-3.402909201666245,-1.0590756798431933,-3.7558110954144643,-0.38285852193412245,-3.377976296147476,-13.69182042966448,-8.900286891755748,-6.850102131057259,-6.254324991739307,-0.3414182107027179,-3.9132484284859723,-1.237958429860659,-6.6433923973605395,-1.185762499888423,-2.325771007320758,0.37050998490139797,-3.0487032136132473,-1.6294336040064394,-3.8579841445628253,-6.970219356294792,-1.8241642246000396,-0.9254517395018739,-1.6471308498128618,-1.465705196010535,-2.855256008889993,-1.9386059652050347,-3.8687723789110615,-4.003036828397137,-5.089533609878743,-5.853663916402407,-4.036168095420443
-7.042858080959939,-6.538992710971454,-5.929870650616894,-5.650123873959422,-4.132938194937301,-5.1988007777693355,-5.895502212322582,-1.7692601154019587,-9.819488389137856,-5.7405899849419955,-9.99360212178598,-6.196079966501721,-5.153870044326016,-1.3717318973617023,-3.22160068715388,-4.248779631598241,-2.401783796566528,-3.3541192318600594,-3.404704592249116,-6.742264202515556,-2.3075816841474523,-2.80900500398719,-6.28997417908433,-4.2113292681811565,-4.351657564657042,-3.097567152385917,-3.2115949375945743,-2.585935196337971,-3.563844044229434,-3.3692791883009154,-5.803923654385929,-5.338914329178415,-5.693715433448508,-5.225055804208691
-8.119072018371666,-6.690058594641267,-5.995747511438868,-4.838016911321639,-2.0422291213961037,-3.4500267195607903,-11.422358201841629,-13.40604950696454,-14.567438234307721,-1.7377869321239428,-0.7403925474717331,-5.1647768975522474,1.2179934830998413,0.8209544389117135,1.433601801507755,-0.6550530110669038,-4.669128261204704,-4.559888665124894,-2.300194427399315,-2.696031526937493,-3.513358725262594,-3.1278086018844395,-5.597905416944868,-3.611173801000863,-3.2513849999767377,-4.392568755222804,-3.5380979532425787,-4.028682132726872,-5.212507774750931,-5.039834261355647,-4.356322485830491,-4.26890240561011,-4.093330590347125,-5.350103561738431
-7.752202165414051,-7.189098886899649,-6.664170423915671,-5.823253595907927,-6.53643503831972,-4.068356233746118,-16.728666012594044,-11.051158871445898,-11.646221425051147,-18.809197281139618,-0.6694417930396185,-9.22124506320869,-0.8287584842132277,-4.639636501451622,-2.79244978448086,-2.1670150007212223,-5.168793041155357,-4.661599086003423,-4.124926832170497,-3.953613044345046,-3.405069973774656,-3.9876459937830266,-6.716669442126118,-6.155547353791478,-4.131952203704898,-4.173377235084898,-4.618679335999232,-5.027928588976933,-5.56256053847632,-4.984537074612932,-4.54117653079879,-4.096294086394379,-6.265340935950983,-7.124973759430114
-8.225939999689542,-7.2800756160774,-6.276754856558763,-4.786184348736128,-3.017008496476583,-6.341700327905734,-6.761328322319254,-24.90873773751446,-19.9746421207937,-9.36316374622783,-1.3961291495691863,0.8187380659179148,-0.8355891635310536,-2.419815582863175,-4.565569630471745,-3.489250862270489,-3.326550218901644,-5.994653315669468,-5.642115513077672,-5.9758344727193435,-3.9784403042930556,-5.766015543821355,-6.277788861703847,-5.745520830674464,-5.017057358523727,-5.3741644871288585,-5.907231830815957,-4.893800798771503,-3.8276828102147507,-4.708352934692132,-5.396636375591875,-4.956987835888968,-7.326198779696312,-7.94796472395189
