script/wind50m.json
{"header": {"parameterCategory": 2, "parameterNumber": 3, "lo1": 3.000054539987559, "la1": 64.9999836372058, "dx": 0.5, "dy": 0.25, "nx": 34, "ny": 52, "refTime": "2026-01-19T06:00:00.000Z"}, "data":
[rows 25 to 49 of 52, columns 0 to 33 of 34]
14.186024288734467,14.232816485686579,13.383318599838908,13.340435448541845,13.561363622637144,7.0211436913004235,4.140395625093495,-0.22650220752711914,2.1534258699151856,-0.6696389140687651,-0.6598705882034284,-1.8004445465810006,-1.2543757009830245,3.0321327945996592,3.283144592179309,1.9670262822587672,1.5623945039087712,0.9428004391056236,1.092050987715262,0.06816346406577012,2.035523045529417,3.4056206968049056,3.0801374834652018,3.645791032146859,3.5533271012208454,3.3195319099650664,4.668505433145103,4.669482386050687,4.8333071105744025,5.551444655978852,6.095713103024473,6.472612878556201,6.207546323756442,6.167001980790951
13.899836307822822,12.696445632251603,12.188282365464884,12.044164306467799,11.68527128658816,10.76963898459417,3.8084848632744848,1.3023775297734186,-0.9180214647594251,-1.240710506696447,-1.3667626095696435,-0.7598847550534344,1.7681153446986035,3.474092342296427,3.8299967929339487,2.041230371986882,1.6108334617536455,-0.3478559275703519,-0.19036190187432855,0.8677323457609897,2.492979229606684,1.2992525284381151,2.764843367216475,3.4547439215175184,1.4158830335993011,1.769348850234844,2.5694938623549204,4.493036652288142,6.069190528802765,6.680723972178247,6.010482089106681,6.657904190688618,6.430768348633578,6.455917609190111
13.11663363478639,12.258777131636919,11.216481144029478,10.653428022433982,9.560610572047683,8.492553706456084,5.67540861128277,1.0033785139604912,0.9306148478858235,-0.8985436359444652,-0.4010986021022359,1.3419444779949259,3.1315754945166314,4.302443061219884,3.9757425492304432,3.598595726978231,2.4241712473200203,-0.5118488550111399,1.5375310659427317,2.8476623727945873,3.6093618951508004,4.79108390967976,2.884212312078097,2.7552905891589687,4.024041418262834,4.125715154219871,4.161942902285095,5.213743625122239,6.024351674157809,6.864240496367601,6.309811742021409,6.94504535097115,6.238575460167075,6.657833604976957
12.432534461272498,11.312781836363015,10.823262794890638,9.641430163535441,8.579920044273901,6.916138911783845,5.921144892845577,3.107931538042732,-0.010779363703364554,0.20162497550734265,0.8440172478687752,2.6009914409044983,3.7773900651930794,4.067438522559991,4.600104924239517,5.171265436340872,3.5955599574366515,0.9198641229025887,1.3103609976571067,1.8073162644346066,3.603864233657134,3.337894743548283,3.912252811514975,2.194577491390368,5.314691302244882,3.6491015898700354,3.924644465662685,4.28184894742532,6.2562023487340115,6.745928508516036,6.747950898305716,6.5912928793387735,5.061777292103477,7.042109275956598
11.067874264240364,10.721024004620942,10.100707179094844,8.598043331374255,7.968104724802948,6.276019194622214,4.891438362563327,3.661060255132395,2.6327266658070636,2.199212772182047,2.422479111923415,2.85464455696683,3.5653696570927695,3.8290522804165583,4.278167226311019,5.029802605831585,6.533510007723268,2.600562285771892,1.8431443171116573,1.939391014069688,3.1374117545025277,2.7245876549482193,2.4372413259146124,3.2202420133107132,4.753747644370847,1.823315012230801,2.2970235149837346,5.690808800314312,6.509030677230822,7.221710631844986,6.843820865082472,5.656118776533155,7.920717917368616,7.870909945377931
11.048080721143773,10.093261920756763,9.380251258226032,8.386741037476412,7.683610298524842,5.98408209918267,5.03715372402876,3.6850142233144845,2.628726488976908,2.5398653526136346,3.3113364082199506,3.4747783945437316,3.4126923391638173,3.9321448605271714,2.75160467969529,6.210642689505282,8.040332636454675,4.3463818144686694,0.6484102492021812,1.097058117212535,2.4294689050880676,2.790311132607298,3.17784283051337,2.491325954964824,1.564592140925018,0.6462449462894451,1.778789968491419,5.665029762347379,5.649828625938012,7.118949738444943,6.630274572136355,5.089163253324143,8.323271533449729,7.862757792267316
10.977772079241518,10.221589322742268,8.70353748287047,8.014307247459595,6.869915511583673,5.895847202432244,5.502205438463865,3.9931300893670416,3.0986004079560097,3.045303577157718,3.65653880230282,3.768766234493552,3.6790220259862205,3.395853472702603,2.8612324067658284,5.622680820778104,6.124373159941322,7.428896848213666,2.5318541846515292,2.5816894720059342,2.7106599102730087,2.605725142011177,2.558511097662148,2.764883149519172,2.4419716857984253,3.077635679911831,3.7324014082474277,4.4360054362964005,4.993112949952251,6.94551622990359,7.884825935938779,5.617926724385665,8.35870529801564,7.731955402734024
10.551773217428298,8.939443183558687,7.932542606288556,7.4764407491773435,6.760128818690776,6.012517634428477,5.808294410845581,4.7357760459383025,3.7969262624249613,4.122619954904298,4.245848973386984,2.37270812783484,3.4827684096735725,3.194776830273769,3.4566810455491646,7.582224791397313,7.51793855288728,7.605809656873915,6.794490170373595,1.1932401495812262,1.3979356966289638,3.2713371569618257,3.201886665541248,3.580166152704917,3.4444994559116955,2.8747431413031896,3.1878657170373152,4.816477627338394,6.636378467512325,7.093798925910362,8.061816461007488,8.549932510432997,8.644056356107983,8.311000811640497
10.30431419572773,8.383843117940389,7.871125526681753,7.196601727131843,6.756483847444636,5.9645099859083714,5.971143541113172,4.590723542485584,4.1890861792960585,4.094183826702066,4.361398321181272,1.9888206457806008,3.3897163102972825,2.896182990600014,2.419128222832389,7.667683126022696,6.74431618886271,6.074371530035023,6.7796421080904885,3.6526453311832494,2.403937764358478,3.2614622416175285,3.1938576877598823,2.2802355648653845,2.626057273965281,4.086523880258388,4.011549396049486,4.574243895987366,7.082595542754673,7.193889681290404,8.825863876206938,9.47289246625536,9.743897770788056,8.933382510581
9.435144011041192,8.57235236189629,7.746916687576602,7.00908430120916,6.6474881592089226,6.093996839564876,6.025269648499199,5.015112537221155,4.40394027979209,4.793226808355025,2.543071550531676,2.643394105967823,2.554845418749417,1.593527810217449,3.537895744185277,4.5238699339779,7.546087856490438,7.006197655455192,6.643381892887818,3.8408344819988387,2.678375367810384,2.79790716324675,3.8931721850760166,3.9121064778902217,3.7926347863344763,3.5077250695015647,3.4932545569307494,5.750629102633011,7.001849180822544,7.265220433855348,8.424254657617022,9.390240068513357,10.278214043535911,9.831019135372896
8.809079749872573,8.552757164856207,7.340667170656953,6.7283832251898135,6.544455779948747,6.049784930038558,5.831213819058903,5.307042243410447,4.819637361515162,4.994459290335386,3.669157823633392,2.9460974238144466,3.422982199167414,3.5405850430687136,3.654632825682951,4.9583085523427775,7.390284870704668,7.404099633156249,6.579307726081675,4.887470868654913,3.365881503591628,3.582793676578414,3.5087325022001346,3.281028635290652,3.222083564589711,3.665552003267661,5.568091412834943,7.158864728278302,7.939632307902209,7.870080343884195,8.657970377199863,9.319112273846184,9.763902506715556,9.10889205760597
7.7977778194476,7.7105127187524705,7.6471845234470415,6.706807379239247,6.741951245943303,5.945672460763867,5.577704201997425,5.696035078935542,5.2928860591461016,4.543219737937449,4.256264635332224,2.717851620506286,3.5613027409954103,3.1761642486022956,4.025022794742611,5.573059010640421,5.396139719442543,6.5687357705950715,4.65534677861244,6.264895247451475,6.0818610178763794,3.4084708549405827,3.652414743552434,4.327392480068318,6.071420142364809,6.474631881320017,7.140899890121736,7.780425752384828,7.8591377161907525,7.4020041797485625,8.550095362338302,9.431649341057831,9.986675182479775,9.230166259215824
6.886870925953556,6.977483083908462,6.713192602865843,6.943130932916386,6.712763144697496,5.7941181070522525,4.946498485622347,5.44966338711099,5.196189830994454,5.029159709291124,4.302800794014136,3.1113285050785677,3.5244328596428227,3.078214022578237,5.5620564824345635,5.9187609131598675,3.8119329106087574,4.0231121365778755,5.145613147299022,5.132903237953641,4.800748947488972,5.017481813828034,3.1236410111632043,3.848008867236048,7.065968233085108,7.212406724745729,7.657224019911251,7.130744883592703,7.521235987754668,7.1617930431675845,8.239718173586066,9.735580477780774,10.462219283557612,9.710629821677895
6.880229267355951,6.679181868821439,6.028045718109905,6.767135814119921,6.322753550072756,5.477852119678399,4.361033755871311,4.891897508601941,5.376750637858665,5.568050702964121,5.328831792668822,2.8118734365107305,3.1020822550400915,1.9273547160282842,2.9275416870287065,4.479584132922574,5.776878144918299,3.531049014539737,4.349982272880013,7.587700816541585,5.113909082218368,4.583694125534563,6.0127374024475575,3.204400347121262,7.477488753969197,8.243163528105224,6.712222784931373,7.145570882179555,7.688793214412572,7.3461443624133675,8.811536433491698,10.644837137032741,11.170566318285506,9.64238826278857
8.593453077348933,6.233046545990196,6.370001736028728,6.324510415338265,6.223008613797756,5.099684953497553,3.7980423089709916,4.858499238079604,5.321842951510971,5.272672984630201,5.637224466669933,3.750104953066729,2.259191258993969,4.065665539033632,4.138188767888415,5.138072787915151,6.855211705722162,3.8562717797432424,5.563822084063745,6.939456799090028,6.2604145145219015,6.415366537929793,8.336192433880774,10.242292985590755,8.984189132162482,8.83551115824307,6.247502944072463,7.172818346208986,7.564059308617515,7.2358801326464475,8.438143401731233,10.895238505476048,10.853751137725144,9.249347068525465
7.844230417428494,7.131574763922778,6.162930853833723,6.064226845017166,6.355023298667344,4.381583758607522,3.8071076778863944,4.882416931840053,5.615623518299242,5.3083495571512405,5.085806949246322,3.788725160992581,2.1221191231825074,4.696787121320134,7.519073169073572,4.874790377233242,4.584202367560189,4.1184182363453035,5.264253683158693,6.059904091571638,5.501346676180222,8.998050588777328,10.079813107530699,9.098049509735707,5.082850284722834,7.134390068524762,5.496944829970141,6.693247805238655,6.753654908940219,6.357092248671582,6.262860975863376,11.035334190674913,11.283520461059837,8.896457960625964
7.250797908606906,7.43755815578244,6.6836846010289745,5.891348491865988,5.445247049636995,4.024959246517159,3.4433839075108037,4.7846447910709315,5.623419518127248,5.255863833018479,5.1197651557392305,4.052859033270043,3.2688285151701533,4.282184299720575,7.060708616294615,7.600475514971147,7.790574169692495,4.767087216949494,6.046005557380118,6.871554366013206,7.642403204802943,10.207158027071152,9.983157190381082,8.391706732546343,6.301098580710597,6.937016144237013,6.132552614884731,6.415229490024018,5.79955942601246,4.111043034514325,5.175252988322861,11.01662718587679,11.365540269113751,7.904811377924508
7.458589205417888,6.4648148991576475,7.616601265929825,5.654724222883024,5.2266760839032305,4.097286970397675,3.268031398610058,4.522353177938056,5.415558335547144,5.857188708494463,5.817996809898984,4.729670348557688,3.995541154018496,3.0405170792953853,4.7790267697012645,6.316953049911843,5.8395283668532105,7.389973540344752,5.371257233336487,5.586248162712759,8.205499830842847,5.466646917015692,8.99886018582417,8.491387754939897,6.437985398148716,6.3102688069957775,6.469399643006235,6.164722628259964,6.2663308136528375,7.989616083125772,8.2591978216435,5.533397504681623,10.607944889061217,6.438834533777648
7.662340273602381,6.485198335852093,5.4388013888281375,5.948576164148338,4.281790144207696,4.285996095770182,3.6673227201721605,3.9963960732621824,4.82179166126517,6.208112454281525,6.08360694357168,5.314366308691329,3.043315773402105,3.206412960863141,4.241958994296411,4.617571499491788,4.998203990243688,6.503222680574552,5.054432080897242,4.614539805317645,5.4107650360592,7.397007959903332,8.105993346513726,7.330625233343426,6.349039285677722,6.1060589122463975,8.05462456373011,6.6701847397354594,5.868163444214591,4.716062427124058,5.837554593735494,6.094891104190631,8.001156513758172,9.473710016010468
7.175128566933314,7.724814627862105,5.661786301800543,5.416699555094988,3.963720905769308,3.7251990537801816,3.8122549036100364,4.092089882791136,4.71772125791399,5.94239595329287,5.979381065629181,5.535317144977477,3.047303860901164,2.2729925321983826,4.022069179762502,3.857706821957175,6.37464672546031,5.323686836463114,4.041899738301056,4.063379726802271,5.081223615714957,5.016716284872655,5.016478205624965,4.968240346406721,5.092540820004146,5.06432468359897,5.19634955327193,5.660107613227995,5.117089858534117,3.0258965070609403,2.1316195149459722,5.249974574640597,5.787043591087343,8.737455548682215
7.037605826504158,7.091163776356812,6.50523657827735,4.438364196188969,3.9076717026609016,3.9956872155199656,3.679304728405764,3.800649003867143,4.764813725249635,4.68860188644198,5.229020337650097,2.9219305368350366,2.499084115740981,3.2447794010630115,2.9798564689669744,4.686325020729009,5.5794711908626775,4.447128925810612,4.318844706421272,4.632971839952877,5.022387043143779,4.271959344955394,4.339137203787328,5.766635404664996,3.8955227857671098,5.159696351485264,7.191683088467877,4.740797554917844,2.9926193985796856,3.548233715165278,3.40345373451015,3.7925628178524673,5.714498320523012,5.004686175282999
7.076235861397313,5.981333396750586,6.51169359877643,5.024971115022251,4.167341513103488,4.404104485089229,3.152473264944505,2.9920017471181097,3.0851003072967216,2.723824670570141,3.469572968964059,2.3011003539088817,2.4264825754846826,1.5497765376570942,2.5348678992014055,3.8173803521294016,4.585220787663203,4.886668869852531,5.274656704197082,5.185192521815006,4.985588104312004,7.380799217973582,4.717360463378676,5.348739628663104,5.553999381687636,6.270086358489924,3.578261890698941,2.60287712466029,3.278033224350003,2.699801702270965,3.1194422145258733,2.696666489680775,6.167196355979788,5.303149723084801
6.360016633681397,6.374385771983528,5.374707452841377,5.759836991581558,4.356848765032436,3.974129639085826,2.1547413227399774,1.953607360994254,0.7943581086170062,2.3565786783889138,1.8159700130200471,2.885051103769875,2.823385313617643,2.6511289727520073,3.046674615502571,3.368092627232556,3.4116679574530155,3.313944709598695,4.518492664368689,4.2858923855721605,5.001043193890124,4.1459940839310185,4.478981026010492,2.445653114516083,4.017625740431994,1.3929755246725735,1.125555917957572,1.9070549645841932,1.809700933807501,2.8008604267845234,2.0081561102133714,5.030637979320038,4.319264721835392,6.410860153078764
6.368476681126199,6.293869747788794,5.390561781637643,5.086724174373266,6.370850661111574,3.43811075490956,1.8361760986409148,1.457864356012689,1.222318762205482,1.9956741526416326,2.124965813260543,2.006097888852137,3.2738849480964256,3.4825553691449485,1.6117319008392006,2.755030407527537,2.7377570955724364,2.724713410510789,3.4905795404312228,4.369403370509605,4.060042463286711,3.1712295140962845,3.4697314873649616,2.6032715521528282,2.9021143255465285,2.251696085636528,1.7123499836862675,0.06466040274043286,2.6359794349661225,2.872657998899965,3.1792523966475144,2.8631587893916186,5.622138861279058,4.416764541537668
7.562958651031678,5.616298182363826,5.731584169984665,3.5904925620023085,4.260508521819031,3.9139999483271293,2.205927628839477,2.691068030475505,2.3188757926635346,0.5864346018261745,2.523087432486889,2.4915273809836838,2.070583995008881,1.182008170468852,2.357896298332904,2.3209068842159075,3.0404881546197897,2.6625472171994167,3.0368589569397724,3.8600687503673403,4.101595728942789,2.965472698262975,3.2956757192389237,1.5475931431728365,2.668352136267088,-0.07161781617559913,2.154171980658892,2.1327619132013638,2.6945851453302616,3.292187971160102,3.321896472027763,3.920182620353487,2.5937543101190554,3.9051036637161722
