script/wind100m.json
{"header": {"parameterCategory": 2, "parameterNumber": 2, "lo1": 6.000198445256149, "la1": 58.999992894266676, "dx": 0.5, "dy": 0.25, "nx": 22, "ny": 24, "refTime": "2024-03-02T20:00:00.000Z"}, "data":
[rows 0 to 23 of 24, columns 0 to 21 of 22]
-13.4251586981923,-5.471339991411062,-7.520369030944365,-13.574841562123273,-12.790070665384482,-5.335975756083619,-9.763446888369712,-3.6646879515105018,-6.131864529268364,-5.791761349720441,-5.43796797194002,-5.320557921159516,-3.962095573806941,-6.815102068260466,-6.569396848722132,-4.698563831996146,-5.3081145457696195,-8.184245402956845,-5.6903418233349585,-4.012522050927823,-6.717491960332551,-7.683843251404827
-11.582077543762049,-6.2950960923729955,-3.7492746363243743,-8.17769594726242,-9.140176371897372,-12.602177676396227,-12.048045287926797,-7.384500024576663,-7.661730462450769,-8.129142983708363,-7.694736299893596,-5.832004216392653,-7.723828857704882,-9.420835071581498,-6.529720240940729,-9.720723037329982,-6.291538177405108,-5.523751520459487,-8.172246308288734,-5.265208856415561,-12.970655996534546,-4.795083124646088
-3.4284397941987534,-9.257342806010476,-11.082724021461631,-6.482676273532616,-7.590109151073143,-15.12022644669347,-6.996132793849734,-7.161079995233619,-5.759619604563707,-6.9513934749994,-5.598619396839263,-8.721552022639365,-8.910508565900063,-5.5106673523196426,-6.225183105694351,-5.052597227337442,-8.122985413324468,-5.1398364641903465,-5.210154652214149,-6.75367408355261,-8.669369979123363,-7.795722385376634
-7.217035143039468,-6.2903026097340495,-8.340014324442052,-6.115276707761652,-5.4284096805017406,-10.986146314793693,-7.888041738462776,-9.571164035354265,-8.893774774494215,-12.285901622345905,-13.061101102011476,-8.584272541605316,-15.521385162985466,-7.97183970386793,-5.890695299352295,-5.034603405078332,-8.860647379252013,-4.525189117267553,-6.256463996512516,-6.564966888975132,-7.7540242071295635,-5.323721169509048
-6.550854875277522,-9.147381163274511,-5.605891833684011,-5.55725331519609,-7.806192249450906,-8.205738566802024,-5.982060657761548,-7.2048922124365955,-7.747260550672176,-7.795158772457609,-7.523803094008354,-7.168861619641067,-8.168521248749258,-10.426364480582919,-6.8855137785709655,-9.1207302415589,-6.134933464243401,-5.981859596794638,-6.0723556823301825,-5.931755231987082,-8.475141225890392,-7.408737758314925
-7.261784299027712,-8.356862199911514,-10.874958675274625,-11.965468033784925,-8.002177577710565,-8.876278469209366,-5.760094850589077,-7.789566577937003,-4.636181492921967,-8.228472638771624,-5.090149821376237,-6.236786315790877,-6.222173831594667,-7.294596302374553,-7.071997818073796,-7.1856230223305335,-7.663815531263391,-6.294822860966113,-12.229136940441856,-7.8198157533238755,-8.603658995349821,-6.234993316994269
-5.551437788492438,-6.28456761692514,-5.662017097993738,-7.50104449332562,-10.719195464924274,-7.866363318975555,-5.8268292766195495,-8.709210319914758,-6.772166853264063,-4.718063706951329,-9.94788307449476,-5.804109113659173,-5.077162597181538,-8.828754168628597,-8.69781338029368,-8.85500877973767,-5.563613919287895,-6.975169291195956,-7.689391310544282,-7.289220649604882,-17.335855943240624,-7.327792130472472
-6.906417312670034,-7.146674681287291,-7.92334234410718,-5.541985060252352,-8.737453390366449,-5.318054050776938,-15.68369373178683,-5.529515205997935,-9.986686254442631,-6.368438637407322,-6.525198179673481,-6.80983959419238,-8.951296555684333,-7.066240376551855,-4.15037609147506,-4.66898515869766,-5.558142794779096,-7.575113870056199,-14.630611571780767,-6.5260259419112145,-12.488258538124695,-5.700980443634752
-3.1959493289226493,-6.0642718935930136,-6.789918318553422,-10.401488174662775,-3.6983331804319026,-8.41225954961856,-4.634544800475221,-6.632666052645778,-8.06911191952732,-10.59197267890823,-10.28261078652544,-3.02737142300752,-7.10730177494558,-8.846505759349405,-9.15580057633858,-5.9430344142281335,-7.747062937770245,-5.96282305233184,-5.782734812282215,-6.985357842398735,-5.851697288457528,-6.758924697741774
-4.851876551829929,-14.682302165468267,-14.414128456748452,-7.134787585828542,-6.482591027853172,-7.340501502694384,-5.388324190987922,-9.561888052181665,-3.906573202046462,-11.822280150110863,-5.674760295859138,-6.5303751596190365,-4.353244845763396,-8.360021571752634,-8.293074964719688,-10.23102065541885,-7.497564103267607,-4.936963055712923,-6.009068165736834,-5.379837302787384,-6.563410320992508,-8.12334610727117
-9.910310264270061,-6.4955847069095105,-7.22587402273078,-7.0808562697825135,-5.511852793085942,-5.662272324457686,-15.533748017340153,-5.328393147039081,-5.947612268448467,-12.308909578985734,-5.264148487690066,-7.292291947798622,-6.96823340549403,-7.212071502050985,-4.167441441527204,-6.309433163867076,-8.864839401685781,-5.857692128081118,-5.105815228073207,-6.31408401340931,-5.639908263470583,-7.013336314925738
-6.586475224806887,-5.305496746909774,-7.45441263661747,-8.08539893111803,-15.383577729530678,-10.279235340696872,-6.900904070873375,-8.991571126307862,-6.314795022698932,-7.104544989452287,-4.2949610301275785,-6.466865750948407,-6.995578719649187,-10.906796824525165,-4.903550856291926,-4.85904163285895,-6.193220709023448,-7.248880783467697,-8.49773286573115,-6.102005836222584,-7.688144770919387,-9.7877759578483
-7.198342679369012,-13.532328772466569,-10.116337887173852,-5.4919144222500105,-10.226312532198934,-7.789639100613926,-5.954913940827806,-6.50330002273795,-6.718310111312112,-8.131721312650507,-7.099711050284096,-6.465439330357199,-6.740553248233281,-7.620940148612046,-5.207134987872351,-7.875823898985897,-5.338689682000805,-8.300048315232862,-7.483964253372444,-8.121066385399944,-11.59303610184633,-3.7812419609766605
-6.615733414911564,-6.806288166315999,-6.547550906287666,-6.261767681979073,-6.218448051945833,-9.53400528805773,-12.735474962569178,-6.006532689632555,-6.4913523204991215,-7.77618397551657,-4.916840412097198,-6.967013782405404,-9.941932716139904,-5.460629045015064,-6.869531275127259,-9.253867547516801,-7.559497810357546,-8.42320282311933,-7.657499388860836,-7.479999194941738,-12.741326861231508,-6.59689672739749
-5.283365887881742,-5.812295739279077,-12.910319254834912,-5.225925316248852,-5.510098779643268,-7.104398133846599,-5.672581226068598,-7.5998836065378494,-14.883634060475607,-6.719898283361445,-3.912946469784985,-7.069446444958075,-5.949684651454017,-9.66362178157706,-6.6332001424956655,-7.447782275204727,-6.668829130671584,-10.376107997800386,-4.346005125786429,-6.971142944864095,-4.727952067993137,-9.930616103349184
-7.507797937932344,-10.311163786293875,-9.652733170251018,-5.601632661125648,-8.113385276413736,-5.577991516473985,-5.618441570307673,-4.892111156882015,-6.3295766287909405,-7.393681444418853,-13.581042850922426,-5.666246608673702,-5.483533916539377,-6.901680138007665,-5.711659177631468,-12.136291156104688,-8.43012338285513,-7.676733851829684,-8.71078211224935,-6.872488437053397,-9.091153402421652,-9.135524674826682
-7.026535166265223,-9.218644593536556,-10.162180268545917,-6.0037788519387005,-6.78873275096659,-8.741249736144578,-6.846054423456437,-9.149127818449742,-12.956614267438828,-7.685073310442237,-4.25932735453423,-6.005244356908554,-11.059215699245932,-14.146941056467458,-13.095303610466203,-8.342263257500264,-8.82143304391444,-5.350124837031242,-9.750043473866848,-6.935080256010653,-4.391180688967243,-9.5482338473098
-10.850616236160848,-8.179758207280914,-7.222717718060529,-13.740965082025088,-6.875327391436741,-4.326974470024195,-7.475450786601559,-6.56241572726417,-4.887369256128607,-8.999332207882482,-7.193243214508827,-6.696640077746523,-7.7218620035113394,-8.958065964079331,-13.704242558506566,-6.9784906196637015,-8.36724818741621,-5.66641446948119,-6.897086309455707,-6.7817590754847625,-8.532711010221457,-6.92413352984231
-15.772975950383064,-11.829931082918561,-9.291341380705214,-6.842425883224353,-7.783182864105561,-8.735702918379294,-4.813022118814102,-11.047902428255018,-6.702798495932549,-6.1869792512816195,-6.17235320321508,-9.323432463620755,-5.176867709611552,-7.119796932797547,-7.071746925218436,-5.2705396600339816,-6.636517818771221,-9.738065701241215,-5.383420693318374,-13.350744499343898,-7.786256832789462,-5.806441783566171
-8.820909926989655,-7.619877127218574,-4.524064412904447,-9.964810641572452,-6.386317285470422,-4.89932992768777,-8.456094390279915,-8.089261720885652,-6.166901560272164,-11.330527961730862,-10.995969225412317,-6.656493631685015,-4.068756742867712,-3.588751207835233,-6.733712890731532,-5.395935320973386,-6.224094302311644,-5.136441021327946,-10.643097236418352,-7.874362070322628,-11.66754384137034,-7.613036914567818
-6.249902590478245,-6.404285334708566,-7.520326259613362,-8.437061047022803,-5.86868907645478,-3.8767341780674185,-6.521560527200209,-4.963071555749487,-9.037477782777746,-7.2323758663994,-6.31819520665487,-6.096965077871381,-6.834807678220014,-4.966428964229143,-9.025853003063705,-5.703006890353243,-5.449977108887588,-5.32812306039278,-8.954468209030576,-6.615311984775851,-13.547385225624849,-5.296794931506212
-6.347007705756074,-8.889416186153007,-7.53857798346315,-6.126801447396012,-6.366164986902765,-6.118719887510394,-8.005225523677005,-9.627305787337571,-9.893775066093928,-5.351911413932719,-7.647532647025701,-7.538646824342064,-6.47650560632925,-7.347209873548831,-6.8207708479556555,-7.29150713800596,-5.170506490752571,-5.230631806816632,-8.84133454921205,-3.8980124365141475,-6.16453549716484,-14.89268921163398
-8.200800920583433,-5.233572146314719,-7.040714571171654,-5.504734912503167,-5.168048792778843,-6.008277012420545,-7.3587752694076185,-5.586426562887849,-9.291578226538725,-5.53079362226142,-9.776287050826904,-8.91232019264346,-3.483585771372171,-6.105635402469507,-8.608058725436237,-12.068064817501387,-12.593568709368562,-5.889732285192806,-4.964485388805793,-6.027231684846659,-4.257066374918282,-5.121500437276211
-14.782336376057806,-7.358292481041791,-5.039415614432371,-7.097292343936416,-4.806049853357405,-6.979702911564115,-6.886410897189646,-4.942068668435426,-6.887152681090149,-6.8636948398382716,-6.204378673868356,-4.467149925063267,-5.607883598822828,-7.084559943866207,-8.167177766963889,-6.59748020776956,-11.131069451423059,-4.451349395306364,-10.469828706220756,-11.577060346093145,-7.602123444748559,-7.291924219412863
