script/wind150m.json
{"header": {"parameterCategory": 2, "parameterNumber": 2, "lo1": 6.000198445256149, "la1": 58.999992894266676, "dx": 0.5, "dy": 0.25, "nx": 22, "ny": 24, "refTime": "2024-01-31T02:00:00.000Z"}, "data":
[rows 0 to 23 of 24, columns 0 to 21 of 22]
9.341951188260538,12.814095911393121,11.157526473598741,11.395389259871507,13.113743837837637,11.390503237800019,13.414448109365923,15.78678379310175,9.214393728604078,11.813640323859698,7.16822098401747,7.6261195685791465,10.631136224069177,6.10251971027838,7.069453808067956,6.668630792585668,6.152491803086829,6.849882295297126,7.526240465071899,3.0955414157512817,10.923041843419467,14.718768361082198
11.38180636254605,10.634535372361881,12.797244607126252,11.794259702446539,8.700608732873595,9.929529505191196,12.382114915422498,11.799209005118106,13.279831797843894,9.964966180912965,15.840318994267577,9.622809713445358,9.104623206124915,11.06373596131905,16.160041504272385,7.0823507999643684,13.016625502888902,1.098503736939802,12.872599235812913,13.111603871189187,12.488691032576131,7.017882398395519
3.455330655799267,11.336940230644196,10.786123932571071,6.763904543710448,9.551047177445083,9.069585231719683,7.715914089086678,8.634552543601862,6.018057205883832,10.959621995356258,11.009529741604224,8.807801032229216,7.611657340255271,14.258578949299714,9.210401314767497,6.063991878583538,10.546595788894749,11.323424904910084,6.103049666085962,10.18055401814439,13.884118029871884,7.686530445017647
12.857912587093624,11.071838113252168,10.295127696410841,1.2898887862140282,10.321122943306237,11.94918816982591,9.932791586607674,13.927455661659689,6.698993065597995,12.121824320852664,8.481888285686106,8.330048585908502,9.372987781626708,17.41006052935471,11.247090280542192,8.130182213491201,12.661375381095706,9.622746492199738,8.990276146673528,13.031291545763107,6.468600990688131,16.750019625435208
8.67836488111775,11.921555585188493,7.484797648046264,8.167049587471706,9.65758161821321,9.733550371683341,8.113654123853216,7.796563085263407,14.816542790029132,11.980104919319606,11.235844840011561,2.7184890291829813,9.382800003978245,9.021822293778557,6.156111780493707,9.807432575383736,10.114179483681813,11.73615650265821,9.629541274667924,8.024721468859873,7.837994972211269,16.636075932614666
9.594617349468008,13.624491013732811,7.8876630876592335,12.059935347694742,11.730870115074811,9.973566980740248,6.793386810441043,9.45469923938788,7.657096077895802,9.790330481524165,8.846358589166275,10.267210410635531,10.180840787979845,15.833231783214305,6.263545584796662,15.47759578086861,14.831892943112805,11.697124004673007,9.304651713689342,9.143875506020581,14.664941872146855,16.459540440857815
17.05703490794649,11.297272700632053,9.8161941476359,10.925247630993852,9.804516998344065,11.153113405314528,9.622840124870011,9.43387210920175,11.40438990721255,8.86846095987958,12.797811019029655,10.187619030289657,11.233103917993425,10.139885392513294,11.247987381020451,11.869470790092787,4.293247513277643,11.600786910709473,10.514313016242596,11.226620020505868,10.902713512404294,10.292859708445734
14.697168900976113,11.529422034756829,12.61589686722811,9.016263856670115,9.907894240051794,6.922653715988371,8.140550693479625,4.138536797465835,11.139608262476186,7.480244693963941,11.182007459562394,9.234940598222131,11.556414125950894,2.4725410056615558,11.714516097968891,10.383245104108342,13.039669226424369,10.81240447977557,9.351964325362577,11.035302375983935,9.099524533978496,12.251719985670432
9.081434332950113,14.911597091913828,0.7549151011558252,11.397861277070207,16.735163929842088,10.430901141765794,10.206957440558579,3.74909721280168,9.036059878358115,7.260105015777271,12.461248850676522,10.959060205352074,9.394208623670188,9.731580461413554,6.365589925164311,12.264033559990077,10.927051367139406,11.265758362033695,12.520794387969856,10.831735112578572,8.600384746887926,12.686892023598467
7.400364272853248,12.602149081068614,8.441166803834863,12.416012666600901,9.108739077166236,5.054691975013835,8.558847566305644,12.289903857659104,14.174602919171226,14.434681282661305,12.588719748857574,9.56797855480446,6.66494106318998,10.588847569132822,8.610510200812504,9.396546323346096,12.956587920992103,11.742213817671532,16.11979502813963,7.409791590066543,8.478552021847664,9.809090787858755
9.568940893565934,14.010758965565422,10.320698519716416,11.914296229337209,8.470646795319135,12.548629380354871,9.434222196169433,16.522521583667412,11.099876522636649,10.055003087480502,13.232748268784565,11.610750743978596,9.829793633574022,9.3787081406663,12.164389031066207,12.873280696076883,11.64706207358268,16.133561420331883,10.865083964079302,5.720864631501098,6.019186628912529,10.554843903895513
11.437457718790794,9.547765264314176,11.150753549645197,7.525718495930662,9.211566858032224,9.772507524351369,8.396371547045778,18.44736642234548,9.779959049826639,4.1735406660160965,13.596875330701927,7.952266796247062,8.823932165747161,10.227382862108904,9.376154287483333,7.738669824844672,11.145929491424956,13.77315635629286,11.613847343807267,11.062878282090578,11.094289785302449,9.13068698434276
16.43227690056289,9.22420382585088,9.59974832956122,11.607103044104736,10.81080799347555,1.4374404795202127,12.100388779188567,12.252394619790099,1.9786306645913803,14.074036317470858,14.441723613677443,15.59305895859643,10.632053380718501,9.92384034995954,12.05382714993839,9.717144744526928,5.566945235337949,11.608010307501077,9.155540720248585,11.331209501776273,9.534086569998932,6.6285379053393685
9.75376908954824,3.6670630464199205,9.351430328459704,12.36925651584293,5.233919014074661,10.103855609807098,6.310355504387804,9.935525459123802,9.048395947487036,12.332213664096082,6.356469288612924,10.08014595594087,10.65202739352995,11.423622340789654,10.082288532987425,8.185267959131886,17.659997225398687,6.40134555493866,10.487808655157059,8.099989299579784,7.758714088284309,14.694466478133316
14.565984619426473,7.68224879476319,6.778642906276818,14.472530468114844,5.016921105843266,7.560995481972797,8.14060694824554,10.153505585447062,9.896462371660514,14.192116997806362,3.854599306533288,12.512357176976025,11.4000678001776,10.878792171247198,7.362871622108347,10.138373037364167,5.725543780061362,7.310681499087558,5.88794703855233,7.405309173496799,12.193561907495745,12.590754144456906
11.660948865328983,7.007165408012399,8.804846094964052,11.75494706497634,10.732444100919963,14.146365716932872,7.982569836625503,13.143982858992171,6.374314659231712,9.263861604910431,7.421084177750051,13.317898923709762,9.710269371368225,11.25658175442927,10.070870527443077,9.261610102248557,11.886804161042555,11.17404556105963,13.074673185937211,6.346949439064413,10.143839460953618,9.169391062853062
7.058906463063358,14.22683017577732,8.936358497519569,8.282192558251559,8.719741960294266,8.941092709317182,9.22331987709807,9.575843011260222,13.418040400672226,17.639876592692257,8.11572078794918,9.873678906478855,7.944808661282759,7.92471485411107,8.612321345052193,5.975337687698658,8.566568327016537,13.268576946882254,10.211757674152906,12.2157421027022,6.088332772602869,10.307629432555126
8.4353473053794,16.03568306157193,11.187912977977852,9.163222548532298,12.122968789356763,15.882657751855698,11.893903027268621,10.4637585340245,6.354353796230906,12.360504554885024,11.266797398633452,7.686854731290787,11.21787125992893,8.053475011626592,12.650818857801616,7.029586004822927,11.960743380211932,7.52462989729972,14.752290418174347,10.472587062890751,10.598063954331904,12.2439730245554
9.99263214572043,11.25768050786212,9.300765551166597,13.894769908030046,11.654925589185865,12.691355638390329,11.106643429761698,11.051369248976131,4.304598062044624,12.191791536008525,9.859248084092082,12.375159012938427,6.224474185091267,11.239827939182764,13.391302981920536,5.767560429541563,12.071971089508178,11.677111224346435,5.5217613963800645,9.160748980348583,9.781875259914816,10.111979049816988
8.99118651997762,10.741154418910247,16.41447195858702,9.169168716169706,11.301981631441032,7.8570161227991475,9.395884732220459,11.372648195630658,15.821811729429768,11.876548559691031,12.483456598079245,10.635127138692875,7.984255256055502,10.980893512464899,6.694383234033963,7.005920983281518,13.604261448640038,10.534732757633128,8.241758580568579,8.45186849508495,12.23506703690465,11.66243934433504
14.113176343030132,2.3570648132795067,7.564351878932655,7.886169804111405,8.24639452223639,9.178038008374854,8.465354490558862,11.265678675211797,6.399453936106894,14.85541528748843,6.772301940692021,7.3218929207526395,9.867316431661022,11.484999691359521,12.828761182998253,12.390794090637174,3.439990138225357,16.953381498000958,8.993377005790636,5.77702914488369,7.7813884396155855,9.142463255333787
6.331689506139862,16.04701648600506,14.972982608740946,8.294297159403245,15.905332479478059,7.204852757035896,9.097516627103413,14.129816705714864,11.155340167771865,4.821963881529454,9.164724235693297,11.628383036127742,6.596957224155483,12.459984053997543,4.248938297504342,11.187052892534501,11.059366786107935,13.342815245774768,8.090905992200925,12.5250611156567,11.714507344068702,8.752701505350705
13.508405490482259,5.4766787357923725,3.17588215176738,18.092804675062023,5.475273607111763,7.553528094079842,7.44062093712172,8.675804024249004,17.62499159341717,6.189822391450991,8.265868956584224,9.385347083463849,12.307930568998401,7.573713758055691,11.275056898606325,10.006847769904423,7.068003912104785,12.18327185025688,12.405634517581591,11.451526615049996,0.7365001355800941,14.157016974085915
10.115689521224619,12.83382663541289,9.600955418430784,9.370134157251249,6.669181514924507,3.5229581155918903,9.555825810977161,13.506888534902485,7.120982223150861,12.990595617250573,13.40739127970801,6.0604253045869,11.965292436306985,2.824208534590604,16.77433420303933,10.315964956530848,12.724381325529084,9.461324057557475,8.922743998680936,9.265889383247892,11.71637490817917,11.750418547650614
