script/wind150m.json
{"header": {"parameterCategory": 2, "parameterNumber": 3, "lo1": 3.000054539987559, "la1": 64.9999836372058, "dx": 0.5, "dy": 0.25, "nx": 34, "ny": 52, "refTime": "2025-12-11T00:00:00.000Z"}, "data":
[rows 25 to 49 of 52, columns 0 to 33 of 34]
11.124112038828478,9.161236221310345,8.238401785049174,7.123836853481311,6.946146144841484,6.7692936140172195,4.22824268636176,3.385199523074821,1.8630500095922327,2.7281047112651247,1.8044254754221982,4.297498815755168,7.210393271135739,9.735361965071556,8.000221062155338,7.7605307088856215,7.937593461667261,5.564732891028525,4.412856680747379,3.734741041948662,7.383492739197283,8.002264737756915,5.690219609227302,6.40897562736887,8.438300120855581,6.724419441115278,7.133195286452604,4.7428447736678745,5.61466634171583,5.2689483110402255,7.634538881808345,7.328817898139531,5.912923050532486,4.955097799137194
10.21985238492806,9.56214144245343,7.886259148076675,7.0612852377631565,6.7090331616117105,6.2533811774418036,4.436325467458059,3.047666056324353,2.910498204859895,3.099524337774742,3.0354022833187306,3.865256510307446,7.401550081165609,7.802164855635218,8.45839212271715,6.836509958445423,7.9350853577269245,5.317207259070237,3.614676891544138,3.8741385967035225,5.223320853460508,6.416171027304289,5.578586826716034,6.46605883729982,8.03999907765495,6.66756004972792,7.8588671633876865,7.770836154966097,8.216225627809656,9.195994116274933,9.549855976510221,9.112695627064175,8.649791695381744,5.839444549925251
9.419098208680433,9.239182418738007,8.615671102836135,7.903353602660263,7.360976305167963,6.384354992313972,5.331779728771649,4.634389736145638,2.410133287391252,2.4891613903749334,2.8146972803998636,4.908586528876368,6.77625177744422,7.711684937569957,7.336889070356197,6.832187168096203,5.918174203064594,5.079657366938871,3.332048948094246,3.726931393831067,4.156932951125655,3.9918359393677245,5.8165541512404575,8.309900464414348,6.418251582018251,4.596361242850156,4.9516433253922925,6.586689073161255,9.017086937662878,8.214099204414461,9.107663417993706,9.491273225024218,8.751435489776654,6.634081219670407
9.214487309918969,8.52018050404151,8.304309881522798,7.292988382085568,6.87534043714408,6.098977918446556,5.323865303918545,4.916596846582381,3.391418413065135,1.9264292124329272,3.069819652264822,4.3668555566766445,4.562706312985848,5.8519105907260816,5.517665994504784,5.363799772307136,6.5380622104265536,6.640725617154638,4.390113539684493,3.884627853816678,5.047619207453327,4.642274097603241,4.845348404734384,5.596204869439778,6.286902825681244,6.0269637663771665,4.728614583584725,6.550223439651946,7.239729745595371,7.403846780259513,8.974176626609644,10.072725403997989,6.943820170715144,4.578057102640461
8.754022538872503,7.788863520250453,7.503061240961794,7.552363967242599,6.255187578441228,5.201327147599514,5.009646074729592,4.508432885865737,3.8110323318082737,3.2230411092909903,3.9217601646602263,4.507353975662726,4.727690459976652,4.480618453818851,6.287576616179972,8.614417458345446,5.340402055286467,6.442091946105392,6.626774759603937,4.451632645092087,5.74525817669663,5.8016866416440775,4.259266984582187,4.829653516654557,5.476013704753116,5.9942766583211595,4.5463686632280265,5.130589564073886,6.687996746440252,6.48939911285753,9.180348689196677,6.607336530719076,5.913244057118953,5.658609957980598
7.7693981504842355,7.292901594813951,7.090566923910513,7.094096387462362,6.2404235672018435,5.783182299577857,5.435304632765114,4.528013112205,3.4228061264460163,2.671425081468319,2.6926008089367386,2.893389031913917,3.996441680789834,4.065331472932497,5.681878936016575,4.328929881440576,5.87076952786067,7.159529133675391,8.8991277495595,6.2080350319202235,5.062387715937607,4.219792553956022,4.870968151934414,3.841087090506572,3.6702022296887957,4.734475332434724,3.73688269189094,3.8750526909680043,6.804548756785214,7.8715615312017055,8.360039246106036,5.4128939845525545,5.992556718051407,8.604745591833613
8.317208638179146,7.937506053713876,8.240422438093619,7.322468474700168,5.876900604704828,5.293726815092877,4.80720782629569,4.584078560178711,3.9653282273096435,3.161649683105957,3.106476393806752,3.0892787846436973,4.73996420302516,5.20597405487839,4.175955211524417,5.572275860686211,6.396139737204958,8.091015375808189,8.184807881634542,6.96454506821058,3.5278259964004435,4.210073816210062,4.269610226518603,5.1504452442359145,5.21294742372797,3.3112303313814446,3.4331530484698494,4.286661827796017,7.443197274778757,7.8138149372196315,8.865004625507524,5.893460573752631,7.651104892698287,7.493043592476743
9.176481885790299,8.508777008751508,8.1919002776612,6.226044065366449,5.976153769250203,5.447290322642136,5.073748425236462,4.72745162619674,4.517634637774092,3.583927350349034,3.2551486503774805,3.9176414420983674,4.715991451230008,4.582574810313074,3.6273780107200513,4.798472486746604,7.595744845970259,9.806192626553154,9.324666549339025,7.942462975950023,6.789720194936898,5.754911267270362,4.951086688542656,3.8177607333629187,3.0814297463272613,4.2366733952683475,4.394742037235486,5.567636076535925,7.212278104690076,8.292649261394063,7.8596814170396945,6.728196377487891,7.134869461711345,6.295945880444665
9.52710573490096,8.700277983179406,7.7782128372356,7.404171082034587,7.207109309774503,6.3998475181801755,6.016099498563188,5.963355897525153,4.896250781510172,4.130096562796682,3.681202280531792,4.134777014132865,4.429885533643604,4.051141398973444,3.172846808809909,6.025182404284659,8.156139446540449,8.619062820904203,9.107932947309473,8.898962916904946,6.679461365991621,5.133795363551184,4.0883458147682745,3.3957743966435783,4.111427781244236,3.623766720921602,4.840623433167222,8.23812627465006,8.191015512335206,7.719291611356873,6.286159389361636,5.046215017589094,5.670878874604109,5.115802056630502
9.683881076399702,8.9889445287152,8.28025512231975,7.936421382032737,7.660597554365516,7.300307247102531,6.049299674978374,5.748435312297793,4.818056598695677,4.516946681747815,4.88094381006897,3.4572013426121884,3.5927811514176806,3.1637711859231916,1.7945695305273475,5.885540575156466,6.546173405318079,8.07155360520902,10.55163983927692,10.210253624720988,6.325158442871678,4.331189181755748,4.893193839741112,4.203995208292767,3.6680697440509844,3.6893743102017917,4.663247120463195,8.51655287045166,8.739018995910413,5.673228148069934,4.793967471119391,4.102419136617763,2.9593877734234075,3.177677823399698
9.608188270969414,8.7780658510179,9.027795285590846,9.122380258396959,8.905877448414998,7.7059277505697805,6.7952226310508985,5.953524847846275,4.696165003557253,5.0676204372730345,4.86282431336111,3.1725867701262795,2.2129940185321977,2.324277172160834,2.2838466841714524,4.650128821474439,8.882482460720661,9.967073911376518,10.291333333350591,9.49566350845341,6.062281948218231,3.394789458347618,3.88280926789443,4.127664087691,4.337584643061415,4.154316124036565,4.864819547493024,8.035350149794908,7.687181394264433,6.323163617982821,4.072441912190398,3.632728465830445,4.411526614787443,4.046310938637419
9.71731772027316,8.858491685186108,9.65882559165275,9.385984717777378,8.386555311754908,7.278564277265613,6.5645615607730985,5.478428353198557,4.560337031588115,4.6512756992002275,4.236230968923107,3.442039176527279,2.4773829251174257,1.90353559493913,2.3313268386547827,5.37240979838802,7.890035151753111,9.941087303871463,6.185226655769252,4.637036392517724,5.75596844687505,3.7431050527111194,2.3330278400628175,2.511457781606241,4.2499512870210285,6.136499834990218,8.240206490046772,6.697736603162348,6.006756119956325,6.030414075724006,5.399947098653216,3.6022361887339436,3.3631242032475495,4.979899309226756
9.960887878943213,9.765975277164838,9.902282664090643,9.363902436704246,8.410549464774919,7.39557565250357,6.355855723832247,4.511871970000761,4.53932637800197,4.1651419515134425,4.348361613313904,3.439047748032022,2.3983107122787963,1.8520872812718123,2.240335412004216,5.298876475173739,6.50535702155518,6.488722899665874,5.628321336796544,4.187955495612209,3.9220342517358606,4.386084953776472,3.776358502537009,3.2491576893313425,6.295649846745424,6.018523569950777,6.9169531121022025,5.5097604666427245,5.376215075657963,5.493610813322473,5.087438320635697,4.2345960874987565,4.599357466868098,5.074567636716636
10.159847907041682,10.51033768914325,10.103053464329363,8.910716700987058,7.499402703570824,6.22485445227688,5.006732241515487,3.8146928982327246,3.9248754270840625,3.9172426034210956,4.416775985034962,4.198007079814748,3.7557098928236528,3.00096101130142,3.620142248260332,4.109794413977797,4.921776201761881,4.8751897627311065,3.6170917988002604,3.385744681901496,5.601591975933919,3.3850854915605266,3.7600562047245987,5.025052767705476,6.942091932304386,5.7597035076658285,4.391930203331623,4.3263223502498676,5.10057522432756,6.27760827370909,6.006565861522335,5.520602301894564,5.474879822289062,5.4173051287162926
10.46346655038422,10.198767820223727,9.261047836333747,7.915749652485012,6.5290099922852605,5.763984037466204,4.566188255461821,4.1072424074063045,3.3297492676478453,3.3782246570807395,4.243578107669423,5.470310742841685,4.8479578575677,3.3708581441836296,3.602764725666641,3.9895096908072882,3.3871741429798563,4.935436742742695,5.158234217880088,3.8460146745600494,4.265973128447357,4.24651549181613,5.2120601181275585,5.235238792401697,5.86270922766146,4.902025110265565,3.562667261399462,4.908531757892738,4.8556263099321475,5.746131588299997,6.303144309394267,6.11442520785275,6.242536752026149,5.794871583158699
10.235468480867123,9.90007285610798,8.104892342483277,6.9330477196671305,6.243268395033233,5.343024727772558,4.488634275489498,3.8681106998620094,3.1169086245643074,3.0878062264784853,3.8573854107508674,4.897906316315326,4.84693585179341,4.457520515442874,3.9206331758583657,5.897474414422596,5.622480325566812,5.587095770857179,4.465803220624226,4.635042782281684,4.929961024156134,5.299253704591071,4.7145004003540425,5.780769952752364,5.437182367914048,5.598179289130308,5.9022481797416155,4.68021158143262,5.3214693667197555,6.12876719393564,6.7707389012351555,6.075264928870768,5.388288296408351,6.700505382188508
10.208181314752059,8.954067561962615,7.3450545010975645,6.8681540882783585,6.228149484937499,5.313119537396087,3.89280711192671,3.268937010766032,2.553383148081246,2.5085203507655724,3.464024752182032,4.735826066586541,4.946997512026819,4.63239709811123,4.744350864813585,6.463507798649761,6.986843711005873,5.414444580341391,3.3396406244843235,4.43834471673587,4.944813812189201,3.315731567852846,3.677045850712683,4.997755958516363,6.058764541331204,6.2338555991373115,6.055204984759358,4.909040402658261,5.468427299377167,3.578362973712493,4.433098100434134,4.193879237244627,5.052550010599809,6.524882649709296
9.36535617166794,7.668981658331085,6.920772120957406,6.628221580188485,5.80331524868048,4.130047423606456,3.6616448919151474,3.8135591031369094,3.7825080916592473,4.084624812585579,4.315479327152206,5.011457966746171,5.9268418703219945,5.613727221342071,5.924540849214597,6.301890675584209,6.314201043471768,5.193859198674284,5.131299209842268,4.227824252920013,3.8131311164885013,2.7389606654950893,3.593742152426346,6.75591465547952,6.648486617925558,6.29515889323676,5.817475007104933,5.938055611339501,1.8594707511880753,4.021550905544596,3.370029232850901,3.4185463576853756,5.720608356224945,7.861733259478642
7.558430615389017,6.99786563455932,6.594043539349995,5.679311741106678,4.01244242278439,2.693367281843819,3.7221787329320475,4.631918106613771,5.098067426920174,4.92719461354382,5.278165617233375,5.3210824566360575,5.927595124252556,5.364542534540345,5.1442969865532024,4.896247978174997,3.785949896835222,4.8962609633643295,5.579189544476637,3.0133581015294437,2.4577599517328808,3.6492770993717256,5.527549485902129,5.99411397245483,7.163773385503981,6.829434769540798,4.576502587391048,2.6255100129547935,1.546591896844876,3.195172265911172,3.9278046377330837,3.908987018887554,6.991180818586524,5.7614920872878645
7.546505015975965,7.593219275118086,6.174356203729059,4.507289277628585,3.3108428618510404,3.1251156704111085,3.9233546352613202,5.340291393252657,6.053921313496128,5.951208404223885,5.627387561137985,5.978128433887417,6.170848325316111,5.486016725599001,5.250956677478998,4.556950235362961,4.552217977328103,4.28892495999683,4.05828200049453,3.316981501314021,2.7139695064881058,3.416061516678156,5.243062022144666,5.518046599296733,5.3504463364587656,4.7278790644536235,2.9539990776665865,1.0619430017919267,1.3253605739900742,4.126071916217706,4.260619875719838,5.025879832463862,6.926574652198451,4.936078614570612
7.370233084554988,6.6117784388826975,5.662625436729278,4.310357402102287,4.159078146647251,4.21194359320178,5.312055119923846,6.0848595414567255,6.337177857995629,6.50292951712996,5.467237462126051,6.468666707765005,5.952486029771147,5.674782996826538,5.212742160707107,5.4134560552252005,3.7759705580490195,4.070625522576405,3.808063268922415,2.770043538252361,3.1322365145831483,4.4079196528236855,3.192788734131731,4.150860623193573,4.33421914791506,3.7330335651083137,2.1143363643666397,1.5240418710594703,1.9691655886367476,3.7319144575174685,4.4492135175451955,4.628133590692262,4.089263938170203,1.8684692471769635
7.154083172318756,6.141418342328176,5.502898780987795,4.773366232048294,4.182706904821964,5.182964664012555,5.092282534050091,5.496056435127428,5.406343606050196,5.335516243367596,5.476781659600936,5.476167683290916,4.837660810025726,5.1053299889305,4.438590466641755,3.664115466694485,2.1956733287836947,2.540263697975643,2.683090967420924,2.087303972262878,2.9431308456689544,3.0889965754375166,3.8812750325059073,4.01489699967777,3.3246319455797937,2.462806698525382,2.108272782607428,1.1099833506790011,2.4000282826467654,4.023417571367867,4.506472201426856,4.055564488378845,1.5158151348586513,0.4002432802884416
6.839973839690894,5.601162312533395,5.501708808674674,4.601168019083078,4.225413061789109,4.536488683049539,4.7826071328751985,5.233231778413747,4.878476997416648,5.073827740847548,4.672732456237012,4.791177164633099,4.455154641984609,4.441854165930505,3.2385081692837034,2.5128549014287724,2.382265609725255,2.8740058697452295,3.2975644637578583,3.4031587062534046,2.3660189378339207,2.291786617667676,4.115929908858001,4.0562936999334624,3.5737622848358224,3.0549706854999212,1.3657389689581387,1.5401143568328426,3.2173689838207826,4.470014442264717,3.9037912175379548,2.097914622354322,-0.04740778903445204,0.5379138945224484
6.3388871019639215,5.229563216351371,4.739223210865031,4.071919739882747,3.799581067879329,4.193493779348639,4.853342220885917,4.852315400878816,4.95078471109612,5.5241900321614175,4.208001603379034,3.9069024047403245,4.009240336637863,4.388887031262079,2.102773681406821,1.800490738684663,2.1519614034159376,2.4968795047487395,3.1320671883240205,3.465573648779336,2.9191630637251924,2.82862356847005,1.9723630669880452,2.2872703849693106,2.491765234311052,2.5470311422749443,2.470771707629164,3.578960405833053,4.312770213783074,3.2695615680801664,2.3551848598022245,0.8147131205645547,0.63654811965793,1.6689212776313722
5.868530128846331,5.475896783430305,4.44506127598447,4.433303164956687,3.4920149128795437,3.2574597305981072,4.378332475079113,4.702383460539388,5.292179508034323,4.808836341302119,3.5939771758138064,3.433073187850453,4.020812583640289,1.8495135284629964,1.2966358650346042,0.49410032733954196,2.527691965788199,2.9290056175940813,3.4365891864096842,3.3288896569021245,3.3982767288689772,2.564823940970925,1.2933332671641575,3.410212150765657,3.1454206110477796,3.0067284340334055,2.6548164371390697,3.890699894763194,3.9952234966696762,1.9233892190706703,1.054979567551776,0.46992306664625794,1.7694075402145402,0.6715935055472527
