script/wind50m.json
{"header": {"parameterCategory": 2, "parameterNumber": 2, "lo1": 3.000054539987559, "la1": 64.9999836372058, "dx": 0.5, "dy": 0.25, "nx": 34, "ny": 52, "refTime": "2026-01-14T20:00:00.000Z"}, "data":
[rows 0 to 24 of 52, columns 0 to 33 of 34]
-0.12377924696592996,-3.2196909600825174,-2.4309407503602105,-1.7621536759103813,-0.20954892740050401,1.1353440407731397,1.2062366373110478,1.0192326041542943,-0.6971766749098816,0.0033049902785556155,-2.786822769041958,-1.5823055796623058,-3.541390597440573,-2.892464745836085,-5.494331962264728,-5.700590666487066,-4.194495211868208,-4.785423187212664,-4.28084811918813,-10.946494585760416,-6.642501137376655,-4.786343124975364,-8.404375225879875,-6.949204170753398,-5.900170612334517,-3.9209822989906065,-4.649957049808584,-6.0161414762741785,-4.466668494330934,-4.830918271381672,-5.028696705287863,-4.713064780594162,-5.092619891987245,-4.38001363408854
8.297888238293421,6.694491767887223,4.51268397076872,2.3178132702984398,3.3854437920203817,4.524813253201266,3.1263067130031406,1.4157528763810547,1.0579791695816465,0.7486485929984746,0.26944197858715146,0.693557161244099,-2.1705897527394473,-2.6201685877711522,-4.640146575849395,-6.0747790827147705,-6.51175701113685,-4.963774360346385,-11.823184033906449,-6.750576936450567,-9.570806176645947,-6.91111213359482,-4.402189634183825,-8.397270675065812,-3.962297913658626,-4.922633176729552,-3.852211865450804,-5.5312294312878585,-4.987475166211977,-4.479572962106209,-4.637122109780204,-4.570963667007843,-4.2674597901221984,-4.749051848380897
10.33764516134927,11.576353586736229,10.335638765461946,5.549096764092063,6.42417551631933,6.0150382305132455,4.858561573286773,3.4652353574257653,5.303975443792274,4.441875456478449,2.4172492411449027,0.4345266305147387,-2.213838900026022,-2.7613334614894063,-4.152006254697221,-5.74225708186653,-4.745963675885309,-4.215362115329681,-4.43046829500553,-5.44191980361486,-8.168183775404394,-4.277995734624737,-6.300269634692059,-6.609772262763176,-5.505987749020496,-3.9925165311898696,-5.190990512645347,-4.5741817539295475,-4.850590494915758,-4.634068270536469,-4.5773974526895636,-4.432248254579248,-4.252108269588746,-4.995134819417884
15.880513307882271,16.210925136087045,11.654221236202238,12.49702410959167,12.087772164551867,7.599299929475972,6.705768454031327,4.540070343473266,7.555339153570526,4.728431033562237,5.091397852660592,-0.06886760902157264,-3.5574386474385777,-4.263468968734081,-5.192273617778353,-4.916697423255721,-3.8053007874673916,-3.4824128172419075,-6.404722351581784,-4.994489909014147,-8.179160415638426,-7.507704109879439,-7.977004665771561,-4.5066734019216295,-4.672452446841151,-5.934731435212218,-4.642475923685347,-5.224505468800391,-5.383882270772882,-5.006629085486143,-4.669591864155487,-4.53296991419483,-4.563686012699669,-5.346341888310764
13.72924891080695,14.440934994525696,13.806986927152117,11.928889173353914,9.50124448823154,9.218516344592775,9.1215575763289,6.929116130625583,8.329004297977537,7.099622148243201,5.764325494745489,2.50527944422737,-2.804287162904914,-5.717363635483275,-7.230133927061537,-7.335761763329391,-3.694410900913498,-3.31384575672555,-4.486254679796464,-5.510212288820599,-8.384622992803111,-6.524564494814478,-3.64306284867213,-5.784979272212746,-4.760484311807951,-5.776169315323863,-5.9584955321078015,-6.1725199315297266,-5.389211760649156,-5.058884472731949,-5.313425467228859,-6.197102139489299,-4.580072268911859,-4.431550979427475
12.392457236990126,12.576458100894046,11.957498478753225,11.237531234370083,11.014395894025553,10.466352050667458,8.303877558199641,10.32101720439409,6.775424996426284,7.319909580380852,6.120298031214676,1.7720895610316565,-2.106873857607824,-7.3463154733426315,-2.939671705957817,-2.1338418266758286,-1.7700338120516412,-2.749634130619807,-6.913255927064657,-9.249558153349085,-4.362625236158475,-5.875039731185266,-3.6612570217196505,-3.5023656343661007,-5.062078691122659,-4.641072558245372,-5.485320172132026,-5.798959702272408,-5.638530801614066,-6.291329907417765,-5.70871873667759,-5.007759719592862,-4.668609766477425,-4.195396011086874
11.24965175406502,12.021183953561605,11.425128286873374,10.614859764464596,11.52987541562903,11.266536844802571,10.433187297073795,7.3019581328260745,7.254599604133123,6.012273482234059,2.0673411330081355,3.658067156523474,-0.5425448359452387,-4.100782465881801,-3.3234389267653177,-2.335575031645261,-3.0848698031969537,-6.205131941762533,-5.876155860569082,-4.9119498871357,-4.864398677852334,-3.311475061773245,-4.3800034158649375,-4.656743246982126,-4.9857006829551995,-4.716831696526375,-5.303359431041982,-5.60036960651194,-6.224084323530951,-6.24840472992773,-6.663763125023747,-5.637364370961623,-5.522095222939139,-6.001557138633082
11.972156591905039,12.435794902296225,11.19568976191509,11.399743822082938,11.027853621331591,10.69171919737644,10.624641676831205,7.644910726818926,6.457408376422494,3.187593458964096,2.0313845058265634,-3.2203737139054356,2.271535349136921,-0.5949568161941365,-2.115373014559371,-0.987445708069083,-1.3556985839526166,-0.49551141243156177,1.3825822724007852,-1.360851228407151,-3.4309082440771297,-3.7464846540494796,-3.1843191516731526,-3.8589185747470265,-3.72717187010088,-4.798875351241201,-5.928370701254439,-5.67710810829188,-5.926456542716095,-5.88419272091754,-6.326337640984099,-6.342711091107526,-6.3262334568904635,-9.204421960347977
11.155306536959147,11.385089412613523,11.065248174242997,10.75254052243341,10.783810872630156,10.472624372762159,6.995071526057045,5.746803856400554,2.308749104569633,1.8130042072943573,-3.527817609672781,-0.29327037108580867,1.2670325783117022,-1.4002734942130581,-0.3644316116417855,-3.1964720883694726,-6.245507007243669,4.584532363657352,-5.7292574151196325,-4.880218517980827,-3.3752354976552463,-2.310745910282238,-0.2326388529566011,-2.861235156372582,-4.239726762910401,-4.920599402212555,-3.926191013331485,-3.8808394185830513,-4.5604064746164426,-5.82173615128448,-6.681104920456178,-8.24989153379608,-10.367771948792871,-9.804849868395124
10.18605476178729,10.036735750041993,10.357771472369052,9.867789838677428,9.4570212598045,6.560709390560069,4.443930434078016,2.8849446796100104,-0.017766081075489742,0.6134303543840783,-0.9532516507531398,-0.4782641875761725,1.5166376114033149,2.469252930650551,-5.23875233528533,1.1454921184603393,0.6908185482316828,-3.4589208796797717,-4.546071951013862,-2.47034703158555,-1.0214116964883313,-1.873499727631982,-2.58829197016696,-1.954604371484307,-3.0110003415701954,-4.626267328152717,-3.898657848422505,-5.757914220537148,-5.748965150172035,-5.548163783597983,-5.895030868974691,-9.878736487347469,-10.384063917318613,-10.223067230301478
8.381360178699293,8.588750062701354,8.551914641901257,8.099236517790855,8.186755626433504,2.9411419122054547,1.4018850728490313,1.0582888873700194,5.375029521480037,0.5832857381171243,5.859702077316922,-4.071296938274053,4.056398590684901,8.107508329810933,7.964449474827084,-2.7703922519239352,0.7781410373283808,-2.3113204229340325,-1.8795810557148147,-1.9243957318451332,-1.5088252348413016,-1.1552520887858224,-2.192297857117256,-3.075501256783384,-4.2139952120271,-3.5134929240148187,-3.3406561295792674,-5.486433986350979,-4.713405267946148,-6.3685837480982626,-8.946404146116022,-9.385849025093425,-10.397986546563853,-10.32812293254192
7.0755878381381745,6.824873667461926,6.7057874496573024,7.128091287110803,6.524627142090054,-2.157004714129892,-3.6663516588160285,-4.51443619685934,-1.466097097517126,0.02551684373647753,-1.833888216341632,3.692973986896347,3.9824236192201803,6.68483967868222,10.956473001527371,-0.05759754564018604,-0.8154667575012873,3.2701553025048575,-0.04289101961688381,-2.0176552824188407,-1.638601881513301,-1.9889618081154312,-0.4503176058581016,-2.3609215939836408,-1.4629509125277789,-3.42554825594343,-2.993604394522593,-3.5405464353260676,-3.6367211514491333,-5.396862473689842,-9.238697467772168,-9.81101656718893,-9.868764446342634,-10.540193087162919
6.326820243290114,6.343577436422532,2.931853238000271,7.626671181137036,-0.513780012721524,-1.813173579231013,1.3808994857941606,0.36370476685188974,-2.0702460004679,5.172291478940865,3.859421830816194,2.64290089211164,-2.130839907975945,5.748282816056625,0.6336388751002148,3.8401660199320626,-0.9640312466792079,2.4790040939946105,-2.3128480732947905,-0.7285197227820152,-0.9247610779297275,-0.5303433785380943,-2.0580538729558415,-1.9762671412685866,-2.680701606077738,-4.083789093448466,-3.332008965300384,-4.4524588321020815,-3.288714806231046,-7.512595103233239,-8.851376167910828,-9.962112082209295,-10.062990414907363,-10.230860861395223
5.724909258492635,5.636552298009949,5.307863571790053,5.462292582395053,2.1682582207748005,0.7443148598758699,3.928552354438883,-1.4034948765133504,4.156054403020266,3.74264702441132,5.108234782728934,9.643732325148077,-1.628815959382864,-0.41040182995531427,4.035140393656206,3.4818549507108547,1.7660099111850045,-0.32668379468342995,-0.4310646278904021,-0.7324550781435663,-1.0465263776706746,-1.9740736702900605,-1.0411377010450136,-2.0480947287095415,-2.236444186136692,-1.7400829420263446,-2.719364328176597,-2.0701578317144342,-3.5504324977457835,-6.215860020342213,-8.939326783361409,-9.907150874871801,-10.236127224268959,-10.220554397643715
5.257638367569136,5.747442267023503,5.719236991907549,4.2012133376894045,-1.0258028068619331,-1.658503489837136,-0.9472726342697139,3.556772401171977,-1.2958641003869882,1.444772717193084,-2.318564843964549,4.162078050953553,12.578303986469507,2.7400735279473194,0.9686436342658621,2.1999669191639555,-0.19075795708071439,-0.5564137833876097,1.075824154019106,-0.793414678818086,-0.1538933726575686,-0.06953638314031056,-1.6019942109187513,-2.441788133428219,-1.9550931557451856,-4.071895455568133,-2.774357690633738,-3.1699602215050584,-2.7079783221732203,-7.358652788466572,-8.609708769425609,-9.766229962831327,-10.563268448523695,-10.294319164854388
4.478971236716585,4.94663641596006,4.751349160844147,3.6784421372478224,-2.129631513495745,-0.8771245496207771,-0.6892138930521552,1.2833052888210332,-0.8107520054957312,3.48239619263711,5.049021201556116,10.216311604043867,4.924021234271003,10.082529775279385,3.480360260151879,2.2613057589556687,8.454833722483173,-1.682433229373493,0.08079279687417659,-0.029707363572752457,2.196625287288254,0.00828086076627634,-1.1625955774223724,-0.68168648372034,-0.6080316555369989,-2.433776076665122,-2.0055875649957016,-3.1864300331497946,-2.7614024080576747,-7.402990387064586,-8.459223498608399,-9.495125145300841,-10.200925922110253,-10.705053342864389
3.9270976238266084,4.58538060080568,4.165051578168703,3.681405888038056,-4.229728275291809,-0.8201061077767077,4.008965725672334,0.3702036373976514,-3.360779376702411,3.041541023740202,9.567101439962073,15.399111730555958,0.6599164880866757,0.7526056033602351,2.433280093790188,-0.9280788513478964,0.8122593235649452,-1.0892621855932838,1.8828083528374149,0.5893123668657181,1.9026536781638992,0.35816839634391706,-0.34742868601596977,-0.3947283626704976,-0.8804277113766635,-1.2519682931752971,-1.189596610843037,-2.297272320646811,-2.6084861517074023,-6.773035916858067,-8.264467341598591,-8.52973097893756,-9.988774146667293,-10.752497067189779
3.1857655088689025,3.5833691779620462,4.052387587567207,3.806584421638633,-0.7182206795582274,0.5301573745015935,1.9794525572733273,-1.6975276888469317,5.517445587809783,9.095865388826489,1.4856078088760816,7.69057214628845,-0.7036731068255333,3.1294736128084484,6.240830446777696,6.02755784452043,3.9234766778077144,1.1827073595758335,3.5985993548336688,3.2260121428392976,3.270665472097879,0.2767095072808729,1.5368545781007295,1.745616095602695,-1.901164883251246,-1.51013819495112,-2.1844518770055896,-1.5080014440236869,-2.0594764626406628,-4.49536951477299,-6.46221126662325,-8.24112104372071,-8.626959585119165,-9.442334876043514
2.590136735008929,2.9175492133403043,3.8318555491339965,3.90811007059632,-1.1493491474839175,-0.9804441177072651,4.558462814844317,3.4318759161716565,-0.2367726974363664,10.719270757529818,5.890480763518275,1.5357339656858557,6.0874676104677485,1.1818481301375772,-0.02628390033893989,0.7441291233867665,2.7639941483230053,-0.10740374068024067,-0.383699076264499,2.4462340225968564,3.5034897149866913,3.528799184167757,3.154613384993751,1.3258772718275562,0.4508427994756624,-1.2306940878167447,-0.8166675687241386,-0.8054434910897408,-1.9147526444111334,-2.0044352884599608,-2.8237774218703438,-6.842173008745348,-7.733232251701956,-8.277590126596913
2.8509515923633315,3.089434265480023,3.147897521691936,3.710332154727986,0.6713510099947412,0.44897008211665995,-1.268557192282285,8.783678026676991,6.604050795036133,6.6778618035640696,7.043879065701042,11.903974845935721,0.19756309673641154,14.808793660522944,1.3449888085568444,4.679829921451092,2.253764981062648,1.520786790412206,1.707910935128094,2.8082048693983555,2.4011423491972703,3.2098425200130274,3.6405395628912665,3.1399017420546413,-0.4951785075836074,-0.04474033294781421,-1.1676201564159374,-0.9127347305019643,-1.849973765802668,-1.9589651178718486,-2.6524528283760866,-2.9978507020688716,-6.946367391200327,-5.9608629876955
3.875812011678683,2.825009711438816,2.8651911342173815,2.6331622056603887,3.49231481481722,-3.313504146780667,-1.3529406302162488,0.07248190438767141,7.438567638826484,7.008645895501758,4.169791044452101,10.961570763233329,6.823639055442252,2.5798237971151043,0.999897327693315,3.3878497400180345,1.4990527545708445,0.07482055995354515,2.8158830744149226,2.851908394098612,3.562870966820279,3.636880190787937,4.233557752241916,3.7911984989329874,3.679352735344443,3.2676688149520503,1.0724535705509555,-0.12764624170531932,-0.5869137173827979,-1.7500363090557365,-2.503079860098246,-3.029364873589844,-5.065954303822984,-6.636018343623031
3.2154886498408124,3.5020748394891683,2.5943329619861446,2.6845850641141857,2.539675463614117,0.6976292849960511,-0.12178302963538218,0.16970547738121317,6.207493688573219,1.6951624465864428,8.889676623040106,10.537353084392006,-0.358956757003487,6.452625774117753,3.315326310317224,2.7602614538325736,2.2488153977903673,-0.07876994082888136,2.165035291815076,2.671499144612087,3.896631151555973,2.229021075366032,4.4812415417246205,4.121004517975661,4.277293820336779,3.448154104001291,2.294865020697421,1.1500855879421252,-0.02448137118311908,-1.2379021482163068,-1.7917891983863379,-3.088953390373978,-3.35734769693997,-5.718373563824687
2.9850215581524857,2.9277713465520216,2.799368483414599,3.0726329736521687,2.070474194250103,-2.245361634145402,-1.251273045101628,3.2858842988203727,9.48600727463627,7.186953941593924,-1.5465295429246055,5.474857454161381,5.110115787508759,5.849445310717927,4.183747260975341,2.635374485219774,3.242711958905395,2.948062970990857,1.7058813002673414,3.557179363046882,3.0900137498709723,3.675246874645444,3.1398712445728925,4.182307020846413,5.5710386625061545,3.758267203182565,4.150369774739362,3.1098503904539614,1.719521494675089,-0.6276669302505649,-1.382522445926332,-2.295423227945174,-4.420318562234424,-4.929740722571412
2.946575214163422,2.9351471860233045,3.344900848085408,3.306507190784465,3.736434703792929,-1.18354901290937,0.9623636578380352,2.668015604957463,7.884890305579783,-1.5819212214029235,4.163035747381602,-2.8246853017673996,1.6559914124405752,3.455676318454369,5.116042549610125,4.943330727826046,4.240524548203369,3.5619226483471946,2.258699360012934,3.011453520964689,2.570570862504731,3.965571375193413,5.191617236132161,4.142670176122802,5.734718562846125,4.426292415855462,6.483308155570253,3.399351301561179,2.5909912471250034,1.8312938806068708,0.2650775234264522,-0.9095316839806535,-3.450055415666663,-4.1583040715270965
3.6170375442966947,3.360559986633711,3.4467006113764054,3.976817951713892,3.9805674082231937,-0.4602987669202925,-2.385098478417306,6.638953536753514,7.213172452254216,3.840686705808233,5.028642999386532,-2.738965105646271,-0.7683812861894012,3.3881765857427433,4.235427526972381,8.08724338493537,4.997305707349678,3.636794940593722,4.3980144061600726,5.370592761329177,3.861440330736137,1.8677669863246225,3.2361242300281097,3.736941426979696,4.319545429705701,4.7646754659155555,3.477145498142958,3.222080842825956,3.11083672026227,2.669084355369391,2.809918137336207,1.4298373655837928,-2.164650215625155,-3.486211349220336
