script/wind100m.json
{"header": {"parameterCategory": 2, "parameterNumber": 3, "lo1": 6.000198445256149, "la1": 58.999992894266676, "dx": 0.5, "dy": 0.25, "nx": 22, "ny": 24, "refTime": "2024-04-28T15:00:00.000Z"}, "data":
[rows 0 to 23 of 24, columns 0 to 21 of 22]
0.08809724431266326,7.50282542923255,8.583971528774704,13.055179816694805,12.566269163195713,6.577028003119103,15.63009911041861,-6.918841578060104,4.836625625605401,6.696213671437139,8.539386333190036,12.004365938537696,7.069661367053414,11.038609477985649,0.730905141522512,6.032978168013655,5.375837368678552,13.032906327084444,5.688689197715563,7.200164136895597,8.498553811956032,9.176460207440403
0.9660850811344875,14.509707953360543,6.24987943584529,6.849362502771655,8.72949562902512,15.104839362048166,10.834884661663132,9.101355992377856,13.869141019179025,13.495080121620754,9.264911570773418,6.9341080053355055,-11.86941332219278,9.935780620033857,-11.074366430445975,14.71906959731104,9.373082274275736,5.973766578451913,-7.747617697245479,0.8361768447741135,-0.2297310319850194,7.227637859584218
3.69829517898742,9.35295302552401,11.241159091485725,5.326458202079905,6.929081187576423,3.27499755889343,6.881422604651798,-1.986063624072386,7.8229746987108575,6.691334498036884,6.720587974867686,-12.388652594614342,7.92443516295899,5.961851871080135,-2.888642397450423,8.13358131726106,8.693364596885758,8.933356916201308,10.336687308345379,13.39881525091761,12.810049834308888,9.220029493322048
-9.951797534260278,-10.164932181068185,12.699814932503434,7.293343705156943,5.06979180764807,14.402113857936005,8.601556902428477,9.951627146511074,15.533539403844975,4.771338647459074,2.6922594679477,11.625856444341586,12.352678971778378,8.31327838329844,6.821326566927099,8.051807857236119,10.120641179234877,8.298697844626757,8.318936043765076,6.487051161583795,5.975504570290774,7.491239641862706
-0.7611508635085503,1.714796842423584,6.627034233948119,-4.258074010676139,13.117614934422635,11.924115868059642,12.264706321159695,6.928980119163578,9.406881494770197,10.568047998237303,8.572506524458653,15.364078106022662,10.874364631008934,1.9929057014771394,11.289215945984024,12.424481510649423,6.614122025757109,8.430375847995505,6.506167547832617,-0.5690478357763964,15.856276555117223,7.378245567980072
-0.767753301137334,5.584293901116934,10.564557305135295,4.8177325695006035,9.819348548715908,10.05944757824418,6.440428002712799,-11.764069503185773,7.1361410302492025,15.756588945421647,9.180506274979969,8.46125068100894,17.547458736974917,7.862862082673814,12.477739246987658,9.502697842183498,-11.252120104591468,12.556188081923965,5.005716966531594,15.230385642615108,7.510473655498145,8.16741524975548
-6.556662438723531,17.024116388582655,9.724571099776274,12.948812261638851,10.89513755289531,-3.6537884667956204,7.3101964726618185,10.31111208800428,5.347041975714585,7.8825692248981145,-1.5768619458440563,4.621500116812405,4.411372583663581,7.070587706742587,14.514143952132168,13.76723712598957,-0.4661624538187727,8.944052882656434,12.724514774740355,11.144683616124285,1.6066869633545122,8.995204517806188
-10.993211056414085,-0.789744772128423,7.163682304038279,5.341113493052019,11.784419942838376,8.089527613758303,14.489027946100402,7.60746667700846,16.307525986481973,8.563502759100038,10.00658050739676,8.128220331825538,12.124270677442528,10.406052197550471,7.683864117145583,7.8104341067771,7.468710421613341,6.56940602373812,10.951529760430507,-6.5713500074493005,10.579169506101053,7.454329069642493
-11.085866843098685,-4.748312378381382,14.6979707781886,15.43677174528365,-5.4363750054721995,6.506148310024275,6.67677129095623,10.097250104579103,10.024870367426518,-0.8605279750856042,-2.8452250037261027,6.223421352179934,10.601235082937041,13.572168914754112,12.88925971825979,7.875968490200153,17.393388078821086,6.208652041918522,13.120335033644738,14.49028632063989,6.136418599578038,9.91750838738162
0.8998272821786472,13.600344122517718,10.996196957468172,7.291845388343955,10.822373757434992,10.444697310893131,7.123660591603101,8.584515324318907,-10.344929311962073,11.665758093570684,5.039366252570165,12.022157535703965,8.550087343406304,12.034513952217248,12.520124382030813,10.796941631245494,13.951983800843132,0.7288069392929647,7.36887325746555,12.8872054173462,15.242574190087403,8.525948513966208
6.023756406163453,8.676094693373924,8.464335177661608,10.74162612692993,7.078243368919009,-7.044105605050143,13.25268278200377,-10.475206193199345,5.8819099309028084,5.093229444500381,6.792840481873921,6.1228585088732865,2.3180025769154233,5.0069311562769325,7.0919112820518455,8.393230426276245,13.38140112957252,6.121426067341373,10.399263810505511,7.041821746777419,12.616514452073961,7.2486218309554555
-3.825448042601354,7.502350691897231,5.330319648376017,9.227681292305276,13.58318599795224,17.260039089577823,7.859033234381773,9.874342908310071,-6.641812239511612,14.59120638096245,3.1046664262412866,6.673228125788842,6.351879803123634,1.7266846845534547,8.196470754146619,6.727512629545814,8.064236786178364,13.163063164187392,14.705206774080072,7.454843765883333,-7.468556501226203,14.360903168194024
-12.180894747347535,13.285026969649373,9.685992506826144,6.736912386700287,9.953704049915748,14.024224876824396,8.817390599786624,4.212273494753181,11.10313454580562,0.6340658278289812,4.6018050821364165,11.974088907471236,7.6884939582543055,7.403895249767606,8.046851157531249,5.785606096658753,12.41285443005813,10.008435559966262,13.594878752568118,14.174756595460382,10.795290044230578,6.5559516254797305
-0.9753155633135174,15.853248596299792,12.009520539946216,7.38178119419301,4.740358152246973,8.028488511472904,14.229296385591802,9.464524376123277,7.7556547500076505,8.444116521780437,6.090093493971066,6.660471756543318,13.916884926779831,6.070142492680507,11.106360980632392,13.329237864668936,13.113130580151234,8.766151540851462,9.388187506621547,7.425171276124903,11.28737584722269,8.474491466760721
-2.583601356976846,6.876340488495289,12.314061544498752,9.47515123710712,1.8309303175334852,-3.2490434183859267,4.013388440246188,5.752431041796842,15.489736198115997,12.295073036617536,3.7859734908878364,11.57828004613659,10.713909412821982,9.315049980757198,12.115281537864737,15.478526585999129,9.535647324495958,0.846971532054348,7.013503299872847,13.239459325940086,5.591904062982903,14.667162883834063
2.5798155885350833,11.473343869694956,8.734569867601836,8.386700406889053,16.085969482632485,6.42256016012666,5.966854938149101,8.125309336738558,8.670541489607697,6.958098181615066,10.502567940940361,6.354123711014007,5.064024375544768,12.933537323561893,8.433082326330466,11.463955496298887,7.482086323297883,16.41037107999038,14.42485955576251,7.822266129651871,7.861610630206284,8.385257286243036
-2.335843639931613,9.046351902183694,12.177176637420397,15.036266817147768,12.813892121542063,10.485748000590235,8.209871726951178,8.579616087773154,14.12950730135696,11.530640471943833,7.5899087485547945,8.33597410076588,10.79765239395886,10.571470889769772,1.8417617374948474,6.500623287570516,6.168287849508805,6.204558965505518,9.69115351519604,5.262200198032029,1.9952686542231672,14.22769014920923
-3.531715439628337,4.941223084529077,4.7758079517833005,14.519146399273577,7.306139357181346,-12.7425399043973,9.471213694428407,6.256259203303237,2.973343936226303,2.254669756835313,6.9077528859700585,4.9274269828936905,13.749743824637633,12.585961127269432,1.2446001891421907,13.174944472490326,5.846335905965937,7.106489526428873,4.7994259434423245,-8.818604947391693,7.431517366879955,10.732201815286276
3.1265084860876056,11.969865243342916,-1.064251297768416,6.341897288414969,-2.693242324252308,8.413344847674987,8.292357573068125,10.977509611065503,9.517470364179674,7.796661204043413,7.676979646832614,15.92779983153462,7.267463632361757,2.4971842578051335,5.673762184587539,12.016778908294212,7.67299468641955,8.562281997324215,0.7309790320139716,14.759064890255457,9.121342180690174,6.012305467356457
-10.739348598658921,12.162657252815304,-12.440736046061714,12.405709599690372,16.342379726655157,4.743833191299582,9.506434180942284,10.796466714775011,10.475183152299838,13.76287660049948,13.609360293809551,16.583132259592357,7.590519403535,-6.356593284202096,5.223689298412011,12.208881695303477,6.479408388947219,6.119994744522005,12.23176231361444,11.110851482123364,13.928929853911534,13.37285335337951
-9.551890267691041,15.209682333535218,-9.718004790366418,10.722411937796526,6.666897317098132,5.783641608223655,5.36792787940306,8.025860001209393,10.462032719932528,6.469594805662599,5.541844081467691,5.064454873771601,6.391257030370215,5.9495622468452645,13.489681226041974,12.17648742216439,9.24285440511103,4.184913118831169,9.565636866968527,8.107173790139726,14.812940968477333,5.6594006459955315
1.5906785768923168,9.95942043016447,11.832516314343176,5.090683501465622,8.508758033589814,14.42397069380777,12.484027030120584,12.1146275187853,-5.838265370928032,8.03223574594566,6.990906537808296,11.491613580343895,8.266120697048779,7.0220703837112195,10.21218616717647,9.53137711768736,7.710396139275828,3.5459644491874545,9.50502244070755,5.223097611609251,4.441055115960831,11.990850012866861
-11.764706261552138,5.335283070799811,11.51978163465105,9.78655663455909,7.340133592147698,7.520552355723265,9.75064555984015,7.720320619099135,9.918069456791049,6.528486273091432,16.077539505848847,9.729865746199023,11.551019476635338,6.6037133415361415,13.262554514933052,12.477985351825412,10.37876782523557,4.701907311558763,0.10810834592308416,6.42171510141307,7.37387704390055,8.18188809031668
-2.010706610461832,13.938987191737684,6.995053821201163,14.201288408738353,1.810493609264409,15.531621626366553,-10.014090818212692,13.108384174864444,6.006743981420574,6.8821965740879225,-6.279649408374955,8.63672483732717,7.2754183102994245,15.513151993442788,7.840279008403376,9.444844817227521,13.149450245721717,9.189145810278795,12.129680589288023,2.9879784002694634,9.471319257305147,6.9287827012959555
