script/wind10m.json
{"header": {"parameterCategory": 2, "parameterNumber": 3, "lo1": 6.000027932988019, "la1": 58.9999434238085, "dx": 0.5, "dy": 0.25, "nx": 22, "ny": 24, "refTime": "2024-08-18T16:00:00.000Z"}, "data":
[rows 0 to 23 of 24, columns 0 to 21 of 22]
0.9082223157216406,1.222189957067357,1.8644356927606633,-0.16800831788433768,1.3691757020738107,1.1062458651314653,1.6380693143516878,1.6821712378697582,3.941748665322631,9.393084866270284,7.23530899044342,2.7033425347665685,2.2554573661335238,2.3057504843344914,8.026920466897677,7.736630683237878,3.224765952747275,2.119660019993496,1.8657106958029537,1.2458559193623944,1.3154271416508336,1.2452592340797342
1.748776520513702,0.4509687841125585,2.0665171197826955,1.8396483814578553,1.207309327634056,1.6047551526583537,1.3530391858914146,7.102529256839803,6.848727851271838,4.173495944580338,7.70732002420956,1.9568010324047385,2.2687733506877286,2.289813196628439,7.347022744756426,7.889759609628697,2.166086931589385,2.3835086716113985,1.2593136084465877,0.7401639575247286,0.8168491092060887,0.043414392446506765
0.6302066355147281,1.148955435458313,1.346263905948412,0.7979454692613297,0.9442679657020885,1.0713869674699175,4.093526138054461,7.231160068921542,6.084117008126902,5.9328889026615315,5.842315942744294,2.38720739771367,2.5439804070736893,5.248858180101605,3.993397305924045,2.9151475472123374,2.221716732012894,2.16995181370423,0.9050696094538379,2.045624156216832,0.26653203009926535,-0.5484389086296585
0.40083286878624086,0.4138149084961355,0.40850544546360457,0.9122160882475413,0.6989977630998977,3.127609593516158,4.518371283299911,5.424400183697273,5.4217157874018485,6.76090826830075,5.11620600037212,2.9262608383179254,0.8278994298994721,2.1426302211336488,3.3508651046991726,2.2935337306717485,2.154115523973838,1.9789505752896919,-0.14072414295786698,0.6209034462356773,0.5882451125578391,1.44166050936618
0.6969496583430197,0.4318746216013238,-0.5749064031334137,-0.037771560537566154,1.6761711216349313,1.5822172124232141,5.386165550747471,4.922136568971506,5.872407305503453,4.401269686021749,4.0200380058948815,3.013434511033425,2.0849427136094056,1.8276703756493584,2.6052429039162806,2.607096648725824,1.2831762350934472,-0.3094558452365217,1.560536651229403,1.216177138424058,1.5166571916473377,1.2625771412044722
0.704412807350584,0.7908331631554939,0.5785346283074967,-0.15586697372170724,1.6030402027841983,2.0019095296208342,3.6694530261786795,3.451788478825479,4.679188665038131,4.445628347785831,3.3070730637256096,6.435842360602058,3.504023309055989,2.5325663120582695,2.5228837892938207,1.114915284043212,0.4478176635835258,1.5706757706083183,1.232786065114174,1.3692263982744173,0.816140373834917,1.1561620825434897
0.7675369245824978,0.6156071085883466,0.6564544323881302,0.8826585570816369,-1.0970204868255582,2.8833631633085464,3.6612700059830963,3.499437306732316,1.7319761163567315,1.8774896686557938,2.930233478336396,4.698353133401977,2.039599776764847,1.8922129850382885,1.406359496115927,1.5281727880878226,1.421145338436256,1.26525664286818,1.411163479632368,1.0118149657655333,0.8419145573328025,2.073036061329226
0.2082873224126465,0.2656271561397981,-0.38238073046293997,0.3206778147269649,3.2862565611000503,4.003247187588762,2.7605490609149976,0.5206951771413203,3.042879099393567,1.7713858294556528,1.4256414291057322,3.2565634611911856,6.080056900160465,2.1735484820861686,1.6937171039335834,1.2106644107812774,0.5142523567014275,1.1629866752848084,1.0990047923546888,0.3965148429685537,-0.10632021896136495,3.598815555849289
-0.09320151453265581,-0.5163684749390876,1.5298036902016232,2.532200536185973,0.7622119288785824,0.8243699105342013,3.11771079290156,3.1919946654011526,1.8140396054872625,4.493685297148029,3.106908210226017,1.316752395538494,6.552017899916524,2.1107143067574388,1.3693318228828186,0.7755044035057248,1.121892149072611,0.6436774960051839,-0.06363836735902453,1.035064540531743,1.6586088759387827,2.890752990700279
-0.5716536658912436,-0.1824054912423049,0.9100344521319994,1.6560288314575464,1.8886242490283562,1.123378943409983,3.3584576347666255,2.2401452939524433,1.345193537095114,3.1721082687192976,2.3542759014241774,1.098117253808763,5.54962571984527,3.5308733645091945,1.009447567395001,0.12102516817134208,0.27812386280044615,-0.23028361202225206,0.8424283534935904,0.4901726764840057,0.42161661622478747,1.4042118809541897
-1.1038147377574976,0.5524358069002162,1.2003532223297575,1.350171492973096,1.0355914253262664,0.9909532614212233,2.397099589380575,1.0899328415296823,0.9085696038341832,0.44159422906454643,1.5826848812166838,4.97732515636955,4.373571230994177,3.1967564538837556,0.05720811186041417,-0.5342715976066984,0.2646087758051982,0.9393162306135487,1.217405226582901,0.24268835926215782,0.43805129829729217,0.590913490004382
-0.07827944569564785,0.2727875628143769,1.386084839361348,2.0961531989769715,1.0538563262527756,2.1135133281333647,2.3086739988596743,0.2849333009508571,0.3306618867455155,0.60127034183457,1.451611444723831,3.8533541307191674,3.0295251087012525,0.6613423962429061,0.2950501179557547,-0.40967222653696905,0.7792064854819681,0.31096292963670624,1.033716054590939,1.034718650336922,0.8187752979879263,-0.7063950736688491
0.22641989341128824,0.7124018768087348,1.102521036558941,1.4198645076070273,2.511853976445451,1.9527597775944583,0.05125502472047434,-0.6273596640050508,0.1157289032380985,-0.30279004188609476,0.39658926071496453,3.219305462572681,1.1537320389053967,0.8507750477716679,0.2474927828085244,0.05459910413534727,0.008263809899431936,2.260075140934345,-0.45351334927888404,-0.37287040979348496,-1.0493524844056907,-3.9504904695698384
0.40842454959131796,0.6566186507131965,1.0540178599918666,1.8340119826158605,1.8620603376035336,0.3796402137414334,-2.0396589661879063,0.01175898855229831,-0.09926741825437652,-0.9406428805522022,1.07869891745969,1.062828133780588,1.306728103109849,-0.16368714565321285,0.5748937644455899,-0.4353281526788238,0.4701285686370269,-1.1739229182771675,-3.238318448624044,-2.266404002720756,-4.2867607059883746,-2.5170947851048164
0.23612190858053142,0.4587679306453307,0.1898519004239153,1.1664075482988145,-0.7272428809624506,-0.4118320115411792,0.7991974011998645,0.3466952527518213,0.3840667768941548,-0.04942032919581866,1.9273964466677882,1.4188799001870465,1.694866655398798,1.9675822171466877,0.4044705852752467,-1.1720475410529705,-0.2829690041852894,-2.6023009856257944,-4.963771417653742,-2.820788368548086,-6.456858564052793,-1.7724656662098395
-0.15610612492632486,0.1432557706920995,2.9153678449273066,0.45016217082648174,-3.1962162802818748,1.1829327303013608,-0.04491061105603871,-0.43648613375278567,-0.9318182981517691,-1.4355316942139054,4.5524608177558745,2.081412286116532,1.2513145133580552,1.7074059939183872,-0.5861549282985588,-1.6665842519578395,-1.1558183127166253,-2.874289092060377,-4.283529869363744,-4.5321848079411415,-5.425924943931505,-2.449529646379014
-0.3151596824616771,-0.06898133418089891,1.0692868156717081,-1.2089434787825253,1.4791801868715384,0.6879981124119847,-0.40958220102546744,-1.3198883383168964,-3.30136761613407,2.1973577163809503,2.4490452205937725,2.0542788799437575,0.8892540725515925,-0.08557354956529793,-1.67167253002971,-2.761299641151077,-3.528595344723687,-5.035889190345926,-1.6440465794566133,-4.492770990574641,-5.451828491788862,-2.6573665645270665
-1.1288953420253152,-0.11719770965946912,-0.6559806915642878,-2.3284114275015524,0.32182371789019937,-0.328270516938015,-0.21166787983545418,-1.60247410636256,-3.3799874267433596,3.630232995054519,2.9122925648505658,1.6063767912913658,-0.19784926267172903,-0.24104612430056596,-1.5546201813975298,-2.3726323878703,-2.618203642836127,-4.297899693118402,-4.892937333677239,-4.542685346730128,-6.122971508780511,-4.378101818251044
-0.9184183638217415,-0.3730674968150122,-1.9141141423275432,-4.824946348389462,-0.4938342072505906,-1.0788213157559623,-1.339742622100673,-0.7273192411112349,-0.05977362657945619,4.34722046951216,2.3982906141808216,-0.10567794034706238,-1.213018024462596,-1.6379266810874846,0.05772851807078258,-1.236251722660945,-2.899010303387399,-6.235960777911014,-5.674931849924889,-5.989340047595716,-6.841770747075238,-2.9131180570548745
-1.2167863334910385,-1.0792154447983868,-2.1010174705735207,-1.820750139183919,-0.6715976254457638,-2.452548238854652,-1.1067237840948143,-1.7379357928024057,1.9503720338115393,1.7455361720978457,1.424177409421759,0.46847417395653124,-0.062485261197403295,0.6129321558987271,-0.8101758917496998,-2.3352782947889357,-6.791753639946693,-7.449804582288761,-6.977769733017187,-6.862931185273367,-5.380787560185401,-2.0828578945021317
-1.3379819931278099,-1.7583448991445259,-2.37007031235879,-2.569715283048137,-1.4462850854413503,-2.652809060359091,-2.1698103891238554,1.5478082980800747,1.464475312851834,1.2496567937413594,1.0166337533210168,-0.22491162536630388,0.20889399164982475,-1.143971633578763,-1.5945621700995827,-2.2379716219009285,-5.261471322797972,-7.892142532112743,-3.3030130973597336,-4.491355386538691,-3.2245111642822883,-1.7780389387434463
-1.9342605505534014,-2.290822551104518,-3.112384746432385,-2.8100601578205633,-2.4005117414377977,-2.6167325832088584,-1.9038543468805889,2.2462949674372354,1.054043372751221,0.64383999089391,-0.6627215932828845,-0.5153977077201282,-1.4545822743631378,-2.131369256672107,-2.3831798799734516,-3.786118411009728,-5.28032574611654,-7.622753957570208,-3.4274690400285888,-2.7156349970247313,-3.3741446280493843,-2.2249846938336226
-2.1552071886583097,-3.8121318270932854,-4.141561002438813,-1.9528235859541518,-1.9581626555938332,-2.262707849456493,1.4780124566994741,0.847982727866328,0.8298895545313868,-0.8319118628347772,-0.4534322170068226,-1.3513515002913878,-3.2578633046409466,-2.293190710289345,-4.528203967883253,-4.232997007538764,-3.187534290147365,-3.156418394764882,-4.807872749402471,-3.544415989776482,-2.5934695782333628,-2.5991973439373823
-1.8134551522236557,-3.72784337266678,-3.734420373921031,-1.226756232235501,-1.1533027068556396,-1.6793689763517015,1.5391151754702312,0.4535592198393999,-0.38148497392598846,-0.4093488138818623,-1.1945369133216823,-2.1372192724729824,-3.6252467020001604,-2.6127307760448146,-3.2952493209218963,-4.205405981246253,-5.52058165461589,-3.691122546207648,-4.012872283333897,-3.696028470326583,-2.7110916431147256,-4.271899318993401
