script/wind350m.json
{"header": {"parameterCategory": 2, "parameterNumber": 2, "lo1": 3.000054539987559, "la1": 64.9999836372058, "dx": 0.5, "dy": 0.25, "nx": 34, "ny": 52, "refTime": "2026-02-08T18:00:00.000Z"}, "data":
[rows 0 to 23 of 52, columns 0 to 33 of 34]
4.307375917326173,5.143353820286734,5.461972199129284,5.850256511772033,6.630341992142986,5.108335934379908,4.745194469424925,5.030945942386801,7.322129923133748,8.384683377025333,5.1350543528483215,4.520089195263298,5.192422980575626,5.004858442721459,5.245376485655305,5.1320267050905,8.584959611899457,4.160121651756499,2.955313741697059,3.049342052941419,5.598553106037579,3.2376464446959843,6.537795380365854,6.750180298012266,4.079468223621332,1.4281874648603188,2.080909520976653,4.363499506674992,2.7203476844810575,3.6743835659547877,2.8412132058041126,3.1602312281420604,1.989921921081689,2.586107365285083
4.214364320363586,5.2339614839228235,5.410380262013271,5.295282946057843,4.664212396014401,5.121269246492272,4.577286817603658,4.353415444749975,5.675031617903591,7.688374639276925,6.594254859115398,4.485305344030826,5.380754768303156,4.6670116041168646,5.499714602241615,4.37395731627974,6.466802135955759,3.560026834834581,2.7287195664247252,5.990685197272748,6.101600504032541,7.216695263940684,6.4178000289008414,9.013278911630405,7.273616275159311,5.546283842250882,3.6074094947142568,3.867206067352023,3.802121136686238,4.28948108491839,2.6509292671058082,3.6168431997645345,3.714259732028872,2.4401857558997646
4.5435612937916945,5.341589525453087,5.295042183340598,4.466338879442609,3.876819066210337,4.643520414992409,4.18013966213989,4.010022006154142,4.776856165334152,5.89862535599719,5.123414866156504,4.0608639561668145,5.117164640301735,6.282165064996452,7.475121145268546,6.281218378416319,4.527377313895112,2.0280787766951414,2.722798473370206,4.869460735650988,8.459073997133979,8.702904530864302,7.702380242586179,7.859584852817232,7.613237183888606,4.70905528207071,6.083362004342937,5.6424083420131135,6.5072822494727705,7.045517887137341,4.032046901807407,4.141810524076661,4.532405867517365,4.727681322699401
3.3088555293489716,4.044198712158904,5.037112407833947,5.226374329045206,4.030615958976853,3.6463578742497478,5.131580992846478,4.331242546349877,4.474152368004072,4.973141889280169,6.487997075303679,6.771660863357655,5.051760321430407,7.252736284314654,6.424313129652264,4.145936337747208,4.798582389467526,3.3461806027625185,4.1260519965515075,4.681385802141093,7.260456603424528,7.703188582508883,8.39834921175139,7.3129700311290735,7.638416814252464,6.235640797574005,5.349448026688036,5.991960780937511,7.29801774672137,7.070122696701216,8.448831405195815,6.163091253597878,7.270811587981509,7.099750291632635
2.7191576025244872,3.741715668575883,4.262881240523974,4.148914284342197,4.0144136426146755,4.121921870138771,4.1251266187286095,4.198581880494607,4.368673234076654,4.627793722523052,4.644220268918167,4.18361591414347,2.5770145762258267,5.0660878458113245,5.871946288867793,4.570096694896601,3.953468421260765,3.396400599941737,4.682137280928679,6.536160086114466,5.864509296769261,7.260609714677061,5.47489607834455,7.907887403913851,3.588466410765656,2.5400227540906473,3.7410353330049966,6.59732194799729,6.417810949445259,7.793602966800339,8.900312371219696,8.8369026442469,9.941123368666647,8.448058358129991
2.537936337655946,2.6467049284446778,2.273900641822789,2.53261146072681,3.243578642183589,4.7417418268545255,5.0131455018122715,3.313328369558766,3.4821807180611435,3.5080163389428614,2.8012599374045632,4.2227445947893125,3.0292746195126483,4.323627011767753,3.444453605855862,3.973242696314967,3.7209086483506564,3.5726989517552656,6.321320956038482,7.022616292425225,4.959453003673631,8.284653870706078,4.791707380580606,4.59211060636206,5.579765116083409,4.787374140646993,7.58114236012511,7.1245142706050935,6.826946743447636,6.974936527455456,8.163499155498949,8.318684062748424,8.883896000344668,9.180475390333616
1.5706422721143993,3.97727661352185,3.5057075686779013,3.694516253692768,4.218961290718268,4.048663036902758,5.126161039707998,4.945272176151718,3.290138455474758,2.460290243774036,4.32988754948814,3.328848591257418,4.562658756247263,4.6469588458742335,1.2371519999971607,2.646120535878985,3.6980684195761366,4.470340348614633,6.464117181138948,6.766777081570493,7.026630907127708,7.615578893093575,7.157714943531398,7.701208304015432,7.812843127565845,6.460272441121471,7.685288575481642,6.234941416704665,5.920406749684632,6.407950612799498,7.070411476991618,8.244893845229196,9.363363964142554,8.216967018288804
0.7969967711383926,2.252498335590862,3.8917117609314458,5.040323062816049,5.187660540981783,4.789349617150874,4.056028666548517,4.685175899637731,3.630744157234575,3.366122177069599,3.5121204756211544,1.5094917254218454,1.6410583750505952,3.257210035519272,2.706436145974194,3.0247844888674122,-0.06398473128951918,5.715419608947228,5.535806149711736,7.530522192078109,6.913388409401313,7.29186743007676,8.997412226820277,7.865967358776994,6.098845260343693,5.271109357456169,5.943064242971326,3.1804120004319945,7.1654159424244135,6.545535559017543,8.192185991041285,8.23367849232046,8.818536646746566,9.840492161082517
-0.20599951913949924,0.9576404634663929,2.8397533778212054,4.415374910999922,3.064759393097883,3.5291333535162384,3.287121390887066,3.655040273169746,3.7486210339078254,3.401345524340856,2.239136161540245,1.2204097540959777,3.265190222545185,4.0725558594223426,3.068083689365493,1.763703100165514,3.465646793548594,4.001242715505622,2.145815695188695,6.199111406208356,4.503740212757702,4.352941936156814,2.763024995421026,4.512142854051384,4.51362119393826,5.825102450302523,5.0350617305654275,10.184719152539357,11.927301025691328,10.436354168050059,9.4963843636676,8.297584593021929,9.085196807600857,10.86520910312419
-0.8036988848166152,-0.48032829369848,-0.5240025094615267,0.3001602069157079,-0.49728016975083156,-0.6773232144441507,0.737713177204477,0.45015384091800364,0.6920881064813038,0.2836221448660628,0.28388142940949596,0.5931470692206812,2.790295111859959,0.9493727315721585,0.7514083023577162,1.9447798679972104,2.2472593406825934,3.4462291959077875,6.119751702937271,6.875454860387001,7.204973171036806,10.00469535183803,12.76556199454876,12.53442512825897,13.509938051314291,13.489214895514943,13.138273336594882,12.327292986672065,11.197316006477545,11.168686679738265,8.721846736415285,8.642397129487584,10.384482914891882,10.861807086856365
0.06176964335930687,-0.5313944922063858,-1.1400826308620848,-0.5343024503929655,0.13648580249458014,-2.0958741605574605,-2.5474543935122296,-2.8076429501148694,0.6998888893269967,-0.011846139247402935,0.6355910393263855,-0.5188583540137766,0.4829885191496178,0.650569025192505,1.0085050337881325,2.782667866270574,4.191976397041749,4.862484569491148,6.4341652389147965,7.92330615199604,10.528243021383396,10.099691009377205,12.54438667603517,10.17697568213651,10.767486363783892,9.72282974239734,9.83828255921965,12.990208810363896,13.340285475465533,9.464252566991854,10.245951641896303,9.824602451427776,10.362032445421335,10.627398988191256
-0.26579696565209127,0.2662904081015609,-0.26112676545783625,-0.5443863344907808,-2.123155491547225,-1.4033505816450649,-0.9602836611365174,-0.5728777539948999,-0.4945073447532946,-0.4499403681389619,-0.597874591455642,1.536832772993983,2.286148660270866,4.819717393343744,1.948542549320839,5.3838470741346045,5.970282269379304,6.496229475013362,5.986266912559281,9.2604520295802,11.475723781509874,12.059984479602946,9.067994357248143,13.606777965246975,11.80967471534369,11.70856827708909,12.729844169813173,12.900995699727526,13.359077556887767,11.976243940845865,9.822154526467099,10.01144104612034,10.213844782918262,10.806729099940801
-1.4418267346131526,-0.12634800917073677,0.47840777132261497,-0.37678268988817754,-1.1922500511240417,-2.575635057189749,-0.9602370716189854,-0.9772409744842319,-0.8238044628609441,-2.22091868569183,1.8377433323548478,3.1459850081520213,3.1897492904559486,5.606222033582584,0.23440264885744333,2.4534597225148445,6.131128548532317,7.798451648071503,6.754396141656685,11.715870110521644,11.420095760462685,13.267231545580882,13.919459957273256,13.813186923363093,15.79027268076899,13.831368156512223,10.665823094961082,14.439359429090297,14.164370650221093,12.025452130759522,9.75099785032141,9.928250038342266,10.696220737208069,10.506206877894037
-3.582149125813386,-0.11533212809631835,0.488577311977448,0.47993941286549113,0.4157748603493338,-0.9933015797181617,-0.9341860265005884,-0.7674317711631568,-0.7469313951850758,1.116586979658666,2.401205797523206,2.3276950130147673,-0.6965418675816432,-2.788926608841319,5.150480787725938,2.665950461500222,8.991697736038338,5.104120199993052,8.375456538318344,9.8518109382426,5.825958661612368,12.489575487605245,13.806258882957463,12.327836305223741,13.028018722108209,13.07729007004534,14.3265184819227,15.383183775627288,12.888441008740404,12.59893334687766,10.137540376724553,9.838093432234416,10.136779456371402,10.448104731068618
-2.7063301674157283,-0.3322423420617371,-0.04791384697537569,0.05255033708137391,0.3441345666937973,-1.5248154762874833,-1.3761854355853491,-1.0123476448207265,-1.1008896925283251,-0.8275827019666594,-0.5185169379902632,2.269061806377633,1.5270734760758007,3.6892634809893194,4.929895989198751,7.949253658298881,5.14887431067596,5.587165013166175,8.146894894097398,8.329356136370379,9.979062541112205,11.001088487894014,12.968015581970597,14.97495062400269,14.247393977448038,13.534226740641824,12.837876745096791,14.686850828096714,15.228776706117532,11.328629988978452,9.431407062358456,9.64467285979528,9.928164739787503,9.853096998947407
-3.4531369846742686,-1.3353446854809854,-0.4973267808199929,-1.0017839915893936,-3.006089385501477,-6.8590415932375475,-2.717683277978413,0.6818217010981868,-2.297826487606268,-3.0292562927022426,-1.8755991646159733,0.9784625635133071,1.612236581363119,5.781885090543467,2.8286215654528437,5.852603784521555,7.494375647332603,4.534562238465551,6.540379186397017,7.487869614870031,11.448349977635905,9.142739133613636,5.94085314175684,11.910360469474593,13.417009374693745,13.703237506770073,16.20451909837274,12.394731905666852,11.998119476700564,10.76387309391471,9.68720060467019,9.502870177684775,9.94325656397248,9.681508386409481
-5.280979271566257,-4.195231260844581,-1.5759181137440275,-1.024087943992999,-1.565756677740024,-1.0805701953687188,-0.1910108610673023,-1.9053815607341016,-2.711190868747758,1.2319488640889205,-1.038486416942852,1.9503884673512186,1.6748611865016594,1.4767889048554355,2.0796691031969976,-0.9204893624907562,5.09543034948584,3.730977796962593,5.114433050951378,4.596423818474073,8.133051899015395,10.882945175222277,10.126131470991062,9.319769956531916,10.894759874330076,11.702784518435463,14.089685820766867,14.44691736857181,12.81573199055336,10.65563333236831,9.157312183544004,9.109872798221907,9.036502969326056,9.126559030848517
-6.324974172146732,-4.313520751953518,-2.8271158769497458,-0.44782848678049275,-0.34564897934502486,-3.876048328765136,-4.416774126885794,-1.6861888919564807,-0.6332033794609645,-1.0485885928071488,-2.244913108946974,2.704564986817473,2.28606982013647,1.6473597514255953,0.5754109843056258,2.437947282024538,-0.26516998044373546,2.0057932611967555,4.611308945069893,5.598150142212045,7.178188048888586,7.840930310331953,9.048139038667452,10.406521153309232,8.910493618049058,10.012607545286857,10.27780464072066,10.5938503253356,10.796298340634978,9.697767263418271,9.53483871107772,9.109041022761946,9.042539912598755,9.616774465070499
-7.630577837368801,-5.999187747364876,-3.02088780450238,-1.3114751851641395,1.2437238048631065,-1.5108906821899992,-1.4950024723140451,-5.424099581081493,-8.135273710582732,-1.02997809379798,1.3028140419714296,0.5684064184218962,0.536203161288871,-0.3326714710586573,0.020434254402926396,1.8764174564118874,2.0372022876628106,2.538070675962658,1.8606706114218015,3.7387834748752997,4.175326488021735,6.908041439298764,6.409528240785583,6.884975601857129,6.259341752102438,7.088162489569192,8.66238913014405,8.587015011127203,8.545276296504172,7.954965849085717,8.084597722493479,9.808550386423356,9.88942067598907,7.770568545992797
-8.906329855005115,-7.375910562934813,-3.7889077706616656,-1.9935923440181866,0.6015760315852957,-2.472217653186999,-1.5888991049676906,-1.1321219401071154,0.22815496254211706,-1.1957707901497945,-0.22109687020550325,-0.8550897849624687,-1.6245914366510563,1.0185066810242431,0.7702289705272788,1.5177381547019138,0.6900590378982427,-0.004915178475112201,-0.7992406501380082,0.40880458521187446,1.606731538569999,1.5698152201791848,4.661343310958792,4.519879650111575,3.5871079611829653,5.068233760304515,4.709336237666075,5.544745376847311,6.321467603653072,6.986501051866636,7.246639164188197,6.631866549425842,7.838620417174273,5.203653905843734
-10.265179259075548,-9.196658958510099,-5.9813501244039475,-2.951616699876678,-2.854952992706328,-0.7822543178109809,1.2933545619605284,-0.7295160631690671,0.7952086504156197,-2.2614807994445343,-0.7051711814806653,-1.1863842567276612,0.10911321942073182,-0.4360048092297866,0.27112380348817877,-1.1905251695256829,-2.222627469924181,-1.5125195559444553,-2.5224577948795193,-0.5671340833917374,-0.48885216636991863,-0.3286750672535386,2.1460501880958174,2.654702830900964,2.8354803946425156,3.198758990479795,2.779186192659794,3.716059420827917,4.7051711745165665,5.0047449933401325,4.885560030473057,5.48025220765902,5.45360443228082,3.2872562277671395
-12.267149554859111,-10.89426487172721,-8.588046966718943,-5.157862823950906,-4.309827648840012,-4.617291856501485,-7.555204888744906,-4.080299804354784,-5.856806073180969,-6.711014580236193,-1.7699747805740758,-1.8052925104089306,-0.8488663851397112,-1.7678072056682859,-2.826175171354217,-2.9147781295074853,-3.411927123377019,-3.5561920247521845,-3.224585210640766,-1.797247774759402,-1.9383783796909808,-0.9400501972514453,-0.03967991248056638,0.11041427664732079,0.031011612785055074,0.9307851301359656,2.326386098187944,2.641937030681749,2.3960840742363216,2.5416237137177,2.921165789544479,3.57078766307167,3.841109662914022,1.4665981013049338
-13.421634401920205,-12.83641177565743,-11.634056253096386,-7.19055923554212,-4.718543843157441,-8.870508888561451,-8.865101293780077,-6.101925298585208,-8.139740543812472,-3.8801924571596813,-2.908015142568405,-3.129774015268093,-1.1020654542097437,-3.2848292316865773,-3.664172963643618,-5.710429890665036,-5.5715915853407365,-5.340896973108909,-4.495481279731797,-3.7609349538874377,-2.2928506764486887,-1.313227758824043,0.12071523693530516,0.15151605918229885,-1.1738682125307418,0.16048842334972035,-0.13843965977364736,-0.45667296720579625,0.08882687889390699,0.3671766146130791,0.7967977577795664,0.5922604350248191,1.3212337597430412,2.463126851195927
-13.952337130476062,-14.3148033491975,-13.911904581069257,-11.740097208126777,-8.251738230812192,-6.0646895631130135,-6.806000965325011,-7.953914426979313,-8.982099535781527,-3.8720234341989173,-3.1421725540269616,-4.070293483617435,-4.574449527359165,-5.420522506338483,-5.221610641388434,-5.631825625496501,-5.796229366967627,-6.788105222639746,-5.819447382455632,-5.438934541966183,-4.311154575922906,-2.5909589296537425,-1.7403192894727795,-1.7372468658381794,-1.9542165059644563,-2.8478442461610545,-1.6949520104642315,-1.2837198515909762,-1.072292481901631,-1.1001736141849385,-0.7711671101383021,0.050274443527180315,0.5571195924294484,0.8139927677248203
