script/wind150m.json
{"header": {"parameterCategory": 2, "parameterNumber": 2, "lo1": 6.000198445256149, "la1": 58.999992894266676, "dx": 0.5, "dy": 0.25, "nx": 22, "ny": 24, "refTime": "2024-05-02T21:00:00.000Z"}, "data":
[rows 0 to 23 of 24, columns 0 to 21 of 22]
-10.09361826185671,-17.664087583709883,-20.214560733148137,-11.11282992253787,-12.562958837337929,-15.905067922405657,-10.97786459600081,-19.311034099387065,-12.231415850356944,-17.748626009712087,-9.07111708577299,-17.78819539071198,-19.493143027699553,-7.346833800832017,-10.24420263531033,-9.575606544701598,-9.395278190628684,-23.355028143415552,-8.670455947286397,-13.010021701834262,-18.04364962795478,-22.348019001675805
-9.473003957691224,-18.10534025777967,-17.081685142747986,-19.42661629254639,-14.581187690970769,-9.480538304466856,-13.60497033865719,-17.50647225357642,-10.713391772875879,-12.110184564911096,-16.172153551002122,-17.553386121819113,-19.374777857728255,-20.506666129777184,-18.45035741077147,-12.650006638676386,-15.248834405649378,-11.22815668497456,-13.981876115715748,-18.825192095165765,-10.650112083894497,-9.92567862605328
-15.188741604824935,-13.870953651778006,-9.537248304674385,-9.775895053561921,-16.55990572431696,-9.255470873758288,-9.32001706889696,-8.613402629675983,-15.386329916003568,-15.717058631142663,-11.564788278098153,-15.692799928477935,-8.815038104958743,-12.71901651250737,-10.675047348199232,-11.228561903610679,-12.404649522944439,-12.3261090891669,-9.55362443814113,-11.421678359217113,-14.91745819980604,-8.436274712349434
-15.664474793374616,-16.26498054749494,-17.42885366110374,-10.885058789855652,-12.449739104027083,-11.3341424114981,-11.532589466917916,-12.805979583367462,-9.988160821048652,-10.013609771647314,-9.747246033723943,-11.58895644043316,-8.831708032826963,-14.349974935973476,-11.900782497820673,-16.13698234217216,-13.036825715377477,-10.55353482415139,-10.766236007287352,-12.93457439318349,-13.28826981427901,-17.61300515620009
-12.87520835212598,-9.764854681162637,-11.095238101166967,-11.255223148898253,-9.404989862515897,-18.539308029571732,-14.50290693959227,-8.869554813889414,-17.097369881408802,-19.440353466146643,-17.49847474030101,-14.317973673554208,-11.708720334998793,-9.088581330994012,-9.028235334977222,-10.046617370441078,-12.277976395832018,-19.637022128139446,-19.0679172968517,-8.490734038673938,-11.230363352369828,-19.44229625056746
-14.565705881608704,-20.13955047894828,-10.155957633878572,-12.068433192657011,-18.840100924331757,-17.956841701038606,-17.668576134807694,-11.857248402908377,-9.022970577151384,-11.520124141123498,-11.843449337240727,-16.265972434704185,-11.031931647742043,-15.851631004507688,-11.744568931003512,-9.111979492844407,-15.193966647143123,-19.24820716369229,-8.019508360450327,-13.74728400063905,-12.838325728861529,-19.215713973758934
-16.47964568134864,-16.835614848001274,-10.561125210465232,-9.768262695104102,-11.788633830350168,-12.614679343333616,-18.38900044193478,-18.192801584832527,-18.618017867499635,-9.465217171752903,-10.510477009119569,-11.422520174686083,-16.828558111924863,-12.953780708314085,-17.55775026248872,-18.475089727795133,-9.855819743443577,-18.644584826252345,-10.487937820317182,-16.90587393516606,-8.614344358414796,-14.434633037357484
-20.342447874012933,-14.54873942455394,-15.474045009580509,-14.461648360251601,-11.625479979830777,-16.11193422286576,-9.861646376994221,-18.035678986713602,-14.226797184045541,-10.490724971805978,-18.217075947233663,-13.130870909968124,-10.19741683420952,-13.622287852659232,-15.559264263268904,-12.291385265679999,-16.470070629911447,-12.9548054731742,-9.69514032092585,-12.070836326544876,-10.754408398195599,-11.14769357352443
-13.677616019572717,-10.957989242809974,-12.3642381335441,-13.453217539630451,-17.976154955365146,-20.132435047173026,-20.935337187603483,-14.861869018714964,-18.925521577224828,-11.515829464324613,-12.508310035457564,-15.534699166703325,-13.810924822971586,-13.022810676256855,-10.321335590588319,-17.208691936274874,-15.474424646342376,-11.877027036157335,-19.961726458518203,-14.579943591039108,-12.686196620064104,-21.807639906519945
-8.745159994996532,-11.05918161667147,-9.741865065317338,-13.387649437902489,-12.072708629814755,-10.230859819579331,-16.741159914857864,-18.783736873475117,-16.741092411899555,-9.792363041734484,-16.754343360431022,-16.45431067076399,-8.453459321332291,-12.178236752698334,-10.190939007263982,-8.836783137216461,-13.34961897193627,-20.348896716504296,-19.715957099600928,-8.906224367311864,-14.27633568082917,-18.205638207760735
-8.889522232523385,-18.478962909301107,-18.27763895116167,-16.479794728443064,-10.491315516881176,-20.326017616503965,-10.35910172740158,-17.5945141699594,-20.05446565143844,-11.31112995150237,-21.279117364474402,-20.10971402269372,-15.639183201846842,-16.83569331173923,-23.515956532886257,-19.08636265100839,-10.13769793328293,-15.223165873625323,-14.400364531893922,-12.05032805943009,-18.261061882494136,-19.317365889782966
-12.96791090719789,-17.764251582676067,-18.20823965967938,-9.18491134249099,-9.596502634452735,-14.168800168834624,-12.05234581403331,-18.637701787876487,-13.255554905329856,-12.081481921024455,-6.691560372948779,-9.79525396724217,-11.89665717699913,-10.363414986028866,-12.23676102476711,-6.759642846328248,-12.065908592422936,-20.620967322689044,-19.705894745085185,-17.464007315647073,-19.881635327993276,-10.696744521161243
-15.294809375767988,-9.867262749757227,-15.584450946010248,-17.45819253450356,-13.350314271902421,-10.613294823723315,-15.106211047150234,-12.99644613505401,-12.404794576184786,-20.449756762805794,-14.950437333477652,-13.091960470191415,-16.790659327771642,-14.103465174835842,-12.102554072532481,-17.576146901465993,-19.6759539069373,-21.59290999644829,-15.615736654934476,-12.520670865971118,-10.075941170128122,-11.343643061086999
-14.531254538987799,-10.800140383489046,-16.59169436548866,-13.426765770795203,-7.545519793963661,-11.381355349127933,-11.483615046645447,-10.98721542363939,-15.36764930921452,-22.922334050055657,-8.091671589084854,-14.269671277882766,-13.441222550397459,-9.964751287705509,-18.217785700279578,-9.692754896418826,-15.434433208049825,-8.676233196051895,-19.021901213528114,-15.426231009543828,-11.216132599517497,-21.304095617800428
-11.778964527371398,-10.349583095083938,-11.439611226885596,-22.431819521655118,-9.554167648749365,-14.469282575389657,-15.649833426840415,-12.998005035387706,-10.491187055214295,-22.46228756657423,-11.172897186264583,-16.556848425599604,-17.960307601195005,-14.227885640158922,-8.34438486803243,-9.470441465539515,-8.810113207568762,-9.241402033181288,-7.590966480097209,-12.883339263753257,-20.576603576294023,-9.497259355589359
-13.44032982284494,-11.450095572737997,-12.030157519576251,-19.85276523992591,-16.612023867202883,-12.321131833424749,-8.764191687458903,-17.975694885186066,-9.852172317244829,-12.309740781972023,-10.90263686455229,-20.072086519200674,-14.755929058745247,-9.544596666805976,-12.770777184817765,-9.08595600601627,-14.116533579767017,-19.351756997258537,-13.103350633233466,-7.561302055548395,-16.1281030689731,-9.42711170146767
-12.058574798185626,-15.093563401627245,-9.775278751336375,-12.63377946213683,-7.981126747099868,-11.47226838547045,-13.238474818299238,-14.58027921832405,-11.796913112678974,-17.696525464858084,-10.796419395010004,-18.93867654416653,-9.264003643346493,-9.679660402087153,-10.570441358139254,-6.278149465834521,-8.854272677257537,-19.673898830651897,-11.408436242787493,-20.350531928933666,-9.626211808281514,-11.758173411727375
-11.336481995710502,-16.03064587872995,-18.53401805891679,-8.335543594662493,-13.744489046667585,-14.24537775559933,-13.85894823427107,-19.452082025066815,-16.740375288206675,-14.142530916901455,-18.434892184511728,-12.779620499957351,-17.299921622375123,-7.586810691540788,-11.021442974216296,-9.086536317704038,-20.187415058692086,-17.188795646506385,-21.217420582814622,-11.430674046278645,-20.39146961988614,-20.508757171619816
-9.43513729925297,-12.241879450597343,-9.556799371471515,-19.381687338695787,-14.477014850671889,-15.701970740437968,-19.579076970759488,-15.211225721068532,-10.129834036642642,-19.53134862561979,-12.367891435667426,-12.924582322279733,-6.921487953164272,-17.094448588617215,-15.58620689306598,-7.753750456698577,-18.451049009700768,-19.448696626894435,-15.53122785168143,-10.391925099629715,-11.477316239626447,-18.387801710569136
-13.623860529372301,-14.076833023222894,-18.40044231554512,-11.646148319459979,-16.06498000516863,-14.348813252113688,-12.07675473233776,-8.800906096400546,-12.302162856385555,-10.06163847181501,-11.485497843785302,-13.321813348204072,-10.908534640061387,-18.919937715289233,-10.171834419087691,-11.431134469530454,-18.202691917376136,-19.960230955319382,-9.611481346312459,-9.265516360506966,-11.485469186437529,-12.322165360724785
-11.708260584273503,-10.81879550152689,-14.854157204923144,-11.407915439520213,-5.705080792452861,-14.937755061604532,-12.171437440780835,-16.874031138948123,-10.732814886951687,-19.858994258461216,-9.00187292119504,-10.959167158228228,-11.525303939353943,-18.174791117880225,-18.24826323428666,-21.03554582028167,-15.449787858885932,-17.507330885144658,-14.886639897956568,-8.653594045595103,-8.885520643415138,-14.669241022845126
-12.566924351550966,-10.78492778768791,-16.651501299614075,-8.046344207214146,-21.862244190058206,-10.140365436366992,-10.64436320441671,-11.671323549877465,-17.759017822389588,-15.666807713330362,-13.891631703400718,-12.612923578699538,-4.380285542835381,-19.336597877352926,-18.17683198144549,-19.85280166042087,-17.94033096665094,-18.810368468272465,-11.901591113442391,-12.962554733116963,-21.170156011582044,-8.520469142413832
-21.282531592574998,-9.41200837615428,-11.192276022764476,-13.73124980932891,-15.001713786428741,-17.249937386004923,-7.668555403919295,-11.090510700835772,-17.891770871823255,-16.21125737692231,-5.675513714535665,-15.018732047096998,-17.227415595446836,-8.440204952218073,-14.010744087609458,-10.10904579090219,-11.375288083562333,-17.622830762494363,-17.07343910426468,-14.060555530446662,-10.614073573683122,-19.093528120519323
-10.272574952873844,-14.513690917080185,-11.502794092696284,-15.239077080490514,-13.975773013891535,-14.992916335179745,-13.857784584924834,-18.397640493653494,-9.7009194852506,-15.925825914091694,-12.948897365110875,-7.866825609053214,-15.033531754471895,-12.128907527184776,-16.8532939730927,-15.019935312490347,-13.849441018296051,-15.223693852106669,-10.888680249710218,-10.360610537657758,-19.913467192945003,-18.745732186921494
