script/wind10m.json
{"header": {"parameterCategory": 2, "parameterNumber": 3, "lo1": 3.000054539987559, "la1": 64.9999836372058, "dx": 0.5, "dy": 0.25, "nx": 34, "ny": 52, "refTime": "2025-09-30T19:00:00.000Z"}, "data":
[rows 0 to 23 of 52, columns 0 to 33 of 34]
10.3651828148162,10.210495463475194,10.814159393939898,10.200828110465867,10.876872027021586,9.389247426733773,9.787585410987958,9.967674137797687,9.429537092907383,8.55018935150533,5.368731474500574,3.7156930780721686,4.198290651120171,2.540691057153019,2.5141431376448113,2.470263696556233,1.4136352409664452,1.9192831070680436,1.5498244920579838,5.495037306543594,0.7270813265411099,0.8812610008426696,0.2787557769346601,2.8030926090196266,-0.4715762317154837,-0.764327019394846,0.5489820496827854,1.905681827588007,1.7776742788138715,1.4767207362783645,1.1815300106523323,0.9351590500752616,1.5045272237745826,1.5754794670965815
9.991127326739688,10.272223143708654,10.369821827411688,10.514825708261332,10.733220608423574,10.116610729351567,9.903752863240342,9.192947936183927,8.535092652396607,7.300093810060425,4.103705912660632,3.1569159868662258,2.7414686268175292,2.063938294260173,2.267794167553475,1.722259338600431,0.3267550878893477,1.0933490045161343,2.787747950423278,0.38009135210784856,1.5908939851656672,1.4026362230548302,0.45413395383686667,0.7178394878787245,-0.6316377242128898,-0.5489782944741833,1.5611603486828105,1.4356954574281868,2.046925135221035,2.500699717626824,1.30762047164605,1.6655809353923754,1.5592314715090263,2.0122168945028873
10.903674537021672,10.795879940837578,10.436092050905684,11.035333694531078,10.227247253882918,10.836867386166752,10.401090225314778,9.184158050750408,7.883344789829495,5.3605887500932585,4.638157134001486,2.780903359246893,2.3259694569386546,1.759998677739696,1.012720304708647,1.1179846526902695,0.549744401971223,1.0138664418518026,-2.007684384433409,0.7634042644961768,-2.1411292751080184,1.5766551712593877,0.13411128742410455,3.1478734632814245,2.063259590648471,1.1711586095864648,0.7812488128715274,2.537465999292064,1.9858722802273838,2.3100025854333985,2.275029894595643,2.1080616686086526,1.949699536367634,2.385329133021371
10.768258850062939,10.866902669854408,10.473158805331716,10.42448532326685,10.843477183126979,10.442701327209095,10.268074535338926,8.808354441542107,5.7839448373571,2.8633362688927475,3.2803096221164276,3.334592641767769,2.4283309689727175,0.8069969825666512,0.43958461660544784,2.4400131909770604,-0.9036291989966007,1.180199060554211,0.988184919738755,1.2845905008700358,4.878708651771035,0.9639132297024834,2.2674956643864834,1.473986656232639,1.2384278972464535,0.9171679178354443,1.9942939521998622,2.651810856992688,1.9729182633260247,2.008882309875549,1.6275650581916763,2.8190329994242855,2.1134524948881355,2.195419290786923
10.720696818247635,10.445172231150163,11.118928599386892,10.993903747412155,10.8757332471642,11.171298131268578,10.691937706652908,7.455159530834057,3.7645307916544186,2.8624369580691,1.80949070248611,2.539734909274419,1.8089342964967463,-0.2354270291376055,0.2823974004054653,2.5689862775240404,1.6113474318956433,0.32076402290509637,-2.9024527084023997,1.8594976487537682,4.129962757113034,3.345440171914159,0.6808029325596989,1.7234065585388378,1.8095775585537701,2.0926396971064416,2.0385675640438476,2.0508440065226003,1.8844602176060836,2.5109990198879752,1.1823586019595866,2.3148694973885804,2.1171655498981736,1.9526037719555431
11.081633845361894,11.397155700895642,11.937313744189181,9.782291319645356,10.580828100740598,11.039831712717763,10.412953399767455,5.378825395806372,2.9202115879482964,2.561799029474977,2.463691033952462,1.2465412193483767,1.073091469760247,0.8348538723341652,-2.0177664459962963,0.3296439320912221,-0.8576655633987651,-0.092814568835824,0.45412181422870357,1.7139524586555404,0.7072855349532519,0.5440757337693396,1.9014889444956955,1.5001394387366798,1.096836123471998,2.2929306313956133,1.524524893454683,1.8562589860803476,1.6716609808901426,1.5233371785138528,1.62865595643418,1.4983185304048037,1.7566091248588502,1.1229179981418396
11.683155234976354,12.32427782809779,12.958970702508953,10.735227720931507,11.07168686772505,10.945398227575552,7.983502076689562,4.211791237153358,3.244721014603196,2.366716764248969,2.1651154915478448,1.6761828878208196,-1.076813844497145,-0.8331968106739946,-1.1770609139901342,1.9675907890823512,-0.047390542560487525,2.056504231999205,1.7020852156125679,2.347696850616124,0.6973170426296634,0.7376616902805768,1.415255909635951,1.7652299112464742,1.9853038340640325,2.0613959348306086,2.7718442850594203,1.7318103601759702,2.100061150980455,2.276917249485046,1.1719713420150504,2.112837815356935,-0.20523935359459997,2.8612824691055656
12.506294825092676,12.605729262289659,11.768032767542104,11.982255499641475,10.976649473996162,11.34793813364627,6.850601331068212,2.1869892415993903,2.5271583600147522,2.2736356255060524,0.545998799133418,0.24690684645782446,0.1327289834353113,-1.2401972701167747,0.03888736368464413,1.5980735644474882,-0.37457432323324436,1.0333558264155085,4.786674698435137,1.3960186727436525,1.0967156462238268,2.0916318863127965,1.47466536911241,3.273820714452344,2.0301367091899243,1.4782958335239187,1.2441469459242165,2.467555060736264,-0.0774065731505549,0.2798217555502029,2.4138118798627275,1.6436970257502386,1.1360535333747743,7.895823493152115
12.59519991550747,12.325524346846082,11.323043055819808,11.82329057862041,11.931425652998223,11.459254896621136,5.59109837353849,2.7584970462308536,1.7923930837675424,1.4520451720248613,1.1781891394692046,-0.6536212766601409,1.459010898924522,-0.19654966679804853,1.9615028356840747,-1.002649575174269,2.5697585820111613,6.657375002991149,1.582575856479924,2.2944323950281977,5.15742824906245,3.5852988004897353,2.3939423273344103,2.1574371346687604,1.8737794239111483,1.7832483431124668,1.8464768568721404,0.995221761432776,2.2054303727287867,1.8727663028942216,1.8228737769010297,1.9783114006387732,6.12371300352098,6.847397003885758
12.257918708791566,12.849470185675846,13.434818341053607,13.230140928559505,13.024835638015556,11.01622516143202,3.6676653639065284,2.963458307273941,1.3890603955754968,-0.6884320703886705,-1.0576628302472395,1.097737282255587,0.30737145758415757,0.5638580982248079,3.147538852101859,6.082336673219963,-0.06302356038047964,2.036124449761441,1.6419370540151192,1.7549350615232102,4.444746608593425,2.287524183819829,0.5502404735712875,2.9470450480897696,2.2554347261437706,2.387594192735239,3.4025565375905757,1.7294146859092163,1.6819387424744747,1.1862367513940266,2.147535553811613,5.781368746473427,5.621024331609664,6.177367545416804
12.800695290090953,13.845625718496908,13.547088744326013,13.824200881611214,12.561747292315877,7.158622154627911,2.349404971103853,-1.3619693427516928,2.23472603909845,0.46099352398322085,5.849351928752572,3.14319865107822,0.5076981457164842,1.6656643692963435,2.8764089417700904,2.5179027508890464,2.90598415905848,2.0459680606468513,3.0806004221935233,0.8870186732613099,2.4109708890209567,1.146235974243123,2.355498218789304,0.882782533460102,2.6313459319079953,1.1768927691265985,2.4646630039872237,1.9669261129701943,1.2505420554052287,2.5838814753501813,6.106376728802263,5.64986796466391,5.794519309261948,5.371713479853236
12.914441511381055,13.895966991298454,13.68753027997775,13.71780297716981,11.450353507998672,2.0610058293924283,4.139679475897223,0.9410546642169507,1.2415114369583546,4.071043761245669,-1.319811101509143,1.4857811522625133,2.806760115120436,0.01565759591077662,1.6571678889011132,2.094610959550676,4.347308158155077,4.276637871679904,4.801934241991278,3.8125588197988645,3.742409788813248,0.19010937003409964,1.489451823855431,2.835061992099723,2.0568873485463155,0.08352112506181063,1.6835712158496798,1.660780585528489,1.6894141534788827,2.2138055936649246,5.825660730396342,6.504979015572787,5.787158341408359,4.869423572293826
13.497146700043107,13.995845807774392,13.678912169573982,13.734273351376466,6.227859781893545,2.0525889021545587,1.4409053481947471,-1.5375523597902547,2.503839484998389,2.051552332066641,-0.337823787091874,2.774697999318715,2.9434993491882424,5.0063919915909,4.815643012668132,6.263479822233131,4.025624768621511,3.738677348926215,2.8113109695552883,1.9358400719662654,2.4253513110376494,2.417063566799876,2.0327521788499388,2.2637275207536325,2.156815157674847,0.7631615716791071,1.7798902354433526,1.495284654930807,1.8443150301737123,5.619863828227849,5.6859462013843425,5.062447102374901,4.764175101143896,3.595833280795124
14.124633818618316,14.113824703973243,13.990270753909085,12.933392762006115,4.341766451854927,7.816782805488774,5.35838921701525,-0.3221611345731179,4.716901337709006,3.2082751134057954,4.318455746708466,2.6400178593276125,0.6082624236138926,0.8073543625714262,3.372294408090966,1.4384082538778658,4.811522924991546,2.7493199405164557,3.918541877343067,2.3575145622185976,1.1833647592729428,3.8288839703358573,2.234226002731552,2.7836261392911057,1.2805797197158582,1.7716262241766776,1.760249502879364,1.9316672637504686,1.498052268721962,2.3548605493679444,4.0222507656475495,5.443432563702067,6.017621828675021,5.068606518446477
14.001206406800382,14.325211011526529,13.700312742029919,12.313503152507424,3.4755463271132165,0.6165740288867873,-0.4465926084978329,6.082721982200291,-0.2550696600324819,-0.3426062253056131,-0.43751314634412697,0.7721225367252338,4.099102689755695,3.1725280991779488,2.5615557667551085,3.401005775666897,2.4238767183276217,1.7075173313240553,1.6570966135589515,0.6752565145167857,1.5713581061173607,2.03405580380478,1.4196196155616168,1.6436037871409455,0.1376905455758368,1.128383441431137,0.3908670094352299,1.7638169500389609,1.0356286036865845,5.432935213500162,4.575953472290887,0.42842810609540005,7.446973840821272,4.617399809487746
13.75619763339732,14.23545457508168,13.306769287657398,11.935509949687823,2.142461017565373,-1.0880250122202695,-0.5989667948437171,0.6886047844004397,-0.26866865122901007,-1.285314949754785,1.335774339818333,3.0769999388216362,2.495402588429827,3.050193644126979,0.4753975048452641,2.834710327599203,3.7676797268583684,1.2700228858217841,1.5061129844420689,1.1162142443604306,4.015029981530816,1.9761989483113767,-0.33571776702445544,1.269129229495932,-0.24223546008361865,0.7471023599174332,1.7646230344714013,0.5782990118493019,1.709932571168617,4.889839323482108,5.723431825868688,6.457645108888693,6.263871309573603,4.193912790238594
13.979769483910625,13.888087085860587,13.049778159478416,11.473005170054615,2.881872221360407,1.835613746655741,3.0805173323691237,2.1358768244458566,1.4385481072050246,3.377669134605232,2.5116036187844797,2.161324756012218,1.1314530513927679,0.7521175199294482,0.24727330013067714,0.6050975129201634,1.5852695396964074,1.3624235384788344,1.1329609126644447,1.2955478668278138,1.3681695531125,1.4756084233108582,0.6346132097880748,0.7246941945513519,1.0564732747883394,0.37589974038196083,1.2232340970217006,0.07404374965436297,1.1769700748546292,4.628083675497098,6.175615484906719,6.883334948095403,6.419481893460457,6.071615015936928
13.850941392884897,13.440583960535207,12.965177950115175,11.380859348315147,2.079501639764797,-0.2389641328827383,2.287406756460282,0.3635616857462254,4.766354314043061,4.18673581641251,1.938849220419476,1.1862651607137975,2.4345729574016395,1.5322612751126379,2.102369192458781,1.759722385519081,2.4070063174909757,1.297211030480788,1.8860284163119738,0.5731139237878106,0.9977701197130198,-0.16311539501035538,1.406900490433126,1.4441447069629092,0.766077166016109,-0.9503692173044522,0.37368613243235965,-0.28723461132382044,1.3013824604275401,4.4673818124790134,4.574228932698918,7.065658551353788,6.109760260123847,5.443428142317651
14.095030181758782,13.397483037679129,13.031830682456594,11.427668864645046,2.948444995660269,1.2977808900867338,3.2273347333932785,1.072023203073546,1.5043186400871653,2.0606951377126843,-0.22719792028502298,1.5944545559799412,1.223876592200109,3.312058852159689,2.0699258968370113,1.5974775542680903,0.13789818443006913,1.242886395192897,0.9867191851433889,-0.5256860079619505,-0.09277039090185062,1.1425561619596654,0.8664056884780064,0.7386095878291977,0.5228864658058044,-0.14587611905072997,0.749092526604891,0.6012033274117051,1.0675147679226473,0.6784715004696765,2.223297833813119,3.8117336808225084,5.301907107399134,5.285505271749814
13.811194195696777,13.255838757584609,12.929129904996346,11.643708359775548,2.3478186246689567,0.9603958517145897,-0.2602839737721271,3.3094952327844918,5.731771776330997,3.9425791319449126,3.8423075384075527,3.756227247944504,0.8716767337690899,3.079416925885072,0.060793445475734474,1.5536604084701833,-0.6283120284867969,-0.750491057279519,-0.029674685234875462,0.0689843434699646,-0.5281122296128673,-0.41422916523716474,0.9069175414196889,1.2195063047487125,-0.05894784743563713,-0.4733962103608377,1.7687508228918813,1.350146948161379,1.0330070885590743,1.5273057495069726,0.995155314304993,1.2580875026273508,4.679808554634187,0.9016750550326424
13.530874667164248,12.789113150464855,12.993299463859804,10.988394453671773,6.980162144734185,2.2344018213935284,1.4208807513106636,2.3839948440771423,4.112420782825334,3.4931039963962913,2.4688302704742715,0.8076149778780662,0.7274069317577391,0.24339878956078365,0.8539274772705734,0.5284189637782452,-0.2629935264041998,1.012364595415482,-0.15686606813276396,-0.7457278660821217,-0.10416987645251612,-0.24798866877251247,-1.0834275630578936,-0.6719600790954317,0.10469086995501536,1.09275704509829,0.7425142704190572,0.9707642392442986,1.3522548798460632,1.282614499677119,1.119322118749098,0.5363653153050802,3.483089834083409,1.619186691234585
13.104724376033234,12.627053063553877,12.951156592859357,11.040233946044873,9.25700630052961,3.5915988529171785,-0.661380462179365,0.4321924913411644,2.3186520516964104,0.021679948569509666,2.184858996341502,1.7906723955197836,0.6338599366268848,1.6468493316006318,-1.2365120776710352,0.2271810808888935,-0.9641361077279961,1.0572496318955755,-0.05200724425074144,-1.223719760480586,-1.0898840007294954,0.08384048950114675,-0.8092379928724894,-0.474463303136488,-0.26578188688278603,-0.25786456220074927,1.0611831042824766,0.6258030571930461,0.8606902341645661,1.6217876604157797,0.7601072609404054,0.2547523060755039,0.7562151746033161,1.1851873237198143
12.439962145644756,12.323740654452097,12.375942716258502,11.600594736884897,7.014104934677015,1.8752254804670345,2.006676209298303,-0.7343376166597352,3.2367753983541907,3.0572920976927462,0.3080413748842306,0.8589773719514971,1.5769391860396766,1.0143296789014722,-0.2662001145931893,1.8681289590381178,0.5332139868935574,0.4482019477598601,-0.373047677006175,-0.7114696577908822,-0.30870755263546146,-0.18460065194973127,-0.1712094386435603,-0.6317627619296746,0.7676888140894755,0.16651897081217662,1.3563510492225093,1.6100860938483719,1.1641191696570843,0.805979761470317,1.3489267011816934,0.03746325775341994,0.9589029239387704,0.7387447471525309
11.661900504143727,11.693358409622377,11.681855312232269,11.592841508356715,8.864365253691332,5.553021041905751,1.0325139106563264,4.4641483616484114,2.4004328281941762,0.7640054772770621,-0.6131017553701251,-0.11302986464494853,1.6226973927947084,-0.9269903442270321,-1.446599763414907,1.1495374475779472,-0.476314170224535,-0.3927770315026906,-0.07660967667865479,-0.3747479654801427,-0.10013539683760342,-1.3241843519004293,0.4310704886431536,0.0012863949268601693,-0.4405893020225104,1.2575971188558785,2.920453740706271,0.8586202950397691,0.9817368020295016,0.46902006856688,-0.5413404627890136,-0.6019247642340226,2.7925458467386153,0.9460940139292208
