script/wind350m.json
{"header": {"parameterCategory": 2, "parameterNumber": 2, "lo1": 3.000054539987559, "la1": 64.9999836372058, "dx": 0.5, "dy": 0.25, "nx": 34, "ny": 52, "refTime": "2026-01-15T09:00:00.000Z"}, "data":
[rows 0 to 24 of 52, columns 0 to 33 of 34]
0.49101962493088214,1.1512326874992909,1.64902044556582,1.9702393258559674,2.488732916114858,3.7540710075976644,6.143045293462176,2.533902403588503,1.9449770950232788,1.788107901455023,1.7404356772587717,-0.3749227697217717,-0.11359931189329708,-1.4396727123145123,-2.9174868418849678,-3.1945933617197944,-4.587187894516527,-5.542812865569635,-6.258258754805156,1.9259729798797156,-5.24572850980851,-3.689404133280707,-5.07793374245729,-2.0717066372270443,-2.1918950828855364,-3.4761775779354087,-3.1708821579133692,-1.3521981522227708,-1.0820496289178294,-3.5959995264005036,-4.471921366677202,-4.855941835288268,-2.569587264054863,-2.3488290590060275
-0.28951868248255885,0.060949855611666014,1.2162724589578409,2.272468714786565,3.122036508048676,4.219068903619437,4.5417564222353795,4.568862821843056,1.9852992156114773,-0.12734787599299527,0.8945860445646098,-0.12389403408732866,-0.9937843537856402,-2.7217356333022864,-2.3750016635603126,-3.1573070020316,-5.43193207171907,-6.632207048931894,-6.529801162819672,-3.9673858882349116,-6.827076908542736,-5.124827106816364,-3.2572712581381937,-4.234343637859857,-3.83362925666939,-3.59007380756698,-3.2429943403430954,-4.528014266197578,-3.272263186663364,-1.4534292624171616,-4.015639122070442,-4.886307707811462,-3.9009594287714986,-2.5583079883875506
-0.39208873301005653,0.706511807628453,0.9964734243466479,1.8120381703036936,2.5294391229465742,2.714681071031354,2.5809839479656373,1.9373665324396032,1.4617374203167453,0.39302393465974866,-0.18704037906536267,-1.565673654470401,0.6587311486029365,-1.3305427645733798,-4.639053454552905,-5.438682726019479,-6.899565929847889,-6.402835355719381,-8.101872961368962,-6.922499447107022,-5.481241832457259,-4.281303014693843,-6.6922723130698865,-3.7670034698843025,-3.5206511229568416,-3.348913899635087,-4.317381078029732,-4.447259542927681,-4.857601972847624,-3.080093339749664,-2.0044132029177755,-3.889344779010013,-4.122559296329857,-2.219418983910216
-3.101849823053355,-2.248018718294792,-0.4282563537391616,-0.48821731042875177,0.15267156522829364,0.22361212251679502,1.3270226674108427,0.6959661219504323,0.10387730262318466,-1.0506874020682118,-1.574627540439313,-2.573439526618558,-0.34114710433504164,-2.9013456428665134,-7.027528115164235,-5.6319108303740215,-6.647326356988987,-6.229713344211406,-5.05907249097538,-4.9575256143546085,-1.5690727781709135,-5.57118691061161,-4.989687249079344,-2.8087391715436976,-4.445259471533643,-5.515209587721056,-4.659506666054185,-5.7746733318598835,-5.540610533902721,-5.28482588858207,-4.9885065699615705,-3.9895816729653086,-3.662371794601418,-2.777667121628477
-2.1323679482897706,-0.5963346619023607,-0.16712312763896886,0.4040553703309893,-0.21282411933096854,-0.253717334834594,0.03293557817861314,0.8530227670214714,0.9110349655150998,0.7342612638822961,-2.7854359375624282,-2.9133962404197797,-2.1149004686796826,-4.174612981607899,-8.526173692333765,-6.943715716266351,-4.609296584027162,-6.910406430112628,-6.4582188835194385,-4.447500121666221,-1.5247877495838662,-3.9348688244057435,-3.30750560469161,-3.0034586032992814,-4.802272122720098,-5.027159344734743,-6.518627901835832,-6.991433751902383,-6.202624217524921,-5.97608446908726,-5.9698396471711135,-5.503503163423235,-4.292804846154265,-4.230362146593618
-1.0920357515574077,-0.7927914340894361,0.05830920887836379,-0.4405404578547504,-0.15620982299510416,-0.6440718079013509,-0.3525856607949113,0.06602547198392864,-0.7208568466678433,0.3320488184460692,-0.3824246917832149,-2.3790039370594287,-2.4567133043595044,-8.449940643822597,-6.9028648061309745,-5.431254909157713,-3.113551046253586,-5.401479150336257,-3.744135275565961,-5.130694289640466,-6.729831736889486,-5.572654649424063,-4.505221858267057,-2.4165912253877697,-4.606800372033123,-6.234039691668629,-6.604221800048282,-8.409991341965092,-8.428828655929411,-7.721190772848484,-6.625657413823777,-6.329937624960022,-5.586881757891919,-5.1698358039461185
-0.7971145689568869,1.330152032109386,0.11989707141294964,1.2500232880996731,0.3159896193524127,-0.3726837582115603,-1.819472021542373,-1.9478269296575255,-0.6058550346523742,1.1244403756724863,0.8768067174498523,-1.6377226819093558,-2.3883762008466234,-3.3376910037896965,-6.391792832578427,-4.478048387017727,-4.005321640038602,-4.95785439666894,-4.154023160604429,-4.945801080381738,-6.93316049919023,-5.219855662092192,-4.4833281829757485,-2.7763851235531747,-3.5153268274604077,-4.287432903212686,-5.809020779759005,-7.774509919686885,-9.186698409877964,-9.042669033336717,-9.635436128613033,-8.061898130291429,-6.728250538647412,-5.712005108851076
-0.3698117768235314,-0.14735731179825023,0.2980508873954488,0.492952435126983,0.5185787363200074,0.539630885707959,-1.0972301442532713,-1.2593317781194977,-2.0184206451327924,-2.7400409827148446,0.5559693021375426,-2.4391970648281966,-0.4362527190832443,-0.04738535501826863,-0.5127058750388337,1.6930858134058628,-2.969248578022869,-1.792254129793551,-2.3044406470768077,-1.2897364248182508,-2.0074082041283146,-2.8429288361434883,-5.421315284440451,-3.141739815244926,-2.6209673166666114,-3.322585409880675,-5.4424799135423,-7.832551923192378,-9.996888019411207,-9.196177138649968,-9.75652623855314,-8.994193387429133,-7.549803131919955,-6.872048327780768
-0.5618358455438457,-0.5493811680603048,0.37777525264636885,0.43636542263834,1.2402867629676038,0.3026119573144274,0.15076746204573677,-0.6370010666741182,-0.6676321918117594,-2.2447716159540465,-2.38843313884317,-0.30285803937034844,-1.805044397373073,-0.8280410646858883,2.3232016187925457,-0.07249943995828423,-2.5803678859492933,0.7606201552892263,-0.9843586710810219,-1.8993769895074935,-0.5916973031697121,0.34222322276198713,1.5009657504225256,-3.0249460197319347,-2.2004573589790715,-2.2230457761087266,-3.2393412411393485,-5.807737341642892,-7.41947805612065,-7.342103314104163,-7.5508510636125195,-8.410341093500236,-8.623850581829203,-7.554211726886383
-1.304818275547877,-0.6438626874497634,-0.015572321867018698,0.4290884459747625,0.1280689385572547,-0.4952971147957938,-0.8061127613341199,-2.282579871581183,-4.052785365547005,-4.121956362599319,-3.1369908118313714,-1.738189173741166,2.171128649296311,2.573459156832552,2.549146143947282,4.972098650709111,2.5275930392464465,-0.3428355298258058,-0.7107580096412222,-0.5107715811434057,0.7323051292378597,0.661078778853964,0.9708331421357747,-1.3505548542643286,-1.5843241763393536,-1.0200520052684587,-1.5417854120898402,-2.499986773320064,-3.019111422486845,-3.7010455721114472,-8.749127402053695,-8.365199122930205,-8.339888538597902,-8.123710770996782
-2.5826397518619997,-1.303788169910403,-1.1096403663334122,0.10466778260771631,0.5611594002708061,0.41073789200360306,-1.4645481899655535,-2.0949326611481207,1.8376670251746268,-0.7643142782881517,2.4184017022796827,-3.88744261588719,2.612228558221752,3.2757229671411094,3.7833297274604116,0.7061580083088089,2.659278975726862,1.5545421998476556,1.4931141652659772,2.400502983105912,2.1702992722353374,1.5642109895622418,2.4129125333047057,-0.6431362285220262,-1.341380185772092,-0.030712796822189734,0.8818271842611377,0.8194860637453077,-0.05345491542874164,-1.1825426960423449,-1.3141199009098234,-6.472071597050962,-8.76686461323844,-8.03922582594828
-3.5964271625176263,-2.578723539115894,-2.3700707006000536,-1.444352530057581,0.22277434821699035,0.02766524705877902,-2.952950259618968,-2.4885970540178484,-1.7458149953589115,2.2661665313087305,-2.6552194916988094,-0.6024714184295955,-0.3887107308601942,2.3068297221350695,3.3434052126966196,3.9033525092838284,3.0268044957582334,5.248040325714093,4.235320113121552,3.729837286015863,3.2797430701499755,3.4706817714379126,1.2957482731071055,2.4629176267616253,-0.20309375882144862,-0.3466703101043653,1.1986766891454812,2.7164890671646575,3.0328835573446473,2.8836709046804345,0.6086131211811691,1.4069699392865636,-4.648298860897356,-7.752281566438291
-3.0264763984573197,-3.202903242887437,-3.3935146829128584,-3.5806827478384236,0.2060702351811774,-3.0414073128220505,-0.6661962635779245,-1.7367027540390116,-2.2909255681159153,-3.1366540316910005,-1.0531972710557551,1.220102178720539,0.39570807857206397,3.174735835591069,1.0443851314038313,6.896383188256926,3.082140574650016,3.943812636106002,4.6907941104464435,3.165266489723312,3.6834217955609794,3.1086783177152433,2.9484529657654597,1.2578820888595137,2.677917282528384,0.651125936945355,1.2765141174440928,2.343578686272248,3.549071906517644,4.215822756275631,3.0616521514647808,2.2486219012733737,2.0180487764832113,-4.007939762163507
-2.889339113790255,-3.6478514144690894,-5.0077558141633025,-4.449621567261357,-2.8716878691830194,-3.532644391585762,0.7571079235280377,-5.673023115336781,-3.905573039840824,1.977007718013144,2.788630585281154,6.493254699385897,-0.24668486881255183,-2.6385095226359043,4.579825564190892,4.355199378544652,4.349431865451673,4.175579416774779,5.887482162343588,7.464038835671663,0.6082804956011453,3.272561260286538,1.7957505617508411,3.3373734729143725,2.6604650217827266,4.026988459611548,2.3908730944733105,3.2219632091711814,2.7198174502472607,4.388339038063027,3.9453787792955106,4.024399409643781,3.4480634345993235,2.5476915262502384
-2.5081141565250746,-3.0972207139883925,-4.410922304505602,-6.100287018216103,-3.165769531685713,-3.7314758820463414,-4.565533862442585,-6.916542344338695,-3.2319226211052583,-1.540950210338564,-0.45236441989285486,2.491032542260639,4.586848196517164,4.985030923277964,4.4016165164801775,6.082977487064166,3.4427543791992066,4.531690370790957,4.921905939660377,4.944457868316926,6.63228502936253,5.862401167558137,6.817927717549402,5.3538496285016,2.6876234957744103,4.0488043803788765,4.220515978816042,4.5141550367921655,3.4776443616231645,3.502934992853831,4.396868546267576,4.524001764948183,4.232758758469406,4.264045993171486
-2.7574829235858256,-3.362857744000526,-3.8533098140574578,-5.095046136226922,-5.2750372718778,-4.542056551928097,-7.018952644798125,-2.990543507225967,-3.2514978641952306,-5.404710381007725,-3.519370823820617,2.0393076896657676,0.45893989793815937,4.8671971243834165,0.09890919332106675,3.5154278467579663,6.257289647449366,0.8414059268445979,4.205357325810503,4.743211523681245,9.103183243814737,5.147907703280584,1.5353809281843531,3.035375122572555,4.03140061128737,4.620841614295024,5.349882496546179,3.7332369197816573,6.502567827216793,4.202034979708504,5.664451458039295,6.788473928403172,5.344253819504653,4.780125954663759
-3.5129121141334214,-3.3073264868518657,-4.19841232438878,-5.502232688211318,-5.461755942669825,-3.8463798535718157,-3.272215916089496,-2.612878984402501,-4.540621464335625,2.142681411046821,-0.9008711551051216,4.824934785428457,1.909868892843612,-0.13655062064909126,-0.31555968218397856,-3.6206061452422955,3.043006141526239,-0.4910191743286319,2.6561620905157604,2.0077612990001854,6.176504556980476,6.857952700042959,6.769674148906006,4.329677661096624,4.77291252593608,3.860780284331305,5.45151571760649,3.9604939633668854,3.778411118253271,3.824971174030665,5.576779605703334,5.554125176086529,5.5321680966838604,6.384401994350787
-5.440614717051107,-3.536784852191867,-4.292065663773784,-6.127437516725986,-4.294477633107489,-3.5010327217412187,-2.9200405354416685,-4.436723283141166,-1.322481888141889,-2.6392942024491175,-1.7374687637411308,1.020269602626638,0.5063731584025364,0.8927707707827512,2.689421704229496,3.1327084562184466,-1.5477855689191142,2.454476417043125,3.9992149324196484,4.280529678821977,6.344600583045432,6.033377778869681,6.486099567451383,8.520705999877004,3.464441291729493,3.8014057831552956,4.450404740722859,5.907811985399616,5.640634865272808,4.864120746778077,4.918600054348852,7.136076213977851,8.682506641955726,7.229473942683857
-5.984472712629656,-4.77652522829636,-4.464728853847459,-6.316062279355383,-5.006927891663918,-2.9995535785913043,-1.2277523011966889,-4.41870505263671,-9.792589282926054,-2.455623253730652,-1.765433366596816,-1.8583463591773624,1.9567849932749146,1.9872230226106578,0.10964996805272806,2.4931456467475495,2.870570735216068,2.913382954276202,0.466516714072193,3.8654860640517303,3.265349431297159,7.2855634838607894,6.913234748174143,7.217635382788762,6.290075321763821,4.236836638982747,4.886987041548966,5.2685662371024895,6.171343167415783,6.393647305165822,5.40706104662844,5.860135736270929,5.921676735564787,6.236807398198052
-5.91887591506606,-5.262463997502321,-4.8966869858895645,-6.751508925082204,-5.535221190166615,-5.075281233672088,0.18439103679033403,-4.0775034184004495,1.0655720819787167,-0.12286309171968703,0.3514132253454354,2.135190521769371,-1.9245952109869273,4.815879348543331,1.6778172766798802,4.841840752354069,0.6869419537717524,0.163565929542176,1.3073746978557073,3.1087990152056895,1.9567931248856865,2.8953271389513153,7.526701561687742,8.35064718668787,7.1054310593558,6.148694690729179,3.9945427956524897,4.7087434579290575,5.763446501712083,6.1296406828197005,6.302175210195431,6.732923061170969,6.539224958666805,6.6757570415314245
-5.697350384965163,-5.882680584046169,-5.338951291277494,-6.634326950367361,-6.763747473068336,-7.496886898612743,-10.083223483218136,-4.159377782025563,-4.192795478717155,-3.5504175410022314,-1.8043402395737944,1.0743135597236697,3.396199154268385,1.1800486450473737,0.6943684009413882,2.739660714699577,0.7989475880797177,2.766336808796482,2.6634848842204693,3.463831649065212,4.170955253391374,3.318862432814309,6.0795940205101475,7.2493529179846465,8.691553851147894,9.207765198382846,6.166245854686346,4.114574140832673,4.577401409434797,4.2976438594045465,5.21195297303957,6.166675648547002,6.865704721429627,6.914427858857938
-5.702319927703014,-6.437571894167086,-6.0493616856097825,-7.226731336129813,-7.571391365825701,-6.026706805449635,-8.496950280650907,-5.244892357340334,-7.565445437262731,-6.238787062472273,-2.0241139191549227,-0.774412413518364,0.07190863242585545,1.0348597636809702,-0.7484792244730487,-0.8207007607790944,0.7983531447160039,3.2774580012475103,2.835547734345642,3.017201735768354,5.72728100409442,3.0173363046600654,5.1859170548753495,5.24092611292348,5.603974106386751,5.952354393832585,5.74266704335396,6.231249029067568,6.947575806050652,7.511920824142226,8.139707921355127,9.09507490485266,9.146854300869647,8.559630068747174
-5.079735844403695,-7.517437370898246,-7.10310153594969,-7.997307056758829,-7.667158648974522,-6.992488351213956,-7.82685431758966,-8.195866660770035,-4.631483018237196,-6.397788222014374,-4.012328115858008,-3.9637859686839367,0.3766072344562197,0.7874989352712811,0.7956322658797689,1.6519213306153362,4.569694773581975,4.921399247485524,6.155080823344541,4.880056100314306,2.2870182679523556,3.022759895460511,4.765981472311469,6.028370999961457,7.568782816519342,4.091862363081669,5.06746402339781,5.904985551334283,6.3380353563126794,5.713084401588053,5.98102804378944,6.634179074693965,7.280849352729102,7.034770037796236
-5.872466310579685,-7.304658453430462,-7.941824653538562,-8.577942174111591,-9.09387900439074,-6.273557843174568,-5.5766151194887845,-12.855871042198867,-5.807755291200875,-5.193485241912312,-3.232213454829873,-0.6210600148359483,-1.218051444583524,-0.12013168576608417,1.5988523199532008,2.344544892091935,3.090998294971472,3.902611695499321,5.040321973743674,6.39209418138326,4.308053397275771,3.385398085048317,4.404722354160476,6.132533080498026,5.990667330490634,5.073531322579619,6.677769319701746,6.699018922516628,7.635789522068698,8.484440339698887,8.145107109246732,6.521048228833563,6.924015903625223,6.998422491191515
-6.950827044599664,-7.566718349324204,-8.462011454610908,-8.850527524100155,-10.129074435023986,-8.190303174027012,-7.792921051981003,-11.262375101825416,-8.270999968634236,-3.4399884913734295,-4.0381417709792995,-1.1802462498348136,-0.6358440949635645,0.05903981745396604,0.8826814832476262,1.671417891283804,3.470748318802498,3.3075716974198137,4.75746120302414,6.611570251870365,7.617974040896976,8.166728710806822,7.541479311731071,6.633412266896741,6.89940542003548,6.917222452935136,6.132126116076656,7.349524517069781,7.688215575206076,7.254577838151189,6.433769419127485,7.656188733107783,7.941932626082266,6.616100353355924
