script/wind10m.json
{"header": {"parameterCategory": 2, "parameterNumber": 3, "lo1": 6.000027932988019, "la1": 58.9999434238085, "dx": 0.5, "dy": 0.25, "nx": 22, "ny": 24, "refTime": "2024-07-02T07:00:00.000Z"}, "data":
[rows 0 to 23 of 24, columns 0 to 21 of 22]
-3.579011853918183,-4.753905494310418,-3.776914434491391,-2.7865116172628768,-2.344827504015418,-2.607038022283973,-1.913296368305731,-1.9569974345355166,-2.138271436341759,-5.179827496200945,-2.345290819571548,-0.11098455578797885,0.8674568325011794,0.916594640460235,4.277117671460336,6.188597053085751,2.042602112580181,1.1166310651786893,1.2109187651353392,0.8833763113236216,1.0451454945975145,0.9928435568837417
-5.085168897634177,-3.5465594380405405,-3.572362099498693,-2.5536157753124478,-2.6753195370050245,-1.7708194464021798,-1.6055204678936084,-2.259937010393562,-2.3631429862892044,-4.872246152399467,-4.137911670556205,0.8500243777695883,1.4681096601919092,1.9802282573886816,6.211117488600957,5.5266397818851525,1.2821792543439239,1.3777192968770184,1.5408535296457309,1.0367192220234522,0.8292403629819038,1.0760143899310592
-3.648570153819733,-3.215444389603747,-1.7046522599536638,-1.2683038659987278,-1.8198167875792606,-1.78274566046606,-1.5677618160233744,-1.8747801917247064,-3.311702331165827,-3.4154857510083945,-2.3228236357759298,1.4943529731078986,1.7672910535718431,5.19626795589043,2.8519862487147374,2.0888492413288486,1.4721464931926813,1.566582699482094,1.4296430748669737,0.6249227916809698,1.0131248524663592,0.6712993244551706
-11.656106098071602,-3.3395571070628276,-2.5501186883662297,-1.6100004294616852,-2.397383550388995,-0.16874478210310295,-2.4159512219822514,-3.2671063739935517,-1.990534071030566,-0.7227604600795786,0.15848952897887947,1.7928329401495837,1.72749551196467,1.8493582809573168,2.7396625966753203,1.7605640795458735,1.5803908736572156,5.745382166285665,1.0211758838291087,0.9724925418591185,0.676398188856413,0.3094090282421243
-11.519592145318928,-10.715371741149985,-3.5326334677190028,-2.157375856368719,-1.227826439552377,-2.0660289845387205,-2.9156275637886315,-3.186480775525983,-1.4530986790541007,0.16934435739334144,1.3551427024484932,2.5483682536867676,1.7355985686164845,1.6270787596813996,1.864496789757641,1.892504691643779,1.2422712390097141,1.4167474661429011,0.8312143791748526,1.0942761745339984,0.9630941833316078,0.9131621152603792
-11.523728913430727,-11.496687455626034,-9.306733443718448,-5.727457513418763,-4.970023729707715,-3.7947792174383967,-3.6877543344951524,-1.8399444016924817,-0.9532688333584861,-0.1644697104341652,0.6243018506632886,1.8992146132768932,1.575456211320413,1.5634688296286718,1.9268290537674402,1.6833880920033717,1.2632565895820318,1.5512966421404644,1.638983577257875,1.2868863472023448,0.6537623583612213,0.8149880362596925
-10.719130278653763,-10.773507870270862,-10.63328583864095,-8.016072639850103,-4.918963726379298,-4.938313881957878,-2.935502939998014,-1.6058086330980157,0.2896139248530556,0.3502156890272011,1.5121926831324488,1.118182549144439,0.3629509582344983,1.2562003271182411,1.392243466228118,1.0829448403268966,1.4362339302542326,1.0369149526559047,0.8764681998390622,0.5866615355305572,0.8744346641439958,0.6281216759192981
-10.62460804188614,-10.859431810210678,-10.630654292304037,-8.91468355206153,-4.914724315288478,-3.29750648628781,-1.015677749479829,-0.4928659816457351,0.11039197953848381,0.373379810508182,0.9346604927600314,1.7842027809105727,0.7411117375084811,0.8888795432827207,1.431929626507735,1.1867986572467113,1.330631131951402,1.3173211274274184,1.5961911703686906,0.9497970835426346,0.7225268718504774,0.39942355706915855
-10.48745779188585,-10.280577187279148,-9.31860971732963,-8.88332622058126,-5.737410488767085,-1.5161460559206434,-0.1387646301882244,0.5809762495250301,1.183926465077001,2.5056657380324685,2.4358346398432933,1.7309203969375626,2.0056694426564547,0.7815052802321055,1.0081501433831397,0.7341950666309677,1.7210114140783876,1.630618417398355,1.1799602799613544,0.9786343818090835,0.6939558290581116,0.652548030914154
-9.90717174831963,-10.124917073717311,-9.260625695150463,-8.725141029363954,-6.476233983950614,-2.5990406550421663,0.19736215348598948,1.2092962909645677,1.8371792355042977,4.104251716034889,3.0753897569849555,2.4981463440172265,1.7314823443502239,2.14923555782679,0.9823855520019136,1.2714004996235266,1.7730323444887282,1.226646323998607,1.0748245561498704,1.161150450242306,0.5001679315130436,1.4226748406970136
-9.479421849793912,-9.409388724945105,-8.743331795808013,-8.12519370941355,-7.203545569216685,-1.9196810228842909,0.26844244048263505,1.5808439396744374,2.3329353799133616,2.752639787174446,3.4269179846766966,2.911205066560782,1.974013333705152,1.3992784923443324,1.173242190076511,1.0537545214695228,1.0045698307147102,1.1095661213425054,0.6244125421512094,0.5269199789885097,0.1662661331633978,0.033474783483895945
-8.911098391567048,-8.996468776138576,-8.61075749676307,-8.274028773326297,-7.284321510278372,-1.9035014385810347,0.3529391998253874,1.920932444763586,2.3103064048272333,2.4731059566353655,2.952001696553706,1.7555647790342026,1.2671405712636075,0.5668156074735871,1.8161313455434944,1.5278171807001404,1.0335964738674688,0.7336174861089543,0.380872713724494,0.47803437575111507,0.1581453330830197,-0.5066213666058308
-8.641861910755493,-9.27105729689016,-8.946275099989188,-8.799795407095898,-8.406599119047442,-2.271157846764503,0.475645305078993,1.0042676604015246,2.831268351240955,4.201001845893383,2.521507741436102,1.8078347836424344,1.0876801662167588,1.02412063918801,1.7137752771131523,1.0595244262260293,1.0802334524712225,1.9075660739874523,1.5769186303631162,0.10777484485758132,-0.30452435755639407,-2.0106488956198896
-9.462995184773632,-8.644375029463967,-8.425634670349002,-8.148631062172258,-8.379706020550644,-1.2148931140129762,0.6182254223641722,1.8928067290664519,3.0596259822910095,3.428793772052783,2.000804848570982,1.2863386530462109,1.0950907607803853,0.9088580448442363,0.4750034522545005,0.7670758543770279,0.796293501752594,2.0656228832754095,0.6659993475076209,-1.2950509695157075,-2.7567561452827922,-1.8312609189807656
-8.92897263057076,-8.437679529362802,-7.6750951116819275,-7.8073399625219455,-7.131880392926852,-1.3705972016211754,0.15388400220230827,2.3169790024018746,2.599801006867377,2.6004141738834514,1.838288277245982,0.8009675937959998,1.0417290898934648,0.5857959970859014,-0.355381890450736,-0.2092545977407804,-0.09485449922923193,0.2858255180886574,-1.044218486221304,-2.058959973846546,-3.076502407714004,-1.5147681609364867
-8.454255448687753,-7.851745045192994,-8.125238124384143,-7.592577175178437,-6.498967739390301,-4.184102879949419,0.6081954376899367,2.7541126167346506,1.41175522768328,1.328976877187658,1.1453259375229699,-0.05157526586022115,0.015629268702562014,0.026971568689670204,-0.8416046887457453,-1.0033239534970275,-1.1609954707607295,-0.8270379794941141,-0.7814968084722765,-2.0384184104137315,-2.8351934142350097,-1.5999704493169518
-7.712078931722555,-7.376800931626343,-6.626287739285308,-6.691998481376725,-5.834440409133112,-4.338427109031801,1.5762399149589077,2.288693209485816,2.3722752547829247,0.6679124776726255,0.023207681122979034,-1.373840500364199,-1.238818109858488,-0.006656914786618769,-0.6505926946284081,-1.4250990890438362,-1.6020073384009188,-1.469634395108296,-0.9265387618993685,-2.510269441039447,-3.749122482757563,-3.3916265245396717
-7.610086909939823,-6.6245180175468,-6.65226373500108,-6.269046473135,-5.977784326660564,-0.7266881138649317,0.7471123555711887,1.5540372171408532,2.1883734173070857,-0.24060655107292447,-1.5864021459066757,-1.0053810463838846,-0.6203378646378527,-1.1759677788557257,-1.844380585759662,-1.0784205094571209,-0.6408509579378682,-0.5072409957589831,-2.3722534300159555,-2.8339881927466055,-3.797910372708529,-4.198341829484905
-8.50305899531164,-7.237944047335044,-6.584689375070971,-5.371909178168783,-1.2846780378145237,-2.1425240739070963,0.04603228190362059,0.6289298777572133,0.8432965230484651,0.002137530303522955,-0.8183724365169192,-3.1711029637239996,0.35492138203809465,1.5360551995900746,0.5430617803892771,1.5209309111771712,2.558458605422735,-1.2503787500746362,-2.0454852412894984,-2.5340755349405404,-3.5945141642529284,-2.233669789225608
-7.124192670852366,-6.600580630427888,-6.865322007813201,-1.9704569448282887,-2.4193133384064605,-2.288921247267092,-1.2553165267235797,-1.063619295118848,1.8579958823627605,1.8050211780579435,1.623146728209213,1.4246806981677813,1.0744899314022358,2.8346769125312377,1.4349417594973808,3.3408190669541984,2.4761486112507916,-0.24489846368053728,-1.4489790468632726,-3.289014394178955,-2.785829715777376,-1.48080330894831
-7.0872659468796595,-7.196198090669325,-1.547334873432497,-1.9820640903013604,-2.9174250426572375,-3.2585263983527817,-1.6294698794863574,1.1685555044275793,2.076178540064786,2.3835431745763334,3.1814751230097107,2.466046886757804,1.9879891131260776,2.397016243751516,1.6913277156430218,1.58459896302863,1.0728336197882213,2.238444901588168,0.5987094150556169,-0.9403859888928175,-0.557259516501114,-0.33192352099602573
-7.766911776160679,-6.40924465740645,-3.8238052672877565,-1.931899719191614,-2.513355386446494,-2.775755067540297,-0.4888570382858846,2.2720282612473084,1.9768478002299077,2.278323464072757,2.0936908695391407,2.2110106116207904,1.5254266585729224,1.8913529324753657,1.6386561695782587,1.1565173967953646,1.0162204776731836,1.0469049227517244,0.428622554699062,-0.3935793049406764,-0.3640564730556431,-0.7613988435607532
-6.938561914584978,-5.563135755911213,-2.08993921040699,0.7486589658497824,-0.06891113715293808,-0.20890761061412552,0.6414922129455327,0.9524024509251533,1.2271878017698166,1.6260434293302775,1.6613898999749646,1.4049216704194547,1.7278898766068145,1.2683470771472274,1.8639510591851243,1.6972541899988034,1.0467944059821184,0.4885377448870736,-0.11026695178927828,-0.1208602468259965,-0.7379740296795219,-1.134968228207181
-2.693210681241242,0.4046972504036808,0.98838931247507,0.9701449683582694,0.5645508793673876,1.0483349277950609,0.9478276840089709,1.4851472340313085,1.3413623652905065,1.3256525488429711,1.1961211785749708,1.221827603279665,1.3793215578833542,1.1051539354674815,0.7826730963088752,0.981217125129358,1.4898892677361444,1.0042639875803234,0.4040058110509621,-0.4121358774076754,-0.3123330799163117,-0.84020560210946
