script/wind10m.json
{"header": {"parameterCategory": 2, "parameterNumber": 3, "lo1": 3.000054539987559, "la1": 64.9999836372058, "dx": 0.5, "dy": 0.25, "nx": 34, "ny": 52, "refTime": "2025-12-26T08:00:00.000Z"}, "data":
[rows 0 to 23 of 52, columns 0 to 33 of 34]
3.652195774875801,2.9521455463815607,1.9192179676356056,1.5108250985612333,1.4309158353218034,0.9728941294473388,0.14092391694586856,0.066496542824402,-0.12664329718465597,-0.24435558168403995,1.00984537439115,-0.40238115009502,-0.002451463475292726,0.9251643590505197,0.3430332692095692,1.9024840474975917,2.649701183699118,3.9426722973590804,1.1200697644561215,2.5191179104439025,-0.5337233019279214,0.4611258946721525,-2.106882019835731,-0.6321587477380426,-2.136680771207615,2.50224343567249,-0.5077118742884005,-1.0654199722789677,-0.5140783807223529,-0.9184227756942466,-0.022473562877690794,-0.4195992420814589,-0.5207596081159341,0.48330150098854424
3.115478307794269,2.616113926914033,1.2632380860723846,0.9264164878910848,1.018970748741974,0.7489956356926408,0.2866386334234266,0.3637473867440904,0.15471636492086752,-0.5607561386805889,-0.5073023101246625,-0.6266139194065508,-0.19513656135253385,-1.4818685273766408,1.8263534746534134,2.928383691381723,2.7180212370031223,1.7522295829680252,1.6318990723896978,-1.1622561263459839,0.8599341923487782,-0.2709542365425768,0.07822497828515525,-3.437824870695493,-0.9187487195560705,-1.083812574586137,0.7522925525575481,-0.37545949343179935,0.505544459505153,0.2085766748983843,0.9522243024590166,0.08891530502943902,-0.9273144811999486,-0.6147127252751834
2.5475520802101808,1.8985962241368466,1.242765723471756,1.195382855189625,0.6689802103288722,0.8037052185149242,0.8718128877500024,0.48685306769750303,0.4867093015225179,0.3888704262803732,0.3838479459850586,-0.19367755526163385,1.3335780010855087,1.8729117766458017,2.1094117876152048,2.671669847536003,0.4437461900294269,0.8761797181593215,0.655841621008814,0.35462146224576174,0.681125514502523,-0.2886461255878398,-0.938743328147936,-3.195369441505091,-2.2247585835148493,-1.247375248481396,-0.6148194170340928,-0.9259957750455353,-0.39628397595197223,-0.23332131226876482,0.028939632189903378,-0.08035742267404214,-0.6284159175920315,-0.3072031119753642
1.9873941149146714,1.8519458987778545,1.0338194054068301,1.3955892567264823,1.14656155796864,0.5060148265557656,0.24803758850197943,0.773337887633677,0.6066325152585975,1.0203058509191192,1.1882044773783798,1.9492757073981204,1.869017573389333,2.0242331882681377,2.520409749758796,0.6471337582494058,-0.06491520036676629,0.8662937857388406,0.35245818703312676,0.7576844214910381,0.5449182965129359,-0.5892206309428109,-2.976160748074867,-1.0638371596129665,-1.7936778177561836,-0.9560706857212963,-1.3411356701156154,-1.1882767460259094,-1.1521356466956818,-0.15079545924564264,-0.8749741286925405,-1.1604810320926893,-1.3363181924912058,-1.0956027077670476
1.1701570542429038,1.351076829915184,1.2698548150532714,0.6042146597477258,0.46907874819348905,-0.04627961645202254,0.18242878313649644,0.9964451973673817,-0.18983294227249953,2.370102322149667,2.665428160731639,2.7035688373204434,2.7698281148590884,2.054299918453811,1.7347369798225953,0.43278177773979404,-0.6814313117567459,3.440532416553077,2.1342758045266668,-0.881917553613885,-0.9436266548404856,-4.101418769940963,-1.883242419272083,-2.521047295319802,-1.5877483702497288,-0.352365307550497,-1.6896152853976636,-0.13536083953443673,-1.0972485156426808,-0.937778518499153,-2.070134107796111,-2.7916852191606956,-1.623514679548918,-2.581851058785037
-0.25843964846279166,0.01060027898387812,0.37975471498696145,0.2653653631257322,0.7284557466790732,1.036472302968845,1.3049538579964357,1.1705290971956137,0.8365817080501736,2.15518306125461,2.024858748481014,2.1759285026202386,2.3798148376525545,2.4528768764698645,0.9903477967407991,0.9192184845250122,2.6231131294153807,2.9637463324330358,0.053950233374846786,-2.377311996131041,-0.8826884381216825,-2.3389167210251856,-1.3170580288621774,-0.5721718910709878,-0.5040742213902989,0.8962602679839781,0.2551418406561686,-0.3251003281284597,-0.48251459139739733,-1.3386205462987382,-1.860630658304954,-1.8332849631420065,-1.2335441634112805,-3.0526770147105458
-0.6894855669189598,-0.9222394088163751,-0.10225084900154842,0.9089494364337999,0.4317784070072458,-0.6570764977124278,0.9826570333406804,-1.39152466693277,1.3146172152229292,0.8262186611032903,0.8175642836234837,1.4236630157914232,1.7211440879510946,0.08730671204217991,0.6755360196728604,5.455813746359312,1.211482518655885,1.9698207725256345,-0.6274732659319577,-1.4785692232721994,-1.2335465621033188,-1.2483306554416012,-1.3973258012139562,-0.9911515881974897,-0.048123962232613546,0.09816161897650522,-0.35211824566416255,-1.0976707842162523,-0.08089844017127061,-1.6371122531720073,-1.502396177731815,-0.4672944770887591,-1.7040882273448188,-5.076114809167442
1.0675542098138997,0.12694783084236394,1.263556324225618,-1.1635537738160897,0.6114336733735303,-0.24367351462384104,1.3088000848772277,0.06236160949486804,0.8258587140771351,0.8848022952475671,4.81708962552416,0.23076693923762306,1.7790533032029203,0.04438664423136327,1.2805504510972143,1.8046240569680034,0.9854513737058618,0.7700584119008977,-2.848547117864924,0.06333607810716164,-2.527202001952125,-1.1973622944799929,-1.1231043987094678,-0.39411955574690954,-0.41685888389529757,-0.17452969983942015,-0.41513131382075735,-0.7075036339796064,-0.01659831386091803,-1.9839495216552503,-2.1077886856969985,-1.578274698611598,-2.464803696246641,-4.317356042005875
-0.7430814916596091,-0.49257030988715417,-1.7180166055480706,1.698117269832936,2.1345572804379365,1.2799670205288376,0.9784116677026526,0.6027547822212024,2.928153921481278,1.1168243410982848,1.9405791160243488,-0.6222427709885164,1.69626173060167,-0.8960566095683514,0.9638024316309063,-0.5656103571306728,-0.8546521502303129,-1.997707974190793,-1.378366481175676,-4.935076605735457,-5.9045097429439,-6.860140051189627,-2.1208971182663623,-1.9826532304987088,-2.0408036741092004,-2.008476945088281,-1.3167691120903586,-0.43042717179438394,-0.15041146776049802,-1.2657940059496116,-2.488010500901002,-4.029637164353701,-4.8944951676443145,-4.3232510185456
-1.490456206719699,-1.8252903106727418,-2.5933084639711876,0.9708400926167106,0.46753155204650026,-0.253075823670486,4.264803355713735,1.8639254219936845,0.9846900905838153,0.146747931215972,-0.30727778923050475,-0.12236188701185353,-0.39737671129779845,0.6677590613955402,-2.0024308693769113,-2.3542969629097534,-1.1958508680929991,-7.323206418828899,-6.437312501301315,-7.184318685542976,-5.104463509925555,0.33791076452046176,1.1282387781627243,1.072089710570263,-1.4274639524501431,-2.4335036971191153,-1.4938859571230105,-3.1255327425465276,-2.9602845969288714,-2.632710095621583,-4.61945947891152,-5.886100595034774,-2.946640304381191,-4.9997593096589705
-1.8770690488325439,-3.1720836336928215,-2.436436256456239,0.34518856599505,-1.0693230546021621,1.3783556051852608,1.306063237261138,-0.6596315319553938,-2.2381052543973348,0.19100102033839736,0.8703538583975864,0.6004618841486854,1.2387260992853895,-4.400038486043317,-3.1425920226629454,-6.282824823853279,-1.7082152261021954,-1.988648545106772,-11.838556779980381,-1.5245986848790292,0.8356941635425883,0.07120708631052453,-1.906275607444243,-0.4430985071548906,-1.8864553178410477,-0.9761501130068596,-0.579304549888875,-1.9851748229065471,-1.7189229371843873,-2.6288169123789564,-2.739817561623709,-5.045134540976408,-5.954758120684527,-4.585010785979189
-3.111092836296829,-1.5204555338950667,-1.5947850047576515,-3.0616632245553674,0.24211296914381225,1.2182705673544358,-1.888626381165244,-0.09348071164051462,0.33709686168655006,1.0888626682576612,-0.8056852879846017,-3.671732309896728,-0.6641262961479565,0.42644668949821546,-5.509913708610272,-3.616742585035534,-4.37054953799806,-9.55706309786436,-6.608689449900162,-3.8440229701055646,0.00821655912228102,-2.218873562389882,-0.0033894648040562266,-0.32096404781745624,-0.044241176087566184,-1.6758203154444404,-2.717162857416295,-3.21429360663628,-2.0719988155229756,-0.8704612874784129,-3.3257958509764602,-3.8909988472602226,-3.197489543806575,-5.038982888957181
-2.1673855171428267,-3.463696345400426,-4.912844054467564,-3.295195262104469,-1.727595045274507,1.7340678043662485,-0.6012165361677309,-2.0394879070267415,0.5687525606430249,3.081874552831906,-4.5040715659468455,-1.867088079629427,-3.19401052529056,1.022623482252172,-2.8489100868013044,0.7310404160392092,-5.492280445872007,0.0016252255537253747,-2.994678553492008,-1.4076979306831057,-1.998639347294046,-1.4758228017079926,-1.0861316827926568,-0.3014651844470542,-0.9822775082611285,-1.4579857042820838,-1.8552992808745115,-2.406657288421701,-0.5627600523455629,-4.189095552792948,-4.869837209467311,-6.278557626935943,-6.320454842528514,-6.7187238147774435
-3.7878717095539853,-4.8214338240396915,-5.849253846033327,-6.250767789766965,-0.501339467696484,1.3901006731849581,0.018158007560096275,-2.168765676320861,1.1805802110911796,1.812390897690051,2.0565382160331347,1.7182216317195023,-1.5337489799619792,0.20518740382823175,-3.801713801400578,0.3177415412383464,-3.616301985389477,-0.6976338833351976,-6.750714141704848,-0.21357332136353327,-1.1058935838460995,-1.4849896642947087,-1.4677166374761015,-0.5122264017908914,-1.367660956570079,-3.3443422777961542,-1.4979650765184938,0.3790663141248895,-1.8036490386560216,-2.4598851152583414,-3.9723463627335502,-5.401905436736861,-7.438311619754637,-7.33639132033222
-3.638708695026337,-5.5926269946690725,-6.228618377405698,-8.826643276587923,-0.9219075379100587,-0.8041637880441226,0.3109879726520549,1.6889612319603222,-1.7465962524506757,-0.38308948598976117,-1.8222277609499216,-3.3429168470020785,-1.596192400401723,1.5451385538570592,-1.3150773888823375,-2.0231055204153954,-0.3338900296389275,-1.2208546077935065,-0.246330298598023,-2.9633584632212675,-2.6509203857199752,-1.0137282446049023,-2.4699027965169376,-2.8231082254901647,-1.9935450251477715,-2.0579743791881526,-3.11410821866816,-2.033198265017122,-2.5786274899306907,-5.202358029840953,-3.663295545876979,-5.124328410796767,-6.588466452581018,-7.269846502671123
-3.8262126327155226,-6.242283172325281,-7.166797308173225,-8.989630726385316,-0.45711326579880834,-0.8298375624579523,-1.757706591238219,0.74088358103383,-0.8155977906098222,-1.3346642042030696,0.865860733358671,0.9363134854508511,-2.8772921563123974,-1.6944189940150916,0.07382079956332707,-1.159852048164235,-2.6470016194630377,-0.7788442162648129,-1.089450131490539,-0.9907011847450407,-2.220199646841664,-2.282663501682672,-0.9130033876241332,-2.147693806679867,1.3640662591678419,-1.5645510461534657,-1.1366313707125226,-0.0460623755137266,-0.6869895589169888,-3.846943910737107,-5.846965341950829,-6.299610221006834,-7.356165780265357,-7.634186918895276
-5.35000926626936,-6.4038361309111504,-7.490308702883271,-7.92356696693644,-0.4463773821262679,1.2145814772007475,1.5336001120582652,1.6017517119758402,0.02391382374084579,2.3692652306716635,0.6207235040792035,-4.868978185577349,1.0985189410912881,-1.2220139257291098,0.3970687770360823,0.47025167872144213,-1.1143896787218146,-0.3048451415027397,-1.0234486517059413,0.7963900617393112,-1.3087424617208991,-4.045596606645402,-1.8827758818074714,0.531610646463437,-0.5460001731855574,0.35797124922277745,-3.2676887468454727,-3.3816022118759794,-3.1624282492611737,-4.754615240759651,-5.462822062951798,-6.5563235670503754,-8.177839458731322,-8.137908986672308
-4.7755302040552845,-6.429913642982203,-7.934078005805299,-7.817689492456932,0.02131361144256189,-0.49125127111809835,2.5514411621110398,1.1473089329496542,2.637589485345399,0.3389673422728354,-1.994385465193106,-2.8210408873298847,-0.4176663469458552,0.7613913738310419,1.8465171258017412,0.7887117560187841,-0.3243340132029256,1.011954485195277,-1.1423161996060496,-1.1947573179389555,-2.4715466550185394,0.10253725122548758,-1.715999013465796,-1.5208064868510502,-1.7218301497978967,-2.166504752954987,0.014893736461006812,-2.8115259118276485,-1.7503302037331305,-5.860534691888663,-7.291898932109359,-7.639799140289187,-7.304312817253624,-8.513758098858261
-6.000025918102445,-6.5345737253404,-7.9302255300332725,-7.534731801715374,-0.8060385911498266,0.8329324087055192,0.8086943905513838,1.3088942939955903,-1.5650904687016403,-4.374785798327717,0.09787441829335343,-1.5959283251915635,2.8765867508261884,1.3633734463552252,-0.37740641832224087,-0.7805664865204806,-1.859869382391322,-1.850932787480099,-0.11523403107847278,-0.852097884735991,-1.3534376414768228,-3.168966264902558,0.39825459083053827,-1.2191559307836466,0.5649001488160496,-1.3173010308619593,-2.414651080820851,-0.21978493762659532,-1.3025725715483585,-2.3410849560320295,-3.763045631302448,-6.826499470210077,-7.721744565852724,-8.447508523401943
-5.440907191709895,-7.457742270522552,-7.997230779213995,-6.688090836221969,0.23244253944930163,0.6669885216518951,-1.189051359972556,0.951030978685229,2.419501096133128,-0.5477046936255738,3.9449099737204825,-0.666679904669169,-2.206059587601278,0.41514460383324747,-1.4446598266929123,0.9880862834607209,-1.0507562646282433,-0.14443334636457383,0.1994783882282774,0.13720975316749884,0.325905338469674,-1.0674479052537709,-3.7845175085798015,-1.0331637161249876,-0.4667522767906047,-2.2773142650832603,-1.8641429150666604,-1.7469525287404002,0.19514004964205592,-1.3305119852789957,-1.1681432425329417,-2.5960258234227243,-7.096118571948054,-4.572106505284831
-5.692172541452629,-6.809315439068031,-6.840671272604389,-6.797737932924185,-1.4749038492086186,0.42363937486922904,-0.009121434589628831,-0.46621269288652706,1.799321917454675,0.33460674601906265,1.4827298177045038,0.00704647146460663,0.0454397296867787,0.4962908717281829,-0.4184815001940449,0.43997577971554896,-1.388207085376638,0.43841908396065377,-1.4178451647703707,-1.6846126757464381,-0.8011453864633113,-0.3012263536511669,-2.9727769434559113,-2.209173264045275,-1.5616832039582007,-1.6550637195838074,-0.4533796500916815,-0.9797105634580466,0.3070040655276047,-1.1995987815486402,-2.1224585544514114,-0.875356542164776,-8.053975936615338,-7.339920942494664
-5.5490188481115625,-6.4680933095058695,-6.992577121922626,-6.454920070857079,-0.7046631746090034,0.08859475663194018,-1.404597394568749,-2.163222409063371,-1.7575979503408499,-0.7380202736141274,0.6101379539892037,0.8863578314036308,-0.04265996267676345,0.2583122573221459,-0.09849051571382206,0.1854817051436545,-0.5174451653482198,-0.8995025876388737,-1.8015087233465121,-1.4831594470189613,-3.0724016183083656,-2.7573190676623334,-3.2405878919482918,-0.8507896459670021,-2.4223049641558005,-3.7318404322759364,-2.2133694187836213,-1.805300385241339,-1.328377533801824,-1.9205124053046485,-1.9017389279628971,-2.527732965907443,-1.5731835791074986,-7.807637806021102
-5.6697654923661895,-6.346241238153989,-7.297729438875583,-6.411611844817871,-1.363065652340796,1.0405405951186144,1.3209242010273832,-2.5504689226750497,-0.6480939844494706,-1.791537257524365,0.8288811338944256,-0.575752636422651,0.25136372936115353,0.823234937773913,-1.7987794734051274,-0.022448312858476684,-1.7501010322936288,-0.8929654058769928,0.2715108205583752,-1.0852352500924056,-1.0875818426549777,-0.478564960212385,-1.6313532897907832,-2.9881695441275538,0.5286824305809371,0.4147355114893943,0.3690059590967627,-0.052674412632389506,-0.15429888754745566,-1.1146300563483291,-0.3528929842448862,-3.4393324164658274,-5.887212113736547,-9.531307274665942
-5.379294611758643,-6.170540358352526,-6.661577785713373,-5.130390599719765,0.6412290580539443,-0.14904410835428128,-1.0199161731942679,0.24033426342214553,-1.2821892361358123,-1.13077024652538,-0.3815899163144607,0.3292711494157828,0.8504085975740421,-0.5225514111269239,-2.3076603189500355,-1.2491856084531607,-1.3246461883804066,-1.0901388448794938,-1.1378931718515608,-1.2601563141192684,-0.545879137329333,-0.9032040557238963,-0.5413811139276761,0.260798718348979,0.8988997428965392,1.3066258311702386,0.44928021266385865,0.3152136528562719,-0.18871620186539403,-0.059400230670723114,-1.0578790466289,-1.764076707862417,-5.736603395833788,-8.875752130388003
