script/wind10m.json
{"header": {"parameterCategory": 2, "parameterNumber": 2, "lo1": 6.000027932988019, "la1": 58.9999434238085, "dx": 0.5, "dy": 0.25, "nx": 22, "ny": 24, "refTime": "2024-07-31T06:00:00.000Z"}, "data":
[rows 0 to 23 of 24, columns 0 to 21 of 22]
2.124502040700488,5.507904422306388,5.15644991528,1.795738663718409,1.922182343860406,2.60580971776598,2.0846289739895565,2.441071625568101,3.4516044792573837,4.644819243745961,3.752023023213117,2.0292466735119725,2.441248841490804,2.6589743779255945,7.38621831085719,6.454234136417393,3.910749171280637,2.621708406947796,2.9666576547666934,2.567057953774779,2.175945073992557,3.083261894530827
2.3069637123790776,2.457350666449475,2.6484797835214007,0.4567991349644988,3.583290605293451,1.4720533792537664,1.9505739628088075,4.469352464070295,5.5325099471206,6.688894154928258,4.965524134106709,2.171000617480314,2.636513977692138,3.4885694869491006,8.426276632042486,9.947961164652831,2.6811376246893026,3.4150222240023247,2.9970102476623293,2.6820083927098066,2.361169126089793,2.88813780060112
1.7182919377317956,1.560007939071711,1.9221983888225787,1.812384891055192,2.664413873252953,2.342170168356768,2.9528636544428837,6.409895592796013,6.567573029107001,6.332500149373232,6.470890890373929,2.4478081741618576,2.6572319711802956,6.937536624260291,5.4054295838115305,4.340203409158843,3.7500355364631903,5.330081022265187,4.555468104716778,3.892963229831579,3.587800175487752,4.211787025603006
5.718709921154531,1.7724055468722129,2.910766897466749,2.2397396047112825,2.50838556739132,4.332537975682282,6.6669800659971505,7.338323511443475,6.922649709669617,7.218225387733625,7.364399889265177,4.433903221441989,2.9439793456415404,2.875978043281863,5.6588155423396325,4.077579176056926,4.025887501934035,9.957408287909582,2.3218070625724727,3.4855170774825694,2.836862757668653,3.1843088830720436
6.367615121651279,6.502863803104735,5.086008373341516,3.584413545651866,8.39453741028147,9.798016697205165,8.875629163631718,8.696554827531747,8.132881879578846,7.738110864137572,8.130378391832778,6.495142268069459,2.7745828208131207,2.951738462605642,3.5946182563617284,3.4263934793440534,3.2553618216397897,3.935160125626478,3.012610677185004,3.2066816467716985,3.1175538884840046,2.8442098701219467
7.046916129075556,6.52816900347791,7.592373107341887,8.490114926497586,9.209603541637616,10.321555863771541,9.570093298592969,9.73823611025937,8.96875493554377,9.049461619855553,8.709135323724524,8.342473009963168,4.235927460158328,3.3160608057580214,3.1940192837930828,3.169410219134524,3.308143474386441,2.810928027430688,2.892133543356059,2.9394738427104454,2.971554609954095,2.9184202407681
5.963004467398301,6.649353816348006,7.206559337452633,7.6880249357169905,7.77185895768605,8.872944738592965,9.49928723981298,9.138869562361545,5.192424552978929,7.883679448398597,8.850852006550875,8.866609729711396,3.8719505101301452,3.0062319191469142,2.666064244367242,3.1680502680562004,3.0883765111890478,3.0416081553999406,3.37177931763751,3.0531087450422194,3.068247815783785,2.8652708112902276
5.158031960194945,5.783699009548654,6.418102287820343,6.618229866486403,6.154560621204304,8.265242904164484,8.653328431380517,8.741048542452445,5.692294925739448,5.412437518350825,4.679415894580155,8.908986986105617,8.684819029688871,2.7244534726148983,2.2785372892514615,2.6588558201006918,2.866581418210075,2.966117927772542,3.210574583657507,2.860380962062164,2.2331701363000813,4.387130679158213
4.290640982245294,4.641747258256403,5.00475472735162,5.282402804875215,5.694741735103388,2.5856952566219684,6.1979951928810415,5.357144043534392,5.380408605989742,8.870947859960372,10.114202677631685,10.202979020512252,9.26378167480375,3.229393941743818,2.2599793452811165,2.52721682288421,3.6426970530263065,2.8101292208944093,2.770645861841233,2.9157102326246807,3.0138961967879356,3.3132217154383476
2.7186087730019897,3.1929611009486116,3.7324717497937856,4.249632305766535,4.916602226321836,4.044530090851779,4.070675440133991,4.734799547774282,4.703916475286419,8.314110636124646,9.369770115229167,9.588933562838584,9.087353901399508,7.850932222730498,2.5019339204351754,2.976248701632819,3.0654683991157876,3.501754844941346,2.1393636052181124,2.342925215066654,2.1583949955054282,2.854014424760746
1.158524952287816,2.126666842524847,2.6709758652364544,3.161430502191845,3.9302533214610076,3.0879899970163613,2.6252730071379027,3.700131910755983,4.2498906795267,4.133398237058243,8.146244098209484,8.535346860215425,7.81324756572402,7.122388565817736,5.199830235253995,2.3719615380825636,2.265695010628976,2.481704072274381,2.0362057845941597,1.8901757933465566,1.9120097930301267,3.869251386826359
1.0031124927994963,1.6734269976947058,2.145717339923549,2.4310122455582164,2.75045064509059,1.6064054212509773,2.3026856151142296,2.908269479885448,3.3888099726263143,4.496593172474765,6.011813364716995,6.837489183881092,6.631728590237034,4.550008039508326,1.5391532950910423,2.3311692615246815,2.041382912122891,2.1444764942788495,1.6010441143713217,1.7698777917484718,2.3170345471360343,5.109991155026876
0.5298637425496807,0.9246497394729586,1.3525382819235432,1.8892486204467116,2.39216008438443,1.4698064908486743,1.6481140381363037,2.12563774244388,3.161131127411919,4.22011634494077,5.258714043719233,5.503082311753213,2.860430121104139,2.7260226203692213,2.5815269629869095,1.8087811588015574,2.005828386188147,4.155563217394676,6.266229133662482,6.466504581424974,5.392008211264629,5.773575765728667
-0.44040236280754275,-0.17861783520451632,0.44449458579886536,1.657057238162496,2.4081882815880697,-0.3236653956018446,1.158491158432499,1.5455735343237957,3.0230466672871423,3.8301126865546493,4.7519392411172685,3.1873873026464534,3.2458271231647813,3.128400342699427,3.196316148382893,2.212875326916683,2.1207500532422054,6.338751980637628,6.3314469019468715,5.647961463556021,5.021300065503398,5.469060821929829
-1.165513365200472,-0.14010490918972643,0.7256449787209951,1.7532426807228951,2.2688252290564126,1.2038006822051406,0.17542250968295559,1.5219828506579816,1.7994359323298834,3.069615894539346,4.197478734665516,2.419626058645632,2.1793037797651937,4.729319472330949,2.3444209166692502,2.509582353172272,2.658926134787441,5.789630151304642,6.562234117398066,5.3065565708378575,5.413845903989459,5.818872334154651
-0.24995339061180333,0.05118406126314814,0.6224763777132301,1.2918542536214832,1.3189568292058447,0.5477061485741336,0.7467491523713636,1.2808389595534433,1.961376160401687,1.4501143656094992,3.455529034308821,2.4847818780538367,2.5845365416168216,2.901469855041848,4.6586815304804885,5.342506724833633,4.816109760743493,5.622145551119615,5.230211068280212,4.51932081752585,5.46791214531074,5.306659206039126
-0.5969456064027928,-0.37412203077910106,-0.21674359701127363,0.11297897957015261,0.4779659374835836,0.4676990027936009,0.7230279973192048,0.926504041094664,3.225485739792626,1.1915412825328,2.210289941432848,2.556311812285892,1.3623927698378129,2.6998958038199863,4.356558778942107,4.980700947860956,5.13562627269681,4.916535969645796,1.8729577999020401,5.057287792776224,4.633511928009179,5.094773906776512
-1.0411906818203127,-1.48488238994702,-1.7561621865347445,-1.072907350733411,-0.44021445822742317,-0.06087059657354412,0.12794517856892193,1.2149737240348357,1.969574402181038,1.5343364188864275,1.016470391947128,1.3125432598874878,1.6929008834908548,3.4358170856598305,2.8073645752104315,3.168977253225677,4.662208831699596,4.981447375731112,3.17395715953882,4.101269896573215,4.247251908277134,4.702311591252802
-2.5546197267670023,-2.6995903066098332,-2.541651092533315,-1.8761927429031124,-0.38205273787947314,-0.19400351876929647,-0.221277556180951,0.24304960034541176,0.6340877934351744,0.3019446642461151,-0.030892248384802066,0.5128885239806961,1.1320201337634097,2.3140551258327147,1.6616723356639154,0.5578430423185338,3.0888839905303036,3.5988971890466868,4.355242863379951,3.8455636028251385,4.6432215318106245,2.0711499362611705
-2.869200216786401,-3.231376270906628,-2.0395987514579246,-1.0161478902814571,-0.6703717203826082,-1.3826597094738229,-0.5683630855977697,-0.2591244186365896,0.10640320208566807,-0.19810681649989548,0.4911148832524128,-0.21422244289805803,0.7193198593295544,-0.04912381969605202,0.47553910908231517,1.2136481102189711,1.106023317551369,2.1189284999551066,2.7575468195454125,3.463431069351806,1.9385451900540804,1.3655651767957555
-2.964608569722715,-2.3433249261558253,-1.2460383511877664,-0.7834830042266276,-2.127926883809663,-2.6177122448417793,-0.7463289075748851,-0.10299903815209892,-0.43894166712187266,-0.5326736460493137,-1.5509218875430841,-0.8297183544044825,-0.628793192257228,-0.626037482703715,-0.5234856246385563,-0.18103599707033668,-0.15237970107131704,-0.32516032331580946,0.4184610110613625,1.0643410539348843,0.9345582957573616,1.0960778674663618
-2.128449433189378,-2.2462536091626863,-2.2449620308738854,-2.140756404337823,-2.4486949775232816,-2.118508238619679,-0.5562530286360713,-0.3560789725222044,-0.5084045942921407,-0.1343465330794466,-0.8691835665023494,-0.751933441464124,-0.07991984913073474,-1.4069698204100873,-0.5828148739486042,0.3571449925162094,-0.29645213921634406,-2.0964572103488943,-0.5202793818145756,-0.30467149609459815,1.3636176385931251,0.5391199685142781
-3.384001919780487,-2.9138727322869187,-2.3630195214689214,-0.6999507155626246,-0.7623822548308052,-1.7652168297117683,-0.7253957362132821,-0.43756270216493626,-0.7699917670987246,-0.24310852590763868,-0.6302510676996701,-0.7457464247058492,-0.9060299268602025,-0.8707347767760724,-1.1362209414248798,-0.6612370302523506,-0.17335316951539517,-0.3325595507577951,-1.6222599505008402,-0.2950247898030032,0.4928840369472423,0.5752002517444492
-1.0103642552354366,-0.8542148785252347,-1.5339207203333511,-1.017644878558112,-0.6848354179847983,-0.9402278233598823,-0.6851789641347494,-0.9913489786019546,0.09397951145868073,-0.5036587442426435,0.06013548987062386,-0.2793359156611283,-0.6892303287162246,-0.5682230419382324,-1.0662499120147997,-0.38751298381642374,-0.9808326666358228,-1.1848411324586379,-1.2788900652558426,-0.9033961555967481,-0.22681846581953433,0.4519416312068634
