script/wind350m.json
{"header": {"parameterCategory": 2, "parameterNumber": 2, "lo1": 3.000054539987559, "la1": 64.9999836372058, "dx": 0.5, "dy": 0.25, "nx": 34, "ny": 52, "refTime": "2026-02-10T10:00:00.000Z"}, "data":
[rows 0 to 23 of 52, columns 0 to 33 of 34]
-9.444418201955076,-8.91211884330816,-8.420853528985772,-7.9728276449430755,-7.2685908015786875,-6.928220888324582,-7.539135338684258,-6.708220514506574,-6.116181791695547,-5.840099015431473,-5.97138041261264,-5.574732998913344,-5.246393779458666,-4.680001606349088,-4.096069816444955,-3.3438970735358837,-2.4938970493710912,-1.7007604647950447,0.5930950883592431,1.7449226317821216,2.4918646609566397,0.6413019590951005,0.056568351000861335,-1.7618603732181253,-1.4089591392591296,-4.096536292303108,-4.3911355970130135,-5.214221738311855,-5.376373501952412,-4.052032223824075,-4.060567714012747,-4.090247228255293,-3.8527912408915626,-3.6387478778716322
-10.354826667701419,-10.037368623924323,-9.535103942202436,-8.534686458748903,-7.806070559793331,-6.823788088837868,-5.603925485569497,-5.679205150714553,-6.427855208300724,-6.2589231020205665,-6.219271684325963,-5.9503701094498656,-5.249750426770948,-4.734802519920688,-4.0163533750986975,-3.524663160285569,-2.083508513198883,-0.5939081374336261,0.8065060834922511,5.036939822972352,0.47549419623754063,2.380146433681255,-0.28808259988695395,1.1640183744926065,-0.8400737663692827,-3.720729352131456,-3.3163667822817025,-3.214881365524713,-3.6542168592986415,-3.8534428567518404,-3.2364672067397398,-3.174718331757579,-2.9096853774569214,-2.9481289386029386
-10.062687398102076,-9.280272755307529,-8.561428664577338,-7.9550793796026635,-7.271693623242989,-6.600492148009211,-6.739258604380677,-7.071994045559522,-7.0524360437764955,-6.95344012211002,-6.7202442070239,-6.220801019778194,-5.602293620619211,-5.050708744121225,-4.415331423313935,-3.546685785661169,-1.3752765717280413,0.7425433698336051,1.6522549830309332,2.228067878251582,4.5841990954246015,2.964648954588869,4.106743204615914,2.3194569868138437,-0.8140932995459589,-3.074464244358843,-4.550199407534325,-1.6345226138135962,-1.7005259348254271,-1.819815562189071,-0.3494405403208184,-1.9860555494298793,-2.4127098304796943,-2.210068984457042
-11.771246550590119,-10.705949749480194,-9.692579704111385,-8.914835848439008,-8.32929972931889,-7.736040166442267,-7.612714087080919,-7.779844199894421,-8.210354206980195,-8.071451992623842,-7.764036388045143,-6.912244511166633,-6.072204598040417,-5.225544967671848,-4.586432956152344,-3.1995764280258756,-0.42891136246177003,0.695450157182166,1.9929849416392666,3.188348450159022,4.932650991096728,6.552349772706356,4.697657521092545,3.602319525884298,-2.907062158693883,-3.498853032106159,-2.442104510167043,-2.6727787867475854,0.006473764540328496,1.6340513504304157,-0.6387024460079689,0.03172714564193939,-2.304251991446127,-2.4975536419494113
-13.114425762995767,-12.438115197908958,-11.626166299633084,-10.226827926671415,-9.509193071720512,-8.693806529358216,-8.688394587909993,-8.920247411794776,-9.131868832801915,-9.159986796865716,-8.515521355742687,-7.301797742174218,-6.296627962625825,-4.855923072695813,-4.442846507599165,-3.2119707796433423,-0.2794195035325727,0.4142533438509192,3.094092261788061,7.838229457600204,5.651951461930906,9.81521897530245,5.357514829789461,3.1665586840161084,3.313490125168951,-0.30143055850799094,0.48346665840906566,0.42524357523316075,2.91175447349259,3.1743574070897154,1.9629217669959227,0.8929740167827136,-1.9791229117443554,-2.576161356012577
-9.427339294671647,-9.325698097938009,-12.3172676284024,-10.883299267971468,-9.62826421553914,-8.075584789080624,-6.65453478702639,-6.5293930832170135,-7.234010350621216,-8.928106185443559,-8.409276871920282,-6.434878293317631,-4.5505505279754175,-4.090793792511363,-3.6500070208112567,-2.7158509361248657,-1.1014028875362616,2.145263823197311,4.351022601432852,5.033490796356178,5.648507130050363,7.059508562254711,4.1014489497412026,4.421726806187404,3.1556606147644053,1.650846715752378,4.256481779292633,5.242692699489419,4.295470386772522,7.503239910784914,3.740157362163428,-1.2547634010264874,-3.0176725095972325,-2.7889955992126776
-1.9643487208888,-2.0811371692811225,-6.190779586516235,-8.229588252400879,-10.014213336627817,-10.422327582678815,-10.343871046403818,-10.374068410201522,-10.657254325547672,-11.387219612040486,-10.692912511586817,-3.3381492069574175,-1.4991871187449768,-3.5727089908052116,-3.2342576312431253,2.743789325068805,3.3050646160273005,5.578868374207457,5.872801322292276,8.494233945312441,9.287545830840347,9.669758287765598,8.284014785609877,9.008194133337302,6.255416762122,7.285664608727604,8.610678447377184,10.08049461251834,9.052527816838897,8.690578187866674,2.6628709109517303,0.09710986264581944,-2.2404748363954803,-3.4840639094912715
3.250460104611908,3.9077083566216038,3.7851989283625667,4.507144882368065,5.333702560118847,5.749566687931277,6.55751104086296,6.621654990894984,6.468992850451819,7.05247222371721,6.490412075378735,3.9432282808150894,5.408164712097765,7.29503202177067,7.183854783063685,7.634648998939394,3.5349605820769106,7.112474188971395,8.649743403884358,8.860034842800559,11.909830216226432,11.649594138722748,11.41428375004609,9.51731578201776,10.606291217644857,11.190882651189709,11.687184245857518,9.790801482029657,9.305623665217894,7.452727283980933,8.469472533897818,0.563070108045214,-1.3508125787872964,-1.6687163115341197
2.0485949510267845,2.479281501697408,3.0954789959330022,3.7435051809541977,4.1942441593059145,4.25175972660688,4.684717613310109,4.614043089885653,5.500451556561006,4.074141561148255,2.048067687090001,1.4899270168944667,3.919202908843598,4.583112739140844,4.591426321224099,4.437294500128321,5.879858910996918,6.2934151145344925,5.7255086732801965,6.301658560475942,6.321190896201876,5.48335475157472,6.1607060923030454,7.324928529582523,9.084848275954327,10.135837755547643,10.6754794389842,9.770600744756777,10.920367505798094,10.133013608208426,5.355327748268564,2.1831799403928507,1.086642460406292,0.3183796903740441
1.1019895483408209,1.4724547918199318,1.8975498542151485,2.5823375154165182,2.655574549157076,2.522150297905155,2.905076006286415,2.865475557425825,1.2503647067091683,0.5448247829839535,1.0805480553534232,0.5783528592241953,1.9899380793576766,0.03342698374725615,2.7633289034066557,4.070990587701481,4.352697448211926,4.704972663330337,5.060565480831685,5.484918248156737,3.6764653602949715,3.2387392562725092,4.579447440190585,2.3384464006206285,4.6043676210381355,6.508179594854921,8.194871740890804,8.370830355863077,8.093905098984424,7.1989794610835895,4.794348948219195,2.8968815508454555,2.021273291806558,1.269413012381404
-0.23363029002805585,0.3107287625499989,0.8742289779506468,1.5375204774915188,0.9907309922816895,1.4202568612760393,0.535637625601597,-0.6092392499211098,-2.1154598012116383,-0.04647284431607784,-1.2475779828421965,0.42632525996689696,1.1775406880978663,0.2675471495223262,2.6732948416550015,2.8452586865542484,2.5839807613797396,3.161319772069464,3.9598099660885437,3.5407033236676106,3.3179237042089462,4.743206342860582,6.580433832736077,4.054073142402375,4.850920319056248,4.782796628502833,5.170013323287881,6.752595357052624,6.722910581797263,4.490713379476327,3.200481545739083,2.8446537870138164,2.1643765285734475,1.3726054772913576
-0.9138261342091342,-0.4935256815939655,-0.428197761829838,0.07516523122877122,0.3065290778562388,-1.2880736774344883,-1.879374399608424,-0.7496804842052044,-0.21412723308427267,-1.818232419801164,0.17183713250693225,-0.9671641126156276,-1.3179735293985528,-0.366112282076773,0.663078885889273,1.6096811814470615,2.2812172873137886,1.4361539356484245,2.731860765945544,3.7549444239951617,4.053212797986631,4.853465815596816,3.5265879229374413,4.372858381361333,4.343406874523024,4.732527779916531,4.498135905851806,4.014213154533358,5.288718967991561,4.931753633534153,2.2547160791863488,2.6034969869128646,2.1418490984645375,1.301025072990209
-1.339973723045163,-1.0818835256384465,-0.4293202399600486,-0.031870639241324814,-1.4124263481803596,-0.1036444334129494,-1.1962233918335865,-2.182923351581272,-1.7186739003946623,-1.8195813785822075,-2.5209761464495344,-1.5864932499072577,-0.23271146292460276,-0.7999948372847281,1.581676672853338,1.1957847173469376,1.8234623002449464,2.569431692392673,3.334281065210671,1.5895235720954086,3.8213139129597664,3.5519092637705865,4.620780813456634,4.681400544292218,4.085313214152618,4.797752674528862,4.970838455866626,4.591683893384937,5.0010345341244955,3.6422957172071224,1.5839232723367458,2.3105262621318254,1.8412633678210981,1.0279123131342414
-1.6869688964810963,-1.03965376578947,-0.7109664841055021,0.8236728709289426,-0.029876356112167022,-3.5640944735501665,-3.087240664447037,-0.24623882764608937,-0.7815671664357634,-3.7107559425197443,-2.600013160834287,-1.4833682444399185,0.5000026439075347,2.5088909626571865,-0.4007970190147062,1.6521866282329738,1.8261126600692221,3.4861724932443843,2.81241633449648,4.097871724669957,3.1633046792775814,3.2710604531722733,3.6685416065835637,3.438646485911953,4.1557216676500754,3.5489922685956867,4.273002714084135,4.357856701239013,3.532525190160028,3.0495012443753997,2.032540291641651,2.0790501222592077,1.4206911692640793,0.571711996379053
-1.8215159242751875,-0.8371910159251624,-0.028482919487992184,0.2208526492099446,0.24720915864431844,-0.6323995383494391,-0.719163742236731,-2.600725413017192,-2.4003738210817316,-2.4184736566437293,-1.2898518665724754,-2.2760990566373187,-1.0723803651001336,0.18906904693635387,1.1785057129329821,0.5248603512200842,1.1327613591537349,1.8299923638638178,2.173579626327987,2.002274649251377,2.5380080301648498,3.1783756680609696,2.462875461865718,2.079746306105415,3.0962763311518913,3.2869178078375603,3.9147862224867094,3.5329366737152137,3.524736249647765,2.7339350064218277,1.824129037083354,1.2347068785209712,0.6714984736947514,0.5702150488406487
-2.627050506287517,-1.5348745838481592,-1.312862499990789,-1.031008988525189,-0.7073851284567791,-1.8294535839406276,-3.0104309021351217,0.6687060429267613,-1.2163293102024066,-1.943011751892844,-2.6268995631241734,-3.2729881947519948,-1.2443434022710107,-0.03417978218182071,1.6458142195987846,0.7754862249513829,1.3329612249461318,1.486837475549546,1.8829490603624857,2.4864566248185,1.421238770250397,2.6838837136684086,2.803308362809814,2.5364030467752428,2.872076573493964,3.045977362472404,2.1780103902483625,3.1810220298362637,3.0722512354580753,2.6425651842128297,1.5456664444843102,1.1944750672085085,3.185537457414557,3.509977132031371
-3.0545713742555014,-2.388931992909265,-1.5980777704218607,-0.6758463774270759,-0.4493963793326569,-1.7789327630575527,-5.039296210115558,-1.5525417934548418,0.5127347254504867,-2.0239983839279794,-3.2296635171327734,-3.253684923950359,-0.24111175433507073,-0.28535356224348885,0.09412414005806208,1.4249274209355411,0.9796251577111477,0.6953924101100952,1.6618377443024266,2.5736056534061253,1.1788493407151437,1.8281057746029865,2.9283767828981895,2.5826296909862503,2.9272295121854954,2.9116836327127023,2.111860460789235,2.044097457757179,1.1152610010647706,1.061420243960929,0.8508764513473951,0.17279241234315768,0.6620058515532916,1.193136202396149
-2.681509719163242,-1.8215367312380137,-0.7601336917391432,0.5895034403187638,0.6758807902499228,-1.7499057616693214,-3.051892524191283,-2.437528440319211,-5.779272344157926,-5.112735640480126,-0.5802842940360989,-2.244619745652027,-1.3315326505406897,-1.146119053833688,-1.0384387462841822,-0.7344718083020266,1.1258821337264306,0.199758128552887,1.1096794712671332,1.8033329596398562,1.9730643360975346,2.9801254693883537,2.930299719961741,2.941872550259246,1.6692908404574869,1.7441192868214328,1.3457199963461246,0.6820787087495912,-0.28067914031597735,0.1759249660593456,0.06987254572966817,-0.044963654364195575,0.581183378230107,0.9350938562539705
-3.6121400439468454,-2.607115622163839,-1.6679791151304693,-1.1893576849600513,-0.6120286765601759,0.2886652285097853,-3.409330956586439,-4.162732493077378,-4.9586456393691325,-4.693041698109878,-5.371337203877553,-2.7321329592360164,-3.2952787928718825,-3.029266534374852,1.3621863159927807,-1.650685593775941,-1.9715924880609967,-1.4378772217345135,0.562806759575157,0.603469522189375,0.8862305978582021,0.44962911147563084,2.9849859051031666,2.945807806083079,2.0492979398255393,1.6228940453977914,1.1714708344008242,-0.039712504110546824,-1.1228215026259427,-1.4313833739834403,-1.4729835584849902,1.5721226467898488,0.9519970925103249,1.8125330244397997
-4.60446297694649,-2.8004493391310814,-1.8760145224031561,-0.6562508470981899,0.6354863628779518,1.5681602866757667,0.22274496464995258,-3.988185632261569,-5.380664149963645,-6.1274782185904835,-5.9621973503964645,-4.593693254140024,0.6255046318836727,-4.208161974263853,-2.155433469092238,-3.3207478426624726,-1.9661137643291207,-1.8007996315471995,-1.1601347895262375,-1.2711324486102438,-0.4192317510747292,-0.30121539247921053,-0.405840849248615,0.944387961729202,1.3435246012867916,1.7772156970874255,1.401392996728462,1.132593873869859,0.9045408045444145,0.3506600152304588,0.8883429804527292,0.9760985338234853,1.5509607805319066,1.7176591275065907
-5.0405440184379104,-3.946398849648011,-2.1779395936038943,-0.8187367337913647,0.8751588914658838,2.4279953901652838,0.02583908425777527,-0.1880944795675711,-6.648906115226643,-5.326599091393171,-4.919644138848733,-5.049772640678772,-4.459468033587687,-1.7832923853080314,-1.510343805065548,-2.7830441987486827,-2.5803515810388316,-1.908751107129606,-2.18173065074017,-2.077890602108133,-1.0914768840573403,-0.49619500364955504,-1.9928854206070767,-1.3402739957851926,-0.05993142661055076,0.9986068728701833,1.312719112554876,1.0556569563059737,0.25543301628847787,0.41849321411541135,1.080544831409383,1.673348010851032,2.3559860099901613,2.101852926347714
-6.237949739400009,-4.762230808547253,-4.181360592435075,-2.3759420540831835,-0.4996094568978422,-1.3732201266088435,-0.43945929254883426,-2.7888444355787447,-7.1252250644612065,-2.001857537913005,-3.9992897165758277,-4.8498405243192755,0.11676992749028352,-2.8286726087193945,-0.9442657685349574,-1.1354265879066257,-1.7695834677966409,-1.8149247446962118,-0.9511155050373298,0.4694934618648452,-0.7897784525825431,0.08325588345190003,-2.160332110360422,-0.8343418540846537,0.33920652514793115,0.5348981161465308,0.35276170228906584,0.4678144496347619,0.599459042009206,1.5237893759860421,3.1426943707126647,3.486295959469189,3.782524807091863,3.288312387292296
-6.54594055325614,-5.732686157036683,-5.147527704465552,-3.900264842215437,-2.9319542804463548,-2.026980634463073,-0.4435543252413969,-0.7624832309565431,-6.256693887771679,-7.92893170465958,-2.477388462385667,-3.670392643815673,-3.7179849166368837,-4.4029952567836,-2.416345132321617,-1.6955616479549798,-2.3168568273870496,-1.0822486091982846,0.22839446246886116,1.6647045727261323,2.449993533024467,2.741735155948034,2.2220437192907583,-0.509813692711359,-1.3951653935541501,2.006135794077376,1.980716222775167,2.5860792045566807,3.9582106753481603,4.536264628624485,5.462482826648696,5.675700678548607,3.685565347371336,3.595402262757067
-7.732316080588295,-7.0606646112751115,-5.958732389702264,-5.164660159201173,-3.3088278629496526,-2.1414538294623866,-2.5262359427362906,-3.8279442863667854,-6.608973717358944,-2.2909276621742567,-1.440320631593325,-1.2829498728551658,-2.961888978535768,-2.4289029999393374,-3.0323687372705628,-2.062281023811645,-1.5478148845140653,0.5575171843451989,1.175517194281418,3.2350219189680662,3.2150987013094383,3.9540951199580485,4.710127457947382,6.033823663327091,4.457742263335067,4.387677887688414,4.8856590465760785,5.540941521369698,5.728273095830529,5.77875187761333,5.84753451784826,4.4380056780392705,3.2138169651731117,3.4091443391186016
