script/wind250m.json
{"header": {"parameterCategory": 2, "parameterNumber": 2, "lo1": 3.000054539987559, "la1": 64.9999836372058, "dx": 0.5, "dy": 0.25, "nx": 34, "ny": 52, "refTime": "2026-02-28T15:00:00.000Z"}, "data":
[rows 0 to 24 of 52, columns 0 to 33 of 34]
11.883615809010829,12.313288268502962,12.711399602176911,12.644886929818485,13.023571687005813,12.751583991635197,12.84916177170751,12.415152241581952,12.348968783812204,12.482284928637805,12.447437567795312,12.43134621767755,12.562666633836358,12.28670521677516,12.066214867721381,12.091854572350112,11.18174907053153,8.480336473285812,9.307493621271727,8.136944117248639,15.311722081253537,14.417168654088018,14.476922491165775,11.38937661327835,10.441557819467779,8.376299755156312,7.299771032067892,8.368065617381935,8.362316562752113,10.653352492310423,8.507097008548568,7.880249502674099,7.865938389390002,8.542467713548413
11.477053950714168,12.36080033859723,12.154977546566911,12.445734795846931,12.084670261937196,12.201108696873625,11.882962324691803,11.712546859986322,11.650198015308513,11.881640382862646,12.065834492510346,11.599489194405933,11.250042216899308,10.499517553359208,10.364882335465209,10.413855039236037,10.645849577219556,7.084217433160218,10.01525731741994,14.777181545978074,10.163684343801703,10.105784386401695,5.9373770913313555,14.512696204052776,9.123773285307566,6.720026244481671,8.916640575264058,7.6749870950708985,7.497662065279832,10.520532114335307,8.511465645211294,7.676233732556611,7.742309831417437,9.84395062720825
11.904908101548555,12.143273274243322,11.613875067824086,11.452889723616316,11.744494454459547,11.875569903462878,11.376113229755026,10.785491942178936,10.883247027562264,11.006719880047797,11.156564072187669,10.846843661438353,10.920074388244661,8.569442425177206,10.186152040888343,7.844664777099045,10.950000906567876,6.0876848944054425,5.7831146694319635,8.379597120875433,12.09392100304374,9.311220034353731,8.933445661922503,10.331406575204058,7.953421301015086,5.955624729608056,6.412636481465621,6.356692110851793,7.912205689342989,8.042296198655112,8.059034468554934,8.67914373605907,9.078815490548882,8.625822939434757
12.253915814577603,11.879347755939214,11.319682169094959,11.191989379286156,10.758951470149547,10.398617321444352,10.824421421272863,9.799276498821493,9.526306362397278,9.83038286101615,10.067811130069096,9.596240770990839,9.8954611252281,10.126716275096829,8.725764044452092,8.99864656778468,6.302466849673168,5.864684162537806,8.459745171790885,5.177928535265871,9.37708633687446,7.992877830690489,9.914780594144073,10.408941780102039,7.210515140534377,7.634530177220502,8.664480867673106,6.687466695254393,6.985145614793694,7.6250467416344065,7.496219634239703,7.970855959395465,9.13520049712097,8.498413859197607
10.728822840346224,11.101058192915955,10.734616330680181,10.379760586140682,9.825921590826646,9.664374336057545,9.85774899217805,9.25912463861802,8.69838819956172,8.794149167417713,9.469474538868571,9.645923872032744,9.604421071204612,10.68049601992276,7.907163848299051,8.872631236466903,9.582780437767703,6.177801477774103,5.804646401680151,10.591016241504189,10.2180406696317,10.932834479705704,4.728799369443744,7.628012098913536,7.167656322470082,7.6744442615490005,7.356122482566151,6.074852202324782,8.339009079534724,7.385391329700658,8.802429425693186,8.647981224285255,9.431529594727161,9.03524789548126
11.84381305404801,10.115936307771328,9.53590455575701,9.417249648906546,9.089628846197767,9.08968199238335,8.71894985633062,7.874234009462095,8.181480290096564,9.278353423882782,10.335700579295503,8.892770602559391,7.221997615602731,7.446536939548377,6.669746618452945,7.419857091805175,5.000795030540659,5.259986638798065,7.308687954452034,5.988458981879044,6.096322385132725,7.35014232516591,7.03827407629376,7.258255839686246,6.553905878891621,5.513617938498325,8.308204536056419,7.313443580183235,6.0770207472778255,8.42500686653881,7.332956835158296,7.356976941210731,7.5944026818439925,6.725750810620936
8.936811760068462,8.543693945776468,8.587029289484617,8.510358886177912,8.009616414496083,7.720497970276078,7.369241885030102,8.533613729085575,9.282919607786384,9.106008439570974,8.638377143645219,8.455174854624289,6.310787336428071,6.550329427836467,4.368452332322308,5.214344762309656,5.107962952492829,5.06902926706145,7.878291769115867,5.362823976727699,5.165191692085566,4.835753980179615,4.376618400708955,4.016872089927118,5.172097896880147,4.8287056082339035,5.647451659260017,6.709378336864873,5.984784361040728,7.178565327717283,6.158996440276739,7.201493288835775,8.634539063022757,6.620107825788348
7.740509168562403,7.771725488680306,7.245963671755083,7.177663619619661,6.991931282074864,6.053740661757132,7.933310710253941,8.113053724073284,8.345667163063924,8.01421073985915,6.202520020880106,1.792493798659641,2.652536502067964,6.17190149706001,4.071453904087215,3.994498974836422,3.1880610945742602,4.85819578146155,6.305353200510035,4.978088781293419,6.054916396693934,5.7771321839329595,5.683841347399088,2.9593733603313894,2.223812392794167,4.585559653195168,4.64882266993752,7.077021498700825,4.938502485327707,6.853770794795377,8.695389354584295,5.941767756313447,6.462188461859352,6.099141123403998
7.1125278188595615,6.42724311376393,6.059155862264584,5.725994309816431,5.155413709265867,7.1694550336395375,7.167642850397011,6.966838287947169,5.501675169488197,4.436507771036582,2.0329625033995495,2.312763243545294,2.933129252425542,3.164785791380931,3.9301788946647043,2.709270137254607,4.283476469453454,3.824756424140849,1.563332890243309,3.880441082358495,7.077730323036934,5.042001067705792,6.175956268046734,3.6695413619614343,4.315037262973846,3.6946107342657126,5.995156822058596,3.7288919312769133,4.881770172747471,4.360035819359577,6.389493361416468,4.767131719519775,3.9440884505472873,5.013077427830699
5.861623806035089,5.09631511773078,4.4878754238039695,4.23679698214997,5.718399831193291,6.09389538470621,5.797521777624067,3.923379367330359,1.7209530976081409,2.7401474872130316,3.512161694222481,-0.07385742107347322,2.012439595476003,2.1479453793799075,-0.1668741244584243,2.3688148423448157,3.217473207787977,2.0974363048245186,1.0574677230388543,1.5602627633168238,2.8804470919644904,2.368424065738637,3.559356839898403,1.976310199106809,2.6260742986865346,3.449461650920175,3.9771030560574125,3.540896742394197,3.878648956539754,2.0886196606487415,2.9366297367656538,3.975892959151699,2.6464318563842375,1.9973209585357812
4.589970395520206,4.053565065627888,3.385671535191606,3.9715039889149986,4.523195455131505,4.313292324745511,3.8230142509438183,2.0015613476375926,1.957453539120296,-0.31748787483930946,2.020404990037533,-0.8764885649526661,1.8850852831402551,0.6417488876588009,0.2634449077007966,0.2327974876084319,0.9504869679626721,0.26757177106474944,2.2062412788338146,-0.12000257280445034,0.6440420814709378,-0.034038951872132496,3.170725837526223,1.466277944416355,1.2994503396558148,2.1649914588445474,1.840678120175,3.6620780992663966,1.862516598126513,1.4542278091544567,1.8116255557970466,2.115059806235612,0.04906876953290785,0.5738096178005714
3.6796029973856768,2.643882132084551,1.8350443495831597,2.7025537051525794,2.493494993552053,2.2716320861010137,1.9197064123523886,0.0439345689436719,-0.2743941357914044,0.7351793775863974,0.1515898941668801,0.45578801317613876,2.287737490429488,-0.14929381683853088,-1.272231362321938,-1.3516401869166037,0.09883313316538662,0.4557946042767157,-0.03423225677017711,0.5633203795321804,-1.062336041878013,0.19460871077331243,0.4234280695905107,2.818576189848418,0.9957991624760962,0.8466218174506733,0.9602559630566875,1.4395568925681188,0.7985300309870129,1.0882277287645021,-0.019688329624435646,0.07675628342213926,-1.0155265962930335,-2.1269072072166835
2.668685560781342,1.287184990522423,1.187775203053098,1.9363735628394634,2.4655762852634533,0.9089267891709729,0.9346793863389414,0.2250999641302708,-0.03989013925190189,-1.46848401489624,-2.1847837466427418,-2.3325059709233518,-1.0149171303668147,0.21848897091797165,-0.27079247425166625,-1.469905746305953,-1.1719644585272986,-0.9344485337804157,-2.13408729643124,-1.3785565187381998,-0.12953169120487482,0.1348259550709015,0.6525009956380421,-0.3866816084971249,1.7397090675160511,-0.21219073361778268,0.4850669287269227,-0.10604535321480145,0.2724802639959193,-0.4860428257042272,-1.9570466041133552,-2.2614589936337057,-2.301481719822358,-3.7340514255544144
1.1964416897272658,0.8719778105600001,0.2829794208032386,-0.22014941348400044,0.9441603482015583,1.469444635599538,0.7449108648114934,0.08935019000416303,-0.546389824139188,-2.9881755664330587,-2.43236435271344,-3.592527844821518,-2.6087066492164537,-2.1230456990672146,-3.3002821418536628,-1.7687323453811594,-1.137958986246307,-2.8372498250728952,-2.372434205672831,-1.222573589639661,1.013316542092001,-1.5662369223773742,-2.0258544446097795,-1.927233779589567,-1.4149336380903086,-0.22761576068451553,-0.8839548361267222,-0.21863442340124256,-1.4874108689555874,-2.1379944669770983,-4.147642968240284,-3.893992245375216,-3.9694449043908797,-3.92771109698118
0.9910298837118371,0.5854676217016628,-0.22037440863350893,1.3634569642407237,-1.0334069210666683,-0.4501736199155633,-0.33163137640962176,-1.4541516030874493,-1.9670619322378844,-1.7997473973237874,-4.301564651370246,-3.0483320698686143,-2.5648846833075782,-2.87160818255462,-2.0046985592602575,-3.8751546071239855,-0.9378473968180074,-2.441993773190816,-3.4864132186512196,-3.5788078519703164,-1.5728464705196337,-1.4926221897982304,-2.716552981869441,-2.983890945878561,-1.5967162908662609,-2.5622387904636463,-3.15000908434531,-2.46078374125012,-2.196686611164028,-3.6594802301860767,-5.362751490691729,-4.874360354050204,-4.895168283682001,-4.119973153259218
0.6541699602053069,0.23703316946826472,0.7274545623766094,0.7320443752086864,0.25361231047038507,-1.256586734228941,-1.9482500351201095,0.6711165559001468,-0.9919177544541621,-2.873867539305965,-5.446195294208946,-4.695798035789903,-4.403335482409084,-3.478067403368592,-1.2083012877567367,-3.6739213515689655,-3.0638701491914264,-2.9160857327986096,-3.9048478465293295,-5.020409431850199,-3.8441934249320386,-3.849890644413531,-1.6674768793770707,-3.494154812219118,-3.1053104706316463,-3.778739580282754,-3.719442724451183,-1.3843244016986005,-3.6591365617797527,-4.70560151994087,-5.051379020776553,-5.386081292473214,-5.842362385542897,-4.593348761156039
0.5826093908265171,-0.04940759818607331,0.8227388620335766,-0.10665702606191166,-1.2539108568525548,-1.4839441733443062,-4.385385267831825,-3.2009429027150347,0.9297372881499959,-2.880734014950077,-4.193408017682222,-3.4791287266058433,-0.9441113324836625,-1.8237381517354196,-1.5413285025308625,1.1585973012336082,-4.983362039276218,-2.269905904994151,-3.937918059206896,-3.661806780481414,-4.559984483062638,-4.633711034844878,-5.402936791785925,-3.9826948407328606,-4.630718589051537,-4.690955073879119,-3.759875854740013,-3.669789956539938,-3.822724162422221,-4.86643510257584,-5.743473678003864,-6.396898110907925,-6.039405049859539,-3.4845680051396895
-0.2794526820250347,0.13122105011346244,0.4113039505575943,-0.3297804324073614,0.25995488656346716,-2.106129405099647,-4.3376782313562225,-2.9329598253419285,-4.4891639549090785,-4.905906094410276,-0.5551944864377205,-4.843729458922292,-3.081796511078705,-3.814348208841279,-3.3760160994979462,-3.819479411849776,0.6553818557502703,-1.221131965391531,-3.6720445783961737,-3.426338803987408,-5.380323879510184,-4.171698540419031,-5.250003521229626,-5.881158290980933,-2.938223305439001,-4.01622527247777,-4.3686593873055735,-3.3329721112910136,-4.18748471097581,-5.161573939082643,-5.504836845310143,-5.039522491376555,-5.3343786195510665,-1.5996644683184487
0.8281373423215171,-1.0972232829579625,-0.31295303961412835,-0.8302560760683692,0.6196715829137299,0.1467175072823874,-4.1173229723391875,-2.4674751525526175,-5.508934730420853,-5.783540698054538,-6.3433279091042705,-2.646064796329385,-2.5192994898741916,-4.340533169896298,-1.7587694252963155,-8.180486991418892,-4.238618447198451,-3.9239209439218934,-2.020750052772534,-3.7721317950598534,-3.506769890366876,-6.978503623240054,-5.825249481339045,-5.987130708064089,-4.302063720439914,-3.612620904100192,-5.190676065360702,-5.324198315217816,-4.258564714009809,-5.2023177633427125,-3.738601622185993,-2.185420854843111,0.2219738641601463,2.5705759533693473
0.5232251795047791,-0.5783303996992402,-0.3495879661497164,-0.2594557033699367,0.8486712589081422,0.6706443487359726,-1.9240044774095395,-3.2260044606472826,-8.093357402393982,-7.320622706153111,-6.553401800554653,-4.368351226582837,-2.338836031958264,-2.9954297230279665,-3.90117081237084,-3.465458685990573,-3.40327311438299,-3.614915802179813,-2.0752855628047664,-3.486279808692226,-2.514868066979327,-2.8069471277630367,-4.329866166559899,-3.277633377876444,-2.703698813693768,-4.2425843800747876,-2.64241796264877,-4.033644679810817,-4.455066972894843,-3.537978904226313,-0.36670844267817526,1.4718859751785243,2.585050104606889,2.6814764301598206
0.09749652304771247,-0.1413745671763323,-0.9023805649334524,0.283351189966817,1.252592652498363,0.3787533896289853,-0.6968103812064504,0.1891915395080084,-5.9685075067779945,-5.210731177675047,-5.802290984997435,-5.010335190887913,-3.955287691673934,-2.5400675651031324,-1.867835852571732,-2.6602250919851644,-3.6836332611829836,-4.035949672010443,-3.06097456640863,-2.9791497756369796,-3.239161641566356,-4.070905374651547,-4.49504847477066,-3.7757004936827823,-4.337402049437828,-4.801124023364422,-2.671366164625912,-2.829719299994381,-3.2127820365065687,-2.1918164515300136,-0.6498348636353385,-0.6404989610990034,0.20881633619572398,0.13922259090363617
0.6280976657567534,-0.2313000416187329,-0.38248753799303875,0.9152389954996193,0.7797208875059357,-1.6724834027706286,-3.6096312252869422,-5.663904980281039,-7.766040094864575,-2.8813357282915617,-4.241790533429742,-4.434545629124764,0.1843350191974697,-1.6464490855010223,-1.3424506385008668,-3.4333244400801517,-5.903650499069164,-5.170556579214616,-5.194862629411786,-2.5219990743767258,-5.036627667283257,-3.1999086308871165,-5.005885998313883,-3.372164411557299,-3.2379113581073216,-2.2710471384871997,-1.359414213278825,-0.8579014174805206,-1.1185206755386705,-0.8475156891840707,-0.8047878362736707,-0.5443504038685235,-0.47226944661018,-0.5747387739334743
0.4690303038491766,-0.07243021991049928,0.5216038687836636,0.4164815460725491,-1.3832315896161116,-2.509257271641254,-2.8775909661552137,-3.3311887395428315,-6.201389599687594,-6.607359174431675,-2.446131918986761,-5.663033832848722,-4.312297665886867,-5.641497758067577,-3.7439265306348406,-3.997996370090963,-7.078696886534369,-6.967069144411008,-5.796341911765033,-5.67789167888366,-3.951235191890173,-4.9614464185047655,-4.0317659432156985,-4.0520263876594065,-3.3060340563953563,-2.3722521172256674,-1.595750303719702,-0.010185318099580268,-0.4886842701525043,-0.8462717505689707,-0.5435113467523518,-0.8210241951711575,0.30109257786135585,0.5609199606589891
0.44035618533127385,0.05449917947878944,-0.09653301767824193,-0.4032531484383035,-2.6546425846814246,-2.9981994722429635,-0.6265348189931821,-3.8921233602766807,-8.197969757671308,-6.668379153734946,-3.0629833679136453,-1.557177218195002,-2.719107810946194,-4.8033008281076635,-6.9767697341450505,-4.186492065072966,-5.136325127856878,-8.628802774679375,-5.4235986697927485,-5.668417652446023,-4.5883055536470065,-4.838010961275275,-3.8477448418761724,-4.307351408008348,-3.302955527932066,-1.8976710413694946,-0.6670886215652477,-0.8288708176130287,-0.430429633136693,-0.06448775506492674,-0.16763087185566952,-0.24833388653767524,0.11910630544670242,1.2574206562622143
-0.6831673328599056,-0.3530181048534939,-0.8689971145393547,-1.0325009283017192,-2.5574475675351027,-1.2422691419578373,1.1771908469655956,-5.628944961201095,-10.587584090803539,-3.0942112887511675,-5.425309279332556,-3.390518100491269,-4.50746166349974,-6.394029172284476,-8.30938079965723,-6.677230040569229,-5.716459772666582,-7.528916789652346,-6.647499852611149,-5.2288072923239595,-6.243992925918101,-5.644629367646548,-5.91840904510483,-5.157391238011462,-3.6599924704658875,-2.7480830671791616,-2.4318855445050076,-1.5513861887372489,-1.1460154894500303,0.49486630196274467,0.34050903349414996,0.4090700232766097,0.7096757741076015,1.4451089867758413
