script/wind50m.json
{"header": {"parameterCategory": 2, "parameterNumber": 3, "lo1": 3.000054539987559, "la1": 64.9999836372058, "dx": 0.5, "dy": 0.25, "nx": 34, "ny": 52, "refTime": "2026-02-22T19:00:00.000Z"}, "data":
[rows 0 to 24 of 52, columns 0 to 33 of 34]
3.3538827079554943,2.738664129772691,2.451956938086716,2.3284090023151496,2.233578390336281,2.142174326599824,2.5476850305277234,2.534240443760645,2.7915358013938945,3.324089260713761,3.5453634367071936,3.8467028054305255,4.174430708423744,4.367968643917546,3.4581380746033585,2.6251836907397723,2.051753589167146,1.0231367712687525,3.4622356490807795,8.838585598293268,1.8832070228457622,-1.5141269586934514,0.5380226745627453,-0.46552903218561476,0.7023652912452691,1.4241884577012645,-1.920853095357741,-4.149978709714097,-2.4894631958614593,-1.2307609299273259,-3.825613514094148,-2.63262311069752,-2.7833207296176314,-3.1514463133114345
2.8782549513369733,2.56373624925156,2.0388603848539817,1.3745374645138708,1.5526040028123695,1.823762920800883,2.102638166271651,2.2437995845537904,2.600415675230751,2.82421028076155,3.062625492281413,3.574958598994434,4.132944942244394,4.310607007914355,4.199648614544587,3.459449226337828,1.8127886795221628,1.449568613593977,7.7256938907338055,0.8949315410643298,0.8407559632762083,1.392486429222689,-3.608320476605601,2.2186931833064496,0.5769015744821062,0.1690655952341067,-0.7400243905941836,-0.7428397700331595,-1.7022061646100128,-3.632440642443515,-3.859324537373028,-1.4544929813591054,-1.605494109784854,-3.834337468894258
3.218045822985386,2.582144028951476,1.7609401405674916,1.2213439702233189,1.4405584307126666,1.5595915304201564,1.875014581719051,2.3758180589941644,2.6564759170220804,2.933605659951892,3.5894309940200957,3.9175190293640436,4.686772296280043,4.121794044459525,3.590074842492307,0.9799369137926776,3.7792049270583075,3.1063950015293065,-5.233320261907371,1.514210262504192,-1.4929545561708117,1.7193551903470783,1.6827544027076327,3.0249902565970634,-0.08583589147488636,-1.5614012998959277,-1.349193938296784,-2.923537214992024,-2.5679068701676977,-3.9901806788802925,-4.3808644765336195,-2.540614786580546,-2.9313118017136053,-2.349563259379042
3.0193448046585005,2.4187312182105822,1.7624777674749286,1.207126345701739,1.1886237506411472,1.320543208853342,1.3053857991630868,1.635343963514299,1.9115014562736419,2.107319347345247,3.042412576132566,3.8384687166156706,4.819854230603105,4.228867962339351,1.3506964240157744,6.999683309728453,0.5341416335279894,3.4032985561394895,3.2190120437708507,2.274429855352494,7.291732612410537,3.9104524914161782,4.389875291464592,2.412719128851831,-0.02089502948690518,1.3579788803340866,-0.5222340676915602,-1.5871967566962701,-3.2107696113296957,-2.3637352840354815,-2.3913577679700886,-3.6926586561429118,-4.694699499367275,-5.280485902902908
2.393508782251272,2.3391755412162194,2.104773955421681,1.8594317737755215,1.4549787276810329,1.1226608337027764,0.9210514240814868,0.5599206787801154,0.5258280556919528,1.462805890901374,2.416670385898909,3.677913283570207,3.876104301455371,4.8453749404743105,4.822679830799355,4.375613333219953,2.3642635400014775,-0.26486430660910637,2.767714912521848,6.212646626643596,10.546500735766623,4.126705021443558,1.5399810815816455,1.047017917482082,0.09796417195892303,-0.4020293737649703,-1.2080663358141517,-1.937258605809049,-4.440142359268574,-1.1347858473152739,-1.2053995747302588,-5.558408686258145,-4.034268915395973,-4.777437836409667
2.1983863003372197,1.874022744087491,1.8048921365527828,1.2399511404392614,1.0065541808229446,0.6675605342266999,0.45524925895176815,0.18421229631088049,0.43260679600471386,0.896104245801453,1.961131159241751,1.8879774123301287,4.73676354618139,5.330364534804429,1.8586876480786416,1.5325397004796695,1.91351922004435,-0.17203432979939895,6.941887573900952,5.308428616385457,2.1921505192100113,2.2646651071382315,3.324759996611762,2.48137506165383,0.9476661514284743,0.8924397621937202,-1.1601738455550166,-2.3328227670174373,-0.673939545222031,-5.50197386845196,-5.792399709616565,-2.4662831925763493,-2.463550802486349,-2.7509419681613334
2.3507579618824117,1.6773305971833192,1.7114629329788016,1.30362396611682,1.2880944103019776,1.4216042707602623,0.8032088757800946,0.7923700588757412,0.826434015019682,1.9711163913256438,3.2772476371334442,1.9553510563272893,1.8334479922691893,3.373536742117625,2.9903977408767473,4.935633115648363,2.3263900723338042,7.988917550275624,6.48594482119183,4.473996270161026,1.9161511161526932,2.3376658141762356,2.9195672287106813,3.416371816121661,3.459434267657351,1.3171768556505856,1.074687316147469,-1.4839100453400103,-1.0418021683479872,-3.8082627936549946,-3.251440651288393,-2.0353580767181962,-3.6326097456805457,-4.323281892890842
5.971073719485959,2.8172557187092337,2.122657790824478,1.3191925271797251,0.6722675581062855,0.8069702635810116,1.1275928952975571,1.117619604782137,1.2149638983502575,3.629783686583777,1.0594820788840251,2.633580687265675,0.5619666539133091,0.8667512319007779,4.2922253713268015,9.146948979530718,5.29793317771497,11.289646947718131,9.177969447800367,0.38705459230605616,4.223009761675809,2.9939394241259567,3.356279748950976,3.134759176556867,3.48094597587206,1.8359201712034063,0.9801133585930083,-1.3214758314632198,-0.022509162317183935,-3.6389915214614073,-6.153716181340792,-2.004578784655422,-4.472769600218329,-3.7523053979983207
4.011640367175346,4.093045215532444,3.9125094244850174,3.646063433378398,2.583085827945788,1.4850491737212888,0.6308633028331833,0.9265608774441687,0.32133115888545416,1.64208395670239,2.481044647631643,-2.1974975246188277,0.9817373276417749,4.234355319196087,12.696535671890151,2.8827246958047734,10.118582258901025,15.234483376440597,8.37234001119137,7.981821691136459,9.694851213350846,6.5518251369914875,4.0037917883704095,4.221368169670161,5.0395445581686,2.9188411009799045,1.7109325821899488,0.6550672368790907,0.5981994398161717,-0.007047106358088658,-1.5666230393363958,-1.1097500670969997,-1.8589854875256453,-2.9154362383159738
3.414122001492701,2.7262996343651213,2.6424558662910864,2.371855586773655,2.313676520957492,2.1188951950588417,1.289758190226565,0.9627041328390339,3.1173731808443317,-1.872146433819754,-0.17848484433853554,7.539614627921516,6.204292455647057,9.077210827653385,9.280941975207028,15.492639978740206,7.563517537170766,8.879144717480601,6.2588811138277505,4.347924964689611,7.12650418246313,4.4897593221936045,3.0176468114,6.112434493945782,3.7042760620312314,4.0532381948550515,2.9855280313035584,0.6349954817667476,-0.5771291747146693,-1.6503919116350585,-2.3371118151266037,-1.3963334387077446,-1.8831214191348635,-3.136510143036936
3.407186025329591,2.550055089521731,1.1317395820183593,1.1099911064391024,1.648702644956875,0.46911704491022244,0.7019603596073678,-0.7082954969968203,4.33735288563692,2.810290450302181,12.436464748824758,10.442916502864907,5.8308900122448994,4.525696889227732,8.988927487322279,7.264983705650173,5.4128412301119,5.074621242315657,6.948980721598981,3.275501338129448,3.9804991358222015,3.09963406278728,4.963860909742085,2.2313116385966887,5.083118732499461,-0.5301129037803124,0.500405154609937,0.8500088904021864,-0.21289100502455274,0.013024209334409492,0.34574363022324217,-1.1972313302643334,-2.07112971896647,-3.896481845643983
6.164821458178283,4.3911050902384945,1.7745390577713411,-0.2874340197269611,-0.9928029528384575,0.10360364860161338,1.808466446735018,2.313903505134424,0.7236165931347533,8.824618935696432,-1.591787859966743,3.498887932304149,8.534569935533632,0.8900236358349299,8.135064112568987,4.5720457224163376,9.67516760112595,11.446910833920093,9.609989593768487,5.954306454744051,5.427116451030768,2.5154397599531135,3.283469416959328,5.250688556961649,4.32679455243651,1.8678589610022065,2.480560978718237,0.9623070166638602,-0.18733284568499278,0.10814697203418061,2.233851987255068,0.28237263614391883,-0.626406241193495,-1.4164702665176179
9.145880806259008,5.987865016005814,3.95677303701127,0.288549789273272,1.3773110935331083,1.4061541049243667,3.441534044785287,-1.8574126314820458,5.34408005594276,1.3286042686588724,-0.741625996558318,6.144014745724149,9.405852951582572,15.849190362756662,12.574492492830498,16.862344483502937,7.995822614572371,4.590256586980548,2.9668645434772865,3.058615769174743,4.723181321026172,4.491776394519328,4.192487559785158,4.087065288297682,4.487290186887815,3.150188720097944,2.9167035955784497,1.1891070777329065,0.10643171632028141,0.6872672283791917,0.8982415302811118,0.8438289832396222,2.0004129118917877,0.21976885389125297
5.601134822724873,10.365711699072591,11.116249542797195,10.676003963972319,-0.3338751479890237,10.448320790719746,8.760060998742647,-2.0833181115942683,12.133456615486136,8.834382860196241,8.175330230793753,5.53708715783442,3.403992221121259,2.733322414322279,7.160899265330306,3.1866547260604223,7.209536690071351,3.3711699175304624,6.485746603333598,3.545332666481516,2.898313160947517,6.150726869824719,3.948886113854362,4.69655753554625,3.270575107464488,5.4157163668532595,3.853392596497345,3.8583696017662863,0.7514084362418132,1.5212926115117806,2.2679224358517573,2.300281189937884,2.0403744895620615,-0.20854154028251004
6.078433114984087,5.455875132226451,12.61965385429818,9.435377829081396,1.1290379231543106,1.748897541434175,-0.7169419306379254,13.694245090970057,1.569768185192176,-1.165897208267509,0.8050586668392109,-1.6283774497063173,6.249373164117806,6.9856381668042085,5.905776143417785,6.3252344350636385,5.631273490841802,4.007523049563054,3.6595288341873786,3.0338931027746323,3.4590066287018026,3.7012961627601233,3.3909829063106347,3.5358484356476687,3.2841864691830773,2.9839177754813413,0.49063740816979856,2.634020309810661,1.796490436714133,1.9714549468394098,2.567540395697829,1.5174037658766124,0.9558831223789499,0.8717325937513191
6.828214312399952,6.79537843495774,5.708046274066837,12.39058508822548,3.218607773372944,2.1760964689412865,2.59952103896033,3.235528248378261,-2.519156505033678,-5.279621635063418,1.0583942237276238,4.267316534322001,2.4580814278536844,4.586331962648603,1.1699929520440524,5.388875685734129,7.467061548069829,2.109523937734809,2.514969442881476,1.510985576953629,5.610894935098352,4.1144691380730904,0.31449038320630524,2.620040021723369,1.710456889214899,2.2369876298451774,4.340075061375908,1.347912603844298,3.106804531424473,4.606385637815403,4.760413858554363,3.484685471450598,1.5055020104060481,0.9781022690107359
7.07134601537825,5.223113152250672,4.449522252995613,14.291036082808555,8.064664361021663,9.277037020378106,7.8563046422418035,5.752616261493648,-2.306313478889656,9.319563467476652,5.271338195083015,4.318749495625762,1.6669707328537142,1.7117787401693798,1.7924450248041262,1.5013370440436342,2.692119802705135,1.116225100138827,1.8929054332366493,-0.6368180501252226,3.3602645538442366,2.851089318679801,3.4394322866812117,0.9073709449669601,3.493196405211443,2.972905487095967,4.323481242450244,0.8775341528808519,3.430522476766581,4.477255417869662,4.876898688423158,3.342027741806393,2.2222646106498174,1.090089125719824
7.992053186712563,3.2796597141773187,4.892025035514097,9.838432240166535,5.729466583262962,1.5413912267020444,7.748767707295618,0.769348768349688,6.148019074417047,7.084788284865463,2.185535806791016,1.0311394857130574,5.005160686647233,3.0901998284398835,3.7724232353596148,1.7608211423081315,-0.5107859434579133,1.368740804952991,2.843398787384329,2.2680429015106203,3.528254873099289,1.6111312485945248,4.352714257115935,5.014687030469548,3.979057933211025,1.6949763254888035,2.630221486940541,1.7398772415992922,4.7831036068337225,4.926299031484322,4.3384938266616375,2.883913707312812,1.865278003986119,1.7369086821862338
6.85203657766034,6.473537959536766,6.2063868855434015,6.46754006821372,11.108201103498297,7.029517972392925,9.105419831107366,2.5069885753157357,0.3338826972788455,1.0094800304306542,-1.6008907867176778,2.2843121380163547,2.713467275133978,7.128237672702195,1.894153016457407,1.7629958469944598,1.430803670022705,1.5031298725924256,-0.5055714175435501,-0.2476199510465883,1.172721034444413,3.7269690984437283,2.8459770266318625,4.631228635374247,2.6136887190251663,2.6333573918168343,4.56043059580471,4.72019699401176,4.766349129573827,4.724797601455483,4.509389095785805,4.170623874211269,2.5370385471264987,1.062730720552462
6.919892609638963,6.808271580080399,4.622279895383191,6.339363475787795,9.81033258974946,3.031552327148484,0.8043810339685616,5.344310728823928,13.538027005565125,7.7747758349557,10.127267071853533,8.636582204191328,3.0994623135813844,8.448798159613137,1.583784811962299,3.6691632061582244,-1.0328246556223322,-0.08194891398682498,-2.2153627558811553,1.0683715699901202,0.11430855990951536,2.8995328940178107,4.108436693244065,3.807137819852627,2.5968080763928514,4.043988357416855,3.8744534696951782,3.90603437892529,4.35876721524498,4.838447842092811,3.9765551893601905,3.6058783986696,2.441429924930033,1.3782642766240751
6.6409751698898205,7.46477071725616,6.543931206667393,6.491130949234526,14.49756747501376,7.737600386928983,7.642282404868294,6.324918307241459,8.303009123168536,12.46815760227901,10.163431458261417,3.057486369669939,3.093542303579319,0.28957905556231595,-1.394119357418173,-1.33919742074268,-2.9440255676373868,1.922341158125294,-0.34626020927504575,-0.19392970512600288,-0.28576461499235456,-1.5353777942226576,1.7468533467830079,2.7256276643685875,3.94224412115922,4.491350925226746,3.291018204852706,3.6429898096602282,3.848075110285175,4.179766070633023,3.569076734956142,2.3255066437699625,1.7412926463426048,2.582157045851036
7.369794870935176,7.503647441701087,6.59113012124962,5.566426830333671,15.499697515453567,11.784277011142217,-0.16727652314875255,0.3285982931481314,3.7820006325269495,-0.15723342401717036,5.722680074469318,2.8781052144745383,2.5611111507019952,2.563028995324437,-0.22009135004337457,-4.25411470348638,-0.9047364457812923,1.5844915096086747,0.5738189796747136,1.2501559601891685,-0.4096382219288835,2.258115304336568,1.5295534387832261,2.010822776363827,2.3213315612210823,2.1330995141009836,3.3097814395400387,3.8344120921192144,3.2745237007382153,3.248772130014179,3.1807059984431714,2.24925625916186,1.187411625902899,1.4059458865525156
6.864670250635242,7.391033686016141,5.931896968804552,6.102995725771473,14.943290706548254,5.817879703266167,5.091968927058108,-0.5075078015338144,10.575471960009438,6.781718188791966,0.9396939890704354,2.9576568019484255,4.755997502929432,1.482406926421036,-1.4049787449782958,-3.001288231135406,1.6431398481129809,1.3649210338667772,0.7266045634860394,0.19502959095751118,-0.4469160678991858,0.6156864646940153,0.8923844181699956,1.2646834500795183,0.5624429290075866,2.27077605918376,2.58390883533589,4.060698427301365,3.5441732920344995,4.012313221253583,2.867298275198418,2.0104291639570175,1.5648209149463577,2.002671304519348
5.987665602836502,5.22814911110769,4.782811729123317,5.707614537132056,14.203855408643532,7.849635844475413,3.4729520712808526,7.597901547365549,7.562521479389712,2.2477304427735563,0.07853936437516314,-0.175839201598483,1.5131385728873845,-0.7294220663372184,-2.358219360173796,-0.6256150821891651,1.0401514572335004,1.2538818483962062,0.5810978291989655,-0.5331314416856258,-0.7937087794351974,0.8586902515073477,1.6885352279416417,2.0192974189631623,-0.5854098645268544,2.6359417864325287,3.0254908499940956,3.6775375503221492,4.266791489783883,4.218873159663119,3.4799840522919547,2.8941263032074525,3.246025300952062,2.663716451108445
5.135642303077827,6.089951675301441,4.999165705128242,5.839471031330743,14.591240458515976,11.926905711667954,4.708516466871081,8.434571384231008,3.732927143303446,-1.4501823594958092,1.549324708315273,-0.1440795032118131,-1.8227674448527402,-1.4087661248080046,-2.7026323147367477,1.775425041914546,1.1854918847004168,0.5282376677841253,0.7253994102178822,-0.5705555506992229,0.1918827828405413,1.8368611654297782,1.494224102414098,1.0726776105901459,3.371987686470401,2.9080809500400084,2.721320893776102,2.698678472460269,3.337702706316649,3.0233669541059403,2.7145020892648937,3.802387659805238,3.5750419377147313,3.297709432076681
