script/wind10m.json
{"header": {"parameterCategory": 2, "parameterNumber": 3, "lo1": 6.000027932988019, "la1": 58.9999434238085, "dx": 0.5, "dy": 0.25, "nx": 22, "ny": 24, "refTime": "2024-10-19T05:00:00.000Z"}, "data":
[rows 0 to 23 of 24, columns 0 to 21 of 22]
3.039793411503484,9.869202814902343,3.6228041770186925,-0.14171572677561053,1.0191486135925272,0.2865687900812059,-0.3335957249147684,1.651177132525699,4.449966831750041,8.481012470572624,3.4781494900893293,0.9373374525111586,0.6409781770445048,0.7226285159519374,2.807243351263943,5.036402566077417,1.4375424563348689,0.9155101161645256,1.6678806961487704,1.6334504266320349,0.9091204901432992,0.994375409242204
4.621540719553904,2.7676129511201393,2.3652571700886664,0.8976501323722064,0.2971554292430281,0.05047232411875671,0.790763659692942,5.8110723812872545,7.519298572416301,7.577979066762006,5.146912838366346,0.9087500178236917,0.6351978646283966,1.791658060110752,3.498817723585933,3.2551421173065047,1.186877950868837,1.4979502269965292,1.1890122516134682,-0.46046746782780906,1.0454755123662227,1.6906402302538746
2.724173537446199,1.4807835522376558,0.5607845260682526,0.19886956991948232,-0.4660883816676625,0.6687919203310692,2.850083215117754,6.304610068104409,7.1903368701622545,7.57149150168897,6.499446851578044,0.7826377190344056,0.2765871846932299,2.897031864227326,1.884662301698492,1.4966539088820359,0.9509633987664904,2.286733442441779,-0.7714205975960483,-0.7420750417795435,1.8220451977001535,2.168683837850029
5.916909282025875,2.486788725860303,1.618279408125209,0.6720770543534248,0.48586889174333586,4.6260263108651065,5.184048006580285,5.863163208281479,6.267353073972225,7.286997688074938,6.522242350404253,1.2063203524909982,1.0186306962492435,0.5513740977422468,1.4047744885114426,1.8090344689103848,0.12424823233191357,2.822120644709215,1.370718055353791,1.7514393231463612,1.4490675676136133,1.4441386032591141
4.638324145487616,6.480283624496548,4.076603941482876,2.749756856052404,6.641692543521671,6.777900323977473,5.784635796382257,5.296006098198504,6.12387913228382,6.338559249112049,6.5577036764625465,2.2425069199176435,1.3945531006291827,1.5529161054689278,1.6979900012705866,1.3027516438835414,1.3034440789361572,0.6308676623850661,1.748407675796255,1.101657843783417,1.0920680077215144,0.6836504780429931
4.1499803402536735,7.018823458028342,6.319067839468034,6.128207977250451,7.5874983140420955,7.140449036144249,6.2967380893469285,4.946800213652141,4.887019996606768,5.270507542980395,5.965652966707452,3.6576549958959794,0.902143156062605,0.9873848446701812,1.8192156588048494,1.5489872528315602,1.1772981454605518,1.4197721123905136,1.7283117883655907,1.0419028489397566,0.18831635847597278,0.576799572064092
4.157174141885407,5.451083390669882,6.554996382418329,5.70975957591176,5.8638106752434975,7.361913039706625,5.684874158938144,4.42367272705818,2.7113596439093457,5.572551142730689,5.329484526403809,4.399133223101062,0.30306859098452416,-0.09376502882273192,-0.49438963721009704,0.6983235042155194,1.2116230445026714,0.810665299389423,0.6787337130434747,0.23877193530174523,-0.32022890782821484,0.37531259204653433
5.566160413086587,4.938150601385011,6.009321309157494,5.586961245029009,6.328608821511096,5.642311983411135,4.16357846563374,2.897684225789573,2.0715048546251826,2.9668699377539958,2.039784687360313,5.400336077722563,1.9215728431991412,0.8543269528707478,0.40745050890257,0.167054236190702,0.11015320058754893,0.6336446260881234,0.3092475829290983,0.0671794836654961,-0.9029175907834458,3.6478999144341215
5.29059426960452,4.809405132840881,5.908986915753594,6.332414545665371,5.776334011633364,1.7239166906395869,2.6848882821927567,1.756920901062922,1.5496453253108635,4.588057100008555,4.8602983410232845,4.844367155417293,3.902596868764506,-0.40877476192087336,0.09480581631442758,0.5106100136619871,0.7418010514718205,0.14035535047573408,0.5229963760430056,-0.5178386207783283,-0.40463880759616,3.6730173624157914
5.794416305302142,5.39688857269506,7.193261228261989,6.612193900303268,4.38825155671835,2.3443203584937007,2.188868368794331,1.5997273131168752,1.4203996004271453,3.93301928627312,4.751306764298289,3.2909380056891706,4.057172993711728,2.418127806975192,1.0660731117092772,0.47370566571584843,0.25857576442214864,0.5543131087334459,0.0715817587796914,0.5879660784957043,-0.6031718602215232,3.591517700160809
5.103924725479615,5.230827179812486,7.138789534604293,6.695688188369538,3.8262780843167796,2.0411020877310375,1.3241177580672305,1.2056992336011063,0.9240190612935417,1.562592542400582,4.186164201161679,4.29863186661525,4.778268093576955,1.9074901029728908,1.0117001682822468,0.16263765591552923,0.8064589522539091,0.6935101670770303,1.05668079760771,0.3241764417183777,1.933483550673434,3.3609296562327176
4.778860815127734,5.445427145898836,6.685904722680648,6.2375301442781454,3.671051758270644,1.3023192487575082,1.3848686274952995,1.041635814858696,0.8099977887961601,1.6162564193299815,3.809471524008024,3.3956381216433384,3.7154149791107476,1.0354063349143594,-0.1354348416046086,0.6977656601282891,0.18248290909905365,0.3388524080095965,-0.27107157341602706,1.3552870667060153,3.3444445973848365,7.357326794981874
4.499767168967987,5.415740805274397,5.709274796670872,6.0029309687960035,3.312726217631746,1.3729845773618072,1.1112914035381314,0.6056468793880627,0.8346720951457385,2.5316439160751836,3.017295314035685,3.193163322754452,1.6540519309865038,1.5701401964741049,1.477512167166866,0.5289178535422451,0.6946372179690423,4.835392882727242,6.553849929171038,5.684827693553428,6.8969625176999205,8.578562864712996
3.8358333597052563,4.894046224857172,5.508670452858307,5.896282558371538,3.4827660895604318,1.7395038097270303,1.1711816260005425,0.6554786212141392,1.9856116402391728,3.2387544216815485,1.4083802380229713,1.124527648832345,1.0373761706498412,1.0486127199437072,0.23609501611266995,1.5535377473712233,0.8967392444266457,6.8481380102010725,7.659485980676677,7.292135532778445,8.455299487535417,8.586144126634194
3.70208162719677,1.6668692860166843,5.281516885680984,5.0099216801322255,3.4592200470757035,1.098038947115678,0.88325238227758,-0.015771240224536954,0.7406948858529591,1.619001032653723,2.085632594516221,1.1844118464824858,0.16776467534870276,3.465777404158225,0.9708123191871177,1.9693543452067674,1.8503334275333174,6.732950715131109,7.838869272352309,8.25790708992739,8.649739895541666,9.130912850060266
2.632308319912617,0.3422612169513762,5.026470467240772,5.194768023940706,4.033901623363215,1.775284631082889,0.5398212120072192,0.4671168844749352,-0.1439105102871846,0.5997322742614997,2.812610731172708,-0.49492227097363406,0.29448844128300944,4.778521864141387,6.098028886602847,6.640035174386291,6.716830303125062,7.915719797169927,7.022249304226998,9.530752439149367,9.214869575324663,9.29601784384452
2.41893771324421,-0.43230226559035734,4.84480216741305,4.943390884533936,4.487515508372818,1.6823572176931585,0.7038341705931234,1.1001460607916758,1.9571081977071103,1.0417367871778034,1.5558843241041778,1.6266340802590655,1.771802839571633,3.7488765515399605,6.508821899469753,7.315806464658612,7.885229318166791,8.599135779369918,6.036335563603464,9.747283473395088,9.607558657080963,9.71159114099309
1.9296476750310276,-1.0311547687180673,4.19706570293925,4.46337214626926,3.88324771244783,1.944136777416752,1.0994820308260564,0.9832333737707377,2.978505458707106,2.126106293385908,-0.0466476447144654,0.7465531816546159,3.411402117893827,7.004538453987971,6.938483719769999,6.269392520118233,7.6509213656721355,8.29926441606952,8.476831420999373,8.523537360406497,8.460210584735417,7.762464297047752
1.3313160649442983,-1.1971535338764974,2.6433278645151312,3.983095635990392,4.505059889101784,2.5780884413311442,1.1469942357421747,0.1166784422781187,1.5756883284039813,2.210815962037544,1.350509458171903,4.35261219721106,5.28144219153881,4.5830117515329585,4.231888671501376,2.3428356841035742,7.900125677208108,7.940838396715724,7.956476242218951,8.335968118535517,6.78239299949906,2.5861982602035574
0.6778375140166398,-1.8775349710631621,2.1781371547432604,4.14614794901736,4.981133982693594,2.9207276315523325,0.15638192939071552,0.5714375678320263,0.9913202359196985,0.6934592990410637,1.3404012525376832,4.184308023718269,4.3774825797297074,2.5399977932791074,1.540870510141298,5.05606409056706,8.093351658443154,8.309839446600346,6.944490534206288,6.4232258138461455,3.6679088842523937,2.8530675852119907
0.2843545678668001,-2.14054718369485,1.7828098243366108,3.046980819319093,5.0465371287782945,3.4381485423244227,1.5269841724209015,0.4055801175668344,0.7445493809157047,0.7974130122180667,2.594162737769921,1.8148997791348842,1.4825729505442538,1.5358779197954118,1.6620210835113125,2.7319499262686358,3.5142235978397265,4.032780357547418,2.5708569097205722,3.450665026720573,3.280260147831655,3.289617159517162
0.5482395124321661,-1.4530709907173134,1.5782855922448804,2.3007348297258945,3.186248700226308,1.3226673053944626,0.8647025025173203,0.030410546646574034,-0.13059040411879486,0.9569108045412047,1.6449156231069688,1.1098880747784505,1.3890830212842684,0.8766445274575722,2.5341066825776144,1.6721401155332138,2.7797290737731988,5.052794038041427,2.480480828304206,2.699088350329017,3.770035926643536,2.899762069595477
1.609668646525471,0.2214040468837186,0.5105248310295089,0.6228301813363158,1.0791243010468619,0.5748328842864158,0.1751276472472497,-0.056772936065648344,0.6041628736960021,0.37536115392140607,0.5649944078853477,0.7324650193152084,1.6646748030093297,1.8515545843526393,1.1990797394931132,3.631986097877519,2.5370054513057285,2.6476132285272596,3.782028984093236,3.0060764954455927,2.2602071390027336,1.7396406738077013
0.24836420231303177,-0.6462825253277055,-1.5942670727736525,0.3767146758640923,0.19700059617744672,0.7830959019555809,1.2146463943705028,0.02025206935197282,0.16993933042186854,0.23253455813762927,0.5843450299399525,0.49658558600128516,2.0176168566423827,1.7016576544376223,1.8310431498955488,2.0791979607259425,2.4249454983184204,1.6057493619931478,2.5347231938284414,1.4400758208596596,1.2920140626478867,2.0247864063035026
