script/wind10m.json
{"header": {"parameterCategory": 2, "parameterNumber": 2, "lo1": 6.000027932988019, "la1": 58.9999434238085, "dx": 0.5, "dy": 0.25, "nx": 22, "ny": 24, "refTime": "2024-08-13T01:00:00.000Z"}, "data":
[rows 0 to 23 of 24, columns 0 to 21 of 22]
1.4235578826602242,-11.177435525596824,-4.692548249873286,1.1172137620260092,0.6390155296764515,0.18143438186422522,0.6077961525828345,1.008477389065143,-0.1515900497860167,-0.9120844593044876,-1.9061869796837974,-1.9315509456153372,-0.7909920245716199,0.8970306168833716,-0.017261941740605247,1.908519234912551,-0.7532821330176194,0.1320079990083287,0.6478824540777961,0.9876729707169358,1.675200093647429,1.4784779539481372
-4.08973412793449,-4.043247144942093,-5.8770005856085215,0.3815743964500436,-1.634847883785681,-0.10336690769845841,0.313149961610738,-1.5974163813904327,-1.522343442495591,-1.9209829231942042,-2.5998216302913084,0.6170012268458774,-0.4942614147492937,0.8630211607000946,0.6714663777129364,1.3312232382488716,-0.622429050982525,-0.30000626431088306,-1.161998058111288,0.4826206281447676,-0.30668985278134453,1.4795299940763604
-3.7464787414822034,-2.3674775128395136,-3.1478082019362614,-1.8321236684183635,-0.7572007148500776,-1.0380433883636895,-2.7385659967460403,-2.5111509692794347,-2.4918154298493542,-2.7584666423578414,-3.159273878407511,0.3005523043690044,0.8350846095013632,-0.45084410820742676,-0.40553283905969684,-0.20201907158423174,-0.34062940539135106,2.3283275081849033,0.8361183377642885,1.4172896386050617,1.1105986866538347,1.0981164527805671
-10.761534035331259,-4.038571284917381,-3.257235049303167,-1.3231563727947533,-1.937161674759379,-3.8641403028629173,-3.8540189284059982,-2.881862529034361,-2.6653472092688406,-3.221503779673055,-3.700579199592831,-1.8207047058805261,-0.005005948099235924,-0.3289945844032596,-0.3644671999028121,-0.6223883598083774,0.710676047425616,3.2470403523934235,1.4292898058877148,0.20670888089752354,0.8245708789416727,1.2638397161561372
-11.606767679480884,-10.882055076526203,-6.566706372207765,-2.9955988444584056,-6.046092530344067,-5.424758169110408,-4.55074224113709,-3.879867497090701,-2.45916529857661,-3.7607373637464967,-4.079656819761133,-2.614043983584668,-1.7495377008710387,-1.1580539652888953,-0.578661532880878,-0.21367005808984635,1.7586246225126898,0.6400765732441257,1.7740301742687774,0.9982870468186656,1.5015682556497003,1.187525859957782
-10.035998079416268,-9.199751055146574,-8.235773593813665,-7.201389082780723,-6.518895656948042,-6.730709079863842,-5.349948461290706,-3.6892045487094993,-2.0889093441873388,-2.4121001999667344,-4.602672734713715,-5.174025284583042,-2.3732526696051597,-1.6408020921881266,-1.514032087706746,-1.5898135608184667,1.4923605177373287,0.062110636449189065,1.6689257563814337,1.6839398960859993,1.3387387566355473,1.1996522907796525
-8.807686784113384,-7.790732668608577,-8.080979512507424,-6.651822449795438,-5.9450176454475265,-5.554695609774774,-4.870383467037662,-4.835308104982851,-1.8672094711682197,-1.4820441007312428,-4.2781648899532305,-4.69614194827499,-1.8785318343115405,0.32910555421660775,0.30083685737359656,-1.2659055456585724,0.9077856628842916,-0.6137207799288198,0.7834063344051638,0.8029510953697707,1.4184871546723115,1.2684604268534725
-8.787655138845976,-7.158148034121722,-6.580032684290448,-6.251742128651701,-6.245378178247455,-5.132289606688378,-4.489408741178523,-3.826514956509272,-2.204258971610788,-1.2884311353905982,-0.758386824084634,-4.562837005552517,-3.7027145397726144,-0.5218922986768437,-0.760988653177133,0.5311306289881924,0.4544607096489595,0.0770707670447833,-1.1433905735664742,1.2654580844707055,1.5401809425715984,2.2042753165334026
-9.028529927695539,-7.880770865593844,-6.794581806449304,-6.968757927159857,-6.974157153510939,-1.9697890484037865,-4.24333732582717,-2.703909619157368,-1.721738342978353,-3.4269640483822412,-2.828856417770871,-3.7106159687175326,-3.880804146540015,-1.9020951387369718,-1.235269697885795,-1.040823446178968,-0.4106896663042942,0.6690748749832118,-1.7510040683444617,0.9474592320705684,1.0426300767435484,1.748381580618132
-9.701151455422094,-8.109035242971894,-7.4774317518281785,-6.777964424856423,-6.332964708096215,-4.050955026589731,-2.4731446955309986,-2.4662678079276104,-2.358516926019304,-4.076588577838967,-3.182072217942749,-2.0053468440734554,-3.8924411540859647,-3.3034445876085896,-2.19028088245082,-1.5512328648780247,0.20938570480831278,0.8279851386626526,0.00024231009744801315,-0.5467021793226625,0.8199338337758237,0.6339284544679471
-9.995532442654307,-8.278438816750562,-7.203000854470442,-7.794427422980743,-6.636553507494231,-3.063843280861014,-2.2191686558115844,-2.6953204310758796,-3.2075265921832905,-2.001583253066996,-3.8635920168661504,-3.2279309668762197,-3.4155015572370995,-4.433894997612883,-2.449210640779654,-0.9149647886959128,-1.6673473312391234,-0.06062725606655764,-1.225235097516389,-0.423082474310748,0.3856536755315079,1.0426362459324405
-10.41711715804912,-8.625692880602159,-8.491837980831132,-7.716095509810592,-6.253301771820505,-2.690256376637056,-3.417351535917705,-2.969385983722209,-2.092882263947733,-3.029696003825587,-4.349244166058387,-3.3559913063463136,-1.7366061158443062,-1.5600058490116309,-2.002501020762861,-1.0879886872546114,0.3114292375517131,1.0333905740810359,-0.3002627554396585,-1.3206766619497936,0.4787058024201276,-0.6233838414867348
-10.792200488500889,-9.127532084805377,-7.853002927914321,-7.258203566254649,-7.833162838267726,-3.0394167645475325,-2.6543284355970185,-2.919884631209839,-3.654867006815396,-3.977596168784718,-4.559810991004666,-4.3122794171059216,-1.3116110781321082,0.4307981330388287,-0.06792321218509037,-2.2327601539381106,0.8535934681879457,1.2572631765154996,-2.0628772058102784,-2.6826261027628986,-2.797557613407984,-1.2311255622687804
-9.386315579765522,-9.90773844965316,-8.136965458785287,-7.666048083709079,-7.33098823724179,-3.3143162142393976,-2.9971940546520184,-2.8896494207212817,-4.581008617671259,-5.12605015845709,-3.91599690865995,-2.104821150617033,-1.95028307769886,-1.525450985329637,-1.09157045252128,-2.511387066055408,0.2598432284772426,1.5744741988681061,-1.006835735404361,-3.5253282994497455,-2.8713830596883834,-2.777163035485511
-9.846605278672023,-10.40544039989271,-8.525058289770683,-8.210039122666426,-8.130508774616445,-3.929207958141324,-3.7532822249205693,-2.4904257372876426,-4.342967932204417,-4.880866922878053,-5.971532419909417,-2.2468460830702104,-1.9199524114499915,-4.453045936738048,-2.508646223922677,-2.0694677181437475,-0.7556131861583821,0.38894661564914146,-0.5216829369983701,-0.38024115726144897,-0.045763662889503315,-0.12242783606223387
-10.019994704121107,-10.244125415101836,-8.842641775364967,-9.028769141287464,-8.41934880051784,-6.32487617942636,-3.476427642053077,-3.1883632944571842,-3.7803250788539904,-3.1034169914945333,-5.647725840820589,-1.9902591079795404,-2.3094130466143827,-4.54258185460631,-3.677518752334708,-3.9536767154978225,-3.283499848135319,-1.8332360795610654,-0.4638851664637827,-0.05288439722366057,1.8608241123652347,2.826393176561805
-9.548063537100806,-10.44766892211107,-9.094182784087739,-9.19574351895489,-8.992661367322848,-7.593452756610475,-3.614136256824276,-3.4560078660577047,-6.549835056811725,-3.1631131986497634,-4.746540281928387,-4.400217723034323,-2.6930911631745866,-2.8524067718972113,-3.908418870748857,-4.255057419240101,-4.425791330531292,-3.0700767018940662,-1.0752351633286166,-0.11948966990430118,1.2156681318297826,2.1348528790805426
-9.162445312311872,-10.092011885125364,-9.029503127380549,-9.547486390634283,-9.382659673652466,-6.102752047568863,-2.94839653097902,-3.810527993150324,-7.367968023153472,-6.351964273389726,-4.0927542060520095,-2.6858690414139916,-4.5796754230793,-5.015024488784165,-3.9750091269593946,-3.086767204881504,-1.7321596058113218,-0.7462070461481344,-0.43925827145010554,0.4018658495910355,0.540578088078086,0.862140160625082
-8.829926083297268,-9.386175582398147,-9.210301404969599,-9.779904312844108,-9.578155158352923,-9.911576280946752,-4.46193567960211,-3.0384950258164234,-5.119195360141037,-7.080112576940469,-2.8511445582473196,-5.753102487552335,-5.247509186088611,-6.149416245826466,-3.5034880016107075,-1.8926553274331086,-2.747222465103866,-2.250044538654706,-1.6528949501467964,-0.6845076103389491,-0.5315821964740957,-0.23584184883377468
-8.610136079794355,-9.246492644705807,-9.216044760352808,-9.77815983689525,-10.492274269908071,-9.77333500309687,-3.7824520135403126,-3.3983484245981703,-3.1914625974232615,-2.829596471977543,-2.972189632687446,-4.884001915755414,-4.520569726093926,-1.7581330604744065,-1.8173079584870877,-4.777358115376347,-4.180676790716602,-3.5937596589678336,-2.566599630673776,-0.9787157160554563,-0.1791781571528377,0.10342127208145596
-8.04661395897315,-8.424898302274624,-8.681959673863485,-9.109626569092475,-10.276142121515047,-10.512410280158393,-5.01465239722262,-4.198337379370362,-3.3238719442300644,-3.937023854268947,-4.80571372623064,-3.242106700117638,-1.481749795991019,-2.2424037366086984,-1.4663658302417455,-1.3412939512166409,-1.9418445862632028,-2.847780460889277,-0.7114230332912518,-0.9217975648958857,-0.1318909509637548,-0.05037275101915401
-7.357883360429326,-7.876473891108111,-7.54045103868807,-5.880683643832273,-8.916141000811661,-7.080649525801916,-4.775429779926403,-3.8137627987087632,-2.6889217839481994,-2.6957361750047664,-3.2136183508338143,-3.066395729053134,-1.807861641424465,-1.6342400381693518,-1.9562150736502655,-1.481446954943699,-1.7287495175507832,-3.7777137236405327,-0.0767273244228104,-1.4447756813158121,-1.7325423410845575,-0.6523131323396435
-6.483613187783691,-6.967187649287108,-5.8689102230095465,-3.383408271464228,-5.300926541428113,-4.800214516440775,-2.9104918477546087,-2.6921545072969164,-3.4698447704502944,-2.5419417477643713,-3.3569360642902555,-2.5594950401980023,-3.0413258371432064,-2.3883290035439444,-1.1800279601616648,-1.7727631955299226,-0.841726202112766,-1.512083624349806,-2.612477519640702,-1.5224668066111304,-1.652470233401073,-0.5143623991811155
-3.2295767691620143,-3.5143629199451087,-3.2648521551503396,-3.2657381759930977,-3.2043108488046705,-4.416254334135065,-4.568936673536183,-3.637359655992943,-2.524083762393619,-2.6827660203366928,-1.7393505028243463,-2.64176322504892,-2.159939031737171,-1.8924170458618403,-1.78787994418514,-1.571729648777042,-1.8051341680649688,-1.60772817586426,-1.803872950424676,-0.8832639538873235,-0.9228391829466882,-0.7477965860897569
