script/wind100m.json
{"header": {"parameterCategory": 2, "parameterNumber": 3, "lo1": 3.000054539987559, "la1": 64.9999836372058, "dx": 0.5, "dy": 0.25, "nx": 34, "ny": 52, "refTime": "2026-02-13T11:00:00.000Z"}, "data":
[rows 0 to 23 of 52, columns 0 to 33 of 34]
-6.880763279101885,-4.9167125636112745,-6.329382809242566,-3.9329423000272246,-2.991198594585798,-2.7923765620677536,-2.2886798328227638,-1.658450252358371,-1.3086404586458027,-0.39535217677630236,0.35410945541392025,1.0963010038990444,1.652747201061426,1.995560140246993,2.149758353399935,4.197714361626327,5.983471771035678,4.42983157298945,3.6373013431161474,4.580048454703933,1.3758000268455794,0.8646465827054007,0.3502893231414322,0.5582757632787736,-0.07784638663933849,0.6781351960186823,1.1345952424639167,1.1800615737273066,1.3681123744584767,0.4135988802753647,0.6349809076581094,-0.4852155104386479,0.6690824335079147,1.55433246022839
-7.976420038085031,-6.596463279972592,-4.768034338641273,-4.009816984284569,-3.630634837536974,-3.0419588447605124,-2.396933006149814,-2.053787459430186,-1.3854439703604804,-0.5121058752079205,0.04908877641943706,0.6563465852843934,0.6610149928716688,1.3308318853593932,1.3093462133025273,3.5146576262303015,5.583683465259912,2.5504950514124354,3.8058460914570094,2.311217620088703,0.5159377832300116,1.7288651122406755,0.089959325044516,0.3688652372155946,0.6605311213671646,0.1650975881352666,1.2305393909085673,0.8305623562324124,2.950495357337055,1.9831837533260748,1.7562077144385035,0.5337867895245106,1.349063565574533,3.4827673735886417
-8.18589624390347,-4.716472386452389,-4.625928901911012,-4.397926682755768,-3.8461381897547735,-4.0847864197540495,-3.586167714504842,-2.307395216267276,-2.185121265962889,-1.7409069395061356,-0.6630488225170452,1.1602817097051528,2.430549472651507,3.2848338824984276,2.1536746252531676,1.8490680931269456,2.578976351591578,4.489452870334182,-2.7942381852377505,0.9905770294946047,0.14746493160620402,2.0142406430249338,0.7772193792221631,0.34696062107015696,0.36580976624710465,0.11683369321055083,0.7218133349483621,2.0980293123336575,2.9167879336219045,2.469683132457926,3.2295346621196557,2.963163326451484,2.5422737288531576,4.60493052854646
-5.685002827851672,-5.6838252937003375,-5.01546522499649,-5.3495337131555925,-5.260206009444811,-4.653380802094816,-4.50516474420729,-4.4643153537551825,-4.250838805698134,-1.0586886276411667,2.954603729927819,3.9898664719606227,4.99873638871323,4.720993606394727,1.8888651468264663,1.8636841134703892,1.7823751598840853,5.127518320482544,3.6282531170207277,1.0659341634175874,3.369577645050828,2.0171810914423527,0.639494516712437,0.6795159347143935,-0.020892019291171536,0.5641129130080345,0.4497237950817869,2.7608154149465447,2.706602972598156,4.083991826647878,1.7303410750728738,3.4108084865766957,4.977109220707287,6.352121598615255
-6.347369520451074,-6.244323124960377,-6.545524966678783,-6.239049653758518,-6.437096295085481,-6.494023424273726,-2.7868450722771345,-3.924114148040588,-3.965441784458375,-3.5221977068179053,3.3233950560876377,5.569959510602943,4.222160262382922,3.0992370771608626,3.0186458270214898,3.4185484057774835,4.442837049163993,-0.31692501458192074,0.461327425352962,1.665025941279317,1.6768372445157995,-0.3037667763308299,0.4130403682173866,0.6251078964465566,0.482664274553022,0.9757846739923298,1.7271357734198607,2.5254303743723057,3.6731121537384372,2.3220518887840944,2.7782338873580232,5.783361926939121,4.550759355081703,5.696288329361565
-6.64738236803356,-7.51916575183394,-7.932123786604764,-4.938645457923278,-3.745646567547435,-3.669446239886848,-4.021734213999822,-4.429207795338507,0.15413020289306967,5.546484358544477,7.331535634846985,5.537335557628058,2.6391243567875895,5.5729520348040005,1.1809518305898472,3.3124794945457516,-1.3190839998905486,0.6147242344941761,0.6991405997453384,3.9141225999863907,1.3120809666797042,-0.03653851362490097,0.333572239715723,0.3251063318636704,0.6992085591548397,0.8114408475536561,1.5873598814917091,3.04162632446386,3.5060693378383654,4.981156941824333,5.648991917093154,4.013609498251172,3.8310457166196983,4.739701639562241
-7.031235411217675,-8.16051042444764,-8.128608734889426,-3.8742083909044673,0.03470643452507868,-1.1737412576136712,-3.7219182640766673,-6.895388752622076,11.083082687676065,6.834249728770476,6.471899279532069,2.4467918014998733,1.0494116024531164,1.9942615122131697,3.2798223569762985,1.339980539632248,1.1093489625667134,1.5402038965794316,3.263885765722241,2.656314117045336,0.3435770100277354,-0.5280211971576373,-0.45775005112314304,0.5081866581489061,1.1296310555663638,2.6705256973675557,3.9079700063635965,3.6600760978776083,4.073414483045845,6.540860029411081,3.862179418565321,3.4690380731039596,4.012267073353706,1.0237061427128915
-0.7598707295107514,0.012284386523320878,-2.0668369660779917,-0.283551209229158,0.841684779149642,-0.29198589942861214,-2.3560209844880857,-3.2412274317646492,8.55995285889452,5.4634434738496545,4.686893528672679,2.4390416285328547,2.5656008990772055,1.380167158336248,2.5648634875860554,3.282269880855808,0.11175455506602468,4.007972707520691,5.244878898622017,0.10112224488556316,0.6624013480152562,0.9397817581804517,-1.2164543389325746,0.5161753246812498,2.3008640316249713,4.366107182916912,5.181154897709712,7.883176465826641,3.771353357266142,2.728904291277039,5.366588178997906,3.998653451921927,2.7346512029050443,2.910787950384728
-2.854265092522747,0.7560276419165147,2.5196694110704354,3.3376778435772647,2.9864749309523235,2.7772691593663374,3.331824938779246,6.258874824777775,6.903323070174631,3.1400085208914272,4.730734300939738,-0.4914937069435732,1.3529541404138428,1.5828764004289189,0.5841215004583448,1.3762465747856827,5.572057415035922,1.761858241758183,5.293408724077214,1.9075863805860078,-0.13167541254045123,3.883627420458029,0.8812771671901473,4.604307456198312,5.96394496662711,6.627893136034103,6.166329958878522,3.4623047420813675,4.9506510847861875,3.428869009241799,4.081848356378173,1.6931039692357537,0.9519190689489637,4.611170219865889
-1.5695498766317422,1.231971836822038,2.9145437818386264,3.677940611665884,4.2468682664977715,5.027814696890178,4.8440281544471855,4.421112470149736,3.296090216855612,-0.7995607544744022,-0.20737744844274628,3.0346903782469585,0.638263151532166,0.2646776075153541,6.830262819201691,2.354096052143678,3.6588091832405962,3.9702141446314276,1.8931637165576698,0.17368097599250387,3.2360481883987697,1.2073595718034746,2.8254349260639597,6.527879944693443,4.5884213957252085,6.591255204374554,5.5576004429082415,5.758462750022128,5.198886527249152,3.7553946468389903,2.583585226086783,0.7274418373862519,5.105491724680088,5.425445666830234
2.1754087757196405,4.708624851523594,5.214006546405891,4.803952921209259,3.760912557128854,3.560418988697355,3.9165812331453993,-0.807771322683071,5.019215874214746,0.6139409009415313,1.721306567516943,4.927538057902968,0.38052901454610705,-0.5031727486016678,-0.24786559224364668,3.018143843752073,3.4162564661505375,1.0871481298852526,1.3366580291322132,1.211509871023138,2.8230634502084935,0.6794283953298333,3.5035302256042717,2.5868345481700112,5.846073392490844,1.9439904936777261,-0.1269464619270596,5.441122882141902,4.106984099216131,0.6107127443107081,0.1927140749388509,4.993346692419022,5.493034286580412,5.88414281251255
3.562961173739137,7.003892032425411,6.812190013321658,5.43354109456063,2.198631574832491,0.6902592312513759,4.8583227186110145,2.2736038495229067,1.9848084332961338,2.1696182418492143,-0.2792984286064997,0.6039005170750416,-0.36683367172623693,-0.6402350853829691,-0.5095399590247269,3.8594970101536195,6.146858978253334,2.8729712001379064,5.316000124462764,3.765678628218149,5.5194750404110575,0.5320209681575687,3.518221884926066,5.177497644650751,4.221839833529932,3.761888222856983,4.787301113684336,4.5401643096510655,3.548061180749319,-0.9712441765988072,-1.9395536429574534,5.499054137923335,5.858246101039548,6.01370815037952
6.613201944420022,8.056364396571169,7.37133825615934,6.623456071371655,0.5104135368679948,2.0530694995659644,2.114607377440652,-0.4068744979179587,1.9336979581638267,0.8208847695526974,0.42446946213322656,0.6634036455150654,-0.17097756834819894,1.427773566636202,3.5245738185817777,0.2297986905869045,4.24908554488762,3.610912722120837,1.7417837703826755,1.1410754876931295,4.413258464102679,5.145980900572299,4.030255873715991,3.7364713802682896,4.391765468421403,2.827126734293378,1.5148270536049222,2.954524520709814,-0.6238805261388166,-2.332449348312761,4.495430724537879,5.042889526579661,5.3267618594255515,5.124015374792159
6.907153952929614,8.28678222399261,8.815492889221472,6.888860071308147,1.7994060525208035,4.423576983327088,5.096866583560788,-0.14111313414146995,-0.7315813865587504,1.9891303864466696,1.1745311033145702,1.6782291881963036,1.121083411368329,0.4455153049380631,0.5258719642214585,-0.14952557160685523,4.617111960792802,1.018815510159624,3.3298152798307674,2.693411914824226,0.8106113821855032,5.390912393496815,3.164999784940206,4.045998624047101,2.737092572685499,2.862515829922244,1.2237056877717634,0.026667976240017786,-1.5267720298731706,-3.0021612505753903,4.109498404704917,4.320937883285634,4.3343956273112925,4.657989680086392
4.992480056056838,11.68961319180097,10.033849569982545,6.306790056158757,1.426716576956606,2.1371943989627518,-1.0404568170306543,-0.02037085527950806,-0.5953636349948391,-0.7492209218444653,-0.025858794829581956,0.4842328518689852,0.21356719392345827,0.12822273210753085,0.3178894990489766,1.560378390306055,3.2916223093649486,2.2490336393246673,2.5382299740212293,2.1635427388555133,3.1604126901845357,2.284273099177707,2.507718612045972,2.64197921529442,1.3125876566652634,0.7860006988526894,0.2183003551115532,0.20889864245414136,-2.504554008363555,2.569614857468013,3.329537360064418,3.340253734928824,3.368066663267917,3.935630121036185
3.693469980744765,5.308111628669475,10.951741506622788,9.11075510515782,1.9508671572990242,1.012864467235204,0.6071717631353681,1.3071273390898248,-2.1027259098425874,0.5520553474662413,0.06136369676784446,-1.9571162047995483,0.5592410328192797,0.4785836616884142,0.5308688494568587,1.1877398563948636,1.818582076686819,1.7465696618039197,1.501340160846289,0.8947450188352424,1.9610443609367472,1.3064036907608338,0.030485283478914372,0.9150584796833126,-0.5382805368892322,-0.2821881147151603,0.059788254452850145,-0.9554171016509718,-2.0690235169409905,2.5208100277196612,2.268297422312233,2.3602660207130874,2.3658091175993343,2.7686990070616417
6.610332627125434,7.399962391870222,13.882661167636739,9.853118372981083,5.607116757156366,5.5241996531102675,3.7129926008182217,4.389941613772096,-1.263088539321635,0.10182804016629747,-0.5988707664688551,-1.8354135912636222,-0.08623667058395898,-0.16447472550787604,0.4132637751300976,0.9581007276167873,0.5253956716008037,1.1236470854644125,0.6717614029647067,-0.42995168651797344,0.5048303812124703,0.052633002351512206,0.7900756496628252,-1.7055731537106769,0.5139276628780599,0.14041114496266688,0.9857314169673584,0.03131372531207316,-1.7114183581841893,1.72297681505949,1.6926195980758842,1.8892080086144192,1.3635190138524642,1.3355628631193506
4.692486955991069,8.646800262746508,10.872773330639834,13.040609059796983,4.738838304061364,1.5575207440295644,4.53021666145768,0.13019669097101483,0.6540844237519715,-1.7069259117311797,0.6803160014800469,0.12932194778050127,0.26377484214032165,0.47235698070004883,0.4058039465676396,0.4891965665569086,-0.7354516512656608,-0.7855156663888082,-0.08236709887557377,0.5926577012621963,0.4647214680759599,0.6906065316201058,-0.7091959783323835,-0.2320046960828824,-0.21345792551900805,0.6461026346246033,0.46172311965443336,-0.11295853812372486,-0.537669905749489,1.0959504710001435,1.1752372837327434,1.0369316260635637,0.4484093722092779,0.7959478809151459
4.972764566242334,8.218866128321821,11.095491928851873,15.92683596908167,8.890254449031843,5.284216979000026,5.65021664863103,1.353811363959357,0.6886608258059754,-1.3267926412911737,0.47650365558760516,-0.10163545823061838,0.2612227960446262,0.49329104973995475,-0.2854688492150263,-0.013141369127409527,0.016456508479930857,-0.6045029934087974,-2.209658354510334,-0.23405311428572836,-1.0214182253598068,-0.8702223323722652,-0.10367287199808525,0.10923506467279571,-0.8752838470472658,-0.374234321269149,-0.06875370344733812,-0.8143948855497951,-0.5887260623798227,-0.6379007946284941,-0.26683332448250163,0.025954454984535736,-0.3910004505516285,-0.38004502407037555
5.612382651687034,8.225131597203621,4.322417532704768,15.66097859547459,7.566406529817395,3.868985348157,-0.3208535700615924,2.32708652289707,-0.6819055252415587,-1.4867157250976049,-0.07414337656371303,-0.3109956096186877,-0.6410208042305912,-0.5611541480520398,0.086527223176991,-0.15481780159228217,-0.5751965200691449,-0.4020994599679449,-2.724843842914011,-0.8711757042420948,-1.5672252877197685,-1.1451743732848696,-1.0598308882824177,-0.51146411559531,-0.10802618368914292,-0.2442430646281393,-0.8796552081150784,-0.5820127890928914,-0.9603505294139697,-1.1959172562028388,-1.2028080829935852,-0.9687730329218059,-2.0475801144202617,-1.4098999984503338
6.809609444843895,7.550530022815986,7.9109175022944145,14.875959079785856,10.46084918876409,6.211315817704208,1.0722741513599177,1.5837538997225116,0.9210803186184825,-0.11948570103460232,-0.672734004821615,-0.7583095268426894,-0.5601454911858881,-0.7508768430322552,-1.4647400052776387,-1.3397294989167883,-3.243173308327712,-1.2859568816856277,-1.5612830803632165,-1.6951395787907175,-2.2875935882008887,-1.9859754559722893,-0.9879588750960377,-0.9783999274892886,-1.687238599963483,-1.3992128997140652,-2.210975657991869,-2.651401015012922,-2.6962818953557695,-3.342454633186677,-3.082591258785579,-2.0049024436503484,-2.1853552120778503,-2.5066001757931375
8.778484959193642,7.935775956464975,6.704601519641167,14.525383246366584,11.01106861696478,2.9857090183518546,0.758513164173798,0.4345019542448678,-1.0528057910104023,0.17004520182331254,-1.312135661986009,-0.9505238239880763,0.7302433866013274,-1.9103328106740358,0.5418473727876,-3.7096892821462752,-2.2140514552864907,-2.1841070722161104,-1.7298187475044964,-2.3494304786279017,-3.3679109390800908,-2.3958128239307444,-2.1725893373553653,-2.3551823608578752,-2.303833463778221,-3.990339589793505,-3.1434795537071185,-4.231559368498306,-4.173779701838797,-4.3523851857564555,-2.3548811605402418,-2.7180012862507805,-2.3025916235885067,-2.7735504794462016
7.109894017296625,4.377347688715233,4.588690884815501,14.665123423843468,11.474571717162762,6.258807839150519,2.938748244879234,-0.08795152287689094,-1.1900486066465514,-2.2440371427864756,-1.3654561292861274,-0.9650266835366248,-3.8938139911270087,-2.9177435989553593,-2.956965839604824,-3.490330435455356,-3.114565922774095,-2.809778981658797,-2.50614178704828,-2.671680368377415,-3.417804404820176,-3.6624926281362926,-3.3495703738798133,-3.5133472217996147,-3.443468023120206,-3.4881179398488045,-5.0784449678792445,-4.738554013160026,-5.274806936456277,-5.581011813714705,-3.7570173302845484,-3.4475153413951243,-3.7861985413904495,-3.6756959703355716
3.9027299836848837,4.142289777057255,6.767240214790603,10.821764857008946,11.044214999047838,6.600457012839713,1.051636233101796,-1.7457410866840537,-1.6136150642092262,-0.5934336051718733,0.03637861947516438,-0.4412394655990481,-1.7648085589247413,-1.4730167180093283,-4.451230435191586,-5.112950174906535,-3.9030259881171667,-2.950324111225896,-2.961879474401676,-3.2170903399721387,-3.198538581403204,-3.596200221235556,-1.7175672804366091,-2.684981253404498,-4.870433938435156,-4.540149401616426,-6.331057041142652,-5.239908376953288,-5.22082431916641,-6.446986132881237,-4.733526307059222,-3.9261411065200895,-4.713571863408765,-3.8962759011381163
