script/wind100m.json
{"header": {"parameterCategory": 2, "parameterNumber": 2, "lo1": 6.000198445256149, "la1": 58.999992894266676, "dx": 0.5, "dy": 0.25, "nx": 22, "ny": 24, "refTime": "2024-04-01T09:00:00.000Z"}, "data":
[rows 0 to 23 of 24, columns 0 to 21 of 22]
-10.534619420510257,-3.41265356220518,-6.621206481491571,-3.870683980361991,-7.33370422627392,-2.87140278259603,-8.022295189504806,-3.3072315911889745,-3.5563428694068073,-3.470013799903671,-3.264379725384515,-1.3398632825295482,-0.4983741613537262,0.5496865052136328,-0.821380985495455,-2.885418208450649,-3.294944640495766,2.7029563977224527,-5.842193317093424,-1.5629573578215292,-5.7954472364116345,-5.313414121055719
-6.206443365938575,-5.64586023719144,-1.5248651386751648,-12.222385571808823,-2.2402403934707653,1.2740458764501288,-6.7408786079933005,-4.594366804565375,-9.99664162603916,-10.144919620182064,-5.880727152837533,-5.095884545315468,-6.041489920290392,-4.269784133164932,-6.824779472369135,-6.655539562315765,-3.786302718877104,-3.4910912713300815,-12.39800342397379,-0.4556135205116408,-14.370138714558209,-2.7092496495050744
1.146443397566223,-1.7865680560510502,-7.525520933478119,-6.60285802982138,-4.214080744983827,-12.335550690205473,-4.038546175432747,-4.148418569213311,-1.9015142350447027,-1.7428069777838404,-3.8923638187420977,-11.316458362514947,-3.456515609401313,-2.6842593595056514,-4.320111865035996,-3.741291646008142,-5.979084124928574,-1.7078312148494328,-2.9239070790395054,-3.445004614905531,-3.879679461563386,-1.2194570226506505
-10.925180893728303,-7.104438522318316,-2.842990985348842,-2.580748811972174,-5.897445806115152,-10.971131489542872,-6.122453807566219,-11.336478618599118,-6.904599232567474,-13.741065859089614,-15.897938776249624,-0.7148702866092487,-6.439406848482254,-5.942444995850384,-7.193603191481325,-3.4731121127992157,-2.4019035457830102,-4.986514498784784,-4.330151872455643,-5.572272368240178,-5.1478197877622645,-4.682869681858186
-3.091878113942307,-6.533200080950536,-3.6661992989654304,-5.027019916837844,-11.787330447885028,-2.122943904161482,-6.533787664910543,-5.258569068377378,-5.07792024836188,-4.5526279859101635,-10.872920598886772,-3.687805831120231,-6.395870137271893,-6.617988508068399,0.6540188141364524,-11.428024765376069,-3.5798699375192102,-2.978781670570807,-4.877832704326173,-4.083303469500295,-9.10023163955718,-7.022644710311372
-3.5578878467218,-6.090288656489453,-9.86246561780689,-13.106071195365873,-1.0874574933735213,-4.836870463448872,-3.2362967291441667,-6.2633842053611675,-3.266651905043854,-7.226149762512811,-5.583935264278419,-2.9016413593222588,-6.521999466948063,-3.240260509374515,-4.116742875993135,-5.739352734431968,-5.066662238456252,-5.254624295404807,-11.027923354142908,-3.1862983162080942,-1.3476809553504827,-2.7742939534628945
-4.550457180907948,-6.075363308548979,-3.368142249823622,-11.416024372495393,-6.837127631086223,-5.824924058423804,-5.0358706628914245,-3.609270939164291,-6.570895456441866,-1.707850280184274,-8.311219747369668,-5.527154546746663,-3.944888890651031,-9.267896071970968,-6.842669757562016,-6.215783241041656,-0.47927858515588057,-4.361548562470816,-11.99217419542626,-4.761206126290108,-11.853649184164354,-9.250534507590105
-6.599427963197344,-4.87755281767444,-5.322363326054343,-4.097641847471449,-0.1968932661029272,-0.7901601892824778,-7.050782649786204,-1.9034787278536038,-7.9772313532692865,-1.6207592709797403,-2.920059569732865,-7.636520470791229,0.8573915875112389,1.3261370688666807,-3.6408651624756923,-3.5696177482106246,-4.828397428715953,-5.891038046508139,-7.303146507937254,-6.461092542274079,-8.588261619268867,-2.4734963534821013
-8.429709512869241,-6.222279761548452,-3.625608853128661,-8.597531412895673,-2.179936747303373,-6.936172230175631,-2.950454590618144,-0.5492912799533014,-4.776782167446363,-11.144604717956051,-12.872521673377902,-0.7978101339449318,-2.8611443963733523,-3.8293819848307695,-5.445939506724951,-3.7994917731239233,-7.154905714013539,-5.54417468901986,-3.985893576726791,-4.748919889632345,-4.454225077520587,-4.273683920165124
-0.3299602314595101,-7.017771803588155,-6.8206994340874765,-3.2115919185972026,-8.453784590455745,0.4943296812602437,-3.49515001345597,-8.430429572615276,-7.990304359600525,-8.139341877698293,-7.150916458993587,-8.562289407299282,-2.863747100799407,-4.1482256252963206,-11.945276123385387,-10.48660130735706,-5.553295499777246,-0.28499907587486745,-4.520153892041321,-4.169879737705034,-6.084680665035732,-4.114032564019701
-7.65072231244926,-3.896577651067739,-4.300443261032341,0.22046512631140217,-3.3933351851980267,-7.884618178657643,-6.295208805596932,-9.4821335599009,-5.388345509103922,-13.850665813498871,-3.622409222688144,-4.714331589638911,-1.6681870756387829,-5.795082899887316,-0.9614049738696523,-1.2629740268156602,-8.390296687090302,-3.8001239586948,-4.546733215618823,-3.0339971603442435,-4.8992436609302645,-2.7751191065143446
-5.991295769642975,-2.1710310631936767,-6.379594009756996,-9.797407189458028,-6.01752650178778,-8.712831383068268,-5.154080236255839,-3.8746465322039736,-7.171787868654471,-3.340199877846099,1.651599530308514,-4.956645420803102,-1.721330452057144,-8.704299859616949,-3.4596093614236265,-3.3726780359936193,-2.5861282281964524,-2.6583859008010124,-4.212540167227025,-5.419829460345552,-3.4716617999471313,-1.0231260227526155
-6.018572356834455,-7.200887067376068,-6.951493422717644,-5.379472029577486,-3.9423721258069135,-2.6684460148254407,-2.154129771521549,-6.257867738351494,-0.5426357497438709,-2.2654125577642907,-5.313468925650318,-8.538432077962586,-7.416398884335622,-1.7866182627301175,-3.4244710354583003,-5.889634250354731,0.7054441687696547,-0.4409546029449291,-4.829135529670873,-8.306540274541726,-8.932153851531732,-3.9640673401504403
-4.036469865572335,-4.508878820002278,1.4308413819509955,-4.782718000929543,-4.5833406528895555,-3.383982453053719,-7.4378837812459375,-3.766653692836306,-5.973703588419102,-0.5986767827422262,-3.823037445318413,-5.2044702296909575,-7.58719598526185,-6.230934322676313,-4.660019282287417,-11.503845519419409,2.551974380657033,-2.0949101548068443,-5.926765551416221,-5.295899256424134,-3.3765864812987543,-3.3610503287575204
-3.88466279553189,-3.738652956235005,-5.763775333455908,-6.153961443494225,-0.011632482118164398,-11.184626647565446,-4.254017610947995,-6.548179129202226,1.2682778868789313,-5.080766576434691,1.4682250601169264,0.8875804707827929,-6.662542938410943,-5.125880053506562,-5.437220775342895,-3.745591901156589,-5.400141311509189,-6.754466080212054,-3.236885543926629,-0.7233062453351103,-2.8679960370870154,-6.818360247238341
-1.4157487706505467,-11.540519880164915,-8.242371202259397,-3.023271093739755,-6.071932831524965,-5.520501020679085,-3.232833619509527,-0.36451486046340453,-2.314396330269303,1.0396513476100888,-5.797711679317272,-4.1450998207586816,-3.2696346216463237,0.03861671020179673,-6.02575163132977,-9.130979953542381,-0.441528821921655,-6.485429779227782,-9.256645705154453,-3.269622568181933,-5.738690538161335,-4.9469194002824475
-5.962762520160614,-6.953710852231203,2.007715219048469,-0.8359962910845025,-5.341049470584226,-5.412006172234096,-7.033647215505531,-9.508023078416542,-6.882680934261822,-2.0832131050484795,-1.7334210237869694,-8.847381575311458,0.4308868166777926,-7.112992060457474,-9.496119261448978,-3.1305375078887128,-6.317363511321804,-4.427693531593958,-7.205697366256821,-3.802490931657283,-0.6922101882176811,-6.90589639972979
-11.984593541327197,-5.375882918843076,-6.486056093738822,-5.577397054175697,-3.685849985079737,-7.785751728174544,-6.368177204187103,-5.253902855253141,-0.14747128321218989,-1.4516526864199586,-5.489925946428186,-3.0893251386201177,-8.015055026512433,-5.280899844443959,-13.208087525249738,-5.240027903915652,-4.654358460069515,-4.010063297318002,-3.222129402034589,-11.161084195461417,-6.864837815410984,-2.7195145242201986
-7.869217180046218,-8.341412485037136,-8.286062286932944,-4.84570424903713,-5.714722988305805,-6.76960607397714,-2.8683671142115554,-7.034964496740984,1.1959431389569868,-7.867831334505856,-2.4670409036128027,-9.089359252071405,-3.2053386008995775,-2.566465097000712,-0.3823584836586759,0.32851968680411237,-2.7125963185671225,-5.159652459487455,-0.1938812642498175,-5.399820797283339,-2.7092199395905707,-3.395808814568444
-12.462934104678247,-3.710487093365692,-8.117263299892029,-6.550250355723506,-6.635153412031076,-4.102314283564442,-5.532849842264235,2.399368247078723,-8.36862749818539,-8.580764029420491,-8.691508243958033,-7.251188620095245,-0.5299763097185872,-2.6412410233228005,-5.078641417915569,-6.050863637724607,-5.064238320056085,-2.9329882071560407,-13.275469808476343,2.073745256175932,-10.82456847454492,-5.001042116859204
-4.162670177006408,-4.6882259869903855,-11.163603495156734,-0.4734671828473385,-4.265024953369016,-4.055092068491111,-4.3082108593772315,-2.865900421886764,-2.146506958101383,-3.3230545363115596,-6.105478981509705,-4.532971623668391,-5.337741766645441,-5.964566111610034,-4.757565180894687,-0.7245278560632366,-2.8743381073318943,-7.0234349327127,-3.525588714766464,-3.4920902792262223,-5.325861923923027,-5.180581597410478
-0.8764333318272319,-7.624016833230903,-10.309684690383353,-4.563608950414701,-6.391084516984664,-6.216091949295553,-5.092768545454432,-6.438116766451231,-3.070812639134889,0.32941073762652945,-4.114024377616164,-3.7129420628856704,-6.859876795363909,-0.3280530527313117,1.7895541411276372,-6.030299784602785,-3.00109642056332,0.508378713092851,-2.6073898923429755,-3.304554049457271,-5.398397427108078,-3.1669064502826423
-5.965628997062332,-3.2143809516479145,-2.5701615767539217,-5.614090608874421,-1.7106557888667642,-3.958922510568102,-5.6485129676392045,-1.4814459233553414,-6.5360640341894385,-2.1188583773504064,-8.356475285982016,-3.3607614076485364,-4.911587960095871,-6.968169673840106,-8.756926401271008,2.3393885554705522,-6.597875431550235,-4.329733433126819,-0.35556322089003034,-6.339753329714167,-1.0037295251513438,-3.493218644504927
-14.632942867235162,-4.618951888965195,-2.8364777973858364,-4.513474127512236,0.47751016353112796,-4.4051026501707105,-5.569698625294641,-0.7431198958638149,-6.0749524364922305,-4.822207758101266,-5.560683168647906,-2.9928917744349364,-3.288129160885144,-3.9415407043288377,-4.652597549837371,-5.534888707148182,-7.733791466933518,-4.499328106963385,-12.464294387691046,-14.076396703710218,-6.059355776505361,-6.861496101183266
