script/wind10m.json
{"header": {"parameterCategory": 2, "parameterNumber": 3, "lo1": 3.000054539987559, "la1": 64.9999836372058, "dx": 0.5, "dy": 0.25, "nx": 34, "ny": 52, "refTime": "2025-11-18T20:00:00.000Z"}, "data":
[rows 0 to 23 of 52, columns 0 to 33 of 34]
-12.411341557845141,-13.89185533860289,-12.157163923533718,-12.00137502252164,-11.371739076730822,-12.688327295744482,-11.255032113793968,-7.163517012048115,-7.021444044397129,-8.643802816993238,-6.7613261972852525,-8.523106295926876,-9.191804793021667,-7.269325915095786,-2.3988891987733423,1.2010877917224176,4.539928079061537,4.88064501676862,1.6817571678996368,4.702467733479875,-0.3973014629497168,-0.2524780435429454,0.03712536119998674,-0.31883919099495484,0.3593044217055423,0.5083046476802363,-1.0154623210511573,-1.25627749996119,1.0596117375872856,-0.37528255506915864,-0.7222524362196677,-0.20417207769459925,0.009453948118313411,-0.26143431023207897
-9.260662177941477,-11.073155312250721,-13.54741919825703,-11.264942030144478,-10.088072929445152,-9.223009048097913,-6.156913390671743,-6.915675168956513,-8.122341490551689,-7.934461759796769,-7.4244150630002546,-3.2588496146953685,-7.312763201290084,-6.146058337184121,-5.611917773941066,2.5431219799724,6.9938694682035605,4.515566131901966,3.3112312382142477,3.860524525049798,0.27579234654886203,-0.5369874618892909,-1.1534944179741697,-1.4881136729931905,0.057737108871368736,-0.09345946152072374,0.8274681774543102,0.6727214179497062,-0.1361202521925515,-0.17370286016660963,-0.4354480942343645,-0.33587855410895656,-0.46421491333805537,-0.0025432600989639155
-10.861270974801204,-12.009329565416493,-11.453061483935759,-12.216721254579083,-8.929616953354271,-8.111816541272493,-10.982540070710916,-7.971677249068,-1.9510059682894205,-2.3189604274016773,-4.5413014778817695,-6.944757727275621,-8.418943800745549,-5.664212612826796,-6.19671516900314,5.989064057132329,3.0453369621281703,1.3778092037049945,-0.8951505744656817,1.5933050463652987,-1.5218276368477357,0.5049797607050408,-1.0669536747234387,-0.8619089788115291,-1.8642817702625756,0.15011154323894657,-0.20616893557742,0.2382798613404851,0.013932367060669063,-1.2417490569018061,-0.38077130093302286,0.9350136885160678,-0.26053554792463685,0.3274050403123238
-12.230664509813149,-13.0529812738113,-11.011255331109316,-10.68652057671035,-12.850789512110062,-6.996924344593008,-9.7092320114405,-5.870063669688671,-1.4145256659825205,-2.4626679489796706,-2.9044087001053374,-6.444766558090866,-7.096859263203055,-3.51615522046719,1.290335919855624,4.525060990578018,0.07231522606696002,2.790837196204719,2.211127152470633,0.870620109226619,1.7608284772290383,0.7167138278268568,-2.1853257072340675,1.220924926717648,0.18775612396586452,-0.41690106068988164,0.21045190301173514,0.0033650499635121405,-0.8558690417937437,-0.09938657109873805,-0.05269728704722603,0.01325451957722131,-0.6354501665351532,-1.0866252088085107
-5.757369841656032,-10.707624323583538,-11.26787106612785,-11.854204183718426,-9.330450351207046,0.31283889858235614,-3.5470711251770193,-6.0749962892739955,-4.815858157501313,-3.6337625615100992,-2.349252567919832,-3.4895606221733186,-1.3359445368799616,-1.8134799327425852,3.6158820818531394,3.7158694680581066,1.5417898831006853,1.530385390648026,0.4582474249330442,-0.2116019167312054,0.9849842980366653,-1.351998420926473,0.43735860822388584,-0.05325194249367943,0.5246551258494356,-0.05353189314608362,-0.11197951921771125,-0.8784250343773795,-1.226926877642562,0.5456973367906984,-0.536883353261467,-1.5774808798009,-0.7543676639516333,-1.469836156186659
-11.136148582587309,-10.908708238850053,-10.971962727648997,-15.046590702745199,-10.981265421578184,-5.675823313340047,-5.826705288046585,-5.10441427374004,-4.814256196243203,-1.238986138952107,-0.3641439944501068,-0.0969625810203635,2.980742856206079,0.5481063251122158,2.54306124090807,1.590472576144035,1.2557007692432232,2.047733574186658,-0.02415891984691923,-0.2613902462943027,-0.7404066516730053,-1.5076725921492824,0.4246672380564301,-0.31998099442826494,-0.35016369091721655,-0.2615813204922299,0.6097576576970365,0.5956435232723873,-0.3504253238822506,-1.5614154741498525,-0.8831791346845419,-0.8899727099214034,-0.8593005902482144,-1.1884305832534179
-13.210938284255864,-11.822268916539612,-13.027531223092664,-10.891874807149389,-6.805167980859563,-4.71592264353801,-7.311532348913574,-4.539426392498558,-1.0771901169392752,0.15044591995103843,5.148815516348055,2.2867197732400313,2.793344225178658,1.4104152800615235,-0.36182856464581736,4.234365559276012,-0.007754658760599798,0.9985167772641209,-0.08241184716009547,0.47370337274024016,0.6729378289825568,-0.5998811448265379,-0.36809732779071225,-0.6911992379304628,-0.5737783484150746,-0.029036252450440128,0.16005406824794433,0.07462372480513035,0.15589243313775894,0.6432504776979082,-0.1108011852412076,0.6169767809444139,-0.6189562660714336,-3.4360990266244724
-14.688715759611656,-15.11687842271794,-10.961261787407906,-11.352411002454755,-7.183044429561756,-10.11723087059916,-8.390701724909029,-4.742820301596579,4.091654988636789,0.2781086436794325,6.440880758515671,1.2977999776494775,1.7992443309691022,-1.0212270074768286,1.0833472949293452,2.0411432648238064,0.9206254949270579,0.8292696432919979,-0.11751914766142274,-0.4500399317531605,-1.1512658401728497,0.321997554421835,-0.8316156069400716,-0.8353176374071025,-0.47124245873735743,-0.4903802072299155,-0.6607512189025005,-1.4366142056101996,0.6160491113599584,-0.9078888065764542,-1.0742284661267691,0.07875814929247514,-0.8413736195478505,-4.034789958834185
-14.743214177867518,-10.32072957190743,-7.978284219273045,-8.341981031915887,-7.9086861014463725,-11.110602252485105,-9.348111082541687,7.574981553116278,8.570986057551217,1.9567491459311237,2.3947009737483573,-0.8219625190708986,1.722869523659637,-0.28572938485318883,2.88127779497374,-0.38962779085472543,-0.22950543742781696,-0.5680916107249905,-0.2747613299948466,-2.6254880856595477,-3.7506634024051784,-2.020843017335738,-0.8367518828028373,-0.2678279262128548,0.290095437536882,-0.3910937674932897,0.3276786160368312,0.46164932381187573,0.6631466172393741,0.08678331208200597,-0.997409053386258,-1.9533324545610844,-4.4950617402347,-3.907111789659532
-9.554478089794683,-10.00537453700875,-6.032762116091205,-11.808479787562309,-14.8604422540554,-10.568608928139653,3.681216540125121,5.25406486356427,2.3715965204105434,-0.4985455770080647,-0.08906193473114592,-0.20722339112088278,0.566165986688095,1.4342931539626964,1.701320370914407,-0.06452783916784958,-1.3422838953695824,-2.7506507361312913,-3.3313501627158124,-2.4708763968402807,-1.4188473591407305,-0.07653424648461243,0.17670380412370665,0.4529295609829502,0.1375336036967551,-0.33035698509282535,0.31145191719829696,-1.5263214669627394,-1.292970756373934,-0.8107472982145205,-1.665594629659885,-3.6285814769981037,-3.690489514350192,-2.8944824694800735
-14.203111511132212,-7.09392188876027,-9.932073914400409,-10.337587200083055,0.8196406912022544,-0.4262320333811498,5.427720862075284,-0.9222561782606089,3.23164406267968,2.2418978141973955,1.9950071777546523,0.5993153137914473,1.1155771265229757,-1.3224689024744,-1.4682445674790203,-3.0642842685636276,-1.7953038925300329,-1.127361168036289,-5.0719038711798134,-1.0655540718886407,-0.6379348909494905,-0.1923701551627154,0.557301612112271,0.27270432116312404,0.1659907247297016,-0.24639217468251579,0.20448866715689193,-1.0871914355790344,0.10693746671979021,-0.41374648744114945,-3.7699271637425458,-2.9911609224873095,-3.1973281621292866,-3.0502627677738268
-8.626685758732503,-8.112423481230511,-11.558182862516498,-2.4753925647214494,-3.4316340009110835,-0.035891710436449904,3.3402674907719474,0.14345016707646494,1.8248303821451224,1.9331913608394709,-0.6969491263871375,-2.505227636946316,-1.1829592183134794,-0.8949419288541028,-3.0915997287561563,-2.3699659639706057,-1.6417263389073178,-5.374224741537376,-3.388868863588737,-1.5411840767372853,-1.0243888657743605,0.06557172714843743,0.537670408243349,0.12168674276534452,-0.09008789348375668,-0.4377116352708643,-0.6017251519491296,-0.7428538270416405,-0.7932897182112807,-0.25304054647482344,-2.7546734343807913,-2.9301463096726446,-3.3328187462230874,-4.406899264742759
-10.72914797741498,-14.667326784256321,-3.6328696177284847,-4.181317794727331,1.6366843308832568,2.7241053177947223,0.4901453628331213,-1.3736319437978988,1.5527213896857488,1.8481423667604466,-3.4430935367038007,-2.0626841001144225,-3.4008813366047397,0.8254458019381663,-1.947589218703207,-1.70459389606715,-2.7981325339447314,-2.0325118742867554,-1.4353728388697247,-1.1199255888988702,-0.8328630090525467,-0.010014183968668851,0.7826818371495581,0.12637491191427597,-0.1442608187815224,0.005001318232314467,-0.29206752610628484,-1.2724984382801925,0.5009852172163708,-3.223467817067191,-2.8564972124488426,-3.767598387111176,-4.880969772175372,-4.660316763167712
-13.364596151982058,-8.617958739854997,-7.41192827498345,1.1026781843792486,1.2930932741280179,-1.0963245625308526,0.7040712169311497,-1.3207943553135955,1.7605698987573464,-0.9634435848365662,0.5281002788668456,1.2596784688248506,-1.34733067919657,0.06255366203454185,-1.3091012828729736,-1.541610343895576,-2.8011215929474997,0.3536888296275943,-2.280905673638787,-0.3164097611771268,-0.7558367932642768,-0.26400469466395593,-0.20477528105518186,-0.027165258043764993,0.01830325909943469,-0.3849821184514235,0.13108108115666894,0.6066082084753653,-0.4135099928339981,-3.9372115851137712,-2.5264018402581363,-3.2854995667631153,-4.385895874367604,-2.387091007210315
-10.570456103600032,-4.359704287899753,0.5876479359923362,2.5312637206928223,1.1854859648809866,-0.6620269687510765,0.3383074950472932,1.0854584474035334,-0.820592279167914,-1.2345587545527625,-2.167106940987342,-4.925529281727306,-2.8111589261249907,-0.1809162423853373,-1.3707957664368648,-1.4474471956712904,-1.0473592020437412,-1.2376198223185555,-1.3551009321934648,-1.291792974396142,-1.5007707512234436,-0.003189036995895391,-0.04077957234777075,0.46010626403075333,0.0679377972272795,-0.09436213730804124,-0.48361302327339656,0.2085521101445426,-0.9104377932444335,-1.985731718478814,-1.7403607396731917,-2.9038407461774045,-3.5765544621911407,-2.9872346600882547
-3.818774072663367,3.7936150909417963,0.17301257082281912,0.7477346997733206,-0.13274263795315047,-1.563907053773489,-2.9307771579309936,0.4498595940099505,-0.5730391222752607,-0.6440844225948653,-0.15131050938039908,1.702564288922016,-0.8537493789744134,-4.380066888127331,-0.6691012483356907,-1.0648822844306698,-3.1159969522016144,-1.0511991701747294,-0.851449727397387,-0.5186005101202703,-0.9147253933825737,-0.25549235630688666,-0.2077859952784274,0.3556278671834897,-0.1461729905428069,-0.19818129540078264,0.10765296697550905,-0.021027016877210643,-0.10348489453378076,-1.8332241880545492,-1.6802539113011719,-1.8609413487407624,-3.4122003685625377,-3.150043631111386
-8.058917683887088,0.36890490969573403,-0.9178402179873711,-1.3703113766584902,-1.1619664929057683,0.27081510628571087,-3.011997756087678,0.5797190350361651,0.2469174084999805,-1.1898551356175702,-1.7107264416038188,-4.130715651955994,-0.07176122963923179,-1.007091652745023,-0.3688178049917169,-1.1594320934305578,-0.0353550281309531,-0.7427567965230304,-1.1907603143922811,0.2795080570576098,-0.3421214150287272,-0.6196344258299267,-0.39256165618068833,-0.1626254540647608,-0.07443200158440222,-0.22228145493992763,0.061895868898969864,0.22963981824127683,-0.8967943995820252,-1.4959602097401512,-1.431220178387918,-1.81309152440085,-2.4514801711261756,-2.4921541526091575
-6.463878372970616,-4.0279953447119485,-3.5904719412448034,-2.9609122736196976,-0.9953298874169919,-0.2936466572340342,0.34146950275553084,0.5135083216964127,-1.3352436850697678,-2.433319460510408,-2.0595021736058436,-3.4395380351544045,-1.101796444955597,-1.7603174334179854,-0.8114589146253147,-0.7831793420335726,-1.0214364530552886,0.4091745223214685,-0.5857081987397184,0.12390611798285002,-0.6572863130397736,0.03360833615833029,0.10402023459418587,0.06095796139827787,0.5070382177685534,-0.5414536411212687,0.4040286655074937,-0.36056134800270767,0.4363261251253349,-0.8796555191787271,-1.4929374404387261,-1.6327064713978048,-1.8570700587306173,-2.6474289677523632
-5.25337326598305,-5.651915796790691,-6.349922025527962,-2.8304895154985985,-1.9053420429638679,1.1805350924139166,-0.4286108631658264,1.0144305932024615,-1.314146666363484,-6.431385860882267,1.4795939260141402,-1.4156277824655392,-0.5542484274684925,-0.5742230632855729,-0.9707417043102902,-0.5648977020983408,-0.15217614623419284,-0.5896826096893343,-0.3980345357716645,0.08818278161187086,0.06974982152404449,-0.17737999815567612,0.09234658636018286,0.08604458792930328,-0.046832923376338785,-0.37470631528692977,-0.08774027020387909,0.6129642367559635,0.1839284052880136,0.6617229203169036,0.7038703274906121,0.3162653383955959,-1.1691947297326557,-1.2121293807680409
-4.2853588502387,-8.052774226029815,-8.777845687813711,-4.01640390053435,-0.8610549323548834,-0.45029625454197014,-1.8927634543571152,-0.06850225338404915,-1.1969805547571968,-2.548040039461902,-1.2074221484279304,-3.168717393879459,-0.8078459089813861,-2.8663448984431743,-0.910955787208656,0.34596913603866253,-0.2840267737978881,0.4977069121462012,0.23831816095975086,0.08005632029620872,0.49213811747200176,0.14823480415909182,0.15861490698968786,0.25955944417981025,0.11733414403863111,-0.37445619130883095,0.1828966942641918,-0.7210298107976648,0.032275528295318254,0.5076973461350253,0.201030455063276,0.23802744476888718,-1.3398236134947665,-0.8434745177058807
-7.44120167609722,-8.016568560019925,-9.420243066276027,1.2328350442130243,-1.4935515232841465,0.35555575987230037,-0.24894417237364752,-0.21036220870719158,-3.068786684193888,-0.34062746891764156,0.22386250011819353,-0.6644998650140977,0.23650889782434983,-0.5952506218421036,-0.09586005974378047,0.4971647325849809,-0.9182726600830942,-0.31516038346764935,-1.0859486138338588,-0.38264959465322346,-0.12807996430224555,-0.23106221354092712,-0.6716937706953227,-0.16024578738955672,0.6442786361315477,1.053830388598413,0.16569332840809184,0.6400405498470856,0.6043714703479668,0.3206876393846807,0.6793195236986582,-0.18921646399142608,-1.9697292465760337,-1.7574832082065317
-6.919208583338866,-5.914993251508979,-0.42528949719701414,-2.359578302508638,-0.5380127627398658,-2.5866104287830156,-0.2201824013904336,-1.6960732522518465,-2.274817009995083,0.20028180611288862,-2.449681701756442,-1.938304635687027,-1.7403331220220362,-1.3826135931839119,-0.9173107399989829,0.1320348936042933,-1.3675747922314234,-0.48300111401695445,-0.5772994131696315,-0.4739145700023757,-0.6815938531378984,-0.6495467875895736,-0.6075915421416761,0.01016366409795307,-0.4217495614281024,-0.09193015579893728,0.4282352374716958,0.15227119432678263,-0.40582742351019785,-0.9206681365724595,-1.2970832957675082,-0.5050904307111692,-0.4722133348535013,-2.5092549076039212
-3.047845239758824,-7.335651647092352,-8.325043357688013,-3.9209036480495465,-2.960031497347042,-0.33865598818267945,-0.734617635835533,-2.1942893194748105,-2.300532606676752,-2.6353551369957624,-0.5538589731830108,-2.2189365366608684,-1.807800490043226,1.1932730821499022,-1.0990204142171343,-0.908244600717547,-0.4469814866322362,0.21678874495383044,-0.05506684996591409,-1.179893042462911,-0.8936710820256019,-0.33036425916662954,-0.6434007775426305,-0.4194964813504666,0.39500199945535946,-0.27472970812126546,-0.3156706193956537,1.018565910065458,0.7319982426654831,-0.6242482717972392,-0.6911363905458313,-1.7002577954858424,-3.373810705795697,-2.6381929448459025
-7.276503057856159,-9.69439500277425,-7.732903986947328,-5.952796994615316,-0.42845211195305527,-1.5915997457765727,-1.4090575138847332,-1.7193399763446189,-3.7533295557899686,-1.7090619408729848,-0.9435165849503021,-0.8018771800986967,-0.636797313189528,-0.5380831432631296,-0.9546792205792058,-0.3916183810154777,-0.9931592352025185,-0.3321376643897351,-0.15087478158087309,-1.0212196235818927,0.3822762297514978,-1.389444650727638,-0.7041790778177242,-0.2902720572732667,0.49673020828426817,1.499402471076056,1.7705738505474162,1.225253051145102,0.9787141048097107,1.5592429944726236,1.1138958386259772,0.42126047624460256,-2.5087736716990388,-2.014999205639756
