script/wind250m.json
{"header": {"parameterCategory": 2, "parameterNumber": 3, "lo1": 6.000198445256149, "la1": 58.999992894266676, "dx": 0.5, "dy": 0.25, "nx": 22, "ny": 24, "refTime": "2024-01-27T10:00:00.000Z"}, "data":
[rows 0 to 23 of 24, columns 0 to 21 of 22]
-1.2239445340208237,0.9436298705491337,-9.79330381331023,-13.636306701446852,3.1247565319422552,4.579181664239752,-1.6073943887910143,-5.660214039159275,-9.639321874353415,3.1458441528626757,1.190210674075345,-1.907028732367038,-10.30086078003111,1.895558856082044,3.4954997819710285,-1.2032267528493392,4.370169093271222,-10.262510762787823,1.4191570255211043,-2.4206716246168973,-0.004213370371651711,2.430397496782455
1.9956317608362855,-11.189011867197035,-6.639412800751476,2.5423867902540973,4.210682794200717,-14.10678810087081,4.303407904323852,-13.473132150718584,0.1324265096568156,-6.215928252627746,-1.7698804033209976,3.999679649166182,-2.725016205618136,-9.379006083230907,2.3976097052159795,0.9497057532933041,-12.555660116750763,-0.09072028344613482,1.5415655843508445,1.0194862141654655,3.703042610148355,-9.021347086660652
-0.42226300696370833,-7.119435082352963,-2.953004075880071,0.636806211838229,-1.6049844243718405,1.5774353691557015,3.6029311822630636,2.7256821889701675,3.4100083619918204,3.4297013259545044,5.042490880944201,-10.477705065175854,-9.94848542608808,-7.048985004223025,1.517869986394742,-6.55069153203132,4.768557810697524,-4.921766998932662,-9.799820428423198,2.7771343136628466,1.406044470329157,-0.17198354002802257
1.6025344074260566,-12.343564769305683,-5.79569509178467,-1.7718528371537061,1.419487075825108,-5.622249440901057,-8.38885416722591,4.754095533721196,1.992627198311301,3.8545604702272445,1.993307720421145,1.3920721029090266,-3.329078857778297,-10.03790439709324,-13.0289106142541,0.27430738127431203,-4.929378049698648,-9.131405781476126,1.6616183602148804,1.1525398351569798,-8.257163528044234,-7.2676348511059174
-1.007618838796479,1.5728811110226417,-1.7059258029930668,-0.7495222471022115,-1.542401535906801,-5.752943294652628,3.4324277329337143,-7.97487193023464,4.541943715569112,0.06985760943143364,1.0495644853994506,-3.7164691005404826,-12.901419712062118,-4.125248268259646,-6.336565023057149,2.179412517942786,2.2900878428883975,-9.76783186068084,2.7590275643037514,2.9336067611648393,4.937397867140713,-8.908766031213961
2.188760733275906,1.4770437910388066,-2.9234544100879885,0.8963013883409974,0.37857535835219935,1.9474709379991686,-12.75871937205371,-13.249364088441668,-3.6699246427664725,0.9646811040894938,-0.8370055908940999,-5.0546471876361405,-7.881555661450551,2.914377381038682,-0.9095713539726502,3.4633124514633717,1.4801334675774824,-2.762463938161688,2.6809029122262253,-8.7794529971388,0.05760360974492516,-4.0450754362273935
-5.495215978390665,-2.7158199885628327,-9.37720183226069,-5.072525154952974,-2.7577855173604617,-9.46244844928089,3.545463877788474,-11.083976219530701,-10.43721415101443,-10.498534895171112,-8.023643193150548,-6.046316878744473,2.484646676238897,2.145820561194542,-5.468193431219878,-9.033252464622672,-8.042863705222032,-9.839471122219406,0.8968322751008558,-3.021058434034162,-0.7941704418531899,-8.133271730694931
1.1085018192696476,2.8799954946446227,-4.2792812947683885,0.27662642982319646,-1.2987642144810057,2.2893619143131847,-5.552872814731277,-14.201029946829413,-12.034276219488847,-4.337407012050993,-1.4653988960103121,-12.976650261009478,0.962456601211527,-5.13242068293336,4.347375769011589,-6.1896454130773915,-0.49184529002309785,0.25433785611802523,-0.7481867903458325,-13.071317679487422,-13.001266848328747,1.8837287505702447
-4.866636670674271,3.281577650355228,-1.5367555604739407,1.833342921306184,-7.653720360351348,-9.94388044956219,3.113538104133216,-6.077635087261738,3.6595771255665768,3.895966694758628,1.4400514700424474,1.301228028570822,4.223467676578573,2.306922088217996,-3.278828245057378,-10.69924177576102,-6.252651761392145,2.6638987508209198,-9.882865078602654,0.888126527732481,1.5131383859636591,3.4563000298996855
2.133462252808185,-1.4624984354619674,4.152706093216273,-8.623225044300327,-12.990458448720037,1.1608471301379941,-1.791342213828531,2.7843809754441993,1.23546920795599,2.9207592464540335,-3.902902484050322,2.43622136448098,2.2186832913856174,-12.899002045824599,2.2763467587855657,3.6075614287046465,2.608538304211855,-8.745191837928088,0.8921414450923408,-6.346271689686831,-2.7651902396448316,4.202056518910762
4.529280013353086,2.1076202981467236,-2.436769740382938,-10.237983502482772,3.284279137077121,0.4974049722881408,-1.3347295896244247,-6.1180926518127885,-7.675204650122159,-4.567206596426708,1.8297336997500653,-10.850544755695594,-8.183185486295418,-8.282369687044778,-1.5204645273697242,-9.357035958444524,-0.7097248822210419,-4.1014367074668305,-5.298859465366684,-9.139092060834136,-2.4101075495675666,2.633826843710473
-7.416836094020432,-8.118397388782686,-13.168825435941518,2.0881740647317537,-6.007823709173887,0.6969025444595464,-7.990940366542303,1.551867339637783,-5.2612071177962925,2.044635577587908,-11.398261805671433,3.1237196706773265,-2.0995598773077284,-1.7377265297476348,1.490507282819232,0.506100757535944,-6.21917054013938,2.4077542058035,-11.204043437917806,4.0088327290123695,-5.919359558558381,-12.913972599131178
-4.611975524124347,0.04298594229449536,-9.791055629378068,-9.276623490252273,-3.033435169366796,-13.451825634268664,-9.695077817694747,-13.545317602964538,0.708289912547509,-9.91113485564373,2.6889066735396194,1.0585026794208012,0.03683099021601942,0.9996090559538005,1.376027276638896,0.275794335730484,-1.263278520360751,-4.265862887907576,1.370649903033046,2.4967984829779306,0.5558897038628419,-1.1677775065213423
2.109233479365955,-12.516889626339701,0.2098682130772988,-5.653145372833729,4.451219209717429,-13.062500136206772,3.8000957054182725,-12.726190249036156,-3.918199506000967,-9.19621512668522,-3.1411876032748034,-5.5826394547614395,-5.822629682979193,-7.8748824646523445,-0.060289180569182386,-7.206617307007882,-9.710617268432017,-0.7763511455151534,1.6485077274349271,0.8589443707959459,-10.939303246677891,3.305394794673925
0.5577253340174961,2.6107059373944335,-11.325989641483213,3.243083904248679,-1.2993491065636262,-4.588451238497569,-4.283525681555463,-2.349373010175041,2.8418814554501175,3.8265472424141866,-0.23324441908890214,-8.069310270681568,3.413751693956144,4.451277284581043,-6.148196362481902,1.3398376828408642,3.1396434964225874,-4.9634660721707275,2.4819573222643068,2.545481457165175,1.1287527666893642,4.387830391453499
0.459719720667942,2.395301546262911,-6.2121048427983325,-8.921404634360755,1.1472480560401028,-4.127301015063002,4.383099844695605,-0.6985983099049288,-7.085941163432582,-13.091226858055995,1.9353941096730902,1.6214815378028788,-11.414440634558998,5.069177883907497,-13.166395523436249,2.9019344997304666,-5.632894165409483,-2.536613776124186,-1.2960200328540687,4.800694148407195,2.4756758171064486,-6.859289344877524
-12.946401462398116,1.9538653602726355,-14.122101914269129,3.304735107725148,3.3100071038192915,-10.057106246384349,2.7869876428320723,3.1364174315125526,0.5858335101192167,-1.9368089445809529,1.7378249551911262,-4.426174847134165,4.710944497010221,4.339792143405388,1.0246655249083463,3.016013116982303,2.949621853959346,-8.591814901559303,-13.535163040022072,-8.626261287707312,3.807371228643875,-13.48642375158217
-1.027359544070669,1.868923365600036,-9.644732268532671,2.0887539449214327,-5.046583044561635,-4.271169724379332,0.41821166258993164,-0.32596478496456954,-6.416822944028953,-10.184072789291449,-3.7455394039417764,-8.988646730166037,3.4263443358386936,2.4454071674974114,0.21599156804466924,2.3513917403017173,0.6030230226422931,-1.665993718364312,1.9748113760942885,3.925916995799823,-9.813469335929835,-9.393749172019687
2.8906900378779588,2.3905859449436186,3.516157549526977,1.3885264421547927,1.4028611746212398,0.689246193346826,2.559441431554384,-2.278060685867516,0.1603399846544824,-1.7106035680963747,1.9948656069693567,-10.865625884027207,-7.841923082505927,-3.073600802379256,-0.15970311476037766,4.355229401738677,-6.530542886844775,-2.585961474825655,-12.741946732937702,-6.26299437563038,-5.692498359001061,-8.68395080405583
1.981264443597064,3.3677263712256114,-0.16841150071633101,0.3226025510312823,0.45006238083714173,1.68845530519017,-2.622711262113863,3.812905995191852,1.7949116973826438,-0.7169968124515474,2.210966668230441,-13.306989964229055,2.42273040595668,0.7516511859719577,2.377867314017044,1.1510250450126076,2.088463586374804,1.0506111252161507,-7.140717357433553,-0.42209486746181885,3.356567849191831,-9.752939271206454
0.29574968686682285,-1.108908844445985,-10.943404794988846,-2.1203673175624504,3.551044277103602,1.8024667765126645,1.4874955470291695,-4.987073311899005,-12.618952528581017,0.5125426268628033,0.9420497349111713,-2.3802161994652278,0.659306278748616,-4.710909206065806,-2.5164073364604405,-8.533428962777116,-1.5290391461555437,-6.217224067675126,3.11836266580737,0.4175521416148646,3.2669869822331288,-13.269526969887842
3.2209089777272935,0.3329599133236956,1.1890481704326556,3.067525850731279,4.429647332520753,0.2323590065673283,-13.499826857654694,1.4911104195092588,-5.187363279118306,-3.222816997055117,-2.2960121924302377,0.7895955715171509,2.500060761119552,2.3346182595357714,0.6966282824725318,1.588561766414689,-8.591834673989915,-2.7421878948843923,-13.415254576938121,0.5318326813345422,-9.835875651967537,-2.845322717642557
1.7156712491862938,2.205223592604353,-0.7799442862158725,-0.4025501415598472,0.0140324859358294,0.04250734852092362,2.6846547886071312,5.972566716675721,1.601483061309492,2.100828176464825,1.77062830012942,-0.2669923091051373,-3.9601736627635162,1.5470121368886227,3.824712630897442,2.226298850408163,-0.08860429474533774,-3.2489940158093633,2.9446005441830505,-10.075832848306645,-4.824393021111517,-6.905176325055573
1.921136699186658,3.2708001454116475,2.787384711801802,-10.954300119287195,3.704465645789057,0.6495468750815951,-12.970577676494756,3.956048019995732,2.3744997092812397,-6.203234868379203,2.123018294797182,-3.125199987686493,-6.045995688492019,-10.825241322072973,-0.6327341830239387,-10.215707543041706,0.36139054150610456,-4.908788505280148,1.9679284519970148,-1.1195792571407412,3.791475172245106,-8.418272187153532
