script/wind10m.json
{"header": {"parameterCategory": 2, "parameterNumber": 2, "lo1": 3.000054539987559, "la1": 64.9999836372058, "dx": 0.5, "dy": 0.25, "nx": 34, "ny": 52, "refTime": "2024-12-07T05:00:00.000Z"}, "data":
[rows 0 to 23 of 52, columns 0 to 33 of 34]
9.914440359232632,9.88486923964249,10.0704696871344,10.186548774918585,10.199186440975618,9.813618593745527,9.159864717367387,8.634233100066592,8.375152859703455,7.620813876896551,6.42526583137392,5.517896589607469,4.989065984983106,3.4433541805208225,3.5331757994900195,2.7946618453438767,-0.763393994073129,-2.624265061557898,-1.9804306776555927,-3.490517959221041,-2.0898100004450813,0.40860534472528365,-2.0381575638769673,-2.4763602022057345,-0.047430182389538535,-0.37725875738872255,-0.3106224745071184,0.6460014419274771,1.1123820575533956,-0.53918334195561,-0.42706303536516604,-0.7527789082405906,0.29990524468204627,0.7328380268213852
9.579057227050187,9.778432165258579,9.664262710426867,9.452753449288235,8.922932568323294,8.602033250200883,8.374956450884381,8.263248664590579,7.326376910397015,5.90502968071243,4.841466323414549,4.363211569333439,3.4216883868161654,0.008203312691828748,1.0941198667103105,0.6055776913367511,-3.4993411563266394,-1.8948921174235267,-3.8255032710794916,-0.076527275062368,-3.2633788123091128,-1.4059826295529163,0.06533347727465415,-2.191392553048747,-0.873283962801026,-1.0305537933665545,-0.7120647602940186,-1.1840706568582522,0.14011236173911423,1.068009102460164,0.055766842143264155,-0.6009279298896237,-0.18962632083878406,1.0738925156482033
9.196238699693673,8.943852022811617,8.698168009520103,8.061276914082526,7.783585692793207,7.815739482655075,7.757048385506979,6.691190561941208,5.5629180639998586,4.593490819718918,4.969467944696903,0.9681841951155327,1.8071540207896268,0.3677903150972735,-1.0766197437254272,-1.6313596667156471,-0.6408520053538125,-2.529629949495397,-1.979141468015506,-3.5614181646079053,-3.026533314059163,-0.3372406903504955,-3.1503776681313362,-1.0423500279926832,-0.6401165216257036,-0.8915317061541085,-1.1260510155332237,-0.114795321300734,-0.33606862801211657,0.7255551309998554,1.0072297335032838,0.25280446932856554,0.16011895117788494,1.0123334630069056
8.116493402832765,7.951064643552795,7.781487182867821,7.8331337433115475,7.646019091555559,6.784345534223411,5.703021548406703,5.158223845929182,4.599062634421787,3.9414594670413274,2.1985890608758405,2.8814340132240543,0.16351885715527462,-2.0237067843958023,-2.1977052205794205,-0.5509659471174619,-1.7980527760767977,-2.0511703850708627,-4.565163571020946,-0.06271097177950555,-4.8941776063069895,-3.673445383812494,-2.9913431577652765,0.15482892657882483,-1.0032141866566897,-1.1311576001568098,-0.6919054487595409,-0.3457878490987575,-0.21521187463571506,0.12152045918328615,-0.01075436688353784,0.448524789201663,0.7722493678704335,1.0843320042429165
7.244474786871742,7.378667561472838,7.18807274537191,6.967253894961778,5.287060418392463,4.442078013766742,5.010959243527196,4.5595782051339455,2.9489052846266164,1.2993502692613372,2.968337237852633,1.395711709323702,-2.2307962262158134,-3.419321842510945,-3.4839371363597182,-3.0905672137041647,-0.6691637761720544,-2.080674699927291,-1.6374564553897473,-2.4717106747148914,-4.625569377391208,0.13635821385147803,-1.7448851810170345,-0.5526196000720269,-0.08288737761118715,-0.5494592974257065,-1.0924306670470876,-1.00892029247866,0.29904090385060744,-0.13919097991373156,-0.32939909485593083,0.4774382005787443,1.0828976174649778,0.4491667280403262
6.807831002305448,6.401182409105537,5.154653117948736,3.9025383055786746,4.855391076643892,4.930677295743241,4.58854700414706,2.034357859098649,2.8440346007009594,1.3686457405540915,5.035024132603893,-0.8946330237223278,-2.5406817574426084,-5.599813012319454,-1.4436150423768006,-1.0997428071575552,-0.10743377750732465,-0.7532645825176386,-3.6689040455918764,-4.3088888594634325,-1.7877373549711446,-2.5544683232469723,0.13551686597142376,-0.580713756446591,-0.7431257194648728,-0.38971095337181716,-0.7648018590067115,-1.1159654993963386,-0.3571851313225675,-0.2661886336312131,0.12562341351178052,-0.07466168332700875,0.9010453852336008,0.5392747982010325
4.196739528275239,3.5946663556859213,3.9584406182450853,4.203179970592631,3.4905071697511376,2.851140598663461,6.681682338490382,4.470912164683557,4.808869533550126,3.2424184875407094,-0.7491739116238815,0.17870776331912014,-2.3072556719765496,-2.3379759172921575,-2.6638518975452024,-2.5902368625624823,-0.7829706657311585,-3.694109616730902,-2.7715686108508626,-1.6164187676695363,-1.2996176133860677,-1.2094596298233622,-1.4807476210665003,-0.8810356593476688,-0.22768649650227796,-0.3931965860707433,0.22349783103683074,-1.01071769535362,-0.49324103429253074,0.09296807996784014,-0.7386567864049085,0.6194117955405517,0.8290333961858659,2.2983678204819693
3.205726137079933,3.2416900380295184,2.373945699192739,3.4010562611538044,1.8730778367686227,2.356565304475814,4.593555484659144,2.5284787594372182,2.656388746557985,-1.142166142377718,-1.1771201539304335,-1.3296343238091206,1.1577725747162149,-0.35558942427865114,-1.510907653196572,-0.864845090734229,-1.6949282159651908,-1.061586210773477,1.3447748389388727,0.3397810265964576,-2.1582397013220125,0.529284090707048,-1.4909332236244486,-1.2650768087465354,-0.6221939024227803,-0.6956799108081594,-0.5549914525643044,0.8049399367748133,-0.6377080377783112,-0.642126375933354,0.5935386642424763,0.35608851112811263,0.9712571268603243,3.2401988464295037
-1.0744708098533167,8.624213790292405,-0.6028350627028602,3.9819659120995063,2.9368614275271896,2.7276588590119375,1.32581219606427,0.931685877987971,-0.810546481865447,-0.48590157079056856,-1.1838197138105,-1.7562536691651436,-1.494711143255738,-4.101142692902226,-1.4450119000870927,-2.3681325005557654,-5.2630578487786135,1.987600948684664,-2.817235441561276,-2.526540854230408,2.658357108381851,1.3519697676115294,1.0702854400137969,-0.665682942400219,-0.5189979287344332,-0.20792805380109544,-0.06946141553524074,-0.8829177230601889,-0.3122836482506038,-0.7674376959946443,0.35882977817339373,1.550564432003082,3.5511515334369013,2.5713822151105385
0.45812218301671964,2.72470295481797,2.2940843527080848,2.362997871098437,2.223104914489346,1.0690112963312026,-1.0286756405164004,-1.7413080829273488,-2.0043481632416156,-0.6620666189928345,-0.45523807751946455,0.2808505757663556,-2.9545299056510905,0.6337037916418546,-2.921497417489778,-1.3303735228679159,1.1840266952854042,-3.78920889583655,-2.427157745134206,-0.4735814466384587,1.0806321614012506,0.19716204974967314,0.9582496579455039,-0.13874498854771702,-0.5140042959225901,0.1201172671221569,0.22317381628211058,-0.8694543719763934,-0.7181170068230345,0.4205210658410613,1.349664451715291,2.1857445266442257,3.1647179864503707,2.056412783734776
-0.3112897143658973,0.4939533172158168,0.3004756296778948,0.6417581532404144,1.2906864465079027,-1.9817282086869898,-2.5165351255611794,-0.4670437016904164,0.13473084060877258,1.2589139378890868,-1.022182573706339,-2.270643303729019,0.08678220481155119,4.446973221295987,3.0787008071057205,-2.945809628926233,0.2808517027663184,-1.306663709537051,-1.1904004802784196,-0.45120158698249413,-0.058399350832358345,-0.9518355091830616,1.6409343986050802,-1.4613523192531517,-0.3909356181008483,0.007478334750582063,-1.2157213008180798,-0.5534128169425359,-1.1819655963083027,0.0008137246802192059,2.107828368098402,1.8059004216133818,2.111511142566678,1.0295805685189108
-1.1480160718754013,-1.1220394823638626,-1.3645598385171862,-0.3163221894456509,0.4305467758559466,-1.645909643929293,-2.62758937135445,-2.2395938053944864,0.07543059852515778,-5.290062621685347,-3.0835093045145667,-3.7498875532207654,-4.100508432476215,0.30634937731968387,-0.3674287832159843,-0.4829932161103704,-1.3255572129636777,-0.19649084300123726,-0.5455689389487928,-1.082786953126949,0.37718305521110207,0.5213332532366944,-0.5572596913106443,-0.13291336123446834,-0.43977413963347267,-1.5458699492655426,-0.04266867359040807,0.5678892877941668,0.04016697575579052,0.5542497026292326,1.8556780657510343,2.05608171082156,2.188088650652606,1.4235956963475813
-2.882839187225716,-3.3810615701962754,-2.864667759100829,-2.2944717827560117,-0.5612878826634089,-1.292901664402974,1.5897254959479399,0.03825192924064782,-1.4838733936724655,-4.703800235267978,-4.417376751970319,-6.081885120192289,-0.6352409117047532,-2.2384550657743136,-2.4436056470444965,0.7535385255333191,-1.1224206489235922,-1.1335427104792253,-1.9689352086728766,-1.1025909295147054,-0.3460576263933035,0.09143227224676004,-0.12595748592354314,-1.1107706850059615,-0.7414038691280077,-1.3397443078585354,-0.9673441250493544,-0.9996344735625703,-0.24116350071435408,1.3389918349939194,1.7748588229495788,1.828934945146257,1.3751426659076247,0.9178138299225376
-3.4794312233345406,-4.08221659792215,-5.187178784953432,-4.1480008203787495,-1.3358798166463255,-2.6673185588983963,0.11434868715311068,-0.5515963830742835,-5.6890818819155795,-2.8475448236927328,-3.8138698506069835,0.6875335360022604,-1.9264101984349902,-1.0725396647894896,-0.9940160900566216,-1.004068606545149,-0.9260832953505411,-1.114854704609649,0.062449635434996424,-0.6236397917031852,-1.4770125913135197,-0.15847378221825342,-0.3393265078782202,-0.5344134909776489,-0.5208225939211257,-0.06707346734157366,-0.9266729291226776,0.5284221119574355,-0.1568212154614666,1.7794216032647987,1.25526554074036,0.9463633878790687,0.4308394299768698,0.9207390011082287
-3.900900155919087,-5.73843897186734,-4.918287058717404,-3.8796014231330616,-3.0692753821688825,-2.5570673470695837,-0.27034869027304254,-5.671764620529807,-3.0199557711061433,-2.0924857089352438,0.2617855803934393,-0.5648052081992188,-0.9622523952604202,0.03151830661125967,-0.962505823988565,-0.8844254858761204,-0.08010533033363688,-1.2670441436359705,-0.6356018971539301,-0.9262500031122125,-0.7396555206261544,-1.3554339707557965,-0.9411957301290156,-1.105055870802182,-0.668511034491729,-1.0744395723706106,-1.0539711120513142,-1.0487132834987813,-0.3379753455907223,2.202048285926078,1.2654462766297092,0.05197844354526083,-0.16406519082389487,-0.1435742894794535
-5.464109232726446,-4.258429975572622,-4.134286833636457,-6.165237180236152,-2.422338275198315,-1.4219820669993324,-3.3070318283241287,1.5362438561650529,-0.1701823031219527,-2.3130321777155065,-4.034427518476697,-4.066690566915933,-3.2108117516724333,-2.185228811624281,-1.5121364663295007,-1.695624883726287,-1.6929442237558336,-1.2260333822108702,-1.4957250187242115,-0.8110714774709183,-0.40566971314820355,-1.5972364562438977,-0.9084644265518721,-0.49122551770945017,-0.8615332596902952,-0.7928787411805733,-0.6868321621190692,-1.2659850947159228,-0.28487975482801325,-0.0006451043964337714,-0.11648902798893641,-0.9074503458949645,-0.5421481846491608,-1.3204952773620997
-6.176151297808252,-4.489653363370765,-4.0877913846941,-4.171271442882282,-2.0296027382348685,-1.4877099528126907,-6.375446183737369,-2.241967953922783,-0.13157919782352936,-4.350119853574683,-4.165728717973007,-1.3557281223722555,-0.9519568264588752,-1.1032534843908457,-0.8378439703902272,-1.1338542586171674,-1.4618947425548516,-0.5674190962384985,-1.3211441185248312,0.13870153398170612,-1.3883455155052917,-1.801288944501269,-1.2651333323001799,-1.7783971771339968,-1.1613791641243296,-0.6633625965713563,-0.3208916901069124,-0.3826224762395491,-0.10399946265758729,-0.9294607098773546,-1.7323167347854933,-0.9063602996103935,-0.04725949270930593,1.058120687282775
-6.383563520222257,0.4123760358635147,-3.9152207469105673,-4.549073991910861,-1.4928201158344097,0.32623583045617416,-3.602764860818369,0.6590118642030824,-5.843672693528188,-4.003641018325988,-2.7885559339209536,-2.7424436687850426,0.34728273960498923,-1.5580726200018447,-1.26323328176768,-1.5866021801201022,-4.521012573577965,-1.0834598977491483,-1.565140321377337,-1.4411873914120408,-1.1910606411247135,-1.6303447818360386,-1.6498367194499939,-0.7152983437179556,-1.0779277679551402,-0.8984525485127628,-1.087778521737441,-0.7650886854441398,-0.49753259067989747,-0.9327659475602071,-1.732291943735245,-1.6694612666997617,-1.0842917144025113,-1.2627471333430795
-2.97755998053118,-3.9766769831983924,-4.028955176146073,-3.675258568655442,-2.0336964704802885,-0.34905411374210726,-3.1046068904936663,-2.710226056213366,-8.436546513368524,-3.6850562610852804,-2.596153543184557,-1.9875354713543516,-1.6912463044489505,-0.24420544296133753,-0.47186194420541244,-0.49633707967023616,-1.046519276797635,-1.307646380971744,-1.0364038018180075,-1.2196814610424755,-1.295147774749633,-1.9501791639764465,-1.9149151640093989,-1.0738752379736083,-0.9941335664761483,-1.0938470559741411,-0.9934709276939663,-1.0161156866787007,-1.072835657542747,-0.5924378092962611,-0.7046317982805288,-2.2415124778366673,-1.4046683359887258,-2.068223581480379
-4.498919393147174,-5.91082514190148,-5.050112193545416,-5.752460560144653,-1.7759044032954776,-1.870839299266231,2.1929689154907206,-3.025944828439689,-6.723803976693512,-3.6544347200490286,-4.364119149120835,-3.5388725939109507,-0.41310367133222453,-1.5415124782371712,-0.9862490181127457,-2.4921181371584167,-1.2061952952640391,-1.8597161975096248,-1.2966211028573695,-1.60887406261758,-1.125958741691283,-2.1806291754942397,-2.0510169603899873,-1.2174264750159747,-1.526745207931342,-0.9153962086954264,-1.2774478677734953,-1.2612355697529587,-1.4652563620963068,-1.3622291185713238,-0.8556222855764041,-1.2808793502431606,-2.1304380405524,-1.647029761740118
-6.730285601394885,-6.872494642141598,-6.694781053460661,-7.302362188257462,-4.0510073059114164,-2.25221631078243,-3.3424363233691485,0.5908837085627401,-10.789541056603667,-3.0248751661016624,-3.7583897220891855,-2.8616341046100486,-1.6501054020674792,-0.0882783220012299,-0.8703215778798977,-1.6827203007746634,-1.5572130517003613,-1.6716697552472874,-1.5272998199121255,-2.0631454929102198,-1.6494382820115623,-1.7025019988876273,-2.168311775698563,-1.8264409930969832,-1.3718619835945114,-1.100243666531143,-1.2979248749318653,-1.3049257844795983,-1.5683312172304364,-1.6537877674404144,-1.2770713489562064,-1.0972847542832704,-2.6636055242744074,-3.363562098567235
-8.532130278206154,-8.195139762877824,-8.38153519106618,-8.018676815257672,-6.479603790048017,-4.111786373276396,-5.165857319830528,-5.273876380042623,-6.570192210801561,-2.4967056756796144,-1.3358469044169792,-2.86066152351278,0.5853635654472192,-0.9818974305266205,-2.409296850586632,-0.7892849159106498,-1.9036419798273367,-1.7188954997379642,-1.419268620593004,-2.250673217943497,-1.9766709686070392,-2.5024153058321543,-2.339820334698817,-1.7946200613460965,-1.6545675592773585,-1.3853046228340535,-1.5685184965524221,-2.193483226175306,-2.195445263788342,-2.450442577472344,-1.1950629740431318,-1.1956286071546087,-1.3959621013018935,-3.6765610670691014
-8.546746471223157,-9.449489203384188,-9.667268205701623,-9.039267654676408,-6.556108072554113,-2.8365511700067456,-4.951953004333221,-3.7561995929402467,-7.2418533481924605,-9.421720679484231,-1.4923091152187742,-3.7530263652081923,-1.2180090457648174,-1.7027137844051379,-1.4518625939768592,-4.853543846628899,-2.3436686507349673,-1.7307205722713968,-1.523450778216766,-2.704225044159205,-2.3289322546818827,-2.300932758879442,-2.595569866707852,-2.2355561627626046,-1.4906804370389204,-2.175615844926434,-2.59057567760273,-3.988472466478974,-2.2063944016419152,-2.5326923677715247,-2.188362717146685,-1.7614866415029686,-5.249674344252279,-4.555577097244911
-8.350132091338567,-9.761346060567657,-10.180717451525116,-10.358316627860237,-7.361784752130388,-4.709624012177631,-2.734994587883581,-11.367436240702903,-9.092086531025595,-3.916098754272512,0.36713112189766395,1.3305741978201426,-1.7506826493648944,-1.2963290967505108,-1.656309241487566,-5.059059899031497,-2.202864186243035,-2.057556063617693,-1.6044537179737828,-2.5415176693015216,-2.8430444830713646,-5.901924576299038,-4.158408477251475,-2.0278430990977347,-2.436556599935334,-1.9282514786949496,-3.7038853174176656,-2.1662613503750956,-1.6796144274944365,-1.6347811835201258,-2.0812626431771752,-1.6403624551293603,-4.925585252917587,-5.250764937072909
