script/wind10m.json
{"header": {"parameterCategory": 2, "parameterNumber": 3, "lo1": 3.000054539987559, "la1": 64.9999836372058, "dx": 0.5, "dy": 0.25, "nx": 34, "ny": 52, "refTime": "2026-04-10T00:00:00.000Z"}, "data":
[rows 24 to 47 of 52, columns 0 to 33 of 34]
10.470732142329167,14.46599926507628,16.473083214476436,16.125316276288324,12.948853736993291,9.682242662899457,3.932239097475261,19.65528614541006,8.465941223521883,2.6250422795178667,3.4574637442287344,2.2387131664571567,-0.2219932313006778,1.967431788567797,2.9054447914952517,6.037403340370644,2.569481069857744,0.7478854016481785,1.1616690472724642,1.20694934886475,4.255456605349903,6.599620914270084,1.6855059468318732,0.9892633748505886,1.6387259293076333,1.4506822451515713,0.21858563015912139,-0.0966471752398761,-0.11399568470771702,-0.5740403766214317,-0.955667272834223,2.6539551994742703,2.3267982328849914,2.324618883945735
7.210729903225651,11.839771690765565,15.311911174339146,16.05870635019975,13.461826368421246,8.726361188704251,6.696332177087718,6.099119217686779,4.871801070737379,2.6765731725946913,2.339786599226627,1.0197800751871566,1.3314810064506581,6.665446290906915,7.4973207835436995,6.295352864625362,5.110473483399382,0.7375221353723089,2.051117976766646,4.414401259412939,6.110660032508045,6.136509615969776,1.9550266357490973,2.3407616621264875,1.5904067122461019,0.4624281705366538,1.032011319731205,-0.24919643805392597,1.5925525588124683,2.3863711991835475,2.734422986785067,2.408345062685674,1.9407994963973139,1.8733352711347984
5.855933513912983,8.11291093319912,13.44881433105451,15.06545998528784,14.518974924602777,9.011038743600693,3.031015939228233,2.743822818543995,3.6648898146716853,1.788361892774463,2.4714500693804977,2.054774275670432,5.9458757219169565,8.323396383178126,8.829236168091438,8.35315770567341,7.4662171408391105,1.0625965258947119,1.4305332874759724,6.446697205448585,2.9362888817744524,2.068669774541874,1.279881354291398,3.154159230187356,0.8861308274894782,0.7515239841772452,0.16841215427333175,-0.2332882326907816,3.885329881656647,3.2667161630447663,2.41541016719804,2.001798347813152,1.5337300957809716,0.8957299243684508
4.190868594815868,3.224993279806971,10.673373524513798,15.138195142215583,14.159469559293774,10.99404198126107,6.374430363474551,1.0304171052839446,2.322547255579517,3.416657116065102,2.6145772828283818,6.98596085925524,8.097518559835146,8.802560421692203,9.57679592084514,9.491188321160305,8.87956398693302,1.9430874849465758,1.8543094518916552,1.6641770036278067,2.6814188435184008,2.302215911897759,1.4318821334656877,3.0386851082806823,1.352301215034705,0.7008568720474152,0.8719884167890045,0.8688300681533748,2.8233178306792284,2.632902741054739,2.2612334610289526,1.565753834853307,0.8720345198752755,0.39416115959511155
3.0128563184068926,3.9403186312241627,10.470031010427807,14.120683306747283,13.50828465158956,11.43901451521585,8.988870118291088,6.357627747515988,3.0674123970167595,2.4551140719819307,8.338989633389643,9.473894864781187,9.105000018325143,9.136272058762673,10.606493292324773,10.48458647171917,10.009328186964183,4.021227303266689,1.4888841858823618,1.9266188164419673,1.9885240392599621,2.153185893814093,1.5995059765342674,1.4579166162440014,1.2413092950786726,0.5138269623356652,0.8659596853204551,0.3438311678291534,2.9169862340755612,2.196483008171049,1.6272784084283192,0.9142133345650919,0.7999556079389956,0.7650329162983037
0.5700661129591629,4.662169624071593,6.997196416056467,13.220795576477787,13.92805553334001,12.52498375323261,9.504387810033643,9.067561568583775,8.187631910676913,9.541276939551251,10.203559632330643,9.889515911416524,9.618365991973375,8.992404536882942,9.51021034492883,9.130201249875094,10.700670990073506,9.259927015564033,2.598377675368755,1.721354672970874,2.570538914748376,1.9998243369193336,1.2824449253106154,1.4459235078365011,1.3299377260674776,1.151214607577636,0.8188324498434026,0.42291363989745556,2.0239290964445993,1.2350295208431972,0.753115412441447,-0.958899669411054,1.9328808934026043,0.8002199605356729
0.8679444907888098,3.656816413674159,3.4322985477400474,12.953850178584021,13.885885923764267,13.656773839351839,12.429267738625494,10.52796915818392,10.722190594714679,9.936536163290121,10.429070761850523,10.058146709417661,9.55254322522732,9.234285344487194,6.768071239698588,11.113698043842158,11.242944088178668,9.87091562835303,1.4100542562779812,1.539959492314053,1.322946396572761,1.4352228056690859,1.2284275415553991,0.8815446351823387,1.2806184430944556,0.35117991731916276,0.38709040202775613,-0.7264931378333157,2.063118408659651,1.2408851383749275,0.8225198645322037,-0.7306564358249891,1.3195950194697927,0.4698536025597881
-0.3167051727765699,2.409550928797881,1.8200366933311134,10.809715648730831,13.813515007277108,14.072178481492259,13.126766202578036,11.699993730436315,11.103088844366198,10.692823895834655,10.291700921904058,9.812974671587599,8.777005493416139,7.647000599202125,7.186504994380842,8.598194949941071,6.07553176634126,10.314633494308278,6.8791249019320615,2.0203099698599876,1.237708694898114,0.7777414603611486,0.6148352630749386,0.8881362419661428,1.246178285296018,0.9066369589935988,-0.03262880104642861,1.2765524470662792,0.2624316397657371,1.916381563693029,0.8383786199749909,0.43692401022758104,1.2882398153181362,0.3946690465385764
-0.3698003080083868,1.1059038352175983,1.4723361509599084,8.060654366014996,13.06803905230857,13.978656243417085,13.32567572779056,12.541842200141083,11.465069894613999,11.92937411952114,10.246486502194394,4.212873684014934,8.953673126096765,6.3986055525644545,5.838584850292834,11.501965339731289,11.253082308071845,10.171698102492163,8.965465063206004,1.2979218904945793,1.2864495075203775,1.2441965505634822,1.2309976762311245,0.9118506395764301,0.4329527286092598,0.6055563588563696,0.018474339952298774,0.9308269795036818,1.7161732429559786,2.526276046137132,2.0088972826728364,1.912456038068779,0.8810055616218353,-0.7574405005408968
0.16224527882941944,0.5969058914447949,0.8011792352244645,1.672947163149992,12.717990472520855,13.859560022756547,13.821607865067731,11.916079446414212,10.380545290555176,9.964215079601441,9.893725585223827,7.468443833347288,7.057676450597691,6.258672201752121,5.223320900288586,11.244596553355933,10.598809612864713,8.828303636367435,8.884324818216509,5.92400740611706,1.6731014659812955,1.1825404534030544,0.8442692720320617,0.4489081610241971,0.23438496479134716,-0.00729855872153522,-0.33518558603890714,-0.3125868487910458,2.267513634857653,2.71954613255826,2.5028292486622528,1.9163728856523357,0.5426590408792118,-0.9504518701264472
-0.2433306804688605,0.8379998830515142,0.6595091696552712,-0.5524787268204874,12.068440304189568,13.53203503501769,13.597364311619451,12.484229380127248,10.888778829913536,9.940176983089586,9.205556595166078,6.710721763273845,5.251530776216532,5.522591281951406,6.025611235251908,5.596202237440483,10.277408391845535,9.811269181699826,8.442979729096425,5.472382511416061,2.1170094651664355,0.9964353118230262,1.0792675105180107,0.7446039028952843,0.5712094809366576,-0.3379989988475748,-0.20449797035358977,0.26918500527190636,2.3791703196906067,2.698020524256643,2.7327364643490153,1.469996610254056,-0.05442629142867878,-1.2638817544557661
0.8233805218380078,0.03442598457089227,0.3895941368148408,-0.7820209885187137,3.3095964329755465,13.304400927894157,13.254712281462302,12.634311432360823,11.646672234424212,10.408961816517962,7.197159273672113,5.915856378944997,7.118884542619459,5.830415220143003,5.718191471018774,5.923278765915226,9.444534906750489,8.970774112592963,8.367664148644828,2.1640378842595838,1.5997551162907164,1.4134437477589818,0.748039707749507,0.428385874606976,-0.17344585687103292,-0.34917696268625553,0.34025268264314285,1.4238179415810375,2.9610314318938866,3.442364672737643,2.7782421487613123,0.9017811685604886,-0.4988702036352979,-0.496823881781281
-0.6334324572967202,0.04050269667087264,-0.19740482966176762,-1.3043897322086113,3.2142160131187225,13.411656176471674,13.531413861880386,13.005895454644534,11.595736187033694,9.795337190610939,7.9513541676240225,6.097265246752304,5.793699560962705,5.021901168518236,5.976579702768654,8.22499107344402,9.164355240457075,7.933966409570114,3.713913991185427,3.816300253238041,2.7183170411312596,1.0834715473349277,1.3787875816855077,3.310437892857375,2.4304778637090902,1.6388309635767855,1.1340256510468436,1.3952302636986995,2.685582595151863,2.957922274669088,2.7365363768762663,2.027257383268851,0.05159654992440144,-0.815694808610162
-1.96369906826675,-0.7970856195517235,-1.5065208306666784,-2.127256713609981,1.1724529803183028,11.898669091308498,13.267488652515608,13.032159345284747,12.28473241873218,12.161287726294265,8.82985468637092,6.66010145376428,6.58719043436759,4.70421926399964,6.896489249276549,8.997901622890156,6.422900651350182,3.861211075841532,3.782674286808531,3.4439964183352414,2.2558403506069986,1.555910822663225,0.9953095651159078,3.915945880508279,3.043464687015774,1.987840501636414,1.1505756690786275,1.0643973881629305,2.56795976678837,2.8382982237022554,3.264432570901051,1.5166993066308405,0.21695480739033973,-0.7122468484998338
-1.329412268050858,-0.7701026755446663,-2.502567358355192,-2.9675153099046425,-3.007655784973473,9.92707149554098,14.032040333861469,14.054008690610413,12.25667921642785,11.566947131627403,10.352647440709307,6.473264303436052,6.082490535048194,5.417730128121696,5.335806107791536,8.114470244931523,7.262396589359567,3.085507239997593,2.77740616974842,7.321804027436867,2.6978956895901622,0.8431603543692738,0.5622664036191856,3.8923992374107286,2.9560117108306736,2.236779530745258,1.3924072020586022,0.5827664721968034,1.4636720187276833,2.201486819545186,2.76236719346351,2.5863829128799636,0.24195901184179633,-0.8053859881555209
-1.538336160592989,-0.45529728122684054,-1.300368880047298,-3.528004821344698,-4.838677388730169,-1.3592769830365605,15.388281846208782,15.180739469797768,14.271428547365776,11.95784639233214,10.628527572960316,6.833178688762933,5.100254571042054,6.556715619012166,4.912253476869311,5.188029480829463,8.344736721146152,2.7324630995429295,4.209259307660924,6.662930126368065,5.517153468982033,3.6185200492575507,2.9231529781308874,2.040676616968901,3.2374207929355974,2.0109983293668954,1.4172253027024835,1.0514109074550042,1.0502693390175315,2.0824091541579395,2.1037497735193322,2.1781598423761337,0.9218615644762173,-0.49275393700338965
-2.126638033503357,-1.408376303200525,-4.2744018430357515,-3.1487207344802415,-4.141579048539985,-2.096763047156298,13.968781062733203,14.603053003287407,13.112582030550938,11.81793979183597,9.137909415461259,6.1324898164249095,3.3262299634381676,6.216411569288076,9.386876530681862,4.591376528022796,6.734369923915283,5.697513487448186,3.22428539249437,4.32186483162119,5.358801942742672,4.218662301179118,3.5835153796706365,3.4284311576479194,1.0462953949492617,1.5162476634112585,1.411217262788308,1.2433860811861843,0.37032802010689314,2.8329202386250976,2.485070385961596,1.9629704148232665,1.2220888735522892,0.26376020540557366
-3.3104928645051013,-2.7739066385381355,-4.700879894983152,-3.1171130516391607,-3.243349411830957,-2.309350550185447,5.0973822693593815,13.66037946991247,11.283065013713587,9.757081400929216,7.726349504671642,4.538891399578721,1.7607030245268307,4.267626397632288,10.080528713086428,8.482417027479812,7.086904774612962,3.897666868478358,4.733626053390534,5.24390031950545,4.785087143356017,4.362330035018185,3.606575839841656,2.863048788584102,2.5572248591629485,1.796108434470684,1.633884395972825,1.1798017669565928,1.1092609645628675,0.042776667075308215,1.1531421274110933,2.1365736427653608,1.111593533501257,1.1413608750943212
-3.9407968235911963,-4.309753791211099,-3.034014442478209,-3.80869131887023,-3.4597149302603927,-2.805297506400317,-2.7659841148239703,10.251556218160973,9.592957605492423,9.043132921415609,8.723868749079807,6.648364682259711,3.757303776893366,3.3100400121651687,5.021496784813105,8.490882912450177,4.674084808218616,7.228067581002656,6.253295564935561,5.3877506807319975,3.1378682283926094,2.6833525534429805,3.7985928421726833,2.7673151095156134,2.8200700650704937,1.6089082996121056,0.7520672346248909,-0.16326083300089808,0.16434939614812033,-0.815288760714467,0.9503088963458561,1.4067825342014677,1.677753529483915,0.8198166741765278
-4.43395814497563,-4.470072848647665,-3.523910249773966,-4.204621415573404,-2.8861747429827065,-3.3951508597553692,-3.79102415059968,9.78007726124695,9.006116275769246,9.400275139806647,8.064648468168413,7.649632171324941,2.774694054937566,3.0190520890994796,4.394231568591435,4.044251303338216,4.672274655012224,5.702641581089984,5.180144529259111,1.9511581925346604,1.6228835709554932,5.529229133487911,4.895381866248092,4.138590236207214,2.1345498676112356,1.8432186509770638,0.10659251971611491,0.42040429385069905,0.3278993484358533,0.0912760145828033,0.1871828332579518,0.9414347051258615,-0.3566090512547228,0.4909576798527623
-4.2736108096860494,-4.476126632700868,-3.7827570129023904,-4.440752708431482,-2.867973352817832,-4.589492265240885,-3.8660816736814656,6.585336725439185,8.548582576943662,9.650882753825533,8.763291247123709,7.395382312984398,4.87610485482315,3.6294609055752742,2.931813755744015,2.79137352867515,3.8232684365338,3.2108115689459096,1.7806876053850147,1.4879683535744204,1.4353236645071579,1.041314134671285,1.5554303857264298,2.626201912721219,0.49795280951478776,-0.3644062360809981,0.25842098808339325,0.4482553772179149,-0.005030851650145869,-0.5786462391198652,-0.4189088509545697,0.043659230207969135,0.40108506302684616,0.8082653769178083
-5.0170546242505525,-5.1261653215207,-4.429923547064921,-5.473029537025619,-2.776226044299195,-3.0321597084516356,-5.185145362240221,-4.776302006889917,9.31657617675765,7.97363376804479,9.496140509527875,6.819041020857605,4.382068852235191,4.346585882398867,3.2928534625471055,3.019190821831508,3.4939781558355074,1.587339217211296,1.4382132508730443,1.3366693131365817,1.1704356375345328,0.6462473328156109,2.19348145031175,1.0661540941539236,-0.03441243842611428,0.23563545134246455,0.2468397378917709,0.2668970304254999,-0.4827334716903283,-0.3873555656535588,-0.5417708938703649,-0.614403584392987,-0.11288189688038311,-0.17506079713034198
-4.826476740852968,-5.770699067810586,-5.516847204525827,-6.286886190685251,-4.78983641521869,-3.796322648437887,-4.641097395453837,-3.1362433223812287,6.250309448328504,3.2800023267147562,4.1279442069046075,5.049147114435849,3.728235872816948,3.104475433526941,3.6588444314589186,3.454008073665583,2.450693478546133,1.4996963408001893,1.2376872831901038,0.9526109143887901,0.44438844525513665,1.3887256356840327,0.9181443027367344,1.2185444298596209,-0.03062359602188465,0.960607177851768,0.11511873515945797,-0.2955883917243618,-0.3721154563216653,-1.4960324272495007,-0.9786636557240493,-0.8666631307215291,-0.4923155683495689,-0.7417209440295641
-5.194715297572553,-5.783095660327916,-6.406702623105466,-6.517315226870694,-4.896865642911606,-4.377917123886515,-3.0717682252271445,-3.811040070759767,3.204108577020039,2.9723953875259093,3.403553564445642,5.966011436499713,4.81288951249338,3.4940345567626037,3.0519086259260884,2.4418587316477924,1.360335283181523,0.9133818231138948,0.9769118973774141,0.5948957108989625,0.5880605434688448,0.3817265535737796,0.28180702742761565,0.8872999535876033,0.22086620042022895,-0.18368810461071897,0.26388097008236633,-0.26613410431947004,-0.6885782806234929,-0.91900451226506,-0.648713683125159,-0.6101990964080029,-0.8672916927275071,-0.025760065111968548
