script/wind350m.json
{"header": {"parameterCategory": 2, "parameterNumber": 3, "lo1": 3.000054539987559, "la1": 64.9999836372058, "dx": 0.5, "dy": 0.25, "nx": 34, "ny": 52, "refTime": "2026-04-11T16:00:00.000Z"}, "data":
[rows 0 to 24 of 52, columns 0 to 33 of 34]
8.135067033567397,8.990984478322435,7.756409933401708,5.4266705037500875,5.808673228895787,3.3242251765824027,2.576694162803618,4.083316423784034,5.163877999226045,8.423722179045612,9.20161785205786,10.893060267595093,11.21232089570843,11.908085030820713,13.106882980075888,11.845271753149557,9.607725778810462,9.56163264675771,12.298338857557805,17.518007259200623,12.201250329096636,8.881024671766,8.3937785475062,10.277998792308713,9.774526588439397,6.426540622394273,6.897813771295598,7.095562337048236,7.1073869453574865,5.994324671231198,6.68290854764918,5.813054267092968,4.964381462092469,3.6682208777276273
8.400000384873302,7.31868724323962,8.88078208246667,5.800946254656063,3.712295596513277,3.2822684153535047,1.6829777492334508,3.3795132382547046,5.202359233323047,8.235872765124412,10.868349861392446,10.519805073622548,11.454866685947437,11.262199237592665,12.17441135166996,12.171483146571683,11.278852616554243,11.543995080189879,10.995722777750727,12.80612495597759,10.320834655282557,10.553166174622936,8.349589690191685,10.337491974183404,6.058586971447535,6.106706663060618,6.875375464169109,6.066074206244242,6.747888411303594,6.071233162723414,5.989080638591476,4.496816024298151,4.628722342335473,4.465639365750323
6.150187730739622,6.917616911752105,7.006646296142015,7.137165939070335,4.980920484640149,2.4952068261504516,1.5738373272802144,3.4566343996475424,4.625811682737592,6.539321120509948,10.158154659005524,12.245502698964994,11.689556991951422,11.89346932433612,11.468705519900906,11.630084696150695,11.882932849657239,10.283462277755426,8.38210774007142,12.2416020710637,13.348142809337393,9.467495576505089,6.719221934023252,10.839028479340678,8.168710401319366,7.784725628293462,7.255778134816378,6.9338312167484,5.774222685112093,5.7484431145268955,6.239414620351048,4.9958975441283755,4.739079398891801,4.125957348152336
5.61092061827348,4.293563725623042,3.643684512079216,4.89677470735443,4.931329664220824,4.11015504192865,4.782481527628359,1.8591394221015884,2.314532371281359,4.876498533838616,8.25647358751855,12.243679868770986,12.929955011257963,12.383651857940473,12.143913157883153,12.995160888253896,10.240918402099917,12.20154454503408,10.6494759605402,7.8926179011125495,16.273739276518253,10.722812587204285,13.03007342849211,9.199734623282875,7.529124259355676,7.13308832207851,6.498128428878664,6.645215301164465,6.005770290890575,4.2693480136322055,5.443861199167029,4.420291029642323,4.434635831946601,4.541132186394358
4.340552488057972,3.7363446841444485,3.2205421299747843,2.637265979521342,2.9409161171280185,3.5998457319845167,2.395733692058507,1.104040431037225,2.487002968320618,3.4712378534384642,6.055266113813674,9.905772851773758,12.433230155709957,11.360957787048413,13.156516873473697,11.74304520862421,13.055789621055274,11.12738995772864,9.939340759731355,14.024328426637274,17.444936516676034,13.306530657724563,8.915217670590316,8.814333386667624,8.040993964101446,7.319785788751706,5.98743569760394,5.963486235690944,5.473105541823534,5.163109589787262,4.922598882244447,4.722327517857226,4.5608805119592075,4.263374789806132
5.803465215731024,5.047969381580812,3.3548421772615398,1.6649818020300804,1.1621652483987104,1.6667295426627253,0.6281336295825312,0.8368910830896238,1.9386356210467552,3.4267957014348505,3.8590475699410116,6.428121018728034,9.989047049128798,12.787809005318893,10.932953781568328,12.29708738185214,10.641805149710457,8.922299866872654,14.094230438062842,11.877692381828124,9.505002725809263,10.28049572404461,9.25740506957269,8.662147321465477,6.249605312230809,5.7293130800990095,5.157900121707665,6.2726987562047665,3.981420299747726,4.666261416906475,3.9220789974488968,3.7904229562887384,4.19547090408917,3.4739348276221844
6.984534849811968,5.675461795907504,4.4492461078592225,3.0247520931142438,0.17251832958728813,-0.44606281729456015,0.3372460749942669,1.325144621895841,1.039737166725841,3.1502712872688177,3.5807203290945444,3.794429646474883,8.452549027261012,12.896891627645134,13.085696545447233,11.868284474056036,10.583010897619145,14.04250921831526,14.197006484092759,9.964301328377314,8.850417413886621,7.808136053130028,10.58820669189371,7.1360134751746,7.0852778213735395,7.627366215085083,5.631941372125601,5.035526179811458,4.419087373216543,3.8084844504878004,4.229300880628925,3.759417418842038,6.074926733523242,3.2983974484796508
8.033940995419075,6.823303437245625,5.017452311801522,2.827636166674248,0.5192516527351615,-1.3804932071281544,-0.5176996959365144,-0.06197385253391553,0.6613013073188123,6.477477603501016,3.578146421776703,3.617095833081307,7.5621878299972325,9.87567401176777,12.210226794720844,14.706744127937847,12.044412530609652,16.25314361753141,14.495092270488383,7.894896973153645,9.940976834436812,9.830306623317577,8.76738419824804,8.911392516540282,5.857286568862915,5.768870046244053,5.453603573805674,4.069708974491859,3.678877658778396,3.509696002073491,4.16571399576203,5.244732489756984,4.966851695498096,3.825553130482265
9.097989849341985,7.421280391099121,5.4610537573032,2.5373818173039315,0.9566586460055418,-0.9352332971034989,-1.2356788939325978,1.2155529462852497,0.4997613979151649,3.211465222728094,10.757499810806296,1.6459806210872243,9.071103232563585,14.517339254833344,18.842335135794805,13.298008557697981,15.922580960794557,19.67697745359481,15.19157417005725,15.796867687413487,18.10492654625333,13.098943512118904,9.349117075875059,7.152202543303235,6.305552101987905,5.5612827272320615,6.017768378789095,3.8825297660578886,2.957358151853644,2.8135052001056104,5.528455356943159,5.154568465157509,4.858030869951889,3.201698426272976
10.150107985053399,7.782669903232701,6.087858260420647,3.519060121799986,0.4423505971893668,-0.2134534499324067,-0.7056115286294546,1.8476085668711864,6.03469430757939,1.5707071639862495,10.498241448407331,13.16493377340937,11.965422981761144,17.4636916699381,18.61415722163762,20.14186187804248,14.375076906693167,13.297733799117006,11.074686705268135,10.804563889035528,10.115132938256655,8.03896694854211,8.38982081125938,7.328889894844506,6.93574113167214,4.895627427247112,4.247269307396393,4.270369835379997,2.8592621418703446,3.1983063104927902,5.327608839311768,4.558125792771192,4.1584141674524275,5.37607990157555
10.93420068229141,9.129232253123611,6.798830780278077,4.475073114792603,1.708850621096694,0.6600048387990599,-0.7404411693712457,1.936118192310384,11.543733598663477,11.606286410527636,16.112455784939606,20.46395349980983,25.333919427783094,19.252866786989916,19.34888131168346,14.780390917881329,12.751961571709812,12.764339586496812,12.052100339679825,8.998441456472449,9.176566576188224,8.078601498072542,7.677798807013464,6.40340790746746,6.5177643287438745,4.393344038751628,2.269928447417813,2.904940884716655,2.2233963063114266,6.42597659055231,5.582618125395698,2.8827654657593684,4.546687571010514,5.608526403709057
13.954257009548536,11.285914134629325,10.596288566076275,8.246087255174428,5.054212607749618,6.056827519404117,3.402555258566761,7.94550852620844,7.8408941950243385,17.871949005021676,8.185582980213907,9.353100997464207,14.32854076241115,8.357889558965919,14.805495440929255,11.638771931146792,13.84539448895304,13.844618596341892,11.261818836767059,9.947005346083335,11.660830176222914,6.992415612563869,6.0445165946564385,8.075038615614742,4.938565392145962,5.693392874481438,3.605156085355045,3.0108209516147375,5.164784607797836,6.410185097550661,5.33426734003016,2.573676724839105,3.769560801232575,4.5927699429349085
15.253859477762349,14.00226189407241,11.112685998747281,9.528402794596602,9.057713366141353,7.982439814649465,10.66379703098025,1.5546082836741544,14.698911161570004,21.82408886138141,8.962365218829579,14.40959047784303,17.833316831641934,22.75194336461175,16.95768039858119,14.6736151482826,10.37286207917536,8.690367416014814,8.092184497362906,7.566041839230149,9.383072057576795,5.893177230731714,5.787770854049477,6.154052159037406,4.113799009558152,3.186165241263316,2.5275644614393302,3.8099219373922733,4.774588865993362,4.5990072188580875,4.880815533369861,1.9430740246974123,2.3692287528352143,4.515942394452137
14.179577850650546,17.319499219190106,11.27454721557872,10.845868408706197,9.182065511719872,14.496673179724677,17.027591756762618,8.308102447248414,20.92528444270156,17.661873357456994,17.64841101248266,6.7128908060577155,11.191022918963927,9.055352017974556,9.42847062707029,10.559202227866411,10.281151969756984,7.481598052221305,9.655267087832327,6.979530843278078,6.113032585558627,7.027380730771069,5.561653923096767,4.675109188839208,4.316805850079483,2.270424746986756,3.372631623021806,3.152254232109961,2.8881741676402704,3.604166576944565,3.1024383427720528,2.947557394879112,4.096681137923108,4.354210387830557
18.31335490092704,19.27889455942635,12.269283153309265,10.095770184064364,8.006804315160247,7.943206331978985,5.718347689557055,16.330850437200944,8.960400098806756,8.48457756265149,9.980954301886047,5.0625517752872184,12.684621590943351,9.353011637316634,9.450879920226132,9.832582844461879,10.273077265139026,8.195976329341544,7.126104315534711,7.0732573524279525,6.741504358959332,6.235147680887422,5.597058733953219,3.9706328660582506,2.4729467365629905,2.3648652607405074,2.336534196788165,3.5767121293759145,2.349175470252114,2.288537933990335,2.5693793440942256,3.9837597982960764,4.714690913902554,4.528698252122836
24.642847277346497,17.88501151852853,18.98690765768424,7.9045625329270175,7.30030087528042,8.584890604734582,10.43007623036216,8.74242927147791,6.186792138375476,4.556030807289787,10.407102907124742,10.206957154952056,7.418388921360129,7.664613986707785,7.799941397554442,7.039005301514593,8.763576574330267,6.076939815262084,6.165181430436329,5.345293807489421,6.258977035247479,4.477299524504419,5.291912484407518,3.325781752077219,1.9090204973020157,0.5080799780658336,0.8443482749834831,1.9989252198875043,1.8574199263478282,2.7449151399360203,3.666083457188437,3.49653188951946,4.472501869161198,5.361372991737613
22.8375940333246,19.279995026204,18.686747344382674,16.171579714663615,8.19737045907785,15.237221355863076,15.20133364502224,18.512102086311565,15.41315543602683,20.98549278600482,14.45544737257575,9.839096664522819,6.349551592272539,6.821587465276885,4.758623447418894,6.945908068852086,6.006557083527715,5.8825932499253115,5.782739264125847,3.292431570089144,4.768744540071619,5.35796623955262,3.46232506510686,4.149290366225469,2.8975215690523144,1.6072134766584534,1.557856558555381,1.4046740836846046,1.842520978643065,5.060860563072689,5.608356815484949,6.146775711324942,3.889764529943943,4.281253702735296
20.953659082875998,23.698665652065174,17.481803251488454,15.063242630142836,5.8591788015727335,7.522622454767533,12.51505698719845,12.631382461977722,18.983160632520807,14.390401439526878,8.57918010076457,6.837630890830407,6.888538896758922,6.477401055050797,8.106514734120827,5.9180619611775995,6.1459710666987055,5.347783127336893,6.492929156233893,4.657349484939206,4.066827424453458,3.7726614863047443,4.121269941944865,2.7975996650679567,2.2294614982106418,2.0295349934297557,1.1891938673965676,0.0128156466465638,1.0596473837181501,1.497127705658733,6.055189008353996,7.186431092264097,5.57137609331834,3.3277564502331307
19.891662495248298,20.99817974879046,18.698559927046507,16.715117632796716,14.550955951277938,6.767670979435593,6.874788120630878,11.293180251794713,10.231326739679288,8.486194172505899,4.556562149810118,7.0229152231805205,6.520161662832714,7.464029785967938,6.957629785444754,5.612693553691616,6.870355706543139,5.528127086307077,5.78754876414046,3.99071509611083,4.572497931350868,3.390413956062842,2.78808790857896,3.1613574397916664,2.307434912898739,2.103959044855825,0.18343226585994915,-1.7417441932054907,-0.01708793061466498,2.0355376091629687,3.609153786731669,8.05858609769521,4.434177467576905,3.6553616774970976
22.27015872348565,18.344930388218643,20.41483326865921,17.303968871424203,11.439136573275931,10.427117870184645,6.67511165457228,15.352456103981162,16.552850302965787,12.051810786595693,12.25296418535993,9.822266455372791,5.466758169878037,8.035602579305614,6.097496933391983,6.622665656543404,5.167349492407196,6.076067797074613,4.706591999501904,5.194826858192541,3.8535339528581543,3.6941679644628036,4.058826006910925,2.062034104924611,3.1003611413960033,1.4239360311024443,1.4412023381343677,1.0171947179416518,2.3566061582576037,2.011237846689984,3.445434033781114,5.093584851725103,6.141184983419664,1.076125848834953
22.77780290893361,20.67001582224161,19.003506408393285,17.0876609733538,11.945996649016223,10.388560948572383,14.840942873366375,7.0089715156763095,19.260820655077627,11.330491390408023,11.014981795920958,6.747829167520743,5.868058299038251,6.337232227102099,5.032856884012114,7.120013542283917,5.365239658830723,5.475382721018779,6.406995734901136,4.607854512693522,4.750157266212939,3.196239606163316,3.0859610910376554,3.182381378835453,2.311630245597584,2.388986512330872,2.0601848467035593,2.360406004472958,2.990925165338412,2.7821344054049955,3.5752463055851096,4.170388439240797,5.084584158408048,3.622170915686433
23.31170214561911,21.05426385099402,19.378541293135992,17.050258485172407,13.400180609002504,11.455926240539766,8.695235501483884,9.554724340906244,9.76085431497113,7.995237280169803,9.836065058178647,9.49808703816917,5.414754194714907,6.948316925707133,5.443869247543813,6.5349040208301625,6.29733590594579,4.577217536541044,4.747486160627036,5.6778760463199305,3.9139521847903107,3.980641634918915,1.9132527593999544,2.5272816142831105,2.2292666301640156,1.7009285924801276,1.3206971585913296,1.774257736262318,2.8067020898252486,1.3665455190200946,3.541300763889429,3.955629370904821,4.18864108506981,3.4801975197498596
24.15225856651703,22.423667904541748,19.9387197775451,17.074609570347977,13.957474338280537,12.18396644869428,11.082357412951149,6.564943071374051,12.692924536251246,11.499302039574664,6.715631241609928,8.309459302398217,9.230497375888353,6.39480383237697,5.232230420354015,5.112125423755548,5.2304572562663525,5.6288403659668536,4.381404730934767,5.227988402003954,4.516601009763788,3.141176980312298,2.376896246890784,2.030034003119457,2.6724110328283572,0.5195413222526348,0.5888108420561478,-0.17112107253575448,2.7175765778238508,2.020258075519277,4.436700492994081,3.489341745663812,3.3904523319427713,2.8265455325203774
24.078975419944193,21.87884524549188,21.332762593897552,17.823434622029207,13.39025818481168,10.9054189602542,8.078027167714925,19.57197143012182,11.199592457536228,8.81562101653206,4.808005994354279,4.171338851458503,7.220143397387125,3.8329993248309853,3.5195356546051593,4.428911725748337,4.920384606033439,4.7443442783127425,3.971378458302458,3.8727593450969264,4.830870019224269,2.455335815536204,2.1744870324232104,0.9681912682339806,-0.3405968653338367,1.8907652202073733,3.942364123684669,5.387176774796232,5.038733853795158,4.1330801460028805,3.2095832911906172,2.32421226773642,1.6273419105056506,2.5894650626202256
24.094752179714458,23.606110216876818,20.31128619735327,19.97628633514235,15.141622919301348,11.5487373693105,9.283864114965088,22.411957943131775,11.92790936954183,6.064142702768066,8.202651907070173,5.682936658606527,4.941791485720413,4.394361743106577,5.468398702510768,4.780915855127241,4.837468494088989,4.057683011957967,2.686258319042718,2.5983105369536554,3.141157230507444,4.098448183855662,2.476137106559299,2.1587700279593696,3.0634425861112806,3.475823417880634,4.267309345381638,4.090592128379979,2.9009456744747175,2.403800703128208,2.911209204597553,1.0088494513611808,1.9553977341300108,2.0234158582506696
