script/wind250m.json
{"header": {"parameterCategory": 2, "parameterNumber": 3, "lo1": 3.000054539987559, "la1": 64.9999836372058, "dx": 0.5, "dy": 0.25, "nx": 34, "ny": 52, "refTime": "2026-04-07T14:00:00.000Z"}, "data":
[rows 0 to 23 of 52, columns 0 to 33 of 34]
8.93487825085625,7.67876754290452,8.208051126371855,7.040422455769911,6.683011594066372,5.6343528615207505,4.014044368204578,3.4309451696410944,2.779833665764668,1.716923682707987,1.8048272645928658,1.4836490989899591,1.1546597029844863,0.9544662439505136,0.6280556027065893,-0.641279612497954,-1.5096313076063503,-2.440647525142027,-2.377082623372888,-1.494225941699905,-2.2178690337916755,-1.8927029491389256,-1.2700499501637201,-3.649691613443949,-2.1230281000289932,-2.5920485111030134,-3.5303932479315483,-5.041464331888143,-4.513161979530998,-5.105475739355366,-4.716491079827989,-3.765470986872992,-5.194566916710136,-5.858082924979428
9.246064242624062,7.767358737220841,6.292982939751544,7.162727750416202,5.892015891675021,5.107273888192497,3.720111654523611,2.8922590140606528,2.336697871193348,1.2026141359173435,1.2411038780764212,0.6963572114119321,-0.22905022378207138,0.10052785696515609,-0.044776715332998276,-0.727001980404502,-1.6635369695426367,-2.2435412973125475,-0.007299782932356585,-1.6016039042923342,-1.2988263610591744,-2.2418478650286957,-2.544689416243426,-3.1388246863626836,-2.270428587979594,-3.308347497012364,-4.1735280029631605,-4.6283641589871465,-5.5991178346046215,-5.761765801237215,-4.734328771396823,-4.102932416844819,-5.1373424445456815,-7.176261525231429
9.217186559185787,8.142527345455719,6.516346359447252,5.195358693574925,5.670478438946825,4.826594187658092,3.7670075646564283,2.7625420281620174,2.4322970581658305,1.2684538101708565,0.28408955695893623,-0.08758163681857753,-1.037904771838431,-0.35726137777053346,-0.7912054417468712,-1.3635118494305585,0.398047767823717,-0.3283617373247328,-2.0718384736113613,-1.6048803670325253,-3.0674234683681156,-3.5192400268057793,-2.885990343020168,-3.5239551487276306,-4.375275143351135,-3.699383247021771,-4.441963473634028,-5.394352657246046,-5.482837873382246,-6.177245664796307,-5.803347607493615,-5.509940503890033,-7.326258867238896,-6.444341049008056
9.58673698559256,8.280562376074295,6.788580711687208,5.0945905851817725,3.3302682433250643,4.27985151485189,3.481953214217803,2.335375934213368,1.6825341409494765,0.8572471088092884,0.6603276901278775,-0.40541693872176215,-1.388083525766127,-0.5092388132567675,-0.24060556188368415,2.190636186703117,1.1394270896775718,0.2213319092579072,-0.8061658439673623,-1.14118409522127,-1.6721863590002377,-3.339929260390131,-4.613686925665938,-2.9371301114675488,-3.5885454553465816,-4.419599261921916,-4.655800902351061,-5.351751000057094,-5.7110521008076915,-6.577389726092955,-6.907813933905863,-7.919082761770433,-7.523560443797153,-7.653340614310835
9.717579556700228,8.417751873838325,6.970906295748443,5.352089219173133,3.1925981132279153,1.266592393706785,2.5781922069256256,2.121181959160709,0.8850472087168472,0.41695808229756237,0.17640693734141505,-0.6455522068337944,-2.035614769059778,-1.6673246138250615,-0.6407760327665138,1.6294565440638233,1.7042373734078085,0.6899844046887578,-0.2166262483724748,-2.4169485624704214,-2.947397230952419,-3.4899718073349586,-4.059486268983438,-4.230985026212045,-4.2198674206730615,-4.857672315532067,-5.182371535102594,-5.661948626339018,-6.102076860771483,-5.6890937577230885,-6.714241223452351,-7.814220126058323,-8.341501758516268,-7.776191848778313
9.851940771486886,8.416315324711997,6.680478811395197,5.084731579670524,3.53711633340057,1.9261845112669171,0.10045027505819722,1.0535193812438644,0.7323550139603875,-0.14824050913688802,-0.570868904088411,-1.3702250189642349,-1.0584343426620828,-1.5454525250474136,2.488648200045178,0.5704722141865486,1.0016488531374108,-0.7755165777201329,-1.1374688010771212,-2.1536026110307227,-3.5096711260175946,-3.777611477627348,-4.214035298760276,-4.655116967618996,-4.477335110201701,-4.46529963879759,-5.131220898129758,-5.488833859379619,-6.030641325648601,-6.503850636892055,-7.065550943611779,-7.148737781293938,-7.662330857537858,-8.459202269337828
9.9433884576261,8.230272297710634,6.896272896625906,4.99305005972061,3.346012993007691,1.8870199602410413,0.26162914193651804,-0.8445099833300255,0.916656818954206,-0.0590743325514567,-0.619125339623471,0.4132779763890568,1.157616266122065,0.21804493867041158,-0.5571780414288511,0.05185982284578401,0.6023624576084727,0.9402308049645784,-1.210863279428382,-2.854080568970246,-3.529662177056153,-3.768987292969389,-4.0444922955532,-4.528598546260942,-5.51611770076305,-5.694594104954048,-6.131396126822783,-6.115968889825807,-6.338205145870741,-6.326409206242848,-6.75828176010057,-7.694109851506693,-8.50367804971464,-8.34887363550923
9.794158420044454,8.322874822579276,6.932764136391992,5.0943799906960665,3.2920871697683016,1.6471749542248895,0.38167430070511515,-1.121862220797257,-1.6558684023454084,-1.3548051745914813,0.16171672304717472,-0.46707076574118667,1.4553465373653722,-0.9252906475297459,0.10047065441813724,0.31281375652523524,-0.04525381292863925,-1.4130788978684992,-2.120135020864488,-2.270166411235524,-4.051510115775499,-4.3021344710981175,-4.1739583199231,-4.471386605537547,-5.021171021539491,-5.579775467523426,-6.449233915089842,-6.5049095168314315,-5.825214326619547,-6.888556127195621,-8.607275333638302,-8.226865812390734,-7.896853909720147,-9.34556503346015
9.595056730155019,8.295148237327309,6.735333500817462,5.001602705841738,2.85605351455415,1.0003796108967578,-0.7424639372421591,-0.7490941507967924,-0.6830730737416825,-1.3997494726657842,-2.50752383659331,-1.0508989655141419,-0.4068698593536304,-1.7630124040639548,-1.3734982050388298,-2.3174986872563297,-3.876657476094075,-2.1154862136344867,-1.4723212059210644,-3.617925047139405,-4.977811323977814,-5.574366096248528,-5.289091587645001,-5.123347096894795,-5.146417991993959,-5.833062404261885,-5.58287179012272,-5.388897426852297,-6.568955158088679,-6.3977154648713235,-7.814760686928813,-9.04173209174018,-9.18679108651606,-12.066306869014943
9.539940203238258,8.186208628398635,6.600417907815758,4.275369047668637,2.707038748330895,1.3646121012837884,-1.0107055736823107,-1.7590559854265886,-2.1319179990673116,-1.547243407074975,-1.1699757071169972,-1.4569756909523022,0.2309771288718947,-0.7338326148794053,-3.1328250288593065,-2.75968567287392,-3.9245139576678074,-5.068468101558814,-5.011959176882574,-5.5136091218899885,-5.233627002388111,-5.318728505806387,-4.67692455534554,-6.8301843586628666,-5.218709521724338,-6.276987083591967,-5.912447706951939,-6.610087776902983,-8.147275571394951,-8.452601404178663,-7.688251094092578,-10.973942011502931,-13.066143976896008,-14.369547680282306
9.50328106037751,8.12484370776368,6.496022865464938,4.593709060489861,1.2206675600404202,0.0037093629639367433,-2.962577952740264,-2.0610782873786575,-0.23591746519598206,-1.3206415718119966,2.6741297447992536,1.1134595896897583,-0.2165175328958977,-0.6526120383597137,-2.3994006268874712,-4.790102215131878,-3.759421092409778,-4.02449077612264,-6.7541288629774145,-5.026531497699477,-4.485366014907708,-5.159103491875081,-6.501873038118018,-6.697719779467807,-7.247091819642964,-5.981454635676736,-4.985629059572101,-8.642076519644649,-6.926539329274308,-6.8739512786934345,-8.084300921917645,-12.157786523593506,-14.516173267351254,-15.606826581763968
9.516122397851785,7.909033450316152,6.482398832725257,5.6123138031256605,0.9743850583005369,-3.04933846076408,-1.0143943862448823,-1.379860856615955,-1.4296646448170824,1.0476313875109518,0.7417327046784207,0.7537496641017419,3.9092608910446836,-2.497725134975987,-4.01680377515333,-5.263514482101456,-4.689270473729855,-7.710000983820024,-5.774622460101566,-4.4799579021413685,-5.013389752625404,-6.276742081162126,-6.769973958954967,-7.529790589536311,-7.2297199722109395,-6.603373430034101,-6.830925578169832,-7.885553265022507,-6.472921513623249,-7.454783352846684,-9.363229298206756,-13.202390684692073,-15.46624869700219,-15.154136970667057
9.631824078843623,7.748846834569887,6.300732714216667,5.747992243021419,2.602668983050986,-1.710988994644365,0.6996477289202664,-0.02583738312029964,0.148996566070753,0.597739166557031,0.9595873597411834,1.0164442616497227,-0.534686021152455,-0.7441048232030884,-1.6605514745959733,-2.469162137967524,-4.185065277241759,-4.1826422325166215,-6.494444663134763,-8.02058565642557,-5.578166813416316,-6.473874274429633,-7.038316110782285,-6.8873861053267,-6.7644616079650906,-6.710953739992996,-6.521139826380346,-7.393129326983339,-6.585444402536189,-7.079914994725832,-10.75155412657014,-13.883851318435637,-15.072543808067381,-18.54485030716988
9.460383482001392,7.632065293328884,5.899191893151372,5.612350784590836,2.5415609869132307,2.8054921123179803,2.62042021803937,0.2902072812278401,0.22719246666251017,0.8875574431160776,0.38119867153331893,0.0977877435403738,-0.9878165203008937,0.43682770695293904,-3.4121478952945012,-2.7253884103770476,-4.025046805780585,-3.4606763518732757,-6.917143930357031,-5.113809511855361,-5.2600419176081425,-6.539371553287031,-7.3893703037166745,-7.517153644334315,-7.167850885746652,-7.70192316659992,-6.1509907056967235,-6.145163383985604,-7.092821264506541,-8.09418797918041,-13.340339457333865,-14.248276964281526,-17.07935875899937,-20.940329523425596
9.483184937694583,7.753694385945729,5.672230073054523,5.17734595181527,0.9886763938409807,0.56403883276564,0.4311086845041432,-0.0033151532178739875,-0.3423763305064953,0.14337927173191983,1.311573042032209,1.688005906953884,0.08407343948612153,-0.908693713906045,-2.8891955016369444,-3.659684564173902,-4.394469911186146,-6.83608867577425,-6.421645439113775,-5.389698788419316,-4.642145233434507,-6.59904767317367,-7.252163312171844,-7.5469053423236145,-7.63609644624841,-7.341000173128676,-6.735405125312345,-6.676455573951361,-6.718212893012855,-9.05254536966995,-14.884219651233497,-15.456090708945037,-18.76077642678808,-20.318221601456177
9.38066394462021,7.723021392442138,5.399724065728034,4.5522750379965355,2.119616612995992,0.6097255342734426,0.6741037468225172,1.065080340649421,0.6558579339448658,0.4340846823306906,0.99249293731225,2.3945240818047893,-0.6792493460416684,-1.0627256709723425,-1.6198505712759785,-3.908795965763426,-4.469717991257423,-4.926818113496925,-4.897658348134209,-4.952190114706592,-5.51623362897948,-6.659990365875011,-6.1740102856271,-7.235150038047386,-6.988607160338008,-7.040734380214837,-6.700237478795964,-4.44361918956359,-6.568741713499086,-10.51822904869085,-15.542256138250291,-16.890744386819396,-19.256493861989245,-19.545608193188045
9.384375259779452,7.566942318931643,5.362675022416333,4.7275495947818635,0.6362001808751687,0.6183237589351549,2.974082641895557,2.904030071165455,-1.6160670739804384,1.8791350632903432,1.3707388097243327,1.0865543245921943,-1.4700136032480562,-2.0338864327195907,-1.7706969801307557,-1.031539485389749,-3.6990264651759817,-5.116109788776514,-4.913672638432404,-4.679726189590572,-4.892119219403957,-6.867687773758798,-7.202597586712002,-6.3723287386243666,-6.787149704940329,-6.161094766554202,-7.203088707263208,-4.352348919319556,-6.598645218631846,-13.286394708524735,-16.001008724053786,-17.513039965352633,-20.893012612731578,-19.09510287387392
9.604737946650127,7.718203191307578,5.323993689957707,3.9341989343052077,1.408058632613957,1.0690741676439501,2.311766967306353,0.7674553121240499,1.7964624840094765,0.08299586452973468,0.5534933307728672,0.9336425600683567,-2.5037874285959076,-2.5759410334327937,-2.1070798546197795,-2.4772551917579198,-1.2319548745484605,-3.9465094900097997,-5.335801795819622,-5.307813877963124,-6.009774708904449,-6.1914533760300765,-7.301674529902816,-7.632517702306451,-6.60934538029698,-6.231512452720488,-6.2570291358041015,-4.900050018077613,-6.909550211036444,-14.365291572721093,-16.72823347707666,-17.58196117132116,-19.915848942892833,-18.770064352690127
9.63472920269621,8.025260903312978,5.346743251930243,3.612617288037254,2.4163178681812125,0.8160287500471314,2.303810001014459,0.7936160527118495,0.5900838529707589,1.0023044085943522,0.8215444921484991,0.1659587852899333,-1.5326644854875333,-1.8472738145068688,-1.1291320321924108,-3.481469073137951,-4.16125085115954,-4.953978149260716,-5.345768486482837,-5.030650650421066,-6.237736580568467,-6.601549019881446,-7.037025862543153,-7.23126282901283,-7.1382016006878235,-6.223945541724233,-6.767939970638839,-4.63102881900429,-7.240078987605147,-10.41071867007127,-15.770509376040616,-17.036152676366264,-19.075136690619765,-17.696209113313824
9.459906014470954,8.182161182719216,5.675804510458899,2.910006774431498,2.2114889789177092,1.554681109859625,0.005983257282284597,1.4196019492537095,1.6589352622264515,2.48731595392026,2.1092078947584185,-0.02749376738546845,-0.7866258403024782,-1.4599445231444155,-2.6640640507234328,-4.64491306315449,-3.701760802855968,-3.732424984379991,-5.963962801134351,-4.876508107882007,-5.794725715640593,-5.895708044869907,-6.985924350418042,-7.300828690580576,-7.185710699310797,-6.266472687162075,-6.664256509615704,-6.465552810046923,-8.04434843739801,-10.876266093032314,-13.30391276126668,-14.492637260365873,-18.206709480385683,-16.30382876343419
9.340311035616237,8.46769622730009,5.764706741102241,2.747854745262358,2.3262632636287175,0.5064921115560608,1.766742124662239,3.7860042933763163,2.262503671315717,2.344391676909288,1.4146469162066249,-0.29112063511126685,-0.6390263602747519,-1.9861542040050315,-0.6091773563696359,-4.224575123502646,-4.749983091452665,-3.911548595541984,-5.7152566436423395,-4.347416923451398,-6.447016156815344,-6.150993249074635,-6.205669584251917,-6.7966344245898025,-7.157499633502211,-6.848349233454807,-5.853739521987335,-8.003674949656821,-8.388713643868298,-9.815419133241338,-12.205136867761134,-12.340857445644103,-18.330241857297715,-17.40386552364077
9.298934377869342,8.592531422976931,6.14652504400212,3.090642161777752,2.743652578821865,-0.929059582166296,0.8527957643342952,1.9935523862708389,2.6375915210720984,-0.5741871660800524,-0.7983049796697507,0.43144828635414734,-1.1314801313336271,-1.9008193134172424,-1.2221984558234262,-1.2512482957412179,-4.263317718604771,-4.707328560219109,-4.943101382195777,-4.912521940167221,-5.5137596778997535,-6.988077076733552,-6.0062478932167975,-6.335711901630667,-6.361069653041976,-6.018181442766516,-5.547280431893645,-8.270396534033232,-9.22774072404987,-10.79277320529243,-11.651131160231376,-11.42105004382551,-15.47241083620986,-17.929659309391564
9.603697662243132,8.686221622764947,6.3507076570366765,3.4912294794002214,2.1962120410610413,0.30544239833712716,3.14204046166947,2.6204740043390795,3.324044286673236,0.6569376825419038,1.1111234694984018,1.754214116333007,-1.0894507515872973,-0.71083032165703,-2.235395720755894,-0.42757263175244914,-4.774905113037249,-4.667204726034784,-4.687290367486365,-5.205087268240328,-5.57896585925647,-5.571392017616964,-5.775745271353747,-6.2596977533560425,-5.774161559474592,-6.12895343465637,-6.567537875037046,-8.645292376967271,-10.188657612838444,-11.729173936708015,-12.00982512242195,-11.527933875954941,-15.70988547395549,-18.99067348383933
10.1669707549845,8.770646682785696,6.612834388167181,3.8699452208479377,1.5689487270985,0.909231173329543,1.1987973541372126,3.5837610574792707,3.2210815555129195,1.1771544943936487,2.3419865870523444,1.2474931225911225,-1.1590440936449178,-0.005053689329030578,-1.8184179123925528,-4.091499987564227,-4.098367232359243,-4.869355694878006,-4.148538121144103,-5.440165144842214,-5.954933187352749,-6.4869396991482775,-5.564927794293661,-6.010877687408142,-5.338639026200029,-7.012172056894572,-7.815667791887443,-8.837645750855566,-10.36730858747931,-12.106017402610442,-11.836919045655042,-12.071280082248471,-14.031605749394668,-19.511367770542503
