script/wind450m.json
{"header": {"parameterCategory": 2, "parameterNumber": 3, "lo1": 3.000054539987559, "la1": 64.9999836372058, "dx": 0.5, "dy": 0.25, "nx": 34, "ny": 52, "refTime": "2026-01-23T21:00:00.000Z"}, "data":
[rows 0 to 24 of 52, columns 0 to 33 of 34]
-1.5879459987200888,-0.7170052171782233,0.8789591259217583,0.6312146126341984,0.43537789986080255,0.699676222935883,1.5645106435092055,2.2441762237063645,2.9285439590135947,3.4016951113929195,4.117375594855713,5.223077554385989,5.727465700390097,7.028113287139644,9.650523387765748,11.2921682643785,15.332928670893004,13.048051078127301,13.823943036926423,8.964741552201515,8.178080483259617,9.879691928521487,11.535418773070168,10.13407717638429,8.88704141625839,8.151569934276498,9.743486723388806,8.244885621317989,6.170309317712455,3.087615787389476,5.018828174059926,5.384694713416267,6.06642369788824,5.764868968915746
-1.5018029209819483,0.10118221402759633,2.200677410917496,0.8641538478115325,0.16848180772238533,0.2760838881135467,0.9935171522405646,1.8544352585569108,2.7174675461566,3.573840726092536,4.364356792819042,5.301749316346224,5.453846961783514,5.915212275013715,7.73131614960866,10.677818060590058,12.479054024591356,11.858224448310077,10.933808821358998,12.220728882357182,13.334662657554894,11.439088832073205,9.905552767433313,11.79181009847326,8.934956372773879,8.984803823751122,8.394772890187806,7.352737022880658,6.332924050479522,3.954083123449629,4.3234197186577665,4.765737620304565,5.696974098133429,7.474702539624017
-0.3936658360255709,0.5338383577311745,1.1417382085770091,0.044501904603436684,0.4929032841816742,-0.23333132511197374,0.4269566976020692,1.476882198565726,2.3383050792088964,2.957187922860882,4.090696806037338,5.743833282533414,6.505871403323494,6.048043798130736,7.633516828069177,13.099901610217563,16.050332681434412,16.240601857293672,6.205447548174972,13.977937517595093,11.532166018665794,12.10853508279557,11.306794848359743,11.677829520500882,10.455231443093675,9.32870651125904,8.38061537479719,7.69917006190471,6.095601441235547,5.064623344210939,4.52491087215883,5.455780965207215,5.820244295186672,6.528741573090101
-0.12602090742577163,-0.4887345962770315,-1.2921667408121649,0.9871931413685708,1.2561707285681376,1.145425810677155,-0.8020980141005551,0.5191204494573339,3.5611307414266764,4.556261752253054,3.803007033660497,6.049087526040778,7.5461004875703335,8.281315180918112,8.105372215556514,15.859561140869689,12.778279154163483,14.101102700498254,10.543471627833538,10.38588539572748,14.70408807284717,14.567404077443769,14.45555607037105,12.57780042690554,10.651506825111491,8.92540959758285,8.663188074801417,7.240482364353776,5.93855442788951,5.598881132205676,5.680642021607198,4.888277646326455,5.963258472698414,5.983728145094206
3.7628647948416174,3.594194264751744,1.6104073981228293,1.5391398725505312,0.943569128209462,-0.7226943217514403,-0.7764376570138922,-0.07748089334626536,2.575529724439619,5.065002850668408,3.7156126281564386,3.9138876622230074,7.2311753693729575,7.51716782701922,8.130565151853817,12.039813290978607,14.594386443475559,12.143216296895542,10.883783110669015,11.78389732370907,13.170136550836032,13.366510152698174,9.283726892523353,10.925406307958685,10.13489440847832,8.260722469299477,8.17569141724132,7.526766660820726,5.997749279939901,5.76270706636365,6.172192564027511,5.526852861886186,5.027171077056575,4.800288948210376
4.109916400876866,4.218455809594044,4.422906189426777,3.5055117922825327,2.3829170357154252,0.7838400447699545,-1.5134410895634476,-0.4093755902580561,0.8011938648674337,5.1193884640957386,1.9333330148933843,1.9144004053639723,3.0499067746935884,6.246633163012356,11.209423226702727,13.249220911909832,6.6546549731432325,5.65693080158284,15.69834841825788,11.95920888003385,9.15631702953796,11.471537028948479,11.501044057847794,11.258871241800087,9.747427726383947,7.506769359226868,7.848875768829599,7.278190497297658,5.353388934820204,5.516238210739255,4.598190019317218,4.791185126736618,4.186689416334602,3.6293805453676677
4.113913803097455,4.7293702583170205,4.867301229642224,3.9600373455275157,2.3622373699206323,0.7318359649393609,-0.6754829534789615,-1.6057473312866724,1.5624506491127241,3.9862752612267323,1.7080554473273133,1.7481375605304172,3.290420044353054,2.320551416830959,8.01130518129696,7.214347077075168,10.899141777466374,7.571525440223371,15.512694465946137,10.755987139347678,9.506173646979928,10.218671109335569,12.167313418797498,10.187026810536523,10.127411525338475,7.89412999897323,8.070820824114929,6.969880640847011,5.467962788524143,4.566743127481185,4.120918060815997,3.8207914369162634,3.730560408103944,2.838152216410296
3.878357064150486,5.5776535055536955,5.780498179058568,4.2881723936181455,1.797831765355583,0.053258422728642604,-1.2492827030536333,-1.30105060389765,1.976582334787609,1.1686806240889018,-1.0234192522130419,2.794561893950126,0.21228386883515296,-0.3598653278558709,10.681416513347996,15.638407102836561,7.4221967107112565,13.988706247453758,16.476095158010974,9.973839657453071,12.987008690026242,11.127012876354199,11.700770895826814,10.164627944764508,9.24737852951887,8.262774712384422,7.250469608336165,6.557034048771107,5.709790685257112,3.9561167587240833,3.9318174303468414,2.7136584361638167,2.270651778406653,2.782783998686152
3.5979968641234494,4.6476502433884805,5.936584541458036,3.308688262151482,0.5965260877344502,-0.248536102793444,-0.8166666627540193,-1.1682559594782032,-1.4832483858050818,-2.106234434463357,2.1029626228056766,2.7419776115858325,0.500920631269709,-0.2525888643345637,1.4238808581525386,10.640141582111823,19.450403958280944,7.2842401172589355,16.116926934311167,15.27384763767122,15.6399353254284,13.607516320226617,12.592644982217282,10.103453732060476,9.344821614284228,8.26409587191551,6.17661998470059,5.414842938641312,4.923569176793194,3.4613111690850715,3.5902510292977534,2.145562162861114,1.9974542034132143,2.4491352036277645
4.167680013057228,4.577288996633962,4.681577359939761,2.398098327556408,-0.10872930321994972,-0.03380448108500544,-1.357517692209744,-2.9497024153504605,-2.08623591485256,-0.3552248294313061,2.8589927373938084,11.697183264620653,1.0775942515752577,1.9898398395810875,14.980509306957659,11.876797929127324,14.713889090484669,14.848704071041421,11.80393173925504,11.691844305695884,11.54361860424807,9.81244514347504,8.912518572772244,9.282199005887016,8.651538841258384,7.752151747787483,6.616578714071947,5.517867974198157,4.908685285704131,4.45666566827245,2.6964607391533533,3.2311141111793606,2.6917658743526807,2.591874912239782
3.527408663582736,4.29068367087024,3.7127152021949117,2.1247690960829684,0.3569194904180846,-1.255778700051425,-3.495149805412716,-0.04884036482628629,0.16778639318140717,1.3343743201330833,4.872419945178342,9.667911576481432,0.44861233577312953,4.906429124235124,10.331573158304716,12.850791591268832,13.386508704750486,12.16985620473668,10.37907207271574,11.176963551516415,9.28721783101935,8.190376773970565,9.817574289077422,7.627498586818263,7.582339055660158,6.223789574420309,4.886142271113117,5.292857611228872,4.11139149029002,4.292465521681419,3.4068406912612312,2.9572110375756018,2.7704351052302787,2.703730935991825
2.5369658448176713,2.308000797847886,3.4630800344958534,0.5250599415211344,-1.767155392740612,-1.3973383869553013,-1.0604198942500285,1.2286677904518595,1.1125776924320288,-1.0738031149705798,3.8192406818043447,6.6657727977094074,6.843811482395812,3.8548152226403496,8.400600516603589,6.374891370696035,13.309832799336789,11.230402215571072,10.256324481366441,11.05972523767169,9.094875833681549,6.502243717304308,7.58523737230877,7.13525067179303,6.4330134401699794,5.799991101689485,5.335551629392463,4.777916762392477,3.835568832006993,3.032737109155316,3.025335166922185,2.9532669666104057,2.836723803541953,2.7376792229757037
1.2044700205088759,2.197251077323567,3.5617548082280748,1.7866860134859817,-1.7216417293696225,-0.017647144833757657,2.0836849906335577,0.5536641207506348,3.7565380325794377,4.756318716579993,5.600736215479896,6.767426320593052,9.975082372913489,1.8148047925681057,11.526259956335746,-0.5905839550906815,10.698409274274772,7.93786693884579,7.228190266686403,8.171048629831802,7.905109605355414,7.388067922872493,6.198672972576829,6.178748509602993,5.458634138466879,4.949778932099394,4.366083035166335,3.668021930361188,2.5289320144438645,2.3985691126256983,3.218442723891773,3.162671540291105,3.1479305162561086,2.6523333551355552
1.4656126717752216,2.768226508771431,2.558148370304144,3.5497090497619777,3.1617038554314347,7.255823465757754,3.3775592746454106,-0.7977403555101147,6.295232127021394,4.9483543979789335,5.354482548114786,3.265184615483913,7.299114960699711,7.2607469514407565,8.601207543466577,6.911969202410369,9.174240585364437,6.840268893271939,7.939639985554529,6.213418354028519,6.731304861574413,7.117001543809621,6.108633170011792,6.229705235849971,5.069018984929214,3.9506431330076253,3.538148705404061,3.2646029160512158,2.303200447633497,2.4411443126060055,2.264471835041242,3.3784830473282317,3.2874385918011533,2.935235684236527
1.506117837571677,2.2508671014773656,1.9634169700703972,3.565007056396707,3.1843796162871296,6.7301282537125875,2.051178497791785,7.4158555910436155,2.9530543161130125,1.5871826961265814,2.8058718072442614,3.7616697645263804,5.888111941327812,5.219395069165839,7.345436744397575,7.236673992226557,7.126633054048818,7.0784221831972856,6.050167992495435,5.185149026193286,6.2613071131814655,7.015685810365023,6.7412581919414905,6.197808441405631,4.774730586275272,2.8808106384003627,2.7866024765822726,2.4385545577887777,1.343981490124484,2.3186055016250298,3.1261836276814465,2.9240077456498916,3.065895450058946,3.1682084571235305
1.203443243686629,1.5249292677021258,1.6097395713576796,2.3672998502513645,5.419097969494023,8.057006795089219,6.059171079703481,1.6834075524931351,1.7364109993262058,3.432247433486936,8.071243618208666,3.6036887781941545,5.555921506087421,6.305801864536611,5.136675322885092,5.905407381019475,6.446066821793469,5.960959594944177,5.55541699494045,4.720130934296656,4.0172636305702545,4.744412010813302,4.24441387958783,4.739434267046928,4.6196556322450855,1.9905710040887667,3.627956227603131,3.0437905384150254,2.8132131539204774,2.234287332115865,2.6255863532490125,2.9397412733534627,3.132542936653245,3.198374991888607
1.3837358665384254,2.0615778347180416,0.19781653641459415,-0.19152245658269854,3.302660368598243,4.617915040068582,8.239574521757643,-0.053381037223059896,7.254445858126989,7.488459657636566,9.298849576071362,7.02382878899165,4.535294559834003,2.877713551114664,2.9598827876418414,0.060993614613784414,4.2756701957423715,4.806972315467075,5.448184423959983,4.730832526892827,4.261681096918304,3.4992536589358734,3.78446708535415,4.1583538066074555,5.062625968724651,3.5252454011571115,3.9080726640099455,2.4657291376230295,2.488735763612413,2.5326956720675793,2.5707824921800184,2.603651875859151,2.904662689294658,3.1485931104002147
1.002619380832207,1.0171224865097404,1.4802366412794774,3.170978856958236,2.2490831166343277,3.6355459434824327,7.589251183882245,4.685620208358294,6.603411650197848,10.830155279892852,5.148261672255101,5.219495065844918,4.939463924781561,4.124328254289155,3.5023578916055857,3.202229301926362,1.9437665410848535,4.50344001908607,4.92007813817333,5.456426690578436,4.644627208213331,3.1844119971911065,3.0080305841258013,4.196791576800389,4.6096753975952645,2.7681938379680395,2.262945766546682,1.617876003142668,1.2252394109990055,2.7380429952257477,2.4726419776883186,2.8676126266560513,3.300358244552886,3.31770589882077
2.897506344266843,1.8809188269967603,2.0573049873427807,2.057673241263443,-0.4471938538510607,-0.37126061220795525,0.5169155756529626,6.33374407517884,9.235323022200518,6.01752021518449,3.719664644054728,4.886376040557847,5.0348362633559605,4.8800568676096745,-1.0932521114929232,4.949550184144068,3.269399603772006,4.445766419217356,1.1539320078532662,3.3242860675370993,2.1524793861879883,1.456226795282063,2.583197337931095,2.91192318482515,1.9756032072748018,3.272488548629046,4.771418909016511,2.907824700605684,2.4094067149713747,2.1997042037933237,2.859157635121299,2.916259130639367,3.2646933049728455,2.922545199863234
4.51743661057873,3.0359534756803868,1.664326049246834,2.2219609836273198,1.5987885693607369,-0.4362401875582081,-1.4925063002810108,7.1873627205561315,11.981521893290708,8.974593875354373,6.209803104315299,6.1682313057836735,3.9615306356782605,2.774100315125653,2.308140052832353,4.876606443478128,0.6458296778579823,1.615494080378201,-1.6678456989480674,1.1653912322110396,1.6487319915158387,3.245695237042974,1.3494336671613316,1.3483485642376594,3.0886499673423837,3.63905849742356,2.920628221190888,2.5020529012596886,2.72988773914087,2.838139616294097,1.8210094197812605,1.3438170366866276,3.6934234671921846,4.9118320515088145
6.724013443533368,3.654389729765675,3.365067732094977,0.889881945522934,1.688474842401344,3.630212649982296,4.225128954920147,2.20120276760478,8.132577427698507,8.15751868510576,7.528474430515,3.376155619372201,1.9619515999788866,-0.5609507724349072,-1.90179957627532,2.488635960610215,-1.268742994554876,0.6700624089314752,-0.5056521847697316,1.7807936127961792,-0.3453069843893355,-0.11570452461196264,2.7085538722157563,1.9756828526600039,1.839794690744384,3.6172637452803236,3.276803882111064,2.1725806671002417,2.182404807635316,1.767078426870778,2.0719376083830805,2.96240783018017,2.351847615072497,2.2947348681969673
5.146151471065444,5.136188787711486,4.2182344731709795,2.0695124224632857,1.6667647971374557,-0.5061408515620762,-0.9560464890517409,4.916407341126495,7.450551572683126,2.7544390279520345,2.5598807038894034,3.2775138322202024,-0.893689637187602,-0.7450306058243449,-1.9069688353976293,-3.4586434239745234,-2.5465129631890275,-0.8919272452826001,-0.2435186066934859,-0.15828953998958148,-0.23818023982643552,1.0631819787428685,1.8098425745976514,1.602465314284205,1.2448189634590032,1.165214699436347,1.4388929879477956,0.8869275002012512,1.1567028052955244,0.9446902068302712,1.5871042283889412,2.616022541785068,3.398462830723779,3.7718700258977487
7.359661789066244,4.034634285349392,3.36288801911909,4.604560586580184,4.343285731814606,0.6536707440917832,3.8581908148515223,0.5865385624021972,7.119421035720501,8.039311770517665,0.2769790592706288,3.9590981420384046,-0.6142611688003848,-0.3610320650583226,-0.816355195015108,-4.62285367706652,-2.7584954537361925,-0.9415651735495051,-1.0890189081190669,-0.9810244553314285,-0.889599034773268,-0.08145596006942998,-0.636470235753386,1.101124491925119,-0.40424283920426274,1.1571001552328413,1.0467199841178338,1.6584963359133045,1.1600555346526127,1.0014963696533699,2.343129466716118,2.789248134134477,3.176855031152013,3.5129001999979277
9.186530383289355,7.144644211236382,5.543401726140118,2.789288917918699,2.8821360460057583,1.0780235006809176,2.4137383288579017,10.791032418725523,7.59214402990737,1.8254425898201454,-1.8121498912051066,-2.038414945988744,-3.343722658242616,-2.214860056542048,-6.030028257787529,-4.969997015410501,-3.1436893218457045,-1.1113839006014279,-1.2853519029506013,-0.8428607477210546,-1.3778808777582625,-1.2138528592909805,-0.3273340225370202,0.13140236702263902,-1.2952498520016367,0.09127538277107725,-0.7394472211670331,-0.505913262286095,0.5222941017176462,1.0572848024181325,0.9897973163822363,2.5304949340360277,3.403853478097548,3.6860673799192454
11.429861598504472,10.447094152454632,7.0765312197376575,4.927358710559993,4.807022525452354,0.8122705916377961,3.5587420172768702,14.151549999370646,3.7240373307923114,-2.5801769099865415,-1.362479619429485,-4.402612199075427,-5.876779548037324,-6.23330635328162,-6.8109644579029975,-3.9129933327169573,-0.594512765813019,0.0930301997448405,0.6900162328950797,-1.5185702171872721,-1.9513545016336045,-1.2656282885089858,-1.824736669380773,-1.8260732361680638,-1.3562478134382452,-1.3487277598640477,-1.9696099854089983,-1.1733221899338178,-0.48382558424794553,0.25073384819497885,1.3690151150619652,2.1906973865962973,3.1534071186607484,3.6704216899631827
