script/wind100m.json
{"header": {"parameterCategory": 2, "parameterNumber": 2, "lo1": 6.000198445256149, "la1": 58.999992894266676, "dx": 0.5, "dy": 0.25, "nx": 22, "ny": 24, "refTime": "2024-04-05T11:00:00.000Z"}, "data":
[rows 0 to 23 of 24, columns 0 to 21 of 22]
-6.802469197172482,5.104480605514309,-1.573262253656191,-3.825451299637676,-2.611953082724487,2.466917434557672,-7.229709958321127,-3.8110487329581892,1.4049892919619822,3.3353991269491443,5.161768804959997,9.945493419256012,5.133893250526657,11.82115832327654,3.0436230538833473,5.685220570664449,5.1742322633491105,11.631915383457592,3.378495503056077,4.5945330922174294,9.799353656139472,2.2922560499801983
-3.282874227445298,-1.5563403960988418,5.857210332005797,3.110331641053404,-1.352461379021117,-3.209816628773447,-1.171925237449036,0.7103247625270164,-7.354003895024336,-7.61451031467097,0.10741766186963789,-4.018028422577237,-5.866100913342489,-1.0304422949388876,-4.215517924115662,-3.894185253059045,0.9832274143161923,5.169199114197948,-10.374579011071726,3.1569524607830233,-13.248655754211725,3.209819603330422
1.3037050732825628,2.8107697822387765,-0.8900139025096144,3.4305315308169333,1.9952522822831116,-8.179234906963515,4.66736556107934,-1.2680359427487535,4.81829894394996,1.3664156060366215,3.122457170407478,-7.832979793631151,8.571824432144217,5.461203529653645,-2.7188242367937736,5.837110328978147,5.360025510075357,3.7724370923283708,7.901993182322164,8.483939708253168,0.13441564297127304,9.153979177095325
-8.62934221012164,-4.270588686153104,1.2958140239488007,5.143643021200471,-1.5407480412946069,-9.07420997085065,-1.428942590717968,-10.552036111223325,0.6754802638627545,-13.068653834655368,-14.31412280599601,-2.630282545544839,-2.4387167416863074,-5.203470863348294,4.391124164762888,5.201320505448555,-1.2811679545716952,4.614903190877953,1.9074795194140388,4.296161196597587,5.894394190441405,-3.3635201293767487
-0.22085463413007364,-6.592556749423464,5.491360797149833,-2.6854901380438987,-10.460947852368562,1.3667254665336117,9.535565484740609,5.690463809584031,0.3419867083553021,4.549318467222538,3.65753788778992,8.82417615882397,-6.196871483506762,-6.4562176466177155,11.98594615760252,-6.232529437038957,1.3891056265151729,1.01073296180823,4.294337108897879,-1.505563286001835,-7.033253811195776,-0.21528979476252774
0.021793459788855093,0.611405504509376,-0.8018866645814162,-12.110927457070108,0.20218595537708298,0.09068337496953438,4.474024309130809,-4.436476833773835,5.335425404556945,-0.35355134099994373,-1.69385696679153,3.4407161930428507,1.1555505673558901,0.6175895591246108,9.039816751539771,-5.565738266793744,-5.536185320502601,9.451020951023066,-9.10761640949323,0.5793588159876445,-1.053817486860248,-1.8871642200308656
-3.1812680310690276,0.49374523119460034,2.2622706413113605,-9.767710539700293,3.1588835040723384,-3.3194039526225625,-5.486276034763763,-0.8087295368049854,2.803648815318338,4.636492120753192,-13.244557467166588,2.9359798955677987,4.7721903346571946,3.1188596522592964,4.446751267125925,5.364066127967619,2.525666494065729,1.8432405105261054,-10.259336567664207,7.508646029341901,-14.856651568753568,4.607747809098069
-3.53058796467347,-1.1203226735985268,-3.424036317496722,-1.8705433043583353,-1.8309119551646293,5.3250425955841845,-1.142963132745877,3.9951728688832224,3.038190221954041,6.260945233642252,1.925714624605481,2.7368726776194405,-1.7989755973694799,9.031756087974452,6.44868899528663,4.314458043869509,-1.8523581136041394,2.7197992614614273,-1.884890044354339,-7.03123458255823,-0.6294772596784157,4.913945515368403
-5.145205507987934,-3.8440681708219016,8.47151055928917,-6.532907888873685,-2.1585530547355574,-3.5363413290953427,4.44138283290411,3.6090631112508236,-1.662040951892478,-7.261819912189421,-12.12406783001585,5.790255793719447,1.363656629360127,-0.6169017136927593,8.081557092260208,5.691024236995684,2.626718474652448,2.116793874565839,9.978390991104028,4.182920376151031,1.0450208226144333,0.41142795532229054
2.8544690807130895,-1.8043056087939469,-1.7209604390602464,3.381907866073391,-5.820810207166829,11.622136968011633,5.456121265559239,1.7960867576353658,-4.663063129792522,0.16559471155238764,3.6296940329305003,-5.563533554636776,4.464902547950966,2.763884546263285,-8.480439324209451,-3.800297901540279,-2.0467659509525387,2.158802931401026,0.9169553164548331,13.22784698277035,0.49655897581055136,-0.6602147189890698
-5.289678254030456,0.306247493788566,0.6917852210880996,9.46990886174836,6.054242099363428,-4.283279509642265,-4.022355024702986,-6.097236232343029,2.2778486715860407,-12.670891423114949,5.5217261988393656,4.390935020701071,0.7261805007721324,-3.479554261459543,5.788357931155946,-1.5226054415139103,-5.483391767362078,-1.8698129507553005,-0.5059878762352826,5.026098488693444,13.331711629461186,2.989164142971923
-5.577425524238492,2.4887944114291276,1.025444509585339,4.951855570001504,-3.9285401998119807,2.465156403777832,0.3875687247852674,-1.912042860127271,-3.2320843316913637,9.036651475887501,1.3242069796928524,6.352878949536142,1.3130997747305915,-6.4423357009517135,5.677305444131808,4.444929722483135,2.0632881797557867,1.448862577313941,-1.654475521147349,4.007620321710398,-1.9510099719987875,-3.2846145354079463
-4.975800780204436,-1.2273834455828194,1.0247143639282423,4.29176447517497,-1.3026408305152706,12.635281388885202,7.427808002289709,4.20682408514641,13.134601550407883,3.1221359835757143,3.0869831231662572,-5.658795415056206,2.531761507270514,1.2029601726084684,4.2129488670521,-3.416828080336854,10.65756234160673,11.798584327338627,2.603706647783643,4.694027942905794,-0.44228626396875187,7.7733457258343615
-1.1222693072874061,8.017915224329327,11.399287069697332,1.4807389507191369,5.1026781082787105,-1.723238614274808,-2.3852194015487633,2.7770730160253794,-0.031792004572465365,11.505398758161615,4.293846409809404,1.7745228282150893,-6.4259719944556775,4.171898452149906,4.14015152068042,-7.4535101741276195,11.58999212368636,8.640779429210832,0.07828257912758264,5.247822794699567,-1.5372433439228215,1.1609063044454107
-2.858552058376845,5.488787284324211,-2.581101273073819,-1.4123164539278228,3.820725414665374,-8.73950020276607,4.898996171445738,2.986769325860238,-5.100289868546159,-2.393601215385349,1.207579939559442,13.300272910324729,-0.44711477404126054,3.775301164979652,4.402864251064899,3.8024575205177005,4.470365276574638,-6.925435626573045,4.7742533117505905,5.077445154379045,2.963062373444114,-4.105125162053068
1.9354152834093463,-3.010840548979153,2.693409705636545,5.4633010569809075,-2.1652934724295094,-4.099288145652983,6.420383420811813,5.263231999567066,0.536492434494216,-0.44865063602913413,-0.6207965989998027,-2.627808097838634,4.391160602897305,13.365923227256724,5.1178798060760045,-0.4534836768039785,-0.5920050183106069,3.4530469763973595,-6.501775793497722,4.131168466721462,2.2506948568192837,1.567721211598625
-4.18383503581,1.6136019688551153,-1.7400986897975699,7.529489869558036,3.3657994760178536,0.7269814875821463,2.946643828670961,2.902676175170039,-2.0796006372290305,0.015009104523220445,5.230246148392644,-5.7694569762622905,-3.62702777512352,-1.2049065688883005,-7.114601274883245,5.37109825422364,-5.244464781213601,-2.6580019324666733,1.4039117011799642,4.486534304454368,1.3678625300410852,-3.0120869790078717
-7.229328240871332,-0.31726244536719334,2.9389712045250636,-0.7021700008162015,1.4523915287326112,-5.522289929174281,-0.016840063508835056,-0.25764995565084614,2.271601186954813,1.2447874102386396,2.1881253414816277,1.412429561704099,3.9624285237970827,5.835294942973008,-5.417025665764807,3.66649292210246,5.188037419727102,5.793871606576516,2.3971478294174275,-8.400974959941866,-2.051313063035062,8.051191486507687
-15.173636197494192,0.11669081891350076,-12.191657679450724,1.808569317797907,-2.0001635003194256,-4.217620878500127,1.8091496659192858,-1.3000558855599262,14.539018018887575,6.295097585789149,2.4674758939048456,-6.899182065771056,5.502322743919997,1.579069882643876,-0.21132870951619812,11.037858636407472,3.4566616240933694,2.7990195226033734,3.080683489048781,-0.6799451947562309,-2.3507017655945006,-2.0615062944496234
-9.664960287871828,0.27896582820035765,-5.720900858132479,-1.0492472956031371,3.9272830976494792,7.410292814605011,1.3330671057496828,0.9033397225810029,-7.345563531752768,-6.082766275300372,-6.595037166855371,1.8679940121408705,4.845683519862693,-3.6093855335532097,4.642314350323399,8.236012844234798,-1.577144795838039,3.7012495688451117,-3.7164741665350087,0.8498024622394402,-6.643657387657064,5.199619772796651
-5.625451562287625,8.93984127000414,-8.956891864888162,-1.221169713375977,4.254182548899315,7.597516113027682,4.4012803450018065,4.435433337883132,-2.6791825386839245,4.760762431935206,2.354890845408551,5.361852421870875,3.1520870395476663,3.8276238955946216,-0.33945734497228464,11.319794243003553,6.18425792353483,-1.7925976968178041,-0.044260806168156204,5.17110516861066,-3.5949591398226706,-3.4406121008025448
2.804366090905486,-1.6129791308055212,-8.636103900130307,5.34399813104996,2.1174732763172455,4.7377055670722505,4.8806582057352825,-1.7786038163587958,-1.7379399680321848,4.264265753348569,-0.8639101812192627,4.503692589560116,6.780555421693647,1.1257065567083333,12.694880004426706,0.3099212348870547,2.83803916298866,3.809377087329014,-1.0274028507606383,4.242358315328017,5.082742773176513,-4.247897261325582
-4.772824774010452,5.129791210928659,5.927857475820782,-4.726741846298746,4.250341899583453,5.69058501222141,5.574762204565134,2.9268734365827567,3.2784346175579278,5.234664966638327,3.1917142747949323,3.3316923473620506,8.713637640345455,4.044650214863629,5.475729747227115,-1.7662263352325982,-1.000767576605453,-1.9975327197073947,2.0837569939342115,4.37195000373617,5.666134207418377,5.130927443398565
-13.81451695156724,-0.7354435709547876,2.934191541456335,4.170618723236687,0.21851453742102794,10.588439117652861,-2.912537027404455,7.359205929794877,-1.4404643217800515,-2.3941640755491944,-3.7916930356326346,4.7905326946476725,4.3952460146755685,11.033317629007737,0.8878755996024162,5.007791555390878,0.16216549582879355,8.415674432716452,-3.9739369063906205,-13.482362165867103,-0.013359298621984837,2.5081842765744717
