script/wind100m.json
{"header": {"parameterCategory": 2, "parameterNumber": 2, "lo1": 3.000054539987559, "la1": 64.9999836372058, "dx": 0.5, "dy": 0.25, "nx": 34, "ny": 52, "refTime": "2026-02-22T16:00:00.000Z"}, "data":
[rows 0 to 23 of 52, columns 0 to 33 of 34]
-6.943409050175236,-7.214659795606123,-7.4069791873085045,-7.031793694695699,-6.558967797357388,-6.55995372292731,-7.127747736380963,-7.373268992786956,-7.508592918248232,-7.53970927273477,-7.628625676830997,-7.607860266895644,-7.850478687284647,-7.653278929933878,-7.358449554443783,-6.357319073873857,-5.425683800878962,-4.315213042682529,-5.316813548515893,-4.842607026770629,-2.2725799752773495,0.09502681621254774,-2.57240913549113,-2.7751714259837343,0.37976553718502054,1.8906832801606521,1.7619855395028898,2.387036540778291,4.388601660519011,6.459040374754982,7.0970987653795605,6.006362670596842,4.575169994887229,6.59314352351827
-8.559601600147406,-8.055626046564997,-8.051052657602732,-7.941070589035166,-7.9416285619834275,-7.8129502572111695,-7.915677341803715,-8.420688378280849,-8.566827794512792,-8.599187438444147,-8.598211512270629,-8.836143864243782,-8.748440907090345,-8.584651833511478,-8.369916241663974,-8.25898196313847,-6.893474198110615,-6.3238849471528065,-9.1344908974109,-4.689542930004566,-4.883562743379429,-2.3473691647519868,-0.08309657716160272,-1.7173406729707041,1.6786252539835846,1.552560087026115,2.996576066400136,2.263366465135716,1.5839045916915369,5.518494856910017,5.9027117823383275,6.8300465725854504,5.692096606962429,6.6394783498324985
-9.406972819341492,-9.166313358253756,-8.932475138420793,-9.028809321621686,-9.22887439535091,-9.292416341612192,-9.498659090069744,-9.383586183341302,-9.450151219144006,-9.945357187239528,-10.125443332886684,-9.892010847571262,-9.535319236602426,-9.313951180523228,-7.938086503222486,-7.910048046404455,-8.159676935554929,-7.863410390464211,-6.421609160785938,-6.828007371496501,-4.441081686070824,-1.4542584765743123,-1.432833629263253,-0.7869072850336672,1.22654088287328,2.873980781514176,1.3074869601939434,3.31063195010397,3.017239029731549,2.718451415351655,4.50571031295178,5.878590572791669,5.616644923216531,4.436409998296398
-9.763001329248203,-9.661626880435184,-9.46849222016262,-9.673559023459836,-9.849306473118983,-9.848837038726026,-9.76719397739814,-10.003192027956375,-10.24478109373535,-10.042833283069333,-10.032841761110719,-10.090507184771367,-9.634185644200647,-9.585237421665072,-8.849150841411435,-8.94696614461598,-7.066639387198329,-8.346067243241597,-8.919883714648464,-5.391573862822996,-6.4652854370898805,-3.1577042068933396,-2.758298896946332,-0.8740340670856089,0.8624382167747099,2.886341906752321,2.50084121922621,3.4933856127391385,5.194070071173824,4.480479439485448,4.527274982780021,4.954934685957014,5.32014799362727,3.6731465481447363
-9.072731514139011,-9.405047713948106,-9.399927571544476,-9.60789785689508,-9.378214762633862,-9.239469866126708,-9.292285870789094,-9.15984168790177,-9.508025198400686,-10.148138902287286,-10.450332505004623,-9.60584115092635,-9.231891594459599,-10.029411334130215,-10.980052713604023,-12.319432597755185,-7.480189533045769,-6.150365353498392,-4.567554634088753,-6.392403562328617,-4.623438635213973,-4.1839636399732765,-2.622619239991656,-1.5874711689544465,-1.0021795448919044,0.7607842100871215,1.9380997855276512,2.601204892434895,3.0835506003292252,5.356363549016483,6.15192706340318,5.350829663973049,6.079214225483465,5.634133981491539
-6.647482329835828,-6.879477762021555,-7.5456045861664185,-8.132862442282526,-7.836629211636983,-7.782902931773351,-7.368656998236946,-7.261863651493642,-7.356537026560244,-7.940126796794689,-9.190226175641982,-8.335138104015412,-10.326334915906637,-8.977797301430595,-6.655560266226603,-6.331452895916346,-5.161478394107477,-6.577243892872564,-9.478700729674248,-9.677768925363594,-5.673041130463246,-3.9502515126343023,-2.588189081720609,-1.4278912200887213,1.8662234448066894,3.1118467670628873,3.675398961948091,4.680576326980299,5.372363312565463,3.9401553090680035,4.115900392088711,3.65347879659295,5.968951082292758,6.6549322708974445
-5.120684124833891,-3.5590450330378975,-4.543291899727308,-4.487743987012378,-4.587842021272763,-4.6957832744392185,-4.666212145449488,-4.760101218694678,-4.829670175187266,-4.913177022300341,-5.707988654340772,-6.079184082510428,-3.338086596153843,-8.000169772186121,-7.752507686308004,-7.129475173217162,-5.577454419503439,-7.857680429366595,-7.3449269270033755,-6.633213844433897,-5.211574713655471,-3.676416879365883,-2.9778007516574503,-1.4410795592678494,0.3671099660824513,0.4754778566610293,2.186200719392745,3.321157161672055,3.346895887140428,6.006380375260954,6.8637925045023955,6.398328013173762,6.895142258694578,3.75539265987728
-6.943907376266272,-4.982653262148033,-3.1573159885340427,-1.8822495286069238,-2.154930628665765,-1.931885478347339,-1.91115394876151,-1.6799867132913162,-1.630130860987361,-3.2114092522215674,-2.6891803275869606,-2.6033045968999815,-2.8869419176723308,-4.208272133032082,-3.8714275887145173,-4.870491533476384,-3.857222312003135,-3.7743419479224976,-1.798852335325614,-3.4719504369863112,-4.270443145138635,-4.489651745586138,-3.796923348770548,-2.092702698994345,-1.1522155769112528,0.9142959313067918,1.5011085412486405,2.5091265159486063,0.7373941530138506,3.49407846829556,6.115713906861557,5.09828003662755,8.138797401843654,7.281664228250791
-8.710710282079821,-7.936039057695927,-6.756721356907456,-4.355073050406714,-2.020421293276752,-0.4975517227579475,-0.5327836918752795,-0.9914096216522449,-1.373970598203422,-1.260409584723299,-2.911379065885281,-2.5752224718381083,-3.1878026471675147,-3.569836794918073,-2.5128029065538846,-4.782820715032353,-5.056817855052212,-2.0647839902081975,-5.580205417821662,-4.3186062956285145,-2.444495613251916,-2.3070159663690326,-0.3654126146208816,-2.3642519219158022,-0.1784114976498018,1.081440470026279,1.3759257699654683,1.513389236028292,4.623068849711839,4.487587393254905,4.751922569174798,5.9487643452124095,6.437437158205604,7.332890456367
-9.463566487170619,-8.56591536645623,-7.562991727393086,-6.608158205288886,-5.732895421136016,-2.9125234790831063,-2.5352908932878493,-2.2232649861713782,-4.365779465299233,-1.608623863301606,-3.099513196753742,-0.025747019298446656,-1.118598188895421,0.6825755900518709,-4.713261132872931,-2.7643076658795476,-1.275584338662936,-4.3693851998528555,-2.300837919387067,-1.6266368429390714,-0.3416988539088304,-0.8773149365142402,-3.5974381240368696,-1.335135927231454,0.304377597745211,1.6804385319765456,4.003096439324917,4.763654059355511,5.469165520704763,3.454365468479551,1.7374151395491875,5.467674596282469,6.358898139144172,7.0438529908100165
-9.949718064765278,-7.991637464272209,-6.4782481068575075,-6.129438687559218,-5.664730350952973,-4.321867198848838,-4.533330960028797,-3.872105920037649,-0.23360635285564815,1.3869702008640954,2.7131242446838484,-4.9589487527506035,1.1429450759549369,4.8004254208602415,1.0019820723208557,-5.686451289287719,1.001896410762426,-0.6962042611117836,-0.8947929567701991,-0.2738580962086411,0.22029059334285872,-2.7822315238283157,2.7817027953629836,-2.5419051823919423,-0.5107341896301778,2.4528447684538937,1.8899594413984293,4.086916529685021,5.024741394377958,3.445883864458909,3.555233997702676,4.752542362739045,3.9636583599397808,7.715238250696319
-9.87653946508201,-8.817051760437447,-6.2560668610966985,-6.085630872951482,-5.618116745683436,-5.239581072244527,-4.736552690458415,-3.243651964623573,-0.8370904442179422,-4.291611147529865,-2.2242466128551706,-2.25502270765703,-5.894269273469176,2.041117184293294,-1.5381404941080081,-1.8903800355115483,-2.2216472749565948,0.0680208338468764,1.7887745152567256,0.05419949730398627,1.3365552163471948,1.0535667578571115,-2.186281630820677,1.8184271670165173,0.5169516254892336,1.0722081623819544,3.1663713308436656,2.9869061480306764,0.9465239238763618,2.4745436671782186,4.779375557172869,5.901521413809889,6.526559535868919,6.390355567784583
-10.195132708772979,-9.213094195290632,-6.927187637448466,-4.584523545856279,-4.786346965553024,-3.1241367822463273,0.7019666934763046,-2.8527065000231033,-5.290359566852178,-5.507503639900234,-3.772663834781869,-5.018405397184342,-0.5598151203594884,-1.8358961242305153e-05,-5.095674367568151,6.490869157025101,-2.610070057623421,-0.11275935057754215,1.150372171103945,-0.09771667280218688,-0.3317046541807605,2.1672307021768575,1.7755288073244109,0.3152151415201375,0.14899066387697585,0.291542072488242,1.250136773222482,3.245439911018304,4.2301626462338895,2.1595780958327357,2.7664967721604055,5.0714031842289815,4.539094634778088,5.927756004723212
-10.30152737505967,-9.77532777178608,-8.16326705830016,-7.060733159442249,-4.434835839935047,-5.777899575341725,0.7039254388235485,1.3766404956126006,-7.61692367541636,-0.7255929029626694,1.8715368522919582,6.613323756401051,-4.4358153064174415,-4.081617721455718,-0.30921794819461973,-0.9164469641740676,-0.9181819063354663,-1.0788377394861057,-0.9474383679082837,3.4400424735952497,-2.7061660039785567,3.490609530645722,1.2660781815446378,1.4902380359124072,-1.287249044376831,1.090001381843782,0.466334280136361,3.5603836713633084,3.1414032297386307,4.619403399428314,3.7711883729966886,3.6119916136988923,4.317068402055367,4.920495873607457
-8.231421964069979,-11.448814031024765,-9.571899863256009,-6.673475382651026,-5.9081423278423815,-8.802239027438278,0.10689132364615335,-3.217959363033626,-1.9631413197692589,-0.7992501982145483,-1.6164020596928597,3.1342527413826264,3.3075564560759436,1.0944572895304279,-2.5493049423842145,2.2304186306213296,0.4073373142708306,-1.601565711501597,1.5104374199228097,0.17464632222830215,0.9238207180541226,-0.6149563914669218,0.9308652614530443,1.0267301676792346,-0.30315893729491994,0.5791155353285855,2.367839253459716,3.8681109445964585,3.9519671306247113,3.688573180211442,3.9846024259459525,3.456708042716689,3.8844633660505083,4.530435941959527
5.9545568412023995,2.113565232162427,-10.193893626284789,-7.1301451806496585,-4.797663926740485,-6.5520340722431465,-6.554766801935071,2.274365415623641,-2.8097373116309186,-3.679288099567686,-6.830131230461134,-1.6901648450722933,-2.5516590132372654,0.5139378736529194,-3.8900926144265027,-0.37142856023929005,2.692143544054094,-1.9362648983086777,0.5917782862493728,0.10698702711687172,4.502917877464647,0.07484058685730054,-0.712831709487909,0.8813169881679729,1.103548120734232,0.716499136855384,2.1660588351534122,0.5321685790036509,2.568422835854893,4.182314998287481,4.641042892399213,4.8626571158687515,3.2456888099570023,4.351154628481837
5.770830024371548,7.317243763266247,3.8204486126045234,-5.359670177918894,-6.486536540572143,-1.8761251989309715,-3.3010201916044934,-4.0569243636002845,-2.944256060891621,-4.175045376965255,-3.686870153587108,6.560105073082947,-1.1637399829360662,-2.781539643322349,-2.3619123591949784,-2.97732353471812,-1.1434629328282997,-1.1565248368809125,0.9215124848335605,-0.019164930642439425,1.1866527626937156,0.2857309508546309,0.7692927269083385,0.10304635936099199,0.768860126752683,-0.022222820505910387,2.419166423828316,2.4044218533610224,0.9519886234952726,1.3670810225347576,2.877175223431029,3.885084708964927,3.1996046236838565,3.4112673690181237
7.6144622383503275,5.277338554619595,3.6673093581762006,-3.607440371933054,-4.536357639754325,-3.733321653193016,-3.496168881300879,0.710758524696629,-1.2357578253767507,-3.626747764275558,-4.329930568437086,-2.106225021533074,-1.236578733012818,-2.297527332728263,-1.5094026419750222,-1.96430329847436,-3.0238200701811757,-0.8244745663728258,1.2185747734780796,0.8769861107699738,-0.37411551225958184,-1.2483750702431995,0.5718043962058831,2.3432791500386494,-0.4805554672757371,-0.37157200555474196,1.8385194448108382,3.0409471634823704,2.9316076682609764,2.2547045150491876,1.5729819008831298,3.095527011084125,3.1951569811881555,3.282790708672872
5.450736534448778,7.67648313872634,-0.7951082276854382,-2.749461903913477,-3.87011256630315,-4.383690155219645,3.0730899246366903,-5.503006154197756,-9.222596054031158,-0.6098012171748505,-1.3875108110837908,-3.71453115950222,-1.7939632945406678,-2.5740501703123955,-2.3725758759308153,-0.8824339196927325,-1.4227311974255286,-1.0977611536075609,-0.7410261444999849,0.6172275017241998,0.16814955265967094,0.45612598343807026,0.7011325693510492,-0.8129495688347602,-0.5781645786222881,-1.1294973266552408,0.31877349542452327,1.7073333864255862,1.4930708765154994,0.5855529567223281,0.5879383154068524,2.4444821594209123,3.0788399931828696,3.2221584399403502
5.625631305395695,6.833743470785753,0.29398176961339595,-1.7102929040105581,-3.2473566207580005,-5.24494036093997,1.1919558563081354,3.843094327193834,3.8596456638905097,0.9337337860213129,-1.6910655435717237,-0.13768640930991966,-5.032704432374642,3.5215651443339597,-1.706819582984638,-2.368179277377507,-1.5513828919007775,-1.9557920565141897,-0.8143898304012878,0.6200599222810088,-0.19067654289158392,-0.6234654632640929,1.1895173274135096,-0.018663859188208957,-1.3443246163436215,-0.8889284063297791,-0.6400310455821129,1.226745306171634,0.0070622082814064836,0.2020990059912528,2.2946893294029436,0.31697773113533434,1.4137516100130394,2.939510364616311
9.07170970164093,6.094372689457955,0.9823619017917332,-2.884288956304574,-2.5159494725067106,-5.611761740544151,-3.760004460649659,0.7395277823805517,1.8901550462307337,-0.8764377920751476,-2.440327397534888,-1.5192875696128318,0.5877338724881033,-2.1166435195612254,-1.7792701746160402,-2.7800758793340026,-2.6619982267327473,-1.9386874304416253,-2.098133590076825,-1.6795575223607235,-0.2471072281859766,0.4714271655536698,-0.16115082144269494,-0.744018535507422,-0.47107803548784954,-2.19624963408773,-0.7607605263806085,-0.27809465180690285,1.1521955511568118,-0.42957240838611604,1.3826964037474294,2.6751146889646944,1.14176703551059,2.134505894925253
10.264759357280042,7.592525819170411,1.0464966081013232,-3.146898155264356,-3.5096973155818425,-3.9434384129806794,-8.483966715136578,-7.667643006736274,-5.499637311207278,-4.636314286893608,-0.8308977518245831,-1.3431654246863562,-1.5829436197402633,-1.7305715715313676,-4.339881109048498,-1.0375149440203617,-4.080873791748276,-2.1770357911355593,-2.479897591040454,-3.134302636959519,-0.9759159150988815,-1.0730354842233996,-0.7337495235196232,-1.3345156087761405,-2.235859282165851,-0.5991154327112406,-0.35561889311883954,-0.08082052365426182,0.7457718965889096,1.7411839568628509,2.108759135340286,0.6962236020686223,2.4968573083553154,2.2756233043848018
11.126702867305857,8.163851608271388,-0.13933187639996672,-3.0065862878157485,-3.7840826590771393,-7.612426524583402,-9.367424790130443,-3.4618007304834895,-4.004057120542138,-7.644968253860408,-2.773039824031623,-5.287121359170219,-0.31213218689808503,-2.7616847865403744,-2.93354134324503,-4.836948467578903,-5.287458426391085,-4.465945483415459,-2.880362224135963,-3.0660742065225075,-2.489445573734935,-1.9173994812760662,-1.2599084174162893,-1.0011715089574118,-1.6367595454547623,-1.2710948707469256,-2.604294544918236,-2.097005965962232,-0.0842651704085928,0.2976493947696461,1.6389202000371181,1.713976707225787,1.717327645007771,1.571771244674365
11.257565825589804,10.565836152267943,4.569251767518346,-4.413052822268234,-5.188179617570099,-5.9073464672831,-4.686452492026396,-10.25300956777591,-5.15593515838462,-5.671667937548856,-0.9331517723984657,-0.8214345580687208,-2.0449633887366727,-3.9272539300771667,-4.153195746288366,-5.391072993700008,-4.8611372628392795,-5.759778996506051,-5.120154924783549,-3.281162081964481,-1.947429908589865,-1.7166587954886519,-1.7361955589796545,-2.662274121682176,-2.403446241916706,-3.941118736585904,-0.95119678920628,-2.308326945730079,-1.5087533798320458,0.7990497486040437,0.0743159575218144,1.0650328307930583,0.31671201289273776,1.568282167631092
