script/wind10m.json
{"header": {"parameterCategory": 2, "parameterNumber": 2, "lo1": 3.000054539987559, "la1": 64.9999836372058, "dx": 0.5, "dy": 0.25, "nx": 34, "ny": 52, "refTime": "2025-06-29T16:00:00.000Z"}, "data":
[rows 0 to 24 of 52, columns 0 to 33 of 34]
9.257625754169135,9.800378260670506,10.19772400246258,9.845394738217662,9.963385368147495,9.99476148247468,9.890701183057026,9.721858046876692,9.526812315335402,9.715390441954098,9.395325642279813,9.356424943610262,9.01498090404954,8.97171350596841,8.79435177138687,8.33296143056237,7.239441119729585,7.067718078779682,3.1661224410133837,3.7905778432118287,2.5916380666805585,3.7286093350883918,4.036167516968827,4.316265863311277,4.776686641196127,3.1891648246827087,2.1206240170295687,2.4765221335931535,2.813184995092688,2.098871952714739,2.6745772600544973,2.716211604543184,2.371905289888678,2.6249144821594173
9.293001383087148,9.482744338030939,10.252334303890443,10.534409041260137,10.090682438759753,10.526893949100618,10.617032865701207,10.00822003125754,10.138864311082022,9.088110783135106,9.17408158078008,8.577100050462665,8.77940027179905,8.657885330452523,8.97142356149457,8.920402320419305,8.541868726552009,7.088317556172212,5.224173043777284,8.509656813150434,3.105509703817663,3.466317840280611,2.5090171090843056,7.047236247960872,2.1755097270788917,2.385215072811667,3.1597659117292602,3.2412074572865976,3.0365891452647427,2.9837510992943943,2.8585737098726125,3.089806074600819,3.20640159780589,-0.3513150189390694
9.514556937936907,9.688337684977608,10.571320973927254,10.793744191862412,10.637067565182374,10.684366568871638,11.627637263456183,11.200106787322504,9.636609998029202,9.843006925419408,9.292005963520259,9.309599639691186,8.429297498702024,8.219707874739429,8.797328992253306,9.752448947569071,5.968169930748206,3.891756693660602,5.358539859083009,4.581941261222349,8.251469739178155,4.772215241735305,3.2237458155610947,4.593223534107529,3.2298673615253093,2.6340636666792285,2.9758512019416163,2.5990573588595614,2.7633933495641276,2.4612407446610858,2.7283880017481956,2.6194205420231076,2.824379480036872,2.7737705338772303
9.586007248329055,9.536372376300829,10.33339014558207,10.748846185808732,11.613746922412723,11.92611054635752,12.007435380168547,12.25793749974729,11.729430714581294,11.668881397474406,10.812904067753704,10.497932738685009,9.513992034442996,7.547224356287576,8.13773563438702,6.920219527617101,4.148059117189793,4.132750782572636,8.857012010178074,4.475386141420707,6.917709725511486,7.999286224807138,6.978948830267542,4.644582276539483,2.679261059037845,3.0249194473299803,3.739227078045074,2.8463248269136967,3.265374982072622,2.5070237227594876,2.4122655505020427,2.6755338382096325,2.4975993050548824,2.5561283362757257
9.690083710245082,10.489423710725747,10.465354575289473,10.517990156367103,11.29734005014147,12.048039090686675,12.48445727845069,12.973459451624754,12.678298753016408,13.377414228526108,13.951024818143834,13.722441803691494,11.994335682473617,11.287002122397851,8.01008979274938,5.9123219072657855,4.675976375825162,4.4513894103037375,5.819793686161669,11.874520522152231,11.177457064494835,11.541562877499219,4.256174422457356,4.860109174346101,4.234088866310237,3.565059083734121,3.2762417711092167,2.67714100100034,2.3152334190818724,2.129476927839891,3.2360394422470673,2.904139787520987,2.953600729383724,2.896467041444809
9.7493145312011,10.189341665446799,10.682095354458523,11.13527114209388,11.513701124228204,11.535993187827962,12.704128674080936,13.103332521543445,14.319812463772198,13.443629843236216,14.151429253010072,15.575217918498709,13.958696589341372,14.074600449180172,7.407230677945662,5.587877907497167,2.5661540032729215,4.307042717427706,9.18123436467691,7.263211488993227,4.488536219769085,6.454214301532189,4.895425652568756,3.575930143747429,3.4576939410756897,3.9531121316177544,3.1343909578378883,2.9815453949803064,0.3948431590570342,3.246167745556018,3.6530817373730127,2.607999751116344,2.2037950672793603,2.5686570602048127
9.915988239801964,9.913429962880382,9.853449422686129,10.934303254096998,11.487100510470354,11.739627316671426,12.336052286441737,13.285406973507893,14.727373407164755,15.218454879271054,13.706188835966513,12.541457110884759,13.412943765799389,9.443534920465453,8.21667227740847,13.252530863223646,3.0193044184819504,4.093715062166507,10.047107818664262,7.460078763014808,5.675653136474229,5.107000554621192,4.475015152267451,3.842169183044529,4.928796865598914,3.905841615760643,3.9796438376236942,3.145749658028473,3.0723411394208684,2.030905449685496,3.9046371022242727,2.87645598978211,2.487310744938456,4.664287998335509
9.936358738387485,10.00606537315477,10.298659819393619,10.019896701391636,10.797054623761477,11.62210084695942,12.156991192117742,12.870338016121417,13.411983603047165,14.996533578205412,17.423878174397256,5.9824476256475005,6.414156181140095,15.430235850975444,6.632684481373554,6.166754611641732,5.45493410451857,7.425847232149249,8.6859613252932,7.11956601637622,7.0533874940086205,5.536461726138645,4.815723966649447,5.294405138769022,3.7910120260628473,3.1074585926823906,3.6186120076075245,4.035038822692143,3.6252092434032503,2.5049913706637312,3.5503903272194925,2.268211316442384,2.782238054424504,6.278295494727434
9.849486679124627,10.55662476598225,9.841747754293166,9.990104591130399,9.60916772918456,10.158630609652526,11.472994063328759,12.12901390379378,12.86680217014402,6.93403404599612,6.755606219266952,5.654447164088263,9.488403710850946,11.616455143591148,11.076775563291584,6.0460376861043725,8.826923934445032,8.64839549602444,5.7023246788802675,6.749935633993337,12.717007242745627,8.391685888990075,3.9611864039541635,3.83936835941115,4.2962627163862495,3.636042021310976,2.745286260498719,2.7709003334113897,3.478939208290927,4.127876184030173,3.7521931438472875,4.447101581444408,4.424376175931151,5.956605275394557
9.578627778154413,9.549566134855732,9.863473548217373,9.89337546185241,10.219706918613909,9.51695945479353,10.143404790909031,9.652958311933089,6.0901311737630515,4.060026711129658,4.359268095743421,4.035472477061471,15.340371482298888,13.574282893213367,7.661330001628364,12.182249397170924,8.249111696942723,8.00437176223928,7.52444373298259,7.214435793671401,6.288609463444354,5.213246372685988,5.312488362271342,3.865149106463368,3.4240425842768607,4.660310023296665,2.318814218028447,2.8624826590956807,2.8395094642768006,2.6469024520948508,3.8725844086343906,8.730256779256381,3.8739037035044386,3.848415063678858
9.079696248077433,8.92068988851995,8.790978764737236,9.383196345964025,9.560809014098258,9.808327309297162,9.449047662371168,6.295096615791109,8.675510005539739,-1.1116171897178897,14.34038032931631,5.6212305976821355,7.794212119630466,15.10830866484918,12.980476412780606,7.794409534889126,2.983047265593854,4.175500942699019,8.926482069363534,4.071257174571197,5.779562371836838,5.372459518216686,8.676129209783502,4.473860283630404,4.5447506035376,3.7686711983726657,2.167507092391262,2.573625401520078,2.6160601746003564,3.241120120601224,4.942109279611993,7.483613676098727,10.99019956876578,6.287457746762566
8.814666738536834,8.960191101456225,8.490232360599949,8.409229056508837,8.295744228265912,5.225762096772914,3.00336356475243,0.5855681814537996,-1.2633406247786663,3.9641627021668215,6.865406495704331,14.469291192940645,12.41526775577222,13.20857665771757,9.786449439795874,5.3897581521108355,4.666838869325657,10.648240881540165,5.28359742600643,8.061565631180455,5.412378371637076,5.356585167958885,3.5421030017112787,4.223593099255174,4.030695001261496,2.362889150769294,3.658885244281343,2.5245426973532017,2.3651991994291683,2.8037253301272265,6.576376269205142,8.437962430276873,9.352284815263653,8.990640893977046
9.100872878478128,8.681304720421554,8.359791983645263,7.624001319386263,5.167944172368139,3.2451596330295756,2.4883356688831335,2.0241615965618305,3.0763623670338522,9.396205612663321,11.946113519106802,11.532931196404236,18.437679123055965,12.43417352911767,9.365107633324026,9.311236143606482,9.004539214508789,5.280796545955624,5.548208482736951,5.610775222136321,4.158629658628888,4.240616885538153,5.108479546682849,3.6317779925747136,3.512280101516144,2.1790756377723595,2.324679868631856,3.032107962056792,2.671476420816932,2.6938146308968944,6.3730016548294754,6.885353565896065,10.576016665788671,9.603497732905943
8.889920490318385,9.0582374721241,8.588005973480737,7.486635340656985,5.556470228717804,5.979550515137795,7.198962269371484,0.5979097705833704,-0.8468556088851785,11.546903693356514,14.024662753500579,9.662735059137518,8.18022811522598,4.003695858097639,13.836224686909238,5.331339927784057,6.818137196671612,6.922550360110254,8.653644112493637,4.995620852782224,3.9340907473186264,5.3511260175831,3.713745835119889,4.449762488531255,1.622950449984772,1.3287856400625961,2.395186414023969,2.771610149431856,2.5814938955554143,0.12478256643595687,4.616507048016694,4.2050598666431,12.158793375045624,8.048155394672213
8.616061396275267,8.756078456571407,8.56007900629059,8.807369252316395,5.623187795716799,3.37431976232491,1.9903397869163315,10.208191647032336,4.901764242485038,8.486160950396563,6.48664521448137,9.268245368779308,14.950631543008436,5.501842975764751,4.433697286643523,10.425206776471938,3.515799872059636,5.43605393299869,3.8570905272098113,4.4478643185808675,4.206068554897542,4.372258851962056,5.714166351967386,4.791944950216909,2.560671991071533,1.9322335089773393,3.2420620891347323,2.756310077021085,1.469563254854761,1.5731602532801015,3.146830900201161,5.23273097426241,11.378764215540386,12.775441039477013
8.271534882488591,7.785206431036156,8.166447836159747,8.550523247551272,4.298158232447591,3.4686083148686877,5.932766002291549,-0.1122295502016195,2.1263440278935857,6.274362013132244,9.883577140912006,14.833877030438304,12.502618343077971,12.092590545013326,5.658645511105085,6.677360901794753,4.765463048380628,4.400565792104848,3.878460241950226,4.044656323980548,4.619888315508369,6.211875812548767,3.9253058564775625,3.706255978021253,3.204941883012044,1.4816904445516061,4.024458121278121,2.8471322649223523,2.5916468040955993,1.85755919592435,4.661663144394376,6.28531143704559,9.000352162968634,12.60025553778898
7.244425272055186,8.184844402518511,7.886964529452299,7.952318335365076,3.5976005723976265,3.421225600743064,9.692866734296096,5.082936610069652,-1.073298257745357,5.1346317251623725,10.000591321833921,18.709850097910746,3.234086595580082,5.354288388047003,5.337068329281119,4.65125354327067,4.637741534285947,2.9728003656109117,4.9429103058201465,3.846288616800084,4.76105208795018,6.592751825766017,4.362383674726184,4.019299194652817,3.244034252073174,1.004008656945533,1.3685072371225593,2.641910228777519,3.857810743780384,2.9198051647370424,1.2069566536652168,6.722541838370715,9.741567926427885,12.744100288671873
6.889955757524224,7.416204986335281,7.542098023926803,7.273405029422512,3.8596796069582386,3.7932907578483976,6.318767817705643,2.687944526126035,12.11972957289196,11.280478474000976,10.116958632190249,11.98709907448366,2.3267130975016257,7.79165533276104,5.045743229085499,4.261567857365693,9.207801260146496,4.6827114776874,4.173062139947104,4.577295795025194,4.14738116898935,3.601184109398344,3.744239240266845,4.29679986502399,1.7258679266219619,2.212838216664163,0.2190712540836063,3.528412666318839,2.814537481232512,4.121595063143198,0.8025854991650411,4.644454126418974,7.756133660574116,6.169711758737926
8.859637900663799,7.243531305339135,7.505572818368103,7.063007625847656,4.263561873874797,2.4370820504779274,8.397191016955711,3.2438003094718075,5.7450839618131475,13.087889907402497,10.301248386922888,9.82856225326309,6.515084102269801,5.211788051150295,4.168978179897649,3.4827704307851457,3.6629036187394313,4.543112591875494,4.898190505440863,5.155718937579023,3.7949902812818954,4.961500551754285,4.640153911059634,4.35469306444263,3.544926245043603,0.5514773248851659,4.048128453125976,3.2016972416578895,0.6923382087773872,1.877032979979006,2.696110401382311,3.3111571882961566,4.3839792235662705,14.100153957454808
8.26466146609761,8.134266063969195,7.589404925030118,7.457515489667797,3.248592614289476,3.1725325888823837,0.5175831784261093,12.127979802560525,10.419996586088413,9.891339088898064,10.855481744959839,15.346824962604035,5.947044434207699,17.39062270917204,4.573891109231503,3.9395119058876773,4.833175762549866,3.266099106703808,3.3761729352658523,3.857556394096375,3.238065463929449,4.328290821850195,4.333407788618789,4.673136856708374,4.577337441885983,3.9013409808114026,4.47287999038991,0.7643747556578481,-0.7495147942012418,-0.13130364228499253,3.247903618974795,2.725994693876738,5.425773803081444,3.841086550208191
8.134723223340366,7.730479596174868,8.23611904593454,6.494105508141874,7.251909624802925,3.535819023656508,1.4068050447720484,3.533671947890073,12.40561214779613,8.683011369000116,9.558710357560765,12.83526075360253,9.047782178856547,4.163492268471223,2.1091195400743956,3.296291814756987,4.276157253709166,2.959638955726554,3.343582671575141,3.8265963631196502,3.0780088695968013,4.024811165719518,4.202060903419954,3.8928081251608355,4.3828417450676955,4.666703033186037,4.208052703132935,2.1738847032998545,-0.3601229466210582,0.3800632963596098,5.953296489936879,4.5103311943332125,8.502490020841037,5.366387384476692
9.370706565768549,8.541373202193194,7.54929161814759,8.085975189410291,7.718292206167062,5.617890894174458,4.325244678394828,2.4985406126754595,11.365578290792705,7.063218670798355,13.11343594643947,12.652895210285738,3.4507678170501452,2.157892168627663,4.946515679964278,4.01561910485137,3.69713364620344,2.998662380919783,3.6651540780087775,3.4824334704415305,3.787809199014255,3.7770647459424613,4.271560813768103,4.176466646954259,4.514641454553989,4.3663360496318395,4.132302510632397,5.205437473215712,0.5025256080249001,3.8415610937861695,3.2279072548985157,7.855319433965118,4.554301244541698,6.127281507847823
9.476426425919634,9.14541835955517,8.900591380376357,8.242257044866294,7.246107700180853,3.2875145688675587,3.3014303006966172,4.462654709697187,16.191953572285964,9.626930032701688,4.746741551384195,7.016861816066386,2.165114321950126,5.242587311213222,3.311662278346695,7.73572978455006,4.343049501608481,3.588167451204955,3.850011282594339,5.69275024880874,3.9898863862777327,4.366675226104857,4.283698714588009,3.966582626824438,4.984558851998839,5.758387179597827,6.374520581202497,8.176182170488756,5.948859313342541,-1.0680731283323548,-0.8439527511747884,11.11558278670446,7.968125536573928,2.8526522494389575
9.387618558589756,9.543394880608416,9.333025177354722,9.254683579577772,8.323584150650307,6.066747261697486,2.6412715645121434,6.438613408961365,11.780599062090433,5.587303216762695,5.970636208272936,4.737898942911157,4.335635873693118,4.583688588753844,3.191094047934018,7.6390888226357285,4.383108961332688,4.185971813574003,4.005828676630916,3.9631559508639613,4.3851581726766025,6.956939009881258,6.093493257104716,3.864910541900238,7.01902370072177,6.190694357001121,10.082204072432875,6.4282585339205145,5.301706177359008,5.623903880889853,6.397498991666555,5.499996695873499,10.530318353091227,7.657701104932509
9.175289565335365,9.2449788552864,9.270931002073283,9.469088422027383,9.151496405858254,8.182108129401744,4.407933131181381,8.906126246456592,9.510660271236539,5.900567518029768,6.498338011121841,3.13442957981514,4.576927735582265,3.790122113007401,6.220135450040496,7.8942039589082045,7.631363513281757,4.945678677576583,4.548924651127076,4.6750515852988626,9.41995377251259,8.346302467443373,6.0929322439851425,5.952480253880801,5.845721478493426,6.021430039267006,6.8556347556099775,6.3290319318337405,5.771702085240162,6.2818736173138285,6.429666377741172,9.780163842759082,6.711415907099557,8.073783316349237
