script/wind150m.json
{"header": {"parameterCategory": 2, "parameterNumber": 2, "lo1": 6.000198445256149, "la1": 58.999992894266676, "dx": 0.5, "dy": 0.25, "nx": 22, "ny": 24, "refTime": "2024-04-28T11:00:00.000Z"}, "data":
[rows 0 to 23 of 24, columns 0 to 21 of 22]
-1.8590982262170106,-12.519620490862552,0.9519951794443592,-1.6858823326870118,-5.463345336822283,-7.757862649141305,-4.645892627535843,-9.116395478192747,-4.239587542133182,-12.675805404050742,-2.384406737077549,-7.766918265561745,-18.89103014409706,-7.95737352714823,-6.861070810012755,-5.103999154951584,-5.907283836559519,-19.425402410163866,-3.7092654068770647,-8.164677673480572,-10.19067826314129,-7.986561766480084
-5.967070396777447,0.4926390464019967,-21.763591066484324,-4.23159060098244,1.2391532939615866,0.4401486986505282,-5.406085218560928,-7.680323534273996,-4.729124260305942,-4.855016932646299,-9.801259297188547,1.206105223282795,0.7211205848346133,2.0374433054406516,-10.360530608870809,2.671513958398875,-10.67337212051118,-8.534163700791254,-5.798742660154009,-11.00858022425506,-5.2676237383187825,-4.344629209414622
-8.661063696010473,-7.729301361074719,-4.962530938935764,-5.090997868880823,-6.973791960117766,-5.555636323056762,-4.320339945147255,-1.6190402939829502,-15.413548779558356,-10.496085583610299,-7.420794391462916,1.272952536545857,-5.210950193767774,-8.199499110540229,-2.5448631779709303,-2.236519048894788,-7.196830541128161,-8.467478187648902,-9.59900560481708,-11.311956739542312,-6.401104968601901,-4.497928752279804
-5.866036645957556,-7.813830328942678,-10.403202398550095,-7.902944942513731,-6.8644892043973815,-5.308072910436347,-6.146848555641545,-6.444594810524487,-4.9949215038801915,-5.02826671610003,-5.312009495030891,-5.178187758327629,-6.00994168976043,-6.994891996460587,-8.015369500346178,-8.084716628042148,-5.058897192213776,-9.211866425188424,-6.19510598958234,-10.332201852315182,-10.00242014265343,-7.634654037400709
-6.831814058355113,-5.055902368523576,-6.927440106893806,-4.170203116628352,-5.842497481221847,-9.472136723491385,-9.64005559408355,-4.660242377443185,-10.53810960601492,-12.058371693377298,-8.622511572590625,-9.352048636588226,-3.9425662756574025,-6.089428032031317,-8.676649880702394,-4.916083901510106,-7.333884827508478,0.02628899274283205,-8.421186067202035,-3.592130594763598,2.5174205019825644,-9.095564644949034
-7.4459837533806725,-8.16029680518439,-5.327125161516579,-5.372197512079986,-0.0856577948612822,2.476584407460226,-5.887040381064413,-5.733287876939976,-5.4374648226896145,-6.727018881130839,-3.5851293916097107,-8.335093885055862,-6.96223476253366,-8.974649472890771,-3.8103888017652725,-6.0725789036047875,-9.817522717002698,-17.101003091720454,-4.702064532109529,-5.139675503929648,-5.452405340000299,-9.96840448357475
-6.356677900097187,-2.7824715047603554,-9.440860419500478,-2.835731656703953,-6.909411813595809,-3.754517284880508,1.8401828528937898,0.40283797401405463,-6.839781529232879,-8.996454183269305,-5.352557309053474,-4.257180333072832,-14.872903630378598,-7.030292013250637,-12.358416578119774,-3.9697910684000006,-7.151931299665042,0.5729496315726644,-6.044137139276445,-14.951146287529005,-4.577352084139137,-7.510088927809229
-7.91292776574152,-4.719954063125953,-9.571002612546243,-5.124880429932356,-4.982949321488969,-10.378711619866198,-4.318547917247113,-9.286283459170178,-6.500986758226115,-6.689816558480923,-10.412548734998955,-2.094479105134761,-3.8601023701777217,-9.439813856105928,-13.009617253060531,-5.527821891023771,-10.048328451431427,-7.383137558770102,-6.013072919223652,-3.8323034942768195,0.3540866421733841,-8.474782987402092
-3.701451948450702,-5.673570895862109,-8.948927498387528,-4.583301788708379,-8.88926417650159,3.6211505768117056,-21.992346246218307,-7.254707459372549,0.8827778169680115,2.771867280244988,-6.174023926905436,-13.79157595092801,-5.597550815176975,-7.141574172806112,-7.2967168071246515,-12.469467684521296,-3.9579592873115406,-6.523923176489253,-17.92991353238626,-1.7488158773995717,-4.115229988659881,-8.66866876301263
-8.279177817528428,-4.870186584657513,-6.142824624281108,-8.070098817160607,-2.916360752597125,-11.019177711004934,-7.329337853839121,-5.311032764681506,-10.300595341774539,-6.460971068589535,-7.76324494559016,-4.9056810397582025,-2.017218461393627,-7.537286715533572,1.4994784641346666,-4.418956881520464,-9.301640571741164,-11.985863088596929,-10.096011279941855,-7.657539530615943,-6.5720520695349345,1.1498237453956661
-5.2447212746292164,-7.52069375907029,-7.83390496484335,-20.704849415977055,-6.593883483925109,-10.193935922705576,-5.008640952432536,-7.312821162591185,0.46215915285276726,-5.517216705133854,-11.846689310098665,-16.71436122080697,-11.360707423827655,3.2087395865155615,-21.32186622868422,-10.546498408679614,0.3117801727325187,-10.664791067700646,-7.389781966174162,-6.716920667390786,-6.6872929796376335,-8.404096897541569
0.3055431738324699,-8.10661659718564,-5.4464395710984075,-5.039404506394468,-4.9653133647435705,-6.113436292279865,-3.982512791383335,-10.062779726365086,-2.367135497328771,-10.140863830029303,-2.7831371187673213,-7.704670188761577,-5.8148241785835975,-1.7392474469399661,-6.710578172401178,-2.681231924186731,-7.575316290098307,-6.53525701446027,0.1955961929292405,-11.147201169822543,0.9564195616732575,0.6043023777246505
-10.6554839022106,-4.838000945932181,3.2022304239898407,-14.075894262326335,-6.552915761887839,-7.712537479029085,-13.764093392690649,-8.462665396687763,-8.758289468005362,-13.68201943112192,-6.56185589172472,-10.02000440922876,-2.3747248173323348,-7.457299351812796,-7.307497101325307,-2.9787964839457146,-6.514787876085816,-20.29342495281279,-5.828337396895711,-10.133836003451265,-5.38950329738907,-4.578245804606126
-5.886090227462024,-4.902286403495334,-18.93952907418065,-9.040155762723439,-2.0613835567087326,-3.4208415594677977,2.5445213930227486,-8.052653107084339,-7.800749814987415,-18.156700864105776,-1.106715963161926,-5.200446186080411,-0.48825711108299075,-8.026320269808958,-8.547867271633006,-4.295948401909068,-11.683404529628918,-7.0655795430271375,0.10787552620460794,-9.941484727630236,2.502457398541841,-10.004869881334228
-7.299076517845806,-6.578254079794778,2.088552273367537,-8.658386879693783,-9.105839589505342,2.7929481187883907,-9.510419362456052,-6.511449735170602,-4.420843751723632,-8.678058108484205,-5.627974349625051,-21.12740327314664,-0.10691694157579759,-6.648044091890056,-4.887909379231081,-5.038902029450534,-3.015497870847992,-5.154846779485062,-2.7383919829052323,-14.227357370035406,-13.878454845618833,-5.373164879148649
-9.906555123275943,2.971024891299409,-4.431302813209655,-10.323661431094632,-10.51401142025547,-8.27630367781563,-9.978812828738421,-16.258931362175673,-4.391753866515903,-3.9499494659808705,-0.6306025253423797,-9.43396454903326,-10.277019574235904,-6.64130547603008,-6.078822984750837,-6.318025019352475,-5.314478699484885,-8.393737886036224,-5.103885970796565,-1.1548102084992549,-2.7012695499988117,-4.763863416711328
2.3391025868511357,-6.261962105834621,3.7211368920385386,-11.69709132188697,-1.380686550439518,-2.5803353151815522,-7.66879194159923,-7.373461444547275,-5.307101649230994,-9.195980084634103,-5.109451473962593,1.2375235469824162,-4.868790917435786,-5.58130782909748,-5.672099726917573,-3.1492287417594524,-5.594458380182607,-10.175291721333501,-3.3329876239398475,-15.379861135700683,-5.948029774355175,-3.886853132182672
0.9860499169047203,-10.807724191637401,-7.765294910128718,-4.73236592968072,-8.928042177461311,-9.35712918174307,-7.798414637015349,-8.61324312763617,-10.992873397498018,-11.581912772917056,-6.570109631219469,-6.309311106094209,-11.551931447116754,-2.377804160318491,-5.7814023615466725,-4.048916151225757,-10.007882872859446,-9.272165208076018,-7.3856176801780276,-4.837239615536231,4.1714078793018015,-14.51164925442661
-5.598434333523586,-3.628028504289136,-6.684224746183093,-9.641252163879516,-0.9238528027342312,-1.9154278166213838,-4.011584326744965,-5.853588931362919,-5.262752332800921,-9.74724039827882,-9.66194861824589,-5.242991755781884,-4.877068812384343,-15.202966787233176,-5.017714062582637,-7.487491782536798,-12.31253157060835,-9.222698256704618,-12.456943592407685,-4.3349078227693765,-4.600293989058989,0.5255019129515107
-3.722840507882989,-6.562283350094818,-7.309341412263498,-2.056081953111271,-3.555045004509669,-11.25454052387558,-7.312066841693451,-5.1736633228212145,-7.824970164821885,-6.2083018460817065,-5.08876611106902,-7.1769344419010075,-11.47541476513803,-8.500205236208183,-0.5701184612152804,-5.468340704856749,-9.2965998852951,-12.067347246123811,-4.2467604744649385,2.6154451206671645,-5.061909032869502,-9.614520940804082
-8.09747696340247,-7.915855023698385,2.9824118871646292,-5.5440497559474125,-2.677159255157279,-11.61259278993729,-4.822727851950564,-11.654453006120375,2.2207841741569685,-12.542038999596606,-3.8449833390224053,-10.956772453394464,-6.896802549577664,-9.578139597591253,-4.373486554138505,-22.352171749370374,-9.636043657791038,-8.383378785369615,-6.633302673035525,-2.814473052166345,-5.717456634522828,-7.115108735859986
-7.614956035028123,-8.545673682765292,-7.526435842642682,-6.684918933701156,-9.534263721991627,-5.21220727410077,-5.937213729822531,-7.5468815440534955,-9.495941949010557,-21.626216199651733,-7.9341244631863574,-9.723656066431573,-2.0696978833653605,-5.1311600244938385,-11.513291700671955,1.042743243234718,-5.215362822396599,-14.740094773592695,-1.7701327729628693,-10.071906970546172,-13.189102977423996,-5.579501594875486
-10.14220215031144,-5.294507868089274,-11.247707461937638,-9.502180372981316,-14.44711556745377,-11.850147495902807,-1.7632802085869164,-1.439026468083627,-8.735408694157806,-7.794897463046965,-2.9561340787087373,-5.580045685621445,-12.219981570939261,-3.036938692392811,-11.198812441371716,-4.250982077024556,2.6237256377150167,-8.068908943529811,-15.170898777481888,-12.245963972640007,-7.9200722957810905,-13.198583490481925
-1.7665686759500228,-8.817480246889318,-2.725526710262858,-7.997798293724572,-10.552338415409269,-8.479728561418476,-8.054162850792338,-15.41166315870091,-4.918363904796984,-10.021723181059823,-6.64312760410737,-2.0532865344933597,-8.929152447001904,-11.897646028857595,-9.826756770725565,-7.09129711817525,-4.350294594991262,-11.946050971786152,0.40252809910101583,-5.16053881386961,1.2296513523122685,-0.02268464595715519
