script/wind50m.json
{"header": {"parameterCategory": 2, "parameterNumber": 2, "lo1": 3.000054539987559, "la1": 64.9999836372058, "dx": 0.5, "dy": 0.25, "nx": 34, "ny": 52, "refTime": "2026-07-07T10:00:00.000Z"}, "data":
[rows 0 to 24 of 52, columns 0 to 33 of 34]
4.216261526509674,2.11164748641692,2.169403313804376,2.312052285700103,2.6839902478721,2.9632566422387714,3.2509926349638896,3.61237020395851,4.120370073666124,4.748057067985612,5.187574561079584,5.895010071071759,6.677980813590399,7.4029308810478245,7.6689976588863615,8.178785522961242,8.302838182081041,10.710767751613274,6.3148321561414775,6.387215837157687,8.765270989167046,8.131108259303213,7.58858222404657,7.587698267201108,7.856672765642431,5.159116630949294,3.8456720674286666,4.6279202778637,4.4143572259071675,4.716140383703913,4.445518116878904,4.498737404893042,4.008435733715155,1.5436423501384986
4.3891590704476116,5.08549477493299,5.256297213419862,3.76973072310014,2.9623776516830236,3.2545946530307,3.6232646941568025,4.213059439328253,4.609063239247821,9.311581132505975,9.743898944855166,10.170962402384385,10.575034220487202,10.88363220384426,11.270887861161468,11.572770796805601,11.771304764275802,9.488013685495943,6.5879038493557145,11.562217611385561,5.891856641052353,8.09347599202705,5.363439800344577,9.392382050342666,7.112146403283389,6.115062741612195,3.233156088181382,3.7105339670844155,4.2988873336784925,5.3806254195455905,4.278646371934445,4.3629973621496045,3.692818714423535,3.490186718085512
3.1230167262532054,3.275959575116935,3.5919186320972063,4.559952160135983,5.50553165110536,6.407340366156493,6.736831566056737,7.422767834567911,7.838578388286107,8.137359437543953,8.398645841378505,9.018133507323414,9.385061897699547,9.727033466884587,9.720079618758694,9.656506083283144,8.531953735867159,4.500818430168672,6.312506721142715,5.735266400750951,8.207586401726592,7.465377572039799,5.862623217712313,7.582258738460135,6.351927333277764,4.041084872859648,3.8979437669554646,4.249934391111726,4.575260228696407,4.478530171390369,4.465298010033697,3.792318631952322,3.1007625115814026,2.694683949134115
2.1304504760944445,2.7720243545726175,2.871143153837839,2.9649241580487375,3.4858355819130638,4.246530071588214,4.756080398389365,5.418409329641487,6.152319234135073,6.822569461858906,7.512749646542797,7.8715066851196,8.182192598533039,8.32295957486604,7.887400014451769,7.854079841127631,6.503510869309303,3.9194423297662753,6.471056566880887,4.356496097678812,5.2186916335971985,8.374671197272663,6.46386455622914,6.247797753370473,5.276282105925752,5.213188028266355,6.9997417336514065,4.04154586148035,4.1530798185819835,4.239897123079727,4.461284240998041,4.450143307575737,2.7409263716595436,2.9320743482389413
0.7366737532251221,0.6117676702127387,0.899696365295946,1.077500097687904,1.5564949644623653,2.595345874029671,3.297818757707346,4.070975798598368,4.730333636378524,5.407329260079522,6.256916335418277,6.826716897231061,7.428925117569894,7.357727358755636,5.34420237612399,5.758940726044236,8.38192921140149,5.201870136970089,5.681537847651942,10.05553871560199,5.973332801056731,9.928097807431767,3.531536160058077,5.97531189219682,4.176714659429136,3.1249981493253305,4.549658995139754,4.0790058250216825,4.576492748058197,4.571673561329707,4.4416064089942635,3.419893687831997,3.703483335554069,3.1085253051675665
-0.9585597701149559,-1.2222303732443784,-0.5998573020667239,-0.15733223235514232,0.07360240625812726,0.7745555463247861,1.6567373128598197,2.6588171467784405,3.643718758857058,4.553061234362476,5.2690323422668675,5.963770579488115,6.021502912913295,6.094206694526478,3.346402177752671,4.926194150318905,3.074626471367888,4.484092221282596,7.870634462458121,6.787809134250738,5.330104354683942,7.335630726120833,5.53095640672332,3.951813836298165,5.411084343484917,4.575770690012645,4.627774431046277,4.5273259350521595,4.128439772713491,3.9689014819349406,3.6557600305928046,2.6489586166585712,3.161125621755725,1.6516773058163634
-1.7604901621046445,-2.3245063516389264,-2.2528511222090786,-1.7696117550767578,-0.847535329689079,0.4271443325214279,1.8548344470994624,3.388061491742105,4.167268034802695,4.512169245633377,5.203273323124578,5.604402847501659,5.438224979264434,5.714197400687023,5.179051872917948,7.338984764875902,4.313777961461576,5.5021209881432025,8.072104461319173,6.856882892038275,5.810202930564462,6.280754619347984,5.100264832760208,5.923404130387148,4.245450708266438,4.944498095403185,5.111273034442832,4.4644088940107425,4.055946528752546,4.161030662661042,3.508179678830741,3.3618562638967635,2.8579131109927953,0.9027041853412824
-2.7090192716346038,-3.2765064756421447,-3.8278312433172967,-1.377144240908497,0.8280564766316535,2.1007122038731345,2.334833326625359,3.140334480852592,3.4507225530831067,3.6341561362893566,5.072049523628003,3.9901567506354727,3.6731257025538278,6.320300917556415,3.635461489981965,4.309400615804721,4.3419173021450925,6.034149025655897,7.299013905362864,7.103741810295203,6.579451975623365,5.731496726466806,6.029626053155234,5.118997526035832,4.758558309845791,4.500604832250584,5.126195668331809,4.740213877408377,4.322448604951382,3.5025649829164727,3.079168604665454,3.20457397064251,2.9350696625875745,-1.323891141664081
-2.927414526441673,-2.9649485151407955,-2.230002642530008,0.6814752516181789,1.732170716241571,2.5629232084176903,3.298785488089378,3.3142140598880974,2.583384496058925,3.5805244021603158,1.9458225372598292,3.217840230422578,4.071234769199547,4.561383121794705,4.427625601007152,3.0119723408963024,4.99893386763861,5.275337734506316,3.5762689419461915,5.755075902721736,6.836011406694199,4.979344864296169,3.3946751966710553,3.978098552688665,5.328745630619412,4.345133743639505,4.0856257544633054,3.8243290431675367,3.6275277518795184,4.751662507100938,4.114258843116805,3.641132392766332,4.5841613822090945,6.0361457160686145
-3.0667351167928354,-3.0180189767111067,-0.6793051655579632,0.13520069404532187,2.0461105730794698,2.201782798133073,2.484867624994205,3.008744697264039,3.538026902073677,2.3574977672910826,2.7336722867474683,-1.2776834351375683,5.591399816082489,4.149833904404076,2.7074593124921296,3.4085963166505624,3.7358425190584352,5.2846394785359845,4.5772346032939994,5.6709752865503615,3.5783088410963835,3.346143703046274,2.9680206884546863,1.9722451337766385,4.064052085482143,4.375367812163135,4.09631094620475,4.676726737318306,4.512446263404447,3.774269300017908,3.0321358775178577,4.916063704372679,4.209168798495226,4.917897804773207
-2.4920303252378413,-2.2774511417292134,-0.8873550039201541,-0.46740212133160697,0.8320861588107675,1.2388860616881954,2.710398438704951,1.2744922067917224,0.8906899184473782,-0.1762493099592645,3.591181428026855,1.2677964948210276,2.4250329824086694,3.7497677501818214,3.768739807974663,4.635129573173971,2.298294952501799,2.9499606361072885,4.51253178947041,1.6491974447015483,2.167513456043295,2.4674925263616805,2.8585379313119104,2.0536109631103927,2.4942390665528937,3.004649408323219,4.287140049057894,4.13906907617962,3.54585222807127,4.4095831391104,3.795671147852381,3.7114471838976972,4.852339421516361,3.7946149407052188
-1.4723891767830775,-1.9106175981951308,-2.1015447926703343,-0.1726250491316259,0.9903439663359753,1.792107288357934,-1.4826781635308095,3.4698351732733723,0.4643761407685261,1.496961777046082,2.007163122365816,2.1044150021158137,1.4816213298206213,0.5530726298860261,1.1345943273271955,1.9989790876070996,2.1529197004239053,1.4097048550198872,2.531397535531154,3.3799918585681743,2.6695008399051074,2.627330850002771,1.6520009576308312,1.55768333071962,0.9363398651998381,1.9241413237044547,3.016554268284956,3.2027194118319384,3.413667525842819,2.8157591052656854,4.047423263723927,4.765436409993638,4.54293476967032,3.8164508652530342
-1.2916131577016314,-1.9011804497038192,-3.3752196544444177,-0.7823630892894837,2.2622744462143998,1.4740604944806872,-0.9502289055010341,0.2150386047108639,2.166154044614674,2.0669059958029328,2.3580790104826446,0.6779617468020469,4.125802293678399,-1.0563926146470317,-1.2850494026316814,0.4424317604136205,1.2317100215749468,0.9523646997196793,0.4889877503530031,0.9188525619883866,2.6056699935767265,1.8790141279677377,2.3516883979407983,1.959090140236991,1.2452482342790967,2.282587924758995,2.7318042027874205,2.6747520719837676,3.036724892890077,2.940716072478627,1.6446434530259253,3.7398351951961537,4.136925265625026,3.6184977412668258
0.6013825099797482,-0.18187610601740728,-3.186465897506695,-3.2778820983271895,3.4142629376525435,1.0984761440597106,1.4237277662540242,1.027793332340127,1.3787071059376694,1.466824030498578,0.7754350773153591,1.1272801163088029,1.7013096367279332,2.471645709545643,-1.911919704049735,1.8918907466125428,0.6223122366254371,2.7241914130333855,1.3240493850745312,3.729570884057155,3.5671782396871192,1.759545882722876,1.530191760089571,1.7917796344425343,1.161392536334312,1.747402956114514,2.578933772856646,1.9902946169769422,2.9928592159634784,-0.1311976249041251,4.4141499107930064,4.3147163927699195,3.876517540518825,3.656996952220706
0.7586511778245456,1.0366022196641622,1.5317691252592498,-1.449714326267113,-1.1214559614143145,2.8628260658998075,1.4223028729830842,2.0391636584782518,1.951299413904634,1.9516395799232729,3.6676761459117473,2.760576470841553,0.49864678250452654,-1.005718039950104,0.9194198259543717,-3.208940810317128,1.1357231643432175,0.24705476892489753,0.6654503245496524,1.574288455789841,1.3351405595295074,3.594671470759803,1.6055173041196669,1.3179963204701333,1.061946547038968,1.9022760773817808,2.183681047696145,3.598108530859885,2.290487665556802,1.3043040757935502,2.867767239483009,3.963744502499535,4.043883245877839,3.7792393775398607
2.039762320748814,0.5671261445029622,0.9168381817752546,-1.162963172423476,-0.3785216881701191,0.3599208926034154,0.4109942439527778,-1.3438458021273119,0.6711439284738863,2.842277976024883,5.145506784199073,1.2741802982689072,-1.4042292663288067,-0.32509783482751237,3.1477647984832093,-3.9383558262679945,-1.0348606463423213,0.6778979062067733,0.4892318197423727,0.1188926849445508,-0.009401550500132411,3.913355161400618,-0.16695725397492403,0.055265845984991915,-0.05887456146442459,0.999829353953949,1.9945801503463572,2.2833676538440963,1.8605192100907377,-0.3725607012390903,1.7655074891328024,4.378873882255447,3.8359315001221916,4.411944676662187
4.201130003623439,3.9236823677603665,3.670225436364162,-0.0921201408958133,-1.9165526530905161,1.4674521848780406,2.1500918048565065,0.5841293919541005,-1.5930372675740856,0.06423449283606038,6.054098686802168,3.1434374981923985,0.29724421073382595,1.080851815796399,0.40348722829917044,5.273592933955118,-3.6617530378426038,0.7167957418180859,-3.497926378453465,-0.7325137509706177,-1.2005777797944273,3.3077292338325335,1.461831917218166,0.09022705732924945,0.028592386529660865,0.7166600596997558,1.6729321893553184,2.2369015536422823,2.324033736075161,-0.9290218005821096,1.8210510508897992,3.7126442343393657,3.910429345930325,4.194118411865383
5.499227212029972,6.017273012971996,5.89806547688006,5.6746683866091665,-4.073483747043369,0.6801112125415248,2.756780322317652,1.759506681985781,3.3886631470881685,5.276705847619033,3.584640357004107,3.017136427203356,-0.5337798983487465,0.6136316652105859,0.7019845546441124,1.1742995655132809,-1.8347326292044437,-3.2196435570896274,-3.482425031347756,-3.535666226148355,-3.378254666242002,1.4030686600520563,-0.8729213737140473,-1.1259500335681978,0.8804911243094408,1.3107251395990835,2.732781487397401,1.928777192169181,2.349351965936911,-1.4433621702596395,2.1603316019670484,3.674412678961379,3.8691119896484016,4.365468553048185
7.169576569980624,6.8323636058088795,7.1480951898141445,7.711611510981449,-0.28327887694387344,-1.7951687565067183,3.7737850342012367,1.754748036346869,3.836882834998978,5.5051429988604275,4.3521577086090115,3.0353445823846177,0.10460787003480843,-0.7102110509172428,1.8829559347824267,0.4401552766603556,1.5261615803887674,-1.7652654636959262,-2.5157515654421454,-2.8829006686069323,-0.6515060671502145,-2.261182244432246,-1.7507329786773569,-1.107820019809509,0.10327867185558112,0.6735726236965257,1.6932303653194467,2.198403781490269,2.3628288212824033,1.651525583966731,0.9989753793930018,3.169899247771234,4.437920418158298,4.922041386033247
6.675123356234614,6.739178210771957,6.706805456492823,5.847823599070062,2.679707247844568,2.602499195132976,-0.9301994296467557,6.238193956676504,5.359552711247735,4.882009991026251,5.601461487666528,6.996862045885637,3.9434106864264877,0.8377207221668124,-0.8946621643936948,2.061295158876403,0.460082181435741,-0.1693363360100029,-1.220950889522557,-2.462113976485445,-0.9221278161749681,-0.7215475907562509,-1.8758760009208668,-1.4611533686095552,0.13053706302025328,-0.1300400414877708,1.0085629565099867,1.7164952472956299,1.1643511271729232,3.2759164889439285,2.3891819241582644,1.1337389050057018,2.3244915938304556,3.8490377408606484
7.752021522462021,6.83080070561544,6.7731587269012,5.01605844666371,2.3726290426365155,2.6329832712760104,0.7921917066822859,0.6086643289165121,4.222778130735136,4.327113130944133,4.55610817177794,7.477323339414374,3.6131055573849262,-0.29639985293673693,2.0294869058082265,0.6345238636723166,-1.4762184811602217,1.6116088341447976,-0.758797328208564,-1.1972545256437042,-1.9099355645010636,-1.6437293462685116,-1.3003945279488511,-1.3396873711360666,-0.7569664507750987,-1.026073698489082,0.5303804291324532,1.5341483079145724,2.057695261967407,2.2327534220748424,3.9137027594487175,3.226367014752393,-2.411716582875067,1.3104721366108476
8.723871075948793,8.488056607965568,8.315009133466583,6.381734394746198,5.005613642313881,3.1643935959179563,3.7553727358967715,4.129703744908305,5.791245908555005,3.9767789274148195,3.5403766400610808,8.182566395749735,2.624238117278924,6.16386541217385,2.424672588808774,0.5802326340584064,0.33464872800142215,1.3392650584852224,9.510949795016744,-2.449084956688402,-2.80370333104361,-1.534563918049719,-2.031715677120737,-1.2140394901950087,-1.0767838522951083,-1.0356714163900107,-0.2099184219780071,0.7306004204853052,1.9294368838792202,2.624087390834677,3.5493330788066557,3.4240428360815405,4.269342378434791,-1.4649759283967494
8.072233283404032,7.686844775155166,7.89053060878539,7.777637939219496,8.324512126991337,3.1837345709773897,3.315617416536338,4.008048423886183,8.684750852947529,8.317780221878234,4.9101538789409735,5.228684926233731,3.450786696178648,1.6653041874651604,2.4022171178065586,3.227428975187571,3.0594663970446265,-0.5602053213346638,-0.8092593648637983,-4.378727664094314,-3.9850587435229228,-2.2486593521753417,-0.4484236708465668,-0.33644918419257314,-2.1792912870616776,-1.1795570018641834,-1.4590597384984725,-0.8837627296309786,1.2221790136372517,1.9702989418510528,2.882853766303294,3.4805335996523543,5.3321520459211245,5.5380325986429835
8.492439733885803,7.9348613679377245,7.7196475251571925,7.7011685871409545,7.64711254023453,6.336688332927495,2.472280977683494,4.998237638048863,9.735629733667928,5.9435313531169,5.406724186760915,1.7007815105586477,4.1286896271280344,3.1506023147092415,2.984050838616755,0.5720056059271531,3.398211340762799,4.211556302762382,-0.4221753666546235,-4.188345392601586,-5.284376590415468,-2.458105388778006,3.3174663517712384,-1.380052228459285,-0.640856480281319,-2.59264727960572,1.7281683370382657,-1.2682793162706394,0.12744846689911943,-0.19614216939066498,2.9454410954591252,2.5000333801837087,3.4597179941261467,3.793464129450572
8.193052623289447,7.968824128518278,7.828558622400918,7.168856363357826,6.9983773089500065,6.433558706937912,4.296299434051761,9.168855356033015,9.692555711223124,5.405022796788215,4.590373569081535,2.4085514884488295,3.657406256895241,2.1683862756191385,2.531200830074431,2.3484653560961686,6.426791933300563,5.0599770810647655,6.322459591152133,-4.108633050226254,-2.1348264761962534,-3.253468788249994,0.428921860221478,-1.3632229310589596,0.9070647112302813,-0.2727387523747928,0.3660082263340788,-0.7791759645464942,0.27615149440608205,1.0250632231687344,-1.111411688607126,1.6033392853566653,2.4569080044535982,3.8649440892071065
