script/wind10m.json
{"header": {"parameterCategory": 2, "parameterNumber": 2, "lo1": 3.000054539987559, "la1": 64.9999836372058, "dx": 0.5, "dy": 0.25, "nx": 34, "ny": 52, "refTime": "2025-02-15T19:00:00.000Z"}, "data":
[rows 0 to 23 of 52, columns 0 to 33 of 34]
0.6462309042930793,1.675737703763191,2.96300790722281,4.492902933953042,2.454406977314316,2.7900456073849917,4.207691717759451,6.427333762125903,6.095871391718636,5.530816113259728,9.037467915527564,5.847112052689202,4.533453463032091,2.3995326550532248,10.937159866112651,9.988408867525672,8.076617307263636,6.06934022389207,1.5385732876265166,-0.055054865636434434,2.6730610834816586,1.6263763061426548,3.4002033303591297,2.280909145016675,3.508869708755964,1.9516902759442694,1.5977281347019316,1.8960486226955175,2.687139885318373,2.742928715466506,2.6081602901162215,1.9239003187236492,1.8298323447281364,2.1535427223236128
-0.13676218534359025,0.8658753255028605,1.9159627245507351,2.7797271780914263,3.69166329045613,3.00010599787206,4.082164108655046,5.7919959275860275,6.002861373068052,6.346771084392684,7.367413650316623,8.243180366822294,7.3666176513689505,8.601019851565356,8.647623320264637,8.54038531734634,7.664073496900251,2.5004332857659,2.942015229622805,7.317950367683889,0.15127619888236996,1.9797137473438902,1.4585717338035455,4.484870039789228,2.611172849006536,2.1537794219592112,2.157085894575,1.935361023758362,1.6711108874243192,3.0306969745904366,2.423091215981635,2.171721448299244,1.9966131409836416,1.980474627890756
-2.215207828250507,-1.1476210912522173,-0.11942725415047965,0.9468647935299884,1.5099639848457855,1.9428418496893751,3.15308103021589,4.028973317815333,4.46166059065615,4.797861655145554,5.646157915343043,6.128715640108901,7.182234533872236,7.392875462898228,7.044022106762044,7.726473209738274,4.269120943765732,0.5761993812155363,1.1657099581469144,-1.9118924330204325,4.071667290364726,2.5970856112806335,1.88347697636522,3.8759589260912435,1.9290416271365936,1.9639598995736711,0.8567513557559878,2.3549010965443524,2.571152571472145,1.785035922661047,2.333783692205426,2.175156973264373,2.3907094104287068,1.175543951303727
-3.8925706494252865,-3.0594680358377078,-2.0275237131660377,-1.129782588484682,-0.5068578489406143,0.3413899132846275,1.0258287782527804,1.9803941076464544,2.8559343041780787,2.9164177206636217,3.6128674097884543,4.057703065173891,5.03119216711514,5.361023850355733,5.815283443729926,3.5823815922371387,1.552247848444313,1.4327994789548595,2.024518159159048,1.1332199760264192,2.400566262492175,4.645552552979316,3.5270556487039917,3.138707035904103,2.1735828818689784,2.2119485060778037,3.4652608731784675,1.9791702955960468,0.8044993981996597,1.764234919783769,2.2817370025308206,2.0905926503828676,2.0942001764452005,1.304852450581734
-5.2318064712128285,-5.048534680483281,-4.0550865581143265,-3.006275034354338,-2.4545251976393025,-1.6562692301237252,-1.2249794858470477,-0.419765524641922,0.2205081945546304,0.8562193086122705,1.3004244618306224,1.9116223419280043,2.4272185213056328,2.7692433166542894,-0.14881507158282523,0.9826203963079226,3.7511078271343985,0.6843979613393796,1.619791463557624,6.920283798363511,1.1204084275740374,6.586800962200782,0.7743687413801432,2.292080174821293,2.2370361255224953,1.0606398561222972,1.861808690588771,0.6124263856590907,1.9327670498268004,2.20647301606668,1.7884282744995692,1.9539928627744902,2.4751005923381757,2.009937282423755
-6.601173087478386,-6.471304476556221,-6.543278669275903,-5.591111571870927,-4.957031368812606,-4.093717521561472,-3.5722970123671005,-2.80390849225497,-2.169607430874528,-1.2288014821008222,-0.72159670914287,0.1523105268230574,0.6817410067112981,-0.3332090790390415,-0.3188369906012095,0.8393585691541974,2.1248217610730773,0.5774578845545739,3.015826881325393,-0.9072202113099838,0.8172678390322146,3.093231377399529,2.177895542403007,2.3382187618192702,1.9643110571350169,1.4943133797642258,2.0664645295852635,2.2448987308590262,1.7265811048136042,1.3754922756795311,1.4544231665360703,0.2006211426084685,1.3997041261644352,1.3855843590407124
-8.289226516933567,-8.285903409964288,-7.989752573416912,-7.531063642196059,-6.760273572007871,-6.104549192324305,-5.440612052324549,-4.946325829922219,-4.067158404616211,-2.8916731481196973,-2.082940077352481,0.02636405308011306,0.23208008782016346,-0.46658029419887403,-0.4743075747834823,1.490905986041744,0.528108044164583,-0.4111857615353532,3.0454551336564424,1.6270469059092443,2.5176978458558463,2.6084062042605676,1.7515633092491874,1.5100287276846251,1.8732815754418384,1.392419819558919,2.430270290737371,1.0146275579059858,1.0637656166380989,2.3766413539381674,3.0467502211486854,1.4567020158865234,1.824251110094537,2.627553611396459
-9.456495255974984,-9.208254554038431,-9.134457868051415,-8.905791951605236,-8.354255222376135,-7.8744380187503955,-7.353178616464849,-6.643163340586721,-5.538106087069729,-4.647973749867272,-3.2252663715508345,-0.1794811930088354,1.1202146741015058,1.2869010466622814,-0.547069370347918,0.329484748602353,-0.7480904729374445,-0.7197608969919931,4.11354243441612,1.619951218025623,4.0192576141955385,2.956932106521032,2.822192406353834,2.7088397863089013,2.2131699680257557,0.9842899518666566,1.5127347419813915,2.1195216660904115,2.2532009387513177,2.1185892412261205,2.0050742996169375,1.2890637902704245,2.6047277528412622,4.141815991634396
-10.04959225195813,-10.008521749279284,-9.913784005450692,-9.862720414883118,-9.583547134705102,-9.14554138445072,-9.027824516474592,-8.2390387195557,-7.081347584753737,-1.1415714048439531,-0.182338286896189,-1.830167401667788,-1.7767590632091461,-3.5386714264381633,-0.7682369072696426,-0.4023457498464288,2.8173977476887417,2.7684448371549735,-0.7795765058734669,-0.215814170147003,5.424481241175466,3.533531456670067,2.666883374629969,0.8028141613494615,2.3006089013453495,1.7248310376367426,2.505129386636414,2.1934580339411696,1.3362428312314614,2.5704590502025364,2.0002819107641288,3.1710947174605817,5.364582423194589,4.059201058397916
-10.77736523999493,-10.530416611153562,-10.351206783847344,-10.176840269259873,-9.992657319224586,-9.219678345514101,-8.433132653308656,-6.822959298972508,-2.8879291384960495,-1.6108354664956261,-1.1427240590786722,0.2875559413062312,-4.578746310333667,3.6925399061948503,-2.0258618803309005,-0.5861553259703478,1.8997389832915725,0.7612598815980034,1.178515346989058,1.3610637521603919,5.010266013563711,2.7788487185241175,2.612132362826357,1.7259718946343476,2.071498129174034,1.9683193545193098,2.596585831299199,2.6215571860597975,1.4746986301176501,2.082531088880652,2.360952601753841,5.745753692605351,4.314494033208237,2.769394388905001
-10.96906345047677,-10.699815353116351,-10.252288174173154,-9.715646680802571,-9.202151687693107,-8.364921845032088,-4.4149469895683415,-2.268470862687738,-2.7682641731037445,2.989834131554779,-5.202951833189303,-2.0967868358962396,1.2876324793995768,3.1069920782501708,3.020597803153388,0.8417615750950513,2.0383202604296184,1.3014829551631362,-3.4487587989054087,1.8523286027795571,1.302405827082245,2.4221975986185607,3.0989661195320584,1.0801682613610821,0.8505433834301969,1.6832807338052802,2.518872780335075,1.2898387087616119,2.0645046897858372,1.8699908515897676,4.226772257152511,4.954529789764441,3.8735893315506784,1.923811735010513
-9.599016667790838,-9.555156776451978,-9.432243121146263,-9.159803990945596,-8.276362105372336,-1.7448176089774559,-2.476970549422909,-3.659844802977453,0.053395791426279544,-9.664897319687228,0.03753968291464714,-3.2555777574875697,-4.181101992201641,1.088040773369372,1.549595957039292,0.04385839141503219,-0.7809162318430044,-0.7295785351883636,-1.7588035195977687,2.097471594355313,1.8451726804394584,1.3634877037565656,1.7409260398265534,1.9354767913473423,1.7619863491684165,1.1806697591132012,1.675803432597936,1.9788876215689557,2.1586373279019915,2.717055751562554,4.468394751142433,2.6933687466125873,2.961363241122942,2.2851572747293405
-8.47468955662207,-7.810161921108015,-7.246967023313473,-6.44020181187273,-3.1264318230477253,-0.42160224673682606,1.7604344147314546,-2.3890290048608267,-6.173705418112534,-1.5403388142032088,-5.7215349002421965,-5.4125694989764535,0.25092835079480474,-5.5675406736868345,-1.9915441951220363,1.895297210937893,2.0850963834150433,2.4295464605290413,2.138928933549665,0.2677182483456951,1.3562834354292694,2.0980712675929625,1.5779050343688639,2.4100427112360028,1.685466083040803,0.9700730227250903,0.005631436801099489,0.9674115582219496,2.151603980022703,4.891919700590944,4.030029721166544,2.3965055145450487,2.0657716896385367,1.8027424556555802
-5.782216807196021,-4.94383441648406,-3.935487173277325,-2.5803785574744285,-1.3368100704158086,-1.510869415723721,0.2743866075909055,-1.0458071721387492,-5.141312264304043,-3.5340541453123424,-7.288876039302663,-2.22790226296744,1.7457913681290254,-0.2424505821487216,-3.857706002076912,1.764922059367073,0.896668223022276,1.7285010698981507,-0.0988971557428566,2.450686590571243,1.8432567017114225,0.061935855549792154,2.022313050380157,2.2910118817787173,1.8750292325013715,1.701560483171481,2.7420471377507405,1.8960601562219648,2.4761299478633845,4.741103297881566,3.0691026300713378,1.6514944806851835,1.5727251628520804,1.143397869437858
-7.57358528755461,-7.143987165420855,-6.971071328616373,-5.216871241468471,-3.124767358406778,-2.904020566847168,-1.0496534721379784,-5.614569258295324,-3.2781642089020413,-2.9602956192078613,1.0717574917856114,-3.3320138562869834,0.9011892329376142,-0.039700472719440785,-1.0335049154861229,-2.487656887373135,1.689808859063293,1.5791487812693297,-0.6388706863747249,0.5002744693163268,1.899068901023188,1.1454642386174023,-0.01749689611656123,1.5427168601784236,0.8664426080998007,1.1785880585748953,0.8809633203268838,1.6702621952433254,1.4039895266526174,3.1466487635628444,2.6826930299881,1.5090622547837493,1.0092179207567813,0.1947362701420778
-7.1656968725419015,-6.958417059140966,-7.352799990743321,-6.698327892874,-1.7952026173229598,-2.0558081878135765,-4.213789534748723,1.8038636484773627,-0.30952161639570275,-3.4435126279619506,-1.8420977765116748,-4.80175711615578,-2.631307345810028,0.5280558535275324,2.247404014721834,-3.131232782736209,0.9457494339470313,0.17722744141536126,1.6042782610423518,0.9359617053568845,1.0222842407684236,1.7269870196482238,0.779367677751649,1.665903361121,-0.6023203991689794,1.0099601406982768,2.323199351591339,2.3500814278266513,2.027093334642018,2.8559311298009606,1.9683606141303662,0.6435049905209057,0.14933511170987862,-0.29396846589022263
-7.439076560978961,-7.5599293156980965,-5.408601714922201,-5.63053929396341,-2.1676639291907627,-4.174179696147099,-7.680996938480063,-3.8508577609166346,1.7130201825158196,-3.1877270315698385,-1.2316212972029488,-1.8122372863373646,1.235093114939701,2.1135588564206187,1.0070450176375665,0.9438048327150533,-1.224213921943191,-0.441547954439913,0.46536799822682173,-0.002839254717651107,1.3577259016872647,1.2687244583561654,0.08639207039277365,2.097679851495618,0.08234408548495364,0.5371180490415897,1.50957331475794,1.6919356832504207,1.9630459757196668,4.574177867230927,1.7175058281572584,0.17683230530497196,-0.09476961207984884,-0.7093164255952191
-6.519777773005096,-5.790440381542629,-5.835095659014824,-8.572772680065183,-2.3473260837414593,0.3416938458540539,-3.5917572595927583,-2.0582607868679914,-5.135746529886457,0.1300935260718875,3.2945017727329025,-0.8001515936995691,-1.1820776742773977,0.48418245117344694,0.6715480160231049,1.317596161867501,2.3251852017148007,-0.026881729186135805,0.33026058034361266,-0.7513414066567492,-0.011179999364641105,1.4202660633575548,1.0747523945856576,1.1441089811423637,0.7529592393294822,0.2997273971800234,1.1998183472815402,1.3094949932500592,1.4643282130987068,4.018101599101992,0.7679938698166847,-0.10950442410594267,-0.3789970086511094,-1.1945364995269117
-5.536219946621507,-5.099081121072951,-2.802485192489866,-5.558446137963685,-3.8729448527016137,-1.566179825710519,0.16307485799701965,-2.791920375518808,-5.824993356811778,-1.274370119499133,-1.475040953419912,0.017444751369476746,0.012952615972838932,-2.6417140071044205,2.2318059321205825,-1.4603995174159465,0.9654088521311165,0.9561868500704881,0.8200003960918847,0.37541811426017596,0.7640119781770655,-0.4007457129828857,0.6124026906334674,0.2730804144067813,-0.5397331034762998,1.5567499591795573,0.8386580198117376,1.5765721616861244,0.8994964173924862,1.6972717652941107,0.6421589341664911,0.29906871645464955,-1.3923029360865373,-1.893727790607403
-6.040382060494048,-5.804015698958029,-5.874738896678799,-3.114708685608506,-1.5080846300126123,-2.190012168842392,1.8492450621658243,-2.196022212113504,-6.185392634407517,-1.3336387849729785,-1.552238028094494,0.286530308848942,-0.21145915759098668,1.0640784608324687,-0.02425926657651282,-0.28774831782510274,0.11977939806917319,0.277078819524375,0.21673596487458546,0.8031127371386855,-0.23201040142184612,0.16043162498991811,-0.3696587605373233,0.8924504582928038,-0.7236180132972105,0.790000333103553,1.2973896096544248,1.1067698244060946,0.967100224339736,1.335781887702797,0.7822794710860402,0.39338338458373473,-2.6078641279831816,-1.7174992533403042
-8.159845625466861,-6.7018355961021285,-6.704891024148365,-7.108346355311077,-2.418826118485533,-1.6516025158240524,-1.5095094872326686,0.5876222019291875,-6.697725013913399,-1.3417398886436056,-3.7260082413397533,-0.6188218214932474,-0.7911339731278421,-0.2844667987379774,1.2960957350734619,-0.8567075332145516,-0.26925748724979076,0.6267331519530255,0.6234438894770394,0.318222173179723,0.6655571663079034,0.8365244902817909,1.0554670625748581,0.2588128758524876,0.011894948726609606,1.186781765830194,0.9391375801097419,1.1468243716278745,0.8264552007110034,2.1322328034567923,0.6267497849498523,0.20695386599070142,-4.005618252615044,-2.483263304967647
-6.939134743024546,-6.341131048646386,-8.070135855007457,-8.82326976133367,-5.800608924453973,-6.575055350636557,-6.557067851399113,-4.804607971772216,-2.032791996959022,0.49778332590672847,1.6024238221872342,0.8616515599344049,1.0143192532026357,1.5041140916767,0.6486620526508936,1.5913329910044454,-1.0899907407632987,-0.4297882921888739,0.6448133590894446,0.2506610669481975,-0.0060332084002328165,-0.57323652441378,0.4863181082893919,0.214498017584159,0.571055416047259,-0.04523045988598208,0.9363795510508357,1.2517239806231555,1.4821012515056888,1.2954932912959305,0.7414610544337975,1.5556307186231575,-1.0250596249199517,-2.7535117924144057
-3.7475604032392975,-7.85868547211355,-8.662762607010182,-8.53853955828734,-8.037381443716194,-3.47642889082146,-6.973800935489136,-5.298374895631102,-6.240630171946018,-9.995909481155755,-0.7284678452077427,-2.167548538339873,0.20422048235248083,-0.7670473928722917,0.14962221986127128,-1.7763127804641952,-0.9191713834467629,-0.6218212877451179,-0.3460587040721568,0.32845494033025563,0.8682148284014727,0.11656305223702884,-0.507588809010688,-0.787956613081003,0.8141183588936793,1.0212411269114496,0.593709326483207,1.116185647394982,1.620722350321654,1.7203521123960521,2.11549785209592,0.9163781411460842,-2.304771631270229,-2.1795832935978026
-6.634133273207901,-7.33420327738255,-8.499431443484456,-8.208438563449482,-8.427103253792739,-6.290972868175452,-1.7255908422379647,-12.223709548824319,-7.442921770119407,0.06538103814623018,0.794244547735735,0.5271385641593317,0.38577518088236235,-0.004532862408192256,-0.7761200192606342,-3.2287605076649952,-1.1495528365556216,-1.1304506792987443,-0.2516236021730591,-0.2185326917014082,0.2406833045135224,-0.22829780255159873,-0.4094216883787845,-0.1612841484795544,0.4738953619726702,0.8620695903026323,0.6104560155478809,1.0943310028204687,1.2664360894585356,1.9075253295004855,2.1827054920634508,0.838364215686723,-1.8875001614641091,-2.843895720784519
