script/wind10m.json
{"header": {"parameterCategory": 2, "parameterNumber": 3, "lo1": 3.000054539987559, "la1": 64.9999836372058, "dx": 0.5, "dy": 0.25, "nx": 34, "ny": 52, "refTime": "2026-01-15T10:00:00.000Z"}, "data":
[rows 0 to 24 of 52, columns 0 to 33 of 34]
8.932007772915098,9.43248311015416,10.133165472565734,10.330208232932366,10.648883915537912,11.037292636072127,11.585541586683714,11.616930888501214,11.633944731387494,10.79678343996704,11.06290884063906,10.262024196160187,10.930032636104428,10.643138364293605,10.197745364249908,10.229797141987468,6.060571633740669,6.812901857948052,3.4664917059060625,9.774625916117646,2.5324275945322356,0.6343186099857457,0.7455285954981078,3.016748845999447,1.3482758279743077,-1.230992885055766,0.8190109498329143,0.5417851474863395,-0.10617420018071537,1.4856017137084074,1.1692256392517693,0.4937357460348276,0.1795072858782457,-0.17272833854736597
9.090971626016328,10.07160005115349,10.802418840438813,11.868581476901719,12.08419518680611,11.993613503367062,11.852662226161534,11.77688702881727,11.291647268223858,10.481576055632189,9.667795286381937,9.639252247875284,10.00848374238233,9.113588105618062,8.942804800543724,7.9173490123502,6.94326959212573,4.035091668900412,7.052486012318769,-0.07811465448967148,3.3566602467146804,1.980592516247541,0.27351193728404133,2.8487720464858564,0.07040829476388055,0.3908741545306714,0.3245845002675767,0.9722452086735882,1.568929564285808,0.7547276123458413,0.6567042579682048,1.2536076635756626,0.6932143962511866,0.6501254709517429
9.604851351674212,8.80764086222559,13.091258608798983,13.26286968809656,12.989627682504196,12.338814217040616,11.564806075384604,11.237628773837077,10.854168378229993,9.761154940448778,7.6573614843270565,8.48098440253861,8.568956506953342,8.14357528307118,7.369527833276503,7.0282120650975015,3.1498686975552594,2.399637328799352,-2.906937317958863,1.5317390884378623,-1.266148345889482,0.2531806958154869,1.2539101728039348,3.0039119578133726,0.045922058182134295,0.4305802331209304,0.8902901694370813,0.7497593855712311,1.1714586328950145,1.7013604017969264,1.4686958006093878,1.4895969996271916,0.7273865871290233,0.9331613332162124
11.387320006028105,12.68306696611197,14.023442151249151,13.639977933670872,12.678758367096679,11.899609482048685,11.062924207423382,10.329939010142976,10.064291070405964,10.303440532383267,7.738589951925717,8.121904303222744,7.816791385224117,8.001679555625064,4.820211154637114,6.121912239053809,0.6701205490249574,2.0175735603788527,1.828826855329821,-0.14049541877383384,7.229767162611232,3.3433219988662795,4.468518639994231,-0.42222520530740554,0.3091333290428195,0.9055513507975447,-0.2885162643368649,0.47504132119935466,0.9370625204271332,0.4006863652073358,0.527150464788547,0.8955306285977718,1.2920242761590137,1.280550594010679
11.980777803171035,11.603070490210202,12.66797187210575,13.177784060156437,12.36023280605853,11.328640510638573,10.458282200088982,9.995841457391252,8.446496512435907,7.247172581444997,5.648729598743708,6.409176686019918,6.246323388561342,6.038854812386236,3.381960483964008,5.306248141318247,1.2153972984405303,-0.1850516449022905,-2.5377141205667866,2.334510552189776,7.844894730916168,4.732103086574359,1.1731109176607908,0.6659596721932092,0.923103632402869,1.1209054157054952,1.3840407317993022,1.415721632215224,1.2457450235332044,1.8047322686581908,1.7532941449651909,1.7317726369048732,0.2772683609423623,0.7876288125028293
12.685985301804351,13.987106913749994,14.395974595283725,13.234243254785202,11.545999195043308,10.956673129218146,10.205864240228893,9.07665640687764,7.78508083333972,5.2733431193741485,3.5762998612716177,2.2054563492876174,4.237714255998361,5.806358333403265,-0.7754470807817745,-0.7617739531946245,-2.7557178688211685,-1.5531153933394162,3.0736379150079998,4.157218658757945,1.9485214065537517,1.9515367876505338,1.014475720896582,0.3539106426380821,0.23621577733231255,0.7839308472430079,0.5321026143526102,0.8756525488488506,1.0413788222296405,1.1467288901238009,0.8055449515864007,1.0441477719506684,0.6932391453892047,0.5123133755628625
14.14057660920554,15.343521675543375,14.747236837729417,13.849580003714157,11.340505750190118,9.497666050297433,9.43966898813323,7.512404706274465,6.231164087637185,4.106660970079091,2.690093575074845,1.9443248534141144,-0.21196814214666598,2.506780556637353,1.0459901059729477,1.4513984094946775,-0.9082357432615044,5.420645814966382,-0.8484857307693401,1.1506040848582462,1.255592742009992,1.1847241022591026,1.4917152411652748,0.6444930128076526,0.9061573437155989,0.20466206541559787,0.7049662171786839,0.8628508435622498,0.2027177212684627,0.29494705378186153,0.9877902989263887,0.4904035364942817,0.45867656882141644,1.833985150209674
15.252810131812666,15.069000667177923,15.491597329915583,14.802564303393133,11.458482088420581,8.45726136024321,7.901897736760715,6.112833490669828,4.709705045255227,4.1411664692897965,1.3972678832471992,1.3886442995204242,-0.7629366110198506,-1.202504246951185,1.0975197355881436,2.4572201338129327,-0.1941570174963018,5.900315042200137,1.864530752661479,-0.5333388014829548,-0.5456518991213372,-1.028899118210073,0.708346848676101,0.9779989497684093,0.3307724989371706,0.3639138150320985,0.31776896034811086,0.47957402205969135,-0.3238322207723883,-0.07672122037470863,0.07260119420281332,0.1607103953578935,1.0020258074696937,4.88856310579264
15.72012956059656,15.60079939660344,15.650232317593822,15.376719982881278,12.027193067970096,7.023440956184273,5.43568731453314,5.0494073646602775,2.980198043095876,0.31942442556986955,2.4751130375872044,-0.1806959449046639,0.22028956745973227,2.870397424268713,7.400831029933333,-0.21097532669743033,5.250207366878374,9.264830268875835,4.486345028049813,4.2846918451715235,7.737848445442961,4.273429993181532,2.7578044319278607,0.9809680598446764,0.7507919908135194,0.4151873755550136,0.08965209956088353,-0.30891157087707777,0.04376422706664273,-0.564367759869927,0.19700575044421584,3.9653463663731525,6.3149951756671605,6.297368324661094
15.918656152034028,16.78743904139798,15.715190853156157,14.795652772265633,12.61883495480708,5.993194743532858,2.632025242847033,0.9382175373040259,1.4508163076170413,-1.9684600924877742,-0.6319887313941642,2.9222093492020447,5.05441048071875,5.778827808580919,5.356440628985648,10.745740656897606,0.1348597415078881,2.5337568851456878,1.6470775939581739,-0.6431256299355768,4.126519204514332,0.7339367509549748,-0.28648722628227913,1.9006550712181114,0.4162802934779107,0.04533315467739668,0.4138495488350422,-0.30687913060815875,-0.16806687233639342,-0.09969707681233644,2.3145913104244817,7.085743186601289,7.690283171277439,7.583218018714208
16.419200900376474,16.72223258858217,16.19429630075451,15.557601447029558,13.30458411508489,3.889346350823598,0.511191308715168,-0.5097406647761343,2.309892771999977,2.9326336966601287,9.564211409441489,9.271374790119271,3.1112957638185184,0.6886608858485782,5.900423357352323,3.1487751789631395,2.3613925649066427,1.53862344121919,1.139787151293798,1.0073352057285143,1.5758902536417334,-0.581599264901973,-0.1967967742485914,-0.06897444454657126,1.1365834117200226,0.6534020800424196,0.884562557598147,-0.3904845642228343,0.055428068813979194,0.6937788218969244,2.9437423419675977,7.052015929373428,8.260999951841443,8.416260856165833
16.61090146661869,16.66826186022518,16.388643093122685,15.65907137111477,13.18648763985521,-0.3458522671804529,5.77222972594016,1.6852904392878036,1.4053430466968007,8.478671368231103,-0.4120461917219358,2.457143727313393,3.998984813843464,-0.6331023250154567,2.625389093109184,2.2137985871603107,4.284742329652825,5.810902115894743,4.923740173653165,3.1755569006316873,2.814492756146528,-0.8588746326770711,0.7802833724295256,1.7007424781094447,0.6772592232718946,0.5217651234366262,0.8163344098499589,0.5690104774345925,0.46810781704813936,1.0143002483758883,3.081345882071405,1.9467543738797668,7.5932862312331055,8.401048371403613
16.191615264670823,15.974121340762768,16.2406765810441,16.67395516752362,6.295795970686205,2.9191943540188707,4.0746771311225745,-1.7087180996894509,5.631834015487696,-0.13190032045617084,-0.9889779559008439,5.419615527259523,6.477734990063546,10.913304855730589,8.07842426404728,10.592097308771207,4.833304168493417,-0.11027502570683145,-0.500831889407892,-0.49789528688416,1.8617371723342515,1.6633680290741308,0.31993831280526014,1.5104048367413467,0.7679371358185885,0.657170604587619,0.9684953789815004,0.5336033791231799,0.8908498533740209,3.249211051109507,2.217225628258776,3.4022139530776294,3.7103532864364754,6.877827072247262
16.716245852079194,16.634518827076466,16.41563107836459,15.07967382330728,4.933960248481256,10.097112877850554,5.943791124384836,4.1405399553684745,10.134115684159877,6.930658287116057,8.914781801972065,5.649953541796802,1.1433096250018284,0.31931051435537483,2.8559415635460574,-1.100107010059839,5.184216982055619,-1.422514465148016,3.9649943079832286,1.6119085003203923,-0.3814888512175085,1.6893492272292046,0.73250896899267,1.8701311124207276,-0.24654691415483068,0.9772608129718874,0.6600382421284205,0.37915709603947606,0.9439987503922372,2.490403787882637,1.5501713166081292,3.286739436535086,4.066397864540442,4.529299503910859
16.294145985551047,16.498786656988724,16.310518765373196,12.90685506154057,7.708703996672005,3.4459087678097786,-0.7890258107162381,9.923309092278156,0.4433504964665931,-1.6362214837551787,0.156683275596555,0.21107014178305306,6.289329193353248,3.6738460438172917,2.4307473046885106,0.7211619646431997,3.489506280121904,0.8920791661103481,1.4162704844176577,0.6582372169064837,0.8822260725710008,0.3578952371280294,0.7135832970091704,0.9949164743534739,0.20541696493288053,0.4031529685795412,0.32741407275791057,0.8854544328941443,0.709776006181578,2.429990174940633,1.9685264104505964,2.9216258503082866,3.016022634079971,3.8379880309814918
15.64520663979209,15.730623134969326,15.810456672806495,13.18644880375969,5.206412983001851,0.09551905781998592,1.7312377334529163,1.058487796707509,-0.46976128358749975,-3.5254250145540555,2.330238324853168,3.5501576879796186,-0.7292346064199227,1.8281357715110609,1.2207453402926876,0.9704220535627208,3.6336515087505163,0.021578306832843654,0.025725629500988764,-0.30118829440320616,2.8773999537515724,0.8790694911146695,-0.3526260598562428,0.8423416501213259,0.9990823696270135,1.0272642119828668,1.3059593798145677,-0.14114014119326052,0.5869314648888805,2.575284746574831,2.821551605885444,2.607856163667844,3.2945933644971808,4.020922371872592
15.762100735367714,15.641026596589779,15.475287483496807,14.08220987098286,4.594939244320928,2.7626955429985487,5.451313464433178,6.02923271314612,2.10756326898152,8.719532903414212,7.964331027984442,3.6387703594037064,0.08640717557405184,0.16096828364894145,-0.004921317980142617,0.5655795770187977,-0.09929386556779676,-0.5617085837730639,-0.9682991542981144,-0.5946546423751566,0.3383384139815341,0.7280011291009094,0.7470333722649808,0.8377140134376956,0.7135516140392905,0.976334843529692,1.1698139537837424,0.7540103591273409,1.2877588269436098,5.085834630660716,4.941575014091485,3.8323055797911607,3.8155425137675785,4.2748558874322224
15.328351629236879,15.526340409788283,15.608096782390593,14.696839758108784,5.123852397096886,1.33551706873318,3.5143721769242005,2.5019163651927587,8.28869510383936,5.280351400629943,1.7301944326636078,-1.7928297165709435,2.0294479913326335,0.30466718696341405,1.5331142878751534,-0.04544479519989458,-0.9568210201713916,-0.6569827046196519,1.4382968204459141,-0.2757478807694397,1.1790155631278707,0.12268675964356913,0.7218279417798634,1.647831497481541,1.0848602048460312,0.3699416369139381,0.6357344092145062,0.8141997508223693,0.9576396515055453,2.784881448380691,3.5535754123544305,3.2976689456770973,4.306955522870275,4.427365882978096
15.053164471621326,15.229893990029817,15.049883792307336,13.941386999938011,6.180458973412801,2.6339355762688377,4.854585063720721,1.1140794481981429,1.6262455812781467,1.6449113066703231,-2.066677563163651,0.03173858729812655,2.643175261530135,4.33652356165562,-0.7918216207723542,-0.5200174413715849,-0.43122013580650964,0.31454257190674256,-0.280271463907751,-0.5408862228460731,0.6823768853355141,1.4006746996984742,0.8108034030420374,0.46220803181903136,0.9321434845023863,1.0720905340893885,1.6700595523747526,1.713169711159241,1.3831079430584352,1.5804995757130316,2.060888193289196,4.241786901350872,5.988357901287929,5.84773686541026
14.276255717341531,14.70150714719941,15.199391596666674,14.222100067896823,5.17189557763092,0.6882917499282292,-2.8596093827342286,5.14905214088151,6.84263541256344,5.716753459658913,7.926344739038665,6.719015528801384,-0.10161118680735796,5.364487335011713,-0.6295681555493494,2.552225735896941,-0.2917309919313257,-0.5505463431233537,0.03729043822979134,0.2931815984061172,0.42327364502017717,0.3865569368629658,1.7047448184559124,1.4545868751829543,0.8788962615825578,1.32207626487583,1.4421958409384203,1.6761710585384983,1.7709064862408346,1.653360979824556,1.5642555623693692,1.7114211139274922,5.383982091029561,3.1375441663052044
13.93421021520463,14.503190366579322,15.240281511513633,14.818697482365002,10.219427570823635,3.0849287778584236,4.533363051955687,2.973245370614621,8.346408201754548,8.322226373349094,6.842105934246591,4.2699028140765245,1.6379637151674584,-0.20588070197020752,-0.16620404628095553,-0.8511965956477963,-2.1382301847550216,1.1651258238043003,0.0919870075409337,-0.027873755821452035,0.3973790996649223,0.6786611965981958,1.2517077068616675,1.2083294555895134,1.9508708520629654,1.6018942718156373,1.250228006074495,1.0627343198764487,1.214924968650339,1.7927361644180784,1.6586947375682979,1.127577731650594,2.119524298875579,3.3378855285661944
13.87215051192379,15.014021995016574,15.13691180455702,15.274090435637056,10.740076875549908,6.41056127305037,1.4742942929614027,2.4195884266127616,7.2827079407937605,-0.7333478006153585,3.5613727858516295,2.5649115970154126,-0.06736626484199293,1.7337960145425904,-0.9621827748280374,-1.758994267018197,-0.05033916453956985,1.473462185700045,0.39848926696676434,0.3936637110042855,0.02044847058600362,1.369874270983963,0.8210316017751176,0.38833713056339214,0.49956598845427475,0.7571064507802433,1.1983447960615325,1.5432266589900032,1.3813442127235154,1.7182782243562174,1.252639393071419,1.3460115786179827,1.3399692409400141,3.4104337137328855
13.23298176871189,14.318488720073697,14.69309317567449,14.418177642368166,11.421270491499524,3.4650045511654937,3.517491376836324,4.36690707213777,5.211115085202291,4.936238933163237,0.8559502605084611,1.7553970412740076,3.5991253195671042,2.1123063054268343,-0.4084392455074737,-1.9499646475001593,2.3453051566720564,1.2475592689079298,0.92752339202184,-1.00112328980394,0.03133626404926025,0.47236366729971824,1.2430612553763838,1.0009489210562028,0.6855541813361026,0.6442508451209722,0.5017015543750328,0.8828692593057638,1.400977039951397,1.9037629735027326,1.9554692426825835,2.5051006703157057,3.7777348911363835,2.5190151274952557
12.673148544079588,13.752682194132452,13.708294731779795,14.022275693137384,11.262551642308669,6.373217767248297,3.2474754693883496,8.785597311471486,3.2091844159623255,1.5181995576044691,-0.06644950353137924,-0.6451068766797511,-0.1800801329067275,1.0050372644148469,-0.5328335128871875,7.972537306806192,3.0607847918024316,2.1610108607540153,1.4008614128630483,0.6890900326445601,0.5804792097369882,2.875413658026628,2.3754975886450524,1.169655386367309,0.707918577536559,0.7977029629640046,1.6818054112117604,1.4672984535935418,1.2193147744530188,1.8437909706467428,1.858465567882301,1.075766782771199,3.4959405968409616,4.116080032741671
12.549776153571704,13.161149541489486,13.171724616756883,12.427801816067616,12.525757823204637,7.39266333411127,3.776066859368013,15.479438430774698,7.650416625438094,0.6102383302676123,2.0698113520842925,0.4644161860263273,-0.23890991383214977,2.2324150438910753,3.6482236320456294,7.191468607548577,6.553794672736004,2.3678192335289676,1.787848638477204,1.6294362915775482,6.6870783838493,6.300834298578724,2.0028622859646528,1.4372309934216465,1.9487445214576502,1.8106658471173545,1.6431922287733967,1.4660070229152078,1.1649356955967594,1.5677451532994082,1.4019722282866178,2.5149807162719373,1.6799537193251828,0.8891336572238271
