script/wind50m.json
{"header": {"parameterCategory": 2, "parameterNumber": 3, "lo1": 3.000054539987559, "la1": 64.9999836372058, "dx": 0.5, "dy": 0.25, "nx": 34, "ny": 52, "refTime": "2026-02-14T18:00:00.000Z"}, "data":
[rows 24 to 47 of 52, columns 0 to 33 of 34]
5.346154572032654,4.5014803556646665,4.258783331176063,4.228959756699426,5.103362785642279,1.7620201872908212,0.15135494991524776,3.9199128379344588,1.7159055817209592,-0.2377262232676888,1.250220181351322,1.3873350680193786,2.7223025759085746,1.9755712258792615,-0.5964223581611799,-0.24909486185545326,-0.37290308498183866,-1.3508539220652307,0.6181325302955064,3.0051424605504113,3.0410234705047063,0.9804426700712532,-0.07445752056922499,-1.1381137425849512,1.1032038472233439,0.012413007294912964,0.04065540922159878,-1.1591945981953047,-0.7223752289189347,-1.342789090717225,-2.36555941931206,-2.3461940191827106,-0.47049342872975997,-0.5413746778344807
4.035979239318466,3.3515732561563967,3.0203587933091836,2.858784731312908,1.9845823736655157,-0.2999354897963508,2.2490314325025293,-0.6685759052356592,1.1497630025127625,-0.7982429675447852,0.202165215485806,1.1004808712099525,1.0176411396075058,0.7292108178422353,-0.06018380592459619,-0.048170508664357146,0.10260408534458948,-2.0825650189276232,2.8781177373716456,2.3441107707237476,1.7570826896974956,-0.2074567906040023,-2.5211572627522756,-1.4162051140522727,-0.5105777562847031,-2.392703404302451,-1.753273601958295,-0.7837754921454959,-2.0949573454234387,-1.617807875239153,-2.759702729299639,-1.3630383550430554,-1.0155290061698428,-1.3761926160367624
2.491150006274659,1.3518958178932372,1.5096812258680956,1.0607782218297146,1.5405729770737338,1.8789860411560468,-1.185278892816204,-1.324105552590971,-1.4988564260749468,-2.0643480058985397,-1.3490983899025544,-0.31029049316992763,-0.6757706777473977,-0.23439735823702587,0.2201929798843098,0.8959829553501041,0.4915757686745514,0.5195703325288762,0.8742320427119313,-0.4576290841175147,-1.326310637026789,-2.042914950698961,-2.3244040065271476,0.9509033246991744,-1.169799528113345,-0.7099576956783631,1.054539086391025,-0.3121469308820556,-2.6449591062653046,-2.260130513563639,-2.5691008185812385,-1.6937009108498862,-2.0225934817164783,-2.3338895986390296
0.59686756776819,-0.5514344732140527,-1.2551492589480513,-0.5829364878037142,-0.11574843480376269,-0.5710336298888685,-0.841477653682662,-5.055830712374073,-0.2617788859527288,-1.3282373381997867,-1.7658890091700765,-2.026446113718511,-0.673731083056253,0.268741884244596,0.526895435236078,-0.01733558883718196,0.41816252784674707,-0.7037833094709863,-0.36762597194302143,-2.4497139124383573,-2.9706322983550324,0.9484143729436791,-1.5580328504844447,-1.2811414721273264,-0.18814379496596587,-0.44576400183192855,-1.2975732472910437,-3.007015821006714,-3.350710356611979,-4.155477833617952,-2.439683637582784,-2.612041474414795,-2.6080604566783423,-2.9205565165682343
-2.80998795832969,-2.29265872415949,-4.060006242840864,-3.928028343410172,-3.997415422444781,-3.326572223936835,-3.5857125398035596,-2.1870895666473524,-2.3160269491584713,-2.5597859167807595,0.25885973790216027,0.8842675158532892,0.5887406606720819,-0.0075205112687326955,0.2982347647082446,0.28749728097973015,0.01561478594599536,-1.5544269932275525,-1.8882556912194408,-0.7431034492675229,-1.663211110911614,-1.1402537388463003,-0.6512801370887329,-1.2762385720577833,-1.2842868750967569,-2.1749291337345196,-3.783479056165661,-4.400820240216659,-4.928424632476758,-3.6310996044480777,-3.072757041143614,-3.1374437067611725,-3.298624985041718,-3.0751335205003434
-3.44693239258946,-4.945690852389082,-5.36170826209077,-7.2815850235765005,-7.023834002252595,-4.132940924212739,-2.3257789639757926,2.940642250295137,5.180069634381184,5.2916707893740345,5.998190791948681,5.426825618400437,3.8691890728097955,2.5806208176898364,3.137090839480115,1.18082553663825,-0.15256979918152858,-1.866764506906893,-2.8049550587752714,-1.9583574524713467,-0.9347082272035322,-0.06191671083788992,-2.481925802996046,-1.8829134382458492,-2.4447811482880533,-2.3581742920643163,-4.003474488967137,-4.2781717740549885,-6.914708770736276,-3.514353535602467,-3.467394903119386,-1.6734635504896704,-3.2274284714590693,-3.197359251336009
-3.4187475578261077,-5.661393997707238,-5.917718478025027,-7.163102252339791,-8.073155225318185,-7.639868874776367,-1.8785342536525018,4.445410935199068,8.89613024323482,13.542046879150867,9.596532735993854,6.707254159758231,5.612848384770531,4.334408147035312,3.7553626113272727,1.7114519778727737,-0.04380007875958424,-1.8259283535469493,-3.0043123497735404,-1.1702516692519989,-2.6422760071480096,-1.4783798386268863,-2.1873742234284723,-3.311445516965936,-2.6647447121301084,-3.4354557984778036,-3.283983452984142,-4.671200338353847,-3.8204390413572353,-3.9504305713412524,-2.897372395229954,-5.423319755502258,-3.901046797946951,-4.484045906777957
-3.195662243661837,-4.275229186502906,-6.003055966920375,-6.335867537035691,-6.197822117180622,-4.748621495354778,-1.2421270427735647,3.1066454544071354,7.221205524288015,13.628664239375627,10.620424500248472,7.139678141557133,5.28959537400772,2.9861902605713024,3.464527477778191,0.8615749819228408,-0.24217505520025753,-0.9978177004149319,-2.408638600574229,-2.1001887938197155,-1.6487433454086422,-1.1226462920303508,-3.236839439733436,-1.2796981945612258,-1.4285885508962939,-3.1159153393062002,-3.7969089182311175,-6.386735985866243,-4.038689614444638,-3.3498830633572028,-5.300835891801423,-5.314995193744451,-4.7010277005664936,-4.614232331781766
-2.2720241609198815,-3.5842814541911023,-4.519562761546807,-5.10741282414499,-4.735967925705548,-2.4390360113139202,0.676938630419111,3.0519642627698924,5.906187102463242,13.746045227498598,11.139710275449414,5.1169790658958005,5.162315415831436,3.9578041293938844,2.713349434253627,1.6797900257291525,0.5959908890922144,-0.6259582522798217,-1.8762917879854333,-3.9410229402089283,-2.7202692804098865,-1.1794326632674688,-1.3080880463166482,-3.400004555811221,-2.4414789713080567,-3.22741439999775,-3.6718958118242266,-5.557661131158152,-3.187609762883146,-4.274997319422938,-6.070083294772948,-5.2112317208050705,-5.005663539137118,-5.224834450128587
-1.7994482133991152,-2.969045523197798,-3.747111678156923,-4.424121454710786,-3.4970238841575396,-1.5644368608592445,-0.2079654138253921,2.599272171481551,9.677772593872927,11.74359578947561,10.400301203483359,5.635497140384612,5.58432009658541,4.884314681747672,3.9906796235906197,1.4809854109077811,0.30745957796156753,-1.1756572764450222,-2.8625938707118315,-4.321855327073269,-2.159099266843939,-2.4696535846496173,-1.9594275893538187,-2.6492560865012855,-2.5269023175317935,-3.088437613644345,-4.00242185777217,-7.552513961059573,-4.576022416495511,-5.568845077387202,-6.95524022579564,-5.693476672635119,-6.205532409685332,-6.481039660331767
-0.27993417034124146,-1.539386773041064,-2.700913850705523,-3.086624530045289,-3.343067542890476,-2.4207330440754955,-1.5489822662862571,6.756007776771829,9.62909792335658,10.672609871066372,9.534376006971398,5.703316020136909,5.616828669964834,4.248546217455397,2.2516698305418803,2.122562172713753,0.14080467184120382,-1.628141869865457,-3.3265103380999186,-4.618794814967547,-1.5346808308199889,-2.660907938854899,-3.2172895320223267,-3.174786031095444,-3.2288537530947083,-3.4177721717975564,-4.157493203412162,-7.432196042144394,-5.471928050299586,-6.874476686219159,-5.956138509332598,-6.4327280951231005,-6.453045239563992,-6.693660547671455
-0.47168716171679986,-0.8702454755778243,-1.4200730782869875,-2.07554608215874,-1.948587122755539,-1.4797142999471808,-0.38923427542910083,4.832168352088866,9.9614204247113,9.34553932849794,8.795419305099967,5.340040436782824,5.922816115034475,4.672815083402369,2.6950638862472482,1.8109035184736275,-0.30834827845814966,-2.1814047945515247,-3.7063998028350413,-3.6696074449523297,-3.004776772318083,-3.259313511667209,-4.001123532140743,-3.5187096357678134,-3.4757471943694473,-3.97778758721281,-4.647864399295541,-7.286214314304725,-6.595246043045254,-6.393904855999636,-6.818803347731403,-6.8116852167987885,-6.48841078307266,-5.754657931849935
0.15408578973727038,-0.45743719913066316,-1.2613848624967807,-1.6916266778134317,-2.181717126214463,-1.3201594604526972,-0.14584326049599294,3.645907077157241,9.592461558507836,8.971255615883805,7.997878102537728,5.042481293323535,4.782253187753164,4.17639824831621,1.6808681179988019,-0.014124750950232304,-1.2653158518902032,-2.976258383205752,-2.8133040017534703,-4.255811200942241,-3.849899280905368,-3.674061073053332,-4.541231358457893,-6.085324494532534,-5.460699830208083,-7.204550478309908,-9.07106430095531,-6.332963885875943,-6.740528493147844,-7.017840040744963,-7.017490554142137,-6.8313612364124365,-5.924231728373429,-5.324168092762091
0.5421173783186026,-0.9861379736721672,-0.27373538706969996,-1.7055154590839323,-2.3077718461523484,2.392422474076817,3.187881067171635,6.528327121833745,9.690241657144997,8.026818363217759,7.720398961079632,5.369518837833407,4.571022634507966,1.0161752824434531,-0.5590370667099819,-1.2141151034816318,-2.024081849760723,-2.99433131904508,-3.27257553861229,-3.9304494976739615,-5.297647440357792,-1.2430776211451566,-4.98924814974149,-3.8504978988277045,-5.160796545265787,-7.387844698220533,-8.19668444121485,-6.733239188609076,-7.088262039767223,-7.114434041864864,-6.949900297093745,-6.180757122896947,-5.873053712900307,-5.553892609695334
-0.6434413403977364,-0.37670100867999473,-2.410764874994985,-2.260191336599296,-1.1718324172166712,3.677339569751029,5.786568823145402,7.101880988273294,7.986608565658264,6.74176299740864,5.611597805478995,3.7489806523423104,2.701722094713861,-0.09078114776616883,-0.08850974962296582,-1.2194366559856236,-1.941376876765702,-4.73843014413636,-4.579971034768858,-4.891148844647724,-3.5650852637280317,-2.4573524327039515,-5.097817916151391,-4.710565492480566,-5.845547238245159,-7.849092067806351,-6.827432819968368,-6.833858851899137,-6.960130374527948,-6.888328316772258,-6.399873428723385,-6.15452004109714,-5.815479454933857,-5.584001417359438
-1.4006487001112935,-0.7192158298058936,-0.5482398688565697,-1.6180815989314958,3.013376128338691,4.201147369368308,5.81530922045762,6.3852490509035205,7.051887120928394,5.510027216501554,4.208305697204466,1.7431886643525283,0.15371426037979263,-0.8120052683031203,-2.3068260489535612,-2.8406120867097413,-3.21292848321125,-4.377246675257391,-5.451562760022359,-4.801841754501544,-4.003443622722552,-4.667056077822738,-6.6015395548118345,-5.599234039779737,-7.099898750051291,-7.504280310113447,-6.924813347967365,-7.004450944498447,-7.003386767868845,-6.580611578296925,-6.420263634240659,-6.254404024092596,-5.661942354606162,-5.127383989455175
-1.9724098200238989,-1.3571644719284888,-1.7354967489691089,-1.320667754252463,1.4927438649500533,3.730051881805681,6.0973382621587096,4.935359947730336,5.546377604212971,3.7727684246253257,2.6395991888811117,0.06554288157478971,-0.23744642659010926,-2.437701124495603,-2.410038423915022,-3.852419701443228,-3.7841776946659573,-4.510704343286352,-5.389863185614191,-3.859199824609021,-4.26657331991949,-5.68565823826516,-6.795278827077859,-6.38156892524404,-5.819506920367608,-7.3461720768564955,-7.105586558506878,-6.969639727202518,-6.733494417541632,-6.312358602952379,-5.705909563713845,-6.188608245297618,-5.403551902144538,-5.03973809485855
-2.9228580306801435,-2.3739060616607057,-2.6219661104859227,-1.2275856847371551,-1.203720078234925,2.1336203400868436,5.147748299818449,4.586152884524387,3.3042533436590102,3.0174083745123172,1.0068469524591976,-0.7097869395897011,-2.4526768431526125,-3.3958589826423284,-2.1319393282408767,-3.04107808586105,-3.413960051076443,-2.8792129313509958,-5.897796493621269,-3.95281858899641,-5.053056637811932,-6.243384875619372,-6.0803317529066465,-7.8190317686449555,-7.291314892181387,-7.327271513037705,-7.1761747946790795,-6.644243261969869,-6.6753747893494,-5.642785330149406,-4.141420558166929,-5.7600308713888095,-5.522279874705656,-5.506742916694034
-2.8600975935059005,-3.543644606367651,-3.890807034356438,-3.2276187680269497,-2.282256966287923,5.404542592794392,4.774812142048272,3.687695919068884,3.1060289178458507,1.8683253564157387,-0.32508048853387844,-2.092310853830628,-3.0957937546482035,-3.5795031319150112,-2.949997878555126,-3.5698861909461477,-4.066632696264489,-4.729089873838756,-5.397410766853446,-4.617220998089539,-5.2152032716509895,-5.567214886985883,-7.030446447984304,-8.369902749942062,-7.445674940668933,-7.431254732313485,-7.106112531428253,-4.857159408906548,-3.1933341406276217,-3.697900199991727,-3.587295442591411,-4.46247006991248,-5.903153119460399,-4.772128710414415
-2.7617770024728934,-3.8786505714653,-4.6260440063124815,-2.2301657820728944,4.221830015875095,2.958508355162736,3.3707465994956842,2.477194735025787,1.594107832403255,0.2746074208445182,-1.8535020667386077,-2.849558694895163,-2.964656914741324,-2.2195592357782856,-2.913526532816987,-3.586795114472225,-4.439815038637273,-4.989272059509773,-4.976356468829295,-4.582214796754254,-4.976897659640429,-5.593348830261777,-7.4602852425893005,-8.64348219261944,-7.736919150200261,-7.25909750042838,-6.421034295316518,-3.35743258213,-2.6949328668992893,-2.7911800596202356,-3.990915087319911,-3.3999318119222703,-5.00036065326138,-4.099714129137639
-2.2150620522674043,-1.8449779475259733,-3.3180431716523744,3.8776773503301354,2.5134803816739724,2.3221992029633305,2.4800952885507996,1.5892157545721362,0.3083950325941735,-1.7074674779671049,-2.5570626917233468,-4.608663369724281,-3.581862388587271,-3.139131749443272,-3.4805259795175063,-3.9622244800521096,-4.850905230568029,-3.7168453588348904,-4.010867027604329,-5.761327120007319,-5.861627224792896,-4.877917343979499,-6.086626814945424,-8.044342026809407,-4.782008830347039,-3.984250889318183,-3.0012804306295155,-3.1923627544765774,-3.4471584423111343,-3.389520754495606,-3.3896581862345037,-3.3303183306063326,-4.18214999782577,-4.023976122037156
-0.5764740864073146,-1.00264095471746,0.6892366955917172,2.718920709176046,1.5643315596865444,2.2963794746001795,1.5868704986267754,0.6680311333531583,-1.0698867161204735,-2.1461256694753907,-3.1681675718412823,-3.981348452255869,-3.516707083842045,-3.9368774066649386,-3.8850813574307566,-3.9528150189898454,-5.524233598827819,-4.602333956931299,-4.3435489232826665,-5.0802177659000884,-5.721123819073959,-5.564223390040426,-5.456024098791414,-5.547349676950847,-3.3286058592710215,-3.270364554077592,-4.341044109560783,-3.380379983532092,-3.415860581477372,-3.5624273382795013,-3.9850853442936933,-3.6052264860816767,-3.951278547756035,-3.504533990229904
-0.14562160806807742,-1.4499816553424811,1.1786916309129631,1.0780486467361245,0.43971365804069973,0.6909744253132857,0.1798867214605105,-0.6718080281604148,-1.6409443620746498,-2.1966091501919642,-3.540316826757739,-4.164124490854829,-4.382522770718842,-4.221214849223322,-3.321477527049088,-4.346829120271415,-4.756879116355372,-5.0055025166527685,-4.8037782536263665,-4.018975493012508,-5.4315397655276305,-5.634446790590398,-4.432149771849945,-3.691433149835506,-4.612227652519749,-4.608702888523073,-3.7907369079900657,-3.7522079039816636,-3.6489555120945547,-4.3540617180371655,-4.417476613482534,-3.866622181857047,-4.0210499558189925,-3.0294058996612945
-1.2412144665395648,-0.3193773786830385,-0.34206392365757093,-0.13178832554917017,1.0935128453099845,0.3503673817701304,-0.24778884272107707,-1.821066278480722,-3.6038863780314605,-4.621242908335785,-4.448080010321319,-4.982455250478244,-3.705839236264356,-4.304356606974508,-2.9194636456790173,-4.03584405523558,-4.0601063741918955,-4.424631475375972,-4.165516534551521,-3.7033804753061705,-3.8411845983686153,-4.39600095766026,-6.034224144732232,-3.4328651276911364,-5.4883232561333,-4.393187575266432,-3.895818771764161,-4.252865743083431,-3.5469946329743394,-4.159632457298438,-2.6031588413578555,-3.741037649248471,-3.9566710572659276,-2.514077601772643
