script/wind10m.json
{"header": {"parameterCategory": 2, "parameterNumber": 3, "lo1": 3.000054539987559, "la1": 64.9999836372058, "dx": 0.5, "dy": 0.25, "nx": 34, "ny": 52, "refTime": "2025-10-16T21:00:00.000Z"}, "data":
[rows 0 to 23 of 52, columns 0 to 33 of 34]
-8.313752524379536,-6.740086002102863,-9.72737124892778,-10.282369042219216,-11.211488516490785,-9.04704771259627,-10.707064548292404,-10.620252904148352,-9.286233149960099,-9.709807999733393,-7.6380780306519265,-7.006379243741051,-3.459222329597617,-7.634776578022684,-0.668436566102276,-4.10396403705791,-6.600458098182124,-1.4795024322085346,-0.42998120461472,0.36690646290734685,-4.084619336690597,-1.4640979049117777,-0.5548682296415782,-2.0150184405247,-1.9783875241520552,1.0475871914224273,-0.5731963475176151,-1.0600034833427407,-0.22731392199424408,-0.8218262496251629,-0.816263268764399,-0.904742809673997,-0.7862664792387816,-0.8884078744721319
-9.136086329387044,-8.904623918021196,-10.40420431278465,-9.917904604413684,-10.067010651519587,-12.445982706593659,-4.766946877020719,-5.445969780030772,-9.509628190949746,-10.721336824281456,-1.198509517561073,-5.699946159639076,-6.675741413996332,-4.072425377511809,-6.133326286595718,-4.952934906337234,-4.387394969568125,-1.5424705280430686,1.1024875168596506,-1.3711175084744842,0.9219196590361353,-0.19107591161571777,-0.9550732102528611,-2.432223604468941,0.11279667684148735,-0.11506772266741906,0.3639215701690239,-0.5385147592566302,-0.19793851516795158,-0.7692710404645917,-0.43303116740355724,-0.7261420683002615,-1.292719665569019,-0.959007039483473
-8.91624253044861,-9.561722137784022,-11.057152648601951,-8.339222200971498,-6.522599771449086,-11.44057965558768,-8.8290094842018,-13.192726549826446,-9.078460973796288,-4.697595617722163,-11.188506251116618,-6.866462813800598,-5.630733654664041,-4.714941193317595,-4.65757153993117,-4.968873834882476,-0.2988143088968401,1.5868203082345094,0.19872265245878387,-0.27482741839637914,-0.9880601823867138,-0.8890160104258773,0.03855737979062172,-2.4537754114926704,-0.5376604574010584,0.047618115634046713,-0.008787767695364431,-0.652703383642461,-0.6339416983896314,-0.4860622978982968,-0.591175203578748,-0.6134502487767863,-1.0684415121051214,-0.5910815614972791
-8.632362675261021,-9.357098758430139,-9.356435753760538,-9.611210787769508,-8.479426950307682,-6.201915887271093,-8.744531909324406,-7.063560978724672,-6.516581706032637,-9.96514250918001,-8.829812465303135,-4.948092720676314,-4.5584516425827735,-5.06913191905239,-6.373113452818509,-3.015361768089791,-0.07839930118575515,-1.1932875723928025,-2.1913332618289987,1.2096390830526476,-0.9820445777166668,-3.4036558661205003,-3.8285152967386096,-0.7039831103608342,-1.0617549622997162,-0.8252114499437593,-0.31259587646368847,-0.6040190057104712,-0.7793057230083104,-0.5684527491065218,-1.0518242062864966,-0.6330823710615815,-0.8435805607613606,-1.3576910301635539
-8.6689277643641,-10.099451514642665,-8.564637724339388,-7.833904233679709,-8.234297846811192,-9.349484916985746,-8.600895968802213,-7.342045900838266,-10.817983889811424,-9.26205750121341,-5.692450890479735,-4.731378135715294,-4.870602185869454,-4.458823534466141,-2.4281301644720954,0.5515119121322851,-1.7386864720281048,0.29556252319742304,-0.32652350233637667,-0.9638671158528311,-2.959057816411447,-5.262315734249304,-0.9710351730534902,-0.6786394022631687,-1.2033430716783968,0.4797854336170666,-1.1292508837364585,-0.5052323589893107,-1.2669626720553337,-0.6135476337284672,-0.945530914267129,-1.663055316385773,-1.0147091584793066,-1.3440399085455885
-8.066991981365375,-9.57761055728932,-9.077264978488474,-8.243341696507667,-6.133693822923935,-9.451137003981518,-6.328336297997806,-7.265805869868247,-8.325502961086874,-4.854134131387366,-4.737357964128808,-5.234862771774974,-0.05991583012283763,1.1885806274191923,1.2222126742332518,0.07097963253090273,2.4477307432806112,2.2329309293612676,-0.3722730300926707,-0.893257420474055,-1.3410081287439044,-1.4363856787224294,-0.338159853750249,-0.1236268374322376,0.5429583153615513,0.22301891721253406,0.6377218299485583,-0.10755567889534258,-0.3212378070100866,-1.19097427453998,-1.1639975933377338,-1.3043330487362321,-1.3232116246499677,-1.4999743621292927
-7.658112996932365,-9.21803862779464,-6.072496536682291,-9.404697970708362,-7.385876719081029,-8.57537641968886,-6.158420544305324,-6.444517183011382,-5.8589602710943485,-2.1539408281742993,-4.478580614166935,-3.9670464203215983,-1.4967471120083675,-2.415069420538599,-2.82060298816309,-1.2859779333064654,0.3720847467663674,0.4898550820050982,-3.2306469182292186,-1.961492503365043,-1.572409895912399,-0.7879101437124957,-0.9101396153679701,0.7148178699608483,-0.24759145463386265,0.7465159025348475,-0.07685884777252135,-0.6333671624173246,-0.06108125583756646,-1.0307745930266272,-1.281704265274929,-0.6866502599625424,-1.4328471513610967,-4.734220628509054
-8.440520772092878,-8.585046055336354,-7.631574752056109,-7.944776475274171,-6.315288744094409,-9.182203211068376,-8.206661325016867,-6.014467863166213,-6.784616660414604,-5.886476641910141,-4.781950099859563,-1.549236369252958,-1.0156711283177222,-1.6817176900890656,0.07408574592657068,1.7032339608035731,0.12422687104538291,0.11414827243203456,-2.046327934295302,-0.9431749084168252,-2.218695962149901,-0.08032133040989459,-0.229304951165715,-1.137254139714614,-0.21811502294629342,-0.6138446366259032,-0.754213564332028,-0.4992868032446787,-0.5008869952835439,-1.690478807265288,-2.151277628274464,-1.930425527500203,-1.691357627612704,-6.441587943052015
-7.635318983057787,-7.068389886972326,-7.583762558307949,-7.070089515148935,-8.914647895726716,-5.931095029779005,-7.031295319198306,-6.463653349191963,-3.5066167019256707,-2.0171906431580124,0.4458261494858483,1.0594569052060112,1.0720696499466171,-1.5608612198292067,0.0002486952632457254,-0.5984790582102927,-1.2496171578509219,-1.0856319460716144,-1.8783253505287918,-3.3778865899765953,-4.832073393720787,-2.9168231509907954,-1.765579376732567,-1.054532367297728,-0.3365168817911939,-0.6959281912142515,-0.6806493056623208,-0.25162512229692086,-0.8839853355127988,-0.737459878490886,-2.1226757310409634,-2.5009950902398814,-7.066085058542905,-7.748994959025414
-7.657944190148607,-6.56522759043759,-6.159771715510129,-6.806104571953279,-6.654191994749815,-6.431216042909372,-7.558237315072322,-5.086216424817038,-2.975300035984079,1.6150127399221044,-0.3286277396181661,0.729278606595601,-1.1889289193696295,-3.478471873148705,-2.2021400192142635,-3.3060993692870095,-3.096305545690101,-3.7112330180600677,-2.4288114670902567,-1.7427143547971973,-1.851735613570314,0.30687501648313964,-0.3410578218545847,1.1692646728832654,-0.30331221032498284,-0.7356764195606352,-0.14975533058264484,-1.2707393085762289,-1.4231933201658116,-1.530383819494387,-2.524635312269669,-6.776444669368326,-7.355092867698591,-8.66397962318499
-5.798459427388007,-7.787499810178399,-5.549654303424032,-3.946434879952492,-6.063563076212999,-5.709953900946031,-5.018928360873951,-0.2509327085128869,0.14074991276228446,1.3198368731916748,-2.8457582473496323,-3.624153310739486,0.24447372566681327,-3.2527863826768226,-2.638489443456713,-1.6790549162273771,-2.2430307026508154,-0.5062806643016197,-2.843254496684976,-1.0017317103384262,-0.7494604838020976,-0.197618340720061,-0.9977103658579847,0.14012641914489501,-0.7121869087488981,-0.21855302661593215,-0.42940165367429484,-0.9530049547193502,-1.5141094767738341,-2.237431287775921,-5.026962561257435,-7.4286226632041945,-8.662321301743923,-8.338251479755444
-7.793325916421199,-6.955137315305959,-4.57182534429645,-7.445549958506692,-5.771282123930688,-3.8887843856036857,-1.5343860159519636,-1.5521389805263506,1.7971590540645503,-0.3487621600798307,-0.026759356673758946,-1.4496246848174739,-2.5459289311622912,-1.9873268253609955,-5.120306778761262,-2.1540717246493455,-0.5916725598323523,-3.436793413155333,-2.60473084311997,-2.153505835445654,-0.5896338257142357,-1.3755632796696298,0.08167141042644092,-0.45642168217333107,-0.8852184394783548,-1.632202536707726,-1.8764256894754556,-1.9348284910554123,-1.7879306299477478,-1.288074620006332,-7.243144127761112,-7.456991304137766,-8.48993409291378,-8.948848183214702
-7.0305536653004905,-7.820601073756949,-7.6207358803499865,-7.110100796545073,-4.1238305377387725,-0.8251448021658361,-1.547227946674271,-1.1993047349783856,-1.7478259128957956,-3.265671787392394,-4.4493702008575315,-6.068980392955238,-3.5968261717313834,-1.5700356430314168,-3.0005801584402123,0.2259136976494155,-3.7970467365315117,-3.4078766724433134,-1.5990764339976389,-0.9632732538535426,-1.5868736196759687,-1.1318778257959627,-0.9156225730163277,-0.7454318949366605,-0.7089426390033184,-1.2194369370826625,-1.7005530050592328,-1.748482330421415,-1.3815172375557643,-4.76650969229135,-8.008879678412772,-8.87402660174306,-8.727814913650908,-8.689379578333003
-7.149978260858726,-7.771682893256734,-7.784233098835999,-6.542812960295439,-2.534511925344256,-5.089968293046344,-2.392502220376727,-0.3546213959366629,-2.2620526543489783,-3.3068515478545386,-3.532492507474461,-2.6693492396005034,-1.926718726121316,-0.6911230187391698,-2.678710860401507,-1.8750290724110426,-1.7500380950606456,0.6113243086227134,-2.6619581188416945,-0.5877789379803635,-1.4515966487285992,-0.7062748333226699,-0.9494389708421953,-0.7860655716735101,-0.9631271916798533,-1.6109375435777664,-0.7857140379833665,0.3294708204350448,-1.0472643154972834,-3.5979025661168693,-7.137855468385701,-8.940852458930133,-9.087061249332283,-8.360520922790208
-7.22122970950699,-7.147099836288892,-6.268491338065658,-5.226653991681922,-1.1929361526612197,-1.3712422395448423,0.6213159371459788,-2.7392349292977545,-4.222299653916195,-2.6300697356612908,-3.694867831454108,-4.419839707727243,-4.880675230505725,-0.7644361983524587,-1.4991925339173144,-1.861409446426225,-0.16487234027065234,-1.2291694456147273,-1.786199682788553,-2.0359251759085644,-1.36234187015169,0.4808430839398845,-1.8501353128427525,-1.2806707959520054,-1.536706329730286,-1.6919286604788775,-0.8958250550639759,-1.3489366195972798,-1.2878241196784654,-5.442517500181818,-7.492702117068426,-8.486311456161122,-8.459021116494796,-8.329316320681661
-7.073828232604155,-7.1566976736367005,-6.7250027888204675,-5.771541182395662,-1.9381707781177842,-1.0509842632612787,-2.2759403278147308,-1.7255615323110043,0.35959130768908665,-0.5422453713328981,-0.246264029835498,-2.133130867142516,-2.0570324743661765,-2.1382833152630965,-0.8860602614410547,-0.5415281465290822,-2.1476117150524185,-0.6160895840962327,-1.0256596946416903,-0.6383400210054595,-0.6915219444033212,-1.9280434814291423,-0.413207082864923,-1.8363424588860071,-0.5019739349382645,-1.4067315696031886,-0.953374429394582,-0.7927041849637466,-0.4983055921852496,-5.645705838876412,-8.196422217873325,-8.293823923838074,-8.314122589053058,-7.921203202470331
-7.213635722522799,-7.287164514182939,-7.163169430855785,-7.804848525378825,-3.82935607827767,0.5536253165068636,-4.142093062770883,-0.6088291624417115,-1.027728458847954,-0.4396092943961512,-1.503956409053032,-6.059278009468824,0.2713073764590501,-0.7168701824812628,0.8519839624505086,-0.21741463910971323,-0.786540639192141,-0.0427399154428395,0.46586234908936364,0.5011579851447322,-1.4125493903909307,-1.7653924369111815,-1.6172086546957434,-1.4867936764342593,-0.42979960682361956,0.7186862269670143,-1.95507020353647,-1.6042597059720896,-1.8842147748976712,-5.843900360741307,-8.061563621963458,-8.318091054825338,-7.6200051590512015,-7.427302777832501
-7.142767677592542,-7.441273442107673,-7.247867434761616,-6.839904113066483,-1.8159605374703949,-1.0227939438113816,-1.3080095350576806,-1.0224305669451974,-2.08885937351635,-3.465622662599782,-2.5795316594450504,-4.2910375617268635,-0.5020555405251123,-1.861137979442758,0.2596518573817158,-0.6066750153217392,0.6891584374674291,1.4282335964189719,-1.0961636618210044,-1.3233930223010066,-2.1329887476801055,-0.8087028171949927,-0.3390665727607019,-1.6551101383891036,-1.6249870289572559,-2.4524915748756566,0.08487248769899793,-1.9694194083454952,-0.5487873833346906,-1.9296233836504006,-7.565951260778661,-7.96427121503363,-7.262352764645658,-6.77045724852722
-7.127504566253068,-7.360248464937123,-7.646181639494264,-7.3522863379485255,-1.9689171122808322,0.2985740689272763,-4.056503647794577,0.2868839128246899,-2.510298335152383,-5.138350024807657,1.1635067552414176,-0.8533370237305553,-0.2735634051314833,0.016453755747078372,-1.8197432061330674,-1.0460054758643673,-1.7907294249198922,-1.1461673337597966,-0.7418295127576399,-1.2780743037299938,-1.293486010360461,-2.03646259236693,-0.939694814804891,-0.6006845166779752,1.417275392546492,-1.3138024817090304,-2.0452484198437397,0.11819659306317308,-0.3744332870774913,-0.04467595548944403,0.5293425516805845,-6.886286740577704,-7.252191506600199,-6.400833084002326
-7.182143157104309,-7.457397713336078,-7.588088455558841,-7.8831060584755015,-1.7212169577626804,-1.7008203236749913,1.2867196755842103,-2.019436062286511,-1.8293675329145105,-1.769986715865202,-1.0596389536560678,-1.5948066540662542,-0.9678477572177122,-3.8971364810219313,-0.498274331072525,-1.506200621837821,-1.4546240737964589,-1.3433566235856365,0.5536591456179139,0.45154298971082824,-1.5567433985075643,-1.2008752126103233,-2.181009326165898,-0.8694042292435843,-1.4141976577135174,-1.750641780982173,-1.4929772314241507,-1.1171651901199364,0.8942459412098945,0.5879572963585726,0.06276966116234643,-0.2799625183713215,-2.6343072182516676,-3.006247970562337
-7.112469160701533,-7.5693355851042545,-7.847047087944702,-8.098149921590306,-6.6353054349122145,-2.135262679044598,-0.7889615608182099,-0.7006577200303614,-3.182553540706318,-1.8377807730981857,-1.5609553545255306,-1.6462699959312637,-0.974865024177547,0.2021969159910773,0.7445374337199072,-2.366419910666469,-2.3412316878077384,0.6035210098982979,-1.7612518280835052,-1.5739816808365754,-1.2192078829873558,0.21191503591026958,-1.814968067478402,-0.7591269717534276,-1.622751845572457,-0.9275946611032697,-0.5784620228465535,-0.6430642173535386,-0.20592726013526666,-0.6786111233129813,-0.8214915373674424,-1.0263135727505877,-3.662416230738319,-5.34750276020271
-7.126827179137911,-7.567653594409156,-8.009447358604499,-8.374840239271823,-7.0251580685524,-3.9309420823371934,-1.202104596424228,-0.4791393940649946,-0.48549644718462964,0.29961810171883935,-4.666694973385431,-2.4718497074842714,-2.399587377353049,-2.5045987078541456,1.355460842961702,-1.6266421959188864,-2.2918409042960604,-0.2582224236526622,-1.1752099675533918,-0.8956734723913168,-2.0236703575384554,-1.720215456990873,-2.051599084181676,-0.6207401655047059,-1.7194889227917773,0.532123853093401,-1.162296949747693,-1.2730307267485115,-1.3541114011256545,-1.8807993681443058,-1.4226483722254586,-1.5601194919854722,-1.0762533283647457,-5.44329519922948
-7.017363138875922,-7.6468418963484535,-8.169649667858021,-8.52072640115489,-6.564373014576216,-1.1224119864623536,-3.6987299550923196,-2.6349343872277937,-2.288557990699423,-2.8959513936761097,-1.3308885891013056,-3.9944603950929176,-3.4462100870241352,-1.4580705451288591,-1.2870600684011368,-4.0008391327967905,-1.8515627336010037,-0.9656658409161389,-0.2108743596683413,-1.945082073231652,-1.4336686031035812,-1.0843686111532398,-1.911890977038613,-2.1695733055821824,-0.11166445563222593,-1.0165491969349394,-1.664815482709288,-2.0944280342640087,-1.826784413361622,-2.5173201455872496,-1.2928815400719553,-2.32939621999192,-5.242149098622106,-6.148329405747959
-7.4373223005781535,-7.796592615488886,-8.201642480672914,-8.837971716592472,-6.364872902569507,-3.144402234254687,-1.0719359105445094,-1.0893392596473548,-3.729181623056828,-2.3739014132695653,-1.5661564868938103,-1.1598339550298165,-0.7877454627724232,-1.1903692606535183,-2.0353547447886875,-3.4044090399895928,-1.573566485515563,-0.8939487133358613,-1.1045280758660028,-1.8756021194450947,-1.4614666082637138,-3.346576113724565,-3.047560847201486,-1.320890881031744,-1.7488745125299814,-1.4975408618024528,-3.4295709092503155,-0.8601329727936493,-0.924790999825372,-0.852223242532194,-1.2584842271679273,-1.0739415326625887,-4.135251869901083,-6.1298294628823005
