script/wind150m.json
{"header": {"parameterCategory": 2, "parameterNumber": 3, "lo1": 3.000054539987559, "la1": 64.9999836372058, "dx": 0.5, "dy": 0.25, "nx": 34, "ny": 52, "refTime": "2025-11-28T16:00:00.000Z"}, "data":
[rows 0 to 24 of 52, columns 0 to 33 of 34]
15.01169252002916,15.290169505268002,16.479360158150573,18.401238221567514,20.277468485943977,19.031991305059165,20.33291654610238,18.920458292446416,19.371590292337498,19.119396015048267,17.07143590323219,16.41576660317015,18.998141381120714,17.55495888869061,16.885534379522724,14.020538513712792,12.263153369625314,14.133225704211506,10.765535381831441,18.75932194530345,10.03575865257999,8.303101189610949,9.194402776988992,6.5869686548494855,10.249728856974693,2.512068382058674,7.35118497374667,9.492728500100574,10.579359119542831,9.063693687579773,6.467211290124042,7.015930932258707,6.632844252479499,6.525524618821875
16.7198261997158,16.777453382693725,19.305066586904704,20.979216139706605,20.125247965363684,21.52851539767598,20.495850605076214,19.938067393127827,19.90376619962484,17.229249854213972,17.129103369275697,18.307341259828647,15.561228440672306,15.687099834716577,15.170104245964804,13.399982419523297,13.129012073969951,13.718479745175285,17.30441530172586,11.682749730911183,6.781246789540939,8.676961784634758,6.842632015859046,9.590906358079572,3.08664494682028,0.7971052686554804,8.886359884264879,6.842365744308031,8.001668267179806,8.49255385305019,7.419188585186276,7.629423905859147,6.914365348717095,8.444261557571854
17.083382081058907,18.531751470282103,18.79394464352706,20.57743574466484,21.28276793726485,20.187900339186648,17.86836993110984,19.912274469684093,18.764765105719952,19.47717391006278,17.558271566870157,18.0555228222179,16.621600517143087,16.61392902086175,15.314845237114,15.383405193196456,12.30316715781793,11.179751477293378,4.097988762749463,11.241178901171551,12.634967838501296,8.481542951430903,7.788582305856898,8.267065040478576,7.44313925855671,5.821810828612477,6.804547254734636,10.016165872710415,6.936525058872734,7.775248683815723,7.50638006322173,5.607310578059444,5.963647176661369,9.050323008737333
17.647355092380817,18.879996162786465,18.468572882927266,20.732804763929323,21.06113184906738,21.09191603264369,20.65034268854578,18.905671172908143,20.162141622420304,19.337853109795116,17.46874217140921,16.133104434282963,15.337131653505612,15.163783832692953,15.026141609514074,16.40621039352611,9.785659134200609,15.558836717032701,11.420743726062735,4.771573661824078,14.898853863663406,9.531780829179244,6.5308738557186645,9.650079572369247,5.10608318112637,4.936059616403946,9.743358687412005,8.149951753952152,7.591850879708229,8.863637955992882,4.7465225782629155,8.736971280274517,7.0909901235895765,6.479730340141385
18.177212227362418,19.9068033427612,21.689241707508227,20.646168050167056,21.39272275598111,21.793328707913716,21.05163683292686,20.684452748855367,19.23024674394203,18.44644701653528,15.789690227845917,13.034396561470162,12.544969003778698,13.425112048383271,11.895362227095834,17.571877427827562,13.296874092204156,7.3794956042002475,10.442985601715236,14.283127187991802,13.534343664007677,12.34414825286602,5.15486262431541,8.76937481197509,9.113587685107854,8.11305324702602,10.722711581429365,8.836892629986266,9.064474276801493,9.356316848687257,6.709832421172182,7.741539248309318,8.826418350245346,5.933919485934464
20.27830550268905,20.26164735052443,21.272039781574595,21.408773481444033,21.767706132106127,21.38280554421192,21.12623942930663,21.72466288985707,20.397831110525363,16.121525827089457,12.149769431623113,11.051099851671184,11.13287769012139,12.669222139980532,13.037125136439736,12.708073482532697,5.469791526495691,13.413817400169616,13.620077891282035,11.03657636112365,6.565684530654068,4.51128363152201,9.702741304564205,8.851659345373948,8.3547517865701,10.653443636628435,9.078829819119928,7.648394977781872,7.984655797106357,7.5513994843977095,7.5019601184280935,4.572263707713695,4.759085851113901,6.422212541880346
21.31847698724293,21.45606058528936,21.31629450499376,20.482554978049983,20.792927636653083,21.54202363698357,20.452898463908358,22.741267244906265,17.52978451232345,14.751681353156556,11.947352279295414,10.431442353938568,8.268100096815322,10.449547884965348,11.272703338269459,11.613719936573217,9.102246691489416,15.510402325780676,14.32683013604818,13.83629461705816,11.999787718327003,11.104598074924652,7.687770832685111,10.337478448885292,11.629400089654617,10.098973023719429,11.412836062996588,7.4666118821821,9.43952850866309,10.057061366462982,5.0198141988999545,7.085848626724524,6.28686326142377,6.8076170000358065
23.01679463916909,22.92733021399691,21.933700996748346,21.94711480212893,20.20233042688629,19.833391411362754,22.204879720467304,21.47935680837927,14.795401422877246,10.889759077253679,10.428400801963148,7.515664429980767,6.802482181248095,9.34313131864369,11.605707052856205,16.641359534863295,5.0320134130789285,14.83299094926887,16.428093617740853,15.615158301603852,12.72231823216386,10.078931076815403,5.907585682408873,9.561207277479273,8.9803770164448,7.888910232302974,7.383718556484606,11.257922135873605,6.666991324707231,6.343801825961662,9.740265337089646,5.949185144136372,7.43904047554817,14.01050784221871
22.592929839258733,22.923386160760792,22.268599074002836,22.667872460413413,22.160514434708134,22.818397985081962,21.886327014076777,16.733814032868466,11.356038005263573,6.637164895561039,11.033134353445336,5.248716915150427,10.86355917173495,11.761664715176995,21.83392196965544,8.182630991810743,9.59578863802808,22.074958811380395,17.27687087681221,13.834630139633944,16.227534051602973,12.789601386934443,11.658880117612139,8.962095843833232,10.233867640449345,9.777595271131984,9.63547628802838,7.72192824137407,9.043638476736087,9.42694614188575,7.443594099691112,7.729313448540586,14.007258994653593,15.01534451809544
23.285143841407116,22.61427822398557,23.657668778072836,22.952151853912053,22.748973444637006,24.542759767665437,19.921585702988814,12.89566679989499,11.850755045383297,7.114236873567609,9.54068564397395,11.87845566446751,19.217514717909136,12.62458146243315,14.662515510731577,22.51067763103222,15.568163215041954,11.143301520747492,10.72828628607393,8.509909281406864,13.798028326121596,8.269189506247411,4.820935818499735,10.359073937783743,9.986510908796404,8.944779340866676,12.542105049322474,7.073881238943707,8.862962498455502,7.088106273598806,10.727789430376905,13.752687636836033,14.64958058645443,16.026252937419702
23.726795797904874,23.631858079523763,24.52880834271337,24.84862703544963,22.66439394853365,20.84188871014347,12.175125774020815,11.948183045068259,22.69009447812578,8.239728837842378,22.210482027076683,21.06699081370485,20.789910791999713,20.474273620755426,15.987069422950372,14.1679761046045,11.627005179762198,10.506515267255116,11.601544592446919,13.189224258303991,9.426729883407665,5.656708506033687,9.07044157413732,9.15258412516483,7.287597252619457,8.47215624629239,6.806899547133355,6.885899012763566,8.050422006188569,4.326678921882257,11.037330038968525,15.911104817724112,16.920793527645923,16.373296319128055
24.465327435698747,24.487282583560347,24.65848404530562,25.77513862131826,25.91768043734602,20.13525260743828,18.379070923833115,17.71552697278955,16.384141941762106,21.066826890579552,12.205499780271532,9.833701461797418,15.81109423013604,11.619109609361603,18.662790077140706,12.482996825882626,14.027885695522317,16.952056851105823,16.89801091501778,14.52077151459647,12.665787650791344,6.552585128780434,7.465360657603535,11.197940357327758,9.333252593704158,7.212495643855351,9.836867160732545,9.45192076377258,9.396480250157822,6.020986103159148,15.169696526108458,16.43227323116869,16.556917385102306,16.318590529504416
24.937850904228036,24.880602122204994,25.129292115794527,25.51479188385723,25.16252225871186,16.48807845933467,13.837050342078365,10.28664304478141,18.646998001351285,17.3767865798728,11.449877556636713,19.635550449589523,13.58151572073911,18.29236977743522,17.745471792310877,18.389159400293835,9.66620489310854,13.561791863640163,11.81773657680603,8.240221417953562,11.083689250745481,11.46531131492869,10.469228445920802,9.209641973186239,7.8261502003734345,8.007660066431256,10.147192907037658,6.824726505426663,8.117940646695462,10.397183562414247,14.40700629588875,15.383806041818172,16.84078939558294,16.686396690450525
25.10101464221711,24.595814910396065,24.64946866988569,24.659080538204147,20.819210661593083,27.593467798827714,26.540083760467343,12.481713406631545,22.04832261023108,24.304185312478776,20.186486030937175,17.77781718328226,8.88832316921046,2.8279587638763917,11.98848637511716,14.91457812514193,14.043156129249327,11.316535835106183,12.986892290658703,10.665999751792798,8.287209128154247,11.156065428846492,10.823228038327251,9.273604255138093,7.176824926338809,10.98440359911822,9.93611436964405,11.179678061750531,9.036376230095648,12.448344204389665,16.29780126314204,16.959716124800405,17.00926346469318,15.165408064323367
25.298127511869474,24.902381750576822,24.30431553004557,25.52368498434051,23.339838097885593,14.215573271373083,9.874148823929755,20.214623213632315,12.822404249091097,13.120252918922654,11.351871182841293,9.382623980320874,14.040370730191935,13.174699617063059,11.636223699962882,13.423566010846564,7.901363365367636,12.85482482664572,12.96895687533431,10.951699848757414,10.522980610129897,8.229628618975042,9.224724924020835,10.40166268684722,8.865699044781213,9.234722889970605,7.382636316931114,8.981493978549484,7.20710977266994,11.813587702529652,13.581102815852491,15.530708343532828,14.985923044108956,14.945429797109842
24.61045215001198,24.829621713080755,23.92675613537689,24.771747490410448,21.911078839433518,14.272503022037569,15.188570693205412,4.843555180100347,8.924769805221949,7.034972838319636,12.05524537485575,12.75307641924875,11.437159418879677,13.070409014415096,9.695142188482942,16.065155472285714,14.53473902610945,10.52231519579318,11.136227725444567,9.869314051560828,12.717873496349341,10.082793848608747,7.60487327656578,8.155550084914806,8.586470031823543,9.976895364819082,10.242095482483276,5.935727204878106,9.433007162318262,10.725115595015271,12.563639606258192,14.011383676839387,14.604604831873136,14.763709682804828
24.921951214721837,24.586901432340632,23.582781733701836,23.902049907930046,20.517226188267216,21.886985477886306,20.522755802820924,20.332260339716218,10.7435606132406,22.212359247720773,17.283407393721788,9.317539082099183,11.948729382749173,6.874974485391004,6.5171260294804245,7.592013289663782,10.351921256292366,10.81175663218029,11.247800031317267,10.596569884470558,10.707734021610491,9.83219339336854,10.130659775586818,9.5426829541573,8.880153095501393,8.313701427180462,9.919160081933969,8.026985018260708,9.061418999732627,11.529477214833522,13.160685311596296,12.910875336411163,13.633845131447362,14.52270066232472
24.05166432266133,23.38279499609855,22.533366074648967,22.94218777658763,18.689861591871214,14.021472503615895,20.01922677331864,13.190453440923562,18.966981325227586,16.910858808473943,10.884793523447048,8.827602316210262,10.088332002908261,9.833282406182093,13.205806087335556,11.488429673564825,12.308506367557968,13.185984004384181,11.930477724933528,10.709626033404046,9.704455029175636,9.197823484279436,9.257655829052611,9.057478539039549,8.109901105266788,7.126622521462176,8.883651299959455,8.175291205228739,10.41435752628363,11.938483716541077,13.95702269340673,14.403668056562237,13.470375782983657,14.04883881760334
22.96719872743826,22.889046752624964,23.112862761589643,22.2656296023996,20.4223560413928,14.56299890552234,17.777637947237597,15.977833053734653,6.855213031508698,10.023095945935376,11.777748832012147,10.078052019611759,12.987395081946495,11.083257235779989,11.473198006624251,13.391564830594993,10.620788120035103,11.573319199621382,12.146847592678236,10.250720682567,9.699796716254514,11.056318461795367,9.624628945680001,8.557162442732206,9.831607914435335,8.97078621417284,9.30738717072102,9.954389553520594,9.48396728884381,10.541063933386672,10.602723087400987,10.81637640586862,11.891093850360049,12.911500621031383
23.66397566034907,23.469958354436642,23.319668835474747,22.160722132685027,19.827367914065462,14.476467316595073,11.01864417122194,14.742219013889581,21.287899416542416,11.740044558825995,9.397234030131468,13.086128918728283,10.406344687079969,13.59635024724211,11.811659334149635,12.555329776377098,10.72748778024315,10.192378606300467,10.176816225279126,9.236509770519842,8.817397297744499,9.81585571197187,11.057401452091215,11.211586663563702,8.254276210377842,8.608157205082481,8.692742014606294,9.25904252288089,10.44607133226968,10.800676122623114,9.84932585418428,9.020101089483754,9.619612595661787,11.431350786731336
23.414833383364847,23.23274950521175,23.061357422693476,22.02127915968984,21.51842358582541,14.775352020100717,15.212237910311595,18.20942109889139,11.308061626098839,15.622709771587473,16.860875256587,12.131068190987548,8.005588308725391,10.962213430952698,10.377444438399095,11.440655879436562,14.311211782412865,12.273195527219569,11.098235034158279,10.213178882132299,9.027761747513821,10.3339746197474,8.226833661879331,8.554529476014375,9.718698782757935,9.015211915249498,7.777013958351749,9.838521046006734,10.144926781823589,9.07253167055141,9.041196633784947,7.510514339034888,8.072224174310186,11.5409202152236
22.734919901241906,23.241837550215266,22.647241037061598,21.588668191019465,20.739880557510567,15.356546580052411,9.841881463050127,11.23170096741378,14.685264761592059,10.242271856981757,10.716492358354504,10.709206607528838,8.222987490804206,9.17905623293392,7.598128568146119,10.533445658012367,11.81172925286283,13.3334313062336,10.838461147295396,8.954243368018398,9.246622521777015,8.483102125374534,10.525070720668376,9.367812671532826,8.101812220917305,8.201368456390842,8.033327043733088,9.691686859402914,9.869029466028866,10.678721736367757,7.9883493971836925,7.335102590621308,7.695907400084888,12.875942846193656
22.254773066294025,22.09603014413188,21.238658983696816,20.677772271833142,20.77880016968536,15.297416197759835,14.888635385086639,14.842494951672993,12.383277525063177,12.795289809681273,6.517786769600144,10.377067093268707,10.920598347601466,13.018622620305143,11.189943025538962,12.006983908030064,13.029314211939539,11.287984597526071,9.79745585115393,10.139364132303777,9.042564462880375,9.399059754341302,10.28038457273372,8.797232931753243,6.8357800053153746,7.300019669825147,9.176279753587066,10.425871504997973,9.075683569221688,10.05241709162053,8.109378482534021,8.328348800088166,10.622617969835142,13.918762941061438
21.176191727405428,21.35340609092054,20.780491212966872,20.194439539573548,19.520085558865038,15.585676888246766,14.633857466114552,14.936350860757143,18.241777556949806,9.981929839069515,5.857055213009359,9.588864084564111,11.586639065225445,9.242429840770619,11.690205220578218,15.008944190629542,13.027326062054774,10.447773746913823,9.890443653254351,8.452160071042748,8.45517712908378,11.110498961976816,12.783025008505405,8.446669120042252,7.5985589946044705,9.186575561609496,10.117532858372718,8.547913681788899,8.338001322386429,8.660339834531149,7.968386938032157,7.603677924390912,12.852811503347928,11.674472407962348
21.214454638457543,20.4133245580161,19.503900495515467,19.866002470393973,19.156963561017,18.62567599050198,11.803934816368672,16.84049292269787,14.223289742501551,10.918327713539478,9.994892094255498,8.201750232313813,10.009748136479175,10.14408752763735,15.379989393429884,17.10634280572895,16.281637258450314,11.435578039532022,9.209503751601245,8.138209223967843,10.439705403417662,12.275307786246607,10.501310938082261,8.129978856740301,6.978671412476145,7.986901622795016,7.610077038981013,8.277733299647391,8.701567664658238,7.8571150603711875,7.698291855582738,12.136513864194104,12.37009636397636,11.197255520937924
