script/wind50m.json
{"header": {"parameterCategory": 2, "parameterNumber": 2, "lo1": 3.000054539987559, "la1": 64.9999836372058, "dx": 0.5, "dy": 0.25, "nx": 34, "ny": 52, "refTime": "2026-07-11T14:00:00.000Z"}, "data":
[rows 0 to 23 of 52, columns 0 to 33 of 34]
4.773416382924573,3.726308718716561,4.7256455915621745,4.65654438256698,4.5802610473385235,4.687138909482895,3.6177220153211165,4.098259312332862,4.850859041476558,3.783867334432845,3.9070966678751686,4.5022414218213935,3.412710059363907,2.8283718191481286,3.461305466709762,2.2930241133006652,3.159514340984725,3.39225802356511,2.061695208117679,0.9582592163356191,4.743755370141201,2.983042849402135,4.7378735372370615,2.6321924091787623,1.0358918647693969,1.8978169547893409,2.1453021838785626,0.8621362025563696,2.1564936101985186,1.9231166799241382,1.1648253756610116,1.4253915967820638,1.1284480322128358,2.6546620534502665
5.049669358751154,4.749056969017377,4.656709782411532,4.268524428054278,3.8998566428777424,3.3298481691969175,3.279324836586638,4.038865975143594,3.8954545307993445,4.448209522916276,3.837910343166454,3.1487527543261384,2.627909939885398,2.3582616511570285,2.7213095757244488,2.604202772712347,4.693885463298397,3.4088802870840365,3.6193530294435483,5.9335505817944725,2.5692454189731184,3.3528853849420046,2.0862603164620563,5.077192899648812,2.9793449989666194,1.996510787926957,1.373507694347279,0.18047998173804894,0.8155103346982103,0.3386535280841586,1.5668550356744826,1.1539346150307017,1.9355035405446472,1.5763107021630822
3.411625924386007,4.149875077423987,4.779234702848025,4.51548181017747,3.8121442070149403,4.656393412011461,2.9033638777112705,3.2157667147811693,3.34141601598142,3.075795131033143,1.6254736741428193,2.732544561499541,2.2005086255238315,2.4861776752418443,2.5401066703536985,2.4479693024847866,4.191340824518541,3.3230819864490346,3.6816607328327646,4.22938212412266,3.280457327961936,2.2619175792237787,2.3075476547781704,3.307449669120467,3.2157404321355134,3.142389101499415,1.6714161079222551,1.055767737361158,1.8981844975014344,-0.8156177497623134,0.8269336057588282,1.5698785415837277,1.8119405935604076,1.2891945198447896
3.4407427039488527,3.53879835632211,4.220452017142032,3.8009765711612826,3.134120841258961,3.00428206889579,2.9644605864654814,3.3687961802035558,2.991518904150356,3.197044312604459,1.743666383714938,2.47925239234511,2.0007506576973513,2.807602181961851,1.7962729727516458,3.2122865443260578,2.6556579289801103,2.010620567459337,3.5595221411030056,2.2089975602373766,3.521444980478163,3.305381409421597,3.325601702535683,2.799902214035997,3.277448875208518,3.805989613847235,4.9619020918954435,2.493305021462853,0.6513160282876489,0.8343163463718829,0.9878303941457196,1.3487672814418021,0.887749278286757,0.9185155205167489
1.3068008457990266,2.8342170918288274,2.919501027768726,3.281948361899393,2.6780819661731567,3.5004928095072585,2.230716109033666,2.4752915331467484,2.7868283977257566,2.289184759663465,1.6339452024263788,2.0910522982366024,1.966044948404748,2.127905551371601,1.8549541784083063,2.1161537543237756,2.363994580913709,2.578843962401932,2.65745798796235,3.851305138116884,3.2228536779331316,4.482577959122102,0.8394921454686451,2.1427146218964803,2.461662332558125,2.7386990422002286,3.5406512550113134,2.289098308530878,1.0768424362207671,1.5677047352459677,1.4694444429830529,1.5647613428137734,0.20619472578858666,1.5450101752726342
1.9631084885971406,1.4926445909678698,2.6378975162979854,2.1345405373042663,1.6198697376802602,1.8854297520349985,2.078643339042877,2.0674051885220837,1.5184726725138316,1.0206095962819743,1.8495521544022655,2.540015343015004,1.4805555281506422,-0.1305731991347154,1.6484052537862857,2.23283131950856,0.7247174011243886,3.5265618835294763,4.057558368374685,3.9898117487683344,0.5292915768582737,2.3624794241210556,1.618150257147413,3.3139176542012376,2.1480840115990985,3.1504640565575777,3.4379983081520513,3.249592114034262,1.2752142170483187,1.1432280498386957,0.9413788472213017,1.2890915633905515,0.5804043459406192,1.3346384077664053
2.014086652478561,0.9545796380041408,0.8052103246271131,1.5945062877310512,0.6581678739075443,1.1208537001490815,1.3424854216964313,0.9813417522236403,0.5011300010261508,1.3991940504980407,2.2359134840891324,1.8978384472373866,-1.4538871121892656,1.0873762798659374,3.6250220453715984,4.44816510203176,1.4268132094679387,1.9503380371069574,4.29659345288187,2.46376332292018,3.6457365628787346,3.120057184687261,3.0185640783159795,1.71749799142425,2.849331784121226,2.4645925543123357,2.9794060968273883,2.822326516254747,1.8832621920577246,1.6672288324433964,1.8416859398122267,0.39859335573674426,1.4825086542289383,2.03503987850227
1.3467819115573427,1.792812335434006,0.3239150183928396,0.2655716791375211,0.4897757848764622,0.27675491643424127,0.2161231216668419,-0.2886142567704108,0.3457952458745492,1.153056675538295,2.745197538241632,2.673068550563355,-0.9769107829629777,1.9980178559409634,-0.9441644532011362,1.086553897136205,0.5111407172908099,1.3435981476739722,1.7558156517446937,2.7109650557393437,3.6249221191044554,2.8452410376738144,4.348057567753992,2.7622226396863505,3.586153104068713,2.3434079488687907,1.429577668715756,1.5664204869709486,1.898513036572106,1.2513484560143198,0.7363430302985687,1.3014284692063331,1.2937009153078314,6.65640985702203
0.9494851842411152,-0.09239223238437354,0.7825607620741906,0.3785181220218085,-0.5839811643650176,-0.7556731890251263,-1.3597044539748402,-0.5554587066640184,-0.47141165526277573,0.0023492546065123194,2.095852633747243,1.3394601804073665,0.6403770526832787,1.8447223945096496,-1.1666328621837534,1.0438360694476478,0.3448019799903662,2.3937313221480174,-0.5186419542747663,2.2838399727936167,2.1007456732348873,2.3050655924779524,1.5865651376925112,3.429084537998281,1.9828595499167314,3.181827399420272,1.5399024449077738,2.371014286370171,2.135020081730593,3.000733796831645,1.4617249330919582,0.8312108546390475,5.141316100451675,6.899954231367497
0.8113351998819422,-0.31919981185343377,-0.07820512083693716,-1.0869749439976226,-1.1678729785626272,-1.9860911775917747,-1.4567448735498922,-1.337300187755373,1.661569830460892,0.14130564431482867,0.9732540574920593,-0.13310065029052828,0.9746190103510544,-1.0281013818832982,-0.5588751336852246,-0.5084969124754324,0.2729855256351015,1.771663044417928,1.3586371288985344,1.4144829841415252,3.0613244973992155,2.4283689546608453,1.509938645462488,1.980149438851563,3.049676299558904,1.4035678178019775,1.6650715991547653,1.4004493443715669,1.4231254072726123,0.8306991275258151,2.113465849392958,5.640988960960913,6.463727858962704,5.021480666509177
-2.0524164653504764,-0.11950969879759084,-0.5549729409555321,-1.8782514340512475,-2.6045865333087086,-2.3362524148320576,-0.2952877679047051,0.2040537632778811,-2.92162313543214,0.3653841063627646,1.197625337304317,1.6903591071741206,0.0400140046764244,-1.2497798735251442,0.06944482108540795,-0.06367759048155994,0.17189521705605051,2.436184601380132,-4.264094743461499,2.0019417489369835,0.6090849367498844,0.04231724099903137,-1.325437219320933,1.530606813698875,1.3273347507379396,-0.041295722970117896,2.1704004641873005,0.8188492074764755,2.3997780799231463,-1.7000122133092828,-0.10269823822026887,6.793255483588288,4.292364011029375,3.5141594730815955
-1.2868562361025,-1.517898281687555,-2.0233138740254946,-3.0003170503306094,-3.219472280544774,-1.3782331621042294,-2.8639467116457165,2.3836302224044617,2.3912934072593406,0.4842662444357059,0.29342864332819846,0.5510481103061152,-0.38544313411697256,-3.612308793778759,0.39673850347536754,0.20787752825501873,-0.7941975859081054,-3.048960519304866,0.33964572639732615,0.712455720637147,-1.6814668024932167,-0.08133753756313258,-0.15779325757215207,0.01420995932499057,0.43790520817672174,0.19678272629762322,0.7869182334109761,0.9921189453157433,1.745121171071154,2.425937596077994,3.4219173001816223,3.3566736789816165,2.6919293380597487,2.8822492261926165
-1.48661268769832,-1.6671276864350515,-2.5763265291656174,-2.9008913662176226,-1.5140590675423042,1.9415413267472885,0.04247571674167199,2.5431396116161444,2.2405084794949772,2.947913644251744,3.4818916156090642,-1.929295534515239,2.914886265567423,-5.187936011578533,-5.0475567348256805,-0.051489122009223474,0.7435541977557708,0.14580680064036602,0.5242616049796238,-2.6107502112394085,-2.437654149802571,-0.5033272918647378,-1.9570417838493308,-0.4139440860046479,-0.5464227240808519,-0.06454940457560686,-0.8012171528891275,-0.1825657196138286,-0.8038022581270678,2.3787706869245664,3.4971133826374428,1.958889636049196,1.6296947655930538,0.5602167775933095
-0.8230915867384375,-1.296449073534564,-2.2490215419141975,-1.9963951461241032,-2.6523655048391506,-1.0271341260760989,-0.29797602064878703,0.7855101435888219,0.9576175198547384,3.4532447592843907,2.6950159108420957,4.127240656690195,-1.8633513652102687,0.9944595084797971,-4.8489022030320905,1.0695747296489104,0.060538227255682496,-1.4983812940010068,-0.2074103605262877,0.6485369025209069,-0.8197954184438327,-4.746974069085595,-1.5827559815959615,-1.073992494495681,-0.057739626311933565,-0.4023781179835033,-0.5665830839475009,0.9208048354409116,1.7792754574168743,-2.2342190267170814,0.35539398651898285,0.24631334548108355,-0.3998624566664865,0.4066044389308188
-0.16778299966440863,-0.6925569377952177,-1.1531943910643545,1.1312959113287813,5.677377953465753,3.496915654156676,0.7493493610030982,2.3904162649298524,2.6703048979103166,3.740199849737345,3.2805922850275357,3.5667808335023565,0.32601281493772727,-2.95661624666397,-3.0767390891597928,-4.810334634646189,1.2838777680475915,0.12154729050121789,-1.3392769010300616,-0.9111439388926731,-1.1193355592386731,-3.8093851069038958,-2.4967386769762205,-1.2912309974628287,-0.15143238279841553,-1.2673435966652045,-0.8630006289595412,-0.009621658159886184,-2.937254082446255,-1.476318570015505,-0.9343065222139099,0.0293496190167841,-0.6249258042399704,0.24923923884372245
0.5090387806547446,0.313230983603177,0.8533542657085256,2.0143299451632593,2.0482146554180645,2.9423045541302075,3.082040052272937,-0.969480614974302,2.9954779471927813,2.9425259121890543,5.1408991188771855,6.653650880436686,4.699713230647322,-1.462860837217214,-0.8327883777404966,-7.601563854469344,-0.233718038520715,1.8899208755052959,-0.5540285491653812,3.967543886409094,-0.8512368948266478,-6.221894061545486,-0.6149386106608425,-2.2641667153296177,-1.1385974857720518,-0.9178662535962879,-0.9919212888791418,3.1568730376440355,-3.1898297414700387,-2.3143658575505657,-1.2721999219953541,-1.4564061508961827,-0.3070698941024055,0.7733635915287225
1.0502960797728726,1.5448113575999438,1.7821014909432624,3.1291585407323437,1.9080643197897837,2.746752551405391,3.0789123603728386,1.0094543285365754,-0.033899746224855316,-1.6821299056637806,6.075033573831121,7.0209497091142055,2.98158987990235,2.84276811671937,-0.5107787044771982,3.469399046262842,-2.072179680898309,0.19796828972158487,-1.5372306733039163,5.052873579968292,-1.6280003391641562,-3.0790261671784536,-2.6751386423335712,-0.3818545115811208,-0.5426906925468511,-1.5361413106787483,1.262451237339353,-1.6263723185838754,-2.818660819544137,-2.2814530163236633,-1.3313934975039405,-1.684218477461109,-0.028084541058581755,-0.05539995469723865
1.0230387406295816,1.5862024255786287,2.229431105408006,3.2088510469524545,3.5499368080816907,3.7267797359342363,3.2281286442383097,1.9366689171005538,5.688870978512525,6.2390703763010125,4.643298677123157,4.631309541725003,1.8705013566072644,-0.36105717995994374,-3.135690468577336,1.7528883785302858,0.6083953807864818,-1.5543081582619576,-0.5451093598709331,3.423205934670208,0.011634382810026019,-2.8428255535976925,-1.335555195798426,-2.2005287751638845,0.7423445575536459,1.09296680957763,-1.0673289761754103,-1.7597075583844373,-2.5897806644687718,-3.5749362815108303,-2.4051511226620863,-1.14661514205072,-0.155619818576878,-1.3494643684721557
0.796386609327244,1.4379356879704994,2.10977198105958,3.255486757878231,4.311670032655523,2.073588705623043,2.447941288015658,1.5357086838772223,3.6582814556296017,8.160870249661672,6.802857406963957,4.197110640146445,0.31689475825729635,-1.7332514305022169,2.196728226380419,6.239226693641625,-2.4156037372192634,-1.2725024326663223,1.9666497926079176,1.4918878955421575,-0.2654355538579248,-0.8950195151041617,1.9701432061718485,-1.0716037303562431,0.5603900543403848,-1.232486866967133,-1.5085633082262844,-2.9249979736197194,-2.4570554380914142,-3.238584420724631,-1.9929661272478563,-0.9309153837847187,0.08846525710454191,-1.4771893914463596
0.9780572435839279,1.3140932030355557,1.819324422017773,2.9871942776094524,3.254884612419918,3.160681939609608,-0.003349168563902766,4.4681499672210885,4.102814235151503,4.595179047815104,5.468746452589421,7.201050322351165,2.5558135389947245,5.108008444085516,1.9103806081848163,1.157709218777542,-1.729077752070686,-1.3988722478257327,-0.7005449512022034,1.806892227159528,1.3169311391200138,-0.5225015430737381,2.8576934172757187,0.21023809083431325,1.2584278482480147,-0.36679159110415277,-1.838394724332327,-2.7520840774788997,-2.261858244024617,-1.3505097051592332,-2.239644360818484,-1.5772571306522507,-0.230984672730997,-0.7386391993604293
0.6880444262069197,1.5631119133825395,2.5870417298708746,2.6420956893043375,4.63432957399575,2.5857004134031136,0.5752927899564617,-0.9242919391801266,3.8752540918043965,4.389407365499443,6.583624421328627,4.476828121708681,3.13088883040341,-0.5887026004133287,5.587772106767032,-3.57022811202124,-1.4190509935739843,-0.31774002319854755,-0.25721806718843504,-0.08712976857135307,0.8909082481733654,2.4251676280219137,0.3648113359872891,0.9938832987321407,0.4504269776404677,-0.6931171232048869,-1.7027274025423134,-2.423757214144196,-1.792221294390406,-0.48328596028197063,-2.941201196647033,-1.1108006736827083,-1.0778826035544318,1.6170454644885583
0.8371338631139423,1.0117037992148892,1.8962119055635729,2.746421547131957,3.6704460035735993,4.0800354439935225,2.577608172396407,0.44615902577255184,5.057104498940941,5.132545980709125,5.745582852019368,-0.6148454416151771,-0.6957087325689222,1.4486389968155835,-3.3340359699650173,6.0137160129360945,-2.5958333806312375,-0.8450506169710239,-1.070270919498234,-0.18435423528510342,0.0181940063851663,2.654197924342837,1.364515273934533,0.9248659278111431,-0.08963254796102693,-0.8941372561183324,-0.6874124611024337,-2.8848448549017776,-1.7089134972929798,-0.24703085892412724,-1.929484201012378,-1.2598003624630298,-0.24642068391366181,1.8970512515253661
0.6045232547085371,1.2014626220112312,1.3350002732441706,2.166261456556994,3.206294133188426,2.4478592140269533,0.569753878075357,2.9894557153236896,7.520057401296312,6.932062772711616,2.546004318824018,0.09773095394139884,4.06549777859798,6.216723953991132,2.6169641176269547,-2.272239621406622,0.008552249698843465,0.47719217604748987,-1.183590872875562,0.24445239502824592,1.0886374296725332,3.054645334387532,1.7528791104142907,2.471156012979935,-0.501058634224277,-0.03173656003831301,-0.8407302330494724,-1.766906341295288,-1.7683456325975522,-1.0419994535971664,-1.9832775529279503,-0.7097633623071232,-0.20299760656603588,1.5422161723418286
0.3879627682726891,0.9120996928053702,1.6158556566299638,1.6064319900822617,3.349048468596286,4.55840720542386,1.955087511676867,1.892538793290586,6.898153934952915,6.250162778004325,-1.2893497374862757,-0.9272743477645657,2.5972059309377404,-1.1673219557787777,-0.20907755983246623,0.6239475965128466,0.43257669173705815,1.5005113137524646,-1.2139291263528327,-0.09636782194855971,1.923360456510178,3.717008387009756,7.236795294118343,2.8203749000909664,2.6104333503131723,-0.802194095286441,3.6511434408211914,-2.604101875191128,-1.062568424344285,-0.48387956299868173,-2.2615723837515134,-1.2057607498000582,-0.2974360617732422,0.4156082909237176
