script/wind100m.json
{"header": {"parameterCategory": 2, "parameterNumber": 3, "lo1": 3.000054539987559, "la1": 64.9999836372058, "dx": 0.5, "dy": 0.25, "nx": 34, "ny": 52, "refTime": "2025-12-03T12:00:00.000Z"}, "data":
[rows 25 to 49 of 52, columns 0 to 33 of 34]
11.262141589650271,12.809936668762099,11.592759990626575,10.925286055041248,12.086016973010413,8.921798415883183,6.83532431826575,5.255189755616925,4.407333704424396,1.4606708257687617,1.4234706661743286,0.49737585644929955,2.342368394958006,4.191406070695069,5.3431099209853,9.713918683830654,6.04534914566244,2.8749707725287266,2.2854042566623334,3.3144774920242144,4.186358430900809,3.071391058656208,3.9260054931365205,4.128689890393698,3.790035111423677,3.0451428482638243,3.6142754550855156,3.3094304793465574,1.5431893276804804,3.0078049204965995,3.6105983257339345,5.246115213498482,9.693714237356557,7.883387037908762
13.175705757557848,11.617640559350248,13.161135181925781,12.893973591263352,12.37313716698816,11.408447828151651,8.505620820534798,3.9000485315382636,1.7895531914440368,1.6135261862655625,0.43218994454447895,2.5654403084707993,3.657744287985533,5.300130675409581,7.063465789315429,8.691913201373264,6.177872062629098,1.9629472402579082,1.6052000383204275,2.9976619703829024,3.598064702580348,3.5272723805486006,3.6637067833714574,4.737683485067557,4.113646073722903,2.350940811805694,4.014485360479634,3.736724620108636,3.554972070555537,3.7130066566764284,8.423680023437202,8.637699783405264,9.39618124469618,7.080684190321119
13.070032063256948,12.452496989470085,12.573014166493676,13.828265501744557,12.324948795134137,10.824190491382321,11.13446076475796,7.351409992462128,3.1251851464801663,1.344319000457679,2.575663823513857,5.5139161101452965,5.506643287468889,7.595876006130189,7.703587303519637,6.685222386330632,6.445226563241825,2.3363192218214843,2.591053121752506,2.5179949510065662,3.547945406114351,2.5591821527747998,2.999923204109944,4.192666789703894,2.8010143174929194,3.2313552245000676,2.7618035130575826,3.170891493023088,3.8640372227754045,7.783947152512409,8.121130707481855,8.623831310216916,7.359465276603413,6.733984112904508
10.812170097991684,12.619395878928964,11.331271418622258,13.764393205622602,10.749517525880615,11.077700623694318,10.60181401173776,10.027195782152491,6.8777971698604405,6.010346597565528,6.822662684194259,6.36700300077583,8.403432510473435,7.6454123855410865,6.765984027188251,6.792413132012933,5.890008926140351,2.922324413160144,2.466814226571075,3.3020436942367746,3.0097056006879868,2.6734596047034738,3.0742306060898117,3.1053509319533448,3.2961211567034234,2.207359104321833,2.6686714292002254,3.3017971002198014,6.124484849248533,8.070130723102528,8.618133891223174,7.57772077703769,4.982357694023905,8.49493309644255
8.62453871805311,11.991264789708996,10.74450057565393,11.66120179868941,11.778593621306042,10.774133117817629,10.001314042009078,10.12443183019482,8.785236345956164,6.936781529910324,7.0699072563259575,7.768961833424732,8.097874189082098,6.6001317907804316,5.883058479307487,5.668296404845073,6.048332133270949,5.4679444785765305,2.6222133312385454,2.9144085608451222,3.4098102736091125,3.5479612154935283,3.7798182931983715,3.11334918518929,3.1674625218753327,2.31208107316315,2.680086837602274,3.926574100514632,7.5558398144600805,8.55969279162199,8.421571599591143,3.7968277555066794,7.55866917721739,8.677513844890777
9.283582285520286,12.137840067495878,12.68868857900091,11.078400749667896,11.779505571924696,10.350528509988488,9.492031638305352,9.970871923641727,8.430271758486796,7.399650997204738,6.6734047715414455,7.27518462068588,6.7273643270295755,6.106272152722722,5.729243579466276,6.1408551714999025,4.694399604405655,5.914394534301097,2.3548206576603237,2.623985586874776,3.152154084607904,3.6273588280071802,3.739717765041097,3.811171756000067,1.628958028528869,2.9104820981414163,4.155505135327922,4.299927050778348,6.766224786634745,8.05871333918642,8.712513640194762,3.968783025659991,8.522679125396353,9.270447434163342
11.0604980709042,11.749600592654518,12.119800558514822,11.794568654338363,10.461453986960178,8.68030535836493,8.898656575687252,9.831636889498961,9.63485090772005,8.330613864432824,7.0294869845923165,6.1218828078447345,6.364350352039303,3.905234249625018,4.175835162629952,5.331922105768998,4.537317538343855,6.467862793680577,5.077206854902845,3.218381872761658,2.9769850154202633,3.3148352917594552,3.069818213549971,2.417734190860188,3.046939575147872,3.473165739716953,4.156464378697372,5.194666757241347,5.724982333092607,8.269301653393853,9.022915365580218,6.658314970826788,8.922711394704853,9.567665538048784
9.387593306136923,13.286298132416043,11.801139736504688,11.817810215218367,10.22492534425494,8.861982544648972,8.742630763250608,9.388734016271027,9.544662882320061,8.920365729380991,7.950341483286198,4.52966884344376,5.768654720424706,4.86856896930111,2.7213773583769942,4.988214469294807,6.127714882474354,6.132524953791138,6.480576956376553,4.047373973547293,2.750562438048157,3.2734108146476757,3.5845199373894916,3.6218066919946756,3.397977512298809,3.752031785176165,4.171707300010527,4.2725933603987,8.538769011606929,8.120872594021138,7.483379463515049,7.098068288769902,8.710435728765653,9.289314484336156
8.856533427259789,11.405835174199504,10.81519547576776,11.081305514424324,9.903207710388761,8.628823444030317,9.011471313197069,9.065615211123434,9.400493040172115,8.664024844933842,6.126990428362977,5.737841894736323,4.42512146666454,4.468180668170074,4.100391838546689,4.727871040654502,6.56262075397829,5.903726124895369,7.333000438101915,6.091032698298301,3.0568676882289116,3.3138435316573034,2.775130471463339,3.535969070452913,3.59596436975821,3.3347818925623915,3.478415763415083,3.63810095832109,8.316035638311472,8.048996394425904,6.549188178920183,6.51197116208158,8.691858001059366,9.984192842020708
7.93926591755247,9.847307243611041,10.598912367684223,10.57974842272522,9.931230262568615,9.180811851186586,8.768265922397564,8.633926159521975,9.20713694803994,7.899699188524658,6.1618524318255385,4.6442788928852785,3.7899935963031477,4.048946169825904,4.5454237390127155,5.1173245856155045,6.659206878834861,6.45057591307455,6.6751335891128205,5.748125335228971,3.6258573965551224,2.372619218704978,2.097877930627628,3.2058448591312816,2.981622026887817,2.8484347374021897,4.014212467213005,5.309139917313401,7.875155905627644,7.0360617682116375,7.407155536149137,7.745774167332165,8.807901588678073,9.719207828285729
7.416480240193619,7.9719607609836025,10.634110436225564,10.021599042965592,9.207100818165577,9.234477990473216,8.45229512794221,8.356322319599313,9.448716290682272,7.335519222080602,6.509035809306433,4.073067990992809,4.041396237082853,4.1415347754300695,4.73564794985576,4.981955691794497,5.358291968543963,6.178402408205501,5.403816501723612,4.664241736164888,3.8219920318382536,3.1683698440828403,1.371436469410955,2.694220077374186,1.8208802635878103,2.324371849719086,5.223667509221321,7.116021157022585,9.46657934975749,8.393188054702401,6.755417123476758,7.759124933817253,9.229913144330705,10.695927226527159
8.580288017578114,7.586788660039712,10.638699461894308,9.325627243128364,8.78930808652627,8.473807297111541,8.414765084971496,8.384731272212676,8.690404802906933,7.544408706112344,4.67650498767675,3.9352254125033275,3.654245352616263,3.97305622295902,4.480622707337094,4.849672242734333,4.814767497209114,5.707845925561154,4.34135055906646,5.506447906344601,3.1930622428342637,3.1306296991648748,3.3640307712674176,4.033955381054017,4.32513766560488,4.55343532248389,6.247999678928658,7.380092889084234,8.604542454338894,9.190646784451737,7.923720608830771,7.707426840759343,8.876067284003428,10.501575934312276
8.750806890492935,7.138197340766582,10.366666761925297,9.266684848609204,8.099803471424623,7.591981949604493,7.91221492196686,7.993910823416378,8.512277909643116,7.078765668616882,5.093119405716595,5.196716486217273,4.274739605145762,3.7509468221557127,3.349274260646774,5.622310358274507,3.639258218464516,4.172219528915799,4.578300050307129,4.139738325420643,3.1482186814899085,3.3517038112901396,2.7615250227958708,4.442836607504438,4.658129937459029,5.204130600787903,5.921783567012076,7.317170188623946,8.838451884680365,9.626447947619003,9.505672058536131,8.507594234792775,8.704306330153138,9.774672959912584
8.041276384336685,6.449237315199908,9.482055499762337,9.660306920645263,8.087092020423093,7.2648622673509005,8.13025595735,7.88403655565481,7.384115086548904,7.050643946838034,5.875478975769737,4.2426143176174325,4.5234510054961286,4.0283513486937546,3.525388096114164,4.045476953806495,5.146551426865258,3.8924390539757847,3.6364602815646556,5.5977872991208235,4.938485555617135,4.511459948188583,3.27379762794718,3.8563481206200234,4.8030050812857175,5.663901894149011,5.945310264524938,6.813689255272657,7.524417611036142,9.038397514692026,9.467236156962217,9.072733325081135,8.534730596050297,8.818189220754036
7.486087611821582,6.1676018773180346,9.100488629683094,9.460511207007386,8.146060936522025,7.163745339945721,8.069560908604346,7.274671723456347,6.710669467678272,6.419224090204975,6.338827027974443,5.422763100818937,4.110845380293946,3.056609812140179,2.844204948204268,3.046746790846909,4.756820560961325,3.3261652233669534,4.626740543782476,4.907660541123946,5.208979476245768,5.689750421077265,5.241111822660299,4.535211176253353,4.317099861053061,5.708698886568997,6.116719391563471,6.695794876367797,7.082537644641799,8.211158633265475,8.882444072935112,9.846185970876071,8.670211029808767,8.571085079449917
6.511721323723431,5.651957395234846,9.246397450606734,8.96471706676963,8.138928651282756,7.193954856378566,7.129503043549151,6.500232716352328,5.9705251205923835,6.212728486664331,5.664056377896972,5.6852810982810915,3.873325460336877,3.8766113252569308,3.7944324350557457,2.877682555279278,3.8180784493430404,4.382720615322915,4.348956716931507,5.251256810879814,4.934764425695347,5.876782534553898,5.056890276252518,4.9541181725851455,4.711078877536775,5.60016508919391,6.154256420904774,6.505286702098159,6.506713240643613,7.355155280162171,7.063462395239768,9.740212675709644,8.851358079086054,8.400352926078323
5.617931256147826,5.363533371346704,7.971421797798324,8.990042146535934,8.297988603741237,7.00569922640879,6.706016528233473,6.264248289066865,5.602982245446394,4.872360101335598,5.823968306048142,5.204279511808434,3.8961206951554344,3.2676361931814837,3.3795252615409974,3.608614893952723,4.114891017971808,3.6053614487265526,3.909613689095761,5.324137062708759,5.279569123703041,5.990296349769418,5.402765984273621,5.069523166905149,5.188796480178248,5.502080159634027,5.914754639688026,5.81187637267135,6.097531750104706,4.4975246318425315,4.755900074966058,9.059188794565323,8.509130498096678,7.999021617470977
5.238522026953776,4.9654381364157745,7.519722031510206,9.720448980060636,8.364663722246485,7.302552817703801,6.262850372455921,6.0638707840339485,5.423960335730979,4.545909190786349,4.693393291567251,5.703903768902435,4.597824471067643,2.6411162800338013,2.732196424790877,3.2629946348159473,4.217667591935633,4.55957244032769,4.459033553967628,4.696071308930022,5.4434908621152704,4.15019368034997,6.06035344385248,5.620911747104983,5.57659402477163,5.668881836577337,5.488442805382678,4.553351600838074,5.136730005470275,5.8559808515079625,6.682679275276603,5.572368678551178,7.861677527110365,6.453275039209928
4.8008254372669334,5.3269404128124185,5.309836720600832,9.19121924529942,8.085644909509057,7.402128402640166,6.123338312528124,5.089849772609354,5.602389465821356,4.477703483734073,4.10363832356206,4.9853656132076365,4.546790841799167,3.4493565976267875,3.4410559889243864,2.6294566151057976,3.30344353734816,3.741576215957849,4.86396557225543,3.336398830803434,3.4378779640561765,4.562781269325558,5.811040338663182,5.756965682827492,5.982369236261149,5.391264853375663,4.298361646723767,4.582754522239754,5.136026894723188,5.772172318298903,5.601330934576553,4.743922128163661,5.26772827980576,5.301097405375952
4.318089822865724,5.250568165557488,5.876959727916728,9.427153669141063,8.50118803411447,7.081209577250426,6.105070068663686,4.435815078790305,5.1879366390938895,4.667265153944213,3.25739789424117,3.833561143556851,3.387251395191366,3.1300041482474645,2.2892877938445104,3.460445291140908,3.6606598893001614,4.102480183321101,3.1975434586775577,3.5409107461555993,3.42945382058094,4.300657028528099,5.483866545452289,4.84389809713199,4.7324691969993244,4.557636796631534,4.028457598937154,4.48729053591556,5.114251721375843,4.988358365940939,4.9949793728105005,4.8771698111463575,5.739213106632505,5.6259482741616
3.602097386236134,4.869063287748167,5.68738681541966,9.04284299870248,7.699172706295058,6.189042660328649,5.4656177749620225,4.26049466914474,4.868105321610566,4.503478456270959,3.4913989679246007,3.0395801824187454,3.1672464807919187,2.9515084022265157,2.1620784087040144,3.5402003548351666,4.378707481010042,2.8463875592195502,2.8039025148151784,3.4117911410712396,4.291321160311213,3.4110506797331834,4.188242263628499,5.978131652066371,5.2866506950694125,4.3121708005635,4.927432113260397,4.202608514658177,4.700690923006774,4.829609848806519,4.5921040320496225,4.127869654411489,5.510231785886319,5.155097289244518
3.5531189796893035,3.9748444166040904,4.789949418105545,8.143700938679387,7.962878555607231,6.393886876442841,4.998304834874127,3.8158527068375947,4.0136438704738095,3.333526265696289,2.9397159446658727,2.092729354020758,3.032340015970903,2.3525899886199353,1.396359708744421,2.606396311552925,3.282496718711273,2.9963465014165336,2.4924797466402016,2.5097367649338267,2.273276985979595,4.285099478514271,3.8759212661220612,4.477995292352531,5.493432280785077,4.701345997533451,4.409223242904821,3.592898743201789,4.548310509903421,4.77964054169505,3.975609185727382,4.369957065119501,6.009100032539351,5.834304350023143
3.5253047032002947,4.115051441331566,4.128080563491281,8.016197087663212,7.411752506807616,4.79371219982537,4.291055386137226,3.5701055445718586,3.000291125808631,3.1159541952879133,2.416148544430544,2.2242305568945917,3.1143483827432705,2.912240286536685,1.255400549916676,2.693602192997792,2.6268745735267585,2.5301535754293973,3.1824004790205924,3.3990174798075743,3.416713932623523,3.445868179992957,4.377609797498462,3.4806398957355893,4.919331694693104,3.7869987716429168,3.329726174121708,3.8711479587713105,4.605514305970114,4.216269464878095,3.2256021243841957,4.300894716852268,5.271415081417271,6.261263290454003
4.025150360579563,7.00341222548945,6.617754939510122,8.021957561089366,5.2647254123996605,3.9109178438313257,3.3392064969950987,3.2681198434006706,2.651355136968954,2.740651367443622,1.629289131382637,1.8544338295517881,2.8210287992462075,3.593085781326361,3.3835074722257183,3.245707793109011,1.5108440311181104,2.446574814398282,3.0947976532619257,3.587596302556444,3.210982332371775,2.8791236524803185,4.109664672995993,3.611748736964012,3.9545011985819607,3.7325920992376163,3.023181015453192,3.521884975629321,3.402141146443966,4.686200052113652,4.43345387609679,4.050921855285279,5.299421748499233,5.229347070543835
6.513282639545473,7.310174091841167,6.705034547752674,6.884212938558371,4.646930404422864,4.350683273535732,2.15496889179964,1.8446020933373928,1.6958052482275352,1.0185843011448108,0.9071301537401671,2.0005429517676467,2.4921133434525493,2.1555033302376243,3.5511540847311163,3.8955193051699784,2.563382047497786,1.7980870253588546,2.965868690481542,2.3778731287760575,3.2239920910286117,3.308875530470878,3.7309287043072157,3.376127426653326,3.1209028873823614,2.971993948187266,3.4887164260348116,2.8677664298109056,2.893137596369765,4.377165801200044,4.976031865623729,4.7272146878194965,3.465159200722366,5.536439484721159
