script/wind10m.json
{"header": {"parameterCategory": 2, "parameterNumber": 3, "lo1": 3.000054539987559, "la1": 64.9999836372058, "dx": 0.5, "dy": 0.25, "nx": 34, "ny": 52, "refTime": "2025-04-24T08:00:00.000Z"}, "data":
[rows 24 to 47 of 52, columns 0 to 33 of 34]
-7.463074223466584,-7.7238088594243575,-7.807207019526538,-8.150710544831913,-7.721370952005199,-3.459614369144716,-0.23302892414029952,-1.3954743199198942,-1.1686711820360234,-0.510316076542532,-0.10077407817418094,0.7909922223342223,1.3795355834039664,1.2126080523627032,2.953779006106303,5.7096623561334034,2.2470147189818257,1.519498551132778,1.706398392269227,1.877999876322862,1.7573179008071862,1.2491315340378355,0.8066618363288867,0.42653246671078293,0.04482923467800181,0.021711349988898152,-0.023627125256857277,-0.9868787792058551,-1.5911403779140796,-2.2282325223364494,-2.1286832209031448,-5.318387231599426,-7.110308223884886,-7.278021104236791
-7.188748163119704,-7.5441448935627005,-7.507068827964844,-7.467962407040817,-7.226529841931514,-4.120593264045639,-0.5886158319593866,-0.678199718806205,-0.655387023983492,0.026587368246539723,0.15973232597683715,1.053880650134985,1.353596543669564,4.4834612453844755,5.903686426841071,5.434688169567571,3.695889412562433,1.5513290578282084,1.1266454398196497,1.3005667029285242,1.1668230556629848,1.6690547711666468,1.9501855332093907,0.8968446165031903,0.2713820260052346,0.3203758606348789,-0.5530745165168417,-1.275656139266658,-2.439936742625988,-3.3695505861786375,-4.030934057175884,-7.089675957578648,-7.214003122438689,-7.419191594097277
-6.747602694847319,-7.12846405321917,-7.182823681208875,-7.3371212994839325,-7.074548728166065,-3.5061783276764236,-0.36329956987723744,-0.46779735688243174,0.27082027694738714,0.6801292575953006,0.06611368901054215,0.9634621213169194,4.55478842748776,4.26302063868802,3.2310117288132583,4.9288470320497995,3.1772292329997565,0.9160693503721198,0.6274067244284391,1.7629393094790862,1.9745781814344758,1.224591840703381,0.5598564744108815,0.49471407604494144,1.256404872226192,0.557806147248195,-0.8745417078188228,-1.1813645522384806,-2.543984732241008,-4.72598278653807,-6.796973627734286,-7.195216243817696,-7.212429614923241,-7.263416218488066
-6.260370801518708,-6.588842290914934,-6.794379418509221,-6.784316228935776,-6.019134958534005,-3.12823130570308,-1.6797912364736372,1.076263652787368,-0.1611738263909466,0.31866968639365056,0.7640048298480399,4.08056086870116,3.3778835676572636,2.8289959882998574,1.763208614782301,3.3828039703218695,2.9338248495547354,0.6936758246240086,0.4198041072093436,0.6365883604318749,0.9661893497775415,0.3948976183373223,0.5311011441268474,0.9718870500082972,0.15730334652865663,-0.33963868777379824,-0.5231257604172055,-1.2768537170013305,-3.269611046232918,-5.688887412586161,-6.426033833771082,-6.928117007703088,-7.001619502364955,-7.283931844977078
-5.901274266118369,-6.143880233689432,-6.368090830138974,-6.0303510734789265,-5.087442648022278,-2.8055402443433763,-2.3430893247708813,-2.0615817709093016,0.15972056521174618,0.6609367057336076,2.2903066221200046,1.7256585622504572,1.4975402614031694,0.6962582737619794,-0.8523778008758464,-0.3591488805134784,1.3853271007616212,0.05117882238289124,0.2094526935650091,0.2420118653776665,0.4773782854111311,0.6742934790318489,0.48714106538979274,0.6319473000223812,-0.20122393517052847,-0.06280320635832712,-0.6157355049719349,-1.249315689074244,-4.020660090797647,-5.724248748625808,-6.4500115260001385,-6.438224082189412,-7.006907270493486,-7.712153952832128
-5.487352765194652,-5.504926909331876,-5.560962862516112,-5.267877872385777,-4.296373978400512,-2.961067353001545,-2.58528934217158,-1.112972426384282,0.5118584557835348,0.3610284196722224,0.2512187860406271,0.24166393127590316,-0.20061480217047503,-1.2488097993426766,-2.1780727850400545,-2.4467373261463967,-0.33921776810223575,-1.8588625571382316,-0.15599446537108186,-0.1537612032825468,-0.43281881416585927,-0.34029067617768743,-0.35098061417339665,0.38027997090508064,-0.19862898996531372,-0.5840432658975473,-0.6440510778407007,-1.7367984921210944,-5.782885290307297,-6.277571850268089,-6.755029054569418,-3.0429236127073342,-5.904219473112992,-7.728026945271586
-5.262780489747236,-4.810333265271404,-4.500092669112156,-3.9584249714805946,-3.881668648277818,-2.7409602384313505,-1.8828124431330702,-0.6665873040811903,-0.6576569231943589,-0.6845811791239427,-0.8362102815371425,-1.383279611059795,-1.7784038442198138,-2.449013101104459,-1.5095766497754672,-3.0333356998694767,-1.7390398346279303,-2.26962619636437,0.06182839831354845,-0.7891743742823367,-0.37302592494929476,-0.1699861216321267,-0.20884138529688834,-0.4526310777428702,-0.1472414771001449,-0.5902650716574762,-1.553856901869466,-2.4276136802097024,-6.806510047665486,-7.316799245207842,-8.077356741632107,-2.162014440361817,-7.793533682000214,-7.11983637826969
-5.681528813788352,-4.80664792322614,-4.5711871150410355,-4.347466821458529,-3.1735968159677053,-2.050610564529668,-1.4406330880328555,-1.7410421276470616,-1.7720823627086304,-1.5428223511315131,-2.0396203120584313,-2.5221079273402873,-2.736290944228816,-2.83124794201802,-1.8178091034929114,-2.4683086018341096,-1.223362670434975,-2.3994924153529276,-2.415314892796183,-0.9179751619344048,-0.687850223870135,-0.45507314483659217,-0.5750305680781731,-0.8507024391026782,-1.389171602458688,-1.477948785869389,-1.7599483796849433,-6.175513165196082,-2.695129307751673,-7.820829523745721,-5.115352150692727,-2.7791036868710703,-6.125273972858428,-6.612407615393392
-5.96523559876072,-6.046946001140096,-5.495313582502265,-4.378541437185669,-3.1328264551883764,-1.8111346781406932,-2.2263935259749217,-2.3757725507993315,-2.7075314374220607,-2.5369160902150107,-3.08019032681872,-1.4936089458825057,-2.884232132469543,-2.4796866296246183,-1.940057858457601,-3.7984150599132382,-4.068853683910519,-3.338031282639096,-3.4149979265282777,-1.1948343597778093,-1.0889752365426983,-0.9938517553900081,-1.3163832454503228,-1.2299483431294234,-1.530664524870361,-1.796082663781763,-2.394780300668365,-5.393700630216864,-7.831295653272552,-7.319418198361368,-4.97044755726169,-7.660457613161205,-7.24144832411132,-7.044450440532481
-5.800910317224494,-5.761026300221986,-4.729460910104874,-3.708524482267008,-2.600399593503484,-2.904538774628535,-2.4599760411818417,-3.545220375677678,-3.950615584670926,-3.9508484592741073,-4.09074531724329,-2.8667912057623717,-2.6091633937405043,-2.3141540197400676,-2.163452861675064,-5.315269874773058,-5.507826300898717,-4.289238919909558,-3.906124225595003,-2.175467070697735,-1.7683382366659135,-1.2273770135823028,-1.468934113788392,-1.458768593980522,-1.0651675582944566,-1.5384059363358453,-2.2705084985953006,-5.3888922419820675,-8.181522921209885,-6.592764693725311,-3.8056274279573405,-7.693941072809624,-7.628324532348056,-7.165123055861582
-5.790977111321837,-4.6774118647185805,-3.9555973969579803,-4.197583980308013,-4.458859609430377,-4.193082629069617,-4.407704267465787,-3.95109047070893,-4.209973024333104,-4.621059638601795,-4.734039945966769,-2.526085866504091,-2.0971325971067487,-2.094424303979086,-2.1453698643950703,-2.282144455995739,-6.098904310608951,-4.582505019262331,-2.5291212901467945,-0.513985805415161,0.47964714669375763,-0.9723910978478342,-1.3266589092210472,-1.3582712072512235,-1.511139269373596,-1.993343265711174,-2.696519040483669,-4.473156590403229,-8.1247976827456,-6.428031017050494,-7.534918616307528,-6.923022301866632,-6.738128805972301,-6.583533916995396
-5.028040726061969,-5.619310539922135,-5.4276394303580116,-5.504814558909818,-4.760639370571119,-5.308664598327154,-3.926066966601767,-3.8848035456247465,-4.172132709021425,-4.435344879795329,-5.045723383663194,-2.430160366375263,-3.1281095613030976,-2.5963421957281896,-2.5525489237810186,-3.39051092080883,-6.557116667282424,-5.666839320602672,-4.195322409141419,-1.9041897245125488,-2.035017345965811,-1.4766956956164417,-1.1036415179550012,-1.1391689023376017,-1.9748121685612594,-2.4041049967982313,-3.8136721554524247,-7.048162545939643,-7.470394377819778,-6.505984161353541,-6.4273808793706495,-6.067531291635806,-6.015060767025443,-6.078225707119696
-6.5898040129365665,-6.003693122849728,-5.141557623066366,-4.694874596952333,-4.017967768521187,-3.0454910177207215,-3.1873035245667936,-3.914282067207379,-4.3507329443716,-4.984460592941903,-4.3654614307576605,-2.1010396789907544,-2.3556094637242597,-2.5798224178124665,-3.323190588442103,-5.495907816859679,-6.976360244414348,-6.493911228684452,-2.551294389688358,-1.8681900289586393,-1.7277320505844231,-1.3416637939417617,-1.1349609064484174,-2.325034906324249,-2.5496783989155825,-5.148920923700036,-6.363521734614186,-7.786738976844085,-6.930580335918157,-6.198209544751794,-5.344859225801951,-4.920289639319976,-6.0533511394305055,-5.932886997001603
-4.766559319873446,-5.697917129159002,-5.584813697056339,-3.741816076989999,-2.816268955117035,-3.5027834814496965,-4.015843608529215,-5.051511266580968,-5.234693141617456,-6.5184901779033,-6.532008960759089,-2.8656239544610065,-2.780299644060684,-2.176740468841051,-3.2070294772569925,-4.935062741905731,-6.629508744959409,-3.923875511284601,-3.111785358267368,-2.4630076135550603,-1.9497449357042873,-2.402600131023993,-1.1107885015907042,-0.9176267872795398,-1.5648192797294274,-7.691426755884368,-7.434049258955404,-6.9693274554745,-6.077661200823448,-4.887151462958051,-3.8649986327414374,-4.200815140073929,-4.5424076451522675,-5.711713217381879
-4.7765725847669955,-4.749324237903297,-5.392506765569741,-2.9340075475551544,-1.6973284131511424,-4.1362359165475935,-4.644022660342536,-4.744350763484093,-5.482073564732305,-5.992408756549867,-5.396430749808705,-2.399443731524397,-1.8280285977288684,-1.0769285238430912,-2.7261473529842597,-4.482536975201455,-6.1145800166239,-3.1046509172016954,-3.47607017709587,-2.497363207090576,-2.889716955643028,-2.6739412614853744,-2.7293368405522966,-0.9487876188475656,-4.680938185176331,-6.003856985849331,-6.880196996724909,-5.542946438627493,-5.372281893616381,-3.6709960880974237,-3.134624375449358,-3.0805549754427015,-4.743768847418456,-5.950133833527902
-1.2299227570041475,-4.248921761017322,-1.2760195940741954,-1.7042381649671765,-4.025640625466503,-5.300597238525415,-5.079034684024732,-5.108155427975609,-5.746210604832299,-5.995631619908232,-4.916434812594976,-3.730003977406852,-1.8667712714272373,-2.641962223192276,-3.158850332001629,-3.280792700748753,-6.880855545126228,-3.296020721657691,-2.8854761182149997,-6.5649796063369745,-3.7260177543305555,-2.475875956869122,-4.1126794693795325,-4.334645719566949,-4.09644931958009,-7.015201056294936,-6.6555715274842076,-4.166060225059469,-3.808689654487042,0.17041703861019225,-1.6125094408110494,-4.0908782449045376,-5.130854077538323,-6.006985491886258
-3.9906095762766176,-2.956282049079152,-2.725851853604039,-4.806581718254682,-5.63252679098338,-5.011600509667793,-5.342623153833658,-5.141423373607161,-5.739140707728735,-5.794683699394931,-5.746516643058184,-5.300476137239783,-2.4766726761507685,-3.33326220358887,-4.385559737938885,-3.5860023511310315,-7.920456237840467,-5.553288639115129,-3.321751384505661,-4.644142691345552,-4.221466621675556,-3.9230019022873868,-5.366158427342445,-5.203008095429661,-4.691120008256565,-6.653957589855975,-6.005180345335009,-2.7196323305541252,0.01531229901781936,-0.9208461538496265,-2.1292508521389935,-3.170359727900385,-5.097179640623703,-5.3206229846353175
-4.907975992324079,-3.434242227122425,-4.306019374238914,-5.237368482898731,-5.925526955384676,-5.701966146981569,-4.766057300904776,-5.3604772366800955,-5.532073959334817,-5.588466151985649,-5.5211431968989215,-3.672337424860871,-2.252392739592684,-3.133318408834401,-6.020640769997607,-6.824733641688407,-5.707394545452423,-4.020922073547614,-3.2109268608652433,-6.862154842766937,-5.722155887628408,-5.1767479935693075,-6.565976812470227,-5.054137419346289,-7.684906862779671,-6.612976427313031,-5.026880489058402,-0.39535514532593735,-0.9617914290775647,-1.5046175118076848,-1.6967714604113422,-2.967685278688275,-4.3756231174237845,-3.412313829350188
-5.2441671820712745,-4.663619888051184,-6.133407826330163,-6.522166633599547,-6.333642918370413,-5.722769648020819,-6.420702695928751,-6.737772848935713,-6.478934323863973,-5.601944834946176,-3.657437845939712,-3.4601401340463114,-2.2227032298415716,-2.1381502171403484,-4.367139728683008,-4.179522501719808,-3.3224805118250234,-4.0146955531512525,-4.165850463643484,-5.676355470562036,-5.0429254983324165,-2.9022875812431135,-5.402144768336133,-5.236432274555166,-5.756229172974317,-5.046053898686045,-0.8859942779185354,-1.9203329423250934,-0.8972552453802445,-1.297546992748106,-1.7740516330441034,-2.6450553795638125,-4.761677049767099,-4.7948421067207905
-6.011743093416272,-6.197310378841296,-6.585983539088004,-7.369690971914515,-6.735068841365753,-7.138074701404421,-7.175940363465373,-5.179211562907185,-4.601982606716362,-3.721987117057871,-2.6633393694615415,-1.893578576305532,-2.226464851743753,-1.8223256603486606,-2.118776738011747,-2.61737607429101,-2.41968435837234,-5.334307350961485,-4.6401851920933765,-3.1826180561824207,-2.7878460113690675,-3.772640840013591,-5.829159427681902,-5.680963039511806,-4.414149457302152,-4.091769931821221,-1.5331682778906817,-1.1137569862386503,-0.5889792400032944,-1.3241810857277163,-2.0153380013780398,-2.087062770854094,-3.448704798909836,-2.52021446261972
-5.74983218998515,-6.677339670981,-7.280733863347446,-7.582333632804807,-7.294753292659792,-7.230463427452787,-5.581781817966689,-4.933030374621555,-4.0990157964105505,-3.638477920658477,-3.390693679481328,-3.035252300598857,-2.054755819474933,-1.9449699478659082,-1.9753382300736138,-2.0364537759217693,-3.6540790951379516,-3.4533349357376357,-3.3898385174535384,-3.2254083799242568,-2.638425038779766,-3.0676261118912262,-4.103324381855361,-4.784545855072236,-1.861654220844764,-2.4009616499282402,-1.3323249888380164,-1.0123095895949492,-2.164856537912461,-1.9744651363798942,-1.5223070104320886,-2.0996067491206754,-2.7629302618082057,-1.8601748524135078
-6.395681175017385,-7.116450221651051,-7.977866042122278,-8.326822204669536,-7.369518701391085,-7.062997618822142,-5.065444983785692,-4.935715850325333,-4.817159599601015,-4.658654783934265,-4.621278890223614,-2.3242383560626694,-1.9968101880282325,-2.3835383073940193,-2.2320828681449854,-2.8011532739430205,-3.7742706154676324,-3.134703184373223,-3.2003484350202505,-2.738319717303211,-3.1604727200849108,-2.582982145804649,-4.082577947376533,-4.456217988682119,-1.8665155697491689,-1.7227717700133962,-1.9064187510309625,-1.5175990841908837,-1.1147865689145822,-1.2035844496271846,-1.1959521187179711,-1.4594084641193656,-1.8242111382567168,-1.4843647868376382
-7.683588998006594,-8.212554955602984,-9.055995992826421,-9.004175553552047,-8.40415531579898,-7.904389983649001,-5.699948699628107,-4.2659291569407145,-4.050995400792912,-2.249190157077418,-1.9854588841156289,-1.8548758195252686,-1.3057540898083888,-1.4204007911536527,-2.0940255639118304,-2.7821795893335137,-2.863646017997456,-2.654853834419378,-2.8279334448362925,-2.5325391486648496,-3.133213799474638,-3.3188521332990977,-1.9952072349931884,-1.5157622615638147,-1.868284684211878,-1.8395899774962594,-1.6311270925503136,-1.2807393155806228,-1.652889574545747,-2.3261793389818872,-1.9976565981232146,-1.7367973647149728,-2.003918560654798,-2.2038193990722683
-8.607585703455266,-8.913685050355383,-9.518465964065687,-9.227184859094475,-7.783591093801154,-6.823030159508215,-2.9051951779287593,-1.991481853766881,-1.7410674675259485,-1.432477607102094,-1.2324295484800154,-1.2957971715531655,-2.2265851217086405,-1.8955034694246582,-2.12685796561158,-1.8238773843606098,-1.6384616174376871,-1.8788044932841437,-3.0114502401277994,-2.0520687472968966,-1.9762818472618795,-2.427178180690191,-2.621284829064566,-1.78929387976086,-2.4281070124993978,-1.7745185895527311,-1.6872591464512967,-1.9798328024184528,-2.739721876443733,-2.4166775179413245,-1.0938537981945717,-2.753024174471584,-2.2174717482775628,-2.512650203692857
