script/wind250m.json
{"header": {"parameterCategory": 2, "parameterNumber": 3, "lo1": 6.000198445256149, "la1": 58.999992894266676, "dx": 0.5, "dy": 0.25, "nx": 22, "ny": 24, "refTime": "2024-02-20T15:00:00.000Z"}, "data":
[rows 0 to 23 of 24, columns 0 to 21 of 22]
1.695709431924115,5.899777013027432,-3.6532384655145673,0.05332549255217048,9.340720423802214,6.6127312059778705,1.4932739663791,-0.943680833213288,-6.038790207131942,2.1744166654116324,7.9984273120036065,-0.16631822254478068,-2.3646727947956636,3.585010694117826,7.629677372011178,1.5445924369452786,9.043653418332179,-1.8423872818689542,6.908306600820141,1.248915728443995,7.471566455520825,5.927196592194184
8.316615619290072,-3.0193018869869745,0.3306744684647991,5.383692054568193,4.549441993564721,-3.950868802496602,8.414273065740298,-4.355230528404934,6.678805286493582,0.11942480325288998,0.013887600863326936,4.450111782082878,-0.6816101072017307,-2.5667778553170595,4.069033880319988,0.9791649270814784,-3.5284209502315718,2.6698326406189627,4.802238250367836,2.978355846760647,11.553273604788274,-0.48612545524355993
6.570547140759538,-5.081984810335798,0.02794429274538935,3.082196986412182,1.599088177282526,2.689784654362039,5.397981653874831,7.597675554882989,5.594412698035389,9.230557143123162,6.493769241439995,-3.9841540180940007,0.17606123103774424,-5.339657048917032,2.7293191054366144,-0.4091224397138781,5.039326362953313,-1.4109841125289935,-1.0702352187073334,1.332251772557525,4.4392141112438255,2.2582676546142633
7.130553000253689,-2.9016205448489405,-2.974621988604994,-1.0832799644028046,5.885694554434351,-2.499553250876014,-1.413763087193653,9.001234919999693,7.573866216590901,11.259622711781416,5.752218563050203,8.11070916930584,1.1679040526579758,-1.524373511887066,-3.927451053230429,7.582263045379052,-2.984059135749616,-4.925250747398847,6.885018936715091,2.9983533760492906,-1.2898030729670042,-0.7563154301546033
2.7319696468422574,4.666394498038658,0.7738352507100078,3.011355846134585,2.9017952495529165,-1.0661827045977965,10.88271438785143,-0.9247343341057256,9.25977937888982,1.0683085573723146,3.6666896310181762,-1.712544855823988,-4.25513809166803,1.1889103362284064,0.3603953981745517,9.534542239813963,8.915611697569945,-0.3173384010812909,9.441777123569437,7.46131367789237,5.57860200615018,-1.7653507822692773
5.819490539066567,4.853832752756124,1.0278640038671292,3.9048083785605727,0.9341188474259163,1.3592806056856435,-3.667556093577659,-3.3603049980750628,-1.3573130382872272,2.0594188007823835,2.7583684306031335,-4.697327841035712,-2.8884688930935427,4.1829263450998635,-0.4427044131067312,3.8190024412821795,4.805036317740347,0.5806943370460725,9.784688231792767,-0.07680528286292326,3.266847567618181,1.1944290573672793
-4.559516049392092,-0.4276374299204511,-5.6691228794315744,-2.3772901819698378,-1.6330747697673995,-0.021582514734808923,3.306260567689711,-3.876138502598729,-2.4604532156386445,-3.125120604488396,-1.111197115434325,-3.3885085517675866,2.2625834749457003,7.577096616242536,-1.4116774454123238,-0.7626620640126475,-0.04778098425614947,-0.08983355146957789,7.599676707683904,-0.8226618580626188,2.236358658787927,-4.2016746691596385
7.539611159721019,3.885753118486536,-0.5174134936339725,2.092871705539097,1.5174193944559211,8.733306235799358,0.5730701984847708,-3.842348495139847,-6.653256686505926,0.10739789877701209,0.5620516522414919,-5.709198348563256,1.773314895130596,-3.378354631146477,4.073605030030729,-5.332999517050822,2.808674328542632,2.188804194937492,1.553234437484805,-4.337123171590967,-4.938558327273776,6.0273544815303355
-1.49079954829074,10.62183864968737,1.3990203033566642,5.882097966111525,0.9700838969820877,-2.212775226183661,3.380374579519136,-3.8779103007948574,3.345743892913373,4.349140966780364,5.020868423800526,5.240695708117824,8.748230412381812,3.4202192374009206,-0.9148058852836337,-6.576269610274102,-5.148470209916272,9.445061796266655,-3.394628089112999,1.338200000669942,3.240479408116232,10.811355325098294
4.326038716527979,1.5889355120076856,7.93269556146696,-4.541503254544589,-4.577582594733961,5.503286395056497,1.1250060922477363,8.342919590131121,3.923840848574417,5.884703071530392,-1.0412173528023287,2.908376356208589,6.798755722598734,-3.381714824060461,3.9439645215870085,9.397172639302138,9.510909047872214,-5.915990341891008,4.105370649170645,0.21215755794011007,-0.41391885359254926,4.640280974236916
7.471495972280882,7.9170509320017235,-0.1650015931413588,-2.1662805257749116,6.0877727023274835,3.0156993794230975,2.940966988132137,-3.131340082672198,1.1590582906237363,1.9003040144601826,3.105535138468571,-1.5759893200517394,-1.3659656579636825,-0.2290233802035932,0.5119257556792367,-0.06869305886709072,1.8936404840334164,2.2199762690588716,-4.501523941023301,-5.852512830404648,1.1034410329769009,9.285145636369084
-4.268554906062134,-3.192651691192548,-2.7650117294323677,6.508181784505914,1.023550554044106,4.574392412658333,-5.2877215823039725,2.8133550814984276,-4.149456918596176,5.177552745114809,-5.296740554892848,4.453167119458472,0.14906655939727856,0.567332289053636,4.40311618919225,4.168426023060178,-1.1273350086165217,8.319370062171744,-3.2952101211055185,4.284819113131583,-1.2674838404553672,-3.751699593406273
2.0753320186556143,0.9374209039138671,-4.4082480393030234,0.06489633785221606,0.7816178747291133,0.6586030356421646,-1.5102920138807177,-5.330674232631057,8.702281653529639,-6.486379635711586,7.512000382579374,9.090778001394503,1.9523675244978007,3.389952772033121,6.0083494397993595,2.0140473366006764,1.251279021591411,-1.4193235559984947,2.1435629630804254,4.723888650105672,0.6157201281063871,2.69723586218029
3.9878282479404734,-3.1328028458979453,1.262618876683075,-3.343602384744384,7.865428326753994,-4.170360824685611,2.6236590634953476,-5.837616509298939,0.20829423031345443,-0.2057861028804214,1.8321674115030768,0.9401200115146877,-4.9904864486857194,-5.24948381456081,2.641740086770396,-0.2408020396731877,-3.1165682936614396,-0.4747567741157132,1.0312207664090836,8.699956689853833,-3.793436396747513,5.226633370908412
3.1566742501433804,3.5906933385924615,-4.97447687699623,8.438601701598675,0.49463633555564995,-1.7180521504329533,-2.395327434878996,1.6148407437936352,7.790720624108917,3.3592217474993165,2.5107304492007096,1.255377322550379,3.38947558897048,3.9831515966416844,0.5091402898486774,4.0771398172767235,8.37606821167246,0.7074955784185187,4.176137297241768,1.5118168088298964,0.5039063082283604,3.8811335998014562
4.2650773318398905,2.0566522704299,-4.070440828885292,-3.131513792710244,6.214348539816793,1.9513263826417255,10.652429747165021,1.4995861199705167,0.27499987879342547,-4.632486993823288,3.761694163946765,5.2029241167003955,-0.3299336230984792,6.061464657284714,-3.557887129983998,6.613669624146897,-1.2310039165065898,1.833118894554679,3.061003939959377,8.421860630480191,4.66075804706112,0.896865104536296
-6.153116740803913,6.902634428018727,-4.749466343100379,1.7940040743039891,2.6269243885935722,-6.268921322353732,9.05144769171403,7.552771852780342,3.481832619764403,1.2309336390170145,8.28284513118161,-1.7120763460379314,9.122594235979793,3.6110852356822942,4.351074564083049,7.1954733356343645,5.549442474682011,-0.1535223866067851,-3.8008162030606663,0.9355560001714344,6.66393497452457,-3.7497380234220583
3.063658926445053,5.514517920785964,-0.9532311183314092,6.4430983748427915,-4.7510562728482375,0.6069292178671535,2.5698382499238845,2.5487983836000323,-3.5563242995450506,-4.799700526496596,-0.7096345387859782,-0.18892315164932982,3.7719443631682754,6.104623056676806,3.4228956355310576,8.601736475482232,2.979189445611554,1.0028403119250469,7.8677961565856025,3.9876278777770895,-2.4884194461422635,-2.73666867670576
1.698583038043414,3.604846642334342,5.382197295900034,5.945391701039728,7.6907087930715905,2.0166797930291733,1.0682437130739473,-1.2886715712571726,6.033660486257359,1.7433537661509841,7.98819595003203,-2.968541342143992,0.3522281361187972,0.5552048562997624,3.2148887517340845,7.1876984413726515,-3.5963639268767724,0.31256704609160857,1.0146641948068553,0.32681040688552215,-2.754887585638392,-5.938841553276877
5.164660896488974,4.5814754182794255,2.4049330629835035,3.7057863631824675,2.1038531826862443,4.071483230453356,0.5524072432389161,9.038318783938728,7.460866190641993,2.032019126138464,8.212470913634078,-6.583147981152541,4.941896563924621,2.6075419488875786,7.752670980605867,6.373413378671657,6.187768674603916,4.187444936329332,-0.6193841385490203,2.380944970837124,9.285193333153032,-5.838442013790321
3.106152611756073,2.755511176280297,-2.353808043643159,1.4119325175712738,4.73437778279221,8.609697985154437,4.411206978800205,-1.7844704204371962,-2.828787168525357,6.095608582060871,2.7058945353677344,1.3883078157319138,6.219258111902692,-1.7718606427297638,1.1425052173108914,0.8390766078938975,0.414386076098445,0.23026163956094328,7.751286662469488,2.230234406334589,5.6872736223554385,-3.124971681350476
11.4707712664155,0.539029014563378,2.0578852895166646,3.3392120070852043,7.159404466444341,3.0368754093419494,-3.401699289845046,7.1634777714933575,-3.4582516103642194,-0.5595177210087136,-1.4614073464054655,5.483145769675123,8.18353500478754,7.904316542488328,4.1968360147106925,0.9708116215510116,1.4901648091521764,-0.9050722417963387,-6.571709890890644,2.7412767475582283,-2.907259004991211,0.7331863414266737
4.68748716383775,3.505436008752918,2.689261218873769,1.8079395681213877,3.1139915945554053,6.271424238376945,6.801989785487146,11.492192805155241,5.010701656922475,3.1710673646562957,2.664902981076734,2.5729576329741795,-1.9897102920222225,4.044753563458628,4.314341806337672,9.628217946259326,1.5158626991102087,-0.6972319719795981,8.034510074722192,-6.2514311809992025,-3.0964106290857774,-4.318295476262915
8.235376521227682,9.47597374793452,5.310089998636479,0.14975133266967797,9.69693578982486,5.924932310783996,-3.591685052797047,12.083488629468127,6.998664993800662,1.026989716185733,-0.3133486111696583,1.5956594264438484,-2.3321025168838987,-0.08016852205321838,0.31938757440331483,-4.377955694123436,3.591289086955841,-4.69372886082239,5.7446412333638435,2.0920452875654783,2.9690267953926677,0.08643286248398398
