script/wind10m.json
{"header": {"parameterCategory": 2, "parameterNumber": 2, "lo1": 3.000054539987559, "la1": 64.9999836372058, "dx": 0.5, "dy": 0.25, "nx": 34, "ny": 52, "refTime": "2025-09-27T22:00:00.000Z"}, "data":
[rows 0 to 23 of 52, columns 0 to 33 of 34]
-2.886705388423679,-3.7763491884731084,-4.486640020774098,-4.8950457537065715,-5.570137193492167,-5.863180136593756,-5.824408806560481,-5.15729510573297,-1.7437746939773058,-2.414846686143358,-2.7812831216769673,-3.057821696195446,-2.1454800841805723,-3.089698190000877,-1.1212086369130525,-1.9756777221306738,-1.019567713483327,-2.3153841082091806,-2.036056458978444,-2.5162179521169685,-3.484516915239591,1.302293454252888,-1.2281734252889094,-2.681121586057321,0.6277536901868823,0.19906043509134344,-0.8419631590979674,1.0491967016164647,0.827993855299321,-0.4215447570743219,0.8941109423133398,-0.9000913021681944,-0.9090007576435385,0.486345536907235
-3.583219935395192,-4.518635865440494,-5.134143491062022,-6.120575339387448,-6.834585831883093,-6.5562585704087635,-6.596221752750835,-5.181888374495446,-4.028694099679601,-3.958479619757595,-3.1629120586853694,-2.837637875824012,-1.8996651494384074,-2.1035995852306106,-0.9876003589195878,-2.03958085892927,-2.4102169445841413,-1.8795728220199557,-2.5432086623586105,-0.17419857444277598,-1.4785711916651254,-2.051501122666926,-0.18318351974943373,-2.281173859013595,0.8185584289040543,0.3297109469345696,0.003960439288481471,-1.91886061370816,-1.1698541301965157,3.1672555094636814,0.5575905919366967,-0.8923300746937906,-1.101092078107161,1.179497598050214
-4.868388269765316,-5.34002313979901,-6.597347374207931,-7.105459724676933,-7.164683348310086,-6.9048069052403,-7.058603734730863,-5.236810001420919,-5.04050854213505,-4.241861609952262,-3.5771238391851874,-2.8065893080827604,-3.019656375387107,-1.6358498371051813,-1.310037789163208,0.46295824434515737,-0.5766857777930736,-2.038823367576881,-1.3742130066758709,-1.4255342700358806,-1.9486006591936509,0.9700803025837662,-3.9257368336919107,-0.12998360232187567,-1.6682445806421893,0.7946237537115659,-1.9082863689978375,-0.03480968513792436,-1.084263107708766,-0.44720503945272216,1.6676177492089799,-0.3634926973393099,-0.3459833569207765,0.0791068003150573
-6.28599834173187,-6.4942870042634775,-7.329971598931515,-6.433305292455367,-7.331884629951494,-6.9873719703032044,-6.916050331558313,-6.151704233838585,-5.368274034955773,-3.998517418232155,-3.1125149844783424,-3.4423474496869813,-2.143826684775974,-1.9603505055782078,-1.986707401509185,-0.42204021142005294,-2.3082774898581824,-1.5461992493673096,-3.6324867246682677,0.17735748605988894,-4.242748086369875,-2.8868481473433247,-3.2817977159850136,1.5208340615250184,-1.1798990234492095,-1.6451554178200378,0.24096448481165378,-0.15674649433665439,-1.0119755309851646,0.2298389510293088,0.1729200095152183,1.2876032375098279,0.5481643038111805,-1.4398873340295575
-6.779237996921241,-7.283540764614527,-6.25824144709507,-6.5586919883956645,-7.6999948284245034,-7.142761286397685,-7.1647575889480155,-5.710698316980145,-4.832224418835024,-3.7403051492437083,-3.0314265032432104,-2.5098180524666827,-3.525933728712689,-3.893656656275769,-3.326636828236095,-3.382731772881147,0.15386798377606223,-1.9328178837730867,-1.806307389622633,-0.6379576528466223,-2.3143017088138023,2.7095882622629124,-1.5244124957054614,-0.9824541884974607,-0.6176756410162839,-1.2187698514935574,-1.6705791457373949,-1.7054720457615309,-0.06935480333074316,-0.8777697230330967,-1.279491794699149,0.11998863137400466,1.3933122250651286,0.9282340644142454
-7.279268577974606,-6.984114151544196,-5.562033849393186,-6.359242489653947,-7.466094167835865,-7.070001730605984,-6.648475401224582,-5.42925142809119,-4.176018298334433,-3.2448878151257294,-2.8244200422094523,-1.6289113196530536,-1.7465490827112888,-6.212669414235494,-1.1380300924840485,-0.3322799176362147,0.403698724936619,-1.665821456990864,0.022223955484953296,-3.1833596294376316,-1.609853411398542,-2.7730598168549405,2.221233959933458,0.8161368028005271,-0.12804030487537513,-1.1967615239861107,-1.1540394614591194,-1.695977237008756,0.28521029920818436,-1.582764382013826,-0.22657752592504474,-1.0004278451311517,0.012493226315669103,-0.028977857814721997
-7.05341251174505,-6.307287951608346,-5.2906129299604325,-5.767306420541526,-6.395386783615595,-6.845597644483434,-5.903208691430415,-5.097650351513052,-3.8984074497750814,-3.1969471773454567,-2.3027425931587033,-0.8929748696431712,-0.7136791458456216,-2.525408032934192,-3.00086284313944,-4.088981278485192,-1.6258837413804559,-1.5286226798497455,-1.0028749353640038,-2.738925982642121,-0.3574990975563382,-0.6306841890347609,-2.1111556273790484,-1.2183527110738694,-0.06156522316684981,-0.9599274306358303,1.6405837264266483,-0.8205324863650977,-0.5171911357984839,-0.30552881057418046,0.3653380748975715,-0.23916958363574956,0.7863259917174608,-0.296692954758225
-6.0124149690857305,-6.629211374177681,-5.325312252750646,-4.974387048067556,-4.98226202262372,-5.948652594437221,-5.6789452301698695,-4.742003977543567,-4.583696204297813,-4.511872488366238,-3.772409691256447,-1.3698937427781157,0.9046554924044906,0.37078118235846835,-2.407871595885374,-1.1934063143418812,-0.40918459998752826,0.4988580518847617,1.6732614912104604,0.8868777248389927,-1.164424479217525,1.4351966923425639,0.31387974953864795,-2.222522216183854,-0.8051277967249724,-1.229003960325915,-1.1081871621619448,1.0421560591898293,0.2122963335343647,0.7085795173087682,0.32699190527010424,-0.6835512647733116,1.3177913992338883,1.6079714654465795
-1.565136061805784,-5.701811652977164,-5.8362696860680074,-3.368751369728372,-3.8691421041232616,-4.867985776015737,-4.517502613032849,-3.887768280165644,-2.5808559565804496,-0.9104330957268428,-2.1070976762161204,-1.0093926461506662,1.129648855143559,-3.6472848904943436,-1.753805885864919,-3.089621898423383,-3.6015662352851465,-1.6538035077846485,-2.9755736600759053,-3.177617101438394,2.6410917752754974,1.4077734232270818,1.8995067351258081,-1.8889375841007188,-1.020510710902436,-1.3929748453642643,0.2141494674558331,-0.10639588361598723,-0.776513838007859,-0.9109275147329274,-0.9734845884581887,0.9520548328187586,0.8678437984504818,1.0436030728336059
-0.9638416327238825,-3.4557212386031146,-5.4026941360260485,-3.838923046139215,-1.6293579076839262,-4.295697951530519,-2.129126468555615,-1.3680210879796046,-3.288839478350322,0.15384784027838197,-1.1972999383905099,0.08681537372753083,-2.326013333976324,4.14504233886877,-0.5768105904834212,-0.6530385720988261,1.2989616243630482,-3.273486044969122,-3.8618944230336183,-1.4921240668910256,1.279784548303391,0.6070700086966399,2.410491074752826,1.006850517635886,-1.0619037731980636,-1.024277929988058,0.20460833633977077,-1.0154463738497277,-1.2305092488926022,0.023842205368328106,0.707499604308778,-0.02844313917612384,0.022558070986286396,0.17608318564319203
-1.5262595343114351,2.0514713643747293,-3.069697923089363,-2.9464504254339516,0.4803411198468043,2.346679111030407,-2.679086846638771,-0.48598084966390726,-0.3058596021362192,-2.85956774088441,-3.2681083860049824,-3.4624705068165196,0.7703933265772762,6.665672330088008,0.38373160846643534,-2.9057658474950347,1.150250800505766,-1.006420483298758,-2.569835363080423,-0.5926144030971031,0.8185513803897732,-0.019344808934322166,2.9746262414285303,-2.005018178626754,-1.0488369946744003,0.4641080762370305,0.24391143617891425,-1.4957445256321669,0.2747808579843881,-0.6866599760653813,0.22198987664814196,-0.2815916186350753,-0.12080362319367036,-0.6537717740741465
-1.3812866723210175,0.5553399652412562,-2.1700464380572146,-1.7231941828308792,-1.8881364290273686,-1.0439293347829384,-2.188755477491642,-4.290995751755982,0.537100011030865,-6.075783874483016,0.7983925454936541,-4.483203751463436,-4.048057233856969,3.0048877570343993,-0.5858245584635361,-0.8089098934371437,-1.8163217656749482,-0.9270049855511475,-2.4497366897349804,-1.51350465796988,1.073958932968292,0.3249851335525293,0.7758898092052846,0.9504894152539275,0.33382963674393296,-1.7759660962881911,-0.7511607122344782,0.5218333582102707,0.5198676947465862,0.43606941343794264,-0.3107682728242313,-0.8136094509086012,-0.5413289305525891,-0.6437513214289128
-2.6814609616700755,-1.334623142960232,-3.959179508939251,-4.160623236516789,-1.3774672338102794,-0.7339812163144198,1.1903400654296492,-0.4975056761422618,-5.200519783183226,-1.5403516817747065,-3.151424606106253,-5.961141022986098,-1.4314170934732646,-0.2710690818165966,-1.491233699794077,1.07119838519713,-1.2284744514309265,1.0574438059563067,-1.0360217031308663,-0.501423781710714,-0.24428670446283277,0.8058838740927735,1.3348693159805811,-0.6990698644643354,0.2428062018697192,-1.8115605659811609,-0.9384152167812916,-1.6500025481564966,0.07957265952711953,1.0600369739594346,-0.8502168812581136,-1.1317935557668335,-0.9370608239739526,-0.6984476363020317
-2.9584552540955302,-1.1786877173902015,-5.082525178310909,-5.081749461283356,-2.1469151990566147,-4.305738718746867,-1.4229013880447139,2.01573317953356,-4.554993003667225,0.23382103634879536,-5.223586443786677,1.3685428506164465,-1.7081026236474044,-1.3028233554672985,-1.4731539507586728,-1.2518738172370096,-0.18389507803645105,-0.8401954455111952,-1.7558470568792153,-0.8713907537368643,-0.891593863970997,0.2726049210316225,1.5037123140902078,0.7859490263416221,0.2388669488626532,1.378428378336097,0.38704842835002806,0.8698235019506139,0.3795404332596979,-0.0941155830703226,-1.486591614289117,-1.4480794577513152,-1.2337497471364411,-1.2101730795351973
-3.587741273046445,-2.6807247131825314,-4.118019680810994,-4.366708044889809,-5.347776877712789,-3.9009704552462994,-1.6325357563325504,-5.207687172562651,-6.576389437764973,-2.901251229102835,2.539017997679289,-4.447086953197855,0.6469455839601181,0.792709526192977,-1.669366922730172,0.1717429719124939,1.1806301755874964,-0.774395239888887,0.2713785990975317,-0.8665062375876478,1.1146054904115914,-1.8045426466851264,-1.3888963900923919,0.6364344117738285,-0.43193929207233267,-1.6762451361039825,-0.26508618072719053,-0.48427767014670997,0.9387020274622826,-1.2582107513408158,-1.680347339058048,-1.4650723583358138,-1.356647013572134,-1.333851405663837
-3.769399973257747,-3.819417701258281,-3.2167278433091417,-3.8129577086860844,-3.715703973150727,-3.2354013944729347,-3.004926294820649,2.400494026227163,-2.7601822366184385,-3.2694401971184943,-4.159577393654258,-2.637288505198992,-2.2358941583166696,0.3525458590828018,0.4023856644242383,-1.6036987919381773,1.1327384441630515,-2.221513970475186,-0.7746060281032402,0.861565925829424,0.5898816788202956,-1.3127222899251627,0.26905743825349204,0.9409796279589389,0.1494820389676739,-1.0033872809594215,-0.2425866540330396,-0.10041907087139097,-0.41592416476679783,-1.6424045972625907,-2.0577046974229805,-2.1358960227658286,-1.8123855780382212,-1.8386479233717068
-5.028926620738695,-4.531530838451258,-3.3094474138474124,-6.303418174625493,-3.7052200245674247,-4.146450329732734,-3.1177127273005185,-2.449397491418642,4.387008620685536,-4.9875008991238845,-4.7254862985025605,1.43150882315159,1.1314065079782565,1.3989230198688565,0.7943210858013172,-0.259117734570821,-1.928108235671081,-0.23507221607453668,0.7480729812476028,-0.3029593506420039,0.4103985631575894,0.03999591270778455,-1.4099525866468015,0.28547663864227885,-0.9102783563021632,-0.11649356669668476,-0.21767797404781117,0.5478081519269222,0.7555820169792821,-1.8281450261918704,-2.5564139806417336,-2.597204293948457,-2.71569229337364,-2.730017867091892
-5.7247067471725925,-5.507530338926883,-3.911916314199963,-4.72570300986455,-1.828620237913148,0.49675399112402513,-3.543503365106041,-1.1064984090710623,-2.7556634670859643,-3.953369421544461,-1.083681082212917,-1.8209311562260106,-0.1291888410947103,0.598991076751702,-0.3188150085821478,0.30165999775683794,-2.0833155892220847,0.1790185831876466,-1.0482078001779542,-1.8924838233351555,-1.7837699065724562,0.4506045897093529,-0.44901932888861923,-0.6571671928429949,-0.7788716866466414,-0.3862753450165194,-1.2196472038386243,0.6452743664141563,0.544930818583684,-1.7256395926425954,-2.894627132230082,-3.1747465854137342,-3.4881130689622437,-3.3688847038015775
-6.40152814836473,-6.012869462610427,-5.358055039267184,-4.359027022886295,-2.0849177673928945,-2.2461272652971886,-0.8280851894442195,-3.199267488354525,-10.012234441779894,-1.7957770940789053,-1.424034894632123,-0.8183451912255753,-1.5646906907706344,-0.14460364365504158,0.8244614952407183,-0.43354834508797124,0.028834252681461673,-0.8236415704595029,0.1254993478398884,0.5094076879610796,0.5146829101945716,-1.5971823294026772,-1.507717621956669,-1.961996442469373,-0.7891689027275528,0.09808689622685472,-1.3674696472250232,-0.045798802083225607,-0.02539194744896769,0.0951131408363419,-1.597830948297399,-3.1441893428015413,-3.3166962617712934,-3.752243697370396
-7.151336790364355,-6.743169497636164,-6.526020551943493,-4.379959529166172,-1.4978301798183442,-2.4586118470883513,2.6065665006182237,-2.485122375871866,-4.3643099885269985,-3.813283233961789,-3.5383613227909656,-1.1032320757175313,-1.4343275033256515,0.19497129968336316,-0.5544532653894122,-1.5486595206349745,0.5250415063878598,-0.1829709783183736,0.6009237382920977,0.6349343026280959,0.5395005818255898,-1.1039679969380318,-1.834716547069329,-0.4135666606426428,-0.23720232385970935,-1.03231727205013,0.5789762352649128,-1.0089513011730804,-1.5581927610968758,-1.4429510712050124,-0.723152369651649,0.4569359329321284,-3.510172677090099,-1.4809550279971933
-8.144488898391412,-7.8840184904642205,-7.24873328456945,-6.072058453501289,-3.8295641549983306,-2.548247312035585,-7.137464292838184,-1.2401891182975815,-4.636135835698977,-3.473292453180906,-2.7036770788903137,-1.7630403827458574,0.6431511590579967,0.6527086800933958,0.9579104561222445,0.43760537013210904,-0.08292275056763353,0.4436986114159467,0.23749096607767972,-1.7344548425096782,0.4208677669860488,0.5494218887900827,-1.5911745636295238,-0.35901463067798645,-0.9873689774747899,-1.4729059043981962,-0.5898638466230881,0.3540265376940301,-1.3303290506430179,0.04985328460821322,-0.3010570270390313,0.894803075442632,-3.7779331854911185,-3.2217164787468313
-8.925431489337992,-9.062807962623854,-8.332416974282173,-7.382626635832265,-4.632131521120547,-4.9051022778218805,-6.995989636331793,-7.052961892453174,-8.053508507317765,-1.4855582470628645,0.3627321941703209,-1.1324907164121185,0.8307324184439308,1.18152194235454,-0.8822920490051313,1.2773948046742818,-1.22096799895737,-1.5214580856515632,0.26083357878442565,-0.7727213776260787,-0.9369595002595329,-1.5798658480162477,-1.4903184300204548,0.04154881222902478,-1.1803070458191778,-1.0913096496048345,-1.352676364957056,-1.6381109142444241,-1.3931423641762581,-0.6068992272027048,-0.8668104893108572,-0.3073117818096,-0.3935997306386513,-3.3290705651344306
-9.842808354211266,-10.141878505729869,-9.464056235984367,-7.92161885388167,-5.777622604300405,-2.2610257190055116,-6.707929694570493,-5.404813042005074,-6.13595156911812,-7.882467448216676,-0.14857438401218873,-3.009441634414119,0.48982404741156305,0.015456124984998803,0.08968029520367429,-1.687728321493083,-1.7781222949499,-2.055384142532718,-1.0193219842172618,-1.8777783590315331,-1.4162130291202006,-1.5470576379863885,-1.669639090309363,-1.7466552435685105,-0.8261805417096397,-1.3940736570875603,-1.8997560471247088,-3.083135993878411,-1.556041391898162,-1.9251398403435092,-0.6676510283158286,-0.604463256581147,-3.9354803603619493,-3.7806723814902043
-10.415296040741712,-11.15268922817375,-11.066415798394862,-10.027017466866353,-7.250144231944278,-4.208923279409013,-0.9881554536663258,-11.420567322524825,-8.33976543683034,-2.55652447017097,1.0052970555959848,0.6207115096495173,0.07036992694858578,1.1884387887501942,-0.44101708960700936,-2.0296627283304205,-0.5074555905389909,-2.5708850899865086,-1.5574051155412123,-1.674951225837826,0.5071838711688997,-4.083991689681791,-1.2486641660079634,-1.1719778229594036,-0.26609093416196977,-1.9984253862347225,-2.88647757826396,-1.220750150006985,0.6629292482232131,-1.0383656638053125,-1.4333313525303255,0.8201811731273788,-4.778084361790236,-5.104647427951132
