script/wind450m.json
{"header": {"parameterCategory": 2, "parameterNumber": 3, "lo1": 3.000054539987559, "la1": 64.9999836372058, "dx": 0.5, "dy": 0.25, "nx": 34, "ny": 52, "refTime": "2026-01-07T17:00:00.000Z"}, "data":
[rows 25 to 49 of 52, columns 0 to 33 of 34]
-4.8809730726853635,-3.975834748148558,-3.0166966609707857,-4.079979744594093,-3.2779962257247557,-2.979109180145719,-2.4728710082757734,0.49275862030991846,3.268767432717868,-3.3830507426708336,-3.588346432243068,-7.300404239836872,-8.223297368537056,-9.587806657073122,-8.935284152391159,-5.6435908025895065,4.6817144511431925,5.821531640728456,11.428783253960772,9.397958893044171,12.510649328722488,11.155322869030256,10.009623138466248,10.021097772514475,10.426503161102831,12.311536210010507,14.01603497098691,14.734962515531803,10.506985777636977,11.434936876071468,10.727593325365158,8.987583100367717,6.551941232374373,4.8385933667438215
-3.388166908684213,-2.653034578154755,-3.929827801334098,-3.576474418677863,-2.5530123861423974,-1.889031850390991,-1.9004783705043593,0.43358122354525913,-0.6846683410200239,-5.997535574019231,-5.483320615977592,-6.396330459796191,-10.59285012064826,-11.568310862496691,-7.530319834790685,-2.955936154253952,6.279446639384338,10.736540545615473,11.701024164294354,11.533891045227655,11.84777823957742,11.912544518449046,11.260391309015512,8.405183169290735,10.281020673050604,10.97273173959484,12.941371547856495,12.998888556734531,10.393249697628338,10.072189238843455,10.655728552680749,9.58832463456026,7.61048287013157,4.736965295780044
-4.507530612435561,-4.18681200119654,-4.89446841154596,-4.366154044250891,-3.0084676418716305,-1.6436795395285027,1.2484962673278825,-1.4876226024293042,-3.8511041756747995,-8.80820962215546,-8.304336892628609,-12.209914839960692,-13.557064732211458,-9.023361451274678,-6.892083734117287,3.7796350636806335,10.711527143510397,12.881735164183818,10.974627349674742,9.446932140383552,10.538153713597953,10.870900881444976,10.389528644574504,10.503315809417874,11.691238812832466,11.50476247762974,10.574986743536492,10.79011997325528,11.658165130206386,10.697509605728404,11.544956769310035,10.959610483685074,8.778505412445462,5.479347206880437
-5.664420005386925,-5.1791364472779575,-4.38863661162113,-3.65944035536436,-2.233149295118417,-2.082049152018586,-2.4350871800033693,-6.875829919632529,-8.755058627940445,-7.475263211061983,-11.31904305566323,-13.558374889688595,-10.237801493633139,-7.385846096454855,9.516208105132954,12.964801093423874,13.659472406355443,11.874146101058214,9.80081185771886,9.974475836266564,10.265448186250259,10.24673816213656,11.283610251131643,11.345679898987914,12.525037983374428,10.090000164982978,10.09613073456055,8.955560538084397,11.434294409805503,12.04824529680437,12.153980214462704,11.318034642759672,8.742918780619213,5.571576756906236
-5.426179110957653,-5.210878623104634,-4.680898252795495,-4.131788518210334,-4.839308502212194,-5.339262720543584,-6.549208187081176,-7.613119735721173,-5.90998677880749,-10.295866361885581,-11.786940137292605,-8.709904174122448,5.45730298330173,10.447326276390777,13.564592388868421,16.74717825608097,16.80621794436981,16.22122356724013,12.138806919610444,11.321022070210853,11.790751920041421,11.842030923689117,10.606826520416497,10.994622750328915,12.274351636337029,10.992997491005005,10.281754731086984,9.272292488710553,9.316635584174216,12.425156644167902,12.404249806203612,11.874082119676217,8.083587466137008,5.410784379571555
-6.652579632059184,-5.890314651067458,-5.2259372945271245,-6.147819422028656,-6.49151315137874,-7.58920426236467,-7.64884578490311,-5.810674348995674,-10.907571648392267,-8.857474821413302,1.6676425385382638,4.486641035337715,8.668122715060202,10.739499306467001,14.89266219279631,15.381583053096243,16.742258043468222,16.560314582285645,15.74943858249918,11.10604445667324,10.80770520232034,10.999410169416734,11.235899745897047,11.272135465117264,11.05332753295542,10.304158385505861,10.420668570740554,9.504107172397118,8.397723924716425,12.655361112938142,11.834693510877655,10.216984339398966,6.973014531703466,5.506010696151867
-7.07520318448584,-7.53048431062528,-7.920746827161157,-8.55561251603128,-8.74972420122026,-8.499553103576186,-7.540415986629911,-9.710631777179318,-5.329849658336881,2.668270810618942,8.546512096104271,12.175781913383465,11.827755785671817,12.987887341681015,14.430829193802827,15.139225801731481,16.77360094542501,16.00050383272004,15.566920918327346,13.093424423005148,10.983815572972452,10.292153051086771,10.118370154641857,9.921261874175295,12.333458804671643,10.715165294221649,11.054151282983874,9.823527511772534,9.525495887784471,12.119785990188337,10.88930119166203,9.177674806458166,7.38173261615578,6.418412284747921
-9.166336969586286,-9.605871628825398,-10.399551375037367,-9.965336268163306,-7.0915147593014565,-7.09608570199802,-8.411706504555882,-5.430443355747356,9.08336463797398,18.75718901525929,16.785988916111855,14.876922911045435,13.799141834288355,14.915223784334763,13.691507376233153,15.53072812560957,16.782925606968643,15.57985505390646,15.13226235196413,14.881078403729006,12.038087306168313,10.588532224529205,10.380462927163245,10.659637513474937,11.56432906269077,10.381894575271577,11.355518644936359,11.686326930975143,10.622757148016337,11.167942061948485,9.886916035736139,9.068040315842884,6.87795134367322,6.310055592900723
-11.654923551885823,-10.971115043530878,-8.332803240519427,-7.307853014403261,-7.053549960414424,-3.8847618647040614,1.4516212304101284,7.355614388386003,13.32871833781741,18.520124471681942,17.81436226085319,16.42801245794629,15.074709493543404,14.899250216580654,13.635819967841375,15.710439772395288,16.622883697964394,15.60224184670809,15.520828456959642,14.73606976132464,13.851995089128373,12.343189398830376,10.969694239362743,10.662717659812449,10.384675100490464,10.707205436482473,9.988902563973218,10.212902347929775,9.867315499875158,10.71955472762747,8.676363993765726,8.487024127267013,6.523098497794146,5.424137722283694
-10.245843657815236,-7.2731266610200835,-6.610630792659189,-2.5251240202526017,1.7949051544551615,1.5460639699854097,3.631640569532872,9.690042028270739,13.061670810629547,17.90988546890752,17.567227944647588,18.040529395629257,16.331960975549457,14.8925995824868,14.795171088952804,15.28602559384919,16.659506315082623,15.852031180451805,16.00943760499988,16.863560270335448,13.84719251101908,12.334801587075988,12.44366963089094,12.212925950164212,8.725111947068227,10.277309087410577,9.718405191755613,11.049096173056764,10.194338977157404,9.154079516184758,7.635481259298212,7.328335464445153,6.455746061897947,5.37198284847658
-6.085146611802379,-6.4135867224844745,-1.217644931590392,0.901800390885582,1.30003022142445,0.4435824134142823,4.327524240726292,10.49301726849228,12.680497396969002,17.552936952722682,17.39842348093523,19.251454825481154,17.312958963907583,14.110824952891827,14.895821703288698,16.197281175996267,16.687776688557637,16.05639755757413,17.88566527101604,15.303172654701847,15.675323254687056,14.235601407309593,11.51261853858117,10.75451842789501,9.325110177293121,9.009704832805339,9.169118739106617,10.471179545223878,9.626670520925417,7.989976044433339,6.996993221823475,6.667736694304297,6.138797704873314,5.97865164783954
-3.9058707933532175,-3.159059251553766,-1.518243380534578,1.9124367973012693,1.2165793548450976,2.412483645127556,5.244582077429692,9.894063650618035,14.292610046382347,16.964268191976224,17.96936558757681,18.114549190237312,17.054440448007263,15.593986766314423,14.817551784556981,15.564199958188585,16.494465151614925,16.37650585577501,17.426659917585443,14.337756509989699,16.278885288911702,15.832536575571098,12.922896670548768,10.07088822803692,9.649347802452416,8.569838393345135,8.916606371139688,9.816609155345802,8.675774013869182,7.312122811928433,6.824521542278642,6.074559286105729,5.253544384015783,5.196224035867107
-1.679320245399923,-2.4264930042255495,-2.1973933914065187,2.1153827436949926,1.7970620056008404,2.119654144660043,3.216175991005073,10.086474938605674,15.122967350993791,15.79922308304519,17.951939164871124,17.637209919389292,17.03300662294177,15.926790221158448,14.819776062122182,17.32427367906029,16.6364211095419,16.55205652510591,17.026911525272745,14.649373389036942,15.841132610620315,14.789775652553491,13.474909633848926,11.31821074878984,10.398541172670056,9.157482084242046,8.783872938698932,8.738376172400896,8.248891287241808,7.020190904435784,6.356785982190388,5.340399136622145,4.820887285121159,5.00311043357945
-0.4305803933535208,-0.7611455070206644,-0.7226634961582422,-1.2888175199338654,1.7803538511347692,0.38686957586858556,2.389646769115919,12.939157932727822,15.702485414956824,15.387904979195005,17.343318141834054,17.04864207484064,16.82826509250613,16.805046552387985,15.837770659992229,17.585776833834156,16.277540888238846,16.468961491964052,16.119332530241127,15.065528172735819,14.895646324932345,13.484180439548702,13.029379888856779,11.547274156310998,9.978571795576817,9.540712669918081,8.996566062690803,8.483736051516747,7.545248048713051,6.520084313507892,5.407340595455482,4.523344308741979,4.830734602047874,5.5115143829627495
-0.6335616425170332,-0.49979719101644726,-0.5982906174309998,0.5389296003828563,2.483629642749373,0.9536174393877698,2.7823049060418685,14.13646817037287,15.984088125421493,16.326301875936565,17.179634302548973,17.370295406286232,16.93550503142038,16.592822962362824,16.71819975446255,16.19011429223953,16.32644440375022,15.70852942913415,15.648297735393227,14.857147758488106,14.433293795907487,13.342928895425235,13.02270044561456,11.647636506519735,11.434663742426673,10.110920086933582,9.393537629170343,8.407769794466704,7.200421438637835,5.8992496282615186,4.593154043539239,4.243613908966377,5.218818902763562,5.551335716347659
-1.9446401814975272,0.984885641451198,0.8639913798847592,1.3962435342773916,2.1879287102208163,1.542703075126289,5.423011563728846,14.952847125565832,15.573115857662643,15.389074386914311,17.032627626106333,18.500233405741486,17.39035435667369,17.45140224123516,17.383797185262125,15.919015118414285,17.03899933560397,16.796744447432793,15.41475128400246,15.04063132867699,13.771128872948163,13.229328949942737,12.40391346663386,11.191798834977861,10.463664411368807,10.71871074919999,9.485761414426744,7.964737930964018,6.91472883783648,5.662938597915262,3.2233776314685656,3.848604883488761,5.275812224603451,5.750982140498217
-3.605001931545826,0.018014859206981926,1.5363684398129953,2.1933868768289875,1.8463213198370585,1.8901409478609332,6.34887225291217,14.516231502341844,16.710342648956725,16.681436813853168,17.49573530306417,18.753931056696302,17.200851606012094,17.106374305832016,17.699095846277597,16.35195616876883,16.539631156473373,15.447837366004892,14.609915011715746,13.979850017016004,14.688540830984103,13.335005428157821,12.43492689243975,11.702691325980101,11.565977930704864,10.906229364513239,9.47643779168051,7.6688242575005585,7.149708219986252,4.567898356230712,1.5144088699246723,2.8705884344132677,5.967028241666914,5.079382931922004
-3.953694987321897,-0.5899764327236053,1.8731047123373437,1.7522665297769238,2.334204609694239,2.0991144649239577,8.902767239948272,14.971335915053379,16.74851270875777,16.737871768435426,17.359538410540086,18.497669633508913,17.845485815933213,16.612065712996614,18.479487333734177,15.704943734312701,16.889866275680802,14.83272002216066,14.717095219293185,15.017474275369038,14.87521103396335,15.045248743401892,12.276545491625095,11.45416807260479,11.463319293022577,10.54023394146072,9.669255014321024,8.823441157205908,8.381026441023335,4.937715046203229,3.4707886312025105,3.709465820146363,5.350117255909689,4.9679216856612065
-5.782210366291026,-0.1279250943762805,2.2096269667651156,1.3137855154781515,1.4361952172025279,2.6148401884215207,9.17950555963081,16.170556281450803,17.560325794146685,17.587304798519963,17.074411482607843,18.08771740379378,18.21616841164105,17.584584377391757,17.604962362323622,16.462400258895332,16.9783805635011,16.69623417304515,16.397858885712626,15.34212730797275,16.020316326619245,14.534152846748627,12.887338231387899,10.88675677196676,10.681481853894157,11.953280738541526,11.069865793950715,10.282992489416344,8.980850829407299,6.283534575363459,5.2468382507101525,5.219703870429343,4.825436296412059,5.051334152127462
-6.235316592237964,0.19438404650326677,2.3929114715248025,2.287510199433271,2.379970431474326,5.827429087647283,12.120641840249661,15.876298068035025,17.35057924112615,17.671720804834283,16.84546131906166,17.91322999051722,16.705620789448183,18.123283050434384,17.213031642789062,16.46103117233691,18.131061565984048,18.027091786678078,16.868344493160805,15.529661162193166,15.813555901018287,14.739420419474314,13.176848890823926,11.214246414411651,12.189196857093654,11.909933301854194,10.472337873599528,9.508670119801968,7.4461925508636435,5.371077751865212,4.5332496351423,6.4207539501360715,4.5264786067631055,4.100640861516269
-2.7874431401324875,0.9380487348325701,3.5738185273340135,4.28871088043709,4.742330286898745,7.938068001887945,13.494878739753165,16.82259645480089,16.87766655749252,17.825346853374917,16.043856858152484,16.982515542834946,17.45697720134693,17.75974314695634,16.720890717015468,17.57752687941392,17.177442585517564,16.573496364856872,15.335335680202526,16.61318970932309,16.376935760719963,14.985449068741005,12.634313401841165,10.607096811951497,12.050129419570187,11.319604474311877,11.292184695488201,8.143017159246826,6.728924334153456,5.4375037117006375,4.234275459192395,4.372531845025737,5.1395836028905055,4.5554199144004945
-0.4331912060990776,-0.5958711318418854,1.0111056541279086,2.2041673900943204,5.367131656157906,6.744182331532295,14.273260427808218,16.972758456578273,17.67666130825646,15.916140880549564,15.180575887216582,15.915226611999545,17.229205983415746,17.57664928099611,15.596965669137287,17.300443367153697,16.10225720709555,15.470880180716241,16.90790816715569,16.58420578708532,16.402920101838745,13.423761430854166,10.428660619373014,9.903957617909333,11.422023710245899,10.54816647810555,9.312634802633179,6.975728231979103,6.110816612323929,4.669978230614759,3.5989970526511708,3.3399859529225933,4.254030112090016,4.429451840042405
-3.5196000507079575,-2.3541913927004106,-0.7949997415319952,1.4741791222718137,4.283546944140268,8.052447065339303,14.643021026207187,16.331215277680744,16.636398684535855,15.979443753640835,14.543961948578554,15.764178201138698,16.561162204268733,17.008015457208888,16.275661195713386,17.58639390774921,14.996318579852458,14.31351113037079,16.66642998767589,16.022720371501634,15.22854167191277,12.008015579327656,9.542489335228593,9.558240152909969,9.892057361192032,9.418810041555874,8.409830702692947,5.960173221620991,4.843331160054791,3.2086755229644837,3.0150945814337264,3.0525531115269398,5.0032365172032724,4.12100625124023
-3.8665701012735947,-2.5173515467626695,-2.0915711829679444,0.19603198124841678,3.9806461772421264,7.559758743224086,14.084624219075009,14.137730264095714,17.586794263913635,15.35681118599909,14.747217910740474,15.836018393171479,16.2503443667773,15.989066032477778,15.323704749714896,14.779655011373805,12.631024226406595,12.124373550774497,15.739361681997039,15.076003296650674,13.214538043497097,11.172167464598392,9.469834512365066,9.87224005183342,9.274343416550758,8.821496618363776,7.338727827741769,5.279709773857416,3.9790469712904497,2.1401073661469043,2.3952684497480767,2.082009206574465,4.358039120429038,3.5301381974793897
-4.363203725890751,-3.535280462448729,-0.7230604570567186,4.2399645204564465,6.524460801589491,8.976274230765583,13.461956869569837,14.530027427844075,16.900559924922295,14.5318939189194,14.04489992543779,14.565608335589033,15.888312435534973,14.45215027860008,14.171610069039508,13.783757782024464,11.751947517726409,11.058664586635334,15.386344797816859,13.671717904445945,12.611335154826884,10.666945797701194,9.235180552190233,9.25995874775719,8.29662872189142,7.757823210808963,6.23143773842873,4.386784133391273,2.6495201825535153,1.5183182993866133,2.4073812257075002,2.754892922865643,2.508526611952534,2.9652597456622125
