script/wind250m.json
{"header": {"parameterCategory": 2, "parameterNumber": 2, "lo1": 3.000054539987559, "la1": 64.9999836372058, "dx": 0.5, "dy": 0.25, "nx": 34, "ny": 52, "refTime": "2025-11-20T11:00:00.000Z"}, "data":
[rows 0 to 23 of 52, columns 0 to 33 of 34]
-0.3212816519740141,-2.154282139419307,-4.062394315977824,-3.0362375724696604,-2.0996986601643197,-1.7479221202478983,-2.6670631661779365,-2.6868679410035146,-0.0034136969427254267,-4.49371009920182,0.6344983739020804,-1.041565031392873,-0.5868363331792587,-1.1397824883830696,0.7336861107982868,-2.4386317882782436,-3.622097417957556,-3.8184451784881137,-2.7331889334877277,0.3524739146725594,-0.8580170418064015,-0.7482588841352931,-1.6759285021349457,-0.35205264364181343,-0.1407256600650782,-0.7831052098742335,-0.7776035562872757,-1.6746203750804103,-2.046387058365344,-0.5383052292322933,-0.37498974734108254,-0.4640111646455209,-1.1635956962385703,-1.5204457907851483
-1.1551709847721139,-3.9452985436618855,-2.616321947985038,-0.971206891524665,-3.78545798902853,-4.387015076830956,-0.14637566385010398,-4.2753054497802925,-2.6217410571440425,1.4548113962832159,-0.8317219364982481,2.9189323688889584,1.874071194245714,2.5883462904327255,-1.6175262303760123,0.5266232465057571,-2.725986027005753,-2.2396721869966676,0.16417186621564034,0.9305779571843307,-1.1805117913249128,-1.5135953433967324,-1.164374689008272,-0.07687952020091286,-0.4309215400588699,-0.6581772847095666,-0.2589491039637502,-1.1607138083385728,-2.5355395750592877,-2.8909225061331663,-1.1616655171184136,-1.596199345174625,-1.4436953400070092,-1.998808911896108
-3.0377930417582544,-3.2774730307328053,-2.960990784313811,-1.6481124627024863,-2.3167412194520476,-1.5991736382100434,-0.7831848174968956,0.48603865073070796,1.1712054835155294,-0.7063487735561298,2.8334040440246895,2.1271908830644994,5.9399440909118555,0.5685127948022444,5.707947683890272,2.029015920698514,-3.6490166291232646,-1.5562714123458683,-3.493139705423292,-1.7070143387683099,-0.22146917391812085,-0.3451707572490641,-1.1308749931027406,-0.7390623399752017,-0.28700958037119034,-2.377407345663774,-3.162913244302121,-1.422718678342943,-1.8317957864689822,-3.0401623578531565,-3.2647655950520336,-2.6933776853176035,-2.680757814878896,-3.8705911551458194
-4.843138361362352,-3.216325367716985,-2.4185330650473023,-3.708763690645705,-2.2482215692243344,-1.7308310210742934,0.15755669724189417,0.7997665846240632,1.170960388775306,1.7132519365035577,3.533144142349622,4.556494130545604,4.543049245171084,6.345026759630511,7.050552254324907,4.822548698623485,4.865047566154283,1.785113392545345,1.7632298297603284,-0.13434401473796237,1.520426311922318,0.5345999221192395,0.08419291521476803,0.5084095909825448,-0.32480667715233735,-1.2952827262939963,-2.4786406024396808,-1.5996994683203758,-3.384312222691646,-4.170051378353202,-4.941993094765194,-4.454654689361479,-4.766463444725489,-6.272179632872508
0.23214728306924562,-1.1482792742235621,-3.031395744274075,-1.6389833102402773,-1.1632196174049982,0.0547515190018722,1.0691647107771904,2.1542077934988706,1.8780418098864096,1.2959941458160718,2.613435692493186,3.8079347088735025,4.598699287746998,3.919005800583123,2.3340629595989486,3.387573002747265,4.092198118033908,1.48584457371077,1.8343516968299347,3.5320933920539104,1.9332309936037129,0.7843026048032219,0.8000130960225216,1.1793057737087798,-0.8841026049901056,-0.9228726231037901,-1.6246733434364597,-3.209294176957005,-3.4113779575873506,-3.5248565205739437,-4.598586242887712,-6.152112835730745,-5.4866157630319,-7.4880714214070965
0.43374537000349433,-0.4162610976754128,-0.35006229060022087,-0.7864577295917294,0.32574731486618347,-1.070566425984456,2.286950095967035,1.3514159994582104,1.4912838127652726,1.944653815239201,3.083174267746792,4.707728435352233,8.129512261658146,5.808324375942452,7.641165524138664,8.189644839557387,4.971850025157113,3.1048268682149867,4.449254168966755,1.6306136681297712,1.0178557738607206,0.7963720018787701,0.84299366865754,-0.6767832004438208,-1.3374080141071214,-1.3699690158840145,-1.2781721382501086,-1.896412279851305,-2.8260489749840763,-6.0513487571395395,-7.437013887797771,-4.0756694654457055,-3.752186244423431,-5.652182182594308
0.22846573843107462,0.3095689523819975,-0.0466583563925177,-1.8712947165651344,-0.47863528578837766,1.3419818157399515,2.1507004713579927,-1.3815991265797811,1.9835437094753785,4.330456991820479,2.3731641160680246,6.7849102473067,10.039216272959102,9.596579172723935,7.102904030929343,7.320396422049101,3.774413252495813,3.802719701868261,4.48633700225761,2.111583802158018,2.245486988759705,0.9904329150815191,0.4869522794043733,0.04751424127622963,-1.4628966884768115,-1.3214274785309916,-1.181143926684879,-0.10213972291349467,-1.7261135344669352,-4.1998782332456255,-2.5516512067263073,-4.230229807207457,-5.523419636249256,-5.4673317762191935
-1.1935811980067386,-0.17640094249519414,0.055107450298160846,-1.0315344657463223,-0.4282376234907974,-2.385933089959124,-0.5993558116129707,2.221402490525365,3.1178802376376598,6.991700720543818,5.8180502160952825,2.7942271670671373,5.52375700460078,9.941288374797207,8.567576627518898,7.503044263518366,2.645273191701797,4.355199087809712,4.2875892833409175,4.373852040089815,3.3570961832957926,1.9623133436916473,1.593754320122865,0.5070987765426461,-0.8951332154293751,-0.8121374877179661,-2.6142875963251404,-2.1010817655312426,-0.9802368386162384,-1.488013019247119,-6.419385529609412,-1.8149644335787065,-6.09978010188537,-6.682586121118222
-1.7182023291630601,-2.696650582606446,0.2368274859312166,-0.8471537582948747,-4.508133767830976,-3.023329232349207,-1.07369234392755,2.2787355399935616,4.4673824000766515,4.46254888219104,1.67757675889408,2.6324311022751252,6.069144029782395,8.294517062627197,8.817584559271962,3.6498915557305427,6.754292101262771,4.479874723465288,2.7581969714283234,2.592514048744542,2.8048527552609506,1.0891339375558828,3.4228594912426726,1.228251291967988,-1.1784710711388415,-1.6090428937742576,-0.5956397107456447,0.5732020127923223,1.661929948422601,2.137464687835972,-2.426133387414048,-3.456035888966031,-5.866938050791823,-8.30999546019015
-1.9864197901263323,-0.6040306802698098,0.3752709558066809,-2.903579683343681,-2.3399320047080012,-0.27301313591675314,1.0420014181419208,0.6309208533985281,1.486934819075545,0.9667734781765948,1.2111873448117252,1.0367812508836458,4.541761048855911,5.094298230566957,4.255496948934333,3.401321457649114,3.9414573070113246,3.4215274609694712,3.850479033933858,2.0442338719492503,0.516309207821614,1.500463783352648,1.5529782136491959,0.6598072876931306,0.9751793071528637,-1.6089966111921175,0.5512268670018993,-2.689902695193217,-2.253442202971011,-2.702256934642033,2.2261692628583023,-4.031397578391963,-7.822977229260569,-8.573592633987744
0.7955309524805734,-1.9553483624403578,0.12945790803122426,-2.896347074865071,-2.704391703163831,0.19183985105849297,-1.2020572306951598,-0.38166999759563935,0.03706276163280763,0.66852834511413,0.8002705081031636,1.4761972658942604,2.1018454933425517,2.7383679689849685,3.0114914596110234,3.2084607553786766,2.721434346884462,2.9953700238760077,1.094802136617738,2.1327030779534315,1.007894113107377,1.4341646758629059,-0.5486306165981252,1.331475488784526,0.14655144758526464,2.5215487728723986,3.0590003694980545,-2.859494299663966,1.5711652144258008,-2.3810451365933063,-4.0697387180578435,-6.119966718473575,-7.892848855043737,-7.153568185436947
0.8698163203914109,0.924279003270394,1.1738893128260437,-1.0101610784891113,-1.2054890648216339,-1.6039034254272115,-1.2137350522865835,-0.6816635114017761,-0.8477800409331848,0.022232274988122983,2.0916269161132965,-0.3689703850535182,-0.5455221936887289,0.8194207587453324,1.199944324440938,2.0796773222107685,1.107282773965816,0.9600765776328671,0.6920741766284869,1.1596129524188459,-0.2534876069583418,0.35419824710136016,1.5124944004351304,0.2818711770131457,0.2615814949607802,1.8060419869233975,0.8617232699570823,-0.2027283012982336,3.947495542494205,3.127795563225184,-1.8986525313027418,-5.557838602302377,-7.092170789031634,-5.512862257968507
-0.8435891365401248,-1.7676591131133015,1.6199121760764565,-2.8704691212138616,0.11825136293858314,-0.8692035509709636,-0.9059641948187519,-1.3722506942923232,-0.6922229492300281,1.63453711502344,-4.03122454887636,-1.5299146419141527,0.9605811172045643,-1.8005769249117676,2.4993737880692404,1.6293312607767634,1.6240785287961141,0.5464778692375399,1.251867649672106,-0.6943486282665009,-0.5047942587588188,1.0036772011737907,0.23285295669627779,0.30116085785466673,1.2454741262170368,1.0827591519238162,0.6062766782096874,-1.3304441117046326,2.652337659763228,1.577189095102735,0.1582485790312794,-4.438643313424263,-5.139347757440375,-4.82554777873744
-1.5467764393657553,-1.9280097382689123,2.066341945794621,-0.5359090074580132,-1.7082339485678284,-1.718035955372236,-2.3684475048265896,-0.7207842816897349,0.4619171073059065,-2.1401147321634184,-1.549894329590673,0.9334075346488274,2.3583909332661563,4.362542571069573,-2.626757799972692,2.5965303357106375,-0.588567457424126,-0.8201218013044996,-1.877191216109886,-0.0935793294192276,1.1230113518077278,-2.016233489670365,0.36513686221461306,0.3778157133514847,1.9667306250097318,1.9104103672850916,4.5014689592352095,3.510106562263447,3.505551372235196,2.67710741795186,-0.02243143996593057,-3.988207582067463,-5.308415364270751,-8.417138786031554
1.059400606871419,0.5431697427645463,0.15733684720201446,-1.6240544785396032,-1.9237747010766606,-2.172352661128587,-1.927451131694835,0.3221586005193778,0.44685999141995414,-2.0946916900012873,0.0762785085765896,-3.713780450430408,-0.32695515365960043,-0.4920773848613501,0.9452647786301627,-3.8766652824563073,1.8234239725656811,-0.6825647304584994,-1.2865901184275765,-0.8031086301205944,1.257967783451942,-0.207979066271663,-1.2458662491702903,-0.2625013643122319,0.9318517273742318,1.5500132414125152,1.1112359977334145,2.547990257584221,3.6026244449050635,3.424604290299274,0.3893824316115464,-2.866758458788684,-2.414370246395344,-0.28283980836582256
-1.831806471550176,0.014217117480329174,-2.211189196793175,-1.9486676027664174,-2.3128237396007707,-2.5636008205082232,-1.9086452856603346,0.08236707979450576,-0.2529496294453163,0.31935995927256977,1.5387652527349374,-2.4930678170976166,-1.295945293037616,-0.9599601648858537,2.735686309242168,-2.6505724751653688,-1.6848009595555529,0.5598595997659737,-0.9215423025078202,-0.508472484785942,-2.053991604655923,0.7618737803710167,-0.14924839165804668,0.2100397308515155,-0.7648630757947156,1.397988062810964,3.024991267254167,4.676476740127464,4.489709595696604,4.272628780921556,3.1728622167875122,-1.6001504233905286,-0.5157201930946117,0.8265496127067798
-3.4805991164562684,-2.920097005344721,-2.4789518472929815,-2.2477153940966597,-1.7359164623314027,-2.2271942435819465,-2.6845123537625857,-1.7556940129618421,-0.07154466310867746,-0.6285272848927858,1.577890919629637,0.7936220029805915,1.2880063227901752,2.110301505029037,1.1846985287809622,3.4192622990110237,-1.7178837457209548,0.3869088428494319,-1.0013378302559863,-0.3094734448930666,-1.426971853893335,0.9019812467982479,-0.33788123847324353,0.6609627366175369,-0.4682271590273237,0.19200523442099057,0.9138839837612355,2.678094641200182,4.175741115201168,4.96721354115757,5.356373899584461,0.35698961138463303,1.1117729313191063,1.0725942195067044
-4.383105151956804,-3.0848555070897503,-2.4641336661681135,-2.425584729604351,-2.109250955154434,-3.3881345697529675,-3.8427921788324957,-3.224876801604494,-4.785964368504378,-1.840720078376813,0.8283838882582324,1.4653377641611642,0.5206306982143974,0.33844899230758313,-1.2508650579264338,-1.534728763764907,1.601604596286117,0.023320223948746863,-2.0206399026752524,-1.7574979275175298,-2.8197763591511116,0.04202188958922206,0.37174271919566476,-1.0189767061206032,1.3527902695752494,0.5054515007032093,1.3829561905193246,2.217144796997911,2.8056275162151643,4.6179922260742705,6.10607206600963,5.099800728776515,0.8413783217545463,4.539557006146175
-3.0359118159294844,-2.5255276854213626,-2.246632271898254,-2.3106079909372657,-0.2275936169449374,-3.097115201656321,-4.365095511103925,-1.3895206401888243,-0.003045159235918007,-2.75305545143008,-1.217532352276786,-0.5605445577945465,-0.595197134872821,-2.1822964923360666,3.4389321352288964,-1.737157797390543,0.22225476113800105,-0.6707900979486671,0.6661599154733518,-1.5877358263623818,-0.9521743336268346,-3.605253757772238,-0.7028173583421746,-0.36864565403271304,0.009415966099644861,1.8941298371283064,1.718348100743018,2.53613197827844,2.2698544679195995,3.4098491595887532,6.170580124213991,9.15012221958563,9.507855893266202,7.920846106517733
-2.917091322707435,-2.7080230227862914,-2.2773273352711962,-1.481002502733315,-3.3985436006386016,-1.3696345398748222,-1.7378874754053613,-2.4449814321047882,-1.9511248539014552,-1.248731637974351,-1.898610615095667,-1.5948768187127509,2.7629785489155916,-3.0194188913143702,-0.14059864472421474,-2.0304940224607115,0.1294162920212406,-0.8156790337149811,-0.028883626442652466,-0.5990875222842823,-1.3153739659132635,-1.610037943330301,-4.448954174004101,0.4897028299208183,0.820305587651775,0.9001307261699151,2.9795967863419177,1.6791576291946668,1.4147965298495637,2.6755481530380165,3.828171424279916,5.224809007113549,9.105339864644153,6.674464636347783
-2.7817827619113724,-1.7988634363789864,-2.5147698778004557,-2.982333750766133,-2.1077137673331388,-0.08805021300920395,-0.33331723852626055,0.400818306702559,-3.168874498460887,-2.235384533872756,-3.1653107721797396,-3.201696990614147,-3.607931292833925,-0.2552710513983018,0.09343693841528472,-1.1577957143485949,-1.5657515672764586,-0.9421713194520096,-1.8370253051070824,-2.107439956710676,-2.658760891219137,-1.1863913947380478,-2.3111155401092645,-1.4075331372938653,-0.4296282942548745,1.2308628217525395,1.510664781188969,1.5283055833448014,1.74712298130904,2.1734785374555354,2.9422143184503877,4.283553406143853,5.530860158513071,6.913116471036451
-2.5465542186184416,-1.8929196373009263,-2.1850201818712476,-2.3211896786007675,-0.8570024614332924,-1.2269797349264033,1.122752343037461,-2.4387484801636417,-2.8726101381787252,-0.3692273565750395,-2.276518650860238,-3.065287506122799,0.28544919351395537,-0.3419637755646914,0.98239393109984,-0.08348842099445127,-2.1730733462019933,-2.2861197643743663,-2.6943673304126396,-1.975510771479874,-2.1987933909691075,-2.548063625395716,-2.5137360109336737,-1.2352981622385064,-0.10246385547422167,-0.5786036972461476,0.3988757683511431,0.23101348275491781,0.7312530649304763,0.6346265886433424,1.4882655662904738,2.1900698364048448,2.926254355238526,3.682011682521123
-1.685382510768098,-1.8119475768544402,-1.850396344748166,-1.5395739330236056,-1.188677341138042,-0.3479327170485553,-0.12274137976511597,-3.4216250059187594,-4.364259735197301,-4.1195631943964655,0.06155262321063203,-3.8343595774901833,-0.06822678104476934,-3.1420537250713307,-2.9305778510807663,-0.6842851836809135,-3.0883179559410365,-4.032228518898717,-2.811251640414917,-1.9160695078543621,-1.6459349512768773,-1.4584686999804448,-3.1706074672853846,-2.831947360814161,-0.027707136029381785,-0.6142464199737755,-1.01800195150676,-0.6830974070517006,0.2543307164416434,-0.3356436548225723,0.0640630689100596,0.14009425606310263,0.1401939747429264,0.5490125624970749
-1.8091992603004763,-1.9457002492731574,-1.2026762216936553,-1.192240656951265,-1.3024390429075674,-0.49844091326328505,-1.0864966113786534,-0.7483619528603603,-4.294087506227421,-0.31513948321162977,-0.4239189603666232,1.5628041701556148,-0.888272565548828,-0.4928956865457098,-2.982350843358904,-2.2770271811845078,-2.013281378439286,-3.806232878431034,-2.061828858267354,-1.9556339569964205,-0.6536158313705687,-3.437106854111226,-3.090839606082026,-1.7475690075205066,-1.2794157513775586,-1.2810273832083487,-1.5527134179693738,-0.5877229148288516,-0.08586257815603426,-0.18720032036184742,-1.4727609660632353,-1.173517028479308,-0.8425978672477081,-0.9585707241580091
