script/wind450m.json
{"header": {"parameterCategory": 2, "parameterNumber": 3, "lo1": 3.000054539987559, "la1": 64.9999836372058, "dx": 0.5, "dy": 0.25, "nx": 34, "ny": 52, "refTime": "2026-01-24T19:00:00.000Z"}, "data":
[rows 0 to 24 of 52, columns 0 to 33 of 34]
-1.3002815514651218,-1.406989071928748,-1.7134341447671306,-1.874559611403354,-2.084015064060746,-2.307427436374479,-2.208056883945106,-1.9987730048306178,-1.8814895925427373,-1.665501138866473,-1.5449101791573387,-0.6019479231078088,0.5028383143353268,1.4546164533347639,2.727779954317802,4.504125526598575,6.317523182409147,2.618550395125956,4.419680339913997,0.7488251639740475,5.559668647851257,6.389348514213819,6.701527126597625,5.685312442142742,0.9960527407575366,7.604507933175277,8.481392880373104,8.256610196879555,7.321686942256241,6.007825526319088,4.76153040055307,3.795255785047971,3.6656462255127225,3.1080648129154707
-1.6432876539603767,-1.6205195665844045,-1.5935707584754442,-1.9712050238361527,-2.38763750515028,-2.5233027740080103,-2.334981098145619,-1.9734614894402103,-1.4654959099201756,-1.0079393304878768,-0.7688687986426899,-0.062209196417617976,0.41036112705476263,1.3633354727647762,2.8724651417357996,3.729221916056683,6.756187549737717,5.099725966662739,3.2012753479100566,3.0203287362446387,1.4477937872280735,8.513159067449,6.31912159903544,6.287415076652518,6.858281602629916,7.009587580102086,7.783815551657153,7.438299350328629,7.854676572374358,7.890359374350573,4.684051407278939,3.9072605205099493,3.2707598444687904,3.666881892032131
-2.1465777475085535,-1.8353663659094295,-2.141307898647981,-2.2584172778343548,-2.7295208643074735,-3.1128921174462234,-2.741105067254083,-1.4794199738184985,-1.3565402686248937,-0.7297778829791163,0.2701789267071674,0.44899150838075064,1.035056384710839,1.577885623342257,2.32517169872206,2.910562705117998,2.3985652281844305,7.619614821906413,1.339543887604936,8.79549002802554,3.7458495856370155,9.703898520003264,6.255450133111986,8.09344967987868,8.466516400592598,7.591933844812496,7.63582877617644,8.928287460408741,7.721064922892686,7.067864595824294,6.553635065496155,5.579220939112088,3.9246569271460134,4.273237098486699
-2.791204865893463,-2.4255261268492085,-2.452763506669531,-2.9124175287075897,-3.1129350264359266,-3.138779258986227,-2.8965905463057675,-2.5135204203348525,-1.212110563451313,0.7804628294528183,2.8351809800547207,2.8075851736282034,2.865899808102748,2.7607565343977276,2.8342308233211275,0.06643109091315662,5.891050074080465,4.802298132225636,1.7541388018499517,1.7740365244055498,4.174707174217517,6.924797200476581,8.240495594500457,9.10671008635448,8.538963464206562,8.536795970586226,8.08308758780393,8.424272481038246,8.70496567324532,7.378840993876358,5.810591271440784,5.311968843233025,5.244594014529026,4.375066472576553
0.5393025228496333,0.991463278493034,-0.3386500669064305,-1.6669827104201864,-2.39012821956379,-3.500403130663161,-3.406165732200681,-3.183036205244948,-2.6204906167228987,-2.7868634806257164,4.4711745221192345,3.9574903274738484,4.40212742186846,2.7811691842808735,1.676986880773816,-0.8719165781664183,4.715082497487017,2.227180782121834,5.376319166606224,5.124251141301988,5.54480026393327,5.43328250822616,6.60519004027101,8.546177937333646,9.011497684031077,9.114529514650217,7.794630863376729,8.852500565376822,10.025648764838932,7.881117601487455,6.863227025032536,6.357533832341797,5.280925686710722,4.088730545976257
1.5252994219790343,3.576089104192711,0.778616277339617,-0.45391253760673667,-0.2773427342038876,-1.1051864470302764,-2.3889285197862904,-3.3952162125818983,-3.036804432289953,-1.3634624077943538,4.876478497213608,3.324274757510598,3.039095999330005,4.042189924270598,5.612239400400595,4.613846056871029,2.3948306267347568,1.1926688064840243,2.050937182336197,9.931193116817635,2.2786218621331296,4.9603147685344995,6.933659447182834,10.546263238986091,9.07328703736533,9.94598012908376,8.277541255117713,8.655972717932727,8.26791096039493,8.335485668553043,6.754674964778409,6.51160681306471,5.105302391969362,4.657119775036726
5.779259175584513,5.4297956553878155,2.9251558990500084,1.5885582799542348,-0.29549982613935905,-1.300137190522381,-1.434487900326611,-0.5816113633235352,-1.988604129368126,3.885602205658485,3.078590187625751,0.43107375727306685,1.7041764626743816,2.6724246339812723,5.376139327481381,4.423112254102874,5.982566025005419,2.5373127142659904,1.4889827533037172,8.919922782453202,0.8988442296755524,5.666814098324564,7.839824966410865,11.041234729981475,10.092713143357553,9.565278964756777,8.548243115796396,8.353531121128936,7.617350017039437,7.797275330515339,5.4727808845048775,5.192752468408886,5.419507258177555,3.9010064939629046
5.084573500378326,3.549186323123882,4.036886246339108,2.9792608908046607,1.6463677891234845,0.015088917116157615,0.37110137818364625,1.270803303920724,1.7519951002566168,2.058085584239396,0.5038417650465161,2.1901431811356273,3.1695532931382657,0.17141851068041958,2.3071908303073134,2.5053784189201718,4.854458705428444,4.312921134163586,4.203280401870639,3.7267673806414483,3.241114595787621,7.896665652285879,4.327968562055426,11.732152186814494,9.624544060073122,8.29622019916774,7.515790914474197,7.454095471864509,6.194534137110398,6.990629203196454,7.438047376419519,4.020327199949396,4.768223146340236,3.4206982745339434
2.9058450054236484,2.6556206440552015,2.9976675951453866,2.658607007747384,2.027234253261637,1.622155845449439,0.6311533626846537,1.3761812958918893,0.8901645610384586,0.4873922474916778,1.3201074113645892,2.619532029206602,1.241211600345761,-1.7320529427501619,-0.5573303398077062,7.809308616867571,7.807132312021899,-0.03716080658211697,13.148803755676305,5.513544097435545,4.062983419145885,11.761491501165516,12.014765366471838,9.733288822072602,9.86951217628628,8.746118726588708,7.372074583651973,5.464052483233082,4.984216023370364,5.041656517065356,6.99345854175428,5.746972533326742,4.359551329693001,5.118810587981503
1.9979893383760674,1.4935562537337672,1.755549816750184,1.3390318177888147,0.4043863912318599,0.7151587530043539,0.5771086551398972,-0.4064328318997933,-2.1057286775131576,0.48127955524803406,1.0079602301066057,4.09688696075396,-1.4755720767436504,-1.579841412050731,5.360624429151937,1.574476931845267,8.067944448219894,11.002819863972748,9.469711483921083,9.673410509651669,10.181058672097294,9.525369733603435,8.912511507782664,9.390682089292774,9.74069156349167,9.23069735303082,7.6525625828002255,5.01769792492214,3.5658501849173487,4.168209733890888,5.9684150077039835,5.074253825882952,4.981558216304143,4.7843334993233855
0.5779070655681879,0.17978726660633024,0.9457141660744325,0.5369312762234284,-0.4090881657404591,-0.6057036425462464,-0.5936451291931286,-0.042688156604681816,-1.5347905384670797,1.0371556602768646,1.195148792031886,5.051938506829463,1.538210404243679,1.8601849239222952,2.211834136478361,8.793672580888742,11.188283692193137,9.845019355121687,7.915335895098847,8.786118779033435,9.707932142684424,8.629455887677024,10.47838732652644,9.30142016603069,9.864766985433338,7.443594804166936,6.650191014015677,4.959545593883325,3.7868887389030226,3.5902110962182268,3.2071461448625636,5.2110973500591244,4.8434765463422,4.466911887615786
1.04085406382901,-0.7691546937470946,-0.29993438726599725,0.49151148715288767,0.3515706606665197,0.011737264698863612,-0.15323578234353544,-0.24218966463022285,0.42317353116148154,-1.8930875442128854,1.5083015089924994,2.414591061815182,2.328344715243399,2.380770294656082,3.755177345654792,7.267067752805079,9.9716590262486,8.613127008633667,11.68472362720819,10.985286928176905,10.40828695183294,9.071105445442528,7.905065128156393,10.259935669279384,9.129606244399158,7.80980946024482,6.676692242006354,5.867437245451955,5.618420705390074,4.9746756613824425,4.175663833942214,5.404162264422713,4.964147905799988,5.350268517233555
1.8005660150869849,1.0385558159200077,0.5925680593687483,1.9587138945030034,0.5230251155551481,0.018800601096980323,-0.31814306408932685,-0.3072731994077534,0.5732464299925853,2.2038590689499378,2.6930910592212824,1.3548556508728011,5.827405148059016,2.2532849561340553,7.827307059483834,-0.22287112342723844,9.581449241782032,8.793736566894621,8.084450526822478,7.29679530787825,9.41047843586798,8.996151734434084,9.672293169142042,7.456509751717978,8.264975836722442,7.322391755115115,6.6815450164725885,6.219205378189532,5.376219459838127,5.069913206451966,1.300453941674343,5.745694570679279,5.521639317430934,6.0023705720453595
1.6501551862062704,2.0573797499998396,2.22519778687846,2.7315746910468115,1.0955161398101196,-0.47760843708450645,0.318141962160965,-0.42130209277904274,1.7083429339159915,0.9466566702217992,1.7790266454624621,0.9063624694111346,5.070166954021976,4.488779793433663,7.050975309738333,3.5160821794073573,9.03567013310854,7.1864193143832065,8.866209349204569,7.475194509516059,7.896823018470729,8.13736984670323,8.627403236855649,8.665099257938842,7.433253985301944,8.246686795106589,6.03831104760694,6.228213926617815,5.732844433295235,3.7034364255939356,6.609549694305706,6.03318508994343,5.787638262853147,6.250460612123949
1.274612378942829,2.428677376760832,2.857750861625729,3.24232753326655,0.8980202846231168,2.3853101024238588,0.6999838968661191,-0.08210818114408469,0.3716935389810205,1.3967831502810446,2.4391597529649993,1.4496035774363933,2.957969158501959,3.655727169112172,7.0552092771285535,6.811689697735217,7.370302885923403,7.073829198937351,7.031185443416825,6.997657260596048,7.732176479824032,7.673505851622936,8.657638003483386,8.358928842550846,7.929920757441411,7.775635081879855,6.315375383008567,7.362516643840201,5.587725028247828,3.4621293527427164,7.828456200774499,5.776014249920241,5.686195682133556,6.262057230523669
2.059233629466056,3.160817760981239,3.2890779391564333,2.376173930299386,2.615788862328604,4.0455117643625895,3.262889038333947,0.5912867326296976,1.1600888913969287,1.9204768463494915,5.317064165898836,2.7361002413807434,5.040661070922232,5.878313368533606,4.534437525628911,6.42842649534124,7.904657904240423,4.650235991144333,6.186335548247648,5.625863056500944,7.1598969916776,6.557596427009904,6.2868644888974154,6.866294267604497,7.522454884790724,6.909960851352726,6.963237531544753,6.491884034337377,6.058239736017682,4.983965476407149,6.984482551678989,5.660185820117034,5.4131016522163335,6.222683899167856
2.3548246134423754,2.1089052298564543,2.984856652297198,3.169684407593041,3.2852023035997497,0.119576348779541,1.4791848562011372,-1.7111141104599041,6.907088432604402,1.1716952723004601,4.412260942121207,4.383968330037692,4.497658611047464,3.2396749915037986,2.807891762308367,0.35429045386796226,3.388148651767248,4.081475646171588,4.985230852385068,5.082082328573926,6.356444490789099,7.760517244225379,6.462414177072456,5.886542926816506,6.278156654248108,6.960840357965308,6.669506971191562,5.445754139187496,5.685469792452785,5.714254292046301,5.339755537193019,5.782945235179074,4.718519602910699,5.469552371297062
4.039488003531513,3.155408779320789,1.35156373448486,3.0167786700115586,1.8316928795414869,2.926389988602821,3.5894771056236663,0.9523746972246806,3.0509867543044296,5.025902707949065,3.9955088709524675,4.858174188441198,4.074241648038586,4.565358047898996,3.6962668956402185,3.726476344465905,0.7622257806183034,4.6587636634341,4.760511884898851,7.561692417310549,8.159573227468785,7.149426605902504,6.6294364616763755,6.562502969277419,7.20486889582143,6.303361616672339,4.795750840405017,4.309280290615604,4.8964635197236985,6.09829206958174,5.529650446846186,7.4356620339761115,5.29816782588402,4.863274285526673
5.331801340450954,4.67528704038234,2.7208911300895053,1.1400901676657202,3.6325993497321796,-0.49090888514562186,1.384495026314982,3.7070928793754194,7.265889595307268,4.138567963891814,3.3088604675750135,3.4710748836619194,4.427608868521593,3.939447767019592,-0.014243794219576294,3.598791126253092,3.680213273233068,4.258111079265859,3.161373164674482,4.501971204701951,5.599099819230318,7.574582296883701,7.172213652335347,4.469490102923251,8.085821810344264,7.780054278208414,5.748888975321691,3.8647648850385647,8.1458879252257,7.29682240451523,7.425822251520017,6.425976805079539,6.35583554185918,4.467407168964967
6.204701118863967,6.280906443554403,5.464211550788929,3.8633642680348217,2.974362670420218,0.5260978352954592,-0.5402251217795248,3.7306127986423574,6.66249185783834,6.978319251728781,4.69105593301521,5.428051040209753,3.83380472474901,2.586546630895751,1.936519443904251,3.9067182296283,1.8311188719317648,2.7799386806412865,2.5422355400641896,4.806142044542125,4.578203394712088,6.4476040380637025,7.576800098839448,7.125645137964831,6.575334852300407,8.069879564392137,4.763823061357617,3.1604635102577228,8.225318131244014,8.565530052468821,6.948594555416747,6.154989078604137,6.0400677590925405,6.8055790809940735
5.559600840277987,5.542820825958156,6.709371249761208,4.931785206742553,4.4551670436001025,-0.5418731195258781,-0.9375424368860794,0.05140397982205265,4.745304490241076,6.652146159380417,6.292314076325497,3.709797311351098,2.0093289635195206,0.7762106009639548,-1.4830689040684715,2.5164469989570843,2.184804497403831,3.3197900433384495,4.195354208575968,4.1529403008128325,5.118346681618287,7.770670741290043,5.0356533255181954,5.582971730912266,5.457169149318926,7.367117716248614,5.127880107100866,2.806365341604877,5.1795702531465455,8.309981391665296,7.575676038085067,7.563468683790677,5.617643743691914,4.710176828765616
7.036077719770773,4.712871459321467,4.347602682315953,4.552307465624097,2.6624606930739994,0.272803458938796,1.791625778164421,3.9713931811263707,5.964079435699523,3.356253204208447,2.8975666316134476,2.9747925557160433,-0.3066042370773862,0.13323724321935737,-0.7244444436777563,0.3445862186791245,2.6203247609022835,2.594938177466227,2.8694112809432406,4.825887760499919,5.69760762326939,6.000999393968024,6.144509670461514,5.0858828718850635,5.375921599516638,6.524671420857084,4.766407595495174,4.779407696098325,3.5434822963485604,7.5750261560358565,6.280235878910724,5.349493867629218,5.317595734473772,4.746849226216619
7.073030041052271,5.1351247849379,4.5711441919492115,2.5653014064038855,2.892967204557597,3.82405772008424,5.186825200217673,0.2184388143683942,7.229264488217404,6.990480488870271,1.3916177905626506,3.4393207993036015,-0.3295161408367587,0.9388416698256341,1.1823313025279405,2.2318523000080197,3.320404828415583,2.814120587056532,1.5916488951032381,3.711936669266896,5.0932285275231965,5.55801654278392,5.398948528349625,4.790286222062162,3.416383679886104,6.378387509573043,5.124125901838383,4.00644373904021,5.042945180650811,6.897052854045787,5.963041311694691,5.561183466377301,4.987144473063654,4.647517627825482
6.292384137752053,5.870494310617418,5.031531522443436,3.4208910888294737,2.8460002134148543,0.6891112078916445,4.465080958920059,7.114590433448361,8.494746897605708,4.104699708492842,-0.5991835022502406,-1.884281366475746,-1.3555209464202764,-2.1240175813519686,-1.803689344048186,4.033837028436003,4.159749545141527,4.857692172167899,3.3450956693163376,5.1429135304065925,5.061687195805904,4.4520003447479874,4.908478431329493,4.32017701193009,3.913210401650832,4.5026473564364755,5.949166376807113,6.311157647916193,5.462057148956623,5.645351468390167,5.029698281021554,4.54588753793607,4.746617824533786,4.408465186965703
5.3267490185184565,5.666960212278328,5.364349613319596,4.476194090352134,2.6813379503888246,1.7976072641077547,4.126924456504284,10.152130642707055,6.721239320493479,-1.3674846329492107,-0.059751476364402936,-2.1905501725328316,-5.177819158638753,-3.4097449235134034,-2.893597686280467,1.5540741289483921,3.6557408682311867,2.8791728434732544,3.6687797394842887,4.26903266582993,4.115597729445647,4.633012376736546,3.943291985874431,3.5857075095349504,4.8705725893840555,4.837732699921951,5.118777411563631,6.049731324043856,4.370127503714083,5.16771480703873,4.932188570058365,4.587504333090822,4.701934148308388,4.743221910807725
