script/wind10m.json
{"header": {"parameterCategory": 2, "parameterNumber": 2, "lo1": 6.000027932988019, "la1": 58.9999434238085, "dx": 0.5, "dy": 0.25, "nx": 22, "ny": 24, "refTime": "2024-09-05T03:00:00.000Z"}, "data":
[rows 0 to 23 of 24, columns 0 to 21 of 22]
1.767321949321409,-9.32512590858869,-5.328607050920172,1.1863759201047206,0.6911937634551354,1.6991101443662844,-0.23006799255659896,0.774284049236842,-0.9307857087917696,-1.8744052166990228,-1.8270389894236216,-2.8557289948658546,-2.196586601026715,-1.6389736227772072,-3.9299328155885704,-6.575099876859216,-2.47072558759559,-1.772341145610501,-1.3983446451195853,-0.20970476925450057,-1.317531235541546,-1.1931228855686904
-5.954047507165825,-4.568490583527559,-5.229981578869542,0.7335499916057765,-0.9242804545284692,-0.4189627971763078,-0.40602299990807733,-1.0353862928440434,-4.780879275854165,-2.8684217344064282,-2.638543646426124,-0.6685553291122708,-2.0436177293213076,-2.3313429320582846,-6.680320796400761,-5.342788239587531,-2.4992841080073993,-2.4696499197090898,-2.7046439505211874,-0.37143693653543536,-2.0845731341181923,0.106692423349354
-4.161015528008732,-3.0067117400593184,-3.3126336193372463,-2.2811377593921143,-1.9733861375753698,-1.3366758195645214,-2.2367763825849125,-4.585823243539147,-4.4971641221116645,-4.932969601712594,-5.440618923238267,-1.7686336048826585,-2.2662540238524684,-4.159261294201783,-2.9354408855486103,-2.471715004544572,-2.5476914018108303,-4.543985644380045,-2.795438064006221,-1.7891792668068085,-1.978187504908011,-2.7077911928402183
-0.17213898915463552,-4.629449549324787,-3.503263316996958,-1.3199898103482528,-2.255949244084412,-4.1676538923918205,-6.032969514997045,-5.33574059591727,-4.2822843629513265,-6.590568438067861,-7.255114164700298,-3.8323725997087954,-2.2137392812069034,-1.3394652458406509,-2.1917771346727375,-3.2869438173541243,0.14361524139767706,-4.3320678137990205,-1.6208563755149796,-1.5466801565551687,-1.559538902587064,-1.3524969733788181
-3.937620255222157,-9.415699092289557,-6.144775337742779,-3.8944443867228156,-9.028077030511513,-7.933231791457832,-6.189790115291103,-5.163200133828064,-4.68913018608626,-7.35419090854582,-6.356122193422639,-4.143121048857677,-2.5044545033869534,-2.4898476700704295,-2.4950914032449254,-1.794822743459301,-1.002224238880098,-2.642639032895557,-1.783729314537778,-1.3453534271081447,-1.2612470759798358,-1.2398721831000747
-9.612859566256363,-12.257887176268415,-12.297311746410477,-12.068257755506592,-9.527804506370028,-7.5595389449508135,-7.008108951619386,-5.805639994078903,-5.45374483496701,-6.293155077233408,-7.149503336232017,-6.316720352953887,-2.648212491634816,-2.6051480709724877,-3.2190994898977268,-3.0053314963467046,-1.2749283104253448,-2.15248853289688,-1.5240905696497768,-0.7054709259250038,-1.493854270004117,-0.11404043166172159
-11.538245212372711,-12.788438319978452,-11.843862123263,-10.44250028642729,-8.953842060794019,-7.362815423143801,-6.7348618324930385,-5.937547082001753,-3.8823169693970208,-6.9707768576441635,-8.246625010128176,-7.36830812246025,-3.143898710921965,-2.204805615125904,-2.18480614518494,-2.537534790747328,-0.9223747233329443,-2.4619589462718796,-1.678889558319192,-2.197395720576661,-1.141770084857457,-0.22844908511045997
-11.140874156532629,-12.027197832337903,-10.912653199055027,-9.595045546864393,-8.898171595226282,-8.451306144301046,-7.9753218703641595,-5.695085225048716,-4.005535156699727,-3.912423564995743,-4.096875711804476,-8.961023816338109,-5.873566134756547,-2.3311738972990215,-1.116173721133873,-1.2346695996206654,-1.3792500727314423,-1.8058644242952073,-2.305468329898639,-1.2761910905048133,-1.2338513312786523,-0.6210531367676415
-8.484870348703105,-10.188012793070557,-9.500640625763364,-7.606348546281398,-6.797344744742682,-3.891000380658583,-7.468171421634363,-4.162029263115305,-2.643513588660865,-7.969795766193489,-8.024373753175512,-8.710008918329272,-7.808634569284682,-2.9469779138141465,-1.5559193514664886,-1.8395037472692608,-1.8868352174647038,-1.8388760081926496,-2.2201658321613134,-1.5734596721541403,-0.5134099092359609,-0.35346696557726764
-7.2789019657464,-8.197573618126107,-8.378605885903694,-8.391484687467988,-8.41660698059294,-3.2233230610901664,-4.326794520041445,-4.9142389921747665,-2.939375539642757,-7.945004484467999,-7.209165339961742,-7.418099063894017,-7.979411055390519,-6.744714651942084,-3.357086823968248,-1.7917239308021735,-2.0406541573389503,-0.6677021942483548,-2.0281961965979436,-1.9249652977580254,-0.030896464505610476,-4.697378605775149
-5.289064752923026,-7.122675996448604,-7.266968049419095,-7.655256458244576,-5.366539093213694,-4.045888881349542,-2.9985851639660006,-4.033900849137066,-3.7361005326617094,-4.098884529760613,-7.636973907109607,-8.768803387776796,-9.358966656549553,-9.122962331558774,-2.6892030435811924,-2.082837090616781,-2.3212829101215653,-2.1330135477412306,-2.4147117104130675,-1.5903145945574648,-0.24753319731553852,-2.9712751736850143
-4.306789461609581,-7.850358321526746,-5.393050915644995,-6.227010494281005,-6.115292985152497,-3.1493223104843997,-4.9186978352381,-2.467525034044405,-2.8311086587106677,-5.2825999017612375,-8.259694314784628,-8.331739011380057,-8.060011562861915,-5.197773596344139,-3.1971495485623658,-2.0552036660168143,-1.665350244185309,-1.3188179665784452,-1.7890168674289084,-2.07932664669634,0.030470019325887717,-7.234406672321002
-4.564631774087283,-6.606352152741281,-6.847686111097615,-4.709531798776917,-6.461446460065737,-2.8418846642122055,-3.5879531208655733,-2.799996964797363,-6.260455856907249,-7.329267891185529,-7.003413362156561,-5.529826253600933,-3.681439550892625,-2.606195979629386,-3.876071052175109,-2.7289773334091896,-0.1404268081485731,-6.654161021660549,-7.163496003155918,-5.972832020271666,-7.199739575562091,-8.045878046698494
-3.0330239390088316,-6.240495796923914,-6.594492441813264,-2.645008851297675,-5.126964380580406,-4.258111705178171,-3.804573807420547,-2.6547936307237334,-4.1833453535705,-7.431453145225431,-7.2808274776938635,-3.822968860602647,-4.309052178283852,-3.4945297230043235,-3.93882825725531,-4.528249364164632,-1.9954686719057457,-7.5362032326932065,-6.708607916519613,-7.582205362159864,-7.744240315432704,-7.765574024996242
-5.28187592674652,-6.2864460216281515,-5.118800623842256,-3.64539593569799,-0.5454808589984015,-3.0528843558243723,-4.593477661966402,-3.3606982473667637,-3.9934193119298302,-6.326510603035238,-8.53116899513738,-3.45284373947663,-3.7037231240161153,-6.83607738478229,-4.140520577641944,-3.7579364275415394,-4.204216665261031,-6.556372639236918,-7.020972770750015,-7.50421684279616,-8.04645282927067,-8.07354518083583
-6.68399709432497,-6.5976732942566505,-5.281610956643184,-4.897463135818578,-1.6255005847045894,-3.1161318598799936,-3.4805615511196244,-2.5632490336020015,-5.2768235358450175,-4.747344615162003,-8.996171560288573,-3.5434113224302415,-2.002946515670619,-9.411644866507626,-9.23665470665527,-7.118856155102999,-5.749024309390764,-5.031218754553497,-3.3091181824370137,-6.809005952177032,-7.62265106349713,-8.312373562413368
-7.726871685109624,-7.161840251835846,-5.195916676911856,-4.428805230213776,-1.4735836353744585,1.8562931497169308,-0.8307035566562501,-2.8986933020316807,-8.464523392467878,-5.22938667168047,-8.912469356302713,-7.635261664534403,-3.716650441249165,-5.4542634817870566,-7.226859969730778,-7.571947713245528,-8.07408654469107,-7.608329284133827,-4.305017355033088,-7.107725801446784,-7.1629359724543535,-7.707501369397945
-6.914980490327575,-6.9225222953284415,-4.163629428411151,-5.024189995136501,-3.5306568423148605,-0.08669477722890936,0.17307876387854654,0.10638873346936344,-8.125526723546168,-6.387913412633232,-5.224497880088929,-4.301460719059741,-5.098097910770843,-7.817144238167282,-7.571626662074932,-7.5688952480463465,-8.12559368084118,-8.304897790263045,-7.871194008142847,-7.487616485061638,-7.0714312926869045,-6.184265554759215
-3.811495660024591,-7.3968711120341455,-3.459744320011535,-3.453035191530474,-4.085547081315622,-1.8708997495787756,-0.6403290753718717,0.023520733105082098,-5.649163148416112,-6.37568045872942,-4.924945663178648,-6.839439332140412,-7.332868029680352,-6.979904918471282,-6.0893621468817,-4.9768447669328655,-8.51778110557845,-7.988051623037777,-7.8947451798048505,-7.750443646416936,-6.439780053381229,-2.684211929121716
-0.15612735662289626,-1.6518013655932824,-4.397870298986854,-3.0050392978507494,-3.9014280034329003,-1.499076350214576,-1.8743601436037922,-0.22064278315396774,-0.4077211450573136,-1.319530999763097,-3.8892881595784186,-6.745296803405217,-6.155682799136784,-2.9634313121703486,-3.311021474055957,-8.136301430167165,-8.219801533852133,-7.931602840603992,-6.488318522118332,-6.23030265647204,-3.4265530959617854,-1.9365041857530585
1.3680466274817973,0.8369559246977867,-4.457444272884693,-3.6188056252889975,-3.7553908435780317,-4.106730956571258,-1.1019780137417952,-1.0358094146069698,-0.237274817183979,-2.95085723644308,-3.42711231735845,-5.501648280436944,-3.6461205951887696,-3.4312548387954966,-3.0504882096123325,-3.7033473299468245,-4.191753242444844,-5.520041855609611,-2.399061148526788,-4.130712593562058,-2.4861579378850838,-1.9535329051309278
0.9076434099814878,0.9069693900851029,-2.6752042705350894,-4.654239285407549,-2.2927448458498096,-1.5258735645425592,-2.302649124235064,-1.466491221695223,1.0602477199082327,-1.2236506981598458,-1.3927741276838432,-3.9473282870126463,-1.4308546930009267,-3.0173946459399676,-4.12988059596882,-2.967004878551862,-4.334673171644773,-5.84251688922277,-2.7333681789269977,-2.5558093061796052,-2.822270588637951,-2.5620856609717793
-0.4984000562548031,1.4904713710534412,-1.275656037591639,-1.2040393823867646,-0.1632942677888087,-1.6132516084032755,-1.8507463430541393,-1.4000853104334332,-0.5522310165508411,0.7736693084822427,-1.8672773806584104,-2.411638288644307,-3.250600268019776,-2.920396001882266,-3.102407145157335,-4.1217668463355945,-2.534741429618875,-2.940371995693261,-3.690268587075064,-2.6602600432583374,-2.754585246519388,-2.4581847155851513
-0.4922196641153651,0.19816916818819522,-0.8222772257839698,-1.2465134630994725,-0.4442213387234297,-2.134928935356338,-2.7663991184628514,-1.6754107249960812,0.43489329716041236,-0.46028538680308645,1.020249415768513,-2.1174627160368815,-2.985733960564515,-2.622144184364547,-3.2140977456422926,-3.126100822693083,-3.3639727006483606,-3.706189659819493,-4.001700924659718,-3.3959985249803615,-2.6636051019754663,-3.7903536084320093
