script/wind10m.json
{"header": {"parameterCategory": 2, "parameterNumber": 3, "lo1": 3.000054539987559, "la1": 64.9999836372058, "dx": 0.5, "dy": 0.25, "nx": 34, "ny": 52, "refTime": "2025-11-30T06:00:00.000Z"}, "data":
[rows 25 to 49 of 52, columns 0 to 33 of 34]
-12.905597814614397,-13.135470172298069,-14.392692683173898,-7.363019803408451,-2.904159302547203,-3.2198563135791463,2.2861805838600398,0.11486173212900712,-0.39731489099932304,-1.8565248055492336,-1.2401181004268331,-1.2205528137225967,-3.150984880010144,-4.084676701375509,7.706686437531439,8.693567559536785,8.97237466504037,1.6617086483871781,2.1268861534179324,2.3334477355729,4.155198176647691,3.774351858405263,2.2211124767715953,2.2796539241565283,2.016138462967366,1.6573409950757472,1.830075009169588,1.3315950102606668,2.4171767403761524,4.4513051412756015,6.1619959942731395,5.5042444094367555,5.234501002587754,6.3536407793724985
-13.102070805576247,-14.120250351869286,-11.339561416978562,-4.038593329668029,1.5563677053253318,1.6903620512590611,-0.29950547724542315,-0.6847499144332889,-0.8128037084441797,-2.203588711354196,-1.79137302439722,-1.7890578745002257,-11.325376379921417,7.3776461453665805,8.406014335999094,9.48835767484297,10.510214587652369,2.4783394250163786,1.7119009339178324,3.458764009002843,2.398443596499508,1.3176004733387052,1.3531876199822128,3.294314495050515,1.5689625580490787,1.3418192991505236,2.173041750051872,2.215627361729363,4.87618941236107,7.8974471524887555,7.263724416571739,6.739707106037362,5.8888362307262305,5.718503094517679
-15.631359363262575,-14.305036914796426,-7.035839602423655,3.022590260622905,5.164664368007239,2.8175430736237534,0.5706448853344617,-2.412502034514102,-0.832929725404853,-1.7588462107706841,-1.967828147410807,-0.33312445451685996,6.197390272618966,7.153219663160031,9.019610531147377,10.55558815727699,10.849314949047255,2.9772331893681327,1.6335394882650616,1.2380804534315921,2.5045756576562597,1.5963166374590623,2.0142453901470176,3.969457806204671,1.428409543466607,1.6704682225147691,1.9445236462776738,2.3753641069370843,6.5513530278052015,8.921474549430087,8.798532902443785,7.507633897435882,7.813440879927773,6.963027370090529
-16.47607624942046,-14.91291443007359,4.422588612598305,4.891647450960215,6.266917812406429,7.305203805444222,8.456816435982512,-1.8930884331038884,-1.6517398449315854,2.028609848594528,6.366138379293721,6.814431344904671,7.153611980904887,7.61440066798562,9.077491765182408,10.597557432300555,11.729478769789292,6.500960744890437,2.4934867456261363,2.3515563499635785,2.9996736143581493,3.537618373873652,3.0439583710948934,2.718070844796559,2.290156183845057,2.012070361686363,2.030506012074104,2.733937555212948,8.75687328268765,10.129690802271284,10.497117366321602,8.04839208031621,5.593855674925592,6.7335445853098825
-15.07106034763843,4.841258308327205,4.667261952939725,6.132186259784336,7.539589342369235,7.833964748401637,7.735903097723151,10.248622407461912,9.788693656504307,7.427916102132934,8.699100008296043,9.007332816663268,8.610191849240175,8.114221967458064,8.786324091654578,8.334560171426325,11.074878243911096,12.148193191524307,3.9922191358234005,3.3007411027847784,3.781847425367229,3.987407804861978,3.539241800940644,2.743086871196458,3.0565065982660133,3.0592993658334904,2.7622500963921874,2.195732577942654,7.711806936744906,9.651170744027603,9.738481975202243,3.0282046966735066,9.25874873844643,8.234202564262699
2.3121398262121673,2.4585796563567364,4.653541155865653,5.771090191956386,6.788259281031752,8.723843499760175,9.531330316228829,9.677593445081328,11.39720706500929,11.095593010279172,10.44554379336782,10.198978027743431,9.029418956628122,8.42945868128651,5.559516259190393,10.060213731584689,10.955492705070776,12.067885594081002,3.3773334650033586,3.016164778999711,2.9972705694297974,3.247835246285843,3.635304893519321,3.379771795445741,2.44041217242801,2.956843816264108,2.572806928243427,2.1717862725742494,7.698066704857163,9.689633669727883,8.945187028129466,2.7764779894858402,8.408131191086142,8.814120487117581
-0.46608509611400395,-0.8771568057085128,1.640687292705131,4.2214013135438275,6.594888981558857,9.03560851851055,10.478723498336393,11.38905342255126,10.596607143455225,12.862699539985506,11.299887137509712,9.664029452949295,8.320766682587095,6.507084932401011,5.674663771953765,7.91628547341519,6.120548593074779,11.53980415708278,9.9217416077281,3.1650197840843015,2.850319138708188,2.910770964188401,3.1911124987473642,2.7731013324795746,2.5500722548638572,2.2165046686475898,2.485336475722457,5.521377949205497,3.672576613466384,9.141951364249229,8.204975044053658,3.3988652400019084,8.25004992613275,8.692046502361134
-4.695859923331741,-2.573005670097697,-0.5110333793471327,5.395567987818189,8.20770172682364,10.701563799641988,12.078222229789976,12.740589209294033,12.299322346461691,11.922262422569569,11.737831287244871,3.993266125232258,7.641746284521441,6.18085000097929,4.732437938543947,11.251656197925076,11.605117881518364,10.96038626840544,10.564350599479555,3.206354686077413,2.5269811411738763,2.649724823552981,3.7128801856289297,3.348905544278492,3.2695160498695435,2.205706495684363,2.913988464038472,5.246848839763669,10.39047815574304,9.837310677742838,8.886838123250937,8.43195078905598,8.005934360710087,8.726973965775521
-6.477649585690345,-4.506992678067325,-0.12824380967492205,6.862484235804438,10.575849903161219,13.180477012638923,13.905658911105519,13.630061372385786,13.41060584463017,12.757572039759161,11.077033766738955,7.441978316405038,5.708641669554988,5.483075663936758,5.850622737854063,9.375293109836427,10.538884279727304,8.781488681577208,10.641322313805967,6.861842589332136,2.644449408661612,2.958778453085986,3.015158021248688,3.26655673785578,3.24840444962238,1.8704147680184382,1.8792267832597687,4.9182975831571625,10.075089334173159,10.234948360538866,8.736107939263887,8.818971237606036,9.321989250427517,9.788414113277067
-9.100392651727269,-5.217283194308799,3.4698163626549996,9.415365680070307,13.023097646858293,15.294311821217104,15.730229849659809,15.393760751381539,13.983718918624477,13.288835680340451,10.399450054099034,5.92225966477018,4.930442074936156,5.170832888702986,6.286156540600835,5.70131707520277,9.738808856887909,10.57145898121497,9.80968951418801,8.88499125059436,4.3536367214359935,2.4539200431548926,2.926203211263373,3.1313895557576044,2.8073176517844813,2.845137223242996,3.111203673968523,5.38553474478953,9.846431927378072,8.610686050434024,8.094626739661782,9.835099178858082,10.068903905852057,10.145206439385555
-12.753545136576617,-2.1614025036327473,2.51242349486221,10.207705833713973,15.149156905958131,17.46737473197779,17.25174642592541,16.457521326127754,14.780053220123234,13.685476528810364,9.748470334477977,4.889461711513013,6.902414030664057,5.3599688093310744,5.258006077164403,7.750305208337634,10.633707943048348,10.45132624627337,8.938253597963985,7.409236799461385,3.1214072010436738,2.5298110966480336,2.988858116835676,2.961088523791193,3.2883793724409567,3.081491280102782,3.9376370384144956,9.917735234755291,9.488480116691465,9.026615987295564,8.041585219201894,9.001872562756237,8.95416298007305,9.076715511541222
-11.904255640996583,-5.104434406464816,3.9818259741119757,14.649706525504843,18.090731237687134,18.442211288406977,17.948437098891795,17.481939031646,15.643788122450221,13.909095676898541,10.41223313094201,5.646831509750219,4.982787950565619,4.670047504100787,6.318945232982077,10.027128638522628,10.121048338374244,7.652705274866439,4.976170449903199,5.835341968088473,4.942181385074726,3.158332842688891,2.5195315643746725,8.390582765281163,9.770746638581516,9.327424953792299,7.783887646481946,8.077915378656611,9.097583676747481,8.345072582695536,8.098293730144814,8.45788301672196,8.617415556277724,8.47709386305716
-10.755598967819527,-5.0144651794530075,0.7955663812728742,14.687411688341774,20.687060708596885,19.397657717171995,18.43333306533516,17.569199628366665,15.821857022120035,13.780624336963465,11.354366413372418,5.948417802541758,5.625486985913953,4.216932281271978,7.137180220129034,10.105800629714727,8.759333258267196,5.994072800883984,5.35128151484615,5.195612944590999,5.450092239091016,5.4186795423257275,2.975379727390339,9.662262062747947,10.39111853146462,9.623220394106177,8.762902861700317,8.16844275645839,8.795761220215388,7.846485013130347,8.106434844821102,8.883250058245467,8.848375792614537,8.188538516167764
-7.140134379599055,-4.905477790695911,5.038003650363785,12.853063825739952,19.955704887806277,19.260448514642125,18.454440114686776,16.494641285319723,15.490404719019676,13.581578049067915,11.59724080105023,6.020631129875539,5.252136249055092,5.1798180757637375,6.012080566266054,7.051430026894123,10.351977842358158,5.519289131494076,4.758588517742688,10.596071194236995,6.232624744666268,5.538343531126613,6.127806740290106,10.511739790304636,10.597964768696224,10.59783275499783,9.589159064946259,8.121610667496368,7.8516586168818625,7.7173721434815725,7.467698558010112,8.612083932810945,9.000487207852935,8.312432620963044
-2.0908045510672224,0.2043790737197887,6.440198772064664,14.379320482956713,16.7232316975759,17.84790834225021,17.39799348688466,14.61604355322514,15.255089220186925,13.204888390614464,11.886193586938349,8.600978072452964,5.148971111433707,5.021015429344266,6.573323587182404,6.623907248554895,10.814700004849945,6.334619552774368,5.224636624547296,9.958771799435134,10.011413719649763,9.687484820163688,10.50126702839917,10.6291029171887,8.825238204886787,10.333627337800886,9.819045331412065,8.393817724934612,7.662492486481904,7.675254591575979,7.654564754024456,8.526956610019102,8.981135907485031,8.119807581860654
0.3567729250416268,2.7678044242338644,7.173197598632561,12.837294185192942,14.596473302658929,15.18497327187974,15.084441234021757,13.687589455683131,14.516169358361418,13.11446866831804,11.218103631580417,8.979344319042594,5.2699656682091485,4.634574909251825,7.34343498956227,7.516682694163985,9.221023140200975,7.966929139727811,5.608859552180452,6.433314780943279,9.983704469506286,9.574976844872625,10.686647712498495,10.30289806335253,7.4422846661460484,10.264363381347481,9.58246403503109,8.659608883692664,7.640469781686711,7.855775932086654,6.319887905977026,8.67179713160352,8.796880776464016,7.939873608902817
1.1290079776853925,4.388360879289737,8.425167114402287,11.014014174760796,12.457873884328851,14.416478365729926,13.749185190470815,13.237059451864042,13.139310463872533,12.847561683926205,10.973316267366235,6.8018846519924026,3.7669978518583163,5.047660242377808,6.992143806311362,9.423679117950824,9.522057786694988,6.575526812054356,7.864915160420125,9.820468712328957,9.989624906558051,8.747074883291289,9.967656537656143,10.147673408857754,10.188779032032432,9.933504720262762,8.839391055430497,7.920197219873363,7.28906842539334,3.2126230053752742,2.986638052207717,7.761924517667618,8.255136876751617,7.0926761643616105
2.819925081429958,5.692914242450373,8.747638494349065,9.386429654231693,10.969984527257312,12.402096040841208,12.03517085513632,11.810812257506523,12.726843785707782,12.732325906578957,11.006597889860485,8.205836711637305,4.761563199707748,4.263291403887885,6.2608196989198275,8.495501764653786,7.389445938969593,9.274559947429232,9.975534740431105,7.3116769237172035,8.41760851183305,5.643467045915118,10.26847366115606,9.459050682043381,10.081443942694136,10.35378254711001,8.149331784522468,3.666583051010394,2.8303384898887423,3.2980762580162906,2.6733589209753066,2.4999886969286136,7.718737327082332,6.335666354058421
2.905114782084254,6.298480921850736,6.677851208943195,8.296951006983685,9.709360045366457,9.301206109894599,10.315627893690788,11.471848757432479,12.291322401053971,12.429468470800822,10.921908925544779,8.20470749822542,3.644082951738718,4.268219088022457,4.124677008777877,4.577432859952466,4.789209563481444,9.62134672954426,9.087724530642497,5.003265038402233,3.8415768195938806,7.4899963336547755,9.489022294371948,8.964630575823152,9.877054309321496,9.037449211357146,5.341136635590148,3.1639546519462542,2.4572042675255257,2.077821231675922,2.266774414516832,2.9624219904919102,3.628096680004881,2.7744860137803244
2.379539731909362,4.098786187010206,5.436792298913417,6.777691272056304,7.48026466808492,7.872118252060843,9.0404069091654,11.390956211521871,11.580059376210656,11.547846194936197,10.231211692481597,6.368874992881802,3.623546889176699,4.195187730342995,2.791859755175231,4.278824255187619,6.673427394870372,5.8339816546874745,4.2268493510852805,4.853604087861831,3.8716795311082657,4.926318628240515,5.691739202794028,7.450553545784708,3.7951878443838596,5.225874126496042,3.260925377555869,2.885730403618853,2.811086431696531,1.83924421774992,1.6566499480878631,2.8802464895415034,3.4854581624281025,4.479475550945975
1.7961694402002977,3.709173123458516,3.924666224573545,5.172423045278402,6.060186226954142,6.905234151112373,10.213486707835152,10.797255480579885,9.953557298337772,7.173142969286199,6.920188638876854,5.413213245801342,2.4517666967810827,3.642686420230162,2.6992484854499788,4.911554479700168,5.25775695825551,4.08592201730074,5.156562069666698,4.738311647755192,4.758713157649242,4.003405246977121,4.725316924315714,7.068331546320755,3.618305926329013,3.471897071253245,4.852988100343601,2.502756392628405,1.9149082134260955,2.5620091626730024,1.7224536272894913,2.0139138757067045,2.7743751835368284,2.021613489567861
1.0745699116310163,1.8454848893116853,3.056788508350914,3.643659382341855,4.931808054231928,5.500569974988344,8.98358483904194,7.984701483105689,8.109104712175158,4.519051851653653,4.501571956901494,4.207790345528987,2.4328064360986943,2.5155406113380474,3.2686745301251814,2.9793470171549217,3.9641351021828357,3.087449104656786,4.230044320747102,2.9869493684842268,4.195560551306598,5.022684687952035,3.4746059367535804,2.60105979476589,4.648134052903345,3.420254809364789,2.722556696160741,1.6819486313336314,2.4212721684985627,2.873095882842784,2.621905176525317,1.78652321385917,2.7835104286604424,2.6270328645004524
-0.08840229341038656,1.5620982326745463,1.4982545508625456,3.0365661902636303,3.4551141552497384,6.875390675667144,4.8614274364322965,4.7278283570828155,5.4841681573579555,4.590048202486614,3.1255893708160136,3.6553881129858983,3.2821941035167943,3.0292681629427967,3.073275086901628,3.0560488247241775,2.173114852990532,2.780862110734702,3.0418415678552786,2.5227939953588487,2.878392714938972,3.1276027885684354,4.630109826494713,2.024819551581114,3.9172112465469953,2.0493224112106625,1.862189548039074,2.968656863263921,2.27731741930415,2.356327600290879,1.5915208202455313,4.2605964747724085,2.227448654861495,3.809579229629167
-0.5137972034986557,-0.2092305432466218,0.34913847883303817,2.80182901269137,3.1615559237648383,4.725975292594204,4.086251030971844,3.78039083489524,4.89322643530099,4.63395479131819,3.8456845763898984,2.741270978790875,2.917221957630206,3.630027311235424,2.6781875440682534,3.217493422535188,2.0923661665499655,2.1280131440608807,2.0573537005131994,2.4136919208365173,2.3925726097043647,2.360696577332602,4.417815068665102,2.3641020771808976,2.721946089953164,2.634414757498082,1.5853457735839076,1.6475314089753181,2.437638723497447,2.445220805399671,2.0509591119318915,2.2940939511950886,3.4363991464840957,2.363135801705235
-1.2954766670710212,-0.8760016897120256,2.520610694513248,1.1129375357704865,2.2806965168605795,5.621498653097158,4.1529182244105245,4.723289985157442,4.366628615641029,3.679004077396739,3.4637859488956195,2.832944054819107,2.9214344955506144,2.2264164854390294,3.192251688069552,2.5892241393237114,1.8554478123377716,2.7021782872137425,3.8224397251115216,2.487808707216229,3.5469179607407004,2.774035301175571,2.6059732709027608,2.7105467304371493,3.263207553158043,0.27340059876335643,1.8773370673839829,2.032385617886394,2.0027266756656994,3.0488111259798996,1.8957940631724302,3.1107738522258503,1.1304542317093442,1.8788126889334051
