script/wind350m.json
{"header": {"parameterCategory": 2, "parameterNumber": 2, "lo1": 3.000054539987559, "la1": 64.9999836372058, "dx": 0.5, "dy": 0.25, "nx": 34, "ny": 52, "refTime": "2026-03-13T22:00:00.000Z"}, "data":
[rows 0 to 24 of 52, columns 0 to 33 of 34]
8.822774875442267,9.738011617564505,10.166714168620391,10.705414590687328,11.16597287547681,11.138984139277289,11.279609617850241,10.853548044494044,10.901806195256595,6.40822095417632,6.258532932934045,6.083913658908623,7.210191104073304,8.200695757517925,9.434655732849677,10.028235202262136,9.936164899053527,8.902208504031334,9.550014503981005,11.054390445269416,14.410796958066097,18.06194094278053,15.817259002482619,16.8494497011653,20.480488813882648,16.376219448976073,12.610933117160064,13.721722134404532,11.952788448736033,11.663593539044756,7.312406401037762,5.957091621714686,6.702715499145371,8.610211170410805
8.523026675513119,9.152291407213019,9.37109452641685,9.743860988647333,11.36877104042558,12.043695188235853,11.840763564055875,12.098694193554826,10.57154815712645,8.606943201832529,7.296433029863782,5.335319888158302,7.128809517913158,8.132864112806933,6.535551934716988,7.699667865698639,9.108221125515508,7.94732353705555,12.102817413224372,16.88183547400346,13.781546860566197,17.905975834681268,13.707808280902354,20.47929561902652,16.448910499242952,15.526548606604743,18.79642603301153,14.596846745023113,13.155829980979641,13.139358774176145,11.587051678595989,7.666994355616053,6.823172734490246,7.898408659563085
8.089183698296187,8.435752982988395,8.495701889733702,9.613030421548045,11.212994326638606,12.278796186662463,12.206406146511958,11.799766716024603,11.949547318727957,11.293862955267514,12.615492719590312,7.458674075226695,6.6567962021558715,6.823700053057365,7.976117622675187,8.536241697772912,11.233647359017699,6.433640220335221,6.0436239197477,8.060262394223455,17.75962925979952,15.036408874418399,13.424249481686351,18.85031721057418,16.97272116618025,13.119839354437586,11.737846937018979,15.523556682944985,13.90538140529024,13.587554572179444,12.88001610327518,10.423292742596066,8.490863796210451,7.84949688401329
6.463873110626204,7.3892087102525785,8.567041132244292,9.00494198042321,10.227856409329748,11.724404129162542,11.807851418510792,12.946906494863834,11.213342792922184,11.669524559902381,13.659204182020247,12.759488371320595,6.488498012458133,7.494448287168595,6.550278408221412,10.183016952868643,7.100143538277948,10.428106916700775,9.835047474565055,7.459699109486367,11.993783862769206,15.147836694310993,16.082719654393138,15.032409303137024,13.387924056716548,12.975003798704188,15.434303763043637,12.960681124990003,13.878654901202522,13.581958408492367,12.255592162584316,10.743851415634527,9.123635282607935,9.381515259558586
6.0217984304655685,7.1518912678561275,9.198178942640299,9.501294211016848,10.182563384481124,11.651493333573512,11.320875272015396,12.186898455287379,14.514520216821799,12.658759342024494,12.3766137611293,12.736398154543974,10.49623098880344,8.876505968471298,7.0143918261339975,9.250908991825828,8.32435748279978,5.3932604895147325,7.594167048763148,11.412998807508952,11.21223136173477,21.70656271334038,4.791480187229829,12.531966008611285,12.979792533946778,10.161324050689494,12.365540916427829,10.923955431658326,15.24064136352377,14.16788924442422,12.377945673982218,11.16622207217146,9.419010597401934,7.85329785691611
6.698908269362543,7.840827315274788,9.318587869547734,8.92194188402337,9.233088205203183,10.429478098727794,10.655075580144194,11.662229145836065,14.116350735176216,14.24753870915143,12.389724016197912,11.4887806000643,11.50025567549146,8.217204902173203,5.7076522337533175,5.399258411681269,3.2439254420852155,10.555910440283041,11.571771034359886,8.60562135092878,4.9539867210203505,9.267804373236721,12.470752667900044,7.002686597660355,12.778943212396989,13.854721416323057,11.845021711720968,11.457485175496608,7.724281538753468,11.709870488868736,11.433157799353783,10.3483561105211,9.16657227158053,7.776924216343033
5.3484312532616896,6.178654998922978,8.468853160124448,9.702929729893507,6.417950484296552,7.4558039529105375,11.490559076213179,11.023579979444635,11.61754104212588,10.107495603927186,9.346116888808755,9.978155577394974,6.906491855213873,8.441314660570155,-0.5918798224313333,4.143415205006168,2.0450666678475975,9.143142605358436,12.342992357647672,12.984441836147784,12.988068837080505,9.105515321918043,8.406170596237391,10.517187188444623,11.455659561714288,9.250668744519668,12.128295697822386,9.253314190222095,7.720823808985339,10.52639640163586,11.568107722984877,9.166324002646427,10.551003416188689,13.10298109650324
4.243880298030211,4.777315019634061,7.691783744602503,7.227966238133504,8.340971084482751,10.60530350143012,13.808308277072735,12.391500134365351,10.621093572761875,9.575619062558868,8.195895636393958,4.575061625934474,8.951622691926392,10.50109833652092,3.273205637919768,6.279139766258289,1.2662551679943326,7.442886760177799,12.702620775459238,12.873747444400577,11.950336454385916,9.43524509098193,4.56000841991905,8.746488341537201,11.95747163028664,11.44769974430585,9.197835977340294,12.296152993772697,9.262945923498693,7.496187062573919,12.659839591907703,9.863204580830976,12.632072960571564,17.983693292479124
5.48396910765462,2.9931775771876827,5.732492066823344,7.412657071757274,7.528303638810049,11.477641346032424,8.978444320000676,7.710460127642253,8.177380645174487,5.8493614850523254,4.930252923079322,4.389446628367918,11.237009509788253,13.69227350279501,12.188122644425107,3.7193179077044327,-4.254500378041869,13.843313136436024,7.545429567864398,15.194151857852631,18.945050593605814,9.17102305340632,13.29235829913583,5.547815431883825,10.486315402336977,10.727079806306305,11.605903156395293,11.205822752522893,10.290616167993248,12.190319967613348,9.341735938665678,11.739172554780309,15.99603346660617,17.984395468501795
3.1591576760341704,2.4890890089920403,4.391360102910175,6.1340202044874435,11.096552358124795,7.878386853210608,6.656857344061737,5.318895398342947,4.651001617918792,5.718346243925793,0.6912177643886173,2.1917538347507164,11.791051965436987,6.629291226905467,2.7239294820670175,13.088817305044396,9.130773419365873,3.0345776445012205,7.920848603451689,7.050362184334887,15.526552984465004,10.506960136405551,9.846222475744236,10.653272285552168,11.645764229073105,11.340263655373471,13.403914729992309,9.30657687669316,10.680770749614863,10.6892088991143,11.008879104062302,14.45908979419868,15.84032684103571,16.360686909698632
6.846138064696362,6.381932425189052,4.991284146379835,7.513499883769599,8.082319808004154,5.36491384780834,2.400486609348851,5.208939022215075,8.765983830943032,4.633877179291847,4.086843989617457,-1.9125055683341008,13.521305099141848,10.594682674007185,8.505992073702807,3.042508411276418,6.66198110598654,5.192129718826277,6.081380925040252,14.623606735118353,8.997045048485866,6.242211480410609,9.634641987015119,9.437208718072023,7.893587082748585,11.367794611570705,8.764798726033543,8.791786754628472,10.401664406661789,8.722695425254164,13.8782938140904,14.882938199535513,14.292058732683516,15.488996155788385
5.979262133697399,6.976123494096154,13.003132187945626,9.01461984128277,6.777194151414929,5.340958581008012,2.284127287567069,1.3812698949697069,0.4293974643758668,3.9018977684978986,13.603152852517304,4.27195742225603,6.172894394774626,11.32183039823171,12.024117504391466,0.9584232933564668,2.8101074473319354,8.080173982014154,6.511957713095338,11.573355946907188,8.993725987788052,5.617287771664008,4.634414295351584,9.084547738210258,9.265418799902648,9.834087111284896,11.336594150540225,10.638905556228973,10.564028263544772,10.48665683056203,15.037692506327158,14.2744482485233,14.61357106155053,15.408811515770712
5.7543713656522355,6.913381474726017,7.723253882203301,8.218887000678112,9.816027880195415,8.918723539039224,0.4639689360590437,-1.3291294289028976,1.3384346972419803,10.352471239421222,4.1237487887524935,12.283645568033043,8.91258897517649,7.93794500970837,9.166552763166456,12.773881715285523,1.1711634526349948,8.797613632087598,4.941707636513034,5.713021675755518,7.4620104162906085,12.003085268369588,12.053362170876868,9.963684657660567,11.194177523356908,8.634791977594517,6.587067855875927,6.904018403314554,9.20167508226135,11.212732480053488,13.364207225662495,14.290201858759852,14.48434962095438,15.096281531062024
3.5436924521190667,5.831767149078277,6.563919878253487,7.237275939789186,9.238189668886358,11.257054725968441,11.908364972251654,-0.32044782518677395,2.9538718816982366,7.863307414109128,12.312616117078727,9.575767821260653,2.6919507179443904,-2.965543185997819,3.298968544777511,12.88814369873207,4.766497712985324,4.965484819600722,3.894674633835561,9.538558539597808,2.100304096489489,8.962521630115713,12.226308040252118,11.710734292983158,8.037161174712917,13.93284768685787,9.343922651969205,12.627856853950412,7.137710710710643,10.731603141934878,12.64878421150675,13.939037011837502,14.492978655606795,15.345685382004516
4.908356286114598,4.966807803883815,6.340220099021207,6.861780321519539,7.548054842800326,5.691932351162578,3.6867041623791788,3.747579480521517,3.1210888471059937,7.402095075951242,4.29446395118643,5.0457236454555785,8.249824073946302,7.954996132863101,8.856830167720677,6.0390058809316995,-1.0561422419116306,3.2050762867834073,4.432446017417846,4.924579838740805,14.354901624953138,5.862376318021932,4.555184809510726,8.620717864458937,7.683946703828028,9.730860802655975,7.697862407246223,10.34756280912765,8.84563069737678,9.981658453434154,11.904313793213808,13.449992011948211,14.399909602499342,15.07522039775887
3.3048721364866283,5.5477779532757445,6.156341205186516,6.307629289091507,5.809461734540251,4.079852582714643,6.60191212218667,-0.7774335574275694,1.110886580424259,4.9507629534564845,9.317791281684233,8.292587330048633,0.66816723519369,7.1221861668252915,6.263533659095527,6.057059575027742,7.139338168721358,1.1105940800986185,7.79019244413796,2.803359104363815,11.157768578756137,5.508305657063809,1.9772765198198299,8.828365588604601,7.572046141872166,7.105062866921949,12.507223268243546,7.961728321526601,8.885063822090755,10.916120526426331,11.794859938869754,12.759581257659113,13.132651458573172,13.894738649653627
4.80556110852936,5.457170997130295,7.225862826373303,5.2511147402559555,3.8460992907494886,7.125979179635684,7.151933661370641,4.913777276533282,1.7696427201566503,8.325660657344322,13.612339928441207,9.203881352860494,6.18215989590951,-1.1334887872357604,0.4171510145997596,-1.517457420460098,3.0383435344391088,2.0560073544701565,3.4423590459693556,3.9615576615588424,6.016331520928108,10.225430627394429,6.21962137322492,3.783386391705071,7.36108598959676,5.992852285026445,10.159575380718813,12.370019329004013,10.231882791713655,9.655047830860665,10.572363887353383,11.591155720617534,12.849385025380842,13.499334592189847
8.24981997935348,6.312087593363559,5.500709076394221,4.305063788220299,1.8197088503041456,1.8696603415122912,5.306203000902333,4.918679210522028,7.184646539649953,10.088038113457777,10.31397792906587,6.912080720847877,2.0622953823310324,3.369880140206428,4.0507609339797,9.772106194470611,1.1931464148991273,3.388987316178057,5.168897456177374,4.76705750391475,6.117871743880884,4.61347304584728,6.013125904342874,10.309224670992094,5.335138416568197,6.990594554726624,7.8836621858739875,9.754211134196483,9.994444764481699,9.814519411715331,9.024736999127374,9.500774559172182,11.646963027710076,13.1672570806794
8.497763372265124,7.879813838596495,4.37921929638395,3.5552546788535664,3.4782861915058403,2.1708246575953964,4.435516224709333,7.950429395878734,-0.32264483311745457,7.55175894661901,10.048819059997177,4.183890916597068,11.712288588193987,3.3630528215655002,1.4849531091980495,5.5466850847000195,3.942973363530415,2.7113481704965685,2.6247553240285746,4.000126922510327,4.814105427198836,9.147496191357323,6.392949493624993,6.4106260941829065,7.9106208039370225,6.953925647393683,7.8701330038152015,7.404436998250055,8.735241443058111,8.543551803490267,7.645593065444405,8.269254255256172,9.078767953359758,11.430858415798697
10.537450419326406,9.036913923674447,6.605397162141594,3.7562349886867685,3.8805405760660427,3.304386393308227,3.5545150176765374,11.079824162634141,8.413587522323404,9.068123840064635,11.02941979047539,13.043832133666937,-1.4272435131464736,9.249933899239554,2.8646221388092767,8.191742872676782,2.413760142285093,3.600654601430594,3.992973549732145,4.928677215406367,3.988885992618394,5.102095195344884,9.349549144783277,8.383322593316457,6.43641655819817,7.442219805670998,5.835773758272051,6.762693187787659,7.783248605875593,9.274887071269589,10.380103703088105,9.148586731958725,11.425773420594977,11.354796704095616
10.285174651317648,6.402176746668879,5.089984222348604,3.760541212523539,3.1218123668829,0.5571193001677287,1.8318387111349592,6.9462159621451836,8.062880573546124,7.006697644760072,6.005519431694523,10.435884964752029,7.860251522608882,3.3632166379573607,2.812436222517325,2.2142004033949645,4.2616674399433165,4.759319735487072,5.810976401106067,4.4908349966848,5.357491004974376,5.553975093017982,7.817993166733497,9.857344942101289,9.445260556119546,9.246638997000126,7.64046432819207,7.734418276536461,8.263562443541199,8.525772740806554,9.675872832903364,10.574374376371578,10.606564561029819,11.884926608212883
10.336093821567415,6.199421267682004,5.879718672906683,3.6443243026943963,1.9452536617628613,2.6447371390596506,2.8245408984919362,5.107507860185544,8.085841576757154,5.137752988132706,3.8913277186029793,8.6223822402406,-0.03382137234786144,9.001070886964868,1.9359434704162126,1.8877808355809191,5.2362063326382025,5.712302621024563,6.423416002145686,3.885784001244214,6.14484520479945,4.897673744105059,9.280469205734507,8.256231485173984,7.432110021123301,8.139318714201782,8.791083565575772,9.480176992245417,9.004712630094307,9.165220467936027,9.11805317655579,10.389826938328516,9.905052011337983,10.564114776220885
10.55959592282316,5.484400622517702,6.954911097910022,3.8017813591480816,3.508980518331607,2.624109717214111,1.543983062925895,5.8762931789963995,8.65238561517598,6.493847591202157,2.6522588035512342,5.56934788056916,7.795841830051495,6.959115831934684,4.516148547282838,4.095345059149764,7.371709382244992,6.808527370936958,6.403722010704353,6.228888049276923,4.625146145919073,6.90039368077313,8.825446020230858,8.199096757352248,7.805490725130637,8.242245370046028,5.786576904189586,7.80553843289737,8.35898007188507,9.017666230485103,9.076561849331085,8.303884929994132,11.08141501608083,10.449114467380316
9.605746357322674,7.464058899928959,7.363347667885914,3.611013045085573,4.461111478396983,4.566219643168388,3.9865857129211917,3.120801678948957,6.311460728855562,1.8618068864044703,3.740134558914026,1.6075853682727115,3.985690395366163,2.8583067345097595,6.6346686075569385,8.217636932094967,6.591376300938338,6.9416319313783035,6.147431564269774,6.492479378400707,7.533761151923315,8.798233247076324,8.41174552806183,8.06911269220614,6.880342856038195,8.666897933462455,8.203703739078135,7.531245419142854,8.407678758502328,8.25800219304332,6.851213571619711,8.618741209694624,9.578052638651023,12.105494255547043
10.759797155947501,7.877383615570327,5.902603797529688,4.31314406450577,4.564360416242364,4.701509143896185,0.16491188076488475,3.9735943827358744,6.167928037439108,2.7473538053873057,7.679590093030483,2.9662663395506894,5.733460426299525,7.072121108118374,9.779088280265302,10.577192685778277,8.841200836206058,5.741252542938921,6.714198042853858,6.729753783942617,10.256754400595726,9.58365834393005,6.078306133233337,7.611769664617427,6.673767373785721,6.961277974496156,7.34521338617121,8.100382217802009,8.117616440373817,6.38040978951994,9.775219144711736,8.56619965603645,9.833534665336417,10.350408986565077
