script/wind10m.json
{"header": {"parameterCategory": 2, "parameterNumber": 3, "lo1": 3.000054539987559, "la1": 64.9999836372058, "dx": 0.5, "dy": 0.25, "nx": 34, "ny": 52, "refTime": "2025-11-21T02:00:00.000Z"}, "data":
[rows 0 to 23 of 52, columns 0 to 33 of 34]
2.4692447865158984,1.6844807569595972,0.4886742552676776,-0.16739268871601573,-0.23909447379395787,-0.6561626729340961,-0.3579030905870389,-0.9413968859452099,-1.741270141616507,-2.457945794228384,-2.8128080573762424,-3.386337354478988,-4.045304548819567,-4.2621554744627,-3.1324419685417473,1.5999007420377898,4.2076119430719,5.113533870245015,1.5211405225555124,4.295368241807995,-0.7344056780117941,0.20842103798007128,-0.2949952732029415,-0.5931816845125069,0.22423542065998495,-0.02008796860092596,-1.1101304278455084,-1.2305384135971342,1.2847547205590615,-1.4137142572985286,-0.7154754692844605,0.16798382829193484,0.32693116519844156,-0.26499730298222285
2.115912555870284,1.0577220950996828,-0.26290501731124355,-0.3467007548950514,-0.8218856567268629,-0.8177778236087602,-0.8406953151563299,-1.566881363826131,-2.240158242900435,-2.851061987728923,-3.3842348000747973,-3.7784884945130575,-4.40798159001745,-4.501099307278231,-0.25234126239192883,2.367573587210161,4.406299404936209,1.062467636839192,1.6868259970756727,1.5315491689057912,0.7217546934018538,-0.5046035273152294,-0.7961599339882406,-2.3495246941192534,0.5952909603240442,-0.4211215948722249,0.6887143259372697,-0.2465504718520375,-0.5764206003256125,-0.9421109984454318,-0.4690665789600805,-0.5451550888787619,-0.4616883694182484,0.11136765302065842
1.0400804941660224,0.14056848571318517,-1.1162209599267603,-1.2183433354438427,-1.3038855726849103,-1.0459260165462632,-1.404662016837706,-2.263653180817239,-2.5948414437213128,-3.1166769498618256,-3.631614546208007,-4.085026087659473,-4.330672437296686,-1.5058065096423923,-2.0287156893433775,2.8984927888246586,2.101173891691483,1.7312270686116706,-1.9065273219262464,-0.614299397291922,-1.927291461384908,0.421029216596615,-1.8485046953653546,-1.3278105561822473,-1.3420825706377169,-0.2636925903068902,-0.23664530763130115,0.2832725196384067,-0.8469597860874256,-1.263159055937411,-0.019279217191444344,0.7826006596522513,-0.6207992124951349,-0.4873381932826848
0.15553307396270263,-0.9081854175482322,-1.826038483024109,-2.0034458864606433,-1.8112533285916066,-1.549454891396384,-1.9977573464836385,-2.6148504030246844,-2.8013932152612573,-2.8337282860670596,-3.4892437601422697,-4.035590408563503,-4.3301068238144875,-4.650349628972124,1.983554638301512,0.8323480032942003,-1.0236483935959857,1.5521662597407433,0.9754564728136801,0.6506535768671595,2.5822849657365885,-0.4353471665925629,-3.28485342070233,1.5329448445073481,0.06346395180582544,-1.4396236177959092,0.4905811313393299,-0.13719314533954105,-0.7959998506832653,0.28055767470631326,-0.4105240213595458,0.2263932761422231,-0.5174254699154806,-1.5193530111630413
-0.5185972755556529,-1.9771368851684734,-2.367493802714641,-2.3730534567314665,-2.257729821006701,-2.0325999420765153,-2.225728328002923,-2.3853703173951057,-1.9625884066161203,-2.7562083890098568,-3.8589930704866524,-3.79822549656802,-3.8816704114073297,-3.503947344158312,1.7227728591788487,0.863695438519975,2.591561278288276e-06,-0.5336128538145523,-0.9695001147864939,-0.7931005044755,1.0295927821202975,-3.0014185633190533,0.31037810058284265,-0.5513354101343003,-0.30179578790445316,0.10112378421424079,-1.2991867049276307,-0.9074384295611937,-1.4005232969451593,0.14172749963132814,-0.4919967442884815,-1.2818076978205029,-1.312517874877708,-1.9162452238673198
-1.2821772269203426,-2.486992820766703,-2.7792307558813776,-2.699895380815112,-2.6077942676857515,-2.5746620105447238,-2.150257621895853,-1.8303157787329247,-2.0562466242969606,-2.72744801260602,-3.522294366514486,-3.279055049917827,-3.360916661685879,-4.038397827064031,-0.9166919179077332,0.7770256499760275,-1.8086294402847602,-0.04379975255378232,-1.2879262257530733,-1.5796501671562893,-1.5920045544574215,-2.0968310568818476,0.2817896728614219,-0.41758590913384447,-0.2917140938404238,0.10686174438739085,0.5133932321657906,-0.13412677393446404,0.013129479744460732,-1.927270180872022,-1.5740562507338074,-1.5962966124122024,-0.8909314080939533,-1.6875730687035528
-2.422218973293227,-2.8617739745309008,-2.9781100746476454,-3.151005435485837,-3.0046458523901647,-2.8450071201134257,-2.702145798034282,-2.290301284148819,-2.6155641829901652,-3.0319264162446915,-3.1067822269143255,2.378859433921495,1.8531246215480155,0.0783614890152958,-0.3038657338138801,0.5742232686309168,-0.8267102055289804,0.6676964503091976,-0.43663314400685105,-0.06527092460031499,1.2069149500159313,-0.14084130751730634,-1.7902598105959633,-0.7593224508118482,-1.113763201587355,0.13847958225150547,-0.2641185773096687,-0.730817284464886,-0.5279148227749615,-0.37734441012602515,-0.5566800993945539,-0.9647488786251448,-1.9957937183277068,-5.778719202298749
-3.0880303559842037,-3.2016463617553126,-3.2389986184788526,-3.2783039326322005,-3.283118778250315,-2.0240283902979925,-2.7171762632762397,-2.8148434789686796,-2.713924997004,-4.1384626738685295,6.72711604105857,1.1883813743159763,1.7126774394777178,-1.6346987643702051,1.1823254315129972,1.46929430462375,0.054410895252618136,-1.5014643844462354,-0.6119419336224436,-0.10728501950912925,-2.3691648535620806,-0.5845091206429024,-0.36922400870980043,-0.8660415219540669,0.7766951352361,-0.12647749886678428,-1.0130116906875706,-2.0114003612026097,0.09834162279762282,-1.7191304447322169,-1.9791435282346062,-1.4121066783244935,-2.6862559493669087,-9.857531834052589
-3.44898470286604,-3.3939675739795425,-3.405381540716624,-3.4294744282800647,-3.23810012166671,-2.730757457750193,-3.1426001719927212,-3.794932578000386,4.571069674250673,2.2096505670243456,1.6476749648618816,0.18949197497896403,2.05078028989976,-0.6918310838751351,0.6231660210417121,-0.835598234928906,-1.8146976974565996,-3.2777444905268855,0.31385623211485025,-1.8202494042185549,-2.13655706227506,-3.150895731725484,1.6983117518392283,-0.07968076366397947,-0.48157592449402936,-1.3938384750686725,-0.8220015252367984,-0.03549142705701233,-0.8574935646873344,-0.6104029335367736,-1.9179302332037675,-5.012997275220916,-9.280135068502313,-10.025574014913248
-3.863843997112689,-3.7906325209090754,-3.70626856957879,-3.469594794664565,-3.7899236429805714,-0.30937021199781245,-4.318360738784152,4.440632481636401,2.066967348503733,1.5723971361144577,1.0058437499340873,-0.3799791230810969,0.18415205780161376,-1.2488212116258255,-1.7878278183400163,-2.840067778984459,-2.5366898780319374,-3.563002457812468,-3.790749802965461,-3.8119798013459816,-2.622994792987031,0.5432174538339642,-0.9126516655454924,0.8677134185871691,-0.273034034942813,-1.6260787892347586,0.07865519156222077,-2.3415584043734463,-2.086725622138883,-2.060450475878066,-3.2539609211742775,-8.682916624327637,-10.029076752213708,-9.942228194349564
-4.4559253733711195,-4.191973447980233,-3.6848687881370923,-3.7690194492162843,-3.448452770325132,-1.9612748453962177,1.1058102195670672,-0.32939017278284777,1.3945583995569346,0.6958093621949888,-0.13492401665082407,0.7800989491126024,2.267351329388637,-3.2725593680459366,-2.9921494745330484,-4.2713991728054985,-0.41769381583100457,-0.688239718385835,-6.071564005097099,-1.3461147502187265,-0.54545665325452,-0.6652574597580385,-2.8328507077713283,-0.6469177096961978,-1.4950616664498926,0.2106866678864043,-0.19346012253643233,-2.329613569995927,-1.320647312956514,-2.7024229928047983,-7.414701675424955,-9.854875495614586,-10.08564663232509,-9.931528672054563
-4.542905248487105,-4.444167907385728,-4.190248073421485,-2.694121354048981,5.972619448699455,0.3331635726149554,1.5255159778294276,0.8752378245910034,2.4459339156219877,1.6885132420561202,-0.5206682642485582,-3.8696057568378595,-1.1429083780742348,-4.286671318756531,-4.949198926302022,-2.156669995825798,-2.211565965817581,-6.801520834072142,-3.985436943924837,-1.6203157356862339,-0.2289000467844456,-2.454935770981194,1.3301213207455025,-1.3452519230149707,-1.2658653824073987,-1.2045761052772443,-1.632635216398671,-2.335518122477833,-2.052427863656528,-3.1722757925048395,-9.268983686889648,-10.429633399785915,-10.301288794779184,-11.17851109470346
-4.618890752201525,-5.024433310664062,-3.9875707505351534,-0.31851943733331656,3.283205421862109,2.3294172580149484,0.013609706173194742,-1.2355479639299713,1.4414617605796192,2.3819451346294986,-4.192540470634975,-2.4873651529726466,-4.628381572333028,-3.7422063636173966,-2.1717357393425316,-1.8559196379816996,-2.5126756327665856,-2.5645305322221166,-1.9190005934446486,-1.0438089147016536,-1.884481021706349,-1.4221449889712656,-1.8214706984380067,-1.176621826851363,-1.7063276025920104,-1.4594366245602532,-1.167500354643723,-2.6780952776582283,-1.819739216839318,-7.96777421981511,-10.338976519829325,-11.334238917135453,-12.036423932105777,-9.479899650358387
-4.887213455942225,-4.380334918861565,-0.9594975701491821,3.452716684336372,0.6661638949572622,-2.5704208733816034,0.7419298449597014,-1.4418849142323382,2.2173462000051063,1.23403083997045,-1.405839482688137,0.2167525124656927,-3.124399530353309,-1.182881154424183,-7.802871751469831,-0.4939270415515679,-3.8229412387902757,0.7997646646907697,-3.2860460144761032,-0.33380153280821023,-1.333379897645915,-1.5755919907337428,-1.3262766494553377,-1.0845111544938428,-0.7183906163414424,-2.4309768934608966,-0.6403822679537224,0.7841070139307824,-1.0593243218214075,-9.743261928484415,-11.384997895107897,-12.189083533902346,-12.635446278156135,-10.16168743106762
-5.5537800491692355,-4.850571982550097,-2.674321901445754,2.48898764157725,1.2789796145927232,-0.783559249236725,0.3296770580372756,1.7750815198300802,-4.283679322258763,-0.8849786832182756,-4.021460718567127,-6.351450893715212,-4.310019469053556,-1.5791754212985671,-1.7220688984690828,-4.3218774930457435,-2.4223406434328583,-1.6416647428895415,-2.0722501292545035,-2.2946245634499176,-2.0690963173300903,0.05735285259414305,-2.3863280467837145,-1.3210371228419107,-1.983923227598681,-1.7669687108603396,-2.325288112977271,-1.1553845126990006,-2.4617999561056254,-8.908832860173279,-11.860539102396068,-12.575375734155227,-11.325968423342513,-10.438450102208327
-4.638062031500355,-3.342763142771187,-4.580371335503169,1.0497355787813183,-0.6864722925523602,-1.0439382477018078,-2.5674118476726417,1.2333664124469126,-0.22371107441053012,-1.605303622892235,0.4134281548214853,-0.6017297703879082,-2.7414184054537114,-5.289758652370512,-0.6674698350994523,-3.2247292745525886,-5.4680058698324725,-1.1538957531585794,-0.5624925991389539,-1.290603032058371,-1.7480940134579859,-1.0960823944488787,0.26006816829350704,-2.0191875076990438,-2.2201261627609505,-2.4932169938455155,-1.5113177918289564,-1.4669064845621131,-1.386913539286736,-10.877309610317038,-12.885112801933975,-13.035295902200387,-11.425958275230629,-10.709108923370714
-4.7524169673890935,-4.414255348861002,-4.418077842403621,0.17766186551298874,-0.5076185398692992,0.5428864888708399,-4.999092318068631,-0.0963116003142805,-0.8212147768607526,0.7444457398771561,-2.461445030355484,-7.75569866113628,0.25977693183392986,-1.2160296296749267,-2.172523773592978,-0.6740642611894672,-0.9848666062502972,0.26521999797694595,-0.8721685962418578,0.6336403963136724,-1.0336412414753673,-2.3078319399769174,-2.3405802859597724,-1.8613952405627276,-2.4884604573392872,-1.5403975703011048,-2.7173275673721258,-2.8984860821985023,-2.6644872712431473,-12.192128588574219,-13.40497327902212,-13.763208502135239,-11.82169973977239,-11.12737336447788
-5.280448955839994,-5.094094462688092,-3.945498688300845,-3.327781977913886,-0.8167100780324135,-0.6405775597545129,0.6960156677124952,0.7149597197941031,-3.841139098052293,-3.9432422618988765,-2.7355707239393885,-5.817798235625797,-0.49849223681552873,-1.8341502796453344,-0.5008864552063633,-0.5324361736918157,-1.4355645993419048,1.4325870352682921,-0.6353693578604718,-1.2532702171553636,-1.8696840042642455,-0.2330777722539002,-1.3080159948042636,-2.297534444799505,-1.6277936932649546,-3.065879007639671,-0.5985630988170012,-2.679914011534538,-2.879189388052475,-12.052083548483079,-13.197602500023502,-13.893986452515032,-13.128872166146868,-11.983512869410191
-6.899444843489592,-4.994156054576766,-4.922964841566645,-4.287763194601797,-0.6899796793613301,0.7357754974268859,-2.630904690806208,1.7156640220547894,-2.131584722642263,-8.827028159899582,1.8361783541122956,-1.4996008920963837,0.45832407682683063,0.3735077435182934,-2.0804725454576816,-1.93407703434945,-1.7399989798435054,-1.803056825337619,0.7242504555122675,-1.407163051606542,-1.2581887650949868,-2.6124153438357336,-0.5560041087242936,-0.49944339083288,0.1278766888072161,-1.9989738655485545,-2.9631330009794628,-2.0114630209705595,-2.652433980872891,-3.5554138692334876,-8.816737275345552,-11.82701126039826,-12.714953595858596,-12.384990280100284
-5.804577048536762,-5.82033878332587,-5.30755706154706,-4.371255690644393,-1.2139884836775097,0.40685985960361537,-1.3515829359579024,-3.136418651065987,-0.07871826541269511,-1.9224507801111803,1.6978289786945988,-2.6728326367943556,-2.3299534504224657,-4.87663655854838,-1.2804645371919572,-1.392991998495569,-0.35631941524485905,0.3583753596206684,0.3589079441077743,0.23221312093565447,-1.796673069480329,-1.719048000517831,-3.5492073836980667,-1.7951525911227368,-2.6715271576469695,-3.031510373487919,-2.79227630359266,-2.903054478363556,-3.089746884065068,-3.1786047162954905,-4.464307623403648,-5.082640670349069,-12.114428493400617,-5.060520673368527
-5.969069289784051,-6.017776702708963,-6.037511617104779,-5.1016548150756496,-3.6858160028397493,-0.23167524838888107,-0.3374287222594901,-0.4589766455895746,-4.97087292856608,0.1411644122840922,2.381139389701535,-1.1721638438297663,1.4455907898513207,0.06868970354819043,-0.14199789739260738,-2.354279148754748,-1.9634363427533479,0.20746945538600786,-2.255786061291881,-1.6545938768854707,-2.0178577831868725,-1.8861397833770726,-2.2263632831360556,-2.1741118729471203,-2.5290815685640697,-2.3568746620390084,-2.696740762963078,-3.101138838403439,-2.9180696134425594,-5.469290477007096,-3.670541678879518,-4.40558921014944,-10.867295872998184,-7.366404171110589
-6.489279569810761,-6.654263502672373,-6.581444245817051,-5.762185289297196,-2.6681627510593184,-1.936232426820558,-1.6570065333761477,-2.219170593940505,-2.928491473615105,-1.1317929445160388,-3.6212456321981557,-2.812490044897234,-2.386434906920215,-2.0954185487613928,1.0399573316008566,-1.603766025065289,-0.9598339354798066,-0.9959258697838883,-1.7262884862633912,-0.8688011085802281,-2.5580057880455582,-2.495415787830675,-2.7993437795725713,-2.015830761319903,-2.9003892657234287,-3.2184217635869854,-3.305353716312883,-4.288279877263106,-5.214265047799927,-6.057140477893148,-2.424683009266278,-5.2399580398461865,-4.057982516656093,-9.186758233778448
-6.793926150665083,-7.145965063222125,-6.365027987109896,-6.2235057710861295,-3.0073064905589577,0.8070224980353495,-0.6576256722967713,-2.163289551149756,-3.2124410468251914,-4.224757415351564,0.4812124791745415,-2.997424669398053,-3.1065374003171717,0.12628180764944724,-2.389936176935419,-2.013533082739447,-1.3409758694202842,-1.0963664581398818,0.18383095347267422,-2.7257233090129183,-1.2332840237020424,-1.9272851522737662,-2.402334080386241,-2.912397775394497,-1.9428253906742439,-2.8529063783374466,-3.603120726961439,-5.922853489605122,-5.254359333646738,-5.565508178142569,-3.9320226476269715,-5.310241099050747,-10.081268069069576,-10.402150386981823
-7.41810719507746,-7.076735117243125,-6.541575548978829,-6.285356387957652,-3.9853117916057568,-1.8155358057151079,-1.9130686331820872,-1.4764717736642847,-4.227532609187496,-1.9024817315384137,-0.7620248967131377,0.26762810042194357,0.7662104219085552,-0.5212329554979315,-1.2167757280641984,-2.46875554744051,-1.3392020132388678,-1.3256723477091275,-0.9365254442865074,-1.7115892028187292,-2.2926027981539625,-4.172845136869141,-4.120746484866008,-1.9496914848754128,-4.283239552879216,-3.1462075402720187,-5.940219186707175,-4.185229030192899,-3.8385360978558176,-4.556364287974719,-4.2411887807284065,-4.379016447739208,-12.274151368159014,-9.2659560621985
