script/wind10m.json
{"header": {"parameterCategory": 2, "parameterNumber": 2, "lo1": 3.000054539987559, "la1": 64.9999836372058, "dx": 0.5, "dy": 0.25, "nx": 34, "ny": 52, "refTime": "2024-11-19T22:00:00.000Z"}, "data":
[rows 0 to 23 of 52, columns 0 to 33 of 34]
7.515554166580046,4.033885424161969,6.779117193674194,-0.6416198694752528,3.880329349829311,3.496043316218493,-0.05287494249568934,0.0360183967101722,-1.9826035503146593,-2.577079434301258,-2.524692173067652,-1.1819650212256896,-5.103413263689907,-0.9179725827274424,-5.2317001024185465,-6.403727767927737,-4.175386171409926,-5.502223495541777,-2.9122373037015,-8.381004208900801,-3.5590929689633004,0.8480033607844856,-2.378913232635124,-3.640355347670813,-2.5173790559366345,-1.572038226446528,-0.7041105276989144,-1.6314178925571472,-1.109257716581806,-0.5965708104706029,-0.04159520978620864,0.23115974307144319,-0.5885781845385833,0.43064494974835876
7.303352963626899,4.213711360591723,5.414360518401125,-1.588790994617488,1.6791442578576434,2.270973030955843,0.34477796174346453,-0.3756734859012619,-2.1212472497811268,0.4744407079535684,-1.641040707419702,0.00276235685124442,1.4513300048516928,-6.321300100213634,-5.4840101884055645,-6.4627231957285,-6.423439765931566,-3.9053341262377925,-6.384345222941141,-4.059358935648237,-3.0001200658605005,-1.4596153027511967,-0.4067205464839109,-3.07551877876621,-0.43312479831832945,-1.7498961178209234,-0.5646713103982042,-0.8725276777243075,-1.1031420117965949,-1.4684933741227124,-0.1320323782629267,0.29920358543109404,0.30818264620709845,-0.7371944954201517
6.297591345482584,6.9282631353018544,4.895710902483404,3.075553583825917,0.14389627534154623,0.42184320225770966,0.4120090221505902,-3.3040298846275804,-2.4083949518128502,-3.6866645130501654,-2.8620045895313884,-2.15624517112523,1.1514592450490424,-2.4231885841209877,-4.292898892818024,-6.845096912964266,-3.6811816494401284,-3.3688764031805394,-3.4505792151518224,-2.964701653502558,-3.861538315394085,-1.994975480323773,-1.4946483691962105,-1.2855640467263338,-1.670523586132733,-0.4401870815099126,-1.9437930990566028,-0.5936359708695834,-1.2131219423235708,-1.960098506682273,-1.3617911329165089,-0.32182923202935776,0.43508999069249965,-0.35912432203175465
5.210208829737209,3.77937424940285,4.147580924265727,1.0562084652451111,3.8910134816408393,2.952490343666688,0.9325882793403225,-3.6011709174721407,-3.4956609681959057,-7.333961529975957,-3.1672667404855392,-1.6281445923159672,-2.037433824291352,-3.596963151932474,-3.864225239904338,-3.7193497264276396,-2.039492414779298,-2.79957788658285,-5.711213023647992,-1.3547502767583148,-6.1371192107127115,-1.8661350581035316,-4.969406179287997,-0.7343867286725875,0.41903282580478346,-0.2489514557910874,-0.6722762348152158,-1.0124355319371792,-1.2848189016008873,-1.2885473968316323,-1.4203647780681834,-1.1312813025250663,-0.6934550768115954,-0.19445012703722336
2.83463399613474,3.6729406671564693,2.8446146886282473,2.7278592702192315,3.486421380990265,3.4583715627567972,1.385738841303875,1.312854910590346,-1.4585053098606275,-2.3417579924178424,-4.057261537983924,-2.6775778760151456,-1.6899967103006837,-4.45677795692037,-3.7220550444930196,-5.134744718747337,-2.733955352864215,-2.428609724469295,-2.35610155038116,-3.1058834096196026,-5.615580218746719,-2.859713258873991,-0.5085274963117259,-1.8474966181222576,0.25460931941830245,-0.5333077302956459,-0.6671740025173692,-0.7267439216009471,-1.5464019540781089,-1.266862330054163,-1.048390039706045,-1.9010290178446947,-0.31886031068038817,-0.22445370017487798
2.04436029333643,2.048080342540482,3.657459395983208,1.3604568914027282,2.5113381683357767,3.8053603601841286,1.374927152680101,3.1058861400803015,1.2207471665876928,1.1055769499810566,-1.6060085809431353,-2.136538572912159,-1.8640512823134352,-4.9367525083960775,-1.509573642172141,-1.3992722994289415,-1.206640005013197,-2.607470131235542,-4.047163856061209,-4.321733984366206,-0.591866486491758,-2.6417089330839993,-1.1006359258106306,0.5843992641644703,0.45681183383941587,0.5748072989566878,0.7150147804780496,0.7198496115112566,-0.8014292291103526,-1.5009218812367593,-1.6149380875238126,-0.1711284409543422,-0.2687817487429671,-0.1917442150402753
-0.19229608679795165,0.934269808713375,-1.9180411540588977,0.1467193898133991,1.6879725539545338,1.956001245053947,1.5471193246831811,2.8761380385955744,3.263123314105502,-0.2535872301639023,0.6564416182797667,1.2115654791766315,-1.6390259838901973,-2.364193901435457,-1.2901481428717272,-3.273639594517445,-0.49205322944805585,-3.4974360134925,-5.097297793224192,-1.857517565125164,-1.9154681487676837,-0.868400268878744,-1.6126203242697152,-1.530798332379779,-1.2282772086210592,0.45265339721181247,0.7344356153168384,0.6228537419131212,-0.5096992410240053,-0.5893472624349448,-0.8685179774783892,-1.087201500244412,-1.0678326715662907,-1.1594259866847176
-2.888734430716525,-3.3401057995685983,-2.139883532576769,-1.2371023215192467,1.3010006442643836,1.9819893310137113,-0.560179086573232,1.0315167319226657,6.7497502078216876,3.9359226808739143,0.6113082927356838,-1.3190542327117103,1.1928936409297308,0.13962590333481883,-0.3347081152556445,-0.756117367190117,0.30524641631627497,-1.4302695972206083,-0.36470931600594103,-0.38828746758829935,-2.1452071180027876,-1.3894048187355879,-0.6966462038288143,-0.5047287948831554,0.8241187441595,0.3962764801013151,-0.16753336228280483,0.2082201572658013,0.5894113001654205,0.9871880684034485,-0.6727618945496888,-0.3582318451874701,-1.5486951498617547,-6.621483017939244
-4.448771144137206,-2.834453208625596,-3.3128486863820577,-0.8964298640440742,-0.37376770262262865,1.2502584457758599,1.3834534466196635,-0.00017607750054860098,-0.21523858955787456,0.9897972713082334,-2.92973072793215,-1.2229927894027917,-1.6018005411282412,-3.604050821653895,-1.6011322138655009,-1.1752535809593272,-2.202035221409814,0.481447325607175,-2.2052779142599186,-1.479111593673217,-0.6738146439967587,-1.330583315616224,-0.4993954623267085,-0.1766923644055845,-0.6293139817840155,-0.08282661651332043,1.0972795008530125,1.448076713181867,0.36144460493399183,1.2401261236654744,-0.42535589309425,-1.7404007475846028,-8.036258781252911,-7.2518625825017144
-3.034129433669068,-3.349830628364093,-3.5287929892130556,-0.9816822727110652,0.08554404706160763,0.8857916786449441,-0.1725175906832408,0.03638220489560109,-1.0690637319468612,-0.5713866262312166,0.1382262811371091,0.12283640750054793,-2.668069931954982,2.7811113847765045,-1.833306511218259,-2.2198617409484536,0.8475612558557664,-3.6563833019378715,-2.788648068849554,-1.8337184009786214,-2.313330714871725,-1.4484423448610484,-1.6320716376046522,-0.7541309007834625,0.3285833711908986,-1.2294108474920744,0.870230580506652,-0.3209898739472394,0.008183888763829372,0.6004278044713433,1.1490175990737759,-8.919211368158608,-6.0941348728300655,-5.933795042893924
-2.2568549315978954,-2.0233380381150967,-1.5017371556998773,0.22572654053282024,0.1873521374639962,-2.247783651370211,-2.702003437227548,-1.5322789030988175,1.104525578974066,1.0367934709811273,-0.8530907340114807,-1.7391070725029343,0.6442269933946392,2.7443729519502535,1.2622122523107062,-2.3750844193454173,0.3175555359221387,-0.06849462648028333,-3.596909251573917,-0.9131891075940313,-1.6896225190813066,-1.636510865124523,-2.2904192040468105,-1.0531683024977772,-0.8810019692890121,0.0357072582784708,0.04975938189535781,-0.5819376596156833,0.7599873636639323,0.08436031543573198,0.8809726420478243,0.43697326023085653,-5.753989548734614,-5.3580968843793855
-1.9604733782479393,-2.836836748522509,-1.9312285366711317,-3.2701892294606387,-2.595918852452167,-1.4260052868078164,-0.6100732957667678,-1.9646932900082985,-0.2871798966699758,-1.7733885673438834,0.25420001044341856,-0.2513328636488966,-2.2551229257967194,0.7728263501084627,0.9452438327535736,-0.29083072366016843,-2.413129969396223,-3.707185986974967,-2.2756386163323823,-1.650577997542539,-1.6051200538265917,-1.8764616944219419,-0.30665087818179965,-1.0704193346918147,-0.6241068872464066,-0.5181949923671539,-0.1866973290465139,0.2847181112031397,0.7796200725400381,0.7818377072084548,-0.9568822565282177,0.1012614433562262,-5.496153154490676,-5.790813259896125
-5.400548183453037,-6.818768492950782,-4.191896546057218,-4.708404475499994,-2.7362088496950037,-0.6785587880853027,1.7525237839048626,0.9442956452814371,-0.8856521456263875,0.5304810366512788,-2.722881794933318,-2.9686588682122372,0.4906361683459905,-3.248790428709204,0.2125599407363007,-0.2580757993565053,-1.5287693232682313,-1.516760020138848,-2.349201117364014,-1.7359271085628214,-0.6430327172947337,-1.5552857855280589,-1.6659995085238313,-0.4795854452659557,-0.2480942299609259,-0.7087131906317081,-0.6161533531758692,-0.8245552268514494,1.1046684343044888,0.8088999406809061,-0.1868220974029959,-2.4965357447989187,-7.243877877990875,-6.8519306584615
-3.233657716105892,-7.034866129252914,-4.01330449679622,-5.049450500662019,-3.473150975618077,-5.1622756277697865,-3.0353420145217154,-1.0879973296718846,-1.339545294821802,-3.5683097866677893,-4.732236097987616,-0.33156832827558047,1.4043497252905248,0.08050068824600272,-1.4857289821908712,0.22321314798368014,-2.1457552230198105,-2.367641766389695,-3.3768529743811526,-1.1724945602140866,-0.7033591024288017,-3.1158609366432337,-1.418778066905447,-1.1013484189231029,-0.31530929499288385,-0.3651656522150633,0.8175583498956478,0.8150135957842494,-0.3152380834973045,-0.25557882712330854,-1.5411701629780021,-6.351604808450039,-8.338872848826465,-6.877675835358471
-6.80355326267446,-4.13427983378568,-4.914525807983513,-4.62207313162855,-2.7697960452619794,-1.9130815448251637,-0.2405156116983172,1.0084138647052905,-1.8481560523540894,-0.5264592780461768,1.4736603295473847,-2.4863712432377425,0.052924769206683,-1.6182403352769557,-0.10935086533354896,-2.668964015392574,0.2803711549321523,-1.0981955317404082,-0.11731265954930988,-0.49548323315864373,-1.1101024190623765,-0.8221499402596171,-1.068039669073637,-1.2210315370106732,-0.48488955906239206,-1.2311393330252423,-0.7463672470483282,0.6285259795835576,0.3616741686584401,-3.0962890260317946,-2.433277802894756,-3.497681876443085,-6.09776082969596,-5.38622633731257
-2.262172305151341,-4.2554755856969955,-5.258210881109464,-4.6240059223913805,-1.6135252748158375,-1.2675480729159163,-2.024238384504828,1.4547802453373466,0.13713973266566282,-1.0540102852073747,-0.45523273083389076,-4.021446801588483,-1.780365091018908,-0.7467180754865749,1.5249528690180578,-1.0881913230986278,-2.61288261255212,-0.5460857107885942,-1.1781269600969169,-1.2238984943130815,-2.0310639223287517,-0.8045785146990467,0.06120878798226669,0.2037791503488663,-0.34689467843709076,-0.4695536703625034,0.2435150024694747,1.6386277578385178,0.25067376452813855,-3.732949144859264,-2.7117605053805622,-2.3726468785508223,-2.863291588731024,-3.7219650836189118
-2.340204748463679,-3.747707082945589,-4.3594451385647774,-3.559725571053358,-1.0750316702527185,-2.339611585111957,-4.667691121691504,-0.16204368381927478,0.9056815539641927,-1.3347158140573123,-1.5482626173375809,-2.1700452406579602,0.029114198951818458,1.2421167631362346,0.4763447965691989,0.8757012646174978,-1.2821331345762013,-0.565948421900422,-1.6740412976308472,-1.1296792095147947,-1.3648329400847559,-1.476890128845529,-1.520793354924156,1.2331125592701533,-0.8121128887286945,-1.2794540157622394,-0.8595357213758007,-0.22885457592335337,0.2752285663174484,-4.162620698232781,-3.6597485069436786,-3.318657070886571,-3.056687410191736,-5.405615821045319
0.2624485695874028,-3.5005601092849554,-3.799048282309936,-2.756263274251482,-0.25050200258482325,0.9805950012781277,-3.058057756337554,-0.89143658607006,-2.7064196448946034,-3.272826154685331,-0.1796875816300034,-2.4571379356572804,-0.1985397725716104,-0.469058270567281,-0.6541532333338159,-1.5036449957089262,-2.861638467710798,-0.936496986675249,-1.2994058858447306,-1.737545275296861,-1.9874804130624106,-0.2245478491376228,-0.9503639887340682,-0.8657193379410761,-0.3825025057882821,-0.670472032492583,-1.395734098942823,0.04372568091571396,0.2525763797506791,-5.003103161932708,-4.496040400398677,-5.053595554770632,-4.712897989670696,-6.567058298666913
-1.394558749850151,-2.565793789872784,-3.5314956955241708,-2.761647283614533,-1.1840059856096683,-0.5105412439870256,-0.10932046312167906,0.10697515374604069,-1.828182223462763,-3.6294081942896335,-3.398598514621723,-1.0024645358565027,-0.591804764709208,-1.10800003857277,0.1563516180237661,-1.838171065838832,-0.8781763027582096,-1.0398281678046573,0.8312291131085893,-1.359149451728775,-1.1896701547851969,-2.4575584834896467,-1.2297587084083266,-1.8081508921838012,-0.4923749653323345,-0.6834070878102205,-0.9575380973653154,-0.6796601079574618,0.041253085391084895,-0.2562036278431858,-4.197271142389324,-4.815769141160219,-6.4542272767116105,-6.855462487839145
-1.669417153061356,-2.51840019804312,-3.8347960099500025,-4.367455666931985,-1.5956411520860256,-1.9153454556683227,1.6457197962335322,-3.164251051093436,-2.6807119761470726,-4.2401941218334755,-3.149415632929156,-2.0931806686833196,0.3153784341464412,-2.2807000417359053,-1.0017091554999284,-1.0452732059385832,-1.0773307953455145,-0.5841863328759802,0.1044956790417992,-1.4784342685604248,-0.7569402373317013,-1.7743663542528905,-2.0923579227897444,-1.123039980621287,-0.9732785592231807,-0.7962132090199662,0.264179237494502,-0.6350655930810191,-0.38670337046093056,-0.1383883854657572,0.021843129003182676,-0.9961069229265351,-6.082413766225419,-1.9982494189795539
-1.936687666995629,-4.254615947495823,-3.017550474696356,-2.345543787212064,-2.7471860979310914,-1.6663771702436572,-1.508134037247336,0.7743181286473384,-4.9229152184337845,-2.108518412618034,-3.991593287014885,-3.242961302874738,-1.8757967922262953,-0.33429530350031905,-0.789191287708603,-1.4542424648461965,-0.9925815974145767,0.5007996177181223,-0.6606692357627345,-1.6180870740406095,-0.860304974239454,-0.9552599333819058,-2.2681679653867803,-1.334628306337036,-1.2253985149747846,-1.0948177878883947,-0.8673661858228532,-0.3904317641292998,-0.382429656951023,-0.4976560361895451,-0.6456447933029736,-0.22855601875781256,-5.438535126387918,-5.697677767334252
4.06009601160945,-3.82470144765679,-2.488239266023095,-3.43601898394701,-3.06442006230726,-1.0374121323197556,-1.7376132118459828,-0.6191365858320904,-4.301482568168238,0.2388644732577327,-1.5514686317926345,-1.8604544253972395,0.1909101553408866,-0.9641674476445199,0.2722590908872098,-1.9471981401508505,-0.9218842608119633,-0.8133305023674354,-0.3601100493521638,-1.239086587415331,-0.9332784430836671,-0.8666444226073402,-1.6081533134285957,-1.5011819306151961,-1.3321429147490016,-1.308860050095169,-0.9698847597598509,-0.793743445686695,-1.363125212281713,-0.9499780985659724,-0.5973143360241776,-0.7544296619497911,-1.786160332266204,-6.306959256627359
0.9566996566261219,-3.2830721611954905,-2.17118476924619,-3.465348638280031,-3.926040656801537,-0.1326559280005945,-0.8635479727558658,-2.109115170585984,-3.862114905080945,-7.885400177553898,-1.088511332175666,-2.039999845685135,-0.5466239550236238,-1.7777412578298906,-0.8147409767707764,-2.8175624842188536,-1.7438304789900239,-1.3133586231924161,-1.0158852259052875,-0.996013062610028,-1.4030741797861943,-0.6388586461131055,-1.6371461719770943,-1.9096411781183231,-1.7135062602761089,-1.815280214993892,-1.4397555286984545,-2.450329734179164,-1.2406115362984966,-1.494609764240566,-1.1684631586381766,-1.4654331117350614,-6.683551772275718,-6.732327448792494
-6.193374048481191,-3.9074144245426625,-2.169865784681757,-4.360578703809837,-3.6829191799203715,-2.384842157015504,-0.78415577218199,-4.584666398796111,-5.578131852448352,0.5143754899999532,-0.33733715058804514,-1.042324742874315,-0.31854689183021306,-0.9577553468424624,-1.4951388461576316,-4.0559629217084225,-1.8233722031549238,-2.4656514195236747,-2.1481124683076636,-1.6278854232450444,-1.014868111811596,-3.9047911693618453,-3.661777777049549,-1.4371739782201878,-1.5459139595273577,-2.140384683335275,-2.6476615485285606,-1.2145486138577837,-0.6757483382462861,-2.1613591798997738,-1.6456454188028837,-0.03608856142026812,-6.3403479553938755,-7.4372974504223475
