script/wind50m.json
{"header": {"parameterCategory": 2, "parameterNumber": 3, "lo1": 6.000198445256149, "la1": 58.999992894266676, "dx": 0.5, "dy": 0.25, "nx": 22, "ny": 24, "refTime": "2024-02-27T06:00:00.000Z"}, "data":
[rows 0 to 23 of 24, columns 0 to 21 of 22]
-2.474525659174742,-5.549339084670344,-5.195987123404058,-2.7928052791440763,-3.011755722358889,-2.130744921931556,-4.971522425555321,-5.7311834495890075,-2.8984298838652904,-3.2883375635333922,-1.3258914833809792,-3.075923813609793,0.04152710855953715,-0.5748263318656184,-0.7657716548562997,-2.1293508351733013,-0.06941670252967928,2.347871791466602,2.2750824606326088,2.1589723218776693,5.79638540051249,2.5420001104254437
-2.6342682487379023,-4.688996255205062,-3.5092040112706457,-1.8978947072841867,-2.652170929267016,-2.844641975872385,-3.926369691056508,-2.9489490952551156,-2.1076945963445675,-2.197669559081291,-2.045718625831906,-2.1492446447421414,-2.594862247500729,-2.8601526710191583,-1.0095787123124795,-1.7806047600833363,2.9009718504173607,2.7945906558261524,-1.2221053084748639,-0.31281844739352593,0.27508275032309853,3.3802131500921617
-3.939324699836025,-5.983999242057586,-3.7482826054256093,-5.0284883944460175,-4.547523417992211,-6.3929127645792825,-4.122289256206644,-5.766365538747044,-2.951756282959218,-1.4378328108472098,-2.075297863502581,-2.6019412177187773,-0.18286265474245542,-3.714914194755075,-2.1789658730950032,-0.839347089701755,2.33744634900349,-1.946243260255479,-0.14040463070640047,3.514938712756262,3.8398636762693115,1.2528156603876976
-4.271169237624584,-5.730429133416968,-4.11180327989357,-6.05333218256725,-6.617295829639222,-7.039506803727114,-5.11323470420991,-5.211886643465205,0.1928305354815189,-4.390815260136131,-3.36110428221609,-0.7529499373823503,-3.973127466528209,-0.552417022395035,0.9922049775484543,-0.5441555917115327,1.2431288074627844,-0.8351606165427905,2.318410543211086,2.0478689604199856,4.510105321195852,1.428596996278553
-2.8776978050576516,-4.295014451696273,-4.282261703031254,-4.185910865545889,-6.330019284217384,-6.023050747476461,-3.769466834011927,-4.070562159042296,-3.0808847324803,-0.8438023741236625,-1.0010098699393737,-4.881586742018917,1.202030196768555,-2.6822350502925674,0.6745337687996945,-0.45057873029566453,0.8620890485601291,-0.21493000736178297,3.874074053610822,0.4990150635656822,-0.38282322672943786,3.288076404481521
-3.2360952019076663,-4.4963444227245315,-4.324451019380989,-6.084928102862741,-3.7198625925495885,-3.347219019366326,-4.004611816177991,-5.704698782186863,-2.1886759427858786,-0.5385897412878375,-2.312233957590997,-0.14673068465062522,-0.8634178097199964,-0.5499375417681543,-0.8123487183851035,-1.023162571320636,-0.6550126366758873,2.1619420799069236,-1.133840411265671,1.3962872375322193,0.011085635467403307,0.4208866317103513
-2.1475323803418815,-6.040068132327559,-4.235010616563328,-5.8499471799710365,-2.765660154283129,-6.29215419597116,-5.313380766254715,-3.1162265025271005,-2.4302071705554784,-2.445965686521625,-6.5272527150346145,-1.869817491204415,0.5136339090171405,-0.14308777918820528,-1.3364192844899414,-1.5557703747374674,-1.3315965545799835,2.472619493877221,0.2692219561365188,4.692679147223054,-0.16873912421392182,2.763883302997247
-3.0613043905513386,-6.752311115954065,-4.681730922807886,-3.521635464193569,-3.3551551549437617,-5.702235330419415,-3.965309843160459,-3.962128607004832,-2.8720668077258473,-1.5624642854191755,-1.8383692398847262,-2.362347042226799,-0.30488306428909817,-2.1390899339084637,-2.086300529336645,-1.257833176667674,-0.7955015885257158,2.056788288932877,2.405564809805247,-0.20556919594823334,2.038324463608384,0.4262618233630465
-3.4221538668837943,-5.027102391591603,-5.31244694033454,-4.584215528220666,-4.999853319420647,-4.231020496336346,-4.03725196466858,-6.058660876154477,-2.2873778110084704,-6.7107438600262785,-3.119751212653222,-2.0460614573688995,-2.4721133138103633,-3.515728583695286,-3.2577925853714227,-0.556210748635964,-1.5732650392341132,2.258225397974107,2.3509877140976685,0.5606269848040607,3.7412581623503236,1.1536514579656123
-3.906210216538797,-3.2178942300340956,-4.934904728993141,-4.605398213752303,-7.435157724695228,-2.8085361613335684,-5.040414191320686,-3.239849834422707,-6.310659359308818,-3.887093094117002,-0.6723575092188425,-1.6938989731172376,-0.2638109820616792,-2.9608977120477817,-0.3208201839944685,-0.42769240611704973,-0.2859873786499936,-1.6370903452856094,2.3775839341327445,3.6736523735185136,-0.6375401284671062,0.7768359824744728
-2.206233808795232,-4.362036178965737,-4.499067216487902,-2.4377620642395055,-3.1610161127567564,-6.119351065728416,-3.804339379506388,-6.935586172873191,-2.332694525084034,-4.358627690339234,-1.016125910258712,-1.5276612099565388,-3.0416283075669077,-0.4638557476643167,-0.14985976168092413,-1.3425961440709306,-0.6589254052774004,-0.08669286310328278,-0.45189945799959336,3.2231081718238497,3.135893258206473,4.114036257474084
-3.4717162995818547,-3.828208060854871,-3.2136846067913005,-2.599305731296776,-3.2682068214334414,-3.927408877857609,-4.332925447165469,-4.800797833809942,-6.084899615916087,-3.156657576165325,-3.41153065810622,-1.7462659314320526,-0.7204116352660824,-2.8897951000008346,-1.379866880995351,-1.8368944161585128,-0.4470775141965621,-0.10973316578978688,1.4189583522680953,0.948473091043165,0.3820265493056789,-0.3091238629291903
-3.267766446378451,-3.6264290874461946,-2.905041835931172,-3.6048564859308354,-2.8784818126259832,-5.039846946766553,-4.483850501813732,-4.26944318789318,-4.276285279595149,-5.618400737982399,-0.5274580518154932,-1.6109338909538164,-1.5375924378142427,-1.1299740590885485,-1.129456823663681,-1.6624236240220847,0.8447795745003317,2.2832907636977384,2.4789373015349594,3.5986018771539587,1.7837946764083847,4.518031458572435
-2.8996255371115627,-3.602009362544383,-2.7709069593897397,-6.004282449082026,-4.640408340959998,-3.86983840326331,-2.698789057282092,-3.3481267208597165,-5.824612818132329,-0.8857936708370694,-1.2233823146332112,-1.6054531683459001,-0.08731663967531686,-0.032555685257396036,-0.9084497875074399,-0.49297062907661626,0.6544599726624641,3.0263610474649565,0.9813784349528322,2.1193234259829254,0.5095306501331522,-1.2560651153970859
-2.4463271536037943,-4.061627928294954,-2.7263207662977114,-6.223871103941715,-7.1032882257667325,-7.4922504158882,-4.442168811580504,-4.2351663213053,-4.073755356971351,-0.7335648899670684,-3.639300841098341,-2.3873098804025545,-1.609123521013371,-1.0154219861482086,-1.1227097689026175,-1.5506440613490071,2.0764809421315555,-1.6130278902549435,-0.9325523104767297,0.611237776362502,-0.3229441359101684,4.643860062171848
-3.593945582541429,-4.137621060645126,-2.445461543657609,-4.270394092097778,-3.650794610639235,-4.185479092954683,-4.885713114265753,-6.154009928792094,-5.401543581236091,-2.6431852077023947,-4.60734718991801,-2.245159846454208,-1.984799385028384,-2.5170729333868014,-1.2208070328121472,-1.9033905899906183,1.8460389774718544,-0.7420017405803156,0.5943704293783663,3.4237316083408276,4.630436837153976,2.857913282783989
-2.5376470589831657,-3.930103955507953,-2.7408162281145425,-3.8671947350732756,-3.438579643691273,-3.745947829340438,-3.4167177568914124,-3.407296156201132,-3.2517548747083334,-1.549649580365505,-1.2280083044576908,-1.771190217768219,0.2949480877067374,-4.120105137139229,-2.640058550137866,-1.5390230963725728,-2.179717790785252,-0.9380128695210356,2.205888987820225,3.3536500213128395,-0.5533144576508175,3.883598400789216
-2.736241895360435,-4.640689026340776,-3.1237259982089145,-4.719092102864735,-2.565596109437493,-5.609253688892272,-4.95238643373211,-6.303356357622378,-5.819160401247265,-5.746304611994801,-1.8775937558938303,-1.653576875363776,-2.888715126149029,-3.3147083104243538,-1.728678901292588,-1.0395393559355948,2.895328944566057,0.6329409118018207,1.0227222742250879,-1.2817856509054764,3.9300431127291486,1.6044643713691271
-3.3626811878149243,-4.147762513399744,-3.882145610242395,-2.567840852207857,-4.515870495881382,-4.251318138834754,-5.0029161894086,-3.0411234789458326,-2.5679068875900284,-0.7755757152707746,-4.989738512996734,-2.2646875277694223,-1.3788230610883345,-1.7229250903118702,-0.25815089665805246,1.0640428354059603,-1.5548861172845698,3.2153124130217163,-0.8945429779641726,3.1556754181857163,0.042340252618206196,0.7600162141602165
-3.9436189798134844,-3.9628986777301005,-4.1442566457020265,-2.3530297396778153,-7.4144299205448725,-5.023300117073198,-3.955275896119649,-4.107969606565947,-5.633613261035144,-1.9135067009091116,-0.9918916195972098,-0.9426073218137941,-0.07727459139402214,-3.6343026445429656,-0.6172132715742688,-1.099313801192147,-0.6361910527076287,1.3724826477040972,0.05202298590082275,2.180642240826097,1.1806953875688666,5.303411252671485
-2.5572357247928537,-4.310318449778807,-4.8360162903107335,-5.226339247103857,-3.446359712810585,-4.300383874992387,-4.392936245852377,-6.418892764548634,-2.1249233785252013,-2.490097141822898,-2.2919712505063834,-1.0810174046811698,-1.2894063404878853,-0.9797650756851429,-0.5931141016077528,-0.0014754702403474269,-0.4571985844038846,-2.171237498699655,2.6539359085538368,2.1191949291492747,5.858713355917732,1.6270468098171957
-3.805286737317419,-3.734194194182923,-4.834457988154356,-5.612178732609829,-2.4915368575512713,-7.989071472554019,-5.244017459608591,-3.5684887660202027,-6.625069099195039,-2.7554038376295575,-3.971752522772187,-1.4137253314458487,0.12040393449820841,-0.1892744720416251,-0.5514943182397528,1.2859168289244627,-0.8474336670227509,-1.3459172012252787,0.9472021544214699,0.6625284110384895,4.227602921706339,5.001465319903573
-2.777405053754118,-3.7997239674310768,-4.563252114266694,-5.049516783185982,-5.546460904753778,-6.0551231384312265,-3.1401691802714047,-5.9903020418578095,-3.8830054484951555,-2.549531954386304,-0.5292845796104233,-2.4672954621206378,-3.548943827198184,0.05210003018917618,-0.9358537500872962,0.27666211690441594,-0.808467066051938,-0.38219517322176727,-0.9215199922949363,1.1458591871801143,0.09524494164288684,0.6669335673421535
-3.9770968905531627,-3.545483226943473,-5.065142133680423,-3.643917716448056,-6.229397664251452,-3.8127751598232162,-5.596136125495905,-2.9523590108174123,-5.744031615079314,-1.5370917821748975,-6.7553903047705655,-0.38908420709357355,-0.42328532151713205,-4.027106612735467,-0.7101190285600865,1.0453431644407558,0.8918946745649083,2.2938292136052034,0.32998817146728493,-0.6316346509681987,0.6252925232404184,-0.5831260311857821
