script/wind50m.json
{"header": {"parameterCategory": 2, "parameterNumber": 2, "lo1": 3.000054539987559, "la1": 64.9999836372058, "dx": 0.5, "dy": 0.25, "nx": 34, "ny": 52, "refTime": "2026-01-22T00:00:00.000Z"}, "data":
[rows 0 to 23 of 52, columns 0 to 33 of 34]
-4.917093280103427,-5.7435598591813495,-6.06369549845306,-6.058155297423021,-7.035606453323462,-7.771701995552345,-8.605887462448212,-9.49182395364662,-10.345419866720702,-11.210149777527155,-10.764942771309212,-10.029005200144143,-10.51335519613833,-11.147314328880883,-12.23628750200723,-11.143495463472092,-7.212346441256661,-8.025161582389028,-8.469536647137392,-13.922271813485771,-9.944864530049648,-1.4557388621010199,-6.64831572084154,-4.774689909448717,-3.3512412417332955,-2.069975550271712,-1.4219019989351598,-1.7657671317556296,-1.605581330943395,-2.3035738093291926,-1.938337909483293,-1.9761281244510702,-1.759345637163423,-1.4426613942773752
-4.781349725831283,-4.135770564833481,-5.242632286794405,-5.417500565664212,-4.8428037382854825,-5.724329857148022,-5.836016520313458,-6.929141479806785,-9.309789477831727,-10.746812556571918,-10.784693877882441,-10.030682299602018,-9.397339891232807,-10.461291932762137,-13.139287475973868,-11.872753036315183,-8.832764731560498,-7.788165946839869,-13.618131687274868,-10.422932305272791,-7.101644847174668,-5.957884315621675,-3.1141929173628897,-6.45530825677401,-2.833559298256252,-2.3061753577096353,-1.8416920938396455,-2.3055425636835225,-2.2108487762620994,-1.6132224559661703,-1.7768513466734732,-1.74910563753116,-1.6609086735463032,-2.2097092277691637
-4.498739702061136,-3.8201518175548768,-3.3404598342610017,-3.995279987931611,-4.25344226894274,-4.153797878252166,-4.738865374246991,-5.537143869938605,-8.084127647742848,-9.891367254117943,-10.642980196761213,-9.36106425342192,-9.679865866817408,-10.981238544382999,-12.957204250907447,-9.345633745007273,-8.957934396591352,-9.58542044518417,-6.255122275285238,-7.774399890935605,-11.305371811656057,-4.6875377665201565,-5.481383074802419,-4.066567897243392,-3.20242556876096,-2.0364867080307527,-2.0881372453281957,-0.9794713901643831,-2.0045714969012267,-2.4901189121665213,-1.574738059866223,-1.1674623878129817,-1.4965017694979768,-2.1713595908604013
-4.536242269143238,-3.5152633326421316,-2.9133289819112966,-2.5286980069648606,-2.9669452224818906,-3.686939254905976,-4.196027205327151,-5.032095395396512,-6.7646014357019,-8.367461055373647,-9.217071902710153,-10.089749282346203,-10.471516137500425,-11.516488155772553,-10.263569590094756,-11.606113337827567,-8.093225684542883,-6.163321884649002,-11.827951461684433,-3.9375959005370906,-14.242438309691062,-6.6330591739663,-6.912267605512005,-2.865001147131588,-3.181594810288493,-2.783251036097799,-1.9621585048532002,-1.8002145044649454,-2.8884173740242023,-2.3513932496119225,-1.6879327520699345,-1.4836927376046805,-1.2507631276229805,-1.578343577550596
-3.5512618283458917,-3.2319296792417074,-2.8204314129103287,-2.583214211562255,-2.0293058454540946,-3.1838866621507558,-3.948410783117838,-4.376223013738623,-5.196887042099186,-7.443622164830445,-7.8086100413809065,-10.266997524950797,-11.19408276253635,-10.806108693729652,-9.287766954287582,-15.894504986047762,-7.359774969084439,-5.163780138860058,-5.151319475445005,-9.572826938968914,-11.495310121706652,-7.167879385246855,-3.294134916860553,-3.1144362565562043,-2.7251689384990327,-2.7189746316039174,-2.669271743354704,-1.4966778865804775,-2.120521818125738,-2.3080569077211126,-1.8988721800987416,-2.36951463242958,-0.78602535949662,-1.5498430397977372
-2.7554882152513724,-2.3965403556711253,-3.040868923815902,-2.682567232164366,-1.670359115072925,-3.0053425533807783,-2.6491991936998223,-4.499817465438122,-4.57344113946485,-5.715919732327182,-6.770793538369647,-7.209802284869928,-10.99759706449926,-14.065738813150636,-5.985668028988357,-7.207962480120205,-3.033990303754453,-4.944786726971259,-13.031482819241461,-11.972858434109916,-5.718968952054453,-6.801762674959376,-2.8780562303278296,-2.7501903540523003,-2.7665083006051643,-2.7986858055945247,-2.572276428152579,-2.7586882700526085,-1.5669114692869477,-2.9696521415792985,-2.333034725050254,-0.6344764246773448,-0.865165991901232,-0.9804179709446408
-1.907374977599363,-2.370321839837863,-2.95234003432981,-2.382587695810922,-2.317311154972025,-2.9004744063756935,-3.2410515289866444,-3.224434208657318,-5.92324599790937,-5.667851830299566,-4.7797490375359795,-7.312053435038362,-5.480493916994872,-10.804670416912622,-9.583788636027407,-7.103703542756406,-4.942533679435668,-10.462361301735578,-11.890924064209102,-8.11854115099302,-6.407906791125048,-4.01982891893984,-4.161902650951604,-3.6336274903790557,-3.144015568649903,-2.019909737305243,-2.4326523598796035,-1.7610762550121506,-1.602482022927413,-2.74417031364286,-1.6942723010236698,-0.9781316975271657,-1.0150151887317018,-1.5456515517323302
-1.0652204837838712,-1.5719980062785042,-2.630048387654824,-2.5568897141521676,-2.785135992378188,-2.985274329109968,-3.8463531820082815,-3.977863664782713,-4.378678644428453,-7.069757832528077,-2.443269175074675,-2.4125802778108048,-2.52925567446102,-6.472392496981342,-4.9172409075398935,-2.198122328921899,-2.545674321144419,-3.626601250479747,-4.916297877697335,-3.297823655189416,-5.935421156598316,-5.045290572324475,-3.5005620432829905,-4.382734341003376,-2.9787331220471955,-2.8755817347152246,-2.7624937178962483,-3.0316365648744554,-1.7650226665024928,-2.072068997360824,-2.7623315355110427,-1.2795471218143715,-1.0929839719931425,-3.108561344075431
-1.8075071925794124,-1.187689228044319,-3.374314071796088,-2.883542718173732,-2.9507208336183885,-2.4899489278716156,-4.877195987834088,-5.4105962417699125,-1.1259911617159526,-1.4067288496299146,-7.742936509530262,-1.3721060804466558,-3.0327043377480907,-7.56093427402191,-8.840626872518754,-4.50898873436277,-7.813496694544682,-3.1909426751957235,-7.117033025595916,-7.477588713611893,-7.619296222987428,-2.55820265312223,-1.5795208456832444,-3.6034890596193754,-3.234236662303429,-3.349576057438139,-2.2952365976010847,-2.199888629513044,-2.173613999493293,-1.7634192314624078,-1.654239204975775,-3.8351040087873893,-4.326580773441237,-3.7957204054226605
-2.3716571021959174,-0.36448417034007435,-1.8459324763931302,-3.4811908233068003,-3.7235331008416974,-2.0293117683210284,-5.055106776668382,-3.7934118071789396,-8.915642405277204,0.2992863171869663,-5.26053495051045,1.132068481324054,-9.576406633514875,0.43570884186718695,-2.4877621205038087,-3.2481291175283493,-3.1789701249780564,-5.694514372805065,-5.800072941842072,-4.19978644373982,-3.969095191318729,-3.495779039128712,-3.0180985246052097,-3.460343380175344,-2.479212190954379,-3.9243998573921774,-2.4146172054167483,-3.554442056680378,-3.4896611159247684,-2.417396522181702,-0.8007741066456862,-3.500708384304364,-5.141573566016367,-4.576396760961986
-2.7199106502694086,-1.4926546489277919,-0.02800429012636015,-2.357579297982892,-3.4190386058180713,-3.223516496021417,-5.8362557462821725,-2.6858477706785715,-1.8971252795100553,0.8935792461424099,-3.3238801845094854,-5.987441850871057,-2.5682422354822343,8.454045732879095,0.7635160773466835,-5.3636704232552015,0.3123137598059184,-3.4426429676131347,-6.344932134192634,-2.787349584745752,-3.544049889630286,-2.8733910725408855,-4.204892846085853,-2.957066184418279,-5.262073547176346,-3.003940736937354,-2.1951367556760033,-4.831893845582833,-1.7931146976382046,-3.6484139135228477,-4.932118964589594,-3.697995794178801,-3.629204299212996,-3.7469047939011952
-3.7945908919095124,-2.778661611980756,-0.6025746484720046,-1.5420809737717618,-2.442269790244887,-2.430440755410092,-4.889079873025934,-9.234812922264622,-1.636179195996949,-13.739556077954159,-9.350028047595007,-8.867346994560705,-6.742000023666818,2.0106371811827706,-0.8743986309604691,-1.7188319297521006,-3.6062032263399124,-4.843552954469348,-2.665813437886158,-4.654197321248388,-3.9986416968032836,-4.6275953499957145,-2.9549787581796374,-2.784825338428085,-2.0538692309270346,-3.3068597201778966,-3.3559066153510844,-3.4557052224870235,-1.7025239615615,-4.442853255343287,-4.650735313357678,-4.139834360492017,-4.12667557074146,-4.785562821839034
-4.717647283610136,-4.636494406894895,-4.18791833790496,-1.6465877021107342,-3.680444595786757,-4.458267259416845,3.180816425521952,-5.925926887044544,-12.170621071865932,-7.650463509678433,-10.797327065814688,-13.675556254028681,-0.9753716606772538,-2.822885588646562,-3.0798559790756492,0.03157140324215179,-2.21254151396394,-1.0304081148829716,-4.928959930418641,-3.0350034775980506,-3.852858904576989,-4.128941228548955,-4.054496576992687,-3.6446883255575804,-2.3921743360585905,-3.740211437888143,-2.83791650415619,-3.632499178506279,-2.313395256651532,-4.723783690319009,-4.717669315500113,-4.7561789371205085,-5.223043868510584,-5.496733293989052
-5.091113422953698,-6.075718062441321,-5.789739567543074,-8.515405586037732,-6.8469257576791644,-10.356949000316137,-7.396688900640947,0.6793310988248972,-15.200912338056465,-11.308785159865094,-5.6522427843475445,-0.5576414638641776,-2.3120854171798455,-2.324872443270132,-0.1642906541818756,-1.0675426262684953,-1.6930587945989322,-2.687626880570727,-5.102368834036016,-4.765815831724236,-3.122215541962983,-4.523788000647333,-3.777772123141448,-4.266772647913303,-3.183467885035833,-3.339626384424889,-2.3480551314410163,-3.0245036032689083,-2.847583347880837,-4.391657857678541,-4.906176966305309,-5.296533210404519,-6.013442859875778,-5.684077920582223
-4.883180644307715,-5.476999626608272,-6.606672000870551,-7.488679229719078,-9.510627239382089,-13.624596914641495,-3.6616659362077755,-13.463402062097954,-8.980543403639128,-5.074680864385317,-2.701820298790543,-7.789518141467394,-1.0926243905307604,-1.9272153146418176,-1.77367921037954,-3.1624870329767876,0.6712449783755864,-4.4154558658769885,-2.3614944380434113,-3.187209457842149,-2.808396635705666,-3.5653080296452977,-4.881824971211218,-4.934636797694922,-2.974401028973662,-3.8577519344510502,-3.417529589357857,-3.828708684097604,-3.391743572070965,-5.383283905326779,-6.078275958205013,-6.25834960863289,-6.348820139741659,-5.929501863232336
-4.829731129732564,-4.491111923775223,-5.285545644672632,-7.5123379638560355,-7.628801938450364,-9.26877768778418,-12.3541146413067,3.769364350056119,-1.401524253788685,-8.53414988141106,-10.021857340054417,-7.615154175218279,-4.825429821592973,-3.7135928478045366,-0.9093836338233875,-3.5452286475397283,-5.031262316419229,-2.7931968865430585,-4.934862639699177,-2.6810017112015134,-4.114225688549962,-4.199277085222638,-3.0161975820967575,-4.324472864782596,-2.73925392230285,-3.9739185175488467,-5.290016823619429,-3.745529309991637,-3.796438554950951,-6.648263352948663,-7.13658315841281,-7.412830340413125,-6.372952471369468,-6.233510505539236
-4.79671477016331,-5.784539986103832,-3.898313282728699,-4.1427547338370365,-10.882379464190924,-15.335718487683474,-14.36103744522847,-6.475058520008025,3.8323074779301978,-11.42399612300019,-9.283019317532194,-4.102631455821418,0.2635627714132718,0.3910832543165583,-0.8549910411444251,1.7778477580256804,-1.8114453564598805,-0.1179322391175365,-3.547569543103734,-2.196397326923619,-4.975844826561518,-5.273479363218398,-4.913207980414809,-3.6853064509562614,-4.713693780488239,-4.173734529956493,-5.266798937631992,-5.023920943568767,-4.504346289961866,-7.080203332390371,-8.207357435494684,-7.5371385221685925,-7.632320511108061,-7.301382248384914
-4.58911554406321,-4.359667747314654,-6.112908306011127,-6.717546595851602,-5.863420634164301,-7.932576309294138,-12.570611716032168,1.3510141722143842,-12.36946400595354,-6.499913087706256,0.9043722567890187,-5.300383152325012,-2.5212014057028576,-2.6847425485434857,-2.9387980472098985,-2.808678955400759,-2.376931172781267,-0.8686726728310128,-2.188174074520688,-4.5250425946923984,-5.952743949866428,-4.69476412345218,-4.782199840211137,-5.439208226125802,-3.865828904079546,-4.3205437288841,-5.534630543046794,-4.837859483076668,-4.732996284203917,-7.924537852887853,-7.992603425909603,-7.574161675710798,-7.678136743734655,-7.587302302421024
-5.286731621012979,-4.563206990846008,-3.5598099416394104,-6.576551640564264,-6.394193334000157,-6.107016505253605,-11.580477354528378,-5.233749952472143,-16.76274165271156,-8.605695352790885,-6.661844713586696,-2.430028581190665,-2.884027308464647,-5.870912619886033,1.4642176936084625,-3.457293417802359,-1.941264040742963,-1.9267761364877136,-0.2217236434509001,-3.96831784051235,-4.180940309817917,-7.468363537318388,-5.810787572098764,-6.171384029227614,-5.671445289852906,-4.978693467193342,-6.0372134119466505,-4.847890633955327,-4.337171645940766,-3.7476285930512976,-6.058464781011762,-7.583373009775583,-7.517862666916143,-8.275116437145769
-7.5534580133179015,-5.343463884196636,-4.75216853716235,-4.1821107711385235,-0.8448944150111412,-5.897752197092006,-1.3941435253970236,-4.542896694127,-13.276836960709467,-9.32180487815215,-5.432026676839229,-5.8182277035906225,0.23400588322445556,-4.287272070481674,-3.9517563521743813,-2.4646873626667283,-3.4346162050770044,-3.179087838683789,-1.0162962459535323,-4.223256035771456,-3.2553148627110287,-5.426992299433351,-6.963553560297123,-5.930777536812961,-5.3765916281832835,-5.232404768422977,-5.199294445113742,-5.06808585129936,-3.997377806833337,-4.235001691426749,-4.930034002115326,-5.519150499875036,-7.490168687637911,-5.0276161250904945
-7.986526859706517,-7.681420401659957,-5.866101225926506,-4.674782797131796,-3.5009878830989547,-5.260146313358882,-8.907045923320686,0.02184676095948102,-16.367046413436462,-7.888735328055714,-9.219718469845802,-6.243316356861304,-4.1568304652361805,-0.638101137722325,-2.6721001448374557,-4.939935102448689,-3.413099487854313,-2.4228418001624963,-4.895160571945394,-5.158301466529601,-4.457132532989261,-5.159919484438461,-7.167061266820602,-6.143138859913526,-6.156195814076982,-5.823092566507758,-5.394409271483932,-4.095384527814336,-4.08562491052468,-4.945661486122665,-5.624877429043242,-6.3256058072151795,-11.290380040917128,-11.839830066973738
-8.345724477442761,-7.974948248349785,-8.827113974391597,-6.129235248714279,-9.069210326732616,-14.347074494908716,-17.287194257664513,-15.684582847831736,-16.826569912436113,1.2363683660975435,-0.6780051531844307,-5.102149238395566,2.4044596671500393,0.9327854267486606,-0.0046555763814358905,-2.341262244678823,-2.695678281520436,-4.2542663805891285,-4.93633408563967,-5.115494125613616,-5.48523625407741,-5.452640925639954,-7.496634305418446,-6.288197971744786,-5.85180437875578,-6.096992245653204,-5.205847635834905,-5.065330258605068,-5.637893145268556,-6.322972180938989,-6.552770128107268,-6.882389794926693,-7.389939376946659,-12.787903767015043
-11.125980580371866,-8.470787681845259,-8.96988740836537,-10.158115579680313,-8.268945564116075,-6.87919695686826,-19.393532662985468,-12.580223548984096,-12.284697862553466,-23.15923910606446,1.698983260696069,-8.121910827566683,0.15328034761395903,-4.210583050978411,-3.894924803206647,-4.69011171077939,-3.4586246804059826,-5.140987266714224,-5.513531480521957,-5.8683429853914415,-6.836799032564884,-6.7723542560246255,-8.27104523548859,-8.389517097011815,-7.036482777065131,-6.857365722703511,-7.0591898925414664,-6.838989940744513,-6.069866169555891,-6.492512535753284,-7.16701780580943,-8.287117520195723,-11.885834372379815,-12.595387829010535
-13.977837636526022,-11.427932692644518,-8.762865899439419,-8.234413984873528,-7.244741211158595,-10.19456344854375,-8.456722090195838,-29.208035573770587,-20.85269222793825,-4.411655118212752,-0.6798588777460394,0.7591641066444439,-1.7146556350467357,-3.111596080511357,-4.571831018334095,-4.63564750318788,-4.370240516842025,-6.545616635340929,-6.070081789920673,-6.941652392681043,-7.032306717072947,-9.144378328422706,-8.475457099274404,-7.779840768534919,-7.595793021072721,-7.121733669056943,-8.014617474069185,-7.295696502126246,-6.692671808637523,-6.866944077418403,-7.56894100634659,-7.714547533346428,-12.114026219127714,-12.568331151034027
