script/wind10m.json
{"header": {"parameterCategory": 2, "parameterNumber": 2, "lo1": 3.000054539987559, "la1": 64.9999836372058, "dx": 0.5, "dy": 0.25, "nx": 34, "ny": 52, "refTime": "2025-05-27T00:00:00.000Z"}, "data":
[rows 0 to 24 of 52, columns 0 to 33 of 34]
-2.582508039599618,-1.807332508576146,-1.1385804746255266,-0.4711103488450315,0.6137308277754226,0.6516258317538124,1.3936691258027998,1.9301333938586664,2.243508623807914,2.935179949119301,1.9144450366327814,2.6592810352153866,4.180685465927607,5.0210217997462605,1.5789414604619931,3.434939976004556,1.942390111448265,1.2043856518325473,0.4936987637336506,-0.19217729033056077,0.39225039035924825,1.3808053347394207,0.1804154293501575,1.6333850613911765,4.207588909262484,1.6507788127255516,0.42964632075632797,0.8682316226341582,0.44129358431052684,-1.3110698423818443,-1.1048121405248776,-1.3871956726665011,-0.62205107282776,-0.6953221536409769
-2.195081757611034,-2.2084377781812057,-1.1805619488416927,-0.5714842971650642,0.26793067677115245,0.4662348103502977,0.6880569036311395,2.062588432276707,3.3121878740252737,2.7031096547525104,5.767883683632232,2.6837081074042235,3.094874052399806,1.3423383365926276,1.762672684169272,1.8337909250899058,1.5655154866194358,0.15139921507693369,1.3757288124498026,3.7126542230522905,0.21647772324488562,1.7615911946886837,0.3220445635926452,2.8517944511129727,0.9958526624646274,0.6917477732311369,1.21854668784046,-0.31200007495352616,-0.04708845273680923,1.2038084857514681,-0.9918129227618077,-1.4874412323465531,-1.09483781625986,-0.15877232162225796
-2.8976442195033854,-2.3074074619586256,-1.6359866230921818,-0.6374947485402046,-0.0015012006174378101,0.12117209643579234,-0.3115416981814835,0.3444181099524527,1.9196704066846293,1.2927166450041097,1.1378318686839062,2.73246012159208,1.5179204093656529,0.580064720505108,0.23335183787244249,1.0274276390587187,1.0528626275203705,0.5906247974466825,0.9286031382174341,1.461062460176188,2.0219773374683925,0.9119563447372457,1.8601169435856673,2.5053246031582694,0.45705032616704355,0.060241003241957164,-0.46438102520812924,1.4398337247701856,-0.09053098275468535,-0.23439463246949113,0.48474120312311875,-0.12622781522495605,-1.3035541109474325,-0.3911326318033442
-4.09606715665512,-3.177031797223993,-2.4466567018373997,-1.2710996359760987,0.23777602068688328,0.29290218157761977,-0.13507027229991572,-0.1461283642266387,-1.0925821420440702,-0.9291481530373722,1.9754717503470918,2.6527395554220665,1.2945722359801515,1.436713311665425,-1.9320071540296577,-0.8610638326890272,-0.11992398848775024,1.371162887132377,1.5130359060645266,0.013555514948131744,0.2311581068982308,1.5831345777237402,0.6816203990140229,1.720316792847409,0.008583761900026772,-0.256492454988608,2.0896738857771746,-0.2234178033199933,-0.03436175319095365,0.21212080910510028,-1.0150948223462866,-0.5539868407889603,-1.1155243203271366,-0.8077940270078464
-3.2848342236901518,-2.8349016894726065,-2.5469905021168455,-2.0253032816619934,-0.7183924221239568,0.44322385104790635,-0.2653648775459174,-1.1228461888789727,-2.6400066411034504,-1.4316903534901033,-0.4556295718558479,2.1665158878269053,-0.2674351679325269,0.4712696051833234,-0.04264936245497127,-0.935471523311115,1.297787766677047,1.9104511519558025,2.912323046287967,2.545434078484772,-0.31262324797519964,3.6841844567587176,-0.5647928236367538,-0.2586911428245761,1.4022141811014621,-0.34148926319063255,0.5170403003033598,-0.38425052198101184,0.6966900649334168,-0.03238515645590438,-1.1234766574172517,-1.1707531358346954,-0.9447454782190645,-0.7223847847195262
-1.6460661534541747,-2.2158512233039542,-1.0964409265909234,-1.2478973310198556,-1.2099095968763733,-0.6852813661498227,-1.5913957025576133,-1.2691024627082719,-1.804582178559465,-2.7903954812048055,-2.79253691696208,-1.3443867535252487,-2.555824134201063,-1.8566851154912822,0.7387019425227318,0.1687043025723045,1.454409697231341,0.37651334043627366,3.619688980809166,3.173413743209811,0.3153093208508738,0.23591204440956226,1.0013405274585931,1.0968778632144827,-0.13296708467385868,0.35874246977660396,1.2150874026795533,0.7288600991527209,-0.023237073734105673,-0.9988442674582236,-0.5029379717204369,-1.1153197113985904,-0.5016775518204494,-0.5013062616675165
-1.3023259272956065,-0.23248519703256204,0.1576375104010925,1.5067436766189386,-1.711235643632174,-2.102445937117487,-2.131321244183145,-1.8158228193973973,-2.12684677763449,-2.369022607698884,-1.8882044601782901,-0.06842012975561224,-0.6244281777126044,-0.758840618748077,-0.8738477885387633,1.8596328547446541,0.7965889147230462,-1.3141306683614615,3.1028237034355897,2.9509689325346464,2.573458854876243,0.6656993900751753,-0.35055487586278206,0.08971337787337728,0.8410684542648103,0.7465758582292751,1.7036933007337496,-1.0558927862438143,-0.2020384844230464,0.008079965438992972,-0.796756253358433,-0.6378299354783484,-0.6270357823619234,-0.6283529132771399
-1.9559421687009044,-1.991798320724574,-0.5539658091490215,0.3825421258549229,0.8259318353518232,-2.4268412385062192,-3.1515488857153087,-3.3493253793375457,-2.8387970597353753,-3.425482032400796,-2.3129634687672374,-1.6437644590243055,0.7554075205564299,1.2777128177737611,-1.0170604597702846,-0.06680428733583421,-0.22675940424649202,0.12174121069282165,3.466892852715178,2.504695342521047,3.9617904255726195,2.311000130522367,1.1354157165454215,0.49054207139008676,1.1909816224134782,0.7901045407505232,0.742442520999857,1.6519534808418623,0.672008622406827,0.5036006320163638,1.3081559276090762,-0.42097868104895186,-0.6878849754247771,0.1510618061203867
-0.18329473224158563,-0.15721642998556765,1.6193121655732694,-1.6689478059878304,-2.0885110751280473,-3.3366985570258954,-3.319061927961665,-3.1699033475369895,-1.7378078602873468,-0.9021463384946087,-1.673100064520527,-0.9211033872816362,-0.7317163457276339,-0.6399555602882415,0.2065501315969391,-0.9790585824467396,-2.2252166034737146,2.6890809337007435,-0.016917497885656434,2.366022675955916,5.660846351461591,2.531472968693471,2.50857226686912,-0.8306710045271606,1.160460190615716,1.1417890823353043,1.1288471218012468,1.1100120167971064,1.0524951200356694,1.3582105058179974,-0.20208613899169117,0.32574599455909786,0.06486343956029238,1.779305305745431
1.433402503614305,1.4040202488766607,2.353581730537109,1.219905901085401,-0.4294176392195979,-3.279342158936285,-2.3203746602746778,-1.2980493069420929,-2.181445325523743,-0.0962300340622207,-1.5510594399342508,-0.27205124718839596,-0.6112426236853261,1.182396159097989,-2.0468649462631663,0.15213566563991637,1.7634982910069887,-0.7402930677322164,0.17139213031030942,0.22077790854477955,3.7438191216071965,2.290093163259007,1.689974845887734,1.6629473880691164,1.4448079538974745,1.8989558347806628,2.2901949032890427,1.5225983265724103,1.4599303444053902,0.03012698369481422,0.23531374276174208,2.923798096679326,1.7485084614529152,1.9691436291621263
1.083439137577645,0.8943549978086561,1.2107878072969405,0.9325459252364084,-1.1455181533591206,-2.588049446633578,-1.8928374365797382,-0.7438963992188111,0.7273688662990588,1.7823470724846446,1.9135525074918345,-2.993998976409017,2.578292035706759,5.7629632719098485,5.262979639373991,-0.10619707133560503,0.8188870076841488,-0.40504615801088484,-0.14811557665194983,1.4709166567544751,2.040946567540356,-0.4760992038292201,3.8250148035005505,1.578692208154109,1.1281425916867018,1.581026880365495,1.4139139527666076,1.088814006802063,0.9846859941228633,-0.5105241203247863,1.5527288003001651,4.015262540400224,4.485940976805609,2.0626662685774817
0.4291230489988048,0.330277501878337,0.3075362959600208,-0.0891690523825304,-1.4120530344405648,-2.294421169658018,-2.469552086029377,-2.9966692367817127,-0.7215591863068843,-3.5576184620538203,0.8097762770885771,1.0591671637631441,0.938021174757621,1.2709167199736107,2.6543980515307433,1.644512833881575,-0.8247275870589935,3.9420068597537767,-0.35555808593386107,1.4079140456423247,2.3022902292650826,2.995572126178253,0.9434638461458523,1.9397593764068217,1.3362512725775548,0.5432217521427176,1.5469451678233803,1.7011489684235048,1.7346867527719767,0.4721133946358656,3.094442846979337,3.76455720607032,5.129220567965907,2.7095713231448486
0.4737973536179526,0.20527760075265625,-0.38847165676046663,0.32524941053734474,-0.7447903864870661,-1.662875402313841,-0.20451210447999996,-0.6354453192574875,-1.8306603692857213,1.3032907680672388,1.6434163195678213,-0.6145151476727653,-0.17211894749009618,1.6645677535642802,-1.3571645725895802,3.0684629563289545,1.3298158507203963,2.2074191280521247,2.0757569229482367,-0.052126269452123106,-0.10179842270271382,1.7030707979209874,3.091627089320329,2.0750692575307634,2.1841001212001,1.356610484844386,0.11853974229491225,1.0346583067847404,1.5201362705398138,2.532313354802131,3.079406507176625,4.493167348353331,4.922861210530728,3.4627734389092506
2.311993894446457,0.40655513087888195,-0.23546509172168656,-0.5160394248299194,0.49572708149392425,-2.8949777531859953,0.4022545907032863,-0.12309854893906887,-4.889466676412296,1.0576244683791725,3.6724849447684322,6.1446172733550295,0.7290405379323069,-0.617369517494974,2.549800209103978,-0.166844292329298,2.886191604242312,1.5740237693903565,-1.1113490211985084,1.5771283730957935,1.055639483644372,2.8967196542508877,3.176396872040215,2.650832919533484,1.0194584762830303,2.0362085049427368,2.666015962687702,2.1720902995833256,1.207163238134907,3.6923629669196796,3.503912349418877,4.580294616245201,4.924383006020649,4.279840147520203
0.10066947309746295,1.7849971420806636,-0.08108895483623249,-0.3339683931507117,-0.335582900454044,-2.152504533694193,-0.9659547324554706,-2.379217269900598,-2.2002439698625484,0.8827117225236508,-1.2110813089715333,3.1404109488621903,1.2234998697033368,1.8485545977799092,0.9984349117844926,2.038955860587074,1.1536520544364068,0.11943993315460463,1.027155799413317,0.35269457779587804,1.68031817598222,1.2160000340784898,1.0862753819361832,2.094470668020502,1.1218243668410546,2.0966700578180344,1.1969529198532298,1.616633485423489,0.8604677980923212,3.114710446732449,3.6157941827226354,4.710764723103043,5.5063739507500085,4.066969132857904
0.5751634224058461,-0.655468920888873,-0.5589660857242501,-0.6889354654017714,-0.5151406467055406,-1.2301619807384063,-1.8395587851716333,1.1297626449190874,-0.300384456586012,-0.5633876456147854,-0.3683879364371111,3.4761449130518236,-1.8358056289524365,2.7070324822130725,-0.08428945318286793,1.9855589355657697,4.359760612186485,-0.7279832653536609,1.0196783350688083,0.538379267060543,2.8934702618307067,1.8894683622742623,-0.5474699410344046,1.973847200761512,1.30771046564381,1.5116431930887475,2.7223911007435175,1.5459316630607833,1.0851474411754578,3.4576011863143385,3.7505287331945767,4.920090047160565,5.422394906177611,3.944918485513445
-0.2433198406477185,-1.1312404430602119,-1.2385500936590075,-1.4082620880227723,0.0035593946322013455,0.38165593206697285,-1.5930635396128183,0.6590815481927027,0.22038725914110044,0.3638415905697471,1.1341533143313696,4.295973560584791,1.9906943990961612,-0.7100369690845413,0.2253872939011289,-1.161030975685318,-0.38759311606485625,0.19600662043289488,0.7995534810513802,1.6264479168800996,2.4581979925079023,2.4588110120954045,0.6594153881207708,2.708921348674446,1.5733013550631734,1.2885594811975136,2.2495785864830045,2.168713596946876,1.5703928686079365,3.2683306781612314,4.228935852970089,4.400540175874533,5.058954536166962,4.686775647838959
0.3572453580856768,-1.3855692331135097,-1.1336687483586567,-1.699163038036675,0.07628141531405071,-0.09302957073553926,0.1420031227446892,-0.14320361123040692,1.1974143802911266,3.823682813148604,0.19442244509080897,0.7730911110014985,-0.22196897193131832,1.5196659992158201,0.9765041777875051,1.3523417820487929,3.4568293035330115,0.5726445027508545,0.4281724402813801,1.4684086311327897,1.093846757825799,1.9175079139643316,1.860406041301061,2.3026582152957116,0.9493451763808162,1.5608409642957053,2.159008318883458,1.5744385629920634,1.9895424015752352,3.7177703267084574,3.798171215211049,3.676161422494206,4.533421989754599,4.093381856561731
1.5696732124489434,-0.3386924693971931,-0.641379262053574,-1.3112140750950452,-1.1566974179986824,-0.30230988005844645,3.841501207183412,-1.2477519070179142,-3.3402476051143584,0.9142934950781982,1.3435020887776845,-1.5503368867807394,0.4253768298301991,0.2687803479620192,0.10000907739919715,-0.020650885172268995,-0.27352257215183334,0.7240390295255116,-0.07125555092616466,1.234613970269373,0.7211364543967859,2.8425214396374003,2.640271985566851,2.152420605011453,1.3836770346226572,1.7619659926362914,1.65773138167128,2.2589201984199443,1.5642391666113362,1.5945629952339946,2.6757233934879996,4.249780447438082,4.057793263251779,3.8279980204662456
1.2786590411593366,0.27758247642395717,-0.24885705048287357,-1.0614567054648825,-0.6668346881949094,-0.7523058780956163,-1.151317524004047,7.146432739766725,3.6058109473732882,1.3240654198428992,1.992442488184948,1.6540226465073546,-1.1154611228179927,5.714095528937376,0.6218431183026365,1.0799935601446784,0.47092884643914756,0.015525231976997494,0.20526290825165017,1.7628640775102,1.1003882746148423,0.7157885503796159,2.380805109545766,2.1764491690814642,1.9738139327290618,1.109780983801657,1.7392961221044303,1.30452349956337,1.5224055172908144,1.702042747600002,2.005272806916945,1.774679774072154,4.179219169936457,2.1566163067782687
0.30650250745701907,-0.2975880736916761,-0.48660652026704304,-1.5276001997444466,-1.6953004798345823,-1.4753336910451762,-0.08073096642638795,-0.6441794821287744,2.9553652486279436,2.0343275455184333,1.4585706280841608,3.017748824544057,2.0600767063707406,0.013909079424448726,2.0207901016841614,0.5808446916533596,1.4395530564874668,-0.04965134164533125,1.5386691757769648,1.4244853443863066,1.9912646914417849,0.2849381840836623,1.259190605159772,1.8212390609217144,2.105669016120883,2.5185507575064436,1.781415766274438,1.4690878728588752,1.5884250267678042,2.335904778818186,2.350744893852417,1.9480274419798955,4.3335713487108976,4.735169223854628
0.7125505296236488,-0.1250037531848404,-0.1511553177116136,-1.6021860880084893,-2.383000443189632,-0.8724533564396226,-1.5612618961541278,2.063749102029739,3.7403279842976422,-1.116079785578623,0.9569610984019135,1.8193453159899589,0.5832818340913132,1.1941405739056379,0.16847505185024678,0.6312073144295024,0.8224214400773107,1.1948927370980624,1.5760403634678433,1.1672848072909092,2.2140360854923125,-0.006235035837179307,2.0833352039401576,2.694678850181548,2.765133334173266,1.9322445375148558,1.7589058407241749,2.2540807963638403,2.5896241929815997,2.2444676047518906,2.2295398927428876,2.179845741777504,1.7709677630657892,3.718980752848925
1.824427506533914,0.05767681476719247,-0.26055653656201166,-0.9754851673857933,-1.3570664210528245,-1.0814924910890011,-1.0161976359249085,2.2797959473678606,6.344111529323544,3.8783010477215316,-1.1416320883932456,-0.7801557452302499,1.1262186556397396,0.7022713202464453,1.8467104017084213,2.1663083073233613,0.9379311647674387,2.2392808195677913,1.966284518039097,3.319288846315217,0.7540052775221187,0.8309736471528654,0.9348485661888222,2.4892031468382068,3.1674928176316977,1.7347389452868989,1.963685835968242,3.915571102744267,2.527147888348073,3.5481277926094887,2.436006194837769,2.7809108629908286,4.193324921852914,4.01461441729998
1.4699180412711896,0.9471523208247979,0.16050909626843587,-0.1276910980211596,-0.4553301419491402,-1.8221190244981371,-0.4184246507626983,-1.4390060251668002,3.752989126679128,-1.879043238737852,0.9859820125678594,0.3787712885227269,1.2021197618542303,0.7654509789536639,1.2753394407138925,2.4009610078916968,1.463006696885665,2.6888133118640405,1.7761251832277642,1.823251621682993,1.016020974395034,3.412992818232882,4.0390398540792996,1.9764038238256842,1.5881709581865615,1.8767440521402734,5.457373575305005,1.8797487882285253,1.7624069356151044,2.323685606350259,2.4575827315981136,1.6361743305976653,4.45973498616245,5.200632706401391
1.122509381911638,0.5662657905093451,0.39501721178897564,0.9053400548768943,-0.8774884700464943,-2.341581707540545,-1.9601257796813902,-0.14387621486402405,3.595668868875951,-0.5206580179810396,0.27912729973586203,-0.7548103860357644,0.8121136272607594,1.1225266435378454,2.5113538777452242,4.923897891014277,3.002558631228633,2.140725070861481,2.0523776728110343,1.2653789987512762,2.9305587862049998,4.606666993794708,2.8390716080687275,1.6255256388128774,1.1622177680007224,1.7538098085339784,1.9767364202053002,1.5272033653825012,1.3316951443333995,2.1874480796492115,2.233799681342336,4.451243645757065,6.024308523720057,6.102187151473872
