script/wind150m.json
[{"header": {"parameterCategory": 2, "parameterNumber": 2, "lo1": 6.000198445256149, "la1": 58.999992894266676, "dx": 0.5, "dy": 0.25, "nx": 22, "ny": 24, "refTime": "2024-02-28T08:00:00.000Z"}, "data": [4.157288012025736, 9.757937386932475, 5.427301686865996, 2.7525151799243313, 1.2929251423368313, 6.77069003092674, 2.5643488152335165, 3.219917092625293, 7.107478848152674, 7.372012905645271, 5.979595516379926, 5.991124222927158, 10.16160941630541, 3.5145090431554924, 4.038946114356983, 3.433497601612717, 4.245073819562471, 8.678130584367016, 5.286807802206845, 8.894045543198269, 3.995677211068971, 2.723494154400015, 3.2644398615525065, 7.030263014409139, 8.639694963394431, 3.5401419569107984, 5.453623318118622, 2.8617951770539323, 2.3953572676823716, 3.7995711023275853, 1.4845276670887877, 3.1900155476370275, 4.09567200069426, 5.139043106162446, 5.758085481199091, 5.671856601384229, 1.15316771000439, 7.25381143790598, 3.8970607448914594, 2.9919531663017387, 3.2311636625172344, 10.338915898720442, 2.842580561462306, 3.600353358066917, 9.322673656732553, 4.074557004738405, 4.106880921546827, 1.9337435982279523, 4.905924904838004, 2.4337240565242073, 3.446844337370852, 3.2042988299755524, 10.628353795529906, 3.3687650013438852, 3.9588156686025737, 5.413826170039722, 3.070924545912924, 3.250784420847202, 4.968385804068987, 3.411705437548066, 7.058829002602898, 4.604624345818336, 5.6453069622564795, 6.750035202551759, 2.8895754089202192, 3.1134132379777384, 3.847730132088275, 3.5153733825701736, 3.9187219846185743, 2.6582835680963557, 4.352025769573167, 2.4436422580462938, 3.4767945077433384, -0.7716703624803133, 2.7488710583567797, 2.694710018855327, 3.119696570458378, 0.05518116979938687, 2.64589529361479, 3.381188372004097, 4.241725938697331, 4.286981714483514, 2.461131488565945, 4.484580867004584, 5.652985750121553, 5.9376293367973245, 5.937231397826423, 3.8644301255966824, 3.2199425673400506, 2.8532995074448393, 2.6273280728301303, 7.08391227297226, 4.289936049511739, 3.3263022900351586, 6.907936899079402, 2.540584618540541, 1.9649415461365884, 7.232051610286904, 3.6266753699668337, 6.176782567759468, 7.264400372719831, 2.5426879056582665, 2.914811924715573, 3.7802613023122227, 3.819120240762024, 5.829128810471386, 6.513364858066097, 3.2987994069020354, 7.18670332821995, 3.9658071897247473, 3.5155227536614433, 4.042907319393999, 0.46298943549000443, 2.8706969423622737, 6.990852778293964, 6.350717016699216, 8.01330848083094, 8.396888768070273, 3.127702002850651, 3.371956739709208, 4.936159645553191, 5.0269930441771145, 4.049931935757498, 0.13901321506407208, 3.815316628307905, -1.0348272340153672, 0.7944358329357987, 9.423471633675884, 3.573440799047075, 3.5132649187988734, 3.229934319656259, 2.0807979094991493, 3.942626200846038, 7.9936249700961, 4.443235725955991, 1.871339186636349, 3.720752961428852, 0.9626085885884978, 6.909313540087378, 8.313595163957379, 7.771913628904406, 6.94586742036631, 3.221777120564009, 3.167446545900781, 7.807474724032154, 2.8026170581141288, 8.068543309523903, 7.548018789229434, 3.172656116028413, 6.780344967684736, 4.1609205049703695, 7.9274836010137735, 2.8451571272746725, 5.3720253551861665, 2.543819764470202, 4.387809358959997, 4.002361557553724, 7.933634322457279, 3.1499839190223238, 6.00744992367208, 2.1561982033720293, 8.21283963858825, 7.701799334911167, 2.5091630297589944, 7.964290712102093, 7.241603127595862, 1.5676394762600219, 4.901157738349991, 8.855650704723212, 4.704332166763265, 4.377422490976936, 7.104479494423014, 2.205888557254623, 4.671931406959935, 5.18306938630796, 6.118836221103529, 3.776935806010282, 2.7178045801945037, 2.8780790502796534, 3.525991427663386, 4.262194282631146, 5.63745846930407, 9.611977122850288, 9.576786858721915, 6.455089824416668, 7.3368988600071425, 3.9409499075987195, 9.642780610840884, 4.187386257167744, 5.133052464590679, 3.783981336716904, 9.495510344124808, 8.61731166955615, 2.7380592471427585, 7.867848470507639, 8.338173967294075, 4.3293333973681625, 3.437720111420234, 3.0780839433945415, 1.2099658709051175, 2.7273407206464224, 4.034688661601384, 4.172380438099035, 2.5212366920233706, 5.987287169762971, 3.389591636629551, 2.0695713536521523, -1.0810807498263304, 3.0003008139894995, 7.500277869921205, 3.0905111950626902, 4.165074151239313, 5.299045885698421, 2.482274442183276, 4.178971101427284, 9.078227014518948, 0.9832969260300399, 4.592705813476097, 3.080984730403533, 7.588556278621639, 3.7165108937414137, 1.5921971587026522, 4.847928346662459, 8.36182265331077, 4.014235714145738, 3.0316792868690543, 2.2031990469416436, 3.6437179614990023, 5.3866095207055205, 1.6247303663065338, 7.877777421075601, 7.293777687334964, 5.96020416871329, 5.633264209930965, 8.526314676884368, 3.4465931644408276, 3.366120741113559, 1.7091475948697503, 4.4628245086362135, 5.3844501339647515, 8.311251678168423, 6.104105229365132, 3.147452672392634, 4.129264318165085, 3.7644693863270846, 2.2460872265363347, 2.2951923876208653, 5.145678591435155, 4.569851102585057, 0.6699686705303419, 7.752200276122856, 3.7865026556967294, 8.3118179989245, 3.1135759918994586, 4.323496490787762, 3.2048354870161218, 4.275474323721995, 5.047091281160826, 3.8754637730508614, 4.34449095679801, 5.8438148961796745, 7.880929358983401, 5.439080747543191, 3.9646387707034676, 1.8669028615665149, 2.4433570707125676, 5.518721151240293, 7.765047930404106, 1.8098632238559036, 7.093947761500113, 9.42050096174393, 3.9737913786668213, 3.3634297543828584, 10.38847640661668, 3.1579865358444854, 4.473861902260236, 6.810084175297321, 4.815237811533279, 4.308037439815032, 7.8155613234457215, 8.430773808381172, 9.254907944381785, 4.706525506676531, 6.8775824980595415, 2.0170360505721043, 2.885732314649635, 5.263199062980865, 5.328868772775862, 9.574078151156618, 4.421954795618243, 2.1091148863500906, 3.7102643119067165, 7.1805399452218595, 5.032185813820475, 3.0306849403895044, 7.333824867470194, 4.242917884503418, 4.8065380769704795, 1.7993633444035237, 4.378323674427058, 3.9839104901227054, 2.631862432799375, 11.572952175295114, 4.348493356119922, 6.133960488993749, 6.932353292686631, 7.189741414733425, 2.6305198670418415, -1.170387601981498, 3.2286526807951583, 7.143580277329122, 2.2769507147366794, 2.4718204837317543, 6.9472363212423485, 6.2649698353420185, 5.076944286250817, 2.852096200970251, 2.713907429130767, 8.101439151596233, 8.588542464580385, 7.069526613579065, 8.173928487256866, 2.323398373997177, 3.7211425931374067, 1.9903556937929991, 0.6007703011292069, 5.358656875206856, 7.350196510403697, 7.042440688510816, -1.6213022324115516, 3.433185766068878, 6.331489541514601, 5.563465812635079, 8.450182092913616, 3.800311628196069, 0.8499890522938643, 3.6796655042356625, 9.874974613964744, 2.9186145181184977, 3.465408578812112, 4.3810759780162005, 3.347538080252601, 5.772829918689063, 6.924899128533652, 4.94482696510184, 0.5325984441154208, 2.762255156884788, 5.156712275098802, 0.08172180767493123, 5.030225144153691, 7.6010163394780585, 4.433054844243936, 6.940663787617857, 3.480101935462736, 3.1873330685033214, 8.22037939807995, 3.8935807653219845, 5.180354353179412, 2.938068090705202, 3.3738770273153067, 3.6431740948338134, 1.0560387397191504, 4.298737384592368, 7.268864504500694, 1.756831378260102, 3.1008595511740236, 0.9682621124976903, 2.711572878153531, 3.1162406776376455, 3.0687562081299418, 3.5190081813424055, 6.503996109317259, 2.2029754455217057, 2.7709720832486906, 4.070255228619313, 2.0651515223359436, 7.636172116249897, 4.0426722217136275, 4.527415921157469, 0.19526149298632572, 4.562060080118802, 5.179613594184387, 6.026281221674457, 7.23371233087908, 7.627888314333253, 3.548941931705196, 7.920627549040553, 2.8677319208332643, 1.0682943422433262, 2.4783762257706807, 5.330563249362119, 6.129893750972304, 4.174936411144217, 5.3105207044085025, 5.175620911546104, 7.106840926236829, 4.744599532457639, 3.0126876023733407, 1.5951987219555082, 3.8008882499913117, 3.1277841644773186, 3.765358807913292, 6.671578437751806, 3.357860350546194, 7.430638994698025, 2.9649090432136136, 6.404585125314606, 3.2719073262059117, 4.560460531471736, 7.083790804533577, 2.3926903569804896, 2.055674334455317, 8.058847265102314, 4.5663224826913975, 5.986249174771469, 2.817823655608066, 4.706627228133712, 6.679328684729264, 7.965294430760572, 8.404647754775478, 3.582791982504311, 2.517002072479179, 7.829595374605594, 6.734328619830664, 3.4297001556061075, 3.8733420959775, -0.25967275984232335, -1.284067724603077, 0.431263717974626, 8.180988877535466, 3.8189044962553624, 3.9358813906746195, 4.7633967489036815, 2.8189378754286514, 4.126812450376841, 7.241110751714656, 1.5059959477453877, 3.8154750365274785, 1.5482668505665427, 5.333223452151176, 3.4486383800340086, 3.0881655099311227, 7.554190902603487, 0.5189182215364281, 4.807836372068508, 6.240369570320295, 3.4338914937475113, 7.818228196537054, 7.104199352781378, 10.103903626083792, 2.1216862979765096, 3.7649018236867082, 6.174163138994563, 3.4151160359469346, 3.7372696456993846, 7.926930830739421, 8.676707455749955, 1.3911495485034686, 6.8744761589393635, 4.416812914916346, -0.27500408624323697, 6.811860481613819, 2.5189947293100134, -1.2652391897433692, 3.6811379995684574, 3.8289849582849853, 3.5781510600513053, 1.84456262034342, 6.003437088774921, -1.075156518474655, 3.7287152051993604, 8.118277402725475, 2.7500837617559304, 5.0310446996164755, 3.603360628068181, 4.292931950947683, 7.559414507622728, 6.075617533986971, 7.445123954515196, 10.731413048450273, 8.274972377898111, 3.5081604682791268, 7.643336038764015, 1.7088071090408046, 2.8823105208955733, 3.9726797713959603, 3.563275967120068, 1.1605276508619975, 10.212376362877343, 4.686148182663475, 3.705419179965425, 5.621064034904279, 1.089320790814053, 9.19482157868745, 3.9545511931948245, 4.640010352962525, 9.569812016854666, 5.716754010276149, 7.38872033490987, 2.219670849815053, 7.22761580527213, 4.474675876565741, 9.368293452188386, 7.972456732580851, 3.3557898390138052, 9.73266676341964, 2.1145485987929384, 4.038858926550762, 4.833473944125203, 2.813478489225729, 7.386521918020416, 8.454525393423896, 2.954971822035424, 9.944547212243025, 3.1819326649698283, 0.8379456298957959, -0.4728606379349366, 4.360510575486562, 4.291310755586495, 3.3447361468481906, 2.902408107446947, 4.325110821330914, 1.6559058082843165, 6.229218622925415, 4.9677098395334145, 2.1226077151567924, 6.204720391803632, 6.905091599052906]}, {"header": {"parameterCategory": 2, "parameterNumber": 3, "lo1": 6.000198445256149, "la1": 58.999992894266676, "dx": 0.5, "dy": 0.25, "nx": 22, "ny": 24, "refTime": "2024-02-28T08:00:00.000Z"}, "data": [5.469020583886394, 4.597730806015416, 3.091479281561913, 5.126020178064386, 3.796957394466192, 3.2721241923930275, 5.75916166297211, 3.913718459438538, 5.347594646757409, 1.0056268776856607, 3.9269539938556752, 9.319371871305673, 2.022019439193463, 5.027638087725035, 2.935781430591921, 8.600150844912065, 5.741492419356486, 2.9611950259910262, 2.4398621549687025, 11.807407407003511, 11.405753989355308, -1.6208418333297419, -1.3486077495503486, 2.60170203886227, 3.3296515463287997, 1.3185111870466495, 4.833910132102906, 3.87854089015902, -1.5270951568929734, 8.765940015284903, 2.978643006824068, -1.7563471728823223, 8.210254698215241, 5.0039994905028715, 1.7438318541040263, 4.294007978285544, 0.5068604349157817, 3.760239034857288, 7.728991385299848, 7.892944051448883, 2.6342825165858463, 6.46452905986956, 0.8620928294114443, 4.265831832434023, 8.198458054176767, 7.764805596532748, -0.396034394501734, 5.591553911359468, 7.467205713686802, -2.07251736702766, 3.287276974913292, 2.1069207249436763, 6.205535096242351, 5.931204701955371, 7.608185047194514, 4.7799325485830675, 8.187718674644227, 6.92028667896847, 6.7618967107947086, 5.49460787273889, 3.503497527295374, 7.313925202988991, 1.6126281524915556, 1.2539459251077696, 2.8146324047895477, 8.402833411334827, 0.46773137018939187, 8.86548805047246, 6.62027426082458, 8.220235560738596, 6.605416579861548, 5.707054821137476, 6.711464200207357, -1.7962769759944577, 5.08189686771738, 0.9009134943315387, -3.676180190264772, -5.0573405741013016, -2.0395495656926177, 5.053366182020969, 7.592098548847028, 8.534090960608031, 2.314053093134511, 6.317835893357272, 4.027435509147726, 8.48506501581313, 11.314929558220639, 3.4835617786527284, 5.9993155474016255, 0.7876637029014772, 5.340344280529439, 7.498115131640797, -3.542595419737895, 6.830778221143366, 11.381262775599136, 8.37923647340194, -2.700202769926821, 1.1010113391731868, 9.228854541651808, 11.822514892267405, 7.603824047659424, -2.5728518801150386, 6.829301307219704, -0.5485505586729279, 7.327755796440088, 3.4969314590257934, 8.906282308683023, 1.3033268224342924, 4.318260872311753, 6.76627744347526, 6.744568846233836, 4.1474526023652425, -3.0563556922160977, 1.9864441519325016, 3.613618812065046, 5.486468442456512, 10.350823875777943, 6.271356782965458, 8.268244829091651, 8.508276159649679, 7.366448299769442, 8.067183612144445, 9.01575341474105, -3.0805336800869223, 6.965673758102962, -2.4989563874241707, -3.147275087855193, 3.016191437947174, -0.729054295992242, 2.369365363990551, 3.9975512434580556, 1.8568156571358148, 7.276436950300268, 3.3104235661091046, 5.716477972410129, 4.321476157578895, 8.61693556557776, -2.313013760780706, 3.5863118163350514, 2.109081486210644, 1.6090394344206165, 1.7230970602610307, 1.027394184589751, 8.570132389649414, 2.41208693415553, 2.2609515322188702, 2.4998834754022066, 1.5127975497279411, 9.053910982196044, 3.7786091470003744, -3.8847553528718963, 2.537550349071986, 0.17661993463216932, 7.335897436547717, 3.6076001765978014, 0.9795854871172474, 5.274206695960782, 6.06490969080391, -1.3588313932178957, 10.386546846328605, -4.097959385284085, 10.865651889983216, 3.633663561045235, 8.1742822452015, 1.7593541130882175, 4.106521454014, 4.3652988896608855, 11.893052133550233, 3.6895493036375373, 7.280780409487232, 9.04682707492492, 4.4463884048373545, -2.0003632042022863, 7.595955057301501, 6.221496793703993, 2.3957275639647775, 7.560877130044581, 4.2720520342160855, 11.194222307382299, 0.10787064466440215, 1.4755636339716134, 2.061460320512501, 2.8950130340316496, 8.923890695128375, 2.7445373617437023, 5.224423368989171, 1.6560018640360004, 2.6867536264888487, 4.996848449186895, 6.975081457323919, 7.764557254932227, 4.053031310275168, 3.501547924191849, 8.586639002762313, 1.0323198659814241, 4.709109212709791, 8.323770773596927, 5.124611765702994, 4.807681197402645, 3.1151395027153135, -0.7547693892356101, 7.236322552871901, 7.51907939977068, 7.564855276308218, 9.103048547973053, 1.2676527427717286, -1.2852184735226515, -3.925324059827019, 9.301692048111542, 6.9879209571720775, 4.69981644709527, 8.989160363219643, 6.374315229675538, -1.6715383224552485, 8.628336933403775, 8.088971971946727, 1.6000714482132405, 6.876685771487262, 6.018012599734899, 3.0439409429901114, -1.7229040618281883, 2.1703681778804214, 9.282688135002354, 3.375816605615171, 2.7949710230951235, 3.994520739463544, -3.4004492009796614, 3.6194191308276418, 3.158421423458998, -3.881650956395002, 8.98195292486198, 3.1890963527567693, 10.173299892749087, 2.3361673047139275, 2.864198218405068, 5.85881309906788, 5.930061540204801, 0.8040082092413476, 7.426134831668455, 4.329744976214873, 10.073754014051817, 8.151746652692992, 6.248261473806988, 10.500733731459501, 8.19284226132299, 5.13345015411563, -2.9624117344687475, 7.326913026564576, 8.3121844035713, 0.584169110159214, 5.599901351318125, 11.15687755270361, 4.285797399573031, 4.806789874625676, 3.8888100763420828, 3.6365147080795905, 10.705329565117319, 3.5137950163586353, 7.904604682121143, -1.5080833440748176, 3.6649919831507516, 2.353254691106972, 3.2671692005851267, 6.641102187122823, 0.8909344847983492, -3.3938811736220913, 2.215956132001564, 1.8604495773536798, -1.344704814363411, 11.837468948417772, 2.796456812010024, 7.685169184243671, 9.97700622252682, 4.981289481666133, 0.812586265888548, 6.882302856893086, 2.5189748562260683, 8.260613968532235, 6.932795722569634, 6.606449988922308, 11.008946889365172, 2.529119194349926, 7.9559462969266495, 3.9597314172432787, -2.856045303384574, 6.6041055439360585, 7.410042835927859, 5.990803703429024, 3.076621027540045, 8.773985711566182, 6.051099666005823, 6.951961750725705, 3.3545632735752626, 5.087580443213678, 5.974753752461681, 1.803690975625582, 4.357728007884322, 1.0392914037448437, 5.363400821357366, 7.506537054551383, 10.665722931526348, -4.161462724792656, 2.2834864786152775, 6.371101805206988, 1.7227451998310768, 11.154722564661075, 4.537081186650729, -2.1446156200022504, -2.3006923017931196, 3.3036838093593346, 5.114350824787988, -2.272949686074044, 7.574411245445915, 2.7837469217065864, 8.947082270280639, 7.267660143626712, -3.6522422556049987, -2.0708705500026507, 7.366829741635176, 3.1813707237250917, 3.592396722147333, 3.458947103312362, 4.775094754556037, 1.7334606464867213, 5.95282425906033, -3.9747027526535232, 4.586426110992024, 2.2405549868702317, 2.562151300767573, -3.5473048529281335, 9.036640945481905, 5.585513375419316, 5.933563896482814, 2.121305082855812, 6.455183061479458, -0.5717768816113195, 3.596867082407805, 3.8640445005836117, 6.182751590610871, 7.367105609422304, 6.036903956011884, 3.8945345793333814, 10.796538256886441, 2.5150243407455535, 7.1026283017333425, -2.190465345874091, 1.7141345027950188, 9.092508071710029, -2.344232364485374, 3.7528689436852387, 3.288477798006616, 2.6184893637991475, 6.037378161589235, 0.6518927145473906, 4.301498194659257, 2.080004707581132, 2.700670456186665, 6.322747905618926, 8.566625810683641, 6.706191389454119, 5.7364287183254925, 0.1917234950110573, 2.3552741119427814, 2.6407855835499245, -4.498676331990167, -1.01657787132675, -3.2474068205241062, 3.213670121565338, -0.5058282513887566, 3.851193075978351, 6.680978166744239, 1.289119369647289, 5.5947033417872705, 6.135697165871666, 5.699833258862975, 1.0627781336352098, 1.449276761452952, -1.0673878623491588, 8.920502283708885, -3.5929946826235377, 5.266165014942841, 10.0950805988757, 9.542092945863093, 3.596095214961598, 1.5184632482251381, 6.334536835086546, 2.438273494147399, 2.5717757499996017, 4.005770973401274, 5.20907617459995, 10.695607501342488, 10.088865118455637, -1.3532442399895495, 7.430505147367825, 3.3396246414611377, 1.0091294444455694, -3.36583651498885, 7.372632611949299, -1.018280530552895, 3.497319815055393, 6.30667556841965, 6.654131684540237, 1.973978814020956, -0.4196901015712536, 6.036846616195085, 9.63790113395576, 4.572942881368903, 6.337209566380448, 6.078116680135431, 1.9172472611780638, 5.510455678664415, 6.449792735547362, 1.4517976893039044, 9.424171450758939, 10.41799595463586, -2.392720965293302, 7.949564800703227, 1.0476839065946117, 7.613340789556764, 3.6082841273048247, 3.5457456782559484, 7.050483191969667, 3.409730772415547, 8.569320311293136, 9.019065362580498, -0.1579704355835602, -3.0316643062876154, -5.545599904866557, -2.650017967096749, 3.618825947224467, 6.256423300527774, 4.962356881538648, 2.676235310501163, 7.850000861764328, 2.1845415054735553, 11.460930385204804, -4.336436821015728, 5.223852493528281, 5.007538528369529, 4.797471775431143, 6.348423011056946, 9.47755683749804, 2.316221225324889, -3.6728628235052807, 2.5539353395544335, 9.093921862723812, 8.797643493188536, 2.0230827698433855, 5.92236175682055, 5.353028544530205, 5.188659789267709, 6.431486651969652, 4.9132642010024705, 10.005462599866856, 7.183513119352249, 3.8108297655027776, 7.238502406258856, 0.7032944177447051, 7.713152562551807, 5.739125447889063, -3.7812045369462433, 7.983315044088903, 8.610340617614588, -2.7305976748453507, 6.315303950373519, 3.986476963990442, -1.7928055769378275, 5.319853152624362, 3.808494158765702, -1.8921085562009896, 11.459975918436845, 1.967787284960056, 7.860244745494451, 5.077637468309336, 2.283975284124238, 3.4313991356578235, 11.921190089822211, 2.001868429142797, 1.1390723516903596, 2.6202675111890903, 6.58730976887759, 6.98937867347716, 1.8948046397004872, -2.7085327131118024, 5.0343606599060715, 4.82563907880433, 10.729883114954571, -0.33315098197105536, 6.2003972921382715, 10.440501541795573, 2.597089329138363, 2.6550027396302425, 0.5590620414939592, 8.292791582943096, 1.9328634115905663, 7.505413184019098, 4.333153840477796, 2.6181073510919943, 3.2211298625975786, 1.4373234344875259, 5.686466034010821, 4.906063699744397, 3.2319170912047954, 3.24527779136458, 9.170776886454927, 5.200021696061307, 3.9703108493957617, 8.859359659627286, 1.287644173285242, 6.32996877282771, 5.002648838176113, 6.950329933420005, 7.509423668890166, 4.43400709118108, 4.916001890113072, -3.0110185548198913, -1.184910641997133, 4.364720550122869, 9.799193630583115, 10.150456870877766, 1.5092556986719767, 6.3019161277999896, -1.5482780520281378, 9.49650942082025, 6.25715316833825, -2.7756284406463694, 1.837155107543417, 3.572800613031389]}]