script/wind450m.json
{"header": {"parameterCategory": 2, "parameterNumber": 2, "lo1": 3.000054539987559, "la1": 64.9999836372058, "dx": 0.5, "dy": 0.25, "nx": 34, "ny": 52, "refTime": "2026-03-11T07:00:00.000Z"}, "data":
[rows 0 to 24 of 52, columns 0 to 33 of 34]
-5.703896816433677,-4.740302305748846,-3.509304017655202,-3.8691704453908478,-4.508629425053767,-4.39825456738035,-4.1507381734594615,-3.7282552944427807,-3.7055223925708187,-4.221375427228082,-4.451722536460858,-4.801854504841366,-6.537145457843795,-6.763141784363056,-5.6179709391225945,-5.062581924777502,-4.51241830203047,-4.3704060542235466,-6.186173331754619,-6.464549490635593,-5.1631064397267314,-4.163661077963943,-4.500488574277077,-1.9036224397170685,-2.5222311894993066,-2.5946301300135493,-2.7436365806372938,-1.377412699814779,-1.4151218381501223,-1.3854761557810615,-1.5139304213005405,-1.5412385875528172,-1.3216380319928571,-2.694042977703897
-6.16875268295855,-5.319127481750024,-5.287485347095502,-5.426804104224581,-5.489042058957354,-4.888425968821172,-4.035904464489898,-4.01858980316188,-4.050803434241361,-5.259598127353991,-6.961053971509198,-6.262813327588269,-7.765701526901194,-6.7047774084422755,-7.2482928651414795,-6.645103951526725,-7.003749301237482,-6.8126862766841905,-10.855435797465528,-7.218359117598603,-7.664961369927349,-6.111408553083275,-4.0025976374284244,-4.999707959746497,-4.35844521720109,-4.372080337536525,-4.813903820285593,-3.9781122563769995,-2.5429753514178612,-1.1546290632500698,-2.2076725931256003,-2.3879794629924045,-2.891686461399923,-1.7287581749619285
-6.667652635291155,-6.167544528824902,-5.650195619094762,-5.730621980192784,-5.819577350779727,-5.169602748640874,-4.811679214666923,-5.11472226950796,-5.391897504782942,-6.46925095789895,-7.007533539516217,-8.26854343349004,-8.19996831639128,-5.123176527375611,-6.095878152013725,-8.069396228541093,-10.428499320335805,-6.00641240720794,-5.670619188224046,-6.948197019243644,-7.952071552269035,-6.277335684352613,-8.62828373352717,-6.181789152520344,-5.586579124329983,-5.244532597596554,-5.289898102010413,-4.235138765695229,-3.3258975166235536,-3.064468094404938,-1.5752731166458265,-2.460471887111568,-1.3930641188696,-2.2048274574592175
-7.08680025979917,-6.10520363083394,-5.9689195682983005,-6.100071070643184,-5.697919766694303,-5.384335056981073,-5.440598904515815,-5.780655095418203,-6.392778015414313,-6.370735090154284,-7.142670791955324,-8.222252018885996,-4.952903377013989,-4.717578296428403,-5.640406206182111,-9.836180124692568,-6.256501605476636,-5.48807003371687,-5.256762280379677,-5.538420026040188,-5.200482457657863,-7.425543839697996,-7.498613408579223,-7.147111509362897,-6.58384183507331,-7.267521419151549,-6.463977117190895,-6.031866768912412,-5.349464896844624,-5.274302762323526,-4.845925913931021,-5.480819739523442,-5.211247044727381,-4.307536819821196
-6.9990793668350495,-7.257862295835639,-6.193273013380743,-6.058000211568214,-5.114823554328486,-4.375442913464165,-4.82903959415851,-4.935057449887409,-4.587206922039862,-4.885249456365001,-6.927427969724824,-6.958110672385426,-4.799101354877987,-5.192639240789517,-8.749329896832675,-10.841721759533417,-4.735682792631899,0.4984031028763219,-4.45052796699047,-6.496861140373343,-4.52018913194446,-5.961446525734459,-4.128965578836529,-7.074976083788791,-5.759269751106001,-4.787990466755131,-4.651048291418172,-4.8521032645717135,-5.455471911946433,-5.829502651049702,-4.560483662843262,-3.854846201781389,-3.6218691103451803,-2.816753478600435
-7.219477013595337,-7.200276956109209,-6.682818738519757,-4.883446339876422,-4.503332538706708,-3.5787886147212347,-3.3635894057548708,-3.4709479571067003,-1.2406618127281541,-4.919555290868626,-7.297536711686087,-6.081621384848405,-4.0952696655457235,-7.347902467758126,-5.388589370626864,-4.8967792490124475,-2.149404136646791,1.1424573374353908,-1.6881728007086991,-3.5210423612511637,-3.159147915756821,-6.037797759642004,-4.08812363759273,-2.9398887163471836,-3.727644546915259,-3.4519135167837183,-2.8760246727377288,-3.2427003953596554,-3.4276183306077432,-2.524050393570157,-2.0456559957101788,-2.1904808728482004,-2.162241536910277,-0.9564916113842692
-6.9308438145135725,-6.448814219854724,-5.973968564443829,-4.517344562728733,-3.6086348777800277,-3.027145564374132,-3.1177116562464455,-4.481660977701852,-5.2123022905949465,-4.583641842765869,-4.9003061691653516,-4.332772428390329,-3.3667923080683035,-4.941798319226712,-4.025508730144643,-1.8980021565180047,-1.7813302030905596,2.6486947247193124,1.8796647970116993,-0.17462840153081724,-0.9888674378781371,1.1592721517919957,3.8932683558312577,-2.9935897928403574,-2.7971376706214555,-2.3385004826647124,-0.8385381662960716,0.6181744849497022,1.1654620136437506,1.3086268948054778,0.6505327334233821,0.5106338672751105,1.523434047210197,1.968079671510875
-6.595099408348506,-6.083194225757046,-5.781764531112695,-4.433794990561859,-3.2683485752630217,-2.963070827652543,-3.2588432292818377,-3.8446733889115383,-5.036971096142458,-3.83924835324807,-5.068874119537449,-2.822255330107878,-0.8783605946981586,-2.5410077665001345,1.6251817723747413,4.004305532019884,-2.6654460073608455,4.815645848489069,3.7762969644789757,2.732279720602,3.461226160866815,4.862564502113378,3.964557971638232,0.08601812302746523,7.346775618152342,8.967442410925921,7.448468241247597,6.858722862811792,5.699456366238423,4.498446871235799,3.5571733669172083,2.573636922208329,3.2517992481957987,4.43216451268167
-6.3313159447384395,-6.08395641494908,-5.944064207844258,-4.584814722630393,-2.8601283103562425,-3.7223958337000758,-2.1896979967119217,-2.51159045683408,-1.6814297667827174,-0.8841579668853514,-1.4285384627159647,-1.1992228921582435,1.08695217989244,5.311382069261424,4.780799011011227,1.5679195916773185,2.5408167766530285,6.586631987638839,2.0357758580447953,4.512277586649412,6.206442934153274,7.696935809058468,10.329985524726704,8.474037404568863,9.084536857349567,6.744083380389781,7.633725150193174,7.900385884862952,7.5204643620972105,7.736527772906943,6.903847379884478,6.003999031313996,5.81804207222552,6.618703620628284
-5.737696692251168,-5.340388105264894,-6.075859496085203,-4.89561868615221,-3.6848829351088463,-2.978663507784732,-2.5500914665379018,-2.8268586075926923,-2.258160819062226,-1.5238659948258677,-0.741307663592293,0.3502242097993977,5.193884456763729,5.455393137833339,4.151754294578311,6.848952188533664,6.2903375334432186,4.603000776345243,4.934239690942954,3.8682480312714405,6.801251588555463,6.807226155148128,8.78500599197858,9.650679216654398,9.08421561388383,8.37478188738742,7.174025548586161,7.722944298091475,8.875104126075453,9.301987731538134,8.105085843077378,6.675687743920799,6.536443007058444,7.394101447889871
-5.236549936885001,-4.9877886613181,-5.932185891557257,-5.173189561561054,-2.896566152115685,-2.1484269464236787,-3.4349939332917243,-2.736023900432228,2.8259656827273534,1.8912422988255229,7.79655582795132,0.027709926456870388,8.584848968870205,7.723409139698439,6.461118535423197,3.4237546685404903,4.490638004394454,5.7145068984860234,7.9901091849912245,5.220907472200252,6.608604927355969,6.197588612837982,12.050371528175605,8.96219425889902,11.059496390003439,10.466469116242825,10.958306724576065,12.737471019950053,11.30880226912836,12.338659329793623,12.128185492305539,9.778398979471435,8.703741201943942,8.225059946994813
-5.314814322488833,-5.11991304005252,-5.943842136084562,-5.8956624211310755,-1.8163902277065804,-4.695643506453369,-3.000680495181944,-2.5240177957225383,-1.5942167003801806,7.370870308198741,7.028074218317218,4.1032496944051315,5.162190984329427,5.741389233698632,7.063474993946928,4.417795062578458,4.683946517428907,9.847617001151745,8.092257945040043,6.856884596371146,8.714246766027612,7.917155509535028,7.8967029606026,11.218688502881506,8.476227957246428,9.678804392885876,13.627280828649846,16.074480312800517,15.773062824981434,13.550196269488938,13.167706697258803,12.329365145966717,11.486107867390558,10.781796185317145
-5.04566954062144,-5.661547067728859,-5.557161129817294,-5.950067318146873,-5.267741635052204,-4.975839686380285,-2.86720254936721,-2.237656442526791,-0.5345525665626926,4.47222115667746,4.541439381846821,5.986221685760012,5.7059506069305685,8.473343947997247,4.915196030086659,10.469553628108258,4.747549725472664,6.260833419749415,4.136572684671186,4.367730649731717,6.248549539769542,8.240992527373717,9.173752856781576,9.52481609031559,10.405577837783127,9.801854583601898,10.092311397371896,13.6303489159942,14.101404108213696,13.746072892077661,13.326638785816172,12.759611470506066,12.106742400307777,11.204164658479803
-4.563446535667015,-5.6806107512046795,-5.755136487665124,-7.8193048727702115,-6.270862364707977,-2.052076655897367,6.9712248078062675,-2.887425948136117,-1.5383769062095947,8.38432675597681,8.80846555094598,10.220819559958079,5.034127089271937,-0.3118899806918678,6.207515191038159,9.545906381170955,9.763933085531228,5.671275886776844,8.225858916196454,6.038144776761337,5.239523993731796,8.539136107467804,8.757735995877859,10.941371375053816,9.37272689441852,14.863127157259127,14.471866782221726,15.398441675742992,14.05073514396377,13.596072860710818,14.847127837562985,15.642823992323258,12.971711217897639,11.162572888966949
-3.994484546892692,-5.296130216477221,-6.244620788753772,-6.912982315269232,-6.0454399220391695,-6.5116574715582045,-4.633157880070625,-0.09140910469690908,-1.7526119038219177,2.4113711446372683,-0.3427653212763652,7.541693305983697,10.337780101338701,9.122871426870732,9.8327389637187,9.08825375327628,2.877359628418319,4.77624339518794,4.9065675093895695,4.4381153031842935,5.894766448877274,7.670866952728975,8.403673642749876,10.464173006220273,10.46344632824794,14.95466137200981,13.164482810575757,15.09826474186599,14.165481911178269,13.586691475634925,15.211822069673051,15.996316306316002,14.153669164527958,13.615300233806192
-3.660647473835516,-4.794621329302896,-6.021387637934277,-6.420480594807122,-7.202578680394028,-7.356231301929206,-3.6375559626391736,-3.006713182092963,-1.827818840559993,0.22533707811160816,4.810941789086344,10.490782486223148,2.8217792485431525,9.580417407534567,4.314996844858431,7.266302535370496,7.762527100919375,2.71898916485041,5.042985546953101,5.590792102710979,10.432656958599981,8.375512490602711,6.1532457117778225,12.732174588300708,11.293838889456579,13.792641336286835,16.29652580813743,15.499869259711256,14.679367472696457,14.244676587093668,15.468070062558192,15.063806534367076,12.608317440618897,12.497423599252016
-2.807992911490755,-4.393394101993628,-5.802380392824539,-6.134025826933961,-8.22467033740259,-3.575283443425672,-0.8098483351954682,1.860000055711405,-4.746803668546411,9.402852938044342,6.443473986604623,11.433669690486061,8.328576255154623,5.356218402268846,3.231776768676168,-0.188115612276766,4.418953660434696,2.3793576042534226,4.48243665406644,6.252954708764247,8.849076623133843,10.112170572025331,10.537659069073436,10.296182276510656,13.882081547877787,12.760477423111137,15.018218043294825,15.702790163653805,13.301311009827737,14.612341860591075,13.613070355485823,13.603525822739543,12.341751736169087,11.498014292139558
-1.4268030922919606,-3.931825817239248,-5.791064175181876,-6.746456030643951,-6.704136429837194,-5.53417799141429,-0.7516454210377033,-2.3678367443146056,7.013678851974869,8.587250171684524,1.373782539809983,5.8338685786556,5.389994148904747,8.777110498996347,7.590378015152169,7.249322635558922,2.4782213987250086,3.6908862886346228,5.703576784426426,7.633122783474279,9.299422947884299,8.395686936624712,12.463645371671593,15.347181639660969,11.967412005422167,11.09123928647066,12.099741565744257,12.94366724391749,15.363831064629107,14.079744739118349,15.00079336950709,12.925541710805009,11.225528721262922,10.77845284617282
0.19689402025731076,-3.4973978773655348,-5.421583969499215,-6.617553025314455,-7.05922713830383,-6.025769934749718,0.7049670198501505,1.4315250301095779,-5.9159793779230245,4.841892648723204,4.833533054786357,3.180992160752732,10.177988159685924,7.6506943947423025,4.643260454748057,4.085675534213188,3.274718784757222,4.689901947696938,5.612835914808549,7.906736350318635,8.337356513623293,13.69256069324422,12.084276395980444,13.131465876010555,13.558139769916005,12.841185514684861,11.452110846441226,12.184586964481246,13.619909584316366,13.221538945938088,13.508686022653746,12.413826452711998,10.637629404693218,10.729968575364872
1.3356657611412763,-2.8929421468758085,-5.040217230343764,-6.4387072147435855,-6.23601275826495,-5.895974798965204,-0.18024842856229215,0.10571417129913539,10.042052800455656,8.453987701278614,11.53961981381645,12.154425694062976,-0.05185885196930602,13.710846738620512,5.271056077739814,9.511109128005762,3.9444734507607966,6.213680174916618,5.397828142243753,7.158801859448384,7.469548831089486,10.517183119854863,12.782880488858158,12.818175801908938,10.212176081164548,9.656946427576083,10.68491365309559,9.593194669114979,12.33608449929013,14.544240091273151,11.430762607616607,10.634655426429896,11.05915178654507,10.806045628723837
2.4177818006824117,-0.919757383763292,-4.035888819458399,-5.927928337156175,-5.708564037036203,-7.096976348339592,-4.8320624930284986,-1.0277852576015714,8.482158654889979,9.199452020575109,8.728926009984185,10.032778911940692,9.077913999603075,5.014575979499644,3.1641970565366617,3.4289969205002278,6.517865428973076,5.505515230618642,7.369709545556842,7.7355302687899155,11.459589314515553,10.433499067238504,11.797080013744301,10.751446651349543,11.648860551652605,10.734912970539597,10.59838239759677,8.849613271585556,11.058978433693216,12.532360862443646,10.12198515562296,9.232319512345335,10.348266055171804,10.376523051649446
4.794069916467411,1.0112370339039882,-2.745613232882633,-4.504172151735188,-5.444909345928716,-4.004048206922924,-6.037768072417473,-2.0922559715971665,0.7516307127952069,-0.17315248591294338,4.365439694672431,7.8926055422787025,0.979493266582766,9.174903540567845,3.134779352922275,4.324047302709584,5.758285899255332,5.803034496551142,6.749420344743918,6.211261157761362,10.747432630945399,9.604649745652914,10.901275917532228,10.983629863914004,10.87216437408924,11.531937931221913,10.035171313592214,8.466563223783837,9.886374351026724,9.914644948902321,8.045322714613024,9.957508134349544,10.182830527983851,10.042750849270213
6.91263475645095,3.4214496300203097,-0.9306988880981968,-2.6471013184483225,-5.4907452408796145,-6.958414616860576,-6.121565393768466,-0.7760863192119015,3.4942555491584617,6.603748380317959,-0.9551449304129397,3.0965667309073694,4.728029803132801,8.753232309451057,6.147415201785777,3.4928990029102516,5.460327790804445,5.964695426771506,6.130647492642536,8.506214763300159,10.482492492260526,10.889233222281018,10.116850226121775,10.036549921543354,11.120091596208125,9.671588805542877,9.830068901509927,7.374653870012925,7.669656918414783,5.263075718851919,6.537504628331082,7.972274815365695,9.297809551363873,9.843276365373901
9.62037150870317,6.738272787886028,2.587199635645735,-1.6108925851174922,-3.236761365705655,-5.2442481719810345,-5.0487596779717965,-2.327673136300425,3.85127787997863,-2.1616372774250823,0.24817364556411795,-0.5855513319384615,4.424247208677439,4.006941147933277,8.289606962134695,4.851111236374816,4.039988262024538,6.467003737317242,5.571620726769908,8.970302611051276,12.064091202188706,8.778348348750962,8.711808117310323,10.315698721520434,9.761049033182235,8.345944150655734,7.367270595940013,6.884904765074381,4.906216491242099,5.373992187334606,6.524592616778485,7.003418405435468,7.872784523967012,8.98365418143736
10.333188107690576,9.887253831801033,5.504597307228349,0.5518510775735196,-1.5685058061815482,-4.67890799952847,-7.832149764985445,-0.5560364456590977,1.8930264364032576,-1.0766592053558215,2.2924195308057747,0.5346559316407237,3.5907372649253833,2.8271737883917574,4.089913614813222,5.334135856763847,6.639164667443284,3.5772932750687327,5.437434735888265,8.81087665106388,10.873678875554607,9.042253719129414,8.84649201417517,8.84820992383012,7.576828943160704,7.2378826496436,8.021934343819973,7.241956043008662,4.603404541946349,5.21956273847443,4.647253065929761,6.267453849023195,7.238793746640645,8.423569355273079
