script/wind250m.json
{"header": {"parameterCategory": 2, "parameterNumber": 2, "lo1": 3.000054539987559, "la1": 64.9999836372058, "dx": 0.5, "dy": 0.25, "nx": 34, "ny": 52, "refTime": "2025-12-09T23:00:00.000Z"}, "data":
[rows 0 to 24 of 52, columns 0 to 33 of 34]
-11.621588857647223,-10.905329869263284,-9.433319461104956,-8.127972108925725,-7.3339316159666,-6.918081204560424,-6.183427011913824,-5.407192397258965,-3.882508417582681,-2.2876165203216523,-1.626694428264454,-1.0299942066175511,-0.5621861491509226,-0.07298901593180585,0.4831040372709288,0.5945797349533614,1.2295802052796339,0.4190639695240875,1.8018550796963348,2.0467335620543596,4.525991109065497,3.589477090951057,5.224926951312276,5.711743297024818,7.594543941034775,7.2267371114242485,4.3154171994915425,4.145464299244784,4.488884540762508,4.796979900731604,5.373605330389017,5.077290417689845,5.147728631241379,5.107883078421175
-11.890387423358916,-10.964888605976835,-9.688589962794653,-8.57551577152245,-7.174988822099402,-6.491082040721109,-5.685262351527406,-5.1142533424443295,-4.362511889515736,-3.4506122996130646,-2.7553200909268774,-1.6599628039608976,-0.9453812210408958,-0.889722424868706,-0.726479774698369,-0.7587706514843262,1.2564521137559026,0.9283745595527859,2.2381641802575922,4.796465627183262,3.2680183953658593,4.369752309306431,3.0973438981723014,7.32551907658226,6.337377362575932,5.374427436678887,4.445015794455935,5.1143832856598515,5.756321101125225,5.08754529855539,4.986712739240404,3.9808577382751493,4.37744386689886,4.3280801928229025
-12.328932469642552,-11.84005390243602,-10.936483929894347,-9.840142305182802,-8.504010528092271,-7.811313491571689,-7.163452861728583,-6.295403376745222,-5.704851207067352,-4.871598901171449,-4.873396817946392,-3.7978942287691186,-2.8654521660743493,-2.030023148872199,0.29117134100136527,0.27598283895861586,-0.8817730591826107,0.48755301266066325,1.3929550232898302,1.5673556492183662,3.270106936981637,3.9112937975697544,6.903303842732022,5.815525192833176,5.415951236461183,5.980471714777056,4.640141342257326,6.615038322497541,4.635108610064734,5.324283213601246,6.294989649942435,6.4196816971386115,4.672853751643978,3.6019400025958337
-13.561980601678265,-12.493421199289953,-11.591106162959779,-10.996678568297751,-10.101125189171754,-9.382972152992979,-8.787427671298442,-7.7720018711389836,-6.657893068734286,-5.791899919065716,-5.465578973649379,-5.159205565175578,-3.938093208147165,-2.1484814278897426,-1.178649789857049,-1.950268258380867,-1.2656524968364877,0.9221867383255831,0.8907668381852675,1.1345799829911667,3.1658028210603733,3.7917067698868183,4.207643038634195,7.0215853004524345,3.816802657495072,3.836766988029049,6.520121551235496,5.435677132689427,5.503622666625339,6.3713115519317665,5.429584560752251,7.355988463683685,5.535369448208992,3.921667293359747
-14.547703243467389,-13.830917203905901,-12.93150851771857,-11.95472176541311,-11.333466836901325,-10.431677809286503,-9.855306512950046,-9.331399923836543,-9.269200327693802,-8.656283681844359,-7.279016778416854,-5.919205024022537,-5.001443215503657,-4.379668640116405,-4.454397526346125,-4.340424344001751,-2.3188022082665554,-1.2037952328637216,-1.6381356885007823,-0.7770657493644381,1.5042912745370014,4.404459662640811,3.003714498180397,3.710242609093167,5.285309189604209,5.395999153494651,4.4267483511796115,5.103303021914656,5.635287146176301,6.274106908684553,7.568590736327874,7.182252849668666,5.3481364435701995,5.5304526746519
-15.507991249678076,-14.8393878052356,-14.338005659694428,-13.460995708873511,-12.88141951161828,-12.172128877635235,-11.33098694148082,-10.654974527931966,-9.789581000652793,-9.585576941700758,-9.11547072405545,-9.059965744017429,-7.617035990550609,-6.428454703523552,-5.628815333592857,-4.96369563018415,-1.9782072030504558,-1.8106699126695454,-2.6962846501352815,-1.1345406078250495,0.25089146212173935,2.8031840634502867,4.039791176681375,2.41747250031522,3.723252379033233,5.20959862643234,5.521362909715885,4.97035495320747,4.711743859761312,4.85153958180264,5.944526999960754,5.534965570706002,3.861072428013632,4.4866054126007855
-16.308674632832314,-15.865247596359097,-15.162239357900942,-14.539080246386197,-14.033630572176156,-13.046719054224793,-12.313487446506377,-12.14038568839565,-11.456953637285102,-11.010763175209558,-10.77724732773019,-8.299171140312003,-6.860869064545156,-9.92101225906264,-7.401219610667202,-4.950777761396725,-2.4047794040181922,-1.255075025737692,0.22250848820910293,2.2836811371531964,2.1143289373732945,1.4199052840295865,1.813230161791454,2.91871094284706,4.670077715280924,5.006673404623924,6.385093415685983,5.521417671214657,4.451208048153116,5.571171370548997,5.637098272015073,5.941427964923437,3.947687399619583,4.4851589858594885
-17.32006624452328,-16.752158930348468,-16.0378049859076,-15.244667127575944,-14.753457215662381,-14.55534534233964,-14.111185423921121,-13.318978227033748,-11.79508702894651,-9.863749039463185,-7.230580928473041,-4.103952548792519,-3.9817021867393643,-4.9908785749560325,-5.521206260781855,-1.230173672231264,-4.2823266065460075,1.3826672960924087,2.4433554259930395,2.0689418729561653,1.1644799236770296,2.4608055267628828,1.3973869741408,0.6826144033506101,3.4837294178591884,4.134598589098958,5.986661105601906,6.433562680885796,5.35289399162193,4.347005110665093,5.763851682334901,3.5094408596787816,4.078254099230932,5.267165634808069
-17.9168916490582,-17.301017441324163,-16.63350768717529,-16.183242034630904,-15.79517168807999,-14.965541956813187,-14.6036980151594,-14.214939003523417,-12.643935670466126,-9.675050498859362,-5.383264725663798,-5.387510340058275,-2.9956942939076607,-1.3865234364210077,-1.3958672816716444,-1.7620086565129052,-2.979916052023838,4.757844024360232,1.035536771907042,2.1540345199179036,5.351133485268655,5.181965444455981,3.3962682899317618,2.015857332583987,2.752568647103815,4.114686867791424,5.152124227887684,4.365119198509186,6.390714606814071,5.840809933024541,5.526489819759893,4.073109728427957,4.142342038724391,4.702288089287838
-17.87652060830136,-17.337526948859217,-16.760382091203514,-16.079319261865088,-15.710301650461181,-15.07269749068904,-12.084101595782165,-9.165749409188894,-7.19208144410145,-7.544090988796725,-4.1025916901867525,-1.919829965648052,-1.5058122866413204,3.4487311174782214,-1.6414180744387032,2.3543343131400416,3.5980746063455884,0.5921027953613308,1.967795459055773,2.616467100454312,4.289189681913978,3.825095988761162,3.875972116778185,3.9373222265888597,4.010280503056262,3.8121961839051495,3.3305091316664823,5.027515165320339,5.7109511415921945,4.802267376987044,2.552144122049631,3.0510467830994714,2.367391952140508,5.320172085569033
-18.34853626782169,-17.879894585825888,-17.198931691595213,-16.17595749165159,-13.706550206218434,-10.2115000064092,-8.491816172124846,-6.890643215740895,-5.266762871965266,-0.8933973340459705,-2.2594084511235586,-7.1785560849097525,1.2649057428898642,2.840728305193309,3.9571462966111546,-0.3981851304375175,2.5025679059732244,1.4454213835233298,2.9227560683006573,3.565002273294953,4.749295054802051,2.2595996683123105,4.517150343918298,2.7638718523251153,2.8838521830629587,1.8415060157914405,2.3704156243018395,4.141100350158434,3.648042479592332,4.173931579930447,1.6374022847314478,2.157987983235304,3.862818640768179,4.900713180644775
-18.114502182658757,-16.758504338424473,-14.730554319707155,-11.74249911447076,-8.477053087462378,-5.902105254425414,-2.6245083724375844,-4.048903668577308,1.5228302055226877,-5.3930161627705955,-4.4563989743192245,-4.1370688670115365,-4.75122531365393,1.3683916206277302,1.540501491018802,0.5811673806342573,0.06706938009425056,3.9780906040558817,3.7405686308313153,2.4122645943059564,3.6511805590710087,2.5622336170131246,0.5739217342839938,3.587115026359297,1.3909455293877857,4.114647592002345,4.550275419355287,5.026988946456866,5.2599450533645165,5.064280814934857,3.51779877246089,3.8068666929821156,4.608463842548855,5.901025187525681
-15.728178512883193,-12.254986684183827,-9.41018162920923,-8.323988481095052,-7.320220001364392,-5.674517170284237,-3.358371148991297,-5.88058872419889,-5.7158418675650715,-6.788749325513719,-4.858201410720599,-3.635330970652342,-0.9235137923161594,2.9061625712486365,-0.3758987952638725,4.779033976703446,-0.21570023941492122,0.6916872185479619,1.064278377923421,0.8997640767404774,0.953046939280159,1.7104891421562092,2.955012474291292,3.4145196834780602,3.8697899372757054,4.622466449281686,4.7606261778215355,6.236180969523844,4.354123102504233,1.7894984891988939,2.7329583860503743,4.50014841247084,5.860717608601047,5.45711029885439
-16.25079022519161,-13.765215804565846,-10.774337599326577,-9.24502969823155,-10.0395292949138,-9.69697330103406,-8.109907261215094,3.5778723345959684,-9.625903448891835,-3.221647141151625,-0.8448258955128454,4.27835494558253,-0.8294894997655138,-4.078467597169719,0.83182314522395,1.192116424817448,-0.12406619939400651,-0.8577151116736077,0.646348012037251,-0.5804901363223736,-1.0769847595515185,2.127990129632474,1.1071467879910735,2.919048579945264,1.9360300986917134,3.770771773828315,2.1252883493737933,0.5030903054082656,-0.0010469620716383556,0.06885430667909019,2.0996061386459353,5.012673728267001,4.001787887913729,4.105948365361066
-17.67588005845559,-15.733967383175603,-13.962059717162651,-12.17921996283502,-9.978061000219764,-10.666098608470357,-5.673268986022484,-12.05999677108934,-4.668968056123771,-3.0747032456193537,-3.2247327861546493,-0.04759954981977993,1.0873750868770857,1.8375868583057653,-1.8359719480466745,1.5579864504761902,-0.455101596238712,-2.3088466259397538,-0.7326136986877033,-0.676727710180875,0.08662356004268988,0.21661956628300036,0.29896672926497575,1.0047876477090292,0.7173324833661074,0.5680019571015004,0.8399749258750933,-0.13392131138955632,-0.35829287414029465,1.9540263746715218,3.304263369016803,4.468215035987326,5.080481672064577,4.573617616052137
-19.525734737514632,-18.27073242771278,-16.02270864440315,-13.916954409638969,-13.206085302275406,-13.816678427754104,-11.244098776592844,-1.4866553798909103,-6.703432907217734,-6.889175569242099,-8.608225324579568,-3.7095058515472203,-1.9560107580618713,-1.0150665442715967,-2.6485902194762208,-0.8146690841792552,-0.4555793385749825,-2.1219570678818402,-2.6409803980689515,-1.4041796824318624,0.3368490193384205,-0.5818371059061586,-0.5480375110340272,0.27501864193713293,0.6797367559850879,0.5217268997140067,-0.28938996175018106,1.6819787943038633,1.5866380434933365,3.0231590610859937,4.209013604381978,4.801807140662363,3.225644208135401,1.929914163400437
-19.075590020960735,-19.641811947799546,-17.096163861222994,-13.445431748013716,-11.29321003309709,-14.522371924596198,-13.115700946996466,-9.043587026099873,-8.317220065566636,-5.350384153080095,-7.078958781879747,-0.9115463879469217,-1.8372095958275625,-3.190946988747245,-2.2758116951144496,-2.192779492566439,-1.4506047971859783,-1.596391130065549,-2.236759787350811,-1.5121197062619214,-0.7139715581387667,-0.10664938494628963,0.18457214504231984,0.9472742001881904,0.26908398947689377,0.6437798415670373,1.4916183227661985,2.6057376117073545,1.9729510207613061,2.685097356249054,3.8725556578134532,4.385314003950678,4.588859806798023,3.757221574068409
-17.323220786814954,-17.445940601190173,-16.313997185770113,-15.031849490170806,-12.599270676109587,-10.226867823887813,-16.309760425556316,-6.975561481714695,-9.780757767642655,-7.96466441374395,-5.637481423443526,-2.8400657223288635,-2.452108492427605,-4.007842190258649,-2.0658995288627264,-2.1948224189055323,-1.7668214195353014,-2.12167565825392,-2.059911280958616,-1.9590537716672372,-0.7668829907511907,0.22325047709542006,1.4148853572478204,1.7762101870381248,1.3875784121457404,1.722363785236424,1.804721994220217,3.072725770869326,4.210822326373236,3.908877730690197,3.211963362851996,3.7486954076003,3.552017771963758,2.968849363018426
-16.0642156632977,-15.534514899525771,-14.9694288904362,-14.709808544090055,-11.221441130815219,-12.579555168685255,-10.573936535290693,-11.501587108087877,-15.239276396426058,-7.98159401362063,-6.202291376833989,-5.130437097371459,-3.072655866446362,-1.6241403024615848,-2.0217991201237453,-0.8330089143301949,-1.4736918744546397,-2.3857691320460424,-2.014045737363866,-2.0411292551328066,-1.2093722324469474,0.1460333591772357,0.825660282202818,0.756788561720023,1.6977919645806077,0.8860286771905779,2.551369216225199,2.240892225986983,3.223433308834284,4.684461261771788,3.9490330298825946,3.81954332788018,4.32179723387378,4.770424344722314
-13.594991194402827,-13.469708656264707,-14.646564235877777,-14.676164639450112,-14.061604924632155,-10.469899143292105,-7.254302058805203,-7.018321320066832,-11.694878880729426,-7.678624419686012,-8.191547773448583,-6.214219936714968,-3.888593737106082,-1.7041117660494722,-2.1875992986980854,-1.5059956096381328,-1.8328580063488211,-2.811575062618018,-2.811067854838297,-3.041644832994492,-1.9982469588940381,-1.0778690011357988,0.061338582416757874,-0.4353145768315026,0.1638107558417229,0.8526118485957626,1.5712899855480251,2.446304461131446,4.151380659583949,4.4125309375801525,6.073145066221044,5.754271311338931,5.674496807892461,4.301177163713843
-10.25916635025246,-12.563341196472429,-13.446274850936941,-14.67306143010466,-13.909274510333303,-14.045026022325224,-15.767323868181814,-3.2952473599093826,-11.399321937663208,-6.831498930387726,-6.627989688989307,-5.392931194311552,-3.6400071050721916,-2.61061492565947,-0.9048693644435217,-4.323724762514866,-3.679732385839571,-3.516801405671735,-3.0346342702506064,-2.677973074282409,-2.7192270285663036,-1.5958065779370025,-0.4003930439048598,0.17801552190861933,0.8159082869026554,0.7111128143667024,2.041095294031823,2.909503472739923,3.3049941705318977,0.8476188223753277,4.429398979029046,4.556833412813229,4.782927993521617,4.578171131762662
-6.133146043470346,-9.339020879336003,-13.413155021188782,-14.352794775124536,-14.385413817120483,-12.221071795818919,-10.280650342948565,-15.649475688410504,-15.883282787871389,-8.05741032609171,-5.564920440585833,-4.9990451975580905,-2.472012189969893,-4.22137261134662,-6.259284835696812,-2.4213450648814323,-3.884580957242893,-2.5314846462486247,-2.734571463782319,-2.7077232650924907,-2.0176584511168443,-3.272225912063951,-2.0288018577027707,-0.37486171961904974,0.26778352409123835,1.215490499123017,1.4541510208891193,2.716738166471053,2.760741004669119,3.444883739739187,2.7358824104357744,2.5174996043857005,4.449019441342709,5.377753071296535
-3.2607277502751093,-6.079507786768156,-9.505886677882197,-13.667231501291763,-15.084372466500131,-13.425185674806366,-11.689059338653818,-13.47520742123745,-12.645272370632844,-14.108899776552725,-6.744909703071488,-8.345746335650123,-5.090150814190766,-5.97909259743449,-5.269453840296277,-5.556662278591306,-2.848664533593915,-2.5030050204717464,-3.361767004369016,-2.5184049410921543,-2.0531853880560607,-2.1876023465297387,-0.5422784406445152,2.2003451467367663,1.16510465960702,1.2555012365369325,1.7554699077121747,1.8032714075427556,2.2747115776534383,2.465681715399795,3.1449544775548093,1.678095923476906,3.490236047545595,5.117769512365335
-0.9495511899325065,-3.1079126683544556,-5.867563816327836,-12.026519247634141,-13.829203834705284,-13.767304893130088,-11.329965017188263,-20.24169007265346,-13.94990382208945,-12.349887852520167,-3.7709423651709773,-4.698652046568434,-8.670995607644482,-8.136292608809205,-6.3724430832933185,-5.29221058940203,-4.504318223193456,-2.424664631740114,-4.531391241283433,-4.544236853051388,-5.141673909142141,-3.685837412662726,-1.608117643633149,0.8862952396916208,0.8140224333887622,2.8469651318353812,2.2864038517052085,0.9888802903827554,1.770267699959165,1.7407439962426925,2.1827750889647897,2.1041724696069153,1.9693118864438521,2.556699997154427
2.120034684586928,0.22717063820207342,-2.807535002453466,-6.580232307867557,-12.50322150882312,-11.47856303127274,-11.697358452192159,-13.799173324543213,-13.050830083035343,-4.785156947025486,-7.886794225864798,-9.243761673024682,-9.368493797364499,-10.843393412137983,-9.134239785708152,-5.266394428622876,-4.667061659241446,-4.813712973978416,-2.7052084738815374,-4.1623360920199035,0.8446175979708541,0.7559013152029874,0.8950107126059861,1.5349403563247417,1.3618169967630225,1.1193598697559635,0.6991817778931939,4.2314015589475575,2.11634835596334,1.7701156651939203,1.692441408776543,2.2896376104136777,1.5962391617618352,2.1117520347151064
