script/wind250m.json
{"header": {"parameterCategory": 2, "parameterNumber": 2, "lo1": 3.000054539987559, "la1": 64.9999836372058, "dx": 0.5, "dy": 0.25, "nx": 34, "ny": 52, "refTime": "2026-02-13T17:00:00.000Z"}, "data":
[rows 0 to 23 of 52, columns 0 to 33 of 34]
3.7351177863113576,1.914372312306537,1.7919110180339994,1.8690912148884686,2.022561754203912,2.410467798545301,3.0806612533079645,3.2744223303836844,3.4975004620620687,3.08422637240179,3.075499449278007,5.279761476473032,5.300959163883171,5.470352564070807,5.134537048624625,4.376305204729464,3.7274888208358607,1.408495300621994,1.3127057998484617,2.222127610975692,1.5086674952901324,0.8114910563717094,2.1857781270300594,2.4718211248208473,1.8707762111478452,4.580426061886787,2.581651517797506,2.4146503967898814,2.6506718412489074,4.744323999230849,4.9450062086242506,4.967814812826001,5.574196498080384,5.450305313186017
0.7753361700467309,1.0126222235519373,0.9530120094320003,1.137179718524725,1.979559565920272,2.293205343853155,1.9882225659865342,2.073782909246017,3.5370607997753023,4.6210555516361795,3.104142977803602,3.2156457362344613,3.6335733855258834,3.7433169940469324,3.46382301123304,3.21949083863467,0.6895555952789114,1.0029679457453677,1.9510257844108045,2.9144644094071936,0.788731630675538,0.9157923156414638,1.4213601582235882,2.9719812888491037,1.7856463771335505,4.139876150549899,4.0636457635227865,3.5787794647178135,4.901072324212737,4.219856764149358,4.263854815330461,4.567880441671996,4.445274299741026,6.061915975150875
0.049262030690276674,0.30126986295756114,0.413090084250045,0.6357199612713046,1.2469787230530958,0.70029664409257,0.6703241163495591,0.8211198783358244,1.5466056043318872,0.7506023182092602,1.268974861706383,1.700638746852578,1.3581828771786062,1.5798478524626958,1.8642213935859175,1.5283030835874174,0.4093996727591805,0.16609551043555065,-1.4797255096951978,-0.20116053279404997,1.8835318165359756,2.250491456248843,1.8120594096729983,2.5701492317673487,2.9690491973789848,2.01155782571263,2.2571940037101377,1.9001038299407162,2.8134831493406347,4.718734634067788,5.439309128111096,6.7206466461211,6.1956091850570045,7.217522342264302
-0.5674080144913201,-1.060381134248221,-0.5602823261437878,-0.4513313246819533,1.3064579046159732,-0.22468098132148623,0.32406565456422204,0.6078781398953998,-1.253813485097136,-1.2720318474579364,-0.34769445478423167,-0.44272561774401953,-0.4108597014024354,0.2323140121399041,-0.0007296732466944676,-0.878895094483416,-0.030614923733971858,2.71449617622285,1.8796461218408513,0.34714173301973783,0.7991916425218324,2.7375217410127144,2.272265607332159,1.3696652351477527,0.7449714447158479,1.647913257374109,2.0839260440286402,2.4955157385007363,3.6631762831826045,4.324217966869966,6.121068510300935,8.610367784749744,8.49417604032164,7.773268492992867
-1.568947265861339,-2.7433676298527034,-2.675828423345603,-1.622485212402845,-1.779411827272536,0.01388930844260195,-0.9349641871702747,-2.995916179050612,-4.2004671582212465,-2.7283845391921955,-1.4659247811226601,-0.9887964011886112,-2.3814446019480333,-1.8950270143337402,-0.5398798986465195,0.2403897925470491,1.56477101292273,-0.5791764450154797,0.9162389913907519,1.7717805799417856,1.8332889254619218,1.8583246131904105,0.30797132106116515,2.6707161873828853,2.1314997835087066,1.5944361136533516,1.6766474114718433,2.896092274903713,4.748934637715845,5.024265126525136,6.94861743276275,8.619140032013005,9.656822682459168,8.878519309196724
-5.244535573682616,-3.547284270018126,-2.506716997966355,-2.2124474157983087,-1.3491401567679808,-1.6633056973537732,-2.116121054352101,-3.1649890707842747,-4.534273879785455,-4.228056664148065,-3.0675440361716992,-1.3745572880233707,-2.087480137214916,-3.2285632305933087,-0.831134248890705,1.543534409865331,-2.275310007776052,-0.6590161373730353,2.506403115351875,-0.517546815307583,0.9375824339892971,3.5780149555761187,1.6041345758753982,1.4319252532015716,2.6247464152511473,2.335807925452725,3.9965704194220395,2.591842460195655,3.486296072434918,6.444875920214968,7.74071804852983,7.334038866485127,7.800995240718251,9.004455715797565
0.7420373367499928,-3.365818355172172,-3.583784326129494,-3.5608255043177137,-3.1126201030945557,-2.641728822592246,-1.9777849604568203,-1.2950721674460823,2.6344777291846504,-2.6416467329518483,-2.3805811963623955,-1.0748393731213564,-1.0780039327839737,2.0031106228123203,-2.6353833946205496,-2.3510172913054714,-0.18509707431483186,2.129245695355931,2.265319800805472,1.574422386928059,1.2936090169666987,1.2234050990964183,1.0126301190575915,1.2434491873921523,0.7225320061802918,3.4133239372845865,7.195131700359715,4.235330889713061,5.2153589746390585,7.596157050159382,6.91874393131425,8.124664989009922,8.256629167966798,7.405452894323621
-3.4487788014940444,-4.809682584530571,-5.869973989881601,-6.1865876334334144,-4.117635093255021,-2.335026017905311,-2.0033520573996944,-0.4559580686739836,1.4368252003666186,3.386189288430654,1.3671446099219555,-1.5957329376600633,2.487114669042198,3.423255372778329,1.0908120362645137,3.352355335459079,-0.28376479325442255,3.4984256120845267,1.92647566049073,2.0243234736534057,1.6136337173910753,1.4155281654818728,0.6387161346211713,0.8881451983658407,2.9323167355421282,4.282765883966745,5.895639891307271,9.133098820297043,4.295750098856899,4.883831776991592,8.770335437123094,6.775285389568559,6.668650610260166,6.418278884378553
-4.591580165966751,-5.2235047008524775,-3.475771742606305,-1.2895903965502324,1.7812151828174831,1.6951025149262315,0.2682716440467083,0.3457365643743249,5.230869826607758,7.937050060614162,1.9980616663871622,-1.9247515569012954,2.7911816701248666,3.3723126764853584,3.293791385750764,0.049840875470206346,1.995364798479419,3.196439587177553,1.5897092885770288,2.4670150461989615,2.3852125653875573,0.7788040473131115,0.7063443861587433,2.8769485821835414,7.066119039392854,6.68882111984922,7.805341434844828,6.808958833023923,7.849131584136796,7.658774513124427,6.022735654075789,5.444514793531757,5.208318307320882,4.2421978515435095
-5.304439233323164,-4.256501346911549,1.856755797788936,2.307788817931498,2.042998500004613,2.9862673303193903,3.702765349652884,3.850431138894346,2.0333636331316893,2.5231101204426634,-0.1450456794223924,0.7983016390269182,2.9166947584808263,2.6092056347148893,0.8958091833377592,3.0023328896981156,3.1753581705520473,2.8974102073952817,4.384287386768214,4.471033861885413,5.970023918642143,6.13722511890321,7.403514012368552,7.152627485957172,6.461444775882527,7.2455852069191256,8.14405685020826,6.743298431977107,6.8113820722187395,5.277898800683692,4.164758823437825,4.823610889862318,3.1614212672131097,3.549375706885052
-0.3292564678450469,1.7216806311825643,1.3557777818856998,1.2177799960645637,0.8416692200866285,0.08652430514190329,0.22993434271533877,-0.35948479960982177,0.9986170111045191,0.27186197818833874,2.2675144524858277,-0.6500919118470242,1.4868790076271174,1.631637709633803,1.1905415946442952,2.3321089429695028,2.315323111368537,0.9107382442796671,3.377593808791284,4.3590069721285385,6.668487185325627,4.830430700519158,9.078128257330494,5.400485665779056,5.787124813014331,4.636154953755023,4.596288924719736,6.2826641247604424,4.854644957546558,3.852953885333215,2.921194606672299,3.3978698888757646,2.3266469556855385,2.19569072620948
-1.4675176959231235,-0.6523005709466337,-0.467022436332602,-1.0458182355409171,-1.1051566181619503,-0.6752354118829416,-0.5716608005672142,-0.7104797402847587,-0.5307861094907478,-0.24205496557640596,1.4126057018266973,1.2476246408945484,0.8580950873041211,0.9485848805828585,1.1902343231867407,1.9243195562269668,2.4185491461138837,2.2300801908002073,2.6524396503023526,4.6380269143915145,6.622881349856539,8.008202221378506,4.832505276303823,8.05731560566485,5.027013580988099,4.290180076034437,4.832915570744929,5.3387856275720535,3.122955688437611,2.377346754574665,2.3422554545143526,1.7587040801952123,1.3570828906995487,0.8798698017303395
-4.611260955678613,-4.15414374528252,-3.918404582016844,-3.4586384862655595,-3.5420318935867554,-1.5698889543574783,-1.0109385454617654,-0.8305969717109383,0.003755917807732503,-0.26273394939450795,0.1111820803985806,-0.1438699175579593,1.630470409480815,1.496425216055826,1.5081614148975988,3.156971499390868,1.3323708690558538,2.1806597782115413,3.735716898041868,3.3208090367100853,4.373951010822253,7.368571077768414,6.313617643471902,4.8674960313503375,5.087205144305055,2.95072067804057,2.644710092888787,2.888074286508526,1.7386774635959237,2.396409644055889,1.2023401411425176,0.5877857882079174,0.08107334937860212,-0.6665139164601889
-7.076020713280115,-6.203055335438819,-5.612324771662944,-3.4725309083588365,-2.8186355835304377,0.007978391013059583,-0.8821287182676779,-0.525562110455969,0.14057585182562582,0.03588206719573507,-0.6644691574247473,1.4913166363820565,1.6238317574300234,-0.5607505816991281,3.980987175091418,3.888361046152058,1.489064775888508,1.3334559411594058,2.710343359886817,4.494591542053251,1.5838541407945474,4.787639164612306,5.758206383054983,5.021449407629723,2.599847154523585,3.7350846801915907,1.7714380476383493,1.1830071789495678,2.3806161297403463,0.228418315642793,0.13719160375706257,-0.4492920984249334,-0.9379259317137806,-1.590143312213089
-9.903841329433474,-9.450878836404442,-8.56564494210112,-6.516633326080306,-4.867509308604128,-3.6341025921593024,-3.1156080348174466,-1.389276107760051,0.44690344402003934,0.99063748888621,0.8510421296663451,-0.5418593736415911,1.2341859090089982,1.8509724201840831,0.6543423815190315,3.79679785925571,0.8187923737073663,0.8919786300488658,2.8362372747097875,1.4673371422168282,1.9562206385955723,1.6027967420712863,2.255470465006914,2.484472264627952,1.4583809554169669,1.6878440342335959,1.0787595827139158,0.6127028194708753,1.6362669136919517,0.20118548402646114,-0.7251959815132526,-1.3002027879794809,-1.953000817374177,-2.586054510430642
-14.58672918330395,-13.367083387985042,-11.620362101991901,-8.99441839468034,-8.424367252934063,-6.670412828534737,-2.34883784433502,0.04272193975104487,-0.3899516340350535,1.1613950520278515,3.0847412802167407,3.8092317875872563,1.819436905903213,1.6857859878951764,0.9158958066713694,2.6823382707857166,0.3656005835541685,0.5696283403615718,1.3444541220899862,1.2325396191308176,0.5915730639107564,-0.2206940794844067,-0.5888294528992084,0.18279764786744002,1.0239434993872578,0.6405371850791313,0.39932457126710774,0.5462805688728367,-0.16180252365043452,-0.5618881337831043,-1.6613178372961017,-2.393188160956137,-2.8581016863666124,-3.365528057716232
-8.663412916092263,-16.934011921265068,-13.367037138445347,-9.495624277389425,-7.697036806325552,-3.105132209957919,-0.11678019280444905,0.6500230992695109,0.06657629312232334,0.9474051760739909,3.6286671304687226,3.707794282866295,0.8066107789185946,0.8594286333840591,0.5138349207847454,-1.2811790395094673,0.9679598038979738,0.698969517274014,0.5108028848122554,-0.5510643653841004,-0.5138110081168037,-0.4243520199564222,-0.29182567446945484,-0.9119464713610851,-0.7078224532866567,0.12265873001026063,-1.0533716827086885,-1.5921744539919613,-1.415814185520082,-1.7868886300721591,-2.7024288084244343,-3.4079032972087484,-3.732865816616468,-4.316063399876722
-3.2285719250649976,-2.687336668594816,-11.462755633953455,-10.232929220780052,-7.770242935213992,-5.74860636236317,-1.913011094957066,-1.8966679463428104,2.866068224110501,4.380517908947027,1.779580961876643,1.8897512317199696,1.9742731078757634,2.392408725340114,1.7686779095588072,0.787031697316466,0.03209894397425012,-0.6113622923826029,-0.8128190762970506,-1.266149978569312,-1.108085536363427,-1.8222173885092283,-1.5338356580141719,-1.5710046542960765,-1.5288454864506396,-1.6823427966597302,-2.231094498467781,-2.475404517227906,-2.643926858032619,-2.6320461391240966,-3.95551684002364,-4.396398394328991,-4.841986066024453,-5.151222420077902
0.22518854154322837,-0.8505646903643109,0.44958562683897235,-10.12569461984921,-6.276506348366402,-6.812532309369511,1.6928299977281507,-2.274188097043039,-1.6222451053563973,4.637096239055026,4.400115231752489,2.306425326421684,2.828589260280354,2.065809040957187,-0.5805676722691402,0.1063166818755749,-0.6125193804443146,-1.3126762635501052,-0.7206316598637357,-2.1068872500987443,-2.59512710710622,-3.584571211242216,-3.7228017828297353,-3.2676355213805226,-2.9161772906838457,-2.371298010285522,-4.131061271096545,-2.9857162952587295,-2.7693680553284192,-4.434068185796058,-5.013933068147893,-5.729742629867204,-5.888454760632163,-6.121867532551864
3.5774447817075656,5.419575969721788,1.5200369058830288,-2.3801993896443703,-8.131858005881515,-5.1538530438907415,-0.5047140114764652,2.4091703056923968,4.128161822132755,3.4239815579530326,3.450163444528603,3.0747097854449423,0.8179877768721486,2.6925942362030812,-0.04437448847121915,-0.7391333262082076,-1.5237593751011251,-1.8391409674336268,-1.534225315293241,-3.2032654741739255,-3.37632257772715,-4.197894172741177,-5.207920088522058,-3.130320551226433,-3.0416523948284833,-4.1175261848225295,-3.0499403095352093,-3.517941415029405,-3.838930243386775,-4.662744003503657,-5.350612272686661,-5.49476086017748,-5.997094053306461,-8.331701054396682
8.389577737797643,7.90186965312794,0.551094688299852,0.46598786329374087,-6.9278628038236345,-6.089135936451197,-2.208283088442724,0.4328421291497075,5.538370706270482,3.0499495080122805,4.049500851513863,3.2878390549025784,2.083841425495791,-0.09345935242510807,-1.496719077211762,-2.3890545634934512,-2.7595074436428053,-2.7377545453526637,-2.7847686464013957,-4.217350849160312,-3.6782736299164793,-3.984572467125195,-4.949540423820431,-5.116191860662742,-4.499198788513853,-4.620960635790031,-4.480677371972264,-3.069374909983709,-4.651422441237489,-4.455565173054862,-5.7423468303617655,-5.505083676101867,-5.859720119754265,-6.40194809548287
7.9443945644069025,8.601445196062263,8.730731758196672,-0.43629847261160676,-5.981488926581106,-3.201309480262496,-3.2576621978511713,-0.11356219839041083,4.055568551941787,0.8490121891576281,1.4791596617611438,1.8075951709212614,-0.24695836620037212,-0.7612515731122207,-1.320504784800799,-3.229474555864804,-3.517737125105474,-3.7754315747193576,-3.870805156091558,-3.1520175368184145,-3.8123075391667824,-4.446010122563641,-5.539561048615459,-5.019299372254598,-5.494242883082429,-6.1700836382403335,-6.655662618597494,-4.473016169005649,-5.416770635192903,-5.571920126098689,-5.007860167042134,-5.850170743058657,-5.697783535288898,-7.208031292399493
10.128765011204573,8.358542497796035,6.3092792691751285,2.712406946694629,-4.644751582733083,-3.582624374823329,-2.2228080580144494,1.6582138149568084,5.922433697150031,5.0350804750720375,0.6862492961555934,0.8241767288005664,0.5495731565726404,-2.173700277186187,-2.3084023868753514,-2.7691170496232305,-3.6833978994591177,-5.215003365698589,-3.3465316138092818,-2.5212381015414214,-3.582673012582217,-4.261931217425933,-7.297001073587344,-7.8991770095147595,-5.914369893006049,-5.331273848981081,-6.040674637160525,-4.109181144977982,-5.923298539753176,-5.142424959934593,-5.982862217871251,-5.244423441537611,-7.426971770108856,-8.615406380063256
9.444979247661292,8.381871785890304,8.215601468059067,8.222148777040921,-1.937748806707011,-1.9629823682379135,-0.8426808298259498,3.3741460782029793,6.144416489988449,2.0260165814477675,0.48224283567298065,0.15320549935593092,-1.6845430482677297,-0.26525969415621103,-4.25042975669675,-2.690618993476108,-3.642422701619858,-4.706829826025002,-5.062372237323662,-4.343678103330979,-4.259494895516073,-4.814866644373862,-5.784220127394576,-6.373969857312726,-5.083473824526038,-8.526471985674325,-6.177903320588074,-5.439522875097632,-4.4339992692098456,-4.410090846008238,-3.8994786681842886,-5.785897713697816,-8.838430424398062,-10.584792096352661
