script/wind150m.json
{"header": {"parameterCategory": 2, "parameterNumber": 2, "lo1": 3.000054539987559, "la1": 64.9999836372058, "dx": 0.5, "dy": 0.25, "nx": 34, "ny": 52, "refTime": "2025-12-21T20:00:00.000Z"}, "data":
[rows 0 to 23 of 52, columns 0 to 33 of 34]
-4.048152451974173,-3.5269350959453925,-3.121214923153764,-3.3225317831122565,-3.4058606476845577,-3.0413149246862043,-2.734322485516305,-2.3602999034679293,-1.8501957090101935,-0.9953489714585217,-0.47361209644916225,-0.17864524758803849,-0.26865127904479924,0.48868008097431687,0.8974907407161253,1.2636081348496582,2.495852370207302,4.219988242496943,4.386776395415621,3.5398668884348328,4.57454020700629,1.5339952178034708,4.291633465702416,2.464612389087501,5.284698144699944,5.800531198610711,4.151084515755429,5.294304554964814,6.864165742106654,7.101541130769437,6.24696070010093,5.398267232764968,4.398609836137176,6.03531644362999
-4.7278363962266585,-4.6264361546624695,-3.886414330170971,-3.8951920944184057,-4.1094338022625445,-4.473974066560053,-3.7697367674702145,-3.256764963226447,-2.5721259870965296,-2.4573909215293894,-1.7559382578886202,-0.9252975396880824,0.06832983491173093,0.07058403640838529,0.09961110853970964,0.3533615819290037,2.1895026089124627,2.6153059728277173,2.922947476945087,4.656911626310243,2.0389060468834943,4.004774064154566,5.238879320486748,6.190858619244217,5.143905495020333,5.839354825297319,5.625262038405511,5.84546198334912,6.748796523359918,7.417648183717355,7.7570511131125155,7.370007406828311,6.07146050279183,4.3365031818436925
-5.727572361392006,-5.195262128778565,-4.712154117348379,-4.805309363982096,-4.894919333463011,-4.8869398897898035,-5.278570583509772,-4.898152039544978,-4.380150427282209,-3.4999106035998127,-2.9838640571580073,-2.41639005008024,-1.7961702486359976,-0.6560295785455978,0.185153176982315,1.5671767421448555,1.3332284132141772,1.8946973170067782,1.6050156708070058,1.4128291738022736,5.101848042683081,6.881221689402994,5.718021600060532,6.517964706917898,7.058135685376056,7.5574307267085326,5.481471427704585,6.943984845363437,6.5053071891000265,5.892042615891903,5.274995308638468,6.006470498038847,6.90523289299491,5.531506157243855
-4.793237234306636,-5.774221420892841,-5.494692501119843,-5.3477245950553,-4.76729786641517,-4.251886611394154,-4.700549920601402,-4.965760291766495,-5.25335706089869,-4.529857249388689,-4.175275620232547,-3.7499358831009406,-3.0267176019596254,-2.400997499418137,-0.7189530081869377,0.16685123435324614,0.6930827846407348,0.9476467488891736,3.832649915184583,1.8152914519528658,3.8515583689407658,7.658763443292305,4.542330530373722,5.228606668012839,8.230838119877003,6.9909626963179035,9.525818717076952,6.330399451625647,3.6456937746225813,4.652447032473582,5.957855572062282,5.159353917395565,5.390324975197865,5.316859889002702
-5.1300823642645375,-5.318561954720141,-5.434774801088842,-5.495486460143198,-5.531542808021212,-5.054213606250121,-4.891159761887015,-5.541795559946941,-5.648203476988139,-5.024172933785983,-4.727200701808116,-2.6452070592264505,-2.3160860451305516,-0.7341516045652371,-3.2467680757753783,-1.5349328478142321,0.2745874904903266,1.7028065095339062,1.4154014699815929,4.0272497119745045,2.3286641505402947,6.577022356076485,5.987231884001715,5.693419604702746,7.5553307128067475,5.595382975365904,6.414126310079275,5.278471287565902,6.709140156748425,6.1280865209680275,5.765216869100052,6.119441357391557,5.978075320339565,5.208847348288317
-5.38368663190938,-4.640375723436733,-6.241955020111622,-5.314639354067978,-5.810626048945087,-4.746252908727974,-5.162697025899414,-4.6287211242426975,-5.368252662425332,-5.980363837097872,-4.552667291945823,-4.467519515026831,-4.181947294328895,-3.248359687954339,-1.8206238723085273,-1.5031281169915651,1.5520675509457948,1.142665474789096,1.5040884585831635,2.299441710068287,2.77748689370428,4.333870641591871,6.570752349227888,6.679504213347942,6.712237535526037,3.553987311967793,5.70199210371768,5.512037834284985,7.074584954432925,5.839523304236242,6.113155897777441,5.128385916054825,5.504781043769989,6.145678249425184
-2.3691932666674393,-2.8095095714115077,-3.8440636360621188,-5.091699015213249,-5.348348923681263,-5.422466039089221,-6.374177515428534,-6.8998605679385685,-6.893396288416412,-6.926232803068403,-7.416103817069938,-7.507860987338603,-6.424537286977872,-4.727424561765963,-0.6990185717150789,0.1774061233443245,-0.24713106509272353,-0.29753091071383325,1.0516720658424306,2.3209960401603253,5.872853361579361,6.507916521344787,6.282863737283775,5.222679481480363,6.961797236605158,6.039410426109622,6.634733914467143,6.936544608095766,5.873038082779666,7.699942498537074,6.809465419747215,4.906346816567485,5.496140463180338,4.31304681543225
-3.9159392387183556,-4.740319700009608,-4.501859140523971,-5.139984586773991,-5.708570905946877,-6.967843175769591,-6.993480027993979,-7.871740791366498,-8.367892983544248,-8.706045681310703,-5.754825412685954,-1.2793524331812034,-2.3215482354262527,-5.488143122643356,-2.4203575259277237,-2.7420147029319395,-0.037206969215020605,-1.9358594378349823,-0.20001126315204223,2.37627061101938,4.406491402978373,6.548541505871878,8.86281946514769,9.11089056846744,8.88120398919874,8.343628973760003,7.352918963212805,6.127472804575419,7.320257309270006,6.344702532246474,5.554686467957882,5.1824895116887815,5.973685573890902,4.74279861454646
-5.270816791749045,-6.455602730282683,-5.582926619233853,-6.510259422486657,-6.730064176740679,-7.214029662872571,-7.232824864917134,-7.2831802457397306,-6.827922551730533,-2.5738532462345733,-1.0591613898131225,-8.874685561429178,-7.668683716654907,-4.912486256295479,-4.069731336409559,-3.8916078143808512,-2.3403032905700036,-1.8893088209585913,-1.8013460242479566,0.18336110941562708,3.0435327903079163,3.2136960874871754,5.526138002030761,7.136054591316843,7.764323515762261,7.021692340161297,8.641206067162397,6.233712304813019,6.163347055508085,7.4617256072643965,6.051085359137941,5.229324194946089,5.898643648576183,4.853556585279438
-5.993289749055185,-6.680800662877087,-6.897857742389996,-7.203434654714447,-7.755001909918318,-7.354400398998286,-6.7895063019269575,-3.025885129889379,-4.060705237113747,-4.886397687967434,-1.643426420910256,0.24672471325579529,-1.7535885273747083,-0.07912289738212458,-0.9507243323252534,-1.4913184285779308,-0.37260845590250197,-1.0684228056590757,0.17480476702545536,0.36006374903331734,1.1030865276851278,2.29981641662481,3.820578817214172,4.201577346337743,6.455912815173688,5.699579963830268,6.672561004093777,6.489551522209596,5.091156404185336,5.983117759624943,7.138131219843125,7.039554025886062,5.385188101388764,5.255897920954134
-6.019375648277914,-6.4875800234776335,-6.330861755439331,-4.877762389267201,-4.562853736765566,-0.8103885512197726,-0.5589617087639246,-1.6320891669583382,1.87548683517847,0.3394283528431771,-0.5518470191654905,-2.266509669282242,0.2560802552037001,0.3359618117942529,-0.33291757288735957,-0.44856553130907656,-0.10099786729432163,0.9492178679119708,-0.4894718829136556,1.4616453348029235,0.9258712937782938,2.268510827122916,1.4972459181252238,3.227981800870141,4.061157072844578,6.338910797110969,6.61670354499632,4.439896309563206,6.483717814103683,5.372009511533558,5.265459951512398,6.7368771727615835,5.6875194595675,4.819151317406034
-4.2739318945494835,-2.8524954818246266,-1.4227946951242787,0.1004384258905484,1.9964562260752283,0.7226296031687612,0.026346491531207904,-0.6528022562044408,0.3009915452566782,-0.0742079814648363,-1.3792997051192784,-1.7372921916137631,-0.7555003445212338,0.32767011584651584,-0.0638296907691108,2.0122013911481376,0.13912697152960832,-1.8656478417628812,-0.03216070043695389,1.853484418898421,-0.10131154346199342,-1.174042744156007,2.385941976654816,1.603860466353082,4.619924260204593,3.759442147927096,5.059273964566797,5.4375382172997195,6.896925577424055,6.235755175924953,5.823671564020216,4.959162567476225,4.84145791835372,3.3243928978729262
-1.463381641676004,-1.092714605393495,-0.6864150908811278,0.1150437448165584,-0.5723003133253535,-0.21004273343115223,-0.20665184626361963,-0.7201837575617496,0.0022241546807391537,-3.116650764854845,-2.8213594416785406,-1.3327827160364412,0.14114700389018783,0.6518620989121704,-0.11086819302770175,-0.4452159930959113,0.1648714053934833,0.6629709027299092,-0.5021467242137478,-0.66681044113005,0.4276087601258938,1.1946875356205455,1.1195516982241631,3.25000441734017,2.9933210271396185,4.037196587199746,4.339902113852025,3.1820395795377534,4.731016883367602,4.7684948899485535,5.850592945026982,5.30108414319259,4.075281999735189,2.9476893092417367
-1.2325407750901565,-0.9936112882967185,-0.3956536392384323,-0.4650575982855891,-0.5942188945182162,-0.9782668323369195,0.53977119303889,0.360068887746082,-0.3635716701117044,-0.5334215393242306,-0.19528882913024184,-0.47495009755360784,-0.4704734522412185,-0.49115971318727913,0.7344561834371026,1.23662566864285,0.03385025547035173,-1.0747172983453201,-1.1167373884997236,0.44154949889414774,3.901300693419933,-2.6860279065819896,-0.01497527478367389,1.0415843680004422,3.519199849654837,4.332174744006573,6.070990594691006,5.344082230668219,7.084688471064486,5.0109844313796605,4.759913683357745,3.9395895734054567,3.7261631376958446,2.9009829161601295
-2.816256965486462,-1.7117449764511297,-1.1512683421697616,-1.866363361768254,-1.1936971908375726,-1.477039798186766,-0.22956762548746742,-3.174902893735155,-1.0671717334797175,-1.0617072479430676,-1.4587336722949522,-0.4984624243113617,0.4661485499537293,0.05356699929196315,0.5285101646226111,1.0937469073953603,0.5466953254150856,-0.18227530883558712,-0.5468749459002796,-0.11605919442633633,2.3357451511686156,3.1818717061773127,-1.9076596111216206,1.0102344461197592,2.544388476618214,2.5170293113257602,1.536382724481267,4.14376539552127,5.08583101989718,5.437834208609649,4.077026423673615,2.7401788756507317,3.2698810760337316,2.9451635752633636
-3.1785338540599986,-2.162136134175989,-1.0348733986584528,-1.6535956001465462,-0.5064245648221121,-3.6672523141962836,-1.6033374304767167,0.39041957654481774,-0.7387610156736956,-2.5613444935374967,-3.7568691794153057,-0.5849691751587828,0.23321737565838774,0.8421359866227219,1.5588345683339888,0.47379129088169075,1.063046897038285,0.5947765218271306,-0.684777110991333,-1.431220508640021,-0.9120588352146797,2.143594622831263,2.0874052120576705,0.7180883189463182,0.5682350845274572,1.9145694112747003,2.924476002055912,4.949408635648203,6.855790253692173,5.320985042377075,3.069442279828674,2.2494219510785367,2.7562895918064947,2.896552679131824
-2.7791608470335154,-2.5656791584006307,-1.7429094441246984,-1.834335634960018,-1.191279664827223,0.5809359862885582,-2.524906457002958,-3.3794341727088852,-0.41020192790676324,-0.8209078694539117,-1.5026185301248505,1.2307295575905133,0.9370550462212973,0.9171081039436605,0.7980377592945258,0.8999003733880766,0.8673268095501065,0.3217797748728997,-1.052372039805116,-0.18957193881970943,-1.2288632974042206,0.8459925369541335,-0.40057194610580943,3.6804376745003387,-0.23561181490336963,0.9679747471255048,2.0346869727709356,3.3501987708657555,5.3683553021111505,4.607927454730163,3.8374586713964423,1.5882894994886976,2.79793080465216,2.1809605997552715
-2.9359162911424126,-2.5092668303114247,-2.290664053437121,-3.2126799812056244,-1.9076571282850023,-1.72339044441409,-4.440852040511514,-0.7509674037080809,-1.3874864514925722,-2.0370236357507006,-0.4947757173709745,1.5405953524402634,1.2446176549924897,0.7046331827029921,0.04257551289859236,0.33658347168957414,1.3058275004087814,1.133775976250727,-1.6570668533854744,-1.5635814216855382,-3.168643262416138,0.004736760232193126,1.1369516439585676,-1.5551742644955389,2.9690984766889414,1.5886310211258363,1.5243428782540558,4.196917843656783,4.405872501148666,4.613277179046406,3.4911393283909318,1.3714685133908304,2.232369710891786,2.4803552925593593
-2.252192159995447,-1.4864248606509476,-2.2708029689552522,-1.7660597234413662,-1.6601099171653937,0.09952007695888393,0.7424661433290853,-2.48470324596466,-7.221473051401701,-1.3256761420529672,1.0714625349336482,0.16397841957044118,0.12399293741629279,-0.0036358882911793544,1.4574076894975485,-2.5055732269540902,-0.9539433633233538,-1.339015234003441,1.2793801363638635,-0.6769049623064618,-0.9624548133198406,-5.017077395409378,-0.3312382246663772,0.4502804883698638,0.6074392645195393,2.6036537788992278,1.6408979394944205,3.7819636827416905,4.399405594973243,4.659924235039765,3.4125915034257486,1.6526782821825479,1.8664327426099947,1.9677161296410208
-3.8810165226846927,-3.63808835534037,-3.2115838629664597,-2.8645897937224727,-3.0709240779151847,-2.516352916733523,-1.0561890667954963,-0.7069125135406077,-1.928657818075596,-2.3927384193663666,-1.8753512431397996,-0.7266643667864875,1.5018572019865484,-0.1951383360787791,1.0397498925696673,-0.8072182863204778,-1.330923012981562,-2.504925478124773,-0.6517463942235543,-1.42702904595756,-1.1115161545561199,-1.1657430994089995,-5.103629345985297,-0.2366717552888489,1.543578195436356,0.3550677643178932,2.993668897618148,2.638434844893626,3.94409329025812,4.5881043927297505,3.8277092178801073,1.8843140506748808,2.1118127073844435,0.7971836016938669
-4.308589665417751,-3.9682421159516057,-3.5845413548076595,-3.3880104942321174,-2.656954601716794,-0.4631768033536065,-0.9734646399525387,-0.21210090910839619,-3.669750641251505,-1.5857886806280173,-1.7369818437978934,-1.7873537459322606,-1.8506886517922734,0.3212994503678278,-0.4848293456391214,-2.6677790008811213,-3.2523563132097846,-3.049880566295688,-3.9685882507044146,-5.1094783097958,-2.541026236011497,0.02501522352626121,-4.327897820080789,-2.5958024637409176,-1.7165600452376648,-0.04132919412700238,1.9297274084786238,2.8736365783379765,2.7165617921753764,4.089300738934653,5.0048374062037935,2.856729616376395,2.3440894783996815,1.1576741781255167
-4.676185257590289,-4.088213594175716,-3.2495014061558742,-3.1475509603590974,-4.2522537394036695,-2.3121791750330507,-2.9327085766390817,-9.641759035250011,-6.032731393939115,0.6553702555818116,-1.7274934439698506,-2.8682432130999738,0.5838317948759219,-0.40614292741408164,2.7933252269519646,-0.5794312249372678,-4.784135889867128,-4.24134149523323,-4.790072667255014,-5.178235746834,-4.272795316620966,-1.8538431599995282,-3.7721737261259944,-1.3828734175372925,-1.850326271713767,-2.212472935988817,0.47839553508003796,0.7512572227413387,1.9956257812222538,2.4760757963057767,3.874057327140523,4.705356610694014,2.561694558202516,1.5285375173059568
-5.430886654315152,-4.478757573616029,-3.4898815260911196,-3.0309792055395,-1.8624975480625334,-6.053684695896215,-8.475048451031254,-3.646976366901976,-7.789182920829324,-7.767331998799248,0.11250067378705347,-2.5993703255964116,-3.0116687977410157,-4.247484700680211,-3.518014030658451,-2.246171954453281,-6.293468671244189,-6.470188518667705,-5.837908065229332,-4.2483496851322835,-5.083147521169804,-2.6570766542959197,-4.380405153265618,-5.67765452539887,-0.8179019935922945,-0.5825155657540599,-0.4489448514732178,0.6536584761265705,0.9315500200552899,1.5981481472245176,3.7483601409567493,4.1872241920486655,4.079950394529094,2.0737070131352713
-6.250305459409822,-5.517249644813057,-4.591210772463691,-4.005521145855415,-2.3997464464062563,-5.092898969101693,-5.1462787780693695,-11.935470558989785,-10.815521376011352,-5.822336968443316,-1.4334436772692492,-0.41086242568697195,-1.2527290986421245,-4.6711781059736746,-5.677115630206402,-1.7003552778842892,-5.326928390763862,-7.827092427140555,-5.310646265270446,-6.906239978453191,-4.734066984072686,-4.487239766708393,-2.8710197600557423,-3.9997498649677308,-1.3192228176953116,-0.670004464806145,-0.10971614305094295,-0.9846332677528783,-0.7766693340241214,1.1082428230165207,2.696489197584827,4.604920542749585,3.1457127102301685,4.520377107452986
