script/wind10m.json
{"header": {"parameterCategory": 2, "parameterNumber": 3, "lo1": 6.000198445256149, "la1": 58.999992894266676, "dx": 0.5, "dy": 0.25, "nx": 22, "ny": 24, "refTime": "2024-02-15T22:00:00.000Z"}, "data":
[rows 0 to 23 of 24, columns 0 to 21 of 22]
3.921196072103347,12.947709499455955,2.5276475011119137,-1.1403680451634106,-1.5548671865741444,-1.606555019317922,-2.0870393581813804,-1.6600317051806737,-3.5306065779563234,-1.4065937738191787,-0.06290237261558188,1.0186577966310846,0.9528475014223975,0.628771292459974,1.320680250271939,1.806479370870128,1.5341591238402938,1.511493487540173,1.8433394373665721,1.4736337897824947,0.7306854740284199,0.37501372343767675
5.873475867659622,-0.5714836680587344,0.6114551825753792,-1.6338044368416966,-2.0649275269812573,-1.4485074151304616,-1.674973263160508,-3.5383742007012198,-0.46480013984928364,0.9638099500615382,2.0302897754731,0.6376044266969234,0.4941435530960576,-1.3739184876040844,1.7293356865640315,2.9117267577365102,3.10444405435107,2.646423480598161,1.7863648823185396,0.8074208907431756,1.132591632139112,0.2226236757673834
1.443337225378589,1.0152015130280754,-0.6913502303653536,-1.5374534192777318,-2.4093616884952134,-2.1791088182838396,-5.949668067753958,2.182602191839596,5.624818287445777,4.869247655277473,3.5447079155478467,0.8209981314997095,0.10578447314529912,-0.09626017485325948,2.4160664120482775,3.0187137437245184,2.377647840147526,1.1645974529872365,1.6592583935194338,0.04809976357499195,0.4698492990027839,0.35430338948034107
4.1660955303999225,-2.2701689524573605,0.16095407298991138,-1.6195176646826641,-2.4297637935080134,-6.377538515140349,-1.096096442702446,4.6163724278394245,8.034668025991632,9.46680903359508,6.576825246404375,1.6676942898105203,1.93654770603358,1.742617687291204,3.1023780092412325,4.338481331081833,1.490737444109219,2.0242426051799343,2.5579323772602662,1.8518159730744317,1.3893335744077313,0.6234869138788476
4.830091014431087,1.7974709690371695,-1.9090927140061962,-3.4126448158558387,-5.939754943641698,-1.7501844906731605,5.71256502294387,5.513467584344918,7.174353753818352,9.611473123121426,9.960997282900342,5.395286077057307,2.6230620986877673,2.3562979407404425,3.6597694147526125,3.64981642524413,2.0322011572981746,3.0996597254993183,2.2049972648532328,1.2667742056239835,1.134880994855386,0.44138978774763266
2.6511094620181788,0.17183322581925536,-2.12032919257349,-2.640748249989572,0.606933014167492,3.1109492759270787,5.091177798893734,6.391172179494531,5.464662551719939,7.249594360515504,10.040966721381102,7.569947129232541,3.125352380520955,2.7192056457346254,3.310395522623683,3.1126507021974192,2.7251901839954256,2.8420385935078545,2.466473222366561,1.2230694211925415,0.5630290654609307,-0.2371453137762959
7.074107168645969,3.6250228009444645,4.47877999295364,6.296179049794964,8.128180776762811,5.553191671972739,6.291846707962471,6.731969000592585,4.703672753626331,6.574482536739567,8.889039992975395,9.12568928854271,1.7982294158655616,1.626543306959228,2.4696906032332455,2.4940457429338263,2.2892165605421857,1.7370919332066337,1.6968576346288575,0.8457712733293984,0.23374725953380723,-0.015096993770130511
9.75837889501935,10.116554620903662,9.345344568521936,9.098977617433718,10.332874812577195,7.367505113798611,6.77084545983399,4.938039945243868,3.3800405096046413,5.125798608217135,6.667613480394576,9.473722517454977,6.212321568086753,2.222145509658842,1.6885662686834992,1.6990564604998428,1.2330847802307943,1.7027779113883816,1.4136607753458759,0.7543324672328539,0.06558120352470408,-0.18703223447428338
9.727290920714736,10.05369788672609,9.517435971640007,9.382841208908022,10.14290391332517,4.406124511684738,6.098665102029847,5.901279837694547,4.158123015860662,7.68964496785158,8.924727524472736,8.57957200384924,7.926421375493177,1.9793736413749234,1.4196151085704998,2.1421650277935647,1.9435212418348677,0.8521380314218623,1.3766124466944318,0.5580581860022066,-0.252884702365235,-0.44667230120365764
10.680300904254874,10.196951191835925,10.476882960160955,10.794761886176582,9.947273223908061,6.1172558742510175,6.0140754283162465,5.0434698550683565,4.149696121194077,6.752312988132301,7.953857422596903,7.800101615231255,8.37782322122307,5.385416604424332,1.7161012182298279,1.705986761545933,1.4726471324946835,1.4592069507009593,0.7949195693567698,0.3809382019305757,-0.26689491356900114,0.64131687711261
9.954084086120504,10.101881678165533,9.99964150920845,9.944381956165229,10.36338123021646,5.8920996866867394,5.817870483167892,5.210205789723994,4.692034978320975,6.343362932135099,7.4881538273477934,8.509477501066259,7.090859026786494,7.887021914935065,2.2389766858092566,1.5480129400678477,1.5484981633019277,1.5551997907355626,0.9523061230147829,0.1574442945651516,-0.30526792712282247,1.0632440888144732
10.185888317628585,10.33038378415081,9.166163311966429,9.450688203895597,10.557696189896769,4.847572175037021,5.837826118871008,4.954313624670329,4.482963473108794,5.993567371978855,8.083941441732136,6.191055272689545,5.727507404813196,6.575206289272685,2.107608021986778,1.1536064341887105,1.0235642861568288,0.7967360324651124,0.029361946118578175,0.0737112485331675,-0.7594287014423784,2.9620157050053533
9.616825947222639,8.668568298051982,9.202422628107312,9.73165051362627,10.55582074567026,5.0151014121763735,4.133050615217349,4.194701339764337,4.892648762303667,5.824516762906342,7.510998886657934,5.167052196271568,3.2675556277626643,2.336950720495242,3.6575664897434033,1.950789086459379,0.3994991133090231,-0.5585951960246964,0.2681665783363879,0.1820909558962017,2.7338467636991233,3.759622558094221
9.55932037992019,9.722700795327489,10.107705500164416,10.14269103159921,9.562770176785296,5.4802365070070795,4.307837476007346,3.8684414334536252,3.9489776555941956,5.380506490537701,6.334047678010371,3.8708913659888196,2.920255842441462,3.2896665374771805,3.1060890989968124,1.4456755504144874,1.7004011475188052,5.35786511428376,4.421367467475131,4.810239985408078,4.823466854672335,5.115402316863451
9.349942935145037,9.967711450653887,10.163533317083575,9.692106242467107,8.512511150900105,4.74528210279107,4.60861271058522,4.359835601509728,5.2997359339604175,5.008445406612356,6.692677635342413,3.7398278928821473,3.3909955313523796,5.612936134092476,4.317221543145953,2.246179233185232,2.8804080307327813,6.377690717283478,4.664854382105461,5.628341613849729,5.050375170272762,5.2770876003416
10.4586405447131,10.354509450901244,10.081613516134581,9.672710340238796,9.10899681745986,6.758131349319986,4.117262797495597,3.9582769863105702,3.5090517174638305,4.712196280493453,5.579843253501176,3.4470066945985054,3.727576372133629,5.331448896778905,5.6048673230100245,5.948734626733643,5.919036791995733,5.539277627302458,5.037645771422088,6.6874995486478985,5.872358333001738,5.292581965042052
9.880574417818185,9.750145419704854,9.685630065490582,9.041155182860141,8.640161122589765,6.350261826493254,3.5001142728050336,4.098998907191984,3.390323113418159,4.101462632173433,6.206813060603129,4.1524683578455965,3.1034530127493793,5.220966775253902,5.874445014942792,5.071618308716655,5.703552930040038,6.454411005316387,3.992609415588541,6.302354192245628,6.405365689192182,5.0090485269899006
9.870354643919034,9.192056558330856,8.869998842644735,8.409398144040958,8.122753367619449,5.590119549950161,3.6808715526316567,4.287616905071326,3.151313612254321,4.39772376290151,4.325399559430809,4.042969094129102,3.093966790377327,4.598890235459522,4.906460427090669,5.260234135771332,6.052004041231575,6.452104564401723,5.834876167523386,6.36629113097498,6.2457132770307595,4.216730740831087
8.685760636441536,9.263051163371562,8.75896350876543,8.601486311321148,8.119896041054329,6.798654351761416,3.8959424494177166,3.48556852431999,4.291041269274841,4.270516791908123,2.954004401694615,4.57989375896573,4.540377294320253,4.491044307354368,4.2129669992526315,3.4064045669863248,5.5330524400409224,6.738284996259194,5.185598875863741,4.6301400244185364,4.635489444298083,3.468604048145556
8.448683830939132,8.428008614861794,8.099578841641831,7.086722594257803,7.965015447887699,5.123599164753711,3.988999119894106,3.3471967634350244,3.4562441974254736,3.373913893826671,2.8336386463522287,5.087990138152258,4.001217073214562,2.3857366589728337,2.8072067154123452,5.002467097564556,5.081297115227441,5.051150899545797,4.559627670633998,4.658720565461969,3.9725747025074347,2.8541261731219363
7.526226444181392,7.897549749252592,7.353996652419058,6.0284575367889195,6.547521264932281,5.000581437313194,3.612718696260495,3.5466882415539254,3.1379255999562585,3.3269879165830076,4.989600590438391,4.598262045163341,2.8983899989086668,3.0550416188856166,2.6689734788017434,3.4739773936653506,3.6383306262460064,5.367124619128671,2.6365301597164943,3.098281811151101,2.4704700024950066,2.8501222225705267
6.5272252224520235,6.572905440654304,6.865052410603554,4.600266040445766,4.659679702720948,4.491033224779057,3.772871108363447,3.132658598938492,3.0580582319592984,3.811034609955862,4.257252868416019,3.9292519946802904,4.2803854513286,3.6101126219256905,3.213031969276512,2.7607099470900924,3.0728449532780893,3.777954274127065,2.311374330553323,2.555245006132115,3.799478536782728,2.450687838158684
6.628323309111113,5.895745656140608,4.731448064074816,2.9942402759534157,3.3203058705598676,3.851986386874556,3.2306369335964433,3.7721118443633936,2.6578662611158577,2.8255676607793694,3.3532164350590183,3.0616984385943313,3.87629952288682,3.550891519947878,3.3453785114981747,3.6855749005397977,3.2805577007827313,2.797701506206962,3.1405507846955323,3.027300654371631,2.3499875988618286,1.7076618542105224
4.737891990646519,4.464557521242349,3.8100197650852614,3.4383428793931583,3.359017271958707,3.9182325892799437,3.8594515074112072,3.3783789898816967,3.3703038161901935,3.2997681607226697,2.070049980753366,2.579445394895205,2.887091503742648,2.347084682925347,2.213782978999779,2.3926444043628923,2.801046209471834,2.5895124161095047,3.2349688834889228,2.365976744284876,1.6711796450542098,3.033172840935377
