script/wind250m.json
{"header": {"parameterCategory": 2, "parameterNumber": 2, "lo1": 6.000198445256149, "la1": 58.999992894266676, "dx": 0.5, "dy": 0.25, "nx": 22, "ny": 24, "refTime": "2024-02-11T07:00:00.000Z"}, "data":
[rows 0 to 23 of 24, columns 0 to 21 of 22]
-19.214259421052517,-13.402113203493569,-12.418309121842455,-12.734150787778342,-18.198772457215362,-7.727706982280108,-14.86876522849651,-11.35707060462088,-17.148871205378025,-8.57500336897387,-14.912903778631001,-13.637260274155691,-12.346092558263694,-11.665427293385099,-6.634997934231761,-14.199143771117473,-18.537121716516403,-10.525411972726797,-17.150740762319277,-16.147946465449795,-17.162905668209085,-8.531085381626317
-10.9636549565164,-12.245200674031423,-8.098636724820276,-8.758213386174004,-8.727717684649384,-15.626139305434126,-19.044144888077028,-16.79738493498469,-15.993356592739826,-11.691220574053379,-12.59564973858407,-8.7979035797786,-10.916016107200615,-10.71274345274575,-10.70485372343323,-9.314875488733502,-16.87065918563645,-13.235348045460295,-14.125717113612719,-15.704435225122443,-17.484379962717117,-10.175998112408884
-15.678025941099511,-17.106991710089734,-11.896791714966382,-13.45937085073608,-18.919508095365053,-13.404701062870885,-12.411978315449847,-17.38963112207741,-15.067267595569694,-18.089391697133653,-15.332477213134014,-12.04686513407737,-11.303459965926141,-17.16218326254657,-15.398604986809428,-9.525773743646846,-9.782591846661402,-18.48773967204932,-10.622148070112438,-8.273864138717325,-12.735230154064496,-12.508376225781968
-17.524929315904966,-14.253781929186665,-13.601045969064291,-12.12027710727675,-16.276463312450417,-15.82992272813471,-11.96318224728809,-20.040539072648084,-17.318888260551486,-17.5565837358982,-13.17871135382167,-15.006641786421449,-9.306649385533719,-11.883073224736187,-14.757940027823729,-17.194460866611866,-16.046261394730198,-17.55884516436604,-14.179604935045637,-16.454352105790868,-12.223689930188618,-11.311862871202809
-14.171351718788292,-14.961994970743953,-11.442064454295663,-18.033714379348748,-10.50829936813711,-13.85641409298443,-17.464412029209246,-11.073016700107177,-23.686074150495553,-8.518475957742874,-15.254475144529872,-13.202497394127585,-14.538386686914162,-8.906373806511212,-11.048730408366003,-16.51457019135218,-16.524106172934065,-10.517384524759276,-16.359339695758425,-18.182410860277567,-7.266238397931815,-12.006570816146645
-14.59161095761846,-13.104527530148872,-9.800189728041945,-14.908679390398477,-7.754717415167726,-10.303024130050838,-16.028370449398906,-14.022089295909455,-12.607053703242197,-16.728214016868034,-17.53976112746733,-16.0719802725781,-18.83942736895369,-8.741036568263203,-11.650512061242633,-12.852525606240256,-12.037449458463543,-12.936227697290322,-17.648567127649308,-9.22972917212441,-12.732691188942033,-11.023766134648447
-15.465988132147588,-13.17483885267281,-17.93512442888771,-16.18514208975359,-15.607499297465786,-9.880866391430123,-8.70403535928068,-13.613042628496254,-10.523378623954807,-10.117821595294991,-11.422553735192366,-13.816760038226501,-10.198235220914546,-14.878603403712985,-10.946129800048482,-9.59854077149195,-9.215492334900679,-9.770490833437895,-17.568917234815558,-12.2138442792618,-14.34475943763649,-19.28847667890338
-17.149743723019203,-12.107391328163361,-11.860337626509201,-18.239756750252425,-13.884426921537692,-17.940663352576664,-10.084085816193209,-15.734585707431213,-11.893492611149972,-15.140811473408055,-8.924239494163741,-13.865595114657651,-15.213068708138502,-13.551261410226306,-12.282740217184342,-14.387576764742665,-15.192250543095202,-12.147820499280954,-10.498595354586522,-13.998406401241319,-13.97299100178989,-13.112831011773771
-19.694045845840304,-17.924047534281964,-15.772718808975414,-14.732946574456136,-11.067147152287289,-10.6166809253515,-10.367884150136378,-17.93220774531595,-10.716078124813304,-12.689988862068327,-13.326930675717666,-13.448444133686786,-18.527208996721896,-17.6089647671787,-13.513875954166577,-15.1616179820973,-14.50781823442311,-17.27768368271038,-9.416789736577586,-12.618203588248917,-15.974580910697647,-17.864446157606668
-12.396101006642187,-16.101743109879347,-6.741615931707106,-17.50107568468123,-14.667418069453163,-12.687020465514305,-14.348872800892329,-10.016209476213344,-11.035227250360606,-12.469889857930223,-11.796264091545801,-10.098484533269245,-15.856422345581679,-14.799213888468604,-15.199203947343282,-18.57760195603381,-17.787858116046575,-16.26498515039403,-11.152513745891675,-12.062319377055529,-13.507395088748797,-8.625218718411098
-24.125132446824093,-15.908610869158782,-17.52610620905348,-10.013233441937011,-11.542233259965654,-13.845766760863892,-14.135432222641453,-14.958510562388469,-7.80677099593526,-12.560783017705829,-15.171333200153924,-13.861194497770143,-12.049117605960362,-8.948601608898079,-8.002696137396702,-10.847162733271864,-13.704214863851616,-13.415808372683339,-14.038717706728578,-17.164030117527023,-15.857219070626655,-16.185532904771396
-17.719495764379868,-15.358643431443973,-13.570030158048029,-14.220248744246343,-11.628963836631264,-15.16546908911481,-14.859971252431103,-11.860075178135197,-16.615940739874812,-14.310973527352788,-12.108416270778722,-13.029052889000603,-12.188034002413202,-13.97695489459157,-14.677239237814527,-12.6239681407345,-18.272406355128144,-14.243868658623969,-10.999433974949289,-8.364188882519532,-8.234898900793885,-14.430807910345665
-12.362785727609218,-11.470692997306028,-11.679307719816132,-9.320901924697631,-12.628465482499234,-12.703974512386212,-10.164638947939306,-16.041256509986574,-17.52728510883172,-16.129482513264918,-12.747453014676204,-17.603390498574825,-10.303379553589288,-16.62877927973631,-17.345623448258504,-11.593654278057734,-15.22848254067708,-11.254639089926584,-17.720757379465116,-12.334646205486882,-11.600339551342246,-14.183697794337363
-17.715811631991343,-14.432108607188207,-8.745776561690693,-15.884480030178771,-19.51464297344053,-14.818143509484704,-8.196416975970571,-14.89850330925013,-15.12180113083979,-9.360787068195377,-11.959840142479239,-11.718235807838896,-17.60577445076141,-15.073651048248847,-13.187603586878513,-10.190013965483304,-13.4148157413285,-10.692946196154676,-10.126814862121394,-17.41354314980152,-10.94050774265972,-12.124204143215891
-12.146385674228945,-13.28476908077451,-13.911057054461342,-8.05023873122426,-11.24725105839413,-8.392076506412614,-14.002508167596016,-16.46968610063591,-14.756976185281138,-12.390874870911325,-17.148289750112543,-9.23086668752047,-10.895399938182887,-11.594924957117735,-10.972779694119208,-10.888112642312102,-17.554623906622012,-10.696829739756122,-10.686321805877448,-8.429800993760667,-7.8895251664969,-10.547811615697055
-16.190550560542995,-11.388306588345053,-17.988424029242786,-10.38638279185728,-14.800916601258978,-12.888674412191891,-20.334032652852702,-13.9048512420488,-11.803227253445089,-14.652297312894746,-14.897437075823245,-14.836013411002911,-11.72007140383811,-8.996503609526787,-14.511321521101067,-9.972198932303451,-12.688636487753262,-17.002667261925165,-11.276079033750515,-21.628452017035098,-12.464074081201046,-11.105780850883809
-14.487707821165177,-17.369233399698395,-15.942745063487127,-7.776957224110312,-11.56795608542763,-15.736586909454465,-15.349901916707521,-17.498542620341137,-15.205644658230918,-12.188243004702905,-17.15559130145514,-10.1687226174502,-22.332175532888172,-11.927042790328656,-12.329149860549492,-17.191362322887937,-10.977404310902639,-9.285972840376466,-13.903036585523857,-8.506471829842509,-19.35924415880885,-14.049183040046104
-18.344978293158334,-13.27675923627899,-10.044301522954035,-15.100175506673295,-9.276922798059815,-12.414897568924657,-13.83532366915096,-13.312861570547886,-16.744760491002623,-16.245266641853505,-8.810911426026317,-8.704369670022524,-9.47822616967971,-13.297717358898069,-13.366493145150903,-17.972585210670566,-14.041896833942937,-13.299159942243906,-11.923438889997566,-15.49516426121092,-10.364972449027805,-11.269010162413785
-10.94103991011874,-17.673754130031618,-6.752698473021101,-16.13323964814676,-16.500038760346296,-16.733801377736548,-5.697622654921587,-13.040511824180903,-17.299144990160386,-13.717389257388538,-9.461290797007523,-16.154265409244182,-11.403188683086563,-10.278036422485744,-12.650841950876972,-19.17482391390035,-10.122016478503046,-15.65500353576123,-12.397767036103867,-10.963203426590717,-17.96030132739753,-13.233374361166625
-12.751920534149079,-13.17632624402229,-11.970376918765684,-16.729569727769928,-10.305613205985996,-17.37211664830923,-15.393974755745813,-18.080928763841694,-11.401544924656516,-12.931205844368371,-14.019016053789116,-14.506730285120458,-12.807834260746006,-13.278667185534948,-21.47719937202366,-15.788737890877545,-13.954795467275243,-15.24981356668033,-9.749548378468395,-16.066778879999433,-16.439690904743582,-16.532399686198016
-12.78364997478088,-14.249279924324767,-11.696293455604291,-13.935054591418345,-9.493762124464102,-17.885566393964353,-15.780167423620657,-11.283618841600422,-13.39372597706726,-14.745288428167445,-11.051136085767094,-10.076652420734096,-13.738371520433228,-10.718563946849725,-16.456177665504022,-9.884595954532253,-18.811504203622498,-10.23208111919602,-12.042616731013792,-11.670257010333712,-11.892400467723707,-14.297672070511497
-18.056405018780186,-11.633188274022343,-15.245120744823142,-12.51894711074787,-23.0015848764209,-14.54721524521963,-14.151130977578008,-13.34367183363959,-8.569836858893943,-8.902827343326978,-16.00775141018948,-14.318624744252782,-10.251524777895593,-14.821267810628058,-15.454979742161893,-8.265804626650358,-8.593300585126807,-10.592707489477382,-14.51824093719547,-17.586601740250153,-10.469103392893583,-13.128583430314787
-12.97730743091005,-11.368749762447443,-14.191067512514369,-11.479460504589163,-18.017179082073213,-17.71695702198935,-7.010955489345599,-20.941078352927818,-12.692500249571859,-17.70441383475671,-13.666581616032708,-14.052690169310265,-14.490955936949378,-11.884485170216838,-12.15546794326732,-18.004409013773095,-13.821693145029123,-13.93528951629273,-8.921744822178962,-14.503779075719304,-9.962957514610023,-17.384434793602733
-16.149458991255454,-16.559484832285385,-11.040773739582335,-9.760905161222315,-10.651550557342647,-16.29095073176549,-15.407725396192072,-9.536686855649101,-14.954015136443129,-11.923087682034906,-10.794456132692797,-11.515964648918963,-12.64920167172202,-9.108661927919693,-11.8387130468613,-17.624425540402772,-11.599931081443911,-10.631176481110195,-15.117967965523734,-12.993334437544489,-9.353333693319657,-9.461093101542366
