script/wind10m.json
{"header": {"parameterCategory": 2, "parameterNumber": 3, "lo1": 6.000198445256149, "la1": 58.999992894266676, "dx": 0.5, "dy": 0.25, "nx": 22, "ny": 24, "refTime": "2024-04-30T20:00:00.000Z"}, "data":
[rows 0 to 23 of 24, columns 0 to 21 of 22]
0.36898416004190093,7.246145728018732,0.6450454548525776,-1.74873652951763,-1.4553001612072631,-2.8161606153430285,-2.4687013831226943,-1.8626558903359556,-3.228461037372211,-4.610711534950406,-1.933998422630724,-0.09178660663284342,-0.009308333803798936,0.06876645125198975,-0.2826137235305876,0.6120831882289695,0.3680813753786263,0.9581856999333058,1.0045620525019512,0.9079270699082214,-0.10522341985277972,-0.21137332272394369
1.9366692886480932,-1.0378917863243249,-0.9716175822371204,-2.112565064848884,-2.4255355376216117,-1.9493932050050184,-2.495439034624266,-6.341659592984505,-5.022144182936397,-4.300167471333556,-1.8231775384048419,-0.7918015574239009,-0.43346275630542463,-0.7723259590005004,1.2419363782417925,1.8720803016613596,0.34132779694423027,0.5016783546585091,0.4436850120839664,-0.5521954922246962,0.21508860623374196,-0.12348193821406928
-0.2726761605963031,-0.18177510104729808,-1.5286091901695895,-3.226741231928228,-3.1109114767925226,-1.8800825978255922,-7.140993905786823,-5.971744096796407,-5.080114725795858,-3.785139415531536,-1.9652481344768489,-0.7185098497145022,-0.49662941244704173,0.5194298631925972,-0.057612311451182986,-0.2557518637912427,0.37734975015216654,-0.5587713081266695,-0.29374133193986557,-0.5843974035136213,-0.3597759334430394,-0.2874051592938034
0.46077363430464374,-1.813054421791379,-0.912605723650339,-2.606779303142593,-3.189502281158924,-6.998069833700345,-6.172551244340365,-5.3342522518493425,-4.503181402091426,-3.986045389453656,-2.7743956057975816,-1.1653858474609098,-0.535463649549656,-0.635158466216967,-0.5084865902053666,0.30747818938655447,-0.6454079136602803,-1.3531350031422131,0.09418634450805212,0.15856308299847066,0.05499878024674968,-0.359656600865036
-0.8298534600619613,-1.5698436712139308,-2.495055446970951,-4.95955832239299,-8.476202265929217,-6.827538569155284,-5.2736267679646005,-4.5995234534570875,-4.605277340025567,-4.304890294090997,-3.122284507348033,-2.001312868082486,-0.49340890034426615,-0.4613717714443522,0.13504976877492722,-0.2090765151083408,-0.18565182260231725,1.2162729984291252,0.0685960482356984,-0.2435917954183232,-0.5325896426462107,-0.6718384668659674
-1.0182404990086307,-3.4011627318976867,-5.701096765683293,-7.100365998559155,-6.4352672514674225,-4.965352891265421,-4.581419991339855,-4.356177846094399,-3.6123542039580676,-2.092656845657719,-2.8882368945803862,-1.580175543161948,-0.9128920081957166,0.10532047058777716,-0.2729206416143831,-0.07109751348551052,-0.5264884844255373,0.29754403557154036,-0.6578918245661262,-0.7403426996387769,-1.093012106382057,-1.234425011711279
-1.1802559127047054,-3.8202576989413246,-5.720772352113564,-4.475022124127325,-3.775969849494616,-3.4721861263836757,-3.854708236479838,-3.286825136599776,-0.8358586107246818,-1.5959124333124655,-2.2786509833648463,-2.1863772993609802,-0.6064695462374472,-0.16296625433480935,-0.08058078808222462,-0.11695274013833566,-0.4571116286128108,-0.41926812047641726,-0.6733616886349377,-0.8211261534523876,-0.9836591886195974,-1.3403531290123907
-1.5166247719437502,-3.2511685007115707,-4.312599015624628,-3.776295087828117,-3.564609781655173,-3.338586087059594,-3.2642957360122815,-1.1446293446848874,-0.7552069374975018,-1.446968026089484,-1.384953278309926,-1.9663916054083213,-1.3108849008726915,-0.40971664402538294,-0.18423352982677405,-0.3305074018758497,-0.5718535217701642,-0.7400112729906495,-1.0343696945747083,-0.8229071120542854,-1.306939801624494,-3.7174563612711227
-1.651373800350968,-2.300773808067682,-4.064472306892411,-4.48446348021394,-3.215623096333021,-0.39313095427493205,-1.8418499392333643,-0.652040422547975,0.14004518498116342,-1.4220784448854464,-1.7192209017482967,-1.850884960608149,-0.9759370635241434,-0.47971442685623994,-0.12863555335727075,-0.1866435828383757,-0.640256135697043,-0.6850137584469093,-0.957248880368166,-1.2644069761722838,-1.7882300653998133,-3.1552029801678017
-1.782144129125214,-3.268962415560845,-4.1887910592055695,-3.09509080159681,-1.714714885453502,-1.7083983171532007,-0.26399051980795785,-0.6351297381132515,-1.2656288295979243,-1.1685086771518218,-1.4872258297319314,-0.9293389854474499,-1.043622677508368,-0.07952375919811756,-0.32935682366628566,-0.43114992520297923,-0.4733905585981801,-0.8867248041386192,-1.0759418580826328,-1.366373900840537,-1.9087891791372626,-3.194490509721428
-0.944804465427815,-3.20303155690987,-2.837951860294155,-2.343165441988636,-0.4182154711414381,-1.1730608961583655,-0.575732628599609,-0.22044375942843017,-0.988243629707581,-0.832615614729202,-0.714266683547367,-1.2075909363323543,-1.3882489849353914,-1.894530921776522,0.4249763692993202,-0.2401584938455484,-0.8626554561449,-1.091416436074253,-1.256659631218139,-1.8255952272565712,-2.6578357990862216,-4.085261257264342
-1.3551273848025456,-1.2173884094169054,-1.172469017941665,-1.7135642574777483,-0.5679839209791246,0.05383327912945623,0.7220516895062903,0.6226805621383361,1.184497968742704,1.4232309694728178,-1.8166713693789591,-2.278903160033724,-0.5249784978254317,-0.02598391375964591,-0.24474003126574334,-0.2282806071466214,-0.4512143736527289,-1.5425911004610122,-1.9796050949386526,-2.2301697243926193,-4.732922807141126,-6.30972228809461
-0.4316506382836275,1.6487734407265617,-0.4173966708141179,-0.4422034162775225,-0.472996278352903,-0.5183982790854219,0.09377075598478508,0.45078266267455147,-0.19818788179010755,0.340949106721915,-0.37662423981026744,1.3160617482399926,1.0498439182814798,0.3809859632077903,-0.05196316677171911,-1.1846150450475856,-0.5773795334221413,-3.453276446434297,-5.046698602231035,-5.788077425776068,-7.70415135028846,-5.9183248973547595
2.555259165880924,0.44373001903215753,-0.23244042603686735,-0.45189864485794295,-0.3079809453438323,0.173755142171319,0.19072335647348743,-0.577343813381091,-1.5859795598198727,-0.2145638721177388,0.22320542854918057,0.810804354118443,0.5087882586085948,-0.4525558545423272,-1.6295524122483303,-1.2795338311040636,-2.733959161259268,-5.131334958848075,-5.850494717796326,-7.6604778694887505,-7.726826767626016,-4.453377896297958
1.8277964667824065,2.088780545142335,1.519821560538692,1.623895166823027,0.8360631359571108,-0.13206803418003715,-0.8678883707651829,-1.6825136278938104,0.7718267822143617,0.9962503432520721,0.7655406811123742,0.4111848178263838,-1.1566085313836472,-2.6899932223515535,-2.1412082888938473,-3.5929765595143204,-5.240890415656868,-5.458306529257662,-6.642644112629111,-7.293348832945159,-5.866826174749629,-3.3216046215656
1.187143548699887,1.9783176688998887,1.3999347780317375,0.44966094514049326,0.706905476014603,0.8862131715470994,0.8359171345047093,0.20077720576854202,0.3771955425237327,1.090231041173147,1.1605560722092412,-1.2069020092734828,-1.129687182376465,-2.0525809309164655,-4.114025550131487,-6.495200309627559,-7.951506994955449,-5.626641797237974,-1.032992415504108,-5.342222489384423,-3.4226894784847652,-2.554220832199784
0.7344099349410294,1.091442880704152,0.9641686524793087,-0.40462413836052696,0.4373836367387378,0.7774177113698678,0.05630237364269736,0.12807903361808895,0.16885094290324662,-1.1589353857656302,-0.5615629155431132,-0.7255217755555757,-3.1520837847951455,-2.043512555829302,-6.193909582247434,-7.538363122767783,-8.053584290991987,-2.195242507606728,-5.75679576235301,-4.312183500559586,-2.862481396910159,-2.2417650068138797
1.6992424704979543,1.8467243394026343,0.5370722724733972,-0.28206539779060363,0.4285833428075158,0.4941193678813076,0.12902696319480378,-0.405921865441556,-0.7339237214420474,-1.0246055972212902,-1.7822006527393661,-1.6050033690473482,-3.304496555274257,-4.73482345404085,-4.865633109546665,-5.961707999139169,-4.420954898958938,-4.569465520021144,-6.678171327665104,-3.3363693839799256,-2.666947261118079,-0.6243541306686019
0.8233308711362533,0.7353069313667978,0.5294740819428783,0.23038238261269667,-0.498706436260351,-0.977035300627756,-1.050273392147428,-1.1890473106467447,0.5461013118550493,-1.3541269431943552,-2.167141797002905,-4.472857603490449,-3.9709647185513552,-2.8796570330552678,-3.398706780052089,-0.660977327741169,-3.2393426830215732,-5.1101082537990195,-3.981702882562353,-1.6638755858134908,-0.7703839491058223,-0.0960033927230077
-0.8101921630055693,-0.18128407724732953,-0.2841123958637496,-0.8784376770336269,-2.316803645604559,-1.7377035694067684,-2.021685752697953,-2.0329721491622514,-1.767627844497215,-1.865384048197508,-3.0336285740768467,-5.841870346918464,-4.133245818467522,-1.367371229460225,-1.3575070485418301,-3.533211898398024,-3.9204900902179416,-4.106134912974816,-1.1317707973697142,0.2288644956893607,0.4244299779699511,0.6735699907096719
-1.8857961450822895,-1.7204359506282636,-1.0304582570570224,-2.029111658009294,-3.1804457742639323,-2.358592776579054,-2.055468517514258,-1.803918281318248,-1.1023823768576408,-1.5427073506366304,-4.827790345306077,-1.3966135868369396,-1.215241388277569,-1.6600774404213954,-1.7714921446533891,-1.8418746464229494,-1.2834737787541086,0.05112774665938745,0.31292268675563234,0.49434879800218223,0.4061587616096897,0.7628397722744816
-1.3025305094910788,-2.1671962967713356,-2.4130378517471613,-1.8284920432956113,-3.5627021328055073,-1.837495028761783,-1.4524813043881468,-1.6167429732717447,-1.8337328030991251,-2.6806904523614246,-2.5838365527272953,-1.1623676824450433,-2.0229251464084834,-1.7199263066629116,-1.6271668976436104,-1.1795058636722335,0.2692140194425588,0.8378747547762557,0.2934949661855124,0.6945959603944403,1.3407309873576683,0.6273920246585953
-2.284290016961208,-2.8191136221184663,-1.9525201372025713,-0.8704857918443559,-2.001286859444451,-1.7246523157787546,-1.5816109919707284,-1.6572608258438672,-1.690168489570112,-2.185114492994827,-1.7302102967456099,-1.3382046303678645,-1.5010099761073419,-1.9249934385719392,-1.5586671980379074,-0.06847386972618559,0.6931796675341163,1.1882708107329765,0.5062039003292474,1.1101856196294897,0.8708154992962067,0.5874810825264266
-1.4360660580252458,-1.5779281937070042,-0.8261605202110148,-1.5522210993613283,-1.4817242707970868,-1.8129038569306741,-1.7429839129654623,-2.0832532778488164,-1.1774954855312754,-1.169795920851324,-0.9934918561278538,-0.733668952513946,-1.9293506834797491,-1.3589397878200733,-1.7179029911609554,0.06054626633483063,-0.3087639776390148,0.7795569345143794,0.7023793854748056,0.14482428633819508,0.43948942853462675,1.6918050851396287
