script/wind50m.json
[{"header": {"parameterCategory": 2, "parameterNumber": 2, "lo1": 6.000198445256149, "la1": 58.999992894266676, "dx": 0.5, "dy": 0.25, "nx": 22, "ny": 24, "refTime": "2024-04-12T01:00:00.000Z"}, "data": [4.111459330258188, 4.7166600767846605, 2.9250585965308917, 3.100933129118991, 3.089336938703894, 4.169073286113027, 12.07098047640701, 12.995408284451443, 5.9258624573544045, 5.7987476020867685, 6.972827344502968, 3.5692462273948466, 6.239373587985125, 2.280452409668682, 8.357538763828602, 7.631048551908557, 8.284296959947449, 6.038304704119084, 2.2850606874233885, 4.199512439644083, 8.890640637512815, 3.4385259022730077, 4.217032453511782, 4.128390528601635, 3.058638465847045, 2.704922012586377, 2.8820607601770507, 4.594570094345158, 5.510782269176113, 4.727315058134202, 10.118382180952528, 7.782955017771116, 6.038989513926971, 6.078881166742386, 8.239414816673403, 5.392358386601217, 8.206663222143568, 7.368025590773215, 2.1557225545918173, 2.271204167076022, 7.702038895454619, 7.420622197732712, 5.058925357277818, 11.713973344867812, 3.6107924862737315, 4.670759635340245, 3.1383391570944132, 1.7839496115807456, 3.6749792733335944, 13.94050796883658, 4.765018438381554, 11.871657941343187, 6.846929346428022, 6.681998654681298, 5.359102652300504, 7.588870299083644, 4.145614675046181, 8.717166696348272, 10.42949559617296, 6.386066102827969, 4.802829554575727, 6.754676430080634, 6.247308370373226, 12.091972431476512, 12.449587998616634, 5.725809315049995, 4.326303449008881, 4.897953812530868, 3.7263403469605882, 3.1921605879337043, 11.21071609035083, 11.122855751893109, 8.445355514721726, 11.344638930144242, 10.801032887525642, 10.9139808433772, 12.29745295577139, 5.604706427085369, 6.273351392827917, 7.03176880133621, 1.9612108850940548, 5.6851903099323025, 4.631282990478065, 6.339532358974139, 10.991363165769076, 4.518360169830534, 1.6123280898864367, 6.202752677689898, 3.536562315821854, 4.43372790184051, 3.7120190517366956, 7.272323499371689, 9.041322031427596, 9.815377933594277, 5.999268212924993, 6.456191312075166, 6.264842193296897, 6.218296561226973, 6.495463460772759, 8.838901775172607, 10.536872894420965, 8.70620656363713, 2.1340230510308387, 5.671418766180878, 2.642439307085253, 5.322880266780483, 5.037738071039854, 9.71454192743996, 4.971400985728644, 11.534990887570522, 3.368779633809994, 3.3317027898396283, 3.6201470056379454, 9.762782042308821, 4.620371372409014, 4.28574115611957, 5.134348025165123, 12.7729548542987, 8.487170892758558, 6.7406055857721645, 7.155225159588132, 6.644986764932899, 6.88171022353781, 4.372788376448192, 4.125746462940482, 4.636256638967611, 8.382141009058403, 7.790240544782713, 10.878161234082343, 5.614235025962094, 5.363393060086387, 7.642089526113896, 4.617859472472229, 4.682180605347279, 3.4580182032760294, 5.523993433443873, 3.126142156017173, 13.948342827878811, 11.960421129362466, 5.598079650343048, 6.277898772558486, 6.488513013357624, 12.989484789668474, 5.160197132927868, 4.769628029886758, 1.4937462671139536, 5.458916409825428, 8.820260556991805, 6.195405881072354, 3.671643048902887, 7.186093572673211, 7.867647673164971, 7.020290207575984, 3.666076475369221, 3.3514232883546873, 5.031037616192327, 3.016906566130433, 4.046420460766318, 2.5897674574099074, 9.924148270934941, 6.050307401430841, 6.331701275301345, 9.200328151953178, 6.216930390896245, 5.49565705921678, 2.7173050690202714, 4.410090315980582, 4.349097388427718, 5.85865397237957, 7.841959503684362, 7.367640117131775, 1.519649526271583, 14.311794254841915, 8.73124619028611, 1.790664672342486, -1.98967894332678, 3.453928079208155, 5.093891376189889, 3.0429535623801978, 4.148824968667829, 10.479280902586266, 6.941595493036442, 5.024889372058302, 13.348136547347643, 6.275110523116172, 14.95198195704259, 10.384307499854158, 6.120849722997255, 10.12363900962819, 5.0392620428407655, 7.798507607395796, 5.820832405252754, 6.496139588465677, 1.7438100737880053, 9.063780067127224, 5.59885427537538, 2.5514047109495106, 4.724138409268344, 3.5321480946443535, 3.167424326382208, 2.8913461936958194, 3.8379689828197954, 10.178798514190465, 4.749273709355061, 12.493960035371327, 6.165033777732274, 13.686112531042696, 6.000886641874126, 6.375576120966558, 6.151832481017408, 6.774954576961486, 9.154983875303, 5.794104418756185, 5.718985724104589, 5.649269571439755, 5.874566933136188, 1.9604465902705943, 12.586643586873825, 6.067235569695814, -0.8274016588747133, 4.220461665553059, 3.139120712896611, 3.534007676365419, 3.797498495976943, 5.327696929192516, 12.524530406341311, 5.5950874699502515, 12.380318178295006, 6.2815232720806415, 10.607938285108261, 5.892616349607619, 5.286076857925443, 9.418670806258207, 6.726158604885902, 6.871136881771669, 5.689918712852012, 6.177040478925314, 5.853458827687025, 6.254493445568471, 1.2624815365153232, 14.558370637430952, 12.422302143160135, 3.60559889144931, 3.0920746384185036, 3.767746217078289, 3.413191315106849, 4.2511217262384395, 6.911417525753515, 4.992245564559262, 8.750302252992299, 13.582324927432621, 5.076197948718228, 11.396574143402306, 6.1251860908719475, 4.152800938724323, 9.042998857778556, 6.584238946096926, 8.498048807927415, 7.8074485386926495, 5.043705393058869, 4.626004822568649, 5.906826409609255, 8.126320564308024, 3.1488961793081716, 3.816878326162273, 2.7744652374100687, 3.7059854418763134, 1.6443284704408765, 3.592747656389444, 5.106042127657984, 11.217699233781687, 4.759981388618291, 5.549991871022932, 12.301138893030252, 6.396127665157324, 6.105821510641078, 1.8903755497051575, 4.1784336428273035, 7.336081578501695, 7.630314895066009, 4.65006548396538, 3.5172868121649388, 12.730319966002174, 10.731961938745663, 2.8367991599697664, 13.1071151283095, 3.5201585389153176, 2.9444580370676916, 3.4135633098649834, 3.1698288957558023, 3.7219431632276367, 4.178328792163852, 5.1218173911636935, 8.174345494261662, 13.688588703940797, 6.376720906674184, 5.86353671518622, 5.330575474805362, 6.391294367883643, 3.8453973248962603, 7.298214291834464, 5.457229005813237, 5.349685144894859, 4.6698527328750785, 3.9358250706830087, 4.531566131688409, 8.09462485751622, 1.9116526059131342, 4.719960725850572, 3.4658438294426537, 2.0478094381725436, 9.170882585857612, 10.546679810339196, 12.86509103877404, 5.0013852753868235, 6.3549473694399286, 4.631433998256804, 7.129801050309591, 10.150689765574027, 2.7906181390420275, 8.553534905885293, 2.6858697955257473, 7.456828226357197, 7.564468132721069, 2.7447597307606775, 9.393677817168278, 6.683632421784181, 7.276264286015915, 5.4638064540949856, 4.602383969232671, 3.455086037029189, 3.938054512495298, 2.2801546914251625, 4.889983654769582, 5.346838450551444, 6.357492643268455, 8.305752457044878, 13.327669580548713, 13.464029678923719, 6.12065906073121, 7.343112912959211, 6.039476099380352, 4.816860748147907, 5.577221328729018, 6.852952925292724, 7.058679184085166, 3.3377993689242187, 7.152090006849531, 4.248564299831884, 13.569697762141264, 12.150016540031002, 9.087843759366129, 4.478592882753817, 3.0472377810309355, 2.1215055220353034, 3.915243940016138, 3.9470511792758733, 4.462121319644828, 5.310982125892582, 6.230315580461773, 4.054234484919783, 5.968657474639854, 6.937447516803274, 6.136334650048069, 1.6608553144184188, 5.972395793704478, 11.288861373183309, 8.527189960073182, 10.583180266018639, 3.838878195285612, 14.29017759611369, 1.8627300606520711, 8.098266089245758, 5.055035260520723, 3.2989174234680854, 3.4150889401775095, 1.2865615253272702, 3.490117592474271, 2.8369420579351137, 12.509439749427708, 5.44011904992381, 12.559685791667036, 13.09332888279973, 13.12763855946905, 5.838509424783407, 5.3001756275038465, 3.555375722155906, 8.974209022485294, 9.171914302064993, 4.717892802568926, 2.303488211179725, 4.307171884049692, 4.35808139823188, 8.655218225103605, 11.83040926920848, 6.463349355378836, 3.479959944284928, 2.862142303706195, 5.533195495337433, 4.268397216019296, 10.242268262614074, 7.232761752191454, 8.36150831423573, 4.815329062648405, 4.988974919970927, 5.794392721451755, 6.932863330709924, 6.624445011846529, 6.919836332816041, 7.72333066987187, 3.863760287145516, 4.639581148084376, 7.004156943698248, 5.025396857526706, 7.216182949552516, 13.14763590037836, 5.038369912024632, 7.2827716054067775, 3.7148302617183373, 3.308513880084388, 4.352044419647085, 3.4164655467919873, 9.903539271723753, 5.342313640912765, 5.33425746036231, 5.7602115122383495, 11.315414009823163, 7.8060678919881, 6.798299140550466, 6.133638119553634, 6.300800678960033, 10.557279610781116, 3.88750171083679, 6.149734019162644, 6.393124853065433, 2.4908163260969953, 4.9498802017605295, 4.123209277247181, 6.649491586123228, 13.315129346609611, 3.6206194918141197, 3.660490966796097, 4.906840276154686, 1.7980696436520436, 4.6198111383100455, 5.437514117841095, 4.985113256545452, 13.20011907209423, 7.054277094614547, 5.954034846419069, 5.349317359046472, 5.08344389215152, 4.354379155419741, 3.8494611570940154, 3.093609215708016, 5.061365923236648, 5.002714483599566, 7.695708648454725, 7.5707181399258925, 7.2575662960092835, 10.45072331002366, 5.952483668371198, 3.4774969618511204, 2.8679386240529188, 5.107471386027395, 4.391578983226145, 2.4897202635124724, 12.170379627034883, 8.16296561213658, 7.0382502017492214, 13.654822030727079, 7.448075740724527, 5.380247608100311, 4.698217523458667, 1.3271925456806513, 4.1511254917626434, 3.728227743324263, 3.8222587475355545, 8.448895564660093, 6.225688454139033, 4.514506952016901, 4.824078478490617, 1.7828530451679547, 11.748776494024378, 3.4041898525715366, 2.417194078530081, 3.1025632780090646, 5.146679243311775, 2.37440895189925, 9.299573678939456, 5.594376316825655, 12.648761537448962, 5.119679610256086, 6.007648397752063, 7.248054866676262, 6.958833965390912, 5.25496182216731, 1.1987689316972014, 4.323650676867042, 1.7185766462015837, 7.579401691898826, 6.280536163629387, 7.14855878413379, 5.301902182274926, 3.7136318396643353, 10.438523102545995, 3.9577136658599303, 2.687410500389606, 3.2743786276694946, 4.676588866119122, 12.401313035198937, 5.269253144682375, 12.714764053162101, 4.955731048204035, 13.593833077002378, 5.969408484484946, 14.178606384333124, 6.652797635654577, 6.562423348548058, 6.218045407142396, 4.681610435619776, 3.149983472446025, 5.466894348157027, 6.092780089107449, 4.423405574828119, 7.603399639189106, 1.7702211997671267, 3.2567176719171016]}, {"header": {"parameterCategory": 2, "parameterNumber": 3, "lo1": 6.000198445256149, "la1": 58.999992894266676, "dx": 0.5, "dy": 0.25, "nx": 22, "ny": 24, "refTime": "2024-04-12T01:00:00.000Z"}, "data": [1.443494823710042, 1.884696245817887, 2.5740142471094942, 3.5423717726812494, 3.762185144642923, 2.1794791912439506, 2.919947205815479, 1.9386999415661383, 9.19641956099771, 2.5363890375918934, -0.08418506670919555, 2.6617493252514572, 0.2797936749497369, 3.9056318294654533, -0.07449201357144328, 6.503362519091328, 5.172892922146567, 3.228073396148971, 9.373648290249086, 7.128903720071834, 5.595560488058832, 2.227448195930379, 1.4101153685173609, 1.4633091790815949, 2.488038960371279, 4.072702790362796, 4.096717872588486, 6.272518795771498, 3.079691776921718, 2.899298593140867, 2.876741411279501, -0.03178612231556949, 8.023355651056077, 1.852049926965416, -0.7924437920086649, 2.5001796473631157, -0.7123359371150377, 6.46898806013044, 5.057578892482879, 10.152361730788693, 0.7492896759859199, 2.51697553649722, 1.8634251803633148, 3.2168505561774556, 0.5525511314254622, 0.9723606930946154, 2.616531785289048, 4.73250521553735, 5.1559771175627915, 2.666901161113713, 8.245950906361166, 1.3222458815457516, 8.38685730852768, 7.258149071164446, 3.0314851770782645, -0.7287321924942565, 7.948100605370406, 4.45459816008832, -0.3538856317791806, 1.932477877843722, 5.309077442774297, 1.2368484384435978, 3.4354597881498457, 1.8202566941991078, 3.2104895679930805, 3.800200108091036, 0.8085471376483935, 0.48451343953197573, 2.7958680584141575, 4.325736734982287, 2.5217518628478865, 3.1812083477042217, 3.198257901968732, 1.8445135166583895, 2.5728996822357013, 2.854675873082546, 1.6826430992918922, 7.301862992734028, 3.5890553217668466, 0.9945337530885311, 4.387317816045159, 2.059822181378096, 7.337494703099037, 1.2524787737043186, 1.1184031158890497, 6.91444004182315, 9.394207409994364, 1.4211488836276644, 1.4237518536316907, 0.37723670662769215, 2.8788938457983866, -0.6207955327544352, 3.9250075365356842, 5.269323691385716, 3.0757183279391724, 8.218587710245943, 7.45269166417428, 5.249274096862714, 5.928597970489757, 4.321432920874339, 2.5217529342651273, 0.01573170111539885, 3.7379545363977864, 2.156033834381205, 9.247243512920354, 2.209876887330206, 5.956231340235595, 0.20446791914889337, 3.5655337253494506, 1.882653221280789, 0.8277637196089532, 2.1796738044319723, 3.0311092122276566, 3.8835315374283383, 2.0065843821881026, 3.2346138560164555, 8.331499337345832, 2.011795285265212, 2.037820359271162, 0.6050497019936928, 0.14308932540696226, -0.22088795656707055, -1.1985844313191245, 8.77193144184101, 3.6493112187489616, 2.094407932093779, -0.8652997984220211, 3.3108773813847496, -1.7521123983161504, 3.5915492995917986, 1.8003216790065517, 3.9651866298401863, 1.5545156234948996, 0.9512276777808301, 2.982960669821283, 2.461636851575017, 3.87264204076834, 2.9664387570811943, 2.4246549828316053, 3.1121970450839083, 7.094735564034759, 8.23788420074968, 4.0288349567493, 9.745694255017819, 10.347101277360197, 4.6831907405152124, 3.0557452664481004, 5.847583707922698, 0.5528710874298274, 7.620994762173978, 2.60467197815509, 6.038411748102881, 1.3401840530925622, 2.8271029481974073, 0.8799831441803979, 0.26826493400346657, 2.6342500612030584, 2.2078104909826592, 4.021751627496838, 3.1355630138850294, 3.136303381832917, 8.076243808210604, 1.7370853260143626, 1.5400420448327454, 2.9562430098122205, 3.6199609987171772, 8.051078489055984, 3.0142514365419633, 3.1404678514093436, 1.8457146582646178, 1.3869537883918166, 9.513242984220772, 2.9509829864719297, 0.3573127744888609, 2.9858711178613575, 3.028271654058074, 1.067972057330699, 0.4540147541893197, 2.760749497916107, 2.6476376435285838, 0.557896809295607, 5.443115779657905, 8.352293061428282, 3.0061123204489806, 6.931109961560546, 3.3564403784456953, 0.7997245528248837, 1.848811012734942, 2.6865200473149353, 2.504875927019096, 4.533963529444686, 2.0251911157955607, 0.7446389530440511, 9.78530211182732, 5.840579012936749, 3.993185802152528, 8.221087934728473, 3.5045733434103195, 0.6539204793262474, 1.7565489703674209, 2.387650045012207, 2.7057507222086348, 3.288238938315618, 6.0284026701241, 2.8988709634672443, 5.249663614399214, 1.5604828572995646, 3.1658636624701977, 6.966677419106593, -0.6160418228809759, -0.15601189698692253, 4.245627189510381, 1.664426675019332, 2.121864889367712, 1.5318819929253875, 0.4623009696850036, 9.962713410144428, 4.441335478734567, 1.703223937178158, 4.276719503203664, 1.5648076593189975, 1.9908406828436773, 2.449367324950722, 3.086582721920549, 2.324250985157108, 2.9146633798686956, 3.0103926048282514, 0.7810164386480709, 7.011154138745011, 2.810566655753388, 1.9585053281029567, 8.85549692608464, -1.6834978697077836, 1.0396774674976468, 1.3286229696344058, 3.5523949526525804, 5.057690947798116, 3.1207888415657, 1.6722360651060513, 9.36854155900901, 5.058100567758547, 3.776608363490008, 1.0589310329601913, 2.0110039269891393, 2.38185621334552, 3.9987912317078758, 2.3504273959820434, 2.2433963481708354, 7.746787653408243, 5.483966940318182, 1.693678428798574, 3.1169621223635904, 1.8098983248461291, 1.7807414299956783, 8.504297731342728, -0.004830215146513623, 1.6513618557837602, 6.419555630075851, 4.642496965360915, 2.237907442839812, 2.140058151772359, 3.4694109335931844, 0.18589829102303787, 1.2510504114700909, 1.2176959826592029, 1.5767984547827887, 2.476513891032103, 4.532633579574127, 4.576045946506826, 2.5577536127887863, 2.4104414139808727, 9.781178200913903, 3.7612773400000927, 3.845767057508841, 6.864101307680679, -0.6653506525051008, 3.915468546970148, 8.734731965809493, 1.338634545614839, 6.323768746384132, 4.014412401678426, 7.824893717287525, 4.885110709249628, 5.78028742568557, 4.464039575391403, 4.277352924766714, 1.5581635335961392, 1.4538274745210682, 3.3514816299367842, 4.333800322235771, 5.265454876117669, 6.44722243708762, 3.257682131250188, 3.437842543325598, 1.8381437750795107, 5.201981560579963, 1.7844131729417474, 9.24305180551811, 0.2591288354748685, 7.085057338915561, 0.8464526389735536, 2.231851421139302, 3.7717818479821075, 6.996735591197835, 8.327896203705489, 6.941357848134484, 5.485560416313448, 1.8285290896699409, 1.366665449065976, 1.4479688044099048, 3.8287435566718453, 3.7074376851525583, 2.982547669787188, 2.843328990451626, 8.361837339531649, 8.275057737043362, 3.660178320677209, 0.5931313807679478, 1.86347834236693, 3.2306327144648552, -1.1846300542832326, 3.8591801903781557, 0.5269374206628572, 4.6875274351934095, 4.29834765321693, -1.7936374865690612, 1.1170746539918188, 2.707162702675001, 2.1740620783004827, 2.2918416700919644, 0.8468158776987238, 2.0209639841053972, 3.6011550564285075, 2.1497719341480304, 2.2967032341929934, 3.3408801450570276, 2.8330960857016194, 2.961101053057256, 2.4137037684964575, 9.030924115703764, 3.6264357288353013, 1.8321719034081203, 9.830105053722509, 3.048428654439834, 0.39108483810440653, 6.476426251568322, 9.202101723373941, 1.5245133280029801, 3.24443467482775, 4.469498115100544, 5.811544922396623, 6.184773321638826, 1.4027323736869834, 1.9021183217221835, 4.206119482468323, 2.259467721253302, 3.0100861777948027, 2.8393894691267842, 6.969420856851371, 5.799058470468152, 3.4286640447253696, 1.789124475260758, 0.1545020886970988, -0.5711614664236969, 5.4256021586586405, 3.6207468738555053, -0.5598076652838827, 5.872117995146357, -1.2348277445702878, 2.0785925120153372, 3.20677567572414, 8.828239510560353, 1.00381342569693, 2.1390976784761637, 1.5737967503320422, 2.3852648586714005, 4.547856462326725, 2.750741347732411, 4.121467057591436, 3.13679172099203, 8.087739325957372, 0.9803219628552239, 2.814724795874725, 3.664198959418697, 9.657016899698021, 9.141027717800416, 3.158020910465387, 4.352830364722468, -0.22638538727405452, 2.949391421687325, 10.06307094541997, 4.13252825760094, 8.042225436046103, 1.8088663770647528, 3.58491773629239, 4.476520643345941, 1.126320526371889, 2.1126732945397255, 0.18397644765961596, 2.9640616919983755, 0.5066084592029255, 2.1754856193447, 3.1614456043725823, 2.978008595237386, 3.8156778478192663, 5.07369152176837, 3.662336310840124, 2.0823601861741166, 1.2323563973639362, -0.6910216986414431, 9.334185261670886, 3.922170974117009, 1.0952023126142758, 6.6683948255252945, 1.1105272584664605, 2.178712371846701, 1.5791093654077113, 3.1119048784118934, 0.6588404324489451, 2.0276672162253577, 0.583556696003274, 3.819855307170873, 3.562022049158476, 2.743646217409095, 3.118269539921286, 7.895243248575004, 2.579594580679923, 0.04640254559188884, 0.7824357878503443, -0.5002551640735519, 0.3422509093408267, -0.06604065967248082, 9.038561977555757, 4.381361324973987, 1.8619606373240853, 9.554885495750447, 3.105690010282688, 7.268667766275495, 2.918455303022644, 4.663105682142756, 1.8792606617412442, 2.1364625959172407, 1.13568584981491, 4.725219076055837, 2.2157628129109694, 2.5125643270955984, 7.6168791082220375, 2.818505670382839, 6.538487789947309, 9.52468744989247, 10.060371866371643, 9.886679294040086, 9.161918557756351, 9.474623563137532, 3.534004585039814, 3.613849882672006, 3.5324108428978747, -0.6168540279966516, 6.063096514500326, 3.328428884306894, 5.947541756417972, 1.282924356615042, 0.8090771841592993, 1.8607616379870413, 1.3577893485246675, 4.79734564435048, 3.8196733940378955, 2.8202333606645973, 2.3867023504912748, 6.9792232700988714, 1.3730323563977043, -0.23229400154553295, 3.515166977486386, 4.843889403927897, 4.439389430863132, 8.380188457676425, 3.6954293077137303, 4.191810206505747, 4.847457650134842, 0.4062183518736929, 7.783584436139372, 2.1838948080408804, 9.26486880141103, 5.669652846640391, 1.5782633734414726, 1.6947423136931308, 2.881493813778803, 2.121086416235342, 5.548156350036562, 4.997702820970933, 7.063590761640644, 1.0303973078300879, 3.6587748118336467, 9.39232178577878, 0.6411109796872017, 1.890543495805182, 3.1662115571281184, 4.57170883750724, 3.640307531087327, 4.333248152042029, 3.08598213834242, 2.4935603563575377, 1.087492749867418, 6.928034558844645, 2.4945891275356, 6.551065850271808, 0.6095809041075243, 1.6527122071929197, 2.50985180707015, 2.166095889568429, 0.8241660322450642, 3.8022391672743368, 2.6974657226110605, 2.7553299385584062, 1.8799582293949473, 1.7970427100168385, 4.143989422276322, -0.14774245629069555, 1.7563650609847206, 3.774063240371829, 3.320881101737192, 8.825373962330822, 4.151487293891752, 2.7948993452219577, 3.4713343510015218, 2.4718804840224706, 1.0042902266030787, 2.335624827985433]}]