script/wind50m.json
{"header": {"parameterCategory": 2, "parameterNumber": 2, "lo1": 6.000198445256149, "la1": 58.999992894266676, "dx": 0.5, "dy": 0.25, "nx": 22, "ny": 24, "refTime": "2024-02-11T20:00:00.000Z"}, "data":
[rows 0 to 23 of 24, columns 0 to 21 of 22]
-4.819875718895681,-2.2404360794927696,-0.4742646224551667,-1.538107058995797,-2.9408583478262504,-6.544832644875146,-11.922943625536456,-11.409490229412269,1.0668133147395868,-7.735501014073237,-7.137226151754887,-7.22161086704291,-6.08920958775468,-8.24397468969615,-5.423717244061027,-10.145317176680786,-10.280064357890964,-8.864642548224435,-19.427057733914562,-20.008968080518116,-13.853803007477019,-5.56798494063206
-5.269536273156988,-2.9137683617076986,-1.359001743652918,2.7503913392145853,2.498852691943148,-5.1763047456456315,-5.525280362571878,-6.49896066380565,-17.291571550839866,-12.187657519850816,-9.985614975695357,-8.07048550299856,-6.130593381659696,-7.7644496523959345,-5.005037902787904,-10.422470304646957,-11.214619343170446,-16.675603264178115,-5.517159799806999,-6.954235143668923,-5.672944866952532,-10.482914242695367
-4.154079501871617,-4.4857031878445905,-1.093540542314987,2.7940582792217095,2.874243577594979,-9.797649178103505,3.997548568957688,-11.15112488060361,-7.46669353152786,-9.678070120333128,-6.608562519472939,-5.451770383213647,-9.426217642763786,-12.722523804734932,-5.670183041652256,-6.9929658850788465,-10.042152296441197,-7.492604962526557,-7.935355150760167,-13.292209275316837,-11.800938745545428,-8.075873916918281
-4.526863404688043,-5.102785248203248,-0.6809324454651077,2.908626752985441,-8.982187533433674,-12.579193165104705,-12.069334913509813,-13.662771853221107,-16.49136039016498,-13.878563092208088,-9.856442387239188,-9.921113536091713,-9.708731046400493,-9.607810593427072,-8.447186007946506,-7.80520118277596,-12.683849520725841,-5.586717124803592,-11.790822426154216,-19.221309751063778,-26.027049306579393,-7.296528238535472
-3.9625101108000624,-4.2974231514997685,-0.4889312474636931,-3.5867412123079,-10.843541274115372,-6.52196167559366,-9.349745490671387,-5.152012465257721,-8.898760192117521,-7.922087131546849,-9.967174720513507,-7.131601657122482,-7.2513729267136755,-7.673752212718629,-9.298322375000406,-8.380731384574357,-15.833208738437378,-7.325651385604331,-15.388453105467454,-5.338688668718911,-9.435100818822967,-10.603347386769856
-4.6333692063196965,-0.5370484368229657,-0.323765141581807,-8.79066896141344,-3.802947621225206,-2.9402892014533637,3.2913953012728077,-11.446653113728212,-15.33086647150661,-11.087033119554789,-9.598536599954041,-5.241878703625558,-6.703726494217018,-11.041938366254001,-8.811103854050101,-8.522970407826122,-6.442498553302441,-11.051974843041272,-9.201138300004496,-6.815073707727684,-12.412503239939673,-10.491973829396722
-4.786498949270736,-4.772672194132304,-0.3426269605359987,-9.153247285489433,-3.0424066449821225,-9.932923818256162,-10.792345632147807,-5.945756381479443,-9.12212625629226,-8.911378878069442,-10.893836165236127,-8.891395743068816,-10.1156237966508,-8.08731176507758,-9.620007308268988,-8.85811804107593,-6.360156308060454,-14.40897724967287,-6.659092738637877,-14.278850865212362,-4.895797419415361,-5.71244954119495
-4.746586967012809,-5.388721065799951,-0.2445646279667341,-3.904151557224316,1.5050678256452583,-12.020226670789231,-9.004358696263804,-4.557304595642522,-14.894650898572563,-8.419615365992827,-6.92549015762769,-7.431032449206628,-9.480139295237532,-7.304406275640003,-9.971390230225474,-6.802513867717936,-5.351212784280996,-17.20153131121224,-12.329192752818063,-5.704468266272578,-10.29468836032496,-12.248705841051345
-4.488148747257646,-4.904162242252911,-0.4639595612326806,-2.4310414051170386,-4.279610381034961,-8.998182865629774,3.610484271558066,-12.622835065471202,-9.342488855356066,-11.088159050493596,-12.827075153199688,-5.997012579951389,-8.501394030831937,-8.642978139483535,-10.745932679659878,-7.710117389994694,-6.911193821770067,-17.400296862049807,-13.572892741744711,-7.385307648379236,-22.069951305243524,-6.108561863711787
-4.23616665146035,0.700115438555711,-0.4039648050570498,-1.0938363016209671,-9.577886649921894,-5.136205617704834,-11.498211755212107,-6.673520542159365,-11.9732935645909,-6.2955042671790595,-10.339476407156948,-6.851358864787548,-5.881929632617059,-11.395985478359176,-7.345339790486423,-8.287020038697168,-7.383209374860484,-6.668533853824533,-19.920710663109876,-12.653020743006211,-5.926063634005394,-14.278867299238472
-4.85066852020848,-0.47946034125264314,-1.2859054156425074,-1.5404696531942355,-7.2803025774276415,-10.224533764765287,-5.758441226595242,-12.104296347712786,-9.224750614526776,-13.811892134148122,-8.090776689531861,-10.082100320071637,-5.545981245539853,-9.654036506043532,-7.650555135188663,-8.979194152729914,-7.494573454915429,-6.193651113281856,-6.715742137517469,-23.037251301740064,-11.190567327703553,-10.543261010171726
-4.3514165048936935,-0.12704660273056592,-1.3831744326476374,-1.289240163307905,-2.352567452525861,-8.59975457383025,4.756014018961953,-8.708105544941617,-12.133916075208026,-6.801220234793485,-9.37984531177186,-5.802600996313814,-11.103887262250755,-8.193908703063707,-6.043946346942438,-9.289775241950592,-8.907335835008572,-7.193983129433715,-9.512680445669423,-7.506459613232617,-4.492653680244472,-7.821324033806945
-4.802344596624056,-0.05081339886614791,-1.6315653037869249,2.5372131372700486,2.8219459613073505,-3.691286885007462,-12.579686818661054,4.002761103007751,-8.986360543141373,-13.461185860002779,-10.294556910767499,-6.845985832511878,-8.334813742062241,-11.133292216558322,-6.336504476372891,-10.45449691717393,-8.780911853685227,-15.378994314407699,-12.35596832125855,-12.84662122887079,-10.547043975810318,-10.685703732980443
-4.496298699233084,0.35065253339553715,-1.3329055391969804,2.2132509206971567,2.8361336667998174,-0.008044204651045887,-4.104903047653534,-9.756750147571884,-12.412249705441726,-7.987923607683767,-8.668540316504199,-9.840334836090259,-6.892059496696866,-10.361260820862501,-6.991634505197241,-8.44856222712948,-7.696678898175841,-15.586608084738959,-17.532585910846667,-19.40655933499032,-14.865919373511653,-8.395998954666343
-4.75707915627025,0.5779834843908732,-0.017279667215004166,-9.066355939798923,-9.334141986688302,-10.617907501673194,4.030161884219797,-5.824274428268315,-6.957188028928928,-11.599743443428245,-9.521483210989704,-8.120510370871033,-5.991888254438985,-8.58237893516509,-6.985128575308082,-9.122362204171228,-10.222254838208222,-9.207725573278957,-5.864719813274961,-9.42213792579257,-6.742192773245307,-9.273343840424687
-3.6781199557030315,0.6656821494789155,2.4586729824564353,-5.701166491487934,-7.852412468571001,-8.023605830855812,-11.752955481416043,-12.344102884778424,-13.037398877798664,-7.683914396243587,-6.161204796288177,-8.074907293426415,-10.549349822979377,-7.880957888360207,-6.2377133482145,-10.633198357425998,-15.98053971575297,-7.514228281367871,-7.671732023164599,-12.319424504264784,-11.937880759522653,-10.536806918596755
-5.224926472869961,-0.5336189534399621,3.3383963750073593,-3.2852573131152387,-2.273512132664728,-2.5364479402542472,-6.421628714460619,-6.865293288627473,-7.179598261860088,-7.461358700440103,-6.240954634787875,-6.908932248081415,-8.290763979113786,-11.337893680854346,-6.0204802034121645,-9.850868712334032,-9.19014197372493,-4.571232341366917,-12.823921807544698,-22.557598622205813,-4.929748264023834,-8.915980248574565
-4.3440820896072285,-0.4893625931829235,2.4154788649193026,-1.4354871699888472,2.3583314856129,-10.064833780103156,2.9070337973952607,-12.517649838291677,-13.23261525711156,-12.403418192216746,-7.057209353969698,-9.857547980550228,-8.10829085679868,-12.060791881443917,-5.654101256475804,-8.960111187902951,-14.259952060790603,-8.330762436456798,-17.120750093471727,-6.49239986050391,-10.530533451485466,-8.798415239168401
-4.559784733873141,-0.3995022700206304,-3.878483910357949,-1.745796671379452,-4.258907747154654,-8.313597452364453,-12.069241186916825,-6.67859233086917,-6.222911138107491,-7.884675079634613,-7.388408573845556,-6.432621531128406,-9.060504974246895,-4.622107796914849,-11.807964129183018,-9.544204746095845,-7.509655458042795,-12.560162579676428,-5.6814573812001,-13.386829791650584,-12.400603806733647,-10.086054577580375
-4.068991661749195,-0.20663775610556498,-3.280671758366253,0.33449789244777106,-9.888710471954298,-4.104243872702057,-4.947667573566376,-6.5281247229122945,-12.896351609617687,-12.268358520514676,-8.02662637095454,-6.026791926732884,-6.153481863265489,-6.142525572482591,-11.601089406013525,-10.502384805355051,-6.868311083357054,-17.46073213406353,-7.998010505193383,-20.46333815113034,-6.337698937392119,-10.571229975563824
-4.293829810971032,-0.1531022434006369,-4.081628101365096,2.528277126080059,-6.238320733740823,-2.85921136617901,4.9471887637286205,-12.30142434088264,-8.975801417527702,-6.81315480375722,1.1936550117720213,-7.939967433281194,-11.315628398717648,-11.399967079051248,-9.20615261296485,-8.876935282533662,-8.513452615498649,-5.3929494889381475,-13.081158554079321,-6.473675967381097,-12.843098585978156,-7.09497637839276
-4.316927057487558,-0.02425687515053554,-3.9039409303350006,3.4994558805809155,-2.456111879259468,-11.311544326008484,-13.62771206308083,-7.978189728317252,-11.766649083125614,-11.115491536208726,-6.618266082433604,-7.774543171491494,-7.62458955584349,-10.855763104926076,-9.023853933638494,-10.342227090974864,-8.842290945157602,-6.513565758179694,-16.737244952007295,-9.448537462624326,-25.79112454204957,-11.714083930370363
-4.157504775093042,0.1732989658468611,-0.0626931766690549,-6.813781992146936,3.217016374782521,-7.542483062295793,-5.375215541886318,-12.545091709145352,-7.514089462891362,-7.224883599944502,-9.210943938668283,-6.4546821201030955,-9.001246902465835,-8.118787928975399,-8.793143364765424,-11.49542088672074,-9.274825349668276,-7.292983962238177,-5.81397665875764,-17.5968056714545,-9.35596943944913,-9.775758336319209
-4.276253150557291,0.19339554864836656,-0.7549115607224129,-3.3432068724484734,-8.457313043833924,-8.759223721095909,-10.466739791701322,-5.931665303334615,-12.421961483555972,-7.432643622107634,-10.89274853725122,-5.052633789469175,-7.937102628967062,-11.591584910217698,-8.943411442206292,-11.463890241199643,-8.026172963306559,-8.503034876449167,-7.530550599448758,-6.954740936760584,-15.85539464193868,-7.5808966822058395
