script/wind50m.json
{"header": {"parameterCategory": 2, "parameterNumber": 2, "lo1": 6.000198445256149, "la1": 58.999992894266676, "dx": 0.5, "dy": 0.25, "nx": 22, "ny": 24, "refTime": "2024-04-04T06:00:00.000Z"}, "data":
[rows 0 to 23 of 24, columns 0 to 21 of 22]
-4.0500608206040205,4.655413744815298,1.0057726773521498,0.59670243284847,1.4430334036881847,2.5361851329453384,-9.344787177933497,-12.114215061090373,3.9339211164150796,-8.063019953378166,-11.39355980813401,-4.04436437076319,-6.196112176312389,-5.745436543516693,-4.6552483848984165,-13.09124355624445,-13.455082686157029,-11.959690550414244,-15.077380665737861,-19.011003842694663,-15.435847592966535,-8.250772114545418
-4.040992378975288,0.47183003104862065,3.2903179555536295,0.23829255600010754,0.7959254909418895,0.9428110780486488,2.687944839630763,2.1710125299161636,-13.555576304997155,-9.248386008057533,5.118856493685867,-9.15358569306087,-5.691241599995376,-7.253645737474528,-3.888414729249122,-14.329229255973642,-8.685632263541526,-2.815109375015063,-4.330325936721057,-4.979941711260806,-4.358637550227307,-14.248883212147215
-3.4711447127125097,-2.8691338379690845,3.486429788290341,-0.25994413807974637,-0.09956171415561654,-11.62968110521159,1.5893547476091778,-13.023800902923277,4.567226138116171,3.108414248788936,-9.849671644191165,-6.115863699835773,3.0421937648031165,-14.344515705022719,-4.395001102210463,-7.167356730506097,-10.233502141075729,-5.12968230840148,-7.067589336362893,-10.825319613431184,-13.00732706831284,-12.437498670293365
-2.4052458203541724,-3.3405123613760255,4.243306757954565,-0.10060655201692953,-6.572366109878479,-8.657003008020379,4.208671614100908,-10.055221162630874,-13.6980602125766,-13.015330620680876,-11.22008106378144,3.2482256159832934,-9.19420255261515,-8.889325886256746,-5.7668640316972635,-7.441485486873409,-11.69997409555586,-4.742975694315768,-11.006224618689554,-18.640028660781212,-24.214937619996373,-8.849657399487437
-2.6303912408201686,-3.745554710866315,3.965383916745399,-3.2848903050740144,-3.1453187145815944,7.519669766566071,3.273308252987126,2.585164338092691,3.3353182765953377,5.472500748914162,4.885546421998705,-11.716352524547974,-12.286295103436478,-6.85471414718167,-6.991708954044199,-8.305220513521595,-8.292341780384168,-7.512826943374798,-14.908890839045856,-2.9854243748725504,-8.341721155126107,-14.008662203464302
-3.5161209009725045,1.2417875993299718,4.179434251764279,-3.6146747334189615,3.315419081199055,1.6314835724934584,2.052869727213635,-12.230323580859292,-12.864326915679806,-9.412315598153173,-12.264582152185453,-7.648480335870244,-6.333723158850715,2.953488161575319,-7.337277137185052,-8.160286719591877,-4.6430934929665,-13.554060166841115,-4.100199612575152,-7.946993059240957,-16.50445277724757,-10.730077182813952
-3.4021574518391295,-3.2795716424156542,4.559340081796192,0.14815041074963572,1.399273559378007,-11.51748885579371,-10.741406198512868,1.7533192915933924,3.7914704757778606,4.858981362032608,-9.991782179755967,6.152593911572671,6.354107126918856,-5.34324296734739,-7.750088508163843,-10.695380021912262,-4.345851767225951,-13.377918042422136,-5.7007592079732,-16.030624776928654,-3.413462742469619,-8.579153947084865
-3.7650066865582033,-4.464103031951353,2.8877732083608927,3.1351645910293433,0.1935430988504693,-8.085381644075591,3.0747789733095985,2.6407934360661525,-11.994521703274696,-12.50325943043045,-10.327311699553414,-2.281401989519378,3.5604059176948506,-7.463367506656174,-10.392168380996786,-6.789481227112686,-5.2568797132190985,-11.011032483089352,-13.326482283177072,-3.6970641869071845,-8.551970955699495,-13.318387377825637
-3.5378903414305007,-3.5419694844752807,1.6807117337317707,3.557892211633682,-5.490487344101879,5.10374292212104,1.7242977511541413,-12.5925918265085,3.8903567041610603,-10.377676298429993,-12.899064374514062,-10.06445475224478,-12.144768741400663,-8.668106833600506,-11.361414366046185,-7.401487796246939,-5.717442811349182,-6.77260385366246,-14.705370756368533,-7.70678950536246,-23.2839473242853,-9.781942520063724
-3.6206515953516027,0.942309252159538,0.6592974229599586,1.6283242743392308,-5.906992167033277,0.8162206370047435,-10.131087747787777,2.6482821624290778,-12.590676702197756,-7.381099615175495,4.339338730355417,-6.728156137552533,-6.19570545522633,-12.538077963583216,-7.618872795744176,-8.04425958483229,-6.9183485606901955,-4.343086530275127,-15.103080009451064,-14.363128386031491,-5.624028349473466,-14.775644596666558
-3.855557285117577,1.2373303407739007,1.4530934747563868,1.374476422681767,2.5618848145997504,-10.291036490624052,2.7711069201800957,-13.032625925336225,3.8588867341772772,-12.96061738384677,-9.388239302333083,5.3866502015297115,-6.808981013363227,-9.18625280501847,-7.728833940065736,-10.443448312248632,-9.673775203759243,-6.920561598385585,-5.450628251862018,-18.439864998829044,-14.022177767936627,-14.005163115855384
-3.6442255431249344,1.2487807602550387,0.5933310213364986,0.945179593081041,1.8954201428283506,-1.7140753736658842,1.4277098895455094,4.8252745656326255,-12.847552820313911,-8.489569429486057,-10.253832298411497,-10.297308480035078,3.5997287639692788,-7.059914341708542,-6.713757733122158,-12.064575441363944,-13.619665150524746,-7.292143365171999,-9.801501533165528,-6.624769743655015,-2.914171383967529,-8.794327836260507
-3.3273976120922963,0.4845635080690347,1.260241005501141,-0.4121832172634357,1.2814815308949028,2.6683061949132134,-5.748377021080465,3.36184456036352,3.152412114346682,-12.985618369268911,4.300895060102312,-6.680264705436872,-5.160482829893562,3.7898820056005675,-6.71164981125947,-14.557646404944537,-9.712999977673805,-13.292438685602301,-12.823680651206702,-15.557115697338102,-8.380974319159495,-13.731879501692433
-2.872511249771841,1.404550577871437,0.14710058374300403,-0.41091088014145855,-0.23059822727097692,1.046088496318752,1.72137388584519,-2.4269423180425265,-12.884347388260757,5.696953985609244,-9.516631186760772,5.73816094324385,-7.217648962239654,-4.088238613142249,-6.770291049393856,-8.611248092017396,-11.155202370369073,-12.741022529587687,-15.195742497378237,-18.85130558955881,-15.759788646460592,-9.269399968576307
-3.530311607935894,3.1626244584269703,0.09303303183502466,-3.0167805009726325,-6.5569926389634245,-8.584595498125955,1.2350077153931653,2.5160541569501156,3.7087045972167734,-9.74295596485999,-9.940093570602523,-2.9354190193917202,-6.137416340932971,-6.663515713496495,-6.433435163054393,-10.569433206822188,-9.782016854939092,-4.65986624968037,-4.489937774297899,-7.791396322773908,-5.242883020037055,-8.462091522585123
-2.826165276356268,4.089587781469932,0.7231498868652539,1.313064294579982,1.7522146967611463,0.7511404414718845,3.51965374131956,-12.700707935041633,-13.294082685925417,5.802212274690664,-10.804863380019347,-9.555919832560186,5.298923550913825,-8.241597769922107,-5.722466118077547,-14.22103514622348,-9.784610135550171,-5.505920010668038,-6.636216495721866,-14.185946744075926,-14.277311105618159,-12.745056707348574
-4.296271395692632,1.2365907687071285,-0.05434930579698366,3.942838561184634,1.538034755715035,2.213748923024532,1.74577018751093,2.4775627633275557,2.992250765174826,-7.743449925783724,-9.03469541236336,-6.687786502824692,-3.025880402720518,-12.141580122147529,-4.657228895604743,-14.471139038140187,-4.796793816767391,-5.220459243460659,-13.49383141732958,-18.275199952901815,-3.108761108780016,-8.382718211932344
-3.0716223166504935,1.0494454153252468,0.11067395543854397,1.4202861574386338,0.6567697015095227,-10.376017832362635,0.5178893120082925,-12.661075902133138,-13.681221733887527,-12.387912097037457,4.9098359362727155,5.68514897443205,-6.055282306459515,-13.310915754264839,-4.498429387514798,-8.984579573107077,1.311970845450669,-9.31387250241568,-14.335753887586682,-4.902827941138553,-11.681237992000193,-12.707543243904704
-3.246631494770383,0.3320235871416849,-3.805387220292695,2.1524215395512845,-5.4814851301866785,-3.479804369816978,4.176691483673751,2.5671683361834714,3.9710706109154925,5.002511677816286,-10.032359419213032,-10.557800110865626,-9.243325388359123,-4.86576782585019,1.894113260009843,-8.983949282017042,-5.183640204915666,-14.317614669857761,-4.2781381955017155,-11.987106164405445,-16.51077890391727,-11.2276475187002
-3.111535930422529,1.3140217544642085,-4.089186560956107,0.9004352679515899,-5.51584235459691,2.761249515350634,2.5570151865840383,2.4310059597375973,-12.971777546073671,-9.44862060963794,-8.602829353127177,-6.469361747978572,-6.291376290820901,-5.734006607121655,1.9325163744403868,-12.888616022190389,-5.834226463339741,-11.636068670171394,-7.423669907209052,-18.997761844285286,-6.0537194366737745,-13.465280291142573
-3.419518876302243,0.17840208175928152,-2.9265551720576912,-0.2894432975288148,2.0279340727060453,2.822250524080025,1.3404033652074345,-12.62175548017473,4.707904289313035,5.708444723431693,4.554111316844152,6.486364197254977,4.238465206650229,5.022875437337445,-8.000591832613058,-8.737380260698318,-8.73467420458884,-4.166293924743191,-15.256722212736173,-6.571417643668877,-14.912544864056281,-8.28565075066536
-3.6253508143240443,0.5376652753718869,-2.2689936001729625,-2.1557955603125203,0.2334923194186459,-9.067998071750932,2.031040680847148,2.1187658328224863,-12.241823524047529,-8.38095550751022,-6.056659087937367,2.9217008797945145,-3.511137660225575,2.529723450366247,-7.515115262326795,-9.341965738296969,-13.062531960443026,-4.598004386614982,-14.411416789385644,-8.180046437889136,-24.070840003256553,-13.33326268131527
-3.288472147225227,0.9121190225822493,3.9259680748938286,0.521237570118357,-0.2454501357945558,3.719293139033155,1.4857445451603943,-12.305992549559743,2.527218808706019,5.776956302533934,-9.585413387835997,-9.881298104757885,-6.763069776311699,-5.144753714731967,-7.4954441716521245,-8.281797429248208,-13.210251107456934,-7.240453284759853,-4.42243800546812,-16.855510776517388,-7.825371832196332,-10.533993051544577
-3.046802078484504,1.1808060944626488,0.679781464263117,4.194334784177636,-6.937983146600354,4.2351520052434815,-13.106351258774348,1.7623975867551216,-12.921555375773034,-7.932035699435533,-9.615833500240829,-7.620427253457252,-8.381939892032303,-12.376563826622741,-8.064603977280461,-9.633671622077976,-12.203212121483043,-11.187274258131055,-7.152233402894071,-4.682688613339935,-18.610481262399198,-8.929946195569453
