script/wind10m.json
{"header": {"parameterCategory": 2, "parameterNumber": 2, "lo1": 3.000054539987559, "la1": 64.9999836372058, "dx": 0.5, "dy": 0.25, "nx": 34, "ny": 52, "refTime": "2025-06-16T05:00:00.000Z"}, "data":
[rows 0 to 24 of 52, columns 0 to 33 of 34]
-1.5973927291693126,-1.1933368904707893,-1.6448804409930913,-0.6328648858153192,0.8485515631136246,1.7205824235224283,0.788437429037388,0.9003063906217534,-0.12130727599838506,0.4661334449493402,0.807775443869379,0.9452169386082148,2.1997584575079827,2.545368110599796,3.0515554724569447,1.8344880788616602,3.133732785681145,1.9986095485380768,-0.13430498693191306,-3.691918689533831,-2.270996841900405,-2.0615880681353107,-4.65555182463309,-5.021606684791586,-3.6241918271177456,-2.3307164975356076,-1.8483243264251141,-2.854047855989234,-2.3963797268881755,-2.391717779702352,-2.0808136938642354,-1.877625325583891,-2.389115543868241,-2.159096517027005
-0.06723587223378204,-0.10364984046280357,-0.4715286965267941,0.041397335054388286,0.8559756113178874,1.014848002151506,1.7027112160737268,2.2779180478623706,3.3243903979092613,3.0089688912283727,2.233277259180385,2.593315094482962,1.8699168783169193,3.0896829807123907,4.737939657856639,4.596929238289546,4.599581011080311,2.8161444487580587,1.381407246625889,-3.858124801922029,-4.658925024107719,-3.671811158518561,-0.9894621130703568,-5.916172692008298,-2.4609976758194274,-2.7874020439249256,-1.8009549851184374,-2.777682076603061,-2.349797281286485,-3.273330140821429,-1.922351557898882,-2.1505129314370715,-1.497535542173821,-2.045427774397428
5.149104984880608,2.318901230857128,0.7609594222848626,-0.06722794098491125,1.1338844851728822,1.4423862587266274,2.2425675805119165,2.3382172499057052,3.6993315290656104,3.0937841673031996,3.55953321965855,2.4330335551592954,4.857455376432542,3.0940636801333814,4.365031611669951,5.341630636107302,4.155754874062334,0.885109316132947,1.7146426760673235,0.032059998162621964,-5.246973539369786,-2.1109104065718998,-4.535201803294412,-3.0291649292864045,-2.6243732830718973,-2.1472070807211163,-2.2233356929088,-1.9307419879960332,-2.678518180975358,-3.302595774160723,-3.104508842330773,-2.169753127186435,-1.900893627316072,-2.160853984968798
8.981067427068547,7.769423700818505,5.843105533927385,5.501250294672918,3.874109558096118,1.965865235497596,1.7765622882576846,2.6697607871588964,3.3649611518533025,4.254236207304479,4.348293416248479,5.484104512876521,4.340224677654298,4.936494041223166,3.3600732716349726,5.355265501842577,3.095171536933923,1.878006434028235,1.091115587922871,1.8003975937943448,-5.648444472001444,-3.534971212048868,-6.040235226809111,-2.606233419491799,-1.6026343469051412,-3.0893136542650175,-2.5442900976459444,-2.050176584566169,-3.111010553355168,-2.945257822515679,-2.4412172134533376,-2.688603430338859,-2.1706131348109223,-2.6035868196077834
9.824493285406067,9.758020859748925,8.92950101450826,7.576177936919824,7.987656321106612,7.413142464636046,7.346997422179308,6.552972408419031,5.904128924539644,5.891537331117225,6.158623448019201,6.579034602177613,7.887266765694967,6.696652717998556,1.2111859398246936,2.1728215370650195,4.923175546128507,4.310383843373963,2.3992761713852113,2.5824484187896424,-0.5434386788751359,-4.85330876017464,-1.7233421473353852,-4.5898036421657045,-1.625873021833514,-2.314221924114324,-1.9315424983353773,-1.5927376139218128,-2.7648329098873927,-3.084645432079231,-2.8338518805245267,-4.123786147229579,-2.2708483878272747,-2.0670038225576866
9.321497911033113,9.409232941149519,9.523789439376866,9.66662912933308,8.979548277417196,9.116843779627958,9.300369368173335,9.098923951218401,10.325738834714716,10.176736918419758,10.399661880239188,9.414405770620991,8.70251885123652,7.315618866225068,2.1062892717559563,3.6531892614923818,1.5909439605442641,3.5127450595613663,3.416740751583422,-0.10607242748661852,0.11658905800699502,-2.9061170022908405,-2.0911756997137196,-2.901365799942031,-2.73105621141597,-2.910215102232018,-2.070210752735578,-2.0626875594361556,-1.8603279826443313,-3.314417702777917,-2.884526961857205,-1.7531683051471387,-2.0879264100490804,-2.3418417002592005
8.86946687274459,9.281966169266912,9.18194965099158,8.619189301146282,8.35725427355771,9.247544186495697,8.858711437925061,9.79441428044946,10.746604926963155,11.898268365590274,10.871090868661451,7.348059940007991,10.17892974273174,3.8246801347966963,4.9399328667008815,6.3705727710477404,2.0345170389151552,2.278780835242717,4.072834666948201,2.0511316733346914,-0.1555163699789345,-1.7394122803816234,-2.3371043603916757,-2.4408675759256435,-3.0871626298479042,-1.4223504907072382,-2.2123906458991267,-1.389447114990736,-1.7841224266331621,-3.622125181838192,-2.929212320302791,-2.790977572445945,-2.169440890093545,-4.702114412259096
7.024900417662545,7.499864859499301,8.364445215743368,7.393346041385876,7.545466698215597,7.709450916250359,7.52500361362662,7.868661843364416,9.606990171953205,10.977252657967327,10.904869946440344,2.3170496412874755,3.286607133307071,4.529403525050967,0.9273884948398143,2.348024236968355,1.7858962043031985,1.8923521558926715,3.9483250672854298,2.9813787799513483,1.4126155841887966,0.47687266723070015,-1.4400116070133382,-3.718137223467895,-2.1135281620166944,-1.847124860417948,-1.989561941788527,-1.9588353246159909,-1.8714225128399105,-1.8931024529270555,-3.19955352202794,-2.345972305881321,-3.41081024075716,-7.824171600496421
6.7448712929343335,7.453301109627121,8.2612493893156,8.442952029800738,8.01241001137294,8.673578603671094,8.557254645397936,6.590942353772656,6.9354283325195425,4.044625358611904,2.976288101826925,4.092196423099653,3.3506458650991506,2.871542369150896,1.8965088936435999,2.5683538580150396,4.118775678079763,3.945010602354169,0.4810676335475278,-0.06848006241264455,1.1797012952540231,0.7487912389228633,-0.39036123918569404,-1.4103341952808173,-1.87736152692807,-2.45811372972694,-1.1657462190790229,-1.248473055785181,-1.3211000299519102,-2.0037569494299747,-3.1967854300584166,-3.678727953271917,-6.325073568050106,-7.808269231443127
8.177158889826215,7.808438922743036,7.011934929452083,7.775308370804461,7.642413983086642,7.934548830032347,5.580713331214318,3.4251322984093906,1.5343948240991365,3.275636715569209,3.6244005808301956,4.212625883147495,6.740036806640495,3.835351943782465,1.4545569575258523,3.686069333141272,2.023272315010445,1.9393726500153956,1.0241136147640333,-0.07906525510907086,0.5717141434244853,0.5509368109039695,-0.5564213761686331,0.27807645067153985,-1.0969800278079604,-2.0106155824952845,-1.6395691339122924,-1.4446550506515339,-1.6744317238538473,-1.5732030265449717,-2.998265079188286,-6.217671796459275,-8.871518513272662,-7.205781504603101
6.741951909356506,6.552181257201066,6.864974331610364,6.30245022173903,7.112989547172616,6.473145280646856,2.9124391164492147,0.15254415594074616,4.429449486911415,-1.1991228042278368,5.866694832406908,1.5208805724369368,3.6028578485768095,5.410153891933743,4.672313996445791,3.5995130869040675,2.5242250573935636,1.8880603053512643,2.368723071130441,1.4098473771498974,0.46240491981678644,-0.7972933985570967,1.464586348301825,-1.1936591859250736,-0.04741096516394962,-1.0277446247397561,-1.8440564841619094,-1.7212068281998683,-0.8851636849452202,-1.2846445418835564,-2.8643507862165603,-8.13074036280879,-7.092795128552265,-5.289787446917504
7.904238915471496,7.113950259180537,6.6583259129117875,4.927972999116754,5.857253994701112,2.179540649110515,-1.9410383841945928,-2.2553162119999413,-2.2205333462727754,3.8191045270338937,2.6673695034439135,7.745108486246285,3.826787465406453,3.9531763300229126,4.605376040197025,1.9541247636805774,3.053748694968906,6.237501326538479,2.538332553072172,2.35003845056459,1.4277327386454262,0.16394017455037055,-0.9742203579478534,1.0230828478525087,0.41527582294412985,-1.3131511502149522,-0.8782833592644862,-0.383602845839788,-0.28804338645936034,-0.9118277260565,-0.3490456334516739,-5.5697886891978206,-4.899716493328644,-1.9142920301629955
7.825040955864196,7.104786840776177,7.010576017106263,5.767885126556893,3.876696384775244,1.1339307193095545,-0.4723326019481221,0.30167472212398566,0.7559961320234025,5.484134206685919,6.776858966814651,5.403042097855337,7.302322588362084,4.5132656483343006,1.131766524624968,6.02792330936228,4.368228899790347,3.168984211725074,2.523164935178325,0.8467978461247507,0.5100328303754323,0.28104197336412845,0.08143022330312671,-0.025121435484610193,-0.5670091047100452,-0.3105299124726868,-0.7107663840030893,-1.0403043666171805,0.2410100214214702,1.3253370360208705,1.7169020292360313,-3.3330762050893963,-2.7470377846922585,-3.5527944156067734
7.2967908731509965,6.5645318506670565,6.964308906239072,6.373595132707882,4.4766099740215735,1.6540302505599933,6.3947526065236495,-0.30190728164725744,1.7104420581756854,6.481996672323979,5.539938247517164,9.613708594468307,3.3063237739275135,1.7266436860588872,3.812529794565343,2.6631119717991094,3.201355400102169,3.1424104132498325,2.933751163610049,1.2926334842204155,-0.16034599784318593,1.0138685494343302,-0.07481053892314912,0.7638789596501304,1.0891450479056188,0.7048741131633786,-0.8050314326169383,-1.0842603063399154,0.35456810229480346,0.9353915233319757,3.361567043713763,1.0087527466128272,-0.11076787666704943,-4.0735341306186905
7.308647578386161,6.698698836754556,6.837745383382994,7.236882480876912,5.286522504771653,0.7847338217839175,-0.09071626343839559,3.995060941369461,1.8226285718552209,3.6042172797333007,1.3604176597022937,7.285107431994089,11.634661880694944,2.886338646731125,1.8980424346771012,4.168368364297301,0.2796659879235676,1.8782525469712819,1.2808314516062607,0.62574782248908,0.803260208710015,1.2005917386371407,0.37629276766670616,0.5234625665734679,0.5955849235839831,1.74261517113579,0.22598906845735126,0.14994416844482458,-0.024368984916724797,0.29162732760544685,3.3080375088883773,3.66006835521481,0.9858896595971558,-4.694915413535348
6.957909551476576,6.609822624425432,6.084545581625548,6.513218305956142,1.7005225880911516,0.13206496935032722,0.2607434648071056,-0.7939491637441414,-0.1295067142701082,3.261381466866043,6.280536668093978,10.778630342571434,4.953924658370993,6.242862067056015,2.8449332959823006,1.9978180674943613,3.351569870830329,0.5305034505507404,1.0387641305499344,1.1141769366920011,2.175914676205197,1.3205734545982104,-0.4092486263825587,0.023715703940844456,0.1852744699726028,0.6576498408168989,2.676525886551417,-0.5303373501761168,-0.07058106551307017,1.315701219599172,2.3512100465803556,4.480010411829263,-0.9671589295460384,-3.6538520992857118
6.249745938815677,5.804659644135019,6.251337969265549,6.535728689385334,0.36194383688086157,0.6157504583133375,2.4420163672717923,1.250207503998634,-1.9900228187197413,1.9259549856660672,7.3346789155496115,13.759719568539529,2.4280095936151493,2.134432701659857,1.934003020109282,1.0449593299847544,1.9318721231260703,-0.007773834288917398,1.855763539476073,1.4033483421758788,1.8614464402924429,1.8342901705790446,1.234688449022719,-0.4219258212576129,0.8373773029020963,0.3282390097959823,2.1245458165137476,1.318450996645783,-0.8077664642382716,-0.048880544176793383,1.3298022327723586,3.383678082441441,1.898946325814533,-1.1708788903879082
8.799981727319278,6.893818450369417,6.322445785744741,7.102403311197457,1.0759165963545254,0.019587339306306253,0.8352749793218657,0.1467902557864305,6.70931571127354,8.726732320577641,3.6091817410904223,5.109365604099541,0.6158880647110384,3.3411458096706586,3.0815707570618307,3.908589886656603,4.896938176889551,2.1774052059748645,1.3069346011771585,1.6864235778889662,1.614699325719962,1.2195673881742657,1.3102738189694718,1.2455131238303392,0.13693218906944338,1.1779956626973136,1.9546427379899065,1.546690106138462,0.9466866606022979,1.1401242157726836,1.291569952076006,1.948244677077965,2.155899171746788,-0.43789132674879744
8.24720282457204,6.968389694726483,6.803893633584117,7.694080161052623,2.8231408790184083,0.3230635384281467,2.037056422252654,2.0123166686075256,2.372859196627544,8.766101377726017,5.54364759887235,4.6836536180807915,4.0725159483768945,1.4731625538482516,1.821335424666232,0.9840555068697371,2.3821035585854076,1.097737387975909,1.0835957891045358,1.5118320088255919,0.9797364199579783,2.261013007545437,1.543078161155107,0.6763350878474544,0.8376597735707813,0.4834823013553825,1.5540741524588166,1.5698957202822457,1.3881126248911244,1.4328168779975858,1.3344275065908864,0.0014697292439434467,3.336911407294605,1.9966013365871411
9.608042108036702,7.854281233625347,6.963684618257505,7.699364865509656,3.6598573282682696,1.326505048052081,-1.307629769559444,5.027383036769383,5.835907702466147,5.656035626726134,5.761065634949328,6.992426064080312,2.7204237777528792,11.326900739020262,2.446608380429401,1.6830586019811618,2.8454569317640126,0.9534814969092372,1.4928415864934867,1.4218830014458135,0.9898113966106037,1.2471083498732005,2.0174755919118734,0.853680459302468,0.8669565882452699,1.656091010601919,1.329534639736268,1.1759712101356423,1.3759292922836626,1.290430719719922,1.512606005813711,0.8446260345885912,2.4333864723333716,0.9172369174439179
8.121785266624796,8.840683647338428,7.48996890356107,8.605392337481243,7.865071847993744,1.0659018483058336,0.20311838594942005,0.8881018415085447,4.247248917341733,3.8148496216508287,6.9214728735044195,7.8618437185269325,3.503166893837445,1.5978810644518202,1.630330963538928,2.441466872276259,2.232172066435792,1.228399573087201,1.578006339168942,1.6957409938620998,1.6458144852463497,1.078149982929074,1.3841287234706539,1.2106106793737734,1.3485829786995973,1.6766337415087318,1.6139109249697188,1.0560234801449044,1.6010221004459453,2.0656772936827132,2.0279287883154846,0.8887926032454048,2.1895158630632254,0.8924795697863324
8.36456969863741,8.412767321179208,8.564780787790507,8.1377065293086,7.481879676838629,4.676234439453802,2.386191239682957,0.45618496474105064,4.710072650067814,1.4850678254319587,10.895867206325791,7.506143954089795,-0.12946657725476574,1.7970281953311948,3.2056072217953306,1.936558862854125,1.3834523719001741,1.4735186093208257,1.7923034337299955,1.6757688232921348,2.1062919147665724,0.6233334762957072,1.3605350429101135,1.3694053759148004,1.3578735262312507,1.6179141875237888,2.2944456248203116,1.6417047937954348,2.3034810403795665,2.3051784284768324,1.6019832779128194,1.2842446465579338,1.4386429748202572,1.7279323061275393
9.086622243768888,7.631948074832277,7.673807238876285,7.335008360491493,7.20354857309817,3.023059457553842,1.1812817976375265,2.0919969248011854,7.061685032020713,7.507846357594176,1.3373192160273881,4.560400687972326,2.4215161509941114,2.642744603280526,2.793184358881623,2.0182968324014667,1.394918939014777,1.4242773234605983,1.6590924132656535,3.2721860073288336,1.188164192648181,1.2067144138539947,1.1483963671130653,1.5968995766410619,2.393633480322147,1.5834600926942843,3.110596107490121,4.222393510233254,3.2610875800291774,3.1879216867342777,1.944445465776747,0.2963678109267469,2.274802707013054,1.974027057918026
7.986113044188506,8.22449752085046,6.391415621597273,6.071898823574797,6.21841404003753,4.264571148278569,1.7162865912764025,4.857096719463059,6.700465026078318,2.215293774241852,-0.07877248554415195,-0.8549290254247427,2.8289753751466575,2.132158737625555,2.277541656712157,0.6318286161481301,1.1537618974406638,1.2971125404227417,1.5413810923705253,2.460027924568308,1.442822298714678,3.9509396691792733,5.1045200889830245,2.318315122265462,1.7062852319977597,1.9894140601678654,6.749193758956506,2.8366624520005232,2.3971630796743124,2.0674665062614546,2.6508986126949425,0.7060785495830197,2.6927923248021255,2.132580321638043
8.80470066169128,8.049638941738168,8.108227413363693,7.399810517479126,6.578210285658817,2.4641025310314224,1.438101659467086,7.258996071906105,8.736874873116383,2.3198205809736683,2.889516365446985,1.9894861091214617,0.8053158346724734,2.718263038845231,3.838926702976086,7.200630998523195,5.893207085059752,1.3863812460929108,2.184132649086924,2.4850928988511276,4.996295338578297,5.747362284562707,3.5298496910400923,2.2356694214919286,1.402796916402863,1.1311934689235759,3.0781328491907813,3.605851132793024,2.758843916629957,2.3571882168467666,1.27980707530464,1.2501334198246432,1.8681663810330287,1.8018862564452016
