script/wind150m.json
{"header": {"parameterCategory": 2, "parameterNumber": 3, "lo1": 6.000198445256149, "la1": 58.999992894266676, "dx": 0.5, "dy": 0.25, "nx": 22, "ny": 24, "refTime": "2024-05-04T01:00:00.000Z"}, "data":
[rows 0 to 23 of 24, columns 0 to 21 of 22]
0.7950391398759885,2.4578709412372537,8.979722987679546,0.06542457116634211,-0.5171131677544404,7.594210367465362,-0.6415265999757979,1.8056543418422222,3.052832007777008,7.836118095088311,4.4988124111205225,5.463038176153107,-0.9941865978185167,3.8831031023223614,5.3452004434051865,4.859203581464964,6.6930854963022055,3.23745957772043,-0.8532995714132429,2.0846622469987928,3.784444046984202,4.560571917083862
-6.0933224124142376,7.856535361225962,6.246102757069601,4.938269181575003,8.313247158601978,0.45997456961782524,0.3527344115894573,-1.075918240141628,-1.6618984215688284,-4.744093922877038,-4.105421295290815,7.7135251583352735,8.401208602318912,9.17012305951658,-1.7134572229807543,8.814958945439377,-2.880218916554663,6.917378634733652,-3.97094404221479,5.158293439931091,-1.3417705305070715,-1.4938299837190552
-2.5435890553038805,6.988922327425484,-1.6823701604111083,-2.17756053430569,0.7626575022893403,-2.5875293304529556,5.618083889524552,2.2529557368789717,-3.6689253864160403,2.316321263177329,0.6831147060372688,8.239696607442275,7.588158667997373,5.663112580684447,2.0453258152080136,6.767202281767979,6.218462269215486,1.3609601668804727,-4.274544152055488,-3.5488815334149915,-1.551072006590382,4.801024908221791
-1.0568072935901336,-1.1002605322450116,2.77017115141389,6.487100110446911,-1.027293672730227,-0.6971785705506978,3.2832280298705525,-0.03733647061852531,-1.3659826299044004,-1.5053200841538246,-1.193819589886895,-1.0412241840401282,-5.423110957030757,-6.067811362910695,-1.9765251514146152,6.032642250448375,-2.1747331134003622,0.1404096632870881,1.9282273016814506,-0.7076943713601905,4.5622433057151195,0.15781271804839947
-0.04654289891420726,-1.3755937188922658,5.083133960692261,3.4774279023673706,1.989855448887709,2.6839669361551084,4.800837169067064,5.417855112189946,-2.1312928807013622,7.223063694294812,5.184747150922405,4.837348897244157,3.3158538902594645,-5.1305419460583765,6.311653640167958,-2.0854279338082495,-2.4893702286203014,8.526375528619388,5.874925684736947,-3.1169768058939886,7.268249236260952,-4.44412287488326
0.18828348198333394,1.230276710547456,-1.9923746572015124,-2.5173878311139006,7.958333628734356,7.068801959216722,6.736978024920072,3.521533317627023,8.416714925458331,-0.9655930734353205,1.5801701681682114,7.430799051502501,-0.6272488317775174,-0.02949623727068969,5.963199011939905,0.0366062670849155,2.189404482536175,5.002102476051331,-1.0223199832398007,-1.9515354987584392,-4.29509691619419,-0.316555569251847
-0.7338355259266077,7.20486344534261,0.8500786861922527,-0.9283521725438358,-0.3731327271040708,3.3294579715717103,8.26169878705607,8.602510810174628,9.155785085567018,-6.362172198991933,-1.9025216764371031,1.3732663851006972,6.033314673735227,-2.3357515992336384,9.327190369696915,10.264765791168315,7.078192859787546,7.803219298216516,1.6756966387614225,5.991919106561001,-0.5267961461790073,-1.2531512290491427
-0.1508505300142233,1.8152963314697752,2.396734753240069,3.268154350741976,-3.3807752665764816,5.853473334141617,5.7415972319552395,3.4651940707856155,6.977376072450412,4.524741679838591,8.619727007436142,4.42511383849743,-0.7234745773569575,4.798210462818791,4.5593063454932965,1.462960145381053,-2.3913172888088727,6.0878281888157595,-4.782322118909008,2.1850119617344426,1.1777455594535104,-5.43401001589181
0.7213568716363965,-4.8565682632631155,5.834910803179019,-2.006774837549951,-2.541744905444745,9.817846996674808,2.9671941339659385,-1.9494156841798997,8.588272446668228,5.807593571276005,-1.9857196375713282,-5.630225006612048,0.801324031256165,-1.3518842523905363,7.488589303557598,3.6891961370073743,6.578167253494639,1.5107613546072194,5.657350241336605,6.094743833333961,2.3089541210059936,2.262599346476116
4.270070873985873,-1.0344267199372634,-7.948462700995864,-1.4266955342947114,1.5047627305565292,6.057272164734327,2.9313925761790354,2.2331812661854773,-3.388432597884747,-2.7526620208145336,2.5486626525314184,6.010380672309583,2.916404311248195,-0.4921887990386961,1.7532303523140838,0.8306361889724589,0.6870753948886966,6.027690045737489,-1.1336448299940147,5.852900165237986,0.13264680062605708,8.484779303975177
-1.4456479854283724,-1.7081959697881464,-2.253798696722686,4.36673307475439,5.399325176584445,0.7964892846710346,2.5846038555472703,1.352500328439634,9.098167743395335,5.360707429669347,4.967825306232254,4.823868066805029,4.070605340620798,9.945866363268474,6.48426215129696,2.1537194275714806,-0.00758132551362889,-1.906084328499769,-0.4184521566323113,-5.5316926866612715,7.294571011515269,6.58093171714704
0.125765074429626,4.981906091990944,-0.8022324839548719,-2.6668744147388224,1.4589974852554795,-0.19714893444456888,2.4028280957783363,-1.2352863513858483,4.8789817105902475,3.167279462883624,-4.708101695483287,4.967709101308834,-0.276548527441987,-0.6618672205837263,3.2291229532913737,5.048777045381131,-0.5400608699181435,1.6297320732701226,8.944708743358925,9.367886375091866,9.201515830439293,0.8709715207933263
-2.353008302540783,3.246091816951905,10.138915627888615,8.122587922423422,-0.2925967941687726,2.371592614216898,-0.30285862509735506,7.140021968378094,4.746967307384868,7.159188914830679,-1.3582469923633913,-4.676919677452716,6.538830182637139,-2.292920596207625,-2.6599125076702284,6.701729473215626,8.314427811373434,6.236327111739866,3.628402741478155,3.186999208132766,0.1897623458884691,3.1043872905246497
-0.01866365835536698,-2.6732581578219192,0.5364594347628481,-0.10102044448474967,2.837148857750783,2.0276946866872483,6.522447784361061,0.5680922720376137,2.2167308623539768,7.578244141668619,2.4493393338635157,-0.006764353168834924,0.793042272067019,0.5696787641865227,5.788415698019606,0.8027450624112008,-2.8842926348904756,4.0988102089674285,7.378757679872564,4.986580327778455,7.311217590126089,1.0081564868689472
-3.328869529138587,5.5613524512091095,7.24964971947495,3.7048654047544556,8.146784261600228,9.360003050727451,4.579670819121597,-0.834516264216211,-3.5102677764112964,3.97842853468928,-2.809329381805953,5.421760993623679,8.062152441155629,6.400426564336196,-3.4881003398878745,-6.765331493630545,0.36311186027946085,-2.639124173548521,6.15812864783639,-3.5073390301228335,7.2361975936696235,1.4086253023083888
5.906610541145122,7.588200548193163,1.9055141824594999,10.2731401882977,3.090425630533677,-2.9596888613182277,4.361551209509568,5.361836307607733,1.0347876579984963,1.0484196325905706,1.0521599071163585,1.9778067716491852,6.658748804121465,-5.053267960183073,-0.4647957909771236,-4.230305823731489,-3.7360199474108953,-0.5036593096222342,3.2485368307955653,3.4511781217212607,4.555550206686702,-3.57603854533594
4.853568846115276,-2.006665600095066,0.7182355700608732,-3.263389634476301,-0.6025459820040989,1.9726288813258062,-1.139797356017759,-0.0733686723129135,-0.653043927115859,-1.941096128780394,5.632806311889561,8.206223095241373,-1.315758834402642,-2.822208975906202,-4.219150388988161,5.350354016074431,0.29707581246767717,0.3987460577721904,1.974759211745486,7.642729364229286,3.664330752764653,2.2008246407505534
2.64235900417127,-1.3509491229217099,8.77971757795001,-1.5457850281142915,-0.14284946869690285,-6.28533632271723,-0.13069645199568572,2.9806375662202638,7.0331486029876995,3.607843597087306,9.05130127884452,-0.8232312417534244,9.318908676247052,-2.627183889255245,-0.38397420646099373,-2.2729838608529787,6.528395775381852,6.1844198244417745,-1.9268511250285212,2.2973594142580507,9.589305287174955,7.723081020549842
0.8810839318029076,1.7675447403072884,-5.595501131173942,-0.036250494784813465,-0.0962177483461918,-0.12460996352730644,8.816814785314223,-2.040170780245161,-3.217686147549679,4.001300061559033,1.7761391489184946,-0.9835585372817371,4.0218158909605455,5.354275421556325,-1.7359676439003282,5.512795096921203,6.8856229107775775,0.7849901582054011,7.316900619453388,-1.0583126436433596,2.414664186269005,6.542708171169458
4.05684326141491,5.546818434977473,1.8073393190293905,2.0592687134001855,6.91889325140714,3.6121342775577667,-0.5848083951512735,-1.1957041425720825,0.9698168532966674,-4.476759141182655,3.5061082860109436,5.012588568328115,4.879313179175747,2.3055209993261987,4.901385156477851,8.100331885317429,0.20860561259324872,5.447079197734249,1.7835925663264462,0.8134266250116973,-0.6210656575933184,1.9823850846439475
-3.6341026505452194,6.052320803470431,9.609836462927248,-1.9992734801679293,3.123100775610011,2.0999798877745293,2.855456294425551,9.437963442530465,7.459664181972779,5.824946734273471,-0.19811835796685542,5.0515770155667665,1.5381168101576466,4.313180067104926,-0.11524818608885766,7.889617625656811,-1.445751663476731,-2.0784460291801916,4.79204572261459,2.8884811100799577,-1.8658332871434553,4.367634778791572
4.240391966503619,-4.041758654449384,-3.5559376883493297,4.848831276367348,1.890205675914584,-1.7183029354360106,2.359045203752601,-3.099427342692034,5.07015255148829,-1.1115393614568958,-1.9430753785794874,1.841176661662418,-0.35688474485858784,-0.6153741165857877,4.273706089372362,8.2912629767117,8.923053186637548,-0.788940585079475,3.5634441343330456,1.2868532011658695,8.393894531136231,-2.284453637658597
1.6311718681092313,6.42671437304716,5.989258357360931,-4.490635633385928,-2.379484794051676,5.301923559041361,3.491980904721195,4.9105022294094836,-2.195330933634053,4.694449502760449,-4.587583681164817,3.5224958818473153,3.43352345623265,1.3437803383056834,4.303106006350611,-0.45689290629298485,5.381010935240842,-2.8509849980845092,5.7144191024392095,4.584909697764013,7.539903535562206,4.225865107145983
-0.3078260887171824,1.9919498017290185,0.7771906073612947,2.2503418432068734,-6.974895813461823,-2.465329572122702,-2.4282541935368616,5.2691794653365305,-0.9774285965677809,-4.6436394580132285,-0.021181753355516805,2.603878360677245,4.901370607657963,5.8536459263701435,-1.8621014964280052,5.153556258827841,2.217929143794672,4.48078968244912,0.5803668760496768,1.7075720740168419,8.498644276209006,8.007484077638845
