script/wind50m.json
{"header": {"parameterCategory": 2, "parameterNumber": 2, "lo1": 3.000054539987559, "la1": 64.9999836372058, "dx": 0.5, "dy": 0.25, "nx": 34, "ny": 52, "refTime": "2025-11-22T02:00:00.000Z"}, "data":
[rows 0 to 24 of 52, columns 0 to 33 of 34]
3.65113899262686,3.2242175525780543,3.267047887986363,3.2752284854188356,3.3943305450015675,3.1932784989463534,2.545377611334251,2.2926349867020765,1.5553834265003343,0.7762249284363631,0.393982451755897,0.9234312242302369,5.405491110924597,4.238672295555459,5.198594531821016,5.995598689922575,4.091194442750468,-0.8769699198471956,0.13767009136984085,2.6442549742606154,0.15352265495120473,0.2501275196753451,-3.5646016044583537,-0.46557188811273315,-0.5181027545778405,-1.4450644141454723,-0.38247763075926966,-0.4377170137785821,0.6456716588662822,-2.923542115091154,-2.5359402757412832,-3.1184511297853783,-1.9319641428139585,-2.264450189101686
4.769940835179029,4.3843865994250555,4.19986149555059,3.9463621864324727,3.5583075957224897,3.101712697232532,3.0745999134887927,3.0407060141447904,2.9656317009413367,7.5004791348894715,7.7716652839359215,9.148992589355935,11.40058540841213,13.425424880258168,14.647330313771354,15.822698800174757,15.137653635514559,-0.4319613530678914,4.942628139152386,9.179151120296098,4.695007696948474,3.6207623254277497,0.8724431233269786,-2.501522833634,-2.3748394139248554,-2.5666818210456004,0.632626376160428,-2.564243151765934,-0.22688726842292478,3.26559646949374,-0.6669993037416727,-1.7991621225596586,-2.904040797728497,0.06635507653817495
5.157502238442615,4.383328286264874,3.804414553360743,3.0864743924115476,2.451827879141422,3.038484117605938,4.552166352504815,5.613636322446287,5.354994808638155,7.31797638567341,8.359549616063973,8.39243440505668,11.409690677615684,12.816068986719722,11.866586301859646,12.801095424546972,8.492873217646252,2.404058038688094,5.0689420203677855,1.6817585059667426,4.043125097435389,2.328310389427163,3.460109750791167,-1.5383434729095402,-1.262189445664445,-1.1223152095230338,-1.679290767624248,1.0784344951759175,-0.9638891099961043,0.7076433937294463,2.2019073454054627,-0.7239447585723691,-1.2457193804150544,-0.6151250594980514
5.625169008639244,4.9516332052192595,4.391644447047022,3.5613959069247363,2.389594307427594,2.0936806076000387,2.600306300413391,3.110193064009157,10.023129176057818,11.086322098570676,13.458421463286982,10.15746522700108,12.251219942126056,10.475136724170493,8.888880078613479,5.109839116659192,2.6288622060951816,2.2057224791697503,3.0795057224872555,3.6965308083944053,1.7604768839258185,6.064011342750384,-1.892850741523538,3.482418648363933,1.0566006098020262,-0.37844623115784637,3.035076417635878,0.011584364651266206,-0.576089362399244,1.1317589175979497,-1.0583186557150235,2.3555895864829446,-0.09098297165351323,-1.7991127427317606
7.363956889239628,6.604222590920884,5.504251385502115,3.6814385221121606,0.5720510353102685,-1.8257216147899735,9.390895144591385,11.082074087505417,12.876061010940209,9.833483753801003,14.473334294235219,12.560608427542316,9.38915561112987,8.153312638372347,-0.6052439824454906,2.6183429120165265,3.072845368911194,2.547611730039042,0.6348969062911947,5.426125831054543,0.8141011679552217,9.497925413123042,-0.3058317448197458,1.4852504852702813,2.631246064150043,0.9027588224131442,-0.7452520447259756,-1.810626930565476,0.32711329379452675,0.9087354317592842,-1.2194062666508063,0.862189782790084,1.0424764580032715,-0.5255962527446113
7.638410848565757,6.927600586675536,5.304538421542014,3.6871739655547295,8.579392900143121,9.621619929782668,11.424048186191223,11.866187477552131,13.682093869235565,12.511677748521738,13.349388870514169,9.908976007763728,6.977321418431783,2.2735517985630196,-1.3904786835325977,0.6285772135212107,3.351162367993295,1.8137070181684163,2.5089204672204306,-2.0682700268557666,-0.025750210142456292,-1.0274725498840815,3.912589390876768,1.4610753583574674,0.768539548611882,0.9997429242022261,0.6142566210167085,-1.509521053724648,-1.0662373669470449,-1.0287518088930963,0.8143111949827435,-1.734928978427389,-1.4068269084000955,-0.36496631088492976
11.037307660326698,7.542992497571625,9.587095735843361,13.032400827416335,15.123149314714917,14.881900154433751,13.685453082913666,13.313481323708782,12.641416628526647,14.270672421686154,9.424218843808978,6.946874641606002,4.656680856214425,2.0639326735225594,-2.1799214633570516,1.043248734548699,-0.533530161624149,-0.18412131505405235,3.273521364729495,3.3221665197676353,4.6421553765948005,2.4836331817609425,-2.409909904459889,-1.2174902955333264,1.009890932365753,0.09240420215690588,4.231836685860739,-2.0573137316212953,-0.16964393849330922,1.0278290322390138,-0.3077989094831627,0.390633223113109,1.9738365660227175,0.5149125875784445
15.09256559399071,11.568298736660136,17.136031931661798,17.82034454253643,18.046419874008564,16.32289889285006,15.224156514794299,13.660134649647487,13.221301344103724,9.59773322249778,4.237823442414095,-1.6959110716938253,3.904662995954186,3.749249098508528,-3.811615599768951,0.589981287919515,-0.8741801558593507,1.6568799034804613,4.452585740417381,4.982915474902518,4.086676295273243,3.1284598247720354,-0.21712810367505272,-0.8077739300547598,1.1568597268131025,0.6064154236357261,-0.5324756284671174,4.541009758641609,-0.8194427937139456,-0.9580759478989257,2.4694395186542186,0.42203672151040916,3.7415404866042987,5.229042733865625
15.363593191342972,16.00359503936668,17.779098371020325,17.897479915491097,17.349222919618136,16.264527745567186,14.62840191315834,13.211818855489843,10.793341083119746,5.530235370859839,-0.4283002855506631,1.2791094272848433,4.123012925733538,2.3060392477004767,2.0904649425754678,-1.966308552457834,-3.8291052068239444,7.525477931129978,3.643400867486638,3.9277718030424347,9.474346962034236,6.406275169085129,6.3924073802883,-1.1317124383172696,1.6220004464642155,0.8714253135719441,2.8426777746272576,-0.7447474169071214,1.667510516226081,1.5542068633889146,0.5427825218555649,3.0178251989537257,5.9375748925343235,6.155730265529382
14.927559936244421,15.821132698989432,16.22287154600301,16.316218902141696,16.360663535674576,14.976902499727768,11.864297987828259,8.627640158864887,3.851226230298156,4.096080070582986,-4.1399894107138255,-0.2592012767111306,3.7477399614431492,3.8665267510098755,-5.078883610401055,4.357374781957017,5.19936640018612,-0.2020563076092244,2.488550679634922,0.8666950863426766,5.23109768288517,3.281638266841262,5.154912236637057,3.182403080148686,0.6549966042381014,0.6625521227984442,4.380368396793178,4.056067833366351,2.150567895075961,2.1194069963654303,1.7319913721210394,5.826114393217324,6.402441887384546,6.086413847335539
13.966144719499866,14.411167932517216,14.792511377250449,14.032297717427406,13.510711591714426,8.62627038041511,8.889722797466057,4.559022402491941,7.81864462841818,1.4481562536681283,10.22685317215618,-6.645980933046673,7.939051437153745,11.957453480914884,11.240613892241845,-2.7786949185611283,3.2761870220872713,1.6759892738318818,1.055067643054722,4.326665663391564,3.122485375448372,-0.2156190497023059,6.679379601628127,0.49087516601809866,-0.03814144749028668,1.0617606103064854,-1.0278385895869224,3.0540108301211135,3.2407101882486713,0.4823943182316284,5.48584538365976,6.562689776794062,6.464775375464744,5.880933666014403
11.336870471204346,11.712759673636722,12.659782646061878,13.016450414883705,11.646502860454481,5.353913986914177,1.850110935024017,-3.67842962550264,-0.2531516773014635,2.450046283255371,7.910455168201616,6.670867631317278,1.9473623731995247,5.576347806708973,11.173455603146541,0.09177924544887506,-1.0587178079275796,6.23386954655066,2.4407513932784926,4.361399570636288,5.040361038511715,6.0144804904082205,-1.8186179036777272,4.6755732183395775,1.853260345315901,-0.7143556084572958,0.32244355314349177,3.9621113431979462,4.531715104715814,2.016229815174779,5.796130476050953,6.45954893827653,6.3874397409974595,6.253076346422869
11.208901523699568,12.395798186619915,9.403077028194788,10.12008146902922,3.053733726548501,4.139230386455487,1.9554325160051957,1.5634518827127957,2.226775404820723,9.657261567661,8.093876433861503,2.5305616670436155,-0.7102161190668843,3.2320159664690298,-6.361497055869286,5.913495959483366,-1.0886776616458633,5.665342759002597,3.6301445924700344,-1.0450517544347284,0.0007211496587691756,3.6086969479206603,5.708535946114655,1.9675532502955966,1.905901071599438,-0.24083339676889373,-0.03936130820235853,2.1764813237296567,2.5659365280101563,3.9459165042301336,5.246926287603042,6.572471994792642,7.153882843544838,6.996220516390886
10.989858364212465,9.914651384502902,9.49967353499352,8.906532789748079,1.3617400292008115,2.161283292074867,8.499798458711762,-0.35310119156850894,5.615288441992776,5.666661800474847,7.981714305837106,8.965429089800274,-3.536444941017058,-2.7147909783326725,1.2719199078208785,5.693090119282045,2.3608045696549844,2.9800138288094735,0.679518737918238,5.253558760673192,-2.1770402271049156,2.259275851070486,7.930419797980879,6.142235334316839,-1.0263805160424666,3.481074854221186,4.578047837063219,3.926899765544622,2.2612807410578455,4.129460214643027,6.17676147976491,7.131390552571525,6.986271151253723,6.803515102370904
10.961096965606748,10.469912310266226,9.404658986533327,7.941898779155506,-0.4291696294064156,2.6089679248356075,0.7146797805698774,6.543788930764537,-1.5864513436328647,6.323437090613064,-0.5061171540204199,9.450227611056993,14.417231534358207,5.061415397513546,1.59678374291636,5.1643316710648675,0.08180131775366346,1.8213432372661256,1.4783463774575443,-2.751428099754778,1.7879114883199725,0.861299476378043,0.9204300400110434,5.26421226112475,-0.06351748778021636,1.8189938251844289,1.8695214414265717,5.257799259284069,3.804770169483604,6.84985681076348,7.05912139405245,6.705606199665303,6.766919637325347,6.928680996220676
9.088601740572921,10.517820564098619,8.73017965630164,7.943768125805697,-1.6145223106056448,0.2064453616049265,3.2968676913669293,0.378638618642151,-0.6207818037371771,4.145478211845411,6.222936028601885,8.55374980716137,-1.6116770876915785,4.68810878407943,-2.23932155822376,2.1729199818567184,4.813536186746233,-2.1723076392937353,2.604387799695368,-1.385042671859311,7.50577440399785,1.5164259659464616,-1.4106898644525148,4.8791685838581795,2.0671014924013638,1.0660407741023026,6.240857841069851,4.035560620860721,3.286245522293315,4.758723175774658,7.301076237191792,7.8064542831855785,7.6451849647306975,7.393494385941971
8.657770923236502,9.080279314488275,8.320245573113684,8.416554711727704,-6.105187012955493,-2.9573742274977883,3.7943432452851322,1.536249037064452,-1.4713648114181241,6.478574554114114,11.225136968196225,13.714463216189356,1.597228668161747,-2.8540946917320458,-1.248825602808804,-3.4082094818293025,0.013080832536474582,-0.6704702521658068,0.2375172559848338,1.8789560286662494,4.758764755714913,3.963140523362574,0.44133560161551233,1.8150843914125983,1.6189766268017125,2.2285525035200933,5.705171032413102,7.156404604838173,4.342660927128333,7.384379216502641,8.475664596004538,8.406377816876477,7.837999956724177,7.361973930992091
8.689721221777504,8.570074467497218,9.093700565839931,8.968389655270537,3.119342089844264,-2.4900968775982726,1.6676095243959608,-0.481797659616428,8.308206631164827,12.902625783629672,1.7896453079865793,3.3594473428249887,-1.1908318355120537,3.308131693540698,1.1635797834317803,4.141384559592141,-1.2442898104883584,1.271631347910947,1.01538356228774,3.102774901223812,0.7501386973376418,1.336261898132646,4.339110554149826,5.245145240244653,-0.37657798402975495,2.090576060327994,4.093646629141188,2.7881648946644657,4.40444584604314,6.987485207792,8.424882160475454,8.675436771420916,8.598757893382192,7.976802211328767
8.850062082710675,9.22827585134957,8.77152427525313,9.732271859608552,6.504005364107634,-1.2605555703316715,4.613386935512249,6.995635030574185,-0.5268985266855227,10.703750573988998,5.93516884206888,2.038210782715799,6.659201574144708,1.0288759309715356,-2.2408270374226458,0.3768523131753357,-1.8927286254362083,-0.11291661567513875,-0.5966007281606165,1.7661980076644763,-0.011456748314197898,4.102164644263757,4.383948224445826,2.9974258912117215,1.598536029302704,2.2150015307089213,5.078855786608514,2.9617999259041574,2.2145687380805152,2.3473713956255393,3.8758369824039827,6.7476358412374875,8.460554421154194,8.624150475591708
8.75664631406306,9.02380546179127,8.280169325664891,6.982814230525525,5.680219334186766,-2.6686301574623803,1.6577105813717044,10.844201515946738,10.400077902994173,9.015538188146495,8.118886309811085,8.449087524510123,-2.2717153849681626,10.889468626376708,-0.07184337594803797,3.1275970959368853,-0.5068158005556278,1.250954725994128,-0.8318456035005877,2.3605436520054552,0.7773385808036032,0.04195058801628509,5.000139168544586,3.70453894681749,1.201814745683924,2.866666624353014,1.9702417889083295,1.94890847125561,1.805925590839696,2.194812705076458,3.2576062707712725,3.6767651840528797,8.412481262545604,6.471856071021002
8.68852686572982,10.1906262959223,12.383274870833871,9.279661763706365,5.495427189984945,-3.240986888216957,-3.6384678652013425,2.126236102696304,5.655581923553428,6.49997286815746,6.922451577559024,5.932709139890452,4.821029358313432,-0.08836497715709697,3.1539770693675857,0.25818496999170026,1.8421169206597752,0.6655557096136441,2.8452487871698233,0.889642752448959,2.9693838075228745,-0.16697586006156406,3.2537046106472407,3.908964116441306,2.8338886601949715,5.2339417683806975,2.5971880189120555,2.3225653930365766,1.7997685325232198,2.3643043666675037,3.0727268097549527,3.9148866691703175,7.728915134482631,8.888488974485124
9.928871443984285,10.74022322643325,11.219941877612266,9.538488136958328,6.926452167036739,-0.4268538092862,-2.270623358147836,2.1341103280935383,6.94794019221558,-2.649217986142403,4.4393660725252655,4.955299188079526,-1.7679185425981205,2.7391922757375093,-1.871977141550699,1.6673401141441504,2.5713661734255906,1.7935642694856948,4.616833267693255,-0.1301619143045075,4.039081298974075,-1.44458403167049,4.071658887341636,3.298212671812335,5.133114079968028,4.005599453529105,3.3672606364249256,3.280690682783543,2.2907979826562466,2.716202431655939,2.8174479032104,4.120263393623535,4.866735306862999,8.788206986928218
9.779276455128693,10.248276567747196,10.120584709908,9.894953932937915,8.307346014512499,-2.472221856027276,-2.725423360883769,5.326182216834666,10.201332326246435,6.903373497753654,-1.0544890807453022,0.5831511763516851,3.053541588627704,3.8574768751372233,4.673385054862446,4.469827423023261,4.470814035745717,5.090333610911142,3.2827732186939795,4.470626975375399,1.5586282494568537,2.4319173967816026,3.959373482686474,0.30274017701085837,5.627673257444359,3.014222489038712,3.8557094890486647,3.066081380547197,2.712250239856336,2.473249109883432,2.7331658712023,4.096576911654503,7.511785813388459,9.017618287971926
10.431805074133072,10.165636716712692,9.751397753840171,10.059885467602987,8.826399460933231,3.8276683893984624,-0.42732115148098077,2.1048186473888575,5.745340644061026,-3.318857383844876,0.6440638341334567,-0.18612365440666412,2.5468190721114063,-0.3438533602151263,3.734506950259473,5.177319897228549,4.706962130453498,4.8608793081434065,2.870327330521672,5.365887264190237,2.360370685505918,6.175301460986166,6.272582304426604,3.2316080942626773,4.482174996439344,4.8961442644041355,2.074840363907611,3.3559209286483846,4.110281904212791,4.513302286285632,4.518457101318801,5.4984206459593015,8.255542501853885,8.708081116481502
10.214168294180379,10.515098394722926,10.370770711716172,11.486580797128735,9.948336330604029,8.028961789921983,-3.3076194641381553,2.9983557788046027,7.695920798367061,1.578267444835582,2.6525367949939693,-1.6790832486643894,2.582074090259748,3.8291466890286054,5.162478973730707,9.231348410407131,8.920359687633566,4.445662552950122,4.891261880584032,4.042098458830296,6.058793084603261,7.341059444821733,1.1919877765011109,4.700630060296185,2.641771637663924,3.0965854376735096,3.306028625949262,3.439354993638048,3.7546373950729084,4.624787480066823,4.891856698882267,7.957716098796486,8.785856088942532,8.415359176297635
