script/wind250m.json
{"header": {"parameterCategory": 2, "parameterNumber": 2, "lo1": 3.000054539987559, "la1": 64.9999836372058, "dx": 0.5, "dy": 0.25, "nx": 34, "ny": 52, "refTime": "2026-04-11T15:00:00.000Z"}, "data":
[rows 0 to 23 of 52, columns 0 to 33 of 34]
-10.788760213516726,-11.184902805948111,-9.837554869039339,-9.054216078408999,-8.394668833892236,-8.001044137821836,-7.594611805378909,-7.698320935539255,-7.039118273812623,-6.836837699883797,-6.334652483198575,-7.2196326821639225,-6.05855700562153,-6.398165696280869,-6.344362096078572,-5.082369562202171,-4.209931659139846,-4.50825921592422,-7.229602324668167,-8.92604798360229,-6.770101516101028,-4.8313877631501185,-7.824819693950304,-5.44103437454791,-5.103928565126102,-3.0594047856958944,-1.8407391919496907,-1.070058149081162,-0.9263407133424916,-0.7057000322337562,-1.0337644336578422,-1.02823295556366,-0.19408831639816376,0.37749173031710825
-9.832197840505678,-9.85540184249555,-9.54888527051905,-8.823824997404113,-6.852095426026459,-7.055339800389854,-8.945490374012175,-8.045779407542403,-7.157499563261234,-7.289926879232083,-7.505193626487918,-6.136481499089465,-6.54067615847282,-5.751841156156846,-7.176416693555401,-5.759012985440311,-5.304721303537959,-5.272411385248914,-7.682396970966697,-7.820760227314056,-8.230870692889471,-5.89274912782978,-3.6555605879306627,-7.102098698128919,-4.642666180610913,-3.105331004687729,-2.195234802095958,-2.1269170192636393,-1.401157081355094,-0.17006035379028575,-0.739202314608634,-0.7819434739584311,-0.5348293748323197,-0.1753926054223721
-10.29707066243789,-10.530221550477954,-9.54915678285971,-9.840265021536974,-10.809986369828394,-9.583867297474598,-9.966365463889817,-8.593059956912946,-6.874175070998409,-6.869254278027795,-7.891998731444602,-8.156388679657775,-8.322487037460066,-6.585614725749465,-6.239320263439168,-5.960509656100747,-6.057230245697069,-5.055878565772731,-4.337464204352317,-6.418721582611214,-8.393374848227461,-4.982036303993675,-5.8309658287643416,-5.512589513240305,-3.3963257000956957,-3.9010017117749842,-2.870389773518188,-1.6011791510707318,-1.6392142175949687,-0.487356771211295,-0.8807549824367642,-0.9439809045042582,-1.547469144161332,-1.1580504899124062
-9.562245170728081,-9.083532602199272,-8.908958987295085,-8.419711391626178,-8.794403797874836,-10.987998940990844,-10.02678960335646,-9.027653848862789,-6.800788159574432,-7.93877485626612,-8.443928853380761,-8.596450932004094,-7.692021627968305,-7.4599599734719995,-6.622552543546056,-8.125882157384089,-6.421124050233198,-4.568515449973811,-6.823788565377042,-5.511875820904628,-9.981677825586672,-5.343598615457104,-6.006828040608282,-4.412119956789225,-3.933594783524809,-3.503359467873626,-3.2411710146874335,-2.2430620094145937,-2.397320286727962,-1.1601427780448959,-2.121233097163386,-1.2402937596137869,-1.2247671586093285,-1.4751037121071595
-10.153367534804316,-9.701942113612184,-8.297086470326702,-7.5955636301734675,-8.300266662963201,-8.48824102854191,-8.140716832174379,-7.166644844982141,-7.466564323970271,-6.928377706016855,-7.518848456661727,-8.50184373729346,-8.264297650247961,-6.705084140442283,-7.402957670216776,-6.705435071690081,-6.756289951570833,-3.7005212843098994,-4.917984009508787,-7.558786897837173,-9.077186949880536,-7.288679846448963,-4.469632054834062,-3.492010317703646,-3.521748968106021,-2.874580304184859,-3.305316376313522,-2.675750860239497,-2.5722145689831035,-2.5459502021132754,-2.276346145073807,-2.159224626677948,-2.2565908678273088,-1.5606269838648616
-10.000087140668905,-9.26418062322682,-7.812560199344274,-7.475679230670996,-8.19264063401938,-8.068197565204098,-8.670596025689095,-7.860584478012541,-6.464823662655099,-5.9687518646202875,-4.740339585765174,-6.648090397074608,-7.454154778706291,-7.981654960658365,-6.647777978294857,-5.390534872604346,-2.8438624363404306,-5.007320138767152,-7.310864742406949,-6.961494854063701,-5.717439198425098,-7.567182532076141,-4.401294801093553,-4.1696831262415435,-3.3376656206868422,-2.3831835825041,-1.9006717304483116,-4.148585183586358,-1.686976909805038,-3.4059467854422802,-2.5310702968496037,-2.3902875420892635,-2.0430807491955587,-1.6042872538981576
-12.678689677646567,-11.992745048481607,-11.378233724213906,-10.53826072620217,-8.640412113716572,-7.67991007122148,-7.998151571619357,-7.6450546963363575,-6.277324302817762,-6.4848401862088085,-5.264001848385714,-4.227439417931357,-6.075340038075276,-6.841718961871377,-4.8493521606424235,-4.325210298696073,-4.910515760251124,-6.832632322872803,-7.733755276756581,-5.38134255462699,-5.637050238132136,-4.981646331099641,-5.840102536697195,-2.8852231499755234,-3.119332522684266,-3.8555403926450618,-2.4406038818469655,-3.9639710537584207,-2.757738468760042,-4.359740096162171,-4.290758922934895,-3.164155574848458,-2.0837731428479898,-1.3690545401015435
-13.84767499102177,-12.988149522490177,-11.92157163339063,-10.655231637399957,-9.571669717057366,-7.953408037056709,-8.503054268651951,-8.249828479622114,-9.290605678506301,-7.81707645907583,-2.240780836003598,-2.5900116439696754,-3.9508728178741794,-6.041441036055496,-3.5974842852829148,-3.9109571211755005,-4.240942124959495,-3.732246783993891,-4.69787764370589,-4.44654481001032,-5.615762893342455,-5.095534630626756,-5.698294196095317,-5.37764169763133,-2.839854038485011,-4.0160566267143345,-3.9098553229304023,-4.321661200688904,-5.071055681099705,-3.456556379380711,-3.585555408721893,-2.779401307545269,-0.6857783325925756,1.5055269049886355
-13.36554171875907,-12.936806701177725,-11.878783454348449,-10.853097066700188,-8.928992235335308,-8.351189889277782,-8.337803866867008,-6.772512011395333,-4.6687057812128705,-6.338095743211986,-5.673832286424376,-4.522405538714347,-1.4638202562396339,-4.428758278570743,-5.659661100447352,-5.506164244354543,-5.496093005849766,-5.5697943918222155,-5.8789850516841,-5.243600209090366,-6.698015222650145,-3.603389778611989,-3.0647088715941933,-3.2719335519267445,-3.5527206719163664,-3.6642227170427244,-3.5969876241125793,-3.5310494836907895,-4.653058250147872,-4.4422279087005405,-4.747907245647981,-2.1106382919387476,-0.16789940120725833,0.9869420021320805
-10.494121325452092,-11.848515666868067,-11.38198209274965,-10.825109246372582,-9.328893685770968,-8.026036805638336,-6.373023970989591,-6.539827554182235,-7.240243568540867,-1.5370916103901442,-5.915843431364868,-0.20522119944154024,-2.097096928729544,1.0847750707800032,-4.625048119000811,-4.42975017491754,-4.223866597173635,-5.526873504944365,-5.92751890835955,-3.976819794063245,-3.44610091041859,-4.040499380403147,-2.5556910930318106,-4.098144338568173,-2.2986108711585276,-4.982311320820052,-3.878524653109419,-4.095631164764912,-4.056640407556813,-3.956544183951027,-2.954412469621654,-1.1886155529205267,-1.0634487009690554,0.1718845602356605
-7.868132607408215,-7.808120643341083,-9.287675759342779,-9.794836596434456,-8.512809768198814,-6.971572280935981,-3.273873403120165,-3.7845324314096755,-2.606371092580224,-4.669115514443478,-6.278789764747147,-8.745702837486103,-5.423339514749141,-3.4528945491760297,-1.7739799551517623,-4.109068249579046,-2.410666191396206,-4.82658307427942,-6.18212771543035,-4.155046282573554,-1.8706657530222204,-3.4801895814660746,-3.5629200946181716,-3.83257067137203,-4.190034291884465,-3.5135140872449377,-5.625178391465401,-5.045759206874373,-4.023886150453041,-4.459107208798394,-0.4811238895539047,-0.46794303168680756,-1.3223268500665672,-1.704781078383588
-7.648029613054216,-6.976701698390407,-7.326556342843872,-6.492315885768028,-4.09329316743973,-2.8964708929890333,1.3146948985031353,-3.0614438552471057,-0.6614458287263758,-9.626878816310036,-7.709787241800109,-7.855561976427619,-7.868960158086385,-1.696477405451123,-3.8915690182590796,-3.3483510068044384,-3.8635685528331476,-4.04392632170056,-3.7367430914559607,-5.052954431670102,-4.447948855534504,-3.5157577902464783,-3.0397862467960084,-3.6229576600392552,-4.031111105022104,-3.6971065691293177,-4.06701276277384,-4.390347643631723,-3.500767400942257,-1.3222913631408584,0.20060621956471034,-0.8160709226247345,-0.8038396249121067,-2.456012898985239
-7.089964807997194,-6.720388071261307,-9.112937029316459,-5.840183604781235,-6.578678624574199,-2.511181615057118,-1.6484565753611855,-2.739576810052727,-6.7496121676619,-4.133723669054704,-6.726847851144721,-9.008188200309279,-3.1613490339341066,-2.1203292179360234,-3.6355609307168213,-3.562172155192481,-3.8941822258301584,-3.832232214282068,-4.468643291386947,-4.435497090492821,-4.159559544599931,-2.0458276865049645,-2.645400178178738,-4.962501513502563,-3.223635360344207,-5.467012331340451,-4.596075679085831,-4.776561038893933,-2.7652388037889137,-1.7289179606953118,-2.5809839060927446,-3.581324932539019,-3.263493291824997,-3.0446354741868515
-6.1369330147185535,-8.137481223330305,-9.425932314716658,-9.328032633682525,-7.011396422745638,-7.975517426928712,-3.549402663267046,-2.2379218486756027,-15.434569151465809,-7.2158587997601025,-5.004424910107397,-2.1275045986953227,-4.329553927005725,-4.733608140924493,-2.1362448743200724,-3.8999903991200746,-3.2223628507048208,-3.967494645981184,-4.074986885636095,-4.674187704471458,-5.2048794423497595,-3.4085045152355744,-3.1256338576482157,-4.291140519739424,-4.009929429343639,-4.685408939891955,-4.6214734836989235,-4.076454332071275,-3.6964978812167346,-3.0929616782179896,-4.419946354959919,-4.804256243093268,-3.680850674559502,-2.333113033704527
-7.102670341367505,-8.397795110672979,-7.922097625112251,-11.052210698901659,-8.51631096896575,-8.738257886260708,-5.640845950357002,-13.723056327574739,-10.820869312806666,-7.646758169546887,-7.972303695343709,-6.039818722014503,-3.1231992061335982,-4.070448272841006,-3.664685038731358,-4.312705388894958,-3.0008973396030623,-4.596042274961739,-3.529025049135949,-3.8909009735085918,-4.835539888502351,-4.923745691269202,-1.8520960737126995,-3.7481411149059283,-5.0093475941803804,-4.260233515227149,-4.170398692055223,-4.039680361232175,-2.7344482723578247,-4.029830325410576,-3.02277845926659,-3.832121305745418,-3.9438693821662003,-2.0582999357060303
-7.801274532434805,-7.888883017339021,-9.658136377586409,-6.533342945617186,-11.966899445681165,-11.546906680819868,-8.574170391082673,-6.817489781114342,-9.607274335480747,-7.31582416568705,-11.14203675794415,-8.689320957097964,-3.9684572401885667,-4.87973369498622,-5.327865045675057,-4.984134401138766,-4.252994194618571,-4.368439182155183,-4.3087696426942514,-4.646008248033557,-3.947160354592646,-3.8923733144647237,-3.9111850972924564,-2.4005656350225406,-2.913479355823511,-4.63378224556744,-4.818445899225265,-5.688848446975205,-3.2716630820792107,-2.7389809493552604,-2.728778923103684,-2.5714388131755195,-3.043953163825086,-3.0823983318021084
-9.839358194880615,-6.976098273711961,-9.412866139971108,-7.677248665368884,-7.191716337626805,-14.550626983305184,-11.680830508172757,-10.009140945305084,-11.998022642527438,-14.202971849338534,-12.35301094292415,-6.027978012724899,-4.730194576328521,-4.317787196562575,-4.2209510166001305,-6.2583733812811815,-4.080658414553125,-3.6442002110206095,-4.243202162624388,-2.2378600743280193,-4.985445058363909,-4.578197956222073,-4.170666598894905,-3.3133252017404864,-3.554865435430366,-4.108760797103144,-4.671581607472931,-4.786610099220383,-3.8888321130234056,-4.3413884083449945,-3.264973454327854,-2.453495576520026,-1.789601479638435,-2.6561653462452854
-11.706649355473461,-8.234489842805216,-9.80014148272761,-10.111040688097152,-5.810471079180859,-9.401152498564555,-11.953810988072801,-10.029772678988733,-16.281959790868154,-12.246860424095093,-8.152527031970045,-6.167807683040676,-3.967344720593519,-4.833739419883013,-4.808023396067904,-5.398804222665409,-2.650465498150882,-4.648082861922619,-4.794316367808703,-3.540581044911628,-4.886060885132719,-4.9861281285135375,-3.022721044029306,-4.260095854958889,-3.02625480104141,-3.8287734533468627,-4.652084855212064,-3.7170678385944425,-4.866784788904983,-5.583185636638263,-4.73088474477629,-4.164601814229799,-2.5392320928358347,-1.7460325078706866
-13.385427451301906,-12.246603393018667,-7.989639760502541,-11.400070740274284,-9.252339389818722,-5.893322997836596,-11.126758721023641,-12.82382130104406,-18.971963656524018,-9.409598044208469,-7.19528589073142,-6.226857027479238,-5.855563461587262,-5.333485787008463,-2.5864347826051146,-3.4843671937264915,-4.52678388050136,-3.9862041064207703,-4.671759023958836,-3.5346764076019004,-3.8638157852144626,-4.644713421165582,-4.959500661386182,-2.818225795594688,-3.7119575077850566,-3.6770305914177985,-4.47558668386518,-4.510325826178218,-4.846691416777669,-6.163426302313939,-4.23095776902224,-4.4595706223661935,-3.1845130241445982,-3.054586589072597
-15.506719594681478,-12.78212925394236,-11.046472558306732,-11.117505663583861,-8.883728656630216,-9.478893022555948,-10.485600394982221,-8.41002824620334,-15.651707511402114,-9.683014268024323,-9.976646903759024,-8.699435506573922,-5.427654197221493,-5.574124674189793,-4.084981245860893,-6.5693706459455665,-4.91280452854457,-5.261803810357248,-4.55523129222748,-4.45783094511095,-0.7879932232104964,-5.055569748954509,-4.105382435341643,-3.227351253698058,-3.0198027096114477,-3.915704831623873,-3.192638319075704,-3.2998430775172976,-2.522991728972114,-2.1833554266797752,-4.7576577701799785,-3.8613127499765767,-5.049625431657175,-2.12330697594213
-15.427973937239646,-14.977778274923102,-13.460537119866022,-12.334026967980995,-10.53754182650363,-9.912751979396221,-22.70316716005146,-4.671563579456828,-21.188064591206302,-10.300530676016814,-9.353795963413884,-7.722394302953162,-6.801907796713575,-3.7817733399757993,-2.4652305274042434,-5.0643633761610625,-4.1717301700137215,-6.333263621871208,-5.824941633245849,-4.439034928636004,-2.471360224807348,-4.462347167617432,-4.1909854878243085,-3.646013588098347,-2.7890837972798024,-3.307078284111438,-3.586667469706304,-2.582322350005174,-2.1477965205795586,-0.8655683651872036,-3.3100062099294294,-2.020033565598387,-4.333971105239073,-5.161890965382715
-16.11534933065592,-15.38440611657516,-14.145170448411747,-14.727008311001034,-11.80520039060889,-11.287816956442942,-12.16316432756224,-19.737686302706408,-17.19477765452943,-11.113872790341185,-6.498827170078696,-8.074291932334365,-4.372740174879418,-4.804734080123453,-4.115913867013671,-3.942229771646505,-5.992949416516969,-5.844647017362661,-7.0455240094799665,-5.607163121890379,-3.8701774478825395,-2.6566618903883663,-5.289225742430612,-3.1635857852095843,-2.485187652115569,-2.8561379904210904,-2.0715220535974344,-2.193938553752044,-2.0062882135968625,-0.7307226032168176,-2.1094157256557637,-3.2108324075825934,-4.048559664498468,-4.611589479219162
-16.50960707889652,-16.861303057891337,-16.45420416537933,-12.304781550828247,-13.603288949601298,-12.112934702753952,-13.45635417389399,-17.423123173580738,-14.687527202660325,-16.978997403039877,-7.145650859727313,-10.722483514337192,-4.028807465392653,-5.492674107000192,-4.451544824605519,-4.362804896563406,-5.952433999101793,-6.731630853661135,-5.731001041051499,-6.626601775986664,-4.171993387092298,-2.428772456845992,-4.381706075068138,-3.5270416460380596,-3.1759456298797133,-2.299127965490562,-2.4869640631712016,-4.461051969350691,-4.101194529876593,-0.6799476512453859,-5.6435724319990905,-3.5572668997304575,-4.582878951855075,-3.9850487140140647
-16.578714215813587,-17.790791558793273,-17.982324750498357,-16.108694456452334,-13.144660631781559,-13.080302584291045,-12.31820262745839,-25.807879570604292,-17.598853688421297,-11.432272804553259,-5.554355919457884,-6.359901945496097,-6.298535525933603,-5.320713655403266,-3.2392931230285695,-5.097443058263419,-5.435069589830228,-6.413045508287708,-6.1696702945141375,-6.755711668017379,-4.926770268758799,-3.590077725437172,-3.4082369573670825,-3.17365672377366,-3.407282438171491,-3.9121701860150297,-2.2686163249330282,-2.305431472667701,-2.1667497869240195,-2.4775481684438305,-3.6913508790652863,-3.6563754287233756,-5.3693724701114975,-4.2586837592995765
