script/wind10m.json
{"header": {"parameterCategory": 2, "parameterNumber": 2, "lo1": 3.000054539987559, "la1": 64.9999836372058, "dx": 0.5, "dy": 0.25, "nx": 34, "ny": 52, "refTime": "2025-04-04T21:00:00.000Z"}, "data":
[rows 0 to 23 of 52, columns 0 to 33 of 34]
2.841931517785042,1.630993284537835,1.5897902502184482,1.9489009485737958,1.8776684255411007,1.7500951765117292,1.644308580035702,1.4708530221540514,1.8684688775068827,1.4801772720914808,1.6920920959673837,1.8399657310926747,2.147643134880457,2.0730461474434865,2.8589599718397483,0.624305219277037,1.039035388785837,-0.5514165658990994,0.2558445787212854,-1.151511321587326,0.9458679931104896,2.053442405997965,2.7079181971869253,0.7192917825526861,3.2739394825394816,0.617155749442222,1.2496721166203486,0.9536092506575011,1.5556926920394785,0.9376493159106092,0.9549544081867722,0.686326094993115,0.490664825836466,1.0967725797945236
2.419811768334407,1.9087260683257363,1.2872069371315584,1.6397827248381764,1.540431596930933,1.5033205734360333,1.2868333420442215,1.079696593319566,1.2514587053043615,1.1369737010458922,1.2172776234345632,1.6683686612104043,1.5195720251375568,2.0654382313235846,2.466839185152743,1.0497393394831478,-0.7022418371331626,1.8004751798725689,0.9530828708820916,2.5918262583319462,-0.1555686103201104,0.811036651408889,0.7484335251320908,2.513035913618615,0.12246939502366708,1.9339871353756115,1.4743094515453088,1.17617317628276,0.49263995309292535,1.1605268363502264,1.035785102218622,1.1645953174140584,0.7906053159528416,0.1842935156683149
1.9757203487560107,0.8133382117350134,1.5777100416599759,1.378794734111237,1.1619568864955045,1.0933692488398923,0.83564439519241,0.6795146328627623,0.767297229569399,1.1589654465484742,0.810921678519656,1.3578655032189062,1.8823377150809304,1.5891309303373786,2.288888340392427,-0.09869815778808398,0.3222832847851955,1.2995060597402548,1.5684318668563721,0.50788604800646,1.3514393381913927,1.3016933907956323,0.9529577636909818,1.7766700260828086,0.8898125145022079,1.3402614082240425,1.1299194098470005,1.463290877505319,0.9193566983836391,-0.06874289122537328,0.36286110567199864,0.7271837119922314,0.8541725889321107,-0.051914264768092716
1.7321252793421043,1.2473005909999777,0.8161531677284958,0.905320936170096,1.1462533388617204,0.5396597920109483,0.3185935857378984,0.5118241467102203,0.5552563399659218,0.42803926246052937,0.6398934203220485,1.0770945304044857,1.1199190630880136,1.7433398902526676,2.0222374945501995,1.086881361647912,0.689131167042239,0.7627056298568229,1.7686784470942947,1.7128882255671345,0.8881620826941835,2.6494077173554156,0.6149185779456385,1.154717851181195,0.9129110048611894,1.3440714912578926,1.583664701537267,0.674488121413647,0.5201261583596585,0.48891136978892624,0.46356172792340666,0.48639927789010257,0.402709804423154,0.47886109829163725
1.5516617641433286,1.5299489946115294,0.3019159024616897,0.3818202938305296,1.0026576607617317,0.619745481038816,0.05648422321745386,-0.14082544155935728,-0.009992219079853837,0.35624051628452086,0.3032452067600102,0.8648677395372805,1.5218189141249714,1.4515975687421752,1.330473634672749,1.0550600195597961,1.0472869998576515,0.7413962898624645,1.6751895863476318,5.203920841829003,1.1236195415967891,3.7920518454863346,1.225187708452925,1.0231190499592198,0.8534556801941282,0.6534757921846499,0.8146148695992882,0.5999072865647119,0.8059828172476731,0.9545261739698128,0.6458062709611972,0.18528248596867833,0.4398438199527522,0.36871838972956517
1.9799012697353562,0.30615846105622346,-0.4070888859388452,0.5207451358976163,0.9731386152936761,0.13997726132563182,0.16312072963870608,0.07349142313856423,0.09169996647351515,0.24431571948347758,0.33355348135959023,0.3093742945793562,1.24573179557782,1.70174357741815,1.2545566877067749,1.9774951317070648,0.6111966277408794,2.1778137189743685,3.439671433712825,3.456770337975027,2.1525373950541042,3.627302975224197,2.2933015570948156,1.718721945380553,0.745782612026943,1.0773279352290541,0.8161740022706775,0.8435650573622154,0.29876020771566947,0.6482012310271597,0.5466850531700934,0.4210170136857078,0.447217597847227,0.003826956847006785
2.6052106552282397,0.4030220198568783,-0.5942704647056529,0.3905856363872753,0.8352270722182285,1.2806318099232918,2.1635117118323093,-0.925270356823079,-0.018266546827648195,0.5606766179153103,0.10522560597356397,0.8127794377462376,1.7951955930910395,1.0318051960317975,0.925498743666235,4.581532983661312,2.602202959940334,2.0465774811317115,4.723183727624131,4.216456747864761,3.5289561452557225,2.8616027311796493,2.4839011082626996,1.5756199606178094,1.5193987560185125,1.0070863560918923,0.9806346163300264,0.7191068406708488,0.7324918275709245,0.6266972756192001,0.9355070265454994,0.013748239368828376,0.058211934419119746,-1.0446955085062286
1.8896264026093879,2.8983824983069697,3.409983171381697,0.7659942473197532,1.2592022093695308,0.3848701237640314,-1.2334587084076654,1.248762785995668,0.7877687011826638,1.1651452817465096,0.6755866454024694,1.7378388322484437,1.1111926898198161,2.7173498379825576,1.2541178558933777,1.873974824325607,2.75049155772281,3.965125218271498,5.785810167824929,3.652428674971928,3.983321875230215,2.6271315344698687,3.1952616762945474,3.181994630404033,1.7960281019003643,1.403749356051137,1.44108878104061,0.2690075782191628,0.9908013587407272,0.8801677881014569,0.6578245389948727,0.2801711785509247,0.3380679896183445,-5.529066704753035
0.4944213155795221,1.3187973841266838,2.123389480497298,1.9928040782173622,1.090718762459526,0.9655588444682421,2.283911864826871,0.5306842107188132,3.1131523114694786,1.3211210877234454,1.5106047476107924,0.3772777816913237,2.662112613688007,3.5236741919871024,3.0100093162882278,1.6844275739290462,3.113009007646071,3.0635746679210256,3.188291384848838,5.129165626572462,6.725706680597841,3.4840073561531564,2.5224231488581066,2.529035590361537,2.361240321829039,1.7138669125450672,1.8463301209669003,1.0645725565695932,1.0784649368916215,1.7956109751486395,0.5040996119023552,-0.27835343105225807,0.4732501915496195,-4.881840246919585
-0.7984831077606351,0.5246354058027829,0.8856721823566425,1.2621061528724853,1.0618259697861614,1.206769690839644,2.5032392538979273,2.017128054810471,1.384835643006983,0.3989751337340497,-0.21803853468952977,-0.24820071278716,5.039032780547726,4.566553501796201,2.6125809963873206,6.014693364693903,3.3570298244157963,3.4466661794414604,5.43100530277503,3.9238195834902294,3.4264415633180754,2.645152698436719,2.2137063671869583,2.01454558583012,2.0257574419660296,1.912258502919356,1.8315227892248394,1.5744378884218808,-0.08283241133464865,0.9683425982754762,1.4067514271228474,0.013886313885587543,-2.8438337811287835,-3.0262020425956764
-1.119594005558227,-0.415066745996909,-0.8833088259426073,-0.7593616256732003,-0.48196831787616595,-0.03803608690843872,-1.0412420092258818,0.6854827308928831,1.1307765917993438,-0.0961330572204754,4.048711199792624,3.022765556018397,1.7507016266125857,7.747411486816636,9.796687551336053,5.995274288623728,1.96443314294734,3.2709539542942885,3.402014614473578,1.6626337873100958,3.114715008805581,2.7083406421028067,2.187704291405747,2.1356073875880615,1.6660439004976917,1.064013457886738,2.14802295872259,1.8403213472523792,1.9507351775286295,0.8386411589888874,1.9946012075017825,2.36204909078816,-2.7612542505731743,-3.604944668613523
-1.7087760965480094,-1.4239593752038504,-2.0046293894772966,-2.5089542247718013,-2.5401828679712373,-0.9986035657769265,-1.4472115335051445,1.1242839488694887,-0.45068402087625514,-3.104107924009114,1.9195652069604876,5.166158221342929,-0.41706745649358024,1.1788141151056317,6.231208370725393,2.6815102931047643,4.663624791737561,6.582550680124631,2.754092822828774,4.6347094482490805,1.3645260284597756,2.9367497032479535,1.4496688199557797,1.2739340455090853,1.1885481836093554,1.4621499502795052,1.585298712528384,1.8944608147236357,2.384270882176513,0.7678749629134645,3.896210626246333,2.8238905726398866,2.5757025648868024,-2.766470069863886
-2.656736879286574,-2.6094855702763913,-3.344219204441732,-3.9812959513759303,-3.0807121103718917,-0.5820083788671226,1.4293275080563863,0.8780788517864465,1.4847358173849838,1.690464318576233,3.1156662127057833,3.354019244651397,5.5018647109722005,-1.6504442346183663,1.031092097344672,5.346330200931986,4.075287374091701,3.8885136599345183,3.604746510243709,2.9128186086510732,3.060897152334427,2.4011693129623235,1.8588728854575294,1.9907057752232582,1.9485373181502492,2.428058980089278,2.148663184933718,2.0952647637377546,2.8243202233110187,3.300263651254993,0.3962629448797524,4.3388760953757535,2.275586619058428,-1.0433548706967115
-3.6829926833846103,-3.8146960809032033,-4.312627141539074,-4.813456157056431,-4.797892136657008,-5.081340473331928,-3.949089225910637,0.40339892354330587,-3.6328971416588507,-8.636371394420218,-4.298088146276118,5.2534346303934,2.0274584255465977,1.144166906743573,1.7998277443519457,1.4746579343609523,3.381365530259101,1.6761182968862425,2.875362275455026,3.449727441944503,3.5317914847632887,4.513751343166028,3.0254246206821036,2.378145276861189,2.9338534009579766,2.65267445769206,2.534421318044265,2.89070633175717,2.8907354321812564,5.4343752645657855,0.41368613459422876,3.4306045571213777,1.9865827322960603,1.1848604406993655
-4.379486311014662,-4.683460672775374,-4.767083947002851,-4.603045157181645,-2.704998083239566,-1.3049716345720868,0.06326943919242904,2.369787614916853,-3.345828904670416,-0.11900696906447719,1.3668741616506725,-2.677004020249983,4.260362999129351,1.6896734457446638,2.3675823740835877,1.099274116442987,1.5782907013972913,3.2591536041522358,1.2575260013604161,2.2419508402798236,1.8460680589720608,2.8628216758890894,3.2715001280509703,3.544612765877949,2.404743556667291,2.902288309569346,2.3296199853111097,2.7471210723023263,2.1553201493463985,6.225491834656951,4.3851964541995265,2.4287403700815466,1.8163487721610116,1.3687929552030993
-4.9847642709907145,-4.727973384012934,-4.771696727187537,-3.6215440204457243,-0.23907854489235983,-1.233248079213134,-2.779165783137845,1.1834972032521924,-0.1879991700599601,-0.0023753131525668615,2.4653136833130795,0.2986025615974769,-0.814061419730041,1.6786899810646703,2.5457747717964896,1.316469027352806,1.6158410267144276,0.3705501467144925,2.1130604684178054,1.5757673567472419,3.1662156216274386,3.359111675854681,2.1174853270526492,3.682820089974388,2.034123884002814,1.945954116806095,3.0787881824910155,3.1404814951962714,1.9722597327034426,6.594116677160619,4.174092717293596,0.8139228391199402,0.2958313568036269,1.1851405993529702
-5.20516382052716,-4.808481971337724,-4.564206205373086,-2.763043058909483,0.20096526049892258,-1.7928788692261306,-0.38151848077625633,0.19015588623914434,1.8116810876793317,-1.7963778155146952,3.4130019663024167,2.5343022656999223,0.10605221232864541,1.355976693828661,1.418729476750441,0.6447987890183393,0.650543598724946,0.091106806163714,1.760427862632569,1.7464739279381176,2.900690924897382,3.9754546880662187,2.0341290026418246,4.047124756532717,2.395559500557068,2.062379388837189,2.6411434562286233,3.1508284621227935,2.2696234162164606,6.524532382877819,4.420375176962613,3.8344904023187794,0.649273558697016,1.0733659325386933
-5.436182160646816,-4.78442476153996,-4.134015988576992,-1.8138741254859894,1.2389096832085877,-0.6837948994162452,-3.8265145666660465,-1.7422993953545092,-3.0224251364727315,0.788202156837852,2.479637428191099,0.7460729645912706,-0.3724994625292401,-0.4626099917623038,0.16970299906039912,0.6119605973288582,0.416729320199064,1.0953571880170245,1.24038073079859,1.3348969032286333,1.4667039388622374,1.7158008806083065,2.3973437432977525,3.56516394673449,2.4329625111860587,2.799416466271237,2.348606150399088,2.5879704872563023,2.1856213624511214,6.374071570169138,5.074833756678414,5.540266398897067,5.021542515708778,0.6365667393554666
-5.088244591666469,-4.887588448491917,-3.556526472802405,-0.8064680254228608,0.38315978121759586,-0.2748320514011433,0.33420221615904205,-0.09368889930548915,-2.4755406807044698,3.738686147953094,-2.1213663069650552,-0.997689918955187,-1.2903691655990408,-1.9539994959235445,1.6590806997317336,-1.5904812950044709,0.6839796463373451,0.22773288404571324,0.863413151309903,0.8399442971546195,1.3632495964504248,1.8775091928078256,2.061318914287528,2.0609393306239627,1.5087444160891663,2.845588140122773,2.834047809706859,2.9674204879776265,1.9662755600906727,2.098137951064972,3.221773066315908,6.11715923744623,6.114034596844517,-0.12259532961586009
-5.296251757348296,-4.579058799775015,-2.8372216596528177,-0.867570695494089,0.3014530613104138,-0.14291745158980054,1.7721020597215629,0.6528579422518762,-0.5463031199810325,1.0067122481337942,-0.08429186980655483,-0.21144581895320977,0.0773018628295794,0.12315858956530065,0.28017858579608246,-1.735114588598877,0.31767563656615616,0.904475137859593,0.16633911544452082,0.8265287374868912,0.45406705494489147,0.9730025601384917,1.3003335461694745,1.7744253923075108,2.5812153140141776,1.9254006813654723,2.889526079991058,2.153545803076917,1.8958196466324484,1.7266404288721717,1.9554340342909242,2.1454590730361383,5.696289024615054,0.22798407738855433
-5.075449034905799,-3.8640922095123598,-2.3153670624547753,0.01786367361314174,0.4775665586593846,-0.5818425690373743,-1.4872108465306018,1.9986246080735333,-3.904868106095884,1.0718022301018355,-2.4408690160663484,0.3796067814449461,-1.5477015212618919,-0.8199683961626573,0.630354002491152,-0.7405703498058119,-0.8815282910826066,-0.23482118754031545,0.5983625545318192,0.24647986956107334,1.2784680192696478,0.9519917105494041,1.4711955523945102,1.4824078494447899,1.6189227015170693,2.206686353108748,2.110241667359991,1.8316983624606455,1.6622094125841926,2.4548497750442415,2.341140136657454,1.6707726334552941,5.213066910685363,5.219892343357883
-4.75715072793617,-3.22707941998655,-2.0689044975787847,-0.37377776454791395,0.3830176298331249,0.509361754981261,-1.2822496598046547,-1.6439527084747863,-0.019392338057643777,1.2324153269731393,2.6887803033593953,0.691386646451427,1.1099942372212865,-0.13497106526003114,-1.7076439165196335,-0.06986727435013684,-1.875507968700759,-0.5968977308771855,0.09205933079672428,0.4352320846502683,0.4933362011995237,0.359082643280935,0.7680214644703857,0.9295129024335631,1.509685551554626,1.6513696503405662,1.7208663188256932,1.7446086729611427,2.2281531493299314,2.5018980525933765,1.8194719963277521,1.8679600082349224,2.055715508729026,5.116585509833938
-4.146921091430987,-2.763689983172367,-1.4981212753803048,-0.7152882489075757,0.7147404561336046,0.4810102269675335,-2.104633763699662,-0.17120903396693765,-2.520465625424508,-6.100363369718014,-0.34156006406568656,-2.8694965704152677,0.32356992491882736,-1.9056434680853305,-1.4937642101032051,-2.2260648361942192,-1.7410684451111873,0.006319427395570591,-0.16912715164121445,0.4492616510003166,0.3500856851145436,0.8616756178600923,0.49501002995312804,0.2694860274435034,1.402116813075307,1.3759522685620955,1.5719025964059323,2.232094477702316,1.7988155896655362,1.7105712106208562,1.7267118467149065,2.0904116396942043,3.4921057991123465,3.9439669016773355
-3.5547621864389636,-2.308869940026542,-1.2341939326377176,-0.505324573359457,0.0886034128947145,1.7523874704893152,-0.06975622470461493,-3.0161565972199145,-3.6333913206092623,-0.0648499928652972,1.0765758889627033,0.5416559561266304,-0.05067982386190453,0.4325668553131577,-1.6883358387777956,-4.26595335081707,-1.8019194328953625,-0.7551956902738859,0.009985161168350043,-0.07924135340446817,0.6244212819396187,0.4038547761749849,0.4329154131461795,0.4326793010540171,1.4603307072151266,0.9300332881221168,1.286381597531588,1.0836431950671224,1.1867813504308058,1.5412165824389743,1.6548482323774745,1.2283639395917194,2.484346499430087,3.3796745400176547
