script/wind250m.json
{"header": {"parameterCategory": 2, "parameterNumber": 3, "lo1": 6.000198445256149, "la1": 58.999992894266676, "dx": 0.5, "dy": 0.25, "nx": 22, "ny": 24, "refTime": "2024-02-08T13:00:00.000Z"}, "data":
[rows 0 to 23 of 24, columns 0 to 21 of 22]
0.49697621283795423,1.2614797848178023,1.752070332591358,-4.425383869118928,-0.8663757153621017,2.739620097882576,0.8003501641121268,-0.6321423089185237,-0.2823566595386469,1.9640370012669717,-6.051060795235346,-1.0878353824943943,2.013995842096519,-4.749705761761517,-0.5690361755979725,0.1701053188726497,-2.61705764392553,1.2494893423743705,-4.18112363077567,1.0128331422249173,-2.249540541989557,-4.808476615923766
-2.7307462465500234,2.3413394552814584,1.703812161531704,-5.867547451218294,2.6725031449546437,-0.9297743271030643,-3.4487048537292924,0.11209875336984342,-2.9414795669439315,-1.1516729154660517,-1.5961587683256109,2.550568701332346,0.5341592717574837,1.9059261390815032,-3.124727414506624,1.3176949775372464,-2.56552307844104,0.31961814350585604,-0.19056791315047783,1.9480620391724683,-3.207017235566284,-0.4819186831855774
0.009185479250915141,-2.4028365629963293,-1.0789418897118295,0.18840328895441513,0.6385880042495855,-2.3448512118387637,-1.6341354013358123,0.12365877296791485,0.37638547740117545,-2.722859440181989,1.0436644384675549,1.7102587909028901,-0.9040626739574512,-0.36508885360391147,2.1239008360368286,0.2730178602794732,1.4778219921446842,-0.0787867481769423,1.6425029734036363,2.4054340693010237,-5.098566529605346,-1.722660899456792
-3.3443757183498968,-0.8387167219236369,-4.604971070496749,-1.9366554595140082,0.7532054513077083,-1.1524169752547735,-4.433707454662276,-4.985390220889328,-3.77697989651276,-3.0727969559491526,-2.2734696422106184,-5.9088009960349765,0.6262231190261952,-1.8652875341299666,-1.2154164628813957,-0.7556433655300245,-4.993119834722019,0.04696854239036071,0.8740253560572689,2.228850778579768,-4.229205647214778,-1.421556256934007
0.15295492905008815,-3.308784106873948,2.0262556257384867,2.0461731940008177,-0.050854239894439726,-3.641564833716407,-1.7312226375810595,-0.9940309159712369,0.6626872702278918,1.1364822529033534,-0.8335348579194448,-1.8274806619741393,-0.6408780634275478,-0.19867185826745135,0.22022190301151925,-2.44683223992964,-0.6014100919746852,2.1463062424864514,-0.656388099976105,-3.361925007906886,2.323085330238461,-2.7383759453337517
-3.8101203202854785,-2.5980395648341075,0.16570537427255652,-0.6983095764086852,1.2258466733216302,1.834424201486991,-2.2385394426640572,0.8654465853095658,-1.0489244228674508,-0.15777884435266282,1.5011966469784137,-2.5216320906099097,-0.3488830672239516,-5.522408924957616,-1.1153416301682477,-1.7814308006802158,-1.5947945781914106,-0.008537730397005576,-2.86057615367449,-0.697191293843846,-0.6551863742507127,1.029311742366788
-3.342436160896684,-0.07681613090679841,-0.0703968592055338,-2.2587826211316613,-0.9730437974801166,-0.31029593832444224,2.4794517085817596,1.9215696400615312,2.8587668324308577,1.8921444940886012,-1.7232433989382627,-4.83548048225323,1.9317750073375999,-5.351192928384821,1.1924798892572965,2.3098738976896027,-2.097813129492245,1.0969295594813668,-3.2583532496982723,0.004425490241680155,-0.16518071977046347,-1.7242739325953895
-3.57809384427171,-1.5177230183946946,-3.0190171881281462,1.2662623338125065,-1.3250058743546218,-0.6138895515705077,0.48662107260437887,-0.8244712655584641,0.885045572422551,-2.965901227853789,1.0615883649799402,0.8148334356234658,-1.7417782219529945,-3.8732504352336554,1.3243618656626612,-3.5166693817445833,-1.1035445133693116,0.037931318926880245,1.595567322214347,0.035642184643482046,-0.01789766467975214,0.9809990394736057
-0.377914007595851,-1.803472197979864,0.6351089908733232,-2.039357603057514,-0.5165066093947408,1.7910500368005904,3.2650515105504714,-2.8381388151132314,2.7275298305396203,1.7628726819133747,-2.4283337671852214,1.8345492901788403,-3.8436382609791147,0.4334627989445769,-2.715991094578471,0.8047116719827797,0.7247158838113636,-2.472792568553002,1.9678467006022884,1.5704728926600617,0.7753186246683642,-2.878659142366015
-4.292870475425363,0.022682946741415154,-0.5758664711778329,-0.6961160485764405,-0.5272193749552772,-2.8109424680603254,-0.46240577541723255,-0.7281562884120072,-2.4948932665483357,-2.0282058020768137,-1.864516669508378,2.171843952130883,-4.860024367252757,-0.3890091963992448,0.34880894765763637,-3.6846759120079295,-0.8025551782436597,-1.365936770895185,-2.2131134130566927,-0.338655388974084,-2.44715573083605,2.620539370305508
1.765960603368775,-5.345898086715363,-0.33617918878273806,1.7603568016023983,-0.9812143899842444,-1.1231439611542249,0.7301751635745589,-5.144029147355594,2.0859592596065593,0.8201307538986425,1.2084576007363752,2.6200502701465265,-4.467027827323572,1.405675041920416,1.3457309745612498,-1.3776309629856442,-0.2438623995305443,0.4475725065258581,-3.2580733179547106,-0.5212161473749799,0.2702400773685134,-0.47768144808486174
-3.865882606873048,-2.8501234376658533,0.6211605498129709,-1.9768645832462162,-1.8796265045640166,0.6462938935198304,-1.606812573477012,-4.3413580295391,-0.5734196876627873,-4.607573364474429,2.101304008115351,-1.652586700233148,-0.5999217273554793,-0.032316574336020795,-1.5473785599044203,-1.2737024012869549,0.4788993459624647,0.7486717903519172,3.032263022337255,2.4899271333200117,1.9798443447078748,-0.3741354750683521
0.904484280816724,-3.6417798505869685,3.122204288163745,1.12741008715364,-0.2381491558425033,-5.746828848888247,1.59218813216876,-2.636878275715579,-0.9026746265457781,-0.1672136880977734,-4.65285247205246,-0.6661987058767554,1.2637863732956822,0.21797409977013998,-0.30478830478577656,0.3813134435180212,-0.1520531838094211,1.0107203739319748,-0.6962464045472991,2.0578743869647815,-2.266565550514507,0.2563098111077776
-0.2801368850054643,0.07006448383221976,0.8650966914608562,-1.9033400641003893,-2.996446651219636,-0.822539735556752,1.9662235863731037,0.04178779976233243,-2.1543725680809263,2.1191408978587694,0.6299057019617272,0.5978510326635976,-2.0137555485667176,-0.3741098181142749,-0.74763791878343,-0.7220046851134316,1.4361333575516442,-1.0865128075327903,2.6727151955990225,-0.8098250237556254,1.148720162905314,-2.261468722270185
0.0916879020992338,-1.5894236792312377,0.7138424796130215,-1.114128503551276,-1.0067573264778584,2.2711953792470134,-0.9284700296159308,-0.19735118966063203,-3.2991678537804736,-2.4098824838762787,0.42634152385924123,1.8126620372381965,2.949975742275859,1.350880046764098,-0.028806235270820303,-5.0122558116387195,-3.196828681843138,0.020206036336342038,-1.927234118859811,2.6140700828127845,2.4030564959206657,-1.5418121210893199
0.7000536949279293,1.4786607488142605,-0.3222316007555616,1.845680959059018,-2.821603564664096,0.7494922184459493,-2.1595247319967728,0.7501947759472146,0.21248308220884812,-0.14597995289188306,0.18238933672068053,-2.4822263198947487,-6.39733193001519,2.8451561157001657,0.08274119191843031,-4.062482458066236,-2.2633458853054145,-0.5940786713755739,0.017511447969500313,-4.342831564661644,1.9216789145171698,-1.7057878941410656
0.5738273430223583,-2.825512996274447,-0.7878605250975426,2.76662335107485,-1.8413039841320742,-1.0291251158418808,-0.24110811199919643,-2.955424030464913,-0.4124158775735485,2.3555870033907604,1.2235654193266903,0.3641289380944003,-0.9862320371071719,-1.236555459506441,-2.3302543478943716,-3.80166185419019,-4.850844102367786,-1.9948336192563512,0.3737700710352156,1.9104819113256692,-3.6866831896947816,0.1106641560531896
1.985632381492646,-1.8597404251078873,1.670870555632972,-3.3618986687366834,-3.0768512111577446,0.34965241335531033,-0.4139547420636819,-1.1574868331397183,-2.362781158837176,-0.47585573862578234,2.341083291274909,-1.9969246899891986,2.8445737390286503,0.008114708873495257,0.354242606006629,-3.7511400765068776,0.17200345804691622,-1.2444524226612987,-4.662339149329422,0.6180102663258882,1.4466735736181233,2.503056197679531
-1.200095582878686,0.09917257994813124,-2.3334401188596794,-3.727501051800663,-0.6603166036728955,-0.3932613948345789,1.5809733085732618,-0.8066984682260065,-0.023103645356881482,-1.3119031830273449,2.5282375374680073,-1.6581515149143395,-0.813983253503041,-0.35381071726405217,-0.1775653317690433,-3.4219018512488963,0.9070873523827787,0.24117930015839353,-3.936477815569639,-0.3388625905662877,-0.3475470090285651,0.6436523531483724
1.5902170670560336,1.659314638475682,-1.2333657079349385,0.6614490900865608,1.32267568060708,-1.2225006442440602,-0.04752405137149741,-1.8739979241834173,-4.553634131730397,0.3278572587355699,-4.329200697788015,0.5973738672307234,-3.1724843610702362,-0.6134118030580299,-0.3552228126876536,-2.164834803366948,-0.8624799586394786,0.5022428795885567,-0.2857986994464731,0.24538272818825152,-1.0361632219974692,-0.5411889082585999
0.49101551500803253,0.29147763570359103,1.0550571740135533,1.1607415819320412,-5.1101295926704235,-0.7441835747416103,-2.7080445681359073,1.053904254555623,3.6744420655579892,1.089761650581295,-1.9399148300535534,0.38398816350951037,1.0660922798770085,-1.5299880619611193,0.6980614097565037,1.9018954297907682,-0.18650772379974426,0.026458193797278116,1.2841298436917232,-2.9177730883466784,-1.898205830348295,1.0350695413769975
-1.3673674123540118,-1.8461218373878336,-2.4351961435337746,-1.368799588694624,1.6029267903492048,0.2583990482992868,1.340877353425862,-3.5802057966722116,-3.326225448010016,1.9863388105600692,-0.8913628564620488,1.384057386319456,-1.9646950689358533,-3.455842611288778,0.5232839503231517,1.7116350429961973,2.4838561195367297,1.0988653439103342,0.19245261331035143,2.057154460015631,2.223115760971066,1.6431794498701884
2.5171171113821376,-3.2602637678467277,0.19306727296051476,-0.34710992991714545,2.231267683510868,-1.0104229973382115,-2.085430101534308,0.2943182216182817,-5.313326947033396,0.6426760721829736,-2.3219813202787605,-1.386675085298776,-0.3110295180061637,-2.695355535759869,2.217276519413448,-0.623488645266529,0.8581959196269273,-0.7707328903935783,2.691361926049039,-0.27264975613932163,-2.867396645250653,-0.6580654973448725
-0.5497812915954008,-1.3056449195079374,-5.232879252632286,-3.9287308003130486,2.8589735037026305,0.27730904121556565,-2.1450013504893364,2.6077071087383605,-2.3136204045706403,-1.745518204487765,-0.8078429961459651,1.5034252090524558,-4.450963260970948,-2.725968799043345,-3.0769696977519825,-0.3157921796750384,-1.124256734197694,-2.790582935782051,0.2315640903164763,0.6392732764656133,3.271501774175425,1.3553197630916398
