script/wind100m.json
{"header": {"parameterCategory": 2, "parameterNumber": 3, "lo1": 3.000054539987559, "la1": 64.9999836372058, "dx": 0.5, "dy": 0.25, "nx": 34, "ny": 52, "refTime": "2026-06-14T19:00:00.000Z"}, "data":
[rows 0 to 23 of 52, columns 0 to 33 of 34]
-8.783567161837976,-8.83163890410616,-9.16599284758008,-9.721454940208123,-11.006880180776369,-11.218073629652476,-11.069947436178651,-11.460732604788943,-11.65941299744247,-11.293363772559424,-11.435291138093527,-11.855711092603402,-12.332354720006556,-12.450618624160125,-12.164154071962649,-11.575495082997943,-9.573731392763284,-7.457230912537423,-3.2554505662774753,-0.675740543580143,-4.222542630573121,-2.751008122387867,-5.783307050605784,-7.921077289442394,-6.773122600276988,-7.3322603254763115,-7.670613337784034,-6.344489148916048,-5.106869136441249,-4.593769543933109,-5.074049614778363,-4.494362396476142,-5.682430541660932,-4.514154856681112
-8.904259961435068,-9.145540834429198,-8.92297065858046,-9.500757550202154,-10.112710838408711,-11.007901683857058,-11.203906115267769,-11.482128415978027,-11.539649463059272,-11.520522476386084,-11.782166642161837,-11.532560149979597,-11.647620115717455,-11.74648371481374,-11.363532409141374,-10.607728408319819,-7.884054823859864,-4.43761980886921,-0.11259354887860185,-1.597831464428522,-4.575210549466671,-7.431128345722181,-6.791109850382239,-5.340690110016282,-4.511203809156429,-7.776967271765327,-6.066515494282896,-6.063337847856814,-6.79586457434275,-5.8061627168414,-4.357783651325096,-4.228330609606279,-4.361897989835571,-4.960047877075074
-8.910328730160158,-9.225067529067701,-9.966811952432131,-10.058455866156967,-9.574559160106697,-9.701016043210238,-10.847876260384197,-10.99885982752075,-11.171389324513504,-11.28262702242816,-11.057142307055882,-11.1509553123405,-10.990341078935986,-11.029183687784098,-10.55804721576022,-9.361955765618228,-5.142337544024503,-5.311528834324722,-3.7454864186861356,-1.3653777141030843,-8.330879555740788,-7.478331696712572,-5.794655876646466,-7.045832868962505,-7.267023784684851,-6.380133731590555,-5.652557621856911,-5.779718735921058,-5.8323959718421605,-6.27673220166672,-5.5738916280689095,-4.924465503484218,-4.247200262633422,-4.328280523998139
-9.122488729900084,-9.031171839682672,-9.497198335311907,-10.180216709540824,-9.467290323224022,-9.405308392975538,-10.195848269510616,-10.31749572762576,-10.822142643379504,-11.20124562229659,-10.603168181861438,-10.528143154411199,-10.442480737240325,-10.46421393942346,-10.1554277300184,-7.889943158413982,-6.495637891235019,-5.694925758283386,-6.100238724688531,0.7040845474216194,-8.025998018275374,-8.075097081888963,-11.58718099731501,-6.1714784248156205,-4.43857275735438,-5.462307636878806,-5.456013415886898,-5.663060186341328,-5.5983397116042966,-4.770428986288293,-5.387921486237962,-5.059601494655878,-4.69352031930042,-4.479942219180591
-10.089713763321084,-9.49662392558242,-9.46098008559899,-9.54048156479817,-9.894088802451865,-9.870443150882432,-9.872167044190927,-9.871153707048547,-10.343843708299499,-10.65585750696336,-10.046720268168489,-9.661576792651106,-9.603619878553053,-9.886766746707895,-9.235022465716506,-5.833987908092201,-8.125878833472683,-3.1113146566685637,-7.95367965709852,-6.3347474084672974,-10.288866400166338,-11.752292495602736,-5.9340388784308,-9.2302233418031,-8.209965489957975,-5.825727251742306,-6.592865683734439,-5.42990711458278,-5.595112404485636,-4.325775188921693,-4.7157014771446,-4.812509355026631,-4.5370793658308095,-3.910734359733714
-10.861037988641472,-9.667398811847093,-9.159166214115317,-9.40493862068071,-9.45698310152301,-9.898981708184031,-10.231110977219597,-9.965774041185067,-9.677993908418083,-10.081794622096089,-9.441416817840528,-8.615523083536917,-8.62755982870278,-9.555662234213546,-6.6722488028919535,-8.21029376438101,-4.490154215351182,-2.7639503830608927,-4.879124930573471,-5.3037569060943435,-8.4163484307041,-8.449860048036788,-8.695795456391808,-6.3264213114103205,-6.961407908053753,-6.844302118239165,-5.624702911730476,-4.543086695058958,-5.351103513410193,-4.904396290120037,-4.576853381894803,-4.281098021451085,-3.539185297414663,-4.053229648918112
-11.10343076910894,-8.53179869508379,-8.526459060202807,-8.936905959265342,-9.146782572418536,-9.525516300811118,-9.579103819733852,-9.774689125656229,-9.79675394827915,-8.818513446873798,-8.366425256742351,-6.905348208108642,-5.843224070626377,-8.08643842447667,-7.260013691406199,-3.693356379805486,-4.088909983708517,-3.698620344955595,-7.066677520969036,-7.02445070399133,-6.149905369360325,-5.490229718323904,-6.956255236315008,-7.7473773161669905,-8.130526752843501,-6.178107687365008,-6.246134904117711,-5.474014703970619,-4.023413623138804,-1.9003163359973971,-1.785368691478645,-2.9278143701239223,-3.2510633551357726,-3.5004259917142955
-9.864068963653603,-9.258093724527074,-9.804515949249499,-9.427085576792338,-8.758841027180466,-8.641134864672388,-8.958321677414727,-8.772674957796587,-9.001872512576272,-9.027237511075032,-6.157581561408934,-5.14038206269182,-4.8329128349790755,-7.974756156410517,-4.86789800049896,-3.5568559745803663,-4.839296037330387,-8.312319798599484,-8.466853125053191,-7.537961302658462,-8.40211050796694,-7.446562718340091,-6.515724346092018,-7.524333799927442,-6.70680416899842,-6.353070661562067,-5.642223928555219,-3.2158688780639864,-3.1034045595540416,-3.5002592603950595,-3.389404746783139,-3.580384105336373,-3.1173661635983283,-6.821226320839307
-9.682368812613662,-9.765377867637632,-9.126089856252145,-8.802779879379452,-9.207522495569778,-9.086267206917311,-8.545544105248485,-7.776437219446104,-7.752607251973653,-5.844666281697908,-5.5729892910647845,-3.1847465438116256,-2.4601585554640106,-5.85459615950444,-6.386262168934679,-7.51695491430835,-10.003823245697234,-8.484853376560304,-12.76348524133584,-12.26076084009756,-12.55174698355213,-13.139496907020261,-9.581332523552826,-7.892296333944624,-7.03489562446602,-6.2682124632426355,-4.761048915675642,-3.768200151063338,-1.9307540899397506,-1.9922872790638197,-2.5976693254797447,-4.751504974040379,-7.5580921943159804,-7.421711003249599
-9.929343907062643,-9.904226704925021,-9.826082656416462,-10.242807348755269,-10.39526020810734,-9.05196685946668,-7.796741234693944,-7.298806965251601,-5.173276329074733,-2.525657485902555,-3.2653433570259236,-4.817064373748558,-7.020744470588253,-8.42180419686092,-9.120058026903191,-10.349434516457631,-10.453917454536294,-12.880566080929656,-10.20299462041203,-16.119595551481893,-9.90859796634175,-7.410925670272973,-10.003463949896984,-8.281522268671516,-6.708972239557816,-6.153687837474768,-2.436958047235313,-2.7222416152320417,-1.993112673851843,-3.516174629270085,-3.4699835502034895,-7.622781093259531,-6.388535897214895,-7.349128355336443
-10.537557411725842,-10.459671248699188,-10.89416640996804,-10.801673185606907,-10.401868370612036,-10.011223048034228,-4.538949514399576,-4.984521604822591,-7.04368037206421,-5.8009939497906915,-7.027954641621288,-8.48116308859337,-1.426300534336985,-11.45330858416297,-13.325821395078062,-12.279168675507364,-11.879630902082111,-10.18190042364405,-15.188075714103107,-10.411409618492787,-12.063921665681828,-9.366523174983636,-12.334107092537348,-8.2303922647286,-7.970622504534128,-4.766346931991197,-3.006898194320272,-3.9148755701145124,-3.5480994297642403,-4.101911953215181,-7.7262641775607594,-5.674083632542713,-6.3629785221056485,-4.2184271899255315
-10.964719060566532,-11.31135447640843,-11.416216821467513,-11.605384551082457,-11.518133495528307,-8.256890345515538,-7.557601153408221,-5.028332482713683,-4.369173817121842,-8.1937599813154,-4.6286866420757065,-18.431441397872188,-13.7395675618441,-15.567063195377688,-15.755977719840704,-13.164109746716111,-11.72954477964525,-17.606893631697066,-14.464997556334415,-13.094199491035049,-9.325418888963416,-14.9068573429009,-9.484977981301853,-9.30209191952929,-7.9286525659504825,-5.5561155167885765,-5.315992341063851,-3.1946776086054673,-3.134115900223322,-6.625222138668126,-5.1473026541137425,-2.5395684085765,-5.646661741037047,-3.074629100491817
-11.22597083133946,-11.655276082125022,-12.475751208888093,-12.294648440139888,-10.947145939316178,-5.95993617170511,-7.589442050619184,-7.376865870407312,-4.913594600766885,-4.09992125947774,-14.320478009677752,-14.160785471307141,-11.53265848004589,-8.013711777634983,-8.63526164193998,-11.740503352988918,-15.159583035126259,-13.626549071144124,-14.888742477884962,-13.415937513256987,-13.540168966610313,-11.404107219309118,-11.623076353890447,-9.020578421940549,-8.94302330393106,-6.939873049694968,-4.8394315214797965,-3.190225126673356,-3.254147339173736,-0.7379887613857818,0.7596707348086001,-1.2309870588368337,-1.5859174882252771,-4.151161081184227
-12.65739984845089,-12.52643173444492,-13.43580139151831,-14.44466485487361,-8.738921954081288,-12.974809632507982,-9.742880129042254,-7.265582425570382,-2.82442746512869,-10.37388838403786,-9.859595477860962,-11.553770250251045,-9.087157795664043,-6.070926930519722,-16.843378031749573,-10.33019402284236,-15.570384704267843,-14.056022856903573,-16.10831382390684,-12.42680264091508,-9.223981726046675,-13.995389492525433,-12.104519434177528,-10.635343092143833,-9.709339530390894,-9.47826672864614,-5.600291063151256,-3.315866544626819,-1.676225528469963,0.6883593789443158,2.4107817118223798,3.6686274114804696,1.694054752405346,-2.713743544357312
-12.900693117261541,-13.102062982608754,-14.199021808172652,-19.081090900400998,-8.21378143299636,-6.720670851543083,-5.596049869866153,-3.3213884213418887,-10.20737682305697,-11.809796996336955,-12.377385996072244,-20.102027780544105,-12.244735954350737,-8.42171429846429,-9.702394750455383,-17.21433247218413,-13.181635559234225,-14.182819926085227,-13.950868430307931,-14.292903854349964,-11.164178769288423,-10.512836019015058,-12.284708811295985,-12.351944423554704,-10.645664790150397,-8.468488508036147,-5.943092275706095,-2.595098670212464,-2.1838193557931995,-0.3753089919378552,2.915521277257917,4.381062647370246,4.225744063993733,1.4317993688583204
-13.862973031287074,-15.380115986269592,-15.385540652325965,-16.268088436878813,-9.530752868685635,-5.500429984692197,-13.961009388205262,-3.3410207119894593,-1.292219901241991,-8.23704188720881,-2.343190547401285,-8.181604205834212,-12.31113104907561,-13.938073418999606,-9.862225124772683,-13.031895977509805,-16.61357282747568,-10.344247839104192,-11.673002468804457,-10.746019961261233,-11.862319631707313,-12.86407214033445,-10.393346686229279,-11.888781572353487,-11.318808487701453,-8.927382659638404,-5.42998373530423,-2.1087748608697208,0.08629305419126114,2.3823118235911065,2.064610791336823,5.462898113879933,4.960354834018214,4.90241608100666
-14.41270447479752,-15.247317487772824,-16.251689893291363,-19.28510623520908,-14.01105018039774,-6.84600880066394,-11.570547793996578,-3.7956601352672763,-9.356434280459453,-4.008640459194184,-5.7016294608726765,-13.63592176128259,-7.247710966192831,-9.382872244978614,-10.760209112007193,-9.905229971607909,-11.904482765621703,-12.077242567847117,-11.539915238111472,-9.239851792953921,-13.079111232829336,-13.133825148566016,-11.872221777846363,-10.806588655022647,-11.489199762039599,-10.084574288076544,-6.9615139365558445,-1.41699051871382,2.728598483050319,4.736137669219988,5.964722478301148,5.36430780635922,5.848995085211385,5.509654840743878
-14.663066359711005,-15.854141027808279,-18.380768500948133,-19.861940656729864,-10.923538855250884,-9.381192168239435,-7.499306856884155,-5.584461766005171,-11.936794029137598,-9.657897878304142,-11.086574577925138,-12.970039108511138,-8.745152332620298,-10.384284111169759,-10.066392145339186,-11.491429177872613,-10.310234040837948,-8.956454427814132,-12.03579616160244,-10.237476571276167,-12.127259669740118,-11.383874774639924,-10.871859991600305,-11.618928527438017,-8.783463936255105,-8.440756955187952,-2.677348303110961,-2.6586327715270492,3.4292014859261934,5.687955410174932,6.379254430040355,8.090130335531331,7.1844025743977165,6.520177961608482
-15.446121076868417,-17.20884795941249,-18.976539226637154,-20.078842586020116,-11.709366937514456,-5.364081970477806,-8.227566359402415,-5.69374004851038,-8.809043643371737,-17.047103301582545,-15.796228632430159,-8.28092589970552,-5.763561796240887,-10.259604810671345,-8.987057792771546,-8.749568432578519,-11.566065953301896,-12.580051560563515,-11.478397872112058,-10.634584878938796,-10.580131045501343,-12.25052400316831,-10.201534998716728,-7.771213616243359,-5.95518752787005,-5.01766941192819,-3.9879683578153045,-0.31346868790660604,3.8096613315668177,3.1632540852409483,4.902387343916801,9.0714114844389,7.966095366286316,4.7842163114218765
-16.725177359256453,-17.618242011240373,-18.83611294150851,-20.149669908433257,-12.406949941359294,-7.9239744392898235,-8.52265707053582,-5.554955235483937,-8.709430083378642,-9.830301146933284,-6.945207946619244,-9.291258977493518,-6.034772775711928,-12.503815893756986,-8.797841443862092,-8.744489566060594,-8.734597730721148,-11.314399121148073,-10.768110044759169,-10.050946733680382,-8.616456386888215,-9.035457487665905,-10.263460591926016,-7.201358064627876,-6.619874870266822,-5.628525682684663,-3.389523564412167,-0.24319478488442486,2.991846100370267,2.8430080664933635,3.1552283145620055,4.344044664464795,8.660359070714645,4.157224447547472
-17.47755095252544,-18.085161996544883,-19.552290531592615,-20.2876615956289,-18.72601730863101,-6.751151291755233,-5.862807851040067,-7.645165368834885,-12.809167061064365,-8.60461170547808,-8.512537869140917,-7.9331517843675785,-6.916463356692277,-8.104594383231525,-8.603437229437633,-10.788432701208283,-11.478995864013557,-9.707210748227666,-10.7839038376499,-10.214591196087655,-8.3815263265579,-8.187653448540395,-8.76447679295404,-9.022751402892078,-7.709227728833867,-5.394026332987502,-3.13600488828491,-0.7460690510321879,1.7764300511287052,1.7375761753797336,3.520806585126603,3.2176382977405984,8.419029377862126,6.415754493464671
-17.742118206203983,-18.547888892572075,-19.858172668008123,-20.446981502421256,-19.533645589085356,-7.175733424648388,-6.4966047869426164,-5.447054352589434,-9.929424635944706,-5.202791955270183,-9.429830916124793,-9.020358600572932,-5.811693746270382,-6.882018439126224,-6.263498610258654,-12.348242922426484,-10.710798748378549,-9.44959412526157,-9.775193775440835,-8.303656214090914,-9.271560391775132,-8.140488101963957,-8.35289398181976,-7.846293963172041,-6.145952086590803,-5.584899765990281,-2.8744544738617295,-0.05032288951685097,-0.07984069134735088,-0.09746807000740196,3.8323009261874437,3.0873792140561735,5.734805496707548,5.908751910722206
-18.013580317543827,-18.87936154285746,-19.57211941863782,-19.90005993440624,-19.51632561600379,-5.795893815747673,-7.305731433314231,-5.816658301936793,-9.51210753804438,-8.660344389428706,-5.640366254896678,-7.093440554361267,-9.612494929967438,-6.493548386967747,-9.346019633039035,-9.522100649877304,-9.792601478039227,-10.778120576717797,-9.518739773251708,-10.468341074337856,-7.0364734772843756,-8.909626814945238,-7.643761552994255,-7.772725977886585,-4.0690220846772105,-2.9376407638176496,-2.4846657623004393,-0.2692776003580097,-0.1413025885909614,0.36242564624405144,3.60187956641217,3.8015257465740193,6.889695975418302,5.1699526200301005
-18.135341740889924,-19.14883220945424,-19.31676067232034,-19.284181412566376,-18.91068982849051,-7.5239819836293265,-7.381222117577554,-4.587738776036637,-7.684522125835228,-6.754217437336543,-7.085691868858694,-7.4487889833939045,-5.986676992500781,-4.060759847180436,-6.111205030103197,-8.231495735054315,-9.838784007660855,-10.524968409719241,-7.857816850118139,-8.953499354774811,-8.066177677625392,-7.833866948219249,-5.79497441958488,-4.800127625232763,-4.750620937674778,-4.019154840344736,-3.7455777313832463,-0.28306854785455543,0.014239597048188314,3.1190020975232016,3.407487496741862,3.734853938785848,5.816491266396851,4.492143252856775
