script/wind450m.json
{"header": {"parameterCategory": 2, "parameterNumber": 2, "lo1": 3.000054539987559, "la1": 64.9999836372058, "dx": 0.5, "dy": 0.25, "nx": 34, "ny": 52, "refTime": "2025-12-02T21:00:00.000Z"}, "data":
[rows 0 to 24 of 52, columns 0 to 33 of 34]
11.360897175827445,13.375125630898037,12.28418212398547,10.717728974347567,10.985921967686085,14.191780740489078,14.068600410301496,10.590469254671037,11.141164449804114,6.36384037613819,6.7646218596491545,7.2676968300476705,6.9454753552706725,7.5582592075591535,7.593253487512333,8.547481786928872,10.128091616132357,9.996880228491577,8.348887542079668,12.753784533695896,8.974436342196821,5.681529785946079,6.628583083978574,12.127346736494397,17.174847664021645,8.401332635551158,8.296459971429208,9.091099276728276,8.85648727955932,9.32991872299297,9.248233369884247,9.482141661907018,9.799720496934748,8.147606717011648
14.007035425923773,16.528162056552976,15.323845391631739,13.051114501086625,14.321789280284172,18.799128620118577,18.17321254755411,15.14176808312766,12.32017905060186,10.238590498789325,8.028814578545392,8.911108277344518,8.39507949294802,7.98677999375456,8.463853534494275,8.440720472909351,7.64975501926837,7.803758417991042,10.914378820783245,11.68147417078817,6.726761935563596,11.462021400513073,8.129948130348046,15.818033187499065,6.438062062227006,6.009474179511325,12.037412128333502,7.364594530339026,10.606892302504633,14.407541048591034,8.960539002766735,9.132492823831962,9.077279086033654,11.500627770732866
16.420368097351194,14.836776777388213,13.28830534434483,20.022008778989473,20.1825517477113,20.63974259963971,19.82563636114252,17.82450488182954,13.930392467966866,13.261843835554915,12.883755965323006,9.383518208788951,8.95607063773772,9.548287647084122,11.472839715213613,11.484644315210586,14.408151856559362,4.730159964507075,4.160316428833695,9.688018653572872,11.305888001538687,11.0961186450476,8.804261451339631,12.852121603267118,12.211442876608867,8.077748352013746,6.588901628250506,13.881738248099198,10.116046058461391,13.189753826241178,14.054353718376047,9.439702625050517,8.577732287806283,9.283887607570444
11.487535105992283,19.71254739806673,21.69783038921916,22.08545802291034,21.480197167850793,20.729209060285385,20.84181379521042,22.884735680112804,15.680138853635885,14.881927417348496,14.740590103230229,7.185088860185073,8.065966378891954,10.456973384651112,11.316421285760287,13.101157753178141,1.743346604747838,7.265676978292444,8.559079557388715,6.354033693844713,14.846143215619714,9.95970378831342,11.55934982027046,19.746807132776528,7.356171093652085,8.929310886231386,17.981563218815005,11.104984640068697,12.455051352557888,10.685512486231048,10.36964331119598,15.915230019637212,9.347157048406501,7.558888635808296
23.02278504509447,23.651962567907336,23.551703348074845,22.64252852392322,21.618740999424915,22.044692422343356,22.9255569719902,18.408560073465832,16.857778233341058,16.089635349016795,15.171421889229864,11.659032640602915,10.003222391971311,7.782267374624901,7.608938544682394,11.808693105938557,8.454976659131281,4.698774577221912,4.986311425771327,14.766900215432079,12.029205708857468,18.057498664274398,5.531728665112965,9.254153375828079,15.316661163322177,11.491981415792338,11.49773019468377,10.168598815461824,14.95446166154572,13.063529919799791,13.133419186852688,12.813070500118421,10.159231185050102,8.952159583644331
24.427572261013808,23.420849595685244,22.92380838124802,22.176194642318354,23.324162440947383,23.562980668808766,20.352469096891657,18.636021966930386,18.646430348725833,16.540082925543395,10.763984511582349,8.900482046216313,7.733186479116257,6.795915852098819,7.878979708536661,7.921519611594473,3.7594438046482015,8.86956001071081,9.681974715318143,5.545922747840529,5.278229653890644,8.537035711636436,12.469789495404553,10.290771294475878,9.146977401599687,10.311897123376218,10.155726819915337,10.746146241218579,10.360879050704208,12.53542814244065,13.134850614598362,7.73557303245176,7.024227462321593,6.6180692261671314
22.615231521894813,22.532314352549754,22.31958213655076,23.665816402060123,20.112487031233748,19.554193640352757,19.634355021015587,20.25562523075594,17.697563334703727,14.576060410100418,12.200865183183089,11.950975043549667,6.850876517102972,9.143354741066327,2.0116495907165826,3.3595331446675774,3.3010287299174097,9.77436967027905,14.401009710536577,14.349130815094899,14.354210544784896,7.670679807003768,8.055794284633002,8.889893231631687,13.715749312612127,12.16485919643515,19.305854682470244,9.649386398366303,12.209397582493086,13.526341768882611,9.64198508040196,9.584764056686364,6.173882831097798,8.22687720724614
21.275340391251667,21.420737440720583,21.398594629789343,21.900280061741846,18.809445288835544,18.76125307145575,19.359279391319422,21.25755072147,14.984847070420647,12.579228042113145,10.260575618308495,7.178873847295671,10.907406392676895,10.881548224036065,5.798613111093665,9.093390598112537,-1.1042633955725927,8.202290257527272,12.679320369667778,13.818532934873403,5.63721583204578,11.025977831288058,7.1207102022756095,9.194862622046111,12.08735409437381,13.65351788546148,12.906123060403862,18.465051923829314,9.479615486668367,8.739907175774354,14.579392728527928,8.475465909886077,9.294774537410413,10.573541031109041
20.063107691400905,19.523103919335558,18.59814933047939,18.090163819146067,19.431405358678994,20.464962046067466,16.513190491840902,16.83032725155128,13.710692510756537,11.587429106003663,9.533529155727235,7.277805205756995,14.339406643960869,14.334683490237456,13.38986819659012,5.227658051417008,-2.382758521065038,16.105553331467956,8.221580637470108,10.261858792797687,20.236867597358668,13.387959738570663,17.24575157388418,8.506607630668942,10.63613347692632,11.046898732815132,15.64681678775074,13.333972454634162,18.880588460886248,17.09768400957356,13.406212034831265,9.9860227097219,10.736432378372559,10.67464627859441
18.04286841146464,17.47684497731446,18.15451966068667,18.445925102630138,15.422016409068894,15.831386534236533,16.572700849612353,13.263422814167114,11.668460696244217,9.861324550999193,3.735497774244116,5.39615067642044,12.810331380651766,7.465255078960123,3.61520730812969,15.009528158461178,13.997328161060526,5.642040525970199,7.4177571483248785,7.684035924332999,11.123585208446945,10.89124615627849,11.248432678086541,12.104465086251425,9.06172963010049,11.365806348976248,14.416949650083474,15.856039177324003,14.597150072757326,10.224054580201129,9.788914146498813,11.431147914361881,11.044990946602711,12.035670119376878
16.533329694976217,13.397246574584052,14.198680054388943,13.380973564252663,15.357608679914945,16.038089382526948,12.16786971122721,8.974605950543184,7.690340962622877,8.155092796432752,12.721634622831957,4.651367684523305,13.079916125509062,19.811308551526,13.766878305976453,4.436418177599038,9.557099164392614,10.2281921837372,7.533964643288745,12.170359535439873,12.071645817999414,7.018070802540338,15.832167180292688,8.520103317372211,10.04583953550694,8.588245264717193,9.223429946637117,14.612378540319268,11.279103165118563,9.693367739508625,10.63265911938198,10.545420325771836,11.675965591120342,13.969134746848008
12.230204660056044,12.556396284342702,12.119658924915383,12.759066150890522,11.641877111923385,10.879729823559122,5.650443275220611,4.141195217627463,5.703429506239536,10.779419129395281,14.1557048248682,6.148670539901579,7.755760354158502,11.349431619151709,10.680917636813584,5.377353968762275,5.616224538661935,10.947538994746228,10.213376083263231,8.765396732718084,14.30710633875644,12.277984856258461,7.970508380927649,13.479017205813912,8.634667001122645,8.952840932263133,11.835112211268363,15.770399917836682,13.08056866832668,10.764644659388809,9.298176561101778,10.962193590752298,13.209677280057498,13.846317271076204
11.32603615313356,11.428227166451737,11.133525202764547,11.884018496173612,11.244178960939884,11.51706639097573,10.500160647341575,7.148497925923563,8.171040035758052,16.130332984881726,9.969127802483063,10.522680444343811,12.374780537039483,9.997837522831716,10.88128278873878,11.900391719499929,5.250269731688081,13.544961746624873,9.033713572855598,6.654190058305552,7.994525014991788,13.957939068198106,14.057330522312347,7.959063373199459,9.110909112306887,8.463594121070386,8.089588951976939,12.18897156673479,8.477101808566065,8.541844896171032,10.968865254802498,12.616124039661157,13.55880397097393,13.865655584670712
10.590138371577781,10.591492894151052,10.659637769674775,8.830180939334413,8.384265582021566,11.91832119688434,15.029353908174693,3.0178219845093626,10.743028419917842,15.154867783359803,13.994159743381912,15.70028265934324,4.277722202168875,-2.4449856219977755,5.3321330696121825,16.301863749490323,8.297842166360653,8.565888919104772,8.811908760487329,12.18195700375335,3.8196363044534936,14.45200639650091,17.118284373222153,14.232022873797069,7.489827460368275,10.67622742276854,9.519403192551769,11.394995866696078,8.37915349202089,9.561590237245396,12.724177710935752,13.239707965010664,13.868337282961892,13.871381404829469
10.080406933175606,9.872602380039407,9.849817965882014,9.130923235828243,8.42957268721477,6.8275724570654015,3.9479494257519048,8.746570588956097,8.216798076126194,8.528301675290194,6.259314035952956,13.99689713408242,16.872478797996116,9.881670943104565,9.33218284166243,8.601618585655388,2.964401348696839,8.626939527706556,7.319931808725424,8.83392130208342,6.440424173078618,8.526404709850224,11.836049455201838,12.207964533797835,6.5251219092327215,7.453743952202991,8.643424777341272,11.252025915290554,11.055813795144052,12.410635134615742,11.271268752460276,13.113710512877049,14.225128630840734,13.271464499482835
8.513214505404685,8.706902212430968,9.250638481337198,8.691767114547478,4.523409180597941,4.200027782369249,3.244060648613352,3.6358137230046794,4.652380239395768,8.005531134661117,12.877106873662996,14.71930923843086,3.0535853430071827,9.811723958793312,4.587615569834758,6.144068859417786,9.291010001593968,3.6022268012226055,5.465928374505297,4.926939718475814,16.161492497492734,9.108578480391722,5.119224640204089,11.499481200291257,6.643049734552301,6.990929493044741,14.503224259082051,10.67127245440908,9.533385964369272,11.082200686292408,12.000503077600923,13.279093930015769,12.484160100100166,10.953142009492344
7.814404027870248,8.485380227601732,8.793440575699236,9.523829363557946,8.330616297480884,4.20759815149385,5.26774209190937,7.840469020613371,3.0314930315476114,13.498280369667631,13.783906299303647,12.785695555504013,9.555832484527475,4.275302770175414,2.0447542420166585,0.3141700865764518,7.117854497776182,3.1216264999771024,7.575806318917476,3.8107189890729822,8.804850544879091,10.684495164210777,9.196807286169099,6.086220238337676,7.859621733799991,6.2553099953983216,12.127520054617435,13.028602223609184,11.91788871024673,12.29024720334177,12.276460385935673,12.485515091264705,10.647695620786681,9.690548578862002
7.565719661955303,7.661718744094286,7.509940341636755,8.082922270862444,5.049171358854021,3.6171716946824537,5.14243737898825,6.01428069728595,11.456701922131126,13.73935803710542,8.7417350040522,9.60090257801579,6.125408813950896,11.840010547765386,7.811647936837944,6.706434266792868,4.663920818253059,6.811412298013423,7.730610792040025,5.570777132996743,9.419188563485562,6.172803078451632,9.905845896242905,14.572623825500564,9.436840749325702,6.851875326998197,9.724484665369713,8.633818407157829,12.82521232784478,12.365496261598524,12.850324046493105,11.765864859435796,11.229788846826333,9.709623953768578
7.5556818458592305,6.91813236758345,6.529830876545951,5.905654420594647,3.231700496055149,1.5644852380510874,5.778743415230858,7.6447087058106185,-1.6686737817126236,9.817303539072393,12.179631640166797,10.03549672826757,12.911186488409959,7.410416537869147,2.078313744850401,5.285822380374478,5.645890668099471,4.4967778022391425,3.2951634708800905,5.523983540425589,5.053312936523113,10.633777072331592,9.444632292635054,8.682817883935861,8.378857797213477,9.961102442646725,9.006835106543765,10.852323710950838,9.626686938714563,11.509681939193122,11.560529108372094,10.639975639673743,10.281562019637324,9.633442906858878
6.72613104245381,7.253113877135244,6.167616647333745,6.937082922941558,1.267141925627694,2.0184177485327544,1.3916225933286228,10.282963253265395,7.743300899297096,8.11350709272723,11.600999552411078,12.00163984413002,4.441995780166905,12.508391467972933,3.6340270979512015,6.00092374892911,3.120186335031742,3.9456099448259674,4.170660405097596,5.371577909217576,4.085974845307641,4.963393579576841,9.636698773880974,9.432152704505134,7.549922256671375,8.536756777401543,8.749103458443585,11.261535558421,11.369358556483228,10.185898666188809,10.66425260023906,9.233056199799105,9.535705617132516,7.65652376401425
5.937725927488314,5.805537376801341,6.105225284395093,5.4532935748539675,1.8902384332564848,1.0609537951955106,-0.05257211603434245,7.369695130417119,8.126455882897613,9.072776060068142,6.251857524128843,9.985437626815498,11.112274369678873,5.300900299228033,4.231988561283752,4.477756780773736,4.65123623982612,4.71381765503543,5.443553591185647,5.7265729754725285,6.213587801101168,6.219511451867748,8.186052791056632,8.219188989175404,8.822774043903662,11.750469636175222,8.061020945423692,11.735555068453156,11.050001142076512,8.95691106948134,8.089063009485324,7.362898900035145,8.451378870348464,8.765235730595212
5.607289217182062,5.543700799662644,5.228505588280345,5.5855276341299085,1.250949967326586,-0.44488261039330784,1.6818869576590771,4.974262967440132,8.826568130900688,3.466360913070097,7.476911301774621,8.90074524538622,3.667003311551063,6.906928948171631,4.636361307532043,3.2385968980956767,3.541260963638564,4.856786046672033,6.340857768582603,5.640490876470744,7.844416086717295,5.263292495920464,7.4155017015919364,7.766447712834186,8.625547788838938,8.698532775575323,9.24129612125326,10.569823111534713,10.442046643926867,8.307507580736292,6.580147286780065,6.235095331337123,6.78784482966936,9.077858409947941
5.049437610401623,5.177260841181968,5.318082606004339,3.4751976304893493,2.1565169639092256,-1.4878304442706973,0.8555334297091066,5.657556627055075,9.602113171403207,7.075661138173682,3.741670913055768,6.423130076778467,7.833777786672021,7.036648252294591,6.29150993394733,5.608178269537058,3.0048814928044107,5.894545639609625,4.8400856042754,7.352247331712883,6.235316616971077,5.908282168120026,5.769764812602736,6.873246202573067,8.689218242745556,8.535270724958565,9.86878580979601,10.366043700041484,9.960148692751538,7.425765502077121,6.0103922133236845,5.173058394414798,6.871064032128044,8.207706640066196
4.502033419986836,4.847623682708343,5.869130908946633,3.9641742099983763,2.1054519228357176,1.2431098768531939,3.360405107375935,4.231337937641346,5.57806909043525,3.024809272275006,3.736930312399951,2.2869416720961757,7.787861043760506,7.720298494070062,5.841473826128233,6.232304549273235,2.111275915286776,5.457099761896702,5.22464814935488,5.914066879910685,6.248203218991494,6.797113418301961,5.158230139491225,7.579528880785399,6.8475201205556315,9.74670334581716,10.425684623544656,10.84249659128121,10.17643748580004,8.6464606311341,6.070407802784959,6.532802894865477,7.564533241263391,7.811091571806508
4.169299981553159,4.2627291124796765,3.965446020764746,3.634651439819026,2.042464659997507,0.7185108982877247,1.3033412611632786,3.3672828800926204,5.772658483076696,5.409549940972354,6.589954725389795,6.250398240912273,7.098770923338867,6.664416177128595,8.050159843734543,5.9419776332067755,2.6639685326201867,3.922560717874257,6.978177167912369,5.561579633914802,4.909438265767547,7.67909126404017,6.406185849804652,7.62213263947723,9.095567739333733,10.826464440381036,9.422361925158366,9.719617563842265,9.592403752523312,6.471676130761203,6.628355899653053,7.635507174587891,7.24162782249386,7.075670918752111
