script/wind150m.json
{"header": {"parameterCategory": 2, "parameterNumber": 3, "lo1": 6.000198445256149, "la1": 58.999992894266676, "dx": 0.5, "dy": 0.25, "nx": 22, "ny": 24, "refTime": "2024-02-07T18:00:00.000Z"}, "data":
[rows 0 to 23 of 24, columns 0 to 21 of 22]
-0.9528101020318088,4.672745151355206,0.8695400128666487,-1.7785306482144887,-1.628116473063578,4.775020180170675,-1.456483405612137,-1.293830197121615,0.6307867892346514,8.850961606807507,-1.0159999682736822,2.5005593733972162,-2.0492452854223697,0.7131572834467012,-0.873227822608172,1.3785132381724798,-0.38639816753637574,1.2488369047258123,-2.4609145381558344,1.8511009849283206,-0.38451506703903005,-1.235917000982006
-3.703895198909197,1.0915503247710254,-3.5144838529205504,0.8236595117315318,-0.7435702723449599,-1.124607742026202,-4.139354436412326,-1.2574981777393834,-2.1660956981286623,-3.5638855599283508,-2.7983174426112667,-0.7563323992161574,-0.3074233866428637,0.7445105901374803,-6.036805448424138,-1.5923529411640212,-2.1845671226097783,1.1492895413605984,-3.369062590574884,-1.2852406336961786,-2.4112308010888985,-2.023269546106874
0.9627366508945627,3.351553416036785,-2.025900016500399,-1.7134018856289164,1.287586282282448,-3.720884313386292,-1.3020626685595664,-1.4173373057097836,2.441358050919856,-4.4615491405645775,4.047484682618011,-0.8793381655448136,1.891197400920381,4.083891684763608,-1.05721335743131,-0.1723295723592794,2.697083527801731,3.9069973451493296,1.914436017019306,-0.9579151020781707,-4.4268067976524765,2.1195677436743687
-3.9454237645804215,-1.6217461410945886,-3.9558621578174913,0.3068032021077303,2.5784357634462287,-1.2576877659763102,-1.7244025602494883,-6.323678752255141,-0.9389763282561969,-2.2860503171772164,-3.555327015824714,-5.36668133667159,-2.4457976749615553,-2.7351512761282892,5.542978425556836,0.9685465360192206,-1.2411733153846631,2.116507593662085,1.439731316014657,3.6838351228744575,1.7503530572389687,-0.3800488546785653
-0.8523309944735268,-2.2544374781423517,-0.023242812250883964,-1.2387276412514159,-3.3518940803304913,-3.1048868204076303,1.6559480070458645,2.0265892949654507,-5.577235213402033,10.448431583135875,-0.4300024058723312,2.0153409335172734,-1.1955244078363636,-2.329446222948409,0.3962993760491705,-2.0844841110525207,-2.483537127560446,2.2895281030351575,0.04452649728210232,-2.912209345982668,-1.6205843110912141,-3.1649961903645965
-2.265832058618245,-0.7532381325797856,-2.1946577005748686,-1.2896351744098642,1.3080418263641114,-0.7562885525257984,1.7533893086892387,-1.5168955499224763,1.9725654192169955,-1.469861484446954,-1.3334230035404833,1.0202265162517647,-1.3040618001241187,-1.9090688466356043,0.28560378600521075,-5.019834201240215,-1.2809195453927102,6.703512819675347,-2.268320055961739,-3.3985260333629226,-1.6076569641591403,-5.091533740253226
-1.9639937821378584,2.8393145856602047,2.596667803157605,-1.7014460500460884,-0.029794207605600836,-4.312962230032229,-0.6383789054358247,-0.9218200610327238,8.269860691471942,1.5174986939171682,-2.943219812857414,0.466814238149606,7.220878838319966,-4.10203510089876,7.498045779531095,5.05544336879204,1.0155574303005046,0.5602798684446216,-3.091860879512333,6.846766683076005,-2.4421825395520975,1.4528865550960615
-3.467090157219512,1.035447914376915,-1.367448750499511,-0.8518643032714044,-1.7184607278640867,1.9048653968798022,-4.290142415672854,0.6534129155788093,3.3732314359142497,2.4197733886099826,9.056828151342536,-0.7592140474846397,-2.5590475878453605,1.7328170485906866,5.297490850906726,-0.45859501915369794,-1.576012716824926,2.914636516910524,-3.8280428955613846,-1.2851252983443238,-0.24979309080150477,2.504791441973685
-0.27982580634508325,-1.2024796685179984,1.2328354020738332,-2.414427125849676,-4.715520911205474,-0.28892137020998043,1.673133576928546,1.0003142535181335,-0.6652936700785237,-1.1322500927898642,-1.6810386741163605,0.27083690283348477,-2.0023654874982,0.4987077875254418,1.7833324666687316,4.384193645489175,2.372287712098917,-0.32132561760502903,9.010052698509776,1.9244501983292595,-0.97905805442481,-2.898302868313018
1.5010786822627276,-2.9027527723421356,-2.4556935627794085,5.109917717106309,-0.34639973702938603,0.6529822839507148,3.7217622731333058,0.08625593720422911,-5.9117725974214395,-6.382670294977819,-2.726718108202427,-0.8785487241475557,-0.7341107094235674,0.13420522740018775,-0.37840976725743086,-2.610827241197267,-2.5479337905000063,0.6465506917617992,-5.829473740044034,0.13373917584671505,-1.74567485230869,-0.8016581393689333
-5.014576727148256,-5.0188487586512895,2.136408671826774,-3.9303669302238298,-1.3232822560925122,-4.158397336940319,-3.7862678085453223,-0.9830739956328253,1.7211067242287008,-4.135623879677479,-4.388329988134065,6.744786974222488,1.3525546303524807,-0.2294937973970721,-0.8514220971840937,-3.9409321443510406,-1.8226712772295628,-4.409895374650777,-2.437365749909193,4.791175369230348,2.357875683122603,-0.6762093349064455
-1.1377702219950203,-0.7446950378717551,-0.935194105144835,-2.0992962585035544,-4.205905387902737,2.0063015075553006,-1.011529858880257,-5.36436955910161,-0.6707494038078069,-0.08801422745837956,1.288924104359844,-0.6162925135961325,-2.8667497446679797,-1.9838404196546562,-0.31097005918429715,-0.24985121634067198,4.695476671326924,-1.4828737071848914,1.3893156937249584,9.474501859709692,1.9994120049727746,-0.7188888589448055
-4.4355467499542724,-4.908923076118161,-0.06058303620013145,7.144812752714848,-6.299751168124319,1.843834307169681,0.172664955485161,4.486058779534774,1.2451204259790345,3.907276224318744,-0.2706134876040346,-3.628305300641566,0.08809974596718105,1.7560892861935218,2.772781038629477,-0.8930582411876835,1.7168002960523514,4.657102562796822,-0.9615482555423557,4.2266171927921015,-3.8706241495631417,1.1752107446437738
1.8331959073158843,1.632939129245079,-3.872376679470118,-2.500621200126678,0.2942438752614036,-1.189665118552836,-2.0346689780807186,2.5523283014284726,-2.2328081234977524,1.8757435902221795,-0.5886100658838349,-2.6204737376906206,-1.5952731201019967,5.662230269244488,-0.8267707403717184,-3.438661355227823,-1.1008147373681694,0.33668651675931754,-0.3486847931940669,1.9571542458540816,-1.555625778176607,0.6730334687172987
-5.3593723658791115,-0.5956937991212702,-1.93169614416708,-1.124561606798505,2.7016802255368666,-0.27128243200460045,2.7705866781276574,2.407589307599393,-3.621900387793849,-1.0555003065981203,1.0156082627293122,-3.531162909117319,2.4547810762927544,2.5366618450767464,-2.7121205089437326,1.5304656634186062,-0.6905371623917809,-2.526282261960306,0.2945240612945697,0.48853080091710355,3.0022483318532327,-4.62431441796168
2.8287871647778315,-0.018423825229037235,0.1635887374535139,-2.651923120281273,-4.499955928039659,-5.509106622810192,-1.9089862199645817,-4.0879224966502345,-0.3863923816406524,-0.6890166484426189,-0.4140309515772989,-0.9159556291135211,1.1746309645583504,2.7142266109294138,2.599115681622428,-5.3332076302814135,-2.561598366751112,2.0858789013722525,-5.700149018378006,-0.32258674708619806,-0.9089594276796134,-1.6591021958372758
-0.8267872277429545,-4.232946399101114,-1.3908560580356888,0.8046741612462769,0.6348135829201621,-0.7003041241805014,-1.0066341688822462,-2.2864211249640247,-1.9412231340049866,-4.6740111895072864,-1.1458190459932183,-0.4241334232653825,-2.9500215794848814,-1.9339364994707597,-2.2626376345937254,-1.0717027589013186,-1.9078690862619845,-4.405622118343121,-1.2470172805766384,9.770262269577241,-0.7903115059512532,-1.690677144010186
-0.9600296122236168,-4.379926162497616,7.0454665581535085,-1.9007464827520109,-2.49424250076576,-5.603985905965854,-0.7294390682462013,-0.9863078651934658,1.973183686506228,4.626295930147019,6.886493118845687,-1.9160983397148579,9.463550879128366,1.6856061717774762,-3.519812091979157,-1.223955362610523,-3.0225846258413482,2.3739454780858966,-0.5519296293704088,-1.1811800063215532,-0.23156339079784896,-2.2142882343540533
-4.026408683176636,-1.3830156605595483,-4.158815521465458,-4.075592339399472,-1.1499148127117098,-1.3924357009853399,3.6305719829096312,-4.56450556798491,1.7218411902703183,-2.0486671184775744,4.687696952492042,-1.1570786460313849,0.32639124007548553,8.03429980329316,-1.2440992988685644,0.7538838766038332,6.99459134868873,1.3942677059497164,1.8646685305200514,-2.1534039300576544,-0.5676620153249435,-0.4596625524201635
-0.39253059045041583,0.9441583416675493,-0.9375985765944643,-0.687841593831644,3.3461184253405682,2.726512526345611,-0.4649755198123012,-2.2604167763881797,-4.078597904596788,-4.975599647395468,-5.729917064834251,0.706113141817215,-1.1813861116541433,-1.57841725407526,-0.7155758423018129,1.5090597923136229,-4.3079696820296505,2.3086477226155986,-3.4062018841479627,-1.1766600273434997,-2.175160307537855,3.7736175728137487
-2.8572405767452698,1.8421548798349274,-0.7357410770179316,-0.6699906129031721,0.3264335575169918,2.2389776294064756,2.393574407202211,6.9252294412338475,-0.9721818113330625,-1.0953400440325287,-1.454260962142213,-0.9718727531923822,2.7405509183166314,-1.1899269565461514,-0.8155009520865759,-5.551630409090359,2.008087917944458,-4.578958924533776,-0.6689153313684626,-0.36831261271716775,-4.421243358418205,-0.6551050156291806
1.11568038009106,-5.760218676048372,-2.046745555351846,-1.4680306930592601,1.3920719824470864,0.27955749966938553,1.6679369095567003,-4.822977134964708,-0.6653631060988952,-2.7069347154348415,-1.5133709915186413,3.619872813832092,1.8938611210417642,-2.5831004926261496,0.49430175387437375,-0.029199948374538657,5.6096472832094335,-0.2692554093344002,-0.38386399798548504,3.20691646856538,1.5052200610233604,-3.2951694264426865
-4.1144269015879065,-0.22227912668507785,4.392710060945946,-6.444346278930062,2.635016467641276,0.8594178885171246,1.7666945118279322,0.28129828899030923,-4.598098499098419,2.844145209662241,2.3219394685787464,-0.6000111911262507,4.458364956180725,-1.824275345772687,4.261873425875294,-2.2849970439982674,-0.9568032287313545,-1.7662207534038552,-3.67019531242756,4.762463135182911,1.0287303394757294,3.700419724132991
-2.0351819482755644,-2.819910962999374,1.1510548833708738,-2.3688222832316472,3.0173877458575835,2.627864285843091,-1.7497272714981014,-1.4871704038983038,-0.9820980552013888,-5.916083869998539,-6.21407160036814,-1.0245928343111166,-1.7792503571224199,4.178576653077634,-4.135346028216233,1.3141248628695428,-5.311747269445099,1.7585449283159433,-0.3240089382898155,-4.850809002245743,-0.05327274840055052,1.4922057833018874
