script/wind250m.json
{"header": {"parameterCategory": 2, "parameterNumber": 3, "lo1": 3.000054539987559, "la1": 64.9999836372058, "dx": 0.5, "dy": 0.25, "nx": 34, "ny": 52, "refTime": "2026-04-08T22:00:00.000Z"}, "data":
[rows 25 to 49 of 52, columns 0 to 33 of 34]
20.29315140420798,19.040655329541444,18.99312831789095,20.870579056791087,19.638000332658923,13.867077017386691,16.361693606973745,10.397222113879913,11.61042753970754,6.214443644695133,5.848247041956997,2.3791718855951767,3.711856385200985,-1.9340944678975762,-2.475803252131094,3.0537009363959475,4.285982024641513,4.165124851406108,6.282253873196188,5.6547207991344655,5.298924543335273,4.395571901580583,3.936720946623964,2.50246394484513,0.8604994965972695,-0.6027917398958939,-3.454856128607285,-2.712875214851992,-4.629851624860403,-6.249672915139488,-4.372891364107474,-3.7097758281947693,-5.091243292715069,-5.017262796693151
20.13963495405831,18.474577329145013,18.78165568723624,19.12410692901482,18.39665449288441,15.95176625610937,8.71275767699254,6.671827670411454,6.52392688177781,6.128479178762322,4.946049784043558,1.1132091005905973,1.3073226217165812,1.0696449125065457,3.584605232189962,3.367355956954538,4.198630897392154,6.083974269151807,4.933902101078082,5.074947351314708,4.159507684553574,3.0353808329899605,2.414713001739317,1.3340639894814645,-0.43031647883406343,-0.2547128477642684,-3.362510771353944,-1.598295729476258,-5.200551558682942,-5.7691326524159905,-5.345730445470871,-3.5540093038258447,-5.645255500124417,-4.894282757566942
20.986837695968614,18.599712249849667,18.566449364905765,17.319094964636736,17.493500655338035,14.75769131966789,11.984592631586041,8.356928917419884,6.837789967010297,4.715313062067029,3.711616586087526,3.1895946824889347,4.572830848232753,3.547187293971034,3.7776161958646854,3.628459024025056,4.373384518223405,5.462985308437956,4.007423470581059,4.685902179743219,4.245398755151532,3.3805251936730643,2.06709340846151,1.188750508614479,-1.043055601242168,-1.3708409229519358,-1.9699910481250427,-2.718802223728863,-6.925567258545769,-6.312715568632001,-6.5688566270691755,-4.159109511584857,-5.428852081112548,-3.662402803524464
21.09394931032866,19.737017866156055,17.359672951532566,17.810045074765185,15.860892025041997,12.89324437691371,12.358013311174275,9.900836573944254,7.7999636421665635,5.983170696788061,8.760859270531686,7.902777851508688,4.941757225300816,2.7171690973906792,2.8503677584863416,3.2061194987119044,4.425975329114666,6.318482425118967,4.544422137567804,4.314247882662434,3.3983743969834843,2.7483926223069766,1.604582286603376,0.5974266435209984,-1.0080437287615305,-0.1631226039344662,-1.6830708295442947,-1.571495099269445,-5.835456821373525,-5.679640724362867,-5.369344862254605,-4.775592948736825,-5.2998707224988415,-2.733036707160514
21.24645944142816,19.631813205903168,17.9339986642575,18.48464349141052,16.76010475529991,13.212063489179819,9.879109362439591,9.881578917439912,11.853635547194603,10.615569367199102,9.312882797933371,7.066035581654262,5.4889703527945315,4.689422830798057,2.456085365926228,1.3919747308567942,2.1044272148684833,6.706616053622608,5.527967926862817,5.543412637019745,3.8002394350279585,1.1084600127812216,0.3127077475216552,0.14327380101105466,-0.624673540563345,-0.7664031052403049,-2.0586409181559935,-2.3300086324348603,-5.1455442788148105,-6.1784736269596054,-6.104517564053802,-6.003764697018452,-5.725864248377341,-4.25664483119766
20.06469596154273,18.547626073150692,18.33868270060503,19.68628030827918,16.7507416160156,15.026379247308766,11.358358480655742,8.38680545469495,8.750367171734004,10.017965783768071,9.124273363440734,7.439627171509484,5.9241385779914575,5.879500057571983,3.62414187209554,0.22914742820107112,-0.5031941624300246,4.51605311475018,6.223210701236733,5.214191853216265,3.6241931597667008,1.659081347430428,-0.33483280675786664,-0.02705580533154196,0.5710897240288209,-1.0955311384994042,-2.4120473354152163,-3.143579830307483,-5.572871696076084,-6.885135443226909,-6.302581194979601,-6.609033519744564,-5.357661293972927,-5.5112313450009305
20.30315310401853,19.846969548550682,18.074812318672926,17.124770413025182,17.742415733439152,15.974325458252242,12.870931760192523,10.075326511851346,10.509093532724245,11.025541066744573,9.786956786919935,8.278090123558398,6.207558600714119,6.715390338181722,4.181712084326495,0.9927131132643605,-0.4089542930484189,-1.3888900548888297,5.925731220058969,6.272664127543341,2.840109875928914,1.840033060029033,3.0756400321695736,2.890973140317816,0.1478774979522829,-2.1357167023369703,-3.218763650371239,-3.805831819285318,-6.226975604929239,-7.085816328637177,-7.071911048040838,-7.5443571233691875,-6.832193898400606,-7.08888581274819
20.569296720243212,20.00346212764781,19.8522183550288,19.466751615119495,18.411355239285033,16.87476904255335,13.87806634848932,11.239339044245922,11.684716429426953,11.351301743600152,10.68228648993172,8.401004400727546,7.094425179928858,5.971076900071761,4.533115085707443,1.9238559556511794,0.4071642288470435,-1.7542392248697196,-2.563115033177655,5.146866034304978,3.089438504410549,2.5140603563839434,3.1558106093884533,2.4992397792981516,-0.702513920666575,-2.0418239823105857,-3.5003702753497645,-3.9917496590569668,-6.328632763858574,-6.636984232614353,-7.529784019397713,-8.661690930024188,-8.236753801863586,-8.791303791427005
20.41922243237406,20.067546207004685,18.790047421874867,19.212326506362416,18.064421766485488,17.33462715791267,14.617723505807856,15.357233811493813,11.01051383367868,12.088656770848388,10.57925576615787,9.177352295366937,7.378181387717738,5.859785519868729,4.89914601534763,2.9735370278812527,1.4670824151039477,-0.6713146691189333,-1.4916422075097238,-0.3513439830463017,1.976993489004025,1.4816949611406565,5.390306147744393,3.2151377597695694,-0.9310368744017401,-4.527852517340214,-4.31060190648825,-4.806467135910658,-6.81979438092279,-7.0825853590003245,-8.151432543225958,-10.043070447784132,-10.051467531124135,-10.969001991761019
19.854556585108195,19.118084021915966,18.559340652671832,17.237376273366007,16.770267156230627,17.544842471338367,16.07493279078127,15.862598573637696,11.68255304998445,11.684512201321647,9.95331012334733,9.84259150182923,9.070270426986147,6.51309993754628,5.8703774188682285,4.95607709898757,3.025625304877523,0.8423398328033551,-0.9359117774873583,-4.550786706376128,1.6564515954703563,1.0713603129484328,7.026233230733496,1.968211451195121,-2.16953250157696,-4.325915927358067,-5.553092880965881,-5.153427697611589,-6.927137438459978,-7.623555188979978,-9.455203529190984,-10.725993508004786,-11.567022538804963,-11.238560410285002
19.901610070444146,18.445500311957996,18.06665031269225,18.516698500862194,16.925934674602377,17.668477837023346,17.216187263081345,15.856223433977002,11.899973658338478,10.692353442409075,9.688300578343453,9.603082688685056,9.014550459389323,6.914357422478961,5.530107726363011,6.358790946076678,2.429592072864018,1.6119011379071477,-0.16918901154802343,-2.1453679992534966,-1.61413723121414,2.361138309295585,6.302828015155558,-1.243208119852523,-3.4102787805329697,-4.628766598245211,-6.954310570650278,-5.923635132068263,-7.074777635050278,-9.038490747875075,-10.341848436523525,-11.24084439445777,-11.543933265446341,-11.730023112841556
19.683438046573905,19.44561763642485,18.840504831515084,18.536027130985666,18.611398360826108,17.869226306263585,16.467346212333133,15.419386980689566,13.126730945269136,11.011888388094592,10.432765395341908,8.82137842914828,7.469704009836351,5.816913817271378,5.666610678634492,6.426268878221813,3.7119022607675247,2.5174836231618185,3.101879824010462,2.1289190301631065,1.9570472735938562,3.7642291753100654,4.033375143921867,-0.5547003852747187,-3.981034467457665,-4.979690348250056,-7.670669631891073,-6.9049506443502615,-7.802380544192456,-10.037857879681425,-11.780967017481682,-11.93585390866376,-11.751307110822221,-11.200135437360627
19.352746157276375,19.53266002504748,19.010054744736454,19.390068545144192,19.245900048395047,16.827306277535758,16.356367385891726,14.596278616367261,13.279616994855228,12.119700245283285,9.741296208669077,10.415870659309828,7.372144135288835,4.996293148241974,6.231748229371314,5.822005307602325,5.317926527882228,0.7239389380122198,3.709415262634631,2.6732250367892476,1.8970806173549108,4.083057863669471,2.057878897316028,-0.10899925127672931,-3.618243589927203,-6.272654488837431,-8.282506558307881,-6.484160841537504,-9.2024935210116,-10.727846239272742,-12.0022369826389,-12.008502001787269,-11.189758637186346,-11.573130997786597
19.280970938321687,19.416187981991232,18.659833371431013,16.851756797289955,16.7748988503881,16.766802815788424,14.620954901819728,13.784031258173002,12.353394903958312,11.605918905398086,11.306400694807113,10.494038731629207,8.955362188928326,6.979324627569634,4.562278990051036,5.946682258928456,5.024609446435029,4.56876995678538,3.6607228553835087,2.4029381740222915,1.9548804661009842,2.5408096323453986,1.816030269712232,-0.23826625842445406,-3.863851652231002,-9.13886074593186,-7.348290427767103,-6.876192561207537,-9.339486185757051,-10.897848227767634,-12.16295022039155,-12.155781612918007,-11.317439643990122,-11.619623651674557
18.780383813650808,18.5412979126555,17.395293039639107,17.24458367016169,17.95253420472338,15.689147731074122,14.68250734629943,12.718980236416442,12.361746717658573,9.995351568986125,9.951857143540389,9.802279021478997,9.095002541681634,8.011551624635137,6.50442293866291,5.7623135002693,5.406342962191826,4.19539683366964,4.14523197696394,2.714557739311786,2.1369726749056053,0.2949545387073092,0.24767641802234108,-1.7529871590368766,-4.875178190533231,-8.016129335888321,-7.204957349521439,-6.973868562456179,-8.325456380286255,-10.810562071641153,-11.879046775186945,-12.15096073825931,-12.090292502329357,-11.847495600035794
18.710165611814936,17.602206127161633,17.758759095781933,16.91935101586007,17.18950373556425,16.0012622468399,15.000220401973241,12.293059884445245,10.54148482918489,9.055025137416676,7.9855546219031135,9.209177999194752,9.296353638266377,9.020204729899415,7.075785450779341,5.400964961463894,6.778469203163039,4.702490069422812,3.9195700181185877,2.675323516581709,1.2654020223822127,-0.5386679531222285,-1.450469924966093,-3.3836411089391887,-7.138064088111777,-7.779460701637816,-7.443022427834934,-6.588509724663389,-8.043976644525394,-10.16172206850537,-11.061302197150493,-11.966505149768107,-12.904514804494282,-11.557566757904862
17.679880352662682,18.03391900048039,17.50838915431515,17.12630548636477,16.3812908007136,15.711465907763651,14.166561786164,11.967720942537971,9.847522910855487,8.483802237751176,7.980349064587937,9.796570313643674,10.376813513963588,8.58369449178604,8.268063970608422,5.9178017914398025,6.300418181404157,5.200185297409027,3.475259714249965,2.122728837727756,0.644012571899297,-0.37936659956007973,-2.3074863400994845,-4.604254045869864,-6.574798840506762,-6.9636617888438215,-5.597317314738566,-5.0203241166233346,-7.020985315069942,-7.255772607022143,-7.816394175279687,-11.083632502523578,-12.700843898120475,-12.889067537259317
15.736332670644293,17.982489432498657,17.070013723135364,16.36107517223804,16.07228120750113,15.742541269680538,12.983348026803425,12.127452177260528,10.594736942204813,9.371369887687925,8.135998545406714,8.430296336343556,10.251412185114742,8.354608323291961,7.504632767825288,5.514381533302327,5.643941330806375,5.566873035464145,3.3154532808877435,1.7721144191464668,-0.6042612819522257,0.30429702539324277,-2.6046925912375043,-5.443253479980756,-4.9736127219743,-5.937034003660223,-4.728459309225809,-5.3074625368551445,-6.9416948755158705,-7.671035064565912,-8.073105885255966,-9.12576205484859,-11.978708830847495,-11.749195469126727
14.261937687664643,17.47762185025589,16.804303528403928,15.855304834065286,15.297505076843091,14.420046476171091,12.965344331220802,11.267770221972796,9.992937818919794,9.634578668086302,9.140576374430534,9.322495031336949,9.590961499649747,7.62746196320644,7.484713213186106,5.004884841352,5.43984888725127,5.604099615957732,4.021497254099458,2.1792309487150687,0.28159989145469266,-0.09223680633229638,-1.7358335412371586,-3.7536145758311337,-4.965682594958464,-5.254709274918393,-5.073703798199814,-4.867967789769178,-6.640374398780851,-8.68814365613107,-8.407183064526198,-8.046608682410023,-9.682852888982767,-8.636789564131686
12.717713709454966,15.478491878781416,15.819062700163471,14.82482739215195,13.76405541161211,13.641344952496532,11.768438556805487,11.608923838724431,10.579596168242494,8.631642332328731,7.470798012672623,8.802440141445462,9.348943961118607,7.572684504460661,6.632498198778236,4.659222404945544,3.7576954834075416,5.597549253392643,3.9631736249176135,1.8442674740339708,0.4515412604073717,-0.430776484704966,-1.4952101178083692,-2.762813801148924,-4.254040570660917,-4.7559670589857355,-5.145517830272382,-5.838594523661298,-7.0724500510739245,-8.905881794664301,-9.66897605560215,-10.441940596296337,-9.53249696632959,-7.505831146506958
11.45135493555587,11.771559352088302,15.176402253625444,14.671437395967724,13.346836821500055,12.911518642269472,12.318672160016488,10.537547811754926,10.76731284411153,9.300577873231,7.7586243601794465,8.208545861353773,8.084749739103415,6.859582760947074,6.235289148379937,5.467615515750603,3.5082596150469016,4.032652928056189,2.7673019551717637,1.562322722178495,0.19099388001920523,-0.99428882427695,-2.2832403332991826,-3.3154247880315926,-3.2902241792297056,-4.442496307194736,-4.808771349777688,-5.883563326815756,-7.655624712797819,-9.28897930584698,-10.207895433364094,-9.06168632957668,-10.34282624278167,-9.230372763977144
12.578726038898047,11.334475705554553,14.232616351934443,14.083954289213501,12.956674607060787,11.785129223921684,11.841289011575725,10.263130487702753,10.417881507904736,9.477154183698774,7.996822905882246,6.7416363648824635,7.379648075649659,5.737031383606812,4.580610907325382,3.896275063941693,2.787114192615315,2.3829960411301254,2.54848456632834,0.9778782689721414,-0.8282119233641696,-2.0788192724234134,-4.299516287496968,-5.68578789772774,-4.3891051297855235,-4.477890415830876,-5.058468772586146,-7.33782277552538,-9.702724892369634,-11.30539331278271,-10.432573201037728,-8.51212346020387,-10.219238231454435,-9.386988678659474
12.17836210163049,13.028222208187657,13.234907687258657,12.536322686022604,11.859813363781987,11.154999882461437,11.13178925917482,9.887514775429286,10.038790545353871,9.514860680245086,8.231033489072454,7.542644253488106,6.016667790629193,6.048801620873971,3.874898802865703,4.28271994641437,3.5224304170239757,2.425517869621611,1.0012020466399425,0.3250151700182862,-1.1528192610038683,-3.5367141853379627,-3.6725460493002786,-5.79990052551066,-5.513278039266463,-5.520915415643515,-6.595046161262936,-8.1390712590637,-10.331208053026234,-11.09309790218803,-9.202564179306377,-10.326752895706647,-10.651912970502822,-9.778019307800125
10.371760349719624,12.62173123432055,11.980740957538305,12.115305460175595,11.083077034094561,10.166527565878708,10.055161753710047,8.934795296829884,8.031488286646493,8.78435035211058,8.200606579784996,7.201151082851196,7.613137097374562,6.078691291283215,3.795000877101784,3.9641446599947896,3.0651788600976384,2.1500544044174608,1.8576619941805352,-0.5380477662714792,-1.9043479137973867,-3.705364661720167,-5.088755023478641,-4.771190072803952,-7.105640801418631,-7.539811875341465,-7.681912693496917,-8.845442743449578,-9.671600620851429,-11.393942528657735,-8.17605203201195,-8.052765710826439,-9.741268384721726,-9.164169430362174
10.921433286922301,11.370989764753277,11.516618636957162,11.00340788974563,9.70122784352282,8.913110221145802,9.035900925013243,8.693828431172404,8.077158488141077,7.739568018803107,7.792213108741542,6.792628607060695,6.628158719627671,4.939731157528423,4.058688659564017,3.413401541225807,3.8672761803690623,2.6553270180937987,1.3660506175143778,0.34470999784356987,-1.970017531993576,-3.735903052737897,-6.180638222086708,-6.581129065616674,-6.059152207029075,-6.503739227375552,-7.390443803750322,-8.832899920763065,-9.802082626765785,-10.411530507485564,-10.004793269396316,-8.527976729460015,-8.618507089284128,-9.616864630966859
