script/wind250m.json
{"header": {"parameterCategory": 2, "parameterNumber": 3, "lo1": 6.000198445256149, "la1": 58.999992894266676, "dx": 0.5, "dy": 0.25, "nx": 22, "ny": 24, "refTime": "2024-02-26T02:00:00.000Z"}, "data":
[rows 0 to 23 of 24, columns 0 to 21 of 22]
-2.9526927277185426,-3.8388033211872963,1.871422914555499,0.5580983041860689,-5.56895668780453,-4.994834068000709,0.6465652271089232,3.218249270089439,1.7696992913192942,-2.1569635140408003,-4.866409930549576,-0.7096979557805418,3.6724059725300617,-4.0626237841986566,-7.429379709804964,1.2368148261348129,-5.205548808466143,4.441017724398729,-5.834956638009564,1.5042602537872192,-7.146921451064216,-4.407908400277125
-7.184696618510865,4.490627188551633,-0.2541072230643166,-3.8724350919011754,-4.066992238604508,3.6095214792073067,-5.5895071022438625,5.290537402333219,-7.474205612203708,5.3287182685193155,-0.5344358602321118,-4.411944487032257,1.1017779529463192,1.6097740892460726,1.307655885150242,1.0654026025702972,4.645655508591697,-4.646101995587517,-4.435403456994963,-1.8197419349864157,-5.040554977695803,6.782333089896252
-3.939682242612371,3.9137622820844347,3.6921373766255257,-3.2632194405831365,-2.962429236256695,3.381233610708764,1.2182806629995582,-2.704532797899987,-4.770033094946209,-5.058882862678895,-4.673460335484966,4.196321196413709,8.330945355674125,1.815578527505772,-2.0423056508218025,7.602300755346941,-4.217846602052241,1.0796284143435335,3.9765019256187264,-0.6341700967623373,-5.336177768688088,-2.389807026693018
-6.5716869093903965,5.112293576329447,1.8970217108034324,2.7457401349560953,-4.787327138503442,1.7379385374234328,6.398625769899799,-4.102001977078039,-7.121268382750086,-5.624644643125628,-6.703758756251594,-6.491481413577097,2.0571355268675444,5.07223884450905,3.92458004051911,-4.3711302443494615,3.64081371000919,2.071249576606341,-5.129643392894307,-2.0363243517618894,6.288747175794936,7.3878203617152565
-1.8079744291598143,-6.244023648523066,7.353189804588845,-2.1105328776735126,-0.055553144071302685,1.9712140707669688,-4.781329851734576,5.306915330690097,-2.8062936868352963,0.8498835328848333,-7.0950591761662185,1.4707291959879372,1.743069513933944,3.2616178762979646,5.395212208441646,-5.705242876247517,-3.7822292551687346,3.6854070750300068,-4.103054870198326,-5.601964448704146,-5.170901292788165,3.9158985745510004
-6.749617593303177,-6.431452201751128,6.04153832451735,-5.367668324009591,0.858950013508652,-0.6981789562836206,6.086522387475706,0.5515922723847344,2.9874667986942125,-5.483542296097828,-1.396169841048397,1.6831124819132053,1.1189820233449923,-3.821016751862824,1.874532570472999,0.14242532586339812,3.0761315561329896,2.95651022852256,-6.157525786424524,5.942544133892094,-5.156341342537766,5.7817122131554015
1.3744357138982315,3.2748213152062284,1.7210520201453217,2.248168275857484,-0.7443302358470438,5.529626958497204,-2.589566141431772,4.17072973385362,2.4208370935398476,2.0714094307834165,5.332152863588664,2.021277773955887,-0.9991842689834055,-5.359184467439616,0.9848042436140688,0.3656933655457372,6.742649720388049,4.686599857590536,-6.182541448275991,3.2551644654814296,1.0741008506837348,1.1783912793566438
-6.124288151503413,1.3850459551715681,4.435298432311182,-0.5912423486664224,2.83789942006818,-5.454622494166967,6.413142381289791,4.011467060358735,4.3884174187202865,4.3466721278423766,1.262936315415789,0.14862393292844164,-5.699495941122236,1.479184780298214,-4.315372069899115,1.7787961103259997,-2.6649451093299366,-0.7274432681811567,5.391945934044949,2.5182073727565917,2.9029315686167183,-3.7354608177283986
-0.2591180624572312,-5.074211502508575,1.63746538069844,-3.379611026374561,6.670559486763589,2.761730036313683,-3.650561751951061,1.7279600662025556,-3.482924193707556,-4.25294180271531,-6.248057014533718,-3.994452096375481,-5.654919076995071,-4.962332832515785,3.206895263619247,2.648318952179401,0.6920157423150445,-6.57757730026303,4.506028457497737,-1.87566625910703,-1.819147038951368,-4.825222724933998
-4.386781141484848,0.35920426762151714,-6.800799289506045,2.1208747818077796,3.301089384611261,-3.446263418759847,-0.1402366638073791,-6.434403436373927,1.0914412573631047,2.042910152586874,2.0323560758528076,-1.6409584838698612,-6.566590866010777,4.687047054430478,-2.911717347119741,-5.434760154616664,-5.47493187037944,3.546323002654435,1.4592266444485824,5.873278189566556,2.7352774218938576,-4.339550500683905
-2.0074194087467148,-6.769405197319531,0.10533545547594299,3.2367088584911916,-2.4052815125395592,-3.183139026267607,2.8110506404419553,2.153822513793847,-0.6854629431028544,5.492232748652973,-2.001466194059277,1.0124748802575878,6.288649813867865,-0.7204231288445685,1.2852702411615837,7.3420140325789784,-2.0476290558899977,4.1993213561861,1.1837903384931239,1.5917998518048346,1.653866211236611,-3.740558680681957
2.693586141316381,2.002541781052233,-2.410618161018014,-2.072501771683941,4.104416641025994,-3.4484564752649023,4.208257012824865,-2.857877563956264,1.8763554102548006,-6.174198242801343,5.2026796640229,1.0088187832530258,4.04161028437686,-0.0415624641867404,-6.126709162779762,4.165771530965312,0.9292465002666684,-4.27697376135842,2.3397131953316386,-4.980558360483307,-0.24226680039825377,3.210893764429765
7.499693696877185,3.4833207985816443,0.571242025731485,4.921453282436112,4.818381977139197,0.028836325723631432,4.066280342154725,3.904955172312964,-6.729004329024146,3.110124811733059,-6.659698709408867,-6.91575927538988,-0.005723010449226727,-4.0575071538397385,-4.878413743137877,0.5496985707372023,-0.7697348890745003,1.7322199778293281,-5.2147935227656825,-4.172579596512875,3.79753814869999,-0.4197965929896494
-5.615037496838636,2.8493119936312863,0.9026113381343638,2.160158343044015,-4.528630300691777,3.8612855602962113,-1.7176212383098595,5.085475616835985,3.3898124111107215,1.2159555355411371,6.471031671135745,6.20966458046457,1.8214920745306777,1.1646288632114745,-2.6807584706708414,5.146477670515084,3.5884492508749744,1.6612795025671674,0.2703392306603085,-6.322547275844023,2.9874429190682816,0.7979259752305843
1.4140121371209375,-1.0037095130172784,2.9501920371417105,-6.487930361222914,0.49338704350607826,0.4280166589778652,1.8566531897982193,0.12727446813191234,-5.955664379817778,-0.21337050039333247,-1.025506309529488,-0.15728299049330788,-3.2052072967753165,-4.324852215599625,5.375267878395102,-5.2935831498145145,-6.453961115090641,5.041686662556313,1.1641783610268899,-1.1452620240484512,0.3007128000209706,-1.8134263912692716
-4.346383778260472,-1.1802330949967108,2.0082153958439988,1.4512871475143252,-5.946621319307746,5.299627759776039,-3.876982067725666,-1.9735372438750425,7.201100045028062,4.121863242566919,-2.924862850758133,-5.079726517243338,3.135267819346034,-4.92094497280925,2.0280433888084137,-4.489247634268275,2.2807711832327953,-1.4301777414132895,-0.2937555099651404,-3.555987791370363,-4.482392357993615,4.018269912325946
5.418750099297094,-6.396505466153578,4.110909443039368,-2.1352981690766657,-1.3150472074399162,3.7243505995890267,-4.039238526043039,-6.172128718878942,-5.764086027806442,6.751481021465949,-2.4938742016205713,1.2358013239173176,-4.35822764666558,-1.4058674934949702,3.285541486243268,-4.606344542892539,-3.7911923767517965,8.079676883971114,1.2573078693780602,4.262730587297683,-4.614714526014081,1.643023118666345
-1.7593414898928832,-4.893110501346469,3.9871552647550734,-6.400103854069266,1.2115135905023597,6.626406945722341,-3.420782848806718,-2.9973036367282333,2.3446113877331864,1.1384120879397808,0.7229099620232899,5.7366391172696085,-4.014305387772652,-4.527648136767931,-2.199917195313677,-7.401151683199896,-1.1986388658620855,-0.08886811332855084,-6.5498644443899305,-4.939890206256262,3.705021942052994,-0.13288519837553162
0.025716649092194895,-5.023874936251427,-4.829389283860791,-6.086442053949506,-3.791025843769226,-5.992540211094764,0.12894128549207326,2.2056276615611985,-5.361992793889019,2.018774531396358,-5.943335808652339,7.617448871116058,6.295166746414707,3.465122860653708,-4.772765064837078,-4.442771937906411,0.44104200962209655,0.5354488201769626,1.225879726241708,4.795920663774548,2.066620750714007,0.2826228737806415
-3.9656253649490396,-4.083081572145988,-1.879280707783338,-3.84259586749524,-0.5101537628790946,-4.824743879421932,0.6376119430327685,-4.099954499197554,-5.420553727917351,5.881305056043257,-5.538930417116825,5.190258559586921,-3.3387471599765557,-1.7662553639373477,-3.8146645947686055,-5.973648704204114,-2.7831793304076635,-1.8219787424074798,5.526266112688362,-0.9668452404448283,-4.518726894234407,2.651860779338436
-2.8569158687431964,-1.333873297697804,4.595268535360547,6.407262392474179,1.5439104334765281,-5.406885834112948,-5.7990308671659445,1.7040564103775218,5.764003842683637,-5.0571050628638226,-0.47280337577932213,6.017144905942749,-3.922952420820826,1.0287482825344771,1.3308969122916874,-0.07610799457931028,-0.1882484439089457,4.6526762291178345,-5.608347947650459,-1.2496481845810752,1.0180002261099155,1.2904985067766084
-5.165960405364569,1.2445749160372361,-6.788352182923349,-0.7152308968233461,-1.9628484990277888,-3.3790628704549186,0.5584587026926451,-6.882794320817071,1.7748015311562793,0.2048837115059054,-0.8850920561317386,-4.806066535046547,-5.431278272460965,-6.621955664989885,-4.225482439978701,0.8555694528009568,3.4544399512214077,1.1819375989431626,5.419671853301973,-2.8265183167370465,1.7998995209768456,7.0462962282111965
-4.0483859635807065,-4.334847685175463,-0.5823214674147854,1.354005218532239,-1.9354623187742053,-5.165439903633283,-8.303784699271356,-0.3865254347550763,-5.233311691828954,-4.941643993621719,2.28770899983982,-2.108225034936994,2.4636132065027927,1.7407323909080177,-4.60989790701015,-6.146020226982211,-1.736062718748071,1.7104912238583976,-5.86894870886394,2.444063926535654,0.8977343771819701,1.632972198694071
-3.836440207665971,-4.33148684659004,-4.354211310169349,6.3473810841310865,-6.44914832837653,-4.5013790293893035,5.136344714226466,-6.317360767523418,-6.478949876646496,3.6841287012369865,0.8736162862803886,6.769519788721539,2.443557841970975,6.2278919737522775,1.2213518329146806,4.400372430117068,0.023562401247637605,1.7901741073641206,-4.06838959838263,5.308649813672683,-3.205276733259829,4.937096078540839
