script/wind100m.json
{"header": {"parameterCategory": 2, "parameterNumber": 2, "lo1": 3.000054539987559, "la1": 64.9999836372058, "dx": 0.5, "dy": 0.25, "nx": 34, "ny": 52, "refTime": "2026-04-11T04:00:00.000Z"}, "data":
[rows 0 to 23 of 52, columns 0 to 33 of 34]
-5.233615845959516,-5.828348973164956,-1.7042238807760235,1.5036640850935048,0.9530167881243617,1.2051123392634358,0.8152107411534408,0.22567242626130884,-1.0332774918947336,-0.2793656075080903,-0.3361885125380863,-1.1762305403911344,-1.9142312944048632,-2.851179661549894,-2.9206018751284204,-5.5670128386079565,-5.025417360405626,-5.741803845838685,-7.268440625013217,-5.616330277379643,-4.923007050652644,-0.6143975726186708,-5.951053306093377,-0.42491355748445475,-1.4083067118299162,0.9198021173901767,-0.11349761194896443,0.8092798034820416,2.49195499629654,2.7944016239046516,0.8344069675399081,-0.2874218922431542,2.6229525641383464,2.5081637474304777
-0.008457594413561536,-0.8399166810581882,-0.5145620915292495,-0.01938212074549111,0.6465319889104317,1.504420522289103,1.8315320058222233,1.26609446894699,-0.8745830134551378,-0.8594237343694981,-1.0118473651557878,-1.671832971891048,-2.0830997992157854,-1.947370486071255,-2.471843071656841,-4.7961635909117755,-7.200875191510502,-6.43996903109332,-7.867539036146662,-4.657018688540991,-8.048345527651849,-5.610428090397037,-1.7790638924042361,-3.8066017306899056,-1.936423590446656,-2.367664737666194,-1.316929613148541,-3.5249069488953597,-0.22256728602319592,5.396864858690559,2.823474254390732,1.7093718886847415,0.8590827020772261,4.877150138663727
-2.661649330947769,-1.5777664725205764,-1.0933544170792722,-1.026475556974171,0.4012085114531565,1.7362052242573027,0.7849550648325142,0.5686313999090254,-1.3143176534782806,-1.9358604863965119,-1.908527437196207,-1.999986072793667,-2.4703095993863156,-0.9999875101945298,-2.288369558803245,-4.7670867868486555,-5.808457066153489,-8.625736838787796,-5.752896165769189,-5.174238173195588,-6.20181857264888,-3.11962665066808,-9.02730127419145,-2.0660509892786445,-2.3796918739991337,-2.4560756151618595,-3.8101116761310077,1.4689316278685383,-0.28609165204418097,1.872560742231815,5.31595070076447,3.0439680430841825,2.5859326880539264,3.5368117461991533
-2.862752307101591,-2.67495733616211,-1.7253867903124884,-1.4622654778712247,-0.5707456702793806,-3.337832485213582,-3.5914319379953894,-2.6901340791141592,-3.3826218383596727,-3.7899327245366115,-3.2416366038341478,-2.7156413528148517,-2.801674786986541,-0.6456819742199039,-2.6385537663924996,-4.490567075003652,-5.716922877619299,-5.258551996645748,-5.586908416313828,-3.470268816604995,-5.830530682774764,-6.116087336126044,-3.8257414542116126,0.09481519945234998,-2.6465457047132377,-4.620445565521849,-0.7199079756718547,-0.8510604878145769,-0.6077621680384911,0.404837406357099,-0.06263614385385148,3.702952562363684,2.8864286217554556,2.255044100657691
-2.843315471857707,-2.6930800078415276,-2.3026713961354064,-2.070662344109262,-4.522316847240095,-5.908733468715271,-6.4307680798514175,-5.224473648373591,-6.327744961649627,-6.087983647439977,-4.682985218670559,-3.704742750294164,-2.524576164445273,-4.258087021161949,-5.366102212440189,-6.334843486493558,-3.074608098880425,-3.5164385280557187,-3.3162696666032643,-4.610891418807052,-2.876342343193514,-1.2299395771747552,-4.3885918265979775,-1.963926274536695,-1.4138260675263037,-2.5873993443868795,-3.22165067841887,-3.980056814505669,0.46833369027739624,-0.3103026033589234,0.203962184184672,1.9360789543529404,2.25169539420033,1.7245470135559307
-4.235840070012212,-3.436633795358428,-3.224692080354098,-4.206783970804957,-4.912833289251369,-7.642558715949399,-8.449471229811072,-7.853240527570609,-8.142271244031914,-7.43386992431882,-6.108271805658713,-4.378858559313712,-2.04897165486564,-5.257527035047799,-3.650016675283921,-4.438630102100197,-1.3881618041144057,-0.9941738776280649,-4.328085731273547,-7.443071182630097,-6.82488083021404,-4.912846049765478,-0.18861016653607643,-2.5456372332856243,-3.5156013686263177,-1.5097663549613807,-3.6853749480963423,-3.717962834882305,-2.9315532640162494,-0.49381579637523065,0.8734199768915915,-0.1731969987456842,0.483441043105445,1.1577811943869616
-4.745948669810182,-4.162068076522809,-4.91262308240485,-5.605806775021804,-5.873877110777734,-7.451704478807503,-7.682461708467642,-6.919858166122944,-6.131619342543427,-7.420566876827066,-5.883567170664662,-0.701614186255538,-1.2174056671097586,-1.6662021013189185,-3.405072299615216,0.06999938797513978,-0.640920509465729,-6.348731129102048,-3.3745034978499993,-4.9921084026277756,-4.701699930766989,-1.7804775511440023,-3.4853459840637395,-3.2292806791874047,-1.1416610594316183,-2.8689006689309102,-0.4452911099616576,-2.7154136882542397,-2.0777892235329984,-0.20707148746268564,-1.1176571277290324,-0.557816331546023,0.25246141645224335,-0.07915387810273357
-5.075257237504389,-4.725784898645042,-5.563347191527883,-6.72009913935509,-6.031576287125125,-4.636930189548062,-5.179448171305733,-3.071123260022128,-2.706204243289114,-3.6400086461131598,-1.3006573949500062,-2.6997134237427356,-0.7621176491227698,-1.3921215334306047,-2.065126502417107,-4.017498830786079,-3.7393097977513827,-1.8823939628269162,-1.1121341524220751,-1.224085887598833,-2.454196940771972,-1.5707618692494862,-3.624250485650051,-2.9210069746771596,-3.0247678531597177,-4.681654889362838,-4.124947032798002,0.4722760752177912,-2.4084190251318827,-1.299058898451141,-0.8985337886244769,-0.5210618386069152,-1.5787719671932592,-1.1573284497025944
-5.404823427948409,-4.528006586833895,-5.562393323836332,-6.421831910296554,-6.020691595043669,-4.5258284515635365,-4.212846130804311,-3.808129314570512,-2.5195855069243116,-1.954101511273071,-4.7301329795004845,-5.199664052811339,1.339680369565928,-3.8180043029974087,-2.5047507611036957,-4.4285457693654005,-4.030527649226382,-0.8718449617835156,-7.049983670945007,-3.6227493884448227,-0.6751999774398182,0.015014213908077487,3.051782615812009,-3.052255710599021,-3.0522734349525846,-3.0580817963338656,-2.780576603851888,-2.1479712282118313,-1.2998727447336016,-1.6785555720331575,-1.7662988085181754,-1.5693330073995089,-2.144266075093381,-1.8982038708122102
-6.111810236129111,-4.589498199768021,-5.102472777784295,-5.148926166495883,-4.913989951078601,-5.011086154757016,-4.466155384630947,-4.676913766324758,-5.622771229541342,-2.7406557646182788,-4.0804770022264325,0.22659919962282732,-1.4907661235760048,2.1976458501184672,-3.0890180157103306,-1.1878893709866154,-1.0639707768818656,-4.148501584161939,-5.014085239361541,-1.9813467785996726,-1.0118439669193875,0.13432759425051954,-1.1073798853944616,0.0001828495320907578,-1.993399199698406,-2.98151229060556,-2.780646605261608,-3.2811817573038637,-2.833773607535171,-1.5402605859876366,-0.8429357992695742,-1.862540733548405,-2.454953138358043,-2.7214373561295178
-6.281604768165425,-5.423692953036749,-4.781972821022023,-4.708704442300266,-3.7819118075402214,-3.942856062502031,-3.881442303846063,-4.097350206434984,-2.448557728413073,1.4567059411155983,-4.212322350748484,-4.984495830508319,-1.4626513558051737,3.048539232568831,0.7327571392278278,-3.5549993840726835,1.078591558036881,-2.5492609452074255,-2.9486609737311915,-2.105204087984937,-1.9421951766791383,-1.9518532827241188,-0.7341008647819116,-2.8123034090434365,-2.8929362950982824,-3.6515127568494545,-3.515110419686115,-4.025553057703995,-3.189538983107912,-2.993122425817731,-1.9438227286125849,-1.4538612444084666,-1.811023429881843,-1.2911449623782452
-5.998392942037242,-5.461051503444302,-4.745169217841251,-4.881408389220344,-2.886730040228347,-4.326430224524751,-3.174816529512608,-4.276885657059534,-1.0925091099492834,-9.780883635728433,-7.53135386692768,-5.879219577645857,-5.083051128300954,-2.0888354837376397,-1.1019394338778923,-1.9490199316541001,-2.106407228191054,-0.8369920486269465,-1.711489814815862,-2.5969145904681588,-0.9345815993650136,-0.7915241141638627,-3.082487293050837,-0.10848085773185409,-1.3167271673888672,-3.1790417095598706,-2.7883543495829324,-3.688827075725817,-3.168895105207488,-1.9933082361861287,-1.4225182036674267,-1.5352767427433407,-2.056956169792873,-0.5667881336272916
-5.749991047960251,-5.098899504464026,-4.638343077394377,-3.7502471597049163,-3.4109776300702572,-3.6069247313775104,-1.2704596535635522,-2.842441558604175,-8.373758120381666,-6.346315551168047,-8.288235247426087,-7.422570733398356,-3.112665504053865,-2.5604613553110473,-2.7537040642138075,-0.9571087451719774,-2.9206739895283236,-1.618612838173484,-5.504225858238658,-4.114973715180694,-1.7215099359188315,-0.7565601597230822,-0.5176523279940681,-1.8864959953096567,-0.3872794176636594,-2.7478269861834224,-3.0852560209410367,-4.082077540113309,-4.013066850484891,-1.4216935134544135,-1.2723888771231795,-1.4666404137513853,-2.4388668103892384,-0.8613566337487274
-5.444560132964218,-4.614313946696872,-4.0952532624902265,-4.201592987159796,-3.3657642492997324,-6.001518211209257,-3.9487193405479832,-1.6220209464908113,-12.233322743197673,-5.259695008900017,-3.8926535785859886,-5.031336398365499,-4.108576169866335,-2.603917018349653,-2.526836132261047,-0.5626936667931736,-2.058500252178936,-3.2317928465310035,-1.7439328079964707,-1.8586123445765865,-2.9132033737750502,-1.467547621104465,-0.7876232618095932,1.2768813372335406,-1.1665114266403072,-1.09165554163908,-1.7496422558186686,-3.363040252531321,-2.2237986646371874,-1.799021256395679,-1.5563443778356385,-2.178326593361744,-2.6440123958629247,-1.4483509570690576
-5.859413097041272,-5.049813582282143,-4.337957656027237,-4.227510471375759,-5.392488906480409,-7.832243445394757,-1.8190768608944476,-10.499709704475123,-5.201089008891965,-4.115479443218403,-3.996246769677568,-3.8874588473882215,-2.9235633670995047,-2.7190766101213466,-3.6970871688359015,-3.3053807580741132,-0.2522011810335055,-3.5364372637224597,-3.447496580109509,-0.9918040757627102,-1.8972321542157242,-4.303667482658909,-1.6001658441755842,-0.4429367486167428,-0.9254369743793365,-1.2592381973325621,-1.775131071959094,-5.072640061368639,-2.3220789483401165,-2.985365942693951,-2.1140480018899392,-2.4796837848350006,-2.2947583626515518,-1.522627615828174
-5.893470754138394,-5.420055312994554,-4.689744693052737,-4.3819223529417775,-3.3673977997212177,-5.568239053801564,-5.831840404120253,0.7756934856135038,-2.84628993816214,-5.119937708991016,-7.836240592230409,-6.046195365221526,-4.795239455751508,-3.128743670301933,-3.374770819346351,-4.553065042003155,-2.8577039455466307,-3.2902106411586596,-5.273518856500955,-3.2662593575239045,-2.960864701056218,-3.576242196803101,-2.743483516389716,-2.2253306349096937,-1.896812391438162,-1.0444026069784103,-4.011146205637796,-3.5882975897308103,-2.893269710385205,-3.2460489991217285,-3.2117100256735704,-3.2162655815468684,-3.248558249257579,-1.8911516548061902
-5.785565278659565,-6.497058828672764,-5.083653532683878,-4.108609344423614,-2.743882635943792,-4.578333663250043,-8.964551042458819,-6.962056304904119,-2.7553844541540764,-9.068356776598204,-8.92460245226142,-3.678485516014525,-2.471238299647877,-2.245200945123319,-1.5628983737990203,-1.648368733314761,-4.920381163101636,-3.8912744025487034,-4.674811521998806,-2.6693358274499173,-4.845314274492846,-3.6238361582352936,-4.196215077960841,-2.520648011145718,-2.5994283081700016,-2.8026832679923253,-4.9649619685849276,-4.658754488822441,-3.334177027464757,-4.37294941449213,-4.119942373449391,-4.386352376305676,-4.337027121775736,-3.5463063523588554
-6.521686001823916,-5.75384371750832,-5.735974824468141,-4.45538825628431,-4.366616575031857,-3.346276244609979,-7.62208048831132,-2.7432901093865674,-9.948349886691151,-9.255643221566206,-5.616963741926175,-6.312969014973057,-1.2002835196684616,-3.4012916998459928,-2.908278319111078,-3.5900798365736444,-6.285226017987837,-2.82618985168075,-4.450221930934393,-5.864551539466881,-6.128054073635065,-3.63247015189927,-3.8688958501653885,-3.636853616937917,-3.2010728965533457,-3.227092540298894,-7.248834023810572,-4.106872477174307,-3.39484645803964,-5.223088707541825,-5.540724964034257,-6.487720168699178,-6.055074310867238,-5.490993204842869
-6.716270493949935,-6.733823494122397,-5.743420626402139,-4.986003102524225,-4.198860049048965,-3.006044787676833,-4.161175267483024,-6.034222121078065,-13.919082535291485,-7.254620292653781,-5.0031916818658475,-5.188589096226573,-3.5683059494220455,-2.1644537948894627,-0.07651653328174966,-4.458062525561535,-2.2448184292098055,-2.605355834163079,-0.20348726470171466,-4.1926614755165685,-4.603654000369797,-5.083206066455597,-5.9046435039951435,-5.132267643929532,-4.266778466256866,-2.878796402883974,-7.434892598485078,-3.287048054733853,-5.0704404781739285,-6.4051910133435594,-5.772975723037447,-8.448055791227663,-7.88812793833237,-7.5622248887607215
-5.962049902675648,-6.4787334757182276,-6.458382053742022,-6.118807148052139,-3.1403609088091198,-2.016193519916901,2.400843067706924,-4.56624605917654,-8.406730040546444,-7.207844469849142,-7.753859975573101,-5.435576119359993,-3.589857867426725,-3.975027166786705,-3.5359146529961882,-5.516002989061549,-2.7975075192414938,-5.367475788068463,-3.9432825787533745,-4.2319204275221125,-3.468106652696476,-5.143922036490749,-5.687681476046788,-5.2141316438825855,-4.252701798148665,-5.281068162727991,-4.028034384941936,-5.52898252606472,-6.996880368926219,-8.379748179339789,-6.199153365738427,-7.665808038887835,-9.471739982880708,-8.627361336146613
-6.463173812769475,-6.760056463757051,-6.757727675401812,-5.766984361861189,-4.44556088133374,-3.511824794467556,-7.7968362902009485,-0.10752722240137501,-10.542412477632503,-6.323636632605865,-8.360739489805622,-6.143485222583592,-4.944461806244352,-2.091460349359617,-2.9942862335996336,-4.115611174798384,-3.3586206938644714,-5.790621585433999,-3.8681251863002037,-6.4368035181059255,-2.7974444537123464,-1.6242937282282217,-6.405478949889216,-5.892362559991462,-5.62074313461362,-4.996963290536466,-4.778638214244743,-5.469460444305448,-7.738977616315441,-5.781727452710634,-6.51248632405196,-5.304803083938247,-9.808928018072741,-10.67204223919383
-7.43067295283039,-7.034937798977788,-7.5315246794565915,-6.940380017578342,-5.021513882519411,-2.2073743594618276,-3.4972903852016244,-10.623883522739419,-9.091826755258332,-4.5681911610904535,-3.637362797719679,-6.2050645556434,-3.247058149219399,-4.633650441745831,-6.560454760714855,-1.6799081864312764,-5.6902920038914795,-6.00606104419916,-4.649516092905513,-3.5262076682802075,-5.283036137147907,-5.421684194251465,-5.41385702813213,-6.087932049009834,-5.518745887764906,-6.246683209918077,-6.482782562612854,-4.427174160666263,-6.782689281588361,-5.528024040396721,-7.463821572995435,-6.6815424621055595,-6.5321446866188655,-9.695381198434129
-7.098775134002971,-8.401852199136485,-8.338154517768785,-7.392912957282725,-6.1275055777933645,-5.0857374718298525,-8.76192701412473,-3.613150144626984,-8.091983535583273,-11.785058400310653,-4.523439662907993,-7.020966956982343,-4.017005646335235,-4.75598695255031,-5.78855869429979,-5.910106132541377,-5.944551622978259,-4.123765805829074,-5.346846070275861,-5.14895743018834,-5.834639109779944,-6.685125561523543,-6.85672292608585,-6.931587559670831,-5.190803189998034,-6.511255542972497,-6.632007058773212,-3.9060098988427487,-5.397829941485799,-5.642038295787192,-5.5120761152688145,-6.012540646728946,-7.078344579297603,-7.617825246030489
-7.155351784321964,-7.8846518404822215,-8.704931458191572,-8.137490210829952,-7.536483297427828,-5.368220579581577,-5.041358315175737,-12.14026860799795,-9.196593200210623,-5.6360701149068095,-0.8410352584277976,-1.3001655233794287,-5.047372414099654,-5.392714991948373,-5.989908485390293,-6.4091072410511645,-5.448578556646551,-4.795245064073215,-4.523205628093607,-5.3680428731732315,-4.719818400210593,-4.719686500442881,-6.267408133352021,-4.825146474801663,-4.084625417168398,-6.1716083158511195,-7.099371683426963,-5.291555868080996,-3.7243285243047,-4.681323757365058,-4.190376409056444,-4.548688078928627,-5.508728549493058,-7.139331418177396
