script/wind50m.json
{"header": {"parameterCategory": 2, "parameterNumber": 2, "lo1": 6.000198445256149, "la1": 58.999992894266676, "dx": 0.5, "dy": 0.25, "nx": 22, "ny": 24, "refTime": "2024-02-27T22:00:00.000Z"}, "data":
[rows 0 to 23 of 24, columns 0 to 21 of 22]
0.022244094273411726,0.5221312059142563,-0.23436371294924632,2.300761973182282,0.5170242019706225,0.04689531352979987,-1.5362360024426618,-1.7641828236086106,4.881318667816316,3.1564191230165464,0.060373162577644475,2.0178990975592503,0.8229635615976779,0.2928999893248734,1.5032246535437652,1.562191965382785,3.2449078218950724,0.2997980665337658,5.475889106016178,5.167055922750893,4.204884350618191,2.893735828047433
-0.05972873072236346,-0.7131926049335643,-0.23299621051938607,0.06904776633550012,0.952960567482198,2.320631542544155,1.7081121889002309,1.8243700606973865,1.2965562111734912,-0.7301884735871317,4.199163087112581,-0.28464621560226916,-0.26855310146242817,2.288963728357104,0.3699805697435295,3.0890944070629396,0.7184325301473192,6.291244781949255,-0.6584570307654821,-0.012432265457774134,-1.244849032765355,3.121965343490359
1.1173786568780444,0.5469311051184996,-0.11502058534484678,-0.6658270996907624,0.6380522110251194,-2.3102816480763417,3.861841398599396,-1.2198043195830273,4.8826441196516095,3.6078777448972557,2.3520784115222857,1.7877910108901618,2.0607842339906006,4.773765707613454,2.072153645030152,2.6683712492149843,0.7697712807652327,2.3526772344492977,0.16368945671750076,2.188965232643234,2.4519542957902694,5.449379973604249
0.991311847191461,-0.4295255188452756,-0.3386823940277778,2.043903634630192,-3.104396064850876,-2.000222893595725,-0.8596185600768856,-0.7033342528951356,0.5506412578663511,1.2598045293219367,0.753874727903952,1.7616024420657637,1.4178411620133213,1.1091991435748967,0.47038915617722427,2.1204043579872263,3.204364498070418,2.0491880633156154,2.756048188004557,5.0408406630878435,4.684170896922232,1.1951257924911365
0.47483761378279643,-0.6081374570160629,-0.4724197935066268,-0.36460959634134155,-2.0450904445517533,-0.5497300228703889,0.3594188225078166,4.010611110045359,3.283098705641505,2.3009275894407732,1.0590988251506337,5.054979968686426,-0.26088171339595995,1.1215973364361587,0.3057895368075282,-0.11537888963695744,5.716440185380852,0.525216657989658,2.3950944722111394,-0.581349423736407,0.3092077216747825,2.9656363885021033
0.20374204530117598,-1.1339632686181844,-0.5394375371547401,-3.3790936140870036,-0.5341025343317841,-0.033813061344525545,3.5692996501569043,-1.6630930931893102,0.17331207232063203,-1.311593690001029,0.4441790005075238,0.8870057960571809,2.072476813283171,4.658033560442531,0.18864391150038345,0.20419640336620015,0.8688473691167587,2.4032056254801613,0.19135232548508363,1.4631014483835174,4.395384669539007,0.8539690605011837
0.47248227888831673,0.17626677102752,-0.7107204145248625,-1.760990072971728,0.34237708889756213,-2.67953331953643,-1.2912534396411761,2.161966480452177,2.79215103431243,4.900153965218747,-0.9153882737998892,7.02599301106995,7.166654957805567,-0.5754776747150752,0.7543665346714443,2.333926161244962,-0.8569148123268016,1.105164481338989,2.0988055309861364,3.11133537631532,-0.6187183506879592,3.54603442913103
0.36931262098190654,-0.702342796891982,-0.8042959880056935,0.5948766045620251,0.9707313300797548,-1.7564812100956406,0.7870530561341758,3.9701712179475765,-0.7224561518287477,2.966569583523219,2.370007243909258,1.1237974621762419,2.0300387975659113,0.9076417706495687,2.8232690186192526,2.4668972141344643,2.1716418279025778,6.2885081707193375,1.7630364831500658,-1.1773872991579508,0.536353595210064,0.7029071081784409
0.4211641631474971,-0.4710331178830191,-0.027679124872082617,-0.7347477985603484,-2.5199654784335714,0.2560195413684589,3.812824333380805,-1.1787315595611925,2.5069231538415044,0.02258635041121782,2.026129475155788,0.8693342622707043,0.5458469874920584,1.6834695419222698,1.1588878511859337,2.2057672763394707,2.6180620883528407,6.010882202014273,2.4609055989451996,-0.13900341187107712,4.888556571654407,4.377983017712025
0.9499810678156262,-1.9158554825419276,0.13934207562252188,0.3418713782210752,-2.94335154490645,2.311035917606261,-1.6661158503245075,1.519854500117418,-1.3237611925345747,-0.30579374352799843,1.8384586724462533,2.29828481226282,1.1635209688059853,1.9514307307176186,1.5100582589260123,-0.21009541773938073,2.2821469546941886,0.23758907124779446,6.1136793379472865,2.2890818211519077,1.998227385174077,1.0697292375894256
0.07241525647909414,-1.1394480070348276,-0.8315451378808008,-1.2691082684665778,0.028256978404120205,-2.087592424832277,1.6076785572419579,-1.389675388057193,2.636673902626715,1.5142656883048462,2.9397924723683784,4.538979442011999,1.6673743798250173,0.8246021939955736,2.5685467854797763,-0.35987069464433447,-0.46719819423174286,2.183867787995309,3.381327578144195,4.647773738403066,3.1074355347102753,3.110592476804913
0.09788201325996622,-0.23646210978894147,-0.8454564247068115,-0.3274119853210472,-1.5214306604434633,-0.22861188317399778,4.221403296096611,0.10218283495534841,-1.042555395181304,3.4176711527208927,0.780189930757349,0.5741997714086552,4.258822937801375,1.1166703109355425,3.2028471506480627,1.437495100183886,2.773111702578229,0.013625971875515643,1.889903835427355,1.856744906484797,0.1817550384444159,2.055933610943692
0.248029307876044,-0.5308664695957909,-1.513258411620186,-1.2075865413918954,1.3975045315750398,-0.877822110101506,-0.6993200539716499,5.119945415871569,0.14689606036556196,0.02635144688529701,1.7206566956386549,2.3154825425606473,0.6021281643480215,5.03896245020392,1.4952715410629573,3.4305413683982118,0.7001689508515203,1.5928208224510279,0.6631706632506006,3.235158073434436,0.8613313954319822,3.2692036441882437
0.27115209229712756,-0.18723713757292568,-1.9879918611605307,0.4126879258573263,0.8040583765892928,2.7038755225325297,0.45237722025362753,1.4027146529516814,-1.2575063592442797,2.1201178103503895,3.055665735411957,5.863271923610998,0.6909655703986899,2.34943652307713,1.787687057933255,-0.0823827276402706,0.23208074788029448,3.6068604427384114,5.032772501121361,5.126706186994067,4.425944594148246,1.2703055226521769
0.37693403990184554,0.577874877889581,-0.6109039700226453,-2.917725493522786,-3.3268679451409473,-1.9629727027435004,4.581289816526812,3.6927072934354745,1.0684053454550502,-1.1312860977592851,0.41630429484990317,1.2474138218154354,1.2988696668584936,0.589052465265241,2.384723421254616,2.183986577704289,1.07715611058871,1.4642728964187057,1.1188759333473615,3.3413418120005667,-1.621538475799361,1.3299022660883628
0.3644847223656239,0.3822440986397599,-0.17851682667187696,-0.9533825407466444,0.05590373917056389,-1.015630577093899,0.3463460160777939,-1.2953250673652805,-0.14619812867741566,4.9198775845432134,2.502545337174215,-0.04215659086212414,6.4763484832086995,0.6311226742589638,1.4335725978475944,2.345839053993685,5.352022747458949,2.7318695910182833,-0.01868814617254288,1.9951807819793528,3.14716553319433,5.358353638447175
0.058039110222483016,-1.5703721558435466,-1.5660036944557174,-0.008125796121416902,-0.18093510491729356,1.5128444598552413,3.1109412448687572,3.8727271009353994,1.9244323782360588,2.479486240672299,0.4965905548221719,2.328684544581957,-0.436074680376508,3.3359222774204915,1.803482640857225,1.7093091067787276,1.641322993273778,0.08468787374006044,1.8010336502472828,5.226251449284677,-0.4690088101528796,0.9476340668661898
0.0009093481593657114,-1.1052801141447526,-1.9624631834184803,0.3761059608836219,0.8255402530713477,-1.9112251032153553,3.0434034738072215,-1.3531880372243523,-0.17364920740810058,-0.044364573267624934,6.458833049134466,5.592564138460913,1.8619399124383176,2.8964344017063897,2.4841042788141197,0.9905979786597305,6.287080302454383,-1.5119561830549575,4.480514850111936,-0.4017279163372727,1.7122003321739052,5.773992117626204
0.2008253209407547,-0.6542047841187687,-0.1711995039582459,-1.1605651261086878,-2.2035711703527867,-0.7469464801778005,-0.9261288802502008,1.7854555684086544,1.8810078965625432,2.154374327902779,0.820694805611984,1.1473448877455756,0.7897071015627898,1.104350125516149,5.170888313227161,0.04430506255537851,1.35173464437472,1.4952222284515555,0.7771158935898539,2.2149361434476234,4.252983668332018,0.8365569714391826
1.2436096781375103,0.24895285984051174,-0.6081260473387781,-0.1967565134620282,-2.704650996771897,-0.7890291575424597,1.8408235947400677,2.5795305528884733,0.5903164010985786,-0.8498044674851872,1.0624831937140595,1.1693717947244164,0.9819376957525638,0.6689378028550642,4.178073109472478,2.4648698939201,2.4217400726298632,5.7665048268733905,-0.9285540275642672,5.198361052394054,2.1819815428223372,3.453220390541117
-0.28026931848713094,0.7351946194261637,-1.5963914922289624,-0.6634972421704602,-0.4750741872712958,0.00136339927102899,4.226934367582538,-1.312299365496924,1.5677048338435493,5.133421270538146,6.920616115621686,7.186187727387278,5.18750289517575,6.774646971567104,0.04272217161696534,0.88575965941109,-1.1644214391861691,-0.3712646590484226,2.665069459121199,1.288023239483021,3.9068744146273304,1.0460229533510998
0.7680942063800669,-0.5115145200816621,-1.5302850137043396,0.283847919311473,1.2902829333660446,-2.385087414659738,0.06460093616410907,3.371853069543464,-1.1528022549006507,-0.6409445257763313,0.823375330397366,1.4884057345639978,-0.2210263053211234,3.8818837171053677,-0.0025701516631303485,-0.43520619087659124,2.391525223972547,-0.6903371782326141,4.24290836727198,1.6317902105757713,4.162119127127423,3.912601898463153
-0.3215012432013036,-0.2575122586970533,-0.6348900755989006,-1.2591294109840965,0.7614807958518344,-1.12183112168134,3.444440522733378,-1.19089832794895,0.3201792995081056,5.077819937497416,1.1934811159122267,2.6420200400424685,0.4110959487122146,-0.781353830056564,0.18450058971260236,0.7764912638642953,2.469666885740895,2.408613804407401,0.9145801164694534,4.4442627109494754,1.223090107553524,6.025317747379443
1.163252299314274,0.020276162422825757,-0.3721919360274859,0.16955341776214564,-1.941699812593524,0.3316795718098379,-2.67308853552952,2.1668494810079677,-1.3295645396277829,2.446650388596982,-0.24200712471039845,0.918691682704465,0.794024450037982,3.3407350260102775,0.32406296092487813,3.355979407187601,0.43614296752215725,0.424138819748935,-0.9839459509523819,0.4559283878184647,4.4345008656426215,2.149964408196751
