script/wind10m.json
{"header": {"parameterCategory": 2, "parameterNumber": 2, "lo1": 6.000027932988019, "la1": 58.9999434238085, "dx": 0.5, "dy": 0.25, "nx": 22, "ny": 24, "refTime": "2024-09-08T19:00:00.000Z"}, "data":
[rows 0 to 23 of 24, columns 0 to 21 of 22]
-0.44149596222328713,-9.093887702934639,-4.437355934956108,-1.499097193780991,-1.08473033841667,-0.11846399874909401,-0.33846297033582456,-1.6246987254853695,0.5476004951491429,-5.497184362967024,-4.382028241095216,-2.878176699669705,-2.447026925948294,-2.3566295990886883,-6.35800797970398,-6.95995123825547,-3.066521652174834,-2.16386746117505,-2.135929194098492,-1.7310362756771531,-2.25772347051851,-1.9909352119886103
-4.4785010719927945,-3.748722763846046,-5.921636883502385,-1.367064056263156,-1.852577366165784,0.8325912955022823,-1.1603992109120955,-7.409292686048907,-1.09497494501915,-5.246745368363494,-5.825731310571704,-1.5617565549130765,-2.2554772888528154,-3.9998755443136176,-7.253741207590585,-7.015268721453632,-3.1632416761160638,-3.2773828064716883,-3.4815845672068986,-2.558230880462196,-2.296349988181509,-1.5790511231278002
-3.348297452634204,-3.535208099990189,-3.1682197272997423,-2.857658168581899,-1.1539811925219707,-1.0444782260675283,-5.615872255078043,-6.7996002916601075,1.6596894505523963,1.926225618267272,-5.697511978033287,-1.7590528172830078,-2.0090631251514535,-5.674148483308677,-4.1121955327978155,-3.431296201906796,-2.9864670369900224,-5.060355333673599,-4.489577829538538,-3.2087311001344356,-2.7587991524922675,-2.284001539366811
-8.189953132943167,-4.228404784560311,-3.1315259505096713,-2.212881973679617,-1.6605042557459815,-3.6062809391328217,-9.091038940108653,-5.429759800088008,-4.327062445239665,2.6937965040484806,-4.29233295633783,-2.77633036968216,-2.0644655979602997,-2.3005974624149736,-3.809016845786026,-3.222556438609765,-2.9595850216700703,-6.427327769846606,-2.17598567411574,-2.5921263487195825,-2.1351064742772468,-1.3602532681599937
-8.471059051591688,-8.371594189827794,-5.75027904698974,-3.137423346127343,-6.049347388693791,-0.8396036237870332,-7.14906348427638,-6.912529362931209,-7.526734177219345,-5.845221461045665,4.1912216060845395,-4.068082219473699,-2.3224475512439318,-2.5260540086574004,-2.4631781421268037,-2.4032384858265496,-2.168447508327667,-3.2639301611937674,-2.4728222078543256,-2.166810226727891,-1.9633586426295577,-1.3528638891569866
-7.382718453284227,-9.537564494140408,-10.778098822011764,-6.827074399784535,-6.5162989290119535,-2.779024106318578,-4.215694415620608,-8.005970470081184,-4.912969966247556,-1.9129639221799313,1.6045454203815095,-4.836423697554817,-3.7778176379312245,-2.805431919638248,-3.2172203452378616,-2.7317210276152846,-2.1957819221283157,-2.9341994283681285,-2.1007355556331966,-1.9623871690264996,-1.8354552820397056,-1.4408102994973528
-2.9609100891820237,-6.287046175643329,-6.723817552716389,-4.8050660829263645,-4.870855469888412,-4.0130213200070814,-4.7522314713004485,-5.74696017352808,-3.0776087680869293,-1.0014418294011762,-5.8935444858656005,-2.389972531982025,-2.679458307710835,-2.344937774133942,-2.1822764034103845,-2.6917305716874225,-2.4012139054907724,-2.66992976780647,-2.4696413665232675,-2.0758434022354186,-1.7572224536724712,-1.4184217452296621
1.7715081404355841,1.1318732092133466,2.9939419914878367,1.54598288648711,0.25582276930311615,0.9333857943594311,-3.9360809733170616,-3.758527569718149,-3.3467416113369803,-0.48401977540436275,-3.660811191270664,-6.1918821610330985,-5.496130843983005,-2.431605629352333,-2.440677140319619,-2.367117668886516,-2.39355009282047,-2.48014830744186,-2.4457720991201355,-1.9056661804444601,-1.7711959582137473,-1.785656424883427
4.5020714899021925,3.0746904215445228,2.3345606107903505,1.8911004934018913,1.9113887906764155,0.7880425346441869,1.601876179615403,-1.643861776727633,-1.8338908248740453,-3.428462658746889,-6.7138139165811115,-7.597018186050897,-5.758239088021066,-2.743360695794691,-2.4218205046374695,-2.8703102365542428,-3.9604801110047965,-2.622517571512699,-2.744326618302008,-2.1858144990421557,-1.7846080444303452,-1.9638037331418337
2.2514188298061555,2.2428600863119517,1.768569197597285,2.8087292705412414,1.1179074207697937,1.2273095185183016,1.5496133134470864,-0.9065728004649978,-1.5955018971942854,-4.334408758873723,-3.3533345544010538,-6.569549505519571,-7.416051017075143,-5.561331760571484,-3.123227398743775,-2.8499473272709324,-2.8438470419613138,-2.9452157856220005,-3.096056153206683,-2.2650681752771202,-1.5644671835347024,-4.928091040511471
2.946093367989578,2.702238809612295,2.235411701123554,1.9798187349771226,1.2693327622134878,1.2751308920005937,1.1641858125287952,1.0470279437588952,-1.410177881777445,-1.728672434247724,-4.510559878368594,-6.9749642721646365,-6.418762623650481,-7.148616350039778,-4.934208983101414,1.1720726860714266,-4.145524442239603,-2.3785355207682803,-3.176407063381136,-2.1647088407385215,-1.0677528396254392,-4.47246664953979
1.823183143390499,1.911147752622525,1.5388060096041887,0.06083395415179215,1.1375507251317274,0.8991054832254307,1.9137066218661087,1.7020658340588062,0.09182446098298917,-2.3331061673319127,-5.060923571666399,-5.79082928408279,-7.658729624398025,-5.134661766102362,-3.3777891532959945,-2.9049144703931207,-2.8860501681902577,-3.272234226148348,-2.3971271895946975,-2.6512375386411704,-3.9109577780272633,-8.26354084155288
2.4543171757866338,2.6900020484227074,2.2957519059317746,3.2341771531823706,1.1389170814646217,0.6151437195449787,1.6248883854748202,1.9030390074821284,-0.8779966140509088,3.2869362770632784,-4.8932518713444315,-3.540432716643083,-3.6216421808189385,-3.1110830693879987,-2.091107598142547,-4.449870366314723,-2.3762141759323745,-8.9842461546771,-4.478708501609396,-8.41418320004125,-8.568604895775882,-8.742040833369524
3.087541378758115,3.385589869883911,2.7481047428588283,2.7393318984861663,1.2876123518736957,1.7836087237784002,1.3990363434490372,2.1863506957862326,0.8959223797197567,2.833740072546186,-1.2917636893657936,-2.4163034797583256,-1.5411823117061383,-2.391915136210845,-4.425708137245339,-6.220653566827909,2.596521307385514,-8.38058066157697,-8.840530326539852,-8.105249004255418,-8.86876048665235,-8.969219393683005
2.262484102176978,3.3811056155793535,3.3896973455106267,2.8929492801875787,2.364264176176682,2.9423704820217838,1.7971982623090692,2.587930807200624,3.0342386997681454,2.598296851947968,-1.944600905587198,-2.5406277987534436,-2.5369812541513124,-5.3888481185337085,-5.15881397561685,-4.8085446650551695,-0.5212850350471779,-7.555358488109816,-8.265324375315846,-12.137332547332308,-8.453207309558165,-8.957111478187551
4.383877327240585,3.785625511935354,4.566296843166919,3.1072006989690992,2.2021198514519025,2.210124298643335,2.259338230137125,1.059626087967706,4.207868404718583,2.6261302223028595,1.9375454262349738,-2.0583102284864343,-1.8760022923570914,-5.208964852548268,-6.18722504043797,-7.603748480351072,-7.401953524519837,0.41633381342240483,-7.4492176677264865,-8.258919162930859,-8.243739645767633,-8.534862221813556
3.8997060950616524,4.0895983848017305,5.236759885110931,3.8513941458644076,0.5195269669074452,1.0693721935083906,0.9012865054142031,1.1965642547509865,4.179097956786987,4.320976294314868,3.4672814611186458,-0.3066416891465845,-2.798477773871121,-3.2362620953601335,-5.699630292340403,-4.398259504724267,-10.404180802778647,-6.492719907769675,-5.275200195113327,-8.025967157927836,-7.8073230147892785,-7.4486551967839265
2.6275610595470513,3.3901219066980173,4.662425401158907,3.13009396224742,1.2046402559196838,0.04477110004382039,1.1769630614748274,1.5808625636656632,2.5141922715284286,5.8253083600676545,4.33725094676717,1.6350966620264,-3.8666481612855974,-5.982168565334881,-4.568853495533825,-5.830931807794717,-6.605224967479261,-8.38932539653044,-8.280292233615224,-7.995749342697339,-7.092528130332952,-6.677279471095743
1.540782662284236,3.7436304268985676,3.85107415044656,2.559271292732385,1.0161992855428643,-1.137794226016922,1.0223351966385583,1.523620947344848,3.216697341058984,6.047768457200517,5.020532216431557,7.41468853234311,2.3488728059708195,-5.3942264166157115,-4.967019582660491,-2.9950583689456383,-7.462798537952701,-7.751814176631033,-7.897243491067371,-7.621044776176552,-6.648009461077469,-3.3289721689769416
1.1669013446565095,2.9517216862863433,2.7952311207372618,1.584754587453996,-0.6909070586689388,-2.581376881519893,0.7407215331997634,1.471270969945077,2.499284309100154,3.1304288438696517,5.338366213095142,6.535551163458256,4.453726023965873,-2.3922606389559675,-2.1883209581064635,-1.8032189072496454,-6.808980898173183,-7.1111756788737095,-7.0731968588449154,-5.816032935175049,-3.2932416741656936,-2.832871904388543
1.8204219384888667,1.7008548525626885,1.846784564773605,-0.08589461443772771,-0.7169098934801024,-3.6300680180714235,-0.5634487082248799,0.4415588331413526,1.996334937505392,3.046195256284967,5.512536825924129,2.789088287653983,2.4192515025297854,-2.0552815418317665,-2.442698276598369,-0.3795046707839986,-3.782425565563777,-4.902547097830423,-2.748510681610125,-3.336262024113302,-3.2971489120431303,-2.7931703203944958
2.1389905682185315,0.22141239231350934,0.41720761170144327,-0.2452967543971687,-4.1723497207222096,-3.18558139740113,-0.5537459622056544,-0.05010529769003076,1.8525328578380655,3.0090561134334726,3.5947083426716717,1.8317841183750976,1.2579384985388407,2.7018368327679214,-1.5908829568063452,-2.8628752389323444,-3.290653212649331,-4.93951512712159,-2.84211602057632,-2.8666884748242754,-3.322731151583278,-3.1826964635207444
1.8230267974863417,-1.9490980934050128,-1.2649117370595868,0.06445056167336417,-1.0775034176195053,-2.701824997755713,0.05729185793641085,1.0753506230617187,2.758588593139712,2.731490188922031,2.4412507915208805,3.102884386785263,2.045118035493967,0.52312740586871,-1.3677264816434551,-0.2179774514614123,-2.6579269339967326,-1.9480607641392977,-3.2739903462346613,-2.521623199232334,-2.662976641801417,-2.783540265596384
-0.5100962151490688,0.7233727904149584,-0.5468532395103629,2.2710154404774294,-0.10134875687845721,-1.9697330444534105,-1.8049550492074247,1.1454675415501296,1.820377150849173,2.9780386912828773,1.1786263965901986,2.1651348113418423,-2.2246174547587065,-1.6683188850905595,-1.2523736157204168,-1.6288738209973128,-3.2664007985345527,-2.6129021576046343,-3.6610014164293703,-3.1307433584595388,-2.3876040289529175,-4.324088015356335
