script/wind10m.json
{"header": {"parameterCategory": 2, "parameterNumber": 2, "lo1": 3.000054539987559, "la1": 64.9999836372058, "dx": 0.5, "dy": 0.25, "nx": 34, "ny": 52, "refTime": "2026-02-16T11:00:00.000Z"}, "data":
[rows 0 to 23 of 52, columns 0 to 33 of 34]
8.01635906166696,7.596627099649681,6.8741783737808095,6.5867212022213995,9.109266124660541,5.753562777173239,3.9481938266646814,5.543898058920749,5.68856495613608,5.973112094620404,5.958821012330283,5.17017516402969,3.1466083557596307,1.955105442343872,-0.158395157759434,-3.1059948739338967,-3.119374630606055,-5.577597292598436,-2.537395524471087,-5.627953045644017,-2.7237093779242816,0.9880472230712001,-2.753807505461751,-3.1690535831415514,-0.34660395902487795,-0.8918605506925545,-0.865215227191113,0.3909131589739264,0.8912271095829446,0.37522043510059,-0.7278841672608622,-1.5008511696163227,-0.8829302043790838,0.4542428172407705
6.935858970497786,6.941071976846393,5.943045523430751,7.191652627482572,6.567345940968908,6.5510653870030495,4.30927691696887,6.068046234314168,5.514768369717059,6.561326709445129,5.826235607580059,5.395749091061566,3.5629471408704982,1.50481053108126,-0.34392543369326944,-2.693259257182015,-6.314767897778649,-3.4059928581516172,-6.924075459894518,-1.7567727710623713,-2.0259454047369556,-0.8825362535805915,0.35624384176724344,-4.041054057160471,-0.6204228550365577,-1.3587848390462143,-0.4129090464482224,-2.2282286500810575,-0.07824148236638985,1.9373638750175424,0.5820761198706955,-1.1206585283267156,-0.670407220685412,1.1036709242254858
5.803095682227138,6.214007186609215,5.612146492626178,6.995844219869938,8.76689399653795,5.638186603842,4.600509235451371,5.799247989383224,6.289656959913702,6.022100836906369,5.018580987350364,3.2674864440640463,0.5818422706328048,-1.491418206971492,-1.1930985790866893,-4.074056157451719,-3.321618776253607,-2.7434200620820794,-1.8625274900233948,-3.0672229296544598,-2.966106487302754,-0.071621314776357,-2.943395477230996,-1.0125427691701658,-1.4448210141310598,0.7976851090462815,-1.5284402796646048,0.7134117536483622,-1.1642000446220766,0.5670314386678478,1.126054118865963,-0.0919940420892621,-0.8078547613767489,0.19712248790406967
5.430484518273151,6.3846186206703095,5.795191628386135,8.584007798135737,6.55644570643826,5.5181467693607775,5.6904173258946456,5.4890173703548975,6.45226330242966,5.8167351658556194,5.010267495082585,0.6041235700697504,-2.338820097023422,-3.3108529859538094,-1.6457889619493775,-3.0992785452932026,-2.9161789541996823,-1.6812723401348235,-4.211089407656875,-0.5232288049308796,-4.5230188346404026,-3.9330477351538136,-3.2545417862283856,0.5011277364000075,-0.2216965569569958,-1.845565553864038,-0.31431189181836405,-0.32558044723362684,-0.7993281792535105,0.40828570411205595,-0.4456183844107728,1.493055476614129,0.22369815923324649,-1.3184177332591045
4.426168923378324,8.105401325336093,6.540859027896264,6.550157046098424,6.163652327101158,4.961725217662108,5.298882141087082,5.92227215288369,5.794784265187742,4.741589180858518,3.2355816842342757,-0.5794060699908975,-4.059739473670684,-5.312106794514786,-3.0019377858023075,-3.5710762679661934,-1.6418117596862065,-1.9589225358348799,-1.4801461827356885,-0.821973393362099,-2.5167737660114384,0.8333673741418418,-0.9948051974253541,-0.5122847900164438,-0.30187491174629116,-0.4876831087759178,-1.7150864437311637,-1.399048380863894,0.18210646390225294,-0.02601042053703353,-0.6320180284545689,0.36493487176072875,1.3458713431317089,-0.2083780034652175
6.9403644829887625,5.152668072415606,5.459239597865057,6.252660787114399,6.068608553312817,5.324361924474541,5.205772399938544,5.747348893390821,5.414392455357724,4.1573872125365945,1.4413288957457124,-1.2760944211212653,-5.3214878553475735,-7.277513253142968,-2.0075752540224556,-0.692865061489839,0.19914744141867796,-0.40641476195034915,-0.5605218500909679,-2.3718753006906153,-2.613037947876522,-3.142706452743698,-0.16627438863083546,-0.46869155148183184,-0.7416772267815478,0.3267200026607367,-1.4448361521156439,-1.6699781312076654,-0.8218505245973963,-1.2364531409518171,0.10613536819918394,-1.1061486450124607,-0.5197981576958012,-0.1881662433757005
7.459472933838155,4.397324113001809,5.488241489018564,5.67831645075601,4.7223736543174715,5.904447759180266,5.892152008674864,5.3358517723585965,2.546920093518179,1.6025112038560403,-0.5201780289201283,1.1813549403283963,-3.065408354091966,-2.461822741029631,-1.7155852940425627,-0.14422867001221037,-0.6500313148552503,-0.4156556089477121,-0.3281567900362599,0.4945621933470686,0.38607377266082893,-1.102496423105294,-2.0733771838487236,-0.6647468736245999,-0.2489488733264113,-0.602360186122939,1.5868956955907223,-1.0769491923727261,-0.18447235373443946,0.17617939200097202,-0.4379506956371565,0.47275406976159906,0.37869567864863735,-0.19459758728490464
3.757257905729652,4.5270972166264,4.704416607830809,4.5856676359727775,4.423860518572274,5.411623884782703,6.218337738502735,3.3771389511646475,1.4186194157470853,-1.8214051249225953,-0.973310509410345,-1.795920713518776,-0.241107543072684,-0.4656580833235728,-1.9931623865422747,0.8408581795859916,-1.8839558605976865,0.9450210411533325,2.151250098292911,3.2703299884989394,0.36101122880442804,1.93704189572957,-1.7657948427314585,-1.3372889667771712,-0.48347160498445546,-0.8671005935100152,-1.2391416747062023,1.3868515112087425,-0.690001338605106,-0.13149837094268496,0.5345266045359411,0.26797236629992166,1.3429032964492678,3.142521789305817
3.4016281554967494,3.9774378404749378,3.6917182306205585,3.8943522469929426,4.530457734323402,5.652091483482464,3.0810242751720285,1.3235680045037577,-0.8578432118545218,-0.8482137740997429,-3.0814935474863256,0.6833130206398689,0.9102578343781101,-3.081689439204529,-0.6747011866211126,-1.0173711967420604,-3.427349286200005,4.843320691342191,0.7330694531183516,-3.4113544229220665,4.062914351230939,2.387751971653497,1.5517250227511192,-1.10197415530945,-0.9077367575235625,-0.7435955846251829,0.3140054013213614,-1.077497297885174,0.2521733787942609,-1.04768469589262,-0.8723609319946068,1.1106224030039233,3.3005364143163978,3.713766201745938
2.8631126006380043,2.7755593640151117,2.8894147604411557,3.2202323103911565,4.799476460772978,5.323626604070074,1.2984401616898706,0.9612590687687407,-2.4244031217869826,0.6626702805150372,-3.6099915708529347,0.6017196529349099,-1.861162470689932,2.9157814804273214,-3.3616082318140807,-0.5478492154122112,2.990646188261278,-2.6897003369538717,-0.040846499040486345,1.619502055401513,2.694719341614287,1.4348456068306654,1.3772467252564407,0.7169405666425538,-0.4751950591149971,0.1668311967324284,0.03564524042852302,-0.054151114245925336,-1.0258892747187929,-0.41629130911146295,0.6443467497944222,2.853186725066345,3.3748742192561836,4.452889536211495
1.5376221018043883,1.3270370939337854,1.7863567718749611,2.664326238810962,4.2926204807513875,3.7779873071023777,0.5884230578808306,1.0265886531539932,-0.29938922841203625,1.0306549618657046,0.9404845741055988,-3.596832000944938,2.146306415051245,6.351978573603626,5.869115861771503,-2.3037059090990093,1.4473774824089376,-0.42571138307354994,0.4536145525757021,0.9343520408048483,1.8671365566213245,-0.5537077386112096,2.7254883862664214,-0.12292120812867541,-0.35735518590404514,-0.28478901458629596,-1.2362875349699338,0.09117120746175118,-1.1311718817201821,-0.3621324347432131,3.3386835659196663,4.158072105769606,4.612159751188283,5.432425051404008
0.8642595782060701,-0.07968728862323331,1.3201751740926262,1.5474831910736988,3.7965672789267777,0.2495924969664101,-0.4407212530105275,-3.1304188306401377,0.4947380149081706,-8.809506434385098,-1.5149399326792166,0.6220107038756985,-5.077121818706781,4.284479649670031,1.4439926603282909,0.21309716273460547,-0.13077973028553347,2.1015767169320543,2.127091667924731,0.1852170742793432,2.2651099159383157,1.4210972746890602,-0.7949081883782827,1.5562585167914325,0.019625045677993155,-1.2721821814911831,-0.33629281509879544,1.1275527881606102,0.6706695333829842,0.4102631346228025,4.116961577169611,4.770608479163307,5.258623167942382,5.869792200106415
-1.4798249067452085,-1.026724758391128,-0.4707506044112244,0.10909626035436966,1.7378754161946912,-0.47303587818252446,-0.44453827858847716,-0.21058720221113367,-5.55671760489394,-1.7727211635250073,-1.1843516951346835,-4.515195182231012,-0.4698465664125785,1.2062317209126139,-2.901231349969015,7.301218404232509,-1.4673177885315358,0.8849373379288727,0.39001390414293147,-0.40931847678423017,0.041372200257192925,1.6871270379805645,1.7491711048959881,0.4066339452085131,0.30251728228948155,-0.9009992944240325,-0.45405281468618697,0.00034591138793730534,-1.0588058802430522,2.6176990898692387,3.903390012643917,5.230180934981595,5.577804973514546,5.794306185983665
-2.2505691547421156,-2.0123271714743685,-1.2906872946055734,-1.7117691509253634,-1.1763924328651323,-5.299059757513728,0.8477628148978371,-0.34300024206302676,-8.68711060113202,-0.555811432270666,0.033000729087783995,4.324059881244534,-1.4143872161230973,-2.1086541590228136,1.236640402511566,-0.5698188982954013,0.1619430099933983,0.7881601135711196,1.3014090677041568,0.38406788204029185,-1.8464177254653367,1.6157940145635632,1.166359315926786,1.6870655407435229,-0.38329567456062263,1.8538240498680512,0.4683758254141844,1.0634367237655515,-0.31976169493181017,1.5729690071483113,4.437326169388765,5.23892718360452,5.523379478277636,5.663415646784762
-3.130168576383426,-2.756833781692556,-2.1850091950631616,-2.9439117085660795,-4.370705945513359,-3.7870652618560157,-1.6616093471000613,-6.865788380859264,-3.01931744793009,-1.9949292581742195,-1.0160930132415158,-0.1963274578723134,1.4435884660470466,1.003658649704794,-0.7245618348462238,1.825444093682919,-0.37842107102538985,-0.5462618262207547,0.2685678533235302,-0.9554961211387877,0.7445901146450367,-0.8314868068484482,-0.02806766908895297,1.3419819068339365,-0.08272071806518277,0.2845743446235043,-0.2750259222793997,0.048678095310359354,0.13046997275057093,3.053173846280052,4.744027236759235,5.789501830829699,5.748926219279604,5.800360209121965
-4.092832052276629,-3.596601602529888,-3.5045997448466,-4.563380260584912,-2.7747200819386664,-3.8638652515470824,-4.330849270246851,-1.4871602504828614,-0.8938231836400657,-3.218704855880749,-4.946540601464783,-2.043065881440882,-0.8431292191298947,0.719879063336152,-1.9383540186987422,0.2588460103829206,0.5751623748797512,-0.489784395321467,-1.2430487140851472,-0.49609417976701914,1.8461907402455293,-0.8943041269914026,-0.6310808474481461,0.1335764005899314,0.22864650539822617,0.3053594236765695,1.6129196155567176,-1.123098016309476,0.03154893361190347,3.4870890981956606,4.82531684529376,5.979086681685866,5.513772829230777,5.878443504424156
-4.909381046462646,-4.754019439038705,-4.478728532672702,-4.725418394513883,-2.1309120818250475,-4.2095610036880275,-6.495992497113651,-4.135770287860957,-5.470640748413939,-3.795966650397466,-5.155911960651567,0.3514712548017184,-0.9964723227035696,-1.4945968215399488,-0.9481981031031737,-2.3588918206733123,-0.5148295215003373,-0.784577952629696,-1.0450687522469317,-0.17168991452496166,-0.009496879558098569,0.3451433269776172,-0.17730959069910435,-1.0158676277075,-0.20967182781817498,-0.27852262098861297,1.273923862594629,1.4981014308032066,0.8920431073034024,2.4259588212675998,4.009873440956357,4.915600975587719,5.35136465053244,5.12688892370387
-5.8711740548008535,-5.790373180535091,-5.42367106226593,-5.021482150562225,-2.6450546177275887,-2.257577654965486,-5.99283197696334,0.37895627650558633,-7.401224936168579,-5.816192386197447,-2.6732051996459187,-2.768664729350173,-0.3154996729653654,-0.9910435945978491,-0.42110594400180956,-1.1527092497907705,-4.298870662556779,-0.1288064649246522,-0.9855498310125895,-1.188552301201184,-0.3164618410931006,-0.48184518764086287,-0.4502282345154554,0.6288266911887358,-0.7436715386375136,-0.9771326225264462,-0.16306892603470613,0.07750355064102718,0.9966930559650272,2.903308770623058,4.119373009305141,2.287014791028987,2.7714628237351007,3.4340855555074983
-7.158147885501393,-6.958553241848702,-6.676598237821901,-5.513830356864406,-3.6312858380405983,-1.8755617277420054,-4.696989741639619,-5.386839398505542,-8.014722469034151,-3.519427758730865,-1.8978212333743238,-2.3106937303371997,-1.8251717922774613,-0.7754681928384143,-0.9799090692516417,0.547144934452534,-0.4314457960106433,-0.7988243659727831,0.23700265575659146,-0.8247087479330617,-0.6378334266293335,-0.062041321166259045,-0.3943695382741364,-1.0401039840787087,0.4297758834394325,-1.1792452550896473,-0.5031440131569542,0.7538269543329607,0.893823428592541,0.8285424808007493,1.583175508008441,1.1099788598725089,1.7626178289654677,1.6070730543148177
-8.587102124517001,-8.020956052186536,-7.754484322918123,-6.555293428607554,-2.9031359921177455,-2.0177432652128675,-1.3155659482025164,-5.727224232602378,-7.877030493007678,-4.567107869198949,-3.928437640371217,-3.775218431628838,-1.0696070458956344,-0.1337540754334121,-1.4965795882293866,-2.294088209866509,-0.4611074373986947,-1.3862263895830622,-0.4823933565429978,-1.3433098017339447,0.18859870555188735,-1.0029687183066522,-0.3403464480175019,-0.019289249865470256,-0.7650209988644207,-0.06054642453206107,-0.563594555597489,-0.2829681535216666,0.377542071041746,-0.46116424179676435,0.020441149088791886,-0.01029929820822273,-0.14942987849887954,-0.055715909130581415
-9.874393916830234,-9.813217924720577,-8.756511193636703,-8.157125006504183,-5.905597435361765,-3.23966289574882,-9.67124068718088,-1.0579236829450884,-6.3240823319477295,-4.531170831347567,-3.033264668073135,-2.643469874961747,-1.3406222708329296,-0.776650025109889,-1.2594103046222496,-1.5891319286795862,-1.718612979603679,-1.223619947677368,-1.5754426175463219,-1.2912297597595255,-1.3197107531461771,-0.7307695100912541,-0.8205455166810581,-0.8262486248909721,0.42906904711164995,0.5713786684507843,0.46546486409302723,0.18696094779920783,0.25607204782785514,-0.10492298631629876,-0.5521998240057827,-0.8993208166564461,-2.4595185276833575,-1.7696723535493768
-11.264751893576893,-11.440216604391741,-10.723411666599981,-9.50629278256885,-8.22073702174725,-8.932524708091096,-5.977982186359375,-3.6023677447056714,-6.040435383024981,-3.8526295546413127,-2.240082221429206,-3.301811509573154,-0.4976987816357365,-1.8261732345909591,-2.9467967549728495,-0.8498649876023625,-1.9301508344448777,-1.5885016240402743,-1.7696909605826734,-1.7847909932176118,-1.6894573014329166,-1.5597650124280837,-1.1292422169371905,-1.0699663768064107,-0.99200641626634,-0.2114773552323584,-0.4000339268750144,-1.0630552960431585,-1.8186240146173773,-1.4037446129582725,-0.8515096623628339,-0.7937100375802187,-0.5592698896926194,-1.6485245502770067
-10.645688756845262,-12.163036090566518,-12.429286621347213,-11.162827717462386,-10.314167018438177,-5.27223723661744,-6.431548086746551,-6.84800176998905,-9.473835802361084,-10.554862939273349,-2.2579013124627183,-3.800455191188059,-1.10198904311361,-2.0843912371099855,-1.4204382190336098,-4.809595323072001,-2.2882360371059276,-2.1075242108242622,-2.205882129772365,-2.4197044250076387,-1.9409175364017486,-1.8426610183404573,-1.5095902238952317,-1.10164875307336,-1.3400179214593062,-0.8741225480612326,-1.1429456177188506,-1.7538523117945797,-1.074195208986319,-1.2554260998385778,-0.9149420126701354,0.04116770449463044,0.729628622556341,2.9070544523745196
-10.990975423655652,-11.121712426239252,-13.351415611907088,-12.997783233529825,-10.123220671379505,-8.757649180677975,-4.616857655039552,-15.613252196174505,-10.798069958238925,-5.518029179479941,-1.790231975871468,-2.70843311206258,-2.497449223041818,-2.0715630782981616,-2.4052437229087964,-5.1576755456344605,-2.545370630177318,-2.7906283368607334,-2.339650883863883,-2.5837820763816985,-2.2954462662522572,-2.6163614179484536,-2.3884332668994968,-1.3845863924853317,-1.05767391485747,-1.0521244614967853,-1.123358243628146,-0.5036799824725418,-0.171812501943614,-0.31319789071158016,-0.45309728689729156,-0.017999351543431494,1.7108924540669,2.425584730362072
