script/wind10m.json
{"header": {"parameterCategory": 2, "parameterNumber": 2, "lo1": 3.000054539987559, "la1": 64.9999836372058, "dx": 0.5, "dy": 0.25, "nx": 34, "ny": 52, "refTime": "2025-05-30T23:00:00.000Z"}, "data":
[rows 0 to 24 of 52, columns 0 to 33 of 34]
4.860210873705581,5.097507653816751,5.5568668866331254,5.589790088434421,5.2077604993656355,4.891311943673697,4.078176430224296,4.05948591705664,4.307158056442635,5.243826748957535,5.687563426016887,5.909969669126815,6.348501517138423,6.7994912194959625,6.5671433457658015,6.312115252028462,5.824210364579114,6.677319251546982,2.8670571521370674,3.8946962387814197,6.308187798900322,3.6761881059997683,5.54527450586576,5.754043838545762,5.467055840942349,2.2015031361534163,2.6366100274433504,2.3085158033425373,2.5317158823643116,0.09816768522271122,-1.076136222418935,-1.206473340066244,-1.1986600629339785,-1.4525308754463147
4.07218432092856,4.649629896177816,5.147385836140792,5.378206588685737,5.649680167916756,5.869942260362644,4.253654390701826,5.153077037463897,3.6273074885049033,4.070544731744179,4.280787992504564,5.470826314296987,6.680379379421007,6.949928129915048,7.1414559317892765,7.171801101279377,7.327860000257478,4.915216908930661,3.421909060307158,9.005074266820777,2.351190466301569,4.32381359731752,2.6843065001528914,8.096610680884577,4.0460507845936275,3.429817079286886,2.8036634041307433,3.324333108817772,2.4531150297841506,2.0290829951977756,-0.19777677140907704,-1.2723635251935628,-1.5303632824340831,-2.0398327278419637
3.526842527536353,4.036904437574085,4.222844504757672,4.8542030858143015,5.121114895851967,5.872431097264026,4.595435725830772,4.40324277544402,4.951775550002097,2.9396712029731713,4.723167259871475,4.782517649380045,5.562923795444636,7.135492742820148,7.592468827898144,7.851218478127514,4.704405054498213,2.8743112181860386,2.097162671533915,3.759727016589191,5.658921237668008,4.296696861568304,4.083132502982745,6.03562797893849,3.594793172930202,2.987368726119316,2.8109103995997984,2.9579685534368996,3.02073519726316,1.783143856179426,1.1016445983165128,-0.4543325765785,-1.556170753692492,-1.469989437439636
3.3346920383078857,3.387128199148357,3.5507514058612393,4.119005384997792,4.6795621463603885,5.312379015425326,5.813779993286777,5.839486679353777,5.96983239756733,6.138180700861453,5.62879830253939,5.417179260409813,5.602215945463999,5.856342808028894,6.395137680875023,5.347259534961444,3.7336620453462057,2.8500967642748445,6.182415317692804,2.5871081382017285,6.42826254595259,6.117892954929672,8.195195805397823,4.821977566544823,4.115111233605908,3.3687238441010963,4.60992718932289,3.5424755692051235,2.5187660306091275,2.091852662009341,1.156365432567984,0.3353075819301199,-0.9139138401643788,-1.108591837076169
3.3417363155250266,3.590194838788434,3.897951656200807,4.178706082497021,4.72013902946403,5.084887363069513,5.624202878284178,6.003803985896955,6.442940144265353,6.694964401614038,6.283670610741006,6.3049812017291105,6.957219673573588,6.387957318267939,3.2145762080646443,3.2682049534336515,3.91075805245189,3.5979895844255396,4.249595664718605,8.755891841968099,7.747712896038528,11.26564542266148,3.536893031226949,5.605478420582537,3.8774974601554195,3.3161676387650725,3.85515084202569,3.369800401606634,3.202144346447201,3.2552098190151404,1.7718795751289218,0.5022955236415627,0.5335482092182674,-0.14523252009094756
2.8536573959776423,3.6349857762444615,3.527893959565072,3.85587391544024,4.164377009853229,4.586371040448658,5.305557025112236,5.677398570021913,5.947789580193001,6.138348341114583,6.947667109057785,6.77114594558489,4.810007382172556,6.6511241417088645,2.1321636464940164,2.3808050557969684,2.1382849980242185,4.37120093099545,7.804737251350106,6.3402019219209045,2.7099740702254307,6.279998272547552,5.13744271000085,3.730974483265909,4.017518696266851,3.8053307795442075,3.8114254863080004,3.6041430783530455,3.1305650364926785,3.3251864587907196,1.9619459486609643,-0.008798359365343112,0.12866390491254487,-0.047380675764845226
3.3165476716345874,3.4159140331144204,3.661441602298415,3.883157026203996,3.8223332390795766,4.391137853870182,4.823377969561081,5.453107327493523,5.702110494122242,5.754012629521468,5.96049179554628,3.7472750288145265,4.139634783405513,3.5801657178069575,2.2759417351057167,6.464672684074764,2.316277316425175,3.052185922538378,8.813388036971332,6.0487357793875445,3.6920756747194536,4.259794901399014,4.376426423859232,3.8782171993977896,4.010649481256263,4.05064928886733,4.014072528979372,3.323811316181307,3.3979578277909672,3.661925424010245,2.0925369118679176,0.8341026090430133,0.019136165227329006,0.02925924466717739
3.9888103360645077,2.7201016828278943,3.7359275339901705,4.267573203238105,4.033192295460705,4.288142790820992,4.679400606430666,4.74614874593215,5.0153537584906855,5.677418051261302,6.520467480373634,1.082141832370519,0.6125821648487909,4.562508389785048,1.0909825063992882,2.184269984106916,2.567134950591077,3.946190314075386,7.098777521646647,4.882591202657897,5.777037686042597,4.7743830778813265,4.932689142335743,5.883491450066643,4.159860186403448,4.0176353919744985,4.107232956177425,4.211683041694525,2.9162410499593197,3.1785652179132065,3.5056563683645643,0.3788030766130311,0.11403908756952102,0.19371249670352622
4.297246612374697,4.58525516762854,3.208921546082166,3.89578882477072,3.6236050606475683,3.7000295842716726,3.2791589388958244,3.666314455090501,4.366449425970003,1.9481837602104575,1.785392526923692,0.978535087857515,2.9461355590110228,4.007253130832211,3.3935475767621894,2.594128638600652,5.81737223020935,5.8322441198284345,1.0695706561351912,5.43966801676395,8.652664858570063,4.818264892482161,3.5934575632100128,3.7150868113555275,4.46693557492495,4.29993936372087,4.152077179072588,3.649273136090702,3.6238792118810106,4.033504094988335,3.8696787170881564,0.07989644237625078,2.02159501924572,2.8609460025610582
3.6754910719078686,3.2382843369464815,3.3937246460200114,3.385400954716736,3.1140095485832924,4.487509228822691,3.143233615763136,2.3838246470834767,1.3530561974327164,0.1503279300405267,-1.0670388007924339,-0.5157694673641101,7.451381967046756,4.879415462863503,2.0039778847904692,4.222587346299685,4.3644349578202775,6.788827838031863,6.433625024341035,4.626902670340018,6.050676053859176,3.663074591486348,4.3543764785233465,2.9828054540731044,3.7384526402168263,4.076901905222603,4.261110795163244,4.223449430146127,4.06842919209684,3.157310001320013,2.7814140867725525,2.935095017297955,2.5064590358324232,5.7493149669795285
2.823096593335458,3.1782878586592247,2.837760636593115,2.466099933822313,2.4721958160109887,3.286582903685122,2.4521755561555407,0.19951997581634584,3.2521000548503527,0.42566857963941623,5.0561772888477305,-0.8128323003034384,1.5888391278714389,6.1305076197073785,7.573051309172411,4.235875867251239,0.9055599200491703,2.8834665288463723,7.427005286989231,2.2819914140505593,4.000885597697846,3.9985780271607676,5.739490982705309,3.1186004570827883,2.9913236655689186,3.357362745078,4.411192248336579,4.180389288827796,4.011906539499427,3.4648541442004204,6.492789395941705,3.283961736657468,4.414013468230354,5.743574538554916
3.401975972400543,2.346809762387779,2.796587774982828,1.223784032134691,1.448753611643673,-0.5001854100710299,-0.4089282357577727,-1.1939557825679952,-0.995879980311473,0.4435761446604907,2.291375330328559,4.452608991726716,0.024669553979216833,5.616094593149316,3.865472675395451,1.4556513244584155,2.086874681246099,4.226625577072821,1.7462239266978126,4.771548839647061,3.0882537484770913,4.892448507832573,2.9100813448133516,3.1749565554061174,2.2296878853277806,2.9855465936751244,3.699946659050707,3.700660657077096,3.808971643744687,3.602720839721808,7.608377752618026,6.249643467919796,3.8107253675749067,4.388774694458544
2.4092624229141646,2.357229797779267,1.8614032825039044,0.6023620871993225,-0.19559349556074432,-0.3576380284314885,1.7537493683228043,1.5911163304617726,-0.18202762618152465,3.3199730217709083,5.045586633740315,3.8538094693107716,3.797485056109608,2.5985677993898606,1.7990722474787577,3.2815563003119674,2.6844119572374963,1.6806535930343538,2.833442839937646,1.9884149649942688,2.6165382903038155,3.6611228801533025,3.429670969936542,3.364949499558327,2.718279303415974,3.1413506968065037,3.1919984389576705,3.4911934054363245,4.22472892125119,6.2793039590536885,7.139907955215417,6.144378795794261,3.3018000845383257,3.956868532800006
2.5100053827305353,1.98383928679801,1.9802240368716786,1.2872736519104189,-1.3934044567744264,-2.0499347587394365,-0.3031494411845957,-0.9137827472431345,-0.9469974063089474,0.7733957839016439,-1.4596793569353839,2.9660699080828885,3.0495437215311507,0.7065362069623145,2.5063415034351144,1.027910187254531,1.5443926257369747,1.3079135699599191,2.4310196840212557,2.7124052492562996,3.285191273742867,3.6325317055288204,2.9801739821465945,3.1794825654263565,2.935036927411808,2.816700573281384,3.589502158319063,3.3991327476389026,4.016712344875196,5.805140185147485,7.6262358911858765,7.309199128571983,4.10346285199951,3.240681879632338
2.2285135675877945,2.2096873653481817,1.940477091328653,0.7175361745928905,2.642896190403525,-0.05669358069287955,-1.2195078857487267,2.5267757113546754,-0.6308955968245514,0.07938413313823472,1.5212188803407083,-1.5149576325693899,1.910217092422974,2.2709684346513566,2.224247615636725,1.2945777243315961,0.9935112410941013,1.8282945573205027,0.8463440981513303,1.028482787548941,1.9408670471381315,2.4389220734060246,2.2937094091798897,3.357189223646741,2.428723851151837,2.959400011708858,2.710388485844895,3.2143735519937855,2.585029494714097,4.1557267549955,6.735196508252818,6.827558741259566,5.910234224275188,3.1822684134472277
2.7180279038461594,1.7180620339917687,2.3484672769586123,2.196324418656932,-0.5257879435804842,-0.2671507660162049,1.3409815977249546,-0.20153831464261532,-0.03158267691652683,1.7788049997385713,2.6599451261564275,5.566031900505599,-0.1018161201546037,3.1346000938866094,1.6838775616652966,0.26117924354641286,1.4457549845602407,0.7845130997204798,1.8961150865218404,1.154581011997707,2.498233442044575,2.5576098647645296,1.9872975041413536,2.6411317459661134,1.5867077930381501,2.5516894673756245,3.4015994130637397,3.97797695742123,2.617297646679904,5.523059906411144,6.92412908701344,7.970049397197559,4.670056660777315,5.644261238978214
2.6667352797527357,2.740859607903405,3.2694591851922596,2.4440655865999195,-0.49786859363419744,-0.6938726896298582,2.3265361212181785,0.7673957682006112,0.19157748410618802,-0.3990347913633482,4.356693715721676,7.715566227933333,2.3564084048575493,1.5157868338521316,1.2585527286827245,2.062757403034932,0.040973647837205314,-0.07968602567526042,1.1291472687114084,0.6751565849069928,2.3258013517048695,2.5511771902245184,1.907872672040473,2.729554967769782,2.497156206679407,2.0191424601495798,2.9566066975123624,3.1250366750147114,2.7866895148346593,5.759531799632385,7.41877654242877,8.526250042545072,5.249871096057193,4.4348554789364725
2.6289450799114205,2.5430244856770874,2.9647383863098242,2.717886642984736,0.6714044833508473,1.3807625867873492,0.3994463916165431,-0.03728087333009104,2.6218978765805483,3.8926967785965565,1.104355004956193,1.492573297940001,-0.9651389790475537,1.160136626593115,1.2815789050674347,1.1200408287709813,2.4828447405048224,-0.11795246513038037,0.8032986072900101,1.0957246268013061,1.1449542566057187,1.585939061828656,1.7838594670518761,2.8190369586295017,2.8574219145830027,2.8553841249111906,2.7447519495207464,2.0757219731061824,1.9862979940374492,6.397046606358481,6.944998059438247,7.591463532590161,4.995323694859052,5.585183763840288
2.7377955831214584,2.1183169035463827,2.4854196657534637,2.7144354814036187,1.3974363216209478,-0.08003718876341831,1.590591954397039,0.52548318530298,1.4435582140168532,5.7668916890211435,2.1477856836613154,1.0377951458222376,2.0975959225555885,-0.9494877202009872,1.4692302894239913,-0.7198787452387135,1.2630789219852905,-0.2735600661199501,0.3030406729383286,1.0203269781145379,1.010332645351494,1.401258812374976,1.6846452498269582,2.3025222238721184,1.5287435769003532,3.401433289404591,2.6452920735520244,2.6189392916742635,2.0455626807474867,2.190396546858801,2.859330088115316,6.805923732734956,6.584273302948582,5.499597871188681
2.8819558510536156,2.294129157657636,2.175696315216842,2.6885111161792876,0.7849345154237506,0.8618536655765491,1.3171182378000297,6.9259015571354725,3.7637191675022286,4.261047007580087,2.593624527957088,6.260119537701813,0.3540528508013199,2.6450331324589693,0.738021048349928,0.47099091419480804,0.1135924603038058,0.12611434335568766,0.11851970708379099,0.9903793856326061,0.28863294290240304,0.864860880805708,1.0152311289343867,1.731727903512347,1.7930909023098958,1.8697591909530589,2.7563721918816615,2.2434904950953443,1.838531805206304,1.8050052710916218,2.412145762506899,2.5307516013633826,6.956039806882246,3.113400826611494
2.200240414918152,1.9795345439790208,2.215435055827203,2.6433982714788518,2.2807922576677973,0.13100786674382311,-0.3591569606316111,1.795041543980664,0.5129811190252107,2.584843711590609,0.9170845696446437,3.6608166293999638,1.7217434298725904,0.5172081628773764,1.2674887426439225,0.20393550810827454,-0.09831378956872681,0.22707450611992988,-0.2577188736736536,0.06444199074618588,0.4641892310083418,0.8296254125220247,1.3981170391464084,1.5361926490800284,1.4397125627595233,2.498817176200793,2.280493352873556,2.4880978490935197,2.031530994743687,3.234735320509322,3.084844867270181,3.087360873262185,4.986485483911089,5.406030211462465
1.5844757929800666,1.4426424907219362,1.7340416703519272,2.1117429338214895,2.490972964416253,1.9454561038185196,0.06008942374021918,-1.4119889419693035,1.546563312682395,1.5519531069088746,2.45901872594339,3.9993482884199745,-0.34226269464915826,2.1901313882720403,2.0505570070475416,1.2966257082472694,0.007423356361459491,-0.15739360757884827,-0.5315779419500898,-0.24749296578218133,-0.3995612091308721,0.1747627400163197,0.8545981531752332,1.1462955610259369,1.0774539009047173,1.8438673670601073,2.295806762628937,2.3658002542632532,2.983590467260502,3.751982912308036,2.8497307373047978,3.2212477799376487,3.1896222974695725,4.573392573246933
1.4976453220419728,1.4272006753525683,1.4044146007866147,1.797267189912609,2.7245839390940705,1.0626771371214292,-0.9974728041193601,0.8857836302210552,3.643844656905657,1.3729111439450556,-0.011342103457800136,1.063188524859627,3.4080539730245296,1.9758237368146145,2.1766739190906277,2.4304443583855004,0.3115868117995479,0.6200681646785201,0.20429678968524273,-1.2128339019470726,-0.46942045358629264,-0.14329926126516088,0.5806782632856965,-0.2511345241309067,2.7688841820413534,1.971645232981198,2.950099278003207,4.337210819428709,3.2555379055648763,4.588011300231081,3.5558597750592877,3.7876765580881817,5.895747846483482,5.609211074032482
0.8519904786208798,1.5695700365108385,1.279973505395213,1.7825797162050423,2.5192322469388353,2.451989485203967,0.7738612700142815,0.9399152564568377,3.842451008640818,-0.2314048127847773,0.4563403250012598,-0.13541286636565764,2.6020731176159817,2.5906998042593723,1.578013811410187,3.3108227865229787,1.9680097053403887,0.722564399419123,0.8728561538741118,1.9032086559760506,1.7007146867587806,2.5039857303877895,3.5213042077498713,2.0997621602675562,3.94218806715624,3.0048511785760454,6.770582824966142,3.11952368209483,3.2608834441085937,3.3245968482630532,4.188825803779499,3.223186300213059,7.025756749469589,6.9759463231441465
0.4945006713872329,1.1705372287174454,1.5192350101157757,1.565425790901308,2.4678929271873753,3.0771076242762585,0.2134206911747379,2.7821521955815505,3.3668572720002308,2.388751694307837,1.6872741929999495,1.8036309961879227,2.163214341426359,2.2877134146508475,2.6666649096570305,4.819353307400991,3.8139275922442386,-0.10499332109271262,1.7668084093812906,2.5483029282942837,6.084055449967147,6.469942234065218,4.462017283762703,2.957713101272552,3.008892060500741,3.157713830549558,2.0590867425542436,2.2811278044003775,2.223245087773556,3.406712113157453,3.1949638292084854,6.236854264758831,7.472500166691241,8.610625499591947
