script/wind50m.json
{"header": {"parameterCategory": 2, "parameterNumber": 2, "lo1": 3.000054539987559, "la1": 64.9999836372058, "dx": 0.5, "dy": 0.25, "nx": 34, "ny": 52, "refTime": "2025-12-12T08:00:00.000Z"}, "data":
[rows 0 to 24 of 52, columns 0 to 33 of 34]
2.1717028530983953,2.3512542005766286,2.827781294791458,1.853432332152291,1.5283561972256554,3.0357345652953747,3.9877072330337615,3.9451962545694577,3.4540820877175475,-1.8051319913206798,-2.399271259788423,-6.008410045216096,-8.114627109447369,-8.81631997474831,-10.643565621538217,-10.644140163113612,-8.149652113551946,-10.63985288811319,-8.984851051503217,-17.48892792598963,-6.902397405089331,-3.533426471201768,-8.261592988849367,-9.682990248650226,-5.428769450576284,-3.481551545960128,-2.4211824536631945,-4.564684645438674,-2.143021720886486,-2.711115065474445,-0.6783269737148928,-1.4865171152290975,-3.1281815972807903,0.9818051191993045
0.8371968448031385,1.2060614184560305,2.2596791716938,3.526970348856085,3.0291215663883255,3.237711326686013,3.83240854281829,5.01596821219959,4.466002348284065,4.151748537526813,1.4619964010658038,-3.050429690315539,-5.245701446820339,-7.528823183258411,-9.668439931568209,-10.966212385483873,-10.712534653974448,-10.38701413239987,-15.978790428003844,-9.895539697341174,-15.172025647649207,-7.858231750131259,-2.897958791815378,-8.183824414042597,-4.022273377738155,-4.410616187840104,-3.0251677407497968,-3.739699762874174,-3.4631898400365944,-2.7490730785774766,-0.9514958244356004,-0.38271827875802894,-0.7927932037072895,-2.349107095866916
0.2934079008853366,0.06112697088685324,0.7286813043145185,3.6320181488451526,4.8142055832023045,4.393847574898673,4.328669345092099,5.617627365392028,6.24923459158042,6.176713710208286,4.890096840539724,2.6139568693433577,-3.2870764120546077,-4.688784557293138,-8.28052006384706,-10.510721413034972,-9.770457894878003,-8.412618223775548,-7.489741082821941,-8.706079813500624,-11.19458295061423,-5.943192782131672,-8.985485625790126,-6.139035431056455,-5.395914085177989,-3.404492877573637,-4.512625996016045,-2.564882611728018,-2.634544237873496,-2.8771222628007385,-1.4838094178484382,-0.8599529946332923,-0.2863235389019106,-1.306054684139811
-0.5182369202504477,0.569367286609704,1.337017020381333,3.633384465294889,5.372616368845802,5.789284550420254,5.538445725310897,6.431931787758984,7.6653177103034675,8.238393911320838,6.766764047082225,5.034003635021064,-3.7229414624333232,-4.062965142285946,-7.844637717046217,-8.391509146575814,-5.080142803620263,-6.611294165361644,-14.037101769796323,-6.394998873341787,-15.428131389077661,-8.894085493053998,-10.724447393007585,-5.055254305075109,-3.9172098338801367,-3.44212910203253,-3.9357602710021005,-3.6705285145730255,-3.7239942371456127,-2.2716577039926666,-1.6310693333561928,-0.9708195805464668,-1.0526688726721212,-1.151549405827891
-0.40207370886829985,0.009805468438012934,1.8813019084537836,3.442538907024275,4.858253118864578,5.742427341271713,5.687914594558768,6.42683448924161,7.843824560094744,9.059535655700902,9.532217240859925,8.164174154499934,5.45603495873695,-6.170212411285491,-10.04153943332988,-10.566674137529462,-6.397731302795053,-6.609196807838672,-6.032891609319736,-8.767014508256889,-14.38885108672042,-9.791818282304789,-5.11602021133004,-6.876231441048925,-3.7471713357786767,-3.7903666978215522,-4.203710709554372,-4.092295121930986,-3.462139793450917,-2.637375521597811,-1.1436038819328267,-2.3464925128555727,-0.38328685066015394,-0.4209065692543782
-0.594243489832186,1.345367368928277,2.5640832130109343,3.1070065950013315,3.546087543400065,5.443474050228112,5.620269007253151,7.310656368561741,7.363150778980235,6.7007553172413505,3.2564260744221163,1.4905405702571894,0.542140814747549,-7.989315337339842,-4.760118988805127,-4.60636890976946,-1.8392722982863934,-7.419355881595629,-11.310261877890815,-15.917230625913321,-6.457551085097029,-8.912256085150913,-5.505940697924715,-4.948341912190737,-4.635148280010057,-3.8546411756304377,-3.759286510111919,-4.09523424176335,-3.0280767171304217,-3.4666839145847206,-2.6263286219069433,-1.1011632714374402,-1.024979904197791,-0.4894378439310878
0.09009258983356311,1.4733669880063671,3.1558383395286875,3.478090745632335,3.0212508133177822,4.805297380179614,5.370947517592926,7.6427807621539685,4.5384798312957555,2.324798488450587,1.1453732771398863,2.315356470891998,-1.0244010570913906,-3.274009496141384,-6.431582530761794,-4.726390019523421,-2.356316247570173,-8.571487097583992,-10.760108869176905,-6.41502167461854,-8.326565964259757,-5.548965652804433,-7.4407071711140365,-6.01714022725686,-5.567318532640132,-3.311919218223494,-3.751726232963059,-3.4861921109940384,-3.239743808805816,-3.258259439375443,-2.1621521915580884,-2.4471393351281505,-1.210386355123985,-1.145894050145245
1.8969939189836522,1.2166629242742235,1.5692536716637053,3.649073152050298,4.219599300649868,4.19339508688397,4.191125113422276,5.792696060537039,3.90248905587598,1.192541824669097,0.6970101778311355,-2.3319692715583797,0.8629524238359764,1.3349798481667678,-1.8835476394680766,0.6760149510327297,-0.7016711173431261,-0.322704421125262,-1.7307123809526312,-3.5867110552598014,-6.953071105981096,-6.158032950128809,-6.2184983276596615,-6.025261492880708,-4.817942234252018,-4.303643588719318,-4.279585700426015,-4.08429563022239,-3.061597104317996,-3.067707830401076,-2.9219779076365864,-2.388978608849203,-2.2294914735147326,-4.476404701873002
1.8237307242943777,1.3976042105559776,0.8995079310622605,2.521854125921683,4.204382786364037,2.2245663924032937,3.3151571305965977,3.4491242683709458,2.4033373148146033,2.0657985003085972,-1.814717147015331,-1.3736807372623052,-1.849910470645147,-2.855372124396691,0.5279491742104153,-2.01299206087215,-5.104886846650925,3.856843635095425,-9.144741708052733,-7.22131642395663,-5.744978320600119,-3.06861586260894,-3.3026675455968375,-4.723231052624045,-4.831306393304245,-4.784178514004808,-3.186282843019144,-2.7885674639099975,-2.634652986919464,-2.427828537024154,-3.7161480544999987,-4.019850608945868,-7.9432972771446355,-7.974133780334489
2.2547792170003094,1.7315686121049325,0.10674532054236589,1.1849128253159336,2.1633079959829598,1.2715366995184563,0.5337670582392179,-1.2412028428688828,0.5564073665091913,-1.5796267896899348,-0.873078372351013,-1.1755644650565802,-1.2422928553503256,1.545541099279918,-5.335159478447356,-1.1787056943861023,-0.48328933685314684,-6.824848975718124,-8.08798917760336,-6.078630860601618,-2.237845654247551,-3.495316342556854,-4.725932132879286,-4.665811635008115,-4.404395275476155,-5.330606602354717,-4.131088268991068,-4.389979003439915,-4.158789429957596,-3.47053041569378,-3.2921975620911463,-9.367483196299734,-9.440940248239919,-8.903740071736365
2.1669326934773565,2.070675494948767,0.3201394133060712,0.5989689449053383,0.5640439748271913,-0.9382642761850792,-0.4293515297866214,-1.690510836452907,4.610331868133793,2.084065564703399,2.353474170338592,-3.887748405109994,-0.7990881410527163,1.5206650050473283,0.082556249144598,-3.513886974741831,2.874874211380418,-3.7220420834870636,-4.353883089063365,-3.070703253827636,-4.306014863110282,-3.8308025995681714,-4.785507866148599,-5.049366481056808,-4.417309352408545,-3.606654709745788,-3.4247368970228234,-4.797379733264045,-2.8934431095052076,-2.4395380256854686,-8.678095054866416,-9.397954976324645,-10.066157293032813,-11.290937614814478
2.0311718728593093,1.9254740782344189,0.0712566853484541,-0.9215791018115324,0.2811535255250533,-2.3664561825974526,-3.455102867092336,-3.017029132879144,-2.7089420641539914,-0.08425406919454115,-1.28618875904407,-1.2783498387844878,-4.471423568580983,0.003743427350392657,0.8211747969783935,-0.4976874540786513,-2.025841985909168,-0.47250613437738576,0.9128568902387,-3.43606364806653,-4.523816746408679,-5.477703652946935,-3.294801636282661,-5.140576977195814,-3.46042813854107,-3.470987714820272,-4.306573633015968,-4.620821031835965,-4.123919326517435,-6.821323074257839,-9.336685013991188,-10.113335837389705,-10.622410967122269,-10.62589713940199
1.084946538237777,1.469608175994789,-0.19019468791436933,-2.7308464594810022,-1.3525523366189247,0.043928270103810146,-1.2822171782262968,1.747050170857168,3.9883653995435053,-0.16708208354397147,0.884037765900179,-3.2523964854362517,1.0447318623731334,0.8687505911710564,-1.3534906585887223,0.2683485341677223,-2.247574753545151,-1.6386114550968884,-4.601998312922609,-2.7933366507666118,-2.325787211882378,-4.7864103554557005,-4.303965243208981,-5.137730238516535,-5.755772337826319,-4.873331480750164,-2.9795396302138495,-4.884718371659162,-5.094323497518062,-8.786066591214626,-9.16158256931467,-9.828711369953867,-10.278962984920595,-10.48515583028632
0.36355234822739646,0.43965423913173235,-0.05255163562681924,-2.264448151816866,-0.4701094734755662,-3.263164888399214,4.40511009950283,-1.580954952959933,-3.7594558648963647,3.4509084644922936,3.69579099691843,6.422673493695482,-2.2193745760064076,-1.480513570337761,0.20843819638735853,-2.1591691994061684,-1.02654035652395,-1.7208700704794861,-1.6253243595837363,-2.972157760108363,-3.4332650072484205,-3.946825627761549,-4.330987543325731,-5.341649424288164,-4.357915924995866,-5.914551553243476,-4.253050979758037,-3.562952164159675,-5.38796903656441,-8.484272919463677,-8.69649923726861,-9.064785057631665,-9.927770507144524,-10.174442261322529
0.6255540913943014,0.9594242824402798,0.055842897835859814,-1.473642843172803,-1.8558724648754052,-3.3662272494933867,-0.576286674736574,3.273335408822889,-0.23248016756240042,3.019024893941384,-1.2123791216226134,3.8734717257797504,-0.4243167964013853,-0.19171646284097849,-3.438662633996354,0.4963569621513669,1.9166748659708552,-3.507967482441932,-1.9491134204823013,-0.9564580445359058,-1.5881773585993713,-3.714963965503646,-4.336282990169172,-5.232793823424522,-3.485239022338282,-5.8127798530490145,-4.703977053697226,-4.6835355170235315,-4.643665143921519,-8.382811418466513,-8.012110426856855,-8.056174103759053,-8.837024588214403,-8.991772470383411
0.4407238644721477,0.7643887894971821,-0.23339184141416114,-2.114640369318852,-2.2522758721544682,-2.231336318085212,0.09336239318985513,1.6236274874246492,1.7705522195535808,0.5955327265318329,3.825670924890888,4.601481289196875,-1.18111253943324,3.4262996349129557,-2.074388498869942,0.9776415744820349,-1.8761847198331483,-4.5006201287233685,-3.241556061684914,-1.9881714019840064,-1.9219526559714033,-4.795391143665402,-2.943688875159834,-4.1354192552030575,-2.73661908493954,-4.176973584921666,-5.307677620492651,-3.412101471060487,-2.671319325845462,-7.897906102237848,-7.571479609408574,-7.088418188466832,-7.451790697199776,-7.501941680158525
0.06997848204205766,-0.0442329652010895,-0.6266913071584177,-2.272615006053746,-3.7960003422014528,-1.2037967269560557,3.238870422376103,2.79212102186146,2.4483324837108915,1.0286033727885073,7.5049581322110415,3.5336249908204893,0.4194896544338942,0.6315539201402215,-0.4520730246116108,-1.2662561649034292,-4.009824138354075,-2.2841730514911847,-3.135094750058365,-1.1285547584472022,-2.71940366133136,-4.140168889760728,-4.9793933787861215,-3.1323934008241,-4.317266115553057,-3.3632895170295236,-4.4510835252829635,-4.175530463037911,-2.0560378956806806,-6.2208256832651925,-6.917012460475685,-6.386707936909363,-6.37027400719868,-6.8668303998117
-0.5173634079931191,-0.29377126873610604,-1.8115096824600774,-2.0930513801260546,-2.5755785130687907,-2.515055641380758,0.14217791214518807,0.5873225808431509,5.794682694371516,1.8680467074920846,0.31853138939962095,-0.3133033510031003,-0.4678094224542253,4.071629055204597,-0.22719225775837515,-1.828508548715618,-5.486994361331159,-2.6779231052069377,-4.245394522817818,-3.7175564336198765,-3.3189429608541747,-3.0157784839076154,-3.534350093063113,-4.60730783400165,-3.892591497149069,-3.1989049547007196,-4.10212674594225,-2.1984304556236234,-2.461562076656713,-4.825527312559007,-5.9636697587240866,-6.302921579325592,-6.781046894846251,-6.779853445546301
-0.237048317897201,-0.42532401567217754,-0.9341491077072249,-2.731010480253416,-3.184824835576349,-3.496983840356404,3.63087730252347,3.2954373411122737,0.21743954084461123,3.363875900099553,5.215193948036493,-0.8053376815699477,3.6649853285281506,0.1708596248471829,-0.708494115786801,0.1757264262413733,-1.6149623967831153,-2.3978384528779033,-0.8670701942796911,-2.549201997105132,-2.2136735133477448,-3.729298732310513,-3.8191893438888638,-5.328892447937709,-4.249386751336219,-3.212429755110066,-3.9655527338042784,-1.9381314438006185,-2.0231482037461257,-1.9456836338048635,-4.37403834570055,-5.686345039432728,-6.157566949159466,-6.31233265691523
0.7036784549767777,-1.4282561914624847,-0.34605700324924843,-1.7899418022950548,-2.636535875321434,-2.5561736536108595,0.557875764299949,2.8329941322721344,4.541581243029792,5.239736484070637,4.527188573142012,1.5820727570357997,0.18631925724317708,1.565743238510088,-0.11977327076473504,-2.6914436411158302,-2.2437757186680996,-4.997210371380317,-2.35547482827768,-2.962797731394144,-2.368474665380947,-2.689413977378014,-3.4277638042107754,-3.629969612117739,-3.7002209605985916,-3.0461809378376428,-1.9005084114259279,-2.297486675715615,-1.9033283696136103,-1.3285487515673224,-1.4616973031586933,-2.3382763088529663,-5.1330864086424794,-3.4487156490061293
1.082130635776411,0.968850405131449,-1.032084416432881,-1.7914006792279853,-2.89925981020082,-3.1340125901915026,-3.895387693445914,-0.6707783752325263,3.378539529617895,3.158044170197592,1.296592138775942,3.549610345774842,2.8998357895908478,0.7269319173164517,0.37295828446058304,-2.712829751241294,-3.5192309351501647,-3.8965018688890813,-3.160077434839991,-4.021433283316593,-2.879826688080438,-2.2457032963124997,-3.3753421345582133,-3.027933748875621,-3.7532748217837284,-3.7536081822326213,-2.1348955589672163,-1.7294356248899139,-1.4893115457986152,-0.8933352086717633,-0.940782236529803,0.21024294099324672,-4.008740597514103,-3.1124011025549687
1.7310529248185402,0.7567358163814518,-1.3365451425558668,-1.4787186581209053,-2.770435150278564,-3.7629101681096304,-2.6057564414353913,0.49950636216694105,3.2385811664290314,-0.14824122905415138,1.0217125546047146,-0.09057324390899779,0.044630745666043095,-0.21780712699885185,-2.957573832341439,0.24296317157671146,-5.136051778292827,-5.323401880165129,-3.87020715501526,-2.6543678424231376,-3.7717334454288567,-4.863055927369759,-4.047308066489789,-3.174892870950023,-3.221774333637078,-3.56804027676311,-2.3318953493605465,-2.123731684999916,-1.6062646869884858,-1.4339855230950773,-0.8741870960607285,0.5786027466898377,-0.48439079401467044,-2.268990077378218
1.7684680487348114,0.2854659062735296,-1.3363426823415216,-1.0998597448790952,-2.6739878097280316,-1.8271827137989507,-3.6216040266307012,2.4084378891913807,3.380376643996145,1.087913651128611,-0.27112544123022186,-0.17713279500003065,1.0859844734792863,-0.961431371230862,-0.1666789506711229,-2.747568980334037,-5.507914147874863,-4.533366903360425,-4.055438072873288,-2.937546185234798,-3.4743837257882606,-4.483313138273969,-5.702948996042791,-3.6075193616358954,-3.7322936896414927,-3.3802787902855553,-3.4395959445345676,-2.5441224439595986,-1.693486582981981,-1.991366616636339,-0.5766838164510633,0.35620341961938523,1.7532625705494946,-2.499362266683827
2.1812725005273834,0.8588348303053871,-0.6548539681525183,-0.4876019004741312,-1.8646037305679464,-2.151006811944231,-1.6154665664877828,-2.9963440332858386,2.357962932745851,0.6171138616768042,4.360519935087922,0.2638895236902821,2.0754045591805865,-0.37101045883223954,-2.338408030074335,-1.2903924850881998,-3.2994524480649017,-4.661915389079037,-4.078404248868668,-3.3078090127695345,-3.174230294952896,-6.922534531670529,-5.436512603578341,-5.3688597200712795,-3.58245986425036,-3.8708634100047417,-3.930030147339471,-2.6557166667151533,-0.9315818784811766,-1.4871372434694052,-0.9845427336620364,0.8832505309927577,0.5262711370243325,-0.9886928397965165
2.795224283490115,1.1364254779798335,0.145085784795329,0.6190347561769864,-1.3055978759912257,-2.7720808896226905,-1.4567591696145974,-2.1809708727676314,5.623932574379948,2.9781167758229334,3.7291128881875335,-0.18789349653255547,1.5299087011312302,0.6461002558542251,-1.737474292700453,0.4478657209058572,-0.08982337329690668,-2.5472002635975803,-1.2128798227307953,-1.2007483813001436,-4.268260128766364,-8.713848034100872,-5.537254990504633,-3.740269230556742,-3.8290537581450765,-2.6434774369595866,-3.192509698215426,-2.420346928505067,-1.1165931053106999,-0.6734509597542168,-0.6751895695803963,0.3821375588167356,1.4337586055859362,-1.5882790532429685
