script/wind150m.json
{"header": {"parameterCategory": 2, "parameterNumber": 3, "lo1": 3.000054539987559, "la1": 64.9999836372058, "dx": 0.5, "dy": 0.25, "nx": 34, "ny": 52, "refTime": "2026-04-11T09:00:00.000Z"}, "data":
[rows 25 to 49 of 52, columns 0 to 33 of 34]
18.226623165016335,17.406393622777784,16.853649010583652,16.405816529518734,15.09500516640392,11.73993882100902,11.186148060196706,8.143088440352619,5.954899218496024,2.7845285886397475,3.39519568384121,2.9540559098077597,1.9967193739244482,4.077473116887868,3.405320755336234,3.3162616243865948,2.62548736412752,2.572496172165688,2.686795850963055,1.1931804498591876,2.0974035036782057,2.2605644457326064,2.3875411675600064,2.679948528288276,1.3439461535522663,0.5962054122218412,-0.5197735136027024,0.1473397727646916,0.558162546635521,-1.1250465056691235,-0.01784474618821922,-1.3981421341929021,0.9423162847638237,-0.6196925365190605
17.771740231049428,17.523995430952805,16.31970212602618,15.895748982251368,14.51887986338571,14.711599279794427,6.549920114875765,5.435718275110974,3.1310352930257572,3.4247815534939767,2.992881580779222,2.99555637837879,4.670641816809375,5.167670248170622,5.656157522849356,3.454595963707412,2.527071949057284,1.2687064770311898,0.26516234531136296,1.6478300680234093,3.7470757231544836,3.0392151665340945,1.7443020301260066,0.8305954800398619,1.1881479341243266,0.7550831118135717,-0.19959268717182965,-0.36223000299550256,-0.38025148300507966,-1.9890380932144165,-0.5070580623638058,-0.3311014697655378,0.04595536340767792,-0.8723864678464034
16.745983457152608,16.603066084811573,16.203153833567402,15.047007663762349,13.714992569022822,12.265680597684463,11.530151519057716,6.109105657576003,6.111858676063049,3.8914644093208564,2.9176749756792892,3.942972507728518,5.484261236122757,4.438883567852573,4.6479945162378025,4.484624879915756,3.498608816410379,1.1694628457123544,2.1953654972710064,1.6277874936692687,3.618341207681399,2.935942980568469,2.1931153892375272,-0.06700604920267718,1.3539320020539751,0.7956854733119263,-0.025086376460380564,-0.7372095823168456,-1.5520749828097058,-1.3260024125023442,-0.838139838058082,0.7058866394296442,-0.12810034482677798,-0.4163414640059359
16.68702633498964,16.03900772442666,15.430436631416985,14.987578858769727,13.756107642797389,12.101457021472973,10.010161116211794,7.77435402524444,6.489758378741147,2.8921559119848568,3.645359814320438,3.9974273004018874,5.5074468255738,5.937362462884167,4.739812459183069,4.037625237050859,5.819310390572282,2.8716352519949013,1.9837448415727192,2.9914215902818473,3.785923474483132,3.632425810244859,2.480113337776317,1.477489183662399,1.3780555174463822,0.7036562276720664,-0.08991393045731141,-0.7517470290230421,-2.21605238219391,-0.8811597066108531,-0.87604684202486,-0.8733508833700726,0.45133874409042407,-1.0895086766054851
16.651785190758247,15.77603161991091,15.305190252980816,14.583504061946453,13.781152803281433,12.38872780076415,9.349258299257258,9.205830219358907,6.856839247619132,4.557902104992779,5.83692628737105,5.835725731510058,7.562422711956947,6.115219014805489,4.499197904474254,4.894094254177263,6.885391141146437,4.130446269306697,2.34858406859506,2.9107155507042015,4.247837182851484,4.09346999301394,2.3933268342429272,1.4051046422990885,1.4615257950366851,1.1614197290614032,-0.49942327122413466,-1.5366249086353108,-2.178782781888464,-0.8995633634808619,-1.4391664967758715,-0.034893467689559594,-1.1070182182861965,-2.055179814611206
16.606484223678002,15.297851273606266,14.799712117932087,14.497756349172572,13.425432766652264,12.313869565222207,10.946869981707428,9.266176970459782,8.299403873446712,6.7085451127642015,5.778731255447384,5.009175059776091,7.354360283931089,7.066176879998506,5.765290172634919,5.485446658387326,7.220713655236149,6.175546058697304,2.081005090175595,1.940154032124543,4.022473064990497,3.501950558567137,2.95790309802431,1.4157997571674823,1.1790366456484347,0.5527682252954537,-0.5835796839232184,-1.5039912219967877,-2.487519880020561,-1.7072473746782502,-0.83775819163645,-0.7798890935532848,-1.3759803068371315,-2.144391953254641
16.60774536023238,15.325615769125262,14.253004809423661,14.198731041479295,13.854710482299774,12.219692597700574,10.960275663235215,9.30337455770363,9.183060019213242,7.342620244769136,6.224241035354248,6.929300072184184,6.802503759457356,6.464343891795593,5.680209275271885,4.935794088866342,5.17296972441016,5.136357071387367,2.324543000180767,3.1331763037895386,2.619211574456801,2.2349289158231076,2.8581462409578604,1.1529238493764429,0.6100802896301688,0.5811669565964337,-0.5336701508064516,-2.6561590458684017,-2.0008495784212417,-2.8786678543611606,-1.037253668858889,-1.3042515724826413,-1.3804720836581506,-1.4859500880081153
15.874058476177908,15.480279366439492,14.506146205898558,13.700178456372894,13.489854655928749,12.933929621894848,11.7632624893847,10.315568140077596,9.340027956280831,8.807462180696792,6.809979714592674,6.5662348087033955,7.11617887451041,6.504604883232091,5.618528540597614,4.816055184709777,5.06368604671802,4.866875089964119,4.185148400494924,2.6889867119544526,2.8002305710787962,3.748347377996527,2.6248971222978876,1.096186457157682,0.5854713274722776,0.37888739309428904,-0.9555237364047813,-2.889685531430951,-3.2683944978838957,-1.908759194925164,-0.8769437113931263,-2.704060825697138,-1.214655881595755,-1.1289829688449908
15.405906814641606,15.40089680973876,14.934469082034855,13.89363258731666,13.31480873897301,12.743867363859156,12.139304370996776,10.722417114861004,10.039831743524475,8.883071891549788,6.645630673963043,7.041121712480003,7.45714960168,6.464751272194932,4.459032601587158,4.815963624948231,4.3822448177919995,4.559803798882652,2.938489111862583,3.967695094057663,2.9098043585858613,2.9050981970559295,2.4016157415790422,1.4756973556715904,0.6121692430570838,0.3158806695024126,-1.2807185037994988,-4.014782828613133,-3.524251164183015,-2.194080526278481,-2.0374162677078123,-2.367300304691519,-2.153265584093746,-1.3822167244944643
15.78162150846287,14.821470183075295,15.23285905084146,14.45274574908303,13.770269826003139,12.956953141672598,12.060044772973532,11.573862728564118,9.994943883171418,9.415374766581238,7.565213387540591,7.286874616108084,7.126505777904087,6.5683872777670835,5.675286459537303,3.6162214568799063,2.9297000164636917,4.026511907793941,3.9820344677985675,2.136290218438807,3.555829368963459,3.6658544278585494,2.101999802107605,1.0376816132829496,0.06936800361465434,-0.11763137258562446,-1.744101712463728,-2.5546257156739323,-3.604692591975991,-2.495098835618023,-2.4905728300733183,-2.499279021739505,-2.3355773912989513,-1.8478698069941442
16.134434368357113,14.817753399609797,14.793666174032065,14.988972715883115,13.861284749796576,13.429539414821786,12.471805782579203,11.642379088779819,10.856014788288542,8.703793712168927,7.898646487373887,7.066238578140019,7.347939886993114,6.643535734974773,5.544679512097385,3.96008266141808,2.334837944974098,2.4460065798960295,3.909977069591744,3.2242972323211267,3.2514653653227836,3.1570498050552698,2.6362968394895847,1.2728391275626378,-0.3413892706216898,-0.2751566680661002,-3.0697351170344165,-5.015333996874047,-4.225577300259148,-2.622017297398352,-2.794157790771878,-3.393402986504408,-3.099857911091009,-2.644291237330521
14.040220618325328,14.891844129197095,15.425445183859416,15.125719419822191,14.630152336822832,13.442662700313097,12.806848257936934,11.894142404527315,11.231119729613194,8.569398245282049,7.218932075416683,6.451099780783924,6.4498158804689085,6.505024697829436,5.328462110110857,4.327802461434553,3.933687962548532,3.664600231222509,3.690655729905058,3.6716775083006667,3.977268527317739,2.5219921129989658,2.9538017948116777,1.1313948772042128,0.1397796414656223,-1.453480742137236,-3.325190077312205,-4.267780822829291,-4.161169039940761,-2.917859824783771,-3.470374889319575,-3.0004864662752406,-3.1438194642307282,-1.2288391356631916
16.223537408609918,15.92298629884197,15.352681951966815,15.115785273401146,14.886398402919722,14.096582307666415,12.992139059629602,11.76387387216845,11.110690761995068,10.095362903735532,7.132146587887357,6.807728720439754,6.538154761851072,6.140684480217287,4.929381781812725,5.758797400428575,3.4469567405681314,3.7976257743927078,4.630635833073088,2.9124141619086634,4.401247326860926,3.476749188655219,1.0215951537060783,2.3666157453588768,0.08299451483066596,-2.0850814966729794,-3.1866076909514587,-2.917083780979861,-3.6643628177137892,-3.772273689282552,-2.440953195895778,-2.587525778883965,-3.4553426363205864,-1.4737270610959818
16.719800915814552,16.18649917235611,15.459060738798772,14.815693683563397,14.263328935116736,14.187976956663828,13.233024856188882,12.187356087422199,10.994523540810585,10.200900702043937,8.179287121002641,6.05702156380394,6.293547181680371,5.647678171585423,5.0889447079095,5.041412136748686,4.78847259312516,3.225634237186142,2.9833334145396155,5.097204905092097,4.27387352478457,2.789364588618302,0.7286520475350012,2.1453540790228183,0.1728687576749551,-1.373061167730661,-2.7163361132845947,-2.435887499641029,-3.212961737481554,-3.9368395454499123,-2.8759883885503252,-1.0679089457182425,-3.7043195309235077,-2.3284898518619213
16.095087031155145,15.391018191670197,15.573654876196128,13.852410555504708,13.318875499996006,13.665721143090046,13.367157636258248,12.248846919274039,11.116125855514511,9.990092033032575,8.905554003566486,6.73504130107809,5.927906343131949,6.327823152212476,6.278448174233667,5.2055929948389945,6.609998564230732,4.001935924536606,4.516872878495474,4.554290650388592,2.558957630331124,2.954614493455053,1.7058601104318871,0.4405068884266539,0.7492703141837677,-1.2913754656681373,-1.6421984371963914,-2.722576744364608,-2.3141503025199657,-4.605308134902421,-3.7183362153668895,-1.4512235566523084,-2.478377373759269,-2.9398597362063534
16.72766898155078,15.955321767114288,14.271359292628214,13.41509445902595,13.161382625939607,13.139410743255482,13.223064818361328,12.252384718092355,11.294716796613466,9.987406300962515,9.010034374555426,6.863230818987715,5.278562023170223,6.010130444796671,5.748649456463262,5.7873481040853285,5.855633943477803,5.958462003870637,4.176548524994226,4.970755071987516,4.498775083802902,3.2980213463879964,2.393685687316813,1.2331948125674899,-0.8875136509695583,-1.0628504919430775,-1.7118881863277213,-2.333903119344142,-1.2333712616202213,-2.7818032795525727,-3.7611361982085465,-3.0847240839771306,-2.0552486995340966,-3.545782251953464
16.317605549551544,15.660792595495801,14.345299467841938,13.906259004289248,13.693626739904897,12.556047557016337,12.2741081744532,11.909056085415303,11.849327194310911,10.376162662678473,8.428790679810675,7.15090641550553,5.026768761727074,4.357931121522034,6.7555780975950075,6.528383394247257,6.3419149517092634,5.223248414623129,6.68071967473088,5.261308749930772,3.304489883878206,1.739974355783205,1.4539272191904258,0.7057180904570323,0.3970157207254214,-0.7720181492920188,-1.3698579266572444,-1.8586042141084405,-1.6438171614460773,-2.2614687654552124,-2.7759699786135315,-3.327288928795552,-4.030145568326088,-2.8702554730381844
16.3235984108993,14.95464581472245,14.47729889278166,13.926927666875809,13.507719918973418,12.622135984305608,11.873127359020565,11.874055657040682,12.423431897526072,11.557067446657692,9.472892991368695,6.8549621349736185,5.258544235841183,4.305934896927999,3.99986495615689,5.853848024028241,5.721287763290826,5.542009906994717,5.932832997847942,4.8688143911681125,2.165809104592999,1.5334151987534959,-0.0817576832885952,-0.8887792617687479,-1.278582903462039,-1.2601582851638333,-0.5959911846610612,-1.726751079406576,-1.598816542766018,-1.794339158912005,-2.2912270950562403,-3.541854520878652,-4.174316472410343,-2.864432006173781
15.939231413951664,15.113981422576698,13.973022413244857,13.78802567984969,12.787599310768487,12.216134903446083,11.511012850976176,11.328215271575585,11.311111260962553,11.466224016821526,11.051324487933732,8.43403106001608,6.085498713455776,4.8696196390770465,4.996624359233584,5.150247150057011,5.124990111566803,4.887156776029947,5.062663670468656,3.041868150783135,2.28399315083251,0.6036060006903656,-1.235320533777291,-1.365031085114011,-2.2787489838895856,-1.1461260610815946,-0.09064768728012777,-0.8705700332627744,-1.0872094175427678,-1.7782226815208302,-3.0280460701666136,-3.256205585661332,-3.9465871962843133,-4.425126116013972
15.813840398325695,14.893099353442203,14.188922083067737,13.24817971943353,12.009492403837083,11.346617602896849,10.83719663133319,10.038164272650747,10.06165334739518,10.706503898932752,10.262281428004156,8.27903742093688,6.341104862893831,5.456941911964258,5.273389737140358,5.607996142053159,5.349437319280905,5.0287240846639865,3.3006230533914556,3.1653343260601194,2.2701524893517613,1.3528146019907572,-0.7163258777431198,-2.0676929730612432,-2.1842330285634346,-1.4569580526635926,-1.4583405698674186,-1.1143548415364668,-0.5713575859105485,-1.7687784305144498,-2.016860116902513,-3.557086869063748,-3.406139456329872,-2.122802821405514
15.40448497006992,14.99722445963471,14.02660558720483,12.425227093038213,10.913319508687373,9.675394283113384,9.470181947160944,9.432382843374182,8.338055863937504,8.40444744158589,9.349672501396697,8.260054368245576,6.888122841664931,6.440435589971269,6.638408079089315,6.784196877643425,5.725508443102273,3.8165968578024843,2.7407629439180026,3.076107269334747,3.238602430743883,1.1358451757418933,-0.257949504041396,-1.2566257068832989,-0.8010165734044232,-0.7657694633344853,-1.550964521894972,-0.9408207445108691,-0.20630517415939753,-2.3987409060652762,-2.164087305133819,-3.1541954268124472,-3.6098801519989845,-3.512758488432626
14.773869054950817,14.381394795598913,13.808090732492007,12.150394394964007,10.298125306472784,8.389522078806042,8.196440492606804,7.7049227758007985,7.512241738253535,7.2787513630673635,7.684722496685861,8.039267771579206,7.506213415684498,7.288681079508161,5.900712040336079,5.5713646338847385,5.338129985803607,2.8628270740243593,2.5949691624483773,2.9054320093704353,2.168699706781848,2.184498179726591,-0.018422177425470074,-0.4138794044063283,-1.0075622560884951,-0.851996368151812,-0.9682781344685287,-0.09566615299518308,0.13364069335908868,-2.3006065730313856,-3.0440110433987413,-2.6679614600324895,-4.049716351018745,-4.2312580450757045
14.4002748598,14.085149724527666,13.495028324278998,10.999439911143417,10.442633738622266,8.145130250864492,6.444797315499129,6.496146675039709,6.522766772631553,6.902227290115454,7.269591126321332,7.302280771935343,7.717713139827299,6.763456432506249,7.674219086651122,7.306674987188351,5.0646832632108225,2.904625302540514,2.670742488060937,2.4554408017578635,2.4422451348940486,1.9422998892654992,0.21971142559556678,-0.4939063114191427,-0.5892830677924312,-0.5922302401905436,-0.3807424059305302,0.06872532461803449,0.2990530889765235,-0.8087575221879351,-2.37505993931105,-3.4666361516480846,-4.06861889717549,-3.9258405583651905
13.855570857053289,13.352011308657271,12.070194673170443,10.492998910552979,10.255607955852472,7.6043530208482615,5.739873063313475,5.729633725447902,6.705616422951406,6.492741344933796,7.321876061370028,7.113005353435749,7.162335904467701,6.9235522953176005,7.195246455901908,6.975495687408093,5.189826795082876,2.998699377902153,2.726542213574961,2.6475050770544324,2.1957981638201254,1.24852950767304,0.7516862318767823,-0.42271546936800514,-1.8253829952538105,0.11921321551610868,0.26168049508628777,0.38403336994136483,-1.0084991646640253,-0.7996626455183987,-1.3880673949852531,-2.772202413738023,-3.3495614473068396,-4.863171054627709
14.15031710740758,13.104783394030997,12.522795958608455,10.39043047259677,8.814737926858735,6.831274894667796,6.659861654482617,7.711990741201501,6.708579293302827,5.326431846576326,5.983965900036729,6.6300953842002395,6.473209654150902,5.632601405035338,6.89663606690095,7.118392835810982,6.026262183429907,3.7614146923013516,2.316337787725152,2.1406253035056184,2.653510115306976,1.6033556173389352,0.4438436651489997,-0.2605901007848957,-0.5711376954136559,0.13199978888043337,0.2024911951569753,0.48233284255793585,-0.3204257976140227,-0.7387187570036328,-2.6488416276145617,-3.730046731205614,-2.8735746832894793,-3.3300127932931862
