script/wind10m.json
{"header": {"parameterCategory": 2, "parameterNumber": 3, "lo1": 3.000054539987559, "la1": 64.9999836372058, "dx": 0.5, "dy": 0.25, "nx": 34, "ny": 52, "refTime": "2026-05-20T10:00:00.000Z"}, "data":
[rows 25 to 49 of 52, columns 0 to 33 of 34]
6.116412811699823,7.067073357670505,8.680366838564646,9.546370157293877,9.657629191874104,6.9377655544724615,4.591712479849002,3.0289595037221475,3.1794382503854774,1.855422375724161,1.77673105670752,0.8843521021264258,0.40144818514205244,3.6201770271418643,4.179835666737809,3.7427470356214427,3.81432133596033,2.3228714521466105,2.1936972585460146,0.8374326268013017,-2.601457005203595,-2.28181042986145,1.753958644912719,2.2748602135416727,1.0722873942074842,1.4720972132187355,2.0651567061734437,1.6577921299027685,2.144811747063688,3.3293710119472566,5.069522038912057,5.118391503774049,4.19036194984703,5.587496183263086
6.667241700742862,7.3290814939268225,7.604870295177257,7.754548482490211,8.015902187063517,7.62574617396048,2.881360142100872,2.0543936784430663,0.923868657392058,-0.1637494821222884,0.07079096070810041,1.0109045035523307,2.4368915222848075,4.622479495596293,2.8703614124819845,5.3578064363727504,5.5343807576400375,2.155550898350496,2.005524611058555,3.7716986680450653,2.7120765351247687,2.1130542563577386,2.127088522522977,2.564659562549866,-1.553626631264603,1.434968528735524,2.189884294045125,2.6240894134878996,4.422442405851132,5.586424128742064,5.170694868901952,4.459531068010074,4.568964281482173,6.181590630665425
6.846699214833362,6.972142074303781,6.234996657630443,7.861681241578335,8.021201571697752,7.209402602447434,6.388607624905965,1.6625285205768707,1.3972989238607656,0.8163009706755894,0.4029388330368984,0.9976352923554113,3.2626320542979714,5.190752715051529,5.731815316887823,5.961495458622583,5.412709353456506,2.770962767307085,1.8437777426736153,1.9357189690497252,2.9967067029407977,2.1538908764272624,1.9466310072516377,-0.6526490345548368,2.005773657101833,1.8481889200103299,1.7863221384813244,2.306217566020541,4.612248105031489,5.328803088999531,4.863132565972913,3.6493853667767415,4.26788894026707,6.023557432406363
6.3649413584617776,6.0103703312784695,7.457839009678261,8.301833387953648,7.887796535856886,7.475635548094179,6.697483237875194,4.588123570645036,1.6420873955777338,0.06838970755072275,1.3761520995318774,3.3122775257687405,2.1309842054186476,3.6770490394179025,4.110647710619113,5.957311286872372,5.740097699145902,5.473148397124545,1.95295322397115,1.733361537147132,2.15103927546157,2.3634440426422194,1.9994138953474019,2.2432451264463773,1.8583648749054726,1.6203231724498852,1.7330378884106148,2.4341227712188185,5.287751582607603,5.659975443087467,5.779372499968955,0.6614612856082059,4.756518761617062,6.588103560316631
6.362749626432232,6.8801442115986795,6.7666352197108806,7.691107568499988,8.332822268001399,8.030727998633397,7.339887786653969,7.2720385680026745,6.234847450718723,4.8334300939439405,3.431409695073578,3.3101814842995894,3.7198530663294367,3.737073774691141,3.260437890968906,6.2134111534425,6.457601073621353,6.539521138578168,3.3168377393980957,2.3761267184091994,2.1553474640523187,2.2660560680508497,2.3912953053794634,1.992482887288674,2.0017475955405426,1.7981310557790449,1.6127120805694861,1.8865582290165597,4.092240547394001,4.938357932862871,5.7699680907997974,2.6349261629513197,6.2051808662166525,6.599797036193728
5.3068076990923805,5.732814413284668,5.708530132860873,7.4398833405283735,7.838183218300196,7.828986939704812,7.3693634282552845,6.9190658428311025,7.182622902038609,5.867451484966705,5.183371000823639,2.99962798810367,2.8530411014451857,1.62916284580608,3.8907317473220617,7.321291525557569,7.496537143926136,6.305405788645663,2.7952095819842118,2.4349076834804317,2.18540406022165,2.23209200225859,2.1360934287586373,2.1633987813235325,2.102510218364327,1.7008872809203388,1.7353787680799109,2.1969446053849038,2.9416262188228846,4.879673260227174,4.872756741185812,1.8003515023072063,7.133278892722034,7.141198853137443
5.610676802186225,5.449297990812629,5.07352255739175,6.2491585597606845,7.096570836600766,6.414119723845474,7.3393789218239505,7.4642181276066975,7.055930843868874,6.98802800540369,5.176485988305103,3.1579179769608445,2.439084935012611,2.894218499035381,3.7583396938937135,4.711758408760052,4.218895383970068,7.526321196836843,7.215431537128551,2.375241594992464,1.9818259357097736,2.355273966733714,2.224737446970767,1.9695354397651696,2.179506009046853,1.877465576687028,1.8961538717490258,5.050594484578843,2.765804209185982,4.3501372089625825,4.385323771108923,2.376644575038763,6.345867499891665,6.851873984784436
5.580102309073912,5.759657620580432,6.060042976958644,6.388196440170222,6.343957658326939,6.4538237231804745,6.658518391473991,7.712954678050655,6.84359601066089,7.045329880980052,5.837702719907029,2.2140298593569225,2.702401287357104,1.8846073837445385,2.8774979979734394,4.960324501059836,6.180571432933631,6.497727214514904,4.741864033574059,2.8413149454230786,2.1664896766835797,1.9834936016725522,2.571208038033626,2.221569420715966,1.9929646959836038,2.0332955193984596,2.3638279753541007,4.326483569300565,5.476550305914277,4.016976825332423,4.536027221331249,4.860617416389998,5.664705240906598,5.276960765364559
5.682371944823647,6.130929776779576,5.7719900612478074,5.966037154725727,6.387943060893914,5.818050879510329,6.854545706879593,7.744456258972535,7.100700846887824,7.1094792634838795,4.962721487416201,4.42712407180249,3.2483335652562237,3.4217127592552687,1.9997510874405275,3.7231067711736703,5.139274773708962,4.306865929310755,5.421592674147671,3.271182797801871,2.165336306948449,2.3698468505772383,2.5638471041679765,2.531592573948508,2.0917615571499124,2.125048573386639,2.2336828735838368,2.9296558137428974,3.617914566892225,3.8430655780649037,3.534321322550778,4.168553055702516,4.895960721684547,4.430912599945314
5.856751639763302,6.11867123311334,5.972610306467574,5.774179041172163,5.893112740273571,6.674479950599023,6.588221247639161,7.283232907617473,8.181025475436272,7.981041510860636,4.8849534207419145,3.3902085146637364,3.0172011176416245,3.4946163284462384,4.03254011491169,4.097262519377669,4.295743073879837,4.0762421837302565,6.573621551276843,3.8404103071913123,3.666985887100763,1.9186226664375567,2.508534173593946,2.572419670993054,2.602080990930971,2.2337291470856453,2.13724777534883,3.592986442909173,2.714223108575037,3.3666084446330884,3.1035759646311427,2.8055612677922066,4.025431953167582,3.4188071972046714
5.9734703789882495,5.9846492598022065,5.690312346207321,6.210534729916779,5.5398287029732245,6.207701664571794,7.402911133354307,7.418498180096383,8.199176844272987,8.480536977008233,7.884060957608364,2.8750953949700504,3.7676554745097723,3.709138457776575,4.107503096186953,4.06175192138691,4.552490678314318,4.509516638976163,2.5529799694311244,5.142952185342593,3.1291314460792887,2.371468064977469,2.311675445141939,1.8022739145665,2.5099394726300464,2.4500735877206905,2.0526828709068328,1.6076864863884526,2.4446784593181046,2.988487426142137,2.2360875632744825,2.230224163299232,3.0740154991980555,3.699838749297254
6.143038393573901,6.056962448343686,5.704905254995554,5.688766747962154,5.49974179181046,6.142071265206162,7.15187397807553,7.926998299806219,7.915448075711692,8.406343766893286,7.513877526037565,3.9629543658168904,2.6854171653308856,2.7852612133763666,3.9548536264125147,5.838196543964195,4.678687318557171,3.2740325123237555,2.8515695031414325,3.157293963470156,3.689175910193882,2.6241273835197854,1.6904497465356592,1.63638361602009,2.0903422446907935,2.0739641618357263,2.632473019702648,2.6271800641858825,2.6495207734752015,2.7191527290178095,2.6191135326176265,1.8158294629121958,2.8221770709500027,2.2202000910843793
6.149167518039412,6.152023205995124,6.0575482973688315,5.307239384534314,5.763899956606772,6.084292918400255,7.585443422553753,7.942564562567719,8.441642227842753,8.878305626970771,8.198307277693138,4.719890412048631,3.5496777337058076,3.1792918371585333,4.382546154975002,6.092620592557595,4.556533877255369,2.638058106540688,2.075185003572891,2.7786150347900738,3.6380135058051604,3.9647299433209513,2.511040907625737,2.56997533819908,3.0591076230484333,3.9306234805456324,3.3173766234950746,3.108454579652976,2.7120207549930737,2.8220052049299436,2.842019566321148,2.939686298194625,1.9753387153911215,1.7847162704750692
5.566512313426809,5.948295187016169,6.0650352495141995,6.125994351053253,6.0328217768074985,6.223446805163893,6.915023367701664,8.088957686918441,8.443674770231922,8.143258444375851,7.974162017566122,5.167837438883239,3.6359573783344,2.835568025791594,3.7446290274578318,4.7415107016563205,6.15931977119389,2.8621716677422406,2.304277493164374,4.571799851724861,2.995220100290158,2.6019225722930153,3.2986474919717987,2.361293880496175,4.338560899255172,3.732342637660703,3.0010815428170363,2.3890140547079444,2.4170399105916243,2.793731907447034,3.0777970470932146,2.946826693966927,2.883573731629593,1.6117167083715498
5.4924632385691226,5.550377698690096,6.012602483049039,6.514230207967793,6.514701829962212,6.2304138080633376,6.726377821053277,7.20836667758171,7.6342128574030825,7.847813925153805,8.251880407892514,8.005466131905518,3.4786788536177196,3.1412895719758893,4.061916784295623,4.189360473234518,6.615799948435131,3.267237687836352,2.7629316546170437,4.72364701889437,4.30523927033403,3.294778826306275,3.4656982669717227,5.541884579919985,5.169789221352099,3.3483550320319257,3.2437246937048005,2.3271074951127075,1.6027710548451393,1.8111346185219768,2.6514719543456375,2.722670066542681,2.130441869570868,1.169330077485364
5.246318711379415,5.548097717161328,6.479969457804992,6.5540860091427895,6.800167495855353,6.69644003050264,6.324576090065679,7.184360488708375,8.555212931448159,7.726912431978221,8.288670544077847,6.797256767229989,3.8515899389295813,2.7004972891443555,3.655308402078357,4.688715243880827,6.5780865136275954,4.741213846304341,3.008825903045297,3.8359644492066858,4.180085343520157,2.7659116363155047,4.296754599859782,3.4901870980198377,1.9421154707456472,2.436634789964206,2.1751359183153633,1.2985556863057102,0.18081260345958475,-0.13859006438968163,1.9146564648008177,2.631395593716742,1.0981332928277112,0.11381679728885163
5.804920715596691,5.803116783427329,6.517203407202813,6.689958551166685,6.918980646938394,7.401138906855027,6.346138348390533,6.757681396037061,9.064497665430903,8.015779877849655,7.8152346056197874,5.401931159371596,3.0350471246821087,2.856609884316789,3.771327627425308,5.126546900045555,5.412434939166515,4.509973222747676,3.871111477422072,4.943665880033756,3.755983733657012,1.2755513548323716,3.0953853245247163,3.808214746802789,3.0217716331743287,1.585943307001566,0.9160882219682801,-1.0376354197914206,-2.362930611285976,-2.6785047704643046,0.2866097256857554,1.0841087636181856,1.27732451573404,-0.7050271725286771
5.9089862803862285,5.9576828958867525,6.455553607082694,6.660597071401876,6.64274237428588,6.252599926577137,6.697897223524497,6.35688537292555,8.584369430400283,7.9487779552849585,8.00160935216169,7.589140866114376,3.934528748378914,2.8927177251344776,3.0120723999132615,3.079056473033803,4.313434037033105,5.635048600251853,4.833118944502949,4.13300528368815,2.236277596194114,1.509731571193902,2.314792043527492,1.2304298982683919,0.9911915744415435,0.5449158690881775,-1.8652353979087506,-2.5651331037206857,1.5661833510238434,1.8472469493986905,1.2312724453534332,0.6191510423709944,-1.3778293342274037,-1.8107781171952542
5.789983552152285,5.816795027033727,6.309643148410661,6.296552148188562,5.84817222519223,5.829345753145351,6.2491810432292825,6.3245326513495606,7.021560142562938,6.793533167385738,7.229226547792662,7.344417115535144,3.9927500758054553,2.9480498531655575,2.34483660932623,3.295792555549622,3.667575733591312,4.400945990261736,5.03433454528271,3.1265553849317955,1.8755616506293558,1.101669316085047,1.0903345270217184,0.8223202423611975,-0.8145793643466187,-1.680046017119953,-2.8006601720941915,1.8670984438849325,1.2708710836731387,1.6441219645771135,1.2262359002115846,0.6097122914596066,-0.12282917959201238,0.5146306203509808
5.575934436906469,6.183465500747726,6.516505389886436,5.667408070936107,5.507448892018973,5.778469157497334,6.210975973340638,7.383515777186398,7.322994245976601,6.416709966120395,5.72813356032947,7.188368093433831,3.4583656656647648,2.884559579692411,2.0105256306825234,2.35845263162084,3.7049458708896212,3.108502686217651,3.266126433823982,2.971598522169918,1.4820368855746981,2.165828592169659,2.256198946521245,0.9866679384147015,2.0470956898453188,2.3321955299037027,1.9212033798274268,1.7106879124592136,1.3895316638263957,1.736716943780325,0.9949153109754354,0.4132552854658251,0.3200860011535809,0.5100584294434906
5.5896728992277716,6.047819460745484,6.266050307615749,5.4300230425307765,5.502984025277626,5.998363615623992,5.86693464474946,6.309010928136892,4.290213605056901,4.932344524716483,5.9407304192508645,5.6337934068204865,2.9093346117295473,2.6737673394977146,1.828814452398526,2.3545749424080076,3.126684182060375,3.1738283152866207,2.9775685390173225,2.4686936234815695,2.558073771832013,2.2387263986799004,2.554092993362188,1.3773897230366723,2.795946145773749,2.0557048552933552,2.057309835174891,1.545800603448131,1.5048876646770997,1.886163937954172,1.1415663411698973,0.5516944279070916,-0.3568233447783964,-0.6802372700852971
5.737554231796609,6.222255082969618,5.669482769229423,5.771600939596496,6.166975743232879,5.040240457895234,5.6946589350493415,3.1503092544449727,4.3137115949416645,3.687090801103487,4.145016582469039,3.887387108825685,1.9787077576387124,2.0814259293371844,2.150637695382639,1.189312938029811,2.596595815785745,2.2807637102931104,3.2952433116939464,2.070255374500937,2.1969035485539643,2.3854559102608546,1.5921967003256552,2.310361376584644,3.7398729975322875,2.3392420232252573,1.7224414415659561,1.7822216687657393,1.7794808477047857,1.9894950391031971,1.7898527170878518,0.7670026496611321,-0.20645057841542558,-0.37976281432095743
5.929288961865253,6.053271195473782,5.896036167133273,5.905159345626123,5.915695377975532,6.046954721409234,3.3508779203995993,3.903798193585469,4.643805059747991,4.106390889066983,2.932638850083078,3.5629251383336933,2.6632265745099706,2.83146325129142,1.4943996723936155,1.0987631917778669,1.4001690455879465,1.7366890560201826,2.839498117739006,1.4996405769439778,1.7250751378112497,1.352495022775086,1.7941821231099466,1.9110944902108142,3.7585486514626245,2.4095241415395243,1.7974289516851438,2.5279379695066226,1.6763636014776206,0.9231899378871835,0.5462708210541783,0.7811598105845745,-0.5647565167968551,-0.9083389983448439
5.47552178369318,6.362395564441765,6.390746284499942,6.03102386898538,5.593060940255043,4.0515909969961195,3.610276799702374,2.703870884115898,4.034965503849806,3.855938966620704,3.365920824046462,2.8671379264349026,2.381129160925695,2.140710137969363,1.2241588553167706,0.4770925318496816,1.8721190979972104,1.6470930500089014,1.9929320797792345,1.6756469289555473,2.2295560361081117,1.2546438298799605,1.188172971971827,1.844271343424566,3.201424660587971,2.1649712212393126,1.4947053102253138,1.5091585445433953,1.5170602887109996,1.3339759180227715,1.7800654259531172,0.031609945512957774,-0.9604684188767147,-0.9477938362659627
5.497720414854115,6.817721320991211,6.403563822705709,6.203533017946242,3.544275479653949,5.467296588733547,1.9364919954153477,5.0455920708780715,4.448004430657421,3.3965771736539865,3.6129685851114366,2.8737364291996195,2.5575191036506837,0.7411389469366264,1.4008679277593583,1.3460321512354667,1.6442614237923796,1.4910342838481192,2.0817117312519224,2.6446423197461018,3.172147241782592,1.2188308334118203,0.7781517191375492,2.8999667426061633,2.742804791065689,2.6879399478434216,1.5221251817380357,1.5472602708415384,1.4072971263608585,1.564502141334233,1.1233776693440283,1.0726356219455686,-0.13352359261066477,-1.0664688439821728
