script/wind10m.json
{"header": {"parameterCategory": 2, "parameterNumber": 2, "lo1": 3.000054539987559, "la1": 64.9999836372058, "dx": 0.5, "dy": 0.25, "nx": 34, "ny": 52, "refTime": "2025-04-16T00:00:00.000Z"}, "data":
[rows 0 to 23 of 52, columns 0 to 33 of 34]
1.294278742067081,2.770190635071181,4.240110309550891,3.5289694781933547,-0.3325878475663967,-2.0620220156851325,-2.1927369258275617,-5.984007755067008,-6.465210722345795,-6.083710223822678,-5.8322217355897426,-5.63214138211973,-5.776591901358564,-5.606463119291765,-5.511802104884024,-4.784670672915984,-2.520770122307636,-3.3347419710654522,-2.867320515972655,-5.365998880268832,-4.3369913993172995,1.2193304395934883,-2.684786749650553,-4.540597538203941,-1.309468228398128,0.5015126118478433,-1.3791180366766727,-1.0217776313064606,0.31109577559833707,-1.7140506631200745,-1.246592676499793,-1.6200215651352405,-1.1110850766807776,0.09623420253375356
1.2416444725749587,2.795327623505595,2.615996282533173,0.711610151405758,-2.0970258821292735,-2.9109035328184705,-2.5361064628791063,-7.026843018358146,-6.778432490813022,-6.745820430136054,-6.44911176374134,-5.8577127573225525,-5.556691680102365,-5.920682086054906,-5.884136854482379,-5.715749524710641,-4.991595616496596,-2.89887450668849,-3.5821542016967354,-1.9359120103577045,-3.6651520741780894,-2.1710109849094197,-0.045481349453065444,-4.103003259838122,0.4881826820212834,-1.0137892254874172,-0.8156114071133527,-2.3632135482337358,-1.1539171734531122,1.7092582218482006,-0.8623699472318662,-1.039674515318592,-1.3469750486260663,0.4097778666568033
1.484442415457767,1.7602634071385486,0.9061015076101404,-2.116596390109203,-2.9880760963189434,-3.5258981233335387,-2.869637755989989,-7.057947270563835,-6.818373964871937,-6.548651574673798,-5.901117466890756,-5.752405445990098,-5.318011462534733,-5.201955040380971,-4.944250068512138,-4.54171235850712,-2.792626189003117,-3.6413790980147898,-2.117960870521789,-3.5485654742533264,-2.8583663545871794,-0.27540400692948896,-3.2872317616101245,-1.5326973794284453,-1.6758739936598235,-0.45593083785825184,-1.6181823494771306,0.27043713141408926,-1.2512040425107356,-1.4819488945714108,0.4690885328494095,-0.8128346686348832,-0.9421494883813972,-0.6180283994121546
-0.04970590429373459,-0.09730215002717381,-2.674642347339469,-4.28947954092337,-4.384894998716409,-3.3383039086050137,-5.605203424715479,-6.300013612780959,-6.309979971246398,-6.09117049597428,-5.882205788672136,-5.53429106591345,-4.920658884241979,-4.66504285090916,-4.596699322697548,-3.61801590104555,-2.7330900005857024,-2.8731416056014862,-5.657164847517928,-1.0710947173567213,-5.6909018277240175,-3.96963866730912,-3.8513961970729897,-1.2800964333406244,-1.3867976315156327,-1.876573351121899,-0.40312467606968966,-0.8707367062505078,-1.4029562313981503,-1.1124938231053931,-0.5942091982664521,1.0991561922697142,-0.513169708673515,-2.0104466987508443
-2.128493752281208,-4.0798112192137195,-4.166323732160918,-5.835564365468108,-3.5314722061646124,-2.489245781681226,-4.372450288032988,-5.275756797764857,-5.721364441322055,-5.470471774554945,-5.940785926356026,-5.834775470397213,-4.826783565021946,-4.867074463780876,-3.928603047952244,-4.378477823584929,-2.2348589330616413,-2.7063534029535723,-2.2651316841766493,-1.1220710908409401,-4.830710846293179,0.5787233376089039,-1.2035685606444988,-1.3666627231267001,-0.35704236834257064,-1.9199238582278277,-2.0997529983350747,-1.6616190297870557,-0.5971070467777494,-0.6246290947869874,-1.3975750825214652,-1.3986436556128712,0.5445349260697955,-0.22573084871267998
-4.126892024079483,-3.327081899343902,-6.139292681186263,-3.721769188127658,-2.3892866422281656,-0.46277198307448936,-3.3475633283730266,-4.293968249053648,-4.887596975152455,-4.897839857440773,-4.679238130388503,-4.338339253129166,-6.31608879292794,-6.410215246170762,-2.3031856924606027,-1.6899474180518257,0.6001122757123604,-1.482179581940642,-3.9082448587584144,-4.209697500314746,-2.083443131575057,-3.3236620390687057,0.8480047536912861,-0.5818909978846506,-1.5142643750144,-0.5342897673888664,-1.346537822324247,-1.5745894171897061,-1.0483787279357373,-1.74595150938524,-1.139068943337762,-1.2892306391910076,-0.3211948632477311,-0.9142445477446556
-5.45841559991143,-6.37653636937201,-5.052638908534047,-2.2377107302747508,-2.50083195664762,-0.5527799488050545,-1.4068683289819255,-2.589021409476376,-3.7001648800320504,-4.009145895995627,-2.997446818423102,-1.2727915070338365,-1.96970602564026,-3.048375580052379,-3.3827846949845948,-3.7916552038240314,-1.712951954609247,-3.3851092006706724,-1.8988197623880174,-3.4403086517398735,-1.9940785016766256,-0.6509101494197029,-2.184705692612711,-1.887563316054914,-0.2576882276199192,-1.1246499363055376,0.21505307038536878,-0.9829355272774685,-0.8156649564854951,-0.9319879121639975,-0.8788455159562976,-0.3476206506870991,-0.4851776647947486,-0.6961733701233223
-6.539598367191221,-4.766572296887179,-4.1932617468904185,-3.1374668143517574,-3.154891457606491,-0.6009709581986541,0.16983326118999648,-0.5175896208228425,-3.1149931999068157,-4.098417453258644,-4.041388060468757,-1.5008112110582437,0.538147005870078,-0.9484334231272358,-1.2455888845904743,-1.5608125546632747,-2.6179212145016417,-2.036952767484026,2.351977532897248,-1.8393496504521816,-0.637504825554366,-0.8017068365386345,-1.6552603277342408,-2.0435935986278784,-0.5066423697508848,-1.5079417313158445,-1.4101354810129385,0.23881981558191176,-0.9096538558507613,0.6460410056188776,-0.47982272058774844,-0.7745711807146094,-0.5724495145907973,-0.6840196996519581
-5.5598757175631555,-4.604957583623363,-4.9947948856855335,-3.2386899939510636,-5.070149129388924,-2.61031937474006,0.916818436505511,-0.29726055411334684,-1.0900260058841582,-0.5380590480700684,-2.7105717677805097,-1.2727806273487636,-0.7914355465180943,-6.866340347730123,-2.143997028504899,-3.031725613511636,-5.351471029044006,0.5876354200354255,-4.2746244165436575,-3.567415250141869,3.012278964491062,1.5892301143804861,0.5616735311264559,-1.5811580370000764,-0.8691849675521129,-1.3700253664001347,-0.3448808479969745,-0.6278689810511535,-0.6011185552153291,-0.848407982282522,-1.6883897157101155,-0.521771636183212,-1.352230650289423,-0.9691857300250131
-7.084455235472175,-7.562431633821834,-6.1557144012274625,-3.7756867160325815,-4.506571318834818,-3.3267924634105923,-0.32469595666981205,-1.0627237328075443,-2.3915516189913912,-0.18259277222106568,-0.6594755750809626,2.2868301963549813,-2.6169310319123924,1.755580858672771,-2.3127182413056158,-2.1275492356363657,1.1289795536163387,-4.678120255171502,-5.382877860229371,-2.260463837865345,1.0110979972665008,-0.2573459955100616,0.907871396693517,-0.07800153275813346,-1.1145868650773656,-1.545959412841877,-0.3258472277135704,-0.7227689623487645,-1.8302657983299977,-0.8692604911525726,-0.25239587192513463,-0.9521256222013399,0.514853288950127,-1.522075356500893
-7.7311184593860505,-9.479680375380891,-7.510369692152665,-6.741719721694141,-5.470588022175513,-3.7059437049472086,-1.5596532485359773,-0.6183002881781621,-2.458706431108204,2.2997104379802407,-3.334983674939331,-4.207287675150937,-0.028804033937749985,2.1559896539177084,-0.3650121777533904,-3.3966533605632896,0.6337838332513814,-2.031578879710071,-4.337675953793739,-0.54905756869859,1.0304025844522484,-0.6374417164069336,2.096589383655643,-1.8935651503095867,-1.203542000431027,0.7059491214410306,-0.7388937807208404,-2.245825084385285,-0.6113680992234385,-2.483249397734014,-1.6935342740286219,-0.21618246442920724,-0.4839174109244603,-1.2858602204049467
-8.267480137011859,-9.057922806462406,-6.800609559736299,-6.489308007904106,-2.344543367534981,-1.1438207455389853,-1.7521247044755217,-3.6429150195446294,0.3018464124902361,-9.188119556273273,-3.149567596157428,-4.664241822620914,-3.9532392989199323,2.934535092642128,-0.6095871358668378,-1.5053609502291598,-1.6843524408888706,-1.734600925669369,-2.5039870933342403,-2.6746209122934737,0.13602042838677333,1.1982500270609884,0.5120029083552372,0.3466946412327629,0.7155425214974316,-2.4295103732078376,-1.237825445021646,-1.1389428497778786,-0.0035197970572443584,-0.8109722801312872,-2.138301146731158,0.4911743199661713,-1.228279532057052,-1.614796479874955
-8.008063589080116,-7.549321694421741,-5.063600728162165,-2.42004877220546,-2.2723451990487633,-1.4224594534830433,1.8284461826564296,-2.0481339294460468,-5.51744137572821,-5.504426219560222,-6.269067834096515,-8.317524443575559,-2.8977837316398256,-1.0406661331902574,-1.5626509088437408,0.8512503750383984,-0.6461300492076308,-1.9826006580533746,-2.471985705612596,-0.5423731063678342,-0.5107191692172297,-0.3331739194814457,0.2346888854405199,-0.9469796231358666,0.19285506279862627,-1.9908328235331039,-0.6494090162204675,-2.352434026829887,-0.14064603690949246,-0.6687046168123489,0.027978282406414676,-1.3168808301176194,-1.5706768782394214,-1.3361968598059837
-5.857388804202212,-6.498810182346305,-6.806863430683081,-2.259115022171952,-2.2999698573742102,-7.148280071440006,-6.112270325943686,1.4839525738892254,-10.907804668113437,-4.4787638536150345,-4.873269071630845,-5.4808772268340675,-0.9115682632407065,-1.4241389302333392,-1.52790968116173,-0.5587490560579249,-0.7737827713915437,-1.7349029453061864,-1.1471162798845447,-0.7210229260486837,-0.7805177984384056,-1.1046482170540075,0.8498534242327216,0.5763139856370174,-0.7639141651405956,0.9045709102592444,-0.007036466682985335,0.679807814266218,0.6869536185269433,-0.6288248630985495,-1.4564362281959145,-2.047134847085769,-2.3730149637353386,-2.006190217824337
-5.717294779795685,-4.440785620305889,-6.8753569571614666,-1.7064967473225139,-3.6456427895114287,-4.9696668372741675,-3.110769636782792,-9.655573854126597,-5.963646041275478,-3.4726048839335446,1.1614450598958892,-4.682199399708629,-1.4504279400077682,-0.751061025375703,-1.5640436084174563,-1.6427675930932486,1.013031035607453,-1.1981745999773992,-0.5875522295958326,-1.4086194078351513,0.20796354564066957,-2.3624621428687416,-2.058166760130639,0.42129807223832677,-0.7259008435357588,-2.1124560867699773,-1.4030454093486677,-0.7321529898829852,0.07323543159773326,-1.6021233259097525,-2.344111802066305,-2.418367314530351,-2.6951044667783095,-2.926367685776813
-7.409695762620266,-6.7525577619177115,-6.619009236272294,-3.6548327561186764,-1.8897899621411536,-4.695619651797191,-5.419642708765863,1.6986180885041424,-0.900513086916348,-3.5425238535496395,-6.717526810801683,-6.152896411079475,-2.448922179495138,-1.8623103337766247,-0.12392481985089712,-1.5367108224827875,-0.9478144943636584,-2.2451953433794585,-1.6031399899714707,0.443892141014915,0.16314797704370854,-1.5100444518974672,0.2892835735219998,0.18462310609303834,0.23949517375132912,-1.9868003057231085,0.16042583728253826,0.7718084881105776,-1.2429372142364106,-1.9253956733943756,-2.9502434630739325,-3.2425747075842124,-3.309315669247669,-3.2658269841343435
-4.854546700325872,-6.600894203489492,-6.144958381234937,-3.3763215907786854,0.6988944145528395,-6.637712271366998,-10.804355275975075,-3.7558947727287406,1.1422683990920188,-7.697954337035311,-7.618970786147379,-1.9629655783277848,0.17468929983684248,1.315506494008211,0.7602365331579878,0.5265247831242591,-1.9035517952876861,0.43094052492627083,0.5845761055494624,-0.48912897219613904,0.47392187112627865,-1.0233927703091532,-2.0203968275369615,0.217501616924911,-1.5612026672413328,-0.13670754702242904,0.08439298211978247,0.8132475930936864,-0.4608534574774803,-3.5632732161863694,-3.5551775027288643,-3.6321923839664967,-4.0290606092181545,-4.141038098182964
-3.9460488325692316,-7.51749390633135,-6.927024207121293,-4.061886989856494,2.184785971288597,-1.9857625924240578,-7.9714377431965575,-0.04246481620036461,-10.378739511551135,-6.2320332938461656,-2.541561123678169,-3.5805400848736357,-0.2574384975534534,-1.5473109282368094,-0.6349636552688321,0.6201899782420526,-1.3220417696683466,-0.9816573071670369,-2.2680674102666543,-2.644434443504985,-2.4263324633706653,1.1563344671750082,-1.9992750897146554,-1.3636177431454446,-1.9060566721763132,-1.1411471374942874,-1.6974106256090518,0.5639789058170769,-0.06745875237031376,-4.401668555472841,-4.944895931310677,-4.041831234698295,-4.38083662228337,-4.985553718038527
-3.7649771104872496,-5.891923840511138,-7.738226127696982,-3.3194283539277816,1.214345023586215,-4.773877784767324,-6.217707854122547,-4.396158243490715,-13.11878372913784,-4.807224733305061,-3.7384262792455467,-2.6364487367235037,-2.2069058927211262,-1.7194622007843858,1.6596121266996533,-2.0492325787882564,0.22884608111440297,-1.7460582918630394,0.6699924046172114,-0.1616918733860312,0.5325102651394451,-2.1192257454083423,-2.3387581951064123,-3.0692712852738757,-1.685822234264315,0.09605589400547522,-2.2913046132410337,0.5375894331657489,-1.9156651148605728,-1.573133740690583,-1.9525820565246943,-3.4035293307302363,-4.745333673228179,-4.362349501779354
-6.610352988603425,-3.853371739434033,-8.14966855903455,-2.668381248629347,-2.2795531717134496,-3.5834273866082826,2.851963752675265,-5.539457515488512,-8.830519672394292,-7.626026805586489,-6.795508862376881,-5.485853686887401,0.13507741484685748,-2.647356171709226,-0.501783919859949,-3.3394443236341873,-0.5757189161396848,-3.1535717903124247,-0.5067612643106627,-1.3060944594340622,0.5410665610859936,-2.4095529713379977,-3.0578447209181205,-0.3612884175642897,-0.7604362874422813,-0.10083910534855856,0.226071876209302,-1.6620368460025843,-2.3664778507499937,-2.2541452812470153,-1.6725234699917686,-1.8946044317736999,-5.413485081267691,-2.6103001800744234
-5.243258671175457,-1.6794070069704237,-7.556764191620711,-2.7897691567376524,3.939207640597387,-3.1067821046409287,-11.342741980800396,0.991606825745922,-9.527840787634318,-8.41249088845775,-8.367595384544126,-4.59104118771656,-1.4513449696701115,-0.4273439814576049,0.7542103226744488,-0.1769147050439363,-1.5840322415012709,-2.851731638776074,-1.1723835197022725,-2.5016676613608744,-0.8439091829405175,0.20666461903780128,-2.0686642949481504,-0.9669861474453785,-1.5393334867904935,-2.07426230397487,-0.9753484336264633,-1.0368755287884854,-2.046457554828741,-1.8494500976100967,-1.7167211647555463,-1.580364459415025,-3.0371285880257726,-6.860568383303157
-2.6944926505154103,0.3157854121658364,-6.61087475593368,-4.991892063426137,2.428321813831031,-9.686252406927489,-7.357761806988432,-8.808903370439626,-5.71715590164916,-1.9699311283579526,-1.4701287467711834,-4.143682117248094,1.0259631133694687,1.3614514201924084,-0.6981956468359392,0.5411236063488644,-2.75204457134134,-4.115847599595067,-1.6141215247580278,-2.0728496172123014,-2.211130407700313,-3.229587769717274,-2.2960546373965367,-0.23064298495130298,-1.9281775503363194,-1.7405589938855142,-1.988959663562458,-2.2137389579771294,-2.98134055241297,-3.0655711256770144,-2.2133660062555056,-1.6836163933322532,-2.3596879912572057,-6.784914989149409
0.7781480561966482,-6.01786474482844,-6.5851523945772925,-5.595660158740147,-7.67514138251368,-3.6126800132014276,-7.075876753565622,-5.958187897570796,-7.958338917095307,-9.835503520277099,-0.7924010349648845,-4.20647516233366,1.4694501506563176,-1.186471664167704,-1.581169142892895,-2.1452277914469238,-3.8522200511033557,-3.4460240289967863,-2.288735728890839,-2.491964654442521,-2.580527846597914,-2.583124093056899,-2.895502564667131,-3.6383916627235555,-2.0754064441062408,-2.564891700625095,-2.681976050924978,-3.010276856912276,-2.425755035997651,-3.396436641422957,-2.597285831683398,-1.3264480923318793,-6.621747072996883,-6.630167183741406
-3.8864097890234715,-7.042020581669925,-6.831918296273305,-3.4383031618393627,-9.241424568123461,-7.771438004863218,-4.91607348629475,-15.812786469221724,-8.947135826140373,-6.244347319188988,1.0332830932534534,2.1085269162501965,0.7280819777817418,-0.3996816831259642,-1.7565631103211474,-0.7512753457627446,-2.093027971675505,-4.623086897281376,-3.5419613934437626,-2.8592160537257545,-3.245218104510079,-6.00524814077498,-4.444870677538434,-2.7894944052369324,-1.6242908655347164,-3.003965963237037,-4.236595424609315,-2.219246638466458,-2.2284080549574705,-2.2103270328781073,-2.6373694748944816,-2.024305033968107,-7.395211851153658,-7.103946561890834
