script/wind100m.json
{"header": {"parameterCategory": 2, "parameterNumber": 3, "lo1": 6.000198445256149, "la1": 58.999992894266676, "dx": 0.5, "dy": 0.25, "nx": 22, "ny": 24, "refTime": "2024-01-30T07:00:00.000Z"}, "data":
[rows 0 to 23 of 24, columns 0 to 21 of 22]
1.1610120616276793,3.5348977433099487,8.797910057715098,11.178957568525602,10.680688856851768,6.4095356895314355,14.326165090765377,-4.249101060016108,5.058764770426911,4.12089828241061,4.386696208458332,2.3287175298090417,2.5031242788402173,4.6338490534111045,1.7536237965212131,-0.36576460936268135,-0.4250028493652387,3.208941471005169,6.787435431710563,4.892700829753887,3.545066212035741,7.5436534890902545
-2.3852048708982374,6.341265815442933,-0.9468668003198717,7.87871299766469,11.030057649518287,11.645745202047065,11.264093091398422,6.930640747514882,14.51704642874988,14.33373432957773,10.155386260908335,8.597495517056945,-4.723956843501762,8.909850363866973,-1.9491510241224954,13.295495437421122,7.78546858008555,6.013827369494564,-0.006797599513540999,1.673682614781242,6.512838216124099,5.562778186262195
1.3074618244323941,4.20136894412947,14.527236692461367,6.551255545523443,5.840991339431666,0.6464898219819423,4.958942777075953,3.37477772495761,5.8671201262543216,7.66734788371707,3.296489818996175,-7.150085199703312,4.635984442158786,2.171130301646618,-1.4815208985554045,4.402521882717897,6.871006499471477,5.756538257441182,0.914721775039695,-0.5174804060173419,8.114468225245014,2.2922769519648827
0.3319135232129441,-1.7567086162688992,8.456935083597035,4.020515851406042,3.936201615938653,9.448846125389903,8.979767601001061,6.488701560172082,6.6619219493004564,7.8351007990807515,4.437169093350191,9.491496764945165,12.44847450980774,8.956204649546336,6.774530691597482,3.2792024368641606,8.721833293643282,4.272517982091472,7.843968337006891,5.329804008212504,5.329018098827896,8.159685136366784
2.7105242358414285,-0.6841821420778204,0.7543218860364259,-2.0085962356403297,13.56671631716581,9.34146622055384,1.5797374258184673,5.72379555433834,7.964210703255527,3.984704937076041,7.68833692268437,0.08249914228302402,10.95264593249226,-0.7260154087291686,4.495417911332646,14.222047430099934,7.890887538079434,7.337090210521704,4.576039301067875,3.03763539922555,13.686652895634742,7.717869119504413
2.8930891267267156,7.384307757747289,13.806337050911493,5.094591846878595,8.614800689813569,9.274791222518482,5.9458301077761275,-4.082737926196627,3.672958785249987,6.916047280611555,5.637249456282972,4.636177166722101,7.554610742605439,9.899666229600557,1.7952423502214532,8.790022047915503,-4.352882756139128,-0.45819741341607084,0.773317005795195,8.4112287442977,8.908752645818728,7.039985261402293
-3.0176784211968095,5.638770528180971,5.470749707944329,14.015734332894487,9.209724833404282,-2.7247799197654214,8.880179472656438,9.391086867180592,7.458076471630195,5.694221887716246,-3.0631556656374954,5.73690300903757,5.800901522684219,6.195788646518784,3.496151090277448,5.4776570174667505,1.5581255518458574,6.927067121535336,13.586275810259295,1.3978551376327637,1.2556435893790325,7.220406233211803
-0.02282251223283966,3.4794797991237556,8.716177078735525,8.01780717174416,8.266644153618804,3.455765755772336,12.151444024763101,5.686937290419997,8.631930208503645,1.2359293341368094,5.625997641387482,7.416788495707225,8.13599209931098,1.8595729288506861,1.3745829869547816,4.012847966485961,5.331697924313768,6.297080646739286,12.925082595764488,-5.590003763508966,13.685635561214982,4.259959304086824
-2.8433328058652543,-3.1615584630255587,-0.12975323599452077,13.493268078421474,-3.080199459339104,7.7191233459607735,5.629892619137301,-1.7399571059196919,9.250795938391303,-0.6109932112529826,3.504619262090785,-0.8715842658884919,7.010976272381877,8.236044420538343,-0.021160729780988992,4.017458123027015,7.23034103055548,5.4766103801090384,1.5969203813349218,7.662503618797414,8.815243491520325,7.1658831765064726
1.1996058097735613,11.634285767386764,13.63751360728772,3.234941359796058,4.106900034242237,4.723544347373761,3.703333146796701,8.551916568789649,-2.266738821934753,12.896687494118565,6.707345750819345,4.633216961981554,4.33036137627685,7.02011020832782,14.54541001115365,13.638095849870123,7.891286265633331,1.630088611484323,8.056180091826754,1.6313416593630068,7.134163409583441,9.096387862039402
1.0305394114987598,7.768690631051062,7.175604447396147,1.0795155907962115,3.0903395404646377,0.17408675557315084,12.11080887437273,0.053916149248509626,6.981980335682423,7.688670479427789,0.6077843600943218,4.93721407620681,2.866039208127972,8.574419083998311,0.5737385888428604,8.349331390355317,13.624128234464834,9.28249109206757,4.556545815091103,4.800500220952883,1.6250965360779255,3.972999077242839
-4.2196696513445024,6.715852536765541,8.709888169168353,6.9689328885786805,12.331815923450867,7.182009405165771,9.420654872285448,9.436997674159603,0.4884629536354824,-0.0038213603923224516,1.4262484131946949,-0.1247155499171714,7.8429829868024985,-0.9619483740785507,4.304606956818874,3.3269332139031067,2.817622145293167,7.2758251114935195,9.503859494355062,5.348402756913124,-0.10353500409020733,9.998199113082197
-4.222592649509897,13.360566474275036,10.422383313132569,5.406681489741475,11.437338070128359,0.7716401248162963,1.9336200522480844,5.5177861681289215,1.3242350243046355,2.2677402977574688,7.135174847925668,4.4132192886035,7.611311380849447,6.504942863649403,3.5057449991276317,7.653836466114477,3.2975541154911765,4.583735143125628,3.8459204233547144,3.312156404697841,13.949351071276407,1.4760148755785378
3.0452820419746796,-0.0998614283747157,3.411629798694755,8.33890237307936,4.888211332360574,10.995786825634209,10.709918374281628,6.341447743288496,5.139872177811345,4.1011452285281695,3.689468276711159,8.256876315096564,13.96020289124796,6.934960480679739,4.564285899790657,14.54987679349269,2.718678202469246,4.655571393662317,10.32526894404699,5.08689572846103,10.582806415714284,8.13124442174357
-1.0434485175910568,0.8911188752098685,10.43774914827422,5.665596957200207,1.225306290840831,2.3226099764956456,6.293586213273889,6.26856740697092,12.809123030471254,6.810207851184193,1.1249462021459193,4.055943480023053,5.861857594106928,8.087947797244679,4.80877933101201,8.92498516171597,3.924287986219933,-0.5999037456374113,4.554627033816432,-1.7434304417485966,5.460742996467585,13.40785840536895
3.08155844857094,14.196877061862043,7.830982744741593,4.367109035709167,7.845334466012442,8.580897573527583,-0.8840913789165561,3.5224325762730198,4.254851533803153,9.14308986224212,12.711669039359274,7.847527981240315,4.689110728454376,0.7326100828979868,3.5099992251731678,13.957605130229094,8.966694023041534,7.291192451599828,13.670458965543649,2.3496193590107124,8.13112432722448,8.800728286799622
-2.297097391262915,10.548547615894257,9.393073365535093,1.2549312782039124,4.458955003508259,8.665045977976877,7.461276626141453,7.075524414696503,10.445609487397647,8.562229209920611,4.474050642937456,4.136846072656955,10.497899631694724,13.628803984224648,0.7456223199219792,0.46928261389111614,0.9370102058416289,5.994006673320659,10.514262974039289,5.457778879039971,1.229585274547964,12.48791872865134
-2.45568662179163,7.6917684121701795,6.827350602021016,13.268359065376332,7.6594004225946115,-5.3790085519394,9.96047308405116,3.991529311827508,1.5864407308583275,2.356462609598163,6.35564484101716,5.715975812012494,3.562715419960373,5.489886499058165,2.6692022395089183,4.232843546736553,4.966029004635827,0.9848528543613867,6.950090216740262,-0.19700146582955638,7.279526697371779,1.39418021320615
-0.17584413447403024,12.87471183030697,-2.4880334168298064,7.58617652988088,-1.5730503227057655,9.367468097446778,6.629140324571589,11.310519923723211,5.969684114604928,6.600832403976128,2.6982333967963674,13.64007050229326,1.5844985368107605,2.372766973156887,8.653263179401906,3.5928906963306266,5.137521032186937,8.761922998182959,1.5256850403322577,13.264972454781732,10.070340666904801,7.974941303256005
-2.993287858355687,8.120432677072275,-6.023714742921516,11.877496477906382,7.230328431664993,1.7633649704389447,8.112401638736387,7.802971521267591,5.726936094970985,13.753416137552291,13.908579292441216,7.482977170042526,2.2252583354004836,-3.8062752413271155,4.730866320838238,1.2433515366658574,6.148878776303417,6.164989279560118,14.594071657547584,8.351893589283575,10.991423220288828,2.092472420814425
-4.381390878464393,-0.2903461308304161,0.11381519272954801,9.149606943460816,4.229430851698618,1.4608996440550823,4.711730349715916,3.3661944693904404,9.216791823407382,5.495002658043829,5.828710904054503,5.539404383778934,6.027201696958433,5.852393015419442,10.695089637934892,1.25315655111972,0.7549636963975429,4.728265159403939,8.673520978699804,5.141339923687251,10.948865256608972,8.721727755249873
1.9705015355648554,9.403621396677037,3.029061715697315,5.650825472340568,7.45422749175971,5.707780418184366,5.862257967405871,12.131600893835992,1.4084151544346795,-1.9883686475064795,8.14240969311157,3.877145779650612,6.617573009153072,7.2537054649757735,4.025925691835701,7.403956840021756,6.5300911107614095,0.25571557340337586,9.165695245612236,2.710089255182678,4.4953345820875725,12.011587655151331
-4.098111100445596,-0.4764558253995942,-0.8071684540489841,9.281558549770516,6.245430460069683,0.7693906240356678,3.3007995935221217,4.224810459510474,9.975997638381308,5.248443526083741,8.500307931714733,5.748082680013246,1.613624871957245,6.706306461192926,2.448469659837372,10.749793409501175,13.070264407689725,8.242913309481246,1.6243301419998597,6.895846909051858,1.2391676929182367,3.304417129114102
0.5065708421336296,9.351692135852886,6.4936521728128085,7.292806260874418,0.9879689377551967,0.41850130407534997,1.429491233462831,3.243423729880812,3.735770030386555,7.707574858993763,-4.693988700867707,4.48152281000943,4.133042175428546,-0.057301800640748815,7.319233977104794,4.664655591438849,11.299300848755916,1.0675031003527187,14.49985684950989,7.692462559310093,9.977202408057101,7.8747093006375275
