script/wind150m.json
{"header": {"parameterCategory": 2, "parameterNumber": 2, "lo1": 3.000054539987559, "la1": 64.9999836372058, "dx": 0.5, "dy": 0.25, "nx": 34, "ny": 52, "refTime": "2026-02-21T05:00:00.000Z"}, "data":
[rows 0 to 24 of 52, columns 0 to 33 of 34]
1.2114835854640018,1.504275898390217,1.5222674297381942,1.225870745975818,1.3278662705991178,0.9428067745467313,1.0717899851745871,1.078764000373822,0.7763673860441334,0.1351825963970953,-0.25364847096246834,-0.5643672150017779,-0.9891658565845101,-1.221594135490218,-1.5095968682280578,-1.631933242415009,-1.443954482416239,-1.4417539238295214,-0.5261743722713783,1.6372621712906208,2.626024346794045,0.6842884339845183,1.9514173654032791,1.2581602523538946,1.2691257416352208,2.310670396035456,0.5664128227851788,1.0279621167372066,2.4505535866193715,2.601624467689833,1.4762287073511324,0.1402911737328033,1.5920248723354777,3.150801450418748
0.7149829975243265,0.9528174758009164,0.7497499299805591,0.5942212961218354,0.4442884390706979,0.15061029375038795,0.29038999309620045,0.485255632779485,0.10610596205752543,0.09423373568241561,-0.02965867448145963,-0.692951120596829,-0.9103052421866401,-1.2056737804079969,-1.4926392138650575,-0.8088931715147365,-0.4783616308752417,0.8815842319629019,2.422876279366985,3.4439803661800816,2.3890888698453057,1.3676401835747045,1.1828203187391286,2.3979833678956797,1.112788033102717,-0.017119688874961715,2.8526113101734314,-1.113646607513433,0.9702775225212873,3.531784700000108,1.905904826802484,1.7457723424675047,3.270463151789378,4.139393107702176
0.40006719489327397,0.8082523553682445,0.17199600046504546,0.19650347537323587,0.3186238356654292,0.13711389655882794,-0.02174645441916913,0.011327348626405512,0.09962631901398605,-0.2927873621760882,-0.5491617114930043,-0.8602696530990308,-0.9603941103328137,-0.9056396401065008,-1.4649947075199605,-2.060752854385324,-1.5884569836042648,1.0642371658550707,1.4887726272782977,1.4784149796552293,2.4265427999497473,2.492725539226911,2.969968851661169,1.9714538376035422,0.8199313693443208,0.09074432330971338,-1.503348975467966,2.193347080259207,3.329147609379416,3.8573218062615373,4.4455833074951165,5.473724588760391,4.982676555347817,4.5828547126498265
3.4206226375039535,0.15239786573759617,0.045909142426311125,-0.14659788240353533,-0.35523893427033976,-0.5282807242461044,0.09844984821793243,-0.02034814088740489,-0.388609010153725,-0.6254221717859759,-0.6271523961072423,-0.971559149737003,-0.9598158729365684,-1.6347042178286757,-2.396387101270392,-1.2160147555045722,1.748504795593473,0.8920516403686994,1.200947864822111,1.7649866015217646,2.1216066571759393,3.6112098052518937,1.6936074221407764,0.47851460631086873,-0.45686734581236543,-0.6739598536371472,1.0898955388628975,2.3402244323311896,4.270171194432878,4.481693435713175,1.8845511878395973,6.615556574048324,5.348289340249712,6.173794288990652
0.5254560366836648,-0.1446182183511184,-0.007947542738013813,-0.7129250724842545,-0.4204086133370415,-0.42659930348819547,-0.3636199391352227,0.08180647731641062,-0.3978442422567271,-0.7754668562056575,-0.802156725093536,-0.6849584313585394,-1.633299472711319,1.5038786101949877,3.7085079870950852,2.7317642130727977,-0.40666486952556147,0.8264293449375275,1.8626777930313814,3.9324544487607267,2.50243227639846,4.629790639675259,-0.025843919865885148,2.0397685023685677,3.8547975996620956,2.7507081494212,3.1450098195954923,0.20154841420943956,4.3216982554241055,3.8541032501711685,5.916549490489443,6.025334769923238,6.770493144016084,5.906042489521289
0.2398858840588857,-0.4229926522031683,-0.7727973924885753,-0.02452187163400595,-0.4108606017754694,-0.6696937148512659,-0.22927550611338915,-0.24639486791549436,-0.49102384194899745,-0.503538599270794,-0.5381431198968106,-1.2986278508070754,1.9089060901604906,2.421718671747666,3.7267900205075786,3.1730670556488914,-0.1471723431123965,1.633988940862119,4.889269684513441,1.349540225204177,1.5915051667185112,4.632553347736009,7.112109866946154,4.0347370298978396,2.7366468528791175,1.7730856641706025,3.83663809285285,0.8659774854739507,1.7899537881907084,4.704011077642996,6.143851561598784,2.576753507995289,3.878557221330591,4.353365847794862
-0.8312540325276115,-1.9449576721593094,-0.07377606539010001,-0.37975917854726937,-0.6335953425717802,-0.609386129295502,-0.9431968202077471,-1.1678705326056555,-1.103562103895117,-0.9738075375849612,-0.7653517988024053,2.155827297383361,4.446370265464301,4.578721871814576,4.096109138394227,0.6391921315080213,2.5388588324954653,4.3048132781361,5.335843996297626,4.213956695168607,4.764493244379992,2.5804053252720633,1.7430127974379608,2.776254295539804,5.161848708029658,2.8135569701804557,7.50144148212217,0.3110864172975301,1.709692667041659,5.913689556723315,4.8885058010534195,4.314410774520362,4.321897553115033,4.486877601777667
0.2837771501975888,-0.17186068672599286,0.011960079558439089,-2.8454654440391223,-1.6616761980593313,-1.4701768890514835,-1.2224011459634045,-1.1169744934842982,-0.47334566099394937,1.1908709832173543,2.0298201122674997,1.5832042559208237,4.192808500603953,4.167426690721509,1.4425505511795815,2.836929148845376,1.2080096339141637,4.624879270566589,8.882993414311223,4.224635734888742,3.3712069474937487,4.530853430219383,0.11554057480445257,1.6438657461167419,3.946644415262017,3.4964356331084883,3.293010753289974,8.450708714586954,2.42320100554712,2.468416799519658,10.172696803701267,3.648223502687345,4.542872495786679,7.5058750180926195
0.8998145418993957,-0.1690841186545817,-0.5976236662570946,-0.6500717354474147,-2.7591416729890583,-1.7061914179114475,-0.42933127323184894,0.7856664165120183,0.8366681594277321,2.4899942154579726,2.4454715951723593,1.7706710900490839,3.3522067575873447,4.071201083522717,4.685376943280937,2.1471531839398748,2.6089912870279375,10.18930433875292,3.6254118975609395,10.992522138991786,11.29147676445717,9.747783082575976,4.9489831681626075,3.525238841234807,7.986588266212683,6.678225145604429,6.465890756681715,2.1790734843432173,2.8195345751043153,6.051541506579928,5.305777152231726,5.552409476863535,8.430069880170175,8.454772162962156
-0.13638370959449972,-0.7288827719448637,-0.862315378673921,-4.0986430637697575,-2.9941342352150655,-0.5462504022142921,0.47116328079046516,0.9500092155757853,0.9027294072195213,0.016800161796792768,3.0436523243690035,1.112528777492138,6.465420801097778,3.633968109764151,1.046622566067109,6.440078154539182,6.797361186425494,1.8504107540342793,3.0063276838395234,2.9987396367816044,8.929427590261884,5.476913485980235,10.371473716350824,6.8249026114296285,3.7220850326575423,5.857076183209273,9.145015627257246,5.9829047868425596,6.495502297381368,4.074957853547786,5.819153097615657,8.90209967625741,9.659527640540535,9.342752903562486
0.329370170593393,-0.603943176543274,-0.6648124886021559,-2.0800016316937193,-2.541727413568854,-0.8660018016715805,-0.5836757672553686,-0.26686192406466647,0.34627020402902525,4.358111186115896,4.988619146532305,3.84959048672142,4.230360079002129,9.960557247735702,7.8577548180237375,1.0862149345560634,5.251056086334403,1.2452769892167268,1.5494072200420554,4.683082296534761,7.702451035394475,1.595424301720531,13.15269524994524,5.3893472764343695,3.89603086781612,3.751918034435182,4.450998917297291,7.5672159635874126,2.89867937523405,3.130380096002825,8.600871681594757,10.039629056854519,9.313097392814585,10.150729505021989
-0.27290763375380805,-0.27088290974573287,0.06434461704896699,-0.7026719635188716,-0.23441142622521952,-3.1167788015303532,-2.833465745022712,1.925890040222153,2.363127369155101,5.360289519687128,8.93892179868398,9.864592751876684,4.765443790973751,8.234425145498072,10.84337343456405,4.663480934451951,0.9530531708119301,9.703600516434065,2.6197334538942734,4.085175016340978,7.5882446724918,6.895113746090001,2.5862681315045646,12.833295536855044,3.703480297714866,1.7066261198375867,4.080731883387517,6.966085175316998,7.375466933055599,2.583700228374693,8.452017308848598,10.11907361258354,10.929862633645406,10.73847259810001
-0.15337985314023345,0.32968953467593,-0.07197866244893102,-0.3126851924586939,-2.504025492496659,-1.3528534029833503,2.0104940346052955,2.0040666044932203,3.3062626552644936,5.714994440657969,8.115596875413985,7.533275404149515,5.498353252082212,6.199387403840649,1.7693238605250874,9.717721387416445,1.643333707858351,9.684875302862885,3.579292785393424,1.9667311576079451,2.7939137112552226,7.47051481600338,8.175461194549937,4.7241179375614,7.624589369966601,3.6016091729602993,2.309271679525919,5.334686336001891,4.284215859604592,5.351899558079814,7.804478878931351,10.658103208084095,10.738041151358365,11.421395309441907
0.7025893098775966,0.4163001350030892,-0.34715599797483343,-0.7293174932364603,-3.699742355636227,-2.375500849252867,-0.16816314792038622,1.190136527435446,-0.9277264579994313,5.341988586559376,6.319929979869464,10.471446010619548,2.525917230429645,-2.4740250861971305,0.5472529394678999,3.1873980379112417,4.5392746922364955,1.4774362391484606,2.69840265156976,4.546157532982481,-1.927918305796756,6.1676200385957225,10.195272083043404,9.069478822655023,4.160817263690774,8.361402316457333,6.910224927672523,7.43884761827686,5.210779070381042,4.905187934453566,7.511047671689379,10.030907577483529,11.025714423639212,11.273623852592504
0.3295427854296526,0.5298265318358129,-0.15698146728035298,-1.0325003779031399,-0.5049045481040995,-0.8310151669722621,-0.8298005868710026,2.3453037199471685,1.1835453509448746,4.879945381561561,-0.9064324122797526,12.257474655915795,14.526276735918353,5.792556430783123,5.2749638649279795,2.9788320611980623,-0.5642649156718791,1.1017397168123317,2.674988806628826,-1.0991931479995014,5.231437999835361,0.20237073842768402,3.0127568758361702,8.370751342289626,4.325580968176217,5.468709942702783,5.036194846416386,6.47936857146389,3.86169927027407,5.586790620469077,8.075532567226901,9.620671470014095,10.74893027755393,11.390958054976934
1.0061837977197514,0.7735228569805591,-0.5190083638710317,-0.8244191571126714,0.5010687930558118,1.3959792535897022,4.993866106485079,-1.1372000973973422,4.457027689515321,7.532243509328754,9.654286417473083,14.240045789980508,-1.362901743914309,5.822450576984166,-2.619239753814469,3.1534984267475874,6.874400743701553,-1.7810834317270563,2.0968812041120635,1.497243851871121,11.039142241833169,4.515198353622059,-1.5220276814647482,4.189763089612341,5.7959746350306816,5.129411921778962,9.675606191777298,4.749666957505805,4.683125165906635,5.543019366273004,7.6097854029348975,8.92975895883866,9.716187542295117,10.951429153879419
0.29330358507839177,0.2621247633248866,-0.04011955673943676,0.5647456039619245,0.9445285617042911,2.7126091988533974,8.801254080827823,6.95981073880707,0.452703912712772,10.153271819476364,12.050704701011401,18.547894121271593,2.322670226620499,-3.6296178940363406,-0.32770756964362907,-4.676467758267479,-0.35269674815180346,-1.793398062943959,0.543111002131185,1.9522040831610048,4.2009677743324305,4.695398947479803,2.3003444613141655,1.7197542168336823,3.4178564650811953,4.006779304771189,7.434696205099818,6.666379529431562,4.802080863183165,6.234441258476118,6.960182459422195,8.235143001921617,9.022272249711612,9.852316201275803
0.6098844070019576,0.4426962252116946,0.49819332582502535,1.7512202128321588,3.6463507977804,5.585683492713476,7.229303551316651,4.515318007794134,10.954840948055981,15.015025058201529,8.893073967432784,9.210345666165914,0.1544749772667629,4.300803393104459,1.804868368999022,3.6337255121911998,-2.129864837301467,1.30637380622327,1.330677780884089,2.0431751526616795,0.562675009347887,2.409410701527139,3.716679198936909,6.235401198666306,1.220413981727138,2.0045015973500773,4.248714612264153,3.925462691106243,4.565437394685292,5.949139515416859,6.675899298102414,7.103896874173849,7.898017964637991,8.438490787993917
1.1990097926928236,1.6590554899150785,1.2421662552300274,3.2620975618637718,6.756472862828165,3.413979306744308,8.889230109180799,8.919545243102045,4.879487087550349,16.001979524596557,10.19409191189359,1.573356822108628,9.179358303000884,1.9080175849518042,-0.9921626265406318,0.6302805587385814,-0.09648558316123804,0.7685242888537533,-0.8247489717530632,1.1435419552437087,-0.30384065705426594,3.158583121945158,4.366658158323722,3.3053761776024095,3.309321525021925,3.609720837136459,4.130711224001407,3.178725239956271,4.047590844760516,4.8194020713519,5.871504254557904,6.03556899074196,6.489965061246787,7.224180459987695
1.4123086233977278,1.990003213379294,2.5642160242166963,2.6107845607975597,3.3383620322379413,7.421118260700331,3.69488279596703,11.539300436936184,11.940607440463852,11.256432243041473,15.217837237198813,19.72294611136954,-1.937180731920699,13.186792427905498,0.46164996077175113,3.940121428148503,-0.5159893717134895,0.15885761657494407,-1.2123630932044314,0.7982406942398099,-0.694330244017252,-0.02366243423345358,3.8579692445701816,4.791550283596903,3.002425832717212,3.143030493910762,2.1170938473682828,3.041953407099836,3.284233037577192,3.6964547702723034,5.949323779374393,5.925158630323401,5.519185478906155,6.428591259053764
1.960269376559449,2.1754127264430245,1.9507280289482944,1.3064534742665124,3.559586889580115,5.639393115006652,4.169077080358796,6.03274399795179,9.434304087345005,11.338983136382918,7.94547680829366,14.524178856007874,8.5067738891553,1.0788295809927875,1.2272382410196077,0.4150061970727736,1.5818953215152036,0.08878310956773375,-0.7429343100096939,-0.6818299923638323,0.37811011871203676,0.7449368534867887,2.741628272991045,4.006161807658045,4.769113591108607,5.532159002260677,3.5513038227905063,2.398161633171975,2.890497701520296,3.5027365071233802,4.66237441282158,5.135753121279786,5.745062303730111,6.579370309271048
2.213591473071854,2.2793541670350477,1.1272426291866884,1.7025734936446426,6.640670774051801,6.4223960997920875,5.6706536852486185,2.1045057938385243,11.055025748490566,0.17666871557764377,8.223256716045066,15.171339403343502,-2.0950865384608153,6.27192251940165,-3.7596848911081007,-0.23334048435251892,0.9898491739426828,0.8727479167910339,1.39573708287371,-3.660459072460529,1.2571621350955124,-1.1499999766181623,2.7958987399811153,3.0306392642176316,2.7295188637737335,4.215892045447038,2.9150727852939187,2.8193335187235298,2.366330472159597,3.499292816172859,3.810342507059171,5.273411452874519,6.167054027636603,7.949851584725931
4.1251588258599465,2.7997470162365743,2.7079710446685166,5.738611807750669,7.503654181371265,4.845630790802662,3.292776978231591,8.816184035757718,14.023857744957297,9.985666401559584,-0.5860875376189052,5.688818164519038,9.411289999832594,5.08267211580288,3.9519810537495452,-0.5814838379210098,1.1039217689968337,2.219112637374358,0.5507987539923986,1.0281956167260549,0.09885233174193313,0.6912753264492387,1.2651556318386918,1.998108283052241,3.021127398038472,3.0377284318209075,3.428282919628948,2.8083167641789877,2.210762512245568,2.1689374694631773,3.4613522042279334,4.597844897732208,6.600097812261505,10.606190268128426
4.601400123744031,4.501638457413679,6.03431313523251,6.7470612514704245,6.379325802423453,4.9669228976969775,4.40942628016814,7.2842862528521,9.84863787437717,-0.8456641788978717,1.5937128653290602,-0.018531279026495727,5.407459138411735,-0.05475752793259441,3.80338944839808,1.0743898008153392,0.7677697508735244,2.185793805083014,1.6232162933680379,1.0142772587753532,2.07058926697221,2.592613090408059,1.0957361225488218,1.9340184148962134,3.3851396449856277,3.236328541764014,3.174078898617447,3.20258489016004,2.5186849523297594,2.254704591325974,3.736247607698614,5.309259173092697,9.621669109609417,10.819784676410903
4.766497303108401,5.285455384503488,6.200226614561998,8.019901132655233,6.738990480354224,6.274607851629822,1.7352654551545128,9.05169063937406,9.777539750908717,4.3744845590021795,7.917747349806503,-0.890121960148645,6.9151619379673965,5.311915798425036,5.437792837326539,3.4964264120012696,-1.0996216079757426,1.6557034836131392,3.3331061618301328,1.1884715723552182,2.538263437573239,3.2569266431134056,1.2971418225984892,2.4871137301858535,3.6268245375758883,3.1155965079653662,3.038343063035013,2.8728473264542496,2.8455317028358786,2.359044715327645,5.468321431189538,9.735716379571883,10.195464306357863,10.585137252439516
