script/wind10m.json
{"header": {"parameterCategory": 2, "parameterNumber": 3, "lo1": 6.000027932988019, "la1": 58.9999434238085, "dx": 0.5, "dy": 0.25, "nx": 22, "ny": 24, "refTime": "2024-05-23T21:00:00.000Z"}, "data":
[rows 0 to 23 of 24, columns 0 to 21 of 22]
0.9003783314308896,6.597760892765769,1.3600728828271595,-0.13272650282406243,-1.113738758906271,-1.2953338911741443,-1.399526865190968,0.1107017410710951,-0.7787419825031785,-2.747583466305476,-2.1458644407779386,-0.37433686404067434,0.6721974359335059,0.774894563814258,0.9112518489656638,0.06584818385855938,0.10904424301972315,-0.46715708851118626,0.4320964490809454,-0.1487436113312846,0.17394776819323188,-0.18956682031800384
2.7863589553322337,0.20214470428008768,0.5004275905928943,-0.6620995833573659,-0.9804277554039456,-1.6302493642897036,-1.500355878447196,2.0311011812213553,0.41265521540112654,-1.9354794164813665,-3.0013002497676635,-0.39511962003335627,-0.5020619932896808,0.4610260748483946,0.7874291898602086,2.007047446106788,0.305643134364806,0.5140935923865735,0.4168258359328794,0.057732137303331564,0.48741481818150434,-0.159120168223139
1.7117386384878621,1.335681134366523,-0.14941723527531636,-1.7670293123326748,-0.7764578530543798,-1.2752053856066923,-4.1351606459103305,2.613428265767502,1.0060076824991475,0.36172442222684814,-2.844622290688916,-0.8805523509055987,-1.3002203655325066,-2.8437348161599463,0.41051740606099074,0.3161919741023496,0.47967249278965507,0.21261608149387368,-0.48945655277707234,-0.4229124836066324,0.13309737268726377,1.9920235094590615
2.5471190758807443,0.7147238291952968,0.8485836399540605,-0.8523346189486473,-0.22882247010578913,-3.8747383968207236,2.082266285722481,3.8654584340448803,2.0638306781561364,-1.0489764488028597,0.008051853695506922,-0.42755680992966727,-1.2445260652098393,-1.6163864858537922,0.732298224504999,0.7497095867829775,0.7090776171232278,-0.4602986919176115,1.2616006287144914,1.0535240153056518,1.3176604524824593,1.7831657541512316
2.844891671520169,2.7610119679276925,1.6171798474097856,2.1855606664319325,5.632167011113694,3.425720764415716,2.7668705590023364,2.795195612160088,3.893370606757177,1.0840353052942018,2.6065483749391767,0.04793155732750114,-0.853765668868339,-1.448226846490828,0.3884077186587304,0.3588705393317076,0.7961978415366915,1.5317098043926525,1.5139505555695327,1.7714843404897649,2.2834795791585023,1.9803034533903248
1.526165094421972,2.142017366496054,1.8134880735229952,0.8370757401273581,2.15091160246015,2.5674289056176054,1.8382797670985316,2.1784963595690923,1.0036197098131039,0.9199984643762308,1.5552330659273794,-0.12235325706274555,-0.488079851226061,-1.562013712027431,0.01579041938457516,0.18058548321178533,0.6442204790387539,1.0013317563866482,1.470137653543365,1.832119247880212,2.0039501213475295,1.1148185948294753
2.580523323869822,2.8034009853379467,2.702625855855196,1.8363301350022567,2.5231349336979894,1.339205275434451,0.5386567766658262,0.42076099961950514,-0.6229558519052537,2.929640597304698,1.7378074077019354,2.766416552810537,0.6693199251447726,-0.6522882775601869,0.7426964752644132,0.16351699447091486,0.4050433467394375,0.9088210731911185,1.3615533432139122,0.8685439053277793,0.16392970734005924,0.3051644315977457
4.0300618807080815,2.535448076475948,2.3887808785688738,2.841112893770673,2.679774056966552,2.7011868782717596,2.5356986126594476,0.8413325996963316,-0.49783962225545697,-0.7404809314466285,0.9703469740995363,1.8360711416833186,2.3404350254376163,0.9115593590694548,0.7612159039958346,0.9893569725287672,0.8029826575576448,0.6229583707494765,0.292941760723277,-0.19878092100177408,-0.6431590836122685,-3.033252433016627
3.870228551628277,3.876786858363898,3.2706932715496237,3.8639212344551734,2.7232151243927607,0.6446697804412922,0.1805263370453529,1.551670015557741,-0.005026514702933595,-3.034617601861919,3.458746023305711,1.3128552423332702,1.6708422174082174,0.364925991172762,0.7109861241756642,0.7105564058826592,1.2786957862206438,0.7079495475009612,0.8057295237501734,0.49093374932017675,0.286663432136645,-0.39471098967790685
4.267172766819934,4.427201323931859,3.167986004947684,2.598085090775351,1.8202818336990543,0.9645701957861188,0.3557982564642709,0.6949135521209774,0.042263635553359165,0.8093056377757369,-1.2310123785172125,2.8058941118167433,0.5936278240722032,4.005856949436014,0.8791398382991382,0.4543260811672315,0.8211385551786953,1.13829038114456,1.0012297530604255,0.8147957529524447,0.36400492407603313,1.7542879853343032
3.8814753013956693,3.5581643550025466,3.5140476711459807,2.8346452330980627,1.4668067417907866,2.1358439430942098,1.6894071606910948,0.03903084403689206,0.5757769382653388,0.5819881663828566,0.6383607431693128,-0.6483747677815671,0.45640652987897323,0.6402807612745668,1.8231297251483465,1.0928437409160658,0.8688709769485807,0.6668724396385648,0.3846203247883603,0.2877121012375392,0.7565057188496713,1.375431825850475
4.776636356365134,3.4694017025526183,3.599295391062991,3.1288853390615357,2.8694193910845276,0.9435338460150708,1.7992096430788258,1.2496918116652387,0.2080556994030592,-0.07530537093493471,-1.0100623774198474,0.35639349425025807,-0.11211210150397195,1.306422967268643,1.318729941619689,1.0101772713848827,0.41094800996530245,1.4825872720886757,0.1156380545023573,0.07946590327233932,1.3517025584556588,2.1344755233709303
4.6264023067167015,4.1708456060975285,3.7007631041929376,2.82482614995974,2.9701060674917814,1.417024454012743,1.004729314208598,1.2016968572072098,1.1807581926906574,0.27136101554341246,-0.5949012156059406,-0.8614959164244552,0.1386332708823587,0.08871693935499848,1.1882021518120545,0.3627285743252782,0.2556522604290354,-0.11132425089927912,0.6561328714836691,0.16438108933341983,2.155881346622278,4.530597823507272
4.275941579227281,3.2045226953549557,3.0834335732382776,2.4191955148314186,2.3972688458060643,1.3595907206128324,1.2016842011604325,0.45506464213597186,1.1597482614280599,1.5101786277247324,1.1234252530247966,0.7543485052098549,0.5953745115786413,-0.10747730475167223,0.49913688098996956,1.1690562532811744,-0.3528953018190478,3.095600247936564,2.407583424414614,3.7043099099204286,5.214253902730166,5.0227394336414815
4.156460674847909,3.207264803203131,2.815512962615312,1.7320537939564102,1.0581851651917527,0.7425648798205358,0.024738604605381347,0.8410266716784799,0.4766350574337162,1.6380573741156013,1.486959996623762,1.1906088441406044,0.10729888478837474,0.007439492456014191,-0.46054077078921096,-0.28197259840840877,1.497946762733664,3.7445863243989006,4.135873640187114,3.948526417343074,5.409702333383365,5.814133487221901
4.21981514924221,3.604262009750698,3.181435753565642,2.2756147185782463,2.716550002370743,0.8931711039084977,1.190832848740008,0.22038975873180516,0.26971471032347794,1.291555267657255,2.266985555698242,0.9157584387179034,0.05277462887587115,1.2795225174958291,0.8064830362122776,1.1552311460776925,1.7831138539769866,3.043955598994752,2.400314556069929,5.10277844362133,5.261598209678306,4.963448688425957
4.136959055442551,3.81301042938629,2.6288564898906825,2.594576858023795,2.5487265496058913,2.872993596412592,1.298574175736621,1.1089506338855872,1.2372669502931593,0.16372989016508208,0.9319911179458775,1.6946398953355364,0.6031890385955666,1.090314468935842,2.1650282811347616,2.534173935533996,3.244609471469637,2.7380097773874654,1.0787740460896753,5.077758880430212,5.051808248157794,4.310397836446875
4.160678814547087,4.091313254132721,2.6890780079897882,2.4344862570328534,1.8045356311256513,1.0043954172698806,0.8670201636658531,1.2207766570641894,1.12423990208666,1.8112375987253824,1.0474320708353422,0.8193868321073308,0.9252323123583742,2.664981014729558,2.701549882763758,2.703756911018836,2.7940581334293855,3.0683594146143913,3.8873916497710197,4.349505933791761,3.6926728578707286,3.7976475669251664
4.799998562929708,4.030372037559376,2.980655689753775,1.793528051011496,1.06183250259796,0.22564601337589332,-0.0627540208001528,-0.04885941980023247,0.927814570101733,1.2147861406067595,1.8529773244676602,2.662767863543845,2.6411183211122076,2.5993873790341366,2.334112533225288,0.9191655552045347,1.7090949282934935,2.608467342984514,3.5388665594071558,3.576069055321196,3.4465717299755645,1.375407385029548
3.928193998080254,2.236670982514933,2.1471102115950105,2.1295395034214524,0.8471093456578502,-0.36646995836015306,0.44390387823184774,-1.1884889082779946,1.382894190204156,-0.18838164428076126,0.9139729446035804,1.6315596682839715,1.4849156189392785,0.7159479930228603,0.691761034668601,1.067330801286177,2.267909675086042,3.268235301794207,2.2328732059534415,2.2047584255141017,0.4669811845981776,1.5987149444746156
3.3732578586796147,1.6585965426124325,2.5406123735722823,1.106181369899239,0.7963584142480402,-1.111736652482646,-0.324360760982503,0.14904254828969768,0.6696582937478729,0.04458923967881421,1.118611967293579,0.6223530868112497,-0.6366783855274217,0.5795310196126313,0.3611193020441729,0.9994816509656078,-1.099849956528923,1.0948975177460625,0.7636753150203439,0.787304174323116,0.5599398333913859,0.9390976411501728
1.6061765824628491,1.0612897093078941,0.20356610410079215,-0.02749060874666169,-1.7993384079996366,-1.7306272166372456,-0.4931940060000237,-0.6742042733014625,0.18219988152672761,0.5027033237448435,0.4866322252944832,-0.7307981551746384,0.5754467427146843,-0.5157514802880314,0.3036991273473363,-1.0619356481351305,0.001849155559783382,1.6009522519996953,0.30488309078451165,0.09114047048973453,1.0668695768472323,0.6248648612156099
4.037400495008086,2.8395404033122356,-0.25813839390267024,-0.9179167863120807,-1.5924499441717705,-0.8332015589133597,-0.15609312244703075,-0.5917879062628307,-1.598526269641137,0.2858127868994478,-0.6558073752164189,-0.8986460299416306,-1.5176798886932712,-0.6640282498971116,-1.0063007810848137,-0.11799605742824902,0.9491051586268567,1.5378999386042802,-0.40895781409192994,0.19557317693393178,0.3279262838035196,0.08687894235814793
1.3891489500959815,0.5726397898054748,-0.6652447929337606,0.22512107891856442,-0.7404903020406998,0.06391121614850105,0.8105196157731754,0.013397066890505188,0.7751550802002141,0.6285148191381108,-0.3732138220650336,-1.2753604443896793,-1.8746709597946083,-0.8641407854928286,-1.118307518644911,-0.5513879604523515,0.5720866203552812,0.21323043094364555,-0.8394209268842069,-0.3069145721697712,0.03306392924575991,0.8085559127586951
