script/wind10m.json
{"header": {"parameterCategory": 2, "parameterNumber": 2, "lo1": 3.000054539987559, "la1": 64.9999836372058, "dx": 0.5, "dy": 0.25, "nx": 34, "ny": 52, "refTime": "2025-04-14T11:00:00.000Z"}, "data":
[rows 0 to 23 of 52, columns 0 to 33 of 34]
2.3914933777399465,5.0830421404380575,5.106116187643524,4.987285797291851,7.186213867030466,9.56170621682882,7.8636142123763655,8.054571776021895,9.133027509749956,9.763024829920678,9.909483443220918,10.330716139777067,10.836199034991735,11.433135972645669,11.362523178485162,10.284417246479059,10.020656062975476,9.797879246737914,4.8445564743035385,6.72456062105263,8.126054654569195,5.2415715271997145,6.543654555500105,9.86598164927666,10.104534071400908,4.397633669259472,4.163433816847978,4.8437294022185045,5.028585070896863,4.043673632485695,3.168169513377281,1.7832346117833937,2.0437134346692862,2.1239635995577664
3.5643758049846395,3.3861362622287285,3.8669394902673973,4.036952842696602,5.844571359570254,10.362656217502902,7.266051990961832,8.199307055851023,8.419064660559787,8.638958128438203,9.570269353267976,9.827485055385564,10.048144388083122,10.64857820147647,10.60591218983199,9.848434168676,8.849205883136507,8.194553085948106,7.3440198929917475,13.056602023159778,5.59629775779894,5.57129289812217,4.3361642270490695,10.36063409405072,4.553579795449435,5.224101269998969,4.634865407965892,6.128737140237334,4.974621008944753,4.502007421190111,3.5888179774491156,3.5937542139487526,1.6332670848508495,2.379986614951496
2.9697425670870143,1.9290077638236318,3.7675783158040024,4.011246639591352,5.477002779452504,7.8171641629410065,6.828345646055796,7.170805764639641,7.998577512480473,7.687158131009828,9.062552222454475,8.915983503615086,8.872909924800208,9.614235594747983,9.682918435177566,9.078349551439386,6.4625088609816395,4.058150942027899,5.390616174736252,5.600835335909824,9.422942849305807,6.393769338810513,5.382004394475519,6.218768845111724,5.402017944263269,3.8187892620213844,4.145040475003884,3.625927781893561,4.089014289834368,4.215088347405989,4.590186048587367,3.6356144394077314,2.9787636482800917,1.8208361470974572
4.050910549911576,4.602008150099573,5.3988708308653575,5.179395775420387,5.791371666426055,6.493263073732788,5.938025455731487,7.125316160280712,6.554097778884356,8.759439265212695,7.89677872389332,8.518068593855338,8.68668717374316,7.661131425632976,8.221070538259903,7.441311706304939,4.701120687542226,4.683627003466115,7.777984103297609,4.375107452654937,7.493427226439887,10.980595795495692,7.969615858124522,5.286476244034668,4.320745840869184,3.607993676397136,3.906787039678619,4.098461778566342,4.05345324635144,4.277076464436944,3.7622941377483823,3.3065832502335892,3.331377626369521,1.930135947893741
4.956266678027809,4.518522089050734,4.890553199322635,5.739074058783091,6.18510183214649,6.649860718937636,6.446567072915444,7.317578604742047,6.27530396573531,6.670818179845177,6.86213703935782,7.848186497933656,7.129055740324466,7.660532334075338,5.088853379507062,5.173146024849111,5.250786058734403,3.2449121875171056,6.589693653347939,8.862205651998007,7.373864396889722,11.487469124732359,3.6913829580740423,5.944204027110965,3.3572395227124696,3.9097782539659613,3.4822368200113445,3.6983509627567135,3.9393470942987485,3.9930335315435466,3.7738307030332923,3.434960102036243,3.0851564288807936,2.4737651141783994
3.8090920249638245,4.436660749654512,4.542913749732129,5.081619157410261,5.959482604803377,6.52633573924285,6.656893248136301,5.41264333219148,5.231645101021066,5.218405970615555,6.153204028567703,7.04266719793785,8.033385616622711,7.659826554936018,4.58644217220255,3.8581662052030943,2.5598288304617145,4.919907165090081,6.565553180522405,5.2584254070646645,3.182067538367415,5.849989910529148,4.905930348560189,3.6911397654480953,3.910745720221874,4.059638559710372,3.8479418317015592,4.117687937928977,3.3032586128534716,3.9485143509837326,3.6002195707422504,2.6473080046527473,2.1611562825064654,1.7061820178168057
2.597989205242842,3.803870253917504,4.146553994569786,4.8384267919658885,5.91900536527628,6.103104708512352,6.226146012361209,5.269836171279487,5.747139334911928,5.860574936899557,5.810737777090047,5.492647592545832,6.552268162332575,4.521044931835997,4.198264102750273,4.231307404347421,2.023452323516444,5.049395499065144,7.360674956943819,6.407835166889771,4.373448779944322,4.058219470619012,4.0046483080892195,3.985171977251487,3.455565454420346,3.544426376938346,3.4679978109343206,3.495178836361372,3.707444122068352,3.399897084864957,3.3209119524863886,3.3409122551764816,3.210941346089564,-0.883835458182883
2.0905483717952396,2.809398184040418,3.5776021877234743,3.9209133472304685,4.885553514712177,4.552835532275753,5.0661167444549795,4.5570938717724045,5.27001969475617,4.702878668659248,5.497314701873725,2.096662487767682,2.309873602674133,5.698146052795009,2.931515041686158,2.965020383207399,4.302971530580061,4.52870362481459,6.4767418420024665,3.2513704016526783,4.997783421958086,3.5535910154755928,4.109918856638146,4.54052173570834,3.0880575632817067,3.1820255360778202,3.5422470353261915,3.8061843551718377,3.4462446472912145,3.015152100720461,3.4948092837790727,2.368475121640739,2.0323445228599333,5.183095328660901
1.2442840447303878,2.0615304136685038,2.793341916098672,2.972818977464793,3.009484129213751,4.237803332568955,4.6190533213998215,4.541152626899357,3.6437056868292714,2.637421539920761,2.0413237593810285,1.3498154815251369,3.6265079866332326,4.020928664081854,4.348811942236596,2.2904418599630527,4.421636209654898,5.30276502980173,2.75401714769644,6.130058757745487,9.02244749571508,5.273327992597291,2.454687778162308,3.1053855249006803,3.396173046292364,3.1638010129563394,3.4518145290595177,3.308977424777429,3.2945250132256843,3.214277181192679,2.9689996423747,3.0620073120305094,4.699940016484338,5.589471092527584
-0.4265012030652235,0.5522807199226024,1.7994709619989597,2.089529099026315,2.5976941689097144,4.621517027400032,4.6287656022647585,3.803176289911659,1.6746496444731742,1.999496868106438,2.296030622568307,1.0489087693417687,3.9136613607602464,3.482729191580574,2.884233384633355,4.993215561628749,3.4175853024338716,4.9210445268154945,4.127826234753485,5.400482421262182,6.75266795919619,3.4070389762843027,4.114144619027469,1.9038316269786646,2.183739950944601,3.196886022377399,3.3392300492029525,3.2845338089908322,3.1837640121032273,2.6950592776863127,2.864044468879319,4.018721025845596,4.903501556758023,5.75479190100097
-1.3543686453465194,-0.5836656363341356,1.022005337570324,1.6125615719048836,2.8274281962931918,4.708129935097791,4.109421235047835,1.2694919645353069,2.4276276317857817,-1.2012932591392993,3.8541958509711045,1.1102882428569352,2.6233061900537,4.481978515306165,3.1699609521027483,3.945389321220526,1.7904744302309483,1.5486846484451255,4.976422539194559,2.2917529084464907,4.095580195003317,2.9511546304055436,4.882885374547094,2.1353817686213663,1.7506134546769987,1.8716615122590536,2.9573372876357276,2.9586888781071803,2.932389114058413,4.281350762766942,3.482989394119272,4.699296886911641,5.949867127925067,5.764286856486456
-1.8316104567214568,-1.387087286104491,0.10983054185678004,1.0393627935608147,3.7621933160442023,2.6904678080329023,1.0969091774336712,-1.0615752151216131,-1.6634491189133696,2.9060868467652465,2.1230959431150698,3.475047881633831,3.1792141360785484,4.50444724744274,4.2256243483078375,2.0953352540453496,2.1788469634216,4.351961927177005,1.9417742813373928,3.0519559473016034,3.430918872800155,2.7825643148567716,1.8062933452896737,2.360572509637376,1.4383570724831662,1.759899888652405,1.7383923057338302,2.3302404028935793,2.9457801074432917,2.980942952066384,3.3573535449070806,5.226840046404336,5.565985338378106,5.723105693557399
-2.3502973721250893,-1.8282248575960622,-0.954821424105247,0.26670917634485297,1.9086087998245265,0.3763133790446627,-0.7128053592698288,0.9706148724252895,0.26229471328791315,2.584261617366374,4.664409737060062,3.8921321967548064,4.347299379922655,5.308568640515033,2.863531134324831,4.688984734050822,4.357995580213772,1.54905884968384,2.378801995907389,1.4237478134776347,1.8131524668573171,1.9993061806556185,2.3888760815420893,2.330764412614435,2.2289322235027695,2.225112919041903,1.047332882069328,1.9718586928322697,2.7487506947573754,4.13501181443969,4.04834836381055,5.95826501831914,6.52817166813051,6.309741426619277
-2.4856619843104166,-2.649865446234643,-1.9050192537613908,-0.4263008486179766,3.0058561765646434,0.5865302927998717,4.5375217423355725,0.9887987968016579,1.2899304427388925,4.264332870596543,5.144709352550286,7.027508420612482,2.343729408742911,1.015406052148529,3.91547911264868,1.9849242695273364,1.9099832895431763,1.5233772510903212,1.7181010989479888,0.7825723293280248,1.5365975424008542,2.761379513511038,2.1909473816415366,2.211860543460441,2.1101757453994656,2.4143949723098603,2.665843971375703,2.5411752417632387,2.9594805748352995,3.42173433275276,4.50877040986391,5.692684194920553,6.858532880313639,6.845984732758196
-2.24562442204389,-2.7304975877045745,-2.537169661612019,-1.1089034103412672,1.82466561077386,0.15756225111748287,0.6029438914047053,1.0707326865591382,1.8240263942379566,2.102130034648022,1.2483668774356227,5.472355599176447,5.650651184163921,2.675226967477837,1.1062339776013912,2.9025653061623444,-0.7833152040095259,0.9793309338563699,1.3728549719921064,0.46277632006320013,0.2991789920090005,1.7109619361442028,2.1190586136106675,2.393937797501271,2.3025261727330113,2.4461661207428396,2.038471359754302,3.4531501065227,2.8899202921864307,4.263219794184057,4.945354534888118,6.36832039484174,7.053767931515795,6.254432838221827
-2.278942613986441,-2.5556379894921277,-2.9357412013611364,-1.6702869596264753,0.46405780798696683,0.503048356270498,0.22314974290207362,-1.3670621951203483,1.3705165339278416,1.8317646849226026,4.347677556880025,7.153470475461017,3.598650132259173,5.12926930078767,2.65779551550614,2.1665262199305,0.8992311220226789,1.431950012001093,1.229780420833339,0.09520817731974851,0.9963466498311628,2.3847651193823434,1.429468471641229,2.126755373566847,2.5304026065148078,2.7875115145416145,3.2074015130295725,3.605120504463933,3.384387893167517,3.8763844643344765,5.093947929512747,5.585654413360976,6.596121959892778,6.758272872254913
-2.3920496275677223,-2.6107275984323635,-2.9600482790425517,-2.001250593009633,0.646377956607634,1.0977376151616731,1.5465475969546851,1.8474335486191873,1.0880137061900181,2.4412896750716127,4.9604108755907435,5.0856368907172795,1.2785217830203872,1.4720680255306051,1.5858237110174542,1.41040082831338,1.5605148985310688,1.2462822600667458,1.585119560864469,0.7152789372326257,1.502760444927176,3.601558776177089,1.1185097751772142,2.7810627187017816,1.8516676321967291,2.517230599885607,3.190731362079064,3.5028772667389543,3.3547197054508575,5.242314390946307,5.2851384679983235,6.839164483143516,5.900784883418012,4.846859151424915
-2.6576696383530307,-2.4405886797115595,-2.6696832396068655,-1.9390768678114827,0.5525197959483096,0.0948200754006721,1.1272940799585411,1.303425006423999,4.254422935565862,7.618798361862129,3.6343296018640214,3.7465121693767696,1.6724881575643773,2.4182042114898508,1.8580945245090743,2.1350652677965467,-1.5913066155853173,1.3179496432255886,1.9411867935597558,2.0319267734767132,2.0618147355384204,1.7698860201219406,2.4411241826680588,2.5094185483271203,2.371282636518719,2.2115138197322697,2.692328349793973,2.7381161754903456,3.044945986598039,6.044634920844791,6.522264274054968,6.384354688343634,2.023213182228753,1.9472807796208014
-2.808449598228383,-2.6283853751199175,-2.3698332015062458,-1.696639369686452,0.6872645318467449,0.6886292796216053,-0.20851856148251566,1.6332373172684147,2.122175672715939,5.50891517175089,4.605417919203672,2.681398112867778,2.065351456452343,1.5673456783227178,0.07734218464676404,0.8135015644295419,1.2347204304086348,1.3733591358977988,2.8977778414293636,2.087142487035387,1.338683119560662,2.0662438312489764,1.9878389178890028,2.787600515540576,2.592799429440287,3.436075635137074,2.9675923603952743,3.3328443073317544,2.938397798135172,3.173949101511698,4.758574270578249,7.448453372965175,2.167513240633622,1.465701014076363
-2.5469647014586307,-2.8229478492887665,-2.687421554795752,-1.3953626546947562,0.510528077371468,-0.22479299251318297,-1.5885846962636205,5.245258520457461,4.3384276971299505,3.8933143016948137,4.817936282025161,5.5408882094699194,2.2492563041945717,3.0340494607765347,1.3176704862755941,2.285447684843105,2.1141927724864917,0.655744563594308,1.9783387632260012,1.8321318980940502,0.6651304563709852,1.5193016237132602,2.064361476011143,2.8365823360906086,3.194636361025139,2.9016358496806745,4.099182028308403,3.0941386940279885,3.1003001450005696,2.966746516025369,3.359374531673785,3.734474932644591,6.341779644325998,2.366627970992219
-2.609020246089452,-2.551424159915789,-2.4318701624802235,-1.930623725560642,0.3628160871750366,-0.19286257690314249,1.6749489770337822,0.12603950629388128,3.959390377645918,3.8348145995665686,3.817514147985185,4.526291944208629,2.5070493641773295,1.635651933538583,0.7549854273862319,1.8802332878216443,2.338633321575213,1.7630234149399076,1.6946936810147677,2.2462800970399113,2.236093495525476,2.121230417472682,1.7135989397114815,1.754212141533959,2.9840637678599884,3.3848182106092253,3.016134668154593,3.0698441351006664,2.9671608267899683,4.1073152693810515,4.676059127549008,3.645583979572765,6.8609423260260085,3.735686402917726
-1.9137457307232455,-2.9280199897863914,-2.4773593480076803,-2.209067060050027,-0.22372263426284564,-0.1613061423544983,0.9534629722778712,1.3245899523518847,3.329450370979683,2.7718305979480693,3.7591996309600875,3.6103317033257403,0.0396689270071473,1.8658508049085192,1.8125534225585083,2.032330694891739,1.8923700340712455,1.9644891891938308,2.1552465569082218,2.3292857316054927,2.4545252755838747,1.9962489100083811,1.561060735097733,1.5612109086864232,2.7517729320789215,2.905541122796835,3.144688690595164,4.198756753882425,4.8463153096887135,5.333331251384748,4.243078791008839,4.755632031693342,3.5517256914236035,2.333382732687308
-1.1989643890740578,-2.6197773501208625,-2.620289094554324,-1.8480796196082137,-1.0409479865225604,0.00983899928277164,0.3563932727786729,0.9301077867653464,4.685410327290304,5.338500962687613,1.8542168743333272,2.4022061759152904,1.3270429581997085,1.7023796591351426,1.6328194688771358,-2.0628929141821977,1.6107562525252226,1.918317105919159,2.292756325768305,3.3365935359266468,2.7221662444169534,2.6522780616390462,1.5489257867809831,2.731731326133896,3.9095610126897355,4.040936411162749,4.856777048341057,6.398670730432852,4.071916748092441,4.654630884533019,4.756152188064404,5.008485918665121,5.710130661925139,3.356498266699973
-0.37711967694351617,-1.3872042503255053,-3.1609634878354433,-2.1736123871346837,-0.7876261772327067,1.2820892980881513,0.6335803028942025,-0.9802908086111066,2.607494599482056,0.9385542995813362,1.0829275769170776,0.589813019475241,1.132224969537786,0.46901707328901937,2.0365653694764916,2.44544987325519,2.0947900106570305,2.5841043914218873,2.674446491020295,3.007312082644551,2.8399892980319557,4.58380009067141,4.839904200579885,3.2503571782774463,5.747738775164541,4.074431301795668,6.167324902242211,3.957122928709685,2.970264474374634,3.541841945958639,4.354823809359223,3.1395272412634827,4.080162202961501,5.749195997523517
