script/wind100m.json
{"header": {"parameterCategory": 2, "parameterNumber": 3, "lo1": 6.000198445256149, "la1": 58.999992894266676, "dx": 0.5, "dy": 0.25, "nx": 22, "ny": 24, "refTime": "2024-02-24T11:00:00.000Z"}, "data":
[rows 0 to 23 of 24, columns 0 to 21 of 22]
5.964084439268284,0.6626041320195287,5.898968042264782,8.45721100620011,7.742429468056557,5.288282767442862,9.08264258444241,3.469335813906292,4.295964969678285,3.7250583916699678,1.795160711880168,1.8802935632878792,0.7208980834354645,3.5299529150482236,0.8536954610814539,0.8141092052942199,1.4407945576872192,3.6360265467811193,5.39163134997105,2.686484112297642,6.481564504178598,5.388405762529915
7.0323256647535874,5.372319270685459,-0.8896170379652719,8.08715424340785,5.585722570818916,7.963216241810526,7.896442308320626,5.066347002546919,9.643750341946548,8.840086087815695,4.313809623110969,6.749596037255256,4.859617989720393,4.995429499448435,5.270535237619311,8.495782117665023,4.359382102029144,2.6764512064252397,6.479041906287517,0.7292346141878516,6.8870907754567625,4.957429781916514
1.0743189710141143,2.4057250163214685,10.446684302866203,5.4183411649413955,4.768186408919899,6.991905761595943,4.463315592518354,2.744630044156027,2.8770493851792924,4.0264963204585404,2.7836739009387275,4.684043387046782,4.019391988921074,1.5834140623779351,6.9174327050335735,0.612939251576945,5.291144897478264,2.2431630816803656,0.8929127165261616,2.730285588809057,8.950396770753098,3.044038292918398
4.883233052923798,5.710365212472736,5.8971562473746655,1.2394441325069032,3.204382448778398,8.23793695273985,6.491161441824647,7.5947084326723315,6.4732574903122995,10.046229004223765,7.386447606612638,5.783144476596287,7.988086261223981,6.831794650504051,4.037346832836745,0.9368278060112607,5.331974753949623,2.6558167077198087,5.303946717821576,5.191408514240607,4.199816318241354,6.400859996418092
6.201922001835605,4.0203322947718645,1.4792381417896097,4.045814627289051,4.032668462219834,4.937803119539805,2.586449948288938,3.5579993695078667,4.321390702612605,7.2261511819699376,4.958696496329041,2.4165547594744816,7.817366379386059,6.3492227450006045,3.3149836540715287,10.065203222676235,4.012671439023825,4.836275308016602,5.738166046800427,4.011425543379703,9.372232597174369,5.6206272625751375
8.344920103952953,4.77372464362637,9.793516842044232,8.78672285804817,5.535773553229937,7.375355641813718,3.374967704631338,5.626488389610265,0.655958622189227,5.845965868701206,2.858927591529169,0.9307943609380687,8.293444182052722,4.513699897560105,3.9785823449017284,6.788476930735825,4.933073685881868,0.8060356511580189,7.402933565983878,7.129375766273344,4.988156850254929,4.587274447932
3.388643322151295,7.621531442661669,5.252227558739771,5.832581737253299,5.101567067350785,4.838304721386214,5.040634793470131,6.837638428160396,4.988651923736744,2.734724838954811,8.791175979395698,5.378319320529941,5.215416961694545,6.276100297095753,5.999683921311316,6.251371966669905,0.8382615143220923,4.817151444316994,4.502276932298237,4.908160178654216,8.38093461661115,6.481812566452554
5.227075615969357,3.4361662480446324,5.244573159732811,4.6382500391542205,6.153600764426175,1.3650499509135376,8.871978930238207,2.744504161303979,4.903730297483043,0.3835027207461155,5.786300419587972,5.939583580991803,6.390540916745452,5.8131097952408135,3.281163176539156,1.6396907274803316,3.1145475437025376,5.438029712734662,9.488808306643346,6.559365537221139,9.774194404016175,1.76012233496203
6.280094960188418,3.17078415581561,3.2356335325784986,9.075397622380532,3.48539373927842,4.7007557470910495,2.6598572108400513,1.5997294553226893,4.502856312867013,4.034973070636771,7.902994439996821,-0.8729436437513729,5.040972937842016,7.072208181627218,1.2906609740191046,0.7887484163573579,7.1718654094530665,5.181771150917641,4.558030319917846,5.385440056947722,4.361713784836487,4.761372638596121
2.1530656621575983,9.172041108828832,9.993862737169168,4.479046752428206,3.742820795793569,2.6232303594947117,0.6660702801222255,4.8179741157047955,6.251694148282828,8.64151950463755,4.6075846748758345,4.416279654976693,1.6408638628327685,6.150085175259138,9.06430903388486,11.212249436034394,4.04269106824508,0.9318800654917455,4.163998202488519,0.5075620535766577,6.073765403818562,5.509271474511431
5.477706634585198,5.33847419333571,5.839593548998102,3.9061052587529845,1.639692173150538,6.129660214162656,8.039474543371858,5.809939640020584,4.330520555782094,6.5164253318892955,1.289340673481923,4.334655104703901,3.579593490091675,5.65245586385165,0.5153039096294999,4.679843657905012,8.99587617829712,4.852649023496693,2.430571743853163,2.119806284209919,0.49256173186888674,4.053918135461748
3.7983532266975994,5.337508590156784,4.661912299882121,6.168360544906425,8.318140069846054,7.186119670353538,4.628619900492754,5.414264877474424,5.662500948129287,2.8604973377688996,2.4604866194941164,1.1121403096983185,3.8684206022570846,6.7318463335939995,1.152083489494991,1.8703913675532384,4.021625367922774,5.174667310885986,6.446145337789085,2.4853667822022025,7.9324718683950985,7.025567342024465
6.510740699778555,9.59613262107802,7.678584518121999,6.58973698976198,6.807493851174229,6.494933153623675,1.1751709406613995,4.938596311831964,3.981220374734397,1.6779812754636523,5.821545672066157,4.148378625528196,5.86142991544139,4.056018696059373,1.5821517801538172,5.009412994024464,1.6707033155412396,3.178197483392172,6.449727017942151,5.598456654104941,10.34757388499445,3.4792704326011683
3.6510534850826506,7.310132432292255,2.996740742178157,4.316400201698367,5.3997737280686104,5.990212401844771,7.613295512201514,6.243422427454064,9.114641618470472,3.7264320491662435,2.0161083714470696,4.320226596380941,8.84340436679011,5.329730627253845,4.240113070701481,9.385806033247253,4.362373341068344,3.324338303689018,4.387227749742009,4.5611340906375535,7.566248326990022,4.5123362059595955
4.551816689509964,1.7170079885703262,7.639491921803389,2.897939286319188,1.0235402962668732,5.726977707989432,5.145521738395017,5.4852254892316985,9.670771304423026,2.5988860902529285,1.3435179475111594,5.103165103505133,8.543557363545247,6.193403867611032,4.083533772592357,5.786452163145202,5.094992013606022,5.167334989726061,2.0857357296427366,4.117246652609171,4.2377792901137745,8.449673556759976
2.053480323323491,9.599647932558907,4.11639955431713,1.0344260697623997,5.32020123035448,6.587985885748159,0.4650309036785666,1.3636919879635063,3.536041256288734,4.682997811741723,8.99658588031282,5.774976066201096,4.71073893091533,7.006148581227971,3.141496615402206,9.82203111995334,5.116875972240718,6.900331391496333,9.261070093799004,3.7396079739488406,4.618109297952049,5.693304868766809
5.153214383998459,7.6651728568689625,7.498457901745744,2.1329425348709994,6.278406699573112,4.188864214063795,5.498270020117768,4.889212905921637,7.6545786726736385,4.456143501522498,1.3660440284634923,4.421753188352631,7.305095363017186,10.027730426363183,5.636747768706313,1.4395165717447265,4.6170208626395794,4.508852962328543,8.443970723480485,4.066355861424384,1.740989250263763,8.639013521905015
3.1822712247167066,4.46680235997953,5.254202228310632,9.694983359492255,4.389145757249151,6.683120527908219,4.332928433934057,3.0060811756753383,1.0370166747009386,3.5493270923591003,5.360458392360213,4.584199164048141,6.139723256715662,5.630975712790671,7.763814296089507,6.146077344022453,4.404783515348198,1.5915563484807385,4.363842906258084,5.255472273577519,4.361021952436258,5.114021398399325
6.363059783471705,8.635319102176483,7.445650359503834,4.254817127545732,4.589609806765178,6.256837761423027,5.734678314116783,7.6817703473590875,3.175592989126805,4.206061992576408,4.086998172565111,9.08364269752761,0.5417348037402384,2.1625963759701365,5.70966017072278,2.0765148798939688,2.056472904953786,6.575291326315943,0.9914463452935395,9.565263556854264,4.929966565241816,5.052095854212517
4.940375759526745,8.435963353382833,6.806778316271515,6.778873281516732,6.778953466292771,3.213372231257281,4.7920301004231725,6.41108382587237,6.103849738166934,8.663493089732645,8.124075914557025,7.393005001994313,0.7619990096981827,3.148500000422159,5.61748162228032,3.361905470014174,3.718053868730613,3.3697926391795248,9.73321488842598,6.025890295069729,8.679252064495783,2.4059975600484167
5.124202016815666,0.84375052529551,5.030281022853926,5.88728495684111,3.173444383198859,3.6061791137780217,5.353738112984019,1.813760344946246,5.586657616933941,3.886278645311546,4.560759708070921,3.1931479171391524,5.643983912344697,5.7038211058887525,7.531670825866267,1.366313644611644,0.06680123817313935,5.302052144339359,6.561610324217489,2.251215915574402,8.636298002798053,6.755858706877759
1.1175780152530772,6.896931162931848,5.944905908823927,3.124280189977494,5.214876120538794,5.528306247403417,7.370387835994203,6.838714138419072,7.103144660039372,0.03988394563329393,5.705182606599602,5.54924164108213,5.288561043835169,3.371215004338995,6.920609669941265,5.185844180033225,5.810585212836743,3.7466929992842926,5.152182856921734,1.691123126080157,5.098411213354092,9.71905597753754
4.991585732384932,1.4682759509008818,1.5035748470946297,6.017526103581853,2.3445055975841886,0.9298180097548384,5.025100532742626,2.8014212622792702,5.370025871681363,2.633214310813949,6.579845752616516,4.748321674191166,4.4359397454035525,3.9655404164078583,5.8364492729045905,8.609387934364285,9.232805432650375,4.528516137924075,1.0819204389644013,6.156442879869468,0.37237065576838885,0.4729314673278581
10.780855145905686,6.001151950432805,5.499008052436161,5.091667071756605,1.5764704661800926,5.331963356825026,6.1550598563623575,3.397312526183777,7.196119677253695,4.996261483227696,4.094146276996464,1.6188840020115147,1.391401078846241,2.3232493680830935,4.966427957133847,6.759028659379715,7.381628114953609,3.2234240134354355,9.75396099075634,8.300371370166712,4.220335816553394,5.197358278284562
