script/wind50m.json
[{"header": {"parameterCategory": 2, "parameterNumber": 2, "lo1": 6.000198445256149, "la1": 58.999992894266676, "dx": 0.5, "dy": 0.25, "nx": 22, "ny": 24, "refTime": "2024-01-31T18:00:00.000Z"}, "data": [4.085248456747008, 6.0075238525844625, 6.2374401087747655, 6.922991346668792, 7.364758947300174, 8.023492605554464, 10.48297468020454, 16.06532054442935, 15.155387946668847, 7.418615967262763, 9.077022275354839, 12.106713776397468, 6.698115857653753, 12.806694105104487, 8.828107537345835, 10.62871567077088, 11.537062049935418, 11.548048770273, 18.44732508339083, 19.123931979735268, 19.151192667873385, 9.04796648729256, 4.188703926615145, 5.4185105243213965, 5.625985504133325, 8.082126742255161, 8.125451241579567, 8.585581573244355, 10.006182560679123, 9.28976883764415, 12.01917565842812, 11.517579915240393, 16.41288782550073, 7.722970784999892, 7.093425193832204, 11.046443703115417, 7.879842916950886, 10.817162989128521, 14.17632488655521, 19.144182048178177, 8.32070205793669, 9.462496489189434, 6.8365429825116575, 13.649197361439638, 3.11857707134554, 5.027306795971162, 5.752141376734117, 8.348647650207937, 9.328092227612691, 14.145016801532696, 13.470332643714379, 15.609266374446669, 15.128725544396708, 15.712525939622509, 10.182046700592064, 8.458448960458046, 15.052135460462635, 12.98105465237588, 7.556005318761238, 8.091157712848148, 13.712911037633347, 8.731262438776067, 9.27771463787163, 10.954331460601113, 12.44727199823397, 13.01450081184759, 4.033794594771776, 5.920848087264627, 6.257548209226596, 9.349033671515173, 9.007110345965321, 9.233819709505134, 9.159291666008654, 12.877817562720125, 9.716790261186548, 14.509628926945922, 12.296733298744066, 15.843293460986178, 13.75674644389194, 8.182380824508702, 12.099787645983836, 8.074749145012994, 16.407397708173594, 8.541114965889339, 10.03988843203521, 18.999153259152656, 20.824918992996874, 9.588703277447971, 4.006426951759897, 5.4301283677920855, 6.506789153799822, 5.664611860109169, 7.907298472462252, 9.02377580321921, 10.637292934947162, 15.11005411501387, 15.738061361315726, 13.965921780943232, 14.829183171098212, 11.742421765902833, 9.452632369229516, 7.6216574764424, 12.090173809382849, 8.237510152947756, 18.34295342847279, 8.233419100685154, 17.903577018130854, 8.221799352891187, 11.525025613091557, 13.082960607795851, 4.20195605710223, 5.791925734382351, 6.340674789641527, 7.950254390677979, 6.906903240554626, 8.298848431208054, 13.294386814088915, 15.976732108770983, 9.87681304688643, 9.337381449032598, 10.91796070057462, 7.142663449319904, 6.675382434786091, 17.217625430751696, 11.666924164346215, 6.905852999994203, 8.013910337473414, 11.87569251174156, 7.202007833516838, 10.286773105438053, 19.52773745308859, 11.162793377223634, 4.604684156135325, 5.350584267359528, 6.305485498307311, 6.966484106865997, 7.434050156600161, 12.978020110603762, 11.117587737272299, 8.542014693688598, 15.673556205820326, 15.82419462452407, 13.443725362535261, 16.914257555345504, 17.488622071332312, 12.557212247995203, 11.814095269039447, 8.802393567718223, 8.958697014705889, 17.383821871312712, 8.465274520841275, 18.787001574573164, 8.764938191282662, 9.14655205647293, 4.113354506021627, 6.454187734774738, 6.194988795030837, 6.11162168167658, 7.381514159002888, 8.490229276023335, 10.677175696234611, 15.108837100111145, 10.281745420054113, 12.374381272927488, 10.494022535241905, 11.272405767940704, 15.246439302394222, 11.016693102887858, 12.283684365260516, 8.75122537664626, 7.3597646791248135, 18.48978228179134, 11.708531218250156, 8.793845002965222, 9.498927818020439, 13.067122605844363, 4.013486106778661, 5.7156033511198885, 6.596031563253292, 6.793541015066347, 8.385308775462883, 8.286913386935858, 13.411445404892788, 12.587442404626115, 15.55279389710153, 16.50096070478031, 11.417458940924428, 9.581930384609583, 10.855454380290151, 12.074705032461821, 12.855063489966163, 8.201292905447232, 9.076517214525104, 18.7861704727701, 16.6365591698679, 10.593355744139473, 19.717170974481178, 10.64445788726398, 3.26232746609064, 5.122637911232235, 6.147721900811879, 7.66572625873393, 9.003557006596239, 8.369364667316514, 10.567114842752014, 7.883199406776222, 16.040080501303496, 12.440599980960483, 16.147673750546076, 7.354410321322878, 7.050478124901016, 11.968276296038205, 7.595645480978966, 8.17057294736547, 7.108299557323507, 7.717029504900429, 18.640627866941074, 14.724067092465424, 8.23240919274233, 13.271819622950302, 4.23794889904709, 5.6864802599022894, 7.1016334019206315, 6.961599492121807, 7.14499682978373, 13.062913685381039, 9.946690136211961, 13.847153601644695, 15.615784210813672, 14.429933396392183, 11.341573197785614, 15.675904574820104, 8.287642366107711, 7.771508776846215, 8.972854418651036, 6.865953031579366, 8.563865557113129, 8.216612001052313, 8.671228820825212, 19.44178638077904, 14.366576668761635, 14.509665645580737, 4.050940238897353, 6.401476230334808, 6.450213790422833, 7.497545913301524, 7.1033945204095055, 7.175121213420226, 13.49165904692763, 11.696881570925315, 15.790554500937613, 7.042021270235156, 12.17338921693779, 9.831435272499638, 15.654444933433798, 7.915798195339693, 9.44520955302171, 10.172224219307333, 13.15963475178331, 7.943208053794573, 8.54886118134008, 8.517224760443495, 8.66244289830286, 8.781351943382669, 4.58075535659614, 5.357833280888427, 6.722640514223166, 8.240106854220208, 9.290010263835406, 8.616933843449532, 10.96704980872173, 14.541062561727987, 11.69330932691047, 15.614234031943317, 16.054410353152317, 7.282092621603704, 12.367685542147033, 17.396130662595123, 9.08870884000567, 11.258354382091955, 12.508802003534068, 17.28019478839592, 13.210408023258996, 16.79618911568111, 9.679956885164971, 15.006578569124963, 4.042943367517874, 5.132550079546953, 4.63947381772908, 9.32692204166319, 9.30840060725913, 9.268820295462062, 8.237442565837727, 8.945261019197043, 16.020597826998955, 14.091927988196888, 11.382135940980366, 15.988523596542862, 6.823217681072995, 14.542471982370445, 8.215100233546693, 8.066495036003733, 11.868618788143056, 17.321329294905148, 18.90642429918461, 19.096414644468254, 19.550078539441742, 9.785973705798945, 4.321274353610526, 6.305195250938321, 7.279010673381321, 7.9513547426059255, 9.327617561162405, 10.422242669200758, 13.785183073894768, 15.13889534601295, 12.016082498553706, 9.5585872830584, 11.773730487656842, 11.306720173181622, 7.855921603831156, 12.107531135404237, 8.370027517669554, 7.490267777791216, 14.0459003288593, 8.250591841519174, 7.9102182041355125, 9.063526508287683, 9.048941127331032, 9.819669471089517, 3.8700506068420752, 6.162211085806115, 7.519397101372588, 6.377469072152355, 7.5859765342539545, 7.861991211746026, 9.303439776796115, 12.83229970604175, 16.077815679346696, 16.272035486668397, 13.457442381746615, 7.849916748623393, 17.108915934876403, 11.909621226444468, 7.841726533493695, 10.489480823176496, 17.870926243924302, 9.24786117056999, 9.041950866134666, 13.519463976724763, 16.61093875150447, 17.22641498970295, 4.3602510929409375, 5.6705564018535295, 7.700574302884959, 6.697233422961252, 7.309029310920373, 7.805768728126222, 8.734377177059924, 10.05837246562634, 9.767974180593562, 9.811040481934413, 9.633282129661637, 7.367508931674745, 12.48276712428687, 12.937893484527777, 8.38438004461048, 11.34027017405919, 9.090370914336697, 7.453697789679981, 11.431170388748463, 19.280062398108615, 8.728912915472339, 9.76685696900921, 3.6244814452383083, 5.813491633584689, 8.011000502804896, 7.221109208127656, 8.074420716189083, 12.526311566549113, 12.386349990510741, 13.852091911084099, 16.013569895503235, 15.502619473831723, 15.507808171754553, 15.92273820906354, 11.50106656066256, 12.592312326119579, 6.790232417727326, 11.218626359709475, 18.882265140276445, 8.276894423451898, 18.62417189782253, 9.981555657039808, 11.631750135631776, 14.343406887178778, 4.306296107543216, 5.732944844030068, 5.6301953691801225, 6.829765342032184, 8.241254219090504, 8.029853536476965, 9.038374901981514, 9.57521859864624, 10.376835418759914, 13.544343155267569, 13.45316838220325, 10.005700792064198, 7.202168835779452, 7.818103925929652, 17.31752725428212, 11.927399425868538, 8.891897376134864, 15.732646273625363, 8.287806667842323, 11.136862339364804, 19.667317197124508, 11.218736164677459, 3.226011223924279, 6.22167413801464, 3.800195074179318, 7.910392514103868, 8.821674236773237, 8.681084392255341, 10.11847124457476, 14.751506536042312, 14.93453878094642, 11.294092990536685, 11.463408471010922, 7.702150058550392, 6.766835468590189, 8.798421591200405, 17.02323618114153, 13.459111903124702, 7.32487939322861, 18.217932496822137, 8.357386263945454, 19.11111647172111, 8.95616625251607, 15.649262069845557, 3.8674565341093703, 5.194991363011592, 3.683099236710847, 8.055631826369519, 6.437829202115298, 8.4152422233364, 13.50054701464182, 13.323997660069631, 14.826736960083633, 16.23761022399191, 16.370080404512134, 17.122697770563434, 16.269398510931442, 17.47128530840607, 12.1517762082603, 11.703391603372848, 7.185206178100369, 7.643200038422928, 17.161184339567203, 7.905638051694746, 18.13776708084945, 9.444352371284193, 3.3725808323524236, 5.39061408174689, 5.7197349015458006, 9.018356279351883, 8.176963123233813, 9.936465454420242, 9.135853464473621, 11.502419955039104, 16.222088036125292, 11.599067674534785, 12.440111132069134, 13.729623842402383, 12.520087784107687, 15.366024956439004, 12.014165667272337, 12.603841030391042, 12.586662059817643, 8.292685828111688, 18.37330517527981, 8.018963996394085, 20.7424335091377, 16.297684266868114, 3.4313890721657754, 5.090866789048048, 6.091869628058462, 6.51916145910127, 10.206270359595505, 9.164739885493232, 8.026140759703434, 13.985555506439725, 11.974074144550267, 16.256409959193096, 11.526292791400456, 10.744327290932215, 13.487403627489174, 12.29023496195617, 11.799824054690564, 14.007462979562968, 10.82770480154926, 8.232531554187858, 8.335365937087055, 18.808222813222443, 9.516742249303949, 11.482789733156727, 3.264724534640113, 5.014759381720817, 6.622890045116632, 6.6197825214883785, 9.161839469800709, 9.28499198335551, 13.272689418743393, 8.913921566053405, 16.050453238183245, 10.218963817341605, 14.170519807608063, 7.28291631570888, 7.4741234272484744, 13.23259944725617, 11.862090400705021, 16.202081791255388, 12.348205413761074, 11.720536399888687, 8.814372267102696, 9.547256775925387, 19.609166521419237, 8.951372259784575]}, {"header": {"parameterCategory": 2, "parameterNumber": 3, "lo1": 6.000198445256149, "la1": 58.999992894266676, "dx": 0.5, "dy": 0.25, "nx": 22, "ny": 24, "refTime": "2024-01-31T18:00:00.000Z"}, "data": [2.9558933136796317, 5.2606223697897105, 6.195466431383177, 6.818448899410342, 7.486214962419964, 6.948340831839749, 9.51693163501089, 6.132471438901797, 13.747593625838078, 9.131704503377366, 4.809061706113221, 10.36872578191865, 5.619017971477801, 12.297541925525463, 5.633190105510873, 13.548495267458105, 13.978416937573256, 13.46687662803316, 13.664355018372216, 13.290916614309262, 16.375709557113556, 8.092454207575452, 3.2006295894186803, 5.195716758465564, 6.110392313753828, 7.6632997664049896, 9.036510317917966, 10.719078573978054, 8.62206121422295, 10.352362631355934, 8.905494802483009, 5.767426425613783, 13.799523154771475, 9.072170984848766, 5.6173018866462145, 10.489103534638852, 4.760793355085893, 13.038261464237321, 14.200516065443459, 12.731463170258293, 7.192007329017149, 8.742814715170073, 7.3735934787097595, 18.11895785766863, 3.0505307783137847, 5.6419574449940235, 6.320064437775902, 8.178580436584262, 9.327810614255215, 5.57238175640386, 13.709510196624692, 6.345217714107543, 13.812546020929812, 13.908613954788697, 10.12154187236712, 4.684152555740051, 15.181990052753477, 15.0833986524358, 8.046848593025855, 8.16280008028418, 14.901986117623563, 8.871287549103721, 10.871662745892593, 16.05628110170477, 17.977923949463058, 12.204074490133628, 3.0184747408651136, 5.015908416642631, 6.282078451617532, 8.556383725337005, 8.46929858220512, 8.207237321413183, 8.435454850177868, 7.384985929458408, 7.495750652294402, 8.004038840456367, 8.689750506409057, 13.99372627330346, 12.844917988099228, 9.14442120750998, 13.82450762584415, 8.5085152537301, 15.699293054317128, 8.551714045220427, 15.153355794801394, 13.572375658296801, 10.77669187968765, 9.455844376552166, 3.370066978990497, 3.1698884822750397, 6.554466551195706, 3.6400937919425083, 7.949272263501712, 10.69513363985883, 9.298010033520308, 13.912385517834055, 13.36429058280089, 13.65390458333454, 13.988013345358212, 13.632965753665458, 11.28307357582809, 6.508524169640976, 12.9409923513728, 9.11089879254768, 13.912020261016687, 9.629745690204219, 16.052329206892953, 6.273401616173871, 11.667453861196948, 18.31105991581962, 3.090943434771165, 6.497707462847982, 6.533143050588696, 8.225837303129632, 6.827294040069047, 7.8329820115001665, 13.091330279579157, 6.1314192876411875, 8.033616911850029, 5.143059891572747, 6.065775389965178, 4.875858847542841, 4.87036993746954, 14.764786185119625, 11.719069537019932, 9.309675980487913, 6.096512638114635, 14.425630538620686, 5.898131193544177, 11.216902791163067, 16.627472075164327, 12.709938880798118, 2.8974482677473463, 5.620723890091919, 6.274819706664722, 6.697950933409766, 7.387510563681215, 6.233428247517637, 8.349456666643968, 10.723189764685705, 13.330121968376243, 13.71175169559472, 9.711095517804331, 13.866553591379441, 14.031485700245815, 13.63712628659539, 11.251405863641619, 12.497495192280473, 6.78490416888973, 16.470025142946724, 9.605283216303993, 16.745110886080326, 7.574397262717515, 8.33920939742242, 3.1660778117556094, 5.092281084648373, 5.760932280557847, 5.593276144425769, 9.345034083185313, 7.27915352950521, 9.226049728300005, 14.115795282871536, 7.644768476162703, 9.172797342205746, 10.135948282164433, 10.79593306417836, 15.309174179543493, 11.167114458974114, 11.736134668427717, 8.602857978477447, 8.907213515078478, 13.576187100089728, 15.701768330194831, 6.7998314969600475, 12.2532465371043, 7.026591680113985, 3.1611256213388748, 3.64406549743289, 6.4749362733351665, 6.901655165707372, 5.570555212275558, 8.980772688825237, 13.39072901812613, 8.451944839745455, 13.325683919716367, 6.718721936701126, 8.53904551588141, 8.855318248175022, 12.727239714515386, 11.106126079587, 12.78613875515407, 8.476274691546255, 8.378182946854919, 13.078285974508136, 17.454278088362393, 10.94610124981415, 12.315304719684201, 9.403764850051541, 3.247016160381944, 6.031654085687223, 6.068325031421433, 6.847761124585009, 8.237024199261027, 10.71613004323452, 9.319908591833999, 11.9675984776734, 7.125590832011421, 9.642848325263705, 13.790945926921841, 5.0111071045098035, 5.408160762275006, 14.574361792025314, 9.284425779280271, 9.026849760453931, 8.066972999033357, 7.843044947660949, 13.11869084080297, 17.74280462531832, 7.618694831087602, 7.238626407707964, 2.8700696612577308, 6.364315470211678, 6.184858779424418, 6.863912646277784, 6.48727409544872, 7.328004392989681, 8.485014662434477, 6.886491191404977, 13.325509985344642, 7.989009098690684, 9.835918092151468, 14.812773678032096, 5.463423276433082, 9.127579001169794, 8.507322524759125, 10.518366637637447, 12.259424063404339, 10.520888832610812, 9.061637976560407, 12.508278278098755, 17.72066042150738, 17.715883470046595, 2.7705965534804124, 4.957267823106365, 5.7324470738951865, 7.554283562469984, 6.470168404046426, 6.8884721884020435, 14.021770081093075, 10.15879004501574, 7.321620837139498, 9.006480857926887, 8.413037076362333, 9.151454431739271, 15.474379058645082, 6.9177903056499055, 8.992012467083335, 13.424793424818793, 13.629884722752493, 9.780444633682478, 14.31849634115316, 8.953305698922868, 6.5966145276016475, 7.280912454605927, 3.316648676665707, 4.72777200076951, 7.011068656326458, 7.810034313071573, 9.370669322691967, 7.6186989389180955, 10.351785783785896, 13.544160478548093, 10.74581397757357, 7.499908134702437, 13.796037101061202, 4.92133671975363, 11.467739849464893, 14.35479594484031, 7.650494488067431, 13.062615153579149, 13.2597420962832, 16.210359049558985, 16.13172479036413, 17.792633533016083, 11.704955396257434, 17.497243083125852, 3.4964719307173326, 4.816969383695939, 6.988933657013968, 8.612709126082736, 9.310682575971875, 11.209510411082839, 10.168625066538262, 8.292438061994682, 7.665683889647028, 13.512017250473738, 9.584621948689998, 14.633729126348332, 5.616934933455168, 16.391499266486814, 6.371171834302356, 9.256463537400858, 13.04218985117023, 15.513866839451186, 13.849728120833307, 13.499429736702558, 16.13613647473889, 7.38460832320031, 3.2784536977381333, 5.19742559073503, 7.547812150297193, 8.458753943723488, 8.35564189232778, 8.065605315858637, 14.089222962750183, 13.452012710354081, 10.48705888606285, 5.284836456284282, 7.921145342319259, 10.808565844851202, 4.498705259973805, 11.946294037231537, 6.028350757062261, 10.947304829651472, 13.490188993560448, 7.102029763438182, 8.115624271662027, 8.275331353045882, 8.504715548612483, 12.181305010057683, 2.6375303165593142, 5.716908860407586, 6.6329550729996045, 5.965258115776235, 6.139984196078757, 8.026095618466888, 10.225602139455162, 8.356604904921081, 7.912905073586929, 13.662852460937323, 11.918722472558086, 8.966279818568195, 14.419537442272869, 10.829073525665041, 5.814777886069848, 13.222926927978847, 14.348464102841811, 8.982316549640109, 11.175743772387909, 17.16101462831072, 16.73624413305522, 16.810383324608992, 2.9762106824853602, 5.879411325016678, 7.10204834275944, 6.644302964020862, 7.164957687075287, 7.480012177803885, 11.715242067218245, 12.196772115135817, 10.331653641775159, 9.006594672240972, 5.367897348427435, 5.075042322901535, 12.357378565221211, 13.53742500844144, 8.980051022563321, 12.803833956751376, 8.010638561822777, 12.1627324904822, 15.043051477991698, 13.086476347323755, 6.774238904069832, 13.272424662903543, 3.2199509797153323, 6.370274322384198, 7.361677813758691, 7.008142763090959, 9.20183646069902, 7.243552129702221, 13.192717365706729, 6.698345966584047, 7.940955422312698, 7.605346679715475, 14.190366002689968, 14.701426576618912, 11.029668102877132, 14.90096322398458, 6.747440865463877, 11.592024255586692, 13.600966707090631, 11.920900798695596, 14.505742531337559, 8.270018058128153, 17.83879945047443, 13.661086568524462, 3.1702145928876986, 5.239863274046879, 4.435298482754281, 6.5631024173717725, 5.289700854446669, 6.974532504234398, 8.401846236208558, 10.427212086587524, 10.797106301310828, 13.427891534426054, 11.430642902042282, 10.40034301335209, 9.173605674908144, 4.6198057427168004, 15.377313996752447, 13.06867835177043, 7.153839017346998, 15.728789941664285, 7.7595738310173825, 16.30884943684279, 16.772022761162898, 11.927401228911101, 2.8868661233140336, 4.647431937954389, 4.454398767648252, 7.6265598087628375, 8.302291150061196, 7.788305262212732, 8.709766187614576, 12.937483929073998, 8.220616521438926, 5.759747114102801, 6.989528611581569, 4.834588543718618, 5.660203584855796, 7.689578362087247, 15.013970761720737, 13.033368553954709, 8.475874470157082, 13.702476883867813, 10.308358529926076, 13.257911922954023, 7.924100269863317, 17.397406540671742, 3.302882987194373, 4.583688310619979, 4.912939931290363, 8.579463762955148, 6.547331184284462, 7.898457843666874, 14.232737562898246, 8.009544597317523, 13.369844804997198, 13.619088874804277, 13.353315649466548, 13.789268223139345, 15.19116967442526, 14.276365273736973, 12.317591387727505, 11.867298314242621, 10.022176681524195, 6.452439517743252, 17.399304778535033, 9.777560776950512, 16.70648259154521, 9.649590147237094, 3.3477817861659003, 4.783681202071566, 5.441826533740751, 8.468165498264161, 7.607623320142651, 8.346692361338338, 10.69350898710632, 12.942889969249075, 6.977583420576654, 5.883731881734231, 10.572029579323937, 12.372216098012993, 11.997813519702227, 16.507925549134157, 12.122268670349257, 14.42534176961988, 13.50844081092965, 7.334953475140328, 14.799362307292414, 11.449339725216563, 11.062510519284759, 17.40662529313884, 3.0186283260144116, 4.739637861923645, 6.137158742416157, 6.221852324535273, 10.017856443674187, 10.096681859688525, 10.87735079953144, 6.629143321777865, 10.58448713901086, 13.614580609817285, 8.235500362297648, 10.773296607075531, 11.488466146204678, 13.649867031536168, 11.814567932473711, 15.019582598445009, 12.209060557908774, 10.018554886372042, 7.852021097636404, 14.541001520968633, 9.50761854143356, 13.456632890675749, 2.8669138802740415, 4.683792117143974, 6.313438588886358, 6.65525748287719, 8.915585125453664, 8.212819437673431, 6.614809431922734, 10.528592640648872, 7.733972420714795, 8.954168574495617, 9.301308726979858, 5.2406096740356185, 9.384843255507596, 13.849921724669576, 11.505556066957944, 15.51981488233159, 13.26303252596191, 13.325591743573717, 11.07290529120543, 8.572855366715462, 14.067822323397305, 7.369980605863819]}]