script/wind450m.json
{"header": {"parameterCategory": 2, "parameterNumber": 2, "lo1": 3.000054539987559, "la1": 64.9999836372058, "dx": 0.5, "dy": 0.25, "nx": 34, "ny": 52, "refTime": "2026-05-18T02:00:00.000Z"}, "data":
[rows 0 to 23 of 52, columns 0 to 33 of 34]
0.4026711419452614,0.40734229298981445,0.6098611141417355,1.2440631148226586,1.6292581138126914,1.8695421825816716,2.14396545738066,2.50731553153102,3.3861872452883883,4.220996355428578,4.472910245795847,4.534973642905465,4.356289730716688,4.39228512236102,4.524203298203299,4.635712029660093,4.661460316074268,4.67297162348587,5.287451279489443,6.106333009853048,5.540347070922459,5.604713328703185,7.483542999935391,8.940258315782737,9.52516552406303,10.483863846335739,8.824517353282605,8.644200402113745,8.111943217813204,8.148225991529436,8.718855306747974,9.166830923440914,9.375087208559382,9.319104886957536
0.776735709082572,-0.03238166523957262,0.20885059499555372,0.672680252693009,1.095728444704335,1.2045433470642999,1.328625351282272,1.7428611847858246,2.3014439588687803,2.76965726373374,3.4706275470606887,2.9947623121474374,2.76440550079981,2.9589117724052234,2.9471893424979636,3.6102357705988397,3.6591757584460494,3.591764126848202,3.737007194548297,5.49138918108904,4.355031108747449,6.128287612161847,5.7024145041995515,8.865797990745568,7.465295597514129,7.393929157731362,7.401772292307608,6.6010085256099735,6.661003904109654,8.64561244619611,8.528684064821848,8.401165278644726,8.408861293639761,9.149454006566463
0.5454067329315271,0.4595252099201381,0.2648876976576956,-0.04854317495218238,0.49658324500606754,0.6648010824533261,0.62290157916054,1.2279175508759683,1.4960476086263885,1.0265039724387102,1.5503342694255866,1.3404122989170588,1.0075048969570917,0.6763221689053182,1.687438675818859,2.5120569909569883,2.408517450030786,2.309939749973265,1.7866838304182404,2.211676661526833,4.370394459275785,5.538307596664491,4.099972588696661,6.115211357314808,5.9158585454518375,5.449940556508949,5.727937123951186,6.442067757790106,6.68508972209506,7.629942623268847,8.893548121972172,8.349695872339755,6.983909116366569,7.291037671804826
-0.34325656668900206,-0.5264644137063109,-0.5968852355538674,-1.1259526494194367,-1.2390443201650299,-1.075063589295927,-0.7508522983597476,0.09816031451504019,0.7629381861141626,0.9498292104836797,0.6897267555788363,0.3830930703204043,-0.6767987663336791,-0.6717313105916443,0.23011158900431086,0.6721880301906188,0.29978838684145487,0.6063478556273211,1.9910523550512143,1.270370656810913,2.8883019655285325,3.7827215648086314,4.799914068369965,5.217529065671841,3.3860430800860395,3.6144697104985615,3.6203693908757604,3.8294271420268986,4.663697259552969,5.471755890913446,6.511584353560121,7.390771900877914,6.7039174863268345,6.716079066669177
-1.417134811525799,-1.4958455322011959,-1.204489934887404,-1.1222021574958199,-1.5047340902363353,-1.5454371625988712,0.20884183227774547,0.8740329401070829,1.397969299506355,0.46410804936746064,-0.86831416116018,-1.8170877012575481,-2.5349623680367777,-1.7732909041247955,-1.1504484893168458,-1.2850940779372164,-0.703852109601655,-1.8315343199250291,-0.24143872665317284,0.41713781730773525,1.4538694572516062,2.4036521480525948,1.0241074328870514,3.354599995803804,2.570534921337434,1.9754037107543017,2.9095482005231945,3.587309777995714,3.731184884681114,4.200431146483453,4.7051157715904885,5.423186187417454,5.951933678715985,6.413398159089063
-2.7413791323883165,-2.3425236822271227,-2.049608631206794,-1.3360074446817929,0.5327539132756716,0.15497225366503947,0.8221269171824471,-0.0495037077643155,-1.4958438275592205,-2.0819546396673787,-3.932868316960451,-4.538586430785574,-4.501214658396996,-3.025702989338256,-3.479917722499206,-4.0198086143620175,-3.066692516205595,-3.255829505817142,-3.0586304612803197,-2.204948768360744,-1.6775613351983936,-1.1462040019818893,0.05951527740772649,-0.3836335094735852,1.1916092558226674,1.5857241584157349,2.2775719457129395,1.9754903204395466,2.2858883342907785,3.061655354903348,4.153160093329983,4.06904662452057,4.8562825434791055,5.330460506407002
-3.4121062897833907,-2.346577953941029,-0.7293116491027984,0.3195794476560134,-0.2038120336524502,-0.5091583159706973,-0.6736729148154713,-3.076184792336046,-4.631329259785274,-5.632925632589088,-5.890532037263191,-7.097718216813877,-5.622327541253128,-6.906175097028947,-4.295952486121494,-5.702571563199391,-3.4282620401123016,1.677019104991011,-0.5777972386674154,-1.791346107626199,-1.9987893711392102,-0.8089146826806027,-2.151493338539303,-1.2920229027359964,-1.1036838665196371,-1.0237320077031018,0.2089988670386111,0.7566831860204742,0.8112337597670776,2.7857865532540376,3.6267430729115877,4.320753497583733,4.5816806493461755,6.035340808358344
-4.117041552193952,-2.905519944572457,-2.3371591496790898,-2.5930352768173828,-2.2174744865594085,-2.126850603484855,-3.137545750092525,-5.08468743021919,-6.775347986079179,-6.86219267323937,-7.813949104321551,-3.5183730697838067,-5.429867870523268,-4.997376603768655,-3.2366952716108925,2.0653081173922274,-0.8686667287078986,1.1060148968576822,1.2937900225364438,2.689745553413892,2.4943000749080277,2.66412021806475,-0.15449463695026555,-0.46708869083701077,1.2970468623728264,1.5556774340855928,0.6794387348952519,1.9871763172901198,1.3510581942678876,2.5784625509413495,3.6531680846839567,3.4020895785658496,4.247420399665554,4.948301644808081
-5.309910871480707,-5.069312664485887,-5.434107110445523,-5.923373225316674,-6.460714977804503,-6.148120391710731,-6.50837815596785,-8.061109901894579,-8.925785391526897,-6.3870007493537395,-2.859064160025213,-1.8308920133316393,-0.37272244539658783,-0.2898728561878183,1.19368932445503,0.9491605221944516,1.2213967834097914,3.2178087154577453,2.285280801798455,2.8173611411003003,2.9366168317440544,3.0820716779665465,3.7516621170297393,3.152957887197543,2.5542552148393356,1.8349412575817918,1.1769252958295002,2.3215544023202708,2.807146360926367,3.7383751937383978,4.652976865085264,4.935316363118965,6.470650589634159,5.785150270859688
-6.8831604758969585,-8.25312067905898,-9.785004565563856,-10.453100566478655,-11.014982415845518,-9.670485060406877,-9.0010611639589,-6.4490931534848235,-2.0276449874705667,-3.4659382253970152,-1.9056486752503423,-1.7375431224841462,-0.03126856130427496,2.218773229007228,1.6341722871620814,2.203449123089464,3.2615174811162544,1.8025807727826964,2.906607747023242,2.597640061096223,2.2360554834429176,3.265584682881262,6.3464427403722485,3.1039378830556177,2.216602370467214,2.6329214355103527,2.896778844714561,4.902972493898951,5.135102453317471,4.575638856987129,3.4542688695956687,5.356124219132331,5.307127353827195,6.220930139532735
-9.629122532843256,-11.708484092394931,-10.386242271187047,-7.895525651968063,-6.776763791111893,-4.136044422111553,-2.587990710807544,-0.8843614452044206,1.0511721548261017,-0.5475767491000012,0.14847132024301285,-2.617469872296475,0.6795531712840301,1.2562488306785118,1.3908916656005461,0.3060143683534134,2.449437226932534,2.8069686353050667,2.434613867118463,3.520015909304455,3.1212117040218934,5.590871135342973,3.883652587632303,5.403268071630799,3.376331799195488,3.8076676034645605,4.540504010631736,5.071788263550143,4.175169716155014,4.176880328281092,3.405300574462182,4.165143954100777,4.632838512945307,5.14606408735258
-11.523061916328139,-10.640963846130596,-8.902984305414202,-4.167969392777468,-0.27533955933924814,-0.2981681805008091,-0.5676226725792596,-0.6071428657892161,-0.7826128052481782,0.5688448849902549,-1.5962204026129299,-1.7856811983089527,-1.8801775680876185,1.6906165723069415,1.4247511876248464,0.9373808577432011,1.394779037514164,2.244652649603941,3.4781557725742855,2.90803269407741,3.69901049798362,3.6153676465371163,5.008361012967775,3.8407352591350286,4.795027283547828,5.397230152385121,5.089524389622589,4.46573940546849,3.843650810304531,3.8735156025101602,3.0210191938775295,3.3434603077952842,4.708458411630518,4.28906675728564
-10.039297767303635,-8.121873867709125,-5.508913613655427,-4.718974154864012,-3.8370251902719725,-3.14514055620322,-2.025012475172516,-0.5001973260338698,-1.8491749148868761,-1.4465227283940914,-1.8518080668905699,-1.3346801377051472,0.9466497040568804,2.700545006435394,1.2970948062550631,2.5774980991329657,1.1488053431826641,3.702540658750331,3.9598931358117486,3.3965950578327893,3.99539771941952,3.470042090889926,4.6027504723935495,6.319141551058191,5.817367555947231,5.797811280891505,7.019755866658048,6.7149122950898885,7.439403784507816,6.210983653412541,4.433575387025308,4.995726037066656,5.041081254111512,6.0331582520708125
-5.161637013643938,-5.975209331674281,-5.531145335629766,-5.431608947226158,-3.855246523275251,-1.0087917150941372,2.1352616104260145,-4.452711037688601,-3.6443480397570025,0.7548790661904371,2.3169439597415407,6.362002525339611,0.8770624834587593,-1.309575369687682,2.020319390715013,2.9115813625328526,2.371486465869276,3.2972294028251277,3.145661642476096,3.0776728534231674,3.139518535807909,3.856812563398125,3.645693731267146,2.7436123660375213,4.756760573660889,5.473839128154305,5.661399400930862,5.732757567414136,6.110763837519018,6.359753674580492,6.399786589863646,7.252156068109654,7.7375313113451645,7.645907476632287
-6.66911229519281,-7.680220136972363,-6.616970525269036,-3.2940558938261595,-2.4048440653359493,-1.9819176568944725,-4.3109263935021715,-0.6535202821241642,-2.8080451717426866,-0.22112357907936792,-2.0273658389126727,2.9501634174823064,3.3015976763799166,3.3485277148216586,2.706717724633271,3.6387486403357268,3.0704306532281977,3.7431321892149336,3.5972281818886445,3.658276944387149,4.340191550601309,4.614888716139624,3.4257791844346905,3.385767855096955,5.154714161207265,5.921415409330664,7.191169262357387,6.680351542515691,7.517738468629752,8.213727439722836,7.381115038599575,6.936083132355382,6.013872482681689,5.462908758636181
0.012726946629078447,-3.8406384124334654,-3.5014668539689167,-2.6370189856989867,-2.8408886998358076,-3.4043315358595176,-1.4422606572737513,-1.6640617165720129,-2.403304105956946,-1.1647475420534652,-1.872986378505547,0.6772545414527724,0.3526657994413764,2.3145843490593374,0.28547875102850295,2.222056442312984,3.5793658197644467,2.6856596446042458,3.51816586087913,3.041701678280628,2.6885134706321554,4.021709829571207,5.48056495262208,4.010466089102758,6.522742734601379,6.7302802432557405,6.577124577348171,6.65678308947224,6.908597539636239,6.506800758832407,6.160597086843562,5.458866223963557,6.3872915373197054,5.862687817566672
0.672564130520018,-0.2855893477857671,-0.3576018326463291,-1.9401887094974566,-3.4355556741530258,-0.610560530386745,-0.1722397626868518,-0.33520247982005946,-2.0580947332484425,3.7633492848765666,-0.14650640442771162,2.19337657651511,1.8404314545799954,0.7184551424057561,0.7939467048366259,-0.37973370636457177,3.805547814312038,1.271426571746073,3.094130391967377,3.9763900240285466,5.380038882895572,5.9093595927051705,5.681266465935334,5.75473647094057,6.079419134678625,6.260582364172877,6.0815824282327675,7.137903361091152,6.164902887876285,5.650788995969628,5.278682524219521,5.156990982068704,4.173169417935304,4.0159450290622205
1.231404381165525,0.8369692924851952,-0.6152210961279141,-0.5146473996469109,-2.628393481628767,-3.6895545234909,0.6047470411689336,-1.2181857946308243,1.518403774711337,-0.5053790433131367,-1.9806063563809264,0.3258979730890607,1.1218332671679982,2.3545233545352606,2.961604955811409,3.2189283079898847,0.7447595797476726,4.645427133053088,5.307516266202113,6.374097167638056,7.046401297838919,7.555442804616326,7.091978656179743,7.1320134631847445,6.641347931751953,6.593272848816366,6.697292349050643,6.509359860973595,6.686538021593721,4.870522100002587,4.904530264757252,5.127156707541186,4.806438538658388,3.859247368370198
1.3809963653814314,0.9647832311523592,1.0353832928921334,-0.9298759506822161,-1.5137274552410234,-1.5573746284354513,0.9246315748252957,-0.8988021830621983,-6.260104442186973,0.6370207277035959,-1.0519290754172304,-0.9022705255844515,0.8250733148762615,2.4157935262608663,3.987061198682861,4.0280588066331005,3.266353550188558,3.000012903738959,3.46075663415737,4.878315813504327,5.660174101565982,7.20464544003797,7.128001582395906,7.359715354501712,7.0880217328520105,7.220052743034225,6.156515516094161,5.608399876472826,5.39921277522908,4.889382861992575,5.572099039473684,4.30103802079052,4.2516555969572325,3.9411245034735236
1.381840973673618,0.4851922690251261,1.2948527189026535,-0.9081510951674252,-0.9903670455187147,-1.559035510292676,-1.2458826827358926,-0.8529984072089627,1.4386579761106266,0.45359486251396197,-0.7585314697022454,1.2854312848081797,-0.7503239248396073,2.460592680956787,1.8695884768277842,2.664213234948009,1.3473600977170808,2.24006100097301,2.9804633868603685,4.297635261882008,4.612729793167151,5.1626886240648515,6.444654267702445,6.224879721272503,6.842595328771105,6.015452082432687,4.99243193503032,5.582903930204258,5.458645376225073,5.545184659677548,6.006660043652985,5.270007857702507,5.2645179968151,2.9948194100250443
2.6521256278483754,1.168284057870674,1.6574417732358568,-0.08344254073548878,-1.6656917865259775,-1.7905241771377074,-0.01954787014878654,-2.513058293242733,1.349022178427596,-2.2698655261484806,-2.2641506835920464,-1.5761476143732873,-1.0101345988565236,-1.321305382460142,-0.9809909990568274,-0.13319246260706266,2.001092959341166,2.2538380696374936,2.0763166424254935,2.499749791561369,3.1146799768134588,2.668022420311764,4.067906480660038,4.26567023457246,4.099831878217815,4.105948384656648,3.7530336234894546,3.9333786687749144,5.188266817545379,5.804998247007883,4.967027451562181,3.7195740556097827,2.5629197430735813,1.6535801423794407
2.3969987513663247,2.710156252680343,2.6403711879161507,2.069073155343177,-0.9833533834166055,-1.273306848801812,-3.2403190714129217,-1.9643506279237346,-3.649989900546102,-5.72316363320504,-4.201972888458707,-3.325644304294979,-4.374934596823167,-3.5509432799599754,-3.3366842992519827,-0.6434773762497988,0.4641258642843238,0.8306524727139918,1.285707526260704,1.130996625252858,1.1381333384774506,0.9252764667307399,1.6345234129845647,0.6809780386930158,1.5823525430570942,2.531616017166264,3.1223828373589293,3.3184097460878093,3.4336128681463953,3.117397775163845,2.598834604047319,1.9964140924360632,2.0749803581953827,1.716445405246762
2.7729225932229333,1.7283232482113788,1.6114777087911,2.000944536233274,-1.2179683446300065,-3.1079685813964204,-1.8086105345928096,-0.008794532268720665,0.19340310956332152,-1.9455044315421373,-5.506448313246234,-4.996336952879697,-3.3564957678563223,-3.8593004474950696,-2.0183175554291592,0.005271737403446532,-1.752885932276093,-1.1448398523125762,-0.10827969588028286,-1.0851460243685924,-1.1317107461989266,-1.7306876409678433,-1.3544747514974556,-1.2332216542501326,-0.9649560787241646,0.18334786362582342,0.48566486137802223,0.929936725940611,1.5411513683643066,1.008929648272997,1.1052932366601371,0.8313183207694267,1.0674250404498713,0.09841676972602427
1.8685747052514585,1.82628812969592,1.3275091173030285,1.4295997093147987,-1.1924761891233218,-2.0016737250751793,-2.0592596441566338,-3.31098229755942,-1.4824919928390645,-2.8331489581060145,-3.888798907879688,-4.107481056939028,-5.02056380693699,-4.23801466256944,-2.8100377865205606,-0.6061425712223922,-1.0563626069878067,-1.599816102874862,-0.3850506876279464,-2.4581721314617293,-3.345195589551733,-3.6672251338795214,-1.2730921671913509,0.7411646419015275,-2.79521938225601,-1.3205251047177355,-0.2733657569078499,0.7871363198092232,1.0089460468453293,1.4085691455545712,1.9296404582624924,0.7755349004175,0.09761600047612456,-0.1823338526350211
