script/wind10m.json
{"header": {"parameterCategory": 2, "parameterNumber": 2, "lo1": 3.000054539987559, "la1": 64.9999836372058, "dx": 0.5, "dy": 0.25, "nx": 34, "ny": 52, "refTime": "2025-03-06T21:00:00.000Z"}, "data":
[rows 0 to 23 of 52, columns 0 to 33 of 34]
2.130861688161796,2.4275600625934293,3.5622747878388448,4.215401605835387,4.960894066511224,5.330416871702229,5.7479956229791815,5.682644116574905,5.872670711872898,5.752215815910086,5.399958723191342,5.006334724706784,5.755460825444233,5.6943035453195145,5.874124144375345,5.252460386373382,-0.3298112409731277,-1.914108581318098,-0.5450590997883797,-1.4908781596935574,-0.6792084354058563,-0.7104993676144676,0.5300145285071725,-0.9934453755925514,3.627170076460418,1.8392702376614678,1.579006681445726,2.147400741289213,2.4935470974736207,2.6374963255494404,2.8892919868005915,2.9874380482714833,2.4907535217456647,2.0565586393680793
1.2137701721365186,2.0918190121733473,2.746735670265934,3.680947871104596,4.324531260189071,4.780270303627522,5.336147150532506,5.56251596157659,5.812445676939623,5.576376873392143,5.3863713739974575,5.368474025347025,5.638808203170404,6.067788656915752,6.162660184348193,6.2313165855115935,4.541365057409071,3.023309086257092,2.565609540455613,5.081291058048396,1.255973121361597,2.6956513069033727,-0.5670306629960651,2.3740315223263417,1.5086764472513732,0.8159324322309465,1.96300037210144,2.852318293834446,2.2903570449107034,3.279566714315923,2.0710458959113627,2.217586423178388,1.4213162864546738,1.841790394395791
0.6266408490830192,1.3535946715466647,2.1813190435664387,2.839646965791743,3.519522854305226,4.001610602562051,4.458796068119209,4.664841583740591,5.032779119041875,5.143147259356858,5.056568081329732,5.029147780593024,5.210984877891085,5.445772633688004,5.3304508741535575,5.52607955132986,3.402517883634515,0.4106158321465903,0.9961424419396333,1.5800699434796883,4.760928631839353,0.9295391269844571,-0.24842566287603504,0.34045592053938584,0.6199920431012523,0.8376857877972868,1.6860754858581182,2.767841848145428,2.423360634301157,1.8413844650418283,2.388160089347613,1.0841268568246474,0.4902234239953203,1.006399939320402
-0.144363721429253,0.793858734555911,1.5142943282299903,2.0434862019067315,2.5289997626857756,3.1975768216040286,3.578829653278967,3.7697805021711464,3.8247992563338404,4.114093655029943,4.190359610965469,4.2941870412101855,4.3884159162767515,4.5288853138126495,3.897143489972065,3.116195407149982,1.4973275164041684,1.5784740579500323,4.0856192129491555,1.3481234027375195,4.662536348710026,4.577166040983439,3.1438387342233014,1.1731508817300436,0.7731978509162294,0.8485501446108386,3.24861335827993,2.6378976306094613,1.0990051096829279,1.9049438383380772,2.28954977372377,1.145907155105187,1.1481318781883068,1.1749486288704831
-1.3958699907596839,-0.3233895485357999,0.5976478545702726,1.4665651220124045,1.8110735212566553,1.9492271888200803,2.0833176638223345,2.5363531430004413,2.9852118897722684,3.1430744252554126,3.3466268880127066,3.122356094097509,1.8641559377068826,2.425619124366004,0.39215154311331424,1.6949753986341978,4.186521611572233,-0.551242490517863,2.2242837659150956,7.500656665234364,6.122045168405583,8.534090494310623,-1.142309493992156,0.6791178965577763,1.8634851177614973,0.42526716334209147,2.4105852195975284,2.085775311232248,2.4462135832696688,2.5914883990186404,2.3294563054899085,0.986743223633475,1.6012559719256878,2.073587380598186
-3.303012634836628,-2.3335923116795927,-1.7871103449489398,-0.2801601448907941,0.25357237546423744,0.7607404050800158,1.558279799237424,2.3157296698089955,2.1175698977794135,1.747515803017689,2.3873085820910847,1.6011314834715225,2.1798414828809403,0.8316183352069876,0.8011342516672204,0.8890733045129147,0.820769310838042,0.9959655316459356,4.837453205364103,2.228932449083628,1.4266166534913691,3.2624469515003183,2.5293378429846025,1.0913714190664097,1.8359410562634526,2.2371118811059465,2.2898122504714546,2.7121082921081943,2.3842977283003193,2.5148620509519577,2.1049877247321147,-0.16862452062864758,0.8646559572358404,1.2410655131300843
-5.735123663255629,-4.950172382228205,-3.6289970255099773,-1.9174112032662602,-1.7342028009415453,-0.562822196711217,2.5117589557188733,2.074571608097561,2.0351204520600614,3.115757517469687,0.8260158164651111,1.6446389620366542,-0.5152456640743799,1.3953990312173723,-1.0727303914350923,1.0166505565945043,0.6824149944031129,0.030589323502648737,4.626386776624171,2.9677581114538265,1.7887289861977111,1.3442471006728356,1.9096213222155212,0.8577930300757131,1.8981642453207377,1.6942359523825439,2.6491457783499714,1.7419599073385272,1.7616529835539052,2.37234784760227,2.344369221678421,1.484862550773801,1.0153062488258602,2.981996990767669
-2.402502437612088,0.5978851598291471,0.718669598462713,1.7093037380605967,3.6263938159744455,4.117019219126882,2.3233210738340584,2.2072115250375814,1.6542550378209098,-0.3504323728431146,0.7894081025476147,-1.6529612772364946,0.39988298783959536,3.457093008717341,-1.4346541535440784,0.49988108816855076,0.0011347492837674054,1.0716180098242318,2.9941222418552558,1.8393831915074863,2.365248774937446,1.421159114244106,1.8254754187141202,2.495645504942281,2.1149257075203556,1.6959144173337244,2.5156193730263734,3.425170985890304,2.1049701632203432,2.549038656032603,2.4786360123375775,2.1276524884101096,0.7137657341826377,2.242048297087289
-1.7266645837868355,-1.1714592895057632,0.5064988678586021,0.7430710629186044,1.1926297748302068,1.2814715117154907,-0.14231132203972827,-1.1022187108432742,-0.5055047494555983,0.14179762211071098,-1.896682058931741,-1.7704249414416535,-0.9882916263799683,-1.847637782667653,0.13601827148627996,-1.1670212903531711,-0.7321101269106022,3.9906285276687217,0.12034506272166526,4.103947224454802,6.865744237621129,0.9057071677386088,1.8062467593408786,0.045906123986361944,1.464939546862979,2.014151806490562,2.6504045717707845,2.1801512046227796,2.5436684024931826,3.1201952129684325,2.0724017428407966,4.0637841004656305,6.975205139736141,2.892384206515992
-2.7716482899621684,-3.0829064139174576,-2.7318540866105447,-1.0542631574996688,-1.0475338503907523,-2.093331318914254,-2.5620757782509775,-2.0092417069324515,-1.5338700231289368,-0.6427108702127624,0.011427407502410787,-0.2891214643833255,-1.7668737515140243,1.3693396034185172,-1.9900057280297088,1.1922839523966007,0.5119974681118294,-0.6242203255665277,-0.4597750172472424,0.0422132130142538,2.4609290631737935,1.7265623665202645,1.8945594794813643,1.9915667722312673,2.4534034021432216,2.2218188538693786,2.704736831427178,2.642280279188516,2.2556474531218917,1.8792115738367206,3.1857975006776655,6.74028368461302,8.662359172225983,9.797685885209921
-4.2708042708795,-3.352301258803073,-2.102025242460383,-0.4912195657741248,-3.0359387835790628,-2.218505376674087,-3.667130920160985,-1.3391683983203504,1.6738673506052253,0.5829853064315371,1.471234880396539,-3.045803198493347,-0.3713116464145058,1.6261825060912247,-0.5862092009270431,-2.2242224174333067,0.5423512677182843,-0.31795458177963404,1.700203685497424,1.1111471815191667,1.661154138703079,1.0494438260960177,3.5224296561409645,-0.17234051921262553,1.560884732794677,1.0530134910991575,1.8953963710015789,2.651322235022833,2.6499176879675868,2.480763525225811,8.382783040794228,9.13323702589085,9.777570119397973,10.233197366697283
-2.2737026748759535,-1.6033253287342695,-0.06828347825194578,0.5974299341717021,2.765123205270099,-1.627110883020435,-2.974194102556969,-2.9081972972731203,-1.5645767175473984,2.887805355141644,-1.5911243526395156,0.30596804817272366,2.2010534647416984,0.27248088154783207,-1.5021807106965435,-1.949936848327188,-3.2717482772719,2.1032932388125345,-1.572956255536982,-0.24186988834470907,1.2427635407940985,2.122412887599694,0.9001331236259804,2.504013092755752,1.2075414671206206,1.4535826147839768,2.791710500682566,2.537848063388976,2.5178573715448564,3.4866161477298485,8.326407243326509,10.534575534550072,10.259740405148015,9.97323377908763
-0.9342926088203362,1.138975737466738,0.3045859022938063,1.1203382677683211,2.239951409144106,0.3384549135503242,1.1829929901975182,1.2830343373204534,-0.5229540802338946,2.960829946065077,4.975141091018175,0.20417248597438425,0.9850194080004907,1.1052441284967052,-2.034571248846938,1.4513670762920818,-1.5854603991562886,-0.09786664298742562,-0.5679849557207662,-0.7622439456360027,-0.9800452437488335,1.4797202911683516,2.348696065342799,1.9934969976197556,2.1821958806742083,1.2955106701053332,1.1444325807176874,2.1730398991080797,2.2530953075105233,5.502886545978071,8.531191092018945,8.763188357585516,10.092135214003692,9.552886310364139
0.209350096405572,0.23440132915650097,-0.3465806881094171,-0.18204489464093007,1.7551879134877701,-0.7705648866255557,6.638251188371632,0.8987424138648287,4.915752321739125,8.957466534526217,7.589820112161759,10.479026234898011,-2.7984503692668095,0.48640699933018433,-2.790498660681216,-1.516809080621149,-0.9693759951686134,-1.537191609278125,-1.9632613868754583,0.707718109188303,-0.6143632299515176,-0.032339477376722804,2.148838571232694,2.628467088331783,2.095128459123098,2.4222865830518634,2.6970170538055416,3.235277279062675,4.156427143793754,6.872629832693511,9.278690565613674,9.403902977790281,10.930336438387467,10.137391693461607
-0.5366500709371166,-0.8917170633064178,-1.4137714781304271,-1.4071743496487974,0.3886223670401684,-1.3043420999266884,-1.436954343004261,4.069113033150787,1.4491118640545075,5.647392658793478,-0.15047508629918804,8.267856363302133,3.6654705454057432,2.1932691825120676,0.866093571294089,-0.27223355588510606,1.5139524283776082,-0.7053317252042806,0.1140753335788924,-1.0441127126769225,0.7289861014780833,-1.523266777498941,-0.9931451219280923,1.9001256837763019,1.1307789020780008,1.700309375789513,-0.26176437230272515,2.6845057519432824,2.4909436812486163,6.313571022621693,8.495250866113302,9.254676213699014,10.557875637266838,10.60380420397326
0.9801695521909899,-0.6578242066855128,-1.8337757669208834,-2.330834799861262,-1.0336462675933022,-1.871042262701634,0.7481570357361839,1.4306499769833525,-0.2925189249109148,4.419145880900228,4.900435956385698,6.3956147439146696,-2.470577119915972,3.253401224673629,-0.3686445561907148,-0.7859433788731264,2.962287279433685,-2.005841017983511,-0.898449636430123,0.8139132451347368,1.189909176552954,-0.4987551432436286,0.37328534472931785,1.449962883981246,-0.24283831759248853,1.59004710664304,2.3900617867279554,2.6535154113551513,2.4403950327630937,6.579240981013015,8.415309614019305,9.296538618737529,9.812639028589182,10.004310057282241
2.21693700418167,0.3011450190149177,-2.2369405243263385,-3.0157461197317055,-2.3919760680293223,-1.6498089424557025,0.6633515728628603,1.6875209828959974,0.503019997680138,2.6277877295619594,9.207334585317941,11.481539691165768,2.838962020130373,0.38777183844050384,0.6681658565701045,-0.4265469903029215,-1.5734525975241191,-0.7545997553577726,0.5016929757276589,0.4139064647169102,0.7361568175257444,1.0119948084915085,-0.5163774847308199,0.45448748301488995,-0.6077519675926338,-0.7107695987972741,2.1070504601724513,2.1416013418934163,2.1736299949374,5.038849748244903,7.414810731566173,9.13791586014219,9.941088450386934,10.245909071974513
1.091710017731159,-0.5215813623076118,-1.4953925589903467,-2.7893713088839123,-1.1301447129389934,-1.4895621136226769,-0.5626214111992729,-0.9595930290440147,7.335196894803902,9.989318374540515,2.498819041455782,6.876605506229927,-0.8072613232467515,3.710608883506689,0.8329236695005411,2.3958783923500415,1.2680082972188977,0.29570564015578676,0.08544325898240494,-0.8819228821166486,-0.7305465319480368,0.4876791193442786,0.31089719283600586,0.6324639688752643,-0.9529610061670292,0.4946203460046095,1.2269998978162493,1.4703172749493651,1.9948584510131717,5.254283947015777,7.369262710411466,9.352175970157916,9.524016398287358,9.922255908769914
-0.020199889785350235,-1.4964300112789823,-2.373656823768268,-3.2539360364992986,-2.1085752068007606,-2.0613410276471233,1.907486159659082,0.2992819476687406,-0.25815848022944066,7.527466299536898,5.633201764322442,2.7770408631927865,4.648585330002186,0.3051775167191669,1.480569574889424,-1.3643247077546081,-0.15618428634622675,-0.5246214710367897,0.09681204940923517,0.28382899090135255,0.6953907647004293,0.7506970967460745,1.1190140420435277,0.4255347050207826,-0.24499771364332162,1.2368666544738933,1.7534485134977946,1.5850452198838125,1.3330371326183814,1.7544111050509812,3.057296345642419,8.33033985011755,9.154574916626677,9.429651518234648
-0.10149158200455007,-2.1217480326212486,-3.3577952244851597,-3.816349515186254,-1.9514809731274987,-1.6012670735636427,0.48161696959864386,6.655155215013128,6.796900704868354,7.246761324985389,7.626776933146365,8.801742694055386,0.03878805997429597,11.329612050696808,-0.6058483546460264,1.8892378361044146,0.6934839456708093,-0.47793165667230886,-0.9134383458233416,0.5627826281729961,1.1261493357909067,0.43200087446872526,1.8593344552009303,1.2375529532159772,-0.14515449266176067,-0.15520761867561458,2.3471741673741215,-0.4215288238461114,1.5822982639498093,2.255424912202033,2.587755782340808,2.6974907364550877,7.571032371879639,4.99182674440152
1.4776286075673264,-0.9103898355690511,-3.604270546558119,-4.685704911364874,-3.997467504436845,-2.9053694818388753,-3.3458575315787082,1.2222498626468266,4.508223891266185,6.510404068258872,3.105718054823095,6.286902815785593,4.70152569232875,-1.911707536406422,2.820217817262956,1.1496256930586155,-0.41798911321247917,-0.0572658904409679,1.3096344302207747,0.4484963849616826,1.5248889351653323,0.8735688515359729,1.027553045967684,1.4570343583422105,1.2583930034639188,2.102444518613865,0.6933591788574835,1.903940093379172,1.6232511364253088,3.4904549229953816,3.26754348564399,2.6465032669321578,7.138764644634884,8.930999288246928
1.53040983167598,-0.10782972235006075,-2.795461957075643,-5.081002729566121,-5.165617373819016,-3.484120967885617,-2.3643921061562456,-0.3240059645442464,5.09466912388937,1.579017354539123,8.713466241959596,9.321660016101939,1.2742023988107571,2.799751330450668,1.9431222908206653,1.0868892089972606,-0.33364875782761555,0.5938663952818826,2.776467124417566,0.09268693192704087,2.2962909701153253,0.09583097711366151,1.518379871343074,1.2862328057783345,1.892803201693789,2.0803459890221765,2.4325438363024787,2.3161961540481992,2.9843042142602765,3.8188018692657897,3.1174249429459104,3.3644774140713385,3.357959061534807,8.181087527166348
1.5450620689171966,0.4520491936929043,-1.8324390952811984,-4.833401318020267,-5.356200442019919,-3.153874471573456,-2.7491886370006746,2.487411824689296,6.693023759250671,5.166366398992579,-1.1148511951581397,1.9732977221965855,4.0870092533565305,2.427967407611491,2.949381249913671,-2.812392010043468,0.24940694250572956,1.3380077731978255,1.710663077042165,3.321218544630646,0.6718351927922057,0.5322743300224133,1.031662671622831,1.322233121033113,2.613448540353015,1.9638467616680444,3.211809012080715,5.2895257742023984,3.7548240756326927,3.6906983855988313,3.2994161143442726,3.8793631028279423,7.038161075489609,8.959946210712626
3.404307895190297,1.9663617218163416,0.18059129157800377,-3.169077102698294,-5.249633892763959,-3.8209511340517768,-1.4715160468995905,-0.022005244796248963,2.6803752058158694,-2.4792147817425776,2.3239160858824004,-0.09358710257852568,1.1908861425034416,1.6400805073371938,2.4247919699048888,2.850798846286465,-0.10914844564397755,0.9424771701019475,1.5975492185273834,2.9835020824643954,1.829320288912415,1.4545682197658432,3.568005848547762,2.5624710493614224,2.718292936857993,3.1413300198868392,4.622514605461398,4.369720465079409,3.2551278799600647,3.5032372062470953,3.6895105002301647,2.9819735630441846,7.00793570579141,8.633443178461553
