script/wind150m.json
{"header": {"parameterCategory": 2, "parameterNumber": 2, "lo1": 3.000054539987559, "la1": 64.9999836372058, "dx": 0.5, "dy": 0.25, "nx": 34, "ny": 52, "refTime": "2026-06-23T16:00:00.000Z"}, "data":
[rows 0 to 23 of 52, columns 0 to 33 of 34]
-3.058129439652879,-2.2801666867801615,-1.902553512752904,-1.5444531707700762,-1.9045410797896107,-2.0971385559282156,-2.5269393714447785,-2.236659645090802,-1.950578902531493,-0.9857772050801753,-0.3393900695124666,1.1299476822919012,1.468992116505122,1.533119335411801,2.2171289550869195,3.035616560447944,3.675120151620946,2.3804326426061335,3.041157238478003,4.149643025476949,5.412177931379012,4.9968645165337415,7.583158423065613,5.681623145759944,8.11207988343123,6.348033236744579,4.240464359701648,4.637696009611428,4.900383631131064,3.5054064454279614,5.016215493751551,4.172471128583291,4.632675550818722,5.475650978024932
-3.8334450414692065,-2.5209020717148034,-2.6522532478248997,-2.4780918946007007,-2.8002774114773183,-3.277950774217213,-4.351155197849184,-3.8392217167032547,-2.860214402651275,-2.349403785492009,-1.469854303825131,-0.5964529190639493,0.5618884823213486,1.4171842042566778,1.9748459294371525,2.729375699866383,3.6543902761169007,5.18807986550372,5.52291640935646,8.162392565607192,4.338332417798119,6.652282214255343,4.317217273074055,5.576041178621117,5.732809382262257,4.439606183289211,4.358568801176842,5.135334402535003,5.034316346797304,4.54711125342858,5.340005671155989,4.423378401108597,4.289198267365341,5.486341320808005
-2.491910631886794,-3.5263810186393134,-3.525842093199511,-3.7870057700796615,-3.739887986727576,-3.9465428130452587,-1.1207084312242066,-1.5961084479183545,-1.2361410065404264,-0.9121761156788466,-0.316858776620521,0.7808923632085832,1.7477208279721335,2.3810920294723443,3.3308416108798182,3.8003815792128774,4.818287381645022,2.2919336636538725,3.323545189103523,4.403656031384621,5.731939340604023,5.45114488631072,4.090070295772656,4.625564564502444,3.9783219323303127,3.5036482842470122,3.443330074993826,4.529123246778634,4.433830913246361,4.384509008204267,5.781165501218025,4.724938205147198,3.6740098382691024,5.254459418068708
-3.7467968900828508,-4.119726513106297,-2.869255800489872,-3.2533180124545718,-3.6379007500233476,-3.634323022917545,-3.257434910041847,-2.918804765112044,-3.1093105003283656,-2.4113084412208603,-1.2464669010946443,-0.7904494389383375,-0.3504780549605438,0.04179469718254267,1.3628104064541946,1.6622046238347061,1.2118985170543946,1.6314977532912731,3.089580301018188,3.2395879689161764,3.342592538182402,5.221777214791449,4.23718803545811,2.6411438444078135,2.2787868932625104,3.4877400170968973,4.12668465843899,3.6472934414651834,3.890875324987121,4.823405093194068,6.196303126072319,5.44798984493615,3.0007888378778507,3.8146767776015196
-3.416398412346824,-3.1899152960986226,-2.953873167130643,-4.259772788637774,-5.58324081969903,-5.9266520655592,-5.701587914494501,-5.017569154770999,-3.2994401158169335,-3.216975448702754,-2.6758849711695043,-2.066932768086487,-1.2879138754628503,-1.0852581615220613,-0.8439886267105241,0.5708235493851292,1.4456788110311949,0.5822590839966488,1.9785561794863658,5.718276442885183,3.2579130831206444,5.115169454060617,-0.7401743838089506,3.436334717969098,3.306347238454911,3.7042797816531254,3.7078292685274192,3.522669658149879,4.630491988551077,4.423172716963265,5.564492710090079,5.224456985411597,4.148280091968936,3.002866464597639
-1.512126701733739,-0.6273458538448002,-0.7745808309533707,0.5332363014476094,3.540386426606966,4.141277156043225,5.373547493509648,5.923898082010911,-2.8689324338876467,-2.669643149489947,-2.3333582109000566,-2.312221770876187,-2.997742823911936,-2.3485398544411233,-1.4065182654820456,-0.06518451710695415,2.551325774008174,0.2372710666003433,2.4745309325500147,1.9458678202491806,0.9688535550876687,2.681571482287017,3.970686172386579,2.8041493910021873,3.2695294806352515,3.3026190950530467,3.707949821215754,4.1605868800650265,3.781932139675444,5.444975423884416,5.301694915454238,5.0449699524335925,4.211237031767907,4.555206285728874
0.5866628256222947,1.419679440432501,1.0763022487012528,3.3901864463217324,5.570064439925075,6.175896921122005,6.438303727755472,5.6121823997991305,6.962180311537419,-0.1878064563073627,-0.9105837602874756,0.22554847993860874,-0.4262935228683734,0.4379723449998662,-1.104237855331481,-1.4501282567407336,0.6394320096572538,0.8393653146445105,3.15220402407948,1.774326763831701,0.7960137588121935,0.8993969376696952,1.3672042076489068,1.5533118124248613,2.2234472893984174,2.1312885587936097,3.760721506445477,3.3099826673907318,3.964121183745388,4.619241363403279,5.658629610128051,5.698767441480866,5.92313342509135,3.689902756645194
0.5298206784002572,1.6193434788788008,3.54362977525764,4.498214249332905,5.147665309963344,5.735590439369199,5.267559214031397,7.09025154139097,3.130000280915131,1.34396991773919,2.3586568907226253,-1.7301539110055317,0.5960610301010993,2.756567469160802,-0.9706926395413825,-0.11662308805752719,0.16414071010223438,2.554123462860541,4.172607991652772,3.440837648955982,4.161359836339179,2.036382636568794,0.39503773874061043,-0.6929920747264507,-0.4207321316904585,0.6529870471153086,0.7216024801708352,3.081984974241475,3.420830374408384,4.27860822020063,5.705380572619113,6.064904424489761,4.847874005870195,11.409104307220758
0.6578720082976778,0.7166853443254735,2.0640779704481336,3.128376273906086,2.998274355617146,3.7428440999399055,6.905676060971176,4.892368732478625,2.391304282476053,2.516858364583643,-0.44675654564384537,-1.3535196014060393,1.5360280821567014,1.4455209764525694,1.415381970228775,-0.3694848673973767,2.1421256111959073,3.9527987492068184,2.2167648300011233,4.462443588753448,5.664823094798638,4.434995082817151,-0.9182712935016363,1.078890101512792,0.29775067613299233,-0.27635101895212827,-0.9774986366702723,-0.010861108271825803,1.9800849282161352,4.579450766053161,4.559736210253349,6.022878717120295,9.466388511675357,13.067599665334285
-1.351494019716532,-0.6231214860276528,0.8629363559030753,3.2228885801284637,3.9554819134411243,6.739902252564163,7.056983305499678,3.610074523078144,3.754852629586025,-1.014078724061872,-2.3031266873703182,-0.01570995978213319,2.87894156041125,2.6908327697255308,0.5430830962008691,4.664051683137402,2.7078518990206177,3.5981286132481873,1.8355531259842588,3.6217492064259047,4.659501142862063,2.1054862787350634,2.49553179719781,2.091039606745398,0.4740114422497269,-0.6793907200803048,-1.92386009893471,-1.643469278315445,-0.15528193764955991,1.176818194968307,2.889858711541792,6.281636882124779,8.699264993417835,9.739003520577139
2.4928478505260014,2.7676453455858216,3.333163327949457,2.2455236326199772,6.487871805478494,6.391429768560615,2.791605953263383,-1.4325592397595808,5.120592111239688,2.570916626574996,6.199821281989181,-1.0294886490177857,4.007328274682925,6.793770739631133,2.711987654032894,0.7494260915303625,2.1751694720486316,2.7254366088855777,5.599712436978832,3.2222042564582005,3.2219048678596365,3.573303339731574,3.856437108514593,1.7127963601706764,0.22814447507975763,-1.3742480063575186,-1.7212021150867405,-1.249645043863475,-3.9602749859023474,-1.6328243590077391,2.524875470837177,4.184931311662753,6.8088735028667395,8.470784811808182
1.6040267056470316,0.7267727700967817,1.1411371733943865,3.4822790599550264,4.5838991842654275,2.2819572236516232,1.6848625860110973,-0.546464638223358,-1.660426900303695,6.301787894085332,4.4999751188709425,6.369222413296345,2.4217404203920707,4.801842682010812,8.40795710457282,4.02970501932131,3.4432020393513376,6.926761217929648,4.817400212745001,3.514547664896672,4.32737682723856,4.355990258381221,1.1056702966543646,2.8875890329601033,0.09120094633694638,-1.571159909362941,-2.134117551797762,-0.8183061818031171,-2.820176700092241,-0.9781330887247172,1.3755568797501017,3.3374845997741747,5.944031067126933,7.689155257596774
1.2133173893472433,1.4510011217578398,1.9905967246783371,1.318633454731786,1.8690406926875358,2.0181973693220594,1.493571672703039,1.0168115123780757,4.28542416507524,5.412527595093728,7.4633517929274715,7.814197421471471,3.7588178697823635,6.273064377367738,0.9469454411788321,4.495144730360953,4.121008727587765,3.7688086891531625,6.447002492438658,4.3732609185079605,5.004284070372421,4.719860804644336,5.9167124580017285,2.423856161772728,-0.06705333173769822,-3.246326485757225,-2.0484118542142027,-2.993664564122211,-3.050189745904837,-0.834984357720177,-0.2597244412038729,1.3622091303667214,3.2281933967772156,4.900131634563278
1.9163839610180808,1.9202180070326305,0.40326220345353114,-0.8218383113085221,2.278820842620653,2.5372520565788674,8.258793557403267,-0.12313777375193963,6.243576683416288,7.327375020129827,8.703426676995916,12.051863693913402,-0.9335736885442271,-1.0356289542088202,3.2321987830145527,1.3610259694430311,2.7310892921665624,2.5389772882797406,2.9873400356956417,2.975661530516597,3.132936742570016,3.5873096580076194,4.515031319049314,3.8575638331962554,1.446015442866612,1.8614089920468384,-3.7259317241639405,-0.6051691700741338,-2.9081613864248603,-2.2256744219770153,-2.252882320475261,-1.3278907063166268,1.170239184614237,2.5858008860743285
2.5724364223235936,2.298763459206777,1.3947930352255626,-1.2343731701218166,-1.1071990106467846,2.1940828241460375,0.12318121887413534,6.710685692695438,0.5781895683270247,5.960829346977372,0.19926499834713868,9.529687957607706,11.554872588096943,4.3532123618120595,3.5092383235898943,4.554610055652467,0.9823516204927193,5.68713731326625,6.100019676699218,5.1543317004801965,4.853735022319663,4.735236157820692,3.6881873703969923,1.1184787073001472,1.4945991402100263,1.4950561354694811,-3.3859036177048814,-3.399432678028933,-2.3825131952534373,-4.524782686778325,-4.343997361540036,-3.0990594940175975,-1.2059621956464996,0.218107228569801
2.9915597244214513,2.7496710575241363,2.2977171319141174,-1.0682452963272098,-1.441143085690035,-0.43000767994185685,2.574057567091963,-1.149597099311217,0.6654381962681278,5.108217948127306,5.880968927151925,8.109022076306605,4.515573655884157,8.199512450811829,3.1906683369842455,2.660043763281231,6.272403704397466,4.189411732159428,2.981778854436369,4.615828674144768,5.303710775732819,5.724747941846953,3.5318097422940835,0.4960751019623044,0.8557990340556735,-0.7629769198924363,0.35844412781249474,-4.610567512834878,-3.6661695014772886,-6.14987710529238,-6.951710550384693,-5.530364660582515,-4.254516487798154,-2.140758789977433
3.183697288669677,2.926633118725811,2.366383125576749,0.1368385615816984,-2.9132315722363087,0.21372052000376504,3.1502998122062156,3.2028262691247535,-1.7246371881436944,7.200771614945439,8.788859271634601,11.074666178437539,0.9994658483894033,0.7808259133352353,-0.8748162706353337,3.052399243648973,1.7720915164461375,4.011491605730805,3.723138651818833,4.649871421479693,3.653191104131773,4.436577088584647,3.4883326935738106,-0.8576977431811204,-0.05630373364099635,-1.1626915049567659,-3.8253963910861186,-4.540213121689213,-5.089178046615518,-8.026111634542533,-7.160031655688226,-6.034314746805087,-4.8894053417675085,-4.021154621904034
3.5842902670559296,3.220322624190371,2.5247558279195133,0.6925445147920518,-1.2341927443351903,-0.3796808463953109,2.2945346864161777,0.25264479782536065,10.695418676764541,16.87694329939426,2.798500119870368,9.59156411302704,1.5993174086697972,1.438232736484411,6.361783942918803,6.12237220408088,5.978903598698571,3.6934596368835275,3.602797508228459,5.107801451634717,3.8658549315392445,4.328243971307466,4.09295635286692,5.30603652388615,1.839182110672684,-3.6371625267457075,-4.946637270238446,-4.35893145393464,-5.524929529692053,-10.029772078611629,-9.002105300283702,-7.3372366926006425,-7.676624841489577,-7.005651650054408
4.009577722168971,3.947498610854711,2.76009060008818,0.24837649903240322,-1.1861495095802572,-0.6575848007213073,4.3274854517270755,7.549173990882931,1.5239523971527356,12.629874148843701,8.744510002561178,4.668040354606932,3.357607660435052,2.4608167607353195,0.25916010227954156,2.558924404099547,1.2087962906897942,2.8180689267888432,3.4654680827583264,4.982162144633358,4.870628939703481,5.089489984136597,4.977513658763385,4.615287682837893,2.7670247029364057,0.26494857267737904,-3.968174720638797,-4.546073302773776,-4.645145731362589,-4.719767268536566,-5.851414764598556,-7.826823630685817,-6.605777937811466,-3.9699380606804966
4.204195047492773,4.221575857142634,2.493382287048096,0.12269733249654927,-1.5364467860071718,-1.9906309126870445,1.8230682663636082,13.684896310436375,11.24095505696936,8.362547587530116,10.421406545508251,11.38070512072455,5.915969564187306,7.131663165974727,5.504492295115149,1.8543252448540126,2.4266699862311514,0.8477845617027199,2.019129998920308,3.9641423856214435,5.749053598818304,4.32839738502292,4.050062109658174,4.807258707592906,4.376089815591295,4.873361175921518,-1.6432910410872557,-4.152970887717803,-3.193545482380024,-4.570512431145792,-4.641636087890337,-5.284630546178189,-6.716092622487148,-5.458750599909816
5.250791191433059,4.641883108149341,2.4948779021837226,-0.0023207758813286296,-2.3995286631198245,-3.8729880625072295,-3.691696726425407,4.074745433455946,7.884777665787919,11.572430645050018,8.041981068958194,11.889122362701105,5.514070122697328,5.071415828633069,4.018054229335744,-0.1776675724578621,1.81908477314659,2.6466144275575947,3.6245668120517234,4.759701760312019,5.490987441670496,5.671784622235167,3.14015828612889,4.0146474530947325,4.284420013916183,4.478585857791723,4.31577507562419,-2.2686850532595915,0.7191216290306801,1.3745861720940458,-4.60089200508113,-6.657917870920547,-1.8217101011171393,-4.035669285047923
5.013933394132818,4.165682791646075,2.874556096678375,0.5936582284042666,-2.4943542787935606,-1.4848896402943323,-2.3928216378861773,1.0737997369125758,8.465998524839193,6.941105865131436,11.648205042680871,11.153548400114396,0.6551434527675863,5.7210301906547585,5.237128214844079,1.1844773285016044,1.9916035088580792,3.01972755308981,4.6546865449614145,4.173375702098035,5.889474562579329,6.012934611555597,3.337472112505619,5.005026047864006,4.766485533864816,5.381200038018597,5.934425091134351,3.774457392156336,2.2944393706063204,1.8657987263570075,1.8978470798550817,0.7779470511959573,-0.4846698851315122,-0.614161460405172
5.4196819143681125,4.584560206781881,3.1853538275641746,1.2713187580423921,-1.6281241371252009,-2.5326240784230643,-2.48262420415672,2.7659014124999066,12.363074643464303,10.44064697612358,0.8677076444239978,5.459222412326399,3.175188637213631,6.746538612712848,7.087916182263793,4.778769062802896,2.8527838552913853,4.199322766344305,5.322874799338727,5.8189027974131475,6.058128365295064,3.0919785109883087,3.499317776304134,4.816258722046229,5.905894892457255,6.157285557412914,6.688041602212901,6.237365300716094,2.0289208391380327,1.5888620415158579,1.8406930139420286,1.2980207870354177,2.246845752126775,0.3272519318843461
5.582350717055988,4.736201359971522,3.4820113318629176,1.5064470855433485,-0.8097735329068915,-0.7428230744088109,0.7340564536645912,3.2977820093732344,9.399645492700744,4.970594798391459,7.527473197780233,2.896735231739498,5.359548871891555,5.798844603710385,4.000961127761857,5.631536860975706,2.81689012975757,4.137578059583343,6.083006133034097,6.095725420830114,6.147705861232931,4.260901369085233,5.565262148130326,4.896612740036591,5.35367071166986,6.428483212574064,7.695606538122082,5.044132015398981,4.0021105977096525,0.6191521277047911,2.792284691690725,0.6499034031564901,2.1699924662036545,1.3737482213154482
