script/wind10m.json
{"header": {"parameterCategory": 2, "parameterNumber": 2, "lo1": 6.000198445256149, "la1": 58.999992894266676, "dx": 0.5, "dy": 0.25, "nx": 22, "ny": 24, "refTime": "2024-01-24T18:00:00.000Z"}, "data":
[rows 0 to 23 of 24, columns 0 to 21 of 22]
8.32717388201769,9.363457830872425,9.245409082715598,10.68388361002658,4.775148489147774,2.7469015007275495,3.4721771203019847,2.0629622965165426,0.5672429050936696,-2.6152264591360264,-1.067330653558011,-0.016110491453797334,1.0984341527079071,1.5544686561391137,3.370308154456853,3.1916627287241486,2.117041797191737,2.003196082728968,2.244085522749753,2.5427456321350763,2.565138286498604,2.7384311237147356
8.10721090301621,10.77335206922933,8.312022154578559,8.124236048794701,5.89506770562895,1.1067690298344974,3.1103397319824473,7.369037208155401,10.201409857972694,9.703132772126812,-0.27043439265304525,0.799201016027491,0.9077683796365787,1.100871536792494,2.0424031354151655,3.0869323007373497,1.5321643309356272,2.3085033689243524,1.709027791131075,2.1469815491653006,2.2015901432683296,2.840115186140184
7.862978475274319,7.875597264084134,5.665100600697748,2.978026950080156,7.317336095247658,3.329886296826118,6.872907130323091,10.51632676326722,12.37397877814411,11.922996349221732,12.657967987048904,1.0677448966973622,1.585879965884756,2.297259861617128,2.4033206360966095,2.733191476418812,2.5962786066038652,2.9151964383988913,3.238134464633553,3.343431430450821,3.37846295333397,3.7869845687431085
15.654272532288903,12.47084553822275,7.8701878815493,6.38945881072424,6.79258278718043,5.659510774789988,11.56586367464705,11.917331285641337,13.499807744150187,13.210551482052411,13.551052558194709,6.91471429956358,2.4512508860318696,1.5567670185560785,4.759700662191757,5.438545692239511,4.216417906074983,4.511477831003645,2.5222815666983633,4.063616652464947,4.3743137478793495,4.49086114552776
17.024995558869286,17.925217820894996,16.67809010521121,12.840695931764019,12.159424369674857,11.604215498867053,12.603768359146173,12.927400932084716,13.887275137128535,13.454987998161481,14.220081390373853,12.499816619397693,3.6348532728863394,3.2707062732226455,4.3124331826575935,5.118986317704133,5.045859312093976,3.7844593518086906,4.717745981944545,4.798118334211814,4.6154040235109495,4.654949190417574
17.54919801887692,18.161111461188803,19.666264533620968,20.053571022200863,18.408771822101855,15.449830683951204,15.719754888283173,15.766831346161718,14.497937877866923,13.063379973391228,14.432423026110493,13.65890762270988,7.377664093459603,5.094805978410775,4.727793608410016,4.69439400679879,4.457664324862967,4.715005551938059,4.42860926583316,4.39012908405147,4.714732910655589,4.595057472648126
16.936025501127855,17.92235875475068,20.117750741846447,19.907862301047572,18.50594966388294,18.63098956957841,18.49150548964165,17.988495989644992,12.182300660526959,11.67702176463327,13.900877097445676,14.501487759886276,7.828732039634918,5.126894505354981,5.25395692966136,5.046762401834169,4.537131674428577,5.176683174377878,4.6517104347498845,4.764185348455392,5.0360729650550295,4.951106520644309
16.731787394447846,17.965184372409276,19.79706908801749,19.658094619575042,18.505211071216692,18.07189568242464,17.39742927912625,17.94906125206001,13.634111194555514,11.582286502597137,11.380089389970447,14.127794404687892,14.169679710845825,6.513811348948512,5.629744510075559,5.352377951367963,4.821036662126334,5.067713443471723,5.015786619012854,5.234719111457296,5.244208201447529,6.734632330021657
16.906570083020735,17.70623832252816,19.18369177265432,19.605893744329745,18.795722507938986,10.11215836498654,14.705864933265069,13.120519485692828,12.311928350261766,16.510986545042847,15.718978459153703,15.406209605214547,15.090918240014698,8.189078731921663,6.209506280051315,5.874699412117525,6.104705528753834,5.591498445961676,5.700100670192011,5.371264071052735,5.571518168777323,6.6187414307711565
17.025117380519475,17.395914165973625,18.82757544595291,19.673118924598757,18.09349708583934,13.36823865364378,12.789451336728415,11.760006190280832,12.35146652105475,16.23418814594121,15.979489041548524,15.763865691995528,15.361869204100678,13.545401474452106,6.249402948354612,7.323352496776068,6.971832154643054,6.893867235722649,5.9772129574634825,6.104291967530485,6.222436474684822,7.580809136195705
16.680740130134243,17.474459027893605,18.32931645623652,18.71695532601238,17.628367839878333,12.540235328524446,11.411295755612873,12.2243916442592,12.751351501769348,14.117368346019383,16.447532791045166,16.14171992403593,15.083857542792646,13.747046105607025,9.536163184085433,7.642205873485319,7.096056858044876,7.435316726706037,6.82729599609637,6.672161024997826,6.253244035747555,7.172615323528246
16.40031025054567,17.09828913514794,18.118752608435997,18.583693283598897,17.839034637503143,9.300715904023836,12.542913964801484,12.27485132151281,11.217491840048432,13.646992330227187,16.395133284973195,15.451207519086243,12.960638103146254,12.334153953774328,8.590309259757682,8.125546074581719,7.592505412939123,7.41765046391321,6.791819764752779,6.855737655791962,7.48916791862751,8.669906671247242
15.985953342676181,16.68506845149147,18.00143693325966,18.711630630463706,17.913838901489992,10.945865944026382,10.41015162006387,10.391158804458396,12.882191731140514,15.462629686260918,15.564980019460439,13.868273994934048,8.956440788028736,9.128037267930717,9.117433215248957,7.8337496748321644,8.205325416532423,13.451358206717835,14.468456932925562,12.02966107506109,13.78536111443717,13.389504141848214
15.047561323778162,16.730654108717314,17.75998639649587,18.723601283825033,17.375264636242797,12.434532839275615,11.54774145185518,12.083379927701555,12.545890513091537,16.52659973430411,13.82713519009214,10.633137737786758,10.888941250090818,9.580545088582124,10.317761293540732,10.494410172018819,9.686373410892195,14.739043298968424,13.146933020102994,12.679243486136713,15.187039810958296,13.931000555360598
14.2042703745368,15.906638159165796,16.97364857038365,17.778408150164175,17.842053752555334,12.497507310194946,12.24838741853068,13.609471451353873,13.109558306999732,14.239673376193357,16.33630081389088,12.26689513240897,10.278646799228556,13.824673654429827,10.512349154136539,10.358084662810661,13.93054487713662,16.055570285138582,13.827239069774604,14.219911789630373,16.33422859988659,17.138933218403874
15.288676564890075,13.505972240005068,14.439455649310458,16.132560983945382,16.564937421300925,16.42358490951685,12.842965673130802,13.354812939133982,12.861415456225316,13.182107570799662,15.345086800854357,12.39527578939243,9.703600673611975,15.031718076115425,14.084396853521392,15.401582658347529,16.427858275099922,16.09659963977556,16.93134695983337,16.470579419871488,16.360230273165847,16.368999344275
15.306991033517095,15.823446802511558,16.518458984855442,17.237310486294923,17.788114013849132,15.271964222309695,12.944572328059342,13.6028253028268,15.81539005320408,15.54569154649172,17.217143642489262,14.40132152013366,12.397832716488002,12.106952187612121,16.377136011268973,16.175281195077144,17.422842867182084,18.621002791809534,16.619073192202272,16.314008402556574,17.953519907514348,18.244028885632694
14.991172031906464,15.848869191251586,17.077035964844907,17.142390536274323,16.304689884613186,15.882526524513946,11.943353617736564,13.75242113741974,15.421949541017716,16.913557972427427,15.957110904993609,13.286057825171989,13.836349283890884,16.967640430247535,15.704488800827152,16.097364353551303,16.46220769355103,17.293004686390745,17.53254329010719,18.306869970132297,19.31316015170104,18.55949564588137
15.263519174614132,16.16999492425811,16.688886431704148,16.509435172575238,17.44755007344424,17.937567313640855,14.175717581540939,12.61479608496854,15.836089219520792,16.26933937220654,16.843300403734794,17.863223165373924,16.97699994833069,17.38706770238783,16.762464559132706,15.604101453056733,18.2921359451187,18.45257928819949,17.879145002546082,19.310960755604487,19.963073339459598,15.893028562006084
15.906888342562212,16.09877997876462,16.726897508049316,17.354585405148605,17.86997961590448,17.941660553661933,13.643221352302323,13.239255048626784,12.707822605778048,13.450851007942074,14.290283115420666,17.946659846000166,17.02046446061679,13.65749192957898,12.553101368664828,17.912191397536784,18.684202290020618,19.53655858234926,18.97411481006584,19.36373138447549,15.05799069407672,11.60117626223919
15.147318418843868,15.670493205849146,16.046991043069365,16.683230406338854,16.953162362139643,18.014759953948946,13.619446510108384,12.496923804653147,12.219704685619021,12.107791518679546,16.414028050580384,14.32921352767696,13.203572599741232,12.679680283203119,12.502495016519191,13.820444431270776,15.824863193295448,17.398461824364833,9.567621842896097,12.934256745294878,13.797351150147914,10.565030103568553
14.562991613132885,14.758101434459025,14.665273708294952,13.165203609787035,15.093520620828647,15.320296114012871,12.939969536039753,14.827110159646217,12.329467431324419,13.7126030430344,14.042816149213081,13.496351108883395,12.02150665336365,12.346597150091522,11.803318359502319,12.765278118967519,11.130548226215701,15.34062488974656,8.832142325162932,11.15090243505471,11.249885814916945,7.740404545077495
14.309710563075157,14.811494159859786,13.950437687768531,9.664225955073691,11.275049373151033,12.595595589407754,10.622008532300933,12.465321730211807,13.496171798556967,11.412350582302206,11.900361337672408,11.526973695213638,13.819457004986136,10.739420497360301,12.425379938811588,12.083579430036933,11.523370019991354,9.380658156195643,12.346697090565225,9.374019608776564,9.417343377628173,7.503301078385832
10.532001027190447,11.024967003536599,11.474501285369147,11.3501491078343,9.891532954889191,11.591528158104058,12.399891562211454,11.714235578694781,8.798530687118483,10.10543641559024,9.127235196587396,10.008892824944752,11.334298870238804,9.048981569413803,10.437687110440553,9.99006269167356,12.26505653780121,11.001283131530794,13.272512205019844,10.736391384604417,7.696476161318585,10.243662508513067
