script/wind10m.json
{"header": {"parameterCategory": 2, "parameterNumber": 3, "lo1": 6.000198445256149, "la1": 58.999992894266676, "dx": 0.5, "dy": 0.25, "nx": 22, "ny": 24, "refTime": "2024-02-05T13:00:00.000Z"}, "data":
[rows 0 to 23 of 24, columns 0 to 21 of 22]
0.9676679724113867,-0.7918203442737934,-2.159068700681602,-2.735450039962008,-2.588413910363429,-2.232397416568725,-1.8559566518469066,-2.1786078929927357,-2.382691907679308,-3.037972441977812,-4.42886267487474,-1.6932943624664643,-1.9895432286089707,-2.116239317198068,-3.009410724086415,-3.315253186593672,-2.4100069724816993,-0.577199259983042,-0.9101069752292893,-1.1042742594312531,-1.2626670355144491,-1.5771107956348194
-0.4754122442073346,-1.4682038530111965,-2.003881171337326,-1.8181884936073593,-1.9412981424584714,-1.5980410514299421,-1.7100092993564766,-4.477167657428446,-5.4723364675066435,-5.172556630947471,-5.551451583428688,-1.7263748553683893,-1.6732858068587857,-1.931486759236716,-2.316347223785454,-2.1343293941590185,-2.2457427797946288,-1.8811850393117662,-1.478879539431655,-1.0103557111700645,-1.1685513322511691,-1.3265184574095688
1.539618738250727,0.22626858160948712,0.27740866759888816,-0.27701856854520185,-0.4758421429153118,-0.7668628152893561,-0.7410059418448469,-4.765292100053048,-5.6994803625625154,-5.743926690524222,-6.126011832702048,-2.422557454757141,-1.4292290270554147,-1.772237836197104,-1.4106429568468484,-1.7180328421835842,-2.1333806473185826,-1.7579655347290568,-1.561198075466095,-1.5294168361754656,-0.99458102218442,-1.8326577064023262
1.0616891791977188,0.44033889347020255,0.33390530155217557,0.08011546196750191,0.11789298529386007,1.3908572535999366,0.01346655740221681,-2.2276960044982457,-5.108380298412665,-5.594648256587549,-5.707718498757921,-3.404181084994494,-1.2747865101265343,-1.069991922123629,-2.175964478166882,-1.4376441232233859,-1.0556562021716271,-1.2035512602870655,-1.106743471540276,-1.3322353977099892,-1.7267619553025415,-1.8427708521065036
1.430009529976723,-0.1445563546068767,-1.0958743606697652,-0.3389665188949121,-0.20991143002264973,-0.195184245580581,-0.5830211154187975,-1.9752113126427857,-4.227755455609866,-5.1907283834548705,-6.151108901613893,-6.1811952666673635,-1.781062971950506,-1.3214985702752569,-0.9120573390464684,-1.0426304741935994,-1.4121865461066925,-1.211260836728082,-1.0268990251803136,-0.980732174770036,-1.598607341758969,-2.334845377108594
1.158595298575473,0.8566010318208918,-0.15905513494749765,-1.6591181367336252,-2.1734912673608497,-2.1422437219237045,-2.3490041302271942,-2.7568379537123557,-3.248833163400522,-4.366236775618505,-4.941305803695123,-6.261872639525052,-2.495843667232324,-1.340306396379977,-1.0165146953635613,-1.1197268646106255,-1.1072402224835052,-1.2720714706148515,-1.3481861233750738,-1.5585882395585222,-1.6559165421001931,-1.7121108769413034
0.4526302316137496,0.1412633842714735,-0.15048475539908177,-0.34361974438337173,-0.8733319030153068,-2.036932860770239,-3.7157506569823417,-3.8164353250700898,-1.7157977450779949,-1.639948661510479,-4.009729201072729,-5.059676123882291,-2.705450370575021,-1.1006205956283313,-0.7653170979405246,-1.058072156661375,-1.2036936006930183,-1.1627022502954119,-1.2970260594195935,-1.4310143751854016,-1.2306707183184646,-1.5490268529903548
1.588343648561127,0.9545899762631699,-0.9662327438119785,-1.3765076019488125,-1.5557776201964106,-1.643473963786358,-1.7450311104024379,-2.1276197399816024,-0.8420214825751215,-0.9992194467089506,-2.1712624035207084,-3.714710568197968,-4.730602065079888,-1.2986484359982335,-0.6040586341867878,-0.8848459424103291,-1.131133833551899,-1.165102046569999,-1.3472469154027122,-1.5936357532643317,-1.861450864410987,-2.665524059755554
1.2791474438303456,0.42735259580256896,-0.019124460430162797,-0.19785792958326734,-1.3525543334249135,-0.6583743313040007,0.787741016707452,0.6288666367341624,1.2334328306708218,0.1545579267609347,-2.2226366000883973,-3.6348504876574395,-3.3305587721226737,-2.5780743092793648,-0.9594697407976981,-0.7179021082313605,-0.8095271038440515,-1.0693103576171978,-1.207116715754956,-1.4307648426025255,-1.8755812982148827,-2.8129673909609534
1.1226284218666198,-0.19891677837688165,0.5204437647714405,-0.3972830161942805,-0.02836359551165227,0.36767266333918225,0.19718726756687588,0.49107216450725594,0.4480458235686889,1.134738642524312,0.1894451048040224,-2.3730493370489474,-3.260208825983353,-3.361456132086672,-1.117687855203052,-0.6458388560417208,-0.7781266908181991,-0.4836182909356176,-0.7610126874568153,-0.9869781589828693,-1.3704032549595528,-2.400968601408954
3.4924188215152876,2.8797958860758084,1.405241961518034,0.2262879157401346,0.7466029888630269,0.8027293919080002,0.9700548971958916,0.05996079964619456,0.08280514002853497,0.4274420404885222,-0.04766827498655704,-0.6854806108637265,-1.0731815072323512,-2.390463610199424,-1.8560380995535668,-1.0040690161500976,-0.8173753952353442,-0.903552551069049,-0.6351684897492925,-0.6374921910132125,-1.125737492832,-1.722765079880782
1.0054921714486857,0.9886836984406986,1.8633553065557211,1.0560367680733649,0.6228041193246501,-0.049828698290747375,-0.24352120176424816,0.298817809264123,-0.44079575917309816,-0.7102541741133536,-0.15860078187589915,0.23083163382508812,-0.24678547221383237,-0.8635066815958617,-1.3069063064644337,-1.6094461189965057,-1.3520020402283508,-1.4261534234023727,-1.1657160482484958,-1.1179803538451034,-0.9271423155224946,-0.721953021532136
1.8414907446333764,0.5436785246855729,1.4646823942651632,1.4097881104540015,2.038404702735676,0.588015064876822,-0.9192459005865811,-0.9023052711073121,-0.3300636569457713,-0.5002421372391558,-1.0711280190426906,-0.15718236480855788,-0.17282397495418514,-1.2129466041692762,-2.26081308416976,-1.4197941379482988,-1.441548651281366,-3.2563006603689435,-2.1981288908643744,-0.2166671446601181,-0.7593771520804828,-0.21752441444813736
2.6434343031231538,2.4860156649590612,1.990202937138571,0.9799265206407898,1.9197464151838972,0.5955990393650048,1.3173464896015148,0.35329177706386794,0.7071376964604232,1.370674986851268,-1.926446798345466,-0.8682651295725655,-0.6121930556563069,-0.6442033744757842,-0.777585883881501,-1.747373556283058,-1.2019290816865058,-2.3326833767854107,-1.0273541552327137,-0.43727849550254383,0.011639418576217853,-1.2149519634338932
2.9175731814935566,2.8614765581534893,2.7059479422441455,2.180335626248351,0.3915141410957447,0.5890367942041789,0.7440338669166339,0.6595986752549112,1.6551716281505786,0.13789233284057503,0.21970589421280082,-0.7610646717759946,-0.6957662369240284,-0.4415603965115847,-0.5615096076502474,-0.630014346034225,-1.6710916671228602,-1.2233578124804803,0.1653158814341787,0.8228986233740043,0.7747705228203964,-1.243436021075241
2.9063967678822316,2.2212855195419174,1.9013397071619746,1.6549450393049774,1.3448509888704319,0.8181442580024045,0.3743099802338481,-0.0028043483965730738,-0.0346770973666716,0.8602738616587035,1.4892270948953878,0.1142975839467616,-0.7707566788019864,-0.3029402983130524,0.24008638967962007,-0.04120634669915806,-0.3947507171581098,0.6323619011345778,0.7426098194764348,0.9809045963179622,1.1101314042880575,0.13949697726214938
2.866766736614334,2.406480600200822,1.7290817154709406,1.4735229486576662,1.0910825015825998,1.2216297764399673,1.1354002283625007,0.2834655979981596,-0.3703861440919232,-0.738002920785719,2.3095414545430324,1.93840483407878,-0.08507333096051117,0.031157330072425073,0.2424709685526566,-0.019961182093597395,-0.3916595637243812,-0.29015731085711177,-0.4295764613878347,0.4812507971918293,0.9842023946426386,0.33385241119966685
3.355525311906412,3.0459154469598384,2.6934042256874595,2.3958485560436005,2.238421551183073,2.3968394119165715,1.7076814355057701,1.0675301689183134,0.36451543021922,0.46894558235167555,0.30924150241083315,0.5368748196608598,0.943416824617454,1.94643511061593,1.8676868965493487,0.8358040745479951,-0.1552175021950807,-0.7425238769804331,-0.14691554337188859,0.09116627201952258,0.17893872736156696,-1.6159396406574649
3.758101050273219,3.717482787604307,3.5607622756744672,2.9557077811473507,2.7057563723289335,3.108672384217054,2.4346388177931564,1.4655254067610903,1.0619326176321569,0.9925453697497884,1.0463226240845585,0.7345705231690672,0.8158667928807574,2.0864623340576047,1.8176842477630346,0.25872109682222,0.1314885671630662,1.4309945795346575,0.6132081605687855,0.6006136992881352,1.420366455299574,-0.9250415845781722
3.661643535770664,4.01786342563822,3.65947675868013,3.476383244393965,2.944782810491179,2.9972324298016697,2.734932079420231,1.9783790486854336,1.2385562045223761,0.881550667813878,0.293155131461614,1.3680424843513965,2.754756740834671,0.6214999916174234,-0.2921967488587702,0.8633417169122557,2.0383327140459406,1.4289961431464577,0.9638181574445335,1.475309986942025,1.2450623484203023,-0.06751834041734242
3.50042128461267,3.697359325860695,3.689556957449797,3.9625767028326897,4.280319432968281,3.69205976192634,2.92837991256799,1.4484033528964304,0.9745871608013896,0.5947122549199069,1.4187843136510219,1.1093940890748353,0.6471013957948967,0.6372096028298233,0.1403885349684396,-0.4362200410156065,1.9804714716128489,2.821465218459727,0.6935609638941839,-0.38532397508384914,0.029704359126010417,-0.7739315994640515
3.6859645861513113,4.7988683898970175,4.7892372873328455,4.027549202123896,3.1412355092589084,2.2839330281592005,1.3083472430884464,0.9269966298725406,0.7360839612690102,0.5320765545820805,0.4690396425947881,0.27793784800138044,0.644283284049827,0.49432983904180444,0.470335230143511,0.24581732574366866,-0.0006719994500535047,2.0597390811090657,0.4788695921340583,-0.38675108289076604,-0.31952246031792403,-1.1219398041548703
4.806370015415604,5.070233938761992,3.6699918591799503,1.9534549613797672,1.2446363233567244,1.2028417334333243,0.7817603396382522,0.8431824145910436,0.5761964963310089,0.679867661891537,0.5556530418273992,0.25766167092676734,0.2875980431819856,0.359760827888434,0.49923839593262553,0.39107413656639745,-0.04889065493784931,-0.7103396215771727,0.3564611816054893,-0.3192943025831387,-1.1560265957641553,-0.6255952098581106
3.1454347965825704,3.0830001540716516,2.9763793305013597,2.5135970872208397,2.0142323515607603,1.8831414648245834,1.4341366224578964,1.5193585144669048,1.0877266052843604,0.8214490633783234,0.34632252322104906,0.41119986083242144,0.3064046275930699,0.21901476525418762,0.17762481325071147,0.23560989221043668,0.15707644883214553,-0.38676045426225025,-1.063333718368472,-0.08587358302183659,-1.5308794441492437,-2.630486378357216
