script/wind150m.json
{"header": {"parameterCategory": 2, "parameterNumber": 3, "lo1": 6.000198445256149, "la1": 58.999992894266676, "dx": 0.5, "dy": 0.25, "nx": 22, "ny": 24, "refTime": "2024-02-27T08:00:00.000Z"}, "data":
[rows 0 to 23 of 24, columns 0 to 21 of 22]
-3.7132867594029597,3.821570900617287,-1.7001039356787837,-4.859950040164082,-3.5533208167654236,0.09039594286485,-4.810479714642809,-3.660264690083469,-1.4785243541910111,4.612762073069076,-1.6425251800716063,3.5250463504482856,2.755999923853248,1.5944734838826229,1.1556911998244193,0.6411741195801057,-0.10306724824032545,8.389310887612966,-2.1838873862714303,6.338864652085484,-0.8812432150255667,-4.447296637638161
-5.507643183154402,-1.7388227020334757,8.188271160347124,-6.232657216313101,-5.413661260857407,-4.124758976896064,-6.109263947356578,-3.8814519289562757,-3.634838574576451,-5.881838267307156,-6.397054032068768,-5.2090127334017,-3.1394043283878506,-2.4343507690857606,-5.109763341656862,-5.719399367761419,-5.409534780553119,5.46747050025786,-3.921529922242641,6.461307652270213,-4.178546060504905,-1.9703927387306628
6.42073703868794,1.1095305694445845,-5.609073645088957,-0.39218422634539424,-1.916129182449382,-6.189338506897858,-1.8326865393191627,-3.968123936740626,5.14305580041995,-1.1576577134232617,0.7910224361133595,-5.367908496385387,1.430293138852734,3.6174923753290864,-1.9095372041431942,-0.6318405781961771,0.28883029310413066,1.2325310020807851,3.0552895293663584,6.05387712179821,-3.0927054559922884,0.5804083559237737
-5.134266899041211,-3.896308200740729,-2.17756040478069,5.023203535076154,-1.8317820806006295,-4.171620093872541,-3.7118290332902015,-7.3549757823314925,-1.285536179003714,-4.800472775442265,-7.6339724846121655,-6.216207124352148,-8.022537762821703,-5.365699746648349,-0.5181362912517726,2.446558838692329,-3.4019881736361315,-0.7444816749614066,-1.2842626233800551,3.0425427322468495,2.9601082752411796,-5.384721814915472
-0.6214187621956043,-4.922577626212389,-1.2221670269343226,-0.7745533853663269,-6.46051157659849,-2.702644363900759,2.3102348349367365,0.5382862156946466,-4.886475061889564,5.716543341357908,-3.365724259001284,5.513575887292317,-0.7651337644663979,-7.291796730092963,2.4255603445624057,-6.375125108044167,-4.345160476020112,-0.9667224981676313,-1.9963912395055217,-3.2342061911554203,-4.508810767391258,-3.9804997370258333
-0.4267003487639008,-4.685120239091175,-4.903603672892292,-3.6462860593988853,-1.78216216426497,-3.634316499096583,3.4491713474842722,-1.6812540033127834,1.3617402701499688,-2.6276345647900423,-2.1369531271491007,1.2546138793768786,-2.181669409104215,-5.673498895112605,0.14572757199732878,-7.100533163496755,-5.437879442215953,5.790331468028271,-6.626920441990284,-3.0052685167938047,-3.2910244975281104,-4.7515730503545255
-3.288301819108363,-0.3484097483773477,-0.48798052497791344,-4.067839073229604,-2.724992586305998,-7.252822497527931,-4.5005538899199165,-4.384232835375819,2.9019642643232397,5.911890902440235,-4.2440770503573635,-0.09017526525130742,5.524005702543975,-3.8254061438295026,3.028507370825525,3.4333829085068666,0.9417374406099205,-2.107657221559027,-6.878817326071496,5.475745334837228,-6.10656007197759,-1.6145971826317835
-4.256518978955618,-5.690706725434058,-3.9883022540850313,-1.8460619547797064,-6.197818992917709,2.9106096470774863,-5.733632627231767,6.715663382232223,0.5815397840198587,1.0094694331862657,1.6991660036657186,-2.3503438669302272,-4.392268053759261,5.166029994493195,4.845369009891321,-2.0985457806569734,-4.2964617029261625,-0.17700916478922316,-5.322725496568555,-1.4008509463664043,-3.304713149205652,3.378883002174242
-1.9891573166830054,-4.266057829730385,5.7547344398158495,-4.198428859807293,-4.07831200281922,-3.3467759925652256,7.586830085405527,7.621731877816553,-3.957515801873036,-1.6283588394938378,-4.4204294582822445,3.6168929991337095,-2.715320967668521,-2.938707920832701,1.0210205604131912,4.549016525300894,0.02578533879964163,0.2242278036265327,4.388414611293907,-0.4660386354476819,-1.947414182999382,-2.9140103479117165
0.06498174808144545,-4.521667612441867,-2.738249597717265,-0.03903051520947275,-1.6924141380262716,2.2510198063983644,2.1743730297676613,-6.323980241919149,-4.737713398920419,-8.028478925170432,-0.8815310674673135,-2.3865347266507277,-1.454737628150109,-2.11771617676563,-3.4944935304974676,-6.702854805088428,-3.9411450357042725,5.155225125313861,-5.533477156696679,0.46972377846771796,-1.462770562405428,-4.300496333686463
-4.774877033462701,-4.14452885031652,-2.2158981813363674,7.611742490479506,1.492995454028331,-2.178484714684768,-6.449031891815229,-4.811617448716509,-0.8709914196124187,-8.036095169408188,4.42890557494583,5.954278016783599,1.3915883021900173,-4.168539851711323,7.533771099373051,-1.5385708239513465,-4.135344208734283,-6.109357125116956,-4.5040252971341825,6.82836304024692,3.8765848098245073,-1.6705752758085421
-3.49857918537892,-2.6841606491967487,-3.6952670361234574,-0.6013374334734127,-6.047213168076789,-2.0488768945254097,-1.7932026171416526,-4.941166054709678,-2.0760192061092115,1.4349278797818652,5.07340151807208,-0.05059140542025694,-2.4663652192908847,-4.686395916931153,0.8642541983502616,-1.4873222617954547,0.5029884092276181,-6.16085677233978,-1.8712794234806367,1.5311592158615865,-0.7586884499657597,-3.3624685083593806
-6.098111423073654,-6.819252212896304,-4.1584102630323985,4.081776413894581,-5.822920851907044,5.804113877054426,6.723044377886348,1.4068804432805735,4.7712280012582475,4.831492061007693,-5.557031226127182,-4.83142523570356,-1.3797326460082375,-2.5780932901935736,-0.9022189449833861,-2.863858155591867,4.335626636061015,6.814061940055874,-2.1059784545788043,2.185827927712501,-6.3264286953375395,1.2376620424504856
-2.008764788471319,5.174472600794871,7.219373569362292,-4.115056122612602,-0.4779269713601849,-1.5893991186261518,-3.736707335904194,-0.7551329690407769,-2.083115327048149,7.757678478184826,-0.48303719008892565,-4.202186410630984,-3.585494039142438,-0.45184753788028326,-2.800162828197999,-5.460208242341743,8.410357507706923,0.9320094202727408,-3.1785246516553087,2.2913933889368208,-4.64838758874466,-5.794927802513635
-7.081006710772646,1.3183812435816427,-2.6886438105966146,-4.537025141619069,1.1641792198801098,-5.0522686954979426,1.102591604897249,-1.8641425490509542,-7.50769928640527,-5.175847720226933,6.23639435358762,8.239246044862655,-1.364347159142972,0.6376488655666286,-1.0971962789030816,-5.002542555541994,-0.2619132294524544,-5.202987169184765,-1.2276924573253027,7.4506999704189445,6.790924005260531,-6.412063925801033
3.1042245019829386,-0.902438109281968,-2.4583411925987737,5.763153102565406,-2.5997220470993656,-6.190951493278691,0.7444563063257625,1.7408949649975067,-0.08790632182208097,-2.1818532858937094,-3.0801659188869976,-3.879446525208415,1.9939842238694314,2.1350434951543944,-1.750025028950697,-6.833251089896489,-4.110300282568642,-2.3240036206462973,-7.550560556615365,-0.6203306451476202,-2.0288858263781284,-3.3989844094134654
-1.0328903429177332,-5.379015180095461,-3.9867357588219186,7.521057902843643,-4.481608250566294,-2.545875975364264,-3.185226375207495,-0.32647315578838687,-5.091572805717218,-4.837736700797758,1.0667750390671762,-4.160711800278033,-5.878594455990458,-3.9816210800181744,-5.956611725312267,-3.089297688089594,-3.1684831287364954,-2.4844180585163227,-1.6729154499553334,6.088562712800944,-0.4066582313535334,-1.5903541140692707
-2.8395444976405178,-6.014879218515863,1.4654267944956478,-5.962842216853871,-4.3041715790297115,-5.016356557418427,-3.269411881480693,-2.1267983742212113,3.455298261671291,2.939784445375385,1.8059469395969727,-1.213206815562168,2.4569105476370825,-3.96114130015939,-4.631401923982781,-0.9162521305614665,3.304514379084785,2.2603427103676035,-6.155914948421898,-1.0355850637399238,-3.2171331777538663,6.8608913965570215
-6.683298083606805,-2.383883608566377,-6.37551146466731,-2.493603374236372,-3.458800717762894,-3.97082826956113,0.09009881624840561,-5.397629829444563,6.998927852286515,-2.0336296591872154,1.9870185000789655,-4.900285403897182,1.6456148941432545,5.618225144175086,-3.6738458934921034,1.9165493932570257,4.699045014955072,-2.252191576973764,4.1305610196691465,-7.8135138757460965,-1.2332315052948104,-3.148500595373651
-0.6100678908824543,-0.7992688844820995,-4.575501837363427,-2.2097056872873404,-0.05232261257889105,0.33152321242803734,-3.0320735009236923,-5.117130465513354,-5.992306058231684,-8.306746033535335,-7.603398126835091,-0.5471688518533394,1.3984439241565996,-3.8306160689795523,-1.6666403438980695,1.547176642273931,-2.6892716481058576,4.377032397779939,-5.8505753147647015,-3.8442044583264083,-5.078957917878571,1.8535147191404717
-4.791497120590371,-0.2217569388362467,-5.16204408476379,-5.501077321182339,-1.389140295096458,1.680810152547267,0.6433256452359248,2.5147941096972137,-1.069472793226584,5.783383065616889,-0.9434484642489536,1.489797448380319,-0.5543668410090944,-1.1712953796857903,-5.039905139156574,7.848009898897784,8.289498719123808,-5.23176945506495,-1.2555013841458025,0.17026473223070812,-3.7299939793777774,-1.192539258294017
1.5003340325008898,-6.8569934446973155,-4.137746996167664,0.636805211453929,-5.855769999976517,-0.7385890515968948,-1.0549892355407935,-6.4368406216764456,-1.113732308501558,7.408075699101341,-3.4107612749622622,1.874743480018342,-3.3533581418527576,-4.591843622948561,6.396590556813308,-3.162460305460421,0.8943188764564564,7.95125002507264,-0.6798681289922621,2.65555065880368,5.766531080190755,-6.161100808800458
-2.201972222874705,-0.5570670642798858,1.0850885789149731,-5.432221334261581,5.640224825160174,3.6543841539484774,-3.8276144907728376,-2.4723215602193713,-5.239972622928759,6.646837129335275,-3.5349238141083434,-2.0707681546531447,4.0314886480631635,-2.1642014914307945,3.1180842555986588,-4.263167919265692,-1.5767245916169375,-3.552347001864936,1.401956417060178,2.7435896034621816,5.756845422237452,3.6832759327993796
-4.098938288123705,-3.7729589822914766,-3.392842829920757,-1.8349274296594862,5.11949333544127,8.077664220208636,-3.5963254844111403,4.959584712551871,-1.493009268479465,-5.121914496912215,-6.709171228932212,-1.2557779925284778,-0.2954868901417162,0.2629417786913079,-4.976081996894451,0.1666589920085443,-6.196594381246677,2.151504768263983,-3.3054539215769005,-7.063503981948519,-3.3316850360697483,-1.7136777891547568
