script/wind100m.json
{"header": {"parameterCategory": 2, "parameterNumber": 3, "lo1": 6.000198445256149, "la1": 58.999992894266676, "dx": 0.5, "dy": 0.25, "nx": 22, "ny": 24, "refTime": "2024-04-16T19:00:00.000Z"}, "data":
[rows 0 to 23 of 24, columns 0 to 21 of 22]
-5.81146809321744,-5.174716556424662,-6.113946820894149,-10.374907450025994,-11.25864363199962,-4.537857444249048,-4.183195126042794,2.293766034896204,-2.075853716401093,-3.934302844242556,-3.861677203033813,-8.57261136959089,-5.832015595705698,-12.36335363904039,-5.583508390339883,-2.274888706306949,-0.6492363797601711,-11.757483672919031,-4.498702423397592,-3.518123947187792,-3.0962820109329523,-7.4584785614060465
-1.0644539559441184,-3.819507733666824,-4.954790051265169,0.9060528805416447,-6.5115229872303555,-10.207528822416606,-11.911653452230672,-4.5653574498840195,-5.177185399339614,-6.698686706695224,-3.7568572282671284,-5.199264105942911,1.3760757183376633,-5.495413006793034,0.27149919680262724,-9.324895878472587,-7.377500799422944,1.6356950349151413,-9.811148988407789,-5.676537194654431,-9.32884498201477,1.42201178302437
-6.713800490530286,-3.7571405418316854,-6.571844314144073,-3.495092677612966,-4.302979095372201,-3.8505871537299106,-12.00100812570096,-2.2467046213063075,-7.1578913200219025,-6.523842956536707,-2.262268727114764,6.312190689834063,-12.85515696436059,-4.348197234522427,-6.501147456666007,-5.49026806225823,2.608186453067782,-3.766531821964421,-11.348562113739176,-6.291565868546348,-8.777961289945225,-14.435280131687513
4.716988551746828,0.601392946381312,-5.734935396810233,1.6159068224918074,-3.5810064192558095,-3.6803080573336513,-8.581960331568968,-2.5810617620728413,-7.847266050842923,-8.93838568209867,-10.00555246559399,-7.851050705571969,-9.422350685814193,-4.2563935160783535,-3.354127100206135,-5.090850988063809,-7.980072410266043,-4.695108668468682,-6.833690099826063,-9.858354429566104,-2.9199481901860334,-6.420705953605759
0.8112484736144909,-7.517375058000289,-4.940650689075719,5.469574415762925,-7.388176401502461,-5.426970194303482,-3.0254761939176604,-14.436524180372567,-4.550709056465304,-7.752083106419348,-0.20693427464115166,-5.511996516493999,-6.188583795966392,-5.81418290059182,-12.074581180058956,-7.809374645007771,-3.177440785126797,-7.178277846255005,-4.379962476452868,-0.45523228749118366,-6.331267904141694,-7.097244720920828
0.41844990074054,-6.907715056821011,-7.418535567736382,-7.149983667345471,-5.533686630201965,-3.813484456175626,-10.405235240907176,-0.2985772037594989,-5.717250057022116,-7.544104950546919,-3.664337856077922,-4.696754249195673,-1.835362693724514,-4.216052256091992,-7.959823158766313,-6.542828474721266,1.127982604888591,-4.009425636147505,-6.819393627976083,-8.094924215891805,-7.84045064089555,-7.025579911198283
3.892518079052601,-1.828249836838088,-4.53437660961104,-7.376476993099687,-8.106401100275557,-2.9527317855580977,-2.611732732265453,-2.5575019147057176,-2.672810044982326,-4.868441712141474,-6.354612489620907,-6.2504712818373,-6.969788543122628,-2.77319733139999,1.3858368559594223,-5.72936299483691,-5.404085749991482,-6.758268481936374,-7.520386636783136,-8.67651951876869,-9.827461850289126,-1.2988198824444146
-2.0456631536847536,-1.3464326651312668,-7.4188224573803865,-6.367224291298939,-8.244204482361601,-5.284561821296579,-9.50100964520065,-4.753202491865757,-10.716002963268242,-5.947452477917902,-4.819611597114744,-7.354808098284149,-8.758476284146706,-12.360314077838229,-1.1274848352399196,-3.5049772670976282,-5.627058449071679,-3.861924610102233,-9.240975070239777,1.9539988439869984,-7.834733209831912,-2.654501821934919
0.791322987567332,3.1955788215836303,-7.889839199282185,-7.4567173099365816,4.09755075853373,-8.060826574643379,-10.189558127494376,-8.261665102865784,-4.299485448890859,-4.001988399644099,-8.566261317987172,-4.262137550617078,-7.26563081308055,-9.573896722640844,-2.1415291640718026,-4.538407994311207,-3.0647784110811194,-5.190066496950559,-7.381044451371448,-8.95661684595937,-2.951874744330828,-6.332766522349264
-5.82423642388411,-10.155066723382916,-7.830064683328349,-2.208456982472272,0.9388416286523675,-12.757678168744462,-5.494337833485773,1.5582985016257105,0.8394161838540277,-11.534670237968168,-2.9688660992081544,0.15905760460558938,-4.775516293268778,-9.41802054011648,-7.892788939514549,-8.182179674969866,-6.826665042402398,-5.824202771116884,-2.5062716175153708,-6.454520444488959,-2.884442793638412,-7.061914737034171
-6.21496552458951,-7.1701239677529065,-6.001273198557031,-14.100944641376687,-5.27889277590612,0.1520979833631696,-9.796133933177881,3.4606684660467053,-6.496926637334688,-9.244655388582798,-5.145772288616785,-11.270919473739822,-2.709608566377885,-5.000210730953155,-4.956201429800336,-5.723129148019218,-6.744649575182751,-6.521220869686358,-3.3936278082223112,1.991022445636488,-6.273945806923713,1.4164092295484565
-1.1892172842230142,-1.9681297772944255,-7.654886194447122,0.5962073628375311,-9.78452407132927,-6.162578712880512,-3.5889078722308474,-6.640074758139791,-1.858762771567113,-5.661564707361724,-7.343107330436907,-4.729528799248952,-4.712199275508901,-6.084175600574428,-5.871915427648442,-3.9267350110079446,3.9670300330184216,-7.677615208522048,-6.158503223442298,-3.9108538573342706,-0.6448774433071784,-10.531971791056423
1.3315740781361718,-7.782448055949881,-5.980707553271299,-6.242485722343995,-6.156786638748561,-12.255312194695046,-9.492531215933647,-6.414246623944651,-12.037456198822063,-6.125594136900179,-8.083624757278141,0.37956181682340506,-7.883649676866636,-3.1162021758016154,-3.258838566692376,-8.322199589589108,-15.012499011924191,-13.113647663016328,3.613283425595639,-0.6670317025002033,-6.924744560207585,-1.8004194095689128
-0.20177724881751588,-10.79138934767345,-13.429018605664176,-2.920418133131775,-8.05964897178282,-7.1672568647632104,-11.244029287405167,-4.318158612938828,0.8089254308224442,-13.333173600644596,-3.6019987745754483,-2.2311477365762657,-4.528303496944885,-4.343930669112495,-7.068834900714143,-6.690947524926211,-12.155560045489633,-13.985298214493042,-3.7770915896339785,-14.237939034833254,-10.485089378637548,-6.036838909717368
5.979094380517514,-4.432299280184297,-10.557029819839238,-3.8921059058577336,-5.921149687950921,1.9476427935513099,-7.3872219876523095,-1.9980108196707849,-9.964188187708114,-6.788162662278955,-6.999710992617008,-12.029745597475783,0.8198175339413982,2.7399908124289527,-6.296989240534637,-8.954293468212228,-4.875011348995182,-7.996728446630764,-7.0096186489373515,-9.464649738955526,-7.02229034922764,-8.947445368490254
-5.250527405050185,-6.5133718473002045,-0.08582111679778269,-5.086802209910527,-7.4393772450868445,-5.978664823632365,-4.129002064386148,-5.107874065676855,-3.7671209023265,-5.724524594090916,-9.49280855015084,-7.231240995891713,-8.914949285273,-12.856511914342478,-5.157572424910748,-7.2827351733516865,-6.412990104185605,-5.548989753814521,-6.765276815140067,0.34977623817821407,-7.37240282464064,2.4376563234324533
-8.149061299679591,-8.667311905379611,-10.509128044629325,-7.945042521249778,4.490217835447548,-7.855020546632532,-7.101385539981533,-0.3972324008130995,-10.846933714513332,-5.406522907714397,-5.809282256485606,1.1859772449792423,-10.93502422199913,-7.8074765816579745,-7.031506614887153,-0.18970620396723598,-6.438857519629476,-3.7780870359200813,-9.836416224932464,-8.439197743032132,-6.908888766951831,-8.909023059761365
-4.4484403041212195,-7.535274458602967,-2.314336521216699,-7.857411942338973,-6.2657749940982805,1.4431209524659072,-2.7604008714595634,-3.6472542488603916,-5.8395069147808,-3.5831541807513356,-3.509770608930699,-1.7642970744318751,1.0057972932425443,-7.794313497355642,-4.65749370498665,4.618650593956841,-6.2790894788844875,-5.006468532096682,-6.657755955982517,5.788172071892352,-7.041604062127357,-8.858315581797642
-11.019120910998232,-11.451346300745586,-8.496711832385031,-6.551926404548937,-3.308689428305549,-3.191379410265636,-5.270177245432357,-11.133138114341802,-10.525526783766475,-2.425878431683529,4.192257663816234,-6.617918839787969,-4.807149607760435,-4.718859023904486,-5.918628713891677,-14.728638103273777,-3.6583583155141106,2.8143257709311156,-5.64660875617815,-7.706788328802036,-5.95998654954301,-6.702004650619131
-2.412350123603651,-8.142498968194598,2.2569224183016123,-7.387690956004211,-3.8850300789148657,-0.41665764914032144,-6.765108488449289,-7.025882484498888,2.766149537667273,-4.816906303798838,-5.717485546668121,-3.236411326835018,-5.287350973280554,1.6551545015392295,-8.603105803163773,-2.2205846811590604,-6.175850352843184,-9.603197493499072,-6.144884852144825,-6.86189461241332,-6.841379289768377,-1.652590749926463
0.8687061313124883,-8.883770714691165,1.9033438198384685,-6.952096170782284,-5.319339283623027,-1.6168533540824863,-8.412331281330356,-4.199040584183596,-9.201954728064004,-7.937211490474252,-4.787488934335033,-1.0056304237602585,-3.433796648751061,-5.773812209915918,-7.591800008071809,-10.362784764920727,-9.900125423463864,-4.490445416306291,-1.8081392440053838,-4.799018505928114,-10.167875919152653,-6.434162244777544
-5.430980907163754,-6.107604256541215,3.9942237798875047,-0.9320614726359024,-7.3125875923312025,-3.8444566678102636,-8.822423635419504,-4.74409453113202,-2.192315030077961,-7.65792067353476,-6.866056750334672,-8.194053216468824,-2.9929987340289412,-5.734695206173868,-11.226416227086867,-6.247363019737134,-5.382724558766345,-8.315418311162874,-7.2636875829312215,-4.957313129021399,-7.727925110304513,-10.042348876899752
-0.056235663594426694,-0.6657193149132877,-8.064729340572718,-3.586878916056505,-8.095426809409775,-5.188252085789673,-4.664786185696165,-3.455721487877499,-7.388636375259717,-7.718163917618969,-5.48255176412547,-5.83650306388,-3.0978589331836663,-2.0192700421681606,-2.524059182837084,-10.108833307111855,-9.124939042455706,-6.674733418468751,-5.918888500967954,-5.433323422455674,-7.383362019855855,-4.691770849310311
-9.22352488496681,-6.925727569810529,-4.897664249985592,-8.63417275529998,-6.595042386585575,-9.880144388751363,-2.910772495246835,-13.367644171111559,-1.0589433880482346,-7.289093504024224,2.9341950238792247,-3.751101811832215,-5.815393468723049,-5.7725365637553425,-4.960623672825866,-10.242036292628041,-11.73910781157046,-3.436871097827942,-6.18949034517935,-8.594096821682157,-5.262833527900003,-6.236393143764865
