script/wind450m.json
{"header": {"parameterCategory": 2, "parameterNumber": 2, "lo1": 3.000054539987559, "la1": 64.9999836372058, "dx": 0.5, "dy": 0.25, "nx": 34, "ny": 52, "refTime": "2026-01-17T07:00:00.000Z"}, "data":
[rows 0 to 23 of 52, columns 0 to 33 of 34]
7.971856402304514,8.073393317500472,8.43438044089802,10.523180059510581,8.5490972536141,8.566062292175646,8.189395953073857,7.75505461572837,7.472709893379146,6.883862180669252,5.911615290917345,7.790029426143184,8.035565920439641,8.47958828222776,9.268605027820763,9.96580172574614,11.511875416321331,11.764165158295148,14.107558607812823,11.293919068305758,13.12570308721684,13.573537006986674,17.04719781493989,16.31462556164053,19.54150007794594,12.565161313209405,12.152443696346111,12.261664866275384,12.308842620903299,12.752790101198508,11.451034688852543,10.992500111889344,11.683693150767846,12.883691362845095
6.758945235623258,7.0082460904933415,8.677983785127132,8.387030823024208,8.231563378082837,8.561696014773212,8.932374840476266,8.317816564819848,7.204412061276248,8.958471543976374,9.393242165159881,8.064211220419681,8.555402507759188,10.342665894343781,10.27541898550083,12.716807882547366,11.797148140241775,14.660482773151676,14.486745566325464,16.003195342057587,9.10137708856752,15.30290534302608,16.188396944861314,19.27532712692454,16.359263984402272,11.033897828581289,15.417410947191529,11.28376633452166,12.439087468600249,12.922673801235947,12.648187988812417,12.107602026260034,12.248452748475062,12.966959910832696
6.026497088437734,6.477612876067024,6.434130910975972,7.719344269532831,8.209333418842716,7.996192543709757,8.48975695991234,9.894440888572191,10.35973060084856,9.956263733829783,12.761374230575575,12.654335696374188,12.37373479165453,11.487158240492802,11.762915680032068,12.266993805280633,15.367204915611419,14.500465109984612,11.636177245605092,14.407130343545408,16.372497961586724,13.215971181693067,14.234084874024937,18.33946594469526,18.488088847114877,13.685241082903357,11.147139468435338,13.675172798527472,12.521440084132994,12.175834681969175,12.400621728845485,12.057690520464053,12.81089450640822,13.29454461838232
8.065200733873633,7.994410214625319,7.494345744883978,8.135494311497656,8.366760644642014,7.43608732289446,9.137635102480598,8.927742702210258,9.362179024111978,11.49323630343916,12.270535314312644,12.808775380857014,13.198089189493011,13.349617802451018,12.959298941137016,14.534591090437747,14.360061254137781,15.852830934018845,14.763140012304033,12.726745982178986,15.363277221987314,18.252250507973688,15.426070922088345,16.803040662915823,12.483890768214035,11.689211114847732,15.090698508450766,12.153279442080231,12.357955861640379,11.38602330677748,10.775153476193724,12.37550225697538,12.311880232489466,12.700041067214826
6.031331084342256,5.881032683531334,7.032119152491568,7.015779640053203,7.227383317395198,9.70555444445427,9.966379513972282,10.057252963032852,12.286339672688387,12.321674580285988,13.090093091882428,11.87439818338378,12.788669596218426,14.153097504798842,14.471163260930593,11.156454624630149,16.417471272971866,9.59423753644238,11.90860567844063,17.00633208044648,15.508423161491484,17.376976003199992,14.562910264339779,15.22068510146771,16.932744563666475,11.27532783648513,12.494520868025822,12.084551330258096,12.541517093177653,11.69963748488021,10.530134142357165,12.36906063719309,11.394528871950353,11.741127489577321
6.431284365773279,6.538345995032869,7.9825939541894595,8.538487582786304,8.085967420003586,9.228534147645753,11.237869124436974,11.874443923872986,12.95039219456932,11.902402209767144,12.409329346787834,14.73224340538209,15.9988629866153,16.107588135457288,12.6434323196022,15.481100643942383,10.578937582696463,12.360928728422087,15.399824356167,14.427050227756938,14.363541175639172,15.45515644521073,16.59807413004249,12.141332309311686,11.56317355894808,13.891688830196749,12.063695079634982,12.650702010972195,12.769781462367744,13.558347430937857,12.026847292046744,10.47066350464202,10.4409162952517,10.462976065265552
6.906101446615236,7.391565329596133,6.9868607956087425,7.973983128605357,8.239271641186173,8.779866382894369,10.49113848025073,11.734050705206014,12.814894603834714,12.894013911146644,14.262188570646027,13.20764649046546,14.402604527468986,13.87255224754912,13.151879660371856,11.846824932122303,12.510509601093132,13.54706157627007,15.26485821185606,16.767623351958434,15.915276862394315,14.903157842506351,14.51573664417313,13.594348507493823,13.420968530079397,12.1980571727874,12.564873411478898,13.049423909648823,12.806466453354906,13.432900423045206,12.558751654001373,12.313866242374779,11.313967038580856,10.347208544671812
5.2916522301329945,6.147311375753105,5.918126954646346,7.389965053403527,8.023109334597248,9.611626074286425,8.831893271740892,9.965556028572593,10.315419780124346,11.68958987071483,13.517156270449396,12.063940903067229,12.657271550557171,14.568884703916188,12.967376263782647,13.378244708973199,11.786039474584063,14.756502491963518,14.514121053755533,14.519758911961771,15.861411700060078,16.32562161240045,13.839715385600135,12.784808356774244,12.160803527940946,12.780954295180948,12.785486369337368,12.84295045657114,13.676140450347775,13.295342681037727,14.534144234985938,12.561580773298221,12.009811985640281,11.290192957091794
5.007018637894076,4.820577688968064,4.650325626412709,5.821214517932986,8.737988450700593,7.5311064333736,8.522043874163431,9.43843065485135,11.49152350321557,11.411567034848982,9.627251245994113,6.823484408702744,10.282904350365905,12.835658342022908,12.502351843806222,8.644260517318948,12.883366534725326,11.862212442415032,11.445753852884142,12.06757308370665,13.092886351578704,11.464278318308773,11.060459658960246,10.154950574803113,12.03724550433966,9.475671648998592,11.058649623273773,12.660217509557054,13.617468762772134,15.134062765576264,12.760840723061047,11.4977803985629,12.024425287079254,12.185640688515518
3.771892808723208,3.102545598289676,3.4643216008595816,4.4321185008599615,5.418856663393194,6.874175885735059,7.686697609676919,10.155978827267006,8.921602027298066,1.4385013710698853,3.2947127631522237,4.204583529942844,8.493909226889597,9.549440194712929,6.772868485911536,10.67073243673872,9.958268498235814,9.941433681418145,9.646001633697685,10.268874254859105,10.639069050330402,9.94250929245755,9.207089636645946,9.066193705854138,6.625614830266116,8.679549824443002,9.80468841606483,12.967424913394721,13.251201744790908,13.487697476949753,14.608203022923853,13.554528601168006,13.350808991813626,11.847216120015595
3.413993127231786,3.419143580528217,4.471397983359474,4.894039833251562,5.571915186610761,7.674423134743762,7.812897467959227,4.2838711538994705,6.379698552072125,2.563384213704329,5.841832619276196,3.366295737018043,4.741509333658987,6.402827084243586,5.96118084554573,6.9993891758742866,5.7767828235150755,6.804814587508497,8.271139567157611,9.004257487037618,7.716116304782942,8.254173816329278,8.086053523601821,7.272337764771317,7.215358037646416,10.164737966988596,11.22968627620601,12.544736262426284,13.605697393925615,12.292364496174013,12.794865014208455,13.536577100677347,13.008449117395072,12.88172778305927
2.4690515382963496,1.682152393251422,1.710530212620792,3.4372365883977865,5.382838753440949,5.996838447584595,4.269383639367934,1.454605855688154,0.6515748760836492,3.986234855932415,4.206490655086602,5.484084511096395,5.384394948598256,4.904096364841804,4.635171264194033,2.969059999317441,4.1457007180129155,5.446653392983515,4.842160641850162,6.282360613648882,6.819179190128554,5.903639350366128,5.274846007003537,5.958008736055775,8.288860635259256,10.108264882482322,11.515376628021833,13.738783925637723,12.504917938535893,14.176733100063707,14.2880621877002,14.763669712407777,13.545762184918601,13.570382853069995
3.033106688006635,1.0039644325778034,0.4807349104361766,3.6426890396924234,4.609132871402711,2.2239671447478004,-0.37863987567166063,1.0149414028017614,3.1801482492209687,1.7876529657953464,3.3960998075779467,5.73390470219554,3.912823470542871,5.657557841013607,3.8548621361754365,1.9353482867659417,1.9365202805673392,4.2582361207420405,4.076820820049612,4.164253399607499,3.7035202004232186,4.44058304076646,4.710649016204577,5.950238699494812,8.755655522679533,11.14518020939403,10.81778742457289,12.076184737410465,13.307220399541972,14.067691552395576,14.096598419993656,14.1458316695228,12.560954132784259,15.11652830508861
2.380327026059845,1.162688441104193,-0.6313800800058431,-0.10488802511446509,2.7680102601254957,1.6101201931639484,4.968819593471376,1.5084357883880704,-1.8151792888571885,4.342157530682324,4.71556654596565,5.625910091523565,1.3995397566069685,1.9082974826280972,4.945503208369775,2.7360417575666136,1.917806864652044,1.8068561933168121,1.8227142396794318,3.358299570128305,4.33271220928022,5.815551835286712,5.6593751239945025,6.176841307208918,10.036080021213847,11.522726473784546,11.126494033180364,11.012587166869805,12.558845270164262,14.219858641255579,14.600950497938953,12.727629897959076,12.545840404748466,14.164100292810115
1.4500525629335173,1.7140110057567683,2.175517601231197,1.7686420189166154,0.4827459205142443,0.858154809291313,-0.005527390949418998,2.0923187358852084,0.5300281981252162,1.6230428295718793,2.8256820313931463,3.662521964562613,2.8139250359483228,1.2766314638370844,3.4698226869894353,1.129211504655297,0.6626324354692419,0.34499038707332863,0.5381204167773016,1.9865699042866796,3.6341120792222896,4.686643344659795,5.872792291050444,8.397551352494567,8.563712468950698,9.210741503761884,10.50579705884272,12.42892715189523,13.485365991485256,12.68833529446416,13.717450993944196,13.76189349554792,13.920746552971396,13.21644611404778
0.6715569314764801,-0.5579027800350531,0.8707467270524675,2.1094798853613423,0.5463480224400058,0.7718041027708759,1.088051604870704,-0.09670030729690265,0.3368545666628926,1.5464431322538377,3.5779941224165044,3.6235526672029916,4.296965630497792,-0.798052842106147,1.532840022436398,1.6363963939360013,-0.21504316448087335,0.40283339925202977,1.4412316068441664,2.6701182883339865,2.7806788570217753,3.745008654093856,5.385919896733099,7.103364990299867,8.401577949304231,10.075777866475633,11.30203084796407,11.785158518986677,12.413338627697733,12.302112367283982,13.606574319305492,12.549233046781946,12.948761830790682,10.383436372500157
-2.1507571514381683,-3.1823456724025703,-1.020136037661912,0.9308387459669154,1.5180717723560935,0.9971216566015342,1.3899193930112,2.381247353011087,0.21200640524081082,1.9700698087164075,3.2499532610775375,1.2749237146350196,4.112167652843248,2.4223996134386643,-0.9042258139999287,1.6523656241511486,0.3482049156467584,0.9598630050157753,2.1546062706784466,2.0910121663747177,4.1389099556863975,7.131760638834949,6.8579669175605025,7.384679620060023,8.728449173768182,9.87113224873713,11.37831442941785,11.419810465510475,11.510875801702575,12.859308783126979,13.06674492352119,12.887017010603689,9.463181244499053,13.46795744336822
-2.5454671079737334,-2.98247595221846,-3.2426966654827276,-0.4216309104917752,0.6912053487897885,-0.9452496168891815,0.9210112790026039,-0.0839724814259316,4.5301462904391405,3.062037703311888,1.1835279116767372,0.8595472238854865,1.8405028198651407,1.6119027512200539,1.5669633841709223,0.4024933142971863,2.137679097998369,2.3841187508295927,2.168687023692069,4.236319447108461,4.650344170017325,5.7514614738397425,8.023997534359369,9.048118661080155,8.387696851196862,9.441943151973078,10.287601324426848,10.636926611978323,10.49403844502061,11.394617329632316,11.63516357843624,10.442176608085745,9.712366399267948,11.16801884360105
-2.6827043189056172,-3.5473896846337,-2.5026575217302294,-3.0453156577246854,-1.8254881051775753,0.328583150410644,2.0632733866871495,0.4658353353424154,-2.151034229643761,2.872971329994608,1.444431531422068,0.741504323015,1.7498937891768285,-0.6540395349600922,2.1241406556012903,2.022204352194432,2.765505429043456,3.612349646232475,1.9710075531909523,3.0653829038022087,3.657585038648922,6.302086939780347,7.266489527924418,8.116918825798034,8.897583422266244,9.262427218790291,10.022266720171475,10.678934159110964,10.925476773064014,11.11080693066525,10.585516656459705,11.091668519883124,11.866821897160218,11.898175304437695
-3.0982934163482065,-4.153025165330315,-3.8374077636955595,-1.0416077431478354,-2.5159362611740534,-1.4414096219328179,-1.2317671925326585,2.066921002651584,1.5606681551190142,2.702853933087254,2.2462805840588858,1.0958259465417584,3.017951118755089,0.7439408759136971,-1.9427624508331511,0.7278281607966032,0.7098466722859068,2.2272383739520984,1.9888179290902155,3.5731983506782248,3.4658139856390564,4.462251613265737,7.666188484658167,8.397766576422542,7.8246364129881645,9.432511866935158,9.300422748647014,9.345800278636585,9.917829994827285,10.403174166307979,9.984532549056821,12.536627794225694,11.496283656022898,8.83352769321191
-2.7827191945914818,-2.805785478784965,-3.637725653333485,-2.4669901047480223,-2.8639378669219093,-1.2850880546886176,0.2108765340053275,0.29556852811214923,3.0272053708118487,2.7409834350716125,1.9901276153378782,0.4268747544906747,0.6228835830126684,1.0476926128035091,-0.32682569718141136,1.0986826731962975,2.109776661760105,3.6539454483511435,5.437653864208551,5.456249611504239,5.666369459401178,5.780786435927439,7.909728540010335,9.02126154826883,9.883173328566956,9.66163395633655,9.76883716890846,9.380810625566625,9.563353733521465,8.77562430841606,11.28007374570005,12.962337777810964,11.929891963951839,7.176329373897228
-3.0567703331587484,-2.9606750884288213,-4.52868082155262,-3.259359947912254,-4.51324778670934,-1.73879826015507,-0.922300398335732,0.2775205678144245,2.460716750055414,1.7930110524403737,1.1648280108286684,0.6298947183276082,-1.4832398263835322,-1.1016267891584275,1.3391050123489896,1.427582199824404,2.362567301722054,4.132965711958641,7.600368037107669,6.5304901361051195,6.4044235637575975,5.8866013599757965,7.914812539735473,8.941693766591474,9.681814735211374,10.50559233761263,9.496328752299169,9.41183399248324,8.514660959249888,9.169150173271282,11.626911188454473,12.368404020457568,8.284581367512653,7.502435857412972
-2.6955686747163075,-2.900101115218547,-4.755458817993665,-2.423042584118942,-3.6759767312050062,-3.7733741812375565,-0.422067858779132,-0.08510285895602841,2.970680559648232,2.2701723118385653,1.017830316939007,1.2357274006211074,0.3773086101075589,0.09486924866868549,0.21999339678110444,0.4265866077872479,4.575080898271728,8.319500637436079,10.122663799031173,8.340153783533506,6.670868908236915,6.543365642473625,7.677634008045794,9.052544133348327,8.865434439924165,7.763666137837753,9.368614935081458,8.83863804222658,8.669309334674416,9.828021038049512,10.28114553145046,8.516753832313553,6.137044030584009,8.5812581202206
-3.0119303954081538,-2.53648166453453,-4.021549064197231,-3.184804684056883,-3.1874044951860654,-4.063399384179397,-1.3603754427539905,1.4177557766265414,2.652104192576032,0.8683519434423963,1.765657634774706,1.2664932180531738,0.9733667397066466,1.73366412402605,2.7787478579426375,5.011428921128227,7.809037051319411,9.649398291674677,8.45154516081147,8.409844502041167,7.272917023817475,6.535618850361856,5.830683445952376,7.6983796607516615,8.511711376626414,8.20817132647415,8.983936431901823,8.553927084753795,9.193449695566569,8.106613299089997,7.030719780016199,5.5263968873835605,7.200583206726322,11.5124750621565
