script/wind10m.json
{"header": {"parameterCategory": 2, "parameterNumber": 2, "lo1": 3.000054539987559, "la1": 64.9999836372058, "dx": 0.5, "dy": 0.25, "nx": 34, "ny": 52, "refTime": "2026-02-06T21:00:00.000Z"}, "data":
[rows 0 to 23 of 52, columns 0 to 33 of 34]
-11.99241727497315,-12.073695089503232,-12.05388562185886,-11.861910844073329,-11.737275159178164,-11.60173742318037,-11.23660545549942,-11.019393324800824,-10.815182238910573,-10.094161907439114,-9.568891003332169,-9.380057096600462,-8.846101605632034,-6.9826154112122545,-5.47690919318751,-3.6370715318145694,-0.27753556032771387,-1.1716528415707164,0.12082750505012008,-3.3825630158973197,-2.854351090728786,0.5788584355463555,0.8691619167498443,-5.073411961954896,2.101281249285473,0.9700216195170835,1.1756729896499145,-0.4415997778578193,1.6615630945158713,-1.5827365335174473,1.2863180119325026,0.6608012653477011,-1.1755648004250792,1.5914017416345858
-12.063505062807659,-11.99790199214519,-12.217877192687501,-12.232735562112573,-11.972515190242298,-11.701265751450912,-11.455964863822784,-10.980101785036144,-10.563451884987128,-10.088805657575067,-9.494202045240097,-8.943177273297911,-8.998742364884931,-8.356074494772958,-7.374081311156987,-6.712688235063611,-3.273542495442599,-1.3347962959814292,-3.43513705188664,-3.3463299449513717,-1.9797429791467167,0.13726648817930967,-0.837985151286627,-1.342732578517161,1.5934230775032963,0.856403247182787,2.059775473736038,-0.647412827386406,-0.3805221039978394,2.027163778717388,1.559248932331169,2.093668522222344,-0.4649537400166999,-0.318623306024991
-12.09206769473169,-12.206291277747212,-12.303304841672205,-12.532640096779954,-12.507418827809007,-12.451904913442922,-12.194299117852385,-11.77678455644978,-11.432133968383086,-10.816766850499027,-9.86995994702807,-8.740359296045837,-7.700021880305047,-6.6183185430526095,-6.14335838230931,-4.542483612533094,-4.049935619933808,-3.4842165560373335,-3.193676576498585,-1.3297866182224398,-4.211767204692306,0.24996801418721107,-0.06910947144674907,0.6240917575040821,-1.3002223445195258,0.8736560528211932,-0.7359688644774172,2.459122641806031,1.4151756305903866,-1.3441664467999117,1.8932567838825967,1.1994903256707425,1.906512086510915,1.3505831795502792
-11.85816057197681,-11.986793655480774,-12.161475588726056,-12.242614802071756,-12.253308009785215,-12.363109349927884,-12.174690388185649,-12.026280478594543,-11.855266318119343,-11.821495915074905,-10.94286019279466,-9.984213059422867,-8.09703649458044,-5.707648762879957,-6.189335508197512,-5.0188988544917414,-0.029138588285577183,-3.470105298856971,-6.350046624785271,-1.4118978126864759,-6.2364157664855355,-1.9955059014777283,-3.9848088904668035,1.2592887429807058,-0.8290667382769196,0.09502193885628625,0.6834860083597523,-0.9584966837315595,-0.6741869118962672,0.41423687381260016,0.0979620877410544,1.3157171428063266,1.91988129966287,0.5093762383874997
-10.372501828896818,-10.312839247596692,-10.611457649225958,-11.147295142406723,-11.002901034829266,-11.03091172997858,-10.859185845566227,-10.936275169814772,-11.456013031239532,-12.359741565644352,-12.568220208224604,-11.156640381485166,-8.912738199899348,-6.936919462881382,-4.849924624760156,-4.498237048789917,-3.1044340163861497,-2.676349667192183,-1.6245449159738976,-1.3719064498407634,-3.806661172031191,-1.451309301335035,-0.6197387901782954,-1.4756777165108446,-0.16053854422562872,-2.0020243463006246,-0.7909409492560482,-0.8087446860582461,-0.30142499212169455,0.7261575069539629,1.5004727355938612,0.24656597930717486,1.7923599464936835,1.3394907695657403
-7.560933639899276,-7.593839153725407,-7.849810613602601,-8.617226239189193,-8.601911652338472,-8.614820948325685,-8.508570819861049,-8.541953759777414,-8.970212731088145,-10.018781625006936,-11.432767076091254,-9.295670092123974,-11.93297412110357,-6.04169396782018,-2.380117021494834,-1.4555766564433306,0.3551604690297421,-1.3579875077048948,-5.133020423738122,-0.7495410047662069,0.5699567245283746,-2.999391359908248,0.7632364951443729,1.4955830213819044,0.7916724775495478,0.4282725270789147,1.731508345298813,2.599714212081135,0.5018475720725367,0.19771760821198117,-0.7466656365348083,-0.4077711634040429,-0.7457122670569709,0.7452290672709709
-6.583507583173389,-6.832251355620148,-7.2255918433517525,-7.544936282471872,-7.312843653880289,-7.6809590044800355,-7.4728139127113895,-7.086966242806117,-6.981732917539804,-6.4530743574353,-6.367276585423732,-5.152035478680819,-5.522808478555714,-4.81219657531045,-5.3004182118910315,-5.122525399172885,1.3960039531669006,-3.5212764077179037,-4.556754502709252,-1.3708389661387754,0.566020883008414,0.4950635763657513,-0.500425271411711,-0.5934106089965294,-0.37682415842716355,0.3604815813048036,1.5909511338248674,-0.3999020936450148,-1.0319420126294647,1.3462014115622303,2.883027367705603,0.10995232913485488,1.5776654573230253,1.2421452633369783
-5.623669283370215,-5.779129844145685,-5.343267753079741,-5.3724179777876016,-5.5022869787798605,-5.537232865861938,-5.496429039258491,-6.028197357156898,-6.986036279149824,-6.137771202464968,-5.224672840366464,-0.3529755838575748,1.1796351961714608,-2.526519547532312,-1.5611974941898727,-0.43797714028178264,-0.9765256606109818,0.012562675385739167,1.9731057277845967,0.6254422292674984,-0.0022118263564464102,0.8152521041523881,1.0616617841033593,-0.12007379737149765,0.8166907616189409,-0.033773309180772836,1.2073001999703228,0.922438250218927,0.7909911722109713,1.2090372209155373,1.4786830811779617,-0.5452851777692204,1.895442361605395,3.418015274366458
-4.079403363314415,-4.314496465326982,-3.812954565416569,-3.814152296289766,-3.5504078764906115,-4.882457907812346,-5.502624135529008,-3.8614494765363316,-2.7249737914684755,-0.4241758430064013,-0.4853889707611812,-1.9409372312192754,-3.003198133183316,-7.224769813074739,-3.5326731360178627,-2.2974699969466537,-5.7823019685882375,0.7868967034498283,-1.9917773334534257,-3.6361641768807935,0.6326775481536516,2.2346861237931965,0.6104617350286228,-0.43065200928495173,0.0025442020729916784,-0.3171035333356656,1.8861835148276123,1.306245352406127,0.22868945048384967,2.5602932580805,0.725549938511396,1.5580363133582027,2.8526491894710024,2.8071473550918022
-3.153846997547739,-2.2650699909748466,-1.5538049863251722,-1.535101978335903,-1.4387633582710044,-1.0416879426586068,-4.258329869913935,-3.4026582362636884,-3.395478961822326,-1.1562063474516666,-1.0282778476534309,0.7235385052238181,-7.533635538639544,0.9668767769353617,-3.1817022802847563,-3.8753559496588776,1.9344618557722635,-4.858098041738361,-4.370374032592346,-1.0674652296821447,0.6942285712907226,0.5223711718403269,2.561568838818876,0.21732406583754907,0.3264582285660191,-0.2942248901699931,0.7640983124096979,0.6476216160384828,0.5358766666225157,1.8072362696556512,1.4150078183453842,4.043265487906077,1.9844109562668975,2.6444566813649675
-3.190192376276739,-1.4261544975228038,0.01407547095118716,-0.22442176791367788,-0.8559603716460908,-0.785915195384577,-2.512653032767774,-1.1626621548689497,-2.3618768560544465,2.4572599946149896,-5.952799112531653,-2.4972525657849896,1.2095485484579371,7.502454866287594,3.571611709116311,-3.9195820185269805,1.2434732676620952,0.10235020458846301,-6.013615428254147,0.7969839710399005,1.2735514780748058,-0.2619230036111319,0.3574443232941355,0.3413708203501047,-1.3618356604925843,1.8960900336374669,1.180320338846365,-0.10537276710672033,1.8340922241897266,0.47056108065866303,1.092626883883666,2.205339337372899,1.5828054589031706,2.563928888805381
-3.7026449763108857,-2.4341313355680745,0.9767528607186684,0.531809918518905,0.27893350703608155,-0.7832049195633319,-1.3257798773319363,-3.7928020344466864,-1.9176469284332602,-11.411876299695377,-3.567425972623984,-6.042397243284025,-4.320677430037006,0.8614074799082976,2.006461711053344,-0.8468559211779917,-3.892623056765506,-3.257310491206587,-2.1065604459516205,-1.634992443011488,-1.0379233739766458,-0.792114406678506,1.004792225449257,0.45761799982896545,0.4889170923765295,-0.48498296602427227,0.7898416598688449,1.0603110732488632,1.9294595843568643,1.7762446387159763,0.7461797498996862,0.6662139384557652,0.663295415855625,0.948050589069097
-4.797271042665008,-3.53749395191778,-3.2634942383623917,-0.7869064631291016,-0.10640615107131214,-0.8187325556295147,2.489446829096223,-3.409569267382627,-5.582903078430218,-3.7511444515538837,-8.117017076967704,-8.42334922279227,-2.1536273060107756,-4.545702907438403,-0.7475589657147805,-0.290706562177898,-0.7711126018664688,1.0153932825251795,-0.15803989822356018,-0.3521199917204631,-0.8882115293951625,0.7357849702429647,-0.5330809453502298,-0.5177110666505178,0.7169166873667587,0.0985533726262319,-0.3426044256261116,-1.3485247926978914,1.954216011203309,1.0991721550627054,-0.20467274392651286,-0.17605705970401525,-0.27854687261866967,-0.43098070934200255
-5.482629899096731,-5.017658490184419,-3.8345819271866217,-4.640961100611424,-0.1249136655444996,-5.721576284285563,-3.0936744719420584,-1.5038913510963858,-10.160340961167176,-3.9077105825317098,-2.3637643636416246,-9.041618543516021,-2.2373757673684893,0.3674934103717319,-4.3284600386310705,0.165206600484088,-1.113755448040831,-0.01663144127532879,-4.054224739981999,1.522036159557434,-0.7538218756545403,-2.533598562734503,1.2953009381527782,0.8290912165720153,0.7332174459719286,0.9927504772835659,2.3097272375619435,1.0838183766941962,1.8186739188011058,0.4475957708095788,-0.7632276451284347,-1.023061343097045,-0.928608974934543,-1.0251895578905998
-5.065534262126536,-4.290193412676048,-4.998369169190604,-4.137596842880393,-2.206974922199021,-4.355728578617944,0.6238300501433799,-11.998694063240928,-5.691779539691463,-4.637710556867329,1.3936285265454331,-8.12519809486686,0.92868357633759,-0.41481934910579493,-1.8785615340306798,-1.4352835211544477,1.773724624538919,0.4274641698117087,-0.2883495494724815,-0.20042621312462713,1.3860766686069006,-0.2675708825151067,-1.340149453453894,1.337684731388201,0.06253446495051238,0.30914056455702965,0.250636504325134,0.8008774753900457,0.39345836931815764,-0.1846164955193589,-1.6696540101039667,-2.4293134693972407,-2.481728753481558,-2.924863315352468
-1.4263728260984097,-3.741717732480762,-2.046250160989841,-4.690544768669638,-1.9004154920117537,-3.514417471884909,-8.526043536855333,1.4030026166297254,-0.4934858915313615,-7.2794929585263,-5.686759828314482,-5.867768830952048,-2.314533094554375,-1.344971969408626,1.3262521008799184,-3.0788940033645775,0.9785626482513856,-1.4895788913384584,0.4691249127875098,0.33942786547196846,0.8376196208024368,2.093558531483866,0.08085880473721394,1.309917151473328,-0.46556171670414587,0.28555353803469563,-0.6800066516286639,1.195763806521439,0.43038525787049253,-1.8771880411002075,-3.5034891428641766,-3.853761320545079,-4.62379631803552,-4.757881215644661
-1.5905798532131257,-2.4161623514834085,-2.7905346325248668,-1.968081526648407,0.4151313414364855,-2.019096047817206,-9.996509903927327,-6.405847722983083,3.6369903143887052,-5.351971564629505,-5.583286422281317,-2.658977758894912,0.8314942964563229,1.6738381980462036,0.6274597573392999,-0.008553796668970088,-1.6185079924556256,-1.0559260023291446,-0.23536113484202417,-1.1508834441353804,-0.06302077591939359,0.11631582709266271,-0.347559076818011,1.212999996909823,-0.7461115567465487,-0.38218008043901475,-1.9496731580760227,-1.444795993129965,-0.8244643936818898,-3.254144730967201,-4.7655952838862445,-5.747748330887065,-6.296759457227001,-6.234717717280803
-3.0894658329689704,-2.8966063943123537,-2.8341904928332053,-5.203972008487303,-0.9524634502741185,-2.1729569047977417,-7.13222880971012,-0.8695403284548973,-9.580575103495882,-2.5401258728040905,1.8556083573075095,-3.22250486268417,0.3368389831546639,0.7985788666354114,-1.0112224261380482,-1.035328671985994,-0.9515633302497304,-0.7072417648799555,-1.6348344964187391,-2.0857175112697104,-2.581510346420196,1.3068389364187847,-0.0980466447111779,-1.277190411227389,0.1867470968654789,-0.7379918975899052,-2.3579766352933627,-1.8889902039627564,-1.8454333430685497,-4.026700505395192,-5.395882514502008,-6.476040371737577,-7.036674655551744,-6.51888524858125
-4.41494210433473,-2.5562444605442605,-2.7891207350502345,-3.4233419258200986,-3.7770081461008522,0.8666189675109587,-1.3863780335916571,-2.1352781668487735,-7.685413650937133,-4.751886116229375,-5.897126339522443,-0.6110419731228006,-0.5174217270645196,-1.1973079584186548,1.8675899912940659,-1.776657134672342,0.3489416244700808,-0.7504119818991977,0.7660444572294999,-1.7871673642234245,-0.30281943448913373,-3.3563510445654807,-1.4890665793097113,-2.0224565030885255,-0.849928326833222,0.3629182375630802,-2.5820893085975607,-1.6654494002022842,-1.5118247947566665,-2.1577726029666193,-3.5775108236014277,-6.146301939553199,-7.0718619290041,-7.298719379856782
-4.7584450934665545,-3.7449769300792335,-2.9018424730507206,-1.082051079384858,-0.16943948606293627,0.14661473379259587,-1.1382721273116734,-3.6289575050478406,-11.148739531295735,-6.510448913927063,-4.647795187424013,0.44542295181176894,-0.40380375421231807,-1.975280186252573,-0.8304989773395829,-1.1630316050662772,-0.9866215743800951,-0.5187034825801597,-0.32859125079193174,-1.3088314853212173,-0.6530278917519852,-1.9759976266639248,-3.269152721958266,-0.4315115302480581,-1.8054299937130869,-1.3590195319487954,-1.3181461765309768,-2.274004881542332,-1.7512183525216993,-1.3267597716510846,-1.5500116846367729,-2.168243674219506,-6.610041559581219,-2.476819356383109
-7.2275625430694435,-6.579171113433358,-4.055941269069125,-3.819718609842217,-2.3810094702510933,-0.1439063142175927,-0.06470894118990242,-0.3193750968231781,-12.374568853462282,-4.135925151196262,-7.570543655685486,-3.9755689081092807,-3.296367958541086,-0.10396505512951003,-1.7251445388625337,-2.042623071887873,-1.687763466952185,-0.1852996010023252,-0.9943423058215198,-2.1718065784241136,-1.8161722883904425,-1.6411582020949227,-2.651498387489528,-2.4462243189118054,-1.7306194801615817,-1.321889030037008,-1.7587703974447573,-1.480092393797546,-1.5569473390244293,-1.8540063109650482,-1.931644383625626,-1.7120353704179252,-4.404877660083443,-5.8676898501881904
-7.928731181197773,-7.296500475351623,-5.525344575978828,-4.96615253772995,-1.2974839993442253,-1.7784137784490612,-7.83707610799195,-8.806984799599077,-13.069683023439799,-0.6187566589985047,1.5511513080711885,-0.9354497512896791,0.3921748318308764,0.740750482613362,0.9329827749908773,-0.6399766323868759,-2.2787993088940244,-1.7596713976555713,-1.9467206834684407,-1.7133508400918462,-2.3210461016230512,-1.3282677264128,-2.553694151679602,-1.9818154797431913,-1.5469683510648904,-2.251797070794047,-1.5740215410916647,-1.6772566508014264,-2.7897004713693105,-2.730783978170049,-1.958721242957675,-2.045102351108983,-2.060166450738227,-6.7981107474329106
-7.633120849613062,-7.419574697729166,-6.552582621529981,-6.098953849236701,-5.39844060821651,-0.7642793676230856,-2.385929456791482,-7.970305689197863,-8.893508844303314,-18.741140305034573,0.5573272839468562,-3.8928748919086362,1.3190638072443366,-2.164110903312171,-0.9145450625750602,-2.438685995844139,-2.2052897795293362,-2.666199891444189,-2.723317875683522,-2.8287224290944395,-2.4428785581929007,-2.049068833082351,-2.445752233398317,-2.3958233849400203,-2.2153989208327265,-2.144019922804046,-2.448140085312056,-2.963559103866071,-2.0469539019837177,-2.1674994649120842,-2.0488170506309955,-2.841250051317118,-7.093072116133628,-7.820502800780402
-8.59989213199749,-6.223059998177663,-6.409082504405752,-5.341586525271129,-3.96671080293331,-3.9532637027608666,-0.6333561495205978,-18.98355173655005,-14.38936583480956,-1.0186157913617058,-1.0390717005111578,1.363580585799761,0.5170809774790233,-0.13424625147915353,-2.6554440741870895,-2.7278761301806864,-2.517166697651328,-3.8265117765708494,-2.8870845714438347,-3.2270496220936864,-2.2591812523361168,-3.746729797662409,-3.616491999127731,-2.542149603147181,-3.496994219003876,-2.244932845566515,-3.7947556678489565,-1.7704868577748272,-1.725915705692291,-2.0964811524929097,-2.5418010633801953,-1.9381277338002982,-8.071939118339298,-8.770327867428005
