script/wind350m.json
{"header": {"parameterCategory": 2, "parameterNumber": 2, "lo1": 3.000054539987559, "la1": 64.9999836372058, "dx": 0.5, "dy": 0.25, "nx": 34, "ny": 52, "refTime": "2026-02-24T17:00:00.000Z"}, "data":
[rows 0 to 24 of 52, columns 0 to 33 of 34]
-9.607008254152776,-10.27265734374008,-9.36992195893293,-10.20029141975197,-11.33045180475552,-12.09353658863835,-12.104836261795853,-12.425514701885124,-12.071828123744963,-11.264759937038061,-11.19806227525325,-11.112348528749623,-10.474855206746087,-9.579953109122746,-7.846470412906532,-7.048395856881951,-5.839934808118936,-6.529133068853099,-7.59418901891114,-8.982026157099316,-6.1996512409620195,-4.146992834446363,-5.6074262983824,-3.7550391004788874,-4.176258878974517,-2.55452435455665,-2.423884811740976,-3.3482184405550415,-3.0588015996130546,-2.2679754900337303,-1.6310386187778279,-2.2513094658189097,-2.569139604556413,-1.9992584734129262
-8.664070869999117,-8.715976719225877,-9.029295272062686,-8.266581899150884,-10.173818752440186,-10.809029327508975,-11.832519357596786,-12.594797199353904,-12.837950361641987,-11.867142882607043,-11.934054447337555,-11.14501007901197,-10.975069034078963,-10.102174546893782,-8.502522708148588,-7.91335046462598,-7.53640521700689,-7.555466074274908,-12.496483000804949,-8.284226249881806,-8.550878743969287,-5.985409266209098,-2.775867332124067,-5.111941930143398,-2.716848564893158,-2.862642533763187,-2.3572271458401097,-2.1983065768825676,-2.8026689764809656,-2.7807878006470053,-1.5414106301471655,-1.636895490119017,-2.087873463556967,-2.74608479894485
-7.088677320146952,-7.773795717357553,-8.235581482393574,-6.951141983275644,-7.70008261782979,-9.314594106672867,-10.108183344613556,-11.917800859986434,-12.850427921903963,-12.421699755669382,-12.411781760562457,-12.118988042814607,-10.798068668515972,-9.983059559088693,-8.28851868178657,-8.019053961967863,-8.552325078236283,-7.301493313798847,-6.586291395032228,-7.156753532437422,-8.314888629354874,-4.64732410353897,-6.052069162167427,-4.0044673628452525,-3.493009894687836,-2.599141966266488,-2.0938818127392187,-1.8796294949994046,-1.549144341238128,-2.0814932285553462,-2.032600872095703,-1.5219456507099955,-1.4300928141659959,-2.1978808576112576
-6.146752425338841,-7.374909537552281,-7.746922663678111,-7.602510130455028,-7.3023964477520815,-8.25946220680433,-8.71008395836974,-9.593420613454184,-11.021239246699375,-12.249522354379584,-12.786185809295903,-12.768770236257566,-11.240538299071906,-10.726726902412274,-8.922626202754408,-10.812257796247273,-8.662535290754654,-5.932617081117503,-6.264069395666024,-6.412986613737805,-6.926416250912878,-6.169750602309061,-5.100173269334886,-3.3932304226353804,-1.6234550556484362,-1.5980492543488936,-2.6847011845094224,-2.10716110118225,-1.6443576765122387,-2.9235679440504807,-1.8562531023589157,-2.3797648494676413,-1.830339100542077,-1.9337764958706631
-4.3373616253936556,-6.160351897607773,-6.77318313764206,-6.3793902316201185,-2.928677495612889,-6.356033783472404,-6.83742788210688,-7.501162602733714,-5.876079500472357,-7.338314090520466,-10.497108107431533,-13.100309119360181,-12.049582936308871,-10.467649649131447,-12.330611133671574,-9.872545409277343,-5.883656442558127,-5.641161014069287,-6.237831556993831,-7.21561700230006,-5.214506666280605,-6.3871477675365735,-2.672354196289038,-2.7122552013378622,-1.7781996262542463,-2.1342158566427987,-2.8245622681126337,-1.2180437558243047,-2.246229283563844,-2.823972086972929,-2.370573442543575,-2.441693123002649,-2.48117847047246,-2.180982264334576
-3.4962193744522225,-4.7338347303325925,-4.8745945708343354,-3.921167919187389,-2.6226655040474887,-1.0988672059386362,-2.497671107075888,-2.614122340709268,-4.1623537317670465,-2.683730163863175,-2.675256910027833,-6.367161602750044,-10.449451788784433,-11.539150435026874,-10.215737275509932,-8.562361995934353,-6.462224161558397,-5.984772987376218,-6.245479064641876,-5.125059341031928,-5.968336163723371,-4.77261445514615,-3.473963283336078,-2.7035794484803355,-2.2644322201551836,-2.012497282685689,-1.966534720258656,-1.8649598204385098,-1.0935154482118576,-2.916338116821391,-3.3921963395103916,-2.1166303176024055,-2.0644137074938755,-1.9800187344802926
-4.235291048398867,-3.5351791875399288,-3.7877096181449796,-2.7943174920213063,-2.51054205766894,-1.0322538795820326,-0.6664384882039944,-0.30773072264248186,-0.910396639215312,-1.3322164759333723,-1.6425467567000815,-0.9788670143113593,-5.025108237258818,-8.375334006023238,-7.852057538269376,-8.285055054363843,-5.8185745286417045,-6.215793935371434,-4.781280039791129,-4.639883365539506,-5.682561951064605,-3.5200492853237924,-2.7116094220709273,-1.8138367410350562,-1.6908683934857773,-1.4405848001963175,-2.7523564612247298,-1.0649223267241834,-1.0302489937042885,-2.6123437674432988,-0.2310025096071454,-2.3703057509732157,-2.037223074558081,-0.4094842204575465
-4.070217308193781,-3.641138248562394,-2.9416676546438865,-3.1222461767443996,-1.6215988329488324,-1.001462496498585,-1.5246036147845614,-0.2949689990740848,0.5432725258453546,-0.823047508586548,-0.436350826618299,-2.6385741960232303,-2.4010228197492736,-3.9646986173758294,-6.587580983258925,-3.019489822817722,-5.71120244120114,-2.823788205935785,-1.7978732552696335,-1.264721380334479,-2.12500251739734,-1.2101513479717165,-1.7280452449602415,-1.924653870065778,-0.9002230881890033,-0.5835150069431183,-0.6560638025920262,-2.207867561988582,-1.4351121180719018,-1.4885764780191104,-2.4493605950876542,-0.9070870820738035,-1.6421314929515698,-1.5094755850339903
-4.843484517959794,-3.622279601799542,-2.9929916893170887,-2.6481682527816783,-1.9756232821001047,-3.076840898412027,-1.9349453130365062,0.005934421788349749,0.7469142726640946,-0.008089962301675774,-1.747058305025209,-0.7235398930227804,-0.85106465963478,-3.1853943309448325,-2.6758127172702446,-4.833410135729618,-5.764560929629357,-1.0800126210618501,-4.615222437673104,-3.8708664374340938,-2.9369060071466193,-1.1789126083983248,-0.38492468156079457,-0.10383302131482319,-0.07237312901243857,-0.5039828312725946,-1.5037556090697373,-0.49372988507959686,-0.3936823664285947,-0.9570880455300874,-0.7569102480046896,-1.0214862989777151,-1.7746968811339923,-2.534286403980525
-5.262175543886359,-3.923003557907766,-3.2498188916861226,-2.1104433497267716,-1.731207908476847,-2.028330873626294,-1.299531721302936,-1.0283802906721886,-0.8722874434749623,-2.4728052568789916,-3.6700826001956677,-0.3950838124709892,-0.09338417009647802,3.809721655011682,-3.335818569483343,-0.056907292065599524,-1.256628996121759,-3.1414650313793073,-4.468780645808825,-2.063935394847033,-2.000630284893568,-0.7869472458766864,0.6064376745618085,0.2342876282286076,-1.0415825840730104,-0.8659986364867789,-0.05706711942716849,-0.7058364259281069,-0.1425742344109413,-1.0037682283276979,-0.3342012465228532,-1.2318649889804358,-2.689146349638175,-4.476614672300322
-4.7274148135409435,-3.9551029274797513,-3.354306065368202,-1.3925610211648687,-0.9513821878421209,-1.2905088586711126,-0.4734968102134166,-1.5769867705850547,1.3489289809963294,-0.05477885043643041,-0.44397761067811947,-5.486175921636772,0.0640256157856265,4.749906547282477,2.501052919797695,-2.4535351918352832,0.692818400130008,-2.3309555119068652,-2.4696957212975335,-2.23001756915895,-1.0212841147105387,-1.1648082206716954,-1.3605811826917207,0.3150337275828824,-0.9358319185595909,-1.1336259145269538,-1.4474955343930787,-0.595206126181909,-0.7949033353259746,-0.014409448689764008,-2.8012445075077985,-2.601653781975688,-3.905589043134913,-3.9382667476366375
-4.5769787521928675,-3.518834808112165,-3.6368779767463515,-2.064842837209438,-0.5879581144580193,-1.3013412336520773,-2.1445967857870136,-1.7510672734582855,-1.3012743694041708,2.2791110751141535,-1.342647082357863,0.3779099321756981,-1.2123233908520326,1.1777611116829376,0.6163577763377223,-0.94478847763977,-1.6474736843459872,-0.07205174438974375,-0.4045573762113846,-1.670626892586488,-1.8767551801607043,-1.8103560965963896,-0.7200691819249194,-1.747364740471184,-0.5365334797789917,-1.2485735921901029,-1.3096358258073943,-1.577310999112407,-0.8466026637001947,-2.9428485291331676,-3.3915393781592593,-3.8181214463375346,-3.8541193182081432,-4.104880460076579
-4.608597586175671,-3.8304109135613165,-3.27622239117475,-4.027628787034732,-1.307087933972062,-2.7448670779549906,-1.3994806724270836,-1.0969592209190304,-1.2297153307361788,-1.7834922007921252,-0.833847367844553,3.2114188646710664,0.09466461779030057,3.1746634719811033,-0.5289348031172444,3.027845196872154,-1.227268147123929,-1.9081525055183435,-3.596498058741235,-1.4748929747141155,-1.7663318093180103,-1.8441770283413914,-2.179840541297137,-1.5300102215469564,-1.6300727971230926,-1.6212056703477675,-1.9076506325978728,-2.2473898994143378,-1.3628472244517864,-2.924584286367208,-3.8994611580775094,-3.646014950028197,-4.248272010138837,-4.35455549518125
-5.053134676760813,-4.238806476337542,-3.8755063758233255,-4.502737247587548,-3.6353677036187477,-2.332962804913782,6.350017202154012,-2.1109820610936634,0.8284027003144485,4.9924866026004056,4.246407790660438,6.163548029567823,-1.3856617241398448,-4.795202263610928,0.8735042474783923,-1.7660765955115652,-2.1296341894860045,-2.249746516928907,-1.8198446888230897,-2.5356184448839625,-2.9205225491908813,-3.4348584344700983,-2.5063983699103836,-2.7324067232588014,-1.9996113011694971,-1.9559753750621085,-1.6979831030620458,-1.5440403089027224,-1.795971288124124,-3.0183466672029224,-4.088430529081764,-4.195501190787181,-4.713828085701682,-5.268613964628473
-5.295144882101098,-4.722260680513401,-3.8349384725097537,-4.856276875415265,-4.742441008677487,-5.193307021869018,-5.7071690305723335,0.32061724673571773,-1.9608888633995767,-1.5774943966559305,-2.0860609627057025,3.160513890097478,3.078398149499745,3.501306531023888,-1.4628461905402474,0.12513776698289183,-1.6152857217172059,-3.423984170253603,-2.0669134425418845,-1.6182033732099705,-2.182074870727063,-3.406365476715528,-3.8238219015268835,-2.4168488415386604,-1.473989487988636,-2.8954367782707338,-2.029925646149784,-2.8710553524136024,-3.6127023504131137,-3.7652542255390484,-3.9508014388020545,-4.833695905075854,-5.47443898015307,-5.873481533884354
-4.887257740278792,-4.721199462312643,-4.165635930730133,-4.680846433568741,-5.11211941841874,-5.114812825259245,-4.311494060912703,-1.0623321051406804,-4.825467784093445,-3.5282598574537074,-4.4291870312947745,0.931072902254372,-1.3810431381611927,-0.2377647639439007,-2.9689082015914545,-0.19729210392025595,-3.3544510702901587,-4.55162687008633,-4.3410790460923,-4.474535502579792,-3.620510827402303,-3.8383964850273022,-2.909628556484817,-2.960934878410237,-2.28906673839306,-1.9220715490580733,-3.733348624299663,-3.248437327458183,-2.7116390323923105,-3.692392811479622,-4.384111324263421,-5.314366616160011,-6.136316551215617,-6.180167420786683
-4.982469892271146,-4.845634552392045,-4.725070926924403,-5.2624292566608055,-5.752221111320846,-4.903261663897799,-1.398080490536116,-1.062221521562629,-4.4210433618370635,1.7501399116935978,-0.6275896865690215,2.810790268897882,-0.8137475414232359,-4.48848569044655,-3.6211294535739107,-2.4484693500224215,-4.582509127148327,-3.6023210009146656,-4.459582742946141,-3.752926113155946,-4.605881733746975,-4.0408998460325645,-4.076377901848356,-4.3189871697887074,-3.7462296877644485,-3.8983342281567523,-3.259631997097394,-3.769091792720212,-2.973512791853313,-3.47484773060122,-4.91835403709383,-6.107490713142526,-6.397172784705511,-7.068115245364033
-5.381755436665582,-5.139788584703093,-5.6694008022279565,-6.228389403070797,-5.69892313190381,-4.776769146698567,-1.9065099650618709,-2.625818292738123,0.6360372223783055,-0.8907702744417072,-3.584995657517147,-1.2577706059487186,-1.8734694950686341,-2.3292297075821966,-1.6685613933904446,-3.551739560787731,-3.6748773765594978,-4.107100772768868,-5.353493727334066,-4.921430414938137,-5.944713549758737,-5.111399857622431,-6.341974151731416,-4.610485447425926,-5.02892416923278,-3.3075870979264033,-4.020819748000948,-3.4220959249374454,-3.510638586387906,-4.103225253882896,-5.60966860903596,-6.287761877797088,-6.640494314159128,-6.428994486828176
-6.333106080351464,-5.462985948694402,-6.2743859944195135,-6.184729336775256,-6.527557074901484,-5.4939928049815805,-0.2191836608769611,-4.709282693227837,-8.983118587525759,-1.4138852109060147,-1.2248973772245493,-2.380775430497609,-2.059477587240712,-0.16297902248818238,-1.329100268030785,-3.691875208553698,-4.031807256298523,-5.484571757709235,-4.3482059997237315,-5.4644318627302155,-5.393164848660482,-7.151345726032275,-6.101871589271536,-6.12426473915606,-4.543762281964932,-3.6314971495924997,-3.795314282308191,-4.333393071908089,-4.445738751249873,-4.240283257396413,-4.94913337273749,-5.788035732567308,-5.93567434410072,-5.098667513099925
-7.1586329361798,-6.105659469451359,-6.985962872846088,-6.830465891191612,-6.619101603695468,-4.625350877585841,-1.2963148358882808,0.5834086121625486,3.767064734877178,0.8850039144982831,1.8604184499861307,0.3497566224606491,-2.26953549793007,-1.0964137877396898,-2.803962685298278,-5.985916856251367,-4.214140772322982,-5.355329565989481,-5.27474045254933,-5.915278924918917,-4.7169543931103615,-6.246705033446621,-7.176358776529115,-5.1074877926114155,-4.452087966865052,-4.486358210571654,-4.212758905606865,-5.010636439273978,-4.417225162329134,-3.9766106500653495,-4.026095114183552,-4.120197726077121,-4.687793141205637,-6.915763311750451
-8.293571697008478,-7.45856890709659,-7.8210312340073935,-7.716640772883451,-8.236038328303195,-6.715619895971812,-2.202922666268613,-1.390062742432972,2.6387612752242906,1.8967503954681608,1.8299361599447184,0.2520088475442057,-1.923274082366368,-1.5923199332313467,-2.5021177651596656,-5.63821868669105,-4.974873787926574,-6.545751458271414,-5.808998289670184,-6.750657886476125,-5.283948457319277,-5.281796603621945,-6.2209149239104775,-5.84102974219708,-5.4964447336613755,-4.9741379971911,-3.5444980725807618,-4.368741499799122,-4.123900589600648,-2.9952614487915707,-3.5191884095905923,-3.705404875667468,-3.0191393663259056,-7.171210023587255
-9.536292130974497,-8.529423407324318,-8.446819102429034,-8.92206570075571,-9.537560717239327,-8.008395418559425,-8.698631803507505,-2.1159530695000446,-1.0413933223700562,-5.0444112220429895,0.06036941205580455,-0.24555191172358606,-3.2275204229709895,-2.576586059719546,-5.420349519874203,-4.65385437875659,-6.039909203079389,-6.70830247122018,-6.6095733690688006,-5.900047250186729,-6.6087832255886285,-6.289097028604344,-5.79630281676397,-5.069351488023928,-4.556450052863139,-6.956079758086278,-5.2631684503379494,-4.492440425863768,-4.0381093549349645,-2.64943540895797,-2.4990176610889487,-3.418459424210875,-1.9544120852913822,-3.8051150592189353
-9.600990661869877,-10.093258643997483,-9.19140661622203,-9.686403554172786,-9.553838550047708,-9.041163125170971,-6.460810045390025,-4.864651558049017,1.4634064125383333,1.8250544588556785,-1.5958039405108357,-2.0736484369752297,-1.0612706793137725,-2.630122401497031,-4.502513373431022,-4.236683269771949,-5.7330042182676735,-6.703249047573303,-6.824440595240895,-6.588540269090648,-6.499028801997665,-6.586754334919005,-7.066392838216073,-6.732606239942351,-5.7704472654802546,-5.525352962994394,-5.686263178143405,-4.121399240875529,-3.0876933069481027,-3.2120486056477935,-2.143605251207093,-2.853578956148051,-2.5052491396375944,-2.741527621299727
-8.53432924379224,-11.268516586092803,-11.084583760022525,-11.481370245858137,-10.907040073149581,-12.423495976147654,-6.647162013666768,-3.761354298576011,0.7813447576020383,-2.417029067491611,-1.88288542567716,-1.1424758982652623,-2.135197546759031,-5.329072649210675,-5.729504066769104,-5.4361920420656,-5.375481759915606,-6.798840691034364,-6.4917857822781695,-7.26793578411622,-6.512054182276348,-7.462240376163702,-6.596727722760849,-5.256837060992638,-5.3500311944826775,-4.909614709172633,-5.468096291977964,-5.169192044812675,-4.135688803991576,-3.2157306837173603,-2.339360652551306,-2.5112816518674808,-2.518270828979941,-3.001564787561727
-6.736999723069658,-10.801893157776856,-12.538177947160651,-13.332995797562372,-12.400202540739727,-11.3798159789322,-11.598036577874257,-1.3474578417634044,-3.3767688609053645,-3.1478431540192156,-3.1556140063786597,-2.2234014324211167,-2.384659627284583,-6.479864164723162,-6.352479599618576,-5.403104797962964,-5.76594307700818,-7.56217966546881,-6.256939042180997,-6.469129678786854,-6.95405168153192,-6.9549453157489545,-6.0990059588577,-6.641659479954527,-6.152356535329086,-6.291372556953371,-5.144464556549082,-5.6005672790729015,-4.926929282486621,-3.436660497991077,-2.5897916838776136,-2.822485510996957,-2.9778111471687474,-3.6963245914430907
