script/wind250m.json
{"header": {"parameterCategory": 2, "parameterNumber": 3, "lo1": 6.000198445256149, "la1": 58.999992894266676, "dx": 0.5, "dy": 0.25, "nx": 22, "ny": 24, "refTime": "2024-02-10T22:00:00.000Z"}, "data":
[rows 0 to 23 of 24, columns 0 to 21 of 22]
0.8061707279689073,2.3893633318243213,7.21361412769528,-4.22743964837615,5.414233473007922,4.114530808226199,1.6989128104742148,-0.9143410347216857,-2.109148782725105,-0.6780393581023765,-1.9914762031417557,0.43925952010345154,5.7630063643112,-2.6108583624920434,-6.773228588900328,1.2819042791054405,-1.8210224281569412,8.48295575482731,-2.9532506147113593,1.499538670760859,3.8948900996746527,-5.419309504550857
-10.292221283374646,6.421194270627921,0.8731930785256575,-7.026123703976018,0.10218048941228842,-5.201839838568061,4.557197365160785,-5.348699590418235,4.414765835361082,-0.5055950958615356,0.98276780662902,0.1069483279503917,1.0107186405346273,6.140337902076184,-2.617608804192951,0.5815485076375816,-5.746542687774738,1.1040895708771432,2.4082354247820255,-0.14063247148427127,6.998011982210236,-1.3910230930492675
4.952982848415088,-4.502096156057025,-0.4497510392940806,1.9851193442703663,0.6933685864616275,-3.619901397392151,-3.428961966770376,-3.865942031163465,4.5979112083083225,7.042213504749923,4.2423051752698315,6.042011150345496,-2.55083492834108,-2.7223857895433636,-0.6278892975321192,-1.3314088570408256,1.2841537315211737,-1.6764780397528367,7.012973957929194,-0.8718342814643123,-1.7301172475097795,1.1231390635680079
2.421679860606482,-4.171119531456734,0.37176915488309803,0.6613591364871363,4.952037863339392,-0.5955645337350395,-4.463395621453475,1.1696890625681484,2.687086324663038,7.37590739946849,1.2697262289609585,-3.407309815144738,-2.205843095911293,-2.650986110235989,-3.271262361660623,6.720352814259435,-0.06498424413466317,-2.7958240088126933,3.4782491759051144,0.33306033221593284,-4.811161097467945,-1.5942004328623838
2.179550484388726,3.196091990493505,-1.8617556947867975,-0.11830916588549542,0.5740239334857852,-0.08613044701474681,5.5304398725849975,-2.006402604243484,-1.6168323132992468,-0.11081513240825194,2.1097076085750985,-0.7325769305089,-2.4704241223821075,-0.7914359437263906,-1.0605810474778739,3.4378270170718745,5.9460688230980905,7.0462218796775105,5.910176887845743,-3.0888862504845784,2.9567365150458533,-4.409803298748851
3.245479349646631,2.616544037872718,-1.8059908826001263,1.7987549362175177,-0.5919538415543392,-1.0294398195751595,-5.680074082372717,-0.26148081682234453,-0.4004570950168138,1.1546960182730546,-0.016025553327134602,-4.802657964327864,-1.7149866425711329,-10.769655638884899,0.18543781551477584,-4.244851469549125,-2.701776118529618,0.27866704892988525,5.373996222396209,-1.552997431452465,1.6598177224861457,-0.23837829898044266
-4.3924671973795935,-0.7150324741970171,-2.122856104636292,0.07420743285069704,-1.4050633566767845,-1.7019002544085209,-0.4292633544491413,7.632132778119684,6.872910921433905,6.010305019698763,-1.549727898002102,0.18824306016893827,-0.20329569348026028,-0.6136951130673244,3.531944107041658,7.559631048210008,-2.77221824054692,6.324436652038914,-0.7025245471109048,-1.3787283748335137,2.0588036953841318,-3.18074455602822
-1.0766454375379344,-3.7783420936115086,0.6032130384963885,1.6106581531462907,0.8550490558004585,4.881130370949438,-1.2181693841408214,-5.324837734415685,3.774663706155967,0.852514543836353,-1.181340829646416,-0.3336041336166657,2.2386360065977406,-4.038643578695114,1.8586353371239739,-6.074834060139806,1.5657406316012692,1.3954278302685348,-2.76153353069296,-2.425962149925597,-2.4301504112876415,2.649014162322734
-1.5367645780769492,6.596602682142254,1.4062307096240099,2.305711742771019,-1.9913019492444104,7.354214032831371,-0.3317993766535652,-6.402526628759547,0.07699289247440103,1.740558872880798,2.7447450065357697,0.36990806976148344,5.476764035452619,2.718404368541336,0.6420713510262362,0.19005599629311765,0.06822263605130177,5.632889513777222,6.39674817578855,0.39636189133825417,-0.8922090307538286,6.80446702984035
-1.4645704004426998,1.4070746498813118,-7.164729475024579,-4.993943984823194,-3.1900254502762464,1.6000609073232104,0.9907591146085564,-8.39031919299976,-1.7270510876603673,-3.2772743420547132,-0.9602948059975728,-1.4285351561070803,-0.9708170155471599,-4.64662545188976,-1.614141985669203,2.879131003227259,5.109639149994046,-3.4728162685935597,-1.3058540062472785,-0.3272235340928301,0.795240540091287,0.07929646960232341
-1.891932054993765,-4.5942348891059375,-0.28852937741504187,7.325531102357853,-2.547469083298608,1.6881039045636528,-0.7748700006149193,-0.0395850208871087,1.5735698627730537,-0.09415393763619985,-1.1311124275605244,5.029337969207977,-4.880481092333934,5.061838612226389,-0.7375416035317268,-2.6370935508651194,1.7898149941321937,-0.3701300619303803,-4.21036903325485,-3.031921529601104,1.1042704985220602,5.873006476736844
-4.555605341877485,-5.203638507958361,-2.563720089416768,2.1942287923667503,-1.076327282825262,-0.20265062675846987,-5.109980855408842,-2.1461644646117306,-1.9081198799968777,2.913356248615582,5.412268496041939,-4.2349264898587435,-0.15302282496163047,-0.6227020710225109,2.0579627586910956,-0.8300778924116173,-1.7560254012198844,-3.187154240918247,6.846947846929132,0.07061361511623687,1.4772391826013163,-3.5078662732455093
-0.12059179137445074,-2.5853198090216685,5.701815309567433,5.348378300753683,-0.7879294153207487,-3.972369129364744,6.753730043318806,-4.380660099852782,4.0862384377191425,-2.2089048034662007,-11.543727809401059,4.245007815473297,1.0918189998262153,0.27338340408352646,6.293427206264599,2.6716142739451154,1.243424160646832,3.0283722787087117,2.1645126662943794,1.5936300302837656,-2.846294676819822,2.1840090661990614
3.118516637749504,-3.857959375474665,1.0427112825975935,0.1719217362154536,3.166234278714936,-3.404118198066015,1.2698854211680322,-1.752822541614947,1.2110711243700718,7.322213390947079,0.15708231053916055,-0.6929813183295446,-4.824830357822071,-3.2988675838232724,1.6825602891954425,-1.6482678389954362,5.335811798002757,-0.546877716400322,-0.4443532749349793,3.99376836025734,6.488270727593661,-4.681749724482786
0.47306658141354746,-3.916377317508886,2.4184067321178,-6.792412694726402,-0.5771753090154492,0.9084661607160374,-1.008650668858798,-0.08931630549897247,1.2025060810772756,-4.751072703252037,0.29878890433842664,1.896127397840528,-0.3822697632038277,1.6829124498203112,-1.2146683156082734,-3.1581446915104125,2.3512318582219627,-0.9449490405592542,-2.1722961020728513,0.09894384395452938,-0.0760084697759036,-3.2748417963168586
-0.21523759119481997,-0.36334853880447626,-2.3565191809293666,6.6608953974018705,3.021317855504814,-0.2942433001430569,-0.5414140830587214,-1.2818087662736977,-1.1558223063437065,-3.7511335934573884,-1.329662632980285,2.8792889216886026,-4.424506441037516,2.3881741250229434,-3.4471235148746224,-10.570632719913071,-0.8080689776463365,0.39735605198206214,0.8616968460794847,2.81531607038142,1.454857118107149,-1.4923486060182565
0.6825152757699336,2.177893194531299,-4.851840258777185,0.2925843623878625,-4.373555994745857,-4.346290072554886,5.733259846905886,6.122549742069849,1.1072413483123436,-1.7131538467040826,-5.356849257220761,-0.4641967282531851,-0.713648175319542,-3.464530713880087,-1.4887312433396223,-8.724381990237815,-9.30062854117033,-2.744988735705977,-2.5434489352303435,3.8019762150264187,-7.136045997883374,-2.8027289308168206
-0.11525477113570723,0.5695118326226819,7.934440066294005,2.0649139828388217,-0.49499243445308966,-1.0352880387449703,1.3820604895498105,1.0955101435177175,-1.3472238143578972,-0.44367031842792226,1.9485016033768228,-2.76295992854392,0.05066990730036758,-7.132672916461479,1.6515873397239882,2.3014964674710785,0.25091047510468767,1.3433189913614676,-10.93121525889491,5.3797941821174575,7.827641770029905,7.385682040736181
-0.2326269301279071,2.9540735924315205,-8.0469137909949,2.480889567755614,5.717397666314533,1.4789895979842715,-0.7439541659563608,0.26475045684550763,6.314112560932661,1.0690829440644398,3.4056040094288025,-5.9946979954836195,-1.6163233967678714,-1.507502796651646,0.28006716913256374,2.870912225458025,4.278085915653255,-0.12411118179215094,-3.194021253925388,-1.0562298273404882,-2.165869583086869,1.894049641598408
1.4271368092803391,1.93487639943566,1.233488744383214,-0.3335041708418377,-0.7909817956683027,2.7804825847867822,0.19307363419234477,8.327631711301198,-9.792650233858648,-0.3071236449873833,-0.3767351239943496,0.19533776994640228,0.3768311513787204,1.638164721433062,-3.714190554341534,2.68017710140491,2.1000850111723137,-0.5193338138547848,-1.755852193989144,0.3034565124579124,6.138201708788806,-2.2498109215829203
1.5863949408468767,2.227729652353118,9.038007451102617,-1.673440558521922,-4.374304192345198,4.647205759288654,2.9294478754248456,2.5446066498422857,4.307190678868895,3.0817702169196495,0.6756211191368887,-0.5119312161142439,3.035961717781363,-1.5953472225962186,1.29950262799167,7.43345485371259,-0.32552143495532826,-0.4523239046382117,4.070288468485764,0.38616057933882825,-4.270862903877653,1.496326693056945
6.53313498445383,-3.454260234033361,2.205678791056751,-3.6413295510384307,-2.3284856627494066,2.22829326099395,2.5203422068027446,-0.28727179034373074,-0.8514672477064996,2.6947168283929037,-1.3208929005844836,0.7703860993236338,-9.007800360161074,0.31723091111144114,0.3082087018375185,0.42536346590541513,3.628302290537517,1.962234024743368,-0.5991684491591762,0.3815887254460267,5.88344749558488,-0.675631483760843
2.1933872432005415,-0.3296682552599241,1.9801131578948832,0.6241209216036422,0.06480434944186833,5.89816558113846,-9.332572806215243,16.332237406603923,-2.8295581670368466,1.9376205652645675,-3.436674298694852,1.6756223012118168,-1.949932802640324,-1.4161850965366447,1.2946499902301416,4.856188897975538,-0.03580788730504718,0.6065419232232182,5.416374940645325,0.8337740872772391,-1.7649583950326913,-2.4666596717538707
5.5900766165132225,6.053032526797874,-7.908917711749771,-3.462437771437399,5.964454704134721,5.238501442324613,-5.508986449942902,6.900827063510848,1.5435770031010014,-1.0986742101543754,-0.015903951063474697,-0.8264314759726312,0.831520318254585,-2.9331469394978775,0.5578441596778165,-5.075038382313716,1.415671982837793,-0.3088189515772404,-0.5682467901168097,-1.0227772422658283,-0.024321533228153374,5.013102612808149
