script/wind250m.json
{"header": {"parameterCategory": 2, "parameterNumber": 2, "lo1": 6.000198445256149, "la1": 58.999992894266676, "dx": 0.5, "dy": 0.25, "nx": 22, "ny": 24, "refTime": "2024-04-18T07:00:00.000Z"}, "data":
[rows 0 to 23 of 24, columns 0 to 21 of 22]
7.370897199624478,4.412417215720385,-0.6537671000796236,-1.4126423751746404,5.285812445952461,4.03141882042141,6.873262984441097,2.2348998878039206,4.999864150972588,-0.39045252998862573,-5.4514025840199345,3.348242489265914,-1.035235782465565,-4.566364222837498,-3.2537665088748438,-1.5248017046202755,-6.851732335160045,-0.15659513645509243,-6.354767884606947,7.092173416917047,4.620532655089228,-3.150209298975554
-4.834745341964522,-0.39007726649838004,0.6558284648608563,-3.336723276543746,3.49384494472619,1.8819385823835513,2.645945087418137,4.160729857349293,4.911343372337418,1.2946222449117097,2.6075404226776895,3.525843921606945,3.0879486176694924,-0.9057684885315395,-5.337874506006417,-0.1642655080569603,3.640824435835817,6.543335091845265,0.9383684544921693,6.376050019807237,5.792856778871709,-3.411776193784245
5.41009748568895,2.24243917686547,1.3712930277609512,-1.059882110886196,7.344614261192943,-5.311192088828893,-5.701817543529546,-5.445062225369907,5.266495112063396,5.783209391180167,3.986433678963274,-1.0340829766451598,1.2780222528253165,4.476003307345667,5.951403230843162,-3.774218086862679,4.421897393418973,6.125595111071665,0.08226673388525405,0.8961661664704188,-3.533928401354037,-1.4663547648450872
-2.101485662992355,0.07803155293291891,1.1452820677301798,0.9891074827390173,5.491926503277191,2.6581034294772876,3.5049579532453463,-6.5055271056259665,-0.15675253241074708,5.557905897591564,0.06528712995608947,-5.6326231100359205,-3.8775411356901195,2.415184778689078,-0.4671633522485478,5.097519887498625,3.7872724476000563,2.6929728811497946,4.3764403102593805,6.843382377274314,3.7979809798212263,1.5068044459566177
-1.2665047606464603,5.990215751273942,-6.011798452081048,7.426254235857972,-0.49941422644247124,3.6457551653225178,5.1305097396648245,1.7478196058577986,-4.607987592794328,1.0308709899980268,5.679228387457915,0.40647727323302224,-0.281899493611235,-3.912727851971036,-4.3936753057237095,5.6828236642837275,4.9897835233109955,0.1622647654127526,4.969785847778378,-6.39382930316827,4.811059175633924,3.4624616480985804
2.8791008981912416,6.164591956051202,-4.2228474345793465,4.455132354682138,0.4804334700391097,2.3433060551311073,2.8414050390247545,-0.830369689573187,0.8011294666870086,4.4889458896057945,7.236191322894865,2.1517282797251167,5.0053646401507965,-3.9030907998205775,-0.46960565546223487,-5.8401449255709075,-6.789175849882752,5.243957577922272,5.743653069468657,-3.057447821124168,3.465114201653636,-5.491131681053788
1.5540147108330842,5.786049746947683,3.769572227703133,0.8149305034066671,3.6629775392204595,-3.52817655240954,1.8302839839948346,-0.15487737938847979,-0.8344665751809394,0.38711151171447056,1.7512347268285282,1.1950980406044183,2.0225209405318614,-3.012907814220169,5.093163954710775,-0.9546729990312143,-5.331040632075228,-0.1512900025017884,-5.102484484419808,5.725028679263501,-1.8602442293036303,4.102919789688979
-4.753248207068868,-4.978043945806998,2.6034167904152663,6.396589115516763,0.9837521021120276,5.2989490905584695,-5.120684897793293,2.0257749349933927,0.914242878418947,0.8151884330383364,1.5375098879635716,-0.11133526397203146,3.420635677697545,1.1995161838346988,3.8215821376653922,2.384548051334101,7.968358213599305,5.5602498103398785,-5.722718915738804,-0.2941742583953381,-0.5281110342216335,3.8803114680236517
4.9724747001646294,5.161452023151319,5.296681908787429,-3.488955650023904,-3.845707001530949,-0.41079888815826127,2.558149467411111,3.8894123652672783,1.3322982332467146,3.883311895974668,5.746432498568321,4.684670627907665,3.727056666451278,4.952279860090732,1.433520461054704,2.8045930316966303,5.96597872625478,5.646439573200628,-0.18099450456185695,4.168443256581361,5.2552586904898435,5.977583743239843
-3.6874338241385853,4.988845733165352,-3.2372770039016445,4.649378321801935,-0.543376548811841,0.26262197552561606,5.523600781239827,-4.488520339769504,-5.782008149721963,-5.412046993694481,1.6718020966149165,4.556457067624664,-3.8678993558121673,2.4675160750846965,5.376590746923173,0.05650866591709663,5.315274976277645,3.675805714493978,-5.785944611162928,0.9123735098053507,1.3022735265349024,3.561247586039257
-3.3208936164862597,-6.375087050764868,6.606610733221637,-0.9717598528689305,-5.690343292364154,-2.478632349513394,-6.385870812243201,1.3637562708758582,1.675908526197468,-4.7494602593179325,5.336802260995046,-0.17530534582250606,3.7924510973560817,-1.4588556002851973,0.9952530448829587,0.40992465848537146,7.3060761659304605,0.1907830042854019,1.9464636068783614,3.77990516399353,7.524672904168608,4.921611187368855
4.212386468755387,1.7991449030913178,-0.6541380504379932,-3.10589921405328,-1.855969806047698,5.690106648852724,4.67099855289853,-4.84586904942071,3.876487822681298,1.4315839647890036,0.11750156469825485,-6.354182719472958,0.9550722754333258,4.856954664750501,5.480436441059982,-6.862244113380933,4.687327506417188,-4.907852248349109,-1.6665966475378449,3.5638153601162608,0.6842395485974021,-0.7769638261828379
-4.170094767146651,-5.239550959484907,0.43425090576248737,-0.38683325347459746,0.38908999943215433,-2.226121401338284,-0.0010358960393129174,3.653903031313942,4.797180230151736,4.814643514258082,-6.202446027861462,4.908724077024171,3.817610967424188,5.187575145969559,4.6284285143326365,5.303853246511315,7.16113846896277,5.430348787985941,3.3008137834988784,3.793929497007772,-5.552293050503244,-1.3201918809427506
4.760533271894603,-0.8304258052471295,1.5648688026006536,0.80369469586638,-0.9631179696603095,-0.3444915779576965,0.500443042317086,1.3014285536071957,-0.04580123587749182,-0.9247507850477452,-5.179085898242771,-4.433029447330725,1.4831790088214427,3.3244493730175217,8.175808718279141,-2.2107804526619614,1.5367528239303863,-0.49362947461651635,1.6493866151447607,4.833134770837635,-0.27147353559058673,-7.69884834540808
-4.850555407241347,-6.286414934174149,1.1755778173183773,-3.911480655544329,-0.7551677896786897,0.6322355217900435,1.6190052633769485,7.36124912167362,-4.8894228969372575,-4.81790148952781,6.661469295640048,1.0175773030206916,0.7790698405533775,3.841608114392829,1.0252499898176701,-4.740526598833215,-5.287498881429625,-3.992281246593204,-4.089942139833182,-1.292094056340939,-0.5383066410593138,-4.655579733867502
5.315904563453577,2.5382627020950688,4.200086492654989,-0.8607206930802765,5.477558479381421,0.19433202241583775,-1.958190445021067,6.479541836850154,1.064585915452875,0.12980418871976201,5.425565033994066,2.7710985633872616,-2.1416269484390855,3.596066984371856,-0.936568735819172,-4.227404191945426,0.9208615606077428,7.654909665574453,-0.8691811509758949,-1.7329691478360072,3.8978518931836517,-1.408996868311638
1.3848797187984443,-4.548832247330407,2.624149171331651,-0.8503214489811808,-4.848859414667574,4.951588758942252,4.680862413634664,5.936193594669115,5.497889020762287,-5.559061234877426,-2.17790402961357,6.280673427642636,-4.330063512309893,-4.9302286054215925,-6.829165688776422,-6.628942283362887,-4.06581654267171,-4.574566191190676,-0.6406213833405008,0.2575266444894878,-7.340962070184719,-0.5220763057807289
7.385431147531883,-0.6027472836810338,0.02420934775625437,-0.20547377845847475,0.9420851287633599,-5.118834435398928,1.1337177841472583,7.679928662461266,2.3490216334777543,6.391594962096707,1.7009357479263032,-4.648177710267413,2.7960936018972053,-6.732345482730608,8.217068891658927,-6.42754338817105,6.405023606832687,5.3350532011197975,-4.7296437252427985,4.39984635073115,-0.3704087807746547,0.2235782096885656
-2.6349429846592627,4.690466430051936,-3.0302102505907182,1.7556698579298182,4.9987191490289575,4.553521125174588,0.17841704978178044,0.28013129361555233,4.720440330782391,-0.059107994142201414,4.097741045889357,4.21536600057203,-4.345640504122272,5.517392842101734,7.301274562564304,-0.5270521869030976,2.419856038172486,6.1886468604170615,-1.9600963951606996,0.8944292884076815,4.216307667606149,3.6335918041004556
4.084413369346676,3.9155505019432413,-1.6327457208032827,5.134013293128974,3.44333325520843,3.612478772377569,6.34481734937859,5.583890653635473,-4.671623211696031,-5.545529707495374,-1.8431246157723047,1.7169778280053396,-3.832242226844261,-2.6742052027014207,-5.45236203967294,3.7366317893629653,-3.6806190886811194,5.900177206227696,-2.3879183752752855,6.72101937222019,4.800097256106182,6.210754730358877
7.4994475818765025,-1.4362762537748741,-0.677167873558639,-6.515674820804323,-6.291291017745994,5.152702949063355,5.292074788010081,5.393003463770754,-0.5650987136874488,4.648110746544053,-0.7154673351370272,-5.172743070628638,4.391023167789957,5.910248459473952,7.454336047424103,0.5835244991358721,7.427327862545769,-2.940243948922465,4.531017117709412,-1.8700025128354396,-7.521707511892471,-1.1842927245754835
5.275360001128537,-5.455839108816017,3.8461626680883807,-5.663164277079729,-3.631146578337199,-0.6786244137820758,-1.3165339328232093,-5.007672068765676,2.053649397398525,0.8652594502964309,4.360789341309084,5.097108642344598,-4.13990956481792,-1.9194198703507017,5.614498286760015,0.6079509609426502,-0.31323326912415766,0.950829898778848,1.7103135373175788,7.301103960620366,-0.4429763789978697,-5.508035615441051
-0.5267534906680044,-3.5247417374367,-0.33552259444479576,-0.9330757222136428,7.061138301116358,4.734069451509382,-3.858843885971862,-1.307161453900686,-3.432303174318452,5.187854743446198,-5.627221740192538,8.35223780669582,5.276425030475741,-6.027331921516157,3.825400407683596,5.171885751476001,5.341494457254473,2.4519422027883357,3.7403279554826696,3.0187372925639084,1.1503866619291354,3.347978870517014
4.872560119544234,4.896088575486979,-4.344998652361951,-3.804177370558236,4.303989768641585,4.2895437625640955,2.000265701390523,3.7154637846585614,-5.316573572300951,-1.8047730063970873,-1.9653824076588748,-6.957593070915705,2.3108871496985444,-4.931657358393024,-1.9660750287912958,2.4024851890970815,0.5439702313485488,1.703921709766308,5.129438665141011,-5.952833452366038,-0.18943625208521495,-0.37926235488219207
