script/wind50m.json
{"header": {"parameterCategory": 2, "parameterNumber": 2, "lo1": 6.000198445256149, "la1": 58.999992894266676, "dx": 0.5, "dy": 0.25, "nx": 22, "ny": 24, "refTime": "2024-02-01T16:00:00.000Z"}, "data":
[rows 0 to 23 of 24, columns 0 to 21 of 22]
10.13481366500266,11.827928854065725,9.91551139776498,8.66637760030247,10.102458055648952,13.205857551960133,16.982387742004164,16.838495313429505,9.522127379874995,11.734172116699083,11.96634808368167,9.077874507428454,8.68370621343748,8.86861395450894,8.985018597212928,13.768353988969439,15.65711759247963,14.10296292133023,17.60581314141518,18.366999470453344,8.92439650096752,7.301307841704739
10.644552424652804,9.278883165166144,10.029194164161638,7.964539855435786,8.382059756567815,11.648670532638807,11.955574973765515,9.962867362543145,16.576138939379003,14.165829022023852,9.346121446817156,13.292638385910726,8.999960236665897,13.417148724926651,8.600711312724195,14.4073434587047,12.009187518928401,16.500228523512153,9.356557304420507,8.352905172549166,7.075975116991102,11.36437260516041
10.169847883950222,12.548752752448456,10.38287537860197,7.106572172356173,6.518816417785645,18.774800475009997,10.056498451263503,16.0664313123932,11.118554880888535,10.564270381607882,12.114447187789203,8.925992154423481,11.197584426890192,16.88799203256132,12.262076542591984,7.493801298144432,10.983403674671106,8.496573705616166,5.997927788075261,11.150561916407954,12.633582886834823,6.041513495765387
10.150665597685974,11.36525621650419,10.468711062237208,6.113494457159782,17.556740133553653,16.858899981669715,15.075914720237424,13.02098116787687,16.61996491566056,14.52281405780481,12.117869428559992,11.359366696321871,14.894255641795775,8.962237311524053,9.261614647339142,7.570873040236529,13.146663724476927,8.690293358635177,11.804766390639887,18.715430294019257,10.465786906740206,5.02973044619249
9.891032617938341,11.81645430000314,10.707109536934675,12.152532368441094,16.612668060498077,16.597311985798427,14.305213859243453,11.179377825845819,11.729199603925814,13.729074093393386,12.17547058360993,16.644296968143514,17.75240960879962,10.318699869530782,8.315800223816662,7.861356515744134,14.228569836537961,6.480389900409977,13.890488215712967,9.379164025158694,5.680446823613813,11.160182567038285
8.874345996397945,8.646192615513216,10.628803692895113,16.399956992286914,13.464606061304279,10.706618675442806,9.71298743647721,16.678332023060772,14.718494158456144,13.358594332642149,12.011258936523115,9.637806134657387,8.357410561040096,13.831596110794756,10.577042334482057,7.766727462183827,10.396671520753808,14.863417247355997,11.229915373413602,6.3998160819000045,9.632270394119278,7.650591274985285
11.39348454202671,12.652488266614162,10.055838565386235,15.49655992900238,10.115333340780385,18.554304984216582,17.094067536874974,9.805255213900287,12.394720024927125,10.727827163550451,12.350777925566348,12.519725587333799,12.86687349281594,8.17668632363858,12.87610546333604,12.794896208680452,8.737756165490273,13.075341554063726,7.016180915173217,10.156449134449996,7.000188294963345,6.774266417521896
9.426625681826975,12.691433709190942,9.416840452193966,12.451838936962142,7.595282791780357,16.795656061362596,14.380528654342221,11.196741738462798,15.008635313841083,14.611063280217513,12.544671251639363,9.547593698220894,11.745547107412964,10.192896298429298,13.638324025822794,8.66484707234085,7.558167056673987,16.98438929356808,13.063393097563907,8.864728697408397,5.7739467387465835,7.5753030427728065
9.901548280617526,12.14540403199045,10.04109052082186,10.971955253878981,16.98207031843216,14.49592842305434,9.862956471736561,16.138772644763097,12.343245865609779,14.765143705919321,13.255581879625765,11.484918489863517,16.426369370869267,15.593646615760955,16.23002636451334,7.552655902324147,8.898483607829432,18.710020150504675,14.687637396647364,5.656340461002628,17.038011727638068,7.234280126175776
10.227052849182114,7.974127239653454,9.102207492507992,10.790350009896766,17.10412774876843,11.585532146326825,16.754312576542215,12.26179630126737,15.567877451623808,11.436425334719475,12.299926996199837,8.51609161038828,8.685529462609672,16.891550545671837,8.206421144732303,7.934909609172709,7.146839948544531,8.899928289922899,15.824957384668846,15.409518472131499,7.524178947445901,8.287308083641712
10.079905239201311,8.289680337686772,9.859413974564141,10.164696217671015,15.506303903485534,18.093699878003992,11.926652292852054,15.36600266599271,12.3837669674158,14.546483386767942,14.099751286173491,12.088386647994321,9.986679216737153,8.77199726739672,7.788559290280369,9.275251810867138,10.423430695054753,6.307888527241512,8.124414782695045,15.131716500615521,14.954905837419947,12.939667439018846
9.30267284882668,8.354575051188293,10.152086422508393,8.51269226800185,9.750689032002976,13.933553870010494,9.611364150372756,14.532969594829906,15.170805299916982,11.694719956726262,11.128950468718132,11.941241774853749,10.998118420817544,10.669401681199183,8.384425936279097,13.519310809922203,13.941451832761238,6.627148570048658,9.599991113485771,5.799962468811537,8.525858121631536,5.680523513458293
9.031976088891746,8.4692699049023,9.662995885097086,7.058243796544669,9.91151812621377,11.62257308153411,16.980777656837844,9.007305612038907,10.50979680712692,15.63240225512264,12.363300594768212,8.388335358531773,9.174837527354331,13.340818479943794,8.591284747236246,14.49836238171135,10.828154153308478,12.69957278749722,15.983387374428672,13.754844464743892,5.067229372473443,11.920587973374682
10.857489374950731,8.505854262289516,8.571150486509179,5.795457744970288,6.528927983289943,10.851831104496549,10.685991988316305,14.141868443902185,15.06278600289901,14.002629783033873,14.170172414400945,11.769328722430572,10.224311832206244,11.79629588923129,8.568892633997462,7.7576446926504,12.945313998330896,14.15560104344189,15.955978584259167,18.74455544799788,9.098415910172427,8.803463776990565
11.910715716914178,9.144790399573358,8.003534877786933,16.28951547303785,16.644335856070917,16.925505391061506,7.939545020674267,11.145943665661273,10.453645788092015,13.437451092528093,10.498236114039441,9.41651510840834,9.507657971249484,9.259284637839048,7.725700888479874,10.909414789534157,11.271303359397427,12.187861068191944,9.144811347391725,7.5878098372954375,6.135339309304432,4.768953103128273
9.173118003064245,9.441816276856887,7.539777894336995,13.745789577135055,15.495300674677322,13.945221783886977,15.40944904570129,15.441383495230994,14.183329510176602,10.672424443352089,14.315318613195577,13.177904131639428,12.674255222391498,12.619669885700066,8.277134747511075,13.9438168644261,13.477185387820498,8.297875774288766,6.42966650931967,15.647548330769126,12.456711019931205,7.96522346119752
11.019915059690652,8.616150629900364,7.755032539698771,11.426866094013855,10.520891602155466,11.08095191260652,12.121000331130544,11.23880228512932,9.270965509591598,12.816409921325516,12.616308166619017,8.588155764199403,8.423622080307355,15.594026813915834,13.397540483971307,14.313448265453244,13.495566218941454,9.79030456491643,15.992491245890623,15.54741764366319,7.16005036744879,6.029114718541976
10.440658593329681,9.080490069817701,6.989372469590888,10.892236596025128,8.270284837146528,18.120463560794185,10.57543784674604,14.50241149711571,14.274692892086048,14.630220749928279,12.358231835217781,11.6832099949177,9.784026525145395,16.913046716478,10.563663396263628,13.010133885128687,17.448523038520115,7.991552735889767,14.792587168703108,7.932894272306975,10.644586672153677,6.351897145306273
8.875543157940546,8.310096592112748,12.208899158608874,10.23141025389331,16.557756658888447,14.090910334427312,14.856788037296036,10.260323831955567,10.722268965145146,13.177938635094998,12.808627085141152,12.42091854300444,11.277430036960913,8.91959796849754,13.686018744730328,9.230591572459993,8.475111349762786,12.371177142292291,9.34368633507083,11.246677957800609,10.289511621459951,7.0329548907356285
10.17475213602821,8.439625336350725,12.06457974482195,7.67513847706407,17.39662023101402,11.559344406591462,11.647658316521246,11.037380799101426,15.902475123391609,14.345576849548664,11.540657239090944,8.849663849313592,8.618281791599347,11.920873282365035,13.414570154667748,14.375914105592926,6.8840414371605245,14.306431998249927,5.990871434966482,18.10199354569734,6.032139711169008,10.166498382151708
10.595399020282764,9.233778325007252,12.498669898866794,7.063777921804523,13.833504605005265,11.827632134298875,9.353210270804006,14.480946480301492,12.102302543087452,10.570396240604898,11.461175751957796,12.881488623690325,12.797723752694,12.481915546129244,9.099254196626053,12.530299922649542,8.202248920838628,8.85341002260477,13.194181495681834,7.43954602584582,9.83127204493894,4.8953224154212975
10.143197636384285,8.7790708491121,12.170165674302797,5.195415734563445,9.267988670571263,16.4184349691312,15.606060019072771,12.267320581570766,15.905125676484417,12.654845957148458,10.555546352275506,8.69967635068564,8.102297565280647,12.654790116196546,10.029226582863854,11.042638647617535,14.178400086187636,9.246195835173062,14.497762223979251,6.752458456690293,11.170784590680688,11.222379031969039
10.365087465220675,7.904183723023477,9.956910691311615,14.63723496372673,9.470105469569871,17.597531877569843,11.315308131730745,14.358176454141967,10.658892372848875,10.594158529909734,14.37307979099219,13.4037559449314,11.775183175852284,8.091698680152527,10.811394651832622,10.601424768242179,12.43617541575044,6.681626676315953,9.403111781103354,11.925318360788674,5.169376220480057,8.721834588597327
10.225447457672056,8.464316204201003,9.312171077100249,12.61309169572747,18.525943354988534,14.954529788934199,15.948981014610672,9.634925922334036,14.977938503015308,12.863919540790846,13.632298355795273,9.533480327774015,11.95555905901596,15.578516584262413,10.977029858638884,12.97714393024524,13.093976167953516,13.943974449538103,6.2773637148465475,8.125071026192883,14.045100552712068,5.467911837689451
