script/wind10m.json
{"header": {"parameterCategory": 2, "parameterNumber": 3, "lo1": 3.000054539987559, "la1": 64.9999836372058, "dx": 0.5, "dy": 0.25, "nx": 34, "ny": 52, "refTime": "2025-09-30T01:00:00.000Z"}, "data":
[rows 24 to 47 of 52, columns 0 to 33 of 34]
6.0676718727233885,6.850375092038308,6.62899556727491,8.219105776629851,6.998100792408138,3.2574882935304474,1.2114450516790518,5.209867243985058,3.581573705025571,-0.1590032757642376,1.3440170593987821,0.09258831203871144,-1.066262895467329,-0.8526360879996633,2.5715137482885146,6.964478752133829,3.6999671504741465,1.318378919826799,1.5734266266600367,1.2974962435801152,3.0420869690181767,4.524186176005924,0.3446658128024704,-0.9976700363268294,-0.6103794855191041,0.016979220834672112,-0.45609569529970645,-1.0784127744413052,-0.9999649146694202,-1.8784771974270595,-0.7856457859609981,3.945835084550652,4.363517074295893,2.495737899600445
6.497914886211396,7.009170714295551,6.309636552340713,7.660430672845858,9.174288243029807,3.0926015890773932,3.0465616715856605,2.0516449107925294,1.4708287613172297,0.7786001721061241,1.0027109059930435,-0.6034681035846866,0.2472466245486997,4.201876357283466,4.892555740451503,6.5402980536814015,6.049961761062672,0.7405522567176948,0.5333293780508322,2.729149127657313,2.414270227529434,2.505703947474109,-0.5056846753616284,-0.3859219398102953,-0.2523671313631026,-1.0804778307805138,-0.4231992934383486,-0.696323560595841,-1.5678571575292413,1.6032200469612403,3.8029202997761082,3.512211308166064,4.204461733568048,5.138303925033534
5.3736747288642706,6.397797392851109,6.101140672934695,7.949779849321089,8.016277231345455,7.940628179797334,1.4960177043506053,1.5594689262080335,0.8113962482442171,0.4933391986264156,-0.09182337682715185,-0.20951422433972902,2.5949683129717784,4.268440601027577,6.6808674511324835,6.782583152169544,6.656072097369385,1.3346585323305982,0.32622711854819575,2.425579041253451,1.2786342330059155,0.20374058610923948,-0.7820121701023046,2.594284836736057,-2.1035403713880747,-1.0546749978053704,-1.4658203619836498,-1.6924531232375277,1.293552412510867,2.5255797861456837,3.0293676443201534,3.1565501031479,3.7520740547708895,4.039859546512554
3.678611468118026,5.9547489635837225,5.811478834107416,7.065462959171248,7.135180700448357,7.117579126011391,6.471901717177147,0.5034424230096822,1.1482479975785274,-0.04989929292654285,-0.1331581252061774,3.0480189592795166,4.183271257956263,7.6106503928454385,6.86243600881017,7.567682424982182,6.098307505015097,1.1472173673937134,0.5098795651728477,0.15604799576373848,-1.533966890948624,0.9917700334178436,-1.4109519546041882,0.21536225573522327,-0.2343265377631289,-0.9761221756615929,-0.944862787099336,-1.4271964753761548,0.6343055233992515,0.37281298572993743,2.969769860670547,2.9427660915057614,2.8404151605760593,3.293508383995828
2.8975000447070185,4.531751381182145,4.544339533451964,6.179013497053093,6.266199615180188,6.983288034441156,6.980446008231291,6.67712328744765,3.0555913794959992,1.315886929507138,3.846343077673484,5.495521537081101,6.8541613625495454,8.470394017191024,7.915687711969487,7.329631735095602,6.42239736079657,1.0359844069517556,0.3507273518611105,0.058131318074464464,-0.5358760065692473,-0.17639683782662746,0.45540412410352693,-1.066702141174016,-1.1208482920211187,-0.0442141836260444,-1.4709103247863102,-1.477223866338372,1.3180453207913694,2.2195777643283616,3.7059536888759554,3.175047870909665,2.3093307855945673,3.77716976386135
1.2049067687148391,4.679194309005966,3.9772608336438586,6.07159828676418,5.512577292606132,6.789208788290671,6.58419966113466,7.201170855979828,6.406217302919457,5.538735379009785,5.944781441491205,6.573620744001297,7.086367444633086,7.101049054994316,5.371253757302077,5.27163990823576,5.534941566520369,2.7421524436867033,-0.46217932715752574,-0.16386493180871128,0.48339096389261754,-0.0540720197256599,-1.0423110684674026,-0.7354955473727233,-0.8158180997294603,-1.215029128967419,-1.5119643391316613,-0.41344667335443946,2.873087228578882,2.9085275181497425,2.988968080411273,-1.2666470536333523,3.5284924025346442,4.006267738398202
-0.04943901172569621,2.2499729020418235,5.396081602709409,5.034238975170893,6.2877062734076565,6.430072008436336,6.275677166333623,6.789482627672857,6.71102449610785,6.791005732928603,5.7951469200641395,6.64257701622345,6.195348866805417,6.219219531916815,0.18375587616645686,5.660592501183405,4.759959084528967,3.0514697661987262,-0.621033702115145,-0.7214365122781017,-1.0017948540597348,-0.798357120742097,-1.1613521926361043,-1.0243995743925625,-0.9808250926141109,-1.3889424597226618,-1.2017968541247146,-0.4366732238287934,2.545844397037575,2.542967734555049,0.3167293501242827,-0.9837348817109037,3.7395042054111185,4.007060155585375
0.6042480463207865,-1.932557137302982,5.244670545764219,3.6863037613687974,6.276291565162755,7.056835689801624,6.738593441619604,6.555916975189231,7.315853649348611,7.225569591853796,6.326245250563485,6.010143043713319,5.035488595702019,2.233549296051968,0.05329357450031025,3.1444639410304838,1.3709268814043987,3.151207829583647,0.2663728624284276,0.6195256579050438,-0.7579617248987314,-1.0223112731257815,-0.9623396009451115,-0.7852876350634946,-1.351667608509903,-1.2148195032860247,-1.6223893987882076,2.141748214850391,1.1528273300738732,3.0999871977964393,0.08880944632136355,0.5902691633256252,3.566063167610683,3.831050690478691
-0.16804473908710832,-0.8132305600442636,2.655746321952429,4.717311736893826,6.212903233387374,6.376651176255452,6.636600863269384,6.618717351750152,6.890727760062974,7.3924468931852685,5.272804912149025,1.7939198946196013,4.0469996038020675,1.507743552272206,1.0046361001839947,4.3134493233250195,4.032936336969413,2.2917323408214405,0.4351670560016839,-1.2588775210702023,-1.4604521422888774,-0.986324054878748,-0.9955473759702632,-1.2180671950968796,-0.9452878953485746,-1.0712720360876642,-1.5035665359314354,2.775690570009006,1.0690959383426772,3.5638462826406805,2.65051483731082,3.311227042765345,3.409295925357975,3.5030356305200256
-0.6472777218147381,-0.842415566790071,-0.1195726832267867,3.6300625686632086,4.845569951699058,5.733272228876642,6.4109035634258555,6.354494235354856,6.609422865365477,6.073322403449539,5.479634296929606,1.7639118646849212,1.3511634597973166,0.394981842621834,1.2850806548626998,3.8726790796057284,3.4790123758991007,2.6631852797521125,1.7300887710805142,-1.3472415619290614,-0.6444963554488256,0.05888800863147921,-1.3853512750653678,-1.2095724398909928,-1.4307157116128646,-1.2613662105959866,-1.6088082484953958,0.37746492092163225,4.210572347478522,3.8256970464978144,3.3790957347650106,3.0197992569063894,2.7181678326519574,3.2517013192865085
-0.4104406972757714,-0.7078250431873648,-1.604716186313407,1.776783991136036,4.777885075460166,6.597406160598186,5.862842938697798,6.048461956380369,6.194724337014292,5.206396749707635,2.711032856316084,0.5337943857536838,-0.23176713564763196,-0.5842671720507912,-0.6403612370122765,0.40191480561036724,3.6133558890688326,3.2951209986588013,1.9010694800626842,-0.19671053083308437,-0.23116187292046897,-0.6823909042599866,-1.2228097444297357,-1.3464800203288114,-1.398680638408605,-1.5164953009416458,-0.9105860173757944,1.6617396736195125,4.322919518345394,3.4661311872245757,2.9461955231128982,2.4224501320355176,2.481286511141024,3.353068009202687
-1.1529086392018804,-1.457594140162659,-0.9677569730611716,1.00255674389356,3.7039452610676333,5.709228788963869,5.115908327222681,5.377334441374463,5.408651723665049,4.112461310169718,1.3413369136039746,-0.04771714375946975,-0.364688238913075,-1.4306037192108987,0.38007785098244545,1.4210532653148018,3.5702792402712573,3.166818980716107,1.830484864058728,-0.3398165723895278,-0.6314891232250647,-1.096492224093743,-1.2075913702093426,-1.0750360844945583,-1.6197221416734586,-1.2593951713337446,2.4220519041209667,5.213255391653813,4.209731187881965,2.9337299340748246,2.4521971937304654,2.336921662750814,2.565408702535947,3.3828036648020254
-1.4064902651380264,-2.0885892016469803,-2.360494602682467,-3.302573801523352,3.1443110702631625,4.432396925666485,5.261145191005415,4.468337460673774,4.031214688085341,3.754184493673661,0.7966458868846743,-0.6320201370230472,-0.4756745308598104,-0.14200620486366772,0.14351165978406058,2.229033975188642,2.1003246974550978,1.195622516137087,-0.45118779096478784,-0.9833835665418242,-1.2417647539817809,-0.9308019856675018,-1.3466588618734776,-3.6568946211358795,4.622000505951036,3.9083822418962844,3.9417395047494383,3.8158493015892234,3.1459851619961845,2.5332726017255185,2.242156331873907,1.9603837986109196,2.3455991434932963,2.6649887427905705
-1.900804070740958,-2.4622903434781764,-3.0007492235988282,-4.050048726353112,-0.6230524283427717,4.683319975932809,4.751532570508515,3.789278852300032,3.208181706928782,2.2654087305527,0.27568617961370195,-0.43972251897373055,-0.6052144150745329,0.57059098953995,2.299595337044843,1.4359138522515913,0.7238866766997578,-0.359479107940905,-1.3387052526788628,-0.6738963420722457,-1.654603788410701,-2.3462551035869503,-0.5748491735430518,4.565602529237375,4.185373265454921,3.6255796688973656,4.091307712524355,5.893737569171359,3.867991105655212,3.626156694920228,2.238273138158364,1.9601222867275976,2.306859337755897,2.4796325808876465
-2.18958950022652,-2.5774314100424593,-3.1269593004901277,-4.101399477713014,-3.7888304716822794,4.715452410194854,3.6406190322491576,3.460840187861361,2.641897679906555,0.8795957513808228,-0.49708848185004184,-0.6369232499273608,-0.10655183612830099,0.0720538308943965,0.20651665780342407,1.145416331541365,-0.8124347351032075,-1.5461323831194462,-0.2609478417000825,0.1303473614009757,-2.6271790897719893,-0.5078858645448041,1.0763926454029389,6.232404822035742,4.507368945434046,4.073025627494103,4.948597932757013,4.400355858714807,3.587946845918087,3.19834631507186,2.9147796959081393,2.8803628953840303,2.140556404207819,2.3833913995725506
-2.664545909183536,-2.4071437961275777,-2.8813881208005894,-3.8773386069593596,-4.425487798949404,3.175378193176926,3.411597263115272,2.588632015820643,1.8336361346256955,1.1573934523865697,-0.719344214842872,-1.8858708339297887,-1.0513973534576382,-0.2964698345943241,-1.0779504168910006,0.6713618936529965,-0.24070819841999644,-1.671776030120161,-1.1719303585795569,1.661901039612185,2.140534712763653,1.816267464433593,3.497223281393623,3.462386968852779,6.153969902564919,5.215713984746765,5.407155221233761,3.5239563739144733,3.551423651955008,2.62456638361377,2.0533545829714277,2.2388936500062564,2.6669374218434916,3.0536354741083205
-2.5080042149870923,-2.4080206053934248,-2.8465013509639703,-3.6102146446260903,-5.057202694966015,1.429625868767662,2.4991283064814493,1.5390638221537125,1.3594919705727944,1.271688386774432,-0.3952478268845281,-2.333982273389565,-0.7383350628256177,0.4829410999489406,3.2510262521484434,1.564073144345461,3.0400536241658664,1.8080970749001883,-0.2960796590727739,1.260573135308983,1.6605859124144318,2.5384870325774505,6.2969691837119735,4.159441313536098,2.794324179917707,4.5984538980274055,4.8969158908025925,5.1392769032053645,4.4948871314643934,3.517157983147971,1.9609294000667552,1.686450501246827,1.7117066416875026,2.272268273736607
-2.5818925586950177,-2.829023184135487,-3.8802655578138316,-4.472099228723393,-5.200684631904052,1.0796855121104239,1.041261866805522,1.6885829303069755,0.27767188021428374,0.9390099281458075,0.8839554301644043,-0.4334772489158582,-0.1774717360584046,0.4180212223735948,4.15424928486107,4.4233796271023955,-0.1344301605157824,0.4969261069681114,2.623501636850454,2.867842148576847,3.2113721247436,7.140656731167768,7.1538649639248675,5.9984642896724445,4.822582834655362,3.2862124711593586,4.219743440519433,3.8258610171954386,2.928301182156295,0.9970033946681491,0.8192224961868672,2.122027135999049,1.559721085482931,1.5672111619079063
-2.916980498741193,-3.1605335779088084,-4.215229703883948,-5.051563345636062,-5.432104872321037,0.6986092544671204,0.6403154337462581,0.7815646022660891,-0.05292281481467254,0.9027239889865263,2.0895224657246922,0.7177994119029225,0.1998282062189112,0.10846073308885633,2.8739735133918467,4.9981460273452925,2.117165799219693,3.967320600558754,3.5104105908394785,3.245679251449048,4.787822645401725,2.245390092764816,6.827182376561772,6.960891075023773,5.779020033293252,6.000879202546063,4.891700188030074,0.47630119650089175,0.10276704090080097,-1.0343483686678558,0.8299761647684869,1.5065657696990251,1.8346041874015622,1.0440560029116763
-3.2914518454791315,-3.632744346277555,-4.620745707862672,-5.136900475048024,-5.880264573204493,-2.23968878838729,0.3549203159430926,-0.8886179799068484,0.033352534380737334,1.0939364847066753,2.2238869975741467,2.2574951044321345,-0.2793316099494177,0.4985232129251729,1.0112608536862449,0.812777489571822,1.4525427255692656,3.2134825941077816,3.3197486090932413,-0.2311095523083567,2.1012468185932613,6.92417143325573,6.559504792051293,6.873249266477009,5.625800813265544,4.006557317202175,1.349474945994824,0.591727493435635,-0.13512234718110439,-0.2980338079007933,-0.6473837832202103,-0.01624391880237927,-0.3366066111175616,0.9031130331651968
-3.5549756348397,-4.291423195922049,-4.939605107968548,-4.305621547501516,-4.407058668216128,-1.9095836082480795,-0.45712797851748754,-1.7851807383885332,2.085737385589376,2.536545953821692,0.25922647016602934,2.4793626689503454,1.3033459641106104,1.1202247328155808,0.8043887423058209,0.8742325022504913,2.470871748135326,1.3460930401118667,0.10326751383381508,1.2249930358091472,1.2496264322906523,2.2647341305248503,3.036778413251967,4.355340710041095,0.40328061988892416,1.090998874547042,0.5321375960829255,0.20806875298424055,-0.11641984244030439,-0.745094665279039,-0.7007498735556612,-1.542009615587861,0.22334537150519335,-0.510981662005257
-3.88945845072148,-4.523664258883531,-5.4998521584948925,-4.177261987733487,-4.631311014800834,-2.2637693932915997,-1.837566148121446,-0.017864643278967626,0.8917264574044109,1.8785962317687903,0.7958701000544417,0.10684123646818192,0.3742127424909898,-0.542449739230915,0.08853114343441405,0.10417461244978293,1.0369351505196454,-0.1787432615112989,-0.448580304153662,-0.07687522042649046,2.368370203960041,1.6859082598960267,2.4493283088304008,2.4167349579137762,-0.4391298674068363,0.39011739281842966,0.11091753079694582,0.2750846281873948,-0.621365789806963,-0.572685250690735,-1.0250775788454065,-1.2565011962678625,-0.8239691212742083,-0.6405617605105135
-3.833212999059743,-4.633426438557087,-5.16139034071834,-4.521506021232217,-4.311405590842263,-4.982402239381496,-1.729759468751339,0.4117641135871221,0.3305980248377016,-0.5444712694447452,-0.10687716621208991,-1.563531656280395,-1.2684792278284425,-0.24478316049321086,1.7191155512133471,0.6727585719796397,1.3157880047041837,0.326139031969237,0.6642767480395247,0.6269310865370888,-0.19746312768372523,1.7334774713986323,1.4251490936180093,1.843510407715125,0.3668789673697465,1.0463041640440267,0.33901676411005827,-0.24747042539889955,-0.5315287853809633,-1.765079000884532,-1.3297390599895753,-1.3865607453963482,-1.109056935332052,-1.3946814926661344
-3.9431253843637117,-4.687843875761098,-5.305900545003861,-4.472225743380997,-2.8271989304206655,-4.3381161669737605,0.6605209047108841,0.07250114171568477,1.0234618129372024,-0.5509504206216729,-0.45603629796035344,-0.6411133704716035,-1.7406690728881054,-0.356178841676375,0.8686933551132265,0.7398346815577547,0.6535892163941064,0.3164948907526963,0.19608684200446524,0.6206641492795361,0.5218079875512397,-0.20962058320104188,-0.7479832382526831,0.5305062488964336,0.29342446801532257,-0.09270817406927158,-0.09435886192116769,-0.5963489338550203,-1.3574375417010256,-1.5100810504783369,-0.8202838365168936,-1.6325556824606375,-1.7288129338806306,-1.1142098096027298
