script/wind100m.json
{"header": {"parameterCategory": 2, "parameterNumber": 2, "lo1": 3.000054539987559, "la1": 64.9999836372058, "dx": 0.5, "dy": 0.25, "nx": 34, "ny": 52, "refTime": "2026-07-06T01:00:00.000Z"}, "data":
[rows 0 to 24 of 52, columns 0 to 33 of 34]
4.045558675529569,4.9135107986890665,5.635401990935505,2.677504026513354,3.3738754164710265,5.578439823413302,6.928965825676675,4.52315677497581,3.931001430343629,4.170150858619217,4.652889170746262,3.9685080210823886,4.426475508766144,5.245117674809857,3.427896420672518,4.894166465827465,3.95635080730308,4.564316593252061,2.5389767681788578,3.7238805535117985,5.956971352644515,5.2286176159220705,4.34738549832739,3.110583830493693,5.7480277182369335,4.162333295048089,4.290102317805801,4.794672995157928,4.090344696316365,5.588462296869944,5.131420584139619,-0.34664703465738866,-2.7584736318418814,-1.7395965884009161
5.023465441561378,8.097133054612978,6.902740138508172,4.601459243555537,5.548850459122548,4.612066148664388,6.5113928072161436,6.592054037336827,4.521930874783747,4.095155456336608,4.7288360927341815,4.30467220888988,4.679888084976718,4.974450314683057,6.2983846378504005,2.957291197627024,5.306774687766304,3.2525038442163092,4.236095467532098,7.680274281742349,4.355526324754578,5.733715913471744,4.1163096675941775,5.507235888977378,6.306177228813882,7.023539851001574,5.009782572505327,4.172135359954682,3.293762395936268,4.15080785735072,3.686156091327289,3.239067997822935,0.027319833939527693,-1.1630062236473127
9.384765018320492,8.520850767962576,8.073055509007116,6.144628632643923,6.559620300808389,3.5431212622250667,5.829584661487829,6.574129737827274,5.1409576026845345,3.926492326336973,4.082830566427275,5.735080103084021,5.592159078519688,5.819307031283176,6.862580667983706,7.411809751401197,7.039037283966959,2.0466409738252014,3.338042171374831,4.435534129742966,7.171162502059108,6.388956952410331,5.3360880508357935,7.128303694372131,5.486803149987866,4.925734426084014,4.818892475168963,5.472190649783066,5.010085891016023,4.020010267656083,3.171909564342963,0.9160425752216521,-2.244486273501598,-3.2743574874217147
12.027885637699777,9.830274758925082,9.517439472644462,6.92122918172377,7.074698548002179,5.715481372297281,5.459750334548688,5.900610915244115,5.547124085930012,4.079994457738097,4.720960834022525,6.512893975021339,6.4451756996279315,5.767403712223652,6.281052578347442,5.899517716030934,4.442987755956784,3.935711481062436,4.679936152904303,4.61562097305002,6.7531710788176795,7.54781881462919,8.131008554451245,5.98083139928397,5.944371577730758,4.591529272682629,8.939999911326487,5.710134638049683,5.141074465745876,4.042039980054199,3.944749214250675,4.19916632863222,0.9255590943730672,-4.967957782303472
12.553471156104614,10.368625253416335,9.942821240901385,8.612089523338298,8.089524449711883,7.613248872096933,7.035573610371216,6.3701941814132095,5.80670828827772,5.449824948564406,4.934404352978319,4.71391025877388,5.625462496185842,6.365332530161032,1.5003264954671065,4.879667397293687,5.5879525312262235,3.145623873398096,3.9748002928299386,10.403892600249856,6.756272356506213,8.756814507691383,4.418397719382718,6.763515279342772,5.324542518684551,4.546923611801231,5.354974784644588,4.755455401647657,7.871619136199804,6.366331507948148,5.703830105989517,5.066505652682418,4.539804796153732,-1.037671326440609
12.4997364921483,11.077433694814303,9.90391624814881,9.217676222808002,8.955474701933266,8.90646693485082,8.054546576842608,7.539594572023644,6.767409834397047,6.2305252827184345,6.079498943868168,6.65741144840289,6.135380380272076,6.283968556266461,2.6320266593173787,3.0320257134440736,2.3607209881290476,3.4808744765974375,7.432204067223591,5.369707038990686,4.95023894040427,7.487955822010563,7.223020271064725,4.876432316219427,5.340896884838801,5.569291289099488,5.5724777764686895,6.402062045506365,5.305197912029873,6.324020186136137,5.509897110221921,4.280464158918185,4.152921211822223,2.3962596878084472
12.20118947720536,10.942909903908642,10.203007001806945,9.368761476025242,9.384536263158129,9.255095413166234,8.539679304180677,8.100877221658429,7.840970396140856,8.61816521367643,8.401795153383375,5.602947370597703,5.154437073401296,6.027218813883171,2.0097882861175598,3.0459418896208663,-0.6732045383664903,4.081121139484618,8.515309517857322,7.429505808731067,7.056948327713605,7.518600634451617,7.0663491533484475,5.736451732720905,5.0864207629473785,6.071567950667498,6.579142633270061,5.599892138427999,4.7599552714752225,6.84726930141582,7.926953490478358,5.539696859419992,5.303126156307045,3.855439538824958
11.273484519474502,10.572643234160003,9.566245307559534,9.341614504006696,9.715283757151655,9.160077813265916,8.67961501735764,8.63444909349744,9.904951873505514,8.935884556057143,6.367435116343181,1.8042057962248816,5.553499248486039,9.063882891691478,2.1236837375560746,4.227016303716039,0.6125503767775115,6.8991130695076315,7.533135879825717,4.805379906055413,8.233882837720852,7.500055786511451,7.117250093822916,5.537406331847911,5.29782648998351,4.7769521465299265,6.29498835377102,5.94180024477764,6.89220990935165,6.275275512110552,7.8185570835131974,5.535607571769107,7.012396612123138,7.289353165794694
10.357842320715076,9.62651465686114,9.465454729761902,10.068746536430757,9.37186566363973,9.321760127004687,9.911370385910073,10.422987337475476,9.886715263940088,4.353236656360389,4.403749053494564,3.085516850317357,7.150327516402284,5.493069815752211,7.2309280602683055,1.490789649220584,4.885323679740986,7.808261748537812,3.7514372909931937,7.92301950643757,9.148382818183741,6.473730743558379,4.158498672491382,5.420189927968303,5.489049326010171,4.509332773232056,6.673967990974953,5.969631347854105,5.563869467468066,8.24147301448392,7.654503790263301,9.293541259148695,9.635708501930544,9.381341609388604
9.971018068180108,9.319594909685064,9.069390599954374,9.208138770248118,9.580647423062338,10.51175906675083,9.663844471483687,4.964343248209208,5.790074636779456,3.9475196562968775,-1.3046131573507966,1.380216401464386,6.1055990845513,6.882042665118015,1.8648517084024583,5.606758716436135,4.3565472078918654,4.423485556283411,5.3783603455655085,7.213900412116225,7.502257114903222,7.567368400604792,5.909425073160028,4.857961038451505,5.545253168344861,4.522066290642764,5.417765758397811,7.311571218176212,7.58365086536137,7.381991165902542,6.900916884153263,9.79709677246757,9.508759752504226,10.334274623918986
9.3089724569802,8.868209605447154,8.442237261130206,8.280134498050499,7.673472809848988,10.70837896888106,6.731867521400699,6.858167850376232,6.39041850642384,2.16308072510479,6.804092572126407,-2.753186034715324,6.291669693600793,11.198129070994174,9.488417178186005,5.1057325753014275,1.758508980720016,3.202335208940101,5.537421025508624,4.6280878137223755,5.108245210756422,4.6722492342623125,8.080980814126045,5.575319238247537,4.457165536366422,3.3927305324980197,3.7789415003439584,6.307043933578515,7.100721300839787,6.610575295742383,7.120300461536116,9.83505244385702,8.986227253761212,8.325714712982474
8.635507207785917,8.158768701590935,6.4642351628015975,6.378797428306098,8.187460211447483,5.333617774803299,0.7278339366160698,-2.329661470669877,-2.146349218945536,4.035939846624779,3.62449052020613,8.574962066939321,4.852675784208629,4.124514782796241,8.16870669496213,1.9951136305071062,2.4729507624264575,5.845390266694311,1.5509526597631385,5.471809994525322,5.362279927511424,6.912513958519204,5.105567957582196,5.797299989145051,5.186289643047792,4.297340199797017,4.087058941492834,6.179773781401271,7.162216733920942,7.590541793147049,8.79403409101098,8.101233476124337,8.624524015452067,8.14929119855821
6.722538414662688,6.289382404972355,8.660116959079176,7.28225452680887,7.661224839870249,2.0678901866826553,2.5239214095366247,0.6070083501662393,0.541913047557309,6.41800679101446,7.674951550850212,7.918378914759057,6.780381479632944,6.3903631119849225,2.7028935013961553,6.389154388356473,2.4619971546982895,2.908725931671087,3.4172219483588426,2.62027715144291,3.6927789720702897,5.419140579519948,5.168044413164496,6.412210542456772,6.350095598303209,5.229399951459255,3.7537688970995218,4.890450918189121,7.410346233696654,7.584187437873393,9.231680323887929,7.518949903852109,6.774017249329842,6.439473257142987
8.343877843334548,8.030477912435066,7.245329838356166,6.2946016259089435,4.014968674854253,3.243666773706137,8.362688183860355,-1.7066870272647925,4.710781711559094,3.618869212069263,4.6444010091648,9.201471445223463,2.7217484107436185,4.0249702201632935,5.553431681963993,3.732555392867253,2.9908482895231234,3.102028653869853,1.9848141231715806,4.237510981301044,4.056775572725392,3.8791536663693527,4.668523462499212,5.762210267793736,5.488181998662005,5.699518420059373,6.956403361936004,4.957785413991005,6.26177677884271,8.91695446150011,8.846725395929743,7.17065831663928,6.3691609849791755,6.477673404417932
6.893848929774618,6.928547357282065,5.839816801331344,3.6652567765122788,-1.359196950087244,0.16899268076572824,-0.5976270807772817,4.893721231808264,2.5212580503765203,3.4397126076129303,3.1528135084131756,2.3880940364821166,6.99122311649927,3.7496939939714737,5.39581062855736,4.324419981052689,0.027704618847274397,2.320553895196063,0.5957789791614867,0.900462334666109,3.7794971442823115,3.974362927716875,3.01199911422713,4.049636933168355,4.2288448342383695,5.192286810386408,4.688461065951457,4.883755827750481,5.595272641349066,9.153585904347372,8.456899973003065,7.193393945868688,6.45012190241766,5.677080386230875
6.110536710119148,5.305349802768576,5.213898362231719,4.347496219192131,1.8711442794773447,-1.4144328304477058,1.3391557781521295,-0.49888795819845133,3.7800019747353626,6.331100232209125,6.243125721723527,6.582396682383711,2.4591872155336736,3.3619128116102024,3.904528582920073,1.3687183161806245,2.4726137411503433,1.2233628206286615,2.0986121285706902,1.3729799120074426,1.9000287834327216,4.455276573651744,5.018132749641318,4.0831223130017955,2.639684767384777,4.024663331858844,6.576995028658709,6.462857270489345,5.854864505146199,8.96631531934292,8.146649696243234,7.975027861775471,6.883214074283948,6.0427034546517016
4.386123645847436,4.603705500997147,4.631140401373549,4.387346010768168,-0.9599550845879771,-1.0870031402990041,3.1082290980886667,3.9387335695462307,0.6868559550344007,3.9883824695923367,8.58233371663254,11.10092257456206,4.306217116552782,5.617528773306145,3.5972606260499975,4.131077606766148,-2.6888142194800206,-1.319276380913533,2.6190251196001277,0.5944614684847187,2.0279028371315815,2.928162023244732,3.8411786904900307,6.0136167060454575,4.093424553023654,3.289007822777968,5.126689896547958,5.992825954514609,5.274016853989805,8.811623462710699,8.25778840942213,7.52253987999205,7.182806033930387,7.013109136352949
3.3188766693311544,4.37575142780982,4.979840986789667,5.240442441836435,-0.5112760337347348,-1.66318336642802,2.2029188849299124,1.8417815776035416,7.844941939418603,8.134733958443068,3.8843379221878287,6.166678751042475,2.7677625745750656,6.002478373735979,5.611412064413949,3.3457919210111204,-2.251855624951592,0.14182628072638906,-0.909667255229161,1.542191508644758,1.3616106717367686,3.055784978140648,4.001657706531177,4.4946485084162235,3.16608546609242,3.7512423877035412,4.965236454975583,4.662400387633973,4.808626737690005,7.499621640868001,8.027040894278219,7.11243801153811,8.235692704568212,7.341692042578436
3.11439059281663,4.002416586197753,1.74184699979021,3.7128915575388732,0.31117463131179607,-0.7092671456598674,4.298858565345293,1.6770285465640282,4.040205374528837,8.381161211859347,6.228446279822604,5.3711537560008535,4.869616383499745,2.7050982749404837,6.197692760364374,2.3010586956848074,2.511858053182898,-1.5100745788970846,0.14305945280013635,0.9913422948181682,0.5680803793440881,1.4434687545320835,3.0840382427908826,3.6172010065834836,2.578502275286095,4.55473096991126,4.179332764603635,5.2770396829434585,5.621769811652757,4.857809726791271,5.7554369461666335,7.755968952001361,7.454964097510967,7.995127981981766
1.8362594233855745,6.03833166634921,4.841632140747288,2.2615412034239064,1.4089722488798184,0.5186599459960415,0.7184917559069188,10.762571701716778,5.706809784429786,5.276594822536777,5.145729623923114,10.65053855594748,3.512094391383033,8.155274763419012,3.7154242016774193,2.836758373970772,1.528141453157912,-0.7970004574884197,0.19324183547294768,0.5146339482369092,1.0098373754612897,-0.2873533399767987,0.5477506760188843,2.4605765326491293,3.0030617001106457,3.581463781596323,4.196232245547244,3.6303046654248226,4.921156301519375,5.35085516084021,4.864517168000952,5.884140843670851,8.677763728083734,7.682373752165448
3.48392772558311,5.004456629577351,4.313953861978374,1.8208754537738627,2.1934324554094022,0.13051881618990951,0.18563565404545598,3.4267503657244487,3.8939909621105033,3.3685133681132102,3.165034502817412,8.693371953400296,4.332819940004752,2.864180164539205,1.5874987989481693,4.325403664475833,3.32617902610187,-1.0314776181540195,-0.7960129978686145,1.2330019727358608,-1.5703638225101655,0.09864395951098555,1.7481431522594968,1.6339855436801096,2.223518073958092,3.2209180010050527,3.3655064119037172,4.000994850753704,4.589105315406522,5.447395235968654,5.1525941290721375,4.763777088473656,7.492163634093646,9.091765894149326
2.715750195553089,3.361198201207428,2.6565546776258766,2.480888660666466,2.1617146200739934,0.14493559064216718,1.056587222831012,-0.0810942962895663,5.460967206017797,5.243188163546661,8.608880108847337,8.18063054065661,0.226646617388119,3.430799158287274,3.753866307291862,1.9358870377926898,2.9160150691801814,1.2998310278815886,-0.1963573266195822,-2.559394162588338,-3.76785505965119,-2.7337762585237817,-1.0957713419406394,2.414494192508141,1.5929128749680568,2.468440252367666,4.221610060777543,4.1700463420371205,4.130091441385789,4.951749858559725,4.918888699953459,5.022217984055139,5.737072089177993,9.547183943925758
3.271111850107386,2.8323642733474657,2.505250937361066,1.8449902674401246,1.2373774362141865,-0.5582370984957672,0.503852304233543,1.769301295391634,5.070473240344088,3.921104567005783,1.7607381718719892,4.989314470517488,7.945050780706564,6.043717172597979,4.403619571982707,3.269049634509309,2.557409666435426,2.947106668293127,0.6670477135690879,-3.792358049037454,-7.87129098244068,-3.5702140987201942,-3.207633878285111,-2.2046708620374624,-0.04601809167894151,2.1485069927153617,4.299720855702475,4.014483801331371,3.584824520516583,4.6222528400143865,5.295905192847788,5.101653539173334,7.364463359527883,8.053423892859998
2.6866169024712168,2.910260327707782,2.6111378829033036,1.5886342852312272,0.49791592708143445,0.3725713601670109,1.6137955718463202,2.0679127139165434,4.959255153206148,2.7132958856461973,3.5555731501240655,2.2277694692097953,7.075843812754401,4.957258122413109,2.718064024095908,3.8547321803736403,4.038340366545152,3.3889816789557923,3.309689397626638,2.971954110912319,2.032798068804713,-5.259518298641448,-1.2600214014980744,-0.7169460412285804,-2.2118184789562783,1.033123757540789,3.734603815239003,3.8812379607564504,3.510806113519454,4.519066777291353,4.946867577464443,4.79522864647147,6.848927320863063,7.6811312681430355
2.1080789243043165,2.077369337315158,2.7050285283528006,3.019251246652101,1.0803867484138319,0.2408005327261332,0.33462758619727434,3.276296357990442,6.253988687513673,4.283803406564908,4.323543639485574,3.972477769874273,4.277823691325756,4.064154677507485,3.7557907143809377,3.758117727094972,2.713066691275795,3.3456686380468943,4.795428712430343,5.910988850830787,4.615613710673061,-0.36722078991512663,-2.5291330435083132,1.2881362222177872,-2.2897800662253753,-0.6651667547945408,2.964690727547718,4.253807906916308,3.2672325536138302,3.927676901802776,4.219250750689894,5.660917801661179,6.949676807549725,7.488812256658387
