script/wind10m.json
{"header": {"parameterCategory": 2, "parameterNumber": 3, "lo1": 3.000054539987559, "la1": 64.9999836372058, "dx": 0.5, "dy": 0.25, "nx": 34, "ny": 52, "refTime": "2025-06-15T18:00:00.000Z"}, "data":
[rows 24 to 47 of 52, columns 0 to 33 of 34]
-0.7406911698119346,-1.2550390886798033,-2.1260081957530166,-0.7952190886948513,2.0055933082098796,4.341693739964169,1.5901918292847854,3.6932342902344666,2.700319245904032,1.624789757174934,1.7919434495982107,1.8806289113201302,2.1411386343559333,1.8385283975930744,1.543831054227382,3.2598810631117185,3.070991346181693,1.2896794160144034,1.0621397657020433,-0.25181552639519306,0.8844958680253179,0.15570324603451965,-0.7801268121013696,0.1520018955768772,-0.3060859804985464,-0.2555946181969975,-0.008156757646692011,0.9725906007938062,0.5342865842771841,1.836902596995529,1.8031015785099427,3.825032765314071,4.748786274316637,5.0318271464863455
0.34553046669252085,-0.8733389849795083,-1.1823646936151304,0.042227331784656104,-0.33544936163148703,2.671256532911251,1.4449717537129578,1.5538381475726764,1.4916468618247802,1.487683104227782,1.5666779819905101,1.7217149558351648,1.98289480655173,4.412291094777743,3.5758947938627483,3.416521469760123,3.452900725808386,1.2038006751258246,0.36787103782641,1.8002312500991764,1.522567361017342,-0.612770719238233,-0.2167675615971377,-1.1214637418244613,-0.11639458250677738,-0.2254628705620853,0.19418264594891083,-0.1270239256766093,1.8731912558715382,2.4186228998288444,5.576531484240116,5.981592274120487,4.288987790948255,3.7490542271472216
-0.7391131622308542,-0.07817312609973265,-1.2620677005082146,-1.0294097336532353,-1.4588279382221898,0.5685925967324374,0.3198907028731907,0.8702551748651906,1.1472428189554502,1.0042015664056796,1.3290393605407282,1.8363255690941513,5.5997694770611615,4.806122005246408,3.937113984155055,3.3928075175413905,2.8233391504681333,0.9229275482849055,0.6378274977369279,-1.0459625405487485,0.6787777206044853,0.18664200177338963,-0.23514639744381083,-1.6968466331796723,-0.9798626868493938,-1.050122620714302,-0.7778550734232986,0.9006966268374594,3.983501110204012,5.424916580821469,4.658079649046098,4.13329675730905,3.282210067964861,3.9905055572127064
0.34930076798419857,0.3046447882980928,-0.745667528603706,-2.1870500983444137,-2.883134355048686,-0.8173965139860572,-0.8293137944180531,0.602194218150343,0.20489097688295294,0.5381236053815035,1.2478574231947328,6.035073067927953,5.487446429743863,3.517720801642354,3.275333763087548,2.627541891375539,2.661993617310157,0.7517946216209201,0.5914222386170664,0.14109441310641768,-0.3487946377858148,-1.0007117714121951,-1.4324722206149365,0.11402436367436675,0.09167966671464245,-0.6460279990696054,-1.5455534212458366,-0.06098531848912485,3.339767447841388,6.18258672307189,6.064441984610235,5.764292179058335,2.226511729938332,3.82546164226487
-0.13970150294024897,-0.18314928980998935,-1.7361047544114352,-2.786179797047781,-3.6027741035441965,-1.902172404447724,-1.2936545586538153,0.7237849683502133,-0.5218912557568888,1.046969332793754,3.48755739161164,3.92950432792216,3.128725723869947,2.265574579974567,2.204801695653549,2.655624870410907,2.739479934259699,1.6987971277182612,0.34680156513623567,1.1431986607303724,0.618041323448793,-0.4278161547199896,0.1158621458000163,0.29555291843116094,0.16306530437995284,-1.597936394098886,0.3071524504355027,0.21251254439377104,3.1799529126258985,6.119814926893206,6.985299754065688,4.806220561409165,-1.332735886380637,5.365206236765944
-0.29067146090174395,-1.205921175169201,-2.125781597820448,-3.364879495505096,-4.192368020528905,-2.4089776791087165,-1.8076624320574366,0.9653454350663412,1.2445697776992286,0.6319318613518018,0.5572195097317469,1.5632593383007858,1.4068493710299237,1.199211134300644,0.9618790923369283,2.427095508019996,1.3057540036993742,2.3333402285549028,0.4738419577246917,0.9488876953325398,0.3516622537285855,1.1878323879609973,0.0715993824659547,0.732208547476881,0.3541742186551366,-0.352068412685281,0.6890261459426541,2.129474017458921,7.944822809126714,7.849901365666499,8.060524995628306,2.553784334176534,6.89945604654139,7.000697018644027
0.32871425724325054,-1.9674192013498903,-2.864088127323897,-4.0339817812211,-4.156172642075504,-3.5638912491939547,-1.7505979689596392,0.36651345823551496,1.499010813683388,1.4016218771791775,0.7384397026659647,1.4266368843752584,0.8809682198439832,0.7125079337073981,0.03853546366730477,0.14780753635338764,-0.18103787036114977,2.0220046490107926,0.03588293211969392,-0.3701636271608009,-0.11002687807661259,0.4849593396877798,-0.29384932654736506,-0.4111427273389094,0.6385444962247099,1.3049850082461474,0.7499375050231749,1.6824147287690985,5.6061553006841764,7.4214519813751645,6.972092481063611,2.3335212080795014,6.280676706860242,4.641058967141929
-0.10320298872632473,-1.5835359119714238,-2.7834454292594817,-3.6002638773950015,-4.804989074872414,-4.161463331860516,-1.7260572103697274,0.7778965488893891,1.4999086012107707,1.629933902980571,0.8955866670829709,1.10600306079533,0.978095662186201,0.4364447043610538,-0.47225811274999724,-1.0241747756584332,0.6460860043585253,1.8841994426591313,0.9783456242914688,0.2811390560858532,0.3023097782863267,0.2663952199848076,-0.5959077089506883,0.512953422510617,1.8615426592370674,1.2650518777194963,0.7765528022562151,4.166869812253123,1.863088371720627,7.724427930728957,5.8567035753154455,2.059387231525913,4.598270112287211,4.598657118645182
-0.5081353615534838,-1.543388902362958,-3.040545556548256,-3.7584450228784814,-5.405439225764733,-4.7653168004243565,-1.6670418373054425,0.6894040383378515,1.8644591477165036,1.6365399629290152,0.7280225546616114,-0.10769610707795277,-0.8593455785429909,-0.1875968220680391,-1.7774508978657744,-2.0440495170857598,2.081875552500795,1.131224011958552,1.2883895084148822,-0.5633738029545049,0.391834989391292,0.3510277244779412,-0.3368984643961879,2.006786517656468,2.2654076367168408,1.4300048944564163,2.6096191968726314,5.8004108626432425,7.977663396081234,7.335179136845398,6.173740058185471,3.903485943690684,4.4781669732616916,4.266488557536846
-0.850795413512954,-0.8743261859304069,-2.4177890918466716,-3.8413127365238315,-4.766429434962668,-3.741942763324705,-1.5716403948621485,1.0008886104480688,1.6556847574744489,1.209672477367679,0.6866203425799446,-0.6816085510092075,-0.6690136543221863,-0.8738553067044794,-0.6822762761038211,1.3711787753190403,1.2769657401643524,1.9357707081351212,1.6524252020616932,-0.8261646202197065,0.2823928080181698,0.780547622478736,2.6322503988816432,2.0608060952513068,1.8556008459871638,1.6687968580253263,1.8592824686051224,4.723613972226594,7.170715236303058,6.334323129533498,5.522751143399046,4.532524670205107,3.8519318357109373,3.8310727277157417
-0.5189014188807353,-1.1098651209679513,-2.2141930641142356,-2.6950500555824672,-3.709537308007264,-1.7477110113847318,-2.3015108662406663,0.4524794927740211,0.8506984286278171,0.9414343985467019,0.19099803107133526,-0.4802612674254228,-0.9641918473549727,-0.8387420019986322,-0.17682312710044804,-0.4578680922455473,0.4049150905003347,1.3284822879039737,0.8321214819703076,1.5482182270726272,-0.22959127857030232,0.18944139777158162,2.050257310118975,1.889957283574729,1.8328952117311526,1.51912231155727,1.3195955838755065,3.011347215425052,4.978593496910985,4.300679919476678,3.791964320910444,3.80938841805384,3.552162901731782,3.009409277563958
-0.5018955350634668,-0.606427609733377,-2.0782927151025956,-2.827493551142633,-2.6251344152796836,-1.5249043934423847,-0.6758724637257377,1.101483938746058,0.8886470700073589,0.9073511245549293,-0.18996284225820745,-0.0957941056729452,-0.9954739609890422,-0.019283884372467718,0.02161225913933742,0.13728245089408478,2.438674811522548,0.9277151852858363,-0.3795643887445866,0.15576818148816807,-0.7632231821100669,0.783233441351311,1.4006251499152722,1.3871478135111244,1.2342644506428881,1.3261339212144752,1.8734784699161968,3.410527728674101,3.5533475760248487,3.2767755756092534,3.575461716704856,3.814674998635951,3.4633278693222445,3.049778027709929
-0.5909079172629955,-0.9750878295455022,-2.175518668106411,-3.0887252578278046,-2.9401963067030397,-1.2678592853522224,-0.2437288757416898,1.248138288059316,0.5463163146866058,0.8329908903729595,-0.47283809886647077,-0.5484693926757909,-0.4503970009477188,0.2902429866768157,-0.23914144062443526,0.2519126194666405,0.430473789779997,0.07847047071694319,-0.09180007646381158,-0.9930834436826553,-0.5657230152597899,0.9324723820140087,1.1744155725412568,4.505715367227132,1.8734455397386462,2.0660782778086486,3.325657051021374,2.9498834001231153,3.4468285444295392,3.9862047694326184,3.8326934442393177,3.136075605524423,3.193805083171014,3.1944091760372797
-0.3801986810171834,-0.8149742991188431,-2.177630363060672,-2.8272727485158464,-2.8120752167415635,-0.9984761828414194,-0.5454570220811984,0.8601627808824092,0.046595966635426464,0.34739962293308196,-0.780394393079656,-1.008751485481514,-1.0221357797911723,-0.29886512076542016,-0.2933309758977718,0.8936531276427685,0.6134199766580153,-0.11458902907161465,-2.122672649592655,-1.9116057966417375,1.5384128700145585,1.3269032218074788,0.6649588564562879,2.0161819168020405,2.2744946773646446,3.0250034069310563,2.877392974379266,2.6375689445399924,3.4159978278531398,3.1432308976847834,3.152138732167891,2.775140132326647,2.7622732835293085,1.8695865424703406
-0.27620818494695526,-1.39823818542683,-2.0547056484164776,-2.4955973353360235,-2.0279139995586393,-1.0212394762605974,-0.14022335963387125,0.5975148389038336,-0.1871020236437531,-0.27562409733137566,-0.9121181114664165,-1.3661699979827049,-1.032496080120581,0.434151104799781,0.9012184681257118,0.059434414545315166,-0.4340373441772707,0.283381252205115,-1.7650814103801775,-2.4087900285854724,1.1030992340416637,1.5991936579409016,1.0108118972566753,1.0247200911197374,2.521990882116332,1.9503796390734394,1.7622756536971282,2.3692445933589887,2.5571796422803637,2.4206508626239014,2.39182482162631,2.209640184450011,2.2700742958464772,1.1942138774363165
-0.24361499436372078,-1.251131675903091,-1.9399795693464004,-2.291331607289339,-1.8304418539708196,-0.5137931676115026,0.4055721767253973,0.26590402734530394,-0.24596115026029597,-0.4244640113916451,-1.2507647300115692,-2.1067391835401548,-0.04873640028564737,0.4655918038756614,0.12581194611538626,0.5904227491976225,-2.6612055688439713,0.2751598277250887,-1.1316186979721374,-2.2897914377757855,-2.3145685822663875,-0.6645781241148596,-0.4499063005440112,-1.4486441192025186,2.432790495535915,1.4566509935929906,1.4163861933131086,1.5149624742854313,1.5140008428534184,2.01393938457186,1.8346927148463865,1.5115383184068756,1.690512980201533,0.8048981420790383
1.464632655738022,-0.5254875226073173,-1.4752682672379043,-1.2934376829516177,-1.1029128942094857,-0.3929621619755265,-0.010340387899157323,0.38174727968421224,-0.6455938943323081,-0.9663722164141838,-1.5934071472735845,-2.779402933226812,-0.925202428542655,0.3310062199554428,0.6299966725503862,-0.3755504759806505,-0.46185087869284946,0.6176671519044118,-1.4417183724075158,-1.6879320659222943,-4.666500536085591,0.5977567135165336,0.5328115133929248,1.5620561205218044,-1.1431299388941558,0.5922653009262411,0.7791119588758284,0.3877036615514353,0.25189931127344994,0.3116482268962584,2.1857328301398895,0.7085955654700328,-0.4826341253028155,-1.2756084679896262
1.6673910199980395,0.3594117873056375,-0.9089414471753844,-1.3505682275065778,-0.9511705277295436,-0.6591675343755647,-0.6672903573233449,-0.11253726154412715,-1.00182629606613,-1.4874455351059352,-1.684875496814445,-2.7666656495544477,-1.190346299006995,0.025765889568185138,0.9523112307448177,1.0769959427659772,-2.041387466722757,-1.6269432369533001,-0.19667135307503658,-4.054133276141295,-2.4370371580483603,0.026913468277153393,-0.9956177220929037,-1.2711703786047712,-0.49161608088225595,-0.12649000930591298,-0.15028146280126584,-0.6568475177654401,-1.1826709773740416,-0.3278941938703906,1.087997224246521,1.1766014270958305,-1.277224287087272,-2.2318372566477107
2.003815962152954,0.8887886237547882,-0.1544023581079224,-0.7962004595033851,-0.912694759183088,-0.9094327019591899,-0.5306909471440763,-0.30697287978658616,-1.3720479368677652,-1.5752088505092738,-2.024517657760815,-3.7092086492666727,-1.869874743320608,-0.18420974153098973,1.458509766935831,0.6291706664046182,-1.9931839489980672,-1.8921320118477865,-2.858581350008026,-1.8105505253180043,-3.203865310929175,0.5726831319860357,-0.15144049528474884,-2.394986507497795,-1.108704415135456,-1.3947183613904761,-2.1337149152365753,-0.9472035074889908,0.036606411542420156,0.03822382947556015,0.8036172515890321,1.083914024497075,-1.15864056857038,-1.3632360962207346
1.0083923693897983,1.486123530395904,0.7336426362768228,-0.12245455874740635,-0.9462099828784513,-0.8270738383170759,-0.5401382394628357,-0.6167342446653504,-1.2553524377085243,-1.7598568990447276,-2.2433465235238144,-3.8406781610542944,-1.7106257079096239,-0.055684105512793534,0.5072063158378816,0.7672602096717676,-0.8326645858172868,-3.2897311053761444,-3.086102912856931,-2.062460304979384,-1.6610315474651665,-4.362545351457198,-2.903529787232698,-2.9977149219329022,-1.8413628288423158,-1.8685980720167623,-1.2748353920158972,0.17585451022548387,0.42662670003662445,0.29001795199853164,-0.49265162659606687,-0.41557328103712743,-0.6309208484067478,0.1975466840028853
1.3967953634073764,0.7514909636333271,0.905000062973859,-1.0022173578382154,-1.3628391548616314,-0.9986333477110835,-0.8505619286849948,-0.7732763335181476,-1.8326726196118044,-2.4901303884667203,-2.7905040321634695,-3.903392415442242,-2.249384910326882,0.06464335596624983,0.4609110001873625,0.2417399072547908,0.0628200276900998,-1.292378268141887,-2.025745201013921,-1.8476967948145875,-2.014488633516887,-3.353641823939085,-4.010694742237798,-2.652123917702453,-0.9763904758572125,-0.6185383409186364,0.019074298578980693,0.3783293475137917,1.0033057631020879,0.9177881370873872,0.9345460503428654,1.3589116363347657,1.240927553734306,-1.5440184345939858
3.798331661440558,1.5562854914846795,-0.3826053336617677,-0.5045899559795838,-1.432184441707101,-1.2359432570463578,-1.927873815119163,-1.7404106102544705,-2.5489377003104665,-2.401392964030871,-2.8712020472374933,-4.282214215089534,-1.8991680250481784,-0.6531183872362526,0.4710138109108245,0.3483178280927276,-0.7133578156655109,-1.8508000279563914,-2.035093604609669,-1.640030240155527,-2.1113370450097997,-3.3326170797004586,-5.384791252192688,-6.7501950307504375,-0.8233852652911843,-0.8156432169551213,1.3531543468756777,1.1695759752369266,0.7178393150065024,1.300378655378647,0.693888671598259,0.6205340620855773,-0.297437691141681,0.4703409056437557
4.14716800933562,3.836226598403507,2.601553058527516,0.767804359311453,-0.9495013855536469,-1.4819347785445507,-2.341267256226619,-2.5491355848352955,-2.7688442380522975,-2.06422873383293,-2.5050065933037065,-3.5894790130040586,-1.3894496986784788,-0.29609045595800176,-0.21775368723666247,-0.1851516482825795,-1.3558171402086965,-1.5924045700569132,-2.946186742564459,-2.3816273631575515,-4.420453973962031,-2.963240718483294,-3.1553728254915154,-0.536654990391818,-1.3400903892898517,0.6367835058878251,0.979002124384265,0.95821041281525,0.9566885546363263,1.211238225380894,0.9912811473996065,0.9159746065281091,1.4707309557364154,1.1171188818177513
3.783055131623346,3.5111007807682793,2.9808859467243853,1.2648089645307745,-0.6882443891281053,-1.7977968626222893,-2.1167226332650566,-2.3712678913428125,-2.6223446931745147,-3.075891570270245,-2.3850469505789116,-3.5113637605878054,-3.3938034649041886,0.5713163406335151,0.2096922992640379,-0.10241993222600744,-0.928943338342188,-1.4339741492825109,-2.15790215262635,-2.370874504279788,-3.293208948696528,-4.295540329944702,-6.071449682437405,-0.8469079062769181,-1.2888391112921165,-0.6302870603317864,0.14535207040722892,0.7378821447115955,0.8110784260685603,0.9552948766324006,1.0077229080557806,1.4268359100892787,1.0084382194451273,1.756741759350855
