script/wind10m.json
{"header": {"parameterCategory": 2, "parameterNumber": 3, "lo1": 3.000054539987559, "la1": 64.9999836372058, "dx": 0.5, "dy": 0.25, "nx": 34, "ny": 52, "refTime": "2025-08-19T23:00:00.000Z"}, "data":
[rows 24 to 47 of 52, columns 0 to 33 of 34]
-13.017169555376105,-12.853718821310533,-12.090810879409137,-9.931665248218028,-2.4658154304350846,1.4750484325855404,-0.3725209523804675,3.9255244865080585,0.7423685495478443,-0.13290239393198056,-0.3572535284042528,-1.6784512434537506,-1.4855743386716014,-2.1506500078226956,-3.1333355916167673,-7.834061438670095,-4.405783968130591,-2.5180030581130723,-2.476446093793091,-2.9467466203846495,-7.349747045261633,-10.703623649564395,-3.849177669633258,-2.121066418535668,-2.1674467267586293,-2.663381975804354,-3.047739646659274,-1.3046099821031467,-0.23705134537054082,-1.0516654739784914,-1.4787433786235646,-3.92054375490515,-7.111872787118937,-7.956875186134092
-12.153330241914714,-12.276223420011082,-11.095741679879662,-8.599893430518629,-2.5390016395949035,0.5115017971441054,1.8980637191095366,-0.3032081753041207,-0.5328529369834494,-0.7499777677933456,-1.599688809249583,-1.0713073818256615,-1.7491461725073367,-6.7903346800451585,-7.3605917163809575,-8.379919800188835,-8.010437109848969,-2.5640579989849384,-2.661247456226377,-4.349929811636808,-10.46533837664524,-10.394508390080048,-2.417807003512151,-2.2326185453529104,-1.7674940328354578,-2.183705199527489,-1.363538813011231,0.21728465382584825,-0.6213548977878811,-1.822334470364614,-4.770447330626921,-6.442177408382554,-7.601199220010436,-8.491518426195222
-11.851887199181535,-11.311380663229208,-10.159723829648428,-7.967716663521184,-2.5221207416770435,1.8783406392547213,-1.205348002494168,-0.07033716768221318,-0.530634787019964,-1.1840244835215448,-0.9521398045210153,-1.2313374444552974,-3.846736997986333,-6.259012160370488,-6.379608390082401,-7.184853134283372,-8.92449167550779,-2.3942180362619,-2.1894080435973935,-6.3640249253347605,-4.129964172814609,0.47045770075709026,-1.7925439578880826,-4.839059354941073,-3.175349740794086,-2.0785123574347404,-0.6224721999069586,0.6066123255449762,-2.821262374703949,-5.382216980536629,-6.766429357103137,-7.44544203590474,-8.219286504581,-8.608726745774232
-11.827218017570416,-10.934767407783273,-9.594906269802172,-7.6702041143901685,-3.113138741184358,1.9085061928582048,-0.4213654581564071,-1.975954286183311,-0.9835932945883163,-1.316347584058345,-1.5948337458058757,-3.860983943565582,-6.3832551926851755,-4.655422213566925,-6.913654198160445,-7.297802248032964,-8.173749423500777,-2.927099295077773,-2.0603286461953005,-2.355936037168231,-2.9385104900416525,0.20135741061830215,-1.4524148441015532,-8.60952157087831,-1.5487526097621984,-0.6002677544811906,0.8308187900578131,-0.8123981723771768,-2.864351350424682,-6.341961496857575,-6.925189825362951,-7.536762016591185,-7.8992505159639705,-8.403496087539358
-11.878534472766681,-11.10766883738079,-9.492299704214844,-7.827256752727087,-3.1279383084459664,0.6190006274569491,0.18129940103788073,-2.1136096618649125,-1.1382459043273556,-1.89729930267975,-4.61987810004859,-6.538311003740196,-6.143630380285519,-5.948083783273555,-6.266978569789259,-7.816952034086241,-8.068390307435754,-4.309344076039131,-2.7865346256158157,-1.030554831479666,-0.0953646941225679,0.40219194171111156,-2.0517892321427404,-1.2017223927034462,0.37049409100478603,-0.06248012412090471,-0.4831713490260293,-1.3754885957930112,-5.559067029920459,-7.167658001616009,-7.320633138282811,-7.354347319387643,-7.751088187421682,-8.354080010736766
-11.675287960366244,-11.202349837042672,-9.856118738132931,-7.717959191059977,-3.8137328475177035,-0.315046757970262,-1.0658900809868617,-2.524279572085949,-1.9195162027458947,-3.267501144713475,-4.597883135207086,-5.787274564527216,-6.55436860301254,-6.351413828145187,-7.139126453749745,-8.205604373022862,-8.29347398839774,-8.506003683169725,-3.108683488207996,-2.1497432777092547,-1.5432727442272376,-1.7336443724366586,0.09057785397107446,0.17930532610322925,-0.3784215495143237,-1.1260849626562373,-1.4706836073305418,-1.5483842906319762,-6.610275787651295,-7.69720628528146,-7.822678213444226,-2.774717754954731,-5.582933732156077,-8.76388475052189
-11.352744353727319,-10.986553983865797,-9.810660190661531,-7.93367194038787,-5.329131767552104,-1.2345444622117308,-1.5990524573062006,-2.4511385091423343,-2.2351297323508055,-2.9828671901199297,-4.595875514399182,-5.578316155506158,-6.79679193223816,-7.241873796324677,-3.1745936189953072,-7.970200313824956,-8.544369319538708,-9.108368404102652,-2.745355271858241,-1.6085607191103692,-0.7199401664819566,-1.142784605821153,-1.504397928900098,-1.6115890604446501,-1.340674514718926,-1.3881679356851195,-1.524251571602257,-1.7739517169630123,-7.098124824278748,-8.59601247824241,-9.276678929310224,-2.1539372372826264,-8.475333797241914,-8.75620374713411
-11.383219244985584,-11.082473571624593,-9.966758951043067,-8.029650038353264,-6.3444383682487535,-3.459134910179823,-2.561277599468163,-3.3026487542455087,-4.3906368574967125,-4.242709294714695,-4.861116673347824,-6.6731777897667754,-7.162095243809698,-5.530613393596879,-2.984669676369316,-4.6940488354855185,-2.740891393881305,-8.141828980596483,-6.739015645437448,-0.8501398719437154,-1.4840159541388058,-1.6577277228310379,-1.4484355180526003,-1.1914366613478262,-1.4152755215206092,-1.2737065122359479,-1.4952977813718022,-4.568842452625219,-2.6049388974214867,-8.765521279784249,-6.487206349763493,-3.33596534661665,-8.878200946524691,-8.794123178626627
-11.035540913652659,-10.654103612434495,-9.906442741590118,-8.266862736006056,-6.91310483865374,-5.360673808689478,-3.701164122078759,-4.331451165437947,-5.264908066535686,-5.7686677677818,-5.756916762096645,-1.9675868557683303,-4.520587263839997,-4.5157353669232725,-3.0006364182149463,-4.496433562509987,-6.738513902629641,-7.606834758370296,-5.333998321938965,-1.9372654848582844,-1.6522536022801124,-1.494281873440063,-1.7700549239883607,-1.2929559128920898,-1.337723982178067,-1.7007321264661133,-2.316621413968258,-3.0243634875322174,-7.711882411858787,-8.091544206659062,-8.883189566393126,-9.069161299761218,-5.4491888881758825,-5.14054395592205
-10.677505198115073,-10.544250334832906,-10.02282801818663,-8.739300942077264,-7.598784443168918,-6.065466352337163,-4.903257837989148,-5.042871093655117,-5.558777637627481,-5.888978690046104,-6.080526814103994,-4.378205827173991,-4.185889164212527,-3.2205740745260947,-2.7501561361553475,-3.5895634107707135,-6.446457317603223,-6.39461015810347,-5.966155437971319,-6.378056129931635,-1.7096653943364777,-1.5706185407459292,-1.8405744690081354,-1.6830275961679555,-1.6612104219297235,-1.6054723465290621,-1.5774421119493163,-4.088505268460577,-8.916314681954958,-9.338189108273433,-7.114436493623677,-6.382288539479187,-8.538522963361599,-8.343923501869833
-10.927285334484178,-10.667387623873717,-10.228676011735946,-9.706860678743158,-8.561193043754313,-7.400930390358384,-5.998664931624615,-6.188869118704602,-5.831999128510841,-5.3379845870140645,-5.840866667008878,-3.097571964757118,-2.351624053385171,-2.501581128647601,-2.6260012240921404,-3.139933553000103,-7.121466094678927,-6.486136181237683,-6.638319728626542,-7.527831285583689,-2.52504568763411,-1.887563748178058,-2.313828201571267,-2.0007519362622137,-2.1683654666687326,-1.8579570285727516,-2.6151096975047556,-4.044156206443234,-8.459585067317356,-9.460793372501351,-9.373369477113187,-10.261045436206373,-9.093735078492776,-9.685461346819396
-10.60925151889142,-10.731642459002881,-10.269998683122639,-9.877260481626163,-8.987691546695935,-8.439913621417602,-6.991243694387733,-6.994575634311522,-5.796998718147805,-5.674742408911226,-5.882450640565539,-2.397842578671072,-2.563949556220399,-2.2579918785765085,-2.2782441789849317,-1.969283375815127,-6.7714365345642635,-8.018348054413446,-9.150955696664779,-4.442886160206809,-2.3097934234616755,-1.9875669845868809,-1.9468858093084536,-2.44576243736694,-2.344268817385473,-2.825303191282947,-4.143279796124988,-9.046302986786722,-9.893477543561213,-9.283921224721375,-10.183889387073663,-10.450159509984019,-10.973286562401947,-10.33400767615152
-10.309417630037286,-10.301109092554873,-10.083902699747245,-9.816845477313581,-9.452378482239654,-8.780856628574478,-7.577174752650867,-7.195694112071532,-5.032426609749877,-5.014796501977002,-5.687932381790639,-2.7947407752498936,-2.0082540313556527,-1.4581600318832295,-3.030829048798764,-6.646411962982636,-8.893654275706254,-9.429520215016495,-4.072669824188914,-3.501824261304128,-2.96538012249855,-2.9128039053391963,-3.053406609514597,-6.454004823470026,-6.782014228537708,-6.616631427131707,-9.065449552989735,-10.092260769041422,-9.720779064309088,-10.357747585157318,-11.190109693013143,-11.786143418359382,-11.846728086947746,-1.2067051962081887
-10.352744326347503,-10.427153531350081,-10.376255994304966,-10.057805711967953,-9.645806605786001,-8.78123095706264,-8.119206060885471,-7.7064934385736965,-7.047769556342305,-5.488684974473262,-4.861993979413275,-2.383068667488194,-2.1328643657277513,-2.4848824632661937,-4.236738150200494,-6.027196108427242,-9.041930698847164,-5.098848893801871,-4.47050756844437,-3.902965802674713,-4.116358112165775,-4.406419178802109,-2.318965886318607,-5.5109984840014485,-5.688578720336888,-8.624257859267658,-10.244821143989787,-9.376282819130754,-9.212578227081986,-10.713490906123686,-11.727184970191873,-10.940970526254523,-1.591438875295373,1.0221197366880723
-9.87950999008135,-9.890426589889671,-9.887649043995863,-9.995957248777513,-9.560421431376483,-8.939663978686962,-8.333722436573312,-8.229220534667196,-8.342500975701778,-7.117730167563567,-5.208228533809868,-2.518155305176039,-2.3770319462849145,-3.279706539954866,-4.21022335910158,-8.006733519810597,-8.421839259161915,-3.5457436495941295,-3.7937458428801394,-7.235622762030268,-4.622682120776476,-3.084796942208068,-3.5582940215177015,-2.486592094201909,-6.41356237848118,-7.540992436362281,-10.009069613678442,-8.455523350532662,-10.965630836953416,-10.248037858712301,-6.612534104233281,-3.289606814061972,2.0790879294742695,3.8378319826316805
-9.711622966260313,-9.837389230466757,-9.980972683576388,-9.846736338434866,-9.651185160152567,-9.12044813781479,-8.710906860020009,-8.941441011945917,-9.329388161705335,-8.392847869206854,-6.136041067975137,-5.145284640861996,-2.778245028838629,-3.3255295961965965,-4.381445266375761,-4.863216337042415,-8.081880865380064,-2.705974657540534,-2.4489162566117173,-7.425984487364987,-6.1499159174441775,-3.628312850637375,-3.5596474497954156,-4.910141302359185,-4.601728119347721,-5.878873115275696,-7.683283810007091,-7.568244568455888,-8.896267244906854,-4.608281079538736,-3.53162512961241,2.5561969841064722,3.7440769184334988,3.103343291942696
-9.494615706731748,-9.835917082437831,-10.037286559249308,-10.077565182930634,-9.797880426978919,-9.40751268178724,-9.122883261011443,-9.222474208626384,-8.956906870594961,-8.664833165191276,-6.640100649204383,-5.669577835657056,-2.108858123247798,-4.039663832572604,-6.765279680303981,-3.583453832764011,-6.899498672316689,-7.37122345163407,-2.1124607722161723,-3.586248457650745,-4.559395082619826,-4.195659337669619,-4.964327654993812,-4.554242323475881,-2.0651169202553348,-5.68264437615954,-7.4556098359707,-7.450242792926975,-5.901011296275344,-3.053891897954684,0.13933477953511975,0.889361235249882,3.0837900282855633,3.417215027339041
-9.449040323541885,-9.628887819182673,-9.904343963726987,-9.975096415793967,-9.905769469005657,-9.559736824222922,-9.150182589097014,-8.91783477226419,-9.05194805017271,-9.105010179848735,-7.828568722984532,-3.7441806208835597,-1.8818610256944175,-2.909127652176832,-5.332163705251728,-6.947862018116333,-4.683645505501643,-2.6893484180390343,-1.9050902203103628,-4.851175861952125,-5.4874525308299225,-5.0881515087797125,-5.81985545331007,-4.85244007204078,-4.247592648640453,-4.112063510704925,-3.809019250457916,-3.639512015387955,-1.5262229487558319,1.8950410906855615,1.4169024169613487,1.2953137119777258,3.9929141426489587,3.8592574449710346
-9.227022093482782,-9.446301211285485,-9.619840003549688,-9.72611871191924,-9.7998222021617,-9.768996170712617,-9.267916292334677,-8.745879544696228,-8.812819387546366,-8.276467349829103,-7.481057945368736,-5.029700711704577,-1.5856960389320855,-1.5337983682107088,-2.980165400569498,-5.749389536138838,-4.935168193014365,-6.143023275863627,-5.113091791585196,-5.801853887538914,-6.011629186817283,-3.19458017309774,-4.861087516097851,-3.639679060986303,-3.205152932221192,-3.275821159407872,-2.249900269162239,0.10498329866956276,1.2517628222452863,1.9143557298242528,1.1779985542371074,1.413186229719734,3.927681884076676,5.522800404321625
-9.083337098702527,-9.26445436961441,-9.446651514727762,-9.561498844289957,-9.544092446076471,-9.264288188625718,-8.78151149094921,-8.08185711362085,-7.813903046687361,-7.595252625435073,-6.692790443223877,-6.092492744764166,-1.1705239460915713,-0.4373317460133083,-0.43806314915276934,0.4027520718072638,0.02118316546600471,-5.471634470615141,-5.968704860248789,-2.104355887988159,-0.3275261146655074,-2.0157253766175276,-3.628935443903919,-2.8426752302680725,-2.2888710467796054,-1.8102916522918782,1.2716803579764988,1.949021795444641,0.647722436774256,1.070763948768618,1.1035543348782724,1.5084360456236836,1.9446640016094539,1.4920308115697345
-9.02327776484355,-9.225347112416586,-9.521031531101904,-9.544914131611609,-9.47730154615351,-9.378970804230129,-9.178717730738784,-8.596185967205322,-8.134767029360747,-7.706178126546194,-7.141203970772758,-7.056775307942708,-1.9133511834947423,0.15027494610311593,0.36639326036926617,-0.288144175161358,-3.544979025210969,-2.9812013734738274,-1.3706302909098438,0.40207516560774315,0.5568479119751568,0.8347300746761691,-0.707138525902161,-0.583221556303359,1.0782371307006746,2.0387106833693776,1.7455712735329159,1.2430141307912266,0.4236696198977708,0.32077614652429687,-0.10236542780694027,1.2473252989053858,1.9618116071948268,3.1075024582615534
-8.927450444936103,-9.133862158096257,-9.328783981658345,-9.044829182220361,-8.955282476740722,-8.92613897923374,-8.767303208864208,-7.999704331372708,-7.802899722411279,-7.19037214334377,-6.325659538545536,-5.532732521352442,-1.827379416316233,-1.3874177219377086,-0.7235929125395579,-1.2740076362263868,-1.5843931806348515,-1.7977241747552724,-0.6680756567510873,-0.24219946986998667,0.0920556359046458,0.47750947243917685,-0.18519716193626515,-2.7431144995495935,0.8083080378878582,0.7403885743324143,0.8852062555052271,0.8674776646370377,0.5920892491324973,0.8310452584918051,0.7115405531327103,1.5730939944027342,1.9124272791186516,1.6033486368356076
-9.009913418068138,-8.939939132066968,-8.957860084412873,-9.002361510029507,-8.95311226007415,-8.654635218174478,-7.994273798718488,-7.21600173225854,-6.947632210653575,-2.205295295448337,-2.0449657537805566,-3.136696498442724,-0.6443755686436536,-0.5953917058297931,-2.8887820232315713,-1.3970803457241106,-1.4942526850975804,-1.5524764029189486,-1.3566036704183522,-1.5155220439570285,-0.004413428995399251,-0.8517674774466981,-0.4166683465685426,0.5821322082847767,0.44025754942656375,0.4534411748816772,0.02110160532008884,-0.7519477666833836,-1.1445456516321924,1.4564088125409844,1.813245738893772,1.638955340930089,2.1725318313446986,2.195899572736646
-7.918394774475785,-8.339439409979114,-8.998524822735869,-9.350894882229948,-7.775483239811071,-8.772729070450751,-4.683684624885504,-4.275768733699119,-4.855686980145336,-1.8059109559299078,-0.3420594569340825,-0.35333035135967317,-0.392265301012773,-1.1080744939691045,-0.9905864304183064,-1.5424035258131492,-1.2642403721154847,-1.30032121618793,-2.0632664273719024,-1.4916500973067044,-1.48986796936347,-1.6494325974431665,-2.319928017131381,-1.1412411486342289,-2.0462954317602597,-0.7459460903996983,-1.642909949728101,2.524816609645853,2.0927571383796004,1.9419914410312675,1.4905089173540627,2.827992851608492,2.111205744566447,2.821570408770571
