script/wind10m.json
{"header": {"parameterCategory": 2, "parameterNumber": 3, "lo1": 3.000054539987559, "la1": 64.9999836372058, "dx": 0.5, "dy": 0.25, "nx": 34, "ny": 52, "refTime": "2025-09-27T03:00:00.000Z"}, "data":
[rows 24 to 47 of 52, columns 0 to 33 of 34]
11.729486293502834,11.645842508913997,11.99775423696794,12.009665943690901,6.580992661857334,1.5764849471217952,0.6668019236623739,11.09952034518869,3.244732634153632,-0.10440853500318173,-1.0913959466663186,-0.6970048909710121,-1.1574882884711457,-1.466949607512778,-2.4487536295863896,2.4545066772384936,0.9862976536821484,0.030676600200895864,-0.8204447035031806,-0.6895809960294752,-0.1259267430424457,3.625734412674753,0.5617109813607392,1.5999969587243004,0.3289101521639889,0.8824579122992522,0.9480216876203299,0.452766683994398,0.9334356662807436,-0.8411842660964212,-1.0997651646159488,-1.6935137161984024,-2.334675344949202,-1.8822753480129486
10.718636469087839,11.063791888407726,11.249525594201941,11.424905144395817,9.229858277761673,1.794628894178822,2.8655934869944963,1.5889580442519309,1.2394454412818583,-1.4263029696430192,-0.517645866654077,-1.2522187997680467,-1.7468249192339904,2.8863150768679553,3.56191861785454,3.803324364462124,2.7684530145792055,-0.1546261333541422,-0.5745090102086824,-0.06495633805915986,3.682863834897364,3.573587696445832,0.7982467117871914,0.6108964857437688,0.4178110280852083,-0.41284377668143807,1.0769134997650125,0.41992045248327065,-0.39584825424049697,-1.1234340834785488,-2.437380004587007,-2.417039478500051,-2.230096849136384,-2.500417148937521
9.930016179597319,10.014705568111525,10.268463573946507,10.280274357647123,10.785785758919326,6.651755156871731,1.564523525753277,0.7541889166098898,0.0881100634608221,-1.002235361853073,-1.0376812483042246,-1.0712637437664645,3.179690738727024,2.7604650975772844,3.948494085179456,4.093316460796734,3.4404343523617995,0.9382383464055833,-0.18187294596538894,2.4848485755984826,1.9084882944990784,2.4034173615938768,1.5731362947026228,-0.362570758777922,1.9563869591651728,-0.5773750509977016,1.141926672302889,1.132039290335795,-0.19230082027546105,-1.0722673201156088,-1.8140976398146418,-1.938755652197656,-2.1817565980040117,-2.734058068384326
9.240134183370076,9.331279227413956,8.856573040743884,9.295402418535307,8.879118896890752,9.230452417089156,8.33474697234529,0.5870416957065034,1.2192560210044519,-0.45110699314933167,-0.5863251146009933,3.6294956717215485,1.1930565001043196,3.0845585143494723,4.251554134580971,4.524020496205682,3.1876997859259846,0.2494359285455222,0.706060894152821,0.4167638417174321,1.2786642874695762,1.7235430442592636,0.7493460745267626,3.136957411053872,-0.3308003219459115,0.17358319468092262,0.7132516149879942,-0.8470322520313102,-0.942313783123385,-1.9126325088752099,-1.7965475683825967,-1.053897667642035,-1.8420915726227685,-2.389700271738457
9.064498599007345,8.58608869364925,8.021303549023857,8.066111444711114,8.016472504083604,7.2370305045268255,7.00778384389326,6.67678705430885,4.2576721619748845,1.7768115817378487,3.60771279519669,3.341969096092223,4.75639240346048,4.226622156215371,3.76655506861848,4.183175420460245,2.2175909366170607,-0.6855463742202883,-0.3172725024181095,0.7570217026288836,0.6556980812295313,0.3425488845112517,-0.1539578259941218,-0.5722751450188578,2.062404356433617,-0.3862715022729099,0.0895973201366829,-1.8111399009537132,-2.2401389883092935,-2.2865965471992977,-1.1538735033819885,-0.9579019750041075,-1.242903153910324,-2.0104985935752584
8.437902638747692,7.726427060085447,7.427310218379425,7.152400131441448,7.193032236101176,6.398158789303593,6.155387202948189,5.547010743894666,5.109979309636512,5.409374137031194,3.3768354726036094,3.5079786053630304,3.0338396514865047,3.6517352757470287,3.308685263448794,3.236705963417106,3.259898662078002,0.5194085509140435,-0.3077163386979561,0.4187045885513874,1.2221466224144413,1.1931896400564197,-0.6650633110057483,-0.5273687317634087,1.783883591120146,0.8706313570675464,-0.6543175636871567,-1.0666062424173803,-2.7413900566703044,-0.815784956703314,0.0007219546782573758,0.819074036027251,-1.145097046897046,-1.8681005385710683
8.153029499559107,7.426174831640283,7.11825517767069,6.7125526628087275,6.699795589862521,6.222574840591644,6.138965248951137,5.349458126254714,5.042979284812693,4.916446965888902,4.649608676124801,3.8520737107423675,4.149456618843517,2.0557789901167585,-0.728902045153499,4.300960004692329,3.933609638140228,1.5662631499702013,-0.30039992437705276,-0.472138121698791,-0.6700852563368914,-0.23593620389205694,-0.31519333614980555,1.4358300877234569,0.14932200312951455,-0.8814695990668755,-0.18999699160346714,-0.48137432415140047,-1.886809101701349,-0.6254549573166427,1.0643573674643667,0.24305704731518282,-1.7149260690915784,-2.431933027545233
7.697229307808404,7.301068825595743,6.9451814611181355,6.763629303294131,6.383048128723185,6.446767310161331,6.484791559409579,5.660608855822374,5.033299385305192,4.603989892406567,4.340751403285567,3.8848271716077187,3.5588102581218277,-0.47283910670767687,-0.038249165855217676,2.7903619070686667,1.7938819803996855,1.6752187174186148,-0.21937581777863496,0.40598121053731695,-0.5410812758014246,-0.9759619786609555,-0.5008630183886996,-0.21618544808483176,0.025923154122176058,-0.8064396096644152,-0.758280412483843,-2.6136889025528642,-0.10494948900323242,0.26662488921816185,0.4897585555697474,-0.06496922129571665,-1.9754489945911444,-1.8879437051317591
7.599642097046031,7.1453009298334225,6.748180641839834,6.738363118445318,6.333647057755535,6.510799337564541,6.631911949333993,6.344013734376132,5.297735062193396,4.530718579915221,2.6591240936301603,-0.16828720156139315,0.005138157894685498,0.4273621499760554,0.47252001459022747,3.931104634334585,5.010245787108625,1.766892681083354,0.34034456131192986,-1.0296642661008886,-0.7641342517241071,0.14600550791236266,-0.006653810904732783,-0.24263403560037106,-0.273244306090823,-0.413844110968178,-1.0514360949459762,1.3543763187218147,1.5003797423316825,0.6599015290218934,0.12746175992280165,-1.5427631390995389,-0.6522446253957395,-1.4143860446651568
7.594874327609658,7.519122293384226,7.085398934178611,6.483058056031148,6.505042189739288,6.79458608338742,6.514486751856885,6.698730068253642,5.64722434928626,3.7314708112362283,1.2766919572736595,0.1433957295863249,0.20127763909665342,-1.0832988705110207,0.10520732979220293,4.183549563606064,4.414226874035882,3.002248769815685,1.0227767471712725,-1.4900491062583316,-0.43631295626886113,-0.19520545273763173,-0.18458427580122197,-0.10191294033503295,-0.1417931508545586,-0.7808008283623312,-1.3661002297924305,0.014355580671998772,1.5930061320827977,0.5435679309678509,-2.011178680340205,-0.7836556841357484,-0.9827426505141731,-0.6448195903841635
6.872466804182479,6.6952219057044955,7.003693861751192,6.943949174502601,7.120329807219702,6.9266724428125155,6.823795107421028,6.697780073488295,5.505922846138426,3.3110830751736535,0.05981008090470675,0.13811882297490355,-0.48096029192338874,-0.6768558542191857,-0.5588128034024672,0.4073498872773071,4.253833100694052,3.9378709348923775,1.586301559159028,-0.3142132796145089,-0.25600059430390143,-0.3726866357961164,-0.29087072381470847,-0.18863238235437407,-0.2492555962501529,-0.8442832873288979,-1.739427248961971,-0.17026010935330627,1.2952249543477388,1.7248532586183516,0.8125293650415285,-0.02991178675447682,-1.3518900757619101,-1.9843797174736557
7.4296519824562575,7.507440793227238,7.541028314237388,7.354244156622762,6.952531515541565,6.777227573537766,6.528773097166088,6.285814383318909,5.195518611210059,2.837353975627656,-0.3182073833158695,-0.325303496960592,-0.9159429794219958,-1.6764298444061552,0.08872789651797364,1.687521414911993,3.484243194404187,3.1957971249462545,2.106873088701961,-0.5681917024743347,-1.1655408893227648,-0.5696308772316003,-0.844141970266593,-0.19294320502838094,-0.8282421452946658,-0.7730863231963943,-0.05383049407578838,0.5250478640739373,1.9113185116219686,0.520784872046585,1.4462042776898898,0.524599389682723,-0.31468093972567546,-0.569306089133639
7.091204494131041,7.592470078295387,7.2013830920698805,6.7683894095611405,6.784912088330773,6.278289945363998,5.445182316324829,5.1646918858418545,4.245118801233859,2.629032665714146,-0.19132210024267593,-1.7951892651632004,-0.5381338152666193,-0.21691976442662744,0.40584825923090884,2.0733586696496116,1.749506088437902,1.32467233753924,-0.2687829697662117,0.6538825370558311,0.11964731345793309,-0.26836808537819,-0.23172071828893306,2.4831302895092375,3.1121792192000397,2.883825126946256,1.2779256938214456,1.1428335335762747,1.8290444950702869,1.7520526836188521,2.00059767609277,0.0665028424337967,1.0698597866279633,0.5571945591849958
6.80675509213775,6.892822125190997,6.612911923024673,6.263158292211545,5.847191342326019,5.553917488780389,5.374139148940419,5.003306561754505,3.8333263173975456,2.4002073426676174,-0.7034511702458482,-0.6498920191842308,-0.7686379067956497,-0.021501842530487494,1.9614179061661319,0.9433105089485355,0.4660603609402145,-0.5419428512072907,-0.7088232053775902,0.5159758699697543,-0.7453819542449528,-0.35168576577291805,0.1210768228556811,3.086285713630314,3.1761052877670335,3.3545308179690387,3.109554810763429,3.2018516282917826,2.137166979130187,1.9368357028991523,1.457766275722784,1.1964860157477193,1.7478831595558046,1.9684185348532628
5.494448810910158,6.847348238411579,6.158498622908228,5.6012973859860615,4.287854747817569,4.871294015723648,4.993667543839606,4.676859362747729,3.714912068504069,2.1673139960189163,0.41064006494369343,-0.6044739296614874,0.04157337070368591,0.08248816953983348,-0.46186841135813606,0.15793494007828557,-1.5974407092341925,-1.734507822747424,0.0336016928324318,0.8426735507095103,-0.7725171816475082,-0.07961575790910326,0.3662949875929552,3.3067228185180917,3.2901029205559,3.4796276465498237,3.4120388067204033,3.005827475781609,3.3505370812509527,2.664215766928351,2.1967061663699288,1.8236215824155195,1.7681934951329006,1.8928945666987018
5.308208068668066,5.734161473259179,5.578268221793148,4.635550460631735,4.583101827625157,4.468411707118318,4.272225631381125,4.8694963875418695,4.068758664223472,3.2514936823738925,1.3076781141106502,-1.1405540294654317,-0.8417404767386015,-0.6502974567188767,-1.1612812021066208,-0.35303155705823624,-0.027377202128649435,-1.8169311143600022,1.7375962353515038,3.7913744104864957,3.3061950782832317,3.2107154317005957,2.6189083246676317,1.8246588990215982,3.581255695029637,3.5867013798302567,3.719461141491628,3.5224926787827853,3.2578758651335815,3.644420913065149,2.633815545176285,2.6788386928857184,2.423261923544876,2.966328302911845
5.191090649448338,4.735191825237826,4.46018405068628,5.147497888665497,4.064590463066658,4.043496461486357,3.8219424600727874,4.296478153090384,3.9878339708510757,3.8176339489766007,2.383904760834286,-0.40453213680493655,-0.3877660180295514,0.01771531654867419,2.5364422292985425,0.776987902789771,2.3891373615766174,2.3200993338908766,0.8712752975071836,2.5742712440876634,3.8027256671990735,3.7263913992912308,4.117115820917101,4.117090229231219,2.0652605997045184,4.256367406416814,4.27321670096494,4.302703782331133,3.8946479578310953,3.3710743703708896,3.6053449027910567,3.026232049268717,2.93500516344575,2.589762630643134
4.626500936649581,4.04111540892874,3.6737192565188033,4.572211445187631,4.6856996938500695,4.201772457195263,4.318956556998861,4.18973554427184,4.592681318231592,3.932692764138587,2.2523619788155127,0.5202035630990688,0.25848637887836745,0.7018679551613366,3.5704229832154706,-0.061861397475404666,-1.1462852626495927,0.08861748490091144,2.5236913045352583,3.299416501814466,3.7855256222114497,4.312431719602413,4.5812855964031165,4.4480684212471076,4.869472808428566,5.031484377878242,5.01457552820258,4.699395924904881,3.6093150066491386,1.0825431289267766,1.731841805948813,3.2272483011947983,3.293250399520623,2.9770563143936033
4.414245169230672,4.497985885310855,3.4779247699010125,3.7822721530933676,6.418620261473763,6.301174415878943,5.216398930856937,4.533497597848967,5.0293988738344595,4.848992497717758,3.7926390307508435,1.9589890911993753,0.24191831530912578,0.2085107425513576,2.1779509264313077,3.7687882567554736,1.6892000081027099,2.236660065044749,2.2898055853799493,2.4207965207229587,0.9597407625703558,2.8515682187700806,4.2870101558905285,5.096477282672064,4.992053478324797,5.096029323040658,4.323787223982956,0.4506514137880117,0.7636116080054594,-1.014501556595787,1.1272807703532621,1.5579885050793465,3.664281767377659,3.509815106508673
4.349386571214516,3.729918882923964,3.8693496446359714,3.371894250967986,4.100846241895673,4.049556729304239,4.1717101631008555,3.1552042911254015,4.123258841795106,3.757569195764839,3.2863263172249195,3.1770137447374207,0.1658702662888606,-0.23922483792219018,0.25600405636869283,0.6931754474761448,1.6218848960626977,2.176933446846034,1.0306842598317991,-0.24295744215958287,0.6036067078390218,4.25903152182384,5.031875470968234,4.771168747441737,5.01302475956778,3.4362015254144054,0.6141751058839203,0.2941356762799515,0.33289081142693844,0.5924367037076846,0.15740882327407607,0.44413534567000734,0.9093809419541579,1.547662441712883
3.8255618750703824,4.15192751460093,3.9307235938321177,5.015842558291409,3.0404421793624445,3.137864016095645,2.7657465908029812,2.93827362875972,3.705055309302874,3.7150033529144704,2.750219149845898,1.3025272104710912,-0.8645131815317295,-0.5073382719784999,0.46134416471736855,0.003248640580475796,1.300610383889711,0.6217357734291161,-0.24873767098287006,0.10400539008860153,0.8722168828653887,1.007743629132091,1.702414098817192,2.4272193478787907,0.22437809206498585,0.40373550763909455,-0.5803360878968258,0.8055253196497134,1.2331480609814935,0.18011518142138122,0.14654778649102512,-1.7179086132829149,0.5296410296361053,2.2226948133992384
3.446676293441485,4.018870332834042,4.222889316605823,4.90823905239891,3.583645352242976,2.8061290195925834,2.6823757547691534,3.2507327312384717,3.7825138038427526,1.8253777299121168,2.282587346827134,0.3104959761280892,-0.4198599881213599,-0.5968406904341773,-0.6174063829518635,-0.5268096848185684,0.36528237474974673,0.2521449102532974,-0.4872754544129802,-0.08525525707313368,-0.06502366069331242,0.5765392349128171,1.5169450180237751,0.6562198824444992,-0.3573861244705024,0.020803900925396374,0.38779824077829034,1.079298503728535,-0.1814161421169803,0.16885112477792724,-0.24025053201439683,-0.5644307455725746,-0.016576866068037415,-0.13643870050382406
3.211928597878988,3.4355613799735485,3.899187858045971,4.375592858447318,3.4705865416553014,1.4518067404379686,1.1844137219507573,2.7121438034854624,0.6964729110483733,0.23742632769290015,0.9835835117811036,-0.13941268630454284,0.05712353604988866,-0.5895458726652886,-0.02794590540368107,-0.1616489372296229,0.03533439135570276,-0.46049815534167743,-0.23311687488296617,-0.33442636864894426,-0.440142170999354,-0.11726612489589205,0.29695014174475315,0.8607892153776373,-0.41439458533367085,0.684263053623164,0.34875123687097354,0.2001643354635585,0.2858285311307073,-0.9341743529753788,-0.2348693253413624,-1.00455387021021,-0.18545008174528047,-0.3466165623943541
2.9162914351417633,2.4141357795285283,3.581474058311236,3.6786276181659265,3.5262916302319063,0.19069044379237562,-0.8295480150771871,-0.8758425759725946,0.45375586693346026,0.4261253055751276,-0.29012025153352267,0.036414083891110435,0.1284085032797677,-0.42285985821190086,-0.5515830905607902,-0.021165483176983923,-0.06128494782262174,0.10128935368928188,-0.5590907584307616,-0.2202958038234797,-0.1930347877544525,-0.4328611421656346,-0.555608387724983,0.317625919822387,0.14633997931091705,-0.2465297539466591,0.052037240807520105,-0.4280082972525192,-0.5098978561994262,-0.7057397658530176,-0.7951873386562445,-0.09073215622205776,-0.3567180239365444,0.6145741339694207
