script/wind10m.json
{"header": {"parameterCategory": 2, "parameterNumber": 3, "lo1": 6.000027932988019, "la1": 58.9999434238085, "dx": 0.5, "dy": 0.25, "nx": 22, "ny": 24, "refTime": "2024-06-07T05:00:00.000Z"}, "data":
[rows 0 to 23 of 24, columns 0 to 21 of 22]
0.9513933407504911,3.316297492752684,1.2739924694494706,0.4306309432137936,1.585597111469047,0.7255270718842192,1.1019474337589235,0.7539742566647146,0.7167662351956294,2.222751863462951,3.246609777988949,1.3755564156797926,1.4627978409523354,2.098064787261875,7.100553684922758,3.6084019139290633,2.9315324787896775,1.7955592420266777,2.026044769424567,1.6020780765135059,1.9462575067676273,1.929946890029381
1.406859699727631,0.5553358900643707,1.0594010934104978,1.0510863438422013,1.2797420390857244,0.875980383032151,-0.26839004195100047,0.597572974822124,1.240060633682976,1.93016820318898,6.36045694576685,1.1039640343186115,1.5349441600548157,1.7395021560414454,4.110044176462097,6.684830419715829,2.033374115698197,1.986877944208334,1.7268518316587724,1.5299721309870662,1.7124309593746427,1.4099349960433667
0.6822448063668362,0.9673099478953919,1.1024465722458627,0.12500991192177513,0.1429053003689091,0.22528956621190696,-0.016211578054726897,0.5038544994773311,2.0663873465219162,1.6639247853741266,1.8214725525910826,0.3007727311624269,1.238402231519685,5.457981520602095,3.0887726118694303,3.289390016614489,2.0858736899898984,1.8123814087702814,2.7848049792683587,1.593053540893182,1.4468917539952855,1.5139072655988897
2.2709827741537683,-0.37304217676827495,-0.6933550368534499,-0.17553752975797343,-0.006473503069596967,-0.37888804438367785,0.2550708622332366,0.9887388638790747,1.369321823888473,2.3791556739033455,2.243899097904608,2.0268037332027795,1.7943779778018671,1.6752677966941618,2.586383889981972,1.6700360999421926,1.4833751251431588,4.891231686586945,1.5299767706212588,1.4754238228393493,1.2182727074608104,0.7639578793574878
1.7744260889712857,2.068653065897602,0.9905073331632933,0.7486350264504242,-2.116960939743225,5.044375348971827,4.604947690000356,4.246822916955196,3.5289834094540855,4.047717460725373,5.130749061923813,3.7956077093300404,1.6651067469054222,1.7030738990306262,1.8187434195200982,1.912326952509404,0.8306190643761012,0.9558709855319867,0.994973467773662,0.6304855246555687,0.8332562546783383,0.7249719762500955
2.820772352733245,5.272375438949128,4.895189061467176,5.370153976914441,6.21290026459305,5.334981407597244,4.856145736035225,4.497013363005612,4.165020642012111,4.649365868442067,4.885603933493362,3.2200118812646026,1.603441872719101,1.4405037256989588,1.2922757304347776,1.197191995555914,1.0443541544079427,0.9683464069863061,0.5797314166854377,0.7331856419226201,0.3041401574434077,0.056363199900751663
4.802750101919969,3.050987484589306,7.405552094582708,8.079064069449549,9.72191842759419,6.056363533265541,4.161208310825954,2.9584329889914267,2.210713453525208,4.04203092848924,4.371368743899978,3.609270122988681,1.2192569537352167,1.0709164424809097,0.9579529069228419,1.2704036671908714,0.9529498241467554,0.8410192924892005,0.7191531916688951,0.08259862702380552,0.08387477177149037,0.2083875416822175
3.4288647476601155,7.427226438976789,9.641796833418725,11.205272469088321,3.0506289275702323,5.083195397555951,5.2925226043892275,4.402460593965203,2.4799969339508334,1.6998187499848325,1.0116986562838846,3.052768289133078,2.891152010423015,0.963197631151086,0.8798203828633337,0.7630430528482298,0.9846183210108398,0.7813950989263192,0.790294141924208,0.28264004123569575,0.07641797040031144,0.4825980826139367
4.39016582444739,-2.2382196752260137,-3.5810711750079722,8.579640493854857,6.821199772704085,1.4603797802980771,5.261693094360497,3.2803827882090255,2.141130381748779,4.75176821708986,3.840627815785754,2.573018747830245,2.189113476534352,0.651935734158199,0.7566263924046399,0.8743999246185016,1.4921372714887053,0.5059388219489586,0.5544865546334583,0.323825775112648,0.3568150924041889,0.8816063159823191
6.704888229595331,6.7390401453170075,5.565054450692887,7.542589343621729,6.44594547037804,3.8511077046197526,2.5521986768609475,2.3148334718102688,2.323489207842681,4.461270004665881,4.0535029774914335,2.878002961342574,1.2601116658224074,0.9477777042439938,1.32849378155371,1.5243887746566183,1.1197728473495556,0.45467338517151445,0.5129058738016736,0.5439192012957427,0.6893030005040868,1.0221565243331112
2.409374690245274,-0.3025545772657956,6.065304460357638,8.112402406957456,6.180460236461206,2.7061142812186003,2.188100712145555,2.3486400925569946,2.0748167113232037,3.306944393856023,3.32773554320208,1.7207117899589923,0.6191994179535739,6.286363859671875,2.9500358212147795,0.6973636241245801,0.8706113937478686,1.0764400299691257,0.7812727720870081,0.7216862011094164,0.27360167287919346,-0.012671351058557604
5.03961039911517,5.666537621144023,8.374512037548966,6.424831051774695,5.980445166040907,1.8917282800306225,2.4741389651821484,1.7992278838412936,0.843026064263153,2.4021171985767142,2.4345487802214847,0.7867298353535629,0.07191400198972728,1.8425502435342878,0.21989524981056194,0.528674826266325,0.7411036910708614,0.7765593803352725,0.7408411525060651,0.3679878715297408,0.20796765101461903,-0.08330234937286563
3.688716757947627,10.370423072730528,8.20559311389734,7.513226913066595,4.9241982418333725,2.000965797077946,1.8690846160730488,1.470218052729008,1.4640142550138906,1.424840401309315,0.5110363215066347,0.6596821726504363,1.1429412669656938,0.6928026944759441,1.149307601668832,1.2860695219958067,1.1386974897450288,1.707116835900974,0.7227476493011405,1.5097048953195449,1.5531076401615809,0.9647180430351728
2.279903490438862,7.89633988989566,7.5015208951954495,6.041445167590727,4.950624766288921,1.8962722763572448,1.503769106665936,1.1307803220374626,1.5427469978471617,2.002421397290877,2.605467748071276,1.6826151372973426,1.2271330364956932,0.9289085064971521,1.3630477995480643,1.2495213019129328,0.8204469389329028,2.403586960843694,1.2141610787630712,1.428851874978671,2.0953487612354875,0.7472102587812345
5.245077055233939,7.836122418440617,6.465052196924289,4.891198351288869,4.452221138022369,1.9871149623369593,1.8789944196020172,1.37494447306707,1.5146599954337086,2.59679019277982,2.0179370460850996,1.0448815586341287,0.5565732135785358,1.6527328451643795,0.7759425736827218,-0.42435125128732665,-0.05136585346395466,0.2048569229400264,0.8809619217740691,1.3147837238175062,0.3597518958244798,0.6705684257513765
7.818041769675902,6.412421560701322,5.966644851597973,4.321405358175226,3.8346109652579403,2.5235518210469885,1.6367479091910155,1.8206565216828088,1.238412956641376,1.3607237890361545,1.3385457735185262,0.8661182342407976,0.11659911162841402,-0.41370376831297145,0.31437737370420393,-1.7558378243974813,1.876241403005982,1.8584029386074472,1.2837054231777336,-0.44913080799054517,-0.5437650958783593,-0.03251062207165808
5.399268192122775,1.540433702124454,4.6934343168840185,3.8557107152868535,3.4177787807713464,2.597663207245892,2.16446543356153,2.242690183499161,2.2942612400322138,1.0435356767317683,1.4235236373821254,1.4488730359370714,0.2963854735911816,1.421618323853762,0.3077502495382854,0.7684037681501583,0.12239378485269477,0.031837042432396746,-0.8052871289218102,-1.7455309370075842,0.663631102391996,0.962439511845722
4.753236501444009,3.142126504854711,4.094949902625342,3.268702861613154,2.937537916334851,2.2246347232176182,1.5377782286407677,1.887341563507661,3.1571858308702887,1.227365608848564,1.355552028392865,1.4445337353770051,0.6314263710302391,-0.4821711210553525,0.010796489600914744,0.585339855958008,-0.4032566840045534,-1.5189207272980985,-0.9356047914904736,-0.10943506345214236,2.99240655801403,2.091119768735407
8.983222635073252,5.92716137879752,4.247592478271398,3.4370274116287436,2.5908695532900166,2.6500897787779825,1.480182831906049,1.7682321054889723,3.1086399766890604,3.575355651087997,2.326022295598931,2.5228280476772085,0.6944886817962094,-0.12304788631547561,0.5120463220429814,0.3480134385119813,-2.160475286548195,-2.2794829164453096,-0.8679428892911188,0.480596906788193,3.6184648157749018,1.7939060394006228
2.6169583800656495,5.865372206797988,4.875350854624129,3.0734922471129718,2.3283489770277246,2.3476246656795894,1.6585496908802626,1.281007384414073,1.506546527109277,1.0333212319984895,0.7831339127309316,0.3371390999895066,-0.9038796673001183,1.1997458981222582,0.6088955846490571,-1.9724115614874913,-2.3087125425869344,-0.24205076939269554,2.0160165526324687,2.6216818321096738,1.449168118096434,0.4473487273090982
1.7322683600989859,6.28722831672924,5.2275206933313845,3.7797804018698504,5.230454651288205,4.074423492938602,1.7935811063012599,2.064971261024657,1.247116447501275,1.3384968447008367,0.6349785113530664,1.3458701366702992,-0.5164309386452132,0.3914518157050175,-0.2962779133904169,-1.0078474309747967,-2.6754014381775786,1.71965666035493,0.8331351145422984,0.48249841908817287,0.9246641165491121,0.7943158865329881
6.87373434405197,6.737361669159888,5.284733145488763,3.9673410289478066,3.602457899188924,3.039208045610502,1.6429697885218917,0.9866302306094838,0.37124939503985993,0.8990111689681445,0.9898188364482072,0.07930603713468744,1.3862459853883893,-0.18796003673324793,-0.6081111176839739,-1.4756190568369008,-4.444415393613084,1.7231575828440318,0.05917319311396325,0.4688050343562677,1.0577031111780038,1.3869362452005154
8.054104799982417,6.508779193281866,5.359561986244306,1.726503079497723,1.6816135834284769,1.5937373237190633,0.8804891443052034,0.631778735768509,0.26479931543504703,-0.35588395200003214,-0.1426985180745996,0.5250847017380701,-1.5742292803228572,-0.9636526560711131,0.42275727273415353,0.49399211461345377,0.055979268647282775,0.6664721741321885,0.24830224222158379,0.3976287229591864,0.880816750044649,0.6758384493105151
2.7005088253246416,2.818183848655676,2.450196991183938,1.6885068224144189,1.018522027909543,0.9169300998318499,1.1373819894917045,0.25572941299878,0.8567412754148465,0.04722761849985783,-0.4130006488709545,-0.39620163884752924,0.2791156931398831,-0.5783744263176293,-0.41554696473037106,-0.5257413774214902,-0.4319985489327074,-1.2311124793979586,-0.24295784441353044,-0.09991570525718595,0.5679425496915561,0.8537087522026897
