script/wind450m.json
{"header": {"parameterCategory": 2, "parameterNumber": 2, "lo1": 3.000054539987559, "la1": 64.9999836372058, "dx": 0.5, "dy": 0.25, "nx": 34, "ny": 52, "refTime": "2026-02-14T19:00:00.000Z"}, "data":
[rows 0 to 23 of 52, columns 0 to 33 of 34]
5.361278122545684,5.789112362892443,6.378953406208961,6.89266333670786,8.125574010831937,7.454661903938119,8.58552912496105,8.874458229769798,8.945538440235962,9.532887047194153,10.734279904889917,9.935414390726345,7.055956444930945,7.785742872063786,4.469794733057503,7.699124685905822,7.362309459139314,7.232766038604253,7.843288206718501,7.6198412065278305,10.312180381002804,8.907828850053262,9.716997167751313,10.393252380277202,10.131154557057487,10.792568856313526,9.448142776981019,8.548483035682601,7.524019807006961,6.988667371012031,5.401423142169403,6.671052360726528,6.270507559566592,5.706174281470783
3.928996217498859,4.466121635322233,5.131960363349369,5.667369061171054,5.957975941563404,6.716505331771852,7.826836812553076,8.531911367959632,8.261577062409877,7.961106530814842,9.056578828092219,9.976132405764357,9.136001474430447,9.172670509586714,8.637845394593144,5.65818113807319,3.4083579616177264,3.2836507312338057,6.194950787854886,10.119588903563363,9.027245256711,9.805042262375869,10.986186026300105,11.92286120601145,10.087720466511913,9.874656866859114,9.26523897273759,8.912713302595229,5.771117439106851,7.099790047278323,4.881125550847424,4.335840374616798,4.423081194377209,4.065067087859888
2.3151262908338097,3.1785010228144306,3.91540955166805,4.429254601796947,5.248240706521455,6.608870086446293,6.990441112630672,7.071369545427243,7.278905004592791,6.985481004687471,7.761981615655932,8.486156824744466,8.949555663712268,10.390779944662615,7.193468846784765,7.690007535634515,10.716048106342164,3.5992510120759973,5.230329038219154,6.566778023122238,7.986265711985783,9.98794383628651,10.696142042220012,10.325570432694118,10.519539777875238,10.699706262674757,10.558820948070071,7.053969269919763,5.3166095767641375,4.764345217147477,3.034766397613354,2.774697566063654,2.4885471629542018,3.01022658563916
1.2912292166135233,2.211295946132925,2.6611628212278546,3.4300512977267306,4.886009205553818,4.672883606097221,5.62237498769388,5.07859293212835,5.4301467499073475,5.377896971874758,5.892771648539084,6.54543656334619,7.096257252068168,8.48307573904229,9.081991357083336,9.922037658955137,9.866404676429502,10.900300388985002,8.867090149526001,11.231296615203902,10.032424046964852,9.869720403218135,9.953590456361244,9.933620351619876,10.098763731603714,11.270240408168196,10.194083710482266,8.841738483196268,6.595720870771997,6.3835339076104,3.276807254638785,3.3532301926941166,2.948529689637132,2.986569905103547
0.03759550041402239,0.7793117911865792,1.6798245130524752,2.7611421855381804,2.904291618371176,4.024987832168298,5.139411037142519,5.8143608407411564,5.201860197851595,4.555146500774842,4.694419826315463,5.350569166974696,6.393642486531866,6.550654952462145,7.282417300211209,8.708056144205381,8.076318441304085,9.194780311664246,9.380929715903585,11.23134599327819,9.910248178558508,10.240087175707831,10.627528094057157,9.911366239609078,9.276641961386382,9.53107376882502,9.395456649066094,7.869954545500266,8.046832395433233,8.547223072865345,3.9805748748988385,3.4085557348704265,3.5818287362756123,3.666202619376809
-0.3517930798580275,-0.02496124510973028,0.893970248407382,1.7883771921449636,2.5636273429680903,2.8225697318412406,3.5123945538328596,4.683206627564917,4.336516482399799,4.446217529246077,3.701633529095866,5.899854023698806,4.395303123108444,5.135627468794157,5.8631501724338495,6.261950871482873,6.140058495706882,7.471290084741717,8.811874796951505,9.022155835056683,7.627552892998733,9.78044585255435,9.573153804148662,9.185062237128651,10.56120676062175,10.084911618925407,7.673038875291391,8.156900062489353,8.628165508094964,8.46965993607821,6.520424051428941,4.558960678264031,4.228283018769235,3.19249552097515
-1.659333093369144,-1.424335117009967,0.1177297154047904,1.325080772421909,2.056373798505541,2.495539900113215,3.189272091627916,3.428538454969034,3.762764420604626,4.175059194588043,5.237194732685334,5.652250823243463,6.041212858273799,4.124431908617325,3.3887684552553883,4.268039197554481,3.5143512178009053,5.376636919405673,6.559695126964076,6.227244152128502,6.230950045319102,8.698511711999075,9.03578217320637,9.152054092694996,9.317359183050383,8.594584889075012,7.635489226948349,7.61318049548061,6.3204884942485835,8.237584191586492,7.411378013060144,6.354264053739917,4.343097259378875,2.565166826170333
-1.1474331381538816,-1.0187045395643604,-0.5303508705274123,-0.06928144218529304,1.0217230309881413,1.7403891273392478,2.2804068368117965,2.8165987729585233,3.2062481226914743,3.432459992569088,4.713081236006657,2.783657134164999,4.361141454257617,4.875306805681276,4.891351971663802,6.036328864075686,1.9165033874877595,6.1189149137231285,5.234879054183956,5.600444795477803,6.072191422284381,7.752174008071815,8.615418306351758,8.918606884634269,8.77515611499851,7.988804448636699,7.356089383220992,6.975872110389083,6.147783355329299,6.239866470884528,6.104854733958375,6.619800469529914,4.585559761708687,4.597790879801899
-0.535897934369115,-0.5808278926210738,0.16094139516608974,0.6186134834287433,1.2200735824478204,1.791155935413747,1.7389208714986366,0.7892911012345125,1.2484499955505202,1.6584465560924186,1.9322202950399896,1.437385947666085,2.8001073496192928,4.038692127989973,4.509568024822371,2.7532311108471794,4.066355601709061,4.27260948770101,3.3139132980422237,4.553707391760422,3.9170901274034557,3.6552923146751235,4.641972910298669,6.945511827053568,6.326092275132273,6.611080417292169,7.596760106458322,8.671090392259856,4.734934225402642,6.660905831895347,6.367062260192537,4.693001387911831,5.89525465571881,5.985261050774634
-0.5543052460675101,-0.6641075639736648,0.06466046310052764,1.0236916211569078,2.3882789740326538,3.224638493253128,2.7474240735387343,2.737272348173701,0.6553393634771576,0.2897582254472948,-0.876757006370132,0.1337061270123467,2.4065986751802604,2.3312995721839767,0.9971096787743879,2.205571401026522,2.380193358525407,3.093153997673988,4.068003603143341,4.409800185351972,2.396809216946667,4.128093824814249,4.867544426711335,4.419690975626509,5.864880069747707,7.101063020906618,8.540104976117062,7.5136266539577345,5.686677142396033,5.521566308394361,4.032378254728703,3.8817917224133387,5.364553185576935,6.291039191114893
-1.1181135052030706,-0.8666049902430977,-0.025001026477275295,1.644344706251171,2.1123629072040484,2.888494568543248,2.815121340139546,1.6462464331631321,2.0899634516392878,0.17072941399045985,0.8854234189664835,-0.4247894935778177,1.2444266593050854,1.7330934417896195,0.4974906698461547,1.0398484687566663,1.3535640040320234,1.4209943502773499,3.438476269711346,3.0007997304805167,2.8109431017049147,3.411256302454065,5.202990869990444,3.818123876094049,3.725601818591905,4.8580814785509,6.2475076272299015,6.382970794717187,6.491343844847718,6.03300995383252,3.474537005563185,4.650856668969271,4.476164364013479,5.377280053668514
-1.1049950014302035,-1.2386795787228921,0.28831470526546144,1.6961659362688917,2.1451249715899965,2.0143736925168887,0.4109724408412948,-0.8176955270116314,0.06429906839263974,2.093538356301429,0.38060658120270685,0.8111052751054423,0.7141676719586754,0.8923277901627047,0.5835860352183828,0.5037933373683113,1.3475178351521964,1.8974833613531967,2.4718637695620016,2.7637539914179308,2.045525831486201,4.0138006337981995,4.596161444478342,4.1876256262807905,3.879490516698893,3.631550394581199,3.7951271567233236,4.995576341804269,4.633442520047106,5.065128813203978,4.760449646325692,5.135360954933173,5.813260196103111,5.496073511723309
-1.3775524532773025,-0.7364705709202002,-0.03434788195202476,-0.16302774048579524,3.085401100244212,0.4408876891888313,-0.22068675759602202,0.2616286983125485,1.439946967592738,0.9216377606640908,1.8184914777451489,2.304170100717458,1.558606776565445,1.8195900179324547,1.4159795485822666,0.7897505932799327,1.5910179254978307,1.1842710161470187,1.6029632448315136,1.2162646524089111,2.7187001777079476,3.096542429195069,2.756687855370268,2.884455762140622,2.5659440562722344,3.029216691766557,4.19248492165081,3.738494120453073,5.379256709203581,5.343979081839578,5.977025009605016,5.927149103981551,6.218351438099015,7.629198418179377
0.04402330501166069,-0.4008728030325781,-0.5313187496784816,-2.3540194054402237,1.8104587331144373,1.9903068998921327,3.7839769623518733,1.1776788677395196,-0.43952806752640633,3.9036961596403255,3.4139690339836517,1.763599873404252,0.23042135229248314,0.7995751763553822,1.958493861286462,1.3929561764002731,1.1862338702825608,1.7212446898392442,0.5038484452420913,1.4836484726915142,2.585731674372098,0.7045139185259374,1.3580122341439775,2.1497539887068826,1.1780613447959956,1.5592926833391743,2.0520011624274765,2.2411772951217843,2.8045747773108176,2.9454170765308216,3.8886584335322594,5.475521097012862,7.400330087279988,8.573910381332649
1.458159353049062,0.200593907261415,-1.0790178947027544,-2.134137028961449,-1.05414616263857,0.02398092970951553,-0.6054036497745925,1.6278430311015737,0.3439789164798347,1.7397205237263949,1.7712058104037558,1.8286692778657188,0.9210144192442892,0.9150753042178712,1.6257108221687802,0.9717645256257976,1.0396179616350838,0.9729841123957202,1.6904091591749442,1.212770172752326,2.52824475549289,3.3976129426292943,1.3825311906921511,0.9528074018460416,1.301922071599793,3.0695223445405873,3.4775973969259826,3.2937270477074403,1.3938851783397224,2.5147052091199704,3.774117367830843,4.899156088762225,6.238530109628221,7.822621432467744
0.4119107593282534,0.07999068223538723,-0.5399230194509157,-0.5038712472104625,-1.0521968606066858,-0.8205466229235596,0.8259204056167148,-0.045803682523610306,-0.9815472976380742,0.6877802949849284,1.9209430908205785,1.5591930469608197,1.6155676000603798,0.7110443380854672,0.9773873640714107,1.2671508508347074,1.5431971128017063,1.5564198580327298,1.859097701538578,2.310603387718947,1.1238748904632574,2.497308420847232,3.7537013593759134,1.8409825257710861,1.5343618756712216,3.667150068829053,4.715800317894211,5.442711893197256,2.63257407860021,3.0194274262590586,4.439195409859016,5.233769693612638,8.076095258331009,9.63056043428717
1.271700104018881,0.9687338398028249,0.9329012441302,-2.959942118973466,-2.6390199196706545,-0.7787254459025537,2.3571389303646195,3.000156600144919,0.25624844233441635,1.0618183610115628,1.3383003061996321,1.5352324060372071,1.2318561514326318,2.3126066097607776,1.3061436277326117,1.031516693433744,2.1715699043933343,1.8574661108993529,2.359180426913548,2.987749690860432,2.224903022741096,1.667399223142332,2.3712044817017333,4.432377362494698,4.71990323954284,5.56470833722541,4.257431603319856,5.237551326416352,5.812063368370756,6.10962491571773,6.619548531020759,7.024583282150145,9.135803558741756,10.449414310024697
2.533333074853111,2.2738375440947594,0.7433495122544186,-0.6131758581835847,-1.5113891142337648,-1.1783581962009693,1.8749664328971787,0.7639852778908273,2.814593131683863,1.494203802762927,2.0331371813535517,1.626788533572462,2.3232880756893444,2.683523045046391,2.1779986930854043,1.6462405743632547,2.7762067096457614,3.9842569596131683,1.9480228691345232,2.3956519361215447,1.5174431026311663,3.6788295351889087,2.7270007876693962,1.7068006578161259,4.676503754962995,5.394260139822989,8.035383254223051,7.5811820299254995,8.257830912912208,9.134037081888565,10.229642754210165,10.122031986371551,10.39798274022254,10.422126124108328
3.253630984411091,2.9127252493484947,0.460676962291241,-0.9519002350202889,2.0053634624565344,2.3218165816296175,4.606039417274733,2.4168495677899533,-1.0369275442279287,1.7767089705834738,2.6578186251025544,1.8085020533647942,1.5631301318224902,1.49403632931055,0.5514240526217944,2.0011474433697276,2.439371721966371,3.2505127889231447,1.9419961047852332,3.58406255651069,3.339608761425356,4.476285131903053,5.149718851772681,5.011494521604983,6.067405869316662,5.369843605950669,8.43159288800991,8.399960697910727,9.500998990979259,10.461892361936858,11.841886482826595,12.473078724310938,12.639100981206287,12.8786843319543
2.7667719719825477,0.933255224707852,0.03185586130473168,-1.0492253272873702,0.4333659597419111,-1.795219416827031,-1.1674966798083606,2.2577732053209574,1.9822162831758197,2.0190490711135185,2.5649738292257505,2.15014798055876,2.4766712720915236,1.7082759691855356,2.616315897913762,0.8628654331111794,2.9293592720991737,2.6515625192127685,2.1656838022079894,3.581227551257661,2.7311693428610515,4.04586941193808,5.224260154732377,5.227694763519998,6.274847065060955,6.812750326553522,6.981038290933834,8.762821335264546,8.983155942785125,10.127021490298763,10.9429234319426,11.710187366468725,11.711050239963539,11.287244338059214
1.6481773834188946,0.2533369002460401,-0.2916334331087008,-0.5714390521495759,0.028016966555147328,-1.5431988302972635,-1.2662254538199467,-0.17877734184708094,0.708132608688379,1.0673847752948784,2.0954005136415916,1.0732137748239876,2.6406626061066736,2.384323797166732,1.863032995651369,2.654053041374065,1.7181638953320244,2.4290753745105524,2.0459298653159705,4.022452316710338,1.2444091063734182,1.8646310278636231,5.7143940374771685,6.874527904265385,7.263788727486419,8.011138366532919,7.941307749236638,8.900286507023543,9.311929598221436,8.853657697328487,8.998494246236746,10.181065827461099,10.091698244170013,9.761103597415485
0.8280823126438448,0.8183289343001114,-0.6417142862418479,-0.6198612587408958,-0.708580732644432,-1.3839290675446143,-1.5937700808119029,-1.2786909243986857,-1.7526097592516183,0.43272888622109146,1.7366987077631508,2.306453850440941,2.4238962217019555,1.8251288710782367,1.7239366104353477,1.7637129840630816,2.3195889110028953,2.4199980651850046,1.9402716713065176,3.202405082204521,2.8900291082406673,4.516393861107239,5.345010993337159,6.108494527515496,7.245535631980209,8.404105578428775,8.605487472790747,7.909918854890236,7.895566158602569,8.112420242852197,8.173483065657072,8.705669933029538,8.97277790989739,8.182856811366946
-0.6935527691313463,-0.08915723101167083,-1.1533460368082005,-1.2502740910523655,-1.2637579639237484,-1.215593901681794,-1.591941514309105,-3.3335551495624265,-1.1297969286220002,3.314431970300536,2.045094875028624,4.002783102324535,3.1624744376441374,2.5286442846139616,2.317515877457934,1.0765479336498787,1.2556296090721935,1.922015925188428,3.232225857834152,2.7216747024696155,3.4999126100807634,5.121293048223666,6.356681228261334,7.590631384267374,8.409103291421903,7.609371017085916,7.258739949790049,6.38848187211146,6.821858423402132,6.431886376209125,6.811946362795736,7.614081260102464,7.365715686843265,6.792127025531056
-1.2081071666348586,-1.63842702571907,-1.5321512257231127,-2.0895152051195867,-3.046287977639541,-3.145626623308269,-1.7473236464930604,-1.8665349432551341,-1.670909421919451,0.039169447647168745,1.8399074758360676,2.4221344574874446,2.5260078793806375,2.5556794122765845,1.0781562697599496,0.8446297392785678,1.6200666768199494,3.966624848418164,3.8612510275038603,4.4252228587949185,3.75089226083559,2.965014051068684,4.806518129667373,6.59106094800297,6.145778729617253,5.88858699733184,5.803911577013091,5.985934942530853,5.665616265303809,5.383720067930702,6.782467692376133,7.366995699470634,6.9600686022258245,4.7539239536968605
