script/wind50m.json
{"header": {"parameterCategory": 2, "parameterNumber": 2, "lo1": 3.000054539987559, "la1": 64.9999836372058, "dx": 0.5, "dy": 0.25, "nx": 34, "ny": 52, "refTime": "2026-01-14T12:00:00.000Z"}, "data":
[rows 0 to 24 of 52, columns 0 to 33 of 34]
-4.360689866497026,-3.4597563280926376,-2.8976156314812784,-2.4435966451832627,-1.9822956991742968,-1.248760986051392,-0.27586582550107447,1.0343409572281663,0.3886694724387695,-1.514583836414932,-4.4859265706902445,-5.4170793023051615,-5.964698860080279,-8.417924978645662,-9.874809746322168,-11.270677423885813,-7.733943591717499,-7.820166345521683,-7.847909232067301,-15.015691956158927,-8.387574958227393,-4.359089631937135,-9.592020149279637,-7.060486039343638,-6.937968021219008,-3.9824967204778106,-4.094406602137492,-5.1141847320961435,-3.84088269220523,-5.198830200697349,-4.669085657549756,-4.77833504890401,-4.783928652345039,-4.19036413689426
-6.771743609993092,-6.558302831213385,-6.202508086348878,-5.255044396498057,-4.413143507626997,-3.735472826094109,-3.0899683102101054,-2.635787468672123,-2.1585565974221597,-2.3849493394163543,-3.337370886002485,-4.785020633313201,-5.617011344713133,-6.998516112364803,-9.547080864397351,-12.146982392254184,-10.646540764040818,-8.062402521513913,-13.413532112192001,-11.249525997136924,-11.861281457826355,-8.065380119293096,-4.027335375963292,-10.003668998132406,-4.159826169509279,-5.163101975180208,-3.4959389370811706,-5.36005201039081,-4.737963226883009,-3.948460536960376,-4.091955205126647,-4.36758548166377,-4.0054424713900145,-4.46093157985732
-8.960953520670383,-7.8546803588259735,-6.775362471780343,-5.511872510512854,-3.3322178931497386,-2.873017478373132,-3.246140261819322,-4.776458531760176,-6.020544715670868,-4.752807129461599,-4.068345031690942,-5.128979447901272,-5.011763719781316,-6.194584704485726,-7.86613283612437,-11.199720895459254,-8.429262414609315,-9.354464184220902,-8.062087578464638,-7.734780519545694,-11.025131846936418,-6.382876406565136,-6.854226349717664,-7.811788832760298,-5.453720490537612,-3.4368071011203116,-5.18719887146114,-3.9522216619134674,-4.871452674713514,-4.9760438161601,-4.160728678009675,-3.453624429824687,-3.8839703097276175,-4.594978082473146
-10.363351032414554,-9.598909312791951,-8.591065729431167,-7.4188142254529215,-5.397731672575919,-2.632147194410097,0.04146479138826276,0.9226611919072665,-4.582366692257044,-4.438644561376099,-3.8898586008917375,-4.519548938176352,-5.149573133229545,-6.5172446985313846,-6.9921013999554225,-9.470541197892782,-6.7358315094222565,-6.290568002219605,-13.092207758060692,-7.787032251518712,-12.802885084203666,-8.199446960461895,-10.40886748318543,-5.419777009414114,-4.806570371066766,-5.850917774887782,-5.045477481462457,-4.366481045742679,-4.612646864123289,-4.6475248822251025,-4.740123673036575,-4.6207114592403,-5.085254116675324,-5.209873240445858
-6.435805305654099,-6.043810231676269,-7.169559491301771,-5.553899077847872,-3.7638005685734095,-2.8292760346413397,-0.8200210194524258,1.037784797986841,2.0545981821541597,-2.2832704027836623,-2.8879098656226745,-5.074629684309746,-5.372611771110973,-6.82474406611873,-7.657117580042522,-11.421867750634693,-6.107301432985851,-4.997527325025751,-6.712175491971435,-8.798047287960244,-13.253254004521903,-9.584735944419018,-4.83609136531604,-6.791218298836745,-4.5460180220208235,-5.463565019113579,-5.430407882854986,-5.070937113808075,-4.800614373867313,-4.5433167990355035,-4.303156720523488,-5.3273734021543975,-4.403717329592528,-4.735456721844718
-6.468448626202909,-4.674802676775896,-1.7216706149141667,-5.2255316288333775,-4.228535139639932,-1.7819789055737345,-0.016660129989274908,1.526518864831217,3.9639848347908537,2.9745643606906897,-0.8999615914190259,-3.7799063486574354,-5.192283753293494,-9.107009501165598,-5.542863190397175,-4.914792417097874,-2.0289439011168557,-6.434629071858461,-11.089251475387188,-12.466550197777083,-6.436382465967908,-8.527277706861112,-5.186614445877908,-4.060387100933128,-4.693879213405077,-4.991397220733402,-5.817743396724884,-6.085804701279688,-4.645557839309614,-5.345901414739972,-4.032712474614926,-3.562377317034857,-3.1965965434711827,-3.930097391726076
-3.148141425123865,-1.0919152847551103,0.3488456446466065,1.0420905179457562,-3.0401059710702594,-1.5469391409807898,0.6007411087685683,1.406587354450406,3.832211721512456,3.3711755729722808,-1.0149409403320726,-1.966694902857249,-3.8035729007377026,-5.369696257648789,-5.2866014719995835,-4.759348299099303,-3.7981152869508557,-11.055060205195144,-10.008208195574987,-6.629750856439171,-7.0202750928031445,-5.574874445096424,-5.970663183024653,-5.408613571025208,-5.864204603517087,-5.037066238409803,-4.899952418647403,-5.829321341218795,-5.220156295009795,-4.897807796649884,-4.7491752823422635,-3.6908691779335046,-3.1479242171344053,-5.566766212793602
4.2909524787008575,2.351157409127425,3.3749383928185637,4.4695976985623975,3.4854446821098928,-1.0052808333438237,0.004989388282115866,1.8306527848196574,1.83024943768111,0.6630996230470257,0.48328790959500734,-3.1662831756347027,-1.7740485393744891,-1.9099408825839757,-2.865865736711336,-3.3798216611875262,-1.9588471878540408,-4.129160729667498,-4.572813413038458,-8.212041430510801,-6.522443711269282,-5.316909458529542,-4.633912914899401,-5.222598825491943,-4.948008441738797,-5.732783472100579,-6.478780514842024,-5.0523150481492465,-5.062434428106657,-4.925884429788372,-4.574611930800439,-3.8686749133536473,-3.3869195576122726,-5.0701305694995655
11.743526815393569,7.282703293048853,5.5630263588688,5.659569096893541,3.30601621468217,1.491146428853245,0.9546325877842601,-0.1660587430137971,0.7828977029050704,0.5048061862655271,-4.187947899248798,-1.1649015063839627,-0.5517884558658306,-5.558946915583568,-2.1872822505398792,-3.68162143688005,-7.230307821524849,-4.79884990169388,-7.275820729203667,-7.115064411985783,-7.440115938978166,-5.150915672490932,-2.4139356746868406,-4.480185307642917,-5.455509709871505,-6.366072431620625,-5.437218373985031,-5.029208038308185,-4.429428189869945,-5.221326022754216,-4.815910197976893,-5.391643279231222,-5.234279521661522,-5.87163585172032
12.033895104840807,9.496476338891098,7.767425458311713,6.7514435846240195,5.269469405064008,2.758817637431574,0.4005749045176698,-0.911502622737983,-2.966580458734364,0.495456044315487,-2.4553252540256345,-1.2700183812670112,0.1334049012130612,1.9746263323856945,-4.8716066938034315,-1.8570495368662083,-2.140490468086669,-5.922100397234432,-8.460812363259876,-4.903314829711279,-4.844300951044552,-3.668946664239497,-4.503845053102774,-4.379712612785645,-4.764403045888305,-6.9895914496894,-6.203596972218998,-6.394264703858322,-6.531163893541115,-5.209165485494038,-4.934540487960923,-7.167743196321259,-6.768718498756881,-6.557528416209024
11.595297821754672,10.337949360548574,9.407071713783088,7.727441355955956,5.417069670254104,2.9317742824117334,0.21438343169789584,-0.6313421581395721,3.3332181077916756,0.5846715898446799,4.348738447952245,-4.975691110749188,3.3327600162201545,7.77243419230229,0.2455432056058655,-4.659694862795752,0.9369801209657685,-3.720969648865484,-9.33448877587432,-3.9264157985467683,-4.030945433326017,-3.85312173848204,-5.393187511151297,-4.208684577205494,-5.5411066039256855,-4.704592376019338,-5.615435028480179,-7.357721062939552,-6.125955758281251,-6.526362286093383,-7.601869873751857,-8.269666672389627,-7.514868055082084,-7.59914743223854
11.271031729851963,10.727616446720141,10.277128697421878,7.763117606108237,6.7808418252746305,0.8116860378483435,-4.027523630104134,-5.682544617283671,-1.2667230133033294,-1.0232884714309969,-2.2361895050583978,-1.6315744367991654,-3.6020294314381043,5.391312410560478,-1.3412831280425357,-1.768066312420297,-2.4400998365159428,-4.987349859357476,-9.008718353784484,-4.447166583555664,-5.633570060442866,-5.325529368903813,-2.8322577567839753,-4.779738961497312,-4.3459577669886595,-5.902765333218874,-6.117101061300599,-6.078173972907668,-5.107628848983187,-6.0881804996129185,-8.783817984380303,-9.08636618635529,-8.346329894969111,-8.196223479377199
13.734886963913004,12.522880964991556,9.355828124549287,9.341129704496053,7.545600130957483,0.25072862256697037,0.7226231093122395,1.0274732800998236,-0.9557040809800385,0.0554258099039998,1.457124526576866,-2.3546559795293507,-0.7958918078681998,1.4145439245255067,-2.310906392470933,3.4645800946551932,-2.2145548146867577,-2.902694717738471,-5.778789650063961,-3.310095538388731,-2.4592067014391357,-3.4167886110437844,-5.3538738033638715,-4.833816344800398,-5.066886011985335,-6.4455458179344065,-6.323561126195934,-6.940335460052854,-5.663454360171828,-8.424187316154319,-8.937936619920034,-9.681531060151622,-9.481492291948914,-8.754729499566412
14.393659265011955,13.651179779951775,10.823072263052882,7.416741434528731,2.8283652908187955,-0.2913957867758671,5.4316174262446495,0.1957464043576718,-4.352121803781877,2.996021941292773,4.642844863294538,6.83240437869902,-3.0014465479290777,-2.095329180439092,0.14769169479077285,-0.385281104104999,-1.6764566520714377,-2.638330299284503,-2.615301861197679,-4.086784381789459,-3.802694329521798,-4.927651938748472,-4.017522890804621,-5.475568014581291,-4.947865982206299,-4.475407551801638,-5.9554366295031835,-5.751304351190373,-6.467434376128092,-7.715285481567396,-9.29237151112379,-9.424807621465128,-9.49177895794214,-9.79929589382711
12.95889064693884,12.022595818101705,11.589853830222792,7.566018639376586,4.966582572130547,-1.618886065569965,-0.32366462657169615,2.138896915541798,-0.6663991934863388,1.6769579473734897,-2.9289330464022982,4.795829174911663,1.9297331516260763,1.86029219855854,0.02343155511365687,0.044576665578566245,0.8923073526564756,-3.232042594593472,-1.9704926999725496,-2.0265915016149747,-0.900726727662508,-5.719255404653807,-4.1034181760142605,-4.826257623896023,-4.146268757194364,-6.861545660944629,-5.887166994867238,-6.442997039790476,-6.000985703720464,-9.100422647855892,-9.357164268292323,-9.467788317874273,-9.540078425316969,-9.528918026890889
11.316988859589667,11.503666700429223,9.352405220744457,6.712566511253847,-0.910338174270369,-1.4844103617674897,-0.7165699894101933,1.5685660009056197,0.2715756081796144,-0.2252097309510538,-1.388301372938294,6.111896154018119,-1.856979271471948,2.3983381306828124,0.026358429370054406,0.7497413457221879,-1.5199633180107106,-4.277008452960689,-3.931696263740506,-2.575511617386494,-3.467004482295604,-4.33978734991011,-2.7864937504827325,-3.963866659406304,-2.511943646482074,-4.622347907935738,-5.645410463667662,-5.4508314377253075,-6.095161053240261,-9.700412126346036,-9.782387219482185,-9.39971669147557,-9.387001529990703,-9.098186349631858
10.96437105606697,11.585541341348565,7.090495505657544,4.96295617788201,-1.0003218229030482,0.4142510452644603,4.977947796360055,0.4240035031537782,-0.27206350123136275,1.3381636726437223,4.990588425103563,8.837724865932923,-0.05260288089832525,0.36922705173062564,1.2741979440449789,-0.1985561895346818,-2.4890904551755755,-1.1026839104567776,-2.9287589928756104,-2.119963805619543,-3.577269291808631,-4.127079138033568,-4.551354877879527,-4.2210536902286275,-4.7574703641655525,-5.077472015397217,-5.404602439412011,-4.942486718291847,-5.003518278989747,-9.295827883814896,-10.287042643052027,-9.39693606367145,-8.978783048396423,-9.000554358122162
8.35739255849026,11.849471343265567,8.403031521752224,5.88983981404465,-0.32143061863416483,4.7304543056957495,3.5309576583496174,-0.26895948862846786,5.257834925939427,7.472051959618011,-2.5633224766207614,1.6806338933995153,0.21274254313887697,1.936269229567688,0.8231883198323515,-0.13536712690037553,-3.723036062693094,-1.2157556409717984,-3.811491228963772,-4.546227305953871,-4.755915453113264,-4.0576294572827525,-4.02866106614665,-3.900732994303422,-5.392640286281223,-4.696890825011877,-5.8601111775292125,-4.637000384957771,-4.079828847106921,-7.211320637428027,-9.062371329061003,-9.651258970897311,-8.666760491648736,-8.054682325261286
9.830834928030995,10.122686838571479,6.007150754668883,5.787383307074939,5.293942316372918,-0.47123460968670067,7.58175238653172,3.7235398173306593,-1.3732626375162915,8.93277932522744,4.637785526273555,0.5005401190395392,3.849823570733529,0.7920181435385955,2.1138912760766995,-2.0673187430520126,-0.3567090060874124,-1.0256087065692436,0.17212559778933414,-2.41288959078625,-2.883984388242158,-3.8713653769250107,-4.297580327173207,-5.461996060111871,-4.552919520003983,-4.9157910127365385,-5.520411226143768,-4.416106001108594,-4.640024458241054,-4.619336009915533,-5.323969514682571,-9.609632710320515,-8.828705590701565,-7.709870225517966
5.719602535589278,8.709158116522232,7.4417693226381,5.647490886630402,5.637538839676544,1.7101443308311515,0.7314475505075264,8.12583170872541,6.489865333957216,7.418556814620557,7.1352803905903635,6.4718892091116516,0.31059810397206267,5.5115651616471135,-0.10749706408990753,0.24187370415635734,-0.6580109285459179,-1.6330092380566412,-0.6753504936998281,-2.3249659076429956,-1.6680694454228568,-3.2368812243897604,-4.765372452708375,-3.853845313174893,-4.603852888508968,-4.311677395156594,-5.353331639691147,-5.2296504401933905,-5.444381300450434,-4.995732845348411,-5.180439164637243,-5.058714996473334,-8.619396044666127,-6.723569501185734
11.973557562431193,10.91155331292262,9.859052215037277,8.207702476433287,7.489563304662379,-0.465796916951246,1.5871951505903712,5.5302604434342,4.545665761625021,4.561861892029247,4.138498073158904,7.416595844586275,4.115175029125223,0.5473575861344137,0.2072410304650816,0.18186794171446394,-0.2621395554014988,0.03434115140407366,-1.4582004818645935,-1.7977260021419315,-2.011964865564066,-1.5861632515507291,-3.3507384106856,-3.8285111644622827,-4.725489342912688,-4.876609654566022,-4.862980028968502,-5.596211674989132,-6.014374619725858,-5.974640317578342,-5.713522194638419,-5.4410862536324665,-7.806805075354109,-8.40964139577437
11.846720596490588,9.47569102128943,10.241058937393321,9.663633776763506,7.12882569757397,6.638808487775327,-0.005301280218779788,3.7888003962537624,3.8198017116828784,-0.9480153453726052,12.208924726408624,10.762392279169827,-0.2256875248825997,1.732550744179359,3.7059103121024455,0.7174307501901279,-0.05331411114014228,-0.038131754190053074,-1.3185203127469203,-2.3858323495639873,-1.8644784102785272,-3.4609849177941316,-2.9786816885269394,-3.724060794073462,-4.100180749198409,-4.681718550648858,-5.4919389777606895,-6.536037716532284,-7.641925449164675,-6.595387635338103,-5.98399224382981,-6.289514605716579,-5.105412987192893,-8.206571728963487
11.040854392892355,6.8191280623721555,7.5543676102415285,7.805493537529942,7.140869805024282,2.2254883492239133,2.1115625118884056,6.502296279793351,8.361179034368405,4.436058400345108,-1.5012719149890934,3.452780436601817,1.3017402268481493,2.9150087115380203,2.737243976941418,2.22900296526675,0.48395121740671665,0.7577365712508565,-1.4242489035050852,-1.6079030681488955,-2.437800134062314,-2.6106532201099957,-3.105855247659888,-3.4599040221748334,-3.8719052346686085,-4.875737617770219,-5.405424699693648,-6.427950830225444,-6.499080576352262,-6.13395103441441,-5.945498441236506,-5.686344717044881,-7.772972528215575,-7.903729440128525
11.164649120285171,10.343347340956281,10.16694114981187,9.178985812643269,10.10445459848959,4.056912491501276,5.086777559353957,7.2397018101006445,7.309851947873827,-1.0377303353022673,2.140115967658244,-0.5442884891694941,1.8342003432516838,1.978444566087717,2.2470968205373145,3.703176237005758,1.8377373384374422,2.001555829144727,-1.280083858171512,-0.834906740923543,-0.8332115004548875,-3.0887732342452154,-3.6219928925832656,-3.0166158602955715,-2.264497771701205,-3.8411601960175767,-5.603674939979402,-4.70870049225482,-5.304569501344861,-4.394038250280484,-4.92860158724836,-5.1956178917067,-8.401933872333023,-7.227822679147574
10.774341946826395,10.80063277024613,10.014760971149569,8.627431997115806,11.137452611443008,4.016499659904794,1.350148461714333,12.055893409593683,7.652393295673701,3.8240965471140984,4.827548970563592,-2.0295458364787016,0.8706104985394961,2.395925293482073,3.0093095656692412,3.938101115788185,5.151424431305004,4.345817906764173,4.197010375307449,1.107341641643142,0.8275857273059709,-1.2869375372357035,-1.809459183672248,-1.8946463540227252,-1.887031857722025,-2.7517508735595566,-4.126545041278178,-4.558685537903219,-3.8561866829422664,-3.928125196950859,-4.625071748399192,-8.10993812608738,-8.084528471897459,-7.561379769992391
