script/wind10m.json
{"header": {"parameterCategory": 2, "parameterNumber": 2, "lo1": 3.000054539987559, "la1": 64.9999836372058, "dx": 0.5, "dy": 0.25, "nx": 34, "ny": 52, "refTime": "2025-02-04T10:00:00.000Z"}, "data":
[rows 0 to 24 of 52, columns 0 to 33 of 34]
4.452857841054079,2.8417371556784286,3.2503545546305115,4.199074564342113,5.508887266597938,2.3933603867937014,5.9013932186163425,5.950122965532131,6.419028897544065,5.89536742895046,4.837844649199074,2.681288744385544,0.46641161525976926,-2.170722435615913,-6.3299472774015095,-8.542445154673207,-4.330201629600817,-8.282232220819168,-5.1771678085182185,-11.161715424235847,-2.6746249028792053,-0.2568595655171569,-5.377471769610639,-5.1800329338788735,-4.022787874326097,-1.2747026996624111,-1.2067613424316332,-1.2311760492869728,-1.4878736895035798,-2.11537048194976,-1.9106060903761806,-1.7629945852744267,-1.8307584627981703,-1.3617260992352818
4.009866656862389,3.992142322523942,3.6499928337895136,4.125505278836473,4.5184943352828775,5.514975906934155,6.083306789433396,6.299573853907843,6.456882733045017,5.970934947602368,5.695725048870609,3.182439656532583,-0.672569683052279,-2.8364812696876514,-6.327496022713363,-8.144815871320274,-9.259633689574818,-5.766153007038401,-10.999464703410565,-5.6696505827112,-7.251169318925542,-3.8582699222303973,-1.262014784266475,-5.304190664227193,-1.6431201351992344,-1.8011770971330756,-1.250563125324815,-2.0213764246615162,-1.5583185585324018,-1.3971609756100398,-1.55306636793068,-1.3794497513680917,-1.4497626739431237,-1.6161928728644233
1.2077967613130223,3.2002364433582238,4.931345734680485,4.244855015413746,4.486421378028011,6.082401108507112,6.641884729173878,6.264528096856101,6.155572649801351,6.0474002606335615,3.2376715129521187,-2.587030284188889,-3.3940501313695184,-3.4941619305815785,-6.224585458021575,-7.46576341882153,-5.4480822434571685,-4.915133664856839,-5.285408264102013,-4.251539649542902,-7.39229903126305,-1.7597053607454356,-5.26580208284062,-2.860550535252985,-2.2825098454592596,-0.9818266653491412,-1.9381689357559717,-1.257954384273359,-1.7777247529093867,-2.213447267194143,-1.4371596333223249,-0.8755057208068691,-0.9628137530852593,-1.5079819483494215
1.213745859995621,4.226908864885032,2.131842695358847,5.0973092511996105,5.475372531274186,6.491100671437346,6.568193442745558,6.659678761004691,5.856564121928394,0.7152872781702069,-4.222482972046488,-5.5437029225911605,-5.343297270493372,-4.934486929944294,-5.4017187325436,-4.835488877124354,-3.2637434515549875,-2.962834102880315,-9.981509752656072,-1.2041844887014537,-9.111156320623135,-6.285999590149181,-6.708303215472103,-2.0188632708226772,-1.8132124154973701,-2.1602204412673256,-1.8991394210915422,-1.55236640031766,-2.5396465119231877,-1.9304515038693544,-1.5918456079556857,-1.5064623362609535,-1.1792866337145822,-1.518740926199373
0.6435229546228045,1.6889291318367572,4.2791185385273405,4.759728754569614,5.8639073572191975,6.3876662016650325,6.438198910279331,5.449168487154865,-0.374827640126168,-3.732548846193802,-4.875818961088293,-6.308466396126389,-6.023443782407478,-6.848259764845206,-5.817899051392653,-7.54352598483472,-2.7203608015224527,-3.5487239830105164,-3.4844010030508654,-5.971330880245197,-6.916165489813325,-5.103804776962102,-1.2072006572485179,-3.0566241678434563,-1.3925977069233213,-2.148471320753452,-2.5689232393397567,-2.139292306645635,-2.2238520633668992,-2.3080552096912883,-1.951709672403254,-2.200337353675065,-0.718367288578511,-0.8641688426490136
0.0821303213119568,2.9447344194618283,3.205031818226765,4.550888653011381,5.574151254288123,6.38016728968131,5.006107473917532,1.2279687968847057,-2.684892747764027,-3.5252564161060906,-5.114825613213649,-4.806163856819878,-6.646540692639828,-7.045480381432478,-2.227042937089809,-2.214788894893294,-0.6213703928474946,-5.050403276446261,-8.266314939715134,-8.982612416055177,-2.6609137260398485,-4.865247215972987,-1.7169821240397218,-2.06513915279383,-2.000880847515568,-2.1754174489541964,-2.038633902206686,-2.6978359083152847,-2.0880463586242226,-2.473849734482894,-2.048475627592682,-1.373869185720176,-0.8970318198714538,-1.1708387147188388
1.7185444234710257,1.8271856811501823,2.760674292624089,4.297752634269649,5.530557602283043,6.634612386102572,2.663434576986844,-2.823838030444315,-3.7962914336192624,-4.11128201392878,-3.2377720784536264,-2.6907576692570525,-2.2393027585897105,-3.983582779393706,-5.138031257473731,-4.54051785432184,0.26519202871677283,-5.695459024236703,-7.306127200115646,-3.0137750835746075,-3.772666037901362,-1.8733808076528164,-3.250097263936032,-2.506966865700777,-2.3039731569101103,-1.9754095188629412,-1.9147863916411998,-1.894724938358873,-2.10851896292005,-2.5917235631258437,-1.8455206681999037,-1.4063610582169972,-1.0643013881712025,-3.4729802136335377
0.9061196797378916,1.7828175353909395,2.8457965596279235,4.07155329132717,5.371418651125758,4.636927227369289,-1.6438069507623654,-3.6778890236300557,-3.575714845199285,-3.486495492777608,-2.0348773016573904,-1.6791759136242146,1.6974105195076572,-1.220504223719122,-1.3413108103577787,-1.1211198479696896,-1.6455316437977512,-0.4057037814064128,-0.3891191246723901,-0.7808831160119474,-2.49014915914512,-2.4401514947151615,-2.6359457202229972,-3.325747213603868,-1.8178790058849603,-2.33030712745662,-2.6485535001837097,-2.0641582201377555,-2.2189644648137854,-1.5695990164552702,-2.136512096411246,-1.1209211473752023,-1.888570937330638,-4.736554951929474
1.120584841994521,1.5506054237176028,2.2983360285817307,3.74437561245036,4.994696312789508,2.490392703675656,-2.8737539218701156,-2.586242545498802,-0.42870994961065106,-0.4264158167238259,-2.4508184755515248,-2.000245324006658,-1.958344955407644,-4.93349228132846,-1.6032112013923316,-2.57492707790058,-6.340177968415066,3.470151793933649,-3.693310504021349,-4.684490217634946,2.7608883269250923,0.16248575083213648,0.05213429635423631,-1.9002658728829542,-2.1201877761452543,-2.5559772739903837,-1.6718098928039997,-1.5788698919960635,-1.606411296938365,-2.118216260775639,-2.59284081790618,-2.811132391998051,-4.1611529538865,-3.9099573290841105
1.2540885382871294,1.6719114539275945,1.99741382304608,3.36453013582659,3.8280878936724183,2.0629114311508907,-1.7002055101314164,-1.4905744186955001,-1.5624116065412696,0.11343580661751752,0.1396295385093442,1.3120218985300598,-2.5111687638753586,1.182731865586005,-4.13459596905823,-1.8848907784477713,1.8752741532334063,-5.022267072986051,-4.750632454818106,-1.127415566026922,-0.7347105471910876,-0.8555981602951042,-1.218711553832998,-1.0930356092020694,-1.5425346825783686,-2.267400448096456,-2.076068771976285,-2.5614882286310636,-3.3084859190673352,-2.3618038414781886,-2.572740716588493,-4.412978311391021,-3.1504929834120374,-2.234495938873729
2.394991300663941,2.1396836102079013,1.8556499596489457,2.620930511310186,2.9447441016625318,0.8995276824222038,-0.7116861242921766,1.003999637290572,1.7075633615115797,1.2738049910615918,0.34064540712775526,-4.107835739593991,1.463378782017493,5.153305721681846,3.1387122080476972,-3.7941400701039814,1.0704361911401552,-1.3719095622700126,-2.5981838340364893,-1.1863239377802455,-0.4320718095727705,-0.8540965937850181,0.21324230248971238,-1.608767899462849,-1.984582670322428,-1.2245536253263047,-2.1101412356215032,-3.3535837447877457,-1.930625228505879,-3.459454297968517,-5.041069028290806,-4.527027709994116,-3.2828334420957512,-2.323606154221929
3.287680979427533,2.1556271836529364,1.4858616238887532,1.6836980172212936,3.2894530220313243,-1.2302045933429113,-3.1977112866928494,-4.883929441220522,-1.223791435342994,-4.8184621097488565,-1.2736729236030757,-1.2064719138941704,-4.233664148788983,0.17185622897823763,0.6207774661405554,-0.5445341303258107,-1.8559872307551886,0.5050561823255758,-0.8041958638455049,-1.868185337160328,1.2660701914747643,1.091991904966999,-0.43339988816199226,-0.21224152897684767,-0.4653264086656345,-1.9197617580494795,-1.4718943061204237,-1.5280526340033684,-1.1877033039237788,-2.3590048061660185,-5.295329353417362,-4.245860922401845,-2.6664897278475137,-2.199815908987828
3.3096797296258753,1.8979382477073208,0.7623998937727601,0.45933556951560095,0.6340708604226675,-1.6438650015207144,-0.2487477867892853,0.5862681563555355,-0.5784956533742631,0.6779737940359202,-2.084301286064697,-4.305954224088142,0.3306359067535679,-0.5155968564519162,-3.6224719379065102,4.341901053442286,-1.2656623961695113,-1.1421227910273173,-2.136576789790323,-0.41881617965444407,-0.08331472648812019,0.652430581560175,-0.6222563483656657,-1.0448422450189465,-0.9564786156390899,-1.9883033584577796,-1.22433549133841,-1.886041649530635,-1.4497564887120276,-1.9641236739854924,-4.185892836284996,-4.02274755433935,-2.7405253097729583,-1.779455510317838
2.991972636103275,1.2618502699615952,0.0670482137532807,-1.1705719522630285,0.15584886626607722,-0.9828874305456768,4.021903001250393,0.39253758023309504,-4.95465956027058,1.301696761711129,1.7257414164921325,6.294697477210707,-2.2859781339711103,-1.4138050649069793,-0.8928037466085265,-1.10042413831417,0.03680751831386812,-1.27102038283495,-0.024795211984526888,1.6858657234304777,-1.2517554676738272,1.4773375898165857,1.0569618001973666,0.3084496899529691,-0.7942896032548201,-0.2028363367608644,-1.3989438199372282,-0.6225597242283133,-1.0204318350785777,-1.2802392728254723,-2.4162481163446015,-3.2371884934606396,-2.4546120042065853,-1.9219792215586458
2.799926437746809,1.0753610245795275,-0.08533012083652125,-1.5967570985070532,-1.094110524746429,-2.76598040150849,-0.4286280741828517,-1.527829595065532,-4.385723480608279,3.231245002669623,-1.190802366085388,3.520051106407982,5.442404128793329,0.9966700710784944,-1.4610733710663975,1.8117661151541227,1.1634008972400283,-0.7578580503811008,0.11266384065573565,-1.8807010658776684,-0.47541121754675875,-1.5713176688473913,-0.32482116531276556,0.621783469021622,-1.003171248670576,-1.7793585151724454,-0.9417006289454407,-1.0866662383967667,-0.26634960750700026,-0.6745253389561501,-1.7987690984852722,-2.1916892529864844,-2.0171966714002085,-1.6261711683071396
2.3718319607819454,0.375202356554523,-0.8047675567949423,-1.6681134413953762,-1.6309505539122837,-1.8630278664130615,-2.0550091819345395,1.8241566508503533,-0.057047935753567244,0.16948554008072383,-0.8170063637847628,1.1335881461664146,-0.9490759038452594,2.9636837549124313,-1.0456089846586396,1.2551683456431424,6.425544703889133,-1.066918930773534,-0.9008795874266008,-0.14194358492452644,3.161902851821559,-1.229885605373307,0.7597118862636434,-0.12315134782661213,-0.4910976667808141,-1.1201644744661345,0.5342557846008403,-1.4099296137914061,-0.3123735412006632,-0.2603142192746654,-1.1247074924902618,-1.2965090285376981,-1.5048483368486552,-1.1596829450774495
1.7234937675514672,-0.5798043908709634,-1.152434402026028,-2.6466558005474665,-1.9455604349440823,-2.046179022230744,-0.40824472117549987,-0.16398862745728382,3.5176203278483853,0.6676998457841763,1.9215339543990273,2.7465468848889802,0.975534003277647,0.3276916653251948,1.0325513254200267,-0.5673085241735122,-0.6285395057136876,0.4435229026923592,0.2996692786915604,0.9306224760728932,1.24839944326016,1.1507466146355523,0.0540140804739805,-1.370751818894243,-0.7151564465963829,-0.2525537710612059,0.7841039478104121,0.2443822006374715,0.34376501997513076,-0.2714338949674507,-1.1662050152762196,-0.6935904762108078,-0.7123002772619675,-1.4800748279526041
0.786925551891437,-1.0972351520928674,-1.718919192218681,-3.44686702457365,-1.5790887210472098,-1.6619353470762328,0.12024277301932416,-0.44556784183518827,3.784463367976079,1.4077170545971145,0.5222456081209772,1.398344157416946,-0.16499821531993814,1.3708239639518642,0.005863196126732416,-0.3511515311976713,-1.6142289925830855,1.0189357247990103,0.09042135845418581,0.2091283327030801,0.49668928358861075,-0.9525473795107202,0.12138324669524063,1.6564435784493354,-1.2609253206267803,-1.093335764861888,-1.051740670963013,-0.3060815012477571,0.23349915059911588,-0.29640813689706674,-1.4820430711383716,-1.1128552139560401,-0.4127350056510823,-1.3954612859121538
0.5270882040121359,-0.8609616481513046,-2.2399383995457036,-3.4807031998406255,-1.8380182653236647,-2.0975942779545242,2.913442681428449,1.8578532152881195,-4.445646253391631,0.3898831187811251,3.7294795357354147,-1.9465095707550666,0.40146078887358383,-0.2742685345013275,-1.1893098194711098,1.1203026841166301,-0.9905996455808228,-0.1330077084504719,-1.3498774820977866,0.7651182108205165,0.08547552990033451,1.687465642932885,1.2562394022933476,-0.27309946807498064,0.49869164019707013,-0.43975541550799735,-0.51365925601312,0.3549203858206312,-0.30308488777891623,-0.21636819479068087,-0.18719442842377526,-1.274792512032643,-0.7147243644260353,-1.1939430665325461
0.06205077781816501,-1.279411543615053,-2.2899169919457703,-3.8357300948354993,-1.1917543537635962,-1.8970246896736096,1.9220417185887004,0.30789592589134035,2.1056009838601204,3.558912336513294,3.2137483976926124,5.27324055970949,-1.6922293054980075,7.387043734878971,-0.9779223678626949,0.05050841096360256,-0.08744898500617593,0.024202769386667638,-0.4920014356489569,0.7872588744609343,0.537140606711401,-0.11161343674159402,1.2657509364138106,0.9286973768238276,-0.7759896959549599,-0.040435373257069404,-0.3340275788252471,-0.23903031745334014,-0.6861681049531734,-0.6023959582046219,-0.3960550803797668,-0.41970330921319526,-1.070888966851086,-0.6916056914694686
-0.5475422368170225,-1.5680877852348882,-2.486913392155733,-4.145896497619594,-2.5340261695004522,-1.5237831835308073,-2.306995365905692,-0.3016951223060316,2.748425751459454,1.78369649808525,0.9768108528161114,3.5588622871871105,1.8418175886142072,0.32034737656132756,0.3259183102502464,0.4299002384437472,1.1570700101320524,-0.15461675280585746,0.5431177031385547,0.40745142535315587,0.23239606296226248,0.5334137959565439,0.2619187776711822,0.3694634493724566,0.9536756415754689,1.0604064654091914,0.5932513345429646,0.04133633463747285,-0.08615854092313435,-0.5035921568944002,-0.5471520005456733,-0.5252196328190484,-1.0894262926520613,-0.9953913431551678
-0.22374368809770123,-1.221155161762144,-2.734174183643093,-3.9578666162468457,-3.0178432095702377,-1.729886489193244,-3.5073099486875416,-1.592079566422764,0.44143084780689,-1.5215489057794511,1.716113416071311,2.375529634558686,-0.07371235962542476,0.2882193750016248,-2.216840789200429,-0.6763903240621346,0.5017536079749478,0.3351322469777705,1.0273061272337978,-0.3676940132508425,0.8872414359892917,-0.5363315555415371,0.8141706412412775,0.5714369279470334,0.07340260676628058,0.6056769456026466,0.28227171916225663,-0.034138061652563105,-0.2960653067939974,-0.4663575893958064,-0.5013504248145247,-0.929595412499896,-0.5528092162492663,-1.1663329796225765
0.0013790443192617402,-0.8023551589720876,-2.4951782947996985,-3.703090101977722,-3.176825521275497,-2.1262363146476937,-2.206749711915112,0.43174797934436604,1.7785989095225203,-0.9298469590401357,-0.7926026779693192,-0.2394603120600813,0.717181353245338,2.255789405541599,1.8556683249515165,-0.06316168849030847,0.4596178460282778,0.34336311608562836,0.448842549203299,1.065998327586332,0.23356520544307452,0.3744136970574074,0.5957518577260456,0.6768867778314709,0.5806579276927709,-0.06722263094408967,0.4306063193291177,0.009326480850684712,-0.18355456162806075,-0.43957552624185,-0.40348340722475984,-0.4879615044546284,-0.3959255534553829,-1.0109227223010533
0.49626117323835234,-0.2756368926490832,-1.7979962068467479,-2.8915523247427237,-2.955717393721987,-1.7512371962765918,0.24322351913556015,-4.9147095217352215,1.048318736540035,-2.4233265042842715,1.5065167974467,0.04270939862941826,1.6931573998544103,0.6581905870061665,1.3184096389343316,2.4380890994855666,0.28287573617358563,0.5937215528732903,-0.01534398675234561,0.8875217315905932,1.026445483813414,3.10283676354941,-0.5194940333859017,0.3697595489541082,1.2076587495500064,0.09593117049618453,0.28855271098915836,0.3948858866746726,0.504047093995619,0.30527284794537185,0.5201813711447294,0.01764682073810522,0.05610930282497586,-0.6993620441133529
0.8712361882219387,0.24276701532617342,-1.1516673961265265,-2.079749491512591,-1.936211763047026,-1.8718379171021717,-1.672324743369461,-8.020276061321544,1.384093654520156,-0.39094463096554655,0.5648428630283843,-0.9864703837043306,0.4222335172160482,0.6090151722028706,2.2050562744732694,4.231632637681475,1.085058821046441,0.3762930835098821,0.670269648022239,0.377086054002176,3.9635097556006444,5.080612782059956,0.7556966162994847,0.4472768784430378,0.7656708937937692,0.6182528786150723,0.05462846737663653,-0.19814005608041643,0.24683546997011951,0.3544041583192876,0.18651318989767746,3.6235905238044377,1.8320157066416525,0.9212007005277547
