script/wind350m.json
{"header": {"parameterCategory": 2, "parameterNumber": 2, "lo1": 3.000054539987559, "la1": 64.9999836372058, "dx": 0.5, "dy": 0.25, "nx": 34, "ny": 52, "refTime": "2026-02-08T21:00:00.000Z"}, "data":
[rows 0 to 23 of 52, columns 0 to 33 of 34]
4.977772088048563,5.914359333434181,6.440941055276125,6.173765991345315,6.473054225083468,6.102048779470398,4.970847714301673,5.23778326693721,5.286607388824678,6.599190539464604,5.8048585257462255,6.514218710434102,4.59654045800495,4.113829390770586,4.664471676559111,3.9460765729859686,9.714055918976094,9.172297528891384,6.7881147300398625,7.1676886527352535,5.546647097967269,3.9356107139454073,5.083943943930874,6.0649864114233285,4.093989064327588,2.8462301973282833,4.771913960527011,2.5740768748491223,3.713706757248377,2.4359856660494823,2.162264259360847,2.089939936359401,1.6575866533246342,0.7062946827301315
4.104492584924883,4.829248232642918,5.5656296206160665,5.913893374287513,6.269625510109274,4.593162558162814,5.709107267731452,5.328248391343805,4.358237036204173,5.927097894260405,6.599750122271305,7.246278150556927,6.300035732695505,4.178479424066565,4.832314542895202,7.209363131308794,6.318539707113986,5.239895225491456,4.413875363620742,6.924896811357498,5.535380059330331,4.788875968163551,3.635082203384471,6.394776364106675,5.40623419084035,3.7466909571720586,1.4883186525931815,1.6549928834044978,1.9439545494689705,3.4656503857537517,2.641349160859394,2.434138102230024,2.814788418109583,2.594177026449407
4.983556730287337,4.758874450970838,5.200935951869743,5.833217456881585,5.532062607411307,5.443722054508191,4.553054171663487,4.9110361517907855,4.215822594936215,3.5923546344854747,4.356441000020909,5.256418700104215,6.084996315389821,5.568091642926849,8.143215174833466,8.948461860596323,8.331782612296422,3.714054010651673,3.9620278619937817,3.1679470743097786,6.296260364294937,5.019504658732092,6.34658648052706,6.553861932917527,6.125240785132925,5.030333769100782,3.655217800207205,0.9710922996707102,1.998843931841341,1.3258885944276695,3.444874314594185,2.8993510702964045,2.8720976602503447,2.6419968651285113
3.694888519332972,4.933352518944693,6.13674418013716,5.250606496746128,5.534076294776054,4.65467335598092,4.594328006468891,5.232385862873844,4.457447648297693,4.001139984846112,4.0573739547673435,3.9380719609755364,6.39471247201199,6.72022091041344,7.50297751160194,5.810553085863742,6.141141227294783,4.8432806929153,5.052083465036196,4.428034093701772,5.614312465569865,4.636649228562795,7.198243858959886,8.590376850100615,8.791998117059578,6.519506063891217,5.310077667959413,5.623100036063371,5.0018061041060955,5.194470880324044,3.7742945836891355,3.683743759444232,3.846651987147367,4.4440718202666085
3.586436835411201,4.7453701943730415,4.839370004665348,4.735527318452238,4.680770906070134,5.156347057181958,5.433988337933935,6.155890754702888,5.435507811883581,4.159202603963081,4.590317858986492,5.0892755856935485,5.45619261255389,5.596873791001336,6.24718007343051,5.203122894244151,5.098556831744291,2.999848793492569,4.148655928344687,5.928415633218261,5.483786309545545,7.333197510032294,6.193492885536796,7.400446842934631,5.1949895549690845,7.21861033683293,6.00601046283152,6.00070711163003,5.513312392204516,6.562751994318802,6.272883204822944,6.522781185672422,3.0650565349839267,4.286584391228833
2.2440485750355545,3.85081216129734,4.720075625343821,5.1414958271023306,5.716329042435601,6.215300586924785,5.691827982298229,5.862485009894228,5.914187454121512,4.39658729355143,3.7500110017129256,5.45007991718387,4.224730787489782,4.715897026249498,3.280344381652801,3.374413429829818,3.630131921020521,3.0244382555203844,4.684508700428952,5.26271780998507,5.321424948285678,7.946397496009082,4.105561070092847,5.869230287785822,6.25579911994768,2.249915742954198,5.722531592910433,6.064579089965487,6.708077027889078,6.565687421797373,6.294987394631089,7.3590600026798185,7.527322661001914,6.6664552542207085
2.105153601756196,3.2499711670556355,4.356130868331739,5.026128189032273,5.874505752927605,6.047679137210065,5.5775322447902,5.521536810724473,5.029043515618123,3.8830668034806597,4.105494048729665,3.3240419992965156,3.9660778645123242,4.650995179657174,0.34237501213379645,2.3223044784068234,2.6223456414118957,3.550756112918425,4.652307064124959,5.329064024883812,6.716875729400761,7.46017716800723,6.8634571991422755,4.861219685688616,5.628603051721026,6.235052583367597,4.495727017118939,5.983096899236686,7.20020725302532,8.621891504655396,8.767156388183134,8.438924015998733,7.184236932059098,5.760214242586501
1.887112397098073,2.042475081236884,2.1167588786120146,1.85900019029269,3.6879765394496036,4.256146620354965,4.170003088316581,3.8982973118849737,3.480994565882503,3.490018505569146,3.7154415257388753,2.00015728246765,1.4965466358836963,1.6821834113722962,2.132768471712495,2.3112814882959487,0.24241847220921142,3.685889588372475,3.8807391362443107,6.599238448646132,6.932455144300192,6.940741276331125,6.959935409723519,7.938754725167111,6.906906012273627,5.329343868468106,6.106586064723325,4.626685508776481,6.771793175006019,6.186738204394278,7.301719761019116,5.62124688594742,6.44754147134711,6.266531998093978
0.5869314497487262,0.9375387514137112,0.8465773248405755,0.8722938427405048,1.0266651684734087,0.4091175668901248,0.2895971276148213,0.985542295622167,2.3303037986553887,1.6964045913987282,1.2542544801826838,1.3138872163034194,2.3418453843207794,2.892020082430301,1.8672074872460083,1.5623905037543953,2.1662072840642588,3.1700239188811787,2.372345087826133,3.978532394842256,3.7396094074199633,3.0872769034229175,4.252316560804914,7.137116438686178,6.468870685150373,6.855099316656977,6.857373026622501,7.2412512251414025,6.450644091823973,5.953712528700884,6.095560787487343,6.898630600428414,6.764348949121741,7.394251923466961
-0.1535076206548106,0.4620752859849497,1.1453840162169073,0.9656246860390073,0.5011877307592171,-0.21796246594413188,-0.8215237665708863,-1.4270590565865897,-1.6448443808260864,-0.8892255068893906,-0.2929843465075569,0.6845263655196315,0.9615890130951518,0.37483110736084946,1.0266128451079692,2.416787382253363,2.2872542946397347,2.7714215588850317,3.42919579316618,3.912481057858442,3.325061379695883,2.241327283092676,3.761785481109698,2.9179208730282657,4.477427820777608,6.918093725499865,6.958250958233522,7.841097960151638,7.800207702563209,8.338896802453956,7.624347919119717,7.721388903433222,8.252766727630776,10.135173688761208
1.0953075635087388,0.6544122164199301,0.6936158759870137,0.8400917662495607,-1.5691856226204217,-2.095467306689378,-1.9152781960445173,-2.6474055524901727,-0.3342501875346229,0.6373477371583838,0.17322323258274056,-0.7886933356017535,0.8796793467087696,0.5155816200205153,0.48095667560251854,0.6542144361397834,2.560353395658079,4.936236707494117,3.0574349905496345,4.527987365643558,1.9028806981894542,6.321543639843858,6.078594974857772,6.526343048389966,5.563099567816265,7.7416063591539785,8.810202550151892,10.4603769483345,11.4028610753283,10.782670498478698,10.031185341017792,8.903287349856392,9.940993258473314,10.98976090723723
0.361082412076797,0.04976919103947882,0.2066669756670843,-0.012265973921817618,-1.5750290005173595,-0.6984578353984753,-0.4442030408112287,-0.1692041023155967,-0.39232572854297754,-0.5307173909306894,-0.5274413813319441,-0.2170353277296183,0.7504891096157614,-0.4661867901657669,0.34003717561112895,3.1145008887629726,3.5003596448547496,2.720579722911233,5.012776057184974,6.717720038718205,8.679737613372945,9.994367561574624,5.092081303828313,11.473429200647354,12.742652140982141,11.45032928891079,11.118398572851582,10.131830133041905,12.61787996162391,10.418865350021733,9.70286764009483,11.218498452967975,11.6868373114661,11.8469781585506
-1.3345787670662308,-1.0630536087649711,-0.18133673453649085,-0.2428731259550115,1.0070203299081963,-0.22683125855658248,-0.27543948812990066,-1.010472551643695,-0.16100798666994626,-1.8866105431608835,0.8008946758964822,2.034211066458054,1.4861211955015996,3.3709698069089913,0.5274209120610749,3.4976616374803533,3.203533887200297,1.4456595492126174,7.316622921450649,10.138231407927632,9.20040124071675,11.03246726241252,10.337481775497647,9.89247697349783,13.51791368740324,11.659078569282563,10.670545513442816,12.809313016876745,14.983539611980952,14.80788638193458,13.643184992536337,12.000531842746907,12.324389640745883,13.069860448069674
-2.1079495838635274,-0.8743307997395984,-0.2419398074701589,-0.14175683725467242,1.3826799261788565,-2.001623718339388,-0.8145512211807564,-0.09492900300467311,-0.33830186124438694,0.4079517072193512,0.9367287671979326,1.1891846415029932,-0.5481524897650761,-2.5186754375695983,3.8588494695179887,3.4412649383114897,5.433394275773939,3.542742608772412,6.795272652045363,8.770484850391373,5.896178343788533,11.38657483291445,12.694342805133088,11.770668436871832,12.365609999697751,13.505058923802494,13.686100549474977,14.844319243548995,14.397596066662743,14.816595267246429,14.099359828697349,13.584645649171062,13.622661801457028,13.326654564909791
-3.300696281506226,-0.747582498492111,0.43586476955433046,0.7139715945792509,0.8021392840540552,-0.7535684279563504,0.1558111658607995,-0.8083810088146385,-0.819168176069259,-0.863601243766866,-0.4266283357730014,0.6573925480592859,0.09654554184692389,2.6513301015442625,3.566719154205065,6.349735543777508,3.327798179816475,5.329454418611876,6.9357867729443745,7.87662946313715,9.020287771125831,10.949491611461806,13.041204563955853,14.33156390818249,14.306779121043924,13.863125192088722,13.88120020317889,16.69875849152267,17.516830325324804,17.420141396145734,15.771478723387881,13.608197448691156,13.63321748086448,13.618799540740767
-3.6218801056811123,-0.9083015355708125,0.37971754844584665,1.1333306602259048,0.6631590620800157,-4.325130697586631,-1.5123125655516827,0.8553931147816772,-1.6870724792560041,-2.6041305854988286,-2.578385503794364,0.4313273898076023,1.9372264271268549,5.111103531909793,2.7205949749499587,5.096922922380961,5.300056182483419,4.742429791624462,6.714873779834398,7.975472047317748,11.42603852295659,9.766489239841357,6.919508659120242,12.372545781650956,14.036423749333126,14.770454044810919,17.411928155091008,14.155787263848115,15.452394425617255,15.379546324089187,15.097009640848372,14.666804841546949,13.70926359444985,13.358427716111715
-4.610535680868779,-2.89806992838906,-0.1488848955592652,0.7536869604972761,2.0283825201617236,-0.0837949747114579,-0.9035253742623324,-2.00963215346395,-2.7761134650950927,1.7017913840369518,-0.8078379258084583,1.7175280921032314,1.237387951491497,2.089541271911861,2.84380351742807,0.5705608749116892,5.643195583963913,4.710206507860153,6.323643885454891,6.0457450112580755,9.342182315369293,12.120754910966347,11.231885940743874,10.860464426540954,11.937551844223986,12.7096074469822,15.295095127281577,16.368678399589175,15.067495733742648,14.101054193645364,14.355531601524953,13.800006509214429,12.880000954418687,12.437322648335742
-5.814137765425237,-3.663441774768611,-0.7059237929911859,0.566161238507293,2.0910997465641588,-2.4629591899323477,-6.03338863078407,-1.6481319562932302,0.9457027794069109,-0.2782370579096363,-1.824804100939732,3.1208672460704365,2.59043775661084,2.137199951710975,0.7559185990123599,2.460470326255164,3.212755967374564,4.761900580488081,5.200945620877219,7.202719667159834,7.818409371528678,8.594023814986935,9.38728388629786,10.622134146577151,9.347995927208633,9.990125563767345,10.83091040674882,11.743026400744016,11.911829705989934,11.661525484980956,11.720200403867157,12.09346541489991,11.956544808867893,11.597473022363815
-7.558942904126953,-5.702576101898479,-2.11232719876406,0.27529008854945886,2.592665309903607,1.6468666048991336,0.15993468937772798,-5.201152097782017,-7.552296898893531,-0.9997213619206353,2.1631507168912925,1.1267494524860195,0.9252782793401684,1.2666524148321912,1.1120022814502735,3.7661152919248866,3.3091817829607657,3.9462731573024823,3.679189761370694,4.267709778972513,4.585757039262134,7.240799470591977,6.71583285699689,6.603643804396654,6.292998956567931,6.98149809716409,8.59797164812241,8.805915925785026,9.425815847812412,9.25030213005944,9.349177267528825,9.99237025953981,10.570667074285447,11.08861884872763
-8.927956081740342,-7.392725427467368,-4.64207304880312,-0.8212240791288571,0.0936099218970706,-1.0557012198193172,-0.8268413283910724,-0.6453817692034745,0.9665345671191857,-1.2526891496326078,0.15397382138434956,-0.4110221696162796,-0.6600218876246636,1.3172870262499765,2.246879430784553,3.1217462220814256,2.367318173129271,1.241270619444441,1.4607236157964139,3.1404955505805403,3.1643854976161285,3.4703310907388394,4.404648699990795,4.870351999554928,4.910810449889164,5.4402428853661,5.779000569077389,6.04248720706529,6.81177026802076,7.838302305939378,8.668172771832118,8.87466149665136,9.179513077101427,9.35946281018736
-10.607134258909378,-9.321294311103559,-7.0661997376444665,-2.091370604961663,-1.7517531679384668,-1.802778815616648,1.6088110578519472,-0.7808585183220034,-0.11027580482777283,-1.2285160503836956,0.4226056285388289,-0.09367452846011404,1.3680136633621405,0.7438573050061078,1.2641916985076713,0.661989629361003,1.0102587762894228,1.148857825247005,0.5501215160792894,0.6130726631736181,0.5638276438530375,1.6982751726594085,2.72580462068042,3.3765183244737176,5.540284569359101,5.641422877766951,5.098482126666241,6.147168382562595,6.2886929947964,6.299335071296482,6.57269603327019,6.728304309835736,6.861254918605325,6.659548339397131
-11.324700092432082,-10.841980374756668,-9.435719316147138,-5.569023978307442,-3.4183891956706156,-3.7814244428524995,-5.226990726661642,-3.092075150317549,-1.8295560089578922,-4.947827832605725,-0.281385199198201,-0.35876764979777087,0.001677127098029347,-0.0022476896873291586,-1.1460561295464897,-1.3003225229186814,-0.4457638490157058,-1.0023217641306603,-1.2940874380504868,-0.7478148521565195,0.025592789425145424,1.2458003443843702,1.9013060948497311,2.1791180866353743,3.7279006730783326,5.047680841399888,3.355768083814931,3.9689458753269395,4.324398438258853,4.162320607861762,4.486579559235008,4.890631341683861,4.778161654295714,5.566229673265276
-12.172000127777782,-12.268451763704292,-11.380993493170953,-9.551654639403585,-5.406532651210158,-6.495924928355931,-8.470154442539952,-5.519284539627683,-5.648325827821434,-1.8370185822280065,-0.46938343373828345,-1.4855989122521853,-0.34297293273253593,-1.052343352378078,-2.3600914289220003,-4.1367855219007446,-3.4281354636347072,-4.679768209834445,-4.326227421336253,-4.693512388268515,-3.3688643871372848,-1.2963778092947258,-0.23119390145945645,0.3408244587042491,0.7891007036946379,0.5338095148788798,1.3602242848784827,1.9934174438069272,2.2801808623489173,2.3027253179991773,2.7961707818886867,2.8423727690461345,2.7745450857980587,3.7227392397199353
-12.229912368431178,-13.133173508977812,-13.226576486319452,-11.910334801369228,-10.785505325379836,-3.2848804822630324,-3.473226381922016,-7.794054570829186,-4.577124877280181,-1.896561964442351,-1.341686473037277,-0.38968316121402785,-3.0187070125115136,-2.636441511242433,-4.111455380232865,-4.543609136315171,-6.210790108375695,-7.067608661992147,-6.179573854602581,-6.158063038245,-4.6184613716139165,-3.325152849415831,-1.3694042605352132,-0.558387736239877,-1.6610141581759743,-0.6602364761320475,-0.20728352500763733,0.0022973073091650323,-0.017647422094832752,0.008810326914213478,0.4696169351976706,0.9499388050974338,1.8253160235892651,2.3942363224941965
