script/wind10m.json
{"header": {"parameterCategory": 2, "parameterNumber": 2, "lo1": 3.000054539987559, "la1": 64.9999836372058, "dx": 0.5, "dy": 0.25, "nx": 34, "ny": 52, "refTime": "2025-02-16T11:00:00.000Z"}, "data":
[rows 0 to 23 of 52, columns 0 to 33 of 34]
4.465452894053607,4.643500868324555,5.284761496179619,5.718797446436475,4.939378975478777,5.528391521666916,5.612131320679139,5.438800450849202,5.628932222266779,4.234288963851898,5.103440559912795,4.8174866075483305,5.352546573348974,5.17789003010153,5.492915487496769,6.647788352741638,6.242847857063211,3.8797829583730055,2.327397609724786,1.56526610557342,1.3408820698465507,1.9569408160991235,2.9520337438903717,2.775908519266721,2.8422191073262657,1.2488800776091893,1.382316316311096,1.0953048949571873,1.1949465133900508,1.3396966025987016,1.261477080890336,1.1106283676951307,0.5563791564244217,1.0933878860768038
2.0864760015504897,2.787839424437868,3.219515088379589,4.550422715152617,4.968211442525504,5.713638756540987,6.1209249919210125,5.899118585217925,5.857436200658495,6.100693956472485,5.8999240670768405,6.306527212630912,3.0827052890547404,4.851353263976901,5.85791538097782,4.803445749670432,6.705448666673995,4.429816566488706,1.7386206485991624,8.229042511317298,0.1411559333147815,3.6858442420111936,1.727843803008788,5.437701825223022,2.8905352451307444,2.1097042658693588,1.374530144784619,1.6623553804430933,1.070618615014454,1.1666757654644173,1.4518946472010303,1.2310388604263613,1.1684084035858107,0.3791904529252779
3.9483778956191347,3.5315708408668307,3.835799795018985,3.699864717454728,4.058578547576956,4.315496121925429,4.4867174530910665,4.356069971318454,4.886957158108967,6.348070930763874,6.935390732475267,3.9198721023742533,6.99068849618377,4.28548229725252,4.2281278184671605,5.369152849413627,3.0693116690332345,1.0882017191825064,1.3037684846183264,-1.455473433682752,4.2454351509433454,4.453973791607934,2.952863645923665,4.484944472926648,2.5103239618006787,1.623764365849605,1.1335847984604683,1.419350424777869,1.6533419030912213,0.7803669426183678,0.7382797150375932,0.8998215503396222,1.3438009739598937,0.975681789236923
2.8392818671305013,3.2037464567113023,2.7926261269232393,2.896292687434359,3.5278550529657586,3.661665050958622,2.7087944553162924,1.2731855196033455,2.526784294181994,4.77281390568282,6.750560173928376,7.5328767424635865,6.218330118934438,8.905674370419131,5.344839581861616,3.9739456703783764,1.2307290061489775,1.1595169090139885,2.710327426319182,1.5127991067319677,2.731170167671505,7.004752900118104,4.682030541822483,4.1484490189499486,2.1107868238783944,2.0988172508496206,3.3978235008551345,1.871126598821552,0.7199346246587495,1.051083833093948,0.7793932485606081,0.6657556507817929,0.8725049514818443,0.8310622932186076
1.4594525586029996,2.231115693593336,3.8407629194964823,2.9758012855381524,3.0492104034769723,3.4331414753115332,2.01134485233165,3.4595426760680588,3.4722611134366557,3.817555315252318,3.9985970480620603,5.366940072826329,6.554997680687768,6.670174753290981,3.279394931999263,2.8550808672056784,3.9956415431739782,1.1417114231223653,2.409671498301954,8.346533188906998,2.9955196121029783,9.157542225022173,1.8217195736825003,4.271910488548308,2.845252830660182,1.400573359314143,2.2880000623517844,0.6020834620378057,1.8667408011162734,1.4075881999565376,1.4183718696130676,1.2356373658675663,0.9948166630662821,0.9581899364054737
0.6985397450801667,-0.19796512690362505,2.5797303767573636,3.2935025201020522,4.29593461303205,4.468132042439768,3.605136304893287,5.6621811997127915,5.4341690034441275,4.821800028360711,2.493726126397061,4.701576964466166,5.962547191712182,7.451749285281804,3.6828964159836897,3.22305194064981,3.025144671786195,1.0830904469063103,4.105610180078543,0.4303783300789702,1.369368896360718,5.6771147195128355,4.56864822965654,1.6875214787665287,2.6788285259147044,1.830907466432159,1.9711083433673706,1.8831036774454926,1.7910763471432667,1.152768836688167,1.1014148018360037,0.5250193742314231,0.7587243185976497,0.7588125622511029
2.4266050121276823,1.8497103311093104,1.1522975322760052,1.9490912752746539,2.9877549116936812,4.384341822124497,5.332468998170108,6.077798430026662,6.344888697890196,5.907306817603485,8.466327945947004,3.3623460841387076,6.897636304535423,4.002026137349953,4.151086970873798,7.729487104550725,0.7066016569840746,2.1100759550692163,4.064268450860125,4.448365003464484,3.194398478124242,3.542954824662987,2.6393714155435934,2.983683133996242,2.30417138290281,2.578669761636209,2.447766560696784,1.7641409006989441,1.1869331539095784,2.029697101725989,2.5262916003132547,1.7563958344066415,1.1147583842399262,1.7139865377136325
6.586795606596221,4.0038947068521225,1.5224694497093787,1.6270819650384483,0.6800085764819878,3.043539396916095,3.6428030247482033,3.5894447200346886,6.356196385475092,9.897344569793248,10.985938483472715,-0.9678858733570627,-1.4217730415544185,6.999942545318087,3.470608139140294,2.650036254473987,-1.2358039196499375,2.5753293389471885,6.254172188860219,4.293776882706304,5.528093688766525,4.271502045201715,3.8652616332790632,2.6202124431780742,2.7296317282705043,2.0827052312022643,2.7018777185619123,2.577095117088204,1.6448052047523092,1.3633332110431218,1.5494850947039038,0.9371165527799783,1.8258056561157334,1.543600273538038
4.27064676428653,4.898102278127735,4.475021585807634,7.084718701234938,2.5882986061741637,4.3919597183091215,7.441370966656519,9.178288374912826,8.587838257181797,2.945778068156068,2.586583368614948,1.62422436380811,3.386076184843289,2.653537488382666,3.995596905244137,0.15226823503058662,6.231544109619868,5.8961230013614445,2.037157340688565,4.038561245241879,6.1224110020908835,4.684557594573556,3.5968508266216985,1.939486197181734,3.2418650164974974,2.309267987587316,3.32898268583241,2.3965256658140444,1.325197459476561,2.226819509412751,1.7632597559426457,2.132653904553104,3.386156049232868,1.450501839119601
2.8297280719846554,4.261271809054806,5.5287405093196,5.686799341850923,6.881387312873353,6.20629561547433,6.535986864696618,5.4438953451558305,1.20104543080624,2.466824618176526,-1.3323622369597306,-0.022152427788126015,4.512717142426752,6.759730333290029,-0.8889166740972912,6.7876424939916395,5.245352425075465,2.572384569548839,3.206031075630672,3.881122365464772,5.563370660652627,2.8652749361443353,2.667487599397383,1.309564012159335,2.394925546643212,2.8733617544161034,2.8718691592022356,2.7756182927733803,2.454871379907099,2.0318323811205365,2.036428845085799,4.293128146847448,2.6893442628639725,0.6687854365356368
0.5888072044491999,2.5509702202612474,4.236425345221995,5.440257171967437,6.33735491633782,6.320562244434624,4.406607605886141,1.9162874216658812,4.255402522669175,0.4081797183295313,4.0154645599960475,-2.7826779088167717,2.064188368819537,8.78007983209487,9.806879187643407,2.4440271450653688,3.5731311550772134,1.7952792660626016,4.5833777747582145,2.7832392341468486,3.1843679549403845,2.9785204850711335,4.381229029398492,2.080038739372007,1.5666423961045621,2.108521551687788,3.27914614252172,2.0153194760103696,2.5325920031874154,2.9421843084028003,3.2387593448122542,4.343041535435906,2.0518474368155126,0.4945350001526491
-0.6193642817702864,0.7933088683114987,2.700448350094474,3.7807642698652755,4.500218110226261,1.8547497891029332,0.2250814521961124,-1.3518109065038129,-0.5272273911447042,-0.719142821046681,1.6937426220364933,5.056063938275796,4.7068708805292605,5.705894751206427,6.6295258303491655,1.0890477182496427,0.41233958936763304,4.086548792890714,-0.270780731889265,4.02490164153832,2.8056154681071295,3.4621240678416747,1.140628327877715,1.6871906566751227,1.2248680065590922,2.1464484481512693,2.4711891534197803,2.546856728895801,2.392731789433331,3.17790122634847,6.537644097519007,3.0970362307406067,2.04413568274907,0.7438249147774603
-1.9053430781686531,-0.756041938771817,-0.26987912728498686,1.3985105941304357,1.764081808960317,0.4728099290392217,-0.12430349702818722,1.1746633536117834,0.5685664532326816,4.713749814923139,3.4769982925883514,3.2676315662877293,3.799181531377708,3.737091096115683,0.1799898207587076,6.645110784258575,2.0641597792340174,4.227954122821828,3.160589356888284,3.080516607311351,2.2918310118098844,2.6386310359330385,2.3951768515997585,2.8660795293832333,2.145408130482764,1.4684972157780594,0.934422350294276,2.1967260230116654,2.787241397367001,4.9968616656454214,5.759579482880651,3.963555079462279,1.5258149904127054,1.495216805581546
-0.8096272929486124,-2.9191001842519344,-2.29743785927281,-0.3454653259841624,1.8246150539499084,-0.23139162299160373,1.387279213329327,-0.6514750418132778,0.08133559983638577,0.5768215685710261,-0.6930964252567352,3.3679619767382243,2.010265008106641,0.3604849434334823,3.556419830296645,1.7212937529918977,2.249195252016466,4.217444835353738,2.1508418590068596,2.7448504293819083,2.090067824674019,3.2032210721385077,2.6274319072870056,2.691107603234048,2.116973627752457,2.136333631958045,3.1943296114022437,2.847878405859937,3.0043318695093792,5.469887616054127,4.668376356101669,4.01662014317956,1.6869764789039334,2.2393275155631964
1.6763855055354027,4.793065982022482,-3.061896118901034,-1.7242116101880554,-0.4621599208196864,0.2121255778871462,-0.6969223616902877,1.660370448950853,-0.9884312193389706,0.9594300824425316,1.054425020675259,0.13319686428993607,3.3458552070250627,1.7746824479794463,2.7330954330385815,2.5725214837692794,0.2677859274135081,3.1442415115130697,0.2376386281513877,1.3776382608804865,1.7527885491367856,1.3951746611517704,1.6775186539312201,2.2487148737930673,1.563039055830053,1.6490173789516296,1.597748614325013,1.9798325147686022,2.2871391207375074,6.173200127970656,4.607734556945279,4.045342291979118,2.1909929398463337,1.8217378430419198
0.3049789109041745,2.6309090409446085,0.89658448202685,-2.4369155362543053,-0.006306710347936514,-0.508017901529055,0.17161128755642838,-0.3608987326883225,-0.3662831852650628,1.1100938023310951,2.5938904329404733,5.294828298128789,2.1600005967090956,3.1735115600217285,2.452790350996453,0.75214955417373,3.8760858895037753,0.9328141271284223,1.7139230797437395,2.0371484159251456,2.354515105491739,1.4775772440500663,1.325423458862541,1.8476028933717514,-0.6237288965925474,1.6275581223127527,2.9066418929080253,2.940799414611506,2.7534957718651665,6.445911355422388,4.931386753813283,3.646286984225686,3.865093947822619,2.4850049336342965
0.35413119430194534,0.7088051999293314,0.8479788153649604,-2.563101528815142,-0.13899881609559897,0.2733093368404696,0.2042644305746351,0.5842089988708103,0.14136296672941373,-1.1159882797982639,3.9197095638539166,5.802204981137024,1.5304239178349233,0.39220419223857217,0.20099536924026973,2.5345550177662206,-0.007586874444117858,-0.03600933574061194,1.8234284221157613,0.691862698612756,2.429381993233029,2.2343289479479265,1.5988430959343145,1.6872454490668793,1.5211861772594957,1.3262026327239798,2.4579604508039825,2.486580402605627,2.449039497329347,6.747330958009925,5.6939508757922965,5.517522289777301,4.11278435011035,3.5991728497132986
0.4239103158938441,0.37691938615634796,0.3373308595936543,-2.595296862103168,-0.8573856505471281,0.19403377405422848,-0.9095075203130506,0.08811096134065158,-2.678500015968037,2.4705497166393093,2.1989951764841917,2.789978897763116,-1.4148376526147592,2.01529319167856,2.2012629120278793,3.1007415941901404,3.858486498955837,1.770464100950904,2.479876553512628,1.6057736621392913,1.3803918998826734,1.0299711992955523,1.439180540134245,2.645551021555019,1.2264079169759896,1.8752558999507918,2.199013712712387,2.01545151622675,2.0295452921871844,5.350990659622738,5.7342506337633266,5.267357098073332,6.459291937738947,4.441236453557891
-0.2735226170287569,-0.29257325172496806,-0.2722067299501409,-0.719905241281584,-1.264346805329986,0.756586826832281,0.9791604239312981,0.35587141736795946,-0.1574041510449878,2.2900034751971514,0.8152764300749892,-0.2181118174254783,2.0046419181098263,-0.7954582654483815,0.41508840528289886,0.3112664006651147,2.063843417264824,1.1822986026542066,0.33877246233658326,1.7673991263376727,1.5883022340834825,2.6250880195297355,1.6618836120169846,1.6947107981157268,0.697725483780879,3.099104437744832,2.3704886283454436,2.997352948055919,2.1789513300229224,1.8990349269919387,3.117705193353189,7.187948708296627,6.5407993804776385,7.134651484113836
-1.1183972792670633,-0.5281243175134107,0.2243752829219086,-0.056545393003685225,-0.2607048559076185,1.0654041254041915,0.019582444240907496,0.2030416513076365,1.388228584341766,2.420268062933116,1.78887317529871,2.0372357308881437,0.2766595525739928,3.226728735786148,0.3555799727251383,1.6702334791424618,2.5823155706511187,-0.7383162581863076,-0.7517098323144145,1.3567922425160877,-0.5048762273746518,1.384614581940028,2.020810307559123,1.5078112798874286,0.9969292946599029,1.651606556544047,1.8728259938332592,2.2959335313233926,1.9799292588283335,1.9994695266223081,1.8493627984653884,2.5550909283938057,9.092940524714395,4.28918665973267
-2.0521566946879903,-1.3381012354217374,0.16185397753625586,0.2618319074547029,-0.47922890350920094,0.7714414150440418,0.7959837944821418,0.022851772242411493,-2.0035400125320795,0.6149354087831386,0.7314893148239403,2.866239670627291,0.5451025793466363,-0.4527183580376148,-0.1552663806862937,1.6823661511536183,0.8069251674710728,0.9644246967425973,1.8580432864181669,1.4811051941063396,2.018360465183214,-0.551762878047305,2.7651063819652997,2.224054266340519,1.7456263376959833,2.557522151046,2.132424516637102,2.217219728648761,2.177373795453465,3.127661086357523,2.5950321001492718,2.150072653815084,6.794757871555743,9.334589313991849
-2.3038970425847225,-1.3107807889697942,-0.8354614747971593,-0.10092558364845777,-0.3423468540833249,1.0497526655894684,1.5875682217433769,-0.4254336909166619,1.9397527120289721,0.13350038617798704,2.2426251150275816,2.6271570697462394,-0.27017275941696833,1.8315073619230093,2.794181331025462,-0.9316957916576435,1.3692726029181843,0.5719282096725444,1.8016215764903956,0.17249723826740584,2.315665861806846,1.0401344254523819,2.3278069919800597,1.8231034776130797,2.410513663391653,1.819005871559333,1.9349352892128688,2.6594627136038915,3.6164214630937113,3.623469366246179,2.6993036841267717,2.8037070476184813,2.57026806421751,7.282180719297792
-2.921816780357807,-1.928145556071741,-1.5920550493300967,-0.2572802056507247,-0.378586081216078,-0.09360943330809855,0.6140041158027417,1.4838223198201461,0.7934353965144482,-1.6449411578056459,-0.9309152513494076,-0.35660647263253276,0.14783655894628264,0.9356757549781836,1.7080568789503336,1.4462342694930386,1.5270231906611558,1.3180432178413726,1.2220495549624775,2.3972205748422404,2.45714510959747,1.9232313869496385,2.252062682015051,1.9796200210841894,2.564225233088269,2.9554174049572737,3.3309715208921746,4.250327418825309,3.300142448947573,3.8803440746399955,2.967148580208492,3.477284386699319,5.892806801407169,7.048568658300671
-3.8881642274999337,-2.955891209579909,-1.5219115482682628,-1.5865739754648773,-0.11701786758028596,-0.6989224250955178,0.5419444132007409,-0.3822147010933804,1.1524118912786663,0.5803743666102593,-0.44462231670651037,-0.7233312908850167,0.7457382214681059,0.7652821571848206,1.0371145897695948,2.239130332045815,1.3072857137169784,1.4015918122562656,1.4547216175208302,2.2833198208175407,2.1880543134288977,3.4589269096691346,2.3236269924922324,2.0763952517960873,3.624339505579719,3.062502766137944,4.905224120618335,3.267862808788363,2.473228200558168,3.12127210320458,3.894243041225875,2.8290436925891598,6.0679322221154735,6.512194393130056
