script/wind150m.json
{"header": {"parameterCategory": 2, "parameterNumber": 3, "lo1": 6.000198445256149, "la1": 58.999992894266676, "dx": 0.5, "dy": 0.25, "nx": 22, "ny": 24, "refTime": "2024-05-06T04:00:00.000Z"}, "data":
[rows 0 to 23 of 24, columns 0 to 21 of 22]
-5.040776107048475,-4.7546059289837785,2.281533237931108,-2.350879868231406,0.2777132272283079,-4.797489013847081,-1.0163713378476256,-2.475923569058069,-3.9828709904785904,-4.891225658504316,-1.1031508923211697,1.7117683126246215,-4.58651342669691,-3.6818031035964034,-4.667614107424096,-2.057906609060853,-0.6152252078057845,1.1046316668739955,-0.19755124125139242,-3.993577425599756,-0.9698985945903411,-2.0300373079138723
2.651096395177875,-2.6165576224102542,-5.010328612145421,-2.7344432346895724,-0.8261684350229199,-3.7277066252384787,4.135996830472902,-2.8348948789999224,0.1599033584786434,2.8193653042409195,-1.7645511051101561,-0.5789861882220533,1.5430832927567244,1.9912550219344802,0.9646956544826362,1.581302373374498,-3.036720352731442,-1.9648613535382515,-0.9104231569772482,-11.227263793205479,0.11851642321243591,1.559364622045324
-8.558557087266626,-0.8228540845189684,0.8211604554172007,0.3016436607272594,-1.7205167605319243,3.275465707177329,-2.9727060590648695,-3.1556897411144553,-8.718335182221065,-4.327396251336755,-1.8715140899016032,-0.8563465416521349,-0.9173551611262543,-4.668474608801133,-2.9517713659029363,-0.5424123853345773,-3.917449888560324,-1.86290402659764,-3.968468350309704,-4.940509617667795,0.5672037201413119,-2.240375007703755
3.9474554793097263,-2.899484502864119,-3.068464563840801,-2.5187333004880825,-3.9501863665971877,-1.4508830252716036,-4.358192073739387,3.400327284239192,-0.12998506500072243,-0.26184188347697535,2.771162198984021,3.2763815260682447,3.1535414415477394,-1.3513111991705937,-1.9731797957328663,1.3322555256361632,0.4366165625005937,-3.5955259038810907,-4.748840497063265,-3.758167052910505,-4.439237182903927,-2.332838054220038
0.560083405999311,-0.23723003116342137,-3.0388935015202057,-3.733551077615588,2.3651241486376624,-6.078243733832133,2.316086044678039,-2.4816174515120224,-0.6920730854304805,-6.740885975215999,-4.227290476755698,-2.5542455659477463,-3.9994000796517195,3.106834055619247,-2.696063188157965,1.3031768987356933,-6.668937873344021,-1.0628415494530106,-1.2134298371830237,0.1364797099721438,-0.3026824699080581,-3.362258094355938
1.3652845992920037,-2.0979288893013854,4.056499971784715,0.8018898992538407,0.37384096497822167,-1.5933905791919643,0.8202819908990223,-4.513672073929825,-0.905862457484044,-4.421902453883974,-3.883601077958318,0.704409143768883,-3.4851788120943015,1.0158350032137757,-1.9341013297646361,1.1529110613313203,-1.059315215729291,-4.811629124795696,0.8449012810455708,0.4714099201664209,-0.8764808075606335,5.295108590477966
-1.3667743141135522,-4.839044618380027,-4.101737766910456,-3.357621187235126,-3.8434228528174854,3.772697445893156,0.652130139559679,-0.48902794754717094,-0.9016171633816935,-6.718407851214261,-0.40431123640192534,3.0692949285004487,-5.872597878850336,1.1201079576037694,-3.5539055275909064,-1.0538356817839882,-1.6127517403858316,0.017892806591171654,2.503010795529831,-6.028010711566608,0.8658416493552323,-1.4937245101796681
6.7514091220535954,-1.7800240261753493,-2.3847468261704234,-4.459057032198109,2.6864902707819796,-4.151272154125564,2.7481982098123927,-6.092934470444913,-4.2547587693084585,-3.120353917538837,-2.5454965905535096,-4.969722648118189,-2.393067545460929,-2.4412384085139975,-4.993840347552294,-1.4331441713982411,-4.657891545912924,-3.977207808069865,3.0704384018359097,-4.18749101218048,-3.481089263734529,-4.674410930728456
-3.4566382561325466,-0.8970290860721324,-2.483963220997573,3.9821205506327795,2.3475137739651677,1.7039880005580104,-2.8865711394204006,-8.651054592232246,0.3435850419816629,-1.213310677098042,2.030375585059635,-7.976488944973275,5.403232198360513,-4.091106578147251,-0.6272204653650384,-4.147113228236315,-4.242796858957969,1.8750494175337533,-7.4285078869010945,-3.7885550956939156,-3.3373701320537994,-0.3922789648613761
-4.193913257643625,-1.4270302288370753,1.2716554784062306,-0.6943927969689458,-3.402197944520414,-1.08579596571661,3.4164141400642185,-3.2170175996762307,1.2851386755730938,1.6678409920868198,0.0669479920669393,-3.792384803985187,-1.2107068196572486,-3.1916207176001654,-2.917105915106308,2.1487037032622145,-7.19024894781987,-9.530004356171801,2.2367471592688286,-0.36060131770140086,2.231753939153708,0.04819535509447358
2.289222824554783,0.41926427550568146,-2.7166155548804793,-3.7895065997603927,-3.803892491902562,-3.0671968603833095,2.8620858530158,-2.3449872003940158,3.333473192725027,3.219115320868935,-8.424262162167071,-5.394025557251899,0.8705684976730019,1.6982802243109891,-4.6873041073401485,-4.499244331623958,-2.739478220667145,6.045717584286987,-6.068173526141005,-6.964646998635308,-3.1257892232432574,-0.9494433537433358
-3.2053291060094264,-2.903772142140189,-3.07813297260588,0.7777917359946995,3.0939837614989805,-2.6580052104734126,-3.416525867742936,-0.2565307050218724,-5.264302052754098,-6.833714380442867,-4.400529851327024,-3.8562450117528124,3.3068588627282836,-4.273699503175089,1.1571271652677801,-3.3393707688971714,-1.8448246172742255,-2.4297985331904774,2.862408401325508,-3.612561665672879,3.1120933064709253,-2.946960690122965
6.218517202634333,2.846843508540694,2.324158009627657,-3.880308926313743,5.240791215709199,-3.1685888625185727,-1.1352863216653366,-0.6605168036213506,-2.367250426635043,-6.8571521961977115,-2.435531344313013,-1.173146126863055,-3.580196989933964,-4.3217184241569155,-0.5736664221146529,-3.9243447864014493,-3.018027097302772,-3.825198256036985,-1.7045266876827003,-4.469536358327867,2.911439355024889,-2.8677592522543742
-2.5297648350010915,-6.595628173175173,-3.822538164018952,-7.342132141518318,-1.3807872309574136,-2.573514534036888,0.34945052431299445,-4.17611077939645,-3.1408656436238185,-7.910294615525329,-1.7494109329260343,7.344946919502429,-4.085341295640259,-0.8624610882663549,-3.3060245167168265,3.502483362725333,-3.595803737511879,-1.6441056456067142,-0.039414571550613356,2.4598462628221562,-0.4122387168241209,-3.221730370003292
4.087597859840263,-3.6009671703016717,-0.7002398042640573,-2.792939520070194,-0.4254685779360048,2.1574623010410363,1.6362742288710699,-3.2078119323290837,3.1636019393806096,-2.9840912684663334,-7.407018577643526,-4.2197210819753215,-2.2861016733638087,-3.865221886795504,0.887536598087833,-3.167056575417883,2.7121475785202938,4.481883361758053,-1.710435581069996,-3.0196261651951097,-6.048396839700897,2.7207313267306756
-4.203363457292098,0.194637194562352,-3.258953565875902,-2.534035626723736,-4.209939579213212,5.415716210803577,-5.1476586681316245,-8.050172945465622,0.9577792828106717,-2.9561108346115184,-2.814227396474141,-2.6412178180101686,0.8058646899378417,-6.323535167502639,-3.0752475918338975,2.878979687495022,0.09888309860859612,-3.648092623252963,3.6430105562166153,-1.5333224309271831,-4.706937081271064,0.47903022776309717
-1.502912236736275,4.958536048991643,-3.958508880060307,-2.5905859878499817,-5.38135653281664,-3.4891144490144668,-5.709376255474204,1.299255038496113,-1.1183249668294684,-2.1864037166935693,-4.934884603412666,-0.3015850211072709,4.20505849668126,1.3230125831709127,3.851311980661836,-2.310005769914317,1.3572366999681746,-2.8328421842948766,-2.789642792380429,-7.607466624749473,-3.454666093431336,-3.679879198663427
-2.9851397120800613,6.030007096011702,-1.1249083917962563,0.7792176148937655,-7.2565255560888655,-0.5886482974603039,-4.442120340998284,-3.4050288769639256,-2.2664611174714313,-4.701902638590274,-1.0858800599933078,-0.522439877282837,-3.702060037352911,-4.5564769973397095,-2.727841023613243,0.31097534186710885,-4.414814542382985,1.936523138771291,-3.0032515436806837,-3.5177072425434357,1.7735703155052593,-4.996743479135769
2.2777376889464085,-4.137749817443544,0.8837988082976107,-2.671948620410444,-2.5335055699951843,-1.2056898303243064,-1.5723723478755836,3.6444412905984938,-7.9914782321401825,-4.1414635482660564,-3.6203053413790864,-1.6355036065331074,-2.958024136654938,-6.129860798301107,-1.0604571382674994,-0.42692145676953913,-6.917844642342062,-4.543663525127956,-3.1245410834920215,2.351389783331049,-2.8869915881202344,-0.7440318396179073
-3.694215136576369,-3.664146650392185,-2.62046237628533,-2.303970657156453,-4.752474655327928,1.369410631130017,-4.635856858841608,0.9213616825400064,1.6929108291009172,2.4254857086781265,4.065476747279612,-3.754719458736546,-2.854492259303078,-3.5122315802456368,0.37933165775370997,-1.300477474805676,0.4654586933465859,-6.7742436236003,3.399838385582515,-3.509892145520468,-1.6156455771137446,-2.8237940078534978
-2.52329103983846,-1.7251211337726042,0.9934067417146866,4.720688653293229,-2.179685033975354,2.6398476240893163,1.3029216351831798,-3.4985678775347506,-1.005021482910334,-8.296654015342542,1.0974725067065578,-3.092734621659417,-3.6272950236623025,-2.5814726771145304,-0.3045231130326541,-5.955225809692018,-6.913096597342332,-1.3015963731927502,-3.0095139742856643,-3.872972280763528,3.4951930898782426,-2.8005999991963444
-2.807761689178814,3.883788334626043,-1.4466260303183662,-4.362232152618548,-2.7858379879541517,1.973357062074324,-4.091778755330988,4.3365012887706715,-1.5516167858383183,-1.4673502043720779,-5.805814895264882,-2.689049677300267,-3.121612650200907,7.134467335895733,-5.843881411396579,1.4235289835144207,-1.4448013965994373,-0.14797817060905016,-2.3506348592202886,-3.311486444462402,-3.33611384187493,2.9108910074943344
-3.377759652044764,-0.9950849167118084,-6.625914831233134,6.052110946181388,-8.458183536067745,1.0339251481273122,-3.2701386367381255,-2.3604544456883434,-1.1058268211836375,-8.11661769981879,-0.8282784796731177,-1.6793979751611023,-4.156406794676226,-0.43134619787747647,-6.0524661338106105,-3.362217332118262,-1.4436027678168541,-0.07174769095198438,-7.144262968883891,-5.312513852006462,-1.7728716279140182,-6.205401387143767
-4.395533675155363,-5.509530140654135,-1.4565961328825403,-2.2115240505556915,-7.494559158083087,-6.894329248927005,-5.7173380829106355,-8.34596014021992,-0.2692943675750966,0.041240475053338686,4.047072414351854,-0.994925272663032,-1.8282125793899848,-5.1230359722163685,8.964234291706152,0.04138750406070199,5.362929821497284,1.175413423972515,-3.335797225688665,3.5366741811208255,1.6974832158853133,-0.29521284288572686
