script/wind10m.json
{"header": {"parameterCategory": 2, "parameterNumber": 2, "lo1": 3.000054539987559, "la1": 64.9999836372058, "dx": 0.5, "dy": 0.25, "nx": 34, "ny": 52, "refTime": "2026-05-23T19:00:00.000Z"}, "data":
[rows 0 to 24 of 52, columns 0 to 33 of 34]
8.914984599728795,9.506468647153746,10.561660477121077,10.61942426968596,11.086902805833702,10.733638107186515,10.949968261533774,10.878717206871027,10.220553386991961,9.685283694121765,10.017264121227168,10.908278851292257,10.631132729650865,10.087815637076483,9.824867498048787,10.096535601627599,8.451305642163181,6.729482301435027,2.5470989314513264,3.102917081629854,4.299568774451533,4.408369091083566,4.497512798618959,4.19822492688797,5.441204006666693,2.250138757147037,1.3280588011695786,-0.16614209906170166,-0.9907020617927725,0.1516273956555574,-0.26699498038147723,-1.6284865542250087,-1.7602029878937653,-1.124222431788446
8.258737745536916,8.686308475493904,9.300790270674163,9.858989102646975,10.34924720338584,10.986019860829897,10.67136246091879,10.772465809765176,10.413957798028495,10.781797375821895,10.896486106021607,11.254864994990958,10.864373513217357,10.596205241790738,10.472924784448201,10.415572100631072,10.275062446356388,7.450897748262715,5.328126335694045,8.925603684801102,3.4646843585852722,5.177604496268075,2.6724008438320874,6.696902944846162,3.759169437608309,3.2813136350075207,2.255886389962534,1.1139501438544026,0.7136400986442466,-0.19786791857494238,-0.30784259978832673,-0.8101369913271532,-0.9444938802769359,0.14356252253528023
8.441977465536745,8.7348218113479,9.801828639062418,10.017208832092107,10.618163464453692,10.963546096432365,11.084730640832174,11.208214050604113,10.635446957430716,10.855716464936702,11.003820582798571,11.572356798618529,11.209157722107383,10.636699602570843,10.88248010094228,9.97449164468913,6.150562577722724,3.099876409382315,4.081013914699628,3.828439401742663,6.518481109011468,4.26766037867515,4.210120431584828,5.674489375564045,3.9336256659678592,3.257180525266423,3.8397108896633347,1.517459438248543,0.05043588400041584,0.05278012788747425,0.24612424288238932,-0.21640860775451817,-0.7171360103074494,-0.9136347193505845
8.911256553903405,8.837256352891364,9.849321653800814,9.7255071293539,10.532800432920453,10.647314317116493,10.606119567660473,10.97636418939483,11.002482258195558,12.03237156827879,11.531138002921889,11.735425595271463,11.285417717211903,10.871983250011173,10.764162618605564,8.478185932979125,4.745900199954386,4.214773761303251,6.0680642503737525,3.516368981359824,7.440928387751125,6.666176030095324,7.326727809159563,4.180314766219109,3.477447205294368,3.9101451044532056,5.829588645069285,4.048114608050328,0.7298902288613653,-0.11747437602972637,-0.04368209767182136,0.5788225782617553,0.09729411001451026,-2.022239783722782
9.431756873732228,9.531698575603862,9.749395267321908,10.0190417855615,10.421118261432934,10.460994124845548,10.707994220033106,10.825065277114795,11.262504444266542,12.046667729805607,12.064105379599743,11.777308862681927,11.379575190853418,10.797918429386536,6.678398380290012,6.391895604193034,5.8604362215624795,4.543725905535136,6.413815280237356,10.148031874177784,8.2749707145202,12.203588467661701,3.372061166372095,6.24257950896416,4.135287641939977,3.1812563891728556,4.684997346976909,4.9494987847852405,-0.5366467768526783,-0.2465335114266632,-1.2953460578433265,-0.2966016116494009,1.4056092659893409,-1.4937772208223234
9.212452976494031,9.73300645748191,9.026420053736263,8.852016140118817,9.761676684352647,10.244350236893116,10.50990108338641,10.818149639734974,10.446240041408132,11.306707322302598,11.474193026610859,11.63908116889744,10.461385942644796,10.061043229629625,4.935415799855246,5.633789099479597,3.129711717189791,5.244022039064034,8.976939120868606,7.055393451180986,3.7295104954925002,6.733292322314716,5.108773262899129,3.5477259798794676,4.09490864813447,3.599902166981609,4.863030584475665,4.110744106692949,4.34209470096801,0.6769840087893214,-0.656449894566217,-1.39776244057101,-0.4586672887758896,-0.34657056231530986
8.519625897781065,8.948373478239693,9.624313064182704,8.876763421503123,8.089034804928952,8.097414568305593,9.512650018747362,10.179077746361495,10.490403531622306,10.99774684648916,10.715008372178628,7.763951545097381,9.29894443059981,6.357316353549606,5.50796524545998,8.247795710152525,4.178976302852437,6.050736443490864,10.345228073544295,7.312856384534064,5.225602287996225,3.9331702781110285,4.386926368200643,3.90096616872263,4.222394917023889,3.860180624150135,5.246920444478889,5.010758728649017,3.7943086088351823,1.6429962273382126,2.307712913189324,1.0676051029650953,0.47736871598259106,-0.33767589083554206
8.495895619598024,8.458504054141995,8.127503269222025,8.091389546308529,8.109902206676994,7.735139373191193,8.88064183934298,9.303405877494372,10.136749709945454,11.78938751857861,13.116403219314892,2.461544913182148,2.881060326588459,7.741845263923078,3.4621684131945614,4.416292651018963,3.3430823323208574,6.716897584797173,8.742098424007818,6.717697401442007,5.172219778410551,5.19555940633198,3.563314845255412,4.432864786374331,3.7948791044457777,3.8267243297988425,4.1066989887271275,5.655162968452122,3.1296362197324403,1.7039453789931882,2.5842086586667756,-0.8636331316301832,0.5369818779996327,3.484241365825191
8.574201320268827,8.447559061372113,8.40919253504116,6.971074210978769,8.133731680095666,8.415407356276233,8.786618629954205,8.723184711819213,10.953434860172928,5.081526116468984,4.5042294215241165,2.163907064271323,5.3203355831832075,6.266941418797314,6.600045193740064,3.5622771797032446,6.793073365360382,8.312464328821928,5.633423248897806,6.464376399886643,13.314087857189131,6.930361719298413,2.604270977555397,2.618221349628779,3.649812256026512,3.7406483117953626,4.8994900978075515,4.966048437936085,4.637217456836566,2.096921535444882,0.9861703800173169,1.2913200493457588,3.4624896153538556,5.49557636386286
7.637966805781521,8.883320770806222,7.2923041392087,6.277368223837067,6.881781906345491,7.070745715044734,8.216165580367456,6.930474549121063,4.259547581153769,4.053451104231118,2.2496188619473836,3.233448434698593,9.270976239604794,5.72979836872906,3.650932493720543,7.236367470828015,5.474137006374129,6.779013698989188,6.847674156653412,5.627078567122401,7.192724389744855,3.7902127973083344,3.3414750875888615,2.5719088370537944,3.1478133563327346,3.8975997376070857,4.553063490540266,5.274808081481196,3.6032583428283687,2.5682222443649474,2.1341212681967945,3.4261562992326184,4.797871900839692,4.3080240227459585
8.097393938371829,6.974260434471389,5.784319333252596,5.759964749167291,6.048905372269313,7.201694951006264,5.032860008472267,3.391582066302849,5.974078539805073,-1.09207259620254,9.393033898158373,-0.3947475538764838,3.739750733998373,6.7723486522326235,6.395987637215864,4.343385176857847,2.290154109509707,3.0852864893934333,7.380904742286401,3.886230080810113,5.822573261644597,3.2904705359553135,4.765192233990844,2.526101017453229,2.728890586405662,3.680053666616882,5.185249214784907,4.303488325643901,3.81076535371783,2.1930223450609545,2.061527741924763,3.582591282408599,4.699583705844765,6.590633962863798
8.328303527434375,7.2702267727898615,5.8915399845042105,5.630223451095501,5.734354318364198,2.567110258437717,1.4250904704887164,-0.6167653228251064,-0.9538413557882093,5.573844518252947,5.09662905157542,12.73431048615564,7.109165590533215,5.7511306723223,7.449492536424845,3.4169185767264882,3.754258094074503,7.709592411854645,3.025547649849069,3.694079678187551,4.318622433308187,4.599256861679198,1.6955414346618158,3.059954207592861,2.33869050928323,3.809780930874359,4.241595675273003,4.26485446827698,3.6113114864266973,1.9187496121707421,2.950239368939849,2.7981722419934654,4.151733732950882,5.45630127678277
8.173585024815095,7.736907658634516,5.709977399186409,5.953695776601504,3.9924789477410143,1.2262815201847912,0.7981429114301883,2.1565503313575665,2.7929155916594612,8.280793496783378,13.020767222342839,12.451033332594962,9.631948185278327,7.480021250383592,3.1958789826968195,6.690899499829768,5.93934212184665,2.727694714957592,2.6832141117764614,2.2947290948771584,2.6085769239504706,2.4154188871203193,3.1272846878739458,2.7835195782721893,3.5412624860742477,3.684491621652834,3.236038606939471,3.9021127052797504,4.010954144809536,5.079238318884367,1.9180333645357428,2.221213665373527,4.1747834892791085,7.582592207412683
7.6148936859382514,8.591655737191875,7.064996503542009,5.209180743115542,3.6972909509291996,3.1243043445103984,7.548977832221175,0.7782726949862904,6.362419731655754,11.02794186313201,12.073747718697613,9.94528236212906,5.055104841090469,0.848120882581419,3.6676120460942037,2.9283865884229425,4.99186606418966,4.900679496390345,4.672264080188271,3.200420174363888,2.0339735244403667,3.350308975404968,3.2833222244041793,3.8531520905321224,3.0589638804283905,4.20826891587383,4.641356272556545,4.363542120659374,3.700555659410578,6.056686492949607,5.092794063746954,3.6526277368697584,5.47648971125647,7.918474596225329
7.623162761526359,7.615951776701815,6.522381256569107,5.084029016907685,3.4451731818370996,2.3878738077117343,1.1577170772158447,6.186625859304697,4.1476998345039,6.4828996689284955,6.260619503956086,12.857294980337509,11.66685083299815,3.901251555283084,1.6495337954068896,2.91286238900944,1.8916674108788183,2.5992174555962646,1.4989308682641411,1.9512892012160032,2.2717026397746123,2.6380790079905636,3.23630035287163,4.122946655073734,3.170683980296024,3.5462197009038245,3.132307114181519,3.7740741180222375,3.152349331715754,7.237208490663541,7.706124964473658,3.4551462878320125,6.646755835483689,9.122447662828495
7.210145018478451,6.522177929556077,5.554360678110946,5.377453220438712,2.0789118885008935,2.1822868485155067,3.9400760025137465,-1.0127940745132726,1.345601941685684,8.781766414403698,10.702010952390653,16.11807724305448,6.785901028961724,7.498255347348965,3.1012022004278155,2.9450984501651476,2.6760097532232177,1.1302527594699892,2.568112084724614,1.4921431335539714,4.22571750924541,3.917778653174144,2.07724680563504,2.3582142617060597,1.5901614513100544,2.888368677442942,3.825387743135875,4.10326892925129,3.8060482653696774,7.122019919826974,8.068797359383574,5.474856411105822,4.005591683163198,3.7973438405002544
6.6311192706552085,6.613574169191943,5.715558521494412,4.533757480811517,0.781021673911368,2.6008575120412387,5.291637142383932,3.9020931554968095,0.26732267015832073,6.165782718198975,12.514117458190091,15.980458040194579,4.696344512595724,1.9940755321007568,2.7127896904832505,3.1839361675633127,2.7184740409457375,2.0533563893295064,3.0027988691412877,1.4077751582499256,2.6440177096681925,3.20179376715363,2.8282000978026005,1.906918773085935,2.910113741974814,2.7716018784015635,3.9224417998014003,3.7523207186896093,3.2778594121922238,7.187213184588744,6.184628514073114,6.689637566180658,5.066138106410161,5.549302052054313
6.484198551461206,6.606222404776177,5.969748020026222,4.586007214013809,1.5678895590742734,2.301184395419444,2.4314028125139076,0.9962853512509942,12.126386847760509,15.748106231724668,2.853483144311742,8.14325896291227,2.664527661105026,4.492900318950281,3.3145771448884935,3.7807576118367465,6.167708132151239,3.6136903181594775,3.1363643104786343,2.960897029141896,2.079645952829988,2.4710906665351136,2.7328691088474457,3.6093424789640958,2.567483334607646,2.8881492894649905,3.1676657254492664,4.277089500622068,3.6552214106076995,8.053030628046734,6.172587107457955,5.293413826088294,5.796205821892582,3.529950090744514
6.884496944400505,6.708071466961849,5.565986615267267,4.698571430240065,1.5678676660589839,1.7260984448089167,4.0932281935956425,2.4085453411619224,5.644645615960408,19.300726494352695,8.299251046469417,4.601075522822457,3.8846483148156064,3.2671399544957134,2.57249966599873,1.754150230591706,1.873282476437303,1.8678776466308404,2.5225523318266894,2.4438444035413243,1.9218293196180447,3.3368091264286406,3.803611255872975,3.1267884169670066,2.548237794210361,3.334495095647639,3.071579817043973,4.479430510387396,4.270223763793266,4.092350236714585,4.9705101635144375,5.3600271491906435,4.79590477583843,6.180147593547995
6.680806912851906,6.065945113693563,5.276370705823576,4.55473477871582,1.4451359365119465,1.6973381400312901,-0.05856228045354066,10.463944090679188,8.437916092521279,9.384544688415188,7.870679184665687,9.541229169862634,1.7270442832952873,8.755314591203183,2.8588477877731484,3.478015899115618,2.423857241964325,1.8855099861292874,3.3791030711884966,2.523690374706474,1.0259705765748666,2.353162442902186,3.7480920963442186,3.1887840027590233,3.3498975300173277,3.208197552712258,4.324444191814197,3.7092163496923183,3.5597652844538943,3.3595720018280715,2.236641747888118,2.2680686431065538,5.863012093541265,2.6411590979280026
6.3356473086190785,5.928714933242466,5.171934957281714,4.780023763495795,3.3513172545085257,1.6061069002724324,0.6851611865898133,-1.131769333319937,9.393880899511315,6.930233329598618,9.789851874987953,8.44686210381883,3.465211417879286,2.528539562595698,2.732927119963535,2.973207329442097,3.198705500167695,3.2664476163830334,3.3942413861469656,1.6921289198308136,2.5897846266912246,2.2339644187320262,3.195425508240259,3.279889312360908,3.5244711653756817,3.6562109731345243,3.5268898146090417,3.4593042023596703,3.6178253164558916,4.186810824852572,3.2364682574758614,2.4340300250791844,5.1270725213683335,4.979698918199132
4.367106211499175,5.519808610028088,4.3660333227370005,3.9637261222345606,3.274778987468523,2.2899166148238157,2.876495682769875,1.5499126157378262,12.972396873593919,4.259397565415067,6.099393614302786,5.877335901091725,-0.19653201677296514,1.7041231135426038,3.2359678814289916,2.7004247908655756,2.93832386057925,2.554226304477426,2.806902951131785,1.3968088258069693,2.829397642745031,1.4767745718171736,3.0554916277158775,3.9826106266320145,3.983385689057491,3.0731154839593398,3.6457121544773607,4.286175430931545,5.645506974541329,5.351655757285571,4.175266664345283,4.015216240180367,3.52399598216055,3.23251091960679
4.109227077962976,4.20716159752118,4.164243047871298,3.656859541113808,3.208767770460652,1.5082200660730547,2.0993263877562307,3.5190959148084304,11.738324268747894,10.442425273960794,2.1378758675228715,3.4228668933438624,2.427423203456685,2.8928626332843175,2.2113665694787157,3.0954238664479843,1.3483292223955825,2.509918783322047,2.1043274592167185,3.892853432097846,1.9726752164004269,2.438885667331273,2.8397066566117855,2.430460845057798,3.7416289263643536,4.394343925927811,6.270289859732097,7.625350798044122,6.024878236052339,6.811366985494992,4.339422329087556,6.048739468622935,5.292079328235974,5.770050310070132
3.73143258609197,3.368746423759498,3.4633476649790533,3.6388601316404827,2.884947768214827,2.222142530174064,1.992914022542557,5.675366213656588,9.310880108525026,3.490850469319098,1.6640296424007737,2.1736109749441703,2.244495406735811,3.003895902428592,2.3887985097196798,6.601708721459443,1.5081158382539597,1.9682348365954592,2.53534235513536,2.7755128339707267,3.178343709075437,4.222722407910582,5.277881177733312,3.4517404169068238,5.273871991926496,5.681851716381279,11.29878760323574,5.362413623697236,4.015850116350877,4.402857573780627,5.259100614816036,4.031336331039688,4.271496132232446,5.986380496335227
3.5505429674692657,3.334436403692553,3.805299320048556,4.035314306833746,3.214433718416248,1.9067938154331876,1.51257787931976,7.544505281973074,10.05922615025564,0.8586546050385022,2.5809520832815145,1.4342130134933082,1.6397642702078556,2.5497933094904126,1.5407641853249772,7.50302861320279,7.963913288731564,2.1718399010023828,2.8523873024495,2.726505185485628,3.9319259280422183,6.926406402917928,5.027469285510579,4.709044997750813,3.831980108521012,4.556667849025968,5.764832608290241,4.8492452260953245,3.92875167465445,4.851318681941231,4.778748286268952,5.745750338219311,7.502012777062196,7.083030699496874
