script/wind50m.json
{"header": {"parameterCategory": 2, "parameterNumber": 2, "lo1": 3.000054539987559, "la1": 64.9999836372058, "dx": 0.5, "dy": 0.25, "nx": 34, "ny": 52, "refTime": "2025-11-22T17:00:00.000Z"}, "data":
[rows 0 to 24 of 52, columns 0 to 33 of 34]
-2.5914915394374893,-2.732549266844881,-4.3014978710504534,-4.129349348558333,-4.490405092867296,-5.249572628506549,-5.455376974996043,-7.178298623869561,-7.044538751955619,-5.742376632712642,-4.719722880940703,-3.37929229479237,-2.3807943500693027,-0.9751180251797347,0.2036023943099726,2.266847110285361,4.372296583760897,5.861159892635665,3.198735428957189,3.6538030351021136,4.404519294697324,5.810459962650874,3.696403655888007,1.5607624490902057,-1.8579045257882834,-2.5343264188149215,-1.1241577138613696,-1.2295533279626116,-1.8788063822696668,-0.6000802182564543,1.0061306019574099,1.3504236629486068,1.12320556001723,2.5327016449785047
-2.239258073261412,-2.1692739990290604,-3.3674932380634837,-4.211763574822133,-4.40902857828739,-3.7067949836242433,-3.283711677485594,-4.548753486758398,-5.209665394947841,-4.980774641195763,-4.623086687211207,-3.8155634857486502,-2.839584378466326,-1.2883698493094073,0.2668352419552575,1.4093886963336346,2.411528928213487,3.057256508345009,3.4894455316779096,7.324970491765603,2.9036845942516094,5.086033544229727,0.6258041190161729,6.21302124065324,-1.1540267783053497,-1.1186973262289364,-0.7850516262997742,-1.9663860848566865,-0.7956028390574837,-1.0385587262260005,1.039129014931956,1.4616689366915332,2.2953101105865907,1.9171806243566705
-2.3597071901365103,-3.0026826583677524,-3.9980806654231853,-4.687105371328326,-5.316690598130302,-5.794094955477781,-4.31265588823171,-2.436463514224352,-1.8947432841944118,-1.1148761256488844,-0.3363664662486003,0.7031231822190043,1.6066358745436147,2.7047871517660487,1.5566968516072446,0.9482901272735893,2.90846835361651,1.6148993549487434,1.9386084315396805,4.1639804955406,5.377344395965194,4.66585108431138,5.214431999854136,4.416099993409258,0.9110110642148856,-0.8881432731072791,-1.1508586849708007,0.16795604041463846,0.3164866759795204,0.5300329143790113,-0.336596209231054,0.9409638418810495,1.6346497976061864,2.8999640492502814
6.90875160396192,-0.4443378850130637,6.95581148409002,11.260024703023737,12.218268122040415,7.829193179244015,14.108984303774317,4.287058964899813,9.047289005525792,4.94109565731798,6.905035419889656,7.683734091725955,8.592473766786902,4.939201411841325,5.236178127188543,6.350446871959341,4.553386799526942,4.78888701807333,7.458645071554155,3.5798675148392576,6.744039277973694,5.390769423052939,5.621680200120073,3.470537125647284,-0.2265062996150307,-1.6985407303039837,-0.28571203777406634,-0.6670612904659692,0.007027666593140749,0.21971334444232782,0.5139247502413691,2.303119485305638,1.4216787715416817,1.9975237473503338
7.077247737630239,12.47123680270222,13.67908263249922,13.762061018927211,14.49064262935835,14.336256405853282,14.360825513219343,14.228796058513705,13.707259715396683,14.943125744090215,14.380525664184121,13.579717967856954,13.993487929310024,11.483154013183114,9.56947710803006,8.425161776918204,7.715583703492881,3.6836459975473903,7.423642331837702,15.511009578945707,12.019842058450433,15.957769974059017,-0.20491002694223712,2.97478471183491,2.1095909274390094,1.3598327316628955,2.7839021481854935,-1.0213266839208024,2.5554607492941868,2.171046489273755,2.3368470003006037,2.1490381776605756,1.5127410533088783,2.0731237125996533
12.03374515664548,12.253414611912467,12.678058688608493,13.188445729811631,13.376129402993271,13.577180233278318,13.215199306647095,13.69314509853761,14.264662574304179,14.147421341457761,14.156251824918419,14.052139462392422,11.042719551063577,7.195664070225426,5.181473147946115,6.725747259588303,6.0071232822071385,6.058466038591185,10.356013101023713,6.929133669214658,6.217568186562299,10.449084785849822,9.328420127617663,6.65673236812587,4.610594304068068,3.2028103270784163,3.7594455273727507,2.529488353066626,0.1672153504409909,3.263529943963262,3.64110614511974,0.7201210019773387,0.6714786991068068,0.5021362317810153
11.537136715032583,11.664322449064557,12.323407851364,12.797559250291744,13.052826314883768,12.947204527160654,12.976472293547607,13.097794788564057,13.439141094881627,13.480799670081684,13.116728406458401,7.998617089733523,6.743537602477744,5.697102023081114,5.223682148742192,3.470387080067026,3.8001373148552835,5.129115126702537,9.727614771289812,9.973881169952149,6.927195687379383,7.424068637812367,5.033243591795489,4.586270441171561,4.7178064135922915,2.0096391795688167,5.565036154996063,3.0427667283353097,1.755453981862459,4.032511796207365,3.6104492467247287,3.2215351916295063,2.648541946308939,1.7238842347642451
11.237317964804005,11.621463716914574,11.945098406074976,12.048123018747276,12.407200470794121,12.386079322218624,12.222904444029487,12.04802976131183,12.421521172345917,13.052555014965108,8.419669893732381,2.4666972369714766,5.457634050120141,9.278485840002139,3.033429262693686,5.761405121104707,3.6587347892384474,7.776104084695774,10.864513462852283,8.582727785451786,8.217657029363664,6.6756699980044,5.4438816232320635,2.8873381490640515,3.304967386665321,3.755724686030792,3.610093644584022,5.834882075177476,3.781569629296572,3.7824823688141436,6.220602124107779,3.2446503505413804,2.969897143105346,8.078332227399242
10.408258600829505,10.872446743547226,10.77659255615577,10.981539479256533,11.348926416197342,11.319627214753154,11.393860841338991,11.243638640722159,10.093452991811422,4.288870733373816,4.714713106264128,3.4804071498339026,6.2182606579075514,6.693372097071737,8.212386161752164,2.5964281895190413,3.65311650902395,9.902852271493305,4.293117028412533,7.7654742879608785,15.390057051817294,6.879016530071109,5.801464272157287,1.33490814668618,4.543296816869019,3.992062365403386,6.154462080733043,4.7281109114288,6.340854188851011,6.859370194938583,4.052640079324702,2.971001628477178,8.615851198207665,10.323251522704043
9.227428776232573,9.297018006244535,9.707993371969435,10.26861374315737,10.34708067534562,9.62906493409928,10.010884587927224,4.73211933986953,3.924937132991327,4.088229165171835,-2.6693761254193356,1.2606335899861918,6.735767763516214,6.581172203896418,-1.246656599096624,5.587468084202938,4.088705965032207,3.5463780940923444,5.030679056601677,4.8516076179378365,9.133879851701911,7.204681458855335,4.598680493161032,5.553748415363422,3.610785013410423,3.9223830177428476,6.283061487557616,5.8908543379467515,6.615091764211531,5.637905701558252,3.7914343857007244,7.741356059927296,11.855432951204746,13.187563286584282
7.906562354809964,8.272043001594506,8.58361238215264,8.819148749434943,8.20793617879789,8.275945008929625,1.031477089823368,2.533163462601876,5.512580283600463,1.6303242205727744,8.474116252204603,-4.322209249784264,6.122819518424853,10.501739209194533,2.087698330611184,2.943510723463405,2.1374900948519517,0.8810117547106069,2.919814039892077,5.509758330593195,8.5803871218894,2.6932646414312127,7.132798086748669,4.816731103291009,2.995733806694301,4.357850612604179,3.932801221177391,5.352845015660794,7.16987160214901,3.766205203708391,8.069834403126114,11.434173404065996,12.495360406033297,13.360491367994953
6.357519384768712,5.7310568786403975,7.261878291878947,7.727019587982751,7.818968597768064,2.37227473307338,-0.032760487744578994,-2.0239259593014567,-2.4697350761016525,3.417278974500995,6.314734978874691,2.822897103921968,5.387630776653655,4.340090997820198,10.737513303974582,5.085767773087499,0.7838182603402067,7.997522777117999,2.770341502441126,6.260805526540497,4.766871975338296,7.213585170905274,-1.616564917874513,5.158707240955711,4.400883292107915,3.2985647796774966,5.790980612097604,5.955505111046082,6.548998724530001,5.469606239893953,10.028067732400906,12.28384027637304,13.405939527738614,12.598850048388533
5.201611854551783,5.448098594841157,5.620267516261098,6.146797875519364,5.957538784157778,0.050674825945290235,0.16059541782591943,2.6002243055936898,0.6843365169972424,4.523578813709585,3.548145555839508,4.903485760922862,1.4849394461312562,5.345507888083714,-1.9054580104842593,6.229459638433541,1.9232374082081696,4.177258387817985,4.380403223084524,3.400349954388845,-1.0188421326062629,7.432486051072325,6.295126863782204,1.7654464063727522,6.184185517067095,2.733194715646584,0.5462393317769658,3.5697661594163486,5.44939498793658,6.336918166149461,10.072202621220672,10.698127963906442,12.442336535366017,13.059594554716455
4.186259968768915,4.059498668751136,2.5036949993774176,4.938273528047424,1.3575209501112537,1.6505543464508872,5.379680351587414,-0.31054448769302145,4.64997338842723,3.5459958444285347,5.37973040981083,8.550570621915794,2.0212817282541424,-1.1969663629718115,-0.4527193623974345,1.982960393614837,5.2182711276483955,-1.9976216309978976,-0.20321449894014706,3.867066946736359,-2.610142427719631,3.990842474288301,7.649551651143998,6.523368282665177,2.0868740389212985,4.4603465785367975,5.995843540506009,6.127807432290199,5.468721884430182,7.865037164013434,10.191378957561502,11.6571081594915,12.589865844074957,13.120634640720423
5.409292774641118,4.957873845996114,4.583228315119871,3.254451718248629,-0.26970511249374446,2.1079868426582142,1.836553819457637,2.653067230420141,-1.0367042246507832,2.674948529439161,-1.8537471360146789,6.0553526171801195,5.523221710051381,4.004592976466041,3.808204587740399,2.9397098010799025,4.093807652031604,1.524710656568982,1.123094032316093,-3.340468558488907,0.40445279564256537,2.919119301131708,1.831255797067642,5.984738473934284,0.9897009124033028,3.1887111994702875,3.1785173189695897,5.565073238721495,5.947103775588703,9.407254092301038,10.846310379922802,11.227718407764218,12.864319029881198,13.7136422369805
4.374213756631233,4.0541432698767395,4.821619157797884,0.7581236800513227,-1.2815719045063327,0.6151550844098705,-2.488453381130434,0.6702965927742661,-0.7354234076877757,0.598607181356702,2.4564003015138516,6.473835359442591,-1.1541667314952353,4.032196673278289,-2.8709654365113946,2.5434057070923246,3.358753896796133,-0.8371655993449939,0.1787557580753452,-1.1780574389216374,7.519561014153533,2.613090426837369,-0.5423395255051844,5.700440444284284,2.0057366428459114,3.220587018833964,6.873628437623952,4.2060106915801345,5.092870450837268,8.255091836027475,10.415381366444183,12.241116998046664,13.869015585563822,14.156008300252747
5.117218297150032,4.197833484020896,3.8205344773493097,-0.3464478859211402,-2.9128683913399063,-2.4863154729964454,0.017189539991669524,0.2308927945750868,0.9562323557531615,0.34985562047875834,3.867246989929615,4.7190245061131915,2.578114449458503,-0.9470974780134177,-0.5739150725107511,-2.021860303532936,-0.2691934487841849,-1.6618702761537278,0.06649772083610457,1.7246838741425699,4.013146055882735,4.419095276229865,3.0942751909880215,2.1462141209435868,3.271198463081802,3.0350320552387453,5.6075350141772216,6.34332655305361,4.695026964687391,8.679103409409844,11.190283724212827,12.913573279163478,13.85052126224163,13.515984757736835
5.330312923679484,5.026229413981854,3.0092035287911294,-2.0052228061038804,-3.1791734798777505,-2.094866439437319,-1.273510320600036,0.6071618310216643,1.395796031912647,1.0128460215147168,-1.7270985889040382,2.2665185077425387,-1.722662664003566,2.700376796617576,0.960273810905124,3.060848801082132,-1.2672263336321106,0.9868671491021475,1.1159758113952343,3.0608881996399115,2.9424622022360487,2.6442609146546463,5.425948100139115,6.209109798955426,1.5656933120051892,3.882489234223252,4.54646982954726,4.823687336876896,4.751657041067916,8.983243739559981,10.508214708332643,11.409690660875487,12.635652409040286,12.860076202897154
6.392895245329289,6.030068793524985,1.7666444147883216,-0.8669562601030105,-2.6872351466096314,-2.894392335620011,0.9115229992479417,-2.5740541459734927,-1.534090380307239,3.795979600867371,1.8234118374935044,-0.9300126407613988,1.085674445159541,-0.3029697359509294,0.21480745886591648,-0.525600750266246,-1.284767273814418,-0.743637807101691,0.047801341085829264,1.965819738826768,3.2614214482874906,6.427529060065517,6.44409794671836,5.507521256557217,3.8890321263722374,2.9879611581027388,4.45560744108075,4.637846303882859,3.7646448512324233,5.286868980288508,6.4576452432652705,9.478464008402513,11.847325597961406,12.226377782922922
3.535480416514264,6.221974109752267,2.561360551299905,0.878275360203742,-1.6708494429769618,-2.31895674421816,1.1445910026469401,2.9942720072314537,4.80058372845797,2.7903491930554165,2.947568857036548,3.132199097353933,-2.6306876414910976,6.420421158801815,-0.42868426290481576,2.335325620277906,-0.5204570091455948,1.5430805249203343,0.8641585507147704,3.6146341583606114,4.219131765226301,2.937207102346368,5.263138769357101,4.92837565307587,3.779720246095669,3.087112239775417,4.08069722224968,3.1798149396561093,4.591706467834909,5.362215379783272,5.435393277161973,6.478586581736584,10.939687356399718,9.347907833936123
6.4736277195202225,6.505585606088069,3.405929338010305,3.3640339318743395,2.8946993197396576,-1.8804579837014366,-3.7992118219903133,-1.8220691615883857,4.233263877421381,0.9823715575350355,0.5825660550526742,3.1975178865352705,2.085125658514634,0.28720289386143943,1.0163959615948432,-1.0969970580095627,2.6622840755855974,2.064947026570963,5.2063562051659975,2.2764526767512354,4.459574614598004,0.8729789636186241,4.71005734592044,4.129126824508081,5.66905130204141,5.832565656706292,3.1936541796875892,4.205990652389128,4.569265594742622,6.385613792288515,6.071263606883149,5.771183129040357,9.98905288594909,11.462948329662554
6.635062753645174,5.943844177122126,2.9714188501618857,3.237546936685529,3.7057016169822097,0.5751236893308977,-1.6240025504632056,-0.01879438491916083,1.8649460441697654,-1.6270472551837454,1.9656286222828334,1.9924928792668384,-2.032679683160797,3.7088354428377603,-1.379993755694632,0.7073043996087265,2.598340371677104,2.6266690303693467,4.876966023277348,2.967280432243896,3.1076803270663675,0.7414951704560986,4.4523246380859565,5.2627238521932025,5.366234077875699,5.02035886389312,4.962375610866244,5.148166129589638,6.243634559053433,5.8418333354086345,5.854711858908333,6.5029486094992395,6.407742707783388,12.34856777100002
6.231387115189896,5.493545848816385,4.3922531303323,3.3908130239378353,3.8825608390699955,2.0290872037638046,-0.8419330883410543,2.8568113080969795,6.313761682435271,5.176350629834194,-2.6282519270636597,-0.9932654813125902,0.5564767116575394,1.3762809735718324,3.9133334341406147,2.4756094927214543,3.6344658572042197,4.177923097884189,3.3349677470484846,4.381448352333193,1.948006946074802,2.3496946618283157,4.567144431563813,6.151391263784217,5.578383148801054,4.597802749449196,5.876344677531979,7.074053552554644,5.189374326710595,5.551194810140767,5.6079753198153055,6.661159124262803,9.37756025759139,12.710738938853403
6.196891568075013,5.613998188247848,3.9906781774711053,5.394984182632826,5.483088916176588,3.065272948571482,0.29407512731253477,-0.13947115056336626,2.8411684495970757,-2.560790678480169,1.013350750822166,0.4285601183938324,1.618689871888839,-1.0503107267019063,3.2972070598407592,2.1986976260290496,2.948081620302182,4.869944675341046,2.891792310306222,2.641885405732878,2.9325990646667512,7.281000775954991,9.845502515273635,5.884928153837911,6.465658497142967,4.158497491688313,6.36906018756814,4.103008322343299,4.870798217976721,5.267701523015501,6.173567868495413,6.105283904677292,11.485698108309332,13.805766420559081
5.50463198476217,6.290880551413825,3.891610310073627,3.406875276236824,5.04251750256443,6.4146671384031935,-2.1602645869587795,0.8517100874729395,5.8267160845936345,-1.312611934818893,1.8545332094495313,-1.55758108821168,1.8833172487397152,2.2723327184821436,2.4835636655871363,5.375489759701376,5.915429991154197,4.239561375509779,2.006015505197861,2.9196860810598007,7.405159911834168,9.74753020750487,4.830080836367557,6.328855442720936,4.123981890628103,5.496160191237081,3.4203684714506304,3.9089901483916325,4.191365807543185,5.52379737636864,6.942878309241045,10.942802538863837,13.984662867570544,13.951923902866435
