script/wind10m.json
{"header": {"parameterCategory": 2, "parameterNumber": 3, "lo1": 3.000054539987559, "la1": 64.9999836372058, "dx": 0.5, "dy": 0.25, "nx": 34, "ny": 52, "refTime": "2025-09-22T16:00:00.000Z"}, "data":
[rows 0 to 23 of 52, columns 0 to 33 of 34]
-6.649262280241581,-6.566903008673324,-6.216109673346616,-4.850977751435546,-4.716676166869037,-4.837665996967732,-7.865701557776905,-7.87642167970032,-8.013844307061802,-8.161780035508384,-8.208485405298237,-8.458108156785578,-8.606862831388375,-9.498897504658682,-8.875865159076989,-9.185883478814715,-8.658185744771977,-10.277407927987467,-4.165652942710773,-4.846129304132435,-5.810745899134517,-5.441136526284461,-2.566870606922274,-6.987627071679084,-4.539373324865811,-1.8368606871629611,-3.211053017113805,-3.2406766726775444,-2.4497988311851997,-3.2809862118914466,-2.746328800588384,-2.865317215998236,-2.2226390792959325,-1.602124552805282
-8.03982141015779,-7.372896217480002,-7.7671890385655065,-7.461400672361443,-7.289115894133232,-6.659400896902913,-6.075571144330053,-7.14265418977338,-7.64173444318415,-7.864244829792052,-8.014345510656604,-8.265635852196256,-8.216963066568502,-8.57548690890655,-11.00134832791175,-8.56411610662926,-7.833598906348177,-3.2436607086294162,-0.5859255497421019,-5.510616160451437,-2.421485863188896,-2.866610979259483,-3.67236850234109,-4.947044394728353,-2.6817360754496535,-3.177081102198017,-2.659205118929537,-4.074866555717187,-3.0622325676213236,-3.883437981921121,-3.6836470540473947,-2.6169735104159644,-2.3980109512045655,-1.4981525487994463
-8.893827611729856,-10.51823067218938,-9.976794975047902,-6.720569128405967,-6.777558144091071,-4.685819834337113,-9.23360274732884,-8.823936072639018,-5.739538662027659,-7.681975020442275,-7.918178847277109,-7.991874618641546,-7.919270468408939,-7.968158999236546,-7.800257349742119,-8.056647202749792,-2.701955121456933,-2.085672034299113,-1.511972990851828,-1.6156592575583604,-2.8740024874618935,-3.5748695245362847,-2.139536592936818,-5.358212298297862,-3.1040435990446746,-2.988173532065067,-2.987316910182853,-3.497035494195938,-3.1467285417848316,-3.7648812121097732,-3.86925532507958,-3.3966605463203123,-2.844366706010466,-2.0079223128816173
-6.577545696533137,-6.490314610895468,-7.037898188915018,-6.869732495391012,-6.605136797110177,-6.321877199670286,-7.477969042692631,-3.0341202160746024,-2.5132468386164266,-3.5137841482898167,-6.503532111178067,-6.959354454980056,-7.163968498900233,-7.456611793211554,-7.218440047971102,-4.621287803584503,-3.1185255319153757,-2.3050866711492417,-5.093029831082237,-1.019949016578896,-5.07495563659887,-4.707844364509269,-6.12033316976659,-3.2825354362008037,-2.8280997376188974,-2.9034550140396,-2.6706808413128056,-3.171947456706839,-3.1833260460752584,-3.4192980065046656,-2.970429743845519,-2.9676327711147663,-3.0601211401744455,-2.271549888831459
-6.119223395904489,-5.794373667127237,-6.253185300225122,-7.219283992065474,-7.584511810193643,-6.707642972240487,-5.785585482705848,-4.9375712701459955,-4.886636962884052,-5.487706468098337,0.594204188834358,1.7162821880018764,-7.143921634786844,-7.386726941598155,-4.544437699270903,-2.904781763684656,-4.262407053344582,-2.074235156450556,-3.1607827459145876,-4.369407083024102,-5.67075508432929,-7.286574061816612,-3.0417784900611737,-4.003145372053704,-3.1930138011643567,-3.1346868594488266,-3.142238032285338,-2.7257009107882344,-3.1414545690319846,-3.1084526605570493,-3.5304623656359664,-3.0132457958180305,-2.6524756693112286,-2.11844297429874
-6.215651824720182,-6.022025984621162,-6.035365594528,-5.88917715228685,-5.498057029333468,-6.05685805597521,-3.619973441633922,-4.727777860349958,-8.716156378090572,-4.724917323334772,-5.633745245930849,-1.6555499154106776,-5.372187952218002,-5.769829594369994,-2.9173080598595047,-2.4924029690409517,-2.2516748416434273,-2.0442464414875863,-3.766165494393168,-4.579721640042162,-2.6045746461401564,-3.6984301742585597,-3.4604990880383166,-3.2239085389882476,-2.692144943260147,-3.0891659476549678,-2.7330072780632184,-2.768861793931512,-2.7343101886043764,-3.2117201601996044,-2.531128543589021,-2.5039463323719473,-2.2124825843149014,-1.6009227266065866
-6.830987580793579,-6.439672595659796,-6.795901676854212,-3.5717322046134607,-1.1293475880092811,1.3081534193432125,-3.3598559513160193,-3.9148504522877947,2.7318922634860723,-6.511785178761467,-7.661619526551295,-1.3760879808048956,-2.1716236966745397,-1.677356905319893,-2.1005917627474475,-0.9618222023724057,0.20904790710758428,0.3159267444171343,-3.0931104405725995,-3.8638683852674345,-2.5268907077876133,-2.53475760707614,-2.9943553407670107,-2.2339192113526396,-3.011778086290221,-2.9422499860409608,-2.9395478337082848,-3.201760360152766,-2.7001654443497998,-2.941028596070332,-3.1221099924738844,-1.8165267588114709,-2.7586458127325133,-4.763525094888796
-6.111237321064617,-6.698812422751875,-7.337933040812064,-7.218212167303782,-4.4543361394067436,-7.430437344107567,-5.429411659483472,-4.2604839800814105,-3.5433247523321056,-4.342611064016423,1.9502173535352196,2.310917860430513,-0.2540674785368364,-1.0577538714558516,0.4118125117787446,1.5199005611377219,-0.05469400055310648,-1.8018400891209791,-3.590656015378924,-1.43503178261869,-3.758909614160577,-2.153080398332973,-2.4672847115601435,-3.9594092770164835,-2.355510265855074,-2.369455881128295,-2.672109545498601,-2.5842982090797815,-2.3702999747727698,-2.3641151106046143,-2.755558759194243,-2.493502296960033,-2.0445818174532717,-6.453964329472877
-6.125009223155645,-6.253562744954589,-6.60901859389933,-6.785365354841681,-6.015870740643623,-8.075969091555347,-7.124505624605829,-5.440727626114931,-4.3377946015099855,1.5112102404688592,2.08142484144703,1.2220664737300337,0.9734271224902394,-0.6942801875434689,1.6693492577716398,-0.19368403737504705,-1.302309664370731,-3.2282193396899457,-1.7367447612029845,-5.618349333589864,-7.804056494622251,-5.818997492184341,-3.7823488070031988,-3.0456929282844003,-2.4744908707629523,-2.902750323192253,-2.0409024585933313,-2.509523917950057,-2.0078098258889834,-1.6976999622475129,-1.3479112336745878,-1.9425166704032015,-6.295527730042952,-6.922806625034326
-6.206760108598805,-6.2696809179806525,-6.185888455233038,-6.189893568117024,-6.779609156686193,-5.542389093403557,0.964907390976443,-0.4247482546158385,1.0617244913667756,0.30059189777247525,-0.05237440277282217,1.8788286070062663,-0.8940550629198424,-2.4315567228246824,-1.1686637146758945,-2.8927353920434484,-1.50524532200798,-4.400471785950993,-3.6359219307750066,-2.9233154679795823,-4.701915167361874,-3.7658471686730404,-2.3536118595437485,-2.8094218735497116,-3.1983748051729686,-3.0648986308393047,-2.7234821138939864,-2.6458831161614427,-2.4064487992832393,-1.811352407532016,-2.3090355018794146,-5.0280764075404125,-6.15038679655253,-6.439874486589881
-6.479630059152375,-6.496625629375998,-6.486997993741314,-6.4178072108708175,-6.254694640214362,-5.863688312066379,-1.566949640283283,-4.2519318074405525,1.5383823661974907,2.0479030042821966,-1.1659686987360438,-1.8225236525759234,-0.17024193372867255,-3.115722845255436,-3.877213279037015,-4.718491893308875,-3.1455224299767948,-2.226261863835722,-4.545059620168443,-2.7718139534876864,-3.4400401034876396,-2.6321901727539414,-4.295213961367827,-2.5247218233247875,-3.107461127448326,-1.918600870482409,-1.5858478582426234,-2.597622538249537,-2.311213987193719,-2.6555130621097227,-4.27689391717939,-5.934191581501067,-6.079919520773164,-6.310552333851015
-5.965566579415821,-6.0830405047349165,-6.3061540999397945,-6.524149323294983,-5.9913832244859275,-2.429704768744491,-0.8944369647824703,-0.9942268104064617,3.2302725824608958,-0.08963421364454491,-0.188957384274782,-1.0743520081969655,-3.2491433514978745,-3.207131478100151,-4.672464795875702,-2.9758898618904426,-4.399523390213713,-5.484299128053954,-4.7445812820634,-4.544176355919545,-2.6696951667888875,-2.8324482520013894,-2.367864611770001,-2.517666338033222,-2.35534366175111,-2.2742105153682886,-2.729573471800996,-2.69397364172452,-2.124719487638704,-1.9955473995237065,-5.656769379394055,-5.9152137297069025,-7.411898051838881,-6.748987709159824
-2.988699053071575,-6.551733640166379,-6.2210650739641435,-6.186856762662243,-3.9268931117720993,-0.22535211671971597,-0.8105134078833715,0.22408906184060212,-1.6899830858505829,-0.40323153269513556,-2.8300880226852105,-4.183400136908902,-5.9283865003590215,-1.0055591831375885,-4.269647740351125,-4.4011669983856265,-3.88271555061164,-4.424529081138801,-3.4972322525919837,-3.3379050408952966,-3.366602224690114,-2.519518182968547,-3.209970469009705,-2.4139310556748903,-2.5955695223589115,-2.4868878965928607,-2.642288705019075,-2.4438664318781043,-2.3236910071480463,-4.978091326727496,-6.019148266513936,-6.0869111311905,-7.217499216483244,-6.740743292822987
-5.787187632761078,-5.616066062284149,-6.608571580860394,-5.0437884705334275,-2.4804245485050482,-4.877200636914136,-2.3999939464940954,0.12397119873871044,-0.16813790188655656,-3.461871165116415,-4.247668720666741,-1.065445335235715,-3.249388757099141,-1.26321174742093,-2.760816799227279,-2.976239852678934,-4.075051480685182,-2.7719992870691272,-3.9327179982610665,-2.0378651819312514,-2.8616612242410335,-4.184911662579421,-2.7727910402701768,-2.6851300111684,-2.996318780036347,-2.117599119370159,-2.011923385850012,-1.5141720018406937,-2.095180522314023,-5.151103033592343,-6.555119759571785,-6.634011159689587,-6.435556891708789,-7.911627258620491
-8.178933598711977,-6.312094860986566,-6.645107298432129,-3.70429276060637,3.7146448433127786,0.8299811466757275,0.6246418669222193,-2.5531054881656434,-3.0965681213308645,0.7721735318770356,-1.7275036535896262,-6.831305811486379,-4.274751479830615,-1.55192446212696,-2.7588366629797108,-2.1695291130924304,-2.9433310277235214,-3.314632612453243,-2.847675841944326,-2.971733228993459,-2.724259850967457,-2.841679778319413,-2.5378728960620474,-2.6946869262232127,-2.1982367590260807,-1.687473087747887,-1.133618363296063,-1.4555740693442478,-0.9916440357500369,-3.5322327243206,-4.448672431275379,-6.151495004891942,-4.148492659321381,-2.7460748623876374
-4.353197824163649,-7.160207058005648,-6.328398723789881,-3.3858213917979683,1.2305374753225964,0.059981193852476966,-0.8610490124581549,0.7261676400120254,-0.4274822158392588,0.39698248247974066,-0.16674329936904825,-3.283597545259903,-2.2930131335219626,-4.320932690087025,-1.863236265583956,-1.832530586716216,-4.085664200854133,-1.8197784477984766,-2.2154316413220205,-1.7159747695883,-2.2513525312511233,-2.5444998724528447,-1.4774649110800901,-1.6701527742347104,-1.1906772223148294,-1.4580853266200238,-1.1518627057122957,-1.1719143474687075,-1.4072671248357473,-4.683617829798187,-4.746201704921316,-3.958833806062794,-3.7959261058598788,-3.9494597158254447
-4.935552848755897,-5.624538690702965,-5.886890289213787,-0.9511566955407249,1.8292363522536579,-0.9884579971686035,-2.648659026784623,-1.0438397261494092,-0.556525107072163,-1.5730005002379097,-3.259283606120014,-8.68425002642911,-1.4059005481277502,-1.5920850911581395,-1.3896041048103918,-1.6236299694460938,-1.7104454604325012,-0.9307513134322212,-1.1074864624276224,-0.19310231504259637,-0.6995214092666807,-1.8808878331963774,-1.3214103065333185,-1.058467978440429,-1.0575253215912994,-1.077979922856711,-1.2889140222388866,-1.4465505098661011,-1.8011456272454334,-4.105424396149226,-3.531435536677219,-3.2460927282459173,-3.578544494353532,-3.329456608828875
-7.789856092745514,-5.165852066348262,-4.857440404421202,-3.1388992952148134,0.46040624679816516,-0.3636670134817738,-1.4414709985370018,-0.9363297048808583,-2.623793965166888,-4.707052409022446,-3.5602775608682533,-8.62828243367861,-1.5535503208417776,-2.762489649604563,-1.9338175785236402,-0.42026542213942275,-0.7566899515364705,0.017023845084885816,-0.6602245960208637,-0.1155194067710655,-1.2300771303093236,-1.1464555050428535,-1.016614290523634,-1.5721179130735663,-1.0996573532967682,-1.3222287616460688,-0.9903844695862598,-1.0391510462979636,-0.8533141955192234,-1.427238028440439,-2.305990980632047,-3.7993492876266095,-2.0468153644910525,-1.3717844309109617
-7.4007963915807125,-7.35915669190193,-7.649691491951307,-3.1789281717493507,-0.4397880864627909,0.6655861005547955,-2.8670266896725183,-0.9435964226075607,-0.9459608340017148,-2.723060165990224,-0.4922111034664189,-1.9832174677123051,-1.7073623899372554,-1.6073406716557392,-2.6510253197385536,-0.7420279247777126,-1.225799672635552,-1.062489788016835,-0.832239283575809,-0.4403012482724598,-1.406375619841386,-1.394869077675152,-1.399241440670915,-0.918226958568422,-0.893846682455371,-1.1805652441772614,-0.9563257492067848,-0.7602757525171584,-0.42195106324660403,-0.09697427189415704,0.2394650214192666,0.5368775065212498,0.18504087872994665,-0.5559537422857753
-7.9434149916984795,-9.167443754186499,-8.62273398234465,-6.829534240995475,-1.7428555942422235,-0.44386377693045037,0.6681031239125276,-0.6338863083458814,-2.9657286556841367,-4.632977331711559,-3.0774879274107967,-3.5343123666819887,-1.3141599519403064,-3.0431539324572228,-0.87712528409033,-1.715592945725213,-1.2207030253065116,-0.9767235003096137,-1.0009610346074136,-0.9927753290094917,-0.9065349305135445,-0.7576145156702171,-0.9214024901334947,-1.000202211495424,-1.0793437913761748,-1.0739861256202983,-0.8615922623025651,-0.5131913671776106,-0.4946137700466697,0.0655177904850949,0.057069620807319865,0.17754798853274917,-0.5680625607627735,-0.39683603413985763
-8.866871103785353,-7.57342989348684,-6.221262680212056,-5.940118183684363,-4.59846090881397,-2.374724852497532,-2.353633143920116,-0.6049286381091864,-2.2439004764657478,-2.6205907684537904,-3.4398184216922463,-3.311060841773078,-1.5037901195184284,-1.7463011567621707,-2.2518983462598157,-1.2513704547388693,-1.2983415623884125,-1.2614401143123697,-1.309738370403734,-1.3734354245091287,-1.339511882023328,-1.1551144890008407,-1.145540004458341,-0.5283254547003422,-0.45183848499352436,-1.6917095965145779,-1.089711392557404,-0.4256285476999183,-0.28706294905230567,-0.14398846144950825,-0.008466242814099495,-0.05456816231790675,0.08062338955784545,-0.4779717865738663
-8.388578351045497,-6.6161448584048905,-6.259221116186389,-5.205794962605897,-6.2924879397119575,-1.2324283493520904,-0.667003801324261,-2.0620286831672496,-1.9919206877600444,-0.8586199492393738,-5.360573858519641,-4.574267736366147,-2.1830334800339597,-1.9437409718269594,0.3646840171283409,-3.226952409479152,-0.7354859795345973,-0.9384521928016755,-1.558179610659467,-1.390839280548153,-0.7872773497789722,-1.8151923624759267,-1.9751342872920779,-0.9111913470326236,-0.811828911624289,-0.3645316194836144,-0.2364476438444318,-0.28854524452621205,0.36295107727170584,0.8292929007760932,0.5570950360331512,0.6002195327675773,0.44206611985371935,0.44321141715986007
-6.983728959022877,-7.106919247871469,-8.541349284925241,-6.568242393056687,-6.515386063562479,-0.9867970129740091,-2.2221846040310873,-0.9121292249234351,-4.128591591269245,-3.6928514957184144,-2.2244422598110365,-2.179407083024615,-2.5889639848991086,-2.0575991585928777,-0.9848571443279561,-1.1180499266090007,0.055856009846789886,-1.5627094817584066,-2.820494709747286,-2.629214900531254,-2.130851457688385,-1.6195812489244605,-0.5362623183368534,-0.3776534361172648,-0.4437498386314854,-0.0580852793085495,0.14764497134811386,-0.15295681759744043,0.14086215482647596,-0.0016384915454164127,0.06534722466701327,0.4196610965218809,0.3374688375672395,0.12889971632739747
-7.309907008787988,-8.412655668748261,-7.5188344004744865,-7.5828208746737,-7.123827690928329,-3.794944496046353,-1.3106984280479936,-3.7399183096647612,-3.980373221965411,-1.7178436318902695,-2.1657144243066417,-2.2634718341976763,-1.3685807343429395,-1.0300119890572599,-0.47256563704491167,-0.3446978733289117,-0.22629273175154105,-0.24533802901952168,-1.6119093504662179,-1.2113828921595453,-0.40950340704299737,-1.502675898258443,-2.0655249983543778,-0.4155968471750017,-0.06794874506253562,0.0930430521942741,-0.34926828959403805,-0.053981973359334086,0.14043295032371617,0.3216141459394261,0.38298253728826287,0.07100695615827486,-0.40875365114566603,-0.26709325507780357
