script/wind10m.json
{"header": {"parameterCategory": 2, "parameterNumber": 2, "lo1": 3.000054539987559, "la1": 64.9999836372058, "dx": 0.5, "dy": 0.25, "nx": 34, "ny": 52, "refTime": "2026-02-04T22:00:00.000Z"}, "data":
[rows 0 to 23 of 52, columns 0 to 33 of 34]
-4.278005542079217,-4.141813154831503,-4.477166166216534,-3.875400969515941,-4.134839949671935,-4.260477358296577,-4.380600492345333,-4.029612586612094,-3.7775100619772166,-3.5627813448101473,-3.1816569729604463,-2.9925620015579617,-1.0574877897307375,-1.618062910861661,-3.234792118276311,-4.404958252433917,-2.7413567890928885,-3.503635399594795,-3.034676717373259,-3.9999312402226512,-1.7631033905284175,0.8702980590888028,0.28794723889310747,-0.3359380497685323,1.8520630881934803,-0.6882304479577607,-0.4772750575791471,0.5685409861002239,0.6785020585982385,-1.19350109091427,0.684820993304364,0.006188654956214631,0.7187972052193887,1.781245988303729
-4.186589114841314,-4.2652468295090475,-4.161503156070473,-3.955213965459013,-4.411566494432717,-4.539970649562322,-4.769678406224373,-4.449171331932079,-4.065577540190514,-4.44578264284527,-4.519902763525329,-3.439387637562597,-2.3214291589325904,-1.435875187776081,-1.9390865498704484,-2.6494320275339294,-5.1713493954980185,-2.6339594348426063,-6.577645015634823,-2.9763053076142345,-1.235074248538684,-0.10911420271971424,-0.710919970747209,1.1945080502952217,0.1420913440161508,0.6041096812831791,0.3153583362336371,0.304247865184714,-2.149321537854297,3.9382433460587105,0.8127883939692172,-0.037308866577502965,-0.11880087155838977,2.9004544382686475
-4.797053625333477,-4.713053117042334,-4.050877448701241,-3.726172356542312,-4.248595212089694,-3.36954616270106,-3.984133918597606,-4.533801143478957,-4.727081020551755,-4.617181715084704,-4.748795887504104,-4.127717705086257,-3.897976219569177,-2.422522403740184,-1.4458026568016513,-2.1521652505347895,-2.830874468495344,-3.4112744721290973,-3.5091331380741626,-3.8480267747032113,-4.203147289612978,1.3503722009872516,-0.746990816523615,0.7929003663085628,-0.7063601133706888,1.237092827560505,-1.0092047955319379,0.7442952992894247,0.2831111983898808,-0.06342759977331168,2.9429484941784483,0.3448744936737648,0.2928466043240252,-0.024163453465676655
-4.769324951589209,-4.385026677645527,-3.743413924965695,-3.475368224772852,-2.7202439799246925,-3.0652028054834934,-3.211419818684939,-3.3829944800261154,-3.1459686528513493,-2.8397839357618198,-2.1880129544326326,-4.123024696576822,-3.748393020578571,-3.565813230019694,-1.7656214165350286,-2.7671706992661136,-2.871120292619986,-3.034911295713769,-6.276496811239962,-2.054663410054247,-5.481876032351183,-4.232408153024452,-3.934237693188764,1.5769634582691574,-0.3741348912454482,-0.11409444644311907,0.5093846477262639,-0.2205233494234149,-1.0160212228201102,0.4852589390059167,-0.034547447036287905,3.197549494400116,2.7965734234429505,-0.3552064730308083
-4.504485089429689,-4.307349439340202,-3.8384657735538728,-3.770697643525019,-4.327731025440819,-4.395095708255011,-3.9120236307168574,-3.280687695167289,-3.539544658756132,-3.1163051807758966,-2.348623306352198,-2.1090498095645738,-3.4570083924937243,-5.125851245485917,-4.741725851279433,-5.1594650724607405,-1.8689750817195219,-2.508527550257926,-1.0322457133967222,-2.2331366525314116,-3.3032631173942884,3.8898009446791217,-1.1396758555104993,-1.0343301586161986,-0.4962089690737022,-0.7337294921647428,-1.3430323840652618,-0.8021231248091325,-0.8461582332733272,-0.22307233242516233,-0.3647479958910688,1.305105075966035,3.3239313055470725,1.029955811279861
-4.673177746687836,-4.3515934773163965,-3.8264200609532293,-3.3913061427378732,-3.6394869381046147,-3.5681339831581735,-3.9126895847716154,-4.112776682769339,-3.6905412355038423,-2.942211119761336,-2.918370257421206,-3.954828567021123,-3.9907788702073734,-7.517675923582992,-1.9452904769539932,-0.278803541302128,-1.199198641649853,-1.6776332476323492,-3.96365278087906,-1.781579102509068,1.0484899002917465,-3.5055109487777183,1.7149372286688236,0.4130930255569331,0.1528447689458086,0.07648516960438423,0.0696792216790936,-0.3039490862217385,0.6746138690023648,0.6463440894438605,1.0801900011081311,-0.5603223266698675,-0.1555296180337558,0.5043211809492153
-4.980932839070888,-4.631940833776783,-4.353573721690041,-3.7571518152997223,-3.6365827389598375,-3.383605231992587,-3.139655015901722,-3.449244998642593,-4.437681511282114,-2.5200409821799057,-3.0956879025477715,-1.1879615629240057,-2.9839776735659207,-2.658997063214196,-3.190551799871726,-3.2077324590145757,-0.9971005548914357,-3.7960654791174573,-2.7382301619493172,-2.318578219877769,1.9146325619690694,0.42215737787318025,-1.5642595975968465,-2.3149109227995304,0.12876256939494296,-0.6675028628838033,2.119313130085478,-1.1443326018680657,0.01861604037992546,-1.150982033610028,2.777969458899327,0.3640419286274312,1.6602193597627724,0.4016081258129756
-4.580214712264579,-4.344390454301907,-4.357486368553294,-4.158067916295281,-3.89657297394318,-3.929450008109404,-3.604682864683604,-3.7760666328528165,-3.8797346640698556,-4.897219205018243,-2.4865474278553465,-0.9879433780393865,1.2992355691248785,0.08641901997388701,-0.09752811023064867,-0.6043905901646,-1.2498683015401204,-0.07170810514030672,2.2803043949362833,-1.4615837334265425,-0.4516830711020067,-0.003785063418032328,0.07319398415294624,-0.5691677093075013,-1.061275927518297,-0.8384570988407071,0.21010486790502073,2.518284211274383,1.1786957344170588,0.6860161909436101,2.517257496686908,-0.9851596569666277,2.3503098191913723,3.668875249151176
-4.321636065498067,-4.234170026220339,-3.52326073248036,-3.62187796642696,-3.0046150350762613,-2.7763709596581103,-3.254698060737803,-3.374738164773054,-0.9157264836844901,-0.04672459375614519,-1.187849152373504,-1.097632557709001,-2.186677359608624,-4.744415786292193,-1.94655534108858,-3.0185120695456606,-5.7041041218576085,0.7100711110376061,-2.8976848159888835,-4.472721130409839,3.937141917432233,2.7501325114402912,1.6870059974986187,-2.1526854921109813,0.0888261990068366,-1.3096901319202747,0.6801343367231454,0.43474042834039667,-0.4017183315555447,0.8304116542507138,-0.9425663913996487,1.3970963639557614,3.563243137280138,4.567432992399278
-4.964502685590943,-4.0901856448896154,-4.096415837450069,-3.9821919037611377,-4.15306735724357,-3.9904012124079498,-3.5836644277616223,-1.8017739771908605,-2.8074639890240563,-1.1370276593222206,-0.0010139135731401295,0.19723682373620446,-2.783564607552817,2.0224752719609307,-4.752095687612117,-1.558468597718767,2.6640793148037485,-5.405284577798836,-4.383911599776575,-0.7202094607223009,2.2629076695673334,-0.1689104721722509,2.399665756828652,1.7208850618523295,-0.9441649396586335,0.16169211300661301,0.8114831754470512,2.269157222344281,0.06908190130192687,1.0079612193568006,0.9502358672281289,3.3364939696134304,4.703933373586088,4.638193004964991
-4.089758501216253,-4.170464631734728,-3.5824624576927406,-3.039058074014293,-2.7678481612356176,-2.3052692301456226,-1.9554837835368621,-1.2708763664392737,-0.5046966245839553,1.5569623247505167,0.852756955203556,-3.5247044882218557,0.0025482899081605247,10.303945783701309,2.4028350168433317,-4.425256239159065,1.118842571809792,-0.9782213080265005,-3.0124630702194315,-0.08337663669935069,1.1676749626062395,-0.14314510149152482,3.847571600640415,-1.3909533958185587,-0.8247694997465017,0.9835072482560003,0.7912974687865199,0.5605072320291783,0.7660921911585087,-0.65160424108181,3.635024957543877,4.153094543720745,4.165155378203226,3.874080729337059
-4.937995207119906,-3.735155139650689,-2.9710247910208,-2.9980837813764585,-2.9502081814050176,0.0587408958231526,-1.2968318783313746,-3.047533941599042,0.8297129285138498,-8.305831413818728,-3.674579000367832,-2.7760444645539413,-3.0771618359858497,3.829230373789929,0.6870106650481426,-1.0989833884475557,-2.9904619452311745,-1.0223019144289793,-1.3694608685185674,-2.1460613251070684,1.1739643299970803,0.6839797388123233,0.2541350383534363,1.7505578885140265,0.6550395111347368,-0.48054395064090794,-0.3517143130540853,1.8882015144716842,1.746387836988708,1.851044340762706,3.740580675287934,4.315247730154437,3.967760973778274,3.4649189413746377
-5.4752495489491855,-5.9553539571506,-3.2287935652547435,-1.7387679768724338,-1.641149988684535,0.4141821552919011,1.9085541140490903,-1.0225286268954628,-4.663389592185823,-5.487989791771867,-5.071597919805314,-7.6606287312071135,-1.2951776022203945,-0.7897542397403017,1.2163923935023278,0.6095503119450968,-1.025997372519076,-0.45368107679642095,-1.806710939304709,-0.0968526269949466,-0.1602059820454197,1.12470640516739,2.1586028171678038,-0.19463648065569925,0.40880507353676765,-0.6045302428892475,-0.45963884088563817,-0.5492837528571707,1.493420733704707,3.6505320169372983,4.565871498377073,4.567826549162588,3.22234823119888,2.3435919869772195
-4.421365499196396,-4.697384985430484,-4.677761231815809,-5.187633166469352,0.7020534815724846,-2.0993243449784726,-1.8994797077521035,-1.2147318894685866,-8.521933014594872,-3.228077440008162,-3.6679466113190062,1.427453480531982,-2.1946855561711303,-1.1613521690348425,-1.8167805339420775,-0.5731578687885934,-0.5233299973643231,-1.184458540218167,-2.3322283485897564,0.008860769255584629,-0.37584816715946917,0.36911354817189124,2.0327650853863886,1.2504727880982116,-0.3892329110828102,0.9553017507971168,1.4693085193529818,1.2794846876217765,1.8902012258462417,2.6479797187700638,2.3692675323831076,1.8501744946521694,1.7486636495250634,0.9965597134243032
-3.4521219749138368,-3.8315830833691065,-3.8402152657310493,-4.272915596144674,-4.502622908941829,-4.2972337960228755,-0.39819252598328947,-7.121333169777985,-4.112421301965867,-1.6098924892578113,-1.6536048482633778,-1.0823039157168954,0.48550406899105913,0.041253632805420895,-1.5217406348694422,0.10496260736181483,1.004201606597782,-1.0363368776415973,-0.00479942402039605,-1.085284306240609,0.7616142877108323,-1.3461671321224802,-0.4352576884403446,1.4930753657011806,-0.8655819693605465,-0.7010660707334618,-0.19954655712178565,0.052891827626098356,-0.4187467382209684,1.1754821626033192,-0.505215901418587,-0.563071406039804,-0.8261658112996426,-1.3552806222564233
-2.9067759284292354,-2.424638225436098,-2.366697975771017,-4.3025779768706665,-1.8534280508320076,-3.2833581986490534,-6.999393850868618,2.872485470705482,-0.42800652628445485,-4.092375621301955,-4.925740574369329,-3.372604425498711,-1.9205771568019128,0.2341993343676218,0.3707025974010163,-1.9604352421102325,1.5698305052073265,-2.2686063438903323,-1.1784109280236885,1.0074113542192469,0.34295264115646457,-0.31856130467605165,0.5176580346862538,0.885071864332888,-0.38941954086980474,0.3824382299777613,0.6062577596844375,1.127833851925798,0.7803275834721936,-2.7327367962113183,-2.907981040995706,-2.750103073087651,-3.2769307505441128,-3.0151566158643166
-3.234115852795539,-3.851453098185288,-2.8935397434778376,-2.3916706788268427,-0.38389986346037075,-4.574839944448217,-6.777219117751112,-3.549481794188798,1.9780904344275176,-5.217778813726534,-4.826907610490881,0.08897955498379082,0.7421903219334492,0.9096150815547338,0.6504532142643596,-0.6674576703118434,-1.1762340768939075,0.25177578905881665,0.7333020920831482,-0.10379745160069552,0.3220545600000676,0.4146734385540017,-0.9871386663453126,1.184077175610651,-0.36324481793612534,-0.770500963599584,-0.25357955973893553,0.03487444936787482,0.3918302266331255,-4.730566095738795,-5.19597368159471,-3.768297884002406,-4.0154841642295125,-4.762778255915658
-3.634215328744318,-2.011664954496568,-2.1598582818315832,-4.332968721018998,-1.1697890004880418,-0.7755447773086672,-4.9627957475115965,-0.12318935956058716,-8.067656604260096,-1.157928526656086,0.8351581488489582,-0.2531436952685768,0.06886338459868858,-0.8363026649011636,-0.9246782364319504,-1.4666958830299397,-3.4357269744156613,-0.5800342540487609,-1.381375743027492,-1.5733485812641195,-2.2430730320728487,0.4607717283910966,0.4122342154389006,-0.2502154468329247,0.5908988134490588,-0.3121284599373269,-0.6808595373175776,-0.5384343104483038,-0.2536437755821189,-0.47497104662115036,-4.402022536580599,-4.4454589055612095,-5.014220127230143,-5.940830989954044
-5.138230950969961,-2.791482410652822,-2.1219360141694077,-2.99872740560138,-2.6559288360305353,0.19052744396495946,-3.0084231664387087,-2.408266180635526,-10.074316727990182,-2.4237445606694408,-3.3296541125927344,-0.7085216646019684,-1.4352250420613175,-0.2199543323626425,0.3947352633736252,-1.5846692627966241,0.19080955541148653,-1.213603215865632,0.7935099173315068,-1.2512137080608108,0.1763135782198262,-1.6742510134640163,-1.2631461514863396,-1.4970915814748886,-0.8254533001637381,-0.06558767088355298,-0.821945554392363,-0.7543147588104979,0.043159490434548003,0.01515704270160985,-3.585312524195448,-5.541402948172863,-6.43531734511563,-6.689913635735432
-7.8966635905152565,-5.444052060112104,-3.2649945205661606,-2.254132865360009,-0.8924941631154746,-1.2011317176761012,1.2262892206108171,-3.3761617504266983,-10.822736306612356,-3.9695811378460295,-2.0691614954348876,-3.957183236963906,-1.6166926808700366,-1.209069926176182,-1.2079469629494903,-1.1508849904007314,-2.037727969167764,-1.3097106809826788,0.16713668622605066,-0.8801750060586766,-0.04272225435861244,-1.3884375785185807,-1.280925750523477,0.10338287611361467,-1.4232536677229628,-0.20782442061504636,-0.5841044951803868,-0.5508363574859585,-0.3536941384849157,-1.201025660607918,-1.8753195570228545,-2.1886308760740034,-5.886603494132431,-2.0757406384778148
-8.865255589955332,-8.227682143394176,-5.994657458638152,-3.9249593850003053,-1.6990371921773149,-1.9879147472296816,-1.3810889794826475,2.057632699502069,-3.225916077372946,-0.8272008551560506,-5.485063952383626,-2.3403082596258717,-2.3786395389158823,-0.1554958001158872,-1.3118864284253227,-1.5618585032228498,-2.0860161172858533,-0.7786651948529021,-1.966893754266118,-1.7179013945332413,-1.3083026335121186,-0.3120285084656974,-1.8038228643538987,-1.022666430652289,-0.7329689961701901,-2.003406242620709,-1.4890236324400603,-1.1863226839685201,-0.9070242652875895,-1.6998504553178413,-2.584210851432699,-1.5220105357211813,-5.335302083876529,-6.093168845765181
-11.19202438332068,-8.83308475715052,-8.854845222548496,-8.057227278478653,-1.6716976345755592,-5.807329222757454,-7.236018813087751,-5.820984045246615,-8.772044909712795,-0.36900643787986603,1.7906305834207537,-1.2381323570860634,0.5185701506692512,-0.11636759532084642,-0.6660078396196588,-2.636910423813291,-1.7704262888211684,-1.7608403391983356,-1.7963630771047936,-2.0289941300471486,-2.084315799971706,-1.4172260740323548,-1.5545883733629449,-2.101177802825566,-2.2457625075552903,-1.9362918334001284,-1.9281584912725516,-1.7014496401186883,-1.9524887049494002,-2.967417060650539,-1.7318649698205832,-1.4470897384859924,-1.9602748957291127,-6.580922663142541
-12.731477458028916,-11.546127046908003,-9.173716337169223,-9.100029322596285,-7.06719464364508,-3.464847334201119,-8.675123301515942,-7.7764651253110895,-6.639433458868395,-16.000783384227987,0.13160720481403618,-2.764002070793753,0.6435000808992581,-2.2623114856930315,-1.735493640397371,-3.3766106185469287,-2.1744595254457657,-2.0056283466819664,-2.6714938742593093,-3.3054445067767,-2.627582698146378,-2.087459785259627,-2.617071183879189,-2.9539359138092625,-3.0336325234707777,-2.3390431854886904,-2.6623540343810914,-3.4460951117521335,-2.8791398270184154,-1.9919268710429825,-1.7242080179753365,-2.755606674147867,-6.183397585903315,-7.319049906212236
-14.766873393697878,-13.480901829174156,-11.19435752104357,-9.808558133765494,-7.7696957631115495,-6.445982804103069,-1.0995783692657468,-18.708995196913317,-11.725667960228689,-1.7099798837201812,-0.4403296416362413,0.58361411773195,-0.6506136430487097,-0.7719721695509275,-2.2839668268293796,-4.406402335301305,-3.232035731843854,-3.3401025434633627,-2.8713929495821517,-3.425567118020331,-3.0569710721891874,-4.367651689625035,-3.612128386711682,-2.6961768753824846,-4.861807116844953,-2.886096976777786,-4.2782175372827655,-2.43299377746098,-1.9708734630079427,-2.2077196795952023,-2.7830245477718605,-1.9230478532758162,-7.589459321892782,-7.405840952048682
