script/wind250m.json
{"header": {"parameterCategory": 2, "parameterNumber": 3, "lo1": 3.000054539987559, "la1": 64.9999836372058, "dx": 0.5, "dy": 0.25, "nx": 34, "ny": 52, "refTime": "2026-02-11T01:00:00.000Z"}, "data":
[rows 25 to 49 of 52, columns 0 to 33 of 34]
1.4453351083239085,1.3926810320398095,1.6040236980770164,0.8303115663402292,0.6974075097300948,3.8783637021432282,3.480753082821336,0.5768602218570524,-2.620865591489718,-5.592335240535784,-3.32565746737319,-5.423601275239591,-5.429379396062471,-5.041103522498994,-4.757234093051348,-4.086578350840055,-1.0594030430280592,-1.2343043808304963,-1.2683422654022298,-1.8683231728951788,-1.23514945982461,-0.3686667682672986,-0.4846892597723401,1.1383707694059868,1.5892210047271085,2.028794406913428,2.2669726313600966,1.5988849321641483,0.8856543488782916,0.9501524319551314,0.21174277509194495,0.05307156694960383,0.16594915648009426,0.195624295369378
1.257257309082255,1.1629366711366993,1.2589916972588469,1.4758254628229444,2.9766371004392886,1.991614218253624,0.5279130934048982,-0.8441923218365345,-3.5245923400914285,-4.6954860513680865,-5.71209931575287,-5.9709195684101815,-5.943453949980841,-5.6529059956485455,-4.363884110959629,-2.9504878072996115,0.19066919566852966,0.12942399264951587,-0.7453618941335085,-2.568857093869675,0.23026791880236575,0.5101183597912932,2.3564821235248785,2.200844531925509,2.4933079356715337,3.14339844642308,1.902159553379375,1.4318897686017673,0.6363526927628799,0.2638181247331173,-0.163042090670498,-0.0744922558010545,-0.2250132196953948,0.900582060669936
1.131016417613696,1.1700172778022047,1.4165086055627227,1.8500463432635503,1.0598822208365315,0.591098739030155,-1.1734997567076106,-3.3092348605041297,-2.994744249775971,-5.862116306076813,-6.843677824172455,-7.689170042940366,-6.145271688481604,-4.070402716802703,-3.3486921284301516,-2.6010254380140543,0.1384195290775137,-0.12300727976639687,-0.05197062755766547,0.6209866378246737,1.7140367133087244,2.2989159150460696,1.9339372210768804,0.9451948675226581,3.0363777477589204,3.4499797997193857,3.892269866009365,3.6662095881234222,2.136398201780364,1.0368882965490533,1.039094087386224,1.104249064906149,0.5608084895951967,1.116414773900748
0.37770910383718614,0.8242139623701288,1.0114544860579882,1.1137194824504533,0.8094813645862352,0.03509362797965831,-2.129121601581257,-1.5640937443939076,-4.893103057939242,-7.61349379503043,-7.712575105110275,-6.821815038181728,-5.001762918086198,-3.6656865307937108,-3.2921251974312624,-2.3289874759892033,-0.7826498335977574,0.3860611135292239,0.7290714039008321,1.4260545150060784,2.1505051429374937,2.096842970103122,2.159367465178263,2.381768763019209,2.4489401575348517,3.9459910938697726,3.9055122364339696,3.4094297436989245,1.7009227090363843,1.7026868268560906,0.7479809938626619,0.7009354483681776,0.872600740526979,1.4127252839067932
0.6601229726967597,0.17424883897383758,0.010115747668681651,-0.2622788817380927,-0.2123094657733884,-1.088150487285271,-2.378899177065776,-4.044940915227785,-5.878025135146733,-8.087476201929583,-7.730718750597612,-5.907941311101612,-4.455206942453147,-2.817437330861222,-2.091818838509807,-1.539882607572372,-0.002768901878703248,0.31904289416461157,0.6358391359601187,1.4215521985031154,1.7649968431042264,1.9206109115198802,3.590502970082643,4.793576100161674,3.465840156232143,4.02195857657522,3.2043204605456923,1.480046129687041,0.8281911648538556,0.8041779117877733,1.08108563665475,2.225288301251123,0.6051398296295677,0.9993828637526053
0.4128028010256882,0.2574542072095366,-0.03578064358590451,0.06503415869543719,-0.9693976459929393,-1.6948159582448181,-2.8462534597333913,-4.869328635825504,-5.758315973115238,-5.8891907681593345,-0.7488815028644714,-0.8000971484101811,-0.8079374660404204,-1.095389553874651,-1.3644575223399842,-1.3717048667149072,-0.5165963404150162,0.42455675029410145,1.0511618787804935,1.3992953700791897,1.6017207123486652,1.162642288411777,2.7321806129985,3.5423442306171276,4.431483617805558,2.9007374474363274,2.187283759084743,0.8201565572510753,1.2609592606767708,0.9812081035858327,2.3480846540433618,1.3060080810538053,2.0348613220305016,6.895960193232306
0.4797899302463886,0.28656572753533777,-0.52755568668397,-1.0505734375900806,-1.8483922856988997,1.0746545720340976,1.29698251386681,1.3293363557013016,0.9669681845501369,0.5580193444310998,0.11809025774496253,-0.0023254974749091816,-0.14928050824618427,-0.810070768647658,-0.6384723109480169,-0.9703795946617698,-1.0929971998792252,0.6838192983978354,0.7755772667891212,0.5145266787331771,1.0703744846908758,1.2423368661285397,1.197160077433384,1.4241376972474815,3.5423685263965954,2.9072181263548553,1.618960229315828,0.003896939214599963,0.9449573171859588,0.8104934077482667,6.031000949686603,5.084622805591601,6.083503827382011,6.136128845351094
0.7840828172530511,1.0758001237910624,1.5750341252433808,1.100363439406628,1.3149220972883553,1.6292305818726212,1.7779293534448424,1.0292119579420027,0.4706930051809452,-0.2606471285185813,-0.4464953453354991,-0.15409156604974486,-0.9885658823386824,-1.3081907126788066,-0.5365441151394507,-1.1040226955437145,0.16457194461371794,0.6911038469821503,0.6614070620396856,-0.5198807183292544,0.09085814408945281,0.6905390586857,1.2548275415624444,1.7137412633969136,2.4416891074122744,2.29922119830025,0.6290436407046448,-0.0015038033210978533,3.6860617757769054,5.738080175214846,6.335807959234163,6.345302176961997,6.531086878826852,6.1901127707117
1.4259247476284072,1.5511981377259483,1.1334004127661623,0.8831114568562259,0.45700157889784954,-0.2300832817137528,-0.22604084191414045,0.1023283499427538,0.30943018763129165,0.14108066747886114,-0.6680434809445459,-0.5105081288585582,-0.3415054479333204,-1.016929149306876,-0.6785519224184428,-0.9643321592428203,-0.3530217288672669,-0.07645092288054545,0.05779588418172957,-0.6654073679489554,-1.1532062374911558,-0.3454979350203798,0.10662698909709395,1.6053718419634102,1.5726539650250655,1.1722737589252052,1.5628949804626315,2.3759125309744866,3.482014254069175,4.938250982468243,6.238223863511812,6.187458736065145,6.5503283528755984,5.957878273637221
1.1646570915852954,1.1327511517346271,1.4870252970047104,0.9575642500616194,0.666230590121468,0.58328078936825,0.2557683034992545,-0.18924388885139687,-0.26128286903740533,-1.3837753808803441,-1.4900588991689256,-1.2506025144873694,-1.1519413127653773,-1.354966449519911,-1.233386583118033,0.1925900208816252,0.20333923872876955,0.2671967350240799,-0.2718185552446691,0.14919005313917263,1.692365433283599,1.1229146294469792,0.997962134620323,0.6402153960031988,1.1949176930154557,-0.20149604041945476,0.6179671554698419,1.6858523125662415,2.796444415403303,4.244334234071952,5.515512437385108,5.362653484558441,5.964962186266629,5.849693684259285
1.03317433129848,0.6232195680557696,1.1095711492150357,1.1780964259056084,0.6369106089865126,0.058593927845930725,-0.6853869780887581,-0.48462763364699024,-0.24357019352658854,-0.8901060401687084,-2.0079257800519312,-1.6677574528861654,-1.643042728175019,-1.1138503481508575,-0.12350531000788124,-0.8527184609114165,-0.626289889231982,-0.5009351195909816,0.306028650843031,0.11994575359047276,0.4297047215912691,1.7683898555328788,0.6043823258286857,0.21187127033125755,-0.11990031688398135,-0.8259821306892394,-0.5068183106215686,1.8777412016473694,3.906092145100143,5.415375042785451,4.389648659552469,4.519039977420392,4.728752004097542,5.250264473596337
0.1006089467703886,-0.22611436415010266,-0.21269383802809474,0.4685301363840454,0.03969213199195508,0.27089080921777037,0.009562423185224413,-0.5804912033754109,-1.0906499579673665,-1.6124274406647567,-1.5235321799674548,-1.551369020331156,-1.239765444800156,-1.7835409469772734,-1.0107158329229176,0.25852375608549033,0.35196625185751407,0.46109804826779516,1.9570637134039255,1.8831365423890087,1.1654747546870379,0.2972070959328951,0.15596787462281,-0.24042756541409852,-0.47190307746083715,-0.0007322768011015348,0.798676473193272,2.628036430025606,5.079046463048054,6.843616966604997,4.561157689915516,3.4058019463500258,3.7010006401436977,4.7374727427560535
-1.643446735122288,-1.8249490435556217,-1.0698563038688709,-0.08983644057294252,-0.10774665362983306,-0.2016046212167719,-0.24723643553306573,-0.1817015700832273,-0.6606160072219794,-0.8037170955935968,-0.7345924923015166,-0.9436967567243963,-0.3551706082705427,-0.2775388970469552,1.130638145745175,3.1064230112364375,3.543406381667322,2.112023660762058,1.812030140914488,1.6012824131881973,1.380836319021203,0.31222515170529086,-1.058031072042094,-0.08253708857465908,0.5113917073816153,1.1712859917646117,2.274549263457516,3.401688640860956,5.333156505042101,6.747928680608766,6.11485020238366,4.368214261076474,3.52632658967578,4.66616159813659
-0.2320292760605728,-0.24797890432472164,-0.47597705072394647,-0.34189503666975213,-0.3468752874869441,-0.41536477435155994,-0.4152373954971334,-0.598784324266294,-0.1656184642895325,-0.38133369517750787,-0.24985701464519772,-0.35739427233349363,-0.31920827781183153,-0.5517468762223686,1.2521541945783319,2.27378746349086,0.9826351097051644,0.6975567409283285,0.9201224845051388,2.572070466615687,3.301586593194746,1.0533677044781755,0.3989298738959427,1.3778331972640747,2.04511310057682,2.5960457033065243,3.6928593805536556,4.277320425667289,4.969924634128436,5.6616730646709765,6.051951304026054,5.412410117049284,4.077595782711924,3.7362495666238997
-1.0737331158353471,-0.4906173534944376,0.0010244586704321456,-0.1732454049632719,-0.011549347659403143,-0.08115687636557341,-0.06436205771417786,-0.11077748508786682,-0.03723988761617701,-0.10454742879753655,-0.3953966104018011,-0.7177485120232443,-0.9443283333159571,-0.9174124863974529,-0.24278993652967978,-0.34537923823626693,0.6133219149351493,0.3221399889955354,1.7469623346492387,2.6466310253934053,2.5253046602807134,2.4978789543571542,2.951545856829615,3.7717366217037736,3.115246367970291,2.9238071085328543,4.048599509433546,4.659852330228133,5.604259133600608,3.6153725005749715,5.595449843018363,5.055410914264647,4.66832918014578,3.253482955759484
-0.7009067396453438,-0.9068590621140518,-0.47585460595767304,0.3835284786747454,-0.004116652547716191,0.028307546678663715,0.23473915246966687,0.05680024122010882,-0.061894257134066835,1.7029468199090867,2.5810985320663336,0.02871848205902361,-1.186966304404347,-0.05838061471510964,1.6940670647037637,0.9626379072188299,2.9178655628995043,2.5090017474612307,2.882932322315702,3.8176648287266586,3.3184960300182222,3.754542939988939,3.9513202563016527,3.101714894517652,3.66303723665158,4.522769689959061,5.935701929893961,6.31835287804176,7.085225701310582,6.837303782141962,7.761105944956416,7.341685749085632,4.38558275450965,4.812667735052665
0.350498465842501,0.09497113831340818,-0.13315250901903317,0.14301391947314243,0.22381443883728455,0.31672498728481163,0.8967190125560235,1.4089289277654657,1.8198990899358423,4.266443408035209,3.8531514771255315,2.500120942901847,0.5858257881804548,1.5914087614070767,2.884244422975033,2.5663647819373967,3.1841158392451474,3.326412115199901,4.386521983736766,5.918477069506538,6.715643498139286,6.976672912947288,6.078706850018553,6.91860195030071,6.410841531162987,6.560414996606547,5.542253957434647,5.845457012895946,5.822858032417896,6.826071034313889,6.675706826576935,7.012942703209674,5.12347542056274,5.171004053419875
0.09495363314336364,-0.31978355508130724,0.3349783542069048,0.6564291750866121,0.7530520742495891,1.6496766239705296,2.1572427874818283,2.0932470214778904,3.751943935192831,5.5076474856652515,5.854798747761744,4.823062631573574,2.67571125328348,2.562509793748264,4.884766641066942,5.5952429028042,4.614678672991241,3.341084936749494,3.9694302790350995,5.699085529001419,7.614854850593152,7.669372858848067,7.41668531777939,6.500083842044658,5.306721105625493,4.838070359634782,5.360661019366058,6.304775440206281,7.7897807062086555,7.531115747823019,7.159088842649648,5.7562513078874975,4.039209130793239,3.3214675119068073
1.1717040769581506,1.5681987348553783,1.8189693325039233,0.912101682300128,0.15031490904000308,2.0970038528538546,3.369904970840783,4.0802929689986005,4.929895092511255,5.367318386739055,5.703572588239838,5.986889534574088,4.522609088813631,3.8392287420237863,4.622798899420617,4.551106317070212,5.921776434790587,6.776961673770501,6.958307999887488,5.924036097657694,7.011790677697785,7.725282468130896,8.275358785753868,7.372800300510792,6.020521295049508,4.8978034224186695,6.910820765482924,7.421808086152855,7.128344794345705,7.5753149141938065,7.44622991270539,4.940415175519385,3.7914124473874753,5.453466065766264
2.997714857948015,3.0472382265273406,2.0949025198978366,1.7535498888077528,1.1324355134121535,0.12018439268131985,0.5628077170305849,2.5933215492107538,4.0421119425540155,5.36741203244557,6.837844297685434,6.35579919732158,5.984812562925803,6.101970035577892,6.0943274021183065,5.926831839311582,6.718491961587977,7.82920708493163,5.395591752058477,7.403982676776622,7.075026392222742,8.643880282341131,8.414826938850332,8.51233937310938,8.828050198371542,7.134759532877347,8.76576003292482,8.426727201727553,7.729796688124726,6.380822628075319,7.204774173086884,5.980882517500142,5.315236812716803,5.348752020271607
3.4862517597708256,3.700515572220788,3.7202397137695864,2.254179541827802,1.5087937598057686,0.28094986412176615,-0.568247850478665,-0.36879839458456176,3.0591909336334724,3.5844936211571503,4.7558179814644355,7.713401146465815,6.132891051062594,5.940424253131719,6.276113091592183,7.2683144084515705,8.543503262093738,7.017431305935823,6.251880538751208,8.720095594196286,9.343150428365329,8.455787791718201,6.668384273778927,7.343362038276746,7.499005305760731,8.65072271304992,7.475878407109435,7.209577686666435,7.163086858685933,7.471197494701667,7.562858813783773,6.531178054248443,4.663072294956148,6.295873750461435
4.506913030866923,6.289522841693256,3.965428810958562,4.863165531928522,4.153889614602895,0.8046037530049116,0.35306578423819857,2.093552537568279,1.967248548893513,4.2253405320125275,5.617159285691106,6.054598403623038,6.339819456845894,4.7138227211968,6.953709040889653,7.050269470377534,7.6867351795017145,7.83092849602102,8.586317743671355,8.809714271818633,8.048173282573574,9.109776300716822,8.241245676633186,9.284941739039704,8.415822149779888,10.681721862620604,8.418165630372389,5.794170730438606,6.09457557940506,8.543549712981848,8.281218137119831,7.628551115242404,7.179854297872881,5.99408362341848
4.686562761986702,5.980248565097936,3.5586827359027526,2.302033706625999,2.8724300860118364,3.600677725395011,2.547744562022588,4.932949337330479,4.953385355380626,5.809414386335625,5.487067907043217,7.217756262724842,7.518996168518742,6.7792880946238405,7.525400965437601,7.4693949236021995,7.066077300507627,8.495472482315067,9.037073504217044,10.466016862472452,8.26253205608767,9.557202366874984,10.401523560292123,9.305195209671455,9.599805390043038,9.37655296750295,7.543995861882064,7.0691341671325,6.78721157050079,8.283690459703012,8.171543026436265,7.775660452919873,6.810788445475064,6.948839649071969
6.753042407887573,7.332378192675491,4.690678275382309,4.072969688730396,3.546951286405469,1.7706145368717459,4.926714408619869,4.51070154286119,6.023771547073941,6.670929637274692,7.59217578809362,7.8143446150447025,7.040836920225207,6.044154487909886,7.194671164285981,7.404993556074035,6.4370501060366365,8.949436826091974,9.287105828967256,8.951701922705627,9.227489602601592,10.007774292147863,9.662439144135435,10.201419834821358,9.498780409316016,10.879357538250053,7.3535971013717685,6.529869336072493,7.2269704521548785,8.105144978730179,8.03386362451663,9.477625520228768,6.695509984181849,6.742252911883024
3.6284966870542377,4.818644715244156,4.89414773970849,3.855392045295897,2.8845184952533147,3.1591772334156323,3.82738539282564,4.14498603609919,5.168070480433016,7.633651722656938,8.560812463278742,8.308815442286356,7.988335342381205,6.086123890625895,7.490788732550695,8.038612505926636,4.908634631859865,7.842997942113739,9.921769393262496,10.21322797657003,10.110525302168583,10.791573242584755,10.998892096732924,9.669671140954229,10.057097961352918,7.329681779315275,8.911345990009863,8.442593340012907,8.854032736565008,8.666577620665505,8.750719487585409,9.818057034273746,8.119373271283102,6.339045353259092
