script/wind150m.json
{"header": {"parameterCategory": 2, "parameterNumber": 3, "lo1": 3.000054539987559, "la1": 64.9999836372058, "dx": 0.5, "dy": 0.25, "nx": 34, "ny": 52, "refTime": "2025-12-26T07:00:00.000Z"}, "data":
[rows 0 to 23 of 52, columns 0 to 33 of 34]
2.271151881851547,2.2783982487143803,1.3873334234383108,0.6847373000201757,0.18034071081404582,0.3694996949443253,-0.5972165606465808,-0.9075863343596027,-1.5288390215368621,-2.7477242070933685,-2.679319081632082,-2.070630397657259,-2.2386913392018415,-0.8963871248212061,0.36997668310342124,0.8096841394430164,1.2988307295640753,2.3958740245231005,1.5991027510297056,3.0966418568734704,-1.6295103474077635,-0.5440178517773905,-3.4104101861152634,-1.812432992109965,-5.218211762627385,3.2469000713794784,-4.4657530731561526,-5.078162031684634,-2.5700319431133085,-3.802710199407225,-3.4843307570137014,-1.769064424990407,-3.108517308600461,-4.02670322962692
2.4717234465551825,1.310521825004442,0.7586561289961946,0.4783905630259378,0.010635545570076272,-0.08903508652701765,-0.8811219359015732,-1.125785816669558,-2.1817129803814033,-2.6223716370241226,-3.0131076341418397,-2.6301442544974396,0.10650580678163143,-0.0997428322957697,0.6448357722575703,1.1048079147497838,1.23503775661448,1.0921772065291817,1.419467795714464,-1.2368427095088828,2.0329804850756688,-1.1480986966784823,-1.324671405661268,-4.592540896571095,-2.5874716881787743,-3.592398697551103,-2.8630900378846067,-2.99557475473324,-3.118844066202699,-3.13404477553169,-2.1298912438930944,-4.818488623331742,-4.631807572592755,-5.699460267634174
1.624984140765421,0.7628455916843947,0.03117857689997277,-0.23540409248053157,0.013930456466675447,-0.4008975217808166,-0.7272303217573625,-0.7557988059738415,-1.5579806076973763,-1.2085521218751294,-0.4286034088349204,0.3305358487569088,0.2993310232005552,-0.09224208165901343,-0.8132336373625059,1.2355530696643775,0.06503721873194919,-0.40937060227100824,2.2696463767739306,0.47841286992891946,0.6957237988775391,-1.5112485623658145,-2.0562942859686895,-5.508187763354861,-4.944542739526664,-4.19634810932021,-3.3855543429484403,-3.742786225148016,-2.488989154520352,-1.7937346659700408,-3.696899681633693,-4.29352204683658,-5.735003066334128,-6.62782058071948
0.5656070645858606,0.10572058361525118,0.021244178665883122,-0.2707433182404714,-0.6473153873857845,-0.8935391867830194,-0.34499592446203664,-0.842256407597728,-0.5744961962546956,-0.448328065175634,0.21952277595190886,0.32937125751583884,0.02418024557905723,-1.2153306724909512,0.5793198982632887,-0.10758211730629971,-1.7155382619201072,0.9129791939203289,0.20759646514060623,2.2104056281457343,0.12110741252876057,-2.0260832525010835,-5.5015889765829655,-5.039866220565563,-5.482183168422419,-4.454904452902762,-5.492817996949665,-5.168654244551047,-5.5340676270092,-3.207079428771841,-3.1322737563988214,-4.217780590629769,-4.322805879892779,-5.298189921192339
0.06789233123904191,-0.08724554923774555,-0.9876960486920383,-0.8129286097359466,-0.47135818013364045,-0.546697875588563,0.28809243234511045,-0.4323921119427957,-1.4651853788498983,0.46648361927016313,0.8554099771850573,0.4060326183117947,0.15205798997056796,-0.5160150679816995,1.6642240141109972,1.773956723310292,-0.8932551563790017,5.733524365655834,1.887018291976295,-2.828748126626607,-3.1336763954035063,-7.398370737606427,-5.560058164398724,-6.186674427481991,-5.137750700088895,-5.207274565582607,-5.836976539574353,-4.26567805121531,-6.4398281364459615,-5.295307608410989,-6.836996144157859,-8.591654560588134,-6.317224509970046,-6.28804734254348
-1.3536782942279615,-0.28467154989424276,-0.46628554815226103,-0.9433501738552146,-0.6447721265251831,0.3655297579905879,-0.05790417595337737,-0.24091788109221085,0.3082023259141771,0.22666294144687354,-0.3152161163660863,0.7715683182301305,1.4740767463745958,1.8035740354322471,1.5109427589482685,-1.1026824568659923,4.743826377502992,4.9467599531299244,-0.9359571859963106,-3.283678717546845,-3.631568397722821,-6.0258801335472265,-4.714649038284156,-4.138818729243554,-3.6992963905484606,-1.5449703529953138,-2.293961213171331,-4.398093519062631,-4.367807141683168,-7.374921317635503,-7.582249931494084,-6.453599917675805,-6.864770357708433,-9.380671580059387
-1.9420312852195585,-2.6669024743904015,-0.8575738556310311,-0.2236067138388578,-0.8566361105965367,-0.9342074084875961,-1.8931527273865976,-0.6101863710427062,-0.8865561533975788,-0.5922574274073739,1.0704743393345237,-0.780427195771935,1.7432716572290263,-0.9112096772431183,-1.0614658417682878,4.301858760134841,2.7295056775051654,2.5223768895528007,-2.918211192406973,-3.3961794034548594,-3.5936714901545237,-4.200276956036744,-4.461203072872868,-3.7310934759479584,-2.3895503926561776,-3.2538875512057635,-2.781760353742245,-3.5445622444556766,-4.014268481272957,-6.092450333444499,-5.624893999490835,-6.043867830157074,-8.179022807473762,-9.413079936841479
-1.0740752704019823,-1.7574054197860651,-1.2272264662528531,-3.011294812995558,-1.380685503175075,0.6182052911806308,-0.3758667914291825,-0.7932398690405043,-0.22413925535701015,-3.9153825473961223,3.0254290632889607,1.141659243792093,1.423933457703446,-2.047955348966463,1.242813207284002,2.5183477529449525,0.7319878370501995,-2.9365136412897894,-5.214081073623383,-0.7854331119243979,-5.114738638169762,-3.6878106028610564,-3.400438212490389,-3.6915063374760053,-2.3193924068223795,-2.232764767643416,-4.683848959960997,-4.676931491755898,-4.847809206936222,-5.987909224966539,-6.862674554883526,-6.745916875350794,-8.9479085204704,-10.65480695650656
-1.3336574147287992,-1.2011340208179762,-2.4236208901116116,0.0666751343559627,0.27114423676112526,-0.3090882284402964,-1.502887179341446,-2.0777537654918508,3.14302266208723,1.6800775881218626,2.2086721699864547,2.089647279622037,2.2815793328518548,-2.5512629693839877,-1.8842350919338504,-1.6106561230562189,-4.466102721330525,-5.609275774085866,-3.153793371241626,-7.952889593949582,-7.936367998379237,-12.29419684382918,-8.145424815657783,-6.639794642907734,-5.129036001799211,-5.110524924026198,-4.806197897227266,-3.7788798274675997,-4.353530678257636,-5.333826399833074,-6.193334658318256,-8.777989599618857,-10.947388866810185,-11.233756869777885
-2.3131335361645564,-2.41869309160915,-3.4756997716324682,0.44716489081589983,-1.0809473383412698,-2.1971085757023365,-0.741703952495298,0.11966138530744184,-0.9598000520116478,1.7366094095584441,0.19867951413939822,-1.1203130559900096,-1.483574402408676,-0.4736645919440744,-4.894523198455618,-4.661021565856657,-4.541641224534246,-11.333837218085119,-10.218460755045479,-14.688986380493349,-9.693062653117048,-2.9660794014419585,-2.1240351735522043,-4.101706099332039,-6.882546572891328,-7.0723166937596424,-5.258897044871128,-7.901616599067677,-7.914968163391415,-9.289596746184735,-9.873883220309994,-8.946723566659127,-8.799524498796547,-11.838381052247334
-2.965537844128387,-3.702389982432952,-1.7300549872295876,-1.6922508869566901,-2.653715153693513,-0.9148476361910453,1.4149218251884392,0.6870214799461599,-2.37910960736649,-2.0062261283268064,-1.1490626507929869,1.7576709603418894,0.6079922251397589,-6.191728060772832,-7.354517701326107,-9.427374406711653,-7.442914769807298,-5.744933851700173,-14.893901803517089,-5.481145434284429,-3.93071243638206,-1.9925049240106538,-9.668143154461111,-5.210842332777282,-7.214193327707552,-4.40414343462798,-2.887839136701311,-7.343419161732444,-7.671130213777968,-8.057749246958053,-8.13919530984096,-11.858364210308233,-11.636115242660411,-12.3821095376144
-3.4890775696035514,-2.5003128567388915,-3.246807731321004,-4.849970816964435,-3.7259881677920017,-2.7214020593856163,-3.9249350740208224,-1.7199573412892304,-2.9712780699834442,0.08552338601011542,-0.18937896605145485,-2.920125925532383,-3.1906557345025526,-2.991079470590576,-9.921782219516297,-6.676857208106533,-9.825958039813532,-13.689462132080338,-11.639914501967953,-6.668637435284343,-6.601323267250513,-11.410315628575315,-2.8389656421222687,-7.378691944701435,-5.264725384790217,-6.545716136633484,-7.320441509816793,-9.760081952869264,-6.943584568158729,-5.613851681767565,-8.01327732892948,-8.571922891450132,-12.417872359674098,-12.222168268517173
-4.04878555571454,-5.1397820646109205,-5.5281558623661,-4.81440503613723,-7.0317606831492485,-2.8561559265171756,-3.6282845064588063,-0.03384898021737395,-1.375104537675698,-1.1552316204414435,-3.0122290149949364,-2.767398754741208,-6.500161543285761,-2.6329634177421415,-3.935009436513741,-3.7254830097328857,-10.247312240309254,-2.8526256612889087,-12.87128083361656,-4.725501652576611,-6.728098113053936,-6.391213777452922,-6.401963453707097,-6.721281143955465,-6.238008798566622,-6.414568247436854,-6.215978998494961,-7.650536260784291,-5.851855519630806,-8.847370886005617,-12.073589140019761,-11.915325913397234,-11.630090499851898,-13.635354183623646
-5.755587459449679,-5.652170071267383,-6.472252288043584,-8.948390047918888,-3.89652359323115,0.4660491621020808,-1.0438111752713721,-1.2896564739486474,0.32376328043050057,-1.0100681893337227,-1.6820135737409105,0.5014969997626766,-1.60639497940379,-3.3020669998368004,-5.73952155383753,-1.9901026711554617,-9.641146012136963,0.098585050559214,-11.738903633501513,-6.173609191910814,-5.383770071416981,-5.7698938877277035,-8.520816274889132,-9.153157029470552,-8.565393884619843,-11.269206514518306,-7.468439728398079,-5.90229663191865,-5.690181580737443,-7.744206255578039,-11.93593009915532,-14.145319289489157,-14.08828305146295,-14.958900700526991
-6.2394633905428165,-6.591401075798527,-8.370143081818156,-11.73007166123132,-0.8534351553198509,0.20269126461989764,-1.0119633440183846,0.4354482583978318,-0.29319369426776765,-1.0900253170692784,-3.453564663135735,-1.7413412611276615,-0.9456246622360953,-3.8557705923449777,-5.038662810140819,-6.208052492423782,-4.387284273799734,-10.874787603940149,-10.90388396426561,-11.870468592960817,-10.560469448973569,-8.426770846959503,-10.85700492378603,-11.632575023586424,-8.437736282797658,-12.439962325742082,-9.594636786785331,-7.077645549164757,-7.771330433707533,-9.457800645119246,-11.546126922754725,-14.874395455010838,-15.865694338779473,-16.340879227174696
-5.634353395678873,-7.704029640663053,-9.518889817362227,-11.860064214089276,-3.1998882800364385,0.08339591352575314,1.4116797140109092,2.0318390990400594,-0.8431125458663381,-0.5111456882667974,-1.6319476813911333,-1.9828194088376623,0.07422506530088831,-1.1797971772696394,-3.663713790706522,-4.3265347903135645,-7.693404351636898,-3.8381122174221285,-9.554995310428394,-5.442315399067314,-7.621730158413234,-10.780259614472897,-2.682575426880615,-11.935176345796513,-10.912654556254465,-9.41352480049142,-9.780365159258855,-6.299601670331469,-6.174853114694648,-11.042206188984753,-14.008917996374466,-15.26616888639011,-16.193071716010724,-16.46345241880966
-5.206800887510845,-7.447090483016159,-10.063925048220096,-11.655109090622048,-5.161460516247437,-0.06716717263119329,1.0884028018457739,0.8572909555806958,-0.9314307767751735,-0.11725797310964033,-1.988488565245864,0.45556614939936385,-0.6646656171072273,-1.410918509111718,-1.0899271971501507,0.3195302250681055,-3.1709544779324013,-5.393621032379548,-7.9649715883299255,-5.761565586680281,-7.695330508746416,-11.94191358813668,-8.276807414984434,-5.734982576216602,-8.933525855548853,-7.424345557438455,-11.937101516174254,-10.825413784205784,-9.325268851678274,-10.285345668232607,-13.357613479645401,-15.412164752652277,-16.955080828814427,-17.20457199523645
-6.234400892862838,-7.162726989695784,-10.221502825878671,-11.693850164404225,-1.5666355184829701,1.3211537819197776,0.8205924551629962,0.12065749202043696,2.6842716150499433,1.0654325523468076,-1.6149588934653698,0.8615895568071654,1.9788576906337432,0.6024035835879956,-1.91083614693551,-4.155579216453015,-1.2197360939928372,-1.5881776026051073,-7.43757686497601,-6.275599095972345,-11.681442413758356,-8.080594551259766,-9.582028781455415,-8.640803991876098,-6.442355910653904,-12.83461929928676,-8.69247450762809,-9.398854263323605,-8.938375936862284,-11.931698319496553,-14.84492479234319,-15.732539974712104,-15.6167636119251,-16.87249665633107
-6.233924788743838,-7.463126552245042,-9.204095760263959,-10.124717336052923,-1.7064602077635402,0.39801380775198314,1.057634401957408,0.7209932918624149,0.14631324949345587,1.3421203396220929,-0.2947614058437133,0.5632895827361948,0.6394215964991852,0.4070972108861185,-1.897126450157424,-1.47695653659664,-4.104220155371463,-10.200712037784486,-6.17075914109752,-8.600901746939835,-8.203650905613422,-14.835716932815282,-10.098461886207392,-5.574019022870879,-0.17246236622360694,-7.797347813097912,-11.483403856144543,-8.468578176949263,-10.4005528032337,-10.613753779063563,-10.071852847042772,-14.828521571389892,-15.585729764369768,-15.823286996949438
-7.352814354603418,-8.499175731489975,-8.937422034247087,-8.940363451277705,-1.3375888869834633,1.5195621114491604,0.38310842263428274,2.3136144255240496,0.07615352762537346,1.3121676084339913,2.764858056671973,1.767904604277663,-2.757492396378829,0.5220082223917627,-0.7375750038010136,-3.719121448608902,-2.1688623337049475,-4.277890453869216,-5.836972451303455,-6.643251340060372,-7.091275029950886,-8.956796141149947,-14.967237548647429,-8.03377006137103,-5.395932742793045,-9.612425910406376,-8.665917690122049,-10.44816734217351,-9.05005959225882,-11.760673241822435,-10.480240330142598,-9.99075479209448,-12.963076389509771,-12.75994333896566
-7.17331533935872,-8.157129339071172,-8.236652681144873,-7.205779914326138,-2.839451379473859,3.91548230622907,1.9825898777129494,0.9856201110895632,2.584846207489577,1.1717730518458855,2.5776600163171977,0.9147889955510617,0.7362911184323516,1.0772694271577046,0.5334891227836508,-4.639694953604656,-3.4494355161345047,-7.020809932636267,-10.543941491957074,-6.59875960184484,-9.10727257237905,-4.750335579271145,-14.586214528936484,-11.989438496324926,-10.139750167047083,-9.886855040679125,-7.360295571982606,-9.599363472363876,-10.18251615518955,-12.511680971684674,-11.962329331940095,-11.044080750619173,-14.556100489681105,-11.787467013670598
-6.2916325808117595,-7.2398320345258975,-8.49113733939269,-8.030563733434002,-1.9298470817485553,1.8847770459191322,-0.08876900453804476,0.29288803214872217,0.3125480705244385,0.3571418068435242,0.6620490558663433,2.505717948408585,-0.7566666321609384,-1.809865018655014,-0.7215840926727833,-2.585982709420714,-9.581042109075716,-8.267068205903138,-9.496468205226241,-5.029715279751962,-11.717189780164862,-10.9805941402661,-14.313082532211979,-10.781815732496744,-12.56435376013453,-14.397992614383044,-11.997311484171096,-10.513558003871758,-11.28708282813541,-12.78116783155149,-14.542366571333572,-13.726018227392322,-11.375958056884773,-12.762519161360153
-6.340806729147726,-7.6138700962269175,-8.438967226476874,-7.690796308542455,-1.984317104596083,1.787842162034216,1.346657149817896,-0.7906542058113052,1.122920042020156,-0.018697796790832166,-3.348311781110189,1.688220832853719,0.19831524055311286,-1.6888246626646513,-2.4579827347190935,-4.359774473038714,-8.413925629793681,-8.885815170486865,-9.340550739007153,-6.884814689586236,-7.883551798496464,-9.100515427093613,-10.829286965558033,-13.322075025615696,-8.452560569373675,-7.616467327916989,-7.246170777245024,-10.540075643657792,-9.91849209198092,-10.421409948098711,-12.333790072512427,-13.284219141614315,-12.728954982403463,-14.774896663776616
-6.480804431808723,-7.748257458474378,-8.568934830912282,-7.93047050028275,-1.4072271137911316,2.0292739769657895,-0.08485495265773048,-0.6148603637646641,-0.5120266987827246,-0.7658712465223415,-0.13506239368888967,0.6012953323714646,-0.7727048402226834,-2.362013065461051,-3.781052908587071,-4.834862478008535,-5.676688190701944,-6.562131992853226,-6.190364231004962,-9.276478760890486,-9.689407365511228,-9.235833032617156,-4.6700091645949895,-7.186655018072302,-5.21375593783935,-5.617486828307105,-5.111718248328408,-7.932594508165982,-9.662791919258886,-8.945484790036865,-11.385056496672417,-13.207963914040432,-12.43469937519196,-12.531486562108565
