script/wind10m.json
{"header": {"parameterCategory": 2, "parameterNumber": 3, "lo1": 3.000054539987559, "la1": 64.9999836372058, "dx": 0.5, "dy": 0.25, "nx": 34, "ny": 52, "refTime": "2025-03-30T19:00:00.000Z"}, "data":
[rows 0 to 23 of 52, columns 0 to 33 of 34]
-6.578314964881525,-4.910737715429763,-5.618064633859594,-4.141319029704507,-3.9142014312847877,-3.668451877225789,-1.9854625451514425,-1.1488264524353078,0.783765197316965,-2.855891433487647,-3.343178164882199,-1.3575799224629117,-4.2308216455955705,-5.402905563777384,-4.880838187138836,-4.561861951794945,-2.7244524592242847,-4.390973110770905,-0.1571076304967696,3.528793335674432,-1.586010103108314,0.06321527244539091,-0.897870673908739,-3.8039735983850695,-0.6582063373485735,1.1286646147517767,-1.3482613174476754,-1.2923367108937978,0.7709925745000135,-0.0697344008228178,-1.7740349126934851,-0.8093479265098374,-0.6306986765732715,0.44650395455241165
-6.940953955882208,-6.3706511103832835,-5.677629838250867,-5.160922007282735,-4.6219215559765345,-2.5183046023336044,-1.533365269596163,-2.3835485644755914,-2.6198570841121533,-4.036782000401298,-3.24122387227346,-3.6141346929748233,-3.628006820288858,-4.178002620701932,-3.668818587986359,-4.748889375977135,-1.7938437543003904,1.1150290774994316,1.508436435230382,-0.8050599932978485,0.8431190486044966,-0.9326611121359573,-0.44473687582451504,-2.6024494697624623,0.5044416438100904,-1.4673705317645336,0.2471634658412016,-0.020249258285482748,-1.1184740798071398,-0.5526180050868901,-0.937274604189875,-0.1441736352635013,-0.3256707488105411,-0.46455234716476806
-7.307938232483177,-7.407467785180598,-6.853559771612964,-5.7433478692937125,-4.409104398499152,-2.088859863441741,-1.3082756208202153,-1.3908579184257077,-0.4128009695415627,-2.277489679160669,-2.5435979674877554,-1.9261999820890792,-1.8616714745995189,-1.3423134255806584,-1.1838031518628114,-0.9562202425247119,-0.010112009069261947,0.5718853216342136,-0.16305456543405664,-0.8592103999899253,-0.8454852444152887,-1.426742245795513,-0.8220468440620728,-2.69991467227592,-1.9730460976425923,-0.7302778131116262,-0.8825697241250448,-0.16094604376443616,-1.5972218045832727,-1.8267273682238843,0.5492378830603237,-0.12502130927942307,-0.27388569556263254,-0.3129187277541634
-6.699893628801934,-7.245823071343023,-6.922896385160399,-6.830031988390353,-4.574733624044675,-2.6608892625197553,-0.5889175540766394,-1.081530283638822,-1.4743398448903342,-1.7684634259723782,-2.201495966248811,-2.1579776334689744,-2.2004754797707258,-2.1351195593098455,-1.945403578233816,-0.6311148574573451,-0.9891817181769808,-0.4357151430475385,-3.5685980383498106,0.281388929255125,-0.9764988068766091,-2.539041503861047,-5.043217149391756,-0.8004006503492431,0.027409871039748474,-0.883042308507236,-0.17580779804036392,0.10152923873908132,-1.3576429508844448,-1.5589761855305564,-1.779140536826311,0.045508109901369685,0.2084928479933747,-0.44717639299256473
-6.419743688604597,-6.685489271275089,-6.462860839593959,-6.19587147164262,-2.064708311180826,0.3220439074360251,-0.6382755385426656,-1.6414977092983107,-1.7255232612361868,-2.037381850060545,-2.110088210795702,-2.64015393192108,-2.545274321587339,-3.1803128392317968,-1.0403943398292008,0.4707042928444281,-2.5300197188957934,0.8552916184844755,-1.205555411227735,-1.886779455054282,-4.105584769565962,-5.060114512998081,-1.237856111986864,0.2813233818926998,-2.467835538806754,-1.954924806940337,-1.9724953532711478,-1.3360096907991226,-1.7653398062029138,0.41859247096075947,-0.8775021498475643,-0.023549751264516663,-0.8445200737746261,-0.24635887254709518
-5.641202181684127,-5.782030162002345,-4.8851339541762115,-3.0024929405242444,-1.2087062227917638,-1.3039830080806551,-1.7603135641878584,-2.079916526713763,-2.3896259524123136,-2.8466007581442874,-3.4440017650032826,-3.557000781614236,-1.4252360727730051,-2.626800055723134,-0.9895092351473056,0.4220940327941792,1.5726999691744095,1.2931432949408173,-1.875622679656849,-2.135113358179355,-1.801890845640878,-3.5719079521383037,-2.0507802473773182,-2.396678664787478,-1.31097264084153,-1.8413492993825373,-0.9808917207627088,-1.0080423583365725,-1.2947958104289723,-1.8725604063353651,0.08151102833698234,0.27972670434601593,-0.3915091487977507,-1.1053870549790994
-5.583603847244128,-5.113668753298904,-4.441072464483656,-2.8978004135982163,-2.2312428700780425,-2.4425428005581633,-2.83452444969661,-3.057283252741015,-3.377709678532761,-3.8529849341833633,-4.073354960576059,-1.3709793694823609,-0.612676257594586,-1.397094486991128,-1.345849699918998,0.31851366449919766,-0.6527868117300726,0.7237359516652978,-3.7704482320997617,-3.0629324801106192,-0.6439046901146646,-1.2227756399534295,-1.7878076481425629,-2.160220163885324,-2.0801262272109007,-1.8563606051623727,-1.6200256111607427,-1.5968121485042457,0.4480678818601682,0.4501170898217946,0.7826299335735162,-0.44703749886915706,-0.7766861110002,-0.8763956106712477
-5.140201931181678,-4.795480510732032,-4.233472538129571,-3.5547010141052175,-3.5876895742663275,-3.76352045533051,-4.011978033917465,-4.077081215483721,-4.392856025148548,-4.603913594981406,-2.0374480523591805,-0.34356424125116136,-0.6371125142861057,-3.6859949307803603,0.6403486558165401,1.0832132789748048,0.8153002658615639,-3.5506054410205232,-4.337061661660741,0.04995898789016957,-3.415506958053686,-2.0702402147069088,-0.9110234562144066,-2.5312331918056934,-1.2865160119506895,-1.4966361960384942,-2.0925291284737946,-2.4696937764279667,-1.1413393377484726,-0.04082081418392608,-0.009324579402285146,0.36265830416301603,-1.006780652946835,-0.6478992852577015
-5.096425538974986,-5.05519450834473,-4.822120027944314,-4.690925485960017,-4.816083913699004,-4.925856063223619,-4.948817796183349,-5.030568321348511,-4.45053187485771,-0.07447650669170766,-0.8840213101793007,-0.8811661049981695,1.5320535327460338,-1.8021096396097473,-0.6529388251410455,-0.7403986508502062,-5.939057945551532,-4.013349587665706,-3.1539109290739136,-4.7628710359819335,-6.150337778472106,-5.814631542353934,-3.0473100160447264,-1.7403207190160765,-0.8864377757284124,-2.0460552262810046,0.4404353548584129,-0.22890526218982446,-0.3055364989104801,0.37749839359098714,-0.7339692199554617,-1.1344018492559786,0.16762602927808956,0.4965278775878375
-5.639011006827648,-5.540838668457906,-5.3129553080880365,-5.536986484682757,-5.795922093925267,-5.728566301769274,-5.794460653345709,-4.345020772059063,-1.4967756490494144,1.2448074909050288,1.2232032037205605,0.7878960346997848,-2.7371416878685375,-3.327336568344636,-2.553723663663318,-3.56721182617428,-3.7494476029787935,-5.842521653570178,-6.471315809662766,-5.155747114476088,-4.194127648048342,-1.04864946961583,0.08734212620356828,-0.8411883196365667,-1.659750186337442,-2.3957564228096935,-0.80946944781671,-2.1197415473714614,-0.7727993270910775,-1.2997163592949674,-0.5245030381549598,0.1423184729894392,0.7050010498211894,0.948244904156879
-6.242142118389069,-5.910107738675157,-6.190243574220566,-6.346499915698604,-6.092378393503247,-6.227498623335677,-2.573636894496374,0.6447329276615076,-2.730637087618511,-0.25435680045509573,-2.409627203025,-2.1823068067453755,0.7411956885732274,-4.375235383533946,-4.2328564784273315,-5.0323040798985454,-3.5960761179687157,-2.532202839994124,-8.569322955969485,-2.0609707039137537,-3.2662899248461885,-1.5337717484191724,-4.903636825818522,-2.328291373776762,-0.7029075972665781,0.4501873571404317,0.9817422259941261,-0.013231458093817495,0.14109416215409906,-0.45455376516591806,-1.2635181204159573,-0.5146466008085397,1.0549487621892488,0.5650515042139087
-6.6464280545867735,-6.482341735753004,-6.7869544639482315,-6.762191876145354,-6.854897899871909,-1.9740588774649832,-2.3737442501351755,-2.0575795162512875,-1.4006374003077633,-2.2607644167858276,-0.4799907780473351,-7.320754653804896,-4.369426162180085,-5.283036720157947,-7.215477599028826,-4.044305732002209,-4.205194101332664,-8.98231287016885,-6.306133964238151,-3.5244382015343954,-3.2823505783403286,-3.9429283759738247,-0.17845665096448146,-1.4429592798374018,-1.836255658309572,-0.9615595102818518,-0.031839694128226896,-1.1127416544737003,-0.8704079797452379,-1.1710454972429925,-0.43035502813197424,0.14926023739804503,0.5033088417630619,-0.08656644166789554
-6.732410213018694,-7.183203906309903,-7.542649627199827,-7.593115497646151,-3.1924384465502778,-0.9719862575457336,-3.015706305216321,-2.3116894689799583,-1.6360769573238767,-0.015322528747058854,-9.192702152311622,-5.97042342338239,-7.737626489896235,-3.4381289558265875,-4.152019460332333,-4.988641858125739,-5.900159086585466,-4.119719829788777,-5.256530519147239,-3.955989555465141,-1.9795777058002364,-1.286352389393747,-1.6164017090370868,-0.8377888642022244,-0.7064023043478408,-0.9276301271113486,-0.5606470936134801,-1.3945493301171197,-0.3667331748788407,-0.9155817179935243,0.10236166812275624,1.0228042955528907,0.8563253069108382,0.7832079741265113
-7.011380878424849,-7.857578534489891,-8.133133247940258,-7.450783823677672,-2.8678641435199275,-8.529186524309305,-4.986315222297379,-1.9410474661489552,-0.45119267153242437,-2.190571431778796,-4.289784982696718,-4.571244288207919,-2.833279805961711,-0.28079388329645977,-10.663213058656478,-2.196560466877829,-5.75742541819143,-2.0152391546383877,-5.1993455645476905,-1.204625650980261,-0.7122962803751495,-0.9179823970522952,-0.5894567969216095,-0.7418636430938987,-0.7677113687126971,-1.1618959771663253,-0.9231127665946266,0.3130746134551202,0.3709186305676934,1.2572566425161928,1.6070269789971916,1.6756694345534702,0.5476411706926525,0.2253177793568028
-8.161484321754614,-8.491290290210678,-8.206470544074705,-9.477250948721911,-5.275992381759634,-3.698806428052549,-1.7748563906952637,-0.9717271768191468,-8.457274233915667,-7.340206005705905,-5.2843725786561775,-10.471673423907381,-6.4057527110852135,-1.4647975259915529,-3.1241864491461726,-5.7514514436541955,-3.8504074969372017,-2.8106201314961177,-1.9668532839932062,-1.2873040080039224,-1.2943418415805588,-0.4189614041524191,-1.15128683430096,-0.668739273502782,-0.6976609786905289,-0.8549209534247052,-1.114909599331358,-0.26070120974378297,-0.7964389759816157,2.634741435985196,2.1590694242538864,1.6947545925756604,1.0556953699094804,-0.13792631622864027
-8.804130085394823,-7.54802188419204,-10.258824967545507,-10.675665307035295,-4.075815471164482,-1.5608793939778973,-4.785838519854835,-2.4371830190849826,-0.28539908521467433,-7.398534007917935,1.2697139471985248,-4.157553068763138,-6.587486557847622,-6.936703624619602,-0.911148627630136,-3.518133180049524,-6.692167657959987,-1.9839724031102859,-1.2442128127715515,-0.6324612147298679,-0.0674939965904368,-1.0704508997128557,-0.31025254366488675,-0.4626921385872092,-0.7001437031709317,-0.5671939388968218,-0.6618455926522572,-0.9923178836139692,0.40769659118819107,2.7379755860332957,2.4409446247078717,2.262487036178167,1.4921585065641656,0.5936066858325223
-9.51666710451244,-9.769360045992,-9.748874378889935,-10.397541240462877,-5.123766401360262,0.22525708644751655,-5.361675290071233,-0.7781606884323246,-3.265952191755801,-2.092639204854141,-1.498034485230106,-5.814568749422672,-2.0435245058411704,-1.6418218687198733,-1.271068638371888,-0.682703145277996,-1.3192897015329463,-1.9406173411964458,-1.1823262189804078,-0.5890544494328995,-0.06563548655189946,-0.5080146707107018,-0.8093140526071624,-0.6763675153726516,-0.5485645704254289,0.12151788818447452,-1.343431491681631,-0.9765638547876853,0.011543001808457246,2.6693256231272615,2.9923308538844093,2.746891220832408,1.884970893717344,0.4718047943407234
-9.670092522436846,-10.969023054367643,-9.68213185124179,-10.265787388279884,-4.532520383517394,-1.8979050996946878,-0.95139857066534,0.846782781331868,-6.842103604206316,-2.490457464509581,-3.3979078135561807,-4.436639512897175,-2.072079421805201,-3.1639498621112434,-1.9198816919346502,-1.792886321917891,0.21371226784542102,1.0170643119437381,-0.42403459328755144,-0.8242683202333025,-1.4287990134546518,-0.7341936025814549,-0.6649468649328201,-1.10239242348936,-0.8677810817448596,-2.3209705323714354,-0.2831133263401452,-1.0699327514763621,0.1651375064991339,2.6471068792113273,2.400705940390545,2.196674322516924,1.444428533786668,-0.5345164034292234
-10.337869622240838,-10.968087339708983,-10.388611611926313,-10.760883519815131,-5.695723242671226,-1.3985155019071331,-6.131796367657551,0.8765242879125098,-3.7607366988082083,-10.888086286746269,-3.4624744112046497,-2.0099202413551622,-0.6881992767429094,-1.5511622277178612,-1.5326303795089198,-1.106310867207335,-1.7829631387648217,-1.5894533748216702,-0.41078263877079424,-0.9753383211238076,-1.039779706240634,-1.450392642110536,-0.4069429670228554,-1.0087598655257601,0.3024277405828583,-2.0087297771842763,-1.8674925319953108,0.18961300112435198,0.6928782268414737,0.5237492137427958,0.8454586540539413,0.5117187263291186,-0.8592572913228003,-0.6454130973978626
-10.369719368033696,-10.42425182744573,-9.888858417004922,-10.415187428659873,-4.327292013956301,-2.030092914543392,-4.496752352386705,-4.473265358360671,-4.149080047531945,-3.9084404586769423,-1.1060907027007734,-4.263153879285759,-1.6708435884227677,-5.359647407131302,-1.8506696900644422,-1.3104944106896455,-1.2893806275303272,-1.3444108704848967,-0.26631022714989755,-0.42417765190282203,-1.3000438635837865,-1.356384172490669,-1.9626470852376954,-0.8961581041304614,-1.249538293580991,-1.7123708784751874,-0.45857763877289276,-0.5982991439070019,0.7720726574669426,-0.60652119056365,-0.7586221706847596,-0.5805556745060114,0.01119612400948406,-1.0347677060500178
-10.52690284981294,-10.503553985469395,-10.154005824870717,-10.580470083257648,-10.443443104630532,-2.899441114397996,-2.1072215563323597,-2.8146204885303803,-6.2860264277398334,-2.781606085215622,-4.733889234970346,-2.9313048623017806,-1.9505764377787536,-0.9769328852496681,0.3568920119179429,-1.243844671864832,-1.5983946299674592,0.15625488441550603,-1.619862090162186,-1.0930335334056207,-0.8124285209200548,-1.355385714693066,-1.7371318861850698,-1.396705914677332,-1.5447492040302062,0.3872085044273797,0.5360018468234511,1.3019917395680738,0.777293592439118,0.5088204439693585,-0.06956360171181224,-0.8621960844859221,0.051327402314340055,0.06153918115069033
-10.842684728954865,-10.969474246514151,-10.128004602758363,-10.464029630229463,-12.064449901685284,-4.600263007782089,-2.6557320026523588,-1.9916418075930282,-6.681429113283779,-2.2025023592651527,-5.179238497662992,-3.1420465737307883,-0.6007186951161114,0.029098193695214106,-0.226216818866757,-0.015401666198242302,-0.8805312785760611,-1.7380190216797486,-1.0730499361474,-1.6979492998324481,-2.0020763230548497,-1.864820667842088,-2.204359261816944,-1.8013791634652825,0.7988828208854374,-0.17376137329007688,0.23839327682736505,0.4070160071308216,0.47949939537057357,-0.8660379376025505,-0.7135966751461728,-0.751798978080486,-0.20903351104028842,-0.5019233780161592
-10.527289719323468,-11.682660534502562,-10.493415487891962,-11.12412004300944,-11.850057401771426,-2.649430005490299,-2.716650678582716,-5.260498054723769,-5.174770339504758,-6.423757811982854,-2.0397265572994034,-2.2092577107124924,-1.94281647989277,-0.6996284792827688,-2.533938852852341,-1.1976044732287547,-1.8344230647628483,-1.6914246395390224,-1.5639202078071304,-2.1884800843887033,-1.7103455999094308,-1.7078335891197234,-1.5090227845321946,-0.6690055087347078,-0.5965695312309691,-1.4030512901849816,-0.13223199619824186,-1.4384545548454888,-0.9675926285017247,-0.9535300836043373,-0.8753054064156499,-1.5618001232190544,-0.26730341679849756,-0.4945195395033228
-11.368668287605418,-11.17266174032038,-10.26495363265946,-10.95067786854925,-12.104903021984402,-4.410972934852133,-3.1909238069428723,-4.323271352516644,-5.059309214480981,-2.843847740724522,-2.321689156560385,0.05479625073453536,-0.31832694989380705,-1.1760063709222763,-2.013676795979344,-5.001299782373845,-2.13303749400908,-1.9065402049835727,-1.2587766263625397,-1.892024529480999,-1.815763131518946,-2.8843334931136235,-2.102918906265079,-1.2527788633276942,-3.2923398917649878,-0.8721085274895947,-0.8743796236181922,-0.5234926916673258,-1.2485975474089734,-1.361997127899924,-0.25686772259440943,-0.47464298267209726,-1.044426294224209,-1.364897519438075
