script/wind10m.json
{"header": {"parameterCategory": 2, "parameterNumber": 2, "lo1": 6.000027932988019, "la1": 58.9999434238085, "dx": 0.5, "dy": 0.25, "nx": 22, "ny": 24, "refTime": "2024-08-14T20:00:00.000Z"}, "data":
[rows 0 to 23 of 24, columns 0 to 21 of 22]
0.8374831631604829,-4.136688574890973,-1.2553166757890266,-0.5272778116834839,-0.3657770495026751,-0.10651253976971573,-0.41264134017206616,-0.3061923351110833,-0.9561292722761873,-1.3485355869631364,0.7058717491437114,-1.380608145558518,-1.2129942709937909,0.22409984752866913,0.8478668624691101,-1.9573606217583555,-1.2990574633859133,-1.2975814102885537,-1.8103199791686246,-1.5475901334808593,-1.8622706859562377,-1.6630821195828573
0.32897772609349624,-1.1809789380078413,-0.7093411763273374,-0.2625386405105687,-1.0307270320169417,-0.0810499007351598,0.10319445796353305,-3.3178262118297037,-2.1686455146602364,-0.6848670006836747,-2.9606388022928094,0.04891365977302088,-1.3954081776774936,-0.315178616064905,0.9150195622926647,-0.5688985715749494,-1.1976644790415567,-1.8665057796915523,-2.189517076988318,-1.8509414747552164,-1.6866459205399542,-1.4175300094315404
0.5179929630261149,0.25846964994325544,-0.9426447994287579,-1.0474238189169058,-0.8879410689200585,-0.7218141260090974,-2.229794536601149,-3.019307212309594,-1.571231108277961,-2.1907406030832197,-3.062475232233838,-1.1040984918927896,-1.3251071979500815,-2.1891954197704533,-1.036633467708202,-0.5463914540871162,-1.5015118145017858,-0.8104447595383546,-2.2903153298737107,-2.0631371645379555,-1.5274468884155905,-1.8529020809928363
-0.4486037014747522,0.18239392210729294,-0.5741956092848977,-0.4834633618098391,-0.46703104455790295,-1.9706406412260795,-2.490698379031046,-1.4648947288060328,-2.499628582223385,-3.2512716389816725,-3.4905694982058986,-1.6559630971317894,-0.7834518794356012,-1.366349654236764,-1.2128596808414107,-0.9687559244018684,-0.6556500461324927,-1.4534377979927868,-0.890298055297756,-1.1730143788902858,-1.3063420769606384,-0.9175233435925543
-0.30521537729583575,-0.24203462555909835,-0.5173801883853578,-1.7589505239819196,-3.988874595281613,-3.725375032100007,-2.2905575290617977,-1.4935178161802354,-2.5107259268165443,-2.826188211029926,-4.041331906871494,-2.124335791842567,-1.515106678893779,-1.2525635783293825,-0.7538420609540567,-1.1384172651612237,-0.3420400351814434,-0.7550504712198284,-0.5241198398674394,-0.8956672134009442,-1.162737225352273,-1.0181952984415796
-0.8684437945737357,1.4167509075467584,-1.0474169088927017,-2.355654733268604,-2.2338663166536836,-2.923708910790842,-0.09682607768625406,-2.6044749665896303,-3.0234659319413164,-1.6969564068894716,-1.6972297303681796,-1.6797757142293286,-1.3398234933303153,-1.4123147392645479,-0.966262856098054,-1.2073030792303523,-0.367217983129563,-0.7129447326950049,-0.6070397722118254,-0.5578478263821238,-1.107684173087729,-0.8467197220376004
-0.1555470770918813,2.053929831988877,2.013036724372815,-0.32779233317969325,-1.331944577384807,-1.9191423085086114,-2.049223680459462,-3.191628828671338,-2.051445327445562,-1.8431773460904324,-2.3474674180680655,-0.5858127964841296,-1.415124451722296,-1.1056999565666727,-0.9860414295970855,-1.4533173602116864,-0.48460601668624265,-0.7951472559687941,-0.8959272880028036,-0.7232403738699568,-1.1067090580159622,-1.0523204984080536
1.0287613652489789,1.8226444812426932,2.2237052137680444,0.6359742327656606,-2.1325380178348445,-0.90431444057978,-2.571497635503219,-1.9461373136425424,-2.779928034205073,-0.48513801343790747,-1.5633965472876092,-3.471661152465732,-1.5840594830060408,-1.5393328460937565,-1.3962147870699133,-1.3275717961017461,-1.3453773938932985,-1.172040120012515,-1.1364926729950624,-0.9800468120218412,-1.1715623373129642,-1.5526037655654201
1.787117551606865,2.5406755399216165,2.648690617216164,0.7653360658685854,-0.9509277182942486,1.1185374721380519,-3.052177413959392,-0.9222770610921162,-1.9813138468300904,-2.5372736417757578,-4.056511777050325,-4.394391863169626,-3.6756608721325947,-1.8719990421697446,-1.5172698769272364,-1.6581953604316886,-1.6335320161729086,-1.4892002269055398,-1.6021839630457477,-1.0043732360251552,-1.3452382783035304,-1.9775431476316103
2.053957122459867,2.7202759412436404,2.142946378041531,-1.8335000517759639,-1.0517788530949153,1.178216168106874,-2.0319260413848954,-1.4526809297671137,-1.870077305198095,-1.376996974003539,-1.5747255828850955,-4.729579272365443,-5.41499382565348,-6.324511983606886,-2.0615384889601556,-1.9433594981641444,-1.871066849938753,-2.172796945748801,-2.1478441949507268,-1.293293806323727,-1.3971227426578399,-3.1843239597108477
2.6505815352024973,2.238538160412394,3.171082771641514,-1.6956638892147078,0.1878611806848034,0.8410436780588497,-1.1846746333268665,-1.6918189929022598,-1.452718064208879,-0.6172219452024543,-0.7685915535197841,-3.057080836493332,-5.498659503405056,-5.273875332564412,-3.0092903115858656,-2.2718378796151693,-2.228307382337767,-1.9342768066615825,-1.952193221665049,-1.6239938047792493,-1.0319271101415335,-2.307298224259206
2.958697296326884,2.588700148484057,4.354190614794663,-1.0012268714875745,1.1235749795066583,-0.6087860970145266,-1.5396539801197946,-1.558574182263224,-0.7187775785879378,-1.3252472101960233,-1.6552732723277637,-1.32844415846934,-3.8067498013272987,-4.224439771066935,-3.056779097375883,-2.180413599643197,-1.7437983066406246,-2.147783982831815,-1.7720938460312905,-2.1988611939254947,-1.7264827141259416,-5.9625351962113085
3.257294175674149,2.8730124993697883,3.7534055311176124,-0.08431135756502875,1.920299732208766,-2.0502897977584436,-1.2229867002351866,-0.8434668711974047,-1.078686598783647,-2.173629078127327,-1.503625950574726,-1.8720935852236138,-1.3911563756087193,-2.8310278099641697,-3.0133425705601296,-2.897378160413762,-1.4006555586088556,-6.609165377433263,-6.614534007252819,-6.496505718119691,-6.31793050046531,-7.0132661752536
3.4825321384267744,3.9228811427196373,2.7188575581644696,0.32906631467954367,0.33584427405631284,-0.46247647948598464,-1.2345560660057235,-0.9931645003480041,-0.6686168724462652,-2.051364723328358,2.2597956949822393,-1.0096906249310937,0.3777382653918605,-3.025225161608159,-3.6811308211943623,-5.020048605030544,-2.1569370136672763,-7.787613461615007,-7.4624295090600565,-7.676743773328989,-7.487152494335767,-7.597791286711157
3.6112086081995627,4.135956718069363,2.840849794641822,0.3077814779283533,-1.0997979157746147,-0.3044459800554568,-1.0989208956335317,-0.8942906857750018,0.11496554113266125,-0.8867304811409834,3.646274526634919,-0.0643088975822724,-1.7660784187848957,-7.333696738637771,-4.965934730250163,-4.605482954665364,-4.077281253950107,-7.331563323329457,-7.5121282241250515,-8.038483203839892,-8.24761203890582,-7.521074684951037
3.214806442228461,3.3582227297729896,3.3068412186666345,0.46295930683472214,-1.1702653976869195,-0.6317404317740822,-1.2677861267813535,-0.6620461773291597,-0.6487659541808709,-2.4817529891796695,3.9947628097510597,0.8122931164298934,-1.862485307401149,-8.557669635796511,-7.269090451440195,-6.938401596814084,-6.538754455562332,-5.597800438188175,-5.861671288792507,-8.153604701537104,-8.443572555342763,-8.748294078376318
2.290357046191498,3.001657949450546,3.26450770731896,1.5077739535886883,-0.828866428766455,1.1460655661541852,-1.1403639220121196,-1.6762193325740538,-0.5814826942767835,-2.128653340692602,3.5459026909404323,3.9085912244929357,3.4927154939385416,-4.05853025182453,-8.040874350229801,-7.991911989668675,-7.862782536091748,-7.256172991121642,-3.441038482797276,-7.949667090565722,-8.803235771475343,-8.741763716584922
2.4335753074331072,2.5712267032671976,3.054125017545299,2.764816514554912,0.661354919615088,0.049340404425261476,-1.2415744280193997,-2.164583357106804,1.1991254722169726,-2.7296862432604745,0.2045494401888792,2.1686559870462667,4.834146620411099,-7.534259122757402,-8.335915721321953,-7.895353609326,-7.4773127774595665,-6.692719074497236,-5.905958013812525,-5.9297430590437745,-6.296593159210091,-7.1054126565488875
2.034453018279465,2.3570027495939434,1.954445465467259,2.5019991316303187,0.3538819149951209,1.3259664983222281,-0.9503026822449507,-1.9552501252471817,-1.1011065637714035,-1.8780363032004408,-0.33638861524602226,3.8741601560926147,3.9617335921235357,-6.688191040251378,-6.533506736977426,-4.974112440506239,-7.2529188776621645,-6.654292033520373,-6.194185996939234,-5.1615318065573526,-5.565588830272476,-2.136342473865384
1.4601555776847648,1.2624490177873011,1.739907242529412,2.2175721049946557,1.068963431467116,1.602342134786163,0.8083102754592489,-1.6918720762741057,0.39727154586680485,-0.2727722192274255,0.641448473350596,4.023331046527002,5.367949420713559,-2.7650817357893365,-2.908542175496486,-6.703341734334495,-6.988396698036646,-6.793050004495605,-5.641368140646283,-4.534784750949305,-3.1025161336580163,-2.160051155515985
0.8652063092114738,0.009407123893591983,0.5691408797385167,1.8188313103268976,0.47401464212608246,1.8665412823212333,0.4397792463617272,0.6325261146485026,0.028492880743684664,1.071754096852476,-1.83372941263852,2.5253516501895286,4.104883222636321,-1.429195263846124,-2.601146932250291,-3.182676504174856,-4.41020831660171,-4.356268251398598,-2.3845715122664126,-3.2679047268763006,-2.4550835233764525,-2.0840150935938215
0.9684226189365412,-0.04488070995480238,0.48760525841176955,1.7812449804033157,1.8323030539122682,0.32559689968117295,0.7243289882826949,-1.3125959518540264,1.1159558409745418,-0.42660705248299297,-0.0675406545984541,0.9678946893410841,1.4949883436671942,0.8414859834395028,-2.096140651957877,-2.914064126429486,-3.732525489544741,-5.105849689373921,-2.5014699141341863,-2.3654669266486286,-3.2440014761607108,-2.576136811647451
0.5403108405238274,-0.0453396609983772,-0.09725080479624208,1.2328712088638707,1.5791573875951819,1.162576928404641,0.8842454516818005,0.061648031271859215,0.8845314943380885,0.6958183287735135,0.5650531896664557,0.8984844263863022,-0.8246712748441054,-1.1232120320539145,-2.385688427269871,-1.9562413218825703,-2.3380812761095395,-2.69858685057571,-3.109930309162568,-2.8561776874379494,-2.9251083628621095,-2.5191198434129785
0.6914454508990799,1.7097124718736956,0.6768523471020192,1.6640130650432625,2.1443922755191465,1.8742040015144479,-0.38566309225612166,-0.7593377033109169,1.2236372097915553,0.8318742245931037,1.0250559643519683,2.8180799567547514,-0.01615229094932829,-0.3471509803335393,-1.2254652370496084,-2.483699527064357,-3.0768830404728207,-3.028895423429667,-2.4336610130036758,-2.805618767777094,-2.4702048127838787,-3.965110041296467
