script/wind450m.json
{"header": {"parameterCategory": 2, "parameterNumber": 3, "lo1": 3.000054539987559, "la1": 64.9999836372058, "dx": 0.5, "dy": 0.25, "nx": 34, "ny": 52, "refTime": "2025-12-30T10:00:00.000Z"}, "data":
[rows 23 to 45 of 52, columns 0 to 33 of 34]
-10.945100851894026,-10.74232696517204,-11.487530591153122,-11.386165651045093,-11.330801704387419,-7.378615618675703,-11.100277347236371,-12.551519837475617,-13.265935298078968,-9.78933599277192,-11.165167482869402,-8.728052372121047,-9.869745790038717,-10.820463763380788,-13.520832177618757,-12.140948779008468,-13.60035511158026,-15.253684410456891,-15.71350521239064,-15.090343373708263,-14.826276929910767,-15.845473655700454,-16.430990142179468,-15.885592027718285,-12.456359242024538,-13.054953783350932,-12.779257135219314,-13.638672403200205,-12.705258387781353,-15.438806671749509,-14.443992728162437,-16.97331540671653,-19.374398152978273,-24.635657719765234
-11.023469491252195,-11.509076292559822,-11.834289740004792,-12.739067580639368,-11.159495289607841,-10.36159751380696,-8.85217309414865,-12.700513450047046,-14.469106156013176,-11.729130137830634,-12.809863733726447,-11.6098355006721,-10.04213575457603,-12.295827120016057,-12.25260602406778,-12.46019627575582,-14.175645343801689,-15.101111061026794,-16.03858230027757,-16.267362658725876,-12.800392704371587,-14.364992075126978,-12.926659197361985,-15.526264624828627,-14.435694529104357,-14.490894265295791,-12.732539546031123,-14.721124543462247,-14.2338235902584,-17.476123352563903,-18.53881026477999,-17.753894034314623,-21.69360351452588,-25.504311290776915
-11.051007394962065,-11.620181182657252,-11.796314679063542,-13.125044636510424,-11.498432293838286,-10.184608097469843,-11.894580643095729,-16.64555608856359,-14.247828404769484,-11.57993846158089,-11.97457002973282,-9.21804568597776,-10.615897503224389,-10.950178009519988,-11.23155275995033,-12.186170703274664,-11.429809295435227,-15.189189657658554,-15.72629461399802,-13.18130350168258,-13.561672244163123,-13.185754856345534,-15.06599345072019,-15.008995086135103,-14.630226821246946,-14.3934104967003,-13.917623698811825,-14.693845466410407,-15.960972417012265,-18.081679267639764,-19.101067682373927,-20.822665105822228,-23.5963588055833,-28.057477001647776
-10.886223089674973,-11.117778325730479,-12.368445473934571,-12.180548969268843,-10.678767354798774,-10.749560384943342,-10.750803035977574,-13.812440504304362,-11.636771470569634,-10.787143575826759,-10.282938309847049,-10.982656082911628,-9.82372755773603,-11.764086462943085,-11.425754416388687,-12.450346483791156,-13.521926285255299,-16.39907308477309,-17.52229870398934,-16.032389608430304,-14.325966900626165,-14.040821503703716,-14.101022460361108,-14.649026290856048,-16.6624515194824,-14.951624150177718,-13.458932097546592,-14.531945454126083,-17.021334525621977,-19.295254644324654,-20.393846229499115,-23.17639866785575,-25.165097598410743,-27.960393024142533
-11.452325430267006,-11.795426497366226,-12.301252655392695,-13.213928936260187,-8.471214576601081,-10.372510532923986,-12.42123919552886,-13.236735283432347,-12.044482457556326,-10.657959427191384,-10.861644008179795,-10.010828846316313,-10.405446798774449,-11.813377616032106,-12.18129045316733,-13.231569848338237,-14.120822144396685,-16.439029105748943,-16.568240487663594,-16.914163407791403,-14.886500364722863,-12.352838050405058,-13.843734073914273,-15.994697937591697,-16.366168630075496,-15.49685802838644,-14.199321849737988,-13.59592481038793,-16.25720448713185,-20.226756301406148,-22.678978544281314,-23.102012638745546,-27.396143545939015,-26.112053457399984
-10.880150719550082,-11.4304251833364,-11.700115330107064,-12.224392865927804,-9.626632414061636,-11.137628602873981,-12.38183372257376,-10.069947501544075,-10.859128670072245,-8.894524419196145,-10.456923856673809,-8.354224544205715,-9.934502307259665,-11.812331562981091,-12.66307925621433,-13.943514289542035,-14.773100494393322,-16.339229043980584,-17.587904309711305,-16.625274629802743,-16.445645587577765,-14.830489999947813,-13.867338123566705,-15.160155214201925,-14.039193218406439,-14.06676822260072,-13.60835398608835,-14.020399594053512,-17.24085623910884,-20.718110606412445,-23.764580710384294,-24.018459983264457,-26.47562528925463,-24.375641564006013
-11.124705451477473,-11.767432072440865,-11.35305059736392,-10.966836382323741,-10.566499354717578,-10.506596960729023,-11.143430689166625,-12.072721696025818,-10.271325722487482,-9.77150640042574,-8.40739434129561,-8.649036969404161,-10.542379877413786,-11.904540072107975,-13.008460853923525,-14.2488939333522,-15.181699590951718,-16.971763919308177,-15.11601739949659,-15.409310248972943,-17.24623574240399,-17.444767075247434,-15.93319449931773,-14.378068168193883,-13.990360692767783,-13.785034985142643,-14.865361685807112,-13.265618093185774,-18.201159519079564,-22.248071197712452,-22.93464597196119,-21.744397878936567,-22.953093115977865,-26.834987089845885
-11.297654974510255,-11.956863658828683,-11.251775289240895,-11.001803110280012,-11.54742598446456,-10.49532445167558,-12.267584019308805,-12.239019490545301,-10.063442448969582,-8.63880521408412,-7.699283839628005,-9.956658442624217,-10.542453719531666,-12.37645145235455,-13.298860211720124,-13.824261545169671,-15.582347919791808,-17.298615078507822,-18.15245885492464,-15.709007915067831,-15.542909106242334,-15.359361311020406,-14.623446290595334,-14.206011023114076,-13.803140897454176,-13.920774027089626,-14.352653846363179,-14.393768737953948,-18.010201031845718,-22.442037468532448,-23.10845640625254,-20.647767942783204,-24.178223873170854,-28.397092383032565
-10.985096505387059,-10.714491807701506,-10.342248234374107,-10.30996035532383,-11.433371408758122,-10.53628188175428,-12.849201241980015,-11.866526667564868,-9.9016565462857,-8.46640166965956,-8.150367457966945,-9.651178409720048,-10.588307952949927,-12.396692988942075,-14.032272258558852,-14.367198322034053,-16.36216129373717,-17.79262937054683,-18.80526359653464,-15.492190485686708,-15.831254270137947,-13.582529637448681,-12.55119477090798,-12.533463257208531,-12.649222286075341,-13.551166663585029,-14.332092766153561,-15.255450212077681,-16.44210584569277,-21.291778914311205,-23.337539581018138,-21.062062525646894,-24.85301459745538,-26.670737590585425
-10.487494219659329,-10.618361796908506,-10.573794280251072,-9.912006751566329,-11.146955662798934,-11.128964643275072,-12.985936459614749,-11.877741335114681,-9.704097249470985,-8.65615647228098,-8.532226035830316,-9.6308677717499,-12.055569724741924,-11.808619484512326,-14.513591416908003,-15.898753705378168,-15.896808601129866,-16.931925390910756,-17.261356132206974,-17.147192826839728,-14.278284821322828,-13.116607355486979,-13.433667989687327,-13.276228378315242,-12.523312854573357,-14.31159521008107,-14.874227882445583,-14.888909271678838,-17.0014387296375,-21.17846708281216,-23.268646143318442,-22.479236770521034,-25.099166363043185,-30.307149944658633
-10.575427321848439,-11.198578943711034,-13.01027175062347,-10.421199000994442,-11.339380196928419,-11.568965622745104,-13.035771282013524,-10.529824573878196,-9.42351345194067,-8.576805870743167,-8.949949375904641,-10.795721809907562,-11.725743728833507,-12.67735644751227,-15.639414414252425,-16.14284972351298,-16.128103592249968,-16.566874539088314,-16.2645574890893,-17.84416402945448,-14.15838745026427,-16.5878785008538,-13.723759087973615,-13.473732812451999,-13.627090473282204,-13.683925950560196,-14.963861076663271,-15.419877580802858,-18.484473202092676,-21.696724173526768,-24.39186362312192,-23.18656851091812,-24.91287089895809,-26.725623261360663
-11.428451928388364,-11.346844105126502,-12.082060997521811,-10.434556448550085,-10.755733416740059,-12.031423016273418,-13.227659752082225,-10.416559085427544,-9.568378995728782,-8.40536955329405,-8.995496618230687,-10.899982366156102,-11.772811248848734,-13.178976588769812,-15.82198007429905,-15.058134892255834,-16.086521859674118,-16.29767854921047,-15.814336860943627,-15.340422281323855,-17.210351049998632,-15.110234166238296,-13.519931042717985,-13.96348432156352,-14.177881181901679,-13.465284733967541,-15.120311869361053,-17.672355081771492,-19.439406766989865,-21.21073138801001,-24.40456299096924,-23.55919581043424,-23.271255545575325,-25.593776631008307
-11.03894942472632,-11.268565292260302,-11.536171626745196,-10.118101782573207,-10.412764156550095,-12.611033047083025,-13.079570370548607,-10.550563080040135,-9.758260002188136,-8.813849425024946,-8.11981663786921,-11.17712723622138,-12.012512128845685,-13.202580826179034,-16.850347278456717,-16.278888301239018,-16.46050523866992,-16.643051157474495,-15.437589457312322,-14.534968372068082,-16.987700851419955,-15.392978228924992,-13.483278309529036,-15.035769988868015,-15.099495438631568,-15.097215195054437,-14.818026532445886,-17.519065998820892,-19.20551063955648,-21.44839239876119,-24.033413069156747,-24.202723396617372,-23.931746643530666,-24.916833179399884
-10.868051023972992,-12.049930431671008,-10.260348209870187,-10.261896408196279,-10.952099437041385,-13.093836025123855,-13.869415077677036,-10.635787399959083,-9.170304039654432,-7.484002078893644,-7.898443552960323,-11.321348627071725,-12.022051404478258,-13.468988417513495,-15.814074451237849,-15.844086569494571,-12.637172131481195,-16.471783758520257,-13.980732030324978,-13.176866652211132,-14.291423486359484,-15.659766344521941,-17.06427149730484,-15.730001758430676,-15.929172111412548,-15.80513945170129,-14.601751550779904,-17.67111141516599,-18.833123986406353,-21.090571816328268,-24.026745574325993,-24.890784861613678,-24.23270233293884,-24.77717255917395
-10.592347631117926,-10.480417308739122,-11.636443842411886,-10.646609044200346,-11.60615082106822,-13.27622877849343,-13.323443084911696,-10.477452397376183,-9.5171181073195,-6.624219465005557,-8.274443779634662,-11.044950932094135,-12.436638922368223,-13.870939919156651,-15.822161650360213,-14.30999181166698,-13.800681595325765,-14.78957701138769,-12.585069458305593,-13.627048048312895,-15.973504418835658,-17.039253814446344,-18.395817933444956,-18.29571198713305,-16.627806120828616,-16.351477311380066,-16.040693455647183,-17.461823916967205,-18.58325168839357,-21.11265975434773,-23.203235435385995,-24.598988080092106,-23.92898654224833,-25.76024185594332
-10.408897345156932,-10.606571129274599,-12.354781689421555,-10.790182270689582,-11.652882109287285,-14.129510709933157,-13.301317624128888,-10.524827536297572,-9.171550456217009,-8.903991609861736,-8.339525033149961,-10.621511990818188,-11.70891626096012,-13.174282233368228,-15.258291426517308,-14.037374915985032,-14.250282441071695,-14.834552670578798,-14.199696603936042,-15.828503141889117,-15.190883728872294,-17.415655783409473,-17.538524387409907,-17.401152707141417,-16.280582520114812,-16.68622705522688,-17.913194331120586,-17.91041114446918,-18.279017884692937,-19.941027231490786,-21.085647159127586,-23.66961969650251,-23.03956705253944,-22.56405876406037
-10.625477943707912,-10.648580466141741,-11.019371267068196,-11.274754683016923,-11.486433505809483,-13.592003761453672,-13.186745233393093,-10.445744769421486,-9.500873811621362,-6.328971901559181,-8.448207755282164,-11.544249737740914,-11.701790795416052,-13.22405150328422,-16.026841434813143,-15.725839508799854,-15.024743390646163,-15.501782121328695,-15.453902611906347,-15.507003803166338,-14.873388618235689,-17.61297696786089,-17.438996457782068,-14.636850098674246,-16.015836875151994,-17.42736648754381,-18.68864826447203,-18.192411814838525,-17.560649522326216,-19.0617935892067,-20.31201054046622,-21.972783042505053,-22.71940730683248,-21.66838559552039
-9.941323749053076,-10.696111091951126,-10.599417756587124,-10.734523209360555,-11.72693554961255,-14.219927943625567,-12.608393689897438,-10.595168627006233,-9.894957134406107,-5.74610418642244,-9.078105056915334,-11.813458866866418,-12.278292842252283,-13.058062022224473,-14.602685702755345,-15.231042946638544,-15.550062116334004,-15.282545815393041,-16.322072228782424,-15.16612618953718,-15.263305258846875,-15.887360867275236,-15.220442578290532,-13.335740760291138,-15.626802378077892,-17.627014068290524,-17.850947237516607,-17.330364230672412,-17.679124563557618,-17.670412655539433,-19.74910707697145,-21.15687651175399,-21.175471185320244,-21.42896950476196
-9.872594931779082,-10.702638860159228,-11.42121049893202,-11.482035046665036,-13.101715983547702,-14.134365321595418,-12.320191847167543,-10.571236292081776,-10.276042700999945,-8.10851648421085,-9.641241470637903,-10.63382068323295,-11.613187279704237,-13.145920550514944,-14.311201138866117,-16.047748352048323,-16.850959670578384,-14.708030971196624,-16.390949216621383,-16.491367893287908,-15.423988324369008,-15.781755466979336,-14.122950450290077,-13.650940689437228,-16.020812857025742,-17.59588166137535,-17.802451110062357,-16.688250321237724,-16.505142755453484,-16.019259566601693,-17.597619224715974,-19.074016843180086,-20.840838548347865,-20.40934336606544
-10.019806968212103,-10.518155690332529,-11.270521863767975,-11.697167430761835,-13.582809974059145,-14.52977864000207,-12.09570871291211,-10.785349899841965,-10.919112204314283,-7.545628913291906,-8.926878923328767,-10.487161267502147,-11.517521073239722,-12.756000462539197,-14.522563569757589,-15.56285612821618,-16.00475186834377,-16.035148652913808,-15.74181971804633,-16.200725809046965,-15.565206848159368,-14.348859273409243,-13.789012128279039,-14.695488655269548,-15.816729471988559,-17.361665075312377,-17.72484050096597,-15.781034688746423,-14.331367035034832,-14.395976010021409,-13.841740796759835,-15.09725543675479,-20.664697411389458,-20.08873810015605
-10.3145861594958,-10.668090004544723,-11.216539030820126,-11.663435579855703,-13.72149439538736,-14.4614192758431,-12.385530475475056,-10.869926413317778,-10.461521987774505,-8.838979317159101,-7.584907665784254,-11.012102742832896,-10.080998129370283,-12.183634417355696,-15.296747645156346,-14.078094701744847,-14.946007897859257,-15.231878900652744,-14.633351637022939,-16.234765809337393,-13.553345502605085,-15.217423972323829,-14.787374906800297,-15.659425153205637,-15.658971370524611,-16.104440450522347,-16.539855337499922,-14.060407206813988,-13.767505949445404,-12.950009165854404,-12.315936660287896,-11.913941832352645,-11.722878709128445,-18.150168894524885
-10.20927794771233,-11.117730761878548,-11.494393149229893,-11.860039250637916,-13.532354746996589,-14.141923286496345,-12.72925432556553,-10.713845517290665,-10.867895658742306,-10.393557584906873,-7.3840113115020225,-11.673365939871873,-10.381653553990034,-12.13028297080044,-15.010374615403169,-14.55830134003565,-13.231474155139859,-14.596864405192433,-14.411348313816406,-13.157854476619223,-13.029008693249768,-14.987260497647974,-15.603051078102816,-15.556201841343295,-15.037170958204728,-14.101549016444256,-13.5309812073091,-12.648404297304259,-12.500636107065763,-12.110155943445045,-11.399736239872528,-11.763059971012778,-12.170290486046627,-10.292656889174753
-10.407559863868228,-11.23446182514726,-11.699231888633708,-11.850386724361927,-13.279445996546666,-13.471207178400995,-12.95863560618945,-10.738741849671351,-10.733110420194459,-9.740306186497486,-7.000202749028938,-11.044423579277016,-10.921835575474516,-12.836295235132276,-14.162156944727148,-14.99259557711427,-14.652980271325104,-13.440533080189798,-14.14654404510264,-14.131404223723406,-14.493885174136745,-14.504810939533952,-13.713418269684718,-14.481892814607473,-12.448255827273613,-11.925290344331627,-12.672887935467378,-12.195715786180985,-12.032688779320832,-11.608680219052937,-11.344993310709839,-11.122737241985872,-9.807481989809645,-10.678655215527813
