script/wind50m.json
{"header": {"parameterCategory": 2, "parameterNumber": 2, "lo1": 6.000198445256149, "la1": 58.999992894266676, "dx": 0.5, "dy": 0.25, "nx": 22, "ny": 24, "refTime": "2024-01-30T06:00:00.000Z"}, "data":
[rows 0 to 23 of 24, columns 0 to 21 of 22]
1.2898865136883673,3.2440933931182423,-1.0266281114624323,0.6635587138624021,-0.016835049704054382,0.4742531532143757,4.249033529681657,5.0047123665533055,0.9779995780721067,-0.4708122975439302,-0.20983787721677336,-1.4933386682303678,-1.4294108302923456,-1.9386531217643066,0.2295953166079038,-3.2865518452472835,-4.286405241102882,-4.459799830429752,-10.94448850374077,-14.356282050755627,-6.0882012922427,-2.197980745963929
1.7807330673880082,2.722116406096134,-0.27589215890181445,-1.3172867475397037,0.14764699889172261,0.9726877335171059,0.21709676361320748,-0.21200049208158972,2.4885221310020973,1.6684420448719524,0.24346668801648133,-0.27912921532857626,0.47385168154333424,-1.2392982161930168,0.2635775043366465,-3.0359621337084834,-4.620351038350134,-3.3756428984860505,1.2560369012453982,1.3375130903019965,1.4131871277231978,-2.7933448881161036
0.6844694335419848,1.9216510194813956,-0.5758521579361646,0.5602160783322817,1.249147893229029,4.539365852617083,0.9028272091644098,5.02484463482777,0.28606063170042717,0.48998282303806906,-0.3820557967706506,3.1600781597450256,-2.5317086082869604,0.2732488044242174,0.8555906937138463,-1.5047788100264914,-4.723533095251968,1.3171309691104471,-0.7614799553566045,-2.1984853137429066,-3.7039555617955155,-2.618936000867805
1.795582821027549,2.6494338158551707,-0.2894604890818644,1.0020082159136061,4.752432161999643,4.305530066400965,0.580313380321933,2.591487341418913,3.107711195157998,4.611263835544408,0.3498991455339,-1.063343502422657,-0.19663550498467072,-1.9128688166406747,-2.248515137270226,-2.307516803310682,-6.335465914910139,0.24892454615091567,-2.656579177791337,-13.572597613403573,-14.410170386871028,-1.8000069027767527
0.5733982961775543,1.3057754206040788,-0.5765070439134274,0.958145124742505,3.528549576684272,0.07717075534974617,0.1833275709579657,0.9184905308558414,0.8598165694040243,-0.710703267197648,-1.6721050146669119,-0.8282598656158614,-2.1106989963813167,0.4894042867790019,-2.3015755938776405,-2.3383206117877764,-3.5621468896654926,-1.638971554495992,-8.502400802040048,0.8235006832627129,-1.120846035395135,-2.347279630207225
1.186023766421272,2.7811765738495846,-0.5348536117876516,3.1165149541530544,-0.45830166210248563,0.5485437856965653,1.0596811712224872,4.993762118553521,3.918117535280463,0.32912286646455385,-0.4251549757121561,-1.3553792665985782,1.895402076242964,-1.891862069827694,-2.8637482291758056,-2.0094344942669164,2.082830795840186,-4.131058605179423,2.156069999851835,-1.5654977128122627,-5.726545679509125,-1.4037805538056904
1.7713345390555177,2.600272381795827,-0.43704197754609403,2.6415324798239133,-0.07938709587650869,5.2261384926207795,5.358194702554847,-0.04762320806040513,0.836308488688658,0.7157127476916019,3.3224934700679216,1.358826398840902,1.319503340414601,-3.0829032465348867,-2.958144627018642,-2.9610020299284368,1.9215995751063524,-5.357755096029755,0.7690090607358886,-6.47084462074905,1.812054826865607,-2.0045771010461855
1.01296926658452,2.145292955763076,-0.8707641436311134,1.328730108006182,1.1767013557322978,4.59633808878093,-0.18061221380501255,0.9736733756222797,4.319810393372287,1.5803710547235281,-0.3949440318274129,-2.705887562826517,-2.69826503613034,-1.3228934293911205,-3.9257632964176903,-0.07883214254956812,0.09147372348932195,-5.734669024088426,-3.753595016882973,1.3367067848363847,-1.7094907051797303,-8.340475627278218
0.7168160517105322,2.087664006342442,-0.8729936593649732,-0.09901621416730265,1.9292588844944176,1.0373281469751978,0.8317360816097612,5.189719598121078,0.7653566276859248,4.391392151184792,-0.09058326951644519,-0.8321397365919597,-0.8646026443414297,-1.1206845044048637,-3.7244943883204535,-2.1252069115987773,1.0498617813518638,-4.038244008150255,-6.8679333169088626,-1.8520703081453194,-12.74431718771487,-2.4421052180169873
0.5411166474832599,0.6284039610559532,0.12378001459704581,0.8528987373885918,4.0861107374009284,0.7583536291559079,4.173306476218643,0.09735082430877541,6.401909823565868,0.4095570090146136,0.366156773133858,1.1157997059264089,0.034952671352378444,1.103303579810946,-2.4178232406682647,-2.3653218881937903,-1.3446492940872457,1.1957507891988055,-12.387567447572584,-3.412396337242065,1.0714050518807137,-9.735450838035293
1.3722517249764794,2.3868149610625657,0.7761210881938554,1.0130156954611231,1.4913280215422542,5.0105846011163075,0.1472911450139761,4.962884795371428,0.8075500828145684,4.487484044973907,-0.37732091567102904,0.33324615328557206,0.0646850671075505,-2.0794680269707917,-1.8888667169515048,-2.216357460664398,-2.8587604353007534,-1.855927245880095,0.605765088822589,-13.538114988041556,-2.4402698672420753,-3.299827495794657
1.436668492254151,3.3273748779221797,-0.13664682873327683,-0.33369673744468414,-0.49782653635470714,2.6794569978662652,1.479699289167214,-0.6192170245207591,6.011574181128365,-0.7366616300438703,0.6134487166068048,-1.0917286894038762,-1.2468549088239014,0.47709669697406826,-0.18482211658829759,-3.704277608295725,-3.2378518394866758,-1.5320182457267788,-1.796309824239893,-1.1643776536609336,2.2211407600815845,-3.360702651038544
1.1177802790037308,-0.5557083204002812,2.7305661402196986,0.03112099099732152,-0.746525125165376,0.581417813850637,3.815338114933924,1.6933588379177464,-0.8562028606335662,4.809597274793529,0.3015656655047223,1.048310217292128,-2.4790235516036025,-1.5660338226154484,0.6763294490972667,-3.15309751378224,-4.387589587214129,-6.414582699071874,-4.242367576563423,-3.391992663209339,-1.8397141897864475,-3.4688518880743824
0.8791298147117935,-0.2443597794056659,0.10699092528244183,0.8699630141251047,1.2697349368919812,-0.9087915681671515,-0.12650932283776833,-0.14399355946320722,5.51476539799166,-0.7465516760413853,-0.6050871381149058,0.7547911023928838,-1.4679528668739112,-3.458268076688106,1.4050626169653362,-2.322895006833377,-3.566468492820924,-7.346826771359256,-8.055179769685871,-13.829008223503735,-6.999257088771748,-4.2956588415636965
1.2250973761028217,-0.20785164783782328,-0.5351152024318588,2.751576414755043,4.45177222611827,4.52356737652722,1.3494510737949934,0.7456195887993317,-0.9834632981819972,0.7420187188071298,0.8460645619731845,-2.5006622009346167,2.6325849954837794,-2.32863073980789,1.3563020219033843,-2.472151083211244,-5.071290855965782,2.79216383308506,1.3273522007438536,0.8356053311446968,1.486044514939906,-2.5016327952291846
0.3959873674634802,0.8587929549949195,-0.2600958145198663,2.5245445138995444,1.1170653125544896,-0.0630304791728477,2.8688807350926266,4.869409620924811,5.352588363862408,0.5385445874292586,0.4627507593532374,-0.3713286058907892,0.62929964639114,-1.6493018001504365,1.0479015449381393,-3.0006433559691454,-4.7787761262887924,0.6477583532506834,-0.015036814186252,-3.27480255774124,-3.7838012638358065,-4.335711847720896
1.1221777519550074,1.4709911715038766,-0.17212176776681054,0.19542809498765598,-0.04107346096756267,-0.08399374979713808,0.5854903794317338,0.557106271550501,-0.7364321562620376,0.09567295829240204,-0.15557985737101754,1.1590668171329759,-2.3985125759103805,0.2750471026294873,0.6524238066366698,-3.9010150477670975,2.02115754970862,-0.38400673302401434,-4.002913134606517,-13.66084500859724,2.3397150903004857,-1.473817306967646
1.0476275865442393,2.6396859578349345,1.463940578008231,0.6328260156842814,0.3265382162903228,4.784474358586246,0.7179796744141674,4.316056118153184,4.918402340172037,4.514921293467903,1.1542641339892767,0.5846504782861055,-0.5325622909692651,0.818209310804712,0.9611191818965822,-2.9571901621026884,-1.947857978098409,-2.9429600833894614,-9.147586189428345,1.6040401427458422,-2.5519069501289597,-3.013448554230582
0.9747969530407992,1.4420403773170514,1.476985535948221,-0.6811182195649578,1.8562331748784318,2.8573468570604437,0.482362324780887,-0.26799244513025644,-0.4304175309504531,-0.49182992694527905,0.24663398189563665,-0.8450431560782309,0.2664521774833166,0.4886455526212554,-2.4728522465837575,-3.213558834462629,1.2566409828738685,-7.055423037185621,1.6073853044098878,-2.061425381983415,-6.020136315492834,-1.710314073608575
1.019670979411393,4.369564167508547,1.2568304382885755,-0.5499636274747135,3.964903793046994,0.4123825646473285,0.5484228832800399,0.5560627121184396,4.720271796175738,1.4009518892150077,1.862283472138903,0.3492288787391018,-1.3307847512495863,0.25236002125983603,-3.003853550196393,-3.113215352192647,-0.48433329076036646,-6.166672799125373,-1.6311029026693231,-14.614490905581405,0.8049068027457461,-3.854777297831517
1.4302352054596597,1.1678341168703184,1.1699820605004667,0.7583510441943211,0.9293410003127061,0.1967049340803477,1.5679621962785335,4.687257524348376,0.7720049070612657,0.7158122994457916,2.182078510033994,1.6904598221861986,-0.07480169165509064,0.14625107204632,-2.8434561638100093,-2.9858024423970955,-2.593193854095218,1.2530285044939502,-7.404299844902824,0.5149328470651479,-5.28120815703384,-1.7663430969609377
0.5499322814120602,-0.4864979900495483,0.8082420963508823,0.8289831575347627,0.4628219992177403,4.369886108025331,3.0969232655132743,0.3458352703298033,6.049063194595637,2.494934305170218,0.28020714558459203,-1.9931681278870441,-2.6432875392364665,-2.5465840601864573,-3.0926690358139592,-4.265584656064351,-3.583133896347419,1.4775189952940175,-9.088778995224715,-0.4614426524397267,-14.575893892843474,-4.606768632184732
1.372801802185273,-0.42928569289066615,-0.848565890746344,2.485078270651844,0.3873366923704276,0.21907269407684787,-0.14953795026860753,3.5085988722565684,-1.4256470089772226,0.619117174301627,0.3068856540801807,-1.4311323783978005,0.8810818190548116,-3.1101953560031097,-2.847732613355358,-4.098814799227651,-3.9209813375832003,-1.8151602546237842,1.5809701245489822,-9.436443495995048,-1.2765746923501158,0.7957281105010146
0.8931853461305637,-0.53246037097513,0.661382416371753,0.5392935743738436,3.5001438963291363,1.1624145124605831,4.990306797046574,-0.3682914499997921,5.397656244819847,0.23125482645167483,3.6010900517979514,-0.7538288633349713,-0.7242412476725579,0.3594765282332336,-2.833512552621652,-4.3355355504474655,-4.4475721101569965,-4.152854763144685,-1.2132556984539908,1.4919628581191757,-9.255797882119346,-3.1190168634326865
