script/wind10m.json
[{"header": {"parameterCategory": 2, "parameterNumber": 2, "lo1": 6.000198445256149, "la1": 58.999992894266676, "dx": 0.5, "dy": 0.25, "nx": 22, "ny": 24, "refTime": "2024-04-12T17:00:00.000Z"}, "data": [-0.2894348916440126, 2.0618037139663294, 3.939696477756573, 4.930500694290847, 4.414698185082221, 2.9062992718530327, 2.7525535185084773, 0.971277602951018, 2.574983154246386, 4.3786988887083105, 3.263631444170997, 2.191924349435875, 2.392616299584587, 2.5854515782964054, 2.8208796379381513, 3.7827540080071023, 2.8292300348323245, 2.1404511832938935, 0.6196440239928409, 1.1415506651934413, 0.5494863726692976, 0.1407234108114223, 1.3409718017351804, 3.3929881205895533, 2.8947933100373975, 3.4745395924338394, 3.90163157174075, 2.618063776500944, 3.1470127685555775, 5.625872679870071, 4.565491256174944, 3.9536051403728107, 3.6534707091714425, 1.7140796100814724, 2.7594863507668292, 3.2222090793761184, 3.88317994855593, 4.653391225749832, 3.695403934045809, 2.7789264240860523, 1.1952055976850573, 1.2518640137757842, 0.5092028500724882, 0.45656854073288894, 0.9672868928440442, 1.4527989716800864, 2.0840665491075896, 2.2253105327846434, 2.994258656852146, 3.0774505086723, 4.715950580637096, 8.29509114076656, 6.037205934587542, 4.092331518565623, 4.900325448682188, 1.775169650280065, 2.548828779365692, 5.5063598937146745, 4.363547864028482, 4.447831813788979, 4.004358049702809, 4.046386856724814, 4.3855146852491895, 1.770444143904088, 1.6041809990023461, 0.6505432458711049, -0.057771881236630115, 0.6301868066679697, 2.3203409602826732, 2.5557456226547206, 2.9588805916379606, 4.019133898840026, 9.238595259583338, 8.63193154133202, 7.010714610537268, 6.331588310256689, 6.2227356254996575, 2.9164690986464095, 2.9371751580126055, 3.4319178902299794, 4.644286848724586, 4.665391408687462, 4.189813405786448, 5.662277294805976, 3.4696876274434847, 1.4392710743346915, 1.5551583810305019, 1.0913174175833487, 5.1560365257065435, 3.7412964658727175, 4.5851659699423175, 5.853217134296427, 9.531748951084472, 10.082575969247875, 10.355621512600251, 9.319623212866809, 8.262038662228885, 8.673265296894073, 9.117421899179044, 7.828716953782975, 3.0978379055144556, 3.3661016347225754, 3.7747681665029673, 4.573406220484274, 4.375420724250489, 4.5862812037618585, 4.642480718551929, 3.509995403078753, 0.9885396929784234, 0.14788641803918143, 5.539477190168893, 5.526979293235424, 5.833380300237568, 7.432151554316275, 8.157824895510647, 9.903276524616915, 9.618269262010408, 9.432113659525836, 9.770009308098466, 9.730962741971473, 9.777507097786605, 8.894522569819294, 4.285080290121069, 3.81955726998989, 4.491457158857188, 4.4179166262092755, 4.711588589130649, 4.7428155174393725, 4.085910255989605, 3.656184495234923, 3.886341183905445, 3.057505505858843, 5.7662529325029706, 5.840738622960802, 5.8142564876609795, 7.078661387613788, 8.200288190735007, 9.197171626609824, 9.246440020148711, 9.390761687109714, 5.823751480388117, 7.410700663069785, 9.49530773849981, 9.17879374023956, 4.2353416322839195, 4.833854723855795, 4.7501106029887525, 4.853595480592313, 4.611736345849127, 4.717822729082166, 4.50140702168578, 4.121477409509221, 4.225740704869894, 3.5030422606055667, 6.096075224559372, 6.250954050868807, 5.722484605083039, 6.458776624787254, 7.766025406800856, 8.342973678440034, 8.881553918155351, 8.598791293275147, 5.294923940317453, 5.339886082030328, 7.219861920329533, 10.124149857830536, 8.56087278197328, 4.7618379265693305, 5.1124801411292, 5.558292473504407, 5.417861303135601, 4.783333960771591, 4.220697202057336, 4.398693883154699, 4.211751899000427, 4.52321582201884, 7.063770035412219, 6.230959167515361, 6.027551657190054, 6.31933951825739, 7.586526928138699, 4.148191186781176, 6.780555669398577, 5.555688548297564, 5.582406326297594, 8.027391465185085, 9.017392556869904, 9.500721996347835, 9.84783698130605, 5.970430574394695, 5.514579054917157, 5.524992629370462, 5.855309329461863, 4.939290083353225, 5.180642552785503, 4.735516289948154, 4.428765068672674, 2.142619799333559, 7.1011753425449236, 6.370327301950407, 5.653460887545894, 6.64280562953952, 7.490931113913359, 5.87579992685633, 5.066533610911095, 4.931812824092695, 5.4924437879219905, 7.32365714148309, 8.300395149175536, 10.129551864202305, 8.840815797954201, 7.9510820564489615, 4.584811195389932, 5.756495832556928, 5.922889831487123, 5.512766858620839, 5.170657092616809, 4.999108137466607, 4.364781887433433, 1.6148368885959528, 7.502606596794088, 6.769644710262882, 5.698032806785828, 6.0645929735118616, 7.066446234596756, 4.436143390456134, 4.616285789161695, 4.7425477281301465, 4.96636390797609, 5.963276938126293, 7.642767541494589, 6.8385782923176555, 8.809406008152644, 9.113947239682599, 7.793498955607163, 5.7082238357489175, 5.225554853654883, 5.336893312706353, 5.192035192051402, 4.778272376228312, 2.7718230407355544, 4.6614403408360054, 7.356217781882269, 7.509307370505452, 6.746444368236167, 6.0494080368085745, 6.88922916708047, 3.622434526590604, 4.464895690273903, 4.804195665613197, 4.858296583805425, 4.622079607692608, 6.158246083239492, 7.89862333489249, 9.04701316876726, 9.956468261153091, 7.476222811709156, 5.927798106652523, 5.476044109560842, 5.463577160066604, 4.507883818777238, 3.293249125047748, 4.920554483644793, 8.421600680281783, 6.749263918750815, 7.119501448128818, 7.10970056532238, 7.658523698333624, 7.507390267755081, 4.717911145818719, 4.490447180239525, 4.1644018179582165, 5.145069979814414, 5.058912132324945, 6.945298346517872, 8.99548605100423, 6.819349139345773, 6.69657512433134, 6.507843547039452, 5.501572026234595, 5.827558377347842, 9.062739611080161, 7.248975626029718, 8.758760352492457, 10.01250571312185, 10.531386549189683, 6.327715343736923, 6.815147500781513, 6.9953667253014755, 7.628717932637366, 7.320405580162633, 4.523526599321736, 4.504271901546992, 4.098829241711985, 4.431141283230495, 6.966424893149524, 6.296063565417215, 6.314620438819782, 6.896432097331001, 6.173743125661553, 4.103389855224228, 7.467901763877901, 6.446844074913885, 8.02769986599868, 8.274761334318711, 9.860748589143883, 10.340910726362372, 10.366239919946214, 6.209903927303244, 6.7262602012316215, 6.9579180513178205, 7.322673579784724, 7.8429889510137505, 5.201395898862093, 4.697963703312246, 5.061235349212172, 4.879567331640414, 5.608454659571177, 5.429922698866075, 5.8976190989793515, 5.788638151937833, 6.89261953645247, 5.442713531193527, 6.517877892654864, 6.405907237806554, 8.281425629753311, 10.07859118214327, 10.286505983619962, 8.090739860050437, 8.638583807215882, 6.4134953136321995, 6.569867485585703, 7.034870223263088, 7.4417602295534095, 8.198594665798234, 8.25188874723529, 5.221745100874557, 5.014073501560515, 4.359240004060295, 6.054027866778775, 6.285224596557927, 4.828337551071754, 6.4012827403727295, 8.156345922216858, 8.254662756302988, 8.270400449571664, 9.04653789213618, 9.237014708715137, 10.777481374530419, 8.662518565236738, 8.584678777061045, 8.404373255329087, 6.340992853832676, 6.841034818820846, 7.22430869817402, 7.5470233539562654, 8.229145912500316, 8.393660623954707, 5.172553181048976, 5.390064902050583, 6.362662420261184, 5.817338855037684, 7.8938745228847225, 7.552753725037415, 5.87382380048265, 6.51785512976944, 5.855100278935985, 7.563802168808233, 8.830044246799575, 8.873943873657158, 7.809154033870142, 7.366584625866353, 7.169698202665881, 7.441650060549925, 5.9837939840286465, 6.625770564306744, 7.241957232555814, 7.706966488793004, 8.247969096625464, 7.29338498843328, 5.249356180320568, 5.637362759580165, 6.340969528317459, 6.03954617827635, 6.047891188368089, 6.1348456189766765, 6.723741180737346, 7.02298431684029, 7.219558610774193, 7.75310144048637, 6.63296916544513, 4.5390225417863075, 6.610385463085394, 6.113921661508054, 6.589380727549985, 5.887382810051182, 6.0971215536588845, 6.717986116194274, 7.107594640010046, 7.658950132604782, 7.876266521563775, 8.615806932979556, 7.208154319926114, 6.0501726647381435, 7.225453657917481, 4.494283034864148, 3.86546261133669, 6.628891775237812, 5.387089802978659, 6.18989990248161, 5.1909593311236755, 5.206913019091301, 4.775798765664237, 7.144728513840105, 5.941984042419962, 5.412529394708905, 5.331934894376609, 3.953570425925543, 6.536205515744359, 6.980424410113382, 7.656093404874943, 7.782986150057519, 8.307598874655516, 8.582345301883828, 6.635692430879143, 6.722922300853096, 5.67523407470585, 5.105647652590785, 4.541669316563817, 4.209431070037893, 5.868325689517024, 4.813289480270815, 5.099376392903461, 4.6727727856231756, 5.410002872281987, 3.949177298296131, 4.623241753040138, 4.322788731333261, 4.986391801762214, 3.8373476171997396, 6.354981751523241, 7.35593699137198, 7.5757602764783325, 8.191416890534029, 8.229316175733187, 10.221004007730592, 8.104101237980533, 5.4660639754452465, 4.803490265567547, 4.552148746262997, 4.2622605884134614, 4.442036161286547, 2.658112498157386, 3.5391664429440732, 3.3306209815484804, 5.075895282435619, 5.952962165090802, 4.109489359744635, 3.090679069537297, 4.047770516472849, 3.0963375121187444, 2.8036994618131237, 6.554612556642637, 6.372318746475278, 7.872617843397656, 7.347759306870067, 7.476605535955619, 7.650303394334985, 5.222796865939883, 4.49157277066708, 4.507531845038713, 4.333639176436659, 3.6967079388084128, 3.5460945801228307, 3.6400250116132633, 4.26717380504597, 4.456053291564766, 4.845687905116351, 4.668988242392199, 4.613300250330418, 2.4257295406850874, 2.9341059556907534, 3.8990915544139835, 3.0761153812433424, 5.646088962994136, 6.519892244818985, 6.238578093368869, 4.0295386946588945, 4.098965850323043, 3.9442791669782484, 2.191144773875878, 2.490500322360028, 1.9557511307603714, 4.639506580702641, 4.616265620365241, 4.514677916071538, 4.155742611691943, 4.537899633756163, 4.861040736618555, 5.343823606377555, 3.786492216521877, 3.026369667154772, 3.8885010787651995, 3.366334835605405, 3.6737496676625736, 2.5081150588424506, 3.7593871332719493, 4.493824334479531, 5.051167278437485, 3.6324892185579407, 3.9032081024250402, 3.354787111142452, 4.8325699810533145, 4.792054003348883, 4.501979224751043, 4.608258709757885, 3.386333955998349, 3.465820680156193, 3.855242016177014, 3.7766832787033597, 4.304733513770673, 3.846249682609249, 3.9745727363266434, 3.3259624795879454, 3.164308732492595, 2.829471520830171, 1.7609156142522102, 2.7794424341263464]}, {"header": {"parameterCategory": 2, "parameterNumber": 3, "lo1": 6.000198445256149, "la1": 58.999992894266676, "dx": 0.5, "dy": 0.25, "nx": 22, "ny": 24, "refTime": "2024-04-12T17:00:00.000Z"}, "data": [-0.5669189671955432, 2.8771624792611403, 1.3782966120533873, 0.25764236736715534, 0.9141125670163942, 0.9490142630122779, 0.7759713593153249, 0.9469991255793553, 2.414648346349177, 4.834407541759493, 5.029726891843298, 1.74567742089387, 1.3550992535820334, 0.9163279996109392, 4.25083996510269, 3.647337868940077, 2.2646423588216322, 1.0230335401208541, 1.3822512005839798, 1.4873579614555024, 1.2445106565911765, 1.4044197056095518, 1.5534498693456913, 0.34959288065448413, -0.09672546476252214, 0.0895168719136643, 0.8794789758024742, 1.331336204418214, 0.965614178682512, 4.39898931259902, 7.045273966071656, 5.393483686996883, 4.25048206787968, 1.2232983248314904, 1.3480548821562535, 1.41127915779422, 3.1222410286487, 2.410926203183992, 0.609053242075547, 1.0812789755927181, 1.5904278734457378, 0.8740134264485898, 1.2695111550618778, 1.578161057019951, 1.5047781903554056, 0.4925693703381415, 0.6331442825812932, 0.6546758927152446, 0.99796663916776, 0.6663975055508131, 4.7111067108610065, 6.133815071838922, 6.320135522908517, 5.2056368950886345, 3.2812865978267225, 0.9930101044744434, 1.139730380586792, 2.4081333465998154, 1.6340474862899697, 2.346927071741859, 0.9082270606066859, 0.46386737177095394, 2.8004109574059783, 0.6114331472427498, 1.513167890527236, 2.0514294933632535, 1.5543437966753735, 1.014143230385835, 0.5280636578180378, 0.7615127242674367, 0.44494377823643666, 4.168701889860049, 5.463140112226142, 5.70687190833071, 6.1820911132877425, 5.1495110499789245, 4.2563211056600405, 1.6101743492602736, 1.053178972997725, 1.3761471410975739, 2.361667185536737, 1.6967716671366362, 0.9888799475737224, 1.8537966007405031, 1.0713738818342302, 1.3404199812138353, 1.9554212132776003, 1.8631740913048256, 2.2275450375745596, 1.4568986958668704, 1.6389241261864096, 1.8910260694303298, 4.27265431024777, 4.010536620132128, 3.5120167123444843, 4.420567108583923, 5.171987112775443, 4.7817711783235985, 3.145419634344837, 0.4443961795369115, 0.9136260941041396, 1.5493947091545552, 1.5251950092545896, 1.2558934605223118, 0.7754804637996028, 1.5706786111464441, 1.2001808936266793, 0.817274650859508, 0.6543334585198103, 0.7232464746271905, 2.614652469065907, 2.235302706271108, 2.386043368840206, 2.646439652278264, 2.8582019036540576, 2.869449703175916, 3.4970162664326634, 2.8255426939406814, 3.886479271873582, 4.395827160505444, 1.742757175864776, -0.27469305425851326, -0.16435206530600577, 0.48398117366182825, 1.3736894065806273, 1.0745124003122473, 1.1776414771100132, 1.0633106635529697, 1.5612478919179005, 1.6327370690320369, 1.7026933527496226, 1.755006662452963, 2.696015166728147, 2.332008968065021, 2.374865986529421, 2.0022150066694007, 2.208248973790845, 2.3258084696953696, 3.3451605759936, 3.7647439794852438, 2.6039715191741046, 1.773626885610618, 1.5848009297265897, 0.7562422407641443, -0.2467064669415249, 0.22912105891388446, 0.7235950083925434, 0.9425045256788255, 1.0837839739685133, 1.3589952551113575, 1.8134964674587226, 1.649675570128847, 1.6591841991661893, 2.009346879305641, 3.1012855889736604, 2.4651493767115773, 2.1847745394459808, 1.8912051559574383, 1.5898100351565818, 2.3445580053028836, 3.4483412802312805, 2.9109134221777224, 1.58678837506453, 1.572021289335766, 1.7569029059777626, 2.0823514038313227, 1.1398016401692361, 0.5724370766612124, 0.9627593126288192, 1.2208837220336881, 1.1895962561285707, 1.302409907542522, 1.9541027281100247, 1.5500507154098075, 1.4740950937513173, 2.620643433389814, 2.8304296120161605, 2.238722785409304, 2.3337122147940557, 1.989531505505949, 1.874375305366365, 1.1095960559462887, 1.916905509511504, 2.299643003690012, 1.7159492777283674, 2.344583017921437, 2.6965908742399547, 2.620081911433885, 2.559266918286166, 1.429008408313599, 1.1475591385031527, 0.8964368975885816, 1.5564956527223324, 1.574448557222511, 1.6638952129733466, 1.2099733825818768, 1.3397303831722973, 2.8799201026889683, 2.827931064567269, 2.5406523531578236, 2.536384526361216, 2.2208866753586873, 1.7421653417003806, 0.9116656170961142, 1.7301035670199723, 1.721332082185675, 1.5768167985871246, 2.202405943695371, 3.2148472308834566, 3.7652768208038383, 4.123684068757078, 4.941765504774441, 1.909891432585336, 1.63445923252468, 1.708310424067274, 1.4594869857850103, 0.9624213429547226, 0.9756483593862428, 1.5134518934260885, 4.911098135130858, 3.7607019902202947, 3.032901929642394, 2.992902881637363, 3.1224456179746674, 1.6801890996158888, 1.0792507124658073, 1.4788925397800015, 1.924642731860953, 1.9029729283707897, 2.5284339171844916, 2.576150630434823, 4.30824160565842, 5.964315379958928, 6.234948507260709, 3.5061999111885767, 1.5820008660765614, 0.9553797388137247, 0.7903633878873045, 0.8238380818827284, 1.4212726819845916, 2.3251299667878773, 4.5812985163392685, 3.727052090203069, 3.546988580026198, 3.668573572377308, 3.6262665267785623, 3.9681298368367544, 1.1014557933079305, 1.6639424600205202, 1.8585741478163271, 1.5177781197533309, 1.9434877286137413, 4.120307123359645, 5.073425410964352, 5.8168505050774515, 5.024457859220796, 2.0088140666015843, 0.9569960668072078, 0.5845395537999745, 0.8450785152045076, 1.2421655843867805, 2.3314847846783673, 2.7305546538072614, 5.354900461765686, 3.6050210373649656, 3.262283093178213, 3.5569884084802865, 3.1030070951855624, 3.2071137646020307, 1.5633350668549637, 1.2102963764433632, 1.464226498186212, 1.8880037265431642, 3.2512011164999914, 4.75894773817719, 5.4618861077437035, 2.87053430274679, 1.7785436909202657, 1.5373871872201146, 1.5282615612291908, 1.3682836141808807, 2.204661631742733, 5.775425191060782, 7.735491338177587, 7.3483439615319, 6.4353171040353025, 3.899287934286605, 3.6598085174812605, 3.1812733648112568, 2.8869613438778736, 2.3002346830732954, 0.9480243075268275, 1.3804420454983917, 1.4844369087528735, 1.8404697743076341, 4.492681869694065, 3.5483606478589462, 3.242677559946253, 2.5052243065779893, 1.9323027781849256, 2.7603000382015055, 2.427525637329111, 1.9676786774286825, 3.84918545441294, 7.282353683440621, 6.667240202774342, 6.396479856209931, 6.008785945549745, 4.045498285041251, 3.6192574002786753, 3.490698658645947, 3.555525277121213, 3.3544695753414446, 1.3252501751931753, 1.6384523347842734, 1.9789032495690708, 2.685014687844734, 2.628171512663471, 3.289506436226114, 2.6359391620832935, 1.830745947955447, 3.1965707486408417, 2.983072068568357, 2.3897953627970354, 3.2557015441596637, 5.3639826076703985, 6.005666149060081, 5.698205725758467, 5.813701676957936, 6.310327646189788, 3.9569888714723325, 3.8194712006074214, 3.517367417710773, 3.622064351982303, 3.762785626122352, 3.427593383198186, 1.6821192401664395, 1.7132044260980137, 1.997591737003281, 2.5977226299571514, 2.381067131888572, 2.8467573990481028, 2.918273764181028, 4.26027428469967, 3.8747008669196985, 5.079809795127567, 5.49321429331327, 5.552822397300414, 4.204687122134803, 3.898252106398136, 5.980525301864985, 5.618133237928718, 3.702227308663579, 3.7168194831407293, 3.714279420417931, 3.894795847056451, 3.720596608805574, 3.1388894772396156, 1.8896178692334658, 2.38464499499821, 2.7293445407243513, 2.6607845815820657, 3.03896538143245, 2.298777457477904, 1.1251269055208708, 1.4571229560179686, 4.927983652350864, 5.067954896855316, 4.98953955780253, 4.502968293621215, 3.4745205805579493, 5.1623292520075825, 5.102985942616353, 5.774246329619487, 3.686491139523333, 3.828185249548937, 4.155582875835334, 4.0414988521108635, 3.537054412840403, 2.925020283391348, 1.811236177957167, 1.5917202360321567, 1.0301733661998078, 0.9250450719610218, 2.019979448734439, 1.3533883159708746, 1.470928042168923, 3.8969191128719722, 3.7355432285268986, 3.7137705972658233, 3.3080827184430093, 3.9094386547422806, 4.474985781765362, 4.571504069746919, 5.306069753378223, 5.478110302335372, 3.5455958499886555, 3.5831223094814946, 3.858694565982395, 4.055978817047267, 4.164579130924996, 3.7389699083873245, 2.249089975785422, 0.9550711906425299, 1.2809797222869403, 0.793906482934777, 0.7093735331932665, 0.8956511939554678, 2.1144457247847193, 2.2220282500974733, 3.3795088667867814, 1.6860942822536016, 2.513630925806269, 3.354205805363999, 4.609378892333859, 4.584439876016228, 4.628616595940723, 3.3312523508294043, 3.990147635062675, 3.999612890883079, 3.5235130543287396, 3.6883443148343362, 3.604391347746619, 3.3272908418003166, 1.6699437778678818, 0.01957775872058775, 0.9329175633941095, 1.0766831601477966, 0.6911055418262579, 1.3021304256865711, 1.020761115889308, 1.0629946122548006, 1.6913808385496907, 1.6915218817390987, 1.7645685459746, 3.408171977648569, 4.065347687703145, 3.849524322670603, 2.961876305761158, 2.0200261738985663, 4.492978300502289, 4.0896172770445505, 3.961165614774133, 3.856831604146206, 3.3422701649813513, 0.3643092210880837, -1.366636666372173, -0.13506476622071156, 0.3090617303464713, 0.07596171006212844, -0.030598550368543483, -1.3216553011980015, 1.6617935074052719, 1.4128091129487828, 0.9867365371025933, 0.9816709889151146, 1.4605894242597672, 2.550888877980952, 1.7530090769049713, 2.227183244543563, 1.6975466982395941, 1.472208257408609, 4.359873096904839, 3.9489458640679653, 3.591713387969472, 2.1016755923755412, 1.0342256087353479, -1.4071686282957514, -0.6526025395170546, -1.344551881461802, -1.184253907171787, -1.138652464785588, -0.8131844035534541, 1.8609743258388851, 1.5452433680726378, 0.9711672841368362, 0.8611230522982483, 0.6471379262604015, 0.8675721324266631, 1.0890643411166616, 1.3997329481310363, 1.3543422799396843, 1.5482227861905156, 1.0782246277811605, 3.8374777111877876, 1.6622886066010452, 0.16733044374864886, -0.3101168760665436, -0.3001761306325138, 0.2260769374109115, -1.1993918814643816, -1.9847613773860637, -4.230217129530085, 2.420250035423807, 2.059264592889706, 1.47305954047726, 1.4262725916618915, 1.2173365938656742, 1.0086742014804186, 0.6554801562103458, 0.9284414289964864, 0.9746827550076393, 1.3922878027278742, 1.1055088343936506, 0.8913875021736734, 0.8374927448021557, 1.7178343415144863, 1.2046004452490777, 0.2724689232453527, -0.29935328127778205, 0.12406727379635007, 0.07938329313163234, -0.31634290082238, 1.2723408290683325, 1.516095588798816, 1.6645868340533811, 1.4188071236501283, 1.3443038895705202, 1.680557768148284, 0.9483302880659593, 0.7925130643565877, 0.8763760946839021, 1.2718490786232717, 1.21716540660287, 0.5750923774094417, 0.4802752512651969, 0.6220721532459124, 1.180649402680316]}]