script/wind10m.json
{"header": {"parameterCategory": 2, "parameterNumber": 3, "lo1": 3.000054539987559, "la1": 64.9999836372058, "dx": 0.5, "dy": 0.25, "nx": 34, "ny": 52, "refTime": "2025-08-27T22:00:00.000Z"}, "data":
[rows 0 to 24 of 52, columns 0 to 33 of 34]
0.43571068124965695,0.5248396848810327,-0.8642651148947537,-1.4177215952000801,-1.7459559891218073,-2.208077211755995,-2.528896980219894,-3.2146706469267468,-2.8822280817373027,-3.180049842688304,-4.0271567007447855,-4.41520937270615,-4.715883436279784,-5.688344556838259,-5.585151045857751,-4.740164384631082,-2.5186062178956137,0.19941779580605043,-1.0692705098868356,3.026898429232527,-0.4956994068700333,0.5972809388903196,0.6081637991108535,-0.524364692120577,0.37570014765187465,0.5203041045646145,-0.4320125532742325,0.7091209062757478,1.2847589655516605,1.238130336780352,-0.3932483751719211,-0.6026710225436434,-0.39677739633704207,-0.629893250799472
-0.39305001657295713,-0.9469934950930617,-0.7626875267132953,-1.5570730686159397,-2.058850787557299,-2.204477682154719,-2.5430409111270094,-2.741916322795085,-3.1036050171865037,-3.453994534281678,-4.124523300731378,-4.227262667198962,-4.632627243966384,-5.137851382676002,-4.976097656377647,-3.777123686102081,-3.1084554226812986,-0.7512790831351396,1.7260966501708257,-0.6340735338572853,-0.07432784627835672,0.6146988822021391,-1.316149379522291,-0.6000991002556223,-0.2277484891017168,-1.0822071137034874,1.1285985467508182,0.3711941448337525,-0.0841455576097593,1.1583872779275706,0.6070703837727933,0.19580619436813074,-0.7068268000273928,0.8823313479574421
-0.8193847149678813,-1.1978063691972332,-1.7245532058492468,-1.5865468622829184,-1.8929301709657256,-2.2871082511015697,-2.6395522432119636,-2.942805979484288,-3.134062491589903,-3.7869429080048844,-4.047589192211437,-4.511651579546178,-4.919692622633286,-4.862569028730977,-3.9833953830016395,-3.265032441687634,0.8478869711379029,0.9178938972334506,-3.1979455493544395,0.7354050231983594,-2.7514593322801213,-0.12570888922472698,-0.636643513025311,1.8403869011590244,0.6958484201993749,-0.44408901533144907,-0.8306043917441741,1.6643912397081144,-0.11131153129931254,-0.18307824502425027,1.6544644781876168,1.5134591070751728,0.8391846685764632,1.7133094164228078
-0.848266629760517,-1.4085453200313582,-1.8392502172128755,-1.900621367453625,-2.2185368998923263,-2.3120243754213274,-2.8756665456377304,-3.366343106031874,-3.747434421658009,-3.9331205425689935,-4.628411183291034,-5.174769385653132,-5.210834889821224,-4.764897697773192,-4.045107586836508,2.6164118079207634,-0.39114726234992464,-0.08161955459653797,0.5133551904524304,0.672284311714887,3.7796376322939036,1.0053496624843283,0.17824855449079482,0.15732779540260225,0.017892729617119258,-1.2170218777267163,1.1654481861638268,-0.038901046053998634,-0.3894500302959125,-0.5074060425912157,-0.5387286625773333,1.287649306886901,1.3915563518969376,0.651441490168752
-0.8218489578918422,-0.9572603972139895,-1.7722325762390438,-1.980832587123869,-2.3922836199842155,-2.8719085707584475,-2.8556749182704078,-3.6272472320963414,-4.0387833131871,-4.669921117069979,-5.195055171839185,-5.488956652741257,-4.280380798326778,-3.5909322580611303,0.40391260310322824,0.6567418205483797,-1.6749854830722402,-1.1237390239732592,-3.692745375892741,1.5873540781407467,3.3950883561490413,1.0179106012118933,0.04420005434242648,-0.9955840029825672,-0.6567970683292412,-0.09719883730451798,0.9792387285992703,0.2699482338998695,0.0976818368574405,1.5679892965517646,-0.5971190910555668,1.4845332733104621,1.0850282128907454,0.4271036156302633
-0.7047486234093785,-0.8801093523261381,-1.341964650523756,-2.127271583692084,-2.5310984791233646,-2.905142787983492,-3.169772871621755,-2.8128841363607036,-3.208831393889485,-4.019502866515876,-4.118378508562155,-2.661639048476889,-2.555743277402783,-0.03902438302998386,-2.128356915433708,0.19412888171748924,-2.460473009413723,1.2008978321353292,0.7169888626083069,1.1215259875026409,0.30674811001446445,-1.2094896991726491,-0.017156218578753206,-1.0852094545367703,-0.7932802917445865,-0.15413838426421808,0.9381980911605847,1.1262604550708002,-1.0390273588008005,-0.8187494744873134,1.1477250452370036,0.0891046793697692,-0.38202154598016624,-0.6598869574734902
-0.5010061387352933,-0.9884276985488257,-0.99569896747552,-1.702202449193607,-2.61985468660554,-2.9623602289002484,-3.1141079786823247,-3.3516077161531808,-3.9911880445006958,-3.9716758021786385,-3.0394481223566663,-1.5601462086616338,-1.0356857219599747,-0.8011806940092657,-1.3644943322860033,0.030216100862662805,-0.05350537285261616,0.8669983284072089,-0.8148963580903031,-0.6672470991136394,0.7304056014379502,0.2869351845964211,-0.949393786225914,-0.7784258550261718,0.0007087385778032254,0.380337921213923,1.3641694380521654,0.9437721711358418,0.22554107095533957,2.210280640565044,0.28098645428164326,-0.10902731180642664,-0.7043173252449927,0.11577674063852536
-0.23563660367839193,-0.7668972414494598,-1.3285639420328925,-1.9662008979528747,-2.2617134187710555,-3.3288153651832206,-3.6341030934707566,-3.5943619647857155,-3.8966900838640752,-3.932003469286697,-2.182080471675798,-0.2331887393396497,-0.7972567321556553,-2.210355006351753,0.15255499375356474,1.0913726381878248,-0.2581275213502987,-0.16003166845914396,1.0382769169018944,0.12273350954460831,-1.4018029113555766,-1.374149091925116,-1.0442557782689985,-0.3947988583792024,-0.15874886431752303,-0.44067348407327445,-0.20234583695731245,0.1957312936901058,-0.3140259057014657,-0.03316244631446539,1.8771856378156597,0.029841511615698715,-0.2771589998546363,3.100087787940631
-0.7415468601544448,-1.3123249006624826,-1.294109300676278,-1.6904329111208856,-2.7567299645843644,-3.248029225913958,-3.6539038447769747,-3.9601065300285,-3.0605825708881813,0.2541060366514047,-0.5017168652940605,-0.6136757817261123,1.0806704036969828,1.3911999789320038,1.573119465282522,-0.9120924958904559,-0.20802042394066136,0.7951472421171609,2.675209904654649,2.2937458878693042,3.767705484883183,3.042572164351912,1.3128941607965465,0.45617197770975315,0.6566120657481102,0.4311884081211863,0.7362605682131226,0.7364185534424159,-0.9340327029326407,0.05644319988412023,-0.3097817009984213,-0.5734982272118498,3.167823696884197,4.819931387887945
-0.24936848198544032,-0.949562221662069,-1.8439373589728798,-2.4820761326001355,-2.838069486604376,-3.5656882412493696,-3.881107494036739,-3.8441814494738877,0.9093343749825205,-0.24696611299923796,-1.1410377151856748,-0.681047458914982,1.9217193307790208,1.2685156081478255,1.3040785433057895,4.095936395046187,-1.1740437048054098,-0.1679374786065809,-0.6918239912110253,-0.7122397682946081,1.1261821181761362,1.4780570758702192,-1.3965970206233678,1.564388363977088,1.1100555005223196,1.3187899621189498,1.5587119973758536,0.5372280205986004,0.1819470937138921,-0.7814471708375129,0.2259190738466456,5.075563417295849,4.434172140280966,4.690542014642981
0.19443672296034678,-0.9251735234872992,-1.8536148870204179,-3.0760119622119055,-3.440039229150662,-2.848064406331019,-0.5361027226895813,-0.43628235848382063,0.1431167729876705,0.1844981533165152,0.9167075769611996,0.6459102436905749,1.0608697168334749,-0.014439118821181034,0.05498080374172643,0.2574341198151465,1.1825020044251833,0.9420526079247429,-0.1429825236210094,1.533168598921501,2.062092834027185,0.33674573914943334,0.6654928551614737,-0.36231406857587645,1.9842998007636188,-0.7519220083999649,-0.3475110253601438,-0.22787138670547777,-0.09412580001080231,-1.3248267104186835,2.022591631118613,3.60195925545526,4.433278048061829,4.252807825028272
0.9557211818958934,-0.31955327534300393,-1.9747398171504422,-2.393314775648282,-2.8765910124152403,-0.04937601916436432,-0.0046446685268933694,-0.24673458875853635,0.6250620133333865,0.4932289106671171,-0.26749091010182774,0.7037561038556505,1.794187726718824,-1.6756296894155047,-1.7086784661964374,1.9636610806043404,3.1674256617826893,1.8915755498095987,3.52182317654981,1.4178565023616703,2.6663470598432295,-1.7975611370621807,1.371218821156543,2.2893138932979102,1.7897668570917806,0.8231554175008706,1.212520621394748,1.3338467470776834,0.46909736918865735,0.010067840113549702,3.752339764755063,2.3138452123980877,3.768256748326013,3.102698960392544
0.2551028578332266,-0.3787920685230959,-1.165378480168803,-2.8911365302714365,0.3732633045053133,1.0364547011728042,-0.25397444395208374,-1.5123973823572434,0.9551504233911603,2.0063518471819286,-1.189957196644606,-0.09221900565920005,1.9492420337433978,3.3840115662126586,2.4463557564873435,5.6097221530909716,3.5763638350818323,1.7297518290811886,0.8998359310690552,-0.39182104507898297,1.927545689363536,1.6971808668135793,1.319306481215713,1.5481206412839121,1.8302711962846525,0.6032805513255564,1.9556351303752812,1.789264662261354,-0.751425934340035,1.4203145490458895,3.4230673997060928,5.318805136974915,4.728515120916739,4.078711254736888
-0.055314302578554346,-0.6926291356717188,-1.7481562018115666,-2.9653988461716345,-0.47528688410451186,1.6067632908469736,0.8105483730753043,-1.3787821827476918,5.030456982595142,3.3277101621426732,2.666739378586596,1.2608522719105304,-0.19709312059394338,0.7899650196504399,2.729904484382281,0.10830298507347974,3.427832337776088,-0.24787796003761228,2.877516540656872,2.1030803142997367,0.2043670966086926,3.2370462498169292,1.4955969033745489,2.2813869181088777,1.3374638968439425,2.6957416275973864,0.5192386150659648,2.0242151838474167,0.7563096090609456,3.769813803981422,7.4388471331695785,7.117219055168828,5.965129089062122,4.926244467351498
1.5036233552860956,1.109272243027952,0.8396806404205365,1.5909205402507405,2.0210831168439376,-0.336677677815514,0.017661007802500548,6.298567534526768,-0.6279641284966102,-0.8863559402737688,-1.302843210738995,-1.3978490289647634,-0.23244693929728844,1.416628417631397,2.1527387037118677,1.848281016378539,2.240687519650727,1.52285154162878,1.7036580046483685,1.0353900359790145,1.7819368274341498,1.220788661986658,1.4022089819478418,1.3061548475395222,1.5468333223651096,1.4750014052149394,-0.01832387459479855,2.0745387201572263,1.7817595445470336,6.0451701321243085,7.523436407691884,7.601595112648886,6.727196607690244,5.458308756788494
2.213012711867954,3.0983520671769345,1.6848580587081243,0.7113124621282456,0.2714454041901808,-1.1483656209987223,-0.7742800797194308,0.34472055806572943,-0.846932612272766,-2.0195996758046992,0.8464462947705763,0.2258703464583471,0.659932572472186,1.55108101651523,0.6485975925626022,1.3791527506708123,2.885616543410383,1.2967943565997224,1.31777799586924,1.1100445673381567,2.4435431192925203,1.968921684924517,0.6578742654652536,1.4117941342605567,1.2926949692760512,1.5625145708203692,1.926502797380152,1.0424133073612223,1.5312376488705963,6.521356370053752,7.970164648405895,7.0010676368086715,6.343804960011113,5.740816275209939
3.2543397813948887,1.7331351648406548,2.3709654968304417,1.2370504249643979,0.3941482799577867,0.5470505899868343,2.7237188229496545,1.4400653621940702,-1.5127178364481564,1.5624611070805368,2.1905688002252988,1.4836275431868424,0.5851456124007967,0.23321300870817055,0.2968186975683154,1.1345078981212475,1.3987669015344573,1.3518768268656518,1.7762127630110283,1.5979090144658856,1.8849861436943482,1.6418515265420464,1.4627888800500723,1.702229448116193,1.6043745885241418,1.7010848666302354,1.3449429397917525,0.9854824540380036,2.0011414091216,6.3609444260365,6.801742686926689,6.638195774672704,6.029197545263944,5.047468775272322
2.5653134280028933,2.2568588997413146,2.2181857515508336,2.130085362282793,-0.49595533469720177,-0.3606315052590246,2.1822042834396163,0.4760787640000266,3.7066723628293285,3.0795706134681367,1.8931351268942929,-0.3811693285115847,1.655405107289058,1.2877027440410225,1.6506098254245627,1.1607957698859954,3.153055247276767,0.7393523183365878,2.042963431415666,1.4329131753765834,1.7051718258702977,0.4715536374349189,1.2424958331164873,1.8150454927279291,1.6472313351205872,-0.17870613489644385,0.8765655999016192,0.51353736439225,1.8163843008176639,6.401162941375295,6.26663444536319,5.730487271501539,5.09446569079028,6.014173028136417
-0.119085674258104,0.9432752423244467,2.480496730915213,1.8855320191718496,-0.2946802944874809,0.6086851065750846,0.7287934979932783,0.26105997591837676,-0.8660030860071575,1.1027319451907311,-1.4516381445688404,0.3702795376459882,0.7035270275952216,2.2066939699585713,1.590694451036005,1.559854972831113,0.6273616341205607,1.4322372566534578,1.96353095806629,1.4538408131638592,1.0546989542604797,1.594979418505688,0.7164198446261688,1.3225578038815604,1.8919022527155807,1.1564900821406088,1.7489877249149812,2.071998528503758,1.8894289761908178,2.0055732217466327,2.721370966338753,4.990959768896368,5.358086003318183,5.609817790494625
0.54623879919435,1.1962041566824135,1.0595887520875755,-0.5912945493892555,-0.9662286298799884,-0.30657288408414063,-0.433334886144926,3.293115324812315,3.5837877856964524,3.6891396202600464,2.454595961056058,2.9973086439951007,0.5657298068741923,2.7496374448340033,1.0075820806657094,1.955975365055067,-0.0896386614599503,0.32263104033246925,1.2713966290424643,1.0077860587669363,0.8131469536619903,0.21976442377197888,1.169453208233926,1.3179946554511073,0.661675179534309,0.23470254189428238,1.2002761195734846,0.9774638899757371,1.8971436169466704,1.8555824231385716,2.0264420539976156,1.9141018543446569,5.02940451434816,1.8444345653131982
1.4471782801097792,2.004564524615469,0.24611560556801318,-1.4480061223752652,-1.892186233694569,-0.1083621871442147,1.4126370363244012,2.4544343191482354,3.3710958536827085,2.3125244428754708,2.411117063990291,0.816872847012953,1.1460520025316734,0.6234474247904709,-0.22978240382859386,0.39782214251926584,0.9407302755859498,1.4888253238523865,0.40326172802621063,1.143974223394581,0.7879940417553376,0.3719097736444728,-0.16571750804414728,-0.12810711359379925,1.005094823609042,1.3905179724949164,0.6341517128766138,1.9346356462345053,1.9167802694499905,2.0326735338164528,1.6679755796758848,1.318397167685292,3.5538750262100716,3.9560322252639986
2.0312381730256335,3.7931699763217983,0.18629885744561786,-1.8157232237070084,-0.9569669186836215,-2.765517966533032,-1.2865577849041254,-0.26186614126324365,1.9682676352760133,0.4848557011090659,1.7968937510020524,1.161343326164537,0.9020980838066712,1.2093142290927452,-1.2432086344303483,0.3014475715018411,0.23800113496620942,1.1032628743196975,0.18928978394298096,0.8404340331349434,0.3942069935424536,1.1960150560137033,1.1693976920958853,0.4374118079442533,0.35981111823204365,-0.38472063115971467,1.1275572658469242,1.3032305518025593,1.0995919581537552,0.836180309427202,-0.08479044552821982,0.32353224287262705,1.4809013196470648,4.4617777211160385
2.3795823768121367,3.272536728511152,1.5407255715115211,-1.1602302995651608,-0.1871941544995406,0.6435626624681705,1.2106464597502762,-1.2484601747712047,1.7900062908332188,0.833281096351487,0.03491980458959727,0.9679853376203276,1.406775781278312,0.6974098493321395,0.17947115891154222,-0.7880527598795065,0.7286217221137604,0.9764584457262196,0.4856424482657382,0.5257569025218772,-0.27305076307335235,0.5234441371361374,0.5117821128830983,0.6742025183798079,1.034029786265012,-0.3334262205092394,1.0287009707891053,2.533551263428775,1.7234514556467115,1.1894151388333074,1.214067873894655,-0.649692774728217,4.505379086933106,4.771425620390804
2.7944109124870864,3.5384979970228643,1.6479896525058402,0.5052587596012295,0.9913217559599338,-1.27001122969051,-1.0590774047918676,4.16542164605523,-0.1154279803833456,-0.14709681782380607,-1.5951869926191928,-1.2452228084263983,-0.15831162653138747,-0.9468191860022698,-0.2850463918394372,1.261785514187837,0.31873238628865613,0.9096138264928064,0.39865623609660666,0.1565683915757525,-0.6584181254994842,1.3921677767154024,0.286809483056678,0.004644836702374367,-0.2690126209197845,1.446009560103987,2.9708266394304075,1.980755060677898,1.5134677732275263,2.309060361329221,1.6152078763468616,1.491012331364188,4.511692245255978,4.943629705661894
2.611598394981089,5.790756624797245,2.4875408592889037,1.5977518668864008,0.2805158954319313,-0.46658299828129934,1.2711051603416266,7.505725163910497,2.350627697540841,0.39678725320801633,-0.013320987388368918,-0.17858290217769754,-0.19435237081063542,-0.17986236121045587,-0.5963442677436931,1.0844801210585158,-0.3611697900899622,-0.09673449453822078,-0.13960693871819105,-0.705122022774264,1.7897995036422019,5.166964269070724,0.4789185938917543,0.14324610984582273,1.1445172185704489,1.6936260004006136,1.8243365721379352,1.2403962372751405,1.5665945627357525,1.3581229486438906,1.370114524121068,4.1186205630846295,5.1551579955931865,5.813470048438107
