script/wind100m.json
{"header": {"parameterCategory": 2, "parameterNumber": 3, "lo1": 3.000054539987559, "la1": 64.9999836372058, "dx": 0.5, "dy": 0.25, "nx": 34, "ny": 52, "refTime": "2026-01-30T16:00:00.000Z"}, "data":
[rows 0 to 24 of 52, columns 0 to 33 of 34]
3.9472294882451453,3.4676331569591246,3.3682566384829093,3.529725518862161,3.910224673134967,4.218267631577188,4.449160111071,6.270011987581563,7.528891216144152,6.396207262889651,7.6569203932690835,7.929220515280344,7.6649809302975385,8.508623506026245,8.872652457194754,10.48040799695529,7.0321740656983645,6.12563962964373,9.671622092826588,21.555499387928045,8.429303245801927,2.73958972627621,4.207363545349732,11.117645891919757,6.448129636379321,2.208448935868235,5.989503951375083,6.929857004717122,3.3871503941801295,6.489213912297852,7.407953813795603,5.437588035681327,8.013199650144855,4.139426219033795
4.619083201292162,4.459324148008038,3.227687677451719,3.3812585740175445,3.8861847012921666,4.221909518902725,4.70043115563217,5.382754613666457,5.443959574770278,6.2458500019803305,6.411878322416918,7.580338553521256,7.078512768868512,7.576565922174124,7.7628512645032375,8.710958432546422,8.602832986452592,5.793294374190545,13.37344425253936,3.603244814229066,8.379267558783278,5.730523603633079,5.56209809542704,7.514270749809087,2.8352250861208597,4.831432020710489,4.398994859221079,3.863475307683239,5.98319023260732,5.540179600993742,5.610390598861304,7.8936009971223715,6.333222755639219,8.177779923277546
3.953095801368374,2.3254046131839745,1.7845583628572914,2.7689837750964017,5.295380231640182,5.4037029217252925,5.208612896091396,4.836724183948565,5.1242280944365035,6.623626752632024,5.630983444041216,6.857473287782362,7.466529018618144,8.315374376836735,8.37115118609875,6.318408347601673,9.71756523182309,5.766321843130398,-1.4345047258469326,7.358622632060663,0.9645350314465827,7.148886042422028,3.954066151570125,9.917403269352388,7.690745932318352,6.222788506149003,6.592923679038042,5.653741548781023,5.0005334282745855,5.336756449753104,7.281740914483454,8.660683839440624,4.706496083113281,6.85885074731386
4.874493177929937,4.396362831660051,4.610868327605689,4.464357138404189,3.859513877152334,3.0365072668187536,3.4326892491189387,4.764634662998949,6.1717601161700575,6.836866477237817,4.934058197260786,5.246606143076447,7.1679026734597295,8.216529842407855,8.994035378065819,12.592600248343558,5.283832601960869,8.418219797530648,6.735540046703596,4.160736843183289,17.37657171800773,8.440862982618224,11.703903958497673,7.423170015662545,4.7437562964306155,4.571549380903814,6.047119635715618,5.05982429658594,4.561908876543472,3.632990396609844,4.797560368640533,4.664311990858622,4.853693713801568,4.7335334273320875
5.221399842516292,4.622493680993325,4.867829042631987,5.147156751704593,5.053739908122969,4.275033256364061,3.404123262314793,3.0179272155557255,6.072036577997277,5.759749851117142,4.679394021108767,3.815319690922603,8.11063181061377,9.284054882929198,7.7503681211608395,13.541385290423747,9.092068662103,4.464717919064599,3.0969520255772776,6.071488775536114,19.576248264535344,9.480133851458252,5.786153875721025,8.54044342641554,5.527645404497007,6.100941303200326,6.504472209694644,5.3919251556610455,4.476252135164273,3.943917150106878,3.5774351348825455,4.344869109820557,2.6069410144877314,2.7984967395321725
5.167405328467599,4.468454052275264,4.364539954987896,5.172240118084472,4.875136663935795,4.2215580513709385,3.2043992568851274,2.2169897574981206,5.969920516356753,4.972445378076268,3.0314110135341603,4.2649291753466745,4.607814184522125,9.290693362986175,3.907266516009031,6.35816222211592,3.7877382667176036,1.487355346736354,10.814845031140468,10.66145380536589,4.345006616439024,6.643704885750708,8.408433301007747,6.668435253941799,5.28680963312025,4.4677104816939375,5.508222249249725,4.507957472544943,3.407818343157087,3.3905082757923033,4.018379261876361,3.1923679946600014,1.7263373008155283,2.025810640581745
5.714442993699456,4.830452050266011,5.403603946328635,5.5360380667690805,4.548305571521018,3.672536195917859,2.3522218679135274,5.088198711696485,4.663380449764811,3.9307145377396324,2.897151964571812,2.8958935458585273,3.680827522237004,5.203308802726213,6.112056372988769,4.290046427263705,5.4272521019903515,12.665947841303087,10.088666160322566,7.189603701245483,2.7060673773973036,5.512861461445418,7.708673663557922,7.531188591655285,7.3472934423696366,6.7111978920917075,6.1205109189111235,5.283563522990339,2.7583656638146863,3.382350046732479,2.5972126162547173,1.9191692637429836,0.8820179707345905,2.5781197690004314
5.505996124542112,4.514473277111239,4.911363372157532,5.59066296464446,4.411638456629344,2.8736689782874802,1.5750605518566787,4.231204109190007,2.3250249326343226,2.8474371066494744,1.1543566383311021,4.481495171529783,0.5049845133658646,3.09602184428861,7.010323188465748,13.351812844575669,4.557676748890363,16.698862531063142,17.620624392029924,2.165113966731514,7.010326733436113,5.465791336130653,6.44863282351052,6.612154713174625,5.4797489270417845,5.593411541943489,6.30965225397171,6.689771839457317,4.011918737448872,1.215544036629351,2.3554368066091147,0.307015167945117,3.266611674637546,4.988340075086713
4.864276779034475,4.562419395779562,4.923608917312489,5.049886035600414,3.7269951303889473,2.145877520949598,0.25996161151107816,2.0967380253106915,1.047790091118692,0.9213465907812824,4.3144534503735725,-0.26600594992168786,-0.6470488182475722,5.785406699623382,20.427252858225877,4.422818408979209,12.473210694978723,28.052852877591402,12.60166294932337,13.119328015351442,23.882044020591376,14.989711159992465,9.505641897041638,7.393482901600201,7.956227123758555,7.630361485161674,5.973310029689153,2.0511705106252385,3.2131520891347054,3.462459586112543,0.6901655072153569,1.4465604606722084,4.105403903119091,5.643975730552862
4.730572440648512,4.262535548638462,4.791630090805257,3.8905777387413027,2.2872902464275073,0.9382999565289226,0.6567872649121269,-0.44289846813864714,1.0032716210456039,-2.1517096641938838,-2.466160675239438,12.499415388647929,6.3464815898649185,11.851165364777478,13.75365195876589,23.146571750524387,8.564771611528199,12.430202223737178,7.411212689976272,6.787722520815472,11.424176460010898,5.899230973866656,6.125226248677865,8.693853340337824,5.652881651264363,7.722835144031591,6.049847394114327,5.436940524779438,5.127239634102337,3.0692768106910546,0.9241606965342642,6.988062793821551,7.915231835329583,7.680092883341997
4.270423763419178,3.967870079400834,4.994393099078687,2.542573330807212,0.10744940671028964,-0.33919215431484634,0.3135325622394703,-0.5275228472306589,1.8139210207077117,-1.29399778288188,9.018434803911074,15.854161783039483,4.304813982565455,6.0122565156249275,12.380252354239,11.326933114394468,8.538314199961922,7.870393158707188,8.795737547732372,6.257434572059652,6.5268876937724265,5.823283477171764,8.062637179961921,6.100831733394307,8.655195901238631,2.0976734829482364,1.2094494146502497,4.703479532654414,2.1111585879299293,4.676626954763127,6.495919571690696,6.7840568974725795,6.681822632792786,6.769918682343778
3.8626601906161553,3.331135204541732,4.439107514926384,0.8919495149184401,-1.5799711791022235,0.41120823394620104,-0.9001245273097761,1.9046558438228798,-1.0820825886546885,11.30114103076767,0.6669276163631505,6.368913244465242,8.010857404967142,2.7244089801846156,11.088391280101972,8.47668612743258,12.073181700370304,16.27247592686138,11.302820194233911,10.007792757947007,8.652419476302699,5.069053904675359,6.009184686312394,8.694758025645124,6.498648752105328,4.801006339344125,5.768111661726492,4.327118718701111,3.3864434477569705,5.427765810842035,7.02646121354088,6.512920347003368,6.1960019390722,5.63676772946892
4.169172322095126,3.462832531483964,3.7244372082124286,0.05491441766948458,-1.7788279472439585,-0.2016853266148197,0.2183612506830935,-1.9843717813627486,9.233291414191731,1.5213399141390647,0.6623399526113348,8.764765401869656,13.215690406570367,19.743193159447625,13.979744283996352,20.644783503614903,9.35599022778777,4.560509756506908,5.058380794991866,6.394223339815241,7.143274978367561,5.077890014586807,6.369181598864797,6.5233531919072245,6.002691186563352,6.031331834212782,4.32827942361218,3.540362048494417,2.572545103278218,7.344057970562188,6.730129647066917,5.712170163443701,5.905556848659287,5.536189984929554
4.612963754137275,3.6462726819543794,4.765987884933986,1.0286845213902565,1.3190841127784916,9.365641808671795,7.672090913599421,-3.052235097197281,16.79991419019606,11.096089237185973,10.692157309324672,2.65288551279593,6.227908919958468,3.4024417409039316,6.168415521724702,6.169275538532213,7.559611215768371,2.408110373917799,7.730245312789818,5.434229656888785,1.7062526984936512,5.70630746121139,5.1927245238257145,6.048058251720165,4.976171375218223,6.3053659929478485,4.74853892352848,1.1386195412678215,0.9045911873104558,6.44273660660756,6.148068320169091,6.003654715457561,5.3955300112487015,4.650674664117403
4.883661124073467,3.8216468060764264,2.9405521455070156,2.8572908040612846,0.42938987635976655,3.4013537988385063,0.07837433419683772,11.599035280054226,1.4069976184389001,-1.746864087910352,1.9369929292642003,1.534848077838698,7.8998948522458035,8.575406908506741,7.269150348697953,7.124136634829745,5.572207530785263,5.558837530995467,4.884710200046341,4.279057946005657,2.3732055787141433,3.0822201658717856,4.4808668223467,2.8815596761270434,3.791040507404661,4.882028862142632,5.160194964287552,3.323825322290906,1.3965552317894383,6.413947881749121,6.1991244341737435,5.929398961447741,5.043011687868494,3.9940356079475916
5.885489386458564,3.3953409154091565,1.8634500998649328,3.4983456251144682,2.3949220248124594,1.3622302977168816,2.3770989053371325,5.7223338074990435,-1.2954597245707902,-9.167043050974275,4.837293450578677,6.70667178310486,1.841342457396315,3.5632700253377854,1.3385614070362764,4.989070083703725,4.0248927482854215,0.36321882110137443,2.0270615859891072,1.5381612680267973,4.216810518233741,1.8448456785903662,0.5569958259069148,1.52042521091168,0.5723100766811224,3.1198460363784144,3.3045035644431944,2.7151665495233246,4.041338268616269,6.365993379830485,6.01996591820395,5.360607844995412,4.936748015192172,4.526954623001294
6.951989128576444,3.820548156866945,1.3395986513161817,1.6445969308155335,2.8319332888882056,4.491118595054117,7.279836041709545,11.681364043458391,1.4767128732046995,16.00318439318484,10.312929674470439,3.0981593172205746,-0.7276924830827236,0.67556011082273,0.4302907707212883,-0.6931402739571058,0.09830818071315757,-1.5163625829759544,-0.12360176294730409,-0.6627454521929679,1.3098950744295528,0.6074438404994518,1.099623420008853,0.22467660006371526,2.4775756156614888,2.1148394082367385,2.4869383047029228,1.9539388751293605,3.1857538813933903,6.089492988430929,5.65198625940794,5.673074657782105,5.3077976709766075,4.406222320979148
9.03989075976806,4.420328622903015,1.766241004426906,1.7552601310506766,1.479294480135704,2.559019332560148,7.138074306753593,0.801333711181305,12.807557540466524,9.19063072835382,2.592358939431621,0.5445357466729454,-1.6468492084199435,-0.5304552022501154,0.2680529072303627,-0.701448290407386,-0.30050239612108276,-2.668748167827277,0.2884366241143856,0.23300967549430324,0.5146579165989096,-0.451793874839083,0.9461437259216476,2.5676886386048206,1.5374655584858148,1.0291520601763902,0.462530129441312,0.8354741415482271,2.188450438827531,4.713296740716435,5.984322984459619,5.426774524872303,5.264701061111784,4.566482065702736
9.579354248518722,7.037603553340387,4.093940719706634,0.3184148850260124,-0.5608877968208674,3.054668500949945,3.0845669552096253,2.952344164329611,4.291045004046624,-2.420964286271881,-4.2655308171332456,-1.4470698831481907,0.7287879272497535,1.8807111871063646,-2.5188669256236667,-4.545932204517011,-1.7288960682406895,-1.2986132051047565,-1.6991904414817414,-0.7135700604601145,-0.6394303619304071,-0.6406269558492967,-0.557245126185831,0.8969973795553479,1.3422108405038569,-0.1265380765622339,1.0618242691709763,0.14878360033553129,1.1940096643455091,2.777708213886202,4.4826267792373535,4.707952880627888,4.361126296399771,3.2730921635216
9.626295159434896,8.534434316093938,5.284452215737531,2.810225987538837,-1.1258370752929514,0.860559263978437,-6.101933531613313,9.333910014024905,3.570639662192806,0.28552762250763947,1.6721560320828628,1.8453693565981433,0.8884584628832269,-0.009536299114419979,-5.68114057560356,0.08106715428234143,-3.657296670982931,-2.735240951265133,-1.6769260621369106,-0.8979911429119428,-2.64222134826416,-1.5373856956035878,0.6398715959444652,1.870130981625691,0.7431568634994127,0.4741777951394918,0.7500571084919423,0.23226005075149433,0.745768777488006,1.6694347620853132,3.313327747706338,4.160531137295781,1.7668563146407372,0.45822310041869063
9.924091971733063,7.747735610249464,9.298290026235403,4.952042170273996,3.4757511503334193,-0.06210181522825502,-1.953200466278138,0.436540474639033,5.288257911022389,3.1815792058723567,1.4211660184623036,-0.8036704617945543,-3.415483304040621,-4.389362365695106,-0.7224623650335597,-1.852565494686896,-4.940913459341866,-0.6819357530044046,-1.2512339619880664,-0.368629620099223,-0.10723637882630677,-0.48195068382564454,0.6585415828117395,1.0282577104104558,1.2325059323975116,0.9968138763350355,-0.8092676850395392,-0.17486606880828456,0.8530029293188013,1.4078999599614967,1.29774694110725,3.515398055865317,5.541427595283023,5.230712328000557
10.126586510668208,8.857858330079207,6.425148050230474,6.982892523214673,6.344249656009289,1.942384943901023,-4.448944985008131,0.25319567226189194,-2.453896538133565,0.7239681995530247,-3.643555715417341,-0.14245387818147487,-2.328643384396096,-5.177906306525034,-0.602510442832799,-5.083534551932593,-0.0006129099423462129,1.0075820797901591,0.5259931181601107,0.5962773378483914,0.10120613865570321,0.5215302806705724,0.7326712872188387,0.7600874745690381,0.5632897479352892,0.759817513583405,0.14507140230042262,0.14620017835344257,1.0242852601713228,1.6115992683198113,2.2346255898380623,3.30249487791697,4.395114073936607,5.146329107058119
11.075574317248096,9.234771883988984,7.851951581900395,5.863110278666439,2.6400239299548214,3.384089874418147,2.2456630159571533,-6.414533534606838,-0.541882448492364,-0.3226041296920315,-1.5698996930828908,-1.3090477727763128,-4.932266755077595,-4.172886170350103,-5.328338191081315,-2.160065772757945,-0.3005529355546414,0.6233426225578601,0.5511607220960489,-0.1197018111335382,-0.1823935186885846,-0.23657823163889016,-0.2912316826039528,-0.24931799541779262,0.1956880604456735,-0.7198166982994699,-1.2805675648067842,0.6583163366269377,0.9764387763025429,1.4221484731416816,2.5249205289473164,2.9827302461781984,5.3995902415478545,5.308377266256494
11.046217055942664,10.348386024446507,9.524742677464415,7.121197172414297,5.501894436823545,2.65813947398293,0.5421520802052047,6.242022080784129,-0.5788846278863956,0.3081647763472542,-5.259055898048283,-3.2875349353830146,-3.3924221866850606,-3.946130066921675,-5.1185137805266026,-1.2230278708489817,-0.4181331146971484,0.20203197859935243,0.05177546014707029,-0.0003743987493255055,-1.0260388235680704,-1.9534166367151946,-0.98027649938418,-0.28460392475670254,-2.5400118934143276,1.4749961179251385,2.5704120046137233,1.976809174305497,2.2669780788950544,1.4792303970020393,2.8262548838008525,4.098933766462118,5.652279197216802,5.324020534057474
10.702918709511874,10.628543817223195,9.180250170942683,7.692414853652172,5.202602755863761,1.8711131234608382,4.184026274695519,10.94478079637741,-2.386906906327677,-2.7571487931525396,-3.5359480910095233,-4.054338696992495,-4.2348873746934395,-4.283911586409999,-1.1538383920544484,0.31795690030325663,-0.1385308114585372,1.0609297969507332,1.4650329345890618,1.6670209410736154,1.4604369514452502,1.7109001822187848,1.797879065138488,1.8509635382535696,2.1791928475657305,2.715689368507871,2.132287944612255,1.6288288791094492,1.7967444879279448,2.4790813079020553,3.4113110133164066,5.450215441774809,5.783717049621976,5.465762279870689
