script/wind10m.json
{"header": {"parameterCategory": 2, "parameterNumber": 3, "lo1": 6.000198445256149, "la1": 58.999992894266676, "dx": 0.5, "dy": 0.25, "nx": 22, "ny": 24, "refTime": "2024-03-30T17:00:00.000Z"}, "data":
[rows 0 to 23 of 24, columns 0 to 21 of 22]
2.793565013812746,6.946341365100729,1.287053171630143,-0.4149591403577125,0.5623656612392456,-0.3709671496711794,-0.815494770637486,-0.8831836280252372,-2.103900583893125,-4.9217480826106055,-1.587245444371117,0.4225952887155281,0.27747534205885344,-0.2798947207717334,-0.5857409045272054,-0.3608820133017566,0.4175732457761588,0.47079487308371915,0.10020295172339908,0.3949258692543117,0.15866884806891385,0.44271764144364945
2.1225451250830574,0.28008235589078,0.4552529715669548,-0.23438150714634776,-0.36008411621657904,-0.9130195715557416,-1.2556363905750285,-4.344541802982346,-3.6052516721781642,-4.095162337311977,0.23235325263813,-0.07527572587717812,-0.22872875770763917,-0.9237644592182519,-1.4498457986407147,0.30640927874080426,0.25818056883973867,0.1657466499748945,0.3329838799201223,0.4986317438567838,1.0628575744204531,1.8421746854513452
-0.18002064843452845,-0.309704377474549,-0.27044808966739664,-0.7210282484692492,-0.9789481627281021,-0.9284215751482757,-5.051219630651556,-0.6323182504236851,-0.36890070190022134,-0.7275665078355957,-0.664129131570004,-0.34813189770159686,-0.7071580026513081,-1.7031666019783487,-0.22221271632274636,0.7140644052980365,0.16997694582336026,-1.7389645230895037,-0.1861719772276279,-0.5998104549359435,0.38262346887195314,1.7503467466265676
-1.1304000720232845,-1.7484270159523423,-0.27438615087913465,-0.5398853034414831,-0.8288661272818074,-4.41813942989815,2.147730110571109,1.9627310340886501,-0.1439207130994755,-0.9283174876635776,-0.44771559104061276,-0.22391617587301177,-0.05420140080841871,-0.277632327574425,1.03037416625128,0.6745334101319869,0.07567490397438593,0.2965482475537628,0.8632736715478848,1.1613637814866422,1.4355829901813635,1.139003826365618
0.7703976272283605,-0.6405413895090748,-1.3337115312623382,-2.3679042975960085,-4.983270629015157,1.8419914782034856,2.9812627537046676,2.318662860073217,1.1041885538864566,-1.448393600171266,-1.5629096677249152,-0.06854235248186814,0.23602660547923332,0.09195839246336307,0.5191106270778513,0.3332477314168941,-0.3115589914779787,1.328485839783507,1.0838778093056551,0.18772812436989264,0.727915912009349,1.3115383135820182
-0.14895308814358044,-1.945987604219209,-3.040601376904243,0.9419580255111608,0.8344074681603157,1.5643638901528063,1.646128417224699,1.4878310206947913,1.3634036992980296,0.8337861216804139,-0.9731398901982965,1.0263058642675513,0.7770516040882268,1.140678756441247,1.33789635611379,0.9576182082202886,-0.7285007880151824,0.8885679091641897,0.7182428539105861,1.0879041966972716,1.1616322264668384,1.2590076659114917
-0.2334515338619913,-2.368078289232519,0.011194110986752432,0.2429477281745952,0.6735904974788021,1.2817052428459197,1.2619234275681768,1.3162294173468436,2.4994624420386007,1.335791083855799,-0.41874135198672,0.8571162707510106,0.5755366276328988,0.5711228222889383,1.0647799698824612,0.9903593990063005,0.45575949613314287,0.5165599268462355,0.6548950349235696,0.8733007935038515,0.7329807172109553,1.060850947941857
-0.5302837392720365,-1.5528739067580979,-0.039009852444655595,-1.1521400047631292,0.27498260140064346,0.25923041819464765,2.2661701063927127,2.8746270043648425,2.3003581457511237,2.530008289506458,-0.0010947513938015642,0.5849419973150196,2.7748709620781105,1.0795302364151798,0.2724231188253951,0.04256201659088383,0.6889965241471127,0.6495256332015534,0.22277588774267487,0.4656337488025483,0.9041229003424774,0.9035526258479502
-1.1404282215476822,0.48997838681482375,-1.0669172926826236,-0.23033750474063527,2.342839842590703,1.5544779287997752,0.18946608676716373,1.6708465466704925,2.430329108337261,3.3456316943710225,4.033062469647588,1.896719510573406,2.598161623840374,1.5945350918007606,0.6906295753427152,0.4930921926603398,0.4716530388644645,0.6489596648890529,0.7494328148381746,0.6487687259734792,0.6330784969921478,0.4118237505989898
-0.16723124612865337,-0.054650603087260566,0.20472178822637754,1.2896976853310735,2.264977026097989,3.0652561356830232,2.6515107330403773,2.098144109322022,0.7752594918176218,2.4325091837188237,2.893009610545941,3.2805812498933857,2.0151936333817044,2.6842252454729834,1.3982948114244795,0.9378362947582157,0.6420486075049181,0.9558903001003994,1.0072819299462512,0.6306810267979571,0.6197938180717492,0.8350853351935676
1.5935115614547648,0.9095269264269846,0.21076224517488107,1.0821745745076303,2.9579822722744753,1.8586710431853455,2.647309511714492,3.454033353380774,2.357842854298191,4.090762145791809,3.790958240412692,2.596371122498773,0.43788153944254465,0.6604272048734964,2.756708596833965,1.587396061972306,1.1533123131988847,1.2862602794952906,1.1288673588182039,0.5373650440459982,-0.3260238674754666,-0.7510521709974116
2.2486362650373577,0.47837369904413657,-1.3419154038759813,-0.091752630607997,0.6760137137870188,0.8615364186213351,2.4574241906866545,3.041039322839523,3.6405756391601485,3.821768155762606,2.9312118639973845,1.5813974520653158,0.7087313946935629,3.0070003074792497,1.564328179327507,1.5462155461913245,0.9903524604108447,0.5632823610886878,-0.2261056759335194,-0.5942855763212166,-2.334929250650334,-2.8834010140326876
0.4548154125758786,0.04653168533789163,-1.4336472530362625,-0.29077753081066543,-0.060374404044118105,0.7210845505301982,1.8342341465242393,3.197374047632305,3.177076415877631,4.564634375573364,4.595692760076725,2.452676087803727,2.641821978235685,2.1559076723004447,2.6756828705877624,0.2700515155730718,1.1374113638073207,-1.3691466038348963,-2.010906002269555,-2.376114704193857,-2.0022747322259535,-0.4389967597073316
0.03767646285421915,-0.29140795339972214,-1.3683948482260448,0.5597822065264314,2.8265275822807925,3.3064030010681633,3.1926982315681824,1.9718752245180522,3.271529653815391,4.301419898040918,3.387313168806905,2.940495355895134,2.776303989676003,0.19796781632253388,0.22448171956337487,0.8901627674358173,-1.2773754180651011,-1.8705400763677589,-2.097560022672744,-1.247068551307827,-0.0612138751203579,0.24640095351024036
-1.0751448082204147,-1.072525455262215,0.3544182615908226,2.673653128569462,2.8192309586973887,2.40257995149949,3.0496593716584006,1.3767323115190304,2.6658512853408443,4.130268480051259,2.842049828083061,2.8494485215818637,2.3414327253604252,2.1736671388183253,-0.12332719754706631,-1.0200295141657536,-2.0693786444176623,-1.439250876062043,-0.42678434714823243,0.2473862587957437,1.2981065635447906,1.9349291291337583
-1.4385629145277423,-2.1331673578316144,-0.6043966409939999,3.572247326576598,2.677850619026522,2.7290618180786677,1.6208885516380707,3.4906660131272984,0.7590171405458632,2.8895416282072794,2.7204318602390267,0.5437500698765795,2.203390001817208,1.3424229769781633,-1.056798960957568,-3.69232874657089,-5.155711866364646,-2.073136800019428,2.2898432052094178,1.0244277931287502,1.129128568443693,2.0093649781960696
-1.7007307692279132,-2.3387793442907965,0.7462653046489057,5.260478565103041,3.54745146794873,3.5658775126525324,1.9211726857111313,3.8137732598140857,1.5639953494449865,-1.0042938621433881,-0.521575053495096,1.223902346074364,-0.28308279476068915,0.4398991214265467,-1.2463425711210512,-0.6278151168515455,0.5358309709575643,0.17374564521481922,-2.6985151498172852,0.2528479352056164,0.8771455152932779,0.3167589856716748
-1.780747174978287,-2.2257049416490227,3.616186775376503,5.297905287904385,3.8623753262064824,2.704166866106323,2.6294419590914333,3.4127662371410503,2.3948231336727597,2.5960356689145305,-0.470854685679605,-0.30137365601905763,-1.584924927142667,-3.1310804195836215,0.3546957259878249,0.34938025728735606,-1.6340855874775748,-0.9513363123237704,0.7492718938088054,-0.6433376718121944,-0.9523664219035768,-0.6916282409551648
-1.9155031349410174,-2.365831234096584,4.357537757394081,4.446247693945801,5.229543103624937,6.16360677338668,2.821447130529588,2.2609144582165173,1.2734644101848172,1.620526773713009,0.8009335096723893,-2.4328840128142555,-0.22432785672623248,0.2864146845310432,-1.0598848342473892,0.5934980424119612,-0.7004495916906425,-0.15425669787031307,0.28183579964859234,0.09877530399125056,-0.5875305070333791,0.08602547536507937
-2.237123855083491,-2.570631648222825,4.6237353422335135,4.171974930509603,5.179688852891861,5.328311758416794,2.6076236314479293,2.49290961595627,2.4443356132753844,2.542217441150088,0.43174387499104333,0.3108898366915614,-2.4018439381242422,-0.6151601819367306,-0.23460602863088714,-1.9209068602617034,0.8312772047451801,0.6575720437350087,0.2875418499790405,0.8547021441756234,0.2085361590311996,-0.11732814947693936
-3.179040879556351,-2.9912833379225976,4.840924173156491,4.944239978597605,5.48272865364285,5.70253894267889,2.768756055173982,3.262299396574019,2.8202842717719974,1.2801741550324084,-0.2855534308095628,0.4534177984313999,-0.17340547383015117,0.4831348774120458,0.30076574343895046,-0.3527801011343859,-0.42769565597083353,1.482782323224351,1.302486523646014,0.5799587891927515,0.770245360059674,0.9577225611274837
-2.447803635980913,-2.7644993023594595,2.1324628123337708,3.3285859217324103,8.736621144533677,4.244206024006502,2.527990873065909,3.1084389199478917,2.6770075583441044,1.1896283597153106,0.30426137300456346,0.8069774702773009,1.0355023358248747,0.24491529995763006,0.12293637892491893,0.24880309684718557,0.47331427874955917,1.2069823534072424,-0.07223445214265121,0.6957820579072452,0.4983867051092416,0.5303029220226718
-0.7433281059931677,0.10068537703369476,-1.4237076893929252,4.149460661512788,4.555013076335134,2.114234142898969,1.3189571397333422,1.8547568279035187,2.1718105759368034,0.7917494190744273,0.48731425801749717,0.7030253678602632,0.33797034536164505,0.034838914983207445,0.10242100240646967,0.4259639876323568,0.6144510689882906,0.21485097181304974,0.05262202049809681,0.013961706649660345,-0.040354805115752165,-0.16024557221097824
-0.5814609415149709,1.8087353988818977,1.4300331782498206,3.8785551433504764,4.038216474397402,2.730637932536271,2.007552059171466,1.2010755423108557,0.5270149430865061,0.7621649797613375,0.13618341785451527,0.8045518345466031,0.7032626836091269,-0.04524264817549581,-0.5041099005342616,-0.574225930542583,0.5776000219383374,0.1580205585204695,-0.2540548983978314,-0.24725565632516086,-0.2800106367999526,-0.051664456312619386
