script/wind350m.json
{"header": {"parameterCategory": 2, "parameterNumber": 3, "lo1": 3.000054539987559, "la1": 64.9999836372058, "dx": 0.5, "dy": 0.25, "nx": 34, "ny": 52, "refTime": "2026-07-08T14:00:00.000Z"}, "data":
[rows 0 to 23 of 52, columns 0 to 33 of 34]
4.60318424390113,3.5870437125510457,3.138317434962236,1.9049637194751603,1.5783791871376125,-0.31197581247815803,-0.8556855369011787,-1.893843044212669,-2.276916570753332,-2.9768571620424664,-3.7919630120627033,-2.99786711729258,-3.173287515779373,-3.9029680508902205,-3.495219159648434,-3.686157760473062,-4.382842828452363,-3.5478584763856973,-2.3570998054976733,-3.578724623888114,-5.978344789815068,-4.980202484132072,-5.254481575457998,-5.585106493748852,-7.0928004034851035,-4.192379789321217,-6.6371900759401345,-7.17521523294435,-5.519389297852272,-5.771823830924926,-3.7922450258126745,-3.0734320579771723,-3.618012279065086,-3.602635857433534
5.227738426536748,2.8989849541424806,2.9121663993541707,1.8420470070282426,1.4588691099241125,0.11654177680816738,-0.8812061791120297,-1.6042861237337362,-2.3905920010160804,-2.533877713947549,-3.229374598523889,-4.203690225649153,-3.206924622972436,-3.1337417377582115,-3.75085564697266,-3.2738006547671055,-3.4104952936777453,-3.3075476119577494,-2.314780080301781,-5.512481218902309,-3.095373620932107,-4.7183168244486575,-5.459698981814325,-7.607153439071085,-5.827127944703042,-7.109981570280599,-6.197685881216218,-5.366529539579357,-5.660495163981828,-5.23871758457118,-5.04740504493285,-3.6368271888950834,-3.638554982588524,-1.5402459869908973
5.317426470515418,2.6880924903960195,2.912182051187763,1.9003540936407786,1.2974484446751378,0.9842213861531693,-0.6427819166659222,-1.1161248419513314,-2.110284437057491,-2.4405302022678894,-2.9781330796977987,-3.831281518539569,-3.9168511636450405,-2.759883883525932,-2.427232661073457,-2.3562980800755082,-2.6005393976405142,-3.2452299834998937,-1.8155857095833294,-4.666914043627882,-3.825273964432031,-5.53606459448954,-4.665914961901355,-7.84210436462052,-7.287006273851969,-6.120524751723119,-5.723401037882922,-6.562478252129439,-5.289178642754242,-5.53683084458399,-5.299528829874876,-5.240817670457271,-3.3017041631759514,-3.7624681391536314
5.372294997574193,2.6619407790419136,1.5108441411114912,2.529219157705502,1.1999952471568303,0.7308509903030694,0.12524564183715128,-1.2644310360990927,-1.1469316476818243,-2.5150136919431727,-2.787923329652342,-2.860488473266932,-3.356098144778623,-3.4450671921336955,-1.8968133496088748,-2.750289745883101,-3.619711637088242,-4.397980431805623,-4.75197418873414,-2.2832749606072325,-5.709762889857446,-6.319580596122252,-8.403668398666236,-6.769994283287191,-6.6758292916746775,-5.738013913100018,-6.242766707283677,-6.4216461300743415,-5.938697811895417,-6.134668156281961,-4.70798299922361,-4.705742408347396,-4.888029281024111,-5.087032161044833
6.695871638627647,4.3167182327334706,2.8636590423381594,1.7864195072967604,1.1816366398770017,0.8547918939702158,0.2695788163769352,-0.8569703113996014,-1.5510887928576866,-1.6645958366059885,-2.3846763234544817,-2.43734383393089,-2.5835950569300294,-2.8355676038487627,-2.5109501825783958,-2.268185684267323,-5.193844216461026,-2.6153244065923866,-5.7437508858643005,-6.921569351907796,-6.161614187800728,-9.221026809257898,-7.1965418767060285,-6.884825002044222,-8.268904642724735,-8.764915768467993,-6.491506806465258,-5.689814952024816,-6.8368427604994135,-5.42865816847248,-6.346368875184952,-6.363741966490257,-5.1434605638045054,-6.668867448392852
6.213602183711185,5.122377672953605,3.444497960105501,2.63897211954895,1.6784808501819155,1.2635064215608571,0.5164000592321749,-0.3613506438179166,-1.1883094791815414,-1.16246495647302,-1.7629441674948527,-1.602563743237493,-1.2468892136701926,-2.5146689097094397,-2.604092028684288,-3.254389256978796,-1.3935807562638267,-1.0384923636845966,-4.489527940558596,-6.490804538259131,-6.133322083457406,-7.937737043694283,-7.8919452117396105,-8.767468827704056,-5.417349229668758,-7.460464178371609,-6.845896619736454,-8.009215887030969,-7.047873872957028,-7.962522133452035,-7.328098609491902,-5.8900836605907445,-4.789339318346235,-6.519473590940838
5.978900102770607,4.062199217810062,4.03465701905349,3.4363852854648433,2.273628911471411,1.6762904272381518,1.2528720455398423,0.4087615525415999,-1.2616304125468871,0.013811022561130216,-0.8808250167996807,-0.9933360251441073,-0.43370694229460194,-1.970616827914592,-3.237161845552113,-2.830138354846722,-3.6645972176115214,-1.6507471857020934,-6.37982587966515,-8.268375806361806,-5.746956260079074,-5.965007246879249,-8.117573888926115,-5.527490042397059,-8.974821828979138,-7.76284987200876,-7.451007085146707,-7.708819037672318,-7.715123871798334,-6.792390953024207,-6.590455862262905,-4.435007912589201,-5.073109602736184,-1.656015045337884
6.475800430936357,5.078401257490197,4.466401463092883,3.861569523924219,2.7577504393858074,1.9034174901931193,1.7907853853414162,0.8064845078648673,-0.7365417525432095,0.8106174975422293,-0.22933414116138662,-0.690090861937215,-0.4422906233268603,-3.7253548805983856,-3.162644945809135,-3.175113394754211,-3.7695014410262484,-5.945568060959916,-6.917771142130382,-5.384390922589147,-8.031787464979677,-6.843474235859777,-7.547924497643713,-8.026111011217791,-7.169380626152673,-8.708152562753808,-8.4576235986676,-9.32868351038961,-7.7603966626457614,-7.649699957223517,-9.391527548145328,-5.204356201059711,-4.414765335803312,-2.018743392209457
6.998220703419794,5.623261286596135,4.2782616403057325,4.349305041865866,3.6600627180656278,2.2470438982537257,2.1941865249184533,1.2531565876448527,0.8609650129685746,0.7980102283052958,-1.3319106445408488,-1.8045098449873793,-0.6580660536038733,-3.3397356188515452,-4.074875400080475,-4.6756366893669705,-4.967262897345933,-8.336729386792937,-7.349693925271402,-10.022997777815423,-12.045687158276179,-11.596587620883716,-10.21531546288271,-10.9624171352291,-9.200143620378185,-9.94763841902375,-8.93457558313576,-7.276384303987114,-8.46077624311307,-8.148699319232728,-5.98207747769212,-4.925823645690075,-5.166842900713222,-3.9527668172959696
6.8149029501601035,5.597285033540536,5.076155622363322,5.032676823089747,3.929100681584594,2.5664086490397464,1.840975924128074,1.1189875986372246,-0.23778570252583503,0.5826806765081737,1.0931936996004308,-1.642848496628472,-2.135428461949535,-5.061088720746895,-7.612608789071117,-7.893779901244212,-7.024308134858027,-10.387934132558069,-9.839728383086033,-9.20481281115976,-10.345871151332705,-9.531423127560751,-9.552896958966953,-11.231084006504117,-9.480859510088754,-8.547735159787095,-7.851763560984166,-9.926260937678835,-9.260594423127976,-7.054248049812997,-6.836862073066412,-6.853196047690497,-8.570734505942019,-5.866639058912474
7.280345985719538,6.335591041781225,5.696751488528877,4.896628644411398,4.38095789419892,3.3145935707062653,1.1969345157201121,0.15023386335809916,2.4851032956233867,-1.1681820424315323,-2.2484179022145763,-4.465404246734311,-3.363774252679879,-7.519033835176596,-8.614261054309301,-12.138701591350117,-9.277133201067318,-9.29053792421093,-12.383194598510805,-8.802607972878702,-9.292732310272697,-10.251092597776742,-11.144104956817147,-9.421158595267668,-11.999212242709913,-10.584941571406159,-7.358683953368926,-9.253791127553214,-7.50303696380745,-7.658518199582199,-8.176462231849044,-7.1707587269507975,-7.562304557996418,-7.264107974035705
8.517003391146936,7.232838984731625,5.391798347718682,4.636847982091404,4.362777490896121,2.001142493922052,1.3629399664685176,0.5611588926766862,-0.68494972200851,0.16527512207228587,-1.7593981738728106,-5.639216529836251,-9.014722668751169,-7.172582148047734,-9.21458341744818,-8.211836856159326,-9.896932481088669,-12.808123415168245,-12.033879247722865,-10.325960293194063,-10.212718622486458,-11.014564656215809,-11.104738953586677,-10.510361870881777,-10.621732971027713,-10.475375908856604,-9.38659441355213,-8.887182146637219,-7.366228583953819,-8.87679270411847,-9.783702354649987,-10.303702981302829,-8.495925216021018,-7.8325676259576404
8.26656257876501,6.710177304557409,5.954738559921343,3.6818544311390773,3.755675893588332,2.2495873351816287,-0.49950595438474893,0.7245084029334014,0.14923645616189674,-1.0135648897384182,-4.13595753314729,-8.612835382689454,-9.687547371785287,-5.505364153821976,-9.241350726349356,-8.780156820125667,-9.467872108778698,-10.14643921815213,-9.287552143718859,-11.072753641772024,-11.526242532226881,-10.455627936573373,-11.43178230279045,-9.254336335158598,-10.331067793866843,-10.129035402634862,-9.241595817255172,-9.883822113180052,-8.81983512384695,-10.044323480128567,-11.909111726174553,-10.405797758799215,-9.336882056769642,-9.240373962808453
7.777957508525859,6.260206092156654,4.6034449607404495,3.101366416846603,2.0318463922137315,1.1701301840571514,2.050210487842581,0.1666230271486688,0.25350998368679073,-5.082807601663782,-4.376817657551388,-8.407873376686851,-8.298012618004474,-6.977444795963984,-9.340174089755415,-8.194977513756843,-8.972339496086285,-7.834704930988447,-11.320080659047647,-9.77894405494525,-9.50025374994093,-10.71800239486794,-9.955990125711441,-11.011245536854268,-10.001706944426191,-11.15515545493658,-9.944342203109045,-8.814359243299368,-8.4165877473532,-10.266771779475139,-12.949127184432081,-10.902264306078385,-9.702327477959992,-8.072928898174101
6.793529218434009,5.75590553021202,4.090596144566172,2.341096579660777,0.804543073463337,0.4091978612449189,0.8668361759210428,-1.6757109877401077,-0.4801580801311419,-1.876839257845526,-5.943064060454554,-9.426392248763396,-10.641218551097964,-7.299414694236776,-9.660148148483627,-7.681468092186288,-8.205525067953381,-10.293402928079228,-10.095423808153514,-13.30908426344004,-11.748511449026322,-9.399461947478068,-11.2573702392011,-11.095442312122584,-9.857348858094484,-9.994769115087506,-9.80457588351354,-9.531244355438773,-9.342233422001774,-9.103428919911805,-13.7117199517495,-10.43611655821464,-9.14325082511302,-7.723594298141332
6.096009501416094,5.279909044480103,3.145743908244847,1.572617577171243,0.3151744716092092,0.343111953626233,-0.3932462980287255,-0.6603042085116851,-1.9969305755565527,-2.143226901643231,-4.3659775260186,-9.612142790095668,-6.088344453111662,-9.179626635256223,-8.180007229143348,-5.305851950922471,-7.0638685369933105,-9.507762104446154,-10.705132422484155,-10.50880207139868,-10.670940738226843,-10.442477460299905,-7.728095710808444,-10.916149414567622,-9.861874282731614,-9.536268249967907,-10.135818872630388,-10.509589713641882,-9.593283920592556,-12.188011547305402,-14.49011795559317,-11.499253882669024,-7.6827645887459965,-7.402859822099322
5.524908785348184,4.686631077971687,2.833752756022149,1.2255972953177499,-0.0501045215912812,0.7775897183908377,-2.5572485118774755,-0.7922267369127646,-1.5060432120929799,-2.5320168179540175,-6.147869336919283,-12.987447846387617,-6.9453469125833,-6.850770785077162,-5.385965342444009,-6.1545353621555,-6.027173707718773,-8.961800928919972,-10.172755257133222,-9.900588603944016,-10.290742895274223,-10.334666429447022,-8.541235815882139,-9.257659390529167,-8.74259667518503,-8.446396669431072,-10.168283213569886,-9.858831859367896,-9.156034141860095,-8.045043981953985,-11.107476433697311,-12.689816271938605,-10.152693350071422,-8.062162694357172
5.001201351309185,4.3703249061473,2.6701874119528615,0.7366634467515539,-0.5032572326102617,-1.2660107608937947,-1.0640147036881222,-2.040736164201033,-2.5868310860953883,-6.0648332416796435,-7.951162731217378,-11.64463635574215,-7.6703629072504,-5.689901345232581,-8.183012343178593,-8.242877434102391,-3.97604164223537,-7.304596707673824,-9.277638349312111,-9.74095843660733,-11.69384339305064,-9.514480867890413,-9.7014859991863,-10.5262731942522,-8.844294513186785,-8.746081075369652,-8.599360356467376,-10.098214010472793,-8.64352264285127,-9.352130603211831,-11.286711219819951,-11.238108456121637,-9.673285416657928,-8.049471993819253
4.841952072203131,3.6556942208603687,1.8330773823918545,-0.39182355000435143,-1.6618206682936971,-1.693499529801166,-0.8893788980956912,-2.5163800579919795,-1.451124908161258,-10.758192353335113,-4.048212780988553,-5.83753549991746,-7.278065739515537,-6.61935029893772,-6.56716225994114,-7.083878425435502,-6.605882822659296,-6.611297328708802,-8.020181224652129,-9.467563764638976,-11.358982004651992,-9.650724619401117,-9.509799784569287,-9.437991203073494,-7.882340118712286,-8.6069921991842,-9.073436778259296,-8.993225410658704,-8.978712988211415,-7.444488882409365,-9.281632670895478,-9.493801699023672,-9.275419186613927,-8.777839909217464
4.465151763860394,2.884360786498378,1.6687718978243469,-0.6844803669705782,-2.4106606012335337,-2.9559950549931675,2.087329464741555,-4.769921850043575,-5.793960368529273,-8.277298339325665,-6.463897670784167,-8.3865993917831,-7.311417722579082,-8.47464551596279,-3.476543622999217,-7.845278699806332,-5.0809256003679995,-5.8748563180778115,-7.763539715070578,-10.161950037466697,-11.023230993183363,-9.85188128025992,-10.103838360003842,-9.532546096694514,-8.747254862514799,-8.689021860238807,-8.350114927883874,-8.785840407178387,-8.467097963754018,-8.605616066476662,-8.63329965167376,-8.448020578114653,-9.836487920762806,-9.678672737226726
3.1918319333636807,2.0541418773489277,0.6495653032499703,-1.539111824293572,-3.192716270566541,-2.7840491863238785,-0.9356360403141303,-4.645007366553714,-7.696214613660474,-6.876799861450208,-7.552787288422062,-8.826303762620228,-7.360931688069006,-7.104584015321141,-3.0151478643264933,-5.433884800697388,-5.252628863536936,-6.122560813221232,-8.487460040555375,-11.482994749666826,-9.53172024562512,-10.600525759301831,-9.599300713420865,-9.22892075292369,-9.109862789932064,-9.728032309887286,-8.222496432260211,-8.732755839712617,-9.282578862399314,-7.4536699019812644,-8.34671161257998,-7.73369301397042,-10.410347519716108,-11.126626697698681
-0.38618648438125697,1.707143933838172,0.23593748177964305,-2.228876824699,-4.259978887447379,-3.21561461851914,-2.3519344757338674,-6.87523188086295,-5.584631936645252,-4.694952414406794,-9.394616285655767,-8.889124868941051,-9.59207109112575,-8.21637260224723,-3.2873326390633384,-5.195205275848082,-4.713911836084173,-7.542539323645402,-8.604623979549059,-12.95470235298703,-9.919540688367269,-8.933291043629517,-8.343499651241201,-10.006284567843474,-10.765843308551373,-9.736143519346458,-8.951266681063275,-9.604092222641922,-7.461748087756052,-8.000059114105914,-8.903474822744545,-8.067198920253233,-9.475417756518503,-11.818022135989441
-1.9483332585193303,0.7724595049042534,-0.5261973998376787,-2.7566556339961608,-5.122722384062883,-5.081305118294791,-7.172525289921808,-2.3431898454400417,-4.528491694928694,-8.525710167501401,-8.703341255045615,-10.166344233925217,-9.513086008523278,-5.800242601505712,-5.215338887665871,-3.4449282490752826,-4.813835934973209,-8.320623024947501,-7.992461600911804,-12.63610990223873,-9.095188939466395,-9.018413769817224,-8.607795430785005,-8.486521559673234,-9.166271329649204,-10.16824251222834,-9.785546031735901,-9.772329818863549,-9.040912776657606,-8.909513356028057,-9.128614766435744,-8.54302331647469,-9.14131409641329,-13.00566356939101
-2.3132665224303315,-2.954600495989839,-1.481850385954229,-3.3139118032621973,-5.800206790716055,-6.504365479524549,-4.66298271655488,-5.416132881598899,-10.54490556728097,-6.191353247581087,-6.701736219943022,-5.716657670909201,-6.695707699760179,-7.275916690186183,-0.09714386422400231,2.888397204487147,-7.318275944755197,-6.900312893679648,-9.260161266942477,-12.737898713856477,-7.944066159143932,-9.257085938099838,-9.042651631155218,-8.751238315658547,-8.591499489701915,-10.22524269805957,-10.11798788695698,-10.283427351788406,-8.474850261717739,-9.914664742357578,-9.198808816105812,-8.683168575636321,-10.407334887389842,-13.630551079746514
