script/wind10m.json
{"header": {"parameterCategory": 2, "parameterNumber": 2, "lo1": 6.000198445256149, "la1": 58.999992894266676, "dx": 0.5, "dy": 0.25, "nx": 22, "ny": 24, "refTime": "2024-04-19T01:00:00.000Z"}, "data":
[rows 0 to 23 of 24, columns 0 to 21 of 22]
-4.633777868727446,-9.807032252245698,-8.790395012278191,-2.1355161829720313,-2.583190433452437,-0.964979358940458,-0.8201185474167264,-2.937024437019299,-5.047589729696878,-6.646528815465308,-4.210168920296918,-1.9683773768259338,-1.3059286428055272,-0.5581810710709056,-2.499887345645467,-4.927266686415838,-2.1031749073947825,-1.7493121040474513,-1.6952897993743896,-2.3345087217080267,-2.003520878480978,-1.5828164761977104
-5.769720939000265,-5.7220206212408735,-6.240061288647547,-1.7417875186648961,-3.1217975790613,-1.257989356226136,-1.166280169871916,-7.4897595200019955,-7.328086968459205,-6.870643972566967,-5.768039114934552,-1.3251665913221906,-0.7027614704724718,-2.607941802208725,-3.9282555778629864,-4.13982836920146,-1.2267555267367511,-2.165299159611571,-2.38119668184286,-1.9100456612296617,-2.186181895831849,-2.119209223694109
-5.036507821152527,-3.857481877447567,-3.885413492985381,-2.2048833402774806,-1.8244976443994765,-2.588896425847506,-6.056943331003398,-6.278033326965145,-7.595016878079068,-7.251152074908767,-6.596966364708852,-1.7131442253871565,-1.1491406213349047,-4.306231156706172,-1.6191403303938046,-1.0992484518202792,-1.1040605840480056,-3.2866285965812834,-2.030184045718155,-4.336055089005098,-3.084139136583389,-3.166004135319976
-11.416038772881086,-6.38085788247509,-4.285319093160687,-2.3233873040288215,-1.7038688850270238,-2.752433812918595,-5.290331019551887,-6.08062429197053,-8.108048228963092,-7.418189635543044,-6.7787298977570085,-2.1761627386709907,-1.82926371214415,-1.3047783824963946,-1.852050873372732,-1.4180887762161523,-0.10768046823266571,-4.088121712304641,-1.0643044743976235,-0.8776241862567807,-2.5688762573162642,-2.726797059610028
-10.305100233211556,-11.797690949907281,-7.85832492220953,-6.177359755299638,-7.687004721301133,-6.565631176173983,-5.115573216766097,-3.982405321500339,-8.021069950086908,-6.691248431985099,-6.461239305435741,-4.210096624725475,-1.9706618771426463,-1.2650997511252067,-0.8494202000531877,-0.7225059210595878,-0.3783859535674569,-2.2695536648716743,-0.8819311058962872,-0.5465817381169559,-1.4302367662024273,-1.2057810847896404
-9.11610145734401,-9.790621180658565,-9.47136779232063,-8.094577819373052,-5.384200611952956,-9.35414176739595,-6.116473691463958,-5.64117255277272,-3.68319429193688,-5.682635470080506,-6.410842676824553,-5.501448461061169,-2.4442849224898238,-1.4924201761904292,-1.352030708184165,-1.3357581151571971,-0.24238495927272127,-1.2005776741588192,-0.37947564749097384,-0.23532849556505164,-0.4734265884832251,-1.243180163518458
-5.813523127714185,-7.950566838460772,-8.865472264189332,-6.15195791364641,-5.1275267212903035,-4.253207249580157,-9.790265842759867,-4.0526490957017955,-2.7827102105569206,-6.334422304974365,-7.020796383112701,-6.1856716806043215,-2.351289210730234,-1.3026987796136982,-1.2005055118444583,-0.9121018484173504,-0.17406453524182003,-1.0962156006853356,0.15642047918096885,0.19374053368168978,-0.28199508106067206,-0.1594603913887204
-7.0521131521389755,-6.577456244196153,-6.930287989572621,-6.731166868249511,-5.729310399148266,-2.9823794757613915,-5.355267609831014,-5.001337702479737,-2.4541201384671902,-2.935625298556608,-4.940747189475024,-6.86989093720771,-5.382928640597022,-1.8199114911963405,-1.250871998217985,-0.7207620141575489,-0.9186473863793941,-1.2859184644876607,-0.19917160463870165,0.3409030377004296,0.0362356801213143,0.42649053010731536
-8.05078131398616,-7.760069891132588,-7.191247464507123,-6.314864250697778,-6.348906255112653,-1.6322072528636649,-2.962373068704667,-2.331511589299282,-1.6517864561351123,-3.6978328475892814,-5.454954476232535,-7.111417911786704,-6.7744834836218955,-2.9052875063058794,-1.6090546407818473,-1.082683328393883,-0.9939339231628384,-1.406343054361363,-1.0589976512672294,-0.7657077587397716,0.3677709511847605,-0.0952510929508452
-8.28211988545701,-9.558623584331633,-7.919350861413205,-6.08727659732591,-6.036391316645907,-3.150057200850488,-0.9243823277801345,-1.8738351716929758,-1.9749228606107643,-2.2875687160929417,-3.258026055952759,-5.175199480374317,-6.751598031140329,-5.968856334129576,-2.3141632905467753,-2.019895541924961,-1.486188638597378,-1.1290076495332044,-1.9351343007984032,-0.8289589788610292,-0.2488353415852015,-1.5398888508244386
5.429615333780195,-7.426079952666264,-8.479876202229807,-6.414736533807701,-5.403770851817722,-3.0848238429193984,-1.7182209930313717,-0.5540687930651313,-0.8937806740296285,-0.8480011647631192,-2.346211083288858,-2.3126946555052554,-3.29572123601997,-5.434773629288552,-1.4260055416743944,-1.2727722345361208,-1.1531258965295548,-1.5559646798196072,-1.3011781871605772,-1.2675757107255687,-0.43492048563582647,-1.7345884254193698
8.033458038849197,7.625040792891178,-4.392221415985908,-7.9433345319468,-3.677632682316039,-2.389826737428606,-2.0492038255556038,-0.6869376537184293,0.02583197712341529,1.8165899238323546,2.523397120016521,-2.5370959148705032,-1.9279856539808582,-3.1610989432660364,-1.9174884041251197,-1.8367587472738482,-1.1661678096295955,-1.3450372850723842,-1.0848208299726805,-0.9997000629250503,-0.2806456365476036,-1.7820186102932727
10.795218049557482,8.812380740130836,3.285009186496601,-1.0045503163446465,-3.9867064644257795,-1.7288764564500096,-1.9611275242866963,-1.5023021694171377,0.12942731398794538,4.476948353436999,5.657641213371731,5.223854094206523,-1.2169537498558902,-0.3135201625689543,-0.9985820788012302,-1.1426438216114936,-1.5315259905453777,-2.965719804499956,-3.2941528066827535,-2.719451937098463,-1.8908815242947827,-0.49064870446579706
11.990432386239213,9.362332807711908,10.371283946672124,1.6683658691189445,-3.3124536193707943,-1.4448426463282624,-1.3642676358310915,-1.416224679004194,-0.4245208321068525,4.0617098147178385,5.3428639179877235,1.737474961336921,1.8572031726820044,0.1382271751984173,-1.0618438154282677,-1.3185596618562248,-0.737894429905472,-3.0115809220143133,-3.6715107806365217,-4.207604867290467,-1.8975931412444496,1.0383655141414674
11.884391575043791,9.921664677483246,10.047337086943667,2.8217609963715153,1.8720822970401756,-0.01643513817704883,0.15219753907403355,-0.12286757620663187,-0.3835703604487949,0.7411235384508391,5.095157150475862,2.0355975554905656,1.1544228809422612,5.120584247170627,-0.9345575525613254,-0.6781685639693686,-0.7732329457623303,-0.5597391318398471,-0.17444664776498928,2.36190825999677,4.356726302865869,0.11433568305644227
11.910807026331671,10.818342236678856,11.397306522100253,5.751390354497961,8.07912086217791,1.3433703805277921,0.26651961460189283,1.118114804849818,0.5712466428404998,0.3185023052539675,4.491511145360752,2.558126930145289,2.2114163028612435,5.1495351364820285,6.766560221123681,5.338207874813443,0.3480036248088362,1.939886267933019,3.1160050949027736,4.515880010003712,3.3970137197687085,3.8320777455554156
11.761161492185641,11.991869585317739,12.162490886678048,7.949615701989179,8.643545660586252,4.168368328010189,1.0056768742229742,2.116196744095334,1.278598751583895,3.3115949543407353,4.510081502220895,4.950872864165378,3.3711883673512526,2.5849424465227733,6.8938766150547615,7.525458507849934,5.577910488903109,4.2980161432876205,1.1029310545144346,3.8592052666773116,4.978729552926292,4.777161102314148
11.186780727629381,11.970171214868468,12.758832334197365,9.213799962309256,9.431827352228073,3.6420368448003906,1.6850102574229233,2.266682783893122,2.8737020298579408,4.531043699938126,5.836864750971612,1.6612763601433753,2.6222844369012885,6.6724456450569205,8.27235868014321,7.73380209454492,6.1839742143497425,6.7079015539876705,7.476762082820272,4.2911242069682505,4.29259581036538,5.913342388636042
11.719154887439613,13.612107219788463,12.38118077922896,9.813975955290605,9.280468842697646,6.833541477384147,2.0943619913483293,1.2839071797037325,2.014488211162252,3.689891706654992,5.753741034676757,5.715083987523952,7.1326728886815225,7.568636704616616,7.7242853825339255,3.6486072515993575,5.311187859275546,6.853218139078316,7.298066149484682,5.399467495723423,5.808382523942432,2.295484731474278
13.500458325954646,13.477681601125019,12.272289242727144,12.439002817588985,9.762969851750752,8.524232022673198,4.84578052304805,2.1796274799370576,1.2677044536692472,1.897698257500876,2.176944663264659,6.309474440699027,6.907181536457348,2.517820115814994,1.9159783169607387,6.731977903691502,6.914829342139112,7.557736540874117,7.38617918459995,7.42532080136002,3.0776823653841996,0.8868165754986178
14.62284629574528,13.227986221550427,12.1984608975503,10.613952263921702,8.390599506766181,8.210905378989066,3.995613448736503,2.2029622375751394,2.132044317890964,2.475782528969574,2.8801603787628545,2.7257065271953387,1.4945539385506317,2.263040108755514,1.7636886211721077,2.5880534584708097,4.999031145899907,6.624184037023285,1.2689240506808197,2.7653931232092366,0.5054473839146293,0.337572303179997
14.385665722201072,12.776525824924924,11.27418941259097,5.907214462556285,6.732916937926947,7.231763013127386,3.4067077406745754,2.7950280953312885,2.7291130381569038,2.4825229804004745,1.7237006673028428,3.3332872354251317,2.0344346257585273,3.131979731915391,2.0491381475308184,2.5063697436265575,2.4825029660212645,6.4488662179786385,1.8439920343179,2.456730141644593,2.669514054216729,1.1240376520461404
12.159209100146047,9.98494687137055,7.183934613868818,3.839100211518166,4.223369248027488,3.065205461052379,2.707451884268557,2.294547834011474,3.35712753063492,2.6535519789851847,2.4590456897204964,2.3085025438150177,1.1870669538802592,4.287652582273728,2.2355507033044324,2.1346110125033095,2.0018152113876293,1.7209365767819105,2.6122377624392645,2.516045671889176,1.8619720436108973,0.9826037856126193
6.27637628477497,5.977243525329876,3.912269544799802,3.894508342925072,3.50566142664852,2.343146718526597,2.847393042411306,2.447932645499706,2.139269545945172,1.9451709174976313,2.0508032585633877,1.5216212869453147,1.9128069148134237,1.1655109266822112,1.9723301723482716,1.7200850722349825,2.849713955942074,2.788069461305206,1.8736253146973532,1.0940525003383654,1.2961755641339137,1.2726608763131464
