script/wind10m.json
{"header": {"parameterCategory": 2, "parameterNumber": 3, "lo1": 3.000054539987559, "la1": 64.9999836372058, "dx": 0.5, "dy": 0.25, "nx": 34, "ny": 52, "refTime": "2024-12-08T06:00:00.000Z"}, "data":
[rows 0 to 23 of 52, columns 0 to 33 of 34]
-12.749452939985805,-12.892696800489077,-12.924431766315951,-12.927533317706398,-12.782800674957398,-12.694087471980307,-12.715324216785998,-12.992664904695376,-13.22475583977874,-13.668075902734198,-13.280575567831486,-13.154579301200423,-13.113944583115101,-13.070018035471767,-11.538093199533023,-10.069168089621028,-4.94876558597751,4.669568760504652,2.9497360433544,8.00146854117494,1.1620040477344178,2.4211025757409206,-0.9865475446869443,1.644173157292849,0.7771655732418455,1.884892710825492,1.103311612273177,1.6840029441853583,1.9666775646368773,0.9140303142161669,0.8746428942972347,0.7753016074436487,1.1107159344689204,1.02689023823947
-12.571665080321399,-12.683873002537345,-12.976167487895125,-12.867708758350565,-12.675836311108455,-12.727637878154662,-12.788903151645599,-12.880038727796865,-13.008716119425062,-12.875923659382636,-12.879085215462261,-12.626641453707622,-12.676660049206015,-11.465006586137665,-11.030461266821199,-8.112557100557966,0.937721892618935,5.196228240669798,4.849044066332274,4.7588106152223935,1.7499984213599011,1.3712787451071704,1.4092745157988185,-1.5193720372053714,-0.1412849594351348,0.10493297998597069,1.2633843077272173,1.1959305073500894,1.7659842889823705,1.198709865674746,0.5064702763275808,0.5219301975057471,0.9677041320325852,1.7113998230382323
-12.47853032454254,-12.625421278272631,-12.41953867099539,-12.588059815219042,-12.263193907245014,-12.286981098410333,-12.777039564407442,-12.894524295257986,-12.562492766550047,-12.54436684289176,-13.125356940112022,-12.939431640848214,-12.23657392091111,-10.491931010269285,-8.586026093658198,-6.638202981725553,2.302791739024203,3.1224051277801403,-0.9683284662876043,1.67080197903062,0.9776883448209365,1.4511988882584885,0.1009767003008832,-0.5305581009081443,0.22715229906845513,0.7015616029731166,0.5992888971973324,1.409224589133187,1.092246969422189,1.116376609766808,1.3069919159077628,1.5797375163212348,1.1342798225270585,1.914230133502488
-12.308486560394204,-12.283509662901322,-12.345905344000128,-12.638057804073366,-12.627885040912513,-12.618600665671712,-12.254776656805067,-12.580525579539248,-12.432106109153816,-12.422493873210989,-12.428242361147005,-11.688220948107208,-10.645635522614382,-9.009811125356455,-1.3763732012125294,1.815211864225315,-0.44574830493095435,2.9915584854559194,3.4355341742069387,0.019617674110808683,3.0182079119577714,0.8045742428686605,-1.9376805618162463,0.6079699658421739,0.45169744113868626,-0.12446172863092589,-0.07772530435965075,1.1591983269619386,0.9329079707860212,1.0805651346359788,0.8544270786960367,1.7241761171613266,1.8102206638855407,1.740349446152305
-12.35467544546998,-12.124971224090997,-12.206322902152037,-11.543932671118352,-12.056248892202193,-12.200477785514913,-12.513664426163885,-11.869296747067187,-12.599759429170158,-11.349783403746208,-11.082078919513302,-10.50176135759543,-8.99620641244583,-3.9464398319095464,3.353627696129196,2.7756190022624847,1.5418803293850605,3.397374887044204,1.2561854395779324,0.5702344311908619,1.1709442028328896,-1.1499572068807127,-0.06577916148371551,0.24258913714714475,0.82924572923244,1.0439236896609378,0.8277556184093213,0.7374765689411141,1.3559271872484213,1.261784323684144,0.8888735116552441,1.7737416592090451,1.5647697337926874,1.3500441379502746
-11.661913796742859,-11.692956927951107,-12.096265280463722,-11.743700905759008,-11.868985150111822,-11.941525333757937,-11.958024025230586,-11.54122547529411,-11.14189223247452,-10.99184065271119,-10.23484475886389,-8.282780188197341,0.052235805112596324,4.090929781798479,1.9033080317700082,2.053466435448861,2.938621953890553,1.6099911753864917,0.866601356501479,-0.8358907227899324,-0.5907668437796494,-0.4798664585202022,0.10222462014642393,0.3731522556928002,0.44960997651819884,0.799265605037625,0.8610397406286101,1.053958319584788,1.1707531805330986,0.9040403141651352,1.4481267813910785,0.9256579167869186,1.3655678369183322,0.9611419782648154
-12.502035465409145,-12.615356146990631,-12.054606578463583,-12.006409705632821,-12.077195971748148,-11.618038365245683,-11.139013336766864,-10.479827874845833,-10.50635908831018,-9.596611357949683,-9.313226625107719,0.7699208182584605,2.382279734958558,1.1980133650277645,0.6886382538943265,5.483382678610623,0.6026128940031741,2.260252088878493,-0.4305467873962278,0.041262371844215474,0.42927300723274314,0.27704313858910723,-1.4375243433351519,0.6657280011252554,0.8003808713623358,1.316502225604468,1.767621330010358,1.4295737784986386,1.4457164588779918,1.6831454840156517,0.8903158036591845,1.3113080106375175,0.42215278186427996,2.0708487371457958
-12.6739146900136,-12.469830408911038,-12.193232236574564,-11.37178266967676,-11.430768684806262,-11.322991551291604,-11.18648186045685,-10.24937205566084,-10.093471157655536,-6.694213200470498,6.147661545159322,1.426846802948233,1.5706983246997261,-0.04497123225189545,1.6774923895503593,2.2105723389248073,0.9123440690387757,1.8701106778151693,-1.0331107964473676,0.08211423439027325,-1.4549500550220784,-0.27737076302654673,-0.2891143346976737,0.88650128472002,0.21155989746740075,0.04368516039099365,0.8167874266101349,1.881588916821834,0.7889886696292839,0.4473356662801559,1.4972586225199023,1.4946585650984203,1.0550047792689061,2.3140292178728914
-12.605639290840669,-12.686499495601632,-11.913365985142123,-11.507586111460324,-11.202576566086934,-11.128945010375805,-10.748524457741082,-7.437096353033017,-0.6311168096772624,1.6792345339019366,1.7089985885660752,-1.65126134636547,2.238213960925469,-1.115465424631461,1.2399555955392942,-0.828945221206299,-0.32221487171649116,-1.8780906322963553,1.0138634156017055,-2.595114044732409,-2.836326506511112,-2.6206898773022744,0.7547114362968561,0.6687403620529677,1.2186701845879324,1.2501972169223017,1.2880482201375212,-0.10323297048392441,1.3289265383786695,-0.3343276506915929,0.5799418491853174,0.8458674696572137,1.9896540873249402,1.9491355718317902
-12.015543990064003,-12.425355990825294,-11.519463386515161,-10.807055683604956,-11.27659948444895,-10.670173585285928,-7.375094357910372,3.7441796434719983,2.193425726328141,0.40224276812341037,-0.2655175982832784,0.21597893821985484,-1.1202360137746656,0.005616098274931248,0.45749892633818,-2.1148682015367806,-0.6529654270280801,-3.13593473244265,0.8264078967177328,-2.4763224613766144,-2.2227848325427257,1.1200237055037456,0.08072112959272328,1.5307243173577487,0.8010760615327469,1.1374072660235612,1.6902229091593413,0.6034973603337698,0.3286498181169466,-0.580403146616937,1.1945944477191852,0.708758381874221,-0.6155767589140255,3.49209074097484
-12.533884881215386,-12.745543377680534,-11.931900512880228,-11.298273676924756,-11.058279466578538,-4.568742988947266,2.898081400930106,-0.3686151879652529,0.03930082274389439,0.736629247559436,-1.6764895823725705,-1.383410983995419,0.8866371459388536,-4.171547345483908,-3.881986178657288,-3.9891562908485114,0.2868087584551295,-0.1671158860823623,-6.071153334524648,-0.5864851445476943,0.44713304353247146,-0.2523571060964433,-1.1599985030065307,-0.5069418167738472,1.6000814444297133,-0.6063153959447726,-0.13010040661120748,0.5530574587636847,-0.29200922825128817,0.39105960113385446,0.07028979708854806,-0.7517979942662034,1.1074810315585766,4.099497422348059
-12.47214693968105,-12.314127972011327,-12.295928453464386,-6.77634148719225,-7.195150714496979,0.3174369212412304,-1.5443692452509368,-1.051969194519115,0.6802575038171834,-1.4051814413460262,0.19593933991369453,-5.6702232031412585,-3.412012754647633,-2.427774687069512,-5.079116789128806,-0.992461343479201,-1.9286720409537836,-5.691793169289691,-2.5346676198792806,-1.2519059398093488,0.2995130498323109,-2.168925573174794,-0.46259662981816935,0.9355150410462074,1.1794827108144994,-0.04033611489512132,0.6637264555385742,0.589579212026528,0.1462494794225883,0.2964481509139801,-1.7308192203206125,-2.2927835807865495,0.06407789881314427,3.9893573732073593
-12.422817630558114,-12.44578039016377,-10.24650441309595,-8.34122333599207,-0.6668664651932902,1.841484737371682,-1.6058269598598467,-2.8153017644516227,-1.1348554015654142,0.3084980841530958,-4.094003585418455,-7.033548720330143,-6.391801532089022,0.058750008899738144,-2.632565206919307,1.0563870048669946,-3.890342499771674,-1.521327015619337,-2.159297594203594,-0.7768705773691508,-0.20778833985311684,-0.2840970649348168,-0.5691496783644437,0.6596282467213187,1.214516117082037,-0.4052933979686055,-0.26009179215969264,-0.7392921787634339,0.26010565648158734,-0.8838452383116131,-1.6468849470141789,0.12583821729355116,1.228227959105795,2.119122880987178
-12.577580356090294,-7.576937966867105,-10.691099078664912,-5.543382554797679,-0.6199847188339663,-6.874367557734565,-3.9183268632011123,-1.6888424584649822,0.7038398205301377,-1.3495091755185877,-2.4467379207722306,-2.6786208348317166,-2.680631953157374,0.06079891806527823,-7.0853466579559585,-1.401336471550055,-2.9715365619037293,0.37322182452506475,-3.854758102300344,-0.270831683154635,0.2204939467934511,1.0422508254976466,-0.06288600971320234,0.5402194982467293,-0.7336726360502959,0.48696319990107506,0.45360656438725006,0.7646354199654496,-0.18879695332502097,-0.9750334279984028,-0.516991880501914,0.042433187818396355,-0.11248561290643308,4.02398020896512
-11.167208790387608,-10.44431382588838,-8.561031767825654,-5.622967886564775,-1.2084886305306706,-0.3503455746540769,0.5557294068171198,0.6907037385648175,-6.089145652120405,-6.406246430858815,-5.126443056474425,-10.459313337920952,-5.125446227524646,-0.6688327530188087,-1.8857775084387391,-4.126558203158671,-1.4627419647574071,-0.7089890851434718,0.25099907073132455,-0.854876272115375,0.2905593153964117,0.14691462864662383,-0.6689590242912157,-0.05297230000212974,0.8474461865791666,-0.2476316157380123,-0.7358265542234317,0.2893181232354492,-0.4576544334044636,-2.1194266128945567,-0.11007123145461968,-0.014545317923780275,1.5652384210351689,3.374975380306031
-10.427523218092201,-9.815114353459089,-8.63243188131263,-8.19491287076023,-2.207295341102803,-1.7116239386800285,-5.976327844048487,0.9067373166743452,0.1615032736708592,-3.713043829294953,2.0656174498483235,-0.8902660010670577,-1.1758884609788416,-6.211600473073018,-0.36792786423534835,-1.880805450922944,-3.4945702444480604,-0.9695475906615446,-1.0351321481933875,-0.42860795620369707,-0.4740016552534228,-0.6401250939301362,0.09386697650123474,0.376053286582357,-0.2616911891316213,-0.8916993011021942,0.14615997542676473,-0.06630394344645178,-0.2211176189676189,-2.583269156113834,-0.732577122315049,-0.07705532381046092,1.2875777715267798,2.47928013823085
-10.5420523920618,-8.974334450709671,-8.925138157369908,-9.461604191767272,-2.430306675041068,-0.3981083864442888,-5.56200771145989,-1.4105511051099482,-1.023025001629527,-1.2702179952399455,-2.249386418442558,-6.888915814221863,0.8664151345751538,-0.834937041991489,0.3213285813658554,0.0843729651229752,-0.2502217077252201,-0.3353341668611917,-0.6623663359133447,-0.9058516433772652,0.286902222607794,-0.704387932745543,-0.3853533379086896,-0.5374159034995619,-0.2764209279202334,-0.45970511594187463,-1.0019273219931544,-0.35347228450473694,-1.7742716581151836,-4.057802549699239,-1.0552547195993844,-1.3169282712768993,0.46396635232091143,0.9676020725892494
-9.062447926893897,-9.45270806707407,-10.207502025133724,-10.753270788941037,-2.7294500598792095,-2.3058609623028636,-0.8166405595212937,-1.1824561072267723,-5.5547702734189714,-3.849359582560616,-1.140548822370375,-2.497696184376894,-1.2314589159001592,-1.5704433153485067,0.5457205787112269,0.3411702221102206,0.3987228309788021,0.5230191406177291,-1.1049747241897907,-0.7282474712335869,-1.1959610915256602,-0.8070176400401792,-0.6451656844573851,-0.9658661105354477,-0.8897391872336049,-1.6808498502361917,0.328564069628527,-1.221941116289976,-1.0971571176348132,-3.775319782768137,-0.5929954383210353,-0.2947329583103455,1.0824947635638555,3.578030927231479
-10.5368925556696,-10.783101521781253,-11.407593228052647,-11.311547512785802,-4.469902419375722,0.24839306203300102,-3.6577975772633406,-1.1059206324439195,-0.5867818683122402,-8.448370578817041,1.4468389736412743,-0.9808735319091985,-0.06559187212798616,-0.9550969157604903,-1.647540536884499,-0.9908229472186155,-0.559931881726164,-1.3837186506420813,-1.747009567711943,-1.263232885358379,-1.4540425144872764,-0.9832179378575328,-0.7490746132289157,-0.9120143272914869,-0.4029572348818324,-1.1570786093272754,-1.3735183968263938,0.6659919732155618,-1.3152338139188202,-1.1319468974790134,-0.5845325277165081,0.07914716084741091,0.9533386602072658,-0.06431874334067815
-10.956373823807205,-11.693161810603609,-11.913347248621196,-11.386113250611936,-2.569893785200257,-0.5526287795599218,-1.4284568194337581,-2.454182633555452,1.0537839896605856,-1.4533198130435097,-1.2783741074268644,-3.568358678386812,-1.030737104012235,-4.314952998890599,-2.4833859089953014,-1.3691457695333527,-2.345210141967749,-1.4115256461190104,-2.5511045029318877,-1.2627821858502783,-2.033610057325152,-1.3233174384577429,-1.5740336393465229,-0.9913643698654941,-0.5034856880177335,-1.0858794970631525,-1.097394785812886,-1.5027496783349805,-1.2269427598222526,-0.9634000330749275,-1.1625511108192674,-0.45321374818745724,-2.086435913939931,0.23575490509754493
-11.772811014706297,-12.280370122282168,-11.977250339955575,-10.62566118353728,-5.979273865670277,-1.1483791607572054,0.05585864259422152,-3.1151287603549247,-5.060489676749601,-2.1432752775391326,-2.0216374503490115,-2.5148998486476084,-1.7330959223840872,-1.4811431385882972,-0.5094414938470676,-1.9152597177046653,-3.307909281279573,-1.5846556095612496,-2.099285456747055,-1.3918798543208777,-1.4600648367963525,-1.6452428395482839,-1.4261769350004398,-1.4382242059127788,-1.3687819020383383,-1.3700044114344876,-1.1813786044891215,-1.1399147113061279,-0.7235954079606636,-1.8705192013397864,-1.4394591812254798,-0.4469623609206094,-2.16798029056455,3.1688481387221983
-12.205907145174669,-11.957747587569102,-11.837506132745476,-9.82387852974109,-6.303449907399633,-2.273312241796504,-1.1738310200190785,-3.5881291756993123,-4.425333810136458,-1.2378113420605115,-5.200473162218438,-3.560656357347252,-3.5494993502370416,-2.7957829098803955,1.5626744462931403,-3.959647060082144,-2.3430998479717764,-1.9757404813846968,-1.8191539584647871,-1.873025232002853,-2.409080151246301,-1.783162788879634,-1.4857676706634029,-1.325105926984085,-1.6462339337594314,-1.6208234897707448,-1.4910613441296154,-1.7756760005550711,-1.2989962023845922,-1.7010028743252597,-1.2607250733350277,-1.7142004625119611,-1.4570320688925438,3.647078027563143
-12.530591965659049,-11.847359299080365,-10.663984033037954,-8.287952985482466,-6.517642776213644,-1.9073726759109804,-1.8550778827623713,-3.469145682577271,-3.6479642918002377,-5.191037640397416,-1.4274197471511558,-3.81058589886681,-5.2173114071373465,-2.563181627590308,-3.1068645676521243,-6.16441882282866,-2.51019684580101,-1.9965096661861939,-2.0874882404284034,-2.3779442526388697,-1.9599077459981196,-1.7027766714048096,-1.888918124921794,-1.4296926264181276,-1.1342160862503279,-2.005150574763655,-2.0764938037304628,-2.0740035291522427,-1.2426024804087543,-2.0234965021214593,-1.570095455072759,-2.382199426351636,-0.15246064173827079,2.8320362075816
-12.633406065461697,-11.319555575162306,-9.222392109620213,-7.261227058754249,-7.364577372631042,-4.081221735696406,-2.7489717594181964,0.15968292720315674,-4.445732125802297,-1.4791647968966217,-2.716883182584027,-1.760631487220511,-2.228946734152779,-2.705915005047104,-3.2750012021599,-7.754558282253353,-3.215737042802735,-2.2794967487931497,-1.8649465793647688,-1.929516279377745,-2.0742132338232198,-3.387243881111356,-2.6287886195374686,-1.4197417819029179,-3.1721649761137276,-1.4848361543158095,-2.5471052497879794,-1.439702570912888,-1.265754677470927,-0.8381892457974862,-1.6316067256649898,-1.25635857701953,0.21369576685019037,3.1618417998141695
