script/wind150m.json
{"header": {"parameterCategory": 2, "parameterNumber": 3, "lo1": 6.000198445256149, "la1": 58.999992894266676, "dx": 0.5, "dy": 0.25, "nx": 22, "ny": 24, "refTime": "2024-02-09T00:00:00.000Z"}, "data":
[rows 0 to 23 of 24, columns 0 to 21 of 22]
1.7308410317258212,-1.5934989979131047,3.3821884857391398,1.6854945795020913,3.6601537735446397,1.6450963408086712,3.7962325342882046,1.565327484883662,2.6075056141615693,1.300254246655975,-2.123010736713343,-1.8929706579029442,-7.101387217694192,-3.2208920140683777,-2.2928911122214752,-2.62482518593456,0.9960072899941078,3.46880065655831,-1.4942010220286905,-4.342596134955956,1.041002559016695,-4.827780780666169
0.8166455563153171,2.58893821388758,-0.6366041314286932,-5.532910899246647,2.4755436806074504,3.5640165546377367,1.1725981162554826,3.8280628155922685,2.981644447673138,0.7853505856669702,2.752268288784357,2.4583104159624547,3.5600777428511416,3.9346286840753,-2.716965577032187,5.289645849497118,3.0004353894356215,0.6977390792235169,1.6012667000821952,-2.980046496505713,2.414468812745992,-0.2634497093118142
-7.423001152745367,-0.7855012861796279,2.369654150032501,0.46663318936622267,-0.6114106034695995,0.22857832546754295,-3.3366802127390254,-5.073505713063729,-8.68227615855907,0.8722787126118587,-0.6385998314121761,2.133993256645957,4.656201986810462,-1.5010575675546087,2.033729474299976,2.358295321477312,1.8711334165067695,-1.063249043612684,-2.5934052098263662,-4.207361237776316,-3.6187544730328773,-0.28590561802406844
1.3487686267369077,2.928227163442199,2.045544873149529,-0.41787696086627385,1.0338194964517713,3.592158921441822,0.15160114912626835,1.4359326901859786,-0.30449742643996586,2.361406936885679,3.109399056502957,0.912279615528934,0.8480951037532464,1.6588251987429041,-0.45367099580428855,-1.5490785828566975,4.469560174830036,-0.0799820805862746,0.8376899461765924,-2.120547555934751,-1.292061623379276,2.068032142439064
1.0652523889789622,2.323755466597571,-2.6298249845324153,2.780698195616773,3.738774522626253,0.2880607643333789,0.022285178977615668,1.7389062555036547,-2.8309376754130784,0.7430489390311481,0.7622618978426042,-2.0366861539069134,2.860013998480467,0.7516408185223662,0.9380471328554764,3.0885625949807816,0.402968547093434,2.618079368155941,0.09455147159782465,-3.2308969543936854,4.062823498884893,2.9270002579837406
1.1714401625466304,1.0838882003914314,0.44888676881009676,3.679288736014574,2.682894435739166,2.9236889636193744,-1.8535620569027156,2.358964622569872,4.170203548271313,2.2475838405702415,2.601994434009035,-1.0496669453616088,2.9601445552183097,-4.019104504029369,3.461002485161572,-4.20251533992261,-3.083517163548618,-4.934083483274782,2.0672436243918777,-1.466181142325576,3.4798452091958225,-1.1497611921330058
2.97960193061172,2.1833895206866254,0.4203862854458661,1.6792504224415656,1.8707065541065973,1.227921161376031,3.1707775150982926,2.1408283080469683,2.487818865375082,-4.012136281652645,2.266650093666699,1.8318408992386623,-0.8849118843431024,-2.69817417913415,1.4931343951818663,3.198292073193602,0.908578041763932,2.7419709936946273,4.184782772499142,-0.8958410490866788,1.7787038159416588,-1.648551321868787
0.04566079012254291,-6.263030343183948,1.2810114467134268,2.007179161787022,4.105740471141151,-0.1567527736651291,0.6465398164986311,-6.093464482848272,1.5987796744817864,4.38787903471524,2.5339404671367816,2.6687750677675375,1.6448238442749887,-1.0807666202576953,-0.4803694843052251,-0.6846838755767587,3.169388169380292,1.292174785576298,0.4117104763305796,2.662392963839044,2.3242598578605045,-8.147661866698202
2.85539601747288,3.1941250816303373,-0.3249401464534487,-0.2171497392950971,0.8147061376993548,3.6627621190443667,-5.130591755752342,-7.890019615499473,2.899016497047282,3.314160245458066,3.7571194842000706,-9.862115634025068,0.45260653766824466,2.0776566581958154,2.735325355321958,-1.0469359294003893,1.6896423497977555,1.4576310637168233,1.1696729085058495,1.622312049074432,2.8219544284121105,1.045098687811878
-1.8251566192090374,2.327817165112686,1.9012579099575375,-0.44579288867924916,3.0102075190072166,1.3743351410573512,-1.139658587440087,-6.49401370026703,-2.40701997535807,-0.4154283375977734,1.4474803134412055,2.508366930557966,-0.30704765747142376,2.437114606765034,3.895164324106829,3.066651353001379,0.4039838786882332,-2.1485114146680386,-2.6188644625558526,0.9131433786113546,0.6763313607875183,2.8287225921540817
1.8710781200328703,-3.799847003027816,2.5945975676167885,-1.6529043402959633,-2.91564789804678,0.7735027887680727,0.45971897009346074,2.165162406469218,2.4028425149034067,0.5725147898620417,-2.761617874073824,-0.3899586912061797,1.915055784767899,4.569889993511026,-3.80397766970104,0.6791543531525098,2.6882006829460217,1.0809041788021803,0.35225501147062516,-8.348788666575498,-1.5593250151936058,0.1574912442144165
2.9270931106608677,0.2921700623455814,3.6651289630488395,0.010709390783206154,0.46966967695975465,-0.5984749672606179,2.795390272372617,-2.601565724466516,1.796729365156208,-3.6311802647308316,-3.797858826385205,-3.214090607305764,-0.83826062348522,3.233167098130798,3.5842872717455743,-3.7085261590199847,-0.23576258337080735,-5.4779368054095565,2.6952702201381,1.7417346539906735,2.348716173805352,2.369031455324895
1.0571475083383843,0.734113707240799,4.612703578459911,1.4548896351388116,1.10037201939192,-3.6421509745625675,-0.6370386985388782,0.0758341210247718,-0.3553421379907944,-1.2643446041460977,-6.383783588139538,1.9674239221217416,2.5245752558447077,2.376235907097625,-0.8044855399392637,3.023014271807565,-2.3231555450040027,-3.636060437747997,0.495257081394956,0.26348003168433054,0.5495191265817175,3.5152284887108403
-0.7105140550392954,-7.508022285324911,-4.380980175220775,1.1627655571972972,2.9003532355119392,2.598476344405441,4.535973914278032,0.14328651660468328,1.2491820992603442,-1.5099100806355255,0.08576888991844958,0.3401038877372284,2.55515286034024,-0.07012934856209103,1.1707804827056854,0.7439581343859808,-2.2915890474226144,0.6803480489749308,3.410353860618179,-0.03640521872866426,3.9886135938399208,-4.366908688617789
0.01380838069154389,-2.9119873170008734,4.074465161719541,-4.6662715848565774,1.114198283997054,4.834161348894629,2.6221273545357793,0.31883029938965624,3.728239111103775,-4.690279941996533,-8.696415015857509,-0.8802190203918723,2.570107827670556,1.3305931126630117,-0.43103302487051376,-6.548170295103859,3.0269858633317797,1.230950949720448,-0.00815847372098335,-0.9009384669781529,2.0887961763933345,-1.3954156266205107
-1.3248811416522872,3.7229374122153254,1.8725921260266694,2.646829985289368,1.0026077663116701,0.9906114114351927,-1.7328528303687627,-4.763572735887732,1.8890115388396007,2.3305520285738903,1.6882552645878874,1.1205689247402844,2.932651399872236,-4.684971858514212,0.4753120446296814,0.30669651700089423,0.902381167776751,2.383937911193028,0.478917912733435,0.4783214896716343,2.683810732889819,-5.511665131281639
3.681534482286447,0.9572014695991932,3.6115659262345514,-0.242219193496001,-5.154788018860612,1.8212751451281917,1.3852748542021003,1.125108099175366,3.7812471388316773,-3.2406649141776067,-3.0572235714636116,4.004064592535716,1.0965565447195993,1.0963399244795031,1.0132693179875636,-2.9373413782402844,1.5271738898403542,1.1099210722641344,2.5873210935326303,2.666305547151083,-1.8474951405344902,2.2823962066187455
1.9961300800092094,1.3207432034259783,2.3410522298341006,2.412782321523986,1.257129455608635,-1.6432174436996116,0.7005544920097575,1.1010999569817412,-1.0504715894609709,-1.4101280593327463,2.5191403328205344,0.9429942483166097,1.3128737759727898,-5.170604496389831,2.4049297237337193,0.9207516514436219,-2.4983418395079147,-0.4825762285521999,-6.4325234212200675,2.8083405927576575,3.9026008708391893,2.286218934160488
3.55081849100193,2.5957560911738318,0.08055078630128733,0.8083324268193814,3.2116006138051993,3.225431600984167,2.591821482345489,1.8095685472122267,-9.442430827145191,1.5765593426879039,-0.5818312380366519,3.901434161382546,0.21003924606680277,0.14742134539988916,3.330093432585702,1.2583198392970245,0.21689360705920904,2.6129196777250847,-1.4698305283884519,3.06882705189886,2.104438951886393,3.066238916053777
3.126216824191127,1.7478436890572695,2.051270072406649,2.4471712770127465,1.8291891478978581,1.9907761243694524,1.391959850715447,2.0074072603639146,-3.8234553169582717,0.13933534479015444,0.8650839513466865,1.8877166575710824,-0.17666964685807357,0.36267175721151007,-7.668800870539365,4.071884258244603,0.29000495867251946,-2.754411960663706,0.7423401256789611,3.875668654996879,2.3107828257521046,-2.504420338990962
2.1165028762597666,-0.3500454950091618,4.468528446149762,0.6015519526671156,-3.5510003315057412,2.226894041511737,3.3701746243869164,1.1170826901372444,4.1733752061370675,-2.076710395188831,2.3684480121110356,-0.3850721349708108,0.5822219288816882,1.8725862649231682,3.506814154786259,-2.239927861237862,-7.580073833635687,-3.74466614410726,2.3783485090897765,1.379840869218025,-0.1508133605606832,2.3636686910699165
2.4530704239872048,0.2857840352708615,2.7277569128606,-3.6369299408823608,-4.423812889277424,-0.29381955518612435,0.4932020238623348,0.2158735786218074,0.27984637631093245,-0.8894918970291373,1.3410201181131525,-3.0445092323022576,-5.745849768917162,0.24594248217596965,-5.4870562727425725,3.6170225499088513,2.729537415823084,0.9704094367763159,2.4958194411278933,-2.66620500955178,1.9624436901165407,0.49024452783625916
0.9253886273846329,0.222084785340759,-1.3131148536172796,0.9798279777699272,-8.683174191508192,-1.2903470564645358,-7.338885560408486,-2.991822151873005,-3.137926673730248,-4.959116890349966,-5.081339782425539,0.5684290207552923,-1.0465267028423535,-3.282295397425891,-1.3252759096768818,1.3499367769470607,3.3659611298732224,0.2622795446286794,-4.508255191423181,0.6102159345288825,0.6128352204543909,-2.550563680170599
2.7674535771932924,0.23164040330515207,-6.031612944003618,1.8316125733237443,-8.812530452467534,-7.7135663922022975,1.090555365474382,-3.1668490886624117,-0.15210515470233824,-2.093883371728645,0.5060198358372804,-0.8564252559005695,1.8660764805136143,-0.5068362244789097,1.0443824412065494,-0.10670014810890144,1.9810291530070991,1.8747855905399995,1.8384466077252495,1.5980818319234444,3.612627065709195,2.720376884409185
