script/wind10m.json
{"header": {"parameterCategory": 2, "parameterNumber": 3, "lo1": 3.000054539987559, "la1": 64.9999836372058, "dx": 0.5, "dy": 0.25, "nx": 34, "ny": 52, "refTime": "2025-10-05T06:00:00.000Z"}, "data":
[rows 0 to 24 of 52, columns 0 to 33 of 34]
-3.741587101512589,-1.9215350846972599,-1.256069192692209,-0.1380448099322367,0.8703375151473502,3.109081566682946,5.3222813346415245,7.585461916410906,10.16372264833389,10.393203907686543,11.309713870424574,11.008704705545304,10.943560223328056,10.804829000417074,10.118960610633414,9.000383327189898,6.414329709945081,7.229345467827458,3.9754068800087867,9.541753509946727,5.142673954845207,1.9074312864248208,2.6827179615054746,1.0748864952798256,2.5888949015722367,-0.10739812070420908,1.3101154977501457,0.8685652860643143,0.7766168169084712,1.3967611385232586,0.791585319492111,0.8325667892596061,0.7289448510106152,0.7079842343707475
-3.779378211756247,-2.9948612830570465,-2.000578898825892,-0.3487917275086524,0.9198770562670628,3.5017178154732673,5.746531313482891,6.840818913557931,9.065497229758348,10.60802843124081,10.970923439115504,11.244514982260304,10.769502148034066,10.273239986680682,9.311956590261865,8.833819139778088,8.408954600083888,4.334874180699366,3.2581181267547437,4.93067872373973,3.698227509172949,1.1770037429141043,0.3867171160094507,3.6124047871840768,1.0074714703875458,0.8528052203533141,1.0367410554473573,0.9986168964189863,0.9051491218946024,0.8224238510794798,0.42889244140595506,0.3096383260513815,0.5818703336820641,0.5735013268836083
-4.5644997475098625,-3.450198671483341,-2.6605939811926236,-1.3528142843222224,0.22686331497539586,2.70530552119942,5.570809685020414,7.619882063077426,8.561437409641487,9.608823343670824,11.090494008462734,10.330751935829651,10.510710141527428,9.054324268764478,8.54433635088873,7.9657313112276,2.8857336878497963,3.1262135405344846,0.8903524898206832,2.5914981841327522,0.8500761828092178,1.5374631833703984,1.0305368418223022,2.102789960038707,0.6978888655192848,0.7019407064270684,0.6736686926620467,0.9688815572586339,0.7633499883113534,0.2768621877882942,1.0187893805669737,0.45540921215593017,0.4666262247553553,0.5023321712585885
-4.45617530143227,-3.73078809444532,-3.0205800936673395,-2.412324325908012,-1.2654168093036477,2.494533721626584,4.922718894803587,6.697627469300049,7.370908322569738,8.970194268168083,10.975549108393043,12.272536154592773,11.084890854131674,10.981062863082967,9.416414487399566,6.857129256642056,2.5809143360736386,2.594514642384979,4.189354715550223,1.1384510520923314,5.177993938642114,3.412902660310282,2.816012775359868,0.9987842150561913,0.741654940140684,0.7984382485488077,0.3467535211384486,-0.15144345206854998,0.33625158680956374,0.4583053277210907,0.4343164395909619,0.32339956669124287,0.9707067356561419,1.4718332154784612
-3.8452007464710745,-4.386408451499488,-2.8133934860435708,-2.1773436158789647,-0.9328526009591329,2.13007211731513,4.477316529441373,5.587302176908633,6.908127832854624,7.94376515163921,9.017275830551633,11.079307601257195,9.71178968716905,8.164683861761405,4.183030262138567,4.662247950693635,3.934791706524913,2.396667771279332,2.597192574793123,6.223937768095146,7.0996391731146495,5.505837358100375,2.155842333434099,2.0279842598254607,0.5139560971376335,0.23997891747468417,0.47630116940392875,1.1798147491344713,0.5810859554119091,1.0836425005367045,1.257595408632366,1.23283634642453,1.1351846198170596,2.121392730111421
-5.152154680781536,-5.3502965406261165,-5.750453221662069,-3.038092543011567,0.3619144842022947,1.0035923163566276,5.195711239299132,5.772673476841766,6.126257891013584,6.022396705169728,6.348524654757854,5.342983141984437,8.287846975322942,6.110053712466065,2.6144076661760285,1.6302163377017194,0.7941555007232581,1.7891293484485333,5.6156453549697005,5.376355679639962,2.249858948069186,3.03973718994943,2.334162424526445,0.8552409893065666,0.24852413931944253,0.5709410329931656,0.49388769538064575,0.5758695756008266,1.2038116838077415,1.9010405838048783,1.571519953321584,1.9901084354457435,2.1630512341903296,2.4454826566663224
-4.97173498672516,-6.272933912594059,-7.27119427900237,-4.687829332254147,-1.2589730256645952,2.1712398798390398,3.6355491007328995,4.5006179394171095,5.545884812391973,4.137146530733724,3.315478796076811,3.241574430139062,4.761121340669073,4.31021683213875,2.7990889588787096,2.7602457094387476,1.93454945704563,5.008935712714919,3.325897351214601,2.4083678384748954,1.8404859274971244,1.2039841469690833,1.7300576764574542,0.5139244115341954,1.3937114076673798,0.7618253583311175,1.7205553454826583,1.8149779013603615,1.0838559043770635,2.0037296958305775,2.2007058951710143,2.010362942104607,2.442080204858131,5.455560602361157
-7.362239147136782,-7.187670727346145,-5.9733027375061045,-4.077740555751618,-1.0918886728035677,1.4438613339045616,2.8892220650238603,3.5517478692780062,3.8359976843741537,4.2252073650146755,-0.10925172348733098,3.068912852055891,1.9856379545702598,-1.4053305077608602,0.7053202664604075,2.8541753736596895,2.7848476075516015,5.0066361026944906,1.221259283040628,0.7071135716613337,1.4951889347824794,0.9444271587666758,1.2948967982520367,0.5296843056048136,0.247005196607104,0.8984262580205584,1.077068355152262,1.663634745596966,1.1905616122073823,1.5337643059110466,3.206861354176343,2.687469571986243,3.3535332690337145,7.950641094454924
-9.001736508533716,-1.8567638801850688,-5.0528340833150525,-4.504012357497601,0.21708994062714612,2.020612536484883,2.781915101250511,2.9625462330802534,0.21552974342414058,0.0636761094934139,2.7826012780782627,-0.8524075667882748,-0.4853017504347003,6.297039355349919,6.511127803588227,2.524848005562104,7.231526295525333,5.21102532518563,5.6062475216548915,4.567097050730897,7.4561465268877525,4.517488661322738,2.228542019016621,1.166639090956543,0.5876266598398245,1.9396509717806591,1.1999170434644522,1.254538984294303,2.248429019930665,2.647111324947013,3.672278969871889,5.7677153503116845,9.366627983133737,8.04288721721056
-5.973473779684321,-6.968312535893456,-5.568933518881622,-2.512627572013982,0.12464062561707515,0.10341520728304918,1.8173150087439454,1.4844787994246433,1.7577487075013905,-1.097759028557516,-0.25502254105102884,3.704752001180866,8.308432083263163,5.555307429133485,5.979116806341416,11.130663358817594,3.8115302545561893,4.7434215831946505,3.6272777711056317,1.8135070666752757,3.2240321737048143,0.8836008307120784,1.005864582368559,0.6154137322330233,0.8216111303775243,2.3981089032501526,2.0834377938062247,2.8476373181464107,2.895171000037341,3.373150721791964,5.392025993898413,10.682564457811173,10.023372069259533,9.457980018125696
-7.234666618887349,-6.065297615351209,-5.569539746085935,-2.3902933068143817,-0.5119498842507405,-0.14158339741035544,1.1462522591085067,0.1703078611728656,2.8511997410144976,2.384460274218467,8.55107579080354,7.342901111584482,-2.7120282397306026,4.447533304912254,7.21373375546794,5.7467317055549065,1.8080264888184674,2.452856131901108,2.318256673047909,1.2773516826324933,1.5250626456780454,1.0062807704900827,2.2674946174750508,0.27611587930444476,0.38428253224858244,-0.799035981560201,-0.9846104033219489,2.6125083747217084,3.223148250406193,3.9768268611883686,9.875699063199274,10.593102300244238,10.59860121914799,9.917866332246863
-7.374086751352293,-6.572948688633971,-3.822374482054736,-3.638651585433278,-1.9360099995825888,1.0316714071624442,-1.4230232921166988,-0.14785477826826837,1.104692610330464,7.402822943957372,-0.6689753421014021,5.135807028028083,4.032950352289573,0.9338126520488672,4.464316172941961,0.3210481543311729,4.410409029565692,5.2339893279938146,6.381590154842102,3.927362713528456,1.7604688876042769,0.6278462813393921,0.6967819881742428,1.3307676880065173,0.2501389335672729,0.7881322339110703,1.1447771336536066,1.326880347802873,3.084518402925614,4.4913937961134165,9.650962098173963,9.965482533626725,10.340171455551022,9.978100876816171
-4.402465448303809,-3.623709016939615,-4.563986195414368,-5.033690982249428,-2.380966058892357,-0.24919507622357961,-0.5413124514163448,-1.9394159623183707,5.283950567548208,1.8598537034084284,0.0026858191660163394,9.231234098674612,6.613354336427141,7.060469848835175,6.238244610479961,6.894155044696264,2.0080968153932788,2.0205992443062026,1.7146184256871544,0.33863219178010495,1.3886355430705322,0.5948203899726859,0.26159742730582863,0.03418454407451292,0.4322658587818679,0.6663861972235485,0.8072073892705894,1.7895944550804828,3.49110251864446,10.755361578361809,9.865673875447152,9.565041908981815,10.443374958543275,10.055009542021178
-5.359400359260472,-3.308144712089708,-5.170672122421889,-6.883934097825814,-4.032743599444539,3.740190951917672,-0.8153816006986755,-1.284209063455709,8.077109812027759,8.383859126192702,11.814798472594164,5.022758487945137,1.1549710283917296,0.8148639556497894,2.6671817635600426,0.9857940572843679,1.811492725302676,-1.0045615949308275,1.8646870833369216,1.5165840269773496,0.5058598803507137,1.2385308586306552,0.38185803202267754,1.1649522548149984,1.3207278598125538,0.07683141058285256,0.563772687586566,0.045201830040877654,2.8429523456839716,8.406545608501787,11.628435725354224,11.290734162631136,10.370011275586851,10.096970616581764
-4.7985329305975855,-4.59139725507311,-3.9962931550828995,-2.9947394849052897,-2.275411995426195,-0.2286405207183141,-0.3651737121886767,9.19880772289019,-1.1670931181823017,-2.7881057199865316,-1.6131404241732752,-0.07919434217679662,2.090235979224356,1.5576851795956845,2.7726618826830647,-0.010272599088495338,0.8311933563291947,1.062405678495964,0.6690949320500762,0.9246298117325981,0.6592666008902828,0.500793933592603,0.7576328194544003,0.34662368658219705,0.49210679499807447,1.0692167272914137,1.3907742937377154,2.0044192968794055,3.0570870861249855,9.509636054104774,13.08847532817717,12.376148235121194,11.298287040964997,10.537313538041701
-6.109912782022005,-4.5948952718217,-3.7137096135891006,-4.373005074119448,-1.7297327485692302,-0.9953454177122978,-0.24846412583795505,-0.5460374734385891,-0.9204288920173602,-3.453416987049019,1.9855616918602155,1.378002061422425,-0.31753236944895985,0.41138019922047353,0.9002786893811989,0.3712449410263599,1.3978978513513585,0.03714768154515178,0.9582186312323233,0.5288387851945291,1.2574451871755243,0.7538137976461593,-0.3279833199660974,0.6980442201500485,0.7073294271768924,0.9185910536238944,1.2297555646034657,1.9579863150115577,3.1241838449756147,10.098490735479508,11.85943120794516,12.77508350500202,12.452399204148564,10.846233842822079
-5.475024924621474,-2.967495683668941,-2.753263271190034,-5.503259966530373,-0.6913837571078519,-0.06586465180945347,2.867925049176958,2.577321399783129,-3.651913149596076,1.56310139627414,4.755543543562823,1.083055646433276,-0.2326602064640851,1.136431593670599,0.38542817831837617,0.7878690899732808,0.6563777297468313,0.4490704896594651,0.7808680373257569,0.10674578655805497,1.1278177613711888,1.1740750624226741,0.7154106974482177,1.0905776365165514,1.0677334371150096,0.9340759131103054,1.2271433319005391,1.4960868479673841,2.42907647387728,9.692984123566818,10.515186674776064,12.726236375292697,11.341560234726435,12.142133568768395
-3.5975921757172564,0.12598954710411725,0.3774771840584987,0.7401434324189932,-0.9469530555820975,-0.2722879492539237,2.610966826999323,0.7929817136100165,7.307181351255509,4.382746019990633,2.74494204785765,0.10744755943571208,0.14822341720083063,-0.2400603915294826,-0.012623364027917408,-0.08781956032096641,-0.9167275300061735,0.2607734982850624,0.9458660759986409,0.7636848957784239,0.7712227344200678,0.7993825724227536,0.7632211856936536,1.1914086751829336,1.3902030857621845,1.2906220522837397,0.7637766425879421,1.331326183123949,1.8597284482306649,6.229581957145815,7.35597464177372,11.553277169824756,11.869479003219848,11.490479854023674
-6.662749432212802,-4.536759252296867,-0.48065518405797003,1.6596325152095337,-1.0188352636317468,0.17334322025736978,0.4684485715750882,-0.15074586708689244,0.14687957809989893,1.7309331333725522,-0.8847805364200036,0.9493435881704735,1.9935426796052504,1.078782009396333,-0.13456831751940057,-0.012307070743370318,0.7682359332397772,0.8648174470884191,1.6560234092749682,0.8320057219318207,0.9497629959823501,0.5285422146352547,0.08211021854779235,0.8995086721628346,0.7081149384179735,0.8720456821175625,1.9861400355459258,1.6504767311012845,1.7720527244676192,1.7748713412298533,2.4413492045753484,9.665352028515946,12.780475261158283,11.597606842729952
-9.82523309977676,-7.103021339680306,-1.6547179764682056,-0.7205666304162734,-0.01645338941285617,-0.07934719390921353,-3.259470414020187,5.753423845072953,5.096927637802609,3.988082434533005,3.429868458482387,2.172370724106183,0.4845642175341986,0.16180301589482934,-0.159078132860981,1.6257179743574515,0.10642015344043378,0.3579362412146536,0.8135507473593152,0.9632816975335924,0.5446484347417877,1.0260770528156042,1.1378299535676106,0.7490807206596979,1.7934556524648257,1.204212270801004,0.891044513999544,2.0686338449400328,1.9182606998605378,1.6583988825323963,1.6589351863826074,1.9466601962559262,12.445645672290848,6.413357387210262
-13.212050785384765,-9.409786484562446,-5.424110556899347,2.2701752680468146,0.8640324302144364,0.9412883046397121,2.345262239968268,2.569897931077401,4.439175175308101,2.879026856492759,1.940463304754153,0.41884034158335703,0.01041697586110253,-0.0671602420517254,-2.1827240615785968,0.658319913080663,0.4060243416781183,1.3945999269912088,1.338925103459449,0.7796055805023389,0.6692820473205651,0.8296836860797444,1.0775372382578432,1.701204958441352,1.8921115304222502,1.7652100004966012,1.6909399834826728,1.7714125211335128,2.1089176597895247,2.503953978306049,1.979688520133986,1.8979042341875547,11.483440067718192,12.41635448669549
-13.770626290466797,-12.14997685758808,-8.18371625935579,-3.951803239546065,2.194924546553725,2.8596756255273563,-0.18896362698177369,0.5100979940702915,3.8548503572514137,1.2747928534653599,2.490217388170873,1.9059832984930347,1.2550993992092092,0.9913270003084623,-0.8525821546064856,1.9300506115218306,1.3720339015687077,1.7915111241309862,1.1157618005726815,1.2395466482896325,0.5875440924246846,2.4627648623218796,1.4181005085988936,1.6672026380671505,1.2455021795577603,1.0739104054322854,1.7205867577040577,2.401907389061605,2.60212295660538,2.3741987259297317,1.4949423669948663,2.6014019820660974,3.2533263947294864,12.042930612529936
-13.474177530301043,-13.581817728965788,-10.495421170083134,-5.374135625538011,1.1910155972306802,1.6273287501875016,2.573712386238247,1.2564395125206453,4.729493728497837,4.604504194642163,1.1551548836771302,1.2877125481231455,2.3492282243278697,1.2014918193587845,-0.0929745416590162,4.622037822920593,1.3282427611559835,1.8770755078978931,1.904700279011922,2.216779742448191,1.3486091516795375,1.341875293545633,1.8226018411814149,2.0711385613804736,1.9470518893883995,1.272443475660855,1.8504881610363308,3.7892318978740844,1.9123105618013994,2.8614049715330787,2.644517668374505,3.69772622699478,6.360774429735137,7.64125182655517
-13.203784659772078,-12.8623773579208,-8.437987997567902,-4.609823419045119,-1.4065401804855033,4.549347769185092,3.4489687056515193,6.551191287833723,5.25398802801921,1.4906550879436686,1.3985871786233894,0.04852703729629713,1.109642353228514,0.8855314185001433,1.5254347263117949,5.391463215732562,2.7545072578638545,2.2161799763412597,2.204574698793586,2.505485880092867,2.149482997000752,5.81431378843604,3.8132022739003504,1.7476358907412757,1.266368121990911,1.3882603922854349,3.5366618550408773,1.8474903100730196,1.9549782722281703,2.055997996213121,2.7244502054630892,2.0531897913127954,6.997369465874701,7.711678480033507
-11.68195677564598,-10.874288664670884,-8.197122056424023,-7.405716929448868,0.5974729252315217,3.745267110897298,2.423527301663832,8.306172570267577,4.385367775072933,0.7708963057051995,2.693201029563687,1.3204400448585147,0.7518439187432719,1.5916947004794533,1.5302579451434188,8.023840262815856,8.125258435508963,2.728633110263398,2.0046466499820106,2.509220119140179,8.378813658704713,8.240157827077903,2.531616403181776,1.9805403550209613,2.008738527306227,2.6330045450088457,2.527915767571353,1.8452128821563563,1.791562658443727,2.2043718849311165,1.4646898221528546,5.5575784421744,7.151717285664047,7.291848110584803
