script/wind50m.json
{"header": {"parameterCategory": 2, "parameterNumber": 2, "lo1": 3.000054539987559, "la1": 64.9999836372058, "dx": 0.5, "dy": 0.25, "nx": 34, "ny": 52, "refTime": "2026-07-12T10:00:00.000Z"}, "data":
[rows 0 to 23 of 52, columns 0 to 33 of 34]
7.607945446857313,7.79499124293428,7.482906569316776,7.333338188122757,6.9768751707924315,5.761050033527253,5.582008754215454,5.093865035209068,5.493813774026886,5.165909909210942,4.949866732437078,4.377713954990699,4.173723044095473,3.4600760166830327,3.3282180746572703,2.9568622712270898,2.097995575556804,0.6102828804627556,2.0247791526055656,0.45010575810994646,3.6115172431392524,1.8618369126369319,5.421781026506277,1.638969713264724,1.7356498969955525,1.1045074497846756,1.7317193895732952,1.5732695973260524,1.2821819585572993,1.0830194603328263,1.5354976309189525,1.6042319311900461,1.7172154565419904,1.3675343865853138
7.213508405237354,7.862548025709475,7.601171154246692,6.9813200312434995,6.00064599533841,5.454134815865004,5.385461942622311,4.162464668094245,5.626234676454517,4.714417622688319,4.968079430380079,4.126163967172614,3.1758789850648834,2.518419303973797,2.505587726271548,2.704515977872182,2.76389719337612,2.873619879119425,2.4077705628557378,4.049597562887351,2.5364183328781347,3.4455247813292726,2.191816618452966,4.713324268206107,1.7811339168229385,1.988018276627067,0.7353879468850657,-0.23989393517406057,0.7238656585996457,1.4420154257898288,1.3941034304156534,1.7479525922405197,1.7665715508393323,1.6342366120312337
7.12244399116263,7.162255548197881,6.938610112401924,6.155507460877645,4.955635993833944,5.113543953195834,4.909128645730726,5.023819898972275,4.38755492336223,4.333053181936735,3.6480097987401474,3.084952737659285,2.2154931845466264,1.6529196417782759,1.2021782353677737,1.8270321320373402,2.9350401113091173,1.9731775482936649,2.469195008569808,3.2265870390868643,3.778078963944878,2.134778076640811,2.7869362207419757,4.012084270338133,1.6259350689380943,0.8401589900611033,1.7240564589870628,1.6121200944765959,1.558839150023264,1.103712995650139,0.8114291914842512,1.460438491055451,1.9984422698834428,1.8683803283395841
6.892742115209616,6.597771831099571,5.992895543728102,4.772399647680112,4.533522868204368,4.700852878165756,4.439258703560483,3.23270364419016,3.161950370626565,2.746610415821635,2.352422308983994,1.7392871977581883,1.3450011538121829,1.0013538493235223,0.7691041146484766,2.215088713681216,1.4200139561213945,1.536703629419504,2.5386698232312592,2.277232372250125,3.2629450948502456,3.32320461211059,3.84757741060699,2.737832683606525,3.6042954217528944,1.648503509431645,1.3176370686260888,0.5010659429852231,1.974348232573576,1.4639166578923202,0.7708115739923932,0.8625494924276642,1.6704587740111998,2.3550479394911217
6.407150903682246,5.669103873531458,4.612903818970058,4.153926666681454,4.082101237765974,4.089329493975218,3.2120171017701478,2.1697016740967294,1.9363050457976556,1.6582808289811983,1.3762326480820524,0.7179157100992801,0.6466436252609596,0.6669525959192526,1.701982008536878,1.847515450572608,-0.018485062467782074,1.9574020872497229,2.4650092462620576,3.895651708827472,1.8886409564813316,4.402601761924804,1.2121771642505283,1.06748687597663,1.4169279034787543,2.1588658658131776,2.4535949710005625,2.4312977328332934,1.6149104638660783,1.9684760158178691,1.140878827170311,1.5961179437847968,1.8620388166254351,2.6786156027717403
5.383899039726998,4.5916607845613235,3.6692845574780533,3.3769914518569637,3.3576400839934304,3.0165867741130095,1.958421138047654,1.8266771377122446,1.0151023627712106,0.6739490795590476,0.18136264403751748,-0.22942307063430809,-0.7343316264494092,-0.4646189039072957,1.3695043840198435,1.6987400593894835,-0.15343457110331207,2.55962825792137,3.3565409389573206,3.5565367597452053,0.2995182041580688,2.4919797578002822,0.3089017043600794,2.1653545459152608,1.1221185410033254,-0.1541833451061018,1.2768289912385173,2.15767747111003,1.6420970509411585,1.222913160925697,1.2101504172320627,1.4071215926038774,1.998062877800209,1.605762337884425
4.285854096465962,3.2404190559621644,2.8973049321674327,2.623226733868536,2.533587069731846,1.7116528784214413,0.6592676996731996,0.2832976505994326,0.014976203275007658,-0.5276835166297609,-0.2929424863830716,0.09048101308338487,-2.8893425592063697,0.07662738687666407,-0.3206267455440179,0.7722810091932371,1.1673046491673331,1.7385234094372377,3.5064420986693587,2.8005828743974637,0.9878401366115083,3.083777914302366,2.202828899157701,1.1377856827400814,1.8029009769535775,1.9136635942063205,1.4436737404173676,1.8735019028045574,1.568961301751776,0.7857090586684289,2.1372821587552155,0.4954563962037061,1.409455160363975,2.270681002171611
3.178380148871169,2.589593113502642,2.0099416047052427,1.6969850680511807,1.205449187919855,0.40829390080443395,-0.5135767283462496,-1.0755599653565735,-1.21925275238975,-0.7956925945217586,-1.9563013815505899,3.248945880541737,-1.6380621062501615,-1.3891781235498446,-0.49390002897058577,0.7517699007823566,1.5150839785876187,1.4467516563531821,2.245833586823891,2.0150461059937137,2.3608278777724556,1.6244506035348023,2.099601754763862,2.227691378832629,1.7761084062381076,1.5953653084377484,1.5453367755792147,1.0698135512444393,0.3438989399026348,1.861192107167737,1.7019363124717726,1.802987490464918,2.165093653365918,1.4404814319967698
2.4973872873022183,1.2127566577760238,1.2603971377364576,0.8385841950180674,-0.17261841346297788,-0.999197711923142,-1.7611285473544616,-1.967688961717249,-2.122561091535658,-0.5820511993365168,2.4898359332570488,1.7548316000157143,-0.6382127879206355,-0.32746995050081307,0.05535639757646754,1.697617647118132,0.633062033507773,2.202738243610462,0.04680468038350849,1.7763726663103625,1.9608813277761317,1.0691191877775783,0.4678440854214045,2.427330317767042,1.8239358910258834,1.875528078683249,1.618806945704296,0.3413171165496145,1.5117645450773514,3.4592411039776363,2.618505176073936,1.9887472677716616,2.4860990398866125,0.3382379245711742
1.6612181856743418,1.1068947577911294,0.39815115900146003,-0.5185155087514737,-1.4926769945451628,-2.2175743438699618,-2.4069677666785916,-2.2989604215214943,0.935468610093155,-0.9941051289408653,-1.9525034533162147,0.4243302056601538,2.6000824080685505,-1.720327230395541,-0.15967055081802792,0.9979649305324892,0.1235377801047686,2.338315424827478,2.4463849620751756,0.421880208767005,-1.269787341498149,0.6501257588156945,-1.0076077039626516,0.8875559491166773,1.7868952767096682,2.2203311180026124,1.0270744002520749,1.8662276095090085,2.3841250855864713,2.5909036595073935,2.8371728238391203,2.4248855923687005,1.6260233053347268,-0.19906074111089986
0.5191484788883691,0.4514937821395042,-0.6833048930152381,-1.6780876910001958,-2.656414200271996,-3.231020826086692,-2.1182030127164917,0.07341200735772396,-2.4940553046950398,-0.31413188878472637,2.7844066691231277,1.2825695548906835,-0.5701819359967161,-0.9755968132483607,0.4039420762135385,1.6098365330965438,-0.9436209935087101,1.3934982869638377,0.23202944638896228,-0.43728130557000666,-0.39778667845568255,-0.29806077351706595,-0.8715196220110338,1.0432684792759344,1.1338837767840966,0.46823880572211374,2.1059500607851356,2.148403165506794,3.0886159339250363,2.869991275018973,3.0849632585074147,3.1970438990460934,0.591292387198354,-1.1544680911077434
0.12951872150993696,-0.05243077330400105,-1.1226554035990657,-2.7414591462007323,-4.100792517475197,-2.1705292044442643,-3.04880606404079,3.272187374070842,1.5637495804968096,1.8240253013694359,0.2841820751474348,1.0146890262935884,-0.15375016196409064,-2.5876311017312132,0.26599050081668507,1.2751908642453589,0.2069939545641331,-0.18281800577966084,1.0327886473715562,0.5286227084016085,-0.40254476669755257,0.10141517020068111,0.27220115423463,-0.14734978675629704,0.5604819432202651,0.7105200926682271,1.664132413677314,2.5125958674182454,3.094766348406545,4.017058017192998,4.15691528368207,2.4046277477666838,0.3725794933041879,-0.646363655978413
0.2152804031302805,-0.20846489808371668,-1.7001721533196699,-3.1743902780198576,-2.3526497068091636,1.4322693458768492,-0.11564599411075781,4.417695706191819,2.32954729511823,1.4546489429956038,0.8642248146731983,-0.6976237480539962,0.42245562254765745,-1.494475925882381,0.31694723686492066,-0.4160411960253572,0.14465144851473674,-0.8500376439180239,0.7464963472528932,-0.46132249301158,0.037516675665905885,0.34654636778807985,-0.5153663111092789,0.3645502033391551,0.13379165826692235,0.9499238224958563,1.1857549881411171,1.9645228174899372,2.4920387686443086,3.1700387811649082,3.8622978327183115,2.272097421592631,0.33618966845537146,-0.6163928931678033
0.5611798460164792,0.12367328592660896,-1.5598749462915802,-2.170787423395905,-3.75616468636003,-3.013933283257666,-2.158159168920083,1.2485739261772184,0.943308644901359,0.5538300324964053,-0.5394141876404199,-0.7419166839510785,-0.4462573860700834,1.2318403880158746,-1.2776095267708298,-0.6231914228774208,-0.17442477918054067,-2.6443702618959968,0.26119547475408944,-0.15317514557904205,0.17984136525523367,-0.7165280304191295,-1.0612156745818937,-0.4325828770964563,-0.3475964346838745,0.29734677561973205,2.726707864323819,2.0751162613378007,3.4466236554604626,2.948530763903975,3.1542497661597984,1.653871809285395,0.40713508460479164,-0.22318271959339492
0.7712558193987787,0.13721745605438895,-0.8501361089079392,-0.13231553148149353,4.967834920943214,2.9306482251679333,0.17805460835455214,1.9200130505956032,1.443026656433006,0.8173497514116449,1.2629960861749863,0.2907624692375077,-0.6948309860644594,-0.8510793809263432,-0.08066777441846264,-1.8760359095994454,0.2887447447517914,-0.5583639999821336,-0.7024256673999533,-0.18404226321133751,-0.9048782990396067,0.01610325523553201,-1.0142610556576452,-1.5269821403732657,-0.46884261538350036,0.7361621636376678,0.7404495360566301,2.3906858807072733,1.8252359309513349,2.2660916627152763,2.3361943156856486,0.8392852265862234,0.5547562805224369,-0.3455474118429659
1.283210935270047,0.7121270450195667,0.17824744857849412,1.2073353603532742,1.1134185277879665,2.7341042027343647,0.2976928937964083,-1.0720803298833117,-0.21025125825451385,0.9362696439771354,1.8985493096885788,-0.24849731006866743,-0.3623240688399839,-1.5482661503506296,0.19730666880848854,-1.6875166939985669,-0.9344404207684591,0.06864222504424572,0.19568802952158632,-0.9656789853586211,-1.2861740790589655,-0.1868545730178476,-0.4957925942415369,-1.0361966790668007,-1.2712454516970177,0.35439858375404704,1.9488937183564443,2.926517684132068,0.7760687382681908,3.6190988501857544,0.917563504259672,0.11666934521315464,0.11414611768294079,0.7153680986515015
1.69801117486344,1.1483999912776697,1.2066684002035997,1.5213934643449294,1.4441565109696872,1.6061752614110278,-0.4097092636756465,-0.5323111815472796,-0.8053425327300372,0.18158338033458254,0.9799713224698003,-1.1690179454518335,-1.9576324933594476,-0.6777703809762098,-1.3837949287863809,2.897952075801512,-1.4365530739562136,-0.1399970202941087,-1.6485056796389528,-2.3359462751309383,-1.1898483918064093,-1.1919621131358127,-1.2578487957591027,0.2370567224667648,-1.5063314956219118,0.01864871288408823,1.4274384555142519,2.022527146134577,0.17214696628977105,2.2104943953708913,0.38980420718952474,-0.4024310975000098,0.15123907550925197,-1.2649039963879884
1.5822769971929487,1.5620272334168526,1.9541271631459403,2.1328199378711434,3.242509884515062,3.371059200966251,1.0806791335178325,1.2309550363451114,-1.4251344184717942,0.9548890137305258,1.0518407029223091,-1.5454772042902938,-1.201042590587748,-1.9154137548218022,-1.556621683406995,-2.187408947966455,-0.022650549763808384,-0.11951256968343597,-0.6864751538903441,-0.7066702662260074,-1.2631632290170245,-1.311871952863937,-1.1410407610141817,-1.2542836930384669,-0.23105755155869895,0.27475237246812545,1.5566712548032087,1.0175027834994228,0.3767980846697742,0.25943393324801906,-0.06412628265861631,0.5475895170412535,-0.48153541949620526,-0.3219992996242039
1.6281419178966139,1.7500810456035105,2.130222308918812,2.5257565035717673,4.279801186271696,1.7977011625237977,-0.013128126684911924,-0.5009112486329663,2.3795874070764453,1.302865057291856,0.2999795214203547,-0.5456462417829553,-0.512944858797917,-1.6851160365730025,-1.847059186709705,-2.9261720141295355,-1.322286981233236,0.05589590176208723,-1.02139978283942,-1.9067498940637466,-1.973639117333433,-3.2494446456590764,-1.796793866278768,-0.11361055070155722,-0.20927597999961958,1.5586483729860718,1.0729635824504766,0.8517833444389217,-0.2488254753804966,-0.3325514226273729,0.4969076131199428,-0.8277332629427846,-0.5426180882542398,-0.7026844335020646
1.3683650326998957,1.8653696905857187,2.152612691125925,2.589835230594067,3.3370622444472677,3.340143916686075,-1.5400863485783158,-0.3837854835840284,-0.8109373522754251,-0.487426956493627,-0.08613855707523599,-1.0783151553950059,-0.013625167042062349,-2.0355991962265017,-1.8574753665584358,-0.2514372941676102,-1.5649447855430967,-0.8103453064110094,0.29473847485465626,-2.09070367865766,-2.665882415632579,-1.992864941654327,-3.4014470593556827,-0.32454305821742824,1.1261770062857883,0.6112643678129585,1.16795403149648,-0.6158610423730467,-1.4517314303553122,-1.1982708152263115,-0.7226722795208023,0.3230117876490683,0.09475491561296134,-1.43493505855104
1.32996849711972,1.8557937130158344,2.0990228612029966,2.5211462421156328,4.74892497390528,1.8667860472647577,1.5700469474378524,-0.5610080328238031,0.13156664993469505,-0.8942494347115918,-1.3420446663316463,-1.898973203133773,-2.514985438066723,-1.7302229052384213,-4.308454315365227,-1.6693867428064824,-1.4780441928071848,-1.2556439777900292,-2.1135457561233033,-2.3814007630296534,-3.183572898023448,-2.7210251913543066,-1.734590170495141,-0.9191245648539282,-0.1472347069921838,0.21933237690593105,0.027772239923167307,-1.3956995013749842,-1.448969414803849,-1.2469867631876508,-0.8097245214907516,0.2857895056587985,2.5072556718993506,1.278881326165481
1.5337545291177248,1.6603193010481028,1.8234777662776291,2.395032904714986,3.587700436429762,2.2201162404650123,3.3742772841312125,0.8243336626568144,0.2471203250324508,-0.7056164227644803,-1.5672003802693857,-0.8634960036683358,-0.3382251988337171,-2.4430336663093355,-2.022395240721834,-4.23963095946037,-1.8303260484591106,-1.4935575144970603,-2.4622523886266623,-2.539949910021427,-2.9822891664038673,-1.582618541572756,-2.1782717327755297,-0.784251161280361,1.1381734809432835,0.10422135238668488,-0.25948758280211226,-1.6187760179103106,-1.7394737336814876,-1.4910416750583548,-0.6089128660493142,0.6941064659019098,0.6427775515801892,4.322513387831133
1.146521661429889,1.3173106440111602,1.7070483305499857,2.2564505538400463,3.1300278453688186,1.5104274781999725,2.6202951055374304,2.4229632897710585,-0.5835325327490364,-0.8842947480831507,-0.11840159044484104,-0.8477456829553034,-1.8995882805707267,-3.2665830704765497,-2.9706988914079107,-2.498107061106509,-1.8573804156011775,-2.3984256386213914,-3.0341678751115744,-2.7377937344944905,-2.15414213696908,-1.547884752913484,-2.0118487392913904,-1.6811841235853346,1.1512699538722253,-0.35025755922919516,-1.6041592511223004,-2.0430100645874125,-2.574306695361962,-1.7478454997573243,-0.30972732032505096,0.46848441302545457,0.6626775054140306,3.780642179747748
0.9347487311695065,1.2800450935012406,1.6515664306055398,2.086406696555648,2.8315324794951753,4.706712993051701,1.723166201166713,2.5718794338913167,0.19232389328837496,0.35700366739760886,-2.0240812802504617,-1.2828001504512605,-2.539890120316359,-1.9215001224962358,-3.3930092241127796,0.22899581139395758,-2.1148322002408997,-2.564895454538579,-3.3995036748328906,-2.561012252865233,-1.4408135321619278,-0.7945169373860406,-1.684409059085761,-0.0886298384378222,0.43178401847744374,-0.797611831990454,-2.9389471814746604,-1.9227148704933634,-1.9811772468164275,-0.4837818282665389,-0.3955902278815134,0.7885799866665529,0.05038757847592769,2.4609664991749858
