script/wind250m.json
{"header": {"parameterCategory": 2, "parameterNumber": 2, "lo1": 6.000198445256149, "la1": 58.999992894266676, "dx": 0.5, "dy": 0.25, "nx": 22, "ny": 24, "refTime": "2024-03-03T23:00:00.000Z"}, "data":
[rows 0 to 23 of 24, columns 0 to 21 of 22]
-9.295541158584365,-8.481692665076434,-12.543447857325354,-10.606803882607402,-4.113498423547038,-6.682017373921938,-10.81201299081592,-8.557757780131544,-8.652376752242397,-8.597022294223649,-12.074771170727583,-9.871464849263003,-7.20829342654776,-12.554730710558754,-5.57664534872254,-12.286462171743484,-14.65496100186823,-9.238137623606217,-12.572603336808031,-10.127038319964665,-8.81987663077919,-9.950671637167874
-9.520364060819308,-6.302326019669567,-8.494144205359113,-9.337743444797292,-8.270199627139519,-8.663060097618954,-8.035208137277378,-7.962133975451649,-6.889501837518581,-9.02709406141721,-8.555541322121272,-8.223923188011284,-10.578647409561867,-11.57934017786884,-8.628893054627346,-8.244643420335178,-12.271128738977067,-9.157418373030929,-7.357087478527353,-8.342833025229954,-6.016133486443921,-7.966723159996093
-7.438725686499054,-3.6157031700798483,-10.111569589108411,-12.424807348898765,-9.796674095535431,-12.23398756345182,-12.33390028926661,-13.24508796379801,-7.392494408963777,-7.695159220606684,-6.88194474776509,-9.793353960966977,-10.209621612207842,-8.978755682666366,-8.009462137487768,-8.34581492181023,-8.14666801635232,-10.424203432583266,-9.818766904618693,-9.326510057197881,-12.04656225352662,-7.642808223516181
-11.397983723039404,-5.797174563437523,-13.350791378208035,-10.023998391106343,-7.436669236344377,-12.544955895180696,-11.236613332500632,-13.992688299635871,-9.803422517629313,-6.49705685543974,-10.723039623937863,-12.313652533564142,-7.22223399705777,-10.04358868846051,-6.635882154832279,-6.516198516276974,-13.481801811359828,-8.06660602265278,-7.374012044777876,-7.910651387910762,-11.212290851215721,-10.335138104509946
-11.195962167494644,-7.730526142354063,-11.192654068052388,-8.478616511928422,-9.17615708290917,-10.207796941426643,-6.895460746403807,-9.9106934462125,-20.848617460390134,-9.248141403379147,-8.16132724965925,-13.484946545351486,-5.392741145627279,-6.86781073255684,-9.153450130046618,-8.097064914693208,-5.232892366345452,-11.999575952844175,-5.082626443991576,-13.833098940312853,-7.368198829128211,-11.010523689075093
-8.371901126570892,-7.0984175344145095,-7.738222874724272,-7.676195181322869,-9.31437646998807,-8.268729715476278,-9.846200445139937,-5.2639066718334355,-10.328770853281387,-8.823165453279106,-9.227821144707185,-7.824709625937628,-6.897565882198525,-10.21730677630228,-10.670614744843661,-10.547895598566681,-8.777813248808334,-9.181398731868208,-8.229774852091445,-6.7899491509914816,-7.865570357370194,-9.730761028827938
-12.57900852148101,-9.53848853818707,-8.884947628012801,-12.55370308315632,-7.563122226638497,-7.325240861841043,-7.134588081149941,-6.88507315813965,-8.54159547072216,-6.854903987470506,-9.89670342302017,-14.392365197706706,-8.852077718057132,-11.602084854557505,-10.707311002995937,-10.903244650991319,-9.387203534854205,-11.155080288457707,-12.124775007728132,-9.729327420790696,-11.018412486595087,-7.071503291285834
-12.244738388089534,-11.722070595756147,-12.402720374888624,-8.099238371178748,-12.268224032094444,-6.8651703378932645,-10.771894050163986,-8.561111357020785,-7.917133807960407,-12.214946286486411,-9.675894008694243,-6.7342797934001,-8.64069719153369,-13.133488281130663,-8.183073083581936,-9.21024562842996,-9.83814843935901,-8.63215593447241,-10.159304048651675,-5.230334850934958,-5.435178189613021,-8.404336846218433
-9.885697860156835,-5.271075931780972,-9.698711043495159,-9.790602161021729,-8.463885924962936,-11.34731741475628,-7.537055689743088,-5.365845358016812,-7.291285540929978,-8.228569130157233,-7.07799910856899,-8.639309572854165,-7.480254742919724,-8.135663744407532,-12.32780978449541,-6.940351077444845,-9.81384836200272,-7.447831897186244,-8.82482346018806,-7.618156507892084,-9.11033360938326,-6.481974035072619
-11.591703374409517,-9.580283993914533,-6.644542998249375,-7.86099402938824,-6.911300589995149,-10.675532439886222,-10.643821107716503,-7.798836584931276,-8.727292561660658,-11.865922763944292,-8.742734601984552,-6.595276414274694,-12.044736482282966,-7.395447447783853,-9.192968004445119,-7.931904238245013,-7.133823659545832,-7.008434671048388,-8.798177637865189,-11.839650642545276,-12.35058327188468,-8.447846946238645
-21.445210065802318,-12.579929899684178,-10.771472613756893,-8.66867903162088,-14.247209555372669,-9.241310588645975,-11.301421025414095,-14.666694600628905,-10.201098516186466,-9.353685786196097,-8.542017949005093,-6.531083537458186,-11.347617590267681,-12.1897922575867,-9.650648163316431,-10.277582864140227,-8.980937960224736,-11.662733933749182,-12.73775166785296,-7.785637000895152,-9.32322428127484,-5.03444588077263
-8.580583786031417,-13.37599737216452,-10.007570765166271,-10.95910796278039,-8.20726673842535,-10.235482518390528,-6.061970059214883,-11.415516439901342,-8.46910608269438,-7.628612148051523,-9.244592489008268,-14.228451484614403,-9.933979224006201,-8.022772104128794,-7.225162876081279,-8.861614137685036,-10.858792741956089,-12.94796164277036,-8.690510833638024,-8.42857832954707,-9.433079875717084,-6.11561959797835
-8.70330833279018,-11.61155969322697,-11.175432064915357,-11.737406954181768,-10.660251380124679,-10.601051299405372,-9.646864735255358,-2.481938299706799,-6.23976118170594,-7.801829140506173,-12.903343190131473,-6.049311277504809,-9.030670535630273,-10.990536791241864,-7.15791297823413,-7.400382459257496,-7.8853763057706745,-10.198312618080072,-9.37776151950913,-8.509510632591997,-12.95608952055913,-11.192685843555749
-7.931890435888405,-6.03930703138596,-8.663857517077343,-12.064820363266064,-9.625883622137103,-7.035074777422049,-8.737518858858696,-6.4616109038590475,-12.310067655491608,-12.334536957123136,-8.118016969352466,-9.321097125249048,-4.803762756033277,-7.316283620031268,-6.832296482896505,-7.3039041841230326,-9.623087716063598,-10.166578930742013,-8.374243768907089,-5.963986405849176,-8.324903464657039,-10.871611275569872
-10.4331798437742,-13.640749635546253,-9.087227786725636,-7.250222788716933,-10.870104013591671,-10.816354134440914,-13.189020548579398,-10.081163739332712,-10.409564257221085,-11.424137229367966,-8.433663435974742,-12.121680556815102,-7.355001463863395,-8.068389984807084,-10.12207179241577,-11.097970097960985,-10.279191103089032,-8.40754980045339,-8.836471888149088,-7.173872919625192,-7.206468574495467,-11.013081354029529
-10.135607070022573,-8.926846968229434,-9.350168213589129,-11.214959506826174,-7.415090691045127,-11.383804786507781,-14.171592877402327,-9.382870468183942,-9.307629915412537,-7.834104045445562,-9.265765456591442,-8.036276912461583,-10.846713083334288,-7.229877482876476,-4.6704894501780085,-11.303504045428086,-10.779179787378531,-9.608158076899475,-9.698662996332471,-15.228725227988734,-8.497449107228768,-7.017794026214052
-7.477069748301611,-10.681572791784417,-7.56354388661156,-7.332924950171313,-11.523169453355882,-6.615210797443037,-7.614316231038582,-7.192813300645008,-8.382273384722433,-12.04797202262756,-15.766988402679607,-9.386762123874352,-18.051229169473913,-11.65906260659405,-9.10617704316193,-15.695911207059519,-11.055788853034814,-9.795223529251347,-4.057640352283193,-10.816903034226975,-16.289083232144883,-4.163143077337854
-8.426345621576617,-10.742776368024249,-11.306421997983994,-8.51052933595526,-8.486126439275047,-10.509757417409826,-9.103145054128166,-8.240393399439514,-12.367923603224563,-7.536296198297741,-10.871970732993493,-9.487531775740207,-7.32595283273429,-10.047377286612551,-8.017156682991855,-11.596203477837248,-9.987731984235475,-10.477793183661664,-11.688062249989551,-7.0399974643493195,-9.384612717324424,-10.41293138722281
-9.735943441006079,-8.116141428531067,-6.890375809707265,-9.092748917744013,-6.315202983737285,-8.638456926093147,-8.657805086576802,-11.490436187069706,-6.962891226742056,-10.927810312385754,-7.559773972087188,-12.147743194126232,-8.953206070736938,-9.336598851066908,-7.8294154362829165,-9.653640580227956,-10.891608054139128,-7.577896658535791,-10.540363946249489,-9.66587990449596,-9.50770550651297,-9.629877118365567
-8.76190119018054,-8.214959327733103,-7.763658303101712,-10.270271248390413,-9.1740273540997,-9.05648202474385,-8.999778623171311,-6.941130344534756,-11.486023766249913,-10.408929433378736,-10.752210367123048,-6.978824968694063,-10.78761904637298,-10.700805207884574,-15.872915944285438,-7.385802549969594,-10.852150346828447,-9.692455354167633,-7.159065559805375,-8.451064729459167,-5.238862263933008,-8.778106837836024
-8.308832820445232,-11.152246358617496,-8.852233708928921,-13.354302123545633,-8.543359879703988,-6.613804794013286,-8.042198592682363,-10.155358175470758,-6.445504419952026,-7.90847826231471,-8.96516591956011,-6.346648943841237,-8.451367876887884,-9.972616861767385,-8.877264865467737,-12.313934665515964,-9.110867922117217,-9.03281294329895,-7.224497038137819,-10.794701974242894,-10.757485718017893,-5.5236037988495825
-5.3560919555556215,-11.81122175364549,-8.223797971157646,-12.58938144094961,-20.35348007204155,-11.533781035293075,-5.141640605137456,-11.107183769083049,-9.043097530144495,-10.842753191512504,-6.525623552139303,-8.400517101496977,-8.626758962025672,-10.773597879013439,-10.470427847785825,-7.623267000421361,-11.748287391690804,-9.896893898864557,-7.030264491259383,-8.675953974266845,-9.891897373554604,-10.713757103131062
-7.0185172066878305,-9.952022031158943,-12.96028889665047,-10.030595186245387,-8.904435131311734,-6.321322024367933,-7.478767465476746,-15.645482942648977,-11.614323300845221,-8.618005455399055,-13.205558605610694,-9.107620895081384,-11.296207710290842,-9.695457314016528,-8.146061381865996,-4.915352422821353,-9.056091668316693,-12.647618231898957,-5.3012180923680665,-7.994603064730017,-8.961473728214711,-8.080894068452787
-5.762377239957893,-5.274721788536438,-11.065211052738295,-10.094222840445703,-7.0887157204698354,-7.5296200000823665,-8.780355121743652,-4.327552653390122,-10.38747706385633,-8.267865573497165,-9.182043751758348,-9.197069225533792,-9.142385846196074,-8.50120439319076,-10.75357049859476,-7.998849939689971,-11.277658490720924,-8.691097479518094,-9.509102170443215,-11.473567051467112,-6.928910950258336,-12.134353686548934
