script/wind10m.json
{"header": {"parameterCategory": 2, "parameterNumber": 2, "lo1": 3.000054539987559, "la1": 64.9999836372058, "dx": 0.5, "dy": 0.25, "nx": 34, "ny": 52, "refTime": "2026-01-14T00:00:00.000Z"}, "data":
[rows 0 to 23 of 52, columns 0 to 33 of 34]
-5.548310383070094,-6.898102237646992,-7.820606426039987,-7.392523567117225,-6.0981509314931115,-8.4467888966309,-7.929312181043057,-6.694952036191681,-7.427305669885607,-6.485492795906977,-6.440757805130363,-6.503286086639403,-6.1287639916023045,-6.516523543276973,-6.774396404940385,-8.072670447154875,-5.378357221305679,-6.7068831595169645,-5.07211652607094,-11.713936154891437,-4.080165782173755,-1.5141144269989735,-5.693368584213266,-4.107988552084618,-3.5806355610445966,-0.7298956732539225,-1.8313546032083627,-1.5558693586968166,-1.3110494533597086,-2.077585682576088,-1.661560746374542,-2.0418716495901923,-1.9105790841372934,-1.1768963807598365
-6.978561887249785,-7.311507659731158,-8.611960934858587,-8.2772658393627,-7.6134837214750295,-7.239908497391053,-7.612084197727391,-6.955703659702963,-6.958624649435341,-7.042817008525872,-7.023582754288317,-6.386379080302382,-6.093130188724967,-6.217243715586161,-7.014512707012852,-7.7444751434645545,-9.368997909526994,-5.483012528608289,-6.608916191083341,-7.992045303953025,-7.60523506946052,-3.895964349831806,-1.2962459262579784,-5.941774012858588,-1.5305470182480978,-1.9768663971240361,-1.6439408241209337,-2.547095157852255,-1.7244650958496421,-1.123786068921391,-1.4389945866920146,-1.7043810974311333,-1.8116640097557994,-1.5122198521452621
-7.450242888690124,-7.603749542371365,-7.496347233004721,-7.5855228995178035,-7.698813499064949,-7.501573424513602,-6.7690464710981315,-5.811851453962184,-6.0266445669705915,-6.530552226275279,-7.458012201031137,-6.472150175491641,-5.998425824768653,-6.228355465213401,-6.444012331242625,-6.421038707090415,-5.7785942289586885,-4.03282511421548,-4.564218382467071,-4.311917639532608,-7.530432633201136,-2.78576615765338,-3.80528631918782,-4.056069245421677,-1.8097811526083116,-0.9596229467642736,-1.648368805685018,-1.5197212060356695,-1.539183726799505,-1.7791683012132224,-1.540180820626217,-1.297783610834308,-1.4933921092238585,-1.7514177686937986
-7.777835203027791,-6.697579045211923,-7.16159432961503,-7.020668133375943,-7.279186324372881,-6.076256941804514,-5.89024658520541,-5.498086032352255,-5.46297601668682,-5.446846060487081,-5.869628364469289,-7.0202412374666565,-6.952152099280923,-6.727724079132452,-6.609413261586083,-7.7440289284139565,-4.436699455244898,-4.129800143314576,-8.998949416080606,-3.0109995062991253,-10.04401447328889,-5.391585355019022,-5.2457410189490865,-2.341462043832608,-1.7905402456010688,-2.2793698069679174,-1.514585306257046,-1.711654112175389,-2.3130481179621842,-2.0212825261563148,-1.566850788711726,-1.8913915611538048,-1.908770327704485,-2.558171327465989
-6.694504115196556,-6.756361407063788,-6.756309168791166,-7.484621290395315,-6.504788013748765,-5.651349537001768,-5.948161340753488,-5.363535034018459,-5.94498440417317,-5.207007049809755,-5.184297586933651,-6.864569963191472,-8.133357073993272,-8.007262503127556,-5.511909954574189,-7.94598871367846,-4.834705075834538,-3.1007769065013253,-5.811983310289131,-7.375322170346508,-11.003102911389789,-5.912350567397515,-2.491652822153596,-2.963846694356026,-1.4913914474715098,-2.1925222277765526,-2.008600107482779,-1.9994932229002007,-1.7233180391509928,-1.9311707792929995,-2.0577467179483135,-2.8154297816646925,-1.4001135368304154,-2.0752659623261915
-5.761913621922174,-6.230750017917981,-6.870306976231543,-7.652633338468545,-6.394227604695238,-6.2422756531956125,-6.024725703627279,-5.7629885900577005,-5.4513148151710515,-5.540379923571953,-5.855856503115653,-5.351455598426135,-7.910337923546602,-10.04049257521578,-2.996970353217462,-2.81660206933563,-1.4480270396961838,-3.1531875331819506,-8.113734361877505,-11.604786969628723,-3.320075295225089,-5.126282866038414,-2.045855554960203,-1.6733242166264224,-1.9365585469889122,-1.940609272881523,-1.6496960058694536,-1.504858558111329,-1.4231631942744227,-1.9075049338663894,-2.25857794430943,-2.5564516485524167,-2.1573570877397925,-2.1433735792985775
-6.495539335623294,-5.424023540709562,-5.806977512187403,-6.924457868704226,-7.293594598328,-6.814315262538161,-6.5212010518580055,-5.763584628062266,-6.746051368449677,-6.490232497455071,-4.476866642262999,-3.9854715178461997,-5.341398052979774,-4.848973453472986,-5.109496507122159,-4.877734150591976,-2.7419493147125835,-6.358328681521424,-8.07754615809984,-4.77590100674228,-3.7236532225865386,-2.5324755461894584,-2.8404491948508506,-2.519394065996852,-1.8933532293707924,-1.7518990583400724,-1.0389506742844739,-0.9148113844352749,-1.3559903947652465,-2.076898623432308,-1.373298474011683,-2.303673176351414,-1.982628460463631,-4.9628969892768415
-6.699686480309117,-5.792831189044725,-4.9804769987077755,-7.212466386440546,-7.785433380824013,-7.141669779394498,-6.705997787352482,-6.393194491473628,-6.373392439496183,-6.550431157088328,-5.451334061417826,-0.7242206952944651,0.7368561853433714,-2.483042797256493,-2.921394358113864,-0.9859645803700734,-2.0343415721620897,-1.8785041575026902,0.20434318751250444,-3.1861974398496637,-3.427542685344959,-1.7412001826950907,-2.4150877016693326,-3.0150949807728247,-1.714129934838286,-2.0834800703406406,-1.6847085705665674,-1.0648339119891226,-1.3896191946792993,-1.1624953871148171,-0.5506901116089328,-1.9611575384107072,-1.8655018594811492,-5.372558792081836
-7.6717219738573785,-6.814109423885744,-3.4689219100757644,-4.727768220754942,-5.614886766690551,-5.475684201366733,-6.736947443972645,-6.1248269806854205,-4.879060828535371,-1.6144241010344689,-3.4863745154134325,-2.54714305082755,-2.613564074694217,-9.213054375478173,-4.854325457131403,-3.981532250288373,-5.896541214508295,-3.99385988470093,-5.2275260470688245,-6.501446480392852,-4.937289311569397,-1.057936316686275,-0.601121712273627,-1.7764567916703762,-1.9616683516727424,-2.0164179231410735,-1.1088294808113315,-1.1125822839990809,-0.7705617602709123,-0.5197795042443927,-0.7152753059955964,-2.283453992262634,-4.037247183420508,-4.654644643670323
-9.02175892029392,-9.02037633984877,-7.277207746492929,-3.6848616168765265,-1.7866278286734234,-2.5482925988099776,-5.5836806754216015,-3.7848693587216315,-4.188921061943436,0.14786886455266834,-2.234694985105838,2.343530580623031,-6.9349924283956215,1.2256861633113025,-2.4790851737975292,-3.5746123113282535,-1.8884463838490977,-6.132816641480448,-5.659912697370731,-2.5040677255099903,-1.6575076171758822,-1.7889681341707626,-2.363968779123277,-1.5439936255633995,-1.6644787888045702,-2.4267056191911314,-1.437088800098865,-1.5946418810798908,-1.651595049870343,-1.18919444136124,-0.07745991675583917,-3.4368120030104143,-4.264071149365401,-4.353778490506863
-9.512586099812703,-9.133138213442054,-8.10345181029808,-6.709833610678696,-3.8771509039568035,-3.1245982187169465,-2.078574914998913,-1.7466193292753145,-0.7574654217807444,1.2984211936814993,-5.065861064784044,-4.845487973829755,-0.07198031535449105,5.077537546359108,0.6508117658575101,-5.812889771877127,0.4105970216305779,-2.598300416843406,-6.922371990191388,-1.5525813467433596,-1.3341736347221842,-1.808106135649336,-1.5194085027953002,-1.81044654566569,-2.659218508018628,-1.1715370385096335,-1.4361151833792472,-2.515633846760892,-1.4243143007902919,-1.5929997073909437,-1.4130927624048775,-3.849491439612071,-4.459208641564755,-4.484436893091813
-9.833673008001814,-9.302503646503977,-8.583570952187602,-7.938166683976024,-6.324664727779064,-1.6212881683874074,-2.0770653879279126,-4.833704744684754,-0.6004116241534048,-12.763074463504527,-5.208099090705742,-8.523797981472699,-5.349408703724509,-0.13283326890462746,-2.578863176010579,-1.8351147289790615,-2.869523715251622,-3.910189295429099,-5.971457618709813,-3.1251437382878575,-2.0191748225273916,-2.1710120137941926,-0.40156126075701015,-1.4894281114311656,-1.0144553651476622,-2.3910739803196797,-1.4159302533584308,-1.5977766927379684,-1.396156309183264,-1.3709728577924196,-3.0675013065430248,-4.322663345358384,-4.80254388805206,-4.559682166412526
-9.452747977733964,-9.305378921960257,-9.48525019261012,-7.896588789800333,-3.4888041878884333,-1.8296806396448348,1.5048330627171478,-2.3616150187597746,-5.898966510337292,-7.851576727766277,-5.437973488756072,-8.663062307617233,-2.430206176197165,-2.1102096743265952,-2.5742346721775764,-1.3835892818173297,-2.357464913728506,-2.1853449900758677,-4.248259428464108,-1.5325198128449555,-1.1923895361207812,-1.478652980347681,-1.958901385392744,-1.6846061411199411,-1.8555338129356251,-2.697215309690478,-2.2099331906922934,-2.071459363029312,-1.3151431916914764,-3.9143804783124936,-4.954522198859828,-5.21910018574833,-5.147961719357315,-5.081116607402581
-9.103374884951837,-10.157734449165265,-10.589767578311777,-10.869313594092857,-6.221552488042626,-8.96102618794374,-6.750897620018834,0.6891427340260579,-10.962694490879835,-5.610582366082496,-5.53743176896917,-3.2118181138654887,-1.7945731956810014,-1.5620271342169527,-2.0252077491315226,-1.5009708960167645,-2.209732994447186,-1.5529382425169953,-2.4782049227803555,-2.2732210816906195,-1.0392008229714336,-3.0733294297908613,-1.54430772646313,-1.9625848532745596,-1.7610816992646199,-1.6395120671754226,-1.8530289779751616,-0.6991121498268948,-1.583393653403331,-4.5482081950737925,-6.189791636500503,-6.150549341564472,-6.011956294258636,-5.830810141552081
-10.278769315620634,-10.84846070648316,-11.11707771160732,-12.970549665507233,-8.743962436990921,-5.988115393262858,-2.0014702403707654,-11.47621014274699,-7.810075254520791,-4.183256171026753,2.727671530221969,-6.514925056196937,-1.7302861632991353,-0.8398716178547462,-1.7553241502632566,-2.264519768684554,0.644690596111665,-2.1993641941361233,-1.218233923857895,-0.4450990126133912,0.5401800850539028,-2.469840587412657,-2.2495508159941875,-2.062673070518368,-1.5823451527090544,-3.02783393268982,-2.06853426280037,-1.8675660261278346,-1.1474257043058487,-1.6414677814401204,-4.758699485529726,-6.23385341262206,-6.850149706052063,-6.399656575637139
-11.995306936805155,-11.195187785067313,-11.607127850098896,-12.766971349152621,-5.089354011628407,-5.202024002005592,-6.613852523923321,2.4186170962039917,-0.42628027090045406,-6.059255036852534,-8.099823062388639,-5.9171519084148665,-3.2231923820282735,-2.739859940635836,-0.42799795416902653,-3.28004192908069,-2.0704924877653403,-3.516528515346565,-2.792523603666538,-0.34394986743428657,-2.0700112941065036,-2.7181151217792623,-0.6705751809836349,-1.5481005763994176,-0.7944531414270404,-1.8747447079664061,-1.8848600923192964,-2.046907266056452,-1.6123425587771816,-3.1143836332290142,-2.9765056047661074,-5.890831749398291,-6.922813354633493,-6.9540591981739635
-12.913698088366326,-11.815507260283924,-10.59163852522454,-10.01221493531534,-4.945030201432669,-6.640864484017415,-9.939355098869797,-4.10097162557785,2.6514454450515617,-7.760880160708585,-8.531735941771714,-2.499944620186586,0.6855518766710434,1.2714236815071662,0.947680411260037,-0.6336381104977378,-2.218122499562469,0.28094099683588164,-2.4779278429306233,-0.674659001925031,-1.6202001657334262,-3.096286097220188,-2.6306173322316577,-2.166793132045413,-2.343387453602912,-2.2082530906414615,-1.792437266635108,-1.720971756045368,-1.7687449798574217,-3.9765943848335317,-2.7872966463931483,-3.686010675624962,-6.15431794817029,-6.77313364940773
-12.607837296021989,-12.324306798440242,-10.087057460247436,-9.509239796404508,-4.320092198249289,-2.103857865092737,-7.392777295653004,-0.22072319247187808,-9.934260667747951,-4.132845088782411,-0.3849235850997245,-3.3199406348472116,0.4116816481101394,-1.562893104360803,-1.0314823707295178,-2.3035351344262347,-5.565763887015757,-1.470212743989758,-2.6215053074459056,-2.9435830101049976,-3.5818666059532003,-1.45302159486651,-1.753096707747103,-2.2312574077864005,-2.3810804734602375,-2.5970637958483036,-2.5025602071027686,-1.8282049665973075,-1.911467412991084,-4.365726164209862,-3.338791836790631,-2.536091947763769,-3.0335968668422364,-6.633206800266467
6.775174797358898,-1.6851849482629133,-9.122750238822167,-8.84814888909265,-5.341136811179427,-4.547015857876065,-6.155541637253145,-3.868233903821636,-14.425940835071511,-3.807063511910004,-5.337966581563598,-1.519875333625495,-2.4971529664571053,-0.42710936608668754,0.9248763380091528,-1.4516549659762013,-1.5349183191164724,-1.8428185158415251,0.8491575869479182,-2.1604999201941437,-1.7459913541191416,-2.6761401929512623,-2.2591599290862425,-2.6418134262528787,-1.834519692466547,-2.3224998337581977,-2.6587327665806773,-2.1360524870939983,-1.849837480060796,-1.8141885521616172,-1.880938948638096,-2.723152292137917,-1.7365087260510823,-5.900983298851606
11.881370403408182,10.095913296526787,6.072986740126177,-6.990141413239506,-4.106338294637735,-3.060485779188088,-0.4458564116311273,-4.775973997874195,-9.046657841474138,-5.837537782981779,-6.508998940574644,-5.512778058693801,-0.7413926429213139,-2.3633125996425117,-1.8437850064711465,-3.36481828736714,-1.7549424981991115,-2.5336855102035463,-1.2764882094476309,-2.400364311612936,-1.4248450212035233,-2.5299177990261557,-2.4758441421900117,-1.9243977058339916,-2.181094304738446,-1.8607333575815435,-2.5117628466208983,-2.1013366645081324,-2.0110893295598293,-1.7013917581886915,-1.5786525919108692,-1.5690180566806402,-1.8256807748902,-1.3981463220229855
10.94651884368194,8.682402909174055,6.8642792435400555,-3.8119448797728266,-7.162066535904539,-2.946721843023527,-8.458016134124113,-0.7257582644873409,-12.057750184410645,-4.002083993900795,-5.838180359548496,-3.4423806230308465,-1.8916029649924042,0.29196286733864174,-0.9910221152269119,-2.433484036410468,-1.8192419562325493,-2.193080280921718,-2.102580706136372,-2.9350575383018565,-2.1355294596857264,-1.7185469976322254,-2.805141549403622,-2.3393081792941146,-1.7407094289066611,-2.092499095194299,-2.0423448202635597,-2.1359962183187235,-1.9936869933444237,-2.48457720411272,-1.7011135185740622,-1.2996346653279822,-2.2198670394250195,-2.8238340934070982
8.188640298839312,9.4115978542165,7.377054342228997,4.909440050283325,-8.566593081915084,-5.3598903193697796,-5.671119976896604,-6.8774246999375706,-9.149109113454804,-1.954579790344171,0.8178848321251139,-2.796940612122938,0.696485459709844,1.119495040928661,-2.035024258912355,-0.14291458799685905,-2.719806904851378,-3.285940298628477,-2.615976013721433,-2.7086638810225168,-2.6051625567278727,-2.5779961113167937,-2.5100126733072985,-2.4797098115163827,-2.6030673041684502,-2.0838008271524733,-2.353862891360178,-2.990542394465547,-3.44901020371197,-3.0834237355555874,-1.6396930316536813,-1.5862156039317163,-0.5519726003646158,-2.756269654747885
7.4113744293170685,8.987653571004966,8.929614985070254,5.744492488873144,-7.50004550798319,-3.3355371014660427,-4.633681838298248,-4.898686087588268,-7.521885347240372,-12.766099507998629,0.20420956809414648,-4.477301369421426,-0.404477631874514,-1.8185921909490834,-1.806659166775473,-5.071149488991613,-3.6184798503930633,-3.711544630128388,-2.977454409889453,-3.525523147336194,-3.0268139615081835,-2.6833360999859712,-2.8824676535420273,-2.7522707604094845,-2.7854916491969695,-3.4422073774810684,-3.3509386185679104,-3.3796021477431584,-2.4693600934515656,-2.3930813957993378,-1.667926372152386,-1.403772707826249,-2.3951837728875485,-2.9727759328361962
9.79066632149289,7.882335691044418,8.502836711005768,7.213083543988436,-5.506147363039529,-6.608745887311064,-2.967919710079053,-11.928162823959966,-8.980835191993249,-3.755577833236119,0.4182949508419505,1.2799064153708852,-0.7544246430619893,-1.7857889936649243,-2.7320630162564887,-5.544381693580461,-3.0465533470317223,-4.149931360663945,-3.2760823915834703,-3.6099738434296014,-3.1601373331701756,-4.799560274402649,-4.461899962199153,-2.6007691069080026,-3.4073198923021772,-2.5708911921609605,-4.2644183046493795,-2.5404763009405444,-1.8261158536115591,-1.70841706606658,-1.3842404141796545,-1.1234712970172214,-2.8752016923961747,-3.2840064931610145
