script/wind50m.json
{"header": {"parameterCategory": 2, "parameterNumber": 3, "lo1": 3.000054539987559, "la1": 64.9999836372058, "dx": 0.5, "dy": 0.25, "nx": 34, "ny": 52, "refTime": "2026-01-08T08:00:00.000Z"}, "data":
[rows 25 to 49 of 52, columns 0 to 33 of 34]
1.6855220236589719,0.3836166653617789,-1.254086336918434,-2.713889696446311,-3.0814711420654977,-2.336669120403382,-1.8734431872786177,-2.7809206338064847,-1.9134867738456607,0.8419327555418351,0.9883633667273725,-1.4193817743070543,-2.8285380716868946,-1.4112295369376349,-1.518998900803973,-1.5660819991187533,-0.5597745830261942,0.054611816098066035,2.8442636919012587,7.427950450856549,12.764745896661669,10.732260318783668,7.821421020979207,8.638484185783478,6.406116076997618,6.460704878773999,7.547480044316324,6.396399252429828,9.177054820118585,10.694753535766678,13.031906001224469,13.022689537841945,10.522660714758382,11.355648258097151
1.324011778547007,0.2592139647820081,-1.1146796698008012,-2.3686479027841805,-2.201544653335205,-4.427746597281347,-2.8552901386197234,-1.1697207317278873,-0.5011487812364905,-2.027816227275897,-2.3695766087748806,-3.118863751844532,-1.8069362412304146,-1.9509051643177275,-1.2484672867107431,-1.630487066535539,-0.9175924862336964,-0.593051774538449,3.7619676937199356,9.059613789186159,8.595521676290753,8.810386578684918,7.368445560894746,11.128945610900463,7.1758740068717515,6.1148750409459085,7.454463522618511,7.405229147957456,12.17669885360711,12.214448819439186,12.64109088112323,12.571824445619594,10.785481752570561,10.917504572239949
0.5732531499583835,-0.5629547927149562,-1.7005887377250763,-1.4103873375212066,-2.611014285793074,-2.8664650611142157,-1.5428360195752766,-5.7213752451134665,-0.19983609781096948,-2.3899063086863617,-3.4431760003328815,-2.298523031060819,-2.4193498745281543,-2.2290352132351012,-1.5869297979881105,-1.5198802859676583,0.015182420803033041,5.415408064228753,4.856992313871173,6.968051176454358,9.365263833512675,6.910914073930054,6.501498288571873,11.479022225126906,7.047033529045318,6.505541623431985,6.1473460365265025,6.3320468227370155,11.528470073545972,11.750154701083183,12.282384780924167,12.075528619235122,10.085331926636147,10.434882509981955
0.20613796774612836,-0.6753391391291869,-1.149486108029651,-2.821859692728577,-3.540167103183685,-3.338646625039051,-1.1212880276813861,-0.6041215504962623,-0.9921767555947879,-4.626089291996883,-4.3065998646725365,-3.1164616264084217,-2.902721435273825,-2.435697275395203,-2.3007259342990367,-0.12128193499912028,6.532265166490427,8.79780553389372,6.805077870429865,7.228167656419526,7.052195624723831,7.272021128530634,7.258372237642837,6.517403192951482,6.801495948221105,5.887720610800762,4.7909368571845565,6.694336653801538,11.614308125993304,11.24213550873171,11.866179977738112,11.02374214022923,8.583950494270269,9.51807406702512
-0.2990177172226593,-1.3568147558326658,-2.3460165184092645,-3.5113759175427437,-4.157915326334491,-3.6739409552865694,-2.3939841517332336,-1.9209447357339915,-2.1212247124028956,-2.584877095189285,-2.41236730610895,-2.1863068803869536,1.32823338248443,5.5622429169152925,6.597067369490076,4.5056980080780065,6.54740879112687,10.175381612188927,7.618896879708566,5.619142301306861,7.138850645162667,6.502566285257489,6.179384839629063,6.308509995757327,6.403586095222991,5.201616599158134,4.51915219245941,5.578791698637126,10.889453631954387,11.313148129817266,10.812858977617534,5.750306201859236,9.537390775184672,8.67262145712772
-0.4835987849172205,-1.708427046276898,-2.5104077366050292,-3.7132976151640693,-4.098977598801524,-4.552605920870089,-4.581914454795159,-4.169839560736088,-2.929269569722561,-2.1756956483897256,1.1255470063742858,3.2403671976260267,6.139087406876949,7.482599010625418,5.034384626115826,4.748316377815768,8.58341008894996,10.7746566208125,6.763621938070122,6.270191064561525,5.721608303291644,5.551666027347181,6.10488085338259,6.47254513354601,4.955208902440584,3.7700119141521915,5.326241428141045,5.333675582971469,8.68699710805334,11.338176304327938,9.309421373235484,4.8214464903773315,8.982448970757307,8.234992568755306
-0.8792301065266308,-1.8654352195513886,-2.7866925772303706,-4.15590401836616,-5.573696714851048,-6.255609837323627,-5.924679153078507,-4.007952006377736,-0.606937043664536,2.916563081296615,4.1357843362783635,4.331235873800792,3.8029055658242568,2.286483027433511,2.984259649769186,6.159764093757777,5.4119274061241525,10.498693592355938,12.3691667996429,4.4643847880639544,4.396482168042111,5.130514182818241,4.555156029777779,4.601426933468223,4.54447122530878,4.648416848905099,4.964068131663827,7.063963598856375,4.852955416218182,11.05407751213259,10.227234102278373,5.961148870315376,8.293253275045899,8.128574037231827
-0.7049224936055603,-2.2635151066878776,-3.37988912058203,-4.581870629651444,-5.804048253613958,-6.6743116401476605,-7.192255023563944,1.3724466432204139,9.388707511676657,3.256183086113232,3.2514884772948034,1.6944003973775101,6.533506851593458,5.497996969999631,3.895623540090871,7.636405967227049,9.850434369535552,9.900034664210883,9.28141880380335,4.169569168805538,3.948379800896255,5.0738950752399745,3.9143477915816427,3.304380469911757,4.851210214474954,4.007476875596986,4.8659380950926865,9.682769617752783,10.589748877470056,10.309267150791406,9.69381197074121,8.73069868888667,8.099740910088718,7.638327720887848
-1.522166255053068,-3.3236146173239756,-4.478953951336621,-5.855855867088617,-5.9607533912661115,-6.814459515645446,-1.8206934381301696,2.304787272274611,9.22498643716839,11.434744487065004,7.85848519890072,7.094993427688387,4.736668739755133,4.370820054278225,3.9649406324296708,7.941184517816809,9.475192524280912,7.068695107916276,10.116862999361771,10.155837823417942,4.428555022149197,4.709052810778147,5.250992818418268,3.5412490584159846,5.046225032595968,3.2545995554286367,4.369740440635221,7.03484173666356,10.215724160755103,9.89264261580189,9.141715711594875,8.218565066119924,7.6008904701655045,6.348351578581406
-1.9511199813461468,-3.346031129372715,-5.203702667716982,-4.925425032518801,-6.227393409858814,-2.4613228122976243,-0.0877654193573474,2.748439251583593,6.307524411746825,8.671228987376626,7.156515622491351,5.937895982479361,4.514540263558735,5.811758270492037,6.12589493565263,5.066029990167489,8.493940969759139,8.03877280471535,10.271244919182706,8.777371252655302,3.3410253367017577,3.670982581441148,5.6812320096950115,4.965268792372846,4.626952473173206,4.020591726941844,4.24913481816732,7.332467287324392,9.76939428133837,9.338930906466492,8.488668879522224,7.550793161896785,7.020377043801002,5.5142585769766805
-2.643465142927645,-3.943882890111269,-4.822905976486697,-5.962318250076909,-4.5292917733955695,-1.8353534208781195,0.8526223306893949,3.580872827269635,7.369294425656815,9.456424039380654,7.4965290810899035,4.74885490709065,5.360405814325972,5.211912719617685,4.919452197334051,4.912636108362684,8.12978234615119,8.17506774834288,9.095673823347612,5.172217788634799,2.9044379976416104,2.767621411855299,5.554327789328403,5.27701333594971,5.275412612839324,5.123070401183783,7.332983809296721,9.664697043187942,9.333949780764137,8.89731650868522,8.405308635318498,7.366014929088817,6.973692212762654,5.027890220639212
-3.13612188469892,-3.953662561665948,-4.826619004449926,-4.758902059882692,-0.10199384591687503,1.3218673134370917,3.737258792107259,4.347831547402056,9.909635010912085,9.777943375331766,6.506646488486927,4.200135066998636,3.4988968949386154,3.9768498445286884,4.11682403881649,5.398629197135693,7.44615739028057,6.59298634013222,4.615032487582815,6.317164619613981,5.6188855456842095,4.847753012467012,5.376234276972448,10.091418217162941,9.476992262330988,8.832105524511775,9.075845359614076,8.944783908231644,8.909964896235664,8.598236142677832,7.669479012683315,7.125680675325704,6.798789092283342,4.5453091387098254
-3.1466894721263685,-3.810608045490492,-4.257500582587823,-2.354253359687454,-0.617105420306436,1.8873918620138261,2.804516577667844,4.801991473898811,7.60617336345078,9.348463161550834,7.580169813583479,4.401104763132255,4.002583764153634,3.0201715880219875,5.11025556556134,6.791635398242644,4.597297526378214,4.908344136135546,5.107460694232717,5.493429165702835,5.847731869782071,5.911104504621234,5.529057688349583,10.531153114762917,9.707592718344538,9.093661994310223,8.966940250065223,8.5705156951907,8.473938675242014,8.300326921837906,7.824649465448432,6.534857669148686,5.8789043443672,3.7502889493499674
-3.4536600250653895,-4.802424198984964,-5.6805942774519576,-1.144105725679065,1.1989236651330542,2.9726616714691794,3.2323036666859055,5.367328015702602,8.668384682907158,8.2960722246237,6.033955234459512,3.515953277145581,1.7973551131201324,3.2107055356699394,3.4071864294599705,5.3097461099120595,7.352320644110054,4.886329961362507,4.371109691238974,8.357241366706296,7.9753605389394755,7.6287112950118106,7.962763782598337,10.332631446020994,9.573486344425838,9.113773192336748,8.598829343297906,8.40586760542743,7.757805402419976,7.569566247910011,6.755276660742817,5.705821035172011,5.7939541425205965,3.246347883199229
-5.776528180196401,-4.229324119430122,-2.765366421202776,0.03782613513021104,1.871994067361414,1.7502049410844376,1.746635123935392,5.072303294842375,7.977995307016201,8.583798364955022,7.317319228661202,5.155124646277487,2.9421687254444713,3.371623906637295,4.378309895864967,4.810489770429427,7.210769777497833,5.855061544177073,6.018578263294761,8.634475911439138,9.6836784712805,9.531517346531231,10.304333285765477,10.75897238437718,8.371143745056335,9.267908152366317,8.650362090410622,7.886649761606928,7.005086379938108,6.09366456449325,6.427484008092095,5.582894303240248,4.38646450853715,3.795518185540246
-4.568058616696432,-3.984197477078952,-3.5817901429419874,0.4378654463451981,-0.007721219287670219,1.037658666389606,1.618895294684012,4.4702349807518695,6.2864882108610205,8.68095172605024,8.184030329173545,7.273176815615789,3.9649446993265967,4.315756081678989,6.355251379606953,4.873403574650074,6.160828840414679,6.136040706105473,5.903785591997028,6.968997832245642,9.744971292798756,9.708863666997448,10.647425008074402,10.368679081760945,8.454550739325851,9.568226406842927,8.581217861457095,7.269076467873923,6.435395740682849,5.19599633992425,6.709032180895264,5.7373601239548115,4.055727052518719,2.6463769303847426
-0.956421770647967,-1.728571408107608,-1.7605093417417697,-1.6772089499820921,-0.8110052964303841,1.2341680536885469,3.072269696702398,3.1824392999826023,4.928606474345192,7.259398385023784,7.155208067750687,5.261286994809562,3.6269912530862696,3.7485566205891314,5.836885283315014,6.4281461990894915,7.38337464046332,4.809184608904818,7.563681951108399,9.43017060965267,9.26042840762961,9.023231159355722,11.023966877740646,10.565414286162852,10.037256764749586,9.842254542740493,8.108449673183738,7.027164177834379,5.03727270617442,3.8717927981276765,3.7725611520816713,5.202806138930583,2.909352061830883,2.5404219432652537
0.019181664051098942,-0.8705042396938286,-0.4519226144200537,0.08432376555841985,0.8248601124898499,-0.22015409778987946,0.6080829755249375,1.4471149770428242,1.974478922188894,4.377367245067993,6.157253905435539,5.244381011764891,3.4567572521671686,3.026986693832391,4.8376504300170815,7.016764249190778,5.828096256460246,7.939727665024721,8.360688293697683,7.777955884193632,8.688250848149199,6.194791006439932,11.008534781280815,10.790157503608837,10.085432297135931,9.33251850731661,7.3363864993823,4.174973254860419,3.6931975257575766,3.868314153854081,4.05685761616389,3.154687381200289,1.3236863083755828,1.277840609889786
-0.9015964753387962,-0.787832569737954,-0.48433935781390136,0.04929671780945152,-0.7879144989742647,0.15901253210215344,-1.1784367829792137,-1.455086463772197,5.78066563198062,3.0170758401837525,6.899215264690732,6.377315255677524,4.46011186296466,3.5137792513518384,4.612366614899136,4.116450217662531,5.534233662765327,8.61683744616661,7.8749258703513325,5.074091042844714,4.986962742773244,8.549424401093045,9.851664344361636,10.344830890213045,8.542334446910719,7.477338636123597,4.691911703315933,3.681629046017302,3.4515217343057274,2.4290889963840163,1.7357452733064995,1.088131546012494,0.6787383475493883,1.1200046321294634
-1.4695321087228748,-0.8361395221428066,-0.3871876340924869,-0.07713035488408992,-1.0178589410829448,-0.2302197576188719,-0.30698057992189237,-0.09667044851034635,5.17554766710569,5.07694052596201,5.569375304805885,5.830963110914725,5.4709953532599345,3.8208908977483986,4.4645083420269565,5.843130935143926,5.913301264335182,6.227828151775439,4.332959321223553,5.159189789713072,4.675062403380728,6.454185629574642,6.934377014506286,6.265241343391088,4.828922396257882,4.721849616019607,4.234383415636303,3.87562027744423,3.1744044263586395,1.8791378256665718,0.2890889801949713,-0.46301407503227443,-0.643684830186335,-1.682209997424178
-1.7125345566931243,-1.9348311248977363,-0.2263146432903559,-0.834286001351757,-0.9004016191499044,-0.011264408812603524,2.854083804185127,4.975077712910393,4.006092658543218,4.249949618209888,6.158478843821134,5.2457528061166405,6.165764654095472,5.302893747867491,4.542344005172268,5.230894706418602,6.216275526817001,5.247876441304573,6.2161105109167885,3.7481096728161094,5.908802791255815,4.6068734548753145,5.038136122656683,5.968798556929177,4.3241330897407275,3.8455844872438845,4.5510145718952755,3.325121249553466,1.8454058102563349,1.2741353510078137,0.023489247469292762,-0.25081923327472394,-1.0566079158558883,-0.3522160056800146
-1.778449826939103,-0.49775330394385053,-0.8540935278108422,-0.6770599996152884,0.174009753538247,2.2594818734759454,4.000081659344183,4.872280351511562,5.67655878043282,4.185459484422734,4.749535306885601,5.9577005219190236,5.518421632888543,5.254170153464318,4.114312179598487,4.534111501807085,4.909251281160459,4.7899405593961495,4.643896582701217,4.082767779301728,4.547073650397327,6.652829579367243,5.054565106117248,4.38124866519246,4.513840354467151,3.6824111758305773,3.6950336033899513,2.0861612416514275,1.7785906151959499,-0.2640365095462466,-0.28568925294033654,-0.6508796524658805,-1.692264774292599,-1.2423288931341498
-2.0208428669051504,-1.2592950733923733,-1.1961359125121427,-0.5105386366284904,0.37977967861005923,4.002716351052451,5.072038489374801,4.710973109648129,5.402407460883386,5.748797625708011,4.060868106685362,4.812299922940614,5.554571718364768,5.181127075586571,5.182340009721748,5.66913777706243,4.509379977417386,3.842119599582341,4.137120596098883,3.93112704422791,3.96515701004415,3.4317713257243185,4.9954777057753885,2.8437710421163005,4.021420925132668,1.917767563460722,1.9853857327491031,1.660583691884362,0.9844406499075311,-0.46714628199226466,-0.5419436883098452,-0.6519533822958493,-1.0792509737440557,-1.4022888580131052
-1.329519366500608,-0.2385759344787921,-1.3193611735957271,3.590214225521297,2.5791398018447365,4.473668990189162,5.053026578521299,4.8338082445250965,5.946659601224292,6.190764062207777,6.696413606987231,5.855393856415347,5.779397080008855,6.809347259562949,4.49663158250475,3.951509602338435,3.1315936973142033,2.859333741734046,2.957455520738458,3.7871442385376395,3.445062713184371,2.9419515991935947,4.63661311434902,3.2174586853653317,3.341968220501978,2.074656635700448,1.7656740668239972,1.4692935207989808,1.0265521005519311,0.5015855733690123,-0.6041058205894687,-0.3100668350569773,-1.4299349799489236,-1.1196929309661834
-2.4509774202657204,-0.8969465108613341,-0.19116454423454043,2.9851918485056093,4.115333402440196,9.204493482693309,5.779456237782194,5.820575148127701,5.420442727914005,4.801082326680183,5.838260251690359,5.788740497010891,6.437849937389995,4.392388060372445,4.975113278065338,4.333471072603008,3.4707109373816047,2.847228042496286,3.393841130725392,3.374509936999358,4.174993297839466,4.332939504305472,4.2515635179946605,3.739004353089777,3.639229595865161,1.8778009869517516,2.085893859355589,1.9878816690685013,0.9314247735428547,0.4271940918782219,-1.0300312186976923,-1.4150936242883587,-0.9675317742579943,-2.0354635651408937
