script/wind10m.json
{"header": {"parameterCategory": 2, "parameterNumber": 2, "lo1": 6.000198445256149, "la1": 58.999992894266676, "dx": 0.5, "dy": 0.25, "nx": 22, "ny": 24, "refTime": "2024-04-06T19:00:00.000Z"}, "data":
[rows 0 to 23 of 24, columns 0 to 21 of 22]
-4.191089001815355,-12.02331037092061,-9.033570423158721,1.4672745372398899,-0.7122850092778965,0.19309139718433796,-0.346342028420206,-1.326441478600779,-1.9811489330884977,-4.176366698274457,-4.918355529179961,-3.803648264552869,-2.6128546273359423,-1.9438554873501253,-4.275262745822114,-5.316617060102911,-3.0361677161520038,-1.9172948889579988,-1.0681858916248765,-1.2983501729651672,-1.6299644650375924,-2.2363130965446425
-4.31028092339078,-5.589408546762881,-7.630215825858996,1.3938310922073132,-1.7056369321484897,-0.8960928817830279,-1.2614518304788835,-3.896557316408672,-6.694689197098319,-6.735000986184597,-6.278940751834992,-2.6607145871696916,-2.1715109907092423,-1.5209370370388142,-5.949424639398578,-5.978230248577401,-3.0627649890234783,-3.0559316074114427,-3.303352520962849,-1.9268706671916247,-2.082703570997218,-1.6394406940745396
-5.64345151745411,-1.8595886988301795,-5.794178375479415,-1.0895805840458652,-3.4762806456715265,-1.5946094897625556,-4.87730871808983,-6.830539193696406,-7.262206762621522,-7.899267973648695,-7.069109616799281,-2.3476236392032495,-2.009498713037936,-2.3593667990385,-2.5934032041491295,-2.1613540644530986,-1.3510499050895293,-3.421499897921721,-4.477672546423526,-3.7815664077925875,-2.798083978435026,-2.424672698396611
-11.712448731458398,-5.8091203196379615,-5.428969571399924,-1.3518487243626922,-2.0320375485655346,-4.8084909578185115,-3.463911153745431,-7.940493663802031,-7.742580051924993,-7.393177361891487,-7.065995056242721,-2.5723939344983604,-1.970815555668321,-1.2738319236351294,-2.0315938309360817,-2.3158830701833555,-0.11696136697027519,-3.1881462380281325,-1.5981780906535974,-2.3918346857090307,-2.2377542749022274,-1.8498855059724526
-11.506716720621393,-11.426197494670438,-10.520594245384247,-7.53076129473091,-9.754059227020202,-5.949755550169419,-6.777690750704383,-8.09861100165462,-7.906357305003281,-6.952528227359666,-6.5363883589958265,-4.441095366000934,-1.9073451169382043,-1.1197993613122244,-1.3240744499314885,-1.1734157071111775,-0.23508528443744045,-2.6726448015765714,-1.846256460534943,-2.0786747640364505,-2.198883461691437,-1.4412772809082883
-5.064845381802292,-8.086660331353126,-11.740583868561176,-10.046573740422655,-7.224158332259516,-6.728537679629557,-6.44864891816643,-5.6690275042012255,-5.585282539480439,-4.735518971392211,-6.4394136488653535,-6.049242653955757,-2.4808727891838545,-1.741057454146176,-1.8198593762437725,-1.9110664843376215,-0.5692342550496113,-1.0455513951547186,-1.872164175365034,-1.7376403309404191,-1.6273278019257027,-1.0529409166323345
-1.1380586950573233,-0.6221195935298013,-2.1842620078422854,-4.498365335211683,-5.8968512764920575,-5.8921524318123515,-5.85897494932599,-5.471244240085266,-3.1176383863358272,-2.772567675646087,-5.702828280548553,-6.231816408133497,-2.650200054762022,-1.5827391205907306,-1.4614517138649399,-1.6881850318046143,-0.46312798808683714,-1.072349942951966,-2.514339607263405,-2.0433531377740666,-1.5741259813145583,-1.0246208043746567
1.0698784783750586,0.4622546965153305,-0.8823854335944982,-2.0174581774772764,-4.297408348396073,-4.691627739885454,-3.748380034545796,-4.41425993883213,-3.362505295973465,-1.7534594520828883,-4.460931986780249,-6.0379528545434376,-5.76464839284302,-1.5407398808923076,-1.2178155786078848,-1.3347198608059816,-1.058356834686457,-0.9429050075786569,-0.8522677489437099,-1.9272112797759646,-1.5620342952644872,-1.8682495447539187
2.6043988949209247,1.712165958406732,-0.07586230510527443,-1.5563192022081607,-3.497492173857592,-1.949016686404815,-3.5302714086965925,-2.6253783311535046,-2.0605501263849106,-4.193919064837755,-5.434506862210601,-5.186857733002562,-5.517864828036996,-2.298151399998998,-1.0729396598867502,-1.4298006016348281,-1.2786933174609376,-0.8198458678963515,-1.1993138275651976,-2.190257742013906,-1.2144804903357438,-1.7415641332056833
3.5900465700736524,2.980932076028347,0.5280031263153948,-1.8381937194580018,-1.5330097300090246,-2.049194109592633,-2.3105925213141405,-2.78524820444319,-1.5764582851125217,-2.437141793372705,-4.983748714752121,-4.363475836492903,-4.7941302748946315,-4.410679169699473,-1.3762154732004168,-0.9958789235912945,-1.203099389440315,-0.8651501369022326,-1.092878295289215,-2.4111799408351224,-1.5400379744449808,-0.9921958250601669
3.681664636380814,3.544307163571726,1.3971471403280917,-1.9775816441244665,-1.6590131253207807,-0.9746686410308165,-0.7664581900235823,-1.8474673094617637,-2.7453914996969973,-1.4973649546952696,-3.851161028165046,-5.626495585417784,-5.575158775797019,-3.789356498359858,-2.153252761733145,-1.0541886043255273,-1.148726241509926,-1.2384524422689556,-1.246772937866926,-2.369547370254398,-1.7220567693068274,-3.5100842495303075
4.239482915354756,4.002412359447726,1.704760264974298,-1.8216469558854513,-0.9559694362523045,-0.6089798973328396,-1.384381712969658,-1.897531621569492,-1.617834193088617,-3.1794927231921295,-4.037091087730724,-5.417390587145862,-4.67028524478733,-3.938574443650452,-2.3016941379054296,-1.0924606967191082,-1.0326477617076817,-0.8324328523830464,-1.0315683800695057,-1.0842643860404804,-0.8473010455496021,-3.379787888146852
5.261664495919462,4.334808024709808,2.1277856042533405,-1.084713713869507,-1.111027135472228,0.23496379806686754,-1.112298102062469,-1.2932378577454227,-2.387203878711582,-3.146994571025228,-3.81122804950877,-3.9484980549808997,-2.9488465483325954,-2.0506194801007678,-2.449051261946096,-1.080631724270031,-0.36180537592360423,-1.3497050640028014,-1.9362612216507005,-0.4951008388261854,-0.0919618008031995,-4.188009992354781
5.72404382966833,5.218214261195988,3.2114842371018972,-0.32662360008602453,-1.769339850945349,0.9037361888372991,-1.2695321139027584,-1.0579369216561831,0.4088565756979607,-3.8779515049040247,-3.2409782997955072,-2.474711814423336,-3.9731403695703276,-2.544823507725634,-2.6385525663091967,-2.5749419758736285,0.07050335274209855,-1.7320780098506698,-2.197658021084076,-0.3833489782367032,-1.5300249548460725,-0.032705837613933385
5.356252202272858,5.599111838401407,3.622368037140653,0.259175707200537,-1.1206226469716591,0.3306853910569149,-1.1726993803273933,-1.4791184614429893,-2.2510709876391704,-2.426300946285338,-5.510874477691031,-2.796174452730236,-2.654003400436703,-6.662837053113668,-3.9769715176631943,-2.491773498379725,-1.9285197437129773,-2.4557430391428103,-3.1458134876345882,-0.5832212441401345,-1.6212952800493434,-1.179222683517334
5.220553981569538,5.061489071356248,3.637037058076708,0.8607201491685705,-0.5134744226561875,0.4999982852480742,-0.41984776223533676,-1.5113514687855922,-3.3519867626118525,-2.452043913599896,-6.076332068844754,-3.0784856564747005,-2.1305050294015855,-6.1998854773566885,-6.037843310161988,-5.156972874604479,-4.425205208720759,-2.814006742958347,-2.348060514091282,-1.312279621858308,0.005389516479728365,-2.2829174039690976
5.57525974781217,5.123041794510967,3.4951039759557756,0.6453803442454714,-0.46638010439771194,-0.2736279011769537,-0.5412588546475204,-0.7178522763606439,-2.544525017007109,-4.1517135021480485,-4.3234432110093035,-3.9139339038912246,-3.224498486008897,-2.945650642568487,-5.6265399595962995,-5.244301539855595,-4.973650544061859,-4.9210960692575885,-2.31630712029568,-2.1568751567023114,-1.3107488517463022,-0.6447213721985419
3.92181383895346,4.623869645218412,3.5015210570157316,0.224679514623215,-0.3727937223203262,-0.014221147213548878,-0.6872558278531371,-0.5302504321176799,-2.385433597190487,-5.112677072590167,-5.358581076487924,-3.1283614637656534,-3.346407529123989,-4.608179414736813,-4.996005742493628,-5.128499193019449,-5.034449654274741,-4.506380836283613,-3.077473915944924,-2.875533865920697,-3.130762918181502,-2.3727076178003643
3.14070824547622,4.234972251951111,1.3550201012387986,-0.26652943307810517,-0.7129403586336638,-0.34380391200336125,-0.9786550452418504,-0.5999446992277894,-0.5734615847442742,-3.962025934355388,-4.58837953501719,-5.081033553500699,-4.924859726674195,-3.209146611546359,-4.247507626265803,-4.030495554258078,-4.797182423077663,-4.887575314921519,-3.5645611934744412,-3.354705966499942,-3.9361627191275588,-1.677351094986517
1.7556457316636696,4.68806904832178,-0.45977844365164894,-0.5035991028783444,-0.8179738395456018,-0.8694734150891215,-0.5963673280877909,-0.5425904888183146,-0.5971370514634341,-1.3336560448113512,-2.103462443151634,-4.1771981267570135,-4.465426570786132,-2.4115140408656828,-1.657534356211947,-3.8865054606557106,-4.821299268204214,-5.259069623974584,-4.140027401600855,-3.464668676956565,-2.068551976906204,-0.9641913002558927
1.9233753996286294,1.9181415526525136,-0.3313875026993972,-0.2210288128783788,-1.240055165845873,0.001147370265252811,-0.6563597508866448,-0.7395515823011867,-1.0046066410641723,-2.0634140727122734,-2.8790919824503134,-3.0220207108761037,-2.2563447406628154,-2.357271852604552,-1.848449792047322,-1.8418827927000043,-2.4295706226489244,-3.0681803956044797,-1.0964101137582019,-1.0332907244958862,-2.2961669472137736,-1.1236648732492123
1.2812890555330838,-0.033046149528729016,-0.021868707840009185,-0.28144549317967726,-0.4109765683106299,-0.6491721883341361,-0.22139486275348835,-1.1585777537954882,-0.8433942649149423,-1.818173004832582,-2.420730178207851,-2.3313159433396233,-2.115792045741492,-2.309604060311843,-2.104157481340356,-1.7492109730331973,-1.3789479825304582,-2.7733273812705925,-1.0447238547154398,-0.6757415130219031,-0.5571314284333219,-1.1523726989867735
0.4333014867093919,0.5581743356129883,-0.6159519357824023,0.352439804983429,0.15302749310265734,-0.02936149987428262,0.027736466706931518,-0.037716929541920956,-1.3978322396623744,-1.6653473403852694,-2.3938938509769354,-1.632542832373672,-2.327467867528415,-1.9660530636769342,-1.518224323209974,-1.5531670374328008,-1.447978700612388,-1.3160712344827334,-1.7428724316901758,-0.5241226792559537,-0.5997274350717967,-0.9208955107361703
0.6356344759948853,0.8214148410078363,0.25831485931800596,-0.08955146177448564,0.1784634641292392,0.39289519791553906,-0.08987022331505913,-0.1710640290225041,0.47887954651744163,-1.0775739608474346,-1.5304159693395019,-1.7631815486949067,-2.097251515711914,-1.2698989293113336,-1.806168383459643,-1.3292109004779409,-0.8400296060212639,-1.5888678191318721,-1.4377099586837763,-1.0761613172593167,-0.5630582689269042,-1.2984328602359927
