script/wind150m.json
{"header": {"parameterCategory": 2, "parameterNumber": 3, "lo1": 6.000198445256149, "la1": 58.999992894266676, "dx": 0.5, "dy": 0.25, "nx": 22, "ny": 24, "refTime": "2024-04-08T17:00:00.000Z"}, "data":
[rows 0 to 23 of 24, columns 0 to 21 of 22]
-0.008243088121802937,7.560281428440833,5.218449268931375,-1.228065913955288,-0.16116891269379596,7.07424560072854,-0.45153292650569915,2.6147884569599325,1.741354663570525,7.569153131211385,-0.5436218250012271,1.1638987348298202,3.9003704606547966,-0.9434456518519994,-1.5482823289649903,0.9779890323267537,-2.718021956963861,8.108223533695645,2.591675938933207,9.836103934870364,3.6039755618212688,-2.947468087540503
3.005152083200238,5.207201048127192,6.069240768202638,0.8290572155791327,1.9631611873488166,1.1725003464784862,-2.4407220417434226,2.701808839247813,-1.6505953918313714,-3.918065448204591,4.494839454003432,3.4130854780007382,3.448057623005121,4.123363420807086,-3.752344222055476,1.7538374466188493,0.803326074818697,5.938773541717211,-1.1705214236059285,6.820214180167604,-2.8358958821289106,-3.192064849719353
9.5230215369829,1.7061749878135286,-3.836185182816354,-1.6062972416658112,4.064912247947052,-0.8974970674140097,-2.195028997957068,5.808305642960585,5.6046355964934875,2.629557786782637,3.2556450374880894,2.623343208958839,1.1459311618956662,2.127750046308076,-2.989710885807008,2.055758413183706,5.158378933078179,3.1263883120082947,3.7141067027696177,2.864865636496496,1.9976422112403875,0.9029930280563299
-1.5158905988108802,2.6188916865558762,1.7757871239567447,5.179546500207128,4.275350197219531,-1.8775946150336291,1.8290887374055682,-3.7505210821037505,2.8681607397215947,-3.3202326269580373,-0.7117393427612165,-5.511634278069207,1.0023198464150875,1.2260691087902311,3.5242294850756792,0.8294193362014642,-0.0561821394855916,2.430103214245935,1.8752674887202707,3.4123434407217976,2.864953718502429,2.991070813532458
-0.14285577843545832,-3.0792902233901285,-1.7800560429465195,-1.015614002943939,-0.43629210386694284,3.1559582954890595,4.597361062689653,1.3240337939530153,-4.487678734909279,8.015531591018823,-1.0128011796758338,7.084790561869922,-0.8625327611181619,-2.0337994435501945,-0.03860713447571045,-4.982536059880046,1.345176315715146,6.1659228596540325,3.8252758949350594,4.160750189526862,-0.10814744868596587,2.5701846171879037
-0.20879151986019157,2.73779507853083,0.6501545200623896,0.0732547522965299,6.116191953216857,2.1978218882692757,3.8643269336423884,1.3651358402243314,1.0262193932617618,5.006411851685302,3.6306576958295014,3.3706750253310407,1.1602687463628032,-5.168013770886082,-0.5349904180689644,-4.764239782158587,-4.835228807925651,6.768886429567715,3.785657069028321,6.734083275346468,-0.13890222450337938,-2.585547584978677
1.7290004964664245,5.841220419294204,3.420668538851195,-1.4278490341683308,2.9894773207883576,-4.48326800631809,3.071795090548666,3.131145559704639,6.560370074528563,4.067843167555883,-1.8949085381578707,0.17727712511529886,5.426043079863908,4.697842522248155,6.531137352303296,6.901485933172538,1.2505739890776881,5.032724192473607,-0.38309707636134605,5.431075587407335,-3.09289511528372,4.3854123434568235
-2.4363814729236783,1.252420583073927,2.24935738595015,1.5757386679875354,-3.797096468910259,1.7423679129421854,-3.3324566429521427,8.192863511505653,6.072292041051165,1.0222261056382798,5.773644417051123,3.879452099844017,-0.7693500826108935,6.652538088747592,6.330578331050417,6.105225959086936,3.326261826860193,5.64976455144783,-0.30528564354066834,-2.0461307700647327,1.6635061824755244,3.572579740876649
1.1198091921482694,0.920042100885056,7.196484659085006,-2.109576076527789,1.5156056014438994,4.466119238324722,4.952359319249379,9.442749443190356,3.379460203781928,-1.3752992840282332,-1.0134997529426304,3.782163621812433,0.3767944963820318,2.413126861071493,-0.7317449701221487,7.610912576144462,4.794073996324993,-0.7527777865857955,6.439015693385579,4.659235067697847,2.652309461789344,2.169109109817561
-1.779018949408412,-0.7264134622360923,2.612157450455125,1.664863745455427,0.8266080914128809,0.2711340654018143,1.5264971127752076,0.32889492531535836,-2.1752444309435384,-4.707239739809544,-0.38523289941062683,3.0752943669463275,0.24368115051600361,1.5626039364851065,0.9412966944048106,0.9662371625117733,1.5591903758807149,6.085509232768649,-2.0647826491902737,0.15217101519252313,0.8454955767654128,3.4436516974961684
2.2526493910527328,0.8114959762092944,1.8148222073379903,5.5105054681471834,-2.396307358103342,1.146042990425799,0.13132663779041148,2.762149848759835,5.605387067653365,-5.044277829858835,5.073560755164975,6.656100240844076,4.130445404819157,3.9726578712620286,6.426143861230984,1.7835985070488432,-1.4420821674346385,-2.3694447449759983,2.351910115650772,7.57730727111902,4.23219014415248,4.573020794928179
-1.5953123398174982,2.7360507822064184,2.250137529217841,-2.1486405127192754,-0.4683260723979446,3.3726398469307113,2.5522111180615665,-2.65800079785681,3.3220856143985342,4.827557620316469,5.085767747407649,-1.6767603445264447,1.2631391405681691,0.8213195782143456,3.796883318220809,-0.3259540186401509,2.545688061800358,-0.9881976858773267,5.306705851717012,6.2910557746848585,5.530710340613391,-0.34514698504012215
-2.2884808152309177,-0.6498370329718416,4.805917106056802,7.19247150110591,-1.0368650280657952,9.895001875574392,5.7776102279712465,2.9477087696789037,5.420206012310956,7.854369226290869,0.44569835871238456,2.7431748153844384,4.8247979841489945,2.1718221590706857,1.3094420696367108,3.1036920477332255,4.052627914920515,6.684393257941694,4.424516671421405,5.651884401815998,-0.22036388441840596,0.2597953211196667
3.5112487907915164,6.93652092666504,3.689753363498272,1.6931228587452236,2.075459911204601,-0.24842423579153877,0.7816101835495871,3.377660489025051,0.8602587336526883,8.26254634593719,-0.29520342206898875,0.5540756686870101,-1.1630290175849876,1.9450311878588125,1.8214435330097496,-1.55948590501209,5.298705185023163,-1.418533210518746,3.816871219615815,4.432764920886852,-0.22082008283818874,-3.933156014143545
-2.274557575588889,-2.852487498937318,-0.20062237167901617,-3.820927801505893,1.679448345776754,2.938258908597244,5.731814917904615,3.644365538481314,-0.6877631009119667,-3.591132668751939,7.351808572049281,5.9491113117629,5.97565724775809,5.276193821197187,-1.9665058806202174,2.3665893777754845,0.3001328814969052,0.7871928422370715,-1.9656352402823367,5.642283958331889,6.987408607599466,-4.559581979121397
1.0868771543031415,-0.6772834756663683,-0.022945754636876804,8.425630332597207,1.4519610634616196,-1.093124876647528,-0.6396445505483546,7.006186853391139,0.4138125314432346,1.3471943937862594,-0.804441282696634,2.135468444465511,3.834719406862186,3.953234362348765,3.404710642581178,-0.1592691777419299,-1.160404868205297,1.7846982603180421,-5.891602946424327,0.6283054349482499,4.093859086149192,3.4589543459898557
-1.7302595706509833,-0.3768418243247526,0.6649550429054834,5.681456898808512,5.549022762766266,2.1879374835785117,2.95458117493408,-0.1779266271765079,-0.6186050476716803,-2.230652087470074,-3.2831496744964546,2.455995148102351,-4.7185320626061085,3.2829136094188383,0.6460198392118649,-1.340977086524974,3.9623336607598283,1.1890815874322407,-0.5334198824801797,6.318626838980405,-1.5612721162291432,-0.46846976875860674
-3.788932045847194,-2.299233192496237,6.091196449372925,3.9463722025886616,1.7580894043610646,-3.2732287261815047,2.2648183814577894,3.2192707171790973,4.021969570317643,5.148370791973419,6.318191229154807,0.45346912489963964,6.471802644161153,4.0685720030339105,0.4740732457204398,-1.5136827346293367,3.732320853707484,1.2340679637737075,-0.777408814506426,-0.5549575322288132,3.8716733826592917,6.559919834113757
1.2013080511369538,-1.9795598962148229,3.4263587083382743,0.9643544803208631,-1.927357879184791,-0.7384700044627489,6.7149470166070335,-2.3308273439339975,7.068847027790125,0.6468261623977305,4.357735618951572,-1.098162072851227,-1.8383855819794235,5.5858378314122,-0.3446824431139803,0.27231119807667603,7.3966523203669485,1.4499301419460708,4.770469289460549,0.5977950844100075,-0.740924863592243,3.3010565976441266
0.772526964043961,3.637538491050018,2.861837060470347,0.35334812399201504,6.013951063759256,5.484781226843176,2.8675044535544663,-3.646703470262638,-5.001042785132356,-4.188341784731328,-5.6209463635335695,3.1037564228750014,-2.711763111543452,1.7859062819049751,10.24808424409521,0.8972589254456546,-0.07853424519373435,4.411231431599943,-5.2767066253072805,1.5281325946693847,-1.0053219344596172,2.6005941410360274
3.0465080363440107,3.292548144976172,2.679829829877773,-3.774089656350315,0.8337690324017099,5.095723196985915,2.1658966326947353,6.535515061319854,0.2948470236956513,8.213468202637703,-1.005650231031063,-1.7118753011726147,3.6287746783690267,1.4156102062064118,0.7793927223628944,6.5294633864116465,8.956572466600422,-0.8175372068085276,0.3042835999518511,-0.13171770823077128,-0.8582252965904613,0.19312114459248206
2.121891347277149,-2.0819429185768374,0.7010955129869518,0.03550202042716396,-3.094499155560392,-1.8765041609374995,1.9860733787793767,-1.5926182283856263,3.3875770094971798,4.803531367354882,3.0222836364662693,3.172405523530304,5.350215253723211,-1.5175535397498265,8.017725067053663,4.002222597642091,6.163591762370902,7.027474511514418,-0.8016618961110251,3.164362567613729,8.939800838478002,-0.4966995827175779
1.483970185088878,-2.2091264087246243,5.043709098158491,-0.1607972822526462,6.606405814420711,2.258792171240712,9.797375369312878,7.353016756185975,-1.4884750260795896,6.74805728392658,4.174405920026376,4.585544797283306,8.006706123736928,1.278909406691325,7.289613547867878,-1.8286298305281838,-1.5236124059799525,2.3306027617688208,6.360184522975321,8.30173450271135,6.388783359707549,6.114572065106787
0.19479584305773617,2.5624916373094613,3.1286053909601272,0.9445684136659499,5.88464324297027,8.640755462991573,2.6292890130869084,7.965425130170174,2.7812417641295775,-2.8838954906098495,-2.80300511794765,-0.7278905321008106,0.9392587425497918,4.874931028303418,-0.28569597934560204,5.294436351822733,-2.3905997383804087,4.456759932750948,1.3868240395299378,1.5109514476445438,3.4363118302967184,6.4378714830069175
