script/wind100m.json
{"header": {"parameterCategory": 2, "parameterNumber": 2, "lo1": 3.000054539987559, "la1": 64.9999836372058, "dx": 0.5, "dy": 0.25, "nx": 34, "ny": 52, "refTime": "2026-01-20T11:00:00.000Z"}, "data":
[rows 0 to 23 of 52, columns 0 to 33 of 34]
-4.415444103512232,-4.167947066440868,-3.8711825017312798,-4.136790276120205,-4.7060954941076805,-4.915381271212583,-5.800778328438813,-6.7211627662264135,-8.173668795827727,-6.673721321172026,-7.3117326630339985,-7.521779537309888,-7.499117419721006,-7.923913630563416,-7.589666702598032,-6.0653356161361245,-4.350921467081279,-3.7766788913680096,-8.185359512429526,-5.492429453056224,-4.174519664759847,-2.0810253472239886,-6.292905414834195,-4.844424017361021,-3.4205041014925546,-2.965347035467503,-1.819093053232253,-1.8104641183590215,-1.6448537879302791,-1.3772127941341115,-1.1156918586310043,-1.089753148591111,-0.9872280609435031,-1.7712706956706732
-4.594178259022341,-4.228002135809793,-4.152878539275772,-4.331961164549629,-4.769235853501307,-5.464907674582825,-6.392364019786012,-6.775536096903424,-7.083521006138961,-6.739881570193433,-6.971336535696869,-7.141289954431435,-7.698614823484547,-8.74137967825324,-7.950128285839113,-7.6416147201305575,-7.548848643595591,-5.076275081467312,-13.277660599160376,-8.160559607707146,-10.290106224351161,-6.210381117466206,-2.9629792377593045,-6.463418536754988,-2.1742197389431435,-1.837458606533405,-0.9324157243415518,-2.441352713303717,-3.0993364449979754,-1.52701063176959,-0.9821208125314921,-1.524927773854576,-1.6824803069474463,-3.5701858652500364
-4.4415196152869445,-4.184690800344917,-3.857152473772342,-4.716831670501383,-4.741712178072942,-5.964639919556203,-6.624828022760276,-6.694582698022081,-7.029395068660098,-6.8997572268074165,-6.7388684816967075,-7.168223639215947,-7.29749888361209,-7.384223320716289,-5.399809639362797,-5.7282620320545306,-10.232673424409812,-9.142284498926724,-8.109865157533218,-6.959830165315111,-9.665978285699962,-5.74426174888406,-6.612794679577805,-3.9265573685437642,-2.8839177805410325,-2.96593638807034,-2.751312785233345,-2.5340571261133062,-2.7935365760779813,-2.9242903128007036,-2.397561302930956,-1.9212421678021563,-2.246432837107717,-3.764534637615417
-4.334615869796011,-4.026244281218466,-3.525387489338775,-4.246440539850285,-5.0870935411093585,-6.329030315441336,-6.746237268109855,-6.989672234891009,-6.978895882055917,-6.408210814688203,-6.04145732612734,-4.0305950598715885,-3.3312666935880095,-3.4716578661290765,-5.57916002088128,-9.320230726814454,-5.060988348451467,-6.839161863140266,-10.92884118038877,-3.640079908466671,-9.14457566188524,-6.657114059193349,-7.228751684704145,-3.6526693408342186,-3.114265005964697,-2.380801143028702,-1.5799406989454416,-2.7401464671746383,-3.3636570240912165,-3.272518242134662,-3.426981131322203,-0.8996751985787106,-2.1490725301554123,-2.220721866749417
-3.860743640822255,-3.8807740250170215,-3.3161970185385155,-4.065348323969618,-5.317716012464743,-6.315873427003639,-7.422141272280794,-8.003049748396936,-8.052668428583978,-8.127601701548612,-7.665330348659038,-7.370942377588636,-7.105028077479446,-9.02196539136496,-11.405859188032181,-12.764706356415973,-7.2614219374954585,-5.7817711648358046,-4.108051694306414,-7.4180214572730465,-5.634697338549916,-6.883899299167951,-2.966347551722714,-4.3668721256622405,-2.1448408878661116,-2.72730653767166,-2.5961829474064317,-2.4176669251749745,-3.0922395767799506,-3.1648750372547,-2.4265743809801474,-2.8761452681459843,-1.1492687584712986,-1.591126888806894
-2.8917300569198963,-3.186782417868767,-2.694388865826859,-3.571412924263519,-4.627595742462581,-5.991862397388452,-6.752424279254629,-6.844048007273217,-7.390768618991402,-8.13036472214489,-8.838489356177096,-9.09368826205199,-10.306813859931808,-6.733267810699864,-6.696876718782291,-7.124341082222555,-2.777737904160329,-7.4591102510154625,-11.337839188427317,-9.542788785555116,-5.172219869792203,-6.031529738571876,-4.343300864256038,-3.6499867594011244,-3.433888325785709,-2.864482971511214,-3.281819187626249,-4.061988115043789,-3.3641861033089016,-5.104158000914444,-2.614735675205322,-2.051252157424746,-2.443138431678346,-1.8469474974436266
-1.9336233936721015,-1.942498144268951,-2.0178811195801116,-2.0693098002671584,-3.673838463588821,-4.8731954507214885,-5.213665099351159,-4.775645967611161,-5.429602823268001,-6.118584248718317,-6.706830507980983,-6.815056399402482,-4.639492683446979,-8.17812104139412,-9.355989775736525,-5.726535821440551,-4.755319199440543,-10.724907154525022,-10.786574057316862,-4.928122069534792,-6.792151784516848,-3.8077763831495792,-3.7947161758121095,-2.7525155605830287,-4.299192103026624,-2.103869440583761,-3.603990127465711,-1.7396856908451306,-3.6254455244894834,-4.421497578184574,-4.404164615227117,-2.759754359207275,-2.7693715961575913,-2.3208902861881606
-2.2791478528370646,-1.2104190137296347,-0.3183866669307528,0.3324732801028489,-1.5593705956897714,-2.538660311395738,-3.0929671725395242,-2.1679369561869164,-1.6021375149716197,-1.6616446804637464,-0.450991094444878,1.5760303840920216,-0.8245893566481606,-5.463720355410758,-0.41083110191430494,-1.2625334399631507,-0.6932434913663367,-1.8068574773114594,-3.5837807266333597,-4.671734122085189,-6.008739538317956,-4.542961614145529,-3.2514925330076134,-3.5852954692607084,-3.2676940562666275,-2.7381741676022724,-3.569316841142555,-4.2999795591760614,-3.9189575951384974,-3.611782165848867,-5.101853237908612,-3.7213770791653,-4.331176181661268,-6.3112891535055695
-2.0716626920976973,-1.3880616917975885,0.667924327126939,1.6438294112413663,2.481525207320499,0.34130920848685836,-0.7982262385476536,-0.17986362542864398,1.78439181104049,2.1302478841563413,-0.3426621817804628,-7.571909971737861,-8.926768233491432,-7.6429711093254875,-0.8240977281198397,-4.859823707024163,-6.514198040484342,0.19802803999588645,-7.0133350767292,-5.258395605005477,-3.2198506317489826,-0.8110487298952339,-1.4688864609040846,-1.324487004812732,-3.4705228828917503,-3.950939470872883,-1.9981538422629403,-2.6795337946843434,-3.1119775235940006,-3.024600770916525,-4.801700195432906,-5.184758949357014,-5.90741415872375,-5.709256583290922
-2.228502322822906,-1.2358380466369587,-0.7194615383303864,1.0443409277756448,3.0423926970427466,3.3928621792087967,2.7026482194708663,3.5980545072531047,1.8186601450650222,-0.5795446132743867,-1.6514651058175875,1.1051122507096203,-5.675332956828117,0.5102216477707403,-7.120398347597266,-3.942437634599679,-1.7670023180243195,-3.6655903891300565,-8.406174069343146,-4.1710201174193395,-3.0369063352573784,-3.6034845042633976,-3.8167968097884493,-3.1012996902828327,-2.087104543447437,-3.7412765781571986,-2.374080472112152,-3.8787313364112284,-3.302648209608097,-4.4870728838668335,-4.424189951140449,-6.496840354474026,-6.32822965627459,-6.153199948211799
-2.5858641427995264,-1.9487702164320275,-0.5079225710683197,0.549076908832909,1.88657398610853,2.291531408872728,3.754447496768211,1.453508808068327,-0.678316937829228,2.1142178312235456,-5.685378783637801,-1.4243903638142321,0.2037083867581998,-0.4721190192930171,-1.4291005594838802,-4.037205066314398,-0.43955586893732856,-4.930027719210935,-3.643040771272134,-2.0836719855479373,-1.829806565451003,-3.2934141730838147,-3.640986838676314,-0.9372984921046952,-3.500142054508898,-2.9761444720535972,-2.3627835275476654,-4.9655677601262385,-2.184485996886492,-2.761816029929973,-5.306289442428943,-4.789144615983731,-5.559277384570116,-5.900725984529271
-2.309616602149294,-1.7127510198353482,-1.0110371733535723,0.19886055305104927,0.7688351304443257,1.036207002028726,0.11834876233796712,0.7711337771216619,2.6136081860383324,-4.583323238276051,-4.043721116343015,-4.3364354674145265,-4.81101432434868,-0.8134482441887586,-1.184933071402637,-0.658780373006327,-3.4918547822275667,-4.072982343087574,-2.720361150823498,-4.5819585810973855,-3.098354211332981,-3.130492483385588,-1.7800821404485987,-2.393239816146351,-1.4816233901719444,-2.2431849548016243,-2.8953706320937225,-3.2645247387505756,-0.7294193864742418,-3.3867274170937574,-4.267101302890385,-4.610831834867687,-5.0694216980477265,-3.537674813640047
-2.478278972113307,-1.414453156616423,-0.4031397969807265,0.29797010724519446,1.2979621677522837,1.6574590244231107,-0.25656924882947757,0.05097376572648431,-1.661068894986547,-6.225567463444493,-7.1628192203476395,-6.935992562327748,-0.8216414210550042,-0.3492248948297665,-0.11266863408717848,-1.8882806982780735,-1.3469277838336615,-0.8245052953316321,-3.88404782273266,-1.482301579223277,-1.5095582953902518,-2.2727229466468417,-3.072180254592129,-0.939560235095764,-1.5656500340783268,-2.2925180211508507,-0.9888432986213826,-2.8240861860508257,-2.264389865393293,-2.477229882375976,-2.773777831981918,-2.2924308766067307,-2.0917157571764604,-3.3306717574515368
-2.3915675242019097,-1.2593715044257423,-0.6574042282901436,0.13182987787304343,0.38820960496243095,-2.107722669129906,0.06678183926209165,0.18983175604054917,-5.028872342705723,-3.317009896211787,-3.658537286365229,-6.764978640771962,-2.0294597312269675,-0.7380984096505129,-2.6879250769774155,-1.190687376246557,-3.6669308901087283,-5.156110613871227,-7.983446730580621,-3.4686627560083685,-1.424915906538548,-5.546071842355501,-2.302716058728271,-2.2846024470024866,-1.2764497305183848,-2.6804112565174996,-1.1958589798860062,-0.823887123320933,-1.2654893714027533,-2.475258038475899,-1.6629350517256238,-1.7552672947919474,-1.9279954038336635,-2.068816174806897
-2.8887633291731896,-1.8884963111678321,-0.3195635143845544,-0.511889344392687,0.15956905350830217,2.0585577241812625,-0.30077889575233946,-2.360168747488812,-1.413770191757631,-1.1695796510560623,-2.976916957607535,-7.419199808942065,-2.055722136117017,-1.550942359693097,-2.8683941736547682,-5.293723048494868,0.32912917045711015,-2.4024640770769565,-1.633689849323648,-3.9016198589239526,-0.25405898933272725,-1.4129913052357783,-3.491073038883014,-2.3726501787290557,-0.563489572677393,-2.070329849955991,-2.3661502976829323,-1.5755766048021218,-0.22678361535458888,-2.086402792832415,-1.162062418970298,-0.780758814098872,-0.37950695993866856,-2.7492503496002376
-3.4109260436762368,-2.349182719367051,-0.5575635232192636,-0.9228356611538219,0.007928839419189553,0.6287731907646386,-1.6391841917556123,0.21092568191662883,-0.040996396342583646,-6.149180384216676,-6.556691218209877,-6.687543766435212,0.2023205366612197,-2.9748289601710316,1.5858613085787365,-4.817772086992943,-3.2177442697889647,-1.1964826330612892,-4.474574603999384,-3.3211232332957317,-3.372614543679188,-0.7154703475500914,0.8678315621854055,-1.9200397463312406,-1.7656026245505834,-1.9978170813379796,-2.156152113706721,1.1954321242965142,0.7963031984418527,-1.6490258303070346,-1.0320462037707974,0.24976165347426257,0.16960714839222898,-0.5359693064626296
-4.271387906219914,-3.1979818317313295,-1.2760997760850796,-0.3735511544021851,-0.4012109025102835,0.7283291179371943,-3.0583497418270484,-2.753880088409595,0.20711069698275314,-4.423885495460576,-6.52264515830151,-4.485888145093864,0.2750003381215777,0.42588329601175007,0.4875688974901876,-0.22895065778683715,-1.689992366682069,0.218358206100152,-3.2413220863101326,-1.6310812795699177,-5.103513597442157,-2.2821292387033476,-2.9307461765353935,-1.395499488442795,-1.9900251200329837,-1.6936220735876424,-1.693315981338857,-1.1214970557676567,-1.0234634137480443,0.11751646509315877,-0.14172823026095588,-0.20131936879580073,-0.11246647608628493,-1.1165438968129013
-5.0558470245402845,-3.749101925585609,-2.356223213634465,-1.2629061787732472,-0.5661851361491037,-0.6743008128109039,-2.94812647034641,0.47015324446262213,-4.873515923709639,-4.003660824071947,1.2884320515346468,-4.3786272321033275,-2.9283960832331957,-1.3799683269550336,-2.1390584486364674,-1.4480092921369236,-0.9764985947373134,-0.6470968288162415,-2.251324066580157,-2.4376063247123487,-5.752977155654252,-2.051945067474867,-2.508305640982072,-3.016845694150823,-1.1216579463413023,-1.4525778819563029,-1.4813831836926266,-0.7384093283802587,-0.005234602587055948,0.3922439061784605,0.6381549843606585,0.29502996508791995,-0.2131085705748326,-0.5289918749094177
-5.711060454010051,-4.38054675091658,-3.674699884831935,-2.400502439996841,-0.9463079104622045,0.15745706203332774,-0.8992378393127404,-2.4081219316731053,-7.518769016206414,-4.866783130550025,-1.794689270211956,0.38829330377330135,-1.2481746388221004,-2.7568524487755064,-0.5186472346547313,-2.5499145846090197,0.6405134263021834,-0.5176329059559592,0.7995701443247443,-1.637547182657532,-1.741114615599879,-4.680095292535319,-2.4190861092390574,-1.8131847588717462,-2.0629758354214274,-1.729899533508254,-1.6699427127765476,-1.0045753649351807,-0.15313787301489493,-0.08994069152297521,-0.40025737622919394,0.01488380222087854,0.06266927202665881,-0.5839272889265107
-6.7501341963377195,-5.182512300548015,-3.982761390476648,-2.446637983902059,-0.844658495172547,-0.1423508138328313,0.27484497884989306,-1.0978813249225754,-5.655736328748378,-5.040074222147292,-3.6929954575279003,-1.2873989589936004,1.7919365474839013,-0.2512885333632037,-1.3924666874326965,-1.613440593623825,-0.6948627980461007,-0.28040368350634765,-0.08450045394554526,-1.067906428649418,-0.8804217793511133,-2.985221265243367,-4.541344587897243,-1.530698800615108,-1.4402454880128472,-1.6618289910213635,-0.6992665996235535,-1.3685083237735616,-0.6446197643806517,-0.4136373643592227,-0.39321810502816146,-0.4045297032039718,-0.618446803799746,-0.4430687433778467
-7.465183755700914,-6.405627033778984,-4.289138465684658,-2.846763673757788,-0.5448927521734166,-0.22353164315489568,-1.1489996517303984,0.06555954422574918,-1.2154403731684609,-1.130880123539024,-2.3069214043430226,-0.90328124093791,-2.1458978238382493,-0.24383063606642846,-1.3996156655841923,-1.6726271126450545,-1.1342691406258052,-0.3162503267335313,-1.2094680143564225,-1.8411938910477286,-1.7639220185865516,-2.279866102726948,-4.1534154560249,-2.7774854548133407,-2.8978642797558765,-2.169653657486718,-2.0153758914533326,-1.578858849493795,-1.2602060443381788,-0.7761295866420816,-0.9833195090292766,-0.9017875186065333,-0.7449425410135293,-0.27948121898003864
-7.608956021296673,-7.421477668297223,-5.516335595979333,-3.677711342909654,-0.990824192865459,1.3167700311934252,2.0225752795560816,-6.838711454718124,-5.4787554262691245,1.861531139817106,-0.1875688374394211,-0.5946651344142411,0.49358852497334643,0.7156530090129756,-0.900681628518169,-0.15452788026387967,-1.868012520338182,-1.3084381162753633,-1.7255853812517683,-0.8741810499778665,-1.6607630315003843,-0.7492905898522053,-3.729637781558503,-2.173958131165596,-2.2243857670274045,-2.822929244843662,-2.1943419044526298,-1.8475340899964638,-2.4958658296873573,-1.9572859985348425,-1.4694805701204503,-1.2004401229036425,-0.8270263350927167,0.43942142755494795
-8.239572567733253,-8.122874225179054,-7.158799155737464,-4.594230736595688,-1.8466989220122842,0.7806286775586155,-4.27374970097322,-3.9231631718103745,-4.649892915281445,-0.7134969053193926,0.20164735165011036,-1.2748967004495644,0.30729037117022817,-2.6708893617571063,-1.1274754783223582,-2.0297399986261437,-2.367391010703461,-2.46103582118981,-1.8315411210418462,-1.8508840836760228,-1.5429581596146411,-1.1040839197672523,-2.5656853489933,-3.0907653159802413,-2.9881411135628433,-2.35958104703812,-2.406325203743003,-1.920094771774255,-1.7402656214319145,-2.2218751814868507,-1.585613691006688,-1.4139200045125135,-0.561808701422497,-0.9272499571911081
-8.157835162238085,-8.940899420112432,-8.80427465368731,-7.008947978409409,-3.7346847475110905,0.20453769597257382,-0.35352768477982366,-5.177889274918935,-5.03306850454154,1.32641396008056,-0.36901247002698484,-0.4134843529241339,-0.46986696432109487,-0.2089148142049122,-2.636578784925282,-2.65031909408686,-1.5726242210912265,-2.278506857391574,-1.4377142871431685,-1.2268296778063916,-0.63833497401048,-1.4047092508688108,-2.0196888083022033,-2.732049806527179,-3.122426661769521,-2.6675370714559756,-1.950803643569369,-1.065827552198608,-0.9669757121171508,-1.320545956817964,-1.8924652547251402,-1.5340653112982987,-1.0545504076466365,-0.636047324285642
