script/wind100m.json
{"header": {"parameterCategory": 2, "parameterNumber": 3, "lo1": 6.000198445256149, "la1": 58.999992894266676, "dx": 0.5, "dy": 0.25, "nx": 22, "ny": 24, "refTime": "2024-05-06T05:00:00.000Z"}, "data":
[rows 0 to 23 of 24, columns 0 to 21 of 22]
-4.599822419062409,-1.33936317047328,-2.6909915775968574,0.31323404864978194,-1.2908435575680437,-5.314616232052784,-4.548517039806071,-4.263314074707787,-1.1442890649948367,0.431371759622939,-1.095695851060975,4.637939351072877,-3.257066227541318,1.059632615599598,-4.154695033697334,0.40299452823582815,0.40911131174154064,-0.7494871135777144,0.25931979154628587,1.951672686288452,0.04109970723310943,-1.8901047690447619
-2.667919629482642,1.7542030794874341,-1.3409876268314693,-1.962933641270988,-2.89598451561401,1.171234389652398,-2.1875253471713787,-3.430442349411962,-4.079164199413204,-6.61934148042552,-3.095724201656908,-2.291976955271546,-9.686885837846619,-2.0555513419109355,-7.33636540521236,-3.486857368035813,-1.5885556948405504,2.2719914657753826,-5.89209225065688,-3.6642097023629714,-6.590663732976364,-5.00027617675554
-4.445885438625646,-0.4026283557234703,-0.9199448674363925,-0.027160168541628116,-0.4186488116449739,1.2122503878142656,2.8158264657592653,-4.067757015707003,2.8855427204795085,-0.951741796711732,0.06155860299266621,-8.162769364301154,3.7173596799781037,0.8263177025480326,-6.055499732839707,-0.4119969502983763,-1.0127773453772184,-1.0192623014604656,-3.8580489709711285,-2.2694306699257294,-4.291397381315708,4.9295144057968905
-8.914759854460778,-7.739253623811474,-2.597045868818017,2.703017980006425,-3.331709451507339,-4.397660860521021,-2.262175859501131,-6.078981519824613,0.08539926470779706,-7.22213478326821,-6.881148929616947,-0.29642901018924334,1.4462785392219841,-4.106900091590033,-1.0295843262431836,-1.0815071212572014,-0.6372994964126157,-3.7125218311503647,-3.8595969088704662,2.52190268452198,3.2261410245538933,-2.3831347650645034
-2.6154675346743144,-3.9475529202186124,0.810282312483607,-5.448831193464482,-3.61959433973895,-2.285660549286173,-0.7842162229700704,3.0315796311537277,-2.415451899818634,5.228262741792315,-2.174158135111894,-1.4369353149642816,-4.094975199988257,-2.9833011542146655,0.9019344910417745,-2.344049720663656,-2.785681507682889,-1.0377907378191793,-1.1342733988917095,-2.767268821210032,-3.2909124674287944,-2.362044346650096
-2.056692711437327,-2.1797995347062886,-1.628462549736159,-5.3399984014847055,-1.9202217867630096,-4.263473020879804,3.980154561648517,-8.541890941676877,-1.9155428667314902,0.6656347079292837,2.5792252567494125,-1.345972853023716,1.7825286336486734,-3.5167978917810614,7.604809543414341,-3.280419057107228,-8.558947771940485,-0.7999047851711639,0.2969198052607022,-1.7750290668068986,-1.169776800389508,-0.2941025323930976
-3.9906349074243246,-3.783394257956412,-1.795545172945588,-4.063653296093389,-2.0624732271668056,-6.365390329917217,-1.9790514097223133,-3.6255777744266005,-1.4447916226081796,2.2086250111063563,-3.2783958096273653,0.33651803131465086,3.117515579340223,-1.9439030386966978,-2.768451595412598,-3.2651428258561155,-5.162328822904913,-2.0266509476531382,-3.0226786531726773,6.6037457686039245,-4.545380921242645,-2.2483917860121334
-6.880531858845205,-2.6929253973859457,-3.397969356558369,-1.2559894767327298,1.8085734885054185,-2.3669177124592924,1.8314813169876534,2.555470487524834,1.2629496178487503,1.120366339284881,-0.4476817538926781,-2.3898950480015873,2.0115519964873942,-4.181360623680327,5.8526942817118455,0.4854844545000073,-0.35120544931062475,-0.22241077352408029,-0.23617545514449167,-3.9320039301261813,-1.3447688089453598,2.6965210082063926
-8.705724947449651,-5.4200251350833275,-3.0440043465882365,-3.45742514675279,-4.243858008350645,-2.741039330076933,3.615268351231391,-5.72986000723118,-2.9638008682026618,-3.9644899449959206,-4.5734981661084095,-1.5409967565462745,-1.377756038271802,-3.2851637578071076,-0.2902086225069407,-0.7541701289657162,3.078986397019373,0.10589282502640808,7.35862838661057,-2.939685965753249,-3.660571318283203,-1.0512441911506836
-4.195837597932448,0.4772919859230683,0.7784928162501913,-1.117734948449436,-8.193871091011042,2.3390004613352153,-1.8819512093462987,-2.2759283301314426,-8.225412664274778,-2.600569699104103,-1.4074998906297438,-8.413639930109625,-1.9178524956736127,-2.669958998341582,-3.11449897393421,-1.998794878862996,0.6174168733733474,-3.4826879587264754,-3.5763097197629916,-1.5972395681515934,2.9457673235941972,-2.6078194169371285
0.4855311513060714,-4.396269189269967,-4.868758376937527,-4.039262736520981,-1.5002535745098013,-8.737634935575556,0.7284688183574902,-10.048408879064883,-1.4052192342656784,-6.718564269781589,0.3937025621931868,2.479107616423156,-1.439423275633409,-2.4078066459333733,-2.4326264470697394,-0.48482891824187324,-3.464914276964431,-0.694244122449533,1.9197487682603112,2.4475632292195644,-1.6073859018486563,0.5055273436799874
-4.270809536663568,-5.806404364842618,-2.5818941525113295,-2.5098138105131844,0.7322039457540653,-0.35404386174063907,-3.881354691210054,-2.418795819256654,-7.05302637919089,-1.678387072527718,-5.6866486535583185,-0.47329346401765077,-1.5236057835934427,-0.9902516853835627,-1.3621516404255323,0.23473014238567608,-2.1084667268555184,-1.715692628757844,-0.7325298620799093,1.730557964900674,-3.722192014061965,0.6616439371191637
-7.424265986720176,-0.8165388299155906,-3.596237003653508,3.281968164758479,-2.516218769518287,-2.967641432519201,-2.749486643720274,2.2766570898715415,-3.73407502971013,-3.6934610901416804,-0.32692803742549437,-8.294509531964055,-2.2795197049272002,-2.1471815765002145,1.6058424207284716,-2.2062699008644837,-0.6369832425230008,3.639013273525517,-6.226192769635295,-0.7550670009796182,-0.8583087997356745,6.13093998635985
-1.8969954984733959,-2.9400364659308926,-2.399857131287178,-3.966489855353448,3.5968316099479596,-2.197189268602268,-2.1068225899495934,-2.597285090215043,-2.5908488430862233,4.075986710904654,-0.15710545298343234,-3.8423968530124264,-5.366614084374077,-1.0057441679203416,-0.8200339390040055,-2.510956832243511,-0.8700157604651582,3.5644597914603042,-2.981010387595493,3.6445538188862474,-0.7102660872032236,-1.1093481845087805
-5.004867279479527,1.3301027504786096,-0.7173393302166956,2.7426344127220266,-4.390216240546026,-7.589055025015764,3.2873680386629998,-0.6785077841412495,1.2112044524466734,0.5210365039964009,-5.008183935707782,-1.8597399359948976,-2.7961239409484246,-1.0872403596367735,0.6987798879572893,-2.750270969327656,0.10882493223646927,-2.7772029813007078,-2.3612017469952513,-5.05036715013729,-4.229112364820906,-3.5561262817672534
-1.9926972623612227,-3.5552801206025784,-2.344409990709157,0.9616830446548705,0.41232963859539074,-2.9738728219995334,0.07353401996896312,-2.4678362349392464,-1.5461376542994716,-3.9736518095381785,-1.4465832097717843,-0.8473625216599086,2.8941593474510974,-0.6492081730099107,-0.7893002222772814,-1.2853449138994602,-1.372899945674806,1.5498546342123432,-3.550602538891779,1.5125012896509433,-1.7373859940371261,-0.7246234055518864
-6.00428308551163,-3.704377626268697,1.6838540286472228,-2.6174279486308993,-1.0975308902932082,-2.3761569111847063,-1.9069334048751936,-2.688678735637993,-0.976705811035398,-1.802697107740597,-2.405145052960812,-8.893317558025673,0.40596677952868887,0.5374057949077851,-3.167683794851559,-0.14671165514723028,0.5304859770766385,-4.559377882104551,-4.039463428120982,2.5297997920343662,-3.147583286105379,-3.162685792705106
-3.780289699293498,-2.207565336774991,-0.2943806425542023,0.8077671772857166,-1.1677296056921997,-8.2974332350414,-3.0264780281935573,-3.4329330805807805,-3.216728067182997,-0.4570997244969624,-0.7971956699342595,-0.6708961816709905,-0.4730995812425265,-3.305836547622023,-1.8445694008913538,-1.0462030419443302,3.4703267180870605,0.7307790530958779,-0.22969603416465031,-8.843019637725845,-2.0616165344028436,6.807380934214077
-3.1879020155008697,-2.103855597258702,-1.1652878851913528,-2.511466330832283,-5.379691377651745,-3.60199578888757,-1.7361110139871445,-2.401647838352599,0.35117434624496785,-0.45231645166816536,-1.605775515237923,-3.2629148136008754,-0.8922945047619869,-2.084109761186208,-1.7161985288177615,-0.3773604629529753,-2.304485141669146,-1.4718384365021404,-3.654905910716408,-0.2969849232434559,-2.203615177527509,-0.18197777611176047
-8.312059630139851,-4.349007690699833,-8.850034289182403,-2.994765396114934,3.0636861315587325,1.4604819779795333,-2.4153679155830887,3.1194386690827423,-8.426754855792344,-5.395633736570242,-6.454828068047028,2.999005380687631,-2.3855871597763447,-4.442894757052692,2.903124309149932,0.03121172472355485,-0.5536182442610731,4.597345245231762,-3.045358194916196,2.4012018259848005,-6.515175474801065,-0.041474844696611154
-6.842595186507058,-2.9426558119039226,-8.593581271798989,1.804045868638567,0.8248854479691291,6.0072944912690085,3.0126190948444442,-1.2893334966544505,-0.19187575347564506,2.735262900897911,0.5350371419090735,2.346491011010151,-0.3667021328992771,0.8934632113048038,-3.7501003991783524,-2.1650016650178774,-4.081727315931072,-3.6929742495925932,-3.8532124963008556,-0.7072994560055609,0.6290718709010913,-2.6174890538890967
-3.4689467751788854,-2.3263893048872877,-8.592958671876488,2.2675855237355167,-2.0900136281126147,-3.7784498900430727,-1.821877324927475,-3.001722031933176,-6.5531972384850325,-4.834886987943054,-3.8844572070885732,4.919556232258706,0.34192282772712074,-1.3677055797997302,-1.5498093670437614,-2.5489733318889747,-5.163745897200549,-7.378957125871261,-0.7021092921910409,0.6028497195003099,2.4603027721064232,1.5508775777927029
-8.732024191198866,0.5699103774624605,-2.1881591817270523,-2.310026831833928,2.764654425090972,-0.294850421603836,0.17567562451312446,-1.2699112603359044,-2.407048134737141,3.4401982292671462,0.658539960338228,1.4702589353310294,8.432722712355893,-1.2196518612618954,-1.9718210816745991,1.497126028069569,-1.014559746073689,-1.7385104368569804,-3.601209110435042,-0.1778513096226455,-2.7282494356121987,-1.8792767274657052
-4.196409032061525,-1.7118344165042474,-5.604094283619059,-2.8375417149043294,-4.849377238707864,-3.6978355754544476,-5.081419222442146,3.718074886802907,-3.259726631327026,-3.202635075589226,-3.599840924473018,-1.4429136243483294,1.4717472769503386,-1.5177854422953416,-3.1098473982265165,4.32934779749653,-3.0780840036520076,7.702470163895378,-3.2746963685789705,-7.53118339497308,-2.9511768495017336,-0.7937453623439092
