script/wind10m.json
{"header": {"parameterCategory": 2, "parameterNumber": 2, "lo1": 3.000054539987559, "la1": 64.9999836372058, "dx": 0.5, "dy": 0.25, "nx": 34, "ny": 52, "refTime": "2025-09-16T05:00:00.000Z"}, "data":
[rows 0 to 24 of 52, columns 0 to 33 of 34]
-6.893815217962059,-6.727629922435781,-6.385281152655097,-5.966090391545828,-5.329578141005379,-5.488796270809412,-5.665132793299381,-4.837325424751547,-4.550472919895425,-4.268188025432296,-4.5063468203016805,-4.589682947338109,-3.954470157114817,-3.138199128442625,-1.8027445603949164,-2.463423399961003,-1.4602612230571028,-1.7804754810764907,-1.9729081200646492,-3.088628012930072,-2.373330088978002,0.6877981540745265,-2.6924251889624773,-2.1646753746380467,-1.3050996491726974,-0.7534498613274834,-0.5091317115126338,-0.26172552388451503,-0.016478677838677843,-1.325779578737142,-1.1783226973517043,-1.417860147356707,-0.8604523571084012,-0.594300993988563
-7.025556818389208,-6.594713774618781,-6.3579553385029275,-5.366595570301535,-5.161335495477035,-5.488240880604415,-5.186235717327258,-5.645781121726806,-5.359287115734919,-5.033738683900126,-5.101590206684518,-4.070785731142672,-2.7354374603541207,-3.031264011073976,-2.8808461829473644,-2.8175199032553535,-3.048551482084721,-2.0079506501645303,-4.547918684157443,-2.9298743927291446,-3.3525716550972295,-1.5525762060495423,0.0015041135522758124,-2.563961188153856,-1.099782085269816,-1.1259594028924989,-0.88736858683828,-1.106750319387263,-1.1296728333459949,-0.6625423262608076,-0.6537773228988105,-1.2962968846137124,-1.1951749028826686,-0.8188901520399918
-6.987164358630454,-6.836484358244775,-6.306282116912885,-5.687554563324081,-5.106833364910722,-4.661440499588106,-5.258619203204755,-5.133751628109304,-4.907362627706858,-5.378273896240178,-4.229859357269106,-4.065489142397143,-3.4847135655405035,-3.762343034249785,-3.448166770753358,-3.7592521773424816,-2.7908868245703613,-2.392068220610847,-2.047539518571147,-3.235792592381434,-2.9341215170377453,-0.6316894278019721,-3.1448134294629355,-1.12540039639108,-1.1625715986849678,-0.9393146840059103,-1.2079411344700686,-0.8345805872977151,-1.2259617689201536,-1.0161738578488313,-0.7399272400774274,-0.6972789550521388,-0.9186979034458389,-1.5736711344259315
-6.080478939976224,-6.244737653663583,-5.70860504946883,-4.737150208738022,-4.7432126220477855,-4.723451740552808,-4.556193886432747,-4.688389910135417,-5.126138052062167,-4.240180281692058,-4.5011390939318705,-4.680413273028981,-4.543862398357914,-3.739452414254775,-3.971608043293089,-2.623321174408435,-1.4301175625060398,-2.3754184936764093,-4.7160365109982045,-0.32013588630185874,-5.3540783779743375,-2.7147784741294365,-3.29828919077557,-1.061922453236379,-1.0299372435719532,-1.3920104086308553,-0.6296467459824091,-0.978450892016824,-1.5771830942404934,-1.2224460479062014,-1.0721014581789112,-0.8978881875600814,-1.2801781834798043,-2.052354419888731
-4.6729258179256785,-4.664156955516761,-4.620103693681071,-4.338985774568371,-4.475756943757483,-4.63479937593192,-4.803204610159778,-4.484766013815492,-4.100008252146707,-5.2507869522639865,-5.033134858933636,-5.053176638078721,-4.855538799773449,-5.523392910686206,-4.2592916650517525,-4.246567880274868,-1.509223706345061,-2.2320232290600717,-2.4402365527427743,-3.771789012079314,-3.2604716652747334,-4.037588778023157,-0.6544815261592191,-2.129225050863523,-0.5570929597881713,-1.5233295775250135,-1.6458946546414954,-1.5052373340994047,-0.9914023930043719,-1.0324783624126934,-1.125005734009231,-1.7670735128942232,-0.370911289368815,-2.242928110548627
-3.5516736194173686,-3.6573784994353815,-3.504254963502086,-3.388848117691047,-3.5033403011639193,-4.524575794707574,-3.4623295332964643,-3.1261704267405928,-4.428512921403604,-4.203910914233152,-2.651474063932478,-2.5737476416524,-5.3326797297219795,-5.062939407215151,-2.0292361958621665,-1.5496123455545359,-0.009549163261556146,-2.365383902125546,-3.8153510481748234,-5.151480439277277,-1.320930633171713,-3.399289487587244,-1.5542133034495766,-1.323711454486379,-0.7698400309910054,-1.3671252875031161,-1.4642264062217767,-1.3265057626879644,-0.7738255417364837,-0.9655379766623341,-1.2454292741264006,-1.278039434633634,-0.9350228250592638,-1.4482356930324412
-3.240718112469975,-2.6692203747552887,-2.4539433113636413,-2.174552929490871,-2.8249055782206254,-2.814825742936814,-2.1975689083478964,-3.207170745433413,-1.5032504249110383,-0.2052403726098322,0.19029531876971645,-0.1841844509075283,-1.6664136826281541,-2.183526372721086,-3.982823780629084,-3.9198237803447404,-0.7195039980798061,-3.1718758683517776,-4.072045935357497,-1.6419914958800144,-2.162637081339267,-0.8083520071580274,-2.424919414991739,-2.366443027755099,-2.3344368378975275,-1.090580150381837,-1.275887036905431,-0.6088262853588056,-1.1474374622205454,-0.4632690244956757,-0.8238073242511035,-3.058269651069359,-2.060155664906952,-4.398782434545555
-0.5816266312428278,-2.7452346599857735,-2.4069068760938275,-2.568928238200529,-2.2490139482117057,-2.6535703223998697,-2.472879820700431,-2.3963177403828473,0.6268849670591097,0.9534534663082108,-0.7795962183302105,-0.7118877141903242,0.7308265831941714,-0.18615710389350174,-0.20696128851649737,-0.897556200670576,0.2846483401582729,-0.9992121405295075,-1.4255227211978203,-2.2854125216088885,-1.7032253104552864,-1.758512754178736,-0.6635967334688175,-2.1269184252825983,-1.6460622558283633,-1.677174773668144,-1.5815663117368988,-1.2114492752556842,-0.500428682670135,0.40703125448371436,-1.4570463102942341,-1.3139455982234012,0.47841533200941677,-0.4022769055257348
-0.8202176065009362,-2.536771766882782,-2.5362009549382822,-2.966794986901958,-3.0268414185356787,-2.9102313851921786,-1.677650995782072,1.2951549058067717,0.5231948391540989,0.6377586559269536,-1.3449272690925735,-0.3853589975721859,-0.492798622628639,-1.6238356821766868,-1.2896262880079616,-2.1316278338501684,-2.774831366329783,-1.4723600424414496,-2.577933037581784,-2.656895306722834,-0.9582746209678825,-0.7921409088479886,0.19746941423657058,-1.4044148126471445,-1.5983848956993572,-1.6097440406965948,-0.8110210872302251,-1.270835445729825,-0.5443820971225052,-0.7679112275360974,-1.213719609945802,0.4862412449613244,1.2519232836253,0.45702500886302716
-1.5245116372209344,-2.328709875402005,-3.3292472323557343,-3.9772371852123953,-3.2646397233976523,-1.929576527867281,1.0664870339589094,1.379627347737293,-1.4648110114896964,-0.6353699405156853,0.13433549442491424,0.3052813565527411,-2.104930244776096,2.0581147829596014,-1.3277167337832032,-0.8164987422609636,-0.9162416978478488,-2.7615193079520886,-3.4727593347570878,-1.656406327943271,-0.31535110410314116,-0.7868376278699445,-1.2234442443720726,-0.9137774657321235,-1.429462807269316,-1.1455723242116793,-1.193154977388966,-1.474491539928623,-0.9994231317963348,-0.7359971895078741,0.6762478935868582,0.46917660940418576,2.053901971716155,2.4894207205521597
-0.8465004986000974,-2.7664542437298327,-2.6400857046320416,-2.7223875098965915,-0.7189330585626059,2.5110117877852365,-1.2434536971678376,-0.4894790407466906,1.5404374299149228,0.6455784085000016,0.07304491422076506,-0.739583196299273,0.814360960263577,5.5784373538221965,0.8847027587067748,-2.330774852816711,0.013093247497157137,-1.191094227562233,-3.02149320956373,-1.029223861816939,-0.7678615781066896,-0.8595642823666155,-0.6624347279359689,-1.3220534823929047,-1.1634749907165711,-0.571714263731092,-1.4362170144581468,-1.125727038193681,-0.7852028483897948,-1.7223398902778908,0.6186313934347829,1.4424016653795497,1.3241923252520513,2.642993274032076
-2.295094498184258,-2.2158851392782277,-1.6828031985818441,2.8803022129481586,3.3498068647498953,-1.023748604011262,-0.9999892287691368,-1.6013214622279814,-0.26460390300343894,-1.9039211370014104,0.0027810584453943897,-2.528080295282834,-1.9063471576548823,0.057797897043015724,-0.12970737667418655,-0.8360854615560726,-1.588750905793644,-1.4206657044275388,-2.5167955135945985,-1.0436106779609908,-0.5030014364368024,-1.1718873169145332,-0.6917677686114744,-0.5964651921102131,-0.8594444064314818,-0.9995719220917983,-0.1795418229249989,-0.5051497948879811,-0.20643046387888517,0.12566293850080718,1.7736472553811622,2.979858443242554,0.976677645448509,0.9509942033075451
1.46773985141949,-3.556430749647403,-0.6334654406464456,1.2210313805888762,0.7436920597939766,-0.2427870855985704,1.3154260486025846,1.0121386643603347,-0.8940685526321824,-0.2928557110263152,-2.4714430308452777,-1.8817171165526365,-0.15044844396232146,-1.0022587065142845,0.10463469760059468,-0.530503822865215,-1.1408148724772236,-1.759140930440987,-2.1487289983264426,-1.222145517971764,-0.8059626662791494,-0.6298676972736693,-0.5927084978803503,-1.1942387371852654,-0.57297149158324,-1.1046756880455564,-1.2011377708607849,-0.004687397618146818,-0.6922798345486194,0.5823877881570252,3.032859715050585,2.0078885880368507,1.032945747199197,2.1908916527120756
-0.0554368363887249,-3.46281873359552,-1.8996340822645732,-0.4021828482373597,-1.504680086811397,-0.8848510230977675,-0.18291561448716404,-0.7155225816581987,-0.4847244942895726,-1.2913702545913348,-1.2979810576867208,0.5434567403150493,0.35020109898101365,0.49605871659297746,-0.399911982713424,0.27544363184352594,-0.6177370894095017,-1.8295500690735245,-1.0124900171987559,-1.1238313041511823,-1.3995216681598683,-1.2741458898398925,-0.6897487198802346,-0.029360370973561242,-0.5135675471093566,0.29704152466115613,-0.9327470283181777,0.03458918614414228,-0.2805669293113676,0.367054236944895,1.8792401903538791,2.7888208336276796,0.4740899150581909,2.0345730951972008
6.370726488981173,2.207660434116119,1.8722537011814762,-0.4513720082704372,-1.0199109273047633,-0.9341930760524555,-1.192889136903882,-0.3376825262059889,-0.8108849302285522,-0.7063487810002389,-0.07049722001088912,-0.25858372311434846,-0.9277563281974356,-0.4405775709093817,0.5048291303632689,-1.4390093864379092,-0.21619566638953414,-1.2785745235369292,-1.0189595192731555,-1.189445533830103,-1.2696282376858268,-1.7746723017131003,-0.8362428734677576,-0.9243113736089446,-0.519791299629155,-1.0099401076342072,-0.8361547668882187,-0.25105033454594816,-0.25487051040858305,-0.07974792192068307,1.4750814154276302,2.1970085091209346,1.3289445218913811,3.356052057226794
5.191333032170527,4.666008159656206,3.433822715047284,-0.34670241976953214,-1.1746140140783903,-1.1859328713131458,-0.7403093535432987,1.3960857921050511,0.16888375987578277,-0.9677398208591635,-0.5469711043701507,-0.8994691158525407,-1.7277546648724695,-0.39596294646603547,1.2115210457752548,-1.5400858626508909,-1.7094427668049805,-2.1050258670534636,-0.9738124429924102,-1.6963859101480856,-0.9800736383828558,-1.4376145536728968,-1.273812854346328,-0.43584496440592185,-0.37960643163968477,-0.47978844063630405,-0.0632674379067187,-0.7310592309168849,-0.5285122297182128,-0.53347023152342,0.8376904574799399,2.296908729850207,2.1975521960373587,2.6240941033901395
3.3293319691884866,4.250815937514331,4.597696584200859,-0.48135200017680174,-1.3069877603540707,-1.104061979387801,-0.27081923641768446,0.09524315845224628,0.33077203546515693,-0.42198811465400893,-0.4175950182163247,0.3310951118583328,0.47141993194295156,0.4204088723396569,0.08075440511495081,-0.6135374392799223,-1.114535848573872,-0.6476031842838298,-0.7673269193053482,-1.1314098188648491,-1.0705506025870675,-1.5559019748166398,-1.1004317330884548,-1.071573586637531,-1.0457499508898982,-0.7091950479271081,0.6918200825273528,-0.5211045579114932,-0.8983785828906994,-1.6503133399808576,-0.3631274764745339,1.5664499346608238,2.6148643178881112,2.5694108909846656
2.7831615427078424,3.38922254965251,3.8265936188411813,4.37307986091568,0.6872661549241205,1.0669192948951294,0.06325837024658457,-0.5111728798884194,-0.28603177729317486,-0.209535783829064,0.984542218947676,-0.9686739543125519,-0.15387757489399773,-0.26562495751324944,0.21175931993298497,-1.2522224730256983,-3.6520209758265487,-1.0014008582577605,-0.9550584988192593,-1.02250393790032,-0.5692313971122167,-1.4136611570443527,-0.8602822252246732,-0.4432815466833633,-1.3307594854257583,-0.9258637921868021,-0.43285506740817475,-0.746774845595054,-0.44054871633123516,-0.8022827528185044,-0.024706583128699968,-0.08290648648679551,1.2814519312717836,2.8089011063397487
4.237988321904995,2.7565290071341733,2.8336260390416275,4.527228700885478,-1.1575386928356401,-0.6863307878784295,1.9906353761183515,0.2007889224269908,-0.10317586744776472,0.1393429623470576,-0.7914413052882716,0.2970814448194757,0.43996490752787426,-0.16353261060210803,0.7612343221213314,-0.7053340587452552,-1.1861643118776817,-1.4222093815658519,-1.8892135691249938,-1.369196451302219,-0.5146059360726575,-0.3701546704120596,-1.0652496929383612,-1.3609784290907025,-0.5722795671298035,-0.9261786599299497,-0.019229858383291797,-0.1669817734958565,-0.141012642166693,0.08118934380250417,0.7307322992345752,1.008261477879336,1.5520925751751486,2.2666547070721124
6.553613770684061,6.580026493220574,5.578568228788187,4.4127589562710865,0.09936259418479003,0.08091815904500184,0.33555315615910997,2.7065385519647998,1.206805618479793,-0.8224231836796023,0.10191447102621704,1.4074849869085828,-0.18840225547166461,-0.5993503723110603,-0.9135918581858509,-1.4388029404025995,-1.4993628736633846,-1.9293236757656902,-1.1505100870297977,-1.1881135451665112,-0.3224562333925755,-0.9183703322603533,-0.48171149818290016,-0.7786456842270636,-0.6727433606133313,-0.6064894694620244,-0.5346186627129067,-0.2313003574467005,-0.12198210175907002,-0.3724064792385031,-0.1760897014006698,0.0073196117758318946,1.120922093464182,0.6663920045696528
5.93377967881594,6.373006952875891,7.521661417993291,7.05491898920696,2.4212703545900154,0.08489099877553466,-0.16997810332252636,1.2915751878621127,0.5997938585418918,0.2983553069406847,0.1697717983824609,0.9153356706498478,0.8580763241389372,-0.1609752161060668,-0.34592959789173056,-1.1818666864905438,-1.2110227251737895,-1.1163031582216436,-1.6828797729098903,-1.2177212111304698,-0.5926892476074799,-0.6092941860805533,-1.0690179190259659,-0.1543925264382963,-0.4518398613740619,-0.326207553368145,-0.038775809782290505,-0.015452176561235466,-0.25602411345549786,-0.7836124379690679,-0.40645741075486075,-0.03786575076851273,-0.043290601143710146,1.1021254640514822
6.703549545549861,7.251283680603484,7.567766547793834,6.256706072370061,5.752102125134711,0.9641423037558731,0.42126508351859987,-0.2015116200166821,0.3076315197180032,0.3778030732428328,0.8368163874749317,1.3093464778350319,-0.07929684248657927,1.008739276563209,0.33895008355371004,-1.2670050661242178,-1.0525443939746304,-1.075395191619346,-0.7603456869973108,-1.2553343071426308,-0.13012501568035664,-0.7616069022522503,-0.5502897635446382,0.026413497707940676,-0.5654817144929168,-0.3957504072941298,-0.2093471759215467,-0.3628862697398451,-0.578179762558818,-0.33653712134730923,-0.6398978193127466,-0.3721704126447924,0.3105904767405514,0.7771755537963615
6.1017356312966315,7.590563769272746,7.630258287143333,5.233846453657883,6.819175008340233,1.4007729774699778,-0.3127855197388313,0.4248063840313602,1.3252318448654532,0.819935036150244,-0.36107322126058544,-0.11104503848235987,1.974655668640547,0.7372282288556721,0.5570876783272986,-0.6259289135934031,-1.1619528194372275,-1.2297389456458918,-0.7518392700346184,-1.1030968014894156,-0.6162253284335901,-0.060245026052432545,-0.7622384972158683,-0.296461143069504,-0.622086480223455,-0.7173344185520658,-0.3978549589890917,-0.19968242090930385,-0.012255893241485747,0.49354207835977354,-0.025233669183293932,0.4521146904558142,0.8934170274513891,2.9182222929780837
6.499209545541318,7.7177114099302875,6.573308172550054,5.629444719838211,6.056530652691015,1.446256378289608,0.6932824176444028,1.1795769215941627,1.7947693813743677,-0.10903534856472523,0.3267249359615463,-0.7195074237504337,1.3652276957497105,1.3306832423214976,0.46544096346038166,1.8821033284769744,1.8540383954203306,-1.304413290538272,-1.8662409114489513,-1.137016544730709,-0.48692560970375043,0.34010296732733225,-1.74194604173807,-0.37907528798720685,-0.6940006389728063,-0.544668111809766,0.06105712196159545,-0.17989061763491748,0.12114640077824396,0.1290930946013026,0.2811513857498027,0.5997544128055573,2.978448622996047,4.411013561652156
8.12785155693873,8.224888489413386,6.187239132951242,6.564140564940874,7.898303055498965,8.200596978883958,1.1745097341692272,1.718295919454055,1.9221799423804837,0.41548853338551595,0.3425818902661082,0.03625087773175347,0.630989921701486,1.5887014465424623,1.220204491640412,4.916227531879365,1.9988513885361183,-0.21307565116587285,-1.0180639583543523,-0.740753476548859,-0.6710282693561996,-0.7577726075959569,-0.7969711028182845,-0.3206943982279107,-0.36945227303423284,-0.5386234334003802,-0.2091514682249258,-0.2265370661426489,0.33890599121485393,0.9765611732423953,2.006990185314526,4.400892688761516,3.0449808861045984,4.843859819505479
