script/wind100m.json
{"header": {"parameterCategory": 2, "parameterNumber": 3, "lo1": 3.000054539987559, "la1": 64.9999836372058, "dx": 0.5, "dy": 0.25, "nx": 34, "ny": 52, "refTime": "2026-01-13T19:00:00.000Z"}, "data":
[rows 0 to 24 of 52, columns 0 to 33 of 34]
10.67296065351142,10.694892576893773,9.94002810649794,9.433125742921453,8.08750537690422,7.014979723019148,6.00584854247127,5.286590896774814,5.719239305858717,6.007064043454928,7.327558542065844,8.571249168003657,9.28815943754512,8.764277078412107,9.755946545968921,12.410382795142747,9.141710207011966,8.759527932039123,10.0497928004863,20.421272933729384,9.194343107608097,4.564721246081949,5.22306271940351,10.64273947359528,6.3171479909801125,1.524837118799753,6.129685157565931,7.826077403936713,4.589093028199756,6.123090021181463,5.0903092982694025,4.4745205877310195,6.117421852679172,4.444476462649275
10.773192556413395,10.089250515796707,9.214620188965663,8.817652519099601,7.723417706728703,6.463136988066824,4.464728795552332,4.379039781213405,4.066491263699653,5.270164260246078,7.451456420144454,8.453841210956659,8.842102369331432,8.122930619163023,9.984550970550965,10.14257135537756,11.569943063006269,8.331118044847198,12.11928731470149,6.823184320235958,9.868889852829899,6.759216812603559,6.831714500277427,7.539496227105166,1.7753565908593534,3.7065794757481276,4.961842327017424,4.1685866455997775,7.515702690056303,5.77480897497171,5.345444769991331,6.899865605715042,4.84717199592925,8.011791412791368
10.549631802860938,9.521915966875895,9.359643332013198,8.658140080019677,7.574977077256415,6.105506814337426,4.838562126781574,4.302616584901152,4.1625369287826235,5.493164297002755,6.88341120870719,8.425087521650097,9.747077418229196,10.24947814293112,10.998365621327219,9.901056479703097,9.430218489512132,7.27219247066901,2.9668512738130595,7.839478215758275,5.869675350754428,8.107344399641796,4.079566715369491,10.149279778976066,7.842852083760587,6.276962953722628,6.702214248652593,6.181032716668769,5.933880564384755,6.436755009241517,6.0942056509787434,7.214578179394592,5.686619104974251,7.063298916893561
8.538369835831388,8.952827044380053,6.174648923762737,7.946556449468816,6.4857114319408335,4.388640488218114,3.435326656422385,4.186400554885171,3.650785046526347,4.323400066046838,6.415615606210558,8.605856851852089,10.090453919228798,10.37484272473287,9.955474551796364,12.717757556213058,4.674816924056974,9.863359697006441,7.533627984880121,11.699496567949453,16.118174804759025,6.719110818024379,12.492104609777888,8.187240676528408,5.678429972357271,5.092671096535745,6.811185777806571,6.1290420457150665,6.3154422315700725,5.039304379186243,4.125948200168179,5.107926361307107,5.522318011475487,5.7073568413602205
9.030452705431339,8.545924175967857,8.796483058895182,10.561450290120007,7.255879314859671,4.647103321527815,3.413535505087387,2.6956677085822434,2.3864124647267317,4.081524328481225,3.9007888226873404,5.2684543490805895,9.336391909541971,9.534523992480429,7.586616429131675,12.722800026482851,10.358942189995243,4.5019910939092505,9.916402046045526,7.065781242758943,17.203502130467477,10.81170621034098,5.744830163603561,8.27456511662828,7.006893211374862,6.159522922057824,6.488523124935153,6.44211815106004,6.717392458670235,6.10208970946522,3.9513651709391673,4.133119628434085,3.5959044927581005,4.4232427843880044
10.8548641912014,10.4852035419057,9.390174650759201,7.719244308433724,6.555073781241093,6.968701776940632,3.628790704264713,3.2163389580095507,3.7682382597016435,3.804126597562701,3.4541357571591282,2.973710192355053,4.9958981069439625,10.053109177259365,3.4253086773684136,6.618026380617413,5.214450486378851,1.4563919109355137,11.510216939019168,11.27267743452007,5.604775068820875,6.22946540881893,7.851378132559896,6.144909579887449,5.406699074251459,5.154116884224609,4.848455306211837,5.987536584002563,5.115129427802606,6.148956760842428,4.902997573176681,5.124466245519673,2.318627932773178,4.426832453681817
8.703645388167145,8.818562631235865,9.011604305425857,7.287629040628584,5.481168424975739,4.047031299444856,5.142999411021635,2.7759972601577654,5.73421890732924,6.57979056673792,6.684550956736679,3.3574192522249207,3.0088147803730165,5.930963912319842,7.669668544299043,4.731858759214162,6.129842731863794,14.730069535579519,11.015466571883607,6.974866413020683,3.155268600508622,5.1606393646205495,7.773988412322735,6.6958939539784765,8.127436708703696,6.32397775817264,7.006851125583971,5.667568716729481,5.395205488873516,5.911728100077825,4.7471906648060385,5.3341193886649725,6.023431038293116,8.30355199204469
9.046467625662562,9.30993769072874,9.695626797228194,7.9959552339278535,7.031733098855768,4.586656976568385,3.0141781188337218,5.035165712465461,4.0822277995566845,5.721605724287131,3.7588454889008136,5.590263417988246,2.0361920873927133,3.374051095009406,10.325840255711658,17.8967020244947,7.099761361825428,17.114440143715573,18.605841672839425,6.561942342789862,8.832419147939492,6.563195263265834,6.509743580839796,6.957844192229084,5.437137378430627,5.2494640750776655,5.816553867371425,7.749709968167701,4.372284171065507,4.158973424244122,7.429416645499982,6.86393365146116,7.786315608279237,9.927146571192935
12.380072792573657,10.797566021911463,9.460670983109287,8.45902922322024,6.466652171665425,6.313852708051055,3.1055609092371617,5.347612772384204,6.455524461596702,4.498609963546576,7.137252516632772,-0.013732987257404995,3.8201824487091915,8.657352307990575,21.20069096206301,5.899161414965808,11.226521034980914,20.744707441434194,13.671669398214686,13.340895745490554,16.338787141269723,11.21374152610561,8.442771038413644,6.749642453380665,6.700223026380897,6.930682459854344,6.183620307145806,4.709281608932257,4.568010565499156,4.378216006699879,6.470222262495093,9.055125810245606,10.21550841791908,9.811053794628476
13.667817453848054,13.044019251998003,10.606628979494687,8.243233672993183,5.63561392244431,2.567601420697127,1.8944100406046587,2.0468810432734736,4.803912314575435,-1.4817278343255682,4.759241637499912,11.177253539592199,9.716791287447958,15.882772913877172,12.985905384535616,24.512254087848348,13.404235289758063,12.910131004317398,8.357747601764473,6.917761593114509,9.310999063847477,6.324984706845486,4.86037975811853,7.86861264767908,5.265955239239514,6.982033301443055,6.114106895321085,7.222819121867239,5.314680285133821,5.445468493411032,6.181930336987014,9.619568609818495,9.278887731276205,9.460985346302401
14.10466637307596,13.429658723127227,11.457345553480968,8.247768925808872,5.687554996177046,0.9621557578319063,1.1100706907814213,0.4685908481888651,4.931997311404844,7.027380422857898,15.713335755908545,16.230785412829942,12.61425364731505,2.981403465394845,15.56156167492079,11.309104507301551,7.010674784776421,8.817616166988806,9.827427827231027,5.6392709442025835,4.603574133826137,5.022065278928139,7.807796428227571,5.0355311271035665,6.7116898323168135,1.7395799399820884,0.8560014651684694,6.253930801133102,3.421310959901093,3.6172559510784192,8.853748380741967,9.703920813090988,9.093748661980701,8.613945250172684
16.124763512060753,14.511449777744419,13.511538207871384,8.539518947702318,5.786833854332969,3.5629145310103807,5.612213960832016,5.731153046309218,4.314028093356595,13.691806768619738,1.0158227218935265,7.640337574328057,11.365803966589095,0.7140688930850708,13.364052855496663,6.873904445738837,12.165038559896331,17.235412309193233,13.362642324625012,9.883767465618277,8.878060437140482,4.821230928758526,5.560870042147811,7.680545733631419,5.728816122890177,5.3548747870199085,6.0617596422384805,4.54537567913185,3.3873260880481944,3.896996317903322,7.252473842482055,11.011596425336807,9.635002461481381,8.686355481630379
14.817912995576183,13.291417987142284,12.498840520537986,9.900236899112576,6.546929489386571,5.984356957273043,4.363338705680605,-2.8309058400640645,10.037681395396316,0.6584137906030206,0.9404845840408191,9.015112794941707,14.447351296124546,18.52610251480513,14.692589920604595,21.226457843764234,11.358161222099417,6.1162112869171406,4.921719193877132,5.57380765171068,7.8906049099908895,5.375427653383547,6.523983960020196,5.594669728847986,6.120183524339886,5.3660936981691325,3.7982490697693065,3.400970776469431,1.5488015023716704,4.251895499549184,8.859078138948485,10.875532519623036,10.817840144137197,9.718668616118746
14.525701134866791,12.109328298260198,11.718438106458649,9.132253762978259,8.835943784943865,9.26500273233279,12.92102944552812,1.5425933488265464,18.337745428491946,11.306268031556806,14.008347099969777,8.918267950141226,5.594065953577614,3.5278595929670127,7.601008869392718,4.512470880185666,8.349363140060397,4.744951180215759,8.392930502687483,5.5331606304359315,3.7625767200732367,7.906010568720466,5.948823556305299,6.17055330151929,4.526869532012453,5.242423467800173,4.71749014455119,1.734027534353229,5.309755679192193,7.021532779629444,8.301145970911001,10.897250496613374,11.513436266128105,10.21402565762431
14.476745309636938,13.706283215623149,10.78656569326832,6.503806139337295,0.7182962602888707,2.675866538045695,-0.6134135533217718,15.82315993313767,1.4254794874880519,-2.712260518297809,2.83209431335632,-0.44745092464938613,7.671663740732938,9.028104353522533,7.543931562728133,7.902088129608713,7.568818221829881,6.9505992682162105,6.118928328436089,4.566404114047668,4.6554425885452435,4.2372175488623665,4.838676258819207,4.332372206174545,2.7627745158468975,3.9766828661979257,4.0393360513523815,4.892296418733214,6.096263282359538,7.716010444544883,7.3445820543641815,10.441547367128754,10.705053124451636,10.268567473113201
14.490728184574172,11.226745312467852,5.1411595963405095,4.751163227377749,4.847335404635828,3.2007233939345334,1.0423373872405644,4.442022316608615,-4.212422624728623,-6.782327811012124,2.6050017932916085,7.4483222005535765,2.864582114748095,4.205676024056978,2.877478155797938,5.490330967558342,7.191356538312669,2.526131657373884,3.266637214422546,3.234136693368092,5.9898493808582325,3.449672063058034,2.1773609042260387,2.3896324521596677,1.5399644536360955,3.8547553140000503,6.899850847140896,3.043860156943701,5.494807341398234,7.092039835476484,7.4972628314715175,9.822248740113565,9.785675626324288,10.088207968794187
12.223185090176646,10.585899550556084,6.509389062438642,4.068518649978625,3.8048051702620924,9.389921474518886,7.026468456963699,12.28670786843052,7.418881303820676,18.474983225289186,12.334848422753524,3.9693322246566813,1.277935292117596,1.5187389925804406,-0.09515468406187678,0.6250551073890295,3.157101821461693,1.8598788043402008,2.314055764445782,0.8377218248816414,2.801642914464335,2.402787133815782,2.6342534439190595,2.795589118338501,2.875241958999484,2.069550832130748,3.3817111226580794,4.476189506748465,4.525784137737153,6.7478121878484085,7.133995604109785,7.806317835003925,9.847213404500629,9.919507628996042
11.178159683279615,10.175194913126099,11.518232191237644,6.679555447027107,4.119908282915092,1.3648896687161303,6.876888882511382,0.4699805457092483,11.705662034004076,9.452845742194233,5.09745454623072,1.4029501684019774,0.18427503310624707,1.813966522402336,1.8484642621502199,0.06743976494575611,-1.9905302646881906,0.2041139073244344,3.01489036185852,2.1915884619100354,2.6813049048303816,2.115633442702946,2.1823800382497787,3.175379772992662,3.6613694118103037,2.075138789662601,2.348261129301302,1.3375659088260556,3.6871331163199943,6.0237841648514525,6.9671332059430995,6.303146008677411,8.659902904760356,8.581782459164655
14.538458209956643,14.802128129107665,12.348675751030225,11.539654907016597,5.17516022101393,3.7956895087261358,4.788234220514818,1.8531521242829965,1.1212554196040456,-1.6001325618964206,-3.9266785486314277,1.2918204093425056,3.872653365369851,2.960404908336663,-0.40845324031662333,-0.22112184802402923,1.3539997009452203,1.8192246601597584,0.8255772438716804,2.155852838724833,1.5510188603121415,1.5127755080829794,1.8349436118958429,2.8085513659312045,2.291451529033414,2.246743108450735,3.2726868045428144,3.145401267272536,3.4263154890762877,3.3836883982693267,4.7111657613123645,7.273160808882311,7.571547941077175,6.69045923521263
15.20777159299098,15.93728018185257,14.916798823018837,9.861756530586206,5.571010950521421,3.1103776911222507,-7.090887263071378,8.327932410976596,12.297494862799121,5.31329831645351,6.844441916959835,5.571109208735436,2.3312165382323884,3.119973960684526,-3.5491310595778947,3.3121550681450134,-1.2725817134049353,-0.018349066397834915,1.223836595661673,2.0673059106568856,1.122083548658532,2.1390830842706463,3.71479415906128,2.457826574636243,2.539168690928859,2.375934426052149,3.1205340997688666,2.90504298434701,4.3160230927606325,3.7621000958425084,3.263956832921181,4.418062336551065,8.62325836504076,3.5839345386245243
18.658400528966446,16.445396226725524,15.015311222927094,11.896194678336773,6.8049243838219695,5.532863571840595,11.26600154808629,5.443689233883056,14.288272751126833,6.766346004800724,6.6159526120467875,1.9427143050355669,-0.5653323014094391,-2.969797682504749,-2.8013953190108203,-0.6097033500522188,-2.1491454922251036,2.702944166899514,1.0303400396633577,1.663200113843554,1.8081876094383733,1.7988909802570419,3.015982857788777,3.052895477892995,2.8007783087076423,2.979972472186082,2.3624268392024854,3.7396459038071765,4.076959994894569,4.242280452726522,3.614133474869028,4.6868677024282945,8.569345720590322,8.010498829446405
18.92358684242318,18.378806389199237,15.434604712660462,12.80706750465439,6.637165466581584,4.944942174183884,-3.696174410139891,1.5192892251227128,4.7079120398111485,2.13467475498475,-0.7422181133735106,1.7206915059086771,0.7329234126739511,-3.6524284742877704,-0.00018889428964859425,-4.233279891492311,-0.43051555961328997,1.5419471527038635,1.3144962964144824,2.740747862497341,1.7932242391057842,3.271733230408503,2.626532635324988,2.78570589002898,3.1289280789531624,2.459411802643065,2.8002647297485703,3.8990812949695037,3.7748820094146134,4.582475632287302,4.649020718342719,5.788628816839041,7.40508082784385,8.744118621711106
17.22580614202712,18.347361092754845,17.43757971351846,13.527254704159501,9.773739834406543,5.020397279836161,3.34031970701535,-2.6839969347903914,8.720940420294037,6.0923340867391955,-1.3175924331167623,1.8152032809959064,-2.435273301601263,-3.308704807681362,-3.6070160435827017,-3.1574555828638613,0.37072388932470657,1.3492834117739252,1.4353849628337512,1.0516736185352098,2.8243834788983153,2.551430015901249,2.6195244868656617,2.7519608804100617,1.794064541298368,2.0601300534225366,1.9192721947070068,3.120119978896401,2.634150515172351,4.762068090061576,5.319788754966575,4.23861238871631,10.537387732374318,9.765782462413766
15.11898994646172,17.810102886525186,17.13271246328258,14.825924262783536,9.54136441077245,2.2743440095318026,3.044052939354599,8.737669402831674,2.1938476280016377,-0.9848398641291708,-4.524342188769066,-0.9699118858791421,-1.5300381658387654,-1.9484730860745836,-4.250031707855191,-0.2779155986041825,-0.13902663602454032,1.2520520873977299,1.9054971331188237,2.993920805081777,3.718357538403357,3.4961586732763594,2.933228919282408,2.796843693561333,2.168035268605301,3.5137122202887303,4.244667296811304,3.9343871729531985,3.5711033351401698,5.027150169438128,5.499914524947784,7.412739796614486,11.341747225032536,10.453288062914732
15.482946352037697,18.41893855533117,17.539008186758092,16.61919713277923,12.072204672949615,6.712933795709033,2.7651842960417246,13.807700246371535,1.961138317980267,-2.0539395615344818,-1.637342029295634,-2.8701448185568017,-3.616307537768454,-3.038196835115987,-1.4630590797637282,0.86026191717309,0.3605335546580277,1.3694085266218565,2.261496464181528,2.8074343715090846,3.644728859804039,5.762057235096095,3.7650355736109815,2.8296752113006414,4.601771340073673,5.50403028853944,4.884845083513217,4.877818433090219,5.346812480239435,6.088877100236289,6.960227839581419,8.973329867344482,10.405632851978526,10.27334917822637
