script/wind10m.json
{"header": {"parameterCategory": 2, "parameterNumber": 2, "lo1": 3.000054539987559, "la1": 64.9999836372058, "dx": 0.5, "dy": 0.25, "nx": 34, "ny": 52, "refTime": "2025-10-03T19:00:00.000Z"}, "data":
[rows 0 to 23 of 52, columns 0 to 33 of 34]
-4.453078938690444,-3.5327513188678337,-3.234425565952797,-3.9095159515825806,-3.8532710096292946,-4.505622511132279,-6.274684995660065,-7.166070704900029,-8.027422274051254,-7.395258242357362,-6.220636614607255,-5.255389838886473,-4.560694034549055,-4.485072389771169,-4.042826439408986,-4.966822399147995,-3.7626635874717516,-5.689880596995354,-2.59804251139847,-7.81213676949401,-3.0800237458753235,-1.904458192812621,-4.42528854649028,-2.439395862015151,-1.8548430451700821,-0.2501752942536005,-1.0223925935092693,0.03816225398223499,0.025686099257615256,-0.6487469603405336,0.01870305427807181,-0.6988697108633095,0.07628764939529371,0.25316531779529894
-4.985137301801228,-4.8215156706524605,-3.484461328815027,-3.1331627867897196,-3.9629822436080766,-4.502270877019965,-6.921710703363706,-7.454265566713865,-8.46061747581894,-8.853622357410813,-7.044808090780518,-6.819508092891304,-5.538719183178036,-4.358933108672476,-5.003659085553293,-3.9584114938050474,-6.276862386754697,-4.265098417478181,-6.238153332795695,-5.313583226962674,-4.936026843527977,-3.2450826397771606,-1.1245267102471084,-4.983489017773534,-1.6765402538232534,-1.2701068263668531,-1.0258773121294658,-1.1367653301879097,-0.23521023504609695,0.08246868536130611,-0.5289690679692735,-0.3850610930501424,-0.6893262768890807,0.8308190816536091
-3.7836689910129806,-4.990715598817697,-3.8657909400871997,-3.019472682344339,-4.113580059942838,-4.833056363631683,-7.410804839783239,-7.474498057119624,-8.234032525654287,-9.328515295989645,-8.932966269016607,-8.437053483936745,-6.845416232270819,-5.483346998758956,-5.4997662913089655,-5.544778107014667,-2.8698996478890617,-2.100308879669764,-2.6729466854139847,-4.374882470630753,-3.75014630550149,-2.157936069083608,-4.516100471859602,-2.344574700063309,-1.0526705979403532,-1.157320651504361,-1.4214584958847136,-0.6323400443810675,-0.8049946447147901,-0.513313745517472,-0.32426371677240157,-0.20884092265024426,-0.1501478644311432,0.40261432808076225
-3.631392536758366,-4.590964916863151,-3.5232698940197924,-4.094394293376815,-4.6631410620355105,-5.707329977495208,-7.25446745344506,-8.1979140507805,-7.838110073823622,-9.044502226864367,-9.36626508506692,-9.243842873923015,-9.276827041998843,-6.226892667315517,-4.881068587174795,-4.908828350349129,-2.7904954546507876,-3.179524185151082,-3.7156238810615663,-1.307860674591989,-7.055386219525158,-4.6874743609450995,-3.4827243187313814,-1.2116857506950485,-1.5765530169541275,-1.4690702417938337,-1.1690848875415956,-0.9808122851651243,-1.4564862595768784,-0.4969745209202859,-0.615370152800493,-0.1420196677815407,0.44704085989047865,-0.18944660069334443
-4.1582203541585985,-4.219719702028744,-4.430269545581035,-5.033343845214301,-4.871805596112628,-6.419629485724387,-7.112519370071654,-8.329338104400712,-8.263788272967322,-9.206536297682428,-9.894392451496527,-9.500255552732344,-8.07635593270923,-7.249334666206167,-4.42447911185821,-4.71529014943277,-2.9545431876702883,-1.911635562947548,-3.1256947200027847,-5.7923672493953315,-6.431484734443793,-3.706587981724398,-2.4645411122179066,-1.876399248810848,-1.2142583813774068,-1.173118731695514,-1.623222564137423,-1.6880921948839884,-1.013698323505961,-1.0179402893251532,-0.8693514194226228,-0.023048892346074414,0.6606759915819345,0.20140454985952252
-3.785190723146598,-4.53652168072823,-4.256395013564846,-5.504573765554066,-5.142523196025871,-6.464467872768169,-6.834654573473564,-7.996500657907645,-8.368157044359647,-7.829824082038843,-8.547707961103887,-7.6484857194970735,-7.835274196482875,-8.848208477398604,-4.041580094502589,-0.633902334069404,-1.420927403728389,-2.6836226072330644,-4.275695952081936,-6.2168081867883505,-3.145479191794097,-4.326404673501024,-1.180064646491044,-1.3867363158465098,-1.2669841336269148,-1.2439416563588213,-1.266911226293286,-1.7481249267199543,-1.2973349299682846,-1.0635237750506852,-0.6612453198537661,-0.6294409686112644,0.3678626443409482,0.796810437817307
-5.575755996389087,-5.035246058303292,-4.062163550616313,-6.188638267918191,-5.561589203216317,-6.53827396803349,-6.801160299986534,-7.096229264944604,-8.073704666920953,-6.910577597856748,-6.712716707560364,-5.524872409380005,-3.967338639191825,-4.5521279693856975,-3.9728659426983204,-5.224240074056201,-1.3544099583314213,-2.103429020402028,-4.172113806202423,-2.7122652837585104,-2.886789572310572,-1.9666743761393652,-2.0673141804406594,-1.3133046457169868,-0.4856329496930883,-1.0057129349738705,-0.6884311835492928,-1.7201644170106245,-1.2919432846193166,-0.9725530939880216,-1.011286398823072,-0.17340180243732428,0.7591684382772376,1.9935262539213616
-5.923665624437433,-5.933559029431616,-4.808355155034617,-5.53286572865437,-5.419837126375088,-6.571682864305817,-6.485119785713397,-5.618520853253846,-6.190059333178277,-7.936542455461138,-4.06148483971478,-3.7840506320593907,0.7044862243232818,-2.4589590051810766,-1.266561936669038,-0.975920147731593,-2.93324504449099,0.060329775913706044,-0.8488696358701886,-2.390107001185598,-2.7166279629785706,-0.8803458200769503,-1.6161208775685934,-1.874346132719484,-1.0644586400864742,-0.8926209908131894,-1.2632259100390681,-0.7732749808159312,-1.2263468725049058,-1.012272698096679,-0.11951161598502719,0.20532278868244613,0.9869629047881211,2.207153748384166
-7.054532010018484,-6.644644555795818,-5.76276468889425,-6.405144074985518,-5.9972475754992605,-5.834828998014234,-7.7114504166042614,-4.292471127200282,-3.6701883708758505,-4.19416879315821,-4.738534009953353,-2.1835078876441703,-3.574397462249712,-4.91151532894597,-1.9019693992632039,-3.2845267239593823,-4.9850717388496575,-0.6776965566201983,-4.575249862739403,-3.193640966067188,-0.5906812098474994,0.08282826832293609,0.11557067400098514,-1.3102724235400536,-0.5696895950323885,-0.6392297565991683,-0.7701800977885376,-1.372822484518076,-0.8872480628870824,-1.07514012641301,-0.2888806717334285,1.0049917869821743,1.5199501230903512,1.533334342738979
-7.651529035583535,-7.51661705970809,-6.835943435053409,-6.46634527270331,-6.373609253650695,-5.802890189512328,-4.629263682094524,-6.3077544017129075,-4.397728187471551,-2.2775634953405572,-4.008445210819072,0.1496396164445953,-6.3585616831180065,-0.2572742655216758,-0.3532622166456927,-1.9603376978850473,-0.22572117942446404,-3.8500773080377586,-2.9991755799581195,-0.9848721715948996,0.4834716836672472,-0.21597303223252026,-0.3435768303055229,-0.5746686382426734,-0.6887463272984564,-0.5044229664381186,-1.026951981179091,-1.1180592080104408,-1.0741584006038305,-0.7345538965127261,0.7865315294862159,1.1637711806529427,0.7840593512641599,0.4506260139436062
-8.764881107880747,-8.265170220139996,-8.019827231001246,-6.892594441759712,-6.187530689994634,-5.380311184151413,-6.292817941013998,-4.401947794186838,-5.186938780214906,-0.1409622840395404,-10.690929596217455,-7.073175996926603,-2.3064111634014983,-0.9492682863899963,-1.0643554157287949,-3.7360896961301586,-0.841011566759848,-2.3006803884447806,-2.9745667171536074,-0.745471428735673,-0.7486998767070244,-0.6824492766946001,0.7749177651793501,-1.1812544731687393,-0.6725005623698406,-0.832834460947513,-1.6434335033315428,-1.2290824879407918,-1.1483246523781632,-0.16831995238574024,1.5410047637702018,0.910461684609642,0.6195600297879291,0.23783655705777162
-9.507637421299783,-9.02890829430703,-7.830304143871464,-8.064323984004652,-6.43302749339283,-4.159029101564348,-4.025918554133078,-6.320413280276746,-2.108069314890595,-13.84212521063281,-5.358165892159204,-9.025451777133084,-5.242451461969475,-1.343493343037279,-1.1023309641398704,-1.2488810466448823,-1.785958090507231,-1.7361230797380836,-1.4028010573181313,-2.050653171227711,-0.08367814120146055,0.1087015610938594,-1.231895965628451,0.0979666695710049,-0.5053344194731577,-1.5198192271577557,-0.42903425475198465,-0.6817970906543458,-0.2607601861124826,0.35707047348302545,1.3049303985250875,1.0897366310826155,0.7356698922571349,0.27645892087796614
-10.814127342886605,-9.463602449369409,-9.079792260769096,-8.675931584584674,-5.277403388057589,-4.414047180432742,-3.5023230641623604,-6.584759248636389,-8.23631374009898,-6.587717831421343,-10.146307573368041,-11.810629484040406,-2.445283957371797,-2.3754803062674896,-2.184086027295842,-0.975141085347467,-2.3672459447563026,-2.4538409493272066,-2.8299803034972846,-0.7099997866223732,-0.6322922526483803,-0.49346266512149184,0.34416924882583083,-0.8707292809258202,-0.8448858122910654,-1.5602902172962438,-1.663303915973838,-0.9757241093239065,-0.3724896611132921,0.45920871639845817,1.143296145309448,1.3812154108951227,0.7519621745678642,0.322831564416988
-11.57196672834699,-9.890854422169788,-9.915424673949369,-10.36486101425208,-6.825106108732404,-9.438948121727485,-10.548901753744385,-3.795507586575729,-7.356882771687161,-5.935193268334309,-7.884302543373199,-8.752956633916126,-2.567467349598855,-3.1195993183838127,-0.24130183164970784,-1.5366203865309973,-2.0268329488846692,-1.8116391658773345,-0.4455251784362836,-1.1311006568353819,-1.9369640462291542,-0.6728939842322605,0.14720999860516182,-0.6383613776571414,-0.7642764795714003,0.0902440216534848,-1.0696677990541787,-0.5592360682307616,-0.44901853516583495,0.4551367037299456,1.167245035623687,1.494164582915521,0.6614982278356814,0.1618451085310073
-11.78239118724626,-11.566471960373375,-10.614765016299048,-10.615621665678495,-8.658589027421629,-5.6907462071896395,-4.169877567409096,-13.829446272788038,-12.348156345286558,-6.108526694754753,1.073467553507625,-1.5493326504815346,-3.303492571631691,-2.4781790953145393,-2.513205983865844,0.20533475419089528,-1.3996086900682438,-2.4454262681254186,-0.930163153656805,-1.4749386143981271,-1.0323470067855003,-2.0958239432903203,-0.4051506705510498,-0.7199542805574716,-0.6102216486424614,-0.9502775000612439,-1.4635558572056027,-1.199876215829364,-0.42971914584222165,0.3374568852518153,0.8127693345490783,1.745035078875893,1.117627038834037,-0.5024838786045857
-12.849389695345621,-12.983010885753904,-11.461415891539309,-10.579101652123848,-5.441809882272866,-6.3400387082952685,-9.530917756330794,-4.246892888198251,-3.3216160357598263,-7.711627127582021,-8.712936640450323,-7.830467462919869,-4.075792646415133,-3.266454472373594,-3.2573810884330427,-0.8088920028093993,-1.5087493436205364,-2.7773617023883346,-2.1921399101427483,-1.3099113109520544,-1.1387908219860714,-2.0408870453505727,-1.5490654446188832,-0.7252180326345441,-0.3186060188053973,-0.9371799008238717,-0.7601773853171456,-1.05752797669706,-0.8127312412061787,-0.3128580945859004,0.6004781668108953,1.9652958721901608,1.1246927338251786,-1.215775187842538
-14.257441905194337,-13.742962814855819,-12.575978212099331,-11.10042312451409,-4.491014956105667,-8.120725847880133,-10.748362152558183,-3.9006113429785594,-7.441359573695928,-7.568603113299648,-9.633334990888601,-3.95947029060991,-2.2068346073051837,-2.7880402108998927,-2.328780524557324,-2.28039749883163,-1.819002770382182,-1.0484847420552463,-1.8766461835299308,-1.7045884450892246,-1.8588405095262028,-1.869373777722143,-1.5589363190561356,-1.558730998584207,-1.2244690668651794,-1.3802309091477287,-0.5935106530146957,-0.4694781909020783,-0.992635559514593,-1.6365600688181494,0.40153600874262435,0.9474709234880292,0.1443902224410324,-1.9357486872797856
-14.344288990141422,-14.471505956982325,-13.699316260389505,-12.106563638627728,-6.24660748688883,-5.4953780394604,-9.372491637807968,-2.461514571478115,-12.979184298002075,-12.2779399040666,-6.569141070226537,-4.581129864899633,-1.272357750944386,-2.3523869279089094,-1.5567855959057715,-1.5575589022988958,-4.7257002371122026,-1.582432531028607,-1.437440451024969,-1.8792761645454976,-1.3828136798489215,-1.678194107764007,-1.3324043633884712,-0.9736113676427329,-1.9635679060659568,-1.1782788829550614,-1.3989009448225955,-0.6719315911841465,-1.0098644166715551,-2.735501895092015,-0.8372321014287801,-0.03042413288565543,-0.7480252490671307,-2.529019143700366
-14.869403167004975,-15.18477341670029,-14.830620165582092,-12.987963805702707,-8.15452636136329,-4.350858428940806,-8.436559693665858,-5.47269449743482,-15.711309107649715,-7.266077981731506,-4.521934387603562,-4.087260801499486,-3.311432312234841,-1.2491057542951636,-2.441536242100506,-0.23302655386915647,-2.1064685472528817,-1.8474143406221115,-1.4662116298584287,-1.9465016828595136,-1.6077847186360428,-1.7476439745822503,-1.598743825200367,-1.8485524340782276,-1.7374956006891804,-1.3154618259819846,-1.0526307020468828,-1.0120555624470995,-0.9957960047227113,-1.1351897764911478,-0.9337906039097139,-0.755716130379136,-0.6644857482463497,-3.6848108016557894
-13.38017319912954,-15.205081163432432,-15.421851412905164,-13.827725569784105,-6.659117925876468,-4.978684363562488,-2.585963517717852,-9.366458362322279,-10.434835701920175,-7.166372532038153,-8.317669012348672,-7.2842472409795604,-3.6482364363653677,-2.956897114234425,-1.1871521966351808,-2.88591229666117,-2.0050565556319064,-2.2549579808561075,-1.2042322487874064,-1.8676483535750554,-1.1905086096653232,-2.4031973804054676,-1.8990565908337105,-1.6282488425600374,-1.595667425905956,-1.3480005220155793,-1.7809673719264252,-1.290544319228951,-1.5073899332884872,-1.282384877194137,-0.9964153302586513,-0.580011771596611,-1.0489785177558413,-0.6997706048341029
-12.63745623692115,-14.41367135069635,-15.807739755064466,-14.756291858123108,-11.000486387806472,-5.925823064664912,-8.905841095813269,-3.9769513820722353,-14.59489992452575,-8.32519716793682,-6.215385460540907,-4.646900256525338,-2.6180897531559455,-1.2832455217293868,-1.040176268911325,-2.781614386213596,-2.0324444284354537,-1.949261114446488,-1.4573595324560313,-1.6452740348665928,-1.35953023668514,-1.3274028239170155,-2.084439896530013,-1.5150899860814975,-1.0334474819607729,-1.50557542074196,-1.3391649681914786,-1.2595937703145201,-1.2201144007897393,-1.9006656255440204,-1.2386372006253592,-0.8484195527037323,-2.049620849249077,-1.912373426977184
-14.055121378152105,-14.205614677044789,-15.520343612555495,-15.924373634653323,-13.160878031529277,-11.150491461237271,-9.334979750139992,-5.39766856451304,-13.983670178834355,-4.576488117882949,-3.1737944121652926,-4.683988922200287,-1.043529815451469,-1.851742577478436,-2.868678716045482,-3.9290110610224294,-2.8085880983665077,-2.182833951012315,-1.4730594090857165,-1.933073868205539,-1.9479240162739757,-2.6821031135611344,-1.9726539985651674,-1.966546314007764,-1.5792652715510254,-1.5096155863186542,-1.3332474089908457,-1.8173591814999168,-2.061292825496982,-2.059769327824485,-1.2935646782058274,-0.8748211748944115,-0.4712512238387298,-2.2096949798560255
-13.729302970785048,-14.497577447277695,-15.433640547012875,-16.352589623097746,-14.76537581296571,-7.169495452406728,-5.319895930641937,-6.456948143796713,-12.300716529702873,-11.531706055913503,-2.4598475459553764,-3.9898987738698066,-2.5231304327434203,-1.3903884738083965,-1.410836164273768,-6.920637675636927,-2.760883823747904,-2.02152506763619,-1.4911434205106326,-2.125761175490107,-1.3833998312514595,-2.2620471461018377,-2.5644791848062978,-2.1886181229303303,-1.6209999134370001,-2.102348672170749,-2.355618485650105,-3.311432075193408,-1.663685600168236,-2.1459204509378687,-1.3275407399893107,-0.793445935154729,-0.5882076342881996,-2.070479178710495
-13.69542059021436,-14.137359918396085,-15.045561042325676,-15.389539672204066,-15.340470026419824,-12.327204745182918,-5.36716806136527,-15.925333949764353,-8.551452122702832,-4.364852586486909,-1.5701097631768877,-1.977038780168577,-2.662545768933024,-1.776575243348464,-1.656699382632735,-5.11479530227538,-3.0360868181211544,-2.3884087709027804,-1.7384163383583764,-1.1205183753777033,-1.3983253213225222,-4.506409711100454,-4.784090961704205,-2.0312809702782366,-2.752131484318858,-1.8081889973318597,-2.7015750858302128,-1.659509955170728,-1.491524696459904,-1.4652518207813647,-1.561616422819867,-0.7117996132573919,-1.1833473942767836,-1.1406146680403426
