script/wind150m.json
[{"header": {"parameterCategory": 2, "parameterNumber": 2, "lo1": 6.000198445256149, "la1": 58.999992894266676, "dx": 0.5, "dy": 0.25, "nx": 22, "ny": 24, "refTime": "2024-01-29T13:00:00.000Z"}, "data": [4.931371096536265, 4.84841909447621, 6.518702426510923, 3.0433498844629567, 2.581589466817023, 2.906484149575059, 4.025064962245879, 8.951277960243683, 5.6821506931786026, -5.625786729435567, 6.695190974210565, 9.95586999397045, 4.243334337590919, 6.695657924208055, 6.607534520912068, 4.219493541551723, 6.770564838877127, 1.6642665340182012, 4.618995947314178, 6.64819499720545, 6.443420612546474, 10.115108382348785, 0.9426712623230694, 6.048869167972963, 1.9329855010480304, 10.82247265123343, 4.976635837273272, 5.134961422899967, 3.821256994292257, 3.890336484247684, 2.008714247149944, 1.9760949214446804, 5.572633712187748, 6.861592399867222, 8.772600926953231, 7.5419667678394875, 7.361438617538034, 3.329689309364896, 4.541022226927054, 1.106107216229026, 2.589792452521125, 5.5653349414508675, 1.8914439320109862, 3.5091699626304456, 4.368460478402845, 5.371033872311361, 0.5444677765259349, 3.5428975362455692, 2.9805964675647494, 0.6732864248679256, 6.052944543343766, 6.388624862820363, 4.2702676551892145, 6.082574382273687, 2.9316202102792146, 5.399949382382136, 4.019273898805715, 3.055328461119295, 3.6093619987249057, 4.318946420280926, 2.6777735894138353, 3.8097712450850083, 1.977918912770217, 1.6484988834995928, 9.454341100695714, 3.824602652837028, 3.0882034487316408, 3.77427175691696, 4.950845613431791, 2.275798783881362, 2.9844765339962933, 4.565637420869548, 2.8316029000273057, 4.553715890072935, 4.117958165292817, 1.434844029054449, 1.1134133647650284, 2.337441232296217, 0.7026045462327472, 3.545031263507869, 2.8530812472527125, 7.171026091065744, 2.1027297106687852, 1.2696894802905683, 1.7681012845458586, 3.4443275184602213, 3.584379519993915, 8.607374750062656, 2.788288763206494, 1.3900056311619402, 6.899783253433839, 3.3623960623263107, 2.004399429181899, 4.40647883376734, 7.618755872875686, 2.794803032540342, 8.598560787070817, -2.046684558476983, 5.094541233361233, 7.90828546409314, 3.250680245830943, 0.3820202724726969, 7.384930462321369, 1.3118800878729853, 2.721667133265106, 3.739768456184539, 7.2980930703450655, 2.12273514417549, 3.449507765075642, 3.5468426107930893, 3.776199218034132, 8.698805506487266, 2.118794381993562, 2.1572140725601683, 6.352443654900137, 8.249177702444529, 9.678473591967487, 6.416056034224313, 4.021948962348091, 2.0911606221291232, 4.077846713783071, 8.682836285693377, 2.4789372998009456, 8.756302962886853, 5.251216677439, 5.113440071921032, 8.545906753659857, 4.088664440653922, 0.8732892967462307, 3.2299862728828255, 2.1685007139149177, 8.853088708911267, 4.753171053479311, 4.973172516737038, 1.1335454571339962, 2.3174207532392535, 1.7471050748397914, 3.083020404223023, 8.065173401440596, 8.215978069288932, -1.824708674946639, 2.459752070975109, 2.5646863934199073, 2.502221093524168, 1.1611652723789154, 5.136837209141758, -5.189864950322412, -1.1296800934109608, 5.651157968264323, 6.975442875347223, 2.268820985280365, 1.1744147596222019, 0.2478741620319659, 3.078097472394962, 8.918578174130829, 10.406652761386265, 4.941341846618667, 8.081210159395564, 2.4379032411158064, 10.113500505168428, 0.846778697871067, 4.978551792241962, 2.789970804433408, 1.796849267442443, -2.333049436151732, 6.7705373902914365, 2.400918612034166, 7.759617204009121, 2.6826855414265958, 2.54147247131885, 4.290639661345488, 2.065009339604627, 1.0674379839396173, 2.4421834110078287, 3.8394640872068355, 3.4165903643147875, 3.4242863746851877, 2.1887245849801245, 0.8733677045832016, 3.158670062096942, 7.999254738293014, 9.154967935905344, 3.192706200775765, 4.987732968456358, 8.281040226251452, 5.037654067800679, 2.7466688137100874, 4.012538421827455, 4.593036055994342, 3.1637578296531554, 4.751763060852175, 4.051050142887435, 5.701251502083103, 4.564506120572279, -0.39276470086520116, 6.0196467700839635, 3.88775225987038, 6.045062153618026, 6.899808707218254, 2.145820074832162, -0.6718971717254003, 4.970666878511815, 3.34969665977027, 8.236646957598559, 7.471899644434838, 10.615128110181228, 6.746862006667901, 3.3642190877626383, 6.261473706585065, 6.2308120764100945, 4.423650764155737, 2.640821424026822, 3.608635464173506, 1.4374666582538165, 3.023946361340655, 6.2886599708893645, 8.279894837909266, 9.501424524511787, 3.5830830927902584, 8.159207700970722, -0.877482132204086, 9.012626357828426, 3.8540911531773507, 2.2099627718118557, 6.05876352811028, 8.732426346947024, 1.4332179127691267, 8.729106524401269, 4.08302498894548, 1.363408192684983, 6.821832857552748, 2.4474618721179544, 7.645350382126861, 5.352493311794167, 3.3038113426431726, 6.428725095872298, 4.556072686014047, 6.91927858147253, 2.032894645382574, 2.8647395386034114, 9.485478687290177, 6.921486938729126, 4.724479410106668, 5.710576702440565, 3.8338666960764205, 3.8613413830653367, 1.4556645216217976, 2.5373135404039147, 4.087257680919312, 8.439778628442276, 6.957694717525684, 8.583569166237906, 3.4721492153523847, 6.982796597233862, 4.328768974946035, 4.397934675348612, 3.9818220334890664, 6.783908197219219, 3.3940468747949333, 11.288736962891486, 5.907565020935703, -1.6556432870437794, 3.8058838075052495, 4.080378060021781, 7.013886915693929, 0.21685624827798602, 4.901285822822785, -6.05457440922514, 5.757657810279701, 2.4279896866551063, 2.616298016480211, 5.811025614006782, 3.1833333690407573, 4.7319335857634295, 10.129188373190189, 5.2589613670990145, 6.653005413403911, 3.862361831747525, 3.2298109971027555, 7.067757505607504, 9.65513498525884, 4.061401718896692, 4.718596613472216, 2.385791805675844, 1.4210246036870158, 2.4437853831980973, 2.4985372590228314, 4.924069057841069, 2.9608842543468397, 3.632501106262715, 3.048214397049999, 2.167642648098211, 3.5318891511976944, 0.8259265428573879, 3.4592896211043818, 1.938285669644936, 5.109336365802982, 7.7836470542917615, 4.55465131803863, 3.8131265550888864, 5.488041546479276, 1.199276897197221, 3.2658051379844504, 7.325805779146037, 7.97601937990847, 7.651315208849909, 3.48174554425415, 8.992394401788252, 5.597262578023857, 6.27382152432142, 3.8888992527479336, 9.58839683881922, 7.358655689255776, 3.8753819857472207, 7.6281815238062345, 2.9831678379623905, 0.5206455096168694, 9.63122167967719, 5.443130936160497, 2.0548475533186696, 4.602856758558732, 4.799431184702301, 3.5747434465391983, 8.856931674159304, 2.8521272210507367, 1.2929493433857164, 6.216071341687333, 1.1982960831419003, -1.653531011432243, 2.017157308568601, 6.4136632387574135, 4.083253396709522, 3.5639975834388973, -4.044424370561351, 4.636658989758815, 5.999007984689188, 7.100483408554924, 4.500734811583604, 3.173063646347205, 3.6165289019284645, 3.237844477471655, 8.733657035802098, 6.883227709318401, 2.5063927467190026, 2.5805102480253144, 0.44702655606595987, 2.347856583364517, 4.3599925113115265, 2.835752886641055, 5.119274279801519, 6.453320482717751, 6.065049829912895, 5.42623936331501, 2.7028080377941963, 5.320821761818526, 1.8617260941694176, 6.6902955219788405, 4.220250185662104, 2.038926915996619, 3.4779312545817063, 4.17133020085306, 8.828855501803053, 5.618649797189554, 7.736659312110132, 1.3667660602929486, -0.6181990061479867, 2.2147787466710063, 5.960016964961878, -0.5366454057664104, 7.923674330622132, 2.1004066952962157, -0.20599802731254235, 6.356760333533225, 2.052766489369031, 3.882114952010772, 7.113416682698181, -1.0688407948381011, 0.9520120078965458, 3.5061897398227533, 9.380669097982619, 4.618571275922415, 5.224533866958023, 9.449056320387253, 0.7855491750441653, -0.9794610909020166, 2.952643230578783, -3.901363340520824, 5.935083894406265, 2.139326718028207, 3.559507227055067, 7.737611760356801, 9.332034356595388, 10.016818486237524, 2.9692986810275483, 8.594955185585869, -1.0007664634530136, 2.383897817183309, 3.0602745990103255, 0.27404954147373883, 8.334462201740628, 4.662191758079474, 5.442072579506632, 1.1485135972508547, 4.5996646603953515, 5.992268383158476, 6.211743534086791, 2.696895763669099, 4.862161580677181, 7.254948517460809, 1.1363537556624077, 5.526441783704094, 7.326055205234288, -1.3983340473796524, 4.701644010545934, 9.73068231232486, 1.7822682845893252, 2.824130840046219, 6.852382279981505, 5.2978956545130504, 6.62637441948686, 8.85082337197978, 2.470580241980526, 3.7898935858067913, 7.44514727242697, 1.9405512506573752, 0.29569581944228857, 7.5443636085996495, 3.3202467934980753, 2.060670931211671, 6.328375551589973, 10.041681356692274, 5.566257063135896, 5.451157184356306, 3.692248273375112, 9.605143120212235, 7.482285483122927, 1.4603662663371697, 5.193028971351204, 3.1064171337009254, 2.8461356474736714, 4.575834297698693, 7.599593255240734, 4.379509494618383, 2.1947659434390454, 6.524832169895513, 7.862587085494748, 2.368859787848868, -4.428807455070958, 4.136862648093305, 5.478288554115772, 3.008875031569546, 8.245806322593952, 0.8973572967413931, 5.999176839081204, 5.468408092801784, 1.737460191333299, 3.3867853160368404, 8.128658808188193, 7.13326872792552, 5.22033247178813, 0.9681324344670963, 7.148518655263344, 1.5643017885588457, 6.510789080280201, 5.61591655734214, 6.051033714344999, 9.296978261560499, 2.9310259945576203, 1.7561721593455508, 5.978521443585168, 5.97442800221037, 1.3513605479045305, 1.929197420710215, 2.908447824604596, 5.692892599201093, 7.921224975864817, 5.1959183612605, 8.903246768017071, 0.27911794761315434, 3.46777486762754, 4.962550891029813, 3.1859238821856124, -3.2750072232596157, 0.939313618433748, 7.772012323074589, 6.119962625403958, 9.546286199612386, 7.095608600707107, 3.8147476088768997, 8.938707476777262, 4.562779007286257, 6.55468244156064, 8.213130393097591, 4.886342891234963, 5.969788085809359, 4.339822262976332, 4.4749620885424894, 6.850373998738931, -0.16100233972327815, 2.125694665285626, 5.35123870917453, 6.4006715426250365, 3.9126745111048336, 0.16261389207638255, 0.780846971879336, 5.175518694677821, 2.7824258741605377, 1.5154854388590073, 8.457289636438226, 3.3933585528591492, 3.700006174287675, 3.7679433555164747, 1.734064964277003, 4.882711576323595, 4.7663670810298955, 8.147163046706726, 4.973596586060176, 4.425598060761694, 5.763363240275112, 9.299829830171062, 7.529558936960019, 6.942584833610108, 5.503913755834689, 7.491432035007298, 3.6997945976571818, -0.17910019056259865, 8.98474754394285, 5.804770587462303]}, {"header": {"parameterCategory": 2, "parameterNumber": 3, "lo1": 6.000198445256149, "la1": 58.999992894266676, "dx": 0.5, "dy": 0.25, "nx": 22, "ny": 24, "refTime": "2024-01-29T13:00:00.000Z"}, "data": [4.362562689652738, -5.7733910382716385, 3.3246210580763016, 4.728672567993887, 6.325438145519175, 1.0334926524008055, 6.034690858280912, 6.52448588101049, 4.176242870474309, -5.221022388409301, 3.778274529695709, -0.9935333733355753, -3.865358513061208, 0.4609999090019952, 1.2485723051267759, 3.720652933927474, 5.443539395197706, -3.6121042331087123, 2.7027635165694748, -5.922242493376145, 2.1756438653180155, 11.575893942546044, 6.914676711238942, 4.560732472063251, -6.388897159385223, 9.638788987871862, 5.634620406091549, 4.169408703958439, 7.881583596664491, 3.288688844618397, 5.696040622604048, 6.743003222677967, 3.8581513482533896, 5.445197319542481, 4.464075163815864, 3.7040809558550554, 9.614323765040867, 5.8990688486178895, 2.4934560312377827, 2.5594806880728718, 5.964915292063564, -3.578316888348233, 6.931436949281991, 2.6133577269382577, -3.7231853049253245, 3.4467410456526664, 6.870968815807745, 1.919139929640399, 3.4919907396944425, 7.968766277601592, 2.528698924236744, 6.176125381382878, -2.3809070396155754, 4.41035550025419, 2.6907557569537186, 5.620190133684115, 5.289933615559711, -1.8004028271725416, 4.783450974087598, 4.802746202089754, 1.6727724043272476, 2.7820558010634593, -3.5434840593498507, -5.119632165740658, 8.003142612062378, 4.3185325461273765, 7.311171771284262, 3.0210648013203905, 2.8135583248465377, 2.894145156562171, 3.307095179142541, 4.754051740333815, 2.977298527545752, 13.43343005276598, 2.9280076390255227, 6.754903701725258, 7.464156235592455, 10.088087364758708, 7.570625246498477, 6.695273013267804, 2.7475813612321214, 3.056533664881906, 6.006305423663185, 3.964712341288057, 3.248404036011616, -1.7004086153389504, 2.886294099965657, 6.76573922700537, 3.463432237727316, 6.662197085189825, 2.0131176126460297, 5.201739134233292, 8.351203662871095, 2.3314689156494426, 3.289874203301226, 4.962874150743812, 11.554391300675835, -6.394012048413752, 4.49902494191362, -2.743503712600701, 5.2939749656557025, 9.320041070804962, 1.79431914562633, 6.796884385298692, 1.3891299311244045, 3.19000076456633, 2.2093761666269476, 4.051712302572494, 4.461350532925543, 2.807426233162173, 3.1258465503215995, 7.035610031933872, 8.211479138742925, 5.1477161739256525, 4.530534970585893, 4.790996023230882, -2.5800092031423674, 4.626797768821724, 5.385368990099042, 1.8888010297583757, 2.6764329957095887, 2.080174014330135, 1.7990942580448255, 13.747029785786845, 5.410165123498003, 13.678895636082666, 13.556546211922345, -5.334688203019079, 6.322679321438918, 2.741024532451288, 6.663760191299318, 10.411746299752803, 3.3364729226698397, 2.931627235140809, 3.338949666633009, 5.928307444277778, 1.9698991974700297, 10.732786660020325, 4.591949085557275, 4.600656247894231, -1.1330878458311455, -2.8521164406406245, 7.19339653008617, 5.1063254150413675, -6.582693835422103, 4.217147767813638, -3.962432124382414, -0.329496132320952, 3.220883630776596, 5.733955933660148, 8.658554989696619, -6.587256039865582, 6.7004115422703405, 3.464275305665115, 9.111987925151757, 8.736703504020051, 4.1334060451443, 5.185843896018342, 7.456218960639738, -1.247464492010961, 7.896775815774069, -5.314851544007655, 1.8160513424988738, 5.345362426286082, -2.1643540470709652, 4.577147637265241, 5.817737713434855, -1.404505741441821, -7.373019165689433, 2.1591714608624795, 2.5452608872025926, 1.464910624106958, 8.493029139295594, 5.2124259343070225, 6.071243699241812, -2.1457870876480585, 3.2652884331750576, 5.4218346940039, 0.941015047469587, 6.808811810805775, 6.9324814748728265, 6.013204261429076, -4.682598901518654, -4.2964388537765075, 5.243625260224728, 2.9976651120360414, 5.692307967733288, -2.83156744095067, 4.7004009429644364, 1.6026266142364272, 5.360457202286457, -6.497268337584453, 3.4416964979127442, 5.934507450856235, -5.980650091751231, 3.662598434157628, 3.2970509179270837, 4.244007525568358, 1.0324749995770763, 5.605434214878872, 4.186805261830004, 2.297670466053353, 3.3723836062444232, 1.8483574155312006, 1.9332516242146294, 9.781053872389398, 8.160615689764644, 12.122172609816271, 6.133380280194855, 4.831431751367405, 3.1431851101330888, 2.299036601576692, 5.251070071286729, 5.959427065841455, 2.6865135729642904, -3.8903492620087787, 8.975832963614916, 1.3150105437856585, 4.110277825809714, 4.7296712886410495, 6.353139803740244, 8.257810798202202, 3.375341905212555, -6.059167627982971, 1.6865814628617586, 6.938474349506815, 10.24570938100436, 6.647744247421313, 3.260118179497491, 9.804906585765309, -4.4818305751357475, -8.059593923922423, 2.781502717110842, 6.545465388156395, -5.3805136228005725, 4.401958691250096, 4.641941533686174, 9.911028157168156, 0.7469048774006699, -1.538344680051109, -2.254472290790316, 2.246079581699586, 4.233429107810188, 3.659570983411387, 3.327512299926868, 1.686361134743123, 9.847503564234692, 2.8957047942808387, 3.2675542191190288, 10.148624469979948, 4.845455114133107, 4.733690619397947, -3.3177396390326708, 0.1264078405863192, 3.800158285768092, 3.8848904601547214, 5.7233395623238925, 2.2497249476415417, 2.80544631909297, 11.22863449867616, 3.397617959433858, -2.8456064802391676, 3.260644841704314, 5.847344663294994, 9.486247851141266, 9.46803221931756, 6.657408363084299, -4.823842719932322, 9.882160583304005, -3.9426654538472725, -4.767416115962272, 2.6658848034563407, 1.6626465623075477, -4.170338577496447, 9.300195243919237, 3.8705615837442293, 4.813732264090707, 2.404015055795508, 2.311366894143699, 5.044236455573846, -3.1644854645938447, -5.026736035212212, 2.9265863476463343, -0.15751781358284678, 10.147723447392668, 3.4544109219341714, 2.73114744888791, -3.6021811887570108, -3.818918338454461, 2.8044833979269996, 4.7467706482994325, 4.681726155730579, 4.463273869187343, 3.176910232622419, 1.018932065360795, -6.014822927301531, 3.540031471170655, 5.077665944942486, 4.913452148215775, 2.9127477616340673, 4.1444553663220605, 8.350634073813605, -4.7342402369795735, 2.3189087541739095, 5.268070414909957, 2.6165724770146395, 4.343411383700717, 11.795631663317575, 14.070631195191247, 2.1421179474918564, 4.028896141971764, 11.73701695733037, 3.8794418746666, 6.282204090875552, 2.8617040926059323, 2.931032061542547, 7.513660114413471, 11.62491128591254, -3.855505194368657, -6.422939003055285, 4.210856322314895, 2.4655057393235147, 1.321741974935462, 6.225458882543486, 3.2095073283516466, 9.016921579453143, 4.669910114828025, -4.082983079550014, -5.624388556346007, 9.064686754166342, 1.95078786920433, 3.4006958750917735, 4.254110923471339, -7.333368261013406, 2.434316056948193, 12.565793769848149, -0.4444357931147987, -3.1955142691874117, 3.220728313172002, 3.217198254638285, 6.192912222936576, 6.59702802552892, 3.6075859231640512, -3.2168729660519797, 2.3625047107560606, 9.583794053978927, 6.098226182041236, 3.5372208836662793, 12.208418680755917, 3.9156218119619473, 4.591878963513678, 4.654656886273493, 3.9020783266528527, 6.871949625928114, 4.489046253387869, -4.17871915838142, 6.484928650711633, 3.1602845860746287, 1.8774635139531837, 2.975227891191898, 5.963705044585425, 10.171809373668935, 2.591575993640804, 4.981102389857869, 9.700463093444077, 4.542469808883646, 10.368334361649508, 3.7383819176849755, 5.3029907424201514, 6.700235531665858, 4.662247568978779, -4.933798325294678, 1.2921921680003046, 5.038430816491431, 5.262123009413661, 9.726787006714293, -0.6830361000740696, 6.364092970156663, 2.8124431858084558, 14.540878121126827, 3.9810633020748467, 3.6107937224114135, -2.521903338848529, -3.1583178906251757, -0.4810415745206295, 3.2342891240033635, -3.9168871594108805, 6.777272524195238, 5.611205702809347, 2.0072568116690337, -3.3642504359136702, 1.1759113241778136, 10.835053028571382, 5.188752182186411, 6.974761674051088, -5.782987228280787, 8.96493601694645, 5.25179882897818, 6.73792560140083, 6.159511754482588, 4.245748431124348, 4.080994368868987, 2.5579631439534536, 7.809840373057719, -4.203553372427088, 5.6568791251439015, 1.521980195821789, 5.116145311619145, 5.217285656791508, -6.566539714272324, 4.548650738274155, 1.667591023877752, -6.645368820854829, 3.2070826242533634, -1.4809216121697388, 6.894382789687719, 4.719122856082528, 5.416743600114995, 5.455305670425905, 4.304979741052965, 6.647850007078739, 4.445700379935678, 2.2095817939354583, 2.4761905758827907, 2.069378584741424, 6.564753035102494, 15.17964590140952, 10.410924630704713, 10.98216334340725, 4.065195941639043, 3.330577052831035, 4.228383536411792, 3.5196224173263295, 4.915765956517029, 5.705022014329067, -3.688098766346561, 8.482636674880098, 4.992365912965997, 5.411324433457923, -1.225273970193461, 4.1631539434181875, 5.380701375834361, 6.314510269051166, 9.02968538925223, 1.3026575277195125, 3.257726047458314, 5.48925476645579, -3.948294945478272, 3.8723288076933176, -3.179491148302955, 2.4542191103875783, 2.176958933057552, 3.3314744534125733, 3.9582667216894527, 4.328182049789272, -5.553685438451619, -4.037129876482444, 8.121963948458548, 6.315043426789485, 4.68125293054605, 8.912755883971878, 6.526643928070288, 5.143342038543437, 13.66896174800252, 5.173385168691419, 0.0455678703130533, 11.830445646912908, 2.2256016749065037, 2.768045458067023, 13.889588293180894, 2.581939552590711, -2.9945133153376435, 1.5249193870972246, -1.9001517610728307, 2.441371124960973, 7.393143831717548, -5.6187704708692365, 4.929751043835127, 0.35776876951569453, -5.79168424710102, 4.787664363661466, -1.4601613772456368, -6.429370870934866, 8.65421095559441, 5.415993210062552, 3.7773939149711215, 5.252425812126807, 10.385799404923233, -2.077892452335926, 0.518844078904043, 2.0062437459101456, 3.5777902881350583, 8.876143020799695, -3.6153192086573305, 4.235115026736422, 2.904315259647681, -6.206895723687107, 3.2195657245683966, -3.2129113269559544, 4.758742401651517, 3.1660802476746976, 5.483623842092716, -4.078128576258042, -2.11392885640666, 2.6677003123701852, -5.154958913619661, 3.6884372932155793, 0.7841287651931761, 7.750342040458542, 0.9937581951184823, -2.2150608385040096, -3.4820215018926217, 1.31314019392169, -3.6232141807751974, 2.895938027411021, 11.002817110851673, 13.179816756608332, 3.2150216730104058, 3.94499009197037, 5.557374941036259, 7.259576045727434, 1.9551142129285404, 10.218431795897098, 3.4142909007750037, 6.109394756883992, 8.833299914017138, 5.013192269449672, 4.271536883373144]}]