script/wind450m.json
{"header": {"parameterCategory": 2, "parameterNumber": 2, "lo1": 3.000054539987559, "la1": 64.9999836372058, "dx": 0.5, "dy": 0.25, "nx": 34, "ny": 52, "refTime": "2026-04-12T16:00:00.000Z"}, "data":
[rows 0 to 23 of 52, columns 0 to 33 of 34]
-7.755598850088696,-5.80910109087163,-5.11789981686141,-3.380855046064923,-1.0942776757466286,0.7212418233279899,1.393344452107757,1.2713139149624468,-1.2618041329620109,-5.0823657776045374,-7.635380542345726,-8.282387862383025,-7.808918228726482,-8.40348144158787,-9.549661894869024,-9.26792588768027,-6.776083819915242,-6.964035258153314,-10.297662901644323,-11.0450885850983,-9.60152791250337,-7.262874079554259,-10.455242391669476,-8.085893249848393,-6.422934803953788,-5.567725751039146,-4.553674534133727,-3.9876083956370665,-3.75644696639337,-4.097938580152014,-3.784128017950714,-3.6544066176570063,-2.830349018967499,-1.698851978898072
-7.13284487619809,-6.161703116906946,-5.581960161344554,-3.3317862183888582,-1.8300691880154254,-0.6702096775463046,0.8330956393864428,1.818943662386039,0.8939911998587262,-1.6407127023483667,-6.0334414787428905,-7.993527084406568,-8.158329972368648,-7.611042247004385,-8.99526382969471,-10.033740062948123,-8.647928025791682,-7.029334567787728,-10.104965964515657,-11.12052666040251,-11.621732341398795,-8.664173045421407,-6.367064367223981,-9.275553803885925,-6.286767954059108,-5.807319207402977,-5.178014830242586,-4.4851631515356605,-4.293374731165398,-4.304921030479211,-3.1533635274839855,-3.194819337951147,-2.636313610910444,-1.8142155824166513
-7.11664716577747,-6.0171599858960505,-5.305438014831886,-5.183195487310077,-4.178838024327101,-2.306368860671654,-1.0268886779485238,0.749247411828757,1.223950762469813,0.47415923137869387,-2.894563041703196,-7.694214653281745,-7.46949239950142,-7.805288388500479,-8.741679825449436,-10.276044372302744,-7.815623367836195,-6.804267956566808,-7.475378892898693,-9.679967856228256,-10.648771851707915,-7.352921416315091,-9.2517329392163,-7.347619426540367,-6.59939199582332,-5.03044020811948,-5.674445521885373,-5.0152323088014175,-4.628702254283685,-5.087204210936129,-3.4379803386416303,-2.777913719772487,-1.9955423546716677,-1.338000446428397
-6.607964464740383,-5.905879145696195,-4.23530016372498,-4.571037712374056,-3.420990974785357,-2.9117257653189355,-1.5480996502381252,-1.3153411313279286,0.10383115589030205,0.6182650579878222,-1.0213978559650592,-6.898376111394773,-8.609137600185441,-7.9728563700934965,-8.62909995059189,-10.11860868741733,-7.547370765105623,-7.970556220121096,-11.849466935942466,-11.01264649161115,-9.928625147953786,-8.462458000483544,-7.122291889756362,-6.364315170606825,-5.480786437402835,-5.979632951437605,-5.635959853173527,-5.44610590484175,-5.17799005748768,-4.936225569816605,-4.336277929843522,-2.2592302272106672,-1.6855220491895233,-0.32892282757744673
-4.841197369464778,-4.181732717697563,-4.120149847640967,-3.5047391503988217,-3.8991095378342697,-2.656254105829393,-2.1635934605549485,-0.9616561789102305,-1.0306947169953793,-1.3085904198552598,-1.7422717776699104,-5.42618789772472,-8.368747782232381,-7.893810404912597,-10.47398620803641,-10.809808184727064,-5.505067629318027,-7.56561941328203,-8.339698085310882,-9.59733030332442,-9.155085092720931,-7.001743534788454,-6.15284023442269,-6.491362503113799,-4.282754038793499,-4.663766517568429,-6.5289406337946145,-5.34126334106768,-5.550011357904552,-5.4588970486164206,-3.81467956227052,-3.1040994638504897,-0.8732582653819977,-0.5365623245965009
-5.412496871335211,-4.655465894677832,-4.096814378757659,-4.119310261086978,-3.9726945970534024,-2.9075573076996473,-1.9517799237933835,-1.453355455558082,-1.2314186850232993,-0.017544298418543425,-2.083855760521533,-2.373215060562542,-7.030429514584547,-9.963090746618777,-9.73706714161098,-6.446512328159542,-3.71397719932135,-9.625816935089006,-10.716124661736016,-9.463013927726696,-6.91310331693207,-8.633569327916376,-5.312195822196431,-5.244540007216854,-5.414785229053388,-4.994437089231487,-6.2303774453503875,-6.212976913989946,-5.0079812420036065,-5.713899009627657,-4.634777357562145,-3.386110108289776,-1.5684240145929842,-0.043436056678309784
-6.63779950225295,-4.662051330523127,-4.529940255297925,-4.86126904498758,-4.4397900464152915,-2.277001448714364,-1.8750527663004661,-3.398715297601534,-2.1797793536842276,-0.12774630361040148,-1.2692930719704503,-0.5324565169772848,-3.090868112241257,-7.654915165356157,-5.750891717131756,-6.560927289771869,-7.584027792882781,-9.587472970620055,-9.711405056409697,-7.388741888098739,-7.656131060901171,-5.805533402015177,-6.588041857539725,-4.63673778453973,-5.049975784102927,-4.628562548550396,-5.067914388933261,-6.884898012860755,-5.979323635425113,-5.460825176267659,-5.157914007861311,-3.8322248858837433,-1.7617361649264252,-0.6655559186185036
-7.588971179458233,-5.088569045281101,-5.849693886977333,-6.496904967072413,-5.330953110116005,-4.865106535648801,-4.790791687630769,-3.248528255844266,-2.14762489257289,-1.0698356640997086,-1.8410141021018003,-2.5407706275721678,-1.0360988973553624,-2.407710251419056,-5.497857782477722,-7.764460738855467,-5.891035104259857,-6.944550628567108,-7.467921155759282,-8.056746809398216,-5.642341015918615,-4.847856228804023,-5.507443374488419,-4.617869907434896,-4.402290827329307,-4.972804519542801,-5.927421870157705,-3.8630166105410337,-6.374547508129231,-5.294907911536282,-4.892811137258491,-3.550968618255646,-2.3403970661279407,-2.038300527763566
-7.051819118494489,-6.854907096626905,-5.5446695033235525,-6.493604925631739,-6.29809331018012,-5.6459166438844095,-4.280853353120097,-3.648683474375827,-2.475241864663546,-1.8740091658661386,-3.9246768575601707,-0.8159537214939938,-2.59330199075123,-5.1397699114085045,-3.4773606311450984,-7.841486440270584,-6.852169418838635,-6.9692037857781335,-9.19253477599622,-8.412765655051123,-7.11096099611394,-4.812403421538527,-4.407936455565349,-5.062924218685799,-5.261816159799941,-4.628494456289709,-4.620020464031889,-3.893568964089849,-4.458906498718072,-5.2672476000669555,-4.5687859703681015,-2.8253081059513963,-2.5801995424924793,-4.046895120055345
-7.366434075260319,-7.23512669602009,-5.7696008884560674,-5.85391390614762,-6.0596672806955345,-4.799941423772005,-5.1934092603532775,-3.964778286531587,-3.9865319321626727,-3.4849524702982957,-6.254219812239545,-3.3468619999584814,-2.7827002166984616,0.20973617935620437,-7.356458041405234,-3.3843431617762896,-4.984203343443628,-7.632196435220148,-8.033316829671737,-5.414033712221951,-5.153876573622267,-3.86982703394762,-3.632227389158039,-4.748552512637541,-4.285339795076241,-4.8976330877836425,-4.4883081484738385,-3.823124451426393,-4.99631974120343,-4.642240574676726,-3.7668055326434438,-4.142940935858693,-3.869827215432764,-4.715095588816858
-7.8886383716385,-6.196661820206933,-7.170839575816572,-4.342094125950473,-5.213241907749687,-6.354536822873463,-4.139533303355169,-4.944433275812962,-1.484655704372865,-5.8060778255499015,0.25220734501214165,-7.264143252084099,-0.7047884080029656,-1.7964650541519942,-2.826036453559678,-5.272909003286861,-2.4853446992666637,-5.315251859421179,-6.108936014749359,-6.240728915099247,-5.278795163306598,-4.558617747673896,-3.9423982885283846,-5.59279644718612,-4.117528352269951,-4.12775601636697,-3.990623996878021,-3.9259602006967134,-4.134266686278332,-4.8190442457852845,-3.5563211260565337,-2.5528505399338024,-4.272000593255576,-4.486923899334647
-8.777914676725711,-7.429740324787797,-4.953105148560119,-6.745699859607188,-5.50900872112054,-4.9242276321480505,-5.883842209986383,-5.499590351551479,-0.8181017754492667,-4.816536309939003,-7.391866533300573,-3.87562736144389,-5.68340837581539,-3.2272009032856848,-2.1725060631782864,-4.250996611529727,-4.054999683203857,-5.485925014234135,-5.697911849791068,-5.939362602983637,-6.267105137129054,-5.362669506764698,-3.9676884741292335,-3.44840256905716,-4.113683307112671,-4.596847169074275,-5.248370211825285,-4.012378157066354,-3.020560559140621,-3.991517487923145,-3.677116705055114,-3.148813267057843,-4.186638154357662,-3.600026835396715
-9.236068423095647,-7.09023183850937,-5.730328386081966,-6.852315387966035,-4.999332022059321,-5.620563724142746,-4.408794920695545,-5.405999756468009,-7.0807329298453885,-2.340701215947667,-5.517721985535236,-2.4213369838120697,-3.4169874699000293,1.118468951995153,-2.9570658379425585,-0.6294117825789765,-4.4999845798620255,-3.901468118935784,-6.190659708382243,-4.493283924522294,-5.785405915976546,-5.092306540963456,-3.799553932243006,-3.610936926328798,-3.0003476446495716,-6.127899695132718,-6.383106409024754,-5.242121984395445,-3.2257396506656892,-2.722740464901927,-3.4940112881933847,-3.6568333133515987,-3.444556350471926,-4.141748944930209
-9.833303741838904,-9.571697002893131,-7.7308175454317904,-4.668170930559367,-8.063064739222167,-7.611845327436755,-3.304126809546228,-8.155493433151449,-10.863033477488745,-2.6884781174970818,0.3549696783674221,0.1397518283715051,-3.72730463799199,-6.035401002831839,-2.76985836723252,-3.938467262506554,-4.738613295873481,-5.0737738106874515,-4.507883362107321,-5.207253159436757,-5.189526294273344,-5.715140566010256,-5.0480881762192205,-4.234267905631745,-3.8890766894042126,-4.636721313627935,-5.728840300484495,-4.443000179842838,-3.3670113443205985,-2.0736999668310867,-5.391225844939141,-4.029230720220337,-3.297142866568265,-3.555464181040308
-8.923968882230055,-11.578275932901537,-6.984152696912777,-6.717683774747193,-6.358442040024236,-9.45899710083834,-8.598726651806766,-10.095515654520842,-7.4182200619913115,-4.70441682810368,-7.420014736171036,-2.501934141452599,-2.2135456836740808,-3.183215551758702,-5.850577201669259,-3.444350587855359,-4.891094109383811,-5.371155031951768,-3.8339783539272134,-4.1704041732463875,-4.436325588168167,-7.0980894794560205,-5.572822514485501,-4.16527877149007,-3.2352242100247497,-5.671347404474794,-6.656098968054657,-4.731333158564524,-3.958137508267151,-2.058581554831394,0.5076620017270946,-0.4984200516088397,-2.6035773792951042,-2.6708916582799067
-8.733156145401402,-11.879165078744991,-8.930052501891213,-7.442807146664351,-7.150323435208361,-9.812155677996676,-10.158056608516008,-5.441567628766289,-7.0184470327768995,-9.775015292592315,-7.77146552448363,-4.046535944431338,-4.151245757421341,-4.1269736679971585,-7.513821404143644,-5.65472054556496,-4.0220483711249395,-3.9118844461543416,-4.4905457536256215,-3.3734270022097763,-4.422177591887032,-4.9083660368042965,-6.815833720422583,-5.221891318937685,-3.66583951548254,-3.415362385017193,-5.088353511764166,-6.357369393919512,-5.451492407547958,-4.361670994878293,-1.7589460434948785,-0.7041066686264106,-1.9231774803110688,-2.2539964792033294
-8.616987146330192,-8.760703633502985,-11.795829552491297,-7.752393800266145,-7.059483400715568,-7.690043249850253,-4.539835394206369,-7.262304369841675,-11.629859613068573,-6.266263896635832,-7.175657483950296,-2.5563653841601046,-3.565409830499543,-6.406103086394292,-7.111725215442098,-7.42779419835858,-4.9199156694321795,-4.327269735824497,-5.394017004213478,-3.4353164673099026,-4.515840041891373,-3.5008739158031856,-4.245145680167649,-5.722189935590668,-5.13647840401301,-3.7511901071218063,-3.8592992842235345,-6.365031561345186,-6.688663731352698,-5.428269713334576,-3.9764088071851798,-2.8145699094901575,-3.972392132096811,-4.195954245499264
-8.736928431341662,-8.116286109792512,-11.946719749388318,-8.636565269758794,-7.683537341420386,-6.764828668551108,-7.688185146081765,-10.158362289316372,-5.3339837902633995,-7.672922854352828,-7.455787565892163,-3.3787664334903402,-4.082466487462463,-5.198874514815178,-6.680448950776104,-6.013601155678924,-5.680228407309303,-5.88410281396554,-4.954902970872165,-4.857379319238368,-4.637595641073292,-3.668770147106736,-3.415662350543036,-3.491910524714737,-4.85328382795029,-4.443536994476768,-4.2055141756045105,-3.754424024541903,-5.49661443071053,-5.04429837270728,-4.48797518489196,-3.939303190920194,-2.8660869157836384,-1.2027267851757992
-8.272340206940465,-9.438723411505864,-8.369057656948284,-11.10645492187585,-7.63876919027331,-7.697571547909009,-4.346614263512724,-8.985800299679498,-13.249905551230842,-5.911194436462266,-5.924060450250037,-5.461454412695937,-5.893789992833597,-5.303087673381419,-6.119990685037548,-5.429827582078042,-5.387093329648917,-6.154796609340806,-5.114620632206604,-6.834097285705786,-4.765579062479568,-4.165534743484675,-3.0699030223948007,-3.018555164406641,-4.680711656579545,-4.69258555861139,-3.1783702184925877,-3.758076100023093,-2.9304714076829788,-6.357459685689617,-4.304379367577583,-3.8523044640390953,-3.295510899324117,-1.5295580911078455
-6.8585849034158946,-9.862587444272508,-8.475706276998318,-10.583033745448544,-8.706472804843782,-7.562550409448523,-1.3589230665591359,-3.8143580130137735,-6.183945440889328,-7.260771142234007,-6.453683084974645,-5.715468858229213,-5.788220245682118,-3.9207018169697654,-6.368192392973233,-6.59313011447589,-5.6185039754534,-6.042482047713353,-4.141196744098785,-7.82590250603177,-5.3177663223874605,-5.214825340550726,-4.625143357733787,-4.126077386322782,-4.581326766284909,-4.379279614519104,-4.3128389287820825,-2.5192231337410775,-2.7665044131737524,-3.8666676816253034,-4.58509024317082,-3.5804947249499643,-2.4154346190253206,-2.680332970245205
-5.799176681424744,-7.121996639662429,-9.563392075815237,-7.322264560866445,-10.608479380622889,-9.843501213725537,-10.6951329396376,-4.151458863864794,-3.4881323461079523,-5.454881710313182,-6.708825105665769,-5.644543198774957,-3.963618253172918,-5.872308022997551,-4.514869717530575,-7.970514171748888,-7.103075665816317,-6.644188462602333,-4.334058494078076,-3.221072021616726,-5.619894764713089,-3.7467510483137465,-4.062145235859363,-4.3602522690659455,-3.8140899184793713,-4.482575098475302,-4.560318338883717,-3.362079678491481,-4.268759661812459,-3.470327062782161,-3.863924836917809,-3.3520747168830756,-3.5719674429930195,-2.005531485266478
-4.101252037415664,-5.660795937855533,-8.617000761595964,-9.60305770529818,-8.91452301210181,-9.190904891942486,-13.788451874715667,-13.284827466922017,-9.240679518370664,-9.277264713453697,-5.442314149818829,-4.874371384772838,-5.227587156738393,-6.59217093009403,-7.842023697099152,-6.573156049823327,-8.9584215245767,-7.636235737685756,-3.808187419220858,-4.248733738912027,-4.870792731630914,-3.8372054274008995,-3.3180258189652805,-3.5403583594698853,-5.450495269244443,-4.212788838350144,-4.735925761595063,-3.9311150046478454,-4.4160587213944416,-4.489495051402561,-4.793991516396964,-4.236657987835022,-2.9609369353468145,-2.9519217456116063
-2.1682118146593923,-2.705918127451661,-6.442765553712549,-8.34529034158141,-8.846543386672666,-8.33268641981843,-9.179737288762723,-12.409160037524622,-9.411137815592191,-8.868212886837883,-8.518068195719199,-8.085434051254667,-5.8290793574832085,-6.002423461845795,-5.49683817224275,-6.795610371033447,-9.805676203576654,-8.107982571198578,-5.273677316632788,-5.048887309941334,-6.801482420734129,-5.425187930584735,-4.1753880826426295,-2.8808357164532206,-5.253506820723219,-6.732588375919185,-4.39996430072337,-3.221473660394068,-3.396987633527974,-5.38920718753863,-3.300091303045251,-4.544251911257289,-4.267680768004519,-3.1588528922602537
-1.6142753817878244,-2.548935153702095,-4.006164402573059,-6.498706837534172,-8.992405872093155,-8.499003525343273,-9.156723849280294,-12.950529397450968,-9.7251776452691,-8.235864097014003,-6.480526124415348,-8.205666162074719,-8.545113699721082,-7.456805415125146,-5.734358290055366,-3.689961183845797,-8.863654408243363,-7.974018255811679,-6.478125397767355,-7.50162756699151,-7.026449899877694,-5.474733333795114,-4.347033271174762,-3.2078372778410853,-2.833012594384523,-4.611739095737158,-6.162297444202247,-4.607117756127676,-4.148935242792329,-4.1462581727970775,-3.933463226313553,-4.8452443747503295,-3.981086744911555,-3.5801501534086566
