script/wind100m.json
{"header": {"parameterCategory": 2, "parameterNumber": 3, "lo1": 6.000198445256149, "la1": 58.999992894266676, "dx": 0.5, "dy": 0.25, "nx": 22, "ny": 24, "refTime": "2024-02-01T14:00:00.000Z"}, "data":
[rows 0 to 23 of 24, columns 0 to 21 of 22]
-6.205874282618005,-3.6256293979123493,-5.111091197571291,-4.226934947530447,-5.807508044253385,-2.346377808146666,-10.055225955518644,-5.155877973510018,-3.2671095099332814,-4.817042410729057,-3.833800740294692,1.100307087530807,-5.134676421874447,-0.12666875386560766,-5.274170310521671,-4.743365365260777,-4.143225118169083,-2.592110560451804,-4.629329262209924,-2.0185730009214793,-2.7627961844630504,-5.582434355805831
0.4410470925883097,-6.723011841032379,-4.778139956898819,-3.5778803625971043,-4.832062551083787,-3.989677528717302,-5.990662752277721,-4.278555113484789,-9.453047144412736,-9.22432403365303,-4.811182041658703,-6.721470817261255,-6.4282800104273585,-4.276624357579166,-8.818541268772883,-7.282260573409232,-4.96627756461752,-2.7142093905500606,-9.708996460983045,-5.690450716507903,-8.893474546641103,-2.366112286577359
-5.165709541414313,-3.175812411998879,-8.628250152099481,-2.5710489666726004,-3.6668981856979848,-5.4503115559191215,-3.7586777722916564,-4.940178244696626,-1.8213732047851092,-6.13497189247073,-3.516929614149785,-6.636164129710428,-2.6488339659518325,-4.784214230331645,-4.161177585148088,-4.178593433096053,-4.822136965092751,-3.445891144504634,-4.515714119191452,-5.462367576576302,-3.2633451296909683,0.49987216622014286
-7.390506150016802,-8.462067359624474,-5.532114419973897,-2.415706413141242,-6.26924152737684,-10.632775842820287,-4.9875728356733635,-11.335551076310965,-4.898106576841152,-9.26670022844306,-6.675469657535733,-3.183475366651,-6.521022562493466,-9.073421737008255,-2.3233807865280984,-3.956039766336289,-4.19009280225937,-4.831189677129537,-1.7955059973416287,-3.7210713418858936,-2.4576577261058583,-6.875330959951046
-8.841412493736096,-1.833903440547228,-4.61698021642585,-6.1850890573132995,-7.170234711255391,-5.757644669662979,-7.316033704618914,0.5453930175283855,-6.157609669005009,-0.4684818403501193,-4.5156492220017155,-5.067833591507223,-8.989093666076231,-4.057193367257222,-0.15333303967841247,-10.347843093986086,-3.554882279732631,-4.377279479325773,1.1936406852469987,-5.56688696194328,-8.624559792975095,-5.317852429650862
-9.680916888811758,-5.400543218656803,-8.656617381837204,-10.993995622090653,-5.7983772659307675,-5.339849967110913,-1.0918755550061188,-9.114507208140719,-3.733542713144743,-6.457399106924372,-8.510308410850776,-3.9564240230599372,-8.037721559431915,-4.123629274605733,-1.655582750315118,-7.723896483557251,-7.3003690029581865,-5.4920868622206,-5.038717827899875,-4.387672122842701,-4.532282914920261,-5.70523792790438
-5.080954099037922,-9.149168859017859,-1.5225163285858596,-8.899794929887957,-4.386499432514541,-4.633990893366693,-9.447381032346238,-4.870149587889036,-3.7222470666780887,-2.6513763398584773,-5.515349614844553,-3.1893235230685146,-3.1915155795906456,-5.509017806617578,-6.8446344285182255,-4.416785860728039,-5.277088835080018,-5.19959614345777,-8.168297617580233,-1.3292328193012983,-5.99036086053902,-3.4101633459189693
-10.036588392433627,-7.373426015533314,-6.093746433378507,-5.870672211715922,-3.565316581826406,-4.7224225180870185,-6.130253811340266,-1.8953851421900123,-4.9822207544879085,-4.572631686836486,-1.7429514531357455,-4.8852296768954195,-3.3898254200324125,2.5422248811152457,-6.591640737224068,-4.979365790048285,-7.3464895964062675,-3.684180260565717,-7.276113204103691,-5.98770835913948,-8.70477101308131,-2.376612227007
-9.183066512213884,-2.6069725746425183,-4.8554660588262575,-7.416813078337137,-6.104454197269237,-4.963627234756056,-1.6669230091393492,-4.929562358459901,-4.858846756705234,-3.462795882420354,-10.488114291154337,-4.8602077878371786,-4.902100016559556,-4.059554357440316,-5.968789022169927,-4.321516251891464,-7.979752947099281,-2.4933397222830003,-2.1867065643195764,-5.563510694640604,-2.6682650513925266,-5.663488308557752
-6.415546829015605,-6.11636881228315,-7.002139629200173,-5.180213149288699,-9.040557102143996,-2.773516697886027,-3.579641694645785,-4.181377324733899,-8.452424899798814,-6.757931005885582,-3.877666068071571,-10.314224370167159,-3.857027497919708,-5.189867846961069,-8.666613384221115,-8.835755724916437,-5.860649690135576,-5.468091938658911,-3.090646785759084,-3.6935757777138902,-7.275504099697572,-3.1407115288916834
-5.109995009129097,-5.2393910539564015,-2.344551334481223,2.569996461988414,-4.925296061302529,-8.36993640470179,-5.899954075880274,-8.103755083086316,-5.286431307378169,-9.906433277589533,-4.494636428181672,-2.897576067216104,-2.9645584403930667,-7.324395223220696,-4.765103817697787,-5.406633708759554,-7.945471846676624,-5.816714006660265,-6.69225398253182,-2.4109182278215964,-4.103705160224111,-6.324793429542528
-4.568443780808525,-3.223446727521294,-3.639582109489374,-4.303031745505029,-5.894567190070829,-6.037426360830494,-3.636729925618086,-4.44215608461016,-9.03287133385341,-5.260321764871576,-5.439980996778881,-4.553812093886969,-4.651942929112433,-5.226737920670786,-4.10268799481125,-4.492477972409648,-5.698685032965669,-4.349539296440622,-5.969548710288168,-5.87568669502625,-10.624695569568047,-3.9383853434372607
-8.61813764357585,-7.9697689706485555,-6.214200899153452,-3.1877648112423893,-4.238928954305896,0.10005053519147535,-4.095843367306083,-3.2525517315403327,-0.887673370306179,-5.484967640399476,-4.166371636526168,-9.607951778010015,-4.767365870407388,-4.66334771635974,-4.265955462660836,-4.886626229935868,1.2647222873897126,-1.467812733985949,-6.321884586287981,-6.144200734367903,-8.462072616925964,-6.9587272049912
-6.469181630465171,-3.5203994530513536,1.2616091402546827,-3.2293460593901413,-4.265709438336524,-4.634567426522962,-5.609890338928513,-2.364103717742165,-10.379781720969095,-1.0629821558189316,-4.076724976754664,-3.2336531899623853,-11.279692283319749,-3.1125088455791845,-7.263912012548088,-7.919243199316719,-3.003440278529618,-1.5915403811146285,-5.005375323709424,-0.3280228420954517,-3.8359126806363264,-5.700903834516666
-7.793232000478444,-4.693014046285459,-4.386601746754678,-8.698996591390545,-4.5815403983191185,-10.582289246506747,-3.3228171470302943,-4.824967776012677,-5.6184890052831715,-6.688111145904267,-5.641444869765863,0.02286344310796402,-10.333660118767847,-3.380607301545573,-7.420514021309744,-5.526430931083193,0.6361709563628873,-9.322908068143924,-5.289400847115775,-5.151876150213832,-4.651104676392849,-7.45147997331185
-3.355580242661801,-7.802546672939468,-5.105083377712275,-4.3784912759104815,-5.809256054592018,-6.919521151169302,-4.484247602600986,-4.728312886375281,-4.332435957699584,-3.0399985208541764,-7.5495130302181925,-6.32190906631617,-4.3118445431610875,-3.0471111335804753,-7.106210022742962,-9.587697763982446,-3.161515555929804,-7.884095573106651,-7.972313545585039,-6.721697227966147,-4.385973606741759,-3.46812943664679
-4.214779439292211,-5.084044800634343,-3.6259502606932057,-3.3633439451308065,-5.226759745596148,-2.799666916448721,-5.391094790496715,-4.627088779449058,-5.640928744300853,-6.384506001898514,-4.436139706652075,-9.357048549606555,-3.709374858778153,-7.218273378440176,-7.522013483623785,-6.0478241970053706,-4.183241241835105,-8.887880359602589,-5.953807236036495,-3.0061794244705973,-5.15507986839485,-6.816726156507206
-2.8204541430341736,-4.109724330068604,-2.612814964022873,-7.746350703470209,-5.848511316607042,-8.93846988789818,-5.068751622671938,-6.385310112268221,-5.273100698695442,-2.6232742704310335,-3.4804423749063145,-3.073095366912139,-6.683114397493968,-3.9079406433135193,-5.44049182887756,-5.498054877613422,-2.3004363348084302,-4.517997212304009,-4.235563160574491,-7.466839845227827,-4.544588616461173,-0.353335172871532
-5.318495539171151,-7.008138671947902,-3.3950752094595247,-3.3726448257973423,-3.15782436264971,-8.471269680147849,-1.6296398335405522,-6.003093951116823,-1.0696234808549525,-1.4205099475318441,-5.512128559691203,-8.331063935266906,-4.952145730540966,-2.9922604176368126,-2.8262826212224623,0.7466885935799447,-3.2013617713010767,-4.000830313430472,-4.830835463566444,-7.766412688614837,-3.7523104498250976,-6.032077239045536
-8.145923093794432,-3.663175077477441,-8.76745208278862,-4.449495491405976,-8.185857850611091,-5.86753328622628,-3.030416700040056,-2.7960308181593705,-12.492959359557807,-11.60183730496159,-10.22803186558058,-7.7096216198729985,-5.017806489727158,-6.508299465252315,-3.8493797908154046,-7.2584075027198915,-6.342877375149005,-1.2159846608457217,-7.832130701237589,-2.4743143845552957,-10.35949497988272,-6.910701470088991
-6.653471351222452,-2.1344731441502818,-8.253930549354726,-2.9468589965682845,-5.170170251940715,-6.888253003084461,-3.993807379843622,-4.004879403002457,-3.3092382765255275,-1.6018458892548613,-2.4025089486318962,-2.410160018449802,-4.504196633136021,-4.337581379383009,-5.946484556746057,0.39336277141402876,-4.777990858998125,-11.138898237962822,-4.563557496375474,-3.4288707460426777,-5.085106619844946,-6.884792520892086
-4.369321486618771,-5.904909356464877,-11.95607986501512,-2.2822471885253224,-4.592684035651875,-7.906066731989836,-4.805657735494126,-4.126662344653641,-5.332290655183628,-4.793657950135255,-4.552107714339422,-0.9152589983302718,-0.41725049211575177,-5.607555246102844,0.9705648928470455,-5.068322373461312,-1.8692022386385616,-4.514280484580713,-3.935721080853337,-5.431473855743024,-3.938474771207437,-5.518131232192144
-8.536282892861278,-4.201321056772152,-5.782726521952024,-9.539325350638833,-1.8484622660128245,-4.585615331384021,-1.2984790453348143,-3.015577680587716,-5.14973981884086,-2.1888914971597617,-5.41941441791993,-3.256056925530951,-6.881586909864373,-2.989669203168024,-4.5431388447780785,-3.6593151957979506,-8.360480491811536,-6.572345921880482,-5.154777341626069,-3.061687660837438,-3.0629451405701738,-3.3344483075127105
-8.32753190214097,-5.689839476301433,-2.0235059949738936,-5.186531493314771,-6.1104532811531564,-4.228235129443206,-11.271408652212845,-1.1948876673485045,-9.53319425412663,-5.65484878595469,-3.08427526561287,-3.8560224323083867,-5.058517493445249,-3.5877470209365874,-3.835334488709314,-2.5098608168704106,-5.842088647370878,-6.674684217694408,-7.943795397638693,-7.225361564102241,-4.93712644914465,-5.82456620945766
