script/wind150m.json
{"header": {"parameterCategory": 2, "parameterNumber": 3, "lo1": 6.000198445256149, "la1": 58.999992894266676, "dx": 0.5, "dy": 0.25, "nx": 22, "ny": 24, "refTime": "2024-04-05T12:00:00.000Z"}, "data":
[rows 0 to 23 of 24, columns 0 to 21 of 22]
9.050926890265979,0.8705791393098904,22.19576321615893,8.119849499208566,9.103541746154606,15.117018870201468,8.759345032790657,8.952751094720732,13.344557826207977,15.2493447814639,3.3288649273941524,-0.4430096152267378,-0.16768577604191953,-0.7526849780097051,-1.3904900480917013,-3.568882363795981,3.0494829495749936,4.834857853072118,1.6937218357328656,-3.855638891239953,6.549234155973535,2.6501418201274793
3.670853364589816,21.074992738455293,4.645450651734797,3.942365425367598,15.387576545575646,9.30755758054904,6.120337411177687,10.561745617506185,8.109946786257284,5.7457105975084115,10.040693272165914,16.32080632524022,21.3670032932423,22.268454471364972,4.811519352720502,13.996962659377848,8.774744058268404,-1.5888778070432912,7.53290513880339,-1.321853865012153,7.86940588370513,2.6171795355379195
-2.788827344112988,3.9922419937305165,6.479793213456253,2.3453466598487585,7.397062218422999,5.199902338318392,1.0192484123539998,1.8128760705958056,-1.7809790342952545,5.12221732792569,4.780923014670098,15.946668813601528,3.0475251297601997,1.3393250241109762,10.249949887458916,3.6937013250550255,14.280512617810148,4.781495822591699,1.3304079303068004,0.9173102546245178,2.5174207889756217,3.3713365574016776
5.879214678383206,10.679621222560057,5.258329036661886,-0.7560145410129897,8.711508966286225,8.247791201290179,7.156248951164838,8.20187747050976,3.9764597960955097,7.696514109932945,5.443114138736953,4.92008549354274,5.116342734088968,8.000994014378543,6.29302351414916,-1.4133901528529738,8.364780270969694,7.773331101987345,9.503940911518317,3.4425125138867294,-1.3376084843724054,9.522981358728568
4.732344658811915,7.629860167515036,-0.8850553197661551,11.895831413699758,5.534253033602314,4.418086875062156,-0.02491035055607422,3.4858416109585155,4.374378282248418,10.621999345835215,6.814013665476748,-3.4625258342453735,12.021993496919787,5.268978157297889,-0.6682951454501347,6.752837018925979,8.811904560917103,20.981169483307962,3.6610713440591254,2.1206506054151633,13.901668206660922,9.761582939208635
7.225747936088386,9.279971704201408,4.880968583419118,8.191444149397249,22.320263829768766,17.434578636443536,-0.9990065463165767,13.991326355874302,2.888158030615556,9.662785301759756,8.5735040002004,1.6323678277473572,9.549304740750163,5.072452481034884,3.8330258827195394,7.499855080725295,5.233040396820345,1.5056291852875516,6.868762690974131,1.8355766773686457,8.40639024433521,3.9348772637045824
8.106877633691434,17.557078952594473,8.102494109814549,9.152641287114577,9.000220033222565,7.110476500418919,18.631813750231686,19.72605165995078,16.930767935375982,1.7244129992211,7.859495986411008,3.68436113059156,4.10907540081684,1.8049195101432787,16.70618567976424,16.983652051153523,-2.635583530959118,20.646447585453227,5.485920452089744,4.0159736107769035,7.331255329902435,6.576023629928731
4.866900201099766,4.411812592129107,6.601719090140002,16.406248293565582,6.872164751294021,-1.8266503721331746,4.841954636928223,-4.544587743464585,16.039792064909246,3.1865419506741386,16.220866512070895,17.150609705033347,8.870180280188508,-3.311139917015694,3.048297642537044,8.500730451978294,11.251608628157875,14.236644509545599,4.955607469642856,11.569652922045432,10.100853621096089,-0.2671155985043123
9.078844411537629,8.162489189977311,0.09720642956851835,6.076250468801784,6.564109389425219,18.4627755535427,1.6947355881902173,-3.3608355127993828,20.43809244522443,11.22946834962182,7.994814342194611,-1.6787309688885947,3.74787433315781,10.520007725328352,2.2393647370956873,2.1784031052743846,17.845989130693997,4.755309543489314,6.824203470258467,17.175188018301025,8.925121435669675,8.059353869591456
0.05957867627474252,8.10950540321095,3.673252413299226,4.553571300282363,9.363959505614849,-1.0082228312820667,-0.21346326507639563,4.291571390977197,4.675900623147045,6.405268433115634,5.357337391326941,18.644599405792984,2.9452150336799745,9.180905627409397,9.903316254876508,5.928844669463193,9.232343524735917,-1.2857067676904361,4.273792054384124,0.39068704709219176,4.770463803558549,19.325299402288636
3.0772783457180437,4.398466229374681,7.43445455866759,3.8378779741902385,-0.898871976957626,8.323459401892425,5.721443774641962,9.394870076511625,22.546513127326918,5.880837913075651,-0.2977179013403875,3.3759220273112516,1.923639289937811,15.72313367784308,3.688259313407266,5.20731573084715,8.39586551265583,3.7473227917653222,9.60977995812239,0.023510614884528193,-1.9561567295164433,4.164985313001278
8.513827824957303,8.749696193879444,10.915352106957783,2.4178363799837506,5.901606544940992,7.011662605736418,8.89689432450633,4.684170126217982,19.134095131353302,-3.0565029769351497,3.799453892079205,-0.20221269313030776,4.01692055115757,8.974860797201824,2.0642548325118146,2.4557138279076316,5.518771160719778,3.6434344169329473,22.84853213043493,15.225080359663245,22.3494732059824,10.474663710815443
3.8029225081454325,5.3825148817722726,15.000226611078801,15.61485239163055,8.174911184534258,-3.3934599191683645,4.155809278024394,4.256349838154015,-0.3100911322846835,-0.03037809749112965,3.7693243753637513,9.545035209838115,19.67873475135802,10.167120466855767,6.776645402400502,16.80036957582123,-2.300876835743445,3.0817452893032313,5.987454703863447,7.985274968778797,5.8930928085175545,3.144775345065169
6.658443647337942,-1.0685618585259604,1.2215226543711672,8.791029170041428,3.707049683435502,11.3714414200986,14.40753801967997,8.369789400555083,4.659981459822096,6.947424332020059,3.2540533227199053,4.411544395004808,8.36918054596485,5.7210701563767685,8.834908099934092,4.981743777548466,2.659579187885351,3.6402269844141073,20.42685000684712,0.0857133653259418,13.78676484039713,5.059151661984625
8.321606959385027,-1.1212545651450856,13.478967088178244,3.6911910074286505,-1.5236003556160314,14.701846519679886,1.679296656315902,7.6263912374802585,5.463175675467702,3.7131653211121494,-1.8603057783058494,4.365277469038744,21.55830931177289,16.708196492158002,2.0606280910110604,3.2119541733473977,3.6468044758834828,5.025621845334401,2.0632225579108825,2.4454739126755016,9.850513320384744,5.673877749051172
1.2167191641814576,12.71586623301542,8.800995947329636,13.849912055158173,5.409425631556912,8.143453089287059,-1.3567770990534924,0.0578171297081113,3.4949995293634584,8.660357327790328,10.46438278716703,9.081046498308934,1.1381448645805599,1.6920309946835674,6.626158747533607,4.230924849212124,6.928002273794936,7.365887129366322,7.814892367324251,2.9282906138432945,19.296040974280494,3.815112136093206
10.953969167570603,5.507228488365006,9.325100051000923,2.9847859392147864,2.0709285810220606,8.739217226982513,10.949567458338008,7.097870626571088,8.455611353862718,5.587145112984578,-1.1169562602567809,19.36435999423326,5.5308240675764235,3.893537917016215,5.715065878971367,0.7531017888443104,3.715664830220558,8.889988324836347,11.39870309294111,7.356642935938591,-1.2324860479153712,11.69937081319294
9.803603790314728,3.398830331285351,15.20485094069496,6.553359318554223,9.061581709211247,5.853817837476579,7.804943510027284,8.413760900560712,-1.6110039467739459,4.616040222168236,16.316831963927754,4.496459323841771,16.215271609836645,1.2653113872136539,8.3374995170302,2.331976353891517,-0.48404737930619546,0.023845307736382392,4.231698625549133,12.352048066149798,20.969314519834764,9.787329091290959
5.208503392594329,11.125475259620822,2.9648949102294853,7.614356961119158,8.203312645430046,9.044440443621275,19.344620329353823,6.711903130478964,-2.4983125300836684,5.159689436032217,6.220469488447509,8.159831570565055,3.1251599914825063,4.839811087733648,10.006048601358183,-1.253269128501767,9.649822193009346,7.403563648428012,-1.2969753282146963,5.920911153589148,11.790572661562717,19.246279106732533
13.531558641934279,17.307829347820167,9.252425177573292,9.959906209279316,17.36042814375656,2.832083043183766,10.910239396539849,6.592260011552613,7.2154656496805165,6.115479240588888,7.244364295257612,15.263922936908518,-0.25618047297273144,8.460376058900257,0.8085973484880637,3.3425152451451403,4.406164711366817,-1.5230171300478184,5.023520879620995,10.021229945420497,8.393018720826307,3.479581244232761
7.638889291087455,-3.0498132186258413,15.859504243279503,4.857443485346407,2.294628923811459,0.11212987079079982,2.9277805989733094,15.93074954606314,13.132184516966552,-0.12214621821636036,2.3692993074311253,-0.43498596742805856,9.945209593534269,5.773168235681693,8.948625634724806,4.450550085844591,-3.6904441521408717,5.130428554568849,13.765091671456839,3.6368859245905565,4.6322663798928065,13.455173339892708
1.9185503995833766,8.230080553133392,9.163639725747663,-0.9406454796370011,5.600642449706957,3.398730534304093,9.067961169969985,8.71634423447326,6.285020021432819,4.18227948258682,10.394422642872946,3.19432869814658,2.5142597987031863,4.567966429563688,-4.5340185937522985,21.668605240495626,15.670320390653911,4.415647467490287,11.574994783833867,3.568096760709714,12.374126686858272,5.7280175269526294
7.935379645601369,1.956311507174297,-3.004634148168064,6.534118141530452,-1.7526010767713351,-1.2398587445304696,0.6348697982806789,1.3393027315209722,5.60569240360166,-2.5918653010964854,1.4858250094555545,6.165380667334816,1.564785697343469,2.5594081552928567,6.928009389322145,8.078767683170097,10.908884278405925,8.65968557793681,0.1315339543977287,8.179218140242483,-1.5074657811915164,-0.06967842066522725
9.458255778574928,11.163981687297142,1.8719864943209201,3.458760627414608,-0.5657948349762012,-3.2106168551647802,10.36748110525254,0.018277187612078524,3.949502047692146,4.813162607525527,8.014166542199623,2.80460840889699,4.3430376939402215,-3.396205464390813,5.710321789661795,4.082602735986043,7.21880715730158,0.17320845052724682,10.012284944518616,5.045770559719197,21.37084677312509,22.378596792655216
