script/wind150m.json
{"header": {"parameterCategory": 2, "parameterNumber": 3, "lo1": 3.000054539987559, "la1": 64.9999836372058, "dx": 0.5, "dy": 0.25, "nx": 34, "ny": 52, "refTime": "2025-12-30T08:00:00.000Z"}, "data":
[rows 0 to 23 of 52, columns 0 to 33 of 34]
-0.8458992567659175,-0.9401691318040818,-1.6679723369543573,-2.6593435474565332,-3.710898714573572,-4.814993780019526,-5.657168306822488,-6.323904636026105,-7.714479106939529,-7.520933085246073,-8.684141703451374,-8.489082107801844,-9.28406651997958,-8.327440463291984,-9.955884061654585,-9.828813975257392,-10.285148862593365,-10.551416320689375,-9.167335605281183,-9.025375926645662,-7.855235516548692,-4.427063669255537,-1.7482527553472713,-8.564721889354889,-5.0150326747149885,-5.53390522318468,-6.3795310885847245,-8.46133743098375,-6.3623582997103245,-5.298497368450098,-10.164740603847335,-7.984270156820606,-9.190368357796492,-8.93939946628973
-1.535755910964103,-2.2155584096108134,-2.8166434349565876,-3.860296085840739,-4.795171244273209,-5.545242842855314,-6.137068787263069,-7.191470275631357,-7.9517993245646394,-8.386746658372854,-6.031050426549173,-8.875448810923842,-9.437273274005287,-8.068984685148322,-9.098838374283938,-9.713917074816374,-9.527028939147907,-7.171020097834553,-4.19464877817524,-8.090209178888555,-0.02634021971753821,-3.624130991293038,-7.17966324620701,-8.232204985968284,-7.495792260271334,-5.19433017709082,-7.072390919195944,-6.817785237049652,-8.01494400287788,-8.446256408681986,-7.631629705622966,-6.12691399529676,-7.047148438038591,-9.24920027382088
-2.039346096114572,-2.7678875110246204,-3.746299971017379,-4.942983184136632,-5.020573860342942,-6.361323230027675,-7.108863424397535,-7.811668029171782,-8.230055056686796,-8.440459048173189,-7.057048051445207,-8.106051228157236,-8.40261429209235,-7.303825169123791,-8.944597892222436,-10.485347576164111,-7.303976376248669,-6.665296877214994,-2.077245997662542,-3.6537827091032815,-6.116070612387013,-5.252205311185139,-4.575470261715348,-8.0937465970627,-6.75656504468741,-4.9530470859840054,-5.709014161960913,-7.80614360395427,-8.935695347216303,-9.703449591246263,-8.602973929625286,-8.413443767310389,-7.437326704718162,-8.950138692040573
-3.7752137587988726,-2.6511927536039024,-4.162979506109774,-5.679409946449893,-6.210344466716984,-6.972231070217825,-7.6697031541080625,-8.470048199764056,-8.337750339127288,-8.790727338781672,-8.4277474364315,-8.163769623319046,-8.0663067377998,-9.073880238926751,-8.316546447754869,-9.453594098065645,-7.640721858008731,-7.442860021633017,-6.5637887905617225,0.45044064018801644,-4.019268451209497,-5.083157295206643,-9.65049024540319,-6.3227292528942325,-6.112266484251772,-5.111619508667386,-7.9908646082308685,-7.359988179783652,-8.792316376631664,-9.016914721019715,-8.377256922580024,-8.834594569698556,-7.939441950732436,-7.887611391453193
-2.412172250619093,-3.4912492830544886,-4.949538016453505,-5.541279448312431,-6.523523465204272,-7.3916082363584446,-8.090344142368647,-9.199502901690433,-8.987950615796468,-9.016272494916954,-6.706345938266793,-7.275805829057603,-6.250379547661933,-7.987882383819089,-8.373294958872098,-5.755016048431281,-8.16562896613734,-2.2870395230220595,-2.816588563041268,-8.142063787366908,-6.226622456341891,-8.060741339591107,-5.891363533510424,-5.993056628726978,-5.974710077821361,-6.779725784670113,-8.088901157690225,-8.257737039074069,-9.382896463605956,-7.112004272744625,-7.614072442891219,-8.439052832479328,-8.685871896394262,-8.559754788689176
-3.1420205625145883,-4.008074647682945,-4.865112486349873,-5.661604697686435,-7.193081636698292,-7.964359404715025,-8.136524851968646,-8.396417978817047,-8.497984736736464,-8.314068309550505,-7.256482871118175,-7.36691801337971,-7.523234225664637,-7.742570481662722,-6.891672180410775,-4.63136985731474,-5.29947398801409,-2.9912039597099516,-2.1737434320592794,-3.481366155068174,-3.971844060617127,-4.2594963006833755,-7.267161497826819,-6.20989288922021,-5.604859437798303,-7.21967330266742,-7.036640446322924,-7.595103080061904,-6.757615983905735,-8.44604172957087,-8.634629666491339,-7.123981585394038,-7.686270665244389,-8.865088575678513
-3.7594805092347845,-4.729456185354109,-5.715324337632499,-6.650608957846278,-7.149607846305117,-7.592565967691329,-8.061254371734172,-8.619811250781396,-7.450436178976945,-8.108058782362782,-7.8516331280487615,-7.069749158529761,-6.299463701013982,-6.300768004592862,-2.8661939577171185,-1.41935196438621,-3.8091956748184064,-3.385265352705762,-5.3663957271898495,-5.991132183698058,-3.4276390053679244,-4.004831272723981,-5.595198509838834,-5.509065099518933,-7.336626662687754,-6.739243795585518,-6.429437888856104,-5.415899939456036,-6.294394951717124,-6.8772765613069735,-7.611021228082137,-7.489035202123012,-8.967095888306154,-9.843785019074112
-3.7636357729451744,-5.149764818916137,-6.365618726465934,-7.163605038723097,-6.320033760542237,-7.480621274766291,-7.480543631020851,-8.522786514183581,-6.032952192054516,-7.708491582915554,-6.525310251602706,-2.171344374300984,-1.822625415754987,-4.459512930533273,0.1701302149061844,-0.7318807224238141,-3.613001881948687,-7.124209076160854,-5.852932392000894,-5.519287704634446,-7.632039000088139,-4.51772460467116,-5.740944968470832,-6.7508194853192975,-5.599016328258025,-6.497515576948626,-7.56492335630277,-9.113611003840052,-7.626758414416813,-7.969771183087267,-8.770574091419375,-8.10631727150112,-8.89296399446445,-13.042282034926144
-4.040686887412024,-5.602904217513798,-6.932584246732445,-7.710177564789387,-7.354411691169859,-8.134077486190671,-8.540546563018584,-6.602001633150599,-7.86175138222963,-5.665164731956716,-2.666053279446666,-0.7506004938068668,1.3746822615288508,-3.6501763202972803,-3.6358577973393427,-3.5420647145699076,-9.272373011869107,-7.435035175821948,-7.701442282699931,-10.060083480848037,-11.84427515256664,-10.815443409352781,-9.509720094795952,-8.287286176519943,-6.7134010844082,-7.020710288428034,-7.766251821388151,-5.802214083410945,-7.214400051868341,-7.238198384072603,-8.63464436778509,-9.901699874861634,-12.591556235927127,-14.638898377746512
-4.996151522796794,-6.42171030679702,-7.219882998695895,-6.774393443405052,-7.826736306311918,-7.871328025453794,-8.770977952397235,-7.607538295799839,-5.43501175505301,2.071548949347712,-0.33757058313096355,-1.9155894575611483,-5.2721440223560485,-5.979204955615256,-5.384690500076126,-7.433089418120049,-7.128884819319374,-9.360641364012574,-11.404468360339669,-12.530489923742646,-10.521894281507224,-6.179768037429268,-7.167550618914063,-8.207403989424927,-5.782331881152978,-7.108776964168931,-5.421886095018871,-8.275630815747938,-8.065603403818647,-9.319134709339389,-9.128925462314973,-11.433555191480982,-15.06592848093438,-16.431020647368413
-6.075649416213041,-6.937648183932269,-7.880275015570643,-7.561960715222718,-8.316625878825906,-8.401460107865404,-7.485815100918833,-2.7957828628689603,-3.7959748969863565,-0.4688343171819835,-5.652950864399683,-5.816943923893717,-4.63599911530443,-7.976009226295316,-8.715129898334046,-9.2484149567386,-8.395747387114033,-8.708669739193839,-14.349603425067379,-12.114093173898342,-9.843502093109766,-7.569446552315846,-9.97394657276418,-5.737418322506026,-6.935295606825268,-7.454590342255421,-6.093224471714548,-9.96536836047726,-8.723156273401006,-9.989739482347469,-12.334913327698212,-14.497199567389766,-16.4498740041473,-17.027116982618118
-6.803138920611934,-7.594997553085621,-8.005803164314111,-9.020506561285073,-8.194072124673376,-7.747343090540585,-6.234781318482317,-6.621126507843127,-0.20308491265638354,-6.1479056845154805,-5.31937486168668,-7.295741678164967,-13.019385875210343,-14.932916218318107,-14.207818822646052,-12.450544269429821,-13.127199303267156,-18.950879424608964,-13.31344309443833,-10.224627914281134,-7.872741229779997,-7.804334218433343,-7.152984309302884,-7.7850221999812135,-8.078277480157547,-6.879963021749122,-9.861998179337485,-9.392724674493586,-7.340390289113951,-9.639039471980675,-13.979989738679205,-15.841845111560941,-16.815290723222418,-17.225779065905076
-7.174012454815991,-7.908434431422015,-8.49543269904528,-9.198084691373834,-6.380870776998919,-5.129328051850994,-5.507896227992305,-0.8223501012644711,-4.971784914701141,-5.733497504443594,-12.221864015813372,-10.762667837797288,-11.949883384757298,-13.700500253366307,-12.86241041195764,-11.86171136910496,-12.024126548956223,-9.255120245206047,-11.011597727305846,-9.45408882209661,-10.081491694591334,-7.832601859855503,-9.48791716988479,-6.195750050149533,-8.286728364900315,-9.207234009682642,-8.84769569851116,-10.182433118249108,-8.50506579150845,-11.485000987589114,-14.685253814704106,-15.971737773564552,-17.78297219679001,-18.71774118074965
-8.028722121227858,-8.404957190353917,-9.05352880019155,-8.957922099406305,-6.373336777316301,-10.464222475475614,-8.144566540486652,-3.5064738669837707,-5.359563179526213,-10.345791375757198,-14.519709386072549,-8.915897579251057,-13.223263437069166,-5.67897201741326,-15.70938512576237,-5.597526150159677,-9.137351148512359,-9.507715950477703,-11.641703873945673,-8.074547571451475,-4.663756493995076,-9.700442652195452,-8.522178567167176,-8.573465605678352,-8.509071018349012,-11.2381645333356,-7.8019076151218565,-6.042219329909655,-8.3519191784932,-12.782459750397194,-15.677701078680293,-17.648051459169654,-18.757249335586675,-18.815035331842648
-8.156918561566966,-9.087637064353103,-9.40757381492781,-10.556096021825295,-8.443449425246634,-3.865990792677603,0.3843433038903117,-6.221195433344116,-2.0278662154413167,-10.103628783346007,-16.666666139476305,-22.079981083825384,-17.96112783311754,-4.50986037537296,-9.233228862934892,-15.035508545780942,-8.994058787296284,-11.595812388027284,-9.725907073947733,-8.249302205947343,-7.375641620063558,-7.088539365180358,-7.632135842250238,-9.461717718160427,-9.64090179175179,-9.31458340919337,-9.849098547949351,-7.226621690035954,-9.382565524919173,-12.120591036717858,-17.10746635596161,-18.21886296401184,-18.71368563606069,-18.97820754565032
-8.410530139456691,-9.48963038813269,-9.557891841389276,-10.911159688928528,-4.461130875071697,-6.824563270569548,-7.58553066288442,-2.999818941170598,-5.3150139034293105,0.49668840925440005,-9.19878016877275,-16.13156561663793,-5.128817372573781,-9.276060642203056,-3.9639485990688534,-9.472398231039053,-12.450501590099975,-7.587601087358163,-8.090860092710608,-6.244236888321467,-7.787969413086403,-9.50402476292023,-6.417820832981374,-9.792402481866565,-10.520237782048161,-8.645018864876995,-7.338827797627484,-9.733109407014716,-10.611213574843166,-15.679359721517105,-17.816025960278267,-18.765737134207466,-19.276210112824177,-19.6274345872925
-9.549214716264448,-9.667214625451217,-10.213756942986155,-10.141662493408356,-4.822328384698462,-3.9562185503790888,-9.607401850978258,-9.140978858116021,-7.272264888838219,-7.263836516318446,-10.675677876470676,-19.425605056866818,-9.042192855473141,-5.741764562651982,-5.363563042844277,-2.967369878156409,-6.795948708474633,-5.938129139626957,-7.466567668114531,-5.434599471935737,-7.3292298704436325,-9.666658552694955,-7.588294848883011,-7.644147756357827,-9.682831368901835,-10.025386273437592,-10.804455880104452,-11.597154152831793,-9.249532480935555,-16.032931394772074,-18.51333199619076,-19.17883609444738,-19.992468883036356,-19.97797435457245
-8.63478070259796,-10.41625909491644,-10.0480266774003,-10.457858806808048,-4.718454804746937,-5.31835681908043,-4.9895512850746275,-6.792321471578568,-10.411924413920179,-11.934976399026235,-8.282696074562194,-13.908007288085363,-5.072480966186053,-8.213510829711186,-6.306620273934131,-7.677031510203702,-6.462058350578491,-2.2032777697338384,-5.399970911941246,-4.87266229240348,-9.230311768318984,-6.613685032250046,-8.9432956327193,-9.979203279164395,-7.7612101898303605,-9.571754903903,-10.159319531433836,-9.698377609140678,-10.112027527657279,-15.419107703190503,-18.76181404444812,-19.456275877744865,-20.287625685065944,-20.31919900767722
-10.068109310747637,-10.783962387301328,-10.885698560249965,-11.606579143732286,-6.938299130703238,-0.6700399847657131,-9.017872490294776,-4.497264655301958,-4.8436489762121075,-12.046784570208112,-3.379322400096625,-6.275572791480801,-4.538257982511138,-8.820287339433557,-7.446436193492944,-7.385682023101228,-7.09182735437694,-6.496921720467925,-7.589690684826286,-6.314846002134755,-8.282035358455172,-10.397072500387639,-9.888066498591124,-9.919467022281717,-8.735546349624686,-10.235411028800549,-10.013546801992353,-10.098561855451516,-10.356187325668435,-10.877908651996009,-16.28392695474031,-20.069921925390336,-20.46253920337188,-20.51946075395505
-10.47338838304401,-10.866129947845225,-10.667496381068954,-12.470524342309925,-6.059631736868556,-4.104949092993216,-5.485970938767816,-12.179106745213893,-7.671072380242621,-10.128198816708709,-8.067042215266326,-11.719761434158245,-5.359928433650962,-18.48214215107851,-5.807877640178545,-7.89561205472833,-8.04771141945518,-7.646190031669533,-8.769411306049923,-7.669137339464565,-7.929368653220451,-8.085966798611823,-10.567430823427827,-7.621506507996578,-6.828541960956884,-10.219900792573396,-9.65046210943174,-9.628594448034583,-10.096851098302059,-10.608419776897264,-13.202519949959889,-15.21021235639967,-20.100118246491075,-20.142714049102054
-11.02265050207738,-11.424947727306167,-11.575505848284777,-7.2908707160870945,-10.638405969143712,-7.560683294808205,-9.452575512808842,-7.075791257196612,-15.788565409977858,-8.127381887385159,-7.685674512722419,-10.621504421642657,-5.818151845401644,-7.626462593647185,-5.997627682765027,-9.649870451906565,-5.9370815867847,-7.598295353244049,-8.595045386301598,-6.865754798723982,-8.280801291202119,-7.873755899589517,-7.629458666339148,-6.9644518692374575,-8.932548039292255,-8.629480288301139,-9.914159684890938,-9.661502877473705,-9.833267133692338,-11.394253779502067,-13.925589635158756,-15.635584892540189,-22.35454470990439,-21.53561733731906
-9.854008550950576,-10.572189295437163,-12.183433882271556,-10.018433668859235,-10.362810215689308,-6.061021800167843,-1.8450645500734726,-0.5244727138578316,-7.404704202901806,-4.541640832178372,-11.666065359736299,-13.109854571965716,-10.444045938198869,-10.49537203543482,-1.5491392222985416,-5.575090144632317,-8.331951504799115,-7.558551604306931,-8.683714276699977,-7.544528618092052,-8.505096955577871,-8.315573438100792,-8.97396266352255,-8.204156309918703,-8.91162174516691,-9.273107186432004,-10.636377450581318,-10.754424645012012,-11.951623659277974,-11.545195475954985,-13.022946138815628,-13.886965933843564,-16.870013645991506,-20.095799771435296
-11.03985819987361,-11.95665330925954,-12.541580306069768,-12.68145263445917,-10.672690585608578,-4.0367572073661036,-2.0387293708267586,-6.032851845681949,-8.931203282942517,-10.152636735750372,-2.369325498269555,-8.531285137583401,-12.385954769348853,-7.46470158380279,-9.662447005940782,-6.610137937644103,-9.581910797076135,-9.574237097716924,-8.945461647234067,-8.62048563713718,-7.493624431125171,-7.777842007085567,-8.584605747094693,-7.950452858425624,-9.312856975059146,-9.868601908501496,-10.876914877171437,-10.856219417704555,-10.463221817459614,-11.382132591173905,-13.959697145474042,-13.27192772036336,-17.256431415566027,-22.876353943635642
-11.491292990203048,-12.17914188832797,-12.39322585213434,-12.35268213796952,-11.893770779352613,-5.506130609226181,-7.254491441968633,-7.91450309684163,-4.1652806660244375,-5.804311992539852,-6.479884589858007,-3.7668093787308607,-3.878495308160726,-8.443510660791901,-7.885489778571657,-8.543179234134554,-11.068746280927002,-9.299136278456926,-8.415545187512794,-7.946098356034665,-9.078631542624704,-8.482415562966251,-8.922047546774658,-7.973652302652837,-8.782400585907116,-9.795362392623234,-9.223974816872458,-10.111309862922681,-9.656913003110665,-12.162738520467608,-12.494342925608208,-12.687094915725048,-16.83768433510505,-23.696378858918095
