script/wind50m.json
{"header": {"parameterCategory": 2, "parameterNumber": 3, "lo1": 6.000198445256149, "la1": 58.999992894266676, "dx": 0.5, "dy": 0.25, "nx": 22, "ny": 24, "refTime": "2024-02-18T03:00:00.000Z"}, "data":
[rows 0 to 23 of 24, columns 0 to 21 of 22]
-0.7589614412131309,3.314389582014216,5.036257865819651,5.345410880395216,6.0432240577506855,4.286031688836219,4.552451245638776,-3.288529088219655,13.476682927543406,5.282071806796918,1.4525031346047816,5.0010946482541945,5.4582689952499335,6.051393745648252,1.8236320641995623,9.211790240241234,10.69410974098333,5.1147987322864035,10.36269900311002,6.773406868030764,3.2759280998971096,-0.3770770173843454
-0.8678367288315997,1.5000122007119512,3.5901874120026345,6.490697616070399,6.871016099419926,8.571103304913422,5.984391172691345,5.14364794567761,5.289948008296446,2.098702184568152,12.660011488264331,5.049582135508572,-1.2154113506071078,6.143979224275027,-1.1353599038657418,9.450343494986159,5.242146260175273,12.277451786250632,1.1851965173807588,0.7392289646174742,0.9431933805703302,6.790317874291386
-0.8241863764824112,2.290645872594978,3.8432813384855287,7.074429634275442,9.242334700823069,-2.860103044115614,12.751594341087143,-3.106393821514055,12.513957175660197,11.632650280127889,5.613427562791411,-1.7682441131022006,9.694423469415026,9.448094606529052,-0.782883440933715,3.7905192452283543,6.1570044965994875,3.491453696464995,4.676310394233658,10.15941977288936,8.589629990398853,-2.101568427590855
0.23324767585302789,0.7222107595931816,4.013000857627361,8.084081616738322,0.6750864877148137,1.9904041191984365,5.33377474528291,2.5695153439781797,4.550234254073497,-0.928084265603785,-1.8670070194652615,11.392155189039848,7.871877489609593,4.95314295233791,5.628925353849306,5.012100819243585,7.583438611997373,3.1135818424681574,10.209918895340971,6.5280599714638905,8.57649486256223,2.5269412718503528
0.7500296242752226,0.19040003433802075,5.283335408609638,1.8877076164577549,2.182147886220498,5.59474943875433,4.767520435045161,12.256509722949904,11.898251166965515,8.055082506344096,9.970911624937294,7.597219616254088,4.090702655507359,-1.120568405968868,5.911479835346665,4.928416815000682,11.45010597268106,4.070068595380575,7.596168919590043,0.22301323610770216,3.4707448794986884,7.049694775217759
1.965835697988823,4.956798359285472,5.420489566055809,2.121960754289441,5.0473976554435,5.857978378507299,12.842835525840831,-3.277399028591075,4.281202323070558,1.631474948700781,0.39080023477958853,4.012474915355754,1.5764479889262129,12.594449968252249,5.82541576895838,5.032652655009919,0.3796713297327312,7.65141745517983,-1.4102562683718591,5.70432252459149,-2.29529442863431,3.3306839530566914
-0.06002814582438781,1.446883867622344,5.6623695260425455,1.7839771996661595,5.895664740860368,-2.348594695547008,3.2111111855942216,5.6094085755809,11.248806831581192,12.494851842439738,-1.7888905538592401,13.190268086923957,13.108671391069104,6.9803536765975265,5.457987435529316,6.411235537686348,0.8913578651491284,7.51196957109621,4.32091025623278,7.415663534019332,0.007745605177167223,-1.333516123883766
2.0428030560941037,0.620337618113021,5.0677112083028675,2.6695152676001936,6.985027724800823,2.600143998754981,4.927554250038926,12.305349038903506,2.923949556812581,5.924991340869701,5.846100974155291,6.170269385202315,10.683329628440362,5.358939691421486,6.40745051192541,2.389075948422409,4.934311965477599,11.484705112919634,8.298236669219898,0.7232305938788574,3.995084577530383,1.7967035781490142
0.751889017098823,0.37417166268812846,4.861552887687631,3.5804062090747273,0.003349932355867527,5.704445762338134,12.857673042843464,2.520587115242908,10.986476202255973,-3.0542408854647727,-0.6601660813881622,5.247237952589348,5.7736104540068505,5.868986671202257,7.701641987741512,4.713451196382342,4.402825193946558,11.976485689485612,8.238283411106822,3.80788759454215,2.767101418931737,-2.0644300063811394
-0.8768200911235435,4.668035674328027,4.709671504142885,5.2464337423161655,1.604034710784884,8.469167909791798,3.4381810901238934,6.47297841908239,-2.7857111155608325,4.495576556497533,11.696289125892163,-0.015748297688419958,5.349185086121481,8.495903730831921,4.762841375117253,4.79702416436653,4.071747102273106,1.9772144282788973,10.519573924840527,7.558257215811117,2.0050739027286686,1.964474608783013
-0.9131820778182942,4.708220797982867,4.677491423824251,3.920586650502791,5.57771197222965,-0.7847009245387402,5.827636021933735,-1.4939886466016041,11.121434087516201,-0.728352150841875,5.358760654996731,12.79610749036886,-1.9150556244852177,4.83051894782088,4.779251610569306,5.741103877053672,5.684342681384891,4.600339487283849,3.943266128169734,9.700591340866257,7.828426302999515,7.415848700529545
1.7005544334610228,4.406029471932462,4.555630015289567,5.9001045380674615,4.210656479569077,4.884872912002455,13.33548476063912,7.627579048025406,-2.0514388555750194,5.074742371911861,-2.0877608491355493,5.346888321260669,12.269440869724562,-1.516282902594197,4.82733915320388,8.551312672448411,9.27880010115086,3.6707769029815367,8.115708962649201,4.145390601037271,-0.9294473411849138,-1.0136430410420052
1.0131075595649721,4.796250156033138,4.149319708247528,6.591191557743684,8.24568729410349,5.195534688319308,5.640402184705487,13.995324157454617,6.958997207584063,-1.5392499730272444,11.577450212955526,0.2778985745039374,6.1386316009272415,12.730042092344817,4.398339129118053,9.403335945715313,5.1097009691007935,6.767739262246437,5.531057835693322,8.24356034974117,4.578562151543988,7.495403041727063
0.5361846513181826,5.581592937660001,5.556112171939073,8.000808608100868,9.338917447462489,10.030443279899558,5.108190007767795,4.791126736113828,-1.5644283257753362,8.431823994896963,5.665318181219129,12.940120063403217,5.4823794156988574,7.814717941058234,4.814767456687097,4.894536062274739,4.586209817326221,7.805036232330776,9.274106363686853,6.588060361532168,-0.2670756942759301,-1.4707505574941557
-0.1364039062091523,4.632890867082807,5.682240742241117,1.3839447481334337,1.5397018660166235,-0.14393749021836924,13.918710022969943,12.2388959017814,5.218301445852453,1.7463163962147816,-2.242788261018799,5.790421688766401,-1.0525125513935651,6.394836649986281,4.726879501390955,6.288193654713396,5.20480968640769,-1.568261832562551,2.7288912628345474,4.975852011055398,2.1890864157325702,4.261200872376379
-0.5249686824251472,3.6306187817025877,5.374268720207606,3.7066166985355076,4.189492728926983,5.792544284128965,6.2813183381205,1.9165159637000668,-1.3582191499273288,13.533761297957028,6.392413169377238,4.903778837399026,12.999120441659501,6.935161565990425,2.434901851807756,9.142816441393494,11.209314895436085,4.35088561199135,2.9298539045301593,7.387898062016961,7.296001548202809,-2.3437453289575227
-0.5275486274074397,4.235441717967104,6.076861707464309,4.277836622084476,5.600987278767665,4.70231619390641,9.146090561053386,7.792877318279911,5.56348082323561,4.698879141437435,1.0988133722414928,-0.21160926281075917,7.0588954790931435,9.099545115910006,-1.0250458883576157,9.901964232300031,-0.20835414618128595,3.549499436888499,7.854853946556437,9.283328838623044,-0.27684446633363047,4.398406041409263
0.46662203696677484,5.469593845865641,6.801240583179002,5.497858695957149,7.000047188603378,-0.81791495633365,11.323892969504099,0.08723755171088897,-0.8283165776539253,-2.4214221560207276,14.116729638352034,12.843378086927904,6.4134178227562195,8.785233849030357,-0.6476046060367235,4.620750878718587,12.683222704909676,5.226640039540137,8.043270092649461,-0.03565479039643768,9.628841464648369,-2.2929797625200004
1.375239317674021,4.480072264497478,1.027410074090351,4.597104115327955,-0.12866492539036595,4.064133478620993,5.129901267931345,5.29263136416918,6.211308249454276,7.538816059306956,5.594811788842285,5.483040436156569,4.356780247063206,-0.2351720324173224,12.556459190272058,5.643314677725856,2.076819277738466,7.342462090178049,2.165237051301837,9.61635065895728,-2.4334333412000877,2.7004163467842854
-0.39921567743410596,4.778394691383812,1.5586072081767655,6.409501101811425,1.6089061127407598,5.503425603286676,5.901714843860581,12.156651928477025,-0.9921872787314353,1.889360144093712,3.590751473901613,2.2848918909054334,5.628042470001456,-0.7789597497377369,11.856680735484977,8.870851402182836,3.1501119030694236,11.108294744519615,5.200143185120727,6.8623179305433935,4.225455585764614,7.014818479857643
0.761559979512936,4.668781194382562,2.0464712191086085,7.456109190905334,4.999637871340281,5.747120571274172,13.372139838338809,1.7452944415395464,10.751651973480808,13.785390790086263,14.451733197141792,13.318723992857278,12.90396967843442,12.724459663751338,5.02926278153876,5.5716810640425525,4.55565640256852,0.17991000075485128,8.537649602361972,4.278581768069237,6.218549817355237,2.144135379790163
-0.7997528061390689,4.482849652605203,1.785842259868642,8.138046521552992,5.613080272012375,1.6866970898198757,6.981162716029903,9.577458773617417,-3.1219868767134127,2.3156318601192543,4.984003764863515,7.062164944959317,6.767632672857342,11.790137762415846,5.766200437431746,6.361146122773467,9.164968591080566,1.5282228040078296,7.874599077551593,5.041394722584143,8.241162531968486,2.402346188388745
0.26119138883712784,4.5262012260365445,5.258524355623017,2.3923390103514963,9.114424816172326,5.904116265173224,7.258172961637738,0.36822711359757415,5.516910073106633,13.74538870081311,2.5591848948141402,6.877894007730956,5.954599833785986,6.856005079004426,5.8222249289976595,5.569554265722383,10.145983214449586,6.1592690412628,2.3767671967544244,6.375804279100944,2.4364583171393486,3.876790075762318
0.5835214009318394,4.627702730806023,5.025881620755145,5.141999401688358,-0.43872943601607695,5.717228048375481,-1.8078991912299323,5.075382958790249,-1.57178536808092,4.921897599579509,-2.5456675560695543,4.171291889354009,4.971214961483788,8.953373464147612,5.353707562393334,9.384070060631855,5.140452639993499,5.081860192205701,4.870335590876324,0.7421510963869216,-1.4758315688173045,-1.2359213074013968
