script/wind100m.json
{"header": {"parameterCategory": 2, "parameterNumber": 3, "lo1": 6.000198445256149, "la1": 58.999992894266676, "dx": 0.5, "dy": 0.25, "nx": 22, "ny": 24, "refTime": "2024-03-08T18:00:00.000Z"}, "data":
[rows 0 to 23 of 24, columns 0 to 21 of 22]
-0.08308909214581146,1.8156326932594269,1.0488395620970528,2.020550757792741,-0.354854956632631,3.8934833028903237,-0.4766478665686879,-5.5865684084029645,0.9042708037740409,2.6465595560621917,-1.30689936420833,0.6183846957663555,0.9711222008402876,-0.9943263895249769,-4.614825717872589,-0.04588076321990906,0.4702731794937108,0.03242577047590286,0.9866309307379831,-2.516791195223191,0.2977473873229008,-1.2821604949056047
-2.938033035655827,-1.0680420244989084,-4.093387541332571,0.2510839785791514,2.0661709271916346,1.8344253236792154,0.14043502030633506,0.6945197547106953,2.065282267654582,-1.5984966848194186,1.0117915354382756,1.0697411864656525,-7.545900605380166,-0.165416933963243,-7.983355854494635,-0.24464682158261483,-0.9268593133291418,2.9685813311428726,-3.387071054955436,-0.5115614325417635,-1.6823401115502552,2.263544063278814
-1.4213028624058497,-0.1106793517357047,0.393842077251203,-0.7219414376787676,1.1178189670340157,0.9539262904651558,3.0342564415080315,-3.262119712804213,-2.645330301593469,0.24271140317053727,3.1574256413407897,-5.053080406419109,-2.2155325514203486,3.342126346290827,-0.9811375690271917,-0.10030033895504312,-0.8210278127288763,-1.0309617449526398,-2.9088311616433566,-3.0830987829647376,1.3146471141214136,-2.114364960537359
-3.0155287589833084,-7.597615903324876,0.290297831643347,3.339176498173554,-3.208748913898641,-2.5538778488584404,1.58707080137383,-3.1596899618229997,0.990545236483428,-1.4190473928503824,-0.5209348129077715,1.1083852620259034,1.0523281504733404,0.7947763706853695,0.3492767564415899,1.203625699293638,1.167584531414436,-5.007059847072328,3.93850063479601,-0.699358658704366,4.118107333634516,1.3001948043292948
-1.0173888600966747,-0.408592387439277,0.3737614029272372,-3.06637777395692,-1.479737633621682,0.12862245010307247,0.9075104024628938,-2.200556439140788,0.867834993233278,-0.3501704015664679,0.5214324979101435,-2.7755035296964814,0.5325141627211485,-0.2257090874036438,-0.9522222351270531,0.08848698987727845,1.6782664816526507,1.3953209798519095,-0.23632483621712339,-1.8265878532592486,0.5896293313766512,-0.13825064853991287
-1.979665876486061,-0.2240616442687723,0.6919182030689217,-2.7821808130712538,0.7702916182358465,-0.5795475703344801,-2.4107855746883184,-8.917944112326058,1.1103746099236116,0.4953881387762669,-1.7994970921240243,-0.9777735586574096,-3.8024445067589085,1.0358766931665222,0.0987598501710155,0.835253058708038,-7.328209353329468,0.61910561202264,1.4869400731873574,1.3567292615358428,1.7429125233374905,1.358034495735866
-3.516567791427469,-2.8407763390655982,1.8529344893227493,-1.420292660103016,-1.2253820428223818,-3.1415024927250013,1.165441637149732,-0.8610338889160847,-0.19455748389270547,-0.14693591773689618,-0.22116941020689354,1.1883120527763102,2.599838465965822,-1.1162683239196334,1.9347450641360395,1.530640788668719,-1.9129043733958422,-0.9553859556545891,-1.4652042285863442,0.02686737505660665,0.1637754667813649,0.24073166120001238
-6.0481567499860684,-2.351673307834207,-1.0969366205943194,2.6236939352270374,1.232927857059513,2.0501980075875688,1.036803755827748,-2.915954360778848,-0.3836362101117934,2.942354699661249,1.151157556297652,1.286996660719532,0.6741882296452061,0.06435756391963934,0.6049370826884573,1.5127975455975518,-0.5110823870679289,0.9993471620166746,1.125420015454477,-4.072302169460957,0.8742660476529677,4.3371195430420535
-6.540624612049338,-1.9761790598438302,-2.8006113723456827,-0.11451568923806739,-3.8565244098741083,-0.5426122678592997,-1.8300021837878335,-1.2059627011031764,1.319804953378755,-1.3370979372075251,-3.186789528863086,-3.4024402348147555,1.2168335651000561,1.7625086096854918,0.7440999158643441,1.1194235786090134,-2.8920882703749506,0.944983055123075,-0.293371804003324,2.6267588225123584,0.4200864016074295,-1.5497178151010405
-3.7686806672173057,0.5303981063613866,1.020821172381836,1.683133733808641,-1.8794210333872021,-1.377936601138654,1.2763474848719136,-2.134609521967976,-7.080627795649082,0.24312606576707696,-0.6890599306257259,-2.020984065204907,-1.7382109875494252,2.780104891837186,0.044313204815553446,-0.6031939987080661,1.3479410409908996,-0.3319087678293468,0.81075045323659,0.37187656108663686,-2.0202068995156366,0.46911471932456594
1.800698771889685,2.971341105428417,1.3324746461631642,0.11119392909499469,2.6510344802254253,-6.128034588919228,1.0641841884778698,-3.7118128163533486,-1.531699914441121,-1.7420278944720038,1.0437602865504683,-1.9418988896003673,-0.602818563568263,2.0298934365549774,1.0119337697187192,2.464289273592753,-0.27109907152203544,2.1882132959545313,-1.470329828635239,2.141909372746243,0.3372368854318433,1.4783252448781892
-2.919595399803831,4.088881725342986,0.09945453136547805,-0.18112884294129225,1.0746755357010946,-0.5656492452102381,1.292433139046513,-0.45136336845344555,-4.760797431540133,-2.742070502872487,0.6768053497927347,-0.9794811536230423,1.2421868854840727,-1.5721364013628405,-0.7726191690661192,4.375748461250392,1.8120716057829676,1.1893257261249637,1.0610705787453725,2.3880804043684902,-3.1497535125635943,1.2124357742247287
-8.10596999558653,1.1456724543059484,-0.8888114302349015,-1.2415447941215705,2.4312655713147406,-0.9822635691741519,-4.1050558000390565,1.6620713640189462,0.23137245624059913,-1.876130852095042,0.7718607351467602,-1.9264506869118903,1.4291475177448378,1.265037335470571,0.11693212789504626,0.044620171267868956,-0.24858571186017975,-2.092263612444317,3.188980796733399,1.2883186769276016,1.302307620311794,-0.39789260718839475
-0.6676494693138688,-0.7981637939168805,-0.21285855988154448,0.7903952669499856,1.7384405837767183,2.1208096105456073,-0.009398789760789257,1.2131812213298294,-2.0824865716772134,-1.873607280256337,4.736870663062941,1.0443823610702307,-0.48469075928929334,-0.2765256085534314,-2.4901598295937712,1.8447218038408735,0.16364591104300208,-2.529385597091243,1.126647308491443,-2.195776278041956,2.6006512881644053,-1.5219203470493592
-1.1376558343987733,0.958391832429954,1.9061571566143012,-1.8169457502112336,-1.5657202441667306,-3.1466483484806194,3.313285510084424,0.7989826853822795,2.2767540833943363,-0.13705137227032047,-1.1243899758213614,-0.8070385574045125,-2.1715543921626352,-1.824662576708463,-3.5671108979782384,3.3943807491704976,-0.38462349368980725,-1.5382902481019254,-0.7563692817381344,-0.9760910960573964,-1.0579010383793603,-0.2559847689221094
-2.3059132535951252,-0.0995691637850814,-1.881977432244939,0.12479063429301653,1.1047932157738514,1.423274033535356,-1.2113882302004566,1.9701868235271423,-2.047875465411094,1.5000982987727431,1.2422641793050073,1.868289912028208,2.171227717109968,0.07007448348607892,-4.682576525721309,0.6737809865390206,0.6316831365478374,-2.2993367657602284,0.025238311393281906,0.9523846014995506,-1.4198798847988363,-1.368474854705989
-2.0460253539772015,-0.3093971319257027,0.5852396620199539,-3.8867298308886986,1.7347001321915052,-0.5326494346314281,-0.8591901896738614,-1.7691744042740278,1.2022143136614292,-0.27462348225698985,-2.1891567224183297,-2.0515706560413736,1.7216999806562219,1.0966635438650278,-0.2896088576815604,1.705665469078783,1.3917775074543148,0.8595602380011572,0.2400943677591275,3.420067725097848,-3.3022668159116906,-1.079543718555072
-2.034125983179921,-0.041892690413728485,-0.9827899043031673,1.2001195993817788,-2.5457984740351436,-7.079652752083929,1.2875742850221676,-3.8525575905211826,-0.4137798000854215,0.8074038064160727,1.7381045617853488,1.8847871524353979,1.4990360363770274,0.5926271432578641,0.6479887133836344,1.832448534877074,2.717828461149682,1.159655534129333,-0.17067674649589656,-2.8150718299736406,-0.8918508133791362,-0.9800786280685883
4.1703504887224,0.18998434444884638,-2.2603626668561847,-1.1610941064169706,-2.258797230852644,0.1962235397572498,3.1564357379700776,-0.4015372367371636,-0.8947658939275944,0.3618701724047749,1.761970173193254,0.43760591622388045,2.6816256104022522,-2.1370907647635202,0.4997883336309349,-0.38222196076807147,-0.7315794121454188,-1.781790906187767,-1.4325769656260792,1.1645337652420609,1.7281566222620404,1.8961726352125259
-3.685907718843545,1.512343883754471,-6.3738294501932415,0.9153611606182078,-3.109853257335694,0.28682449362853574,-1.2690358263479236,0.9306126359827794,-2.6531249228661427,-0.3230698947186134,-1.0735942778277947,-2.732267245082019,1.6191953518500093,-5.494277247664701,-1.1756523866427147,0.9507494920427862,0.7770268987611505,-1.9866860022977875,-0.35490577853701394,0.8109142359149811,-2.0354832506961884,-0.5277908877394417
-7.070584774455933,-2.2167751300362157,-3.0087302727477554,1.1864627586033698,0.8178410657322863,-0.5546496649710613,2.1409156820274817,-0.5932479985879041,1.6697783599615525,3.223127362326586,1.336548185044895,2.8004723878005344,0.5537630517686217,1.0947467239502242,-1.1242446898775529,0.143193555852783,-3.160521193678964,-1.0957452288582916,-0.5141882397851055,1.2259670107996126,1.573827493112115,1.4793654350846983
-3.4795721320798423,-0.7655470205260596,-3.164620741662191,2.7054028817317994,0.060291156883771055,-3.4987677714275622,2.193989122373169,1.4375289058084069,-3.3459535675504224,-0.6638493959459415,1.2506083675179755,-0.9071736792770998,-0.4358752251595182,0.07250771122442563,-0.401363629951219,-0.9251312691916527,3.4899581456167024,0.3111596146079264,1.3527076453627354,3.2022395506665204,2.8896109191384935,2.286714104891712
-8.131811641567658,0.47350121302120424,-3.832152427421481,1.1032546440322317,2.227111465147894,0.9575480735787301,0.5409820232291458,-0.6663700004319038,-1.0471034900057417,3.6341120981207315,-0.5811799643892764,1.3044420942122739,0.14900887124320028,-0.1824433124403564,0.998299703883959,1.1387517887416907,0.8711575293543611,1.9174845533421112,-0.9949490234216486,-0.10312713936560189,-3.3528397682485993,1.5488771757485624
-1.6240392465334923,1.6957075023083756,3.725403913108675,1.7211140083887324,-3.0043119234308993,-2.5391294284265444,-3.610672268551666,-0.3384489864505542,-2.479335889855401,-0.5540937688426183,-3.8104992702782394,-1.6828045606275,0.6075805443269391,-2.7523108499893567,-0.3789832686600332,-1.3226096990298537,-0.33809636647817765,-0.8157934248279801,-0.369645966730675,-0.8938041553160903,1.1555963121174782,-1.388753066432729
