script/wind50m.json
{"header": {"parameterCategory": 2, "parameterNumber": 3, "lo1": 3.000054539987559, "la1": 64.9999836372058, "dx": 0.5, "dy": 0.25, "nx": 34, "ny": 52, "refTime": "2025-12-10T14:00:00.000Z"}, "data":
[rows 0 to 24 of 52, columns 0 to 33 of 34]
0.5357269502546266,0.46553213667726795,0.8049831157066095,0.6569714952995981,0.6124236848581718,0.6609699103641408,-0.11046090255391273,0.39855329652172733,1.311422412001814,1.2410809454694913,0.846278044190166,1.0260675579207532,0.8689286378413535,1.100932504653314,1.1856980287013557,3.0158760307726142,2.2348347401564848,3.0844642047154514,4.355724512013157,11.713697962706489,3.602928704273643,-1.9518535702310134,0.9885365625979622,-3.1588542025576376,2.8674523591502945,-2.8229631377164526,-2.4336117248681948,-2.697037612074007,-2.5103670898215724,-2.2850947725923616,-1.9811761333781308,-1.9127627500941404,-3.0338770636396317,-2.0454562278957025
1.5865896401724913,0.7292572106403107,1.3263975717706846,2.1600659736118835,1.4772184221216649,1.0309118272896678,0.8150617504355623,1.29870022088769,1.3405846896327946,0.6911351862814609,1.2393644391129275,1.632576635841176,1.4687359116625833,2.1446399603175723,2.504006605890417,2.795663762626551,5.166033153320196,3.90864607226177,6.95154340267505,0.674550099004133,4.177841124071572,2.374348468937986,-0.11004291203855619,3.2287169937126547,0.02261377968752111,-2.6017722061194437,-1.671051386739362,-1.4653303083193627,-1.6401902286790795,-1.3419522444730878,-1.3513330682490265,-1.1536957270390948,-1.4438808970705854,-2.040392883513148
9.34449794094016,9.861338463686254,9.517058587367968,8.83326278386843,8.394456074937802,8.03822283893025,7.900149771829105,7.475223127098508,6.673075923123808,5.295800471799049,2.307237634769045,0.48089088417523185,2.177521408375824,4.148070053117886,4.19709342220852,3.3934336694932514,3.61141327249613,3.170473631777387,-4.298449092252495,3.2348258584826097,-0.8604344917738306,0.04688662629699741,3.2719139949111686,-0.04823209540633933,-1.7252494227337252,-1.8131199013667247,-1.2056509323395568,-1.6927239407765153,-1.5145100742455657,-1.7792557812669352,-1.134989394153845,-0.9094928268358188,-0.49192406809758144,-0.5240444141072321
11.009119216649976,10.524646116506812,10.000028372024243,10.15327376930538,9.604523119596296,9.5083044300491,9.673632188050291,9.332240366103324,8.903899799674075,9.059496830317007,8.270206154933277,8.41817047854464,5.838471665103201,2.9550005131726764,7.393675081111406,6.229143692169895,0.4972111792326313,5.849569351304708,5.6296212486136925,3.0052875057606565,9.325174929711775,4.27653124059836,4.326045726022559,-1.0983811041730107,-0.8973347040414338,0.9247263469074086,-0.45008630348234363,0.2460637124016904,0.4845591321824357,-0.20788523320550645,-1.2004721189698757,-0.21610956689096789,-0.40332506043083827,0.21415852371260616
11.857015941712964,11.818989081431468,11.663222081765612,11.624813672933207,11.50969795824168,10.886037405713557,10.962600429626045,10.77352045691042,10.138558483308381,8.32260224491946,7.55884570835886,8.686533214157626,7.783903880396899,8.163172494090476,6.69713426235358,4.985896859695212,3.7753818390224585,2.93614797307089,2.121193425896664,6.083037284076707,8.20707782926456,4.59177788835639,1.757211626915383,1.308890278392776,0.4208629195159303,1.486077772551128,2.5660324835275663,2.699306711298607,0.6736227667559931,1.6245405516114857,1.7283437248230842,1.092788604205784,0.9039779928659349,0.3079129900613045
12.282892196441399,12.511418922981669,12.011141341505715,11.695613197146708,11.67126443706166,11.73496144267706,11.501634603699042,11.06608141593392,9.941565895904649,11.594779359758386,10.675051531554073,8.825737896493997,6.268542345033551,6.094272109364761,3.6717936445222907,5.140617834937394,3.746977133010427,1.8482484611161805,5.7656689088927005,4.706218597936259,2.276548398340426,1.7694037967641032,2.482058562418003,1.021457516406366,1.1460344753365537,1.4409137069597997,2.6495881063319997,2.500905168941048,2.730839040123195,2.7940522399833103,1.8076573994432799,1.9474258482600861,0.5077056042352076,-0.16009883156053795
13.12211943748015,13.519365445408246,13.479333214539853,12.4077406805152,11.872700108809607,11.806888276629456,11.362715689082828,10.378344406871479,11.433743915483563,10.84360396328817,8.844417868080042,7.251182085183053,4.567235236692884,4.098592050380478,2.5085816481127194,5.608962561701629,2.871412377226055,5.324473498949565,5.4648043510717725,2.557764699688958,3.28858450654836,0.503037714038832,2.9148041922143197,3.751486747990016,4.751190734521468,4.052741892077905,4.19121900298138,4.507739340588096,3.5321472740249464,2.716653068693485,2.5087678073669855,0.6999553109334057,0.08775776041340913,0.4521435821027091
14.071791602771382,14.624545986433493,14.469949059068083,13.502890110119186,12.695185442065805,12.955945766922358,12.348798318189102,11.379394739727967,11.87091988491189,8.853004230758849,7.313432931230048,4.046234847497229,4.019678532981127,2.758602049041558,4.265528540235209,4.746231567985413,0.3921920567683789,7.494604119065836,5.651993809464297,3.739751641589003,0.6547453381233784,1.8936010119417526,2.6784821032224486,3.8558960767087713,3.2528144550515705,2.5756743847631696,2.3743396130444983,3.594560923342002,1.572199217718687,2.402872543112928,2.3092470482278746,0.8438957117232434,0.7043305943077249,5.990946802633994
15.485022204387363,15.635216437305408,15.211120225698833,14.37883059306729,14.140218230630799,13.984840210659835,13.57574343797627,13.282415038462888,9.488521454225188,4.6042617538043755,5.043953459753306,-2.3547517916169367,3.6884082788451673,3.0046393189736302,3.6166061258014546,0.018535176164893617,3.344467577719396,8.626602846048698,5.575045710631521,3.7880042222468733,3.8494537399487645,5.634005238621275,2.71985436714316,4.600712112144684,4.104411086402414,3.815011620900882,2.631770366304266,2.8441909995674637,3.148960852766286,2.2346378148011143,1.0944870120419234,4.1727847296538645,6.9520359665537885,7.543615578730904
14.736102041850963,15.802006601275759,15.482120366178645,14.759611789126703,14.870740897928721,14.680179217093293,14.066955114231465,8.787260139247218,6.591607534629072,1.9661378313058169,2.246537977110292,3.0521076665685487,2.94676259450909,5.572999368605308,5.322112454159997,8.34919494270842,4.761120601020628,5.094708703165486,2.8508238851096817,1.1531737513975442,6.776846142065156,1.8485027407836125,0.7697928466261836,4.6036252559659,2.8928372813716803,4.196454939603371,4.237971599312645,2.952065892899549,2.5572368904483564,2.0247675571604624,3.567012767103006,6.328306626036679,5.213131450280208,5.187779765570749
16.61744611843086,16.12203632535096,15.478469319022718,16.087176259124572,15.79066634190377,14.423540434512713,7.508406307203478,4.17837614333303,9.380803219889103,3.8476515813445413,8.675931761425385,6.245226543999733,5.0750278182441395,4.9894436019170305,4.749840498298253,4.030536526340037,6.6874393476977305,2.9022519038907144,1.699102050320481,3.8912005326591115,3.1157892120331434,1.560199405498619,2.8782955975787177,2.7428341450919698,4.815933086937414,1.5072599394575144,-0.895687357309389,3.7596998486383573,0.6906252732235094,2.9095974042229718,7.719799125535953,8.943743246423672,10.37082483720905,10.00303580707526
16.770617402619706,16.039162454160827,15.877497093322424,16.046441261927185,15.255324853620404,10.811977257124024,10.855044463375915,5.4347197203237325,6.30919100994876,9.807932564389366,4.399008713215836,5.330868321072279,5.450113924621304,2.7483072228554626,7.605667411451957,5.806065128129496,7.924459455542565,4.972937273121416,8.861858677513425,6.165329767972619,6.267531983716516,0.7700674584207586,1.849295455948336,4.997829037729406,4.721151309146736,2.616707056267965,3.213666119624747,2.958947446012484,2.2272940896499644,2.8302000204734097,7.48000333701747,8.871868598644685,11.062712103815873,11.808535886713123
16.982446390467626,16.117817352219408,15.754218169675498,15.934480472170423,15.589595093720922,8.723045496469284,7.788573930805844,3.0388037996842585,6.487389971610263,5.673272706388631,5.753280398016412,9.18800544113397,3.301844247172543,8.818601003975377,4.892415263383103,12.346093764365701,7.280529166847423,8.50091436056927,2.455432548214063,1.085288541804322,3.38965631878409,5.266674742964091,2.563187663713244,2.2728523004718917,3.336704880102264,3.021152063498895,3.81929266084566,3.7671394090373926,1.690090743757286,5.620252699382773,7.149567418181572,8.355269503461438,9.695294980202169,11.744244762063275
16.5435448777895,16.03690804150022,15.874242200724224,15.931131399995564,12.546340609169246,17.933470008498453,13.60040491624116,8.010569165795985,14.637823587818653,13.97581677465733,12.918744841314759,4.895536054045235,5.56597714487358,0.4726192347453419,6.759652123049784,3.8698384651018367,8.280293122967349,-0.376266523160462,5.886648829837243,5.981779457492081,1.2593982030887338,7.678183559679169,4.39050836525258,3.014579937347596,2.607625412039012,4.68434516367221,1.983533866382191,2.541912929754123,3.950927660428735,4.374816927406525,8.526828935067597,8.124705162794895,8.35302008863773,10.465412858250872
16.126698765321652,15.626408297786115,15.769591110265438,15.808219495139694,14.68929822454332,7.810541239238445,4.759448514174791,13.248507373558288,5.01638286729449,6.910451081903689,7.361412257386017,5.01515175210658,9.277099016322763,7.811220625547225,5.909485415187324,5.690697165720284,5.762201248856558,4.888762621970723,4.961257963996503,3.7019529949311574,6.346764113121079,3.1371151193378344,2.1249944237335625,3.340958690388707,4.073795344558147,4.333560679047345,2.1958612736995256,2.8408524968291324,2.512066181392467,4.899725618642289,6.705505379538952,7.665796711533003,8.713087244606173,8.98575071176334
15.39810737106548,15.313073987245328,15.101092395323056,15.480018865902661,12.143280423141048,7.262573563195938,8.538765588334867,0.5706821733686313,3.0226064521686418,4.68011295622023,1.2489774440428496,5.466976659929899,5.760553385108202,3.3586802715966466,1.0313391476574008,4.9287192990985185,6.852527377622251,3.6906459295366174,4.144633556586936,2.7071471200771433,8.166651279941489,3.079931801733574,0.9087371059399585,3.9944004591765236,3.362762079396087,3.403053582530553,4.604777045280096,1.312552831500854,2.079125561979575,5.1119919023928375,3.9777702434237243,4.23870859502366,5.996347477120061,8.001750103304534
15.830965492928891,16.002693152009122,15.35083609186182,14.970277297968423,11.983574739434374,11.197932269983959,13.502524477156937,10.836310531948262,6.273998779601255,14.399905019102835,6.135694633964329,7.898964396587867,5.540198634438378,2.7117807246144356,0.6386657542031888,1.4397794746897128,3.6437297360112835,4.613536515269806,3.8567930273709092,4.170248261875198,4.6000397544709895,4.031023923170877,3.9807707635988065,0.5790962188806612,1.9305777793600838,0.917201068455536,2.8866558477857858,3.09506431867502,3.790956012602232,5.072716989350787,5.380073700539604,5.7278667257536675,6.192999094733796,7.323917763472482
15.292668880195055,15.031046210178875,14.310811239948286,13.872454266997181,10.027873806769193,8.34760654870938,11.289336168169442,8.979148756017223,15.74700506254918,8.01107793141353,6.558099130471929,4.636737017104784,5.8908016319359975,1.8694091213180968,6.0744362946104085,5.89880304645686,0.8531658334977205,5.517085251357147,6.702487464988886,4.640749235370901,4.266625647862594,3.1563591889150975,3.7021247305968767,4.4001979286368265,2.69134882250827,2.534534572166909,2.167362013817196,2.8447924663398862,3.1238262033038393,4.5468224846187475,6.990203171497586,5.376896098232507,5.386686176977167,6.778221418252884
15.22920310338775,15.067389384795506,14.952901515596862,14.546283169302994,12.167621524185542,7.167115686649924,12.947970080649936,11.999319869957844,-1.8887738643021676,8.402071599220966,4.706928004780877,2.9411059050127766,4.855331492421004,6.4925473936982,5.480133090205233,5.713894446323475,2.8971978882386935,5.530701730619305,4.345609067324791,4.689276302375865,4.6678091855269574,5.210418841052682,4.399353556740307,3.713807524488751,3.648587543005586,2.5003963443871755,3.4894899875400855,4.6181312588777255,4.555299870098579,4.279602960794484,4.424311490785552,4.4761280226062565,4.206186738158642,5.899396665552418
14.917776782494796,14.77246506234597,14.45327886552314,14.32966612671615,10.366609177604689,6.982122671185793,4.520636986038556,10.438161678962256,12.558443989802086,8.17872588775076,9.925884974077462,10.244600794409592,0.7085148461180028,4.699261274687786,4.1914562273052605,5.868879668020331,4.301598967763243,3.7071496553691907,4.476191724227789,4.662245182280776,4.5039044650999385,3.8750485800242966,4.943517823067579,4.7441765665461215,3.449460488426111,4.099020117947967,3.966644542746215,3.853977607362458,4.617350761548126,4.66222315168263,3.728178488464036,2.8947474045252175,3.5532572569845664,4.47060685684432
14.261204517042497,14.313416637862444,14.282851040972067,13.378114859305173,13.098202643882335,6.940454946971297,8.574948776417536,12.699770652553987,7.678976474054597,8.523292739561214,7.687193058084945,6.453183061063746,5.079005387536599,7.3519241116662455,5.684345920639143,3.9252568842255027,4.144676209328926,6.495863318317946,4.993798935940852,4.658810737717573,4.780788072343781,4.582220995555924,5.003348547769747,4.2795330370288385,5.808124638601457,4.193179688460573,4.44098793824658,4.77985043757885,4.612104028277866,4.358557693057827,4.513530345067593,3.546066918823491,3.56293943822114,4.613009534885924
13.984824843872532,13.91012843676731,13.528919211121504,13.293008568226103,12.586558175074957,8.822419800074837,3.6878377779229408,5.857569427522334,6.099106563636994,3.3744005482453567,5.2703205321593005,6.2088148870465005,3.279706332237269,5.600785359144184,-1.002191462808713,3.399416028783289,6.010284141836838,7.341804678153089,5.800745448468183,4.016012793980208,4.46382959192723,4.702555106342956,4.084923834151694,4.228408704781595,3.8422778962937976,4.260684486785919,3.8584256684741307,3.745136748700331,4.402404405191944,4.291607682889072,2.569878542954099,2.6208850893203803,2.311788746455479,3.3525658430860505
13.970555192857146,13.865075179373456,13.053626684996427,13.077289157021847,11.685380053476024,7.7280872847640465,8.656119671634324,8.416832504423912,10.838244711500469,7.034410759122986,4.413176601704298,1.695585352711439,5.352562205295101,5.611251723955095,2.031396000532851,3.1866218946122156,6.501656787622903,7.183859454997175,5.956544730439349,6.069417794261632,3.696042187271823,3.459867303025918,4.829596482868958,4.132401267365834,3.3226700695365494,3.3692725511695474,4.020084250650109,5.397850573212876,4.574292352819675,3.352089252577891,2.2902221831707643,1.391632188387012,2.1426794812795906,4.8306594094028545
13.469318998959425,12.934523829089393,14.185417843389391,12.184802428215223,11.366542781264627,9.504172288207434,8.159671064051468,7.689997224983807,8.10690095202477,4.138558155486185,3.828856533213969,4.604107708247875,4.495382402185121,3.3940341419253675,5.8982576300142,7.777981552404563,7.033234090802874,6.601377681193135,5.037782257432254,4.733313232657666,5.164415941616862,5.4383450199853645,8.00765720303511,4.643147302399182,4.403745946154411,3.3576567164721207,5.248657845869017,3.455474442227575,2.534707773450308,1.4760210117788297,1.3072667298815532,1.3493256756235792,4.088506095953709,6.633697509376218
13.061479840043347,12.475105079878263,13.101928956298348,12.99853650528234,12.418738394961347,11.93374539591563,6.005105991722309,9.883160490485452,9.112585312142304,4.312875364827649,5.1091719178179735,1.7354642308615968,3.6832107457858796,5.082771718498865,5.239278150211464,11.848855544632373,11.893856899531011,6.257272806354364,4.511561159083492,4.049914016671676,6.490055454075065,8.32441666715725,5.958263106703413,4.140687327607322,3.2654323379447354,2.829921442635015,2.686020375931537,2.3255739664322714,1.806149289256597,1.2189034892061703,1.772993076071122,4.1424753707777,6.859257580842101,5.618872367921041
