script/wind250m.json
{"header": {"parameterCategory": 2, "parameterNumber": 3, "lo1": 3.000054539987559, "la1": 64.9999836372058, "dx": 0.5, "dy": 0.25, "nx": 34, "ny": 52, "refTime": "2026-05-25T23:00:00.000Z"}, "data":
[rows 0 to 23 of 52, columns 0 to 33 of 34]
7.399804159372943,5.6047240943802,6.813374727678846,7.21795900362707,7.157726558489833,6.865158091486971,7.4451418762321655,8.18914479671463,5.949647143746302,5.6010739504908855,5.857000701123099,5.580225647313127,2.494864001850491,3.6314629338161124,2.8616044658406152,3.292551410174787,3.316508538663365,4.796649589885579,1.4928568580356594,5.095305686628113,1.1201735577450402,5.0875695304113675,1.8904080955397973,3.9479940551095094,3.2725938853040697,2.6117222054052607,2.086872255431699,-0.15527179148410053,-1.5173163846698894,-2.9470799538956802,-4.858519322418533,-5.500301118826818,-6.524681207220127,-8.14426676793745
7.197590485218787,7.000623362747828,4.765304053828733,7.43489007766381,6.696169527439491,5.966518975619974,5.153031816538047,7.063600464158767,7.14224356316073,3.9484237728733342,3.5346877783612767,5.6195355374393365,3.8353819772915423,3.4103025823583875,4.903648127660771,4.609500438343986,4.665236532103572,4.654095364695227,3.0348795443132834,1.4611184373776969,5.506186919887267,3.084916814697863,2.887626754900165,0.7398886658884904,0.7408259647222667,1.4495339326343053,2.3282900493872614,-0.6356068622462758,-2.220100431371646,-3.2766672160415586,-6.077459536308724,-5.6357841665660615,-6.324587776012955,-8.494399925931367
6.461537805448601,6.427913858434894,5.53400812610998,4.397137328304926,5.553165377073258,6.025828963213549,7.3686123193778075,7.159216069810689,5.877412913576044,5.424773131427462,5.229833591145737,5.016602548009661,4.701882189101778,4.673304727529972,4.051272522384254,5.047504422350528,3.3990409433904305,4.463903349644299,4.206657477095092,3.1257150227557573,4.448179399083793,1.4714792016424585,1.9431253438427705,1.659452960906585,0.2712773757427123,0.5676070771919668,-0.3457995143488481,-1.364830114040093,-3.4426325364368835,-4.919715568875499,-5.474699852552453,-5.674275276173884,-7.3800534424462025,-6.999763651273337
6.817796330478273,6.709893030003615,5.941226180609607,4.265792567353667,6.987994084268202,7.370255381368964,7.676584687853133,7.3037098004749375,6.495800687594257,4.8690662415594534,3.9253939184242688,4.5416681112365245,4.563371570387877,4.462428696045184,4.759407470680955,3.4653336110632176,-0.028152465449021506,0.5116222846947095,1.5138307143763297,3.1876573973880027,1.7584151905414651,0.7562904618612312,0.3049956296014107,1.5581297060908423,-0.3803134084159013,-0.6322264417183561,-2.9663804926995576,-2.7347418003023902,-4.511166566986523,-4.3630160431792415,-7.250817338456428,-5.745406421243763,-7.921828851932374,-8.244412394117186
7.73732282239487,6.464906269153089,6.261651013223647,6.368896536069819,6.687471798484621,7.487526538766684,7.577610073892289,8.201617787997305,7.516464986795411,5.560108853183202,5.223214070438489,6.298821922108483,5.096431118323734,3.703469737504052,2.8341704359515014,0.5558749142110859,-0.1543697958040209,3.3378528540126404,2.0485725104099464,-1.2195009364197538,1.3394203004491347,-0.9599811314326429,-0.615154789669876,2.0568556666199695,0.710770561531854,-0.40006502820686984,-3.1976205417166805,-3.9714123522947267,-5.296245035460841,-6.816846348325075,-6.591767437764993,-8.421163272161893,-7.747623435182776,-8.797344852368331
7.394523293381293,6.9901010739114255,6.688012851382249,6.051761924881204,7.43730470184261,6.7147390419690325,7.099176307378356,8.133105911378802,5.442070505838854,5.505488731504693,4.638335565822557,5.709344375303697,4.418238490804396,3.103929141538446,0.603164835587905,1.5661891023938646,4.774437905120632,5.916338326718566,0.9071477393674987,0.2704178050966342,-0.5654544148135034,-0.8535761670717001,1.232562302671588,0.6438234297503032,-0.2995378155445949,-1.2476056423015545,-2.1831331473130566,-4.508542562328889,-4.202998849802247,-5.992581089299539,-8.34433716767961,-7.821106161019679,-7.282802253152741,-8.124929858292496
7.485682142849242,7.317740344534335,5.93953685822317,5.909064661042555,7.003464073108394,6.920951063432745,7.9361789611015645,6.124165960151557,5.2919185216778075,5.792086392767753,5.543815532039303,5.571082503542121,5.874640934893165,3.0785090356447458,0.45956199616707993,3.4377771638879118,3.905352268692839,3.926228459657736,1.0301162912689663,0.5129209233358827,1.4819429956340275,0.05868852224013591,-0.04054734526055113,-0.9617502056701984,-2.28465108879866,-2.765897219329597,-3.69525905551883,-4.009564540457374,-4.5704426760422505,-5.21833907409227,-5.211191497907399,-7.408824192627602,-7.0846411594305385,-8.333253424566731
6.777465330159933,5.015091057846046,5.481155440029385,5.6766254372270435,7.344335673329865,6.209505734903615,8.646327202227075,6.000543519584516,5.3093264098786515,7.341621340608517,7.311934795269973,2.1993165384551254,3.7676058443142675,-0.892226753158457,2.3383075222584933,4.032918647063632,3.711206191516913,1.382352177821959,-0.2476803139704401,-0.2663710334598272,-0.8678540674075911,-0.10297645185557282,-0.4548481873942702,-0.3745476089966665,-2.362644502189846,-2.4256850262267333,-4.837748778552407,-4.274117176077499,-5.663155720746387,-5.9263358327787135,-6.6999083898220695,-6.54444681752457,-7.497037439309827,-8.923884559804934
5.505189523266725,5.905759070197262,4.860201908524431,6.134464044670912,6.705650707852327,9.116795617886027,9.265195026200509,7.63083919679734,6.231075642986049,6.356364349864086,3.5597802985675764,-0.2817950301005265,0.25073344270586106,-1.781253384939424,3.3032826544143252,2.7506201992725052,3.0243498867138907,0.3657715236295861,2.727335676722688,-2.339632693971785,-5.754721130440761,-5.061620473637427,-0.907884956762415,-3.2122876357743735,-2.4099737150143077,-4.5914269112385755,-5.142948210112013,-4.799731031039633,-5.591293064206484,-5.757690980340217,-6.440885442240439,-6.644185139350431,-8.649897370535482,-9.651696920054052
6.754556074155753,5.735849884616378,5.758878486275032,6.2714194714131155,9.063265138779233,9.547144329977474,10.516650160292798,7.547512668963613,4.043922963307088,3.1218893410483215,1.843330717979421,1.6023451930964507,0.6998067817973945,0.5342576466673458,1.6119006084233503,2.5298016266714645,3.4822061739623913,2.37397213456172,0.46506230497357337,-1.8245559533554072,-3.237934378772723,-3.081553726414527,-1.8244046437901964,-2.7532782240133047,-3.098880793417361,-4.595892144697075,-5.714089150177302,-6.885840714933901,-8.286155569475044,-7.828908330992706,-6.796010784922107,-8.176109947703837,-10.412575561013659,-10.382329654766826
4.929304112151117,5.2281196425658925,4.330367990102392,6.095450599544935,8.268616529248334,9.48568411815336,9.16528762381356,4.416919798419205,5.908196242357022,3.206438678641618,2.949278603938538,3.037198048023773,3.8458281160642778,1.166304360182565,-1.9988606219868534,0.254301095812205,5.2251105285192905,3.7113255460545096,0.9049017594271764,0.30103601692735554,-1.5612139879473355,-1.0549575527138277,-4.656208424965724,-3.4795019747363076,-4.871326811054888,-4.6882698606756055,-3.742587187186712,-6.735795855889408,-8.039547702538394,-7.73912408089384,-8.697144340954651,-8.584463878024895,-11.359342924804244,-11.391316220333817
6.15565048449757,4.828818026709969,6.008610578645797,7.99256885383185,9.564826417537017,8.665818910930883,7.060211488701562,4.309435895283671,7.620109496294424,6.704653859949336,4.278324991618821,2.153255706370742,0.8429355898612843,-1.040060661190853,-0.5102488718592811,2.1364873825146073,3.206089332242144,2.542465785207538,5.178168580916651,-0.9809456652653231,-2.252255081429221,-5.0612327439623535,-2.0042871313159227,-4.874294456116367,-5.387231767924815,-5.685272945102941,-7.801373157452806,-6.474922298116428,-6.625051772127576,-7.179871497055519,-8.51765369083626,-9.516545638285166,-10.271117182196823,-10.991840910195203
5.459331468594425,5.898680113686116,6.102933387241626,8.058787321619718,10.354719035228142,6.666402964118663,6.227638676797201,4.744471910480369,5.65836333309694,4.918227124225931,0.018668019349147302,3.8905032128352595,1.720526993368663,1.1727536205934868,0.2889960302060658,1.9578091013775798,1.1620408337462234,1.3297484600812264,3.0427944612215403,1.9770608451801575,-2.4384177051693423,-4.1705876381190174,-5.071687626030537,-4.098155596292073,-5.312219919284272,-6.1297634815966235,-4.901135480740579,-4.617144281131456,-6.466134980054194,-8.58708741106753,-7.746746310246277,-9.91008974299357,-9.849737839077136,-9.694603858652606
6.502538695271096,5.473146192093621,6.074154052768857,6.675370552539981,7.830027580257882,9.304483938044278,8.261430604573233,4.242553369576092,6.131348167531467,6.731368808450071,6.555856420899211,6.165942032630074,0.3755499518310225,-3.859046694130599,0.723834418680086,1.7345236310952763,-0.8315876186644998,0.3210651375598516,0.0759473660450965,1.8817132993957333,0.4917515132197224,-2.539083642492625,-5.747650311787318,-5.816596776057671,-4.7661484258199724,-6.844887353267889,-5.433181379262926,-4.5036646543177286,-6.779515492532215,-9.335324870462586,-7.929352654218315,-9.873122909503381,-10.559117493432147,-9.163966081552006
6.368124083666126,5.617738419807852,6.01867069970414,4.8574191203975445,5.945680447289529,3.9903375060025272,3.5788772840200935,4.319103708554453,2.2159845560297864,2.9512298514687174,-0.5225532478197652,-1.5912717684289166,0.014610321470194178,-1.6780983118869743,-0.8758152783326255,2.242811485519959,1.9918915107670476,-0.24949779554069768,-0.24937694871449684,-1.9544778423684774,-0.24417654850308798,-1.9183059957503723,-4.2236166379873135,-7.1601547136502885,-6.055963540143414,-6.318865401665737,-5.220086924271984,-7.161142922520069,-6.68973617450061,-6.633701386941003,-8.325218544803464,-8.604272577031029,-10.117269597279506,-8.978606374589436
4.8206866553112775,4.830402476965232,4.272637332635661,4.129489091982471,5.486921881452093,3.6324513043363114,2.864720411554095,2.260039001125708,1.7690171911546895,2.1006784593285284,0.12236527461450664,-0.2775525169600735,0.10372901834291667,1.6040576548442016,-1.8827659199293112,1.4607016760044578,1.1622315287333886,1.7823389579880973,-0.3781405605303098,-1.2132992751551446,-2.250134982284844,-2.506744794505837,-3.0433579810660323,-5.549901413990226,-8.121134459686113,-6.453950767842945,-7.822604662402314,-6.2922633708506055,-6.897855852156603,-5.234414011696963,-5.851641452252642,-8.194111297309234,-9.377398107220733,-9.055128146907887
3.249812012087827,4.250457041211851,3.6335943203167305,3.9631930223658065,6.157227427684638,7.7333705592358495,5.375373380254942,4.738050898563226,4.298655059674423,3.3357367501404145,-2.3575293644382422,-4.345595200840369,-1.776403844654871,1.306614585796154,1.1279716080544144,2.174009951857428,1.7388325987915514,0.18788625445286483,-1.6244723540675707,-2.687440919082731,-1.734751433714279,-2.9965832840256135,-3.745458831150435,-4.719286778177546,-4.812648134490622,-5.532765915200989,-7.369602454372439,-6.195749581127851,-6.41217608505016,-7.122809917015554,-5.860166260864363,-8.009530378401486,-8.254433150191382,-8.403162401647041
1.4725667645064007,1.6778723049927053,2.76712140379055,4.03581049742417,4.780433852925187,3.2458881643078965,3.186346237867671,3.387313016421275,3.9034495346143454,0.7204622180984043,-4.393130674282729,-2.9986403691108086,-0.5666831194942185,-0.024373431299758823,1.2692921663584222,2.243843737368184,2.588105299959301,1.1006264272523678,-3.5495565799392814,-1.9945203413037558,-2.360365397759581,-2.5441879234204325,-3.361288765682813,-2.9567462826117477,-2.083988306642034,-6.724227541810213,-5.592703395524473,-5.021849314748058,-5.985480747772443,-7.327552745350092,-7.962066294935694,-8.974512612660865,-8.344828996578789,-8.380934833408588
1.058581208328578,1.739452654754512,1.5942229066815141,2.969994968940124,4.32836554488085,4.15766627999483,4.000615855907475,4.03611367089283,0.42438227174968257,0.04523195794513837,-1.5384687930118568,-2.2811730476172243,-0.46500810573469553,0.40293057973727703,-0.8967557494856851,1.7233512985227586,0.2929074061290229,0.09888063374062063,-0.3684661541514179,-3.184134543875808,-3.0847071795997043,-2.7057621189148495,-2.4938430414080752,-2.939209050226511,-2.137002126395241,-3.4671861547625795,-5.565118971091775,-5.569071169184748,-4.782612133528746,-6.2948741616475905,-6.832853216318011,-7.716744500023421,-10.349117058894638,-9.441536992087999
0.6506379693258157,1.1994349745721486,1.0038806274187604,0.9078798062382366,3.187692089301362,2.670961929863193,3.6218790571383357,0.2843852292561308,0.4000243495758898,-2.0313888611529443,-2.260779148251393,-3.4356756293120765,-3.482623498871725,-4.102010136250161,0.033994547717360823,-0.2598374658986348,-0.25380582819498676,-1.1272465147401756,-1.161280234365073,-2.2173405933557615,-6.111540567681347,-1.4130961019748818,-4.512087372677075,-4.842835075732552,-1.1228514159794603,-3.607151675926523,-3.88042823726412,-6.6786338137135495,-6.705691900739879,-6.842756079350258,-6.542450309650491,-5.801188236016349,-7.394094617155657,-9.457705520808995
0.4605536064933435,0.5540229419874992,0.3815006430757933,0.36545489309799783,0.8460668670099132,2.598548905108871,2.6011172313961093,-3.593949696978009,-2.0692546956892435,-2.504145785778566,-2.875198335978127,-2.325899015558886,-1.1182200509637625,1.8091526245042122,1.4643152791539311,-0.6965251707029493,-0.25890377795756264,-0.9789381180162906,-3.1665609020154033,-3.864233571125628,-4.714222208463157,-2.1397837258184973,-4.080410078652302,-2.154776038615777,-2.812464012954729,-2.7559538387691687,-2.957205055983349,-7.47533835221411,-7.488149340475111,-6.752194260122336,-7.442043027598352,-6.736877666394714,-5.509846366885247,-7.69788846904202
0.28949914894260503,-0.4351452986536282,0.006779985648200593,-0.43310432192604154,-1.0040031935790141,2.218963442892957,0.02177888699576456,-1.013562291512837,-3.9038729455588324,-2.2046261022376603,-3.0731730250006635,-3.4866322455878627,0.24667862071736144,-0.07316008881914764,0.3732869991519337,-2.8208496741386164,-1.9580259730054153,-2.1128697376933214,-2.368382213113061,-3.835559776314851,-6.8119844613976746,-6.526058374800164,-5.176544915055127,-6.77831928918578,-4.813665416226173,-4.2324917773832835,-3.3412665772353636,-3.5429052705697957,-8.081582857184895,-8.178057254433963,-8.202415674969421,-6.7616366307050875,-6.0838645884518545,-6.1870327986430205
-0.05160484867351338,-1.1930267183748635,-1.441237610258643,-2.034826178599471,-2.4133151292238755,0.8017022506390498,-3.367044984216803,-3.2241650078957726,-7.240392791568663,-3.6955919332637275,-2.475748409862675,-2.097227148548927,-1.5529987506565788,-0.4671803477569629,-1.3907195509956614,-1.9678101905691086,-2.2809061612165666,-4.054855401157976,-4.7600993854861295,-4.205111971736171,-5.136337869142035,-6.273414675096572,-5.071110117804914,-5.251414377837328,-5.022544710300625,-3.4064555849216274,-3.5880385443833664,-1.6785014529850601,-3.634448890521362,-6.505998541229849,-6.856519154351849,-5.942631150600059,-7.347213199958076,-6.0127340219890995
-0.09327044856728878,-0.5282884013496107,-0.8424314979248955,-0.6127442675682245,-4.879761073904764,-2.2242467324650526,-1.7795110429335952,-5.110548268550379,-7.469722195305053,-6.171089828265228,-3.542280893158327,1.9409688789286657,-2.3518023032921533,0.22540600263139202,-0.20554106223632693,-2.5572416594342897,-4.515635478081434,-3.695238299053625,-5.1301279691007915,-5.223205256232135,-4.359157570028371,-4.673279799993754,-4.773241224436146,-4.418260823682308,-0.5292701358571655,-2.056675963439132,-1.2849641877717968,-4.1270257294058155,-2.865969435386172,-6.618355517518038,-5.999126583907862,-6.245660756216004,-7.93758505514196,-7.024929164925755
