script/wind10m.json
{"header": {"parameterCategory": 2, "parameterNumber": 2, "lo1": 3.000054539987559, "la1": 64.9999836372058, "dx": 0.5, "dy": 0.25, "nx": 34, "ny": 52, "refTime": "2025-11-09T16:00:00.000Z"}, "data":
[rows 0 to 23 of 52, columns 0 to 33 of 34]
-10.879970883690332,-10.768838745010239,-10.49089892748388,-10.167772677440047,-9.830751093334838,-9.801574592500703,-9.33602316929983,-8.826170456886166,-8.663682310195007,-8.524286518867436,-8.375903866292923,-8.16513622880009,-7.67421116650704,-7.270585262658539,-7.503528324971398,-7.73713530270891,-6.583901810473683,-5.434034771457827,-1.2431654384289936,-4.47265303099646,-2.450414640937806,-0.10732318103040685,0.48836599127091407,-2.8164304623318106,1.9720230056411836,1.334187643499635,-0.37462405763129797,1.473504510532211,1.9393129043269473,2.059019879265205,2.430732219975857,1.6709409863959765,1.3196277215288439,1.5888685458830376
-11.132092104595134,-10.929621903651734,-10.868816223140048,-10.730467393270665,-10.320960063435164,-10.115082103741587,-9.794991897403383,-9.431855915481913,-9.139099188298852,-8.908788131385245,-8.718845943983604,-8.537295491137282,-8.29412313575323,-8.806808790215186,-9.029756780182433,-7.713452092532099,-6.610902569979292,-2.8815593389141925,-2.5004740218325416,-3.948918474565581,-0.678322989381777,-0.7238779005213295,-0.7712311226986733,-1.3263556701044406,1.0979585706052957,0.9329814976559633,1.2555919228758354,0.8477524719614938,0.2746196037304371,2.4283433491388093,1.8240729667604438,2.0099422547405097,1.366911942863911,2.089631622273839
-11.670291500903758,-11.463825870889568,-11.285183230884876,-11.385440856215288,-11.008240686270385,-10.552256609029133,-10.375203943615123,-9.985760508324608,-9.715486414132336,-9.289656442727127,-9.07933181238131,-9.110892054736302,-9.291653266641484,-9.668181048638989,-9.116641424183594,-7.640966218644539,-2.8574560213619025,-0.8639367236258003,-2.050611303431839,-1.0840015127222906,-3.575306579036606,-1.0814272632785618,-0.550157240286765,-0.3685920498320549,-1.1178621582820867,0.6781971235573317,-0.36607461356273874,1.7006106020356953,1.19877958714462,0.31090393356513185,1.5999063914277956,1.4884201190381754,1.8433136692320733,1.2593520744237983
-12.422523040094926,-12.105424210125399,-12.059103606791773,-11.731795914271599,-11.496796399596615,-10.927536723431405,-10.655416151216452,-10.344593845445202,-10.138582182463244,-9.824627201169463,-9.242519190724483,-9.54850812801049,-9.237603139451066,-8.764218216203032,-7.862060581049824,-3.6941949158071337,-0.6752281235404632,-1.6041545340556247,-4.054428664896583,-0.5990296284894397,-5.700047668287624,-1.2534772799166716,-3.152574287498786,-0.8573215042147335,-0.5555591582482123,0.32356465014500346,1.0248603802454428,-0.39933211222356596,0.21832264454390204,0.6703498887081296,0.9705243448831983,1.3651510141096754,1.2692709878042074,1.1107241817300744
-12.95829456030654,-12.513376191135142,-12.512575725227128,-12.380501028061998,-11.873446675898936,-11.830220222546965,-11.57381885876898,-11.061227202076886,-10.860934450901729,-10.33171841460099,-10.488480582780001,-9.88148203517876,-8.689871883820402,-8.589595222031077,-1.4912773178486425,-2.8646160267583465,-1.233704493820841,-1.4114833713315589,-2.474489568676896,-2.0603871045886355,-1.8982680948230128,-2.508341815793194,-0.6632625850538323,-1.510116648325729,-0.725028375748207,-0.783045960827727,-0.44380441334881593,0.04329615143450165,0.2771763661596119,1.2405361057486555,1.135708455307246,0.6323245594198764,1.2941018169326854,1.2598857393456073
-13.251362324170122,-12.928470602749705,-13.211704772895898,-12.90983032634358,-12.491913752107058,-12.338020298912426,-11.930692996906458,-11.895933420376377,-11.899162868523431,-11.412956924715576,-10.989680140229877,-9.627617898870426,-8.75853968281707,-4.881267597657249,-1.2777661629576078,-1.8798680003168728,-0.8053413922860059,-0.7789107601869548,-1.9218513076460009,-1.2595086508972944,-0.36184769902365627,-2.362299331970504,-1.6001385352108668,-1.5627897820735475,-0.9956439641410423,-0.6934430949535751,-0.5948442457224326,0.8185321743599556,0.5580894245420532,0.4316503484621365,0.10512471306024354,0.08536810377692963,0.8060574368090768,0.8023770785280937
-13.65965586963024,-13.553599705367056,-13.265882823468631,-13.63300479889428,-12.538435590130106,-12.738100185131609,-12.371417212860383,-12.446581670704042,-12.14988799265027,-11.253878866559772,-10.441020817951344,-5.185059596043275,-5.145648966715841,-2.3656623849958707,-2.93025092758081,-4.747742553304354,-0.12213450888697354,-0.6768118135875684,-3.2200013413161406,-1.787728465759002,-1.566039792073443,-1.5629310863504682,-1.7936807659284155,-1.8772946173774085,-1.492976317480264,-0.6048504744148475,-0.41918509190277103,0.41694777250704695,0.29781241800813724,0.6114448259586813,1.6350869538983004,0.5667182688965126,0.6743881176753795,1.3217390342802944
-14.035098605854325,-13.446534225646717,-13.358939353795598,-13.620424438192485,-14.142564295773187,-12.887905946100767,-12.15998161522619,-12.00790833333504,-11.398053710139969,-10.197972296013255,-9.061266076011314,0.3834320016722186,-0.9228898299901089,-3.1412305401562515,-0.3624868448089926,-1.04099443987559,-0.08664765463874127,-1.7010616360977209,-1.5536337661362878,-0.5686816133210961,-1.828129766154715,-1.8039886771297229,-1.878368715515764,-2.5505324663973643,-0.8446786061564284,-0.8680881013199089,-0.6501935659923811,-0.2274004013870974,0.057869210863722965,0.8819940136752932,0.005591238618706001,0.04741596027815205,0.5757045562316587,0.16228675141686488
-13.674976630283162,-13.376547060581727,-13.025008006224914,-12.906932393838298,-11.483805145023416,-11.646001740227296,-11.247925715544469,-10.683800194945437,-10.050033172408254,-1.1178207117828585,-0.00826562539299252,-3.0953386532406286,-4.072091337138279,-2.047680579892386,-1.3165574672189586,-0.016159194838030584,-0.11200914574951062,-1.0302244109126153,-0.20345689855975008,-1.4754855572513585,0.3121408734759064,-0.39983710595873123,-0.6235279560379006,-1.2806913083390055,-1.4798405958982632,-1.0103361613365247,-0.34459538081148494,0.644271326733302,0.6989180052079588,0.9578745926901805,-0.5573509672438592,0.04302980101959542,-1.0994214887127012,-2.1240548621313176
-8.61659650529727,-8.434841704345104,-8.856153747354538,1.355987352825446,-3.5104490172659175,-7.688052996042721,-7.23225126207459,-4.459657622365709,-0.7246119422713087,-1.6231375041832257,-0.38678229481586857,-0.08142027338153894,-0.7276584548882296,1.3217795064433897,-0.121084505817551,-1.6704691976941468,-0.6600954665753724,-0.9176358485741087,0.26963064653723345,-0.871320341988373,-1.7770692688274476,-1.6445059245943963,-1.5592224673452344,-1.1598703374831423,-0.8653506464725029,-1.6620891094054877,-0.984820972759061,-1.2221875679016296,-0.07619123578050219,0.15397717110911083,-0.5197553291865042,-2.421500303603421,-2.383448024126674,-2.4801234296366577
3.289512544340644,4.4496546497955975,-2.095309544508315,0.05654425177216209,0.401309422187179,-1.855581743887116,-1.5395592803839693,0.34289937631033995,2.219880827121854,0.8030833778845827,0.9674342287976244,-2.0142307530721104,0.3979278881927454,3.9998671062749085,2.273664451660537,-2.1841367876089186,0.6946549581491719,0.14245353156250753,-0.0074204121385769714,-0.8965950079423145,-1.1343784223971467,-1.0249964563494292,-1.8862382338822035,-0.729637345984684,-1.1628028478854722,-0.7345150977598809,-0.6954436806194257,-1.0441964314965915,-0.386615550380458,-0.5647263470012129,-1.680355692336406,-3.310476917094829,-3.32223261844957,-3.176013256202052
3.2053684972383123,3.403104506482292,1.099712072499816,-1.3153184501319521,-0.5324763998351897,-1.8150254988641952,-2.0965617298242747,-2.238400608512301,-1.3551553363010869,-0.7715438316367157,-0.503896068860971,-1.3044337772044852,-2.0643626805725646,0.7708267127361462,1.4212509468257715,-1.6115075334990627,-2.1944515683997676,0.32483741599237703,-0.3304718158574761,-0.25641662312807406,-0.42089768824280777,-1.3144135189317683,-0.887970837773648,-1.1670939261611768,-0.758932785187979,-0.901216972809876,-1.3350097103832814,-1.4133010954256404,-0.49780425493228636,-1.5755105113614039,-4.3889461274452595,-4.319690528659208,-3.928714716054547,-3.758888268986587
2.136408920499121,2.5177704731185315,2.252576077863791,-2.588210094114413,-0.490393103687912,-1.0257475091877837,0.8672663492780371,0.5113370308634013,-0.34754548801515023,0.8257702208085119,-1.113887597359793,-1.9990873254011978,0.1674218092883326,0.4415843301689012,-1.336425974290376,1.6845839975819146,-0.33624309154893994,1.1623360771866313,0.02465632453091585,-0.5335567190901351,-0.9013233159777843,-0.8116776797287008,-1.1738075013522513,-1.0841492142828089,-0.5754976390026199,-1.0471735175991024,-1.6452935983938328,-1.4842565649014243,-0.8418355118873244,-3.4700033166611033,-4.167682318242937,-4.319933387165909,-3.972148561319428,-3.533957349605311
2.1655188007950605,2.3706158655487393,0.04668901525090725,-3.4395341768270247,-0.7128144395737409,-1.8631460890867553,1.8093860541572433,-0.5404150366183742,-0.9316226191440571,0.39078750384759736,0.6766219031842495,3.603692968200902,-0.9515566923273792,0.1596642161042827,-0.9587447459529923,-0.6325753293251386,0.18224924430022307,-0.12624460065342852,-3.611060085909491,0.7362888767836151,0.1153444832478271,-1.584957129058445,-1.1188829451112756,-0.8825183631197259,-0.4249378405433129,-2.0549816343770373,-1.4980412195847335,-1.746379440954369,-0.8477898338850459,-4.26884837930392,-4.502758354613872,-5.112821533746931,-5.056365911408368,-4.991290067757029
1.2024473538411955,3.0874002937941247,2.1832623940229254,-3.314842282157566,-3.033687720048179,-2.2610487942280346,-0.20901456124530612,1.1267609311375812,-1.6725798130956746,0.8829564615434475,-0.7173604044837998,0.5330192554583729,1.4248262371392395,0.09731361539635915,-0.9042783566501714,-0.020178832855802277,1.0786195987218705,0.5047869036258992,-0.5794764011357515,0.2538642912872124,0.5230825020055856,0.17183088572241378,-1.320237535114929,-0.7285827790118116,-1.235528442322296,-1.4695868628129656,-1.5180704079185947,-1.5199970508992473,-0.8938262709145172,-4.243658062887481,-5.047317171348163,-5.498742410870463,-5.498018203444802,-4.74706260972367
2.8624903459923243,1.6341359808314133,3.6092409090199147,-2.7006475022158587,-2.0106934529497478,-2.438037049581393,-2.002869800660591,0.725145948738219,-0.04206730519479078,0.07476953602117453,0.4324060487065435,1.020227781537351,-1.0482204365248053,0.858787582629197,0.5250448076872187,-1.1287805454046256,1.5326081369553914,-0.715191085295717,0.549459270917413,0.9089553046656776,-0.16832165051645984,0.41636833205963314,0.3281139621274742,-0.24130181036145254,-0.7820795636666865,-1.7915265269458116,-2.225344795234525,-1.1524637232635977,-1.2097502534150466,-4.337569918279391,-5.562690888856297,-5.690411713286547,-5.394025469340907,-4.569229537571281
3.1493646523413523,0.22398799797254185,0.8797681259267086,0.4781910850921544,-1.4209857181071628,-1.0532923874692317,0.19407722516705705,0.8848494627875155,1.8050347708822254,-0.9613266153629042,1.4956833168402799,1.2834052280258004,1.4319414839684577,1.1432856260663355,0.719501186143358,-0.48625664161803994,-0.6694013109892704,-0.5658050048936148,0.639764266913857,0.08941999222412127,1.3621873132560522,0.44146043717292854,-0.4564464577311066,0.6256725582844226,-0.18519361294998968,-0.022418938415491727,-1.866523706497765,-1.4573784682793607,-1.215217190998486,-4.540045233082126,-6.516834928561691,-5.943496257373796,-1.9124623841598465,0.5093964532358326
1.040612032475594,1.1642836290545067,1.6060734501537608,-0.6768150531133053,-1.145404722905112,-0.80961814659352,-0.5751354577706488,-0.6671753035582376,1.9264267375432644,3.503694723366227,1.0946486101060027,0.2815754029265383,-0.5179005306500655,0.5041595258211602,0.40003909437514457,0.5132385096430324,-0.5648394190976322,0.4297232679179046,1.6022025228227443,0.286792231454906,-0.5805032971674238,0.501613018549734,0.48788841138502553,0.7392547162378952,-0.6376335520340013,0.11831236836831183,-0.9759034812039514,-1.1465791066435702,-0.7965590693644305,-0.9087991853442317,-1.2679598008170525,1.4579680589594708,2.9822606793707065,3.853285143481919
2.9959312170667705,1.2717667078095674,1.2506481382424295,-0.2377196620729571,-2.1116910309104173,-0.8831716033734381,1.1025974233948281,-1.0700670403417278,-0.3862511294917432,0.5088456391638098,0.3275933935512482,0.0408693801204653,0.2981508883218641,-0.5197713210707868,0.7878177460177128,-0.3330661742059447,-0.0573778271792486,0.4310838055881495,0.3808295124493416,0.22495473314386258,0.7990735997762386,1.3755680059477158,0.563257107933479,0.6006099579217082,-0.43278430156515885,0.8418787390577309,0.3627014066395987,-0.24242060105111882,-0.25550609439267713,0.9647246958640304,1.6440916237743537,2.520119293703626,2.566377524251755,2.6591859439886383
2.632358138168343,2.6820920965316657,0.9055229832403078,0.20898507776946457,-0.925285871454448,-0.9580452221601377,0.20851086500240418,2.7649698640322677,2.3560290130181905,1.0199624894641894,2.070845145329212,1.987961448053166,-1.3505707051853006,0.8585668234184154,0.03404579925697777,-0.02366678027038323,0.26262182062296263,0.6275271797691003,0.9145641126107452,0.2546257043833545,0.6752712085862514,0.670884663306015,0.8516152799443478,0.5508415271530671,0.6364279102015549,0.7079831925981074,1.1116667410901946,0.5699238518910357,0.635730605057997,0.870365557802174,1.147004996190391,0.5623393504669179,2.3004587845990283,0.9277210064914926
3.073160262941495,3.2018845397116937,2.5391518311571883,2.466140505345509,-1.1011666289865425,-1.4488070806497828,-0.6688070326811466,0.6094069420727123,1.9856362573096642,0.4025328186836358,0.30974762639463443,2.5143335549162877,1.4956439567187405,0.3221797652759668,0.5622392893430662,0.4132997735732449,0.5246586386579056,0.206752105553856,0.9545068241350739,0.8127367371844197,1.38614716513529,0.2217323604825793,0.9110943611887381,0.9935943243574707,0.8465020822196982,1.5730881143912119,1.114385313202436,1.3727149314457465,0.6632774675185477,0.44189732301607876,0.8009881996447623,0.38166185935465985,2.036069271567402,1.830621415338167
2.601068067346283,3.001831979793316,1.8814397872095696,0.7675813000546725,-0.4181080703294801,-0.6941116433466509,-1.467782943056861,-0.4973656279150086,2.696822999540422,0.6343660630982353,2.370910061384435,2.7398884957116585,0.600537792707382,1.310599558793506,-0.035838228365178255,0.008704011972020231,0.9198713391999344,0.9267232729626426,1.120082826311139,0.8523021952222749,1.4117661734871025,0.4485252642425829,0.686436883878049,0.8761072411414653,0.998179667533823,1.1338734942863218,1.4031735664636407,1.051259409398222,0.21807796439565447,1.0107742591938786,0.9383030766674706,0.8214340880533348,0.5635710328350685,2.9783412656420825
2.155511957735775,2.5907327667003224,1.1430680571216945,-0.4682335265536617,-1.5180884101368444,-1.0766712835676215,-0.29944898808848114,-0.3562379113980144,1.4627288613470215,2.47309866581535,-0.8362796779627109,-0.3509813333911872,0.782561533960053,0.3707538109653062,0.3836751568799836,0.2465712816890731,0.9846200692928627,0.8817507511933224,1.097651189655148,1.8532364616782433,0.7650352528871655,1.161010677732263,0.9747776115335941,0.7576048563009682,1.0317402840342396,1.4539322209760186,2.0484626291002224,3.3215258777433436,1.6744786080028151,2.611636360638371,1.2145450689251787,1.8205947946223886,4.635772446297058,3.8294820704273786
2.251825902978198,2.8095771971429135,2.505537079734987,1.8722082745547681,-1.6241700625590894,-1.1055709264923694,0.19739534160659203,0.8668419366869176,1.043614073649449,-0.8734921150254278,0.8160772075419511,-0.8457708501688533,0.5383211937008983,0.4668279981091181,1.1323477993858315,2.1788362602627576,0.6327366344491948,1.003477118971717,1.1515956367495799,1.5153988026328378,1.389551242675001,2.5257462861209015,2.8820421914190786,1.3871906329633654,0.8757969818478987,0.917388105436181,3.7774116989663375,2.0281223183058943,1.6771241408958362,1.6826889980968964,2.0299328306476543,1.4441790306561093,4.642890328494737,4.580641532661197
