script/wind10m.json
{"header": {"parameterCategory": 2, "parameterNumber": 3, "lo1": 3.000054539987559, "la1": 64.9999836372058, "dx": 0.5, "dy": 0.25, "nx": 34, "ny": 52, "refTime": "2025-05-24T22:00:00.000Z"}, "data":
[rows 0 to 24 of 52, columns 0 to 33 of 34]
1.4364090530578433,3.0757128081336584,2.8921194799393475,2.8921348421191233,2.851240615973004,2.4339648806258976,2.667298944673492,2.3355119530483117,2.5423915786246694,3.2767750617906852,4.422312235927618,6.50338093883396,7.782300662586419,7.7454264983079435,9.19323226163368,10.971130971050176,8.337559392869892,7.9665785599189425,4.313612256980411,9.570804150396627,4.844666108164973,4.4635511895204845,2.909782807834813,6.96507213324877,4.889668328670046,2.572443210917618,3.895071311777541,3.6508667223583173,2.9499701133914913,2.5607896065052493,2.712749295839535,2.1026006575082463,2.0341532222042797,1.0929983143997344
1.2550845296552435,2.022809922086071,2.1502183077674433,3.8908700582893725,3.7223578268835307,3.404927151335739,3.4971000216403247,3.703227045133523,4.323995685206267,4.921644741052582,5.312178442524497,6.105940640824505,6.5206737273059625,8.250941946639527,9.257498258540483,11.523713811474648,10.47104238650849,5.172650712977281,4.6802734115433235,6.661034035102064,3.644710680510986,4.1933539135281395,2.154759697190908,5.112001206841653,2.420197121552875,3.5492093024041997,3.561801110285814,3.613833271796131,4.04327823299264,3.026858588423092,2.4058247088304494,2.372899424334661,2.2548865141557197,2.1775144896496217
1.7612635059334074,2.33509218207034,2.0032568280036642,2.4626611845164845,2.438707612536454,4.420202398581673,3.8878307537288044,4.051404403614625,3.797625274551513,4.13459803655896,5.284873575445265,6.148927306706516,6.99381655560741,7.511078934076315,10.138462996624408,10.403541413645334,3.792403532322999,2.7110688070647435,2.237224527923649,3.130438415288401,4.037545779641009,3.050534966275204,0.3621749910120195,4.5191072098053615,4.233042215060434,2.6969494419405695,3.3208166789028235,3.475653643965105,2.8243245612200414,3.517528090753978,3.9930754146014267,3.5055316495996744,2.12276986491431,2.2642619063525284
3.6977865268208823,3.3667109700825586,3.2267962538885087,3.2875279558405626,2.6269850172898357,2.145679820073959,2.917419907436636,4.384983799057691,3.417620825467398,3.5881260911632364,6.813863218871759,7.439121537971572,7.691993422759294,8.834912938450554,10.106596069205338,5.661417784227312,1.613718227557437,3.3499860297453474,5.124489800537364,2.6220663169228207,6.778129061313713,3.6329105022238743,6.718324230245064,3.708520401563092,3.851681054065422,3.1466660117223,2.9477297351856366,3.3215920009286357,3.010011357194943,2.4799219107374735,2.2802948257825744,2.805870909507465,2.2935544951231375,1.988796322546061
3.1521599410422216,3.4183344333709,3.553204860902688,3.578960110837575,3.061970679669832,3.2041189817087785,3.6432113976283627,3.972529357993154,4.933682035842167,6.224742489330945,6.684282873898953,6.927713850183111,7.365146089279173,9.469046413491693,3.707869957809015,4.071453483421229,3.6825102977427577,3.334203441360868,3.131117288769408,5.08106624531971,7.815881149226804,7.264823211699814,1.9672521425583647,5.209178640194218,3.7106439099285256,3.7527333462091836,3.1142494439877515,3.31303536755563,2.726313129649322,2.8029453608862016,2.078203675658276,2.4188646245253067,1.417367964433035,1.4714220896811814
4.378117448697027,3.993476924165142,4.500114220498325,3.766736818241158,3.8938693708978804,4.026859180674361,3.49622641111935,4.343869353007524,4.548315691604646,4.9323065282347285,5.401201126616254,5.817057832627873,6.758548426308528,5.894220058836552,2.008667913603425,1.828141317214588,2.741346128855441,2.296739297988336,2.7871178652457758,3.150313543177839,0.6718708370009187,2.7068617883381005,4.09239914775248,2.6181032648782936,2.346518358487568,3.4857143069250953,2.569312241747894,2.471414335581941,2.319956813772101,2.017258282408665,2.206747846015949,1.874176723387315,1.5151881129897047,1.4350244441028461
4.595602185601329,4.384145126708076,4.554490319105276,4.300909189964296,2.8947453812042476,5.151962772513582,5.10472275827744,4.232425648125222,3.684289516522872,4.540222518354047,5.07996202957275,3.761939073191873,3.5434559811185835,2.1398281797304803,1.173325986596081,2.821003142613813,0.014376339345592246,1.16890931184065,0.7341191838550534,-0.349925646593615,0.7320412395182145,1.5533748735243915,2.630386499116566,2.510436105084719,3.7031676315106745,3.2489071003862815,3.6101716805292448,2.6266820853546964,2.691048119959434,2.902758227323864,1.269196640205913,2.5131357953657147,1.4286575232194685,3.238027942201848
5.768585246023725,6.362787738194788,6.276313329499463,5.594370803086402,4.832266928918175,4.818095176265762,4.2310072370436815,3.7196009656103306,3.7804144378264426,4.51743655930058,5.248842392332902,1.1416309555767072,1.2070922530730261,-1.0262090721440646,0.7833467961297915,0.3080209791904306,-1.4852347329103168,3.490913483074057,6.1312159717955685,4.63953001265486,2.984951038563778,2.964692967915565,2.8181169713691894,4.726228067267281,3.174238650326878,1.9448529892627764,1.7839299926655205,3.2154469280685958,0.1980502138180041,1.3072288087429758,2.7856323921726904,2.1757337184931913,2.6269264500178444,9.587769539841554
5.9662391039461165,6.3258464714984965,6.1094854428894045,5.542506100615119,5.220096944557403,4.783217699666259,4.041378578442974,3.40433042994978,3.5222207465182276,1.3900139977521755,1.5333526246058473,-1.0236465038247864,0.9467393488126536,0.7593416417385835,0.6683413982690628,-0.6249053208089964,4.12605082576366,9.14361847277288,6.660023139589846,7.7766789853604275,10.536421012099677,6.521849027931709,3.3277750994773987,2.2906779820364878,2.6607037055018328,2.434769974881494,2.2465376629649456,1.851035801073293,2.039243722173897,0.26393353851492496,1.0359726827318116,3.86202909274544,9.74506431045691,9.553239778305661
6.24935353964533,6.240528448064426,5.626947615416784,8.128463265858976,4.759369715965968,3.9409913332272817,3.450122409078018,1.9696835391729668,0.1206352780463398,-0.43888785353133747,-1.2679322598869074,-1.0354720243448186,3.59982876045414,1.5226774565109515,3.2303077282639125,10.167391487805,5.676476880427038,6.047796772033385,6.139579846112753,4.240470529478331,6.795106490668287,3.575965945975512,1.6869845106729555,3.5827747585089837,2.421402291900777,3.573052063281143,2.5276576527852144,1.4879707461098926,1.0324883652054342,-0.4547818513841234,3.514505700379302,9.754168048997299,10.312124860731506,9.897190524417422
7.132182241877175,7.1777814725321,6.784653905529857,4.795543712748465,4.698665745093409,3.1278859826874954,0.9604877769342918,-0.1119259050727003,-1.07046867824173,-0.21423795189412145,7.327441636631517,4.051633443687,-1.4722982826970739,1.622948106161376,5.8715843692938465,5.8466658385915435,3.7167401140891614,3.3611758307317925,7.185638622441059,3.5176767868615357,3.5687122490190335,2.417794092807661,5.431265403845279,1.6350830444849704,3.043135498243605,2.0991101237165033,2.0141387427038584,2.617651527811749,0.033313496053212314,1.7287534093792905,9.749437136284877,9.801125064477429,10.458252478876751,9.947520718392504
7.889671147984954,7.861838682924159,7.230327027582895,6.804731464708615,2.7241292157201764,0.1858313710768835,0.31951524685327054,0.33407028740238126,0.9271502073513833,6.560716799151005,-2.869725241817352,4.569572020466533,5.657541364417116,-0.9927752835832214,6.253928726677409,3.884523960461852,6.810067935195361,8.693277860904923,8.447125472281334,6.564883458827999,5.174534101060619,2.6032832703248583,2.0456584635723614,4.197798272319747,2.5578946618421328,1.0895962853395338,2.0612295429578364,2.083276658140205,2.4569966466787463,3.546597638223025,9.891534389206978,9.956125791331472,9.849860527629968,9.715438388646328
6.6641544454886725,6.835447371558649,6.75895744325409,6.78146337229707,1.8136081081611697,1.1938684257357104,0.7996661932173691,-1.3508958331758172,3.396411241957054,5.05402402984586,0.3418410750447211,4.051749552998599,4.231399507053994,10.922068986940827,7.558946253542493,10.651599924032398,5.1962709856776605,3.9603671664934925,2.878922542841391,2.1245023595510335,4.185931096988616,3.678824668401825,3.1264327200181046,2.2557835962371335,2.4911948845287366,1.1180100296745517,2.4143246719745117,2.087499828052338,1.4396371323491437,7.940083611895724,9.25455275892104,9.875512394565044,9.581143976561226,9.037605792016125
8.23064097939108,8.335339797400213,8.457124660799382,6.073323994287082,0.9612784699213784,8.377680659180916,6.183461070565963,0.6152470197521545,11.163975992365069,7.525347912124683,9.627097200603963,7.363669166323709,0.652793473350258,1.0124649530967789,6.968334219821811,2.980481533968052,6.516979786250973,2.8910841860811836,6.181336629242376,3.8853184285143527,1.563155070448479,6.049857620349371,2.653316824848648,3.375746656716381,1.3361819765718157,2.505004296783788,2.0941200924816883,2.6408634497522523,1.6840973962589352,6.177775927449885,8.910876497616414,10.046065012738044,9.04896637879847,9.204170368442204
9.322782337592198,9.644608377470377,9.354071248987081,4.949058417932855,0.7258285267266855,1.2150690773241286,-0.2343498574885837,10.23253223494921,1.0247737068618923,1.1877166400069343,-1.8958550286090117,-0.4021535199348402,4.61850923347068,5.62680035245157,4.2566005168029655,5.9260875498145795,3.672100395463801,3.155814571428569,2.7669013456774243,1.927191607390167,2.4160558939424206,2.038411893837305,2.687503498001136,1.8693751380918684,1.2860207747615169,1.6504413881074043,1.5682677240971985,2.767086667520648,1.4996817580699142,8.000520590759056,9.071137880600958,9.535802369040665,9.799440499837887,8.843772245173218
10.780702099166907,10.66630614795359,9.648042773265368,7.04453808841019,1.2670778222272738,-0.027540054834608998,-0.6329233624038786,0.31476440350911183,-1.0251583984364967,-0.9401157189415205,1.8495676383278834,5.054140035459489,0.9863956086946044,5.064791695045923,1.3205858793518024,4.228945800797184,6.13158489066704,2.1775282972372056,3.0107952988978015,2.699120843363119,5.215915621457732,2.8086639862233276,1.2187228173887443,1.5249972320515779,1.9575524867238476,1.769800420931479,3.1855216761541567,2.199883756014537,1.8841851568756436,7.222734987584501,7.7454924289529705,8.910472988261482,9.102037575257299,7.5561063782130935
10.725827676459675,11.16729796990559,9.597223413861556,7.424921781571613,3.3267485551582645,3.7115393072089224,5.625650461017922,2.9119414041617198,1.0197548094281297,5.486767511353536,4.212348517136857,2.778127851248979,1.6820285893216809,1.0246736506368717,1.293064846987969,1.9844317359054455,2.9666070902319643,2.3337732665109767,3.842465819140833,2.6998465947507677,3.077497717459118,2.651243446193544,3.2627447868848436,2.3620116296325655,2.38148914028158,1.8443762789071037,2.4610993224480193,2.4600083590523054,2.212597629549513,6.033837318954596,7.760598962486922,8.649264192869339,8.320527668054444,6.188638803306408
11.29122564258759,11.145258287619477,9.092918557837297,6.344760407378856,2.5911683795950906,0.7536457920182054,4.352609994186799,1.7903123072828626,6.8110793915995735,5.422958110911376,0.09940670317899099,-0.45175251087503915,2.7029119753352218,1.2899250545538001,3.709634146629138,1.5472634358943937,5.767285622357005,0.9776818596760359,3.5152314047459896,2.1671053135024305,2.6978901094648204,1.187396704868745,1.9288892015866905,2.9994706753874354,1.7691896001232579,1.3602861742453192,1.8105763843711302,1.4900859995129385,2.234671035162838,6.302671452624302,6.571613754976479,7.451277201592669,7.294546794427989,4.988249505358991
11.771269488249816,11.41764395273939,9.42126448579577,7.23962433599786,2.740557518433978,1.5317649526243255,4.1017517253228934,0.2188225968273242,0.8730182673340662,1.1521102301462405,-0.8491339924006245,0.42827820847960396,3.6416013388763075,4.4017294200974915,2.510287727182918,3.2433834920781837,2.936696711662758,3.260268515939354,2.411080464474318,2.351943854215027,1.5628500204370583,2.5522905998461116,1.7189056202210233,1.868977019651583,1.793870827173491,1.261497720874154,2.086824894830747,2.428951016169108,2.32341919072736,2.1965844323593067,3.1397602969886265,5.192172107439888,6.337616845212799,4.657767219087665
12.75331193075037,11.793386036290967,10.102727717340937,7.463312430509142,2.128559350433981,0.5886497005427742,-1.6507953291061799,5.866811729918423,8.272027034167271,2.809348076774232,4.653231927331762,4.1626024783921824,0.666528934872096,4.033125430572308,1.7400839772762335,4.757172495838169,1.4210494252065398,1.7033999516669163,2.4574590129511815,2.043948596315434,1.251642186417359,1.5902019051721707,1.8509177289287422,1.8220360684414143,1.407895104353908,1.7691409099432867,2.394777357520586,1.6801493316206952,2.2543128156792,1.7508128679132942,1.9895478356950902,1.827698657944257,6.178219435788617,2.3258352818308023
11.963598953336431,12.016595899649564,11.003894482945265,8.526172748748316,5.091808396360693,2.514343290278033,3.0736535468821047,2.993005883206921,7.0154416514639495,5.949010688898514,3.9490691610365785,2.0149899233158752,2.5740837926845566,2.6043685061720296,0.5860439486766053,2.618317853895335,2.3477144156397576,2.6173432345715644,1.5728843002057444,1.937229432071493,1.3140779249793508,1.3362712300869424,-0.2729863676518072,-0.08657641884658379,1.7778543371950482,2.2393132670008624,1.9500020127823423,2.2147583961460486,2.2394007621785064,2.2406246447842997,1.9957660823186925,1.7459209069148869,4.458029610871476,5.32791737973549
11.586833126338213,12.407952178522164,11.388353961493909,9.063732137406802,5.877526447300907,2.7862227461204494,-0.9465946021407239,0.3746495840382907,4.0954928762188,0.34014237290521787,4.416845021726149,2.9985631101997043,1.4000073356875224,1.870549595766105,-2.1063951469326936,4.350196284882054,1.9344299965781573,2.0818044929024424,1.5240816197434588,1.6657444756821735,1.3588260549181965,1.2135358504300509,1.245171729930436,0.379416669013284,0.6587080117708755,0.8453097456407255,1.6288952607723735,2.117234555513691,1.5116437626023398,2.458912275422167,1.5113636581806205,1.3242053531488782,1.8865347021841095,5.274384712538616
10.116976242441183,11.247487747512647,11.288746627353042,9.79680342771434,6.892304623991386,2.480681711404356,2.6612229524752573,0.37875237240348814,5.701994113159356,5.237802573177424,1.7303511599126984,1.7558713813163465,2.796778219259692,3.165109898536409,1.7681531063881595,8.082122185136939,1.83292354611069,1.5806493098978587,1.4075823804691956,2.392047987961523,0.32640974009849105,1.1059389283613683,1.1558625548522015,0.7625663510499175,2.3508310357149726,1.9053268364298044,2.209564527142405,4.212036140278279,2.3724907503753188,2.8237071901961954,1.5719682001123945,1.732462222904151,4.349733991196454,5.809683689867795
7.76872325708945,9.843007598915097,11.17533906386355,10.373024344253022,6.280625224168289,4.243765679302569,1.258777655093036,6.261580426399831,6.863223277505767,1.9827144829373575,1.958337671401348,3.089856873127085,2.5128731267401245,1.0161752305093108,1.8716057914490736,6.533308166205723,1.1428318882583293,2.454204693884175,2.1153347772457147,1.3923230700663203,1.1648099536450784,2.7148914802041473,1.6454907012747713,1.2581011855479374,0.5656687181795552,2.037676398621437,3.804003431904752,2.3135128878948654,1.737990565618804,2.3964320745924947,2.303545950092309,1.4454687601247238,4.762525595876035,5.193565066826784
5.763118108615304,8.320410981546114,9.366269908303394,10.942737502890628,9.598783571965624,5.860587972574658,2.3635618986494835,10.437967562651133,5.447000537214262,0.8203411928640764,2.215971248326746,1.56142851551459,1.2440030154495882,1.56484962153928,3.347467179790257,6.443760343425001,4.519460723786691,2.0227844148940917,1.421115093116554,1.5444850432658983,5.883608087356833,2.4161362309118704,1.4737036760890456,1.3773477102983718,1.9825066191913787,2.170322821724639,1.6047811007497834,1.4492641319372903,1.9853112140214246,1.498593788178545,1.671658962699678,4.415636063129193,5.444726006125227,6.053597387868597
