script/wind10m.json
{"header": {"parameterCategory": 2, "parameterNumber": 2, "lo1": 3.000054539987559, "la1": 64.9999836372058, "dx": 0.5, "dy": 0.25, "nx": 34, "ny": 52, "refTime": "2025-03-08T19:00:00.000Z"}, "data":
[rows 0 to 23 of 52, columns 0 to 33 of 34]
-5.906621946099482,-5.388563018982153,-4.832589993880929,-4.343782551283549,-3.6700242663277143,-3.435693102448745,-3.1189057916619403,-2.5441889391600516,-2.1203170009312102,-1.7070894913279013,-1.127161173469012,-0.4806974137197067,-0.13224169706835237,0.02379787639339465,0.4487806367974545,1.1565069214139663,1.654978837499255,3.0829418370150337,1.378301957107022,1.963985792160156,3.104577501624668,4.393815844695243,4.377246785402991,2.17518703391461,3.1353147472459284,1.0628096484598641,1.9087194517048887,3.2674629469700514,3.885149437395914,2.64726707484944,3.1476066276584,2.9419262729422964,3.0021649398674852,3.8021451386614213
-6.930331220927751,-6.5373139134807445,-6.027208802528418,-5.489749419226289,-5.1341116062624055,-4.646572739782066,-4.161788390977196,-3.767599376908109,-3.2440817209040196,-2.7628635773369146,-2.065724342370651,-1.2156593753442264,-0.43493025539730795,-0.3695535321893784,-0.13945060536334036,0.2239664894148998,0.7526948812160595,1.6658250809441402,0.3374636036288936,5.468040983011013,1.0892895571462895,3.678539464588803,-0.6055410946590597,4.34434207933781,2.8877930150855775,1.904439286771215,2.4018120567863175,2.449275762482751,2.538132434112956,3.9142668240187874,3.012417232668608,3.2043145770668437,3.491442030094333,3.808587146911078
-7.902213259093409,-7.657889315713284,-7.1225044020643296,-6.686367143244638,-6.078944501231427,-5.6426507081985235,-5.151741223265559,-4.682569841134146,-4.168512529672767,-3.6495829456919386,-2.9807691050431377,-2.087875415956042,-1.578436440086619,-1.2709073930210166,-0.9272055051825211,-0.5349424608764891,0.9139561718021397,-0.5008781446430551,0.1992277311498248,-0.018390354618560676,2.664974026529164,2.8729980945710736,2.553163325864291,4.400320303819918,2.8080807655486324,1.9040505405289518,1.6891431647599244,1.9180632285609185,3.014282208739994,3.299308184029312,2.9824828588993113,2.7557457682860216,3.617693935711517,3.3069975752132987
-7.639820054533429,-8.098315033010225,-8.010633872182925,-7.418848738238999,-7.037367768633277,-6.6764979708686925,-6.401233683669787,-5.712112810788938,-5.263273258667069,-4.732876519912945,-3.97230720761139,-3.324720595709428,-2.8039394666686595,-1.9020893777326189,-1.1894447333756146,-0.04549668679383336,0.06901389145906689,-0.5749135290221821,0.3657417037802374,0.28280610372575693,1.8674390237190033,3.96390458873409,5.303183532831497,3.231222914502735,2.003126697571371,1.9759793236248198,3.9183393250213827,0.1388740189530813,1.5700680003119978,2.375819583826827,2.992758147690069,3.1120856510330284,3.337405961131001,3.2705809300750937
-4.69299407838425,-6.664724673128218,-5.582945209259747,-7.093100864278244,-7.052251210261068,-6.826666283390628,-6.8137819344020745,-6.276120045417442,-5.599814499325782,-5.185215940467819,-4.727583052303134,-4.194967439472806,-3.0151635354404376,-2.2989440442005056,-1.1490804439434814,-0.4304968163288249,0.4493252331352505,-0.2111059611914269,0.7657425474494952,4.323242590506448,2.9699275143277037,7.78841362967134,1.4799409863261086,3.87117168174787,1.9602285987536838,1.6177821789864397,2.1439595639695708,1.9126161269562996,2.5402645161460797,2.6361666135052975,2.7909325106812135,3.094175823678279,4.1988126362877605,3.87708083106761
-4.446799982306172,-4.08608425955669,-4.798574166249717,-5.060952187476511,-4.665564602319412,-4.6317432587768685,-4.606630791099015,-5.163916516909523,-5.140073423426375,-4.102809540914918,-4.440127855961341,-2.811248917026009,-3.1838073573022734,-2.56996956191926,-0.8035359149446802,-0.2938258266637392,-0.07378903055977204,-0.31938382046539515,1.2661172186271068,-0.41945711966725674,-0.48788618121443106,2.4557952401036443,3.7693203707023373,1.9900066024657603,2.046227394116052,1.9539236515330787,1.0018070392258633,1.8790348358129245,2.1850674320477337,2.8062660777091466,2.629940104053591,1.6688136460338108,2.5512741385895907,3.403330760353003
-4.7282977798327925,-4.536060543187462,-4.7117468923516626,-4.91114692132819,-4.9207008510911425,-4.891118924403902,-4.810312446656248,-4.920545969845025,-4.7158181260888385,-4.415422696096253,-4.047787888016296,-2.286384231472144,-2.699923477962651,-1.721156543488461,-1.2051511517694604,-0.9615692860864544,0.5149612497413251,-0.9127701747580291,1.3286186585795043,1.4978564589251577,-0.33458412347242567,1.8829489996398516,2.1401329789784787,1.2069376248300525,2.3969775954389876,1.131015588927968,1.9110989551930404,1.3665265703810485,1.7390119041338914,2.8395275057495986,3.008109858331607,3.073351044447121,3.7777779535047418,5.578695618549983
-5.749780081564456,-5.505121253746023,-5.45713442899858,-5.257441366970595,-5.2793615672393965,-5.231707222613096,-5.574290373355781,-5.82739366331239,-5.808614772260627,-5.47600551041719,-4.3051008589578945,0.1529786761286573,0.4442799228846774,-2.5002132908637837,-0.05800134697686369,-1.0118174712894132,-0.035020793195291305,-0.4420383966875619,2.1037415365125094,0.6677640203215935,2.852565078083256,2.2911235632206703,2.280943558646985,2.8742219028396594,1.245040847171954,0.5500368308486955,0.9667437759941967,2.1269903106246284,2.1592820860415447,2.4431077901006124,2.876967734819315,2.8124205167345706,3.8933348473509137,7.374683722178729
-6.519807449434731,-5.90417969368223,-5.911337471946278,-6.018807637692536,-6.083988285931549,-6.073679506387376,-6.367343605803329,-6.537859461675019,-6.806000836727389,-1.5014938488859888,-0.9469687629762394,-2.421546839253104,-2.3477994891849923,-3.7594474557515793,-2.058112247827269,-1.612845320665472,-2.0285724716253672,1.2575562833371097,-0.8001062281545562,0.2614004886378328,4.53719852610184,2.106440179372716,3.15801564124017,1.4784474543989004,2.190671380813252,1.6474865704687598,1.37306903982529,2.2513264752365307,2.3514838461903587,2.7933134441996494,3.1936546002843986,4.539610648079983,6.626772042104882,8.80330520922019
-7.928882269376836,-7.0699800512176925,-6.638994953713999,-6.5204846339675475,-6.692591549422531,-6.438793729855296,-6.657691078364084,-4.972610982864733,-1.2623748680305489,-1.5613780669667023,-0.7337563475177732,-0.09748868975271226,-2.770656383886601,0.8920555214339346,-2.0568666426497764,-1.8251674389183945,0.6199919840046538,-1.669263232916508,-0.23741715274869393,0.7686664207192084,3.778081407828125,2.5995146382026326,2.86909183212195,1.8289662730000078,1.5079852442051973,1.4863491237772166,2.208021585699284,1.8355668337748572,2.357013575006357,2.0627905294511026,1.3430822040693824,6.66362464389417,8.102039355533206,9.55262114964848
-8.687170325685399,-8.488413269604328,-7.74337558451186,-7.033660547209172,-7.098074405795552,-6.146043660386905,-2.8486078049462593,-0.2529859645685006,-2.0126630814792454,1.7319057894004275,-0.7228225212633855,-1.6728311359891166,-0.025332143218556667,1.1121025223896244,0.8065800249694174,-2.8354934305425803,0.5745445344986443,-0.21030547482014628,0.15670778324714305,0.7712330278711602,2.2790679315874915,1.816645135831239,3.968905321522998,0.018330743331215003,1.1151994453586644,0.4837444864094917,0.8888551208147802,1.911630880388077,2.219607234949886,1.9491873989060124,4.419437829973225,8.121388378977787,9.774498201714747,9.83018017180105
-9.061888964401206,-9.619159310339455,-8.796029331505245,-7.162133728568737,-5.055392926020844,-0.15880932262967704,-0.6587838090630846,-1.3322654744117164,0.8504112112942334,-6.051479695950814,-2.0819798005539356,-2.2729004921981386,-3.442244705472127,-1.1061722072754503,-1.0069142287821788,-0.462021422250996,-2.744309373428002,-0.9037966503254009,-1.456638649748391,-0.43648498073114167,1.486420116566463,2.12307916111832,0.9828668257609486,2.3397947651771798,1.227825292776046,-0.26672940441199045,0.8502501301235291,1.4518380287691255,2.1141211164459444,2.398459246173986,7.75826678814857,8.549461520771427,9.401689063465069,9.57533880187973
-8.930752773527194,-7.559510415752299,-5.535967384429744,-1.2089441253327915,-1.1018661044194216,-1.0860989109558923,1.5032633117002183,-2.124154104019589,-2.8724643449922977,-4.330975066128649,-5.081499432664776,-3.2670286486752502,-0.28350613802881547,-1.9812516565608176,-1.634976539691867,0.5267172588024398,-0.9853555897843226,0.2055075699897473,-0.5293241415277197,-0.303260757694488,-0.6042804793694926,1.5352716826754575,2.569034422719485,1.9380483771158494,1.6936107583860327,-1.0765228819925088,-1.2684374312568372,-0.5468123391012691,1.5165174879727528,3.6199637050597624,5.9618740568145885,7.26315188841492,8.009570088605468,8.418531544932673
-7.261650277359609,-4.9573047825558385,-3.4005939286066353,-1.5574792063222447,-1.9502806739283167,-7.754537878970881,-6.177945584120467,0.35574762210819005,-9.38105491109822,-3.5646541310344495,-3.9024666112559614,-2.8951733627407044,-1.2211258750782015,-0.07508630123591017,-1.337655902376231,-0.6984859399729039,-1.4706870835654997,-1.351321253418564,-2.1078239563432146,0.7645737609600656,-0.5764770773041922,2.6045056581818016,2.679594378939681,2.3836790169974726,-0.10607605179021184,1.3349161736781177,2.1338143405028913,1.696487252013525,2.2487425950780486,3.729275662270681,5.352455584811454,6.0206323904123185,7.24228470176136,7.513758056747539
-8.91498018394004,-6.992076395134918,-5.842322135539987,-4.225964137010379,-3.228811842986491,-3.9057512524105134,-0.01294313161640065,-4.818518900857096,-2.7990500205013618,-1.1789192002432796,-0.429690928830375,-2.259283974405825,-1.04498727187903,-0.2347257735795684,-0.6872241055430467,-0.2704452163239977,1.2578821092955015,-0.6961208546244018,-0.073109641442469,-0.7689525773531859,1.2705845231934862,-0.6132251181622831,-0.35926576970452756,1.710667841036469,0.18414283694195807,0.3230456516957804,-0.37810504593309946,0.4810863380685698,1.4030627581911848,3.680471957506688,5.9456346958486535,5.190567430044393,6.534097523872477,7.333227105695379
-9.071946485076365,-7.025083977247681,-7.119554595995947,-5.031184753464688,-2.300867985415128,-2.0388308896148826,-4.537267441297957,0.9432379652251951,0.3505372059971016,-2.9368988031473715,-3.634279181405838,-2.431407330334944,-1.8209430166325935,0.15955697666708557,-0.007427472305608401,-0.5498327797186036,1.3239699216114467,-1.7630484722981796,-0.759640143616973,0.720300337579863,0.2100998392577055,1.190659409820401,0.37998100135648677,1.2816202251180218,0.7434656825441205,-0.35624088702204626,1.1772164885730818,1.7331345453828906,1.5671248256444401,3.4222203081813585,3.9188714462587173,4.02634458184009,6.278464821067113,6.775988482702868
-8.642798187266065,-8.566566988076772,-7.167755595641371,-5.222811352506438,-0.4152211531554178,-1.4631135046168176,-1.29091350750103,-0.4206453579365611,2.421475497968149,-1.3841510681156906,-2.5913350612064336,0.6975210870238922,-0.11402028815141767,0.8989759640351324,0.7377445705852083,-0.2368066709109044,-1.1093863904891321,-0.4496414967949806,0.07071311891438092,-0.0755082837808513,-0.3368290433919857,0.7769792969876091,-0.44214646613301384,-0.4306507239980946,0.630121305079088,-0.9410119586060234,1.4740172771741737,1.5956268318438225,1.0937112581818833,3.4490668237840083,2.9129367977112763,3.2554472317656673,4.958863600441037,5.066598908672895
-7.966831218181187,-7.511673042911569,-4.85156769713815,-3.1364651777034767,-1.5772453077839859,-1.402411016255151,-1.497424570392627,0.8435157453923762,3.547391662605769,-0.3216107542548966,1.1437005213926639,-1.1417144260664571,-0.37307721001402017,0.22218976748658376,-0.31749409838113457,0.36265078500802517,0.24119371684666863,-0.08465679515214126,-0.008427264081884562,-0.9416970868324535,-1.8358423859755932,0.5837758359470969,0.7598455715664733,0.7816104214357664,-0.6801233345125828,0.3362066471580163,-0.023280166195547652,1.178485581955287,0.8917069126917252,2.5029153814209106,3.730197860577058,2.942998723904406,3.81597844076292,4.624488076008552
-3.929382208597066,-3.055812463750454,-1.4026261573658092,-0.7417968905609773,-0.9707806405721414,-0.8963472854695638,2.640759264471021,-1.091792320382229,-2.2125382487774865,0.038246974807292285,-0.8036247992361785,-0.8362172050254632,-0.7326298765370601,-0.24887246099259222,0.5629179916142389,-0.44133919772509883,0.07579434561984268,-0.7469359784567081,0.12203300012941101,0.48222521865869156,0.3892360982235369,-1.1999900409819046,-0.370369622550255,-0.7902876760125284,-0.855164034153791,0.7903488282304482,0.6580329856372964,1.1947532875377833,1.2630983062136116,2.3797616440041858,1.6172384902375858,1.7689906255069627,1.720336745791673,3.320265870453157
0.01766414719549104,-0.03817708029459368,-0.48104915438751467,-0.6274800763181976,-1.0615124373493101,-1.8342962269885903,1.1641324016770618,8.563656472333664,7.557158539317381,1.1584243782919965,3.923213405615132,0.8477413662374431,-1.7932536609916336,2.771130784006282,-1.3080931772703759,-0.15752093424381816,0.7434683311175024,-0.24493248843609733,0.17561792624162914,0.1023702602537966,0.7128529776713476,-0.17749727774119503,-0.3018646729204941,-0.10245375811739725,-1.359609318449186,0.33564828604042635,0.9547051550683364,0.36767638099641725,-0.6526952599964214,1.0628592355053474,1.8705770010946308,1.2282556725875666,2.0853585595887387,0.28870860762500394
0.6036345955030701,0.23853758564896638,0.24240915442463543,-0.5861751232388163,-0.8832665914216109,-2.3985890247157875,-2.0027989542116735,1.3781310122804118,4.071323650892068,1.195426801430487,-0.5556642383558074,2.156962622075394,1.159845604344034,0.5500553188933149,0.6239100989139975,0.09956811085300148,0.015290090237890535,0.11713373859263795,0.6982089501839771,-0.40560517036628974,0.6229017533207742,0.5960305211249746,0.7345812434768093,0.6518793354306177,-0.4022863671914899,1.198807523426222,-0.17690873718816955,1.1419242286409548,-0.2454790236321667,1.2390751505927644,0.8485135721744869,1.245460255891406,0.4094093828936756,0.39172337357401477
0.038746978879676645,-0.7576496026744719,-0.8314916208023766,-0.18293769156266249,0.07209508576389871,-0.913076577653053,-1.1902004974879268,-0.42440470529740093,0.8917088519929551,-0.965879533937559,1.3917162236338971,2.661548103054195,1.0856999132588825,1.0357327872185451,-0.9527744775090646,0.9258908934662218,-0.6372268081876172,-0.7456737933566249,0.2900576037617441,-0.2984844169255139,0.8859800388963521,-0.6665584387260914,1.9825124629149933,-0.19787500633465432,0.9076415515027817,0.6110441924282557,0.4336985509239913,-0.6974690640657029,0.24870376866520766,-0.34314661421353376,0.28450191319489326,1.0784951071477133,-0.07684744374885237,0.5091010505834266
-1.9938722216591367,-1.9680608583842008,-1.6520836353261314,-0.031903555302737016,-1.7681012284877313,-1.8689024071402267,-2.493457101458107,0.34682109776774206,1.4357637419714302,2.828683913202546,-0.8220120313896285,-1.7157313132940428,2.175100305818927,0.07268470194405378,0.8184123911506451,0.281628854803439,-1.7345127373632452,-0.6154480187154664,0.13391656075833638,-0.03870303964706488,-0.054181396446445984,0.7762492245992696,1.0557610729296145,-0.40787108776917413,1.5963074214353554,-0.10646333862162141,0.3055751720189764,-0.12259487685884887,-0.2178465067791095,-0.53466128630306,0.6815725466327964,0.15693913975164103,-0.7569276302575335,0.8721727201785275
-2.8957499347786895,-2.7275098991058373,-2.8352675787921133,-1.2961049453516396,-1.8419375113881684,-1.4656046096890227,-0.860070905183882,-6.536383269908643,1.041912262964823,-2.495681789484965,1.8329954639909822,-0.6162015720125318,0.6284770373624439,0.735896793507143,-0.6214241593998978,1.527927086797799,0.9069862634223641,-1.3521932510835601,-1.0961827735039795,-0.6797976577157713,0.7447796864494317,0.47882257608947,-0.5149719394222333,1.0016838008777935,1.0207825097291412,1.2929020525496158,-0.3717248489791942,-0.1341016699979098,0.5562676741261302,0.3702664964330771,1.5200114363837263,1.394243215725052,0.18606960150215252,-0.07897663189610644
