script/wind10m.json
{"header": {"parameterCategory": 2, "parameterNumber": 3, "lo1": 3.000054539987559, "la1": 64.9999836372058, "dx": 0.5, "dy": 0.25, "nx": 34, "ny": 52, "refTime": "2025-05-01T09:00:00.000Z"}, "data":
[rows 0 to 24 of 52, columns 0 to 33 of 34]
7.343847343823341,7.171136442155698,6.3760828026882255,5.619692063392793,5.720798190468047,6.448488099358781,6.186146708660196,6.65420823685997,7.188303507759991,6.814038008899608,9.32494985129362,10.31894377576685,10.483050101128189,9.848747161287198,8.20605880900551,7.386164146658303,6.4335949670209915,6.327878924918817,3.851452237823676,11.04188423639579,3.9417275520908963,3.01193796375893,1.1186113726547702,3.124649192188733,2.257898820234242,0.9221912315137262,1.8936623494095748,1.6016133618258883,1.130534625086744,0.8861968761466318,1.149705892324851,0.5285292658274904,1.1416508093247335,0.4758418143226069
6.8096101607736195,7.342790972895593,6.803740337820337,6.886781768709386,7.222894340909381,7.302946035774135,7.059949854093795,6.822349497560236,7.344043739668164,7.136932369451433,8.908105843129986,9.114138854378353,9.764339889550737,9.99265486457189,7.813558274255785,5.624652830378917,8.187361076604692,2.975011810161899,5.986689814486002,3.3333088353125144,2.8516157545436664,3.258787462286935,1.7489816346388718,3.119636751042027,1.4549212419333963,1.3097702571661198,1.359109863801831,0.9885459747629912,1.2978824735457246,1.5249050321113113,0.6778831985924367,0.40119041365442537,0.6569345329434475,0.5947634003434957
6.337341745244948,7.2447974521923495,6.401118022861781,7.872195428244664,8.03280639320181,7.361065701458237,7.352967124540047,7.544168977096603,7.4156000878896595,7.157009259762589,7.661657797385402,8.818292550754013,9.378090975338377,9.857365320544664,6.935685391242175,8.517251589580505,3.5318761437041584,2.4982722038751186,-1.950631500704557,2.4835394409907168,2.9072724088048925,2.8362687674492353,1.0600438199137479,3.395893323531008,2.2871232321795008,1.4569885008681778,1.319673321305872,1.4337665748950799,1.1111536002203737,1.1990446537740291,1.2804043413161696,0.6650734457474781,0.23324516878598053,0.4148671651975705
6.660688913672239,7.420469525844036,7.156197720353492,7.269433627115657,8.122326611121474,8.042535508915318,7.827985827196883,7.67842127942818,7.304601582131451,7.1579489578699755,6.589296471276093,7.050013844268593,8.290425760713857,9.020236586878783,7.291982552853605,6.180192287826995,-0.03701842179025291,2.9497057664241044,4.049371180848589,-0.46604118501538544,5.740478764055968,3.2268634895595483,4.016633608806253,1.7565135621995964,1.45612922796106,1.4146461362720344,1.4224049735310655,1.4576065756981051,1.1855874923438892,1.0018487086340429,0.9848852459776006,0.8495096806554767,0.7285785334546875,0.4515566340438479
6.950825860374797,7.8427258628952865,7.933361904184151,7.796178873793128,8.019864069961512,8.447750597964955,7.851911477199501,7.484112903115814,7.008297454010658,6.360131295937622,5.393296147079386,5.672082284950311,5.9536739970557875,7.8002903559049885,3.4625077115739176,5.29853028605785,3.8997419516301903,-0.5643893863407187,-1.5338667755026285,3.6944280627713266,7.7123466309821564,4.925106017978571,1.1754318795831267,2.735282989669201,2.154064215740386,1.6654449088946826,1.513796294472503,1.1777685692608868,1.2279804938436523,0.6155104522184638,0.11232418995658919,0.7588029303688103,0.7174709674698729,0.7270109011216745
8.09321554767672,7.463382402255991,8.252896371816131,8.551181663584215,8.085009466300969,8.233010005871611,7.708534293232489,7.096291618937367,5.691049362009453,4.92332575740885,4.59830412287885,4.769268714599076,1.6072257972881632,5.17590123460281,-0.25014267321995426,0.8522024933754182,-0.5585353220471363,-0.7587369263029906,2.5326974281530323,3.792831197353329,1.1870286974886872,1.670706808598836,2.0811292813324873,1.5458454467694829,1.4547384126510843,1.8318467094560367,1.2342138483373035,1.1934543771739397,0.889819113985549,0.8734717005154855,0.807709700382392,0.6184799867411078,0.5482002044729745,0.8556929469711491
7.813589362711165,8.081371377123634,7.702868039731346,7.703527525149784,8.372955452806815,8.276723594280366,7.506797886789395,7.092314278315636,5.943931992315007,5.444255256527354,3.691193947458145,2.6325869695579116,-0.8367600631464154,1.5650755017463303,0.25474892071135075,-3.8042120294670285,-0.08560728389425036,3.4787801206929476,4.016101443283188,1.8414893917519586,0.4056588212249406,0.8998532348933893,1.749050447679669,1.6842318643695964,2.1143033118552688,1.8535851990182413,1.7339669818010592,1.0663216386837482,0.9231441978865952,0.2273753158599119,-0.2826516704545506,0.22863057246294388,0.1778450904843235,3.435154847109203
9.057753635752901,7.877534536297238,7.549930341222753,8.038891828322646,9.212548574979904,8.798698122615352,8.595612866244634,6.762867111441544,6.145284191026116,3.0354017869433845,0.6743606591486553,1.837197566876438,2.3214694976902637,2.9967061959533656,1.2752311002815298,2.1258688650391697,-1.8620316880514034,3.554386199060678,5.1066971343156915,-0.4569802195260102,0.7289502874179695,1.0648295215178003,0.4769472047500997,2.463434678260878,1.7703860228198105,1.8472225770612558,1.6939104825332756,1.808563138095407,1.0744020262002838,1.1010775636355434,0.6479113160777826,0.6842724072261926,1.5343599292049455,4.279329761342038
8.361313835186538,7.66087419132493,8.025480322296227,8.694412283470546,9.185813218177058,9.485799911613023,9.275569178690352,5.083712723711465,2.912786333325267,-0.7625686303781087,3.0428740903885254,-0.8270554094824014,2.441720499248741,3.1325674174978,3.143525158926547,0.6514875821966243,4.123989943469325,7.656426982903018,3.431105279358267,2.1165840838911434,5.18642938961058,4.573442381434339,2.563788424765189,2.315095863959066,1.7750482875677138,1.97064858833804,1.617501324107957,1.0437080082097208,1.0460336790168803,0.17974303183956836,0.715300457216064,1.8384951284371793,4.292659019265128,3.077522186496994
7.396936023754824,7.2658446827473675,7.693453971361179,8.767257456385154,10.858316994908503,9.06234846478402,3.624567905875869,1.4672741118221735,1.0169629294035094,-1.0311363942826104,0.3327285208994407,2.781437444781816,4.834393610387521,4.212944286510921,3.481318056963891,6.780273859971435,2.4607772401546097,2.6844646828773504,1.0711360648943873,0.9952530186211572,3.0305075481999157,-0.29896107186076437,1.9068524844963983,1.6926447759116086,1.892840684799986,1.9024097032485612,1.8497035730544356,1.849627017051175,1.0003736810858723,0.9667058986848308,0.8541849557987385,4.421369022253077,2.571460587189071,2.098695937238897
6.2075691105211925,6.4804525718816794,8.1411657510057,10.049415463304618,11.419191915235352,4.150276214656935,-0.053509146579526365,-1.4216114569069958,5.142075461105772,2.208820573984566,8.604989837960199,4.627090360218511,-0.470202103052761,3.9463549691521718,4.592477455802184,2.7942957621124638,3.1244392684505393,1.5230065714923664,0.8469600333639784,1.2168149554249603,2.0675166919982786,1.411981716895507,1.7112494962369487,1.6322303859122402,2.0989170814999354,1.7186614346505131,1.8889210575238216,1.5960744936728175,0.8693959038433569,1.1907655677816908,4.8983813133980965,2.9588680966303533,2.4409209489036585,1.914010737006318
5.083001320650511,7.731286875537888,9.097852166404149,10.43306424243093,10.348881530337573,3.3706710932785153,6.294748311322246,2.348539440652749,2.670476707022583,7.1855269684383645,0.10974418908876583,5.207939895442747,2.5651901060706614,1.3429607600953466,3.2852227074618225,2.1300103655987153,3.827978806553152,3.523388401200342,4.753817826983268,3.20419829709137,2.9516321854445207,0.8613894767318996,1.621110616746001,2.5562453365296745,1.8480846314679944,1.2377172331038255,1.726216917150515,1.5721197506055922,1.5180739917029256,1.5634772216159258,4.150304807609878,3.028036928910295,2.10539666916929,1.8342152794336584
6.19777217164319,9.05477048108497,10.472362463242137,13.014513240667807,7.1699270349538455,2.9074613930949953,3.5883940862352084,-0.5055733453287627,5.42854832725623,7.499202708702721,1.8101878745622946,6.529403815056238,5.159350204827741,6.94544975693844,5.174895052559908,6.976065188137443,3.2427089291496207,2.2319386722965806,1.4691857615531483,1.2426587367082795,2.7311807532945593,2.2051866658298565,1.9130499826803944,1.752427602368481,2.032555881443932,1.3844965730809804,0.8934845863921467,1.3342814847237405,1.0585873938667085,4.249722193701136,3.580612697880196,2.4699612929528865,1.854545592034836,2.2619742698961116
7.715466147801135,8.958042820726416,11.106860626625574,11.27938753769356,4.830360356545722,8.125110933614968,7.200831861142543,2.63611264721381,9.245770627051611,8.312177386970372,9.248995657982942,5.283781515805638,-0.0960671914850553,0.906922173332373,3.225048280587918,-0.38435584890208274,2.7751148802853605,-0.33802109893763516,2.1457184654866626,1.1745367575798906,0.9071124571078465,4.333478984458141,1.9058212425603793,2.4555862429947637,2.0676491462574833,2.3031847376922845,0.9163995835546282,0.3673105943269104,0.9826116166883365,2.9002522730185314,3.416039733604806,2.402504987040219,1.5003879115343193,2.5100227264157717
7.06694974882343,9.53665048215134,10.650558900568969,12.50359815871183,2.595022529573741,0.8603370939156979,-0.753427577463814,10.34639892063371,1.5814020611114423,2.9513754496802753,0.6059115221467214,2.0246125282358576,2.3801334735959307,1.9994952680525353,1.345052845953298,2.968644225635222,1.861736340952643,0.8110610148829712,1.3601092030144906,0.9042881753775567,1.6575752763408391,1.4606334956342755,1.9853317390409277,2.014262783692408,1.8480101482628335,1.681084826712359,0.8964913024955954,0.9188572296466019,1.5401321857160477,2.9708551972950055,2.54084808767367,2.295569285567515,1.8987523519351879,2.878863712503663
7.688826352230867,9.294834095568039,10.10322316000966,12.947239311592512,4.93338831089138,3.203965380048562,1.306116726768584,-0.4972656191333742,0.42743233490071364,2.130815595651617,0.6442882635240453,3.2441999402267006,2.4080492290679802,2.1942373793000813,0.40720379641889254,1.1869178244245353,2.8462522699316275,0.8008500510716816,0.6819504595869932,0.7816853001457333,0.9279516074659534,1.6174426659929593,0.5234380670422298,1.3456597863608348,1.121311648373883,1.4052879083743435,1.6179049574045579,0.03532730063128175,1.2930960314719897,2.5709378271218264,2.30314921688686,1.7353039576306275,2.046902864747922,3.1908081347731607
7.490046262687418,9.023858029828936,10.462839384585228,12.515256581293782,5.264682528936673,6.495398662016382,5.538909256723322,7.956204677066673,4.682620562191698,7.143369852630564,3.193217033618295,3.7061437383824076,0.6907993012187532,0.42405764965919646,0.358885633344524,1.055319208009945,1.131998894264747,0.8941960346991553,0.6447788816808036,-0.3577173988072479,0.47196567918727017,1.0338906688129315,1.0689028300196672,0.8798280067691896,1.5306250594977517,1.2252063344952917,1.5185245143635273,1.3370295268132875,1.3379389694618917,2.8276673084772983,2.4477938114558158,1.6742683682864044,1.8207514726063947,3.087756786765559
7.6853257313995975,9.277691520060294,11.376150517590396,11.27878370637953,3.483986442356362,0.1837691007489752,4.546372283936904,3.2540550196155102,6.557740229448771,5.184543425014306,1.610862415649967,2.0328276889336943,1.7887486441594287,1.7841564736071198,1.2191386135048694,0.019319813996139176,-0.5632048717761158,-0.5779128053430779,0.9637957286857083,0.814766603730909,0.8314161543057862,0.30824505084989684,0.4835944009963377,1.1548437904464863,1.6055372387281384,0.38898257541368414,0.8987006341210544,1.2712907810878722,1.2433353250226364,1.4509840942835024,0.578833409155568,1.539788246936826,2.498866147831998,3.841029536056155
7.864303716657674,9.735721960374104,10.62131985837604,11.882549356505434,6.23933067848938,2.8572124381996167,6.446218780331016,2.61778726939427,-0.12574399510195897,2.608720530187148,0.9893191779258936,1.1926158356088277,0.699465405629608,1.8604493979200247,0.5493452580434768,1.8315462071734057,1.4994642977759627,1.243264753228028,1.6536427387988286,0.6595466844766084,0.8041651630634075,0.7741055031858554,0.3444034281544242,0.422562137067876,0.45522069592524733,0.5692683251471257,0.8678471052167858,0.9496636965682208,1.4404845191697973,1.6230381882160871,1.5098966830385312,0.795921740695622,3.05986307819272,6.557470378384148
6.778331137599198,9.941467526403144,11.626828568538004,10.541036118504987,3.169316107514689,0.47825038610109877,-1.180582422049292,3.388605709307953,7.25009961089445,2.8952699679255853,3.540826243340987,1.6132619402922852,0.4076780011471714,1.6628496885336075,1.2390111319623902,0.9342689230173216,1.1611205063529801,1.4056807642712057,1.3104972609755197,0.6213855602625746,1.032877313313767,0.7727146007845613,1.1007910597058457,0.9614962052255162,0.6648647619871548,0.7859054136606861,1.0283396765878101,0.5466652229703381,0.9065676675525962,1.2204289753995379,0.9251768080498068,1.504631299215167,6.566428391017194,1.8967484727635409
4.9861673938418,8.081946434232059,10.64606770486668,12.088215634478392,5.521138267179624,3.5955899479229463,3.41634754574054,2.3942481193772767,6.0600334747667794,4.182602971066849,2.3268506654876724,1.1536904304071296,1.0255344616961966,1.7848006111130692,0.03172566291587282,1.7953774295039924,2.007933682756206,1.5528926099226843,1.2644878664027557,0.9550268119296282,0.36825286246617717,1.137223941409707,1.095917996860987,0.9819651859076144,1.7012594652441826,1.0153025767363506,0.5214815474070618,1.3352830747163962,1.307114237258721,2.027229505387569,1.3590718902536956,1.2360116059748718,3.5934713196110195,6.8237470623401775
3.280699884932407,6.823681114741377,8.752828587414365,8.966648287321437,7.097666259323322,-0.7503856530717204,0.047917934443805744,-0.0451826793096846,3.564162576625193,0.7998521342158745,2.2199503848219906,1.9832396128431682,1.5271851306982864,1.4903457452743705,-0.7376569999659972,2.7952559828674874,1.8694879718229356,2.0881751018399237,1.148172454151355,0.7383693637830377,0.759771235487598,1.2789600698552974,1.3602513350668954,1.3803156896015332,1.2104678178784856,1.0531044889067105,1.66215395815399,1.311163045221451,0.42390563028858136,1.4784991626160982,1.251131393471393,1.754479634589929,1.9426405976385028,6.991872778286938
4.296825896064316,5.908231615509629,8.745500940023623,10.158044197596782,8.990175898341853,4.531195418277532,3.0826928241185168,0.9178343289306562,4.689688247685097,1.7279475795784514,1.0112527855463607,0.7988609323121825,1.9610854666029964,1.4734284728285223,1.7505776600107816,6.523680919247514,2.0021391111532387,1.6799202858134463,1.4444464282348464,0.5713369914287512,0.6853587526333009,0.724990477539365,2.1491921666237146,1.6940127025763232,1.077441422579663,2.0196069007406128,1.88693534935162,2.765070058423268,1.5544252224672452,2.104045387039562,1.8663951138787247,1.7613641256403787,6.5703588392328856,7.090740377962621
3.490917734993056,5.58529185112342,8.091362860986504,9.968188742417238,8.583105200915435,-0.6248484970595023,0.9645619456579183,4.173839110697773,3.2693247545891784,0.8472267544062123,1.2711392752582862,1.6764085794724648,-0.29998487897601983,0.9500842054024089,1.9116216617288102,4.467107522090789,3.0078635350695273,1.648987665735657,0.835083044282968,0.8730776232740594,1.0276540941738777,2.409743003277944,4.92489218381294,1.4031533847441977,1.7189804877167358,1.5404160213939813,3.2891149597337477,2.0307128910030325,1.714594581644021,2.4527613301356004,2.497452922993862,2.0226786464440614,6.5407001595733485,6.018390910143349
3.1823526765220915,5.466416876895557,8.186920997913694,10.08353389207573,11.754416393039998,5.009705907282957,2.34116262392848,5.69677874844468,3.2873678408373173,1.1374575602818098,1.4551899891327988,1.3820784592540443,1.3505427202873848,1.9684230585695714,1.5574535798624392,2.547133064098386,5.91862947947492,1.5456551863318853,1.4464306433478773,1.0699295991173952,5.728385627209619,4.623571054062764,1.9074093138999333,1.4641557783545713,2.383592945857113,2.0404053706761287,2.4929405124220723,1.5636285673347259,1.6276341307724274,1.6177576245539396,1.6610680045544488,4.713403848454092,6.518111721108667,5.917859186463939
