script/wind10m.json
{"header": {"parameterCategory": 2, "parameterNumber": 3, "lo1": 3.000054539987559, "la1": 64.9999836372058, "dx": 0.5, "dy": 0.25, "nx": 34, "ny": 52, "refTime": "2026-05-04T10:00:00.000Z"}, "data":
[rows 24 to 47 of 52, columns 0 to 33 of 34]
2.1815308237460718,2.369454657062634,2.134506425225222,0.593097502683356,-0.3905629671444904,-1.2266417620574523,0.7552239918832847,-1.6874582681515022,-2.3458852582259233,-1.2134290425738716,-2.0783581992617344,-1.3800617057864548,-1.4277060934093646,-0.3020956680254473,-0.301217642854265,3.065927300974648,-0.01142471339121956,-0.4303372961812096,-0.3873867185919902,-0.4957344213963152,-1.298704727769317,4.254856769218579,1.8206179331759351,0.28563537721954685,0.16953445121854668,1.0079385128108773,1.7532985562707732,1.472554012236091,1.265951454757768,1.7077629947649753,1.3160398047670339,1.1206664504924473,0.857838927837886,0.43092789630589695
1.7147119564600213,1.8768812928946133,1.2064701324822715,1.1651567044173803,0.03709938270927126,-1.322284571470172,-0.37572538416685325,-0.8633098867442959,-1.2069150134490199,-1.1305551525821695,-1.3263844390526205,-1.4512550566627442,-1.0480044904326853,0.8086741978998266,0.7698010256874256,0.2771184768803173,0.2185863120660558,-0.8125883912854635,-0.7800880142843148,0.08473507182197453,3.5414868075233854,1.3029881898918017,-0.3621515073073551,-1.0346442018612176,2.308473970839888,1.8495814158532833,1.307146748810436,1.978141611687307,1.9862967464525993,1.8536358251085716,2.2089868317447237,0.42463958447389333,-0.8088342225025472,-1.06896188817147
1.2466282099196155,1.4607042455241432,1.3088788396545412,0.48183319250449946,-0.7630233345900728,-0.7489587398838561,-0.33800317344175745,-1.3959723578994918,-0.9471058716315522,-0.9994465214516242,-1.2273829857162464,-1.4450198545779849,1.9516047002500811,-0.45118939475515224,0.6080784046538075,-1.2304642295993282,-1.214240688699972,-1.2364359957848738,-0.882393015753944,-0.2329861252665271,0.2978973319396711,-0.14050330382774065,-0.13030665010345652,1.663111289845382,2.1713978814795576,0.9351515854641806,1.254549928809072,0.7945554654048372,3.535355483003302,2.5165334165528157,0.8302733050149691,-1.6933038537004952,-2.045270591401191,-0.37851915273196357
0.9779084133277474,1.759250286660175,1.2076262835779321,0.3550943692200741,0.11500947090972538,-0.23731163241420242,-1.1903523765683588,-0.6097146132733994,-1.2722921644865897,-1.0401279431032442,-1.2115716535441847,0.9575839878686286,1.3876277752258905,-0.31889383326875553,-0.004016092454361902,-2.6128187202560147,-2.8140413625443266,-1.4403800254489572,-0.33125165740844226,0.2739439202105185,1.4114479318417763,0.5073318403370668,1.445144178156463,6.80414430150884,0.8731267207342228,1.4755463770672836,1.5606085834862589,0.8283764580902859,2.0015651089807105,1.1918054814196928,0.049178306496873686,-0.6165138875653059,-0.3212426643356881,-1.385885984903601
2.256337013489843,1.4597106714548738,1.7180923736150109,-0.2163742245362762,-0.3525286448301406,-1.1255391399910193,-1.107382278213594,-2.094832943098131,-1.1990954676409533,-0.004612263629623048,2.4728017504606634,1.9270382300556748,0.19543383481773807,-0.5419308728850362,-1.7972523118467738,-2.2007448263803973,-2.853979143957329,-3.7186686182683384,-0.17706912708696326,0.8912125639800049,1.0440259837367667,1.2488305360878655,1.466863152423956,2.0196357616983147,1.3186331303955439,1.5513985995493218,1.37510918301693,1.1489331584901248,1.974776539086715,0.15031625500886459,-0.3906251048536433,-0.29182325956186406,-1.1536080466847924,-2.303094413702047
0.3075807291970027,0.5196889947712021,-0.32147212220835586,-0.8273380255728329,-1.269279500157351,-1.0988251308143702,-1.453548808926915,-2.7913361638693246,-3.9821267611508766,-4.150800861100394,-2.6593328154946896,-1.4570682194545208,-1.6830742274987733,-2.8014639528960394,-2.463242487120748,-1.2762364908047708,-2.6639415105602495,-4.6156939660053675,0.14073208971787313,1.3359347165148046,1.8051981390762069,2.046394194430141,1.8575698558809908,1.5573233182973556,0.7231183731161629,0.8379141652759363,0.11658255113376574,-0.27205145651168755,1.2884669533648963,1.1262365468800917,0.6911964134314166,-0.6001612194285337,-1.0473797254109012,1.535220374515856
-0.24653882843449362,-0.5487587503651706,-1.40550831521342,-2.535391912471719,-2.8425353240806044,-2.3233967170008465,-3.3418740828772346,-3.716989609129118,-4.304808403782715,-5.082225509508184,-5.152568071256011,-4.343368926497954,-4.298839945227649,-3.64770544579496,-2.046315939211085,-2.9136738074631796,-4.004978748272376,-4.272630228536524,-0.7703242991755503,1.378670499850913,1.4644470730269958,1.591339858049899,1.459959230371985,1.0608900428222137,1.1495702997430148,1.1728251913918315,0.9632660336782715,0.2578939235290536,3.4627173175619834,2.1135176007139695,1.2512674680805715,0.07016079327471705,0.47917716950279765,-0.17790737945450635
-1.2502813709821647,-1.161218608060813,-1.1676050471526347,-0.9916200813192833,-1.3883535036569803,-1.7630761868539753,-2.2758704847665143,-2.794410134005314,-3.727603561465865,-4.104359762059605,-5.570805278178214,-5.5488517843064695,-4.885203269844174,-3.426767408623741,-1.2762700239755356,-0.9520120365587437,-0.702914582283045,-0.14090878865064188,0.5213785049797593,1.2663376221687441,1.5121817589314104,1.5045547348160726,1.047634908525095,0.6538345466385964,0.9914155240626515,0.7912013152722938,0.3636701161721987,1.639025651852613,1.3362687458494231,3.252963938092,1.3625278833546588,-0.5518000085234429,4.2146856500445695,1.8649666492790233
-0.7973834270139979,-0.951988014253656,-1.0058177874190528,-0.8482344519848263,-0.9583729083730798,-0.47831607267501064,-0.8014541701233523,-2.172212193998832,-4.109932379446444,-4.397029049254509,-4.689102347768773,-2.0659450755407662,-4.1168610764323645,-1.7480314987313077,-1.4853547296365435,-1.461373733066604,-0.7735820268188665,0.23664124854747914,0.5701323253945725,0.7161543732379482,0.9577542860786057,0.9992841832840537,1.034280293673528,0.7495122116859664,1.0067599551176516,0.4083886891916031,0.5084275209399125,0.30817767846438276,4.542191044359898,3.763420144173876,2.3958028579230053,-1.157062787980592,4.02876748573443,3.331817303570864
-0.6979530797464315,-0.8749636523314978,-0.7812942112966933,-0.6794357820090776,-1.029755237982238,-1.4711324011211586,-2.1027743753916903,-2.8747599516442253,-3.4459313874874136,-4.203593760927379,-4.591487229476459,-3.566665540666587,-2.452153948478866,-1.7577179582595976,-0.8875196844021657,-1.2546136523687836,-0.03056866542408849,0.32091859842536496,-0.33175726868142974,-0.4865305924010124,0.4445031058319827,1.1141901582665648,0.8916524193807082,0.6510806474866032,0.31413021838675503,-0.014781185813243702,-0.08881696340684446,2.4673219915327653,5.410517452057018,4.3610858784108135,2.847437147135871,2.010078680600868,2.3393332590668625,2.0064700170138243
-0.2575426739544891,-0.9478754603947281,-0.9428068268900174,-1.4823622422763785,-1.3622393009470022,-2.3965699248831167,-2.7749298644402787,-3.0312937815587366,-3.460152192756919,-4.15847639955078,-4.5518318358129735,-3.246952543294325,-1.8491970485231326,-1.858342299731593,-1.2990625368074349,-0.4945335394001692,-2.2633955535947843,-1.6696458245560293,-0.8809194886076985,-0.35024751674070725,-0.7252489957949542,0.29134104738832767,0.4798959536887113,0.3064756632033417,0.012348198997314225,-0.09222524383568823,0.32934512378656655,0.4511948126245734,6.1006256119331965,5.290139018377917,4.200753601690095,3.6555052981846257,2.8771976373457284,2.375126340076162
-0.6579315628082115,-1.241303179371669,-1.7951970095019498,-1.648762046593483,-2.0436028743739123,-2.398598440502433,-2.8977933857109273,-3.29149081094142,-3.979880306676964,-4.438945885124618,-4.488920666738554,-2.246666572498594,-2.1426867099512283,-2.1759087695281045,-1.5374747360279557,-1.6543533672763304,-1.6766266580666966,0.14550772296219164,0.21551636254952028,0.18154704927474047,-0.269516933025074,0.099266187437515,0.3323093359038778,-0.22882173506414208,0.10936161361975874,-0.12625793407728436,0.59739837096831,3.9539093025049574,5.328123492978546,4.43183901502138,2.514598023050716,1.3135285943759072,1.712677351119813,2.393950502474635
-1.4643411223216911,-1.5642335291497171,-1.454580560614089,-2.300321648278328,-2.361199948376116,-2.767566162047151,-3.226432987367399,-3.8459900655752923,-4.307245786036481,-4.519045915987518,-4.863312986892523,-2.390896994876328,-1.5435021012654748,-1.414723702375802,-1.4927373866020364,-2.1139644775256423,-1.1194584424778187,-0.1494407819710129,-0.24791340408796278,-0.3377587301581886,0.06091235100807921,-0.10484953407556342,0.21169079969464338,-0.18070615387711556,1.7327700113377236,3.2536901378063856,5.198805964805079,4.897941477588357,5.436172689595917,4.977180462732777,3.8084243341816766,2.905314410695036,2.450593109647982,2.9853378393915997
-2.7504832213569124,-2.3088545535348786,-2.9545136282671347,-3.0876831471381814,-3.0892481170123545,-3.337615013647811,-3.794855758624224,-3.8767439926521665,-4.148055552180635,-4.247850253207433,-4.386781273830723,-2.6991200568058935,-1.6543999185103426,-1.4028350971101433,-1.281779529194409,-1.2450115816641831,-0.0638165417638021,-0.8777947356957386,-0.7985071578968619,-0.604853397732328,-0.745207800957399,-0.581616550788449,0.3695114691566567,0.5023234610149895,1.4826314858899887,4.324097410663035,4.514010789462118,5.126006998663543,4.32365124092815,3.5765172536567906,3.895947972522299,3.8976657439615683,3.4472694790520633,4.27380158983072
-2.6839484928522,-3.1387486065013497,-3.0951474344039247,-2.7534585354790173,-2.8810761979299917,-3.759670117297799,-4.145031402141405,-4.3901493775598635,-4.1862576986913,-4.3973399377288755,-4.866966464095435,-2.232544790437707,-1.5314195663874792,-1.274100626335321,-0.9733462672265364,-1.0647211493121236,-2.6219209928421225,-0.8295380061820208,0.003429638792532894,0.6117944419133707,-0.22534967149120433,-0.3630436109208634,-0.5591808289946083,1.2098601598055445,4.943763642818975,4.090979807255224,3.9621692715083237,4.533613912529341,5.099145566461116,4.292932740272977,2.777563248636325,3.468030158757772,3.1785054466054246,3.4349281049978844
-3.460219417279845,-3.5391108853115383,-3.3823819498783445,-3.3254668036941855,-3.3872182325256843,-3.286603637443045,-3.2242470705645796,-3.5633377734227283,-3.730511042700615,-4.262251321154855,-4.788630849555859,-4.347103913685187,-1.4037281274059799,-1.304200877487569,-1.0751714926803202,-0.5459311620415374,0.09777384744394,-0.5744562545050302,-0.5032050690632617,0.12177117315416587,-0.5336756305654283,1.002158717441008,2.4993753938685837,3.867934736128016,2.577103072155867,3.2277508627504896,4.195986479310489,4.410718197874041,4.008459803083082,2.5848824771274947,3.7396880686364113,2.0575823319999844,1.915222279054916,0.6886620929775601
-3.970482330468487,-3.9610164993683137,-3.834564238109428,-3.4227530363150334,-3.1629214048060734,-2.8539160569036692,-2.8735779529718295,-3.0357176914895536,-3.137397190538826,-3.611342580403745,-4.151972531352798,-5.07072722655922,-2.137796261300266,-0.7680317984426496,-0.8438786737953372,-0.989865206774094,-0.0008734291098173443,0.7842692006328886,-0.15937845782556204,-0.41581942279377626,-0.7821598080341976,2.5793621974106444,2.79362299872201,2.907932387672714,1.7087226459018883,2.0249250165353923,-0.06026971085569649,-0.38796341480543345,0.11623713649825458,1.806287409344971,3.2247885769350133,2.903283134450852,3.1380072848201,1.3406000641537108
-3.4296899239214356,-3.339602610879621,-3.2620124784034434,-3.3614739730997343,-2.7637608585638573,-2.8105798012757224,-3.4476168159724967,-3.8885121419949926,-3.7218749785705634,-3.7823305070689957,-3.973493976348735,-3.2241730958003627,-1.7078217097012158,-0.7619691907079073,-1.9850995045976851,-2.045752515588576,0.06323839402674261,-0.6892701803739878,-0.4765099121951712,0.6614045091138792,3.804316004627782,3.0707338804204074,2.20352425436728,1.7849557548853567,1.1357901067899394,1.136370407928749,1.7522930322379433,1.6129344434313468,3.2008054132647663,1.662182508728002,-0.20494891513758415,-0.2337001261998875,-1.9485799438684506,-0.14449955085569877
-2.9790826373464068,-2.9135468033900036,-2.55292269719924,-3.129536223550764,-3.342992511324627,-3.1724057979665417,-3.3716230585149423,-3.702825587669221,-3.5994579505458386,-3.62254979080389,-3.290671746118028,-2.8218774513780476,-1.2195935443683337,-1.0059376385308005,-0.5120107059677043,-1.35503811196663,-0.7735826765878638,-2.045695525343225,-0.10645131589222907,1.9648460576474451,0.966510738141283,0.2628735499850039,1.0296273578301682,-0.45692595521629237,-1.0657155773050957,-0.2671194024967882,0.17163191483289506,-0.4575057609623677,-0.12394360761998957,0.8284792861364849,-0.3838739357529055,0.3571939548112057,1.5033591222083345,1.2781826058918593
-2.3632340818987747,-2.3129416199901343,-2.8990698142530205,-2.8706196949237373,-2.5619937211762136,-3.569570194669349,-3.596219199742118,-3.321535114871511,-3.2502734213040934,-2.85136128243294,-3.2420792013628583,-2.8374619094229616,-0.8351809477730456,-0.9003415941881759,-0.23666754828613545,0.08810645101268567,-0.7580484525805967,-2.8872416396688125,1.2823311661631014,-0.08422224830811517,0.12748844485053099,-0.5729004470515283,-2.3137992713354554,-3.5334467123639,-2.826675498578148,-4.618889461987636,-0.8326813920587519,-0.15926936726263088,-0.5609937039757614,-0.3063835821177453,1.1244832973701682,1.3329762964134046,1.8562344560485442,1.8448452683435674
-3.1775260822313567,-3.076508899920293,-3.0181925154979763,-3.223013966851889,-3.4840264009250608,-3.0439807019746277,-3.205806763834573,-3.282314436049934,-2.532907609181482,-1.9080503384604282,-2.285253938141301,-2.089649043988878,-1.4658511454252336,0.47174026949356085,-0.5961712733783234,-1.2671421538453291,-0.7578234005875447,-0.6452936066604112,-0.19725704585777223,-0.4989769684875902,-0.44517248759299144,-0.567307810027326,-1.8770118257340969,-3.4016675195606627,-1.11333437489065,0.9587334575350387,0.5543314004467091,-0.21063517688351457,0.5519318083691299,0.4940840702740583,1.1532842090731594,2.2778522781354718,2.607673358482535,1.6176781599713246
-2.24694796403658,-3.1297647884890436,-4.004135735913622,-3.099882626681548,-3.959597649694389,-2.9873560380076474,-1.6715680957138168,-2.238768980621713,-1.5549820405013133,-2.2736685365296005,-2.14917143556955,-1.4453778502345898,-1.0565559422097306,-0.7365150227047934,-0.37163068353339024,0.20630201427901387,-0.3635670948488973,0.1990921064384507,0.22060948503350883,-1.1266594095113132,-0.6054619679664266,0.42170972041868954,0.6221387168513641,0.419592462000651,0.00569190887113304,1.101175291948772,-0.239936449591386,0.3513754190195969,0.6840549319972468,0.8423572714587616,1.3820668901149396,1.7170426247605421,2.1652342940348808,0.9024537132176383
-4.234894670466135,-3.030507759207203,-2.3408620978421664,-4.308592481273574,-2.3304342270340794,-1.5134789784986469,-2.0621172330693023,-2.221866394599938,-2.4745470094114688,-0.5348628538352225,-2.001576986742936,-2.073355883939746,-0.49267465114644354,-0.17174897648687032,-1.0877368877864815,-1.1615604427924622,-0.6874571882540012,-0.9630687885524017,-1.7419328616509182,0.9165647810267439,1.395786157395883,1.5020840468948,0.2553412020843612,0.9394698531642731,0.570719434294295,0.39485272876859134,0.5631063403494395,0.7190499576243434,0.874388987110611,1.615131752954345,1.602422167534005,2.294003440653561,0.4478437638184403,0.8271953443211002
-3.2843613327953953,-3.2014471634610295,-2.712059810859141,-2.0319954447563218,-1.3252305734285392,-2.7712445500701817,-1.1427006518277432,-1.668514652028691,-1.9215319426179722,-0.9549328858997762,-0.9040649387124302,-1.0108591844810506,-0.8016790943783355,-1.129714838915315,-1.1678308657204572,-0.6562796610517467,-0.4282311459161923,-0.11219438829956557,-0.5884697714184514,0.12840382884684995,-0.1863981179192003,0.7506468202345825,1.5631800668763969,1.214606959280239,0.7964493966032761,0.6935442940013512,0.32954630966902027,0.606218481735642,1.2007972474919204,0.8527490879103572,1.610874967418136,1.2401351117178985,-0.6396055662673378,0.8577086059725502
