script/wind150m.json
{"header": {"parameterCategory": 2, "parameterNumber": 2, "lo1": 3.000054539987559, "la1": 64.9999836372058, "dx": 0.5, "dy": 0.25, "nx": 34, "ny": 52, "refTime": "2026-01-15T11:00:00.000Z"}, "data":
[rows 0 to 23 of 52, columns 0 to 33 of 34]
-2.024773966971984,-2.1573101354936335,6.337427031397902,0.8764249824174887,1.0127611349314753,0.38477116903264785,0.6895539647608407,0.5481397282169324,1.9486785509021578,-0.37541376801192444,-2.5820244422229983,-3.472997977073403,-3.0890815712790727,-3.1715203570083808,-6.8942912828477265,-8.469710662449243,-7.8456670269509745,-9.394657189020409,-11.28033532554995,-9.054373412458252,-5.417854900661371,-1.2136590581339457,-7.294411565965927,-4.7504517563331925,-4.303075851500479,-3.3119092120823166,-2.6679458388597688,-3.083648624822627,-3.452372507293445,-4.908048112270906,-4.49985135096966,-4.50337967187107,-3.4530227789899905,-3.6669187204327915
-2.1224700709208166,-0.1525601217795736,0.7807594695755129,0.9546044272846461,0.38139656538225913,0.38730942154719,0.5642934401554366,0.05706910991441033,1.9234769595152807,-0.858749242984056,-3.720281950048257,-4.934529793567784,-3.8521131914351265,-1.530427900040674,-5.151718416152818,-8.222422081837543,-10.589616774793146,-8.562439235431833,-15.125756156406831,-6.503656253096814,-12.333757100084279,-6.335147815563834,-4.285604422701621,-5.893712263031225,-2.857436333054464,-4.11340610452006,-3.482702106565916,-4.190872325235906,-2.8812928480345166,-2.7256410169751963,-3.480092350297275,-4.166513027646852,-3.730033683817089,-3.6026081408406014
-1.7795458940064488,-2.255198059413481,-0.5824413773672886,-0.42586203726977256,-0.8041932183423702,-0.5142996905606636,-0.2484629944749391,-0.04665547726074512,0.4911540129975246,0.5547893651637996,-4.039811191421149,-5.196977291036112,-5.45230490896874,-1.9241088699988405,-3.0351096466719847,-9.856327881469843,-10.094770969027536,-11.346535604721396,-7.017304759535991,-7.105242982963494,-8.354756064364334,-4.203469525848889,-7.852374852190899,-4.961257122005683,-4.6246737843850205,-3.8240137230754003,-4.645693269536508,-2.878418939429076,-4.294544211054356,-4.094680947419951,-2.731828288635665,-3.076104063348222,-3.2821750105543455,-3.031983309578677
-2.649840718366454,-1.2133194794767228,-1.5642640583369496,-1.0026141186636093,-1.5187508998628356,-1.564861966726514,-1.1092886942276183,-1.9831899178854226,-0.8817136626567442,-1.7536633113451554,-2.8619931002939607,-5.790733461739326,-6.085187939019293,-5.058046969724689,-3.5841657468954926,-9.359742404390236,-7.990469116982294,-8.091095025281637,-7.728716672195434,-4.368102238081984,-8.601161385210172,-6.8773195902438315,-4.820758945918237,-2.9381876370359006,-4.480692580402414,-5.107323299130653,-3.2381795676538023,-3.7306998345922886,-5.35688159542164,-4.046589267666856,-3.6130693767886037,-3.180710992184479,-3.9060110924305502,-4.188824084765794
0.03701285800247095,-3.0822433415820005,-1.8731219345745025,-1.6320285395291787,-0.9954269389099444,-1.7312687233292412,-1.1360281462440274,-2.7660176632975717,-2.5047483083969277,-0.6823364833802477,-3.2967413167567483,-6.0008079854539185,-7.242301558176911,-7.980699153906029,-11.62038176579232,-12.258889232827128,-6.948115267250656,-6.798303310154468,-4.892919021635713,-7.86337671865747,-6.521984933575157,-5.375130787685057,-3.342367263745965,-4.110805223219359,-3.981355091092209,-5.651344890552335,-5.162674347086394,-4.492111947324493,-4.646773716887322,-4.684293338511654,-4.934113862524464,-5.244296842146799,-3.8559850861522498,-3.774113765422503
-1.9074088789226746,-2.682124528159649,-1.6920198232455976,-1.6925898662308336,-2.023825272366009,-1.9977322436805187,-2.4609785711917125,-4.2801685814208446,-3.3595261373568333,-1.5479639856484568,-1.9872436798578421,-2.5011051989970197,-6.480861500070484,-8.876926726069085,-6.169313456926712,-8.118479177173644,-4.888327052377719,-8.234993759196033,-11.124626205210772,-10.62685694578141,-5.314320387247603,-5.225126436993896,-2.572090754200461,-4.329876933764591,-5.176137625626697,-5.006512428929095,-4.748455119446325,-5.890489306421284,-5.6948127061589835,-6.167146819227926,-5.155289212596682,-4.465891112847135,-4.116928309418889,-3.546117606579173
-3.24094628276823,-1.7269668830946452,-2.0484417480608497,-1.5513999175406856,-1.4930547735353912,-2.81042728630158,-4.852680420190995,-3.6913210880306737,-3.667470468655377,-2.3147834123902413,-1.7020451086611128,-0.25743789969535047,-4.23068461541262,-7.193079178547192,-8.991903070190626,-5.305164518646956,-5.347164513429806,-9.51594007446372,-7.750637047316113,-7.522792192180761,-7.360305878418502,-4.141192745759416,-3.5045190143341265,-3.3054827254048185,-3.7160494543457574,-3.905141051812228,-4.535106376745935,-4.625399263331445,-6.278416793043541,-7.1372174359892835,-6.79581254854512,-5.795617494028286,-5.090168586142266,-4.523884641895465
-2.6188690702498127,-3.109084602443303,-2.505053638089197,-1.3053178142115276,-0.38407688519730937,-1.4078570997266997,-6.251582411822838,-4.3709029511040125,-4.324929216672927,-2.487760889356338,-1.2046867844192688,-2.55423857131243,-2.116481486368947,-1.4737932654430592,-4.663581813344692,-2.197515642338102,-3.5487830239250133,-2.4375472921954353,-2.1131589036656844,-0.48808359176634075,-2.345032341082675,-2.289016112066266,-4.1921624229868835,-1.2483667312642073,-3.149228656778818,-3.8357242526720357,-4.117566660835075,-5.399155540893221,-6.66415136355286,-6.201732164549402,-7.527423667163273,-6.64765327221691,-6.931532921098462,-7.574658102221636
-2.025005351060444,-2.57804652518208,-2.798738326427984,-1.788187090875719,-0.47937915669569786,-2.003983143542924,-6.111966812104816,-6.340667049415504,-4.190864084424535,-0.6495847078845152,-4.045248465800805,-3.186934052199685,-2.270433247428359,-1.4024645456656124,0.3742068335226593,-3.5592265706985726,-6.08984508243628,3.4414445753620355,-5.6421441661532965,-4.906321977402482,0.3057390715581496,2.1000653684043287,1.0816650207664968,1.2166942518441173,-1.305129155248478,-2.7994270280333415,-3.3419075283195876,-3.072711706541278,-3.4396040732065005,-5.850555961988467,-6.045664700984888,-8.45000814964462,-9.449299783877507,-8.816486911459856
-0.9324384954532611,-0.6227538647090294,-3.149449424575195,-2.012164334183213,0.07178278665982964,-1.49255692050879,-4.372894659854155,-5.72935222848884,-7.701767573044953,-2.63057700122049,-2.043488762997681,-0.6567355136855524,-1.018932682771938,2.975383282634561,-5.753512308096914,2.0527164993308067,2.649588191398896,-1.727269814620009,-2.5522113257787966,-1.162806078465731,2.436060282623383,1.5956086755218863,0.1038422534627374,-0.9675578360038843,0.2804414507540261,-0.7781086386620724,-0.20627149639996686,-1.0598087085496863,-2.0725325162493067,-1.818918546340922,-2.532849006942134,-7.461015491721729,-8.687903333456381,-8.886464303412197
-1.2591360989666476,-1.703168913105041,-2.7864495264298923,-2.27959595627045,-0.5684167685313183,-0.7682156655311487,-2.453800350693814,-4.759982159530912,-3.7369131999238983,-1.1089727849703417,-0.04167156164304446,-6.233754602890933,1.8525899680013262,2.5401915299857705,4.831348342038151,-2.742633184367036,3.089616761992815,-2.4194624117340093,-0.1619515995977969,0.8245624769143912,0.9673436875892847,-1.374643370380777,4.113939701234192,-1.4338139573516262,-0.08589955735357277,3.618843978673621,1.686682475374486,0.9870438746184999,0.11610935167513783,1.5152616899735742,1.5980036005582854,2.5355944105637556,-6.860916256715515,-8.917103155644675
-1.8085634389024148,-2.049676709594987,-2.9068310647459543,-3.179655107748318,-0.7612680000616329,-0.759102687934761,-3.216501188869612,-3.0678509780425776,-0.8022688668929521,-5.963140803166278,-9.992110354529611,-3.347635228814559,-3.545001415040922,2.3631535048876815,1.6936485484732036,-2.1398329282136674,-0.3084572937959748,5.278319420727098,2.467634827289653,2.140318921121373,4.406361290842625,1.8965751148857712,-0.04382261457400809,2.877281419862497,0.0120570147554182,0.9123186856560156,1.555083093097169,2.5776655894067035,1.7350965447395024,1.0981944986604057,1.7362615505705368,3.061251100589466,3.4647713089690177,-5.736917981706903
-3.515959879252091,-3.0438834225230327,-3.9623726331338913,-3.3534472693679436,-1.2281951692992046,-1.701697927201283,-1.1053568509094511,-2.3983483662207705,-6.1842463370242085,-7.993596827443063,-5.445053202695296,-4.995307683357388,-0.3819129833335098,3.923243891998421,-2.3216133352074633,7.861017743704798,-0.31916382655643066,1.0724354296111764,0.08601994402688347,-0.7415765615293256,2.531461958029106,3.953790788795069,3.651718216611763,0.49828234086081935,0.26550806788856307,0.3170494771698791,1.89392637035573,2.321056543181585,2.8288146948111352,2.979024800659084,3.2701949132529813,3.328657841333383,3.426992554498477,5.198767716313616
-3.991847607561921,-4.199579145915828,-4.549845594351841,-4.530305298845733,-1.8401444851691078,-4.195242338042134,-3.899337810720868,-4.241775383231433,-12.686250683048709,-3.889483408423482,-1.2538719304170656,7.087689557865934,-3.3753240319464224,-3.495093370761864,1.1838762703351395,-0.4907289780094436,1.5213595480899504,0.1896139879436165,2.095277185852579,2.6835429706517497,-2.12533075212229,5.7300906778212095,8.755211994945748,8.331935937342456,0.2274596509908172,2.1195135592683783,1.7433339548482234,3.1204633439331624,4.204092708641609,4.3791597179989115,3.3178300134922796,3.6821392780901543,3.655412022053999,4.350414723073665
-4.89862492443853,-4.65426623565034,-4.93156265058713,-5.71255708527042,-3.3837783651590017,-6.498264767049049,-2.7453548285009375,-9.288966611127506,-6.166670708299316,-3.160969933967663,-3.657197656372061,0.9584160679486534,4.1171027660693404,2.316404129651034,-1.5248111482332056,3.3138911764649066,0.2914150869711247,-0.16192380712863372,1.4033433626952831,-0.31300967156081994,1.9159397673781566,0.4102137407660602,2.416144081692207,6.257636909845492,1.6750059334982756,2.93129865559715,3.9245948854885038,6.087773385547845,7.165570166631425,6.037166399550597,4.456989117406715,4.730234457699187,5.228290457360554,5.002555854323076
-5.380025423455006,-5.546594549572312,-5.733018691952775,-5.660739810604654,-4.160718440371421,-5.551556918916785,-7.88885183293387,0.4455175700200457,-3.8867812280689074,-5.174533914219971,-8.604038799947705,-0.9204387203685225,-1.8469156505402355,1.5494704681652478,-3.4085771058737624,0.9920535044275762,4.233060500520368,-2.373750542811325,-0.6334711511112021,-0.544091185472772,7.5684063525169964,2.390169042087132,-1.3939447603848876,4.746879373860366,2.289186630469911,2.541287798349087,3.6651771114252085,3.4647712381787996,4.065334720215405,4.316648572426293,6.2174321953585645,5.452314479184668,5.339057822853128,5.927289906657074
-6.164775805852409,-6.155006006872509,-6.41191902962628,-5.4811480187377,-4.924583539863371,-5.645519463281649,-9.843200269946871,-6.913543682453478,-3.4551380870617923,-6.738050630763584,-3.520231995310866,3.1754741624915557,-0.5960545003676303,-2.7683274379276916,-1.9488205809702273,-1.6978361381146752,-1.8190341324854549,-2.363330820257361,-1.8529850729794246,-1.6129241196479274,2.3585916315044058,4.3742409035314775,2.6754021480742414,1.787905816686721,2.2131513730906796,1.9549170694517017,3.9246373462623896,4.627067769844082,3.4409597667137004,5.403933553368866,6.074492496689667,5.83367076883064,6.59057376791167,5.999273869497049
-7.371930494072278,-6.69571252033405,-6.488272213297746,-6.1150696947892635,-4.079452426283926,-5.03908352112722,-7.372266807386806,-3.805535416167524,-7.712569076244378,-6.201395328977515,-6.479047174921968,-1.8312075429323809,-2.2753569703848777,-1.5240039492420583,-1.2840445321704026,-2.6123806247320323,-3.7290734577750135,-2.040944537244824,-1.3423381956819875,-0.6328071659173353,0.29072079607768053,0.2338132065777876,1.5128486831303076,6.130031851803693,1.204066034622901,1.3714274219835416,2.3688160177641664,3.021487010689894,4.848160888333561,5.862458431947372,5.979290760295295,4.1823958322589885,4.829852412851313,6.390900697541676
-7.572189764753019,-7.407640149794063,-7.140079616903632,-6.868560514552918,-4.962440766298767,-5.238580001336885,-4.603864135700893,-6.952342156652617,-10.701088882351778,-3.8971249312222316,-4.01882156854583,-5.073171118799393,-0.534563525249281,-1.3788977268248779,-1.6164763787204697,-0.6690697565157012,-0.9531425313756572,-2.3671642163724513,-1.8877335954111742,-2.1928332799283456,-1.4008590133305012,2.7345463208642604,0.4610608201200095,0.10351991011379191,1.8432455668708918,3.145443072767748,2.7905121372567065,2.71995594911021,3.308547281733055,4.001560140899754,4.27172592748956,3.6383826431742827,5.5373979304780665,5.364434272528138
-8.070435622171285,-7.423509024512472,-8.238356145912064,-7.466284274784468,-5.446844529994085,-5.9074711890739735,0.6865793937830887,-5.092481551866416,-7.967093338202349,-4.814055794719458,-5.384403861219966,-2.3931448711769647,-3.735317840589742,2.364515810255686,-1.719241484498219,-1.1477522661509572,-1.0295226130061825,-3.3279330943463776,-1.974743862805329,-2.5729823421718705,-1.7700622698843755,-1.7776036523959635,3.297544961910389,1.5579724844986143,1.1287508562375967,1.9854958996875254,1.3430959602820491,2.1730940949422948,2.501166770936178,3.2436612937950082,3.695022240504661,4.021277482054423,5.133640233630391,5.936381986021055
-8.714470590839735,-8.318568472336509,-8.733942851176469,-8.514357231179474,-6.155938360511475,-5.874068543482827,-15.072858260369816,-1.3817576431943286,-10.585970245147212,-6.147102450654128,-5.267908080081494,-2.9565160926643856,-0.6199596886946406,-2.047940361239593,-1.1869208361168082,-3.680243073247451,-3.2311093576336445,-3.430819156845044,-2.8681630429259823,-2.899118872556107,-1.1923574066656615,-1.3612277507063422,1.581901994195264,0.8268547760140992,3.6052752573471256,4.133605323644057,2.497194877195688,2.6287528110120313,3.534933211793841,3.5480620384227515,4.363659039319791,5.027063580946152,4.308994052897436,5.734685359592278
-10.21337464652284,-10.02260588719561,-9.015586709382859,-9.817141252759415,-7.769430651471677,-7.885623387847401,-10.077174726544012,-11.943993363465868,-10.023961495081453,-6.068859675617614,-4.225023464620732,-3.9234690901870937,-2.27510124402182,-1.960695384487313,-6.439157386977726,-0.8517311033074304,-2.0209544677855282,-1.1682752908506127,-0.2545338338490612,-2.794734436884862,-0.755449319103546,-0.4024563774567992,1.6755545543116053,0.22629442977382117,-0.28154155517686713,2.1334024512669605,1.1909365647723809,2.1481218009409293,3.067910877482576,3.987726663359424,3.1896491392694526,4.349307730568922,4.603813178700703,6.3376971434707094
-9.469180205961425,-11.13115201698568,-10.763724093249117,-11.594741029339101,-9.010234218215865,-7.831834969427895,-12.366055321610895,-7.493852949660532,-10.571396750144206,-11.534528388073648,-6.0978715936993595,-6.574312857945452,-1.861893093352087,-1.8037713263755877,-2.386837244000943,-3.074039031497023,-1.8141172035893294,0.21465393865874122,0.2355835820701974,1.1054192806018355,-0.3449781588658317,0.2641588815953082,1.5816917760922558,2.2979877361220344,1.2403156436327636,-0.15951686563182624,0.4537432494034691,1.5135874901475372,2.8970125008104977,2.8917097596650625,3.956158076317885,5.089574292018157,5.712401195717226,6.4114509887742726
-7.279709846605496,-11.41616441070932,-11.501641907873225,-12.734017377211122,-10.82257124582985,-8.230306124189482,-7.352483603245519,-15.751220579948242,-11.407970333705089,-7.926767841205635,-2.4625366349941884,-1.2950458271948684,-2.672251188963686,-3.1260626405443834,-2.1504785223971394,-4.458862664994637,-1.2044157918854421,-1.0368090750526053,-0.3261091751782206,0.833966597519946,1.9007682309960412,2.3975570772693056,1.3245935007135745,2.2061581885383026,2.136058251032847,2.6298413556195928,2.8259843992275213,1.7771809300841235,2.437081749516406,3.872333329072405,3.2743676883225796,4.259243578008819,4.857126430122007,5.794242593709097
