script/wind150m.json
{"header": {"parameterCategory": 2, "parameterNumber": 2, "lo1": 6.000198445256149, "la1": 58.999992894266676, "dx": 0.5, "dy": 0.25, "nx": 22, "ny": 24, "refTime": "2024-03-20T21:00:00.000Z"}, "data":
[rows 0 to 23 of 24, columns 0 to 21 of 22]
-1.2347617631262668,7.348281315540162,8.96478669812875,-1.134167843056348,-0.9869737217769209,-4.397322919419958,2.373085986102912,-0.7959485798652223,0.8131133886237154,-5.471314234160983,6.54901983304419,6.166950442736337,6.82022118989629,2.110006525922198,2.321552631177461,2.9647769903964925,5.989433701708987,2.131758140945684,6.16479691879974,-0.8268041715029472,2.9260426397775885,3.860735790532541
2.9703174294407915,5.103115221405803,3.2749982139757896,4.2650186901898275,7.6329295677176585,2.4817981516049716,-1.9418037447693652,-1.2447772965992059,-1.896758268050779,1.026701629332608,-1.8373537477447788,8.638243931795534,7.953388443903002,9.392198215021182,4.000815687312401,5.270861568137343,-1.9787502639245866,0.4814746265465741,0.560186521734302,8.008920338613452,-0.6992630098950199,4.874930333428909
-2.390425172418568,6.998628395486088,2.2825962188819213,4.1144927387887025,-0.3756171309548254,2.6956846165709316,4.828915680460297,4.758552572308661,-2.5289554686454583,0.22197477483665046,0.9768330837784959,7.7997520751666265,3.4674338574600077,8.052310659360476,1.6080666876333973,4.400444828861671,-2.546006863224674,1.8443702694295423,1.6799518181219106,4.084158154904056,3.098678529216431,3.3323485280849403
-2.7137984935331403,-2.446030364548153,0.39899062226932663,-0.07396543800495521,-2.6626234742368506,1.5762656971957416,-0.25623777803319364,0.02564898392395256,2.5380875372853735,0.12187394229905328,1.4966479341577943,2.516441635610046,2.5125080657408025,-1.2942840030554832,-1.745368532167934,9.069000091175619,-0.6432713396011603,-5.778847298522358,0.4130977928052227,6.403721678753813,3.13462596172271,-1.1484784368417857
1.6794758788756234,0.37270443636130474,3.6679667745201123,1.2759947275561399,2.471756889570799,0.16693045575576954,4.443004156248962,3.373666128455423,4.314201114868444,-2.676780285063063,0.5690835360142145,-1.6955111152838083,1.2279904068574303,3.026826904376996,3.429002830441389,2.636418213648082,-2.3678721101780438,6.8174596645468375,3.2453875855704823,5.844875406658067,4.958628078641821,-2.1557596347840313
0.16850564073755805,-0.5214656415467951,3.924745829461846,-0.9050512420672936,8.286333754550876,8.818333034750985,4.238108006697821,2.11526236741106,3.546857522679857,-1.5938955610610346,0.9523763107177177,9.481435026093694,-3.1337025470095483,3.012089460498473,4.367669776538624,5.534762734752295,3.0966102500015458,6.876553636788434,5.970699229150009,4.452858617626347,-0.12597652921904712,3.0899649499090516
-1.1324880756332258,2.682467403900234,-5.177104611030052,-1.5199152767001913,-1.6849294409837332,-1.6812599724807795,8.045261787902215,7.5040683282687635,-9.226575276595115,4.392704034359989,-1.705453330506298,3.8676725775232983,2.7594005132119217,5.319606866878741,-7.8335189737067115,-4.512991343543793,4.896378662693553,7.736222609871248,3.373851673210904,2.5728990764088095,2.5976945538192315,-1.6295630998665551
2.920692384003602,4.363367416572765,-0.9464482912880006,4.714603591435278,1.2787064981583462,3.023294511234565,3.962710008377813,-2.317971376510272,-0.11857612934790773,3.572005434083488,-9.3193427437203,3.020933036153697,-0.37374505980508266,-1.4706954518331812,5.2101358576432215,0.8197357512062273,-2.510665087966239,-2.7531994370929436,3.954201992497612,0.1842951599387729,2.0332933883150486,1.6475510289954531
0.7879592792442558,-0.45647921338604397,-0.970354056868809,-2.209779396495949,1.28529601744214,9.390362620219136,5.790352201994797,-2.1752030106573876,8.078677932058437,4.301393920797974,-0.32058020643445123,3.420490032038539,2.786754566030729,1.0269790397681684,4.33040321448311,6.639654166352027,2.0918966006285986,2.9397492162058962,2.5322182427466498,1.5622137762526807,0.9650851632813167,0.06405024321930942
2.5463943615392908,-0.7254693260492052,1.3791822337422925,3.372502391780745,1.1473960272276291,4.116629551750366,7.578442276614219,5.018163146571141,5.2170000443811295,4.577358386153943,2.349978573696124,8.202348611262353,5.120697288159595,-3.50422497056259,1.067035708098557,5.26775958863618,-1.9846735953823598,8.71408806020061,2.6609071203506844,5.3893351645942795,1.9998119337862106,7.617005482415698
1.4218162761703115,2.765690545970753,-3.0123543367249086,3.7537626704311715,4.102830986829566,1.0031619492705062,4.279914522025014,-1.3769170217096545,9.008304018817768,3.4911149147529295,9.342405847131756,5.654402436433458,5.772572693922373,7.211846920486455,4.251729782806705,0.5317006608560655,-0.09410543635567115,2.1900730106105017,-1.434684374994774,-1.269204515625323,1.6201889002733612,3.6933761260817546
-0.14940081269731512,0.18991534677245134,-1.0006767404532544,4.265939072361257,3.558415451841238,-2.3474856145995453,0.8390944797960831,4.114799432934062,3.877785906643057,1.989009371881087,4.7749294745458695,3.3978422938814368,2.46844001216672,2.572535958169526,5.388963443783497,6.459362572450208,0.10630577742765004,5.42114959956201,9.297411537870437,-9.182054798178722,8.843863123826159,1.5361806402558733
2.214052975453475,4.182163086550119,7.254021616826447,-6.1935008803039935,-0.39838625150857304,-0.4326960044425228,3.240871524394365,5.821416936665599,-1.594754512181401,8.534704380219974,3.6182907435871035,-1.5126865903940636,6.247120587598211,-2.4054630690837544,-0.2528414866214779,9.381562526372928,0.4039505609823165,5.282951377100476,2.316726755951734,-4.282687443700389,2.974454479927468,5.356686846891183
-2.528887471284419,-1.4527164424082202,5.40774012711409,-1.7320937690351892,3.838030229826133,-0.5830577493636628,4.380175749921643,-6.520459028584168,0.37997569549654536,2.2712763593371434,5.7986258765258585,3.053443689021741,-0.49508560066778884,0.15577051891405586,-0.12340374740069396,3.284448507589524,3.54602441937798,5.533771038385016,7.937398818345284,4.864661990733248,5.128749775516234,4.7989295345362475
2.5061450355633053,4.05121115453398,4.544273625471377,4.336389791518967,3.48204662192561,6.079062251745878,8.024391359960992,-2.428110065372636,2.4330196638704376,4.279078723237214,-1.7613431967324165,3.383248160646645,3.912009428752684,1.162710673433788,4.806455550303669,4.0965169124697445,4.645922431696731,1.829892662514425,4.754572482022671,1.7881325209651027,-0.515352155335233,4.242914761827284
9.084166407277914,4.522779706137401,1.0976842704266212,-6.110089333607966,0.25943645028874623,2.374465752011518,2.1992441723576777,8.707713334841985,3.834279812259077,0.5473718787243376,0.9205389915982327,0.18147394982766224,6.075548195717814,4.436596789087773,-2.0020515529611984,3.8133041029091155,1.089620810956694,-2.4452501913692135,-1.5010963480860813,5.654409571840312,6.824762963936474,4.713234145351166
3.6897774480529724,-1.328782919941998,2.5300530982027314,2.729481801575673,4.76036670110536,1.3659801345790477,-2.27472529880667,0.24370819235565097,1.0765991173935363,4.565830472446833,3.9309697873237743,8.039052130350916,2.7252091561352874,1.177914089818546,4.100801685973244,6.145155175609942,1.4845041902333458,0.9586576955064569,-0.7380057903526497,1.9508205872850475,3.381322456034881,-0.5674495104785395
2.0381911619699737,2.075067210009323,-8.571005363625309,5.428941832854887,-1.5998070805459819,5.421662256480944,-0.6350044511318915,0.9546586401092179,2.3856807877760557,1.717475884007153,-7.789432600783932,2.3996122428325823,-7.9327670302934115,3.921911785592564,-0.7909125287126404,4.632107575634656,9.009999191715737,4.767429425027422,3.725893858003513,-0.31468326789420203,8.80319701756959,-0.47845240857355414
5.3143016505289555,-0.2668587520199667,3.0795401197328363,1.1071922332212407,0.0801951005135745,1.4742648399341847,2.0483297803602154,-1.9738385910144567,-1.389607364699211,2.659902190547541,-2.1914633715437253,1.5874931919543367,5.591584546034064,3.1191636258730076,3.260990819575578,5.245628849527482,-1.7276154653838398,-2.5096732394447496,-0.29393432341508047,6.703618308246866,1.2705339807873692,8.566110631152304
4.650440449482014,1.8058001298245745,-1.4588475990499714,-0.5977012346367105,1.2462926814100992,8.275597231535961,-2.371569213358583,2.099502136935324,3.625224632066216,3.939982678352062,-0.6312932861899562,1.6839863828135042,3.726769888188217,-0.21164283806749976,6.34231554755082,3.8765091360607893,1.432627738516564,8.008460816664023,4.043140480187288,1.9538079137610844,-0.51459906518923,3.844295996549297
-1.8672488628349642,4.847167995679198,5.98331126232693,3.649197698868388,7.067674579512485,7.265954013711244,3.5856475038590165,-7.492225658013111,2.6839585289114374,9.224347212702796,5.130576724806812,3.7694519802037636,-4.562039839284988,4.598227527282253,3.0999769589226127,3.296694740365586,-3.176657791790822,3.0421795902048405,5.761462573435618,4.3391581989551975,2.613078627300084,5.495858309674066
3.0036502540487144,4.702215650706154,0.06302861943589529,3.4659637664164253,2.964687941341494,1.8688756966652205,0.1340757857563284,2.7212067147899037,3.5012528487432886,2.3664362739620186,-2.572280666336831,4.51474218485244,5.46922159852258,2.6557549176398276,-2.3723847821669284,9.419246114773324,-0.9252945612188136,3.774794496612163,3.780188374898232,5.676107841390339,-3.4712189383396144,2.390538037423498
0.904253250054286,6.10715336741699,2.300437748926413,3.0478531182694892,-1.6827043696514719,7.723024765071642,5.787248748825122,5.428889864217018,2.4610898054732573,-4.496689003160393,5.058810363592647,2.116361599970787,6.98531079307287,6.789960143925414,-1.3193818235996375,-2.7327310346495852,4.573457340033077,-1.1869007346999352,8.584092793715687,-3.2435542220598164,-0.025355371451635664,8.11437315668312
-0.9834964406295669,-1.5726845997530554,3.9233217524252266,0.6736667253636894,-1.1676965404660424,-3.2537209685301525,-2.5243976454409673,8.973813656271862,3.1461858532131264,5.16976380317362,0.4897398133155385,5.72074723115452,5.483616752219421,2.988741340354092,1.9226924067555575,9.5332309475282,-0.8999552651481559,6.776237655724012,2.4779718858374173,2.948046935759339,9.481629246802198,7.6325469335862035
