script/wind250m.json
{"header": {"parameterCategory": 2, "parameterNumber": 2, "lo1": 6.000198445256149, "la1": 58.999992894266676, "dx": 0.5, "dy": 0.25, "nx": 22, "ny": 24, "refTime": "2024-04-18T03:00:00.000Z"}, "data":
[rows 0 to 23 of 24, columns 0 to 21 of 22]
4.844810868618035,0.21184012646873765,-2.0045618223528683,0.4816229726109656,1.3436417808691008,-0.11731254554313406,4.617711090803153,4.78796528439355,0.42465662719406755,-4.917018515781361,-3.825367713510861,3.1729222814414646,-0.7693571545351313,-5.153387818019121,-4.981679113946373,0.5374818884575452,-5.703859639183421,-0.42741456409843837,-6.554889655210485,4.088240877680719,2.755038627171003,-3.060671311169323
-8.714015164787835,-0.2426093850881948,-3.374347908071336,-3.3069361958170496,-0.28681061985301376,0.7392202341255183,5.28228589191493,1.825365212555534,2.900566716433263,4.770538842711572,4.621008143603112,-0.11594326639141257,-3.1192592524263243,-2.1520175198016687,-1.1934087001788238,-5.166117711068202,2.7012299300663978,5.2724075357900855,3.266370135841408,1.9049578889899055,4.0070380565137595,-7.286142342514747
2.2152851172394454,3.7940743720312837,5.824348833959978,-2.939308720358473,5.010096403050263,-4.808913738808863,-6.269895365339862,-8.204307884297027,0.6815077430308965,4.230798019968319,0.21709984910371963,-0.8985062920683264,3.4576960240209274,7.05731295635403,1.3963326928314403,-6.528755896885573,0.2825649008934917,5.433773312435917,0.032980081173197937,-4.162524133823519,-0.18434894249844222,-1.2673748468092105
3.426807906419932,0.18491515254019353,4.499074454317482,1.5797778012880208,1.5845420664925904,1.7287865552390134,2.796225576982479,-0.5785178515463726,3.9679108737736795,4.257310339393155,-2.30664393446609,-3.4798821457673488,-5.70055736455234,5.294355772784757,-1.0524187552584519,1.488168552514547,3.892138039848647,4.293084335032128,0.6034899503813874,2.0766677599213215,2.336902217829931,3.844392257320107
2.9616178702204596,3.1378976265574847,-10.067320795241756,2.6421516138018517,1.1862878299392046,1.9857018654023888,2.248926823668966,2.2396732066876437,-4.847444711505656,-4.475092290234133,5.275982534756851,1.8172939123820533,-1.5652042957953836,-5.2843292352559565,-5.903118981412412,4.071003311590656,1.6379540826537644,-0.635212829117664,2.2664100043861417,-7.988596348805415,-0.27097650286538233,1.8313403013133756
4.03435766053821,2.804952373462983,-7.076466393556425,7.16057754886675,-4.845948783090451,-1.7278613223556687,1.6070286452857274,-1.084537013363603,5.5214519420388815,2.198521878340998,3.857825718882356,4.89104254573597,1.8383031901355185,-5.5099044363947565,2.3684940230646103,-8.863691010428063,-10.148398834393351,-0.6656119947343392,4.470352787947659,-6.511777380749099,5.004499616688487,-8.975972578491714
3.10507700110939,0.8585008239279583,2.57641695933816,2.0262486828583453,3.0142303503565557,-5.691639141842248,-3.509559181719196,0.3554464562796297,-1.1074196417693363,-1.663368430362888,2.192792730094993,3.9790216142162964,-1.7513250284462467,-5.178553538362022,-1.5910465211861875,-1.9347571235122905,1.8679344753627232,-1.2908755900598914,-6.09512384438657,0.5673353098451488,-0.3378693309017101,2.2961156632881816
-6.903763140136353,-7.998608034401794,1.7456700033649573,0.8887660892717076,-1.7890404478161142,1.4443729388470754,-8.210391092142913,0.7873320900553619,-0.8203791842216451,2.7020498824257912,-4.202125684597946,-1.1091344089157675,4.285920558194514,2.5087196478428435,1.2162213204790944,2.9360584551419864,4.640323811546515,0.36943179444121826,-9.320042408059676,-0.5341540769179435,-1.0576464877954388,0.9889218141687257
1.794781604265412,2.7312239063679122,5.014498954655773,2.2827484683935144,2.9562776288678307,-1.4584395502581489,-2.1934362151029156,3.180276748477202,-4.502253380944234,0.9163989280947303,3.7102748387764257,-0.6879180972921017,5.029306845527252,1.481420369006223,1.9462211072713183,-1.3735956865554197,-1.17910372287002,4.266238547102505,-0.44611863364945137,-1.0131775434799475,1.2863740351887387,4.263428852767231
1.124599745954604,6.3951564319364,-4.759987727028319,6.544922957235734,-0.38680735343434214,-4.9733185928099815,5.205140935152987,-7.772662146609277,0.10910646848824869,-5.008406168415843,2.827092426461953,-0.938252886072538,-7.654202804287525,0.12239547097598923,0.1659227777759625,4.60036772970633,1.559653876901908,2.7291776357249944,0.1852846758613037,3.708620921164639,2.591377968248007,-0.49320558171607626
-3.025057615771221,-4.737188473288355,3.718751614498652,0.02306739241583363,-7.2366580466482375,-3.269005472834386,2.592622208102517,4.2416815124668075,-3.6253739642121308,-3.697870021081195,1.087198303754445,-2.0853219712812536,2.438434270659857,-2.380206882862185,-4.472533462025277,3.6557960632830797,5.988409062209195,2.084204940977191,2.790826120675653,4.078392145573526,4.209733579130739,2.0726724223313826
2.4506412306949428,3.819773203863748,-1.250887258124192,-3.002640893775959,-2.9244097205247805,1.0679484134658286,0.4435201806960848,-4.148754186313639,1.1231972545325832,3.3729688402469717,-0.9576058054619421,-5.975672713881547,3.1473376235097335,2.428045724231119,5.719636133535347,-7.060748878687042,4.153153389372418,-8.492193230485857,-1.0913210967928797,-1.4065636588711274,-3.362598788411715,-0.5609792995212383
-2.857394916304812,0.41463859024560523,-0.08772962484234291,-1.5683379799356925,2.1171458011357744,0.4074664752596549,0.036131296886263785,-0.706617975247039,2.159072495139997,0.31195880820736643,-7.645471274966984,1.8334132522144382,-1.2021734440867833,1.2208749013771802,1.9553109584513282,-0.12001601370019539,5.255949566988619,-2.2124385815904466,2.802991942354578,-1.642623389027222,-2.8643379403248703,3.1838077274833188
1.9613965264243116,-0.6488785780916222,-3.999612299496522,1.4580453082178195,5.520255940313409,-0.9541094248373534,-3.4501890314325125,-1.9313520884305817,4.73721730352339,-1.1713317056471761,-2.4016095413292016,-2.907431674305021,4.035021969606871,5.072066629858775,5.170981207144799,-4.34918207162307,-2.7228183921851516,1.3770062882638892,-3.1934324428376426,2.221319278541424,-0.6051787915708664,-8.111663882720823
2.315619052689213,-5.482324206070752,-2.5410608860791255,-6.641110185277333,1.0439752861977685,-2.920201520086226,2.7415549092554317,5.082639011745414,3.415915153096026,-8.051223000668804,3.4970924652817494,-3.2125266578885228,-1.9817318879969206,1.0093202327212838,1.1705349179249367,-5.326371535409841,4.358757243606159,-4.669460757333631,-1.273188203960736,-4.452427123879399,-4.620725213739641,-5.946742705444022
0.5947893330608972,-1.8098432964140327,6.524664614437668,-2.616361306108146,2.706745103850699,2.621282478788268,-3.119501258655957,1.415078006908811,1.2524440750093189,-0.6498251355714103,0.2146996413446621,2.7484101895332245,1.9942649517181041,0.5772450324678586,-1.5842273097396522,-6.752573459520794,5.936628369973343,4.456372186872496,1.047663463344448,3.0682171781451637,-1.3746466928590406,-2.5867005832260785
-1.186998286373578,4.5314822380278414,0.30496800118287476,-3.6650675456203174,-6.005522040311903,0.3397327174232408,2.0733472194872604,4.398367366457794,4.64909450212631,-8.420016373126163,-5.075614061130984,-1.741061191420339,-5.0153510828674,-6.270789776364105,-6.175257389296282,-7.297335920470265,-4.415453744553141,3.818558909364456,-0.36800880897247307,-1.4875338930744726,-6.224236720266529,-0.7304404072120562
2.6684029432930836,-2.1058937744669417,-1.4073800588107035,3.6845096189991797,2.5448415540062066,-8.46716553435845,4.571865782956064,5.792001339010716,2.706313551338522,-0.8127840401577465,-3.8436618591323213,1.8226438700400887,-1.9197161394277278,-9.520749799155931,5.847010956195782,3.976392960597213,3.7949092447089883,5.260893501234216,-5.72626730703161,1.4865989623866669,-0.9166515854424689,-3.17603081698502
-2.302606374755575,1.6501422101429544,-5.09481591415232,3.373111267854385,1.387612915186176,3.2170868481577144,-5.033622412003851,2.8482707275640426,2.218324650663523,-1.0232961109521128,1.9270408519656035,2.3068047272269507,-0.050798935042956364,-0.13990008621637592,4.7157641442665055,5.299657462690356,-1.2270674050921366,4.016555014107461,-1.0417204761541219,2.7826741089898346,6.389935838503106,-1.311952576575717
-0.9545589949433111,0.9266307557051343,-1.9235395613382018,0.8110335165650974,-1.3613825468429606,2.8728916939764746,4.384345878669217,4.064718458873856,-5.15369358718148,-5.6044039404770345,-4.014268533939392,-0.960605033062292,-0.06774494512594721,2.5237772165253416,-7.443833869833897,3.177769883458355,-1.3963147934864353,0.7232160053250903,-4.770712425673706,3.7640576856732917,2.0946239258148225,0.5950536361408775
5.757876146219081,2.216183185005287,-0.47633378729122394,-8.364530964324304,-2.514603024906951,2.063324565599185,1.9526367837884044,-2.156738549685099,-0.6228727164298936,0.42675974170594405,-1.402353848409461,-3.5040841920450894,1.0002042531448585,2.2483230068001454,4.023094418441474,-2.432375803110333,5.259953505268763,-3.7184278883231747,0.6575695425398718,-1.2287995832728296,-7.854958002725228,-1.2629557647932637
2.986754867373084,-1.8598563563787758,4.116280955717015,-6.143575200554815,-2.6475705458522216,1.3133334417898572,-0.62127353730291,-1.1013290402222484,1.063347076804786,-4.037737374971554,2.6950919787885104,-0.45286670722163724,-8.705035706516826,-5.064901754483901,2.077185418107679,-4.54390761149928,-2.288073069170271,-4.686164970873643,-1.085396384006778,2.32146299258265,0.13679624272324212,-11.338212865961383
3.917504312076516,0.36143242011974375,3.1880465513135783,2.1014835466105453,2.772803870433381,2.057839885198005,-5.787147372489132,-3.3471111225202925,-3.0385885316949297,1.3568579085604664,-5.698837191244527,4.127094310337194,2.840587636822751,-0.14437298451835212,-2.2996251141988697,0.6660618218019834,0.734209815260871,-1.098338174502303,1.6265380514682977,0.10196685011891683,0.8903689777201756,1.8232175243758666
1.5295476188986221,2.1503105762611936,-4.6875113956262116,1.809111727620562,2.2496752466683585,1.63047612226894,1.5572464326766473,1.9211644763826725,5.636628498055008,-2.6495808366893736,-0.44007714454417823,2.3227801174289278,0.31709092655152227,-0.32389211682716706,-1.14739972321983,2.438727080705018,-2.0638746434473356,2.9110109944056224,0.43946726721919355,-7.363689457318752,-3.5759273069228827,-1.5877132528142588
