script/wind10m.json
{"header": {"parameterCategory": 2, "parameterNumber": 3, "lo1": 3.000054539987559, "la1": 64.9999836372058, "dx": 0.5, "dy": 0.25, "nx": 34, "ny": 52, "refTime": "2024-12-04T00:00:00.000Z"}, "data":
[rows 0 to 23 of 52, columns 0 to 33 of 34]
10.70296004298314,10.36105632630337,10.269795824931585,10.037760180701602,9.945658402586618,9.586957287207646,9.520126492669425,8.981009613130034,8.35562713826363,7.900828468373756,7.512898329322386,7.358652681487992,6.957125510522666,8.026068379436296,8.592953238102949,8.97924720916265,5.553040582979887,5.898420391754552,2.0770682431970466,6.639947426638379,-0.1825020801979656,0.2699995838632399,0.6116468416056974,-0.4265050816287657,0.15844179322922386,-0.10536581365310616,-0.5277653157700511,-1.5803024155775185,1.3138308384378687,-0.7213042277028585,-0.45970361502284635,0.08650337001464453,0.7742061834582306,0.18550168743266057
10.498695595853555,10.179401999064186,9.842265301336397,9.224644665452416,8.931889265602209,9.342498262865288,9.525947318312397,8.891512097362394,8.573499564945926,8.139536523554106,8.063820097763745,8.059628080354358,8.339298258567354,7.808183756406058,8.575234325326788,8.013399356415832,8.141981254946995,2.3747298086952804,4.919330928627777,2.113063402067355,-0.5022705658269193,0.9983974685007081,-0.8556790681477493,-0.5574002458025555,-0.0577381746156217,-0.2947965210374228,1.1944767468978759,-0.19210704575433665,0.1198142818081068,-0.8379566284454694,0.3797466036691817,-0.5375604752493696,-0.6927764806312143,0.44333718090983537
10.195194798502063,9.535433451987444,9.044520381235973,8.707667172292956,8.58999620125631,8.87730586551439,8.884535430601986,8.768793614262314,8.36812466682602,7.833646044798161,7.935532306993839,7.935552578199482,8.203868270315839,8.295217098875861,8.274041044074067,5.42067010130727,2.9792230682830887,1.8698534468544392,-2.3291070416981077,0.1530965606428828,-2.689086172655048,-0.7197323653770226,-0.3462924460212852,1.6999472544951133,-1.1102606488817384,0.11978900743367642,-0.45050576404387255,0.6111487077843984,-0.11399636550546868,-0.940545635412195,-0.21679031382487618,0.9622933522588878,-0.5843526211207835,1.0530829480179085
9.30238097309131,9.150762923214216,8.996717984701286,8.604914359403608,8.367290652551596,8.654809014046712,8.757135971405658,9.104212968482273,8.880397328498917,8.506746982609274,8.12020802597505,7.847426179963732,7.268188259163324,7.2142991247008466,5.962091600048939,5.315052067043601,0.28447933921610996,2.3551639938174547,3.2865872765004758,-0.8713288177471058,5.5001319731140415,2.034105857756785,1.3722580053329732,1.08916355490897,0.30100727625274165,-0.6679117567831571,0.6126216066326774,0.17761937163144687,-0.027514708294089366,-0.12832988085606403,0.3764850274831947,-0.11048083716666812,-0.49954272156178153,-1.8798480938621802
8.64467341910959,8.389258487410808,7.824478589645669,7.712818320658218,7.747177257391585,7.783934892915865,8.029095106940138,8.092787839586597,8.154177504742698,7.579487194002512,7.587028534019875,8.261264524818277,6.69360870351031,5.376411109402678,2.4439597994621853,4.232177967996164,2.117333229414498,-0.3519834057967992,-1.5088557712734565,3.4064174261020956,6.666661169302948,3.259134913492654,0.8043508508373137,1.1578174196662452,0.4150003650644968,0.009029315268682832,-0.11160357389082301,0.2521401270932831,-1.0481074608761816,0.47050616919481686,-0.8004482634969461,-2.20890651800207,-1.1506696813327448,-1.870495643167154
8.997782315556988,8.868123301645232,7.625202951505175,7.523215949445138,7.686255188765006,7.706984262503756,7.786841202138384,7.772008518056301,7.09239525963005,6.612107214591763,5.4802613897347126,4.797572735610213,6.783521541225022,5.630533586579526,-0.7302276648635114,0.2321478049344388,-0.22045775600904605,-1.0861762463915117,3.6645649687224573,3.4172061306618127,0.8662966810661812,0.26226880615471965,1.1583644749146798,0.6303892661697282,-0.2623981483393822,0.11626189509784651,0.9251621204124618,0.43616281969046317,0.18980634259456652,-1.8765951274951682,-1.877285038346739,-1.12405782794249,-0.39942070000683955,-0.924747220116463
9.212774668458746,9.558815979972763,10.574994969719148,11.023516249064732,9.841156378354535,8.96248544896089,8.190456589138853,7.340141931487699,6.738431879197983,5.746896027828406,4.397983809712499,2.8569474500448835,1.8437175059658928,1.7865712879733207,3.45434208817276,3.314423924957641,0.5354077195451933,4.332755316160755,2.3822121539911927,1.940106916074528,0.44514399449104247,0.627439154746106,-0.43293905011923917,-0.38888005332309183,-0.7292324503217431,0.7063594961355014,0.3767198259478256,0.0030885511743037482,0.4973489938708675,-0.46682925046098056,-0.5912082258759376,1.0724073629026964,-0.7355321670074704,-3.4615119916120483
9.075717582533391,9.169666234629268,13.925541766183748,13.002460302554326,11.245285451352807,9.120673552089126,7.4177202306219785,6.888319433857979,6.6330600306765835,4.557572135873683,4.17560107294328,1.2623266222961058,0.16443783369551757,-1.0121087475208734,1.5391403220630493,5.510111629720725,0.9283197837859047,6.065059961888315,5.6992224299651335,-2.543736214732179,0.7072980226146206,1.0185424511624406,0.4183122167590842,0.1595603044363624,0.3875896277304841,-0.5414829574500428,-0.9526011659577232,-1.103924130917234,0.13654693608447532,-0.7261802891439234,-1.3351849335847943,-0.5747027273797803,-1.4088265143910852,-6.72200702936632
9.222178976685578,9.650040401630227,11.744001057364049,13.88811328262325,12.29817709263676,9.806358601941048,6.350064631650744,6.474329498927431,5.254360738744252,1.3922658316267191,2.798569787260176,-0.09099635345817939,0.8014598927218278,1.361687444800348,7.293042196031825,0.7072635141330431,5.423314710101622,10.003140909233048,4.370709867266286,4.333926210121182,7.708012592690709,3.2805420042139763,1.69206138534541,0.8332099087586272,0.7238234033772915,-1.5101234287318435,-0.5076418824593958,0.5376365458384422,0.45353443807984,-0.022076030754713916,-1.2738559287788112,-1.5864148328815797,-5.95605959212941,-6.367158412298365
9.378792174046014,10.5171592057494,10.852024647393701,15.473539989558592,12.888002256955257,9.27487607220737,5.759062304037116,4.615051328766716,1.972126312392496,-1.750757676393183,-1.3921837597581432,3.509418779026575,5.967681576504522,5.637220784514428,5.007663775634131,12.562046851599309,3.418708243521103,3.394211132519291,1.5869188495685815,-0.23318925982552857,3.52342283536823,0.9782962014082567,-1.157454172817444,1.9011198044205,0.34046066199607244,-0.5732230721681744,0.8898239448921865,-2.179983054353679,-2.0142286781626035,-1.7679876438511863,-2.1153635687869423,-5.569509966118983,-6.238304111036986,-5.819061550284959
10.291632737543907,10.332612986736208,12.062467486212855,15.415363375445768,13.133150850825983,7.445289816828081,2.8490842285756,-0.9773537981847848,2.7480430455886733,0.8704250775625278,9.745913349767022,6.424975787412821,0.8235495040539467,1.4698401737965592,5.4773633769447425,4.149311893675365,1.8731582723206042,1.4195652996530546,2.0632655736161696,0.5500967377283364,1.4957921806755938,-0.4288099734929279,-0.36488795367310267,-0.750374104399824,-0.33523807023942526,-0.5609077402008565,-0.06361959603554534,-2.4325221348173223,-0.05145505277867468,-1.1602131659510324,-5.639382443833004,-6.971217254989498,-6.635384464302635,-5.7350976748342894
11.08042678570321,10.945832967573054,12.012171558916483,16.511466904945156,13.947642340761606,2.8851864830923435,5.873463828073357,0.9028829431754205,1.329761515212551,7.660416391733,-2.8751547983231487,2.691818938723401,4.39343625425885,-2.0063026914638566,3.0596350592795165,1.9183759186844809,4.203892605478877,5.780585277465455,4.143581701642061,2.8928257899798275,2.1326073747571814,-0.26795433250008444,0.7134896267335091,0.5421953388187769,0.8819804866282724,-0.43909347905869095,-0.5689561571531745,-1.335985675758232,-0.5459385310893999,-0.850172411597266,-5.8423088248340855,-6.577842622619866,-6.68478839484854,-5.751551240720923
11.680301655493212,11.461129696154439,11.821808285822485,16.908442431567405,8.425351286201526,3.2947558843013054,2.367885305335246,-1.7784735693469362,3.87860203806483,1.551841529128171,-0.6910604548471985,4.316527927957728,5.330064146089164,10.183407204655127,7.0733252561271085,11.470041843655844,3.5562430479041085,0.9173416068409567,-0.025524731244399062,-0.40205085344598623,0.0529407823034668,1.4633338351808376,-0.11858181784463347,0.22399291398217389,-0.5499966886412412,-0.5949263059361194,-0.2567222652073072,-1.6581636912204905,-0.04738078825705819,-3.613567581507717,-6.088130150865771,-6.920781833519506,-6.516676655162134,-6.223101543230535
11.982185794773654,11.413251836116752,11.455936206492753,14.512282373517829,4.875313563262847,12.377077258115381,9.222316904735198,1.640111263344984,10.010509575310406,6.571510382046182,7.483149855679376,5.35128509081284,1.1785191261149108,0.07696335393852505,2.9654475788534342,1.3499558913630954,2.7105223767044158,-0.334766777866717,2.4290443877286214,1.224311175153102,-0.13807922004130715,1.4993039122574208,-0.1352001637091882,0.6298100756692712,-0.9895581569467087,-1.003786553345158,-0.017521323828093308,1.3565171449636027,-0.5829174369187712,-3.278709901951515,-5.774862683837912,-6.471244888345549,-6.9264236820641845,-7.049375810040131
12.196366106219028,11.377160327102597,11.595448355448463,14.73248427558257,5.327124649487544,2.2133732363973135,0.4235449872884513,12.732609491087603,-0.006690850432605704,-1.7641451524142473,-2.1662202708887617,-3.2683833195623593,4.841783578858942,3.33339623439562,2.169027114855988,0.9999297211613382,1.3454702952648856,1.411958530693602,0.8841582420226045,-0.14814441351162203,0.7221380354438922,0.07431387874039848,-0.5017876064000194,0.5008768406787265,-1.35265467442117,-1.8268877598524582,-1.2750642358260522,0.4017810855797236,-0.7729530580408805,-3.742662920960422,-5.677514807021937,-6.5903042940757945,-6.663297430870913,-6.648733205981053
11.905009994287141,11.718406995085942,14.302449656896163,13.757386939869507,2.942805170444652,0.038806931348962403,0.8091223364922863,1.00313659235619,-0.6315547892681858,-3.197691993120369,1.8927523476134176,4.104568226050053,-1.2407723164490214,0.6342961215739654,-0.2744116463946926,-0.06679024396831562,1.480202989267653,-1.031782578250781,0.5904535833981721,-0.3726529620362446,1.1824709403316669,-1.0179417484023923,-0.4368388135435391,-1.015233267996322,-0.9694508034569828,-0.5641898583204589,0.2327363228684908,0.34506460929994986,-0.6923222058863772,-4.285681084864849,-5.444484601032821,-5.763924310036582,-6.035297277845619,-7.012036573403785
11.938263930857213,11.935353119507067,16.40250574493905,13.266034539157934,3.2186281548569395,2.7444052908753456,2.4106078901096883,4.3598906809112465,1.6360829555598628,4.293428009573287,2.96983738285576,0.8257088253191578,1.2236285188335112,-0.5630089488865133,0.17651132871302308,0.23203062898007645,-0.2896210502734,-0.13019583179951935,-0.12006596059444988,-0.590992870510369,0.16373685510757807,-1.2809560121488313,-1.121623301460422,0.3239065250769286,0.12293273031305423,-0.026703142853928313,-1.339980230901007,-0.41251141258844026,-1.2384347853762754,-4.07591291669707,-5.559979192215905,-5.731038566555459,-5.4735015119492205,-5.547919118087735
11.985830407968681,15.289293012543482,15.17465699552536,14.160947549205373,2.5020408636340075,1.397340243584351,4.526538349072243,0.7450496021092528,3.7342202429350944,4.874698660649157,-0.4711954949813472,-1.1475746305707006,0.8475775684924204,1.252392492543937,1.479105738785495,0.7268794843887335,-1.2507569081486893,0.8554966344744392,0.7377504465112864,-0.8870893504570044,-1.595463365943717,-0.2731820145096688,0.3112429487070351,-0.40198949732577527,0.13532734810198457,-0.5276091746404385,0.4133120702177089,-0.8236999785304014,-0.419514789051323,-3.455413560884511,-4.455758353218552,-4.340968251162629,-4.455317480990923,-4.389393315283755
12.096752664316295,16.025534972874553,15.177592236626024,13.77157566530653,4.4626566912144465,2.3109449388546266,2.0438478594954383,-0.21272970817278414,-0.7248476423384934,-1.027325154294677,0.6794611585794399,-0.6180097513605215,1.135155338082257,1.3752568130791407,-0.22751071049843818,-0.5909156628102438,-0.8297587326103996,-1.3025376854188362,-0.8219754445621089,-1.1182668462977523,-0.9038335418454729,-1.3033058588002442,0.3866949192410642,-1.1909185146687382,0.08964693312654415,-0.8827296649238663,-1.4877225338506295,0.1749243341783709,-0.24356280644768222,-0.3486313214648615,0.07415770935210032,-4.643968661686462,-5.281951236206394,-5.449497515671784
12.224661325466695,15.75107439669774,15.605032160175492,13.240327265168906,2.5667682826475042,1.3799698242775338,-2.1231354121542116,2.1660916963158328,8.194890162121691,1.968074662288454,3.610570307250098,3.570420195698513,-0.6612798036766466,1.961727873240245,-0.4317809877533582,0.45137005947422676,-1.1052044271822696,-0.8759001746353339,-0.8674979750385733,0.3318578927535494,-2.099208815560489,-1.743532757911872,-2.065637423426499,0.604907965626481,0.3078673163708542,-1.6761026130614163,-0.8620471160349609,-1.4979881172087688,-1.0336472329293303,-1.22894340257912,-0.8403285317529415,-0.25497564463683525,-5.180473833321322,-2.260649008936176
12.358075403312483,15.469215106893074,14.81387507541517,12.248658090424685,7.525607363940008,1.1312663510832723,0.22503388203704164,2.355199740501286,4.950870772321249,2.1059959736125378,1.3491667596278292,-0.09295815673939466,0.11795484481647404,0.21705380824680678,-0.22223983527759755,-0.22377154195437451,-1.5184381253242134,-0.021863939584706667,-2.1214551354183966,-1.088360707344387,-1.387316527084041,-1.4609173184147528,-1.8894447346180956,-1.173094453669176,-0.7954229888571879,-0.4209883980449501,-0.5303377899754042,-0.14509689319062055,0.991669822193899,-0.1264429104527755,0.1447732140535046,-0.3541493550488074,-2.6277035099252704,-5.176466707543084
15.110450422474985,14.954647525727156,14.498703870937794,12.27554048761081,8.575042204988632,3.8058987313878765,-1.4419311630628473,-0.9674312894956514,-0.3263762352497052,-0.8492898206944206,0.2702466744068354,0.7559859184211689,-0.16945321770623534,-0.3115818540767783,-0.20479633008510717,-1.739518925942224,-1.4486906608230585,-0.45390027149799417,-1.464501590551936,-1.39702958269092,-1.7703242121596847,-1.674005782965824,-1.65983676194801,-0.9543302355820319,-1.3599629452930257,-2.134236227309237,-1.379235831442033,-1.5567089850087041,-1.0994982435878424,-1.020797789625937,-0.648300027248912,0.465115445804877,-0.2701113591055306,-4.107308126044871
14.695772275421238,14.519513740797475,13.967953383494944,12.811530768483848,8.296867154235477,3.449506453087093,2.6291307684583054,-1.8220450648932405,2.2444731924220265,0.7961920477566086,0.3489272451815756,0.034100535969116386,-0.7969473170126068,0.6280014933335561,-1.7495846208920287,-3.1682621753304385,-1.103961079630417,-0.5522849947890949,-0.6697952811992098,-1.7047651246219662,-1.3642095312998714,-1.3212367290025657,-1.3544294763006255,-1.7962386117468339,-0.6216573560754721,-1.3158411975017117,-1.861850414341132,-3.217675703322973,-1.7677520192722387,-2.080461294058816,-1.3981267158638775,-2.3604038073906346,-4.375913129412259,-5.176579089253093
13.680637400584995,14.521905187827482,13.869856365051234,12.048521235592533,8.671525674577449,3.5043911501061626,0.24115157998385864,3.019293606592533,0.7447120854758594,0.5055293468873872,-1.414843610581748,-0.3143541220576412,-0.45607980722140506,-1.8865075229942323,-1.8615813742491347,-4.167313273620343,-1.199907274714767,-0.9103386914997144,-0.1758694517437232,-1.3568488901937263,-1.0261222766780966,-1.4741799755693208,-0.977623179773391,-1.0275712541891173,-2.2750713289792546,-1.4527077609546248,-3.1547655912577444,-1.4126976289843023,-1.2000443772706098,-1.4456115452616947,-1.683158077612607,-1.5126857857198313,-5.5502731547863045,-6.222350301450246
