script/wind50m.json
{"header": {"parameterCategory": 2, "parameterNumber": 2, "lo1": 6.000198445256149, "la1": 58.999992894266676, "dx": 0.5, "dy": 0.25, "nx": 22, "ny": 24, "refTime": "2024-02-10T18:00:00.000Z"}, "data":
[rows 0 to 23 of 24, columns 0 to 21 of 22]
-4.616470750273749,-5.673093022136009,-4.741295289142671,-5.3456989278168,-6.1496917495219785,-8.814091957363622,-12.046816912050653,-10.954352686505729,-11.218705449209533,-11.050568581865182,-9.363596717209603,-9.030345745067311,-6.162703678332134,-9.970493617127616,-6.319488241549753,-10.141768689939067,-11.725956855613791,-10.418573500343987,-20.063409260151616,-20.580991747427255,-14.286580651940698,-5.548117890912632
-4.731081296538337,-4.437158971232391,-4.6293441701643525,-6.633095725999787,-6.760864906668019,-8.62590735563564,-9.268404896289294,-10.482793784616145,-16.341430496003998,-12.373112130347382,-14.40183652771426,-8.777006754633451,-6.772380517628602,-9.008028234911057,-4.683761276679285,-11.231253577304788,-11.828671915482621,-17.710859812126525,-6.733211440587676,-5.393895003425752,-5.091695385812334,-9.289719007244697
-4.448164084645779,-5.258304925870654,-4.7293956287423615,-5.689963576027007,-5.144006114987475,-8.512341906350061,-10.958618598456084,-11.015930836205152,-12.829890450260017,-13.20961174358255,-9.89746059982904,-6.330588165813015,-12.514450080019163,-13.580447762143098,-5.121816705725903,-7.54163882601078,-10.731744600228826,-7.151416249203488,-6.934037700211384,-11.507364321269055,-11.25507812476851,-8.023190902555038
-4.856343321407894,-4.013413563224264,-4.633889563056693,-5.074596689835103,-7.771925052867265,-11.528107358052525,-13.460529036227415,-14.334232907130685,-15.622984355776861,-14.105055093008692,-10.265333878025714,-13.132914350996675,-10.81235563470145,-9.031891278743096,-9.73041714783321,-7.857468548007286,-14.254908928006257,-6.531987406872017,-9.943687648348398,-19.516534417050586,-24.57702563777979,-7.10714287063056
-3.6404260898630625,-3.74446840569988,-5.228910116109436,-2.7787956456915524,-9.139366593252653,-9.902017239771325,-13.406012917256492,-11.98252400893738,-13.258160582129124,-10.080254675652464,-11.603578527871239,-12.857642671265497,-9.807984094003979,-7.992765594887259,-10.633461938476076,-8.388354196303641,-16.837613697477593,-6.963501007580274,-16.16084007693464,-8.29086583563595,-9.58751119620401,-8.977704935792538
-4.6838274086999565,-4.046852589880727,-4.799263961483825,-6.255354225277469,-6.429769586128184,-7.2283870656952125,-10.776518081306376,-10.959839646740578,-14.707821556558265,-11.743458019708514,-11.074136951899025,-6.272638324800833,-6.526729185538346,-13.8220146110141,-10.255619234586133,-8.31721278156604,-7.651328790148672,-13.04620881438471,-10.742981593913367,-6.417311878635385,-10.447233561088776,-10.32015834026626
-4.831416118094289,-5.2336336343064636,-4.806312686535908,-7.0261835835045625,-6.2541603544556805,-8.38921167197261,-11.978931770376303,-9.067513932773021,-13.143364798257752,-13.56504400581558,-11.149021845334346,-12.734740300629971,-13.510761206154758,-10.121245643003604,-9.912789851624083,-8.452045688107518,-6.19565361416291,-14.817659224126466,-5.697303290670546,-15.218417860821928,-3.962738699560332,-5.8060128424585615
-4.798481858428552,-5.189913156870886,-4.791697431261625,-4.275458895554276,-5.920370085246401,-10.965931375875142,-13.241738526251092,-11.917599183093188,-14.378415214142809,-10.035347142054638,-10.080167302794717,-9.58218698153328,-12.78632335928076,-10.203312679849292,-12.67895103809213,-7.581110654945668,-6.311333780865775,-18.93923537453517,-13.70590175430289,-7.397600738968197,-9.185077865254547,-13.542786526206717
-4.568852443402013,-3.833421754788071,-4.7727280805359795,-4.939410385311747,-4.257581424827719,-10.384560737118816,-11.044758602232253,-12.939502037511247,-12.963100567799534,-11.210622712476033,-11.365715459779338,-7.444102357196448,-11.012422970786247,-9.918752110106654,-12.951184511173931,-7.8750273385268805,-7.077807244287164,-17.840630231842464,-14.070922137072213,-6.956887245209069,-23.056330753143044,-5.781347923601475
-4.547146485104209,-4.604169318939567,-4.478515587006556,-5.3955870503603505,-8.464959610128515,-8.58214034332804,-11.285863631197516,-9.435085047931905,-11.838621318647395,-9.815993112758255,-12.407923433284187,-6.6756740652154845,-6.4762356297907075,-13.118413640181336,-7.6139724593056,-8.204846158414245,-7.549155280621163,-6.444701188547444,-21.035224633841448,-12.916952782077397,-5.406538677080373,-15.849586397876173
-4.27531435790383,-4.145929602535574,-4.519761252419115,-5.261135855607007,-8.177093677707855,-8.956510671136954,-9.424758212996698,-12.565281871005395,-13.110177638186924,-14.24235135853837,-10.257054274549459,-14.80279351273471,-6.347850833565008,-9.084547178161277,-7.485868722690292,-8.357748320000935,-7.049621414947565,-7.016683955701946,-7.230568558375581,-22.420148602437653,-11.518669239462065,-9.640333028698297
-4.741071701675048,-3.7518292507514017,-5.430087497395373,-6.125492309775399,-6.062026409634537,-9.072903864898873,-12.377511447025526,-12.082510930947539,-12.193284145400488,-10.876581045135623,-10.07548792049628,-7.573261488409903,-14.043951741044959,-8.322928432087815,-6.931145534643304,-9.540123589020254,-10.3135361520926,-6.82691317862666,-8.70576672339735,-6.619775113769564,-6.716533079455731,-6.82433606938238
-4.682290768772444,-3.9554802715010533,-5.4002688893950666,-4.566056644144763,-8.590531760019791,-7.629220770051682,-13.223262648158288,-11.647540336609744,-10.603662577565615,-13.53393138039633,-12.326649009591385,-6.627646638941516,-10.031294267452413,-14.23507181065312,-7.006881625517405,-11.625301290009322,-10.884083080829525,-15.48752079096021,-13.528719546756045,-13.41730140860629,-9.085593495702863,-9.938744944254568
-4.4797082053451645,-4.087166423188292,-5.83368954545426,-5.155464010516127,-4.969567306806254,-9.349506626617954,-7.176836649422007,-10.95222193620453,-12.582843661707928,-10.246630137360505,-10.477020577717763,-14.546523671179829,-6.659483812467165,-12.368281669697815,-7.011086862501709,-8.473552035187888,-10.249141145415932,-15.51617285825773,-19.167378973414657,-19.81282465701376,-15.312662189911904,-7.26417972306363
-4.307737813678747,-5.28379894464157,-6.546316798622575,-6.295395134268879,-7.893587383151539,-10.189824608222832,-10.903984734280332,-12.11483647065647,-8.662522338284495,-12.074937423090466,-10.347059548237121,-9.402020216321612,-6.5696933871555085,-11.173598884197375,-7.125474469862477,-8.481374691746788,-10.750782465160707,-11.494658289649468,-6.893716413978213,-8.802499527140286,-6.24312008500811,-8.344185135927066
-3.9191250457426148,-4.801097769105681,-5.928585797394056,-5.524506499546462,-8.653012184154383,-8.111950101749652,-14.005131468726958,-12.482394322960953,-13.227575699781719,-12.745762501145123,-11.33179581418777,-9.137727469796786,-14.798486073592414,-9.47330221418,-6.479886074380271,-10.702717584325717,-16.412312510347242,-7.307448295469577,-7.387391696931457,-12.52814957300545,-12.232737495128376,-11.012538046886664
-5.103271366425825,-4.6239027245806055,-5.239821727679635,-5.774080005218608,-5.955092074865309,-6.501014758141425,-9.510459152150121,-9.389460535105025,-9.336272670860707,-8.977820180356744,-7.356555563853044,-6.743522898281923,-10.240074004405114,-12.637984584611525,-5.345814050032815,-12.500172046924078,-9.831628955557145,-5.492059692177977,-13.441554795354273,-21.981814304509726,-4.492743606233473,-7.845337161907628
-4.4667274763062474,-4.18093075040733,-5.238463252602587,-5.504195222982735,-6.693026339145003,-8.689806082218698,-11.837140813581426,-12.450599095629851,-13.617741423874197,-12.865541212535849,-11.278179300372395,-14.512336198294822,-9.281008830195528,-13.40253289142517,-5.234400342881917,-11.360182858909912,-15.66548373005546,-8.485475981209053,-17.417792251304018,-7.28999647544364,-13.079671487288605,-9.00993032910873
-4.665475412126276,-3.7124058590293116,-3.2891486398858474,-5.159886010585771,-4.324441632998135,-8.19939573665234,-13.507738568681232,-10.683063181099946,-9.00842668851463,-9.81641747983946,-11.115450153327716,-9.244222068989725,-8.878784665789539,-5.50223286244253,-14.957910815993717,-10.94426592264706,-6.773020684386452,-13.368267539577952,-6.712574369963895,-12.253220262808918,-10.293519479098045,-9.950435655975175
-4.476493033038508,-3.486996402077223,-3.300624175307053,-6.377992371911879,-8.720942267890926,-8.12118831888342,-8.608863533659356,-12.229606850483348,-13.330837008581922,-12.530115060858332,-8.89376349402736,-6.231746129433142,-6.305122573495215,-6.701441980238138,-14.892223607678094,-13.147583537263337,-7.175070016247807,-17.413195587433446,-7.368748471591593,-20.891591961942787,-6.153021634200782,-10.729577072899605
-4.3601212384624555,-3.4513048046813366,-3.219926753701364,-6.248593861597163,-6.631953877898854,-7.018574493653794,-12.512500898892398,-11.812809383618314,-10.939122292426234,-12.406535536179826,-11.098999847526528,-12.01332109423906,-14.94987360878467,-14.677777544620646,-10.727559430319776,-10.944300485660172,-6.912423290430696,-6.517712877411923,-14.572527502753982,-6.618788530637041,-13.313774526176182,-6.855771455629431
-4.631061553942509,-4.025068349362207,-4.332845414383115,-4.699026783493106,-6.732227540892025,-10.443443272942412,-13.986034551100705,-10.699428915451612,-11.563518659395859,-11.23063264518587,-8.810973333924542,-9.787421009876349,-9.32700507802333,-14.48343936723457,-10.470544973084541,-11.530180342458323,-9.643660262905854,-6.597905890373049,-17.147354691697895,-7.23709714528511,-24.350436903676794,-11.563022839414158
-4.121694027361138,-3.7471677020968617,-4.816041490333772,-5.652441094856568,-5.963948918087316,-9.895753710557152,-8.452168674026664,-12.106818620390488,-8.772932129107481,-12.95428451083933,-10.376258046770742,-9.08455333579781,-10.045133633727362,-10.063789737034892,-10.289416678533616,-11.695120525006576,-11.260081371080222,-7.135624576838765,-6.871494484791918,-17.608274114284587,-9.34495456358563,-9.522785939457656
-4.723204314694658,-4.183554286581256,-4.346888787314147,-5.250303414622609,-6.978629659712255,-10.52215727873466,-10.854158435581054,-9.32278669821917,-12.687725370705229,-9.058587797377522,-10.83239244081582,-6.7015434025684,-8.037254091833853,-12.803836824325279,-10.178646753296555,-14.224819397224639,-11.463403099243234,-10.697373531961524,-7.18498108020477,-5.8732797800394625,-15.815802822049742,-6.742976807654775
