script/wind50m.json
{"header": {"parameterCategory": 2, "parameterNumber": 3, "lo1": 3.000054539987559, "la1": 64.9999836372058, "dx": 0.5, "dy": 0.25, "nx": 34, "ny": 52, "refTime": "2026-03-05T17:00:00.000Z"}, "data":
[rows 25 to 49 of 52, columns 0 to 33 of 34]
9.983628990075111,10.869453179678365,10.861249004472105,10.808599250763681,11.722098636977579,7.573279810900874,5.705294632390329,2.7289773822836394,2.6924025054807728,2.08118992414309,1.6427868526038905,2.0506693211013487,0.8924175907523195,4.906423574717567,5.954395375170691,6.891461302954548,7.007383762817138,3.555534239249478,2.8861314971335554,2.9153365704919323,4.588951044704531,4.000626289397107,1.757609761237226,1.2544243712775642,2.241068407435313,0.7842864162346972,0.2963767608519042,0.9192039405142493,0.7027422148976153,0.6288327385730851,-0.2962041376111893,-1.2721065010432402,-0.9217248086844343,0.3577005066199137
9.908431895342524,9.860655387390498,8.924931833607486,8.922678191403339,9.125147856128429,8.814324048348475,2.044680456626782,0.772942580672653,0.20543314760085324,0.22025624839150476,0.07375487671853469,0.023769203803729617,3.214018567433144,4.4805104453702205,5.413649753744421,6.633484111800857,7.480223823545916,4.248047210807615,3.398601437744253,4.805122622122378,3.380542451655643,3.1114325496905306,1.8823075624121732,1.7803416897505453,1.6091240718980115,0.36441063265554285,0.4692473024840009,-0.4025085491036114,-0.3356909790369333,-0.6040836098399871,-1.4175315749959583,-1.2940071932261517,0.0016497657897595322,-0.20856346046911503
8.799857032085862,8.695311876854692,8.901048232994182,7.411524979008666,7.425572311041951,6.922171339743237,5.378486708405975,-1.6264711987293552,-0.20079734262195512,-1.051159128366926,-1.3892583436276527,0.7238687466519348,4.330829035368837,6.328730629702329,6.220331016508388,6.9545407563576465,7.694549097750147,4.967488680008101,4.128515886874974,3.381188769933163,2.8580193834898697,1.888215846617728,1.0097958385951875,1.597121954231547,0.07953255864544756,0.3262359983155989,-0.0987719273781772,-0.8614127958483335,-0.7210882099819198,-2.548252782461012,-1.9656745154094057,-0.36338514818848955,0.8780393461649203,-0.2983962156197379
8.341712624312118,10.033958204838713,9.932574927571332,9.781126291633065,7.91321615890657,5.988658363776833,4.168658324590105,1.9083315928946487,-0.340679366416021,-3.1031715313072623,-1.9994405217481268,2.641511142858342,7.293046377456395,6.468419573804257,3.2292864008490225,6.2110790557444275,7.90173482344437,5.975535268709346,3.9174540187345657,3.1966384368849368,2.4816609447563858,2.2308242981679864,1.0222495153418742,1.6070259788142773,1.7897478524485189,0.3832204400280634,-0.2782002835478244,-0.8606582414029056,-1.7318023424903173,-3.8875536646379993,-2.336961479677268,1.9596367265231804,0.8671653230463381,-1.5300934784868798
9.570839876419297,9.450973435582435,9.484803440325804,9.395364670849085,8.728963317655209,7.9991757186318795,4.946194107376767,3.2626865933552622,2.5478669751923273,1.4165430620194213,1.1461758957966879,4.620347371018636,3.9012214025227006,4.91152322971098,4.7522476548101515,5.207275359458811,6.538391844003403,6.982885504937963,3.8926271045745424,2.99687553508426,3.016655360260698,2.0742388363922446,1.6525091929443714,1.1225992836172525,1.1323386905504316,0.28956784750902165,-0.3146618771825946,-0.2366975686388391,-1.187315261417638,-0.8766624515612654,-0.6457561762747608,0.6643348664405013,-0.05591480623253562,-1.3372711330842848
9.307759681401796,9.439536146915797,8.746414719230183,8.672612783087713,8.788853393719146,8.466992585893403,7.651380441468088,6.563452575777048,6.627327644997139,7.364288178599439,5.242209165090285,7.293864069732465,5.687761136919766,5.555182639869503,4.332684331598235,4.865272304837674,5.981291188004613,6.108590359982115,2.9256178800566963,2.6453348603854434,1.166085144480885,0.7873435632585717,1.2613217882991448,1.007126404460976,1.052319531404942,0.5017111503967503,0.9646191027898,1.0423154220057795,1.378952402068517,0.27623205843640514,0.2636758138471012,1.1109715486601421,0.12277320926874626,-2.386058829462162
9.544214992896654,9.234840773274435,9.58553486893392,7.977178120984545,8.0700969687165,7.818586119521743,7.4521161506647715,7.288341461398219,7.977762452885667,7.814686147474792,5.152525429242064,4.740645457831661,4.306343016398084,3.55648994153325,3.4759796291826848,4.711298808997726,4.355948028783855,5.745447521513958,4.921732793166571,2.2018032046886793,1.880094485847979,1.1317674204213974,0.3357977716374119,0.9488981582208921,0.8048739912249088,0.31970127046134944,0.38764369700380413,1.0577143829429547,-0.21726598896576915,-0.27452170635365847,-0.030318226773317136,0.27424212318653585,-0.39798131647005525,-2.971892328418636
9.66717251913021,9.862388999039128,8.828973866525645,7.58022853958645,7.087025331913289,7.230661960481346,7.378762970035931,7.66519326659709,8.668608899172243,7.516914687395,4.467962912609982,3.4668648555100368,4.117658972298713,3.5743394713682775,3.7876810318658496,7.071506529577539,7.944526448125827,6.9522036294138125,4.298161332531228,2.004947459438328,1.5451650198536837,1.456670586577046,1.3345344488992508,0.9694260745133081,0.19535084956412652,-0.08152860577388053,0.02338882672251173,0.8136547977511553,-0.7319401500519945,-1.884869200354067,-1.6714131712886444,-0.8089409118067675,-1.6464308368875096,-3.5975116196248145
8.937942362782849,8.435718767804829,8.67686540207078,8.567843749876335,8.013367320046298,7.446454718531584,7.338701272032504,7.654323630529738,8.908252565698257,8.79786734350107,3.946592909377447,5.160586000795337,4.445737059036581,4.094292599952458,3.7623215476038614,6.395758136532833,7.056927588002483,5.673839431075311,6.03728531064886,4.371953961616843,1.2265929058426035,0.2120702190319593,0.08723647294877115,0.33093860749750786,0.1559885193102876,-0.05083632944675418,-0.048514258644844335,0.2114783186699671,-1.5510355985094875,-1.4334714790374357,-1.5604146013482227,-1.8892646617212008,-2.187698767632964,-3.059198818711727
8.419810267686021,8.468380310807682,8.555512006934384,8.453294737660208,7.990796485953636,7.698215433298855,7.108009792691026,7.138645302154717,8.24484732345011,10.965092652043529,5.919859564869387,4.005409879828705,4.243538227461991,4.51830597921017,4.2816336970430005,5.157612270655148,6.094783123775067,5.968749200745811,4.567521284227952,4.950048407495176,-0.1080596553487471,0.9774315802865172,1.116784115244825,0.03139138075459418,-0.2752312559621639,-1.5849727311295627,-0.8069343138578272,-1.2455748992915598,-1.667976976970389,-0.969878751347082,-0.7028954220978348,0.31541685262467684,-1.600996027595947,-1.3594293680182497
8.267134591313578,8.14123285394974,8.043985181520728,7.965821799692634,8.052364816976874,8.190818888198894,8.029469370886424,7.856310720270942,8.259540503157789,10.870165018197321,5.846982669048793,4.284392020595196,4.577489092034036,3.976905805451747,3.8313793079790583,7.114105479050126,4.669257577269218,6.416683177451093,4.775433557093351,4.999281498706602,3.3746789199142,1.6915000630740287,2.003120866386427,2.9570947725661405,2.474920915146113,1.8543826601339497,1.241384341491304,0.486485453390111,0.003542043288417891,-0.8247131475847532,0.33755380339806357,1.5573884543649446,0.3745526909988714,-0.38463036734817213
8.196315122525151,8.088765637653179,8.028973849838598,8.114587093273627,8.181630270221934,7.9870865431719,7.802008722372807,7.834552516842211,8.473798767257916,10.123204400883399,6.640207958424317,4.474684764295342,3.8838512341452387,3.1105043036000755,3.190301437034213,7.136015508837876,6.239136435147265,4.216002913169015,4.028402357087135,4.638871568891915,3.1839502167066964,1.4357019032051983,0.9618017085306101,0.259026756465764,3.8524676504156905,2.553209212387363,1.8778345156151408,0.39742126491617347,-0.15623541381817968,-0.8022926368962202,-0.12613252624511467,1.0668524960707213,0.30253278266663275,-0.5595147441443004
8.352454434693293,8.711736369539858,8.432723024920948,8.05677346145504,8.165201141099637,7.460463689408126,7.0629414646950375,7.151332545600444,8.421524922544146,8.386107768076887,6.779324582292736,4.656907464290019,3.691486795425324,4.741647139043256,3.937451055259926,8.478863804273757,5.585365723362271,4.626269148859879,4.3216307750258895,4.028155667624347,3.3378900134173586,2.8402092299181567,2.792227647023098,3.944954825923166,3.8433740056387693,2.699410025157046,1.4121133516163873,0.699987987216226,-0.49497816101226183,-0.45937028153246545,0.16121110451852388,0.6618862280273877,-0.6575364141241923,-1.4382693414786172
8.597168391565507,9.023293562160612,8.67767209454627,8.383457891234787,7.627832315757641,7.435195191342817,7.352800704191852,7.644059562729934,8.365525264833167,8.732045813988128,9.071807893678937,4.177483597191075,3.024406964483041,3.4471929209268857,3.5664445085143934,4.645752133238097,7.16445768940683,4.775906838551821,4.000519357016488,6.56504249438426,4.125304522646415,1.889080594188658,1.700443527260963,2.3377176960851633,2.7467401202252284,1.397692976321701,2.2954892369132183,0.8908462973260115,-1.242490629527966,-0.25422705004055063,0.17534662805050266,0.45640447408694507,-0.579402170062404,-1.603455850685244
8.825671574168416,8.657058009848056,8.975503959131624,8.070250743527815,7.812457310772253,7.4403766064928964,7.1633090590085695,7.377280026548887,8.77329190747883,9.749459207738788,6.82988660466234,4.397711145431026,2.143551992044855,3.196988124712695,4.508478256852204,4.64855489378033,6.352628499977137,4.203914580088147,4.982035772742515,7.1805216612775515,5.161775082204559,2.4555977265852817,1.7432536949303705,2.1018662847337026,1.440761049776617,0.895790538831544,1.5813199941630975,0.5590895168824498,-0.3607970732930853,0.9061891550098498,0.6282931780849945,0.032977454777047305,-0.8278806602605646,-1.3083065661699422
8.69537810585039,9.071271595335261,8.467363812382992,7.347671180187511,6.944309824564286,7.429969572016563,6.92131359815005,6.941814235475587,9.262090188574287,9.6729682450495,5.904362319228386,3.8243062457907895,1.3293696772946246,4.770436384007333,3.935856533423663,3.103532120229454,4.5427291044680125,4.185356457418744,4.939450254571359,6.084042788410264,6.313664004143959,6.558451144662165,4.0195520644441975,1.6428196923663225,-0.4515411488693197,1.5052565657345518,1.312800818872419,0.5645111932577045,0.12589497857496768,0.8383479964299011,0.8304084198648656,-0.30951813048949023,-1.0672592372049985,-1.3268645778108703
8.709071886118974,8.518911754466139,7.838005811140841,6.588959065720267,6.43586091260647,7.0437293508361485,6.85032797083587,8.397591786563806,8.529467023135618,9.313377834850641,7.5757705668707,5.152908034786669,3.311795664344875,2.390103327570805,6.89729730705784,7.921610383406966,6.376628573348097,3.4498609907426223,5.861703010057049,6.416549383036907,5.723254808002632,5.0163336392705355,5.355040242222485,3.8635758829538553,1.9243258142523825,1.010765772442378,0.7980751669370377,0.6023370642144991,0.532887492227986,0.7712256737596149,0.25170610051021314,-0.5280194955581529,-1.7213786710628225,-1.014446367470725
8.929361510271303,8.928091631548437,7.95318579200222,6.568658217854728,7.273111231858241,7.593637431449261,7.2800634192493145,7.7206327146439735,7.994490799233912,7.0298200378017786,7.9078713670496015,5.197958334333034,4.062730654226804,2.8535629440901515,4.30951190832433,5.919824354449864,4.113891424501049,6.5711614396914,6.077217608546548,5.117045652217666,5.296574335543828,4.062903122249735,4.4267220578327535,2.905874961057881,2.1721614110758956,0.6647951094464676,-0.6965889070968326,-0.5675852618229253,-0.20450129441449139,-1.5193537329030937,-2.2381229970969496,-1.2182512812385604,-2.732718365654256,0.5391092737547442
9.268408736627528,8.631175797098441,8.429549053241347,7.484527732989167,6.857162390987348,7.825539999425011,7.254388990611112,7.287061267432913,7.462571186519352,7.706972692108598,7.086927289717074,6.151087348148044,3.427181288531799,3.3805193992062565,4.633836410406787,4.861795222912937,5.644438370050634,4.903221676148409,4.74508534528749,4.6534366758042855,2.5922993161982317,3.9896606871552,4.344086728548656,2.616437466299229,0.6118844855289008,-0.4331091106766503,-0.30345469648185014,-0.4095747338666017,-1.446851731167366,-2.3826794588365985,-1.3418013848711012,-0.4900384712633021,-1.3730817814884775,-2.3951875607538287
8.404789731634164,8.793770054509732,9.089419899155873,8.145766952778336,7.559718302977183,7.613609988909631,7.354189689465917,5.918414703996577,6.145189399031283,6.920158157963405,6.685745294671838,5.425879687131823,3.2811839192594294,3.145404814247451,3.9202116486768217,4.133068904326963,3.6446023277672697,4.803820130627415,3.188679659351331,3.3877187593107605,3.6471256532976133,3.4747638059540265,3.9739144199335255,2.0866840867767578,-1.0313362227172609,-1.4803725756096262,-0.7747837159866934,0.2887827013374558,-2.0772732578050683,-2.182975913186734,-1.232808012121115,-2.053615331433899,-1.1959740358625917,-0.12783300886312296
8.199666490630253,8.072929374955883,8.481667892752787,6.864539724736408,7.524557687870456,7.683436759695854,7.632078965493424,6.322803624067538,4.518628369248013,4.450693031480142,6.15314971190892,3.584406567329332,2.6781676665033243,3.2532871103681322,2.688458480603694,3.971488218486462,4.758625067823344,4.014945595030861,4.13220919356347,3.318470612348114,3.7774450967222983,4.030191994898886,3.499722666126018,2.911851394642962,3.637732973446078,1.3231378416086272,1.2107290965515798,-0.21143333193347058,-0.1831415868444233,-0.8113030746244057,-1.2718227187809499,-1.1403645187787759,-1.9239745424113832,-1.6695700989625295
7.975303659995662,6.846737286171682,7.800308310879008,7.539186561323572,7.623708513370566,6.141161144972781,5.140510612581416,4.546152707652761,3.3555697977253325,2.452350083021831,3.8877910975421286,3.0025511665462252,2.384836344941915,1.9504210515629938,2.615114887079757,3.80497318977856,3.08036893029924,3.493646737379785,4.04171437758746,3.8472437748948747,3.3877602225302876,4.184046537738364,3.0019149434411583,3.164635221691424,1.3369964314848901,1.8697909401738886,0.3550296783473061,-0.6701074228061377,-2.6162181677998646,-0.6235044754842046,0.004347096609893073,-2.3305633200277125,-2.037096576750261,0.9468400686222651
7.328975312475521,7.959432766315904,8.152125177664873,7.884154486335366,7.113898740322367,4.7922121259501225,5.070486966771882,3.5655832925502375,3.376460436314755,2.8133441110796737,2.486893739816539,2.4737179817110477,1.9670620817099884,2.11921154039293,2.158838557882292,1.5360902829484453,2.169163435118903,2.163120480916124,3.497743361028094,3.4105414897964605,2.550720762560087,3.3032468315239116,2.9788817952566182,1.8108551220580094,1.0877528383176716,0.34232589883191133,0.8707688185550678,0.4802363809611277,0.5042604274537097,0.24665685359272627,-0.5595991097996046,-2.242945732044363,0.6757793680250255,-0.19840726942463166
7.711114990564137,8.162418783239364,7.119652138780756,7.916271794686014,8.864546940104212,4.538767743437427,3.671003180790202,2.851605483171861,3.32558072193978,3.2606312552552565,2.3840797658276585,1.7396541221576884,2.1462027171228995,2.1023221053038323,1.2777060354684802,1.9062777482972149,2.0839500029219162,2.826079517339944,3.1418273532202994,1.785612140296983,2.144168722820115,1.9107843700590652,3.519374029148284,1.3417248316053754,1.4541499338296358,1.7366052056380687,2.688024490572811,2.572530448191166,1.8698032511766112,-0.31993011223344137,-0.03668630263983675,-0.8776093893476425,-0.7578315876689934,-1.4742324075002489
7.25102432752338,8.100639509125704,8.745592438207321,6.167363854632532,5.385404055486498,4.335947181388423,2.9793426110677794,3.4094823561313,3.690144658835238,3.3050217315195045,2.6376223804328025,1.9926373880544412,2.1474176548839345,1.5685292545732739,1.1145388172135047,1.8123270082144538,2.735122081009105,2.754925900217865,1.4186272026789204,1.200806804716682,1.7104651301009501,2.250460493483222,3.862386495669299,1.5848621603614574,0.930201898760609,0.46565404229134794,1.8843247867683768,0.8295263042804705,0.5952988908418169,-0.2034688696294364,-0.12224872603894146,0.18609348438007495,0.020272027680545257,-2.250540374419439
