script/wind450m.json
{"header": {"parameterCategory": 2, "parameterNumber": 2, "lo1": 3.000054539987559, "la1": 64.9999836372058, "dx": 0.5, "dy": 0.25, "nx": 34, "ny": 52, "refTime": "2026-02-17T08:00:00.000Z"}, "data":
[rows 0 to 23 of 52, columns 0 to 33 of 34]
12.890991951495852,12.049617234576044,12.484028794876313,10.84514028170629,10.432350079742854,10.063679945753488,8.472636286872714,6.777915377390296,5.431668993218947,3.795574757996094,0.5337994220699889,3.825530492560506,5.566342147684839,5.2076583381185975,4.025300954452637,2.4623003184779253,5.947784882669019,5.221114827012688,0.7637480810528742,4.139545070848168,1.2498877655060547,-0.39250580524181516,1.3015649471670052,2.959500404054975,3.3884356123310493,4.656982551212541,6.195465691080477,8.859406355117283,10.641915425273842,12.614030877370306,13.863699089807513,13.556341010983004,14.845598635328177,17.022636794011177
12.014475591695687,12.120400780116915,11.905706161378387,10.324516941236046,10.06918979446267,9.795736653827213,8.418654388475288,7.018081908353007,3.711943636120918,2.1587913430743066,3.2646126116083227,3.5407250653452045,4.351384461548726,4.609149424176778,4.973290841573273,2.7875841262528214,7.588526568039449,2.7975547907265,2.950392119244357,1.7163116223050654,3.1545369930783345,1.9117853741852449,2.11055663100434,2.8981820092528565,3.77709979336207,6.154817011538077,8.4442674884801,9.02664518375716,10.87083638305277,14.004435361911137,15.022085439878854,15.578459617973971,15.351835993947695,17.719523420962386
11.865046930394819,11.684442013043357,11.284945503939568,10.236506426336678,9.581053984415082,10.0288378380972,8.612749241163458,7.488112616615632,6.159992893501665,7.6727093067602405,10.892953660048132,7.281738273136009,4.2647977956195735,4.364199543659161,5.379227262569407,6.4968908905746305,6.663815358062414,2.7408287938682756,1.222308185630522,2.8159420705436298,2.8039575129071697,5.178642024204115,4.417585715697638,5.005649698056404,7.874471438125335,7.4821407888835925,9.55913384223308,10.152387534316182,10.595605970169622,12.727555662665587,15.998627142457645,15.710012082048449,16.76979436098835,18.743511966441456
11.386811073159604,11.259325239307053,10.711383620578722,9.788411883977398,9.312469103987286,9.705803186804333,7.84334198733237,6.897334812696642,7.9507285418842875,6.972602289841959,13.007007399614881,8.348732965029441,4.265605469021786,5.142745704300218,5.649788266986676,7.265605190240941,2.411788655112165,4.16062494395645,3.6599547421997944,4.517120260163456,5.396654081181756,5.83949540597637,7.485777883090834,8.634650198083392,7.866937589701088,8.618292516046033,9.835164819889336,10.298599442567179,11.034642209121008,13.541511442590824,15.709798228158522,18.9109234942413,17.679526108508046,17.803519281341853
11.175772421114646,10.939394747589658,10.568310949079128,9.694723601017014,9.18789830885795,9.39927919747886,6.85722258747772,6.1215656876458455,7.727333875438644,14.093255941738821,11.282600321999015,7.336682134692744,4.815996364457467,4.609164879706552,4.168715831477937,6.348852038317389,3.8341986347428523,2.9722829005796894,5.187653029349592,5.363809062544931,4.655101253466722,7.812082236085107,3.7846920929737613,6.785158780423585,8.720431680705156,8.08678163476205,8.379492029950113,11.610052027006486,14.826250997180873,14.901975320430546,15.328284634226831,16.658364383323274,17.445866077860984,16.99344281651168
10.689115823965256,10.420270391518265,10.756913234459144,9.35300552617263,8.975977270902321,8.462810455077737,6.6446981846563675,1.2196674240887606,13.767102072490715,11.949905145082868,9.311229250151655,9.629631792636076,6.10184169834022,2.4296554485903386,2.083725092799068,3.1689365891120302,3.7369384342427927,4.7419399230617065,6.215384129239234,6.740042229045126,3.453144517017364,6.412319896963222,7.372013763940873,7.8512809344196715,8.094702975134132,10.046115787002257,13.469564261122217,14.263748483407534,12.740417161120096,14.405411386128312,15.231264869195618,14.898738842391497,15.133780093985562,15.102217007948296
10.131807429484583,9.653851493307434,9.868065504595718,9.398244771998776,8.558073273330947,7.890363714539665,3.5849635752039934,13.58666866391617,12.356488423165658,8.57610399770671,10.530952473028506,8.43586636362464,4.076958911070213,1.0136238016723598,0.10258967206677973,2.950055807897264,1.871176321946566,5.630578718772629,6.859964566065027,11.221203015389754,8.299013489850047,7.901316594391896,6.875575634688901,6.701523983220701,11.583169324825095,13.366212129592295,13.695944753242546,12.27914778789185,12.79543374612648,13.526698172428695,13.562219510902537,13.814579232764137,13.939602670937166,13.153286179800624
9.719624298447595,9.123967787489038,8.800334739536254,8.864206074818574,8.656884215969923,6.8859473265497355,13.008457978435244,12.701697607814337,9.894370465268851,6.813329771153666,7.13043167221488,2.9774116956396277,2.572819068677398,2.5407029387244764,1.9467040771872466,2.0796360282166466,-0.4062646364035682,6.800369134468476,9.213401736187866,12.461645997834484,9.516007152423253,12.882724722752021,5.38805086697049,11.06252495396781,13.306838836714787,11.880450960895812,11.762020403022062,12.298204598102432,11.378222457583506,11.075842788862213,12.227128028298642,12.778022569001545,12.235057453618253,12.945065882305803
9.05910061175353,8.460465285760705,7.933340738407716,8.811321560705087,9.267570021691526,8.02675356528497,16.277162197351245,11.531698740841554,8.190646530941413,8.142435247973367,3.2879178271836684,3.28980850092092,1.7511720522933572,1.4184488644707036,-0.8899619802682951,2.2217294671599843,4.604846984785133,8.203198225627206,9.442233153205303,10.779488972577244,12.777597611941461,14.126512314914896,15.538251657747402,9.968630945745536,11.083004144979945,11.008739314903492,11.319640258083608,10.320405431674782,10.757266431986261,11.774656558094517,10.98933293672356,10.551828966255574,10.862701331656352,12.394876648910499
8.212130973918851,7.5543778512450555,6.732932879755361,7.062963118757389,8.402730933938413,17.615927797977907,12.898101555193001,7.54231585265917,5.726689988047846,2.738649274323389,1.0908703898871313,1.4433587067624098,2.80949228590689,3.881501675042895,3.915657625710159,8.394131951350747,11.365462182276003,7.458462360460791,9.297851841773937,10.757387268653336,12.52181555272279,12.866616632945531,10.77501039671343,10.963051187935529,9.88949934097842,9.668698348619008,9.773926449181095,9.645992428513196,10.47845172789861,10.06897438598326,10.31401761826758,9.422857008739765,10.908090938327005,9.940054130843736
7.602910859528108,7.021197783231424,6.427767323153945,-2.833712394566577,6.717261205685111,8.581754163222032,5.512548196831523,2.784366995054062,7.46650598183646,5.291976853810622,5.760551624941193,1.9378758168117642,5.735716883665139,8.70363669475263,8.417181627400918,7.257282373508371,7.401374084464442,7.218039546510852,9.425973758043456,9.17546479460477,11.820451528989695,8.91533940080825,11.791434437843675,8.63290969179417,8.693968004503985,9.229927957973798,8.515367498810484,9.771315525145,9.830864139119189,9.512596644931241,9.460000683395243,9.394141339814562,8.526704602522711,8.69781180672411
6.773659724837637,6.517194503361788,6.448772608201347,7.57835119782393,6.64614272439941,2.649285554263636,4.812504257102111,0.497130384682629,1.7756550415426733,7.006517967164903,3.5828123870442994,4.4532539475402055,4.709968459200852,7.258733902108683,9.212952406627243,7.463986753813904,6.6623905416524325,9.91459149833571,9.08994806284549,8.758424936213155,10.295161879985038,9.504060661959489,7.03867835226418,8.859265736380245,8.908172196383122,8.79246235342082,9.049627039615364,9.209994667220355,10.805493597157678,9.181465484959162,8.639607973821677,7.347012161917577,7.141961585005342,6.95544374732979
5.86644458598797,5.825585156018689,7.469160961012067,8.351676226308344,6.386920313262985,4.5348893279148,1.4615105356606344,2.717934126720834,4.561274687017762,3.097421903354192,5.965918542756788,6.268981907827811,7.076352475480445,8.578723937092352,2.981076750085721,7.348260001518192,7.659575522536029,7.321792328467728,7.255492087628355,6.36787092232374,7.142362273023845,7.248392177780742,7.452907791609149,7.280099423438509,8.651834764494113,8.43728675766618,7.90956018118682,9.207124746668638,9.762125873088058,8.234646983437147,6.955907298862891,5.849424317324235,4.696093855224937,4.6907556227605625
4.664839791988591,3.595158832983114,4.733563322584243,-0.5130641232031002,4.98863556708428,4.31707721389231,8.899037161011126,0.7586780165635786,1.6858377271002842,6.485939041231523,6.883610151309986,7.14526438219468,2.2815515416916576,-1.0724784222135069,7.165169147817102,7.904109881853709,6.833222121358817,6.092208265510281,6.56359862108185,5.920857730439027,3.4923941664083586,6.028598428125634,6.2976426981925915,6.703489743462186,7.530699653823459,8.247039049697486,8.807992812861928,9.466617707938612,6.538965794910727,6.657347228486093,5.397865061265657,3.5217170159234725,3.318732864555322,3.792526942073034
3.7399766953060682,1.4146998449822563,-2.408158273267099,-3.2282222065637938,-2.855301476001148,1.4342301967689675,-1.126661731678101,3.635991518781484,0.8898132182483317,1.8925753574700928,1.010120870404284,5.267463407545948,7.353732596503508,8.024029538486348,6.154303102769299,7.689069918558538,4.445072053147726,4.010618231109028,3.5910656188819026,4.054564407566813,5.227856762693592,4.26657797760941,4.73961993555564,5.603396740373907,6.7281671471573,7.042954319787781,6.642327225041507,6.615168426400958,4.932824241574917,3.8314677219263844,2.149643084595256,2.574395454461138,2.419782806918336,2.0530726144478506
3.77080805847202,-2.9345748901612208,-3.7717010594826474,-3.2774598704217737,-3.093620774990179,-0.37251245429009744,0.7616131700933445,-0.5237630112112548,-1.1759329822239264,0.739259854875248,3.495977711345377,5.506283338395327,2.834420710869357,6.596281765660646,2.741647537806316,4.486114095493535,5.247661706698781,1.4157837090089782,2.8112540609620695,3.608500612633071,4.014763321002027,4.171864296577897,2.181945461469147,5.0816408482822855,5.276392431713296,5.904319519001664,6.323417814246919,3.504329978299235,2.3570231736342926,1.8640011378518269,1.3848406463406386,1.2553017440026835,0.8112549385293154,0.7888360514821546
8.35519517180253,6.530196630746328,-1.2388040748573208,-2.243210794688774,-2.683913962896276,2.3670569263481216,5.193378082246636,3.7647739319321363,0.5092126855654132,1.6771408071777056,4.564190071765049,5.0955124579274464,4.617362404012006,1.8176600776358511,1.2727761634377877,-0.5276137913040228,2.062159449120457,1.581349431145898,2.6399804372815585,2.747497249299567,3.2294204150330774,3.356108447553671,3.1420364857806007,3.3497619177638245,3.8197080521866003,3.8294266204505027,3.620228585963742,3.081109772627506,1.1324319431774177,1.0820607843680239,-0.22307292878354512,0.7447554960771521,0.42043293159287837,0.031245469441097972
10.16913395478395,17.611527781004547,4.587015468827806,-2.1728449624328565,-2.5366411296031566,-1.1295924989031019,2.588230792600029,-0.6609063211014761,2.8305778596809037,2.7710298244428446,0.2217448826541027,4.57610530809149,3.165580596803315,1.954894692831761,1.3013304800964218,0.042833012647814465,0.119965313011401,2.301858658247134,2.143465506930024,2.8065596063764304,1.8012246680592836,2.4837883204578444,3.0031629050773074,4.0309559466828375,2.6938689398385094,1.932540163216246,1.8522648979010827,1.6825023208213439,1.074609847166851,1.4419432868502045,-0.27147087902816025,-0.15810227491069803,0.1828662390716506,0.6777624088881712
8.152157243034347,7.93144577013702,2.9408227322008536,-1.7017673397388386,-2.2659051033308546,-0.500565425759814,2.581475174745014,-1.096695056994641,-5.706080019864402,3.1218071110711705,3.7486947541729716,2.498407740861827,2.101757986684871,1.1774023864278784,-0.19386063689161986,0.299585796579202,0.7271027175224142,1.1290717422658079,-0.6138259950935784,0.7302604640864885,0.2769219921594441,1.9197527385175506,2.274605129232066,1.487772545008474,1.386482373161112,0.8452855186361865,1.043093357225079,0.8937337610746974,0.5648851815303747,-1.1208681811124641,-1.1523024074858954,-2.6160989237230923,-1.3544183709167592,-0.47755492160017443
6.464345464082938,5.270475669133503,0.043029711662688035,-1.9590771476397228,-2.925556373029971,-2.6782826845056396,-2.1272207210831495,3.0796022520214215,1.3440003524304183,3.513911164582299,2.588991466682017,1.3875746516520975,-0.9831195618189209,0.786204429453076,-0.46866262032092304,-0.23118103637905998,-0.700386299259479,-1.1217073534039095,-1.8796438168000715,0.3243318495380361,-0.8705840575405615,0.39975911352175686,1.3391916012374756,0.46677381272854074,0.08110584505555012,0.14614148156482384,-0.5852279921857267,0.5843256132072764,0.41914774026744456,-1.441571063093768,-2.517597893042549,-3.1146120004078637,-2.5859958534748038,-2.3803004418479756
5.876130170805212,-0.07738612396864568,-1.7316222291491028,-2.5176454544715807,-3.215175850003498,-4.207235008720286,-1.4404687618231948,-0.08000808196238839,2.1105723407503687,1.5566829533025557,1.6900910780227865,0.48366390447585805,-0.4837549648493148,-1.2530812278478989,0.2541889985178337,-0.6263189997524244,-0.7332469736857835,-0.28387706931435114,-1.5168281080579402,-0.7029534357349575,-1.5930945912447871,-1.0172584003190854,-0.59375406058598,-0.9813125637151595,-0.5804068648889816,-0.27112668456887123,-1.300166356792522,-0.8305759413324014,-0.267075692444197,1.0643184574094218,-0.2653736648101807,-2.9981500490395185,-2.5433881415720925,-2.6143241706489286
-0.05790880317285835,-2.8450081857354492,-3.661234791730236,-3.618744057378423,-3.2800367918735938,-4.449495105551954,-3.7585693794532955,-1.337053009201819,0.25900471654950274,-2.742236804504906,-0.32687705084612506,-1.0566083062331169,-1.9495260729733763,-2.225070328962963,-2.4850872147049747,-2.6343552096625085,-0.6194940171262341,-0.6707970982163453,-1.5365056370682078,-2.6062408561754826,-1.5938653219554997,-1.2955809332990675,-1.8714961440865931,-2.583198551572619,-2.2501628253399018,-1.1325704548979012,-2.348857276387647,-2.0617881818841823,-1.0945883368433391,-0.7380327580561117,-0.6092309823494451,-0.7416167316028917,-2.325703205170169,-2.3460059309284
-2.4824058650862297,-4.647048340757511,-5.200353011787729,-4.861954145099408,-4.090320289330974,-5.192547453604403,-4.182671201009929,-4.630985148389894,-3.1627603582874215,-0.03615606128761583,-2.6361096962996653,-2.316201379580219,-2.129586845579114,-3.326313911677989,-2.088226800231872,-2.919031573071765,-1.2668720292720272,-2.3460635204230758,-2.962025640035937,-2.9206776940929458,-2.85702135017497,-3.3253396347272846,-3.36697969533086,-4.181271251459563,-3.731649946182733,-1.8385212229079166,-2.441099639618952,-2.2721407651122183,-2.368461720867872,-1.8015672484407876,-2.3333827607969475,-1.4618067971300879,-1.6196383077259564,-2.496369787504805
-4.394529007354453,-6.044289005207539,-6.612917104168796,-6.592057054723572,-4.643996176137343,-3.7129065449559366,-3.756718977751403,-2.3784797180151696,-2.594457015471691,-2.6120073323802617,-3.3758061819596272,-4.239263067484539,-3.9014676081537134,-4.111203613537538,-3.2709688245259696,-3.201643888507974,-4.399214670932619,-3.575567002876463,-3.9733366538869257,-4.4421922701764,-4.223522414193622,-4.434171962583394,-5.660271382904612,-5.965332442687912,-4.289213243838183,-3.258273060048601,-3.373711047708619,-3.307715795913985,-3.839008060573751,-3.7475789902930767,-3.497387394641494,-3.040036504748203,-2.5218394780538618,-2.4993268868243526
