script/wind350m.json
{"header": {"parameterCategory": 2, "parameterNumber": 2, "lo1": 3.000054539987559, "la1": 64.9999836372058, "dx": 0.5, "dy": 0.25, "nx": 34, "ny": 52, "refTime": "2025-12-31T20:00:00.000Z"}, "data":
[rows 0 to 24 of 52, columns 0 to 33 of 34]
3.9962809285874803,3.7089689624704767,3.570814394703357,2.2267035521230345,2.548030967499611,1.5945820524929504,-6.18743433537533,-4.062934906428749,-9.170620731509466,-10.298724792042774,-8.93473675161295,-6.316859175281763,-4.664657595431848,-2.4851852343462424,-4.2035498222753604,-5.874832657697993,-7.312896137919599,-11.041120645222014,-11.730217332282212,-3.718393111400292,-8.682796635097995,-5.926322920835789,-11.284130404826557,-7.909404783071707,-7.047336997940356,-5.554710596668379,-4.711023837877178,-3.705857361927065,-3.741691698710956,-4.53933321712744,-3.2199462927593787,-3.6080728047083452,-2.5331263544974667,-4.067389866280975
5.074373988200556,4.1273586698787135,4.018798695015684,3.408996756413006,3.0946202092477657,3.825152955744715,6.679577740395516,1.9220506586466237,0.7779021682362647,-2.085399043825888,-7.831649499076404,-8.794051506991886,-6.510315490874218,-4.699342662894019,-3.924726724010596,-4.817151615951174,-8.62289218160783,-9.84011215237234,-10.536136419933804,-8.772283890553872,-12.271506073843721,-11.781290998153727,-8.416797723907395,-9.369940386294383,-6.59895410040791,-6.107743073668746,-4.800562559839506,-4.340160340414456,-3.8326815072202605,-4.083925253707509,-2.9082628551570937,-2.9216058301742054,-2.864440208804101,-2.66935185925527
5.6685906124704255,4.531434410492258,4.386452439223582,3.6010690731303083,4.579207247902501,4.256962089649209,4.142421649028833,3.387368050800324,-3.7529394196864674,-1.6114057233709955,-2.4950986889811535,-2.474206084431731,-7.281026098735541,-5.032118200042787,-4.218181226920811,-1.491697378917143,-4.033857720205223,-7.929320754426935,-9.333577332293851,-9.545472367661814,-9.81465783567549,-6.681313310428893,-12.400381326999499,-8.731495903691506,-7.785318279839647,-4.489967341777518,-5.22887327350876,-4.011547845192087,-4.649632708735088,-3.7590550931014692,-3.139618505111962,-2.3746953825838313,-2.683762094193762,-2.3345163143678143
6.008134565167196,4.907891015542165,4.795256788860016,5.656613256124159,3.641402857916319,4.781341550962654,6.062771003654153,3.981325120573295,1.112967684365606,-4.183852855827752,-3.4404042090153526,-0.4502211176588541,0.06439933785292373,0.8088116098132659,-0.6396967041821529,0.5269178467982523,-4.020106164004458,-1.3241045665549824,-2.232646698584293,-5.73800378097612,-2.2767390748080296,-9.433338403548346,-6.785301409736364,-7.500192005549713,-7.837086634380305,-7.689874072101765,-6.106455438930364,-4.202611278184269,-4.222860880270374,-4.264860426702916,-3.505827382890408,-2.1346172846426272,-2.076741372885756,-2.5477972099264057
6.407026408244385,5.701278805529253,4.795981117464757,6.219051371791138,8.30617832980996,6.118035154825667,6.649580086661679,6.273809114238244,0.4434476681007703,-3.500253669177662,-3.616003595642066,-3.9078275926603703,-2.6092377976845134,-1.2523132425163535,1.6168243110256073,3.6308216283162635,-0.2680837021603224,-3.7671483414666653,-5.554987937981628,-2.6966744631028297,0.6769246417472882,-4.642986937020594,-7.691698233019631,-8.54273075691374,-7.208102918572463,-7.667698993214405,-6.547438363025447,-5.151794414157356,-3.4857598399994236,-4.249364015382295,-4.23514947799363,-2.0946731908584697,-2.562001040259173,-3.337074746823819
5.926742872015153,6.017692028054334,5.9143890453371935,7.081779911445399,8.005474683370183,7.33122136332421,8.513917410146004,8.56752667455112,10.966698791329202,-0.6016017699587596,-2.6917232899864603,-1.434389612864585,-1.2776139880548147,-1.7686516888786479,-1.0154247240573417,-1.0431499923869838,0.9801964073087951,-0.25428313102271405,0.8980450584543083,-2.0795114063055893,-9.926114757373663,-8.412574886755086,-6.509550788785081,-6.0184816790752995,-8.451368187816287,-6.756711669858228,-7.038661496498803,-6.082626691212574,-4.370816408580739,-4.267120352305559,-3.5113642852412363,-2.0987715492600487,-2.960689767046693,-3.0925142541290045
3.6068589431759226,3.2545419506650006,3.5687799631784043,7.24333791789907,6.282290302399281,8.266005043369848,8.43321426489604,10.387203664812363,11.391787136972429,10.940421600375664,2.6558018334952362,1.190935629173601,-2.2744969452537305,-0.5683526625200517,-1.6167067100151828,1.1435680228507872,-1.5813596238737546,2.279249529850374,3.8157266510264223,2.759816875355577,-3.5501273368656467,-6.955602090915478,-7.096972491153658,-7.111298982246508,-6.6571137627330845,-6.928556606646851,-5.172932381087043,-4.956261155816873,-4.62487306494745,-2.9847813104702494,-4.45367760281737,-4.022492055274053,-3.941385921202186,-3.1487796160321055
6.746834735358673,7.064886606425929,8.340856259157617,8.932825839206119,8.984846081390401,11.17749943295214,8.563200898015463,9.741035225601937,11.083631309059138,11.375464340725506,6.6390778437921565,-1.339538647970654,-0.5585666542886061,0.2253176623353163,1.5775525906137509,4.724685012767612,-0.8992846305304154,3.6593103474251345,5.046863359570584,7.7783648151547915,4.767603760571021,1.2495031863924084,-6.002780607594026,-5.9656265525059,-5.888933595426208,-6.900278698476005,-5.586301506384663,-3.9559490654873115,-4.041091696227416,-4.877626239717616,-4.456565216703388,-6.285691019274998,-6.575162636154574,-3.925750262106696
11.14996929963813,10.049221327317108,8.907912452438183,7.944638892962044,7.812221459081448,9.985715203098106,10.818675054030313,9.960206580858914,10.262117923930457,11.223350248269874,6.533082436941216,2.1787787802686083,4.161958478480688,4.4614382085040285,4.887135347349535,1.4240795961710413,1.575063408248389,7.0161966728450125,1.5289139443788546,6.015455944556204,8.476081986289495,8.492875544820123,1.7431607053615419,-5.133300333394726,-5.586006045515394,-5.7269428396388955,-4.809178691541859,-4.605368731929121,-3.487768311025684,-5.527801790304226,-6.346468959246801,-4.381115547578808,-3.631876658169731,-3.305543802450345
10.317332267166508,10.57475689656707,11.594177145794696,9.277673048626815,10.590570769613313,10.1756003051841,9.244150131870201,9.947331456945516,12.96537324629923,7.414347778013822,1.3656473727030152,1.4917810935969131,6.196200655185559,6.086775307109685,1.1737112481252747,7.8948875629517845,7.263421162583859,3.662562842593476,3.630047713329953,4.828894606238669,8.438382465548475,6.32527928626353,1.1896643760271886,-1.3784564655703093,-3.989137127113835,-4.190921485414151,-4.424406803708585,-4.668026047928406,-4.95654041271007,-4.992069084753425,-3.5048000196844744,-3.214305061347394,-2.6573248914634813,-2.9431528817558594
10.862972336297291,11.508057276800162,12.958503596463718,10.442467261926364,12.67912141386808,11.08636785526099,8.640282455508073,7.494616119673938,13.440970915234296,7.644839322852461,13.613440695336644,-0.6970160688738908,10.576706912163324,5.0684150573931825,7.166846163711764,1.2523008090193832,4.227678062714283,4.242673597076634,4.984767848364495,4.801357469838978,7.608112300251711,2.487221469807611,8.115443023772283,-2.2091448149554758,-3.076257354037122,-3.1755297981610715,-3.730324569866926,-4.01083685303896,-4.084874838368128,-2.931313621056697,-2.36027436527349,-2.708684301754508,-2.126105564285208,-1.922332379628738
13.997676402700689,12.302918081938708,12.293712406254459,12.942760235436705,12.423159707903492,9.038689999512236,7.715513827493378,4.050481777769421,2.1016800929280035,10.9031672060862,9.495061093297322,6.245992793061673,5.576696185554307,2.2238580004737742,3.417148949334956,2.022132991051158,2.6656006885581736,4.181517323178035,6.278614908323927,8.23793761655542,10.92378168204153,6.706252474525179,0.6555396422955753,3.163555769823095,-2.1841769965453954,-3.740965499608196,-2.8179309504039645,-2.7429664713521347,-2.846903028604754,-2.132507991465048,-2.199277284387732,-2.010262034309084,-1.9454004149176802,-2.470222498424448
14.05446547665077,13.458052209427164,11.859281011467337,11.091358113000782,10.984317849742292,7.31344932966777,7.576492455315715,5.872310699994771,9.949623712207034,10.423514119451886,8.374159383339922,8.090546195235786,3.508238618162673,6.919343454132053,-0.6742687173529288,6.100801331783377,2.986859133623482,3.7898767045482527,5.072100816680251,3.612950969091491,5.333537502062667,6.269258583800213,4.549314571880559,0.7356432125562434,-0.38461298946640204,-3.478442308388219,-2.91435497992785,-1.9110834163176396,-2.035495351840236,-0.7585026257933768,-1.4746170491503026,-1.4655321556194456,-1.2951516237374712,-0.39415049903252347
11.418217063394742,13.265150014657365,12.158384574653578,10.02017863318759,7.946681208004114,8.955788807237957,6.903604270412954,2.277326688361451,6.3960026110346515,8.980334308171312,12.140587817500945,11.799894710031545,0.6065881452000086,-2.9558166090163325,3.482980496365957,6.735621853756315,5.998946651295087,3.6382165180722037,5.573515748847135,10.703073488351738,1.1059097702805332,6.394498269868259,5.773727600069478,3.9245084551808733,-0.7140252060345693,1.3835338112000226,-0.953950189709962,-0.9702783902015706,-1.771898339129357,-0.6475371314248639,-0.6889001864799238,-0.587670225389212,-0.8436758572439611,-0.14073730872577742
11.969554664733225,11.25789906982142,10.637862821706733,9.281414078622221,6.781262316995035,8.077561581565794,7.045144661293497,13.663333081881198,5.4538919170570646,7.442375555523537,4.225018562785843,8.839472257879695,8.353132198114894,8.018404563359956,5.449150328040396,6.918884614991351,1.778626189861424,4.529009985628111,3.772888277431835,2.5809701185040317,5.09904035664272,2.6754089845214057,3.138680981613977,2.902109293877277,0.3849130195964737,0.3129624141532286,1.0417071739898411,-0.665680210243233,-0.46671348085483566,-0.12413000823979188,0.08867091383286899,0.05542645975250139,-0.22068817501411825,0.14061732640550817
15.068859281162087,11.4891883092647,9.648145972253532,7.903324549558806,6.598326336036426,8.52028263515672,9.032538338536513,7.553837932302021,1.3188644724571137,5.7952401701529,10.599468372499002,13.44308252844195,1.270079478672404,6.921614254816209,0.7322449874531416,4.762391292492558,7.500346202057933,-0.19751862495347922,3.62078082683293,1.7522348098015406,12.015861677897428,3.6018649790334774,0.24571954512362637,1.6106096465227044,0.2573029954981946,0.868862285761161,2.432449271354571,0.7631430254335597,0.6158651523709731,0.4712631272175577,1.0853241982481079,0.24348256184320038,0.06947144458863246,0.2354612367351849
13.563295007499244,8.646220885859606,8.378693966056293,7.463154652528443,7.595852185259669,9.572930842749608,15.78522083168444,13.035015679881381,3.7564539066228564,14.157415891698063,17.212253865214784,12.96780373987694,8.920728523075105,3.0841653661818524,1.3511770828815999,-4.546385673564572,3.489062083079218,0.3554567421636035,2.4998581317260884,2.9980455922885976,6.068798944578446,4.9099262456647885,3.2704753676096123,0.935141316752559,0.3791061271143563,1.6075493069784967,3.4491852734945527,2.071477091268982,1.394205202969082,0.6692184226656396,1.704094099880953,0.44931480694334264,-0.13865887834145746,-0.11125979467886928
10.906596416337068,9.135948859431505,9.112831211542817,9.491261975253556,9.388782375538504,18.03956662738143,11.613025421495777,9.218829808691574,14.822637912568775,19.550860657232125,4.600557659124959,6.17218340709804,4.651769167434686,12.591275156828871,8.291423043031601,4.609812928568505,-0.43983948344403395,4.679445919882019,6.590559321032101,4.349331937077249,4.683608258914457,2.8470033297862734,3.689264895369699,5.520457521896972,0.2830028193309171,2.252484229465025,2.759990606777494,3.187454152033869,1.6296113087659168,0.48964400826570076,0.24609352860069275,0.6185482082037093,-0.16758332418562574,-0.1463102002587012
11.661788988442352,8.893570104882713,10.649687152799046,10.945037968784257,11.280165081525274,14.252279670052234,13.44114247049363,11.831910865463579,7.397050278703388,14.420266348561643,12.733910476269,7.592573130549544,12.400797615370362,6.4876818207040845,1.9278207402677145,3.387970113456411,2.7125567363814227,5.385279791386393,2.9260500735299284,3.3739559787143323,2.715991318369151,6.496568303066734,4.730888664984785,3.2078807258665685,2.584782009601358,3.5397159709049903,2.6251867056170783,3.3961696772386163,2.9023156025042374,1.143264722440417,1.5408885215711754,0.766756994701276,1.5696368419346995,0.4372883599458046
14.760132732287426,11.577398617943091,10.825657743547012,12.159911111653612,17.034336773291084,12.84458642201354,6.166716826360458,18.228739026135333,14.683850749485241,17.69685014027078,18.81575569063065,15.40386740821293,3.3275849171518375,13.564518052882626,4.024876210425566,4.991489275010841,4.070320690855348,3.675687050071771,1.6769505635421587,3.0777152699110126,2.9936699903676383,3.7459726280884014,4.3609056428929,3.7210743662220556,1.9981891536956065,3.2825815961128004,3.0773664367321136,3.120491599350121,2.9535379178733483,1.9842853317086062,2.9605385854939983,2.5595672034491126,1.008863781732143,0.8405059600138846
11.866663430034874,11.56933912986715,15.292095013394492,14.709425924207476,17.163348275014073,13.675106263250484,10.582394160630022,9.923017439473925,12.36611833049653,15.912246383954038,12.981037946362052,14.996205769495552,12.194164315848699,3.9735380907553495,2.089085206121883,3.7937264741410877,4.775733087010547,6.9347899376551,4.541469949071662,4.824840068267331,4.247792814971158,3.625144451675172,3.392365444531418,2.372510937988445,5.15661179189976,4.35039331985587,3.715293740532248,2.5858677303049835,2.1126999829347444,1.5315734189284562,3.08759297035098,3.474006553864096,3.0104403313008694,3.563511636075789
17.83092973335381,19.117909462829083,20.387807507314612,16.416487092719617,15.954496341719468,12.215443301159803,12.077217224146464,7.566929115712888,13.074162775260325,9.058078151942498,11.44582813333956,14.012596424502327,1.6041411632183693,9.885576392012684,3.2237967729510864,2.7568632260729817,6.294008887058554,7.030294313611409,9.004976843683506,2.381416116849483,6.095380603778516,3.571765042429664,4.334350466417832,2.8138784867882785,3.134404003984882,3.800692530907456,2.747653927434697,1.8104563138980359,1.0108830257301,2.670743937989681,4.101212959188351,4.315523196754503,4.270453338760919,2.565454348476735
17.004509774311423,19.639064732540835,21.026119277661262,18.808855883617987,16.40209202544342,13.17039101780039,8.286269692265106,9.610146878889175,18.716220038527418,15.23183517036659,8.097401747147469,9.773056095329938,9.244719611838859,5.288550057345753,6.177157322983229,2.866330454026752,6.189447175380969,7.270549027328754,7.012812021586869,8.193598614271343,5.379172306333395,2.725467240065763,4.677102026703314,5.372390484956841,4.938138841046141,4.46134718478517,3.4429950570943677,1.5591737049069059,3.534286851076488,3.7616538621148745,4.427275647184046,3.6364425959191538,3.3758556980094445,3.0499900641987177
21.42175258259008,20.943475059263843,19.472260338133633,18.922217836103645,17.343669465361835,11.294523125095356,11.126685759763664,11.693520882198358,17.025650040580743,9.018345232683284,7.815147676279731,0.7838017344382326,8.520986931587531,6.135573560873804,7.300400843452276,5.683506854650332,4.598825002339097,7.176538789481993,7.5187961496789955,8.474183585818094,6.26682160488918,4.100852416546898,3.8206933998393025,5.3811243143667555,3.563439005748311,3.12280835990815,2.7964781414548003,4.298164204772529,4.81555673016395,4.830143864177651,3.8375923680998993,2.9437567711417465,2.8267129799532174,2.753266159268348
19.99278877689742,23.011341501261917,19.219944969487145,18.75990724436909,18.405140024064767,15.056154991896895,10.897165915293966,12.891924361104591,15.25351378017016,10.0044691198929,11.006460764738382,2.3017605898121425,8.053088387201642,6.600382330736434,9.134010571815114,6.799561874630164,3.361982367215728,6.382981783584659,8.279105197209175,8.615302012891954,5.8706337915664255,5.97554394196145,7.277077198546394,3.887417042948575,4.658802110700254,3.931217678059438,3.3062994489391326,4.473468755496039,4.551675715086285,5.210845027503685,3.891631034350616,2.563848073284043,1.7684236757851926,2.8553906565003326
