script/wind10m.json
{"header": {"parameterCategory": 2, "parameterNumber": 2, "lo1": 3.000054539987559, "la1": 64.9999836372058, "dx": 0.5, "dy": 0.25, "nx": 34, "ny": 52, "refTime": "2024-11-28T02:00:00.000Z"}, "data":
[rows 0 to 23 of 52, columns 0 to 33 of 34]
9.297017994441612,8.878212870374869,8.842359813086489,8.942804363745472,9.252113161572426,9.097775205296085,8.915707208279432,8.614487090685673,7.815037235259959,2.639320357520477,2.3933348453131056,5.045083594553618,4.722398824951985,4.502873218958899,3.712964603123873,2.442521163847705,-1.0577493908978277,-0.9783931884655663,-1.7973114331929607,-1.557421639971158,-1.0613304425071526,0.48777784097489346,0.14840165978475417,-0.04649534262049116,1.9139093372904483,0.06490958919967167,0.31582145050789745,0.08950109344494854,1.3439720239504478,-0.5400634496097254,0.6845002783497679,-0.09469829350206467,-0.21627858399312996,0.8745855044417433
8.583356876612624,7.87762534238358,8.471449318571365,8.630513740501016,9.037108635709776,8.709779905291013,8.452066217372916,8.562749930813801,7.084535396813167,6.568002602695571,6.540563097759772,4.825174468682968,3.6337557714287807,3.1924822847677468,2.9232136870490635,2.371897110687577,-1.0583594303834847,-0.7437354918290963,-1.818942760069732,1.7111949280357341,-1.135621343220195,-0.2381914299167013,-0.37198979333149035,1.8983236635364686,1.3193699462752337,0.3006318338306509,0.8795299662149545,0.06289163703248203,-0.41590803560475914,1.3152738640262929,1.0141737248794114,0.7872864199622971,-0.08669897947954953,0.5722693069727915
7.515005942404724,7.830750936465684,7.888150495486292,8.26822199140231,7.831176693113681,7.802942666328383,8.304177957262976,7.183759714138048,7.106218840003282,5.83636406791342,6.251363904425406,4.698532945039422,2.990955675047287,2.5030934185077456,2.1635522771852456,2.3113366731876224,-0.06913511679206717,-2.72144587641644,-0.722803771720217,-1.6879871316099093,0.2029653549397027,0.9034210464445195,0.04258043945375606,0.6538318813932833,0.15570929937118302,0.3962283858992804,-0.8506323957098683,1.1791211628756957,0.5963069808895399,-0.556398298878319,1.433494192373788,0.6643870034684225,1.2144589770696166,-0.08470148288350489
7.215895791352094,7.93525727491518,7.658638747226915,7.538484028119212,7.25900915707721,6.835879180780042,7.317534577010551,4.971219297875251,6.433674209065306,6.964249546080193,5.033547209505051,5.12798752001374,3.136484653154129,2.0743192924210545,2.3551914611222604,1.7384234305452764,-0.07508177909808013,-1.1377292420245346,-1.5800256617692585,-0.494640909561106,-1.2936369289840361,-0.09403999848321101,-0.4377982893612982,1.644250040160309,-0.5614290869537449,-0.06721152040355981,0.6202639074907882,-0.7703721965265937,-0.7593188280250468,0.4290174631643159,0.42587980259730573,0.8123189501326797,0.9392563199179698,0.2254610769445254
7.010295131125948,7.519401254400627,7.25759554106741,6.846981596762437,6.483522016967625,5.665891562428465,7.702390873413614,8.881277384401411,6.387488515556731,5.734241221839408,5.046828162250556,4.634885132168021,1.9935527697067532,-0.25690410294541305,-2.198707967550953,-0.5942392347758882,0.8342612108933685,-1.0605418783008602,0.13959125679723428,1.2644877131262378,-1.0557855005030714,3.9183932518502997,-0.3457107476546262,-1.033483557409758,0.0025658956766689313,-1.3562878859184244,-0.42545495680988177,0.3274272650182691,-0.889118600521924,0.15064942462518136,0.5754013923248515,-0.22093781507710522,0.8654317620891658,0.8943055963513611
6.76912922601388,6.589000409248364,6.666998225088143,6.433623344342902,5.197988460068704,4.434850657991398,6.903899253789472,6.041505977551239,5.736296995825057,4.876756232227273,5.387303861065322,1.0544870270489224,1.6342201713962317,-3.3626694784219024,-0.6716229901090348,0.3603884277666589,0.2719348731486208,-0.4427015221055767,0.18245601591744334,-1.4923634437865483,0.2861540495507242,1.0293015635151577,2.450898515277633,1.1583192849362374,0.8716803005656116,0.6601033392682742,1.1786338808945354,1.3397983809411185,0.4213256107535776,0.06350997145814544,-0.6696613861441718,0.18983548365854042,0.5356843690418338,0.5128048443594877
6.0252954692118745,4.974129178822063,5.598243779375379,5.1389940786270305,3.6833271131671994,6.409692540520765,5.380377751053497,4.280988887247166,5.070447732606079,3.782923056719312,1.0891987913276537,2.271949818078303,0.4505060891970543,1.202426225100508,-1.2700040047835948,0.1251412737810457,0.7058585519580857,-1.1974310612953791,1.3135276068322013,-1.3927885540424103,0.6747549506641466,0.5243687537639004,-0.6019917388263055,-0.615796801626295,0.6208602368082189,0.014521355422193889,1.3193538362081882,-0.5816808016454533,-0.06355038682137412,1.0424094199893008,2.0518713701993923,-0.37124986673618193,0.6404964466383686,1.3940216796310223
4.810619699590439,5.074251291256889,5.355640315650029,4.897016413939192,0.13563093050905675,4.577630969587802,3.7515943742187856,3.247279328526781,3.5314089654220484,2.396718661584414,1.083226841920214,-1.6341188051990692,0.9248712185413172,3.8482459600437378,-1.8868052049730348,0.33511177193157804,-0.08064034518690011,-0.1771459363463091,3.147228659460326,0.3367080710782203,2.006645192384027,1.297763543271435,0.575862979189587,-0.18799905987388105,0.7207786643311851,0.035760879379237956,0.8789033166973407,0.9012430603104777,1.0802502500177533,1.0471942390470328,0.7792276421613836,-0.8683164454263915,1.056499550714078,-0.8473855484759037
4.270079454203381,4.4891015552957825,4.522679845238056,4.023731270102612,3.872976133770742,3.4175607052171832,1.8325508382356603,2.349117600082386,-0.828233837562473,0.24959140830638638,-2.0943823550539276,-0.2616474682005142,-0.5311105215362938,-1.3743518356097586,1.2733770831155709,-0.9123679465414579,0.23875716126223206,2.6553584853591694,-0.32554948276302864,-1.7324516072003042,2.5463477420653096,1.0068017908808062,0.8825406314232863,-0.5093276313830452,0.6936854275280542,0.30689505066047756,1.3608199527189155,1.443145703900414,0.09721447431139403,1.8000908580489037,0.5093590068314807,1.3500438188662471,0.2803612826296263,-1.440062686754103
3.735535172066933,3.8330593608061285,0.8821853769109704,2.0814754372948223,3.099335106304538,2.1188576555923144,0.7646540867746882,-0.39857176104359004,-2.289117872228775,-0.6762684272541992,-0.1762684620017734,-0.42609237224388025,1.831166355352471,2.198780548132991,-1.5307802536134236,1.7703829479653286,1.2865174683568386,-0.19887215510460696,-0.1153413694982155,0.5995981785231974,3.115091632143842,0.4824772699305533,1.547847862707604,0.9371360491479569,0.13947323831758937,0.9430961700304182,1.5759226015693475,1.0231624277403006,0.806124079347799,1.4027564837005515,1.827250675265843,1.4156701599777066,-0.5083110144301147,-1.7183522105493445
2.0566749437773866,3.459563946481962,4.7730276420072535,1.4824585964158266,1.4740649687573615,0.3795541608830266,-2.7101931039855467,-1.044657081106222,0.980738417341084,0.6003583604679982,0.24807988480980558,-1.0373961267858827,1.452358891682439,5.489882288638289,5.028343382356229,0.4373593341362489,0.8379710806897356,0.28998632359767335,0.5219334105442378,1.4145578249113302,1.0463988445384733,-0.19760146342788917,1.7184895748207316,0.5972748776792915,-0.9259757503706971,1.2533488061590219,1.4244350565602184,0.5089475166223991,1.6695855138691178,1.620822095047106,1.535041074977772,0.47677460128866933,-1.2625540642827855,-1.199358489436721
1.8695683428146488,2.9877815032982333,4.366734260827842,0.7495876281415373,0.379084993268884,-1.9628607429435827,-1.569189229309033,-1.0842501643901288,-1.5081049647117586,-1.6519133120655856,0.2630305272776279,0.9605806742869472,-3.004833692113251,2.2796685584014384,2.361973723587326,-0.7875927675277874,-1.133285469946841,0.705677520102808,-0.5741038409711672,-0.2546052377192159,0.9961429828495476,0.07793182450986151,0.9901005722065037,0.7175704586676628,0.22473717310548721,0.3099586222191708,0.8575253385302044,1.0035849622056403,1.2357382207103123,1.952655182643213,0.6210249089139367,0.10196242823860449,-1.1264791069446443,-0.8775560916647391
3.079293697852153,2.6890412281832514,2.53734759708245,0.36962198060170703,-1.8546782082909024,-0.5413491116290288,2.186280705832961,1.325843652643568,-0.573657939715982,2.4067044047523316,-0.9385864937346814,-2.327746400684216,1.855470512398441,-0.40147209260774996,-1.7009905875466247,1.8819029441655912,1.3102000469306203,0.6700313683337769,1.0852354837515361,-0.42723808978800115,-0.8792884057439513,0.48245419765405034,0.6297867042083749,1.3616200351035332,0.7204632910139489,1.1621825352498096,-0.049450746405982786,-0.7272990556835955,1.7157150219313184,1.9085439135668825,0.8797439829497572,-0.34557412918916924,-0.7224738471087164,-1.0132417969981404
3.629069648823502,2.4017560473042776,1.7076326283023715,-0.5586312370874943,-2.4588269994921323,-4.421381039663304,-1.5883059493429317,-1.1441623843400792,0.5840972343447473,-1.8375226954680928,-3.248334801045609,0.6814351110724367,1.6914922687678104,0.3679277471694115,-1.963918405586194,-0.020784501569012504,1.1197889549209636,0.06221365007937118,-1.0694209267554113,1.2399609625513526,-0.2856221804253484,-1.1749380919674632,1.2345808854861537,1.1922393577880375,1.0902414889151761,1.0907858761759557,2.1841173340024986,1.4120999599551962,1.9923842887339396,1.301197636513835,0.7800854398125563,-0.5140874186606794,-0.7511114064710059,-0.8903657534019558
3.649988152249132,2.4720804964028513,1.6276042297554345,-1.2993351550468872,-0.46388574088735446,-0.9003583357209093,-1.0048867675796624,2.5052028621340745,-1.4492267963404541,-0.10572057584129906,0.5801039551039603,-1.9704750767072696,1.9118787880551211,0.09876002033790345,0.996453772045511,-1.288459518303192,1.5520325778748192,0.9898630548150552,-0.17841280871945064,-0.606610709590361,0.8873189411788426,0.7592086725612814,-0.7944789510808183,1.2551930167319663,0.5734576042036649,0.9306625289056025,0.8072934930957466,1.2584554509440389,0.8263857106123307,1.1140027561718957,1.722914074186057,-0.022649269859802854,-0.9520100881505978,-0.5869652281458643
3.5303013267144423,2.158029618458273,1.3015593073395622,-1.099211207074164,-1.015919674643762,-0.6930795418320224,-0.5026448311106313,1.0963342463377668,-0.25486100947136464,0.6553551469472139,0.8330062330437842,-0.12991404633025594,-1.4095428756448514,1.2482685215810467,1.6999567930507011,-2.2303824763827604,2.42088205530047,-0.852600544517225,0.38713329470545055,1.0520971801379875,0.8280952705407064,1.4142235553965021,0.9876730222811694,1.249050488371734,-0.557294580107395,0.4419876769998974,1.4011010001666444,1.623459867772734,0.8241971879754939,1.2115945345961754,1.3860641100929973,0.30679731345571537,-1.2277168833383436,-0.3106451248561074
2.617734814528261,2.078802699069074,1.0940939971372514,-0.7730741004752245,-0.593741792440377,-1.7243786297165589,-1.6900604565378918,0.03775889373194664,0.3644577191057552,-1.3716840765195284,1.8084621258205544,1.2492910552010257,0.9668335730765436,1.601600879206491,0.826449087164944,-0.2614120196259991,-1.0755478255200321,-0.868651749541565,0.0018660806344271252,-0.47082508049671373,1.3073141329078555,0.9201876827547396,-0.13648470676771118,0.37857980533181385,-0.3091574356048102,0.586130901017739,0.5279676478238134,0.7734436865505522,0.9249829641606144,1.5208687959065221,1.1715360911970727,0.3428029970291708,-1.1363622942944238,-0.09394283712569848
2.0178027474333864,1.3834463110608248,0.7560186871322723,-0.8859095252269776,0.5623019562417708,0.9313376649458192,-2.7568735155473862,-0.8725820318776958,-2.4757806115945344,1.6722658736534821,2.704371590952889,1.0357178280080896,-0.24323896787981533,0.9971760260212823,0.5392390437474657,0.18363967404246848,-1.7728400216180982,-0.042740621433556655,0.09987394869957353,-0.7145090594279548,-0.7381859334412124,1.0834446246220117,0.46503277280700644,-0.3534133094491279,0.4417832024654883,0.0739552847565985,0.7918966413460263,0.21275774069209727,0.7168797771084239,1.5967810042665926,1.5855196158037608,0.8606850681109077,-0.4562601978975903,-0.6198152929122618
1.3802502729203963,0.8573489958981457,-0.26763844018083066,-1.1612487529785531,-0.03482851722388172,-0.19788242531713696,1.2187374709100414,0.27072918125905193,-0.44949309860552505,1.285037507816305,0.6938063152723176,0.0473074357270605,0.3249665891983449,-0.4942924212419764,0.9728124353266514,-1.6284564807447932,0.9960324443360236,0.21698141787027503,0.8666897380712445,-0.43461725273477075,-0.11187474916279408,-2.309090477080294,-0.364041118081158,-0.45940874136353976,-0.44513897298830557,0.31509515756602463,-0.04927870273864657,-0.31411630461588347,0.1117440161067168,0.23736341764472088,1.115973445200567,0.5242735122047822,-0.10362556627362456,-0.6735872515599081
0.32498915654973365,0.9846377421801782,-0.7840263592730113,-1.184312296112095,0.13251490078972217,-0.878736578499616,1.6911129154503683,0.25246867814469764,-0.40487234051875165,0.6342059415599958,-0.412552681684266,1.288020026396364,-1.3441825536132856,0.8519232322612952,0.4850661312413052,-0.7849175823154663,-0.20410372613961325,-0.02121646654928415,0.3162410320859226,-0.4292415893150804,-0.42266740574015715,-0.7505992566885766,-1.6115325621608176,-0.6352188757591717,0.7975546316572981,0.007095226104524213,0.3964111787212478,0.09532784300773532,0.21325322201730237,0.40115759848643073,0.20022335666639382,0.638123778385462,0.5227761803728439,-0.35349153108600717
0.23465274091942365,0.6446839743377649,-0.4874480596412674,-0.8975047166054891,-0.3294680930126253,-0.8386101874432546,-1.2969456050142136,1.878862971984877,-3.393596706895524,0.27476413025496543,-1.535546943313855,-0.004156889404020836,0.8920256821979549,-0.24143164430229244,0.29200844254740244,-0.9225029410881423,-0.9173901559554613,0.04640213428675171,-0.2153207286048114,-0.8230903653344304,-0.1797728991986986,-0.5265361041326492,-1.0362719803773282,-0.959371793293631,-0.9843691300132926,-0.011435818680521606,-0.11408094139813245,0.0021181302508485036,0.1510061194659334,0.38758636942358626,0.02699441319829538,0.27079116037949735,1.963547356696142,-0.4284071080300369
0.6707635075098959,0.30032713444711207,-0.5915927694512128,-0.9608599909730423,-0.3933424288737688,0.6857852454542487,-0.8255552686272379,-0.8554771015043309,-0.1454039746524511,0.5492848481875761,2.6066269509789004,2.5640250481492357,0.16577905900811427,1.273653657876237,1.2149920784794361,-0.13635182321343,-1.1973761907322575,-1.020462073667227,-0.33022775441952434,-0.6070877746539005,-1.2892168188076902,-0.1233794157320194,-1.5515914000651096,-0.7055150276223467,-0.2995339113676282,-0.7947048264224865,-0.43659716459774667,-0.3953351211713612,-0.04734823538553597,0.20461106018588351,0.27708534769720483,0.15595348623711042,0.6642608650389981,-0.24291042633230256
0.5539191391015337,-1.1253580889101003,-0.5196094194244549,-0.7995483884404067,-0.4979645402107397,1.4034907564812285,-1.5944065449894531,-0.43044065942123527,-0.6930943194691928,-4.363532771691776,-0.5355044528413766,-1.892882074162056,2.397976014932233,-1.0965446387068611,-0.11568357907039499,-0.5741571244884031,-1.1681301844817538,-1.2917006495483951,-1.3757217500298589,-1.1063177684355037,-0.6747430559747072,-1.089839134407004,-2.1366568856998804,-1.955444618241888,-0.6882227057903668,-0.9184162174186359,-0.9128603916141073,-0.9086247326572319,-0.06453455306353585,0.09566639933860026,0.5172433668404725,0.5195656043060245,1.297683864034996,0.6158796370842393
-0.24895096236424047,-1.1783793241686291,-0.5750658040793968,-0.8877513579896774,-1.3609381505354454,0.9493989971449053,-0.6163831671186263,-3.5338428569392666,-3.067451726527158,-0.15614634906477542,1.297282312994057,-1.4066674887422255,0.7732302910518706,0.47892657205756406,-1.2551216565003591,-2.3295453661120145,-1.2325034032488682,-2.2991269814364617,-1.3070861881308862,-1.6383938114630743,-1.37502802375364,-2.4222118016409895,-2.758214621395265,-1.4422778603443167,-2.2298886558195488,-1.538669393793976,-2.2978109717694952,-0.5657843916257668,-0.212645144435603,0.5103142625789535,0.5125992999626716,0.7041022112956339,2.0895056910731316,2.714335065871881
