script/wind50m.json
{"header": {"parameterCategory": 2, "parameterNumber": 3, "lo1": 6.000198445256149, "la1": 58.999992894266676, "dx": 0.5, "dy": 0.25, "nx": 22, "ny": 24, "refTime": "2024-03-09T23:00:00.000Z"}, "data":
[rows 0 to 23 of 24, columns 0 to 21 of 22]
0.8590340157485677,0.48992740292200354,-1.510052044719671,-2.9041067537985708,-2.69324772882173,-1.9484087232659661,-0.3823506687184812,0.7032484874270285,0.3387486706510472,-1.0713211971740213,-4.533294686306501,-1.0768511751370873,-0.9585501514334936,-0.40366204728210564,-0.14738662270048397,0.6246202135497319,0.6775227321800761,-1.5548174428168668,-1.581250810798146,-4.873526055269413,-5.1711627452158115,-4.621318815793663
0.3334204805026803,1.1717983663836347,-0.563239032448796,-1.7006811803562873,-0.874223244705163,-2.9362980019639124,-1.3077092802475367,-1.0968562243120166,-3.6920911459494166,-4.571182900776657,0.6551010276699776,-0.4597286054853143,-1.2655714834979817,0.4437538484486315,-1.2354672700756868,1.0786851865230427,-1.385091262803957,1.094974490262743,0.7041237823153305,-1.5995234513020162,-0.5424164272800126,-2.8490376151274632
1.3132949049043663,0.9030395349289633,-0.673517444821205,-1.2680315011655194,-0.38194645244377234,0.5198127940752094,0.20588921611966232,0.13583907120763636,-0.6473998664420455,-0.3170255438716714,-0.684110510203976,-1.915336567614988,-0.44527109515719077,0.9886116679281495,-1.4502871560627946,0.7062619494932717,-1.7278556684994448,1.100683919095648,-0.155765949272852,-1.3759532940839108,-1.7272417251608068,-5.999363917108644
1.5900789586597224,1.5336132210714135,-0.8523556546921328,-0.5699649560697851,1.7995298161940887,1.26472525870349,-3.711792635936684,-1.6663116087088117,-4.860384743741145,-4.412628345965715,-3.451602141998096,0.21326679025132217,0.09729975050352808,0.2624475031399328,-0.9160194694068784,0.810386897149406,-2.2031088388733444,1.202062578737998,-1.142130616629777,-5.170185117688336,-1.1424542096393364,-1.039858259994143
1.1147071222533502,0.8829478115725679,-1.2016197928645995,1.8078181398719857,1.938521917464293,-1.5421246940450688,-2.07054400865475,-0.7662414381611999,-1.0750116681918391,-1.1637473243955863,-0.4958238524409489,0.5352026552738185,0.7029476514080152,-1.9243506842006997,0.12227045855473488,0.6174121764929478,0.11663404442750291,1.0990069761791699,-1.4081576809520004,-1.9791952235490924,-1.311665612356276,-2.634812574999428
0.41421949311487327,-1.0918782240967597,-1.1400519674077807,2.2097425359934064,-0.34855155913407276,-2.2988310591825725,0.033747344769534275,0.6102257901776355,-6.10778060772735,-3.554104322976292,-4.389137607210123,-1.8393848145183245,-0.710664744285587,0.24274113284971416,0.5041068392029396,0.3868452071780358,-0.3235774875374501,0.09548848563280235,0.5296632184456044,0.05927375953975446,-7.5065505451014705,-1.1451912674373848
0.9503587599554456,0.9427877319481216,-1.2879535437271352,1.579333981556297,-2.740596971845704,0.34169764875003955,-0.028586633882099383,-1.2671540140817448,-1.5599697445242597,0.07143074732711815,-2.4355041315615087,1.2390104329579543,1.6879298003555048,-1.467004626475783,0.4338318125561468,0.0922606077544095,0.24877438079997144,-2.111752161823032,0.30650301320695295,-2.0067638234472724,-1.3557968742963438,-4.539132443948583
0.8961278111909985,2.0121066027313996,-1.7493156616109486,0.009160377735002981,-0.9938216191839535,1.1439282789638237,-1.4756300742332102,-0.7663255705616385,-6.276254948869305,-2.3121009520316105,-0.49734898929957105,-1.2429745980471056,-0.4296008012509621,0.17060680284177027,1.7441201532157886,0.36526776748277306,0.5785468221820989,0.22307534344538768,-0.6051581448996638,-2.09066250291165,-0.5823170343244467,-3.225180657221501
1.5407466225363262,1.0691205454672406,-1.5163686323757637,-1.462403050437552,1.3414706330228012,-2.1801309335328325,0.12031314100145613,-3.2656783159919334,-1.6512570989462778,-0.39839319686032226,-4.184515115905642,0.11007706635924645,0.22489992984442142,1.342360188279689,1.8417995431051741,0.7514864709590461,1.1351972103643646,0.7060633874827802,-1.2838583625130713,-0.7050818864761451,-4.293321958514201,-4.692434623257642
1.3746100246237563,-1.080243646456678,-1.8602796648357272,-1.0138175394133178,1.2314002255647647,-2.9063068527753946,-0.5507805090019233,-1.420198594879489,-1.1616027387628614,-1.6063186228954127,0.5502834179043354,-1.9497460788173022,-0.6215480633649855,0.8766913171571369,0.16439863297354987,0.6041670053749967,0.9109643177242444,1.1339354072884078,-1.1108770393081084,-1.9141494263373529,-0.5030819154439319,-3.308480700559804
1.4066733717822975,-1.4564047211489468,-2.130419048801182,-1.8080867109532393,1.0064125676927491,0.9735370142075238,-1.293856043349472,-0.44841186354194423,-1.6106978539558365,-4.465615163561858,-0.6827317176508866,1.1374309402863392,-2.2607774112066052,0.37640174481203836,0.4194498825004302,0.18347218401925464,-0.32578922108113767,1.0958662020977563,0.9774337999693882,-1.9981541332293355,-2.667737604574571,-3.106664767303277
0.6711564216414884,-0.5618404955105807,-2.247338025649776,-2.5285569458340826,-2.207975859702865,0.9344583901352461,0.5833293956369409,-2.8911988733794307,-1.3290264729983716,-0.8795939800415241,-3.2425667184329177,-0.07390529432332034,1.116730374830428,-2.0139730008848704,0.03751526211160015,0.4042760431591434,0.31895905970833366,1.0282810493786043,-1.1896389571994312,0.8965040190688894,-2.360050379903724,-4.236047559464371
0.370107487474107,-1.2406485856833023,-2.6635462876184968,-1.2247678269859077,-1.7585946776766117,-1.3258200396680682,-1.4990049873152527,1.0023069667965467,-1.8274696784206756,-3.368223559147766,0.48256991884531314,-1.8737520084214134,-0.7335908954857627,0.5564939282715287,0.3035671164441156,1.1132108319985994,-1.2818187934661156,-2.0341356137275395,-0.6306154991938774,-2.142419177363009,-0.8032260158743492,-3.2928524243277755
0.22819653898726094,-1.5565643626414565,-1.6977319979989445,0.7835244828047849,-0.3602723632499738,-1.7468633054398777,-2.1717161039332624,-2.972293002175852,-1.5443373834810619,-1.2922341017680625,-0.7869775042920816,1.0531295000443115,-0.8100523467163264,-1.1403042402678056,0.8418802608182462,0.5504294487144437,0.16947393687876464,-1.5662221355710335,-1.7446353072631708,-5.078595964289874,-6.278690386292182,-3.943501146138541
0.9179917205136943,-1.4971852082529276,-1.7867596326210347,1.8924937895776348,1.3103609788906756,1.3010135845004374,1.385809063057409,-0.7942999710514668,-2.239155663660964,-3.7467321474211692,-3.316338730756773,-1.3507343279549988,-1.0541956898629705,-0.2946043740360861,0.48690877696339274,-0.04071862662015945,-1.7895580920107328,0.21883195106263642,0.6455727747420732,1.1070964536197694,-0.17869555840535706,-0.43944561885880656
1.2425370692169295,-1.220868304187253,-2.2141759714075033,1.4353734476066051,1.1828562857911917,0.47404713616502486,-2.595990945150955,-3.302980146189754,-2.082126222935439,0.44350449188978097,-0.11349768525525349,-0.7807208395271208,1.6870052207687016,0.3475258499425573,0.20128339353637992,0.9207118228822501,-0.21789301185129806,1.0798724658981618,-1.7661548552443826,-1.8220855892703134,-3.1940335387482697,-5.385077840085451
0.35180960773134934,-1.3508533060096648,-1.2915653283935151,-0.688064779237333,-2.227571157039518,-2.1300715478890457,-3.3057388116066684,-1.992630666496796,-0.19132707777593178,-2.059292310185386,-3.523216698904077,-2.0065835296297045,-0.7124482233672293,1.5283194330112175,-1.6586690397583566,0.9893112936520745,-0.5066783418060626,0.17370056154022753,-0.5847842300512315,-2.544167781313183,-1.6388852715995463,-0.5358742302663976
0.4023524845459166,-0.6885956395605125,-1.1280562412026143,-1.127361083575756,-0.9536428467314539,0.6703010858875169,-0.8923225346409632,-0.8967941606196723,-2.6453571657204202,-2.5475650838131485,0.9720995191627472,1.0430752594827843,-0.5145915916009548,0.9670031339268422,-1.4554152988586884,0.49810443310574326,0.17963381484179336,0.1884698856884082,-1.3735659392583972,-1.9754570672971905,-1.3707594337975584,-6.159499015042737
0.02448771112007486,-0.8180100858588486,2.3235009101376005,-1.8127244856037912,1.0806990437432942,1.0880199501000984,-3.5975253803721934,-1.0919385858126471,-0.7992938704688748,-1.0591731035759924,-0.08953837554427131,-0.19978311108655544,-0.2764836079964406,-0.9305194490656276,-0.39125398691880664,-0.25650957009630027,0.32797014867055313,-2.0645980276715385,0.56974362237083,-1.6794564474939842,-7.423642234919283,-1.297442960053746
1.2191244212188455,-0.7710051165350466,1.4020667850162742,-2.0379588105137687,1.514820309280479,-1.2544364037283202,-1.3707779469562145,-0.991350299063917,-3.7706236689905586,-4.597453516552781,-2.098352374110442,-2.1048586913939173,-0.9995487260395706,-1.816814366730773,-0.22003652859164635,1.3084239897651977,0.20363849651672147,-1.2287976912692256,-0.14351472825246553,-4.779155148011413,0.0022878047186197254,-3.606764077564389
0.8095523574351788,-0.89332771350016,1.4235212685115388,-1.2689863366597234,-0.03571803710852322,-2.239765208773571,0.6218317260934763,-3.062573692246888,-1.5384490120048524,0.6817580179303777,1.1720057158688182,1.280261904044908,1.4975104464703626,1.1136743331863996,0.5946049453919283,0.31243261403990435,0.42806628889164783,0.9489504268393049,-0.8793085516634079,1.4155738373703781,-4.003484148029137,-0.8786659353732175
1.3446920398090545,-1.1526912368297788,0.7496767242288516,0.325632587319309,-2.0066674106858673,1.331534671696426,-2.677995383299478,-2.4489935353352332,-0.937881967907391,-3.8901274676118267,0.1604067689196696,-0.743308759178296,-0.6894474972489428,-0.7968238650989901,0.6726623374617885,-0.37989362444298463,0.41228136369337864,0.7185729310192785,-1.199648006394262,-1.1254755784004098,-1.4243695178199975,-4.317698058468253
0.7940725710032432,-1.323558359659298,-1.4983953842808155,1.2869556785315521,-0.5142682561989241,-0.8474117732294918,-3.021436786277902,-1.0863335423303615,-1.7430805469665631,0.6183094398407801,-2.4049836433820855,0.1942006208901971,-0.1455429760371849,-1.4513088559391336,0.45092129651521334,-1.5499508866593765,0.6618984604633724,1.7714390831484355,0.6158917569813841,-4.838120478458652,-1.092036529555417,-0.018441812462947023
1.3909479332320025,-1.489556590618872,-1.5801471626958317,-0.079532946962921,1.349829738139632,-1.9490546915135678,0.24421063195273363,-1.1681961507707976,-1.5684928635095776,-2.0026004445868284,-1.6240325175316694,-2.0190277040914206,0.298552270852875,1.502035472304356,0.26401284469381703,0.33163443606707094,-0.17255173281117228,-0.9238212880997506,-0.5538397157147911,-1.609192677212045,-6.398918929470789,-4.23232718903423
