script/wind100m.json
{"header": {"parameterCategory": 2, "parameterNumber": 3, "lo1": 3.000054539987559, "la1": 64.9999836372058, "dx": 0.5, "dy": 0.25, "nx": 34, "ny": 52, "refTime": "2026-01-18T21:00:00.000Z"}, "data":
[rows 0 to 25 of 52, columns 0 to 33 of 34]
4.351699852474721,3.29455429712909,2.0569920937458606,1.6271532049862065,1.2066030042805607,1.0430551010396716,1.16946335644238,0.9906882703231927,1.5315605849932408,1.7031706481615785,1.8223426386456012,2.504768110914893,2.7792935024268806,3.209860892256264,4.305047463763585,3.0351317408660914,3.459806429107255,3.2089295535858295,6.58448911780294,10.971954704120753,3.149026069919936,-0.20402771247936716,1.3108653103040808,5.866118207486784,2.525561419156902,-2.0097623239586055,0.9987079713573098,3.8737121590911756,1.4456438421523372,-0.09126639512430497,0.23382394410078067,0.47626358810886515,0.5451433532404754,-0.6954940155394069
3.9795043750946726,3.1045304737521477,1.670872284945565,1.0423909443607307,1.1006780594131096,1.7370016260773422,1.2634836776963922,0.8719165537895063,2.3992459390143677,1.8610860685924555,1.936269136406454,2.3405115865357566,2.543090608283794,2.5687641446361087,3.8994160176081687,3.682205997543576,3.9978219819697105,2.3928708468817717,11.419887508336942,1.5306465564336338,3.993222959661287,2.6931276323361444,-1.649808427791663,4.382144634284985,-0.5700068898736238,0.589616049767334,0.02705633097859677,0.5673938070658378,5.003474087389597,2.1466119320659725,-0.4308135019140805,0.4090449984127463,-0.05752920902087359,0.22663130861821565
4.819137142425586,3.750372823944544,2.5417316446931606,2.124661774372852,2.3506240362437283,1.9297214995837253,1.758808220419224,1.7421605306343726,1.928846309799951,2.2239256732188735,2.1893796533934013,2.225124569224887,2.0763039734289883,2.1500705249920165,2.6263629413662253,2.7211045383176558,6.205922545577702,3.719231424013297,-5.913056621808351,1.7795586173848057,-1.4430442631086116,2.1614821124452437,3.2032351923221936,3.68846619295026,3.155102691030509,0.3466197132206305,2.4613686142720574,2.6066240252481037,3.7275689157134106,4.480986526261811,5.170453903818551,1.462771208872087,0.1684714481810605,-0.40181838544522097
5.024380528885824,4.103238789969255,3.2556296563140754,2.3574749097422716,2.156744539635763,1.813893655217834,1.6665676414101727,1.4101328010029752,1.615322602594399,2.0896170104991936,2.0661695456785845,2.4537786766252148,2.2087898044123793,1.2208877119394939,2.970820200597151,7.5996662890513065,1.4460308606463166,5.376422621015932,5.533645939786054,3.0521363936902737,9.589865076280732,5.4805526973226675,6.077100480086103,0.8838065588373306,0.5026339298253598,2.683492943598286,1.967883026077523,2.730363956380452,4.4622854275178305,3.547573820418383,2.4839301765269624,2.6845099175370173,1.0998651279899523,-0.3097804717811849
4.940263918538703,4.020438702450407,3.541802753476219,2.6017019129861576,1.387557696768474,0.8896222955680617,0.5133263081143854,0.8496382805505743,1.1086988584922326,1.0784951029899295,1.8175820914233696,2.337241079847528,2.5161682864369395,2.515523623475322,5.794261151748453,9.777278022829677,2.8302997580325635,-0.4096125387273251,0.14416658501567653,4.682520979202524,7.820084609202034,4.8879909429393305,1.6168643317854172,1.9323302244429554,1.715482426226168,3.1352219714155525,4.538197810839434,3.7350379535220886,3.842784935020472,4.188968241715873,4.088437201345196,4.017769090547931,2.011550114489563,0.6088002104726715
4.267478408777316,3.688599921339029,3.2085175068988128,2.5523712371769496,1.801805383352156,0.5161629703311263,0.3001412584976613,0.42134902466359153,0.021735918581147966,0.15086868689113495,0.24966144326291204,1.5999781911942166,2.9460836495114853,4.9346574918221355,0.41340987428561937,-1.2255011615825484,-3.9864193986793124,0.8677622733432889,8.19240121184724,6.344368539343498,3.346214646970536,0.9596363560659372,0.369153881252456,0.4198081857257638,1.6608468404807455,1.5838807464170237,3.5643723340208475,3.734534703659426,1.9512915673321094,3.955946581116953,4.552745559689848,2.78008212199667,2.902124674558075,2.289392838071301
3.7566589613823376,3.993269062892709,3.367822273928997,2.8810310811050304,2.119795171754009,1.3689199898389939,0.3042068474559352,-0.6273874716431911,-0.8298082948437927,-0.22735598423885395,1.086861369413137,2.5713815876020156,0.41152656251234077,4.6803650007268,0.3019263127131427,-3.6567949511013134,1.6123080398763676,8.56606641665074,8.333048814963455,4.526591796867811,1.4628974492564155,-0.37435348360232784,0.4706532464210163,4.3304581388411485,6.994574276871848,4.692406198279508,4.680406563411822,4.23513210285674,3.090944401164465,3.3254087543992767,2.8235251997103905,2.73700627895154,2.4316176205434634,2.3126860878816893
4.664712083805099,4.072458224655338,3.779828605436457,3.2139014106678023,2.387982545412283,0.9771950878209196,0.11218047788023382,-0.39875552346126825,-0.8103692575021457,-0.31560868083827825,0.8364754735240229,3.4069567843731905,-0.6266091396185742,2.019998988279176,2.331253250071689,3.668303154406308,2.186737552533049,8.92500102372793,9.469232711914108,-1.1411453958458473,4.385372781163579,0.42125853636156196,-0.8390166597083271,3.671454123053191,3.6914594235245843,4.272961540544968,4.787644369435125,6.82413430937435,2.497790565011828,1.978448604169055,4.352157414035056,2.712276449577107,2.7125060378371346,3.3809110773003783
4.119073261488555,4.2928932830816535,4.161460551630078,3.255091968641561,2.1907799840352697,0.8875877231880945,-0.3042956151878472,-0.3045372487374105,-0.16960261816411606,1.1740898752192424,3.5414184130178397,-1.909064233914649,0.48757316047484217,7.057952081553796,15.741744279258153,2.2365135284257964,7.413524272558934,14.863041519589084,6.877960919346453,8.368861763654172,12.813191332628802,7.459300694667591,6.987019342830477,6.631491704052699,7.777517335236194,6.417658507688505,4.8870032843822955,3.4981903107900827,2.822086622096695,2.572405531134332,2.5255590349508092,4.330257792390747,4.1587979992513056,4.232702009505324
7.5892871496056795,5.23954004669482,3.8459112996163896,2.7334384971145944,1.3834400014253454,0.20781534383257494,-0.5910601022117961,0.48784183501878076,3.3383596301000846,-3.4970831452374065,-2.635244880796131,6.482520696738168,6.126363786986629,9.115732230237507,9.416727321548734,16.467635834015308,6.447604410119534,7.337705836359676,4.676712932915966,3.271568451986095,6.93066940498738,1.6660357214053525,1.5274172994092938,7.899226669061617,4.965576047816784,5.800092034368762,5.9262362259676955,4.379543813804542,3.800040940507502,2.337425564609026,2.3948328569130948,4.021664843362741,4.211304427765765,4.2230280156066335
8.948988065871564,7.232771691719633,3.5364807928435034,1.8626059171754419,0.38031409612500655,-0.9138029842618998,0.5745402994685531,-0.1270683761482983,4.8098357906513085,1.9801625740667839,12.78978929891435,9.625944589489851,8.479560994308008,3.923497034783342,14.042763617509912,7.478901145473053,5.975886241272427,4.206302590426141,3.8983627816177187,2.418884547465547,2.644906939616436,1.2674536795739881,5.053008602641949,3.693588652021708,5.291227072017235,-0.022120203758213247,-0.12321717410269592,4.782766778119247,2.0044605927952555,2.5758822994461674,4.450865529178818,4.7573851072579325,5.207102161361444,4.928477995969313
9.679118345997216,7.554795176848634,4.498400330298416,1.5854892560743588,-0.3770857442186201,-0.7820713279466563,0.3482862261299641,0.35563006613001963,-0.5136481201390154,13.021267719227627,2.618098330345525,6.8178611034697925,9.29477490133715,-0.21864850996972954,6.273190326361688,7.463879291642586,9.508413190240965,9.609691709748779,4.6939283168505455,7.80623915554367,6.76688697947058,2.5473881153794076,3.015863865936788,6.199426353452696,3.642164476526261,3.2625603704189334,3.699600528872059,3.3614960960425937,2.339440250565885,3.7738612760753196,4.661516602292963,5.208711364533417,5.336266488253423,5.469348089260925
10.44056652832274,8.344149056952116,5.482741891827061,2.938361776513253,1.2720233486211436,-0.6365812392886753,0.6181659869551885,-0.13055700659971542,6.9728610900189505,0.7161935081208473,2.533957419024891,9.351354016165617,8.92961058690518,11.9903570164337,10.937306475349281,11.567493734076509,6.854787225211912,1.1125441848034847,2.92936662656552,2.427767827615903,4.382476384900161,4.8562681403909576,4.385351568411821,4.048176738311079,5.65361362123996,3.3981903623490908,0.7793027303773203,2.6670750499771154,1.3086972085688071,3.1838799814039915,4.87992438047845,4.7014329409815945,5.002714669632194,5.692564374698309
11.481647914398616,8.473797679366195,6.206712058216915,4.164418075862155,2.5349413793990316,7.722483757128148,5.734139957513611,-2.1238760022858076,16.95443752512254,10.499064458165865,10.796574265481883,6.641424020312996,3.8015661717813134,3.5111468631535345,5.341435470643673,1.194463103317699,6.680800739909237,2.438749089511873,4.839412356319555,3.281429467426226,2.2524678470149593,5.446745968944331,4.140865316577184,5.357131406193836,3.3012834849715906,5.970182583920689,1.8235790546775124,1.7118343455699943,4.82236731541465,4.783644064002907,4.894946609330757,5.062998405147044,5.435089497316707,5.3118069463055
13.238225870866403,10.348670781368318,6.843506171338734,4.2262941669470395,2.1893173812693263,-0.26152649827927044,-0.15892969087927153,12.049933289703375,3.33991160052472,-1.4168433503310531,2.4748720662164945,2.232580638211318,5.425512976307824,6.838422783593504,6.689502979384766,5.417109672867321,5.5330892361442885,4.666907978492145,3.5970030012948064,2.7295453358824675,3.122504064756948,3.538102880133085,3.927606481634169,3.6867124538824543,4.221703945933734,4.452543426458464,2.6475051945791517,4.577769021345444,4.748552956381582,5.678446592362131,6.34203930243378,6.190936679843325,5.048150950711853,4.834948582349097
12.700366653973921,13.230189509386422,8.516992880956998,4.749112670902571,2.2834151853921187,0.43268364231944956,3.4255674574072144,3.680432357069143,0.06968602743272745,-4.412230332042472,4.367740548021872,5.634845537772679,2.970913813179341,3.707538974868711,1.507979692516273,3.5766558092706497,5.415813711505671,2.0487991630328297,2.2073033483802065,2.1576148205165904,4.439429914320467,3.5927403926725927,-0.12747899528849804,2.9637588867950337,2.7452006447093638,3.2650713983276423,3.161154855467325,2.5006710394767713,4.783518435152119,6.185369400671038,5.437118674345784,5.990181851314103,5.721424024798627,5.492458598729249
13.500409662215223,12.625883995207806,11.101286254445299,6.091568877425513,2.1007017394805496,2.849937241739108,7.397025239617602,12.936954113374272,4.624863054256675,15.820717662911102,10.514359434822456,4.624060686134037,2.518721897835417,0.24270846748433367,-0.5079106551635656,0.9564418633542685,2.2713317323964666,1.9357448863245184,2.584895629362102,1.2159476024091667,2.259056715209423,2.938365584716132,3.1646425837061467,0.8978410930623734,3.598618830149162,2.7153074201550433,3.545552562250518,3.749854438570467,4.577763213695406,6.4677136099353625,6.520596139086201,6.100617087056204,5.548168208836714,5.614261301587743
14.308145277679756,13.483087782508811,10.604436644051,7.14690375263364,3.3631295381216657,4.035748601459929,6.930151038977306,1.5875244614335693,8.93650272223532,8.645769555060248,4.443222072166095,1.4275782125078085,1.6077530314999247,1.4518159117685803,2.1727484383583944,1.1022758093944351,0.009285422357319014,0.998371214607535,2.8853535599690736,2.530521658036105,3.091391697592089,2.149852772509656,3.06544904464844,3.6450264885095858,3.332276102538722,3.4200178145376983,2.896072866660083,3.6639613433374323,4.075080506014925,5.516405463010742,6.543925374685978,7.139846652866578,6.830393763042964,6.548752340905825
14.773942481370838,14.663927822247443,11.647841269619349,6.538525311417889,2.4825988972194835,-0.6223901958806701,2.6238095600877758,3.2592460536464785,1.8304186963355196,0.7688159025556236,-2.698238640342549,1.306709240853566,2.846969432749085,1.6896398522226168,0.3992699142544029,0.7054030741127596,2.079564297736822,3.1115272012423674,2.4979725817373475,2.434804362677091,2.9981262616080944,2.8105733079453845,3.306696953827806,3.206802909775859,3.0257764283395123,3.6444055317389723,4.147155107596407,3.2948509946235665,4.167241009594299,4.216798597684444,4.845023519774344,5.920538841372988,7.088793593553937,6.94206485889148
14.9070591510958,15.506074676741976,14.250390222202167,5.267211860817301,0.6708216895104911,-1.4615917494579933,-0.18356290795200803,7.226801448377326,9.476585176479668,4.175236744657947,2.9248181464066696,4.554150744200225,2.129087949043924,4.103993202622258,-1.126670772304612,2.5776492100936665,1.3172709328865646,1.5014175274299215,2.432877399795554,2.239903211433194,2.776319899237171,2.5825785195244118,3.432744608220049,3.4870983590279327,3.0672850757481167,4.052622606896742,4.192721780337364,4.212924398846351,4.381009345906902,4.832776781771812,4.6461489027843275,4.930399775083726,6.284710617413173,5.462647101326536
14.960458634637122,15.85028062761492,15.403250339301799,7.6228585414325325,1.4347904338699882,-1.6480829918296336,1.9262238592896783,3.738620560552918,11.943714273758376,5.454494198411331,5.527054776111383,2.903886412699105,0.4877920193892352,-1.0577104206263324,-2.168536943576228,-0.11634358415302458,-0.12244386200578544,2.076226473223991,1.625166696211244,1.4232920932186814,2.3861678214699515,2.7039523142934616,2.652258713342112,3.136415671651243,3.7756637083642106,4.252195465507814,3.781371244246177,4.395518764209849,4.830617440553452,5.312112821651958,4.661954896539854,4.413165347520234,4.816326528798192,6.664130580210113
14.43668820932976,15.208048416655677,16.81630792538362,10.685501530013129,3.0010526660242784,-0.021203490024506364,0.5779432581777917,2.593990735493038,2.5511661854428906,1.7810819255213073,1.6459682856901192,1.8405105724038133,3.4035304040424865,-0.9186075925666816,-0.3098630463574435,-0.8885927105519063,-0.28709312102082146,0.8164375109624836,1.3620021022784423,2.4339987580248126,1.752175998690579,2.7271827779832196,1.9918695230478096,1.8531435736426076,2.9112468879698095,2.975386644265118,3.7144119430329816,5.154818980767962,5.079338786148245,5.15560358551719,3.9368712502787617,4.413436109453695,5.461291646611982,7.603249647671993
13.744380764308373,14.367361360711238,14.65612617239555,13.30134360519428,5.3577828652185895,-1.68104879676396,5.611887245127761,-2.0465708949721866,2.262982590445056,3.6255456484557866,1.2144396415070988,1.9545448946485016,-2.042103410673562,-1.2252850238843551,-1.6773799456914777,-1.8669985003705787,0.06121327057955396,1.3604457351440213,1.7466989434063784,1.1495954014489886,1.00682134226561,1.454173964695958,1.269338697443952,1.6057431607287949,2.2427164164226263,3.658105338627534,3.679237456916641,5.056846213098395,5.107357613834143,5.481835375431806,5.094639694049648,5.356954465081367,6.979107757058218,7.653740248989854
13.058684135556385,13.751890169340124,13.683874552446392,13.310454433116991,9.83493866837965,1.3222474880898518,2.864685202175605,7.658604534878459,2.9982320017550124,-0.11659531239607254,-0.9804487771336603,0.6214791434636527,1.6333988907539363,-0.3559829645564427,-1.6480139005796908,-1.0606661873411798,-0.6037806834335357,1.239723191019627,1.4225878569330799,1.4340735083880043,0.9135635918113397,1.3028238656845075,1.8016077618624176,2.2267043734305356,2.2272656396100037,3.403510011568838,3.079541281937843,4.828552680527571,4.624676052984237,4.734093093432121,4.660176994456022,5.857799937491168,7.421829963961322,7.929130081532336
12.813483791578143,12.354289413648825,14.028345712503096,12.323442232128492,10.006970068912219,4.736056662170298,-0.20727474920884698,12.530315272918589,2.0063606356537593,0.10734979444166552,-0.3785462550253664,-1.6806699506606082,-2.523942785337381,-1.559979942876678,-2.58311325043668,-0.9448466662470526,-0.4581800976527634,1.206306640111835,1.234082883665566,1.2618585905569253,1.4433866558556991,3.2505806838766156,2.245199922349307,2.6765367753549447,3.256644740137878,4.622880376551633,4.4505712819591805,5.316388382873726,4.839323961729424,5.235121527240881,5.57695752217418,6.935509315031639,7.432945067278196,8.289743625312703
11.944662907610041,11.988117260236871,11.601352125247704,12.942591969693591,11.155401173803195,5.828338212356617,5.155987579050024,1.275886531089889,0.789043301906207,-1.033822798807313,-0.8263591488139924,-2.8488796435659,-1.9269121971554417,-0.9065714845016855,0.07931051881902772,0.8381329404935839,0.956129987829161,0.9083369525297799,0.8576493364751038,0.8430720304328345,1.4929521173206568,3.540309893137046,3.6730660988463217,3.445578848702169,3.126212696705213,3.650865642812473,5.70760100003373,5.565100466908624,5.825534516828871,6.253441015901438,7.405789091577044,7.752344259234295,7.981691374581141,9.097297336555103
