script/wind150m.json
{"header": {"parameterCategory": 2, "parameterNumber": 2, "lo1": 6.000198445256149, "la1": 58.999992894266676, "dx": 0.5, "dy": 0.25, "nx": 22, "ny": 24, "refTime": "2024-03-13T00:00:00.000Z"}, "data":
[rows 0 to 23 of 24, columns 0 to 21 of 22]
4.099984123366892,-2.5393992144558846,-0.058974762568140514,6.693911737751443,6.7711022511303165,1.2546029345909486,5.634406424167792,-2.1310256315814784,0.15894951388704642,0.15089636557751265,-1.077183819153225,-1.4664781607715658,-8.022685912238318,0.8351602165290741,1.9693464813197654,3.485309613410259,3.602763420894827,-12.969565039660544,-1.9614209271665257,-0.33144514803707475,-0.35028425058000434,-2.2974183810833444
2.0301156683765473,0.048323727425954116,-10.57997179829112,-2.375896541293875,1.6798581811378306,1.8370726339868269,-0.2306176919393658,-0.8242958547172854,6.558642409774445,-0.18235856054277486,-4.608049089953906,1.7774973136568855,1.1452344168121855,0.3957727686620383,-0.6859945850449467,-0.19651717976590888,-3.499083146736979,1.1414891310905257,0.27966319151586627,-2.1419320584939467,6.172080117841915,-0.10076951537362525
0.6108568450241743,2.328018058980995,5.966267090770815,0.6856565465777639,2.0193827766851635,0.5717039416555864,3.228411690416364,-2.7698267803797356,-3.2390862628048476,-1.547624983810182,-0.2771283366815886,1.798554201603454,1.28997010660397,-1.1600763745815947,2.3937663195951826,0.5227662409042005,0.13576299653403998,0.1270828378173681,-5.573127634501077,-6.868228291539706,-2.496569081929158,2.4752812228834755
-1.639622631587335,-0.7087678158285176,-0.280605904142359,2.256895068928915,0.5910677537866328,4.805083497823376,-0.19802793107440986,1.2822164459464807,-0.07093669791768976,6.3093360448415785,-1.1395544067083083,1.7698349137116403,2.902866162885428,-1.8764899974613867,0.8288244133256547,-1.2313524354889849,1.334609625666647,-0.5162610970322101,-1.1582387469659992,-0.07789490656191267,-0.057029924277310934,-2.6213392994750917
-0.36217107656658937,6.206655976426099,2.685942819368867,3.735009705323651,-1.0021910832327225,0.5954869820871109,-1.2404098559294015,2.213582380895484,0.6427045521349557,0.2376730027197258,1.671043697858114,2.356397100303693,4.134425969371087,2.096955826447543,3.1230340107977024,4.2082493223000945,-1.8403754956776692,-1.421453684864303,1.4201169461963699,-2.3817037059557564,1.4532721486169526,-3.670497060263932
-0.5323358545105895,-2.8719000662151974,1.729024560868157,1.804335525465354,-1.4245897090318718,1.024363351716372,-1.6644277366293534,0.7580668148008372,1.461274808035143,0.30621563918800876,1.4861001645977088,-0.6505308619660781,0.7762554618847853,1.027968799383239,1.9597390611108048,3.354684386143165,1.314764512485763,-6.8256735258998935,5.595673592410602,-0.27285602816594634,0.9916121853314326,-1.4748568924525904
2.112813387690006,0.8103040743401313,-1.5684543310606784,5.924638702196621,-0.0335632470769239,2.280174960327426,1.9399924404159525,1.5313157311408212,-1.9783117790555804,-5.046401874603611,6.148779671487373,-0.10208764883122073,-3.060442335561735,-1.921357280098503,0.48151603976260654,-2.2688991846324287,4.5412478784578845,-0.9102169431455579,-0.7587982739229089,-3.028852638081956,5.785646496905545,1.615428444403214
-1.2792189020023825,-1.8166651809521186,-2.084881429370256,2.0775345970676278,1.9904614267066572,-1.0613867314389935,-0.0003788443249044325,0.30611782380184904,1.3454392574019707,1.2328361969422978,0.4311718757511596,1.634687199467429,6.708633789888403,2.6060000519923454,-1.1809715736285176,1.0505721658176488,-3.3130397023135214,0.2300516671432631,1.6233623025809627,5.533248596799091,1.1683805973573433,-4.62695664337307
1.678428575299075,-0.6420230287370082,1.263921095043321,-1.566736684391772,-2.639944676343941,2.077105312618986,-8.604125783453059,1.066892330665133,1.4193920987580633,3.847823563868797,0.9603171654753585,-3.483950469777029,-1.0413443376646612,1.2947882695018456,2.8518677529175713,-2.3429449081981617,1.7096727690458369,-0.7885326097352641,-2.901010442998016,1.2581929771004676,1.151657682718976,-1.353394558165667
2.3993658221904237,7.05966386471747,0.8963595515543406,0.5167153508298433,2.8300121367101534,1.9487157262125814,-1.4658759852011125,-1.893844695026246,0.48919959476802494,4.160897364551133,0.3161152493060565,1.6978610599392496,-0.6682649782815766,1.4554800902674925,0.7881017212044483,3.7399888341645875,-1.3233773917107752,-1.9062463266973242,-2.3255152844808005,4.251291192069552,-1.86717455281699,1.8770995527077579
-0.968411223067037,-2.943905143157826,1.0843214013201483,-11.521298684233274,3.2633218909417447,-1.0171029501985984,-0.8267334759465595,-2.759597656549351,-0.49909275424705707,0.6236336755382176,-1.7297652649395667,-3.1293610115246433,-0.38100963375906505,1.2307815198078564,-8.109709771948218,-1.020326154868105,5.202058835834135,-0.5557010878253036,-1.1005572718838479,-2.2647611437573936,-1.4167409983175199,0.4101247192318621
3.7462347501418027,2.139363712727693,-0.7930230454539634,0.538682020590543,-0.17610764919442684,1.723139153233996,1.1007794452858857,-1.962698657290392,0.3019561126316998,1.8375266725910537,-1.5587976899987344,3.2823982587312526,-2.160919663833248,3.6207275498816536,-0.7173842389516353,0.8505800148516806,0.06468803622360854,-2.2199221288303446,-0.7185033979624409,0.5221854956558638,-0.6186666909257418,1.9898498277599734
-0.6543511621909132,-0.873414120082968,0.9393923939670284,-0.4298868615330841,1.5759640684755272,0.1401199974678246,-6.753075247584617,1.5937925126061894,3.563175853194233,-3.5458440595724547,-2.6709486022683238,-4.517242752333773,1.0750443785389794,0.7122500150250989,1.7373590681847788,1.8981424492804206,-0.8645591755362938,-6.930640852409454,1.6151018368037926,-1.936429397198667,0.01432061265135486,0.6458391095603866
1.7086848351632613,-0.7675105806094921,-10.388226405639296,-1.6201246872026533,0.9309507310848346,4.181169690606004,1.5179473231749983,-1.9261201780688402,0.174775419380407,-4.389403402531309,-0.2535173577436565,-0.7597552717896087,2.6013931795386704,1.1250732288530574,1.7602085804308147,-1.3460002675785032,-8.30935841366604,3.343703950019267,0.25349646741366416,-1.8367308599056025,1.5653494641004881,-1.0488266510717157
1.972983118664208,4.299023714068635,2.3602825407176007,-2.1895027840049064,1.7521498205310548,0.7947441146383671,-0.49820649905240416,1.4242690473846467,-0.42823785022753624,-2.1276054334509085,0.3940073894178208,-11.526374273717368,-0.628940361769179,1.1085923591742892,-0.007435570499567639,-3.040373440257427,0.06106745860156734,0.8836192054039902,1.784253102601864,-9.225827133367778,-2.6296772863350246,4.126764738553468
-2.0395988789018342,3.2266792557801174,0.028008826363461824,-0.9384678192681355,-0.8872162193591067,-0.11388737657519875,1.00965188969133,-3.7817721985823582,0.6669049763987073,0.9740947669494159,2.390093420572396,-1.3261814967030434,-0.3246516676358037,-5.719041375497988,1.421643647326276,3.7177401631050495,-1.0669938043058829,1.3658202681072549,1.2794673400493273,-0.28481541942292177,1.4502145742392565,-2.5327779868646685
4.552951584365004,-0.3194960480119383,1.7196771331719005,-9.126355590328403,-1.9694208362259902,0.050669993215697616,-1.522239287026041,-0.4982659896064843,4.810398288858512,-2.088379799961694,2.9587529590111177,1.0542157402598924,0.06443213227005201,0.1807341795698892,2.5310510143508136,2.3775524845840468,0.20153309700989333,-1.5423279893402342,4.398216522546386,-3.5732981202109637,1.9155116061714865,5.014088963406324
2.3650350215422913,-0.5990010127750328,-2.0928077301546066,5.2416902828857825,-1.648776794870412,2.3904803093131166,-1.3956527899150175,1.746475978614103,-0.9163602711453083,-1.9993928481521688,-1.8844816257059886,-0.7727887799526263,0.8951449309763975,-1.598857335230387,6.675808764871877,0.5648069066289004,-1.6133291787017527,-2.059183170572519,-1.760117646767915,5.094686975223952,1.4397212505279569,-3.6010443180323715
-1.0604579110687193,3.1438433414540103,2.1696804159327727,-1.8896454769682836,3.863234723646561,3.6826432576130945,-1.2816949353525395,-0.7898650741542808,-0.2950347086600446,0.6684415613675986,-1.1651091281792834,4.658287331707188,2.9757876584949905,-3.035444874831324,5.855695983982371,1.6643779767650377,0.2741524250424851,1.0398768190444376,0.4931839004798066,0.9892463897335312,4.955996845431451,0.23441536620411407
2.629660569145906,1.3056163954117086,-2.8263289872735533,3.346711715215652,0.8468093210376263,-0.905930372229838,-0.3882711789636079,5.879601561490652,3.3829649602210843,3.1389559354969765,1.4727628911665969,1.3212305007513663,2.9970922769244086,-2.1803286571166054,0.6792518344984223,0.6321566866411205,-2.4895008871077513,-1.8150889279235034,-0.5707620411507365,1.4973857909263222,6.911017905878022,-0.5703887815574102
-4.3269268264972505,4.749955726286289,1.0656473545104463,2.1425224528516846,-0.9121442245564557,-0.8528774542376942,0.6426150462751107,1.1686249444457775,3.0172196122908876,-3.22663342680305,-0.5282072403863024,2.902967327074091,-1.556985871394319,-0.36431684073570586,4.60049730531706,-7.6962045506317285,-0.6262828480714424,-3.038163584497621,2.399553322657746,2.487078061401378,3.223470905021821,2.474208347923062
0.3230287960489128,2.904710491751046,2.4375290125527203,1.944921474136967,-1.6930244914089005,-1.0517930249138991,-1.2481605722066937,1.6494294604804733,0.31197639689737516,-11.635341794908513,-1.7421379617812882,-0.5725750988305436,-2.2100876628231956,-0.9739676393133911,0.3306632080414799,1.0116360827362507,-1.6986047343570128,-8.883449605266488,3.9381158358258026,-0.6663620380860363,-0.4543473967240609,0.5182547518091127
-0.5152792750334173,2.83282157162808,1.8408623205484038,-0.8272340516969927,-2.932546572211657,-1.5432921952159884,-1.1409122799030766,-1.8966504182075223,-2.631049085940668,-1.9200761504086543,-3.0531081900046537,1.397213429882037,-2.2939210076649448,-2.3656461557977577,-2.24808260008958,7.0347093354145205,3.804330625124461,-1.8870043692905023,-4.759171243454743,-1.7539186015586223,1.999797815179032,-2.7841710177985637
4.65626277572875,-0.028710782239424207,-2.4353171301457097,0.06794591397462141,-2.741641730126933,-1.3190597541667377,-1.7515976016650228,-3.441145278104748,0.08746482186403647,1.5482391968923936,1.0956044175828998,-1.1009488991497234,0.2279813899465185,2.495170400317879,-1.9074305763048747,-1.2702633550474869,2.4142379158303084,-0.9224525779158268,1.7870167578360587,0.004412160857359225,1.0262098079671773,-1.0429520065697646
