script/wind100m.json
{"header": {"parameterCategory": 2, "parameterNumber": 3, "lo1": 6.000198445256149, "la1": 58.999992894266676, "dx": 0.5, "dy": 0.25, "nx": 22, "ny": 24, "refTime": "2024-02-21T10:00:00.000Z"}, "data":
[rows 0 to 23 of 24, columns 0 to 21 of 22]
-1.7084355263065487,2.2210102577623747,0.8081465926790078,10.386033854863376,5.979643445826352,0.6509534514813937,2.9216374924185704,-3.5491820443429067,3.7073357320673264,0.6573288308837538,0.49371480878545804,4.505609563911187,3.051970103815452,6.223493719192342,2.6524573742614184,1.387163162255079,5.169031253094525,6.296263115101167,3.732318427571699,5.075454823646335,5.002404172974259,2.527982221281431
0.42857417418908555,-3.0179805321618938,2.548267157659784,2.8430279197881756,7.340450165849465,10.964223290916353,4.7683029236756855,3.1232813592947886,7.551447167833293,4.656554314072873,4.702482142122253,0.9308096868631455,-2.0872648343545315,3.633481011807346,-1.138051147349686,4.13519278046053,1.3688931954473913,3.6026364737893184,-0.7739455921006827,3.0372675169983827,3.5082533432356255,-0.13336048451383514
4.3402148197672945,-0.104044603261422,6.262759251712898,2.9853789177193093,5.102248362397075,3.732682962306541,5.294219255929449,-3.9041826921410765,5.725273429822885,2.452574538655497,-0.15050058328123953,-1.7301090627635618,5.804071618402573,2.923157582214404,-3.434100598879521,2.2635742030979515,2.3227325252469533,-1.4197214127791136,7.817644105127482,5.065888090894981,-0.22101918080439256,4.090982709197044
-1.909537805953871,-0.8859494527887142,-1.3791784095274724,4.591763596015007,-3.2863216164673785,0.2522927370567011,0.8584670207864954,0.948807201669003,-3.683872274166602,3.848806124708757,5.5329872064209935,7.546203304371363,7.866337598847937,1.6589996936183007,3.261195870773909,2.382797400349375,7.522166328459842,-1.8025684278114535,1.9947524247199298,2.589046681558838,4.623867515443813,0.48910168974588836
-2.116764808363512,0.2377487550120303,1.1461122981179845,-4.442255439821296,7.362096865093037,-1.6097202395613333,4.714723146012963,8.11122674836522,3.6149432758428057,2.733277108678256,2.8845060139661167,5.186969716153015,1.162732347842886,0.7383249479474048,5.763800438673797,7.561938268616252,3.064969406494846,-2.6215320270651192,3.658981420183155,-2.3621166914695793,6.6214656981720506,2.5592364782185184
-4.497659018826561,2.7459555486126175,5.608883385017511,1.3002232412770358,-1.6376364164910133,4.301410847036811,4.544876419364437,-3.569828993066598,2.9261835523903974,-3.0454395564992796,-2.7872899140892335,2.905993850902839,-5.449944959684311,4.8815473557794755,4.991884735295088,0.8492368243088353,-1.4756876016434808,7.729286281352703,3.3018858732494545,-2.853321767150054,7.088407197840056,-0.5894075735303161
-4.878675028925967,-6.821327568845393,1.6294930191206631,5.400201725399906,3.8197158221821996,-3.651935585977044,-0.32219594137844926,2.6781488244872627,1.2761673036450438,5.580873157580904,1.6439081728361986,3.957768999817456,4.440761550545861,1.8623131208513377,1.7762189545058436,-3.267345666620126,3.2255199583235417,2.254806493297814,8.038017459329406,4.189257424346667,4.78030722292287,3.09541598081299
-2.269598372143477,-3.0412868173215157,0.027936892563055486,-0.019681248908165236,7.8710074651124,2.8922760508249095,8.295071807223744,5.299462122381074,-2.8874156469931807,1.3346524953230818,1.5070508278067165,3.820502141618897,7.923442845768608,5.631645235270505,1.9169903895941758,-1.2758946965503908,-1.4914045484248246,5.417547793164122,7.695059411727315,-0.8496487605974454,5.816450043073417,4.513916613333864
-3.2972911306688597,-3.273279360148708,4.966286497700073,5.156221090094324,-2.525366546848856,2.009601082076396,4.916372787378881,4.625895488495264,4.543252831555614,-0.6376261453852521,1.9647078759472927,2.1345397604475913,-2.0329124499494604,-0.33961748802602587,4.069721443891283,2.236828729383498,-6.249805565328292,5.5559092405871,5.152553770620596,-3.1950226524495986,4.2266263732155425,2.1245054948225968
4.113394532545596,7.692152549761929,9.518688361937587,0.6469163958593709,-3.405777901406413,7.807017129909823,2.9201544622208573,2.355837157833916,-1.909037718077375,6.717413315441959,1.4806992996865322,-3.145799592676596,-0.7227966389880268,-1.6489554416490229,8.01818487804753,8.23368053375948,-1.9170131377138049,2.4944805277166813,4.3850515808258725,6.2845184644471255,-4.494341136301959,6.763708092388095
5.114466400047745,-0.1526311314928437,0.5365255582851399,3.6848226467782226,1.9076153197477972,-1.8308756885928992,8.650475542761923,-1.8257572606910528,2.341723677935922,2.8435648098207733,1.927310427419852,6.525142561712382,-0.9576751402787013,0.6404480829291299,2.288533029908413,-0.9482960452143704,5.249728902194386,-0.2882649394621867,-2.750813385464212,4.853146849326924,6.836666867955845,1.326679541306419
-3.0339975955114977,0.08157927659592408,2.4539466509639385,2.841864137205281,8.832109066393155,-2.9486642882223424,4.858590574737563,3.1001848388310327,-1.641726848768831,5.296880137039425,4.233788907607989,3.12812459794997,2.807526988912006,1.8549157688648075,1.5049901871226226,1.3635253652222483,0.47974094373113557,-2.5469646508871886,0.2233585405273604,-1.4329601596803883,-5.820333690428182,8.118521500553452
-2.305995575815887,7.886972517592636,4.694695259984965,1.3240279152022458,6.388481804435934,6.172398425660007,8.390437097091663,4.665656001128389,4.444068416546234,1.5667978904234154,4.069283870428393,-3.139593020069505,3.7849375471627384,3.2732875302336524,-0.20111928632588189,1.496027906540487,3.310224140182124,6.504961786791151,1.359154543476686,2.305413834323321,7.32819280776317,2.124414043442435
-2.4841216076668573,3.4685471224958224,5.816762265711317,3.73924166817834,4.956354778710016,6.557296046380741,6.490040153679427,1.7325160113675049,-6.812110760389174,5.693941211028114,1.1374895247026302,3.580216309322042,2.9033941578619293,2.5526049640325934,-3.959515189135589,7.23452719583524,5.838158932743323,9.657408353845637,4.504895026300386,9.644249321500562,7.861385544323383,1.612545906004351
-4.191841886263818,1.8728343743612073,9.022947536731628,-3.3499933531834007,5.5856277453617516,-2.5310567106389903,4.450525985615173,2.6884157766258494,11.753480281653502,-2.183314120737664,4.275965825726584,6.012260426451033,-6.283541027841401,2.7161342425182102,-4.000965246353544,-2.618097523321913,3.400038056856129,-0.7630717206232158,2.056861736850971,5.613518365932418,1.4137017405477863,4.237217658474543
0.5918605787457336,5.821853493370681,1.7124215624326462,0.9877151524520685,-2.565776626808233,0.2152927620901045,3.4534596663459647,3.279248329410619,-1.398093664842785,5.850473187965189,6.577797319602434,0.10263821512662784,4.256071166204474,5.313329993997668,-2.142670511922321,5.600637135468858,7.707314710488495,-5.854966763229195,5.130723666578198,1.033725647849416,3.3368939679256915,3.25684426130735
-1.5108264273445853,5.021360698417749,8.773729281357483,5.0440255792502775,1.0767370377394638,3.150354656229128,3.0513580745761155,1.4954354407604016,7.519961649893574,-0.581852899792534,2.253110978303814,-3.1245072764327744,10.160706110917088,9.809400767603108,-0.41345130436808386,2.600136859298939,5.081991378548988,0.04032270605055336,4.5385804471303866,4.262296589411796,3.8841113549959148,3.6594422145098546
-0.6339904398877663,2.444173077433546,1.7198349012679963,8.358713566993393,1.256193469069516,-3.778924353437857,4.012319026261542,-2.3539412003704108,2.7337569726481945,-0.2590521416957673,6.079631184957997,3.251180063820251,2.3024723847042288,-1.1224617258108978,0.20504439787146694,0.7933989801976918,4.353703774495541,2.0055513893430716,2.6530622562665713,-2.537264014314913,2.151962196254143,1.8862060655136628
5.571694152981983,6.8072496397656925,3.481950013011408,3.9373730014197452,-4.056898796151591,1.1871966621914543,2.0154260843688863,5.514439679036642,9.51956488914769,4.141498802427503,0.5767120030822052,6.338973542278529,2.42076264681907,-0.13644153955664404,7.138251398169973,3.1622175748662134,-0.7785437944841213,2.9133038202547143,4.019034261881764,8.065827591822995,5.769440431635764,-0.2122201095938286
-1.4180530291269993,0.32691058637444076,-2.0972523904550706,5.895798148614305,-5.663466741417234,2.319451948043299,3.1118375517265453,7.307336874244202,-3.4418898364317094,1.5511511525287447,3.5568591788709463,-6.043852979380746,3.067071884939433,-1.487717336162837,3.1505031676678144,4.46446191935077,-1.0671118694459683,5.228737495872543,6.251044397487083,6.953067267960879,2.638761887696083,2.3879707758327022
-0.44056525701702487,4.842523618266895,-2.27191249978184,7.160555160633104,-0.19100397747370648,2.0596683247471286,4.5771002534279495,0.8865756168237213,7.640723831392994,4.479554658407922,4.032716215963958,4.226582963325509,4.294861236062182,4.013687259061413,2.563763797869626,4.721651496464507,6.7305232072679395,-3.5703952302714717,2.7464194335735708,2.7830556259439074,9.475514946714295,0.4030013425292383
2.4665920033950104,3.1551592172400986,-2.0102296961745467,4.169277679197904,3.2205160759129146,-4.640960815566428,-3.7388702107116125,6.416250245811983,-7.524021009881858,4.495231417847182,0.684486639887089,1.7238135368687733,4.289244811627663,2.8138146740844165,6.9732074695274076,2.082401121337302,0.3076054764851288,4.794328026413541,7.695213383967847,1.339221692623224,4.249195131021235,10.018031221934532
-1.7173100679351547,5.010730257739741,4.196428957460472,0.168915295508833,4.998642400692821,1.6115592669802612,4.4058442943409935,0.30214560257759693,3.5556051877676276,5.163487256644896,-2.4613487060161074,1.2865691469147953,3.777188348847596,3.9152108439449984,2.491311382992632,9.972198946856723,7.4423425616992445,0.03223432730526049,2.2574319116704586,2.4810474351930414,4.42005687290422,2.7405951044847856
3.3730652901174434,0.522342274554988,0.25682109304755646,-3.698928559626437,3.974085769307279,5.433052075183536,-4.203817880781706,2.067376316998873,-6.397848811344357,-0.16312838516887654,-3.192951583791792,-0.3970843194826726,-0.3607326708744993,5.693390414586623,3.753024928723524,2.425054951636878,3.9921484030619485,3.543828566987068,6.04694697350261,5.385578457919135,4.317455345684549,3.0102825010015954
