script/wind150m.json
{"header": {"parameterCategory": 2, "parameterNumber": 3, "lo1": 6.000198445256149, "la1": 58.999992894266676, "dx": 0.5, "dy": 0.25, "nx": 22, "ny": 24, "refTime": "2024-02-29T08:00:00.000Z"}, "data":
[rows 0 to 23 of 24, columns 0 to 21 of 22]
9.201580801676577,19.666192556124898,16.87413259701907,10.95869555937064,12.243665028163166,17.1753099125368,12.187517401663547,15.412925904373441,16.842383838672088,18.38111826430162,10.138318216889521,21.23084978079665,19.219468860396468,7.821882104533554,8.219497071058585,11.269985390962965,9.87886745971393,11.067205101706026,9.465356731184176,20.097049063838252,18.278272441873042,11.156352796491356
6.050090283231126,16.56542586032624,15.543327026531205,12.999521384146025,12.835520970747556,10.190453486117288,13.148779358497254,14.637778902784353,10.406031867126279,9.880619440671104,14.882390783922071,14.07383096516376,15.13118123365814,17.114387540531215,12.876569588735506,10.920356520063333,12.967915118583194,12.836917752826732,11.283636285340329,20.040014448066447,12.29515701657484,10.325918826142471
17.185961299474698,14.845199515644268,9.227224680808751,8.554807777601527,13.653355723323562,6.988961690575597,8.077610971405049,9.597617340481749,19.480014842234105,14.618689137867698,13.448593961425797,13.324644229475021,11.989555848944764,14.625118953830034,12.803395209364746,10.695325294630084,17.618169168414376,13.940602008192805,7.9587745333993105,8.274199243778696,14.511869279870421,11.91559240853502
11.940445817102818,14.799561508540336,15.283161412296772,12.653718545019068,12.588124856149342,10.684836725255698,11.79251734370534,12.728856164884833,10.39649948269433,11.092496712967753,7.7355461512313575,9.21816498143735,6.944345323665475,12.923557413909892,13.00936246949626,15.952661517103456,10.113604882094744,11.926258646190053,14.699725554144003,16.43967994586953,20.36188495109224,14.951594681948198
12.108615709073602,11.180735803890158,8.909014387862115,12.244823841582193,10.055844397040946,12.613126097078272,21.12105577381052,11.788715659671217,11.989884656220488,18.35563235304841,16.093576839034828,21.881283294180882,13.009879640339921,8.177949352446655,9.549032498665593,9.669077214168858,12.214878134765643,17.00262356733243,16.941449916322394,9.854872050518729,12.026193941930176,12.79271691106833
13.611402648553407,15.54147056407033,7.79438129829149,10.071792508399275,17.136608232744653,14.402817397739945,21.863017426862996,14.691399572453271,12.028942501738477,13.729194229430638,12.336570463752428,17.408458549935734,14.341646421224668,10.786043980692902,11.744636599415257,8.753422582267525,10.99136876113046,19.671061325969923,9.805585827350038,10.046390227939726,11.153017711023116,12.430590763580524
12.81058647338032,16.968738656730054,12.419034397499201,9.582248256390386,12.84274954066222,12.890635238124199,15.505109804787379,15.130057895131628,17.38225239704674,8.496622385891722,12.335109665203962,12.424127312654122,19.48791990226334,12.356099248545075,18.046082820870108,17.461229004940726,12.105409398856873,16.72949650331674,10.346321722864051,19.532858156729258,9.844365114229802,13.237955563135163
13.550860343698067,12.053454114501259,13.073046755324462,16.452341824410777,10.6228857235776,21.21789742561121,8.338787327337775,19.21601523706154,17.397144958002155,12.052416386999223,17.808456205091563,16.04499774399908,11.126682699247166,21.271841757253952,21.027254398278764,15.409661523476528,13.795907418976453,17.865999108525923,7.995938619743529,12.66921232018549,11.845994100147294,10.319976695131025
12.986550543118154,10.998461481162925,15.438511677166451,11.205504469253587,14.534345496144292,15.414379046975103,17.800460401634446,17.8435854693365,15.262532967194335,12.278067868248646,12.15275147274481,19.271188229378396,11.225498971239027,12.53108510403559,12.081897511507094,22.019067202018654,17.274287000454194,12.986731069180227,18.625766129680244,17.446317475394135,12.153476161473618,13.777060831394778
8.963120503994437,11.45803346341835,4.430639257028575,12.684541825955883,12.101877059034424,8.126716743766515,21.656163773653752,12.48810272915209,12.561922607137713,9.433421164630426,16.453844734922928,15.416190166015234,10.16655663731979,14.541078790763732,12.336449787513645,9.359934140478465,13.96167061772548,19.991038908027605,13.120037834364302,10.543418987958482,11.44381757002876,15.782198335269678
5.37938609104894,13.849959307296832,14.605460833256316,15.923278392976814,8.223166409609185,15.261675537751591,9.110728676737468,14.794536561584945,17.036066841780777,9.671569160211819,20.176206069056242,20.408286732374613,19.40969566677831,13.440442417205219,17.18272310544407,14.942468108089773,11.12935593307963,13.622845182451641,12.995154504091996,13.728811531492594,21.001712302792185,17.26790588317456
11.085942712916774,17.235614779081367,13.431936157034897,8.84552352236444,8.691094034263726,13.748756998413993,12.219584603417044,12.211556365354017,15.519471192640667,15.322762699894492,8.726656788436724,8.04880523529994,11.175231912092203,10.299799550024291,18.139018329666627,9.270137839142619,13.85843400041009,12.205509127269554,16.850812162236398,17.76265239481841,17.04164382815632,11.425611920852388
13.627054832354103,9.50919982657507,13.324630554313027,18.191092140610895,13.34812995564675,20.192871610463428,11.330657305642484,13.971765890486537,15.046803014392033,18.254786462964503,12.678149069162798,13.789386785876006,15.97607457922971,13.961736170544636,13.523428690802579,14.869143626566563,21.336306183147464,18.110564359592477,14.367945664657944,16.351226742569118,8.540854260592624,10.694562285674838
13.492225931888184,16.31789121961176,17.531079235789175,14.391887244983309,11.621871864352968,11.881659594390559,12.847978399498835,13.101069761663547,11.503025455465709,16.290684554297002,9.85963001857576,11.694137534812121,10.433168240078537,13.64671612904551,17.107769071320767,8.603652672242005,10.279990682730851,9.449522484008924,15.985419880335948,21.17361216502801,11.92512475018314,11.486420955902283
11.75567541106544,7.9113552365261715,11.422815622438263,11.763378207160267,9.385019340052295,12.298093411141355,19.416067455116682,13.182987851438568,8.380118881825231,12.007046965090804,17.29594008125183,15.700654277657286,16.744733654892485,17.696454198473383,9.062445993950536,14.381982161263755,11.397597892476035,8.375550550739481,9.50501094723882,9.082562658023033,17.784890073178307,7.085373173034195
15.639714253598918,12.017923614787204,12.542218088734495,17.3506237898139,15.187692119541566,12.917862906673038,7.848556078660162,22.0605254757793,10.646010274851866,12.537726726198345,11.256903849511275,15.695591026880344,19.50997343019942,9.980946433107109,12.230272256979568,8.687046673110533,10.607970816355119,15.576157519989737,12.603321687748018,9.292336241675793,15.744585168251733,11.59200645101609
11.950582212959501,12.104862391251318,11.238071269478036,8.98498565906779,11.704961004351572,12.173796520081268,13.927234372275645,13.28686643734718,11.937329973047131,12.110906111532877,7.896310609708229,15.949429805823163,9.066376358939603,4.555454647469037,9.65600364596729,8.62603898804642,4.543140563735805,15.36261920000679,11.797272785032973,18.124390065312657,7.839424365276291,11.564956895302165
11.874018337507785,13.630257609216196,17.3076738981637,8.963688862710212,14.45522999433798,11.097788978221734,12.284003996397567,16.71825406306591,21.447813963824686,18.28619023248649,17.19413146201795,11.92074734871853,18.072490212417772,12.281026203479675,10.404342791085657,10.346468658344891,19.757747781193466,21.652098935622632,12.01585299620486,12.702154744409896,15.822884656991958,16.173334474786007
9.898076802162228,11.204733897333062,6.9376148509630235,16.92862543122097,10.915592460706316,12.093135178990346,17.29060415990223,13.062730580067765,16.86530284034295,16.60395176919679,14.889517702766524,11.93442870562284,10.436853404580638,19.283052158238736,11.333637001016369,9.15645318789452,18.889623004855256,14.984704915762526,21.05481476494693,10.329820415371579,12.751447431645696,15.510335104126735
14.393989459031642,17.3392682927162,15.014828858572642,11.059055482929992,17.21975672732563,19.976956503205837,14.372414084689945,9.400882092779145,9.470198433060473,8.838841133389334,11.848233934103591,17.49989289757649,9.608363766324834,15.158582879666016,10.84730286299411,12.281604263482395,15.237614188118663,19.504030424080042,8.724848219282144,11.948250406106036,10.850589107355487,14.838204181081544
12.676245569414192,11.822028216425593,12.402078747932537,8.839133374141534,8.907882651365941,18.710567204205798,12.958839473049485,18.06513780226839,11.779826523612886,18.782360180808475,10.504929110698455,9.944154776867698,14.120635650416258,17.510809261293964,14.108365436983108,15.886490642467436,17.496509747361454,13.34348697395573,15.692221021957101,11.346493481265894,7.933141880843445,15.295060900941962
14.580600855216831,11.237650152931868,14.253617516969179,8.569979309090218,11.635682092717191,9.330176530258004,13.507378653358115,11.99030289788506,18.06685841278345,13.20297449353831,13.105823826265954,14.992770284182319,7.6198835674423515,13.479597253350288,19.631541042653296,16.230310716002943,17.43465995494284,11.9980326883125,12.81280045587079,15.666553433478112,16.844213081553338,7.866842476679448
15.056754643377468,9.052718894194284,11.59343038665516,13.845814329955571,18.870961916295062,17.762462175956767,10.838396983298418,12.032973980561978,12.76751641999113,19.0717408758364,8.019455518775274,14.4695369231665,21.37798470933972,8.717532027201939,19.698986452529958,9.312012036533904,11.681456220266446,14.80077527365796,21.897751091888697,19.25166079243164,13.38424641231707,17.6651619533298
10.115061971754306,15.775654732570747,9.460183411413599,11.409106326770665,15.82910079520029,17.48006514943154,13.257658108665535,20.064720564293573,10.178808635525503,10.956543744049013,12.735265818766129,9.24194032240062,17.02752478425102,11.04068085109713,14.922188503225993,15.239728602406283,13.076447864911596,20.08163571209357,11.6942523710751,8.315994526845694,15.95826104335848,17.113336675082667
