script/wind250m.json
{"header": {"parameterCategory": 2, "parameterNumber": 2, "lo1": 3.000054539987559, "la1": 64.9999836372058, "dx": 0.5, "dy": 0.25, "nx": 34, "ny": 52, "refTime": "2025-12-25T15:00:00.000Z"}, "data":
[rows 0 to 23 of 52, columns 0 to 33 of 34]
15.585345899307212,15.248207167538576,15.524139118368854,15.069440771739675,14.579902490212348,14.502453215554759,14.985736920030234,14.79845503308105,15.065669892819066,15.210493971815596,15.051826082494546,16.311786628340474,16.497318738737896,16.540347619538732,16.48431875206252,15.535535607603284,14.468793570013181,13.847993452582942,12.338018932239983,12.672280418659714,14.819912189283581,18.733330540243063,20.542231102903113,14.436200527273698,19.53258084286996,9.431570679377254,9.20453502671252,12.220635434801622,8.442252885828454,11.234454446134214,10.746548796761036,10.105883788391319,10.80659268589725,10.978726317740646
14.498408725850409,14.482608516434306,15.040183814384346,14.802414045014391,14.480105385790694,14.586092530765375,14.433392303301602,14.477372909219456,14.698278857630974,15.186298320644223,15.35501163327237,15.63539116610698,16.317585445602273,16.366971741260567,16.106224688554214,15.244047648726927,15.199967869999803,13.321162216187235,12.77244437545537,16.604741371511853,12.124813567220787,16.461063528891312,13.700592394480354,20.48638462752702,20.680610497470866,14.76178039730527,13.615237753318194,11.091850865831642,11.052645113592472,12.127535473789266,9.128115276698923,11.49652032358286,12.4144605916402,13.116356620349576
13.57784403827881,13.968796043235029,14.29032622738875,14.13492804943256,14.018663134399972,13.631559958999304,13.937625815540562,13.686632416572415,14.23530492532773,14.333621526468024,14.832603788291275,15.029302381129636,15.246462496731894,15.910391355764618,16.20015961717531,15.728580379260993,17.205218251420554,12.041929981857399,12.390830664257914,11.382406206876782,19.36905656353413,17.318667717191925,16.9886541528867,20.53329055311965,17.04572383873218,12.073576433438179,13.128335482875869,13.89221608477943,13.818581409313325,12.225078872086714,11.613299803076451,10.860613405867875,13.125724353331634,13.771178024735951
12.866037635699428,13.076254153865342,13.20921168057851,13.586090077583126,13.268939163427287,13.038684434444821,12.871704108614534,13.023716888602243,13.420182851475602,13.91315956973806,14.390005891146147,14.625363707978874,14.982906707190153,15.59700716997277,15.574215715331992,17.475372111691755,16.0315828888149,12.770651356020416,13.661325671132403,12.608585483619322,15.288408976524405,20.420731780967294,19.670915521380987,17.59293488571619,14.32736248839938,13.8107345933258,15.39174088766761,12.2454720857689,13.428613713692302,11.345757292757929,9.599324836687895,13.096840604169511,13.533774558739314,13.979862105730959
12.502461356736859,12.469992358360468,12.494152958820283,12.706721421182152,12.617442711701527,12.314805991351976,12.207322709071926,12.567725333095773,12.782893387736767,13.429062126880623,13.654945023243197,14.731578309560012,15.381732021455855,15.318226763846798,13.445887778041373,15.084628250203247,19.271286580989212,10.742592121010539,14.320639938513821,22.687996986472623,15.802475487787888,22.537082418228735,10.548698781445413,17.138576200048483,14.846252831632292,11.125318486998419,13.25212252680938,11.985793646143025,12.955238262836886,12.05389763502064,12.34564905067915,11.668651569522439,15.753244122909916,14.233940211291932
12.307901243103853,12.389487235162724,12.49267166939518,12.425533184282331,12.322154777065649,12.05061127910649,12.024077648212172,12.28556420158731,12.874474374726429,13.578112742236293,14.293647875898015,14.857520816471293,14.796329819795398,15.022051791482797,13.375100373790973,17.137412740069475,12.795299239925045,12.868711073844288,17.86099738409636,15.485193067995752,14.970621579703042,18.218571883423333,21.222316158168116,10.571763118846809,13.421898940181917,11.425969928269385,13.126772438093083,11.674160465590163,10.988432031155535,11.838201834164165,10.967485341192978,9.994203416111906,12.663049302554878,12.434450066895211
11.641331706094405,12.057987943161907,11.884204182068002,11.89664973637211,11.757564937435303,11.835234926688987,12.032987145939739,12.243623084134084,12.63278954066571,13.578494421124683,14.054753398238018,15.437811388578318,13.82216724047481,15.798198958023475,14.16286694678479,17.67500252689734,15.712773357834674,13.909274496359963,18.22376840858323,18.98762706983555,20.97907079931931,16.606170278434206,14.79749149260349,13.714725565116305,14.616316475759389,11.203772041793606,14.315891324720848,11.404956909136834,10.74281276761132,11.713512606766775,11.56005821200867,11.351788539942868,13.85321714545576,11.998187169380778
11.279394198441228,11.247571151535706,11.26023393302182,11.125675238342874,11.332241926696536,11.385066885342427,11.623280019594498,11.942613174483638,12.500331797394342,13.295522352256835,14.337923410676618,10.11201480519342,12.779859189958456,21.062558155733566,11.38696368197257,12.295797899484807,11.790547223934208,14.251664279935072,19.01116291802917,18.406785230065367,18.682859411659024,16.655036277180116,14.21264239822985,13.99510632991501,13.024405921470285,12.51601980182329,12.495340709800221,13.41670136495365,11.46504276564921,11.17144573030195,12.778082871780228,10.817971838960505,14.235990570302329,16.73374799802051
10.586115073350847,10.265261865730086,9.628845107495284,9.759985699910233,9.942804271756522,10.374267658125959,10.83866258448991,11.085457144545527,12.69738737826988,11.979951674337913,8.7532940212709,8.548206166810562,15.286372373857477,16.49862569964826,15.795839975604435,12.372578216468574,14.46273690453286,14.038543462378867,11.4110726575013,13.954937844887562,19.453500645920432,14.133286596816179,13.436776806729451,11.468119575270396,12.8542983653408,12.026186429129258,13.65151429514189,12.30005838500643,11.375100903136335,11.204454796789745,11.993692816886778,13.643909996869978,15.671434074245356,17.625502858168783
8.945870779657614,9.029395879718658,9.056226358234726,8.506377324497887,8.900172044442035,9.428625245133999,9.804590040151327,10.242536466303235,11.279479012826041,8.101102051165897,9.065611304877601,5.424880175496411,17.163046437423944,25.334390876365035,6.663879259824626,13.648682631450074,15.954162841522237,12.694819901691938,13.228093773313896,15.126587356501762,15.65987123875875,13.191238953262351,14.379071320645973,12.034168235301788,10.560572367657388,13.196384717156898,12.644600444814994,12.835146296180431,12.305266689881618,10.98106280392186,10.482758143672221,15.307187733665074,17.498605362747202,19.614882848394593
8.658012354141292,8.220312321093022,7.540483721020843,7.454838646421254,8.675469411806963,8.527316776519998,8.148706370487837,7.7327105486163905,13.077440806769623,2.6531525740064725,12.289456825097556,5.205704309107014,7.8712916743939765,20.965426859168275,22.498604901012037,10.66640417811353,12.50706035705215,9.664756834546473,13.38839576209919,9.96857827731364,15.130993162465854,12.653800254843338,17.288550295822745,10.81544790171798,12.286383691639303,9.968400916747214,12.797389482507713,12.04988339568015,13.143838394081158,12.585379812052494,15.84095697794261,17.006942322913403,18.69335531330149,19.92752856418238
7.047412375413808,6.893480044669723,6.823513833960966,6.475085942913227,7.255060959723259,5.552426478776362,4.120476503895639,3.129630457563216,0.8311664221133412,5.6903822844070975,11.553418484677007,15.151322692329192,14.628279862086293,17.53200901397408,19.14928826891751,3.6441795572492657,7.20600463434533,12.267217605870632,7.175241059849942,13.522868454848828,15.443255201079042,17.139422254810846,10.409606325750303,11.674718490104613,7.409937802032084,10.43604010062329,9.390791470381565,10.757647768320306,11.819078038202038,11.691487790517682,13.380590986726117,14.585238618208331,16.72844378773152,17.619633578446642
5.96371645829786,6.314005958141534,6.278920956436312,5.28300541846191,6.3010528675458986,6.922926585853883,4.557880935463643,1.486152684318485,3.433554694262733,9.565904822421873,13.05314277492018,11.352402361866124,14.945602972990178,13.076461360836309,8.748180047716215,14.994535308339398,9.435963866260328,9.900349514393103,10.492287710961577,11.807564846665318,10.750658329691092,13.201745945489966,11.679876275452358,9.549697525049014,9.622296548554516,9.400261147897826,7.8355300160922745,8.654359135259426,8.987744178952754,8.48819851329864,11.699771730395971,13.778443459460773,13.48451140060259,15.206390957422274
6.416725478911853,5.955630809666653,5.625767001979192,5.263407455116869,4.581164298492848,4.440964761596284,1.3322300510636451,0.07153164987496244,-0.423492700969498,8.810140712278146,7.468288298655815,9.823971649061187,10.98254380447688,6.356345407376768,14.07339098921984,8.11452809800403,7.069866237744858,13.000692064422418,10.248167851270269,11.21536792937844,7.590374926079112,8.098520205868452,9.857255024859063,9.133387800250144,7.980304341707029,7.465168050782191,10.161019887663043,11.279918116658163,12.352029979194471,9.5892372354528,11.838834210718097,13.582391328430745,15.430293379052927,15.067102087049161
4.983406127606159,5.609812026234875,5.816902426152549,4.637919463747023,1.023478915667519,3.8677501781792487,1.1336368936017995,3.941901864421889,3.4388022448905464,5.237763732338156,5.6444200424749695,10.216079176407344,8.055706140431681,8.108848453537117,11.681769683973652,9.922466011464724,2.4244220711092317,7.4888546632436785,4.2198786803699475,6.2221221440923085,6.527297285095648,6.6726657184922145,6.235272186319896,7.193299743267974,4.99484771524471,7.730145412810426,7.5230172776423805,10.46522705653973,9.642095017120685,12.12297200826999,11.949310126581073,12.728656559681449,14.32138099053092,15.866979245246695
3.989365951653474,4.842854404069733,4.910917464155694,3.455690416911204,3.108644362214846,3.4835526642466426,3.252800188924095,2.2260802713099377,1.3168024261592894,3.997946666650698,9.299553419720262,11.792369610359497,4.719271000008877,9.46460291318237,8.60774470725894,9.302437956873277,5.5974711370194195,4.44075942028354,6.430919387866377,4.901616742719689,7.043297682034909,7.007346066591538,5.099908151857442,4.661139819625221,2.1477345741482123,5.685074994871089,10.495768969202752,11.154638255040235,13.131641751805104,12.362233932119493,13.61805940580701,12.76332542661321,13.101018100267765,14.239722967123043
5.637352891061962,3.2911236227552343,2.918184216256384,3.787164350318665,2.8353770677664065,0.9528635246685194,2.4675994589536194,0.7942803057955913,0.24089796042287154,1.2228891340704044,8.643675027748367,8.415208865116519,8.775083329581975,7.836583701604765,2.0939056569224364,2.9487206309428515,3.443856678630968,1.6172824043310967,3.7456375461721634,3.1795897248366494,6.099113789867534,5.9390478442434596,7.559499846766545,7.829360620023916,5.136767971786386,6.003973909185618,9.261939319699595,10.295059719462623,10.014900608152123,12.23839576473338,13.441046361727567,14.272081906812351,14.278460812278722,14.458482393968737
2.3091455141073305,3.5476380774698524,5.21705239093608,3.403668420586135,3.9972009769538763,2.0907706187126944,-0.14787882516729395,-0.8909358658981077,0.12029406001110672,3.9799397030501287,4.22235090849905,7.41893667068098,2.3431539728347093,8.033467133507664,7.075190479051286,8.285127453958017,5.3269392178521215,9.281493426830691,7.122267193771062,9.221765050412058,7.575822593422614,5.765390758519481,7.317456135255833,9.368371926324794,8.110725244807968,7.688194959250981,9.094940590313247,8.784486749575041,8.942595583814837,8.76640868739983,11.650657980601792,13.978016038009464,15.282052770332493,15.86307143288355
1.6804291714666246,3.7866418605968373,3.7340836269869517,3.5577012202495872,3.935646110131966,3.3616494494747124,-1.198560863058333,1.63505395815818,1.5957541424136934,2.773556678908253,3.088146258704622,8.063285038198051,5.4967874741920655,4.674684486994347,4.2129262846228075,7.409193599161008,7.462092393466662,8.388073552689022,4.995197183483559,9.328697176846314,7.946899108913783,9.515915540061753,9.560326592173345,9.404526978055804,10.477720037460891,11.574080903743644,10.678013207430249,11.98864929705025,10.237867522771422,12.188878386809389,12.507972109660543,14.24377141984763,15.21407649021549,16.81846107159542
2.6229842284221836,2.251571867240259,2.0695725850451048,2.1093493950838833,3.926506756144161,3.47730419940964,-0.515369779008411,0.0978151424170422,2.2394935373404747,5.005946242502328,4.733083765237776,4.255913258150054,7.140188852009205,1.9815766089000357,4.6042872717451955,6.425748939796621,2.4983744840562343,4.611246119453848,8.396416909599324,8.678937610708637,8.870693258104584,7.8579303083749465,8.654676200059544,9.466828958838972,9.168576453638442,10.88805961081921,11.35204378942999,10.784367262336248,13.218958140726226,14.517129694038509,15.085896627225221,14.68786514309738,15.506837662276709,15.549223985384806
1.3991399213896571,0.02589339856019463,1.5590116070182374,1.3805371527333459,2.5897539172312607,2.793544142967053,-0.1498777099414621,0.37249753770821764,-0.6873678149922341,1.9213574271752436,3.750620668787751,3.669894683923197,2.7921912592699685,3.438146811213272,2.6148523649200928,7.779386373581396,7.066449958274986,8.061724387647295,9.321269361581237,10.075034355632164,12.287055522751267,10.017668165754605,10.95506994587131,12.434887504915995,10.854828308034072,12.401669965957742,14.134013843279778,13.527683956235474,14.513308979115951,15.590228755070223,17.05126276533206,17.041689184928345,16.683938466965593,16.306191474187635
-1.9286830401914832,1.907346579280104,2.042167738678514,1.9674349883973166,1.81493965202365,-0.18707991799488052,0.48979271619902576,-1.2873866980137059,0.5844437080704205,1.2370334946093544,-0.19764700451916617,-0.598898128172903,0.4908359494447486,4.643793986509535,4.702595113966766,3.149323276249955,6.420815608532791,8.319546387902443,11.438180515048382,10.884343888063352,12.77089053617186,10.702454280346405,12.47070402220964,13.043696827140305,13.974949029944488,13.562257258662921,11.497882737620241,13.022271057063882,15.273950388681758,15.40575089872432,16.067359296943337,16.552425064066462,16.711235482301337,15.057299124451912
1.695366133186546,1.8977256792427217,1.7681167251386287,1.7348085667709798,2.105202739593946,1.1236311317872407,-1.4539416717549378,-0.5755093672712959,-1.5450526061350784,-3.623430305944804,2.422842760015185,-2.489774717310451,0.683817307719637,1.1212382235444662,3.3272807239423696,3.08322665305522,5.828381343229555,8.050686012894161,9.347802257652166,13.024098275581588,12.012720093496668,11.387469090559591,10.709725884204689,11.737398564358266,14.880733370456426,11.079353780662412,13.651400193646005,13.52649275334723,13.547275761465764,14.592616057338603,15.799092118530222,15.337922717671402,15.924006558827871,15.269231713610273
2.1384316046809424,1.406083030360585,1.3954559186881945,1.075151631345402,2.483972030182694,2.9589034557549905,0.22984819972502904,-2.31114697430958,-3.513903924632533,2.0142705159199226,-0.36434285515000797,3.043238119765148,1.5053915839458158,2.992745546333399,0.613073885667409,3.082997838126564,4.374459991323795,7.503321911018828,10.441793308199351,13.460855959212918,15.027382597048383,11.020314102763445,8.593636989872065,13.175856694496833,11.921057330990227,12.816670384027836,12.736173120588525,13.470079855336515,14.374461615840913,13.590200844303558,14.570674378764144,14.478094391875336,13.47325922652267,13.783283527879734
