script/wind100m.json
{"header": {"parameterCategory": 2, "parameterNumber": 3, "lo1": 3.000054539987559, "la1": 64.9999836372058, "dx": 0.5, "dy": 0.25, "nx": 34, "ny": 52, "refTime": "2025-12-29T09:00:00.000Z"}, "data":
[rows 24 to 47 of 52, columns 0 to 33 of 34]
-14.731122733319994,-15.21651068152733,-16.34549797841817,-17.795252113437414,-16.93465723635875,-14.145027387034473,-5.7236553101628544,-6.345804131868832,-9.394198004418845,-5.9350777759492575,-5.682056272285401,-2.833085310103638,-6.809317509159817,-8.091033836763469,-6.220303367905393,-7.5450901443148695,-6.491888585114133,-7.616417379273876,-7.9938510898189,-6.963027751943489,-4.268103398100148,-8.705777064909334,-7.31039084348034,-4.599903538797441,-5.5167068220524795,-5.493215500864626,-5.512494102519563,-5.561710943908085,-6.142365881045041,-7.566894647097115,-9.396293251286307,-11.723576383332945,-13.206994419370183,-14.768486163147738
-14.572017172607971,-14.89919474651295,-16.051920322022063,-15.90597980877735,-17.385373270032577,-15.815340041344864,-9.59671429873942,-10.045646369597755,-7.957272661506165,-3.792234728882313,-6.098471276564696,-4.596853487617049,-6.865949111307063,-9.210232432943446,-8.970062523314654,-8.382894745541034,-7.864806152655679,-6.359118868295228,-7.498376296922249,-6.613657351377554,-8.879105525724563,-9.700794518624685,-8.049233237074967,-7.8240100414830005,-6.710473461196712,-7.424404219396366,-7.864373023435379,-7.8309141571515735,-7.742066881175362,-10.614091262921171,-12.769902265592,-13.939839546508532,-14.97575223420671,-15.432851908292674
-14.10244477397053,-14.90489418721369,-15.272268824888696,-16.189235551932533,-16.79313953967939,-16.422365906545185,-5.475931409734491,-4.656055831231151,-2.1159259181844186,-6.1287029900232115,-6.700844840998083,-8.988183940207627,-8.487041181026864,-9.776628823166845,-10.100299207706811,-9.784219936969837,-8.985351242183027,-7.594849184086074,-6.189490263181519,-9.426422706923923,-8.987707346978855,-9.133612888708356,-7.907614681949944,-8.747374789596373,-9.583201439909963,-7.695608019370873,-8.736455642031522,-7.557826218321239,-9.617037058175589,-11.805905437715268,-13.616988171814533,-14.252264276431104,-15.203855273386639,-15.862520451175348
-13.837865792397594,-14.391168417450382,-14.956078334192322,-15.88001363277675,-16.47280067494772,-16.88718604448558,-11.73892430433709,-7.174566268004744,-6.9132791001737885,-5.014719464831317,-7.181543083473211,-10.035722746066414,-11.633527090746805,-11.958620881009915,-11.507220220026154,-11.03048975962242,-10.251537327124437,-7.018243797720025,-8.41699901359324,-10.010025002389174,-9.374992477137857,-7.719877032778832,-6.9672318794175165,-9.94841816390483,-8.34101457722742,-7.050157782759914,-6.881180632637714,-7.353041652906658,-7.649044409587306,-14.285271378153839,-14.633391482056838,-15.12832466992804,-15.49144551794038,-16.305673420804613
-13.344196307091487,-14.050240301098544,-14.26205617038433,-15.055981521096518,-15.665019484168704,-15.725432623454669,-14.628558526762435,-11.1172019128884,-8.147857783561381,-8.094959879355153,-10.716384715940288,-12.476030312456116,-13.710345541086438,-13.3451895224238,-13.6127975057631,-11.83564354502539,-11.841241045742327,-9.508300040819629,-8.25686213761086,-9.157978584241281,-8.972461718514486,-8.100545697751446,-9.095006628631285,-9.209673119892358,-8.062232686165814,-8.234840318003805,-8.696594728332038,-7.302608771547306,-9.728877016916655,-13.170092136566653,-15.19274279543942,-14.475960503802925,-15.765271169794719,-15.233310798090914
-12.792790458551238,-13.53907159385997,-13.707575474357176,-14.421920881862734,-14.676844102000906,-15.141697601851407,-15.208300505454472,-14.82171361994673,-13.300321194407287,-11.428860816857664,-11.678635471442034,-13.662544767238742,-14.517277924246493,-13.48494994152839,-12.386413075544661,-12.967366490206889,-14.309117435820038,-13.028149482744931,-9.58044799169477,-10.075389152428414,-9.540691476186273,-9.59414600212441,-7.696732090165394,-10.474472597587935,-9.493677704445805,-9.33374076298263,-8.61957908525831,-7.2398271233239075,-10.673170182446642,-14.562357449965457,-14.180208022016547,-11.903706947153932,-11.921964627968736,-14.973762851017625
-12.028593626283136,-12.690710244090306,-13.19167290950478,-13.842653047036551,-14.507694411445504,-14.992800269909548,-14.707640907617058,-16.636438886270142,-15.237956541992691,-13.5960283147881,-13.456187483855555,-13.218309589611057,-13.407638017376895,-12.490725640686733,-10.590490904004822,-12.051187812095833,-13.106557551922302,-13.135168027235006,-9.079214072461887,-9.377262355256454,-9.931330591916284,-8.509674865197734,-8.623536776693856,-8.779535184705404,-7.434984658524175,-6.851051074959402,-5.810471913784109,-6.7076640973228026,-12.611253743803962,-14.102174678112679,-14.206652016010764,-11.405358517503542,-13.482218783110758,-14.905360159723037
-11.231119353204459,-11.68274330364094,-12.689511441103065,-13.367009524575211,-14.256567580339704,-14.92534222829231,-14.937400487689073,-18.22277974377537,-16.57398490620843,-14.757679084448885,-13.799633206639246,-12.76878514034458,-12.348914680024135,-12.820784903471509,-10.473280541266014,-10.57405931975425,-9.55707449457739,-10.993027755148717,-7.844637500881257,-8.488817048262307,-7.03256374375676,-6.9266936717669525,-6.871898861841069,-9.0598426296687,-7.093702899063254,-6.536047101714346,-6.103325169831387,-7.581361655921153,-8.718030205198,-14.250661529668452,-14.532280332690938,-9.756209741853333,-10.896497005417666,-15.530004383938639
-11.17507023979207,-11.231823013742645,-12.079265909951905,-12.77998992293479,-13.689124788875567,-14.827345186299844,-15.41141235994187,-19.04794883799446,-17.90821729011276,-16.052581460601186,-14.366958164231171,-10.690293093805996,-9.95720128638045,-9.187922296116737,-9.028133501511434,-9.419541964540128,-9.84476034261937,-9.818830847033864,-8.875343171617201,-8.9102032237473,-7.824523187053968,-6.747456946467389,-6.011313416012437,-4.4308610418277725,-5.24263340291718,-7.747048107491927,-7.785223868034704,-8.653912910546138,-11.838742787131535,-13.100273296042767,-16.093711373690557,-9.932472657452164,-9.78834084899243,-13.630446545093553
-10.76117332208141,-10.528200322944885,-11.615665022848392,-12.403075785391652,-13.043383867709066,-14.526355072569904,-15.900443270389918,-17.542997886029532,-18.692191562453534,-16.791464358998052,-15.149185909418796,-11.114357255138575,-9.720621763875501,-9.724745683600165,-9.452266739320567,-10.002287406288929,-11.062623724105629,-9.919322943999141,-8.703813443337431,-8.484069123152118,-8.108833292226118,-7.922326336791042,-6.643225964752865,-4.852115652962592,-5.640123263069779,-7.35060645873549,-6.430749683920885,-6.978902412461194,-11.850461248595144,-13.088045980231064,-14.972349573167367,-11.535307234205158,-9.51379763411493,-12.577474857740704
-10.877260244563216,-12.268557758210756,-11.146626213179204,-12.039644876314856,-12.673684582062076,-13.24907594453517,-15.417379182828164,-16.186664968227547,-18.37776285348403,-16.87196676245774,-15.144224815701342,-10.542966035296024,-9.439570033691506,-9.139387798533814,-9.132943570257048,-8.43025051680803,-10.837058418668676,-9.29868182079996,-8.989352390282223,-9.24890975059441,-4.883327474161045,-7.877338480033757,-8.292899478242784,-6.258197993412341,-6.631925562758762,-6.795024240298823,-5.300901527173285,-7.059006494803879,-10.333543138575148,-10.900618055930696,-14.020311024062154,-11.316996795383202,-11.056563160444606,-14.445922091071218
-11.001919177998559,-10.51951812261849,-12.044363816260931,-11.77803206639213,-12.63979090634619,-13.204871073031097,-14.486729728478009,-15.538778587178491,-17.31754989492259,-17.63470992122511,-15.33804382721556,-7.839143861518386,-7.9574367817273295,-8.403737886619497,-8.566280522235722,-8.0653070256067,-9.890692156799503,-8.304066419927723,-9.452633792112426,-6.995670799664946,-5.929165633344177,-7.366458458885773,-8.022435465192114,-6.555143516206149,-7.140302509604769,-7.4265539865377,-7.271768359015296,-7.87557483773447,-10.224201055378431,-10.547644001017176,-12.48356078019638,-12.283220067922567,-11.287993642575442,-12.463914637003391
-10.250712029448406,-10.59942627722758,-11.82725660194913,-12.881230568650318,-12.733344165273321,-13.6182718619854,-14.650450701556084,-15.246570500843056,-16.433653857157765,-18.072376864655833,-15.707292423530054,-9.402517393093417,-7.455817735750821,-6.786210150268853,-7.36024626285042,-9.038848158724988,-9.27130614096406,-9.396700508310287,-7.938441262229981,-7.580786656540116,-7.240564023573987,-6.591841477670607,-7.347734828514473,-6.519694524568755,-9.08301558214525,-9.322228171656409,-9.410123699519342,-11.702233378442791,-11.638919997751637,-12.115597252484191,-11.990683644671057,-12.966400094684882,-11.662429857769123,-12.544867884363184
-9.613012709010947,-10.40545341049357,-10.44936839127165,-12.137881715891169,-12.70429395368487,-14.24903178135672,-14.009764173551508,-15.019542559971125,-15.236741419802977,-16.291439911610013,-15.794646188029107,-10.025365434793946,-7.106055623844789,-7.93764958144498,-8.041822103784385,-8.534460031017987,-9.44044388475015,-7.210091902225875,-7.238485071671341,-6.586312685438415,-5.78848920536196,-7.851763963360093,-8.044731685264354,-7.721352621357197,-9.932675596175041,-10.098799053702221,-10.25790464167745,-11.930423951479185,-12.453083731734223,-12.871594023277655,-13.340517093881724,-13.672646540217915,-12.394255954841794,-12.006085860990115
-8.600958931195011,-10.901089853428548,-10.062375340864739,-12.18021382378441,-12.085392852679322,-15.057246512148238,-14.670656183373017,-13.746553685985274,-14.83993371228672,-14.649029228193386,-15.683312612485194,-9.893088340995254,-7.234277424629833,-7.456998590274931,-6.600814564548951,-7.281518977715397,-8.629756823519848,-6.747357124042077,-5.662485159904563,-7.489650265166935,-6.318346489494221,-6.162201499271413,-7.6339037645099985,-7.882224444999513,-7.677902936059616,-8.690715355795113,-9.68820079548097,-9.784448448498907,-12.91673025143755,-13.764842669980201,-13.834598833312091,-14.000651924891416,-12.948622241246264,-11.940551028843563
-8.52016543160755,-9.400831093142784,-8.998494566630322,-10.367092713451902,-11.382846031012331,-13.303008132429072,-14.38042694262065,-13.831482702806435,-14.822171977580908,-14.46699084002842,-14.32768548543093,-11.965139571338106,-7.434668765280648,-7.342793150094738,-7.896047971333561,-7.016218101369569,-6.710591986130286,-7.180528533859686,-5.318804936284528,-8.39171176918098,-6.5271773278585,-6.144642008616048,-6.625511040780538,-6.0923192138243945,-7.542108330778049,-8.952605052758836,-9.889989376307025,-9.758125897972077,-12.345344612573012,-12.183626316209834,-12.255708101488134,-12.907531889150526,-12.257783877164865,-11.759094097002324
-8.372613327626013,-10.262159407924525,-7.371006294372844,-8.939694693089274,-10.328530087986065,-11.341793570281009,-13.578685835498167,-13.930450545659898,-13.647251222788304,-14.394560030920418,-13.857776451236292,-13.837328648210557,-8.791390137891522,-7.570346799885458,-8.544702129755898,-5.847414767043014,-6.540958928886684,-7.157357585926628,-6.725209680909615,-4.049934538135765,-5.695610410437479,-7.174495427679167,-7.916547849653056,-6.5822086555033605,-8.166477157221955,-9.180213283579327,-8.403749131053184,-9.759813458973966,-10.536393521900925,-10.462749838657412,-10.438768615659635,-11.307165531497514,-11.794850339439913,-11.475766551401636
-8.804030504440135,-7.658396020917457,-8.54438141953104,-9.190647975857766,-10.32229578883944,-10.40814702103186,-10.862559173919989,-11.598646129876627,-13.207182756741789,-12.97336214197034,-13.026376507811529,-13.89556118616616,-6.964066899719389,-7.467789510766865,-5.981663583261443,-6.914792892640428,-6.830044167390519,-4.837815531223377,-5.319582188040074,-6.151205208746554,-6.253563464931978,-7.200849739680591,-7.763680393773896,-7.41045343122703,-8.18001488093867,-9.372242695287543,-8.476525315255923,-8.95502593751336,-9.784988427471278,-8.522516104931272,-7.527517330210299,-10.067744259283264,-11.086209087787516,-11.264764913342676
-8.239972606718682,-7.592399556880984,-8.344995554478905,-9.41813336671681,-10.238628218705127,-10.994962221558799,-11.080887154028893,-9.908794790268436,-11.222976589851255,-11.849780777394896,-10.937469839476858,-10.717021199339184,-7.798631332130419,-5.109555003394818,-4.890435816991113,-5.627534198385989,-6.579596103116932,-6.506341369440652,-5.46050819934392,-6.593418717960678,-6.3852872548137904,-4.492004113748971,-7.6242777278886695,-8.593176291022202,-6.748429385461074,-6.890097470335423,-7.148445331422948,-7.169535050830234,-6.1994346389329005,-5.797408632957553,-4.451196174782526,-4.320124867635411,-9.856300285759797,-9.883090940846458
-7.61294994031108,-9.095851718337725,-9.078483125822322,-9.329978683486733,-10.105546943404917,-10.222559263510782,-10.0764451358129,-10.42683441650144,-10.97730711563358,-11.088097603388682,-10.1956297538584,-10.667112018135427,-6.506113523756961,-4.964740214968808,-4.89968830834836,-4.433565943079821,-4.465390174479694,-6.5918513932749265,-7.280795264761881,-3.9819796269116283,-2.3337480258752112,-5.22336906094578,-5.037585220196425,-6.562660652662526,-7.086815664790238,-6.634078365081571,-5.083416005368724,-1.714947887441164,-1.710905160784301,-1.6854426669788065,-2.6318315485910344,-3.321079505435942,-3.4451366439707463,-3.527751726627825
-7.445527283535686,-8.83665462434669,-9.377997134725355,-8.723735530313713,-9.699745981018385,-9.314854139047407,-9.174638677257816,-9.110374672522244,-10.144331260775912,-11.188438778681803,-10.2630675888317,-9.58376141632863,-6.916787791180734,-4.947821448126097,-3.415263034597367,-3.7027317712919814,-3.2901504652630518,-5.210062327144475,-4.524120221346643,-3.819028025329902,-3.179775062105786,-2.767915421941226,-4.210107376255195,-4.780814213886925,-3.3258196556613115,-2.6800882750733344,-0.35737164375005687,-0.44824881736737393,-1.9135612340571058,-1.8959147125717828,-2.5918515850211308,-2.7636519272531532,-1.5849567434802956,1.7534994133478654
-7.906075146455663,-7.686363604470553,-7.60667439126561,-8.563072881208033,-8.906081379681334,-8.318586611010366,-8.07865594076744,-8.97614140942612,-9.199277824442083,-9.25749301361719,-8.867072075092894,-9.220871146150108,-7.022032313508774,-4.591101327933752,-2.371284502693794,-3.3715943696098103,-2.465993291748715,-2.807955848290906,-1.6400837051732187,-3.2661934102036576,-3.5760693757491255,-3.1665926660429258,-2.330380431654062,-1.2618774004870705,-1.4919719119432862,0.3408785081694577,0.5991992669203919,-0.5695594381875027,-1.4228975727468653,-1.7371674140033304,-2.2278403981496844,-1.901712073430279,-0.5619764331997746,-0.4382533531581681
-8.367314471650829,-8.382681602255145,-8.596552983134373,-8.468608313033968,-8.508594231133362,-8.038587605352712,-7.263342711222288,-7.495182599520556,-7.7516789465026426,-5.360489458052391,-3.5294948809752666,-4.372747750443301,-3.2453999257570345,-2.8381350997123023,-1.2598226928256766,-3.3154288417904008,-2.4175927094952687,-2.4468366298971174,-2.4156621732111505,-1.8781401953194832,-3.4218386639654472,-3.954921291194093,-2.426842073925534,0.2509189961570021,0.07803063224869414,0.9971752220984527,0.5575484057403164,0.10152741558646225,0.07767931627959114,-1.851572663237063,-2.6044404794787033,-2.111383339676727,-0.15654204145854603,-0.93965297511903
-8.088873982292606,-8.363009919924284,-8.303288495568133,-7.946628646134106,-8.549133087214933,-7.972443858621698,-6.807829240396671,-5.394888851019725,-6.294905666114485,-4.476993963405004,-2.2023328477871957,-0.8440322145743534,-0.835405641694997,-0.34971823116668155,-0.8874255939687157,-1.7141374484965357,-2.1543405255544275,-1.6122700963870504,-1.2098783982845784,-1.39298152315548,-2.272253214901955,-5.004525060537294,-4.88095986540183,-1.1185092023332655,0.9424647183409892,1.8244484526632077,0.5274829502101835,-0.5804865782259772,-2.0824927151424326,-2.034764046826313,-1.6291311925434102,0.025494819498844547,-1.4213274340900697,-2.233829919555082
