script/wind10m.json
{"header": {"parameterCategory": 2, "parameterNumber": 3, "lo1": 6.000027932988019, "la1": 58.9999434238085, "dx": 0.5, "dy": 0.25, "nx": 22, "ny": 24, "refTime": "2024-05-16T03:00:00.000Z"}, "data":
[rows 0 to 23 of 24, columns 0 to 21 of 22]
0.6176837870904228,7.516243471418758,3.3877464457741415,-0.46529788850695336,-1.1895822638938323,-0.7559177245817126,-0.6640278276986507,-0.5912668969173398,-0.3962735667051503,3.5901554276801373,1.2631648885072653,1.2069710001504808,1.939545483498044,1.9909456825885792,4.756395616630001,3.5076339975433437,1.8257794801131622,1.6953998990529364,1.974762089978165,1.6776726439463978,1.121315774753773,0.15873900915441902
2.6374218081712892,1.2026142256605319,0.17239848503176064,-0.964257450592456,-1.0218838589967103,-1.4311614933635055,-1.1564403947136823,-0.8579468523903445,2.015001052468761,2.566779590718893,2.3898611866215957,0.7955107442358337,0.9881734312499593,2.2419556068241753,4.813509481824199,3.0199119462263133,0.6383820699992333,1.4828017106832265,2.064296634062805,0.1782202160699461,1.6753884001558754,1.4566924196649074
0.49865004896563886,0.10140340652859015,-0.5976358363928429,-1.7316820382961102,-1.1199913751007808,-0.8142835332983176,0.14190116281084916,0.9042213729738046,1.74906037673484,0.8014111000555766,0.10566831782920379,0.011400417360659984,0.0011628922826378697,3.049684000129693,1.5675859298243742,1.34090726103534,0.6147508479135478,2.3881726045628646,-0.18983077512600202,0.6365693422104027,0.4215083296955545,0.9502611589875806
0.31079210257958306,-1.314173986535398,-0.21133096329452478,-1.0741352518707792,-0.8141650841690374,-1.9713741564627234,1.454523120592124,0.6813625981478635,0.5979858054138063,0.6381776856048408,0.6361292440647823,0.25407957672182363,0.45988865642075216,0.33088021044426846,0.7901327923684345,0.9631890343902584,0.7290984175482071,0.009838624313894801,0.8290794352556473,1.177549430171838,1.3475392378475426,0.8645553038110886
0.044688760623910063,-0.7426770234177992,-1.0945719093080373,-1.5100940430098888,-3.243139098865783,-0.49282160883432674,0.5987799581009935,-0.13015952013255427,1.8331802066624434,1.2666546790668285,0.8213398655374382,0.2514857421979994,-0.030330025802731822,0.6312825993740874,0.8319268373248768,1.0432559559331487,0.07048665870794202,1.1873422226782966,2.100761929586252,1.2349449090451428,1.2092974924242268,0.1521184065574909
-0.4202953910596096,-0.5893516470474416,-1.3960469675723255,-0.056435231733536095,0.6801215915577947,0.6598700014084268,1.1796303526987633,0.8921949411592242,0.7830730540475965,1.0280307645148061,1.1234124553549252,-0.41293362815881574,0.360942200441349,0.660744661292815,1.2531350404556316,0.6370472720878928,0.7058929064627659,1.127750957609066,1.7830762596087062,1.2060350591940603,1.017494790227673,0.7716546066250951
0.06013491483682408,-0.10335885341675195,-0.3439536400155076,-0.2238711447624044,0.25779143381174546,0.44431142558885917,0.34239751470495056,0.2997421884226227,-0.44682669012938075,2.0329468336883463,1.629683685773592,1.3574837343895492,-0.05076394181319361,-0.3928560273053268,-0.16900800900876436,0.5653059057120237,0.5347799770133362,0.10821330148346807,1.1344695413732138,0.8543061771279801,0.30118207919870094,-0.5346500427316855
-0.32589593696973185,-0.9061953698818007,-1.202943981791661,-1.0790180558268947,-0.11496804584659699,0.7114156894620122,0.7034544723992517,0.5540313333003823,0.6252339505779497,2.021928771296936,0.887908284633167,1.9698116956950724,0.8802413421658152,1.1453005105324243,0.2646747201714438,-0.1403490776423873,0.2209011636892474,0.6658597045300417,0.8923441304940736,0.716158918898509,-0.7811225820323211,0.9742992216939185
-0.23223426228313562,-0.6657367382656747,-0.8274474876317767,-0.8335421694891958,0.05761864880064933,0.10066807385994823,-0.7337651331734811,0.11498968931063354,0.9236277370074554,2.7026375188022507,2.9518156085464766,2.4252476031423704,1.4252072594241734,-0.6294333628012457,-0.26190760348147657,0.27981511164234624,0.9189047882032013,-0.42031993271020907,0.3128736224691203,-0.5775113030824075,-1.0530679204545086,1.9969394455108533
0.1774155891486433,0.0890493325017579,-0.21862519508516673,-0.4671924037249081,-0.7245555560597484,-0.06000470624326344,0.4534845443015322,0.2773096389915252,0.47416770258451724,2.4853780099097085,2.645141852770879,2.3954315040090997,2.381530225507101,0.8318574298997176,0.42505454785529256,-0.009103443454129135,-0.22304984180155818,0.5126956370052049,-0.129113167055136,-0.7965466519871085,-1.1302673509561618,2.3499442578733882
0.39446868892797854,-0.4756532692259031,-0.7790420263844398,-0.9975928088528033,-0.6341946439346619,0.08470470742630463,-0.44516136102865056,-0.3707952570580771,-0.15944854110410486,1.5373491908773607,2.5325739425381797,2.4383218028306075,0.8655463353327039,0.489456963426669,0.643796843854577,-0.17090794943846718,-0.017870940662476936,-0.13711944578447646,-0.12562525457605325,-0.7070511406783526,-0.856692031164119,1.5980081191175641
0.3743940452026925,0.0366819220399117,-0.45905471672778403,-0.779492654389113,-0.4868245558017487,-0.1915917655976949,-0.09832197562749574,0.140897428719631,0.2592588117432826,0.871683982019706,1.5805868708655677,1.8124169594634902,1.7917600040318256,0.06842872941943608,-0.6141789802600209,-0.31406721075856125,-0.571348445873735,-0.45591872669171796,-0.7048400972800565,-0.2598027427826677,1.4361953883301326,3.272518282016212
0.7499098382901025,0.5848473593666457,0.26147276932431807,0.4591258785125561,0.627161188593779,-0.34414829458402363,0.39721677934695604,-0.4969203655193913,-0.019100327772644646,1.6716716277810868,0.4272195498926035,1.168877617580429,0.6508614282897256,-0.06961153154577635,0.19332909605539955,-0.6571763563179989,-0.9151800073043487,-2.835699662008834,2.8182809278080154,3.0929312360584666,3.1612203091224886,3.1453662321310567
0.6928719083153166,0.7608691965217157,0.5025381827665217,0.13963850697235636,0.09080387804126579,-0.2211165599526441,0.2601081174549132,-0.2900787040305885,1.6254921437161793,0.12668095098187743,2.0418237882635104,0.29230144177076706,0.4086366824979827,-0.015019657779677597,-1.1457658604126786,-0.26902119587273216,-1.7538156071252957,1.843496566233527,2.377151152418436,3.0671965293958166,3.4961211446020406,3.4794460877500932
1.85956626158769,1.5703158035394922,1.500382850141354,1.482309487630669,-0.045746133355392404,-0.07584191922073705,-0.7851559812848927,-1.5784665006458198,0.8851796859645927,1.4003514168161977,0.6832569093752382,0.8395240903896831,0.2207154522173491,1.2536598521561046,1.04019636620524,0.24964992699386218,-0.4067004510935964,2.080388670193317,2.409719255090484,2.869675062787195,3.719325598402127,3.515149376970674
1.544792137010132,1.5717784818504588,0.8077955965911536,0.5040034992557252,0.12747342723243285,-0.018750223309267847,-0.6935246598484432,-0.26182122526216867,-0.9001766375087784,0.9080782652719824,0.3725535232698597,-0.45437499660308467,2.0173878928493223,2.3056147975203007,2.2155289243302723,2.246762193363444,0.901418193723391,2.074317655469283,2.84019776143195,3.0639050058625346,3.387076479025138,3.005454108508678
1.4516432939214206,1.0667247640923199,0.5004025436295338,0.1366181551665741,0.5668991821021642,-0.029292622112930686,-0.3426697506943927,1.1648562284562605,0.5646629518712067,-1.1535659318884095,1.2991165053529743,1.7177820939210284,1.6879713236970861,3.135201642846117,3.0175602921165288,2.7877149949632845,1.8365159095385,1.2797531753842661,1.3248593694883914,2.8075948751509388,2.9083811413527916,2.2649598780074385
1.0179796180926453,1.1571880388744649,0.8630560086527856,0.5414608796523789,0.24791950118309972,0.08201602454264384,0.16855476538256028,0.020929569758208748,2.5026934663371287,2.551627696201392,0.8345997759027907,0.6889585236591419,0.9192665477482955,1.1028760230404104,1.614434225145761,3.5314261259168775,2.898115312642087,2.4069376529615716,2.61699977457166,2.627436387283497,2.272813172819728,1.853234108929812
1.5919925524779999,0.9927292597216116,0.39360825487320306,0.39973254868655883,0.15771305499802662,-0.3148901417197673,-0.7895127088301308,-1.2898507193521227,1.5889049467242191,2.3513554283021745,1.0521740125235546,1.4407702071325188,1.3090622399766438,2.266934643736589,1.8090692345315718,2.0823920774309914,3.4561842711962663,2.2683628465429764,2.1511912207100856,1.9205075102350906,1.7834731069060443,0.8335077948027249
1.415292322766597,1.3400605158030894,0.8084282719161039,0.5607844543029132,0.8288964465278794,-0.45280267894855136,-0.866078617537533,-0.1740351931552908,1.1269128582447419,1.3509294219016992,1.1831052997644882,1.9023432845483583,2.4312048327079494,0.7523468121680057,0.5936322152470141,3.724799225071163,2.591784294210289,2.214896539231544,2.2919581429789377,0.9878902257695106,1.8173406395338456,1.1060226127136643
1.0776270568639723,0.9661683270552602,0.9373289558766765,0.49009773492638253,0.769367241655772,0.9734383199218112,0.6316715821012507,0.7289732794082713,0.5516844807309872,-0.44811641645076944,2.523020398243874,1.830242225211205,0.3415858162785647,0.9141086905256814,1.7442668776465964,1.0270052728202224,1.203707692382533,3.229173763793626,1.0974784921360052,1.1040782739929476,2.2704016710239587,1.5758337321365792
0.803192874092229,-0.3896006994281032,0.13954910104486157,1.5471601124087855,1.5233351463847515,0.3903454274611567,-0.22624906202436118,-0.32801752179941457,-0.13090170706670629,0.6022736035109175,0.8364315734524405,-0.4498475378124722,0.599917787778701,0.6837561110251693,1.8582270137136006,1.0410974273205624,2.5435286692553065,2.5486050625917236,0.991659014176173,1.378136940337581,1.3180545397453116,1.4077656453493206
-1.012452614190742,0.9815441076162071,0.6467713978224606,0.0413846161182316,0.2594386328874917,0.0786281179027353,0.22149048060851736,0.12123801296876359,1.0685099583623352,-0.026443520258607855,-0.1559866829763848,0.5547134108198056,1.020697205370109,0.43875649863854366,1.4767348576467756,2.036628145953921,1.6401797796148652,1.8216092511807667,1.6525697576169218,1.943685751466854,1.224111726563301,0.5502603403565701
-0.6360609933739503,-0.1213915066691095,0.12586068793054295,-0.2673301853581079,-0.5289416125125578,-0.20239787008659274,0.01863392979579458,-0.17367772867378764,0.21227795309382447,0.3558978084668792,0.35943377870058907,0.3694063581580072,0.9486980110834421,0.8697381644316986,0.9368797426466043,0.532785532577385,0.5390972751393556,0.9702012545342416,1.7916465475017385,0.7161311311718367,0.30443656225487203,-0.03651747480513402
