script/wind100m.json
{"header": {"parameterCategory": 2, "parameterNumber": 3, "lo1": 3.000054539987559, "la1": 64.9999836372058, "dx": 0.5, "dy": 0.25, "nx": 34, "ny": 52, "refTime": "2026-01-09T02:00:00.000Z"}, "data":
[rows 0 to 24 of 52, columns 0 to 33 of 34]
2.091296501048612,2.926526177349886,2.409441802198557,3.236562547267105,3.436192019782205,3.335393259628805,3.543918781972292,2.656298166224055,1.2733743694927038,5.891600474635628,3.5922360033335843,2.6233292165126043,2.5297994035380733,4.760243085301835,9.11270687706654,10.837195575178653,10.041001416233941,10.03903962223841,8.740726651840337,16.155639735066426,7.7101029900095,5.973023955620657,2.53024593423048,1.1176911618594467,5.813686881165529,-4.129403129120564,-0.21648173864015888,1.9195718246400302,0.9383855107504917,4.153124122004288,3.0139468770607984,1.2535773662011829,0.33515227112758594,0.24543160637019898
1.8748068562167208,2.135707918921968,2.414614901187617,2.0957284137979424,2.554510285018664,2.724026443899627,3.308598889103717,4.0701871331669635,3.615286661634694,4.981976014350375,4.016898956166425,4.468534191442093,5.254162929127234,9.497260875741839,10.71716939357765,11.131340933387428,11.979086017740185,9.603661846308404,12.125509567896259,8.859021370076476,7.729174930118206,7.271669894377391,5.564836346606594,4.911231795472167,-0.9940274533825166,-0.2691081670209882,1.7628784837287517,1.8391504116930508,3.7851433175325204,2.934581071105954,3.048797052411132,2.504114972184518,2.4483153879540898,1.2079393175855788
1.4904138679704002,1.7297109325537938,2.951158673099499,2.375619103166526,1.7655718505029203,1.8160997532358965,3.0583033927237806,3.623597938990299,3.938305741377675,2.745905575390282,3.7824897157830755,4.3795269072427985,6.508199042712874,9.624729942393248,12.036478109613439,11.637286916414267,9.01798598032796,5.342343835157856,1.7683715285041397,9.961040308426467,10.438358017882193,5.477740522390457,3.0853752157581043,9.320967443764042,1.6539690802155413,3.27836353174846,3.4374547938896574,3.5471072874404967,4.696829194457501,4.707617067613028,4.859934477907031,4.371954143477822,1.884745356942061,2.333261068809655
-0.5027306400733738,1.424869367405084,0.4930807569608584,0.6645139218612299,0.21133119094541855,0.5867783869231966,2.8113960055321088,4.182649589685963,4.274933345804385,3.5513466085517096,4.44374170473979,6.6545847347835885,8.40431452193137,12.20761929070234,11.683176415497158,11.920727161672401,4.542921618105282,9.833243488624284,9.466220832871075,9.026348310844423,15.735844829965655,8.128251438004744,11.711728416455832,7.595467462494465,3.723327610421281,3.874237909999664,0.8386710170477905,2.7807511839856707,3.062111567029138,2.9169307332286523,2.177064665181125,3.3128240589416977,3.757137454385652,3.769630921421762
-1.135395538829949,2.013723485745472,4.842092862282492,2.153280298420739,1.5484853178436548,0.5692488447760546,2.318285457050672,1.011961678179864,0.2869442435179135,2.9486181218422116,2.8836557065621835,7.622390093956939,10.120629371339264,11.2278434838638,7.5170749877904885,11.250842707107827,8.972979674794992,4.882815839978547,8.584392010680272,5.939025158842538,16.298782435251926,12.015362180062425,6.196486783190531,8.265179498244116,5.556598278873063,5.1744385000144435,4.696262459994153,1.4113487953960304,1.4070278433988148,2.353375430582085,3.1245296081838205,3.305632535275573,2.7343453111359493,2.412267379334126
2.8145646191069886,-0.48975560380882033,2.1867889563911787,2.449351448447925,-0.38465749557626205,1.2489655923497265,1.8744618041069578,1.0857458428670124,2.9609704891457156,0.23932434881321152,4.45997812849794,7.449752983274122,8.968320544188108,9.36643316316231,7.471734259663539,8.662948507412688,5.893971334886988,5.701463719527598,11.249454325583905,9.634503464490713,4.737412417362201,6.390544741812437,8.068443387559627,7.38141058524877,5.315327857688359,4.8915964775164715,6.4013910904814875,5.089008207538539,4.1340208445856845,4.082948389305893,4.015031170477642,4.317605822164862,3.273871663901318,2.141038870453529
2.936457618280939,2.646879684638887,3.28060199569159,3.608218485504008,5.13534158468706,2.0147691746821326,-0.22533936258711226,2.270961674695764,8.710634766091562,6.451220264902767,9.9789260801028,11.41306528137153,7.372926584810416,7.50049934928361,8.100608065273088,8.161434112725399,4.549916897850774,10.682234608067947,10.49332339447208,6.915941157042108,3.42225290686192,4.8857310216279854,7.119794323624025,8.652641109856809,6.566467175697273,6.850797060793432,7.370104205455144,5.481113686657064,6.273496990342261,5.799697218818093,6.192668540054192,6.402286155384891,5.719897507798165,6.557887668948317
2.166433385962252,1.971369915373971,4.862464627457388,4.881624791837088,4.97155013508179,6.745757871775273,8.744922773479953,8.137954363459103,9.663420080742144,9.986746542010021,11.035534263437485,6.040007742646023,6.361777169414132,5.0870712221619465,5.8342755618523405,11.667038042079588,3.458821904452895,14.054049354624482,13.852683358233364,5.823629704260575,5.282179128762266,5.359494769560588,6.22524712115411,6.3962242943727015,3.6466571694274363,5.277312336856386,7.315209904746288,6.819577007998613,5.712359482637746,5.367133532431372,6.97191776410927,9.398212209121908,9.541977234438155,11.746023570072584
3.5219720026739054,4.584929833094853,7.807332771844856,8.6979330457543,8.318046736836738,7.876224263363565,8.501007078045193,9.093542162525527,10.29719892428247,6.966842896151519,6.610178042584424,4.583637895889673,10.204241265082041,6.852295779140421,16.00254060102467,2.810360799056943,10.95012806558506,18.66346259037456,11.188441974854905,9.85931078648,18.046579450530015,11.137926611365655,10.205497044447409,6.2827939835374425,5.827846635730899,6.298621334527929,5.810097471737418,4.899473794814698,6.180171754051514,4.632074148584832,8.807646746962748,13.604300387789657,13.070075466243788,11.981326572969952
3.574916134966448,3.9053149637621942,7.944124256431574,8.27041978540071,8.694905600785713,8.442742523329336,8.04942444288042,6.956421539630828,4.481721430142058,1.4963659818461101,1.7865992055140474,9.835916689586787,10.634587600676216,10.720633842472976,11.55940598463255,17.03429383667385,9.244162469012924,10.443098498782634,5.656797533283627,3.951548870699063,10.839509183665136,7.21146262168316,6.831819020667269,5.306851273989662,6.103656230122238,5.386784876707178,5.727345271075689,6.2477423585888445,6.585928252769803,5.8935742819800785,12.136020969911096,14.27419215081248,13.104534151480927,11.829238287423994
7.409499386132032,8.33966320493121,8.619725974829286,8.617722629996326,7.95679826818177,6.025046512370914,7.606208593503949,0.041063399598385134,8.751392358849563,4.492976065640642,9.3855675338423,11.767059160516062,9.573734245544092,6.551375336561243,12.310600297631208,7.991296774788351,7.83776165560211,4.923933459675136,5.629931407239263,4.508250077907612,4.194600151419282,3.2568900297855974,8.703807926506245,2.981509643663672,6.338448033621708,3.4540675330121218,3.729456282865249,6.957228611067932,5.925327647166757,6.222085910652852,14.756496120581177,14.317316729891337,12.882295582018141,11.730524413847617
7.729091528791315,7.703127418714923,7.763808403515716,7.803776681971164,5.004190532842658,4.844399138763833,8.453990390557395,3.963514988459539,3.2470372633233238,9.272024737765348,-1.0362012872062725,6.218083694171475,7.181859679187582,1.8763545602825997,7.721026934293066,8.423356592167718,11.25796886548411,11.761103554078666,9.486945203755196,12.061472747849566,13.350918635158076,6.467744702089278,3.657531366398646,7.4027576896766005,4.262432949797834,5.003799020351801,7.165517358703982,6.8804067247964165,6.358535948166015,5.946025761882349,14.895958865276375,13.855043168276973,12.012927945129006,11.418645651605722
7.010599310316933,7.861441441497368,8.647498815995954,9.075927768339985,7.395755266463137,5.4958023908502955,2.271149436676123,-1.3354817200828701,6.601871893197864,0.9245645762887068,2.4002270500092417,6.57242830394692,9.397015290585793,13.66981552868963,11.928913759475614,15.10974801100865,9.54135376716599,1.4744245135635434,3.8432155895955353,2.841871683051535,7.838664731317839,6.5822886507324085,6.13122872882075,5.980343253149085,5.237564834975176,5.187602134131508,6.492198199959269,5.692383283040103,5.076793121337055,6.653603789971881,14.089370925323815,13.050988001700645,11.749835151989714,10.219657751898584
8.091098760875125,8.73544731983041,8.190604734474686,9.164901195599137,6.764472264412606,8.688691325891261,7.666364012540148,1.124194563480918,13.834963505583081,9.542871499803226,7.911593775483202,9.85572169694666,3.208890356013165,2.7576164788713093,5.3335184636829025,4.491000021750339,8.877550622560767,4.119770569784225,9.913254520677098,8.916091920651136,1.0137866148053203,9.48199286263065,5.938634641193021,5.394147483636103,5.348726568573437,6.119788390946423,6.339760513873377,6.376171904437569,5.751448222952574,8.22957204329898,13.653890132263989,12.007024576443467,10.509990376470737,9.491328927585382
9.073798640708462,8.457193809522193,7.140723064705961,6.3245990497237905,1.3195822295800645,3.431849860463989,-0.5615165228208742,11.430626539283889,1.3086626151838632,-1.1497635502892893,0.515384360237749,3.2202305136728957,9.031268608883703,9.944960074968659,6.744063890576828,6.899420442051045,5.139033679660231,6.048917316382354,4.134860208771148,3.788749781613664,3.1628036831873043,5.8092888093202175,5.006736969921456,5.282559241475505,5.442268131523756,5.807197535473537,4.705845682044904,5.3278957936754505,4.854287886294986,9.598907484770331,11.789903263658715,10.535715541493515,9.82267520327348,8.455071425385304
6.2791235651922666,7.687662891085377,6.954505409806371,4.613066875376133,2.8171840865376123,1.588587155191112,1.115113273757236,2.2171015178208764,-3.3697825758500404,-2.519717683900195,1.8273455990610996,10.28793067732434,2.2894940829800623,5.0665876501394616,1.7452447811940865,5.682110827441641,7.1974465990282255,1.8693149357145253,4.552383616567628,2.243800060904373,5.37261461909987,5.253260129967225,3.2044978437186487,4.795924068722908,4.059851706403621,4.3964683235813125,4.5435856682396105,4.204398188657092,4.987554135085711,9.098724189059446,10.176571272229145,9.557545001668394,8.325875935276652,7.046737872538001
6.305698271189945,6.773341975306621,6.634605933389144,3.864909899703009,1.109534407692229,5.796743095177281,6.167164527514904,5.366990294286363,-2.5945764101185773,14.777149883701306,12.172539958538277,6.729305708074615,3.5220622056714195,0.3189005106134183,-0.9560251184249202,0.6417846008897811,3.5330584844328055,-0.1609802587465995,1.951476190024533,-0.32572984281082923,6.073661337027181,5.714994816246415,4.948964474610646,5.872897524314499,4.786153576603398,4.0527427412251775,4.409843029147241,5.19565337270982,5.898645827980392,8.55123921303744,8.018570990058393,9.277710089126503,8.084183260147736,7.189608607865518
9.570148295943156,9.496412913595384,8.759192347295183,3.3951490334282113,2.4003385694683157,0.5083627062152432,6.229553065966885,2.182323034520029,10.3901878722862,8.841536560691553,-0.01905335547144501,1.4298369670139008,2.27424716431987,0.9937859439543134,1.975413163293757,0.6273639734177132,-1.7817029738151957,-0.6922764220443512,6.028131289322312,3.683307052400506,6.491821706715268,3.8478845982100127,4.492030694387642,6.8172803308401395,5.309972542400961,3.912142765587938,3.5286605862436096,3.520045668258414,4.770216281787858,7.453400721419261,8.950615166187845,8.995097684995425,7.25206664852467,7.255359998108077
18.01303656864304,16.987148718760523,11.721500911430422,5.752104844593047,-0.40422184281567386,1.1603843397759812,0.5066099000130992,-0.5265666683187004,2.006650051500008,2.101900727886278,-0.7249100658812755,0.7837503889442423,3.3655078496082025,4.548707600450057,-0.041779560628511306,0.6329362999694764,0.7076883533675075,5.1171006222730675,0.4644108248843266,4.386732360506924,4.643940504558097,4.646049371751493,3.7279368247317937,3.3382484000091504,3.4903978030840443,4.41002012440251,4.374652136249987,3.817260292183934,5.947088630281303,4.809089927675699,6.016374489179056,8.241472596700532,8.024680089100304,5.580743067280086
19.952971662291286,18.885230705248166,15.065812506492154,9.866316560875735,4.305165567191399,0.684819280962019,-4.632542612281534,7.737692887979685,20.503658804039485,8.962266756923917,9.536524025141109,6.233428567784396,2.2684151919089244,6.354299425529743,-3.2169815729361715,7.113654470275289,-1.4725510225265066,2.503215834569641,2.5423825797247783,2.9685150190738163,3.3158455706439107,2.5703438536129926,5.537177675902272,3.9292771406196,4.663828376806953,4.219726871288255,3.513631538321775,3.3933374615993803,5.7670142409958,4.745102061728758,3.54961884664238,4.701757927731653,6.700525296504346,3.0642667198931024
19.239754645151926,17.980458315871164,16.75537566152056,10.565341219747758,5.689087016854141,3.5660171685433757,5.225217013842568,4.957604841049169,15.95778987000778,6.837621872405805,5.227576334305934,2.3567450283364435,1.4506479893744533,-1.9502818416534093,-1.9724103600837992,0.8332017262573401,-1.6147164033304442,6.454746584532994,4.24211239616572,2.648142249547662,2.566686909638673,2.3571314405706043,4.1214572733549035,3.2427640431329237,5.491215022585973,3.9113523642179198,2.305759448510655,5.069723497171061,4.243313948689427,4.260327230592428,2.4605320975044283,3.903093396110964,6.293146273322684,1.9337778988089522
18.03844293965449,16.840025881912418,16.92191539384605,14.910659737823886,8.217128231811808,4.965262103538886,-1.5655390267352978,1.8094534016327113,7.177593340492653,-0.04485275702187323,1.337169915962597,3.099698033855412,-0.6657460628342012,-2.8515274227247516,0.09165858581182798,-4.782491540496178,3.1647632595356683,4.891935781943277,2.218485939347121,3.1328219654428655,2.5667078811232664,4.711017633917596,3.8885387654907646,3.710623448650699,4.322000634978747,2.352050663007997,5.053183942417218,3.71046149762183,2.6274436551907585,3.136466303081213,2.0862670809003685,3.33643499651072,4.030392829761395,3.4478049702917866
16.907072693643435,15.705861752941589,15.751041533613279,15.33658063869342,9.842869235117675,4.514964791776004,3.7697636030996575,-3.106314236639845,8.395298016617442,6.490405952509252,-1.2386388498579242,3.1109398924928384,-0.36551863053759565,-0.38642578196674177,-2.0969435849105733,-1.2651566012363737,2.3917097920277937,4.265067176785417,1.1909488386007476,3.6818930997413584,1.9610836555395887,3.542487537984195,3.2276802595070255,4.185047011777764,2.1177994622324605,2.631337360199483,3.6042797538041422,2.0315133399185266,0.8645784273486425,1.4345211121675503,2.915986875024583,2.675825962500612,5.070668469437851,3.9986413699836416
15.682111448698048,15.053362799783601,14.62723729267033,14.700403834769077,9.63621923397098,6.0315529547768385,1.8089784644332536,8.493936794112328,4.7208538069816575,1.4919404635466997,-3.8883911230797543,-1.7545231339943221,-1.1048979727773416,-0.5378602749663837,-3.3287451196112188,4.566717232309521,1.3333466267365826,2.7535754062974265,1.5694333589757608,2.3959093176677686,5.229974777912123,4.785996851249919,2.5131747651374603,2.6561577026763725,1.4592054882472802,0.4544674687217281,1.1136058004766929,0.6631833957061697,1.0010352241696172,1.6067700635202142,2.7267544372294785,2.6103468008026542,2.8159539123089026,3.376323583163888
14.938373793736597,14.185788917446192,13.322077051382015,13.267163325752394,11.161516612832207,2.645784618420058,5.435516650710358,15.476791311830068,2.112598831884019,-2.192210839098525,-3.0330063395455524,-1.327320987978926,-3.4152280430266106,-2.9101434669536443,-0.16058469831234792,7.068505539423474,2.7519461130745153,2.4405563865330273,3.635735079643781,4.681378388707024,3.962868503889242,4.960807792950403,1.9526359629424954,3.8296753860416217,2.0107010695522565,1.2957459081871487,0.8688097239240222,1.1054762931362088,-0.0922934100194392,1.398816747244383,2.522626218895109,3.142833901737634,2.9014985584307396,1.8966933567361102
