script/wind10m.json
{"header": {"parameterCategory": 2, "parameterNumber": 2, "lo1": 3.000054539987559, "la1": 64.9999836372058, "dx": 0.5, "dy": 0.25, "nx": 34, "ny": 52, "refTime": "2025-05-21T10:00:00.000Z"}, "data":
[rows 0 to 24 of 52, columns 0 to 33 of 34]
-5.080797829035197,-5.2404215347689345,-4.682050353511708,-4.160251555991905,-4.806258692571073,-4.535267880585036,-4.9760286911226235,-4.895299608156535,-6.194911671304207,-4.477586773906019,-5.475154134862898,-8.839002318535899,-3.2136774505841963,-5.163358644522396,-4.14408868952482,-4.241679412857855,-2.8060520810874907,-2.194002327917031,-0.47880729508255826,-0.27423072035250545,-1.3349304405243925,-0.986104208533771,-2.3603182884786764,-4.262212246175057,-2.8406778210393298,-2.28307236160144,-1.6907190967685168,-1.7712596356869568,-1.7050629402461108,-0.9064778177946559,-1.1865802086552786,-1.2344422471091927,-1.3824367941015192,-1.0356165275273184
-4.951527777558979,-5.062480502369655,-4.5177084334533735,-4.180029967472159,-4.661538630661959,-2.7116971348108425,-5.44204624882564,-3.1899714681500173,-9.389511828427787,-3.083796007077119,-2.870586421801802,-2.8073902352309092,0.14153581250225727,-4.033217944131612,-3.9499314384475652,-3.3379390718732234,-2.755446019415323,-1.7112435189658048,-1.7318429323044076,-2.217036163386769,-0.9543234388672607,-1.6813214696720038,-0.8448255345417482,-2.3945610867308194,-1.2332231022821802,-1.8324006000618185,-1.5572963099283728,-2.138917599712928,-1.409510654340808,-1.6929914044683332,-0.9910337411122859,-0.9631210711930531,-0.9714298199745229,-1.120050056214726
-4.700381015844772,-4.3178522221526725,-4.986706883379446,-5.036023237537808,-6.328530441742039,-2.8665570779123395,-3.997965741337186,-2.895814422866753,-3.4906663754088783,-4.150725403610775,-3.3504014676819005,-3.141748243413539,-3.5640555214638803,-3.828620104236532,-4.358889473707255,-3.1486203342810835,-1.3340667566443114,-0.3065350614568921,0.0848055692820358,0.901405055608796,-0.1702768156354932,-0.8455264324750186,0.2026776893634134,-2.0229974378672217,-1.0596822523193183,-0.8713852533626208,-1.5658080982071143,-1.2573115505170978,-1.5036942576322,-2.085113590106491,-1.188766274418057,-1.2914981233002159,-1.3929983303893636,-1.6243921177992406
-4.361348463037708,-4.517814288136714,-5.478070020882261,-3.2508176868091483,-6.155127552181015,-6.679359655832131,-5.39284342828808,-4.340930180951244,-4.278198681777612,-4.19158658860636,-3.5223077800257037,-3.5208974473458974,-3.7476484132420835,-4.743620462599319,-3.9992891596630757,-1.5057649075522588,1.9694949908893793,0.5246533269272232,1.7762313342646385,1.6698462903746059,1.1537200869843374,1.5293080480528058,-2.2724626591356514,-0.850899739282907,-0.4442264938536272,-0.9430737769789409,-0.3050214195508438,-0.108034242516093,-0.8647223617665957,-1.4444767372551806,-1.3458268535405769,-1.1475556910787348,-1.310907712520115,-1.330093330328718
-5.445725151273692,-5.161412172751842,-6.155505705493532,-4.868864620563752,-5.237884211547729,-3.869539788875235,-4.4553095800365945,-3.87229070543399,-4.198836918715293,-3.5198507691307626,-1.1402141690475047,-1.6684083076962293,-4.859660515829386,-5.724373375230629,0.6033265627380586,1.7563274511712734,1.863305665694605,0.9533282594641338,2.7106148991404133,3.392045030474169,1.5257192422604644,1.4986870898117253,0.7450365272018634,-0.19888375872845188,-1.3035282845509708,-0.7436275505617439,-0.2996815945778233,-1.1141722275427188,-0.4455767418964359,-0.12041090424739676,-0.09456171535776277,-1.3779876065663716,-1.3686385278518636,-1.0851969470312122
-4.92000645167365,-6.117925868532302,-8.934314256203844,-7.083899201847088,-6.554326013395286,-5.27947031734961,-4.706332511539188,-4.217763132083559,-4.726870964970143,-4.526754127709391,-2.8139846286503585,-4.024023345853379,-1.8694300918256364,-2.2815484858090094,1.8500392596530426,1.9108608386678692,-3.063494707260273,1.5873835658212978,3.1738064640347727,3.4294727012206114,0.17243281750471234,1.3421432877463377,0.6563228416643667,0.584520477745509,0.48632441737515714,-1.2430672150022493,-1.0077717849773122,-0.5378841371296409,-0.4430688608978762,-0.8294713881216323,-1.1116443552231046,-0.4648022298054736,0.07187299259056563,-0.18900115256351768
-2.9361978617391045,-3.818564439973426,-4.6704058229256615,-5.849318751675706,-6.105393682072522,-3.751714571135795,-1.4248254688015938,-1.8100695072571618,-3.78374582448176,-2.816147670062148,-0.46712089159334225,2.163125124639269,-1.703557574236062,2.714761910792711,2.697075477947229,5.550878812783832,2.0923846210566825,2.255762373414671,3.6558981490071365,2.904641242198155,1.5272714057919272,1.8175407493108124,0.44494983202007127,0.7308091594842767,0.39843012596151883,0.7066084758011473,-0.1336962136235267,-0.07916761808853108,-0.7187162025585683,-0.26388098608398636,-0.836020310277525,-0.2350716824140179,-0.577844649503355,0.8587826939341329
0.2145724838456087,1.0594797470068216,-3.5095948506726087,-0.1963330025919773,-0.8501589745863565,-1.0904940905370575,-0.723103321539552,1.8346438096828186,2.969186069322597,3.3707205853425823,3.8029974177613277,0.9546421821005274,-0.13128079961278943,3.9294444690745967,0.7250396497851985,2.009765770677079,3.2164796034554697,2.8164944826498246,2.797057481222538,3.0491053711015237,3.030159192324759,1.997770366929404,1.1305099886558754,2.0810065702430993,0.630738988551479,0.9745169338333323,0.38591947315182773,-0.39919457989414747,-0.31948670769816084,-0.23665857725159972,-0.19027770132135988,-0.6894781909915113,-1.70467251192068,-3.002941026739814
-0.8745573769812095,1.8691642384309906,-0.03312998679384465,2.542145003691213,0.7319994739111776,-0.25617562374584196,4.309165879905028,1.6142168173294007,-3.0741552908467757,0.08552105252785076,0.5787440954776166,1.4222555949314968,3.5901452369011215,2.8596426196626066,2.7944228668229405,1.9514086662840078,3.415578774097422,3.0755332808201374,1.6029702477715118,2.7229789425894566,2.125750036884372,1.5248046648935538,0.49070290941983113,1.3275989768016712,1.0815277983484468,0.7784555291373957,0.49264532557574586,-0.422689337127818,0.17417330988475055,0.28818094840659086,-1.1728905984384088,-3.534363468209593,-4.6946378408138605,-4.407411628915127
-1.9437771616992574,3.1655405835737396,1.43062126348354,2.5801858684149472,1.8108047795093507,1.0652586132190898,0.8684524895014062,-0.33532430669791075,1.0026373840336245,-1.4253017333972207,1.391726541726334,-1.1279029905029883,2.6735718390229195,2.2671099512496418,2.1781342092002545,3.1905588749809324,2.4128904076423967,2.757025815034638,3.2297252401670953,2.3089721080133887,1.1917401752899681,1.1172895262789875,0.5490488490011661,0.8207092452426478,1.2835905894722994,1.371445660540695,0.28095088629265585,-0.0013338388795614087,0.44601863575939527,-0.049161073209419724,-2.660129891436237,-4.694650770787707,-4.471891593563426,-4.632446571323067
0.7595372803465199,0.7592722962051693,0.6270529129134009,0.12702113190999537,-0.24173785681828128,-0.4973416710490613,-0.19759232094981416,0.83949091848786,0.18868550832245232,0.979286862463387,3.149699981538012,0.6761195489776334,1.65230305841883,2.049616073862542,1.960395740234881,2.8788556250993373,0.8338020869066218,0.9067332422185448,2.3554653809939,0.550562539475069,0.49932804601003183,0.8275379627700413,1.1807387070639803,1.0880726516106511,1.0604764321693119,0.6092542089175019,0.9943795004277778,0.5378691918080537,0.36764658132129235,-1.6827049996010797,-4.255838630325776,-3.24801251024658,-2.330085010186005,-3.664449580852989
-0.26331704142855017,-0.07755170667498765,-0.15962736728514923,-0.6648359382548167,-1.9843277841413265,-0.17787887491951573,-0.8970605055730527,1.6946731133759199,1.9055764568226041,-0.8025997254775752,1.1328416676758999,0.6601978750838811,0.42964094997643226,0.9256020666624731,1.5697530423416743,2.2448392938770394,1.625058702408722,1.256598523440358,2.0547980091994638,1.9714717868682134,0.4271549190202275,1.036403598906081,1.3823994597773193,0.15202994154400648,0.05311649453349175,0.6935905680242657,0.37928034885274614,0.12368176878415624,-0.28847765933493114,-2.3322561536135162,-1.7005304064170288,-2.4430161853058445,-1.1116922010851786,-0.9609388698715972
-1.252965379996041,-1.3975199767933468,-1.9247997441722233,-2.23348613213085,-2.1754827525777616,1.2991881180766385,-0.8366038717563166,-0.9286518489263047,1.6178816902311695,0.6105604483553754,-1.098591528229835,0.5928944620127046,2.1575069850568425,-0.13106558604119342,-0.3348237010488358,0.5935752437619172,1.1061357036529464,0.7837081125156702,1.254282138592732,0.8094647436386239,0.7573359862291323,0.8466395285420019,-0.6083148864231749,-0.15045443055139418,-0.17988120511506123,0.5020563603819941,0.4954752560363609,0.1635701902847825,-0.9449158684955973,-2.913309636312293,-0.5442144431937017,-0.23384329699162196,-0.43325149128519425,-0.07278495204633284
-1.2687622873540079,-1.567321146460671,-2.2080130767081476,-2.8200518835243487,-4.327520347934294,-2.554435443228415,-0.43624430390978336,-1.4330418693566216,1.9714531704102425,-1.4407094187733132,-2.200835903678416,0.7802309237011484,0.8913028689878753,2.419909077296932,-2.091982462579184,0.06523126222493508,-0.21856306138297835,-1.5876822392745729,0.49982126774993657,0.5235782667986941,0.3334874705062088,-0.4554748038653614,-0.7538681931175285,-0.6203653601195787,-0.050860788841972385,-0.5180668896218201,-0.07338938761301175,-0.6650038818725357,-0.8997063648431306,-0.8714640195410617,-0.04395435603311411,0.7099933406002704,-0.08041557949495332,-0.6712332666623578
-1.4196419345197224,-2.9588670945082307,-1.1833417002342914,-0.046910239983667404,-1.7363134161271916,0.5620180530092717,-0.3369635880880674,1.5975850853438733,-0.5307551362640464,-1.3816172440446999,0.28802621765495123,1.2447930686314101,-0.291004396859225,-0.41195543228926135,0.6413442329282917,-1.6161358054726949,-0.9209284090910529,-1.0580919509832525,-0.5586845507893355,0.7142438537044409,-0.25779628854466347,-0.018313545289102118,-0.6086640080206485,-0.4235255829804759,-0.22922611644615573,-0.49301884553314956,-0.8841595929521949,-1.0426958386593883,-0.6516084031927981,-0.21849450011202803,1.036994545508147,-0.04546399029286357,0.5012049546577964,-1.5198513068686663
-1.8846421841932306,-2.3000187485486334,-2.443688613337255,0.1319891220662319,0.6723793146754237,0.23561411554467185,-0.37961088170262713,0.30555988922372085,-0.12003753370346366,-1.7376150263284758,0.3510313332532128,-0.8913702774905511,-2.2546143809624306,-2.0319362813238584,-0.38186798507456365,-1.2241556344547202,-1.6940932047354187,0.4770313349026695,-0.1863406953200404,-0.5913223088338039,-0.48336093960153725,-0.1631770687277023,-0.3672558917677535,-0.7634012807411673,-1.1056234860838716,-1.0626084416325086,-0.8658531006028312,-0.1641009081995168,-0.6736387100498096,-0.17753027665179816,1.6938306617008438,0.8010512443904105,0.5521442031517073,-0.6566814020246748
-0.08430349526945176,0.22787339426453646,1.464289596771284,1.4768931924259152,1.6441446765928924,0.6733018777606373,1.5367473015916024,-0.33617046270498235,0.05454399234328266,0.4996231104650918,-0.1393897110455495,-1.5163575788766084,-1.3203126473974782,-0.4393070709013551,-0.7763453333987279,0.8948941720563625,-0.8998841272361813,-0.39982323108819584,-0.8691430718824258,-1.0719018876171136,-0.8535202744051029,-0.9678692071220971,-1.0605772284190809,-0.9537666868429,-1.217451257873238,-1.0081880102592697,-1.0261645740003926,-0.8105932959619444,-1.5230491336825431,-0.6267702249976789,1.6505021092684062,1.9111100202805675,1.320508727436073,2.833201558760365
0.7625302702895292,0.7968138074261218,1.1002837561932166,1.7004481876019621,1.9470127934045698,1.4004063385257488,1.0961073263203238,1.287113547303726,-2.2633742567493425,0.5078730825108836,1.0312812259031496,-1.4373742268178618,-0.9116452000513251,-1.0512670665628754,-0.6726640811701696,-1.2342995395819125,-0.7176059351529634,-0.5728773762730874,-0.6386440277275242,-0.852839227980247,-0.6963999855055056,-1.2381325005251567,-1.406254845149846,-1.606392894570283,-0.3970485150162003,-0.6820982955876967,-1.1200097669474818,-1.3346303447273606,-1.383277823377048,-1.2522857568952934,1.0552879672155113,2.36675495511035,3.101234772001246,4.876257707741216
0.7435869518492824,1.2192700743058598,1.531657168388524,2.187060874691329,3.021213837654654,2.421874684811717,0.9350792846582031,1.8356310332128993,0.04080508236030957,-0.7240504612925444,0.07928890988236216,-0.7178889841200066,-0.3912927433603895,-1.0395433630515627,-1.541525913008619,-1.5711336099679134,-0.7493445549600691,-0.5973937620586621,-0.6778399098805352,-1.470662256859066,-1.4087672661667212,-2.027808661090533,-1.504927272574613,-0.950083946464571,-0.7573713466660894,-1.2628404982642916,-1.273442733953058,-1.341781739919716,-1.342954221885469,-1.5169448004288808,-0.4117613554692342,2.6468394706793372,3.562711847313442,4.617667526531667
0.693793031607092,1.6085111422601277,1.3841047088493974,2.750560360209125,2.3879683296042207,2.013816902288084,1.1401221492484175,2.0823355445455176,0.8024977666828793,-0.5221106671840647,-0.5677991193912224,-1.2820899737774099,-0.15174844221969155,-2.639602139336901,-1.2872708139926285,-0.5414455700576524,-1.235011147057694,-1.1279495439331555,-0.7129701132964519,-1.311275163014465,-1.5660937870930356,-1.6032178962057126,-1.6446651105828214,-1.3490084233626103,-1.9999618660080198,-1.538303438064135,-1.4308473321871356,-1.3761657033421468,-1.2862966762982893,-1.0259749624356307,-0.7344970723151197,0.569304475780433,3.1219374511828177,1.976279000828888
0.27178048308422476,0.8815866402595977,1.4226561848919441,2.85460112984936,5.11160239600271,2.876730603896266,2.47148783167105,0.2584842481137007,-1.5919282948941949,0.18447943972013942,-0.9038062403138486,-1.1517294820261492,-1.5163033619723483,-1.5041527664551466,-3.478883782227624,-1.4581980093659,-0.9620191778884472,-0.8231656426618738,-1.6811236454367802,-1.2539608055389777,-1.5372154201835737,-1.8424913898162316,-2.057174228978561,-1.8350145659927202,-2.10657428248288,-1.594819581365961,-1.3431651916905851,-1.4085589747330158,-1.6321975801044895,-1.6368731151428635,-1.0606113673369748,-0.31097512677532124,1.432732750011721,2.5199179065845736
0.9890112308668871,1.688559030679059,1.6493952505907876,3.396308123725318,5.273919050026175,3.95382808911712,3.2755028130645725,0.859199227003146,-0.7259753756280457,-0.6379543679571505,-1.403529656613549,-0.9184770812632438,-0.6263884547475862,-1.9389082440461651,-1.8675348278812485,-2.937536858653089,-1.3449994843914774,-1.0038499158318763,-1.2645376949354161,-1.4342817930094,-1.9249397068437415,-1.4732384323423646,-2.125953927210828,-1.9271734442263249,-1.4289583073106769,-1.5738164208674794,-1.5334182266732617,-2.0403256018007103,-2.7560691561590263,-2.81868910952378,-1.709614768294649,-1.0176365291570284,-1.0990560605860402,1.5307006486419545
0.7656912361421856,1.7781550804625208,2.587895972912272,3.625737278830352,5.2304625077090146,2.920740114424521,2.2408606653807253,2.6815586829675673,3.892406920585801,3.574322726420056,0.23397002344274462,0.03249133587475613,-1.5662774858923536,-1.7596254228500339,-2.0267242065515574,-3.3595251068865486,-1.517169984268461,-1.249275284907308,-1.905204576729722,-1.9384918093785117,-1.2605457473231074,-1.704603195102842,-2.3301954321902776,-1.8830856733340149,-2.2331811839637714,-1.4697675139158959,-2.586214773801265,-5.05272565547355,-2.8190062438291332,-3.1795555144357994,-2.4259948668954183,-2.6342041917726275,-4.500717371319086,-2.2387513037352784
0.8827050543932634,1.3452284739663154,2.5618449249072914,3.6081094604579373,4.864002462624989,4.5725780863191545,2.694212709822375,5.13263673472911,5.7032625005206405,2.8566875666961367,-2.102598116354429,-1.2517511766496554,-1.3599119332877965,-1.5484544854950308,-2.290433027136515,-2.3293101171148756,-1.7847012325656315,-2.2112693266335426,-1.244949265797227,-1.2335297598714865,-2.0066407827722212,-3.6258291961069875,-3.0783706668759643,-1.9395504716241854,-2.934081597884301,-2.4185365014683446,-4.128456107546286,-3.4681386523377413,-2.4578055566608947,-3.3254570940614836,-3.4571125452714506,-2.399386998384794,-6.322940970445116,-4.454745916915832
0.858097859249566,1.5527620796258157,2.239838841364404,3.6380986062724765,4.817315216534157,6.62626327510906,3.8865601014875417,6.2061876253960735,6.636036013799636,1.9888534667387274,-1.0130238694784197,-0.5873774853514072,-0.9152269630393112,-1.7090671978455139,-2.6264337945562186,-2.0418698470908705,-3.2649163929985825,-1.4607951585621455,-1.7596065493433657,-1.4482554459368007,-4.754249212636481,-4.032659715921371,-3.3102106770076483,-2.671310665009465,-2.603507690302187,-2.2053267588932695,-3.684955290293773,-3.2745102493355094,-2.731365874199328,-3.925387725873295,-4.149337798263813,-7.500291100701761,-6.709788105736572,-5.3794454630403346
