script/wind350m.json
{"header": {"parameterCategory": 2, "parameterNumber": 3, "lo1": 3.000054539987559, "la1": 64.9999836372058, "dx": 0.5, "dy": 0.25, "nx": 34, "ny": 52, "refTime": "2026-04-27T02:00:00.000Z"}, "data":
[rows 0 to 23 of 52, columns 0 to 33 of 34]
2.7682941037000988,2.133021162325063,1.1307856703734693,-0.07540035267745133,-0.9095948535116368,-1.600244361442889,-2.2369018083606598,-3.039654407766381,-3.5934599534950813,-4.244440538838002,-4.772742725150501,-5.63202008757057,-6.177045935299172,-6.5712149414526255,-6.988608032391286,-7.2871229295970235,-7.340790504219519,-7.314448684931407,-7.641259931527239,-6.962238568206821,-12.443533310919353,-7.46027998072569,-6.1176226284915325,-11.508527589048274,-9.327625930699197,-5.223691021119103,-7.9259210069141,-11.415409317478092,-11.304174287246369,-9.728980526804762,-11.620013985794808,-11.926127096320165,-11.973933528100996,-11.762326351382775
2.3141182333703423,1.5841723957102536,0.6484876921753395,-0.038624088164828985,-0.9995053541931539,-1.6964236887967756,-2.3241126929513154,-2.9411264329319096,-3.4501962322245534,-4.005639780712908,-4.075592005248937,-5.205611956619301,-5.814538157971482,-6.329700558142606,-6.466980371740762,-6.4540844331215474,-6.405725558059233,-6.333976331306351,-5.91766964126097,-8.5170390861004,-6.303059888125651,-7.552126557874925,-8.599921509224737,-10.336783844326849,-9.984545832740762,-11.565979685952465,-10.202574280142025,-9.910691531288156,-11.216620793052165,-13.37783985861776,-11.520198469653014,-11.885024373458599,-11.190410553549373,-12.509641125147416
2.02123138775084,1.6188781735114295,0.7818538137019662,-0.1263232142622363,-0.9269693738693496,-1.6221869718788464,-2.0533099886262245,-2.546686346763617,-3.102801438192642,-3.477514974135197,-3.843768281080991,-4.448675722143308,-5.39496337921113,-5.907984571328537,-6.142431736108828,-6.0175728768071455,-5.723452664387617,-6.1674101989010435,-5.342114531107994,-7.539136707408621,-7.747848118206015,-7.542193427031199,-4.502109588585422,-9.013059359232393,-8.029377785685128,-9.915120700861443,-9.231141494643337,-11.227590474621934,-11.721870475261133,-13.434307659014054,-12.42152236353961,-12.745019169214604,-12.45375554416218,-12.248613639139402
2.0324784619542844,1.3091149581282941,0.6269668418810516,-0.33007095166531086,-0.9850636862889106,-1.5170494042203577,-2.095248334171222,-2.61726620875978,-2.9663307417483096,-3.2930392527530423,-3.6423699054326564,-4.256001604634576,-4.985827086383193,-5.654225561934602,-5.639148054842147,-6.046194716381267,-7.131008865694474,-7.29043622032484,-8.734285585630625,-3.6631278515639876,-7.593427283619042,-10.341718807983646,-8.015936883970143,-8.42542003773371,-7.566497441464559,-7.621544299772058,-9.926548411314208,-10.816784721507743,-10.95036936445224,-11.729246420000017,-13.390499676387147,-12.883114064342271,-13.320392887324404,-13.452771377791693
2.050653969645106,1.1425654293538907,0.5494392404534522,0.09866748431276091,-0.6258646054959763,-1.258043553771839,-1.7031723892527721,-2.268646220451639,-2.855227419142464,-3.221010156531436,-3.1733727882065748,-3.788507059466429,-4.220212089994978,-4.933204024982204,-5.215663262731762,-5.850321342793273,-8.29630811797466,-2.392237535874335,-5.080119349851854,-8.730256159589493,-10.429970525940695,-10.841393678630732,-7.897750453729953,-8.118638118100662,-8.852246039528698,-8.838236322757492,-9.47951595834074,-9.726616433121247,-12.863871975080395,-10.296882997054503,-10.814706892296659,-13.00752024847761,-13.174841429529655,-13.527629567175303
2.1734914220163315,1.2448895277240182,0.3172998042143133,-0.02640822690352918,-0.5099315550652016,-0.9960592104765833,-1.637429155970257,-2.064371789826475,-2.2110311657819692,-2.350790815196185,-2.637605068248684,-2.874391052375126,-3.2893534106032662,-4.056529887920778,-4.769824095446797,-5.137784544023411,-4.863249688290565,-2.8256448544646773,-6.4880551063879315,-6.4323648167377625,-7.216493329040691,-11.597259754560977,-12.296875889420086,-10.138164229777544,-7.563262452638808,-9.00017338604264,-10.211392343315937,-10.559246491821993,-12.936067390101824,-12.789243822537989,-14.443977037215413,-11.081479299041863,-11.50958225494493,-13.433123017826258
1.9766831772327256,1.1748470692240873,0.3325856355092167,-0.25787574952248393,-0.6852023288539999,-0.8746907201682425,-1.3006496101343243,-1.528287606673665,-1.361699412773126,-1.4418161497566009,-1.9402948716424304,-2.700828685050216,-2.2161787367897574,-3.8586700433426837,-2.753152783329692,-2.2654095570995234,-5.107827933767667,-5.872185449434254,-8.271527397558456,-7.418151240359976,-6.4183842856574564,-8.228816428190209,-10.174292180373328,-8.592751350674792,-11.937109303370201,-9.91821870782775,-11.746984315326161,-11.198176401523712,-12.28463257796889,-12.747518216847881,-10.969835745718102,-11.475667018193693,-13.618356246786414,-12.877220989554448
1.8219975637503487,1.126431059121202,0.21554633924700248,-0.5673971823225563,-0.9341746641701819,-0.9949642012684903,-1.1698988911349668,-1.1225359077172203,-0.7871097258927994,-0.3670942860532274,-1.015673441437299,-0.6228289473822158,-0.6299766348100679,-3.54964384069404,-2.6484405968125397,-3.2867470726211403,-4.480164037196621,-6.278415358398606,-8.242994208408795,-4.5909398985454555,-9.245471406168843,-7.447284476125624,-6.314476191422697,-7.447671673571053,-9.249685155746027,-8.566266188335634,-11.300508545870263,-13.17694028752893,-12.090010765401736,-12.382671788104588,-14.141556180087651,-11.38751954227487,-13.325476623463706,-14.212126321166858
1.963548669042526,1.089156261622141,0.06282871841486785,-0.798905833165775,-1.3370440004029234,-1.2836242040728447,-1.4982135372033312,-1.375401458482766,-1.8407007567826432,-1.1898382143402502,-0.7980581807495415,-0.22672802282078897,-0.6924168071862834,-2.4575203424170926,-4.00538018647409,-3.5216511377056645,-7.711292306045023,-7.620494776627188,-8.579464781166484,-10.5283785983506,-10.496088600623318,-12.198335782256555,-12.053995949414258,-9.321005889785821,-9.751491757793206,-8.9475036595731,-10.569994367970391,-8.893539104316675,-8.87654956861364,-10.73168152640004,-12.240013560876456,-11.260244084655143,-15.013059072568627,-14.98524520806885
2.0191625336959325,0.7064866739765148,-0.3919337253619672,-1.3299215681116878,-1.9359842952162727,-2.145873706445628,-1.9689211372029713,-2.006189673227423,-1.1080240403511825,-2.6247523407105504,-1.7525576593281695,-0.7231411961789408,-1.6828243284654312,-2.5546831649905988,-4.136316594012334,-7.09573646215877,-7.836253574864222,-11.314222910078259,-11.6797216781875,-14.923905741256089,-9.523203503699552,-8.4853144087576,-7.090386186282239,-11.575287845910294,-10.915691169420368,-10.769566170189787,-9.216394700182018,-13.3670419371096,-12.136233711550899,-13.485579557967663,-12.954652763397371,-14.27198032232284,-14.329169356340312,-15.532246512469321
1.4220199985203006,0.16126345876846138,-1.4647021868907562,-2.160266859782314,-2.384674806312932,-3.235891500049944,-2.6066431293793673,-1.8167155552914636,-0.39945564407034023,-1.3907924816885093,-1.6592338602556753,-1.181935916297567,0.7861029125399951,-3.577393147791587,-6.658241862467621,-9.069060793886882,-9.364001597086602,-8.297655074943,-14.420662213959341,-10.268542423961678,-13.863485150671691,-9.006076542146927,-15.99875155564599,-10.808527647492417,-11.535648558467582,-10.480010623966054,-9.102059773376586,-13.823411466434811,-11.88329401560833,-13.830517795669758,-14.47659433441413,-15.852757119454832,-15.623343176580025,-15.80794248376895
0.8873709462180106,-0.7542404467617845,-2.0148183028796804,-3.125990961449315,-3.190142855898976,-2.4946308214527613,-1.5033268398443378,-0.6493609365523264,-1.323346267694122,-0.8497479052200789,1.119949211662638,-2.5033583520806504,-5.398692464307864,-3.0524474425266956,-8.442508518369458,-8.403889488879429,-9.042177800499566,-13.780272627946959,-11.304051736661036,-10.010328965227245,-10.767716227344321,-15.406550349537602,-10.966880141641745,-12.326841590696066,-11.477341787943281,-10.85178720022492,-10.786886878072904,-12.875362127457096,-11.739328339019709,-10.45065145588291,-11.619446991422544,-13.863819055089568,-16.245324251727084,-16.28230794452994
0.25797622203075193,-1.615374406657826,-3.340920406440907,-2.8704820345338886,-1.236957570281136,-1.1404130030312463,-1.181976768241866,-0.9322028967836418,-0.7563333428815859,0.7717325402762376,-0.5180823449324017,-3.5283956767202014,-4.246722933998576,-5.490779761921968,-5.497147123507182,-7.432224106226212,-9.41770579571524,-9.939701542149452,-10.56980703486406,-10.856584185136104,-12.418020359452015,-10.294138309030272,-13.643122147398866,-9.528484068323884,-10.636587400821472,-11.977523633139045,-10.462419141393315,-13.529953826305338,-10.187304598729021,-15.232497929836649,-14.702872288042027,-13.440218167169666,-15.520596679332076,-16.421301215250235
-0.2680747415551915,-2.089156428852594,-2.859092117205734,-1.4554257354566749,-0.6591355458416462,0.29883708608766474,-0.44252460936687577,-0.13479573340241519,0.8647803229180203,-0.9190962149429078,-1.5418071767845465,-2.960683625974176,-1.9225656427697329,-3.8489932255600356,-6.2232828401416205,-7.722139529596509,-9.751540104427248,-7.967618776940272,-12.130926493399377,-10.21285789475173,-8.87841619183936,-12.184354689089016,-11.370557786930542,-11.239192517657337,-10.40161959383526,-14.92010479878786,-12.085777081335728,-8.049377975589906,-9.425821534562262,-10.801380435079881,-14.253988927225489,-14.298968349835956,-16.126036444833137,-16.765318266249263
-0.6480631663111678,-2.41765804094664,-3.336141762493003,0.6047306926491505,-1.1636286340540498,0.34294065997892176,0.33267454679603553,-0.015239519328560162,-0.3841381123062623,0.1142902813492269,-0.9651756777180583,-0.21348455316486442,-1.193364878140051,-1.9488674656736031,-4.036988912883156,-9.292835155944136,-8.277387218780051,-10.961897922832618,-11.497290068134058,-12.800813809204033,-12.285020176495168,-9.663108773791883,-13.637344802398182,-14.246572266688965,-12.02118122490634,-12.241731344060312,-12.692168700204482,-12.21519788489299,-11.898695366789257,-13.12724649104358,-14.177822189697382,-14.837925420682886,-16.263744942275284,-17.556359018422608
-0.7054775469448393,-2.6455684400657367,-3.065963414294029,-0.775182977138613,0.3907970443771755,0.40665071926722224,0.7822450510685548,0.5528023657275501,0.10742903728075015,0.17931517635155106,-0.0008668031581652931,-0.9919410098841851,1.2017232663275257,-2.2528681496092298,-2.8226564322239933,-8.632587595033463,-11.516154805302714,-9.157190495930474,-10.773287259951255,-9.758379937818585,-11.982870081477781,-12.23245671064983,-8.612581566632436,-13.066496685523754,-12.260375139097329,-13.24890077195748,-12.200155100854753,-10.010236537308352,-9.18392652004898,-12.229464212953944,-14.224863446306921,-15.820967302365178,-16.73893415625009,-17.689799681307036
0.015267622931761026,-2.1107057278623174,-3.236714192385202,-2.446390601772737,-0.736375692603702,0.7649333144699467,0.5859708743619086,0.9684754609095391,-0.413829501428519,0.32762863795804625,-0.7306440544271443,-1.4249892709295062,0.5463092316624802,-2.0355895826789427,-3.771609475863103,-3.2625324748712723,-9.516855878004824,-9.168814508959324,-11.334321047459532,-10.23412247993862,-11.051130902500793,-13.104861418519778,-11.869606340523772,-10.399206711295397,-11.679588517787415,-11.988562818193705,-14.349540423987207,-14.25084028663139,-13.180531937882991,-12.100350962698863,-12.768552536187487,-16.148016854091008,-17.20123256429642,-17.80443273340552
0.6407332904700785,-1.5396525550097522,-3.09300704181257,-2.956543456452193,-1.0993657812572386,0.5010121108519092,1.5164938176877603,0.7677379495770789,0.021012955484061492,-0.09274641216947288,2.2125152900257867,2.1781756308494957,1.1278745115435775,0.5890158936466035,-3.6515140661324694,-5.388802758495987,-5.022573826564569,-7.598318318623286,-10.64349471782508,-10.515911947956532,-11.929573339754093,-11.24981102931349,-12.398488511011646,-12.794407467175343,-8.71645484761511,-13.754184710816705,-11.662021047915571,-13.817742988104756,-12.453601326359784,-11.806824509060863,-13.526401643563155,-14.976228636097224,-16.804161741166745,-17.018163960521115
1.1668544062434818,-0.8215801925087038,-2.8611465392264246,-3.680522788303521,-2.805595426591904,-0.3610144197614487,1.558116707399917,0.7085615025107264,2.8017268459670643,0.8163005161883483,1.0569942406486794,1.0905401957199914,0.31357451841250705,0.8589248146997903,-2.319043301288996,-8.071420088274673,-6.341721197382055,-8.942990467465727,-9.19310749663793,-10.987291568556067,-11.500654191642523,-13.64856093271757,-12.825111365158099,-12.578072923632062,-11.442367754662568,-13.003410961634566,-14.382674100255473,-11.800073683742328,-12.03863870207123,-12.152704856246357,-10.660208022717308,-13.755630265519125,-15.93008130442781,-17.22917868420403
1.4571292118691357,-0.46072722049448417,-2.5841692466444095,-3.726008206588939,-3.653722919063813,-0.5539720479639403,0.125388033410278,0.5098382151085767,0.9475820161346303,3.775965247010561,2.7043486355576403,3.0336625848528658,2.2582667886914045,1.1093699820736418,-4.77587317360764,-6.835370714719725,-6.587010738952186,-9.512799249348701,-9.44634657196158,-10.344265570744994,-11.433357147862429,-11.18148807896409,-13.558649353631324,-12.138027186556792,-12.446922883566192,-14.28691260499659,-11.530106132331131,-12.472993175020331,-11.655881790633384,-13.2600581410673,-11.21452181226812,-11.198577144373187,-13.742195911846744,-15.51368146996291
1.3428655614527631,-0.2789746615407566,-2.199229741621274,-3.9970266097300975,-4.14618305554334,-1.5032809911780822,1.6917697179688447,0.8764241053656552,1.6307562855889879,4.460959627256282,3.0250190266624437,2.6980635186852022,1.061488014648427,-1.9934748547089136,-2.2037928615494717,-5.955997188830096,-7.846428366628094,-7.981296298816323,-9.913585211505909,-11.272768559022037,-11.901342186003642,-11.761503900299704,-13.274384689326702,-13.290994505109051,-13.04181260256465,-12.516273699548838,-11.878550705092936,-11.768862347700473,-12.04572753489612,-12.58242469961102,-12.901031881594442,-11.509288583882608,-13.936362028474164,-14.368772204429469
1.7535676634961639,-0.15183559855256892,-1.9674282568198738,-3.925956899725401,-4.4539486769020655,-1.6320745799162326,-0.03207377995580085,1.709468804565307,1.5664710114254463,2.208815596989381,2.6525422074904386,3.0851464198641123,-0.25255481024385124,-0.9115871842240965,-2.8197231879641094,-4.675195377728259,-8.639341464212738,-7.486988697293082,-10.668145576895009,-10.450619576731707,-12.39598872022663,-12.19206924457523,-12.995421684038595,-12.120784244410801,-12.763626832969718,-14.52210329538473,-12.742723009433508,-12.600092344729536,-13.832903557276808,-14.618689260091474,-14.794054864027302,-13.769095174063207,-12.258043504971873,-15.034707861075566
2.0693392573186085,-0.38293886483836465,-2.1384154919887917,-3.6986751274056378,-4.635285383601571,-2.62112874937074,1.3782792763476244,0.956905715865591,3.0144469617989995,3.2120276330372013,0.17230009876113614,2.1829345969623337,-3.135236587584592,-3.077348208226033,-5.430920513931271,-7.368540385119004,-6.963508333558716,-7.997388955701166,-9.864072520973465,-10.18174458313934,-12.482375726354665,-12.454892933249711,-13.060750480414917,-13.500191221622249,-12.303146791623321,-12.554621812086575,-13.016005328528752,-13.531606951752602,-14.286193957145974,-14.662048618745956,-14.400564881360818,-15.404999094418796,-14.334156684689498,-16.951754567323604
2.269352571349032,0.05325004443411732,-1.8066373414885035,-3.537725414188132,-5.057749939301145,-3.3848147305383405,0.44041353209365897,1.9799495064011547,2.554087290125225,2.6814094903611196,-1.070505871366453,-1.3907139313463877,-1.4031930010464788,-5.053100103613494,-5.657995947666402,-7.665335999367566,-7.417356618547233,-6.562053418790629,-9.802256902010054,-10.832494873594115,-12.237782191180457,-12.627353712914923,-11.989028338611464,-11.598286769836397,-13.359451541947747,-11.93702139914071,-12.552931665260733,-12.60793825529659,-12.367797811659653,-11.975492675868589,-13.641475351357004,-13.348272821506734,-14.86895133911126,-17.3580936663924
