script/wind10m.json
{"header": {"parameterCategory": 2, "parameterNumber": 2, "lo1": 3.000054539987559, "la1": 64.9999836372058, "dx": 0.5, "dy": 0.25, "nx": 34, "ny": 52, "refTime": "2025-12-17T11:00:00.000Z"}, "data":
[rows 0 to 24 of 52, columns 0 to 33 of 34]
8.314884905731718,8.750912809139011,8.690352116579236,8.272486771050394,8.044265165513405,8.124918904580463,8.338894894142673,8.439582066120076,7.336388253974262,9.148079376685526,7.451173445368675,6.79569806351927,6.254994723831491,6.715007829065903,6.461827261328358,7.591600646015405,0.4551723834135537,-1.1064616103180445,-1.10784700804281,-0.10173175400900647,-1.0808862626428388,-0.2884266864260263,-0.10015422892631716,1.9222861181573503,2.63310962203328,0.7123904810214281,-0.49322729191080994,1.2432134929636611,0.5486387759699237,-0.4391984912214592,1.0862632682954412,0.8109405970021335,0.6466155417011005,0.8181470054712415
7.398031246431955,7.719514956990172,7.028482852344135,7.1969960091624765,6.84282708958382,7.711774249443654,8.32748433192673,6.448045299079381,7.518206780388487,8.764248853445338,6.8329872708643205,7.627229604616782,7.420329440081832,6.492193131556075,6.958693096609754,6.047296927422225,3.971680011001687,0.23036005456001674,1.3619049979813331,4.367624409022939,-0.5734032944160496,1.5940171129172271,-0.20902623152289312,3.1702655250717164,1.4303678196409642,0.8570854548866722,0.21339223323458875,0.08810105059034078,0.48514548602737106,1.730690150208665,1.4553838842685118,0.15065977306461015,0.21113314029969896,1.0773447269566623
6.086176083601509,6.4211848684596475,5.688612065123377,4.9058150389197,6.194870641260961,7.631097514245231,9.12288804961708,7.481159523017355,10.686700470566791,10.047400716992719,6.6586135057501705,7.8911228320677,7.997100221923041,6.540589270614071,4.31124845415393,3.669281648467329,2.9024699684504665,-1.2014758132512,0.6847957941131895,-1.9175234622261106,3.818756383211108,0.8262415033324061,1.2289793306637578,2.7544593850084653,1.6805411842554077,-0.044902866005580654,-0.21055236887732556,0.7759493617219216,0.8140680382967519,0.6424817295669495,1.0519134895685165,0.529493345027295,1.0061505743017418,0.023932837487628984
5.946192136027594,6.437120778750021,6.821623966162973,4.7234208109148925,5.301506891691708,7.148973888414729,3.8553150604140587,11.205171958225497,10.580196258243257,9.844034017877618,9.203910958075632,7.405280765564238,6.7273652291909505,5.895970177076748,2.852066720823716,1.7893673195044533,-0.9529784588594608,-0.4059846692117102,0.6313910385708446,-0.4882835033379213,0.4630647392519232,2.5368158261296974,1.8398123273802298,1.3755486533069157,-0.20969191656517958,0.5873087732343484,1.5306077704000425,0.36625568383239887,0.42535792055718324,0.49448401840582934,0.4290028646994237,0.11020039692281924,-0.21136042266625552,-0.10798097497478902
6.075974208348398,6.802689561390701,7.510455547720312,5.004975943286095,6.286802488424448,6.803266740460428,9.075449785577726,6.344866434373862,8.528793293089347,8.475863846199086,8.260157706032736,5.508502747208336,5.134746256900273,0.546425777948685,-1.3880763975808112,0.8068283670796318,2.3361795004919568,-1.0173739356564924,0.5102431717947649,5.086069776950032,2.0779141189614796,6.250234602212072,-0.8336810452537128,0.9416923991968956,-0.06763170090242672,-0.2242404410284599,0.6956459034905385,1.132092313940481,-0.11485745831431193,1.1496215242053958,0.6594453969844606,-0.3970371185655857,0.05728308118899566,-0.05431157298507208
5.362234093479039,5.394337429900562,5.72229643446965,6.840036920471636,7.105570608856139,7.491927499684542,7.612259814683249,7.8481503766996195,7.423041783133564,9.095839053828245,6.708383924602274,1.9458797373797365,1.5520286872771738,-2.6352231512198876,-0.1890491321529785,0.7952649368955993,0.9916532611025554,-0.5101615895773854,0.0988690739424552,-1.491035512877274,0.1971348445346764,1.694755399781072,2.7134484201254097,1.234026308138728,0.4713213515971258,1.1050449465181584,1.5896106793243574,1.2010812249106173,-0.055242325055968426,0.32074395243846865,-0.13290793259827247,0.6940103351753181,0.4107000265064444,-0.33908122352445946
4.059975431581417,4.38609338823268,4.796151501154627,5.329346994078491,6.583223095854461,7.198517570916451,7.454139755342887,6.919377797711518,6.532698666643869,6.129882811305427,0.7997122373897144,1.1587892735268015,1.0903638617631317,-0.4378052568893255,-1.421308279908351,-1.7242165952177242,0.5603533318260445,-0.9569384804437119,2.40543974319141,-0.4277481317526521,1.4236991429828108,1.630844371653751,0.19113841310200227,-0.5573577160160429,0.8187868718542726,0.9756099394030362,0.7202917226503214,1.2476225612287404,0.5521314660265306,0.7982610306330356,1.3831443948209974,0.4152756109053164,0.15856684358754342,-0.46902422272943856
2.931198958243435,3.4050870184073116,4.453338201610344,5.221194219964729,6.339833674190249,5.389341684040177,6.685933833884958,5.562153016617951,5.523112640820114,2.2003640909383897,1.2708820547417152,-2.288534836084002,1.878005997310819,2.50420193224121,-1.4488780609420355,0.313829726722307,-0.010472902645062055,-0.842774797579003,3.026685901853597,0.7332815701050548,2.2555736442452603,2.482523785709534,1.1521016905089578,0.07287702082250265,1.0824581013530625,1.1546898519852495,1.0208904810575903,1.4583204477982405,1.5305945790708995,1.3815814055423778,0.772106055657004,0.7757555725385515,-0.4459538108691227,-1.8754835534260816
2.26665989933872,2.7731227422982023,3.767005970088888,4.638921030142301,6.2835462653498135,5.255429000825683,4.14834477993725,1.901204511730472,1.0359709082141606,0.8823658076751089,-2.4378479246021527,-1.3653956071941553,-0.6440827920399762,-2.453340321282418,1.232001168900879,-0.6528958737141656,-2.5961194777247676,2.6253309917186196,-0.5899264072959485,-0.8746819874496242,4.046077021124135,2.8361211142242317,1.0013112012640144,0.41698679598995597,1.6535775869979792,1.0974389648176321,1.881276270185948,2.3289762500613094,1.7167359441597105,2.321279465515247,1.2569127228787271,1.906454438105763,-0.203546876495488,6.3253543351637225
2.584731149791087,2.679078328263231,3.4651831836243656,3.785242153514928,3.7811498500315683,4.785057436258451,2.615718687149023,1.3950139237096766,-1.0457986632464609,1.8932034085087133,-0.1461879614400736,0.7367280627864657,-1.4681569935868843,1.607262070725813,-2.3235780657334115,0.5564511724423464,2.1604981835711,-1.133742251309343,-1.2842723032039352,0.43546017145199845,3.7092642450579927,2.0621188911083435,1.6527072193221384,0.8106059289056812,1.6987160896872662,1.7210122489235171,2.7645745471871086,2.5919828234963704,2.6069610282584725,2.2331070172272187,2.1470964450406584,4.361055490610416,6.337445348323111,8.232727462138975
2.07370697561673,2.498634142185663,2.972284937395372,3.2141627594478397,2.528496104700918,1.567651182392621,-0.2978533710265892,-0.18257180495859754,2.391933077743196,-0.5199301824138423,3.2165072466247095,-4.965777010829087,2.229671126692049,8.201358270481096,6.02557182669102,-0.10368177480088701,0.8111429145128506,-0.5598253136397976,-0.0615403167725125,0.9301297035646687,2.24520171344481,0.5260068309923023,2.945311908395607,0.6107248329787808,1.4760554948463118,1.3304823467332634,2.743883728921253,2.48618758441692,2.7387666898518823,3.088749576127426,6.489495017410276,7.601375680911938,7.96494425049355,8.20402923842162
1.5689544051128002,2.0747883051978357,2.5067391002407544,2.670532136234455,0.7368108486418893,-0.8487127856913323,-3.2368883073948007,-2.9827827884448084,-1.740716533559104,-4.318160891246948,-1.4615323976134145,6.158317156511025,0.5734465124506103,4.560304527434521,7.098036723458716,1.8587035085766552,0.9169515107368197,4.241747037577158,-2.0791894503464863,-0.2727702758370832,1.7473419141382727,1.8064144326608336,0.3823954910442929,2.180223911973142,1.0595099307971092,1.8671697154308302,2.43809976162853,2.634192221998761,2.9102975797731188,3.8749703557246935,7.7663197713212675,7.889578161623799,7.7823488147640045,8.618370068149222
1.4383835474527895,2.005523498274248,2.02565379073763,0.7446799288681677,0.601976245176307,-1.3741252474825536,0.8356251014888973,0.08536088881619257,-0.6132775376142147,3.627436052706587,3.9031252062373754,-0.9264508548647953,0.9420359225467245,3.6542187245175874,-3.0944733101264035,1.9923130965798577,2.6695825855543505,0.9849856212689707,2.5475657629094117,1.1877952679604706,0.15781263707061194,1.6611700382326364,2.190969658903438,1.8598618588040636,2.3220870838163377,2.059701471925469,1.8210714080175152,3.1214578098155346,3.0046305238526756,5.353045686639867,6.235952896283215,7.8788158016960015,7.789053525108751,8.39913244384562
1.2874466196411387,1.4562511481022606,1.5619973827070517,-0.945137070145505,-1.2924239035607312,-4.021372593318692,5.590626804789223,0.6820365466645005,-1.3892555561338378,2.331704782022849,5.232096217312585,6.58805183356856,-1.5982482639352602,0.24460480357299097,0.17609966337832353,0.9382385008706153,2.2278897408343847,1.226054030446739,1.0519472090044197,2.302478333760017,0.6574271448250673,2.4399768440015466,3.2852105903155797,2.900751957882734,1.7511759325777974,2.670014238930475,3.5301615644937843,3.7235858379084763,3.9145243123435587,5.4398284429473875,6.695456539121722,7.265435648744557,7.374183190178105,8.999043151023791
1.1929852263749339,1.1426851987834368,1.5208289951222813,-0.9816349331562834,-2.3512585746822166,-2.3212991051012786,-1.759137812275856,1.770422602217542,-1.9113639306752914,2.2852374961382798,-2.4544825703577073,7.728906033400672,6.228944617790905,2.035184037979191,-0.5368184100530884,1.1129663288422877,0.896840251691016,2.03727543247902,-0.38877262406873636,-0.6892209355144419,0.6594544526248025,-0.7940061843125005,1.2008635217092727,2.677767549004828,1.0825461651477946,2.193590316149127,2.081477427993252,2.95499755901089,2.7079051541263253,4.632037810906412,6.343946523351568,7.107165379443693,7.398880471743635,8.607216167852172
0.8966207322020823,1.112077929533797,1.3467105651996012,0.8849378918679066,-1.2791634739261186,-1.5765821108285771,-1.639620253420664,1.318138084328233,-0.9319572831414059,2.0784400278022637,1.2986704167621292,7.134175060041355,-0.25730342399936135,6.0290167242666755,0.2789467954938553,1.9017692235303325,4.842512727081067,-1.3556032262977218,-0.2517025685531577,0.4786995528631508,4.049443827419621,1.7104528880011867,-0.6413354414782269,2.5645317444088973,1.3595492891755971,2.021667961801986,3.3541732594268527,3.354056425403662,2.451212894723143,4.065045355933788,6.051667988417124,6.874569306423408,7.328170983595118,7.930475561335479
0.9704864363127534,0.7583062083181631,1.0647956560163347,0.42704059831065366,-2.6040506541022643,-2.096989870178631,0.8090659178581999,2.1401881364895106,-3.558589270832057,0.8867735473766158,5.331917158431224,10.940515146545753,1.830470577191581,0.08645677343892681,0.6791162652417251,-1.0909797844796696,-0.5137143003808043,0.2712585501675194,1.2365878368802496,0.7195533117916638,2.532486845594619,4.256397858283643,1.1744668474736455,1.4591232952110662,2.114625391202368,2.4472773547094673,3.8420460404221886,3.862889309839623,2.267650683560215,4.323700529397409,6.44028982436482,6.574261320679274,6.583088852246,7.239991030704877
0.3626031431275849,0.42818175044082973,0.5613548342296771,0.15209683220598733,-2.1306543800061624,-1.8935620798981672,-0.32963424961285753,0.11340232019473823,7.064080250939112,4.594340835529058,-2.294164861989484,3.811425121477031,-0.6470691656192784,2.5768311542152382,1.4431582136560817,3.1356356427716534,2.691000733374651,1.777016689863285,1.4746989272848268,1.4995560177030007,1.7032214970395212,1.282802079127894,2.400443530970456,2.395129152587379,1.9089975648669333,2.734127566643929,3.2709466849671354,3.4627489383662464,2.8309243812574536,4.062459984587439,5.631233795478272,5.5069634848312505,5.413220795305179,6.0941842860787006
0.15470094328909925,0.23523480152923634,0.22486244580200138,-0.3092241927219761,-1.9739271189425303,-1.9273621828259406,2.9526893059475126,0.6643827947971762,-1.751885911910067,7.748430064259939,4.7055185662670125,-0.7112457346270269,3.738849156466352,0.401126168436149,0.9280807802610502,0.3250285842864845,-0.18855716983036047,-0.12947595122219507,0.5171897165709476,0.3675172703950074,0.4210175584496514,3.0278769151557903,1.8730349104287078,2.465776509465583,2.444418239034848,3.335322129832004,3.3335546007612926,4.033922009913184,2.429637422995351,2.855085745715844,3.8983046349749384,5.862381697511634,4.434782564791112,4.421743783089142
0.15874225616531276,0.24359111323363855,0.24715531196298227,-0.7877137340446696,-1.4177062043046034,-1.3683431010143405,0.5509890266010797,3.698682487681262,5.251537346252277,3.4847448526956066,5.0030027985858805,5.345156785904398,-0.8405567573403194,7.055718415543641,1.084089710053438,1.7684394513063357,0.3275878569585969,-0.28316842346903387,-0.8367335154950265,-0.17132321360971423,0.5722605103802169,1.2342742263890691,3.1584727954719494,2.410616242927834,1.5627403107891398,2.672050958021712,3.508996979040021,2.170335905885507,2.363484462764749,2.3307847240308064,2.8046661138665723,3.143149516250512,5.108385524539276,2.0912627635021117
0.0926123323515302,0.13779767709721943,0.1624816014260859,-0.659349564864776,-2.8175810821533904,-1.7641787247476788,-2.4608628008259497,-0.286048788766722,5.205728551452157,2.787000596377568,3.2949429284245104,5.853456705986752,2.479381358974818,-0.08224821975437357,1.6132358276263805,1.4668638786042119,0.6759388260966082,0.18608041748875762,1.8943533885802222,0.8161026702446805,2.8829626172140688,0.9436324002361405,3.015061107744872,3.1631485294522483,2.8085436409705307,3.550189420348515,3.080573654173629,2.409504201546009,2.1279260182214683,3.35962298022835,3.583368811704841,2.9522796312468405,6.399612740887729,5.363340380799044
0.23219747570229674,0.0599256830458983,0.10496158144527311,-0.30521249374154996,-2.9360549191703216,-1.5200629364601872,-2.1169585924860987,0.4541626309514438,4.3081824204703825,1.405314395276749,5.554513737843461,7.734040624894831,0.6624124953912194,2.6248691683422067,0.514995898578373,1.0589076421571653,0.2936443323187995,-0.05177512978383043,1.7677515560025072,0.6142088531467311,2.2612961162705036,1.3061570996252045,2.8000177127583696,2.6899935725467934,3.7362062536728518,3.5458193277798262,3.05479390626428,2.932913061966691,3.7907536672993993,3.5398517758969303,2.9120482215293064,3.6571811987753087,2.933551844230124,6.862878898588538
0.388893947695225,0.07178433708850433,-0.015367446292730319,0.22887850100800536,-1.1099043461272708,-1.6521281000333752,-1.8040791228551187,2.122965527187863,6.298562606640679,4.5353932395028105,-0.6213545464969037,1.2877701508109196,1.3731714588676072,0.9267863153013274,2.687466418734988,1.3877203661216153,0.4021409018737486,1.2567689569093283,0.5399509054247864,3.163502067978462,2.0853715593237956,2.535922825928238,2.9123294193304083,3.3407349157405517,4.785525759888846,4.026059506816344,4.6687548151013525,5.438381420890181,2.8245094642461446,1.957662298329456,2.84492570835435,3.6073528677798663,5.981848525377526,9.007137478771346
0.7518319634775734,0.3906531007794392,0.1913544668217867,0.6344973692960018,0.005771251656349767,-2.2171319453562375,-0.08571219850174344,-1.6894080436091088,2.850035575444575,-1.7166478796949254,0.7726557631204733,-0.4644903148618354,0.694222290852384,1.3000227800125246,1.6366104920527593,2.1482140688803595,1.0873931233772274,0.642621993931007,0.44788774971356216,2.3891216718311914,2.8063287088101823,4.785204633305934,4.75420411675839,3.2572515424635147,6.657527444692961,4.739720553655004,5.540857472877294,3.6928051735033964,2.7456342276140036,2.418305556443415,2.7698825346282887,1.912524289751022,7.19711391441272,8.346614387852592
1.1991339521257756,0.946695352007178,0.5804166094618783,0.7976587051004719,0.909723534857477,-1.917781598006776,-1.6892843373298143,-0.8403436062060337,4.790540096377412,0.015385719097699532,1.7092294774459231,-0.8780029832229322,1.0319993785408301,2.2126367946642915,2.060490598720517,5.449121632659454,4.207169147254826,1.0210022487287889,1.6212992637342238,1.4139118102094999,5.945606189663669,8.21933796425872,3.7333959308689058,4.125091455563377,4.195257798588642,4.011171780062974,4.467463240855974,3.9430361724145273,2.1031851048978814,2.3845430326279273,2.5163624924868415,6.351499406373015,7.979950137763115,8.173459260474111
