script/wind10m.json
{"header": {"parameterCategory": 2, "parameterNumber": 3, "lo1": 3.000054539987559, "la1": 64.9999836372058, "dx": 0.5, "dy": 0.25, "nx": 34, "ny": 52, "refTime": "2025-12-01T23:00:00.000Z"}, "data":
[rows 0 to 24 of 52, columns 0 to 33 of 34]
1.9208424768158083,1.6823132086787878,2.405840116860569,2.0993921390682186,1.8925517810777939,1.663234923971344,2.1650626142743747,2.6557062394245894,2.2367272761930193,1.8804405672499174,1.0932868879025912,0.6259477476457787,1.486168447890708,2.7156371611845684,3.0333324132454167,2.9390778457745084,2.2161416190601786,1.51238511310522,2.6588938495673506,10.04961437423142,3.212099307520948,0.4058061293065944,1.3943909917093278,2.591934873098395,2.412869259799307,-1.2836128764720802,0.329822490925154,-0.12916664115240403,-0.21216380715335922,0.04186502489010204,-0.9536290956883178,0.10217119408650512,-1.1036665006356332,0.189246861582559
2.0537012676791546,2.223916269602088,2.4816860889551164,2.8917093240333425,2.9016307585292096,2.7998089832024,2.718008438541986,2.3720460834977013,2.6527487471072018,1.759115875687779,0.8556221247012885,1.0562697513306627,2.432422005527514,2.600884761495534,3.265505613498084,3.6716328392270756,3.487133483527673,1.284926529726353,7.333012680679509,0.5839731771694187,3.75646297165253,1.9675256364371019,0.6572058576746466,3.0559255241096572,0.440467973729916,0.4097197183070914,0.31785504424576316,0.766196468494825,0.3167867649142291,-0.12346353948687454,-0.006838466076806633,0.050828635440451755,-0.18244632327156143,-0.49966524264469747
3.4851047837458013,3.279978865894807,3.611313163885911,3.664844551200755,3.083773412527474,2.793301926941774,3.4315229566033576,2.8084868700427803,1.6191546436557491,1.8278110677277388,2.41183676974532,2.977731356009247,3.98431719829997,4.709929829435683,3.246594314847742,2.0931223967335426,2.3826036240639445,1.7133150160172392,-2.558992334970258,2.007133118825509,-0.6535070127703662,0.8454761370495867,1.6261313178333419,2.720537195284273,0.5397717946694548,0.5661438990806709,0.48617714780783794,0.2704324710575718,0.35511113392727933,0.16654491795171222,-0.014139094218031877,-0.3439373585539428,0.06069174915238532,0.0762263179277995
4.081214147769182,3.979643223864727,3.4544811204411707,3.1223638109069265,3.0985781710922855,3.187155105592871,2.922482558633298,2.923579827038576,2.9028221995833663,3.819899370518855,4.268043557632857,5.269607395451734,6.32685129827792,6.387292450767081,4.002491075877978,5.503101634201004,0.9359909711368737,2.1065880901053906,2.4917219494054454,2.034382346546446,8.419552376776725,4.414798864586887,4.460834343121518,0.6317027786635845,0.16295597267978731,0.5265086898431225,0.3176357132395096,0.6711808954566091,0.5908867317013855,0.17396615714144947,-0.15317524779576314,0.020280857335310636,-0.4780219725074494,-0.3102782083001892
5.22210976624196,4.546164825140918,4.109673636614503,3.713613253947533,3.4658145015795347,3.52837816474383,3.4538438881214053,2.9015713901831544,3.3818383835447987,3.0108353534110623,4.26259941379598,5.789527599068571,6.116697669750213,7.092981843225126,3.7268229656564364,5.572314495849487,2.3150662780694304,1.7849397456296483,3.0672059173343955,3.366605229363098,8.200849030013462,3.6246240334723607,1.6828724450561854,1.3603272634697066,0.63763039323015,0.39585302643731624,0.677664002581068,1.0223715821497839,1.1090661335524656,0.7547459955753835,0.6782207436520971,0.16740165105864374,-0.2208188970471065,-0.5142302196074342
5.293054052412307,5.429497519088282,5.0481830797581795,4.193703229340349,3.265735660086196,2.782166067161939,3.0294824105162625,3.8239996243789713,3.7583956496535493,2.8229033596900304,3.361740124563973,2.6476533615637385,4.916839298843011,5.301830511786991,-0.9224459613270525,0.2934780226008302,-1.1475755154401222,0.33869657319421725,3.5815083408137225,3.9127401377451845,1.980872769995897,1.8361424290153379,1.54956562806381,0.5382481541775569,0.40842178909576526,0.6487690945142002,0.7596600727048223,0.7966514142830153,0.5322277170828066,0.693800562812354,0.4615340866002501,0.41765242468980374,-0.2690328636698643,-0.6010985898397926
5.160567149210874,4.35000581305859,4.2127835472457695,3.6052926589002006,3.5077389554459764,2.9504225355583653,3.2989689402757185,2.9125298612163597,2.8081753680029227,2.6572612570468217,2.4585848810068476,1.0377251975731279,0.7816102944522896,2.2049792237345205,1.141238251554299,1.0623278474319713,1.132739015657553,5.9813268314517805,3.474969212214359,2.605371387846633,0.6841368718886425,0.5714561164947496,1.3964358173422309,1.057092141659057,1.556341449731515,1.4001743731152074,1.0179026806546707,1.0302947945930176,0.607725806730827,0.6515977302261139,0.7923976368437119,-0.29757075954477163,-0.8065536086667761,-1.7954266802661172
5.429225367946122,5.588605901563364,5.922520676261543,5.375800417955592,4.6399489603270725,3.528378120276353,2.7653919631664383,3.213590289106049,2.380164956375954,2.451666273792399,-0.09176420883281217,1.1865042674201256,-0.8676936617887874,-1.3600863628864328,2.51722495282174,4.864369014290549,2.270154015650508,8.206188107223833,6.652457036713763,-0.11460268934965309,2.16699158137214,-0.19689774881909677,1.5331135637752316,1.844236783823755,0.6351103731326486,1.0773655166661984,1.3790450204460398,1.305090534222327,0.19406713408575033,0.5513128734980911,0.6304267742975206,-0.16937248955554676,-1.1164844251030486,-0.47695866013681937
5.177069642331731,5.999381104734135,6.0841037214954365,5.797350516164169,5.1722199039318895,4.432455322895659,3.4997513859914418,1.7544378609443865,-1.1182580225151895,-0.36333380342863447,1.2001638948298783,-0.0356286637988047,-0.7325949432866677,5.850234284913496,10.16216904512275,1.0528362702100282,5.75600614749656,13.13028901138531,7.38259238611579,4.93021111984444,10.786731664051038,6.262529860599192,3.296522483088164,1.5080227361647736,1.3311132142139415,1.3615266395312169,1.1987014145244463,0.6188647123841295,0.9837895385489733,0.40758932342766147,-0.22474671712673844,-0.8987281153068085,1.7551126581378549,2.7410267894469533
8.480347523942456,10.650971644348232,8.179037179445073,4.7460212084762645,5.161451444716487,4.29461334941642,2.207371155751011,3.565609495001977,2.537893167249298,-2.5539470776857183,-3.459472261520475,4.680549873784775,6.444566274181518,9.42887962597763,5.998163134325115,14.99720332336738,6.2723314429232335,7.925871629121292,4.633300040634447,2.8753238675639334,3.5578013257542693,1.081071877190356,0.3602825459077333,2.159359423262283,1.6006689082733043,2.074654127936662,1.5744623451097022,1.156844557849917,1.418610551124086,0.3043390803204799,-0.41282515193371916,1.7552739199371319,2.78549203243947,1.8014013310422847
6.828983327280699,11.707991165389169,13.091870567601504,12.190945089912807,4.974728233621632,5.756467010537454,2.3416134217013997,-1.6418065919599403,5.919522054361605,2.6800866510829575,12.665758361954516,11.768025463107376,5.388007630279788,3.1926406164616608,6.82440166451062,6.8081451981342145,4.159858478221569,4.529709730832514,5.876954138796841,0.5340290939819189,1.8851495839658268,1.5355208614856037,3.731076178760737,0.3381489049646187,2.645743475528492,-0.7536437821439583,-0.8593971584034276,1.1392440884475388,0.2910110986803541,-0.8085311422445196,2.4467539583752225,3.3239050703713215,2.7904321134136794,2.987719103804903
4.015606911056448,8.623235905807215,13.013583420099575,12.952408138858264,9.126539048993525,2.9925549808684497,6.970203326530234,2.6428216005660334,1.5290325083142575,7.241280869834257,-2.180122265256387,3.940009518498068,9.325815632725872,2.0718819596869626,7.809100654398484,2.7195498080603726,6.599559324600677,7.307022278714193,10.094313928305544,6.442569245174321,5.973972790731384,2.3209165798730114,1.9425766500505532,3.2769773356285494,1.591115560354841,1.477983112108381,1.9316781857272574,1.7977000834852928,1.008392663762839,1.339821314267459,4.943226732656827,5.292197166168856,4.994793395582999,3.8244425100339074
2.3064435446046003,6.492897784227316,12.720242731607817,12.085961029656657,6.153134457750957,3.750831633751155,2.714982442722047,-1.6208108768856306,7.070378380245408,2.012756896797991,1.7094037792308394,8.216976504324714,11.604374605141935,14.465597086594,6.333310262087164,14.040683608650877,6.626094231707915,4.842171349101945,2.8590987874856224,2.7515668641016116,3.7059216323015307,3.208115593859046,2.1678580795677043,1.916305322241203,2.2148968873738673,1.5687632510950842,1.6636171354797824,1.754040747417979,0.45642787142853775,4.503842756832692,5.767470611403701,5.774724166634795,5.640967600145531,6.0157303367938715
1.6270383883627637,5.7888472215030005,11.581675040085964,9.244291951122037,5.3379757449555045,10.156363699386942,11.113987145119829,1.4994414927889146,12.118372245353749,9.07437905811017,12.390705342205381,10.934753382723747,1.7525944075063473,0.26427739073518697,6.977850992730527,-0.23027922398323375,6.995646304976884,2.801121511712709,5.925629975629476,3.2308516050009106,0.6842374977750925,6.63723931294497,3.537157373472463,3.785985609940009,2.301620446304754,3.08469791675588,1.4292928044910418,0.780758093212799,2.195649524794839,4.464568802663004,7.283696653649524,6.883128773440953,6.17701232041303,5.50125594617166
1.7033132921243803,5.339772671912081,11.45785832177273,9.456792332741582,4.073905222499061,2.119540526671017,-0.6069904917948826,10.475606366888432,3.143936787836219,-0.9750387357053435,3.133622483394735,-0.08068272630306456,8.590438553442372,5.077548708441194,4.009911593598715,6.425052082658027,3.7357827868423126,2.3052189680529747,1.9940829364025578,2.5345642065732883,2.11558045780377,3.8581133045999265,3.228700479864805,3.7310100307695446,2.4303870840450243,2.531427423580749,1.343236259928184,2.567836278077801,1.7262938165255772,7.337150606184703,7.525842141402467,6.899982862555298,6.735887855476264,6.094101828693838
1.673896330116465,5.034632579118737,5.844311739153903,10.400092372898952,2.512158722886352,0.8067943558386936,2.679172266715716,0.7975174624488769,-1.0956225472169356,-2.8888141670106333,2.5191378837242175,9.308709367446944,2.525632313925932,4.566876865016887,0.9435383798551871,5.197645415786924,8.225103360590381,1.8033154606793447,2.285637015209278,2.1197986603877816,4.865586788747841,3.296961279898808,0.3752468150541777,1.9907903170466186,1.9905202784411673,2.096579130691347,3.3192528463103295,0.4726845728686181,2.265902426851584,8.016678635448917,8.505382986006634,8.22387796239938,7.5944759307494945,5.858021067154894
3.969336284794475,4.770585398821515,6.544674161492959,10.461339371163039,5.299346951057187,5.835406063816815,8.826186181884601,8.90325044776429,2.742972308620407,11.88926485892221,3.0783201240581164,3.3677373705734404,-0.5330949087063152,0.36642102532522947,-0.22195084751095273,1.1655424758646697,3.6124677010894377,2.2187685056669495,3.1463932552289333,2.0529914097296436,3.371552900633549,3.8024082390106604,2.4680146094269477,2.373540924810243,3.0596909432139507,2.481947983787944,3.5094565776847007,2.007921769300437,2.190658996027408,9.043506228195605,8.80580032193766,7.400467207873185,7.528521442208052,7.7606359895455705
3.3725494501366646,5.636668253793522,7.703175203303873,11.841790022251528,4.251276459840505,0.16249717423960802,6.1124076860092895,2.2506539394049234,13.889236375065305,8.787319686769367,2.4366288868604427,-0.12628688537594362,2.875371256965991,0.8256293683073556,3.221840073617259,-0.09992301377664584,4.656592866224689,3.2885706011796993,4.117382639574812,2.331242665512152,3.655964841742144,1.638592205260504,2.8845464776983283,3.889072117642064,2.9522823903846915,1.610595137993605,2.341993307223374,1.7537384920287922,2.474300239478369,7.834778788120289,8.84913107662136,8.428609645947683,8.277626450351486,7.3961413948817
2.2674969339724753,4.370817137142358,8.003156918068118,12.02945940713625,6.310897066723822,2.8955866282433997,8.621665690207795,1.5055671639778172,0.07777846943645701,3.082898519953558,-0.5965990407087312,2.1071850376867625,3.8245206015409168,7.357281055421641,3.0448611389331335,3.944105050186541,2.550807184987435,3.2159930265810055,4.5436226097411305,2.45497392083058,3.695995110433484,4.450848237991965,2.7265058201514316,2.836142861613953,3.298138719717939,2.260805795963547,3.0648515667146814,3.205330111347857,2.683789453544005,2.767203600438656,3.443146024501434,6.670004748608618,8.22205327246183,7.0073875092322435
2.317757079680355,6.708475578641282,8.09359674054117,10.962393859150959,3.4790173313640858,2.1909200612535242,-1.7221916782180269,10.654254418776734,16.20486025938744,7.538854899569955,11.349808865956783,7.881780257665678,1.8678397909824063,7.4910171298512,2.5976455190740273,5.2341359301570245,0.23737609040130345,2.4927643255720495,3.936274652029726,3.3846495719736853,3.729973509494512,3.8034685622649467,4.1613677260796855,3.630558408419256,2.384841433430949,2.5769538165740147,2.798041932986568,2.1079129913903727,2.6555196363963853,2.4038557578156095,2.3960671344370015,2.1372938123632657,6.830352850650699,3.345947980503446
5.8623191083376875,7.658099678661619,9.826903441427199,11.71771070621328,6.93385745571309,3.661384787120002,5.662965397886405,3.9964865018017677,11.640785666104458,12.313939475368109,7.3229300151537915,3.1567612937629654,3.6807963191188837,2.1172979402813183,1.9693995715988348,4.34586901420362,4.730408354272081,3.7332493188561298,3.1457272549189876,3.98239500345132,3.155878739473589,3.9698880975024218,4.044932651343225,2.901637025409261,3.500684517215038,3.0569822536831657,2.4095979751900334,3.025086791756827,2.492988247427688,3.1544506052844947,2.3568416626088644,2.1628730363581803,6.04995584584219,6.385784660393793
6.051847566750159,7.890214857374407,9.55000339174336,11.392239545017071,11.357793632544253,4.813181199304304,0.5369327788743381,1.6917096471487296,5.1582219889235486,-0.2530565974118163,5.454302553237825,6.328244506986399,3.423599057313159,3.0037463104432773,0.7335659006680018,6.657556597078832,4.2740782757210605,3.9185013441637047,3.217941881303077,3.1780015633596688,3.3070482787671924,3.8154933603005485,3.2601921009198396,2.381944053031239,1.6746347628057248,2.1220865403286564,2.5368501722656824,2.3700336584101245,2.624369551569516,2.5742849459519475,2.5111836049874516,2.6446662942174846,2.5043457251625814,5.824205703210011
7.968035672507314,9.035972419111202,10.478365240012145,11.724305060160482,12.504893129606018,5.22752909559232,3.9879674266385985,5.125268612088966,7.471088051713633,5.010842635843196,2.353495475385363,3.447098468474514,5.996633092243981,4.797716327522936,4.220543623754803,11.475958602793929,4.775668587317698,3.7446792613710143,3.522258424364044,4.150637163614916,3.272376424547412,3.583679452427775,2.872339647090645,2.5282044965766155,3.0049955739030003,2.5744169263617156,3.158899157905872,4.9639401207686324,3.0155641500487715,3.926480995850929,3.3403867419857876,3.3909399735677233,5.576871331078539,6.035364526115573
7.566988911192688,9.077419335659444,10.762495386723595,10.039974650655122,11.867205061181647,7.146406285481434,2.38484238335572,10.19944237864051,8.347819482550207,3.2407628983134833,2.7073429135466234,2.2419594097106548,3.54809709652753,3.248646746995981,4.499326373996473,11.4427103208991,6.739943038718287,4.0416781220297935,3.4054533533607496,3.4485644579260906,4.0418135350447875,7.573093731766387,4.438110231460273,2.3685388370482006,2.9770472119511573,3.161949891595624,5.815707308704573,3.640062210422498,2.8746205909109572,3.65121540887759,3.3800737352233727,2.311505971928743,5.693285633762721,5.630942883330332
9.278878287914695,9.810957139401289,10.075601737700813,10.608320658001752,11.56372445612709,9.486793692244277,2.6661166614891925,14.110688457711719,8.958484225083053,2.157835242578859,4.0664933051764365,3.0645723697907914,3.548161142702654,4.914542982050001,6.75471074856314,14.298588191366015,12.168480970435743,4.0364411366918445,3.763452060963955,3.1800759196666455,8.869424654966618,9.27402409158549,4.049665539147502,3.25667958325823,3.217327947474006,3.361419476053272,3.649880728274151,2.891926061748515,2.733600168842375,3.0741478605893002,3.125419640807906,7.863429276177635,7.403516474276004,6.841028031211922
