script/wind10m.json
{"header": {"parameterCategory": 2, "parameterNumber": 2, "lo1": 6.000027932988019, "la1": 58.9999434238085, "dx": 0.5, "dy": 0.25, "nx": 22, "ny": 24, "refTime": "2024-08-22T05:00:00.000Z"}, "data":
[rows 0 to 23 of 24, columns 0 to 21 of 22]
-0.13122171616803907,2.872680749884117,0.21180371813359503,-0.833159848033545,-0.5737753879517964,-0.7879266853477068,0.06405243281899463,0.3702695784891807,2.126530414907278,5.566415844838688,5.844048085355107,0.6136554904028683,1.2395527988344137,1.8029523014227316,6.309705640492734,8.279166672401951,4.0188124564914185,1.8995421887730086,1.412085836023217,1.5301921403633783,2.031788417819814,1.734144298455287
1.3598890649472388,2.66294084474376,1.2337544171660535,0.03961438148925559,-1.0551256540084448,-1.861823876957736,-0.6854625893144184,2.8059702434773137,3.6275524392202363,4.7648700844497,5.609589428898042,0.5880746830944753,0.5400214489035383,1.117287391911316,8.008818322241396,6.346315753261653,1.4886905865749915,1.9818453503338942,2.177107031844178,1.6496965006020101,1.019573748166904,1.5574545961239188
1.0855874959624452,1.3955570701024191,1.961383407818572,0.4309874482742029,-0.36477438260114675,-1.0448170882471657,0.7260749303666626,2.547410618982027,2.783643564383037,4.25450008864526,5.196254257009608,1.0936126366497416,0.4528839591736398,4.422771689460859,0.7531726388972478,1.3905468907125855,-0.36609423770882593,2.488542857350175,2.692091226905973,1.6363474730997916,1.8562859257719972,1.8322960342402839
4.473103956238654,2.281960468608659,2.224176428864509,1.3217676223227044,1.3918198947618656,3.0574332001423428,0.8761568677208537,1.6572968915746171,2.5317592250887926,2.842140311488808,3.3238505429658156,1.982240305041159,0.6706317998894517,0.9009443418918961,0.4552408083942182,1.2175232837868757,1.483989446847761,5.737138800164569,0.8607477157675878,1.5291247713037464,1.477697312979792,1.66140137871823
4.466956943424029,5.397153422172292,5.060876365905561,4.151218577289117,7.2744499210361235,5.166392188641272,0.278686805071709,0.4075683387285286,1.9740905628930556,2.461001061318869,4.389750210404283,4.517318113770245,0.8039295958380221,1.3962713599421337,1.1850482932908124,1.4405696480716144,1.0715876527958996,1.479406741585765,2.2363411817042684,1.4244270240938504,1.613085684323713,1.2627412292408309
4.719080484633176,6.0907162601773965,6.876931052383079,6.480442281226007,6.930007174277946,5.9956052167401594,1.6167732816655838,-0.29888451509908437,1.3858871513715758,0.8258561717247082,4.287118443673674,5.405023644820006,1.51609560722791,0.932948999623656,1.1475729827841599,1.4467043185567086,1.263164630892289,1.3820883196537623,1.581454285495511,1.5795733830511167,1.3485755202069856,1.2516911201758352
5.275808433000833,6.244437813891898,6.696377621228073,6.273731274637419,5.774585111615769,5.433261842063602,1.7678776074640938,0.23346762719593203,-0.154081456297826,1.4645298541356098,4.749265334669525,4.835558676535684,1.473254220082598,-0.001765410558842824,0.8902509853644376,1.3313084886417657,0.9943477833020725,1.608343285277743,1.2143469831249267,1.0565452577265069,1.332749160270831,1.5231372304144586
5.975438728291365,6.509137401112962,6.6950666301132005,6.445771516279058,5.75014434227194,5.68224779483036,1.0204851790781964,-0.6382016154541812,-0.4176888040002544,2.199241168984619,2.684996528426421,4.701446957298051,5.51760455886725,0.723529676537616,0.5315384924985613,0.7782963811433775,1.1443790404011294,0.9613681258028194,1.3437201645615513,1.5620422297307792,1.8163404878093794,3.1488140387205075
6.702364172350245,6.668940685768837,6.8684899918168485,6.6410234306255465,6.333800114938014,1.5961085848475354,0.9229913140383775,-0.28812690309667977,0.18450522373661704,4.16887946713929,6.227329501503862,5.385505056652544,5.567884481828674,1.3899759743767575,0.7425576762465862,0.6494058293378414,0.46151087166408067,0.7419067283125506,0.7112825495735727,1.6056827299654446,1.9106785004000935,3.7221608445403582
6.836264094225984,6.7583365444280625,6.831486206482455,6.310568596252975,5.91077743604155,2.423661010038462,-0.22136826215639888,-0.5035134115051223,0.608645615126487,3.950776767349156,5.965979285626463,6.525762903346921,5.942037885792464,6.580590192610262,0.5186334207363199,0.7268865094432714,0.8463027891648619,0.9529654778726966,1.311667272425982,1.0645846542162234,2.068939444194847,3.0434804114491945
7.062318189365147,7.093680298954077,6.659648166874237,6.615352746727264,6.292941708876165,1.2461965091407075,-0.106539865956936,0.001432822486893096,0.08878932167876595,0.9253922840403083,5.1203176867377875,7.049320704437344,5.977454607117839,5.866713788284996,0.24282072772188792,0.5589149455815124,0.9654590759759895,1.583342811213775,1.798936777779822,0.8105314164521261,1.080393950973189,2.5716175877836727
7.217382168533793,6.96986618909964,6.307892907207979,6.180921195423227,5.565945238142431,1.0784482816937981,-0.39227850281979876,-0.2631801678782703,0.5320456603053507,1.8909957155678025,6.6967513049478065,6.870157984600364,4.198332992399469,2.7921667100903464,1.1660364854262733,1.3715424389617468,1.4817457179541342,1.6765226872768033,1.429923580417551,1.371196264674979,2.6943566422486684,3.437931717119337
7.350177038091944,6.913705808699033,5.971225758929717,5.458933767045652,5.2939960174274665,0.41333517811836595,-0.19449018714710842,0.09749106042884773,0.1397848427133616,2.987843313384699,5.818116598084397,7.068900959817586,0.9873918181566758,0.8627333080313443,2.2401658263104194,1.3436219906456743,1.6821331369485995,5.065102735431659,6.919362226109007,8.022630834911121,7.549484550355885,6.665926854525617
6.611807478444846,6.836614699239022,6.704029740429696,6.471677423154292,5.358206964730827,0.7012046907311306,-0.8986970667151174,0.2747926630433578,0.9469583917132879,1.9316204682863143,3.953956536988111,1.0372394813750858,0.5397919845054207,1.322973267799026,3.1047932586276965,0.7724792650682712,1.0436557911742101,7.377367329657211,7.1827872499169345,8.363385311678726,8.308543020505105,8.246742314771495
6.89260047901532,6.777582120861794,6.635982747267288,5.993928236063984,5.346279343154643,2.966965103555978,-0.20119020771533191,0.8255304576886671,0.8011470842663979,0.7454796493474276,4.21923473023846,1.9568299984970048,0.9610398575477805,4.556537542429339,2.8263322613415225,2.2165662983474,1.9641011739341085,7.479444467382392,7.95102298903348,7.735066636836815,8.393055256303045,8.479572904020866
6.514932750453622,6.570829641693659,6.017489633386321,5.703369331031341,5.348366302500502,4.927514661375242,0.3406375535821023,0.5413056785798976,1.3288138543790342,1.2992110389164893,5.656958673517286,3.5275265205261532,1.5129928555952017,4.8167690834472445,5.747156383037768,6.9835778795680135,7.345817488438722,7.366476156458587,8.033138883960838,7.451985061575418,8.209347595346708,8.638629469859465
5.935699805106715,6.552647740742865,7.075616437050437,5.980401841731482,5.681774950337217,5.489740686590395,1.4649871559900345,-0.3967642892362956,2.270648829259028,5.543527949509401,6.006246798792896,5.065579869513863,2.839307343212257,3.276642731069163,7.015616708468637,6.79586952074831,7.122268876487855,7.135443313812716,3.6068531508157853,6.574568730280785,7.9641082476565686,9.577619450693993
6.21685132913693,6.589127118843664,7.206600953190707,6.114121578169717,5.858788394335067,3.3800972393675983,1.339849806740935,0.6902281883296644,2.541261312919607,6.92081347377632,6.753802783730553,2.8061244880089027,3.9695830508141294,8.080599072711095,7.170128665155849,7.4165231549977095,7.325094496013121,6.92678933844182,7.2259033121016065,11.52040789383491,7.657092337348422,9.20104554072861
6.507257411678635,6.583918147720426,7.344744300040183,6.978334655025299,5.977985187499275,6.319909058006052,2.6744116785690166,0.9056115220077204,1.3622311354455507,5.278923049042529,4.280834801050272,7.7086339064083065,7.58667664561641,8.988161079093938,5.569133567105247,2.2406774282405606,7.452365618497403,10.477207668387067,9.828264162645052,8.911988582485456,3.510079618469869,5.082405742972456
7.094445399845488,7.671190218783815,5.854520608084164,6.724523446153762,5.877270047565525,6.730437401143816,1.0408829319482866,0.8031573028952996,1.1221376956376659,1.0236666292549508,2.761736627674337,6.735559804810153,4.809856054934359,2.16898036954157,2.092538273893029,7.599442716388949,7.305283734072573,9.199386145104612,9.36511106260251,8.79851975142607,3.9687322037449615,1.6501874395177292
7.024548268555668,5.481441547869354,6.372616114424467,4.925956862597158,4.542319049857916,5.632245844109552,1.0437108815321787,1.015346865943185,0.8303467139544448,0.6558675599214588,1.3820295396198607,1.9858582864548824,0.7656559004433613,1.8781914266397712,1.8088828345127286,2.4358366145627275,5.305715348447458,7.606816880965769,1.5373704917041133,2.794232779673478,1.823727982971065,2.1796863495935486
5.4574816934894095,4.881193321589314,5.891538867968689,2.2017522464608086,2.402270278834608,2.995513830136267,0.6874506785494989,1.2234201751073575,1.4519484293646303,1.5138543555889825,1.0550462067143738,1.9211362594767516,1.8026464191117715,1.876919630161646,1.4759373734149204,2.440886628537522,3.0351053496277878,6.6054034455695785,1.875631568906307,1.674111897652917,2.5389478544590562,2.215111453970449
0.7146746232772939,3.374590189834286,4.631192859513265,1.0025817567306454,1.3650802257363313,0.7020831626756313,0.5284396980342904,0.758459862731194,0.5016182569410166,0.7685075394326699,0.957249926800221,0.6590705529564002,0.946009768328776,1.2812427502883739,1.592770573476698,2.327731149256901,2.137289692478457,1.585585272334229,1.9378317077710534,1.4487652903691568,1.4742342366639232,1.386212279034847
0.8316641543690917,1.2805570849435832,1.3808779090640215,1.1243544037726072,0.8523719267857184,0.7499595758943902,-0.029834174178152827,0.1659179289836166,0.1149872373029861,0.560746148245007,0.599826826701713,0.5301422037555963,0.8157364183755783,0.5239763664563262,0.9744756898521326,1.0742179676411456,2.3844452614379206,1.574615709163064,2.0232087948728146,1.4252081418009157,0.928231588668813,2.4462058849142476
