script/wind100m.json
{"header": {"parameterCategory": 2, "parameterNumber": 3, "lo1": 6.000198445256149, "la1": 58.999992894266676, "dx": 0.5, "dy": 0.25, "nx": 22, "ny": 24, "refTime": "2024-01-26T16:00:00.000Z"}, "data":
[rows 0 to 23 of 24, columns 0 to 21 of 22]
-10.421691032858307,7.894165719299132,-7.144689029369112,-8.19609783676012,-7.9202737441016895,-3.4644840710233535,-9.715735637587235,-6.217333487069832,-6.142565646984396,-3.9799715767597577,6.426592137505018,11.819106347893005,8.392595865536022,15.664828741177113,7.6208780877815565,8.236704070273039,9.377481156056763,15.517589540670691,-5.706571913892129,9.484005834440895,-6.334827511221691,-6.364139321697873
-6.2843691901078,-5.366101855109948,9.278798143149544,-5.480806669595768,-3.9899218108364147,-6.839667418715205,-9.038876326304774,-6.036993868955748,-8.325234281566493,-8.016911258583445,-5.787203923911225,-6.530152813962915,-5.632004747022109,-8.798758765054524,-4.870008852325414,-9.215797738652872,-6.382944841998365,7.384917868788572,-9.508044736878853,9.805510668521151,-9.74612317051914,-4.116957511949868
11.366679513529887,10.195522130930364,-9.37759867404618,-5.964538399107416,-3.8866802633685285,-9.852759743563677,6.861740821780889,3.2629467403308716,8.779692718183517,-5.6610623042514705,-3.479190146546536,-4.0875822641934265,11.62916712421605,5.472069718291087,-12.062121263558042,8.316217252238708,-3.9644562515450055,9.512217957253464,14.428644489355243,16.069107046514628,-3.8588301669604617,13.951222330988806
-6.29279220430773,-4.22635897271601,-8.221075114042671,7.744786681709075,-4.35286081270548,-7.7528414909681205,-6.8745693317000125,-9.79911969985687,-5.727466821975598,-9.99884446821614,-9.460448876079678,-3.3182616623725067,-7.592080503418585,-8.411048394024181,-5.918858006960906,8.660601344967843,-3.469263006994932,-0.8011763333660981,-4.385677098695467,0.593625816022116,6.809825220196489,-7.950280421718001
-5.546553716025156,-9.76166436450015,8.053877636423143,-8.206026416788067,-9.036263058432318,-8.142527986575773,13.424137125639838,8.922740127184493,-6.197765848641403,1.4582145096773047,-6.947779179480646,18.110226958199938,-9.693511638890623,-10.292139525476362,15.80828238652804,-9.631584197547676,-5.694135006121019,-5.861429646280213,-0.029247969942499955,1.1621244939092485,-7.135955684765192,-6.744607621342515
-13.548188333574164,-6.282380381835011,-8.121167535508906,-9.368945468554621,-7.653907468501066,-6.628854776853202,7.20906287042701,-3.3292371861512113,8.695426273794293,-7.063187336219191,-4.798065426603618,9.84708960649039,-12.027015798751634,-6.44713354972582,5.10273662292965,-8.075521646991534,-4.450183967922714,15.258813669075513,-10.366134893409399,-6.156104486471122,-3.480785273243716,-6.377400474567617
-5.239576394290823,-11.957308224671152,-2.703389421967706,-8.241393556122201,-4.273931149177601,-10.334140867424333,-8.527652569597507,-6.532003650502535,-6.479988589509071,9.260122520556026,-11.079811364386314,-3.4463543024121144,1.63853524233652,-5.713095855733807,-8.85321983524061,-4.537640415109775,7.393755976189288,-6.483124934498199,-9.07881896362001,3.9892640470075516,-9.396096131591705,-8.294976522099523
-5.353600363449672,-10.09781701861164,-8.41476462453324,-7.041447666077081,-4.688188348135559,6.840641979070915,-6.994560356702261,8.862316450362975,-5.433256552324985,7.575165226053034,-2.9038565411807817,-6.0678601759192,-4.158875371905791,16.87536742073353,4.580605140802474,-3.815883362453436,-6.0214522151919425,-6.211337486535176,-7.159548765855399,-4.38258136135635,-6.925911648004096,7.391017391851019
-4.624610424150994,-5.597812873844059,16.595768430483904,-8.911204439692362,-4.4875234061624845,-7.5137280060984315,8.171315224549968,14.060465684370254,-4.6996279248056565,-8.80953902737954,-10.348818128574798,7.229068550389091,-6.213181238349861,-4.089037377386631,14.875558197522528,8.601734158332263,-10.934302693332928,-3.462235268050448,5.93434632261462,-5.998492585254659,-5.219672477948739,-6.735822324212978
7.875712516427282,-8.646015775682176,-8.370561591758841,-5.385704485255907,-4.792477989252696,15.903238295382675,9.009832373418728,-4.040379900539694,-4.482375324710476,-9.089587775349964,-6.983358486244239,-4.670237369856573,7.4944982416331545,-6.775949325250982,-9.547970365732763,-9.162261921904745,-5.837687145699658,8.980948164029178,-5.5098584467683915,16.08193782034981,-5.6053630325745925,-4.722076919122021
-10.202362142745367,-6.455862903575414,-3.437490393705338,16.657119967536097,8.297825035917942,-4.292881533941005,-7.365062196330991,-3.822777921709384,-6.21139412655847,-9.34325517908429,8.299660543622714,8.945697759237666,7.230717852696198,-6.779979840804891,6.379316478790094,-5.898838601400003,-11.267671020861641,-7.342640073264133,-4.577653146494537,8.003993535713953,16.09573807632684,-5.90331413160184
-5.939029564768115,-3.834220464801316,-7.588894063496788,-6.499380537637404,-7.80228852944506,-4.853173684318195,-5.542629019467611,-8.719904967393003,-5.476980937637939,17.65146508067312,12.911816320404224,8.373786674932353,-5.730171203534657,-11.45818710788356,7.25392355157394,1.5358950591659664,-6.781436242886745,-5.831896969717169,-7.719068535810279,-4.590288126094781,-9.232191366207958,-4.812640817065753
-4.88372676533417,-7.303504785915438,-7.808473588177703,0.33636975410396563,-4.074287073978557,16.490227175973246,14.314299823375647,-3.509835167946048,16.606020987924698,8.523055243190255,-5.5444303557791335,-4.385808742819088,-5.856446007886289,-6.071536278345036,1.27068985459008,-7.025575990891386,16.161093312110758,13.946571564237686,-6.930531717293589,-8.314720409527636,-9.184399725363956,4.685961983113199
-0.46948797999047076,17.945703299247302,16.50605543722008,-5.740342354889897,1.5541021002195365,-4.201291396539288,-8.104104755222465,-3.4366690471673174,-13.094091500799497,13.66229414645327,-1.7913511459233449,-6.392505576427513,-9.074600869369837,-3.590668054692157,-7.5879796925452965,-9.879597161735106,15.712424981094744,13.114097014967498,-5.827278105039019,10.629042426635182,-6.0239737604426375,-5.944594845409258
-9.730292143240911,7.729933504702387,-7.904860530980078,-4.746331966058023,9.457396263607114,-9.000545578177556,1.018115858472891,-4.516677850952787,-6.830124332000317,-5.595922640838234,12.125378832989721,16.245441379251908,-12.928445450149226,-4.303637725563625,-7.340831680411966,-6.358183664574798,1.2579513618065177,-10.293157781475385,9.778849282412454,17.65818043061167,10.490715266915467,-9.11368311439931
7.3144151928482355,-8.68423163444632,-4.835428035397595,5.641763858842191,-6.52116871048015,-6.168336320020717,8.423339410047134,7.82592761731029,10.784847194919717,-5.406111466728781,-6.074729408204133,-7.37917611924761,3.3136970562345556,15.95150442068288,-5.713553358705778,-7.535138937730182,-4.134087196822992,-9.755062942507939,-9.804636199429222,0.3790151130589598,-7.611945862769941,-3.0789823303704225
-12.797568234170178,-8.19750703232916,-6.2289421259330675,16.774795451143785,-6.912412100019458,-3.5625269862154587,-5.883156882522895,-4.598733009638173,-8.102478503809076,-7.636878393199176,9.011108113967419,-4.1617342366540155,-6.35063061373019,-8.09833673237932,-9.53717681507009,4.765791509305414,-10.348572069723998,-8.875901822862707,-8.414947064268404,5.442058014610628,8.059417697590183,-9.308639510372743
-8.780936172214558,-7.54625665425267,-6.09688228985817,-7.128066849519945,-6.014360676166796,-4.431628284036226,-5.611812424034053,-0.32281828530301854,9.065472008154277,8.60449996879503,-4.8548899985373115,-6.038835067166932,-8.373343420391063,-5.073423624310516,-10.97985578502894,-6.880866902657779,5.7353272504133965,8.239376473932984,-5.03136133392247,-6.729391647584087,-7.831721618416479,7.9454038513923715
-9.473864516162791,-8.786335956356991,-10.727633948849308,-5.958131215409839,-9.965040407063826,-6.931921118726243,-3.270572163693414,-8.930409837359477,14.650114646935709,-10.588545935155382,-6.474075586057149,-7.581961250038221,8.19753686062325,6.691179231018241,-4.509398409957333,16.070648006389302,9.693985614361967,-4.115397218226535,8.990283302459778,-7.352098424597273,-4.082959142167274,-7.021436142178869
-7.2208373065067075,-4.199654102366136,-4.6185827905794845,-6.405990881187581,-8.56318340904421,3.7650493106809106,-4.519685725102538,-5.2052935147805615,-9.122356101972,-9.64551960363274,-9.352321709007995,-9.184724265755484,7.684187099601186,-3.695070303309119,-0.5796281874052724,10.738073885033021,-5.997315687800192,7.9762124672103285,-8.67067511885527,-4.712158380196727,-9.687296302149345,1.4829513312746825
-3.8335778035602175,16.642323691674513,-7.166498643064242,-4.80183503437966,-1.666574211297143,4.284233048145733,2.0253924718787677,6.99081313341883,-4.146690717912672,5.311635418885451,-3.5469038322714295,6.617980389885247,-5.144241878888425,-2.7633052037243866,-7.027782976028561,16.818431969968955,11.974069710291484,-10.166835235499022,-6.429278899567069,8.503045601635675,-8.530715447682958,-6.410748409039164
6.640924818658267,-9.000957471924108,-9.471574254042975,6.492273736516518,-5.3970882119354116,-8.329192862257566,-5.245795922558295,-5.9371955528412785,8.205859510977922,13.317666490840466,-8.09098155009641,0.5382082267955101,-8.644260515805266,-5.850514913854531,16.141588442116213,-5.752891393146995,-3.785935443056849,15.866832420367357,-3.5161299412829683,3.0468839000326415,1.4135188125363127,-6.806317414576686
-3.314659032378352,8.916856009394994,17.58388587166916,-8.700388225921358,8.055277102452143,8.322662978131705,1.908119298143194,9.784398104303536,-6.46952805389338,8.847646835585007,-5.278978627318422,-3.68685885636851,5.8519310643243365,-9.055481697197246,-2.5098731008270887,-7.365442517177196,-7.0831471873229,-7.538359215593941,8.670839029575577,-2.2693033607491024,12.820164608988792,8.447205703688232
-9.765940492641022,-7.572515307308659,-3.8601636208992325,-6.019320688882392,9.46154581483922,17.5987040030227,-7.539489855088689,12.457004710103295,-13.041245660715264,-6.968346231779108,-4.8606845550765,6.989660460341572,1.1839778078524825,17.64608083686676,-5.999452959180568,5.811307611606862,-9.002029160461284,4.607363685334043,-8.703400611811546,-9.34285951470391,-5.500091352086154,-6.25064279690832
