script/wind50m.json
{"header": {"parameterCategory": 2, "parameterNumber": 3, "lo1": 6.000198445256149, "la1": 58.999992894266676, "dx": 0.5, "dy": 0.25, "nx": 22, "ny": 24, "refTime": "2024-02-26T20:00:00.000Z"}, "data":
[rows 0 to 23 of 24, columns 0 to 21 of 22]
-2.969450957653263,-6.151586864039554,-5.466465871196932,-5.5135525434163295,-5.383964310743228,-5.126051073714465,-3.2409861646813303,-1.6794134405818002,-8.099566818222927,-4.70215853263597,-4.391142136329966,-3.767731147229757,-5.573252255587354,-4.016416770632602,-3.9186764384237156,-5.252680956325724,-5.369829609056959,-1.8373627711233411,-0.054815894698070196,2.2573578728340857,-0.22117742507720317,2.5014537442002083
-2.8180180053704342,-4.646023619260876,-4.53690193220252,-5.9209211446316585,-5.462160779700259,-6.93611353196867,-5.525894998690141,-5.2289531056656,-8.19822982872616,-4.663442543820612,-7.170241061985816,-2.8141735458929107,-1.402120129167733,-4.659614614226528,-0.7750739632972501,-5.517918928852656,-2.727073821903011,-2.6198519111627867,-1.9227340799399573,-2.2508385860966493,-2.0699641818798176,-2.661986484824976
-4.671867872319726,-5.448060494162514,-4.618248002737516,-5.3149473617436955,-7.093507987591263,-3.046302635304618,-8.135844029444065,-1.857356506596936,-7.97029224774503,-6.775913590416766,-3.9313023272389285,-0.5339997908579748,-6.0697153797642205,-6.463193912932458,-1.6378451548269,-3.5600290775802153,-2.6281096953835053,-1.2057679407465363,-1.749933534198893,-0.4704942669355046,2.465718462272722,2.1149213152200033
-3.2484124865712913,-4.552824928951528,-4.757441010305283,-5.5277325446868115,-4.601004944867798,-4.214230692004576,-7.033820749827382,-3.972386449867755,-5.3929337772575225,-2.97363741791169,0.25976705687251683,-6.617659655291123,-4.4911076085161845,-4.779663977794493,-3.880885095337031,-3.6081063299276783,-3.91778458578873,-1.212157498364794,-2.6427208042832584,2.4766728364174444,-3.559686044096896,1.2779901523010142
-3.682298267057746,-2.464598022883737,-4.852093669834353,-2.4035142694205307,-5.3369179601262475,-5.460247965242038,-6.896610636065246,-7.930894097246037,-7.258579487499454,-6.4062608087157855,-6.1429161952195885,-4.274308664826948,-4.535816951306375,-2.4058700183331276,-3.9624922030626855,-3.5971161285350286,-2.1438626960180427,-2.1976012075749334,-1.5485583022228027,-1.1099985022244123,-0.3215182448278557,-2.677768486018188
-3.727270545278919,-5.868511972949709,-4.738091224009539,-6.203050715049389,-3.3411653830318673,-5.0917945586451205,-8.174410853961138,-1.6545826102361063,-1.8444270549842634,-2.9922049580103045,-3.547876423805852,-6.31017563289633,-5.077823456581504,-5.251306914461546,-4.059737317118389,-4.248675646675498,-1.5341263308804391,-1.6822046185977166,-2.2529955140049003,-1.421962894705049,2.3214701224314997,1.7361091543726308
-1.8392279076924354,-5.450503024161773,-4.696021404567273,-6.367742675446488,-5.247400038485882,-3.267647280951156,-4.42077544477818,-6.442989234212633,-7.269493605325102,-7.185362123315616,-2.0255257298624656,-6.005623788322517,-4.921536157421787,-4.385260854029999,-3.5420563593038237,-4.267341258533917,-1.4673362500585512,-2.6720990806988874,-2.0262128158486616,0.11905048510133014,-1.9697421668297181,2.743641048939601
-4.074001226368314,-5.110818413670968,-4.788889414440055,-3.991004068845703,-5.259125327245902,-3.276691349127166,-6.951871470883932,-7.909367147194858,-3.147850687142932,-4.557736004336248,-4.133580074900495,-3.93444666970216,-6.2097681363953265,-3.1148066093415867,-4.930200592421476,-3.3265880769730045,-2.424803197181081,-1.4446105777671776,-1.390266522884261,-1.0527872589730318,1.2646021685671627,0.4379964899938403
-4.689545762269268,-2.5916212906460565,-5.387986367153612,-4.767290754149287,-3.2457652300666977,-6.107288942822949,-8.154870382214748,-3.5511101319906753,-7.2591256364589904,-1.038768447612956,-0.7557714113560972,-3.210880157739402,-4.983010310626699,-4.545227044264284,-5.362384882400728,-3.499205843880938,-3.0246718897560028,-2.2665110675337656,-1.5066674297484508,-2.443276199686578,-1.157239797809052,2.3625266414518746
-4.747434732476415,-4.732445013930108,-5.345954354843705,-4.656874366731232,-5.770527032473292,-6.836205317872493,-3.726116609635281,-5.86560744917632,-1.3739914520362846,-4.301639707947889,-6.628183261110355,-4.991064451036767,-6.243467194157703,-6.510349073832089,-2.678337376425171,-3.5515011392582085,-3.0691455194825297,-0.27213295282852723,-0.9062002951379626,-0.3312458332521404,-1.6631092640408918,0.4282286698395048
-2.8156244989635,-5.849650371661433,-5.1956760050119035,-4.461595199595853,-4.696400644801159,-2.953118017713833,-5.710632324716166,-1.4363442103537192,-7.256910411784686,-3.054010359237821,-4.142518213318408,-6.788137479117485,-2.066208943069852,-4.701993626104536,-3.9911183961699046,-3.7072692326652743,-3.573477452107742,-2.578484727871293,-2.249232359512132,-2.4314452151913417,-1.0073377964142924,-2.3146247701691576
-4.345669652860408,-4.807636939626005,-5.0376041640363045,-5.708728830830283,-5.041999276510175,-3.3517061224731863,-8.21273920246234,-6.188077865110438,-1.2677336375419694,-4.4552337618877305,-0.22104545707217538,-3.4034901713539187,-6.546685423440058,-2.54401679163183,-3.7154762867266466,-4.792020064112363,-3.9745615509655554,-2.232230446807211,-2.264809996354107,-0.7349186539141404,-1.2670607554638351,-0.36010325124797404
-3.7648981835328477,-5.103021286633217,-5.715778852642368,-5.18987361639848,-7.244907792587982,-5.393050629586877,-3.003944700933611,-7.696155290153935,-4.87755025620598,-1.270933272422978,-6.732873473283572,-5.070839161673584,-3.741879055886234,-4.9539018985904395,-2.3886424187181703,-5.760149634994197,-2.837418413629106,-2.693159473551909,-1.0227275196792955,-0.2851780486881182,1.037691034670992,-1.7185012722768889
-3.30546411756292,-5.1191254369634045,-5.663143713437722,-5.2282902844451815,-7.183820010675751,-7.769148306249583,-4.709917836419177,-5.343771062504445,-1.1450918955136709,-6.493020530647833,-4.059402659637185,-6.433383634588883,-3.190147482291222,-5.344128904361396,-2.7188421255216384,-3.492313877407458,-2.912296040907928,-2.2313735154063794,0.38383066327764326,2.4468991421723874,0.6168867896062386,-0.8316611514168629
-2.079040365013073,-6.34237939697864,-6.06332312719149,-6.322521789073666,-4.906676356915275,-6.233356560396403,-8.346697585739367,-7.967280665661621,-5.261136772575852,-3.5117604088808894,-0.7937219451392837,-3.455980398873984,0.27393891523099806,-3.874043546762378,-4.823003359132603,-4.238871886347486,-2.6543499039613105,-1.857117420726026,-1.6824907061019017,-1.170865123348161,-1.4171132155720643,-0.7051059853839052
-3.702566785553542,-5.52581535819865,-6.034324703214011,-3.9598129798351427,-4.192865361897376,-3.2752519105853537,-5.1652169470912375,-3.3513941833934013,-1.454785467616257,-7.5193178825151366,-5.443348717616765,-3.0391524560924164,-5.200423115436177,-4.8426865531747465,-4.730730837651636,-5.221802249929505,-2.1553294135757217,-1.8224299240231576,-1.5526614983990805,0.2539434230329553,-0.7783711470293831,0.300511155309055
-2.772154576581621,-5.049961225500617,-5.787695974923165,-4.361439578552398,-4.7039229776128835,-4.995808807999487,-5.870125161317114,-5.761385377967728,-4.718410672385343,-3.6166075079350706,-3.4958612886424825,-4.953345742027755,-4.210341069906473,-6.851565920471914,-1.76284224808583,-5.74160389653715,-3.6458127329369043,-1.6264109964594666,-0.07364750726258908,-1.6271659693242142,-1.6067263498072577,-0.10529648827511968
-2.8464654085722843,-5.891604455181211,-5.889094423192989,-4.638373555561828,-5.406176314480043,-2.923978378920804,-7.683023339025886,-3.094386240842697,-2.7136817157433617,-1.4764465739852795,-6.8896633434528525,-6.498617729963871,-3.3343021298157423,-6.4457115879761,-1.6143510212294807,-4.131951704158494,-2.152815825473201,-3.134155067526487,0.17701799962586545,-2.1182314300954617,3.12625879203756,1.9068071235826638
-3.473410548171887,-5.487139333052954,-2.020863900967784,-4.709360222961401,-2.8133372069213314,-4.442967357536186,-7.111979920153869,-5.468536118136674,-5.817454391981393,-6.195387940133596,-5.324235837483993,-3.392313849909395,-5.324497993887751,-0.10863098079953598,-4.177785729076737,-5.221738978973737,-2.729343994683989,-2.5833804156655096,-1.6262990956609418,-0.10500176306332408,2.103064556178959,1.6292230337899538
-4.5830707868485305,-5.1360712386766645,-3.0766751562221617,-5.5936165254126555,-6.209939111423739,-5.595430843558509,-5.366059352439969,-7.813227088355941,-1.6096739166491143,-4.008475569254842,-4.363773578384668,-5.462725553654568,-5.803525213246539,-2.0600002521118945,-4.980830873215048,-4.889237889900097,-1.112574859555982,-1.3099295068836452,-1.3570608098377865,2.109454661678051,-1.2826612824555816,-0.9712724352526559
-2.515053832777368,-5.292213814603272,-4.53083083363739,-5.484086299705123,-3.937999683829055,-5.373803718712808,-8.216301750426855,-3.504547647112275,-6.765582831367078,-7.706309409429757,-6.481675350332443,-5.592871714593758,-5.434438640120993,-4.389034354399452,-3.8716405557514917,-4.200624561996772,-3.5803415354920176,-1.1885572340177426,-1.2492933242864737,-1.2124989266908441,0.5967484863564861,0.9584193641910475
-4.592487600780375,-5.316886110168002,-4.787408174835413,-5.09497836872987,-5.075195657150207,-5.759758997625892,-5.461335278466292,-5.971284459778356,-1.4652166356917362,-5.429401391172025,-2.6441410603933346,-5.674748191814554,-4.0687164156850875,-5.978946523677646,-3.845414035038803,-4.685014266491128,-3.989637270619298,-0.12207711937247799,-0.12075353485118177,-2.9230360026826534,-3.6141841911050974,0.14203394395046887
-2.821377767851515,-5.328183421256753,-4.694191408160844,-4.912754649643488,-6.541674033117402,-5.284897144238493,-6.043668391886023,-2.500679898325812,-4.378744478403069,-7.663087012826746,-1.8852277733736735,-3.820776047258938,-4.468404636308277,-4.405621956798247,-4.134154049800526,-3.6454305505724736,-3.7448766926630737,-1.9102108483120537,-1.5706454995658603,1.1469248838510584,0.23580018026598906,1.0659039449321768
-3.4699583183840175,-4.95653240630796,-5.415066713342734,-4.581652105715734,-5.576500093431804,-6.2193800226391724,-1.9391707749258311,-5.64316179815142,-1.0739912648632928,-3.918609262164375,-2.1394090747736696,-5.856657924790701,-1.9221549371835642,-6.816107068895614,-3.7856563638266203,-4.135408906209933,-2.8258296375195067,-1.8145389817914652,-1.0753433189280093,-2.4810441741133977,1.9611368515489562,-0.3079124005042765
