script/wind450m.json
{"header": {"parameterCategory": 2, "parameterNumber": 2, "lo1": 3.000054539987559, "la1": 64.9999836372058, "dx": 0.5, "dy": 0.25, "nx": 34, "ny": 52, "refTime": "2026-01-08T07:00:00.000Z"}, "data":
[rows 0 to 23 of 52, columns 0 to 33 of 34]
-9.15846078177428,-10.18545944197908,-10.409402304373588,-10.984850070149731,-11.158833920076853,-11.93175907370071,-11.825353940723403,-12.020390697001705,-12.621020081444705,-12.996595268678586,-13.992792171691189,-14.927439175687265,-15.240142860875874,-14.815983240708299,-14.520296713400398,-13.484277295440267,-15.271683636341029,-12.669970589457906,-19.911388324846463,-20.496756806341732,-18.49695385541495,-13.45446786006477,-19.12100877832058,-18.31297731493804,-17.29957362052968,-13.484887930315544,-16.239062147665738,-16.841016620270928,-15.951434792126937,-14.649789531596022,-13.588207431334176,-12.57450649147032,-11.473876555000341,-12.291664202730122
-8.452316070558858,-9.493428641932164,-9.419566480593064,-9.847710326918659,-10.60615865305859,-10.7932253881834,-11.354783275682621,-11.86806897397685,-12.053002834285497,-12.255559160408167,-12.97199054831321,-13.552947678656198,-14.314552272513936,-15.674962323228307,-16.17594942974242,-17.43386012042774,-12.59942184833641,-14.10183692611684,-23.332308477788274,-22.70427129614299,-22.596652590829375,-19.094149293205422,-14.833936785477368,-15.289519698216493,-13.335578622220735,-16.585767306691686,-12.526305200926902,-16.23228287788107,-17.663284018736654,-16.565974938072017,-15.986553226933365,-15.68930609021965,-15.532482696880479,-13.956174464573872
-5.3476064244219526,-8.016449990784528,-8.204241540662245,-8.604411975657895,-9.378208390713723,-9.491717099968573,-10.301682870884996,-10.664095078682587,-10.571878116730804,-10.85812319289556,-11.799727371350059,-12.425011356046108,-12.810334495078813,-13.28838942736949,-13.679572799242989,-19.093180045911264,-17.813368085117425,-20.035252720931787,-15.945972022582453,-19.136018692875272,-21.25023626617021,-21.79617261893841,-18.522749201817582,-16.15650587936511,-19.139048441478796,-13.590131290711504,-18.81367692023956,-15.629341517996535,-17.541431119699258,-17.355756781969557,-16.138704712009023,-15.744666662910328,-16.269961830419724,-16.216758451582304
-5.3164103179072315,-5.0077829929375985,-6.86927592051502,-8.024707370520378,-7.382127074765703,-8.434743622907703,-8.628151198874635,-9.360288406662402,-9.31522006478896,-9.735583659871535,-10.222710354272364,-10.46497237644827,-10.545693394362946,-11.369834017572055,-15.809718710660126,-18.985038033555423,-13.500116512811998,-16.852308371736665,-23.75202740202486,-22.452728982297486,-25.987013189182814,-18.64834094083396,-19.1597761022131,-16.5304250536886,-12.97001386090816,-13.879761357259227,-16.287583782706307,-17.319671706444275,-18.21003451721039,-18.459447046944586,-16.674210164450997,-16.189161838218933,-15.372487520111294,-15.304678253834318
-5.6647000682080515,-5.701030183120481,-6.197836707359687,-6.562515271115865,-6.42610530284481,-7.5440349730233,-7.986964493991229,-8.334001600703925,-8.423098560541126,-8.901790040633248,-9.049208154838018,-9.36008568853757,-10.38688803927351,-12.237974556729757,-17.324614210153054,-18.215148439575884,-13.749204593075602,-9.543079563427437,-21.15943238184008,-20.17899022821357,-23.69887825066371,-24.48094896497931,-13.673256690290952,-24.249979138865022,-15.399672218928378,-18.33163149756792,-17.761725863508737,-19.298271337497894,-19.720867146496882,-18.737464044518777,-16.68121749489427,-16.19868309612079,-15.226766356930314,-14.004662198586331
-6.3528183472995,-6.260121286240599,-6.370413865936684,-7.214808852976278,-6.918751303091068,-7.613960778054268,-7.837470558219634,-7.747541415844923,-8.690514796538514,-9.427959111368503,-9.738467674572263,-10.725565961356955,-10.45169333552428,-12.394807487632782,-14.246647744487817,-13.914269827181695,-9.892612357360244,-17.212063439888947,-24.268651005116222,-29.582493575003163,-17.48382890639799,-22.10066368756389,-17.892964857084255,-16.364875264219922,-18.55612294755741,-15.265406242184117,-16.053313531661377,-17.35968079755486,-16.445721221128142,-20.668451676585153,-19.006032616051037,-17.017697436964674,-15.658887495446704,-13.876768678484893
-6.448264873720101,-6.443354006017972,-6.793360532994095,-6.584403945097317,-7.58718561225832,-7.69156991322828,-7.354316032478487,-7.6777386157927054,-7.562958471065654,-8.085952199918259,-9.321430569672069,-10.055373927136356,-8.71541132598873,-12.301596578335023,-13.90132481819845,-11.283390227157494,-12.835267015119793,-20.884581893105306,-25.655205251918666,-18.06409023660797,-15.008017967564133,-13.852148308582876,-23.18671586486209,-20.855726357212035,-23.186126073600423,-17.933608676183393,-20.453329231185432,-20.052840982790965,-20.937075229856127,-21.72111427163214,-19.303477215183893,-17.266050881917216,-15.639143761096008,-13.880901622659435
-5.242129762605191,-5.920174636065933,-5.608212001122428,-5.924691207135057,-6.548581400772119,-6.339362795324983,-5.62911292933813,-4.8958393113728675,-4.111472385409029,-3.736425070340212,-4.716072017392298,-6.5320889072267905,-7.673143545556232,-8.463892638866044,-6.90834852633512,-9.618158064308515,-11.281133277401501,-17.759746526519677,-16.854611470967296,-12.491107245310062,-17.883687088775865,-16.404712905227132,-13.0859769885978,-17.71131014430289,-15.652940174197674,-18.905140112056397,-25.473496890834873,-22.993427808546567,-18.342796826775317,-20.270285254901484,-19.245842733120686,-14.995938445370161,-13.454393118627792,-12.750686336584907
-4.002856528202126,-4.104707097043983,-2.352910467252384,-4.407631067567082,-3.466463018679089,-2.6494414649019387,-0.3546552730729237,-1.6222928638763003,-0.9522863769584088,-1.415599258608272,-1.1835682603498328,-4.355852893278362,-7.529520833468722,-6.4356413922249525,-7.650450128194435,-8.928079535666457,-10.359542678502182,-14.067689476995048,-16.390255477789772,-19.932719618631594,-18.56799332656952,-19.44662070891366,-10.270820285171189,-20.013057137121827,-17.70018105619776,-22.917571929484794,-18.117385630350384,-13.873546363099102,-17.374840541294372,-16.240400718423356,-17.89239950863152,-14.893521320768425,-13.452236070270759,-11.645065616976025
-3.8999638146545474,-3.265961117737766,-2.598362916833924,-1.2660979971319082,0.23121480050343404,1.0423875928223618,1.2246473790080576,0.7150062450501073,1.3432719287965615,-0.9406748733018538,0.4214969348484484,-0.5065380455255358,-3.4870168875817673,-7.1204545043756395,-4.420577906905323,-14.443434944796198,-14.411714816280192,-17.741492956764276,-19.473552350839235,-17.31437163248904,-15.912918588415,-14.58655657374504,-13.909334598290128,-13.727561196406388,-15.055773122669292,-18.313893612466526,-14.303928242281424,-17.78393009257102,-18.3146310235399,-16.539761415801475,-17.73073494530432,-16.900633167590158,-14.009147235642184,-12.683674462893654
-3.507684126332903,-3.179023870228393,-2.9890967191518616,-1.4433797653110143,-0.08934523369790212,1.0619593535769556,2.447624861065151,1.1775501481409605,-0.10282111066857363,0.9013115413543072,-1.7044255814932938,-1.6438829739159282,-1.1512244856682787,-4.556427992507135,-8.455361414124969,-11.228705858699092,-14.450199991108747,-16.161818270988807,-16.982528725936312,-14.389465405490743,-14.958111499833342,-13.74615580353332,-11.826005743446597,-8.674004949877455,-10.908716722722932,-10.138490139049148,-9.680566161470281,-10.613010127279527,-14.460553752962095,-14.467181464548318,-17.338052522417616,-16.411146183847084,-14.197905115728403,-12.595742858071711
-2.525181444472094,-1.6838295276397792,-1.7481652350325365,-0.9332389114922565,0.7181380280795706,0.8940197563519776,0.7122872852677379,0.7371476390770401,-0.16277312916666023,-0.4757113595588921,0.2568626288028503,-2.0195765162942934,-5.109243115198618,-4.928933729385139,-7.973645616639947,-6.826869813203032,-13.961074071036034,-14.006402534281479,-15.173297850531373,-14.934858459664925,-14.597884584068273,-12.468008684258715,-10.410894138970605,-9.303224622092614,-8.524436228816475,-8.141965219068272,-7.304217035816206,-4.053594896103674,-8.121368172563153,-11.582108541526907,-14.676554151569944,-14.446096044297429,-13.741998035797545,-12.656176570970235
-3.3045844392715065,-0.503726902368403,1.6919941852259466,1.751035923528014,2.5006930056843815,0.19736453158489084,0.528343799828262,0.7167811031225717,-0.5214505126657375,0.6538560842831553,-0.4320442352235611,-3.178718067564051,-3.812255521244899,-6.70756309952119,-4.542001657816096,-8.604181751161367,-11.694067654572118,-10.529436678248342,-14.419017633472656,-11.550998727553749,-13.500409891472193,-10.81393475210564,-9.319300553317081,-8.500264237082364,-7.992549139529146,-8.959211350961604,-6.76915397326439,-9.08349550379996,-7.745751636718884,-11.495807173284097,-12.96543408544342,-12.64493660103316,-13.551292555089239,-13.132107443816734
-2.835454885429974,-1.4429845069946636,0.7525718608057167,0.7331281141160556,1.390812131565202,0.1334622394486905,-0.438005660090457,0.24903672109672184,0.7746887327993656,-1.2226385868177974,-0.6502749449929192,-0.8162862421039044,-0.13778665602400572,3.33655404139724,-5.479107927434693,-6.470174659468942,-9.404970944860388,-10.712200105089549,-10.1540859638628,-12.043797665085068,-10.017533021674883,-11.405100039168099,-8.354538856978342,-7.890837741888968,-7.089880910167787,-6.061771562800086,-6.054499883410747,-6.078662241620216,-6.654964381759224,-6.713060032163144,-10.340162915345086,-11.387092631294335,-13.185863496382256,-13.051985214521594
-1.2602317250811752,-1.2862501619172761,-0.37148236055294087,0.056879604408207655,0.008851477724441429,0.5635129426894261,0.8272875101250378,0.5112385411197339,1.1782274282455987,0.7014248112071302,0.29426609975865703,-2.279942728520867,-2.0437395976832082,-2.834347853644137,-3.3057166900879222,-6.215599838182523,-4.267818036091009,-10.083733059957767,-10.003157630526049,-10.306018155518458,-9.713842166555974,-9.939154469688809,-8.068300862855684,-6.979175775079135,-5.500425229112106,-6.880111300138932,-6.234831635775697,-5.764260018730237,-5.287020559097642,-6.900474422169265,-8.232709865828696,-7.317644594168806,-12.210428041868331,-12.183759475733227
-0.913446464260204,-1.539558383192015,-1.4171691634849937,-0.9977736414205675,-0.004822588652624076,-0.6304938281503366,0.5932997678078208,0.43984328466852307,0.778792721605485,1.024936488989264,2.6771980067425303,1.3044626244810393,-1.3371281114768443,-1.9666969858310215,-1.4257384227617085,-3.5870121623921833,-6.680925646664381,-8.251697150748546,-8.260133086236666,-9.318875720138642,-6.835426754722802,-7.867825572354206,-9.02933580077317,-6.878649586986322,-5.199767769037927,-4.86725909413889,-5.089285490930519,-4.706038557879242,-4.5508059586225835,-5.094335065403564,-4.31690311387047,-7.803793654731989,-11.03528925829384,-11.085002461085828
-1.4468673916286308,-1.4083937208941006,-1.4494814846744675,-1.237027692665673,-0.26256222642933313,-0.5937983118579034,0.9954272888907748,0.37902974207205903,-0.03276132126263017,1.1828811297656117,2.5039948332502657,0.73380041212215,2.960394212682289,-0.096496650193373,0.7587931296375681,2.341994627264344,-2.830413983018816,-5.916071526780353,-5.451250887761172,-6.1932157852885235,-6.42008649401268,-6.491708245448365,-7.648922616532474,-7.4560646186937305,-5.824443911084997,-4.266786098771546,-4.8398619276594115,-4.165527024447679,-3.47349189701281,-4.202666672268837,-3.1717287848337037,-5.403808084715484,-6.2920018888484925,-10.449642959265816
-0.16535867814178035,-0.9639507977045493,-1.914667023645972,-0.9547208138230839,-0.5615360186662042,0.6667575675110943,1.617003970988073,0.8400419123734945,2.5683800611399943,3.028289402021232,2.6334196030502977,0.2883814801741755,3.18269442422253,3.4201706539772565,2.7288397829992093,4.109740973989623,4.723150462403392,0.5951088747534525,-3.460305357488613,-5.380905186100497,-5.797588228493333,-5.341660848699537,-5.404233403839509,-5.617354352390255,-6.07787795290694,-4.62756313872638,-3.8404422781743683,-3.9336404316151685,-4.185384903332692,-3.973799217256984,-2.1196176875383124,-5.217228617296083,-4.53185620157152,-8.407149410454753
-0.16210606663409158,-0.784892929134827,-1.36717579745955,-1.4935337975251242,-0.43974988486032135,0.4647851912503456,2.8302758060018727,2.6152943361569805,1.8812551440180314,6.220054216933815,2.8940745601071405,3.897264957777004,3.48810781867161,3.8326163082065055,5.7804350884197255,4.2217604662095685,3.5527992110755267,3.9887916525095717,-1.9889458962715678,-4.036002606051703,-4.880065474570672,-5.026621714931616,-3.8880249385522556,-5.4693375176423835,-3.7956860473997667,-3.406819869704418,-2.319661849506483,-3.9081195962642052,-4.688290437293197,-4.5649711141083404,-1.7842145741428577,-4.061234773722152,-2.3292657256402145,-5.391056230683719
-1.1836799069171768,-2.15133397229945,-2.0748694457230075,-1.709418053352334,-0.5025660282162632,1.2836378945186988,-0.9029649694491363,8.594666182912917,9.47275741055544,8.593159571267428,7.640757799982673,5.441099209614697,7.043221997073391,2.559569747631083,4.560186494748488,5.458809988697072,3.259899616978988,3.977771022280633,-0.44738526905017806,-2.3423013889577557,-3.5604438635903035,-5.397827500915655,-3.4221201248405513,-3.060386243328062,-3.8122488103629495,-2.1475307618590103,-1.8014110277523827,-4.46489161527764,-4.406922490274632,-5.363425175803159,-2.610680866531912,-2.228110452391093,-1.9255907318187553,-5.616823076088634
-2.7022402431554298,-2.84594397037959,-1.871664303795442,-0.9088132696375942,-0.43412740955917256,-0.0181869369698518,-0.042921858971704,2.7827936896674035,11.429775007851166,9.950532862737596,9.947623984993928,10.101970372543066,6.374422278142438,3.0718081956374346,3.8918456710847433,5.1974264300069475,3.753074343059818,3.5689413320857364,0.781407879525634,-1.2740712245244035,-1.9129262226203831,-3.65884793529873,-3.2176542383531572,-3.4112560666749143,-2.6560865949480963,-0.5446298517617707,-1.2248980663306361,-3.8216919186868954,-3.293912763764338,-5.065500262325901,-3.7318980635629826,-2.156986573751403,-0.15448014319654066,-4.09215934709226
-3.9073806044326216,-3.310807348432586,-1.7231230380139626,-0.7270246802095313,-0.25647365576929443,-1.8221218455537829,1.3213954297634618,4.893125722638213,9.820043914004986,7.844448208667047,13.058945826846779,11.690991975628739,3.873783952153979,6.392286672971158,4.712958672636843,2.973790581028884,4.777695547775361,4.428849110744112,2.681709492168313,-0.7877384543546287,-0.2960756858323266,-3.9199128317915153,-2.213517417267404,-2.374744591588489,-2.7766652632019215,-0.8891416268204909,-1.8967105701943112,-2.6938481348918675,-3.2750087960953724,-4.803368770109919,-3.6143819525856973,-1.4403510826604995,1.1734920583787576,-3.259588316656339
-3.248866020198371,-2.963572730745143,-1.7809946691786454,-1.638887665430804,-0.5515006478790258,-0.2849728602404057,1.622310635581462,2.2637591405830513,11.376124537886781,11.097325229771789,7.45752664438895,11.979570721318082,10.207799348271461,10.645194686790479,7.873118679091891,3.150332729605151,4.366544718799373,4.396102463908229,3.5560649439519856,1.3873165325810126,-0.5120387059645006,-2.9655635591175176,-2.039430837502718,-1.7700000767612996,-2.458121585591301,-2.0638011663416105,-1.4380864924438037,-2.569936025405758,-2.124866367464633,-3.6685666018413556,-3.464415145257374,-0.7692466924038193,1.1930246312768673,-0.23971522380068802
-2.7318285738675003,-2.0642941569656337,-2.270929380147415,-1.5770081935239515,-0.8410793866266134,-0.6891653964863753,-0.12191636956639854,3.786716690762638,9.16899443540665,6.840405487909359,6.459645036523648,3.7303096132568934,7.499514050545263,5.978666210959847,7.010460153490225,2.624867464982436,2.7781701974322592,4.690963290548418,4.256095145850684,1.0708760917111049,1.0582726355412433,-0.8618728442785185,-2.55259724833493,-1.3153209820425396,-1.2208378096036718,-1.8521985286233633,-1.951095973046846,-2.4730379111554814,-1.982090047058847,-1.7225987894707286,-2.162544620863166,-0.5248029076221717,1.4617045140460692,0.3853847271390884
