script/wind100m.json
{"header": {"parameterCategory": 2, "parameterNumber": 2, "lo1": 6.000198445256149, "la1": 58.999992894266676, "dx": 0.5, "dy": 0.25, "nx": 22, "ny": 24, "refTime": "2024-01-27T09:00:00.000Z"}, "data":
[rows 0 to 23 of 24, columns 0 to 21 of 22]
6.527040684877846,4.167130720035498,9.90994070318159,10.014330116454502,10.858075127072421,8.94349188298839,14.726314023377222,8.936553085472863,8.2623851757211,4.702745417817404,6.445692034311814,11.947438416707486,5.92582208298863,12.075339841418181,8.765243182376135,5.690282344594286,5.298196043723051,8.254866086429185,7.3666146446171235,8.684780236221817,8.878911485503265,7.6606460633022495
5.265343208231918,9.794967092598425,5.53908825624455,13.13260335818132,8.396869955521481,9.311697325164475,11.413917214549329,8.542488377529143,12.960642604038716,11.816490454201386,6.598561079013543,8.853017217920751,7.389008937985726,10.6700954886981,11.90962006638368,11.081872225432237,8.779037567566313,8.842456799389112,13.860839572942481,9.101354509669779,11.439443948898473,8.83387133441848
6.295905860629605,6.338377067650283,12.817661647228569,8.916539590115182,7.584607007053057,8.57480832023151,12.800083305144494,10.159546530656534,11.139476510206014,6.493049503352755,5.2837949809293985,13.559615324898001,13.706056764201024,4.887258250241094,5.25506620521654,6.705009214403622,9.102532056949798,8.297968738031157,7.440656757402644,7.817751456628673,10.93037528481605,10.334856719742666
14.44986829951457,12.102135637124857,9.303113484171744,9.023210344565681,7.489135506092221,14.653712341386363,10.701597513987085,16.236666283960393,11.857445484380335,11.770162405460132,12.387752984676943,5.699900374204819,12.62481226507628,10.95709389554009,9.542685065457958,4.926292835446179,6.527474574174552,8.132607533158938,7.656069054656446,10.197108503669256,9.648409536389751,7.999992013177461
10.576904333682728,6.94773083199899,5.430187574597257,6.675437184223992,12.569360688505023,9.29043693078896,11.517804188330704,14.608393905022826,7.570483176422186,10.592784650160477,13.482383697268926,8.771294787513991,11.640299939555275,7.139207888597687,12.08786363885314,13.030574898766162,7.183330372837555,8.421530712996416,9.250437830168135,6.9820157371084415,13.470552439147202,8.998240562815939
11.945273828886718,7.978608753235652,13.21456198739792,10.532307019663268,8.318649719320033,12.00888377671535,11.346344498758562,10.484671810900295,5.437851384315911,9.110202541342636,9.060338395697077,5.736308454178311,12.960871749295826,6.5395018040500945,10.308234938647047,9.663968497740777,8.878725882594397,10.667440656425907,6.4782988687495395,11.535810117848616,7.176321891409503,9.014743492310181
9.842472939048374,12.77812385186576,10.884779854951233,12.319927159833158,9.884216516351811,4.921527837711407,8.902639669847355,12.215382467930764,8.930537235381292,9.244640114195013,8.609071681504432,7.133360498923364,9.64990907880062,10.050244611621356,11.023344021000796,9.531991702621813,5.4868634771014895,7.964354953858328,12.564226079466042,10.61862788767265,11.913992891028705,13.189223557770385
12.41795050382935,7.858685598578357,8.089919894933667,8.061166100717086,4.664495807352408,7.265199680230304,12.600079663501363,8.840674771061483,9.391323538608116,5.2934862966867495,10.540032419055303,9.806762368258235,4.881847867807434,11.46356724557886,7.008394244836421,6.686066656882355,8.981389818040128,7.8522610961451065,12.717360902019987,8.597729561794694,13.015479945810336,9.072068621127345
10.87946197873404,7.764422538411267,7.932426966724852,12.159662320607028,8.070452096160158,7.945917835397346,9.950685286467438,6.737963953793821,7.057353650613321,4.51933675302755,10.43415953805425,5.252167955579094,9.118787270021476,9.85324440391743,9.231858774133139,4.999433061558403,8.69211795657456,7.457151935005974,10.479387745052994,11.04294475446099,6.385651250082926,8.424188923585392
5.689671147661377,12.454755859053103,12.24139518242225,4.697190282403346,12.388050068394662,11.847604410858407,5.450504611862291,11.114536656644932,10.970494021591742,11.239727702896001,9.072204192952269,12.140689537984041,2.46701218720906,10.131859624403605,12.68167303399221,12.921411023393592,7.967111228321281,8.841395860189714,6.596278414215425,11.578612093750632,10.020678959995095,6.1238297391977365
7.529964078478007,10.31600893968498,9.027516426905928,11.471133751870036,5.150886493984636,11.562337953585347,12.383567910624633,13.678810348381049,8.44438890737068,11.41663972072307,5.5275078453844735,11.336978473914694,5.095827748408931,9.149812589456044,5.694225200389931,9.281777859731022,13.601922925673136,8.423659657995305,9.117602846351755,8.948134440831458,11.435308431888567,6.178473273880956
6.259093352880403,10.03492563097272,8.498088627503119,13.878312656893156,12.23987615369078,9.130582153441715,6.798647868180671,11.436744768010078,12.149550115427212,8.541726610428812,6.871119378056299,4.946078209808851,6.845372823155989,6.7570011828925916,6.7198054667973235,5.8166952289126685,8.339696534846672,8.775630263821848,9.542219193870308,6.294136501045236,10.047701339805048,6.447737247087134
10.322372841186183,12.805616960338044,11.431591905865439,7.7754731943827675,9.590072286180865,8.921667806475288,6.6689639151379,7.6738613540759,11.454349844134404,8.205219194724434,9.211979739457174,12.272136697441578,10.401831785495792,7.385122386181706,5.502255488733719,7.492788430040122,12.365485117265502,13.020713751079116,10.687348324816684,10.743383454856206,12.862489295278468,7.219539565565718
7.4115766532539915,6.3033563902678615,12.046912896513081,5.959882305483169,8.801872558850201,9.23596736082901,10.633767594104011,12.289504492943825,12.02913620029027,12.919859274811312,6.120304797277196,6.5800798932250855,14.423864560361682,7.772935853418388,8.414837178645246,12.801830939380595,9.115256497987216,13.34895548241773,6.726717544601765,14.554918466244876,8.995194709491305,7.394706138421737
8.736808429213433,5.77198751704922,9.773850998926669,9.957218539259278,7.963397425642899,14.47066801988581,9.706878435954076,8.749650095821696,11.235537670401381,9.205240486835478,6.719532285706208,11.94008659149518,12.028868964169547,11.187997315507705,8.65840899555033,10.452823362365319,9.979127155756448,7.2274131444744,7.272502454907138,7.388891281504771,7.911505006856417,11.214842929906787
5.99795519273276,13.318183011076098,12.637075187031884,6.328122569442053,8.315193169624003,8.753807358093248,5.327478730519426,7.463105259561076,7.86219646446168,6.515876737649014,13.342082655325868,7.737582596111699,8.739062732899955,11.350409827363515,7.480856342184844,13.020625003504628,6.833793009476184,8.882372221923982,13.524419983510972,5.726368836337351,10.188151921841534,11.141688437372984
6.788610433262093,10.988195974895289,7.730339851005175,6.374080516697062,7.29791470936966,8.021219422658552,7.707889043119483,11.44950167421813,10.36559975030105,8.709916428383323,6.861453704104088,12.70230495660772,7.546379718255967,12.214468927980423,5.907035368766791,6.454110641937101,7.80536278217772,8.166389463318632,11.689595358108587,8.32981854551196,9.897873243534717,10.903212814504078
4.375595148514883,8.52694514324951,8.71146940904549,12.42708040232017,7.594532661398448,10.241055319831181,6.8063826023895615,6.2302408677731735,8.518919233728132,6.210148791361496,7.803192887564587,8.22566952281469,10.671729958097417,11.977356450168026,7.611592014216751,7.384235189525799,10.047974231345975,5.841828745944806,7.814009349268955,14.707752601299909,8.233693292887136,12.282072072674891
12.246118209441567,11.641156849199831,9.536542810628536,8.143036551032264,4.259966578603762,10.688298074719826,7.280760638046059,11.218675435756737,10.699876553138566,12.804282555557608,7.298730627099878,13.085201206501182,4.657356029493467,6.14101013370186,7.11377454407774,12.387034791121962,9.622456614924952,12.733673669099247,7.616458928192856,12.454548062314435,8.166792237550858,7.860492737234744
14.742655544747372,11.849051838059607,11.178423069477168,10.864960707780297,8.783074047140381,5.748584525183189,8.368223087632861,4.750694951815789,12.827000570638155,13.89536020691244,12.37372139722122,9.160928671024452,5.6697152664508055,8.958576907410707,9.993956582779216,10.270020841300443,10.196620075666644,10.836846686834944,13.1697032634594,4.5530105698065135,11.45045412993492,5.273413367032089
7.540688780006972,7.266343798956067,14.5387092467217,5.216539099387944,5.050318997659272,6.674248071881518,8.948818900627646,4.467569225851247,5.809168414556302,9.405403607593446,7.053343954747305,9.433490901197295,8.580059394193862,7.757464537267009,12.41270662510582,11.92343357175256,7.194733768779612,12.570851203095815,12.136521089100425,6.417695058451516,10.63262949751955,7.926608159151433
6.218095791993572,10.862743515104556,12.6825343753847,9.392890252908677,9.033815992066318,8.847116355351025,9.104226087640967,11.008528185306817,8.129328371029327,6.829800617598162,8.799433966324623,9.114458916252977,11.480294248153696,6.500880060283289,11.429154219001045,8.595437020115924,8.015650853885345,7.09060338554642,6.671254576506148,6.1276903873624455,9.010416516771206,11.90344061090372
9.441717069246343,5.202703029284287,7.9029233484085735,8.813784940841751,9.379325431827727,5.325949738402258,11.225738975762935,6.194891382055216,9.75281891775423,9.926560537433428,9.549144008755892,11.287609787888655,8.520168251615836,11.967626277800383,8.799056428212,9.194900163801579,13.331546385419403,7.4575960691987495,9.094616854976346,7.496929340021296,5.904287653649404,4.585024992412702
10.74008495654657,10.220524314346946,8.469765202696387,11.252885335776435,7.291958005287457,8.254052449606014,12.802602946834316,12.468395899400644,13.25850070407389,7.463248384387374,8.225765934887821,5.487661211566246,5.944999789648473,8.421756618125563,8.388065057266175,11.882149880896353,11.579093636588883,8.156671663746298,13.225698768876747,12.440426142566798,6.744805123002593,8.228271134397113
