script/wind250m.json
[{"header": {"parameterCategory": 2, "parameterNumber": 2, "lo1": 6.000198445256149, "la1": 58.999992894266676, "dx": 0.5, "dy": 0.25, "nx": 22, "ny": 24, "refTime": "2024-01-22T17:00:00.000Z"}, "data": [17.38914297866858, 21.963468478138847, 8.07248934145565, 23.93275283548732, 22.011331625546614, 15.574940556473937, 17.881218334195882, 14.252573271165812, 15.517375593903378, 14.410918694375617, 22.587182053879143, 14.06901502621393, 8.652097105747368, 22.722180730296202, 12.599700297479316, 15.74875221721021, 23.310188915650617, 8.607270902475438, 22.252382248199734, 17.260829373135234, 21.864580372567413, 23.16370331703482, 15.552410940323616, 9.106619241552249, 12.565958547325216, 22.37078249088627, 15.359102997403381, 21.94223457740452, 22.777562799149266, 20.96486305003479, 21.716345964575424, 14.181488564855618, 14.197490311630883, 16.056349686626877, 12.495659869230039, 7.723822637799346, 15.709738129324307, 12.872299025106555, 18.94340036239625, 17.448951818417576, 18.23972242115574, 18.204251591382807, 22.779330629624607, 13.422589068994215, 22.134636401336355, 18.643232174279166, 12.746656774645928, 17.805229434547478, 18.227643327077317, 22.617734062574787, 16.834626777225495, 15.214343567732769, 20.674496968095987, 23.268400692874856, 19.432055212824245, 8.399912995374198, 14.558141632119156, 20.003578159810036, 18.4478870732604, 13.249087594342797, 18.8806505966763, 18.35326276897136, 8.658135147020994, 15.22383731961219, 21.158803192000057, 15.326877428979644, 19.8375610015188, 20.67087147668639, 16.065785143130803, 14.960452470976485, 21.904750047175312, 12.091680459447877, 11.626038328772838, 21.657262193858646, 21.423165725443063, 23.125870276172353, 20.93855235331529, 22.946673719448327, 17.580596967314854, 13.080442681608938, 19.062678066689656, 22.140200159791313, 17.9407408823483, 15.628577559576192, 21.2684201337444, 18.17468535639033, 10.81833888651962, 13.887699985232532, 16.92537612413395, 17.577443131747355, 17.743470047362262, 18.07397778685751, 14.000716644053695, 17.491337488576654, 21.972025001091605, 13.658440656783586, 22.449169304565796, 12.096788800768504, 17.368419693497437, 12.477407810781456, 18.667019558145434, 15.334601789552488, 15.04213583147106, 22.23976681602361, 21.924705404477816, 10.482307169381293, 21.601575550441822, 22.13401088672892, 15.268369012247806, 15.08457514295342, 16.93615396994464, 17.140804495359777, 17.10306232299063, 18.515783601072496, 12.86705320225836, 12.446689585767654, 20.55977826799284, 18.373952988868268, 12.66074231145627, 20.384891227612904, 19.395465871822832, 16.86752221631646, 16.47075455090438, 20.018643598217388, 13.046352611972386, 18.765277249327013, 19.737735571016888, 12.287666896268403, 21.45124095082859, 13.939478748244989, 18.106666157556738, 14.610572686484586, 12.483391096365555, 14.683526011992656, 14.574846507584699, 12.119782325741204, 13.145438433533354, 13.835842785305664, 14.499414769587636, 8.746750642079325, 8.125063672416228, 8.185643097184071, 13.571386274284006, 16.91989827505182, 11.437547228806405, 21.93649104388655, 12.525472675458541, 10.867539858336054, 13.2703581311593, 8.040030859932886, 21.930416544833346, 14.127230459167366, 14.73638209413302, 17.82258402539787, 21.68243930662666, 18.190176190085428, 18.53069041726844, 16.86324079317872, 17.336253261873086, 23.360984100922717, 15.495762981824134, 22.035583107870963, 14.825098365732723, 16.566516963864444, 12.981477483511792, 15.973939543861032, 20.850306498161828, 14.084530136162007, 18.52875915797232, 16.81315562536231, 19.84111034534089, 15.961482912563662, 17.235803613036616, 19.319742378584476, 18.34721535474775, 21.322806136749364, 15.998466948925698, 22.33700366000754, 20.604849314249265, 18.995727271235555, 14.306661400905465, 7.748302838257891, 14.859330804685394, 20.415232635856984, 15.144528719096776, 19.03584710068683, 16.6860633597534, 22.707516473657552, 22.924632798698642, 20.952030936611003, 17.593100782484502, 16.028881688170237, 14.224018046800701, 21.289244799497023, 8.28917355912566, 17.363867149878143, 17.493222186070305, 23.127360593732696, 20.802103518711945, 19.222304330175565, 12.512233707872015, 19.783635072307902, 19.75336702000705, 16.144266316953868, 15.807028107912767, 13.757687281325818, 15.97803190889913, 19.178616136994275, 13.86423072706643, 18.11147180919236, 21.526542192710373, 20.320829524596455, 16.73695149168042, 22.660994691056608, 22.961118817436365, 18.542246029541584, 15.731576230397659, 13.730508681877371, 17.32250022533922, 15.578518730566, 21.420642794733187, 23.235082343540807, 17.643218440159558, 7.106427027744831, 17.167734248780278, 17.468826374966383, 16.78047080143463, 17.84426734186438, 10.319908851293347, 14.943396568146309, 17.292685038641213, 9.495447791144674, 11.26772114860551, 9.883425789022954, 12.947373133769613, 14.823727031616157, 17.542977361278584, 14.602455882442687, 13.525029787522456, 17.331528445968058, 17.55179635011994, 21.617445608720946, 15.615002876711099, 16.02692063384178, 19.334071705470752, 18.102553038246864, 15.118537310715533, 19.31474130702273, 17.856261201924884, 22.101702262087677, 14.021425254801862, 17.966275785534766, 10.501346727731796, 16.70174940035138, 13.419702739334241, 14.318188179155289, 17.99310168527246, 17.08526305641969, 18.611223463569928, 17.772838072611332, 8.11939043883264, 16.63583160225042, 11.860510372784772, 19.767421717024384, 14.424109898653365, 21.239848444132168, 9.64943259757518, 8.577529940313617, 13.874782712844869, 24.0435401289702, 8.27637003466826, 16.52685488308006, 22.64887385316959, 17.405287352329786, 17.138366347147794, 22.883835620436187, 13.40889312326372, 20.914991719967983, 21.69586622752895, 13.603950659347014, 16.979150523213264, 11.587144852872068, 21.646260074033947, 21.291436605230555, 22.208336002596933, 17.082376406014177, 20.92152753921889, 19.69456566690215, 13.336198090015433, 13.185478511903291, 22.05758478280051, 19.31286011275264, 15.190050270748, 17.933762733798822, 15.34860871159047, 9.744356728658738, 15.735307343058906, 15.304217585751132, 18.459334876501455, 19.373290359518382, 17.912139797540636, 14.575664364719424, 10.861086392288449, 13.354314093078417, 16.465391722714756, 22.908138602849633, 9.98528437476175, 17.326674987073595, 15.549904099476448, 17.192204249014356, 12.641139577477247, 13.931169242026792, 14.609692863476138, 10.61296261909085, 13.025809692835281, 18.699022270192188, 20.823770949086168, 17.660605648301487, 18.255547954280036, 10.345723851827842, 14.953033899442568, 18.210596349578374, 13.750088246809709, 22.9843020772832, 22.371193329054694, 16.971907119944255, 14.93760486977394, 13.563219893077921, 14.338328112372805, 16.755446382427277, 21.62921092462785, 13.306103713672288, 19.810257745772784, 7.643137714366689, 21.07179638011877, 14.731594752464256, 18.05750553204192, 15.501097190266616, 13.151199856563911, 20.134891396702475, 17.1230272742863, 17.09621904066897, 17.263763523671862, 17.2111266816264, 19.206569358258843, 16.929204062705814, 17.2086439522211, 19.250830106000354, 14.38090995707738, 22.17813311979147, 20.800822445649302, 15.629855618876924, 16.59579426106975, 20.344378610245133, 21.510950178818778, 15.289320567101097, 16.955185421511594, 17.81107199760489, 21.297851862394904, 22.789014638738166, 18.43797111786255, 16.228750749273768, 19.273555289388526, 12.908469105914653, 22.882556202422503, 17.166175447796135, 16.693054923062167, 23.187582218211286, 19.58029741840668, 13.514638966724199, 20.345765843284287, 8.773769083477553, 22.220590390809082, 20.368470582463758, 18.069755215654887, 21.041182053274177, 9.71004108325275, 17.63122518815277, 15.106500631893814, 17.664963418745174, 17.468855540126775, 18.308251225459138, 12.251974006496523, 15.784175252745273, 12.65543580758501, 13.438431457022656, 16.012618907208584, 17.84302236655302, 19.023010147816375, 21.756937405536345, 18.686423964657227, 14.845672123828958, 17.302446804009143, 21.08554092129614, 8.40258600750369, 9.037058198862185, 13.87294080802519, 20.93837682258858, 14.952718394910725, 20.218190462879022, 21.106314115265953, 21.21485756449698, 15.144117880814012, 13.859436724872767, 22.158911678871668, 17.473615932387485, 22.025793840809246, 19.40046136218756, 14.4682523713664, 13.254122503007709, 18.503519933040888, 22.668918927351005, 10.691429978276469, 15.177544749538125, 24.11819591475307, 13.610648275284312, 20.292238981857736, 12.461115558981463, 22.425208801441418, 19.987262416618748, 15.094854562482196, 21.683052790644172, 13.826289055331156, 22.302806215873442, 15.888412200601362, 22.46755942212739, 17.51742835108053, 15.532023614627498, 21.573965474776582, 16.97497425132177, 20.95862452272237, 17.124729867282973, 13.99417382038504, 21.171004726796124, 18.478386455180043, 18.116977802312395, 13.536359762302906, 19.27819657017331, 21.252117385710505, 16.691038485129237, 18.46266883765985, 17.200954924091644, 9.261462748072203, 16.98663100857938, 15.825375794817736, 23.10366166581195, 21.25773191192025, 11.710882463218656, 10.178108841645885, 21.713112402112262, 16.049010732758422, 15.136511363027877, 21.980818413715838, 13.328638854743161, 17.18322435721162, 9.889421698637587, 18.901822109271198, 16.198085762613566, 21.729689866884232, 17.51871206045866, 17.755711129372656, 18.54086875556932, 21.53875946077398, 21.364002931985155, 21.557475955126897, 16.658479228039067, 21.605098591958875, 16.69548810110343, 17.622370439387606, 21.583029893339194, 13.552528419997206, 11.158507119709142, 13.184453976266951, 21.915110660184556, 15.769825848022512, 21.3549114935545, 18.39545859826474, 11.298641313645964, 9.796265605237782, 12.266890774330593, 17.166268316403496, 17.513666757365446, 9.379850941023614, 18.877658070770064, 17.212101491793007, 19.65686937376846, 16.43724208482751, 12.711156244106226, 19.02584453173329, 22.33756838614851, 14.588983148802576, 17.057490783379773, 21.89212665573476, 20.893912658892106, 23.083034273442383, 19.18108884581293, 15.678574722510664, 15.9425460466091, 19.019683316457204, 22.77264921150606, 16.5488655565814, 18.3446849400915, 21.11491633501854, 15.474201635693445, 12.67664002536361, 16.327398904090927, 21.027933818789293, 21.438351556352927, 20.431315876481005, 14.514630594431683, 19.60158788805866, 22.051104399369404, 21.52769432024388, 20.63213071510077, 18.276523600730847, 14.927209457095563, 13.432492728059607, 15.673623475910524, 15.531678564800881, 14.821292269831108, 18.162540628636833, 19.208628650382444, 15.644681085126079, 14.808598558325961, 20.31898082279224, 15.01125929824549, 14.570269796315875, 8.699699358000752]}, {"header": {"parameterCategory": 2, "parameterNumber": 3, "lo1": 6.000198445256149, "la1": 58.999992894266676, "dx": 0.5, "dy": 0.25, "nx": 22, "ny": 24, "refTime": "2024-01-22T17:00:00.000Z"}, "data": [4.7463418005139895, 6.227249351965369, 10.803228510437123, 10.800739830629125, 5.518407832204335, 5.897343169307003, 5.528087383250796, 5.5562875724589516, 8.02964031764351, 2.8541904567185905, 4.882303656254489, 5.638262397570518, 11.042535978370104, 7.564314199332766, 4.804492972424361, 5.720290397977677, 3.998410009869041, 10.804777485480226, 4.043121086085208, 4.925097183099997, 5.397374896029033, 11.283345857716624, 4.294465625831804, 10.098115887143626, 8.300292046685374, 10.691488390938792, 3.120066305242031, 8.791335140770292, 5.287670865196475, 8.67028964556954, 5.566454545338638, 7.608843631495984, 6.044834904369781, 2.8913281254088425, 2.957959074853246, 10.646017427152671, 8.592503182800492, 3.0988135811104645, 9.623239553967982, 3.0700113740175596, 3.917334379199522, 3.6407507158439714, 4.561899998936737, 7.4319313815503225, 4.791349275863364, 8.08254300417143, 7.574611032748408, 4.171362299269013, 4.9855091390973145, 10.033776029843917, 8.600149650052535, 4.4153220713157335, 5.396066318050781, 4.440958413445856, 5.684210388684091, 10.017212028333564, 7.112440221610507, 5.86383493013982, 3.4844311052470425, 7.077690157497039, 4.751930928665477, 5.565925668953725, 11.684841258578407, 1.9363499545581442, 6.173961008567485, 4.08192673414843, 6.613913583604974, 9.942809170818848, 7.709973799972464, 7.601624963078204, 4.418751790429568, 5.762160298182197, 6.182370200777129, 5.453774671348269, 5.206091141030742, 4.680736523727544, 6.001413853059268, 4.664625443014151, 9.025317400658704, 4.808544221955638, 10.117650756517612, 5.544554095697206, 9.091197910512898, 6.803380210278088, 6.113112705927546, 3.7541053563132203, 6.476316331179699, 5.697261363830451, 4.9629170426237135, 5.857053700358941, 8.371373503782607, 3.548180116021304, 8.709636700823125, 9.243826793482691, 5.758847392713478, 5.335445078077391, 4.579618383718691, 5.132116528312949, 4.691686295818504, 5.343871509081677, 13.893370323734516, 8.913234486336552, 8.497167584282089, 5.781452201318672, 4.763976031779572, 14.006318687120283, 5.231534902117435, 4.368474815831641, 5.1921785746343, 8.002934859841119, 6.329754326693434, 4.90565073796945, 8.715067892208555, 4.085150783824285, 5.61524960069003, 4.142048985872307, 9.278552793670716, 15.27133286059935, 8.369048628929935, 5.137431062736133, 3.553860813860712, 7.689707404075922, 7.450365149414641, 9.61588836498668, 9.53797864752302, 11.633802667603192, 14.758915408685327, 1.886024946045609, 5.3422320717059835, 7.3160948845691465, 3.1187640465224717, 8.250684087625228, 4.797788184332439, 2.956425767623895, 6.457177767749231, 5.878061799311706, 6.3620779266313425, 7.236348028013614, 3.194006353896401, 10.637473289041116, 9.679641710592437, 9.787387391579168, 4.857675375981778, 7.453607973208696, 4.167997597237629, 5.028790522798186, 7.86185306057658, 13.263728856657734, 6.192838048373545, 8.962461412624888, 5.678065208149444, 3.202890239646905, 4.614825480390587, 7.785283106810515, 5.802287370221073, 12.111017851314985, 7.56997432393539, 2.5566886953935066, 6.041709158508281, 5.154832900288654, 8.269655925390706, 8.886714882816374, 11.821561788868124, 7.178797646746468, 2.714778604452803, 13.65117095257295, 5.4906034156354275, 4.755958628180908, 3.500320098189622, 6.90401703637607, 3.8818402047841816, 2.571320989450875, 10.019995887108353, 13.132140878085293, 13.585470841189172, 6.156933263974436, 5.959052911430467, 5.137856565153485, 5.986925225539519, 5.0679847553772674, 8.46497772053636, 10.158192082396631, 2.7947625277647608, 5.788125478784181, 3.0865236520722408, 4.002869664057594, 5.249507511848548, 6.486198369129422, 4.58168131984959, 5.082520224079296, 7.767648848573626, 10.369890402107439, 7.483981383652792, 5.625730546800414, 10.450085787587618, 1.8102773986085732, 4.86444393387433, 4.341914190665031, 6.613208384940073, 5.790217130996646, 5.5648940053347395, 6.529664636607808, 10.36040940851435, 4.349914508341559, 5.621332886156003, 4.582416749079401, 9.110502383751337, 9.307680930479172, 5.409219676962243, 3.460724907460165, 4.761704587762135, 9.78958663728975, 5.603315243255603, 5.001751548374, 5.476361780586375, 5.999659756562611, 9.148490818601198, 7.072210213165334, 6.894107203095981, 3.3793848687568055, 5.267717291669882, 4.849662445220845, 4.827375729972321, 9.561288373230187, 9.733805225073473, 4.3332747335256965, 9.11395956375417, 7.551379001877182, 9.3241319737452, 9.121569460906342, 4.787222402373191, 10.57495319993367, 6.440570661703686, 12.961355770449542, 2.0820606331107596, 7.324581385471831, 3.8833493288112293, 7.071261209744452, 4.899482068142171, 4.907216940099248, 5.101447114447742, 5.0931557264967875, 7.118927421074063, 7.21545077902139, 14.905003505328308, 5.609961310143329, 9.355022773850243, 5.41114460357669, 5.4356197499891765, 7.2776379291661675, 6.905715826139285, 4.4235822815895, 10.244206574326636, 8.558843138151543, 7.419975665663779, 5.769528829767564, 4.869206709700313, 10.372858635853166, 6.192704737688712, 4.299799869715277, 10.382122666285449, 3.4386724913658364, 8.133102496582111, 12.561488087728064, 8.94402450474721, 8.524561463811784, 11.489097609167635, 9.874617531163002, 6.9288491919835495, 10.896353408054003, 11.223566084618579, 6.931531179820486, 4.788286103836386, 8.282501616504401, 5.017339453601814, 4.696300213537269, 4.28495656980242, 5.330488326567891, 4.670124935245713, 2.9915858097112054, 3.9873627531738247, 4.741618456599058, 4.982487621768361, 5.532445467368715, 9.034570741183932, 5.175781382897578, 5.0371820937718566, 10.819936403916707, 4.311435360408556, 6.167857428985322, 5.508931497098625, 9.966386525131382, 3.404168731449963, 10.648051036225281, 7.147968348445575, 13.006433864132408, 10.337480322600712, 8.666840086442583, 8.42821869918031, 5.9871186840377755, 3.5372858953906916, 8.145148513668103, 9.131984958174707, 9.241129532860752, 4.289591961008255, 4.663609513994685, 12.138072621236024, 11.143757475838228, 8.113423595625573, 8.371121797309845, 9.751986713538953, 4.2390182608587565, 9.581315514347317, 8.044435938223623, 5.6265251121515405, 5.248993895453996, 5.962264402367955, 10.241539346413633, 3.590713733169404, 10.679691475595183, 2.1660844308248803, 3.3324523292145147, 7.850646444746718, 9.445552345775358, 4.990415767619278, 9.808736498208036, 9.59588746145536, 4.953839378696014, 3.552388947332477, 9.253162185677072, 5.372655900846273, 3.5980375520630807, 6.0954340041256785, 10.555298613716253, 6.720524115263884, 7.253195303187236, 7.145879828474031, 2.061858654377238, 7.572011126408708, 10.220792210220385, 5.716989493909389, 4.513972922541503, 10.898832384149866, 5.119244258328791, 13.470888770653518, 7.962416002466106, 8.878431834874423, 3.8066237525873414, 8.672679437202818, 4.663153419278502, 5.155696058777503, 9.338914029923195, 11.740567542282873, 6.331883538480507, 8.306892009155222, 4.140866652174433, 8.438436571881384, 5.470637540707139, 5.4857874545680225, 4.824955082284529, 5.913081408690064, 7.383318984353493, 3.181335239201806, 5.913998683086073, 4.334195311862303, 9.085563691859928, 10.213081928145336, 4.755150746741531, 8.943958145425128, 6.484301682182453, 13.539836024427181, 9.152529367142716, 4.720152694494267, 13.513258436022348, 3.586033131485767, 5.726834444613504, 12.573838801572325, 6.866672305353034, 5.395095613720079, 10.367771565940766, 3.229422651620238, 4.2567005667161055, 6.409128274357009, 9.699950141503558, 4.142131175237321, 6.591954709170879, 2.8354332750574587, 2.7139543569104743, 4.044807454704379, 4.766045918500132, 4.102904477911503, 5.562060583866101, 5.501806149136799, 5.503153559188962, 10.491194128525226, 12.846997496061455, 11.139512000016802, 5.017158890713519, 6.391041486069195, 6.900144219604116, 5.391904239047245, 5.645496372922412, 5.2402324824194695, 9.499694138707866, 4.837349819112388, 5.758279690722692, 6.233358040685658, 9.866560371799272, 8.676573460932353, 2.7809428727307575, 4.6826053683565645, 5.446860338596749, 8.055221045905748, 4.539588810803754, 11.444600235403813, 7.79745988938603, 5.716291784951028, 8.347988649950395, 6.165424810157844, 4.776820064951481, 4.1718432696024665, 5.339816606282581, 4.471287228743818, 4.44822858861788, 4.2490858913662155, 4.8212661657107665, 6.137567484304581, 8.46851001743586, 5.558608448066416, 11.840741313341995, 5.6025265238214565, 3.1812091551763952, 4.040148675249662, 6.320680422039934, 5.53946696438613, 5.8448734369027155, 7.748585168159615, 3.609289409294467, 6.123422923513593, 7.172825702105181, 3.946409650132003, 5.047851774061998, 11.645469514913875, 7.771153440531554, 8.932802830748896, 4.692378874535326, 6.189127928183564, 4.837885159232835, 13.171132977762717, 6.1718161388533215, 4.299170011753147, 10.478347921501342, 6.338426094583571, 4.8388934461907205, 4.757685900376052, 10.879199952722152, 5.7112932096749764, 9.616650573181417, 6.084601866922091, 5.605150383415271, 11.666021632018625, 13.958463221917336, 5.581508919923754, 8.755172368399652, 5.284457753209436, 8.284370662035503, 5.346581055192024, 4.910956848137749, 14.68748646543893, 5.216543043858273, 4.703544896259158, 4.880349442951764, 6.202794654155284, 6.677340244142203, 4.123017062050184, 5.6737714032658655, 5.481269040338477, 5.395808534963626, 12.855282075617389, 2.5269687286342917, 11.472278440886138, 3.4430824060092275, 11.167875470235552, 9.318873061807986, 4.137490702887571, 7.528639918034963, 5.231822647647877, 9.211971156645916, 3.8380224666162333, 4.8173328414449035, 5.139205377895724, 6.118114236018758, 6.106390527108097, 5.161382919055816, 10.088981461216155, 3.426495162300301, 4.9723674089664645, 8.918248454501644, 3.678109547435067, 4.932949878309361, 1.8244450298017656, 6.893240829514185, 7.107468844478889, 10.62571405742259, 4.492561309737183, 6.337993886153067, 4.836244155866682, 6.220069886612262, 8.86845509082733, 7.8705537898817735, 5.239355721739128, 4.37367752678249, 9.364670758724777, 6.231049972530884, 6.692101907510058, 9.073470139333017, 10.200024896012508, 8.464380940879506, 8.496104173492762, 8.2681825383754, 6.309272108278698, 8.568917761073928, 4.644713694384899, 5.672442765808815, 5.572952288615423, 7.532575224092118, 3.0262323773783817, 10.488643751615207]}]