script/wind10m.json
[{"header": {"parameterCategory": 2, "parameterNumber": 2, "lo1": 6.000027932988019, "la1": 58.9999434238085, "dx": 0.5, "dy": 0.25, "nx": 22, "ny": 24, "refTime": "2024-10-22T11:00:00.000Z"}, "data": [4.216935385253033, 8.372540918056098, 10.06322231507528, 2.626390704235175, 2.9616545360630973, 2.0950918032123518, 2.553091982572239, 1.5812708066751753, 5.037253262044957, 7.516288439658146, 5.966362862163404, 3.5472328292887316, 3.673880117100699, 3.169258933422522, 4.960383855202599, 6.606289955261297, 3.4101710042408437, 3.5428084527087362, 3.0657390949446675, 2.0628102063234586, 3.016705123451815, 2.84089278306606, 3.9806795415985743, 5.221939465908185, 5.063290902786958, 1.9359662163552491, 5.380900791089087, 3.4822114954196492, 3.475616767442715, 6.639850584920595, 9.363930186214729, 8.810384468146124, 7.997794868510385, 3.018973419228748, 3.9871120322863787, 3.588042498273202, 5.015562821111758, 5.402693191751014, 2.9682331802920108, 3.4744758743958535, 2.5462150674478643, 2.657579599165482, 2.4505723129426418, 2.376144949337615, 3.224674619494233, 3.1168884551731884, 3.1273775380405615, 2.9457385924437642, 3.3436084472203875, 4.2495051094094025, 6.2799658386494, 9.87745275319405, 10.61741240171433, 9.022070504719935, 8.819237267218474, 3.1142915326407983, 3.638675182943242, 7.771554406547774, 4.167729165578306, 3.675693701530962, 2.6485774773692463, 2.185269930756874, 4.092404220384548, 3.0209405323645315, 2.255993904623364, 2.174425006461035, 9.189354271319461, 4.828028347947912, 3.358692995326646, 3.0552616257258234, 3.5917421841663737, 8.165004877535594, 11.631244712120361, 11.211475788304432, 10.969465738953854, 10.338528474169474, 8.635959895923504, 3.8712254520795577, 3.5842924398339844, 2.9251284954736523, 4.300657001988837, 3.2110173704829275, 1.8775514715726742, 4.042202073797093, 2.596943192659081, 2.046563161298182, 1.695256647685358, 1.7211458009490206, 9.337928701869652, 9.932291448784841, 8.170413451072944, 6.9316980015285, 11.621053579278199, 11.563366063518675, 11.223785862910129, 11.256990252636312, 11.745908666798245, 10.93696089748503, 8.813861109377607, 4.671550317863637, 3.6004779224910712, 3.212098018855087, 3.3614322107898458, 1.9150736012035918, 2.4837694072798016, 2.262025451387565, 2.514263203928293, 1.34690793666492, 1.5643470985220533, 1.3744651474380465, 9.016527932031249, 8.495552190699136, 10.31821511989208, 11.003447479472914, 11.298816299943741, 10.86429225633053, 11.58087418753187, 11.639539359952254, 11.421026031578705, 9.385280973899258, 7.666353898636277, 6.046353650150651, 4.247897839146554, 3.3458077738800673, 2.6001582283363494, 2.9982239924245895, 2.1991824056560394, 1.9901720969466379, 1.6710539174296062, 0.9457147522005664, 1.8144024200217548, 1.4380154614847935, 8.245233218245714, 8.09383673650941, 9.504361605387079, 10.035954675827035, 9.910789802186702, 10.573076404893136, 11.428099547508175, 11.136069418853044, 6.124086530850741, 6.974020790582764, 7.484917246213707, 7.1488743673635256, 3.3347505962915625, 2.628251384278187, 2.257035399951537, 2.338164085770928, 1.783371684574837, 1.7729202409852736, 1.186994927736144, 1.2723374560035237, 1.5517039848116112, 1.1516976726423915, 7.491598647404962, 7.395136747889853, 8.6054403641022, 9.167901024205365, 9.461180895305004, 10.519758997518855, 9.421590413156327, 7.442433546417544, 5.346295881105876, 5.3162133677759265, 4.46392016568102, 8.543666041653854, 7.24599305091319, 2.6857187885127143, 2.947659987733625, 2.2366775745410377, 1.764038394095521, 0.8296080229232734, 1.1328232518065602, 1.1661721533622114, 1.4257182856054942, 1.7184043310121901, 7.5958120683217984, 8.704838795443953, 9.339429059382123, 9.190641743438949, 8.99248514085951, 3.8530578875381805, 8.29231694164475, 7.138053063078672, 4.989643679374892, 5.928197323026379, 7.814867375920905, 9.066512917590643, 8.00724638262035, 3.33533456021617, 3.316117097837816, 2.3770319924128263, 2.3824254442998694, 0.7476481984289238, 0.6554872870190719, 1.0261532633372843, 1.7010327595393755, 1.2136172813560973, 9.640873557293858, 9.446164726530696, 9.475037552615204, 8.633788583866485, 7.637781000401559, 7.335103116288605, 6.501308676099064, 6.230328272550527, 5.059025989220334, 5.859828282866544, 7.854389707271372, 7.1894164022985185, 7.570483462278297, 8.562825748970745, 3.4588627204557025, 2.6585416400697732, 2.148218677577604, 0.9922756317505634, 0.8897669320606271, 1.4625722438767321, 1.0676277022207197, 2.2610954305922566, 10.824425381350277, 10.49206669304021, 9.136912643720665, 7.761564816498066, 7.4152803263775535, 5.702387346884711, 5.202141894361826, 5.130091116913689, 4.819667751684443, 4.443050322081149, 6.1308459455926325, 6.824994218049578, 7.967145483770402, 8.534490404840666, 5.4863687499387765, 2.1057678943802514, 1.8335720940881934, 1.276308307050377, 1.05591615693763, 1.16496592646219, 1.5555029057797891, 1.6326149932761864, 10.880800618654114, 10.634310285921613, 9.78470747178516, 8.252453267175811, 7.275722577557051, 4.566647901777605, 6.4114916812024765, 5.362566438596058, 4.833540170479353, 4.495924383814429, 8.033254686015999, 7.160729758655017, 8.043509224689435, 5.604855990251665, 2.823004328826217, 1.977941269703988, 1.2539271888362062, 1.266276545152002, 0.8076934624275903, 1.179645659736497, 1.0653106385286295, 2.4070082672901325, 10.899483403906917, 10.492876229287756, 9.740373470340474, 8.617717326025236, 6.918317978574144, 5.8939577944064165, 4.704823011728097, 4.502893798628303, 5.389055746455133, 5.221295992883126, 7.480101146298428, 8.056263345325261, 3.245716243247546, 3.3688373584663376, 3.5691838287299382, 1.7871249540997032, 1.7046115192198714, 2.367595887543147, 4.0992975095864495, 3.7122347925314485, 2.421350141503297, 2.1055554395620817, 10.468315910757633, 10.49096500620369, 9.75061628865038, 8.92041268843044, 7.07393354143417, 5.752561222979813, 4.911282033361634, 4.016538166802219, 4.849715310262533, 8.218793507921296, 6.808368941529459, 4.878616125002624, 4.089152796813265, 3.3479325414464514, 4.339714116443944, 3.767824002220664, 1.774115710987377, 4.021688942368342, 4.428930861836048, 2.3003302825665655, 3.338620265197927, 2.7495804237236445, 10.788178829286036, 10.52429088311749, 9.85749558243497, 9.302498324412824, 8.15738741364125, 5.669143103097128, 5.202322106219498, 5.6459364812855135, 4.877178477098538, 6.578830652260499, 6.655313352843728, 3.9223194105050534, 3.7966857172996438, 6.357083662276901, 5.050348761704879, 3.1737614761570097, 2.3423381709314417, 4.068991852268699, 4.606336735022812, 3.9178047969583094, 3.2838330604354145, 2.90972670923582, 10.873716477432334, 10.725001894209168, 10.176302978371833, 9.602159869081534, 8.031685665515946, 5.566531311252595, 5.445061718401866, 5.935662416147383, 5.4955536582886655, 5.639243145725629, 7.306575074594028, 3.3825448519324617, 4.042840429453662, 6.551745318666773, 6.852421746895578, 5.543982982842741, 4.170637697428541, 2.15069474535014, 4.433808708086926, 3.8798473725531757, 2.970517675527602, 7.007723955972786, 10.690646084076997, 10.656986297886522, 10.354759588047362, 9.220246189058361, 7.631789989339815, 6.372883616911258, 5.788107041562413, 5.253395969589207, 6.776388132378809, 3.980032910539759, 5.5920338548425015, 5.048882415093985, 4.124583184259116, 4.98138488225255, 7.1764436448853255, 7.538903877527665, 5.380768542676943, 4.497452484428132, 3.406613308948825, 4.640433283877174, 10.058966200029351, 7.183020845111561, 10.22666868157828, 10.6926631588504, 10.157885172258352, 8.979047555098525, 7.3937976363501665, 6.629453710038151, 4.331464981876038, 5.599647683428772, 7.017345497514875, 5.000563070897148, 7.036130652761239, 5.079794034026188, 4.015810225059196, 6.490611049048333, 6.250705296508534, 7.394667025610708, 6.956941625233178, 4.736447829739443, 6.9164477315791695, 7.977026030362038, 9.863736518967798, 8.140368318440627, 10.138370469886514, 10.396193199974507, 10.003593533968438, 9.132901445830845, 8.943737553951324, 7.064922031873492, 6.512390409910007, 4.5286730399861, 6.616610667786149, 6.337441340548583, 6.831021345659369, 8.084425235783472, 7.833624422107105, 6.61538749448506, 8.160255152069022, 5.530991055296448, 5.54399618412736, 5.9841325020039475, 6.851805395975097, 11.322536398716363, 8.702305505638627, 6.262424839232317, 9.877259969667678, 9.888437811388803, 9.450048286928197, 9.872916958674729, 9.45886971234868, 7.199408371284705, 5.661074573070403, 4.505280855026763, 4.522699074248472, 5.2409437120634035, 5.258815139765152, 5.853366132439199, 7.651204826125617, 4.676342877540894, 3.2096662625388643, 5.871810386506024, 5.119601005752595, 6.558501641538336, 5.774264682465179, 10.593923143183195, 5.907376024219019, 4.566536419085881, 9.65338040610425, 7.5065270048505734, 7.7541923023792245, 9.69443291714476, 8.984586287706028, 7.041211381793223, 5.288697538218159, 4.001520380895305, 4.012547339904511, 4.645868479848773, 5.940331597101903, 5.512260021494699, 4.902554700367932, 4.785315061281831, 4.00312024709765, 3.740471196685959, 4.939143915384234, 5.591649437219681, 4.527587297923643, 5.213638894008738, 4.817633821286013, 3.0093526830359045, 6.451442463499953, 6.901057187392804, 7.9183816428394325, 7.270789426013209, 6.7330873888101825, 4.73809499147852, 4.119915608609418, 4.5253491254036105, 3.6309852072624937, 5.788044199028288, 5.330711478949429, 4.745306029360424, 4.356297177042599, 4.542552549171475, 4.918490157296199, 3.0268925851900454, 5.038283731049828, 6.119965726135783, 3.7665761799298467, 3.076813255738933, 5.312381925711121, 2.849124325586317, 6.2971158842228245, 6.543529646569874, 6.818838174969322, 4.346781664596827, 4.562385156750035, 3.65998773409631, 2.6611679848620224, 3.171846328765691, 4.051488042013865, 4.798519678129423, 4.526602273242588, 4.345958053442495, 4.889268654602264, 3.3098141936868655, 4.664252286029729, 4.3641329987652355, 4.060665131369504, 2.545724395379216, 3.9108889561727627, 3.2305309754822584, 3.144500100902533, 2.03658565285249, 4.384044873961026, 4.970099478677024, 5.833655592226208, 4.873827061416886, 3.2686073905748, 2.8743711278384447, 3.3835297229805867, 4.532129799823518, 3.6598307893802637, 3.06326504474163, 2.773708531282259, 3.0736354707425577, 4.103349438779801, 3.0657537137184043, 2.8360307347274807, 3.7122590770863892, 6.518209035156869, 2.8879053634017713, 4.692523364918065, 2.9246624507992034, 2.891729781040203, 3.5790819575075026]}, {"header": {"parameterCategory": 2, "parameterNumber": 3, "lo1": 6.000027932988019, "la1": 58.9999434238085, "dx": 0.5, "dy": 0.25, "nx": 22, "ny": 24, "refTime": "2024-10-22T11:00:00.000Z"}, "data": [2.01990111248072, 1.8026908643462272, 2.563990872360298, 2.3000726622730205, 2.470671474984582, 1.5149000881802956, 2.18556290174613, 2.271308072737338, 5.557228155638964, 8.298274216779674, 7.698334118795658, 3.0161924425156483, 2.4023435432138247, 2.1313859338644368, 5.468080069593568, 6.322158437987352, 2.36132844169427, 1.378968024310763, 2.061323224989591, 2.338919863338658, 2.5546737120185146, 2.843523879840501, 2.7096405624441338, 2.081601740855055, 3.510289338600241, 2.2525459047697005, 2.6927268937639037, 1.8783250109522287, 1.857577268809427, 7.269100055017723, 8.21025225676639, 8.139240924313428, 7.306738643087281, 2.869321261552294, 2.5209771453122847, 2.4055090117903717, 5.802043022689978, 5.334141981237182, 1.860058098005967, 1.7689866714300497, 2.222636725959163, 2.1508539002434355, 2.215609514798939, 2.483283705225269, 1.712790560850909, 1.8122114143601173, 1.9784489395976248, 2.345685770563977, 1.5801802080385388, 2.0803581750072238, 4.886278637725907, 7.493740753537934, 7.3049403652823734, 6.558936530634184, 6.503696862682087, 2.5419306383546005, 1.9912762743407197, 4.532182043747566, 2.9530249336616934, 2.600169527651151, 1.9607371670091123, 3.6416823936981175, 3.8768366707109267, 2.2184366745850874, 3.300687365008881, 3.0533716873516217, 2.7199923982060614, 0.7092202652188138, 1.6776013561068557, 1.5135809268399356, 1.7758913952463473, 4.880907953263303, 7.201403523253516, 6.4941303352538675, 6.249830870006129, 5.245720060886499, 5.601302441238635, 3.768087530798178, 1.9038630406581858, 1.992057104553152, 2.479669905822221, 0.7933619190868425, 3.2014327522300516, 7.764160855621583, 2.100815399404657, 2.4174877755792026, 2.338864966352406, 2.0493541346893642, 3.331752732403769, 2.9539940855669506, 1.6178950899629738, 1.3476241508409528, 3.8327211788260014, 5.51680528584838, 6.037477014789183, 5.987824617585847, 4.640494239824339, 4.916403188657786, 7.205321566719, 4.918793037948248, 1.8454044527158218, 1.6159230243786937, 1.3371795878716097, 2.712919725692986, 1.8411517450194008, 2.360002055693241, 2.1059908146086004, 2.079964337183791, 1.8456097423700502, 1.966680704254099, 3.695835474080157, 4.39464285867556, 3.2004931586228196, 3.19517267508928, 3.5851311437058486, 5.02399370702845, 5.322850926438788, 4.856984812544847, 4.6061808221348155, 6.2542829873814165, 5.7546867876262695, 5.265215194900004, 2.227170695568491, 1.7447309831894848, 2.2729571012100815, 1.8958226248982568, 1.8388371240975003, 1.9747850535092828, 2.1716893972611406, 1.7127523326714988, 1.1060703571464563, 0.993797621127016, 4.562310201371829, 4.323536421809663, 3.9498608520207643, 3.9906184242227978, 4.3324329974470555, 4.842716854710902, 3.8891292910455504, 4.639633180372674, 3.958296246351835, 3.793354552844609, 5.146372546507747, 4.899097761536988, 1.7792972293511355, 1.8385343343360852, 1.5641588122916437, 1.812578589990062, 1.7393991542154281, 1.5126464214795237, 1.5349751242520726, 0.7248255031786418, 0.7321959763189955, 0.7321274275762784, 4.760969962216644, 4.595118294778717, 4.145078368925805, 4.0301270632090755, 4.130932135892314, 3.739108429184977, 5.126538457062893, 4.511522648956531, 3.499171039849202, 3.271431202638463, 3.10815303816284, 5.589119064079041, 4.590285469351854, 1.6993378292119548, 1.5367020934596292, 1.4579210232029929, 1.380016066405118, 1.2956977972728005, 1.014895939023194, 0.596813862949038, 0.007777657126717962, -0.032322989457004285, 5.1832058235051734, 5.20736377896752, 4.426703367113926, 3.636008677625299, 4.507715243116063, 2.357471349395868, 4.193672974326169, 3.5412890925584115, 2.923767098212295, 4.886557672379747, 5.9299478443790825, 5.017453337733296, 5.0747649533545465, 1.8019509538562946, 1.3786099304964075, 0.8670590307071365, 1.3107551837792324, 0.8261353937976477, 0.41229714710806886, 0.41106974161477966, -0.2868891930670586, -1.0864311546315695, 4.539639412060838, 4.670124025374834, 4.945285944760696, 4.0294512000019, 5.018742791559352, 3.8036425793996735, 3.1373138042043704, 3.59148161341285, 3.13218592425629, 4.547616278231743, 4.411042114669789, 3.7620198150750124, 4.618589390090312, 4.534611418819101, 1.4308155834345209, 1.119727156137208, 0.7212745729840264, 0.7665280523205071, 0.024164346389245146, -1.0950805105681825, -0.5977844673878006, -2.3818081066279917, 4.502710416944546, 3.8089731190027174, 4.591141191136845, 4.788933034082261, 4.79677262273698, 3.253782128021657, 2.6993846699513053, 3.294109900292833, 3.041615468827102, 3.05593763316501, 3.306781678346997, 4.433593598931888, 5.059586696495367, 4.818397915884867, 1.709527904959577, 0.45216527347085356, 0.2839414166866771, -0.06152362252249463, -1.019449563589566, -0.954118093222941, -1.0719976862517908, -1.2256166601995246, 4.070166960016783, 4.355413338408972, 4.800538734043055, 4.912545284322909, 4.314807149084485, 2.659512020219582, 3.763641305134223, 3.0905820076253834, 2.551789469608228, 2.9107550185756095, 4.6736979066913396, 5.438183973456714, 4.752744669209252, 3.2781443572806235, 1.0107468670601953, 0.27188509176831543, 0.06888178809104023, -0.7966902145137154, -1.2910764982401242, -1.4686524461975796, -0.9932315888246623, -0.5003091425072235, 4.627835962223238, 4.983465729129573, 5.249487073847165, 4.648405768235863, 4.11146228773143, 3.763645203308438, 2.536832494348281, 2.0290174443169113, 2.285002413625621, 4.6285571091549, 4.271346028961941, 4.687554719344582, 2.008405179535961, 1.3103521479285278, 1.076477324675285, -0.335356014658189, -0.6301017713767606, -2.4995127506762467, -4.832361149223959, -3.3785489052578472, -1.9568657788929258, -2.2666423044713997, 5.216948905019827, 4.723584299750628, 4.964839278880523, 4.300172932823654, 4.192718354478585, 2.9818317775487424, 2.7938777014358056, 2.0613339174112646, 3.0387776091734953, 3.9089917803923226, 2.7951909107789126, 2.1911892669218194, 1.9588866244268064, 0.9529527919566613, 0.29261437791255646, -0.5880367863840622, -0.538227909956919, -4.661000015694536, -4.706696146754877, -4.544705367136518, -3.8009874382125988, -5.874128733601117, 4.6669060410462055, 4.557473488325968, 4.67892478198956, 4.406576594877432, 4.351720925829179, 3.325863011267907, 2.5978657996786367, 2.563466883237105, 3.080401326726078, 3.2113087639487703, 2.5343920905416795, 1.9729759026525235, 1.689729647740397, 0.7302106515236472, -0.3963358404159869, -1.7044720264553974, -1.6695094319024248, -6.16141492894909, -5.40557101339589, -6.448518775026569, -6.576240938231478, -4.530865594313705, 5.022223048952083, 4.258474178657279, 4.604147623832727, 4.45758365530655, 4.368857200106418, 4.642670576272256, 2.5420897282532176, 2.4434075064858534, 2.6565479422520926, 2.90970065214638, 2.533529389758538, 1.5822880648459967, 0.9535310966423347, -0.07757834484686559, -1.7749641579075794, -2.9784780243591436, -4.293665529850983, -5.346278447297643, -7.114224481876682, -6.56915607702399, -7.734807160685203, 3.8192691938413255, 4.842571153716292, 4.1847696500509945, 4.502895509689873, 4.265576762431873, 4.340468719465858, 4.45789024886093, 3.136828230183598, 1.9967678033347707, 2.161434195183346, 2.2947732144657382, 3.659576723391834, 2.386347827186082, -0.08441863500397168, -0.926716773601702, -2.7669029934224345, -5.992342194304272, -5.360409393526376, -5.933378583383351, -3.2996311713325213, -5.707527641722391, 2.6695877230186817, 4.799851180673916, 4.711330197874266, 4.597392999221121, 4.5079318870558485, 4.150821441303301, 3.898980154697855, 4.397808719360858, 2.4184499650804465, 2.3078858871858863, 2.2939419798566627, 3.054813062310637, 2.9558675084489066, 0.6714790452396436, -0.9741809631835859, -3.0713692603792317, -3.8834627628220098, -5.960788417681898, -5.839626236348862, -5.092994803010904, -5.677414377719258, -6.034487672216049, 4.191181146816495, 6.076400130179802, 4.348765439955243, 4.405140272168397, 4.412558865765858, 4.529209791914794, 4.300126409750855, 5.311469106017046, 3.1771126960256626, 1.8745970538714567, 2.1761744002558214, 2.5336859274230856, 1.5748730959222796, -0.009654055538790719, -2.077603960303098, -3.133028418803438, -4.694041674460504, -3.951167462651348, -3.877786276453811, -5.402362305451198, -7.149686188902736, 0.06305977075034686, 4.7280524190009405, 3.702112599893078, 4.02267280568647, 4.503534305859922, 5.100673135254743, 5.274073965124299, 4.566255704862442, 4.797284998736338, 2.65879035028051, 1.8195656490916496, 1.2648852138821833, 1.2550336129653115, 0.06653292021867056, 0.22963150056878662, -2.4379652626797372, -2.8201422684837283, -2.8765063920333636, -2.769440822663662, -3.1493187274198693, -6.605694252282871, -6.090363526763513, 3.6812392234718283, 2.8129710559420236, 1.996360718203826, 3.6634725614437995, 6.446909487958792, 6.717470098403698, 5.118791714045529, 4.82188903843606, 4.450023838274306, 2.6717566669697725, 1.7962429081281, 0.9500863850013442, 0.38830928983433377, 0.32430088391499495, -0.870200397067401, -1.5265477280702047, -2.7111442724413473, -1.7710615594261105, -1.7677707999491792, -2.8532714323602137, -5.329390899330318, -1.061460824280146, 1.879145296167872, 1.7651339079869042, 1.672384736419513, 5.4476370938036665, 6.828578824795839, 5.824846772202638, 3.911803917403135, 3.2434705384943716, 4.771820474237286, 2.5078995933683195, 1.7583082741458542, 0.36587512712431647, -0.368504011191164, -0.26634108304537374, -1.1231989422106732, -1.8550510173509203, -2.086872630118985, -2.1664215548873234, -1.3139091041204196, -3.1819331738249357, -4.434294754766964, 0.8996060368687478, 1.3785877497762982, 1.71064443457628, 1.4061004148821223, 5.228846414932991, 4.980124768825592, 4.272583208489922, 1.8537151835719203, 2.051498828044255, 3.1913014789274943, 2.1190850397879486, 1.3736052607270568, 0.438548479799734, -0.2520407499615706, -0.4017094840043432, -0.5071341514109687, -1.490068028803828, -1.1228012976342765, -2.015302388832863, -2.9393181485548037, -2.0897715220781654, 0.5116797883590136, 0.9714843592027655, 1.3041647137055377, 1.1792704693406217, 1.7497527344973653, 3.184238853122722, 2.8307079805729476, 2.5900247237678813, 2.01613890866458, 1.8756054908878887, 3.3221467863527256, 2.917594186574087, 1.3889669379796759, 0.5245034788066077, 0.03224964364301545, -0.33936274733332594, -0.18268619260692412, -0.6576717278897498, -1.411204341532686, -2.1984297879588843, -3.1341291109395457, -2.956052790161969, 0.9064236242193673, 0.6671013153631095, 0.9674616148433414, 1.1690498044335738, 2.543107510884373]}]