script/wind10m.json
{"header": {"parameterCategory": 2, "parameterNumber": 2, "lo1": 3.000054539987559, "la1": 64.9999836372058, "dx": 0.5, "dy": 0.25, "nx": 34, "ny": 52, "refTime": "2024-11-28T11:00:00.000Z"}, "data":
[rows 0 to 23 of 52, columns 0 to 33 of 34]
10.882231935521668,11.365134731125774,11.5346749194467,11.010695861372854,10.502852347006021,10.122879363848059,9.772913881029645,9.786443461422829,9.847980517728853,9.085610020085198,8.793398334758475,7.884793034269262,8.285266750741366,7.967646314299192,8.354349790558736,7.526751805990178,-2.184041325175044,-0.34593611545281155,-1.6536570073091572,-1.3398760591037413,-1.5428450863942842,-1.5621007394474702,0.832065398832421,-0.4746918849376224,3.57816535347249,0.1985778254749274,-0.5308378962792237,1.6979702417737597,0.9843116037978339,0.13241149326716647,1.640710585997816,0.8013355838835234,0.34310051110574985,0.8854950871715673
11.033966070460131,11.46225316463856,11.81105617773443,10.615258092281591,9.931733089345498,9.78389639320212,10.577959286329069,9.369724159407799,9.193868830549043,8.65337320660974,7.700299002160891,7.911763621550184,8.009262146729672,7.835683472316822,7.4322984147427125,5.1975997755276335,2.1985594317991812,-0.2985374987594259,1.9764314707623762,5.434678004130481,-0.009435276250628016,1.763740069055022,-0.47887523694205336,3.8757535158980327,1.1311543069749341,-0.23594978785658421,0.7148399947296753,-0.18935875824756543,-0.7351086650344987,2.159158197841454,0.47105671458800813,0.4468579655745811,0.024769875745766102,1.3898826508987747
10.55998796159028,10.809873077945987,10.95565718995631,10.332246349849767,9.830914673796403,8.433041591150364,8.055326482046738,8.47506843507804,8.77936204970058,7.8879808567500795,7.672422390194347,7.0119627642763085,9.053590606485058,7.823517276396901,8.093624251111956,3.0993628005040326,2.8379495526763217,-2.0299885244080818,-0.23932506731010184,-1.477324663239779,3.4249922656105185,0.8978192851003746,1.2037414082129123,1.8292375490150348,2.0009458835759193,-0.5027868103706447,-0.23153927613308478,0.49982819577087195,0.2601793623067103,0.4353783303029676,1.5812889303540567,0.052729318248650014,0.8885811423170505,0.9021971101810258
9.811653238648528,10.379481337027066,10.1937671237212,9.383067487758542,8.218745895785679,9.965461088707938,7.439559503946784,6.826811832355477,7.972407160326626,8.037017760990125,7.374342035275022,7.85816881305186,9.280027154321498,10.77547047103654,5.307898511352865,3.546671352008597,-1.3123831119545386,-0.15616477251828498,0.662295817358487,0.21977719002558874,0.19199842894185282,3.0562618706778704,2.223957559508576,1.74109618964114,-0.5027950440568205,0.793795470812154,1.3733410214119701,-0.7056579769716327,-0.23587411942315403,0.3859921312907135,0.032471236290739475,1.4608375876197246,1.04550189231408,0.6731119258191777
9.37592585067701,9.65842623501448,9.51640691151933,8.272463660439348,7.18537478726297,9.470527141778303,7.137553272721929,6.9799422140890135,7.769155555809397,7.5159487650027845,8.841218741923875,9.047604088470631,7.782385305486936,6.076589414866759,0.19005401154070203,1.8140707269975593,2.2412842071511974,-0.8683290597555411,0.44607433646658556,6.714350020760322,1.0088207873758335,6.279800581830259,-0.9812392114679299,-0.16291750192807775,-0.16678056100832617,-0.10345021723607915,0.4769206702614649,-0.24190943162040843,-0.2136337641497263,0.7594085060305139,0.8029472362078157,0.8982273689774624,0.9863630378569053,0.8714021895351346
8.404448498110726,7.719468964119054,8.468589533209597,8.480303767181,7.872364204590765,7.430061334165797,7.749300655306573,7.676461666251316,8.08350603516118,8.655969443034913,7.73381075699792,5.788809662078041,5.301331814970281,0.880056215719579,-0.49543984417558495,0.6220957597708604,1.083356059052194,-1.2021359902999948,1.887044301356828,-0.9676886487132337,-0.2227991565916969,2.826007432740823,2.4629587156077637,1.6798071852257848,0.6788599166552742,0.7925299999790306,1.2166260204314607,0.9169387869229263,0.07382520783529538,0.5796652299145377,0.3302308736887153,0.020122584261523073,0.5116261074068118,0.5448851937814191
7.242048318515204,7.712695633416921,7.80405233621347,8.644447201422485,7.188239622724604,7.704904200631117,7.0477237598094185,7.082722076961091,6.674853951252983,8.427408127911809,2.974921586436708,3.708959615153481,0.8730504779099493,1.1637460824588517,-1.530531887047015,0.8728703582663581,0.5497143809199487,-0.8511395717844396,2.052110143160343,-1.161789609987638,1.019713669970238,1.8082032034750115,0.7535200261434144,0.730295031167304,1.5678486041941764,0.3087384011694566,1.612824755226685,-0.48315775728952626,-0.3390985846847308,1.049496844611515,1.9544933872827237,0.30937991737724624,0.6101723399377055,0.8981982693392527
7.991388445179305,7.332436704178227,7.639419457833117,7.676839137855084,8.24104090325233,6.950510816679869,6.853962743310893,6.9196756792703535,6.342123842272669,6.395249107958264,2.216579505069314,-2.3677601548638934,-0.7022786780025576,4.431420533683311,-1.8311071830972452,0.24924454337174562,0.11673400114494431,-0.4781641256003531,2.654164824858718,0.19827704050881773,3.220955883335258,2.465871355835796,1.6038858061500132,0.5166644583370155,0.9607101338708945,0.7032986435675269,1.0213203843841085,1.2745614488286594,0.5726698298955504,0.7645512504783454,1.143743117329285,-0.11506277019568698,1.0770245787977097,1.392216316328145
7.479319046595723,5.492476302421935,5.881005489240206,6.752513886698866,6.2760285619065295,6.208675018453664,5.716372554315309,5.439589422486171,0.8507477550831049,1.3801853150017562,-2.5606130775861677,-0.0764566765209037,-0.04928501574846088,-0.9149804393827117,-0.4199145890937174,-0.8921601282271578,0.5583433668492256,2.278416536771774,0.06176486621356373,-0.29882617206626866,4.239936785730559,1.5418564084961242,0.16406546322139265,0.35766710512869826,1.2614058492381073,0.9671121749095802,1.0005520178966856,1.1866249675489884,-0.2751146085690978,1.7691407652592208,1.294042385522002,1.6795537177380044,1.9914802259877982,0.6036750489041829
5.601991233990357,5.913768354422855,5.234952376658153,5.148655820068233,5.4103814801826005,5.229649162043193,2.0746487738805244,0.8390991392293113,-1.81616623915284,-0.06291246544135173,-0.6313328685227008,-0.44940337059484176,0.45167963366845093,3.1768034266163423,-1.4411013135232607,-0.07899253372593962,1.2236758092012803,0.5964631289825586,2.036740004684358,0.8843424431566621,4.374481461015178,2.0953182733937967,1.8029596985745238,1.0098328345662144,1.0936437291693486,1.3519509235193325,1.6449670505331095,1.2679865033351223,1.0716113909645772,1.4906674955554307,1.398161102157603,3.1429279861783654,0.7427272416235713,0.23840991707028752
4.645174130764009,5.364868244589449,4.070222511446737,5.156994332846033,4.244889461390089,2.3558860173577783,-2.1319225815214318,-1.2926891651717634,2.679303254007702,0.8999935364579439,1.4174121820825143,-1.3149347778762803,1.2964249916148736,3.7137751474411855,4.22619240452853,0.9347633977432096,0.7078797657289859,1.1932266533189313,-4.164617687116074,1.4031169949572693,0.2555631560410027,-0.4149186996527944,1.6893636941755958,0.6553101307957535,0.5438755714599097,0.9427302566550164,0.9447635999349699,1.067048083750441,1.5690538947944161,1.7946665107578557,2.4177928158099147,1.6543967567579256,0.2294721353949951,-0.16115744932354575
4.308915752142423,3.5584897951482586,3.1227775147879617,4.158756977412747,1.3507431352537353,-2.3461724379532836,-1.6621736348341,-2.0957728270654212,-0.05814427209641888,-1.872641952260866,0.158815442246499,0.6904419249167952,-2.5179177051063837,1.5894326075981724,1.796654308666191,-0.4699265251820009,-0.5969726161949541,-0.37794053772126945,-2.3567158637868895,1.6897705971104007,1.3778793863959935,-0.23855699092166996,0.06939227041964846,1.3782302682179128,0.31424468515835535,0.8889976100433167,0.9100255608229336,1.0303360398689614,1.3198960178005568,1.9267207695191144,2.372709706174821,1.0453978352906241,0.5696604626028403,0.08199541369737863
3.9851660081538927,2.8947533611827345,3.2584035869859584,1.505513281984983,-0.16710256792982292,-0.6393127038300978,1.4869495317218242,1.5177785178879954,-0.523648837655885,2.0464317045226466,0.16583192472777794,-2.266875467583295,2.356831798943348,-1.9163626915069425,-1.9904067984367932,3.006734028054469,1.5438844194761694,0.3542232086571643,1.0705676157149153,-0.08901300969352519,0.23037235408158596,1.1043132602745087,0.8399925438369702,1.1126148150959843,0.8927175551743849,1.1817168488375418,0.5163679026398836,0.5603273672657076,1.5698117889559113,3.1612542247888205,1.8628246336363241,1.1635572614497076,0.7048255763221568,0.33485009293464996
1.6750855523526516,3.1874585443009944,2.5777314111268304,-0.22470410393689427,-2.0265007263130497,-2.188473703414737,0.8129127894330545,-0.8853974399968209,-0.6492196992253136,-0.7331179755535469,-1.794228481269124,1.7419237855482985,1.2310264209737778,0.49086730795217165,-2.701829673380078,1.4067492161599282,0.9423033634940493,0.12852958697811045,0.03180412412956614,1.5021347957979232,0.6549167347633685,0.87656323469363,0.7955791011932347,1.1992441854033893,1.1509876484855417,0.9080298543047617,2.0720963347661545,1.6140497225362231,2.014745381278403,2.410558102682701,2.083016435291567,1.0880084276932027,1.0997445048984318,1.4069652870027658
1.6859023678191567,2.920220374125262,1.0785859437805476,-0.9470770012640841,-2.612637371538956,-0.5833853386150942,-0.6180219312487566,1.6764936092876233,-1.2686046120656864,0.07597083504571626,0.33845621655842184,-0.5837384796129231,1.5755191672168054,0.7352946798362733,1.5434242393686992,-1.080592203832836,0.81947683738286,1.8898095459441477,-1.1283722801553653,0.7155870727239435,0.5468481685084886,1.090507327439634,-0.23945183496327227,0.95467262383281,0.5365510662913899,1.0527438323742035,0.6886380039919139,1.26835978017543,0.8073077618512702,1.6991421441432142,1.7185836027100672,1.1789930012051975,2.0641305860741324,1.7089577675723484
2.5469920346587958,2.5927682792332387,-0.41653944217243083,-0.7781104954043461,-0.8520767389686646,0.17344672247911835,-0.7327395086053531,0.6816916219104343,-0.3677150528093805,1.1582971311016554,1.3450340170620827,2.0839159502020412,-0.7716299735229272,1.2454634382525558,1.7354265020903181,-1.5986650651195038,0.7200770775246983,-0.5774441491315706,1.0772899739211406,0.8406720068391333,0.12067262607147076,1.4371264246124755,1.1001185843133483,0.8743865741413176,-0.6312363667079168,0.4723011345604355,1.3072325225600585,1.6965943271361912,1.401121266464206,1.979195557426166,1.6799065891110276,1.0638386481096747,2.2588164281734806,1.8996940361047017
2.598241348375597,2.3456453122119685,1.8348288993332587,-0.6285388015878426,-0.36745496601147953,-1.6463438121127023,-1.2241773974442316,0.5095193646767584,0.1899318641007068,-1.4897954753829452,2.710113506401736,2.141393396955759,1.0086770726720977,0.6754239932632518,0.6710186272916939,0.10630429843031602,0.9607493379893515,-0.5554906048651864,0.08832133143186485,-0.24597542589274146,0.6216431092276008,0.5977886279055399,0.03067080542196533,0.6918480376275421,-0.24482884089685275,0.28618004624254634,0.5820578317492022,0.8886801172548882,0.8915205025340649,2.5283197084832447,1.4260589386199702,0.9209988268287818,1.8059350463411143,2.105258090534463
1.4611294240117534,2.1256589492222164,2.2786132429836465,-0.19945536385505155,0.6651379492452164,0.7320732864524405,-2.0423551328160436,-0.30076171021164266,-2.1798331125591655,2.2655015082188386,1.7370110169467858,0.5472759083458092,-0.09845106985674035,1.0347773275004395,1.4314726478298097,1.5537896059964786,1.9580401469404218,0.5379884218846562,-0.22330605240277787,0.30515250132249444,-0.19602484790056063,0.9094867195512759,0.5819095676797419,-0.34693690381048986,0.4940763937100482,-0.05140030408212644,0.9714802636981634,0.5886780327158075,0.4810068895420274,2.266539824247779,1.436511678708725,0.8769664945771449,2.169671031985857,2.2216032282417824
0.8397398429826882,1.6501743639244009,1.7392770207821195,0.3860555203137757,0.3817692210260639,-0.10657766086773446,0.6521321395123624,0.27115618830946153,-1.251942400052945,1.3936494828729626,1.414644384586829,-0.0031289313306881767,1.4214093686816873,0.20225084036858307,0.2581776208191317,-0.38668283603541664,1.0506745905284671,0.5485269790451544,-0.32047974376286853,0.02712189885485364,0.17808762947631648,-1.1044404523385487,-0.03204521527468032,0.1549794695685523,-0.022272752099404765,0.30999089921053147,0.4286771902076676,-0.07779399058526386,0.16555187705548802,0.7275539943385517,1.4426807006747142,1.792897130994206,2.1875454662615494,2.0884444474769763
0.6373967834364671,1.915119583126889,1.5399389756350004,0.39716039584915175,0.8147680661125067,-1.0645922241162176,0.9794722276701284,-0.35025204029750123,0.6569948298943669,2.4260545951164656,0.8899846692109527,1.9625247150716927,-0.5222441104450366,0.8074829721047948,0.8907450162462414,0.5080829915921559,0.39196841758463047,0.30783372346912874,-0.08367085011219556,0.5068656378967652,-0.615958061037664,-0.264689538499939,-1.0830234017015352,-0.048676485992751366,0.7484257266545951,0.0007930960566258903,0.7230505801844972,-0.15032096057989508,0.18912621497209978,0.5004072905796998,0.7888146681254236,0.7898925461069765,2.162811278336824,0.24717610037797985
2.347785469560946,2.1299023257862295,0.9888269963726463,0.19675584774328778,0.22289628671695666,-0.2899459081003017,-0.1597557490874699,0.7231236511358239,-2.44889165157217,0.41954454136979086,0.23220526801777383,1.793293724777042,-0.007269726910162065,-0.12970041770265775,0.8434719046529816,-0.25553446955893294,-0.4066296487191333,0.24056566225867462,-0.07634471449066765,-0.13185595195578378,-0.1151127930806461,-0.07738379305310317,-0.4247930435645789,-0.21078989381434896,-0.47414273305653937,-0.01627737891548043,0.14581532850446172,-0.1318765451107601,0.14649173211894048,0.715019536998571,0.5290653251308306,0.5096926308978985,2.381185077743523,0.8602119740803218
1.99357403633067,1.5136758939268666,0.7560767149017177,-0.2469920568580499,-0.049210696252754135,-0.3658481391547814,-0.30898107915969025,-0.49824533826119277,1.3801250423755096,0.7821788432761704,2.0021531317973658,2.478021108297958,-0.4771960377741802,0.8184728571651838,1.8887028116594238,0.2674661821285849,-0.5954640007433435,0.09800441373698496,0.1049413181969093,0.15693270302309476,-0.6748724097412716,0.04775418196705751,-0.7039982657616171,-0.26755041721234024,-0.05154552186220111,-0.476729823003651,-0.11404200687431604,-0.2112663641980832,0.155177326219329,0.09226506012083531,0.028177962219227613,0.1876391447966147,0.36632150051560447,2.00838826308507
1.5723399343390017,0.9946309551657716,1.2217180783507,0.011858345524179432,-0.701931501447891,0.6962436628679703,-1.203390304815851,-0.3163208651400871,-0.1939559827417025,-1.1503495318863055,-1.1042306371214996,-0.9036921943295941,1.6946919598615506,-0.3131575896082551,0.3435832799655498,0.09246802995377357,-0.3528953965113229,-0.29853667751228485,-0.39310797373180156,0.14002630562899254,0.122620874512425,0.11461101177109997,-0.807245347196055,-0.8535653063202305,0.01579472885350062,-0.17942157470844108,0.0936450642310548,0.12524587409087007,0.2060931512787784,0.17472291868339834,0.15104147120155384,-0.10879830861650397,0.03030827220362367,0.8316625975968183
1.6149127459182717,1.3741266367673028,1.2174620582886304,0.8609391111799776,-0.5297356874852935,0.876097427467848,0.4479954934049625,-0.4152588593105696,-0.7648059287481467,-0.026124435178277835,0.44561227819059723,-0.4205816211586623,0.5102009605635303,0.900896849285018,-0.5014810174232162,-0.8058178729998896,-0.44877575447264917,-0.6966120138177729,0.08948149216645783,-0.19858657719037826,0.0019265831846577862,-0.1477968167194398,-0.3133216167097005,-0.7682211424961096,-1.5674772944788236,-0.23717070997362788,-0.55585327756307,0.06459054914856245,0.1523916482715001,0.4516634297782821,0.020455694053686618,-0.14901662326657164,-0.9462809783473515,-0.4091481520240248
