script/wind350m.json
{"header": {"parameterCategory": 2, "parameterNumber": 2, "lo1": 3.000054539987559, "la1": 64.9999836372058, "dx": 0.5, "dy": 0.25, "nx": 34, "ny": 52, "refTime": "2026-01-25T08:00:00.000Z"}, "data":
[rows 0 to 23 of 52, columns 0 to 33 of 34]
-6.909122559445171,-6.651445776361206,-6.313723857417484,-6.036588807517967,-5.811276969727409,-5.810050421779885,-5.715448678288181,-5.514218129458919,-5.384369591748323,-5.070079416018569,-4.865542459874005,-4.369453810367554,-4.013245592198767,-3.7283975393092836,-3.027922776750727,-1.836439764673621,-1.9652328609268275,-0.9541964936058848,-0.6865348847361975,-1.156166669933696,-0.7119753439457313,0.5900008488483389,-0.03185576796328997,-1.7086897426266827,0.3864639207800902,-1.5094664194652438,2.8778179220072304,3.521695336615398,4.872455970118623,9.58848081550246,10.77741290429965,10.941404823495988,10.82919590699085,11.988769757272136
-6.946825119032225,-6.681673385652695,-6.5008561387954895,-6.173662102419206,-5.931877216224654,-5.796756871184476,-5.832482623917094,-5.775551370538412,-5.402361683851466,-4.699170008936595,-4.548520084955629,-4.509055851540255,-4.418846583870506,-4.100571667688562,-4.062416644594094,-4.0053824848509265,-3.684110814629363,-0.9002717530713075,0.17662731578024768,-1.9427065009720925,-0.24414917872656872,0.574708823431292,1.503855958417548,-0.21529650493732105,2.247559996977197,3.483161449198363,4.690457383347221,5.769357465079087,6.888547960648838,10.249476135836298,11.407091608401036,11.014199981153311,10.878688726429692,14.044871653823579
-6.825982447304272,-6.494950090952065,-6.2399899568045765,-5.937485504094799,-5.639658979664338,-5.2994832973511246,-5.0458918962050365,-5.133314790104487,-4.286419795806803,-3.4399569231196256,-3.5068650713534564,-3.518719205922036,-3.2378786447383154,-2.464234084674368,-2.245538954606343,-2.352505669403881,-1.562478702638039,-0.7772235141219488,-2.261234221958368,-0.518533219240933,0.9651757379588625,1.3191786242722585,3.1327671036533866,2.326874295429458,2.5593066891622995,2.6541125488242905,3.6844648574279733,6.25562289755848,6.013572601617461,8.84486118452646,13.015193028264294,12.968280145436763,11.90248512382281,11.588246394593034
-6.634454523204337,-6.159445046985916,-6.045665072373402,-5.7167121442902085,-4.469794628048393,-4.087757095519793,-3.4886991833199077,-2.6031203512249177,-2.317843550847527,-2.977753508700699,-2.9712411939235244,-1.9567820944550847,-1.4039328967176725,-1.1144058717718603,0.28766730581121036,0.8904883301983552,-0.523085821813333,0.7230380001155919,1.4131657335256058,0.17969797575458876,2.559188537725945,2.5551427099843425,1.4824893006863338,2.8079128872088943,2.7824938104195267,2.7649124506583327,4.476697233048097,5.570449157151323,6.9279972876733975,8.695168760912024,10.843016070517187,13.766557184317666,12.159122568872085,11.156897890191997
-5.784754875746213,-4.4392074638457375,-4.290533526513033,-3.806683831307153,-4.111373183446234,-3.824715581402509,-3.754888912091563,-3.54475920737737,-3.871046276447854,-3.5907749881131115,-3.2623952300527495,-2.8928911136471633,-1.9882051398779759,-2.17429982303448,-0.458822947403917,-0.06701457020306975,1.411836250257393,-0.12576810540881445,1.5818167619166867,2.4478781641335665,2.2139850843643605,1.1718414804852388,1.129839060592014,3.617849590135009,3.1193302081582215,4.624556193897545,5.007752693780164,6.860444354925078,9.822408097645607,10.175199930417769,11.153150321586967,11.730714396379076,12.230474707161235,11.080140632458175
-6.619314693633754,-5.380349890287162,-5.330561394423463,-4.654082175085736,-4.632079972355995,-4.247763512525007,-6.175345019263799,-6.87594222023683,-6.487627317715068,-4.865517224419899,-4.154852282793646,-4.050076495254251,-3.0868540087939276,-2.8683872741109067,-1.079664785153128,1.1458306591933047,-1.0188528704886721,1.0322370090255273,2.9208035117903153,2.139687964753775,2.538729112494014,4.07112535556059,5.226813151748924,2.5300912093136367,4.305632259648317,5.183693952956196,7.804154039034227,8.379692959433328,8.841554007728966,9.742636524993786,10.39943714929146,9.598657710251508,9.362818287265714,9.825968632546408
-3.8824342947704404,-5.22252327884051,-5.127395256823106,-4.463300386591514,-4.1864167562341486,-2.819910878714022,-5.002689722517337,-0.2898585087582798,0.9053400979370734,-2.007951901034695,-2.5544172474404494,-1.8475184112376462,-0.1503469119265876,0.8762388829500368,-3.239939639650342,-0.36218809945174096,0.6621042211786714,2.712216709509265,2.9389249546577587,1.9506792047719412,4.1253510942713145,3.9448878831324383,1.830521840172369,3.40663636439102,4.707070966522968,6.771053949133485,11.26830437648781,8.69718282693356,9.201942018330593,9.59791328945801,9.125698887247141,9.04828754351831,9.907879626373964,8.677218485322074
-0.18357399276309874,0.5227199680557858,-0.046362890118902995,-2.8894968766902,-3.2882509955515853,-1.1595221759560883,2.474826072431737,2.0072794468381128,1.7606505572153683,-1.752553902850854,-0.6711505808094076,-0.8850764012437728,-0.6252662497165029,-0.0030482595850445412,0.9147556435277582,2.495426981305331,-0.587892453243656,3.15829060238372,2.3946206623666693,3.8288047717212104,4.300408143310465,1.8302942624667953,5.673776988280399,0.7746294879434406,4.297569776225365,8.920077917437311,9.13901760169874,10.789793884451338,9.614393931496078,8.449816090370891,8.048052619488017,8.95974462055329,8.969110374798401,6.6829576814253295
-0.8201382693476665,-0.15564595915693982,0.29355639763024144,0.053560699457166905,2.4995601456480125,1.287735234012736,0.9766694468778533,0.5978712884712648,-1.0982337579185342,-1.3480653550890584,-1.9208876431168238,-1.4380746486611014,-1.551999656571731,0.39382828738587555,0.1327559529278237,1.4896677291613345,1.6976030066819767,2.5316016790193157,4.11580171564823,1.4651365213070593,2.2567289546640366,3.509976273991681,0.6631531716973734,6.524049234927654,9.954567722384812,8.928474373709571,9.886488040003039,10.11523006173491,9.671530091421483,9.045716187845601,8.940317533888095,9.853784896112527,7.689143560559111,7.5819638464081685
0.7483557827542252,1.2010303925076746,0.9874860040293146,-0.3510582268960398,-0.36001901045722545,-0.39273228223091355,-0.2077334287725492,-0.4737868750708491,-4.63436081860949,-3.3844728726713624,0.03205024791768343,-1.4849514822629983,-0.08149299690694249,0.10860367016393196,0.5563778173973533,1.357017055627749,3.674400224893665,4.40117161557538,4.427842941141357,7.062744402985044,4.826424237170174,7.5500019931946225,11.25709090314837,8.002271461019657,8.774167743154894,9.920295870935155,9.552448180082989,9.15648654515861,9.010976585648613,9.28482382377523,9.541736487005195,9.770206009670401,7.20576346528025,6.860865351773395
-0.6239397707296078,-0.10486558319318408,0.9386332125802793,0.18728820051881037,-0.8419950390686847,-0.6272524562335144,-2.9268477685404446,-3.770662316710875,-5.190398439561441,-0.5859749752762778,-2.066448511070652,-0.9347692110967473,-0.008954469082903892,0.197143337019636,0.6568174397228925,1.6977388855107567,3.7247919540017493,1.0694501423166876,3.1752540768028625,5.628258236297829,8.261173461452676,7.120285694231537,12.274706268420408,7.72753564816681,8.691680390794248,6.8121997344403145,7.374537944826242,7.708543091615379,7.74517253621869,8.019569890312575,8.430841532545939,6.553607620249736,6.295084015326779,5.650812743124303
-1.9285341064790962,-0.8224012238921453,0.21462024312623498,0.4821010760047656,0.6001478926079673,-1.1603698567212828,-4.219380449219916,-1.5622969044124182,-1.1965841744076322,-2.771518923883431,-3.2209157580123726,-2.2883104456275776,-1.323075659919633,0.6476913190429558,0.5935207909362241,3.305141082415977,2.363700085089318,1.5689009305873465,4.393376367911246,6.404596283178582,8.758881533291575,8.602447300415156,6.318386315577299,10.177986168988193,6.605498717999499,6.04304702755432,6.36493345402463,6.748065721531677,6.543447807961659,5.721629709158782,6.5945443936530905,6.182770556419419,5.67021855118564,4.090823323077305
-3.5056601008521158,-2.1856744645619957,-0.8578337200634804,-0.20210731296225182,-0.5611351647159688,-1.670071911901795,-1.542614907130119,-2.6173662945952003,-1.8363411756288799,-4.623578645968931,-2.99605927858584,-2.6315319021856696,-0.49113127342561974,0.3807693980780322,0.6800316289550483,0.8229035172373049,2.346536076502973,4.326251111363611,5.313743190331447,5.0225841743339235,5.738697067231603,7.855822808192496,7.846303614420518,4.783036322816994,6.8248034576862056,5.816667099678058,5.175821621371471,5.954533424203366,6.118896283019106,4.647312638065619,5.970643478961174,5.827194767073533,6.259728301106609,6.579157863043525
-4.046482616820744,-3.3428710911774258,-2.7078688010808505,-2.8312039869801424,-4.089846063596859,-3.363696506828747,-3.036652102264566,0.2957638808800797,0.4821728033982575,-1.8422587052280996,-1.6568794801539986,-0.7861909868101286,-1.1575388565157256,-1.686728854593403,2.1303806258730127,1.484930545715414,2.4235854476645664,3.022446654118986,3.1391058393598845,5.500782672132149,3.221816288930575,5.281320827943965,6.40972436562951,6.377734721615117,5.2167360539261844,5.178007868661069,4.483275550407689,5.036180413228553,4.643656727986413,5.438064136683858,5.790188553128932,6.458046460669018,5.618273664792811,5.34147383193107
-4.104061625679493,-3.997191677188179,-4.348281412334918,-4.350321648119921,-2.147971076008057,-1.8029563853173625,-1.919594492855431,-3.9737647863928975,-1.9680150004239612,-2.537248406116994,-2.4314526404127723,-1.079471291370504,0.16833322247175575,0.5414229815980197,1.3086643511156113,3.299987666585764,1.045358416985307,0.7698632051703891,2.424170144222624,3.3060600334372765,2.104613784451558,3.0124798193774076,2.7428818522554037,3.6025096557171064,1.9605636490423488,2.4663839720094223,2.79842138026538,2.8688316273281473,2.1704765853851535,2.504063022508831,4.609120967486405,4.862267265947992,3.8758024648037943,2.811123249715677
-4.152036744776995,-4.08346562478931,-4.289017181476515,-2.708980554397356,-3.8365198365346447,-7.202249477024947,-3.610039221855167,0.3564190195150456,-1.7493043976570253,-2.4384069460253732,-4.0725978868815345,-2.184757420327161,1.4699766660889095,1.760778541606497,0.3064035772731923,1.3411035524768662,1.0864351203961904,0.11655388969694237,1.0579272479137025,2.3221133557226574,2.2580111450831075,0.6682834023719553,-0.21381790300940226,1.5379291945309934,1.1101505345141363,1.1907713796341781,2.331525187190497,0.8678211219179001,0.8167060485883881,0.6170137720490861,3.3659999636110047,2.766993982949504,0.15368750298610437,0.6491101163739706
-4.09200216934855,-3.5562836877192887,-3.045124087233251,-1.1260801040238038,-0.10432196661214492,0.9274591501389668,-2.822854029344577,-2.763721180954054,-1.8934294191776517,-1.0754844287221557,-4.2583372573697105,-1.9740809491753544,0.34215690570386154,0.43657702489181804,0.13631468813402442,0.08750063779050013,-0.32360652347824864,-0.377639066582261,0.9892790872897527,-0.1341529188383983,0.6257647840913589,-0.10790790059645104,-0.8167017992285912,-1.9088797172478962,-1.8647093377012973,-0.32308140987027023,0.9770364368636179,0.46816547343239834,0.1654828091898275,-0.7079589632351652,0.5730110888800469,-1.2019360247126756,-0.658483985289348,-0.12667670730099326
-4.667592850152723,-3.1454581423656887,-1.0451537837149774,-0.4862115519166761,1.4621725045646843,-2.665885093846509,-3.42793779057151,-1.8818953277976642,-3.229825330503423,-4.423126623370557,-2.054571680922245,-0.3514264399727479,-0.27994375404914196,-0.651965508989781,-0.631538879889654,-0.03446703898957043,0.05020997047430498,-0.6772363783095471,-0.060707541394076345,1.168308425222716,-1.182490295353257,-2.37856398021843,-0.5953649980725765,-0.8242285136183517,-2.4370913889864676,-2.0915762716743944,-1.6703302220847196,-0.9813992174105408,-0.7572581306014606,-2.1044796731257973,-2.58721544325225,-1.848689045371759,-2.2289863334670614,-1.6950255481771095
-4.784475454287013,-3.393425570497426,-1.362403721640157,0.3765230462151675,2.8837212429399894,-0.40394917477710585,0.7190046007569295,-4.737097839306184,-7.534099575885537,-4.243826096503549,-2.1672737710438272,-1.840422628085571,-1.0723679581663201,-0.96589199360288,-0.4464449363737919,-1.4067414792745525,-0.5364281308286459,-0.7778720505906407,-0.8777021961613837,-0.7075652327994887,-4.276867515683534,-3.669379415245874,-2.37791909457477,-2.1591498717652158,-1.9638645982101848,-3.6410705940679695,-2.923436870273191,-2.880544013710665,-2.8236561781246077,-1.8228270987656023,-3.592475177649305,-3.016269155351031,-3.089487551924018,-2.5773577750330405
-6.777980151989189,-4.407624883928552,-2.410323809914594,-1.4278504050952328,-0.5867913731577346,-0.0945979948128095,-3.7856123719304944,1.6532325158853278,-3.350931856244806,-4.240040872162103,-3.3165625988424643,-3.7704075961991963,-1.4536907597226605,-3.0314481465702445,-3.303055398750624,-3.358603086522571,-2.674631423112311,-2.2785458900719506,-2.0316266168949544,-3.4441965598918007,-2.2515567507668646,-4.564356517776864,-4.605882245562311,-3.02342297366364,-4.936088373630041,-4.489196430721013,-5.577134007430375,-4.655889778012514,-4.478407244480688,-4.077310934531639,-4.22059761875261,-3.770529151402576,-4.626929307059381,-5.638228259162952
-8.953411708186696,-7.071217458081024,-4.094023044875019,-2.841725593326199,-3.097653325196894,-1.4783037111841397,-0.9734633811462331,-0.8327454213195506,-0.6631594467294316,-4.054082930876683,-2.450734912988817,-4.171435480413888,-5.2867378852303855,-2.3671825206811272,-3.1296665304627185,-5.115547014773441,-4.897623678612263,-6.134985403055023,-5.029245583509633,-4.596021469805689,-3.881906299626917,-3.63246847471858,-5.409674120562383,-4.3034286047643,-4.364460492704625,-3.443765048777783,-5.780735026356043,-6.435654799747682,-7.183058451220077,-6.351842591965873,-6.781161834644427,-6.430463310561023,-4.573405200106647,-4.0333881224024255
-9.906111411130647,-8.682152861577194,-6.157164031536172,-5.599660620015474,-4.466017162251601,-2.298190856510238,-5.612091969141935,-5.297555815374084,-5.777313799128204,-5.117034002368736,-4.343474657333687,-4.938295662390578,-0.3509438156440392,-3.8324570737036256,-3.6840071500607907,-4.160467557947806,-4.466862914618299,-6.295299139308079,-6.642814988710347,-5.3581732064706475,-5.707602416960122,-4.906895522478196,-6.3361267877118665,-5.5544503859723555,-5.472339446738547,-4.2954294758697245,-3.077912129371701,-2.908239808633631,-6.705144191615782,-7.540578882036013,-7.268469330597914,-6.465803437402948,-5.999189579368971,-4.787146514181999
-11.12955591631618,-9.743325758174175,-7.743627709488805,-6.489307689354883,-7.317739110308778,-8.637222467368733,-3.5597656037068304,-7.3128598328093934,-8.119619975812217,-2.9964223962289287,-4.221786090201138,-4.2983732660437735,-4.191266751415278,-6.555674869904424,-5.495348105737219,-5.636239560744644,-5.8705147187537445,-6.0324818045807715,-6.2771178698286905,-7.117871733164794,-7.228855216543522,-6.7400318672255874,-6.310460593274489,-7.535644691498598,-5.9094228639135045,-5.687331356822229,-4.847783596768794,-4.081603443511255,-3.490278397855635,-3.6547887523834035,-4.512493259309093,-4.138770490991644,-7.017344842515926,-4.808733819355326
-12.581645715279464,-11.58348231227226,-10.265878212759988,-7.346866988184849,-6.872840137671303,-7.0362532803629305,-8.578977070190604,-3.512251980002961,-8.534655920731582,-8.439251775125461,-3.9032357414369985,-5.625471608548571,-4.365041995173993,-6.51666995713256,-7.4608157393677965,-7.267253029779572,-6.130696458094599,-6.874609541038095,-7.756638315250657,-6.50618497748213,-8.011998339558064,-7.59029249022955,-6.184846023702414,-6.430167586511076,-4.5718244968107715,-5.69567383296913,-5.467886992541193,-5.719971003904737,-5.3906403683063235,-4.8520264259514905,-5.0100348116560225,-4.616722237516719,-5.08517124294177,-6.518283993045615
