script/wind250m.json
[{"header": {"parameterCategory": 2, "parameterNumber": 2, "lo1": 6.000198445256149, "la1": 58.999992894266676, "dx": 0.5, "dy": 0.25, "nx": 22, "ny": 24, "refTime": "2024-02-24T04:00:00.000Z"}, "data": [-1.0496095925483744, 4.9959417441093255, -2.359162728325443, 0.29738087270124297, 0.3393297649118961, 5.3191542632801605, 0.2779049792229199, 4.9700629431202215, 0.6480533033433096, 4.056047387136318, 3.5543881384595637, 0.9416276379550134, -3.132618695720936, 0.6627555701431388, 0.7715860561867284, 0.584211750124448, 3.934253378123675, -2.9328709834924562, 1.740781715211001, 0.2842066177235269, 0.6316340360791939, 4.503748316800683, 5.10142330506513, -4.035645835798408, 0.6481307884607309, 6.328435485972538, 6.68606604340194, 1.0478909730250225, 2.604654177736509, 1.3707365538797505, 0.7940476876674875, 4.614617016609643, 0.1769537041631433, 6.407363581395037, 1.0079312254846275, -1.7876306902371553, 2.982917931306418, 5.562299577642589, 2.6785458450334807, 0.18420113173459535, 0.7114424242509336, 4.616217049587768, -0.14556861475199054, 4.579785423982421, 1.9172897985985966, 1.7577933296002624, 4.494358528794608, 1.9742023106348512, -0.5883465835752283, 2.576167302994997, 5.099581137298141, 1.2892159890406787, 3.6872525182901774, 1.6044551831155107, 5.569799005171817, 0.7561355457864365, 4.157314160233853, 1.9793354719008676, 4.573022519725231, 5.687867888233818, 5.867515441508376, 1.1015864590236355, 0.9135933719454975, 4.379286950818863, 3.1530119102147354, 2.4091927107841298, 1.8862576591401485, 0.4186204413182684, 2.453900480632602, 0.2992997529757406, 3.1726110456681855, 3.9445948873163705, 3.8379087556574714, 2.6859934407143284, 1.6969768948746748, 1.2075905229779635, 3.9073371960322443, 3.8673849203800255, 3.1865537571933684, 3.3720460262733924, -0.15638699757657262, 1.014135581926787, 3.203484857884878, 1.674092920826107, 5.432302563073496, 3.425638602327677, 3.984994399726295, 4.335853086853533, 2.459539498263551, 2.0596506556088126, 4.385935412421818, 3.310126867962226, 1.0425098215939264, 3.6447245524326535, 0.5699621724800404, 2.9246776536177563, 5.281168658584403, 5.329162632608079, 0.05679189183914353, 3.422214388063464, 0.8850444402740677, 2.6391198895988284, 3.4950430222279, 1.5583620735840644, 1.529338338435336, -0.07421971228980666, 1.1433426958670974, 2.678710301092255, 5.617049155402754, 4.012313486401478, 1.5635988446943585, 0.9934406162879175, 3.007129562155011, 0.007695455883651837, 5.629988447162891, 5.052532789133682, 1.107359849984259, 1.2192948199358407, 4.103972295645902, 1.6195574595303117, 1.7568913748866954, 2.3870111709318875, 2.198352010676245, 3.8560076734041813, 1.772693474103689, 5.149996356535206, 4.096284472005966, 2.7927769858598697, -0.19804037152491147, 4.640222602694508, 1.2408241120962973, 4.39824224877863, 1.3160603513501452, -0.12189991413460036, 0.8698526628935489, 3.568441705899278, 2.545667078481206, 5.75174746829808, 3.8226629158340724, -4.102871137195621, -2.48394748176374, -3.8339310522466863, 3.699700556972222, 2.9701963953740447, 3.9546229860159543, 3.484040976939456, 2.170297033861001, -0.07652168141876421, 3.7533635312294096, 0.3975482542327616, -0.06482805506481296, 0.12042056545802698, 0.27061145240943985, 1.6789274880674931, 1.2951436013748565, 6.126783710995715, 1.2186595135186102, 3.863395662084936, 1.8905054494092817, 0.0945829214279436, 3.6704970894628084, 1.070080494859139, 1.1314952559536438, 1.095771212349878, 3.5841746008326325, 1.6443101350894473, 0.9858780699187203, 2.884615482607058, 5.821573408518153, 1.3827102383435586, -0.016128628171887004, 3.7922444438089578, 3.623563900958419, 1.1510438242515582, 1.2109742238073349, 4.655792656900941, 2.859145877537314, 0.662215114908297, 0.8183763875180785, 2.922471147728211, 5.5168851789284234, -2.5658673822557274, 3.19273113305845, 0.6568560640330865, 3.562548258967323, 5.8536726588231796, 1.0427562828049377, 4.397889713798721, 2.34121841884284, 3.378577714294549, 2.661985556275661, 1.468556204321764, 2.6625618314513773, 1.9916951521781348, -1.143198865984684, 5.785457862167175, 3.805835089892759, 1.3826843047133088, 4.311624783828401, 1.3658633312606168, 2.5576246276730528, 1.8925529029276655, -0.5151230003807645, 3.287697397603354, 0.5268331434561984, 5.188286749838296, 3.3417817742780476, 3.0152903376877283, 5.19735505516236, 4.770815441416652, 2.9749005604700396, -0.02566581030386129, 2.8031876454538356, 3.9649196375304245, 0.0592758458861465, 1.0969254488144289, 3.0487057563250635, 4.486606720308938, 2.329179038603372, 6.613661661217075, 5.235191145829566, 2.7613374607297154, -0.509012250626268, -1.9609124791515202, 3.492426776126924, 1.7393574848678839, 3.317420476593429, 2.9177409327373907, -0.22438090877042535, 3.7690164445101346, 3.676556506728153, -3.5087825855892536, 3.748698963071011, 0.32435994436949084, 3.6632046555760915, 4.251454185971995, 0.5174081618933005, 5.164766901203017, 1.5549063997491617, 1.3128136197927618, 0.3728704378004002, 1.6625494001843406, 1.4712240607645677, 3.6660570201107543, 0.4894875401404519, 3.3058308637528846, 5.015830402106137, 2.392539848729871, 1.6297857079139657, 1.6429781069817733, 3.3420983159891198, 1.2259908516401494, 1.056970171043762, 4.512329247655707, 0.8012306192970645, 1.2602157715054405, 0.5915289527266469, 5.266874712593285, 0.9767394845324513, 0.24094405982348938, -3.504451187635779, 5.942898021719536, 0.7958498091213221, -0.7134160085161091, 3.7453962898664193, 2.513966804583922, -2.199727635763482, 0.6587675287076956, 0.9801656548022913, 0.8707240305446765, 0.909962931977181, 0.9974707448199358, 0.796886998477284, 0.9037794506506804, 5.582837078894259, 0.9861524261189692, 5.609685234198046, 1.2768895784468117, 2.4817388062436723, 3.5560867500607984, -0.19410888162431483, 1.8965933375722315, 1.192771256800774, 4.461230000830386, 1.5987431095453775, 2.4333509458592983, 2.1161128336050066, -0.0890823605556452, 5.3397939079481365, 3.2100887478894413, 3.007447430741523, -0.24504673307519356, 4.014444756318866, 0.9931001123731195, 1.1893099764916135, -0.7870268654718409, 2.3672198083861202, 4.983298973875416, 3.6368733251092302, 2.4238639157924, 1.1651599705981504, 3.0063844949296192, 1.165194942970179, 1.1265552804687116, 4.380550106652807, 0.8732113046398765, 0.7378491463810907, 4.442780686889034, 3.4448742653246374, 4.208952361534903, 1.544227978201889, 3.178420163580673, 1.3842421478001508, 2.146968587234162, 3.431280147968055, -0.5402989009369872, 2.8696880375492633, 5.180853367837534, 1.6643258247985648, 0.14657895306503627, 3.9428436681287007, 5.7117838453139305, 4.660506271373213, 3.0264755170122726, 2.6755259025786957, 3.554282480367811, 2.538631447470353, 4.185144307216577, 4.795445802474428, 4.921594385204125, 2.5400317929292777, 4.687052427822952, 1.4810239473676552, -1.955796985589867, 1.2281185457267334, 5.456304231373039, 1.165465472315422, 3.2420977650140372, 5.401887506457801, -0.1873221087380723, 2.533716717739942, 1.21794312601295, 2.440398356019252, 3.3653777562080087, -0.7718352970995739, 4.200997905299783, 2.6076264996855976, 0.21080459826227146, 0.8723133430194496, 4.713461593884698, 4.545370525266635, 2.6165894426933614, 1.2642381286660702, 3.163165614939704, 1.0049692088117312, 3.5145016655239703, 5.183979938669851, 0.6446717561152536, 1.881276606690721, 1.6679222788057682, 2.3569226494338533, 4.868234185021164, 3.2930245983921664, 0.8129261277487317, 5.273381657487706, 5.5759222435443085, 5.478816305972798, 3.9481078795290427, 4.450434377668785, 3.35822023613639, 1.0670568567697085, 0.23043301391075477, 3.522817351347133, 0.9312052922343965, 3.2853177337124277, 4.425077276359659, -0.8253651376606808, 1.1821955411083847, 2.648051102075628, 2.805845838630814, 0.6456734261640106, 1.1089583786452641, 3.2014371809625186, 0.934647779024645, 2.0584749208024973, 4.536246508629471, 4.577307445500258, 2.7692387606409765, 1.436576137265579, 1.9022968292509774, 3.1365438614528784, 0.05214288652808049, 5.843200146176114, 4.42917838559741, -2.1443699366982245, -0.07357653390036677, 1.5412400901957533, 3.2646689749394233, 3.175096190691067, 1.3539857736127068, 1.8534401517478372, 2.466639397174628, 4.639112577220621, 1.0204625132007044, 1.4568804893515317, 0.6614294441832058, 5.396211019665863, 2.1152271902208364, 5.627159699906806, 2.9859018998688382, 2.0191252625271443, 3.2192559332547614, 1.9177308465712173, 0.8129210299839735, 0.8911845222675187, 4.292854165369002, 1.2868259165876614, 1.7291434008409166, 3.067393659264603, 5.465029404524469, 2.37495685253989, 2.4590065049067995, 5.736324461699376, 0.7291106455012795, 0.9850070418341702, 1.3833174223035847, 4.646501013035257, 3.130957566895375, 3.948421061721437, 1.4978359760177762, 5.5217127144042975, 0.501886501230676, 1.1641994736755419, 1.3867987220639129, 2.317081129490293, 2.282527667605962, 2.6383296904805706, 2.023555757495844, 1.0331522977042475, 0.9183549544253701, 1.295082160821514, 2.4054908476624908, -1.7534413978255976, 5.192110331646366, 3.276661554138423, -0.0701915360671585, 1.1652359182262013, 1.8139229879281646, -1.2777781175683822, 5.178888637565966, 2.215449588055718, 2.7374044286329684, 5.328763386831576, 3.7409263299794464, 0.2847021811082291, 0.34568637122891005, 0.2799248884440525, 3.3206801374023347, 3.8129541869447343, 2.1334278274155976, 4.652817697191283, 1.1164828543402177, 1.6903210922470395, 2.779578260156835, 1.1708978632545264, 5.246417194769084, 4.932671260077569, 0.168778315038868, 0.06442335986837237, 3.8685870599675596, 3.457983955599276, 1.5917867512840016, 2.380616104485611, 3.654244085474518, 4.527752304513125, 3.4713581345595723, 2.4295702530811383, 5.189212673278814, 0.45546838676659834, 2.0902215346525193, 1.4784946359267404, 2.8069724827809583, -1.73766361916452, 3.6354715554491785, 0.9657970743567896, 5.485708573585647, 1.683509599844975, 0.26793720085634537, 1.1941544557692467, 0.7328229008141908, 4.7060338627226805, 0.3018832305330986, 1.995570642451353, 2.71437626156083, 2.2616919215784166, 0.2628669955896606, 0.7040295777542327, 4.740870704783865, 5.686969947882177, 0.5754387790555089, 3.796153673425206, 0.5093701387695537, 4.774818938949108, 1.1311213981729946, 3.1412427971647308, 2.8273038592921726, 2.151956805651427, 1.0054435784225004, 3.8992723507633293, 3.4128310221786995, 3.2350891787037024, 2.3419388546414797, 1.2238778923152427, 3.622485445131266, 3.2108328343282397, 4.196708423319225, 1.0327480860872018, 4.508081212784464, 3.901632814657835, 2.7749797839908132, 2.5199030135995235, 3.2535892763403096, 2.5545894591410505, 2.317059931633235, 1.759600694323593, 4.628542525490931, 3.135516448525297, 0.5540968010374044]}, {"header": {"parameterCategory": 2, "parameterNumber": 3, "lo1": 6.000198445256149, "la1": 58.999992894266676, "dx": 0.5, "dy": 0.25, "nx": 22, "ny": 24, "refTime": "2024-02-24T04:00:00.000Z"}, "data": [7.207483156693505, 9.458265202453381, -1.179833828950062, 3.5880098468863837, 7.020702913955704, 10.170449742534366, 7.834675709922951, 6.616796384438653, 3.127972083147225, 8.002546123019421, 10.705513552172777, 5.042887312468428, 5.638027292392272, 10.15361454886782, 5.666203224428477, 7.17572764055162, 9.533469165539922, 1.705635270908525, 10.391794348912835, 6.884107554668375, 8.351500482051561, 12.191542146443913, 8.526720597973899, 2.390715911405987, 0.28972891044923127, 10.961566611123526, 9.51381891683754, 3.2859307023313757, 5.833102975245988, 4.752250893911406, 6.974115984443816, 8.794053119857898, 4.201430261763387, 9.499989060107762, 5.582630289350432, -0.004566738620101748, 8.48707226700172, 6.366894752984794, 5.297937727320334, 6.326548181884622, 8.359986794624056, 10.192700175223198, 6.702307101783339, 10.830145925998341, 10.57026832483696, 4.5059933491293265, 7.225263848079715, 8.497921112290612, 7.275950946988136, 10.657802078786942, 8.184704846593194, 8.609455821266401, 9.699942222585053, 6.736737642524814, 9.714355576310252, 2.6087519330708653, 6.18400264848516, 3.823097614861334, 10.127777312144914, 10.080195719819994, 10.350349128149498, 3.2093055620761497, 4.488202984681501, 6.625026990246256, 11.285175117858415, 9.268712062012169, 9.08483696999919, 2.1678014322205406, 6.345362364188734, 5.689562555071284, 10.117537300444264, 5.661449151639699, 5.351626505826686, 8.457517457767965, 9.342624479640566, 7.021447220477801, 9.779322701110104, 11.00234557788142, 11.144200390606539, 6.206087590564619, 2.2731674960923227, 8.22577514608766, 5.603384059586299, 2.566492582466438, 9.397959460185438, 8.07916299904897, 5.540009729563353, 5.088984187715251, 7.611210650818232, 7.24458828079932, 9.488409524513148, 6.355770044146162, 8.379504544166666, 6.255631695395401, 8.572640098012807, 6.991765444084872, 5.867580112144565, 7.517934852812961, 7.388817404719165, 5.912156755153264, 3.242904603352713, 10.489969671456825, 8.153984181190465, 9.258133887003417, 7.939291729798433, 3.9985382713685667, 8.054218798427495, 9.817846348328478, 9.927125050695803, 5.332931676634053, 6.888824510870204, 9.395861731373643, 9.437529189100006, 7.4364624433724265, 7.21772308591453, 7.094243844788395, 4.422322908134197, 6.713608776314462, 7.54910587465555, 9.485561994422694, 7.331878616957723, 2.404337511688167, 3.4496958868386294, 9.23790006918959, 8.927376704547322, 8.808302399065344, 9.870154273049879, 5.492649876601686, 8.384805995559867, 13.051142161129828, 7.999149647576925, 8.234935282746937, 3.0763365116776833, 5.4449896986975155, 3.2634733796979893, 6.536054497731767, 4.299395207535477, 12.652929107244042, 9.71704910052168, 1.255130470552474, -2.0399584423117476, 1.6971968646091782, 6.074846001397764, 5.959384298284956, 7.3350663121764175, 11.46384210760944, 3.0318396425791625, -0.18515104505331703, 9.651754979190308, 3.0948563698785683, 10.310500730377631, 5.020079120761765, 8.495610609520693, 3.819505385180085, 10.42367649216179, 10.540685551576617, 5.105854939818998, 5.852608656553246, 8.523420857482742, 7.7916674512280615, 9.62400763880885, 3.3848222758762945, 2.034907874509812, 6.14580520980114, 6.6528433959006055, 4.008788024963579, 8.162296200205903, 4.95811203974394, 8.707980796580571, 2.1193217968922626, 7.389851487495968, 4.946874146907246, 10.837679869043905, 4.877642387587534, 4.552256242161017, 8.852157058104297, 3.5700995430051514, 7.608807117522217, 8.230996775103334, 8.242265915901502, 7.1835196763410405, 1.6351297753977183, 9.583926625593664, 1.6579222621583056, 8.158076414492283, 8.4595048267439, 9.105881209553592, 9.087044980408722, 6.119546162547364, 7.886137575882561, 6.589023642025448, 1.963145150362704, 2.561785894813598, 5.494492049318038, 5.79820246582521, 8.630814957554739, 8.238793473179408, 6.189337463683058, 10.634485804913574, 7.914899817288222, 4.53318335516488, 2.9696139689588588, 2.0756118746683567, 9.39534062209191, 5.7036464505727835, 7.715841631288295, 7.3354816929704425, 10.280070223091434, 5.582339593269116, 8.128334496713691, 9.218909014338001, 1.952297601968742, 9.657717844626585, 9.007796413475733, 7.68858819907157, 3.8870994588096863, 7.039475718316035, 8.461372645623007, 6.332790940379148, 9.053460512169922, 8.22266557631077, 10.15793328548916, 5.295747466558654, -0.22221037575829639, 10.127193892883753, 9.33951402198061, 6.372641998367403, 6.017355980683483, 0.5980187028675772, 8.338460005398133, 8.246085555234108, 6.527136912553182, 5.814735586570462, 1.0158797153920849, 7.285951169675678, 6.6728873489260945, 8.285952611593563, 9.73068263368598, 3.305364609520869, 2.5953784544004237, 6.1760013613779075, 8.600702576766684, 4.0430558998918125, 3.3911680258011945, 2.895984110796876, 9.442207295623422, 11.807096971841071, 9.261701488770914, 3.9329009204079752, 11.475883386788956, 2.8004694608242113, 8.69952973381658, 1.7709248169607241, 6.691934770589385, 7.844657328795075, 5.750963161133113, 9.267999378226225, 9.037918938710705, 3.5220292391252417, 6.858600997180126, -3.213519445268001, 8.920643317716651, 0.6989761431858789, 1.970286839818386, 8.550004323684, 11.79859553441318, -5.914245061049879, 1.8781501182910858, 9.541483381652297, 3.7665055587279577, 4.672375885702518, 3.2116845855208322, 7.709524351843922, 3.260080999039182, 9.625489730822933, 7.39214099394355, 6.614152537240615, 9.284683457597477, 9.484253516792931, 6.8394312675751285, 7.447816916192779, 4.10218998979531, 9.660347212090082, 9.539080655418685, 10.123608020112105, 7.387176363225612, 8.267166310820793, 2.491652523355137, 7.53834216684685, 5.887256404464956, 6.713455826297044, 2.156281584849409, 6.941474196747641, 1.5560304395037434, 6.723841429221377, 1.9903153152141677, 8.730774635868435, 7.426901522626567, 3.1052267683307275, 2.059923577863256, 9.647940826098642, 11.260008994565013, 1.251460765026384, 9.498938524378202, 6.169621651812563, 7.294269125028587, 4.889005731444404, 7.393700604447085, 7.846887815633302, 6.415992193749775, 1.8618634933093685, 6.245599772874964, 10.039073448712141, 2.7233183886831194, 5.201891425977545, 5.414816525946442, 11.521178070226032, 7.926428676752172, 9.416783834615766, 0.40111798181502994, 9.14826862647358, 8.831511539969501, 9.397448827301822, 10.144656477650594, 9.576049897113833, 11.314222979195057, 8.998672455412686, 8.495514326719652, 8.549723614545943, 7.3654109910881935, 8.882594512469453, 7.664442574036251, 4.293685471660962, -0.17653626424059843, 8.882429192362205, 9.747146239560314, 6.45377235070108, 7.6053350853605055, 7.535078451912929, 2.0646532697827067, 9.90576894669351, 8.628967803363008, 4.892035865684161, 10.398934231673273, 2.324896578122465, 10.550138713078013, 6.905183325322224, 10.439299303325571, 8.23847097461619, 6.816156938209759, 9.462569970163319, 12.39578358006656, 1.627072613562958, 9.029335812824387, 3.373013884118188, 7.498764095612741, 5.647693706771149, 3.318500911463031, 8.897321555543746, 7.262018981190966, 6.796825379741262, 8.85119309242182, 8.006034627291463, 3.027440191793489, 8.473512049575236, 6.482742465612, 9.466104989728253, 8.62384563752194, 11.79389390548109, 8.767662660375823, 5.5067037416435, 0.9965112651057841, 9.697504203682676, 4.937581972835575, 6.204370752201878, 10.133124586666016, 4.339825415253802, 8.69653022052966, 2.2425626819148574, 8.353385647577321, 6.924487431496951, 9.103863168912667, 5.555235328559364, 2.6248936401809653, 5.0170033021668905, 10.02567185110019, 8.67037690737276, 7.869447190265662, 6.812616470116903, 9.766902809036878, 9.987508479094464, 4.64787919418427, 10.317990802531602, 8.90202679657193, 0.6253077359197923, 4.087570209093117, 8.392359214726097, 7.876931470577385, 7.511389960518838, 9.400082694420393, 8.584452052685986, 8.564137372488837, 8.553543932943981, 8.765733172441806, 9.542591742198496, 7.671153329493542, 9.54099356353223, 5.387947148765196, 7.95369075563606, 6.330547792004953, 8.254075244985685, 5.23288013735729, 2.127576128930367, 6.4244692444203295, 4.309460537022754, 9.367310066881512, 3.7872037561235667, 2.0239946436188703, 9.314552741579394, 8.506347540106734, 9.810238429706471, 8.447810139493015, 8.016041506740303, 9.091061686895909, 6.5284231137600655, 7.668849103352532, 9.811343455355365, 6.955192098839446, 10.697670679733399, 1.5725721579010992, 10.623552146517897, 7.300483339948848, 6.588708482040637, 9.798126816345897, 9.28573801155388, 9.556255280741023, 10.978465209543616, 9.385377712665726, 7.895475979082613, 3.9815377774233838, 6.100714373963653, 7.555149821267487, 1.7586917100886703, 8.633050172211117, 6.727963853044278, 7.875567905792937, 8.440921581250045, 3.310079846036343, 6.457606763407289, 9.487255460642524, 8.73665881665948, 8.87081491018485, 8.871873361262205, 3.8318187523921146, 6.588486826432752, 0.355929458412383, 5.003597820045359, 10.974642368194239, 9.511597264649048, 7.748673594304924, 7.597710476257303, 7.032539511294377, 6.446524157412412, 9.237215156186162, 9.08301689922356, 6.428342424554, 7.192634441102151, 9.614388668522205, 8.079775031909714, 11.183605811770864, 3.6490343082769967, 4.211750437357695, 4.444162473723231, 9.027145171411837, 7.57035521949323, 10.80047498380436, 8.775049896659612, 6.779885165833421, 0.937079050256339, 6.281220217124374, 1.4458221490442074, 5.557568779130642, -3.2202493872062408, 8.818541440881265, 9.751216656414085, 9.258228901103514, 8.367611967951603, 8.947697946067173, 5.810569666833414, 8.489641157141333, 7.83586949791492, 9.275293468793194, 10.268524880490652, 8.11307202138405, 10.585877341245066, 7.957126618870496, 4.331170759073049, 8.239813617582293, 9.030424939061527, 7.504313007087197, 8.159629790387047, 6.202237433127076, 9.225554417721046, 2.5313680778603227, 3.677977643043938, 3.374578693451896, 8.765791159486518, 7.594264403584874, 11.7165858011012, 7.481864917314656, 8.487778517272462, 10.666948657551503, 3.861618612075687, 8.902646874122803, 8.436371102460992, 12.126293061011818, 8.16754731965263, 7.160710553891287, 6.323501566990123, 9.178864526634047, 8.02998469029288, 4.542625658913467, 9.27293145022782, 2.2779915978425422, 9.9119413486233, 8.176528409654082, 8.43427613377088, 1.661798418321855]}]