script/wind50m.json
{"header": {"parameterCategory": 2, "parameterNumber": 3, "lo1": 3.000054539987559, "la1": 64.9999836372058, "dx": 0.5, "dy": 0.25, "nx": 34, "ny": 52, "refTime": "2026-01-27T06:00:00.000Z"}, "data":
[rows 0 to 23 of 52, columns 0 to 33 of 34]
0.49455606448411343,1.2653503729119278,1.3903795193524058,0.16257745413275454,-0.7841053841689458,1.4147252929595662,0.6459191645603513,0.5463656331356326,0.0892195114927322,-0.22177780795756488,-0.26770255647377045,-0.012041565427796863,1.335605692870838,1.3075016648011304,1.8375521528868646,3.4784785945487404,4.418664066669466,2.2599880443908864,0.19881659121229373,0.01654880252587861,-2.3296950066900615,-0.22373991938671312,1.1714461678546204,-4.506079938732333,-1.7297642156884039,1.3835328838317629,-2.667463947174828,-3.601765513198247,-1.4573545334526352,-1.3709795065974284,-2.2553643965120735,-2.6276064713140768,-1.8768709884539463,-2.200943350548571
2.0479236322292653,0.8773465637560862,-0.35524647350672645,0.6307792257524817,-1.0662945705012308,-0.9345917859639652,0.027571923847150057,-0.23939179541183758,-1.0396093527249737,-1.146781156396078,-1.230451778671518,-0.9718603212891934,-0.5068500405392251,-0.4484343151962571,0.8982582702402561,1.6463433969181633,4.108894187982054,1.675197964309428,2.5534619130130367,-0.45860036174872326,-1.2264049602572888,-0.6078241249746024,-3.2903074169053763,-0.14678545884164698,0.26972407942424304,0.1638746477642394,-0.5193974962711013,0.3222085066677937,0.36380073231105625,-3.9284524814283723,-1.5689928065914605,-1.8248172722635516,-1.0084197729405928,-2.229692470235291
1.5511125967734707,1.8191302760812798,0.3177882289665412,0.26966667510108144,-0.01548850269680465,0.34119567489245406,-0.43484698960292145,-1.6079067324230307,-1.9413139186778412,-2.1972845329112562,-2.0579494181560474,-1.822684375584994,-1.7775951897263418,-1.254331393251681,-0.8801990945402125,0.6168254524649771,2.722175985594418,4.013139205493138,-3.2587970740094234,-0.33055954998521675,-1.2868980427056507,-0.915158915515168,-0.7223319464548257,0.11599975838027043,-1.5678639459136614,-1.0932521726685445,0.13570866720720298,-0.752692505825186,-0.6871525834905886,-1.5162149854732672,-3.180538298486913,-1.0940117337837354,-2.414322260367296,-2.253698265754715
0.46806125549083366,0.5667447699318565,-0.1385160008760792,-0.665149010986419,-0.9812125777063966,-1.5672559690306465,-2.3507273331807843,-2.056066691702086,-1.7443904192887008,-0.6776472411906707,-0.5419602017449707,-0.20202550207621953,0.12677401254096918,0.27524090224395453,0.9536892969350088,3.341531655637468,0.19508626323548178,-0.4749227798347398,0.10463288942775313,0.3008749952021187,1.7738662169243027,-1.378302530162487,-3.9004545669868276,0.6674056630974637,0.17228563994012075,-0.9484060727298324,-0.007141803599025775,-0.31581279316043215,-1.7862772558218738,-0.547849427709584,-1.4079858988961238,-1.5501537255925049,-3.636065692330232,-4.590930609003512
0.10836242950601352,-0.8879523624047981,-1.319729163967731,-1.6826326678807182,-2.6536372207322185,-2.916542291742407,-2.214566823636153,-1.233888520612004,-0.45813461147545276,-0.41652125931440714,-0.7465160067180742,-0.05235585452727176,1.1150654443452537,1.9339318401467143,1.5780503053382149,4.028119855656326,-0.39867769675384507,-2.426180585971934,-2.277605704524557,0.3453785488277983,-0.532405201365017,-0.1449216094012931,0.08107175406470005,-2.8405275203578957,-3.2990631023100154,-1.360579319577032,-0.5315574019184354,-0.42478238983649946,1.0349688872216063,-0.47821738545745346,-2.0800513555406956,-3.7280352401373893,-1.2910111387265975,-3.247844320733461
0.47644534857345494,-0.5743143523605733,-1.4875396622951278,-2.352228909447477,-3.192349911631721,-2.997666228561202,-2.1695358104313405,-1.980514051848038,-2.2119896478866603,-1.8516846985782112,-1.920479212376476,-1.3764628722544345,0.5899794675035742,3.03686727790236,-2.615702460312943,-0.5845007192338479,-3.6064674132419494,-0.2898182725684593,-0.2821000617596242,2.921329531762367,0.7737637650151483,0.644148896443294,-2.334395804590248,-3.4485782653842034,-0.2661397647968503,-1.2961037390116328,-0.8431688279094662,-1.9870115150271754,-1.3003187863387202,-2.4219172716538147,-2.5634429365200706,-2.798197518338339,-1.896917098445139,-2.8246509010260965
0.5394677773254053,-0.08928306364982642,-1.2978320536257923,-2.226749853521524,-2.8173390729039154,-2.6237192536386784,-2.156360829223296,-2.524494744200557,-2.3148385127580506,-2.2352380878837987,-1.383987658344456,1.0400014424865645,-0.8165085765724804,2.931939715063718,1.0958890550334923,-0.9766047898261341,0.12804515209909717,1.2129160938735766,-0.1289507979383509,0.49169699425861874,-0.36256060113949873,-0.4555036825862889,-1.2969278827927995,-2.844870323312536,-1.4721855762312415,-2.47273529339309,2.4081570756508968,-1.2893557205547466,-2.3250330009691416,-1.339034784017763,-1.8569867085790137,-1.0240054111587695,-2.7094154792257044,-1.8722868383701585
-0.3876437605153971,-0.7307265882747745,-0.8687196455479297,-1.385575277569997,-1.7920753943837189,-2.2607238476799396,-2.0604620423231395,-1.9787016238320696,-1.6600943206703083,-1.2866988375665425,-0.89660695887452,-0.5833336622472134,-0.29629179883485224,0.47101291170565457,0.728402600253603,-0.027452128682140295,-1.1812705058869857,1.0783475301637246,-0.5507135721709252,-0.05096347835005475,-1.2000983742437323,-0.02434334737920553,-1.1625303529441526,-1.1967281917668646,-0.9010048409937086,0.5491917453912563,1.6209147128734493,2.2082730915867583,-0.09121123216226305,-0.8554911974026106,-1.2239818614879971,-2.165685472917891,-2.1946788538542648,-1.5685726363725598
-0.5948090939152411,-1.093261260213755,-1.3055997813920377,-1.8170134215157037,-1.9996380642245506,-1.9959459130593622,-1.2722640258996645,-1.1730867179002569,0.8227546790151545,-0.48899552506128263,1.6552088203059743,-1.6695394168252495,0.07929394432103817,0.1948349213844921,0.4992640130826575,0.9281721357127541,3.5434598300497018,-0.9025827926658919,1.1843366411665357,-3.541068970337421,-3.107942824960638,-4.584577003180565,-0.5435610216185892,-3.2230065957059377,0.7946891584667162,2.6131213568089757,1.1104764359512276,0.13796461487842085,1.177797968524672,-0.1364935087261367,-1.5497594642198291,-0.6480051704139648,-1.2081051813274282,-0.7898434480705756
-1.1058041416834083,-1.5367852925759669,-1.9032207459242454,-1.8385194953006978,-1.7832319602022042,-1.589002639299963,-0.4109222288055463,-0.38272205244366075,1.4033947287695294,-1.2059309861358372,-1.8124177362635807,1.1021100633776992,-0.10116803702540082,2.400719938544089,6.943468809971473,1.6118641762664656,2.288249402858394,0.8607446528850812,0.5422641141692421,-4.699856183791107,-3.5006120160385508,-0.04281257450447875,0.9401969619645326,-2.571354864302528,-0.21509517867667757,1.7528826545160332,1.7661935041769805,2.318819874071,1.270287644283407,-0.2516916198333581,-1.342009506555274,0.17587995909008997,0.8382714741520485,0.69016316578766
-0.30849401178209657,-1.306497603631252,-1.946424815020761,-2.1996122234967617,-1.7028204477174749,-1.1374957021768188,0.3923410443589844,0.4457597713726711,-1.2604617147696093,-0.6588625815578288,1.2313729283967756,1.3692418416834944,1.8465826481194243,-0.4463697144218733,-1.4554107347785483,0.8934594038213963,0.07092392702344544,-0.05278403788972804,-3.5968681591203024,-1.8522535672797606,-1.6791201141433558,-1.661641130436691,-0.31197478159029446,-1.4785010517948811,1.92065254939711,-0.5390082163540715,-0.5823435181744656,1.8541784863839754,0.09763161282160289,-0.07943331759740513,0.9246904830233996,1.7395808207167498,1.7092719482284886,1.5087996791194034
-0.5110805547253908,-1.0926988183389397,-1.615744646510019,-2.0081483018022115,-2.3502453415263136,-0.8259865563859782,-2.2851968363154516,-0.33131471640779087,-1.9186932988641003,-2.371060565971079,-0.1606309298139554,0.273455857383076,-1.5487615625138282,0.02486649656442234,-3.496488470426003,1.9998176633026103,2.295869996246532,-4.233241152276592,1.890516802631625,-0.4626089090838135,2.7846941788529587,-3.206439791301065,0.11026032148375814,2.7126467293572203,4.998071875965376,1.6792602780346397,3.916475636728176,3.487724892256919,1.1303311048064233,1.0859249461280953,1.5135941435337033,2.040011667416877,1.754480655359716,1.2784396458194347
-0.41298167802674285,-0.7102889159923185,-1.1314419386319565,-2.426848506681957,-1.280638240396397,0.9951751468276896,-1.5851986915210803,-1.3649314485677846,-1.086727175238296,0.8062403839671082,0.04820166214402632,-1.1932900760241258,-0.8243753243880998,-0.04289455010439523,-0.9912436513395295,0.011438544495556003,3.0616509393638838,-0.66441925439133,2.255124607850329,0.4621176233073397,3.336529620810438,1.4841039606667816,1.9952723109795636,0.8590939411918788,3.693336398005468,1.9486191411976481,1.886613232294111,2.016174145089526,0.14371608263358898,1.1483052743164572,1.0993920375730413,1.9042084354400177,0.8072138149937546,-0.012244627934172173
0.30514372327171385,-0.32673556062046766,-1.2173265567982297,-0.9449858089651657,0.5019155861884727,0.145427536113681,-1.0951688109201527,-0.9786761565868812,0.5653733172635457,-0.24756839729295904,-0.08934633940743474,-0.6964349969662699,-0.2180033024517751,-0.20213309161957912,-0.8213786507373733,0.07850033149188707,2.775207694834682,-0.6660710777509211,2.3351083493309486,4.0668555140105,-0.8783242415092276,6.1525331481141805,2.743803241275285,5.504899085749243,3.6855612137998137,5.842027515429885,1.9398148928584285,2.48938981712567,0.002940816741814164,0.6914396261900648,0.3117486503502088,0.5292413457112259,0.23284730904544204,-2.4896108906236787
0.959611481812864,0.3569812739927396,0.5298260908529575,0.4974668282606544,-0.18951429874130213,0.12265598764918068,-1.3121777599771645,3.7487465389654075,0.12358063718723299,-0.5612577802561357,-1.7312569210369533,0.22141564552861442,-0.010220835530719813,0.5852414512445099,-0.6190810217847108,0.5661159968061791,1.272662589884417,1.734019661011106,4.224074001995419,1.2048391700471568,-1.1074031621070335,2.267701095617956,1.3628658390310096,3.0465159669889808,1.701014576092559,3.0388501745080263,1.6433122663240725,2.9865204718991776,0.7732531271204844,-0.5090086332862659,-2.038342229477008,-2.0315559429553876,-2.9504571744391894,-1.7166916036869273
0.7160800676595426,0.19583200663132294,1.285966139798829,2.183523146846143,-1.4274001928796738,0.31115004545293595,-0.35268216002854036,1.5490074969558743,-2.4619991620193806,-1.58538298077869,2.779695696873087,-0.7256311372674121,0.26798536554999336,0.861162505569468,-0.08754541708350097,1.5451620970529352,-0.7662333728126656,2.1134877855142236,2.0966916324480707,-0.8532835754084859,5.870316183093281,0.811928400891149,-0.4982723179897127,1.375738505919269,2.8021676281570294,2.160500438475867,3.0980627328611376,-1.0500172445045095,-0.5827402873363583,-2.440875360778175,-3.4426740706255807,-2.654418431923474,-1.0729216185987207,-1.4798962258647717
2.361612584333475,0.6168600258545336,0.6184491445861383,1.7680879275888586,-0.10593507710473016,1.092357080063293,1.9861739740514863,0.9221195275451387,-2.2626755315040468,3.8076657368584583,5.091521305895183,0.4087679933889105,0.48846862733560287,-1.8327632982607236,-0.564479414850164,0.6600304811838038,0.32628263398511403,0.7657416333612376,-0.0012928249884720958,-0.8014944520927365,0.404928035892868,2.308607095324398,1.0452331443634315,-0.3265756545659086,-0.19877481806926123,0.7414718534697529,0.6081792574974896,0.008351144000799896,-1.4012641914125785,-3.763166055001827,-4.30708258819084,-0.6029153727334128,-1.0160533663846756,0.25742959962005
3.16536793947875,1.7355593460176433,0.9965714451922214,1.236070160572034,1.041605905491398,3.1346437944882783,5.7058096879150435,0.7011455433182483,5.335732686233113,5.497451908170009,-1.6700067668110095,0.18431853024804734,-0.6373585549777542,-0.5462807847179754,0.5166595427388382,0.0741038480241872,-0.6315506654175468,-0.9234936355835112,0.3404212282117937,0.4145743735855944,0.8860799406884321,-2.300330635009315,0.14106996541468098,1.3952371894694653,-1.2856301315087912,-1.6118639967606931,-0.7784294923151968,-1.2006569044719113,-1.1953501144166652,-5.193538574983648,-0.5981876058000706,-0.30199482284986096,1.1037264971178582,0.5795450761012064
4.723123295247839,2.7931150250315624,1.09681299335818,0.8072377149638248,1.191725870620084,0.23709306828549198,2.097964771180302,-1.5068905710918712,3.3269968524271496,-2.005357753788643,0.6107482186079547,0.11025121567636045,0.9819556928350175,1.0737696204934066,-1.3866414475625097,-0.09216006596269377,-1.0228785856201235,-0.8096118123226089,-2.798239798811791,-1.7818357729585657,-2.9788409073136095,1.4729954104169518,-0.11486427317543539,-0.532694806426459,-1.646020526506595,-2.12875048626404,-2.304563502851373,-0.6928557875327193,-2.035541434156865,-3.015258413438777,-0.8818510118532329,1.7292564750511101,0.04834821322663689,-0.1363907788977439
4.616554506806068,4.327862399805694,2.376911760044053,0.43299597447960264,0.9255423845773586,-0.04080192288117771,-2.799633573906652,2.237750764653125,8.253932976524222,2.6555544568110423,2.2007269711029624,0.5351946992088833,-2.4187265497381505,0.7419158022351754,-0.7017232432991668,0.599531334632686,-1.5854253125576623,-1.9275594730763304,-4.3313617197749625,-0.914520654566694,-3.2842350948064274,-2.719685810554232,-3.2639457306522264,-2.3711158200091336,-1.524422905322273,-2.912578616478764,-2.2830572097849533,-2.2442164606711796,-2.1310120935828,-2.5402821141545258,-0.7408483417018485,-0.24328723477432715,0.011067005040334303,-1.188794779226032
5.370107511713858,4.104975822878401,3.705850643261589,0.8989881692720175,0.7858835827692939,-1.0157241863757178,-1.4917245955077285,-1.6792391523987396,3.1143405360286933,1.1477492385878494,0.9172421907388065,-0.16144524109201663,-1.6771706249667313,-0.31455899143007293,-0.2599780747008905,-2.029680305812968,-3.2896815867229314,-0.8612228640361194,-4.302931014197731,-1.9432424388168246,-3.5310937192964285,-3.2028265992622904,-3.1852332285975526,-2.138155909212111,-2.447988019385521,-2.0747117121275775,-1.974013104940975,-2.09970262259761,-2.482634286758043,-2.5910101667484176,-2.3310997445311403,-1.0366049021669512,-2.250006277117397,-2.754480311828162
7.809511682488757,5.756761094424116,3.0648378154283655,1.9440631589107236,0.9776844939305149,0.4689848336280219,0.03131565909470041,-2.2055802891797844,-2.487652904985632,-0.4536423440843947,-2.317467405543681,0.0780786619485582,1.5878580765302386,-2.875534153109681,0.39459991856886,-3.8049688369226597,-4.253522704211888,-2.2906036869285407,-3.4214853830565035,-3.019915217016983,-4.129507672425514,-3.7881948285680953,-3.0541837762017923,-2.0245662900996297,-1.6815962661314428,-1.8094934235875595,-2.4097599373711787,-3.1503852295494683,-3.298638951841202,-1.8460303779081495,-0.6537943225703524,-0.2821671116936187,-1.5593692820904075,-2.7221450534146263
8.99181172148507,8.998069937342663,4.948722939400022,2.273376930716506,0.7115248663715931,1.0799453519582467,1.4977122882053644,-5.3444325211195745,-1.827810930005648,0.6109142196630841,-0.6515714278128365,0.07266666701881162,-4.2698364948251655,-3.0067916993827906,-4.40608856165243,-4.444336459265774,-3.9718412704306405,-2.7026476661544336,-2.747559156326359,-2.4970776170095466,-2.913994605165252,-4.1396661194465825,-3.731609723844533,-1.3459377515772297,-1.3248317181382505,-2.7718844363027575,-3.5458516497519614,-3.6124460080984497,-2.6770298497360705,-2.5638257742599553,-3.548221374500775,-3.1221154442324437,-3.393304342021021,-2.8796290868154606
9.109015231463074,9.652096693655432,9.370103385009267,4.849705341044496,2.3672230230457565,-0.6526712600413115,-0.5805244257387793,0.8465543879436436,-2.4485591700058773,-1.4870651713456928,-4.693765946207343,-1.2532320470820841,-1.371180856226621,-4.982600603634261,-4.848233613420855,-6.265622947217129,-4.37310859914528,-3.0930650688670136,-2.2019632707667607,-2.4448682428125457,-3.2263764578239607,-4.099411453574265,-3.0230274807327704,-2.002354452775264,-4.4467665418059905,-3.4027299281860888,-4.040256353872868,-3.3991700745476843,-3.1979404016399426,-4.093190146653689,-4.835336968797462,-3.6721831036240506,-4.411990983904988,-3.8009956854998532
