script/wind250m.json
{"header": {"parameterCategory": 2, "parameterNumber": 3, "lo1": 6.000198445256149, "la1": 58.999992894266676, "dx": 0.5, "dy": 0.25, "nx": 22, "ny": 24, "refTime": "2024-02-23T00:00:00.000Z"}, "data":
[rows 0 to 23 of 24, columns 0 to 21 of 22]
21.419968786485786,15.02570381231464,12.30334332308526,17.53881056822757,19.886599274570106,8.284230924185705,18.133295379052612,8.493004125688982,21.2872664711806,13.680957906747606,12.97348944167503,15.231742704352973,11.724260590938286,12.510684003035784,1.769867806033888,18.55347338220826,17.213902547517925,12.509204953957342,14.000635548407095,18.206048319501946,24.429911826581986,6.393699540022556
1.8255372353643693,11.783389850660994,13.620955139989766,6.926594466759404,6.3773488692635665,16.83521009405753,18.14017325323836,17.08504084414008,23.422703202698234,7.146346136582848,14.550706438685785,6.578809244672974,15.653904061248516,11.850518878254205,7.3681641284659065,10.168411250944228,14.317438407048778,17.888678309632052,16.330384099092736,19.115308123408326,4.6925259718944154,8.185544468354339
0.07259815519422196,18.06610201025876,7.630536482870371,17.42958762155932,21.3600294301628,5.713455406711741,4.467914850546856,2.5392040824664592,19.639520525215907,16.63518620741167,6.1469444556112665,15.27753417213954,8.190974421421434,18.353798112124593,18.53567563327452,8.215867077296043,6.589885641754776,20.132296702908633,14.428826055197135,12.735846337863787,13.771562139805472,18.501345187530802
19.875660919921323,15.84182448472816,12.353587254442834,13.28284077034324,4.424182747364388,19.878995678132053,12.083689604432404,20.844002023763316,24.015298647314985,-10.017879400535572,13.197453963183735,12.142068736251845,6.723946936267322,9.26248678224803,16.491953020289095,0.555765521623831,12.723083729810117,22.038017880860487,7.485035244402873,18.36483247804182,12.589884478504114,8.977718921487007
16.703374566496215,14.874391727733686,8.963307941115547,17.905925644756834,8.463575425901132,10.344451274269769,-8.50610924620672,7.817553966745781,13.296192735514069,10.989367292582383,16.376516404856527,18.74814572259134,16.204457088594697,5.917000181984429,7.071215651251588,23.501809735599345,-6.054689496174062,15.602794439637819,-9.2027390005398,14.290666211758777,5.749356711731043,14.649468864944607
13.351143226111212,18.116511654315634,5.390170039499687,16.55049002855798,11.570103432258557,14.839320298458956,14.880244192012649,15.111740726088318,7.792195445244131,23.757932566438583,19.422924726001014,18.75930275413278,21.81451108893444,7.846234406797576,7.377751028730819,10.01555719327591,8.885674384798355,15.092045269959685,18.926529540663427,10.019264569080509,15.390914249655838,7.058898098618794
18.033754942506636,16.462542802203416,21.662291710189816,13.569858724891521,22.260707539416813,12.77294472434679,15.013180502290249,12.11794903780593,11.39411554920086,10.856249490916102,9.38116890272072,11.593073599830195,11.337635757964195,13.468586635263742,15.16039697698647,15.619842760487687,8.834345884250085,15.57949914055208,14.009972706758061,15.954173139596042,19.572282998862295,20.09333378852104
14.507275100755539,9.827803076694583,15.893983858284734,17.956233587202586,16.622308582375453,15.056436172785697,8.003617400380438,16.918437163372936,16.719818337180843,15.365313226766888,12.323762971227145,16.380010360157915,22.326024432320903,14.383545351979796,11.03947069784172,17.670872863924476,18.399951626115843,14.970955262005768,7.545178637793131,16.179860658814317,15.98492481697714,9.197332553560924
21.625743254399467,18.35903652871072,19.71298771639492,13.032048392668214,6.679488112984739,11.48745215421352,14.053024782811354,20.831482735794165,14.751894019277591,12.06641108548245,14.755848936750718,19.87743269520441,18.650567374253853,20.676612700652207,14.392234686537604,19.04154184649671,16.547156109388702,18.012284664874525,13.22195080936084,14.175666511365558,19.57991415963652,15.620477221676515
14.703967253020322,24.415698898720777,2.599389032430372,19.733947856729543,16.4101890948961,12.74145954778943,16.317276787874857,3.975617577434333,7.9797621873570534,5.119941707580695,9.459195171145304,15.909655926479982,14.499818927969141,16.611105184024435,19.466137997050478,20.485308638799214,9.163677682238022,20.295682073301137,7.95449299774439,7.53934886612691,15.384660803322623,6.766727683531439
7.1746955619312756,13.293579725593897,21.69187997251557,11.841453533381394,5.15590811105149,15.691821407635924,8.001639001361315,11.44747297484024,14.587944121467954,8.101841936508082,20.334375759304734,11.507774258726997,12.145770418734127,16.206715798553592,12.284983629558411,8.404930233018904,19.092754093334957,7.817629376530645,16.830676365751657,21.51696439356493,18.39988997425435,-9.1987100475045
19.755962680755967,16.52286104462238,17.803765614871853,14.491412286889695,9.567542380795318,20.160688564248066,19.277057277317653,12.465202523084113,19.26599968135243,15.94094974435336,16.028259935520424,5.920265200657996,6.601917906392646,16.53312980157971,18.87341376012548,7.763725746065964,20.111311513990056,5.260161301660249,11.747999234446167,8.214212734686829,12.968611846714763,15.903966458799776
7.667167137586447,11.826104348541149,13.389292210893233,14.849744804519801,6.842890065443516,17.287738037014947,14.131266651838612,18.87178975536652,24.56117206738401,19.7168406156011,6.376466049735266,24.9012246763173,13.602378179977569,24.16914761185385,5.998207769937821,13.167445646481418,25.623943851341963,15.783371384356858,24.254425906247615,16.127067109954,8.133129809890262,16.941580898355078
19.39285668618394,16.87632787155038,10.433196274878735,13.151206219445974,20.043890423155936,16.494685533432104,14.065120191043842,17.717701645756733,16.67170444326492,16.027674716790578,8.414929135883062,7.153158043133725,16.56299987911043,22.148046044037187,17.520727146531286,8.654843733291584,17.50096593036049,6.793994217302644,12.993826041514112,24.9183353595798,14.191321927230172,8.157121457579196
7.112648197582811,6.35010837093982,18.408950180116356,3.966912909232107,6.753401176873529,13.764372596707133,17.433998545202467,21.34515546764785,12.518293623506832,10.308159394143047,21.632826054026722,14.940918069926095,13.691818911230367,10.338737898167043,7.406683835471532,11.997564594704064,22.71133896072139,7.541322345258934,7.513169533105541,12.771217631186447,11.51731623857636,6.3978207052529985
22.273488192927573,11.348977217475323,17.406626968066952,11.643981099858998,22.10091964940621,7.7850479156874535,4.856302125447771,17.869918612145405,7.327979181664685,15.683463397689538,18.632439758731433,16.574739941345246,16.566119380245823,4.910917671778552,17.305673355450068,9.230215518226547,8.941649744702755,20.37207826886778,8.604570316240865,17.795355366968153,17.16050957275525,14.595427330577017
17.005213108405453,14.38695058053099,18.557484433901912,13.380644475812726,7.084061760502905,20.15610197455989,-1.4228989929079519,16.285030521701007,21.091122017547754,7.531153933210715,2.7181846427084446,16.05421146355482,15.490681850790043,6.963633784454358,7.7637493815570675,9.089676543231374,8.999347044929925,8.126707923625037,16.857882656201934,14.462089249296753,10.382895751404453,16.87557107440819
17.270036834225934,13.008841225962383,13.465016609951707,11.591698525260503,13.347368122523108,6.705456612955661,17.635136727422406,19.54451403275786,14.048940511092068,22.063442324534574,14.499888997112203,9.491220892060175,13.534467457494202,2.594618036682881,18.049269262551384,22.118444665428648,21.600797148000645,14.733416232976474,9.633628362606672,10.798703575083556,12.26818518222165,13.966848307455628
6.651504246620824,18.669168528978897,5.870921655951924,21.41107012120913,-5.831822014366851,23.183873754206278,12.718091790852865,6.961354907869938,5.464159468381227,19.30421811528166,2.8095272203557413,15.57317427565882,7.412479787088405,15.406942429069753,19.90549450457277,19.59431769353774,16.531589364413893,18.979122328631984,17.17459395106601,6.983891966747549,20.033933128744046,17.408204471204776
17.354305439264092,11.092842140811829,16.47671982736527,21.49996109239801,14.581801041936066,24.407556866741608,18.453395855791133,12.401620933549706,10.663024385861199,7.67208116187386,14.523763852645596,17.62306108948918,11.9572303595611,18.627819291297133,3.35894072162808,24.970105800229586,13.605977693825926,20.346856923266806,8.752607525141519,19.204331486489608,-8.128533073798119,20.238926388701394
19.161816867009115,16.291797103456055,12.765597313403779,7.326406021227472,6.915377337886998,19.459091880317896,18.228674785955505,15.847698035530305,12.79467556727558,15.723858942918731,14.978909804824585,8.424864756891086,12.269993368504329,10.889968866151175,18.44783252805117,14.979583919794479,20.69147678628784,7.282743262413594,1.8785927004211491,15.221408600032726,8.39742336432197,14.468480920290427
7.469401100478257,8.41694754644679,24.97834864127181,7.707849557568909,6.380959746406469,16.408519284019615,13.949339619981057,13.670014427340934,12.005548639973865,14.183504652569185,21.893082326182977,20.75370993712499,1.1555387619010122,13.078207677919753,21.035178934223627,9.927873649233797,14.254250790782065,15.483604570969932,17.31588278621058,19.26580026484077,14.34936190630884,8.663157860511635
14.61128746640954,13.538265003668512,18.540056620546093,5.9969060700459105,19.552282753233197,6.452078229184745,5.825632027840183,8.116251536139123,13.38225179769957,23.331233564320822,5.877251363975923,17.83043197686504,16.102642075873216,7.339798285917656,14.773157931764544,23.68649761897125,16.19586345162797,16.687128506207067,5.0887639291414315,20.174640855786393,12.977627082725308,19.453019989808016
-7.578398112103186,-6.26565007670105,9.669666987587014,14.436608489444103,3.9500142149018953,3.8361225576876583,15.54571373458768,4.739562780822763,13.653086028716986,10.762125997335069,6.666532625558017,7.981467850093402,8.628159994942475,14.561501621057477,15.855668963263344,18.202587260113056,13.686216580952047,12.878786588533107,21.869905366938546,9.308228468974374,14.30086973131944,14.992141555534035
