script/wind250m.json
{"header": {"parameterCategory": 2, "parameterNumber": 3, "lo1": 3.000054539987559, "la1": 64.9999836372058, "dx": 0.5, "dy": 0.25, "nx": 34, "ny": 52, "refTime": "2026-02-01T14:00:00.000Z"}, "data":
[rows 0 to 24 of 52, columns 0 to 33 of 34]
5.524406452577825,5.442277928630159,5.2473550747387,5.15352150950885,4.724665174986763,3.782115429814682,3.084006377562598,3.6699398399468346,4.561148815182938,4.464950839095986,4.911144578361334,7.30748347138205,7.80972789992464,7.301695367285906,7.082023982305152,8.266225849317557,8.859764342026184,7.256725627827373,8.245056922377579,6.973096138822078,6.665871269643909,3.4886979607783504,5.190087365086556,8.936271190917637,8.972995646658907,4.983122830659757,8.773539306761965,10.027331705183718,8.70228868894771,8.384915085261754,9.928813139281234,10.398142900817634,10.350528010784112,8.884888142194193
6.3682311790315245,5.500758561579969,5.674419775640766,5.148423745901583,4.802117397068533,3.55827954817626,3.53041882691396,3.7446551913012818,3.5122324297840533,3.926421900933593,4.441658734692401,5.85786312586386,6.545393205719466,5.823637970918264,5.366591745313049,6.070187172072504,7.163999392715469,5.728603171343077,7.212082565220374,5.744503020859741,6.741067566164081,6.198685385999292,5.88754649445645,8.10435675475717,4.81352230479387,6.000486210918741,8.645303387851705,7.674103078844456,9.638230149633472,11.891203912626944,9.60563883850893,10.433347276225811,9.447816411603569,11.051807458477201
7.369132224277008,6.763544629527322,6.049518519962098,5.055865005754921,4.172876667916589,4.165389221950803,3.8195611946623087,3.357357767390461,3.040858319361257,3.5091265132942846,4.799186338034513,5.268057440937085,5.754888383480161,4.878634723589552,4.455562758774531,3.9732339789350246,8.64092393661043,7.691889319717928,1.3572665242237993,7.333320513529889,6.845333989871724,8.320592358813611,5.36030084957049,8.628404904970234,8.692974832052737,7.158565087899758,8.755610624498022,11.198875317225042,9.59389292009051,10.588332069353072,10.316422892436977,9.67195516483333,9.445210093315946,10.242220186561108
7.759042299960081,6.833049096729722,5.803228585305353,5.022296925918548,4.0016555445572175,3.556475760045602,2.972667141603628,2.5979956771556236,3.3306888724120776,3.338502311018979,3.876419891719136,3.6518634207626692,4.955696949408498,4.116735104374887,3.81245732871523,6.746976062846284,5.217887479248798,8.964131386345938,8.881508096776122,8.622400483695792,12.824902038671366,9.596106115652393,11.591832119490906,10.795279043594832,6.5056276607895684,7.809512305927859,10.903237962199025,10.510106105493307,9.546570677282391,8.120714491217717,6.996946723249442,10.639943698559641,9.467223917478279,8.908879793639715
7.846493670551127,6.895292263328306,5.285752647246603,4.442423794873359,3.459582410440016,2.6235294081356826,1.6128786960906105,2.793796335785877,2.5675088661798444,2.637979573199325,2.1651905818167663,2.3351327053675783,4.652711219506403,4.003716979787099,6.273796566687743,6.83855726357069,6.83625320794466,5.547677971638732,9.737482839223452,10.587474756602298,12.741371245029908,11.798020651536525,6.545027478966854,9.408995057814995,7.81617847976289,8.601523297142322,8.687540943521169,9.021254669561829,9.00172521013438,8.915221728308591,7.663273633971322,9.895571759744604,9.21543466839345,7.803830459612176
7.809222771996758,6.528195801723294,5.5109867134694905,4.0988405215560695,2.6519127084766363,1.9985967021006201,1.646222433566338,2.095050453935136,1.8424181727506441,1.4604031792734087,2.322226300770108,2.110823866478714,1.6322875407842135,5.806403308440974,3.486753163234036,6.6735232305333145,5.371228680214373,3.335672970697239,10.258002013046973,9.584258275866182,6.893960265345014,8.361781679500618,11.631972884675905,8.314116166676568,7.563113467565225,8.222449702507044,7.91606728082189,8.637073401301413,8.20883600871247,8.32025162300311,9.321963332459614,8.322053454007325,8.313784324808234,6.671797156943321
7.747161597151959,6.765387207399943,5.832873096255623,4.493905496826582,2.3765318700623013,1.2944876328749553,1.609374304160201,0.7336715600645549,0.5259136339903876,1.936298220374864,1.1010744038757392,1.671133634949264,1.1121975863128286,1.9268563650506683,5.188917974330478,5.147986467381285,6.444845229156412,9.383435491591372,13.553724257483521,7.916033812869919,6.115727243990538,7.881557019684432,9.879408797010857,9.271182022591251,9.973391684336185,8.699089668873128,10.153975245631283,8.457050454855501,9.350256489748036,9.377736890982138,7.982727692701792,8.911247704554919,7.100252023617462,4.744329161777966
7.906440075167609,6.66820558674328,5.636374782472779,3.8094059251166814,1.4892308031761694,1.0621042715364521,0.6914964601671896,0.5821230742202768,-0.15872129194736917,1.2974012001999793,0.4080429271395148,4.227421370576625,0.8970928979086003,0.49379411350755054,7.274482931336829,15.8886430396956,6.073539210561634,12.373146431083494,18.026666382295794,12.616001084978322,8.257174827847162,9.527842579453976,9.810723287219812,11.36008053579507,8.611793829337731,7.987934930104803,8.217885058796664,9.911275996830744,8.241251121243895,7.359173174877014,11.150620804158681,7.6166663762834785,5.341405171120822,6.756504584947193
7.732638401473607,6.677108227878607,5.863712959536886,2.9786834792575103,0.6050925648076196,0.09190807351420724,0.03558645498473581,0.7174319145515431,0.43218971006666007,-0.49630805130603367,3.8851848532913196,0.7168647964467207,0.8455564320819483,0.39199802350166507,3.7467619599750055,4.183107108668235,12.582516472729234,19.844858874627263,11.634084582116385,12.6462824835155,20.141807957901097,13.88267689769476,10.258377510390792,8.812469259139055,8.75284451553576,10.039274930203232,8.910928430536014,6.525031804474222,8.05382348431929,8.939142115382309,8.193603925733393,5.700767428736946,6.803846012232521,6.634108886404082
7.355289791236017,6.848454015756986,5.956778186107144,3.1155005877778996,0.9790381989720003,-0.5324924534237729,-0.14282293253615433,0.9889488237418614,1.235137723763743,-1.0985459698804543,3.50543325750903,10.880642151818472,3.090527052752686,4.347220098373688,13.643856993880304,16.584570540144565,12.799529017910649,12.48706462352511,9.092651960396005,9.313842468805293,11.893460577099528,8.31604394340468,7.591115833314613,9.608094001622945,7.605412039054265,9.928652641118266,8.16357756073339,8.642937816676048,10.752745292660617,9.85579463531276,6.7766626177825415,7.052959868564558,7.948561022355705,12.9894172113777
7.608522374769201,6.1211956876289415,6.121920538343876,3.2476714453011692,-0.3284900148253798,0.019813927064864165,-0.12557028750417712,-0.571300337146583,1.2130883146804516,-0.8703559566030363,4.991323420730307,13.55825936664383,1.284893985195587,7.135555374124279,12.594599857244503,11.963978025529961,10.347033470068551,9.859710010439066,10.493393253184948,7.496539919200721,7.218194567448366,7.028438777670771,10.35751430973753,7.088008667263515,10.07561616680261,6.591525620524364,7.552225163260812,8.717714137696072,8.380560653937042,7.341699192732971,8.34240702782878,6.3785778904026476,9.882689293400375,12.56358223133507
7.660526020742998,6.026121061553962,5.546126246265982,3.3076795823257705,-0.5509044383196564,-0.15207588122476237,0.07956638885816483,1.701326498543154,0.543971693342487,0.015762683810062603,2.1361390550915247,6.523664741883135,9.069108334737468,5.27476075494627,7.902881788111187,8.633185295959455,14.567912978574071,13.898017789869542,12.6301028752694,11.07905081007576,10.551168061964265,8.393436885781243,7.5557341378967555,10.142190504896725,7.824130691166535,7.345207333571451,9.58333133203285,10.153272012561027,8.249335371317812,7.070638915327779,7.6853721150276355,9.725980784269334,12.30958413766033,11.49635049479486
8.195559403267671,5.612696744844033,6.0267412995554706,5.648174716124781,-1.394533826798466,0.6981549191251732,2.1362156313163942,-0.21010365011217544,4.253407477634452,3.9008974792254576,2.468255477929157,7.4568867918575705,11.474840842473425,15.959383137840378,15.380830873241333,19.6862652525759,9.763537512990569,7.479872898370774,7.223215742523681,6.455381952144622,8.74001406811043,9.295098418937142,7.756884404230444,6.87323835052161,8.92127578581185,9.109024640135981,8.559528899891182,9.042495077040433,6.499990447089768,7.901779152841315,10.095691052493628,10.585493404243781,11.931572535859146,10.995656184196694
8.594008908899713,4.865962670842722,5.040124038783041,3.6191173986612863,1.0666080811083198,0.9165877836558137,3.703503134277139,-1.2551595707103156,7.849712712966688,9.424066042708809,7.993238123780303,9.193545366586886,7.296429930680976,4.415521620314459,8.979222707401282,6.305819398881409,9.663573031579723,6.556878517415678,10.026840468897776,6.281803545722002,5.696472653586937,10.025404862098771,8.010833147598133,8.908424599694703,9.452970783605961,9.721359120555737,7.707498978228208,6.608018354544844,7.154994227026418,7.195360793899279,10.060657256836574,11.984969455229884,10.953477414920297,10.507510453712547
9.566794375517441,4.780916476265667,4.27865476962212,3.3389179073503317,1.2703718309950403,4.768252555047219,0.08717632752973511,10.195570401493422,2.990440733337062,0.7918410583926802,5.590902050853496,2.344437801568731,9.91880264506977,10.373239292364097,8.0681075680855,7.312282576487854,7.5138349591833835,6.615447202413508,6.047733146480321,7.716600664280771,7.321513508569603,6.887246642761709,8.110936405413128,8.027609802196222,8.496017619822451,10.436161913715463,7.6724111277638345,7.809907882755761,6.451561084087963,8.888602761057008,10.16616157456526,11.214489687554586,9.976432793821793,9.681013089001912
10.566363021738676,5.195808554749759,4.3995115634107576,3.541877498215342,1.5262859147504584,2.694755296340121,5.242856414972267,4.662636995566835,-1.0552536038981062,-0.20760525938916796,6.929194340558999,8.654674183054338,5.274339263387117,6.080124658184971,3.752307352448332,6.0728565443814295,6.6554137309477355,4.759836488326765,5.519713994104038,5.422113016977433,9.060997728842501,9.4885421916227,3.1799160394047217,7.101302834411625,7.48129146194692,7.469643174782979,7.548289621240618,5.518413234897868,5.909177249134558,8.788500089982481,9.768490070097078,10.275989583673152,9.19675348790889,8.994782204823315
10.94142828613252,6.502197759927185,4.350807055095457,2.9803404993171934,2.0774192148536974,4.97338149061276,7.102978856760596,7.259376333478665,7.964745710153892,15.520811914797306,12.508348513331963,8.94249622318012,2.2413722467080444,3.769177148137378,2.8662698573538417,3.6126351650982627,4.524945746571813,4.232567006375791,4.765719172394093,5.348237314020873,5.153052279936831,6.231381098469503,7.150139354194736,4.597309081274066,7.192982989815269,6.88812681250921,7.33236792787703,6.166517644648918,6.342794839682882,7.95472867574956,9.201724107026605,10.02560147781168,8.819492476594787,8.422960078060811
10.853015482623531,9.407028423494443,4.235812775359721,2.6162465632105705,2.4565454277018617,1.7037065167923253,7.139761283981638,1.21463389346714,13.750477534370681,12.71238199543969,3.7593329553237123,3.1620831977191792,3.089496558488154,3.0985225903878066,4.25696364802364,2.1475506865906007,3.1926666837557227,3.6200781323553564,4.689243465127271,4.776368481255605,6.8473314461381145,5.083064032075923,6.383796252703383,6.707649724096954,6.074097251526403,6.258348018319191,4.434526101220277,5.406719248109862,5.977041225661961,6.891252932966652,8.540268902329723,9.698558901069738,8.476517086711054,7.112106276348305
10.098681806708097,10.665780174767269,6.219099973930894,2.5102521019472572,0.3382333280843438,0.3279113590936732,3.2106186127840486,2.6265247971440817,4.763258644004662,3.248273252262969,0.8405010989749415,3.1449654260045823,5.160394610555408,5.664574981862899,4.181674124303954,2.9215672762267633,3.500166537095492,3.4297669717962336,3.59019853200113,4.847630574597092,5.105457799718406,6.547161406294857,5.49064639161304,5.553099987383524,5.222541529309123,5.2853418979957025,6.010554322208779,4.9267212370123765,5.7443137520984715,5.392841419470374,6.072296165466804,8.630614451160659,8.63204027758086,6.3210630622035495
11.172129363011614,9.172261297445024,8.945452320577095,4.3350037095339955,2.4315795804507214,0.31130706118640905,-5.038744327169773,8.526235767640557,14.574813776345556,7.95021098048379,7.491311438550833,7.843547100963621,3.570584306633388,6.092255737787413,2.2938576554913315,5.303475568471642,1.0581300923240489,2.6690684695026525,2.6834688549887877,3.3441917845369433,3.370194124007314,4.387461292965253,6.446330421109686,6.247935846141097,5.481541336948925,5.0510005628414225,5.149563719630533,5.144401400141841,5.242184191509897,5.022802060498507,5.336247677564213,6.549027233765512,8.25389894731072,4.881342122402256
13.313263894614177,9.337239629863788,8.315683281633943,7.242273430677672,3.242866788360936,3.363709780012275,-1.500919601358023,1.4038995952037936,15.002319856472305,8.527061348033296,9.54780638181559,4.4445900240872875,3.2899356263060726,0.8043732140995085,-0.10257117804886018,1.017009469417261,0.8952372484650869,3.4957713459277455,3.272909996639056,3.5528881897504543,4.207201907017266,4.075545370718424,5.413475045473751,5.200417164606158,5.463979112734553,4.96784353665352,3.997581626940997,4.915161350003182,4.670421858662277,5.7793068115305815,5.2173103232706675,5.4518446754599275,7.549365162668691,6.369518685539441
13.57005964283832,12.342608646928493,8.228638473676776,7.08925829357074,5.894640101274117,4.230890643126604,-0.582595841043419,3.2884154649977626,6.260505655902144,4.377532199228394,4.538409994462196,3.716505233762911,2.358473512677855,0.9092641289526724,-0.3372555346232256,0.383615937124876,2.911628013254204,2.7668510150132772,2.682070375374832,3.4193952444314504,3.4306337211155067,4.945311882179783,4.5320967733638495,4.1176642781739465,4.994852949759076,3.910394602148255,3.9949812920138967,4.53704889648604,4.693804062000661,4.61887318314704,4.660857476842452,5.1977298622458825,5.907812710179017,5.927795717309292
14.04856458195618,12.288451200503111,11.847750523707942,7.786919005305596,6.34575715149333,4.735234088549542,7.1852268826485375,0.5947820203607973,5.440662270193844,7.942588280197756,3.0446150586085916,3.917163528957697,1.915528218611714,1.814919603677154,1.0729285448782424,1.407647344843857,3.0757097459484473,3.551522759312074,3.950176379926173,2.277421941647484,3.6251154038550273,3.526692355525478,3.8785289281710726,4.186856216183642,3.6565491404970403,3.966295214737294,3.560455458036539,3.8267210404717744,3.984620481717032,4.32881693789587,4.437193171380537,4.803528671865627,5.905790940444321,5.593137254008433
14.892732390212462,13.540773848835554,11.445310532973252,10.641090001541118,8.343256877776351,2.771587896677347,2.4463382265149787,9.640237210506333,5.228172529413291,2.797439097742094,0.43365768955124456,0.5317877562601826,0.720470467127962,-0.6465834008160078,0.2825085325860884,2.4059872716355324,2.3981109947293335,3.087425867243523,3.2223747700664775,3.6682422077872934,4.15720026442849,3.833403280263788,3.205678367446259,3.875854551899767,2.774793483681111,3.1698296563905117,4.499699454268298,4.498959290968355,3.9857467144148155,4.364334746126386,4.695800219367854,4.955144815359872,5.514581957507583,5.5570630633312055
15.138106176423836,15.039143959505816,12.953227454366193,10.501133148411126,8.94496450367496,6.186917540187722,6.718027473359196,15.202379371402898,4.441072932117675,1.9530307029395677,1.4293006891144833,0.27413613821590077,0.2290539753873862,1.3897395493638909,1.7856009046663892,2.439726750392171,1.610582010173864,2.7791321684828296,2.836428851266685,2.8861783898513584,2.6969799159750036,4.004214648828057,3.3117655284171827,3.557487237092732,3.8721085943594025,4.600601430203601,3.9699755623912636,4.961809088174457,4.625289561454753,5.106532059337681,5.273602456151824,5.5511753101340595,5.192647753648668,5.408040733586661
