script/wind50m.json
{"header": {"parameterCategory": 2, "parameterNumber": 3, "lo1": 6.000198445256149, "la1": 58.999992894266676, "dx": 0.5, "dy": 0.25, "nx": 22, "ny": 24, "refTime": "2024-03-11T08:00:00.000Z"}, "data":
[rows 0 to 23 of 24, columns 0 to 21 of 22]
3.037659785333217,1.4910487031009387,-1.1241067660735298,-3.253143436372414,-3.655011115348649,-4.729805194521544,-2.082017510821646,5.005185742651855,-4.623247043441691,-1.6678404842789798,-3.621174879240395,-4.482238362160438,-1.572607450434146,-4.247352990361029,-0.6358671646623374,-3.5793338864966877,-3.874266504909342,-4.843403545312984,-7.176831307673915,-9.520363256565677,-12.154828607739635,-6.507041764564284
2.8652426583323183,2.651293989708739,-0.16036577693721332,-3.209653537897899,-3.471673477954305,-4.866828484271979,-2.6777793962705547,-3.277059068259941,-2.9107084064880215,-3.401398562012085,-4.988832673689541,-1.2362188302514021,1.1793216244257554,-3.2699632054633887,-0.6026643285200461,-3.707343995555205,-4.141325825072632,-5.445254983235991,-0.4397380922917084,-2.4266696696759706,-1.8403971639179817,-8.230006938210167
1.7146914207503503,3.71793026532461,-0.23777833604535809,-3.3092327072203194,-2.9264047389376904,4.430478737432196,-4.117953917769389,3.7861490697543254,-4.970608867871265,-4.466382529888846,-0.8456000983218174,-1.0241829758259229,-4.159019968227664,-2.1387922952324505,1.1912663144205569,-1.84526108031132,-4.7229578063230315,0.3070275295601204,-3.5393521266268664,-5.852787983004778,-5.691992452645556,-9.628062485806673
1.8170788130686277,3.5783973372667246,-0.37349058847650113,-3.3697228945971083,1.928187264956371,-0.35379536063468137,-4.694125227872014,0.8396778768313687,-3.0486565336631903,-0.19320824774233364,-2.0725328687814644,-4.56940975726659,-4.26133348296337,-1.8596918683422559,-4.83016650127073,-1.5393818870246616,-6.823600209563839,0.3587101557275368,-5.06291788849707,-10.085029457301877,-3.5234958288355096,-4.1596669602462075
1.7778198933070901,3.114910165309827,-0.4572417146583397,3.207466453163597,0.2589142098091366,-4.414713850620013,-3.7241665817145155,-4.415151756729859,-4.588996039078609,-4.3358225237376375,-3.843474512849182,-1.9628652281696328,-0.20121779753822086,2.0563881232649206,-3.746408301294114,-2.0216105735372616,-7.515927862122437,-2.264042925816924,-9.402689219650464,-1.2582237851380902,-5.294819366885566,-7.698755321866667
1.0846510998242838,0.2084085446929489,-0.5468361203931109,4.051711684860518,-1.2849813859936954,-3.238405402465262,-4.1671652743573695,4.925173025147257,-3.784980371176645,-1.5853194042832295,-3.9445182084111408,-1.856921884785902,-1.7442102468765721,-5.470660821003293,-3.294110710154341,-2.401245925455009,0.9418480188123882,-5.660914855653926,1.4080417621088368,-2.268613722405442,-9.8096547806841,-5.235037014369211
2.605345422125757,3.7222038432029527,-0.9585971382411925,1.4035047984171072,-3.473773969523631,4.315731157380716,-1.246883960624071,-2.8469770599384194,-4.191728644010089,-6.061710939381285,2.1603380195575084,-4.669915716456542,-6.802382264098826,-5.5219152535046545,-4.214759152086725,-2.78517928977093,-0.2614068373966713,-7.304070199039126,-2.0139459772084165,-9.914017778098671,-1.65417397763963,-6.541753514917312
1.482273989553118,3.9905630913534798,-1.0516557850646469,0.2147218792928583,-3.065863605613517,-0.5466986776496464,-3.6348280570213785,-4.401271249277357,-3.8053342220168354,-2.8587854960655106,-0.8699944091507941,-2.933075018042295,-4.495870817349716,-3.4700693826868885,-4.620671157135469,-2.477602074396072,-2.4230690022170926,-7.387731326127463,-5.556510948621554,-1.9262613147663201,-2.8545933646985824,-4.281701329120914
2.030581353032466,3.553199613550336,-1.2406113415633986,-0.9044213310290768,3.6266774199806338,-5.168687060846873,-4.169538531560386,-1.4974869628662577,-4.1282634060553685,4.1686206127312815,-3.1601009350653846,0.009843146982613472,-0.721635104036145,-3.4842505207877132,-3.712601965155261,-1.5860815734421063,-1.1853755025201853,-6.825273643707597,-7.724547345848053,-3.103612196460547,-4.115169366340824,-7.114658402830155
1.7312650237264953,0.41536963371821956,-1.4966565481316771,-1.749910602371533,1.6527081640341703,-4.840136300649038,-1.8517398029508838,-3.6711026371190845,3.8960109029458136,-1.4601529257025143,-5.081837965316925,-2.234132639827697,-1.5791808449368174,-1.905045459556958,-1.710250320634429,-1.9714147717670727,-1.861615749031195,0.20472677903452854,-6.396396495819224,-7.395234073474503,-2.4116370598160186,-4.535883248579284
3.428910190543375,0.11637397729070367,-2.2711101333152413,-2.837534720247823,-1.0766113534971455,3.305293479419538,-2.630157109887306,2.4765027569905484,-4.144258946941079,-0.4022286559457885,-1.578166201614911,-5.44095996498174,-0.9216151891552653,-1.795744774324368,-1.3940496474322823,-2.613998159605836,-3.8070622472357925,-2.454213681965889,-0.1398248565439536,-5.295761150898272,-7.932748987550374,-9.274600519181552
1.6049593362470573,0.4481138381579653,-2.4176692215495432,-3.5049659146706076,-3.214222793878907,-0.9401179079001394,-4.034949992589614,-4.731605021439897,3.7092582617462186,-1.5813881980522106,-1.7798835212313215,-0.014508503568704664,-6.303851796932163,2.3013689957804977,-1.628587843309923,-3.33709926540987,-4.241902988942131,-2.2923922805621175,-5.4926631472380585,-0.7972722917674614,-1.970776188927636,-6.902967639875288
1.171150056583799,0.165349020454048,-2.416079310089644,-3.2906396319933306,-4.4198137253274155,-3.2391993930445158,-2.8890892582150873,-4.013854664900118,-3.731409790847452,1.4021771214806789,-5.092526207692892,-2.205919514428311,-3.8205542226326012,-5.872873089514265,-1.0602423743426859,-3.8148231941478246,-4.320120285910957,-7.810602002552699,-5.810407437055038,-8.55125827817243,-3.6663864833457214,-9.782925731127516
1.5530056960615382,0.18654137012111446,-2.3754061311414163,-3.2296647152398807,-2.9285975272443614,-4.974368284711927,-3.1521028487752214,-2.8284050345026674,3.2111795059169386,-4.677669087626891,-1.49998430297699,-4.996853571774174,-1.2096634993584117,-5.4833445909900815,-0.4985781498920709,-2.105805008704571,-2.7708017747698075,-8.299076874396311,-9.095792792236836,-9.902731699474382,-13.153235257448914,-6.033038794799589
2.5856215955540605,0.6351788891521877,-2.8035925489594593,3.599718790921609,1.6453167244873637,1.8412472168937524,-3.810370949546369,-4.42568581336123,-4.224305661486516,-1.8476080105643435,-1.6720409066051212,-3.013615539512945,-1.5350912190319832,-3.835756536541635,-0.8445387348453032,-2.8932074874267033,-5.441053272513986,1.3986310446713366,-0.5500610073260579,-0.350829761519582,-1.3716375186644647,-2.0698069111324626
1.5778320158904824,0.5666029247495918,-3.224639248499236,0.8494324266170356,-1.6042837761294915,-1.6801645042658788,-3.772270746038653,-1.340248538475879,2.852611884632496,-5.9122710324291345,-2.5552487451665207,-1.3397708543717533,-5.830664841258764,-3.6601039376584072,-0.8604902135442585,-3.5919395646873413,-7.521254410233403,0.20843220488460978,-5.415815600799092,-7.302438353907718,-9.353490721767447,-12.281028882604835
2.757351270879251,0.4337966196329289,-2.9174529280437866,-1.0232428903233182,-2.9259347578604866,-3.2011798187018976,-4.769143267569565,-4.239222040937787,-3.722009865439018,-1.6391820295503525,-2.3334477041103523,-2.2267651890953766,-4.49857243178323,-3.5992498365296948,1.2143059606246758,-3.9335274045730424,0.7309582273461045,-2.500036767911952,-5.584278877432274,-6.5447157934986775,-1.4627327858623131,-2.301953387649396
1.6932480523086038,0.36359651962730904,-3.0298330216337233,-1.2816766228092022,-3.453653937343758,3.0512229284853554,-4.667667771348607,1.2859894202088764,2.0222827504875536,2.5058830888243286,-5.728072839606938,-5.08206040624583,-3.6060677663927776,-1.9634309316364498,1.2134015798870736,-3.7088165156371176,-6.648360590500393,-2.936657163604755,-9.10830275296808,-2.069882701718347,-4.606738747980524,-10.623943468461562
1.039028803585638,0.20466259930464278,4.365727004744763,-2.8409400342234727,3.5428334367043517,-0.8082380416345571,-4.692281715699708,-3.3435538611966265,-3.572017584896462,-3.9847773731323137,-3.2100024818181816,-0.22913387803831559,-1.0729023783496596,-0.9047088569589672,-7.541734895879245,-3.6964119293651745,-1.0124312611081396,-6.555989428547228,-0.628082772784257,-5.467909652015993,-9.29666365971653,-5.649056292744515
1.6010277760155052,0.6553827202641964,4.596744568715334,-3.356249904686393,1.5247385765714607,-3.0232335891797404,-2.757110779914547,-4.503265792650635,0.6480221139473822,-3.204972978153085,-1.58516489473386,-2.311940677922122,-1.642828241402211,1.7369873121358255,-6.859750067028433,-4.8482703737826265,-2.9013176241872087,-7.756128175289602,-3.1963054798078905,-9.36952370753339,-0.843623006814632,-10.550621562471436
2.3184695341089037,0.5880370587075363,3.7986743637049,-3.3940289643633186,-0.793269797294181,-3.087550369734197,-4.032815088697222,-0.8131424421798411,-3.7543803280147294,-5.703427487295636,-5.5744179961427855,-4.920749102859836,-5.983384399215427,-6.171764938205082,-3.181104959302845,-3.3987428819709797,-2.93214372606633,0.4401028602927824,-8.690337097177048,-0.050220905197420604,-11.12058848021565,-3.7374272141601748
1.6889954742195923,0.36098147392121394,2.8348281693500477,-3.2525912271423043,-3.098727806140056,1.1521736263091387,-3.724914089518315,-4.905395474166668,3.924720560397778,-3.4646860652888427,-3.2072135368968113,-4.494754392132794,-4.3684940625928705,-6.879027326011538,-3.136917080168682,-3.4738666287253652,-3.956780374171581,-0.0644021332960383,-9.129953868825107,-4.9135624440438965,-3.495872634194625,-12.105335300777138
1.9747318952822759,0.25173282834586097,-1.0313222059089782,0.9763455686920439,-2.9794179542644685,-3.4319740375616905,-4.119699406813469,1.2118417218134516,-3.9009094496183363,-5.780677415078114,-2.3974154254137994,-0.3903978507279763,-3.5058508338473247,-5.423996697942888,-3.371839198046898,-5.506903909260428,-4.1269202493914126,-1.6099766625662146,-0.5763493453417641,-10.487251387930598,-3.98389721804687,-3.419797069837754
1.7645894722592395,0.22599720524412859,-1.5382854020366956,-0.7789499249742665,2.7654854824425255,-5.419390261852738,3.6783652379690244,-2.932604653456929,3.098970245206478,-1.6643331331098055,3.3740255428090413,-2.034447596468716,-0.311204257757018,-3.4885514899233296,-3.5784208536376694,-7.385755965529718,-3.168847865573404,-4.941753913305689,-3.737655558044741,-2.069525768282479,-6.598360708599893,-6.4007764289298485
