script/wind250m.json
{"header": {"parameterCategory": 2, "parameterNumber": 2, "lo1": 6.000198445256149, "la1": 58.999992894266676, "dx": 0.5, "dy": 0.25, "nx": 22, "ny": 24, "refTime": "2024-03-26T05:00:00.000Z"}, "data":
[rows 0 to 23 of 24, columns 0 to 21 of 22]
-2.1708079976210692,-7.3264198350735645,-2.1209427814474124,2.643541554834255,-7.665172994581555,-8.24872717689179,-0.8648438574258251,1.2475661543228713,1.9173858196517066,-6.775374117000877,1.4526825608265608,0.22144148142865383,-0.8506321694383495,0.5588761977661257,-4.176927629863489,1.5268524864320163,1.917732305924401,-0.6870160027605652,1.9983465620715382,-1.0854134626979408,-6.261507828620362,-3.504754018254399
-3.256543306047015,-1.732760860547994,-3.2614679267112696,-3.913432702269854,-7.804115188869956,2.745784808161649,-4.3752298479463825,3.2767883229973966,-4.803325306743718,-0.725248398826792,0.20793190683187063,-7.89388085157842,-2.48120676259348,-2.3518467636606295,-2.0593752228736304,-4.97683447789064,2.6000644904233985,-1.9172128360583824,0.494654355214724,-0.46128813135548696,-7.057108043320733,0.40383721201040923
-7.209672934837522,1.0889280374018961,3.167085062788172,2.866200498555917,-1.6435199394002884,-3.530945446447364,-2.6206086646525764,-5.318291826927511,-5.6922962160583905,-5.533630398827237,-7.363176119951915,-1.7749843788279063,3.114588901615696,1.0902832124579303,-0.9438299903613036,0.2055962168132951,-7.179701476973141,1.2637258431516545,-1.8274546735214927,-4.909699015681851,1.425495516400464,1.596461393915124
0.15496357977318823,2.9986182171218916,0.9036540560605737,0.5910877284369597,-6.688308955258342,-0.48157807798279867,2.2447138853458846,-1.4542383726521433,-0.23976036108389046,-7.127005255434349,3.4746417883006635,1.47944304032308,-5.804564883125793,0.9640071235292168,1.7739225508681895,-6.501398521950443,-0.5996069522237595,1.3602037778067928,-6.926103975885943,-0.37540573298803415,2.099622295097948,0.49635522510924457
2.3552133197415297,-0.663451989332987,-5.630444874611258,0.5368881306608997,-1.348919973538081,1.6700327814915557,-8.66706436073846,0.3996431761871495,-0.023113209340692525,-3.316439901247298,-2.210948670274888,0.03865500043003025,1.2134219790431726,-6.220330640865951,0.30223005448429746,-1.8102794408399043,-7.3150438918882665,-2.4134565651226185,-8.265641976303858,1.6206595387441023,-8.464689005333959,0.3805171329753701
0.3743548437040494,-0.8582712553562224,-5.783836697745051,-1.0874844846238565,-3.9057464813575087,-3.214310514988416,3.7475493352370797,1.0962523945398093,3.3199445814963138,-6.068709558292867,0.813645473301493,1.3248883624425833,0.4659173049429484,-5.2947297232696,1.92345487879647,-3.0831116307479283,-5.014541024711619,-1.6715645679462607,-3.1130317006693526,-1.7842948105993939,-0.5853433240923447,-0.9210550433610564
2.423880395031425,-0.42555241653642406,1.9475567730630385,0.4093714448187099,0.07745409666105327,-1.8121310289007733,-7.030907439196136,-1.0367204037856006,0.36774009116542994,-2.0744417583732373,0.5450846544329271,1.1325511291255352,-3.549502903119013,1.8479836862606551,-0.6217856632172206,-2.0983067851079955,0.6641114853915205,-1.5561824359642549,1.9757534918738178,-0.059561947495178104,1.7956498472207616,-0.9351363930909705
1.7062660828904421,-4.677572934530136,-0.4240538797416513,-1.073193285716561,2.717309348982768,-8.377642659090352,-0.27501157376284535,2.870211902649387,-0.6961561024193768,0.20870602378147673,-2.8595122038620433,0.09039278096131731,-4.498543371502124,3.896089013687159,-6.664641546093102,0.946699077984864,-2.850368697306856,-1.2293378163873787,-5.421167875467343,1.7904818283565316,1.607325908456089,-6.647704671888539
0.11957432939386337,-6.539669247497367,0.19220063194424827,2.307090184865014,2.820515491510604,-2.3185588925878755,-8.673003209084454,0.18131920929088616,-7.189725932841593,-6.776467942759462,-0.5345809743439199,-5.481473138782454,-5.069504772141298,-4.324885853719336,2.1900072503294066,1.240961250185009,1.1128473731666717,-4.0253280169120345,-0.729747220892108,-2.545368648557254,-1.2292894837032031,-6.082030004731363
1.9375548889409797,0.11757466593130106,-4.867502547731533,0.1906312372779217,1.7487170735380768,3.0841604159125424,-0.2645855251083319,-4.8674315200743035,-2.2216035103010507,-3.6201826654315763,2.6535380249498495,-3.900491765866421,1.497252812075235,2.5427318941529102,-2.332852876995436,-1.336240283203037,-8.47029517872715,1.7767005000956124,-2.088500186549811,1.8674002661945686,2.180569538060364,-7.552856767684703
0.3898544601086954,0.960217770014594,-1.3763910919727904,-0.26131386688798786,-2.2158340076575604,2.484079241582536,-1.146268360610304,0.9260453148116375,-2.346374179950007,1.5905248953146636,-1.4778128739372307,-0.7917224587643322,2.459856480968215,-1.9959463746429793,-3.0854868478333866,3.2690618042827797,-1.5773909152454413,2.8166355792103697,1.86602264373929,0.7226616641935237,-0.15550907484708054,-7.180853539442079
-0.6039798830312714,3.7028359185497903,3.47481837086418,1.8026667824737146,-7.612596262065719,-1.4642300468200538,2.180521937485728,0.17350716062250746,1.7022199227653265,0.9595315401082409,-1.433229532471291,-2.2098332145257484,2.5414697537368665,-1.6648907216644155,-1.762278381452073,-2.079748357542341,1.1948385553355034,-4.275255300730611,0.41864583275172246,-7.271491505550669,-3.6289557538036514,2.0059225945480454
0.6774782408634443,-0.9416954621637685,-0.5653016609975218,-2.339757794878129,-0.030806489675363986,2.784702823887791,-1.810739657688814,2.172099029477213,-7.0531887796890915,1.692645784871938,-0.9417859471374931,-7.173788595507307,-2.5308275292695983,-2.6425824982572403,-5.359529786712969,-1.7525768865901958,-1.5554169843322458,-1.028929979366191,-5.90029300981452,-7.465764463465126,-2.5888824842092526,2.424201348130011
-3.977928902779889,2.2832190739097067,-2.9973538906364268,0.839909813568468,-2.8933852535140754,1.7819256336751172,-5.756913343454722,1.0744795423426148,1.4078923079342345,-1.9636412626752326,0.9969058688256682,1.0748508475309695,1.746864735543505,0.6352926273209191,-2.083788770234763,-5.722890004010533,-1.2331171884954661,2.067673772258803,-3.556118027362602,-7.447373513611516,-1.940107941910921,-3.759129121813047
-0.11790707818109973,-3.543863530491138,-0.16120529551252866,-4.758143878448147,2.009626267565424,-3.784741523122155,-0.029301411759033093,1.6134228350593642,1.822217751009912,-3.3482491845457223,-2.9093255662877913,-1.4621409627037418,-7.770616300986392,-6.586130254013999,1.4391897389284054,-1.2637797425499533,0.16014513656736887,-6.288870085434806,-1.5536649303389383,-7.491851573432465,-5.732919953095261,-4.624424127929814
-1.7633149202290606,-3.466136586739803,1.4638989166075345,-1.7332511756651654,-1.359574726097253,2.0603951593366276,-3.587251856279121,-0.2579831431634617,1.2264224229914966,1.8849722143540075,-1.9449628105185386,0.308835271689748,3.893568082870357,-7.722950039803727,2.2748142517551924,-5.131627227593609,1.6777246279999378,-2.600913186096842,-1.3368343560570477,-3.1361215754251006,-7.881841124729788,-8.398014323234438
0.47289577917255515,1.960307345923955,2.4489278270426715,-7.908799428632916,-4.106354190936075,2.023215737464854,-8.239407232553672,-4.6096834649957845,-4.30821285082137,-4.896943010985215,-2.228208256006462,0.04196780675585167,-1.3940818575064553,-4.511335398992394,-1.9529922294014308,3.0040677970763823,-5.676360599702578,0.4132205936732522,2.4245572361776846,-1.4800846470561526,2.857106646771771,2.426934635951249
0.6902697750946434,2.974616431563373,-2.1665011249745443,0.5094998707695131,2.5182697676224035,-5.373507929022873,-0.44678707439455734,-1.6584417564340752,0.13640565311723096,0.9636650845202163,-2.710082860006245,1.9175210461809955,-7.576648706363684,-3.581813074214875,-1.628024504024353,0.8061159585685347,-0.7120325765653122,-0.15455249897980805,-0.6322716924930919,-6.4306536429894745,-1.0626277532504318,-2.4198544599738736
0.8935916085263277,-4.450857780837784,-6.201676865987131,-0.2838618338259246,-6.797543555905496,-5.366547200294549,-6.4806237604814525,2.2389585159837444,-5.936277003269603,0.43716843787319476,-7.195417301651725,2.4488683311026747,0.3891351542586258,-1.054282220864288,-3.3365565647240865,-2.6334702747736247,-0.8494977780566152,-1.6209635700811553,3.8572621406295275,1.6585096253522609,0.7051698931828897,0.0011727679087346393
-7.568758861845434,-6.868021405970645,1.6561737712122993,-2.2163857157114673,-2.403176926399046,-6.780128966211278,-1.6330371795006697,-6.470291926750223,-1.4586934481093945,-3.8799127072921706,2.098358383200965,0.9841905520333215,3.040840502325543,0.12623648029131743,-5.418553461655346,-0.6500873431368739,1.9572499226667188,-1.1661070307983277,-4.579111048288071,-2.519755895906813,-10.051791653318325,1.79430078888268
-1.3229355735968444,2.364866942862173,-0.7765699584589701,-3.8232373337771817,-1.2140890420242805,-8.333202244348895,-2.1931277268246436,-0.9621509113711614,-0.9292228690551045,-6.669375889421279,2.7444986684736934,0.7771607155282092,-7.018240225351605,1.7135217000443512,-1.0743270348086984,-1.4040845048912705,1.1955141138514365,-8.641232553044478,-6.981676710795718,3.16647929218957,-3.558330978054725,0.7514898962412534
-7.5933655930748385,-1.1285962011535529,-4.7728781289600555,-4.145765146506952,0.4195912088753048,2.004086125147159,0.487190273361157,2.242562598759374,3.0614001888909392,-3.518347838057683,-0.26897042280109457,-4.9060334929036635,-4.311643219970216,1.8101099925392685,-4.807293321205372,-4.785628197221923,-1.7866992606850083,-2.79585238164585,1.2161249071499505,-0.06896373714081963,-0.5564440642145222,-4.1910643949443225
1.9925551261329502,2.869900446338823,2.5336066799597985,0.3729509253666046,0.2890031784263911,-5.510002533385976,-4.869600188695627,-1.2942215544995817,1.571487660739928,-3.701286427490775,-3.5160443393062004,-2.527823930502913,1.0771494321776163,-0.9104620380607317,-6.534678254933702,-7.321418312608457,-0.7790857863423549,0.5349424947014364,-7.811939075975681,0.9352069138995156,3.4225035606662337,0.6597576944067731
-6.785310007379041,-9.930783843199125,-6.169376797573145,1.7006280299541225,-6.729437674451337,-6.581674881248929,3.7573264024660884,-7.178772827699004,1.6350046215839678,-7.834109661895661,2.1822336390464856,-0.6757447805332796,0.4496200806094795,2.63196695879061,2.974144931490277,1.893001881471918,2.9930125599685304,2.856178153055255,-3.042414194072593,-1.2498156412713861,-7.246077376351859,-2.4035786275909916
