script/wind350m.json
{"header": {"parameterCategory": 2, "parameterNumber": 3, "lo1": 3.000054539987559, "la1": 64.9999836372058, "dx": 0.5, "dy": 0.25, "nx": 34, "ny": 52, "refTime": "2026-01-31T19:00:00.000Z"}, "data":
[rows 25 to 49 of 52, columns 0 to 33 of 34]
14.735425412401828,14.290903552270635,13.070534457030652,11.001198035298252,10.372940622109876,7.3461421426146805,10.512055301765566,4.261025217390164,4.281284573088255,0.7701145254792622,3.8185863080719544,2.7624891252073365,5.050479089354153,6.12481138931429,6.304190306012022,5.381571391356538,5.620315033970946,5.346327869982551,7.045404576088288,7.072315561064805,7.375175794591475,7.15710799972379,8.007471279699411,10.398258880109664,10.785745308373256,9.141486010383547,7.687842186847099,6.051047644261784,3.9775682034899082,3.275906015125947,2.570206313006188,1.87025381753935,1.4023973208891787,1.996027588029358
13.950860087442544,13.859427582212941,13.177652643052989,12.726529639916745,11.28968834326398,9.402456110622305,4.586009723351503,2.8111920043018377,0.8605654899280037,0.9861478315628511,2.6699181014376405,4.073433928771844,5.490163555957346,6.738290846901086,7.079091834660603,6.687823381993433,5.3808139032896225,4.480041627303064,6.427002780997593,7.334795856257859,7.789631560178803,6.911322284399552,6.343287733550063,9.409189147964447,9.832202387883685,8.967901614857775,7.152981066379681,5.58744216091584,4.526409061219635,3.0409515056698986,2.176950226548028,1.49016847141578,1.3526159141584282,2.163499483789747
13.839681469396032,13.131548171142137,12.988116847627705,12.333549040404582,11.675507248930892,10.089630020057536,7.229015178885651,3.595575735514863,4.405823730231175,3.658141206260724,5.0401642819635075,5.028575613961701,6.434083353077541,7.466968760875895,7.897968004949611,7.4649090354168095,6.157505333270384,5.308609430250609,5.7611811132280275,6.841110113171186,7.084841898777207,8.582916630585567,7.741308371164632,7.357657678383895,10.339973047562761,8.873755606628077,7.521194777099399,5.701573998234179,4.5944648180140195,3.1125636701375385,2.033372360969037,1.3209798805306472,1.4405559201011353,1.9733179607322047
13.352099393614951,12.706008008911917,12.169623071158952,11.97877354571335,10.984229943202328,9.731342251750528,8.270976002736237,6.7549835054021,5.049275616439221,4.4414803181147,5.311102883012548,6.930758178572664,8.062315763772858,8.860327978816462,8.890659596353267,8.244190715365908,7.07384128790852,5.783258587873217,6.307657261106976,7.109521054894493,8.002941205156473,7.683147288531675,8.079838589390615,9.888767497902606,9.515761016662571,8.351088903344259,6.351083545690178,5.0653317189672995,4.062841240472157,3.3648470490965137,2.247694963625635,1.6617749084646174,1.6804328253666165,1.6462300423411889
12.720626212594041,12.318234173371861,11.75204086660059,10.755777782498825,10.107624372833863,9.139624273157743,8.573361139864875,7.207059521962476,6.640042767094688,6.839134998125264,7.1653791539603375,7.854136720283759,8.39236198666427,9.027248088829408,10.20255470078339,10.351324448049294,8.421108188147908,6.743124732317349,6.371030028145371,7.606017939829021,8.107737173624038,8.022828706293607,7.439721179105048,8.110081034839324,9.05319537762568,7.992514006605835,6.002222258974342,4.626462090876525,3.886805980658127,2.8653382295701064,1.733616755496055,1.1865622618831928,0.8754308244726571,1.5897508143251329
12.229322223972753,12.000205101556844,11.331447856272135,10.536617624896872,9.568463556063339,9.012396451222575,8.599298886863219,7.912388961827216,6.880443661395686,6.41340732997216,7.998362091401488,8.27217407551844,8.613576552645082,8.633271841887705,10.667549929499263,11.7022130418692,9.807057596635431,7.670636751872772,6.856762010202191,6.864312448095532,7.139303478534918,7.255356049638843,6.826186829348413,8.697382776145098,8.411028283188589,6.635883204144119,5.242647598384373,4.330597110415658,3.458507577379286,2.791502468734197,1.8876165029412166,0.6259186789148452,0.9900052627031795,1.9769435323892444
11.748386327413941,11.607893787173923,11.282852087252577,10.470967424716962,9.68402163832562,8.983795810556792,8.582541787207402,8.068685819197784,7.559348454517571,6.9928054151230326,6.576519998986694,7.6853379078089334,9.143508017150284,8.892170703087416,10.953613881212263,11.695961455463614,11.006237883510938,8.670948503404825,6.736732628335326,6.785340044897837,6.8923982417584435,6.1940060508952115,6.356069377249803,6.816494359948041,7.690337506646323,6.841361274007287,4.338173615345797,3.693139331151317,2.7395953523126573,1.8941394282063357,1.599096659584032,0.6832102288346097,1.3458886040007254,1.9771565732131693
11.34414284477112,11.200747420767213,11.16831702503866,10.633161551244024,10.021416119336127,9.673173390357231,8.766577538690772,8.51952363524316,7.990850440920481,7.615341473563055,6.712813961615797,6.830011587137209,7.265070076557001,8.76653821900509,11.578659922533026,11.944781494417706,11.237825862710972,10.295353366227324,7.737574947277131,6.320243621716255,6.668016384317614,6.274569312926358,5.353667357786716,6.101100698021716,7.475851535659115,7.249265444199418,5.087719051547936,4.173414012543005,2.766782665733321,1.7861274747085831,1.49373361099212,1.030515690781936,1.3003335605363504,2.106170581863924
11.020952910025738,11.212426221860769,11.119793479395238,11.427573095266498,10.922767682496465,9.822625600414844,9.404267896784189,8.803074950266444,7.98672785154695,7.556858107493031,6.73876856055435,6.9831077700392346,7.503721895173472,8.075065682676312,8.881682007477597,12.303474508728463,11.14278231009353,10.119898393162783,9.382885686490605,7.780426760021135,6.689005221318663,7.014780837347762,5.582818821970769,6.738933492493981,6.462184111532601,7.653879820848206,5.802063166179496,4.379290827878009,3.2943595373039263,2.130937662398192,1.927167894669088,1.486635973143243,1.4432391188652318,2.1618157360858157
10.997305706263282,11.25816423005337,11.204556209736044,11.146836889359424,11.260077259019559,10.85980171745585,9.961631372854933,9.396922360896188,8.916214818847322,7.588735677531524,6.702606965658131,6.998460094845684,7.242670957826674,7.813384317253094,8.263468966422828,9.2364595679085,11.252147577809987,9.859786139706095,9.339367412548354,7.786564283195123,7.974119315565836,7.693334500161344,7.374974927554529,7.477673173278408,6.882898471565113,5.916430943926358,5.508490109954073,4.731446635606585,3.470752710895119,2.379562875170669,1.7796031973263684,1.4818742949457737,1.4298879200847143,1.8438794917099253
11.321805445687072,10.919402189848952,10.81521938813307,10.863871422372009,11.263316863015005,11.11177835145988,10.35054692046586,9.508463058937046,9.041782933989257,8.063552683421397,6.435650683793649,6.738041645709598,6.8492397652983605,8.180487989804405,8.313597599863616,8.200206769052809,8.488780712872968,9.280391947371502,10.66512924103756,8.837831959313473,7.7628040671721275,8.526062668453246,8.466520496809762,8.264374523392407,6.466926933908968,6.024786287497272,6.070962799710196,5.054383063021698,3.8458318678293266,2.780814210226809,1.9748100629506848,1.7291354578681564,1.505993887824172,1.6761442413991794
10.851931828947487,11.027823326995197,11.215950893233899,10.93894999215264,10.810905226829766,11.09310393708514,10.777012287588155,9.791197961261995,8.538038077033479,7.321874329408462,6.953019879136775,6.625966613742413,7.024009113566489,7.3507032249279955,7.013383385269082,6.29860582225431,7.257485752252073,8.128609799471057,9.289141716001742,9.446398102826315,8.696788914358748,7.844870225662836,9.553069672555555,8.983162270600438,8.417578306308881,7.497622126808394,6.687017049857488,5.849051763480199,4.572522189772481,3.299881266147459,2.2041423342201756,1.4952498197899997,1.2516040698698208,1.1958327232434696
10.893489865340532,11.584678310563511,12.201307139550478,11.387817885464592,10.481653079134084,10.530032202462005,10.896205899535879,10.421338705158135,9.37581733130465,7.693750891439107,6.786222728111319,6.592147038934029,7.367305877750671,6.559090235460057,7.296047980459085,7.33336461162904,7.330790516354076,8.819060648436531,8.40819231311729,8.06372654694327,7.788782472153019,9.10384141892903,8.446821081413024,9.434188406829913,8.840074296638887,8.474554540053271,7.461475982949384,6.408339638164797,5.459608762703636,4.349220343350961,3.0695031696995168,2.033792282230069,1.2997824213633165,1.3686104044688587
10.950938411813603,11.49127449068947,11.850722116827725,12.120845912795918,11.443555974256856,10.077447571977649,9.83306229369726,10.475232509516074,9.525936122545788,8.594740841764022,6.922618847348045,6.3766840891597,6.230056845414477,5.8672291836230785,7.104815631673607,7.733666542641101,6.786483136330244,8.410618056026898,8.671049638719365,8.730862599612983,8.27417441446403,7.926956315437078,8.717654868778745,9.070031262662026,8.896243328411337,9.121863247076721,8.173818127450506,7.233031748752086,6.422994878545858,5.440382660448105,4.61474658778756,3.3397255086326045,2.475457610007736,2.1890742911638577
10.65593092232868,11.100701304163584,11.325743751414706,11.79276629506622,11.948663776311806,11.281130631209656,10.343069720716233,9.641940742602463,9.610664656616784,8.23344591800802,6.692411375995691,5.698550182923344,6.405408042783742,6.785583094201215,6.377809528771013,7.809685250923701,7.477608532963603,7.284081966028179,9.049575569963574,9.017286065127893,8.835573607662266,8.31359476512037,8.021853451676671,8.028430097209863,9.274804691024304,8.350180749105213,8.111932410625256,7.976803882172595,6.965128835166849,6.13670420869978,5.540572506801411,4.469200627266554,3.3392391051770303,2.512067524956177
9.874679625906236,9.899416583716816,10.749305491540726,11.153287025294103,11.829009754368606,12.246185321188271,11.138183693989474,9.920479084117623,8.901454367527082,8.438339276509717,6.750771846591638,5.695847480755062,5.63544222551391,6.709892696364669,7.043032852858699,6.716423630114069,7.132066098569981,7.376576215419798,7.819248714732183,8.815878350966624,8.403931350474773,8.645793341249743,8.73092093683416,8.740849905506751,7.934119605069393,8.085286736583486,7.691544631440687,7.040077566132287,6.60380467252448,6.79302733428353,6.0531478408639465,5.365186223238907,4.202725729037165,2.3936145506312587
10.459330498868042,9.59713956710779,9.674986914127938,10.868003487271736,11.264452741481,11.411039450879226,11.309806630984063,10.204251582216818,9.190442221197538,7.858525472441175,6.379594452355622,5.473531578916205,4.9007535068719195,5.720847330331817,7.057083988077766,7.253513235319158,7.366627891384862,7.171013386158278,6.935600328182387,7.647163890086022,8.079144565862565,8.539711520721486,9.086403232885871,8.882262329426064,8.067231022209365,7.9232539075034385,7.314244929945246,7.160544529059992,7.2152895724133135,5.9364072970325035,5.968603011220711,5.835833602689985,4.746593775845259,4.676653059786398
9.645529750881677,9.961315693901781,9.951806670442465,10.831065142601098,11.617445930187268,11.10544803282326,10.419581947023225,10.134384276983077,9.378132849006272,8.40773336599137,6.965298550753151,5.514585235821998,4.829301851681915,4.546233417528059,6.590809659020598,7.39579321068867,7.1569751093297205,7.065542852551953,6.979434100045614,6.880000868972018,6.82964539549585,8.349695062346925,8.090022521380037,8.473572116563753,7.4066139529454444,7.154738349044067,7.7364739587408655,9.104468043008204,9.94402183161759,10.474700091798613,10.172524003149421,6.50999252466258,5.005905365119942,5.907269112277374
10.413954670445783,9.052526184492464,8.533323510235991,9.800882697972467,11.076882464321091,10.862603190810013,9.8047394260663,9.836583530066155,9.156705218190472,8.67196798470442,7.331091973430974,5.608952936147796,4.640964607603152,4.9205471610107665,6.7674168717205285,6.434307341367651,6.782439348424401,6.18122813414056,6.194758984677187,5.869098187139891,5.9946023342547505,6.133325988089639,6.9350761277301665,7.820564011464427,6.086857308185513,6.256229681474977,6.421608753609894,7.434678977388127,8.800337621606348,9.647238890853977,10.640701474869783,7.949052647473263,9.355844589420476,8.72652099737709
8.796583422831384,10.135771855161694,8.61136068741641,6.756391231746312,10.139606921947623,9.788416153036305,9.828248906906348,8.769515176529946,8.792646220820513,8.257830541379091,7.856164408264523,6.904092349862877,5.801559635888934,5.454305817938296,6.394812677867292,6.994304479548161,7.146362723865271,6.5350401188969975,6.009983001620048,5.569438886359315,6.499763486840667,6.373682822058557,5.036764264256728,5.408440575724224,5.250237029165247,5.504495948978521,5.234060772283882,6.951932634787189,8.917320837290601,8.527630105270376,8.036043073794366,8.815229919567471,9.850867513862905,9.314459719169944
9.429477308674217,9.313379460631635,8.61871512794536,6.165832838327133,8.517643831450167,12.125903886628203,12.203784216697832,9.7181538776363,10.214773541555404,8.330574216951815,8.412014063469668,9.909737183833649,6.815512605754445,5.535065184945267,5.008221821763719,6.305123189931946,6.929972839886656,5.376497638403729,4.841944532844802,5.558171770554584,6.08601157027952,6.355514561336933,4.763960479021562,4.420872965999681,4.292866632059145,4.505379915384868,5.2523376119748155,5.515867424076761,4.45277456329694,5.2398343898299995,6.440515793907202,7.055864606855022,9.381816180578426,8.322254550035122
11.024309980332172,11.845309171929472,6.097746263188722,7.739169200826723,7.524481128932055,11.259695839285245,13.16555847437799,12.14350679035536,11.74076623796987,7.387706237386491,8.514287393232218,8.143732690985004,7.431958476807085,6.266428585671566,6.4803036434900605,5.787635141556022,5.827213349509982,4.763400287073363,4.072608356040909,3.8468506503957243,5.058907410714833,6.582988625287326,5.744366580457799,5.311457680755359,3.903335686212117,4.273587432234297,3.923577845240142,3.6122729569667107,3.474319154091058,3.8492734188358013,4.113530913706843,3.842192520953682,5.734798575516935,6.383350256552942
8.795880073608066,10.869945874599223,8.351208755509875,7.60791786483736,5.739947732554194,11.527530000976705,13.258606501425744,11.898577488519875,11.86119163140591,7.5960118690659515,7.4724637791835455,9.329042894672925,8.589615243456446,6.666934965000949,6.238376548238461,5.815437207872197,5.341535592282173,4.761038767156559,4.018568440224429,3.2519970223635117,3.333953176356528,4.324218953154137,5.381868758772862,4.982000905450367,4.107989430110448,2.8746841805359247,3.356002280379026,2.9792934474460844,2.793141407073424,3.489351330651704,3.6845752345487783,6.0036829181648255,6.884591938372084,5.731507410277197
9.132321042418127,10.39529037816087,8.015841918070677,5.87895196212402,7.239854356217861,9.584882743663432,11.195042047772263,11.317849922035201,12.233684550604886,10.320335377320172,8.296133971834331,9.01162773761093,8.297952034003371,6.619844119884954,5.464211924120446,5.604483606397203,4.450035974087035,5.244554224154431,4.485997098667232,2.754631514624317,2.869648283308785,3.2072250541583256,4.1743833551122185,4.307385197391508,3.8622421872924333,3.227550243832122,2.217617381507498,2.556720202778049,3.0105972496825486,2.9549071746898425,2.354586908378389,3.523518047802949,7.1641442920409135,7.472937458716237
9.592542456796062,9.899593023516042,7.6565678986216685,6.095895933615802,5.445888483749306,6.766656941131932,10.053786977697582,8.695071065369426,10.680016033354132,11.664389541611316,10.846189756243497,11.229801298766121,7.228384306019399,5.993369073704746,5.410580032304864,5.167163141058653,4.845282935460949,4.433560980687249,3.848971419470147,2.928586402153468,2.77531714218362,2.4548552759669118,3.8667779681572867,3.483639780492619,3.5190569646569196,2.3133368931324108,2.036944757856521,1.768102462790883,2.6889592552587573,2.663559989508658,2.911829452704262,3.650289379626116,5.988265263405253,5.848644022307405
