script/wind10m.json
{"header": {"parameterCategory": 2, "parameterNumber": 2, "lo1": 6.000198445256149, "la1": 58.999992894266676, "dx": 0.5, "dy": 0.25, "nx": 22, "ny": 24, "refTime": "2024-03-03T05:00:00.000Z"}, "data":
[rows 0 to 23 of 24, columns 0 to 21 of 22]
-4.126827780282823,-14.489586396665834,-11.103145244339638,-0.420976980311466,-0.7245650374050806,-0.4019938907119991,-0.4405506850029287,-1.4242014413936315,-3.529117585800149,-3.612879783692163,-2.925117067403672,-3.7629117865683726,-2.875056280607054,-2.516391614348646,-5.672617904607307,-6.00392449541221,-3.84614269826296,-2.5224625598614305,-1.6151306268884253,-1.7918379700862022,-1.9714652348084707,-2.321316532819228
-8.53196225400125,-7.480680768268204,-6.960080446258893,-2.2105158196384074,-2.6551286772897384,-1.2295851260543968,-1.3785239390731316,-4.391264683283218,-6.827228530570081,-4.592014351696907,-4.133210603690951,-2.7312390718344908,-3.2339422203635637,-2.1515253803356194,-5.468315575206231,-5.209056990603042,-2.6507589725117344,-2.7655463001008944,-2.8164004125629503,-1.969037102448294,-2.14864851934834,-1.9690874684452742
-6.257056264329375,-4.16262287941958,-5.305305504876657,-3.7968718072603584,-3.4504926483245173,-2.2701191588543255,-5.7010317884097885,-7.438784685246508,-6.5960387265085405,-5.119946185503002,-5.729009298646432,-2.772208150475485,-2.8139451180234807,-2.5155087033830017,-3.3894596579296135,-3.939708201289371,-3.49454977810773,-3.343294611250562,-3.68318328399948,-3.1309539455450683,-2.6959330489429156,-2.2801975152472993
-9.932401854840043,-7.821729217545042,-5.794518999903681,-3.285158616293524,-3.2547210805157762,-6.3745036373647945,-7.382122417674691,-7.173415523240427,-6.084753651131035,-6.869988525208794,-7.274020697069451,-4.117331052356494,-2.7872087711962457,-1.770890402513941,-2.0987824555309618,-4.411455426585306,-2.0879367107961557,-3.581144400941807,-2.082022591449441,-2.0177402921189804,-2.0537086706501966,-1.836977327791047
-11.75345423744521,-10.208392396698148,-8.601225551147182,-7.27028196352077,-10.770521818587872,-9.178681452668178,-7.777501773244009,-6.255595496955169,-6.78753600896306,-7.290453211698364,-5.959776566662034,-4.627833003627255,-2.8702682459540916,-1.7717984975693593,-2.5835619956194438,-2.9486247524585565,-2.312960712667869,-3.624810547553308,-2.5680553208575247,-2.0701448920296257,-2.409535344019438,-2.055881179685722
-15.294572161671514,-14.819299756916127,-14.180653843673184,-13.004073841979077,-10.307025005775257,-8.237075739840352,-8.014634614257037,-6.770332060114613,-6.226100712519716,-5.658743374402447,-5.719986773836859,-5.122395114797014,-4.0881699212534475,-2.5087880080585894,-3.153749449261057,-3.617010846050705,-1.9908119273268792,-2.74631875487164,-2.104646222921521,-1.5334961217131238,-1.9713947715629168,-1.8561654502404044
-14.52651954958157,-13.722959398872511,-12.026886187936382,-9.963833794227273,-7.876631398525136,-8.201097773235526,-6.945035293350281,-5.891770275836827,-4.083839037182932,-5.185827691613055,-6.21250741468985,-5.3805926339169226,-3.781710724571362,-2.4038642503718592,-2.100397633822041,-2.3235599106903955,-2.171953199497352,-3.11837791357605,-1.9676795781667413,-2.1619084540946933,-1.8182032039669658,-1.9558450280485324
-13.004564140451581,-12.222573976933228,-11.125817316770608,-8.671143348705062,-8.377366759208371,-8.632933060984762,-7.744394852564778,-6.185160820864076,-4.66992622790258,-4.422881191436924,-4.277495016706633,-5.402792207116898,-6.9310846464701585,-2.9979796061007296,-2.2349878054867593,-2.039104967346452,-2.777073895422635,-2.0968148580588744,-2.389300084737824,-1.8225095803628037,-1.7235571951790096,-3.4214271029577223
-11.871459678523482,-11.644819287507508,-11.298564654495431,-9.084992009292977,-6.754249480018469,-3.957730374169629,-6.43386772225236,-5.529475113743524,-4.177256778537706,-6.626289836490678,-7.519965030602989,-5.73682379200599,-6.121242555468466,-3.9712022854491997,-2.2747011445009893,-2.5169143370616185,-2.57547526928645,-2.0132847594902517,-2.3005823644170555,-2.0946334165785987,-1.1088336108514396,-2.7105081811429685
-11.709131688732732,-11.537608140531425,-11.13357789265617,-9.674746946902413,-8.121977771371656,-4.338994852660474,-4.325907660866737,-4.597571484371682,-4.519895827964197,-8.244096589005899,-8.09155971842774,-6.923102238405014,-7.195146800119636,-6.4057551061041895,-2.7689446801454123,-2.5634695102822596,-2.568176529800684,-1.740803901115157,-2.780478559043636,-2.8336100584332184,-1.2207302587118152,-3.10584333229158
-11.873847253143074,-10.956816955389309,-10.932950047508953,-9.331717277833988,-7.207765378467945,-4.824442241399579,-3.8981097461756886,-4.322950293660346,-4.138956025140655,-4.569545493677099,-7.474066930509016,-7.9976263087522,-8.518091611076958,-8.683497807593424,-3.9604098145450113,-2.344259050408851,-2.434702922950938,-2.321168930027654,-2.708081263172703,-2.729003388482667,-1.8506481364147873,-4.155155907154016
-11.913755065200045,-11.170651356419171,-10.766205571610966,-9.451606104434623,-6.694791371386638,-4.2089855978478745,-4.875328112144724,-4.241337482637358,-3.535823163748339,-4.856738866397148,-7.8803537974843065,-6.755558759266578,-6.2199399710108185,-6.353676835206804,-4.0145734376574165,-2.795548772221543,-2.201090224375447,-2.267674659801847,-2.283623844682901,-2.8429247733251692,-2.285029100510195,-5.780459038565328
-11.550424083458644,-11.31208298102463,-10.747688335879573,-10.353681736592558,-7.415577416037731,-4.476996711107443,-3.9463529406442728,-3.259769776913376,-3.9886974400108546,-6.655463362997513,-7.189427459616603,-4.639088616562498,-3.5641540983024664,-2.497730680450438,-3.626533642629339,-3.242345646211211,-2.31736319675285,-6.057954959951312,-7.454986058361974,-6.648154015807295,-5.554091560613476,-6.128918842621194
-11.412729183638296,-11.102319565830916,-10.474193444153432,-9.954786629226565,-7.252142904994146,-5.108294078470257,-4.557825718447574,-3.5441701908489,-3.5622626035104163,-6.589976886922625,-5.656955786912765,-3.950765771846923,-3.85431569259659,-3.517675701912807,-4.345810095152406,-4.114083610117604,-2.9766972264580627,-7.897360611982318,-7.963396858416189,-6.127793588910368,-5.824268220021885,-5.814598883160678
-10.938825528743108,-10.752915376512776,-10.939416655514016,-10.357779933884888,-8.492845565346512,-5.558667139947774,-4.871511269632328,-3.405903017169871,-3.908905271940636,-4.296761790306622,-5.961142891930878,-4.037240843946185,-3.3052347483130653,-5.5820854067579155,-4.484315597551172,-3.1612551429317146,-4.419258520499349,-5.440358417527195,-6.72175002475747,-6.39356081011703,-6.517489195308162,-6.374935088428309
-10.346079705066128,-10.57530375258434,-10.410650198018939,-10.375768734704078,-9.370303687685054,-6.405028200703426,-5.17470169873772,-3.456766038647945,-4.581570005358362,-3.801537059250831,-5.8448774570626565,-3.9204588842711394,-3.2884172702472014,-7.970417265753586,-7.569618939619623,-6.082854512399932,-6.059815481588553,-4.039774041467754,-4.974942828622198,-7.257516136342436,-6.9258423966654155,-6.703442189786781
-9.389484452417586,-9.859222877653611,-9.435768488263319,-9.71459942701816,-8.333857874787903,-6.5606138398014515,-4.629772520691696,-3.458813070304181,-6.264439784402084,-5.250337074146565,-7.3127329978281175,-6.388827589070211,-3.4587088508726844,-4.560920825269835,-5.981278435942727,-5.862411691871639,-6.806822847816231,-6.794523278355246,-4.743574245747861,-7.092359136409376,-6.718817039436259,-6.807554904001211
-9.00320362591726,-8.581516308646158,-8.709351596844533,-9.179193476103537,-8.190912962358887,-5.105528165645004,-3.0107166058566737,-4.7157348459959225,-6.607841734645107,-5.681226503232964,-4.196951699958668,-3.279588582510031,-3.620829743665456,-5.256082925535165,-5.6872913419034266,-5.0737278128162915,-6.490529837127872,-6.363684194712522,-6.635176025524675,-6.577374262089974,-6.249911270464983,-5.71730239314725
-8.952971730094534,-8.753112702698521,-8.540486610019464,-8.587912482427173,-8.773629113842746,-6.325370878645961,-3.781111837590551,-3.937770299729642,-6.047926704313649,-5.162660961783957,-4.677922922289834,-5.948730267897225,-4.978600521574197,-3.8118481962230892,-4.176628758546685,-4.299078822118349,-6.430889735694479,-5.627494919102636,-6.666100696909074,-6.374913331079092,-4.295042219472345,-3.2794134864439513
-9.158450076050784,-9.434654158190487,-8.200426585320235,-8.725590853588738,-8.764948398432978,-7.055966526907274,-3.1041378593497386,-2.932785237715594,-2.9190984669345896,-2.526009878975417,-2.9840498930835873,-5.375081750410258,-3.841065309005994,-2.472985261544806,-2.4454104010760314,-5.093148797658936,-5.910434471180542,-4.868727252516232,-4.999327474330186,-5.374288744762055,-3.365412661745142,-2.1927061401219503
-8.78754514107407,-9.458349639725478,-8.339702476254413,-7.83001413711458,-8.623184128586427,-7.79842777194022,-3.835678589449812,-3.7070112711088883,-3.0317226352733906,-3.1542647244108015,-3.3320615959913127,-3.9223639485946395,-2.8004352327091895,-2.872878774345699,-3.2433084107631887,-2.4884213811494527,-3.3515892231548756,-4.934891236058268,-3.1207165457414514,-3.995659785334845,-3.7177689408694508,-3.1905733698215077
-9.437721364905299,-9.060816602681344,-7.081549932270673,-4.630897721389842,-7.148091890819947,-4.6493551183780255,-3.81173970269809,-3.406008568663094,-2.6467621349872537,-2.088805491922521,-2.67619214402807,-3.479076906491999,-2.726216020767753,-2.545872611339329,-3.3052026900089757,-3.115094297526983,-2.651476133027367,-3.3969864095370754,-3.3816429572485833,-4.109679151951394,-4.258339695521285,-3.9358243296944266
-7.976874894021515,-8.788620632941786,-5.665065271962518,-3.4825593806501023,-3.9656238839168627,-3.5207158885794776,-2.6252127437611956,-3.2781568689975615,-2.5697418215354437,-1.796829544101409,-2.596907900191483,-2.6304021435206466,-3.515138037648316,-2.4360338287054684,-3.557267852393928,-4.182313288855955,-3.5790372644745054,-3.1985359912103415,-4.457567618002457,-3.760086350938003,-3.765784822760665,-3.103310164706035
-3.2372445651865553,-4.554307436445363,-4.630770427758102,-4.155759512207702,-3.732517036656262,-3.160338408315794,-3.389930415297017,-3.3438898211754933,-1.8690378564484293,-2.1181600509927505,-1.6694936966272378,-2.072479127293208,-3.693335222524024,-2.2236874238305426,-3.0423189418134258,-3.0032387910283482,-3.392650090364754,-3.8079780312936924,-4.657977161546769,-4.225318187206838,-3.423570861762901,-4.364678981253377
