script/wind10m.json
{"header": {"parameterCategory": 2, "parameterNumber": 2, "lo1": 3.000054539987559, "la1": 64.9999836372058, "dx": 0.5, "dy": 0.25, "nx": 34, "ny": 52, "refTime": "2025-01-03T16:00:00.000Z"}, "data":
[rows 0 to 24 of 52, columns 0 to 33 of 34]
9.191983939279107,6.935995365450135,11.580388938149184,5.547717158429653,2.990384430638101,5.111985397008694,8.484185113183877,6.381591302240852,3.935241024700839,4.6271642666146136,3.7618156643305674,5.433539597573975,9.08737784301665,10.26731479961118,11.409255232368837,10.375742553989445,10.908714525025802,10.600459863427647,1.7127892714253135,1.3640233750725776,8.11977098089874,7.051795793238298,0.2811117810052516,2.367776991974928,7.476824514122313,2.9774279903204546,0.887635563631071,2.364264370196468,2.6878138186122684,2.649756427381048,3.0501511347422476,2.1594363092510993,2.0388076831253774,2.350493837948606
8.383607265491134,8.231680385200905,8.439657937220074,8.318927526583655,7.1654428026830566,6.455842608681867,5.01164170335605,7.47114852201847,5.48135088611141,5.309277944956599,2.8512421765617137,-0.5903037349102651,6.9108917920184165,9.414705742539706,9.014107098036394,11.418849739449367,11.151188516175639,2.0251743938798255,3.6706911504348922,7.437049091521156,0.19333525738829713,2.577233721519295,-0.6227989378260939,6.238868101173453,4.486734964498817,2.9745439506307663,2.363153086158438,1.2209229575393188,1.5433075243007583,3.7436699336716224,1.8382495943540864,2.54653371524472,1.5901979244586626,1.9141189380181427
7.63326870549705,7.145738206570235,6.163477038500751,7.329240329438812,7.836728750819338,4.590999947658038,5.237431407093409,5.594936930185682,3.26172912891066,6.92642867324136,10.141387938313992,11.68943428934932,7.675523612278473,8.667977056083679,10.72890361329752,9.92896458088765,3.7221501660216507,0.18236956154454345,2.201694473197042,-1.8202719020187674,4.9746845388329195,4.175157602393933,3.6426296272384677,6.689203716936439,3.451827100211215,1.4836461263249354,0.025836272404529757,2.4262064365069502,2.5636085904814756,2.318300621242054,2.4791320743977443,2.0771878247590867,2.198884653437138,1.2468373984967887
7.792838837162434,7.064648409943787,6.2647641834816605,6.408276824846593,6.226776509559388,5.244296531530575,2.438900389977237,2.907931133106546,8.698459614564278,9.473100011979609,10.149569307748445,10.034581828102842,10.220600854143335,9.437178684696548,12.092825485933469,5.075610003189217,2.009061899952535,0.8686496133692927,2.4065067097053894,-0.0255468916283261,2.0448276908574288,5.345810420260593,4.8980681530775,3.75107671092135,-0.535143930386992,1.7105219818681152,4.275936472649675,1.7180287472567966,-0.4935243120949987,-0.127416505924189,2.2943058061349797,2.287762475568062,2.3905436300317744,1.5296470952143877
7.484616878392601,6.937938357386639,6.303668395160583,6.613350966298265,5.685720907997975,4.710347672840992,3.3272514327446827,3.605183433899234,6.516317183973508,7.730404644461918,9.171532981324361,9.690362917232042,10.86169056703219,11.087096148262493,6.72847278824596,3.0986506047916915,5.4621951777343,0.9569256063196504,1.9334223315428916,7.591067473570971,3.3157783634179316,8.86621566314769,-1.7835943386059077,2.95590549311798,3.070015589185307,0.9864253597787278,2.0589906683174792,0.15601014559786078,2.7847068389609353,2.065973405601482,1.8968858775052966,1.968947390103467,2.3345639810761827,2.0250770360489727
7.372019907706255,7.415844346461445,8.086651454334298,5.437232219578718,3.004399224049891,5.455134135506368,8.586726603958102,3.5214858269878495,5.277754876370424,8.446227398250722,10.936810618799704,11.07120938956737,7.458280872732077,9.353974528057577,2.609968611332164,2.0127045683888007,2.3103904474590844,0.7041589283945892,4.975084751694891,-0.9096699563031073,-0.7091825690424286,3.9522237059838137,5.680874274734749,1.4750803791063438,2.643967438913307,2.8944537136865867,2.1430679635904584,2.5244520173071874,0.5471783062303431,1.3572670061792051,2.0279563346948084,-0.8230245721218354,1.0203123745858604,1.6297108197216033
6.8844400981165474,6.74310768138034,5.471005289502397,4.863322112733961,7.033949535724306,6.243411518279532,1.0797904464663621,1.7497692820328548,5.162021845758532,6.862148796940755,7.81061322495388,4.318810338022534,5.024218026161771,2.774079055300374,0.8492405137865143,4.041373223086916,0.31315586672611545,0.6775685528211842,4.204961891870334,2.939454872882154,3.0789186213481714,2.5681461509082912,2.78168568513245,2.297724246974099,2.780825676773551,2.5904632774494747,3.3798096745530852,0.10187414295892168,-0.5537237784120501,2.498795659085915,3.4598861908660705,2.207351314816201,2.277178370912723,3.384994395861277
6.870434789864269,6.521813917583327,-0.41600147999541287,4.772199269398875,5.193018298629595,1.8718634548046829,0.290118796663014,2.8304839807234345,3.1302922807426037,6.596390128579014,4.080374989419163,-1.4377673797991055,0.6091537320639153,7.4728675776451166,0.9227886036907381,1.8887688360871593,-0.5959865336722947,0.717611204179562,6.85351077934639,2.4015971461605488,3.84766165149242,3.917064500867993,3.7591000275569026,3.910202343994032,2.99341391126215,1.9973210470431983,2.315471736799754,2.908504465012535,2.2703351301767043,2.3616056032132366,1.9021397512610658,1.1512308899210342,2.611349128349124,3.8523823854524952
6.8528925642380045,5.742471023030362,1.816576193869231,3.4122229303410525,4.412023313444316,2.8395025974194263,3.613057933344932,6.832815512219105,0.08261584637192496,1.1665604486083452,-1.5168647244369515,-0.8592861125126535,1.1642170260084976,0.929578284203669,3.235574875743326,-0.6224660182210693,5.041896180401565,6.511850731792614,-1.0068139751302312,-0.8224846403655905,8.056687995763664,4.233197496685091,3.96098059121388,1.4551862357062162,2.9541405339695905,1.739587323304444,3.050590086175507,2.1785808966599953,1.3158451964098308,3.0044491982159927,2.088743803113285,3.915020462027185,4.499579724749212,3.7709104956316675
7.9145797441868835,3.055143168920268,-0.9327439724785832,3.1113603363515114,3.650471563324189,5.473305641702157,3.7791756909658214,6.242766854406397,-0.39923058095076785,0.7074399335422487,-0.15363272977948642,0.05869457267583409,3.627978668274155,5.635817506293992,-2.003001839067953,1.8149971748107947,2.9656281923756804,1.1884762973761476,2.444576025418933,3.490133539203444,6.753905537231113,3.0299647966088727,2.5626510719477733,1.0923335548684945,2.3824721937183253,2.3291014702329895,2.851587366211588,3.1241858830270535,1.773931846234384,2.240051836029698,2.0985081338302627,5.543005445333572,4.165205497700011,4.718232050386502
7.461511725118924,5.45783648801697,5.795671646211124,4.261353216274035,4.541225634997274,5.180470353221725,3.040690068049561,2.4646733039524835,3.884989865285223,1.092927587194858,2.2255697848254026,-1.8708176841403112,2.2185539461211947,8.405120375252725,7.852456658099203,1.5060166906952557,2.497584586019253,1.2828496154733942,2.619278807239337,2.222703553622181,2.533536856738417,3.6907773051541923,3.8120529603243174,1.389474216883615,0.7587466122160037,1.4370538774057993,2.032002440086765,1.5786151149809022,2.543094920672862,2.7175624636339344,3.772369883034368,5.316197883253275,4.417065490872393,4.362421289306661
8.76935195095433,4.265874254440873,4.0252134822074,5.654481217379326,3.944301800185851,2.6999622145252804,-1.0693797200909352,-0.40764603187811443,-2.472814907768467,0.8191011831928714,2.291293844663339,4.445736426894064,-2.725808388721274,5.49738367872735,4.571940215188145,2.1241363078679534,-0.7137300456258894,3.6645234628669736,-0.24943122152078112,3.1275744330189044,2.699199321976363,2.690883893156332,1.5184340517220358,1.9509737323405878,1.6128206788441104,1.354922130335725,1.6448912526350463,1.9037706101156946,2.5870488835268963,3.0449835230071467,5.9501025907481155,4.892594697405664,4.511644919733857,3.8952579632694784
8.037100177154706,9.16206894366124,6.843340706368244,5.016818139857878,2.336278460566549,1.2956593979427888,0.36961542581372164,1.3546122992291534,3.134524727719013,5.376521539393005,2.4954735720323558,4.476367625376585,3.2107144622982045,3.020152191233179,-2.4828263317932944,6.184321740932914,3.8208030793564296,3.377249468157502,3.0488309366248507,1.7202502203320802,1.0592460070303555,2.1283159387972863,2.053073537995377,2.6753985611873587,1.908294089345694,1.0831057632896512,-0.3865480750031682,1.3271680546684264,2.084013021164106,4.641246628205566,6.247862744978482,4.485271525483081,3.7868796588726124,3.7213057628057173
7.174920533886225,9.64399293556584,6.0207126978427965,8.196848099779823,2.3321691479365354,2.5413185601516832,2.785387969955807,-0.6341713053668045,0.1751189600540238,3.941269487709559,0.669588920182942,6.005909547001431,1.1550052418214318,0.09299033233242518,1.9170872689904617,2.994411537880799,3.418428645488432,3.6229294956499136,1.2748548457170454,2.8465405702771642,2.1132943665248867,3.818057485615417,2.774208687336117,2.965694177280911,2.2755555113246544,1.8729363532396301,3.299753464134967,2.5495395677124018,2.925859650435789,5.281383664180489,4.616846561652354,4.134256732364411,3.3558030444570957,3.2597300401863007
7.365736865268693,3.770673279753972,1.9293593526008272,3.280884918547735,3.8755563002206492,0.14928883327527157,-0.9209456956361536,4.837098710333704,-0.06778619592025732,0.22449213649777644,1.0748132269852615,2.2317545182700584,5.008981530048164,2.3337229070193266,2.5974280582879476,3.62651503106617,1.559982354454273,2.886881614755789,-0.31284317756957286,0.6078302854413421,1.834536121985039,0.5994391865915997,0.37440993008871404,2.316664367865306,1.1810189210886985,1.5059018495635144,1.2341620752593014,1.8020861925534757,1.652500396929422,4.704968842442649,3.9226228458808716,3.4091466490914804,2.756135681928448,2.352796280976087
8.63436783350457,7.455479785985807,4.410423101565677,2.5785099375396445,-1.5724266365407038,-0.9400609972406406,1.7646381345218698,-0.5529380721605671,-0.19944292712462683,3.1165232790032134,3.969457894921366,7.724930947834739,2.6290172313306672,3.6712838990690635,2.5494787749805976,0.7793570195224796,3.3181652339649035,0.5479919344143875,2.1703237152744586,1.7357144390878527,1.7750496208971636,2.2056577160173396,1.7882514532656018,1.7386967056671956,-0.7101929927500455,1.3082419738995137,2.609245316170837,2.467159471076245,2.2889514481412774,4.844008569845479,3.2929754952295127,2.3251663301508136,2.355123643571796,1.9115604121798213
6.8811209039714365,5.595722367983912,0.8118203797839217,4.862870207581721,-1.4093390141891728,-0.7331230534976013,4.230865425622615,-0.14071297612429498,-2.377858590985448,-0.3441154655812718,5.860480355826934,9.869674349888305,4.199334735807246,1.8103297806418808,0.6591554557463318,1.4857147291278272,-1.2125158272418874,-0.18779964229174137,1.4956073762581512,-0.3767712614955825,2.9668154914799802,2.5267431751043485,0.608425640778851,1.97324089017456,1.4585013902256507,0.07306115619024721,2.024588056585298,2.132845801158541,1.7930812973950536,4.701709502261923,3.2294436852076958,2.1567958604283683,1.906430829732119,1.579738943319326
5.26427907703371,7.162018805176782,7.548594910781249,5.048449729310621,0.327426587736651,0.9246797128778634,1.5880611899938437,0.12706843024639383,5.180648133743142,7.191154176034239,1.2115104920823776,3.9559305420278523,-1.148476939330303,2.53872708615749,2.6900414359509845,2.407651147839778,3.428863605430925,1.8700844476780842,2.0025439043665108,0.9233777387287735,0.5230167670324605,1.5180819249368138,1.7246563733105857,2.1605944950224103,0.8797123488623946,1.4241237791678651,1.9703055900843491,1.4497510269659273,1.35551810899081,3.8335371007573165,2.1616345426091645,1.8982106525229387,1.8924379021414244,2.4421776779328734
5.698704303562635,7.9713506305601,6.268241683563759,8.013710166290162,-0.6131426541188896,-0.9602406788401987,5.700496232734256,-0.07817142285673434,2.059791592148034,8.126363804845145,3.3501738571655864,2.8371554677601907,2.5936133709740483,-1.2866747536188672,2.712991057140755,0.5085577905806059,1.6257694766825026,1.3725536908095173,-0.7371364187536719,1.3950870540471239,1.507169119415038,1.5112113956121658,1.734817143368093,1.7188863935188399,0.7410593403616484,1.8085680368368562,1.513279989112839,1.6791353778070628,1.3167344349051495,1.7611280886601481,2.2423008169447414,2.987371359763252,3.76814608350789,4.297709821205982
4.502456907401781,3.6076952570887326,5.879683804594802,5.182804060079883,-1.1189052046756147,-0.14805132888834086,0.6911802490305254,8.212338737450954,5.250343210048572,6.998073976488849,4.8598258187467716,8.400794880086925,-0.9475539110829403,5.222161349953857,1.554658410147169,1.0412388477014982,1.7746083639332622,0.6778239644387917,0.5450299434405628,1.0705304497658898,0.6588331318318018,1.3708720165184536,0.6199507895080586,1.2114449157738276,1.1367824325035818,1.3588504555371261,1.5835092529104569,1.4050559161118976,1.242018346303793,1.0350872860233125,1.6978181606483296,2.271173452461494,4.258549131086739,2.21139366284825
5.852320622843959,3.604884223376926,3.746172527859768,2.9751816053230185,-3.3649894529388655,-0.4434263433457704,-2.4472501239048623,3.3600593642078804,3.509767924919083,3.589588450911525,4.3648155700915865,5.38162253300522,1.7251254868352563,1.366770629030098,0.4823541600607755,1.732264095634201,1.4208778663686163,0.40240876417163596,1.4418718443807697,0.4949835447781317,1.4515848451248954,0.7755973164878119,1.2907214600670558,0.6725974776001007,0.5002494362515287,1.3446906400327348,1.3081208150230432,1.340445209792724,0.9378051121425144,1.3221201042338275,1.5374823106637538,1.4849995237189806,5.696059796360412,3.9702946557324807
4.105618918948745,1.9763121172000313,-0.012703562214979485,3.7714989553324023,-0.7742506722881902,0.6974024862808801,-0.4905849035298231,0.8576959733409266,4.910723492521609,1.4787901724416486,6.749299446244667,3.965289059379693,-0.034485235043202625,2.394349958660178,1.0443440595453033,1.7743734611985842,1.0143816861677553,0.2182456552619157,0.9188832755183615,0.7237686884851982,0.7964861134875276,0.4515466824497908,0.7233279778241808,0.659749216135504,1.0269441699768205,0.5165875737682493,0.9839082690782581,1.260807926403913,0.7291401693173429,0.6248875617865897,0.9884428284717918,0.9905756061157828,1.0191792127740888,3.1510728266969434
7.609863092596754,4.534964336967621,5.45756070793871,5.626535564066384,0.35468845489002776,0.877864476909404,0.1441369539129916,1.7801990039315718,8.868090587178497,3.5593209490596487,1.9310245945112914,-0.4257887351684594,3.3242507688123526,0.9479388086463848,1.2647061734302303,1.588726628142072,0.5467160935103129,0.6372111420586218,0.44424132317196585,0.5019189650150053,0.5491243224291816,0.6776385341350174,0.41040377253665605,-0.03559533391448916,1.0495031210364918,0.7715770783962792,1.2807679963982714,1.909204149822595,1.0282031855746951,0.621141951802519,1.2697559968101273,0.4948710706824195,0.42383442096351137,-0.015171277121688892
7.525384394308709,2.248757681420773,3.7259328949718538,6.41706122523346,0.16549366096503385,1.4901923338518177,0.49715068643906335,2.682236855735087,6.091410165236059,0.43080565069867344,1.324852518889962,-1.7194541459951849,2.044639182780141,0.9936481775871976,0.1359806678193768,0.8171872555637957,0.5493615936180596,0.0036648170022758188,0.5382433850241467,0.7220151192199984,0.4703896366608388,-0.18020650023947815,-0.5607683551426391,-0.07407415312454949,0.48969300740926625,0.7354528809967336,0.49073030293992076,1.3373349053258414,1.3304351525995841,0.9036431644993235,0.9994327497171418,0.4034171823705528,0.025015665780550637,-0.8966798699053178
6.548001920265841,3.78088713717086,1.2496168141076172,0.9318422880409876,-1.658049360819164,-1.1446611007493375,-0.5361785584709977,1.5130635395280356,8.13858228264656,3.033202100213238,1.797439741865186,1.1671409499571872,0.7009302966809702,1.6777164307116583,-0.34110888700133823,0.05099934493389935,-0.8697924688861922,0.1036796383577545,0.7573523765435956,0.7428430078857338,0.20560731136070334,-0.3186463796199209,-0.30925842366874184,-0.02708522272409096,0.3526786598255299,0.2072253789006241,0.5683057595220684,0.5137647273704081,0.5158897997515801,0.47323963455928375,0.23230415448488553,-0.7677569795343182,-1.8689809412320286,-2.194528038026526
