script/wind10m.json
{"header": {"parameterCategory": 2, "parameterNumber": 3, "lo1": 3.000054539987559, "la1": 64.9999836372058, "dx": 0.5, "dy": 0.25, "nx": 34, "ny": 52, "refTime": "2024-12-25T14:00:00.000Z"}, "data":
[rows 25 to 49 of 52, columns 0 to 33 of 34]
5.637642117776823,5.415336741512158,4.7106571254735785,5.487874601755099,5.758067218362897,5.103613969606936,2.9497277432623537,2.3018582337187126,2.73035906362985,1.4468965024436622,0.30296335172503047,1.0823462908764643,1.4420983852871732,8.91490501943058,10.145624854385405,10.725718586341573,9.70406706113362,2.6592682247939234,2.36349951460016,2.6948592265170657,8.460746090462266,6.135858247031525,1.7758390775163473,1.4275931578553738,1.8547276436654168,1.3900710010695716,1.1871235334908266,1.0722475671511211,0.23415965670458377,0.6026920476859359,2.364779730002528,2.784971885534671,2.6342123465393192,2.8131953122822715
5.316955019600837,4.763202786086014,4.341167777395225,5.609168503275308,4.206704023105038,4.424410791361199,1.6158974625274034,0.66517062213593,-0.6866301750247942,0.8267155923481279,0.45043649950447834,0.9671911662358302,6.7683493323713115,8.379210684148333,8.263548285004125,8.087470693283457,8.000480917174663,2.337426024676194,1.7309054526667687,6.331765580050616,4.586925144690437,3.221008554389483,1.3753754455953537,2.86116580590534,2.613159799171999,1.040285540268298,1.0389324724633715,0.5553525516083861,0.07918919864610884,1.7347425298086991,2.783020734432628,3.8012139971783414,4.281874278014777,4.89409572794083
5.091258018850552,4.253734401092316,4.7839569195302705,5.435067307309036,4.718535236611443,3.6825722500281803,4.003698404126891,0.9334577150831745,0.44850961875202666,0.9825960216844047,0.6254922411075922,4.177133446732651,6.556972377152359,7.174865655106995,6.753498325150251,5.0227875301038525,6.670706141987409,3.2007925725480653,2.2090748603828034,2.530662557902552,4.472557700590231,1.9147125433095382,1.9589129318087983,7.005394683972474,1.3539780933576129,1.1220005133596116,0.8699660175362128,0.26113099799235984,0.2248533760975129,3.1205099133649967,4.438535376458281,5.637692837657734,5.967017462459407,5.400684030602411
5.9505533044691985,4.566482050275165,4.682740041392458,5.092698251756148,4.335585696171104,4.0612025206055025,4.442821296297054,4.062623118351853,2.0110357047412375,0.6710496405295797,3.4653771552570833,4.836583692766674,5.435258777952069,6.31934960991155,6.31182820539028,5.346157968458932,5.4094972844757105,3.5870120420531753,1.912417516278855,2.3734920523074363,2.282925783647867,2.125723107602999,1.0993272203313353,1.4869155290082123,1.608598308429126,0.9953960875142863,0.6038229340139394,0.40622588354067574,2.4440855863934408,4.332561387834857,6.512927677197734,7.60951369447982,5.165464723151267,4.743849191686457
6.28471639835246,5.142533549094085,4.4543733487309805,5.489057377292158,4.873923994377736,4.092609534662066,5.548688491917966,4.377015343028599,3.6974653245468474,4.219628727015397,4.613317903340354,5.278264301030456,5.794368814329884,7.013011026197136,6.6834748378469575,4.470472737965735,4.435614489912612,5.423676953311774,2.91752181236919,1.8628459103729123,2.5062680671743323,2.0886908156367143,1.9510741614391633,1.6700935991337682,1.742675249988823,1.360939339850404,0.6244119775516874,0.8510162502350809,3.786192681042894,4.884810879457145,6.774958030773016,3.181207530499096,3.2441779689434784,4.991136343852172
6.646973369710368,4.692207377617754,5.576168506752179,5.718314384586775,5.590894840281851,5.567678411368255,5.516445136465387,4.460842489336035,4.264028214020359,4.472796025576026,4.816322815003708,5.6695442704099435,5.908277276091291,6.429664048761992,2.98665292123076,3.5397167754319314,5.967957083874764,5.438862596560026,1.3857309593393277,1.676170234392868,1.4370287291728792,1.4581886303551879,1.432920957212,1.4072026095089225,1.617261066473631,0.7882592584427193,1.049189370903362,0.8457231395666376,4.726390765167467,5.1983675664181535,6.093001761380937,2.346861203647743,3.675132561169966,6.198820136687662
5.17535489695948,4.029813273460281,5.433439948745638,5.470891522682218,5.224654277013822,5.4220018557817795,5.237295726616607,5.204807018748871,4.781465540635923,4.551646189567733,4.409191112962079,5.1366792676850626,4.623796464691827,5.22095376115838,3.1173835183703575,2.8283559860193024,2.5452475424595455,4.769525914056296,5.244766042320478,1.8175803959490169,1.618508061981751,1.5002639453552877,0.9374890534699587,1.1560881386716184,1.4556158816993918,0.9266628615965851,0.7625049890017711,2.0225857887879526,1.666056236665359,4.742399638633242,4.669034584692567,1.9756109202204373,4.961850561046675,5.714236083083031
4.9311166057312965,4.205508641394196,5.077629267308666,5.581136628157784,4.01631438735722,5.044606424402901,4.902629422860981,4.746010536846826,5.01298946604449,4.541159794561406,4.781185048720954,1.9364472574095097,4.26385861989936,3.6286282776071204,2.0942879753532844,4.449422586468737,5.196256427808944,4.383672555970844,3.428775257703818,2.312649877760908,1.605732093433992,1.3430658433286542,1.5150351476765196,1.087371812119457,1.1841209922682665,0.9420933592222454,1.0965287018649545,2.624044573894895,4.293630772425422,5.900459719132532,6.231578003475846,4.068219275598093,5.3325073686638085,5.556257799431997
5.024870559890445,4.626311764286956,5.059556111137172,3.553562442340696,4.85785662798675,4.73685603244914,4.725594898647323,4.942334280049511,4.87045397738232,3.9459792274825216,4.7599807657468505,3.6991186145375337,3.4395379115124816,2.9782335016926837,2.5606616180003643,4.209780370880502,4.423917843682972,4.405118077801606,4.770867692807964,6.503263317405055,1.750173054260805,1.5214673713251992,1.3753046805759086,1.0807921313348359,1.0580401977415315,0.5875562727802811,0.9064535460251159,4.321304627549745,4.296655340433827,5.372738940685071,5.935382997105831,5.955626604107245,5.590270834782498,5.396379691116109
3.554779082065988,4.406882228693487,4.2703513073964325,4.652484678956024,4.529579809888229,4.399926493244317,4.547773920087988,5.430910551221897,5.2218680552848555,3.7805271695032743,4.711012342644859,2.532996705985328,2.5474097076570366,2.6984263392499233,2.6034452813228826,3.5978886532382988,4.906252603255568,5.051509766632286,4.738827975133523,6.359659143272749,1.4889624329233266,0.7152028943499041,1.0145666507900999,0.914003529568173,0.8230282744438693,0.8166351070540911,0.9698738055467222,2.6042776304644613,5.324503270622023,5.992642532071289,5.931139430592319,5.6366150103287715,5.563174930115073,5.71169847108988
4.159740015836638,4.282017962841856,4.219836742605847,4.679525543182461,4.547634732054227,4.660302642498659,4.666490177771748,5.187981696960389,4.423097977166543,4.361137786564857,3.962771889463339,1.8173543456877574,3.2184931936484684,2.415652570701663,2.6694025234362,4.529499572281564,4.945449294934327,5.06962577248917,5.889419302388234,1.9029827688278143,1.585163178078023,1.270743974003056,0.7943743533466375,0.5254675728282872,0.5564899405559994,0.8044527536799119,1.5218659075902274,3.448006725246935,4.663928092945817,5.067272342412442,4.85743448167305,5.132803168623283,6.261120891279211,5.923627016030768
4.597595359099245,4.621892894639919,5.213513715182451,4.982129895127454,5.013859173359932,4.603184665934682,4.960841615721999,4.471064927826929,4.658550640231281,3.8885489554416703,3.0175522614418817,1.9474757980891608,1.9148920780383076,1.7693264099842707,2.9219835786077692,7.260480055515723,5.284767137267077,5.777317319201093,2.735001260157388,1.3850041628349967,2.2205142134472977,1.8968565811892262,0.718504805822764,0.48800107323930203,2.841785227657525,2.8336705308670225,2.992867677807783,2.9076449388074974,4.051758262877501,4.5624603801966135,4.912596270878092,5.357536950114374,5.598616753087011,6.178395425163124
5.439058634682716,5.63700194570739,5.603319740360126,4.7011861377391435,4.087813442435112,4.4426563341952905,4.269745641456262,4.298797757066558,3.9072117308129264,2.837414505355302,2.666816931090566,1.3049954889824569,2.5005910196388745,2.3775784459277256,4.011545603917446,3.636726465823181,4.5307264266287195,2.8752223248374364,2.9800857211226948,1.6207014839726106,2.415918265054456,1.9221597149700589,0.9724075371879348,0.9591249911407596,3.5820745619839034,3.1882838795730497,3.136679925705043,3.7208431164956477,4.05676628355997,4.856973456310993,5.568980757318886,5.882739611268605,6.300394316835814,6.9244163193998585
5.563976171514309,5.11077920592465,4.709908956100617,4.226258840784355,4.219171739200244,4.756896694646423,4.698306869260615,4.3517691208415705,2.8430513871849996,2.209473863453848,1.6966860744489356,1.1593744156773815,3.1479516672966974,2.7346512416648436,4.042939274627508,3.904055919835636,3.253625918213131,2.6041195642853587,2.8134509233401905,2.30353053823671,1.6149354944874685,0.9558831726102216,0.8156629698432195,3.8634339470184074,4.481501915212688,3.9097943600702596,4.018726307025266,4.2892643493086355,4.885694658303635,5.3882820817507495,5.590474813972868,5.912687618789631,6.097457865747189,6.105200842640744
4.761734830192356,4.892461052321364,4.528722550912905,4.132099866676145,4.332313389663633,4.044703572207021,4.05351299279894,3.5290768783339543,2.386897582844109,1.4616339870745334,2.7035376482380955,4.436146574762391,2.7515832333379566,3.0941635315022076,2.753765270109986,3.0603083033591982,4.712719353220432,1.9940685898053234,2.397722404716882,4.020931351043094,2.849120002518625,3.1141717219557625,2.4047089410625957,2.994089670930099,3.9398816552431155,4.297975623339196,4.519522867162202,5.146395054205336,5.574171886378723,5.987464031341042,5.816136904984834,5.4669898834828885,6.159887643635133,6.77470295466025
4.969089810655091,4.975821218043482,4.914634797339691,4.585471001431087,3.8543489280853365,3.752070212694108,3.6136923677223725,2.1993777762877773,1.6153888073604967,2.7079664649073822,3.5213018708846935,4.621462961225276,3.0430946713352767,3.598468368707993,3.545837900529899,1.1585687045817799,3.9763350400873128,3.657447343897183,1.6782457460314155,3.3928440433883,5.0469582462162395,4.4606452393917255,2.9749448647026617,3.620907663320067,2.2478071345258184,4.599054378081484,5.719336495055643,7.096063780078767,6.737234507174373,6.354294712358503,5.923565160081853,5.577095233473163,6.630831779188753,8.114680515211013
5.261750179047588,5.276743259542782,4.829110340061161,4.4265962730787045,3.419325324012842,3.5089682972486536,3.0619776768518165,2.1467900404268985,1.070969638958099,2.5472617718019164,4.302342710422847,3.5657432350202924,2.4760984414413456,3.2302354084590785,3.739630945122948,4.64149279765106,3.1695277290313038,2.1877280024592585,2.0889155442695655,4.958754111288032,5.062804130558674,4.610117452955683,4.125114387185635,5.2217054090516575,4.609213093645101,4.770472276205878,6.669057218769002,6.989706536635994,6.783539400382682,3.564481760268856,3.279977134046243,4.673811698066208,8.379744541202001,8.51400324226731
4.9882052796141245,4.7806337801200245,4.841509596014095,4.4618269032993325,3.456467401154571,3.600670979871877,2.9120905113927305,2.090885746517388,2.4099090805341916,3.042099290324082,4.577188829613469,4.869399251240961,3.358441407548033,2.613218510830458,4.2237037597794895,4.290846214158399,2.703618091950913,3.543059823219675,4.992538466791407,5.308802268711311,4.633118337591748,2.1956872592782495,5.732662716258792,5.897525747975096,6.003381768226159,6.6614120336027005,6.93739240359307,3.8286333700635753,3.055037796755416,4.374157943438356,2.9797104380979667,2.4911034332532136,8.404752542797333,8.209381103968205
4.620693870283509,3.9460095231625227,4.922426747475212,3.695839917362935,3.676755174654481,3.749761153861091,3.29008175549152,3.4245079153098774,3.3801195567614997,5.0193115053125945,5.129206027938139,5.383665227000427,3.4109076611553837,2.4316272243535137,2.6659847970552475,2.094804695044433,2.263315258108951,4.996719000208114,5.012079173172673,2.4828776775619588,1.947356265643404,4.299566140175684,5.159679594244295,6.3972137039635495,7.309979011119611,7.1996035716512345,4.504990659152461,3.1799421835791026,2.438247584724882,2.5804448544199388,2.777275762340488,3.2970826586207633,4.6122066860584106,4.285202393958498
3.219715080649078,4.149665676768561,4.76825262485604,3.3012302248343994,3.5024335581539945,2.7456093766043996,2.572510723017201,3.7771898182078107,4.952716702249549,5.350421723550306,5.296851266998037,5.827121941036338,3.3311030098943006,2.5164939504853985,1.8413200312060678,2.23368066065054,4.190413310937358,3.9090396033774897,2.697277845712292,2.4871364568860597,1.4917462554516208,2.6433823948178232,4.316595657572032,5.262456563021423,2.9884285692201287,4.187328666074356,2.985873501294613,2.5367960292961436,3.148509971044956,2.197023980787793,2.1318471243554953,2.952380719682602,4.148195148317527,4.470203710003209
3.256034387205141,3.9376616430097515,3.864703981333609,2.218070702679878,2.4208792929757914,2.844423246922297,3.8568808930477725,4.528010613104638,4.805164664933688,3.704750128635221,4.341701848456573,4.847588479920654,3.223911530693581,2.8655812015655657,2.306395328271366,2.9925117485563137,3.224396326722388,3.030038050027855,3.1571270270733627,2.1102031988576284,2.7066984343356055,2.089466018722229,2.9354156094284005,6.171714307889847,2.6454852815390053,2.450154299870808,3.946566181170587,2.2934844115356534,2.192685768962062,2.5657578964382424,2.069541191959237,2.320949281270471,2.6880739402994016,2.215739562931685
4.104368068883968,3.719304186199195,1.5699057522870008,2.2498695601999095,2.0529576066201485,3.4248359896324874,3.4836906675198156,3.923045677739118,3.3130808222749906,2.377403361860236,2.8114018639126708,3.3830131315600256,2.2122074791034887,2.801784698022739,2.0515963133082162,2.579173480700569,2.412499566742185,2.168570542752876,2.4001819275025995,1.3943623136174426,2.434665021275581,3.1376655330341974,2.6510450461831154,2.7516919867733356,2.7694786153748177,2.9250329094545924,2.3165980766612764,2.0374015197605093,2.650229035311726,3.51034301339776,2.5948158874363996,2.331445904402422,2.516945297284927,2.2461532887765037
2.8900973627863698,1.4677821780153508,2.1169739208103135,2.9504254486820867,2.7542571187631104,3.6214463413416764,2.4482741810459023,2.4971296782040904,2.646041955444217,2.439085207830567,2.1176855133189947,3.244482518792969,3.758339195494224,2.952445104531658,2.4920930786115156,2.125536916918692,0.9687172925372968,1.1843337857955973,2.12953766432541,1.78165985467244,1.892505800861513,1.9933596214682885,2.9262781755414045,1.6427978798457252,3.0701209513600594,2.259375209757972,1.8230499332553352,3.3592734500322305,2.8813115211088705,2.487514135240653,1.5262949657997404,3.2081918341642695,2.522278396870054,2.142528093069159
3.0039053671660416,1.1253663962169778,2.615314716811228,2.9840386216198826,3.169660960442755,2.823203663586509,2.690617224743831,2.4737635337396897,3.010589826845246,2.8930369516392296,3.293009428586028,3.6283563720120666,2.8351492050551204,3.3344544975505674,1.6326487750260552,1.3949828545054999,1.0189745367394563,1.1651790850586021,1.760035372192396,1.567389475860916,2.0260279502816654,1.7264651417781054,2.463632433472502,1.983669407040979,2.6983032733465118,2.163900371060122,1.4369646909672436,1.7054763868704894,2.3033371841009256,2.8716937571068404,1.670923291167984,2.083896184701879,2.652956926793984,1.4006081227421006
0.8098360097206664,1.7883284891714317,2.5566524628203284,5.077771896166253,2.1406814017149527,4.98322989758204,2.8010881534465257,3.14903998747616,2.773427967755505,2.9110164015207354,2.913573476155857,2.837659639951969,3.3408743771427116,1.1896993171492514,1.1382440697493388,1.1487804643926052,0.811199377793354,0.8931193896140732,2.5400533886006116,1.960778515600222,2.518404530645806,1.640633979214907,1.3191296021512209,2.611526961732737,2.313270327815465,2.1287396216420365,1.434407108723741,1.3108020205184039,2.594257875213213,2.5553724918144005,2.077239357629757,2.1984503595898377,0.6573195137581075,1.293038705218514
