script/wind10m.json
{"header": {"parameterCategory": 2, "parameterNumber": 3, "lo1": 3.000054539987559, "la1": 64.9999836372058, "dx": 0.5, "dy": 0.25, "nx": 34, "ny": 52, "refTime": "2025-02-08T04:00:00.000Z"}, "data":
[rows 25 to 49 of 52, columns 0 to 33 of 34]
5.508208048817426,6.081630488799042,5.655400915399581,5.442195691106781,4.465862034485686,1.4067918135157678,0.03571087215529017,1.2903187316787408,-1.178738593933108,-1.9707793731860102,-1.3963451154861204,-1.854041335257513,-1.8481127007312106,2.235925894714965,2.3141036784142024,1.5759303778640446,0.09609704843214974,0.5186328962397816,0.6588545202605591,1.5075929134249568,2.757618918258228,1.6038669752990606,0.7455318650187873,0.49142901895932456,0.07839397015307237,0.34458314454476735,0.7766557715018417,0.6016972662479931,1.9012700750307077,3.4209928639020557,4.481227647099594,4.830770344568058,5.2734493379078256,5.576123530001826
5.9332299312884125,4.285547918271965,5.372548721977212,5.516709629452545,3.1864341987137808,1.4419640983156126,-0.4971668130574625,0.06112646979641424,0.07287740478719176,-1.575221549373088,-0.9497821485552204,-0.9910656242980274,2.501369655806865,3.693895619267965,2.500609260581245,1.7587932617406217,1.1924108698790352,0.6276298053188161,0.28602508560396084,0.5162871210092203,0.21872014461047065,-0.34022726104845596,0.3637993739264377,0.3038856267807274,0.3453897949885199,-0.330899399814427,0.45930769893662554,1.3387605032564713,3.5701439742962355,5.1896686281317255,5.278446715765961,5.230413646253777,4.996836197934954,5.239749673137374
5.750236859596567,6.254156360631269,3.9172416252810924,3.615803583788264,2.4316161528800007,1.8054877812899044,1.3591633651519837,-1.3849384558487179,-0.08790151797382333,-1.314624165490689,0.4893955581799983,2.3436401225587398,2.810583320523545,3.5380311821160437,3.7800794740997663,2.796027873025329,0.925494821806258,0.1239583173416345,-0.08757135567824234,-0.15459281591487964,-0.4940347116638052,0.2693116362235836,0.1282289385321094,1.4581620242248914,0.46677474711855077,0.21905511843385558,0.8721316249952336,1.1151286223399373,3.4870164554206178,4.770378418563698,5.003805738766698,5.148941523330938,4.756288846606516,4.917127150198551
6.69884471809755,7.337044663199238,6.625085119647238,4.39731219644057,3.465631187918383,4.84516262769886,3.8840555537704917,3.3613871433788685,1.53697771132438,0.5119268045780639,2.8356424263095357,4.31354027871819,4.383304485267038,4.641270315754903,5.248129887912662,4.393516124163246,2.2971936707749796,-0.1487215646370533,-0.27283527958973885,0.03448859948931754,0.26381705136136313,0.8077007990759056,0.4411357678399593,0.9435501836177022,0.9090462457577146,0.7054104194595406,0.9920492443689324,1.152830782266949,4.384292974445758,4.63343454854231,4.055803550964037,3.6759504168667005,4.0614232312268905,4.827237782595207
5.817505130401437,5.942302844603035,6.153923797107549,5.330163465833455,5.5137868315371845,3.820521664555012,4.2804626236163585,3.4244343371025256,2.585148023757888,2.459656506979893,3.4243104945717278,3.698325703074428,4.454005315147572,4.602522442432031,4.205525666065013,2.8912718576396226,2.84630952355291,0.48852553001961513,0.7604478738774796,0.3978872657046746,0.580591367535578,0.23918177099887036,0.044314422426511534,0.7261555871329431,0.7201793194519625,1.3910937712551212,0.9594697612743839,1.1733883028427632,4.102947090047286,3.4097432145541076,3.0787575956297517,2.014709525127512,4.912327846454921,5.208143767166785
3.6936019899805177,4.698553083802232,5.211950448418006,5.369643026601587,5.368585517745568,6.143448145360355,5.903785838740423,4.333171622489811,2.999756901747756,3.53957160130533,3.9160108782082657,3.5183596755614954,2.5691223045478693,2.5268367193601833,1.564905825882631,3.578313988486988,2.3487830054789907,1.7922059994891666,0.13766157323619196,0.1279254444407709,0.4659213665159337,0.6682119596018795,0.4816043032425695,1.0144865978236017,1.0528186554839347,1.0775305024415656,1.0930514195901664,1.1275319822787693,5.373816923093828,4.335187135319939,3.0534993185449983,1.5120495449760638,5.33019966536082,5.186543918968175
3.3937161330520844,5.061115373023853,5.186927129289615,4.85492301183747,4.825003307847388,6.170183137119007,5.164365100198678,4.818109337628833,3.5369544405387243,3.8543256925969183,4.4301364885337655,3.141530965658759,2.53506802355231,1.4343374459441964,2.1380093872404426,3.396552414576892,1.8875608836005613,2.457394051345547,0.231453616364167,-0.02224388158193207,-0.589273315133945,0.3333700674637853,0.490538904457767,0.6027371790130917,0.8579396564335238,1.2576015609169438,1.0126802979353806,3.902409067465612,2.4223043783439264,5.207940174172504,4.406609657865699,2.762125821731684,5.532151850878374,5.497540865964851
1.5674640280308059,5.2067986595389035,4.756687526187714,4.7463201976125236,5.001246951801257,4.375241170588918,4.873760026017137,5.312569166534285,4.289078487941435,3.818658371026878,2.128580762107294,0.6119292660845558,0.15843017277687424,2.9138040940835017,1.9479455312670348,5.316870221825353,3.072469494840315,0.7198254752771729,0.8077763943721612,-0.060888496690006046,0.1624977983443932,0.38271977401189133,0.8268235771124051,0.7233462559409172,0.7652151641417685,0.9553996262858316,0.4572031424538581,3.333115662575205,6.322013825780755,6.178997695490476,5.572047177631955,6.224697045036247,6.260391035473199,6.119105019299149
4.978171744801231,3.845035788145881,3.5717418784755908,3.5238372798685678,3.821764355262286,4.859921100286244,3.9727804393551276,4.596869757426966,4.089542629546537,2.0773866876783726,2.1583960503764716,1.510841633535278,1.4171071968960935,1.1521592921983062,2.5962340356979956,5.765984894105444,4.535449179761777,2.6331788250583243,1.8040671947104048,0.7808879688685514,0.6095158853999727,-0.1267581784040391,0.8279685479142023,1.133950912310983,0.857797796558346,0.5983141202794557,0.25313977453554165,2.3618694950661046,6.516858972453678,6.530040746844438,6.347923463084916,6.687178961124069,6.806926478531683,7.409837200486412
4.981363318240935,3.7711518658426892,3.163136752143099,5.075771999924327,5.0847345275808475,4.601119573561221,4.3253942897858675,4.255693656705692,3.917238147814403,2.4266743242947078,1.2385924811185598,0.9029370871191978,0.12217548189649062,1.0294826974242492,1.295061846539878,2.5840271753525923,4.222332570544885,4.168410259019,1.8923638272169132,2.538121685278803,1.6567439680239464,0.7625946101476218,1.0523372783058296,0.7517871676942876,0.9930176421884402,0.7284564023890366,0.7823341718291825,3.2727785128530096,6.084908146500894,6.887747109952105,6.9206194921328335,7.123859660930459,7.122232138345215,7.56459569482872
3.134491265092248,3.763796944522716,4.445994322427256,3.499787510620957,5.143904726393865,4.495794753390471,2.9355269821041055,4.096594581093701,5.1400664523008075,2.7822972577568277,-0.5241327556328567,0.5326307208889403,0.4429077900739926,1.8496742674510727,2.507530518635007,2.629659867947967,5.031375591710321,4.188348424450366,2.8410340376128453,1.3608359444684948,0.653570427091229,0.9773846248611855,1.113779992446342,1.0135846523373668,0.7807508723315505,1.1047003470558476,2.2879795594874697,4.908454735469948,5.717267939274698,6.591113014640073,7.158981685776398,7.592274676200452,7.675430911916172,7.707375825221027
6.380592993931182,5.467737610375675,2.931214515767015,3.9375980758351297,3.24102303486047,3.973058775168554,5.962224822936162,4.997924878475955,4.40733078950615,3.9264609781202293,1.4541136460992552,-0.2715198670296617,1.8221770295195596,1.4810934969365945,2.4406865504012356,3.7910672490203425,3.7350692930122005,3.0533437915071495,1.2282621620052563,2.3877733343968988,0.7444240158458714,0.7422226922524322,0.8601676609904878,3.585005438244373,4.0169517130763195,4.801506750552394,4.962628935389708,5.273404301222556,6.188305368691208,6.298147898784402,6.918976663750361,7.625433413373253,8.04185629281099,8.277473648264209
5.979582384988088,6.526712602336085,4.458849886656544,4.637817517143968,4.802882997897893,7.055999757928778,6.2535432559950985,4.612872332995127,3.173846450387988,2.9985673181763324,1.147509382252124,-0.22527040878460594,2.0477881816157764,1.3219749009268482,2.3801620474857743,2.115213963171654,1.1226588205415637,0.8062637157917771,1.1135358732792162,1.2230028557165207,0.029067791839977552,1.3827331217311254,0.9418236407294571,4.172375620541663,4.226250018162011,4.7423045864763544,5.879594302909239,5.7609278379002875,5.953406950886336,6.64272530949371,6.634227133891795,7.266674079515428,8.143607561358742,8.523737821910787
6.571323816511118,5.118315109708816,5.658076995216669,5.305490379324562,5.244911871056353,6.798517144208925,6.061724411703311,4.263135574357333,3.2307145652107243,2.796282910893858,1.7652084178032588,0.43803879695680215,1.0693814618171253,1.6322879244541808,0.9563593490670692,1.9348989785624655,1.4122519654106156,0.8747747474544962,1.8576308795288772,0.38863688496420823,0.437366309386695,0.8636739602347521,1.834868002919324,4.846648977617242,5.026112723114665,5.193595734135099,5.40722203893651,6.599876639945,6.340375870790369,6.50760353435862,7.070588181302806,7.379797519552635,7.739511876666068,8.55369499926522
5.13356697318784,4.4713564807445865,5.140371248167645,5.518484572459023,5.499898263901648,6.480320731558263,5.7010407942510986,4.46133227066749,3.628423600423387,2.7863637571378685,2.696358394574232,2.2980654186479654,1.9387143598650622,1.3110010721340521,1.481055052200548,1.9762254430541493,0.7900120603192023,1.0996554909161438,1.64914609476436,3.6462233218748406,3.4565040385530823,4.084020471549773,2.7754734760192634,3.322758682971198,5.465696631818492,5.067383239331413,5.3085839692111385,5.815922562808252,6.736347633766193,6.891606969154192,7.08749147213726,7.7516074427787265,7.836551396526424,7.592130030430226
3.911889729406772,4.114789320165729,4.369058733278355,4.716923517345834,4.953693203020925,4.889243050109675,5.3389060613722314,4.347621761678257,3.930259600457642,3.3645090544672445,3.5026900780245747,1.161774839222644,1.7992542353466676,1.632349213588833,2.6568649399018636,1.3092266062190012,2.0226293584595676,2.4432742300933605,1.5335414399787208,2.2954304766131366,5.109215296316267,4.97311671440395,4.652481371256792,4.697382043245775,2.7569401511683616,5.048475998585768,5.085448795161277,5.496196160821921,5.824848509471536,6.149094973367431,6.95054397770445,7.438076270040668,7.65614540523599,7.4631475303396515
2.4197599010330215,2.923426557572252,3.7099569265604098,3.7546768872811405,3.965006000788943,4.428559079042926,3.7583071073854017,3.084847432259856,3.5505617336804445,3.6088074764121667,2.660332740893517,2.4995643891726136,0.6285857314452881,1.9175936189065428,2.4854532529678033,3.2771089886457374,0.8910454021831877,2.210975574797654,3.3315853056420854,2.8644866713036743,3.749298495948352,4.78141522609107,4.362587487306366,4.376316999898781,4.089697524698518,4.462661671739706,4.68405553180944,4.780163161606847,4.2124278973694755,2.506019662179133,2.972649732155051,5.540470088942837,6.980771804900928,6.835891465561565
2.363749002417147,3.2014716940682506,3.4593372350739724,3.9707754557228454,4.339162661208367,4.0869896714888085,4.256027288227469,4.166013298084692,3.775895644886896,4.0173415640443855,3.816943071530811,0.7747585526468471,0.13575567842480302,0.9767912724758916,3.2899705208761825,2.083595956322815,2.1363329503218744,2.4279854476607143,1.5994254302073097,2.7676756990490894,1.7718818350482424,2.2728791707361244,4.161279674957962,4.391191657710387,4.265242381378867,4.271130109104839,4.321629546438052,2.0379755855854826,1.9062128028493548,2.322135257735311,2.4761088074263613,3.2951924583475787,5.611942797677834,4.816420785948561
3.673872444828013,3.873359295435391,4.146436365537349,4.258820520148996,4.797220809668932,5.48773035075095,4.91179416877188,4.353391488738517,4.050566477576181,4.150260654505871,3.5977589527488187,1.6920783053740804,0.26337227663168744,0.5982996644427613,0.19642307181017907,0.28633521506160137,1.2758088526492817,1.882779080614305,0.8788692622775888,0.21195040877020496,0.7645252672435653,2.64184788604074,3.6586090557918522,3.7543111378867104,3.9613958813805517,3.7474747640488966,2.8232610642547487,1.9674523124816945,1.697320814157272,1.6853178568452045,1.9763326699467643,2.062076348439375,2.650686874496511,3.187334122441304
3.958324601196543,4.768483686218377,4.7736835950377765,4.602558582377153,4.581255011521196,5.024707542286441,5.810178445513779,5.498411372129149,4.6711606960410395,3.4179396755046585,2.7782240006590286,2.5231114370791365,1.616930604152787,1.2934579031517581,0.4578606250704307,0.441353119275254,0.5488708374753493,0.8322342848577329,0.831242976455451,0.4997153514526203,0.6519127858092544,1.0585535143031664,2.0458271168709303,2.819042406725314,1.0626470869856113,2.249196507467846,2.6696933828377603,1.8884533860494352,2.3363146402916377,1.3853648111327503,1.314044721982049,1.8751366232091047,2.640307003255445,3.1743851204085125
4.416755763316319,4.374134608765714,4.731944501949318,4.957450221877268,5.202925642439253,5.0576020375491595,4.318294134288842,3.89329888908546,3.427861535938034,3.5871054992217957,2.965801606615978,2.178364978310272,0.6626070921808406,0.9255066969922182,0.4480403163975058,0.842647889527126,0.38689462579326384,0.011643866443601417,1.037838024656307,0.7117051566298802,0.8838488110286534,0.8468339512643986,2.1169407892567933,1.6247781674769097,1.145414545928179,1.4694573652580436,1.7843642782901383,1.8843212376943912,1.2362772780479154,1.4872620629211186,1.207146863044497,1.4471120313703443,2.666435448620885,2.0861644383250884
4.405189203263808,4.663356588251947,4.46321834468259,4.366397769853036,4.159398910115868,4.035205799784746,3.8291018781994195,3.143993186569471,2.157238542508253,1.1841405903020468,1.5933457557090636,1.0299725018486852,0.3746271870662675,0.5520695300359881,1.30806748897693,0.911859362307847,0.24821245310797038,0.39166470454488495,1.1608193383994936,0.34219581987403697,1.0447062713067938,1.7927381142527952,0.9361301797566162,0.8006588052260163,1.4223835717535962,1.3553610928102746,1.3694773270277152,1.2901600362851842,1.5228685422181414,1.506098346981088,1.838549994519383,1.4635267468631818,2.396023720709398,3.011625894252193
3.884940716584525,3.8862525951139744,4.005927766524162,3.6714111679635817,2.9379932832578217,2.1302531016349624,1.829841799184864,2.1103987890937237,2.070335756646052,1.6872019682519726,1.3968920103146785,1.5019089879462106,1.4966368176864593,1.1611503610461873,1.1457951399789104,0.9292851669773698,0.6127775421176438,0.33145651341744237,0.5233348653522891,0.25649541463689035,0.7446248542340351,0.549131673999036,0.5715793975638737,0.8195744351166303,1.585349528120089,0.8501921018692565,0.7775446552603479,1.353502009254515,1.6291295946111444,1.3926055311398369,0.8181012969878335,2.9221977662291643,2.7231220768206397,2.821421119938349
3.572661897656448,3.6701125875024982,3.4622681460060996,3.362140997280371,2.2281228016717183,1.1046207022477235,1.3509468836719558,1.324576581541343,1.8418948511100994,1.7128610848645827,1.521416921197997,1.4056653154138223,1.32106487325608,1.5744133771622637,0.8010549331809405,1.3341690523296603,1.1685434385982227,0.7704122821991423,0.9137271820896332,0.565874508529381,0.5728737366382646,0.41632545779805696,0.390375128609595,1.0830413918541502,0.8873756291233665,0.7707779985108516,0.4106750036356873,0.4115911739228959,1.3585297468246635,2.319906329773077,1.7687669309147027,2.1515647962373063,3.275136652457797,2.415379880164392
3.0478120089957277,3.5973393804389473,3.4191777822293337,2.5992681713301566,1.5518865413814718,1.4465407686275584,1.218511590377313,1.1515112435574788,1.099147976692484,1.4734247827419675,1.5143447942425727,1.4523264541789453,2.061782749404646,1.3987806146031996,1.458621601001462,0.7984136039137671,1.0665224785304144,0.9553194548482071,0.22326644809051457,0.1981312414399737,0.4761016895988341,0.2983677697694535,0.5194041521753145,0.7821884255869215,0.7558012763192313,0.4192355534999539,0.7334029060442401,0.5914519993994611,1.6559003719939582,1.8732329136550139,2.0132827058838534,2.2651101676416774,1.4555897334868932,2.2571625610667514
