script/wind10m.json
{"header": {"parameterCategory": 2, "parameterNumber": 2, "lo1": 6.000027932988019, "la1": 58.9999434238085, "dx": 0.5, "dy": 0.25, "nx": 22, "ny": 24, "refTime": "2024-05-23T09:00:00.000Z"}, "data":
[rows 0 to 23 of 24, columns 0 to 21 of 22]
-4.2874594331267915,-12.179860164382712,-11.951953712623519,-2.6770630753178266,-2.451471468742467,-2.522830992849787,-1.2067884510287286,-2.3252158265298175,-4.340437791579842,-4.163260647941248,-5.862221682690237,-4.078824171667269,-3.3863786682412016,-2.951655570011586,-6.413883042400689,-2.1137770448857003,-4.127421953269792,-3.758698190622272,-3.7073112920806954,-3.127421513301497,-3.698804545949035,-3.2354202693577228
-4.534414757796239,-7.784547423587053,-6.932171293603711,-2.475101975221151,-3.6697911641144896,-1.8245221444398918,-2.0936890445398944,-8.889801680381623,-6.845806771377419,-5.347595984419945,-8.280376357980101,-4.368525660245957,-4.272974222171653,-3.469752989867997,-6.6461835248736865,-5.884185855539286,-4.182881127504188,-4.412169221374135,-3.6834642701584572,-3.709049971003923,-3.159014764591634,-2.974662005477795
-3.958098197183438,-3.2358076916499847,-4.7498574565724,-4.087495586767516,-3.2214391732199337,-2.8650157672041816,-7.958349692596099,-8.968565893970124,-6.5906494415244525,-8.001844649427838,-8.23007718136377,-4.331164918675114,-3.7751618079869145,-4.539081947092588,-4.943531694029852,-4.255316913402931,-4.515313686865115,-5.5791178186769,-5.614331976696025,-4.414936040437849,-3.7728926593879697,-3.2226883252058443
-6.363863973336834,-5.170801341533193,-4.686223551422131,-3.2298426084785694,-3.862075389082752,-8.01193197174045,-9.242834653105897,-7.830772438808183,-8.528720375435038,-7.965824358452153,-9.237566486533655,-5.353268829815359,-3.3222221507973595,-2.6734083657675622,-4.856484358307249,-4.653044254178762,-4.09864664457971,-5.157254947651747,-3.463757827112992,-3.1745059803242053,-2.86257283493711,-2.4944133697934956
-10.109052346765575,-9.19854880027474,-7.431561910917759,-6.045369991214019,-11.433561173632503,-8.226063984361877,-7.9652084219739505,-8.859619713326941,-8.898105665084275,-7.939795074738659,-8.622936123025168,-6.104155351104448,-3.373439864519801,-3.0106119003046916,-4.069498825447982,-4.411072845512697,-3.3380429712346147,-4.419027486958508,-3.2909183428263598,-3.1550831412099396,-2.8965025632938266,-2.4132252376327537
-12.311850560482123,-12.417537956079876,-12.681950378164977,-10.606710944388311,-7.971092048109414,-9.91880325189034,-10.158768804318042,-8.907099039992596,-6.9034783869494865,-7.948760082536112,-7.081620814930297,-5.687603682930799,-4.774394688042207,-3.788813203474223,-4.362150764263424,-4.729887566472387,-3.3122712710055957,-3.782187336226201,-3.1344964265440445,-3.108179377639795,-2.8610549320945577,-2.362488611300799
-10.739944026294143,-11.48946657183463,-10.221464020408087,-8.483969894366552,-7.427990661234742,-8.202535929884915,-8.186326047479728,-5.586426905991663,-5.305083718622521,-1.818659444085234,-5.744608859433624,-5.816036165667553,-4.059807748381356,-3.6634185412355325,-4.011620567559384,-4.482296348563426,-3.810803397840903,-4.308286465607302,-3.538416350850828,-3.111954953813751,-2.8252613147615318,-2.69481073694893
-4.830932769260945,-7.190723377270509,-5.943446607013403,-5.229506537388651,-6.260679235368493,-6.293604085443431,-5.394081748474827,-6.924187713180432,-5.645879177868522,-3.489656511676885,-3.758282404472054,-6.148890258296998,-7.549778215527348,-4.477156684785329,-3.965770207977965,-4.02221572975509,-3.759708410241246,-3.470678054213323,-3.9548907561976354,-3.0336334601610626,-2.980941625016159,-2.352045193720314
0.49759613014549464,1.196938695879159,-3.248144621051738,-2.558886923401739,-3.2875140458343948,-2.569479585396118,-6.196852620437614,-5.349974053817109,-4.664578162086464,-5.292403091293923,-1.7620817811566343,-1.2239309885487397,-5.3022746825995535,-4.494071239111499,-3.912784636104852,-3.5815249169437875,-4.394916463887534,-3.8996179432166884,-3.763925675283909,-2.950732864438742,-3.0637300884287675,-2.637569948313795
-1.0734795016629672,0.05191593477682591,2.71402156647101,2.6584095315546263,-1.8720377865797226,-0.18158364679752254,-2.8650793639942114,-4.066483591396678,-4.596906818149961,-7.183766936057551,-6.791927687455094,-5.856531349316261,-1.9642179474619608,-6.832133400514816,-4.360057880595672,-3.9296756094386036,-3.812501986700184,-4.134850909674122,-3.707345569974176,-3.371538729784877,-2.451729816134544,-5.267666551647609
-1.9691677953633993,1.0388760249681264,0.9761882091809138,3.416474643468909,3.5506661976533374,-1.6553795218935143,-0.09016299160671254,-2.181191351364179,-3.837427581616094,-3.2101515038788677,-4.890932729149593,-5.3778898432445335,-2.9444306493944365,-3.204170095672859,-6.10778840259219,-3.4037292280464357,-3.380641214979411,-3.4709987723859035,-3.7427358675264935,-3.4428810406421766,-2.501303659983624,-5.635108701149587
-1.0792323475846317,-0.3515352705630037,-0.65462721728083,1.9823127203736262,5.082986097472265,1.4735928339975737,-0.5387871079365225,-1.4465688455415522,-2.8315567101628885,-3.046698244531263,-4.518209712770487,-5.130310129843516,-2.4270349787973817,-5.111901182131093,-4.074708090583077,-3.5200654999555065,-2.994167480345089,-3.6967111100410435,-3.3902994514857587,-3.5431429847117983,-3.1159589838948083,-8.208806529054105
0.8574314959321481,2.258396551146851,3.0996525745612367,1.2809269182628402,2.299002951120347,3.070968433741833,1.2440974893477041,-0.6310551416862236,-1.9042530761025778,-2.099913303826492,-2.3134643661934997,-4.816032601347851,-3.8721103380414807,-2.8295097134408445,-3.864860169902086,-3.229443540487777,-3.2446756212268264,-8.30582444591,-9.802036071974069,-8.699780213006463,-8.233950403647011,-8.642049825283504
-0.015503718126726292,1.0135878173719357,3.168282309943063,3.885739447270725,2.9618006608651517,0.9113596307576816,2.390687991618561,1.0973668615998005,-0.874651125738808,0.026202157623600043,-3.027687590217423,-3.7967043767947577,-3.1053912140378688,-2.4760293659493215,-3.274845217586564,-3.635280712382317,-2.8032764601704763,-7.211962061139314,-7.437669780681198,-5.969573961816762,-8.34473059420112,-7.966691140194572
0.8139136061934518,1.312567052353157,1.8340537542333286,3.9198845630135164,1.2264032411239878,1.4450409498240824,1.1640195412092134,3.472177568436276,1.0208931059458892,1.2708879203089172,0.9132293580486711,-3.031607443951849,-3.540506619139436,-3.3625292006765233,-1.9455510114242733,-2.321665616137346,-2.4447247495180973,-4.549969955892129,-2.752161991720724,-6.207010533694472,-7.925203757372535,-7.718627908510005
1.4277642837286952,1.0690449551613537,3.143718633329622,2.3802164930651966,4.224755481090113,2.7706182703591655,1.5419174653383299,2.75404342986758,4.441936375889685,-0.3824430685481026,-0.5311347265708533,-2.605034732878135,-2.5698639103906125,-5.731251742364005,-6.861349099405755,-5.064569045447362,-5.420366520546985,-4.003135778061471,-2.4121504290428986,-4.303908646064922,-6.438944322821257,-6.62238482580438
0.18692292586399165,0.11660192661865454,1.3955273719215089,3.8620819382956557,3.242601531016933,4.30436576958409,1.9578648512546715,1.8908856170755917,5.157122340477209,3.0908202003669754,1.3024119294571919,-0.41480707623715624,-2.1634791878093687,-3.2468935038947944,-6.512780349334598,-5.4817914261284555,-3.310514142551645,-4.663704212816306,-1.514076939147227,-0.7627258464230658,-3.7755062506528034,-3.9564931812435935
-0.09286066875462475,1.6897696446417954,1.3771322107791826,3.622418034949344,4.21624310645287,3.76083881111112,1.2918556407870803,2.482891858330213,3.213312817093532,5.980871609453708,7.8313447523995565,3.840866611774813,2.2379548669953424,0.6140797768973449,2.1752203842538798,-2.6148241628100384,-2.5362227228987484,-3.4899219345484735,-2.376899563966504,-2.213616165435829,-3.8771394053963415,-3.1854401411655924
1.0290338777299377,1.9679656198647129,1.3073725784168622,3.5552937412214134,5.460352507799289,5.9849577228218225,3.8898544127023054,3.09407851914671,2.920640843018076,4.631012613465852,6.013489137282186,7.017680371141115,7.869029477048446,5.750282024999721,7.289945818806409,3.094241901643884,-2.1118226161043205,-4.558208371489329,-1.566072775524834,-2.5337831403690023,-3.2978770346927946,-2.098805683893809
3.4279383120014333,2.565576195663272,2.666056407680034,3.590572584601568,4.307149669599888,5.547830976527237,4.257213904951999,3.2156257528344128,3.4229483266806953,2.517391705045864,1.6248318947866445,6.161074643409587,7.455054773325679,4.104682495961809,3.866583267637425,7.10737502232406,6.856716097636315,1.6313241676304213,-2.8794047714645727,-3.8164898328107277,-1.9538636201053974,-2.6705705681258025
4.53078736798303,2.951316284400486,3.8333804921338466,3.264821011922247,2.116086153896587,6.122690501948834,4.077645287315805,3.6851577866060716,2.7790302816040526,2.9912849141962283,4.348992562325414,2.518927543011841,2.7682300675892044,3.5080658858321674,3.699163873709351,3.9295575436872703,6.038165179927928,4.5242287179924965,1.7481401109399954,-1.8003303570192304,-1.8368588060861033,-2.312191823425755
5.997176972693924,3.1344084191877783,3.29024102621168,2.1863451868726598,3.47416008454073,4.5396105888194205,3.5649817767963996,3.32610462452933,3.0007544254897005,3.8970000827536366,4.138629050537109,4.068620942498121,3.2934530519895433,3.3479163154793934,3.7233037227112002,3.446956872726406,4.33074161960365,7.678064236019845,2.8521140211946485,1.1877464872804313,-1.047611729211736,-1.7857119982718057
3.4210050455992613,3.0403960470898395,4.492137148929756,2.0533919198746413,3.500526613477021,3.301509714724495,2.6428000216865124,2.512769565359465,3.7199263856665903,3.352814924330547,3.537258213460263,3.436299315538119,2.834353201640879,3.064770246283273,2.5789707430097484,4.16070166138316,3.648273098396726,2.0995853871473336,3.5530723441965653,2.662199604109905,1.5109629392557151,0.7969163056654198
2.6828864714155514,1.916850591760263,1.140033778420758,2.0909160267176587,2.451425691527979,3.4325665810901858,3.101726344325438,3.2331593535713674,3.0455175082916197,3.0617255384765456,2.2410564352178737,2.844889980359438,3.6961987605512974,2.6572270390567976,3.0084845322988616,2.6126789657598986,3.263044406047111,3.1450268668191654,3.4601348901565534,2.551121312290862,2.1276562949793663,2.22430184941248
