script/wind10m.json
{"header": {"parameterCategory": 2, "parameterNumber": 2, "lo1": 3.000054539987559, "la1": 64.9999836372058, "dx": 0.5, "dy": 0.25, "nx": 34, "ny": 52, "refTime": "2026-01-03T23:00:00.000Z"}, "data":
[rows 0 to 24 of 52, columns 0 to 33 of 34]
-4.635757306843161,-3.5757755902553066,-5.510180840284329,-7.7286211225541015,-2.9425867182850407,-2.9465145813897946,0.8587958196275159,-1.1822369486883777,-1.3085881727829618,-0.9121731030268928,-0.3482650148105566,0.04883296270389678,-0.08770586674730509,-0.014877358564171208,-1.1721858147182649,-1.7745824471430574,-0.5607199018080375,0.11248260156013444,-1.522549000722294,-6.367247122391802,-1.8811695794743561,0.6685013785846324,0.18657953588518492,-2.7217470156282517,1.513683275109606,0.39720262307126764,0.7279623799924955,-1.4306698050572346,0.8522201649096969,-0.8440145181858144,0.6743444184208706,0.6232280692154071,-1.2355452714874289,1.3032239493989715
-4.191841028709626,-6.188887581664892,-4.8435007786926025,-6.174017804941952,-9.025392958281945,-0.5723823051120834,-2.313058681793954,-1.8851176311859819,-2.414041411732237,-1.5659988946131533,-1.0730869037052084,-1.5126310985079565,-1.0114233323665418,-1.077273416817092,-1.7897509389053803,-2.273205040916745,-2.866998707967172,-1.643216159471837,-5.354449196887624,-4.5241674074700855,-1.1947382885610647,-1.5280063186737414,-0.6099860806922521,-2.0952270360319543,1.6043864733496036,0.3540901442508914,1.9423467420491036,-0.4342183308496685,-1.1042505596279713,0.9412111230767186,1.2138763604079026,1.4639246051121309,-0.11716248612280954,-1.064958292690473
-4.157004670770392,-4.381738130549379,-2.4247504805242928,-7.058135300265359,3.6612392697712233,-1.730083575585058,-2.774380925118428,-3.2031884458151585,-2.757752483089293,-2.0425560648658347,-3.6488458658369893,-3.3885146280263956,-3.320466155170507,-2.2679414065946544,-3.77013234741238,-2.2465894315935158,-2.7560223690243624,-2.376281924714452,-3.542670099354257,-3.0076749273640253,-5.836595786550035,0.16192538043542745,-1.8646200063696547,0.5956620398391523,-1.9262553206863522,1.0726863568740124,-1.077892934432142,1.7755804764195215,0.590222654115939,-1.3735755568588772,0.4118973115132413,0.03391836504175939,1.6659111141484615,0.27510607866733733
-4.005077353440209,-0.1697238150038555,-6.381659774705527,-3.6772867455839555,-4.466850137960872,-3.779245904080215,-3.9660079055174338,-4.272577262615425,-3.4254604338045214,-4.589320542827479,-4.213539835553313,-5.37293319193013,-4.722597931197794,-4.490877286129833,-2.4169864080435546,-2.835338983589244,-1.646767991072969,-2.7011739444056806,-6.662046959069441,-1.218584059398774,-7.423881924873699,-1.9176911340342009,-7.275501368549093,0.9844731871434915,-0.1359877598218878,0.2500251955862444,0.8382222369313052,-0.5504690306926945,-0.9411388816520085,0.002144029926082172,-0.7814907657039565,-0.45804608311439676,0.3124672607518836,-0.24288435363737096
-0.6606937851377831,-5.052103952556859,-3.6788002513926217,-4.328768786538178,-2.202893350052178,-4.245395413814706,-4.311540329198407,-4.329885618343633,-5.109970917761195,-5.725267282718387,-5.926036013478284,-6.037400105185075,-4.978766543490444,-6.469947184010796,-1.3142075345566557,-4.649495597137457,-2.218735151661828,-1.7993041590328582,-0.4033618829155001,-4.184381456650125,-8.829789518698215,-5.531303006377746,-0.4248941256032173,-2.565191791880442,-0.15516617390141332,-0.9107420528851622,-0.9400390986261568,0.6597930071760439,-1.2599299023929589,1.2434848257955664,0.8570849682066651,-2.5285218603890853,0.48883772821191257,0.6037572956770656
-2.8689223839177465,-3.9996496601449136,-2.230503082328308,1.235360121237735,-1.9643874125855376,-4.164232494419195,-4.4254752710259915,-4.243590055554295,-5.631897860262096,-6.889145190617752,-7.1732220053458775,-5.416038755960256,-7.198567323055892,-4.601713155709141,-1.7712376310619018,-2.4105923664002495,-1.2959220996163652,-0.8374358965768843,-6.250011351821373,-2.04105356710566,0.46220584372839235,-3.280041695680371,0.07021842168781971,0.058927091845262694,-0.7602874644169559,-0.8701778107768661,0.5800422420628597,1.4128075450767035,-1.2499817645686904,-0.9913221775484381,-1.6604147365725892,0.5198155902352102,0.3770634424824072,-0.06491104136192044
-3.1453395030898905,1.0939586662926903,-2.410081616958518,-2.7612551500096956,-3.5172174355809585,-4.5830001733993875,-4.049218111466032,-4.697360042182655,-5.394112786043085,-6.2932771059746315,-7.3787045450022735,-4.211024885976198,-5.283103417674024,-2.4391565050521393,-2.5668763039631926,-6.189265527052912,-0.46034514943544375,-2.232404651421289,-7.381036878806667,-2.4481602338469823,-1.1625019053948888,0.20902368957626424,-2.0846972840316638,-1.7729102839966444,-1.6602807527780201,-0.37953194938483575,-0.14502189576901828,0.6824326602638175,-0.3169819752401488,-0.35330076217702266,-0.053374410220033676,-1.3837152712526326,-0.7667064081336423,-0.8255124371292053
-0.5860498284131365,-0.5305903049115086,1.415800100003445,-3.9728470156165954,-4.515281243844607,-3.9745931393418013,-4.18980807263569,-4.9672119379448905,-5.273278312262354,-5.567181830904657,-6.32387672516692,-0.792556986239494,-0.28844762827717724,-2.7346150754906255,0.2586010610674971,-0.7006576648600237,-0.11744659658596569,-4.536113621260502,-3.7436265925593917,-2.8874935227522385,-2.1491095697940694,-0.36905162051438906,0.263819966021252,-0.6114850984877194,-0.5308488612536123,-0.47735885336418976,-0.9257295275469617,-0.3782389203677491,0.7817739116251597,0.03639971305351799,-0.4259337017222011,0.1216301777665444,-0.8227593508798022,-5.393793321606889
-3.364309954156651,-0.16614573194664484,-3.1762505759094135,-4.829146439356771,-4.281224062544285,-3.683944498438449,-3.5523595622303086,-3.9216745685626733,-4.1928765961240835,-1.4027532611674751,-0.6099291403142283,-2.7442139920662725,-3.165937694479364,-4.139193847053979,-2.2529815651773655,-1.4905821394283554,-1.7761351407798132,-0.7137917431350344,2.5522202415404855,-7.304145609958979,-4.449880189104045,-0.6953639010847226,-0.1145632252470704,0.32310928847854337,-0.567839871198265,-0.5099355813647944,-0.40614533700988603,0.11184454289870137,0.3037816121349071,0.5760059749365659,-1.2610494396691827,-2.3204497428503283,-7.204263858521968,-9.331579733676021
-3.881192990877063,-1.0435755544623218,-4.0703860909266325,-4.551597782535555,-4.278106278112114,-3.5088287973293273,-3.2069892741916237,-3.082927304568988,-1.9612420160669402,-1.2501143418122465,-1.3394709674212169,0.3385487700745094,-4.298605409262194,1.4034890392081139,-1.4081961970156744,-2.698314777432759,0.29199087645938243,-3.512359940841302,-3.8593282234554267,-4.171299765938285,-1.724333928634848,-1.0903002339015742,-1.9801593892664626,0.050811064815912785,0.21450997311981293,-0.9744356548077726,-0.6294973183907436,-1.4223905412661368,-1.132178697551292,-1.0778751249569902,-0.45343811545293894,-9.33089557990317,-11.469632665103905,-11.178985967571984
-5.057386877878059,-3.804401376140982,-4.554871940999478,-4.4607546993442435,-4.304394661010123,-2.8897965568127666,-2.621525405660576,-1.2346926895353234,-2.79065089357749,2.11767101731666,-4.760182305845213,-0.8675267093225515,0.29309193525107174,0.5030158725021806,-1.7335228639362514,-0.3334440790840354,-0.3110768204825952,0.4665803567369805,-10.065140083613318,-0.9337547488221032,-1.3325054920456825,-1.9279579306056978,-2.629161194554373,0.47989221490456646,-0.922785741124903,-0.6419742930270953,-0.7748364047870594,-1.6837684762627996,-0.5875449697895045,-1.5703603230150947,-11.096207325652845,-11.339095084867205,-11.219532289136703,-11.006541188903578
-3.109514001648492,-3.9778198492359818,-4.449690724198541,-4.450567302263785,-3.744633067720712,-0.2990645297557753,-0.14187169127952132,-2.0634128556321385,1.0270628897273038,-8.989869698793587,0.35790105425940144,-1.9909157042834447,-2.3116873389718635,-1.418739838978792,0.8268788069012504,-0.2914134179152472,-2.2593448506454106,-8.167142844878786,-4.8640169675597535,-1.9927182401299464,-1.7338076546713947,-2.552906414693451,0.14557715372018806,-0.5822883337396496,-0.31559335795884635,-0.3872076603320274,-1.0044197246332531,-0.26995306784786655,-0.4190409877464292,-1.7993557945485765,-10.797085396071594,-10.91983823228627,-10.567776777246385,-10.249505311339627
-1.1248895816044069,-4.055292811470405,-4.133518786005125,-3.438828366201572,-2.1266420623753732,-0.036379837822470756,2.2189104849259174,-2.073295012654636,-6.608687703924927,0.01689843182874204,-5.323040949592924,-5.097362115743047,-1.335497476931775,-5.97124000869878,-0.8705323284236943,0.9842033529171045,-2.0546290470060224,-0.8915902437439904,-1.9076625425119533,-2.758846930955691,-0.4927310654540803,-0.8459865851871327,-0.5127182333613352,-0.5790610404231711,-0.17377147615461724,-0.24725887944851363,-0.34472210491901356,-1.2374969297805365,-1.4805826410186167,-10.210100535510145,-10.138799094116113,-9.778550835810824,-9.684010194060585,-9.943340675868745
-1.211191907235951,-3.2235313429757237,-3.903042818436558,-2.065097902689182,-2.3276656860225065,-3.0825123716714797,-2.780465481547274,-1.377077925359456,-4.5963886604843855,-4.407509325328675,-5.691754351494796,-2.35858957980703,1.041592134920668,1.0895945227763018,-4.282508866795537,0.989380750238525,-2.6914280662667696,-3.853416906872821,-2.25987664500896,0.13628249460946573,0.05075665635237237,-2.803322633669299,-0.811084290159759,-1.011888346607651,-0.2804799835964103,-0.827341370470324,0.14247335438038072,-0.8703876391246452,-0.15851015342921423,-9.169692313107872,-9.923984002639981,-9.657478023975269,-9.526947364161568,-9.8321915604464
-2.661472100803954,-2.462941858114482,-3.6541849213877544,-2.660575456503011,-2.261529152149713,-2.2157788487634535,-0.95472782549148,-1.704716789538934,-2.6166534768634735,0.06364678405058093,2.5414082329685788,-3.757154914836833,0.8330134866544335,-1.7484067904669605,-0.5619677980155062,-3.2298411328631724,0.3640037942212115,-1.2896052512935396,-1.3140414832989105,0.00869638432235915,-0.28142895732711515,-0.35052280515596745,-1.257183059897489,-1.4808476855912087,-0.4146294280757969,-0.7248942721948409,-0.6577299595102251,-0.08513964874630513,0.1605869667851386,-9.237511499686592,-9.191567777844694,-9.528712442916635,-9.35019822736093,-9.388463114652488
-1.4790583809345703,-0.5316913867964813,-3.2663056542072093,-3.1517997593631057,-1.3295922082820875,-0.8467803446535932,-2.364791230534191,1.013250893182821,0.4113682279762236,-1.510432390986215,-0.41329815955518795,-4.627269316756135,-2.5413969128571665,-0.5909231699954853,1.675948965989688,-4.8669660840761635,-0.43877847759152133,0.6463255601381852,-0.2839798105911305,-0.6616010733958141,-1.590693740063524,-0.18965126055404172,-0.07949003570637236,-1.1549603177548584,-1.0454849025996806,-0.6442622884348824,-1.0689908196473914,0.6466908873224245,0.41502823390515514,-9.067676087350133,-9.304455999800005,-9.760865820882811,-9.896352311454953,-9.993736283596299
-2.096749466791746,-0.9637907513032723,-3.962964095779189,-3.542540203319964,-0.175632938490404,-2.839947514024283,-4.224978412567425,0.2942848116749256,1.255367078289225,-1.2466375386598885,-2.0369889911633496,-2.196730321238662,-0.7533968826446846,0.8120840279688163,-0.005611553684109157,2.32058527884764,-0.9954688938240227,-0.011200908762138374,-1.5422986552646785,-1.5873328324544682,-0.8406522276559191,-0.8332955057835347,-0.997458129940396,-0.7331951738195719,-1.0330830607007477,-0.8976051004381911,-1.4112284907480703,0.08261048816104852,0.6124582887500262,-8.211749293066246,-8.983211169582606,-9.16420034840478,-9.780204717924589,-9.77911811954291
0.1116646965979679,-0.6824964955362238,-3.5778581440714876,-3.323806833941494,-1.2508090046534244,0.7670069536231732,-2.4180529445725103,-0.1192630301334761,-5.318716016697422,-0.46164293575673004,1.3659083665998089,0.7065183622774656,-0.8117310126069327,-0.07778657380004489,-0.22162965389174213,-0.42295612628412027,-0.12318306420793973,-0.31075737465734077,-0.8382890000736972,-1.2980176342149912,-1.166412378190259,-0.46464351369581347,-0.8603062190237613,-1.5778000822235994,-0.19712838101947705,-0.7844592392701363,-0.8457687703473052,-0.2522904502520234,0.8427328199145979,-8.246821698131326,-8.872608840003137,-9.015067690600103,-9.276368962697157,-9.045796983485687
-0.15673447936650034,-0.8719379059736917,-3.426202897594649,-3.2840357882944544,-1.978087107485519,-0.594536820496701,0.2752900300520995,-0.35393489595485333,-1.8528868458777714,0.6991613606812268,-3.158633866050336,-0.290868844849865,0.925343069634007,-1.9483226640037192,1.877375473959326,-1.4393952926385698,0.06022774510327996,-0.4515073814971447,-0.055769726419441674,-0.940254029574639,-0.781715489333105,-2.6584531103181743,-1.6642614230094366,-0.8135406890815025,-1.0882243681946315,-0.40687226886811684,-0.8350385159515356,-1.045976111074747,-1.8251956568402503,-3.0366302977531463,-6.065968357392983,-7.8015088278241445,-8.251581238206684,-8.658644942308369
-1.732296754036863,-2.3711634133545427,-3.7295430851250555,-3.2738171599729777,-0.7309882565380829,-1.7357171530994229,2.5604212627424827,-1.1063721645188374,-2.9522953998193437,-1.054690667280259,-2.366875579445468,1.7567558610815088,1.564097328332633,-0.034204503875240745,-0.46239000271043185,-0.18323032380427623,-0.9695422059873128,-0.5136179770270973,-0.6179128179495452,-0.4842423331484583,-0.9994234632766437,-1.3290120695001135,-2.844386226963048,-0.9489351835096488,0.04245160832522288,-0.7089344375678828,0.26868125883593535,-0.8974780312225212,-2.36961113150618,-1.9448182298375853,-2.277442593323342,-3.102707149767132,-8.820931420042049,-3.2471159103005434
2.237445246054996,-3.5320930577373835,-3.503383396972828,-3.1769946805887312,-2.56665969897426,-1.7276522117985282,-1.2154569849745953,1.8669334910953668,-3.5520068820328587,0.9551609221031833,-3.2856423740735683,0.1392082494520445,-0.8268745672466031,-0.09028520665819752,-1.1441636207110266,-1.0488248190610472,-1.6383941327904288,-0.36978914361469284,-0.5990644515346545,-0.742800803312393,-0.6177338938995206,-1.0471459683291762,-1.471425685528469,-1.3329873780204926,-1.737520659568899,-0.423375625596848,-0.7274078161257772,-0.32895934488744905,-1.8109668281074849,-2.5864418204619617,-2.858087893940845,-2.3385275278033077,-6.877191693832612,-7.821017296413549
-3.0004642367953336,-2.9553897440811,-3.595026268711137,-2.9957475701326546,-3.3534098386423414,-0.8195999838873609,-0.6719209263186037,-2.2569678133863484,-3.57801570108746,1.6809588940862963,2.5915921978189784,0.040564822503089314,-0.03428343566836345,0.03772032943621945,0.2791700600593642,0.08123070565824382,-1.218328451169434,-0.5356263781712786,-0.6185806356363209,-0.3926072633533802,-1.5479830686387388,-0.5973478545065224,-1.5882874720031241,-0.9900858559474645,-0.7486255026182173,-1.325170854626893,-0.719496578673074,-0.33250872444499624,-3.216044513948689,-3.6986510104001105,-2.435663859280497,-3.017105964737931,-3.13428501250568,-9.094333295527651
-2.343819982032626,-2.0051968921794394,-2.6854108696411725,-2.7578873877777106,-3.2049989451738927,-0.0707710426797724,-1.2271195848460985,-1.2673143073938724,-1.116256400559789,-4.748261784655281,0.4364691357661521,-1.4301735003614786,1.050349455585144,-0.6899944657178906,0.12999120132519504,-0.7310137091991812,-0.9575094090270065,-0.8414000755616692,-0.8426117263948953,-0.5842050550452165,-0.36658081598854175,-0.2917516502667317,-1.5782625969066073,-2.0741680965155394,-0.5610937755435653,-1.3921000387375861,-1.1284304989621408,-1.4910273471854947,-3.1928444148001605,-3.19962622863655,-3.168506125279576,-4.697095297222786,-10.538272475497843,-10.601164363887328
0.9000313355105933,-1.6414513199983216,-2.6158625789490624,-2.9654716225454747,-3.251414504880721,-1.4502438954529437,0.008936599725468418,-5.096860746757732,-2.5935212020209994,1.3726104582842256,-0.14528202940699395,0.2804219330489565,0.07452058538520194,-0.2961782108766734,-0.6634256436209226,-3.08463115997487,-0.9836263844911025,-1.0804857915983015,-0.4018732312915179,-0.4451616161239283,-0.2563106824609598,-0.03079419153000724,-0.697221282014523,-0.9824679731615572,-2.58270983015081,-0.9696927281326799,-2.3136204723156815,-2.489142333540616,-1.9062759742317514,-2.342159399303195,-4.196181910940355,-3.845719040125399,-11.970537577129194,-12.316280618101509
-0.6230269595482901,-0.9583482303066326,-2.0229068382556195,-2.692037633706345,-1.5909140647096713,-3.0978189246390646,-0.8985631144515481,0.37726671259978617,-3.025431858522257,1.6613300856050135,0.1676994699871613,0.7956403667205497,-0.22411814868655414,0.27318890408305035,-0.9360862350377033,-3.447849528015581,-1.3216056546019446,-0.9896809824169809,-0.4297258297472621,-0.11972617051955801,-0.6572975876006606,-1.0518389169732054,-0.4206337360333473,-0.5933425747791538,-1.067797991759882,-1.1322248174115896,-0.15072166339959656,-1.902057302133642,-1.652894573436015,-2.758385583927268,-2.2376535220208087,-13.056547640953807,-10.345845633229251,-7.744079428889043
