script/wind100m.json
{"header": {"parameterCategory": 2, "parameterNumber": 3, "lo1": 3.000054539987559, "la1": 64.9999836372058, "dx": 0.5, "dy": 0.25, "nx": 34, "ny": 52, "refTime": "2026-02-25T13:00:00.000Z"}, "data":
[rows 0 to 24 of 52, columns 0 to 33 of 34]
-9.766315688905609,-10.357579316056203,-10.865737948200794,-11.075188238107335,-11.136286577635538,-10.842527486098033,-10.095637064107395,-5.47676540634925,5.346671992725385,5.770706384807937,6.187593447579466,10.932241908909733,12.377778765979633,11.24397482736495,14.92471480775266,15.212685024234528,13.390266802962941,15.2774442280031,9.42645778990349,21.41759732135025,5.732710164663352,1.2841494109292564,2.1238284919255013,9.618640676940089,2.6873370259583615,-1.6160236658969604,5.244305217767665,8.475656407048985,5.813976347489315,5.788784492826342,5.471222513982697,4.881940091332945,6.6496895148387365,4.404499522150469
-9.875780625405504,-10.1994753545038,-10.526311926850262,-10.947514552132118,-10.996932562979248,-10.287531835657548,-8.700761989434213,-2.254843855462018,5.961370396893357,5.807042814339936,6.870203681885049,11.783335769541447,11.692539951001308,11.036357841142586,14.907550744027498,13.978815837400244,13.831750027322745,12.526924576185783,16.576846583176664,5.95559204180497,5.579621559817664,4.967699931921715,3.2932836436531785,4.772319230603547,0.15041664154993334,1.7843787384301275,4.643468068013518,5.9425456991667005,8.010291710912192,7.174579154820184,6.746724328117095,7.244838028440093,5.67569423823788,8.481664128237322
-9.478470233566494,-10.202434879933513,-10.478915327230315,-11.25218957099575,-11.01753917980343,-9.876811663209528,-8.111331889061287,5.812974089446248,5.793593106771645,7.07824394301683,12.029366645541288,12.545147230195166,10.79350779625348,10.899424066014449,14.810718157028553,13.08224695882936,10.680036693384158,6.901135718939865,-1.6553526511035341,5.648425884826364,0.8427234266647047,6.533190982898289,3.909086349827379,7.8294856519055696,6.138478250148005,5.318945847405154,7.009323134856076,7.094041599670124,7.090308195171867,7.530717912551319,10.945152167490324,8.97442021655398,6.790243238639703,8.578731239894681
-9.33801107183573,-10.1588599560077,-11.116150361914851,-10.623753826264256,-10.632953639750955,-9.301101317226388,-3.8190712960037945,6.662420771263083,6.614162743001934,10.148989284494178,13.075382078009593,11.69934395888089,10.62006075698303,13.237400540905528,14.074014577079673,13.158752721428435,4.676502271142635,11.291791330782832,10.930788705633104,0.7228605083374052,13.890682845567346,6.42499665199706,9.431117190129083,6.208496351559354,3.5317621324568913,4.4062865994912555,5.909704309485413,7.264604285346983,7.477009436736382,7.148900252620406,6.9209708304710995,8.292794135789203,7.894127154603028,7.0476713473893335
-9.406563843894068,-9.661542131997763,-9.619631678418317,-9.831437270055863,-9.365358938476868,-7.562063715285631,4.861804226943936,7.173938686534244,12.237184521605782,13.459068965764569,12.67773430834032,11.2257023923096,9.81679528252014,12.456242517306801,9.1818742551198,13.445412580451885,12.931195473565241,2.9780402759308613,3.17909635328485,8.79392378084827,13.413883784968018,9.922558866516443,3.7497274163590424,7.209300066931948,6.152930883496969,6.924801480158671,6.66772658085139,8.31180505141259,7.415383951847054,8.355172419271039,7.531415833160134,8.1686316311169,5.556025039857719,5.926019390786377
-8.767414573581009,-8.726208357019953,-8.070006288222393,-7.841334200298233,-6.339683974582029,-2.772430408536382,5.7924878135443265,11.899034153511522,13.225525776396054,12.828463618812167,11.881404506946902,9.946868304972504,6.117383540693433,10.111310839140323,4.865164168645334,6.95373950254897,3.2283176235741102,-0.563749345746284,8.938066416776698,9.460257808615513,3.2825764585436583,4.148553377854276,6.719274364486117,5.674367390612516,5.5185801028926775,7.1599572112156755,5.634487752941923,6.479858948985684,7.687663407339583,7.486324391026827,9.016674707073054,7.410732430601642,6.467176776614075,6.558402787652634
-7.9130910509683785,-7.466142534853696,-6.446089635007119,-5.506485721571636,-3.0216383451255884,0.6497291215156944,7.776638529909975,13.819873169864252,13.617296802420944,12.516856556202356,9.04749388077418,7.214907218077805,4.027780715839033,4.774307040628353,2.550387577313732,1.845822404462754,4.148334510444609,10.925725660464844,12.665120208092834,8.06170035563475,2.253872464042189,2.212620911838627,6.2278875865213905,7.538116224394156,9.489097745175055,8.750681971530675,10.161092102836436,8.073334215739255,9.03650443142845,9.560505185002304,6.997427143670265,8.247714234723292,7.897530802771906,9.213146008348033
-6.670870616616035,-6.482135451848831,-4.698174914716002,-3.3528722989547033,-1.436167754537298,5.7375417272414975,14.790369072818907,15.053430783551487,12.708113420529514,8.352187463194285,6.222849062045831,5.205919423382661,5.130661695897426,3.8828183925660715,6.18134398017056,11.868998238199843,1.235819093372511,12.295786217206286,14.886340941856549,9.448171671076855,1.5574056337276747,7.060979115383274,5.224609511307635,9.118311652944323,7.606032498599573,7.467027649987294,7.2111921898005145,8.807386489789039,6.297390438915759,6.7805486765774265,9.422022299745962,8.42195480961309,8.961987054735907,11.994337676342463
-6.047097789745807,-5.030207441890905,-4.353190648360049,-1.781446446112804,4.278486887508405,15.939521385355254,16.729530200475175,13.345703806425556,9.14863939225553,6.722704380642649,5.872736763229576,3.27306704428407,2.7265071316312337,5.590739316811433,10.590493574643746,3.3640236342462435,11.119121436915593,19.83014666439455,10.327165217426092,5.210019978615058,13.491873619346027,12.211204947283733,10.504097273027618,8.4461226022795,8.92725325240483,8.991566269283117,8.516455970160273,8.189206611324018,9.305374869034484,7.422803847704581,8.665971525476493,11.173409315024019,13.358257943569848,12.949605194560899
-5.53020829525058,-4.477017125285061,-2.0708252128193134,1.3082128037832836,16.28453977510504,17.92233375502702,13.807654563301085,8.679458802782458,8.3405948958569,3.6653720579123448,5.103463969080708,9.717963122120896,4.385130878106401,9.573076036410377,11.791470844556464,15.61203295231656,10.075830116098237,7.590205863415113,3.902237469808615,4.738429169229367,9.996745343537464,4.899150029792234,5.7447626849036215,9.748284917219213,8.216412754468571,9.834697721128107,9.640998222918318,8.73268766447457,8.704450233312853,7.595881502059694,10.04625522514173,14.422688402895384,14.16963094872026,12.95731586618125
-4.54904292432359,-2.061407468207646,-0.2510562641938063,14.426434270195344,17.21749087666555,14.523873716644617,8.961007985812868,3.505365701302599,12.262665278725281,5.878367418073038,12.764843232905461,8.833836629485912,11.30542932776781,5.606257994156655,10.713029136877989,8.366953034466153,8.397473917341568,7.308414708230037,6.094359617311117,4.139668737509316,7.385858279866983,5.1172821552357055,9.073571804270467,5.801157469018633,9.318459168829362,6.070698858264035,4.048739881967264,8.43458196534859,5.656652150736626,6.992130050723354,14.450190121311145,14.647732843385343,14.100996573868182,12.914796446547088
-3.163185245855673,-1.8788911984503014,11.96967849021222,15.597576529305918,19.307474619012332,11.867262319784308,10.74856360637402,6.942273540359616,9.423935333066641,10.017957817170938,2.297661553324836,6.182975935873499,7.9831024716197145,4.596269191664942,5.337958610273965,7.561054119819659,12.973863826309449,11.73584450404925,12.543043736795378,10.69245864938872,13.152733310865441,4.798719680272881,6.554925653962821,10.448657309387139,7.698235099894721,7.440276196101237,9.511162449012888,8.95259898809574,6.835298929977829,8.64682002753925,15.290212248842,14.517686106514688,13.245159415707443,12.289984977139445
-3.7144847139304122,10.720131603118523,13.581398018082258,16.089771871025718,15.366184753937134,10.635146603321546,5.557225486551514,2.90421901676927,10.161137047482379,5.220536609772624,3.3230808551839126,6.076436777523113,9.053717714962572,13.985265979396178,13.363675625083939,18.7604992107093,11.667307143498872,8.150839229522667,5.653860553764741,6.2630019174322475,8.069448085371606,9.67276224058004,7.6767886689655045,7.369487441517586,7.155404784852856,6.313862564814366,6.7854640564500235,7.469810611956524,6.006449811415306,11.563697762370042,15.063223848439003,13.608232716503045,12.186337343491564,11.474135844887595
9.268021931779867,12.235160260414677,14.758549456125307,16.167287830757296,15.535977294108749,12.048884390407165,15.565010985292153,6.69158664417829,11.636635425034184,12.030718697407593,12.962963396838088,7.619017290035444,5.963700691801329,2.4441862985456906,7.446079001693462,5.483024898188739,10.671738954566484,6.050274679072844,10.702468077516627,8.11314242627483,4.704001948745027,11.465441856252177,8.810621947327336,10.251547137752702,7.078461505124967,9.207238655657886,6.5288274362745495,6.158303552650586,6.442671672727033,10.12968335180137,13.536559534386862,12.330622732286791,11.377450381198557,10.845235172296848
10.711333298878879,13.613537549566853,15.683244088819746,17.22254888766418,13.13502520525785,5.498818588130559,4.2150900224455965,10.607679038048657,4.497859301356747,7.83581070980481,4.796598680711722,3.2348667504919186,7.231920245690951,5.758112575342053,6.041324193728304,9.312480613570886,6.846730242510733,7.092702126459183,7.86930805617483,6.785563376867508,7.94716970185731,6.353849307048559,7.414055340168774,8.538579090227715,7.487938978977809,7.551786588745356,6.185847005319513,8.337309576359681,7.103664706962679,13.067226433622073,12.415856528880072,11.018876702724445,10.459120884666003,9.738677633883322
12.11143791473591,14.788967721676395,17.079059933644395,17.603643125998317,12.813780797563883,3.1888056318490876,6.945190917725647,0.17396261860194065,-0.9950418083085042,2.7526245940117753,4.636786757800427,8.121833085391527,4.452001488673494,6.420841116129072,2.670027013817031,7.713746031135671,9.48523135302031,4.867484105281112,4.989956267244383,5.027351884816473,12.838712831920294,6.5462092973856025,3.914594627110378,6.052403831446693,7.4021471192802455,6.923335598773003,7.717873065010053,5.191597423077832,6.795499664379219,11.712857401843786,10.759486565232756,9.875369398459126,9.392890471946211,8.598810542679754
12.518078074372072,15.974091450100891,17.18578847895012,17.646211273584992,10.624210155328559,11.326660188139828,13.331574639270356,12.129804989513145,3.6778310265285565,9.325052636705452,8.624599243957572,6.37720769810245,5.000308623548869,2.908684517525656,3.530711865765484,3.1607179077838374,5.030063498254679,5.095874981131711,5.856236908589131,5.575310746219407,6.39765152043766,6.579090865917391,7.087729264333082,5.339696683906127,7.09243097393354,7.297541090934463,7.984280229572859,6.577571798204918,7.351430211745815,11.168395350459901,10.206084328680403,9.03095334780245,8.742539343453762,7.834284634869103
13.851888795602282,16.129051841924927,17.4201784691644,17.232848333568054,11.406382354661671,8.988984466701037,10.642806483941063,8.331413986661948,11.426719660466805,8.427696686760441,2.380787244469212,0.9419680524649597,5.608235129118761,7.1680693094547,6.860948175158335,6.92865745099032,5.333438994789568,4.578183280777234,8.145876337860933,5.205104978905406,7.169680995512517,4.169432526286994,6.38585535147767,7.92366602576566,6.908370635189502,5.220347623425496,5.704161804999659,6.572979346565372,6.688773992218302,9.317077651555994,9.038070623443781,8.087402630800884,8.368456024865688,8.918997375625201
12.82081301616943,16.027992131120463,17.988232463376466,18.54149935049983,14.070368860388196,8.768150168158606,10.42409376550246,8.47442625652336,2.7243478763234714,2.8415702798014126,-0.682339609045703,4.412657100259976,8.861139805676927,10.562720761176893,4.715758662541809,6.4345145104068155,5.450974358515052,7.0875931352824395,8.542038121376711,4.962567380516641,5.554173904477107,7.762383006079579,5.580116523115953,6.203332816841221,5.745711277546591,5.284875952148344,7.555700196228164,6.466372871815037,6.641557756649874,6.184684149809434,6.3602605866256985,6.434907638704476,7.310933016165217,9.15312590422099
12.21767338522706,16.429550254309124,18.550457583820158,19.30648797324201,14.225981395411637,8.136629420006274,4.143062952336098,9.31264943967967,9.691771083315365,5.539581159148889,13.351958406170755,10.280347641715485,4.180682629634841,11.182570917484925,4.612825468736359,8.46424870978996,5.059738289543565,4.238430422039954,5.424621046584021,4.206168422445898,5.249043379961184,5.671086953179896,7.615511626608179,6.495872617776162,5.9617392131012235,6.3389256207157,6.28110752776372,5.464185595695994,5.991319638096335,5.209244629921477,5.617124186820164,4.582807637135728,7.107783242102663,6.73735953708196
11.755400259226017,15.956638695804305,18.757884227537804,19.247396947123768,17.180016665621146,11.348715924959711,14.501574609499706,12.199030991561486,13.315155764191797,14.247768531146207,10.03954085332912,5.408480996611049,4.884743833034372,4.015039137151974,4.905845073410762,5.411397819039498,4.57468200918595,5.838985413147195,4.0833984092962865,5.062129553757497,4.850017476366986,4.801749202296701,5.598057318247619,5.6047614850009655,7.761441027376264,7.076784030941672,5.715907842524733,6.0036249133613,5.793809391855555,5.1824537838261735,5.082826362595269,4.490034608776287,5.042763935094168,7.405927818758173
11.073072383629741,14.99220099113711,18.494308998240673,19.19541043575735,18.29107762520828,11.570742487326234,7.169140041235936,2.289924106070118,8.95352774378088,-0.29061287428467225,6.983080184908027,8.928882433085247,3.701983585870233,5.998623594924484,-0.4142082625012794,4.2285970271263364,4.501796198263165,5.10453417193575,3.592554245581248,3.9289180522878797,4.53246799509201,6.7498639860338105,5.412805548528085,5.189455337280101,5.4977402371518584,5.34483382020874,5.459651649651054,5.8332329677842125,5.025328780311589,5.255431868466701,4.338191858330692,3.9736591920558673,3.9639773556034044,6.670665271586903
11.47141154055448,13.726702512276585,17.882522290058994,19.163206216812192,18.86655428621028,9.564406428888685,7.07430602334894,5.36945107132119,14.774676768224756,11.695312188437319,3.4632835007165856,5.092320550477134,8.141852697007383,7.488131543505313,3.188486137486062,6.861186665445628,3.705687070420996,3.3121917594567054,3.505904352247866,3.9877192570849913,5.351527541736606,6.200876405126845,5.86869418733669,5.375524428974862,4.263663413423725,4.495859030996125,5.023802945694455,6.1636842932523335,5.323876541051567,4.935830085221568,3.957456750188347,3.065299258301404,5.7095521174019375,6.474274290302682
12.128511017957203,11.758803775844394,15.41608453078021,18.430453096948437,18.1031475940987,10.37620793944469,6.583692387250846,11.089812298474198,10.579786113157354,4.599217871650216,1.8357873206898088,0.5588938542937057,1.1022520506199063,1.039607903568941,2.8461545053916977,9.800748369865845,8.483607162480629,4.244964558974727,4.025152504816694,5.075839680360253,4.8768581178814685,7.278751144902179,5.595748673200577,5.3622193524399036,3.6537201890979834,5.050990838866294,6.026031342841384,5.448821749475975,5.091268614191677,4.721239916560351,4.39283932939523,3.8313314754107917,6.17982225781952,6.080013914742812
12.38125037772499,11.49438533019002,13.452455385262109,16.223958161931264,18.21337271641117,12.490362129995713,7.746602779121913,15.102016747628156,12.115230998546988,1.8517319605513367,3.3404678655316844,-0.38318619826645756,-1.9846324935658122,2.2245490263767485,6.056651566553196,11.608113423063337,13.92571795609337,5.312047217716193,5.147152592328581,5.633443470617731,7.741494750096762,7.722957526080564,6.264200425979988,6.337859816973662,6.660533620287291,6.599013897266761,5.595940769013113,5.311146347126559,4.919469052014809,4.34807855567291,3.508056400077426,4.198608685655557,6.119767389865679,5.628092443038577
