script/wind10m.json
{"header": {"parameterCategory": 2, "parameterNumber": 3, "lo1": 3.000054539987559, "la1": 64.9999836372058, "dx": 0.5, "dy": 0.25, "nx": 34, "ny": 52, "refTime": "2024-11-05T06:00:00.000Z"}, "data":
[rows 0 to 23 of 52, columns 0 to 33 of 34]
4.564137916988415,4.017969378037098,3.570203317683739,2.8499669452318472,2.6916463040006526,3.256038124531513,3.2718484332250743,3.193323999253531,3.330247530271242,3.5269057927543996,3.291052395510554,3.3406914947979565,3.3495039541094345,3.159030569566141,2.8241345524023287,2.3186264278993525,2.298141781550758,3.3249864500236526,1.5537462249050997,5.018174332814416,-1.0041807021127251,2.3352940103843753,-1.3416765816130443,1.1939372162002408,0.6421733413583705,1.4332982405406827,-0.9300502989425075,-0.028183881960529983,0.20321998158262897,-0.49866842608466305,-0.3194370681430282,-0.6345148623058064,0.13725024667808314,0.4205801877424167
4.353059638532778,3.7866058073153677,4.050499772224807,4.2026066470750205,4.54124730216566,4.304763269678138,4.344472677579928,4.817762644101799,4.8579742555560115,4.2688503876784285,4.236219001394558,4.374454643203688,3.9524202158981385,3.645033390232828,3.1112720613770164,2.8335515904824384,2.660545197202016,2.3109817384664,1.4547495123943284,1.294423434696717,1.3906778998731844,1.0263559398405748,1.005741447645865,-1.2894588899838075,-0.6601274603057764,-0.7548410482482937,-0.37513644806549273,-0.33976684590176387,0.2091381725676646,-0.012694785889691002,-0.454791677366932,-0.5504288003731371,-0.5256976101122751,0.47034682870181277
4.316909913146024,4.738735886675439,4.621870265561608,4.72170319000223,4.797155252831174,5.058924266786044,5.5345498528898585,5.730268164416115,4.9203627240515235,4.329207760250714,4.321467546104601,3.876963402418436,2.7447942083465593,2.277968767505697,2.1869466783412475,2.4886571843795497,1.7626041885910684,0.4273548257119126,1.2129764915373447,-0.34434032358800615,1.2758319850705593,1.1261320836546476,0.5053687465792175,-1.0840515533738473,-0.9927590530014848,-1.669657474374522,-0.40415377757781257,-1.2968402545736617,-0.65383273534628,0.011489816233202043,-0.20738303911392036,0.37887412105750473,-0.14119975730776446,0.9377420877313692
5.263839758306706,4.985908377880135,5.480054495236309,5.652561876163488,5.908962577487467,5.722317226860015,5.202027660729976,4.606191876457673,4.279114174463271,3.655976015260103,3.5234618277296654,3.003805868440134,2.4041822029452837,2.929579036982466,2.9907242721027916,2.770366269517986,0.48467876970644436,0.6050407200431736,-0.62855110791033,1.4936958370054227,1.0682326420675172,-0.5300835113840917,-1.6625315920162618,-0.463989740288437,-1.5889228391028538,-0.5925856037151186,-0.7008018998480232,0.15860855107704327,-0.3779779358007656,0.6424540210247651,-0.02806812185800154,0.0684369276649027,0.027495558185813857,-0.7323744477569463
5.4960736888654935,6.33580117014202,6.2870570742761345,6.131275188698828,5.944530161370576,6.049422755751958,5.460663982165599,5.225183427643838,5.236983798125113,4.500214167134587,4.455791191722048,4.570530465378381,3.9153005914285006,3.0325671666407166,2.631051158095445,1.0673794493658804,-0.7272761940628796,1.950539364925295,1.4750261831771099,0.5505472429581344,0.5652859818848314,-1.4574892089577807,-1.308405594308227,-2.618292715619612,-2.358803809033666,0.5467140711023245,-0.46768241922207004,0.6040082144824236,-0.5525773690082147,0.47816143831770364,-0.9800041807726789,-0.6797056986576764,-0.7938963103988764,-0.9379493289062035
6.983518303498123,6.4912386876010295,6.28567260842722,6.040571627778422,5.829794362408145,5.459725028927477,5.646628371069332,4.85451022434902,4.074308786697736,3.158555088360323,3.7969615135534855,5.09596857601464,3.294894756322699,3.057639583822751,1.4046169867647225,0.6217496683990309,2.970516950450441,3.2683829194186784,0.8094053244516892,-1.0820351288545458,-0.2626766303549162,-1.6397917612320405,-0.2604834010944055,-1.710929516414356,-0.23644019936836838,-0.5966716797747161,0.24740692156262595,0.11028820933766668,0.9978805217046817,-0.5600857368660965,-0.32354572367331724,-1.1396644018037123,-0.887311471668645,-1.112904710882317
6.828313483722481,6.394413641439354,6.426647146172513,6.020448553162314,5.807609703492531,5.943405972488864,5.774748175181464,5.285770525417796,5.725164281164494,5.523266069021203,4.879759811955577,3.1142969036533437,2.995446586776898,1.1715863409991327,0.09163120933198958,5.126854199730644,0.9852920179481078,1.9428341785479994,-0.20177174929631472,-0.7262329141276522,-0.7059648871059506,-1.2224583243009184,-1.8260667024663084,-1.2234091560012879,-1.1537836621224926,0.17288916599334808,0.4572481516642887,-0.6717056147875402,1.1189268475348422,-0.44829290589914184,-0.8650671984100646,0.0887722706816245,-0.8545986794230263,-1.0190126180993861
6.07257229760121,5.779731871431231,5.807463949968586,5.328984731542956,5.487282911471275,5.55413206180204,5.9918728703020685,6.411822283176866,5.7896752868075705,5.465989411865926,6.0580385038029805,1.4989131990848754,2.2965077703271475,1.2506624575431788,2.2322127307058097,2.3361647915184176,1.4208315788913042,1.8059050243088353,0.20252675205439938,0.15367029186250658,-1.592889927057191,-0.9902571413682096,-1.5969346021493327,-0.8216918919177166,-0.637831893517709,-0.4367236325847163,-0.3541865253939327,-0.008249127968930046,0.8942889826579135,-0.39797852489254937,-0.1779465391956044,-0.9782455271111428,-1.2387908825173586,-1.18893205854356
5.724332107122129,4.99896325895549,7.2722687923670835,6.533256789695733,5.539031794830195,5.769438105908391,3.8420388984273153,3.94092678490903,4.34304783418333,1.00279593796851,1.6761557712207844,1.114699739537159,1.7907640094854225,0.2952823943228517,0.999321109758025,-1.415300623729321,-0.23665677477718086,0.1891588563173265,-0.418523942379094,-2.57279535045811,-4.314289247012921,-5.59522952647483,-3.006755107256322,-1.4208034538586787,-1.1458182186044739,-0.8901082045146893,-0.8144622821801071,0.14338703609865586,0.46648451656410156,-0.019732191169532273,-1.014600869385914,-1.467667133666088,-0.45818988900534585,-1.2863194802870865
6.931246306996391,6.196829633600792,5.581436179910906,6.585678805573239,4.401275178125702,4.827693047650105,3.9985391882482695,3.1443040720793305,0.635291849601764,1.8461161177464576,0.05463915227227403,-0.1652853642245974,-0.5668073049671577,2.833334488472775,1.379139860022383,-0.08524195706074685,-0.3939641029201766,-4.068165460270663,-3.1958007855321138,-3.332070448701719,-4.1060382078218405,-1.1680586124347316,-0.28767040897113294,1.4986790246127537,0.02603645983923383,-0.7426054508720594,-0.7055990162848633,-1.7836798014715876,-0.9265016034856594,-1.4830099856315673,-1.377460860078134,-0.7146795900372366,-0.18602289750920814,-0.12580041440175785
4.621043020620587,5.983250038607667,5.105091443691575,4.440306539582345,4.523336557724385,5.329701227580309,3.393078951867462,-0.23661213707100306,1.652497009957896,0.2813009401789156,0.9482141789784895,1.669127587088164,-0.45685848510524374,-0.8385468054410801,-0.9976613959190915,-4.053111567049172,0.5064694504208616,-0.6120923706227762,-5.727581998269266,-1.9566013998092107,-2.4818809871448506,-0.8584407503780851,-2.628843837798012,-0.9216799161796996,-0.3309992743277484,1.0488341863648971,-0.5055916006047988,-0.369200190148953,-1.2680819209695091,-0.652882289377929,1.9271694258067678,2.5963667668182726,1.0032903848430075,-0.3609929192937881
5.034194458709366,5.29314910622644,4.531742481061333,4.8785683889363005,5.6854871713347235,2.2506585421961476,3.1655430806887392,-0.7077805617597076,2.03381998712724,4.2769145292466435,-1.6025911626952538,-2.6031413659390394,0.4694356093467975,1.2654515095690273,-2.0605820035458517,-0.9619369492324009,-2.7138812015491305,-6.609006008563834,-1.981374658318124,-3.069471676714778,-2.1019974850219474,-2.789634350059922,1.1221717534344395,-0.22316442530536507,1.8264989662099775,-1.2173983714142638,-0.721665438626272,-1.5400279100660557,-1.7315354336795525,-0.49918572494431146,2.1685192241112827,2.7672936786412135,0.880056295328413,-0.18727915923343488
5.527043731619105,5.627448962767311,5.006237990139784,4.5387112102192875,3.155053742300422,1.1993042593474084,0.841203628165864,-1.5163815133683662,3.007476486074704,1.936306667806127,-4.530697075634922,0.21400736591110828,-3.9408646804696272,1.17813654831668,-3.3536049795025837,1.7083015945454032,-0.21398360242550757,-0.11400014299464595,-1.021715247052716,-0.39104431561555264,-0.9696547525491177,-1.887165440530783,-0.972294099649653,0.26142352132934826,-0.16839084224097806,-1.1579723092617389,1.3466751593202146,-1.338836063324391,0.24921152326907278,3.4189506859107115,3.39867209898628,2.123012220721617,0.4567388754907635,-1.0048992633587508
5.920246694126073,5.260174390409801,5.165257626071442,5.570386214449294,2.921241024770567,5.815285317344357,4.162089145710986,-0.8339802813555819,2.663033508855406,4.3328497094689915,5.227870156205902,1.635793266535132,-2.47857423587167,0.08668615975210393,-0.2553949212284653,0.7651844205822544,-0.6912823760056769,-0.3250562205910657,-1.9397806531305384,0.6420845101951191,-0.5902408212457021,1.0356155266087128,-0.33055449553734384,0.3764985341663714,-1.1475880170415014,1.4894946897220334,0.34882117637901977,1.3182694271796649,-0.418750425847817,2.592572054341511,2.6495145194671523,0.7925496770603888,-0.5611548395933018,-1.413199282988824
5.666525806040221,5.40805671640758,5.351275147452287,5.516881575528382,2.338429967668919,0.38781464291089296,-0.02506167435509377,1.16337555447192,-3.7863801149974736,-0.36267624402671594,-1.4155424109467079,-6.762813192889039,-0.29349262163236406,1.0239087651868697,-1.3198385378317177,0.27695189309976276,0.769279018985684,0.09137179352147703,1.0306235834549045,-0.43847645545253267,0.19060170772789678,-0.1383885831638812,-1.9175200812638504,-0.6425517157310097,0.5422852310851423,-1.0543556223120814,-1.0796198945220892,0.8053701553744209,1.41910608633963,3.0148195973623024,1.1637934210396195,0.19513310598100417,-1.136278839317917,-2.1062071437180436
5.057569502178049,4.0380233524256415,4.424239893582211,4.670688245738809,1.065181939590651,-0.6875177561753132,-0.8129665871164194,0.8692943734454661,-0.498427354249188,-0.9030515696805603,0.26098002500750195,-0.04853133288525163,-3.9245701421365453,-1.2502204474083771,0.2262841651512808,-0.04257399562601848,-1.6863317340679878,-0.4093830681646918,-0.27655917374950517,-0.48659408883970023,1.1652673977679588,-0.07604672312341434,-0.8344818535516008,0.11438520095280473,1.2950354646259583,-0.7754327178508634,1.404899539265708,-0.15946644124938822,0.17902733213103086,-0.11027991919546751,-0.688891206230597,-0.7590414912276818,-1.352394692529287,-1.9202286773233033
4.547370888881144,4.878941748753793,4.1401361380744035,3.82007024922641,1.4229338168281642,1.671321124056774,2.2093581317329756,1.8303595228140008,0.02549737784475843,0.7012595316309498,-1.547715768259349,-6.866133577346133,0.6115623871087992,-0.9770077850385578,0.06499016157706541,0.22016790564204214,-0.24518055560149996,-0.10562288422926758,-0.4090005229117715,-0.2410065951425554,-0.1453691060647501,-0.007482310171857809,-0.05815810411058316,0.6585359789657721,0.49566341246497914,0.2792835428667857,0.5242807822976987,0.39070949456234066,0.2951583896460439,0.4661653813772765,0.1387902337660256,-0.8818999019053035,-1.3647978547029405,-1.9138597388929863
3.7299302465050275,5.654825860282895,3.827916522050318,2.7369743576534185,1.3025433242799989,-0.30523268518173674,1.4643444561200913,1.1393798237449368,-0.09064618770900812,-1.680581414459106,-2.6787143295022147,-0.059251503684339735,-0.10592121031740387,0.753061573273244,1.519976785361718,1.0009697633181391,-1.1957732107846726,0.1617251781876525,0.6126220948508575,-0.3526776010143308,-1.0405875672317833,-0.8787729619164704,0.9656266563097404,0.27995539980539946,0.15686957921079586,-1.1457044556826492,0.03177397777109703,-0.9186026151975666,0.5706616712504805,1.4556379260917631,0.6078806227641196,-0.29944027478829993,-0.7190903406018837,-1.625488715545029
3.573185000416215,3.276444386211023,3.172892926338806,2.0642118466306982,1.6722442580929229,0.9154432985431288,1.7775318926585404,0.6789744189189503,-1.340683513894538,-2.436330775968911,0.47316242182901647,-0.439893295339931,1.5778038929469955,0.6973931229454154,-0.29587512293358276,-0.3487003743886319,-1.0311186324027812,-0.553900538476723,-0.6700527012295544,-0.4099709978752868,-0.8261888359774987,-0.54168752026443,0.7002657697594299,-0.5297428195075485,1.636951278307333,-0.6743951053216647,-1.6068365125717388,0.5141052860992775,0.14851520040341615,0.5467494709335945,0.756881490877746,0.8937911761264707,-0.22113593166177253,-1.303625810762109
5.003243323726423,4.066024605805881,3.261994322615478,1.7019888366197533,0.5870287729776124,0.36797194358693336,-0.5461310466585535,-0.27166460821778277,1.676808735199003,-0.21677319940455225,2.19791872978214,-1.1005632395439513,-2.2995911780789244,-0.4256182153703897,-1.5528707163095996,1.1789310069347323,0.2773003394761748,0.048457601828109015,0.385533399363729,0.17589283393343771,-0.34862077606746106,-0.7142667145712873,-0.6449385291098155,0.8136253478871345,0.0033572862947116055,0.016032810135590127,-0.06291591439898371,0.5243879402296505,1.3101345447262889,0.7221690393389557,0.43431862740827404,0.40305482474235144,-0.18099546688458681,-0.599894588789302
3.517776560210747,2.2450393326391755,2.5232445117313977,0.8849041263151041,-0.28273001649899937,0.7955930110803049,0.1616229825111545,0.7611032292167729,-0.48816173142926117,0.8699043171321431,1.8801592989824656,-0.777290361901591,-0.1320785585559327,0.16882874802061154,-0.2881726178703605,0.7587146516135045,-0.05244827170398318,-0.3923372051479356,-0.07711683894300192,-0.8884175396806975,-0.10965811105547776,-0.7747052478622728,-1.3521505285279498,-0.878006680071589,1.0866960003184467,0.5616278434837048,0.3469683809020775,0.31642763281953,0.6236661203551546,0.346026098746027,1.0807556184232336,0.3665262287737014,-0.13875942589349474,-1.1575362382601329
3.92724358158235,2.7458222408988564,2.9111452569435623,0.6969492484964388,-0.7827951342017324,-0.6934765119890499,-0.6617029683457016,-1.1688554395346546,-1.692790066632814,-1.069857692473464,0.9550251380667051,-1.6033322872755342,-0.14227344176169257,0.1993081757751477,-0.3534336542341109,-0.29942576618486655,0.08907650469659395,0.2544601590957972,-0.036466595970573085,-0.7265783257366958,-1.1222248777204569,-1.42995443059039,-0.9312337162873657,-0.7696278639796444,-1.2020041831626591,-0.19334554855762667,-0.2652834729778186,-0.004922969989174476,0.09621090888735444,0.736265164666097,0.30651746941893876,0.35295947766094593,-0.22689085124309943,-1.3619983324620453
3.506448275586865,2.2892199961202513,2.270409616455135,-0.13105106434050956,-0.42681611214610776,1.4188163860668237,0.3835647515584591,-0.8244986402671806,0.6285159183343428,-1.8186590127578586,0.34868248470988794,-0.689951096033309,0.011981973481144435,0.9522677325576124,-1.2091732741158037,-0.6070427769751343,0.09039884874188205,0.21131727868731376,0.021199985707635937,-0.28477442142109843,-0.3286251260157817,0.15026199315492064,-1.2195040300832516,-1.7413026513649588,-0.8101933152812141,-0.8093082081909737,-0.9431004264723076,-0.7001946283101107,0.16334381505476675,-0.05481833748974078,0.11893364833658568,0.2480972147598983,0.43005642795974847,-1.8855912050383385
2.9191832567941143,2.333760867148489,1.9929151904373192,1.085745217609935,-0.41816531969143644,0.17728484740987666,-0.3475729596265014,-0.011929418945588886,-3.760116542356014,-1.364799566982535,-0.46092247633440003,1.0458653926454526,1.1243623286699225,0.12389195706591388,-0.6846502777607232,-0.19038661620855446,0.4734667585429564,0.3139553624990536,-0.30778570763933827,-0.23380594545703604,0.47031418417412896,-0.6003053184207127,-0.4740632597413924,0.02473032038470548,1.249905792250044,0.5769035498175743,-0.25273388739502756,-0.30695567465388296,-0.175035102328411,0.0390043610628369,-0.038309614621124456,-0.5211961843492879,-1.38315829832991,-1.849576434278661
