script/wind150m.json
{"header": {"parameterCategory": 2, "parameterNumber": 3, "lo1": 6.000198445256149, "la1": 58.999992894266676, "dx": 0.5, "dy": 0.25, "nx": 22, "ny": 24, "refTime": "2024-03-08T03:00:00.000Z"}, "data":
[rows 0 to 23 of 24, columns 0 to 21 of 22]
1.1737557391157325,1.6673072495270123,3.4692427554055527,3.5473422812596453,3.797226315960697,1.890915701785052,3.4651495108026724,0.03768416686245596,1.6005755248117752,3.142256792980949,-1.9132484608063494,-2.383894272486851,-0.36907851169870637,-4.255227750306115,-5.115187478463612,-1.551074955054411,-2.680800642458939,4.458902789632467,-0.6566869602230646,-4.0885161622506585,-0.39639730571340964,-1.244293643179651
2.787018525765745,2.7364935923252114,3.4465992012475954,-0.12233006916610445,5.571668697514306,2.89741244628379,0.6727335191834567,0.7451653828540484,2.736370031556422,2.2364929874854815,-0.10663595182640921,3.5865535632786676,3.6689958510751226,3.5083474904848364,0.07396234418039555,3.63087838311597,-0.030627259192814588,-1.1529921688217986,0.3946113427049498,-1.72195207698823,4.483855865909806,-0.0006972202174946778
-5.9876333749108035,0.7193283766156489,3.800663130540212,0.6356741134598437,0.4526043285646352,4.020651507506069,-4.325054500402288,-1.2911689735887113,-4.375593816308707,1.0207029038937692,2.0124262336954386,6.007645716229743,-2.7168200334225405,1.4942053635757222,1.570592702349805,-2.6783905484915334,1.0343303223553322,1.8389500315762624,-0.7395973442627628,-1.3396830722079776,-1.0059437008126444,-2.317814738690831
0.0030575703511054792,0.3711497539423233,1.4871026772225324,-1.1473550329346538,1.2401792941083014,3.583208015019298,1.109192329199178,1.7142939764375023,0.22508474876247273,4.296188324802425,2.7426983805507366,2.8245628991353984,3.219189431275353,0.4748064790919236,0.5163274272195321,-1.8280140493829216,0.00873722418946041,0.8145438289137409,0.29323992200458476,2.198648655293697,-1.6983472832658733,0.07223393251075853
0.8789390701089613,4.2923929575597235,-2.100223502458427,1.5974046470925385,2.520761420108559,2.2968621661044732,-2.639639831223867,-2.1497938202940907,-0.5764705369066946,3.6518853905429043,0.029189276995021066,-1.288454931223958,0.9808003061780239,2.676866232628822,0.09049693822572107,2.945750619558654,0.2819645832188641,2.839796776104722,-1.4407735353013522,-0.2907984426249835,3.5809385244592757,0.44143490433173993
1.0124525791201906,-0.04432664432121428,2.6403167044573332,1.3946234034281078,2.7894536444778475,2.6516429102853767,-2.220238064015622,0.5010379900204802,-2.608982152216033,0.4757947457820314,1.2018096490246233,-1.523928495814337,0.7998196167246193,-0.6990219695822434,-2.2657787321937928,0.9568090715437017,-0.36627109163433347,0.9441680730786922,3.691927126813943,0.024681880419476655,0.5055631759908469,0.026493338418117143
0.812442833448911,2.8926692972652965,0.8520586669131301,4.137574049711835,0.7820293990446824,2.5352204127022446,3.3064741924138814,4.26688362351172,3.219491126753757,-3.8194902751450326,4.186539133604704,1.7430082307319028,2.1033347680980086,0.4016015145520444,2.470851108972195,3.191273609838177,-2.057470814285373,2.605621764775209,2.5339012773908376,2.1085401243646293,4.288305103643012,0.44785007360280993
-0.45705116890466996,-0.5936750622795236,0.15996459648094033,0.3483992700769159,2.8234013015156973,-2.2261851031648865,4.149076371672316,-6.23107750558289,2.452374964574465,-2.3860747777872144,3.1119676256091475,1.6636961909241932,3.8558338916358497,-1.1798556798396125,1.0790064166910043,0.6325489292065067,0.13629318256957548,0.47984572666216374,2.9603116645037524,1.0406459039794753,3.093346550584729,-3.955035029711091
-0.35082185396477705,0.6733588918916973,-0.42706204541003034,-0.689504133706024,-1.3151210275317295,3.5988667690345175,1.5252362712956293,-8.088317706129315,3.671441364053819,2.8936013920340713,2.0093564882946517,-3.1889962261408096,0.0640942020919093,1.3815557943278092,-2.481249484301237,1.4119672410047959,2.665405036866188,1.0487022748858734,2.0537801029854097,2.4487319095944144,0.9554172834538083,0.3304612646849428
-1.4179679105580743,4.674812137147185,1.9430327526955125,1.8211436963491296,-0.5741639928335498,-0.8624708774389086,-1.71654777631843,-1.2516080820519035,-0.7141237988424565,1.2048950024992948,0.6158014522708554,1.0065564242542318,-2.319876937124086,1.2491969753801067,3.252968178878036,3.0046520534301178,1.2320924866604597,-2.1117662778353723,-0.22493849374367336,-1.691431442060931,0.5477345831718754,3.4185092633880036
2.5243371746052725,-1.6746552113758824,0.7924270350920813,2.97120736637412,-4.798532613325739,-0.17582922140213386,3.100328706186996,0.10163617151319126,3.5463234144434184,4.25649459946833,-1.4286145878764944,1.3331891067674997,-0.11427955508124406,3.7031601382889936,2.0884294446297926,0.7317745191710484,3.7288090942843546,1.5144069684242174,0.9733439749214571,-4.841235310623201,-2.190958569417311,-1.0572047188706495
1.452577409528568,-1.050808139659338,0.9177939507617109,0.5656937957353976,3.8112238219324293,0.7592317067957338,0.8394316552549417,-0.7841860591476033,1.2604973422907404,-4.159010593186431,-3.0414857932125448,-2.9057736322705647,0.0771786343257067,4.407306711044992,1.5169949355342436,-2.804303501428466,1.7891059525952475,-2.4809228391371003,3.402456850988003,3.115367837866737,3.569514424008902,3.2444787282534917
1.402906857243015,3.982951260986434,3.5811811507209383,2.971495720473648,0.49840865200063983,-3.488423343700871,1.6859217279624736,1.6571648415765787,-1.1837756070330274,1.189286817590282,-2.4482607224645387,-0.16861114217190068,2.034988091213912,0.9903056417977377,0.5085756905977464,1.9997106841357946,-2.267996019150765,1.4349567202571558,-0.7182520974450736,2.7714464294304344,3.175492587111487,-1.1608535909886746
0.7873299814171622,-7.704604138756297,0.36092139204697593,0.9280432717514965,-4.308721307076599,0.2285584479996755,4.244498266074572,0.5701050064801325,1.4900713717776342,2.978381384385792,-3.0641305308533173,-0.8148523790128163,2.1607861846413754,1.0894458264699975,-0.9696054730381128,2.995709154622538,-0.3142140632573893,-3.2120841853425115,3.123552192845769,-2.5818590893420836,3.492558782449689,-0.7129839913351991
1.7913873491823094,-4.278632411940574,3.871236153895695,-1.5125535219293056,-1.2364906365549833,4.398563712857746,-2.007219974283398,0.8751795214966399,3.024215456136198,-1.5083824018712724,-7.768964535031919,3.278643884285201,2.941445598540508,2.4825432162475694,0.49213592030658065,-2.6445302034129976,-1.4692056530314956,2.904344167473819,-2.403929092428661,-0.6464743784316569,3.173277634697812,1.263821014827498
0.2744276891727529,3.023627255307798,1.6754589869563326,2.861386897287405,1.5266186137322502,-0.3072976832735197,-5.148338313118975,-0.1995765144550543,0.6121879583514558,-0.013320878904674524,2.9515005326954875,0.025061235248864753,-0.361715350195914,-3.261735557526477,1.0125572366626439,3.227274001800662,0.162780923099391,0.953099090526706,2.352460831432381,-3.0697676957633973,1.319689550041007,-0.6378965726773046
2.5768236789830645,0.18255044421200411,3.3801188955756776,-0.16393616917193007,-1.0927900161263695,1.5836859328928412,0.5391018526530967,1.2794418224970219,4.822909107290255,-1.138950394236244,-6.191953297846796,2.9925862871843267,2.6700327153088446,1.9647651416340806,1.7155498407283831,-5.203742163266681,1.4014353760467386,-0.45206011162692233,0.32232528340725036,2.7110208930486093,-1.826610631514818,0.7875804936417004
2.4842419671100697,1.5594812399725038,3.1058872218306317,3.2957379783726473,0.9266642130696352,1.1599087129198917,0.15203557514627128,-0.4251838975585219,-2.7001511342373177,3.8848665266434375,3.11863573722928,0.475133842177115,2.555020848576234,-2.388877602646715,4.1726543286197995,1.376355567504222,-2.711692901097952,-2.439986918956793,-2.081499652051993,0.6346039588080761,3.8521887923800984,3.4125601511916845
2.3626551045071214,2.325235698871642,2.2234770779628397,-0.43271006623461555,2.451139087390638,-0.5135286365011642,2.9583781620294176,-0.391007403816015,-9.27389135582521,0.022134926618075187,2.902300156698328,4.474270400794713,-3.482331119294917,1.9660715372043487,-0.9597650992478934,-2.4371061315083438,3.2005287560069786,0.8735433240505628,-1.3656089416215598,3.075922174230387,-0.7646472151799999,2.357627617981699
3.4834631431358756,2.193927087223889,0.048041355980455024,0.3568516600914368,2.847824619785411,-1.440517525343703,0.44303640155198964,4.130038531870916,-0.158236695229197,2.3067650176674284,2.8509104162460184,2.0270850984246986,-1.0558165364676106,-0.03199006170362011,-3.8731528835973523,-2.5713761120723264,-0.7918849295991809,-2.523625672107593,3.807704011097616,3.4578682538256174,4.518753306606929,3.067068798108511
-0.12962491807793647,-2.560728378946849,3.8893159327958635,2.321316558483935,-2.4456028584011675,-2.590429300636225,0.42969689649565856,2.493002988439533,3.2362350615496416,0.5558846077797533,-0.06909198710496761,-1.763950046687797,0.4763424957298192,-0.34122885111069134,0.8851225306646919,3.147209237909713,-6.80184484705655,-1.4219047344544595,-0.11920515581618653,-3.371521834273524,3.106083085181903,-0.17729835972832356
-1.8173945398881493,1.423414647204278,0.6793558085412171,-4.375328232357402,-1.7364057019481312,0.9293288847693423,0.11016713847621566,1.0383289458476284,-0.3622867659365989,2.7218641115312465,0.6400676433302901,3.257219274506261,-1.1676624193700917,-0.9701975816250559,-5.503001052757451,3.662862380036994,2.951864577112007,1.936357975401061,1.567405965697263,1.8411759694101848,3.779550465250233,3.321077059534282
0.17148864109966463,-2.336587928480279,-2.6342495598514453,0.03607402180229354,-4.531671077555951,-2.2427402414929367,-3.7122355265906775,-3.4263122080301605,-0.964192970343071,-4.848072276719844,-1.4169929105654393,-0.3581722022444186,1.5490543469972708,-1.4937357252226622,3.6383559888560693,3.828295002464627,3.032835821278701,-0.30593948747458666,0.00278891473812834,3.0704630135889452,-0.6671341885156864,1.4837955198022252
3.7888917164926803,2.2744406557164782,-0.9473481923099623,1.8735788596584781,-4.098489380943844,-5.885242536042871,0.6195952218770475,0.011805475660174999,-0.012506445660243868,-0.509174515668754,1.0459141279754152,-2.0056618157988475,2.2426996408401116,-2.8653507948147303,-1.0660220472554256,-0.2151935218889218,1.0527280978854296,-2.6105115854898147,3.1359638849130955,3.7138619112287485,3.8673672469237257,2.735096406792377
