script/wind350m.json
{"header": {"parameterCategory": 2, "parameterNumber": 3, "lo1": 3.000054539987559, "la1": 64.9999836372058, "dx": 0.5, "dy": 0.25, "nx": 34, "ny": 52, "refTime": "2026-04-14T01:00:00.000Z"}, "data":
[rows 25 to 49 of 52, columns 0 to 33 of 34]
10.843125008196656,10.818506267215163,9.896067069967087,9.585580321192603,9.28336078614758,6.341949951606226,6.820875006501174,6.669756715916461,4.805641110520104,3.0632127551598214,6.006871980094674,6.63838357551694,2.4508259764184652,9.587672411664945,8.432623105673068,7.137910519587703,6.403988308082927,4.8704236145339115,4.6769270562139935,4.537774644290821,6.3218358789130535,6.060892192405024,9.168552006766658,14.024553985918793,14.087566675456333,10.622411722654258,8.933118915398188,9.485815826074921,8.521103423595568,8.445404095434657,7.778748359904111,6.626620623775677,6.2691493218221686,4.837935675492735
9.047447426587215,8.978391745496873,6.215535081720256,12.702291459809523,10.137717781779612,7.425030221840017,6.314813193110061,3.8205628203080257,3.6642086689636644,4.682663749194553,5.923367830750334,7.674301069553399,9.19225095272885,8.692580105919605,6.854436033222874,6.690392707695692,6.061639039355774,3.618254567525346,3.2496594097465747,4.4195033628955525,7.499091092772772,7.745016837409272,11.027383750772538,11.914512126028313,12.903281061080587,11.961257412478142,11.098871727419734,9.979551257087698,8.26135375312294,7.102352959586805,6.933764483642876,7.5160927266162005,6.319986368756906,7.178127049094682
5.641274336308025,8.553702815272748,6.672194100520864,10.989934099324808,7.743263394435854,9.019392473210376,5.7806769761258625,4.479972758480773,6.813615552030947,5.462146764713069,5.251766943876456,7.71711384566904,8.827864785529902,6.847190273127652,6.470073879806101,6.1718562363441265,5.23557844028733,3.354032310795532,4.9738743464046,5.237118992769197,6.467648427177438,10.376219002607542,8.731787731838384,11.38231121533884,12.512891302344375,12.144104285510867,13.061191868490784,11.662194057539379,9.30767712386808,8.031738431671995,8.098461408224418,9.194436576337674,8.120677295450115,6.973478909114152
3.776516656602841,5.33748376363387,4.549613105182997,9.487383983263749,9.736157029787515,8.618680926188643,4.414919591604694,6.695469247046234,7.094650187701058,6.945572963589358,7.766631067572892,6.216924659993473,6.750145481981542,6.882554831549566,6.492931524459076,5.767083798353229,5.354750501032243,4.3973021192163255,4.917631161845307,5.735600916438606,7.389816122325908,7.6471460375235765,8.828105357395597,11.168540977756408,12.298104879152428,11.857238478073656,12.359081649794193,12.10796957058966,10.150529544834585,9.473717884382381,9.294392380933488,8.716423641796021,8.381368631429604,8.13794766429551
4.260216698532474,0.27941998487122705,4.162445445846641,6.80917426374208,8.01324033069906,11.703592825074887,3.457176680948434,6.235504844304106,7.839202277452583,8.713166767747634,9.20447216965077,9.209616743492912,9.682442418972979,8.840946715809997,8.130809121978164,6.260741427402624,5.821721260161484,4.896460936560384,5.201329020152031,6.474130967648505,10.661652143000557,10.581425101703415,8.293784698939483,11.032207721218935,12.865680378556128,11.954338789108567,10.959082278675535,11.168669224313149,9.99059224204582,10.903418488364013,10.135665055180592,9.885558053117984,7.951354629603667,8.168823148326995
4.210797795868079,1.353378252852727,0.4939340236899332,6.259700175430427,7.157995279795915,7.39424615063111,8.11298715026659,5.545175229164681,5.939066815056028,7.371742249067451,8.60619470500238,9.684641513706609,7.151882120533523,7.45525782541192,7.183250326319588,8.394794338828385,7.365891121099687,6.7325793143037815,4.038485702693303,4.145237352384803,5.95334368804191,7.899683218795244,9.732308631901626,13.908955397054596,12.395478397212804,11.939505105220183,10.494283320847586,9.112468977015276,9.033847434019663,8.980306611329675,9.437876006782158,10.058214846127205,8.60640848828433,7.864693279555889
3.4002632104464814,1.7034953364777459,0.10866621449107945,4.827828940058333,5.828781516635545,5.193284393795087,8.02451015805653,2.490601861637906,5.320419546024731,6.1589407697241185,6.580373262015889,6.231027483299788,5.812365105926541,5.348308735802417,8.156033714413848,8.73004942300038,6.516853602217464,7.0643874479056175,5.886456144366484,4.6655371869147055,4.701439300054301,5.993029053313827,7.230692900716279,9.274877314920484,13.473914111880818,12.45652427165819,10.854260901904052,9.452895947809628,9.31705395795352,9.917318244092364,9.605237266996374,7.079584392323297,8.640917543253693,7.885598146291794
2.945307845172427,1.8002873980433358,0.9442727173175953,-1.4804743804713156,6.073611602358625,3.5046735806180513,5.122641744421279,4.040434864068852,3.075957500934063,2.7044596953083686,3.8822795936408996,3.556034479911247,5.583774870593631,5.165776217003295,6.324279515419133,9.257531548963527,7.131062265659014,7.192068938518602,6.0989091749000535,4.069938902381587,3.7081415601471903,6.674980706915906,7.484852205403026,8.124336636015379,11.172578023796394,12.10893208005842,11.51703856636909,10.630702998541008,10.252683397381162,10.14123731754088,9.794032113334183,9.309077556913543,8.517940573794421,6.76797216575563
3.9861479680450893,0.4263586088303404,0.01723637982848212,1.1657607718742373,5.596572293652851,2.871929279591198,4.228589343852243,5.538325618849276,3.095881515349919,1.9111844476657658,2.6250613305080335,3.7623493016669807,4.921555998474631,5.3142954596033105,5.22325174669351,9.649494991441662,10.06208774654169,7.958806192482805,7.161619956658781,5.317713151866912,5.041196697310494,6.100373256565428,6.748170765182861,8.546023775242192,10.53131508499107,11.363181169536452,11.567468712795655,10.498443801402486,10.420402339422656,10.307969455819142,9.503361336022017,9.784368574421622,9.02425252839635,9.017873348657556
3.3709400338281132,-0.7476632780134943,-0.3623842730355851,-0.05142588399818439,0.5124201863930843,3.8837805144533144,3.006130768627438,5.079045406262711,3.752269739463324,3.3484944381259227,3.7279646400610797,2.7619690599885773,4.057789328602446,5.909195353108258,7.122852406268157,6.492599130313774,8.383473450082445,8.358335665871016,8.32775181697651,7.5076234480559245,4.166614554566922,3.9595380834674696,7.825675248158234,10.022645649515999,11.186120120817275,11.565453271608455,11.613913462801092,11.09643404922502,10.75690430447334,9.951704404141779,10.938164297195794,8.6429150220267,10.460021530149268,9.580746332478109
3.045838092703251,0.6983604226612699,-0.2530859442762761,0.30343038637927217,-1.7092479305655663,3.1891357000199894,0.6146010785846171,4.1721096600135015,5.6303814039329785,4.591313643798282,4.047648429036385,4.149882360678367,5.122671906861596,5.241924796620245,7.074448593810512,9.103538076539174,9.104867597816753,10.128880453544472,8.182855724326068,8.257230967495879,5.236726128444195,5.177674776372267,6.086118333303769,6.402487634671877,9.13988044422251,12.110184780929485,11.649387035297519,10.961733403041864,10.215763628264662,10.183100773509988,10.216477039166614,8.970372969446357,10.326134869294435,10.026588454314773
3.4817222650668533,-1.7065972677707921,-0.5862887981049846,0.7312746902767683,-0.8681069840639415,2.8942807098552494,1.121465503927141,2.146640991796946,5.857284716106534,5.022924161677658,4.626398826541293,4.5498936022049286,5.384809710465138,6.616088179519919,9.97392939289488,10.46146546103743,9.695293076078293,8.485113171850136,9.69075051501924,11.967868716372609,11.510620584796452,11.693864484111147,9.878118855587923,11.445659498505599,11.92427744266954,11.258901423550244,11.798197016196841,10.80745999366284,10.7664992152371,9.79808208130442,10.362598557958096,9.47103618215241,10.769474707381548,9.015404033496724
4.419818003656845,-0.6057687023223445,-1.7043565665584024,-0.5029939091811999,-0.8916977726998635,0.371802183975326,1.1552648254780369,-0.17151600084377802,3.4340096045562523,4.742682893214064,5.76490781311552,5.4598314386729685,6.562042382592804,6.965883203673347,9.238081849269047,11.105902605880805,8.23612706838583,6.98187683235592,8.776132909014027,10.418579047658243,11.14873835005692,12.30711310009798,11.979774061220116,13.199544999822793,13.019869659712613,12.00177579666169,11.812272923221615,11.271291803636329,10.903590072466919,10.792740600925914,11.07890001493853,12.509270165047473,9.277282928922853,10.91823520764597
2.3595680471319316,3.752196288661281,-2.3412173232883906,-0.8831853921569448,-1.9878717259622711,-1.6242966974069608,-1.3696464631671628,-1.7552593668738263,2.3232839040360114,5.47856749844749,5.451840965812735,7.102156486889454,7.509887092120132,7.422101018083112,10.960810742441307,10.048166165809185,11.384933160432931,8.66763244030155,9.783667223702636,10.761760596365912,10.782865662481093,11.071375135174728,10.767406065604844,12.44001701272784,12.29527593958974,13.075113317190104,12.614421835492509,12.541521489927657,11.35075723822048,12.079262700910572,12.207734856258218,10.815199600099838,11.660335226792428,11.075769151685165
2.6940993815187078,-0.47654253691789505,-2.1626820234069357,-1.5870787111546965,-1.9472754799838836,-2.632985156245144,-3.190100029265496,-2.437036706270858,-0.5484602278733716,4.963433727813671,6.800488020633058,9.415268776187935,9.058616353738786,10.137987468192529,12.286668607607474,12.904605638943982,12.347345286602806,10.5538202045562,11.156638473639468,10.499181209468505,10.196170094478829,10.115886519652332,10.775747099093469,11.731591820450525,12.762692199732715,12.76018166685879,12.660635164439924,12.667895853999111,12.856307561455973,11.78969452833404,11.31625564064502,11.355967799123375,11.362280366605582,10.514096447191422
4.01139768737748,0.8314977554036378,-2.245956085470571,-2.854872166564162,-1.7847385390445731,-2.4981353333353167,-2.530108767827005,-2.6349424783772863,-3.4790594292882626,2.494217679675771,5.11761035484833,10.997951503959998,10.235049620979963,12.746982931926958,12.953253680022877,12.436298809770902,11.881639351341818,11.776801758357998,10.226684335181867,10.09698728679555,9.554980099780401,10.499711831803069,10.86467327399708,10.702016722259897,11.335353631930422,13.316704701880472,13.15738238120346,12.459890067228217,12.751323109811722,12.876440891974356,12.450379328675513,12.034282584836777,11.531689627996817,11.802133783357588
2.458943420334046,2.954365656528774,-4.144007800036853,-4.003783366681684,-2.042924197958228,-2.1233350988250357,-3.3231872168304077,-6.951537615640244,-4.269018532474913,-0.7245470761409848,1.698169913940922,8.467018765327715,9.588890047219122,12.357672347816841,12.465200630883178,12.430948377432527,11.872262854072325,11.32477574898137,11.640022678363279,12.645382156231063,11.600438987573156,11.667813816040816,10.943177157792489,11.13852925147432,11.343113239777853,12.072195072753452,12.39120546362787,12.482400029181683,12.260397744119524,13.600704105876375,12.817825370849059,13.484131091525366,13.408595143265961,12.712770423144086
1.8260970780278531,3.730111060793213,-4.25356310535612,-1.7171883877151677,-1.9540039093903743,-1.8887483450823905,-5.193255443728427,-6.12430310948006,-4.600108358346795,-2.26388294547598,-1.0816098825835985,7.20093198049805,7.924543340720554,9.699097890875908,12.53831402955829,10.877794167827375,11.296815649564959,11.335627036252761,11.473563386814396,10.587989158216981,11.578608899334384,9.570324358723814,10.047877906982634,10.451161884663522,10.032820300833855,10.292210527348193,10.602965075605137,9.282495534805836,10.514792128045523,13.357747132478702,14.442304625321382,11.439264023802878,13.869306873472567,13.569762872750173
2.5437562906009203,-0.48896350067858196,-2.427674750528343,-0.6250593538935297,-0.8748096756580879,-2.0739403909260745,-6.277446738060676,-8.191985605188203,-4.879861317712819,-3.4566889374930923,-3.56642349290707,6.26937385150662,8.60792026264656,10.106931103443605,12.778437980785172,10.24505593607737,10.00554330937232,12.146640629125114,10.843123948914421,10.559022557081512,9.407252357908991,10.061989692822202,10.465113010508773,9.01370997639595,8.907628192838203,8.66805268821898,8.531393900188206,9.00666506846462,10.528394021908804,12.898553768991201,13.687959171152704,13.13993612210221,13.119762221033612,12.727495549904683
2.2929000552315046,-1.1671140340234771,-0.9396740405616851,0.27605378042207124,-0.04798101470620031,-0.121533085650401,-5.710796475118067,-8.72096051956055,-4.692340128317877,-5.142320401818384,-1.7996961255994084,4.5364737424519825,6.705857268969464,9.082895856259249,12.021510584805457,8.576056596637054,12.94442437564922,12.260420546963196,9.71840033853825,9.301645801763769,8.310010307568588,7.753407884590995,8.455745792297837,8.598533016205494,7.763497136743921,8.669939953615835,8.640596191480972,9.925547606297725,11.512158586930362,10.730637857481279,11.23711335336798,12.857117950256601,13.754251113071144,13.811765450648172
2.654227099354775,1.13059611876615,0.19345549855546498,0.7663532456665101,0.12274852995161938,-0.3198609541926373,-3.5967687403139634,-8.762728901613261,-7.368822200587953,-6.861283472345406,-2.9032969848287995,1.8219110599624537,5.107613090113986,6.770364023025493,10.375968532480647,9.446229537825703,10.185171522573478,8.78952630550575,9.786978115954073,7.6223846865561695,8.609513759280334,7.16209073490259,7.004143696215585,8.018668939270386,8.164343210082919,9.1359650837876,9.561799203354765,10.419614886193378,12.067184953083181,10.442287681658843,9.753818656935207,11.40000966879005,14.091881893319341,13.571274703481544
1.1921273270785222,2.2615359420558816,0.2991379745173329,1.0202195503089138,1.1895067893603855,-0.8748997068579684,-2.3406343087820534,-4.201062429843318,-8.31962141780283,-5.173138292902587,-3.0558842358143212,0.7474126016182124,1.1502913807416975,7.318251764461235,9.176679414132474,8.482744750299682,7.921417674945517,8.026047041083046,8.450600509151318,7.299507410695662,6.54657095308494,9.861312729457008,7.408829126371378,8.913034435602878,8.924460891582529,8.433076070621077,8.704388245870422,8.715137101502933,12.126867011175209,13.10307583486724,11.69987447529308,10.742349528545619,12.750586862019478,14.135054530191354
0.8053271265681101,2.4743172058381044,1.2305598441485521,1.19128920929664,2.070280881181772,-0.17090788648398175,-2.8631264841085664,-3.6275848249783147,-4.698669826072102,-4.282715112431365,-1.745088804205258,-3.0647532837972578,-1.6207886770870266,3.4371225553413263,7.5764212149886285,8.341984522182416,6.817345377109199,8.190977054158248,8.27804241020513,7.595149984581174,7.058518924843503,7.437558020227624,7.314290467890776,7.986456143970006,7.002575102347865,6.859596187272594,6.8718844943311534,7.87519288000465,9.048834274586897,10.123276559724644,10.542119419188216,13.83627143935009,14.468338880991121,13.69370444943717
0.9731573530182118,0.30158420692658977,1.3850051709038336,0.5009837148527094,2.1307843473482517,0.788079488588921,-1.9188519407476963,-2.840651894395584,-3.7580728091338287,-3.8270947751576285,-2.2002406046479144,-2.551179935177108,-2.9784766114572063,1.3367934789009805,5.0105360662323175,6.493796532714921,6.738091604957246,8.356883052669067,8.569624349776142,6.628618535972991,5.794210595759658,6.259794495793077,6.224219924614329,7.263792996827709,7.881042325117393,7.794452243800572,6.682210279397282,5.483218786207118,9.23799714380633,9.335448071599627,9.10387318932284,8.578461723414003,12.42819774840761,13.341300340416979
1.5340495534702763,0.7558479200822535,0.9953835792352501,1.9660034001630684,0.7084485947030718,0.8117723908752116,-0.18438911094305763,-1.8202934499377212,-3.196642390434008,-4.4600146876690525,0.7989469667485456,-2.9212062839568476,-3.356912504459465,-0.9405248956581779,1.6612039133941698,4.695472946259175,6.878032778302397,7.716479708294577,7.369280396425126,5.980135272761888,6.529825074363842,7.323862380995617,7.181461625306216,7.3332928334172065,7.282532474110615,5.09539739288021,6.779275918152957,6.930552826305678,7.949130187924987,8.80643327779098,9.28067913332194,10.173406342495522,10.800623008847698,11.57225586727994
