script/wind150m.json
{"header": {"parameterCategory": 2, "parameterNumber": 3, "lo1": 3.000054539987559, "la1": 64.9999836372058, "dx": 0.5, "dy": 0.25, "nx": 34, "ny": 52, "refTime": "2026-04-22T14:00:00.000Z"}, "data":
[rows 0 to 23 of 52, columns 0 to 33 of 34]
-3.7916311483291425,-3.7536673503074147,-3.542660232347651,-3.975344244274399,-4.879967984151256,-5.085010884287766,-5.079038289811131,-4.970442235907718,-4.76165371008878,-4.404764091035302,-3.6636690893852966,-3.526924548117576,-3.2782265120083003,-3.2566143219198733,-2.5307939141983407,-2.8367042499291135,-1.918584972785525,-2.076883767539375,-2.91178090990015,-3.376185420387604,-7.534968731635672,-5.468003379567607,-7.54834710178997,-8.343707030121925,-9.681384246993591,-4.390898785306964,-8.038341485041117,-8.55985220883787,-8.101803589415091,-8.90448149650236,-8.457852514588836,-8.429425134530717,-9.784936046999162,-9.353081569308126
-3.4849376724639267,-3.5239520120382117,-3.249663541377647,-3.5433816162256955,-4.2187907343167055,-4.936502856955343,-5.196911146531003,-5.151233597812627,-4.742929013834531,-4.3709900081550295,-4.154431677317077,-3.9875708517697874,-3.1293683078876757,-2.7393019934804936,-2.3921728962342264,-1.8161203776783506,-1.7980129741760926,-1.2655049444228863,-1.6687335516513684,-4.887216960887803,-1.6678048550491524,-5.292034328688743,-3.8815452877863907,-8.21484798291477,-5.982452077224794,-7.038713168604975,-7.197798176049821,-8.301524710998002,-8.358271568171228,-8.53042388650181,-9.67934450041221,-8.93947677502377,-9.93480133369977,-9.991673298687237
-3.187088005125596,-3.0297824619716422,-3.0671625952066774,-3.5005381796337693,-4.081404112839514,-4.388441869362841,-4.452423106277911,-4.641149570618923,-4.591103934930233,-4.489128764359754,-4.228777849738855,-3.6935026767847674,-3.8526031491533765,-2.795839921595422,-1.6874247463482863,-0.9951435973579505,-1.3840256885676236,-3.2698596606582373,-1.6627836791933166,-3.912227236006854,-4.097554412619485,-5.266208146606701,-5.238032781094209,-9.680682653382497,-8.64511693767187,-7.179215703395788,-7.265425967450969,-9.310903355473664,-8.650949276803642,-9.223694125816833,-9.516952743365762,-10.421220416202193,-9.555220130702354,-9.862044659370458
-2.491306317664539,-2.50608716437532,-2.580149714430155,-3.1066176707117297,-3.7261851331150377,-4.226860892695722,-4.521293093503518,-4.34026221198131,-3.9258087787382587,-3.9267105755497167,-3.526045190562933,-2.9960288784417677,-2.990815640151122,-2.5331171975778424,-1.3960886697277715,-2.7679354143517187,-3.806244462620784,-2.782389682172531,-4.7117462885097,-0.48436251130212477,-3.945795458067113,-7.13897023540141,-10.843483102237558,-6.4553001090902455,-6.840560837157475,-7.107032656523115,-8.009365653111281,-7.458065904022231,-9.67432400316874,-8.88635931092718,-9.196720865636083,-10.00976061221187,-10.637267624284208,-10.493432289022884
-2.103344505306376,-2.372124192306209,-2.4474005934769165,-3.020822904210139,-3.438232365804589,-3.779064512710703,-4.305421874387646,-4.197424309517279,-3.7947003186371138,-3.462729142562807,-2.468959190572275,-1.9594864100796408,-1.7276579035546729,-1.9288829898565536,-2.2423356686727653,-2.9738533797693054,-4.477610895404182,-0.36161758293635027,-2.1455940826261655,-6.288957791403429,-6.973178781161759,-11.864607254233672,-8.154834127410584,-8.407702770956567,-8.086340425937443,-9.292213089157368,-7.9700856830543705,-8.396692976716505,-9.012322686471325,-9.321580152227774,-10.637895188912747,-10.790374507774255,-11.034618909561855,-10.389852882092063
-3.1494747390365325,-3.0884111912549517,-2.6695476877311433,-2.611119645461911,-3.2640371679303155,-3.748492323450363,-3.839525514632265,-3.709621365500005,-3.4639571058831167,-2.928840551546522,-2.0851379004217385,-0.01647914115662083,-0.7837645708257628,-1.633543758993963,-3.1934657270349227,-3.0563855411901155,-0.5135410369395226,0.5049230913937536,-4.133261618788781,-6.964594548622935,-5.426348711225082,-7.493106505711566,-8.50240452028849,-7.261973895403939,-7.046936290721926,-6.94500634509247,-8.43508792367401,-8.579041389578355,-8.518116827371292,-9.34499903851806,-9.815080126293717,-11.150770352932764,-9.784958894103328,-11.155218694238684
-3.7284871709950567,-3.3782044158721622,-2.985840477366901,-2.677836537142193,-2.916156222362718,-3.0214760500774602,-2.9193621708687743,-2.509368546621412,-1.7925090272320217,-1.5041997969983563,0.09507443662908292,-0.16825294018954373,-0.06608353757719047,-2.104669026433586,-3.189338219574478,-1.2886330141655238,-1.8787801126738293,-2.268034345002578,-5.495481065042224,-5.74519310100031,-5.585526635536651,-7.065029149185254,-7.5796129663978595,-5.804257708134191,-7.933524454310963,-7.245287035039009,-7.334287939039317,-9.91612217708566,-8.420237586520019,-9.111107017486813,-9.578500877128327,-9.587035770370743,-10.22269414666134,-12.916047285607867
-4.164460358890734,-3.9262527027315284,-3.6397083672462984,-3.0092059915457012,-2.8367408533971874,-2.171940425862762,-1.6894016982024302,-0.9619126463828666,-0.18518337495877663,1.298273001171934,3.7497605680289405,-0.11292637454000493,-0.3197911096165942,-2.3196405956090884,-1.901401767808449,-2.337983806335325,-2.534749534293458,-4.461954841379944,-7.247912322867456,-4.256225048197143,-8.468093406626139,-7.526725481269745,-8.069000403720423,-8.358771888154278,-7.938780276813833,-7.310989093108154,-8.283095053123384,-7.695367030429383,-9.446559278040752,-9.127519816836488,-10.865249867234816,-9.421171314853524,-10.666949811996645,-12.349905615456217
-4.029341217384056,-4.204510104539351,-4.196608738907527,-3.829120382209296,-3.245508549432256,-2.0596293688714895,-1.3335087715371285,-0.021600915652551546,2.507187036956771,1.4213239109821512,0.4473375359025597,0.25296757173984946,1.5234230796122445,-4.02533617528527,-4.255903839755627,-4.070067399328517,-6.9512783008900065,-7.272741832076704,-6.844477300018122,-12.463443052104305,-14.538008243160244,-15.267250685172549,-11.047311309881982,-10.032291106553417,-8.659671548472817,-8.902592409351014,-7.7593327542903285,-8.731948253745012,-7.760044299366287,-8.88896003163264,-9.376031643386932,-9.987286456639834,-10.97235883064215,-13.512562088567247
-4.0760528338321524,-4.211985123548069,-4.07225292032397,-4.072774026436435,-3.439632426435103,-1.9897162791768357,-0.15666732961681723,1.213802912391357,-0.8439525430677289,2.028768600448523,1.8696943305266822,-2.211183924110082,-4.967840205655435,-4.893296530803486,-7.640556218213022,-10.176716383453435,-9.550696290478049,-14.037647279612775,-10.519686973086475,-13.707739060164796,-12.477194209022574,-7.154773808421515,-8.86775196865005,-9.105365581798173,-9.925051267267747,-10.030268213581444,-9.068019630701809,-9.26351686657061,-8.658991702307391,-9.377391576391165,-11.008967694095466,-10.382930679813883,-10.300206401550753,-11.826262412505683
-4.592275349525289,-4.521593467217282,-4.6374785774658385,-4.704531358041077,-3.3114290883112165,-1.0926694774434544,0.24084809287844136,1.3170282884832543,-1.0705182622517184,-3.7631807871114744,-4.896093859129685,-7.3532227179598895,-1.567232136956876,-8.354777734812885,-11.069327038185698,-14.579663691081036,-12.675726761693035,-10.984607677193072,-16.826244646208217,-9.110072992276436,-10.007404328396591,-9.08815392372757,-9.792791437448384,-10.426330766329464,-11.024315223808443,-8.872263659236243,-8.059138967288149,-10.691494631464995,-9.755492190706727,-8.991109335681815,-10.25923541745371,-12.022387899984647,-11.32075948668103,-10.891444427865443
-4.670289832850938,-5.000102387190251,-5.169935445418944,-4.671237389686453,-3.5140529178750843,-2.4417949032890416,-4.595164036971821,-5.865768404787203,-4.238336027841043,-3.4987330436472597,-4.438075531495255,-13.395773160377011,-11.756010531427336,-10.531846522669436,-14.332897833263361,-10.462916930232689,-12.703362251536074,-16.841612996386875,-13.375456756939288,-13.47692960750892,-10.525491836053572,-12.471341895274119,-9.04182062041317,-8.641816180017704,-10.128827624167569,-10.950931222229034,-11.825343443676232,-10.691281056426588,-10.689216954334062,-10.877019644333913,-10.74850749772581,-11.997530168144872,-12.62691949434412,-12.329714517646318
-5.394515342497384,-5.8264105115299625,-6.04009319425153,-5.865449784307326,-4.555350611124132,-4.647322026353288,-6.793898329771327,-6.675824724357915,-5.270599633157816,-6.195204810560203,-12.10016677440934,-14.569801464332784,-13.84857088630413,-6.000334521250738,-10.77024973496385,-12.509144886873846,-12.59994932097386,-12.322320911168008,-9.329801735407715,-10.460200879285251,-11.645003530923406,-9.286427967364453,-10.149859830620603,-8.339462373477723,-10.326532167297565,-11.547312892303639,-10.708040241310664,-11.005607454116925,-8.529278278031914,-11.411626845117183,-13.144742096555078,-13.180948662172538,-12.964845320868918,-15.303803712721441
-6.17757319200914,-6.8286576550069045,-7.099934290821124,-7.140731190948897,-4.802555540957631,-11.385645851356538,-8.683770235818082,-4.179306076429014,-3.316715982329311,-5.334490594044014,-7.517190130375241,-6.439800951418668,-11.890217717685108,-7.534498668482922,-9.50693020341863,-9.596327900856878,-12.66764043457989,-6.514339729255664,-12.873599518508975,-11.410552641755489,-9.937086439377525,-10.881504928174706,-9.239743601474455,-10.395407852014783,-8.83006563186857,-11.534907828592958,-9.66344127661884,-9.171970956368302,-10.067708621555308,-12.126032698838882,-16.13979891082021,-17.51242733551137,-17.063219712465322,-15.550660019286243
-6.83086988211088,-7.764291267530369,-8.093417276151856,-9.533999982405001,-11.120057321363182,-6.194380619471166,-4.19332403099812,-4.65214489927502,-7.749350510877187,-7.844823079251494,-9.815343990479287,-20.479832607292682,-4.457402692141216,-6.698214637393597,-9.884053329582942,-9.755949490981571,-11.408821567058816,-9.270263836810422,-12.668331560599317,-12.421223670686235,-11.175441940704024,-10.816532569145675,-10.046801075267295,-9.308946711745829,-9.60711621020982,-7.864347716066116,-11.05890036972513,-12.327819232705854,-11.441130570410579,-13.376794725067045,-16.056186085642665,-15.76238373851062,-18.35907960326946,-17.043287994026834
-7.953469153280193,-8.736286051599622,-9.338111082976813,-11.616616754841749,-8.359059266581632,-4.6127207704392434,-7.918052437072628,-6.755894962582507,-4.082789739503382,-2.497274191329439,-5.720079858661714,-6.742580639437006,-5.180664664176622,-15.216271438802293,-6.64347618097755,-8.063467902935091,-10.644130365809671,-8.193365244701797,-10.594480522385469,-8.586434914878675,-9.246258807072412,-9.882215428468179,-8.405723462468709,-9.614918008139162,-9.694319007805385,-8.586948433691523,-10.892805232385912,-9.788951246948319,-9.230579615595827,-14.826855886988126,-13.4352118002598,-16.615225164348534,-15.985471259102368,-17.82501591552122
-8.798715562365867,-9.293820604740924,-10.336679334033159,-11.815590509961208,-9.29247915165532,-2.9544275900325503,-8.372423618061182,-5.73377731548009,-5.733401357704211,-4.508663533075052,-9.798353887549116,-16.995972005486763,-5.365548749213965,-5.9499584766941975,-5.422139600369212,-6.363879907129054,-7.520200300376049,-6.7558992557156206,-8.054058096471746,-7.674881799380494,-8.902591878595622,-11.253233793603904,-10.622002247988487,-7.667302969430557,-8.222299035684086,-7.833695185355843,-8.317483269132671,-10.221571204550234,-9.497965737929885,-12.427762140486054,-14.14392980088265,-12.597930160643,-14.237851808126948,-15.824375776821025
-9.11461840416341,-9.772561730978154,-10.855169725135578,-11.851348810350139,-9.359665675844235,-4.321893513274257,-4.6695594640917,-5.173413066916687,-7.757674529436787,-8.564783149730795,-8.524578971672108,-18.395522333783656,-5.449143756134059,-3.5583462015915455,-8.566135712120786,-5.319949055027459,-4.789246587629905,-3.6266151048639497,-6.04205421742426,-8.336002996033914,-9.776185502571321,-7.584435248573388,-8.527515604535573,-8.914003334978387,-6.907860385513692,-8.457535309264335,-7.502852345026932,-6.984955053158866,-7.512523044600066,-11.923429810240265,-12.166763908449546,-13.954329016493102,-11.137852533443194,-13.219971532954329
-8.808805262149848,-10.023861747087155,-11.144392854184133,-12.249287872579368,-10.830307081393933,-4.206165972537492,-6.773899956061788,-4.912975153566831,-0.5391565399641808,-13.986919378558278,1.416325644534295,-6.462580537354251,-6.011713224944563,-5.111131860534692,-4.9761341091559785,-7.313947474281607,-7.415349139995315,-6.041662246189985,-6.477514138981597,-7.386496289552889,-7.442396745037671,-7.1396538035931725,-6.828003682719819,-7.779359347558134,-7.052647807699525,-6.169214998510144,-7.703025330487848,-6.632652801840046,-5.299331464805491,-5.77055531623481,-6.168670412343537,-9.044395108476746,-10.006980794711966,-11.133034263198779
-8.484132736958708,-9.830951707589186,-11.169239049253518,-12.295373495576799,-10.04088332461404,-4.940074488509239,3.4032858276976734,-5.329359583822403,-7.0583384012955115,-7.2983535029466955,-5.646729770373836,-6.547673705156919,-5.113344434160131,-9.76672943137771,-3.750901758562019,-5.379678177828327,-4.783758116183104,-6.046179620406657,-4.108622126571047,-5.395279267877606,-7.762334637522151,-6.812502563469158,-7.165005423316378,-7.809572278212048,-7.075379440513933,-7.6789282155337775,-5.5799704699141115,-3.277049455074438,-1.9502054753099238,-2.5349005758824656,-4.908020446989638,-6.393359231323665,-8.063417219027286,-9.53613456162023
-8.65733094510667,-9.734351056095084,-11.008478826000438,-12.518296280081364,-14.036707604772953,-5.481830026504743,-1.0873068638097387,-6.895931565257599,-10.119199038357271,-6.046047969327939,-6.520744085972025,-8.49678482722365,-4.394716590785307,-5.732920180895299,-1.1958764735612857,-3.7614336823088017,-4.842084073175967,-4.618636723981435,-5.709903080533441,-6.090910623283103,-5.624605635217552,-6.4318828222282205,-6.383850038698345,-6.601728514015741,-7.150385574556607,-5.7398832278927765,-3.2169837686053717,-4.07622559528219,-3.1269964857041344,-3.0760093449281323,-3.3499317601448975,-3.1658330802082046,-7.138829442495569,-9.729522193431096
-9.044958107867547,-9.74966315788706,-10.918243277031427,-12.191727018027942,-13.619320294966585,-3.613758791567023,0.5053018249484543,-8.553651173079528,-7.09502006365357,-4.991623528759445,-14.295867480900798,-10.035640658119922,-7.913483996278548,-5.4423848102352785,-0.9832205514076919,-0.5522837613573308,-2.176797831168749,-2.6819517071810957,-4.684533287698941,-6.207567173243744,-6.35130660564646,-5.721289572466119,-5.703919568889494,-4.636795087612408,-5.887317986250096,-5.013485158842584,-4.576889406464224,-3.441254989836002,-3.5596078855827336,-3.502030506325442,-3.1368784722281555,-3.5395790791417543,-3.7381009818807303,-8.48360968298104
-9.03380760823242,-9.943731463653306,-11.133011846124852,-12.175823330839357,-12.684096502768075,-5.130118885611521,-6.77150705421463,-3.3844091214204632,-5.567246192687776,-10.060630599096728,-7.313194629449426,-7.630385261891308,-8.650784378537848,-3.1509410959089585,-1.935750947298856,0.7954755982129263,-1.6210524353535711,-2.7458171512308827,-4.079971577900807,-5.15210759659907,-5.867787888005578,-6.629506763744117,-5.117764235846234,-5.143468425805681,-4.543449654788592,-4.131745570305155,-5.069885820548472,-5.298289662831887,-3.8637568418251367,-5.685183209760625,-4.738178522960192,-4.375879644242244,-5.243672400496132,-6.630484695672763
-9.295761232982832,-9.590177158712565,-10.730808852839466,-11.992267379415187,-12.685420432919253,-7.101231534855365,-3.7341876211741054,-3.0579201652731816,-8.085290046522001,-6.064436492225752,-6.78701114246238,-4.398708695968964,-4.8490373844469286,-3.6113677341361003,-0.14519964557548196,3.6067869973059317,2.173270435910402,0.4745116014001609,-3.1704405118418246,-4.3601360420607005,-5.259828447881957,-5.6210456030314395,-4.706778965022649,-4.198104000529547,-4.450214496635911,-4.784447752682118,-3.8426567757077317,-4.627897408412533,-5.258703965227434,-5.198136118575392,-6.5816540811384705,-5.030513206799396,-5.657308526208232,-6.397887090572873
