script/wind350m.json
{"header": {"parameterCategory": 2, "parameterNumber": 2, "lo1": 3.000054539987559, "la1": 64.9999836372058, "dx": 0.5, "dy": 0.25, "nx": 34, "ny": 52, "refTime": "2026-04-07T00:00:00.000Z"}, "data":
[rows 0 to 24 of 52, columns 0 to 33 of 34]
-0.6305237954550508,-0.16022679892330524,0.6365356765501142,0.29924629139177733,-0.5223306120875261,-1.0242154534861616,-0.6595727865996283,0.45224479759392405,-1.9585190916892246,-3.5915838010620766,-3.120046444381869,-2.4070261857914788,-4.418054893552031,-4.453035058791963,-4.551807176396846,-1.9654151582714061,0.6028098647479849,3.784464569839397,1.6037559896999836,3.1481786999241406,2.179997181280731,1.6325250388847226,4.168088066483025,0.5308031095208577,2.3736419798270814,1.0648117165898767,0.22373661232808797,-2.4089832172867003,-0.9338478570096763,0.5583122058358934,-0.7246506974180303,-0.4841554964936866,-2.308182652300361,-1.8245250991506454
0.6618135538751727,1.1115818447531205,1.4213453801377527,1.5650056426051278,1.2124969908446197,1.0908047888944896,1.0294643383897049,1.6108810564426708,0.5292624292418292,-0.9062865486595421,0.6792169090702465,-0.9801804941660203,-0.3912697421992116,-0.03388308379895621,-2.6657450932479754,-2.2194815232226937,-0.4535737926009653,2.8946709617080373,4.525163600426421,5.453355416899635,3.4736362850287548,3.3544672811681204,4.0520160662354385,5.454263320474091,3.286559433595731,2.23531771651146,1.6743638128145235,1.360293002590023,-1.8379970402189048,-0.40686947390815287,1.4483254320653394,0.7209620342483634,-0.8004244674931758,-2.769323802410587
2.161973101458943,3.070601438879101,2.7323720724159415,3.1485519534526363,3.1022945366799304,3.3750490119609022,3.63237739566045,3.707355622232491,3.9257677122422643,4.838811407358065,4.18843225082837,3.9760541100926696,3.6143904744735758,3.3568272111097506,7.618305880948479,6.066734558663767,1.178944765064127,2.5283915551576035,3.9080278212863,5.523113262374103,6.9067837279433935,6.79660872485326,5.79457026146967,7.516108574843517,5.972739490401693,4.132019077656879,2.2866138486412595,1.6819451502790477,0.5884131445977657,-0.9324688580008129,-0.25859525822306906,0.657840010819033,0.07625017583585819,-1.7239227231485716
4.353278154705857,4.144001831587237,5.462795803150353,4.669194496815791,6.47550621096103,5.2529408222189415,6.347700283232091,7.310581805253225,6.900363165960505,7.500548273064632,7.230888031107213,6.331301727165898,10.852953663812723,9.675077330305358,9.21190248212032,11.359266227607467,2.3948534117580644,4.809443543704698,5.025475201839618,6.393867109193015,7.412246301028054,9.811699998841938,7.285845059753365,8.167430561074982,7.730645729631237,7.166438336044607,3.3299576212956046,2.601049301625563,1.245824650414264,1.0901611372135107,0.04779966145187895,0.022526321695392905,-0.20186655551848368,-0.6010867311012609
6.205554390463418,6.413113566850283,6.620801608994092,7.8537859063238304,7.574331915965442,8.481943931942075,8.465079072894985,10.006004014979354,12.307246554017668,12.545500037959929,11.160217852754721,14.095203286073453,14.11580876591184,13.496593105032698,13.375421387941817,12.798197348268657,12.942722002667058,4.387032479670366,6.136424776811981,8.428321450319553,7.430489364224489,9.965005211188611,9.102387847481486,8.304761598977247,7.228281667925027,7.319669506494261,6.600935013278104,4.867564671593334,3.026828572827992,3.4106501406027756,1.3247154009749122,0.23750937026447366,0.35871280159799673,-0.12646820016274352
6.670062803138804,7.4488940614690895,8.240556118205665,8.324932160555289,9.94453128535713,10.734170593980584,12.105188148201652,12.767289989314456,12.699272816655048,14.461154069707913,16.004001597277217,16.999288218648157,16.45448689699237,16.19608565534639,11.914369194342903,12.838890715274978,7.853653299886904,8.630295986667784,10.273995699474051,8.442719000092605,9.434994737507736,10.856054058297198,9.646307645812392,9.296767893846376,6.462826611916662,6.8472226850618,7.425558689318159,6.1193935359016285,4.647121642128854,2.9041353245219512,1.3510028764092659,1.9284163556367675,0.7991868706252351,0.18198516244075547
6.266954623505463,7.07880196614639,7.845948704757404,9.061951328507144,10.378413342685525,12.17658248362393,12.883073183112748,14.254487985012304,15.710135008391275,16.262658849550593,18.417543812839178,18.55528733546335,16.477099647458438,15.08104732020025,10.95025444031549,12.09546485061306,8.833569166045665,9.35612358980472,11.727714192970053,11.163591898552898,11.376052429754452,11.976541553433618,10.567445413596907,8.4470027875978,9.010854427608106,8.157531013100733,8.560639812237802,6.4929291751821046,5.658913547971397,4.429783078859461,3.793467384571398,1.6729183784607617,1.0211186869208961,0.8196366365513877
6.180723061003278,7.387969643668752,7.930572559162802,8.40271716540799,9.470762349575605,10.904505065325154,12.088869028656596,14.13834718968923,15.173317023104163,16.654161173295176,17.482549652694043,13.711469694285357,11.982010869013079,15.904891564868922,14.780788536085431,10.922625842706578,9.071170498419434,12.226114195982397,12.42451365854906,10.122322602327227,12.172932926783393,11.765275908485895,10.852819782994201,9.65980007949118,7.940475329604727,7.571625249728847,8.31288051010487,7.184061172389132,6.038288873312269,5.4116858288374985,4.525873826104347,3.5606432810588657,1.4886917830745696,-0.1316200796464333
5.575737810271502,6.438342929897673,7.479940646009504,8.706121922734424,9.26733794234034,10.211655367131007,11.31313951235629,12.303037946994444,13.409723838923838,13.724401895207029,13.160899644322749,11.33941309719515,17.163698576309702,14.934360898339861,18.07725621892068,8.492149731292967,11.640093255420448,15.649616258438607,9.433623153489684,10.290572657386956,9.500269350132418,10.513004378025517,11.965454242543668,9.981085360299966,9.231188628586633,8.362124618935166,9.800840998634804,7.255497776711527,6.045585820632549,7.400428840327491,4.935691840496229,3.2417426760800225,1.6145247673392753,-0.9315311589357437
5.502323818343325,6.097496857066668,6.818046497939951,7.4783922683612065,8.481480803096513,9.308921770932686,10.035175189296567,11.103509785183721,12.785552474762909,9.67788842341241,9.73630272909616,9.004355051050052,16.061464290758273,15.660295866966129,15.86307009779992,18.401859735513103,11.877227429698168,14.887244887235546,8.986562411807338,12.205356633430478,10.142086535693448,8.192184126602095,8.228504297472643,7.981426923461973,8.870023991430502,8.363387868187754,8.216650952603322,8.096392535149707,5.992895637683858,5.792898581697971,7.430438432811392,3.3603575765967624,0.6373265658215411,-1.4568734252469928
4.669975312593143,5.543345784608834,6.025518263325958,6.6833330140455205,7.333337066271181,7.880336989529504,8.72506351539797,9.616255608527126,12.284870979686582,7.064834049685241,15.870914417096575,7.64942814494831,9.597569393757704,15.638284784530523,17.78048776735842,11.006378121941466,11.228812167360946,11.251892017444415,10.732562074163281,8.149629514544525,8.446764941614223,8.337529744464693,10.391969381294036,7.578635120207306,6.998136561676948,8.27179836075673,8.674893601092739,7.189794561420572,7.728479519411051,5.818102159490454,5.508720546420677,3.4222333689222473,0.9675099980700662,-1.137705799010644
3.629188761023336,4.387390190407142,5.076360879689783,5.477918315240342,5.849666380293547,6.398002925646139,6.250565912876467,5.249471666419427,4.419863820784943,9.1309187072672,13.295958726796256,15.515340776762175,9.801527036986348,3.538809810085479,13.18852550279656,6.145479051495386,8.740991304988396,11.381128477650387,5.905651233570715,9.765662914704997,8.710749559977284,9.748104410344148,9.115340469205268,7.2000749574475655,6.198792784491701,7.757021586658427,8.075815312508247,8.278145550648784,7.480908469077137,7.334788176583684,6.077474463886715,4.463027469264168,1.8014291061003238,-1.4656952531758922
3.002313791677288,3.7539444947925595,3.8457368864603803,3.9722499761810863,4.672185890233456,5.250875588996688,6.066111154193468,6.532585220508562,4.307983200459064,9.335061879839316,13.215854504423376,13.26179322154874,8.960401464062116,11.75837428592287,9.798145175594774,9.6372528446198,5.3634628651736955,6.822520630861203,8.587211045829914,8.255930425954316,6.568347247569409,6.639409357715831,8.643006402837425,8.60553399902232,6.195509989629401,7.229370067028085,6.7337422676037795,6.848235391267567,6.907586539626537,7.008135864104713,6.445734889233708,4.91307291347892,1.558888800727762,-1.3498090585846498
2.4444186131126897,2.870718736779335,3.201871182422184,3.0957222017629378,3.33717315017403,5.477525722759605,3.857156130643668,1.164115390236054,1.8123494582744237,7.953512975067436,9.666300239883208,12.051008623162422,9.826345867840924,7.132274381248215,11.337336693085968,6.5035609290768175,6.77592315556552,5.035494617525064,5.6288801524873335,5.364018950065615,6.6065886132932246,4.92020843245128,7.3381669786121195,7.798399358138307,6.905193420346738,7.290110199261898,7.616103047544805,7.335007101469813,7.474465719130089,7.387615219887223,7.41046623122576,4.655808148877563,0.9552227988566243,-0.7850647656385519
2.3045476631166486,2.385392778474719,2.6571125418079746,2.8793670349372023,3.5323143587732657,4.567620934491851,4.486654895341123,5.327787150594884,5.074513514453838,9.00935282787734,6.44921027359531,10.282584533301415,10.309384096520228,9.33023467162923,8.595578603211155,7.552246342979355,3.9283925270026874,5.310996637595639,3.4424057979779508,4.752353692246231,6.819525605208798,6.584634569957116,5.505491699127925,6.283626273118779,6.500801334651069,6.441295381600513,6.550832030576875,7.3476681380126285,7.975856713740283,7.289073131545629,6.668390750899395,5.626294595469181,1.8757811573902374,0.3953890293157422
2.0641336155631205,2.14347082555856,2.115057058745935,2.390060254899015,2.7078058623169072,2.669544407441046,5.628924967432148,2.6630023984686084,5.58540852109917,3.498550313416968,7.875346526469964,8.97149730656106,4.417078963189515,7.086828477921491,7.651717637934442,7.471282058500168,4.5746860023183915,5.162942312119745,4.302418043593475,4.354975084881756,3.1163981521163024,6.276982038669332,4.416407351516812,5.784158669967379,3.810708457431984,5.918697187016718,6.410416108612564,7.910109941179426,7.9787592023308065,8.543320630421038,7.051596263052681,6.249900303577657,2.685537621685798,1.6442973211318048
1.6226000590790288,1.727461024267891,1.5223476720008944,1.2686231518958722,1.8824892647788154,2.118750047381173,4.7989903673704575,3.2846165369919986,0.668398808006199,3.947327973184107,8.726651965246665,10.641601623521995,7.361822143837658,7.247287318042889,4.684011523658615,5.55460421054167,3.9278003485010733,3.424101369779351,3.5339774228704584,2.81225717412166,3.9272685846498114,5.7810793736953165,6.230465377013529,6.969498593307106,4.889404869749654,5.029287757552416,5.674377233832572,7.125760437874788,7.723770019085592,8.493146806401612,6.829230134270369,6.0918036322348765,2.6411984363885153,1.0918608554496199
1.1174730974657219,1.5013603814956626,1.0360256112473152,0.7895126568075099,1.300174586021103,2.761991799938959,3.4762684323440296,3.773339424434757,4.763428284760954,8.22353782315577,5.55225674134655,8.008100331336879,6.348093298186441,6.748925620470145,6.0712478343657255,5.6414559509163436,6.077630018112884,2.1731319681282226,3.0763811006859934,1.6494278270616272,3.2834217075448207,4.901975442099901,6.722501303170737,6.107108881053699,6.729639517987509,5.86396340150116,4.921974779119329,5.6904977107715995,6.62002828044741,9.241984338564231,8.321371443182336,6.036039719399444,3.4770299208880937,2.0519697489913127
0.3719349946839362,0.40830414331661996,0.35366594151759295,0.20426558800400743,0.7786860219053567,1.95475557551937,3.267963154840835,4.509526205996071,3.762865333882347,8.131294771521787,5.989886462972549,7.706634126955773,6.9262623555564575,6.82640532047719,5.861829920719726,5.203997932114924,6.567836394174347,5.695964180959513,4.3739841876561805,4.086983992917396,4.038455501898447,3.101437284710074,5.48733649047557,5.877931671409286,5.364764451419159,7.260665838515408,5.413221990637794,5.7709674933565385,5.988471583301486,7.3536861118656915,9.762826014581409,7.098919840714807,4.901964985025506,2.610610783367163
-0.6816837095424622,-0.31660033779678215,-0.23979976068236974,0.10932380817305594,0.5936018547554389,1.5577763606047172,0.5106258943860359,7.1310246203871746,6.38260153388666,6.936563619868016,6.697479193920251,7.4756401841546545,6.8336129063587245,3.363978241675379,3.2148205587549716,3.750521734969804,5.180571094461824,4.851848268590889,3.171164673168266,5.3549041203732655,4.032061696324694,3.3212225153923907,3.2605982498811636,5.873170818059976,6.086846944519262,6.162683793145164,8.702332802113329,6.760605284289342,5.666888869036778,6.477257172857212,6.055199543789319,7.777976379671442,7.062138706990115,4.328123536276009
0.3029763633182991,0.22145242687323605,-0.9773286949131206,-0.026565194059347257,-0.008020129907740535,2.1012085281835913,0.5868557111875837,1.0395208905753661,5.09543102879032,5.704493739337366,6.037999581891042,6.759229428369238,4.425324285743054,4.15399199168795,5.6166226521567415,4.505109651207196,4.70331986646168,4.2839089548921,3.758385147972468,5.7794875417657146,4.765058248205923,4.763838880461541,4.498418674456297,4.895049438191676,5.023337930444744,6.999846926572873,7.563853829006762,8.308359993940682,6.677100809639138,6.203179104317518,4.764493868494312,6.124925888161757,7.502751541570338,4.825941909175643
0.7457142294649554,0.7268843631014992,-0.3401863681464233,-0.44391374504715847,-0.02468579073469696,1.3869798907695963,3.023514166503078,2.1083163657746775,4.2329234930278306,3.1703218852729247,3.627673939025718,5.663800826866385,3.7562421129484007,5.4255300477477,3.816592847356115,4.1132979074761975,5.145783448806106,3.8900115176593513,4.454210648298152,5.526461578242073,4.845414967525852,3.922921225238416,5.125691579377726,5.512495090065964,6.042206638956847,5.7125814339113505,7.2326233092145324,7.896830644324277,6.043029652416243,6.165318266840114,5.26547100293916,5.849434024512525,5.266766311943276,5.835233603312496
1.3161850892197966,0.8511924252575528,1.0015073968784143,-0.237683374497185,-0.1567158312830038,0.6943085116410598,2.062113087114193,2.84120816614834,5.270721384958559,4.883638714399931,5.182313362119844,3.4320872239436455,4.321278909779,2.645720192053815,2.362228717145981,3.0632592189362264,4.415047775593123,3.0603438343172322,5.044976196232533,5.143971308250281,6.0469485894072115,5.270292363462247,5.062073185047118,4.679148013895091,7.146107965879711,6.18077635581976,6.664950995342123,6.126811454331769,7.340111649424534,7.082042855139985,7.1472057561915765,5.79840416923685,4.689867715801421,7.211895534935989
1.0071568353261515,1.4536699736853949,1.1430313467658773,0.4353727160650062,-0.05446294334565084,0.5939215939566637,0.782604536619175,2.456419561573976,5.341134925755088,6.446108171065805,4.409210054301092,3.6902680053124484,1.3607279478725605,1.8671414764699241,0.6546692475836885,1.494800935627413,3.8476196963498768,2.000220156914296,4.180581037337753,5.093179704224321,6.383769881641961,5.959409022649468,5.512867407933331,4.9800718937543,6.899669703422079,6.544829849531994,6.30499363336858,7.805360597214806,7.364693265019601,9.682582371483011,8.886252731375537,3.9987807297565827,5.766055266067346,6.848865809022496
0.38131648782253075,1.7124726094882115,1.3779141550914809,-0.03201326890718107,-0.7069565394649779,0.031801761599089866,0.9393139576949749,2.807988085899014,5.289274160745416,2.468746843377938,2.6054042952137566,4.140045825993316,1.7470664945892682,1.6645416798438326,-0.21255396073605082,-0.03537620157213648,1.3523130501921956,1.4788823642050029,3.3714561272272157,4.321157265702293,5.428718348694543,6.624010380577396,6.14959948766272,5.522869119659672,6.2578564190505785,6.962244401228355,8.176385414746974,7.884979621644804,8.37130512481365,8.519556431011253,8.599414325051443,7.65974452681843,5.878653155924728,6.356666903346605
