script/wind150m.json
{"header": {"parameterCategory": 2, "parameterNumber": 3, "lo1": 3.000054539987559, "la1": 64.9999836372058, "dx": 0.5, "dy": 0.25, "nx": 34, "ny": 52, "refTime": "2026-01-21T04:00:00.000Z"}, "data":
[rows 0 to 24 of 52, columns 0 to 33 of 34]
2.172762434356917,2.3104843123664853,2.1851080300013943,2.3635364992346393,2.500249365067278,3.013842853406944,3.3865938941483087,3.402773930300662,3.6698855466062246,4.003986560894917,3.4334939394044626,4.542304155975996,5.406236759445631,6.212233415025653,6.343237365975723,4.068672680693444,4.25676202560556,4.595884371178817,8.99345472552729,14.001716341663276,7.099439325783201,2.264872191930529,3.6312801475626655,5.0629779773331185,3.1483654985671605,0.0012749769882128702,1.7067863406941435,3.8164563361349804,1.691741108458115,2.4854670607085234,2.358359862996196,1.1984812232384174,0.7353531382385887,0.4304478097402568
1.9387567572138182,2.054258133382232,2.077693965789617,2.2100689694452007,2.5955514730519478,2.89049211854268,3.1535908864758704,3.3544299094958165,3.6353755901675067,3.4704638287768823,3.5448324182035873,4.419875457662075,4.62172042568879,5.4149647016257605,6.37746237208665,5.7307840600662345,4.810697919271836,5.3661814589542765,15.127812088302719,4.931059728360216,6.143017306860827,4.520449770246395,3.567543974479772,5.977431529431975,1.4206209968068684,1.438954192135117,1.7226875023516643,1.779634380902631,2.030574985030286,2.105342411756225,2.2050401715327057,1.6902474888511303,0.46257296163227146,-0.056472066873047295
1.388919158387283,1.5502841880085552,1.8171876779178697,2.114036857541331,2.317972358196605,2.556420181919947,2.397639815338812,2.629047444772054,3.07400418003103,3.4306364865316286,4.703651497960897,4.893863615583027,4.026484756722506,3.8355445219194206,4.436019718311162,4.335910249049108,8.641049361465658,4.569735726747978,-1.1809238240510087,6.38138479723075,3.453655152492363,6.546703054525592,2.6583835278595687,5.217315567646191,2.599359348505278,2.008812798702554,1.7977571442063167,1.989590509122349,1.8824097494033247,1.3599087214936396,1.498583734404037,0.7533845804543475,-0.29555908251215796,-1.290472657172616
0.4253784370571114,0.5399007599861921,1.4839255279405816,1.6661602348004658,1.795963247705116,2.1963094034193777,2.2351255905039173,2.1694525976425667,2.1638914847184387,3.1000544370163516,4.30814410892929,5.176919221965424,6.017303923382638,4.866176679087522,3.36347477833803,13.300071305374464,5.892776016721001,6.82606953987586,7.637645882790975,2.7592494802282315,10.965093722018226,8.842145899777368,8.501510079727057,3.2241405284641553,2.8156378148482335,1.8384672018639392,1.284682570944886,0.779449971474356,1.3636751436521426,0.3390314593582818,-1.0340999704863743,0.0660973855857144,-1.2339581723436606,-1.6672903097519771
0.22362170409464402,0.33519995051308543,1.023329324566835,1.099304577510517,1.6686502562689016,1.3044324632980797,0.7160903962725617,0.8215756256669219,1.2656309428489463,2.38124581126688,4.191398099655289,5.850517082624299,5.8336291312419775,5.855656457800395,9.011071188502934,8.767938881416868,6.818801071449394,3.136288250032747,1.7436229879476963,9.842902851090443,14.739484187961912,9.399166936902857,5.67168207188493,3.1694545769189495,2.1531392314438915,1.547855126591786,2.4254340244535384,0.8289262020483014,0.3119734634129733,0.5539238228767265,0.09479701547374023,0.06503923704287583,-2.0588939883380593,-2.570553604758035
0.2721797355655616,0.010904264215763826,0.3263856678325889,0.7945137982779584,1.1445033024504372,1.4416384441555836,0.7390638417660064,0.00058917547578188,0.056612064840603764,0.9139082393015079,2.0904605027892074,3.593917206278905,6.0647951062996475,7.145058237548433,3.610304830194848,3.572291675746173,0.042329189529894784,2.409335162986483,7.804501855639082,9.625414701063548,6.019024732781312,5.490760327471377,4.761510241224986,2.1789823215906705,0.4334820489637004,0.8770178854702949,1.1721140937772414,1.3820210269151298,0.07536835625503145,0.6067342532047796,-0.9553664127388262,-1.5577900372041567,-2.2418311372527495,-2.9776360482823825
2.0176990565925017,1.3111331969911215,0.07501940997184317,-0.5296125372945375,-0.09257380291293656,0.24062497017324289,1.0475932574194347,-0.003144025535766208,-1.3576975432320062,-0.1570280066833,1.266848379502205,3.6932308935352895,2.3498999296766807,10.43208338104881,2.092700818081887,2.5416054685785943,3.5467742238901105,12.602129145274162,7.604390609065728,7.276523605213443,4.516049927059792,5.559057089387371,4.020046190916667,1.657126548660839,0.6411067190124128,-0.3756853884535101,0.3720965626323688,0.6754982552777447,0.011550952105194209,-0.1952206150274942,-0.6602801916306658,-1.8410573796549918,-2.5184188502496223,-3.2252344087280758
2.822377895479959,1.909952602802723,1.222198947295225,-0.09073774768455013,-1.2480083883021258,-1.213047219252778,-0.791824965968406,-0.1568869026398563,-0.7441021992114312,-0.7695424543123337,0.10283901902143452,2.6530758221432027,1.0107581714262088,5.879914404344644,7.626722326024391,10.876650883409447,4.141247175558194,3.5758338257215763,7.673288446973938,1.2653018767721949,5.279877172471556,3.5175635028965386,2.6803011161319357,0.7788092871131292,-0.8499877157818904,-0.07305980939576816,0.08968713390797732,0.7885561802653901,0.6390976640294666,-0.692981534724932,-0.8530664044410119,-1.5981311957493598,-3.5077439948650477,-5.883238544715374
2.878425313417758,2.363639031360734,1.4600424818510795,0.4273987793624229,-0.9184567392613799,-1.906443517843743,-1.123197559482502,-1.687855880726531,-1.606701427458677,-0.23374380299311157,1.2140418276264808,-1.2367769236612283,-0.2232022757420651,10.82250898578587,21.35511054301071,5.699813428202252,14.211483062750432,13.398713877245614,14.393971743466295,11.794934164814265,13.685578189013636,6.902745644448466,5.316231628248352,1.03536331716595,-0.9256729819470066,-0.7670438877295188,-0.8140334289572079,-0.725374295997742,-0.05792120078097439,-0.3918190804326364,-1.7964389580323712,-4.3760618811211645,-5.331202680322474,-3.944474816017365
3.198912243344448,2.7694244515799378,2.077532889413838,0.3599868621596507,-0.9274938191845982,-1.6093878104062305,-2.2467219045052476,-2.769695853060466,0.3821866011691562,-2.171093094588652,-1.3208925614076084,7.159726984838221,7.155636640883732,12.910188101201278,14.911849915445822,18.20844103463489,8.267288002812316,10.624275145072676,5.383943278421389,2.527898150644929,2.2657765712493427,2.1009536326123515,2.471051265647494,0.4933335628663987,-0.9217818019353157,-1.6223789216728146,-0.8350121909292684,-1.8657434161564745,-1.6870480431910304,-1.742017634811464,-3.1856767046256667,-3.7974418070738243,-3.58904681228246,-3.6153523500527456
2.1939136470661156,2.016312313118556,1.0242023906159552,0.14657957379341013,-1.5003941756870818,-2.539871672306315,-0.7803499794071512,-0.7014878554937886,1.2840379002944298,-0.4144211215634757,9.072211225879299,11.922208494054244,-1.3918943580488221,6.997783971592408,11.22793273942609,10.436332395789147,6.824365393959244,6.95008053912153,3.2686327996428424,1.8739676957450189,1.2372415985571363,1.128914000966262,2.4941855915250755,1.6021267057395603,0.06703458066169601,-1.2299273004207725,-0.9431755689275019,-1.9392935428983882,-1.1994731745653067,-2.1501721388144386,-3.7610675968103204,-3.8292898469620136,-3.277582324947755,-3.4827481337372146
1.6657827795213962,0.443626462163655,-0.8961677474028013,-1.7478058159280812,-1.044427114314712,0.35119652646551114,0.20472595878576602,0.9784097546381241,-1.1027296710472838,7.349919251236495,2.6415194168648424,7.4287848658641735,4.292022068065314,0.7154082355160036,5.210342290927983,5.776504213464117,8.7443612047911,7.769910793237234,3.744245107489913,1.6409025239576112,0.48619395237047025,0.7946687626274528,0.6842095565292852,1.455856380414964,-0.5657351315294369,0.4051326525805105,-0.8722388182610119,-1.4104948070031877,-2.0835727257259493,-2.201056033547906,-3.338175376149413,-4.129942140373169,-4.3845765497528735,-3.110495409777716
1.3772169123671143,-0.4055009617008013,-2.855105385727907,-4.011490091592002,-0.4269545379796559,0.18354458247526495,1.0370590458463969,-0.9911867703079593,7.785625181295849,2.2881010901182157,2.2968919207797107,9.380700538266439,7.002139864489773,4.03513870642025,8.36205025189697,0.7983140994736282,2.7725154801449245,1.142127002458404,1.5616210426796824,-0.9716646280365238,-0.3672233926490928,-1.3386200072279937,-1.6743055281729464,-1.1657138333944408,-1.499161808588129,-0.17677419329055707,0.06588349170715344,-0.3994485020696226,-1.7968918978854695,-2.3449669201060286,-1.5054424869923013,-2.268846875156093,-2.599573452436538,-2.3367402700537374
2.003758698663082,-0.7748507025948799,-3.5847774910238885,-5.166813678044249,-1.1362601512447406,3.461438500507213,1.3080836667085025,-0.15620939433788905,12.435153314342609,4.2627290111506655,1.9226911108940876,6.295410710279439,3.8073153604829004,4.9083199099561226,2.853849026397726,3.0186881101409484,2.888615190733065,-1.4521561411465644,-1.3129010849408285,-0.06790689519833441,-0.8389873604461583,-2.7040991238521577,-2.520460454631152,-2.483231848308512,-0.9741575880700808,-1.9748602525830024,-0.29501479323335816,-1.2864943391637143,-0.31781012703202643,-2.4050790240607505,-1.3004032440431383,-1.2594191675340358,-1.6422419339819547,-1.485821601345966
3.1072766792487956,0.35084453980722946,-2.853051193808658,-5.104001981485152,-2.040595983419329,1.9146219709606567,-0.346885373079318,10.551170502456133,1.453888440274308,-0.2183694903306457,2.3686985029720566,1.585886152143282,2.935033696650947,-0.43298356630675267,3.3609671542726436,1.8894903764127373,-0.7013289493885418,1.0896029727617067,-1.6396666659698953,-0.8699070606328485,-3.8870783826043396,-1.3155748996558525,-2.4445744295769147,-3.093947131601745,-4.116359742875749,-1.7483099685477888,-1.829869524550948,-0.548498207908234,0.058198112407846024,-0.5464028201221246,-0.3377126002965132,-0.5004733291763241,-0.8709112339629296,-1.6957452092395333
3.027559555587797,0.5123644111700091,-2.269165533699362,-3.5088345975379016,-0.33619590168836605,1.307294047302132,3.544520216970252,2.6300107473686,-0.04113859450275905,-3.120611750303551,3.4166375371837594,1.2343736072762552,2.0299770602258445,2.3555908940580204,0.2858813391963798,0.14636440909865042,-0.6787583652883958,-1.445669656393759,-0.36648624653627343,-0.7400206576314996,-3.7073031013909796,-3.346379799893831,-3.044717035368229,-3.5928166830998647,-4.596197321864381,-4.061646933398166,-3.7127008379126583,-2.4788644923597007,-2.2736229252147453,-0.9966402731824255,-0.4254477086428847,-0.8515032406558877,-2.404988366412717,-2.240565472082243
2.6464510117899667,0.5266064853932968,-1.860449170419579,-1.7548696467548761,0.5595350732656249,2.7192597852021594,4.443310091974439,3.893094008727699,2.1263822324598682,7.548285097924943,7.861681839204859,1.3648860147549395,0.09848636225224633,0.41836481880050225,-0.5893827434796981,-1.827980705024855,-4.585071011541522,-3.9416793239673016,-2.53467337964915,-3.605224968864341,-1.9562352356439416,-3.8638698717956164,-3.4737805046396435,-4.339332493354603,-3.255239461210456,-2.468335553014764,-2.7139678392016116,-3.928845403507052,-3.908051819803343,-4.41376968401866,-3.5039592807946747,-0.24289281434542734,-0.6269993589408688,-1.7409226165239724
1.553405400460627,-0.6593254475046468,-1.6542595098682458,-1.906037511689049,1.346962656296532,-0.03836988946251052,3.977985003418525,0.4846942787099438,7.301676275864763,7.288168510981982,-0.4190633173634489,-0.6080611657758674,-1.689161702471872,-0.11994034929042305,-2.87796634790316,-4.182376849088403,-2.57476816452327,-3.432863875778774,-2.9887770557277262,-1.2711360446287994,-1.3440670995280288,-1.8641922478550392,-3.1213975566711936,-4.6037456533661505,-3.678484328885575,-2.4996503323609067,-3.3756320111259526,-3.750043203935508,-4.24180735670419,-3.29364636977378,-2.453365844592007,-2.1994032960626044,-0.6746126597056145,0.24210721767201657
3.231198287712474,-0.6387099894875413,-2.0030838344447366,-3.6682063526423847,0.03784063562646589,-0.6089235312338519,1.626658963033434,-0.7816521320719393,4.91709165254186,-0.4215425920342538,-2.2794620216341697,-1.4051970115424826,-0.6889133800740344,-2.1422348058810408,-4.498479329727004,-5.1037407133965615,-4.802695778075257,-4.235088114585114,-6.146260233464049,-2.210227919362003,-2.031603207744706,-2.0845211547312106,-2.0778453284008154,-2.1802336545178327,-2.965763399491719,-3.905239438160028,-4.314795679223468,-4.605581298684344,-2.300510155765521,-4.13621578671281,-1.0626202568600125,-1.1854920060584322,-1.307412437112639,-0.10496719372953933
5.0557189886350145,2.119662647480192,-2.273925173476299,-3.139770105089294,-0.7833999307323505,-0.5271840904862726,-6.527127473562133,2.814079308415876,8.29505988502454,2.5143111432952674,-0.4833374511067122,-0.39790755667052774,-2.2664765309649515,-3.2006699240248357,-8.68608007194317,-3.817995103028064,-6.830318640213546,-4.756222370894284,-4.933944391943997,-2.7359750719340026,-3.646904866506863,-2.315011495830312,-2.376435493029526,-1.9420905964506678,-1.9218826901610888,-3.7292985452621417,-3.1095719475821326,-2.8327781817876043,-2.9426938160686813,-3.982588929545493,-4.037460884161362,-1.1305023639128011,-2.1394840695887583,-1.4894753189234757
5.3437435333979435,3.8097344578476795,1.6604577126273743,-0.7740501841672349,-2.4601507121914024,-0.9104060080296299,0.5253615767403061,-2.5177630632438404,3.270720489078884,1.465905480115514,1.7553429279339807,-1.016982703941708,-3.2213284267985314,-2.3682439446812786,-3.7531405831588605,-6.650998146259186,-9.077941189975322,-5.178255513608349,-4.036752665122571,-3.263400794015623,-3.8534554581239746,-2.901050102929334,-3.0974611618662773,-1.6085484262956942,-1.4549069979927072,-3.56747634262476,-5.688651940889493,-4.704631998791992,-3.766239577612165,-4.068092111496367,-4.88208896683919,-0.5892493879486251,-1.9855631790332122,-2.3049306013881985
7.829740993411469,5.055547891722006,2.7858547131366618,2.789424158462514,0.132612990599769,-4.8557803901126695,-5.165508954358489,-1.6596324281576396,3.082954055778631,-0.9306126410954539,-4.691125184738965,-1.6670887108544987,-5.533421791535266,-7.0853100475495445,-0.47944606483111374,-6.393648083560541,-5.8846250066260115,-3.4251061767067688,-3.3284586739102084,-3.0051399178946077,-4.221886000091069,-3.120013081778764,-3.5804226662257856,-3.5426432436112227,-4.184075822239202,-5.92362314525548,-4.07183549836437,-4.321351948870108,-4.44731414343884,-4.505680368337867,-3.47416796213862,-1.1191052806356796,-1.6313261022751895,-2.9688709907662014
11.253886452328883,7.2145127077765245,4.506158713770571,2.262299232465714,1.1176509757042725,1.9201669943878001,1.3111170597886395,-6.327717630227184,0.8745827643423725,2.0236063172289103,-2.2729607120625532,-1.7594430085464958,-10.719894398075335,-10.274182968389326,-7.739765702082645,-6.386974472743814,-5.158397460629551,-3.1932892011542715,-3.077959327611784,-3.553097389342934,-3.450408511214087,-3.0691887582353643,-2.924321260114604,-3.678270454175491,-5.137174608170851,-5.297560262241388,-4.729129210387447,-4.120557984042466,-3.7704951023451927,-3.7453639327034214,-2.7730295534599696,-1.4211514769783746,-2.4225349789420845,-3.199347137274629
13.143154709204648,10.419652955575442,7.457003460108659,5.049264987429157,2.06826640826154,-0.8901333350466795,-0.7841376486246758,6.223681585558192,1.475784640511867,-2.3540674020188126,-3.9887164266209916,-0.9204329408334685,-3.9689520878070366,-5.167642220221295,-9.683242593931043,-7.752329147109632,-4.291649373243509,-3.246580872131869,-2.8654580201823134,-3.44450982479678,-3.5895191449249437,-2.638376954379094,-2.2617733031504907,-3.309207657379707,-5.769317057765365,-4.378479901762864,-5.075920338047377,-4.538309225551631,-3.648317576577787,-1.3356423861884408,-0.7385572204717524,-0.8993640840042474,-2.541892529588742,-2.606799336286261
13.487439314530246,13.398886649526265,10.66286248879996,7.826982429363773,2.4355671113759985,2.4525125112094583,0.8710457154083304,4.764361590137218,-0.9766093319388288,-2.5577979154556325,-4.652755339669351,-3.9451982069704634,-6.072931689284826,-6.90306054770774,-8.090800704075496,-7.101712770959819,-4.644343869916511,-3.4787861120705506,-3.4034810897610868,-3.7047411272150867,-4.079117850956992,-4.174755245008821,-2.749045166900927,-2.2290823084202773,-4.627399816984162,-4.45720333166841,-4.405266140274302,-5.238144680424039,-4.658578149528279,-4.094501384350461,-1.8147669592880313,-2.167070551191014,-2.6932033620405567,-3.2652645971501113
