script/wind10m.json
{"header": {"parameterCategory": 2, "parameterNumber": 2, "lo1": 3.000054539987559, "la1": 64.9999836372058, "dx": 0.5, "dy": 0.25, "nx": 34, "ny": 52, "refTime": "2026-01-20T06:00:00.000Z"}, "data":
[rows 0 to 23 of 52, columns 0 to 33 of 34]
-1.600921537578912,-2.636737963775815,-2.992366357590339,-3.42506728463143,-3.0886247923484147,-3.124049819572235,-3.3513756686657983,-3.2753182474715006,-3.6729876392574807,-3.305902850007435,-3.105785778458954,-3.3043695214271667,-4.067953223170827,-4.383127203000009,-5.244936945151151,-4.185240246754859,-2.3679821440804347,-2.615701646493411,-2.7429905245540316,-7.077723614949612,-3.120962073041003,1.9521573994315262,-3.3498168739061067,-3.1823173042077135,-1.3540809428743656,-0.8275044616939691,0.22115020863683615,-0.9291575446139609,-0.2993831342887924,-0.6594590546973162,-0.53945191645579,-0.9695043234723455,-0.8897276265164475,-0.6895461320108375
-2.1776121049747994,-2.605394971029207,-3.5433217006089732,-3.7292487948037722,-3.9934478268918827,-4.191160543021276,-4.065443197347609,-4.243892246733201,-3.7971188440132035,-3.9682490540619866,-3.6537661385129923,-3.917211716014687,-4.056822645790966,-4.460637620401317,-6.269953778497661,-6.643801159289214,-5.762716914315994,-2.0496972270367206,-6.3378101795132835,-5.282979181911341,-4.2161657253627896,-2.573580187913579,-0.5830889313583809,-3.9596044020589485,-0.2530985243332132,-0.299042604006499,0.30807916430310617,-0.29424320980970403,-0.7033683077501761,-0.26816274401275225,0.3231994928299675,-0.05326122844635402,-0.009415951831499918,-0.8390269546414543
-2.122145403866612,-2.2637884372714803,-1.6419036531654274,-3.09472839839922,-4.378523882097918,-4.2879578633368665,-4.389798404570568,-4.861115811558328,-4.581199447485693,-4.8085886075553885,-5.081456382033047,-4.499038603890222,-5.229128590119509,-4.789497459492081,-3.344523712568544,-5.266216199371027,-5.031453714685939,-3.839146744276369,-3.917951175069612,-2.6833019234259585,-5.987457171087633,-2.0905138541020216,-3.205517927321252,-1.8635675410897838,-1.4345202233411356,0.5191742819178071,-1.042100767543457,0.07897294807842382,-0.5172067725499028,-1.308997317627225,-0.7145770357822885,-0.3553209594409474,0.09524530330041499,-1.2394680954674377
-2.0954648172744235,-2.5451422705191384,-1.848121669168482,-2.704155348548559,-4.333390302430191,-4.800403043562771,-4.218576831995498,-4.981120789753337,-5.533277579334629,-5.911577306480862,-5.79176486189612,-5.01074360370464,-3.747519319235312,-2.605918763558679,-4.701072173472712,-3.996249767498423,-1.5090581831939038,-2.9022625212507465,-6.812162847858637,-0.9914856776790515,-7.139353317793929,-3.849556399771973,-4.856302481442673,-1.6424552554399987,-0.4722036519562024,-0.8505866063641276,-1.491293876580266,-0.7989035373941837,-1.0802898855268888,-0.510044908328453,-0.6587338589459257,-0.5062164207952425,-0.9294714734855655,-0.8303594092932028
-1.9137361840062634,-2.497436891562738,-2.983834960751063,-2.8880538601704546,-3.454079145766823,-4.023350127551937,-3.9163863408274384,-5.019986618961464,-6.356061975630915,-6.843433719929541,-6.940298207339636,-6.280430138952695,-5.148720665895321,-5.811821372839775,-3.3204296603106043,-5.852998267632248,-2.0645512188148145,-2.8979064397541268,-2.824170002294513,-4.007126814488221,-5.5485212682883285,-4.222379634439537,-0.8118998918504372,-2.2541052497673433,-0.90107275385395,-1.1803554954619273,-1.2056374377643504,-0.8145990649741072,-1.0725059084208846,-0.8077111800728349,-1.063086838858009,-1.410996111159216,-0.7670877316618062,-0.8003895915490162
-2.1544069057499877,-2.531246874581697,-3.786719714516278,-3.1852314782206257,-2.2913151878393037,-2.815097162283115,-3.51414740319598,-5.048428661119943,-6.608137685152418,-6.614093528739829,-6.8651998725359125,-5.5104563681386,-8.43493379705662,-2.4942878736026737,-1.6655726315434871,-2.0585906528721996,0.1431406758638032,-3.872124865251806,-6.701667526876142,-4.828741295938165,-1.7371139810451919,-2.486306705901772,-2.205408331193734,-1.2937559487574237,-1.1642438396618264,-1.1780514887878142,-1.2776503121926839,-1.2195721541145257,-0.33639850585628844,-1.6454781241669243,-1.4141173270760974,-0.723243205448296,-1.1044552125252312,-0.9874150076851673
-2.345026075836483,-1.560708619814541,-2.1546602355340316,-1.6295339262424575,-1.6997048740050391,-2.0194009158833186,-2.402781756815186,-5.501704101905714,-6.1695692410598575,-5.425224435425109,-5.190123512768465,-2.32140476828869,-1.719530562200085,-2.642917276434466,-3.6869634868134638,-4.3089658737720535,0.800690325608047,-4.890872528093218,-6.72287312544654,-1.7643744883451202,-3.088786112427057,-0.6594394281594653,-1.1374127482856857,-0.9071604265366209,-1.8912571183039752,-0.8972058913165794,-1.533822761728749,-0.33818294724353604,-0.7055212389019818,-1.8830915745791605,-1.217561546757308,-0.868964806405002,-1.5596324114467492,-2.2106722671626517
-2.3387491792340693,-0.9270173827056475,-0.2644093956757406,-0.8362497997294039,1.2498056276819265,-1.0766343306308286,-1.4959149208518603,-3.8009104062865107,-3.9318996439970033,-3.4669859829653165,-2.956164467341167,-0.4946332721796255,2.101871957270935,-1.8379234087131522,0.5050398844074151,-0.1140622393171225,-0.5139152558245369,-2.9122910341837622,-1.2408173853237503,0.5476346935897748,-2.1120674470744896,-1.5572482343016607,-0.5797947512833383,-0.2866541910021968,-1.1286173430511526,-0.3496643377227281,-1.5927911697722055,-2.058117673910459,-1.3266908352837161,-0.9692287224330485,-1.8376453050680306,-0.40664862999157064,-1.8815770142315305,-4.631028684277682
-1.668939803046504,-1.1036582849950745,0.37880636260747463,1.0220973975061416,1.4857225320191711,2.225476010369617,-0.15671553471368838,-2.2189887400018606,-1.1494573323958803,0.6268866416452287,-1.2315227931819381,-2.105497259513323,-3.615071142898349,-5.658260607864714,-0.5956541806292829,-1.6729900378226568,-4.130067447203974,2.6573372544840073,-0.5789604153656028,-2.6819382083030536,-0.13256876172840196,1.7139798324008504,0.2039360902838861,0.38267680816022126,-0.4514684251418224,-1.6907691461063072,-1.0907915337560183,0.13020396339491822,-1.2187401402031357,-0.9001952818566741,-0.9518416315626579,-1.3772004475667738,-3.3249736807928945,-4.383939108584162
-1.4519677972316134,-0.678852936875884,0.12063663796843163,1.5491976053163512,1.6153352930460718,2.481132997705876,2.991263795513596,1.3781694614919195,-1.6049894939169695,-0.20557544755756768,0.3198955864275165,0.06576438877613021,-2.6834304958136324,3.746207717069269,-3.4361618242696434,-2.422719603329734,1.9850239393866496,-3.6490913662116706,-4.13344182911468,-0.9371386592546487,-0.4054752308237431,-1.0340387097626589,-0.3212706838117673,0.05153834613198442,0.566118261165095,-1.5570360669509689,-1.1592933706054926,-1.6869824375357005,-1.671883110828079,-1.6027211345465808,-0.11478315970740839,-5.297980185234739,-3.665284247134706,-2.7548200734233577
-1.4488801884479967,-0.5789735559276493,0.5679044733668606,0.8265089044016266,1.343969925762639,1.4724960518358214,0.7373440153616362,-0.9276006443306886,-1.1631582218115226,2.147254022516125,-1.8519020854892643,-1.515199945813152,1.0373494534175793,2.279232966116331,2.6060533756036066,-2.7215315844181807,1.1125085679095155,0.1754708834458887,-1.2508827854486686,-0.18170117764456442,0.46784418864435223,-0.1362131457998171,-1.4677532912211984,0.6622430060612379,-0.9210847313228958,0.43705821656911614,0.31082782755412247,-1.5836445893734643,-0.40210569429333237,-0.9478400258444849,-3.991426429396596,-3.4556110743878357,-3.8172386852595004,-3.2787093287592417
-0.6074560852977917,-0.2920491740879019,0.22025399781889263,0.19103045638944083,-0.009204108439971832,-0.7403070605416379,-2.2587198058078384,-0.029015173404005033,-0.3497845064718216,-4.375651241337972,0.1317349277079196,-2.4355492415633813,-3.304981833775229,0.7092892169390789,0.35526182326787964,-0.9568796955083374,-1.8571596014023797,-2.975502847935071,-2.369118657642798,-1.3242525449489089,-1.7318202379640926,-1.1000561478058948,0.8109205710000275,-0.0795842877308763,0.10753979349549303,-0.23407369634355177,-0.9285087687845723,-1.1820404144207088,-0.5432235317391927,-0.8073114603112715,-2.181368590330223,-2.6340693749344593,-2.0045736894617074,-1.8437282512830768
-0.7242358422599628,-0.12856925032805078,0.16718847394907174,-0.725831488467059,0.25561910726449827,-0.37144146800525507,2.427462689043885,1.4176134908745972,-2.2883468740365154,-0.24792067674310986,-5.316206192291979,-5.090677249042052,-2.079358518927051,-1.8084107469512436,-0.24699155188705238,-0.29531857256800753,-0.03540247043235906,0.3188969481072261,-0.02845701817255188,-0.6522332322291403,0.009502897770211077,-0.6324023836674698,-1.9206263620490138,-0.9081391813772135,-0.07645468792663639,0.5648059948900204,-0.09381152227498302,-1.0550213258567966,0.027062680926296146,-1.0723819622165958,-1.071868817165344,-0.7570068486986117,-0.7282378393471272,-0.42876333381439546
-1.2763690978944633,-0.5315132106902242,0.14463772507052025,-1.050596826500298,-0.5349380514830032,-3.9217287664789295,-1.3572428724955963,-0.569078861947548,-2.8201883677762307,-4.012764001183592,-3.28034280388625,-1.2180489621717332,0.1645843673193612,0.33177279360832534,-3.385753217627835,0.1293353567182231,0.6978387739604193,-0.20796166938605826,-2.7471659103205703,0.2063555052567368,0.582646469737618,-2.5684871758630203,0.7199957577901732,-0.3917696483384293,0.4658774794438773,-0.2558482830968237,1.2765809655749865,0.5874379557150907,0.6989266401238116,-0.9433989780436018,-1.3727740277979654,-0.06498324059381647,0.17549436143740735,0.019994138141087713
-1.3051581912416157,-0.7143981654146035,0.29182064646539635,-1.02386733406484,-0.7240346901375775,-0.15126092705302338,-1.0020966529602227,-3.849149036482298,-3.8295904225166613,-1.1802802887224082,0.7650790888250724,-3.7502802348287863,-0.2939603312150977,-0.2577930334322414,-1.425417229591479,-2.3380917803844277,0.9488256112216512,0.6337193916210448,-0.034263930119540875,-0.5768710552997462,0.6990572186964312,0.4487081276554252,-1.769546945347705,0.9022957738843361,-0.2877932945356858,0.1031399341791676,-0.19358546743196176,0.05394262229424702,0.4902297405969163,-0.34322869836712816,0.9077342256044435,0.10152797154673993,0.7228350456778698,0.04086033250950105
-1.1068414395240282,-0.9509298895695194,0.3998859925709094,-0.2229851292523642,-0.686620634144204,-0.2809888204285587,-1.8112038080558461,2.0704060903142536,-0.08379744187026358,-2.36301595715546,-1.117125479126826,-4.566158521671661,-1.5254109784950913,-0.12555471893227457,1.252862777296776,-2.3110354764364973,2.5176709458900586,-0.5518988662285467,0.6304671888016522,0.5446146356781263,0.5312844055842119,0.9990887295909705,-0.02677611476695445,1.0191465450938222,0.1767800517135843,-0.5373765570521849,1.1784766411807484,1.2688545171568626,0.15607596137619334,1.5022581822774788,0.7980504178809285,0.9617022496669296,0.7494221560302619,0.5745662994334089
-1.3570795242534006,-1.0947838755651882,-0.6571471343307063,0.5672392366050815,-1.3757182237894603,-0.9163650367480536,-6.040568057649442,-0.8832006898913146,2.11626414452763,-3.6662286108029103,-0.9169999008377641,-0.7528560002765611,1.1330694008882114,1.2749811777255553,0.11389454879962933,0.446903273594334,-0.11960668926234409,-0.05935429390560021,-0.5033901148301247,-0.3216244417856732,0.4812061749183941,0.8530104049055728,-0.33748478756883193,-0.09760334735734381,-0.2596096238678368,0.11582046747791393,0.7378612348583942,1.1885365710872673,0.817898440263559,1.0355038596453743,1.5565541387165556,1.4789127918081468,1.504125059551985,1.4305888531314668
-2.3908820232436416,-0.8521782022264796,-0.23616890821355918,0.9616729301360062,-0.26943181631836155,1.5487068671967905,-2.737009808930147,-0.6595399154501286,-4.645049894841464,1.104245513675397,2.288623707717328,-0.6102958006972363,-0.7339912956191447,0.7085263520595617,0.33077373274909566,-0.8098078262691137,-2.795784021304752,-0.7126904549857387,-0.5949579319257345,0.14871786180818375,-1.6360962651004045,-0.7529152676369129,-0.47328547759965217,-0.2024099975137243,-0.2931234138152796,0.0998988053081198,0.15807489383567863,0.31863626400313744,0.4403354675883565,1.406043263700202,1.4407509930067395,1.6211686774408713,1.4903919504948537,0.3783488932951419
-2.94609560589851,-1.9187702650985599,-0.6232421736074365,-0.22526659515675446,-1.3790808924726197,-0.5758995011027257,1.1507926410131482,-1.1901579695418594,-5.343604207348759,-1.5223764962167137,-0.5936963535758901,0.03523617118774581,-0.1863923400991699,-0.2288342598063278,0.8616281991598993,-0.9362353965153649,-0.23346744778303646,-0.639806822701655,0.15727293549430915,-0.3165394098691415,0.30768075709610404,-1.756892711171037,-0.7721481534373096,-0.6070895327508278,-0.6732262309944718,-0.29770915412595206,-0.06177959358729192,0.09164222292832724,0.1895311395318731,0.32491597945643735,0.4495755369452144,1.2036142621005725,1.1269677343909916,0.8978685247817603
-3.732764200445134,-2.7218514013838746,-1.4055476623826215,-0.13548063522901563,-0.8208903496569372,-0.6273610585728558,1.449952894756546,-1.4024502617948051,-5.299143236736875,0.4072973811168278,-2.2533017141711795,0.6243408797048392,-1.6410207639612004,0.8632538164697889,-0.4775723629411084,-1.014852945594489,-0.8962217709656349,0.07613019539236801,-0.37520003355413917,0.46556270949617945,-0.40029880400383516,-0.5037271713783618,-1.7064119826154511,-0.2793653810095165,-0.2959030556631142,-0.5638020641113481,-0.2707684761624893,-0.4874317328346248,-0.2754328780714909,0.24331544464840482,0.3919087077062035,0.5005706779592898,0.5282437869772947,0.7012140875381239
-4.582592385928989,-3.679893354492134,-1.6623086267217957,-0.44865732733581076,-0.7421058240890516,-0.8174578522141859,-0.924634968608576,1.519019969568613,-3.973425619764101,0.30066537026033613,-3.6366580309571312,-1.6099426453573924,-1.230507911740513,0.0604000987060965,-0.8057732897348572,-0.9442049823985104,-1.440605544652481,0.13802116402086995,-0.012652952305335679,0.009826946472646977,0.05424345576083463,-0.12362036338641602,-1.5789522944324652,-0.3105097319571783,-1.2410994282850374,-0.8957914886338647,-0.9148963493882518,-0.7345600385663058,-0.17212042390306956,0.3452561290148823,0.3566980010751637,0.23138445467616636,0.951409349005661,1.720798448531397
-5.74147204518683,-4.758842960376502,-3.0439431055812016,-1.261981248979419,-0.4934599913733904,2.7618351558524417,-0.18641912066400002,-1.1701973132780221,-4.48652154715521,0.7820142639814844,2.001432898862477,1.3494884861861713,0.8108774035772772,-0.371192158161,-0.021495490406653356,-1.2906712762076187,-0.7519381759267029,-0.45483781193631856,-0.3298676451348219,-0.6134840417356896,-0.7007693635381611,-0.0683555527865648,-1.3665478081125353,-0.709313641343682,-1.0445785698589534,-1.3951060774548973,-1.2598982219009334,-1.3541895606526058,-1.2354451599446836,-0.09617326502862461,-0.09605926312467318,0.01549506038651298,0.36208342976747315,1.9274109548487124
-6.380634153473055,-5.8214812624197085,-4.7226483349362,-2.0613280184746707,-1.5510262527157903,-0.4105793518957328,-1.7903229802166296,-2.5361807554142834,-2.0346249422318086,-8.278190131209135,-1.157568455018212,-1.7700577975894873,1.6360106408153432,-1.4937055832507153,-0.5613221205031544,-2.059293662683718,-1.411694482226309,-1.3264045188591267,-1.1413275802294132,-0.8920494912412089,-0.5794453686148799,-0.6119488711805037,-1.4515116778205246,-1.1828972457796048,-1.6438244044556027,-1.8337862512620848,-2.1847448847808106,-2.1021341797968156,-0.8372476194947196,-1.5965120942620081,-0.6099897105833251,-0.10370283106227082,-0.24116465805681866,0.5708738495611478
-6.76136013293254,-7.1533397817298345,-6.214412740449194,-4.35251977221173,-1.5838441548054993,1.0450012239338111,1.1566635338427909,-8.983964004428309,-6.734370808697331,-1.3973352626058813,1.1964606125167934,-0.05062727397440324,0.08249130237577039,0.7090890494354501,-1.6945155311003515,-3.3799008331026053,-0.7928594648451864,-1.5842295974742122,-1.039813169016246,-1.1234356598543849,-1.1054938314748552,-1.0247660859475918,-1.7694148414151563,-1.063799664761729,-2.3064103538105716,-1.6014754987656392,-2.7529107680200733,-1.349104195714052,-0.11412882062602045,-0.5875092470570659,-1.1021411443482738,-0.07556741705838285,-0.8655426389210484,-0.051587291669686494
