script/wind10m.json
{"header": {"parameterCategory": 2, "parameterNumber": 3, "lo1": 6.000198445256149, "la1": 58.999992894266676, "dx": 0.5, "dy": 0.25, "nx": 22, "ny": 24, "refTime": "2024-04-02T18:00:00.000Z"}, "data":
[rows 0 to 23 of 24, columns 0 to 21 of 22]
1.0118004907198583,0.41754801442849865,0.1915896474881021,-1.123152260630445,-1.0166978866395249,-1.6184350527055493,-0.8132422730379035,-2.542548757680726,-4.630066127237472,-5.815932889449255,-5.1274804961269895,-2.8796106172934843,-3.2375576602835814,-3.9569797546026337,-7.638601107952042,-10.139295647303475,-5.180138431264692,-4.414647743157654,-5.623381448974555,-6.369843461946594,-6.592159278618616,-7.425100960365062
1.473672862297179,-1.3138314252871266,-0.12477185570813856,-0.20797886099183735,-1.0309375260333984,-1.4020261102129783,-1.2237179053210798,-5.084834353544309,-4.971917484486875,-6.514474790298964,-6.146488037228385,-2.8427822504840154,-3.5817403575292035,-5.701887939731434,-9.129572576563563,-10.03556737453164,-4.5601519785275215,-7.363746829254595,-6.001616587782406,-6.662472752850048,-6.3731667054674785,-6.667454771527624
0.9896147776276984,-1.4414052788343303,-0.7049775663842353,-0.6144546658334986,-0.8438950077321266,0.12789782964055127,-3.8825234114741227,-4.167330859890283,-6.156644715257522,-7.459737722567629,-5.753594636489964,-2.7075692954511767,-2.553001193589605,-6.874428714807124,-5.5644668188200015,-5.019478660328029,-4.384972183240546,-6.826777085590196,-6.863953103400438,-6.211655416157885,-6.38634858723358,-7.23002771805142
2.7170636929231864,0.30172858356034715,-0.7026075992621751,2.167456076224775,-0.049544272421929436,-2.180362169417172,-3.231764524198782,-5.375598996703884,-6.522184565459437,-6.430910527895578,-4.549597132175211,-1.7135596377943407,-2.8063579817340956,-3.6734133801884847,-5.489662123222176,-4.099619496692382,-3.764119324733313,-11.063580929878146,-4.264701579491005,-4.780202592390811,-4.8871585626804945,-5.501139212915165
2.9761818976297856,2.995161926595704,1.535843814020656,-0.305938767590545,-1.2047136362279243,-2.7064611334117306,-4.0227383575804465,-5.238761283503614,-1.7276336452286014,-2.723740064228495,-4.977188442868756,-4.456786294942395,-3.877987756879651,-4.468642565811583,-3.77388828637633,-4.336932936523961,-4.100307593133367,-4.627656416328481,-4.1861505256159655,-4.098641895980815,-4.613457988767795,-4.614248202131103
2.5756202505282877,1.5000439468782851,0.7461354712952148,1.4515257574023315,1.4882415198996206,0.1395380841511706,-0.5807527869480822,-2.1732982948500164,-4.021746128366269,-5.513295896902951,-6.926300056244427,-7.766523242380687,-4.359298317258646,-4.483972428046667,-4.798749780555904,-4.076004125509032,-4.4915101156233845,-3.7256030354274507,-4.400746122090706,-3.997477972997994,-3.6416234211318925,-3.529522020803771
1.3279631252155701,0.48787368378677287,0.37804645027966854,0.48716322039409665,-0.4805274815515599,-1.5201815107005778,-2.779912881735799,-4.926473137841061,-3.822258902335929,-6.3785609907369265,-8.246903455808434,-7.873721584876848,-3.4885118720585355,-2.9804761901092642,-3.1422495407020503,-2.9254783247771226,-4.844281664599048,-4.002446973770452,-3.7176080747013356,-3.8663269475079596,-3.2569860987141013,-3.554006743524895
1.0257771680119523,-0.20152238790666643,-1.1458363145102792,-1.4031319582980664,-3.2577305641931065,-4.62497644637937,-6.096163977225286,-4.991162143896938,-3.4234783012920786,-5.492287316771447,-4.553650511863764,-7.916701273830468,-6.1120627656615305,-3.0091544595218283,-2.7267075617065113,-2.851598968362019,-3.2577416918337874,-3.02880718817593,-3.295217561845688,-3.316485790704443,-3.3396988606183995,-6.602808738524248
0.8249339787583074,-0.36295533708964794,-1.2051691431886247,-3.7471613045615304,-5.491391096920572,-2.4606009507572923,-4.484771606429454,-4.108490672210279,-3.4996338628084693,-7.877346869758719,-8.238755649236072,-7.291443006641046,-6.809395402443407,-2.5553077284951007,-2.2017158392424734,-2.1027067514696065,-2.9593099308812563,-2.786507374917997,-3.3045854886894226,-3.164739293027656,-3.4974007190361442,-5.594352379476103
0.47790770607392247,-0.49513635956315677,-3.2062394487002623,-4.994375221163226,-5.12208747284596,-4.254212437391942,-3.6887826798099392,-3.498523535481142,-3.9706249617627796,-7.8873142575574375,-7.240851329024078,-6.712468590809109,-6.308163743064722,-4.689590457844004,-2.094103041864786,-2.6076180230438393,-2.4887074379975767,-2.6249385293334355,-2.8107063640876437,-3.115609750027431,-3.618188635807634,-7.156634213190066
-0.9661996111053262,-2.5089307349853285,-3.9521751683130053,-4.420697526046014,-5.2492668306100985,-3.7092486265475926,-3.1228467800234623,-3.7876416433592413,-3.745968693332711,-6.383659058850143,-7.324781981322519,-6.8828808821440095,-5.899421034529329,-5.480213401939208,-1.763357461817755,-1.710994200970112,-2.2001446859295597,-2.6044941646929223,-2.908655870356466,-2.3557916824612266,-3.4168357861465353,-6.611643748827819
-2.0598330876130326,-3.0997782672400658,-3.9564379774269627,-4.626173363398899,-4.7653609762999976,-2.633829784558301,-3.720756231319978,-3.108184799086845,-3.585795194065264,-3.6951846683458895,-6.624944865023261,-5.898181093234439,-6.9406309897494465,-5.188691680539144,-2.1531415782484293,-1.9448028775443384,-2.301791174879232,-2.4433127383843143,-1.5464838171866853,-2.4953676493372017,-3.5787526029084678,-8.71215087669037
-3.0052591620105833,-3.9070501245011116,-4.535601632688297,-4.7457934046463555,-4.922938430678625,-2.830649628696828,-2.5107357825508023,-2.9957240041231934,-3.6245350927787507,-6.258187320804167,-6.775321720896659,-6.1804333274439145,-3.983157169665515,-3.22674854355033,-2.902567154762786,-2.3114659966657256,-2.0785189049993664,-3.0098882580436004,-5.166265989377363,-4.7220074660795515,-5.814413782125307,-10.204441695565468
-3.5819663230342678,-4.455610515213597,-4.7223969983900425,-5.145691269495945,-5.111311656266623,-3.3404614647727877,-3.1297736874995556,-3.2389098048679923,-3.851153823136431,-6.31930615942317,-5.898088856984971,-3.185647912259504,-3.3894399813648888,-2.3143411218641,-2.398793977677875,-2.5606662890494643,-1.4626050871075007,-4.779679824740785,-5.741002040343018,-5.66930707218349,-7.331357357516447,-9.762279563140288
-3.8027214440599955,-4.058494565975668,-4.793040940747521,-4.9517824598828595,-4.090225648856145,-2.729540617389355,-2.671380319942745,-2.851454521410752,-3.6577110369302432,-4.795942070131795,-6.202314748369857,-2.7015180137122172,-2.253678732813296,-3.469203217435436,-2.80583544149906,-1.8170040243383974,-1.1687514584406002,-4.721120470219134,-5.392738157313975,-5.797435910641543,-8.625872866326498,-8.53257250737313
-3.93002381961072,-4.487891913033149,-4.519900410328676,-4.737972288487645,-4.477793853227552,-3.7552507407098092,-2.533865625465455,-2.83843873461331,-3.059655012471234,-3.1358263880022625,-5.142306037555034,-2.010213651348443,-2.2559239561246076,-2.7258533928684385,-3.0826928202912693,-1.6380855744897136,-2.0069039392005297,-0.8250727095279181,-5.201477364112263,-5.581109265166457,-7.8726201190404455,-7.41921587463239
-3.90433375088528,-4.841011970821042,-5.377754983240487,-5.654389122485422,-4.746242573277475,-4.181380357301376,-2.204325879560087,-2.090625789342932,-3.9295321472227696,-2.079870029746055,-3.0519062656880718,-3.9073143103954577,-1.143872255472942,-1.4516046509196723,-3.2584266882031456,-3.814987766025895,-3.2219403797873882,-1.8458854905008837,-2.45824341522065,-4.959258836545958,-7.44614490893579,-7.849258731755289
-3.22966313119435,-3.8098656767307095,-4.162416717827553,-5.520231727455384,-5.985307108791087,-5.583694902952137,-3.0738258765260964,-2.598829580761386,-1.3568347369027076,-2.5161606789466124,-2.4950667317250357,-2.4630315587421063,-1.8776654760579945,-2.211204066837667,-1.8129092293246756,-2.2099867716482766,-3.172827718443155,-3.5514184650353156,-4.374664920041687,-7.405061978689749,-6.507458553472275,-3.332324369627393
-3.86574885746186,-3.8508397492168918,-3.8743429075815237,-3.138703266020029,-3.0068838614583,-2.994537484048971,-1.8574452217966797,-0.9854942962495922,-1.4510003979460622,-3.5703588806392696,-3.1148277988450124,-3.3137574554908658,-3.9997042191069747,-3.92104937778357,-3.648624627692634,-2.1371595204451297,-1.1446023627688358,-2.048443558449283,-2.6507671512757303,-3.3828043411623545,-3.1202528875238134,-0.9717958351949819
2.7193076749457505,2.486204758236654,1.4235819467250914,-0.175244828136684,-0.7839601341742782,-2.375272345619941,-2.2007680399039895,-1.9200271396696986,-1.2594225034364352,-0.9127611751565983,-2.6040971289737422,-4.216098342017505,-3.6207809580517463,-1.8357371980278503,-1.2216697959667715,-3.330040032495733,-3.3746237472110194,-3.754586876537133,-3.0948256364053606,-2.3939493846068887,-1.3673905316867765,-1.038012137784748
2.669251304113368,1.990280393394588,1.0541896886275979,-0.2680291342548986,-0.9599279282708327,-1.529327680689889,-1.2753143663348254,-0.7923911875676651,-0.4763835476177045,-0.7052731104048213,0.005840854756154615,-0.0484064479354928,-1.6385925884901433,-2.7280736907770198,-2.679262472051292,-3.0262057646774125,-3.6901197225037454,-4.360855953109816,-2.2713600385363644,-2.1247695025119624,-1.7180416837934056,-1.2532258975223993
2.4962338589271766,2.0282643539207617,0.35473538572671975,0.47149746992448266,2.294002642252745,0.21255437629856247,-0.2482889196281414,-0.1836498035784249,0.055550719399777335,-0.20571306575034162,1.0753213569727162,1.0928018112693783,1.2955605169565976,1.1823688372408647,1.068793892640484,0.30456001297600876,0.5032729081708891,1.0499549177065537,-3.3110424910926946,-2.869113270676975,-2.5728788621907914,-2.9849781110974556
3.577876844912262,3.883782884080063,2.136903761055331,0.572771308821168,0.4144964197350668,-0.510143009828529,0.5364388074862195,1.5471593550999219,-1.321327572132984,-0.021060424850281638,1.092861820083706,0.33521860677226084,-0.08766625035147514,0.28704044704637177,1.2658343759232094,1.0503141221131154,1.345957594061457,1.3367209870669503,1.1450648761360487,0.6435342005011828,1.2954172753199968,0.2680632043277508
2.654525889194355,2.313106052554741,2.5942987627512406,2.890055396835188,2.4401595767750575,2.2702803003467915,1.774383908406075,2.3308142062020183,1.8647872296170944,1.3857096446581845,1.2246170421097722,0.774842961921109,0.3804598225015207,-0.5159910430737515,-1.3119696551403237,-0.6518474441237121,-0.7254986946794637,-1.22177195317345,-1.1040641148365513,0.20599529684562198,1.3046349819139047,0.7801622926905357
