script/wind10m.json
{"header": {"parameterCategory": 2, "parameterNumber": 3, "lo1": 3.000054539987559, "la1": 64.9999836372058, "dx": 0.5, "dy": 0.25, "nx": 34, "ny": 52, "refTime": "2024-11-22T16:00:00.000Z"}, "data":
[rows 0 to 23 of 52, columns 0 to 33 of 34]
-9.781501455527295,-12.554494442245055,-12.223723225583443,-13.282891671334076,-14.654318635329009,-14.9968386832341,-15.120942897957761,-14.718367269947828,-14.202131755052463,-12.13925686206783,-8.12344838201438,-7.562174805175362,-6.523076087386827,-5.413860693227114,-1.6762541626054182,0.047228650362578166,3.7990295606653794,4.107107446188078,0.6268058922843496,2.1850184873528598,-1.9344324527487256,-2.3602797150725547,0.10217739563077348,-4.353718822591394,-1.557817144027075,-0.3304794631590417,-1.7800414482043065,-1.9637843967824111,-1.4429257339721764,-1.6561369238476782,-1.5435894931043712,-1.30217431844797,-1.1744959275339255,-1.2721074731129294
-9.154074563645084,-7.939915534345539,-12.30829374236544,-12.764803248533473,-13.66726469924377,-13.951940632789489,-14.496769913256735,-14.80776606948294,-14.81309909698968,-7.475080174357756,-4.759945061204713,-8.158640961621728,-6.652433759522693,-9.487498714551172,0.3103570937706913,0.2633385838583897,3.764634234328212,1.3468969235292543,0.9298118258669694,0.17281374615644587,0.4820689245230469,0.3300065390162784,-1.003563587933896,-2.090344917827509,0.3652730361689304,-0.7995694271897276,-1.7760503908433571,-2.1723829090320956,-1.8653451598205786,-2.212830464498656,-1.888041136634236,-1.3710061957070991,-1.3301157093732554,-1.7887711725971969
-10.120204844022174,-13.326063622980783,-9.516782372563657,-11.725681501190074,-12.974625684601008,-13.331582055383576,-13.628583583039056,-14.089195744560008,-10.483035836040644,-7.954755434409439,-8.090287267637468,-8.062502892805176,-6.746818065807737,-5.985556330236831,2.4229951982837563,2.9466732974008307,1.8824532986105007,1.409126745493067,-1.4121495319812014,0.48481441729674785,-1.3040809069371584,-0.6254751317623372,0.484393669773097,-2.339155538220179,-1.325651378125436,-1.0809885219975095,-1.6418360462974066,-2.2408983472107713,-2.2863156143984864,-2.1056946072501592,-2.382799339156545,-2.038373768242099,-1.9546738657670735,-1.777827945616646
-10.546506233591371,-9.582784019574937,-10.994935910912293,-6.190943139621908,-10.604599362896908,-6.652454271476489,-13.768232007615268,-13.803236584175416,-9.503295862774353,-6.7750164122875525,-9.034267333795004,-6.437220640444185,-5.9909187652597895,-0.6490664434491399,-3.7741991277654385,2.3506368458047686,-0.85231312891907,1.9753304391867408,0.8130478041348076,0.7693716423386703,1.428065164659125,-0.6851989891140307,-2.8453761658622354,-0.3987251644253118,-1.0631163840500462,-1.1409212465282075,-1.7329273448631137,-1.8607433733955028,-2.216887367456338,-1.7195115036156605,-1.7746097964183605,-2.1768063575826733,-2.242690683543081,-2.1545829576107414
-11.337435282650386,-9.343418369168209,-10.378077340785186,-9.652225490569734,-10.36638470527811,-13.250212897832055,-4.010155967413367,-7.242123854574691,-11.14587846787827,-4.942252086945993,-10.263592092913887,-7.60696992410988,-7.449062867991376,-0.8232598964772936,0.7621469809417245,1.608130848770016,0.23390240509072943,-0.10253608762240256,-1.6451607769777787,-0.2615933122804882,-2.0789551517514746,-3.384585860945326,-0.7473549642948162,-0.8828089621165887,-1.7501003837864721,-1.4022183068057676,-2.003774941789276,-1.3557238363915611,-2.0772522506244444,-1.6878944669295821,-1.93833179789122,-2.5381682687124547,-2.284337498734723,-2.524011983410007
-11.257289347140377,-4.02409738368028,-12.942255805102295,-11.58818809306585,-11.420936320260417,-11.22426818301523,-9.6599790360762,-3.787012563314664,-8.953111040051644,-2.3984897405663057,-6.077160025586483,-5.024436714028936,-8.324110311927765,-0.6876237174192515,0.05761212872272207,0.8131339626504296,1.329469810409102,0.6309753349900925,-0.6641951435877425,-1.4986883750340982,-0.9990366086315624,-2.1369220955997035,-1.1896596160544985,-1.9631860419207905,-0.5301091655746814,-1.1841949947742403,-1.033250120183373,-1.380389159417547,-1.1304253369585335,-1.9832811471459868,-1.9489855248761045,-1.6566159597632104,-1.6218727624334275,-2.044008278158946
-10.350249157422605,-13.061504382245257,-9.881217718721318,-10.717810534420853,-12.993894709746876,-12.992853424720906,-8.656639516487079,-8.482486891048346,-8.076650127270714,-5.806408574302143,-4.459258495054818,0.18134558894393504,-0.5778481994725607,2.2456436191678213,-0.2875761934842926,0.023270741206460988,-0.12994640072572872,1.3681448086254226,-1.0045158191622474,-0.7011233491632458,-0.3771930410654698,-0.9582354198517489,-1.5164324031491392,-1.0318469728695456,-1.5246812968617895,-1.148935741541134,-1.4006552021153098,-1.4858551154618738,-1.3275055707588654,-1.5615591628473404,-1.275471087235582,-1.2309156787013888,-1.5407685234149244,-4.562520848630288
-14.075919662411938,-6.887444306881235,-12.43755775069246,-9.746588383305681,-10.17881701303267,-6.657456582110454,-1.5035775669515785,-5.698661831785196,-6.159699844402509,-4.954068120154109,-3.64905605511284,1.3800122724918267,2.491881882301326,0.802185121869334,1.9364538045195052,1.1930362335099205,-0.24986786830889968,0.058810626616505934,-1.4230765682230553,-0.5368209509837318,-1.9004436669860836,-0.6520334790224415,-1.140175792240891,-1.9570908405851821,-1.0381149562914924,-0.5442722511533854,-1.2830199530274589,-1.8873258745628692,-0.947903887907531,-1.6129295707090612,-1.974571680949637,-1.3200644382793771,-1.2808162707795483,-6.132780761125514
-10.340451601595294,-13.114106718404189,-13.17339989930388,-10.713688618018091,-3.006582767231724,-5.1991286421173255,-5.592953269082605,-6.592583010247054,-9.616063732406033,0.021681895928173923,1.435892867005547,0.6873429537709242,2.4180899095728017,-0.7799754028860688,1.7585956425827396,-0.7568400938963997,-1.8235056524137565,-2.6161320098503205,-1.7729988650848836,-3.710839927440083,-4.650887159068632,-3.994605803569453,-2.3966369064991646,-1.7979459436181364,-1.7229898012037643,-1.6508592513425333,-1.6466393182431163,-1.4951773840862481,-1.5209595206695208,-1.4102562345013743,-1.6397433993881476,-2.4547653941544514,-6.142895171067728,-6.182479418546192
-11.07883224610468,-10.712570873099944,-14.64215691552672,-8.043392953049125,-7.915410842944118,-7.180128437386231,-7.431752657147295,-6.590493321698748,-0.6543031598811861,2.5556909744757563,0.10775727429423348,1.5443430377193763,-0.920133031643307,-2.31927394646471,-1.623008487866649,-2.147836818346303,-2.193143642994164,-3.486068864596087,-2.009737594735859,-1.7209808546337393,-2.4336116250471074,-1.2907269873353764,-1.1544694940595335,-0.09013693548179988,-1.633680145105497,-1.709667345519886,-1.5552151495840716,-1.9319369044085437,-2.2232424932328705,-2.1136619051342116,-2.7309287632781674,-5.158129758733098,-5.859611879398857,-5.8660445358765285
-11.014910304980031,-11.875725046428187,-11.050756153940346,-11.567245877773992,-8.752876489007122,-7.289588854051449,-5.424045741024347,-0.016286046528120365,1.2872787314954266,2.454609324556224,-2.0119292993861255,-2.092137057119275,-0.8803856567216589,-3.7501903035396826,-4.360893393891527,-4.988036519584021,-2.756554009530934,-0.7249517765065707,-2.4904345111965456,-0.5126776502059639,-1.928313729777817,-1.4034623396813204,-2.8889852829899123,-1.4665717765744097,-1.0676678282131122,-0.39269710622800325,-0.7344524532115071,-1.8833958171752765,-1.4027936017148193,-2.2430481874705466,-4.087461190484458,-6.487942485033657,-5.037168483849353,-4.392157994391678
-10.688170999406411,-11.562774716466608,-11.801655973827787,-15.151843190572208,-13.68572442830318,-7.198560366857573,-1.1913148759495393,0.2627682485421533,3.6138406625261372,1.921924211289513,0.004159053818948356,-3.1448877868836087,-5.612395081216581,-5.25889444551928,-5.628094330794048,-2.4237157630433765,-1.5813432137048782,-3.659879482142459,-1.3062821477019917,-2.8957119301690515,-2.0447621821406594,-1.0171031776293291,-1.388081645758856,-1.620771198119493,-0.42650232021807405,-0.9957140973179434,-1.829152020854089,-1.6599998053447353,-1.2697973846081376,-0.9591522346454512,-4.964012108912898,-4.714964325022648,-4.5543145952036665,-3.3332077603635404
-10.53722176059165,-11.89008588621149,-11.17688653883345,-12.552294366435264,-9.380714410478179,-1.9344425623679429,-0.4957896447456997,-0.3314374396867015,-0.5539738086152481,2.106021459780447,-1.4615149582583582,-3.3987609530557212,-5.966524125932351,-0.6681494931062804,-3.324205712098077,-2.328035012317704,-3.114749923808228,-1.4254459297664186,-1.5947946405956877,-0.6808661552564854,-1.4364169612597872,-1.4584457831300377,-0.9006514620318816,-1.0178701279716047,-0.5719780215107798,-0.8737778521709401,-1.499291190214466,-1.0810330331940854,-0.7052998317073672,-1.7767185364645819,-3.41702250336231,-4.1994115000695755,-3.067325423729953,-1.9251064335897492
-9.5719804269282,-11.340171412123903,-13.391884423443235,-12.61030261696615,-3.1267429688700994,-9.988005912935296,2.9759184850296396,1.1177559099248795,-0.689772623978129,1.80897968730661,0.31812900379760706,2.410111462660703,-3.8862485950993166,-1.254146433860318,-4.578997259700592,-0.72965842376867,-1.9652308786323553,1.7344301863850287,-2.69844766490203,-1.5332370566963691,-0.4631708809597039,-0.7138780420764891,0.03930626468496223,-0.21574477492008043,-0.4229976945944137,-0.5076595770564801,-0.6155998900161597,-0.026512757664045386,-0.689002366917685,-1.5081684003592852,-3.163997871631908,-2.4303567143108,-1.9726161675366416,-1.1649127775733048
-10.228982754220773,-11.037911428708084,-11.007058565116415,-9.55803919037583,2.291600778482595,0.45262401974418504,-0.7040080569567059,1.1677976243049453,-3.959865890775943,1.4872164731160473,0.9695126645166434,-3.3052761815701173,-1.3604390467160548,-0.2912805160900751,-2.5275996319118477,-1.2742786474296925,-1.2094062687750575,-0.5853393150675418,-0.5707382363260114,-1.0186366709988417,0.16314938019564482,0.15753591760473393,-0.9509646880429459,-0.07230692792649551,-0.33100574367082714,-0.27203112861575396,0.03909383932173106,-0.13937468501515832,0.3369254072711436,-1.780229888075452,-2.905459204424844,-1.6560813775298218,-1.3771913256347212,-0.076305061815329
-9.962862274842417,-9.978969036661264,-7.783365705711106,-12.024628717364546,0.8871414196595448,0.4557841131261433,0.39980293872626677,1.1673450970312877,0.24741442568503588,0.5871690272567804,0.035281593276604475,-0.6369887763206518,-4.113925624556275,-0.3202843517723532,-1.1996306270913109,-1.0950105375670978,-2.723150103147685,-0.277401246953178,-0.09840444392004806,0.3969251853147987,0.19467047055675543,-0.08384289918818658,-0.6947765309758871,0.29527548252956,0.8251568012895979,0.2419301545094716,0.5753032037912533,0.08306398222701121,0.008137813281120922,-0.9901547604368443,-1.3977432928416704,-1.0509106732812297,-0.8221229271028647,0.12595035438176092
-8.449939023205044,-10.43014482964183,-11.419618783876393,-8.063879652050492,2.473855055030029,2.617585520743706,0.19674422807259484,2.395158325599475,2.68350133138221,0.596114674864144,-1.6865224608849616,-6.003681834633065,-0.7836538380303978,-1.7137742860085472,-0.10013597728400143,0.29267513572306386,-0.63541947820443,0.23194387927051455,0.5387632360612615,1.0678249325826894,0.6909692901682232,0.2943430087382382,0.6162716284055035,0.8113879073210492,0.2861289169087257,0.528051854944325,0.0236508476424051,0.2546703820702485,0.7087011673226488,-0.12428373483615567,-0.9285961973877589,-0.6572475774368588,0.30742674554692323,0.5215619515415383
-6.763162983972904,-7.296278256164999,-8.399778010768424,-9.226420146478064,1.2116109911827595,0.3321111509659664,0.668910442929942,3.004682580308517,1.9715253525781797,-1.482031858286958,-3.0250373275241187,-6.141381505984316,1.8607480692241936,-0.9043204641749116,-0.7258260652716441,0.15139056849880803,0.10399763660457632,1.000420773475205,-0.06268648754218524,0.37900848734920034,-0.07629786509613093,-0.0603969455983194,0.501826747795835,0.373676925789325,0.013047834025819473,-0.26276020304663283,0.08384865519473764,0.33950593883197533,1.015686661020574,2.048397633709321,0.048686016006776696,0.45217641590702806,0.8757165631992448,1.334093878915532
-6.573180236417297,-10.174285153922112,-9.068764253519952,-6.0767511848913145,3.088484043741559,1.8204986964954344,2.059694841751241,2.297284735524324,-2.5416390524440677,-6.444549668799449,1.7750427350833022,-0.9308705455120716,0.1397177577842183,-1.5517323599956714,-1.9122712649388351,1.2569754697653999,-1.4353278232120308,0.9242650898540209,1.2965046476844986,0.254478442943274,0.17555989352570978,0.33311129462374023,0.6002269563428343,0.3728382219743844,0.6957490305640824,-0.1712181056392961,0.2540140476173511,1.3472216135727177,1.12471659936832,1.2447308746245649,1.9268165163499948,2.2219696579182138,2.2904059027933426,1.857887146751817
-8.657130990827918,-7.71699474761552,-9.815172989454961,-3.54713770927789,0.414375858107619,1.0038465016371445,0.4805474840842054,0.9168970049907816,-0.31879125500536637,-3.0455978070417693,0.07154217249619976,-1.5282657505849375,-1.060784212382231,-5.323402347177785,0.03766766712061856,0.955433128853752,-1.594464368987784,0.25908630640040575,0.8447283096105721,0.8994960034204542,0.8476414410326555,0.7453442271613907,0.3676376510182983,0.21835831051988402,0.810637419465915,0.8812147100154634,1.0369814499700538,0.8323113740866004,1.0080002485113486,1.1987092831958888,1.4600858694335725,1.5559203806539783,3.009318665595161,0.9622167430509087
-7.56485889497785,-6.509856957363719,-4.6307815846178615,-3.659407953344805,3.468398668597913,0.6584152968277764,-0.6666715104907948,-1.6501754935751114,-4.262811122453949,-1.971668026831365,-0.740667089528645,-1.7509735190760596,-0.9873873213596452,0.5803971576304691,2.674115368658416,-0.8397161113591003,-0.152804720978155,0.862413582802326,0.19845835849058338,1.0821898069193976,0.4609083105413382,0.7860355941122703,0.03851589511773129,0.09227976822586413,0.7493438588028929,0.49287924112376513,0.9923053277556328,1.14499130863629,1.1686824895077041,1.8428254826986268,2.115590403019648,1.4922465343048072,3.216809607075368,1.9570353298759633
-7.807559861706883,-7.174567057578647,-8.28826661675634,-7.948477945556312,-7.064861665420224,0.8843484274802528,-2.0309737517252553,-3.659557307705882,-3.3598191232459556,0.2694026091461833,-6.716244800761928,-5.135088836355532,-1.9775737577422405,-1.8592157041578925,0.06664477767613945,1.066180785351624,-0.19240485992539988,1.5484964006278132,0.8760440704825299,0.3601863005768212,0.06733186533281753,0.06451925023177064,0.33788538941274227,0.38402246781220223,0.421141816942938,0.5548197538755077,0.6634413695756101,1.005484075568592,1.383527965613069,1.638043087154187,1.1443305090147629,1.3271575552354544,1.10779540596625,0.687590973094361
-7.03632714741971,-9.313507873708406,-6.027901299258991,-6.853091538786323,-10.264480442994238,1.8389907298230854,-1.5550739534201683,-1.2880940219945294,-3.160430872549547,-4.342634380101304,-2.1038671122013035,-3.3882427471491394,-3.7120154922792317,-0.020379985250225417,-1.796262299542373,-0.3977021918398168,0.817759289547473,0.8164444037685528,0.6036859601553952,0.019806521103050947,0.07311496817433519,0.9864108366388918,0.5836136144316321,0.22194995364094666,0.675552795670498,0.9771738728157303,1.4470524891411578,1.4671541137148443,1.2114716067710392,1.0895811010429122,0.9209322430590047,1.4046213383225332,0.9157026778851883,0.3641765248888303
-7.100182408535634,-8.592603243110473,-10.885537106546364,-3.6987017758087446,-6.757807295915514,0.7028811068227983,-0.4921097654949982,-1.6951301475917342,-4.670389484874081,-2.4158282896736782,-0.3613730475901746,-1.3622387086197076,-0.6772878339116254,-0.41131861662497116,0.32591981404606707,0.15716483183819924,0.4127544555402183,0.49247007466194936,0.2724364083670898,0.17768454871478248,0.7700246578688997,-0.6398743961579934,-1.803731400285074,-0.0006876306333606465,1.0916622811937335,0.630324290838787,-0.6064101496261292,0.3772576095789672,0.657605189650391,0.9207559767291906,0.7934408884620088,0.5361283056072852,0.20457695735267795,0.08005045649195636
