script/wind250m.json
{"header": {"parameterCategory": 2, "parameterNumber": 3, "lo1": 6.000198445256149, "la1": 58.999992894266676, "dx": 0.5, "dy": 0.25, "nx": 22, "ny": 24, "refTime": "2024-03-30T04:00:00.000Z"}, "data":
[rows 0 to 23 of 24, columns 0 to 21 of 22]
4.86545812105307,5.666453146668134,0.3478356685900777,-2.297837293533002,9.083473798830976,3.873493090997145,5.070023070739126,-2.077955004681104,0.07216986466867414,4.717240716553804,13.698294601683967,3.30839744510068,-2.468374928158439,5.928415230723656,6.280579050412805,5.496941587494434,15.255484403915084,-0.7185599846377558,13.700731057573384,5.045773006534049,9.22282986155756,3.5875444799570873
8.556183378868926,-1.6786346630203786,2.22110695392029,4.127013038841481,3.666908191033586,-0.9264986045808052,13.991071242591612,-1.172443539479117,10.642497539782253,-1.2380235709496483,2.7876420149304195,4.121991941992017,2.8860951541918474,0.3287203818682821,2.3067104751241376,2.7808870158962544,-3.3053903035791645,7.395769287947009,9.208685518098674,2.8679249355229746,9.9683186946545,-8.843137404948354
5.895550459961687,-0.6320827395326291,-0.26604418194477497,7.803085618774603,4.9854235350048635,5.158640701124744,3.527905297478549,7.863410502065371,4.656839527585991,11.347952498700113,2.8019140700660485,-2.0399812464807656,-3.512865798780873,1.823412675293807,3.9706712103612234,-6.741159457067068,5.401042893857591,2.077087668839526,-0.9526297927166102,4.166398803326224,9.082567784049186,8.026214968235472
12.872240070623594,-0.8384335475441529,2.2887011736307734,2.956634646856841,5.930450883973128,0.5807063795642419,-3.67163583910267,15.360244786883062,13.708094496784893,10.37122576677435,10.997085015687446,13.908461177437509,-4.129633075267438,-2.3284225549289523,-2.0271995340009568,6.107281698620139,1.269158617670132,0.27191645976019435,4.746401118978016,2.01669387339676,-3.847307392105715,-2.3388563850905935
6.398572539253885,10.110370749686256,-2.4705820625702053,2.4728958218666293,1.6633262631948136,0.456185964270589,7.35372017579025,-2.685038225759235,15.032076443826998,2.746673531733391,9.015786152688841,0.9881850784006705,-1.829540260107566,-3.2982180632889806,-6.150023124415727,12.34087643325231,4.9133738324507,1.0698501741897566,4.804206075290481,12.068901139017582,3.27606327353575,-3.4409207079308284
9.789494740073605,9.71265626122674,-3.1780047387166426,8.571763039603626,2.791848493097376,3.907842436957374,-1.4482472288700536,-2.722596248984727,0.11764767970711083,5.464583436943928,2.1101889200454576,-1.9996692466743944,1.8744892340208992,2.828992356520837,3.01419561597752,1.7379544036524994,0.15485642432406593,2.6574211952658064,13.898782718190615,-9.549863979595694,8.965871184164742,-5.683610652779846
-2.394483679703072,1.262609945923747,0.20871704406675398,0.7855472411938683,2.363224742031039,-9.36092338489751,5.618213658215036,-1.3945349808196075,-1.2610693829720907,-1.154966449629618,-2.2747981089836005,1.787902417513514,4.848701404131564,12.413708826901898,0.6098370951953765,1.5315521927003117,-3.358799600327131,-0.6596460977902936,11.59617477788683,1.317326956329402,6.055431829204717,1.088747822917653
12.209482382223104,1.3986215920026537,3.290744383969613,3.176280412100883,5.989083545252254,9.160003154888424,-6.015607125187366,-0.871810349312455,-2.3200512430822773,3.805682999882948,3.981035346072984,-2.297706163181039,8.037407493674138,-1.501301369489531,5.88515939448953,-0.36873432945034984,5.337542771813788,2.485777420760917,-1.589974110745767,-1.6105660358974239,-1.7327502554195067,5.996547628706291
3.0796524327345627,9.573370769873621,5.052693119907155,10.833216351791068,-1.692523250727786,-0.17442761318006736,4.891432822333349,-0.5205516791711245,4.736091971495667,5.6664002797470765,8.864657155578143,5.714544991801544,14.313964264031922,5.898359892360614,4.3911617247187245,-1.1438276429950627,0.2772788174980281,12.038528660854558,-1.7776091648602905,3.241543138065994,4.349729043641041,12.406021731807718
8.575853990588463,5.2886529022760955,8.026277288194548,2.134564581785542,-2.179976262803078,10.220884790729674,5.002878602746723,7.837847659516889,1.6317273973426902,3.821609926017773,-1.9815333085999711,5.521593970520046,13.491164739689278,-0.900701425858934,5.73533391103436,15.34787493687736,8.532711205441473,-0.2576242913197952,1.5336415394597593,-1.06476605301869,5.133612879684134,3.5400804147792133
14.281601660110422,12.073233296406798,5.2223951783484255,-1.2830916913597512,3.3629558727787017,8.83571084930978,-1.3320984134228977,1.9144840087660957,2.424346647202836,-2.3288252381313117,4.351545073905823,-2.72815761989491,-3.652643681316234,1.1521205840615538,3.63120794362169,-3.7037358366930255,6.161404749329507,-1.4223351409469196,-2.395468052899707,0.3664853400206716,5.014383328378308,5.495051651035398
0.27864679907721546,-3.238743853234405,-2.0031887957778567,11.338119122060206,-6.462571965022598,5.3369877694600865,-0.5967272022374842,4.894964444634894,0.37401120560621665,8.944157418477658,-2.953425967842807,3.5065003510873236,0.7288824699593829,4.079926192746527,9.86266636214885,-1.4953605964421357,2.966244580415886,8.89523730436314,-1.3559229720454886,3.4860939825659103,2.95340728704368,-2.3325669598650363
-0.4651784963217255,5.624135107077294,0.45128747543996,0.4999057095057637,0.8869861834889543,-2.982315808763646,-1.018564943496547,-1.5869298175670496,9.077563664542186,-0.34270871123134405,10.439931934566633,9.130713838726665,2.6684967232957444,5.593712340823042,4.905972025308415,2.9964723173391716,6.017495896998377,2.159357556152355,5.850742835358876,6.302081468975769,5.620546905890891,6.251556709625574
6.135441457398787,-2.1750670966690877,2.4189975211292567,0.6457281858581266,13.674937439885133,-2.004369085824672,3.8810718112377707,-1.561923097436706,4.202219186734325,1.178245301013836,-1.6879045441889855,-2.520357920452889,-1.2789394418298168,0.6229414096840037,5.690245863356792,-5.796054571551263,-1.159582452544568,3.2693848704801733,3.4956235984009423,8.831605287920363,-3.1460774822576525,0.11069211054991147
0.21661200680766307,2.450153819253296,-1.7620793591317792,8.590692221471459,3.756729071210695,3.5925960413387643,1.0985653691209756,4.6265650638284175,13.098003240555292,2.238062226080156,4.991550373900307,2.742880887230553,5.934410189967019,6.025507968433645,-1.0213515033411564,4.345710363322629,14.34946123165104,-2.8361970376581502,3.380525681701639,3.7587134570514067,3.8280629582672554,2.6111961673828734
5.346928721353601,4.72979510573441,2.4755784842721944,0.5912812095034128,12.21435030490727,-2.463993235125418,9.837517476563143,2.685421159913647,-2.6912183235789087,-2.3306699956747496,5.56747250574681,8.300912673065385,-3.8424796274401123,3.1043920394207616,-2.1559384900128973,4.922192952666662,1.0241199405874528,5.648075225168306,1.513956872116608,14.142852961624358,6.802967293436578,-7.033522595536045
-1.5439150082910715,12.57630819294721,-1.0904733180776573,3.084751198665941,2.1442009987641644,-0.32557818716391523,5.581736677429447,13.541882994163878,7.285907690341748,-3.357710058981595,11.490973370929096,1.1705716907227786,15.882372762994613,1.797563229738594,-1.0725078107474755,11.572627869465439,5.336356838967259,-3.6466227413329992,-1.4141787257590877,0.7720193146291272,12.965766638832992,-1.3031775524457319
2.3231121815290794,11.016113372068927,0.7736984560098138,11.213791369131942,-0.3914320341216609,-4.888264250207565,8.264416673017598,6.0656398611826505,-0.5934880339015718,-0.5365125903594851,1.396800881441676,-5.870080665138125,4.242669942801276,9.25861785211797,6.332527858263639,13.742190007918,3.6595831009391233,3.1204807193946573,10.401137196548222,3.6052635158179545,-0.591063796176481,1.3589215126755716
4.9112094680584955,5.847733826202668,4.887392542006978,11.322555817899632,4.797439740020938,5.7725073510470155,3.886796807733559,2.730336764846995,5.768735892207704,5.493272519516159,3.934076762659626,-3.357337258553529,0.34824744893914306,1.8453999321283616,6.244939167060894,16.403915063290093,-0.333381879963093,4.730584145820046,-2.38252124776922,-1.370534685046984,2.4148945665147346,-0.9801841417078675
6.418844965570487,5.718564424109721,7.273559694608568,5.346322933107888,2.391469237254517,6.380381227054647,4.621699041757456,11.674348068366713,5.915370188054844,-2.2664387052736994,13.19478960145531,-1.359392082045113,9.719636197901707,7.949379845439883,8.130999373929912,11.626706227107157,10.924080036370228,5.3131728726413545,-6.74632462899149,4.882698479332303,5.740013600817314,-0.13980465576831708
7.049221071208778,6.330055141247305,-0.904693572230134,-3.4000382776446294,3.479703978204755,9.056216094858932,10.507670316418192,1.6162847208514595,-3.710715341700468,4.862714853310313,6.771964404456305,1.3407064748062496,5.4659500348671,-0.7702659175892898,5.117483875734076,2.4673757260568623,5.244217827261545,-5.16160993803033,3.287532630155054,6.400812735382882,-0.09798018321092845,-2.4933925437680853
9.751391670479777,5.636814743772705,7.836652641200401,3.2507339713687013,14.420624703091683,7.400013032838155,-2.397904432135817,12.336424873590527,-1.4103246977069093,1.827777741721278,2.427949620536007,4.896560109718941,6.556500521634873,11.557077760421265,5.077745878986206,2.839243743595257,1.3441692925599877,3.648659847561106,-1.6674142342190024,2.6642716488211806,0.2696001249031539,-3.172606279292957
9.706382182380175,8.85535856675302,6.71099457417049,2.76110266830432,1.8709024048142564,5.973310688449373,5.821384662963266,12.38489161649881,9.494820635323231,5.9783376826601256,4.794864679633869,5.656596468922391,0.9830029339807175,1.0566244650206444,6.514285042113124,9.76348604960842,2.4475051304760576,4.12371837519422,5.6879675258316995,-1.1619956902523976,-1.6412746629082855,1.4114041011866025
5.240616890357443,5.41983841682144,7.028590329506624,-4.015104329483793,4.255347329368609,6.067355401076435,-0.9449245316949717,5.997766304606859,11.535562180771148,-6.4677464423117295,4.570874058239841,-3.4508808182193733,0.7099286495928044,-7.66133075739307,5.782062895509822,-1.4785364995593613,7.059120901731786,-0.5588341101147958,5.518109273058713,-2.814713330346536,2.0515968902975277,1.0238757735894841
