script/wind10m.json
{"header": {"parameterCategory": 2, "parameterNumber": 3, "lo1": 3.000054539987559, "la1": 64.9999836372058, "dx": 0.5, "dy": 0.25, "nx": 34, "ny": 52, "refTime": "2025-03-04T02:00:00.000Z"}, "data":
[rows 0 to 24 of 52, columns 0 to 33 of 34]
-0.3849457564685056,-1.3797662770300019,-1.8700146278257765,-2.025147610444033,-2.821472827113449,-3.1855896075351158,-3.786739216211727,-4.878523726683534,-6.436940323477484,-9.097117080291898,-3.8605689135854346,-4.02431097500202,-6.274880556442118,-2.9961859252925818,-6.0101032919788695,-4.746227599655856,-0.1767179300420701,2.36657645096228,1.3831578384998806,2.121138670129959,-2.2136453442420323,0.13683603860248747,-0.9615751036354516,1.4869409817334847,1.020415586706762,1.0995021775629286,-0.20496311955391106,0.19398372051715626,0.7080101124552449,0.2441888568502814,0.08115468372497692,-0.31089073747149376,-0.015132462963337182,-0.09773005814377349
-0.14323258774153066,-0.4290756486238396,-1.1664613405616178,-1.5873490746347074,-2.1529629047835264,-2.378067334452631,-3.1252982397862907,-3.6914225082393135,-4.234632572441554,-4.467570165545103,-4.3929903636923155,-4.381617024056354,-3.2375449913053824,-3.7613704603624503,-3.8674962099448114,-1.0549974216409388,-0.3822168169777438,0.15189691284508755,-0.7147135807037623,-3.0575871716563428,0.6806725757079575,0.3937970816467361,0.9869582827616109,-1.546754720908925,-0.042626937453799155,0.053676926781219395,1.0219635131929699,0.4906355136560479,0.5814378290074135,0.5072055486108782,-0.09662410746725576,-0.3121103255574472,-0.7238664546858594,-0.003745871526671362
2.113708024074752,1.8772508202996934,0.5559428442611974,-0.9008134144554032,-1.5851045988316863,-2.1106228269804443,-2.5333512318064626,-2.953075814675368,-3.6390738793515296,-3.723790454730713,-3.908703203691042,-3.2272024928694654,-4.221168745347987,-3.659594385599062,-3.4725329467773713,-3.179036824104292,-1.2106372961515288,0.07283644064910036,2.0252271294922046,-0.564475289605839,-2.624630699876312,0.14038921849717434,1.1848859925186357,0.49367726892676644,0.5309227958244912,0.35621864305078893,0.5833478082566615,0.1572940501503555,0.04425749775473797,0.14271155816705536,0.04473370162871544,-0.27109317583234444,-0.7020581827762965,-0.31597383432178855
1.0247141087411153,1.1858040890368293,0.8331686225570702,-0.004332775400314368,-0.45827511932321396,-1.3108984897424016,-1.8842282064200622,-2.3195209208737335,-2.6863460554715664,-3.0014302437887594,-3.2816707460067924,-3.723893971737171,-4.2894227315624915,-3.963656133620613,-3.3425924895237733,-2.6149368888144005,-1.547008621588655,-0.676078995484496,-2.527445377271686,2.053921226891682,1.088477858420383,0.45663919879053516,0.9375336583952261,0.47478187389479354,0.5828305347549537,0.16369640316612227,0.31744908937160754,0.519882594051213,0.21860179276060313,-0.02986715066726576,0.009676051209274311,-0.07905311632947111,-0.542561388006739,-0.4706600936116942
-0.03851673899548272,-0.4527151108999178,0.03933884253429207,-0.19972703690155993,-0.6631666046231228,-1.197550220300626,-1.8505847978746603,-2.0453939118123183,-2.1234178061753872,-2.5984528714723614,-2.716999355076404,-2.890609247157241,-3.009397248100903,-3.362544454231021,-2.5685065758339123,-1.7649559100845749,-2.3822804257226147,-0.7300832878989877,0.8131248154245675,-1.2821630600525817,-1.5551547045486216,-0.27281955505048716,-0.49933397505040594,1.1511624130717661,0.22091503938695128,0.6563637685176252,0.7252105405244161,0.666548281936425,0.21639793764629203,0.10807571225774482,-0.8920155156949053,-0.9910447010943401,-0.47270088161935975,-0.3070202750020769
-0.9076626953624791,-1.0862118684002346,-1.1755214710813415,-1.9149931987919881,-1.475359700535641,-1.6715415570475192,-1.7818727069261988,-1.9302120157471685,-2.4205328559417523,-2.3797662081010715,-2.601963255869943,-2.8068726970473716,-2.5647484517495127,-3.736267274576193,-1.516728746715163,-1.456215396823484,-0.6011083526492862,1.029337588170479,-1.2889224412006364,-1.3892065636326962,-1.5476799838449113,0.9999825987448369,1.6364383434144623,1.2358766090998166,0.9601110790087769,0.3231840636589607,0.24745893464731913,0.3323894796529322,0.2935929430792293,-0.31859873586870063,-0.516755114663713,-1.1819773113674443,-0.34576165743285636,-0.011627668216992888
0.8544427498444802,0.5106384297472046,-0.10363840388502531,-0.28947404213958944,-0.5704475192121511,-0.7654520503930976,-1.0456772532211622,-0.7645800994306781,-1.002736285826457,-1.5416536981530202,-1.6709993845626359,-1.557328198444539,-1.0426499043161461,-1.2076964017483314,-2.2290315370324763,-2.3471634471292355,-0.43151462501119203,-0.5185209985884973,-2.699228127096172,-2.7440232333929373,-2.007995830764135,-0.3137086390943085,-0.11666067320760917,0.18635582389899955,0.6075534648684134,0.5210178934368199,-0.1726824644610012,-0.7440327806799791,-0.058101230575677947,-0.5964223520276399,-0.43030627407017025,0.21618594910893338,-0.80075101540111,-1.3910397842802684
1.0810009965130993,0.43466393579781626,0.493845133986672,-0.16953489184106416,-0.4801299534932696,-0.7625682596738793,-0.6817285498977641,-0.5989075015522429,-0.02965699462974164,0.30460215223621934,-0.9964986199758596,-1.1816019612065252,-1.2149649897640482,-2.4319728241908463,-1.1883725880427327,1.6738900881988352,0.5224201022182247,-1.2735310369026305,-2.077079142465245,-0.2549843317143357,-4.330151480726647,-1.4993774615150788,0.16696305672420617,0.3963681345709853,0.07550383956851625,-0.2929960104738178,-0.5549950375093328,-0.9544280977705686,-1.0646097560791095,-0.7781810195469517,-0.06424726338189544,0.1012681260945975,-0.22146744463082368,0.8045346266636869
0.5218678539662609,0.10290093041963409,-0.16875998327720718,-0.8876914938092587,-0.37605410186489524,-0.002517022532137851,0.07610568410434074,0.5126874920827705,1.7796919227954897,1.0580120871041625,0.8518087126802479,0.8329923832547123,1.1002157557947623,-2.072357563845901,-3.1512913062286922,-1.5814513723071553,-5.084363154940519,-3.857119866607174,-4.747935333932299,-5.41589144003065,-5.346352210517925,-4.12286899520115,-3.277017302286289,-1.5104184655767918,-1.122990639585361,-0.32331943116839745,-1.0252408842136382,-0.3764622038348291,-1.030013525086775,-0.700990257399752,-1.218485520015107,-0.6071442464285449,1.995623870772043,1.045938313290256
0.8689225007506375,-0.2687620816096087,-2.465827159006593,-3.1644418672403054,-3.746517593496642,-1.9264498663482668,0.18928005792268213,2.2945637244881527,-0.38163334041291297,2.4268174338324413,0.9170360276467833,-0.17763559924543146,-2.8885417274566874,-1.9511640825542895,-1.9070563699073284,-2.4679669819899983,-2.1538703404471367,-3.676093811694904,-4.732850679539466,-5.41117353989765,-3.367249707373438,-1.5115196062600615,-0.8800350950808015,-0.7454484220273174,-1.2972680993835168,-0.6493401876105896,-0.6243339098734185,-1.230835793229527,-0.6735490456014661,-0.9490268082597562,-0.4713672758292968,-0.5512112639234975,-1.2668514920299734,0.13242070036916107
1.549207405127873,-0.5807183177126972,-3.1620777068637937,3.964039356031137,4.312780762795599,5.347409229181149,2.5950333307705917,2.081036306661996,2.1236743552806328,-0.12648213054802418,-2.486140306366441,-4.3127898214691776,-0.21389832921685578,-2.4363040216800145,-4.078463562435398,-4.3399044478445745,0.39928266455938516,-0.005978306286401316,-1.2774695469786257,-0.7658666412094298,-1.6355867628369722,-1.825956131141412,-2.1382251181792946,-0.8015445662455579,-0.9584106761538135,-0.575738784537255,-1.2140294150977515,-1.4323062618472047,-0.7880039599266957,-0.4546608054985573,0.5353440400732561,1.3106939276974325,0.50441206408846,-0.7159620469086709
1.184045290924505,-0.5987202271508454,4.737066752671548,5.924608273508439,6.512317775390034,3.001393828036347,3.8855483689853365,1.3959878339239673,1.6497693318315538,0.6769604903094133,-0.2396430597599471,-2.093952637461913,-2.2457949112739404,-2.8801453448735517,-0.6585386646779584,-0.34688737351592597,0.1683147774387898,-1.1049931150168786,0.774554531535837,-0.24317239905660207,-0.7570578120057379,-0.38027261169209736,-0.6595131640329562,0.8133981249446297,0.1075226844646433,0.18173586154435104,0.43324556199908065,0.31149899222162414,-0.2795452099723232,-0.07626296917404914,1.077427279576255,3.1505013657540766,2.3361293385427797,1.4012910214534222
1.1324499812649083,0.2110059414703772,3.015618157027729,3.3527803459463903,3.8170762678847847,1.5247888510733039,2.7873309889355875,1.7798448198488188,1.9210995182610293,1.042839673187795,-2.315357777219802,-2.1365075473301647,-3.5839922614333504,0.919085246926393,-1.1155386608715399,-0.40926302132367,0.4196838480863434,1.400659646062037,0.8453522262852313,0.25372612593174726,0.4371957905253603,-0.00911609052030519,0.07555480609681905,0.5168686906165035,1.3059589727047605,-0.19992265353990119,-0.15453000474004602,0.2950414069743866,-0.33046163631945347,0.5334213107757685,2.043589204138933,3.0447043613721614,2.9979862191442477,2.3115309805314666
2.967637446034766,4.440895650798163,3.8474788496450847,5.941726303303088,6.7731231840120385,3.68142798671233,5.350668637629656,0.9705518948556806,1.053890453389957,0.9193567837361475,1.1168810169711323,1.623106991989213,-1.6996863584823307,-1.0113464923333053,-0.08015501376278748,0.4875128328698564,1.3949746657555038,2.4735779302480414,1.7269980285467772,0.8968032273587342,0.9156434315464322,2.7636165305549754,0.4849761648572607,0.6276139248117804,0.15363526663480648,1.0390826893161633,-0.25940061903964035,0.39773964805450435,-0.2500887409404043,1.8155625621709746,3.9374318324727047,4.189647519206722,3.44764845608833,3.4222955513644657
3.3246045280824217,3.8358520559313494,5.244195303598454,6.60411766282937,3.9116751277086723,-0.8982805114128406,0.7547047663777537,-0.6469206155506294,1.360690728604284,2.260722494098016,1.962429960256523,-0.21611173977977877,1.9588436683536161,0.47379301208982044,-0.4098717242758461,1.1809695847872963,0.8716932797325365,1.4932903634200698,1.9056916972638722,1.154313739663592,1.3633628578084016,1.8056034875975124,0.7654711588810347,0.4010824837894727,0.863597129081194,-0.08643211710533827,-0.39899925032612116,-0.047233256210586695,0.9584103429469605,2.1867552955514626,3.7961636898907667,3.442311234160336,3.56654074989108,3.1292815049048937
4.138045218026643,4.89952604269553,6.231433809858429,6.26339291896967,4.5970950759582125,1.7639784044527054,1.859174138532919,-0.4355922448054027,-0.340851435974455,0.6237709766267272,0.9035652329253017,1.047245594019246,-0.3131667944469551,2.3609477835357056,-0.758947907124092,2.053380619432551,1.336856986522563,1.578727868247853,1.6475189160304626,0.9754079359703832,3.274533869921719,1.0043266790015957,-0.16482247283300752,0.31218460443804086,0.0891320305313239,0.36713331613411726,0.6260680465296768,0.1269345063505065,1.0078109629137983,3.979484597552399,4.701363829501674,5.183498489419191,4.565202814873504,4.127292538383579
5.264145279789227,5.511597471093248,5.931934950938428,5.970229980690677,5.117723109117872,2.8830799203562907,2.6011345699540858,5.389333459241891,2.141309927702906,3.5559830813796784,-0.7955991852581903,-0.41848698315596394,-0.05302229711181386,-0.2793233792603387,-0.25137578156689616,-0.5570940697617165,0.8195218739810316,2.8430021425741216,1.7067501148254451,1.4542791810990299,1.1320642354020742,0.035325064600874395,0.025197236605194292,-1.0822315143906163,-0.4255319557216948,-0.029778239675674195,1.3819787909457057,1.2966845922467674,1.5616259598541344,4.283699612216322,4.912402503582116,5.764120986193486,5.115114254317849,3.7728831088454653
5.584009618791109,5.0901759534311015,4.688208877040097,5.225458036531179,3.3819830366669152,1.8812590259934772,2.8060883880706293,2.298380773880664,6.137849516189987,4.221170060539798,-0.7847983621080301,-0.5059066893742169,1.1069944343524405,1.2674967175208698,0.2998318014060803,1.3973357078937714,2.0785673009610286,2.476569097500739,2.0536651385626494,1.3223058608677662,0.9441657402702858,0.07438542210118246,-0.03176062420827582,-0.6616966048355013,-0.586195467621244,0.8261354829634574,1.2461766371182228,1.6149819893379633,2.0355097871059495,4.33771016414349,5.538870033454802,5.6176393255006065,4.379396998611872,3.849942099045417
4.019088439660223,5.0338347572293625,5.751556735395586,5.545199968737732,5.54579628484744,2.132022307019654,4.616440933281454,2.4780693908117644,-1.446937362497901,3.5395233319108774,1.3886194034849384,0.2703524844288399,-0.9081291248697886,-0.7644972782736261,-0.6359108946908069,2.866300307848667,1.1099416675177778,1.973383940806409,3.674466005726227,1.0339342658011337,0.6080736139168228,0.7327245353908097,-0.00970863561682224,-0.056157201836585374,2.3679148478051766,1.948071885571721,2.3839313091353342,3.197837817127636,2.2723492361209687,2.6730472640292984,2.953789677643999,4.87430934939632,4.119091158630989,3.66342973741446
4.455312318188722,5.583908327143611,6.222898546140456,7.2222574928178505,4.090467203936854,1.8167596723639252,3.808153854932015,4.479402697820134,2.992586523925877,1.7622030378404228,0.9895433988182267,-0.9399742661991001,-2.5213931453810923,-5.7610945667911535,0.13684678963064822,2.762423712742498,2.800065318128135,1.869265426862581,1.2576980187423914,1.6299969041560882,1.5076236558863463,0.894940974664662,1.3940445958655716,1.84432159550717,2.231278032014836,2.716164097350613,2.901701601520272,2.303258569677838,2.646593344921389,1.9748450383118707,1.7841288400796818,1.62139932572109,3.8597440079639664,1.5759406862036298
6.621470442039527,6.72874063110429,6.51764272710561,6.065755322387752,5.99140915746725,1.8617714498228901,3.6268479565283167,0.7195109329510061,4.854565603787827,2.3478909026733996,-0.07233505521936823,-2.6723838900990695,1.3637173870566401,2.6739297685119863,2.4657745000655438,1.9609084300512691,2.6094500528587834,2.8368824016274723,1.9174828660937417,1.7958080263658802,1.3765363390877952,1.9196359665610205,1.4715177147333758,2.342338745963846,3.1901112989755847,2.4163364595408043,2.502186198965425,2.4121214507635362,1.899014678255539,2.2820067905027877,1.891474501565773,1.171962886513522,2.4824355802598825,1.7058325986080947
6.19797672372813,6.268073283336629,6.116089599387211,6.60491056277151,5.781711956482491,3.7681247957957584,0.8620894393727374,-0.0374898369288013,0.6922430062158158,-0.09478735932332091,-3.6775092878800417,-3.6562139569250967,2.4106548681614135,3.356352479251465,-1.8525139549557692,3.976735633736849,2.3912858172204796,3.4725855198299067,2.5940480758672253,1.582325828818699,1.8635028017702198,2.0763289948847143,2.517442341516948,2.6219043606595505,2.702755963344704,1.9704735417712362,1.989846841783565,2.2465371148805304,2.6071831863428705,2.280127309305445,1.1553161359696857,1.0425687941489392,-0.16857702528314686,-0.46608236767665406
6.589445648043038,6.111529100282938,5.75304146435807,5.474082965710408,4.0316507996621285,0.7035071848915656,-1.0581033619346605,1.5522720159128196,-1.3026695840056641,-6.330169925092913,-2.4919400028151193,-1.6299026708300266,2.290884451272371,3.222225262193673,-0.14197409525015092,4.908958265421594,2.434796467709075,2.9152397156217784,2.522457696666788,2.7749686417444295,1.681608356324285,2.576874987428795,2.426295611197987,2.5854106041395535,2.3548584495305627,2.9932684881683604,3.040161446871639,2.604081040966239,1.5116874367211373,0.8449203213796199,0.7199074467597903,0.09709818152947274,-0.39123247481514156,0.6047593757222937
6.9926316684027405,5.9908390145519785,4.841767574884874,3.496564988917909,2.457090412347808,0.09117727109983043,-0.46154460869509994,-2.845109133054751,-6.844646594524351,-4.099945147627917,1.1473000763562597,1.6168236891331238,3.6149197009054985,0.32769871879071644,2.00573001483865,6.870870982594193,4.398204884213896,2.501325742379512,2.0951936452811597,1.8064257149345828,2.5233386024682583,3.9465867093461977,5.863849843876899,2.089094788434294,2.88885146183899,2.5842852193138204,2.6530069087883694,1.6194376372808115,0.9352864258110813,1.1186362211709224,0.9988852237162208,0.034795662913449384,2.29294205232679,3.6445558773378712
4.781991591917338,4.206699573301565,4.163006815878414,3.20705843479295,1.6123087987537208,0.5108989867734546,-1.6168180600130164,-5.125033794691512,-8.594632760146824,-2.757811027134153,0.0980893329337087,0.7298922923847663,2.394322908308333,2.807767194634459,3.9768847264318645,9.78440271075163,8.103939698051073,2.3133395314914726,2.0217575736490865,1.7593635820336897,5.748786817899459,7.274198270462054,4.017987403276538,1.875587442021202,1.946272467086765,1.821197472706923,1.7236535771644772,0.4980701590239117,0.38323053353833547,0.33738424566896846,0.38846328692507714,1.9672972228484833,4.419964976956063,4.363556490526973
