script/wind150m.json
{"header": {"parameterCategory": 2, "parameterNumber": 2, "lo1": 6.000198445256149, "la1": 58.999992894266676, "dx": 0.5, "dy": 0.25, "nx": 22, "ny": 24, "refTime": "2024-03-16T07:00:00.000Z"}, "data":
[rows 0 to 23 of 24, columns 0 to 21 of 22]
9.687940424642145,21.398739918409934,7.142019832223269,10.581485417492734,7.377128783726795,12.532259863034664,11.349840887170293,13.734223145071553,10.98092891540041,14.880183500810451,3.9967864616240103,14.971709675488063,21.828568922913544,3.326703628296955,3.8903373860974715,7.6674501170587686,2.2711162688523823,9.240703399736788,2.2040900564660966,5.466957011733383,14.096869719989927,12.199306770278831
5.4734628290964915,9.406686923290794,18.37886010632075,9.87977321907461,8.300563468813507,9.6393304360833,10.814497548588562,13.196816285452714,5.398491970435907,7.714188422217911,13.216405685692475,8.47473649850808,9.241428877285104,7.456235361675314,12.336263541832624,7.16570930029176,12.106751720757796,0.9372572600574077,6.500072589035358,16.862186324064698,6.470928773879235,6.051636813798868
5.795439866626975,14.796816454752568,6.4988262184121925,6.879850379132136,12.08140063818495,6.099314825251478,2.747575173365884,5.615164444517138,13.178440211250088,11.720880739371735,14.952252013799628,8.201241138215535,7.5789191475860616,18.823107788280257,7.53818278587037,4.881656768164944,12.323016987696493,15.636300475610499,8.767015131800951,13.541533681516096,12.53803370890747,8.303615162218637
7.715141937861618,12.171721256167533,11.279499517927832,2.609589263833108,12.128592913795382,10.120811575229808,10.281848139995693,9.387891120846637,6.621451137062299,7.2639953787889615,5.768157758597151,6.46021471063273,5.507384110902793,11.056134696860678,12.904268832237932,13.614708635090533,6.189047895874049,12.009043195789848,10.998226897721969,17.296958063843185,12.10483883299052,14.29164185711364
8.21363462573645,7.566284522294829,3.1552067565413586,8.241261434922519,6.236797166847848,11.439750477513307,12.021406806319227,8.452886815566602,12.605711666828281,15.785075188627204,14.497918613088249,7.190276548261392,9.017925186895697,5.481478942150199,2.0619680807498586,6.2996604104845675,11.12301675806178,8.80574640717679,15.389404065428318,4.0610592935857195,6.9267127791009955,13.435355823788832
9.74154120728033,13.570592065779339,5.3081992627567445,5.947634810585503,8.284889139852192,9.150500695495666,14.956044690625168,10.569606083517732,7.575349099720643,11.056429376853226,10.763409464676853,14.474720571690098,11.3425711875229,13.513683189500622,5.797558294440238,12.017828714556211,14.902290428013156,22.20462986755626,6.348233763848541,6.9029673001515945,6.603355807520792,13.756619835042763
13.190780981177088,11.83262200090567,12.139714344321128,6.26843322534959,10.91011400453189,9.514248351263257,8.623903544439994,7.9492096492545645,11.047607689967483,11.33478204859806,6.053726884312751,10.835000972439108,18.6290582355487,7.683523367875137,13.47856599336951,10.066616704906474,8.803152128731352,8.174787096373112,6.658087462178403,18.526011190335698,6.995732088538332,12.531618980940666
14.266928308321663,8.665431125240795,11.360651223152916,9.786721462509453,7.35130841933417,13.112600286580294,5.218171523655743,12.891722200360185,12.390240818032145,8.450810514229035,12.325560988523213,10.68996344795313,5.599627922771924,6.539629833436549,20.097451681700647,13.614945265317527,12.468074335344243,12.597956211392301,5.749661110013251,9.597189363147095,7.717676387431583,9.743441902913183
9.285001250957043,6.689170872656961,3.559893158704176,7.664497812972164,14.927759087771026,8.203004189302282,21.08519502317913,5.182060004738111,8.939912723196777,7.1239784225629235,6.949171813863831,12.859342875247426,6.539415747940792,11.906308010639904,5.491340590460935,21.125193870935245,11.846129348781636,12.028062488553445,18.211483682969693,11.681354821487668,9.870216230161638,10.443456520073582
2.6408961876232993,5.798190555914189,5.866814266718329,15.100192870149076,9.489259506083515,2.072602163435479,13.910047441757467,10.515069098963773,10.99879811589011,9.41275689191982,14.257089682168388,10.153727867431117,4.93886774177348,11.710983512671312,7.999327503356886,6.622951496185521,12.370949863355516,17.310375635366196,14.885597775221513,3.458022623028376,8.129366684678283,7.507359829163269
4.921626724780658,14.532513962351306,11.991422337091006,18.880454452403708,3.8093780545815688,14.54565747322461,5.910187827425068,14.50762324128654,7.490370302214105,8.52918758298966,18.879036423406482,20.68423901553213,13.640204335348837,6.652933961531482,19.724858922585636,12.660380841314655,10.833303430370067,14.03228469696803,11.349430209431082,7.952098359444844,13.092700753234004,15.557762528826828
9.933221152614944,12.97589994943237,11.759997606219486,5.736985707636017,5.959694368839153,11.917524144342368,9.921349822869182,13.595000816887044,11.089477906214801,7.5293153463740525,10.758719176975864,3.8547131277213627,8.021541215892563,10.981621728293133,11.345614888100267,3.641407081017092,14.51827956520904,11.37507523961261,7.6866736497680535,12.957463710018077,7.578874850923206,8.222886458986311
13.95997305974412,6.182560864087364,6.556374512854439,14.416714242908315,10.809872788415953,1.7397935620123328,9.826035944231341,15.112771154204962,5.830199345927573,22.185800714209176,13.176945657901133,13.010099286739562,9.777725092147437,10.307775003012281,13.577568269260436,9.073145637898596,12.724824608206397,20.41784189058348,12.766910227248173,14.801110523361764,5.920153904778441,8.255526600249336
11.971435847677524,-3.1887687069280526,21.015672208944444,11.778366984702021,4.556238054270371,8.569338208365574,7.434739431471367,11.648260411567955,10.663117201695185,17.56191493195212,3.827965836702735,10.25125978890778,8.834238414007718,14.280821575229796,13.573220345383763,5.1514980559500865,11.079151493260198,3.3001221133133316,8.673867101462907,12.025858648381165,7.029069084018369,12.356938338382198
10.984344731449788,3.177613171505706,7.080942130795512,12.364280756842009,3.2179876989310796,7.586307305615567,14.50084522723746,11.87127179346768,7.039870911053117,12.57207678582523,-4.9105985578690206,18.524984492522062,10.284919166570672,12.308787441582979,6.115032325068178,8.158951410959165,7.302284700086746,5.304739038150802,4.024916610937843,10.954499337422568,16.498297630170093,6.917627898681029
18.046114550900892,7.028707364915224,10.133485824813445,13.442167261377895,11.315582856218585,9.45433615329987,4.327877804909563,20.450436207102612,9.432212625994564,9.369785197605673,8.118375860595192,13.30551183734378,11.512958486872456,10.320858251636688,11.514778054682045,5.04630475175867,7.058891434356277,12.731213024606651,8.961479230064898,3.3884004929238527,11.332542389750921,6.993768232247654
7.20602453019142,7.677361775118841,10.032582426384046,12.433756681491827,6.599329025399318,10.108444969838729,10.644727277525027,10.04231896695423,11.512519957834439,13.333299647409449,4.336728912148691,8.955545197496496,5.122208213306165,5.23578154593552,5.921105234388713,2.4679590894164503,5.452046477440626,15.190466337490788,8.757334646752117,17.920014306550435,2.937230439432178,9.081795748101104
7.352206975922287,14.49986044465151,11.176597868412113,6.239402615433889,11.780300903745726,13.654564890634846,11.562317091534705,13.068482030594518,13.251979568316777,17.272444658324194,11.056839138402369,7.036524561549232,13.52355866696263,4.3126960980212266,5.379023281794376,5.816782964473163,17.639300877007923,13.449161830850297,13.406110405302917,8.292343633566263,6.4821224734362675,16.074204497759307
6.630099465411878,9.248134601342892,5.731711139024252,15.573475992746264,9.78553001783576,9.562330361023742,10.820560489239647,8.79281041389483,-5.126850176891209,15.518587762160504,13.909326396479806,11.149087950959068,3.7328156943186745,18.923507503282984,11.045417522607895,2.0818289039822506,16.470449112523788,12.736439137214491,11.884551015763035,7.757810295540463,8.276300179665213,9.612018438393049
8.45762088597004,11.44095039003594,14.327094667170842,8.778435192076111,11.924810643557352,14.661967064167083,10.721994431935249,6.7125901418427,14.177836101722795,8.502049864877838,8.847113837449024,11.341708063010799,2.8737024187026945,9.905848550966471,6.666937310038098,7.854493307620187,16.432421907119725,16.37779862354149,5.820521376984427,9.92111985724911,11.426265679629042,16.578807063461355
11.050836168060572,9.24439917946985,6.644919014608934,5.9944626095748035,2.9579520778005404,13.281623889541468,9.1686687911112,13.853494931555991,6.657658780185726,21.936972558757446,5.363043218111025,2.869235424471123,12.027923646167679,14.095735416493682,8.817990432136508,18.66525889382351,11.293884124337607,14.098870900428702,9.784884938050338,4.456764433053117,4.508150878392501,9.833312772776642
8.396518141597376,11.875315865428217,12.70399806750201,5.311159036066433,12.889203244060058,7.720059175439908,11.191965285479794,10.836169674653744,13.97536575635891,13.537103715797956,10.68136282294994,16.742799408016918,2.4234933928989224,11.167193761530907,12.908033814689883,8.810491305270574,10.941460302351969,12.986479228499578,7.813349979388225,17.31808780783188,14.815033900679436,5.823640885916933
11.706050741357481,2.4311777956985203,8.259353127298947,11.777594188171122,12.438688266838074,15.996386255990227,4.666621393541994,5.948025641507578,13.234920956028127,14.589177158532667,5.699928271578232,12.855127506608039,21.250197038662467,1.8262966129952172,16.609828333347,6.4567382881323825,7.194553418693934,10.844411798135287,22.05422765775651,15.769724027110282,1.5440076782813419,21.692733564853174
10.53445855405208,12.730275266618312,6.8458306931878905,11.360297436260602,9.410795825459642,12.714329674237668,10.841464782443781,21.255879834029393,6.91783405601525,11.245884119969038,9.634959114232174,3.5169406784490356,15.14938622404053,9.603401931187612,14.299107341925257,14.118165685791043,11.013409947418499,13.233379461275577,7.966268585696944,5.838292551746852,9.045607840859132,8.497676047464033
