script/wind10m.json
{"header": {"parameterCategory": 2, "parameterNumber": 2, "lo1": 3.000054539987559, "la1": 64.9999836372058, "dx": 0.5, "dy": 0.25, "nx": 34, "ny": 52, "refTime": "2025-09-07T01:00:00.000Z"}, "data":
[rows 0 to 23 of 52, columns 0 to 33 of 34]
-5.297035083284173,-5.441623580755833,-5.201374496996571,-5.822140127227471,-5.882289072100405,-5.247488485212902,-4.947216477381176,-3.373134298695177,-4.1608771594444995,-3.4870768205764753,-3.0195647563372514,-2.5920859950182975,-0.3875054338251022,-1.2147259296151445,-1.0389672367556502,-1.1020066039108396,-1.722900238524006,-0.6428978978749248,-0.41864210103818633,-1.0347456508171728,-2.3029638985329064,1.2600218436156159,-3.1864194426323906,-3.879127065221569,-2.5573530434746727,-1.9084520167873853,-0.6815345142828453,-2.1952605548935136,-1.7324264266399405,-1.8856961041998737,-2.4938489615363992,-2.5119404063623723,-3.072983698704623,-1.7888792403238876
-5.096135734002069,-5.582294249007614,-6.0503479486297715,-6.391313865115177,-6.186804388525335,-5.970252371115683,-5.262803068804677,-4.772240108758699,-4.526434312861624,-4.0096832797966835,-3.405160069785624,-3.3599356984360975,-1.1710948476960512,-1.0296352907278523,-1.640101004397312,-2.0426044238835006,-0.9385916758318175,0.5166378264748567,-0.4401532948729703,-4.063528752028121,-0.8543684745852704,-0.772136497164313,-0.2364622962086935,-4.248365487344926,-1.0052740375547071,-2.0881201185408185,0.9359399785816543,-2.8640482247073953,-2.1620985354096036,-2.557740451658555,-2.2261951953856722,-2.2479832470033347,-2.1244555089517663,-2.2346080520472955
-5.466679250961761,-5.7608903959732185,-6.333695845318543,-6.849830380090434,-6.767255990911803,-5.952380402669357,-5.855788366860167,-5.475144841257816,-5.275721501284243,-4.357434956309885,-3.9854365302005594,-3.3511634305879245,-2.1634552007040804,-1.1949194238587535,-1.2475951859772099,-1.80955609151542,-0.021020792480341163,0.6711340014204513,0.47499874236978096,0.9179752861789711,-3.2470518135929236,-0.39484870586085774,0.4312131762357466,-2.319353020385101,-2.250926560876175,-0.2498175099912927,-3.1994730270354883,-1.6432797342675562,-2.0100015448811113,-2.814098013933936,-2.4372307728492224,-2.089738354037465,-1.9080405205492037,-2.7300269745612997
-6.549558897249353,-6.911904171658642,-6.696678247674064,-6.958982738763147,-6.603442594922616,-6.693233114723346,-6.184603068125867,-5.861529157407246,-6.1574218556961355,-4.976779537750392,-4.73180432714062,-3.832367449926468,-2.943777375249324,-2.3901178938852325,-1.9871440354175238,0.07276446105386906,1.1075202449717525,0.4500455384687568,0.9656533837716024,0.38225170666196107,-0.3016025502463231,-0.07258553219203055,-3.8471120012902635,0.1797170991207045,-0.5871297311211963,-2.19921918548999,-1.9636709214258863,-2.14354499484618,-3.018665862325449,-2.724698884668356,-1.8317398168185464,-1.4828937903402541,-1.709018787421266,-2.071962766832113
-6.666775908299285,-6.8612866416247495,-6.906819219780828,-6.516103045906162,-6.806706106291609,-7.259781906217124,-7.06414336850363,-6.752961119904424,-6.869840626682547,-5.858250745775804,-5.484216992943523,-4.508250336914048,-3.612765458120964,-3.0215880932909367,-0.5521565679903485,0.12486014896935123,1.2828569714128497,0.8853033429247885,1.1318506299228637,0.4496099430267885,-2.983964261432258,-1.706853617990955,-0.013713661351897872,-2.330417086930604,0.18730460682211775,-1.5117908433590994,-2.2543994516977075,-2.028943709451396,-2.1836283444007805,-1.7784649047871175,-2.976845664730928,-2.6779634387738462,-0.4755511644207096,-1.4991017108840674
-6.516421533515421,-6.875116039580637,-6.9528243336026065,-6.704720026733364,-6.846049776074539,-7.6313502262443444,-7.870400344404618,-7.440173070430334,-7.752512712402975,-6.5507520203457394,-5.542248305853703,-4.513355113970754,-4.274158440766301,-2.1181604173767647,0.4255441036858311,0.3150292661707499,0.5092209580591363,1.1903549186883162,2.0892545216297744,1.0925977991502178,0.2304725392257442,-0.7375790696653819,0.24791246279869505,0.08392321952051936,-1.1705753694233159,-1.150434502314463,-1.5126841690448478,-1.890483137342699,-1.2531704793567113,-1.9617174753764515,-2.0029690248696457,-0.41781247294166546,-0.7154581880948668,-1.3961133622005244
-6.155259398261868,-6.756616542506785,-7.094045115712998,-6.951938410614742,-6.763507163219478,-6.972672468738663,-7.953281784696202,-7.620427892906149,-7.715560018259155,-6.908933402257407,-5.514279397534057,-1.699181979091609,-1.7976668332823618,-1.1710627339079853,-0.2298504840612561,2.880054806400975,0.9210054187350427,0.5319747872891563,1.399839035176556,1.641093092467588,1.205612077912098,1.5776038429170363,0.5240521972190257,-0.7653058755686959,-0.978276727752861,-0.6250971907899542,-1.144891706532041,-1.7082830479873585,-1.441483500146069,-1.8619691070204345,-1.7922551708323071,-1.292344055673838,-0.927480203875397,-2.686670385937627
-5.44883128939897,-5.590329280715493,-6.053633060214472,-6.062382203568766,-6.134966743326096,-6.173051706565008,-6.557696434681537,-6.777787144880331,-6.582387291123295,-5.815406791823878,-4.217186477820144,0.24637213485177342,1.373010216998582,-0.1250940506648988,-0.24696804125650548,0.681924455552344,0.7969622913361173,0.087241487587585,2.441729448720731,2.516988102791263,2.05053956997692,1.5764393083213972,1.5973564792469939,-0.06337704663938731,-0.17648238052601836,-1.1844608269184802,-0.9015139999376479,-1.652037963467968,-1.3187351892034285,-0.6896306778716803,-1.717248072552646,-1.6066981351307594,-1.4184982709407274,-3.1482905758418482
-4.688377898192699,-4.060176051132172,-3.5631129491805194,-4.2143241015086375,-4.599150782234314,-4.60832235448443,-4.308416937311816,-4.515730677024937,-3.6334901899589513,0.39958444249304914,-0.880416632094153,-1.887694541943979,-2.3357113148461517,-3.392571223608274,-0.4049458053735659,-0.35207854373234143,1.7274737067745982,2.026546830433566,0.14407896309698162,1.3253235441470694,1.7123374079608993,0.7969416851613975,-0.4633478020900144,0.6085796640984609,0.1246486197445702,-0.8387315577367825,-0.02779540765521149,-0.9163207268958647,-1.1799058978224182,-0.4251387015866727,-2.7527873367983253,-1.8713571120062298,-4.616479231745948,-4.130257089443347
-2.2765582679150445,-2.937151180879027,-2.3454374163739145,-1.2910278991285997,-0.29783157643250996,0.04649988870047157,0.2646861304637937,1.4651173067214402,-2.0777795928194096,-0.5145234236169366,-0.37546289419791135,0.08459035809187004,-1.8075590347980302,3.0121614289572074,-0.8421121472883094,1.1271647865327725,1.3949167752211156,1.412363075141117,1.5412447296263916,0.9394909869398812,2.1948993637709515,1.3435052701555124,0.6639912117130391,0.6734463971493625,0.5053825908041985,-0.4664340230130509,0.1424314254165607,-1.0456850320988005,-1.0748282011006096,-1.2226725370932927,-0.5745719832304547,-1.8692602204609268,-5.639627268551176,-3.615557318783901
-1.4906176507471696,-0.7526078012861391,0.20540658910971626,1.424480049767398,2.404717269052847,1.7259350051918922,-1.0081206923159216,-0.664038636970114,2.4974540324981387,0.9236428808511841,0.8511177262082583,-1.6101584475854114,0.6107908227248806,3.585893924458673,2.1073029413233844,1.288742325119619,1.2661535031415863,1.4759779077511401,-0.046961826100622994,1.2134587211574568,0.0911252423132867,0.9519727636953975,-0.7634882923948928,0.7049264757581918,-0.020319313963283483,-0.6159134196546354,-0.8129321338158644,-0.821563118742046,-0.24480310928964155,-1.3589419761761978,-1.3099103332918889,-2.071236730200985,-4.0762168855035315,-3.4528436487119634
-2.093134960420913,-0.6534206487765897,0.5590843015770341,1.7853549862452907,1.339666959512838,-0.9623117283990762,-1.3199196246637201,-2.4254588887135484,-0.7349891708723109,-1.718797939438012,0.09865954287931904,-0.6175531094125305,-1.9376734473856962,0.9470191146075949,1.8299525323110035,1.0633414401135057,1.0307309071360922,1.5298187702191621,0.31479405368404884,2.4433154681353697,1.2186337775433302,-0.39785149306806766,-0.17632669403787865,-0.011279139072667616,0.12366252855945599,-0.5172665244294478,-0.48906596465347957,0.11586199796211434,0.023152357760058154,0.38593422578753245,-0.4103030175257718,-0.3453611972839157,-2.0043701267662506,-2.90411824523277
-2.9588019457484838,-1.9416865809333177,-0.6861241376605202,0.2534869366802364,-0.031029400305547863,-0.3518466410852935,1.8414631689320118,0.5028391646038639,-1.3548657230961132,-0.6299760001213969,-1.0053390066127377,-1.1491444651377807,0.9947587870916427,-0.05929432656175987,-1.3360373104380519,2.5623045835211604,2.2598695021345754,1.6414448491179467,1.6739133145586296,0.07988615245421785,0.7157682801531328,0.8647316754991429,0.4510823580254425,0.883336916037533,0.4440229663738704,-0.38220241977654346,-0.7460065478229472,-0.35566833427190025,-0.23000374908598561,-0.0618088293067911,-0.15050029337505005,-0.43128291123512563,-0.9068737220325807,-4.102328612152008
-2.9889845377888586,-3.0358152256919717,-1.8841433742547404,-1.2239845765765098,-0.31984663210117303,-1.6120137338615195,0.6944369212058256,-0.47239946999057336,-1.6468254977243848,-0.19502597809847677,-0.648136755954267,3.327072480188855,1.3336648259826778,0.3025201272783667,-1.1383712774486865,1.461429375892425,1.7275780981357145,1.407334002245103,1.3310533107486966,1.6566924411054929,1.4651710120835184,1.3592458548567452,0.9528006423392741,0.8010451774983857,0.6123687723756139,-0.2479732285001227,-0.49407424914273984,-0.1229940637155126,0.21504907847759083,1.1562356854149425,0.2940071660053248,0.22343650336871068,2.2987090135474526,-3.208286397539467
-2.888010899528449,-2.414493599930884,-2.458592625632049,-1.4874741975984729,-2.3082119449515552,-1.1578171541629272,-1.4351612968370684,-0.8268529517930767,-1.7223492652003083,-1.0028702097771582,-0.5994760501400623,0.802359163185646,2.1689823197631104,0.979816282551579,1.0665947538610923,0.2615493885907889,1.5831273513388195,1.9549537159549013,0.3471713289545735,0.6735731062430156,1.4268619415472121,0.5235530366078597,0.8218271957886579,0.996626974187138,0.525469652885104,0.9925131545826217,0.07330768951202446,0.1171902126900214,0.3256048013585561,-1.0734126546088836,0.8825767788846929,1.7503817613696149,-1.2502779361936271,-3.5391419366326713
-3.0521738090762938,-2.232636288029642,-2.0733083450500636,-2.1606576678692155,-1.8441784947128215,-1.4516692228793389,-1.85279619022673,1.6173125816700025,-0.30103535107345963,-0.35900975630484233,-0.9178947324338804,-0.23128241007035194,-0.33868966534769557,0.8445116557439,1.6173617963397542,-1.2440830077413878,1.6401090966634033,-0.7089653487857991,1.3188799694332543,1.1502323936727572,0.6201379786425839,1.3455062949305154,0.21843848518837547,0.690198913913315,-0.019414299808361048,0.7398974409279976,1.4212868955666216,-0.10919300812684407,0.38406529890919516,0.2696504519232629,-1.136580765060027,0.9355432772538529,-0.041350812260981216,-2.628305498387797
-3.947583845497099,-2.51280599942704,-2.300136080974223,-3.240835665344377,-1.7512998340667174,-1.9446392838145785,-2.595031870709949,0.10235141550771903,1.6095644328095962,-1.8597733884818193,-0.3123806811638917,1.0653972427968232,0.7598623202899061,1.1917997370594233,1.0088651171264071,1.030989862760581,-1.1717883310620691,-0.5972591263219187,1.1908111986812988,0.5687950000417192,1.1659196464933352,1.5123953601666795,0.7852542550611316,0.773264867382121,0.47663751104472724,0.2574473155929547,1.3441767548968824,1.2097127609078349,-0.21027695627934564,1.5338867297000665,-1.3236860883133914,-1.8462096108841022,-1.3723941359396001,-0.8541559711767858
-4.515802943908588,-2.9676553302564974,-2.4156107965142577,-2.117739075224893,-1.5474874119555193,0.4252731911036669,-0.45660826024732815,-0.6068700873120504,-2.813626316899001,-0.6360698906059123,-0.41129343394843954,0.20609839434952154,-0.6278128847659096,1.4079259046876942,0.9316876704815618,0.9348570371706247,-0.6703359337700878,0.0889528692900382,1.008758554478292,0.5703545613688714,0.6239374525616113,0.6526928147156852,1.1020089087836245,1.1875156587151867,-0.42960914134917966,-0.23050758026632864,0.9353668887956973,1.2131737303298458,0.0505896108383051,1.3410025729676014,-1.020302153743728,-1.3722613595756852,-2.011855998097794,-2.014459508771853
-3.978952393182441,-3.6765546484514595,-2.6376317963600817,-2.4061193695063947,-1.5538649803849562,-1.029490846142515,1.2338036371178327,-0.4891224815494828,-1.6671763376339017,-0.6135935070255806,-0.7683611310921914,-0.3038688265843591,1.0980119912752977,-0.6133580953778734,1.4631743325375295,-0.6452499672608664,0.7663231632812987,0.37954559039091357,-0.21074396699109768,0.8335640803083055,1.2131657220876102,-0.07092375167411362,0.8222097444231709,0.48111120480928743,-0.6924599600827139,0.04329873136892258,0.928520862294495,0.962941232407047,0.23955580091263937,0.3306983452518223,0.8914254390852299,1.471637410819019,-0.742608264072857,-0.5732012250010077
-3.458359863443922,-3.865096573099683,-3.1723083259552065,-2.560152185355766,-1.0421246556385526,-1.7523683343501013,1.139999562380884,0.9741743315595113,-0.3252296529717067,0.5999029547659162,0.1201243655993516,1.1182096776923662,-1.0553468547504778,0.3885887148270242,0.7223620713909997,0.03407856250115625,1.4020718571141422,-0.21187046296184456,0.3168302065266342,-0.023653484798472856,1.1668675528763104,-0.445529424130746,1.0556363729902942,0.7408092422668332,-0.5921130609730888,-0.06795930525751552,1.0035748896785741,0.8276036946447107,0.4327607472667599,0.008985859252409642,0.7136065594317683,0.8225248876424992,-0.9862796120794795,0.09145209624102144
-3.8556522669567324,-3.8224694848262875,-3.5088615285307094,-2.5626932970334737,-1.5797058001714077,-2.2151668623939047,-1.0374001230174805,2.010866121289637,-1.9259562051957917,0.4495630800889397,-1.4615454734197935,1.1606574110660013,0.8405997821986188,0.2729470496307691,0.4798162837423341,0.6028693181714996,0.5222679877722373,0.7421950525614305,1.2462037003041069,1.089459383392209,1.693208748922021,0.37369879176317733,1.4216835016876226,1.3117791386316768,0.1286663286100704,0.9784465258183355,0.541858924320169,1.0483851109724749,0.628940748213736,1.0801789870299647,0.6846617474644777,0.8932976217972405,0.3775828051539684,0.5534434129784693
-3.7755468511963075,-3.88159356239593,-4.049866996683502,-3.157801358002388,-2.5542094444071806,-0.9472662180251947,-0.8819030106913405,-0.5125216020368649,-1.46562384905914,0.6739876630276849,0.7466815329539197,0.8214624504565514,0.7011950608226696,1.4309584165152496,0.34366109784771626,0.04619622829285358,-0.20538198764163298,-0.7593105061650215,1.4025431735429787,-0.2017424308879653,1.5920161964757675,-0.43065342325649064,2.0727170200440974,0.4141954221117883,1.3558195762787115,0.8933864457326189,1.1008693293915681,1.1158998034070764,1.6013676481355297,2.0030483177494802,0.5842368652341219,1.2571180019822765,1.5058400230649271,0.5637305495420628
-4.3754935559768215,-4.162513613409297,-4.536287476349095,-3.926574918110631,-2.9420083268227524,-1.2673489234192308,-2.073752645030643,-0.026803630907219492,-1.6806382784703517,-3.6445703206294717,-1.1253060819816378,-1.1368627945197705,1.6680496694999283,0.04590760062247239,1.3132815771456974,0.3943300679459277,-1.0462940007816317,1.0641908469012284,0.4481731696429919,2.0864790364533223,1.3220811977988032,1.3971873015317298,1.2910999964310588,-0.1916040549334682,2.0613840900367526,0.9650180119877567,1.919354874734138,3.122327961514992,1.5632980086780615,1.6759634267089247,-0.005290782275147157,1.2563287892548813,3.114651762829686,0.8439749508835049
-5.203129145511675,-4.580692005635471,-4.264634019681961,-4.058189315465492,-4.0380073237098095,-2.7662625846206077,-0.17397321457787215,-2.979523483695902,-2.3413959607349746,-0.9590587796062793,1.336390442194543,-0.8687128388286327,0.3899410259077482,1.03058395055667,0.6522663867690576,1.2240662871768584,-0.31804276987328917,-0.40462782633223565,-0.229192073804365,1.9352846851693306,1.2560765921159993,2.617705173801821,3.585331773773854,0.3198864991122439,1.0566977112795846,1.5694634009666166,4.264965208466473,1.0497059695834452,1.786642143204764,1.1370660080006703,1.8180792696938468,1.4535710810315043,2.696414049560605,2.267007857385507
