script/wind350m.json
{"header": {"parameterCategory": 2, "parameterNumber": 2, "lo1": 3.000054539987559, "la1": 64.9999836372058, "dx": 0.5, "dy": 0.25, "nx": 34, "ny": 52, "refTime": "2026-01-25T06:00:00.000Z"}, "data":
[rows 0 to 23 of 52, columns 0 to 33 of 34]
-7.085298966992392,-6.88620176791353,-6.679484600053908,-6.398010973752325,-6.149618777360727,-5.944523068626593,-5.907494404320903,-5.734721946748043,-5.675501634627818,-5.44039866820158,-5.004043931889155,-4.655078543881875,-4.327491108184968,-4.214342563537072,-3.7378067716758725,-2.736914418815241,-1.7536685339993545,-1.1004329217433357,-0.8957440840896214,-0.6172235474112138,-0.8820373543562815,0.018858817386842978,1.0801992353277305,0.17271200366627354,1.6261624549763791,6.240652772241773,4.403765291360505,6.275457827072142,8.737028629751572,10.743142866285844,11.14331157727315,10.051637500231745,11.98313651618981,13.55026397190355
-6.9475592012124965,-6.7659923742964025,-6.505357851410321,-6.360955699546737,-6.197110814813927,-5.704611709233893,-5.508011033130666,-5.386055156829364,-5.583935034843546,-5.1594973999801805,-4.134594400094665,-3.9852174128257545,-4.231153494845276,-4.116641523906842,-3.874538037269976,-3.726225017914374,-3.831866315439502,-1.297418801840663,0.11251159325537954,-1.5554579514607336,-2.2875306422579573,-0.030366704952086175,0.7604605807452214,1.0175059322793778,1.7305360729685424,3.5968693502416587,7.057965102283073,5.552087903768814,7.100520038456194,12.327753212972075,11.230544845114267,10.52208453279877,10.733948927583631,13.585770339339508
-6.582436062703038,-6.159761796868971,-6.0678232765076885,-6.09123912101211,-5.901952408047492,-5.418797373144274,-4.725607756731113,-4.064622944296299,-3.281021547166153,-2.1794497769546717,-3.1056016190368028,-3.0015042015300373,-2.7030822744909098,-2.056849517412785,-1.9256439906667648,-2.5880185379462657,-1.765881249381789,-0.7619286339188409,-2.8867930986831207,-0.9865140940693048,-0.1111897442912449,0.5125262786097399,1.7604260914455012,3.197308584899487,2.7335193309069967,2.2404647995150078,3.693711607079505,5.962866656331285,6.797775387083284,9.866259180747841,13.064026255317774,12.338775471624066,11.830560722925133,12.457424230100779
-6.627717692503432,-5.8812687421804,-5.21154147157494,-4.868961820055619,-3.9311765116351185,-3.3259517940758716,-3.261439083956331,-2.980763856070014,-2.7751743455990248,-2.8922038615503043,-3.2861633233352037,-2.9689403464153283,-1.9244496799065272,-1.3393485762177133,-0.8027523019564783,0.4372500891487672,-0.9061853031139826,0.7870216796805192,1.0069606836509517,-0.5036572132478607,1.0415956427089406,2.0328058419921495,1.9955841549022904,2.3137063258660677,2.5268819624189227,2.808608046150985,4.497147846104993,5.739372404501132,8.254149618964972,9.5347472896408,10.503824461061182,12.60287538590173,11.570261435139454,11.280053711876581
-6.011890003337237,-5.003252813287803,-4.358704127247243,-3.7937735349795885,-4.884883392255729,-4.058755560879021,-4.427601161600282,-5.06294522323262,-5.203415216454512,-4.24717648776368,-4.029961169888821,-3.5867745860645313,-3.1264072727292413,-2.6386004843147295,0.9447002282238346,-0.6840735889130101,1.0318574709086903,-0.9084884650445096,0.6902328541679456,2.164961217440393,1.7921528563215676,0.5589609535886066,0.805774240397756,2.9244855080808505,3.7699123896162097,4.3697878461749085,5.026505800667438,6.930878351305249,9.681403912337638,9.399901214233363,9.999044201234607,10.70228289657983,11.160782550021635,10.293523912466286
-6.320483369444103,-5.242315631177249,-4.4596629376926575,-3.843321170230078,-5.729750263194681,-4.168412345942962,-5.736244030989312,-8.04716048746611,-6.660350480284709,-5.416639516084557,-5.001339813146131,-4.989800038755379,-4.307240992685301,-3.179404011129366,-1.2135449303520465,0.28410888212616325,-1.8544956804545896,0.6109945004313642,2.5968344318802816,1.1875806079917812,3.2009846692800097,5.851084249036269,4.104134813317959,2.1504684045438407,3.9207167962550176,5.805178997847029,7.318975219282511,9.383536228807797,9.007392629004503,9.859554864676387,10.407997584432612,10.008549898502796,8.821101549648763,8.42741057688961
-1.0236078122720846,-3.708519199099878,-4.3697982990071536,-3.714014578870637,-4.040107861338981,-1.999913276649182,0.46539719020819165,2.616432270356526,1.7715464532918073,-3.201092393949715,-2.273972719804947,-2.33224450701848,-2.0927994432691586,-0.09077896316755042,-3.5903178713856168,-1.0951154304951747,0.43000355424753856,2.8701554116903036,2.7013053210561324,2.177097765621914,4.039890966408506,1.384631663753311,1.7193493724326472,2.7834579933993706,3.6868322844360226,8.270163346015712,10.497245664536589,9.060884300839367,8.527479350765251,8.773561261617516,8.633806587495704,9.026976115876831,8.479965230348855,7.23297234839122
-0.35597784106455654,-0.1978007330760894,0.373807773271163,-0.5627691262273581,-1.275362915376742,-1.5351813406470247,-0.39956829133514626,2.4281008629554885,1.1077921734207608,-2.3102728824955574,-0.43019505812853365,-1.333409737356603,-1.4155470869630322,-0.5033888990925458,0.7928115878157065,2.7696973722714495,-0.6220154688443139,3.184019138788955,2.800275841817057,4.389687225381694,1.8026162330190387,4.965097898939283,4.604304833293053,2.0469272907341556,9.608867137545413,8.196605617803936,8.692198721671524,9.756977124452186,8.408516595999416,7.594790550174711,9.070148258860202,8.448439587458838,8.823170952508185,6.400496080957238
-1.1711062179233152,-1.359676428754387,-0.2957918084373786,0.021171478716565814,0.9391013086772811,2.3591270022215,1.104454015874886,0.13976471125621817,-0.6930952173031387,-1.4942390245160715,-1.8123691346622772,-1.2800623816299697,-1.5139218407756687,-0.15057512666682207,-0.026003965301238094,1.4933097744452708,0.6827874524763022,3.045378583320828,4.950053694650469,2.6478196377641674,1.2294164418141245,5.291675722667598,6.040162197873287,8.896336126947004,8.262258798630663,8.739213187671297,9.567956546655816,8.82153860415733,7.657458095133271,8.155975605741272,7.376861807750345,7.536417043916694,6.3689521856339715,7.101046454135138
-1.4819588993162807,-0.5149617839342431,-0.658541884304184,-0.5319909491014811,-0.9954613104539873,-0.14722358834448926,-0.22202799441656926,-0.7133968895137258,-2.5280707794365926,-2.7886625822570483,-0.3157218360251521,-1.642602656754119,-0.6896217006368557,-0.6213229730688873,0.6854651256163978,2.2179779943092126,5.4181526030839215,4.833149550161626,4.639608236372361,6.504276323001416,5.731819418984317,9.228618016878345,11.436586910353247,8.476778480962388,8.286061784042527,8.397420258571588,8.809664508409137,7.685107342236103,8.349902962001421,8.755514845043358,8.015237838066911,6.776943858374683,6.4662770904768205,6.265322873222597
-1.157549831818202,-0.4378668130177859,0.39623013864432993,1.1354005658789694,-0.6602239089295898,0.005323389207605365,-0.39689660245032066,-1.8139088522159588,-5.088505925757425,-0.32871266193997684,-1.5444975416874551,-1.0251025491716845,0.004727149952987505,0.45275015807394753,0.8960309120692012,1.7482816988726682,3.9861336235674485,1.3829990475784286,2.846899114385856,8.755932193521968,9.480100836143746,7.1568080274986094,12.475770781441865,6.48942822566955,7.676305881685661,7.054627798931397,8.294267174182867,8.467401771186001,8.44207556891424,8.361282549503326,8.588744106667056,6.406398628370584,5.668343672584551,4.538878900942563
-2.461344795233475,-1.3673044379692585,-0.17139688986830637,1.1111191111922245,1.818665237876364,1.0677142081203799,-2.793694674655446,-1.0154207121039882,-1.5394041425740856,-0.9513094929487919,-1.9210889369681348,-1.9472519510661117,-0.009297468753040288,2.7960696576327937,1.2892541087471787,3.1502600506386234,2.693973352578741,2.714665081487384,5.678891636241975,8.304190641235731,8.594254735760325,8.712656680975273,6.056689034319391,8.7548594991325,5.419873606970589,6.327842377790165,7.3263221025215595,7.748043648174752,6.82034493828907,7.635799960241051,7.012739256138365,6.026341098121205,4.174383915663881,2.5055444481826674
-2.909237191655527,-2.569091411238931,-1.5084413480601273,0.08444543592685548,0.5006266133880939,-1.1273890003705973,-0.8311607291925,-1.44499818815533,0.19161877577356987,-3.6388619032674803,-1.7763750839099821,0.6020096979884909,0.860214329664077,1.7075246695342772,0.4380399564548319,0.838881126284959,2.5571198229022225,6.47208031459615,5.844716325230148,5.065593669055439,5.829325358517587,8.367009151264536,8.428845955069017,5.9722072203728205,5.539601862244514,4.97340097186364,4.267207267721725,5.385270871222606,6.3757046660628625,5.383541772811061,5.557759259667768,5.149410686407771,6.026533209219944,2.914737472476803
-3.1655342588530324,-3.141993049313279,-2.4481252917881413,-2.1898443813262176,-2.872441132015595,-2.53368213242344,-1.66935894932026,0.10528042054797927,1.4874170435138558,-0.8550985408074614,-0.4621632036953886,0.5421720461321976,-0.27379562317280853,-1.6000593878490326,3.1199913029333914,1.6209641831795074,3.276767495803781,3.2726439435611816,3.440580810436129,5.178681592028051,3.4766040220832917,6.017265648794081,4.28747963154642,6.024179973115257,4.444680272216809,5.536129988627976,4.902759951629628,5.156247244499818,4.043233450134668,4.504776252572059,6.043379216762357,6.141860795426786,6.014398102506362,5.693350758201551
-3.6574087368600874,-3.5146582241108324,-3.738947285590042,-4.095882863531603,-3.7279049948712255,-2.6501327657207683,-0.8472220030462987,-3.989489466098002,-1.6616982868107328,-2.6268958901619754,-2.0121897285679484,-0.35890906155277114,0.344317217996184,0.602349886351622,1.8285475866702112,3.940200623061174,1.4726600891900934,2.020308046523777,2.584747124948228,3.1456773293039797,4.315364305552944,3.094032720021023,4.779114302355547,5.052912861400591,3.5792882881636414,3.9121338973839523,4.258097463703388,3.9200917069428183,4.316049050934475,4.8623490670638185,4.869264438444793,4.715462346222688,4.3853797759204305,2.905899152270728
-2.9062096213499493,-3.8748322797834827,-4.444286902409709,-4.750061660248609,-2.6404379081481015,-6.542004263432261,-3.162595374136919,0.4644858583712533,-1.6243201204316344,-2.010386916133142,-3.5906182087081904,-0.724084489016859,1.2354371165278173,2.1166480016416305,0.09389825408956158,1.4758497524860106,1.2994386624481422,0.7567833369503886,0.9688019536676065,2.245324662774259,3.5404188282719393,2.955201884973284,0.13832043026638052,1.767175541293298,0.48970598806339705,2.110638304775091,2.1757593770563757,1.553749134513236,2.1277325893369814,2.3184626758385156,3.657479559294301,3.4328204180913,0.16952060741706285,0.21785269327228787
-2.555518511677005,-3.473023556071008,-3.0778797850740216,-3.7184974347230626,-0.7945709277632643,0.4517395521647426,-4.187385794792388,-2.5734194453973567,-2.0021849361449635,-0.3635311420418944,-3.174076814683971,-0.8534426650430378,0.4563370967779873,0.511413751313929,0.10532152658572096,-0.5698744871864466,-0.6265388879810725,0.18764042786750929,0.12775282463182983,0.8314622547222412,2.0404255650590493,0.5276068343543477,0.8178513647101858,-2.173548183808773,-0.1955448696917574,-0.15811281611840952,-0.24129190492376218,-0.680016237005622,0.7224542393522124,-0.004260547035909426,2.2667537317455726,1.505516872607898,-1.6060769676249025,-1.1575487557893016
-3.946106127671087,-3.921820342780876,-3.548898839231583,-3.0244852450097914,-2.819131665956357,-4.2776223638043005,-2.995338665472435,-1.9856770447179928,-3.042357256024287,-2.4234608197361123,-1.9502043176911996,0.0770853608406906,0.23260844911809314,-0.6790064251210196,-0.7906598113639196,-0.5555766103196541,0.13786633620767175,0.017439648557351084,-0.9959809322483979,-0.05039939318480345,-0.006029522322651753,-2.4253424774668484,-0.1624406235580275,-2.879585579255628,-2.875104231077478,-1.1930847956112736,-1.7218891488961177,-1.573699520283696,-1.33800313734756,-0.8637975347611885,0.2562813443403234,-0.8158513837090301,-2.3477776571639155,-1.6597705223575159
-6.2287853160652285,-4.875091875478003,-3.442325446256072,-3.543515544546516,-2.8729148462765552,-1.7770122817985616,2.3252149644029374,-3.7078789136990573,-7.285561529910297,-2.6766331207957186,-1.4225507532791273,-1.3216029862747702,-1.860188573632349,-1.187915237750958,-1.0433215413643222,-0.9821055510400816,-1.5622241789489686,-1.2386563980851897,-0.6149050545031715,-1.2023678811974292,-1.3446289753800424,-3.6720402163508323,-2.2694678562904604,-3.1528209227651334,-3.393143983044676,-3.980936160395044,-2.3396225345960557,-2.4400434547533405,-1.9404921984878831,-3.2636686027928925,-3.0819125450479827,-1.0963783024312697,-2.8950955206248077,-3.1709199119963136
-7.719771182081423,-5.598256270364182,-3.972302071915624,-2.580975777116505,-3.135786308232154,-2.8014630801383094,-3.3979319244093724,1.2257859730859644,-0.9227765992484086,-3.2794218813204767,-2.8360121660464004,-3.300602705076825,-1.104700330938022,-2.5789101141954416,-2.4655677803885996,-3.785914313231777,-2.723519820327793,-3.0140874174950474,-1.8949537098459266,-2.111265092124104,-1.933521678201894,-5.813381909153637,-4.363215569242362,-3.0858717185224895,-3.8936665946889515,-4.541823287262626,-3.9352436757833664,-4.480653565075629,-4.916707765371435,-5.0203811355629675,-4.9346605877384375,-3.3606258170128855,-3.0356166416406984,-2.0638772677244335
-9.858192212499125,-8.463155117836866,-6.043274400568564,-3.8011676005952997,-2.3888149105399084,-3.9041297880599215,-1.0382729382002416,-0.8397156390534021,-0.8254235544606596,-1.9256492903512512,-2.706449384354752,-3.408079584766425,-4.320933956659263,-1.9762618944453718,-2.4859671295135746,-4.201841218717889,-3.9243202144795686,-4.8072602580644475,-5.5693905701796025,-4.568981344992783,-4.869567148650241,-3.0486522793094273,-5.840522581993176,-5.42529752423355,-4.289726994736468,-6.080762136176858,-6.81364282152584,-6.886145232005506,-6.624026873206773,-6.910931734037305,-6.601636117207443,-4.57860858124326,-3.7405425600898052,-4.0088743553346475
-11.65172185190805,-10.1117287586362,-7.392507472689267,-7.025578929013802,-5.994824410773986,-4.749143999490267,-6.813261139531944,-5.102927494468453,-3.313901298221128,-5.253649438433899,-3.5951946422777548,-5.594341161198627,-0.932706249769279,-3.8485106191009875,-4.272981500459481,-3.1514346611353083,-3.4405344013381205,-3.8402277565151515,-6.552366553263466,-6.930444331608157,-5.745359568635742,-5.203292998306004,-4.608483209600544,-6.156321108473098,-5.8259988755423056,-5.965436624259254,-7.725458121393508,-8.85727147988769,-9.773602815030316,-7.5822867704754495,-7.8105391501446135,-6.875854165930375,-4.475258819589966,-4.262740580065439
-12.812762581795562,-12.047404354449592,-9.212171961994489,-7.301565937459596,-7.703817015553194,-9.051223789156825,-3.030769810102886,-7.190344988890947,-5.918615701831019,-2.1093339537643643,-3.292290827737654,-2.417144261917465,-4.685468418262159,-6.186632263857188,-6.153207579729028,-5.600314830567889,-6.580502580960161,-4.552789022887145,-5.375553854038052,-6.0138372730095115,-6.364460020582617,-6.614823779802287,-7.329858604815342,-5.742063429488002,-6.779418168142877,-5.735846714308769,-5.411148160468854,-4.440232311026571,-5.644903636865843,-6.6042614270139035,-8.190490722165162,-7.257893267293105,-6.2910041403301635,-4.428337157806642
-13.941664316305106,-13.553311774604882,-11.395302824996456,-8.777017168203496,-7.6486518407344715,-8.353870560812522,-7.056935436516039,-2.3124663334430546,-7.044396651902917,-7.714098671532672,-4.082014353752077,-4.430616534162984,-3.8807730136439,-4.532133471761284,-7.295613763532815,-6.165598944579793,-7.357800673016753,-6.846602270979036,-7.517891569753601,-6.847960697266839,-6.561388111644333,-6.263682741736376,-6.38923528468083,-7.654875449677807,-6.00443242324746,-5.99412179460346,-6.175490345293167,-4.9338044100890475,-3.846460297342994,-3.394003631131047,-4.30463241550485,-4.315593970307075,-5.166093916839843,-6.196335047725935
