script/wind50m.json
{"header": {"parameterCategory": 2, "parameterNumber": 3, "lo1": 3.000054539987559, "la1": 64.9999836372058, "dx": 0.5, "dy": 0.25, "nx": 34, "ny": 52, "refTime": "2026-03-03T17:00:00.000Z"}, "data":
[rows 24 to 47 of 52, columns 0 to 33 of 34]
1.2922224619899272,0.28631524512682127,-0.5607357652943953,-1.681893422059972,-2.0850469612463205,-1.3078923159195184,-0.7295664841827803,-5.942750782829379,-5.104926134806877,-3.70224415375968,-2.6245396707171835,-1.7779652809103224,3.2618400260131266,3.724444612153608,3.8996293673104865,5.2619350300672325,4.536931544831669,1.7568576179723927,1.591612579092093,1.4182249570855758,3.411627915721982,4.1937836100652355,3.680946394833068,1.6575254091918623,1.613982397801235,1.8199792588767714,1.7832249434222722,1.077660323492527,1.3782483747737022,1.1366322205835664,0.9003529809321748,1.3788472322859833,1.4979581188183586,2.6581873586254847
0.36846282977781153,0.37184700032352835,-0.6585757801291429,-0.9029600145319078,-1.0637456557744338,-0.9215192777415164,-2.916923600635535,-6.494464093838222,-4.720503975783079,-2.5246796706092174,-1.2046926390977442,0.9179829437496498,1.8812359249041195,5.383896837315194,5.487763732908898,4.8521292592934175,4.280287558636333,1.5218147150696053,1.0105368402434916,2.0552733960223644,4.109725018202409,4.094538447030232,1.5261310645276034,1.1858208010215228,0.8221109441133936,1.191017734702254,1.052558906603923,1.1690771037384486,0.754542070200389,0.9641820247465422,1.6502099647132593,1.5318073752038106,1.082000630000039,1.928685109136043
-1.0976100936530995,-0.6833936337734021,-1.2381808041135194,-1.7479592941977378,-2.1885572352750216,-2.9266435451359207,-3.3150868865163416,-4.616387600637255,-2.299853824118625,-2.3776672277348525,-1.1433591974075694,0.38207539121895473,4.048506741995727,5.270197624246285,4.804337316566969,3.879361079202758,2.7687518660099504,0.8133254325148849,1.2061325624956833,2.4003419257637657,2.3093140774409124,2.2639341918829925,1.8910875663720503,0.855460690451727,2.1640464005029076,0.826307949332771,1.1618243111083397,0.14652931676870803,0.5744330994986773,0.5408909468947817,-0.0644037224576584,-1.465246858213039,-0.7858352995618311,0.5552133550804133
-1.2283416919077876,-1.3035625600848744,-1.9451943483031902,-2.9773403317233718,-3.0363756010214034,-3.7030473103191874,-3.4083269020027767,-3.5326859230231396,-4.3351028587431175,-2.3620866933943865,-2.0309263577397902,1.923253373028822,3.3083133154072506,4.074372339517289,3.529083559813196,2.911957051651159,2.4162033509659224,1.4385265315099545,0.5441956123110167,1.0363872740197593,2.709045155453209,1.61522715035557,0.8197835847713761,2.2644645597153352,1.3931964548061682,0.48835729648068477,-0.24936655512678374,-0.3937285977354457,0.37488526431816505,-0.19478223674236542,-1.428251190230302,-1.5775934981083888,-0.9948273784032962,1.2882818247741983
0.2036548047215986,-0.18514123648164102,-1.3732609219176248,-2.4703148580179315,-3.174432949008257,-3.6130843198303295,-4.683902791318395,-3.1765826915594046,-3.5319483156506384,-1.0865261440529543,-0.3578713212318731,2.5839739270744,3.4171345980140155,2.7873028219742166,2.0384867657394783,1.6736016844305308,1.1009156329675047,0.7000864757156018,-0.16536787490246202,1.3445432264206199,1.7734646640375262,1.8499886576075621,1.0064443731098864,1.1927231280147124,1.121509545329141,0.4827508499890296,0.4880034819395041,0.2025632892820819,-0.4930244001004375,-1.7172483147267512,-1.518880466633389,-1.206021248098565,1.6459871716306642,0.19258570914475284
-1.2447809981463274,-1.6664650049450462,-1.669596160193962,-2.432281440755966,-2.804163312564374,-3.643134686782788,-4.153788673630412,-4.021653009170013,-3.5268464669742863,-2.4851277382064256,-2.0926958511720226,-0.4370130722142912,0.5622217024119898,0.9050975136806485,0.4125224030034895,1.4817834210244016,0.8391294303153435,0.04290040858288341,-1.2127996019301601,-0.30054035697163284,1.203244175824869,1.1881467688496785,1.8993579643390879,1.937148775294377,1.5214321771620583,1.8251033832514665,0.5238868714266899,0.7667559120045206,-0.3230731740635289,-1.8412977993097166,-2.706054488501186,-0.3645980220670443,0.5207193203325481,5.43358872960589
-1.5170027955220469,-2.080689340809033,-2.7264674528448847,-2.9226549555535812,-3.2267557615397626,-3.7877601897383455,-4.621011349867285,-4.624946902287424,-4.2522956672449155,-3.1882980427465917,-1.9106749281952418,-1.84719869504189,-1.8815383199432543,-0.6518631850994333,-1.0267875225093428,-0.23677442416309946,0.06379837369234351,-0.8435040890715447,-1.2760595096926473,0.07775755251174302,0.6766981665686521,1.1479470878343905,1.0039421068445546,1.1365162437381806,1.4304779115968589,0.45866730444557624,0.7593966498508467,0.029412068068006687,-0.9691347866662297,-2.561935855606255,-1.1043104957973073,0.5557752824108108,3.1398470070724676,7.572724111596802
-1.4233843393639523,-1.7445245859332408,-2.155844649490555,-2.5010594514510527,-2.7830592548160227,-2.717985056741732,-3.738009089408217,-3.6625507231319494,-3.517694674753388,-3.7650038335777225,-2.7042116975349857,-2.4513984258170374,-1.7163290922429235,-1.4771075306538586,-2.4530794519576955,-2.141241840531044,-1.6039779106193601,-2.1512309281078594,-0.025412162047528827,0.1483907859488784,-0.07633840615605349,0.9941279595821152,0.827925752895599,1.3264161215574655,0.9236596208843284,0.34175212088300294,-0.35352623687701684,-0.6713483018230436,-1.3544163080148408,-2.1450990110125634,3.6214921588915514,1.8826560487902273,6.540412640050704,7.351288626422685
-2.003271782373593,-2.3270798389944742,-2.2487969807161017,-2.014377334707189,-1.8756050436842204,-2.1069129967679174,-3.4968719892607854,-3.7450647744412984,-4.490841945188544,-4.107944048046275,-4.291364095543516,-2.1393518382444014,-3.0400467788571524,-2.9236376068985495,-3.1648260965511055,-2.6675316595991783,-1.9256818954849724,-0.49486413661546497,0.10316237964787855,-0.602284998267499,0.016573242304271502,-0.19898220694684907,0.6744128654136297,1.0131427738524814,-0.01921889647319247,-0.2861527571349031,-0.32792849233236104,-0.45323151883365126,-0.8115133460092282,1.0879350775179324,6.737665226150818,6.099465176417441,7.199305428149565,7.547577809667095
-1.6778175837420928,-2.025850693436768,-2.3542096103102588,-2.5931282555334656,-2.459185939579812,-2.1612417703091746,-2.8157100070421737,-3.6738835767206814,-5.632780232902847,-5.999386006869521,-5.96864570146773,-3.5254166973857193,-1.5136250584095112,-1.5847802097349797,-2.6637420609717233,-2.1340990440720105,-2.0345006513947386,-1.2613203365586387,-0.5578253217364162,-0.8865474665395815,-0.7613016180962832,-0.506358571437916,0.4447396336177369,-0.06797661077041295,-0.7725117752415386,-0.7227651058260987,-0.5769648599462242,-0.5194469447168822,-0.25415963300954814,6.1438670253239795,6.677587694913219,7.681796672202485,7.364363803250403,7.511773807717295
-1.2602039919157086,-1.2543364579706937,-1.72878123252953,-2.535270789779649,-2.500692113389694,-2.7123988111938218,-2.656758314607812,-3.2010847863300507,-3.4048034406763916,-2.6991248782136816,-2.300718559510201,-1.753672027490951,-1.263619717420457,-1.4042836424115943,-1.7031039248727111,-1.0511084114670644,-1.1026468026623948,-2.683668416600085,-3.3374937754210086,-4.774876706390555,-1.7257401609965815,-1.365371309728937,-1.0223795992198725,-0.5587386363074685,-1.3438233203509273,-1.496453407026237,-1.0667592542398272,-0.014885682413835926,5.0309306061984875,6.15801403626903,7.207412922007115,6.2533389756700615,6.542437107360046,7.772664759538597
-1.2387660338762883,-1.827445177064999,-2.312962427419047,-2.0672084887678834,-1.43803305451698,-1.551838626667494,-1.2930821452692867,-1.079827102736252,-1.413932365845998,-1.9129330665823772,-2.454611622259729,-2.109597071014836,-1.346471223023972,-1.7845447857007728,-1.4922656664395941,-2.0313023783458086,-2.2360678198994863,-3.403923972985083,-4.685877140418479,-2.5254489132476845,-1.339962084035967,-1.4937061573946981,-2.2500866515660363,-2.3800819140401654,-2.3679347223206073,-2.641822847165236,0.9831970900541677,2.3686062624469635,4.996687598220521,6.246845858572832,5.597720037377276,5.7273363338181005,7.330423524651238,8.33210263599198
-2.4332439905442693,-2.435053806667156,-2.614119280330034,-2.3642616091575785,-2.501009772966017,-3.323608616896516,-3.666652543228273,-3.8772336211398293,-3.9104399178992684,-3.7014224348818114,-3.912221281380321,-2.752726206710693,-2.754134861019507,-2.808039757531225,-3.7217016065394426,-3.3580276471589667,-5.66582638297504,-5.921116389272637,-2.8192907091583166,-3.960839698905581,-3.933091093048529,-3.1942690793924364,-2.021048077564,-3.534321473865135,-4.528034996841627,-4.8616113376363215,-0.23030205687161337,3.1881735143666763,4.5870387512562205,5.246912280635335,5.887423632442726,6.950619825998088,7.476675433884126,7.167076803622502
-1.3576374102224733,-1.836523485051994,-2.5814978822973367,-3.555287160265795,-3.662432490080388,-3.3160980595067517,-3.321118981860784,-3.5542602250750046,-3.6216909058967746,-3.6015588679255917,-4.730659265910313,-3.9639266928140193,-3.4941047505567493,-3.053354348357104,-3.6821499161200117,-6.795591634996574,-4.100713576831238,-4.10670798122892,-3.3237363212438487,-2.4354985121357906,-4.272086247587535,-4.6106401478025285,-2.9514196969584865,-6.336915401560486,-6.794947455804366,-3.1937794958623527,1.948270651558783,3.2850324412039074,4.575245349329987,6.1110186481722035,6.240282589807746,6.220050106271479,7.166140686247309,6.102083744212829
-2.7618569583078476,-3.1080132882910454,-3.0263580513893924,-2.6078532988646397,-2.074227275081701,-2.781312493723005,-2.674874793493116,-3.043944470309947,-4.950063452627445,-6.571260013162129,-7.2692232746563015,-4.902231901399441,-4.330856923881868,-3.4890458390722463,-3.84976755899714,-5.984240077598712,-8.678091501355825,-3.1902964014635495,-3.820823969358294,-5.170698645356602,-4.6318302559394695,-6.03440309766549,-5.291806195308428,-4.899729719453142,-0.327209761563203,2.059657484882772,2.1654745035940093,3.19206657359729,6.214077220778447,5.732767651596511,5.4218976405925545,6.787736420372122,5.421470649872906,4.424464520166618
-2.882033412506358,-3.381251247526527,-3.552471614964444,-3.1381800108100935,-3.3372579128210456,-3.458775334216062,-4.481146220422201,-5.98227969561031,-6.628350783950957,-6.514846672533553,-7.435123646060204,-6.045144592896335,-4.7869128241746335,-4.006645919083204,-5.513973547656452,-5.212818676265415,-7.340380700198922,-4.244724141607206,-4.27494768229882,-5.244246672537237,-6.939627460721169,-7.280815558561651,-6.280604630202832,-1.4058904305824813,0.13789643992310968,1.2398949969259678,2.9939838207468963,5.271146347132212,5.312424547938944,4.459643301715043,5.612317701524279,4.967272023142008,3.604744498933304,2.7540739989355965
-2.337322801039601,-2.760091423547128,-3.5817087381673756,-3.83104535305758,-4.720841710806546,-5.571892542157926,-5.305184670758601,-5.62382187035713,-6.653925022655647,-6.479180483327215,-7.852704252814666,-7.455124104645169,-3.8888210995774903,-4.4337274175092825,-7.277412904543583,-4.414540127455049,-4.179366651154522,-7.872088472279154,-3.719428979634544,-6.036839067296376,-9.125505784415207,-7.212240344693735,-2.801052566822625,-0.41186202770979985,-0.7146746015265345,2.005858088179781,3.0312321701274763,3.9205671813897944,4.3597743669530225,3.7218544555622484,3.487457666214318,1.9229596871916115,0.4458557628555453,7.333967051468768
-2.681318351683375,-2.9851726786285417,-3.7177276166357682,-5.095664861446262,-5.262747079234955,-5.355879655936831,-5.659741064873553,-6.031392375616426,-6.912065642494533,-6.959705552594166,-7.921284185128858,-7.407675546207923,-4.283878403284527,-5.953346101680009,-6.480356088748815,-6.593256133863051,-4.516326746265771,-2.572581209097489,-3.61550043233921,-5.344342178565305,-4.885887118320339,-2.6964307823522566,-1.9923449796954331,-1.954019102670513,0.38995464216718545,0.9009918043282609,3.5867394713235194,4.6234123824871425,3.638696294750267,3.1912802701034426,2.512701412163118,3.9967835354204926,7.206018640061393,6.4260076924375396
-3.326008686073956,-4.033134446816236,-4.797378863519404,-4.950152863861675,-5.044421333178573,-5.506616255825011,-6.1562055899392325,-6.357381213484691,-7.000335572599469,-7.8273434415012835,-9.17621342717957,-8.048988832280425,-4.886103027808787,-4.146782137102126,-4.966659233060682,-7.432802249046883,-5.407994641215518,-5.130718091610527,-5.487070872435962,-4.059342461593313,-3.178528496685459,-1.7828863509606387,-1.3929488484945423,-1.565763644159653,2.0803244126280505,4.417194789866252,5.293765690525499,3.179242352396525,3.0371119376114337,3.7303797155553537,4.513986061630263,3.9729070355315947,6.276549739435345,7.140286989301566
-3.939317725994026,-4.064929292239656,-4.476381776344341,-5.104135152457081,-5.797965656114686,-6.079395052848034,-6.471317752569745,-7.142785991619342,-8.181230608033282,-8.358700445322103,-9.10769038932918,-8.871598291766713,-5.482974581362291,-3.9691030941673024,-4.754224814027773,-3.790637337300585,-4.44019375984371,-5.126579670143501,-6.484127512619289,-2.771443177766031,-0.9986462822988504,-2.35108595012687,-2.5108268498856328,2.5797732480333377,4.110392761518506,4.724811563501119,4.509783374361865,3.687766842480931,3.3845586793480793,4.592378743771537,5.292888601331818,4.496651705952771,5.673666338412729,5.592439471342984
-3.957529365737498,-4.394590800516382,-5.106170186702503,-5.504845035948326,-5.639017305509514,-6.342150898593712,-6.766453746030555,-7.264301906216453,-7.861724798523815,-7.717713549188972,-8.417812500819302,-8.355868801634465,-5.16013322964394,-3.43566305669643,-3.1138231617436034,-3.3159479298311743,-3.6798029869455497,-2.6528508888118103,-3.5107266792172456,-4.024061004716127,-3.121874193750651,0.22311426159318892,2.342988590862884,3.893880895335811,3.1300007588026935,4.748715397503082,4.118870434226969,3.5926090735649003,3.8152913561392126,4.600983582532726,4.68070350112065,4.3570043883062946,6.332919313394932,6.3648588691252055
-4.939758269309199,-5.245965687126144,-6.125370935248323,-6.011445303787923,-6.2204239221744,-6.667026254841801,-7.160995301282165,-7.608766789030414,-7.4227565368682065,-7.06616558029823,-7.62226553780473,-5.577103625615571,-2.5695153778599407,-1.6042450015663843,-0.7186950095801391,-0.8054538609505478,-1.8231528163649182,2.005559773037134,1.3841830349215554,2.04713422621431,1.4872036522226058,1.9677549577667552,1.263385116601671,3.294716341955914,3.1637776651095395,3.9948065664098973,4.672640383209767,3.836903460391281,3.929027295187079,4.340963612485036,4.455265042608599,4.418987760344478,3.899350709711322,4.8058780410575
-4.778690294959324,-5.0282948011593085,-5.6528910968187365,-6.191854032379736,-7.222277007934989,-6.121019042566419,-5.848898307588146,-5.9191313115501965,-5.873794151896001,-3.994281099128685,-4.6555787827625466,-4.936128739832914,-2.9473852953751956,-1.981847537295281,-2.1505917643987367,-2.4566879937818973,0.7485150506510319,1.067442492826589,-0.04522637940947833,1.8178743716180652,1.8402113265731161,0.5207388307047699,3.026074184863396,3.1544097990900863,3.5950987869741935,4.624081517164176,4.496107327988735,4.045141104801073,5.1019826996097155,4.807779205201213,3.997609591776169,3.640794088878186,3.576895367991193,4.650449744096592
-4.438520586392452,-4.985379725541106,-5.457412208265813,-6.144495939111485,-5.243998306301786,-5.558768391746912,-4.781126144724827,-4.968662026728559,-5.371376195151316,-4.603615998915347,-3.5214973625663366,-4.074083889391581,-3.310409959937226,-3.2621797258339558,-2.679888968065607,-0.3305500403967579,-1.6252411130513889,-1.5203632236897298,1.2005350525290954,2.0017456107282148,0.9259323851895738,1.970170641152779,1.9846623629485993,3.7713948733161384,4.297165875607476,3.2116633079495713,3.8283663090956668,4.24240528365445,2.9461126852900263,3.9073476256637454,3.6886873435308614,3.905981347540962,4.318151918097568,5.145015222274374
