script/wind10m.json
{"header": {"parameterCategory": 2, "parameterNumber": 2, "lo1": 3.000054539987559, "la1": 64.9999836372058, "dx": 0.5, "dy": 0.25, "nx": 34, "ny": 52, "refTime": "2025-07-18T19:00:00.000Z"}, "data":
[rows 0 to 23 of 52, columns 0 to 33 of 34]
0.7392319630193586,0.8642563509413967,1.188575503027577,1.7409179319901225,1.8133633391221937,3.1414120175104183,4.079456606431945,4.339841702702789,3.1667984004006233,2.7435674876047242,1.8305608428606048,1.5956228041629992,0.11953709195732015,-0.6639113745724027,-0.38431282559670865,0.4465391085968994,-0.36201796370568856,1.1062974635323124,-0.012696959063250008,-0.27427921499826263,-0.904928003122103,1.584989176741686,-1.6984961718636784,-2.3080374721596515,2.109669256590046,-0.721792722539222,2.0079853670442542,0.3414242495105718,0.11587237110261771,1.5390220357293238,2.29792815471449,0.35252884332630396,-0.48641737066490326,0.28793369621568593
0.39932573491781587,0.6004285465989775,0.9533208344072911,1.4082629037785979,1.5886918585118794,2.544324495301983,3.818655571326329,3.6141964724973694,3.103385465812398,2.8265637004522413,2.2847055233813776,1.4336594291607672,1.3717300139847537,0.5775559927229883,1.928253097873056,1.719961700926431,2.520264684255781,1.4225953726746687,0.8419640618881129,1.8141348239141228,-0.981742827600145,-1.2678295242066349,-0.2655723276748167,-0.677151836441429,0.6284103180595402,1.85312355075837,1.8249218794369575,1.4172318749689439,-0.44400484172685145,1.530170963991368,0.515750128970602,-0.4344579688372511,-0.5052260446577249,0.39867212133181756
0.278582631199244,0.30315353319787697,0.7128255463233241,1.2725370062722845,1.6507512408334164,2.117621840320711,3.185800078322264,3.3329942324590753,2.351304375709438,2.6921147149963875,2.3630717405052803,1.3817227382480666,1.5063791239665794,1.168559287148621,2.383103395849285,1.4414654612480031,0.9403443531367378,1.1841400224563514,1.5023509969678686,1.9154502827375552,1.0853886175858716,0.40268492259213695,1.87141932294981,-1.0306028529775741,0.5077021503650668,-0.05121601752351307,1.7617682137502073,0.7143004840385321,1.373231674377348,0.31095321411200344,0.3306851620515074,-0.19096170576625435,-0.4687828659077609,0.093508666319724
0.08104413328684858,0.07194858998050338,0.5671080661404344,1.082218555977244,1.4673674076965324,2.0302148240334206,2.69495147831214,2.7493284075499282,2.128890187287396,2.5015484267603965,2.2930834656426673,1.4934000588664902,0.8213520721081028,1.996106503934168,1.86212468352636,0.9853966117012593,1.1070417528235081,-0.23706448464093952,0.24200501568582236,-0.4799194928696335,0.5047327175280053,0.426053051070014,-1.2990826694010327,1.6261519186575073,1.208736558972867,1.203574528733525,1.6348938413225305,0.9771604191202806,-0.5279519342139904,0.053049919359556275,-0.22243408720068972,0.7567875925706062,-0.1289967362546039,-0.5904276301339685
0.017422246031104118,0.1423329827441947,0.26053636557075127,0.5256318529728201,1.078913114503899,1.8647809607947625,2.546704984736599,2.66359751882502,1.8528352159639006,2.3157948302971847,1.9207824515565144,1.4953683044053232,1.4318125735814429,1.8216449037951565,1.4681100146269848,2.0667826513509984,1.6615129066914462,-0.4850896679878715,0.5588003500431575,0.7984487686124729,-2.6740225341281647,-4.904566431789889,3.2019198033245355,-0.7403281815993851,2.169800525993217,1.7239705716096934,0.982737819092417,-0.8390258207972271,-0.04714798571348525,-0.8515384495237259,-0.5354512024464754,-0.0014794192512654482,0.21220206167130892,-0.24352831938392572
0.4079785323426754,0.5041995770338059,0.46551065873797676,0.34756936076310485,0.38304187506976456,1.1395018374247106,2.5388702320131213,2.262320503842366,1.1687250938184508,1.7044414179927698,1.32884352120654,1.7473833165417687,1.0730584134003898,2.138186360843141,1.2689538975333947,1.5905221514317722,1.6863687603160409,2.6539490431378554,1.1238383345259852,-0.2844490020281969,0.421569597792563,-1.2485047928482789,0.5675176556211748,-0.8710281216253835,-0.17985036221788342,1.543462244104547,1.0880751243656879,-1.2377656104732002,-0.6975932371310352,-0.6235915827649032,-0.17144232360440065,-0.580733961832429,-0.22960067400020162,-0.29068747082557805
0.44388933904381284,0.16153341285184075,0.19722845360278862,0.19278725869110402,-0.24914257545659502,0.43310985842983224,1.3866905447303746,2.5768280010318567,0.5275786763450392,0.8921887595630988,1.7031206773381047,1.7613421886966003,-1.6293719123047188,1.8485632917186154,1.6671705021823795,8.903783441099824,1.7101663493188342,-0.2724570878164376,-3.1373271686072104,1.152386722928234,1.819634475263259,-0.29450130110353057,-0.5757698161102935,0.08797885733522301,-0.5689728397889197,1.1240021892576706,-0.15529015820349934,-1.5083169308153184,-1.1323060400856126,-0.20438602712517948,-0.7684340930281024,-0.13917136561994928,0.42353298205423534,-1.0535011585362177
-0.26885960098020073,-0.24170174428061877,-0.17474706673258064,-0.5448492413371888,-0.5587937623278407,-0.6971932013015587,0.4068958506115812,2.265854040482482,-0.19532210497140973,0.4175298529691787,2.96289636152058,0.46426509424634876,0.6662683329272606,4.4796836662733215,-0.958888010032219,1.284167956155622,1.3782680573290442,-3.618753754174187,-1.255171424308398,1.0022928267125426,0.3202937356476487,1.5514561139939775,1.0333129090123392,1.943189001857674,1.9642693289370967,-0.28324975686360543,-1.1755119603614785,-0.007603351750389044,-1.082146293995994,-0.7520393028181949,-0.06575397482335478,-0.49255126468044524,0.5313550590206887,0.6577561860800534
-0.41109088484215817,-0.966425674054971,-0.8208177026804423,-0.7788545032017818,-0.6548794606077999,-1.721722468540358,-0.2723031908705208,0.6400279306832022,-1.804116231238074,-0.7578134642663972,0.4100043506349192,0.7617881096742468,1.4412919178312322,1.6351401584069136,1.7646826447931527,1.2996041407428123,-0.764282636965797,3.4066891605756635,-3.063096868386315,-3.3434910689345076,2.0427688194928155,-0.9252275326562606,0.35045933404547025,1.7341265115527835,-0.21569473105149686,-1.1843663439330143,-0.6782863154338682,-0.8821824963341462,-0.7514624058182088,-0.5057837074850121,-0.6064297816366125,-0.24069233869526227,0.3781781499075667,-0.05278256326374959
-0.4944136649512454,-1.2496438060310127,-1.2258104401789622,-0.8222323983264556,-1.7370497831927492,-1.6983000067515461,-1.7928850791902247,0.7496398755328605,0.05204409568349825,1.0148119714288661,-1.4124586397188281,-1.6560332776271753,3.193754510928337,2.9038670036607264,0.09952738912915482,0.8911474466369202,1.6733132499954952,-1.1350860812336787,0.529956417520985,0.13155414191319578,0.6405602297478962,0.8084731982872998,-0.5614306350783025,-0.0671358850911805,-0.46915292557660965,-1.043637956411029,-0.8754296976919765,-1.268308896779037,-1.261774831740551,-1.0390445361910057,-0.25150207255451923,0.5733181651036602,0.09989625222069443,-1.0630968802843077
-0.878343515032768,-1.4271997692371976,-1.4015440952812697,-1.4579808559037515,-2.1681412652952203,-0.9043314261667108,0.4277765003648972,0.874081510296669,-1.868757390910789,-0.3949905481168785,0.7869523738044857,0.8760596880186589,0.7386290203876918,3.2882194979753026,0.44024587227159334,-1.6380660953203783,0.988418819416153,-0.4285867008286906,-0.4532759266574168,0.01299577816428352,0.730581761835337,0.1569359031807903,-0.12107750160623636,-0.44403011987261964,-0.3057969464977379,0.12601489136324706,-1.6041617449065513,-1.8694707435563003,-1.081868791774006,-1.7082261058794381,0.23495307059285217,-0.680126679610925,-0.42447932890592416,-0.4320273710565624
-0.8932115860860932,-1.2440714415401763,-1.4150054328808186,-1.2519939469205186,-2.1911293311687072,0.9927483915976443,-0.7335730396039413,1.2326720474985262,0.7988288152355969,-0.7735695224764734,0.9225185174410218,0.8970355755253703,-0.3987957562332764,0.4695930219500354,-2.36298946598022,-0.9801706494999103,-0.4584653032030925,-0.8510629479212238,1.139753229018167,1.1909040285082348,0.7321116477841706,0.7339436119524348,-0.08540503315612714,-0.001411592447387862,-0.07436212953813653,-1.2161330470940799,-0.7466186348679137,-0.8966384367575325,-0.2719650459269265,-0.4467789377823087,-1.4011515110010204,-1.1425288660805875,-0.8304566427788456,-0.4260896638537716
-1.0592377387433543,-0.686353784292999,-0.6734473751262153,-0.22709806703270372,-0.5491864180498371,-0.2561556289401958,-0.23203612488007969,0.9139007332309506,1.0295056434418366,0.30492094982004114,-2.631003092312414,5.641539123795839,-0.3587647081099239,0.686061567462392,-0.4126441926447513,-1.1274334149368057,-0.6164703242771516,-0.9034906814653874,-0.23028626146751768,0.5618929643198337,-0.09941024057048917,0.627162700998687,1.4969600289010945,-0.45739176081205024,-0.3197941863054849,-1.7435765340241542,-2.1578120383909716,-1.2972395853314087,-1.3946178039037105,0.3802600318903758,-1.841842618367544,-1.5446321312269293,-1.1621913039102327,-0.24715802848414875
-0.8458559032707912,-0.6021168716546106,-0.3010841593693215,0.6010264962094389,1.66382368004376,1.0353730148151281,0.6422456879384641,0.3927460815154079,-0.8407179789693802,1.6105488459239072,-0.24934846843484806,1.9652644576225382,0.8809346849867382,-1.3267010906746837,-0.2665185729281226,-0.9958884318169395,-0.6328579291567826,-0.6892076995398143,-0.2564001299959442,0.1803945565235029,-0.5629735438174849,0.5839959448573081,1.1648208906063333,0.2278860566661003,-0.7815677039388,-0.9407684784439594,-1.2784433711069523,-0.7924767447942386,-0.978719553166332,-0.6375203096466917,-1.3311549594223224,-1.7280510508484381,-0.81007769470204,-1.6274607318954726
-0.9206525547232042,-0.08260581762041301,-0.06431935306552433,1.404301969981096,0.9434815083861359,0.3917344252087644,0.7598193986562951,1.6428309069334313,-0.22088176081866015,0.21236844389617143,-0.2993165052223186,0.06569706951812336,3.6419840678389375,0.714296910079752,0.4402173262506176,0.1886155478403618,0.09375010755071754,-0.35716592589417906,0.10710639114165417,-0.054075060859979006,0.37761156509662896,-0.3446495633071969,0.2698282624130338,0.6749286436934409,0.09693856045877292,-2.2084849977481262,-1.268999081184483,-1.2343775028134534,-0.4885604948360213,-0.3516664022229375,-1.62401365902996,-2.360556203787274,-1.962208024301982,-0.8434475640938074
-1.3531399901232322,-0.2156558539012244,-0.005066475768853423,1.2878003904872501,1.0696605420004215,0.6908500440940738,2.0243567758967886,0.16926398130110687,0.27405811517042133,0.21028930187592967,-1.0021988062288705,1.2201532049721568,0.1924466736159262,0.16439397827028288,1.2153450787884794,-1.004079951459971,0.5791277606534264,-0.4723639754616548,-0.8753865294412089,-0.6187663507664847,-0.22876482979667928,0.27185852861861814,-0.44291306715320977,0.594306331936466,0.2123224577407558,-0.018523927676888593,-1.345116242259134,-1.5004740846312243,-0.5882873647486452,-1.0130782053479899,-2.7614615303570895,-2.5757301629155354,-1.9843893410402227,-1.2637603351217799
0.11818173811040115,0.04303987946595605,-0.19450032066308381,1.4345688995300248,0.9784970550263856,0.24319371964315506,2.067989696406731,0.19016169885164755,-0.850383972342971,-0.5712345655847723,1.826828335172231,1.8480996877188611,0.40559669152283007,-0.10770780409411126,0.26121175289082704,-0.4312140336035998,-0.46625719927444587,-0.34217629526342547,0.014427291464639877,-0.9048699135305511,-1.2339157665852958,-0.5876754216407888,-1.1593846656751499,-0.17499954863733358,-0.1396772000859881,-0.13031722189910794,-0.8704332634913734,-1.0052072863672084,-0.7510568383158953,-1.5598657010476857,-3.3102762215090573,-2.4555645621050233,-1.8961501029698595,-0.9805440261146843
-0.33679693849413406,0.37230841184800956,-0.09199523688925183,1.5784236159283034,1.481095734677207,-0.25767387511102796,1.5141885857148627,-0.564967109660096,2.8407561189394497,2.2982964049499506,0.4255817374176857,1.3989892986832622,0.4133792085043407,0.2641571809335804,0.7169451432817072,1.3190582089565897,0.8766229241421812,-1.1394025440591347,-0.9094481129165808,-0.3855041803307492,-0.4413809217249743,-0.8959730867286426,-0.3559634365414848,-0.8801399069074346,-0.8932666262453094,0.12480435792472397,-1.3687178801253062,-0.8005124981438088,-1.0148492498704222,-2.2054568941154575,-3.422391103772342,-2.825928529195108,-1.8216581780063599,-1.6026790482381044
-0.8386459380009419,-1.2146026935990109,-0.14383704805757663,1.3960733072989242,1.0844860365686995,-0.24760363298208116,-3.2885383424299675,-0.5598610060224265,3.1016953886829293,2.294186460100395,2.3930554978385206,-0.08133191106891996,0.8329542213865735,-0.014738689339137969,-0.35622935695518204,-0.41928694615090784,1.415297347425465,-1.3864887055301645,-1.2083850783823726,-0.5980047036040699,-0.31915757171234854,-0.701132911223554,-0.8989944911774258,-0.9081665103520766,-1.3839571685100518,-1.3970255747937956,-1.6209298407861195,-1.2363564348988363,-1.2202096152616606,-0.824047116424351,-1.0592673653579958,-2.884839048137231,-1.6149281229940997,-1.6522250167599308
-1.9244796222139655,-0.1524814962731266,-0.8888474111117346,1.3601054627533542,1.5857730059370352,-1.1911575127242593,-0.14126304975493542,0.765391330239426,1.9685865913434455,3.4418268595641375,0.7563171275427211,1.6644836802995564,-0.06471460857448595,3.3519903221217415,0.6242095262909145,0.8555378928867315,1.5219630455765123,1.4691568875389591,-1.107176748406008,-0.37225289857677885,-0.6063575084776262,-0.7194510621308383,-0.7075660307318216,-1.4240530956002322,-1.5338800852042047,-1.0019862005589049,-1.354438537373084,-1.9093964855101704,-1.700165901027474,-1.5745479953878934,-1.3487451275901496,-1.2069015662624483,-2.7776647004744843,-0.1628577631030003
-1.4523763837394954,-1.2759940805193632,-0.8674523390121838,0.3686785890566919,1.1072532836965725,-0.043344985579648686,-3.6120241077760813,0.6530533598636483,-1.1654686769136657,1.3686671688546146,-0.5039525717037027,0.6915799079051174,1.293949399579104,0.556481644640916,0.3100482329576885,0.5843917787487624,1.4182564297549605,1.36188466520914,0.6276262152141093,-0.13309306465842144,0.833613306924213,-0.19316976950540238,-0.41142246242005925,-0.17330676269223685,-0.5622318951932693,-1.347376142524044,-0.8692539815113318,-1.4955285727699752,-1.3860111863250406,-1.9182088844615872,-1.7914820569222636,-1.2858403208201883,-2.0216816169018976,-2.745880418556566
-0.8475437885272068,-1.265741745524933,-1.521279334900503,-0.025503919541525148,0.7413370924911761,-1.056785545874227,-3.0234109099721156,-0.6667009920110739,0.5964546416790706,-0.7661158870965247,-0.13110629208168545,-0.20504846113363204,0.3569627066833435,1.0826004878155921,1.4120220404239139,-0.25937068417702946,1.4042662695581714,-0.1618133185398344,-1.3570245871416837,0.0866302825983939,0.7042785759537026,0.5263621319295844,-0.9661356073117836,-0.8161828119167639,0.3517946230236838,-1.336598313643798,-0.927233550703585,-1.4909332991065374,-1.9503286549481949,-2.3398624877888543,-1.2479399393356696,-1.518598310465162,-1.028574355511019,-2.2529264017422594
-1.3864511580048575,-1.0490641867884813,-1.426066798998555,-1.0231965917770822,2.293572717181526,0.9771912612313947,-1.0901561700615667,-1.2383502716386465,2.721442191977801,1.2538495756278634,0.5616025487527035,0.29324256150796046,0.06202657783130037,0.8029022094358802,0.48410154718570997,-0.6499699705249942,0.6663503083074102,1.26629390174242,0.2369862773328365,0.1477412602704768,-0.2280568190041812,0.7388804779864955,0.8320301186005346,-0.9665967850775432,-0.3851923622531796,-1.3741805224966626,-2.144874919436984,-2.253917797615926,-1.0395283968012214,-2.164012392859625,-2.1447634327916774,-1.4493367490161342,-1.922055942688638,-1.9863231477234466
-0.327227564061119,-1.4463668618875334,-1.64426425222386,-1.6206272623284534,1.0422342774926818,-0.5944958307642404,-0.3197970822091185,-4.653797794989941,1.047808563567365,0.07374719672123424,-0.21615488598269092,0.6663737870321604,0.34352231793459614,0.894363480970158,0.9861457213907303,0.3485258223513934,1.524520926255293,1.243014059911942,0.30962583852536146,-0.3341968443311083,0.29856213467196685,0.9519912225321209,2.218577224411675,0.5599845437014085,-1.2239637497702758,-1.0108947336067962,-2.5060326107885107,-1.3446751585692345,-1.020334539442008,0.2555748889080567,-2.2416498291597304,-1.0285137392524888,-0.6127176178322742,-1.782884066097648
