script/wind10m.json
{"header": {"parameterCategory": 2, "parameterNumber": 3, "lo1": 3.000054539987559, "la1": 64.9999836372058, "dx": 0.5, "dy": 0.25, "nx": 34, "ny": 52, "refTime": "2025-06-18T23:00:00.000Z"}, "data":
[rows 0 to 23 of 52, columns 0 to 33 of 34]
1.9493270248025354,0.9652724586905598,1.0925170884875177,0.6328251268304274,0.9552152308558235,1.0264859548722436,0.9530272392041337,0.6152317899322697,0.20497478835407126,-1.0657379965322527,-1.1067061347619667,-1.3922437988166547,-1.9918496555634346,-2.540912693594383,-2.267997569253459,-2.318194251619039,-1.5843081265173393,-1.7951919272449797,-0.5378282235640955,0.7116984389568675,-2.8892473844884923,-1.084772523103015,-1.4814196690071695,-2.0238783227251633,-1.6604840519888626,0.9374594193331466,-1.3653078267472885,-1.7332842428400999,-1.5441737451965147,-1.7881296951256627,-1.7047269060009886,-1.7278900597410503,-1.0565290037779458,-0.9645758100405832
2.4401608815356304,1.680670126851425,0.44272111661364305,0.6718071927365794,0.4203778033227219,0.42146873072403923,0.11122199521093137,-0.47900157901341855,-1.3220534316330315,-1.4813256987597605,-1.778062674990964,-2.8860493736679143,-3.483560269727565,-3.158945343581434,-2.244709729193938,-2.5817711805118537,-2.7960423044177642,-1.3918625003167708,0.6231997026371197,-2.5982650367602718,-0.8174105094255715,-1.6812477068452358,-0.8526476119128226,-3.6883619333958597,-0.3370630069743926,-0.3576616917960408,-0.8032065350907082,-1.329974187791265,-1.448518204552816,-2.1101139607548833,-2.0059957524201493,-1.3275348019689384,-1.4820708586160327,-1.6987055364235601
2.138309285397007,1.8713235579946657,0.3845050862317837,1.122075874229833,0.3155889001908719,-0.41176644358089887,-0.7937345647393788,-0.909300905709069,-1.4355967518535593,-1.8726819345407106,-2.535128092669492,-3.4865585090710747,-2.7016764077484683,-2.8103886872869372,-2.1522176627720415,-2.5836231678120227,-0.5060093453498784,-0.4296931627500007,-0.5675702520156258,-0.32834337534153507,-2.4206252770662946,-1.5437893918446504,-0.8162078087735554,-2.797230216929698,-1.722515685367846,-1.2204398437193584,-1.0524750293005556,-1.7468456899482598,-2.266227437141414,-1.7887123227605148,-2.3496004874590435,-2.2041760211124117,-1.3719903338616353,-1.7573236461416795
1.30508738213783,1.508641748112467,0.5091754705658845,1.0057599001806004,-0.08536663646317398,-1.1303363051292339,-1.4305584736378598,-1.3772693931927151,-1.2286379063113586,-2.2884105162225024,-2.837651462290635,-2.5768549081570553,-2.596984346466783,-2.639888117613051,-0.3082792988199513,-0.09948537574854566,-0.008812835588150582,0.9766372786825677,-1.5505991730488613,1.102908936792118,-1.7146467929562734,-1.667843181662518,-3.9809722157529306,-0.337779285244682,-0.9770912534639273,-1.3405201416456323,-1.6780958648216762,-1.5959291723288884,-1.3283477717173897,-2.0189940926188834,-1.9333863073342759,-1.7678980800608315,-1.882218381314043,-2.1376304579372016
1.0942995487714031,1.008628931371579,0.28858240004519337,0.4038476987471861,-0.9319627510126808,-1.774730955379201,-1.6139762441019483,-1.6721719333447687,-1.9691392394106524,-2.8727504210694654,-3.4610632716474887,-1.2679862664169816,-0.34763914221122527,-2.320415478019819,-0.7876801099809562,0.9426349906612874,0.07023579850913597,0.3952470195384486,-0.3148879633777599,-2.5190816067909787,-1.664029361017715,-3.931064218050662,-0.5655600037661896,-1.4317441460338738,-1.1553003301331777,-1.3004686235524134,-2.0588699257515994,-1.8832754467377668,-2.130534136066793,-1.6174000199765723,-1.9017440657197626,-2.2285122084654514,-1.263119690138003,-2.0824966852043523
0.8673015428212446,0.11074537541985956,-0.8466874569495345,-0.1437634392366117,-1.3425117784079417,-1.9825078307287958,-2.262498470343271,-2.627938690961209,-2.1541919075685367,-3.0219084667742395,-1.0260574734695087,1.4947145402100823,2.0530945032095693,0.9656586110730484,1.3211353759350148,1.0559942648251899,1.44286755376165,1.7570177496564066,-0.9247841008145024,-1.916114830460212,-0.7876864639289646,-1.7590509496806137,-1.1816693613069478,-1.0462039130235166,-0.8514545534686636,-0.7767631666914822,-1.1684931154898914,-1.7388553886584401,-2.0619023890507666,-2.2433541755239923,-1.6630116689031718,-1.882031345583506,-0.9360819618808082,-1.8064373342115392
-0.02440578191316457,-0.44095926578053685,-0.9115315749302146,-0.6465170317263077,-1.1169382586662961,-1.5676364668383291,-1.7782022631293166,-2.8215903070174897,-0.007352373805276413,2.104394698183198,1.6598596759667261,1.0943598707468312,3.155373375022641,0.790544167040349,0.4905769573247249,0.8884744574275019,-0.5110031635506012,0.5416326687061365,-1.5500137375493828,-1.8277020723571227,-0.8090067226608716,-1.1350899392599578,-0.8863442710533785,-0.9004924946788949,-1.5125306761629753,-1.0917516670409422,-1.359853718599186,-1.9177060519434546,-2.144662415099488,-1.8748223882060238,-1.7509257087285814,-1.6697095920607998,-1.4768059993245768,-3.750694751190631
-0.505323969997539,-0.645181887703097,-1.755857279480382,-1.7687684193569235,-1.9966918627681511,-1.5692511417408603,-1.4573462195329967,-0.17346117413236048,0.6374746766899195,3.7791119177776777,4.708935681798941,1.0828906117668062,1.7985108553749714,0.7540173962399674,0.8119032767755882,0.06770508986864766,-0.24143903095106037,-1.079122451351136,-0.9778743876843929,-1.1332416655571524,-2.1282217477537757,-1.1796943580617487,-0.8785295623617576,-1.675928703458116,-0.9807982049303795,-0.9284548031107077,-1.4504943018715184,-2.486774485015862,-1.7708185762827895,-2.1164789515612368,-2.2192004608993634,-1.4088642829588716,-1.9568950809216294,-5.9423666278265515
-1.1865397258287764,-1.373155138650629,-2.0484159254872147,-2.400651111512126,-2.2934015625310087,-0.39356174547319006,-0.26515213276665517,0.7835573688225259,0.9234727419970917,1.572837325432968,1.630658973330094,0.6788007617401578,1.2430162615866787,-0.5846314306417181,0.4737614582983837,-0.9312619200319437,-1.6884313264375737,-0.9213974083902738,-1.8265593851006678,-3.049453990225137,-4.113690696651021,-3.0288528179261425,-1.8526112927786933,-1.9183676833503744,-1.4357675622022414,-1.6622004330480424,-1.5652964264398146,-0.6304246385679064,-1.5723529633486342,-1.5821924453786442,-1.9302049376360906,-1.3364629273796835,-3.8468055890267467,-5.921878543392901
-1.3730161699088745,-2.0825505659523365,-2.274037189953485,-2.292061740027995,-2.986079313629929,-1.4220237021057707,1.436952685291081,0.6883462760125922,0.5666095000587927,1.6532607370550974,0.1709253914107766,0.5168454929166345,-0.9013425035980552,1.672224892069945,-1.1344975650134093,-3.6488679084668894,-1.608052004055829,-3.3774246669268613,-3.2525651694757727,-1.5031725623662902,-2.2131618104937925,-1.234137213213753,-1.3512428421666431,-1.7534987088333946,-1.3256732256566623,-1.9942008866077,-1.2096778615203456,-2.399223176256417,-2.046250562494292,-2.4024785922082446,-3.2593774397922743,-4.639372260193313,-3.911256623798835,-3.646853412621428
-2.3427704421670557,-1.6862309102089028,-2.044759673256804,-2.1590203395392376,-2.1657969789693654,-2.0619921523777744,1.7131112024780644,1.6018418104458152,1.3182952748250192,1.2468461972054763,-1.1492783809735496,0.7697768942044537,0.659847357022768,-2.574697768393385,-3.3379703618406897,-2.7933859386215807,-1.4229099705355444,-0.4123240164290957,-5.929202463656594,-1.2526459000013683,-0.6053530842551507,-0.41765618028773366,-3.123918222046362,-1.2249610968071918,-2.489345109581888,-0.2197695982898449,-0.43649098090771504,-1.7181959842991719,-1.2967135893294757,-1.8886720132004553,-4.0499347834569495,-4.635435743956188,-5.665372763235804,-3.9788948737538306
-2.7795595865024287,-2.0540986097355076,-2.1594762269840135,-1.6648789461225995,-1.2611435211454225,0.5609644265565467,2.8455606611340336,-0.44635636477683543,3.4557073656270885,0.7249763279550433,0.11687850737731267,-1.928276280332445,-1.8281060660250463,-1.9047505756702074,-3.485675350088716,-1.4855068786883996,-2.458929717791479,-5.139220670429311,-4.8857270968686155,-3.3336029275679717,-2.529210353001169,-2.1022541543212463,-1.9329258887311402,-1.809144491138337,-1.9760460376854478,-1.942192589629021,-1.754297440187828,-1.9694659408563744,-1.4947535803648653,-1.4924744215338466,-4.103666309691753,-4.3558015893915005,-6.120706380184869,-6.978017762647415
-2.8206610280981605,-2.4754508897689225,-2.707628407404131,-2.2626519990635137,-0.5538864265278205,-0.5869697001565503,-0.5081959650909416,0.40548705293709825,-1.208749953676001,0.30262102454055734,-2.256479784702286,-1.9103689095180307,-3.4574374263230374,-0.6106479334066192,-2.402701953391006,-1.888049398061697,-3.8919223716334574,-1.1620643679166427,-1.298603793392994,-1.3382012214354633,-3.0544759029276283,-2.533045446878964,-2.064613667185421,-1.6515464868876113,-1.6295410372310994,-2.0097498126645488,-1.7823856005873837,-2.0634421840647974,-1.1381877396199593,-3.844630289451319,-5.419058982383887,-5.28433229867041,-4.64194403395521,-5.137570779346675
-2.70492537171724,-2.72213586657532,-2.6267817892617495,-2.5249227443077236,-0.4659517277364032,-4.418278554988331,1.5695286153096946,0.4581772633589585,-0.4989140028537944,1.4515163454993338,0.937117267153875,1.2312979341189079,-2.1623243964299568,-1.3040093571373084,-2.8699748726662917,-1.002406119977474,-2.5179827771828323,-0.7803626580929407,-5.225696409541051,-2.4860327924862955,-1.0964329557810586,-2.032635673985193,-2.3999480651916096,-1.9525983006816723,-1.7211153054157915,-2.593771312315426,-1.5239699570929115,-0.6025123560950849,-1.4783274433968456,-4.385301784407828,-4.775869012545125,-5.024732854811171,-3.668700215070802,-5.097417726468623
-2.849393962474194,-3.0149967648523335,-3.405047859691019,-3.3408656804212646,-1.4814843262970236,-0.7765149048575615,0.7340002404712224,-2.3279409200370647,-2.83311757413143,0.8455533385677318,-1.0128312664344463,-4.543377518180764,-1.1600535196343722,-1.0664454169553865,-3.0612932935795247,-2.2982510577284128,-1.4215137469813208,-2.9944559309137357,-3.580646783790369,-4.067889014067508,-3.4313983941138835,0.335069422531451,-2.971768503522742,-2.0468555787505895,-2.2083325487366388,-2.3389644920231714,-2.492309035798455,-1.6354696786795462,-1.8139766747934778,-4.932812019551308,-5.445785221083893,-5.750419359464268,-3.7005072812379063,-5.859834172492647
-3.9274321489475787,-3.5369001620984184,-3.5227748261844964,-3.7917945748958375,-1.087621790922638,0.12065549742016211,-2.6322139749011777,0.827011465076629,0.15180442855471418,0.5604375354436478,-0.9587956549752166,-1.6744798283511,-2.2145978459567837,-0.9719032378859558,-0.7986895037373697,-2.1207025490078393,-3.453727130526502,-0.915439972920865,-1.8236335390541967,-1.759368070710631,-0.6171049942866614,-1.2427320699421174,0.6094481742566227,-1.307366607078452,-1.9927392430882516,-1.8104999590117135,-1.7470101230651982,-1.08253410439854,-1.7888409661752838,-5.149480999544139,-5.339496020808972,-5.556606159192047,-3.979949785181235,-5.031012300133783
-4.061505658506481,-3.9715012041867612,-4.206403101088376,-4.69623669152725,-1.8573968000682457,-1.2896616963472667,-2.6864126444397454,1.3340457912203656,0.9975589764577589,-0.38682387182345274,-2.937712762653279,-5.301430237204198,-0.8183401685061586,-1.559486485067644,-1.0868211356412802,-0.37798714855496585,-1.0724895852675764,-1.0683556464179573,-0.5173108737590406,-1.0912163136366928,-0.5724424819861477,0.40135105574539987,-0.6747771010418632,-1.4224312112833606,-1.6815420295478218,-1.9187538076423887,-2.099927335425346,-2.254045827210581,-2.3833269462043467,-3.6654510746652953,-5.420192488259044,-5.477883551399245,-4.365258090435478,-4.287900173770622
-4.296190047915551,-4.424157560175822,-4.179618314736053,-5.188168950947595,-1.7784636480623068,-1.7961852757569774,-1.5435584379110632,1.2237633405664927,0.13198072151718518,-3.0409113054666763,-4.257933375085742,-3.811241206068036,-0.9179408476382187,-2.0691155797481526,-1.539405467393773,-0.470637004174333,-0.8824546171239119,0.06172096960407112,-1.571145870084792,-1.6856709261474794,-2.270165868548908,-2.53840869369763,-0.8091902178000269,0.14167674518863982,-0.755896304776123,-1.5303556727269048,-0.1660927155286942,-1.254283702757066,-1.6699287252106214,-2.3503380954124626,-4.153151633224979,-4.857422588062486,-3.077257421470934,-2.407536125981786
-4.730615456987838,-4.847361445261038,-5.094359545168846,-5.558776343803234,-2.4725438356911584,-0.841075753601138,-3.7320796970040364,-0.436231581605487,-2.1622129362071227,-3.7324955206574355,-0.1779719835573644,-1.1599939650601938,-1.1925016262170451,-2.4320947695374784,-2.4468777737728824,-1.1141356534158315,-1.2988976374662873,-1.1726570096661,-1.1536822812282443,-1.2638419653080026,-0.9617451205732789,-1.4093345933492751,-1.3479168337504912,1.0596080961990177,2.0483405286754905,-1.0126362300126301,-0.49189301513462796,0.045453880399254826,-1.3262372695348288,-0.11633116363678886,-1.7734632285600116,-1.3449028610347966,-1.2567238517656194,-1.0028359810845886
-4.678306069067627,-5.002990768233466,-5.675447829119658,-4.773772827147348,-2.292372753173789,-0.754073405412218,1.0928568007236399,-4.3440721750207345,-2.730814978509381,-2.0149558606979925,-1.966964159297242,-3.4811636910177977,-2.6578189816805953,-5.122345430743256,-0.9158687845343193,-0.4732592609286722,-0.7130175862022835,-0.7734433364912291,-0.6879756319477794,-1.229913051238757,-1.4829631692436902,-1.7411594212024775,-0.33551611836259326,0.6605461163047682,-1.190097652865048,0.489168932977287,-0.39841376324681343,-1.5765892907935644,-1.297768600266564,-0.4954862388712319,0.052068909199141505,0.12043144861825673,1.3150553488333898,0.8491772853438676
-5.482729993375709,-5.107338324196955,-4.56550772326864,-5.988471861781818,-4.530301061462047,-1.38272271030247,-2.9671839560223905,-2.454337265300082,-0.55703519949934,-1.6022423119672593,-2.5663878206848527,-2.55022646240393,-1.6266990853931382,-1.5798049255615056,1.0742060856288036,-1.309181187922702,-0.7071416688972142,-1.0607074270386854,-1.5910256391886093,-0.8843760249053377,-1.2230275142414817,0.20989339341894758,-0.06775556097751682,0.744739176316477,-0.3007504415847938,-0.5619844505065343,0.8399003504632265,0.5317870057141152,0.6395012385815841,0.48563185903553047,-0.7123537388171847,-0.5250368961146222,2.5200605652561543,1.7188444778646295
-4.696292328450049,-4.619780846786258,-5.921629804235255,-5.513482296983408,-5.818476521169005,-2.026416403447512,-1.1098928807375756,-1.0553786176894902,-3.78216564126814,-0.8194240939882499,-4.912901285488573,-5.258865045952054,-2.55102999126624,-1.2632756247798385,0.1943665431081884,-1.5314640820886198,-1.8396680019683567,-0.11468431176014668,-1.2738063937178339,-1.4480136036975875,-1.271647338768554,-0.06810733419794421,-0.25075903195268545,-0.172681305860181,-0.8245322164584655,1.124756917078965,-0.3420097748648072,0.21292042926499116,-2.0520699201943997,-1.8893312527470751,1.0212830515485174,0.5668262469939693,1.4255450231985416,2.4988590176135266
-4.976970532499181,-6.272623141482642,-6.413464101190526,-6.575461241634642,-6.4794829676092665,-2.3070836807054067,-2.2847084846320307,-0.07832815540761524,-2.356398439798729,-3.382778440259786,-1.564139814823314,-2.541908092007481,-4.313254687699944,-0.7925863750903139,-1.2670857043408121,-1.9128195033618458,-0.5257101049494849,-0.8301804299985869,-0.40085366464187755,-2.3779527711336566,-0.6427716158710166,0.25709172221136756,-0.8987169824163939,-0.6435477500565301,0.033444304966230014,0.8379334859061134,-0.5070302354970732,-0.5689971934775313,-0.16006000219580876,-0.22014717405395812,0.8839746553603719,0.8397461078489381,3.5392664697978145,4.443785510635091
-6.070064956977846,-6.416514338204885,-5.674109965393369,-6.3284677512804794,-6.347958971727845,-3.0842365754602996,-1.0334194868755586,-3.4472885245017544,-5.884315269497013,-2.827424528163236,-1.267590739114462,-0.6932046422321922,-2.077614093059604,-1.0359573002246572,-0.16781911314740378,-0.409063393130562,-0.9969327044987056,-1.0137193358551242,-1.3875581666108363,-0.9760729765168128,-0.6307890833550382,-1.4637815465766364,-1.7603440023634631,0.012950382169032673,2.5963841855489265,1.1375438119488468,1.9179533308493177,0.27050413472939705,-0.29649197349243844,-0.08789455626697192,1.7995983245910159,0.2112799296033052,0.7206867694635634,4.010597160981795
