script/wind50m.json
[{"header": {"parameterCategory": 2, "parameterNumber": 2, "lo1": 6.000198445256149, "la1": 58.999992894266676, "dx": 0.5, "dy": 0.25, "nx": 22, "ny": 24, "refTime": "2024-02-23T12:00:00.000Z"}, "data": [4.256546917211063, 4.231659863030062, 4.259259052529087, 2.743120183109798, 2.8037148196500907, 5.31278751751794, 8.484425621846169, 10.392925221587808, 3.7316285866424845, 5.457776656822896, 7.8409428566201225, 8.03403165130129, 5.773166317902986, 8.476361515097919, 6.061161234293024, 8.351989667949, 8.576496458830164, 10.797175616397125, 9.598129580606658, 12.208492598501538, 16.61908925811319, 10.676571329234472, 4.488229254088171, 3.95047772289155, 3.862884892782264, 3.1346026739569703, 2.1564336878290957, 3.4054999015539655, 4.3652202726065585, 5.432312952735114, 8.529508058226547, 8.440593136387427, 7.814993059931801, 7.136917589394325, 5.446022964998516, 7.686662598258534, 5.178912024856448, 8.913956174117779, 8.962550289369705, 10.306914550045233, 5.209156388286473, 6.508817671058777, 5.632877043821664, 18.67899489433886, 3.247604643866761, 3.9309185556772213, 3.9901424844651334, 3.033796265438843, 3.296701663276748, 7.956444790365094, 1.1772159106363072, 7.942402939687241, 5.281638256299412, 6.4198766208516815, 6.9197837623086045, 7.381736278417576, 6.906061135493717, 8.507630217529005, 4.095205886873181, 6.559746552506072, 9.325349353709788, 6.045705690121574, 7.35736483607255, 14.741314248892726, 16.65724480609779, 11.277297895980395, 2.5339089650634836, 5.266996860845391, 4.168198390762101, 2.8720082319220595, 7.470745171297262, 6.720529529726865, 5.865041739592753, 5.035087031907703, 10.012310657032888, 10.39891112924918, 8.729530793087084, 6.4694865636048675, 8.683838899820305, 6.127474652267472, 7.758908888032221, 6.473562509426896, 12.18466704831052, 6.049250357491634, 8.624323421067718, 12.416083068844706, 11.09444048373362, 9.177703848727859, 2.9666913767497944, 4.598901340699229, 4.395754795591706, 3.4280545967112106, 5.601166866526142, 6.838507681093472, 5.583632604053762, 3.3924719490275996, 5.104725241560629, 5.049640995228994, 6.2170415346130685, 6.605489540119593, 7.537178792379461, 4.911260555969471, 7.484081236201243, 6.735761572980667, 10.50206988927598, 5.955111806241534, 13.23018930490577, 5.223156130089659, 10.611130577398477, 19.014012601024106, 2.655366546208636, 4.21927842005098, 4.4662849313564426, 6.196461450787883, 5.689054685276702, 3.1529911585973647, 1.6558238417212932, 10.112296805115626, 11.051447975306727, 7.754265191347444, 8.526512951972501, 6.147309299381147, 4.842341293312614, 8.1121566062439, 8.444461963823702, 6.483373859593661, 5.305157295766575, 12.28706740568564, 6.013844203795156, 6.116598794454024, 13.824345983254226, 13.057144464101318, 3.381108345031007, 4.412962419392151, 4.21698414281158, 5.379303785845331, 2.771885888522111, 9.727032691405174, 7.723179032855222, 3.7534784638783427, 4.6910314244889655, 5.277410389761854, 9.230681276158915, 4.683314211645111, 5.669204789397644, 7.046728597905613, 4.681366128721489, 8.178483398497594, 5.7613379981196875, 12.015415286472757, 6.67758074921083, 14.930329813882329, 3.7632425235314906, 10.584526890400884, 2.882283289492022, 5.75878672267003, 4.340327678289549, 4.1934962605873105, 2.8043584134578445, 5.772699796784428, 5.346302286064262, 3.16231161068955, 10.754401150305966, 8.822492258506262, 7.1313843869365705, 5.682051246523657, 7.199138317113665, 7.57211947108827, 7.086971582320825, 7.005827371324768, 5.383700373832446, 11.36963465114758, 13.051733613013221, 5.107144279985406, 10.914770896719704, 8.855454785777107, 3.205494336261663, 4.775129135796366, 4.563895284955841, 4.8285794690725785, 5.7731173129925795, 4.867470969553737, 1.397282983574261, 7.630531469143389, 4.706003865009084, 7.120321636398447, 9.48031984337468, 6.48513427643123, 7.371906136668453, 8.788716333326729, 9.593290359049076, 6.485956333912519, 6.244261347111757, 10.846863126417505, 14.358617829707415, 7.205118100207945, 12.007073758237933, 11.20077515752585, 3.4454945374367707, 3.241055485422642, 4.0907719294373015, 4.716066166342354, 5.642845424468459, 3.1347302855822434, 9.392258501831453, 2.544082813127129, 6.740935037195076, 6.484899318422786, 7.263078155131893, 3.89466379995753, 5.880769218671759, 8.722417343050232, 7.00262783627501, 6.751309406280403, 6.155650588681755, 6.176123366334862, 9.335130504274161, 15.969368943920186, 3.504627754258889, 9.16667642672799, 4.124765565171878, 4.052956916552234, 3.807689897742227, 3.4462338401627646, 4.997337194266701, 8.844639279357471, 4.354979650985015, 7.799010079883088, 4.695557321904541, 10.4220667825611, 8.729602102172468, 7.421292993216033, 6.308791711330673, 5.869747908053694, 6.780297617932809, 6.55029896851522, 4.567709216835562, 6.421070598395584, 4.980789287576013, 10.17517593809272, 17.75692480529911, 18.553709059052274, 2.9834948072696617, 3.6761019689337227, 3.9812895798772625, 3.8382229997988757, 4.392834379978709, 6.747314370961092, 0.9833740066656499, 4.902081307530708, 6.573422487728329, 5.30697105558388, 8.978726461591778, 6.752768997262339, 7.699337324263549, 4.611517422991079, 6.73711650625484, 8.141547139126716, 11.0469474920322, 5.786991488526802, 6.744728287478841, 6.550016189219924, 5.052790338906306, 9.407713399939498, 2.8382522916397908, 3.0147280567221784, 4.637048438013641, 2.5871520791107603, 2.700686164099725, 4.689510961921395, 9.344196989574558, 2.737456342913226, 6.466622482455778, 10.719780627562821, 7.311922426858542, 3.678635278049632, 7.745855035252117, 8.013554577132991, 6.1068480488376125, 9.057713729509464, 9.525621959468946, 11.23003791671414, 15.448161480296315, 15.941900230470758, 11.120717204790981, 18.295335383131576, 3.04706712557752, 2.999885527704739, 2.7732306751297138, 2.7989837514889966, 3.505115952452582, 3.0567900313737875, 3.2869540351836046, 5.31313156395606, 8.95694625172398, 5.25923364661855, 8.255965352593897, 7.122500476741717, 5.891667055975754, 8.877343935839614, 5.618350580143197, 6.674734177128287, 10.288366978888915, 11.446573282656475, 11.93082519700017, 12.355276125701838, 15.970220171353429, 9.768315287628585, 3.8045564347885716, 3.2894155130111264, 3.1175687220482957, 6.792164741838897, 6.12916252738611, 7.463387029813271, 2.9045896808372755, 3.8056294323585758, 6.631841609508147, 7.842556588192507, 8.960820180303328, 6.128816868346424, 5.484736378805247, 8.943971335812442, 5.171222322772127, 7.485074202322581, 8.242322710348006, 5.838986908095622, 5.593216062578045, 5.977359382538272, 5.462123811478559, 11.913949518738512, 3.3829412876390306, 3.5890995227946814, 3.408118828854701, 4.325233440822303, 5.333115142543207, 6.197507769162866, 7.390403928330152, 7.06273478657275, 10.621093775391719, 5.8016303768467, 7.066799056927944, 7.166471622017823, 6.9911401529445, 8.683858883447742, 4.327820741692881, 8.632764455556428, 10.391094338908026, 6.369203167948935, 5.823594622126807, 15.753325565728465, 18.054360355413888, 12.325177024520151, 4.307017107773984, 4.082642158538231, 3.3207234207406895, 6.096257850935408, 3.9983095521244403, 3.469705017445249, 2.1970431820239757, 2.2023288157680616, 4.473084666725714, 7.513745983663202, 8.75485765214675, 4.135106972003968, 6.6330563221624725, 8.484920423761212, 4.334619117838654, 9.197173342555335, 4.4284229853686385, 6.877161491281744, 13.406268334579194, 10.847955069960648, 4.176748341847665, 11.763993717051392, 3.299802447983144, 4.217891246236348, 2.533014398351258, 4.796094978846394, 2.291015977524955, 9.846897609425794, 3.217125971079425, 8.148757113682224, 10.877330683544614, 9.974986049895847, 5.080514409527658, 7.25378660691091, 8.886423955966984, 8.774401145779406, 4.0377111048382055, 7.2200161295691, 9.895237062890843, 5.866505187367577, 12.610216832363891, 5.898890788383815, 16.01425693276556, 11.901549692263359, 2.4783216387588496, 4.07379017087947, 4.541032146592102, 3.388223728148405, 5.514802273678621, 7.050373155735496, 5.835631916513445, 5.682241954656504, 3.3955572517475474, 4.823593661153446, 7.245383642280284, 6.971273227850373, 5.103223541400591, 5.401035785582201, 8.995464208167084, 8.493542075309913, 6.018293735314715, 12.566146765481559, 5.260608055321644, 15.30252354902476, 13.939109397679992, 12.451844211882094, 3.1793861815218523, 3.3953792194196923, 4.524146062867957, 3.9835253100346084, 5.718357497255378, 4.851468802630625, 4.278749493381553, 3.939339007787582, 9.11321876112383, 8.492001387295131, 8.028336262232882, 5.449815846265035, 5.781129276175676, 5.167702648126179, 9.20889346948245, 8.665761684448071, 5.872449553988348, 10.286869263249052, 6.853169603105016, 12.142707823791486, 6.058230703478168, 17.901599117100826, 3.6907138184543746, 2.636184273884114, 4.643677170301053, 2.6612431912969665, 5.035281332928571, 4.610023191880026, 0.9772939018874706, 6.670412142190724, 4.182365155829435, 5.5061909882513955, 4.661448429899502, 3.673797547357123, 7.52818914212647, 7.799917175741094, 7.783136845563595, 6.390701870600871, 4.076053332421156, 4.829203421562328, 14.19139052157988, 6.896180833718152, 17.352702979164253, 9.048175080203999, 3.5971962000164486, 3.173355995226423, 4.343896655928463, 3.7164533702655573, 2.6230164556892994, 7.1224312341845915, 7.614973204867748, 3.2618026510890283, 7.2682789276835305, 7.858157688437658, 6.970077792701471, 6.347034294558762, 6.538202647287549, 8.690701354903645, 8.323472835244575, 8.98582283718544, 11.096423819914742, 6.4524192497940795, 12.799825766773104, 7.490357825381365, 11.416482025012808, 15.351064452207043, 3.4450627234804485, 2.9645132028592984, 4.216161659330836, 4.822847320419306, 0.8356861283118524, 7.075125330596986, 1.8185777432161767, 8.900099023390952, 6.533019517763139, 5.521975650023766, 9.124021734626865, 6.771522184245747, 9.471016995051999, 6.883941404415626, 8.608962898008805, 10.800564752934564, 8.551309713125251, 6.5889742904184105, 5.340758006345947, 12.933901284231482, 9.519224324805243, 7.595760662150781, 2.641472651972039, 2.9858485161053796, 3.6476780934442, 5.984943656274637, 8.49693118331039, 5.61206144483114, 9.530213378412958, 4.418497715008899, 9.228174602100903, 7.685637165420844, 7.612149856672616, 5.630888515691912, 4.83384282638651, 7.995691020293811, 8.24485895890959, 10.880166074791246, 10.236003347632998, 10.547668373468213, 6.7610318466822354, 6.179183527138785, 12.796813350462244, 9.435204783465613]}, {"header": {"parameterCategory": 2, "parameterNumber": 3, "lo1": 6.000198445256149, "la1": 58.999992894266676, "dx": 0.5, "dy": 0.25, "nx": 22, "ny": 24, "refTime": "2024-02-23T12:00:00.000Z"}, "data": [1.1511313535637726, 5.418730174824794, 5.536525734388927, 8.388026281494204, 8.56211836378935, 7.413767428582696, 8.093414258575038, 9.096637417560125, 14.43442529628999, 9.464500352902007, 7.333039827332607, 8.056474705354661, 5.926758203167291, 9.699525041032105, 6.396672481629533, 14.69419164437918, 11.1754066034829, 9.622320353626861, 7.110585479961727, 7.846426266568463, 10.690721070554833, 5.506304570212753, 1.0676655152817265, 4.476292427051841, 4.886160732917469, 9.74397360401873, 10.038724981582352, 12.073794818082321, 9.433349288546719, 9.820012556858785, 11.142394445244129, 7.2613774851941315, 13.99432338396255, 8.772002935575541, 6.468922731149828, 8.808007855916982, 5.903123853088159, 13.41307923381628, 10.01713908389271, 8.691306628819806, 9.56914626377176, 11.119197164514548, 10.530287527719148, 17.549966004069784, 3.7799055902796135, 5.346056865963985, 5.179663446169108, 10.805287653081676, 12.450453570212792, 5.014453730789891, 12.903684488346551, 10.420838797461245, 14.085333953847815, 14.076798441733674, 10.533114005024327, 6.256989131073647, 11.732914351938986, 13.649567481036772, 10.2010014884942, 7.978375065166509, 10.934214530916405, 8.69600970216243, 10.035328326302073, 14.614128087099552, 15.497874478657568, 7.213011288167626, 4.0652208711804265, 2.989396413995, 5.5608481880371, 11.32167616691268, 5.892530807585306, 9.175715976670217, 9.153707671269018, 8.890303166045047, 11.196923862470696, 10.899405855075166, 8.664317115168597, 13.18096660235612, 10.708528703498914, 8.561585147178565, 9.759187917541364, 8.435437569983966, 11.054098937453457, 8.935227051483672, 12.838036652417255, 8.0617820908675, 6.896314385305376, 13.130932998493385, 2.1019833353991095, 2.299458763325473, 5.729111470153259, 2.656488840851971, 8.047028989651475, 8.22650573271118, 10.228638467193464, 14.08344245282637, 14.006188815656662, 13.133763143172263, 13.931435834344075, 11.856587178663302, 12.293362412353043, 8.16453034982241, 9.275527654108165, 9.68057099090674, 11.697189916503527, 10.109287692440624, 9.483426281075426, 9.007443679449066, 14.01114028957699, 18.58214546535728, 2.383554831458154, 6.417265324407975, 5.711481125754805, 6.136654009434422, 6.499954591872262, 9.059154146364918, 13.236267325735309, 9.223407735502368, 10.09508905545277, 6.770381390094522, 9.326848446377419, 5.290463060876592, 5.364417421126104, 11.299618383260734, 8.55707876724589, 9.289609219751895, 7.833682891009557, 10.547786740219065, 9.468139061901246, 11.936715308665558, 7.855852970944193, 21.39653490103422, 0.9473344579062064, 5.018022388903641, 5.218273591119658, 6.049250907121872, 8.72777773675689, 4.950009440719844, 8.312427711776458, 10.302340795681298, 14.12675956522656, 13.887668262332008, 8.764707904261847, 14.517144081533806, 8.843276118882091, 9.243924432598437, 5.010517970361512, 14.296209555282356, 7.3226845972919135, 10.74307013159688, 11.067472800335716, 10.32639235639489, 9.603405528412305, 5.726881682907788, 2.4687036167925385, 3.2139860746272184, 4.818790732145099, 5.065565016899636, 10.343191625182195, 8.904021873926297, 10.262609099969573, 14.00774896456488, 9.781785408864753, 9.512756715682215, 10.688417523816916, 9.261865061651227, 11.94151703056499, 8.317433028969576, 6.634732332341203, 8.252486694648772, 7.901951329180253, 7.681680849998704, 11.246948692920842, 8.894118701412642, 12.390070080902122, 3.3366094815718395, 2.3546072573746635, 2.74222490272533, 5.558408617870158, 6.008976393805686, 3.0369351661794215, 9.354604821987149, 12.851395819234599, 9.372236230828621, 14.073184561903904, 10.172242833122068, 9.005172780776165, 8.607512286948102, 12.120486057888797, 8.76644285241314, 10.005681666781772, 8.326246724357139, 8.519539250403383, 7.277533871812887, 11.115999862093842, 11.875291374815067, 6.113824407343765, 6.343479458633467, 3.732384196910783, 6.359188015819963, 5.888707152815902, 6.89250660948275, 7.715370503614098, 11.855056906364126, 8.525038244193041, 11.335946210896774, 10.967300793465068, 9.180271794879355, 13.55398070348198, 5.947198877169844, 5.440553312932474, 14.256714431205445, 8.177493288779536, 9.809054278352223, 8.518726469623145, 9.025670125855063, 7.223071223358698, 12.655772497865446, 10.124635260687374, 3.5123039244383625, 1.3224754000507766, 6.314939104151352, 6.11585673040818, 7.731576932057884, 6.285589417974573, 8.613782933217829, 9.398918075613425, 10.168402972474665, 14.101744788498708, 10.92989236105215, 9.795178055540152, 13.700720871403567, 5.719544915503207, 8.493649040038928, 8.163448153930453, 11.5000928873345, 14.519547688272718, 10.58448288650726, 10.11537852634964, 6.875909952858423, 14.237896932512719, 16.66782119874649, 1.6900341461213908, 5.017630984239356, 5.778220749377127, 9.79337169771356, 7.531346497333452, 6.6906772531936145, 13.216381821247483, 10.576380640070411, 10.330384587316455, 9.761856028058073, 8.245991141265073, 9.122508389200005, 12.225775820193498, 9.403574132220436, 8.56298933127798, 14.866518475709492, 11.02583107352906, 10.373249231310732, 12.689643364018172, 10.611967446463902, 9.371286454844991, 4.473368776031486, 2.482868047790943, 5.484108135098874, 7.5301039220807935, 10.697001625359407, 11.227691887999402, 8.177533340713973, 8.88705033715483, 13.727965056038839, 9.890791034983044, 10.114082705105012, 13.610479546536997, 5.803226581889234, 8.662674623661845, 11.510816431472293, 7.569162724809261, 12.978752831717136, 9.236738425421253, 9.968702990282562, 12.056073324497147, 11.629560317506298, 12.672494773926024, 15.928853225684534, 1.6239063641704619, 5.135606291493745, 8.59370110053432, 10.845902333933997, 12.447973005633802, 11.972519713592146, 9.243841809869126, 9.135561257289261, 9.898780992266616, 13.207778668341623, 9.37126758078484, 14.360153465333479, 5.956116334779369, 10.767052595702557, 7.182201221507069, 9.497963376160211, 8.632041629055886, 8.18553219866657, 8.444828118226129, 7.971756895263481, 9.72188908984813, 4.66270411951166, 1.0139432002209563, 5.18514459805573, 9.436274918878857, 6.868794538312644, 7.386116403831687, 9.605118556118553, 13.910371194092681, 14.249150166086308, 9.571027221939723, 6.687843058001172, 7.511479105387072, 8.419462466061905, 5.8482278195388275, 10.088196230814292, 6.871325138625137, 12.68562005163594, 7.618704692636485, 10.316064768849085, 9.805695143784884, 10.41406912557017, 12.047745502750445, 13.71078438000417, 2.1481895037461856, 5.8765829371092755, 9.127216575625898, 5.46387382698839, 6.346554814257059, 6.411482476787224, 10.229505219540155, 9.453523555309303, 10.01875975996486, 12.81424700190682, 10.38410709593453, 8.838566766284128, 10.494989102968214, 9.17727959372415, 6.760243248944256, 14.23658445063931, 11.368120393554149, 9.29025670110256, 11.50691706683028, 13.024399753640246, 13.1325500402219, 9.822201017191896, 0.8779196768286018, 6.505058875062688, 9.268903114864646, 5.962912024830176, 8.233906189540424, 8.837802803744221, 12.887654287665336, 12.717467886166457, 9.724374048672212, 9.209604173878038, 7.399499682220112, 5.957261555667512, 9.33620621749135, 11.60443071824182, 12.38872551034826, 12.747344432089193, 10.474301497325245, 12.67970728590976, 10.967128433326405, 7.198571597861551, 9.022808798254168, 13.991737952811256, 1.3534672011072462, 6.336762825937403, 10.005617212245212, 6.998079051396041, 10.19873552768603, 7.182973915589929, 13.34972748913771, 9.028249458500513, 10.27107013188259, 9.487367518461173, 13.892062448492771, 14.267623410014508, 8.53860103708499, 14.088620314431278, 8.143252033726155, 8.872839028900124, 10.530927564852036, 12.273398792071257, 8.743404943935877, 11.268347423469491, 15.928527193334869, 7.994413892309287, 2.402797173636264, 5.583250856130489, 3.2484756242959603, 7.553614627916692, 2.7479123075207443, 6.799680128810065, 9.050670870404126, 9.776324156857132, 11.813373273437662, 12.647850962814301, 9.49698263310217, 10.050852769675865, 7.927160908825923, 5.948231256121473, 10.68076161516123, 7.6403068838933, 8.046982665482203, 11.162481467218218, 9.639020902907243, 14.593811171567245, 7.775394860655118, 19.81888508463059, 3.668984884926879, 5.039861566762038, 4.0337987151465375, 10.309681493342646, 7.670448220531871, 8.274827908086843, 9.103962990147396, 14.262704694116895, 10.314038563024134, 7.12144670501878, 6.774400636852344, 4.918934540281449, 5.853258821059007, 8.936422896357737, 11.269610367209825, 11.241155704033028, 8.133097334747486, 7.75252455187748, 10.990204268295402, 7.780060433697735, 11.126199130781652, 14.711032936463244, 1.1796144112748104, 5.2834761829455985, 4.815242424445409, 11.060076317659089, 5.950116812149421, 8.376993875052989, 13.264577832761887, 9.695992369364497, 13.721616788127115, 12.553356325048586, 12.39183481468574, 13.753871271360815, 11.374981666110648, 12.003585323087957, 9.017009107760112, 8.015480010740069, 11.552400831101835, 8.882930131278192, 10.461174338906606, 12.419440495269553, 11.612062935387502, 12.758899879603213, 3.627778901889223, 5.607858604421508, 4.392832951373727, 11.37909888743342, 9.324751993847906, 9.28770633598097, 10.45089788945754, 13.282922322282172, 11.105806141580908, 7.0553585508883145, 8.598782483317695, 13.042532220627233, 9.19400222701029, 10.977698413864012, 8.961854343200311, 9.186369528142944, 11.061252782802464, 9.421002013008389, 8.899490304158347, 11.01689409756853, 6.838669508757305, 11.92041383401766, 1.3602362529962135, 5.219357278373296, 5.240618305396465, 5.88014494033342, 10.971284826391605, 7.730721114396251, 11.921445531371965, 8.783617920524255, 9.462089297614243, 12.627172756720217, 8.89660347539618, 10.84610949508517, 9.448916284226582, 9.22367020173498, 8.497465239973566, 11.347084567117102, 9.627820757483308, 10.109304101262943, 9.58766394286048, 8.977744637104035, 11.503048558937289, 20.48440647168133, 3.975139208464433, 5.249826564441319, 5.983265886813471, 5.686069247868424, 3.236484491471716, 9.462977649263664, 9.180039324056988, 9.99418849632673, 9.910504111245872, 9.099148502132476, 10.762017961653513, 5.360776142365218, 7.536627477654786, 11.945423394547685, 7.852607504893622, 12.486080127012078, 9.208125723720773, 9.543558230856805, 11.785353750052224, 10.894680886098342, 6.327763526287906, 4.617181268414221]}]