script/wind250m.json
{"header": {"parameterCategory": 2, "parameterNumber": 2, "lo1": 3.000054539987559, "la1": 64.9999836372058, "dx": 0.5, "dy": 0.25, "nx": 34, "ny": 52, "refTime": "2025-12-16T12:00:00.000Z"}, "data":
[rows 0 to 24 of 52, columns 0 to 33 of 34]
10.267310739081886,11.371702813315432,9.962879479380055,11.360324084019123,9.115692853722614,9.53759477728818,9.061739766194064,9.063246378902235,8.353294953050984,8.224755680086927,8.64742928796889,8.624854786894089,8.438333208742964,8.6983065999073,8.097134154245747,9.002906968971129,7.55240193429669,7.849524537514765,5.621157346529176,5.280870635550536,3.761480104677294,0.056117364045081594,1.3505884629963802,4.163706230343695,4.385965338405643,0.9997294810595561,1.8804443706120348,3.273578830874947,2.583829167837498,2.2512453161798436,1.8906797951943441,2.4463020237650883,4.054140055170075,4.9966127153196265
9.565488003962809,10.902305657497187,10.705058280833224,9.516971610956146,11.483514125327812,10.037953264447607,9.525228971930403,8.962859536434673,8.21327731592423,8.743351420992683,8.69429013626982,8.971277655939053,10.077571585947029,9.71596534512146,8.027492253088443,7.659608628712019,7.971802650427596,7.101382421846227,7.339787713195595,8.381231720300956,1.4909763624212362,3.0508657923876337,-0.014588571395182189,3.0429846799877613,0.3612764964541113,-0.15989947837807444,0.19968413528508258,-0.21763566994319755,0.9452362920246659,2.6024006278129397,1.726307224535538,1.0685679329645228,2.1171674548671144,3.24975959209874
9.783470161003667,11.088488051134476,11.876656039334849,9.097963150633614,10.300520256057371,9.931701029590261,9.673777110392392,9.795106589177902,8.569997121650438,7.292717231212798,10.261757853184015,10.334595015470542,9.910491807825489,6.747377221422973,8.671626122342458,8.401024455111509,8.594262427085324,3.6371173242291635,2.714861240314151,1.9023548541547812,5.771984233938902,5.133378475658808,1.970319692362199,3.473837631156129,1.737580753849781,0.29690389524571703,-0.8609808817503495,0.365500140127596,0.04286261416164348,0.528556630534479,0.7305514654331923,0.11728699112862856,-0.3954491044719631,0.1564643046784338
11.74759279124337,11.510705119268252,11.165734883127044,11.64967792681005,9.303798929157324,9.473189218066816,10.71539770251631,9.82639087576884,7.755487194094793,8.801493404618702,11.285811461987555,9.325724361816455,7.2563929224638954,7.410280871480527,8.680016495403821,9.3249124064307,3.8079747247924947,5.113392070074583,4.534093475222807,1.2519434984598183,4.511940241315951,6.157713144955543,5.5759624950812,1.9894417959862436,1.2677996811070156,1.228619419382687,1.3546410164466434,-0.2583906353988439,-1.7882785627717295,-0.7317972575899921,-0.17092433149295652,-0.6823139203986403,-1.6669866926683041,-2.746455115086998
11.396191951154934,11.777556614065764,10.795086790591323,10.340990795637614,8.69805408466972,9.88959287829785,11.043582951170173,10.287128859579752,9.036846390682197,11.172853327726948,13.658785314633661,8.531993182451192,8.515842421583251,7.67112452632691,7.414384993480237,7.479785155701386,6.227427783576639,2.612265992575842,3.489598708872932,5.031923495926378,4.646972499706143,5.739334764959713,0.7573164769463784,3.535427518471012,3.4855480578892384,2.5489519130642924,1.9017007712293768,-0.9078246529498751,-1.0530778101992584,-2.3790898711488038,-1.3228921333879469,-0.5840786818045725,-2.35109647273612,-2.901004958010543
9.624884654059553,10.560236133657515,13.708531288511129,10.432893974600425,8.78370244583317,9.741138448866462,10.9744327427396,10.380689702353575,9.437237646502025,9.477812557845873,9.089638609281822,9.071740191651783,9.725103927317,6.949466314057013,3.9466130077152024,6.055483464916931,3.9499126886613642,3.8069471658892855,4.984618280507791,3.9421137333596237,2.670999413912107,5.621787103142806,5.433052692050743,3.2873953559784903,3.075089237687679,2.5758852259311844,2.7417936987936575,0.20984308254993753,-1.3977033764802806,-2.648955312494614,-2.809850395773186,-2.025602165617601,-2.582991008931916,-1.76201561281194
8.662091636729327,10.154556033571211,11.982090516917088,10.125701049431575,8.921027495671154,9.606964938286804,11.06148684414912,9.145174572169756,9.884502865453863,9.392243556662454,7.638422660186475,9.158065393735667,5.803553534772155,5.842168337071117,1.1110185352518656,1.1656992530235717,1.4027268330514648,1.520916285754628,2.494244403320604,3.5800418041189084,4.517819098301582,4.79987301167429,5.122592915941465,4.20243648770403,4.413962409055324,3.503739135636527,4.63478367694461,2.68939479393044,0.984998364390931,0.6680310019016843,-2.1448686669473958,-2.051485097877304,-2.1394241492064254,-1.1699327928702907
10.939681163391642,10.060508687760645,9.341708260436109,8.255807972943465,8.763603695865207,10.026527536152589,11.295964023237431,9.289815485431307,8.05743932491354,8.738812678357105,7.357232718700245,2.473942884948846,2.7028264769267976,4.10861804428171,2.4324923850149336,3.389927753823222,0.10658936295713564,2.45875536896373,3.7901952452659873,3.0950897362993137,4.6508200877597945,4.598431258685334,4.50627515896854,3.515840534870375,3.438642360020405,4.294369567193999,6.143078714697772,7.229731963621194,2.87454462526048,1.6086915227827603,3.0611133150093623,-0.7458327317764386,-2.5823654352580454,-2.672464930782437
10.930600965530369,7.450869366327445,8.462084542777824,8.023103808592555,7.669535147826969,10.086993609798933,11.096876739666099,8.197355538283803,6.518999546372245,7.131732178333103,5.010107709264858,0.4242481281005665,3.976162712476898,2.6192777893973314,3.0783952131964596,1.964868653549702,3.223383421513744,6.564840387004236,3.271866561019612,5.95903544410568,6.9004852093413485,5.405701789639415,4.9273495121683295,1.459276002417465,4.599429871057923,7.99300343820518,9.323762753016826,7.588158091231722,8.74914728968251,7.7281338572357345,5.767253131406366,1.2505486429624697,0.6504953306618869,0.5451233703206879
8.618555222410166,7.826616547849779,7.717510148366649,8.293365107643652,8.825116173024469,8.412559430112408,8.702855215896529,7.0526268770479605,4.0034772695042795,3.1158234212015463,2.899332188100808,1.4072589021083834,3.3743148363911533,5.145321498385774,2.802131066905485,6.495698981269842,7.162793601332525,5.499390585532281,6.205214829493167,6.852789459629035,9.138280715026568,9.264337308876797,7.708792117010454,8.97266162862664,6.670459909572472,8.562709995995935,11.132792724471122,12.468065949028082,11.32945972409954,9.914109706531818,8.583035999313054,7.180969648165429,7.584006328396823,8.381362777729601
7.805488824962624,7.428637457490984,8.085328761060083,8.024733585219368,8.854001687966543,6.71960483147775,3.7300179278892522,4.231856699991777,8.039723669812721,0.38622449168436146,8.002220439206218,-0.8942706045110456,7.421129258989299,7.381399958296148,7.705246335285696,4.368530228481769,5.306533973590624,3.797942273211917,6.491619416281113,6.863800200140027,9.789715110146838,7.346000037637339,12.425336644955522,7.393760059280641,7.884477847715963,7.890574831400098,6.6578330917653945,10.102851585507644,10.389005502601648,7.01640044903657,7.576078729943339,9.055188563964593,10.33894844235786,9.453801444825691
7.280237934483504,7.07338233642891,6.8406060864072895,7.142275582791102,4.809324690819199,4.0308421305727276,3.7100010025101757,-1.7385895061532497,-0.1579182390671242,6.31887616631484,4.365103045120692,3.644357299103127,8.169668615704405,5.816005546796227,6.782681561661402,6.167437366524022,5.0442471404860525,9.534747155230017,6.598128129527432,8.262669036329871,8.683475036038832,8.603012801440993,4.926292817138294,10.181972730096335,7.216658848923891,8.138341488279599,9.169578587608957,9.453014414627274,11.05862686942711,9.89865915545997,11.995336880275573,12.551858968630865,11.619042688772357,11.035108524048672
6.97203205034894,6.742321842878582,5.666387981655756,5.896964157384079,3.490398267356409,2.7887732799903806,3.9545587675002847,1.8789723731823218,3.7352191027056643,4.546744346538912,6.486611235920818,5.680889915096684,6.080567624873196,6.4752613907345795,2.2821329258678675,7.650186294699123,5.246990755137524,9.888261360764798,8.413425415893753,7.568415352537619,7.064365756466154,9.74471131645298,10.048458655301133,8.287154163835618,7.940440762166303,8.084915632804126,6.897551951186052,9.89882992690503,9.997349241868948,8.320858801204098,11.1500589558932,11.1718739737643,12.678706606204358,14.563342702930283
6.577994901268592,6.303590142734145,4.932941922486425,3.3935042038969887,3.193348769424949,4.830428556629367,7.4881071099352985,1.7939928106241865,5.7905497492281786,4.9044542549702586,6.37404409714553,8.87574199508257,-0.13749904301468666,-0.23633863433226449,4.502879685459885,8.204216030113134,7.713988246788377,7.588828018342206,8.136427025448066,9.27674365528202,4.177728931100946,9.060995689422812,10.329414759085214,10.935529356405604,6.986678899439919,9.634667675080328,9.289886761312205,12.492314878260869,9.924792761883447,10.428654030179823,11.215581250327821,13.715086568509115,15.13266569986662,15.046639172674148
6.5204382890165,5.353959629208143,4.498065909401591,3.416331241918718,1.1954547707961038,3.3993047414010196,0.25733824165815783,5.9483368812070765,0.7871256555797246,2.83457054977693,1.284719130080589,6.638555853894183,7.545051217061118,8.956050648302657,7.284227938746495,5.832748229027639,2.5128323162527133,7.275072855273177,7.317811224527225,7.687177278832711,4.557751220302824,6.728419484432787,7.947474445436413,8.514678606608014,6.239618155131485,7.986124836149031,7.520244050289079,9.549821012081495,8.742040130746926,11.27147958037096,12.684353599850756,12.750150920603488,14.665540942731244,15.39900496632891
6.002736072725811,5.046646870200649,4.43729856195467,1.2760414130654116,-0.35987908215544806,-0.33058776212772467,2.001005197098085,-0.11980670804725349,0.7067328409212452,1.445029776726169,3.072583720963788,7.172476636230387,0.6672124868068589,5.907114863126601,2.144612553175699,4.998492005648458,8.852403759496195,3.372146464117783,6.304824947484966,5.713026305186494,10.510668784830365,6.169006774808685,4.5370682739244454,9.159490982328373,7.767232363843417,7.80104782476491,11.632229893847633,8.363439592819336,8.979396185058931,9.272255986006527,12.69238591377419,13.137222673200911,14.721532602283903,15.522164773773401
5.7784388847870245,5.165580573840829,4.5947518693689675,4.451040209792243,-0.37112163597757175,2.798285587543498,4.955274595844416,6.038346982756333,0.7090622981658143,3.792378150838555,6.256235295967044,7.581819977000738,5.3206089809253205,2.2442352391101457,1.043200557221161,-0.31503192108021144,5.403476656863801,2.725383706237061,5.680708373139704,5.036674754777871,7.299000324350608,7.23280524134367,6.371238288977619,5.628267452652236,7.845150058322675,6.704425526232024,10.011794555823737,9.807489435647481,7.3995286881505535,9.780567135436641,13.296932809140253,14.058264580327847,13.91059397435163,13.70315184696117
5.996242063477419,5.328744465403698,4.588855700047139,4.274155866498997,0.873756245569359,-0.9679837540341536,3.6674947586678255,1.4542016276424787,6.117159161167867,7.011353747298492,2.763173014780826,2.575551506505415,1.9479453000797171,5.6160934840285925,4.478502498223806,5.985432765207108,2.5415611254261634,4.882019122999257,4.961223279619482,6.8013976122963244,6.2453525672650745,5.720476357081396,7.153781724405879,8.712192323574872,5.614393478857053,6.981820416428193,6.967342489428806,7.330969025998342,7.670233023378447,8.77947210982377,11.432155784972222,12.396691742125558,13.366065438236882,12.618397417880052
6.081870768334497,5.4215095463641445,5.019109949593226,3.918202545745573,-0.193168657905947,1.5775262728089174,4.255971277587338,3.7146103450870114,2.659069635258084,3.208084565840832,3.836222764155429,3.121466134234764,4.96198920895075,2.4498215119643856,1.3070628753727784,2.8723020079235004,2.842212245586025,3.8793353332501495,4.482092473044964,5.289211478851274,4.884032961354192,6.728099672614179,7.042119434478324,7.620974834104668,7.833023986123498,6.078891698803488,6.913270870101256,6.577066718091503,6.569571099907499,7.499162108187834,9.116845988979325,10.36277711165634,11.200793884515653,11.620540955894032
6.35795787477945,5.487760434934994,5.172190272253305,3.6689084324638817,0.7231865078851211,0.13365897232492657,0.020946793805704345,6.075447222878249,5.7798086960095425,6.3286782946648605,5.43453744238856,6.150013834188014,-1.1698961792390254,6.915831619703116,1.2970627303107478,4.140704474986993,3.1399580397905567,3.9851100500694314,4.360291319749402,5.20111788694255,4.00698734248848,3.784745583425537,6.44587867556908,7.527029317938394,5.92138551868015,6.846152872573671,5.952254069942732,6.4794468126343725,6.2655524258551765,6.744384859254059,8.013353104251298,8.863470060083145,9.623813120342605,10.493250081406211
6.023709549815792,5.741141274500326,5.571448893869569,4.3353526144237895,2.3867631270966854,2.18981832185782,1.1774802746689181,3.1228726656895134,5.775356724775741,4.866016187624535,4.692849625001518,6.313421950198413,3.3825735904782417,2.5055047549518514,3.089810852040702,1.4698670097586588,3.6356694050589358,3.2715200864853236,5.5485693597559695,4.392558341018709,5.146600592299596,3.961859181831337,5.350950888660787,6.022429422427364,6.777822086533732,7.774164234200103,6.857770285738914,6.418473549560364,6.337502946135428,6.703574416123342,7.781420311074603,8.586972592114027,9.092215276956543,10.84044347106576
6.11319505458216,6.108754946315386,5.553793424527529,4.91251420616415,1.7977852987962246,1.5752022549266596,1.7582572200009796,1.8879038558111105,5.377130714226973,3.4170750178900726,2.6647966306694486,4.532853120121189,-0.7645070231676344,4.171822432588976,0.3590199337825822,2.156582431908889,4.209531577170819,3.4112193705272578,5.658301262645337,3.271431175950256,5.427093224463971,2.672721924756862,5.72741279467379,6.240101351377325,6.518754852619364,6.425206486260461,6.371668066902867,6.463864170851295,7.459271728242716,7.477880188799277,7.290304365577935,7.725127756377957,7.647509681866552,11.472041518787558
5.663911940637918,5.854487837598689,5.049261832027464,4.554531623939086,3.0657025670375027,2.270592483668544,2.4702548708590037,4.381133663804008,8.289016818325237,5.77282219938826,2.1011569866074122,3.0687327482411217,3.954647664745557,4.15268861439137,3.9541115231800013,3.3573732988182257,4.507270672093277,4.761673140044846,4.402422433918694,5.846919824273322,4.512547514419539,4.10321632591381,5.758731170910193,7.091286265481292,7.543890339008375,6.723007296978537,6.810650999746719,6.9143231663744675,6.507076832732954,6.492416648501704,5.782931064055641,5.400344959064429,8.908812533173485,10.714249099177152
4.812376641145197,4.563392784397585,4.1436681272427744,3.4410525651375434,3.0166448163433626,1.1989681653085753,3.192213362821379,2.429162156388635,5.558950617100672,0.9699468721038073,0.8957509254568677,1.2485728223159995,2.719803426212513,1.7449685996179298,4.11758984243323,5.889427084059487,2.79555075527191,4.172527870744375,4.192344697791186,4.389025844221513,4.786187783090581,8.89503480481148,6.748866406901009,7.098085757155364,7.133778635615126,7.374499530420047,5.8699903645026525,4.816849685044163,5.593379887813217,6.367528550228126,6.156592682897515,6.098007515516573,8.694286076298406,10.958467773544388
3.9365407388037412,3.8038107753649433,4.557818121939251,4.728871287425434,4.003467736269081,1.7918063428908844,1.748576043039134,4.554965065206355,5.853502501142565,1.0821674901586151,2.8666407802464393,0.8393459238198464,1.7693997395754142,3.999933154666945,6.673548590099353,5.942476201093988,3.27352454221444,3.7819395614043874,4.9043257529071616,4.109021914257269,5.641851184819177,7.7718556203067575,7.182967937880747,7.005438079510041,6.589155641352343,6.358840953321194,5.624103876922158,5.301857384693063,5.965322309150075,7.302600439641799,6.778919600587546,8.899303956305925,11.543798490163244,11.006551634423266
