script/wind10m.json
{"header": {"parameterCategory": 2, "parameterNumber": 2, "lo1": 3.000054539987559, "la1": 64.9999836372058, "dx": 0.5, "dy": 0.25, "nx": 34, "ny": 52, "refTime": "2025-08-08T22:00:00.000Z"}, "data":
[rows 0 to 24 of 52, columns 0 to 33 of 34]
5.6211862879932415,8.371569617133641,8.43085979886529,8.155658600159466,8.334061159934926,9.379624035785596,9.859822738186613,6.705894168503157,7.069297157297872,7.206994704598395,6.592712570921344,3.578527553417228,5.224403626703399,5.762920119641014,5.184152116589762,5.105215871070594,2.0211258600303803,3.9489221969584767,-0.9753054550272902,0.38834262604986125,-1.6791173016884464,-0.04296836790319759,-1.942965165152817,-1.3809586854832687,1.1941167448153343,-0.6463703572536065,-0.3920893091749095,-0.2850203048965643,-0.5908571054156841,-1.986422540435409,-1.1738016942523573,-1.5506014575491578,-0.7702957001507381,-0.6780287800115511
8.400265701845168,8.963251319328647,9.433819177842908,10.241280562838316,8.993441253010552,8.60627917194095,8.309781825183725,7.882251652563923,7.516255358611808,7.4972496780269235,6.419353300574784,6.2781664445912675,4.707300752312132,6.191871250414434,6.733029124573756,6.030054127191953,6.751026855926238,4.543449538229548,-0.8635324773204279,-0.7196149566121732,-0.2654520506228118,-1.6384351745362618,-0.411140693105432,-2.4509862808417058,-0.523070243823424,-0.7566302348481502,-0.6567590148471499,-1.7215881420151073,-0.9556414683378642,-0.29716492072426676,-0.627623875371729,-1.0795259836060884,-1.0269110136388737,-0.5715955468069787
9.020053460071708,9.227028695553475,8.672744355385303,8.567679427555259,8.224564109909451,8.466637098892942,7.978153206603982,8.476379867913034,7.43741934991102,7.41661217432665,4.634701276094393,4.734466901207408,8.215904447652917,5.9043758957819525,7.716195210263137,6.98095960437336,3.0276491420263065,1.038333640169722,-0.7124773115697464,-0.5875985125804415,-0.9611409114057278,-0.012391831572597866,-1.9046318556959307,-0.5252872360826466,-0.47569240640087024,-0.864525165724927,-1.201227939185137,-0.8258009607978568,-1.0877657799759555,-1.2051980676449063,-0.36805252432904684,-0.9013104711227677,-0.7826301065046459,-0.5622135497110449
9.480240380110002,9.473832371226885,9.241659822779262,8.822395297618105,8.247248008855983,8.828128940510553,8.907823315215857,8.679114620552248,7.792844965238242,8.254657956269787,7.713077152129179,7.530399404323514,5.087532235649904,5.367574542167065,5.491316169255417,3.05864160371994,2.837071120497611,1.6831010494878365,-2.1329672986379737,2.6867469611820525,1.2155327454604994,-1.031342582300443,-1.578977779633766,0.6571737650698206,0.3440859697415047,-1.1976673348037188,-0.3023082152385833,-0.7745606296099055,-1.3301634081784475,-1.0188022969492276,-0.9937634502366973,-0.15403727771956857,-0.30905531300724637,-0.7709858228638362
9.079239281343689,9.16082797285318,9.276172953248173,8.987468800934693,8.629826068093855,9.07227704539931,9.540679665514604,8.92146843927116,8.515498033063118,9.849234814760134,9.656428594294715,6.037433808762306,3.0391292892387165,3.804359030506865,-0.20064450492965044,1.2729300291413446,3.144941127999491,2.1793536052150904,0.47992613638861875,4.379876394005984,3.3338530948983336,1.7866493382580702,-1.246790427366723,-0.24831761208376155,0.169663216771487,-0.4031719524490589,-0.9885605396947855,-1.2571528666930847,-0.32556947507540973,-1.0769554165978272,-1.4733264223444058,-0.9488513982095994,-0.3703356631133173,-1.0694719222485578
8.882175690388008,9.035590929789795,8.647649495408526,8.838896096265447,8.85886041152674,9.49806381596027,9.469340099767415,9.47285629376437,9.730709246601204,10.098032740054446,9.299961449470452,4.5371325756929775,2.7850689648443603,0.8416278206804484,-0.47528758529132914,1.581845749125354,2.729166275441137,1.3269277928643723,2.1332189876432297,0.7254269888424484,-0.7142096748211672,-1.0423208445378753,1.3032818483013882,0.7261161704676506,-1.3605334722595652,0.2105398877585453,-0.45493800317911914,-0.9929250942304373,-0.6221876228813636,-1.1884712643928983,-1.1920068765533371,-1.235793401742493,-0.5836137646780487,-0.8854705267276813
8.937855162072434,8.784564087105872,8.725366706426861,8.462050016833144,9.063343484595988,9.052612757236975,9.216602293817866,10.070475755469436,9.716126817051652,9.083662926336363,6.051255115938124,3.3001992855729463,0.8275879207352999,1.1117393726465492,2.3863431399763737,4.673435596924201,2.2301094761657447,0.03226524666146903,1.456405255765961,0.9931527783392865,1.0062830217630463,1.4107465860232498,-1.1893745080618086,-1.1192157760209793,0.4228611793376253,-0.8217717503102165,0.39007288978760063,-0.9093376782434254,-0.7501573476469802,-0.21003089581476547,-1.3876974507025874,-0.5807371027057238,-0.6081474523866984,1.0393183172214566
8.203256063780223,9.27563639522877,8.424505049607742,8.250802226168549,8.022696806983216,8.801776018301453,9.602023433115301,10.052682972099218,6.919242289315251,5.506547223106641,3.7381382147793967,-1.8936913154895874,0.6167501028591371,2.279029011762294,1.3957069603052297,1.8354897870260312,3.324365909417185,1.0153550719811413,1.748190237320884,0.4482573625592681,1.364918466211344,1.4837870796620383,-0.19973232265357924,-0.2507983195569733,0.2766655987720662,-0.4965714264156167,-0.6479734465664685,0.29870623555913,-0.37009132891049296,-0.4637951963973124,0.1353689591371653,-0.5513928506276246,0.5676448476762914,0.8930210478522734
7.7425610602902255,7.744410293690334,7.267029559932048,7.751583190172927,8.131189857686477,9.003555274016719,9.108450854980259,10.257141652076331,3.280364318504177,1.9598297705987526,-1.0966866170007261,-1.5194736289345552,-0.415539268863294,-0.5238851882197766,0.0021776913933639046,0.9076484208774623,2.8255995885412153,1.7430399775341034,0.4714298985859538,-0.003711154898133287,3.0066632309234085,0.5573960417543992,1.3856192441103898,-0.6789077380221009,-0.08125479158463268,-0.6290351690972658,0.6170481952490369,0.8070057589174069,0.3781097443325557,0.3580361861519192,-0.4680722418414848,0.8295937566789775,0.8198998695950667,0.7374356093529847
7.9171832428503635,7.343572089231353,7.7250190603420394,7.751671861700735,8.221362683511982,9.204971036378309,8.98978587397104,5.8685658140381305,0.6798001477640985,1.936008670558196,-1.9858342155149271,0.33051618594698595,2.1038495345317156,1.8373969576641547,2.4287379656263433,4.180196429896339,2.6851263481013494,1.7579444284098078,0.38579213708178706,2.673603386431771,2.276203625909445,0.8171981806197479,-1.066492924813245,0.6852475141547675,-0.12811652874916485,0.029857073378624276,0.6701426239321016,0.6295606476395026,-1.0046205006393283,-0.8453186228750238,0.6040356459687352,2.071682359738572,1.2024888303952463,0.7021551966426706
6.253730203576727,6.952387129119283,7.2002648657892925,7.288639085514482,7.831355948503379,8.91515183656957,4.442073875564478,1.889594522784261,4.0078155084741,-0.9471324408733257,5.795796884169144,0.45594325872132757,2.1529812181780903,4.320678188104054,1.0922428911561088,1.096677891262732,2.27799593690218,1.9265694457961418,3.3332300308321696,1.5551741542265132,0.6262733380514434,-0.7023142873129777,1.5317078129485786,-0.5141970232423224,-0.0036715658183027852,1.176918386294547,1.0673160167925009,-0.03400317387483481,0.15915383028628594,-0.34294342288496016,2.4923660825790903,2.97606369698125,1.7648530520507442,0.5923724391842583
6.946206216937895,6.317245585204748,6.318579308776095,7.251612384305515,7.75584584556403,2.6976265336487746,-1.9845384234883054,-0.2076634965305785,-1.1343817871891837,3.1972507937140144,-0.18668118363346484,2.596800153958731,2.24773827860919,2.5102598497412476,1.8028490737020755,1.048640094453415,1.6900059944567223,3.990086993315372,3.7770799756273656,2.5629402393102945,2.1374477688788187,0.6558540263473315,-0.6868098494066467,1.6735208326017315,0.8416380138211773,-0.327589675790051,0.12950930911351374,0.8390138154762377,1.1706047355937976,0.7138752666049906,3.313368036915342,2.7318441595058314,2.150756269204888,1.2419386454680643
6.5686534563443155,6.105823096537476,5.393790234579825,6.316668587817296,4.009834149556058,2.0906316055708194,0.6686849998547372,1.7223416172476746,-0.9809856106643806,5.4154819895081445,7.449403455116532,5.738234414772187,1.5003833073463488,4.508009492986652,-0.828546170246544,5.876931841281013,3.222154201123157,1.7809359755427743,2.053824701574937,0.9329013807417372,0.8247578713662457,2.1298483119605187,1.7783193182241377,-0.03878180931775791,0.760426613414679,0.0016670068174113877,-0.048749280001929844,0.2472507383774018,0.8559521202953568,3.287298987175102,3.5620697544931854,3.2130877611176274,2.782092199180389,2.5416146670119786
7.006166809389313,6.682373717602005,5.402846661075945,4.29025710123907,3.9519873785551582,6.427326680052825,9.53448150637988,0.6286765156788815,2.4341314967888263,8.528006922080921,10.817299538823447,8.445245428042107,-0.631761452651118,-1.1944425552715354,2.0873046399961903,1.4880544150793014,2.5399697118757256,2.0718675623097558,1.6516128307683227,2.1339117884598333,-0.8007378135716499,1.276595873635935,1.371500432450177,1.6042560175283735,0.7401108484020745,1.2787291686569486,1.657226575988215,1.1002382125941075,0.5271153443430805,2.1105324838155672,3.7781441911682303,4.080537755955993,3.7425964146474304,4.019040888257416
5.896041160000564,6.062884906272952,5.157167797739305,4.222625920500765,2.9490417701126987,1.4055623260078258,0.601211840251849,4.627252865364404,1.1470840627846115,5.540344939504825,5.626994507499623,8.012408584087035,9.420627389215493,2.6633026260604473,1.9089627862836516,3.0395643279502114,1.7563342851384467,0.9348887577305712,1.021632402421105,-0.24090241883018484,2.3327717899530054,-0.7745650021834035,-0.9362879035059728,1.0591126931837227,0.10083814671914433,0.9262964096618657,0.5471155161813651,0.7153157153207397,0.5563159077520529,3.0084247633708503,3.4281335685283,3.5692413406663834,3.8701532565418906,3.2579410462669895
5.353021909803004,4.3086050503526305,5.343580404734579,4.670048016900256,1.7842295400458055,0.9761077141688457,2.574243005624943,-0.4802990388268172,-0.27233990912802325,3.289043544428146,6.890306299699384,7.320080248287535,-0.11601011761904324,2.7912900838359467,1.4190729895973746,2.977154189132927,1.1418915786610682,-0.4897057298917861,0.7109804655214048,0.09171218093175144,2.599701411114126,1.3329119005210817,-1.636009303352435,1.922350176177557,0.42805608680437357,1.016783632237185,1.7297638628236554,1.489035410585075,0.8156837939816718,2.537118785504264,3.9943297717202784,4.182848679319282,3.75929472664701,4.53242071149726
5.745218297911629,4.994195096109376,4.629314253864437,5.006610309703909,0.6265616185202971,1.7347759702959553,6.359040340201265,3.5212465063842884,-2.819216800081208,2.3810925463517862,7.232778840086992,7.592640085762318,1.84592749669489,-1.0248481391911903,-0.674086700900255,-0.2677491386273964,-0.13256413939598108,0.5625585579322399,1.189351640484609,1.4357492332991495,1.3099263111612216,2.22135569396483,0.6681441051175061,1.6601987051300948,1.2451737923758706,0.6908837664253328,1.221901951776021,1.3092652624923753,1.3316169097197352,2.8842781387184124,3.292588626212385,4.477474406485896,4.2542422160809785,5.752211289892965
5.434542176837081,5.109178944481582,5.419798843383494,3.773035878310127,1.0929501664066932,1.8526198624869514,3.6632396034064016,0.7432537944411599,10.18454612027248,6.70510655853675,1.2425531796534928,3.658275420606395,0.8648934392087934,2.495968034876066,1.0776555099361285,1.7215988215791136,5.257532019044358,1.0153726296174985,0.4429107551506525,1.2698378995071928,-0.030913757673793833,0.8166066355602627,0.8660434146737896,1.7467752897157762,0.4586573467746746,0.3747132366337328,1.3431238740815632,0.8226547439160532,0.8047451696418844,1.5703074178360625,4.18610573247114,3.9172804983055074,5.232472245842185,6.737772130255746
5.686242418151355,4.8887850677408755,4.748815842992145,4.033050426382701,0.7672495671155563,-0.440452164392643,4.7928447470221975,2.4584078887018683,2.970996976752296,7.442862220027907,4.873952875817014,1.6580820342655742,4.135172229473957,0.809005150263459,-0.16038003228035777,0.12209878184538477,1.563140686471462,-0.3821202101557309,-1.4271316560843668,0.9645034408820415,0.1531156589689456,1.850443442869197,1.925691901220949,1.56530007530907,0.7452552611230072,0.9229447690676859,0.7103077037620579,1.0697215960718809,0.4000183671499361,0.8694216010426259,1.4842713478153604,3.286666186225857,4.918841578559999,6.473218084877942
5.24947739716123,4.006013513376085,4.205615512663707,3.285944351057805,0.8815081612735697,0.27528856205497504,-0.32080337513520035,6.239354755694684,7.591030559894266,6.227557285282813,6.62723459136295,5.507725474262962,-0.8696732618457513,10.39274908387752,2.2694721303330208,2.4397722355903495,-0.010080576254831303,0.4575461890361313,0.17908395673356964,0.8414411035403649,1.1061770413734253,-0.228411821784691,1.9999803634342426,1.1179013631473746,1.0069527798261022,0.6965689665807024,0.9159777050632754,0.779699223900641,0.2596953365075796,0.6655964785023851,0.8007350404049712,0.9385574664140504,2.9259423374231592,2.6248739387976925
4.639509703513413,3.8846381433504087,4.204166315398128,2.3753557585571192,1.0646360483092012,-1.2839865251636151,-0.8462755191270841,-0.07025725879522549,6.747317486744827,5.362148834510377,4.550621868540902,5.250331743514519,2.948408511495493,0.8037212544822411,1.5349087564685762,2.7655577545829373,1.8302428764893588,-0.07047245527815284,1.647635745007524,0.6041292441196592,0.5420056709748148,0.0497923606594822,1.303376717882422,1.9724717880187348,1.2767671978987696,1.724256371843544,1.4791907473108439,0.5977798263244586,0.5133835777359155,0.772917868139589,1.1380543799378426,0.5769538222390644,2.5643809735110357,4.627843229527925
3.5772691181227154,3.9903231944017863,4.418773904988646,1.84954530676298,1.876396639470525,0.19204615519205448,-0.23935412067995396,1.6706771691773243,6.7228549497496655,2.591977493350893,2.1294430453580255,2.558623963822781,-0.7757485586959239,2.9827307353450605,2.2947597954102514,1.7268808548133951,1.8504948218241761,0.5486356382976478,2.12769572186626,-0.16930902001889808,1.5701053842435664,0.10765706179256435,2.054027988213225,2.594122018236868,0.7938094012074738,1.4787966606296221,1.4522816864025645,2.0321194595349272,0.9998720572492661,1.3341277549876998,0.6757109232541019,0.7381773497542405,0.8066117619299051,3.1065568182517906
3.7511203504868456,4.368553447411288,4.135582682791072,1.8977809930139171,1.269027808896922,-0.9536031936532747,0.11526618948614446,2.6168103580106075,8.090254634905179,7.199660260712039,0.8554351904383622,2.1078494176681497,2.4230600406271536,2.099899881192367,3.00341679555834,4.686527748583168,1.4822783118179133,1.7993835493690975,1.284439872537687,2.31793666970266,0.8332975585014494,1.269906122206072,1.886318404865507,2.51146137663414,2.8619812517847234,2.0110025530124345,2.6262202881611536,4.00522781282895,1.2073371797718826,3.2561339906327205,0.5441568010231183,0.6835978400913246,1.2809762911519993,1.3454588511502286
4.967967709004651,4.0827361996486,2.9408942737395636,2.162947466760614,1.5644069829985718,0.12744452407755796,0.34255305800742747,2.2604705083421077,6.818272211876683,-0.8597632014807677,0.8459500206606178,0.4399652063069053,2.321881431017506,1.4384259783798936,2.5796612806389936,4.534059623522246,2.6235070860773253,1.932850556402134,1.6011566235679775,1.9859660441245992,1.963456954863781,5.7712149265866595,5.811096401046331,2.684295412040028,3.8823455700634684,1.4832958123215088,5.337217916468339,1.5694489724887544,1.3956268534611822,0.9104691799363938,0.2919228169011171,0.4211380547468237,-2.0707183044074524,0.19407307028694484
5.852704487372907,4.6335882177472225,3.0894212830246848,2.4159269094062696,1.8652014672007171,0.4591280779591383,-1.0775145868325666,3.530914708401614,6.014590553515489,1.5215082339749741,1.5562298889366564,0.02120068596187407,0.22359326894474316,1.9119083272390134,4.212690544690279,10.36471074141569,8.876400039590294,2.104649728709087,1.8715509234995273,1.9225350996614103,7.345934811696726,8.18524584947242,4.387398207933139,3.088578268679367,2.1484366543515456,1.74012012396164,2.567070936831609,1.6079150274251586,1.3830417270499094,0.5997526770551365,-0.20268604049982794,-1.3031459369579401,-1.0795149043912953,0.11568230662993996
