script/wind450m.json
{"header": {"parameterCategory": 2, "parameterNumber": 2, "lo1": 3.000054539987559, "la1": 64.9999836372058, "dx": 0.5, "dy": 0.25, "nx": 34, "ny": 52, "refTime": "2026-06-08T12:00:00.000Z"}, "data":
[rows 0 to 24 of 52, columns 0 to 33 of 34]
-2.3246330255096614,-1.4749572173713592,-0.6497636719267803,0.5778969911296606,-1.0799582616151109,-0.05459908165201924,-0.8234053011973198,-2.6365457624519304,-4.485867330152968,-7.940572989022979,-8.402288351770308,-8.332238568716994,-8.252321694868533,-7.686022386619389,-7.447575092780206,-5.407275589459108,-4.635273171465866,-4.238339225440731,-3.293885936963281,-2.0977714199338378,-2.1955705510103387,-0.4898208370514485,-0.9768970563446089,1.1832398341999981,0.9190449129127751,1.6579431585399047,0.9970005296142622,2.0293191437651315,2.6142984605114297,2.497199022335741,2.080743164861036,2.820957258210957,2.926372229172608,3.735113180828263
-2.8311061979471366,-2.1950998407410016,-1.9509188292216495,-2.0092174957118316,-1.6303259787190807,-2.519356795808217,-4.315361517759647,-5.852464397432579,-7.032147195854951,-8.464663844214222,-8.669953493656472,-9.477441739957111,-9.130768427733198,-9.064002476023726,-7.834829898017076,-7.166312095039421,-6.350842959547467,-4.977442159196439,-4.976449967396878,-4.991673258864766,-3.3739617003772207,-2.770309935020502,-1.3203480241421908,-1.7031920355423724,-0.6390860162666938,-0.3920182490449673,0.9522333403115386,0.4868063649250766,1.8257800756610176,2.394750003588092,1.9323502703639392,1.866528333867574,2.0977049832505066,2.984105015343967
-3.2758479888939878,-1.7872251483505077,-1.4529190470716058,-0.8581774681045482,-3.277230210577248,-4.150839640953676,-4.728478675227843,-6.999424783742782,-7.368532649131575,-8.605186029760464,-10.209374260783125,-10.116666003001013,-9.465443110904316,-9.088744897679165,-7.878681369891507,-7.50657580663381,-7.242463692850396,-6.21906489470099,-5.348187472364972,-3.8809178049246262,-4.404317899636956,-2.9851648644087683,-3.840616395765927,-3.22100711631721,-1.5891687564869341,-1.4800345962313541,-0.21920808088471472,0.505075300607836,0.8083728366833857,1.3594609287935335,1.7584948751601994,2.1627908227892183,1.8729130670640408,2.6660386877971733
-2.832847987565758,-1.7211977864437102,-0.04050114115316755,0.5303454207592758,0.692644483165288,-0.9330996353216737,-3.1435709055951286,-6.997530258643563,-7.423222540610155,-9.7700092859878,-8.987367564450961,-7.449960275810028,-6.936901446577658,-6.205998994052887,-5.350997176593277,-6.0891424771007845,-5.54758720018951,-4.805044050586787,-6.128754471723305,-4.131885567651806,-3.767761860824964,-4.177623612807346,-2.760615274260411,-2.0272919384681827,-3.529731414125473,-2.4250132707850143,-1.0784288245365197,-0.09860441001142836,-0.17504522199964168,0.7212012944803393,0.3652553681273645,1.2483001866960224,1.07274104899707,1.5001874610868753
-2.688053129775737,-1.9845461345860345,-0.7874603314600293,0.5412218412751859,1.7397809898544694,1.1029861164589407,-2.015910005482345,-2.9638721417701257,-5.115258437561835,-5.99251847783872,-6.774022309387614,-6.1450778652299825,-3.918146054387694,-2.157171462788437,-4.477024944802208,-4.784966935539476,-5.338505886159064,-7.429385063548365,-3.219567664632022,-3.3781135986990156,-3.109144515907394,-3.3604279269048933,-3.8615676504457106,-2.4595707090306806,-2.0533051728752088,-1.5954382268825151,-1.515394163271546,-1.1348443490862083,-0.44142743577410515,-0.4776410624461239,0.24194293468756792,0.6231425259968169,0.9876070603202389,0.6134511052787027
-0.11332753969677951,-1.0806907657603546,-0.9589028092846008,-0.38197113105591024,-0.1140005012765,0.05916939777439354,0.6461929643651475,-1.303864531914177,-0.9114444173198166,-2.830104544516811,-3.00509799472957,-2.4547209389127262,-1.9878966807062124,-3.087662419194491,-2.953261019964915,-3.847206350035287,-4.6695860057522465,-7.277300679678197,-2.1048060459185796,-4.735655059548955,-5.104299896000735,-3.957327525583367,-2.411586113892456,-2.4725028229306605,-2.4604742735727254,-3.2483930902408176,-2.166855425228189,-1.8186848798641027,-1.0393246809316476,-0.985684974187775,-0.6316496345814262,-0.5278918162723036,-0.5593205457533579,-0.058450607640978015
-1.0791619666792267,-0.48192601486665543,-1.2723417076216097,-0.6587016062479609,-0.021274744792267014,-0.9136310711701099,-1.3361268828318278,-2.456441546281949,-0.9478772702232311,-0.5752962886497551,-1.338401724226933,-1.4694315411872574,-0.7980018056490759,-3.1407986621014174,-4.63306826549056,-3.4009644071061,-1.6789583865264728,-0.697583410151691,-1.4493632981137292,-2.997839859536959,-5.154193148342543,-3.052479651051324,-3.3345533532355405,-1.9504925113309852,-2.9644952885848115,-2.965801877775739,-2.528738178097254,-2.9351275603088762,-1.9267382482468691,-1.2304803081208937,-2.6577589069770626,-1.7708128807500407,-1.5553806435665138,-1.3567346585265772
-0.11628431998339421,-1.1408617081152697,0.07529442599211245,-1.1516722714912135,-0.5954225737517523,-2.5562040524403917,-2.926717919023435,-1.2259384149269485,-1.1836944640716511,-2.261430221920329,-0.9344728956588451,-1.299083820375132,-1.3276501874557498,-2.812293731022761,-2.860917125199738,-1.2793198570794808,-1.6587374531453136,-0.8893001735948651,-0.13721012291292126,-1.4058236926473995,-3.462477225584234,-2.8413932811362614,-3.864181457567993,-3.6915548073559417,-2.5789601550097694,-3.3378728542986256,-3.122235354909271,-2.1824918116163627,-3.7620067394111283,-2.4938407139422387,-1.3196262372761756,-1.8764721606792885,-1.759723615187937,2.726119576042166
-0.6550405831714907,-1.2048920313065414,-1.3535676898782942,-0.3551244090389099,-0.10884338308464404,-0.40899994803064516,-0.7863822288647802,-1.0640188809502011,-3.3304224234460764,-2.4136238372678265,-1.3783897912952168,-0.3431135665482504,-1.6469213856711067,-2.475739859736254,-1.9400926337389368,-1.2275465533050713,-2.39917355705357,-1.1927515313158847,-0.6682583729155864,-1.9094813523263265,0.9971196285012839,2.7188998139440486,-2.957089063959848,-3.13237828813999,-2.7911528862763406,-2.5317496253042417,-2.6622701494402925,-2.9012258250354144,-2.4894374665785715,-2.750303956993499,-2.0945284934093347,2.7384712957403714,3.9100277096549974,3.9592803533908234
-2.3944588089806893,-1.1453493380520026,-1.274466325786179,0.10196661155776143,-0.08400699498679481,0.4659472600867414,-2.061075426481374,-2.7894784775778367,-0.015162131416873977,-0.9481540398271086,-2.6079833130575394,-0.7779611011361949,-0.9717811472278515,0.31335565571086976,-2.2475018218261025,-1.3169528358795843,-0.9123648830655826,-2.0794637559227813,-1.340012755080879,-0.5007616402390235,0.6015689018419638,-1.748832505634565,-1.0565391429627704,1.2175655744783733,-0.19855083937813015,-0.6271708406500227,-2.7316708977607864,-3.6092744256749754,-1.7963500145338125,-2.4911763089579133,1.6029441010452963,2.178580255611721,2.656769148897362,2.9434711902607456
-3.922869863945958,-1.7288409415127794,-1.592581550508477,-1.8081489578223855,-0.8074301359782518,1.8123862891104798,1.0726226864452728,0.2903299314646551,2.3224251988513185,1.9981831881509153,-0.2981270393505419,-2.9466679435926766,0.3478808564969398,-0.5645001285098502,-1.311609256626385,-2.4805957642709897,0.12928498624770152,-0.9162955164461225,-0.9404603986952417,0.33490106441723855,0.5296581645356017,-0.39906128383275014,1.803807293697202,-2.546786541550396,-2.1797320375979248,0.5445387982199918,-2.3917870430165347,-2.774629241568666,-3.600449227214903,-1.7136278527187891,-0.11706301282813779,1.367574507282747,2.0254949256443164,2.4775788935330136
-4.317444391077488,-3.482357679580275,-1.9283832624279065,-2.49371863451218,-2.16143463924206,-0.32323891997329246,2.227977934142161,-0.15837429663999322,0.605960106255085,0.5837009985241591,0.011579875524693726,-1.2456551031011673,-1.8862839753883782,-0.6985428443823964,-0.9361259379363736,-1.735110581691463,-0.861950749041567,-0.3615481503811186,0.49713286847286053,-0.3929568434411469,0.8350569435166747,1.364872014886603,1.8370921474262027,2.7556243055564558,-0.9661705192021917,-0.3613636797992577,-2.1102758083345714,-2.8926780915076424,-3.0310909858517125,-1.9499991526330545,0.8136654367389436,1.2143307352093586,1.495465852181279,1.5154841497727145
-2.5481006943576436,-4.213185515974137,-4.5850969964443875,-3.9898215889775948,-2.2196856886774903,-1.9666203161172775,0.16429284618409773,1.6674844597240646,0.18642876287415536,-0.3198289730293206,-0.6617141347231753,-0.48293307619455933,-1.0089101526317126,-0.5595738765944953,-1.1765477041914754,0.15757993874044374,-0.9921177966690089,0.08926154690279432,0.1742036069832531,1.0891931957171317,0.5492828296276899,1.3774631387012406,1.1703720927760515,0.9189283566831431,0.5655912633641247,1.8198910027189983,2.0818181964150426,-1.8952961411267422,-1.212183244643452,0.147699378669557,0.7663921708830516,0.18532100262561602,0.29792482121085506,0.24088491691828007
-0.016725652670912968,-3.869034485596828,-4.652427626325334,-4.401966920093393,-2.391725272770839,-1.7258156319695925,1.1883170782942893,-0.20017084681095407,-5.026175894702259,0.8749163671867985,1.0234678373179866,0.1266947754117662,-1.8865688162842433,-3.7707870116587503,-1.1453509396712713,0.11880523604004378,-0.9163280369757346,-0.7426503056572678,0.7682042294885651,0.25393142705653526,0.4535410229141484,1.182858418638498,1.8093267723170232,1.6454431072241233,1.3923642855943095,2.3841885236439677,3.1028526683770568,0.3932404852072098,-0.6240961544402659,0.8962641569368982,0.7980231449074809,0.20483525167684227,-0.49320387357950923,0.9794387792955518
2.7013692130103695,-0.561014442753566,-3.44202860980638,-4.824906833621124,-4.134625756116972,-1.7546371396265492,-1.8910674992295948,-2.2458699607162114,-1.3318281797441494,1.5896258340701819,0.8586625817225501,-1.4999013485607364,-0.4181708625045536,-1.0768975233405391,-0.9093389758716173,0.7249103456975103,-1.410656673177854,-0.3881524580631422,0.6559371020849271,0.006157287150558422,1.961529133237916,0.36504903298550184,1.19274723536801,2.165359719694163,1.8256231946000598,3.030093125391075,2.729138017233565,1.1356877558169591,-1.1198155925405917,0.991495178680353,1.5306554346562797,0.17389738733540425,0.14309819347596522,1.0705498898360177
4.853653276474475,2.1060721029603635,-2.488172674586832,-3.489149746510389,-4.28346850163828,-2.2104614018595954,-2.443703527883344,0.2033754497322124,0.9849505417741096,1.1613929103452887,-1.7667193069353295,-1.1528238219196958,-2.105388051394507,-1.2998246892220462,-4.548420728204436,-0.3916628569032243,-0.5486962306282313,-0.5740776273881714,-0.3648673877824703,0.7397779955886478,1.515360846836786,1.7738096983970546,1.1524835976119152,1.2263654221538767,1.7901420449587753,1.6048946213391801,2.9378764066479506,3.805240836935159,-0.5565248996734711,1.739646277050949,2.069834330808501,0.8946102737102726,0.555676658050005,0.07553746490628102
5.077563662244414,4.023842828244971,0.3521575124966063,-2.1986495226433687,-4.582238591536996,-3.431078855777668,-2.076161484177638,-1.0741418423770877,-0.8922967244738041,-0.29566705820370764,-1.8205675662099605,-0.41032032382736777,-0.750315474502717,-3.9668603622040672,-2.7161773532261497,-5.289884948105003,-1.5965345515001321,-1.3511527123912028,0.4680210056680589,2.5396977731416497,1.7908502931234183,2.0828738737877988,1.1637629600018757,2.8366602351638943,1.8738985235288819,1.3016727816858595,2.105496967523134,1.5522891568347592,1.1325161647872446,-0.41699524192104626,0.3950162311665946,0.5271910306858529,1.5990570836482678,1.0934494592190842
4.812011621453311,3.5655771504609715,1.0617224975383683,-3.2637165285649927,-5.131243750949217,-4.0782653759001075,-1.6139771689107787,-1.7837348032178162,0.3122209256991566,-1.002847119294862,0.34637776052156893,0.23466336461874662,-1.3745909162917775,-1.057522465198484,-0.6944577509839405,0.17906076907819615,-1.5170981972029947,-0.23280742469967589,1.2301009260611733,1.6605421014974364,1.296642590912211,2.3525677768896007,3.0716677302920927,2.0690837651288057,1.4039516530920761,1.3370968830498906,1.929448605274825,2.135862625050485,2.296153237196021,0.03955207439833556,-1.3743079604088206,-2.253008656344489,1.130866469936545,1.9511403771580293
3.9964786368263594,3.0358703504064732,1.7434807071845257,-1.5823709550574934,-4.568906905174196,-4.194934513489958,0.03335046296135141,-0.6697805307699243,-2.5480253477354338,-0.10332126083266117,0.9598985744194101,0.4262704212136087,-1.1048348344830161,-1.5563699053395632,-2.1389995552813135,-0.5554947319538921,-0.0840626047210609,-0.8103987790933089,0.7751469336788198,2.409408290740075,1.2421066320657197,2.585813332976183,2.864805820567732,1.7891951582600045,2.7187520711191118,1.815933850170311,2.512719064567792,2.2854164536703747,2.3515971685026935,5.245632147517325,2.9982459867364657,-0.16540445936256767,0.4334051722826284,2.149281014762965
4.501337652115388,3.8110281244077147,1.774446751214228,-0.46784260425880936,-3.8058545880005963,-4.700038404496605,-1.152431529165195,0.040598174828039686,2.074854073489316,0.1506506264619942,0.4209175574120332,0.6558195184415396,-0.9874060991863347,-0.3347041433657876,-2.904084403060675,-1.1965921806180415,-0.26478050805213593,1.2087209450240437,2.972759146717677,1.8263276155463468,1.3980114081266823,2.2888126763826877,3.2299062878525686,2.537763777376925,1.2649684605382812,1.819872126117493,2.901283572058982,2.8743818576804623,1.7548805363137674,1.6412027183948217,1.9045111376218593,1.5380624752506105,1.6757046891525549,2.395542465630546
3.9831874475723525,3.0972670091628602,1.3241910413711862,-0.11415913854542412,-2.868439233333983,-5.109678585480027,-0.7533061415968597,-2.5815490378098587,2.992923948517155,1.1577204848155123,0.6640730117978793,0.948185103255213,1.3022993122697477,0.6758115061815464,-1.014763144398946,-1.0964435083770716,0.7896725999170185,1.296266827823633,3.3348014272325313,1.5282855647794975,1.2641038713612562,3.33450657088753,2.5559657580288,2.476691772708005,2.3926774289274855,2.566677887930124,3.113461970120732,2.7895998586398685,1.950177131993361,1.4063736111641647,0.8697841918386185,-0.4881817656128426,2.304705928062292,1.3029996250968416
4.535049318978595,3.7390570136407586,1.757603655296356,1.1339199793846952,-2.6942435272704555,-4.112303592007917,-6.690451918496477,-1.775314335493695,-0.5619810479312295,-3.5006341901421223,-1.4908948864212601,0.9627278409208122,-0.5966620369805866,2.0535841419391034,-1.4326979638548096,-0.729893257243659,1.05740874791659,2.2658702129234047,3.063672414964779,3.6934583604205358,2.7469980561536844,2.5185347962301163,2.567214236669975,3.100598348748447,2.672113480691907,2.9116004809303337,2.944276923722837,2.351481810149357,0.8981251905134845,1.142448490866967,-2.089243158858235,-0.9174295743550951,0.5437032075685475,1.8770518128939517
4.123340937766436,4.00850817365557,1.9874047856755204,1.1463210950886484,-2.817632758972705,-6.122939526427763,-7.609961196972102,-5.066813292315888,0.8031860693612427,-0.0719623652466609,-0.47661568797402615,-0.4197845376961423,0.32346142383837007,1.2314233479244985,1.0158376613075812,1.571712567741659,1.8398537643386554,2.4873909797565528,3.8763130378317485,3.732719598220064,2.3780642512849597,2.2196057948348606,2.835065093529179,3.9958354084968746,3.146728587974123,3.1067153665401874,2.45736464208076,1.071430095156527,-2.9574952921770254,-1.046706783637697,-3.3853026504297055,-2.5308977223550695,-3.128453656165513,-1.2931781605686186
3.9285234018664488,3.844311921527096,3.3377402567013825,1.607058261796935,-3.4333637379445086,-6.586317853338644,-7.833108234234465,-6.945551948632952,-3.997884114857322,-2.894794905932438,-0.8096650480493471,-0.27307909154841803,0.5550217068306194,-0.04655036999991951,2.129869856455668,3.4866941458871374,2.137673215312523,2.4540528255394856,3.1337969329939623,4.75699995801692,3.7229290250759974,4.230983890151908,3.6713486943050153,3.7922761071881617,3.3399852778303623,2.4370209408912866,2.8805935073420006,0.4698296656595091,-5.155882319400976,-2.296133309974622,-3.0400602111649624,-2.1545908835232543,-3.7293087279035184,-1.837848435554633
3.778656878396162,2.7360506389502848,3.348511166940365,3.425105193640274,-1.4763921609668644,-4.306219600043279,-7.918536522298674,-5.679129256101385,-4.240715712390227,-1.4247032922278156,0.134816414200234,1.185224966692242,1.2882832420920058,4.2302818161470555,4.623372224060401,3.6261393252894227,1.561410144050862,2.3718552802246213,3.35274589305669,4.558349994477536,4.762488861706927,5.113346888929039,2.9514743964283996,3.19016407506918,2.8594626500061437,1.2223886568817022,1.4614863180006528,-0.9539970116928508,2.1622625557411843,-2.5300567353604384,-2.361476212106814,-3.8772193911672375,-4.458515687884979,-3.3451004491583447
