script/wind10m.json
{"header": {"parameterCategory": 2, "parameterNumber": 3, "lo1": 3.000054539987559, "la1": 64.9999836372058, "dx": 0.5, "dy": 0.25, "nx": 34, "ny": 52, "refTime": "2025-02-06T21:00:00.000Z"}, "data":
[rows 0 to 23 of 52, columns 0 to 33 of 34]
12.749600605757216,13.163043331640038,12.671077259676343,12.9119154692745,12.978536074551378,12.75591323946911,12.418239355224323,11.869549169000965,11.199288971826904,10.708110108661106,10.65781906508989,10.947410300126535,11.206417296926295,10.698744660415915,10.963100794887929,10.311344277215188,8.775178680569415,9.463806110134213,4.642795370979885,7.737661666799286,4.320220036493175,2.584721535238762,-0.3023717004983478,3.3818743295379114,0.21039755494467485,2.0818755601596144,0.8053219354089663,1.3745897551736892,2.7516563554238176,2.119627424773627,1.8526612326090037,0.725775087059296,1.0607681354137422,1.9043694273802585
13.838272983375132,13.389807292016267,12.45077819671667,12.431627432784364,12.96035416187762,12.631069334083737,12.139458454712672,11.940855456992974,11.376067953884277,11.398138698534147,11.432574869551926,11.447111520174515,11.353884440172038,10.927031656084694,10.200541545391445,9.251254107018482,8.920423826639103,5.3197223220330025,3.621694434437812,4.359353038981024,3.0341153102391134,2.335516441868953,1.7927442061648222,-1.848157898184192,-0.3276554032309726,0.23916437236123778,1.0391509043223386,1.9141975957364175,2.7099293725877467,2.989409367199385,2.2764883009424586,1.1668966892229615,1.4667424018575483,2.1685032626877745
13.574874813942316,12.940930181443802,13.041934849513973,12.958089741338368,12.432600946759274,12.317527900921357,12.15821851106999,11.930009833743751,12.14679683295549,11.869017984766822,12.009704478023748,11.304689650285361,9.891319703734396,9.413025149299477,8.80754717692355,8.08608639800673,3.565138717263155,2.2104148981562703,0.9199744620459848,1.3051159259613012,2.7065564689704518,1.7475821404313152,-0.6109033696004088,-0.5553089843553064,-0.20831661567180013,1.0446704212092586,1.6887695797778042,2.472586752327034,2.0453305233605583,1.6584623945949029,2.6955406402066426,2.404182189139669,1.6234405684421125,2.466528851088375
13.297093399799497,13.381677262716625,12.528602397550825,12.628880403749093,12.589013023276037,12.574308643413305,12.688304318202873,12.454560469464504,12.472038849373234,11.528478763219136,10.520974204722204,9.656454929437604,8.045957494689686,7.467028049273417,8.167084293131648,6.301556040455805,1.6755343058195,3.4938865919952717,2.334113397516059,0.3732339393950286,1.6389259336802917,-0.16303731220143652,-2.7148100844947343,-0.8391062522425397,0.433757228512805,-0.15537393582841721,1.5835139382577517,2.7752522793691634,1.6112049344549497,1.9118279825674507,1.031670898162316,2.2600258342524664,2.450172205226947,1.8375370848329025
13.28880459407371,12.788160485895869,13.041123333024629,13.073444019008253,12.796403981436875,12.982148093642532,13.109888309243978,12.99075221812489,12.206501801356913,11.689979842156076,10.716652618734956,9.438102741873863,8.28839905096052,7.312731060670722,4.459785854404333,4.687242734939283,3.852284821206003,1.875164682638487,0.9430330014774043,0.8729604087010943,-0.22725865257786104,-3.0124503729257115,-0.8481029802131507,1.4135428004193111,1.2712436016985973,2.3662769396153207,2.0960819642875737,1.1427167072042876,2.1352716201650193,2.5191471948594217,1.0958917110588695,2.1818849006052177,1.6683406420067388,1.5282635342131847
12.806087727774901,12.796894276209565,13.119150992293735,12.881920304674063,13.600520332981118,14.306355511472628,14.37957010964853,13.760414758452955,13.195759966242795,12.32331637312608,11.222262653347324,10.009957742202632,7.139061390833429,5.329096170001309,1.2867113837021693,2.387843723724895,0.6981832892304203,1.3842971885792938,0.919209593680809,-0.5913826608860496,0.32226639120338646,0.6854913959226134,0.7824562467741552,2.006235483440542,1.8350580375175758,2.444631178720575,2.077356202299273,2.231500842821702,0.9149805541512874,1.6106298963005092,2.0128068071692544,0.9991527215626675,0.8345197489708898,-0.03607743538327914
12.19748693329418,12.761697232361941,13.473161133177026,14.318832685001036,15.347305910062218,15.749723652509918,15.269006643076523,14.73395089075025,13.69507817236387,11.703436492003831,9.425433842310111,6.421296111758394,2.5886327254194907,2.3475468864551403,-0.5991067085430845,-0.4559664414849635,-0.3938536409031697,2.4206391231205635,1.727005645487992,0.050488755663706815,1.4084063058255571,1.0333436406478433,-0.3085301991169452,1.8716683718853222,1.9742303229994917,2.060216772283578,2.615516481036426,1.4481746223640395,1.658219228319435,2.6008978969675667,0.4265608254040724,0.6075164387367509,0.7040092386354138,2.616389085728433
12.975676907898487,13.871754103436361,15.094133976903489,16.121552201556682,16.763483642791805,16.373626687931356,15.863859892052085,14.336265783219815,12.582708504987718,10.489772676434079,7.493070042684005,1.2663646601641205,2.6924952974925964,0.2583919062894916,0.6552924303289765,1.0146280498544196,-0.9141022388783326,3.178684417824034,2.2213072290029743,-0.941507308990233,-0.7781527295848513,-0.16194514046071198,-0.42254570088970644,0.3346582862994927,0.1103854308025207,-0.6182875978133386,-0.5528063275699603,1.9283208211755736,0.12863351318465155,0.0331911756825786,0.7692622640773942,1.2631057338252694,2.0567726686960066,5.774080627317359
13.865570308348744,14.632497189346237,15.845739607256075,17.392875288512265,17.55165216797745,16.701862589372585,14.49991781695352,12.846787577390883,10.466054984527029,4.229846717095961,2.808151335990414,-1.626713277765776,2.604022159489796,1.9869618313018256,3.68775785707372,-1.0055932857510586,3.244077087109926,2.176074080583088,3.310764937420333,1.7222055453310952,2.3547534892239548,4.087867987805995,2.790326067813296,1.10726484771126,1.8129424037726245,0.5494099954462685,0.9890331353596225,0.45549981616615254,1.2757632950779172,0.11584261743413311,-0.9528603686490368,2.5209937893046255,5.566766871080094,5.25997043437098
14.648327064132099,15.267003611436234,16.72667891545199,17.811907043966755,17.72766109620829,16.390428501815073,13.333219159433531,9.687784893692593,4.193769528457103,1.5209893905418035,-0.783301731676495,1.2644999060051985,2.339310665357317,4.1806979082297575,3.577526459841961,6.4980457609146205,-0.37117828191461205,1.189126546596626,-1.4796157245912882,-1.7144489036729382,4.0041625323608665,-0.12311447187564492,-1.0941164767805427,2.526491537688928,-0.3914943393222632,1.6738628104101487,2.2901863981421644,0.18584866076806797,-0.6021937441404818,-0.9097876966132702,2.8825961094463333,4.744302337711235,4.473558547414985,2.826191116402247
14.941924325739503,15.60509809908676,16.707604854490054,17.65874708249979,17.404995987720852,13.44570266862791,8.538098893980187,0.8557345417030715,5.852394687158423,2.6687968008192438,10.3219646684105,5.454091937059296,3.3046029801787613,2.3203026353024874,2.8214321551916557,-0.6575749420570361,0.9421130681915599,1.3259464015752496,-1.9809150654140992,-0.7771005708450794,-0.05117270688600932,-0.6143915115955461,-0.5719327260032419,-0.40231647598615755,2.599654016506841,-0.8615063052565552,-1.1493760224685894,-0.7046629017969532,-0.6729304675554468,-2.1829698867190594,3.0459508927923813,3.2180739785811223,4.411140020638293,6.522288244867245
15.230515184475632,15.743496765304405,16.34315076318088,17.374836277336403,15.307557390003236,6.876605090314774,7.458154781894923,0.969185216905112,4.267622421030261,6.617069980782649,-2.9703447100744964,-1.4081305241894764,2.872907376760106,-1.7783209844040406,1.3734243539040372,1.1454888750260286,2.401871394106872,-2.1140382697959934,2.8165162556611696,0.9114653408020413,3.0662515651521907,-2.330360996492701,0.9665561961998123,2.3057631202351563,2.4291761947635213,-0.9283129969468692,-0.5748008715181582,-0.2641716737354506,-1.0293844589602776,2.139223060725041,3.1185773333346245,4.689963692258064,5.617361073279075,6.305710445082442
14.649107457446387,14.70594841478497,15.030979851625576,16.192139079438007,9.656062153585754,5.555907656873271,2.8086096933086973,-1.1642088377026552,4.89800672921344,3.3281109453265967,-0.8937135061111268,1.3116549685446288,2.784215608341129,5.605640639936451,-2.754048967778642,1.1616403617255138,2.6371835702569886,-0.6736672185749443,-1.5947712131313898,-0.14411448533988644,2.5301469482480123,2.61176025280723,0.7559679805806758,0.3559535594188784,0.6191902163777062,-1.684958306622811,-0.010591863358636983,-0.6769197178885435,0.6391035615310006,2.947798394619796,4.925463502050142,5.310150927430802,5.537968587476104,5.483240523903696
13.276152974305761,13.587695276138046,13.882112129753963,13.788564794377677,7.6203626679816265,10.666629382236042,7.491553232220173,-0.3203397959853795,7.909547140318106,6.930051750847229,8.24618918464091,3.479661639567083,-0.07052383049612966,-0.04932362440779508,-4.819367462564169,-0.10306987917881447,2.103681225927614,-0.9582741664356657,1.664212236837018,2.199762468203295,-0.3193455187973615,2.6577282312638726,0.5172654175858085,0.9958775747826183,0.2569185147986293,2.4194418486657714,1.2192034288773828,2.1054323673416824,0.6206970267796869,2.817221935161809,4.832322132523795,5.234497243497229,5.502898072654212,4.544193039417752
12.153637912445719,12.74825791926637,12.682845040641704,12.258146545362488,6.55984347614322,-1.169617392965294,-0.4844414522066621,4.15583135342471,-1.0159034928303916,0.6802590177773797,-1.789684209713295,-7.0833849025595255,-1.3911737836983986,1.3771025469860454,0.05271162400222854,-2.0257647437802007,1.5544861500002027,1.2311488906295693,1.1336334275525373,-0.5949754672110974,-0.9377314538964334,-0.19577245752520797,-2.184593332287031,0.2118298223572886,1.333822210323029,1.2859141718936486,-0.8145316698209368,1.2532247087632655,1.0921409209641,4.878181319218851,4.709844580437718,4.484388403434652,4.124849878693291,4.084851943012925
11.05788606352965,11.618003245376876,11.779798175412212,10.576063821510143,2.870788400840491,-1.6496868454589544,-1.1844471295547994,0.8425947825408764,-0.8205664062927637,-1.9550092154172982,-0.379521964104803,-0.14544644839086635,-4.356291312770321,-0.7364937365810384,0.2950605710908274,-0.6592574217785179,0.12921471576170734,-0.8851221529614366,0.34872320683907726,-0.07330867949498544,1.41222208838272,1.4618385977592592,-0.1276237831337972,1.262392208830633,1.0228224336335683,-0.1051670705643217,1.1453706175470917,-0.5566902883873079,1.7037291625136202,3.6801507665771425,2.143235154322722,4.3336189811450545,4.470853349806731,2.7077814098697224
10.577559665788762,10.839400226444095,10.929829326685663,9.447623138006852,3.8919932416090988,5.056392227673706,4.100336543805031,2.2125198725240995,-0.24596352462540683,0.941618513314815,-0.8497876742191182,-9.192443259379571,1.5748519030972112,-0.6768512313827566,0.031394119874160416,-0.03403149141780621,-0.29111882034522163,-0.24981736676120347,-0.29442897639510435,-0.37553770106613066,1.644564406700523,1.0165524955081497,-0.2501743713618101,0.3900901179855108,-0.43387485872826087,-0.11850738936873048,0.27336825295013206,-0.04255008244911945,0.7294764430749162,2.2449673204073175,4.6543236920375595,4.662357840925923,3.3951901870190198,1.9597181226663833
10.19683255202317,10.015227353130717,9.9229733406436,9.63790124661223,2.1094454531314484,-0.18320599347453226,2.9243154151055935,1.4028068745466709,0.3595945402468943,-2.0929774219356725,0.6275509138637767,0.7050959435104507,0.3724789149167322,1.0127524174359552,1.4192967684342273,0.29406362214736265,0.08847908993386817,0.5677253791758643,2.6229858619684214,-0.25549826066023706,0.16753858669763638,-0.5727523376575269,0.7125393502392332,0.6248204075446468,0.40766882501378254,-0.705432750030602,-0.6147759448928939,-0.6577680874946311,1.0085164555687787,3.834357891965529,3.80813951322273,3.5893002202946165,1.6669717871138146,1.5383399346716804
9.650465995428407,9.45953415669219,9.22505966790555,8.532747756336907,3.293502950781379,1.7712604303168933,0.45432014471312115,1.282426861080953,-1.4735643391118947,-3.4881190369314408,1.206559751911131,-1.4322394328931147,2.516140884942841,1.340809324253736,-0.2750893579906805,-0.4080819434916576,-0.6776989376011042,0.368956767683982,0.9917911155249112,-0.8670408529849232,-0.37447186148957395,0.8248150918795965,-0.6198332455391937,-0.990652771688489,1.3737107254368177,-1.1515528619542728,0.07845940860086312,1.458689033685883,1.3842537898164085,1.2588578456546706,0.928882640213559,1.6021314713390598,0.7194133681767212,-0.23738069055281394
9.109034436262192,9.057568573893539,8.636871798148297,7.995737452383837,1.6173659678533303,0.6358857766614707,-0.9161754298010872,0.0536959690891335,0.8656284396804872,-0.02347089886776276,3.9619834385659782,-1.1106191301860955,-2.614911387193968,0.9933724328050227,-1.3794807415771826,1.8045133155927326,-1.1983301925191376,-1.4107890974245085,0.9916291599636615,0.04809724907611867,-0.3793549033060494,-0.6593830577308498,1.7276206343094094,1.7030162405353249,0.19710322972344305,-0.39353578122365934,-0.0037752902270678196,-0.23484119019795666,1.7274837335891742,0.8716065848800179,0.22961723970258469,0.9573217850786547,-0.18564369864389288,-0.33732330556934975
8.565979826933587,8.393182615975645,7.9742016935602935,7.110056323720195,4.2494594456330015,0.738389212525392,-0.02864157245166688,0.9712243985411013,-0.25810050046732563,1.0791690342292775,1.042651984325628,-0.9811496509595531,0.1240449176881904,0.3186657698403938,-0.5784399468992449,0.13293961750425076,-1.1183532859622798,1.372249338716268,-0.06269222679371167,-0.34114343396877017,0.36297721826242046,0.5564032101183537,-1.1684052187112042,-0.7564478710195309,1.181146164604156,1.3746081118053763,0.9670754363914573,0.4678540657063688,0.796903289628272,0.2690821247812465,0.9558229219368202,0.9732686997792093,-0.9327373348520243,-1.3570350999848941
8.395221640893011,7.853803398952075,6.6990012907418635,5.858731601341034,3.2806274942044875,0.6027293178534876,-1.624910380130485,-1.5713706564566634,-2.4952343411223152,-0.8137331451251887,0.587699458458021,-0.1026457400809785,0.3723916131303648,0.5962178026336135,-0.809213384422797,-0.7223693938702219,-0.4118041001272249,2.212614438148137,0.7044674006397239,-0.6009280536268112,-0.9697146664254904,0.7877819235378166,0.09122848223562716,0.03106204788472345,0.489752268886909,-0.7067470668676904,0.0217408130626297,-0.8426755630169984,0.275167207908089,0.06586268072427583,-0.8563058220596622,0.14590072478255917,-0.0012371025935529554,-3.5115560528014798
7.634900104887793,6.623038704362209,5.831873756029397,4.646245756325132,3.547343173098058,1.7440035393143225,0.4688060718184471,-1.667522261082362,0.9465410904255691,-1.0852812072047477,0.5998395178634867,-0.8409646228165217,0.07389808509202808,1.6738934967069121,-1.0790346025056996,0.671523948543137,1.5662197584062771,1.6791447108964732,0.3653809041580032,-0.5197023808410963,-0.22343021765182783,0.2539376902514181,-0.17536902710901967,-0.8032471871903182,0.407618995593582,-0.9523300577203486,-1.0897373398201615,-1.1343258193199641,0.6733345591059002,-0.6388782332335533,0.610875712381472,-1.0697979792768235,-3.352314451580517,-4.025319106719915
6.573666506012955,5.927730259460752,5.649093150587738,4.2970140120861195,2.3353269504852765,-0.18489002804945534,-1.8623755205869672,-0.32288867887273304,-1.005155769070513,-1.4584322889638837,-0.5011306359293212,0.695943100774791,0.744296861085689,-0.04993860741167128,1.0293133074961163,2.4720216514880713,-0.2463795740934175,0.5494631385607779,0.4929677935693671,-0.4637837098802362,0.668875789730513,-0.47711258282354513,-0.8527006394527408,-1.0357459835509042,-0.249246593930449,0.11903105872176596,-0.5215671997986331,0.6915739251668341,0.4495790266490295,0.32579208776805546,-0.9060074724474593,-1.8272966079975885,-4.4398032221911645,-5.1479940233302806
