script/wind100m.json
{"header": {"parameterCategory": 2, "parameterNumber": 2, "lo1": 3.000054539987559, "la1": 64.9999836372058, "dx": 0.5, "dy": 0.25, "nx": 34, "ny": 52, "refTime": "2026-01-05T07:00:00.000Z"}, "data":
[rows 0 to 23 of 52, columns 0 to 33 of 34]
-0.5692859008335475,-0.5541647424598276,-3.128881391617338,-3.8813149622663707,-4.06981827740485,-4.2069340326119695,-4.389756397724821,-4.671789396767261,-4.9301102482259545,-4.595014177664353,-4.0379898936731,-2.375613451968961,-0.631621820969233,1.9875970429277807,3.359699870508392,5.715467689763442,3.7955089726897064,-0.8873731305317063,-1.0916979968002896,3.503587948832327,5.080564100807221,-0.9459874680204775,5.44348478975106,7.910626304981621,4.535016788293588,3.227066206132605,5.37299279056204,6.672327296705361,8.644720632508628,7.63856143454773,7.384571708383039,6.598917814090168,4.839333144677844,7.608093206871121
-0.7378834019624932,-3.73189114091601,-4.446364735552693,-5.358257694536328,-5.601827233083419,-6.091329396836753,-6.3410700377359115,-6.45972717648734,-6.102029688187695,-4.9069326025130255,-3.6749123487619375,-2.845043410033473,-1.1701452296469121,0.34791857327304937,2.4572686781297683,3.480243822546516,1.7572232334598812,1.8713175633653854,4.231179941987921,8.687326720800087,0.5213824632919014,8.87396933132405,1.8648614420904506,10.4413834369137,4.3782217673246855,0.9552400640678016,3.585021054517597,4.130459458034769,5.887071428107802,8.552238496980499,6.034754886769407,8.399235329004286,7.321770505931063,7.048951776772219
-4.544466993413913,-5.649470520469965,-5.304562958916792,-5.678553058742427,-5.289233224814531,-5.388228741887806,-5.252970680862972,-5.096180815377084,-3.250495220520125,-2.291076593507545,-2.3962019444707487,-2.2909202321603486,-2.0792202631065764,-0.6704341328133228,1.4156832358085052,2.3235929241143394,2.6975138153190694,-0.080984046649512,-0.44545148027081416,-0.12175004389488835,6.655119445748863,9.47402815890361,6.146511858106196,9.914608140400052,9.204416828649402,1.279156764908843,2.6387315286817157,4.159542277604714,6.10615751297475,8.6920675555106,8.405097651384272,8.181770780383895,7.50733407018463,7.64945545294052
-4.865765336963879,-5.014502468519338,-5.733729767446276,-4.221209671354234,-2.826912511820955,-2.5833104893578884,-2.084306098777696,-1.7091185882388162,-2.3349348303110165,-2.647001366109769,-2.0056528458906877,-0.5280842676287227,-0.9651850901499152,-0.6147478506473082,-0.0611944555154429,-0.8873300307702149,-1.3058898634061766,1.0888368873929661,3.996613813037482,1.2079201768095145,3.3460463628608026,9.0769948123726,4.771706081165373,3.9783982213789755,3.4350927459135896,1.7754968614106477,6.0006568181396585,6.4459622742915785,3.6764386867133196,5.410062544243331,7.515504519737827,10.2400943320684,7.984460347455619,6.986511747340355
-5.331485307689372,-5.3249728379582235,-3.1793977629022083,-2.249888530908489,-1.3156269812825636,-1.5192636403991067,-1.9388392843326796,-2.2394154751943187,-1.9402204759570618,-2.3227782732297,-1.964547607071361,-0.27221901712043284,-0.3805444548000944,-1.359872317396917,-5.439970931392122,-2.858245044803124,0.962255234383323,-1.8203181190226134,-1.2095312673127816,5.089607149306797,4.4464684019671425,9.37708850837157,0.4260974046707487,5.702492042411019,-2.282149547104696,1.846565857961896,4.223293834391073,4.104962585866701,7.24584964181047,5.478164501890279,9.152957068820406,8.665638123169206,8.763191740310845,8.054784757519181
-5.292311955118204,-3.7221287194781514,-2.4877816960130015,-1.6802075962866072,-0.9620157229116165,-0.5664113775919761,-0.2585863224737135,0.2585617189814188,1.2607335824664152,1.156497533114706,0.08232045549771809,-0.508077443584578,0.2552760042757491,-4.975903371462981,-2.5785712539246792,-2.425608444427863,-0.5148587009906379,-3.1580253646184846,2.6269875752024787,-0.4926741200025941,1.0034629176967418,7.375423603824026,9.983893760754952,2.0809696695886815,7.267764439907072,7.7489496039863,7.941749666020145,6.122500637370442,4.044375503643519,6.852447073196333,9.325127574197762,5.319671515714118,6.434008537971844,6.56095516284653
-6.991391960700457,-2.6201953853593642,-3.5662646847125363,-1.6211210255500674,-1.1429336379106332,0.0668641681851395,0.47546215685714727,1.0683234759672209,1.557461097958008,1.5877031433451698,-0.3501789671996771,1.602178066064477,-0.610459972444312,-3.8664796868735847,-3.6589792210357737,-3.3045110500749395,-2.5879877439901096,-0.4403247931943236,3.1925022845958577,2.3191794822580225,4.195907568605093,2.300027834657767,3.2581630919413134,5.8410853174554225,8.093341355794237,3.886500920652099,8.142717571857936,5.310756049758821,2.6307277824395343,8.510568469445614,8.735818772240808,7.176706275216143,6.603047215726658,4.4563939496562535
-10.588715670348877,-4.727412358216749,-3.0389123143384764,-2.2459165383595043,0.15811605183111588,-0.6065373471818091,0.656629255681886,0.8778551379316731,0.6611449176767514,1.132055669242139,0.7833668770005208,-2.4666668919596813,0.9947274372137568,0.5523337820224112,-2.5032022853024043,-0.8668486200196153,-2.490637961707513,1.4212771772515955,4.324490271554362,0.6161998301835734,1.2694971285788699,4.761878737331735,1.6244329940505693,3.6900677816499905,4.329862787223832,5.098225047632493,7.238567856875197,9.328483144502789,2.909666183731754,5.069597748564143,8.25019483124918,4.559395232076432,7.805511824665908,6.269569249185888
-3.588629119714099,-0.019024227500863453,-2.9641640153624045,-1.6642332771273678,-0.848078230759508,-0.5077643851637631,-0.42036571863592853,0.41081773790786674,-0.6783885551210519,-0.0593059152933112,-2.6680824382048445,-1.116193312585054,1.4422238360593813,-1.5376318160690279,-0.20569069099911927,-1.8985397996901794,-4.298681134772693,4.0420688164170935,-0.18433227156894416,1.7803816029145965,4.118161530595999,6.447853842557975,-0.4023472544957594,-0.1948679083113185,3.926449554135283,4.5754554726209635,5.825182014013356,5.850968854317838,3.7515018105251814,5.826277724235956,6.358023403777445,5.210921910651705,7.175364046152608,8.129859964254603
-1.7540117811547393,-1.7077529263593927,-1.792727210863755,-1.3378261635327797,-1.1307524217203564,-0.8674441997826328,-0.8204633481773411,-0.8384943521228072,-3.9078208869066065,-2.0460327434192576,-2.0824107147341686,-0.9517290772430691,-0.05770866148911818,3.193360086057608,-4.915690100654291,1.9067982223508084,3.0816323976269397,-0.7656115063584021,0.7729668216878728,3.8963329757253464,6.877181978124859,6.656383338635128,6.956744716839544,8.021610473860099,5.493471588867183,5.304106464267701,5.17561270937521,6.474545434488863,6.323995169454588,6.530272122533454,3.4330097510616264,6.025461890226151,6.9211085686925555,6.499710688229724
-2.9793949530507153,-2.8176718744662628,-2.1038239892570867,-1.431510667745028,-0.6836530225875211,-0.6304528922796253,-2.2920400609338802,-2.4840762102520824,0.3591064421571843,1.3869089539039727,-1.3632515365388476,-5.153667657200841,-0.07518846658437171,7.823290938048419,5.048328065511618,-2.1351277583120223,3.721758773684392,-2.000689138609888,0.8958817793465992,2.322143267045871,6.37350729980269,2.6312732692168286,6.385346165899888,0.9367652954234127,2.8782585601735544,3.609004454349154,3.2440630341588568,5.618513373855107,6.0035162924124235,4.341790304716582,3.282458471155143,4.602191530156536,5.856541676056222,6.679809730028848
-5.395533471786318,-3.5782738480531795,-2.3573245906653435,-2.1872756773260043,-0.2135557232394784,-1.4297052174429088,-2.736646425039788,-3.1983910691507726,1.1839135983609144,-4.499546151484751,-2.648957232570188,-4.06200401584125,-3.2216378713600595,4.5324277466676435,1.790634712453452,0.8895434244489216,-0.18188337890092843,2.7998506305007527,0.9521227241074521,2.710585350747234,4.528270532309851,5.505703880156165,0.8898056845347396,6.983110171644687,2.3062015042052,3.4763364832803862,3.6629427415884734,3.590457549363147,6.311660084503249,7.327490618128913,6.388975466885498,5.6699606500534765,5.626769473564887,6.3863431743470445
-7.0731052481387024,-4.812957825247986,-4.086470411726428,-2.7713669374520373,-1.5769122285487303,-3.3385567089764634,0.041166349982604336,-3.1454003332026956,-5.171368459290786,-7.517608071637452,-6.681370437914584,-6.346648569518271,-0.03108514630378389,0.6794658576276119,-0.9643588746465762,2.504828213541702,-0.1431295561402763,1.480312810947096,2.314387964401937,1.7880717000856674,2.566478535007241,1.9745375666540246,2.852369665884192,3.7249994850937145,7.03950818740228,3.9704453559876005,1.6384849072087206,1.9676513649600367,5.046640322405747,4.463614521847133,4.696699258077818,5.2277643375067475,5.680909488379242,6.352733209784906
-8.393087944920397,-5.7475252837313615,-5.5953500735215655,-5.567840941765861,-5.837335197116373,-3.890555021165355,1.4473738173481845,-0.18496050641398715,-9.011295745314406,-3.4706672572848416,-2.160535456095266,1.144286625442037,-1.265205952951847,-2.7274970051603122,-0.21276595580859406,-0.18216813710277638,0.008091379979012304,-1.3330683845194362,0.656596240075907,1.3957101602454618,3.5989843481554056,3.0950936219588225,2.501012531244842,3.5919079012184882,4.54839031995844,3.7909022509267865,4.696405048832349,5.485878819780887,6.102948809763106,4.163907773853023,3.9933391410786174,4.54644966398477,5.325444679137533,6.468026517577523
-6.271225204463664,-6.676146070532089,-6.03342725076768,-6.403231496258126,-6.194881993367565,-7.824522393569502,0.850572212468715,-8.158307916221286,-1.8158182102145746,-3.7595238635678565,-1.585919783481752,-2.4831742036171986,-0.3914413900766401,-0.14618983160154836,-1.8782850983912172,-0.2344617756845258,0.38278598418254645,-1.4044892852770745,-0.06292837979150753,-0.2335044239720042,0.2045304377801595,1.3088574290362844,1.1706528029972452,1.8801823746829867,2.3460030655282673,2.163519007408717,1.6110179619889256,2.849236726732007,4.1187285486678125,3.0455607251859806,3.214919961744805,3.8562258701315204,4.94481963661183,6.077795166686555
-7.977918714858112,-7.562120254187518,-6.416674325723089,-6.0187891925512265,-5.852009922730747,-5.783742706977844,-8.13358862738921,1.4706132427877088,-2.2246454951979295,-4.703592256590963,-6.444930667346135,-4.65689932321455,-3.6629391431603526,-2.8432235918755118,-0.0818650384322278,-1.67832769360493,-1.7322224465350418,-0.19882465498650406,-1.533979520306477,-2.6924055999862646,-0.27793388171485967,0.1763045928465627,2.8699045844940936,0.8836283523224451,0.06189707478327903,0.23245007874889956,2.883365838427749,4.656211968001622,5.023690764847472,3.00686835291089,3.1895299345894426,3.003038173468941,3.004543708615089,4.032225678846487
-1.9704148992799588,-7.381402781251324,-7.141476864223957,-6.19240888116717,-6.495170823031872,-9.008525390442273,-6.353207787063062,-3.9681871248796914,-0.9775361176086989,-6.431174363363914,-5.678068277861892,-3.536135028715013,-0.3321931458819877,0.3733676287852585,-0.1794619289470451,-0.727430919224832,-1.9671564158704982,0.3900695136128505,-3.173393622236739,-1.6927709122162466,-1.812288813967561,-0.06083579493294176,0.2972916175770752,2.02518630636871,-1.1589895220240132,-0.4753433447883272,0.8786609942156981,2.1272173224874344,3.3323014808148215,1.7211659671276607,1.2291371020642083,1.0062107415616388,1.5544917325076035,2.1262085449645265
3.5259886270159826,-6.157669636807201,-7.26781774999794,-7.257689205843154,-4.878499006534301,-3.281147628353233,-7.46793929917127,0.8980615772604091,-6.945752094344205,-4.5022637940423955,-0.30038458536575136,-4.65104819026199,-1.4882850492635036,-2.6936677946175243,-2.768613119379645,-3.5922785555781083,-3.03063904016134,-1.7337429411585041,-5.298818808311078,-4.849458464068229,-5.992844294947307,-0.7662235789535258,-0.4752521481494223,-1.5626425461137057,1.052804085773611,-1.644149999639073,-0.7029717721327939,1.1106644244031407,0.4416864960086927,0.11665513244688526,-1.3239214044517376,-0.9722363718622045,-0.7321002619910953,-0.8309163476055655
3.878432423174392,-2.7060578582400567,-6.671105454614565,-6.974035093858318,-5.179357444467657,-4.817124495375065,-5.048678202870737,-2.9959947379882084,-7.793965725780571,-5.863846499838014,-4.9687239325739005,-3.0009185281879294,-2.4799359971545623,-4.754085023375224,-1.2914426612455487,-4.285284286310919,-2.0329610453146727,-2.088258539115801,0.5675561259881667,-3.1563007491410158,-3.7499439923372573,-5.68461386834479,-1.943476072263337,-2.697231176433939,-0.0318035066425037,1.2163157204194317,-4.224700481393647,-0.11189677658204943,-1.5293951805053567,2.0284698446992797,-2.9121462176786457,-2.8212223965247745,-2.9894256789703126,-2.7163397376883993
2.2791999634110702,-5.23150650590348,-5.952120679545264,-6.80154775665481,-3.4903197078101593,-4.1237648045371085,-0.944847664063608,-1.5415314491023941,-7.671192471132762,-6.784849205118545,-4.5958121964276035,-3.9946104983775097,-1.9883650027959958,-4.202929692229359,-4.094692652365053,-4.187832683348028,-2.791246857639163,-2.0786984720386905,0.2652277041834409,-3.3894684609166994,-1.9307769460481916,-5.199084637111347,-5.405722824611793,-1.3064238575608529,-1.438310731339817,-0.9170952179560299,1.0241336956572733,-2.5841422538966246,-1.970173342624436,-1.3632743552329507,-3.777004000992709,-4.205721065806845,-4.923236852365358,-5.7559255790737165
3.37537546868969,-1.8478859653177846,-5.045907894235496,-5.866743863587136,-4.733027027955223,-5.085498162973113,0.6553480052502514,-0.28001641982477693,-5.438146509672412,-3.568580599294568,-5.1409666841203885,-3.9575914977805224,-3.6892836430448117,-1.5004821602325857,-2.938072160401822,-4.2416063628021945,-4.0940354879503875,-2.4356628449317785,-2.437563095426854,-4.544111091711412,-2.746362108260388,-2.4841929813503767,-6.023574773365379,-4.214635813022706,-3.841544355449189,-2.3788487559872453,-0.7679616990810061,-1.7196097876723517,-2.03451094426585,-1.173953870363022,-3.219307688873561,-6.7352035236518,-6.3559963197825775,-5.458563204008755
3.22336920143267,6.593889081993876,-3.4186700829702095,-6.667579862910806,-5.575405991698645,-5.374153428980674,-8.028192552326576,-7.305579558318926,-6.583268222280008,0.6157902152525548,-0.940521124886977,-2.4589355027503945,0.06064570100473427,-2.0026443265571925,-3.5972741372207606,-2.754561811745287,-4.818598157632797,-3.952456993561692,-2.566033305591221,-3.1984280599577217,-3.4818354898595594,-3.6716128048785257,-5.505328946894412,-4.21526439543569,-4.550010651404797,-3.6692967195654194,-2.3903199720852033,-2.6217767437868362,-2.816922131728486,-4.538120196373316,-7.422765610317077,-6.3138298830821284,-5.772253561738816,-7.062945888614338
2.6414713062378636,1.7630048266280771,-2.3171941289723046,-6.3120682895375415,-6.483151271286539,-5.8082168622741195,-9.344532048293827,-3.9066209257236975,-4.647298288459177,-6.769635704086438,-1.326612812253733,-1.4900030661313204,-0.19646722796295266,-2.7046316696360737,-2.951236383442284,-5.338929285703821,-4.992247695790483,-4.006585047278748,-3.1859245464116963,-3.31345045011707,-3.762262890119773,-5.143307847663584,-6.085146774747529,-5.87431680361798,-4.583462908017732,-4.445754283477298,-3.1610466290908446,-2.9026773646660504,-3.8954860236002213,-7.199353243455305,-8.154046849703038,-5.276074202700487,-8.994054878512031,-9.122315855973989
-0.4552816201460974,-0.08987095311592831,-1.7715530177337744,-4.925258734513696,-6.23997309831597,-6.388272857302053,-5.758906226781035,-7.347231496986483,-6.712201900183898,-4.95971578576404,-0.8573472708187264,-0.8220083692635406,0.15919050812073635,-0.8683772338521042,-4.087408859342883,-5.11757380200063,-4.373466423756332,-4.8618133532995085,-4.683927541708714,-4.906743795100146,-3.462031224766671,-5.237810136827833,-5.280066607284662,-7.019426730098457,-4.396290511685904,-3.9068781923592457,-5.5609792430209115,-3.6796009130473086,-5.7499604898400785,-5.718398231881502,-4.524096733194145,-6.32763227039838,-10.116715715199486,-10.368345642776102
