script/wind10m.json
{"header": {"parameterCategory": 2, "parameterNumber": 2, "lo1": 3.000054539987559, "la1": 64.9999836372058, "dx": 0.5, "dy": 0.25, "nx": 34, "ny": 52, "refTime": "2025-01-29T15:00:00.000Z"}, "data":
[rows 0 to 24 of 52, columns 0 to 33 of 34]
-0.2804840011069803,0.025372881223722877,-0.3890962746792301,0.03866014662753297,0.40957527615057726,0.8166762549084062,1.5699732092072693,1.635084226516321,0.9478263554616074,0.38172539759065266,-1.3097554356057548,-1.4946381072117443,-2.3973669104750783,-3.835425286394255,-7.411776354549989,-7.353175638999548,-4.499170457277596,-6.403493780414194,-4.100326846177175,-9.7426690601871,-5.279104393755483,0.24415645799984373,-4.014983741693604,-7.5004655067754245,-0.04116104294748146,-1.571647486696109,0.6688517410677423,-2.7626351403817115,0.2910094258775555,-0.31809802106557405,0.5901790468967727,-1.3157440518017969,-2.4084759372254267,0.6660082802994449
0.6435826679795073,0.8296572475954034,0.1287819712076855,0.8342888845945106,1.5056936704293113,2.180465874322954,2.459066969944688,3.487239715923692,3.170295519395249,1.8198638335877142,-1.2067045021136427,-0.8999431412138332,-2.3399195638440426,-3.2842827131193544,-6.7271987703585046,-7.887768738973354,-6.943934017772305,-4.5901960638478245,-6.8424379847357315,-4.956015563564584,-4.809647510232113,-2.72841980538126,-1.1663038786443334,-4.012130160551384,0.974056626457829,-1.0040141525739041,1.4393483187011196,1.250257902575505,-1.3770457554016347,-1.0049092240663715,1.157629337214008,1.0006931447463023,-0.38634020181998424,-2.9008838337656315
-0.270150288675902,0.6117762956426537,0.8498589590039949,1.258822954173331,2.031609434756555,2.686555784183603,3.592514545650101,4.244436657560966,3.8892283732581534,2.042091575956884,-1.0202155674089792,-1.0651411431312232,-2.479982988289572,-3.426976325057758,-6.075614034208747,-9.160114001432335,-3.967173897718528,-3.061607464756474,-3.793975320159254,-1.7734838536021977,-6.325217205483953,-2.7277273364880372,-4.105144834835011,-3.3597276308413266,-2.6852969307097827,1.185612602995536,-1.6120194645884955,1.6844429627510231,0.7603539717892874,-2.5495601376041512,-0.9317586646414867,-0.9606822907512137,0.6487422927089898,-2.0638853703014552
0.23514590118635018,0.7195399131212515,0.9935223114785765,1.8834276586531657,3.000071257097023,3.80203274968866,4.610171261853056,5.165665936744788,4.381435618535214,2.044297099525615,-0.9432732894757633,-2.1896705098000604,-2.7299080909355133,-3.9893836507104132,-5.498745402611052,-4.693542468857581,-3.3438641567254113,-2.9108011564048715,-7.406761962190395,-1.0379193887945006,-11.44510956586525,-3.416003340737751,-8.978966727290574,-1.2146974879430275,-0.22732743727462007,-0.5094307625579079,-1.044408600569546,-0.8656668260636512,-1.1059125521287965,-0.8920060808486066,-1.12916058408259,-1.4887173901299076,-0.853343176233027,-1.3911778906430863
1.0700425407378955,2.818902457578269,3.5868512762875673,3.7820236562616363,4.7459984303641045,5.429110473392705,5.322472628430862,4.7860525121795225,3.215095738490279,2.0442515853558363,-1.2379050201803659,-3.0728360354355657,-3.187909681055253,-4.7027747725178966,-4.0949043157030225,-5.861473837265497,-3.10161347584697,-2.5906676126180277,-2.0346717844710622,-4.901673037079832,-7.552074605580335,-5.7131145395648035,-0.41282583016950386,-3.5248661679956936,-1.0430787217687059,-1.4054968122229303,-1.1819169919541666,0.49378097682294225,-1.6180579415959824,-1.4685474896372768,-1.0124042315112827,-2.3483543479105595,-0.4216537544301166,-0.7832908890632863
3.119763254324812,3.6537544136687754,4.022054303444718,4.982644126282094,5.456869220227724,5.4312005931168,4.323520040098811,4.083101974391588,2.5620806833045644,0.9465098642421207,-1.9237412473664144,-2.6592892024407293,-3.6822007742215628,-5.275984386745771,-2.0260665815404355,-1.5391653709735575,-0.7988816402839889,-3.4556370542420805,-7.649715953072716,-6.020456599680454,-0.8154653756611538,-3.300497749789206,-1.9454361544635976,-0.5692674615874923,-1.195311821983705,-0.7916527324078767,-0.278717138082768,0.0924658696896947,-0.9868681897109599,-2.2152843720592745,-2.438959778344269,-0.09039317336251892,-0.8497203811821175,-1.0424786431233415
2.254603564423444,2.46808156153953,4.295044971202757,4.837090972410943,4.785326048548838,3.7766954869965206,3.3727938195010716,3.0821744881782824,1.9734429867250491,0.17979004813483043,-1.7187386036815695,-1.5475759496057655,-2.7187326914203687,-2.8449018880461985,-4.345813528730241,-4.294960708389208,-1.922421770438563,-6.109247698635739,-8.284994391612702,-2.047820538241324,-1.9284039383987504,-0.48003546104540407,-2.2349129338916307,-2.220796970053758,-2.215126233972321,0.3839970765020505,-0.7604356453847695,0.48049131997127426,-1.1856356159452666,-2.40096136145703,-1.1057044289537878,-1.8518711522700102,-1.9584329412196284,-3.3837051923647667
0.5442396842169517,1.3115536890823578,2.290030647524001,2.5311353666667227,2.2707418144389426,1.7946462687225206,2.2493713538552593,1.9589379214303657,1.4885886529949441,-1.1589849165674817,-1.0848686477911789,-0.8380283807380298,0.9470697882553303,-1.155261437392604,-0.9593447149655789,-2.3130722121477425,-0.09515474215444067,-2.7128244058525977,-2.068466829738985,-2.6179230339110533,-2.858008067027506,-1.2479964752319526,0.44920893037530035,0.1459509543877758,-0.3841422145437008,-0.40129645819147086,-1.988618556129977,-1.79990949129258,-1.214027846765625,-1.1683465465553302,-1.8265319498261465,-1.822942095450225,-2.97093626276448,-9.489423239495908
-0.8889005948305896,-0.4747037412690708,1.2216957642054507,1.2485075916699613,0.9903645029076013,1.2140334398671242,0.637655719229852,0.362834918616475,-0.43636981343924097,0.26748414860803404,-1.5380517293532505,-1.933722046248937,-2.5012402599825125,-4.512568967281738,-2.4632461822602916,-2.4850741845535946,-3.321410195423549,-2.4391837109903536,-3.59917997386659,-2.73242619978388,-3.130808675017661,-0.712050211689707,0.2002961211250361,1.0120343324280259,-0.4221162136761032,-2.4588866423856826,-1.6055827105869995,-1.061978076825252,-1.012081099017519,-0.19095954431242837,-3.1811996923314574,-4.022834286615797,-9.595982646022776,-9.819191643022709
-1.2784760788441565,-0.6582175422538789,0.6949900157785655,0.6712157349141289,0.6900239732510142,0.32978758754929954,-0.010489541490483287,-0.7653791551263832,-1.8802323356239143,-0.8439648323575724,-0.12586891189866808,-0.03546613082777197,-1.1656602740058166,2.3259256545902143,-3.1671299845630427,-3.732294135364108,-0.9440714215789132,-6.105059965194669,-4.131528008968298,-3.857335368171852,-1.1256375219127661,-0.9837662765121149,-1.4633420437777314,0.5503814470487759,-0.7974944383422949,-3.329046975471924,-1.3806025114763985,-2.4231886151277755,-3.1021964957068895,-2.393375004617088,-2.3208980729817523,-9.061117273046252,-9.65366779127797,-10.41937859729832
-1.844873703099669,-0.5358668440920968,-0.06037808810916274,-0.3367535859388878,-0.46461747065578346,-0.03707461069334815,-2.304399647098314,-0.702210283519194,1.5035352595305498,0.9535996893592533,-0.02620891985291351,-2.553475377522422,0.731079703779341,5.014451371231275,2.2866971478447415,-2.6389088866982404,0.3721793452250695,-0.3514991723084047,-6.53841800134845,-0.3480705708498549,-1.0225699567928483,-0.899453150709231,-3.760065111548412,1.2489619587142062,-1.8768417037832081,-0.9114939938476755,-0.8078924211750987,-2.775476191558487,-1.2429339556995016,-3.5798299057431433,-7.720435239701686,-8.709668513279683,-9.946423321560903,-10.445920756744222
-2.043544370187548,-0.5979665203695266,-0.6069504665495239,-0.6055129584313674,-0.3208134607913702,-0.9840602349805675,-2.047764130472944,-2.425226663593868,0.13429920278279495,-3.4268581181457636,-0.7838254957439362,-2.0338352535224042,-2.71215537757862,0.7467982147669069,0.5411130493586666,-0.4958792426368751,-3.141278621515988,-4.191786275041847,-8.313989431273612,-1.4029813523520493,-1.1324703806780487,-3.1970622891162046,0.25533131324726166,-0.7683844298920793,-0.4571459963687456,-1.6797641611405603,-1.5560106493566586,-1.8596058590625884,-1.0268682065498953,-4.327587351717512,-7.598754299243557,-8.774523466219044,-9.268427354625485,-9.733641123484247
-1.3486439109042556,-0.9440864715094839,-1.091139499997719,-0.945869384055986,-0.6439460635546281,-0.6035584408047201,1.8651175718654314,0.5224125571628779,-0.44975820183974075,-0.35473800003789013,-1.641189909870834,-2.6921779646228794,-0.06825709304238094,-1.9272509460236733,-0.2729716577697831,0.1289542386631068,-1.701430331572004,0.4356414224526583,-2.3835105814044106,-1.5793387093682458,-0.8152120540083617,-0.5886078760352095,-0.8171349998008915,-0.6249044502182366,-0.45966239292601885,-1.179855286468313,-1.313025803717827,-2.417297415635861,-2.641896263825379,-5.4642824318207035,-7.391374902073548,-7.9225136629752,-9.799570060126074,-9.725165748190783
-0.6787316482640092,-0.8194083229962752,-1.8938431972947596,-3.556310980980168,-1.5119185203802263,-2.47933868106271,1.6558259381005913,-0.6039025975472178,-1.4089780655799025,-0.5446655463389721,-1.7224742167523008,1.3322513656454291,-0.3710769135478142,0.077828457447824,-2.9901244756111547,0.7630783019208602,-1.0422698042033982,-3.095267271996516,-3.242573900029042,-0.2858768565122741,1.221353111675434,-3.9018926111211374,-0.798456367293258,-1.1636782783800248,-0.8162821345157073,-1.7640202028677285,-0.5659906015129704,-1.2720339919275152,-2.4218256372925495,-4.472571806416023,-7.333760422005662,-9.493077986648839,-10.999092937637638,-11.633694617672152
-1.6488244255492637,0.04430878516150371,-1.4857987239987043,-4.217225103691771,-3.314898658903855,-2.5411449170519123,-0.9593249559288308,-0.26645394148573326,-1.4299713277546182,-0.27593567469999386,-0.3101372496247942,-0.3749666836260745,1.577932453837493,-0.05789248709799628,0.5955960947727987,-1.784126317824002,1.3033712757630211,-1.074556254704353,-0.6633579237130122,1.0656993031416262,0.5580843663458385,0.039343855760940134,-2.047962971830013,-1.5238407671062413,-0.8001775955102778,-1.4410574863912504,-1.5549768786787834,-1.75415803603326,-1.214720815743995,-5.658016385856368,-7.6755290792492215,-10.479797146941937,-12.249128497219047,-12.304923964671305
-2.740968010311146,-0.9109461374273659,1.1211791161887612,-3.8191024159509404,-1.390069583750809,-0.8035602538338334,-3.0122596505009738,1.359054243870508,0.20130017388806792,-1.6183407544597335,-1.456534617048563,-1.2181571916150244,0.47334375699441705,0.5949219574530042,1.6950714456345841,-2.876384005012299,0.5783510305354198,0.6244208662885679,0.22391080844472389,-0.12291259308582363,-0.2332774815675446,0.6583817510228736,0.6752142768480521,-0.8533196988523504,-1.146450549638226,-0.9281950391196752,-1.2612976551994788,-0.8138081134589343,-1.4086148845495967,-4.804411057954412,-9.328186142407459,-10.556601206473484,-11.251037831297653,-11.634939032079892
-3.411983831368245,-3.064512185858184,-0.5641283128420614,0.09789385088601596,-1.4942361451309087,-1.3873064642955344,-3.366669316686473,0.2532151440637807,1.0191875871403748,-2.2126949721855285,-2.034507826582763,-0.8843190745602213,1.1645877528632893,0.965731741721694,0.5606587058356144,1.5608750127664983,-0.43789204393751047,-0.07746525117588728,-0.5936794992089885,-0.45738623433542613,-0.16222873901763585,-0.2984807655808243,-0.6771101122045847,1.049783896431989,-0.9656981014171544,-1.2878773666616152,-1.6305465445857585,-1.714568431519689,-1.1075950049908656,-5.710784707764576,-9.1824576646491,-8.957752943791677,-11.072359773590291,-9.654987093817482
-4.081190205049434,-3.507784096343646,-2.279313097519175,0.6970831232355214,1.2770165371604338,0.5268694770501153,-1.9754989345678582,-0.5956252784749594,-3.5063405035283703,-0.9319190412311769,-0.5711468956136206,-1.0255408484335162,-0.6796323358142885,0.43895823413613205,0.7350021826862899,0.8213653122461753,1.0127259277254004,-0.1956796641849358,-0.10946104265696582,-0.5003959221136285,-1.075388415939298,0.42568565719859025,-0.10686720595110169,-0.8374645951149584,0.5773835558110554,-0.4118122281785195,-1.1019017256707138,-0.673169550038125,-0.8106251308568053,-5.292005061656828,-6.4509627720839395,-9.383098152814169,-9.692948755175136,-10.488744372016855
-3.591059954750528,-4.608195667387962,-3.712827655897774,-0.6031484424283103,0.7126698437545913,0.02366543874739223,0.9123390120841511,-0.30980715949247717,-5.311683369286258,-1.3140394304084553,-2.3605450382163657,0.07482298088474915,0.5311207780860701,-0.8482411913702828,1.6872909886682572,-0.45058002777384476,0.9412803478299958,0.4518511875322726,1.497379700521792,-0.24719347179437398,-0.08142293117875708,-2.2761602633430007,-0.46735048409843594,-0.19495216139615423,-0.2511949962074176,0.44484444497868186,-0.8641256430584588,-0.6666424926206294,-0.382141071041158,-0.07688273302097039,-2.5506469232519287,-7.219058405732914,-8.828492754311217,-8.92193780298778
-4.352467925935872,-5.2825496634747475,-4.086138237134113,-3.4587078978518466,0.1915737907767241,0.5570220549330165,2.278611882604995,-0.6101077988330172,-4.354392044484388,-3.442352641821137,-2.2373532715033,0.5157002836280264,0.659566959079707,1.3347254606160766,0.400563195425333,0.020676138141096263,0.5129139642616747,0.7152970100128,-0.0029982795849235826,0.7259324941892447,-0.5239888339400681,0.03183857383020359,-1.0570851541675768,0.09654114682285365,0.8328959163161022,0.10528953010534166,0.7170135102091191,-0.3453138594037704,0.16016373967024586,0.11095841172313259,0.7591010524130364,-1.8236948863779454,-6.155046130502459,-3.6503371098944646
-5.0817586834813575,-5.275446577105946,-5.5000754902456155,-4.903256231898205,-1.2729214978231038,-1.1622022774631455,-0.036077547431019714,0.7935451803727435,-4.294451142318626,-0.1988624816366055,-2.8809763379171813,0.5052743242525932,-0.2193881512380293,-0.43989183710388335,-0.49667545423471665,-0.2501403838245262,-0.2366568265512689,0.5893700734153311,0.13741453193065484,0.4211415697127305,0.24338058194671766,0.4122182988097781,0.28566338016636983,0.3672906939352616,-0.3007426159605061,0.5684048279170051,0.43773028390664925,0.284270489975653,0.5356545442237054,0.7073209221840073,0.9192003696739964,0.13081563638647842,-4.629197012345938,-4.4571350061466415
-5.226402710583435,-5.315069912241321,-4.97165683111535,-5.33798317252844,-1.9808348475340023,-2.663278525714546,-3.0737341781194325,-1.6334249509653909,-3.4616152221323295,-0.8778016997475192,-0.16430347429676795,0.9171845864120941,0.4766050769287506,1.105776644765564,1.3911866777310435,0.49351137992238503,-0.19281873729943186,0.07371293877762336,0.350164139843959,0.3334170786854371,-0.278599673956611,0.053083057270473175,0.2868812535834922,0.5729348769777297,0.7688877902877358,0.4170725305597872,0.7358139227167496,1.1785159437892623,1.4221426082061277,0.9994304118959741,1.0094166235030018,1.2789239154894319,-0.17425104415222592,-0.19599203822924527
-4.235070125583295,-4.136227955499938,-4.2683678698529635,-3.1751028283129985,-2.988206464080242,-2.032552938715756,-3.180554746672527,-2.7344113823661744,-3.602454533599354,-5.367736199168334,0.04213170006317211,-1.1364371301047553,1.6907212826594968,-0.9848093271991208,0.4363394045369846,0.4310330851672313,-0.15351279638668786,0.210928727708949,0.195319735798004,0.5951871972447855,0.8936680182248643,0.8302235729611642,0.6142999305251946,0.3676593705748087,1.4719332139270884,1.3204430634276125,1.6697138118389867,2.6119270184415195,1.9323533963438124,1.906057879547229,2.078882100709757,1.9340299902867517,0.4446803414645687,0.9162977699939302
-4.219086790098114,-5.253971043031274,-3.6913588397776764,-4.401775567946362,-0.8077564239987525,-3.833016640681315,-2.1675505078448993,-7.84133713803283,-5.981167220426567,-2.0635166756744807,-0.08036980593740921,-0.1254535862759285,0.5436596380943028,0.505502196068257,-0.4756198162592163,-0.7899206024301351,0.18751916265088975,-0.017587172643092487,0.38029373743932254,0.6850127323508844,1.0051122637498038,1.5804773016110187,1.587331138773033,1.073362851336083,1.2532947293096843,1.860943555429385,3.1673207365558462,2.0078041106847557,1.7183497674346317,2.0278495387215925,2.7872656168925243,1.8189809161639343,5.155671813986096,4.994850963902182
-3.426650760170544,-6.276816801685025,-4.92324345140091,-3.2448457639438635,-2.8238482555397804,-2.4412986346540895,0.39420835353119926,-7.741149768142281,-5.546521173664136,-0.15747562544791038,-0.4609370741738531,1.055885650704518,0.20904007420187445,0.574298464989206,-0.844889653784655,-1.567738456003687,-0.48513390673960016,-0.5514148918408586,0.6562603917421852,0.9373303480315566,1.372993599260924,2.6326277524317514,0.8757505045691565,1.3653258240406023,1.4220199342460338,1.843780277497383,2.1424184085043776,2.098439993364617,1.816008533631843,2.7112483589575187,3.049178125761888,5.101817996327024,7.487052850757439,6.963026314744812
