script/wind50m.json
{"header": {"parameterCategory": 2, "parameterNumber": 3, "lo1": 3.000054539987559, "la1": 64.9999836372058, "dx": 0.5, "dy": 0.25, "nx": 34, "ny": 52, "refTime": "2026-04-22T10:00:00.000Z"}, "data":
[rows 24 to 47 of 52, columns 0 to 33 of 34]
-8.71944832442502,-9.79090033595636,-10.475158186536843,-11.150848546391193,-11.933166991745676,-8.61348732058398,-0.6578278437746252,-5.523973603851883,-6.920645226625317,-4.1705096573148746,-4.734639396564494,-2.5713234787035932,-2.4516982250689545,-1.0001451259277618,0.9895152040496561,3.007658198787948,0.45791997804098744,-1.6199095776481534,-2.4347297940215293,-2.8483487185943495,-1.3714884579667335,-3.6103735390468317,-2.319712330473438,-1.935008567925866,-2.847068286833775,-2.140138588302844,-2.4427412214378283,-2.372523257880067,-2.7800183880407205,-3.39686612671209,-4.633418328089395,-3.9359350304833107,-3.54962136629975,-4.894675527953098
-9.239109996869962,-9.820381297671386,-10.68102601138169,-11.482727087497846,-12.190396800801157,-10.98800792444401,-4.7959023441130615,-5.253056877216441,-5.502112390332579,-3.998037632256121,-3.1410179099318163,-0.2751263209028462,-0.752589908656591,5.47905811984798,0.6398679029498154,-0.1991144754375741,-2.0003030984631835,-2.7686314037439925,-2.706959556256021,-2.728047029656649,-0.38981889491239086,-1.221986158029956,-3.1694571467165376,-3.246513309029234,-1.9031755213695705,-1.8601624645488386,-2.029790457748714,-2.258252447757747,-2.6599308420235523,-2.8103110959805226,-1.8599801209700775,-2.8113995516440218,-3.0545643247219747,-5.069865065191752
-9.559944632140507,-10.045693138539196,-10.847693616848044,-11.66156532812151,-12.568558364803428,-13.13831724280385,-5.35699643658775,-3.6698015056642483,-2.4491750023397305,-0.4948528677356598,-1.1759963238745406,-0.6282825179681967,4.5175808403634985,1.0439854208180248,-0.6293788551429048,-2.40723309637903,-4.004645321731186,-2.404466521408742,-2.7863855811152245,-2.7714712901722414,-2.249841096791402,-2.172267166942717,-2.9519025858596626,-4.214015147683231,-0.2568681807751706,-0.5593841014258204,-2.048855730049038,-2.388570367141246,-2.420304166680115,-1.142086561811161,-1.6862348623313643,-3.3859795778723085,-4.469047774247097,-4.597655995720273
-8.934039845781774,-9.963867265871771,-10.775040971693224,-11.564002567043895,-12.161245138347446,-12.728559549323146,-9.998139836506285,1.070962171468015,-1.863011545652938,0.07881930529233548,0.157252826937316,3.9241983506273206,-0.7027342059371617,-2.123251484425018,-2.9390656325322713,-3.9242610632490806,-5.004761185456778,-0.41869145567274024,-2.952072571117762,-2.955215796356051,-4.356414961653148,-3.048003652990588,-2.822316533881633,-2.3491177007147566,-2.2627475317909687,-2.571198643138649,-2.595570640767626,-2.752795679806842,-3.395049979924716,-2.260677673762296,-3.562432854048446,-3.4952387512084524,-3.497540736050426,-4.708740264900329
-8.608194231372272,-9.508341949001375,-10.223617416447405,-11.21408476782808,-11.942205924281737,-12.04843684188892,-10.830608049420249,-6.737761645395548,-1.5510941060150274,1.4439883861315352,1.935591295486129,-0.636592769096491,-2.7171866743962525,-3.48450096377408,-3.6708956454400927,-4.292612451908894,-4.916513204211572,-3.167683483900412,-3.048465885878252,-3.6397831069491193,-3.742321622350579,-3.80427245005322,-4.529545022243386,-3.9530576138888156,-2.98490960575151,-3.2472198130509926,-3.125637146252371,-2.8990158424005132,-0.9632253759670573,-2.796585372219359,-4.713189668058821,-3.9020922765864654,-3.235102751534437,-4.5291154138143845
-8.75744974849323,-9.063691962821368,-9.948691379599547,-10.92940000398329,-11.530345637188812,-11.463464744659333,-10.384517069066206,-7.122944873062007,-3.7304636934039372,-1.856213218796312,-1.7525432539652315,-2.5499064040749024,-3.4211116606687093,-3.7714221561351406,-3.6929954316248477,-4.14945590796981,-4.604537553531676,-4.392090562689544,-2.742525672413211,-4.0370686592943,-4.884655893199016,-5.1724167731109585,-4.634695293993888,-4.243429694757867,-4.716285283168304,-4.8962460334012805,-3.825438033511527,-3.203186540270234,-1.0098721291472315,-5.32500694744427,-5.633777299627706,-3.6765932919758946,-2.8393324156263913,-5.050838596110387
-7.598235843690795,-8.847529629601372,-9.806934106599721,-10.562443396859527,-10.94763797104481,-10.859593861063543,-9.923081154764128,-7.257095997028821,-4.681504073983046,-2.7248408801494812,-2.3212130698758893,-2.7394490707054993,-3.882287350494859,-4.252609499592192,-2.7498376474825488,-3.7696665514439487,-4.550439998659646,-5.522034682447924,-2.7201979263205702,-4.019028061711945,-4.50192879740144,-4.778290459704572,-5.311415770568294,-5.814790448263956,-5.386673750858837,-4.92189213994854,-4.260841858140709,-4.103536134082383,-6.598923230666498,-8.432586358433246,-7.798752327979585,-3.676793426636056,-5.8672413592826285,-6.0465409882378145
-7.935894675258215,-8.7046217196582,-9.596724504919973,-10.270936484314463,-10.286459664468268,-10.068593348363844,-8.734823566029219,-7.07257745310021,-5.479830039238709,-3.5897845603073826,-2.4759567401528773,-1.7764115642508869,-2.9063626286867463,-2.7860461911224648,-2.337333745734436,-3.2777375589535174,-3.1091566946851095,-5.440366280412742,-5.703397437405729,-3.9737187739010382,-4.149494065680778,-4.686470381225155,-4.513566702752675,-4.879079108176968,-5.101035933897274,-4.728808533776413,-4.472435825100964,-0.509088686546546,-4.33240672187419,-8.487525947033076,-8.694013007853599,-5.082342920933732,-7.174109180858489,-7.412622840173582
-6.905835749226379,-8.921987072916057,-9.287100135782355,-9.94656792869866,-9.87426777056726,-9.404989073083193,-8.272900675790149,-6.808953483233593,-5.561093255705148,-4.3094754077693205,-2.7171174008944536,-1.14692694845306,-1.804309512727478,-1.9108540442170117,-2.4134249847286933,-3.396682998227454,-4.635373305346722,-5.276042919317585,-4.928577227846834,-3.6649419451270178,-4.009943132411262,-4.2660742891920425,-4.568583700608022,-5.033044715007377,-4.855365166733889,-5.195001169820808,-4.642569580385676,-2.7197772941206844,-4.753546284939626,-9.526565665018426,-9.982121310082084,0.6866166908205561,-6.190263057836184,-7.239510448427122
-7.829441003689361,-8.76387366201388,-9.34259128032642,-9.594290746812774,-9.513227108947861,-9.037907026876361,-7.942596492499202,-6.839171581403826,-5.67054137674957,-4.548862755951415,-2.8649535031934232,-1.2767114215714968,-1.321938147637441,-1.879658412837966,-2.3535234919466053,-3.737133074633259,-4.87860683344973,-3.646706920903285,-4.429342631042647,-4.892683128384723,-4.208574014320667,-4.394978722077166,-4.3957566008116435,-4.767560532430246,-4.557880316021647,-4.488299124133369,-4.534266896120273,-3.5035817672945235,-7.892896109336231,-10.859704225362218,-10.710279028845866,-2.0953060933200423,-6.638708476662559,-8.187292900707982
-7.873728342265319,-8.415314141462106,-8.836511606602315,-9.12015248287102,-9.045020475908483,-8.600430978885813,-7.737270703333246,-6.846036893091216,-5.5928737158441155,-4.706970487865604,-3.5255379075345563,-1.1259454049336415,-0.501551489983234,-1.9484144178493268,-2.0880693162273563,-2.7775138448186283,-4.53728752340887,-5.01577579294329,-5.321653780632079,-4.523612698179764,-0.8585711110073451,-4.660911280171735,-4.7097007036569485,-4.660910690996564,-4.97234759375966,-4.212319622808341,-5.008558359925307,-5.905799227611995,-8.700671564390493,-11.222935839713433,-10.350434135273767,-5.779605068103827,-6.199673617586465,-7.5972743999021
-7.068151768057349,-7.675207053597375,-8.215304498368308,-8.575298758569492,-8.304775911511733,-7.957366850993904,-7.28976965215351,-6.445613156108242,-5.80010675974903,-5.298221073131282,-4.2325235727269215,-2.0445290004331396,-1.8205272902004217,-1.9901062423556881,-2.0356682506370514,-2.058419815793098,-2.873394834362134,-6.495671009090683,-5.846347969367367,-4.553632139941766,-4.043600790916855,-4.667900451142232,-5.682804998020746,-5.331808669035527,-5.060045719184393,-4.650815986720142,-2.4711237101002204,-2.612472992385627,-8.804216410684052,-10.561548908884978,-8.062560562458017,-6.306619529151633,-6.5435301246287905,-6.44557044603238
-6.428103097289669,-6.997006615166528,-7.407623871528138,-7.706782894227984,-7.763261246875221,-7.398006719489313,-6.745704644376125,-6.658617860263946,-6.388797548042205,-5.696289670563579,-4.896815127024759,-2.5783015306373342,-1.6589836757514766,-1.9556121344073136,-1.8837646156249646,-2.8175043431950444,-3.813278734512592,-5.31037985308106,-4.15740281626167,-4.190072465531544,-5.540821268057496,-5.9873698006396365,-6.072028436339205,-6.3501762551942464,-5.722394206681522,-4.8997628495395515,-1.5314875829622427,-4.43790040875421,-9.890115318233848,-9.455243808566362,-7.52655807814601,-5.880078798820492,-4.413562318276326,-4.807396049828486
-5.946898972076917,-6.2894220308965,-6.6451235262943635,-7.131986516968935,-7.28252131625806,-7.380348333049984,-7.198177356564361,-6.757824132731563,-6.500305877030167,-5.863072809000477,-4.997600129286712,-3.543983579657197,-1.892618435956935,-2.3773686467277964,-2.3311765304922005,-0.679728644792672,-2.6604780738545726,-3.429519833546346,-5.0774410878925735,-4.670278897778593,-4.228147604820273,-6.11488309430903,-5.748699899729048,-7.209586333483144,-6.787138727826539,-7.729415592117044,-4.770841501964911,-6.5212268360361625,-6.161146841702618,-7.341825205925379,-7.140743940521092,-5.162875686699117,-2.181209771911295,-2.29018562187437
-5.61897212028907,-5.910382122242156,-6.4466384380409885,-6.98540368491111,-7.277923759583642,-7.523109685359706,-7.1955152292753635,-6.796125523823019,-6.465524673720048,-6.035732774018185,-5.843583683307026,-3.5143505022180443,-2.479045335746563,-2.210465534895851,-2.277360169613387,-2.2371225630503915,-4.283765919046188,-3.8826520355952794,-4.6458276033469375,-5.310583887983014,-7.009893907163143,-5.8985830029694775,-6.400371242121387,-7.44501975916595,-8.886765987831646,-7.675101486911151,-6.5003020428207865,-6.744759078216632,-6.958974936274584,-5.585364475639275,-3.6466113959550435,-2.024895675722803,-2.106539461009935,-3.21083955563578
-5.767099863906567,-6.166416879797831,-6.296189783659229,-6.714188357813445,-7.000821208533408,-7.240713562022512,-7.253370033481933,-6.9636925723092675,-6.695014836896812,-6.684887051789855,-6.657651690682248,-5.359138816775813,-2.191749709520547,-2.4162138975979564,-2.884902275734881,-2.3792357576767555,-3.597353746133363,-3.2342453798970405,-4.567918639769285,-6.801163552987998,-6.446474142047213,-6.190514539185332,-5.978223358519094,-5.369680810866733,-5.967244340152634,-6.637140661048922,-5.7659342440221915,-4.692254150502144,-4.665914344324508,-3.687104052201752,-1.05201465274774,-2.170479311731477,-2.8012616727481707,-3.2676483493589528
-6.588856720857156,-6.570276994543838,-6.604841894874443,-6.739936423342144,-6.933943229345254,-7.041338707197945,-7.116921303788463,-6.86193712180685,-6.525358194038781,-6.624898679509752,-6.896803817516506,-6.5812536806977855,-3.110635224242286,-2.4862157990566387,-3.3328528177279853,-1.6519376161954527,-1.739074332003523,-4.743440747603122,-4.6567680528831525,-5.033488477445387,-7.611008743458541,-8.541538290926022,-7.222497407891196,-6.57421294153973,-2.956479575221992,-8.038485174512154,-6.271715664903111,-5.645522022849433,-4.063781024621496,-0.21056869011931875,1.0374443954023034,-0.36611948613721096,-3.0243892868128746,-3.525696393989891
-6.301874144776199,-6.584219632589904,-6.239391183192713,-6.320992454980311,-6.733488902173739,-7.068289988733914,-6.937753144870346,-6.407118171122166,-6.253209948923824,-6.564805607325325,-6.814347068556038,-4.3420206297332005,-2.729220595327594,-2.851632972609718,-2.579044034890313,-4.1832159613259385,-1.6805165990931201,-3.8162778186869533,-4.282077324781243,-5.123473200441157,-7.157058835939893,-6.625276181987147,-4.89354926916625,-3.3020265389541277,-3.1446934271576286,-3.2777913103658602,-4.8030315367774294,-3.0859131706018363,0.1531878126402014,-0.2673165661412274,-1.0876495569312985,-3.259350252239925,-4.2604251047966475,-4.373917455343518
-5.318190136797374,-5.615352277975437,-5.327521202383864,-5.355953320713897,-5.7883884168987905,-6.038712759129567,-6.2471227495551025,-5.921357871154363,-5.634450667801201,-6.097019282575761,-5.958680260400027,-5.460863872645293,-2.38530219184748,-2.845952154090903,-1.432651936792556,-2.9849513152218208,-0.6759261791655583,-3.635546226573679,-3.179831664488518,-4.238899472005264,-2.911744152792799,-2.197679948273281,-5.192610933804894,-4.239514660461095,-4.3360224296259435,-3.9336035432229792,-3.202259760602425,0.10440299072068683,-2.692733708880862,-2.20404955321947,-2.1240002039414176,-3.012625727423765,-3.637167302684097,-3.3803905829338015
-4.442866961689683,-4.7670030796559235,-4.841746610413728,-4.796497787539751,-5.23429995952135,-5.303978865461596,-5.87978530806647,-5.921097872463535,-5.832269917717215,-5.865341310308084,-5.213597681483491,-3.989992317395826,-2.156022062323528,-2.3555946836839072,-2.5974595689721007,-3.2022856954111742,-2.9641230407780155,-4.001798246836474,-3.1934566028190523,-3.2236752655334096,-3.0444155454841124,-1.9390567856308099,-2.1085487645908523,-3.5317005725885635,-3.162313880811874,-0.18027627151711167,-0.5015824566493859,-2.501560395277287,-2.0529215235427465,-2.6775976467882376,-2.7647745026220165,-3.813780228415188,-4.41944986078776,-2.60345508881621
-3.9588870526167725,-3.9648043803827924,-4.170727860946434,-4.073716756898317,-4.610055837940797,-4.627421458700734,-4.41985856254896,-4.074920066726644,-4.757300051452242,-3.9098750477884754,-3.0934494166015374,-2.378647956700329,-2.4912445503447813,-2.076274764652193,-2.0434513676313606,-2.8086583597407033,-0.7962317779649923,-1.7855840002525987,-2.942838904312752,-3.186169431665078,-2.7452077958818926,-2.6345554621708547,-2.3548835757817015,-1.1385678205845091,-1.9537429083383042,-3.0173107698616293,-2.8698740746555464,-2.6269969977909606,-3.573916403034681,-3.6149501712497107,-3.2003388599714784,-5.132847008280277,-5.215706932353927,-2.794568536631816
-3.6600505578558002,-3.790938506115075,-4.363790652777199,-4.361360578689631,-3.732651842798269,-3.5388368046073024,-3.473466114605394,-3.090590618346769,-2.2592415412783144,-1.95119811277217,-1.6723455825631148,-2.150535758816595,-3.3711704719112943,-2.1864629297076474,-1.9687869042087303,-2.3534182497496756,-2.456318301592751,-3.086961727687115,-3.2850077247093976,-3.1738712787553762,-3.1097889949234734,-3.0341153860054675,-2.674063737601882,-1.226518879575072,-3.142983895437162,-3.0175295921310936,-3.299323005154776,-3.2301118180595085,-3.4477423492142205,-4.3674701154833775,-3.9026244974618693,-4.836318925827277,-2.9595085692539733,-2.5784896815428024
-3.8278557073067914,-3.559533959118531,-3.817396534626168,-3.480309845415433,-2.918462827997097,-2.409410002867406,-2.2749817536716206,-2.303511151426872,-3.0678688393092495,-1.9700053788490486,-1.663958456796633,-3.272155285244197,-1.878004281668161,-1.890858261040002,-2.03715439514673,-2.3105928356178014,-2.7807437962414245,-2.79658202759536,-3.043442766599109,-2.9789626606242954,-3.8263832347635103,-3.578082584684465,-3.0150424030296055,-2.7024459343430265,-2.855543165003214,-3.3685089845132867,-2.9695036593661857,-3.4391001936966887,-3.881514840557424,-3.986492292777242,-4.059739169877462,-3.400120830322826,-1.242899707329363,-2.0404806741231263
-3.6348564335838,-3.565951437937797,-2.922554932175364,-2.994079929734044,-0.6631102921861125,-4.744655453965018,-1.523802235867843,-1.6880848312158043,-1.1504569216297393,-1.321303153652477,-1.5697534194327005,-1.83415817090012,-1.413893029106613,-1.7770586870855354,-2.2775309620002737,-2.318144925615153,-2.054561637389022,-2.365130978164615,-3.0656301125231824,-3.1070427220192736,-3.2488519282980555,-4.365411409624605,-3.960343308272884,-3.007136645478046,-3.426113942497678,-2.268406012712076,-2.729853760846314,-3.8116415461443993,-4.154473075065179,-2.9956502602889734,-2.1532592284629013,-1.904168258040092,-1.6104167832000151,-2.0612715605632173
