script/wind10m.json
{"header": {"parameterCategory": 2, "parameterNumber": 3, "lo1": 6.000027932988019, "la1": 58.9999434238085, "dx": 0.5, "dy": 0.25, "nx": 22, "ny": 24, "refTime": "2024-08-07T17:00:00.000Z"}, "data":
[rows 0 to 23 of 24, columns 0 to 21 of 22]
3.551095389580906,6.426291825177079,4.346561182073095,1.9455847036051275,2.101120785168436,2.148617369292997,1.595885146072051,2.093106965459886,4.117979131447551,6.286810119449841,5.092855025710541,2.3045007975790486,1.9461988654854816,1.5529376762305054,3.7137657283834598,3.510816921328259,1.8319468010608182,1.376485549506347,0.8366831059600665,0.48735650234258016,1.131869270396258,1.360117745872351
4.752366463785331,3.376427265768389,2.607978650305803,1.8088350388026595,1.7361274503912802,1.4279107216530287,1.7614673098011193,5.902412824836815,6.771516444638557,6.355429933896812,5.248553716273164,2.2781766214033903,2.7859920631558532,1.9569091552842726,6.344060832602186,5.7472437278474375,1.866490300386635,1.2816832237578608,-0.009549055189389434,0.06719018848533298,0.546213439399178,0.8252778176486869
3.3231327728454554,2.0587272213226764,2.1406303670768456,1.2915436068312252,0.9947993161028669,1.2541907668952001,4.019230288739534,5.787011112059359,6.980562434971816,6.110414449710584,5.646515923060158,-0.12960489245926432,0.024970881319965985,5.788175702947748,2.319527525806664,2.593685312200225,1.7548410291005354,1.0099921732086103,2.7520122580794406,1.047464057493773,1.3133361446580893,1.8821703231971072
6.141341077939427,2.974824036031964,1.808363042759267,1.4646162440870794,1.4793690959187902,4.728149881054707,4.589229839875673,6.2395955710019235,6.251217540700001,6.000177284512575,1.450864738418591,-0.3120898379924607,0.3522083354512463,0.8378852988065651,1.6737562556733623,1.7721803839239187,1.5352942587008949,-0.7580647229197173,1.2324530081244895,1.573680800077872,1.3221951527705487,1.5845344333142466
6.1270442753149315,5.029908188033156,3.217791352339288,1.4376858188055235,3.1050327452227355,2.689899928563236,1.4480851479920713,2.9009970235274785,5.442228913526667,7.65695207131206,0.48100949355035016,-0.9758102731519099,1.7534757867831399,1.3789488575073152,1.0595094372259168,1.3714745787500422,1.2800732047608487,1.5088691447250087,1.4813933833846669,1.5361523898975453,1.978269698987878,2.354370219650896
6.486078804694106,6.260380215910775,5.318344503275226,4.7573958862775125,3.4848002189017513,1.9076442221532903,0.2142861313915328,2.3454929604793606,4.298964233628921,2.739641674276901,-1.7019547027063289,4.863925145926312,3.6117796272271714,2.015081364243351,2.052321349039833,1.6639606996895506,1.5197444204061403,1.44316965479485,1.6225128513722074,1.2339478664624044,1.8850640433132588,1.955171529399485
6.445566285465346,6.269339690472722,5.690906257351185,5.197171347812486,3.605903989988119,1.7201762114747836,0.4430442920066161,0.7725468359683001,2.3732323269347244,0.9480697843327676,-2.233499734841935,0.6257081613065586,3.2854310375779625,1.8649068397245632,1.4953953763008017,1.6329942351721427,1.3315558301965764,1.8055102121058548,1.9579370726626755,1.765768744936909,1.8199658340598515,2.5076293557256037
6.430579705605896,5.838230785633541,5.531991671889749,5.135328664850762,3.5805399613936086,1.7468171181782712,-0.1256621222489126,-1.1145096078697778,2.7172634611121005,3.3807426562741774,1.990285620800978,3.7327595781003056,7.396395770515486,2.063183627451972,1.1419054703223461,1.8739128053176182,1.568712873328918,1.723533244224753,2.0342621997916663,2.1969355249760216,2.0963044311914256,4.679104329855979
6.213166906223202,5.704448595664335,5.150559107618687,5.1369878465366,3.650295518160201,0.41153909736524014,-0.6092084692339952,0.8676113080793593,3.0322889763797263,6.539343916717672,2.61026192225343,0.9389783248198709,6.605122898917636,3.0274261950694674,1.3621498871264959,1.816512092467938,2.4542096311246646,2.0343216887126787,2.1770925815074853,2.112872734520669,2.855765066189994,4.559248141718723
5.695559203708831,4.893226974957333,5.023541251366008,4.448200389576101,3.4477417323021067,1.0504070568273995,0.5663795316119138,0.4775571648435749,2.9666254430623975,5.206411284749187,3.6241546420767534,0.3574967569286297,3.7433611653920913,5.72012508160006,1.7435148011184487,2.0285665233677364,2.3072887090765812,2.565735034165562,2.2305691888560597,1.7569532400509364,1.9605862276637966,2.7289321930464596
5.450204537906627,4.274712043787945,5.08619679086446,4.293171511305486,3.59119392339444,0.8082783252202819,0.8420831415753951,-0.2903985060007435,2.726118089441889,2.628560768048147,2.428904212298941,0.34243404321966514,2.0075903652242952,6.274435179630723,2.1050898215890497,1.7508812866058783,1.9604767066280846,2.0507001474974977,2.106763964794032,1.909077509017468,1.6572277443272954,2.7888957950216424
5.464868436244159,4.068886408499633,4.591482256885375,4.402562123350964,3.1449475430216296,0.6287721922811458,0.26981881978244376,0.732186700337704,2.8482686289509545,3.5956253067576167,2.278042382595891,2.2142009079546336,1.0738736692736854,4.381522459941379,2.2483638093579983,0.9172102629984439,1.9193396468213193,1.3328156124148145,1.4889904495253963,1.8863817198481811,1.6261470551678257,3.2517581868496297
5.125468669275631,3.7434638550376294,3.965116345751501,3.908006795956465,3.2720795370679268,0.9324831027958415,-0.17355541896244825,1.9751235871287005,2.3389638571374625,4.007864581128909,3.2963201234879653,1.7146617077713577,3.9137957268042864,3.317222043336006,2.435887695067957,1.6435802766250542,1.7879534797682117,1.0895522319354978,2.5166739021417057,3.2679962008149612,3.350523999345617,3.220923812135443
5.008443167012075,3.4870193656360953,2.7631352521917454,3.1799553216578493,2.8926629672745072,0.21435025704502933,0.07537903304179258,1.6185879615659093,2.2810716500615213,2.2476534881190964,0.06415682370170948,2.6194064433567124,3.752731343132273,2.9148879482024403,3.1735185727098405,3.0719318697354256,0.47427397370772917,2.2529308499790286,2.9906549942490748,3.5254265316218496,3.959387498551037,3.2810154574983286
4.739397691576934,3.459836107409953,2.212665658165295,2.309691299478169,2.0864193330708996,1.2917388927021614,1.2989860131684392,0.9298786137422886,1.2003355126585202,2.016676201247982,-2.8251723781231393,0.02101919681616227,2.3680280953990995,4.35713100296849,3.187948880861677,2.5385983188717294,2.5356302598490683,2.445222494186955,3.323485226175502,3.2650309516496807,3.431781953346358,3.1363757104373287
4.21366316877759,3.089499869734645,1.9060561436292895,1.9055374187936034,0.8252017146430469,0.28768643225208435,0.24810575845484337,1.0494027270188269,1.8891784838605163,-0.20440948914818177,4.510324240490662,2.6857248920473342,2.0403455822286127,4.427124871248178,3.583658966924456,3.4051791856012383,3.626292838010199,3.3848441319840603,2.892087029512746,2.736548170298009,2.37930297609798,2.04674650046736
3.4787678169531717,2.68805238010091,1.2635866810326124,1.1268811251805226,0.2598783605138022,-0.7037873559736201,0.13400427559575498,-0.056319066268295075,0.1000441534997212,0.24580959560690654,7.192706778151268,5.875818186920995,0.4304947077431694,2.4470723437478807,3.7060659436192998,3.0166794761941547,3.0984309717816036,2.3551898894279977,0.624255020378766,1.971433942291594,0.8734094761166421,0.4365704904296841
3.229527599369453,2.027236391784817,0.5354679799007138,0.3140557187506015,-0.43122493094789865,-0.7720063061221275,-0.5359747888613235,-0.9133708035609246,-0.5767531318319503,2.391642099704999,3.4616641841917666,0.2579323822418066,-3.308736117710946,1.2645642228048284,1.5456524282263515,2.8659823361659402,1.935391516765104,1.343731529794786,0.7522487334608575,0.41336726081465813,-0.65887075882771,-1.733228939386738
2.609263443741665,1.1545081106689707,-0.1495595974206369,-0.4989085236314644,-1.1561704735893803,-1.8743338985189437,-1.8719613515631532,-0.6114759549852606,0.15806593420880635,-1.0339150534717287,-4.079702236339049,-6.904588964716558,-6.244536015929759,2.0808064908956836,3.867153072781237,2.0143826437978407,0.9771492312668556,0.31000185684446074,0.5716925647165747,-1.1632408547938897,-3.0412022493835233,-2.1397207889512155
1.713156490358918,0.5767279578521488,-0.5417237212596565,-0.18954143114257269,-1.1571605975798689,-2.847595497733247,-1.9128510720484944,-0.15249663865598673,0.7949662855458888,-3.9224587243979694,-3.13344734867609,-3.929492210135096,-5.587714380441854,1.2412998087379234,1.1706990151846277,1.4332447225025613,0.17293030982142096,-0.46544275598870216,-0.6690734598987723,-2.0443767579186383,-3.056152860654331,0.5195440508709437
1.166452024432321,0.5315055894333103,-0.47890521575508493,-1.3867016471403641,-1.847762016277641,-2.70866147336982,-3.1006915712807337,-2.7596947421985485,-1.8272291679036472,-3.638914433044199,0.9034494982152202,0.5845491646716103,-1.8631650194643077,1.0216129061618986,1.3600945569838483,0.15677666055673575,-0.6676606209826699,-2.810416432762114,-0.23999840097561123,0.8042190317316729,0.9585750898474183,0.6683254288664012
1.3254032163706277,0.19178575387442526,-2.056768769913599,-2.6332286354837535,-2.767228229975309,-3.071919490858438,-2.5438144444481323,-2.4276521108615667,-2.8837388871511,1.1221115484149227,-0.2709482468913879,1.7016487569994065,-2.4219795795943058,0.5264222140442674,-0.4659505511568256,-0.5149752517917955,-1.1783362198472207,-0.5660380880824956,-0.40341183905535416,0.9993527640986789,0.3900221792409859,0.8328043525997696
-0.7306488839833799,-2.231394249175348,-3.305838529596539,-1.8967747177875072,-2.0644860544023644,-1.9104793989975046,-1.454158985187186,-2.5060682495160513,-2.6772288868715846,-4.293662334380285,-0.6535385118032079,-0.8274693456218516,-3.3393023844570466,0.7088355399871514,0.5797772350235688,1.3561010240924498,0.730269777084466,-0.2982682622945112,0.4989540294308925,0.09771016521006101,0.7041680403523877,0.9865192271640979
0.25803684295458806,-0.48545827321035656,-3.779284693072847,-3.226185312699907,-1.3445259212036575,-2.988735865024095,-2.8571654629754435,-3.2634875595189436,-1.8531125890457631,-1.081532333255454,0.2613609840198764,1.5714782625305765,-4.105305050141525,0.2606486648800229,-0.3184838631777629,0.3972833044293034,1.0614778759685775,0.6904895231160788,0.1302576698256027,0.3110863065254934,0.7286903439989387,0.4503950584004557
