script/wind450m.json
{"header": {"parameterCategory": 2, "parameterNumber": 3, "lo1": 3.000054539987559, "la1": 64.9999836372058, "dx": 0.5, "dy": 0.25, "nx": 34, "ny": 52, "refTime": "2026-01-09T10:00:00.000Z"}, "data":
[rows 25 to 49 of 52, columns 0 to 33 of 34]
12.514691939343676,12.36672710762484,11.582009836388277,10.353449168008227,8.055602937403462,4.634640293792185,7.442971139692696,1.5031492813553682,0.840476652147247,-1.2164314655943167,-2.077660996329231,-2.4722013717883953,-1.0258969153856585,0.6743635074733807,0.5724182714436838,1.17063457007887,0.8358607252146204,2.1575204410369255,1.1135895133838365,0.15136801084458035,1.42337880146909,4.479032401801394,3.344516553118775,4.054060207618046,2.499350205993527,0.8472778573771563,0.7424006413569966,1.015820367631277,-0.1907575459037574,-0.5027564186528966,-0.1590795057471533,0.37062853630262105,0.2669114269995115,-0.2873925600533983
11.39338217155556,11.750973781595327,11.311845121697612,9.014444467157503,7.493348507124628,7.872453397389376,1.7018169411892896,0.6690799855264604,-0.8200112326226036,-2.5914800165620804,-1.6426037059395158,-1.5815661666757916,-1.299016417716737,0.8433845036426901,1.4770141812580597,1.7377119342114553,2.4373983636549466,1.987868870997153,2.550739252067627,2.6176709228876853,3.439230682716324,2.4676777776699304,2.512241582048076,2.542190128004223,2.1994770001450834,1.7119185902358363,0.00028780972822147827,-0.22934371885261404,-0.6928749596978009,-0.9032849539982921,-1.1332926289197212,-0.18002926563617264,0.22615256041792248,-0.6001557713919051
10.128905356916443,9.83171023757463,9.839018101059063,9.90716927452,7.229856894938756,5.002013877973632,2.556236712110351,-0.6053075824459256,0.45857157264391263,-1.1057578878219043,-1.782452949148681,-1.0073097120901062,0.5213146894782631,1.8280787491842139,2.4438007721974087,2.4704919925468434,2.111318745931527,2.0839399303446915,3.790492002449343,3.5316424986141257,3.8462043984282643,3.9346632951001808,2.4572633212703727,1.173795688836335,1.4902661663533823,0.7066252127773776,-0.17453115639100247,-0.9365371082472059,-1.0803265082347522,-1.8548675453034371,-1.699116950747415,-1.1396354801757416,-0.9363475493533922,-1.2795841710455913
9.453533955258527,9.18863785775812,9.03863336610892,8.120339906693061,6.764337254957009,5.993794022748031,3.887907924602284,1.9572156790321618,0.6309446770148106,0.16699586423776028,-0.21563436169423747,0.775800788940737,2.1273228296013404,2.8093793683241755,2.914833743614648,2.586183291576868,2.4213402192537665,2.5419917808165895,2.9202553033309604,3.911567483473737,3.010306479055968,2.2526220009889166,1.7679837599530586,1.7708873815984076,0.5304409797208206,-0.6938045854576684,-1.0571673669959,-1.6933751713032612,-2.0425344902309055,-2.4298243248449727,-2.191678119444805,-1.7844259319591735,-1.6089987387001379,-2.4023858813013277
8.233611362216308,8.022808541117682,7.4144372233800615,6.476415673076521,5.491777151210415,4.535996952941274,3.696036852195735,2.1734609958752347,1.6643064774478686,1.403177605918236,1.3784037081818246,2.413942501251499,3.573935904282379,4.170901836937633,3.7536003874997412,2.7052698760937504,1.3034675329276864,2.195757079691878,1.3722902127771779,1.8971667364950582,2.6911925672514356,1.986862631450529,1.2900621857217116,1.5920015366210343,0.3682482210297187,-1.0147693790309043,-1.9297760193330433,-2.2933732228787282,-2.6574691618003103,-2.8548414012675902,-2.7263614349208964,-2.3759176758568548,-3.17995951969074,-3.068578896172949
6.142242758726384,6.403406474963304,5.744779343592248,4.890206802486888,4.402741819062777,4.168083707392614,3.930926170074024,3.4134781289480975,2.5607975526160454,2.5422570545456304,2.6650048142156564,2.884304153760013,3.1354896348059693,3.1549869143857863,3.2417690259091803,3.0575791230613345,1.760770183213826,1.5445693886289966,0.9907900070258044,0.3215122246518798,0.9252421386870727,0.8633930762310702,0.32661332113211977,0.8566488444718308,-0.9934239060752228,-1.7419341764358707,-2.3771880479369014,-3.4452628523215125,-3.751268069499438,-3.6786064060659105,-3.489387947055984,-3.5584448568137717,-4.086216680080972,-4.537521996639275
4.7637018684984085,4.85720331616235,4.792353450558724,4.271859725352981,3.6662155293906853,3.2573028657325573,3.019299769011217,2.7934328377689277,2.8683606757329634,2.617407693494111,2.5977458763145393,2.605307537325484,2.8517965583973557,3.377408417678252,3.569725168514024,3.148565626547751,2.048725846212658,2.1752288136319398,1.5619974873243228,0.8568154600976382,-0.09415269500757072,0.19555975875969017,-0.5852633081836133,-0.4008385166318912,-0.5356144428847531,-1.8119084064690134,-2.736315510185571,-4.001262878859244,-4.033432171708491,-4.047183130637454,-4.65370052596046,-5.809641146147189,-5.738407824785664,-5.969013593551116
3.692362971458703,3.7952921243348317,4.3034242844475115,3.77622055701418,3.3078039030876556,2.892240647464623,2.42453602880288,2.204872851379139,3.0060282023847065,3.2578379991681636,2.297047175685086,1.5196294221829152,2.183511990808281,3.31698131001303,4.263572252053375,3.6895797359773743,3.3060095091124273,2.9974525213939693,1.630040148473302,-0.025295464215398543,0.06859749518184388,-0.6389378001687224,-0.96670998748574,-1.6691814537150091,-2.2845511490947,-2.914375285116836,-3.878700722879854,-4.77966489702318,-4.85292527898661,-5.351676794326335,-5.9475285515553225,-6.67114639873255,-6.226523529799445,-6.461746780545665
2.3589843199587044,2.6217635941329376,3.197978104810454,2.948494506090376,3.042480467191833,2.8993427401544944,2.5309428158035927,2.2061282591996,2.1560443774031173,2.374991380265144,3.2022782537385086,3.348676652683801,2.8378668119345596,3.272127780118962,3.4828294372379673,3.9065366232555183,3.9246045410892556,3.0169868947299867,2.086199443608901,0.9691266830739459,-0.21291792523602524,-0.4841321124892929,-1.3245029319734225,-2.2009228691528366,-2.9114305332947517,-4.10220954119255,-4.561246102522789,-4.460702223345324,-5.23484622040931,-5.8734160164195925,-6.096914856259125,-6.227829800710603,-6.688825785503072,-7.328334809348544
1.4649647199812958,1.831807674044946,2.5979246256775346,2.791067938215868,2.870211984488869,3.0387115280317696,2.8527936788406674,2.5032676185808063,2.005037387034573,1.9912633590680697,2.373344798838928,2.5287229726476803,3.288418681017238,3.2321578075293487,3.369210343427101,3.423386325887821,3.3552630977269913,2.522810426642316,1.600945339832645,1.0956994907857722,0.454072418606751,-0.6940466391880945,-1.4582626607520404,-2.1994840942272056,-3.4025530857964617,-4.19139937599313,-5.037087388380984,-4.984581683888136,-5.193513232439096,-5.852106779266454,-6.450575836594305,-6.7604922931471085,-7.079306404532783,-7.809713555307415
0.1214746910988499,0.27525676329023574,1.385809157485678,1.4142794096793316,2.109213459585318,2.178031305303674,2.24127097728638,2.5301792236445415,2.488689678588118,2.0381347059393087,2.4158131977613886,3.0335033773242146,3.7072789281488956,3.95645182753668,3.565857139460578,3.0537291733243985,3.582342179070437,2.3902047024606543,1.5455907195154235,0.6898464754947629,-0.2690836909878882,-0.36743344511485937,-1.2428679534209153,-1.484406649926796,-2.5623910146062148,-3.14777440999364,-5.145175968113819,-5.075974373572775,-5.382373799308873,-6.135517420912239,-7.043487504819681,-7.112088561543392,-7.448014199300477,-8.00159785756793
-0.3933786590707055,-0.03672036931385072,0.5821961429442267,0.209431692545093,0.47005821956957355,1.386988089038227,1.640388500616384,2.0328469199847397,2.121108505311597,1.9512055761863323,2.009139964412404,2.7703983468130353,3.3693484838045262,4.119552482827137,4.10673256789682,2.403330573014799,2.2269387343390576,2.462198583185495,2.120087278742747,1.2775502863275332,-0.26806591402197205,-0.998265775669216,-0.6701278059393475,-1.650098240107022,-2.557804057576763,-3.572369702562277,-4.444965406519548,-4.9445242776086324,-5.293728947025221,-6.1543094151166,-6.958344506270525,-7.24002315013147,-7.4849897831009375,-8.111699273756585
-1.0429643648477338,-1.0493788309202408,-0.4907776019214421,-0.4625558180820196,0.21390091374858478,1.112049898585218,1.4758006584531522,0.9067181577212344,1.3881882490997024,1.5723193348100142,1.2718281386219654,1.8469949022227474,3.707155840938379,4.13895875799935,3.411765136478903,4.196820844253789,4.45655023055586,2.1041964610647867,2.104008270590389,3.0296398943446468,1.5713916109798602,0.9662854654200448,0.16333243975628398,-0.5420978970179313,-1.7062918976236734,-3.0572420452653235,-4.000688876163102,-4.579609533082337,-5.13935322157244,-6.033731108308397,-6.73122183875901,-7.528130183771219,-7.664649479767972,-8.236524085527204
-2.649030906915712,-2.347003270638896,-2.110987965113178,-1.9958114893325558,-1.0717213739984472,0.13088802635824637,0.9498294060349611,1.5004053178295849,1.565447073205511,1.2752043272809843,0.8891935282824185,1.3955987257076408,2.447671903528336,2.5658582317756635,4.372663436495473,4.53916997725502,4.820114610880054,2.8443801381682814,4.078764720366743,3.4060844085946,2.9615775094424794,1.4928567602563534,0.2171001052326813,0.0727303652327668,-0.5983600728914659,-2.087933429060253,-3.5387389189587433,-4.234260623774518,-5.051653727380722,-5.880234249225916,-6.556482614640607,-7.515325877067334,-7.645848677000125,-8.420604524417733
-3.547926721685998,-2.5114692333963062,-2.5847913139541805,-2.617085524985934,-1.9772310955460264,-0.6800423649692705,-0.005614191602785011,0.8593989980024634,1.7543490464933573,2.281834816408812,2.248092392926399,2.3150741127246284,2.3784575033971294,3.24124587600669,4.066741928384015,5.872603661053136,5.683817112315154,4.603004852148537,4.8217058501757135,3.956252749299026,3.1415959123468244,2.462412171071914,1.4273520879735502,0.35323791117000575,-0.20429394618583152,-1.5564511036650417,-2.987286372967078,-3.828527738726719,-4.66141375185966,-5.531631965797576,-6.360804297730247,-6.9676201054225695,-7.448989748544924,-8.629085166488439
-3.6290349489622047,-2.7343226805763687,-2.2208844252675988,-1.549157235225347,-1.7356712628955269,-0.09238766387872493,0.8041707711195778,1.3981142142951002,1.5767602146796214,1.8531991691052356,2.0002177692499457,2.800201254289458,3.3642180340928016,3.9905860326079203,4.710163001248162,3.6933809016407704,5.563959556193474,5.238721212384064,5.126320982946876,5.480084887902142,4.069006859237688,3.0789238333267206,2.265210142298617,1.0330314869647017,-0.11039444761371126,-0.5971401059770395,-1.7696444709203054,-3.07482546798517,-4.0258008954802635,-4.966872177021106,-5.664706845031151,-6.4071555419817345,-7.171503889129922,-8.269566253991044
-5.533076374983064,-4.242365002233534,-2.7339492123596827,-1.452544930171119,-1.287857212351722,-0.47651110629607774,0.8129561898130762,1.8059277150011455,2.3246304375190636,2.5643344295063906,2.5037958062381076,2.6803652189827587,3.417173182655237,4.403833595325667,5.28574827874758,4.932193168315676,5.332409105489637,4.895746650266002,4.721148730381037,5.555812014151963,5.699331387543088,4.439506811494673,3.1284849214335586,2.513686787661404,1.4426944120454148,0.02534833399176326,-1.1908592077471156,-2.401663944857519,-3.239123259933346,-4.462471582841813,-5.237394368978172,-6.235175675552027,-7.006650811495901,-7.679068719855178
-6.5069654864424225,-5.683391289454532,-4.186434845523409,-3.449853416668827,-1.9829873727754002,-0.24050759539847513,1.0496414431749574,1.9006084183686967,2.3993424995221146,2.7830081070968005,3.179590028647521,3.5274753786932065,3.505240347907407,3.6675526566884953,5.20255650490769,5.691264787928913,5.395680485231168,5.663637282070083,5.78104349768744,5.23793837146498,5.4903040459849475,5.9884764312697705,4.062459009742905,2.7786005718319213,1.663836499005923,-0.01601602389909828,-2.5483847632514935,-3.2581955016183515,-4.1847400471126095,-4.3694731941126355,-5.743752190065417,-5.731306948437265,-6.69324442882042,-6.883161705642961
-6.5120537170923,-4.725190639405274,-3.0063303730347473,-1.7482732667382268,-0.8315336262120571,-1.0709121861106266,0.044653658015499094,1.7759631051898044,2.8634807204100285,3.482529149334563,3.7468947305745157,3.5404017213852796,3.9227261935470388,4.545922880665182,5.880186127860964,6.213034812066002,8.303422647027642,8.289422091285495,8.916895374983477,8.258914129429307,7.553848334526934,4.839939816489016,4.849815513129581,2.544632467593373,0.5094134861275788,-1.1311965567369509,-2.1443259233146748,-3.121755324715725,-4.281794486145332,-5.995085323126712,-5.736292020502701,-7.030319885369138,-7.317626239498613,-7.365429271576569
-6.944721783232195,-4.464382749414993,-2.2790195633725925,-0.9590335051567246,0.25451678561097996,1.5657121004796029,2.4369521111874355,3.2435250249109493,2.4046004633544142,3.1623696498367377,3.767963654483881,4.859745918397255,4.933619836354745,5.600809109305737,7.610220203618561,9.72544403392554,11.48431157499852,10.892542087444445,9.531367408270885,9.366697683692522,8.650556443095674,7.856072864461355,6.440723946996863,5.0231676492747,3.5250107679838765,1.555716552031094,-0.7370986570423379,-1.530937640600739,-2.257472933033055,-5.507264725384484,-7.823498000565733,-8.918863948468884,-8.019884894556272,-7.7372380752231225
-6.124105913312291,-4.303031337199918,-2.5724656744099255,-1.1480798011158444,0.21858770828650603,1.306862940857166,2.1635972053281303,3.039626683543772,3.781271489474713,3.78495766939103,3.6262534141076657,3.3907888059509173,3.273605545850557,5.251057253175515,5.583192764810963,7.06815262315392,9.201977639948353,9.747897868032934,9.721514942229554,10.59948757729728,10.009829047417869,8.43926974566069,8.214393281511848,6.912900875720721,5.621509349734048,4.64622506335467,3.244732364483416,0.30491471319005237,-1.702920192539222,-3.7976402778592075,-5.675364388380323,-6.455047391258703,-7.389107220497326,-5.990844457336765
-6.353140309270342,-4.246959575423893,-2.975993254443765,-1.4076499810355982,0.12882604937296097,1.845930463264932,3.48139530683933,3.756797338874557,4.177515776632206,3.577422640123565,4.210409481094147,3.6028080668232563,3.1284746178551415,5.009380208592306,5.679306208263148,6.15492949942658,8.590633993767574,7.761231057813305,9.512857732778695,9.38859018512251,10.911711929602033,10.586305641873382,8.660576989475356,7.674948833815614,6.385041140219519,5.258392300193825,3.539452445282381,2.020872107744814,-1.1759519063425106,-3.229588880587703,-4.798414136452748,-6.83715631656164,-6.015014520262308,-6.484675290544442
-5.611182430976194,-3.891490203643502,-2.141231318687559,0.5289031090112797,0.9976931959518771,2.6965639565753894,3.0884454840124627,3.5244421094309395,4.3505392661114834,3.9582805883911067,4.283017457720957,4.83374317491796,4.28574415576705,4.4712638791013,5.562939486896635,6.199832516590097,7.208250990096499,8.105577124397943,10.251006481528767,10.093653060873438,10.077919796695697,10.999501648104948,9.84463838398293,8.134474434377797,6.7694275383194,5.206539064091894,3.536638764469384,1.826018095175338,-0.3220836091833856,-2.542299747158188,-4.717404868467287,-6.378198570952108,-6.028604199948138,-5.677891267674707
-5.414289762776123,-2.678829285475884,0.566792207711582,4.394392749091056,6.47327270609868,3.3741461748866644,3.256953820958952,2.979400799527123,4.145213474374711,4.548589335487736,4.855431107175045,4.706824734710898,5.407006469231576,5.684998862718262,4.929128686389497,6.147493570361868,6.396662963575189,8.109206682134348,11.526218810288938,12.308771931413318,11.662106707256758,9.420821837850717,10.285052595769434,8.884402060315322,7.624277346010219,6.168270500653341,4.1309171387949455,2.0099048576273026,0.21129463887206787,-2.1000048836258216,-4.938130137316588,-6.5622165160818735,-5.889000459174401,-5.155975851557999
-5.07799230293391,-1.1263604041649953,2.227376746676007,4.529744251752298,5.619030351581463,7.44970496489531,7.443990993946613,8.285497574822038,8.704683083628703,5.465807408466809,5.573685833869123,6.316051419300954,7.137037780854432,6.042679968860487,5.008666744221877,6.150077297801894,5.934588044789247,8.643742247927104,9.0244441997332,11.775193790761431,12.25400542685508,13.883270720019706,10.979425127960324,9.208922307104944,8.076844040188574,6.1437172726724985,4.339108127487483,2.901410282762018,0.6431968751914892,-1.5545636592035983,-3.93652381264423,-5.163981130429819,-6.206172789946168,-4.921393080654228
