script/wind50m.json
{"header": {"parameterCategory": 2, "parameterNumber": 2, "lo1": 3.000054539987559, "la1": 64.9999836372058, "dx": 0.5, "dy": 0.25, "nx": 34, "ny": 52, "refTime": "2026-06-21T19:00:00.000Z"}, "data":
[rows 0 to 24 of 52, columns 0 to 33 of 34]
17.213704044261966,17.252959096432853,17.235760148292723,17.244951939423675,17.245012887644027,17.169988482929007,16.76832189895377,16.360593546034703,16.021783684648685,15.505386483305227,14.961259922255111,14.836675301709931,15.083079558431965,14.62449961465886,16.18370736111442,13.514054296810745,11.38270793450237,10.344209199470784,9.190053995631533,7.837754652234339,8.996666040589865,9.462471885233743,8.541983954013222,8.42091332274594,9.976193660808182,6.515406357513469,4.882428128466336,5.985850230156684,6.367254833315374,5.885491842657449,5.942448116780811,4.963825612144334,4.9386555195679955,5.188926334851379
16.564104704949226,16.698836553441524,16.829354988787014,16.955310364818295,17.030342550356814,16.722956371230477,16.407794916730193,16.042159489425867,15.716572232782012,15.22855490895925,14.81660215172513,14.921224213706658,15.480383029902901,15.924794255205525,13.873338359023471,14.917456895245012,13.460660553111163,10.497360333153669,9.590359709631876,15.331059930660794,5.776221069027547,8.029492309077959,7.479135347716855,9.513542605475292,6.1590933981834395,6.0745618782297575,6.535225360929786,6.652079479664831,6.8263569405374716,6.999363882849958,5.025457140551149,6.063114073533321,4.499168996035769,4.761036782137389
15.943523232996592,16.018518920370077,16.031994096124336,16.143708281731925,16.321878558715845,16.47834068208082,16.20928096298442,15.806785873170053,15.585675240451152,15.278502278357724,15.315805588081883,16.496391375591344,15.438120226698333,14.588510585415348,14.106382030884504,14.830459153821065,12.334143436278135,7.240025300201164,6.354248397628233,7.518253390286115,11.249590856704904,8.31806581256006,8.236830878095093,7.943146996509972,6.032893455576007,4.724949474079179,6.18640352283622,5.588110434161973,5.9580324840417695,6.047337844243525,6.344364296564617,6.032200302293635,4.986308003721467,3.9650201869007367
15.391747693302102,15.36037480277163,15.360092202026564,15.47091172118941,15.503421101563442,15.676356946050179,15.57405771405884,15.538050817963322,16.009167169492727,16.19663578727038,14.296123320213642,14.268914571800718,15.325736833062422,14.86857191475688,14.687052796884252,13.31249428157194,7.463999638218695,9.044544583236439,8.4071041079295,8.844728081231588,9.77211871625615,10.166984029840732,9.920699298518533,9.553178404970863,6.391081622790814,4.84496841045237,6.087525068101312,5.510248525103065,5.442512848101622,5.584507630361952,5.640286268558789,5.4020362274045475,4.444628583500856,3.9416544850381756
14.98217492980586,14.901589559032399,14.746418946137272,14.705147530785492,14.2542397334171,14.64163626831437,15.12953742625421,16.118342307411726,15.832435277904388,15.215480098875494,14.977685954338694,14.631528235557282,15.171790037483714,14.522405158786203,11.518363945865973,10.908593352359661,10.76880452983766,11.406691313805718,7.600536103797762,13.969436133878038,9.353452738413957,12.350194010536878,6.675595599858763,8.670569452488364,6.564320881654784,5.148351770031025,5.031058345789617,6.676531221380632,6.483002722568434,5.776774886737585,5.106823286253781,5.50319495137465,3.4598115023182876,4.34056587912308
14.308722502196208,14.216759881976945,13.422051043852836,13.08717610427775,13.430338613785324,14.090249122448627,14.721532675866737,13.298904909280305,14.56951116128154,14.948566291815087,15.949097287879098,15.924268355423967,14.06292362187536,13.985810404784862,8.889864744426538,9.842030223455266,6.983866160526046,9.540290182641016,12.139549992212249,9.270145425857224,6.451006612146072,9.673997161857278,9.235595106297946,5.51762192542248,3.6588348308416485,4.229299288735252,5.317914849719893,6.617381887201407,6.038591936254447,5.484076486615715,4.196684754812403,3.1289950252476038,2.596578474600008,3.6684491801953003
12.004075318045475,12.034404583193012,12.206917678638698,11.148467027506639,12.704391964155734,12.975388935373372,13.438457592614435,13.899000582951771,13.973838591324721,15.536863834971859,14.326601684009516,13.266127518249565,14.247669370869925,10.473055471841562,10.581765759654367,11.105946134367654,6.011865786720251,5.862508266525015,10.3218321139914,7.200028454365377,7.860166226034091,6.538653741820707,6.072768190397351,6.055159354619304,6.789635461525788,4.5028564453602575,4.643304671711666,3.941326289859721,4.491948635302251,4.104504614241005,2.897555561664923,3.640363312722333,2.879352238678716,3.5160595246386777
12.662459202883296,12.657642516112213,12.178060529163567,11.441668066873005,12.56117507559099,12.629035209170771,13.034986796547333,13.343287090450444,13.773996063944006,14.528230535678706,15.436624643279993,5.848988162649513,5.7492469068281995,12.758715025669664,3.3114715969911312,5.919355078493185,4.506835760102464,8.753278401510459,9.827033332015553,6.790961415564383,8.50007669823024,5.396302356805424,6.567506911303167,4.062631446685623,5.2902762083957,5.738005104268823,4.512711019469028,5.55970282631757,1.9359505244940385,1.7093276980715224,3.7137438712657382,2.5846626269762374,2.784866522862589,6.2804970044626485
11.776298514841718,11.651676734470454,11.377470484471699,11.714969088496302,11.866447268238757,12.196327543747957,12.572957728988653,13.046766103603254,14.007913494795591,9.076626371847457,9.630124982225773,6.191431931228099,9.809666810403984,8.226290810076016,7.825508688060656,5.901341726249405,7.166432742580454,8.344977728059385,5.295439026895456,8.484252957242376,10.805040118431712,9.129379766729118,2.7017038013914108,2.812086371611652,3.9786155075968277,3.834183615263245,4.984458354910971,3.7399945219812336,2.0073643921681437,2.0029375916193404,2.1113920980626553,1.331935996334937,6.0637898071627,6.138781313890042
10.979973968581609,11.865423072016483,11.370387614502155,11.170770820967782,10.920982076537348,11.250984958318666,12.759963334032378,10.781513269371192,7.833620804094632,8.727766270491522,8.412896887301878,3.4255417058762423,11.37764789937446,9.78399172070538,4.579389894613866,3.9554344933391175,5.1844261804619585,4.932016705955041,7.055982807768594,5.85078478554373,6.964932518084225,5.4839504161932995,4.210350278205914,0.26060469270493314,1.4923417303243076,2.0940506909721543,2.304827628056511,3.462719744317781,2.0022870457616477,1.597022884788339,3.346106649492315,1.9707839271889753,2.9291435183282815,3.3092756875670517
10.24912589737891,11.05699688742089,10.531696298140869,10.316535657307806,10.06723349048222,11.289346066166248,9.894238572071362,6.871479811872354,10.554479354273072,-0.5724026137878576,11.085089703455171,1.1531459661651653,5.123724867028373,11.86373407414845,4.760944538197028,5.924665557209837,5.513019388059857,1.8823166983550845,4.536735831237914,3.3802650610904292,1.9189777951521332,2.9329073685765388,5.149675755174187,3.446643338198796,0.9621703560343585,0.5594612083716339,3.2969369342348154,1.2328648136946767,0.07283547749828162,0.22719252314110977,-2.0581042210464564,-0.8165176187694146,0.07020329398767983,0.7149397824562315
10.197095756768965,10.215370063267526,9.989787876096697,9.683603172133228,9.118898195307901,6.489313559160564,5.226565621284339,0.42581714895611544,-0.4714087982627658,6.598384348248259,7.3329615370385675,10.355894298214501,11.451788745578533,7.779756114840451,10.203208957651249,6.726075328144722,6.874827180681144,8.421276136633404,6.981784187283764,3.8761905906919796,0.20062846031892434,2.020362662934692,1.5699343354758872,-0.04915309229417651,0.5929968146701408,1.6091123436686714,1.253163255393324,-1.6180958801510914,-0.8995130263224536,-4.138670477361006,-1.4266793816451857,-4.370103205754003,-2.426323927182908,2.601974173752882
9.83827353826321,9.47489669280991,8.739284332276089,8.17752936612268,7.330608323120119,4.07720004188952,4.1508983480383765,4.180778639199888,3.6937332554024747,11.015334002962879,14.859358748616456,11.185225331356543,5.530791371276718,9.778135992251483,6.126166782863821,10.194920808507172,9.867943051817512,6.708281492319616,7.398849580966498,3.716373504093539,4.301245472928324,2.236220574927421,1.5822564611463605,-0.6121384870358182,-2.0266595260599654,-0.3843739051712912,-1.2742479698025726,-3.030124100144692,-3.15619871977618,-3.0313108193455855,-3.4906662791182463,-2.5892080704299554,-1.7127357747045193,-0.8226828797449308
8.91478158075408,8.544704910480846,8.086758856997365,7.000746888491659,5.8449933507099985,7.656825086588939,10.378276262761707,2.229683269565982,3.8648249878246173,9.94290233502072,10.102730229277746,11.096126297845199,8.013477585997492,3.2185633301465075,7.106142392771706,5.599408286876313,7.538533944735883,7.501457008441327,6.585508026507601,4.9881893790596585,3.8281224008473624,5.9087066732258275,2.4402859578102443,2.5938850292542095,2.7626240703952494,-0.9005786840291353,-1.1287079091389738,-2.016161260968358,-1.577721392653083,-0.7805449710688174,-3.349016475775776,-2.8649378825219647,-0.42280258052039543,1.6924662375114585
8.234263199492503,8.206883534565685,6.790885324120424,5.745480361223384,5.411938082080151,5.050773258720122,2.639190081933346,8.565087867332728,3.754551044290705,7.704641110900078,6.54390180926226,11.22517408215211,9.905847775057572,7.243023766269582,4.60240876551542,7.037864886771729,4.969936880983624,4.75401346006007,4.9355285295951985,2.898529971745198,3.5790610779755836,3.985966979546418,3.8738963213730195,3.6258831676170766,2.9973434339087577,3.1585542647048985,3.123946317161794,0.26960662381329253,-0.039032180855499164,-0.8603352882593915,2.6273218079665908,-0.8263417641302236,0.32085466129934537,0.5129824494818965
8.136931671876876,6.917611667712451,5.740216684863309,5.247602648009053,4.499892434047404,3.6388018681023877,5.328875198610113,-0.1402518138308436,2.789443062091613,6.761076793620679,10.027139815954355,11.924252113328238,7.4776037811512595,7.553974857923996,6.278750509083328,6.587626308965744,7.345365853601181,4.481774039911053,5.356502954612023,5.295327826991502,6.1018451732752,6.166783700375736,3.8882993597690674,4.657672282098276,4.593554535968509,4.014279877848954,4.538890275170375,-2.060704123163967,-2.407111242071371,-2.718246127063269,0.2561636127267108,-0.6244584955270571,-1.821117921084388,-1.7412329757939198
6.058088252218846,5.573306297869461,5.47883129595433,5.440028098047272,3.3751400184870324,2.99772944521146,7.483921677982395,4.872575982879075,1.0975878178056728,7.004297972387331,9.194522561605208,12.176259156467452,5.2202823862747065,5.618488044508483,6.581725290903648,5.44267884987098,5.465234188738465,4.742760812676572,5.912777199292824,4.009746309987433,5.622396946013373,6.619950972984084,3.7796366632503755,4.527017755411121,5.6252344656216575,4.983578237717214,4.828821323551577,4.101593269284373,0.4474329943684578,-2.9883520445092144,-1.819768233131652,-1.620478484665557,-3.3968565355226885,-3.1203722437624495
6.221016790060191,5.479633053435402,5.773515179206414,5.811733519587936,3.7712265125031874,3.5249628618677233,4.185057179333602,4.369298507139649,9.20393489826458,12.116098208381452,5.364020128864075,5.6300491967002,3.403971109509678,5.245319906292222,4.787163426907831,4.4440618467233195,5.973443249781725,3.951915111920643,4.942170030790982,4.827481602283061,4.495218588273424,4.063989332209314,4.2189470499089,4.745195372295949,4.969727246839828,5.336007953680844,5.418862059840686,4.332217420892681,4.954716712183641,-3.5475476902846745,-3.4193693671769028,-2.58026678910723,-3.7235074887541053,-4.096113847349954
6.086737201833122,5.660282393618616,5.843116078281305,5.950949654736218,4.630132159763021,2.6700475641876413,5.5381191662969735,4.018544444462286,6.294762891626595,12.119873630069428,7.922670385871548,5.781823886098049,6.749805230380295,4.502822497552198,4.785706535778697,2.8700709843005248,2.8830620740979964,3.0306326060482074,4.451269228211332,3.7342714189359194,4.427040703758492,5.701617457972835,4.6793035271693935,4.775705510201583,5.291198487007136,4.308580995098329,5.943237316615472,2.9878346965609532,3.4847975331440413,-0.4088693536607802,-2.9348604472961597,-3.163097914546637,-4.645182206292854,-4.677836306299991
5.903294511298868,6.1672279885661965,5.941679747373272,6.545123246449656,4.185378326719324,3.5207533372534607,2.5678617536887915,9.615604646511338,7.718887053662887,8.816052041743959,7.133442359755579,8.653844470243744,4.789459660521537,6.895852032352335,4.392445905665097,4.734045015451965,5.142777190467732,3.6989801051936553,3.324262903283907,2.8444087183412514,3.5596878149797098,2.9972518485875965,4.121501474944829,3.964692784382837,5.244178755635133,3.302311188194052,4.496109813650558,4.8269622234623695,4.7137653174728396,5.576790986282446,-1.2133813161482874,-1.4260520773677055,-2.5786317686785507,-0.9326617674933149
6.501516881109915,6.1157151296555545,6.174072126713586,6.412594348780861,5.348093999884249,3.4573713283585903,1.182761890496391,1.9451482085232188,5.354478977103017,6.255259044447616,5.420966182091358,7.558854945629958,3.656202535746815,2.8019292396725604,3.9867221144635674,4.320060403899627,4.270301513391797,4.468635505087055,3.8033369351251847,4.576257827018479,4.910948293778599,5.587351803010501,5.247593993749079,5.1993575039109565,5.331572349079267,4.689914972157079,3.3535608394213794,3.2376820468950656,5.102570262779303,4.976761242359819,3.5717469492421,-1.8152614766783373,-1.92202515732722,-1.6219542828170652
6.560939787002048,6.136805639994981,5.920217241888648,6.163868675303306,5.058738448634142,4.705840560901648,4.582264814114433,3.06785438578271,5.638083058514168,5.449944880386884,5.824098250914367,4.9526986721993085,2.087370156755256,4.727458222855173,3.9307706233295794,3.323965243444896,3.267481258112589,2.291689118708538,3.8120857053625214,3.868019011267656,4.720862550352152,4.8495919282961895,4.266745202548517,4.943241505886292,4.465146653287046,4.045059847282457,4.6145477570855205,4.647955051434203,4.665631637378,4.223547163869356,4.572001778095857,-3.2862840403991376,-0.5985859596894949,-4.14618364950946
6.237204638674077,5.551819628094459,5.63854910467428,5.772017266925798,4.690628752264352,3.346551155294921,2.6703129031437625,3.4859143678577613,7.500416906552342,8.860317047505237,2.9057321488037635,4.2385916427612695,2.8644134062788247,5.1700375784405415,4.4092095997570215,4.971305009668528,3.4565627466049147,2.3314252084925813,3.131839382359308,5.217722912331066,4.3580181182513735,5.186520362145935,5.62457722053987,4.163771223564842,4.662486259969815,4.6323032191739,4.631275135121345,5.957044285623609,5.246198524342214,5.197668113396859,5.3477021624642855,4.741922023539986,0.5586744552936284,-1.5503687447176107
5.457509847358188,5.374534267348875,5.155396066635944,4.9684372030909465,4.408534045985023,3.7481527523421043,3.7965924848956645,5.226589170168024,7.69589618984589,4.903808275515069,2.576858141343827,3.232911803466245,5.183753836780943,5.8254527262702815,5.262943448405981,6.860833335773442,5.028021582253517,1.9556778971699622,3.090115302442247,4.118028549964266,4.582804506560203,7.695653520654474,9.067627983152304,5.614737180246789,5.1518211859813965,5.075886797222222,7.608508726343904,4.723505533576193,4.650880210622174,4.8760553035498315,5.4142785526279535,4.595998177254321,5.324321181495015,3.9100706976649033
4.5837612154886935,4.6280462480188955,4.462246821486935,4.246187272809414,4.0340025189719055,4.030675080390496,3.316761287689673,6.1255852095604695,6.853617874594875,4.590908649734479,3.9616480335182223,3.7139662096137287,4.488643306109579,3.59225813899843,5.034138888182514,6.458597091028181,8.453162669029245,2.0794688438219406,3.303504364096849,4.593279727408724,8.214583909543522,9.320682332563612,8.197967054651894,5.742904089626456,4.6602351521230725,4.803496396767632,4.97174112715788,4.769248606032695,4.911574374173829,5.110737577595254,5.392954140428448,7.788959414654577,8.664420177417862,6.762894392747638
