script/wind250m.json
{"header": {"parameterCategory": 2, "parameterNumber": 2, "lo1": 6.000198445256149, "la1": 58.999992894266676, "dx": 0.5, "dy": 0.25, "nx": 22, "ny": 24, "refTime": "2024-02-02T05:00:00.000Z"}, "data":
[rows 0 to 23 of 24, columns 0 to 21 of 22]
15.021145167146853,14.07311492614708,10.204847004763813,14.134122801034428,13.416202681012576,11.872984316044326,14.01590278044621,11.383677793294098,14.398376852342766,11.425446676475323,12.908373922133787,11.736711143267604,14.827576375554768,13.784921880585932,5.504813026014122,12.351309411528394,12.651598658436411,10.988170961701421,11.001887233821387,15.020631970480085,11.473110909505449,15.007188181922146
9.57348314546208,12.13918474801817,9.68035110889205,13.717439805757106,10.66718945233751,15.757224477033148,17.92735401565698,15.822352305748073,11.203865217035998,10.716102936985578,11.840967706911828,10.52410199635583,9.765236803203226,9.927694514650886,10.419341515896463,9.280513535386776,13.96868550064297,10.965423861085986,11.224454314038866,11.302593727984219,17.943675323459605,12.266532332014993
13.670818219946021,13.976135583715815,10.4808103159359,10.217123866380515,15.694438366583054,12.858137469629906,9.571918355992691,6.70998950987615,15.243717558217254,17.265858517540668,17.387808233777267,13.070924565064821,10.732118746237742,16.42939986207643,11.68741790645486,11.189361301431457,11.94995846310422,13.88169111440056,11.692052815406795,11.071558416429173,14.056209041889115,10.167049752230286
10.645157115030587,13.787659281957598,14.872349907484447,13.880912370554052,14.567220261965309,12.809146408291493,8.825668385275216,16.378806557952934,11.005388122263092,18.18739707676983,11.885243895388989,13.702760585695078,12.109487224179313,8.670553941468512,14.327759174064974,13.201424730325934,12.508753319406527,14.249140019140457,16.335337859000692,11.253626737517825,8.769599175111686,11.396984492815871
11.099293696792255,11.698371197360151,10.841960146404253,12.764867124274458,10.270317921808836,14.104504585654867,14.352792007544371,9.568159424474862,15.888307297388716,9.615991397835707,10.91092302666092,12.686503513860416,15.921128471388037,11.714670332602338,11.287011847072966,10.426281587484132,13.900597741496158,10.763230710332978,14.828161949959549,10.603909889727761,11.483354901212106,8.198567178491853
10.123752645285636,11.207233448111193,10.284582524137962,10.92521717452832,9.409112389818006,10.71486211394832,15.451184165401317,15.995043082368912,10.43796203128803,15.322976327194935,13.881932706103285,12.09184264374588,13.53204048812247,10.921945858089707,10.9662659805384,12.636950268386522,12.866297264377502,9.326152706047976,13.091016227406824,12.844720378206542,10.755386789137727,11.20377490647108
10.957166660258105,9.972292570985676,14.150437505698129,11.46470229653207,12.877906865675893,11.930599852842738,12.274609298313592,11.115355790630558,10.018266342802095,11.766471624094024,10.386973733906503,15.295318004218746,11.94253272684111,12.0602911382185,11.866690970028747,12.271380332364654,10.004329643834668,12.528266737299921,10.311277076183226,10.13577449105828,11.09253620702169,14.44276764512776
10.513682084590569,12.308201074174063,14.905871446730364,11.805450257436275,13.729376655729913,12.58596391849561,12.300352694412869,16.05985071606374,15.712272952830103,14.127129464536102,8.761888143048234,16.728996745044167,13.92704079668625,12.044917148451265,12.237927357995506,12.288842787698087,13.040098473463388,10.892656323222992,10.846855199790001,16.17820158496547,15.827637830846214,14.384004133781339
13.675273231427688,14.660439589152322,15.135681188819582,11.35435310966736,10.629809630409918,9.785978181500784,10.45426480316603,14.979926927492876,11.975872435096074,12.534243523826692,11.2566464687883,14.089889226565223,18.127919411761784,16.525387531369624,14.134871381930159,15.307721289487784,12.585582470273597,13.907259231366352,12.806701116322884,10.755993867510341,12.660894414383279,17.163639591443527
12.87977117199597,14.856161064003722,8.112230593490176,16.61679725237796,14.60776142972079,11.031187990421744,12.309574751496573,7.743466439514632,10.147867515085776,9.981145804946353,10.464641627014533,12.481776470662547,11.437039481034537,14.055374782378951,12.195252672506157,13.066888600822345,12.999484420688516,14.263853111584336,10.592525546424298,11.363992942691034,14.498843350243419,10.99077071465264
14.727684261618627,13.270482510267652,14.415894661071773,10.645770154372595,9.263585858087351,10.15009544399143,12.502045413677989,15.17637880378209,10.193154244504184,11.737246809231891,12.365755684598243,14.892161796533324,9.078824940528769,11.548464757745801,8.412932100430064,10.65763227102029,12.79636118178431,10.29334331625002,10.261844943090033,13.868626198060499,13.244162966423389,14.645547809790196
13.030508515964241,12.113371574559203,14.597857389419216,11.190589646316653,14.202714417160912,13.338965153707392,14.968501242573218,13.306817611404261,14.605155509766163,9.945350532663202,16.008915022406807,9.690676714735561,9.941924546376297,11.858555019125276,10.700579158744123,13.59987545864481,13.704736268526949,7.393151609306462,10.265971826877598,10.586299999938019,9.65080291559843,15.491172925165094
11.009593547572727,11.853024697763486,9.885441643431845,11.00132763693811,9.275635758149358,14.398889226373669,11.658467748053566,15.353843185354576,11.753356834797403,15.48916467158363,11.33702091765399,11.81786810378553,9.68963864477865,15.919475217163823,14.592414311529415,9.556385787748384,14.259214525973574,10.012442142747492,14.175686765482968,12.843671816835,13.82961024392901,11.07160453769288
15.62719962011538,14.640841314765451,9.567593054220618,12.117549055336937,17.594742355446293,14.422727434424992,12.394920993918563,16.23384957365098,14.139493282918904,11.08708275612095,10.331198447021011,12.429261078114806,12.730193399036647,14.429635506792918,11.349031780465772,13.444701694239317,10.47152697265782,11.602130856870748,10.559184678452112,11.835760690364024,15.363046335028324,13.056697522386754
9.995847676767651,10.924058898635657,14.71189520158235,8.749677683147143,12.070337942735293,9.005513708881105,12.905778262850804,16.049046126642445,10.45029145656631,12.462056123539808,13.58916544728258,11.805300011369894,11.379415878803472,12.061787102037796,11.28206895210362,14.092059145705964,11.429414142385728,12.547417024317955,10.63505152470723,11.004074994684913,9.010791729986142,9.218048265846305
15.21510483738681,11.886695030865475,16.592094991862204,10.057642944730471,10.924895438480474,10.756044174295395,16.775740401008452,10.981543383662187,10.484110100936418,14.738791223048723,12.196438735564637,10.918976352836598,13.192654000040305,12.392612813245528,15.091600899378262,12.132601018108105,13.708216432789305,12.987151783942489,10.678781327012082,18.06393294671184,12.669076368600345,13.809070804133501
16.199803078375155,11.196174742017261,15.992239685516235,10.716765420676825,10.811411658260788,15.571512885879894,15.198785517254969,15.896393558367954,12.69680690474339,11.6356558954914,7.964011846012364,10.57973911200501,16.277145725204683,9.784712877123305,13.20626422756105,11.28770475009358,13.680917225907635,10.209859808676434,16.08242272287848,8.792866726252077,11.31876675689529,16.003920212753503
12.904301392372936,12.197677586615272,10.610782069352572,10.241808991860708,10.613311650062187,11.48052351978882,10.475930574919861,13.795953351134708,11.8219478282803,13.92696328815521,8.984386419335827,12.224490616700407,10.842532393755317,8.762359825260885,12.348899149599653,10.853949379618214,13.269210539749213,11.814636647298054,11.524581106682351,17.4362440859794,10.734614779289537,12.403500392204393
10.95445443948204,16.446980179274316,10.127393862988137,10.676500946979015,13.174867036455993,15.06164165411933,10.895038180175986,10.920198078632824,13.814343098149237,14.29454264544359,15.283087950099953,13.962282101369416,10.658938234752222,9.519195366170326,12.378962692383151,16.57066139316555,9.874100618454603,11.969200110213128,14.820396533607274,10.980873277840901,15.420739611709504,10.371132450159282
13.172326260397602,12.592964724166329,11.09168847182955,15.396118195920044,10.675964531952948,13.25295996761356,11.751317826936768,18.316074810270898,11.285678695611491,10.328963312058937,13.441591557787039,15.82233824729602,12.040024912370573,9.851204440818123,7.3254194249410745,10.707449743855202,11.781238397474118,13.18252528996158,12.69507242943201,13.821707280982988,15.949228206796288,14.794480182969378
12.63120877462169,10.995106895747245,11.211322388735715,10.392164928269942,9.811185074880841,12.210214345377803,12.247610991614554,10.88363490618859,16.849734798134406,14.965594117810365,10.871696474805994,10.705299634766133,14.438690050388754,10.384316780849854,14.968161066547408,12.192162471412782,15.645324062751692,13.633461045095265,15.64363962564849,13.164660102186977,13.310332421605846,16.406329967783666
15.972316565663586,12.715886346602273,13.398011129461702,10.769424559778129,14.262500478019927,11.221970145348035,16.20132991503647,12.441613877709504,10.689417153390556,8.914318956940155,12.547077443314585,13.910396259572591,8.580025197288432,12.584013677779861,12.405807021506167,9.017184674069261,9.466033192670508,9.457844350681485,15.651203254197645,12.143092541604263,9.356389384688994,10.545582807223353
9.544112366925061,12.60113399651569,12.784453769705816,9.309625744016108,12.885500937534895,13.487266854441806,10.967209170541041,6.688904973832063,14.06998897850266,16.409328644120368,14.210645972683647,12.353168757700557,12.269883949526884,10.598676817965424,12.523119822321291,12.307514737330562,10.801758047619265,15.57306291295451,13.51662299987767,14.199012692724066,10.069057168860798,16.30133910388082
13.584233754103504,15.752724128916219,14.11489806840265,15.316397979697484,15.083367105855146,14.383947435373477,15.226207090106234,14.047856265172669,11.104634737648313,14.555187496482366,10.717316436227778,11.73527933582418,13.801721835070861,14.385278078956897,14.358943123441804,14.495082180095912,11.30514518636189,10.796345135371375,13.920400537247243,11.44431175292521,11.44141086373603,10.2821475327859
