script/wind250m.json
{"header": {"parameterCategory": 2, "parameterNumber": 3, "lo1": 3.000054539987559, "la1": 64.9999836372058, "dx": 0.5, "dy": 0.25, "nx": 34, "ny": 52, "refTime": "2025-12-10T18:00:00.000Z"}, "data":
[rows 25 to 49 of 52, columns 0 to 33 of 34]
10.863055869720478,10.883677671862209,11.488403003456398,10.342193418108641,9.663811080072497,10.182158477097161,9.055442456159431,10.387459567790858,10.089638167229364,5.636668983720261,10.190528892820126,8.508249470739893,9.219595048091682,10.057886095411355,8.841078159634415,8.555927056267125,8.636243868008444,7.659408369028494,7.15756525121283,7.463358200426161,9.76783666796722,8.747483278998468,6.427848268202157,5.1399427249285505,5.568182924665054,3.845891153600453,3.4109210873551463,2.6238402296403365,2.7327693429941804,3.7869948650243677,3.596957405970524,5.076752053735374,4.367000590261581,2.1185988112338343
9.91056948033114,9.892452536215847,10.27842738916159,10.386279710407905,9.533847202768808,9.758071915464917,9.616461093336923,8.50354078367078,8.620118717016025,7.669901221511101,10.035020635680699,8.573414579569748,9.21590817255182,11.097934901701041,10.071159396331337,8.272556016080332,8.99490293846731,7.096533896748497,6.769280830400473,7.928970184776184,7.494512048810643,8.847733885350436,5.943659056059875,4.716130608643263,5.316659512952368,5.387121762733141,4.893176306337161,3.1280426799098477,3.5399832083752765,3.8269664940735986,4.037633774162198,3.3120666140562203,1.754865197872377,1.3544464994568515
9.523861531872598,9.626343071291483,9.87405106659853,9.947964303486323,9.946664168721036,9.755671781239531,8.69760321197193,8.299999127137802,6.835766482007228,5.829214225874141,7.344409379262525,10.831303548571299,13.28589491244474,12.944414114386312,12.056931717534148,11.321690858959991,10.160440710107954,10.395148073565654,7.252866156490531,7.802012571623883,7.767761033210496,6.629190119072939,4.902588893544325,5.545976544296,4.469168990685483,4.269325512810064,4.063644792495748,3.3471476176583037,4.11553624096993,4.163746809114934,3.221082279046087,2.1866004891610067,2.0551751181002405,1.7893967104132353
9.93189866593681,9.399863248769547,9.757331938602784,9.33096357502465,9.500021675024618,9.091145793580221,8.435924911970968,8.047620892380287,7.283360020136978,7.935822610333106,10.188635025964935,11.84484969422535,14.175160996379704,13.36805227663002,11.897579625574,11.361667498745266,10.052359831317508,10.639743374787459,7.5396146746363835,7.283549701939113,6.918987497664354,6.6687623886935885,4.523887394616588,5.050378748102215,3.7938069626969524,3.706927170422061,4.2879677787277535,4.110546070449535,4.663942760868467,5.168557262953738,4.308208345464919,3.806702991998915,2.358268359631372,0.7192065551342149
10.11540723620987,9.253780371591535,9.219715235068296,10.123503940113878,9.25869069614778,8.392764501990497,8.137798491268915,7.745616727993392,7.9333371213464146,7.367242149768173,8.533115727989193,11.680252440612723,13.30327017609803,13.23346133596183,12.857775582707792,9.718051193557882,10.007503546400217,9.691031403259363,9.299660320082921,7.342931715322426,7.625285914795956,6.836018853692743,5.5652527227429305,4.681263949585784,3.6332442308310267,3.7559612457905684,4.023653441835913,4.632163564045673,5.044527601537538,4.426865402348034,4.257274944596954,3.875876111062134,1.53256027110423,0.789336884122528
8.995897375381453,9.634030865171109,9.752207052712562,9.867350732002603,9.634799777599497,9.115343146589394,8.352481328937415,8.155143266117436,8.507018257020997,7.021245559161127,9.598956564110393,9.235553809751185,11.556686243238888,11.831664324408392,11.008644348611528,9.113057174449034,7.956665897405253,8.995650094951085,9.929754288554458,7.736194474440492,6.711232224555693,6.003243038329958,5.412257451177267,4.777725926861943,5.238754852750908,3.322025659231315,2.6982670574877696,3.5459579491889004,3.6469676828172375,3.83895635192294,4.133296737476297,3.9633609340926372,2.5797364370984472,1.728484478500851
8.698099491391957,10.452720517372066,10.512277732260545,9.87411323218119,9.905319554233333,9.391162150770137,8.726204338611048,8.120044028538452,7.906656104237669,7.471665644909538,8.506032854994386,11.7353457366825,10.327620480972703,11.422386067715166,9.418919966931817,7.623097884067463,10.004825528714543,8.774811132433323,10.581225062273074,9.614244800052749,6.9661314648187345,6.388622501447887,4.876995709578213,4.625910051713174,4.130961963401339,2.8416225632716543,2.010033420535182,2.6197549758769063,2.42013185988617,2.793077745860285,2.508859285710605,3.3220590202684224,3.023329150564458,2.1385643875130897
8.900059046612895,10.620953323440256,10.958949146568786,10.174103808711992,9.800741824433016,9.569050528225384,9.004584459448196,8.218449234881573,7.2115159523138095,7.346900607961609,8.713720361952742,8.761641081998372,11.21263574890044,11.263927785960346,8.832005506099753,10.051970162179675,9.971808832324015,10.511994872168518,9.578690590410478,10.758515964918075,7.786718606384525,6.194690984146815,5.30143188827695,3.790829642226652,3.0638528072150084,3.1121694907853423,2.466784800134876,2.687707688158485,2.981611875711035,2.863508494999426,2.471652068282058,2.708614740031987,2.198295029402527,1.6499263733441485
9.988752828050675,8.30636453361947,10.1779868684819,10.326814877001446,9.587304974906077,9.660742911131605,9.100352698053149,8.429687191502012,7.042068407307941,6.6066319732859045,8.060385119247698,8.956020683387177,10.646816932995169,10.333980076529143,8.850820063801548,9.092210058420116,9.560435234810184,9.64676363007257,10.376429465496855,10.083613379251064,8.907262911589733,5.999501215801748,4.55122412572851,3.45807992899228,3.032774732134865,3.1467088887151546,2.951028443637863,4.442337209589956,4.1966023159204076,4.144491704752136,3.1581247116402458,2.2287780283414986,2.0041046501006305,1.9705141025082349
8.818372427737392,8.29752210981204,9.117261442858524,9.91738354338319,9.68124160246698,9.517441441992567,8.80950253461701,8.339735399364315,7.13414588945235,6.84175364961017,7.963830918886191,7.820809270116892,10.242319717644401,8.51400449387857,7.154969616183192,7.862730010782829,9.00907994699933,10.672071671285885,11.392477285273179,10.29471844841614,6.5543046358805155,4.493297877079106,3.499174315368504,2.923594456033499,2.5697543814790924,3.9493410755904916,3.5780877554361794,4.565499824668501,4.540852899041245,3.559605911857602,3.0054398938475453,3.069715130151039,2.2833404618866835,1.42480642661989
8.318891523747398,8.541285144365066,9.197084585357702,9.50100121729796,9.486309069863557,9.023431676218763,8.61894308001984,7.783158769420031,6.867762041123629,6.081128432459889,8.104560628999156,7.802787465515096,9.842922178446948,8.284816724500605,5.982371968605619,8.562554904299528,9.893605341476317,11.374589905438745,10.443974145530595,8.881143915155995,5.365569207843541,3.990221629088922,3.096339491739581,2.459098826887071,3.143699288861313,3.4375610579256684,3.3109863290968096,4.726996427272583,4.078423078877102,3.069239393142302,2.5494877704446366,2.5660959623258823,2.11630920740274,0.29471065765591126
9.196681897172816,9.638421168776102,9.603494501993453,9.168687512377687,8.738225690877968,8.537154921763264,7.949946073903012,7.209677495577528,6.585311484954247,6.209198516157877,8.233991984592025,10.018073054740523,7.417239354702604,7.13485474298042,6.973288958520349,8.119806193405516,10.906250185384133,10.358662028248078,9.171270214979527,5.8964373854671885,5.3670024658507955,5.010329138191224,3.8179783051893317,3.302856809645761,3.418332214083314,3.3377404990131416,3.480543412188339,3.5552624195879154,3.008784355146013,1.8039526889038064,2.0334422525370512,1.7928315117782911,0.8757642797823967,0.8293331015934049
9.336276254089052,9.524747424001898,9.703626347759588,9.567967188280331,8.912589401702585,8.363540277612842,7.561501535406118,7.142382989046056,6.651333053763819,7.62917200142528,8.148050945111708,7.364804991247622,7.126288039300155,7.855956550489013,7.6351653739049015,9.797831680970448,9.861320406104245,8.606029303570399,7.071797085713591,5.275898670030012,5.41779465636439,4.6676923005144895,4.016856866673788,3.835462448139744,4.685725673153841,3.9412624361405584,3.61171690582835,2.649594392715245,1.6413031954023625,1.678717575777581,1.681904813574625,2.7044913333324354,3.166404760102944,2.267406146625935
9.066695803245022,9.27336388597444,9.596977234804834,9.550176814152904,9.23433947623028,8.088506395329887,7.2817131909785155,6.6162852425008944,6.6114566518983855,6.761025422616613,7.5691646414450435,8.288886200229296,8.767604723132498,7.982490833759701,8.21096745836278,8.494921738401036,7.845661277945399,7.903519313445852,6.331482957937075,5.382949294945488,5.603074635293514,4.321299675546469,3.637565579011262,4.226612648071498,4.29917681007816,3.1873496723626467,2.592754197486959,2.4724634508940424,2.348178587832545,2.076478272923613,2.1296385857579385,2.527065250242693,2.5255724589152924,2.8117880875930314
9.676980974253327,9.050036407567992,9.507617998381027,8.897408226025636,8.145388377914156,7.568450156737493,7.300156759960213,6.803085915434243,7.2908910255576975,6.510901572253822,7.468247549634241,7.685476663037028,8.42767579199138,7.294344495686892,8.342590696546743,8.420500244413304,7.447195149392572,6.524376613504968,5.869578468315693,4.977738083274516,4.704981624875824,4.909898556451052,3.7136964746798373,4.5964020875156475,4.556578486853149,4.110884026382432,2.963023806194469,1.7138899722870624,1.2272337859184501,0.3298527619651923,0.9634928436178213,1.7566220344027654,1.2111082969728473,1.5959792045723624
9.55186566257454,8.893147354774763,9.010284964180208,8.495152955766367,7.617326903730359,7.481756866500629,7.230554141940863,6.952680438945263,6.739725008162285,5.407986799407831,6.9329236675088515,8.377075517043355,8.406505165462598,7.402821942015166,6.364611111877299,8.512604131673472,8.990451860557666,7.2828970220617615,5.935256090628915,7.032060264162352,6.4155763868838775,6.029659633150903,4.737446759966167,4.7210868229217455,4.427752483542938,4.234684888726536,2.8599848091966593,2.2271477350286277,0.9575152044624344,0.35938548848475865,0.2825810538369737,0.4173883351212461,0.9381057077133526,1.940966491578517
9.536454048891363,9.404913856427978,9.130356736563368,7.495279942356862,6.99826107750136,7.242421348996376,6.462733926414429,6.2067107327860525,5.728760071424975,6.214770606761966,7.761254719641862,9.557907751439835,9.01662781512911,7.884854024028852,8.020482533390545,9.098089098406726,7.819967464812859,7.621189320576644,7.782192182703807,7.972860910626509,7.063220335398434,6.6487226359734635,5.657738075990758,4.7070454695315735,4.418419819753164,3.62151266170499,3.83729116899469,2.8532877923693736,1.8458950396177363,2.4381487032830513,1.1908831870356746,0.7077850496139936,0.7671392198559279,1.833526391400609
9.774800693208478,9.084856376129792,8.084291246650926,7.107945855515135,6.767328271699494,7.060376507596634,6.517811582400043,5.432629117582054,6.127274312204824,7.131444343972366,8.65007465011945,10.234299163546925,9.361302046206468,7.859663297025431,8.236907125150424,8.237148031860588,7.57347336727039,7.096852030870825,7.055804139563105,7.700821028729138,6.673372468467143,5.479508079110667,5.178820787787153,5.181009133382178,3.5838893564187178,3.7551475926693163,3.393500783140256,3.2567013230909114,2.51686166776382,1.4922222149425424,0.9451995818058555,-0.03657228108067795,0.8113495403121119,1.632180868133017
8.874835431665517,8.051357499192216,7.464791787317224,6.52102536824869,6.65106680228218,6.661101395512143,5.875564155829785,5.98004930472271,5.641322588356758,7.944521688825683,9.994965536892645,9.664530968678374,9.724306562629767,7.683833459831961,8.170392720207557,7.95720624426794,6.493503345080924,7.153088604570117,7.3621438125658925,6.546617256948981,6.919634409097857,5.295491807605084,5.23287684758622,4.444847073071643,3.9105805440418093,4.576265233232023,4.1620921535306685,3.7452424634284607,1.8464143766219216,1.0255158932837989,2.1683119909217465,0.8073296756530457,1.7078912264467119,0.5623046922222066
7.796271325858028,7.6527917140892345,6.573934784238203,6.248330243246776,6.712055274899826,6.330811096754019,5.667956377275525,6.394440324723969,7.179365326098568,9.221300598688076,9.16854901218103,8.968388333714888,8.787959671916585,8.84786558376521,8.23240577525872,6.943519534601446,6.772949250052124,6.69783680532653,6.860958003289354,7.072572464872148,6.898286220090193,5.2635989950745286,4.884305487338506,4.915442210516644,4.947043507223899,4.5361833667144795,3.7812280171437576,2.4578811607680233,0.6799513079492069,1.604334082278738,2.4912964742142494,1.5808911018601384,2.3700324404763196,1.2910720093195343
7.132456407788111,6.470029693330672,6.763206536598097,6.116856292922855,6.549770258534452,6.43447317040472,5.858422336063779,6.692354629633522,8.631219946833596,8.824913102928493,7.228430088546171,7.730509045072293,8.259302290882802,8.530161714196618,7.455885537230747,6.172118437227882,6.277183617275826,5.381617603679231,6.775966939058724,6.78542757610946,6.04482755066664,5.191693238367763,4.773804709016701,4.225221652987978,4.781601486106805,4.5684366002603065,3.3882513457876478,1.8951029509345023,1.744064996105222,1.7947464723271267,1.9847502479841317,1.8760162107409561,0.5060629479544982,0.8926378189125168
6.55911255069366,6.1144306179592975,6.542327053685607,6.20659927702237,5.608034991331824,6.084750994320818,6.1441587285673585,7.389779764781284,7.6152188776719125,5.852014612734618,7.127874734151837,8.085034373633096,8.413446744855726,7.565959013247514,6.030058210555107,5.887426475365068,5.0557846482836695,4.749441084700139,5.902122184742072,6.099820272366348,4.960539908252028,4.231106503143892,4.136935862083687,4.505131005630214,4.27538426473037,4.336825472180085,3.1147214077005243,0.9945266126085237,1.6627822962264975,2.0149610911327036,1.3031873667686962,0.9508042185261386,0.8774421970306515,0.4058470526153473
6.773725847070816,6.342084861826013,5.990223423779788,5.526745001841772,5.3254110573772495,6.301862537479127,5.61297143725649,5.243694391370694,4.780928925292048,6.812155332289207,7.843818587695085,7.136954504143901,7.528909196579081,7.1787830145718425,4.944300411325721,5.604596219057659,5.266998713764278,4.7597254647414236,6.212504802060952,5.070984919858539,5.017724511359292,3.6765204960895335,4.171719282748262,4.24000277982291,4.352831846116298,3.2977611464834027,1.7881512874050811,1.2151044052883653,2.159266231044246,0.9874825958561944,0.577903976114149,0.49650617015672455,-0.14190087708866844,-1.2740054823525981
6.404984442706446,5.796062120581877,5.546032729706892,3.8061843874517334,5.597054251700079,6.06714706587807,6.473296468277958,4.906296618695671,6.607370173241538,7.491027885097902,6.430152251352205,6.706061601666697,5.403521593855732,6.048485121421723,4.990791116286678,5.374558978840843,4.799772127243828,5.554349609791987,5.648883178128569,6.216661362702344,5.182153370841141,5.096031345941466,4.077116683101679,4.24525064349356,3.8002934994701265,1.6648815813932822,2.137287249637572,1.3565730443164052,1.9197704714880537,0.16997256051507464,0.5942125659606847,0.5224950384124023,-0.9506069800676761,-0.9825518968508888
6.208451310067991,5.6875097786185345,4.373624882812166,3.509893087356118,5.182229704349194,5.5296357219510215,6.996980343427521,6.215296688481075,7.585727654557057,7.188830789289315,5.910359506442901,7.700667022594993,6.236882072281539,4.7135403639468665,5.7255885441529735,6.005010484666268,5.928555018770366,5.942304778155977,5.962786436805954,5.913090078744286,5.624214684601761,5.340812549503741,3.5917071624252506,4.620147995528348,2.652436948896767,2.9883956859760668,2.3112400381091085,0.9393822945676048,0.7627648838431912,-0.1588933250078638,-0.05723249985230772,-0.19283648581436325,-1.5967948178411882,-1.1342843475473043
