script/wind450m.json
{"header": {"parameterCategory": 2, "parameterNumber": 3, "lo1": 3.000054539987559, "la1": 64.9999836372058, "dx": 0.5, "dy": 0.25, "nx": 34, "ny": 52, "refTime": "2025-11-20T11:00:00.000Z"}, "data":
[rows 24 to 47 of 52, columns 0 to 33 of 34]
-4.687260157703026,-5.27695173164106,-4.73335393115026,-3.8447453424364215,-3.644298521056659,-3.9200540013036194,-2.2390233926302914,-4.465228473114302,-4.6586421066160755,-5.610934607619548,-7.453019818718352,-8.50522745982233,-10.955920696852907,-11.06309993359223,-11.886247724332062,-11.450914809180242,-9.959059454366223,-10.654140334874475,-10.35599586305315,-9.39199154195277,-7.244379984335009,-7.212574414085039,-6.209589488318828,-6.670017328597255,-6.8861539128088065,-6.857374043825132,-6.222647935600461,-7.091845097017919,-7.005017869915782,-6.749598088251387,-6.469319235560452,-6.677264605891332,-6.873540174016118,-6.078270616394938
-3.7231220839420596,-5.306739646243657,-4.203477466245505,-4.075457274902549,-4.064851483144043,-4.7450034253277895,-3.269763569213768,-2.405379127958734,-4.744154666952243,-6.6751127556217655,-6.565778922971418,-9.246773432111121,-11.272494227088025,-9.825580194999647,-10.160801788076338,-10.430623175674079,-10.180825885283031,-10.744057895430537,-10.211328649083711,-9.014831261134104,-8.279974426548751,-8.493359839261615,-7.014206843674718,-7.934806815968337,-7.365880092396948,-8.49508706901006,-8.514873037213498,-8.45824519336555,-7.949749798704518,-6.65089259256734,-5.491471503346958,-6.04320553260375,-6.734367689286424,-6.879464265865498
-4.970321666979986,-5.501909141067793,-4.949417658260151,-4.47256552278935,-4.293259815217464,-2.7252773199957363,-1.485669221719254,-2.382582903860909,-3.773279571796492,-4.907123833339016,-8.839928719007283,-10.668977095624967,-10.245616535027066,-10.931327857553514,-10.880456056488654,-10.689905339849345,-10.443555792690088,-10.311661557513474,-9.659678367104148,-9.404033092669307,-8.765805789031523,-9.577099435002632,-8.152005776311228,-7.565766701412331,-8.716565707914478,-9.692771630868215,-8.619658803016932,-9.030481378743687,-6.603192243793661,-6.379704040724362,-7.189648829450841,-7.315216042731866,-6.108183963182077,-4.148993584118315
-5.2703262087971545,-5.5012839948292545,-3.733218278173446,-4.116581420838504,-5.02728247675755,-2.7942303144059504,-0.19325002301901031,-2.989103762616922,-4.437595434724529,-7.136757815898695,-9.731812973894623,-10.182619756399323,-9.965413986867718,-10.609562011999577,-11.294972874744698,-11.19114084340605,-9.420927267510578,-8.999004234672435,-9.215444209281106,-10.718598823880534,-9.364569923287336,-10.165486053548806,-9.68443100273476,-9.831254334389284,-9.168750130678117,-8.63408488851509,-10.364292112587744,-7.851968481321079,-9.011189882183151,-8.605261584186598,-7.981734403794335,-5.89538245410226,-2.2846008067195096,-1.8872823730239532
-6.029095357618396,-4.710025880718134,-3.220555977977381,-3.285184391853056,-4.425757668610999,-2.108061869893449,-1.2285633830778995,-3.303779952813594,-6.052979902621188,-7.862875624283181,-9.21015612151252,-9.573524593399958,-10.28161248389193,-10.827347343635616,-11.273298297183947,-11.281560233004766,-8.650139858353795,-8.690444909967988,-9.751535649961102,-9.236708429311316,-11.396211470528812,-11.461872046547922,-9.217528615752798,-9.514604372763626,-10.168427484192225,-11.100057269761663,-9.63085895864719,-8.386740830885701,-11.671422490408002,-9.052412792056314,-2.616616812226698,-0.6692767485184659,-2.0022434228452064,-1.7168773683728034
-5.171683599626786,-2.841316820222202,-3.171532079918373,-3.083669835152609,-3.0731362742398662,-2.8068098972082804,-2.9282216720598235,-4.466205564322276,-6.537175962509431,-7.602425511739276,-9.156919752618716,-9.472780203710926,-10.710620560891137,-11.111096028880992,-11.311544785132314,-11.372288886837111,-9.024542871253104,-9.225592804517282,-9.179946577499884,-10.940994354853572,-11.998116604583524,-10.562424909784143,-10.47077250860961,-10.15331440758978,-11.478196723856042,-11.66385946250785,-9.906332497183515,-12.975278166724767,-11.878558522194531,-3.444105798835455,1.371968230711269,2.4228202232512905,-0.5864794795971319,0.9921649363272239
-0.08035387689322891,-2.7343998223518375,-2.908232833176305,-3.56225281847587,-3.460391007357048,-3.497952409728845,-4.337283490658441,-5.174511820803193,-6.770861485505272,-7.810283415568011,-8.749536496411437,-9.968660955685543,-10.482314478034295,-10.702612923903116,-11.329570931347389,-12.008119717165803,-10.280926087588293,-9.810964051971249,-12.434358779545738,-9.83932333378525,-10.122091555011657,-9.14793983989621,-13.043536615901521,-11.776750536239648,-11.914177067341047,-11.181292336365301,-11.589052751787165,-13.476820452211072,-5.968257848464268,0.34876159801333473,5.605321167729176,3.767838185418852,3.4737115268302285,8.468892264713018
-2.4699692176789116,-0.33423400378916857,-3.960434069713662,-4.466179158648959,-4.099654582084001,-4.639212112026428,-4.553505250571565,-5.429023409862106,-7.198411782135267,-8.17666000962294,-9.09264511964348,-9.662511084441716,-10.574416655859574,-10.067954161029489,-11.764310497807074,-13.174675550415973,-11.39971177377997,-9.982267464832548,-10.706365657288398,-9.88577726848139,-9.883742990428305,-10.603166783183129,-11.647737449001035,-11.783284818135913,-11.871731707551268,-12.163556226101734,-13.300568421110803,-8.217739827334741,-0.5402837380981659,5.774897606809963,7.672165477447158,9.155361292272268,9.972945874992488,10.82007846160469
-1.6675616553697894,-1.1278720827332391,-2.519110563760517,-4.329273749974104,-5.07106930319813,-5.626075606386423,-5.695110768651468,-5.632001667566927,-6.945067351489672,-7.986808462254642,-8.962890888715682,-9.714375655899081,-9.861280117589077,-11.325713284873514,-12.639352370864996,-13.11946805345593,-12.257932338737817,-11.997821872355964,-11.406278624120228,-10.787901394821723,-10.035413230410171,-12.367210050899454,-12.059656444351711,-12.433139251321366,-13.004347197043664,-12.710173885532857,-11.813955717223857,-6.867321460664647,1.7419920791540753,7.598431415667804,9.003895226905847,10.337908165561391,10.94106074651893,10.423979763783839
-4.631426107116412,-4.960735591965058,-2.961835477016135,-4.79032515090356,-5.474328807409811,-5.929143295387421,-5.858770453655542,-6.199499258840358,-7.063056830828247,-8.01739601578956,-9.77088109244782,-8.894161360041013,-9.480806324551873,-12.541336148115711,-13.257826222332174,-12.49079811689164,-12.62886854764336,-12.335978669033329,-11.457114122849601,-9.665912271095113,-11.309947276478866,-12.644711152986817,-12.094395402537534,-11.556493383198282,-9.433132996301392,-8.609079208267817,-6.5531565555101166,-3.8879092047191333,5.659230708074161,9.660761976672697,10.316574403925204,10.840855862130246,10.152332455592187,9.880418062356298
-7.187506411962467,-8.70901301289442,-9.76271691740307,-5.972192914338103,-5.495386021324742,-6.0085822262620905,-6.261293715447493,-6.825036537650129,-7.278201519281101,-8.38996693068558,-7.564841220334268,-5.762432131044251,-9.446149274808237,-12.711268340705631,-12.539739584457529,-12.232659810169565,-12.91281550141786,-13.085362007217407,-11.275028752194325,-9.187990947534386,-10.683719565548628,-12.719681636536288,-11.362684252452317,-10.159001581817177,-8.002387224273692,-6.185217972021654,-2.623942664662832,7.850475057631382,8.458956206652676,10.356494729972226,11.52691032649215,10.007432882470036,8.796336219651646,9.726854246798986
-3.9305707611736365,-4.839592684363954,-5.479629608292177,-3.824455750660586,-5.945382295500441,-5.827334368609784,-6.6597393994334375,-7.084132678748788,-6.62734033182243,-5.869893257329964,-8.454511269741738,-11.018846713178565,-11.800202745513728,-12.59673633413823,-12.940283480192246,-13.178143017154929,-13.925554430716534,-13.167504116149058,-11.23442709973743,-11.347008431863646,-12.883457458874656,-11.693842779386221,-10.364739408237838,-8.76700652989294,-6.2610252087918985,0.5538982113531243,0.5608793915886889,6.446914079528903,9.101515522157204,10.24869290883816,11.557307053509524,8.856067988837326,8.107083160179089,10.012887599819095
-2.3464161719233414,-3.6056177339786815,-2.9625623133815004,-1.0755265548065418,-2.2733793823776054,1.754456755664176,-5.538614844855908,-6.059203055400971,-5.197498077049846,-7.336059018775219,-11.557325542759013,-11.781919284272748,-13.453841693534205,-12.296233585586066,-13.535033672963435,-12.579078172405064,-14.199472152501409,-13.182522686880414,-11.845536643820498,-12.635782509901997,-10.956299081222195,-10.653024136081784,-10.321831683829528,-6.689579892359821,-1.6711366765153337,5.354184840193561,6.62181043454326,8.596427438643563,9.990068381133366,9.510094633349368,11.138409360675755,7.611691186033654,8.514308148157667,9.75520548842291
-2.278937337078333,-3.725084837365114,-0.9624541954044099,-2.6725593473055147,-2.216900882626448,-0.8119355358840926,-1.6049722571228853,-3.226782312777691,-5.809275851514307,-7.638343379248479,-10.383396763351236,-13.252779728425839,-11.781117568538372,-12.846208015947234,-12.427745255030619,-13.454294773844103,-13.903751172150649,-12.718978182356514,-12.830902058429205,-12.624824330969972,-11.380398168277614,-6.792194978784035,-6.076578527561358,-2.9206149743627656,4.145366290307577,6.021746373235752,8.99700779629424,9.752657631030967,8.930699770450424,8.5795651420911,9.448724306186868,7.039304606085221,9.119079061123696,9.776806529197232
-1.565998461445247,-3.787835625861108,-1.7187791445946823,-1.9598289614402422,-0.37072037394804125,-3.665272146460423,-3.8145176113029646,-3.605216539806569,-6.157963076510513,-8.341669496029674,-12.217267085651162,-12.925716108789281,-11.046817381971639,-12.612217074372754,-10.812089810946517,-13.75218667073105,-14.077074001859184,-12.406367002202499,-14.300941955574997,-12.930520455415431,-10.018660679754849,-6.789082660312574,-6.684487899364036,3.9785117267069894,5.016382054101668,7.061956762373448,11.79019258153171,9.367921679743482,8.305651087652349,8.368210498116479,6.554044683779581,7.658130460862526,10.159877664378355,10.126270326985754
-3.6904378950356467,-3.7464736319994105,-4.178307966982791,-4.556428791229129,-0.30780682305317175,1.9897661643948605,-1.0249534557950333,-3.7980929738890765,-6.042427516347022,-8.422452183781228,-10.808006100940544,-9.224941241211672,-11.022464847528205,-12.002221178550952,-12.546894403032589,-14.578681201036519,-14.550037186604296,-12.883626953548115,-13.92853912300638,-12.369187315636921,-8.670780375267892,-4.570422760131045,-4.324768349796496,4.099597388289499,7.130744018953513,8.25532543777185,10.724829023720028,10.711328789898056,9.714484846896458,7.332627023465049,4.463920344440501,8.65562051668468,10.294965445230748,10.134353377857536
-4.165668236881572,-2.321467448607116,-4.205617091814798,-6.938310928503108,-0.6946288561509296,1.48179044944454,-1.941049373169277,-4.542573226035415,-6.340296593075138,-8.530805283314416,-8.503787011793788,-8.988049770093117,-11.010434334996875,-10.157358899176865,-11.400506610367984,-14.439441950543234,-14.302827246210665,-12.097528010299127,-13.139038714500963,-12.437316082632618,-7.797353893774226,-5.570684601347234,-3.4862911148672344,2.8280250379436613,7.114344080519022,8.509018251973194,10.624772232162098,9.484481787326342,9.808177051747595,6.241213263324126,5.459440904058364,9.398895375152467,10.578055697041616,10.46289690901117
-3.126465046464895,-2.684877039626631,0.39184178433523265,-0.15133322858301912,-1.1846380568520738,0.09378474772171451,-2.0462799946823833,-4.469156431404228,-7.250629221300938,-6.75882731240819,-7.3884838863551625,-8.932300047624697,-9.88742502616695,-9.93162586385008,-11.134664571728052,-13.370919544283433,-12.487461953339853,-12.362609067817123,-13.07791915521164,-12.416417390016967,-7.97626455639013,-1.7330865492749319,0.82012197732429,1.905219663656845,7.071579646853143,8.647726970347566,9.833887015685916,7.859524866974375,9.887596819021544,9.412988652324824,9.352186778377778,11.71202041631474,10.765507744537002,9.538052264803632
-3.484234641575218,-2.018979814467236,2.93550443167979,4.701708691815841,0.5515923268308768,0.7805266285743775,-2.125784728276322,-4.831225848176697,-5.602279548342751,-5.379996547980512,-6.368606707415318,-8.40274316385955,-9.014535460561508,-10.143100105779824,-10.785652489641398,-12.529625419106717,-11.598305842017359,-11.829466030134435,-12.069495179197164,-11.290684077689834,-8.134761867089123,-1.5663408011053612,1.4867049411937376,2.7106537679930565,7.443259263631705,8.690990792693725,9.23939658344784,7.12968995016958,10.004145831473556,11.471322431880646,9.279237079369134,11.3199034717482,11.192130135179935,10.576159157357374
-5.518370729875003,-0.8718330645234398,0.09843653301536129,3.5394365754590247,2.3543007327598726,1.1317616754270885,-2.5139471085470317,-4.940622949081688,-5.011713474228865,-5.194410225140365,-6.071721042439591,-7.396789916389954,-6.580448194064618,-9.34339592726829,-11.397350727022271,-11.40122267693848,-10.090571181558449,-11.908300066084356,-12.154359528708376,-10.548527216516446,-7.073468321103349,-1.2635281151061926,1.9038258952981617,3.9398622914062407,7.885129776322219,8.340400104660214,10.900766024539077,10.103504622986108,11.84928118243369,11.275003523143472,9.053043206186432,9.597526508581097,11.726669209592915,12.442007881350701
-6.130427841707064,-1.0240570125092268,-0.6620796632061222,0.06766123851555704,3.365813035457402,0.10737500900955332,-2.121393680444905,-3.789312931524688,-4.537889103692215,-5.2028963984613394,-6.606572663466433,-6.281196298038267,-6.215995298127499,-8.840164467367952,-11.103292562849916,-10.762318925396787,-8.897868695035434,-11.92775785619615,-12.291314125157575,-9.186870413358168,-5.949742025625873,0.7080960039541219,2.0706150481069048,3.8895738381202496,7.905679107679701,9.039619438053519,9.280310272377852,9.45890384756773,10.822925158179961,10.904481007053537,9.926570704957696,9.112612184245659,11.754530129052158,13.086811702621919
-6.804374358227564,-2.6614082120557465,3.947753022152117,2.22410624269213,0.49158680134181054,0.5249008254962754,-1.1754457080402894,-3.38342294666599,-3.94139052774717,-5.154894946419968,-6.602718926172349,-6.860128452397191,-5.703833244875576,-6.7365198166765445,-10.60373153367963,-10.485560450409865,-8.8947752527044,-11.291437164027698,-11.498249427163678,-10.067120278360735,-4.045527947478085,0.9712707916151825,0.6263301697155993,3.982512420699123,7.43678565839108,8.311590965530254,9.679025851910625,8.981093523802908,8.22047333339427,11.658404812648712,8.077601888750118,8.527143403586448,11.683818606467891,14.232241886898494
-6.410930214819056,-2.46591317089379,2.8089881029557997,4.724038735222739,1.7316764001997442,3.2632007604415585,0.5136630349948708,-2.445031913112073,-3.4306048054127296,-5.024866361158564,-5.82824466239854,-6.561775523874616,-5.983686056144083,-7.599750442669895,-8.75864778084064,-7.752212345528173,-9.252256641358189,-10.30390656545303,-10.737057058227483,-10.736715195230705,-2.424319302073231,0.4284140919248544,-0.03372483538533059,5.356413414764595,6.606723543146717,6.735607812181482,8.931410263827301,8.736600241691049,7.496994276472612,9.82778505514595,7.189976236547217,8.17288874345688,9.969859564416934,12.602692351369695
-4.7386381001408395,-0.2552945463031696,1.335969548418778,5.2695855194087216,3.714537716281048,0.4779941086262352,1.9145251535394523,-1.0491172961232709,-3.0493484953865835,-3.9094499429918863,-6.782379838713744,-5.565608846265905,-6.7420771704871605,-6.424405561919421,-8.442210678191053,-6.23229650115624,-7.840055509803737,-9.630439931004828,-9.954657947439788,-10.483802042026033,-2.0073729750204152,-0.6747415332964328,0.8907538359429019,5.332283817854979,6.241511671580097,7.661847658395099,7.657676368056992,7.509950036509062,8.407704281499615,8.174631658149577,5.726021095334607,7.555763119559009,8.845581686661692,10.020963999126245
