script/wind10m.json
{"header": {"parameterCategory": 2, "parameterNumber": 3, "lo1": 3.000054539987559, "la1": 64.9999836372058, "dx": 0.5, "dy": 0.25, "nx": 34, "ny": 52, "refTime": "2025-11-24T05:00:00.000Z"}, "data":
[rows 0 to 24 of 52, columns 0 to 33 of 34]
-3.279033565993425,-3.4411325844539284,-3.6123935957727027,-3.563722947521903,-3.3802658839242246,-3.484898731964968,-3.4962424843036444,-3.6756117432599074,-4.164207703277826,-4.661402219261658,-4.984554346145231,-4.991786115418548,-5.822014651792011,-5.740218516737547,-5.049531828089761,-4.931445262407223,-1.9623213486822901,-0.8768996665063123,-1.4912954069639457,1.799893030297315,-2.575654904765506,-1.2025230339396358,1.1399611411170707,-2.5938281618073145,2.112650228625445,0.277140057248957,-1.1578587947763899,-1.6346594091859643,-0.11657033190525141,-1.222206581327076,-1.5134359325788582,-0.18527988212207497,-0.7738514154158195,-0.48624256793144
-3.524540384519966,-3.7169016133973103,-3.7962101301680993,-3.9224437397200065,-3.9058614688943654,-4.120553786527609,-4.084176111351908,-4.467336084852114,-4.900270847164607,-5.133977692796575,-5.262118107528902,-5.72401121244493,-5.787080075433536,-5.681950215016415,-5.530710897162978,-3.2614940960284615,-2.0979597554339477,0.07316928690639761,1.7362804132349356,-0.48323957828861674,-1.0948669877748167,0.0027840218583030517,-1.7880254090398455,0.19541756116380815,0.8685834610582555,0.5614647136689873,-1.2142439724469032,-0.8991244597251343,-1.574603654004451,-1.405861391936936,-1.1786019666594256,-0.619129687424743,-0.8883925668806103,-1.701918896812033
-4.517891372550717,-4.61487943291655,-4.621410736182991,-4.438541769760567,-4.279447419582237,-4.3277303082164185,-4.677288896134864,-4.9773027305369935,-5.283207842712073,-5.242265663047754,-5.826046823633979,-6.000833017565253,-6.055713479527829,-5.022631100748365,-4.683089895694148,-1.9283063517398817,1.553193061799545,0.2850941009747811,-2.0353325871127956,-1.5821582646624364,-1.479817424013964,-1.5231644756270215,0.9789866473981796,-0.3448061721391383,-1.2211756229197708,-1.2806464197974892,0.058510737822600994,-1.2471861137750566,-1.264535107996649,-1.6758037233815115,-1.5413432717008453,-1.2146479387580602,-1.3655986098795019,-1.318901685637274
-4.7097597410760175,-4.840353540166857,-4.871933726353022,-4.92783015833284,-4.944981878474457,-5.199802686059963,-5.450697680069728,-5.64315801894949,-5.539137106983996,-5.165274051008487,-5.547198559415338,-5.82150836190872,-4.8103378378403,-4.817832326455345,-3.3109762171828456,1.3727958183053912,-0.6373514052413742,-1.6842902426076733,-1.764130075604803,-0.3645329254141262,1.6390937003587636,1.5044145540988652,-1.0030012279311287,-0.4365967170289493,-0.6515818804487391,-1.0502253242676476,-0.12131391427861613,-1.2678523329215772,-1.2486925343809714,-1.3101344396254995,-1.4345607940982836,-1.715278645922444,-1.7784086743910545,-1.6468497870058636
-4.883785087757271,-5.1436033566344905,-5.259892161491221,-5.159882044797307,-5.313428024729757,-5.345635552143893,-5.522575730383674,-5.5577149439263795,-5.778030875993212,-5.782601829359666,-5.837071894498727,-5.286591992966509,-3.863252928109526,-3.99231758673032,-0.3858005877853782,0.518744392788621,-2.131505389076185,-0.734528270146881,-3.0530631628197016,0.3612445212034123,3.0267348634583873,1.479418932330592,0.539770307193626,-0.8200402973096734,-1.3109988796234,-0.9343177021407268,-1.3917795927389276,-1.3396562366775127,-1.6061994631247145,-0.851067555654413,-1.7120692594171876,-1.8881655529145975,-1.6300543539394512,-1.8650624540744494
-5.349735430434595,-5.6219297171351155,-5.820790953298099,-5.545269424215991,-5.710030083077927,-6.109432889642001,-5.8297621933530985,-5.79887346032545,-5.695690694263956,-5.389386499305344,-3.8337403876956553,-3.1336014343679697,-4.212634063369004,-3.9232945640809285,-2.1754213172263897,0.5380143863414623,-3.4791641963852533,0.910568493102956,0.007930545102861659,1.3794930816912232,1.125834287991264,0.0749802895148831,-0.033134771211326575,-0.1466071173743911,-0.6247679912108143,-1.2853522316840587,-0.9309162868531945,-0.5652511609508497,-1.75284244340475,-2.071163166663204,-1.8946882398800444,-1.5016815854172352,-1.2533102302070427,-2.0582400003779626
-5.659371917155077,-5.7634956544829885,-5.83549232455442,-6.017397117751771,-6.331815790197922,-5.899859916624064,-5.650426433694921,-4.641591850849736,-3.949073577804848,-3.980685806553675,-3.570830237450176,-2.8759389927501036,-3.4498370705223134,-1.3767041582977637,-1.4511565036052572,-2.997661890002029,-1.4906346034731663,0.4136708897449277,-0.04741010175053157,1.6292360900603793,0.6689068775027612,-0.258566736454336,-0.8539066688269584,-1.0699140537943854,-1.4468611699169018,-1.2136802255950019,-1.4119989786193827,-1.4402647732591918,-1.4348526418383019,-1.3115472626020723,-0.7955239084540866,-1.5422129092037193,-2.1093709420650377,-4.378298507973101
-6.1598103359767284,-5.98387729590164,-6.048057317750892,-6.304150881834862,-7.017825894938817,-4.124330975102027,-4.37254289674919,-3.988718910070647,-4.8385652194430016,-6.023595383325931,-5.414319787923653,-0.29237962650776567,-1.855160974964527,-1.6275277770001917,-0.9487234886239321,-0.5641604686736498,-0.574374435598861,-0.4156377607722386,0.6638111437552818,-0.4832975451132251,-0.05175870156969919,-0.5558869792455486,-0.891852098888519,-1.4349813447545579,-0.8117326143306314,-1.2914710567684449,-1.2004745721775971,-2.2337685290227642,-1.1305970583100131,-1.2050170501308481,-1.7235879141777,-1.4156893688928458,-1.9256631043964338,-6.482134612873842
-6.748458900965484,-6.6433466487747905,-6.695159645461249,-6.9061962419836105,-6.744471698548857,-5.7104937739879515,-5.545631574587293,-5.919457379959614,-5.3648875937397635,0.3913642497980079,-2.0824518825343694,-0.6966601796572129,-0.6544263775956494,0.3636481801845648,1.260767872291662,-0.8809933027927859,1.478459849284797,1.8442019958797273,1.3269663503210516,1.9951464487350767,2.6991788794219382,-0.5472011007097781,-1.2407098034587571,-0.5914848860951561,-0.8666333003818326,-0.7182695919782386,-0.8371364727753494,-0.29751892775105976,-1.218076527938839,-1.044556529258443,-1.2793140586129026,-4.244427368218558,-7.778426032461564,-7.903029397485146
-6.482132193703135,-7.323056634447579,-7.333828238665329,-7.555801425651261,-6.075423151323301,-6.561436882011664,-6.376659171090432,-4.385894455148326,-0.862908701797038,-1.0645284716557868,-1.9865909855734443,-0.583339215672568,0.4510913711250487,-0.2088651851458287,0.18051789021282574,4.695921267243568,-1.590566004227298,0.8939311444323969,0.7524248171914674,0.1348926441905123,-0.8445955914835171,-0.01487119915310923,-1.0338541762602593,-0.7772429861028856,-0.5205282177922324,-0.8440025033772055,-0.6067638906290076,-1.676948313757823,-1.1344257015355113,-1.2002106094109533,-2.6714911265890824,-8.500218056269555,-7.864274001989424,-7.04802591796385
-6.623556372424641,-5.7044237351607086,-6.557983581127793,-7.295941604653182,-7.090441279700491,-6.15856681464431,-4.0234356761984165,1.5547936741996704,-2.203514024768034,-0.13796542765021474,3.3110639420005588,0.9094055688797652,0.9851093664156905,-0.21420684653923955,2.0512408547761805,-0.564770927236068,-1.5866292596701121,0.9782991509369476,-2.0678959383255386,-0.3767879741544353,-0.450333144734041,-0.014018021455494079,-1.2563379972078026,0.18938749233668936,-0.5319626852206842,-0.7165407349739517,0.23706602503243646,-1.2105537844242906,-0.5604077881065274,-1.8958062149012362,-7.101195498767587,-7.517865520559602,-6.058595080151904,-4.769383671579729
-6.291649294655393,-5.955728261585305,-7.053999506123058,-7.062379044107102,-6.528528164724001,-0.2147235102041986,-2.6075594910053383,-0.8094118416658995,-1.027546392957045,2.22466097628009,-0.6043553247128086,-0.9569901357552483,1.0609527984467129,-1.3231526432906255,-0.2683978797778525,-0.7151543747263736,0.46007917563299155,2.0446155612986465,1.1720617838255771,-0.696852358230159,-0.14466471205922252,-0.04111011366027991,0.2561515320288632,-0.49409381293590254,-0.9297569422639326,-0.3508988694770374,-0.6624860667479721,-0.3821248912324935,-1.097093976038184,-2.647079717948767,-8.01795486508867,-1.2402893689615067,0.005468442260715819,3.476486580579484
-6.57518266239727,-6.953722708583685,-6.861398145428178,-6.866716815535815,-2.7101936294678874,1.2286586693998547,-0.5142341233753894,-1.0074041192919698,0.7201248228899407,2.528591537684697,-2.358549117317711,2.0033889624669126,1.2903492478169976,3.7520576252016045,-0.3283852232438425,1.0447768051697461,0.6993594787404379,-0.6512822108846639,0.16085838100792405,-1.2040790549417022,-0.3737949472159741,-0.13629910681104196,-0.3370252657578737,-0.574942107494585,-0.8314940804850185,0.23445089204082403,-0.3780538696401847,-0.7108507850426851,0.03728396335027913,-6.974107666585023,-0.7469949075782026,0.394232482581519,3.6481577304210777,3.7489729845134945
-6.9110533116995905,-6.814440344025573,-6.073185081611383,-4.588779414715634,-0.509378852428995,1.0993400155697177,0.29714395382573305,-1.368978426326786,3.698086480505666,2.199203890845497,2.7663321835292805,0.49915051791518267,-0.8958238540322027,-0.2757197380853503,1.071435612416661,-0.2836879458415192,0.8780020375150972,-0.43296288312259007,2.2015415294062097,-0.07049588135126854,0.0739030333654814,3.4959635476119213,0.6654338583030525,0.5305964991636757,0.8046979588386042,0.5696121534514934,0.042061515658248755,0.08281064342753276,-0.0707055237567602,-1.8978007066958926,-0.5573730937193083,2.495192838876367,3.4066232747686787,3.8058802631026607
-6.562847497397393,-5.1164221860817385,-1.525722745497554,-1.2402144467853886,-0.28408594054452085,-0.04230382078031489,0.03263387099918573,7.295090555592179,-0.6040900565170724,-1.0115090609012596,-1.667567991181256,-2.42990929996841,-0.002015921960464416,-0.3315989135072282,0.5386612320761452,1.4748822633870327,0.21445424158073675,1.284749109659108,1.9118473060411554,1.245479577806504,1.6986413960234428,0.9821546502957061,1.4070562377051177,1.335550661095702,0.9734861290146418,0.8223499815506095,0.46220109297091455,0.7935725154259803,0.6559910838149182,1.1114267570099567,2.2962427529307394,2.7744927363585816,3.4037721032909722,3.5730765198787284
-4.800148310017506,-1.5970295832379626,-0.6223664751546775,1.4192403794304373,-0.5213722980313474,-0.8690009274270778,-1.3713658547129686,0.8091057638637154,-0.8630796070188606,-2.979330824902306,1.9206595660010133,0.8214965846894686,0.7307020031242881,0.8540647732657807,0.32967224321641797,1.4896801996562066,3.0434522831214577,1.1084258128793074,0.8579557325558814,0.603175067961967,1.1594176339190707,1.1866765186573989,-0.3786204837532385,0.5471918479623318,0.9633310922494782,0.7629627145656106,1.4399200477044387,0.5339841750270348,1.2624858701945072,3.95074641186205,3.6403255009831246,3.3255455162360636,3.22129591571608,2.8651279435426162
-3.05921426101136,-2.0028505928149,1.1526919874283705,1.9764474936673162,0.3971287219996522,2.1566023289101808,1.0953231773809018,0.5242533493459107,-1.5141443897937004,2.6421027654937386,2.4001937580471346,1.1618623809120556,0.035605402416393366,0.42035385722370217,0.8771498642786247,1.2851557005122403,1.445046281494687,1.0581430513837085,0.3502228186643342,0.6238627470502717,-0.04442494495715704,0.6204510509030242,0.2909252492567459,0.9114767566305483,1.1618409258364426,0.1477528658804242,1.070324453229645,0.7696970815463228,1.3472791377610909,3.99548517277657,3.590669166534099,3.049196043697859,2.790119119762824,2.6910510728536203
-3.278304593743704,-0.9614700054189989,0.8339070320476191,2.697437821541491,-0.00975257091724152,-0.2679960714132403,2.666719541425447,0.9428873861870646,2.995711646020513,2.7830511532099154,1.3475183642493287,0.8757392813558407,1.675348937788167,1.3748228286628286,1.265829259290043,0.8797319827343698,1.812743891990969,-0.05397857598163653,1.4410859149441644,0.6496320615031833,1.1362626412275998,0.8757459274506276,1.2903438798897886,1.6734914140513812,1.4432418979589616,-0.16727229325967766,-0.1029813455817421,0.865262532097935,1.4771508475077133,4.089264305289178,3.5036943046614035,2.879612965400754,3.007618221575187,2.4496216667221478
-2.0804371717628043,0.06709889781752638,4.203093138846425,3.7800481159703767,-0.22918533106830313,0.608453316605608,-0.7240816676862332,0.4294263258491499,-0.22086089719398527,0.2969056706988685,0.30089575159098875,0.7947246465505641,0.26756838280042167,1.140961150635148,1.071879655612161,0.4007384256688441,0.7311553483296653,0.8543953959837659,1.4112826310886981,0.5575687281200398,0.544444076598018,1.0359396973839878,0.5290300626443517,1.0007014631749542,0.4710387358738533,0.8522986308030278,1.3250605139674352,1.3879051489029919,1.1102582591546026,1.2405285274246691,1.951888003222224,3.231034414976302,3.091112105791156,2.8212021886691274
2.6481365997309565,5.120022353922708,4.860939208932485,5.893864055831049,-0.2766822240221423,-0.2695298248779246,-1.4208645264938622,2.4526845521020775,5.09978223092387,2.991983064885343,2.097650855925997,1.99910228796775,0.06085894016248301,1.9436773291454639,-0.0031171855634815715,1.3030906221624685,-0.38010519021209066,-0.4947571430719985,0.18596970769561272,-0.27581282662604917,-0.2761259254659647,0.294193773426983,0.6546709639888227,0.7910963898763622,0.6011800469150558,0.4197738668715623,0.6962264789859406,-0.23850840441278595,0.8510188569175497,1.0570750881904887,1.4087861256286016,1.2017845631182857,2.807246360560567,1.2344380988453876
2.6566395287500773,1.7615767309434622,4.271888677998993,5.67285711953918,0.7216379735669922,0.2444459051674097,-0.040519385529549895,1.90500065676052,5.003924054997344,2.017947360362942,1.4701795742972514,-0.4171477006778756,-0.11798056716627112,-0.49250775336472236,-0.5150231283049188,-0.38206160802422967,-1.4528445900657119,0.8003491740593787,-0.26552115784914826,-0.1483264930984386,0.8002794323630461,0.03324767697984397,0.4151680689177966,-0.19341200406530454,1.171593336103582,1.1351939684330692,0.5817130750596591,1.0629515047907827,1.2944669791242625,1.4981459390941576,1.403460116941241,1.0997968514564114,1.672208721765477,0.9144737563395399
2.417100067518865,3.413108960395533,3.134592049035069,4.472548676765591,2.3052274528559678,0.5970144597975173,-0.8659172681284277,-1.0278135618628743,0.008749073505855525,0.34969420841671583,-0.12728213460843085,0.33905910559899066,-0.8003446539180616,0.491364624133496,0.23414382816090565,-0.318011864079099,-0.5893439787429627,0.313493033521785,-0.11994907255887688,0.597715372727967,0.016759905276927143,0.7325587782831121,0.09903917997420807,0.2574996836462894,-0.036644580270092306,-0.006953994819683776,1.2234109515073508,0.8779674754802506,-0.20023786042793593,0.9239719800048716,0.6111352029780887,0.8247542263050311,0.7325898626790831,0.2179408533129146
4.4637718690735095,4.470852525055065,4.484819435257192,2.5301452304389294,1.1098870008815516,0.8133422448970586,0.8517588689681652,-1.981024227538974,-0.34381651830070037,0.5740251050269828,-0.5995702281764418,1.3848430961413645,0.05171524621016306,0.46202029903335,-1.1126355157800807,-0.7748518370814068,0.16231774800750756,0.7293070800279055,0.08110291888432168,-0.25533515284539077,-0.3447943278039283,0.23563576360509253,0.2675829521438904,0.8018566345070413,0.4431828810209397,0.21624158590794543,-0.18553721118089186,-0.029017507619641548,0.5127509794056813,1.1273164460594698,0.9598388525721178,0.6857083663855591,0.347969508245583,0.09639416785763141
3.0459833435014607,3.3146310962008108,3.4656438519510395,1.3216618903584507,-0.5812190411668426,-1.6342740371522808,-1.4289577770593371,3.330412119090471,0.1645072238943485,0.7032960892638634,-1.8893865707823274,-0.6074654207168657,0.28257065551076543,-0.6927591730405716,-1.2248287878663513,-0.5298032674083476,-0.35789641983988063,0.4586963841792156,0.3646951645727618,0.7608230683854208,-0.25891548596212993,3.2773492698528828,1.7599282987715446,1.1708529511779286,-0.5650549038416637,1.3750459543935234,3.2615901747527953,1.5936103717334487,1.011966796169576,1.563957348360136,1.7371761297977761,0.34647353052796515,-1.3411349546812075,-0.5431471090050997
2.2602033716814085,2.6929190544256465,3.244833536655659,3.1328117788645082,-0.6435148033426197,-2.8964136547461274,0.2339906141391982,8.065966465957672,1.3391055449267208,-0.7560277063469655,-0.9341011855427658,-1.2046050263171553,-1.4576196909406958,-0.1932325560430726,-0.9350295151626965,1.2446554541786108,0.8137742204979133,0.24874099537749336,0.5109464151059192,0.5644361263117091,2.498420511509695,5.808254483834618,0.9028797314441981,0.4926727670884103,1.021115675972729,1.4965444096173777,0.49252493828501054,0.754407147522258,1.5427438861492617,1.1560132671211423,-0.5347016807695341,-1.3682836299389223,-1.4387358964640726,1.7389095613093883
