script/wind50m.json
{"header": {"parameterCategory": 2, "parameterNumber": 3, "lo1": 3.000054539987559, "la1": 64.9999836372058, "dx": 0.5, "dy": 0.25, "nx": 34, "ny": 52, "refTime": "2026-03-08T08:00:00.000Z"}, "data":
[rows 25 to 49 of 52, columns 0 to 33 of 34]
3.5782288210958453,2.7999660251186596,5.630144463528162,6.510109483845011,4.456283809538648,0.6030051357042341,3.1480803140080424,1.124557031341966,1.3031698376790908,-1.5729036531694647,0.2191560008211896,-1.2320209123260677,-3.2346516159756944,-4.274990944461861,-4.567905070768747,0.08135812827482765,2.2199802830667035,0.5645120441937126,0.2439865936825369,-2.212062046549026,2.1588477584772026,3.3283450206373675,2.3461390348780964,3.277247191994988,2.476257353800513,1.5593683368865932,2.30926432789791,1.357765914928973,1.0952285116067106,0.956050482519903,1.296481630371534,2.009144505129577,2.301095664891525,2.82383645524476
3.254425567665697,1.6867059637568733,4.4802457333942485,6.546934948911069,7.372978811456439,4.501974837539961,1.1474504567522597,0.7036100106508184,-0.22590293134530898,-1.9396103414031032,-1.8556050677797082,-2.1889679605973416,-5.606238197123557,-3.846078668890287,-1.6597035489501466,3.1950171385842476,3.7652763392627335,2.036678138316784,-0.13536968817372663,-1.684212690368929,3.737122449334928,3.3422182929190156,1.8266968214280268,0.16330837107353458,1.6377734356672575,1.3792057252961063,1.6473520502942764,1.1130280823574266,0.39026890206290654,1.7489755309799748,1.4557769685026754,1.9084070304589082,2.4206334685941853,2.1031355211947926
2.6790623375271614,0.4760478388416411,5.0095307455023015,6.726717038800082,7.928560416053841,7.994049331363578,5.998413183537924,-1.0297276014648211,-0.6468751009317874,-1.4333738617642329,-2.2222226510218253,-7.203182376002714,-5.725443684900857,-1.421515935443065,2.1930083657827684,3.4533690677572264,3.6378461057925517,0.3317379068328522,0.40841924470185853,1.214767688920813,5.0404663681970545,3.633869527985031,2.39170284805881,3.3617939322971853,2.6322550032590564,3.0686703168151266,1.8019584305746212,1.2049846636731711,2.604999546470473,2.321116134796705,1.9127451491666791,1.844308423374729,1.4473457004979589,2.8888396134345777
2.791891503842665,1.288083972656855,2.7965909511224796,5.474304977319734,6.514321296136081,6.7697276073499575,6.130544187991511,4.585843692118239,0.46906992057403,-1.983335936391458,-5.955010296375783,-5.993312416214922,-1.5136927538003526,1.502142523447331,3.236613596066762,5.510990033603734,5.13832308405995,2.061958383450619,2.2316177579547056,3.6637122183417086,3.727154721318444,3.696539036759491,3.232195142020411,2.9543125566397763,2.599660949258621,1.4385057138924717,1.9520614161474055,0.0632624428038716,2.1578328829309674,1.807235763209988,2.217169358507762,1.419686178163029,1.041831315932026,4.602337219263287
3.2831755024335405,1.591311169236203,0.16637918458090356,1.6274654990814519,4.970931870443357,5.590593516822095,4.9925562355709685,2.3625554870203462,-1.0456521587281364,-2.716122310630208,-2.7321331117098175,-0.745952531066559,0.8256001143342567,2.529188222807986,5.103317677123775,4.950060556631453,6.062580531649829,5.242791033206038,1.5301011322538223,2.683273923020142,5.074631446750237,5.360458050062744,4.115762821672531,3.963782814626359,3.6902264272432403,1.660686349521402,1.5616167740944105,0.005962404655718826,1.2834601381756272,2.0239386708091676,1.1430198470620931,1.510344006071487,1.5273384896284479,4.810683325613678
4.134765862398287,2.4713745225281047,1.2024314753659133,1.554859252908204,3.798258038125765,4.783173492508812,5.4657219324081705,5.17548788479474,3.580435179244175,3.864420069162687,3.772643670015441,5.685344048945333,7.17685430094481,5.039369014543098,3.6349569678361084,5.541923394058441,6.8533327125650425,6.471743459810988,1.8523296010236179,2.333390510561275,2.431495097619794,3.3583952721830657,3.0639972908647186,4.115923185840669,1.4048631349230656,0.6828607489446011,0.3694342835325838,0.021753744279477422,1.6327051019551382,1.3958238455319771,0.8071458744291863,0.5107691393741679,1.8862683289209101,4.476998107613973
3.8610736727924793,2.954451700084688,2.3289901318894333,1.530798516828932,3.252234059574891,4.902773379330513,6.13950678155116,4.204120807953238,4.663028081914789,5.627581260901344,5.188564817483623,3.5005974974015084,4.1758841707899395,3.956667889960277,3.5959292491700166,5.1661183008686296,5.587754428488055,7.701906319147871,5.731112422841454,2.9459173501871057,1.394811097078263,1.980847193565915,2.571383929092532,2.545599408041982,3.482367815937194,0.5808716317679258,0.34112997481127916,-0.4467746226980166,-0.32085886672335484,1.1449680025277635,2.904465945145167,1.5758578672853498,2.6646272807184586,4.462699306943488
4.41286728633053,3.7508648291101547,2.8168988415324137,2.217050086161191,2.0342650251663943,3.3616952112563894,4.976382239366992,3.9121385906219697,3.2151411786257142,5.41789400666814,4.764623590646241,2.2121911468812487,2.2546985138649256,3.2941295601107337,2.311424229224917,8.114059784161817,8.457809981667248,8.34749326343513,8.038867838394664,3.3588528922807144,1.9579810960983095,2.8072508833863616,2.416096867127539,1.5614231992863326,2.1432536153444266,0.18108630006627444,-0.5092382718630051,-1.0839730740941649,-0.891772568967975,1.5877187254972824,2.7943867788558454,3.340645253793246,4.678188619366727,5.666741117853038
5.362798218463314,2.474127651345082,3.4620072575892404,3.7542386588184136,3.7422427460544805,4.060109106100056,4.744814543760874,4.809678907211512,3.046717635067747,2.819711335628121,3.3432285016264736,2.93742538331576,2.365328143253527,3.78836050301091,4.021013997451059,6.4674083058434055,9.247568226841153,6.963282293885026,7.480092895738461,5.574812960820412,2.3781465824143773,2.9429309037744336,1.3917296197909212,1.8823938679066112,1.0218343824673628,0.018965833703850694,-0.5345981334367542,-1.9065573611543172,-1.3411439140737504,2.584064408840578,3.3943837312835172,3.1985830799347346,2.850528062950279,4.835866411820691
6.592183024081081,4.994954343366119,2.994520419979632,2.4847367961030797,5.1685243384973845,3.8391066789365538,3.849688372838783,4.190049809987693,1.4038101841913406,0.24185232652876024,2.6214475552306933,1.8757384234129049,1.0579908863080596,2.0391786027961967,2.1415955952739942,4.0151061281979805,6.969316657685511,7.329172642288487,7.266780829647805,4.519340043759602,2.3766689040026914,2.097708887668531,2.6241044708979127,2.1577723855367563,0.999774583094952,-0.7157193901009264,-1.5124899492290358,-1.5047134130895885,-1.3326394718283896,3.435914395843901,3.1012442292096636,1.5359775174709487,3.5239837952482937,5.970615264413205
6.011656967815057,5.6271946494324,4.609376801343985,3.869036697748995,2.0965809023126485,2.4736527427746364,2.858340145927402,0.6274937893085276,1.2603244315366744,-0.8268634809399198,1.2947269220326854,2.054255150397221,1.7661117672218394,1.70362954012591,3.371053267293071,5.111010723739741,6.251773660272954,5.3476588655703745,5.185666286017495,2.8237951484065857,1.1280206592510755,2.278792389284469,0.6712453357555115,1.1127404083725614,-0.3176191940985553,-0.3667317778882244,-2.060311807728747,-2.946883996005971,2.2490425962148883,4.429761223895171,2.7316808683132763,1.8683324382473339,3.8241227371118813,4.03189798557139
6.535758651803424,6.59171052712685,4.978914927270642,4.404352886538866,3.1214661526200596,2.6571956694092296,1.6815337747471601,1.1383044025957954,0.7757621309628071,0.8766413721887789,0.3564578437201901,1.0002838674350882,0.772906230370183,0.7582141193173713,4.079920212764365,5.238162786425047,5.304301026939767,3.717353004993106,3.2718540346181713,3.7894625639794803,2.4669742546373112,0.8348136580581424,1.9673699116855436,-0.3443194891003737,-0.0749398796870065,-1.0740991847117,-2.490203819296524,0.002062418990965406,3.7608624652382727,3.5881511724840682,2.9203203893984133,2.973477627060531,5.3802148093549444,5.579238645539481
6.018132277171366,7.080030704105688,6.194123513947439,4.209211151345234,2.62041954059329,1.1066431905764575,0.5659446164881173,0.14514117191855827,-0.031279248894231455,-0.9879498193246008,0.04193049198055026,-0.1833820297649831,0.1819591171616788,0.1846385972414537,1.5309014610930642,4.858971825546134,3.0533132551512683,2.109927767146491,2.6585032404964686,1.4253788399036558,0.8054204695624492,2.693408533262276,-0.8570600623538617,0.5345193929062765,1.1953586124933828,2.218360969578615,1.8818778075024636,4.701524112704715,5.313040800344575,3.862164342303615,3.765223412366076,2.0265104146300095,4.973780249812592,5.717733511310365
5.562874576975939,5.290285033540926,5.508484351822698,3.582633639846522,1.901486431979905,0.4095008816456048,0.16351522982607833,-0.954438943794407,-1.1489179232695241,-1.6913486214527527,-0.11741325548450314,-2.0720415759826816,-1.4466369627657656,-0.7417747925166089,3.2045614445454325,1.6443857514772835,0.5233264738166395,1.7877292307924113,0.7467347389732574,2.678226774538206,3.626469922705421,1.0155126439424458,-1.229383954684072,-0.04955024241467222,2.4831942821368176,3.91606260869584,3.8749907274560056,4.237656506942818,5.452693115903221,4.748682676241852,0.8816115674448122,5.51025828812767,6.036849430043186,4.898130973267654
5.236228677263388,4.919198578127443,4.217966855690309,3.0363069513332723,1.090783104773057,0.9154358756164293,-1.407047412048738,-2.118545245139734,-1.9172658845960853,-0.34975688953443046,-0.49141682158201117,-1.2230706958912059,-1.5879598088472808,2.1724616887331,4.121474549349783,0.10223934644284592,2.7425073782571467,2.095921878061992,2.620879707798512,3.1526470117759073,2.412601535213816,1.007298011343058,1.0932492077168423,1.1264379927912862,3.2219878413980125,2.7228937937579345,3.9518252483954317,4.856559096386534,4.679109413252326,5.9217987267504455,6.235177905614566,5.493989012761441,6.934970829815593,5.324822756326852
5.811463209212303,4.410353592505041,3.9286313326626185,2.2046727538290503,0.4728948456769905,-0.3249760404238358,-1.2882881862317017,-1.021592873544333,-1.1709341663533777,-0.3501469097551839,-1.431549861322073,-2.424580760313477,-2.02225429245782,3.0345331475992965,1.1835182225220398,-0.664586074341809,1.5435939091925794,2.0172178992938044,2.1613566443916072,2.6773283428477335,4.714056546835812,8.409785217970928,5.930723091503224,5.273408858485577,3.5419608958204702,6.408691717584966,6.282159366713081,6.392381965828194,6.457265630229976,7.093580711897387,5.896033409106144,6.660511612062579,7.5398624838144395,6.617827326237076
4.9588970750640495,4.225776557657791,3.7240289489571317,1.8391318761163828,0.3265078978756542,-1.099074953366309,-1.502438095549692,-0.85424264135198,-1.23164383311692,-1.1861319393692613,-3.5269296983214997,-2.653985925472965,-0.7269384146474978,0.1258473047387786,-0.9033332580407116,0.3388713921773842,3.521678760549091,2.526522617064806,1.8393955519686642,4.825868206803332,6.721739335904931,5.760956142746223,7.733986074422786,6.6542784953026874,7.283191833423936,6.6915848922566035,7.0078810240780465,6.577585203531227,6.725317176953633,4.812015299364976,5.048616052151026,5.506707845203112,7.313216340938784,6.571476447040269
4.51257081547068,4.359038707956518,2.537293133218367,1.3898000671010213,-0.27904329345642914,-1.0220529574724182,-0.8410882706548803,-0.8738985055667092,-0.9189749278384903,-1.8407697250213704,-3.357102381307637,-2.5135184844616525,-0.27060979321542006,-1.3223928513925851,-2.5833394680271717,3.0980174822391575,3.1098628899080887,2.0684911423927304,3.138613871882053,4.381719589677118,5.905513907747397,3.520303624318003,6.939571057589817,7.409189310745686,7.186233170514257,6.47128060141317,7.248154770386944,5.304718037467928,3.377935028987839,5.301535216360886,6.4930567498729435,3.9518493310455853,7.060837548915186,3.98776695417824
4.271274525926432,2.7623849563573013,1.5198818626235118,0.6124133419285398,0.07735911368931998,-0.046429781055763675,-0.10361357454042318,-0.44905968867161317,-1.6933429872186754,-3.7240732917545527,-3.212594489830724,-0.860904997335707,0.28954719462373124,-0.7209466106132554,0.003938995236757589,3.5774714743855194,1.3892174264464947,1.3006686345809773,4.29076250167872,5.018801341382127,5.568062106134272,3.766332245435392,6.788504311488345,7.305853185258163,6.373157325631077,6.926512911334375,5.300725796106792,4.443875793503994,5.042893518068868,3.554426969145052,3.3848325062233258,4.857627788777177,3.1982932264819497,6.701041762830427
2.8043460517373786,1.6963641715812166,0.9897599896929636,0.10233690326326877,-0.19032938682840062,0.08548491889426281,0.08534871124707336,-1.5985630361436525,-2.0511100232314985,-2.372898719508475,-0.1494760454188897,0.6234384234451767,-0.017455121869463568,-0.6823276973141289,2.4897533441254627,2.7212576656703145,2.8485358705206276,3.193505976135726,2.1423124013068815,3.3449935752303506,2.9990487757756386,5.903212380582269,4.8598325170263585,4.981552939233949,4.738180348372981,5.106164205393943,3.5311054922515073,4.535600439097759,3.9970523143601304,2.731273149374256,4.773492388884353,3.6774462269861865,3.2707226266783085,5.555612393701316
0.4820050405455862,1.1014263035955125,0.5192434672499332,0.16413610748844865,-0.2672002008948488,-0.9005649793704037,-1.96007720815421,-1.4909789226096029,-2.0358257525691115,0.39565616432481154,0.7821413213413384,-0.4156440010981933,-0.9354695256694713,0.14129571191657084,1.1225632108931904,3.2649460837328,3.1149597319394737,1.9657150002820574,0.5351785457784899,4.724980494472608,5.382639652645453,3.154862029050747,3.6985412797609447,5.479735208619734,3.4964184599172583,3.5559815454823265,5.517368919520064,4.018804250907327,2.865161139846087,2.6158400309321475,5.063032102341118,4.373498977040638,3.3283608706804415,3.389734649459755
1.1690931518247787,0.4624966281963985,-0.21465464604429887,-0.7027289686187662,-1.2143590185702637,-1.9252844517733207,-1.2781628808555363,-0.9006752219330051,-0.29602372839078256,-0.022196964881301007,-0.8898831673136924,-0.6834194852721,0.9315159558739529,-0.060775893207467624,1.76592378803161,2.024614140641263,2.924721378386084,2.2125615356996504,3.2969116065089783,3.3467328304415296,4.345318126646526,5.921703072432322,2.0969493114757314,4.5573572851864075,4.2335326673969975,4.7428283505877715,3.6271128827013066,2.5763924519574064,5.065367383500838,3.5639924165470287,3.807520258080936,3.7466923111172576,3.8552645165245525,2.353229057524216
0.284845976554174,0.26703824380100966,-0.1293928949620456,-0.43436751598834084,-0.9076721933621852,-0.20611300938210025,-0.3916277364565929,-0.39570297719169345,-0.48723995656774954,-0.9071870430837096,-0.7061285829716057,-0.5863985803721503,-0.06038119991463928,-0.8853072310099392,1.4538780340279274,4.045051017422045,2.378246436122167,1.9314524377629423,2.0249202738901264,4.204093703926876,2.99416022527793,3.7243195209358553,4.559710535693491,1.8762817074691822,3.276094088580283,1.9944485609192826,1.8667895708777078,4.851310399424454,2.750008652592363,4.361905647611121,3.382037324176531,5.461846732243694,5.285550784823417,4.435251390059191
0.10797561940924368,0.03385776971260243,-0.19621413074570906,0.9408004743589257,1.0589859876376757,-0.3188057575376217,-0.9145391133606112,-0.7480391258823899,-0.9367777814923659,-0.8028139835734937,-0.6758397012946361,-0.7585339590569022,0.06889429843236425,1.5363777692196918,1.6718549773952696,2.6936717571009425,3.1662673855590397,1.9805455896618593,1.433702993449653,2.0190440100102705,2.464895279607255,1.5582066279124414,3.3063458544205826,2.4773570671340406,2.61932082031028,2.787112081292863,2.215392745175601,0.7589263603107329,3.951686422135214,4.020681928200002,2.7993625708116356,1.9209363547132627,4.387283064380067,3.643322261988187
-0.7242363567402232,-0.48327420622232475,0.5716298570652478,0.7300981639887384,0.21738658725233206,-0.6723001963476464,-1.117841104788898,-1.189810779493377,-1.517951415586371,-0.7240599091654158,-1.1282516149497073,-0.04798189888419257,2.196339250151978,0.5998500451385513,2.2443061202023666,3.234187352767921,3.338237094285334,2.7227000048569345,2.5074831214583675,1.3742726510846084,2.570488103989662,3.534892220422843,5.2966011429300766,3.344774278138702,3.5840976414500845,-0.7318478795127532,2.7998088104874235,2.884642293511803,2.135560437033822,4.2605453172979875,4.269299200131525,3.85484704100486,1.970985505037175,3.5686599712958644
