script/wind10m.json
{"header": {"parameterCategory": 2, "parameterNumber": 2, "lo1": 6.000198445256149, "la1": 58.999992894266676, "dx": 0.5, "dy": 0.25, "nx": 22, "ny": 24, "refTime": "2024-04-19T07:00:00.000Z"}, "data":
[rows 0 to 23 of 24, columns 0 to 21 of 22]
-3.0615972003423444,-9.077839322209533,-9.340525892532638,-3.2274373976681328,-3.6577806383982403,-2.610651230013981,-2.5902575768450444,-2.5852434928764345,-4.512272669286182,-7.2615097321220485,-4.924593961933365,-3.1473222124153932,-2.2844346726684335,-3.044805909083896,-6.191561143501185,-8.702104686650404,-5.164126886669155,-3.5727736280904754,-2.8770593904303063,-2.5534846683575965,-2.628234649168127,-2.949186875400188
-4.672741268052144,-6.205541178430755,-6.515258603997154,-3.0323151147917278,-4.12060549510585,-2.716315036859157,-3.5090906092117358,-9.068265108141244,-9.245774191184047,-7.686857007778413,-5.196663875997703,-3.2633028758932663,-2.932084455441687,-5.607899174445161,-8.243259873062543,-7.066653544817302,-3.564762592269935,-4.233539706557168,-3.548772437615548,-2.6265518897380713,-2.4715926020753325,-2.7740113074383186
-4.154821968796331,-4.196833334914557,-4.301090816951166,-3.3718020162381968,-3.832712884507688,-3.630435646273838,-9.240804233761672,-9.623010745686315,-9.816794389886358,-9.3317144661723,-6.921935219193231,-3.6183529139143857,-3.086585554963295,-5.930414259584129,-3.9560444067040383,-3.962996548528631,-3.562499647846572,-7.010581815606194,-5.210258347780449,-4.388838463368976,-3.3247833416254546,-4.158034440612799
-9.259941593770566,-5.636503206811693,-4.9177878239845185,-3.837345412026498,-3.907334131985212,-8.793233158217676,-9.818169555197114,-9.5603670797737,-9.64472208588302,-8.836655819194926,-7.784791489838792,-3.612813373291133,-3.0010166286502233,-3.0735831515487755,-4.009666402497503,-2.9700994488054437,-3.434310102518311,-6.2180130817603185,-3.395364049476744,-3.604867138183733,-3.1113017978574713,-2.824886027255125
-11.652927640898914,-11.707615562595008,-8.668093792387372,-8.453654833261261,-11.229454561282871,-10.849759898364011,-10.810941935439596,-10.63051046043023,-10.413065316795555,-10.30892902012211,-8.59776873028275,-5.482264579977399,-3.4609308401462444,-2.6180791125457077,-2.5553555088365294,-2.5137494015124036,-2.5679815611524175,-2.573279971298309,-2.449805508516573,-3.1261722906762306,-2.950399775822878,-2.56117805952431
-11.053614388504082,-12.088652701884499,-12.455253605295376,-12.099068965763367,-11.916606044496497,-11.432283904711692,-11.025895326385493,-11.051872105276416,-10.745318967976642,-8.507896914001217,-9.563318084642123,-7.774690204683218,-3.9932994843892815,-3.022602780268414,-2.972841289853781,-2.8117742557245196,-1.8699451191235468,-2.0986052283485264,-1.7815288532046079,-2.8520122707525384,-2.719237154336301,-1.9987553544344199
-9.625994718739223,-10.625892603612003,-11.517472860514857,-11.871549279167567,-11.94480551733973,-12.000641631263473,-11.453224799467737,-10.303584364374467,-6.628371617921713,-8.928805131913466,-9.58982789392149,-9.135665308335794,-4.343098806770778,-3.3213763725840293,-3.0987983014256697,-2.8319829499703166,-1.5426372207382584,-2.2346548563142323,-1.7829592718440717,-2.559512615497816,-2.667807291826009,-2.300522065310509
-7.811407547159346,-9.241151935105336,-9.642266948723258,-10.614190012755994,-11.33088851779089,-11.821147811380099,-11.526945770360806,-8.63801597650588,-6.133063816559478,-6.849070887527838,-6.7087591534471525,-8.925666365703742,-7.615917346740564,-3.8044597929181774,-3.0932943784125464,-3.048268580217757,-2.537329692647972,-2.39260846559533,-2.019995745516039,-1.5648059030920445,-1.6437593908267192,-4.915170094508031
-7.516866837914048,-8.010552927555647,-8.992303097332716,-9.288964128340181,-9.168649902498446,-4.9987156689189405,-9.354497204941499,-6.701727885150444,-6.553269086450805,-10.625467543610416,-10.135146998058365,-9.272127275798892,-8.44413968851608,-4.068380392626568,-3.017646225642327,-2.963736215156761,-3.043999088784445,-2.6504339766528027,-2.521864280749591,-1.492123532534657,-1.1324019682418733,-1.5320536714727035
-5.930725738575824,-8.035789365159802,-9.416293685679765,-10.022454545575977,-9.48044081944832,-6.543141335882765,-5.754318767859231,-5.899222529623397,-6.4901066011082476,-10.286048430155603,-9.289024766869774,-9.210298755625056,-9.11813753266632,-7.239730612466064,-3.1579877887537418,-2.5824609990121927,-2.4454710536883435,-2.590981153730455,-2.5063581222884914,-1.9825856903771735,-1.3614016192181313,-1.787130462960413
-3.6426441405707233,-6.977187185194456,-9.130252625567865,-10.714514787405944,-10.392767034499798,-7.4016186602020335,-6.11493727905386,-6.044575352467662,-5.6973796238840935,-6.168444594584334,-9.931574433028599,-8.82633557145761,-8.292531449868724,-7.49911378733491,-4.044413548985357,-2.6202311424505043,-2.00921472717713,-2.2542351186967857,-2.308762852365034,-2.2717164888530714,-1.4983360084737902,-3.1540862569018104
-1.5264113997242776,-4.405304682653755,-7.747154497712585,-10.754750807934117,-9.71590387888023,-5.512746900048768,-6.658126527255578,-6.455182821683332,-5.67447769063853,-5.150239086086853,-6.653368385123289,-8.633959129495679,-9.179526164605734,-6.7275034494893164,-3.444854385181708,-3.2843549730158563,-2.1313894941379568,-2.171297962357212,-1.6580931008104594,-1.989189504849576,-3.4458201730547926,-5.88648138635006
2.351643994657844,-1.6679519296588365,-5.573904147890327,-9.3993475919155,-11.188277429092537,-6.259616395823556,-5.275433900478312,-5.311779410856928,-5.3160551116874295,-8.756850643023839,-8.04381226932795,-6.45507683311361,-4.264892092632627,-4.830372023490529,-4.044213169486527,-3.0212765526174103,-2.7914479801616823,-4.869581750206051,-5.124351411913851,-4.5409584199967234,-5.605070840868541,-6.154314875603608
4.908238439527599,1.7998880383085243,1.9482569187938075,2.6177357297480914,-0.5802936120594837,-5.279890266301875,-5.465421997775009,-4.814888099330021,-4.835108326072218,-5.152607019858123,-6.395044620668613,-4.237227023386716,-3.326108659639705,-3.353149162486188,-4.425053965333994,-4.706524509014139,-2.7517991906443884,-6.737273045931248,-5.866791031392405,-4.86443452008426,-4.233212671215145,-3.7070221351403663
8.301369870803361,5.9076682701367105,9.773366365314287,12.458565223899384,10.201467013423649,4.183162888989803,-1.0001003444165613,-3.1825459833188465,-4.597782976198917,-5.347201802548922,-1.945201304906629,-2.353334163230505,-1.8899493149782365,-1.8650281222949787,-4.387920144508543,-3.8798685570560574,-4.213398953142888,-7.156203121867474,-5.708863454247543,-5.017896001607427,-4.885444054977649,-3.646893787113002
10.105143892031908,10.435756471563442,12.469560666762543,15.470327858707057,14.955825488884825,11.285195429969605,6.536640164375687,4.6099018783728996,0.6035925817632195,-1.7515211763032705,-3.6788849365539593,-0.980393303079656,-0.4632978282050405,-1.243435902757897,-1.3660581907388247,-4.699752404893959,-3.693538276120583,-4.37538224033095,-4.5291842660577375,-3.075875849179424,-0.24036375405336144,1.60210616758712
10.242089985422545,11.848721691683853,12.786158551099712,14.006757241038503,13.9469085911272,12.216907135222417,7.090997761948912,7.239914988216498,3.4856189155867248,2.5969987638020076,0.3478157153465461,0.5245345079395026,0.7585188183506666,1.4891646432213905,1.2686618580442588,1.679354790367495,4.283480199328185,3.6811726555021607,4.317746773961245,3.6987080057039696,2.5793609006912215,2.2676671394329153
9.533628374819083,10.67557754720499,12.22592521173056,12.90110898686384,13.377887593115524,10.60968672923375,6.679823539146353,7.041156336263505,4.132952362960237,4.908751577766579,3.310883166900732,0.5954761191474003,2.1705340787098684,3.1632533342632474,2.428371777240629,1.8100826444217284,3.3287239255035717,3.602703182119371,4.6366871181157014,4.657165701008423,4.587843571339849,3.9113364932897006
9.483977476900625,11.031154793045996,10.634742134948144,12.024188693217793,12.474778992667071,12.803080734709916,7.960402902819267,6.529525042440212,5.587935372284362,4.956108494617245,3.756928005643649,3.231987652181363,4.157009374721869,0.8256929884313612,0.8281638203982027,-0.16464010313823887,3.7123573776971273,4.480926352000603,5.251761927611939,3.9937358673412735,4.441955936350871,2.7668411483016206
9.557848631371979,10.19731050741929,11.545458353375913,12.15322742137564,11.555083872925593,12.577308698125433,7.381722697575324,6.0809027901753385,3.661731143673705,3.2276175071236124,3.628759747120919,4.62965209289598,3.233667052126273,0.8320228035708727,0.3614165347490624,1.3768179782710217,3.058124841149387,5.142266460871441,5.142279311877518,4.215371762142229,3.2698624707870616,1.7512813257754405
11.550260986624945,11.065235065139865,11.057976849310691,12.917698394471875,11.739085494556427,11.946541284472465,7.652235920261516,5.967878506021403,3.830268473321316,4.995762800809652,5.252208547663124,2.219566590646812,1.9211409020975234,1.1360722604596147,0.6106423167648442,0.4818422009792987,1.9748936846630387,4.044774974504301,1.1152530677680814,2.2825904504905856,2.3490847404688235,2.1915052508677784
9.316301025264355,10.163542014482957,11.055055026474408,10.177686266559158,10.714753623275339,10.441093003405884,6.08703829216499,5.343334529151069,4.987702006238781,5.198328055664516,4.36637548737648,4.0891485858872505,2.16993433347273,1.1611606154149563,1.0999011689518294,0.5921433717244542,0.5201844687530899,2.5188198969202076,0.9063880266274654,1.8966785259795604,2.690784733282071,2.5093957534099123
8.75137513832566,8.785661017733847,9.414404109140326,5.832885816265673,5.895798251199503,5.425122964697023,4.212463326406464,5.328517307013067,6.091132836314877,4.66356903171313,4.048585686687501,3.117271991465688,2.371161762345695,1.348804468164405,2.4824503681646255,1.0594093989143845,0.8113492898304793,1.2892015843599858,1.0906082118488774,1.4043232230830747,2.3639587874562147,1.9523737702541926
4.326136372449679,4.845415825495876,5.182130345919694,5.496482719348841,4.137612452759329,5.028438296646346,5.701246969427104,6.044695485022512,5.130984278059132,4.4723152017269605,3.6534928583750697,2.5128360133754515,2.8434929274979015,1.3871985754460718,1.870144963095833,1.1511689715014093,0.4997285840575934,1.308182436438406,2.419749996130106,1.617596275959204,1.7023337886273018,2.714052227291255
