script/wind10m.json
{"header": {"parameterCategory": 2, "parameterNumber": 3, "lo1": 3.000054539987559, "la1": 64.9999836372058, "dx": 0.5, "dy": 0.25, "nx": 34, "ny": 52, "refTime": "2025-07-14T01:00:00.000Z"}, "data":
[rows 24 to 47 of 52, columns 0 to 33 of 34]
-3.867708028097163,-1.928467704354223,-1.3292395543714552,-2.4830266352933763,-2.12510844275692,-1.772611771317708,0.37708469815407886,0.5593791088580847,-1.1233644507544212,-1.0594537435353206,-1.943435921018832,-1.7708251092091065,-1.378419095887346,-1.6267477660846694,-2.5474462621805856,-3.44980764519134,-1.286303917100208,-0.9137918107825524,-0.6191405205622171,-1.0212920657918876,0.26390245139170254,0.2235077968270169,0.2333025538057969,-0.4134368876414895,-0.06891057471567755,1.414456730647987,1.0608889108966246,0.456890219232213,0.45002738240885376,-0.3003837175790699,0.08201009173347594,-0.029005634954119505,-0.33835007708687603,-0.4190298880831968
-1.3927861956038092,-1.3790519021695018,-2.871873846939936,-2.9816189557501596,-3.5313630001764467,-2.8891357357098024,0.5040979987788605,-1.5787532732630605,-1.3905934103024582,-1.103593130029319,-1.736721920797236,-1.6787876410552622,-1.8183317411098514,-5.183858622586354,-4.65599858449832,-2.8801490415767907,-1.7310590749333095,-0.7615886299673192,-0.7201200328649837,0.46777606802493804,1.004756940440262,2.5709908334868317,0.512673999126805,0.9511083203664136,0.8182279084584406,0.5370472842497297,0.26271870353400684,-0.33188403069645345,-0.4597251104583401,-1.176991192336953,-1.3729793048161776,-1.2658838395163496,-1.4242405581481117,-1.4249985032861001
-0.4284928554421153,-0.4027629045814811,-2.0026961399222207,-5.703283533836937,-7.084019679816325,-6.272945811375299,-1.6858952775979306,-0.640240325767057,-1.6029698782362476,-1.2943877107775594,-1.5362236079626523,-1.5305930212219612,-4.146711150866885,-4.134668069059444,-3.4808895517359075,-2.7478268344793997,-1.6956677229680521,-0.5001970014145539,-0.4941166462939057,1.1697598313393855,0.0469474678725585,-0.23659256022417618,-0.4704316166131686,-0.26596058210487233,-1.5641515751915902,-0.9792088244737707,-0.5615515318726476,-0.4540478033502803,-1.5068814335643856,-1.7057425099276151,-1.7975991157830475,-1.8396948785190201,-2.52642153369624,-2.34927033754369
-1.486900237485228,-3.2911371393859787,-4.547786990896259,-5.256671980178506,-7.506969902399613,-7.273345205783985,-2.851192675648053,-2.254865993049154,-1.362742493451275,-1.4130091429866183,-1.5683043282994522,-4.031754245382303,-4.377458118253377,-3.605120745498555,-2.902525371111913,-2.4917481106503154,-1.2697842229512781,0.060169985517512015,0.16408130277700092,-0.32291096432790656,-1.1856945931376321,0.8384271334200818,-0.2767220476196739,-0.4152411253811212,-0.9348632838093643,-0.8203129834721805,-0.6385469042952142,-0.7960115555587022,-0.8080990107190024,-0.38980617842746035,-1.311234467497253,-2.627385342023076,-3.1081121058289227,-2.716025873764207
-3.194560886040245,-3.8379275188236295,-5.048302091799434,-7.3955129456340885,-7.262730931032612,-6.84120488054666,-4.118051969923797,-2.734982514527175,-1.9039320918085332,-1.8938852907636365,-3.889874131816653,-2.5244087234369825,-2.470644505525657,-2.5531128332581674,-1.9500601230267685,-0.6919434805722398,-0.04948469129747681,0.28193295842111743,0.18263944106759403,0.5696738335537155,0.5276062982994889,-0.47873127428218737,-0.5873532657856009,-0.263567816325138,0.5552919846842131,-1.0133000527176035,-0.9098451615544862,-1.4282783585624663,-3.464191173869539,-2.257518798804446,-1.2189288618559209,-0.5312501286541862,-2.470104449282185,-1.9698871376259515
-3.547532287579899,-4.267070695610501,-5.322334381877658,-7.177229603332025,-8.094575922039612,-6.119689814262987,-5.223103782316182,-3.8484412767990066,-3.1725350620886013,-2.188892143153881,-1.7425957567137271,-1.8199712333408737,-1.6091412096969782,-1.2348088122999936,-0.696771661932889,-0.05822412799321514,0.1209384900536964,2.1134178367389014,0.606005826619235,0.3232723298609522,0.6138602684845391,-0.1030112536103274,-1.3408479142119798,0.38463243300069183,0.5089046586621626,-0.17872700217582832,-1.089062578609411,-1.1244891135656327,-0.4729371214411579,-0.3894533163880718,-1.1419399396316456,-1.15221863636837,-1.9906918811043972,-1.0440169284396656
-3.129244444830693,-4.1491003174305545,-5.877377732775708,-7.160632820718223,-7.225581889433703,-5.892171071464397,-5.169465698977366,-3.7679705269999735,-2.232834594225306,-1.3325591417437377,-0.5506370290820801,-1.9955264104490016,-1.9831764592014054,-1.5742221693760736,0.14959757250532257,2.6005020758289925,1.813115899867211,1.2301366979585333,0.2182232818079891,-0.9133370040846828,-1.1267685940726642,-0.4850317973010855,-1.252411011740206,-0.8211496762106529,-1.3023290671386298,-1.4177376574593055,-1.2635145907146281,-1.3661204624376213,-1.1948142188165984,-1.6606651518390982,-0.4457741563507731,-0.8174049503601233,-1.1984665658107085,-1.0925289748760738
-2.663016424758506,-3.5178533013830657,-5.2485759658572935,-5.952828988600883,-6.221665485259993,-5.107227594231694,-4.571996891180236,-2.910057236651956,-1.7684579380906544,-1.6196370860175329,-2.135912144627317,-2.134745869105992,-2.584987987657122,-0.689706313691077,0.1506448764885872,1.1402101631135269,0.9907168346223616,0.8264374723596843,-0.26414471860653005,-0.23309775371681268,-0.9829205476101701,-1.413573410790411,-0.6786383377804781,-0.8388332517253709,-1.066834410218892,-1.1640537652438638,-1.6113977962065356,-3.065594873078275,-0.8517122842543177,-1.9515226790657891,-1.8501950279838164,-1.7428839144282966,-1.6222793920693959,-0.8114480370300616
-2.3602123553803063,-3.136238847988286,-3.79161859302428,-4.095141818873131,-3.879353150992491,-4.330554357236747,-4.4750326453411375,-2.794555283921093,-2.398903603773799,-0.8173227354136319,-1.680502564441582,-0.6351459249344403,-2.2917300135183054,-1.5105141918914946,0.3930405038030872,1.4898471688293375,1.4563450430079121,0.3626931056861922,-1.3660434235489176,-1.1062312878327552,-1.055870405760008,-0.8828230670586434,-0.9934172258428816,-1.3415906509498305,-1.1886703796505795,-1.5209388884851878,-1.9430937395632604,-2.28903026267017,-2.0290652667776,-1.9026856478699428,-2.3956344570988812,-2.5052348281002836,-2.667271281653502,-2.2311576810819167
-2.2645358066268026,-2.507326480767164,-3.287363861696508,-3.6298141070332166,-4.096293049576821,-3.7643079234331074,-3.6878373715039645,-2.5434648381177913,-2.8684277301387886,-1.0605942820901517,-0.5721709690261806,-1.1538102234594088,-1.3947700107999201,-1.642203085360836,0.08347854270530324,1.8607220531245507,0.5007681944478651,-0.5811007632276427,-1.2366432597841777,-2.3481825484949645,-1.2896716774691692,-1.243529309686035,-1.3492980690689726,-1.0520492907956702,-1.0575239311451683,-1.4519323739199106,-1.6130464686116674,-1.8263380692106383,-0.8835319496252977,-1.0603731928266873,-1.5267812772183338,-1.5231361129207284,-0.2963417317213155,-0.6570917686534139
-1.76567573894759,-2.7571617377730497,-3.143848756842729,-3.142214238466174,-2.1915439417604987,-4.5768535471850145,-2.316501149738085,-0.5181679890475922,-1.7040692932765495,-1.9135458609395972,-2.073496357911348,-1.7787238156443526,-1.2219589731716762,-1.2410624373682766,-0.6091689204715561,0.48214798909361173,0.6335137108289742,-1.6054052184331344,-1.5936971045715047,-1.4566499750490591,-1.2432161963927162,-1.0441230703290585,-1.3174437805588002,-1.0211594587225745,-1.0684393564978536,-0.5486457000170268,-0.9822154375721975,-0.9741919632088603,-0.5855146264294595,-0.3759622446022923,-1.8842962959392238,-0.20763781906830905,0.48755906752398087,-0.1626318646265227
-0.693882050625962,-1.0346447734652684,-1.2247378837489746,-0.13481596440682692,-0.9896491718288303,0.2220481893552485,-0.9693691458879717,-1.6679105708637276,-1.7230748467990844,-1.350861288269886,-1.670224034350576,-1.2113458631261715,-1.3500100569564704,-1.3324385835524897,-1.4026370676492783,-0.04222841952482918,-1.8457430282501819,-1.9307408083011945,-1.3417506910465704,-1.2645677353114215,-1.246471530129825,-1.2250729786845411,-1.0087555002328112,-1.2477086247829003,-0.9441594146602975,-1.1847676726656358,-1.5927940205365418,-1.5674774933930404,-0.797760311201499,-0.226154721843512,-2.2874263837891844,-1.4566928929042824,-0.2024239377028566,-0.18244473714995127
-1.2291651298226012,-0.2951192359841668,-0.324202758653417,-1.1623120127988356,-0.8544742637664144,-1.8141710731398422,-2.2181479621086715,-2.218438727863207,-1.7476415366650568,-2.0288689767096004,-1.9135797980828264,-2.484757747484154,-1.672264650804381,-1.3912096817848596,-2.1232789216806327,-0.44871925647041594,-1.1369687107008921,-1.3891412717440355,-1.1592871653903767,-1.2122143186660375,-1.08093928544992,-1.0677091922326822,-1.1749546223655165,-1.8608915996148165,-3.0173108527568147,-3.005525940576717,-2.455186391987284,-0.8320053827767152,-0.3968252514872059,-2.412176922862025,-2.8630967974883443,-3.0051789949116308,-1.8827407892795638,-1.2137670315932403
-1.7151821418686142,-1.8777167294700963,-1.0742114052758,-0.514603318773886,-1.7518274917250916,-1.9283794822404092,-2.9552594083174113,-3.0203466967070085,-2.742163055368063,-3.2870291157437537,-2.013386735917957,-1.421460575034083,-1.610402473676403,-1.722236252810132,-2.012114683234875,-1.6789531046494635,-1.5862930745460866,-1.528310684915638,-1.4694063509878998,-1.0344320147796258,-1.5389795531294896,-1.6964943462061077,-0.8261436694101624,-3.01893542432248,-2.983098932599473,-2.80105858040445,0.831239836508982,0.1547364000006068,0.027209291821956624,-1.6256668313199674,-1.9746507200583752,-1.5848154306122302,-2.689492485672121,-2.158615494099139
-1.9580902978112464,-2.250069146747036,-2.3170155987019103,-1.489104757580494,-1.3731971416983015,-0.798262503492398,-1.963317926813157,-2.6073020264441618,-2.4097027423398845,-2.9345241936625914,-3.1526688777287726,-1.922901932227038,-1.3823339818528402,-1.6722749574900633,-1.4531046696532057,-1.3641759210411986,-2.9221945081529666,-1.788066218845213,-1.6317126393786257,-2.2982974874520115,-1.256682082418073,-1.7770143225465267,-0.9400351978377236,-1.149787642833452,-2.5383013677607256,0.015675810363648304,1.111667635953374,4.95234709609827,2.030236009050717,0.6736823474631192,0.12322000570844166,-1.2188519190493767,0.02370680727160109,-1.924549673024773
-1.1535463468640812,-1.0900349687329127,-1.7003916408168194,-2.231891179160412,-1.9331529423179847,-1.3821472259351248,-1.5251547050351035,-3.223615066467135,-2.6378986251864154,-2.8376481645135874,-2.208820603504908,-2.678526242904603,-1.9954261612025717,-2.2227967923585505,-2.1295227689898453,-1.696507671414304,-1.2921105798743593,-1.4417773757041585,-0.8377044084736457,-2.125415027031499,-2.080678917136381,-3.7974522825800525,-5.002732455427902,-3.3952232810196454,-1.765945823430835,0.7217971893351566,0.46342805509155777,2.5205841578863493,3.247186501126219,1.5140746433796777,-0.15622954304736586,-1.9038372447059413,-1.4040610213923446,-1.1357837602413912
-0.13639229618866597,-0.6469176094899334,-1.0008895324776508,-1.3321931166884384,-2.203456965083799,-2.7252156756182275,-1.8262029222463871,-1.205154304075394,-2.016954455181046,-2.485498005644308,-2.41561464361227,-3.5017449730241337,-2.007697452861379,-2.1179563694459222,-3.498055740310799,-2.156184237098625,-1.6877822290501336,-2.096839387941147,-1.6542377322348303,-0.8158670049388022,-1.0789097669436216,-1.692436974512101,-0.8895867242917109,-0.8183959669719055,-0.0275218807390313,0.6231767564724341,0.022436860113351175,2.4807729786225257,3.7754924078241636,3.9097455387306703,1.7060604875541248,-2.286502595878619,-2.8985380842064785,-2.481793188046722
-1.674869344885865,-0.7948891373888005,-0.709881995099111,-0.9296372905588417,-1.730413153146827,-2.3933778782079296,-1.3489220963093318,-1.6616461142553258,-1.6545467802802485,-2.290196445177419,-2.5261469764284796,-2.621323103279669,-1.4168350686870255,-2.096942213994343,-3.8426736370059578,-3.6292897956290777,-1.8839179884269133,-2.4202813019953724,-2.4332049732267933,-1.6005047998594888,-0.04420822634838074,0.5348188841764343,0.7027891116982399,0.10481227972648084,-0.03399869700345298,0.19766357710968757,0.26780216895524517,1.6615678472516744,2.456215706837619,2.2403433631081544,1.787244839884469,1.2260301774532747,-0.9256109205846976,-0.39887629608914366
-0.16825406834512294,-0.9532740169567167,0.035763341718575786,-0.7575735046910774,-1.3258413693342719,-1.4150807371845058,-0.9535837952396806,-2.050826082845139,-2.3448145655452888,-2.7851139924415254,-2.7302142613683618,-3.4868593596386663,-2.3398476959060424,-1.101859229443152,-2.513041187448025,-1.7618586160383476,-1.603979278071533,-3.505597782379096,-2.826121693573911,-0.9100546346134629,-1.6820127514266847,-0.42711662337070755,1.0436586764031555,1.0043371922502935,0.7705379889958828,1.045883516869894,0.9126312033159105,-0.4289176420002782,0.35377435097169513,1.0277011503659303,1.0810540988660626,0.5935115172994071,-0.7589020318736406,-0.0190910955226898
0.6657524481826546,0.2979705060617986,-0.4875259944903431,-0.6321596728697466,-0.6534294576757314,-2.014968085650882,-2.24680743972389,-2.445513084674316,-3.1652927329841862,-3.761654931973276,-3.0833288077840435,-2.595936217126359,-0.7393639017893847,-1.8485436536828583,-1.81558048845136,-1.5058744416065657,-2.069204484881552,-2.7515034111209946,-1.5388032021006317,-1.0522425639894977,-0.6527505322984346,-0.4674532167616366,2.787088820028925,4.479118627073671,3.4116132785881286,3.5502271865769903,1.8206386079661352,0.8114272888331745,0.6148068824763558,0.5791174290293964,-0.08442880716002649,0.49561247611638615,-0.3196121649542703,1.4031978611614977
0.8983198258456639,0.4893042896552393,-0.7255912343209204,-0.8890537050630212,-1.7856882963914682,-1.2624670562599287,-2.4777188925844715,-2.5515931379769703,-3.080723506016631,-2.331178975241847,-2.7200136637087113,-1.8309231109641118,-1.877304986269853,-0.7620561952214634,-1.2821332047035,-1.2858491256105091,-3.767980027659165,-1.461018797745792,-1.173563795824169,-1.7944438682733512,-1.388552713482114,-0.6499388306906292,0.1070410838540249,1.6813633230918454,0.5380630647856027,0.2703207860435754,0.5375377995756596,1.913010737716564,1.7707339294117257,0.33171605563550544,-0.5628538698829219,-1.2163789243141212,0.06042117194640432,1.789417218168913
-0.7892964363842513,1.0146055916817271,0.7748292571671871,0.5440450626296407,-0.793791143971073,-1.9860576084950898,-2.6328021560437276,-2.088042172196258,-1.9804161475629156,0.12291786627987089,0.056305170462735206,-0.7650608850208567,-1.258544335772216,-1.2755310071702022,-1.2153515298851936,-0.458083771081174,-0.47779395969144695,-1.3896704558548296,-1.5894361373745554,-0.22121025097004718,0.9890086816745254,0.7026903314281151,1.6961370391314343,1.3979654127221068,-0.3813300536282948,1.4117412095485344,1.7963210104192524,0.9426609118485619,0.8244754081149892,1.3736114641940604,0.6805971566503999,0.0017590629816889667,1.3320510228304885,1.2473011440319774
-2.4067102322814704,-2.307756187591117,-1.1878746480405518,-0.6658334689166022,-0.8044635759769516,-1.1051835250689936,-1.451516642674093,-1.2266477396550692,0.057818112614950415,-0.2579465684586293,0.5712202341648069,0.7249055174411541,-0.32947923745735835,-1.203976858864945,-1.386626955110442,-0.6564479579966243,0.7150251657391116,-0.6917178540108683,-0.3877440973859995,-0.8526173014732423,0.9817605214271143,2.184313165802284,1.3489502728140477,1.5265711739246939,1.1548153600127309,1.1898250690152403,0.6967160903997546,0.3603014980713533,1.4640789052501073,1.1026922613224737,1.4403651689826682,1.5236504757044116,1.7765833695680509,2.058788528061046
-0.27298456904719626,-0.7607283271600062,-2.2321679393485216,-2.363314403790954,-1.668891126601126,-1.0895076891530233,-0.6737581713597594,0.3269659288808453,0.5524601506503845,0.4627283430345114,0.17482749972405023,0.5506227604886297,-0.2524082536378804,-0.25868761327402856,0.7166337275291399,-0.07703329480539406,0.4175318374182747,0.6383346200300282,0.7797824857604089,0.5123610725381063,1.3992070516792259,1.7345310682388957,2.0571673662848977,1.387769996441018,1.6091649923707492,-0.13917395816182312,0.1537854981678062,0.16061482186043574,0.1712682646765367,0.08025206122752152,0.34386488645253727,1.3964408859099964,1.776614534708141,2.098237130414459
