script/wind250m.json
{"header": {"parameterCategory": 2, "parameterNumber": 2, "lo1": 3.000054539987559, "la1": 64.9999836372058, "dx": 0.5, "dy": 0.25, "nx": 34, "ny": 52, "refTime": "2026-06-02T19:00:00.000Z"}, "data":
[rows 0 to 23 of 52, columns 0 to 33 of 34]
-2.42890229526654,-3.878411509355946,-4.128910080246286,-3.6118027707598577,-2.787468885602252,-2.4961684578344396,-3.5967701740901865,-5.1358594781632405,-4.730352076437343,-4.848049907882794,-4.8371827042062385,-3.8130762755499017,-3.985826760131939,-4.145879316961564,-4.308344173706099,-4.198924119210319,-5.000260412763202,-5.160154175629558,-2.9318840406972106,-1.7263812326886414,-1.650837616279283,-2.2900283559092096,-3.226920296256482,-4.7982715055891365,-6.342183176086809,-4.3370039409262375,-7.904015369442057,-7.839178124433991,-7.447774295824061,-6.244325769844539,-6.602788775311005,-7.184803890553008,-7.64490078233921,-5.063440236809422
-1.8040049531058697,-2.478646465230887,-2.099315356910535,-2.0282263238504266,-1.9698624205052855,-2.5490368623642374,-2.7745620830449367,-3.1723302586227105,-2.9984571255549137,-3.6224027361661815,-4.096516975493398,-4.406700742968402,-4.226855424926126,-4.511973775259063,-4.063751267095153,-4.625933862882951,-4.747354406734054,-4.499552887310012,-2.3799918704803824,-2.039725936027076,-1.4222523226321238,-2.4356775249097424,-2.2028436074523263,-3.1420125807081862,-5.245498847583057,-5.2068483164198796,-5.0720910281339195,-8.817181109224707,-7.229228609192602,-5.854719959440666,-6.093109509325341,-6.4590744309646455,-6.2828507830835525,-7.325395495053055
-1.2501689920175418,-0.2887616147505535,-0.5288698528249096,0.3463612824348935,-0.20739122909597765,-0.13765557087768548,-0.9140460805534173,-2.5321405697019266,-3.832008508931823,-5.108602574873921,-5.375757969363616,-4.927422668184885,-5.4802127458091645,-5.700605947535316,-5.098958175274523,-5.093382857374607,-4.052835167748066,-2.097382525002174,-3.4830174114985843,-2.4295104136008545,-1.8434441195922475,-3.0205264797753135,-2.9500044567506967,-1.4631046978813222,-2.557173831376952,-3.1839147302868396,-5.164231734799007,-5.103538057396864,-7.589414660548939,-6.924179341464468,-7.321511906836459,-7.689946881252989,-6.621301512756416,-7.245033453795675
0.19597021242892565,-0.1773613629754825,-0.5532383476585262,1.2839735638286682,1.3616773384707437,-0.4548531965079773,-0.1605378928994591,-1.6481458848463608,-5.239703013037359,-5.957357421541585,-4.485927073314171,-5.0696145763626035,-3.24923681102979,-4.303467657403427,-2.8548933238457432,-0.7736553900512976,-1.6986278040147396,-1.0489920134511068,-3.7425960143235004,-2.6866078675045797,-1.6029160340672237,-2.136330994579887,-0.6109674875755311,-1.146033449314189,-0.9754768223343228,-1.9742700214529663,-0.622090530634671,0.10447339164121977,-3.513486896003672,-3.624171994415197,-0.18198226310674315,-5.388617190253576,-4.5959147690249225,-6.959660196802505
-1.138202511038517,0.6607734989520221,0.6431067286044772,1.2194395063180854,0.8790119857781739,-0.47527636640529647,-0.42460040404238464,0.5599043956817299,-0.036588233844152586,-2.4191147513300884,-2.8898834370742716,-0.9588320338364223,-2.0404602645716254,-0.003357827007041516,-0.2688625826793778,-2.522389042630846,-3.666397502332031,-4.2558213822880315,-2.5722337743463974,-2.4081844286381693,-0.409055640002536,-1.595413105842964,-2.3561367547658767,-1.3963731427620265,-1.261941683244572,-3.1448059314117613,-1.9927699498423317,-2.1113916123339247,-2.160920542350448,-0.9605011923792025,-3.10948066510899,-4.433105668048064,-3.3268253049112926,-3.574505850788472
1.5104066021110736,0.6887865870614066,0.7282116731724358,2.0070947627656404,1.1271888168490563,0.013073557799337202,0.14591187403636466,1.2761876050988796,0.43218894769709326,-1.0783754230441152,-1.1666827798004527,-1.1817746837645533,-1.169228723828847,0.08215750953489316,-1.6543123092789436,-4.344363186706974,-3.467104975174844,-2.9193826780869134,-1.0990277729103293,-0.21881499157288334,-2.1116831216602963,-3.0250654491211395,-0.5777909486691128,-1.1463249263645232,-3.1970222708262823,-3.3472054488440395,-2.1049654912661535,-1.8413902685777945,-1.339479224647895,-1.1130650213921616,-3.761769718386715,-3.3215975232187303,-2.4742606500107622,-1.6156776290379762
-0.2560306434173599,-0.5772993293757887,1.3057966703318695,2.3995025689844787,2.756629844227679,0.5151966246740903,0.32742823150121003,0.3310326822525015,0.03137142558365044,-0.6412802379397174,-0.6796012414245101,-0.8720766184897619,-2.270889802736526,-2.7645829208679635,0.9929181484567531,-3.846409764749328,-2.2781705118676467,-0.5316726997923273,-0.7115286821700876,0.43498705994726933,0.13715703920806624,-1.009262954506815,-0.32558411308798024,-0.7625789244564435,-0.0020344492417567043,-3.044346789719738,-2.6825359533880353,-2.786378426497951,-3.2993912721593563,-2.1856336360714055,-3.4247563654452104,-2.446520462049675,-1.7012546050733426,-2.2868178629269167
-0.2510525483893466,0.0974343240752274,1.83049095615802,1.5288546044997835,0.7260234508377029,-0.3103006600868787,-0.20397315895759882,0.01300966400901591,-0.5077020664434909,0.15432544244307156,-1.8764307366467345,-0.1371838555484491,-0.6950216539113973,-3.480175856524112,-2.6218895198076853,-2.244281367120278,-2.0734866442583373,-0.7002095622093167,1.725507536456207,1.8944122398746304,0.2834490475547224,2.3145182858795224,2.0968762626363686,-0.0675853732978039,1.1776554106520334,-3.808552719246079,-3.3279741848678643,-2.7322330137093447,-5.42394876212116,-3.4729621766082035,-1.345648550694483,-2.011914960964031,-3.6392057261499335,-2.22245355348628
-0.8861727836349075,0.23877733572632065,0.7363919663211357,-0.5289287907449486,-0.3418162386568509,0.07455102266063866,-0.16340914738694923,-1.4434180122524116,-3.184626733452272,-2.500166576700072,-1.3729810442523442,-2.1969260147942173,-4.0136154883466055,-5.445265557618245,-3.4971202238887886,-0.5927784623102896,-1.5485289887846512,3.529529726927038,-1.5388910141853345,-0.5437315470785274,1.5238815140625794,2.625100246469713,4.569566349350509,3.3229950854235213,1.6052832493761087,-2.797664318892456,-1.9826712834878732,-3.127802583516349,-1.487697596233486,-1.5870615575224427,-1.3431412693072495,-0.9741399263689935,-1.827487905946852,-1.8841910411198632
-0.41769111289662025,0.7860635981088958,0.15573187825755583,-0.6829129351774074,0.602688317744265,0.040076622016172514,-1.8404200874775076,-2.780121451487601,-3.9373283707974793,-4.889652799174906,-5.055590239469817,-0.681057647694938,-2.2652044305321644,-1.9842563108738607,-1.5406233960402658,1.4329640965796868,1.5644314402528023,-1.1013360686642142,0.8430987611930153,1.5074956034730422,2.600986421543819,2.20912608837393,3.9376484389010247,3.448634240756588,4.141876758630092,4.202906551568108,-0.6449411864905931,-2.933140216730106,-3.7199855009273883,-2.4850244645125232,0.16348767873739453,-0.5170990235508193,-1.0259986033874635,-1.5146681626749923
0.23588840461866936,-0.5156936640882127,-0.4416417524310489,0.16253224456215598,0.47835760116909404,-0.2294096516169246,-0.5732775687679277,-1.10692098614944,-2.459667255355675,0.6175480015535275,-1.8236391344660445,-3.5300071151908186,-1.0576941567558755,3.404003554220051,2.161934760437744,-1.2218268895012148,1.5766661125921897,0.872722052862945,1.7672014111852339,1.806095025419964,2.353945849812568,1.9973180940751958,3.862071657391437,1.7415465945143596,2.824844788008857,2.906732895762005,3.411667453729722,1.5482883377779257,1.4342183079423148,-1.3362355210378367,1.0742493893290606,0.7118783194462124,-0.35018515521330196,-0.043665887730726015
-0.04637395094875839,-1.7389896280901846,0.14230050427310384,0.7111122891642332,0.29689131884372033,-0.8558115894154879,-0.3979234778721543,-0.9701553834852954,0.7760994995275685,-0.7406049466880866,-0.062347047069040006,-1.9354909507097098,-3.4749761157405894,2.338820946216403,0.41178540528341295,0.6565270365276237,0.28886557638912613,2.247763096135164,2.106026690320592,2.1330272692065066,3.485496303494128,2.1333451280355025,2.681496861301564,3.117206789512644,3.3083262715028177,3.181935929405787,2.3718645210426317,2.912307781589815,2.1564746890930464,1.8927176690538419,4.025311251180709,1.7575675424725767,1.7461181089439666,1.0371818840550677
-3.9167861394766943,-1.5812703289691654,-0.9813605588652852,-2.195733903790505,-2.1092964791205313,-1.9908945902484934,-0.6825227412686902,-0.0019847817020399177,-2.0211131204362136,-0.5920093310016549,0.3784731935984447,-3.1870644117005984,-1.7624594804881613,-1.5148967049121482,-0.930418512840991,3.605714309100477,0.46265055070114197,2.550216217464502,2.5510083113371937,2.7671906154485857,3.9225623315954135,3.5766318609243193,4.984046682202042,4.199941673024296,3.4604827816759447,2.9828638885974708,3.105686949736486,3.2638109296391113,1.766395665745055,2.9595564444833697,2.546936648806866,3.0504917466059065,2.466698047103442,2.478729647449624
-3.4500687602072957,-2.645929922405464,-3.967278004120784,-3.898818092682812,-2.948849137948082,-3.2982260190611905,-2.1293516761168414,-1.5335008777870323,-7.502113848330281,-3.0258666053995804,-0.9957251620093028,2.5721816116690697,-0.38901071808998133,-4.181883838099026,0.669382312718638,3.3490126734105696,1.0499307776196911,1.4025326174721342,2.409588795586702,2.8859152132409984,1.4710918780103714,4.340311675688617,3.832870015605934,5.335507148572853,4.421034417399102,4.9507926627062435,5.626916185481404,3.464669501735379,3.2930482951257614,1.8249421685031855,1.1590508130972628,1.6653815095493893,2.357117988001087,2.7662807371073486
-4.30968392922574,-5.924291369231182,-6.063928106044665,-4.293083324912469,-3.42154990359536,-5.421377742484605,-1.398568003438866,-7.045117099679013,-1.886464236240442,-2.0097516780203275,-2.4197409723487606,-0.8021962886863104,2.2747642983132077,0.5106042668720828,-0.313152051404047,2.5529358282169428,-0.1727674400756277,0.037841039199138775,2.1946450050790096,2.139437265727278,4.765276792092695,2.611396740862745,2.9758487567769802,3.7198059854072,2.8964458683172802,4.654076400012673,5.115768532419807,6.1462927760177175,5.262709091038199,2.1722587619503773,5.530602829493107,7.595765895147539,0.6977862067545887,1.1627248667888432
-5.256502807401485,-6.571257536123373,-6.511641170908432,-4.728640612789398,-4.12598650166958,-6.715451143356393,-6.1648903625635265,-0.04048786970860979,-1.8809864295279881,-2.6707629695909283,-3.3949276512935587,-0.9043989029122596,-1.1191821498734673,-0.5777238263107362,-2.7864426666390028,-0.41327976963397794,2.3482032092250584,-0.6693419547824456,1.2038673552468488,1.2822502850593809,3.0595171114361843,2.603416571107697,1.2179975474974813,3.6729484925113094,3.647514001880228,3.9649725604358372,6.511826533561078,5.177016965330095,5.010064224172925,7.553834657685271,9.70322523990691,10.60784475071515,11.118735204561352,5.9342147251958055
-6.86312081798523,-7.299312727986194,-7.57582161087707,-6.824678012277626,-4.379081626248758,-3.6915503657327946,-5.617873230814778,-4.313142508854609,-0.9607637210613813,-3.438525999143605,-3.4612798890719416,-0.15911091217637188,-0.6292103003764736,-3.1931120431283553,-2.326110499106578,-3.169670899894218,-2.063492504512278,-0.7155373062258948,0.21606390946167778,1.9047085757889979,2.8175739026102566,2.974818549795508,2.9104173430987217,3.4165591475851445,4.14368164621663,4.369261039571018,4.231985313930655,4.487867213767141,4.53700750329513,6.367494374786991,8.240700446463501,9.552907397965448,10.287694471397582,12.016536342667406
-7.301064851775394,-6.561480246171664,-7.870771973444869,-6.995458064932754,-5.097084356877099,-5.626745130707541,-3.9006368310709414,-3.8947821078015976,-3.772035714482567,-5.046767279838423,-3.330171032765021,-2.2544537392978197,-2.2405057048072248,-0.8271869867503718,0.29525283368128424,0.7803847051044589,-1.0017529903285984,0.36100286117089997,0.5866957056565437,1.563151685788143,1.6733431926303632,1.8748581912658169,4.00141695315206,5.007565003796868,2.9076130079340152,3.512613193281934,4.036758768041204,4.019916760278017,5.191348809954807,5.585819671470732,6.924810167574739,7.140003294498863,9.681276931747584,10.11073204161501
-6.24021970905967,-7.0973139335660935,-6.799242673608097,-7.516725839639086,-6.783092569822499,-6.022265390434205,-3.139787927919713,-5.508145039278137,-8.001611683201851,-3.757173759470091,-2.523208730980965,-3.3107220020755825,-1.6551865548810267,-1.4691478380103002,-1.1888364292698101,-0.38673028522400144,0.03796096859843946,0.5367365881950368,-0.5517103523500535,0.7824095031160228,0.13722220622210554,2.416155947392824,3.1364380243500953,2.893907542176773,3.60855363458881,3.909653311173842,3.3365074027386523,3.2959003271151603,4.362305951474707,4.643516177808855,4.70127074625775,6.5892673084881475,8.624974745753624,8.552290060890535
-5.228793582258286,-7.210596946628539,-7.390385222268335,-7.8074900573577715,-8.25613924235525,-6.192098266142462,-0.8335804057555776,-0.9237249165332834,-0.3091639557845614,-3.6386931789422734,-3.0435971593448294,-2.0787655873852025,-1.963444096958975,0.39304612406718265,-0.8022331722059352,-1.1240469167179283,1.9472778121963767,1.1836375164510997,-0.5738031486290315,0.0635016266974759,-0.008101281647722532,0.6834167540068898,2.3925073602397884,3.089958690172989,2.990241929074115,3.6875473746017065,2.745382323923063,3.7822963073071993,3.962166801035645,3.9293924227226755,3.9830523335220414,4.704877400853275,6.660796781294589,7.202159439773512
-2.6372545509025267,-5.538978500381437,-7.359890708692612,-8.237847541050435,-7.772304742243576,-6.633547074737041,-5.532353716310567,-1.9306689711274794,1.4854683163537874,-3.408246553747208,-2.2664804521673565,-1.070620595815551,0.5718663088551735,-0.3559719615267163,-0.10499151315624354,-0.8854078449636972,1.585868317580284,-1.1066796473565443,0.03359415147174746,-0.5919056555564706,-0.5428854440154446,0.7830991079883778,1.5295282102215233,1.9730453941312514,3.576637650607774,3.8931606765212075,3.5171709340275594,3.1900095304724676,3.703591270374227,4.448258875725195,4.361786759198809,4.326873311905295,5.43056333553249,5.723294337203858
-1.4526333943328427,-3.395911015658579,-6.53677966553848,-7.388717098887821,-8.051544753848484,-5.5545412965067955,-8.3263369010907,-4.888996903774061,-4.964462688501252,-5.3076011839544215,-2.4944506266879096,-1.03132369016862,-1.3478433723465761,-1.3407344359373863,-2.7351143025342055,-0.8870723496612329,-0.9953343859239914,-0.7502668006857312,-0.6369853813297284,-1.1960949918388117,-0.4031903046727614,-0.695852602001811,1.3572457636957511,1.1625708604595648,2.322383591666639,2.9311854348270203,2.5980571844597407,2.3704129651795784,4.046354439033847,4.768219312068755,4.140961431262664,4.111288904817468,4.10055121741068,6.249731259899212
-1.6954590200289168,-2.352524265625307,-4.095198619228841,-7.568204815743404,-8.156997206680021,-7.787008067580346,-6.460516623477907,-4.693512217916878,0.11480991583598084,-2.8820193788966995,-4.160708450199858,-2.9399651440797654,-0.28517700397404894,-1.0909492739825002,-0.6981221093444935,-1.217112556107734,-1.478429714878947,-1.8647907815886016,-0.9481767108992719,-0.5853662895325537,-0.394298267301679,0.31804563649970685,0.770167433693225,2.2164404534405966,3.179744322202905,3.73654083284904,3.3532140260738004,3.6894652687088754,3.8574511366024047,2.206715686129715,2.0077828757725453,2.5679997576837574,3.5626905898195007,4.466831744095175
-2.0326350590922946,-2.0165364775736556,-4.228779295021025,-6.403659226544851,-9.127214815558972,-6.898138645204113,-6.335896820059907,-6.578915457337868,-1.8394060915284351,-3.5398064873998965,-2.1359484929229415,-2.784700034552903,-2.220883327544319,-3.020709277269002,-2.2278851908647783,-1.332198091214297,-2.6194599606357385,-1.3494896725989747,-1.9323589277693565,-0.9984659137039302,-0.019808827508960403,1.7805929903064939,0.49566804129003184,2.6858912960583496,2.543875236903103,4.841959410731845,3.569979045975442,4.47227011537037,1.7223990589153464,2.412880707304401,2.382044134554568,1.901963031268784,1.8515522892523306,2.1043672561185423
