script/wind10m.json
{"header": {"parameterCategory": 2, "parameterNumber": 2, "lo1": 3.000054539987559, "la1": 64.9999836372058, "dx": 0.5, "dy": 0.25, "nx": 34, "ny": 52, "refTime": "2025-02-11T21:00:00.000Z"}, "data":
[rows 0 to 23 of 52, columns 0 to 33 of 34]
4.280051812002631,3.9404613019183805,2.350995173961372,1.8149091843987313,3.444269763395942,3.8761239190950296,3.199279612616382,2.5147666006095024,3.1038022883307947,4.060646102829376,4.493646650476174,3.8442053692958624,3.9001235544913424,5.434325738651011,3.850260969350194,4.3504351161869685,2.2416725119618954,2.66321096534795,-0.057759133562085715,1.5793174535310373,2.803750222628409,2.0019499261997367,4.042013523584879,2.724942654202391,4.707603399015478,1.9528326976324741,-0.82020946238816,2.4004065658672578,1.207559157524698,2.744296841438806,3.0716203798022104,1.6123856064281106,0.6987448244577562,2.5943809362929398
3.840908834583905,3.3530651210816687,2.1765647870240095,1.7209360414749875,1.5259048326092595,1.628962827828595,3.046594339430283,3.7406596535847294,2.755684047365667,2.7991886982771472,3.4451629382632816,3.618462814648579,4.283221110603477,3.9678869586854595,3.6581394056224363,3.6902439255823047,2.140481386174661,2.281192491719267,1.3628447262815397,5.683966872281221,1.5151856299467676,2.6635031453278786,0.3475242180952667,7.165428334120393,2.209361970060825,-0.3142690525032627,2.114903691816135,-0.34582598387261326,-0.25605516252498645,2.924018754252775,2.019229041990963,2.3930332559999306,-0.5281482898327231,2.6015410179165563
2.7650672673880745,2.523617866081013,2.343750404771881,0.589214590200685,1.5019234717153096,1.4899712169448776,1.4126959195169584,1.4924795959772217,1.595984969701238,1.8680876234897814,1.7145519089584949,2.2461145125149,2.7934357763428475,3.088260552969699,2.499792387514526,4.5228549945488545,1.6846963240662145,0.6086424938292393,1.5226126205484491,-0.726855106866487,3.061684656888357,2.8136771890014702,2.9668046404003525,3.841689658287276,2.0672991689080167,-0.06579383459943537,-1.296762527705074,2.1467117301705945,0.6607262138104643,0.14639411688442117,2.531084338445807,0.8920141864042599,2.8428634982863934,1.5194907968723035
0.7725933893699863,0.6459726922899832,0.11532319663764969,0.8001020885818249,1.1410069538702594,1.0347806240885271,0.1373504146428118,0.0401167537214994,0.16809253207840155,-0.5375651410808121,0.1105765374190651,2.296484582218289,2.580461867611661,3.013681470626361,2.7385945421363482,2.711164851674945,0.15973777471467493,1.0974243548289542,0.7544164207779237,-0.17813991720753883,1.8681658943729544,3.5007716894347665,4.30959624019796,2.4598141936557494,2.0790517189339477,0.7897882754267773,3.371006583829553,-0.9002484377987547,-0.7763386151852458,0.17578773969717615,1.3758274233982069,2.4449806532573213,2.859289890260229,0.8360059303531212
-0.3342382232027675,-0.518670499425605,-0.0016486236369096887,-0.1693467999708185,-0.636258632071841,-0.8013396426207321,-1.7875764976288824,-2.264235914296635,-0.38410815709320856,0.521135982364814,-0.18633982679925998,0.3952772531546199,0.15058584392024651,0.8121484546091804,-1.8303622133949713,0.028088899130992565,2.1837006943768307,0.02739357950739752,0.9793929285656588,4.0219060063307825,2.222952402644822,6.212451506084443,0.08651228877360219,0.6663350706497647,-0.208473176260465,-0.7220835491024505,1.845230475881323,-0.8431636440240002,1.9850506726308708,0.9843710847254358,0.9540703810200801,1.3690798808633475,2.625864414202124,2.296637416311472
-1.8780349278168293,-2.07939885935296,-2.0585618484337247,-2.103550518644738,-2.633262804395761,-3.808686476532145,-1.7154802821682793,-0.5589620015937581,-1.0216555327899635,-2.0004705684633772,-2.3517761675590307,-1.1925545749177562,-2.3016174860073795,-2.775365198665595,-0.006336535501994811,0.06010759271699663,0.47799868691489594,-0.2995018315985704,0.12201559483556867,-0.9123511562548439,-0.15642636303529442,2.199758474916286,2.7421141322926,1.979069540300704,1.9074054155977016,2.1072618410964727,2.0988900649458073,2.248657408006225,0.655187630797732,1.6518196012580386,0.7305242678132681,-0.680539813921906,-0.32518008948105176,1.940998862796032
-4.485905038124535,-3.812807863743304,-4.0960140628634605,-4.03808808485075,-2.385886713297398,-1.9003345860017118,-2.3334669536870503,-2.950239948162111,-3.9754568852115324,-3.599779630980482,-2.998810340102463,-2.0634361230617086,-1.3109025234513203,-1.5335616099648022,-0.6725167914835898,0.17811229705368242,0.646954672521602,-2.3622639603244022,-0.18255912748970085,-0.4106307471400973,1.872175647946536,1.6617408215686078,1.1013284460641297,0.48978874152565816,1.8309786404225312,-1.0776547350318015,2.546843421584911,-0.8367035214023936,-0.4437911239233062,1.9459046668629831,3.189475709301081,2.037517019203299,2.3290335321277835,1.0805194456100635
-5.65580169489631,-5.368465964660616,-4.658547988289433,-4.048289895147786,-3.873193010925657,-3.977004525996671,-3.9756201325623093,-5.365505757715588,-5.319555768110422,-4.511284595168956,-3.572730083392436,0.3142133468474852,1.9163069565423605,-0.7371883040813569,-0.5588394609103866,-0.18712423750839716,-0.5402137814685812,-3.8611919180481005,-0.08071268550210474,0.3666631661646593,2.470479570802769,2.3252137569445304,1.6445010043973716,1.1530441386149934,1.1124427216532449,-0.19653494534053248,1.292223139981147,2.347396745010997,1.3416557306671966,0.9258536385503627,2.2630170992011402,-0.7010530531857521,2.1791622553421117,5.737187709486483
-5.740133811888667,-5.613865938175715,-5.507256023115474,-5.519258510648634,-6.017660278719232,-6.029766865309324,-5.637027282177822,-5.960593623009093,-5.133230927181799,-0.5707114300950061,-0.5549961032906631,-2.0358443666163706,-2.8295539409817936,-2.441946845828983,-1.2165086059449706,-0.8817247143204865,1.4377149265257176,0.5343811155585199,0.12669105029039598,-0.9796748693257048,3.064358530348366,1.3574296094536973,0.9709515620942919,-0.8442699573355712,1.92150880304231,0.7567579221043658,2.099025968729868,1.483948292349032,0.47026112390643754,2.397811655121467,1.4134162696478434,2.7221632099572965,4.358540686809617,5.951371388740785
-6.320651271400644,-6.356107955711641,-6.345506346420861,-6.824669844340259,-7.211072505816695,-6.9839967775373655,-6.750734398634886,-4.553672518317378,-2.372248996770703,-1.5035881567381149,-0.15259393539143457,0.013945801958593048,-1.5633818626623224,2.6562431052368085,-2.1771010175399055,-0.770010271864387,1.4254497931543255,-0.6777568415848515,0.8801372295738464,-0.07599307001770683,3.1660438734027174,0.9143081591620089,0.9722525443346767,1.0866410530367863,1.1196832252991313,1.192282590281622,2.478046293638801,2.1005570811248644,1.088938210364989,1.9805402756950268,0.41555307148121545,4.528426717812366,5.463029579312682,5.228104290235107
-6.425705234426943,-6.641505324149627,-6.4991294292354,-6.613711246092026,-6.2311294028806,-5.618856416541509,-1.0243268197472746,-0.21443760835513612,-3.79771851483227,1.5643774679483067,-2.6691296373467197,-2.8846078812837805,0.890688180224106,1.6452691157293822,3.4598465411504864,-0.8477402174449967,1.232127624980407,0.6933209989917922,-0.8897057135035654,0.9296259827071698,0.8879611653921847,-0.36571113911481523,-0.7941953852972223,0.4680073532485228,-0.8908120336263146,2.1608134908863126,1.1905369988198886,0.9821751374312037,1.7408931813113413,1.1927812034903953,4.320694210301939,4.854444792361296,5.153026593032369,5.687887431842028
-6.598142216873139,-6.498546886511615,-6.054769859447962,-5.804799276554239,-4.928932222971144,-0.09590140218955108,-2.2633946175162585,-2.083409501095695,-0.7058976937134047,-3.4785607036200816,0.1498857623751637,-0.7702975424549054,-2.771172465449027,1.5019569815615044,1.3449961067477358,-1.3413061952854206,-0.9273578891400717,0.33138977246092094,-1.9356087084791171,-0.5228741658331549,1.2790994375112141,-0.9208386305451516,0.9747141121686652,1.749464561187149,0.681372731660001,-0.7113690673787749,0.37785106062671225,1.824133626179996,2.3140600411740215,2.6806718956005264,4.967016859747095,5.123682252278598,4.947992767793885,5.639616711613725
-6.111148038242568,-5.505141074974309,-5.05391697005635,-4.624358420526438,-3.0176416103944876,-0.5939168529401854,2.257843156301388,0.9665098537497311,-1.2371448724743992,0.25733520719825925,-2.9918908293203925,-2.1290213116969543,-0.4764231886139767,-2.0389811986027317,-1.775338982250085,1.661662676227385,0.5086602359772507,0.3184010675820891,2.6594145705667054,-0.3999219811882237,-1.3610814203657542,0.8633946853376578,0.023607072617747048,1.228467960521984,1.5677794104097627,-0.29564062589569046,-0.5266773087885096,0.15634781603092837,2.1107920291807662,1.8734623828662147,3.9558989628874492,4.263956903889589,4.921883595796842,5.420536384025071
-4.740704611660082,-4.4341770838819645,-4.1602852614803085,-2.649938367287474,-2.506273249629982,-3.710843270480825,-2.0702087354161,-0.9840696100422024,-2.6777053177201466,-2.957368190794354,-3.2281190737248413,0.7810919084413538,0.65613287609793,0.24539453285514698,-2.7426512138148578,-0.09283805758146439,0.9046619181139938,-0.8556984301190556,-0.3579229946772677,1.2927089419207907,-0.6978607840423756,1.085949057009672,2.6066606418166582,2.517763201773219,1.1122606974993963,1.663152643758046,2.2937456121029958,1.8711959633855821,2.56848881968268,3.381945306446462,4.348871754784575,5.17285760674023,4.735793880072587,5.1503157496656415
-4.324794814500923,-3.9235778592394417,-3.9187012510095562,-2.1678343399473485,-1.0823237347306973,-2.222909853316717,-1.2364066484236822,-3.140611306109751,-3.4554384906630844,-0.1494822391075772,0.6858399386693055,-2.6860780951359953,0.5389085714456063,0.3512896973472275,-0.20041670447702747,-0.9543021019252316,1.8018036700783249,2.2929890394826975,0.03215347224394314,-1.1549769546917974,2.0643335410950536,-0.4973657574209407,-1.2880437669588298,2.322275647402952,-0.3927795436499935,1.0791169813305943,-0.1317273978873091,0.3250923646113648,-0.1605094230887612,3.4105134032185496,4.436803958945491,4.892630762435323,5.497720624202643,6.333691920866554
-3.4597180216156502,-3.6076546154491034,-3.8570769307988093,-3.134808841541141,-2.1538066930182325,-1.8234216153847307,-4.741046094128081,2.3502501251050276,-0.3464088601306446,-0.7695534171801569,-0.6467206836381749,-1.0392742648569018,-0.8058558001041713,0.6740571577200869,1.129794868181994,-1.9620986966354044,2.420732292258607,-0.6924633298755313,0.2243621974803154,1.0659586357296462,1.2890624193103377,2.3600905146547304,-0.25269080552979384,1.2635168039570992,-0.15329642071161947,-0.19262279562529008,2.2092059917726075,2.014388676123825,1.8664018629880563,3.9210406625321923,3.7906074909736476,5.642728904822223,6.196066231966229,6.369790460874049
-3.9668018331789074,-3.491967551296084,-4.50421160550453,-4.555146436507774,0.11077659409449502,-2.1696348914042956,-5.547024193857592,-1.3679026569938635,2.2325039064216785,-3.022442999451057,0.3302096559033613,0.6932189455679566,1.5954824177561273,1.517688062469504,0.8764279211134219,-0.3124899022045026,-1.6580079361372622,-1.2584053528215913,0.5076457512552688,-0.022256377750063935,0.9065490409056061,0.588743215022884,-0.5097097627277725,0.05919284991314769,-0.20786800563018998,-0.5460311004347629,2.4634484355759594,2.253961478864867,1.1463049391201394,4.627592348325187,5.840135199446688,5.795783123816038,5.867722951436054,5.591050468673365
-3.692097647245142,-3.085430389540327,-2.916215918804766,-3.2632902836980318,-1.4948874131830596,0.7685133633846316,-3.685394903358442,-0.4521450566436268,-4.97777233745465,0.9352145510042932,2.2142364352598483,0.14619338214419678,-0.6847412351488864,0.8487576543924223,1.3573035715433421,1.2276541456190468,-0.9327561321087645,0.23802665338692164,0.0460537987400982,-0.758377882174477,-0.8467256212004604,1.0354016617516024,1.9287176312343632,2.11544934913999,-1.144186420052463,-0.2093409730507461,0.0873386534283251,0.6001794933022929,1.6205213815643373,3.932376152339648,3.8929656940504405,3.9257922724990024,4.139122900748121,4.4766832058353
-2.8854204584588965,-3.1169870192474236,-2.6860585292846384,-3.0126389231352158,-1.1815881436187061,-1.739531623350926,-2.3074257204577693,-0.3771394207618929,-5.316980397057367,-1.3253297888130138,0.5333014816569122,-0.0767506113955417,-0.007258417360322146,-0.41029618812708557,1.7251168534617234,-1.2066495658844447,0.35102856760438217,0.16508973047911318,0.5216018720667019,0.5412770629665138,0.3204425817618723,1.7661658317982991,1.4778534847313287,-0.12906705812734207,-0.5668302824103724,1.4568623429436036,1.1014279550934212,0.5590608284903742,1.0574521455554868,0.6499765180786478,1.3751829032142493,2.6140879585147028,3.986249730831848,4.046034018235519
-4.278999726434556,-4.039278376456477,-3.062192181709766,-2.2904256633945206,-0.7939833185965893,-2.1190629034156383,2.2836250662012425,-1.058071318871699,-6.074367691152426,-1.192295239589569,-1.6227097084080915,-0.08685383341026855,-1.6252678152894318,-0.38407048712956643,-0.13745736255278676,-0.05026740721691314,0.3189005797063795,-0.17816284936764956,0.019043594286406534,0.370807475847579,0.6148547875647008,-0.21931308275768982,0.137935237866466,-0.14728869346734552,-0.6398915450278325,0.6572641122563453,0.5182046134784168,0.8745825467582463,0.7785990072654043,0.40343951693569485,0.9833138605577643,1.2526334257261855,3.5787655451516045,2.3745611070458996
-5.154516679825069,-4.724696047793554,-4.108144544953227,-2.8894809293851047,-2.0674418872580786,-2.8688196318065926,-2.7278026544319,1.838248127550695,-6.353032823841153,0.4478781887098662,-3.715366887435218,-1.3791718265875073,0.32025742216903746,-0.058660126421592414,1.2372515370845176,0.3470426023147949,-0.32867149233044335,0.6563072742831871,0.14223288745566168,-0.1320238969070304,-0.37158788393620273,-0.3181602886030185,-0.479444487700053,-0.39792623710460595,0.24318442773207685,0.38008149066806807,0.40232360513640497,0.4995813798392277,0.7593053652214798,1.2968319946590592,0.9681684644488819,1.0940951387366593,2.249030823050343,2.7307580700714196
-5.462282040769452,-4.004663454385387,-3.3848990287923004,-1.9670758188683535,-3.588886967213471,-1.8526902383472645,-4.764930627642038,-4.164083548812025,-5.603707157444055,0.32871821434223875,1.1882257324965158,0.3839447401813832,0.5017461168636209,2.0588948606165247,0.10777001466750198,1.2136991925312668,-0.6232737180948862,-0.4704490727307015,-0.42152526171697324,-0.1622446959065735,-0.7636435496317172,-0.4824510272452901,-0.6532083832317921,-0.4991962434327305,-0.3621422660749586,0.040270150029759845,0.723825439976655,0.7147144185946516,0.5335311704930997,0.3271334659224619,0.5553844035972562,0.6251561904398926,0.4120876173662788,1.2866268094858004
-5.562448948379913,-4.642309092107709,-4.095152083548756,-4.292212286384332,-5.166238438390622,-0.981657160513515,-5.001360637994203,-3.9406576382859115,-4.522840743627071,-10.82945007852642,-0.7035625036845481,-2.283033487969345,1.6514710688717749,-1.4710428745026727,-1.0706321031134884,-1.8045013501221454,-1.5169998118272554,-1.8091956915400877,-1.5691484649881653,-1.6929961154490623,-0.8552068058695981,-1.161822792304841,-1.050268468289479,-0.6889242457778487,-0.7072955569847018,-0.5595942509517906,-0.3412872169192909,-0.8461666129521156,-0.4289381315081465,-0.4149538626771746,-0.036805778799581676,0.13663675486741192,0.2957855551255991,1.6496407631447307
-4.624668981633783,-3.8617849784043443,-4.227529747972915,-4.934247247852527,-3.651231484593717,-3.943160729387447,-2.9193231671681024,-12.27373996802492,-9.160475275944842,-0.5939357078447678,1.1798358578715282,0.7482730309986579,-0.11639343194546296,0.08644044058681724,-1.7609519495577381,-3.8618654575577493,-2.0708673061910043,-2.282891223346285,-1.7333334753242133,-2.027646397026282,-1.6366887880497374,-2.541977227841923,-1.6499451393089901,-1.0411260744275408,-0.9715735233460252,-0.7636025566549142,-1.9000370262427262,-0.6867268460059348,-0.7897443422485542,-0.40248295038667675,-1.0295900529717914,-0.3644498955325866,-0.717697869158652,-0.6243457598627307
