script/wind450m.json
{"header": {"parameterCategory": 2, "parameterNumber": 2, "lo1": 3.000054539987559, "la1": 64.9999836372058, "dx": 0.5, "dy": 0.25, "nx": 34, "ny": 52, "refTime": "2026-04-30T01:00:00.000Z"}, "data":
[rows 0 to 24 of 52, columns 0 to 33 of 34]
13.963494214453,13.472549118536708,13.343556255189872,13.975998755784477,13.408321284023458,13.998431329823402,14.063689178222539,13.713884296851534,14.175730503828522,13.2348622444137,12.606783670573847,13.054304163291466,11.971512618140602,12.577013137336795,14.470458594842304,13.3977040925179,12.191322569854544,11.472435372567078,11.885924904959582,12.615154747578522,15.213180461852588,17.16730868113997,17.55026780980153,20.053470925337233,19.91442567757792,8.992067072991077,10.11709645387597,14.273652046659537,13.538342107666958,14.239250677167986,17.05668524222243,12.80444274404749,13.441972923220847,13.259849823588565
13.589461655450803,13.868685355837929,15.025553553118584,14.350811955652235,14.3374285905521,13.726493467125897,13.819613402122453,13.889193265592935,13.75276684522624,14.594709988092198,14.130256001305805,14.570291364297669,14.101786270867954,13.696584182839239,13.02631007987352,12.344192608246603,12.880579103832982,12.967507774342867,12.78789293706859,17.424499337147193,12.748535168355732,16.08498303230616,14.496232399452897,18.51288772822466,14.352771983570351,11.472580234410593,13.736962808350878,15.281056765408447,13.042471658891817,14.698220416661169,15.078762158392408,14.980720026506448,12.728148595558935,12.83087989306488
14.57776611951805,15.048367593247422,14.740768286255612,14.728705403898827,14.274723585159043,14.188705491910662,13.632994010595729,13.454430929342136,13.390177130688121,13.88717034950678,13.827332985245194,14.131838537526225,14.345425739478259,14.058410016368619,12.422293564081247,13.296163167500206,15.75836037554489,11.392661397051954,10.237155363138925,12.943802753218783,16.581815023824113,16.82621040865946,15.073196028038167,16.50414550093546,13.96369153638082,12.437356614694432,12.42291084549098,15.714381140964422,14.848913725185527,14.6195493049616,15.293186498232485,13.964252782996718,13.61165996692861,12.715297271059526
14.03346679608947,14.04674412183764,14.046205547837161,14.065143831479089,13.587893448886561,12.978823902947795,13.311962621455699,13.537006613460195,13.23826412851694,13.835635852148178,13.71615070824721,13.892460608581228,14.096469399969859,13.982439619362692,13.370290203092237,14.744774478660318,12.651808560619843,12.152094411224274,15.268777912178058,12.357139168936548,16.200717084521166,16.732531941844027,17.25705484953217,16.014039463006515,11.339020141406538,13.030158059583579,16.423683999737886,13.761668917625178,13.208574660401544,13.492293357280946,16.082728946279637,13.962423395290628,12.76352938525635,12.603813458939392
12.974500908777541,13.251685474419661,13.19450062715895,13.42176020857174,13.493736710626326,13.281227881871406,12.978209923540858,13.006882244938422,13.310564936110014,13.564266037378552,13.238403250085607,13.719491679810249,14.164172224111596,13.153539999498815,13.327146210502326,15.221670959977294,16.42809619159256,8.477065443339225,12.812763205966965,18.57172292452047,16.609257638144133,20.060374345164327,11.861936716316768,12.168879602004877,13.36054064961689,12.07378381663075,13.979049089006192,12.390908626580813,14.859705016086902,12.727235699081179,14.111692796834447,13.691442142450734,12.679958201102702,11.765528578929628
12.209944419604563,12.160104627031512,12.435828874294296,12.785334554344198,13.223318366000946,12.575627150693661,12.978250831311746,13.538063873433886,13.783001388814602,13.150339532570957,12.637563489330274,13.552013011657417,14.989569564412944,15.899024028504913,13.198991905603606,15.74165556942969,9.982999652293818,11.92221652797125,15.68264283724734,14.226042606972065,13.869925131393389,16.124577210230655,14.967663573232553,13.141664255804198,13.4663405857075,13.595796466476337,13.248327729060257,12.036534313219537,12.759018594174742,12.30443514547586,12.964485715900887,11.833675710481375,12.466897677493135,11.749881351578265
11.0190245977311,10.573008146978776,11.184341947761054,12.661334609331435,12.046700942980676,11.362250541873648,12.428032593155297,13.288631946690884,12.938917554221224,13.64647590446336,13.972561594967788,14.13340387965609,15.032353986200691,14.599219191112452,11.645588240142375,9.948926898181721,11.21041578194566,12.142869033554609,16.111734341802766,16.794705806300676,15.388841118508052,14.138846735723218,11.862561699598194,10.847601355597886,14.901681770471306,12.232630008325563,13.618990971708635,13.406294176568423,11.533609279028399,13.084329709788074,12.636730285858507,12.79930973701063,12.992552548326758,12.514695602600312
10.241073430241618,10.568220939272402,11.101178948076727,11.036506541183279,11.09106625146163,11.727567702192049,12.192762448476328,12.174954380148522,12.837607040236454,13.341415948773916,13.56504697255886,8.86235998028393,10.049222419858191,18.211599900029118,9.158196960517351,10.212408141485074,8.687958383130255,12.087312603429998,14.501969893758162,12.806744383507866,16.667700053680534,14.389943987296007,12.826761723481798,12.15179439880939,12.091998000916854,10.653164306979614,12.024186605759176,12.476241288906998,12.646350617532613,12.191515001557665,11.89333254395254,12.145196573059941,12.91336139343478,11.43203301395576
9.031319778631788,9.85261115379805,10.044498238627664,10.84974458214801,10.677846556184559,10.546409599492092,10.813204482860872,11.302964863650404,11.352070212816537,12.47865696513202,9.309884695915313,6.154184708598737,12.665618843809083,16.282043421820276,11.868115389770697,8.899117814052712,12.723841234497627,11.555409807095652,9.902242864578842,12.138499450618111,13.96528641667047,13.382839755685714,12.430463276071395,12.69455661928204,12.249983016926523,11.221191485570655,12.189343222394331,11.458773097448722,10.457581784082546,12.604891979222,11.919426540570948,12.665438613654059,12.234239207444327,11.297898647392474
8.745548702320336,9.417168765474777,9.644252602290184,8.697219159656564,8.216006689000807,8.549929840214448,9.452400680491497,10.690571500228227,9.2957779891035,8.648758196707353,8.049904547670089,5.49632619206317,16.138742783086208,16.265618326464356,8.37006877558624,14.196513798736099,11.393042195355719,12.917236270563775,10.469688234400508,12.001105534357276,12.865297901285587,10.082964555496646,11.57735298189351,9.898852815141998,11.117140719646343,10.626195252034657,9.7290827375155,11.524148651904696,11.465291113525792,11.072816643216019,11.304637397955915,11.505447360459732,10.062711781826051,10.384254281675368
8.461975013625128,8.10162752148947,7.4618372296548765,6.484385479999866,8.245929766353882,8.992481904703034,9.843369238988737,6.171447544598645,9.344990209716263,2.7088649850241984,13.006483469988945,4.942275645991444,9.301003443572839,15.498827402837819,13.687207482006448,12.313167062160291,8.160163413428744,5.806125827438397,14.117702412111303,10.860993656144991,10.044990494073703,10.913682218104588,12.254760009544174,9.191214943958624,9.530157335800421,8.827839972401227,8.356369541914672,9.777350609073114,9.9044716589325,10.867700662770234,9.282795640952093,9.909459777951392,9.016986431362403,8.759454171940988
7.5655154492029935,6.951563469973763,5.947084270834818,6.600490260155172,6.561323590257074,5.500637882621243,3.929492099524799,2.376560001684229,0.2149963439335179,8.415482903252384,10.058082922481963,13.052852788141001,11.203251095078699,11.401055381103655,9.124448557705385,4.901401312283576,9.320138934656999,13.577336715456054,10.055584362400706,10.485642252627079,10.51447471783767,10.351725351754517,8.404479162868162,7.753653786826076,6.2133778563118955,6.931711767322758,7.980797551578207,9.529391757945522,10.488495842133455,9.999667803460463,8.654949545683142,6.9704553771357745,7.796752574290434,7.096509438103158
6.837785750988027,5.743371994919599,4.891420163628402,3.227365063612972,4.397133253389706,4.886580324731829,3.9018893958605374,3.6818722031051068,6.032829914280182,10.05927867523414,11.594511837298288,11.515843632395566,11.723412436006518,13.13618683329786,7.834137709139648,7.014687840127391,6.3965005911214465,5.188257951664668,8.50115717428369,9.18802427013932,9.8850713329749,8.904440375171088,7.017398675591683,7.1518460547771605,5.4141523908232285,6.259325057827987,6.751702961126354,8.15962907159249,8.94105813316267,9.080399113365859,7.576592508977946,5.605093575110265,5.903458927316922,5.868621636081743
6.056648332986421,4.695797973973021,3.9018342944057833,2.022752961902427,3.2976358432480386,7.4233839213098465,8.346107226881333,0.2300188302871862,0.28360569721938594,8.922336999189298,10.596235307506584,13.195404060226634,8.638040510484814,5.750014994197629,12.319270079281388,5.112530617121448,4.795440340782517,3.582017692476459,7.901121055970925,7.431729653257941,6.081757987688992,6.918389037515393,4.710224326337183,6.193426209377123,4.672398742013115,5.296504289087915,6.57277070451453,7.5064551332933505,8.081161602650948,6.876856966940667,6.571557273335623,5.233063149930593,4.5220081704440735,4.454594703302534
4.34958394622535,3.8951981209610613,3.4285459330383894,1.634944753804579,-0.40987120770536645,2.026893656814866,0.4601686913204866,4.994674141262762,3.884899436746915,4.71339850682906,5.525408062505426,12.921581756807766,7.141156663870945,7.126998623478757,8.654580262491534,7.048490883072742,2.5214306240867375,4.883359159669197,5.152343144328994,7.104095484791902,4.763323173225501,4.94984073733117,3.996631338917075,4.4345787284122835,3.719532764192815,4.73081730493031,4.772928842196938,6.260165514004103,6.740665997878071,5.63479082518145,5.430384337657113,5.153402106455936,4.024766386613423,3.102443585594477
3.892771788648584,3.3496592860141696,2.8960617225910634,0.6877975459843383,-0.8364414943173645,1.3723534313091958,4.196522181827904,-0.22463880175744508,2.247363487283495,5.55637179953596,10.142496350917835,13.154630421960777,8.471948770626419,4.25169826621647,4.215891162471706,6.138019774840189,4.278331306840152,2.286246936368719,4.7149030682987005,4.071480852276785,5.673124367551392,3.2986321952215243,3.6324760219910583,2.2558483407443557,1.2210616534413135,2.728582853507604,3.9028759351451825,5.398201680165455,6.361028360087548,5.11281930210072,4.606320157175784,4.070169855107787,3.4925776898317027,2.229960328367704
3.582556818762626,2.9901055743430103,2.692632938601534,-0.6096610167226426,-0.5253604445831475,2.1907342642328653,6.020168735035365,4.2344781513729535,0.49521110176380284,5.049775535857508,11.209308442034,9.03720441424038,7.106810846458369,7.904600176939999,1.1792836154845812,3.332107776500418,3.8698386821551463,1.2470864886129607,3.4881570753709634,1.3002661329645073,4.070716073157423,3.5755413910508467,1.4585099757966484,1.219360952417004,2.4007761874087907,1.955760201796539,2.5154389899245664,3.930097714358741,4.969227178953119,5.3133002365647135,4.475181226835585,4.289460336847299,3.1167369506773657,2.4967912505668326
3.4930671225937187,2.78810117587814,2.672011608421808,-1.181738879469395,-0.7230668991824702,1.6335009061727432,2.7961311488182976,1.4354836186213964,6.5345333774694065,9.335276262789508,6.9919014096754895,6.920016681742697,2.836497707930903,5.617223137374958,3.6037792090124596,2.0565079750582966,-0.4956398114727582,-2.3494575638248345,2.706906752114787,1.7945080043622854,4.008922834452841,2.0946920439588976,1.0738410751246636,0.8046037841775914,1.7987537981738906,1.3912479605577115,2.615195983142011,3.2378914597510375,3.876620471392986,4.733776468119364,4.501717343308854,4.786749167741132,4.297948362542975,2.405481950473735
3.1730201461667935,2.561149959146955,2.44804713315042,-1.5827533369818563,-1.8840608970891852,-0.009202543978805142,2.5173751092374586,1.9267791897949313,1.7979737850401198,7.933716169703416,7.793837782959663,5.608660971638231,4.3798411260594055,3.9366989699361232,4.286568655667807,0.8629697554055163,1.6548770155333747,-0.01811613740525956,-3.611257677388371,-0.8407012397580714,-0.5443603605168278,2.460014072548591,0.33329885663248277,0.8837512088242724,0.2854836350374937,1.3154926767617372,1.9485392199709022,1.8819333109199068,1.9403537917514695,2.7757501604686086,4.600017849370655,4.893799043587537,3.8947805656312404,2.8213994111751224
2.3900336542308698,2.570579813603326,2.379373450788629,-0.547048499106219,-0.24056169331147265,0.5026205884048943,0.6439500713237162,3.7557562205289345,5.79972068958199,6.023435177462372,5.4706821425074335,4.413066582920003,6.399169696059684,0.6876128377152261,0.7122272672521897,2.548134550014898,0.7172922220288763,-0.3721394896037466,-4.238657803374989,-4.272656447030202,-3.171692756589307,-1.697351509668444,-0.27220210407702755,-0.11613348832960403,0.6338118934721282,0.8648875204075633,2.2959853999704647,0.5424646227738901,-0.16611073588358793,4.325347005996438,3.4806781935629787,3.029678469289093,2.847277516003002,2.762806492204755
2.35111903257627,2.3130118859757607,2.2504782081947576,-0.44292176661271454,-0.6580121853370318,-0.10275426245635944,0.07712840785171723,-0.44043454796710857,4.063200733012279,4.177452024100029,3.807011962141558,3.8372776326014657,2.13752051014585,2.122309378673171,-0.06312716478066352,-0.12753325834660037,0.17818366135154065,2.325708771370327,-1.43293326768475,-2.5709716694869016,-5.1127640759654644,-3.5005526226014814,-0.13473361385216498,-0.007701690871342489,-1.1199797167387144,0.1634655271418638,0.48772214536904146,-0.6007156781878376,1.767980223577253,2.096027324254479,0.8792332069731086,1.9984145427186122,2.3707944296822645,2.931403022031678
1.9359842643989478,2.180745994805242,1.9776734057398446,0.07707083571976113,-0.4670172441040981,0.4069844524475795,0.4954372827570247,1.6317015643986341,3.5739509347204717,2.1391977477377906,1.1634718474619223,1.3002674010601667,0.9072148002614223,0.16589025991087236,1.8523485971187137,0.1921446273282309,-1.146288978130766,1.4780598981363824,0.9633070451912945,-0.7495815248003519,-3.3443798109345764,-4.257060171736843,-2.4081633268823253,-1.0521838607864258,0.03507711551210988,-0.38003025417437153,-1.6263324280295637,-0.33608582495822514,-0.2819559544742447,0.925817780683952,1.831955937126136,0.7495337610335181,3.031162822139634,3.135022952202851
1.5676109240709344,2.167926853085372,1.9719224353950524,1.2560620235040454,-0.24029784250380948,-0.013749090969490124,0.5581575507703052,1.005784815557777,2.564506862501367,2.779957518217106,2.272425019571928,0.6284969462791843,-0.08210746957493624,-0.3394244302405899,-1.5433602503495014,-0.38290902458146725,-1.4682653544109037,0.9437249476016039,0.8626822778492843,0.9400338368007317,-1.5522147254931526,-4.105726088817434,-4.696817240402508,-1.8693759315374374,-0.4967828558786419,-0.26988612929015476,-0.5681223741240197,-0.5053035433853046,-0.9075820239934375,-0.6486497938936536,-2.0280394865479883,3.309923495661788,3.028019699356451,2.2811115549978
1.4003870911290806,2.06877849793634,2.03011261253232,1.9027747862630808,0.19723089742289343,0.8908625182043735,0.6996107211800296,1.264120054554012,1.9977215420384433,2.4300759480010385,0.03299103051137406,2.1713604463910854,-0.19796742100272952,-0.8345359313023512,-1.4358222933859042,-1.1017501574701372,-1.3787487396075127,0.09281336731130456,0.5466848046358715,1.2067346803225323,0.9735310384549916,0.7068094662054436,0.9932573955368649,-1.298130100812552,-2.9715811589591374,-2.502940967867282,-0.46090021342360105,1.3280884625396185,6.189229800208685,5.891595908515782,4.831752573110038,2.3176965712718944,1.5477014259319115,0.7317850293340427
1.8579653239417793,1.940466924366419,2.219750166719499,2.184201516018217,-0.12161489803444714,0.5908367556110967,0.6256886152662026,0.6688594519414579,0.39032021745976503,0.09458118768326168,-1.3472239557212609,-0.373440292187828,-1.3671671095625522,-1.951133066578011,-2.743701626188439,-1.8280163887849412,-1.384947161365679,-0.05968894219190566,0.8889744993166636,1.8509190570363219,3.210050691417716,3.5674407722222505,4.632322255602706,3.220182775277634,1.3320855208031297,2.087353363464284,1.159026017622093,3.004784725783006,5.862151660771315,4.512046383123397,4.328736663575819,2.0778619396423985,3.248093898688792,3.9861280138900086
