script/wind10m.json
{"header": {"parameterCategory": 2, "parameterNumber": 2, "lo1": 3.000054539987559, "la1": 64.9999836372058, "dx": 0.5, "dy": 0.25, "nx": 34, "ny": 52, "refTime": "2025-12-07T20:00:00.000Z"}, "data":
[rows 0 to 23 of 52, columns 0 to 33 of 34]
-3.771369356353692,-2.243528550307218,-1.6549962785654637,-1.995366932624019,-2.1267112691728687,-2.2387800808219223,-2.2132235974466727,-2.143709176824034,-2.564715748091661,-3.5202035664151454,-3.808083135094007,-3.7736830598507805,-2.9485539358014057,-2.22630018750616,-4.1582415200256175,-5.825129816226614,-3.8690497552827012,-4.887385735487947,-3.466909002635571,-7.300878780360265,-3.878258397755342,-0.7657009888623341,-4.262838987366868,-5.646997557316148,-1.6471619362867997,-1.567329707865565,0.12155037973519846,-2.020304550105089,-1.1971932598782862,-1.62129622536143,-1.6876830271677767,-1.9550698828070217,-1.808889342423923,-1.5611943014110592
-2.5664702919367186,-2.266719794906523,-1.5775723726960802,-1.8608463309863275,-2.2119965798248598,-1.96090175784195,-1.328668010207325,-1.3504811982483824,-2.5633152171802913,-2.0310103078546904,-1.9588388454585703,-2.198841356640525,-2.849035018642327,-1.898365517734795,-2.744709097625766,-5.188792096064989,-5.860651578607585,-3.9537936569433443,-5.56146800609965,-4.646363760701305,-5.663572448442186,-2.9707789119407804,-0.38156137493734843,-3.835939631223594,0.23114850929072897,-1.3489941198617579,0.29756655793534836,-2.058125756145147,-1.9597219890333308,-1.3534381437887606,-1.3025537797020066,-1.3987373826478415,-1.614107932083737,-1.9633208133267157
-1.9623086561077523,-1.5218384913765122,-1.709713262016406,-2.000649308934859,-1.9994110549079316,-1.7399213943299732,-1.51203122674988,-1.0828942948072953,-1.6133996970943925,-1.9507166921561954,-1.3522380986697056,-2.6177225426473854,-1.5655497439543513,-1.1407592034043634,-2.270278855415032,-4.964707757299172,-3.2536783125617212,-3.492221029941841,-2.810678373516345,-2.989862686490581,-4.517063544730023,-1.5975301617544908,-3.7668234227363544,-2.4179311704475315,-1.8697535955048168,-0.964285706291756,-1.7827438671210025,-1.280768704929735,-1.5821808706525755,-1.9713488799270031,-1.3860266826324974,-1.4017216540882649,-1.3378659234374772,-1.8631863527251147
-1.9133865684271238,-1.614903499944079,-2.278023846146384,-2.817297921874406,-2.6169006645013124,-2.3778975875147443,-1.473415771319491,-0.7334763398422219,-0.7651515037173791,-2.024604468722391,-2.033300180784508,-2.8380157513998574,-2.7104999779531367,-2.3949589767453814,-3.189142136292566,-3.5625914070758946,-2.5135170324097813,-2.794846341266549,-6.375769934233813,-1.2725891832912575,-6.853895319607052,-4.032512687055439,-3.2418544028710428,-1.1658462444427395,-1.1718688762625669,-1.9263850310932193,-0.5162558548260261,-1.6611487006882004,-2.139625882827926,-1.9116117539032083,-1.2171848092359432,-1.666475655187215,-1.5199915035683933,-1.8111017896414725
-2.6541522531930535,-2.739225008289135,-2.819241670335061,-3.642482212464348,-3.197263784419735,-2.2850015512918724,-1.7462238191829484,-1.740684931557029,-1.798395253664933,-2.068115926752626,-2.1134224363258993,-2.1347181804138127,-3.1200964703659952,-4.1792836049260735,-4.119857108563293,-4.971233999614288,-2.1470450891860717,-2.228606004132041,-2.4442848090569846,-3.530825298341859,-4.917350539904569,-3.5741631449080953,-1.0979152069098703,-1.9612986990389296,-1.3558502284185043,-1.6532738432858038,-1.7258099714350514,-1.4874415674058152,-1.30484065269952,-1.461103215558655,-1.63110309272445,-2.6412355237153666,-1.3979273594864294,-1.423824808350916
-3.5642507026671217,-3.5499697016702374,-3.139918585089776,-2.884821017907527,-2.3498082418580237,-1.9792248169766815,-1.9655610679664197,-2.2917548257367764,-2.635063641233787,-2.597386816617152,-1.7800123514002943,-1.966722192525149,-2.81205232333327,-5.1087208621134685,-2.387626409719048,-1.0146555423103565,0.9340579276845716,-2.4037158651190063,-5.102736455359732,-5.578794794017064,-1.9914201790991035,-3.050532592654632,-1.036618421254774,-1.0647851698152553,-1.4262860185160295,-1.4972064410551151,-1.3116006482314908,-1.236559467030224,-1.1095777548553631,-1.5639284047212731,-1.7326197847444926,-2.1642123204658548,-1.618405366085814,-1.5459729247108291
-3.5764867907674676,-3.199603941954441,-2.2113193450611384,-2.2184924254234413,-2.235924821990252,-2.129840562015942,-2.316588474806362,-2.5640731460253052,-1.7964887489017087,-0.0213139283855704,-2.0642050054483905,-0.3155798429025956,-2.412640254876409,-2.51023489950556,-3.374922957116701,-2.714824798339386,-1.5456738211371701,-3.9398414117866394,-4.12764534924576,-2.6957860024182674,-2.2712095937165895,-1.3800662756728064,-1.9879960121568863,-1.487869272550477,-1.277235479791419,-1.3727858738090613,-0.9142415189236213,-1.2035353018450496,-0.8671107620021714,-0.8220307587075252,-1.4204301434713205,-1.5861087520801957,-1.8844435137121343,-3.640984084126967
-3.236802386545902,-2.9475693291303355,-2.8584072812064827,-2.6427746589664736,-2.6619018048906873,-3.358572849885079,-3.194081874175672,-2.519184332149012,-2.7746864816375947,-3.3268569642379653,-1.9927859508944057,-1.2711323621925128,0.9623325025588735,-0.2035142394371448,-0.984686317209498,-0.5571775272059074,-1.035313783799033,-0.17771425496950766,-1.0953244208848039,-1.4520237685338988,-2.07065591200587,-1.1072329365338487,-1.7177832406935627,-1.8582957835823548,-1.317836003805375,-1.4341736084489238,-1.3688852564411504,-0.7197572765587161,-0.3576182290771421,0.03925883056179748,-0.9485784863422032,-1.1212620045179922,-1.7215419792810527,-4.71489123932399
-4.29933401747995,-4.068967696240772,-3.2774520187157363,-2.7301773591601486,-2.7794271763536904,-3.2929797860505614,-3.196805869757892,-3.4934709099483654,-2.372257604906174,0.2557555463924587,-1.7256959492077142,-0.42007359797329435,-1.6487162328827685,-3.5344759857560795,-1.9515647472524575,-2.703079295172981,-3.310888742720764,-1.2746088723885884,-1.925037995202777,-2.6280564017257526,-1.4831803631579945,-0.1579623134597192,-0.24474693727748825,-1.3298116534193862,-1.1218589008377198,-1.4453710916154836,-0.7863795191114851,-0.8335560872411766,0.27761928522219487,-0.23535877890301576,-1.0934677953265972,-2.7144140773324206,-5.173002774771966,-4.417108260098226
-4.079826063260931,-3.6156741138635353,-3.456123642176158,-3.830882521186085,-4.036619684475588,-3.6417709462231325,-4.387194636568947,-1.3614307305662643,-3.097030732330818,-0.4003570280606871,-1.0893886155828862,0.5758909535199013,-2.1951877072761175,1.601088412962637,-2.1847562771413593,-1.3283007509377616,-0.719560153039644,-2.8682459033691448,-2.5410941883442164,-1.1032211505346736,-0.6692902576431174,-0.9100360480079553,-0.9780472230384406,-0.4839278064242167,-0.8911073853259891,-1.3268311842353642,-1.1213941131927754,-1.307154260897409,-1.2215707643568425,-1.1245207358808655,-0.3394639221393915,-4.041506702118401,-4.535450994900171,-4.192267712991947
-4.668785756238512,-4.377555669061784,-3.6921041478928207,-3.639896609355994,-4.138919077514201,-3.3623281602611486,-2.6533852881776663,-0.7410116558203883,0.01666139977296072,1.8953044388506226,-0.7125420657872528,-2.8741473867712943,-0.3698642187536076,7.2847353365909555,1.6116713915496275,-2.841054761598268,-0.10104097107355127,-1.2693737639586224,-2.823724964627744,-1.053496527831838,-0.8145116663999826,-1.1928854484626008,0.3731107397404951,-1.0596616705204094,-0.8963395551114641,-0.8478825508154794,-1.2499583024297325,-1.6731335846810376,0.25037696256507697,-1.5407013953839426,-1.7700033505330783,-3.9798499677177466,-3.678310301841217,-3.7825767773675802
-5.103437211459354,-4.25541820048076,-3.4491357434765626,-2.607885630772543,-3.5047919229181255,-1.0442664365202046,-2.2819737513186853,-3.3917934262289076,0.3170479249348437,-7.46434741090784,-1.8405761834587444,-3.0509110806781354,-2.7486932895567207,1.7120296066139207,-0.6742067352102076,-0.8727722033649461,-1.167776189584096,-1.4539126990873192,-1.9766523109280625,-1.3939797207686957,-0.3016213652559097,-0.5045465857021558,-0.2218467501856575,-0.15535905346823448,0.10215078765732377,-1.2526953909039396,-1.0649323126097407,-0.9260378692342411,0.24285403742849362,0.22121937848393305,-1.7854711191598387,-2.4474452281403694,-3.6519096028024567,-3.605165516638864
-4.830777605293736,-4.4980634923751115,-3.9164948635951786,-2.890688706674966,-2.317249770712383,-0.7203031849669739,2.4528923008495163,-0.08029681803014413,-3.436734104559924,-4.146899237997197,-4.337790169163445,-4.839590960201357,-0.28872526911998075,-0.200569173504505,-1.9235293937172093,0.021667852918558318,-1.5537850364923569,-1.0546726237324382,-2.015338080911433,-0.8780490855529397,-0.4906688053079209,-0.8953414711472133,-0.9185528762122828,-0.5249864250590155,-0.6060059855036265,-1.3966506577498266,-1.4814087880856204,-1.3966107813914455,-0.35894755436685183,-0.8179382932249818,-2.316487633358168,-2.44206131654479,-3.267578274892852,-4.694949028148027
-4.734654714254057,-4.682236818317356,-4.62502858806728,-4.033077379004676,-1.4699818561646867,-2.3608453965703347,-2.42889368805295,-0.9052318961051588,-7.120413684531318,-3.7365094570392534,-1.8869908531684243,2.877506234906035,-0.8445259140703795,-0.8526417515169266,0.1437181877065623,-0.8191783039315248,-0.7107129503405321,-1.34608794534255,-0.5424423365887509,-0.9431561035815095,-1.1444174086717929,-1.2462046419451744,-0.6574816785155435,-0.8186429834225263,-0.9838068439767603,-0.7942560624860668,-0.40413276337837206,0.189058189831953,-0.08795922097236833,-2.921504753622786,-3.2499599201857214,-3.0182008171264068,-4.272919935699919,-5.284826428641405
-5.009896625763175,-4.967532901916766,-5.187167050400015,-5.1211059892826825,-3.5640424295157853,-4.320978504533789,-0.6671724412839096,-5.636928926573197,-2.6021176842347473,-1.6191024741393774,-0.009115285747523946,-0.24298827895008826,-0.16511757706861221,0.42199443045637,-0.5146800719133932,-0.21741101404367963,0.2964111792740648,-0.9577912188988512,-0.4628190906300316,-0.6940900054777472,-0.22779180925929138,-1.2797165593750337,-1.182680428135967,-0.8795998561017935,-1.1598821225996083,-1.7540193041646506,-0.8509774865766061,-1.0566772109717266,0.27295970899659544,-3.569195776340303,-3.378327110289889,-4.066768609017816,-4.702437150161028,-5.1512004781315115
-5.692875257476162,-5.213987844726169,-4.976197926861837,-6.077490808203386,-2.6797363140142205,-2.289319095040559,-5.649675394811362,2.2834183587594685,-0.031325434332363566,-2.3027464727855076,-4.16264394547192,-2.900242718031329,-1.2541531685991556,-1.318078479672867,-0.9457829463627075,-0.7188664903808463,-1.0955575745696975,-1.0448942529462082,-1.0870133689781478,-0.4240796125390553,-0.5349001725891076,-1.4619312075319248,0.3026668572964301,0.20628171065726864,-0.23406231233218658,-0.6762632924991194,-1.4658391539401567,0.39707595584634103,0.06606790601083205,-3.6511558445176173,-3.124555869643568,-4.132101474614383,-5.137041698904684,-5.55032751744652
-6.210347895422883,-5.98120333114838,-5.577532905569155,-4.738912521909134,-3.385700691080415,-3.3912872928220987,-6.817656725160542,-2.579441652242013,2.5349198236866246,-4.404558273925968,-4.223380381959205,0.1492487119321405,-0.11957792890113228,-0.43983842515516425,-0.32432779474527196,-0.5771961254308042,-0.850918967460656,-0.03920928101855888,-1.0995277153170755,-0.37891394183600147,-0.8375848931641754,-1.0691856760485507,-1.342784569377291,0.036912586054112566,-1.1469970640103013,-0.6946189307991154,-1.1264825771252835,-0.7827345429131927,0.4756199464973907,-1.3424905676295087,-3.156796186766998,-4.849025733772364,-5.558988195032712,-5.676756459541792
-6.6945688906766545,-6.106277354019771,-5.4430148818723145,-6.406784001388033,-2.1388787147534667,0.34852158592734805,-4.092100301507987,-0.04948442708562803,-5.563441421179867,-3.368389399311271,-1.6427233096616172,-2.1465066676245264,0.03356023033214114,-0.9360574460142991,-0.7876499089244365,-0.9268340676755219,-3.292397099541965,-0.6744466130231677,-0.9883169335121749,-1.1429535279614593,-1.3118077486396789,0.2686655186296004,-1.168839707479009,-0.8353801444927894,-1.138044210923862,-1.062324532959898,-1.2775791165369095,0.5460414681090499,0.4800003265675785,-0.6049363856095237,-2.943046542714626,-4.6597060726317965,-5.490903027836043,-6.201460027532446
-7.882185692264613,-6.52581621028078,-6.264908092553903,-6.176218706873462,-3.693318519328491,-1.1636113120672242,-3.6401787078645187,-2.2465848046178682,-8.777799581830896,-3.0795843885218783,-2.8425340998118256,-1.4604499754187752,-1.557251964583887,0.29350676576343926,0.1843896069037412,-0.921788237625103,-0.7556519646341688,-0.962017769707144,0.43677263570368624,-0.844400112916414,-0.9250142351798838,-1.1771187212502292,-1.138994432119371,-1.4280788435999026,-0.9199275222841644,-0.9045675763907689,-1.0243470585828502,0.04671754783200392,-0.2646386035759116,0.186495267779741,-0.7511252550261351,-3.2892753703913513,-4.217779216179234,-4.543953762999419
-8.223570906106868,-7.628156110944817,-7.437338758465791,-6.97589232026474,-1.7209196441505832,-2.3979427941905485,2.740296028541261,-3.3615104204831074,-6.836670504803447,-4.320808367595222,-2.9710048851725723,-3.5316357834990497,-0.140343821318411,-1.6084205089849057,-1.0261599122649439,-2.215174311182911,-1.1387876618532145,-1.5557007363974495,-0.042968326499428396,-1.0483022557830315,-0.472099487055764,-1.2465789660464668,-1.3094632536711333,-0.6402584669985485,-0.6898249166643544,-0.7841605935671266,-0.8997880214286632,-0.7507083548249444,-0.42288469057943145,-0.17740314262411788,-0.6043807716163259,-0.7712731655974318,-3.2601302961692356,-1.870063191585477
-9.006425781042106,-8.321159030040162,-8.21374630768427,-6.708382328428616,-4.4724082499864455,-3.0482575208682636,-3.9374926910913115,1.3729193534323085,-10.44010064610157,-2.8572443392945637,-3.103628006447178,-2.8850584721396437,-1.657870516134072,-0.03475675794537197,0.04427120028156146,-1.42343857472727,-1.1599442510821922,-1.1300031619431652,-1.2568276228376418,-1.299763071121777,-0.8188990696939308,-0.9884176929351154,-1.2889105116848847,-0.896037586349507,-0.0639208701280523,-0.435422458561172,-0.5677494520503884,-0.4878124165751672,-0.5549563326892312,0.1080185009136523,-0.11111427616368037,-0.5366877494103081,-2.43966557296053,-3.628291420619071
-10.399341415344395,-8.950289276566203,-8.400945655674237,-8.614080354293323,-7.100478355132005,-4.353066592669771,-5.719570635923098,-6.3427848432861245,-5.709212724198309,-1.867913590200752,-0.4805419175675472,-2.600118647599669,0.6694945572527995,0.08732834425996364,-1.7043354584515373,0.1729307387271112,-1.9778460586285487,-1.5658294297772357,-1.3254871019450134,-1.3900728676069416,-1.4721632145998866,-1.5544469440561028,-1.6214726905988865,-1.1558944191907117,-0.563650125282268,-0.7930097488776066,-0.6340167877808712,-0.8111941523621878,-0.9433226791074417,-0.14894602311607627,-0.27849088700344193,-0.12206183692743383,-0.5953002687273169,-3.5893349859542356
-11.489241032252606,-10.28334899054218,-9.220324116279812,-7.97165511790699,-7.66037697674341,-3.095723734187577,-5.581230523961862,-4.231848800011829,-6.023235912774232,-9.84461371923265,0.03499435079811145,-2.4908168257294023,-0.15263331428253937,-1.2974028157040423,-1.3188031765863695,-4.165802090341766,-1.7343959039785541,-1.9250954177270851,-1.650902854738788,-1.9027522984935084,-1.490294689384332,-1.6645582123852463,-1.7541309628739292,-1.7147328950664815,-0.6661359219972226,-1.0538074507375108,-1.2204750255155126,-1.1612164095112756,-0.3904957569121338,-0.7393701499808566,-0.7048736343499069,0.2730873818898635,0.06096266388652901,-2.2571621192123925
-11.16051577835765,-11.264457447931083,-10.721996924730457,-10.02494769931024,-7.235898894095532,-5.666823024739167,-2.8145730562832427,-11.26828490460648,-8.523382475318055,-3.2125492767382897,0.09782502665038417,1.2571843769923599,-0.10871429557503051,-0.5407855655783701,-1.5080397542884902,-4.971846505088691,-1.6999598285519513,-2.0765219008255693,-1.8024042481285618,-1.7334935144450647,-1.218529363801891,-3.9995909280897166,-2.9469994877156056,-1.3009787771594736,-0.9357778154807457,-1.180222589870482,-1.511551240042917,-0.18291125782681386,0.2649612789307775,0.03179693381237941,0.10419053692223143,0.6055219211799674,1.5576426763563034,3.206727819498856
