script/wind150m.json
{"header": {"parameterCategory": 2, "parameterNumber": 2, "lo1": 3.000054539987559, "la1": 64.9999836372058, "dx": 0.5, "dy": 0.25, "nx": 34, "ny": 52, "refTime": "2026-04-11T15:00:00.000Z"}, "data":
[rows 0 to 23 of 52, columns 0 to 33 of 34]
-10.13521585485573,-10.891854480304332,-9.54761766294459,-9.000736594986938,-8.487450815010359,-7.7186107310041825,-7.5527629730595285,-7.451207796810877,-7.125607088507497,-7.738766715859597,-7.431793370954193,-7.599218042620597,-6.790688960528333,-6.961278400002665,-6.49098504804772,-4.954076315002788,-4.030910497624353,-4.3640087465204385,-6.711674760863402,-8.830603815103276,-6.187773451699461,-4.3699409436149,-7.452577703464752,-5.196057948921834,-4.71032759230104,-2.8377044599503405,-1.7606331236684036,-0.9205917366096866,-0.9285420788235389,-0.6959259079104522,-1.0419769767630547,-1.1176195456368723,-0.2502757544250534,0.38417474059969936
-10.433051234819015,-10.325749716679221,-9.195546528708123,-8.944397656692615,-8.11180282545594,-8.073070700668046,-7.843001497941016,-8.325199240913218,-7.798118052912574,-8.113939255871827,-7.438653393029228,-7.30002572965135,-6.750850781790832,-5.530602610843019,-7.182005361162731,-5.731050643808023,-5.288827396715416,-5.031155918931647,-7.109144544904633,-7.655798405279116,-7.464879166566293,-5.287732019210695,-3.215213977614262,-6.927554441900574,-4.303754945279599,-2.945011149594008,-2.103187728113228,-2.1407160135418866,-1.4207234479474102,-0.22394211454894022,-0.7522350032766639,-0.8611450597379168,-0.5341750921366756,-0.13695496139266675
-10.412829018376584,-10.465345387885542,-9.197881300041844,-8.532211112149453,-9.748749749316694,-8.852240449535504,-9.174931492854533,-9.009687075854925,-6.74453996575466,-6.5331153531170925,-8.777369600251701,-7.552987136362185,-8.442555309964089,-6.7872458402340134,-6.402910246533149,-5.866601145198805,-5.716666715128744,-4.779284932647237,-4.009285922373899,-6.102412933832142,-7.7613322528767625,-4.620480023291568,-5.3559643552855905,-5.189008792309542,-2.8718333533407425,-3.5977383618622474,-2.6885958829826575,-1.4882424266969942,-1.560948086898147,-0.37906235409065875,-0.8218019537127653,-0.9132002863997019,-1.5806802006195824,-1.1146497604336894
-10.440747385886157,-10.112348081873318,-9.181220088216056,-9.415990011029528,-9.512684091045521,-9.75849011907107,-10.970251654956924,-9.66120585959732,-7.191151915169875,-8.576622207794522,-8.823323183556003,-8.779718193472396,-7.08382349117413,-7.380356173782376,-6.464297614741864,-7.900574689349882,-6.023534897406816,-4.202224781644617,-6.898375043407869,-5.019942211550986,-9.9953820773646,-4.8032907290568,-5.741893921239155,-4.087128451435375,-3.6719613308510306,-3.3825250691626336,-3.1510886754925855,-2.0787478323626396,-2.165717007782284,-1.0544578788964192,-2.095145748624112,-1.149239141863323,-1.1400409932083524,-1.33221298944161
-11.102341241052246,-10.378612031174193,-9.613927801269561,-8.625873846819301,-8.46678605621843,-9.052952503085614,-9.072830039437406,-7.6830347561208665,-7.458186500355836,-7.020699187675663,-7.74186422175902,-9.141809317556355,-7.829313997169143,-6.853145009698621,-6.859076199694056,-6.420617828256189,-6.611893747480598,-3.2623074800560943,-4.62149861255765,-6.974707853367192,-8.92931330092204,-6.9142198618723025,-3.9825224201394693,-3.101452466274567,-3.2655912128507945,-2.656455425296328,-3.11496090023916,-2.4275157059156123,-2.423880619287241,-2.416064900368841,-2.1890150717018337,-2.0004143985885015,-2.2763607610101366,-1.554695330493808
-11.586926752498922,-10.628191830096887,-10.140554136979949,-9.646834937911974,-8.743585456518893,-8.435692266846988,-8.61032216010902,-8.456002207831068,-6.685837920390013,-5.984873291939114,-4.601575739389086,-6.607474994075284,-7.506097086024146,-7.9503027186376505,-6.4526255848972855,-4.994422366326672,-2.7239299569143993,-4.724928414809646,-7.04040821424385,-6.653160954010909,-5.192798756024294,-7.079076378369953,-4.122368935600154,-3.8754677439612943,-3.1495686758273056,-2.200681603800564,-1.690733146653831,-3.9165997525491822,-1.4118070032768004,-3.121012773084685,-2.347124500476906,-2.159658772231739,-2.0125497093123497,-1.6034762669041425
-13.402646786362695,-13.215562585655313,-12.391465165831375,-10.895968416557189,-9.2287203186732,-8.590301047873448,-7.965275220707178,-8.279644806836306,-7.305356445194574,-7.7473373149528735,-5.105019629520405,-4.251016124206819,-6.124122088626592,-6.613165563950616,-4.699200567730949,-4.222628893584701,-4.806485928033844,-6.213958904773025,-7.596949968384852,-5.064827141508506,-5.118574402379743,-4.74963558124185,-5.26037024298908,-2.5499716512222816,-2.889764655264474,-3.6607818657055167,-2.1753384632178223,-3.6420431828079494,-2.477243433167203,-4.088257993286608,-4.101399994553091,-2.898249661736973,-2.183576670640605,-1.348566007848079
-14.057056504601839,-14.312495689627625,-13.739305789502154,-12.222030359202842,-9.50386126092369,-8.82544452238065,-8.409632594429578,-8.112493901892316,-9.428469661398175,-8.10923605169925,-2.160351542536929,-2.3675589728357576,-3.83251517736468,-6.085466153568394,-3.212795661472319,-3.641952674718846,-3.942070624611665,-3.3718878804310135,-4.616719938153709,-4.241903529453079,-5.5355252662964425,-4.8147720692175335,-5.3763136479194,-5.221119855930382,-2.581250045753246,-3.7890782392963147,-3.7133593461492005,-4.11064707761563,-4.759161805802482,-3.0530655997719145,-3.431346931573396,-2.3340856978471374,-2.007838036756955,1.2356596387580796
-14.086701351179183,-14.110138035980535,-13.870661232267587,-12.824630358534312,-10.28311887195957,-9.53969945617353,-8.924354617657329,-8.473010469620377,-6.141506574614935,-6.176729561365271,-5.216714182700915,-4.196866440512383,-1.4206845737475648,-4.553078280522655,-5.654807583513587,-5.37518132754675,-5.1672105085221105,-5.416698854149277,-5.3373656124804025,-4.784132137692337,-6.755237428338,-3.386835380649333,-2.8859842082413505,-2.9732736732615748,-3.309145258016326,-3.349470136930024,-3.3155447969803085,-3.2693774783815015,-4.383707391694241,-4.254823182869934,-4.642305923107765,-1.7211447008442242,-0.4183226183110744,1.581365721584088
-12.444452304513238,-13.284050719411315,-13.173014020759869,-12.78135825840254,-10.519220641543386,-8.946612971325306,-8.249951110150683,-6.023592875585689,-6.892024446988828,-1.451377019362839,-5.853557254458969,0.40378768389755176,-2.1391033681910394,0.9206575767216006,-3.9921867906539035,-4.3315739351559746,-3.92139071015335,-5.427399083921852,-5.633856131689313,-3.7121437193680107,-3.4816378500908423,-3.860527573108789,-2.2236488823755316,-3.8870556987456877,-1.995366505607385,-4.763317146330133,-3.5738083994460976,-3.7263796286678104,-3.6964396963587065,-3.5973455154885943,-3.7360249656661098,-1.381444827612742,-0.23927474521735592,1.9152346138662204
-8.604856585648694,-9.40101167574,-10.865567683530424,-11.411020635889518,-10.330027914159729,-8.308581908542052,-4.26855693939823,-3.7625564550186916,-2.544504879762208,-3.5752902662609856,-6.90574980864758,-8.22100546095423,-5.564088015260256,-3.0755611722437792,-1.767450956807375,-4.142516977006148,-2.340201909070116,-4.596727920848641,-6.082096607003164,-3.7754050808160597,-1.618707692502407,-3.2678086938296884,-3.3396435645230125,-3.5857268486459044,-3.815933937125894,-3.3290034423328687,-5.402149757631045,-4.692653905005402,-3.7157262363617334,-4.608534145612413,-1.9279482118159028,0.04607056906115187,0.7623101518727691,0.5841453114810315
-7.961649047186121,-5.859237302517896,-7.61615131373895,-6.87034603945415,-5.738328698106352,-2.4520696883917825,1.0757335844438245,-2.556578787746515,-0.8009461269862844,-10.405062958911685,-7.54926308191976,-9.24519642662679,-7.830469916475129,-1.4865878872567642,-3.9180606007317706,-3.1772521432583636,-3.734845674450806,-3.890488378323418,-3.4397043292394103,-5.05944186769646,-4.0542932376277365,-3.422315925020743,-2.8416195593785223,-3.3126739919839787,-3.740711092263534,-3.2574724046035337,-3.7974700143569486,-4.168737080571456,-3.5814142471602097,-2.0967338070308466,1.5931149366642594,0.5078964518155694,0.4729197186164261,-0.5033380764927649
-7.207537226617867,-6.423122024705565,-6.299532866497252,-5.466342749799569,-6.093758069866818,-2.3070096100029494,-1.261638836240244,-2.404478179852802,-7.990892095897002,-4.6204783035300645,-6.374355919133394,-12.529256031316308,-3.0190502518207643,-2.769265759869397,-3.41787618908297,-3.2833998513154836,-3.7000733936390326,-3.531298307671845,-4.331456373856363,-4.169508523132797,-3.8897848732568767,-1.7056489067064797,-2.3959114885819965,-4.660329207991065,-2.9278231791736338,-5.102809325372575,-4.1739885160240275,-4.5359059878334955,-2.801496406854386,-1.0260398960080406,-1.209305083714765,-3.8960742631007,-3.106977500461145,-3.0101292583481083
-5.7638467829829185,-7.832321156190298,-7.319891629551758,-9.21359729203079,-6.50925631739253,-7.42405306291987,-4.102175255203713,-1.0127170076531034,-16.794111648629467,-7.8816792148030785,-6.843628807981056,-3.0615069660325975,-4.168496253512651,-4.480648223141746,-2.038331780755693,-3.5461092845595465,-2.9628902985270704,-3.8199958680979,-4.050263206469857,-4.384275170353373,-5.009309605177009,-3.1086640086505475,-2.7515715239156897,-4.099050312947968,-3.6056905716692547,-4.425957929068159,-4.369344364871381,-3.9322486136510766,-3.74318301239415,-1.3379560867592375,-4.389448662192806,-4.288789650483551,-3.180519670448704,-2.978283336328352
-6.984346184751197,-7.301168518843549,-8.165501602753503,-10.663476622947105,-7.9071177770901535,-8.070991413661808,-4.637509096127352,-13.636804261694166,-10.4616984253638,-7.887618466081449,-6.567976387105869,-5.793235362585412,-2.9696560700629138,-3.734157668378976,-3.1906558879549425,-4.0199272530861165,-2.791107151371765,-4.276294329568054,-3.2160314775235186,-3.541319465528137,-4.5519071123661625,-4.564905526144402,-1.5940708983388194,-3.517125596711524,-4.718544873739198,-3.87216027845369,-3.8089827127232003,-3.7927731484272944,-2.7702962826869,-4.003730600357235,-4.524859000997362,-4.0009708054024,-3.662111376795536,-2.268453150348036
-7.467568791115165,-5.855061392313268,-8.7067949880783,-7.132388880966932,-11.038233391779887,-10.481912454639556,-7.802741077334292,-6.111824762622197,-8.475046417299863,-6.242118389088778,-10.740123816723536,-8.963898338828267,-3.836473228509804,-4.74843910534335,-4.729244317368935,-4.727021623879492,-3.9883008404802944,-4.109076202533473,-3.9731836550660113,-4.424383859195942,-3.669956327871501,-3.595710767337708,-3.4862760226520457,-2.0921753360207966,-2.5775749985734184,-4.352886991223646,-4.57651494440297,-5.520941035911342,-3.2951020218920535,-4.403082620430382,-3.583349536777852,-3.8536244798151955,-3.8500325324590734,-2.5031457420188503
-8.988650014394326,-6.611903176935641,-8.46479022888466,-6.83686677650954,-6.609558232761351,-13.296011125653882,-10.77291552160483,-8.95854860190298,-11.479940144652211,-13.12434905430337,-11.940918856476971,-5.746968392351902,-4.35540408054974,-3.8599525876920056,-3.926879821848429,-5.8954882391807395,-3.79097426311935,-3.253254565123564,-3.9779918032067942,-1.9551303244314855,-4.733511832987063,-4.30706750371573,-3.8428047330030606,-2.817247351651296,-3.2506822224517347,-3.7638454285120764,-4.4527396879885135,-4.571567606712701,-3.8069675926580553,-3.9817458285996032,-4.514999665497145,-3.5427671337756053,-3.058542276525043,-3.471541353643295
-11.257812374144507,-7.375877123596762,-8.363611585982381,-9.769509269469372,-5.188640028530931,-8.516903416449356,-11.145920058827922,-8.704034979730794,-15.346303908124847,-11.905052553781205,-7.666755794441558,-6.047663631075352,-3.373491460660499,-4.449690401411663,-4.372084863143341,-5.052428033252328,-1.7478197415184153,-4.264672596876913,-4.405024067400579,-3.165367996705466,-4.53631324527894,-4.655951327651204,-2.68619218401055,-4.028550265627456,-2.71892682534866,-3.479820188579209,-4.417523083233061,-3.60300368261919,-4.577402695337076,-6.764088526466482,-4.7340356600312425,-2.797744115800883,-1.5176076462799333,-3.131014124862218
-12.973355132590882,-11.11261197129367,-6.987555279899011,-10.86638549540904,-8.486273931677221,-5.276158539077995,-10.193395614039405,-11.804809116970025,-18.42638174240669,-8.881737928833052,-6.757012126656911,-5.558194957194275,-5.313160346577623,-4.483789597177473,-2.0814422117588873,-3.0390347988033066,-4.0758432956673225,-3.510123692497898,-4.465885696638152,-3.1887782690398194,-3.491717096283636,-4.414382101666633,-4.692013392195449,-2.4836452935276103,-3.3819995973675465,-3.4214160728601337,-4.202780973311834,-4.1623060070152125,-4.382725660410171,-5.188607088891314,-6.060257582638193,-4.666158633324826,-2.2723896415149105,0.866463996824237
-14.929494450914033,-12.083740021263848,-9.615913601992125,-9.948948188762103,-7.877008225093639,-8.24483696856296,-9.176984411000664,-8.787243275025274,-15.219322940495193,-9.258949238017317,-9.512511110270971,-8.231855002335172,-4.485044240023705,-5.14496225699264,-3.654628508843004,-5.993258555632558,-4.6092969277389,-4.818019320691704,-4.20052093548063,-4.077537565175043,-0.3417349860028046,-4.793488821449092,-3.8156433087862203,-2.958434062481625,-2.6287227295906583,-3.66298073798861,-2.9383372298946853,-3.128015913961616,-2.4197214460658785,-2.154062148143484,-4.61905696271035,-4.195939165631117,-3.8112424646557104,-1.3822813627007777
-14.820394497489056,-14.175224273341875,-12.115585379235268,-10.654137450794833,-9.860501972181666,-8.850883189191475,-24.468449333721797,-4.013072979778194,-21.0033012976577,-9.894179494316147,-8.842282547314856,-7.159306180582836,-6.254140879826546,-3.229366933980745,-2.1931447698773674,-4.524954680763525,-3.812541591383356,-5.828802845369759,-5.364834516246802,-4.056443655529271,-2.2041364996183486,-4.23842804175531,-3.9440058033479986,-3.367043084766793,-2.559656819750159,-3.15877740017361,-3.3876731775255573,-2.4135825239698803,-2.0560692249186823,-0.7471258799461021,-3.316394623007909,-1.9580596237300636,-3.316912460956199,-3.8736528529544922
-15.532302819288791,-14.610924844752327,-12.843092263840505,-13.466490988211055,-11.315385665660171,-10.695679401142566,-11.21875227114636,-18.046143485417172,-16.80195532844997,-10.181829639232634,-5.593907535811925,-7.587334567372915,-3.227151001849253,-4.2693046302154185,-3.7666420589664242,-3.5686575556278526,-5.464713632812511,-5.342456596891975,-6.590723625711241,-5.064480277154965,-3.633360348639529,-2.2695957259742117,-5.081833711132049,-2.929306313705452,-2.2392982272604267,-2.671396806286096,-1.9319717278822781,-2.1171784910541827,-1.9500071879189915,-0.7248379396840933,-2.138638775602662,-3.29233161475308,-3.0205293679550684,-3.8965870146751613
-15.855492240076048,-16.11554754955979,-15.492586264567871,-10.949635466862931,-12.945189848313577,-11.04437333501652,-12.438429223716826,-15.6897976378293,-13.886100056158398,-16.6024092563154,-6.102239160814216,-9.60529427043341,-2.5801022881859716,-4.713796362923384,-4.058395506487912,-3.350722024506504,-5.385504880349102,-6.0962507425938535,-5.235904969136873,-6.199306410883503,-3.683005596530185,-2.1494453712591604,-4.15947451760674,-3.3040678123833103,-2.937482710447195,-2.221594641427806,-2.4038153687272845,-4.090139417268307,-3.915216085640262,-0.38060049877776114,-5.467341869956221,-4.021552816646074,-3.6511724868603377,-4.263955944600582
-16.03156140054773,-16.96146610447824,-17.115380720817235,-14.726648310679458,-12.268479551125845,-12.696118468841673,-11.347288515487499,-24.778944013619864,-16.7735763549027,-10.434009787480438,-4.651053670023881,-5.054689293917346,-5.273246440507104,-4.335728595839768,-2.8644086126161175,-4.807773067965433,-4.978913079875112,-5.870076315899243,-5.639346331854038,-6.315109527865471,-4.369210429220769,-2.895523420808383,-2.891180707624559,-3.027396229161974,-3.3764042071514075,-3.5361033244065982,-2.180491756351806,-2.183342243062879,-2.1409913626865715,-2.392398588409993,-3.704902837356055,-4.0001549106180665,-4.356703463056225,-5.01644058808788
