script/wind100m.json
{"header": {"parameterCategory": 2, "parameterNumber": 3, "lo1": 6.000198445256149, "la1": 58.999992894266676, "dx": 0.5, "dy": 0.25, "nx": 22, "ny": 24, "refTime": "2024-04-30T12:00:00.000Z"}, "data":
[rows 0 to 23 of 24, columns 0 to 21 of 22]
4.273856406774956,-0.010543398146169206,0.7208539678936915,1.837593501872921,-2.5243361534811504,1.312974212875983,2.565095636182962,-0.9813076064535327,0.6328906017196811,0.5707432989915993,1.504161943748947,-5.021265152402327,0.4291568281250556,-3.1163222218907958,2.265919102814156,-0.9817382628060497,-1.9827596616001324,-3.5043684874054546,-0.06805135818336151,2.7044225961713915,-3.052772383453671,-3.954514768368757
8.32046247568444,4.0742478896937175,-2.3150126872068038,-3.518507546696382,-0.8372290465464666,2.1900193609136953,-6.190426708299835,0.13185715021051592,7.450844354071433,1.7598082426551704,-0.15153520522335034,3.8713152945247535,-5.179801924280688,0.9338200425224399,4.053774052882097,5.6559838866151955,-2.1861690773917264,4.9290482612017,6.887625594501974,2.639721340802753,6.170957343292815,0.3144043524514636
3.052518016497946,1.5593825873924871,8.344187320459259,-0.6620119526394423,2.3807905360267294,6.943305608997362,3.0171719917500495,0.6618420067344989,3.8788007333218535,-0.7347772555920504,1.2930851222902804,-4.98838352829679,-1.9526260328973106,0.3164057394886498,2.439575967434273,0.18700442033679182,-2.986080935288724,1.3011775044600207,-1.0570562894043454,-5.157895921083229,1.9526354157102128,-6.53953365689522
6.168209986608827,6.1296908994898835,1.1227989503411073,4.6447479797994,-0.12420862171062519,-0.2824842345638499,1.9055250123215357,0.6802732514501166,3.0615349422849394,5.052004700572629,8.794031879635982,0.12344532033313348,5.701638658001986,2.8770190263137745,-1.85026365935117,-0.35912956571895943,-0.8408611819578325,0.7360124889728074,2.1269950385084475,-2.400800359685388,5.765514099920654,2.269177484992779
1.3891389484347147,3.8145144901532757,-0.6954929927533151,0.7088698308488625,7.239033661102885,0.9364964932246009,-4.272118151589475,0.11791203662624661,-2.4680270280441845,-4.127891891039076,-2.6815603790198934,-4.678761433785254,4.886025827808298,4.301905670245971,-3.565681521935263,8.36281451527819,0.17119333239391035,2.552311491694474,-2.899782916527185,1.0044950239739034,5.66244469806859,1.325928644560316
0.38426633878241234,0.6644398945002182,8.427526546434898,2.984528469486734,0.5212146751107176,-0.016200675306512487,3.6753487805472975,-0.8642964259122947,-0.3607163582450288,3.268865651300667,3.546001893807961,1.6339064416034614,2.4340490319072794,0.5929032027456642,-4.737438938701274,3.919480204082888,-4.4487175854073016,-5.637781309448811,7.094042005416747,2.817083561241643,-0.35857538691361407,2.394169863910131
1.0952314464245783,1.2180815370653222,1.6353566426293709,4.681838668023024,-1.2325544936878323,1.9242483380095865,1.6848838835528341,-5.243451445858009,-0.780438278443232,3.8012168836429128,3.264937897787359,1.0405784240637233,5.025808041736717,-4.763278608140647,-3.3047785524250357,1.8096744627081924,2.080145796326261,-3.3588943000700295,6.807712379160153,-4.502831004533259,4.685028567005404,-3.4955557208109362
3.493145885155476,0.3917548637542707,-0.49372921336746195,2.8889991841635467,0.44202958092937755,1.5106232813433587,5.167512015941343,3.3402894472533635,0.37284918062923483,0.036517452729690196,1.7608150000442586,2.13238091898156,1.2390901226668276,-4.045683115794009,-4.691299127798541,0.03536770187288149,2.599638673809708,1.1055069192811435,7.532002448214466,-2.271590708255577,7.824277143442402,4.300902375600472
8.838415665054969,-1.6157091857405803,-6.018048872217828,5.7753144374786505,-0.7268833712358639,0.10549614487500113,4.094183870755129,0.11791770022466722,-0.6702588016499275,2.4515572758105426,4.540057850402829,-1.3094272973695953,2.305923116582811,2.139022592136717,-3.885832249491109,0.0779728880640325,3.18841489575144,1.5485595375966692,-4.857497285274743,2.9998994070727156,-0.4007655945972154,-1.7214715037049273
3.2962093442035116,3.802874305725448,9.222292546150204,-0.6855032985581736,5.345709486729441,-2.010630132835707,-0.22809574636537003,-4.362952237508547,8.45966045309086,3.1826416278969303,-1.6165884361457545,5.748782465941063,1.6142184066655985,0.8012092965895337,6.3226430794082535,7.21152814960261,4.176037380188274,2.530700669378507,0.5311437816502635,-5.825289886558995,4.260824955928409,-0.39762729142444614
8.226091904885537,2.0815381924918466,1.7572270205819713,-4.766863290207849,-0.8044319942974739,7.601232433141894,4.304061266257371,7.385627724144744,-3.771554251233965,4.502874298922538,-0.38353069828021646,2.3172949804642653,2.9990752771184916,3.3083944450766545,-0.36870083119527886,2.9552485515494644,7.334165931883247,2.5773356986453835,3.066181910072341,5.173500989122893,-5.646770783124658,-0.9833598507907114
0.047003262260126404,1.2142923746633647,0.5405658331399907,-4.804872060358918,4.843529547498399,1.157834482370364,0.8258912181115244,1.9796850172437175,4.231396235375728,-4.638488338673673,2.763447042247793,-0.7143202489861445,-0.24397913706450722,4.623261585755301,0.4463355070674554,0.19706698031587586,-0.5101136686359743,3.165924916038755,-0.7024080699646726,0.6222654530801844,1.721426530541218,0.7692259263053244
-2.4844661114810327,8.385524201306684,-2.738689818525511,-2.6805124398270737,-3.528421300166968,-4.492490492662265,-2.0483899225594233,0.844341528833046,-5.381159245235201,2.7046391048557954,-3.070452843500932,5.6367068329679535,1.9062214928109849,0.7142399115436858,0.27102701093799264,0.9255391676836154,-4.609974794534642,-2.0968184438394157,-0.5007848196984767,-3.6589312516507877,7.559374524291861,-5.238089644948239
1.435551393964679,-5.127194296183087,-3.9048763128132338,1.2904807492903956,1.6050509990473554,-0.981168839284586,-2.0830230206877314,1.2949599770771956,-0.5304337468292902,-2.798364081595218,0.21226318287986665,1.0630498893950593,1.4368076026079977,-0.9552626661327596,1.8241304766606048,7.1118645636506646,-3.7714075170119408,-1.095235956017356,-0.21729146122146695,0.26689318974598003,-0.39867129009088165,-0.9783958412944241
1.2597088708701036,-0.47704360817624214,-0.6124473211666164,3.814276921372949,1.9365012907936392,4.9567503032697715,4.808419671681068,-0.32340574720910475,5.089688787993688,2.8305667126924376,3.202809175063964,-3.334408273603544,-0.48646976061313424,-3.15589458258268,1.7458176205559788,2.4595284732009546,-3.3897939107009463,3.69803372268804,2.974453570089126,0.5437748925668806,1.4499106768128363,5.467735422076357
3.006554853540127,8.24750540960762,-3.1941147742453166,0.7496656727187284,4.252472477054853,3.149865139938364,-1.2198042001359801,1.4624118543769358,0.758150860374392,0.11962363025884931,4.2681413963033235,3.036648285305299,1.6582619683111899,-5.149463337306125,0.614720993814165,8.151294242492709,-0.3321565110936342,3.0536115001667063,6.399551632192568,-1.646915107913806,-0.4035490674534901,-1.7802631126863118
1.8697975937598426,-0.8430299739324378,1.8483971641857406,-1.8820140853232084,-3.22227543102573,-1.1941502653531246,-3.7765206412739785,-4.512083029510755,-1.2776094539654494,-0.2213372056796593,1.5186628564736302,5.840771854176597,1.6679365709291951,9.669738879626355,4.664798518573659,-0.2634386143802225,8.21453249890617,3.7205805926033637,0.8466948523966702,3.5979621332580085,2.9617510673220186,4.0564506270678375
2.498366728069354,-0.10192259886202382,-1.202447074432704,7.983510224416111,-1.7605802722165091,-2.5738973338926496,-0.7101919318755916,-0.2697567489580465,2.409957862804545,2.103985002705867,1.4777858991279098,1.223213421414454,-3.4528472134401493,0.846850279425268,6.431801929566538,-2.9999210662743168,5.090101937346418,-0.25239212302466296,-3.314304594743437,5.597080682735458,0.19078203150011397,-4.621795626028978
5.49892203121601,4.417738123035892,5.545174869589862,-0.02647148311669068,2.6496179036198697,2.412077956333609,1.5958312186393973,-3.8845346930492575,-1.2609762535331606,-3.322901960699158,-0.5146715942051246,5.78320174086131,-0.9707987066219622,2.5927364535100774,-1.415376066163187,-4.297802107541419,1.5150502038171232,-2.9111394560646238,2.4638615024943467,7.600879257168233,-0.21976950124052333,3.2430111809636055
-1.509123369975351,2.1073956936657594,-2.3077533323073385,-4.669657017666499,0.5099740233755347,-2.267397614252094,-1.5912658196753138,1.667046695994307,3.5430689269860984,1.1184654445484943,1.4666230023736215,3.085254846978488,0.9042148768520255,-1.6548142581205443,-2.5345283876361155,-4.15532906038717,3.0773761910979576,3.6003732735138154,7.517224131918991,0.4488125550041315,1.5026977482903687,-3.5203909533815088
-4.191424223339918,-7.726629343974234,5.708511968469828,-0.09914574034158047,0.002035108428782477,-4.7929157398597475,1.4734512818016088,0.9930644385275109,-0.49215622722529767,3.930941663975687,1.1735246640562733,5.9737457702210035,0.3459082887588357,0.567299163882399,-6.035189365355572,-5.4617135635355645,-1.4272727666176523,1.8414582825220327,-4.20880806437469,1.0602449888163494,1.2934704386333016,2.5543507420224523
2.9302758645000435,-0.1785249193614199,3.674167778240817,5.921942618899939,-0.584393674186015,1.3050255669689421,2.147228097563548,-3.735107710312436,-1.2672106059572281,-0.13958282843071285,2.450063285750965,-4.55916594643753,-3.4758916455249715,0.07957982811281433,-2.7388030153687843,-1.7088474959457682,1.7282199511037044,3.0964803193941557,-0.25074900040079573,1.0943075165270357,2.578502005292729,2.3553683122881597
-2.4723395839478717,-1.9684065897955538,-3.9794803680418283,1.6374374395925744,4.334679830371175,-0.31205267296347033,-3.638156542373046,1.8853058215341256,-1.9396157002636072,4.574582606806118,0.6018833292914576,1.7578438741275502,-5.18610123763717,-2.404742063914975,-5.346386579636101,2.7883327528224906,5.045006004311977,2.7354536013521638,2.4885821567781385,-1.1198390948946477,-2.555339568875381,-0.30951402312635623
7.971710020378385,0.116010584575979,1.7702040549099933,2.484556057906592,3.069484737759314,-6.132433326592724,1.061426457366357,-4.631066251402253,-0.13961097616529905,2.105394697221506,-0.7854929623715398,1.6965442667904849,0.11174968953911858,-5.646297405735499,0.7301129218491063,-1.6390353835249436,-3.881092812843721,-6.869605485817839,8.0432010298415,6.913502836807067,-0.4197039333935284,-2.7326401981860595
