script/wind50m.json
{"header": {"parameterCategory": 2, "parameterNumber": 3, "lo1": 3.000054539987559, "la1": 64.9999836372058, "dx": 0.5, "dy": 0.25, "nx": 34, "ny": 52, "refTime": "2026-07-01T23:00:00.000Z"}, "data":
[rows 24 to 47 of 52, columns 0 to 33 of 34]
7.424765939820002,6.762011422128681,6.162250715868443,5.248379774770921,4.342530394920464,3.2411141190707817,-0.10723442896157748,0.9662510178066086,-0.5493648222015488,-2.493614056087735,-1.8615767433650041,-2.3046763566837467,-0.7377694553923732,-0.8771541273313339,1.8344761861482959,6.098699568499576,4.934089052010556,4.533734124237044,2.9356650596425484,1.2286143086719277,0.02989442954795027,-1.3895181785932496,3.308472723079366,1.7566805834579955,-1.028904057285171,2.002197607937295,3.9096576792848037,4.798205714807856,3.5929303033701525,1.2470977565311654,0.07335984447493708,-1.8014816524960755,-2.5533872466591987,-2.7197277543659393
7.765118777979047,7.075626460401809,6.123177558942613,5.217982579706818,4.100921864780314,2.6251981836280334,3.25031368030968,-0.27925051982945703,0.18339713201200625,-1.5402824909918733,-1.5890156302742167,1.8277162505085376,0.484381311448336,0.29173686908656477,6.242362805027026,6.639903718936351,6.123724353764963,3.7036991577432707,3.0837111980991834,1.3666036677345013,-1.3427619365685046,-3.0531333876065494,2.7827387952235636,1.5368896785896002,-0.5157890028965838,-1.0482998610737728,1.2822258900320753,2.3779979662746835,1.9289812253746987,1.0849291097413591,-0.4474325976970724,-1.3350652268061003,-2.073443320935398,-3.0497309116986
7.705027009016177,6.9984304001982975,5.506675704807641,5.77022815206541,3.7258415676609054,2.0302914071643263,1.3628150216338424,0.17160689075832708,2.0208417255220112,1.9714649135695994,0.612775349221103,0.408665494939016,4.400745966643597,5.766595617457037,6.329832512696802,5.051906984205029,5.458097610970493,4.077928773586903,3.1092710477124816,3.2047526439745133,3.3455015397142147,2.669333591613032,0.9352895250233743,-0.5204546856364396,0.9735866057170685,-2.1656847405599957,-1.151653329587401,3.428944067081705,3.5480723140812733,0.4487272755186069,-0.36271025764951287,-1.8184814393908968,-2.337161258385464,-2.9492688077440326
7.6500803052420325,6.871121471196715,5.487633905334858,4.194698735078556,4.53151177398016,3.832666976901112,2.461899118598833,0.20274645648577694,0.37023937241284277,0.9805949515118739,1.0327799485931841,3.835360802733678,5.036946774421814,4.637743457690111,3.8231662058360034,3.806885687967187,4.482292004567838,3.2579584794105805,2.9636338841479146,2.7110639436243704,2.570152559838636,1.428558482136522,0.27293119928303905,-2.666962916175965,0.3698180636441907,-1.1137955340940968,0.838153194119088,2.8458766305023646,2.689576548413233,0.4985367151698631,-1.0267812036558488,-0.5988116362823975,-1.8615126137768994,-2.922368324856195
6.984075593407534,6.277764668758835,5.009615946818008,5.899129230770013,4.870065628617215,3.9237305102043676,3.467633513981507,2.394382608063944,0.843059031523606,0.5750743874504911,2.4247369161985013,3.22882008834329,3.1127218631970184,3.51671565644207,3.7957314275073406,3.6603245362534427,3.6082864097066056,3.071903221453495,2.036377836518295,2.730874824334584,1.5252830495519967,0.1268519184837888,-1.4173174063262393,-1.5853176141469318,0.23627721965543266,-1.550924521384989,0.9618168702641743,2.229325762972888,0.223015949325442,-0.630241170328638,-1.818305057814371,-2.2173559151620004,-2.1482861056070015,-3.548539214559782
7.836037405806493,7.158111723946236,6.886357036421946,6.0410860302394385,5.490389165124792,4.97529373133901,4.382850727507621,4.085803140350707,3.0644182227808976,2.2179244924138777,2.3214714321475,2.1948347062110365,2.0893005536391858,2.1727605190680963,2.925657957235335,3.3686375438108462,3.04045331112748,2.176741542920443,1.3240579458441044,0.9038392445304974,1.2642506739516541,0.2276057282903225,-0.8237452460299534,-1.1893445517899182,-0.9724389987049847,0.007180697943351595,2.3226508792027705,1.7310969241316316,-1.5541246948306124,-1.9321963060312362,-0.17786314494134803,-1.3099003774089872,-2.245389207513071,-4.330298678729185
8.370604401525487,8.125446320156511,7.3700558603441,6.772752522771128,6.044803119057178,5.567172096790058,5.175544903637809,4.77072502551086,3.8219897035581942,3.1828191729954134,2.8032864478477557,2.5956661012214477,2.0787066198528255,1.7869443318159934,2.001691777632178,2.310356695499111,1.4668836856596377,1.3687784658694608,0.5776244088076599,-0.16823577767285242,0.9223338308110642,0.08335869259576108,-1.4907940892802753,-2.9220588491379296,-0.46274084716491903,-0.324890351871932,0.28142091741368086,0.03284734130361531,-2.8007334429437467,-2.240408490818283,1.5358773238747216,-1.3955133051562416,-3.575538748660357,-4.691061052327564
9.741744048627734,8.443816109668314,7.803772834857904,7.2360122227505785,6.784854843714564,6.078358196876471,5.396411732021567,4.7365437982371486,3.964759227273739,3.459517632104559,2.7723351067788844,2.777750517835109,2.300564911233833,3.2618438378728016,3.7147126291852817,1.5790042682054877,0.7519118369674963,-0.4385055179258579,-0.9307003487818934,1.7419533514902672,0.8828426257574495,-0.9275264610993865,-1.2580539106450697,-1.993236417530191,-2.262111389225523,-2.790539638286896,1.205318154985249,0.1418450100503341,-0.892493394660084,-3.4854697489578093,1.500771673654659,-0.6218062896617759,-2.8867297237496663,-3.9866751473224356
10.04107633634201,9.39294082978462,8.098016003791017,7.374959343230455,6.636717326387827,6.199935522959165,5.618606563587336,5.210937247782906,4.43199206263082,3.7298635986068884,3.041065285321186,1.8553144521990752,2.8792626381856063,2.7542173595749415,1.9820571924587687,0.9227309472481264,-0.7082633886790581,-2.2064050924909524,-2.8050921399765656,-1.5602106334025192,0.7432260220905853,-0.863729572188155,-1.680890797202361,-3.5746351949624193,-1.8261276213085489,-1.2935496696777347,-0.22892641066208055,-0.39088461184425743,0.1928902891754391,-1.7400972570874675,-1.6470875644321537,-0.9231432492857179,-2.8268775388818135,-3.6320065909724573
10.342922052559702,9.942414713572735,8.788326950774328,7.978510541664343,7.392005301453752,6.453072047746118,5.9031444112190865,5.649373258896971,4.709004765836123,3.89067203307764,3.4187848561076444,2.8754303946000155,3.4512880862631277,2.5063520567736024,1.774272435542094,0.2108489302412043,-1.1179605204399978,-2.6593810829911018,-3.1484081201463305,-3.715382015694977,-0.6210950148877025,-1.0599249401863415,-1.2909723346595767,-2.1388642297449723,-2.481526056364514,-2.6841957686731326,1.9045874675230805,1.7653818980270086,0.20605562847702208,-0.7974245686090782,-3.00456241460665,-1.8361052545738685,-2.930560012825513,-3.982534038981331
10.829627025362038,10.08640745182704,9.53995807272137,8.536990655385864,7.462863389664826,6.735766683008363,6.1046438757962855,5.90588008666185,5.016759097785994,4.007947659134064,3.426085142170601,3.8291003995428796,3.015596720507596,1.924878775003536,0.5155094841072504,0.3175312945223569,-3.078056207838762,-3.1950539125938997,-4.527161424751888,-4.44040491971927,-2.7360381882692915,-1.6988855506150462,-2.104802682791946,-2.049125535049394,-2.8612621120591304,-2.7178079955517522,1.4493586462456856,1.6955446707869852,1.6409944857108199,-0.33850499026783787,-2.346852908695543,-3.7296902938855707,-3.7753584257113557,-3.4987288383294506
10.998618468338456,10.62610456539331,9.91470818360743,8.953444167758882,7.839184226314088,6.924171850860799,6.069615909909239,5.672613848786248,4.754282295501916,3.910915317183838,3.3947524945897003,3.1396759706282165,2.372409644994757,1.1381961374865426,-0.8762191301186469,-1.56825782200483,-3.427465378552263,-3.9105376754723804,-5.042074442977209,-2.152856795191901,-2.786871933061001,-2.4325424498776327,-2.139804292643212,-2.3958179802461443,-2.4922081525633675,-2.7951536147408773,-2.190599176018236,2.4370382356236524,2.1638708190451443,0.16869500406485005,-2.002594712083101,-2.512956603443151,-3.650964748486602,-3.9926432623168613
11.114118440476142,10.972640839217133,10.205104365370099,9.237715599501966,8.012887008249642,6.8818131904841495,6.201821307469752,5.417724913866948,4.677452353870894,3.9374222919686153,2.9910674377562474,2.3523903663624086,1.527290019212288,0.29326760237362337,-0.5190230152459757,-3.7424204410875026,-4.525235270959434,-5.688080609513002,-1.1500785540293892,-1.0415925649279487,-1.887285109195757,-2.0024141429364337,-2.1313557519900224,-3.9266743950740377,-4.118693274983402,-4.944315679292401,0.006931866026645454,3.669681547152957,2.297796704777982,0.24425005200785188,-1.5625028382841666,-2.7617620005157955,-3.37344733073953,-3.0392235684034143
11.18886126560948,10.736047855529675,10.251798351511479,9.347373741544889,8.132480168984813,6.8445676533391655,6.312631840420669,5.752708993412039,4.511107382394728,3.977026466563714,2.475237074282429,1.9868839560183416,0.8212825632500302,-2.177380480884773,-2.428646912978459,-4.99144129702369,-5.363003879838874,-4.645927901268168,-1.5186632983453654,-0.9674456619773747,-2.36395663421619,-3.4080436445965696,-2.9932286670212207,-4.826506883120923,-4.827926805145569,-5.439545038594884,-2.608802932535567,4.048845005821882,2.23029358592217,0.4942502482413425,-1.1856732537533186,-2.80268271566236,-3.4633899348214103,-3.16689489721654
10.684988941673458,10.375903066361595,10.300975594244846,9.546797029096165,7.838641936973766,6.846843372845351,6.103100693716921,5.449600438340295,4.3040967074993155,3.48831384703747,2.004220289319893,0.7053727437537579,-0.9340505656498513,-1.0816007111885735,-2.4092101738410077,-3.189224040402562,-5.482701657338815,-3.4725904000739107,-0.7325706655949402,-0.08476818848805236,-1.865543668016196,-2.2465414525768224,-2.426356754547362,-3.874081702287874,-4.738106340534412,-6.126084774967718,-7.392659175467017,4.520513342491949,1.7248664708232526,0.2114910438340772,-1.5593019417387861,-2.9630124153167983,-3.7721943183078164,-3.4531938912365825
8.989702358911787,9.891717624147274,9.995968313156535,9.0474653080465,7.702287842157072,6.757765600337236,5.932396531499416,5.446431485289097,4.025879712742951,2.5035129613261344,1.2409955198086124,0.0989020424077107,-2.3852462970648736,-2.2375103635418534,-4.774782925284691,-2.8557624622622266,-5.508696960462707,-3.181168912645589,-0.7692318361568911,-1.675278986017224,-1.2550839779684102,-2.729431379464146,-3.4761515101184886,-2.8648282077359752,-3.541526881761336,-6.24345636704818,-7.733798665179467,1.8340950107570475,1.3881692048597207,-1.1581710994609473,-2.3436217912022195,-3.2751516958834275,-3.4908828914801293,-4.18758204135567
7.977210271444418,9.191005632397907,9.75701386459636,8.848155086710104,7.648092854312128,6.879634614194249,5.821032793018017,5.151521241909147,3.4551224342839526,2.0037522221898794,0.6018248257127841,-0.43984741795710863,-2.64982830735497,-2.5480888019384924,-4.711177901301295,-3.7815055837850085,-2.68036127068951,-0.9416696346810048,-0.9823396617381429,-1.850753764663099,-1.8453155091015923,-1.433149123622309,-3.3742611637090913,-3.4930261402520557,-3.7610642737188438,-7.0983705498806335,-7.3091994539789615,-1.335709155153048,0.9731869380831732,-1.6103213123581581,-1.4351053206305375,-3.2269327192214603,-4.077257992360142,-4.715560818349528
8.019654339383177,8.133651613177882,9.619165032933887,8.888649375403423,7.629080003198486,6.969095123864112,5.433782516514864,4.6824279195076945,3.229737717308402,1.4089098243009435,-0.03651553926283724,-1.1607999126040855,-3.426216028362083,-2.9673725633876504,-4.306027978996402,-5.639298749913692,-4.859537753500303,0.446113137215719,-0.6882516571255621,-0.3717951223332001,-2.3256188674935796,0.21503892951628736,-3.029542755245189,-4.950251544757296,-5.954235983022344,-4.898371307046013,-5.250135863544843,0.4066552045431113,0.639901899246281,-0.9955319905669345,-0.4052833832469202,-1.085535513662764,-4.631499721695297,-5.576488139850454
7.979211266534472,7.90264457916361,9.369162263271344,9.056140030701123,7.482752602249394,6.334755745172642,5.4032915945008595,4.328932821799447,3.210680262382989,1.2596077028931998,-0.28946140028442635,-1.8878385926301788,-3.8388552208210043,-3.506535756312624,-2.0700835120207324,-5.284992667343946,-4.668130906698158,0.42957585700580914,1.2765585157292865,-0.9658447790732996,1.2568946873001337,0.7352244500941686,-2.1650715028075735,-5.385838129249711,-5.302903314077575,-6.403502076684961,-6.317625422185012,2.372254391565209,1.061932991493422,0.06311579881577277,-1.0999486958678202,-1.830814929823847,-4.328005990683933,-5.866309805597062
7.937552332424587,7.575995168826134,8.379905603661335,8.908879781745547,7.40436601079699,6.391935173016582,5.136960399744177,4.128382144189429,2.905983638717361,1.1677386608501057,-0.3202678634940911,-2.2013319544328236,-2.105740199281615,-3.330164899892783,-1.5961544847487463,-2.27264755612379,-0.7316583353840829,1.724371048097831,1.3531349841029745,0.07601905422026703,-0.38388808930703766,-1.086798991130104,-2.6104890001655185,-4.737138351180295,-5.902053225462689,-4.167499112498714,-0.4752639879853376,2.6707320965127255,0.15335440384396798,-0.7053769929189745,-1.1856798987162984,-2.551063815511006,-3.681532530493276,-3.772796904542816
7.849375874345947,7.692157188503966,7.891266859220052,8.53225189670269,7.11222649050036,6.16997698048636,5.094305291767973,3.7792222314182498,2.558012928717008,0.8175429469287564,-0.6754721502566629,-2.0950255341471404,-3.465358213534046,-3.0026680673194286,-2.4732706687002683,-1.207399556250447,2.5052443762826195,1.6939677034936487,-0.20245134127889497,0.18621539904315845,-1.0156138148579958,-2.6249380435392546,-3.5461976707321847,-5.204720912699871,-1.3520423403729864,-1.0603139996213415,0.6713117355255217,0.966253211648017,-1.1463616451474319,-1.8880173907167235,-1.537562513943142,-1.3133757232575443,-1.2655650143795536,-1.6617560672802651
7.684400429623721,7.421379878668149,7.934640176791313,7.7009400490899464,6.953010876290605,5.789689787329888,4.661450311249366,3.734990201991831,2.1413535193837854,0.8701842097470416,-0.8223025504322271,-2.51958749720408,-2.620859035337268,-4.113766843540654,-2.321146951087294,-1.8145347277596888,-0.5507883948778854,-0.3869977171494167,-0.6014513586961481,-0.2433135812850044,-1.4514208619214444,-1.443462803752473,-1.8680517666629057,-4.070974030690423,-1.615060612322644,-1.0535601647943094,0.3664375809498947,-0.5345437814788834,-0.6708140660788727,-1.2010172461339166,-1.915442342272182,-1.687289322447461,-1.1089886971152798,-2.7354695785629053
8.490873076023236,7.745624540147161,7.565996588372783,7.2645054657066686,6.486581825136177,3.971634404824639,4.6469149403184105,4.285138095398303,2.003082696108784,0.42282834190295165,-1.0075485333332403,-0.9509774185472333,-2.6811982326151544,-3.7551239934518144,-2.530639233698521,-2.2754805531371334,-0.4337630233010212,-1.8390489398498198,-3.146506046739292,-0.812001556270369,-1.5220178020026858,-0.8555378614483536,-1.8129410267078292,-1.3518311830041816,-2.247558624425859,-0.5435810274132415,-0.09218271002185333,-1.926254467869804,-1.975541394835648,-2.7764369633989183,-2.2208333588830995,-2.028028167535565,-1.990483718404862,-2.605637081109204
8.898524850464172,7.980344595364814,7.258661374010759,6.6526344441004035,5.267080671476662,4.896230031118509,3.616462339864613,2.1610856157448506,1.3644086963537896,0.15597966661997495,-1.5163478280091414,-2.7854517913895576,-3.82631853575158,-3.047745817307903,-1.8438713297090505,-0.576448452555891,0.0934156172877526,-0.384375583293426,-2.1526699328232257,-1.9523662142145073,-1.2558516105881692,-1.6766461816125338,-3.0018792651177764,-1.4342046399506598,-1.5240007724908822,-1.5606551146397964,-1.924320281707166,-2.2868531490068857,-2.571494226673056,-2.8526332184890175,-2.5567041924198324,-0.8190992973312532,-2.8753278149016834,-3.7295134368176575
