script/wind150m.json
{"header": {"parameterCategory": 2, "parameterNumber": 2, "lo1": 6.000198445256149, "la1": 58.999992894266676, "dx": 0.5, "dy": 0.25, "nx": 22, "ny": 24, "refTime": "2024-01-25T14:00:00.000Z"}, "data":
[rows 0 to 23 of 24, columns 0 to 21 of 22]
7.6681306743115245,7.136766613553968,5.560831376278782,8.50153436078926,11.0328821276084,6.314382595918065,9.72844425862395,12.436180252951987,6.516081698203671,4.822353905251324,3.2349077317577892,-1.3315173244609562,6.629937646044273,0.5517111092824596,2.635550537758069,1.3237644545753158,5.112275501259102,0.6121518389592877,3.211274378550952,0.04486941323389903,5.044576671035716,1.2802065126636368
9.481368538256392,6.163757821141475,2.395578131860069,2.125299827143129,4.769873839130626,7.796074122319293,12.320154020750284,10.920441327991986,10.258847954859275,10.020961547421562,11.947991504557969,5.896545265405108,5.533466723463359,5.212349691023232,5.097481134548282,3.7767993855694306,12.270384535781071,0.3148357298940531,10.598694500848927,0.22954821941847844,9.826854288131884,2.656117279617202
-2.6123737443108213,3.347665019255485,8.585102645947023,5.156237942475201,7.172338442374295,8.480222744369923,4.837313915866405,1.9199313953784989,-2.210392549513217,8.922970367818145,6.073371616154336,4.992226564561395,2.719307027220937,4.971591322655358,8.449319014707946,2.618475804069818,7.402065357792273,5.8707431464760464,0.7615460077360502,3.0518591288224695,4.358712639095031,1.9578703882293504
11.387470702301846,11.476271594142773,6.665366891661152,0.3565678758206678,7.23663216213263,9.00922076292852,7.399435161683167,12.84959855174081,5.222314119664781,9.803251424165843,9.698918350954237,9.24548020689181,8.861449859298837,15.007818982836396,6.344247070758906,0.6650678150097519,9.445470512763409,5.830577309905958,4.963588088523432,4.52211828793831,-1.0344900072921837,10.55414171938741
6.088567740751202,9.775993513550585,4.1031672125399705,8.358530693103068,10.482169523377312,6.899009066636806,-0.02208082738378396,1.7974612232429912,4.302596295399323,3.345614124383635,6.214920773042566,-0.8981570536109417,8.390914996946352,8.646138272884594,3.7950153001520457,8.491264141972401,9.39639357372039,6.301259387661456,4.789174982869016,3.3392106607268546,4.076169229576498,13.33160558395797
6.114513019265875,9.877753811619757,7.854180884598655,9.571428647389155,6.59530999221513,8.245975054782432,-1.8427760311924197,8.102853770123563,2.746381936230841,8.239424990124308,7.89046600658603,2.2071320085169375,8.421878225563313,1.9779142514284695,3.0274803984122323,2.667506861013688,1.738171564177707,6.693649882109494,8.757308244923937,5.810506742747412,11.791023311065114,6.849197813432665
12.946956419198795,6.451800627210569,5.6272821426089665,9.227941773684913,8.674564627856409,11.885442017339674,6.601701530159659,5.744112478864833,5.135821047889471,2.202236643096115,9.620428152967888,3.823051586969111,5.755232882748037,5.19519409315596,5.172714803062722,5.720741081050925,1.1777725165330284,7.085939963260319,11.057201881281136,5.7709258166203306,8.684894911326296,8.461632877853297
6.781512685069769,1.8573527207613016,8.47641774920308,10.213962732704607,10.447087746067421,-1.2736815723852586,8.58619118546923,-3.236454532372822,7.0099974474597575,2.564439951640002,4.960217876333962,9.163579848671157,8.354342610717858,-0.7233671153546728,7.414048130689091,6.540249050288914,12.410034955009747,7.46872197367171,7.214914076719363,8.416207125180632,9.157558650542791,-3.2581052393871888
6.875402070769812,12.983677239398112,-0.9195092539953985,9.606480357555427,11.249945274869358,5.974100064109037,4.08177290649086,-2.5630163092922733,5.630279127216254,5.327012543363106,10.094338252555795,-0.6929130846368309,6.136736227663213,7.064981516654651,3.2777112622119238,7.5884181379103275,7.777363755206006,4.825231198056889,5.449810031640243,7.9628389071224035,6.283692824867155,9.557006516678742
1.9161127380903473,8.953589184201668,9.220266005614215,5.767851241150017,6.210630675041587,3.796867853685676,0.09418263618587701,1.7022174810750867,5.401410043760869,2.7669377073029144,5.352116171917296,8.823145923059894,2.847734954913383,8.635107562541437,9.085638406058436,8.961181115146779,9.694787709990262,0.28426353767731105,5.773423353802894,3.3390907673511694,6.303130205678568,5.869690190072361
9.12336404841168,4.810183049789499,7.595864460332915,1.462904070625539,3.209713987759116,9.253068398439133,9.248855854537785,11.25000797938428,4.830777911642784,10.324508491575736,0.8047228653657829,6.920064651852553,2.5825605315313767,3.6205035547675206,2.949937189989589,9.366614703218398,8.87310889934563,9.71796992775991,8.723818938961983,-1.4244592021968723,-2.2711750503552106,4.670457597269453
8.661790139113137,5.8672757424517075,9.52401760966956,4.620485880080347,9.29038746885067,7.364792220733757,6.134274609971308,4.650926325970248,8.792879971549288,1.6908202401156718,0.42467124030149117,3.3504674950841875,6.9845578605320675,7.729092497002775,2.423669955929562,4.063961467919804,5.92059728830272,1.3824651031879998,5.195294543633633,4.940834507463611,4.639514549632563,8.58438991024072
9.748550942989764,9.175350173523606,3.1225971787383253,4.852369269932154,11.697005119979119,-0.05655066716909448,2.152276930810941,5.793288435209261,-1.0653594330809044,5.3516272479376275,2.0371344717987636,12.293702904332934,7.636121212412866,9.23779258998544,6.313531718910448,8.647221104172653,-2.5772942911448915,4.17920484394248,5.523323242647469,6.465730482334971,9.032564701364702,3.761436818029189
7.602266326995689,-0.28213989300862913,4.316618488642861,9.172163152327409,1.9793897103106004,7.106948902397572,4.009994086941944,5.252857564387214,5.43419684365025,3.4714421347519435,2.8728152292290634,7.0889331184969615,7.914493568700844,5.658698561177717,6.49564204989914,9.708302624913554,-0.13277603997027188,3.3096870518003483,6.684496861108025,0.2826999365676695,4.161156460154339,3.0708606089125223
9.364473518803276,3.8234987752684666,4.288488053374054,1.5667866415519842,2.7621182615737467,3.6181402010816237,2.241767949092111,6.955238261072083,10.123731795121177,1.6223421233386237,-1.4480814322233864,1.965567410443247,6.361267611958783,7.453383892805604,4.364112607716184,2.1773475803513316,3.9724345251949185,8.317540231518864,5.031258198105494,1.1877029953525375,2.8006958285930645,2.6736652231902704
1.6190976149119647,4.062806448942842,6.11900742158561,5.043759820831662,7.884502502302764,11.608528635019274,2.2697912238044333,0.7476780265672263,4.136900567736528,6.969277993433422,8.277949713668177,11.313328228288892,2.5435610365275796,-2.4963091394210064,6.823174993368283,5.576325263335166,10.493005706320764,8.716413347587727,12.704509529436177,3.2941439582992094,9.264720635671582,3.2664592240706294
5.697206905000833,11.60602631019028,8.78423975257773,1.9673538833352007,1.839014654427687,7.150744244217854,8.21530909537138,5.965635732573907,9.758862416195457,4.509120757239773,3.6035071093868662,7.070405169566408,9.109166951157412,9.173009351113308,8.334401907498597,3.481568909696524,8.493834825329182,9.283447223090102,6.975249214446973,4.396714707031342,3.6535378362785975,8.105250687219051
8.184862501400884,9.468627584841053,5.088137939777224,8.468950734784706,9.060654342688922,4.488668767923668,8.658099779853309,8.013646932066278,-1.4115420080870271,7.263332147590649,5.15685818942751,5.671647907182067,5.346926247584288,2.0628921570564995,9.091401504182793,4.231877784258407,0.41890031521737864,-0.5562537394987743,1.4170433932027708,9.489630835206716,5.356053999908321,3.8073915189868757
10.777069624263756,7.952653480817377,7.174657121218251,10.26309267048085,9.182124853932867,9.574302463496455,5.371757046121622,10.63949441584144,-2.1445921724684625,4.637952068502205,5.750980398010485,9.242331428790747,3.2953229791711385,5.711853430908942,9.495527033607528,3.683527979637252,5.385667792201313,10.16185983792994,-1.7612062459038547,10.45716161640815,8.723872246682141,7.477148134411316
7.413431156385212,8.398888234508602,11.327728330962277,6.231269913060279,6.725755080750953,2.016574474319766,7.832583475417514,8.737130856991973,2.2492745503025247,7.8758312990206045,13.283474311662568,8.100803603008332,4.314884847826841,9.41476928298212,3.229019915828786,2.7494094959040773,7.423347308309439,-0.1297936847482353,9.80191789189304,8.786640743118129,9.247593684162164,5.993206739915243
11.093884617128493,0.7668624371716135,4.43894910005643,8.845635985044405,4.288421712705605,2.022408543182298,2.204613781062737,5.243473824998337,4.160223657147845,0.40313243077736427,2.301905387203096,2.664223377313164,5.3115231986344265,4.42177716049222,9.790680412872067,2.9846006238426885,-3.2258901503923996,4.569833660656329,11.387732314750746,3.2864684095919947,5.855391750645053,11.412126675451756
0.4448415815337731,6.71400511853744,12.407744477120167,1.2948367241796395,3.3800804214207023,5.860280576587344,4.7883140165697595,9.922797197701124,5.127665779904613,-0.03833716896834874,8.703068530080946,5.834186078522695,3.218261739756514,7.784830925175087,-3.423015693688198,5.140231195485236,5.215803294654699,2.182782021295756,7.15611310417259,5.447374735517059,5.004267776430752,8.77722259555949
8.460094210714287,4.99050600373494,1.020411153287027,11.378651280104746,-2.0268269967622876,-0.6091992758171625,2.3001205402906417,2.462271518258308,4.7123548095551,-2.6377887608697446,3.103317829281912,5.315495634569067,7.55169231421155,2.9430454880028263,5.9115045585785655,8.876596959468152,5.483068840953573,8.52553912272006,4.4733864204693665,5.903720098236216,0.023748373073122386,5.574312467610573
8.151554006195866,10.403224209118491,2.370064685279559,5.394635893792927,-1.7229452460359016,-3.625202056310811,9.031926558738023,0.30984182953454736,5.250374230683667,4.957481724826211,12.520939381063595,2.772171204676845,4.46716899117266,0.8904435340761574,9.5026672485455,2.9067942818430095,12.009947877785153,2.1050528534509003,8.854749706737262,8.573268844963595,5.2787530964901554,6.6243884862046425
