script/wind10m.json
{"header": {"parameterCategory": 2, "parameterNumber": 2, "lo1": 3.000054539987559, "la1": 64.9999836372058, "dx": 0.5, "dy": 0.25, "nx": 34, "ny": 52, "refTime": "2025-11-29T15:00:00.000Z"}, "data":
[rows 0 to 23 of 52, columns 0 to 33 of 34]
9.471831744370213,9.009648517239864,8.838829132675555,8.580846862055445,7.868165274217468,8.068987541697036,7.615172332948739,7.587894700995774,8.992557061579989,9.717158643075392,8.43932497517621,7.542001212942614,11.522276328443958,5.152322286462803,6.484839214941912,7.346992121908804,7.130191432412207,9.509512448370204,4.711919725974924,5.680431639362955,12.556083992111777,12.523487493158786,4.368628713695316,4.68534966119533,3.026287594907641,1.2154645219059834,0.12886820303831392,0.6321401528561723,1.411524576644536,1.5911080935308886,-0.19744659570825832,-0.8149424536252523,0.2438260499238504,1.619154812662226
8.761313906723373,8.852327135517566,8.189756481305874,8.153387574730239,7.628745013972768,8.261245616371378,6.711218575655079,7.2978374723771555,7.8652299096904965,8.660330816574104,9.983682656073816,8.561195884691157,8.341849358075088,14.216688449922469,6.932669997271623,7.5767965973634075,7.372394465528492,6.694629971124656,6.111906006305935,13.29231547015575,5.021384785733666,6.502394444389695,3.888949550850191,6.302571103839292,1.8105988636774872,-0.1560474447742347,1.1636304395631942,-0.8776517322504587,1.244385213456479,3.2360985750905416,1.0785167019346626,0.24417005904198655,0.7471707831964942,1.6855945606237264
8.29388661494877,8.409945589893194,7.798143294922515,7.316720774290487,7.135768292278632,7.760340965827106,6.560965109030878,8.246434093925483,7.931705906206709,8.237003062648236,9.454415183933312,8.8748055566563,8.451476603936603,9.505690786663266,7.530371123026931,7.701082349746383,4.941204993016282,4.414886571615621,5.085294396379133,4.850959102255145,11.525847107763875,7.389837804572966,7.426556123513085,6.603498718885369,3.2405133951104625,-0.461157198435098,-0.0581462164317734,1.1547472387968636,1.086195210178424,1.502058958863436,2.524460037219683,0.8847824026125474,0.6378140754865249,1.0282484114872184
7.040128439629023,7.177137423693898,6.8159772659629905,6.766868569633381,6.6339870235220895,6.984140050056268,7.110421035573363,7.385831967223006,7.738441664617172,7.508787440956154,10.729681773403538,4.944094557070983,10.981288138736131,7.621822202883445,7.10473886152983,5.557114761572092,4.132442583997475,3.57772635747577,7.794876158114145,4.15747695038232,8.733546676482055,10.665041069126486,10.060139772982385,5.38799030181572,2.608509578211776,1.7859709360597706,2.8047414733445186,1.1055296145261435,1.0495784255111509,1.6949518609887797,1.0272979955167763,1.5252568949861818,1.1770571400592051,0.8551106840299241
6.713340836006791,7.257660788521476,6.4943165239825325,6.659711746208138,6.602415386606908,5.951855683976455,6.947834294801946,6.60427576345244,7.484319352401775,6.447193167980685,6.464843144953524,11.703456870927821,7.6019917257704375,8.04717060342545,3.29054781576338,4.033884804553918,4.1253244594428775,3.378056240676279,5.884897586716821,11.030222269430423,8.695722841465784,13.527054451300428,5.225851047213752,4.6355686098253885,4.929623243800225,2.645607407962817,1.7502949726770771,-0.17043586788122791,1.9173292485385616,1.553906029553735,1.2850364901187497,1.2229835948807632,1.3096686069338148,0.9702739548852294
5.613064885576153,5.633485896636079,5.868300016935176,7.270134964508595,6.27261364653586,6.127140782715782,6.8087515740847255,6.778798288763128,7.412504963121362,8.230271435830986,8.318593659569368,8.561971145379625,7.418657470871511,7.701514366545155,2.8031732810367234,4.052388254368119,2.180947582006361,4.024075063272288,9.694297425757776,7.292990743229669,0.6016209557384038,7.043910822980853,5.930038282251872,3.0360054327027512,3.821457841033332,3.2991357601523568,2.3124487510621057,1.3296557442268286,0.5652138758350309,1.0917871159493209,1.6749690689219594,-0.02460621639019878,0.5439903550065622,0.7744593716197857
5.504623261987989,4.977088066046434,5.9125068577445425,5.8007065404453435,6.2483567087843594,4.803993342847293,6.615309955116974,6.445713883336293,6.264194859188581,5.9325856905149035,6.237855093524278,4.1137509088576945,2.4430026613420606,4.9956608946239545,3.1727001795442775,4.531711931795,2.441823586076001,3.322634593127481,9.422093601421963,6.512546121909828,5.998996090263556,4.084875054160619,4.154077103247064,3.317122591615775,3.6981474136062302,1.8475928462895472,2.423632831738791,0.8902229528409793,1.2776417040425612,1.2903697054018168,0.8859954333297047,1.4571602996479647,0.9811449093257545,3.3823692395831917
5.444499830027788,6.636566422960474,6.774142597064996,3.3725526283613583,4.991287101728449,4.417669403572162,5.750797702448386,2.8978725076453964,7.473714740301682,4.571896466340714,4.633851114009266,2.0799403967782193,-0.04255157271574477,6.351109057417232,1.4510262831219651,2.6226919549168892,3.2427710549073017,4.4962019415123065,7.007749539860928,6.515107007665753,7.0786928849573325,4.691995347682311,4.736706806623734,4.41980210139878,2.857094181759386,2.0896715976724227,1.6531436955533396,2.6677294664307722,1.745707482976038,0.5363101772755291,1.504234603577559,0.5133550583887773,2.235466132533287,7.818386367838858
5.335619960221285,5.875544243755111,0.5270506532712577,4.385359250564978,3.059364653097918,6.14777222280756,6.786384476701073,2.750243477399224,7.5774967806638465,2.7211108854665733,0.5751228622469057,1.205445035013004,3.0490102779157247,2.6640363000388065,4.567398706041336,0.8398787869786685,4.747625128489488,6.876370081000971,4.1921971010713,6.310830927274341,10.069227581569308,5.9204696675030535,5.7227949687405335,2.133038560038991,3.0191754753552034,1.593194229134541,2.2766138028778227,2.5063132497575085,2.399324084509077,2.558221558893008,1.7176827402682266,2.0518222848878893,7.46225059464847,7.317227286094862
4.781332850783061,5.396879613972795,4.344412855377788,4.584772121646918,2.5190435669656943,5.252290041607481,7.002436715124963,6.140457475999516,0.27446760870483244,0.23322807204052332,-1.3944206595503281,-0.05317990291957199,5.8543335317602745,5.854981297465878,2.486729215817387,8.613353375511881,4.846555158394264,3.865282464831507,5.505552812781064,4.749974146946368,8.898894847663765,5.705297732580765,5.107974097299862,3.6681187497213448,1.7925737126912766,2.3894736342864973,2.9221062192601233,2.7000770906824862,2.8219055576439462,1.6376453993166316,2.134383803805329,7.044413827485312,7.7558688200254915,7.3314380985500165
4.523682276452846,3.736656338095534,4.5074529698663675,3.728629160734554,4.120395691730508,6.528218225759975,7.559031756820208,-0.13620102570709597,3.4926099342042316,-1.7364632925011176,8.648338507402608,3.060838324247386,1.495789493808823,10.124076417553589,8.207712926857091,5.525093759246541,4.567450455007865,4.706149096118036,5.313423939453163,3.142363773071786,5.827053543942097,4.534490703334966,6.417686349210852,3.0243080909517763,2.2442547048988755,2.589529819639189,2.9809191828442625,2.52207775619068,2.4171608161952327,2.491994604308682,5.978320790710577,7.617494676746821,7.255141922403607,8.167150015098688
3.4872813684397297,3.003822779532664,3.3356652953657355,4.063734133057865,4.117189723803194,2.390809090659686,0.12135851934973502,0.02047540345125955,-2.2752062883229476,3.326564087701049,3.9540032421749514,7.972506976453186,8.809375738834841,4.740854425359038,7.155279864298975,4.382504383683389,3.12153422460327,7.326622281327325,3.3312792240599025,6.167305602683822,5.383468688333174,4.766190526079355,1.8374158269971266,4.294981348022501,2.8735490008690814,2.3614688825543686,2.773655424918459,2.6436053808978746,2.6019346108074357,2.2869409744920284,5.988804932051537,6.878404553303416,7.095120544388367,8.503694575195349
2.9523932935505757,3.1916609568606855,3.641703382952607,3.042462553990558,3.9960622134046093,2.179392305479391,1.4434535603270968,1.3529715211906448,1.3784987488572686,8.780288175646382,7.957468883863,8.64851041084896,9.987309179051627,5.678829854697828,5.9608969395913105,10.198331676281255,5.32108060176235,6.470983150282029,5.181207642170235,3.8222976249423573,2.64587583571968,4.000468861761144,4.680315289622351,3.7155562577974957,3.9195840255464414,2.3415422131120684,1.2947821878071284,2.2933668546898303,2.2965302793492826,3.60485697367178,5.5373030003160615,7.039927886314272,7.807916170135266,8.632551232950341
1.715529870443313,2.1259647124630505,4.554445959827848,1.34332115176355,-0.20339934611515414,3.031738372361465,2.6222893136707435,-0.7485757161867488,-0.050329910478662004,5.910759006117577,6.536573754579049,9.475434189659978,1.2467402098945595,0.7954267336129022,5.716961888030668,5.807333335610829,8.011187369344107,4.168104739950855,2.086816963104208,4.259476794770544,3.119648923810538,4.297223553380219,4.940460670183871,4.358179908239591,3.054350068911695,3.6578937650891,3.625376887773107,3.848978705000057,3.0085460239718067,4.9688885024916605,6.179065332596362,7.173289328927791,7.655038830468382,8.501619876778117
1.001458066873543,1.6686295080083642,2.868982273258372,4.009956946873396,-1.8934846828571548,-0.6722369573400893,-0.688864778766108,4.990715953629412,0.0012269822406294044,4.067604219477165,0.8745220430625095,11.487046893944013,8.105014281215173,3.219336190677722,3.426005922396028,3.7647059106208767,-0.5224370762339381,2.068347759457787,0.9747826520076073,0.6329593329990627,3.1200286782527566,3.296706245612102,3.323824634626492,4.4706877973379715,2.919996035769671,2.9463794116849478,3.0503101125853322,2.9065324610642307,2.967218643856938,4.6142981113175825,6.644566432705312,6.798355077280484,7.653671915807021,8.235190459099197
1.0471964676938152,0.677597118559203,1.5082674574184214,-3.021247246878458,-1.0074416712630552,-0.6000738536843371,1.3796474181810343,-0.20836919143308213,0.44320334611823853,3.3160224286418,7.753395222020436,14.270548694374718,4.023949507326166,7.048246936229391,3.6748965093229997,3.9679623150217647,9.598381307545521,-1.108184526188704,2.741048205068224,2.4096579997503222,6.094286972936627,3.6219765405763735,1.5195350307610302,2.498333721865955,1.923568702442491,2.018910738177251,4.3267944328327665,3.120427551277837,2.835581777155311,5.284067651199826,6.123809627253402,6.193177382242287,6.667280751599745,7.924693728224692
0.5953315518757835,0.2058421533945581,0.46225345766318404,-2.990574369525547,-1.0541665475521118,-0.8099359663941156,4.382048858026957,3.2256767772733266,-2.9092577793759884,3.1753521833075156,8.391903906752752,16.070287902414634,1.5004771552071072,0.8256576406580063,-0.19564844677682802,0.5527405993133208,1.3983633658100476,0.5328260416749774,3.628303089832769,1.3562335103988301,3.6282929263483648,4.801839004385201,3.351085320390948,2.773238199043272,2.0029692845149523,2.586609678042528,3.018753530187116,2.7583993666897606,2.4475316938347427,4.651216497313546,6.116279650037742,6.2561597397692825,6.270935274205715,6.914399583671572
0.3911397939375394,-0.35671057924929966,0.23449476077761613,-0.9577258131149916,-0.16710481864750423,-0.5588184895565558,1.7408483599404385,-0.1659734979146588,7.340778718106958,10.994202964699824,9.25265055530691,4.744564173278896,0.6489625437678909,3.4943934635037093,2.740277822997945,4.12338523899945,3.2883933321778915,1.9211020536832002,1.9988835476344626,2.756301968203894,2.4115530322526832,2.3118796319341626,3.082639030646079,3.9509059644805085,3.177310660122596,1.960202762980128,1.924000354679745,1.6482149711985792,2.6134769246541345,4.813517914941395,5.482771507689966,5.8632738809924945,5.252825490027834,5.829855286739347
-1.0331265100805223,-0.7201582289490301,-1.0969827611480178,-0.508025600715589,0.39309884714587057,-1.0248374288043383,5.219938669943707,3.969611170176132,2.4061508375380933,12.779192953801353,5.17282242754919,3.291183461513157,3.96603157183579,1.1084715305664348,0.7727898978121284,1.3244521841080934,1.8225384773103952,0.3675232371803138,-0.40074106609588,2.373371245743393,1.5271849386742993,3.064250177212199,3.061336866300058,3.0091029187199867,2.288145360997583,1.4995568391767062,1.5846759291527284,2.473863255470407,1.8401520890987177,1.6873543737699113,3.6040739746755976,5.955346187146179,5.619722934295846,4.989610815019689
-2.1642021089471926,-0.625669959880841,-0.4705807887011546,1.3391748303982705,1.6540002112683339,-0.06229771591489426,0.6394800171254357,11.942778559238404,6.739343991104467,7.524484569377932,6.801896317464694,9.56412030872636,0.3968086677461809,8.544053524517091,1.0172900728010772,3.2794941374594724,0.17636900362760435,2.3647901383838934,2.245579835012527,1.6140807829402488,1.6940462698680654,1.7379034228958476,2.6363424631208128,3.2791583073284123,3.6049607736878038,1.534906561451821,2.5253008758325746,2.2148344673323157,2.472833105268461,2.2698917681454986,2.654967080147144,3.1192041900012852,6.867542532857745,2.5918845180164003
-2.023496116358243,-1.5517672728658154,0.41476989889363736,3.330710670250021,4.398089885964703,-1.3620661151353908,-1.231704590039053,1.0886183419170752,6.225794789501939,5.734273578491343,4.17760503278086,7.409079209810954,4.024071698682203,0.5034123592691802,2.3128850843743383,0.9039512430203094,2.7730841536628676,2.0850069659137307,2.4592893711918715,1.7080710116206288,1.4433986543305688,1.7209730161373284,2.083380345271351,2.753043412902148,3.0717857357749208,3.395927090298566,3.281134760656492,2.07676217457192,1.6848452959273337,3.262629601516441,2.3746254403492006,2.665398975337033,8.01664805275611,6.097012637073564
-2.1572456216687743,-0.2835661420642849,3.2456686160143593,4.838520244257997,4.720118155266405,0.4897452676477343,0.0393603196161052,-0.7328638866953142,3.8997880707587753,2.8910290151782236,10.212731907710301,6.30344134178423,0.2777104018668112,2.5949690595597583,2.7885310876480007,1.2583544133198885,2.4833248985787097,2.0156005208698695,2.173764844696113,1.4154018497919787,2.056648931966589,0.6273665837614637,2.306944666353522,3.107844036463273,3.367249954345852,2.6410676442380394,2.4170866767302344,3.781818809816533,4.395850144916225,4.997076219976046,1.9202852514620565,3.5072584481652527,3.0302193971532247,7.273779204175386
0.39424200080475513,4.518299651795427,4.310450701703552,4.341252592628143,4.608148572393338,-0.9406520687010977,-0.6363205010466677,2.0403965116907896,6.744836860892564,8.113176835566598,1.0401793894242854,1.9908449129994834,2.780174210360137,1.8397015209404737,2.923042305889101,4.420026363257391,2.352444937491237,2.633821207562055,2.085019605894841,3.2024743328344982,1.8136493498159036,1.0845422813242318,2.52209845672524,3.3086477851150744,3.9431635647089904,2.933088376196694,3.662103840125535,4.284538336108924,2.8420414658172497,1.081237970051374,2.1729647237670444,3.748563790392316,5.8736604178528635,8.76292302824253
3.5718595103700066,3.412917555927899,4.377131824586469,4.28458276551411,4.016271303508477,1.490788414130612,0.4696672227693744,2.0628049331266456,6.8939670453483854,-0.3395316726915811,0.9830527800285469,0.3952120017074058,0.13427621064701314,1.2839830792667115,1.8127270396353783,3.5997459657011084,3.1058439170995302,2.7356560329521513,1.9968287149686206,2.7738910129326464,1.461534849017773,4.341522705002523,6.221829862592278,3.582063341150113,6.8902817011597435,2.463296823556921,3.1029713892309125,3.2597753232150315,3.207996068842162,1.2192981237602176,2.247825769054795,1.8598186924486981,8.153897046364959,9.869958879972652
