script/wind350m.json
{"header": {"parameterCategory": 2, "parameterNumber": 3, "lo1": 3.000054539987559, "la1": 64.9999836372058, "dx": 0.5, "dy": 0.25, "nx": 34, "ny": 52, "refTime": "2026-01-23T19:00:00.000Z"}, "data":
[rows 0 to 24 of 52, columns 0 to 33 of 34]
-0.7053930949364443,-0.9551103636910687,-0.7583804533550095,0.3501094406700136,1.2223469761867565,1.3526188065050795,1.847555870109761,2.1749316743969276,3.025762703847345,3.7668658779882533,4.536338381230979,5.273463292560119,6.367434450911893,7.8590665188576345,9.328548082249197,10.063717706819766,11.711143340884052,10.35694687814606,12.493701648110179,10.70024280745946,9.152013364808226,6.651438469098571,9.415212624660857,10.815564706558671,9.31444165840108,6.063744555016044,8.639254678385845,7.359854766859944,7.056301455314565,4.521643468045205,5.447033526121763,4.622725508987838,5.193987748548955,5.55763538896818
-0.36926858390089073,-0.41897795721885955,-0.7192854135291531,2.8442789237922037,2.3664256691657712,2.0753311503612424,1.7201289323185598,1.89353346642443,2.964705181279718,4.082515093541276,4.587666715372289,4.942850079851307,6.027650351317577,7.3211757366311065,8.444621547456949,9.499364961994953,8.943946607200798,9.929164142007005,13.425319851765236,11.636227263765198,12.214731390743252,9.506166949887255,7.864989134059128,11.35243040563359,6.205790160366689,7.656269077559711,7.95352694616746,6.967215697852619,6.276871046236254,4.634886822865493,5.666498900533383,5.320657632214671,4.691534135892365,5.846397697159015
-0.020934562991452788,0.2287675391644905,0.856320517228226,1.7069674483431425,1.8777068264758328,1.3830110796135513,1.1359730217212276,1.8935716788660228,2.866736566175431,3.192654494698483,4.795860515107544,5.6639888559352265,6.53699536475473,7.197611073786322,8.841246785047694,10.915606434385547,17.180908409529728,13.01663510402296,4.2533450661368875,10.679732987415713,9.737912135020105,9.546790672810973,8.344166732770109,10.528400146019647,9.792317009421602,8.979524846757686,8.594195750513242,7.275095273877481,6.317470815187748,5.510385504208037,5.509265207335338,5.447797877244825,4.748550156629737,5.430442521797194
0.07792106698363496,-0.011655412962914375,-0.9182550820186295,1.9120730953398681,2.3512785689147875,2.5246529337414385,0.5189437057522887,0.24241512543692434,3.3175212713336077,4.1575450305202875,4.118578893355977,5.6695434434688226,7.782361555077307,8.84964221602884,10.94744852902254,21.504547650249197,11.452294836133394,16.564960513927584,11.73619709361519,8.793906094049685,15.991564698293999,11.650012828960449,13.058526179302273,9.941193295130953,8.240602207250857,9.84841675937317,8.82058714731337,7.136490509213492,6.444097583201784,5.346971287500876,5.17713979105798,4.50197011398524,5.12886873203301,5.409455283425671
2.1385674112680277,0.8785357187423509,-0.44207318235683346,0.2126385141128528,-0.22874350818932804,0.05419121033625532,0.5288804606301506,0.7958521210388404,3.2687044783586243,3.9958091170418912,5.063407504905414,5.653709425399605,9.643322928897051,11.020241707902144,12.425476404396498,19.062313305830553,13.080962362661538,9.857027620882235,8.75235224524204,13.217513083183542,17.96062733251406,13.415402377786155,8.370919105882622,9.831461764978666,9.358410972129816,8.983177488195592,8.692629908502767,7.036236314131046,6.644690355071838,5.722826862713541,5.732556973660996,5.061232519083081,4.620527274535157,3.575438191497766
5.012966266424199,4.455550642886383,4.139226664460312,3.7312508594116447,2.5375970955062055,-0.30679202098913766,-0.03819867593835136,0.8847202329162719,2.6524124532929774,4.1035751153032285,5.488765536007405,1.8364462202039185,6.095594551015391,10.352740755617821,9.627581905479197,11.968583647575961,5.911510213532522,4.857470352442422,14.118781267784051,15.11746594098296,8.387928854945457,8.78373618613406,10.233025795619675,8.010297241687647,8.301812160822426,8.018752329157236,8.14853991903005,6.461117863433669,6.139872322308189,5.941739637678266,4.983335866626081,4.678234986960391,3.550905383676137,3.1577792850624684
5.072379176533979,5.395906427445472,4.657453577649363,3.8279775929325703,2.4343278697677437,0.9611545635613816,-0.1920066795232295,-0.27500688971013887,5.984899728989193,3.711469618621508,2.6552133327786906,3.1413271006654235,3.028079819466779,5.517760994675929,6.723698061182062,7.0890392089685275,8.673330685917868,12.267626971591476,16.449239759568087,8.567427738869075,7.89770666893259,10.006258439256833,10.708866603883152,10.41162129026953,9.855840867927936,8.13662281624112,8.457167591800653,6.789043657611761,5.3573075799514704,4.626968189330858,3.8896067553017293,3.2556510385579895,2.752060815324449,2.4511381795150657
6.268429949620361,6.3455229441882235,6.381272680437478,5.092064175371437,2.437845846949648,0.7084452651465843,-0.6432383031604929,0.17861456282700536,3.486934121906746,2.014684586964599,1.1858237248289905,5.120621282697746,1.007637586747315,2.1509566177511696,12.32907246407294,18.15986953426377,7.774976537121321,17.016993120668413,18.84185651821813,6.880885684579572,13.14241178825548,10.279260052133228,9.395885614034347,10.385622568153963,8.894301106624626,6.880699258697148,7.529887391269965,6.870948807499449,4.942092810993275,3.626371329681834,3.423793662511596,2.032473936587276,1.896136148358018,2.676951989662073
6.470071602127792,8.16216856992691,7.4313181965657344,4.7956312370207685,1.6189808916417312,0.09972536214932684,-1.3387364585611337,2.4887232192688438,0.4951760747993152,-0.11233847468056411,4.215295713440511,4.2608115563184,0.6985218632449669,1.6193474585746748,6.301520577882253,8.006805527349488,19.233973782318508,15.786009010594576,16.133415155134905,16.75337924563142,17.167418699523985,14.215850163749932,11.719637755015489,10.324721253522124,8.96524519904584,8.618333840437959,6.118310739552249,3.592518082598526,3.6394480889185736,2.7688166055621477,2.4664942122103457,1.749010981396957,1.9986965033257698,2.4477772725981053
4.569716628507882,7.1926410222896955,7.409182881184185,3.5818238214486633,1.2298079895006626,-0.7461630024526208,0.4466917126013798,-0.3122190908485908,-0.7144566299673782,-0.5145818830011535,3.281594969304364,12.631436951720842,2.8611898169704157,4.252229561391489,19.18871710532525,18.06887567635232,16.614325628048086,16.556081783947217,13.081524164372148,10.955511841527981,11.115919069896453,9.788541070433538,8.672830249688888,9.315781763949731,8.350190454964695,7.773880539272655,6.335116615638913,5.536791912083201,4.784530271893566,3.1101254171159094,1.7747170052136285,1.9240891227714152,2.3730517023754505,2.397894668353788
4.610281699843262,5.206162643660568,5.70750684676971,2.2743950319560353,1.2754215689647561,0.2812331556307401,-1.310539725370763,-0.45739358028914645,1.3554898690779444,1.6286455161954727,5.181257196729741,14.561557941290534,-0.8194136724933941,6.0314058640037125,12.394688594828205,15.851860665275606,12.605392863709243,13.435435310206632,10.901538498905754,10.172557672028814,8.768960433620283,7.380372312673394,9.523530637968626,8.265390234880929,7.530457095210262,5.615572340954395,3.6599363340991937,4.803809745015197,3.125979812956975,2.32007276298299,2.0602648732872213,3.2436190695413214,3.0215549442203744,2.7341148182572272
3.1974355710448226,3.0457178927581543,3.54549718456198,2.177380260372503,1.5566228856977338,-1.2702699208495163,0.22078082934448257,1.6316769986619402,1.036337486362383,-0.12072422339354888,3.8406551061067633,6.961448032749103,7.842396684140257,3.7402508227562565,9.929171396129473,12.51715375614074,13.905672257540505,12.815888296891403,11.844160618850683,11.067013582286652,10.74562370743956,6.92515149151806,7.822962802266385,7.060401867821237,6.1838684495327305,5.9617026295847815,5.578732608908603,4.524190449389666,2.854409170321766,3.3894325292670477,3.224740798570602,3.133882576736361,2.9449418917615775,2.7739811335408837
2.276921310139816,1.1306909510461363,2.5754416500751245,4.175873305447035,-1.3488643122374149,1.1413640235926372,4.398102318014829,0.555160366609001,7.25890798463824,4.634981372262899,5.868080940038988,7.531923156643729,11.01451072595349,5.668566930210527,11.236593888702012,5.409992192777822,9.856390117239922,7.50949852326237,8.309268097333863,7.961876785060772,8.039048107049291,5.726721422685303,6.683350474833939,6.8262476927684546,5.078623521678528,4.935398705150879,4.220756325237222,3.701343758497903,2.759285442800106,2.753055185774339,2.686795338770653,2.637554212399664,2.5618424981073837,2.6675629867996182
1.2116407278994386,0.7317105384220598,2.162844858882783,3.832344708596824,6.098177009253989,10.873365144322362,1.4465649435410053,-1.158297151338165,11.56700676843361,5.674877808688581,7.600876419625121,3.085374917043076,7.110880241768682,6.530274436729218,6.843900693018616,7.107811091523791,8.477755192189386,7.876261904798659,8.457631627920911,7.597972039754668,7.287126783051542,5.685116037558989,5.543908842434576,6.142675526701561,5.715657975673868,4.119689988705921,2.547352044812053,2.004576160275627,0.9184764078322073,1.8550629681167226,2.529409335140685,2.8479049747901235,3.0754015025484516,3.019180526588435
0.4820552194651749,0.9733576923173102,3.392589863029037,2.160954688335851,4.051178862363829,8.231521703124018,1.9178313793490227,9.975933949802693,3.1720793407521217,1.6821193967120946,3.2006422364561824,2.7897821004517773,6.2924275735376005,5.449701788405819,7.489662966600782,6.335955861423826,6.17897460155388,7.236658195030824,6.175366518450509,5.563125119112168,5.650283288162726,5.172661438368289,5.670141298970688,3.7998784071550418,4.327944305235592,3.853620232985731,2.0396116753806965,1.890283113015226,1.7317630721860082,2.7786767061645534,2.147504698251923,2.6509050727637744,3.1645003177422786,2.9229757236421645
1.5462014032554072,2.306163118608138,2.2737664471106265,2.8233302538619824,5.091915060160421,8.012199991926236,7.578618211862951,2.571553494449392,0.7106569753112666,1.6203298696028894,7.663023958028823,5.0932679339318465,3.5130146988877597,5.759838429372363,4.131819671670118,5.09768070525325,6.078355150429937,5.058805923903046,5.497322282979039,5.418822566936979,5.963093937056898,4.2940968983033825,3.0899072057275783,2.124614616341534,2.9576573015394296,3.340669707645322,1.043229180438731,0.4099014758114553,1.2363267559960542,1.8223495996272527,2.4869088723901336,2.8557531607742073,2.844732591726566,3.0196107105770396
1.9535735335125288,3.2965251767368438,2.0476823798917803,2.2693667744476884,2.594109969815978,3.906657591448161,9.357693496651441,7.26115557840523,8.726014788473682,9.919568116357377,10.46890076065506,6.994346460629876,3.12402939225525,2.4250413573016036,2.418535938181308,0.7062671552350166,4.0872431830747615,3.8073548657164804,3.9941539181954906,3.4865908381300064,3.7753187679975952,3.5131090925003803,2.600373747203256,3.152029668288326,3.000349029770596,3.057731226675424,2.794322426609255,3.0671637183370186,2.6771941835073503,2.589030011566172,2.0318727657279836,2.342703653469074,2.829168074903676,2.978975560013788
2.8418617124845684,3.061820504362036,3.220826233896801,3.626190136488689,1.7598410004144813,2.081587389400861,8.351369598362417,4.866021101915445,9.87170582687442,10.96333944535983,4.348040260458158,3.709896836055322,4.784554783982344,2.0366161916296894,2.224115604379408,1.6020313952314278,0.6735320698200241,2.854362143702264,4.210818130732009,3.175124483245488,2.2039265686781175,1.9825693576691343,2.2185319720779333,2.5315035460277944,4.139790311866716,2.9175934185261103,2.3956123294643437,1.730510163365351,2.385418479314208,2.4749837196072786,2.252339249139667,2.449222827175753,2.6350233416240982,2.8006300835362166
3.2901399157594993,0.6096841852439528,2.233648567458935,2.514400869044565,2.875223054803505,2.0027833320777986,1.0000561406611554,5.420324914542091,8.277478869761463,4.434845215900431,1.1452235912409576,3.5810071998351223,4.236047077478175,4.5031762788032905,-1.8963130243005577,2.3950913433852277,1.169976618089018,2.710525438328662,-0.11913315393303925,-0.08051838373837408,0.24961939751798204,0.5456208403595045,1.4623134293375106,2.2208705209933344,1.8676360237043257,1.9946032261639068,1.8222715896854305,1.2651444417569218,1.246961590758626,1.4515137656948582,2.198226646057005,2.5306330269071666,2.8949786994314586,2.6204212350966576
4.741242638610628,3.4800366059450663,2.9170190635523854,2.92880534076475,2.0944999564886357,0.5150149484169884,-3.992629963698204,7.239510944666533,13.50774561272883,8.41506721565137,5.5836394074555376,5.609121395205054,2.6476446888947813,1.9873575403496404,-0.8084306879940198,3.125164281143252,-2.3657494997265154,-0.9226089476086894,-1.4997048363229908,-0.2162041313887168,-0.5765416684768594,0.3085430119065845,0.5161550996623768,1.8027529593489884,1.3099380075361617,1.126411248884458,2.1154201037531135,2.0320636400410135,0.6313879871662874,0.2873104897580242,0.7407113844289804,1.5354609497363594,2.1940477010505033,1.7584726113568712
6.962135097894633,6.163918245843685,3.172510667957249,1.2449834397655262,1.3721076587553003,2.6718960188241168,4.696889276959565,0.969259052908885,9.198449619813934,6.558326446894814,6.671320656847051,2.2553615927402815,-0.03556534442386937,-2.9002746781069613,-3.363190897066841,-1.2693984227581563,-4.206248120733727,-1.2064054350029572,-1.1636961400176768,-1.361121014082504,-1.2307127547402015,-0.8574232906006587,0.3463174053529183,0.2304032111318436,1.0804511913169659,2.0095013502060963,2.107724922940385,1.0128171489047793,-0.5126261342089312,0.33643563427606316,0.733873073787207,2.2783646322457307,2.441727164856928,1.5013991815272556
6.339787146286209,6.2375260992379005,5.514277394815505,1.908968191906309,1.0597666637914356,-0.7807590295990723,-0.011717831736885722,5.66840862271931,6.5222574960737925,2.184616589328717,1.0301532435614384,2.409878205306697,-3.2220591481006644,-3.264848779310961,-2.7430991963191076,-5.610518036125049,-4.044572748653467,-2.115604012661529,-1.2522446843770276,-1.5745029624791334,-1.7118049407504672,-1.1484263923962892,-0.8800511379052005,-0.8755661317108098,-0.6583325481625307,1.566730924993224,0.9149324457344222,-0.6496571760333335,-0.2757642295964471,-0.2991822642470521,1.1671983582917922,1.4145226043006054,2.3866141740766906,2.944104561029706
9.149812423906702,4.25494621117818,3.8528777501995544,3.7707993274168583,1.5576899437730114,1.4341442878059865,4.74277412836439,-0.5261775277071806,5.5631636608784305,5.493961507491028,-1.1117010251480208,2.5641885877255164,-3.7409296859276644,-4.27938270567221,-5.1507882083197565,-6.5157327578778155,-4.00158899361447,-1.8464885905734116,-1.1365838633172565,-1.8411628950960313,-1.9298942107975887,-1.5289117297066197,-1.5199097461188926,-1.3812103030759506,-1.02492061892826,-1.7792886883536818,-0.9632627869757511,-0.16171459514613343,0.372062616559655,0.5231065677500415,1.1299634010901565,1.7959661826344528,2.641384325306422,3.6453014371617347
8.791022048753028,7.075756341151515,5.64107232262516,1.8739391914698658,0.6530726873201473,-0.3587089370776158,0.7435450874903807,11.48913937393875,5.89330192083517,-0.4380396225254009,-3.875665014395927,-4.39196204532178,-5.282867942845109,-5.612140398030633,-7.860881516479756,-6.053398067426369,-4.1324616713391435,-2.2354192704125695,-1.2584871643544857,-1.7758405859818873,-2.791228817067417,-2.1498230577679864,-1.7223165675799674,-0.9071371932952584,-3.2033261023851956,-1.958847136990586,-2.8732241564520766,-1.6018307113873833,-2.1625428056859217,-0.7071833250410627,0.6907919032568448,1.4011791675333691,2.6623691291216827,3.3215139627633006
10.913888785617088,9.913901870853511,6.835831537214532,3.9569518878731693,2.8399193027093577,2.8344922434729565,2.6825847006603545,15.075537166975224,0.1878958698541662,-3.045568768170826,-4.238836269406159,-6.148514420148695,-6.7801555437409275,-7.781151269613143,-9.084806539082901,-5.823008560801995,-3.639854242613632,-0.8055600396387635,1.2068566203864182,-0.6950504221678523,-1.7560310159390309,-1.870554879371581,-1.915713524013943,-3.0545847237534494,-1.4027939333971442,-1.7257231474562247,-1.91124963902731,-2.076962161543366,-2.241783616120842,-0.8519254982670299,0.34307666418089583,1.2279974053663099,2.373055746439884,3.1512651546376174
