script/wind10m.json
{"header": {"parameterCategory": 2, "parameterNumber": 2, "lo1": 3.000054539987559, "la1": 64.9999836372058, "dx": 0.5, "dy": 0.25, "nx": 34, "ny": 52, "refTime": "2024-12-15T07:00:00.000Z"}, "data":
[rows 0 to 24 of 52, columns 0 to 33 of 34]
11.305640216789907,8.333718989443742,11.373041286646673,10.26238508783235,9.734667485923739,10.451978222556095,10.972652262113666,10.441685462307815,10.306012426092025,8.75081547888871,7.474111709838844,6.066229171025216,2.8654801009239756,2.8192860663570993,3.7303751317640104,3.2968825378004727,-2.2046603800772564,-4.01647287082039,-2.1047224603692247,-7.420961758416018,-2.859406472275124,-0.5718278845641143,-4.074120390617886,-3.6718706753334875,-2.0319720280501428,-0.5470248823347484,-0.6461250403260503,-0.31757234050032723,-0.12017580984811711,-0.7216129023912944,0.23417765502290655,-0.6561659798403127,-0.9878350540272172,0.09680060204787586
12.948620705184023,8.241174380808598,8.958800919880549,10.579933494835736,9.9591203201528,11.391504202784814,11.80420675213502,11.114619711865432,9.702888324544727,9.40220315106353,7.1722993585006956,6.768386859225663,3.3843886657503406,1.3563160126669476,2.2675022414177834,2.1108711537123876,-3.137624515966377,-2.989414102038329,-6.133870756107705,-1.9403166297961805,-4.9206557376749585,-2.6266139407501283,-0.012544648824638651,-3.497143941560832,-1.0150991302267216,-1.0628826357061498,-0.644630113252406,-0.6758835301873228,-0.25517692158419286,0.255124595366961,-0.030569237684924956,-0.07021347455635964,0.31967273765627524,-1.0819985846991447
13.10589595215534,9.293193462971862,8.87150031569055,9.680369187665848,10.671721522012795,11.947751161389592,13.076330199862163,9.62420241254593,9.704568095981285,9.037212981505807,9.049760352148214,7.212532616314591,3.1806475345799745,0.9728275933533846,1.5027204801564509,0.9214454123327231,-0.1464896573329627,-1.685487321238069,-2.07848771206195,-3.271777233591313,-3.930969271636611,-0.9405131560941534,-4.327335470012173,-1.3105732598435609,-1.3174486164471837,-0.7184884704959663,-0.22282378389890953,0.373100834071283,-0.2272114434681058,-1.5121939318040816,0.13417016894503297,-0.10954856568905506,0.6890555314842932,0.0796764001883521
13.447882036569354,10.044768073499405,9.258592354543845,9.639986957524801,10.865601309589309,12.027558255260242,13.139449043622962,12.949783215158218,11.363627877902053,9.923050892510776,8.77034820450007,6.137048818302258,1.5309712953311958,0.8757152254021828,0.08943897089668824,0.3231496581584219,-1.1883778909055147,-1.798289845484972,-4.160086852243096,-1.6843627620559158,-5.384624212882866,-4.685067263220243,-3.5508077083923477,-0.646772056408206,-1.532688239116066,-1.5231382151236261,-0.8908303693321723,0.10198144640251232,-0.39312598154061346,0.022862085263476543,-0.5584161436293427,-0.6140424182183334,0.08246295812234264,0.1977868733951918
12.291491079816863,9.857808782117587,9.175455466631698,9.1468180611418,11.084159585060245,12.924717977346969,12.086928972447112,12.053216766856327,10.734571802616536,9.23361266881116,5.706208545226764,3.0193214704209654,-1.3021848741937694,-1.5234846187501947,-2.040604843365178,-1.010399523224533,-0.41962495494268004,-1.2986582461244038,-1.8391739916100331,-2.945393992545913,-4.722662820595839,0.1371782605427092,-1.6191704105379678,-0.23504758740586132,-1.0804161829233294,-1.197152548896394,-0.9699064471310004,0.7063128418549353,-0.9634687717230823,0.3811447543174541,0.2766948383349351,-1.66525988746268,0.34381393497806007,0.4858409631680177
12.12494498296574,9.748599870376701,9.284403616764282,8.712327625658835,10.73459687838324,12.136037137204363,13.022652144051861,12.289783341078294,10.902394912234728,6.335002839774314,2.5423706203392453,-0.6736071610317037,-4.607893285270314,-5.656118265219619,-1.5398563044113296,-0.7625810743398502,-0.8212163794257619,-0.5477055352049928,-3.9242421206168214,-6.117952726432269,-2.3299071333649937,-2.7704038954356744,-0.2354536803922086,-0.5768492737672436,-1.1410606020216159,-1.3408310209169811,-0.42379953072971255,0.036268322426805194,-0.8164696231589504,-0.6800398770234806,-1.1299901844074012,0.3556280966441051,0.6802280121534864,0.23723519338880708
12.125626490581688,9.606635251795494,8.944950657732663,8.11301690328289,10.598514763506529,12.039399298568872,12.115360684880176,11.260086464246646,9.247177332739232,5.567870271904019,1.3099629291211694,-0.44993283067895623,-2.039707275827011,-2.051917078757719,-1.7365303932452754,-1.5821304896790827,-0.2754929377242244,-2.6459488946167458,-1.9079954167960225,-3.2002355954342945,-2.8705665286398196,-1.5554035137344497,-1.2266649173566713,-0.7145585421805134,-1.1091458764737951,-0.7133308853862098,-0.4241999520174461,0.30938062759059876,0.3940352388283051,-0.240951297478521,1.2156986363151125,-0.4738730076340966,-0.3044179544449165,0.8654685144446073
11.55318450340127,9.337290250024013,7.945389493623603,8.29431297616675,10.80664626268455,12.17921561626626,11.362241288835602,11.02428904825894,7.926302291998044,5.230829056043819,1.9640672046585095,-3.3375391590906016,0.9551421414448443,-0.5848032120643466,-1.394691276870055,-1.0338267498711924,-2.0490501528651324,-0.710136313900986,1.2965678553507254,-0.7861067484117674,-1.3433333409182837,-1.6611991579148013,-1.6583607184300904,-1.5233551554590636,-0.709271964527769,-0.8855820544231352,-0.1690571429875464,-0.54314345769269,0.6835871693655561,0.9610842946302603,0.02193313648378098,0.22551400170067476,-0.04023617777159266,-2.1751800152318017
10.214495621851816,8.29268797409751,7.04911211578728,8.402752894097524,10.790093958417973,12.062505164557148,10.277854649045162,8.954746571096413,3.3087978871082377,2.037507424629021,-2.8120816967534488,-2.505712868880869,0.027368880599082646,-3.117245796401274,-0.9342100525975902,-2.0360805786028275,-4.923102657176065,2.5025531035074797,-1.44673438679175,-3.405716262068295,2.6157743295339517,0.5357918354202876,-0.5644752472944553,-0.6922260341144262,-0.47036706134374845,-0.6803228169487067,-0.023083913085137076,0.8661968061061573,0.5952520538641519,1.5104649979546234,0.5908358843246844,-0.8049336006641093,-0.4502969206180476,-4.012818048971869
9.162244377553586,6.868391900182651,5.705116347332693,7.767056552029899,10.069036636045464,8.676773866497905,9.52238803901171,5.075277131921805,-0.7896806027216747,2.2471610597547467,-2.82045375393266,0.601116526556862,0.2354079176186989,1.8077473418517456,-3.8129340791430293,-1.590585443155201,2.052993811026377,-3.607082440892667,-1.4499391786338103,-1.1359837478450663,0.14929272493184553,-0.6911218669463897,-0.19539995060574497,0.07792743093186612,-0.3073281540459868,-1.0448072661181074,-0.4027055772494964,0.36355416367041415,1.0051837596872761,1.3186343342674804,1.186827581324406,-1.3377787614839647,-3.1457360206622655,-4.305948589802276
7.855690396428156,5.618444472412734,4.556480455448142,7.927564842976953,8.281336199019949,6.373450875512323,4.274058769755739,2.193537961784259,6.479011220833103,-1.3493073667845987,5.98088097740795,-5.227853846091683,2.508671715827404,7.333915070419726,8.086006487836968,-2.9495771647614193,1.0767165545965918,-0.5208516778771517,-2.3588468717870934,1.2179229970862844,0.06773188666939403,-0.6162627121404499,2.654155004034812,-0.0038630035109069264,-0.43849001091677026,0.5625050963610363,0.37207042815302926,-0.05350202014373456,1.2748450456253522,1.0440187884551175,0.17880948078578887,-1.8091553747940015,-4.343984056411328,-6.320480880435836
7.720893935958341,6.139736421020353,6.2868180489034735,6.654916287993564,4.337782840409484,3.8251906913538956,-2.2950391105177577,-5.381255753441091,-1.2938630903568624,1.5335854914024387,-0.5594457597561405,-0.3224129104217542,-5.161975732478892,4.105680332981321,3.7513527097494475,-0.21873472431472837,-2.4019748718553124,1.1946299022805673,-1.2710599518790258,-0.13961936820227083,1.3203623136514593,1.2567599358006134,-0.12002898773013217,0.9750483010580071,0.09991099697562934,0.42705782703992057,0.25242894367768925,0.5724301692121774,1.1335091344867303,0.7515119800794158,0.10011266336382085,-1.2400297299666383,-3.1216911947958548,-4.915729928966539
6.884553585248261,6.016305225363105,4.7950603018071485,3.746178591147306,2.327402740633349,0.7942630797528615,0.3404656627051978,0.6611471352828233,1.0776037256384934,2.639489965386732,6.818043289793979,-2.3640497013273536,-0.17708030673269795,-0.11622975752280265,-3.7241274729728557,2.6635859707613476,-1.2674258344157763,0.9509251627701152,0.901190614709154,0.5271299949269989,-0.5602994703540523,0.4895125851443185,0.7966737427214787,0.2715591339656737,0.7707756093770431,1.0319995490131586,0.5663855133438673,0.5310570261459588,1.2262835641321972,1.7008136583042168,0.039085453534245834,-1.2712094341901279,-2.4607806675749697,-3.919500853614211
7.093097811971973,5.029263847692657,4.536433812085856,6.813676705881167,-0.5130816275870674,1.5060873958590124,8.300613896535651,0.30056967277768815,3.889167697027878,4.732013055356334,3.4229292182084503,6.22906208362697,-1.3461214501972896,-1.072292063838635,-1.307288731870542,-0.6180942412697095,0.06001380720687582,-0.7264596557919106,-1.0077994310314684,0.9055716791190694,-0.9702692466074322,1.3860010245640775,1.5079038536931568,1.36346896244444,0.4375218524969979,1.044831266376551,1.5885144589616453,1.0237618479102841,1.3439286756014512,1.7395433103697997,0.6345943051908376,-1.2001451478226677,-2.194579408178914,-3.634040989857575
7.652192624312726,5.921849330663144,4.078829356067576,4.233914248915844,-1.1789346588227219,-0.3348010502496058,-1.4191704804454042,5.293728540846722,-2.137163755825141,5.145280441129063,-2.444941529527941,2.5856840613427514,3.7223067315020426,2.275903995676156,1.0311726338456362,1.480006549594239,1.1592215911513024,-0.6971168793776172,0.2821971496867667,-1.749725775659376,0.74576974844433,-0.3418245488639442,-0.4836634630976054,1.1509219466641134,0.7047025650366515,0.9887017471898978,0.8306795435592724,0.8476478381145026,0.6604945930628461,2.396549676428696,1.0297702217385538,-0.5878332801764354,-2.3744855571596957,-3.505421233647753
7.002047631325889,5.990070643696373,2.7217151798288657,3.093587260945542,-1.1537575577795174,-1.3883798634196625,1.1124917690283123,1.0733618334422368,-1.824369787210797,2.8905903736197898,2.506723817800087,3.505901216580054,-1.1411843414184046,3.0890628396246855,-1.0520115195305952,0.9656753898534911,2.8193480953187926,-2.556567160760656,-0.7899769589114689,0.18880207650821013,1.5803502874808804,0.749568960984886,0.46539682435911606,1.1967243972754098,-0.20238103805120863,0.6770507359719965,1.5550294092520347,1.5430730551420582,1.2200832944287652,2.2948560182271716,1.3322375773391382,-0.1011178260499874,-2.537973974314969,-2.845760949863076
7.00403548189442,5.372214666248124,6.407645658713924,-1.5744157188843877,-3.1418388628189833,-2.024472660766866,1.8336625465470495,1.1973995214200017,-2.3993957426529793,1.798902882003411,7.139245728226318,6.3037512081704055,1.7962687306917207,-0.7328381365799086,0.6230599642080954,-0.2678631517237139,-1.1081690289787915,-0.6855960429153367,-1.0977188083579472,0.39927670557179334,1.0731564225827146,1.7761988504012494,-0.16737837382817283,0.7534876207519643,0.4210591591255988,-0.3109150277805279,1.1575517060475,1.3782166985958568,1.4169555171890384,2.2568007664668217,1.5364361768029935,0.890837148525557,-2.24639807431097,-1.8705029259509336
8.68774192787217,7.378545760779256,4.57276416026945,5.718973867744802,-2.227825458314342,-0.9108739804497111,0.5364938924525613,-0.8659587788107553,7.277882784910775,6.682706384592541,-1.6228995403805648,1.2611995230271995,-0.6115904064895679,3.526930864596864,0.8883397121395998,2.4510901352880468,-1.0845136085922977,0.18340862320082232,0.7769956678719557,-0.3053067801891409,0.3331706444180952,-0.34290705684338746,1.6230620021671243,0.9126179801992677,-0.26135304446354124,0.7544107929290653,1.3224348707471962,1.049779274213832,1.2593251785899888,3.05073358490001,1.5854456624523283,-0.1438767921218388,-1.4976561667440171,-1.3812935468296579
9.054307053278128,7.697202250726792,6.183487493604435,7.74051343801882,-2.47551598465697,-2.3335474696675282,4.705751718081426,2.050148855354866,-1.2602486772249681,7.612152099498578,3.23569493606442,-0.563445494055206,1.9052588485044906,-0.2745411133192756,0.28415134543119747,-0.04004012814885389,-0.8291041107369144,-0.24202076269527475,0.2899924060911394,-0.6106942132867752,0.7695570877108141,1.9954836348707576,0.9806086492855529,0.6537053403502018,-0.7776807096466023,1.0522203085122346,1.1283778988421775,1.338967577684111,1.140404295271555,1.3649963058734293,1.6136637417980695,0.1414149732432016,-0.7800875869206771,-0.6958761286758702
10.571033661172926,8.03037891452723,8.040529302628954,6.179615861608372,-0.7403606822801105,-1.8526056136042897,0.5330281376838377,7.667420386503128,6.6288407524830015,3.673328422405596,3.892485601270654,4.095425131731904,-0.6479179180416462,5.8077289318011145,1.0199940273908181,0.8593146260271055,0.7337584528614536,-0.534579050712023,-0.6297904044069362,-0.412496929889733,-0.7263307258579266,-0.13989199678027822,1.5565992122999224,0.4226692739790001,0.004679448871536711,0.5407815458916542,1.3604545221566495,1.002610879495627,1.1992070520744358,1.1443732709789494,1.3488109279609946,0.8333996441271961,0.7468048285818915,-0.05352527148174942
11.51575322804797,9.554562488101373,8.49126853715268,7.758870398464115,-1.842341553623564,-3.0722817042646207,-2.844032051202502,0.3700088175547553,3.0403446762014994,3.038026689571951,1.4017783666387758,2.6507956625966447,1.8710127651842785,0.0655112375777432,0.695110405775789,0.17620544277107045,0.591886304413517,0.0713063387856837,1.522525249984401,0.12865403101513342,1.2014272981653746,0.5197064136555437,1.6540001331333445,1.48093181547349,0.7140558373400712,0.98757990591822,0.966155196558192,1.3430554170209663,1.169146644306377,1.9702810878575492,1.9721939788532807,1.3080441618200558,2.0189050173576226,1.168197251840319
12.526325516811188,10.109765597985282,8.831973762407431,8.598509609636185,-3.9672219198190066,-0.17273671361664597,-2.1096765341123125,0.2829832745797064,4.390934050264281,-0.34850870694319497,1.9170187541062556,3.6118703300136117,-0.9436134893320739,3.2806278264567696,-0.05298683731398418,0.39745234381959405,-0.07804255086562924,-0.7563449362261626,1.6768465715081404,-0.24085738740466178,1.6163826609982728,-0.5853463119311124,2.230517770890028,1.090101366574741,1.4067543115063708,1.2312084273304358,1.0484579602075776,1.974719955373092,2.521133107443717,2.5477926842407084,2.506511726754115,2.4220517892829982,1.6652781123830063,2.4574808011371574
13.348037520462956,10.726173088919715,8.700639734226334,9.266476489277737,8.97170854167443,-3.9357152587492856,-2.8429893312273258,2.5139057087362824,7.170949701459681,4.196406135657046,-1.0009286225821867,1.438609438101418,0.3436394471526648,2.0716751503341992,1.857107205576939,1.995075686151373,0.46609325701072535,0.3935620768830298,0.16740752699615324,1.480866416173193,0.9475711810831305,1.4970764086791204,1.4357160809716036,0.4919182508745033,2.270711470500841,1.8540618975356478,1.6784895969456748,2.9515905526762345,2.8187736464764055,3.1176928329339186,3.9272055500084324,3.179739300446371,4.411471745427613,3.4637839831053725
13.897388468781784,11.41045133252718,8.713312711399697,9.474807873916104,10.475422799297649,-0.5909580729325487,0.021251424556909364,1.1969657214338507,2.253055649186803,-1.804604900577488,0.6808466297100715,-1.1902485253230695,0.9941849611728261,1.1641371022654925,1.8308997376639355,2.339984105561603,-0.22900279026775353,-1.127158400598203,-0.6216946555924575,1.6449585744028827,2.124681361265518,2.7352693358424727,2.3524641995719384,1.756131363112862,2.6226013920562927,2.4067594968180677,3.0439799757989814,1.7517563863971188,2.4301327096150698,3.601518653755029,4.28076754769496,3.0518684757338113,5.752596148716775,4.583471060714997
13.389140973334309,11.67705239380655,9.260382633682351,10.019267405463673,10.638371989673166,3.383476800142312,-2.7139795465179164,-0.07315548008183445,5.033739609562244,0.386774471308333,1.244370887822888,-1.2961141156362206,-0.3693437113756173,1.5873764420177274,2.53814240471316,6.31412591781819,2.5839934695159443,-0.35618143367565086,1.739075133576458,1.5726334212217763,2.61042576739557,5.566495505864744,1.3854712144066066,2.2320586731309313,2.32044917148595,2.484965758551993,2.9964272684920954,2.1956119328402535,2.2237863198471497,3.3758499407351144,3.932563591762261,6.711032648041342,7.449650138237853,5.876524537204208
