script/wind150m.json
{"header": {"parameterCategory": 2, "parameterNumber": 2, "lo1": 6.000198445256149, "la1": 58.999992894266676, "dx": 0.5, "dy": 0.25, "nx": 22, "ny": 24, "refTime": "2024-04-16T05:00:00.000Z"}, "data":
[rows 0 to 23 of 24, columns 0 to 21 of 22]
7.521164857841692,-8.370733332585694,-5.238827440997699,9.12201642244643,8.511892529974038,-10.311972093353647,8.443365242831891,13.198662090625033,-5.796141766345971,-9.599084456559767,-6.769662529044413,-8.023966128203144,-5.765586345739801,-5.342981259482268,-6.409929695696645,-3.8504830398940046,-8.710018971441908,-8.564416546725079,-6.775714473179437,-5.400428641716969,-5.964443814301134,-14.12681551070944
12.015441552893753,-5.928046348427293,-5.397501437489244,-9.774985184174891,5.026046406158034,7.536005297127086,15.661908021539473,4.793867372043081,8.409395429151813,11.99817841153141,8.955013046994551,4.57530568930969,3.685304607829167,-2.702413115095236,-12.112898003343968,5.060175311953255,1.788449794784138,-9.161880279520636,10.290276314272678,-7.172288635696746,7.476837939809443,-6.928554211055116
-3.5740314284519026,-9.02488697799178,9.006059090068662,-7.877061321517477,-6.708781801496968,11.733639687358988,-4.682763363218763,-7.520953962704762,-4.601643142918814,-6.2680478527497705,-6.210446613631751,4.771971634113497,-8.696398136113302,-8.05330991658489,7.22882809461336,-7.452992122656759,-7.433333674875657,-7.370832606576544,-5.11004351181943,-7.5873755565804695,-11.289428983452593,-5.516711632793795
13.702877116451875,4.052890407082845,-6.086994843076267,-8.423083130756227,-5.921181332010184,7.875198421808065,-3.2107866964019136,12.765753080389269,-6.74243059765941,7.434501057028826,10.610536681706849,10.586144927808265,11.820458910378852,13.032575752624199,-6.695521305887322,-7.097979901869639,8.994224538796269,-7.09524238978299,-5.417241197824026,-7.2044697698415625,-8.332665110410769,13.101438025734197
-6.03583032145117,7.726767347179051,-6.623151819050978,5.522802008770235,10.620339852895427,-7.177329747802324,-8.806294675826674,-6.80524846957381,-10.464968208652957,-9.731814423479374,-6.6806926023809625,-9.720065413193396,5.465174706252943,12.113144661679398,-7.077968918382338,9.144450200393026,-0.4238297704525546,-7.827920844708688,-6.562887409104168,-6.292667498892448,7.229658368068516,9.485035455321869
-8.52473914614638,10.698283620561174,7.558744447144439,8.88249585502364,-6.792313482482771,3.038960564242688,-6.743484922858432,0.5552052599218761,-8.48669131935356,-5.300239670670272,0.9150817124316851,-6.753660288214501,-6.118525599606637,-9.981308825853766,-7.367605612121383,11.271629270198705,-10.51501641641996,-7.47216579610915,7.848533836724679,-5.936817560552858,9.911565691718264,-10.951633201827496
8.898964648964592,-9.099495741554625,-7.539490992281897,7.635204031399831,-5.847319063923265,16.168362667110955,3.9634751519098765,4.39206040680099,-12.004304519467746,-5.544419848454586,7.224359675708975,-8.391222755661632,-9.361252739077527,-7.261261480813084,-10.830005904922526,-11.333139198999993,-6.195539637088743,-4.949332574294201,10.528517789555632,-9.3919607469469,9.378295885201762,-7.75332753843112
-11.889745257894306,-10.103549098759796,0.6519523787741058,3.05364784842912,11.537941168496284,-7.996381460717418,10.3211918109052,-5.0659238143265,-8.447041445106784,-7.253931571565359,-11.051119098804232,0.2891773635610026,7.641785257371666,-9.921854394754746,-9.021919145089736,-7.196517603736944,6.0085078851317375,-8.31742313692361,10.621339689309416,5.161799448378322,7.14459132980409,-4.482640976498442
4.3349894900252295,10.010869638101799,-9.211934393935802,11.741319583057976,-5.092967359820334,2.2315786573908505,-7.463390325288071,-5.624792463214357,4.167474917645867,5.716897569997358,9.219904481334211,-5.292215382073771,-6.187145344131994,-5.976708004700832,-8.186562053945782,-8.63161813630821,-8.387336350323944,-7.627368094271164,-9.44245710497145,-8.06611008797062,0.6572864348877284,-5.621367714354299
-5.998640159583365,9.138772296191512,11.889178055589388,-8.014213280042007,4.420999628398621,-8.822628013445838,-8.877055929802204,-11.00244536134258,-11.161465527953881,16.73801207340161,-7.6734663551651305,2.011518171134179,-6.8965131469069725,-7.257008302492968,7.60560128371907,10.31060908424153,-2.594849757655542,-7.266709375262459,-12.473145616450536,-8.897778514966635,-7.13371178811055,5.35758076901266
11.321932212423194,-13.571130718653043,-7.75504732738189,-5.871344884193731,-6.684712154624445,-8.356972282212597,11.54303895578898,13.67839565820314,-8.865628807676643,12.803289542034767,-7.943683363825822,-9.101034151645038,-8.519627407599582,4.565300250246949,-6.420721467949298,-6.316227005293865,8.635532553924884,-7.668586528350242,-4.229409809348889,-2.1106469548574167,-6.4276625945658665,-6.745152204608329
8.024984978211664,-7.012510920759498,4.606333684060103,-7.979534886034892,11.566496030641316,-5.566030917461885,0.5241820372173782,-13.50714030774572,-0.3204262558366052,-5.142255596895008,-1.6499459358634483,-6.556916797308892,-6.181639105339814,8.171757742606639,-8.719120057095347,-5.41307682774224,-5.74208669046655,-10.504899116210963,-7.557877563948018,-10.83896919185554,-8.860406723981361,6.8802777771203285
-7.615888157488334,11.448547880097868,4.300745769733438,-9.608336905833866,16.280582632569306,-8.61376262417286,-8.156860510991548,-8.20356884705839,-10.211024904992458,-8.131824539425516,-11.986092832911833,10.02718978829626,-3.1545997861874366,-1.462472678493116,-7.353233291541539,2.3291581344607706,-6.138146345564448,-7.101378777072428,-5.549109644438662,-6.437432526222071,11.513789535675597,-9.428231178789538
-5.770339487979563,-4.109995386113734,-7.086137669690344,-2.790877019811121,-5.2556675983401435,3.9914828451516366,4.538533214975912,-7.596350450833045,-4.70059107529134,-7.647672847087687,-7.124075802791574,-8.402478366845328,7.825040670119994,-6.1729053893760115,-7.266531835188863,10.870991018769708,-8.469257346844115,-7.359445049119574,1.8662309277852056,-8.93681232269146,7.157588412296698,-12.455472247432432
13.694618090763699,-6.115909829361268,7.571194247664754,-14.07462314903196,-7.931880881049132,3.631245887059256,-9.03390102889742,-5.625826222527787,10.691225974450559,-13.303884036783755,-4.845779028466274,-5.532025158744589,-5.791852644040511,-7.456419353697298,-6.866577411771056,-11.03152449722435,-7.414323475571465,10.376909180611001,-6.802904113165588,-6.998016852940767,-9.566512609365924,10.641621613877042
-8.664698140596508,5.747977319467085,-5.65791912779836,-10.379638551266003,-6.255400995853251,15.723422272039352,-5.519716218729875,-7.423695507024209,-6.020141193618574,5.371341723848771,6.32715182209105,10.466437008702039,-8.376087073346682,-3.3385711235807953,-6.733739002447299,9.314003435059245,10.610234871276466,-7.955557196866452,15.840317956438971,-6.577375403181709,-0.850109854577527,-8.196840737713334
6.465945416203872,14.691545342452516,7.925413923361419,-7.248338351904547,-7.6536961684863,-3.0340479026405305,-2.415802029298497,-8.107344239158163,8.03008269191169,-13.611462539888313,-6.324432864933318,1.5229179612542978,11.006896608767118,11.385206302890134,10.941475177645223,-5.8964467719801945,11.949048329564922,-8.820555650998784,3.9073783381168385,-8.506431745238574,-5.277078171216066,4.9113613742145645
7.017360944681574,-9.285110390572505,-11.455579688764823,8.683652643785432,-2.952461073501153,-7.750500921698876,7.29757533131004,-7.213132027635455,-7.756363105017883,-8.736696275605814,-11.589810092815044,-6.519042769769786,-10.777717965937617,-7.969629570500317,8.866356412786972,-7.595459103773045,-8.946284774185438,-8.639502671321234,-11.63049263340718,6.022921036777849,3.3348144431775673,-8.500416650221236
10.418557495363542,5.328340163408424,9.168914659977922,-9.428840376511571,7.849647867976277,8.094826686853992,-10.903782817727498,12.67737025810854,-3.972488762696079,-6.516416624329901,-5.743064142970523,8.09227932454976,-6.373064497183998,-9.468113968442843,8.492416533566242,-5.492615383185949,-9.473751913520836,-7.5429947359240535,-8.175237489852979,10.799187860495064,4.727796930766423,1.5512647378200997
7.528233954639076,-6.447608528921958,13.690973603938973,6.416207291479875,-9.507790723402024,-8.361835122448039,-4.391064783537577,8.524905241983376,2.4077607066553477,13.542582063922668,15.027403288000304,-6.5015343728836905,-8.796820285985673,8.019902475038966,-2.5824212142028116,-9.452024205283928,-8.722434620692454,-6.928796374232695,11.430824614528007,7.4133402154000585,9.191725839657936,-7.070851248801099
8.694251146123266,-6.60866059715178,4.093031648214515,9.302123766360957,-5.317415283338621,-9.039051924097677,-9.640772162704353,-10.838618095097855,7.028936148134435,-8.290205452493295,-7.4230021854789,-8.825865574998787,-7.284340424417525,-5.280968247886634,8.129838089637067,-5.372345356599878,-4.953580426918954,-14.447436072442082,7.926866017830099,-4.185321725401462,8.006474877971698,8.38294833449362
-8.269449340114265,18.32059153911237,9.224673700221983,-5.6186493592301625,-13.055358018043174,-7.4942761732043675,-5.737916029152964,14.195816378453063,-5.769748957983334,-6.958875742856956,-1.2415918505809,-6.773598808618179,-5.026025475259572,-10.828050334130005,-5.032541379693233,2.368889954450811,-11.822737380117859,-7.905630824509122,5.820920659979051,-6.443912056733958,-10.025668072909257,11.488689018152884
-6.884987882039122,-8.812480994512974,-7.2127283722097415,16.99636474449596,-4.113350055910116,-8.42666586686953,-2.914342840400924,-4.733670170953382,-14.523491854890217,-5.324332425660352,-5.776843814809182,-5.748906310749848,-8.559420348135786,-8.66918202900943,-8.628254699609316,8.041700457459974,5.990955998415364,9.548568828181557,-7.7111963345823655,-7.224025359986065,-9.186410960439314,-8.252674677613781
7.885040395910172,-5.333105433614902,-9.043137183588865,-5.496523655763145,-3.2938747541465068,-4.498911194415164,-0.7316139455771349,-7.499132837569397,-5.5384287483087515,-9.85438935533256,17.109916517190022,-6.53921097204169,-5.706257422789996,-7.280113800330273,-9.097995793382612,-6.333773179196997,15.69036467002867,-9.286035221808117,6.860652218010285,11.118244282794222,3.0819870679393726,-6.890030700309456
