script/wind150m.json
[{"header": {"parameterCategory": 2, "parameterNumber": 2, "lo1": 6.000198445256149, "la1": 58.999992894266676, "dx": 0.5, "dy": 0.25, "nx": 22, "ny": 24, "refTime": "2024-04-07T23:00:00.000Z"}, "data": [-0.26101033385088956, 6.687149476279725, 9.519180420143938, 6.636629219925842, 5.164259596303151, 9.649533735405436, 4.60935907410945, 4.907674647949072, 6.2040154203454785, 10.296806218074067, 10.419948384968919, 4.422457096884329, 9.783746634709946, 7.444219279762114, 9.148021321574646, 5.222373588298929, 8.256898067666569, 5.476884516105481, 8.495157734792446, 3.788952481363863, 5.425507234986662, 2.0037358950221744, -6.262613724669087, 9.574006418777339, 10.138442955187063, 4.762741314277477, 9.741033415797471, 3.4497920950670906, 8.748014041740591, 2.4316457067561617, 5.772967974633044, 4.5863519600581775, 2.189034465483785, 8.740205230155325, 10.04475656087809, 9.553018014974173, -2.8987064122992097, 8.437300497515563, 0.4040664853321202, 5.5929700488773415, 5.525266100754929, 7.094778089834813, 2.754090276348125, 6.891116651254982, 6.462639896140876, 4.346932270695216, 2.9655516785804386, 6.629428829018075, 5.162796923232378, -4.9014458802774055, 9.42183083961252, 6.046974665422847, 8.15355094062715, -1.4240598970843115, 4.468663413326814, 9.606011804000657, 5.6021039543179745, 3.0869431757619443, 8.096387685464393, 8.333216904492676, 8.475285225273915, 5.522466350081423, 7.148132904332881, 6.163667880378577, 1.5971792925866835, 4.897003938972554, 9.044927256743696, 2.2788207655426707, -2.645580431812199, 4.74965274329206, 6.1169897568187785, 6.774842970888733, -1.2824166829347305, -1.5506008549209067, 0.8956066701688398, 2.812363583024461, -0.6839681475935335, -3.27872309518086, -6.487702061366969, 5.4258848094701975, 4.712206586639015, 4.177039228687171, 3.8074293996409776, 4.447088535213491, 4.841144347820066, 4.150744303866726, 6.964564985311501, 5.016549531620045, -0.1667696938388114, 2.8065078837092874, 8.754078869665294, 10.115796497654788, -0.4154894008541704, -0.3261555216033991, 7.072617259973649, 4.495367605197505, -3.4353023042806194, 9.316628298253283, 0.3245229607602366, 6.269821461116962, 10.355252897054724, -4.62903363837325, 8.123941284889485, 2.7553416234959225, -3.4350255438870003, 9.817120357699764, 5.4232966366160795, 5.120953737104281, 5.882115410467974, 5.035404884042382, -1.8445196040001597, 2.321349220432036, -4.078777159106103, 4.48535063871755, 10.626173851231673, 9.06369183657215, 4.733535231734538, 4.860861762466262, 5.423604197302667, 0.4585070345908958, 0.18115820555827813, 5.6409886989180205, 1.0157632136831771, -0.385580669352772, 7.5977787442099665, -5.95934701276373, -3.064776511186297, 10.611225445411602, 2.4478472136276666, 0.9108277414323911, 4.82445005051209, -2.7626930592123893, 9.64302175002806, 8.714639764924147, 4.70720147464881, 3.487181917507835, 0.6536807658151951, 4.557502926030524, 8.409570158240115, 8.696171661869691, 10.761983983434124, 5.750478322521631, 4.101634742739927, 6.654065377772151, 7.996484992874527, 1.8049046264825592, 10.278040972925911, 11.564543974689814, 6.503672145251067, 10.866030393661397, 0.33484661684879097, 8.158538712809289, 2.0669478962392733, 4.807681007546085, -2.722029178939139, 4.45625631552157, 1.69682541291428, 8.209081624854223, 4.277300365001683, 6.071840696921887, -1.343801166455148, 7.288284416739366, 9.233484174684149, 4.385291906266309, 10.279993661995016, 6.429767296603795, 8.532115376060826, 6.01726540531868, 8.35132584379506, 5.07656830746724, 0.5394321765423342, 8.923239358118826, -5.665882483126248, 9.880570058419549, -0.9772925911235146, 5.313583583697724, 5.077365281716462, 5.345363641202162, 3.9447449645597716, 7.54941774988481, -3.5454893678135524, 11.121425662198138, 9.428431865301572, 5.907914434999934, 9.923061500935598, 7.321532527700064, 4.304552945588554, 7.537073769249362, -0.5129886546739624, 2.824925450813886, 5.155548430873371, 7.450147176408603, 9.110073019849501, 4.814618759639603, 9.695136348705098, 8.167200947426045, 1.9186166975243866, 2.1666021495822525, 7.3434187652840786, 5.511312132963943, -10.32405232476465, 3.874960667313385, 6.011914111859479, 7.627893937736235, 6.028539956216315, 3.796962291409661, -3.7370914679003313, -7.928729893897922, 3.123280352691877, 10.99418039317754, 7.636700906976247, 1.7273478246243277, 2.2391938223726733, 0.1507952536908102, -1.7528413677419132, 7.674980834403313, -2.10423923091129, 9.826754575031634, -3.3659284973177357, 8.519672387410942, -10.526313240605349, 1.1274492480219862, 2.4644697748945186, 10.073374454761852, 8.219962971537345, 0.8097640619580373, -2.527093992519829, 5.564712661162502, 9.613844865822005, 2.162707125720898, 7.530190708363282, 7.866347640789638, 7.7615679715452455, 9.139283225294474, 10.169711458570257, 1.6149986830028562, 1.8847643073265066, -5.80653214008512, -2.995410076625762, 5.9862348888363, 5.050769963541276, 5.881660880839826, 6.887779743641522, 3.886587409334907, 2.557069348975074, 5.493421047100268, -3.094622199927976, 4.901973050270781, 2.696275254602148, -2.1947618624489422, 7.218738772337939, 7.048082906872907, 6.883973695413879, 9.673852707132632, -3.1865998158412103, 3.933315529633767, 6.741889957241891, 8.543888003788753, 3.9990306530560464, 2.4145776197698865, 9.98014831578433, 9.650767532011141, 9.501695195359517, -1.4206597198298485, -5.898669864639468, -2.5133011208153553, 9.026140984811345, 10.57696244960242, 3.815026963084261, 3.18960739600446, 6.054252997901837, 3.8398300027961425, 3.3795883569540086, 4.8525609165847, 2.331621892937157, 3.819852839331348, 9.356516135773232, -0.03525833883526561, 4.019354130203577, 10.940206930722317, 5.878241537148583, 10.111041830593214, 4.329390101285943, 7.085061667927587, -3.2520046286862794, 5.427563070828512, 4.767403445637939, 4.7223636920923955, 8.470916585967377, -1.256178296770821, 6.197215874542566, 10.103706937250918, 5.483779091449113, 4.304410834695398, -2.4789404506293677, 10.371171341909328, 7.442174337879251, -2.714874504682657, 5.950277767872658, 4.570825761923827, 4.079097862793082, -2.9504953993141347, 7.38659106159793, 8.27144754090988, 9.355976530517813, 6.896427704360307, 5.763169940612681, -1.980855492418945, -9.556965819162658, 6.990745410049975, 6.588105470920966, 0.8583117898025319, 7.7668738546251594, 7.834006342234324, 8.025997281420693, 5.718403733612877, -0.6580047624246219, 0.962863356904185, 5.819793934111368, 10.108523403693253, 10.187819075203326, 9.252938021010385, 4.896616907656252, 3.533865096965391, 6.890314444175048, -4.650867386094884, 9.75329075429074, 6.129934641129882, 10.546883997099934, -6.987786318454007, 4.660523076085568, 7.902659879639654, 5.477079381753131, 10.818649642682148, -1.6957522901487716, -9.4357973204043, 9.576705541653814, 5.962883663124809, 6.644233493251272, 4.791399794942986, 0.1007610820666609, 3.089034287605234, 7.718621444062777, 5.452291966628239, 5.462854320162971, -5.0893974669659965, 6.750859667350395, 2.7561303622937747, 2.0935040422694273, 7.0437521511895484, 10.437780390280908, 3.646134739784653, 9.08155569061347, 5.558852856219734, 2.6567568950572693, 6.999635556285237, 6.317669493756512, 8.5683856228209, -0.374418259569757, -1.5907022131615514, 4.640085903867616, -1.7011397029393616, 8.148287563865257, 9.341659399523113, -4.124869026748756, -10.108845998758127, -3.343995937050772, 5.934716821975201, -10.535406899690054, 0.5711598591421622, 10.425927508347414, 9.414151218991645, 7.30181099502634, 9.072976206611118, 2.8559060631882676, -5.768429458254563, 10.179624534405717, 1.473578462648567, -1.525729556500392, -4.721229308460377, 1.6083034087637593, 3.362831632373914, 5.187775734696882, 8.0626854459423, 10.236321931161086, 0.4319668473007795, 10.151729183544777, 5.776703079307389, 9.424891482070729, 7.570210125069085, 6.46298102708383, 5.853214860608069, 1.3806798565701033, 10.133747997119956, 10.821796906993054, 11.845457578315443, -0.2537291732515493, 8.951594712341405, -6.009060074206797, -0.6995822324242548, 9.55413367684352, 11.472065004553812, 9.291258481164942, 8.462444911441917, 5.206509426490703, 3.575335205592998, 7.1718693835047835, 4.662135662748052, 6.931915307546618, 7.2953970034899545, 8.781606483935322, 5.587132219617272, 8.842820421093505, 2.2895375079530313, 5.477870002093297, 0.4967544097986657, 8.723762500163302, 9.98551170828683, 8.891184487592403, 7.685312700677596, 5.073209703909689, 9.905582201919959, 8.91694293676714, 8.066517037943434, 0.13665053610284944, 3.472377397349833, -4.355213606927998, -6.394375865782857, 3.1139745390887255, 6.977090119372606, 7.996971483704471, 1.9815203746539582, 9.236155934531311, 4.815279047632978, -5.416046150356002, 7.6696607218190165, -1.1541307740781677, 0.8563459592414707, 7.79846897890757, 5.609528369265125, 4.044873854593281, 6.307129240396532, 8.394932574694195, -3.3491609788877788, 7.830103486191503, 6.603071606301453, 6.405204210095745, 10.009430529864703, 7.908693156542026, 5.1654701529057805, 8.190362024301368, 8.152166523007145, 5.583563528182886, 5.2940244901899165, 10.745864228092014, 9.687551203799142, 6.525137007922111, 0.10376924212292163, 8.300657865710487, 7.481469124436286, -5.647743974563129, 9.099760502412444, 4.739370508518526, -8.717172818015479, 6.6958015414723695, 9.855953707091416, -0.8945973320953835, 0.5744117699634398, 4.2214004866171155, -9.99981763975547, 5.1151938028596415, 6.327765125539279, -2.831833502715224, 5.417669229602927, 7.876264072822553, -2.8877042907445163, 7.2042179503568615, 10.065820361838535, 9.347746721713378, 7.215557604861218, 8.985317915514324, 4.5003401409724795, 10.386627181462401, -4.8201078549144105, 1.4126135483962146, 7.329339108009648, 8.41967320721146, -9.356583349975812, 8.51447862815019, 4.814914740031675, 8.960231800735738, 10.480067426931507, -1.0905261020142436, 8.068145610412785, 5.93799904477845, 4.086280073778203, 7.610566208850545, 10.12027991960371, 9.089633130609435, -0.9795054484514035, 7.8200893267215825, 4.001969247732097, 6.612691564244634, 9.79325622066102, 4.7406234382226415, 4.670555108771083, 4.775993802950669, -3.9825536321584467, 6.031610383646642, -1.737557819108772, 7.52659059522993, 7.385997096292348, -4.094575770911434, 6.3763039736965395, 0.8467012132014283, -4.8477870277801465, 0.07495794488643506, 8.460308290880976, 5.84668160224127, 8.30654004393773, -6.069696542272834, 5.518916488791735, 7.038184590555179, 6.658489010244397, -0.5185714671486499, -4.062527905641808, 10.148881531407538, 10.523547053066501]}, {"header": {"parameterCategory": 2, "parameterNumber": 3, "lo1": 6.000198445256149, "la1": 58.999992894266676, "dx": 0.5, "dy": 0.25, "nx": 22, "ny": 24, "refTime": "2024-04-07T23:00:00.000Z"}, "data": [6.480209666768291, 16.408167046605538, 12.669236562268507, 5.507287824543657, 5.392881975074867, 13.410015896867858, 5.390513318252518, 7.831910201787917, 10.273227427378536, 14.986180674194467, 8.002940972107327, 12.33739762769601, 17.137541008086387, 8.72628231461254, 7.572416736504257, 8.144287346613922, 7.326424849526074, 11.203414747638544, 7.9996150737311496, 12.816059768634693, 12.322418727712874, 3.506148015919031, 4.485952697676281, 12.442641380116715, 15.352070145604959, 4.800551121428852, 4.002355682622363, 0.5694953396032653, 7.807851714449017, 8.963308489552288, 2.279686593809025, 7.5428779542365385, 7.301548773494794, 4.7034983851887695, 9.858501107082684, 12.521462369282478, 6.519680392765038, 5.253169537452179, 9.03216006527385, 8.541807192223905, 6.219751607158503, 17.357336302284626, 3.24450122545222, 7.62362544527501, 13.709452508512006, 12.355867844806788, 4.874622516123479, 8.61777927724352, 9.80591241645669, 9.104553377906777, 7.14319190999896, 5.035354979592536, 18.550689484126504, 12.06317213050814, 9.662246739659412, 4.308516591276078, 9.055824948673555, 10.918733660925458, 1.9644719395262362, 9.300469642186792, 12.843177820232409, 10.26742784106775, 8.687599798732258, 8.622880102649779, 6.9730117738985795, 9.012040564060523, 7.980571164604385, 9.201709545867207, 11.059384310585902, 8.185521711604283, 9.869110226582187, -0.12627362095112382, 7.943146295711285, 13.14039134438262, 9.893270180866137, 2.3196543485439576, 5.69429793291001, 10.510127102417513, 7.831321474806264, 4.512782614640094, 10.639987415232376, 11.567925700033799, 6.034715268490676, 10.364996022021797, 11.252132935396576, 11.160337166342075, 14.127406276133133, 6.765727797315755, 9.710344009455445, 0.760658690879181, 6.7943981026156495, 3.314889731672225, 4.4658163025613655, 9.130584073209473, 14.288502439741752, 8.90637284841111, 6.475875982336949, 15.149265652290158, 8.557856054158936, 15.751134133992135, 3.764047554706631, 8.801619017332118, 8.149366620435496, 6.795027083814412, 6.215945378029309, 13.700832361002899, 14.07772953775763, 7.018311691080615, -0.22659736271572076, 6.120476718542729, 7.961535673223698, 7.319000696076087, 10.997975107698284, 5.534109312158648, 12.577031283333428, 5.066750156529153, 12.406480330028405, 0.6949821331528498, 9.03269335208792, 4.85554043871788, 0.8569208121596394, 12.053794765578344, 4.8919882909383405, 0.019354613748470258, 8.360699975706456, 4.208922651607593, 2.8644350010046087, 16.21553638944905, 7.10435149840693, 9.267741097887031, 6.838090551854192, 6.037089863338536, 6.54573823253706, 12.323866315451905, 10.478607446235188, 1.6091673584307111, 4.434520565079854, 9.497646473806354, 7.727676495596567, 6.960016032379204, 13.11874449874009, 7.718346881346684, 2.4150262356464, 10.06873680963337, 15.887380970019658, 7.340147805611596, 13.872314879204206, 13.03156570075774, 9.359952525168474, 12.479085084562696, 4.7599959995417205, 15.815269640634243, 2.8724611518328405, 10.350222477949876, 7.3710913441829025, 5.850719564008069, 7.474101907487245, -0.14756371064442927, 7.485895927579937, 14.10807335888388, 8.555589031066587, 17.880581054244647, 12.41379828144181, 10.042103929612338, 13.03887266201853, 5.943670406104991, 4.098106526221259, 15.30069006650407, 16.18775848841417, 11.560636185623332, 8.75055497192511, 12.979348878794227, 8.9960853859548, 3.2139708180393094, 6.255892341350812, 7.994943276185881, 8.819371796048612, 6.249811136626891, 13.945550354699536, 6.392025317446776, 12.174794927025866, 10.949109326980151, 16.556891898618925, 13.374720368778357, 9.096135143535355, 2.1141583784631277, 5.02041792124916, 18.07438201271301, 10.244992458380992, 4.2245717018631, 8.408429256383899, 16.045742206603347, 11.73557678082399, 8.48597652993074, 15.679812971592831, 11.228948790988685, 6.888781580063693, 7.011290607070126, 7.136303940644126, 2.7895772031401593, -0.1473651554023737, 10.634389777872236, 9.290953829797939, 7.847420962911024, 13.797683320525712, 5.766934421305239, 9.931438682572097, 5.22084236391958, 10.20714175471281, 3.84573842402612, 7.93257232509485, 4.082095795683237, 4.734418922776507, 6.0382294296151935, 7.3062363388000815, 16.417308232434184, 7.903061536997156, 7.804104518587405, 8.352692395632882, 7.525085817704631, 2.6353304953352694, 5.277388091520817, 4.315525516834939, 15.137496380390736, 7.355952352270027, 10.1036695209215, 9.449837653390947, 6.93626163337411, 13.153221738352839, 9.523249909206385, 15.307291922156384, 15.898951172987768, 14.445178190635957, 7.967557767760578, 16.00058898386602, 9.63355048039055, 9.908082518610355, 12.385847398363456, 5.7971293143052725, 9.010660542154692, 13.789172712747105, 14.203456112225888, 1.9206757313567409, 7.487310782782134, 9.154181840024831, 8.462209491813766, 8.644561542149523, 9.279002770727628, 6.274198912708779, 5.607185530696911, 4.941688394971789, 7.996424108102616, 9.611707358517762, 6.829218797554806, 11.461969902463872, 0.30184095727366467, 13.052837594162728, 6.514881506628623, 10.190061833330773, 4.512219822620578, 12.905674938367486, 13.247690945856094, 13.262730413814918, 7.538884962707674, 12.628084767565696, 8.326384366072347, 7.908815502214986, 14.927728856912058, 10.07779677992066, 12.433402213298066, 9.045337999681038, 11.16966626761947, 12.709120242162136, 15.820729674938367, 5.158000440767333, 6.928194782977048, 10.968101466120023, 5.398079897603561, 11.286483674116315, 4.970203008902724, 14.989916128334617, 16.101455289562132, 12.166827534794228, 12.757082260343724, 9.326480486071537, 7.914491189246242, 9.063915538890688, 11.585523998402277, 15.69958852244031, 7.025418731555559, 8.274801453310465, 4.959496258745254, 1.0061316787592833, 9.540860108208275, 11.128800629338516, 16.091285336895368, 8.111104248667393, 9.969325654375938, 2.8726773140318973, 10.500641927514407, 6.4235268716716805, 9.731961524758749, 9.374675361491096, 8.435772733874257, 10.651418951776503, 14.68590734059871, -0.5223886519667205, 3.454131581373403, 9.92381229888665, 6.8190241063280554, -1.7915595925862835, 3.638883835006271, 8.855477669954197, 7.462714590530475, 15.839110768347924, 9.700430471211401, 6.961742043869757, 3.926252043568353, 12.181134025138252, 15.11711403510388, 12.741828503128072, 11.901923634496498, 8.4964498032902, 6.318236694672854, 7.900786617131747, 10.679138509705222, 7.726552642602811, 8.89567468171594, 15.78242652036764, 3.6289362247482377, 12.86402384381558, 1.6341137410318596, 9.032765391428745, 15.877700306419726, 11.699931863431082, 12.789126510646343, 7.2666235758922575, 16.18217297772074, 7.351392776552028, 8.387695250501654, 5.782910896951995, 7.469556637318426, 13.827635181182117, 8.189313936991956, 9.665356323301651, 6.366942250169122, 5.88868925470626, 6.038195323665897, 9.707748651404609, 6.9824543654389455, 6.498129498872261, 7.356477715542064, 2.190939650307973, 9.707803724387816, 0.5736699120933945, 8.947777498589513, 6.575269104674706, 6.639731442120235, 3.3714359010281365, 7.811935877125858, 6.753790201024889, 4.883462087753073, 7.913838872746133, 8.829018106027334, 10.980019142826341, 0.3169613641229031, 11.901089214475972, 6.544816119740336, -0.26315234926094583, 10.791063659198038, 4.33585102940767, 15.869957921249858, 6.8817083315695875, 3.419677635371759, 5.3196229744978085, 11.57972956823376, 12.895336989042432, 7.622508521361622, 6.953481086212039, 10.221453188810692, 7.917844046085453, 8.036609566133215, 12.799312348863987, 14.289528859177606, 12.85739120216971, 10.500211835613216, 13.62847950586397, 7.160051361733757, 2.2678482226980563, 8.830462097328622, 16.41555338067209, 13.505186630227808, 4.856037961970962, 5.54656378284721, 11.872941650209462, 16.077215143890704, 4.082535574569134, 2.914299705086005, 3.486143322857687, 11.479006123217692, -0.11135203884714266, 1.0364754871416988, 13.543869611488102, 8.04043705791305, 10.824938938445618, 9.278476924392942, 11.526149700096203, 2.758210116165396, 7.948629169711935, 15.895133192615075, 2.1937345493485787, 6.284928361363802, 15.399381151659501, 4.2938879507699195, 14.327279796023163, 7.0201723630795465, 6.9258315040176806, 9.57003176807169, 4.314693861045267, 11.070139380958759, 7.082005675993426, 2.4372285700688967, 12.271718099922426, 15.488190995125157, 3.5809552436532828, 2.3034679167684913, 4.961958925580454, 9.528962213141655, 9.521182454434546, 10.675929186371524, 9.358891227481674, 8.021659471746732, 7.228020976933993, 8.274930048387757, 14.176986148415514, 16.76250465134544, 9.77464516138993, 2.5600411214952588, 2.8832809065999383, 11.475781580098463, 8.324741535595596, 9.702935118351917, 6.581554630074172, 10.976633390368285, 6.525888445627694, 13.167657777169543, 12.667830387961585, 13.852970939850653, 0.0904647710812803, 16.061485421273357, 7.898866762858044, 9.916021311490482, 10.703652660215765, 11.266386288789098, 4.625749353493336, 15.211834785231003, 15.186195646126098, 4.1382985803587955, 2.3439496506819864, 7.875271302268721, 9.612984422901075, 3.22733605338106, 10.655639435539271, 8.150743453491767, 3.176147217549668, 7.300541064826959, 2.593918376118695, 9.171569664663428, 10.257346954890208, 10.03829946623793, 11.37124973175328, 12.771315979943216, 4.701261866305317, 11.426459399522122, 7.618658787376384, 8.635429605868621, 17.885761229531138, 11.750732103045651, 12.967480573328714, 11.387854528173625, 1.2885228757020357, 10.905682746063636, 16.283504193627756, 9.413784642815022, 8.639595806292595, 6.443115382679355, 9.572831040042994, 13.27335931059873, 18.35906565202278, 13.597165101575849, 7.431624527363821, 6.837978787021265, 4.313095102236145, 17.87727201495285, 7.834963273097592, 11.827747639616566, 16.289973552352695, 7.547522542551279, 15.119490625440356, 2.1187121018234487, 2.2224425538900032, 7.877512327079205, 16.06092321774996, 14.922206100235975, 9.52770469667965, 14.106377615543932, 1.907469429405397, 5.5177068503650615, 6.973180045890277, 10.426605173230914, 12.897117121385225, 16.172673027709635, 6.6683490666019525, 16.109614373656086, 10.403292401937078, 9.470662578407358, 12.223786150552758, 8.039386279972346, 11.410421080359107, 9.76008673481305, 14.852271149185965, 12.899783011624026, 9.439182637210598, 13.37404838074193, 6.737677079449369, 7.565522573684532, 11.066153836118225, 12.77735750751279]}]