script/wind10m.json
{"header": {"parameterCategory": 2, "parameterNumber": 3, "lo1": 3.000054539987559, "la1": 64.9999836372058, "dx": 0.5, "dy": 0.25, "nx": 34, "ny": 52, "refTime": "2025-05-08T12:00:00.000Z"}, "data":
[rows 24 to 47 of 52, columns 0 to 33 of 34]
-3.8680218109601103,-4.079609759347997,-4.706442078967008,-5.156562666608386,-6.475288107778328,-3.1513169009866284,0.4879388168397194,-2.2556160532671012,-2.1756204247693973,0.8895179022284618,1.401955112196851,1.7356869460857847,2.286375774033124,2.277345138659846,2.6353584456787043,3.3433111647615648,2.24772295346955,0.6592082252459809,0.4712744652288617,0.48900501359541415,0.18989293829955606,-2.177718889996698,-1.3164699509250843,-0.3179118355690595,-0.33107400452624114,-1.0566969959554253,-1.6739310395757903,-1.3318304264362357,-0.8091019758035365,-1.9079275450863253,3.4172027622948367,-0.4527832948962741,-3.8679077799727777,-5.171255129735597
-3.178885437665991,-4.858148003241495,-4.839136241188054,-5.33545185553608,-6.512011472047917,-5.324939978004396,-1.277997327696976,0.1372734359325677,0.41648970882566183,0.7953323433340044,0.8925081104124098,1.8700166808300842,2.18022347737038,3.69228899525881,3.2954028837156564,2.705197457370412,0.6508045865325833,0.4303212890679004,0.017591951129028914,-0.019252642324174993,-1.5589451203766562,-4.0748890608576005,-1.7170103410594537,-0.8901959710197078,-0.846082783655669,-1.5564020204402695,-1.3027681120999495,-1.105382902886701,3.216016648685549,3.4408377054977186,2.8972861415641558,-1.0720060698852267,-3.0630362392741,-4.875941622627991
-3.6857642539954534,-4.6223834695769686,-5.106614111819717,-5.367996535428544,-5.748963840759126,-5.887863587882537,1.6791480686166547,1.0508413363350149,1.3600972394618314,0.8380879760592977,0.7933629537528035,1.221184169581325,1.9531313544037836,2.6913696494354413,1.8857913144611982,1.0407220089300908,-0.6160131257618207,0.3751688410939257,-0.21429887051976515,-2.429328222055832,-1.395669523819237,-1.9208986463215503,-0.8644374459104304,0.9552805061327058,-0.6925210162591521,1.1274615695859727,-0.6592228226617947,2.0570056266340324,3.8641417145481416,3.2500724659457423,1.5930100101049598,-0.5569104307507724,-3.3627813875918284,-5.076297896227373
-4.635453234382791,-4.492391981790636,-4.974772216649458,-5.48006919490393,-5.8321197244848335,-4.97088291319004,-1.118019737821728,1.5333904779968697,1.3182536563521663,2.2904022564294904,2.4620255067771137,2.9789166171501966,3.1193462237062137,2.884825480403078,2.0560555579705824,0.22932701981374543,-1.3182853579850256,-0.2887710592872835,-0.19718674405921435,-1.2901974282744737,-2.6095354785408618,-1.9202337473539506,-0.5206766873736308,-3.2773916160185284,-0.5805299583512619,-0.9156311880260065,-0.2581396775726358,0.41050317954397886,2.5205477742761624,1.9930972281252197,-0.23067731897135837,-1.8335508416565047,-3.458484042681818,-4.060919813713943
-3.741014432530166,-3.795301148306617,-4.879198214642404,-4.838033713069329,-5.6631648155497665,-3.393882628949071,-1.3201490749649967,0.5491378707710673,0.44292348660361786,1.4363149560100823,2.2996879324171706,3.675391555887753,3.881037317963225,2.5078118160981746,1.7977131039040573,-0.2502338769510204,-0.8465549547606466,-2.02497923337771,-2.098166128263835,-2.1168533838509327,-2.0076794026262665,-1.751369781629876,-1.4577979914167,-2.3352309147931307,-1.178783557762208,-0.6718339133555666,-0.29673696240845493,0.5101926771178615,1.0569073943270753,-0.26113301938011524,-1.7651767439523522,-3.467988522962356,-4.890880244060574,-4.8782965038150286
-4.114048979961366,-3.9200836789873748,-4.752508608061048,-5.26346933184452,-4.866076624667548,-3.4439915729575348,-0.3598015367739673,0.4063245456773475,0.16522982355971746,1.0928380820084342,2.073699591745056,2.6597851223374525,2.3520393064390506,1.4937214543328348,-0.0069038000129004,-2.3953495730980094,-1.4772049009648842,-2.9281207145770853,-2.2118280654289983,-2.623794506410473,-1.9389696807186128,-2.0179532389440396,-2.413441286997813,-1.52572822831901,-1.276135880996479,-0.9065060906407868,-0.5888875995924862,-0.5336589177349025,-1.6860400150016739,-2.9850092048258197,-3.9606956850345996,-4.076871783302005,-5.784658648322843,-4.454070306549822
-4.357064931615344,-4.7065957616916405,-4.569214224185125,-3.745171597676031,-4.825482565213084,-2.8999100034478826,-0.9017360327925654,-1.118744821116857,0.298151490558372,1.1689787586285276,1.5616168769815915,1.7800686899295326,1.275676433664879,0.47293357654540347,-1.5777912450520646,-0.7001128394771912,-2.1038266991916394,-3.4515062462115433,-0.5170391097769909,-1.6529759863061266,-1.9401534295270288,-1.9291300588773757,-2.6056750848720887,-1.8273109495999145,-1.439528231096081,-0.8950239547864369,-1.0583512755235176,-1.2766535889625243,-3.5100943403809453,-3.4265904518418115,-6.692379249335604,0.4928190793886385,-0.03423586256178767,-4.660076848071864
-4.228607056122911,-3.926108419345454,-3.9447908198267574,-3.6570219218103657,-3.147491810186711,-2.152421500990043,-1.3343132957705999,-0.5136789885778559,0.08439171525635758,0.6332472857798274,1.1020306794199963,0.9453412672823698,-0.7474302461130861,-2.3818597317456045,-1.0027654571304463,-0.9053277553653966,-2.4783835836202677,-3.330921942905912,-3.0786212088194773,-2.6144564130291696,-2.2052876965740547,-1.638822060889024,-2.099863145032659,-1.4162106457366097,-1.0530980875045266,-1.0100717236199626,-1.5343770671735872,-5.128021296807572,-1.4385182875079248,-0.42843769622159955,1.7982251928585222,0.5586056948744189,-0.5086797330614311,-3.0223058294569682
-3.9304343936497927,-4.12622518196671,-3.0737104915266715,-2.7935694609458483,-2.8020700179775146,-1.373593785927635,-0.4219857703176016,-0.2762942657205021,0.35821110389846195,0.45038414652150127,0.4934643158776167,-0.6687631391566499,2.825237038486984,-0.5135816682065746,0.06423957009006293,-0.12198968779456076,-0.7826581128129881,-2.1826923964861633,-0.714767895754145,-1.0846278949959862,-1.524090350209208,-1.5686692907037028,-2.3021623796071644,-1.9566110347560395,-1.0185350618778122,-1.1331972461188806,-1.451634879636886,-6.011725358692008,-6.727023062947917,-1.0506853284955529,-0.6817023714176744,-0.8028108259349864,-0.5624095135802886,-2.183645440616001
-1.9488500568215685,-3.359287446335664,-3.3737673937544144,-1.2241109557584966,-1.7604206567914507,-0.739049244929406,-0.7419127482278028,-0.7982509817916973,-0.3282628503188483,-0.391854799832072,-0.6382899204907486,-1.7260759735882076,-2.087115141018192,-1.1665880392985561,-0.593445124378855,-1.1185542796541552,-2.1294363841209285,-1.6053370312366169,-0.9273960461424593,-2.4205736994099345,-1.286432656780815,-1.7643636986611884,-1.355400429094888,-2.2746117874415304,-1.9166916656499464,-1.3027091519369969,-1.628611284315752,-7.773461506104864,-6.799769943028671,-3.8121068073571998,-0.15594306747407977,-0.5765853328767923,-1.7323885628143516,-1.6468926790862868
-3.0525916011207688,-4.7478282589057965,-1.4780014601375533,-2.548653390181209,-1.2660741791657364,-1.410097248155539,-0.9875468781215869,-0.8895223116231944,-1.3307316479997189,-1.495776976880615,-2.055540642669637,-2.921881147874245,-1.9121266211686074,-1.6675241241113525,-1.0749694036967845,-2.6785497194196313,-2.7066496395522113,-0.22889941406834347,-1.3141390595540572,-2.2092150931130647,-2.0232442190568776,-1.5208407434628881,-1.8548252896772681,-1.640639261454,-1.4024748108820306,-2.016983654272132,-1.9935460211128986,-5.246380884340389,-1.8068386252977193,-2.7968586745239947,1.8070536950888985,1.9183761925306524,-0.549234117770011,-3.0096516915453035
-4.983914418156674,-4.826102903195115,-3.479651762736138,-2.5595555760537807,-2.317634700423128,-2.1044214767280427,-2.3490239720587356,-1.8909732909676373,-2.042944567114568,-2.289385976498368,-3.7276141958293705,-2.5023489953164506,-3.0057925377968266,-2.127815748230523,-2.170012076364198,-2.662138391744931,-3.1437250037833886,-1.658943524487676,-3.499901096738073,-2.491625651209741,-1.1684875467580853,-0.8947969712134834,-0.6734280059079,0.6826959449947103,2.1714113419893053,1.6726294654912612,0.6224379034403108,2.687670327970268,1.7371132956871815,2.1657586370635,3.115597572253705,1.3115526958050525,0.9053135202441942,-0.9956799323710198
-4.468575509940388,-4.175452012852624,-3.270296005383121,-2.8666675641057178,-2.8273396088007594,-2.5816861742326314,-2.8725290913104287,-2.5855729976271458,-2.8588945791254288,-3.213769463935876,-5.1223393563605955,-2.778253343425803,-2.8171901205103325,-1.8859203976740992,-0.9222222365615714,-0.5192859244545484,-1.7057593981313128,-3.181776406704623,-3.040484650103033,-1.9116478498159282,-0.4955171519880501,-0.3672622575558587,0.9822376058673302,4.90065687885341,5.420979022543396,4.872891440736904,3.8130424859314602,3.4085999192850065,2.481040579516949,2.862973854256581,3.5198372469909547,2.0221336602528113,1.1422952602014909,-1.9956845905137799
-3.6387760960180757,-3.6455542494869744,-3.592030494423838,-3.7315642439349883,-3.6532921007770014,-3.815681040177557,-3.597789266381906,-3.8271530969491225,-3.341935519918813,-4.812337890303181,-5.862572732691717,-3.245410424452797,-3.241541750076385,-2.1258809668965655,0.8409220812664944,-0.4195744248610259,-3.29437818358163,-2.9626979965975777,-2.745056853070863,-0.3804376592112943,-0.07444157902238953,2.238319490448908,0.8259358425335762,3.461199928468425,4.558381775801632,4.9898239866037155,4.824538325480194,3.779674747918396,3.2530064728137247,3.9589676689281452,3.5204964070935083,1.9049432074814308,-0.14463913154747315,-0.6547670067981226
-3.320254262244766,-3.48772106007941,-3.796764165029286,-3.867445768169044,-4.29379266000899,-5.130993554768902,-4.341017159054333,-3.4987363642961866,-3.1164206603333415,-2.6330396926845663,-2.25240882505707,1.2648972253900017,-2.5668235449130443,-0.5258080599507786,-2.7302252679109884,-3.6567895576442035,-4.418896035485947,-3.1523217700982755,-2.4688050558315178,0.19102184477100564,1.5596382256392392,3.072059626684606,2.6908544549576328,2.60516099868556,6.255717789513756,6.254944954604258,4.914340238524974,3.9448402989265654,3.672858909191948,2.034363270823777,2.112655395854009,1.0657916951423223,-0.7912683417425563,0.03434727524039729
-3.0657410569594568,-3.7195347918969466,-3.897923730268641,-4.164691614037584,-4.110859839747625,-3.459842204672984,-3.4766089253307295,-3.3156446725993454,-3.3414354500542247,-2.3808126962497016,-1.2795681938939851,-2.25430906656913,-1.2921998857074457,-1.8250050967888756,-2.967773491269425,-3.2109490292533405,-4.479186944368409,-2.61278897438719,-1.546699623471397,1.1869429083402314,-0.44547978520089876,3.709247750485409,3.6891317267285544,5.851235472085007,4.686052152618442,5.4037561044751286,4.145710558908798,3.5988101583197714,2.4940558797080015,2.158738092297475,1.3082351442505524,1.3719377972196696,-0.5347276390350723,-0.5013563528822742
-3.4810164745167684,-3.670011161962715,-3.795061998197149,-3.7919234931234613,-3.99487271731527,-4.115952591137883,-3.638814372533872,-3.0302358169055994,-2.772161660460619,-2.3083561959424155,-2.157107457470277,-4.543460784516646,-2.678024694010431,-1.445044846741227,-0.3373806944601007,1.7080107455179274,-5.183746289172032,-3.244920831178259,-1.2776103903374532,-2.192177888509276,-1.37435153760735,2.274656209096468,4.272030014054062,3.9597777795581677,2.8525346035875994,3.0733431699434743,2.085856409316097,1.3327485431770454,0.5100933477139044,0.11202305415469352,0.7014615695910651,1.8254359514708938,1.1480413473421043,-1.7112722001535978
-3.6885957415131205,-3.9893097529090777,-4.182825871919106,-4.6323619359719945,-4.901202593107203,-3.688715890542649,-3.212887029789251,-3.093375482109029,-2.709979880777391,-2.183296289644118,-2.508690729123101,-2.8001092694492655,-0.7382921113815256,-1.0339711003527547,1.0538031741672171,-0.12383206216244251,-2.9790248408001143,-4.151255608559762,1.419092026012426,-2.9143325152675907,-3.4126270816857516,-1.6312373499038,3.4924975693436497,3.1243606384652653,1.9582419562323419,0.8287850222647198,-0.7912373419810058,-2.117527202109708,-2.688452835583665,-2.917153989422808,-1.9794172382624813,1.1277383753402088,0.5212900345471371,-1.8886624066189728
-4.063542625673165,-4.546266078651692,-4.902864209778035,-5.197583312382723,-4.659407784640687,-3.859139971170978,-4.076818583390174,-2.9573569767211976,-2.332128220745104,-1.2706722286860028,-0.17708555109138452,-2.034271944824479,-1.5760493512241056,-1.172340415890219,-0.9508245882286928,-0.3585725720007702,-1.4125331308927447,-1.9444586072257932,-1.0759663196406655,-0.4137266080576423,-4.522612728609205,-0.735395338459482,4.044546336207099,3.1570325965005925,0.9501492944321076,-0.39897421866014987,-3.250900692267734,-3.620592105974809,-1.0244316103772102,-1.3861924870969433,-0.8725476997828294,0.0033543774371104047,-1.8683921460461796,-3.527845773122067
-4.650982865121986,-5.204815755720695,-5.518292994660009,-5.433195995510939,-5.643987941534761,-5.17077167955976,-3.8162421980872696,-1.7651686560614663,-0.7917552610156955,-0.5929780243641098,-1.7629147226110007,-2.3427784890754686,-1.585726785101234,-2.1267022759715903,-2.242859340742597,-2.5111021983717086,-3.0181225175345054,1.021972663351824,0.19231053717972368,-2.81307021546389,-2.7910391278958584,4.166148660974179,3.6925856603010914,2.517730439730142,-1.3957253981633042,-2.80437975359628,-4.524251992653291,-1.3880135698708145,-0.6900021848019563,-0.7810684560142981,-0.8711010739962152,-2.244063573303263,-3.3471908828801413,-3.46142395174036
-4.862169162279329,-5.511279263045521,-5.872317961897331,-6.064921818669565,-5.160046086633026,-4.644928533633357,-2.902156935297231,-2.1998195166595056,-1.4618557779099215,-1.6959871533768522,-2.7032381879673766,-3.133484017477419,-1.2432152723484122,-0.8531438629005087,-1.5194799523544376,-1.889010849058728,-1.6293602592381025,-2.3705669330394783,-3.334972252720824,-3.9386610080417537,-2.4537751246311044,0.3997106424148999,1.309017117705411,-2.6857438476032556,0.21102183145285017,-0.7872414406586798,-0.4836609841034624,-0.3077159479987024,-0.9129130827102898,-0.3445777575778454,-0.8975570635675164,-2.5759334369416003,-3.2891967564579856,-3.028484054879031
-5.6381594259638215,-6.041934878142968,-6.340409509885957,-5.723766098166341,-5.089906068473754,-5.314557522444186,-3.335298965612877,-3.1636381591603597,-3.9211041944907477,-3.7580109868341283,-4.03197043198934,-2.680401492842293,-0.09147820522260497,-1.3103936752002732,-0.8473398716604335,-1.3221112507604529,-2.5099950955947605,-2.921402344851501,-3.2756168087231283,-2.1265393024219166,-0.5715280403332517,-0.6891928875609858,-0.5346081478185372,-1.086146240011762,-0.3769431988945934,-0.4704759095469528,-0.6068139464167944,-0.07018154905251128,-0.21345828087227797,-1.0253917490386137,-1.0798744275948995,-1.757447397883838,-1.8578411060347888,-1.9453528790540022
-6.285488538175978,-6.616922853399916,-5.927902028453175,-5.852028180974658,-5.497254511603547,-5.553444044265389,-4.305384865260348,-3.1854103248696553,0.623706761085751,-0.493459656314808,-0.061689007736098096,-0.15170027530812896,-0.4582293927090205,-0.44345869860379933,-1.4081204811293824,-2.071707880459561,-2.0035595495400025,-1.216561318137084,-1.5732540911895947,-1.3271631862096405,-2.170353960532194,-1.9081592223337194,-1.9379781009271693,-0.9852157035955446,-1.2972097880133746,-1.5788485935034797,-1.038745905012139,-0.39589163032245656,-0.683323954742121,-1.3504871442977937,-1.2017261631901628,-1.7507690403134213,-2.237990665507748,-2.2655850586828903
-6.7856415296231605,-7.00008727499333,-6.267997229799224,-5.815493033362382,-5.8336283190966345,-6.456128465745287,-2.0583736441734413,-0.5411920640113368,-0.90026522989767,-0.8846982851190524,-1.1564591442848542,0.031335913561168216,0.24710837344603032,-0.6450955711467911,-1.0143557307195517,-1.3352815570153447,-1.281811948372952,-1.3385940453421015,-0.7918616621093929,-0.8620321196650647,-0.7870338267356867,-1.8906092939840742,-2.0635058597338185,-1.4350016143501827,-2.5555297202984777,-1.6859719058697458,-0.44753436372926536,-0.8636030231893019,-0.8884328888755583,-0.8209278313230509,-1.4051439369854046,-2.4317573900195057,-2.188303152309488,-2.306685235541822
