script/wind10m.json
{"header": {"parameterCategory": 2, "parameterNumber": 3, "lo1": 6.000027932988019, "la1": 58.9999434238085, "dx": 0.5, "dy": 0.25, "nx": 22, "ny": 24, "refTime": "2024-05-31T16:00:00.000Z"}, "data":
[rows 0 to 23 of 24, columns 0 to 21 of 22]
-0.3590280815932764,-2.772018423189689,-1.7860366538955603,0.8325611690654909,-1.6044207442130012,-1.3782900044370794,-1.05664051672245,-0.8612131413031657,-2.6900168149116035,-5.2220937727889325,-2.7275555412680608,-0.731917861042215,-0.8762083641939111,0.6260939886864136,-1.3387134367416618,1.272299330607316,-0.6944485204771078,-0.0558589233153212,0.1622263512381657,0.7851555634067467,0.36375756320430436,-0.46516024012861856
-2.887549504842202,-1.7837740907221498,-0.45430270509087095,-1.1670003044898316,-1.721029116238926,-0.36318771963596047,-0.9056997739261852,-2.69174821301085,-3.9044245944599028,-6.287398794253699,-6.6632942745565344,-0.05170718917442381,0.10370497844068077,1.0920741021469176,5.654765938112269,1.209588813931422,0.41891080773777595,0.15576586551513993,0.6949379536930794,0.47353187433884364,-0.3662006300249466,-1.1574820363538707
-2.7016944700743695,-0.9591727605759381,0.14275444408917035,-1.8565507209840484,-1.7447744912214065,-1.2893454810389946,-1.5348978297383102,-4.284801518026472,-4.956055480990834,-5.768811036548435,-6.6478982896888,-0.06167390248399953,-1.023050798254309,-2.4461656460642485,-4.097095633958438,2.1424854820196804,1.25020358246864,-2.237601859338609,-0.7893244044930124,-1.3429061956083364,-0.6130815937519909,-1.0346995783952306
-7.248547268945547,-0.3249555726854057,-1.067876969679057,-0.6368918404045432,-0.53905113888299,-1.3688345811220175,-3.8989011960407036,-5.094995165771864,-5.253673287877125,-5.345807348464834,-4.090908154154137,2.603242505737777,0.592480959026959,-0.664357354821078,2.2556395774904714,-0.23080562818899583,-0.41759687877594986,-0.3458930565395676,-1.1119123343185242,-0.6823220343876238,-0.8206284292384082,-1.1738451056724601
-9.181824676570304,-5.137271769344273,-1.7777656820332337,-0.15290940935875624,-0.9257513914876572,-2.937304257942225,-3.6779183989072948,-4.603433813666666,-4.797296603258039,-5.071206800875895,-4.678392220199835,-1.7345817261029688,-1.2700425273845355,-0.8514225345141302,-0.9897536780647889,-1.1253483196125962,-2.229512431949134,-3.6883398666848444,-2.157950609843933,-0.4569536777257564,-1.3614305252001708,-1.6158389290875828
-9.631125304157578,-6.675797952343221,-4.8884982154794,-4.074778072536585,-2.6643558209899036,-2.0043925842421397,-1.5268093652967107,-4.10883784570284,-5.686387150741917,-5.7433143170820244,-5.388743985443541,-3.314762635496328,-1.000947970913024,-1.1366869609377932,-1.1285630149663457,-2.1704012434773694,-1.6562672423673717,-1.9883391503929653,-2.299630757696631,0.14834528847271802,-0.9368619247549435,-1.7436677880605322
-9.38403098871495,-7.419538437714223,-6.213055228055886,-5.552063892763228,-4.008497470926393,-1.6991716917548592,-4.035815148298131,-3.3173009476611677,-3.4036294302835284,-5.489188605265568,-6.559660321891246,-7.1866485742213815,-2.218359248383699,-0.2826879070857536,-0.13794074976823062,-0.218318422655175,-2.6092584066094027,-3.102745928756055,-0.33453950426852963,-0.1754836410696136,-0.07237576712921508,-1.233236327481927
-10.023544651508253,-9.153972745105113,-8.765842738074154,-7.012193865635955,-7.130430481503915,-4.760770850842914,-2.5103110567213704,0.6629558818455317,-2.785706196511364,-4.582138487285882,-3.0843164283261246,-7.412068128496795,-4.882371878941752,-0.9523397652237839,-0.31366025141742837,-1.5880086128951008,-1.107073076424429,-1.0525253588218917,0.09334225064314178,0.5685568186562685,0.3934359599756582,-3.9918744050639288
-11.15269421724779,-8.880818296976166,-8.775843589772998,-8.869658971250573,-8.061416043177735,-2.280430815125598,-6.266743457850615,-4.733261846749009,-3.4344876919805167,-4.367801413130045,-6.484864089037235,-7.00977580332777,8.475900083669764,1.4997460923018158,0.13580312813434472,0.1973999092711915,-3.552918035812005,0.7994857710075899,-0.31352084318786344,0.396934110245435,-0.19600689034413823,-2.181793719865971
-11.033992732654767,-10.2584607938287,-9.013067201573035,-8.5560657306477,-7.178341064974001,-4.647578657510303,-4.430952039801091,-4.200008532814408,-4.341798767476522,-5.334141449476232,-4.468438744017536,-7.50313210146327,-0.3194054946673278,-3.784775991804084,-2.3327084531378315,-2.0683508628579017,-2.198668021562944,-0.07262604875858776,0.9649821768352207,0.47579822215997886,0.10835162601079674,-0.5966033569758861
-11.188210368420954,-10.2618471407939,-8.847988091014647,-7.115822410093517,-6.55511238568974,-3.9162072034329536,-3.1186599524548475,-3.2122933125054387,-4.0075428885182856,-5.006739637517304,-5.882299535049352,-7.89213740696226,-4.1431796439381205,-5.688771621600722,-1.6035420796378774,-1.1516322400043972,-1.8376164114801306,-0.31600624636780605,0.6899879033483063,0.35177678265678697,-0.017500765497038693,-0.8702152250637445
-10.489669171662227,-10.641534038567327,-9.285613685580692,-8.804770173287066,-4.353387596166929,-3.0638470967194733,-4.281142803422054,-3.6551722708048087,-3.5949693005920462,-4.92491920700155,-10.141856024588193,-9.34335505014031,-6.141055231159246,-2.858812702364783,-1.847428007383835,-0.5514020166922132,1.2507279572813286,2.0945337309701983,0.1152062099659455,0.337012137502078,-0.6175695438242529,-2.954445272105087
-11.395350358384826,-10.97713545396172,-10.483504326331332,-8.62270787783274,-4.048478712463551,-3.023639552835314,-3.466484575939586,-3.18292652907603,-3.786145407332301,-3.6706261335667314,-8.057151101391401,-7.393938422200602,-3.2604929201416017,-2.593500538473963,0.6127186993233253,-0.09078650421478651,1.0301067460985622,1.6421347748427795,0.40963395215754994,-2.429842239522814,-2.9475934158630417,-2.4733251877897997
-11.400196527814582,-10.91637860756118,-10.196998538411945,-8.569719225498742,-2.374875272285066,-2.265390075953677,-3.7564311260035015,-3.4510895157327117,-4.473047240299169,-4.5846285467442485,-5.232484977763396,-4.804251616338845,-4.138458454408002,-2.769531524990756,-0.7377467434181272,-0.22991656864997848,-0.9425592268407658,-1.5599982051915537,-2.1322586982794296,-2.7075317448853884,-2.7869039214800475,-2.6802413759823396
-11.601922199702148,-10.337716025427122,-9.018514469135853,-7.639249039552133,-4.916270448836193,-1.9444545743139872,-2.2063500805759992,-2.9005184955783565,-3.7397005279653435,-5.340185032066531,-4.400690250558539,-2.8033508551416197,-2.834033972181094,2.2160434474169977,-0.5243356029946624,-0.9040690328538725,-1.4186770809018876,-2.4913447649605436,-1.5918505758930457,-2.4701994463116987,-1.023141417394809,-1.572446607338242
-10.878846543637751,-9.479448873479264,-8.402878708182035,-3.492444754749857,-3.026450727082053,-2.7343584815823383,-1.7639979469427682,-3.5332685153441035,-3.359624853903152,-4.096374956191772,-5.5397043233629075,-3.5186368946314004,-1.0521875600433188,-0.24653119644927726,-0.650210684870485,0.5923806160156687,-3.922951465570311,-3.5789073432009086,-1.659806419099269,-1.5538822310369127,-1.2098061516553131,2.1995266632154973
-11.849202951992321,-9.141054715643207,-6.639258356680443,-6.915115840194395,-4.482891593728657,-2.8152073539094156,-1.8322692324975451,-2.7860196148181404,-2.9785118715666705,-3.632578639516934,-7.074367156094675,-3.7449312313095353,-1.5237166167692036,-1.1938020193628065,-0.995562165102518,-0.9608834190139477,-2.3303269731816036,1.6060746115699924,-0.7930014720454175,-2.5635954259791336,0.06777334059415091,6.4801217870562695
-11.836862944857373,-8.344814604999009,-7.109641165468147,-7.095474746127301,-4.911131256690002,-2.4423303001318892,-1.0896166175372024,-1.9214595512753547,-3.1020680719407636,-8.574234542473823,-3.621270028866679,-3.0454357029644985,-1.5798639983111984,-3.5483352382813127,-2.776464727389864,-1.3400874362397337,-1.7527808628161405,-0.8200258173298113,-3.480980038118354,-1.5589353627159608,2.6224723862744432,4.622012413640081
-11.841091142255044,-7.348931964884559,-7.938482371109669,-6.1701493634418485,-5.879709634422694,-3.5413522477809227,-2.269524045399262,-1.683028649573079,-4.862158734844772,-6.05134163362353,-2.096517601140768,-1.860162173098957,-4.815421780273533,-4.480727863132119,-2.448336288880416,1.0931106610011143,-1.0867903570352622,-0.09968028092078253,-2.838661319838716,-2.0525024625432087,-2.2173731899343454,-1.7514240279157618
-12.419344275975543,-7.343236441556768,-5.12343237549851,-5.788470245575428,-6.003900427169072,-5.513091786191043,-2.486615312838252,-2.3098595219908287,-2.4308670910943486,-3.1724046692868626,-1.750595758193317,-4.08591935393738,-4.150093189644037,-1.6289096624420654,0.23244847863820287,-1.737393154961304,-0.9555207722222719,-1.9509788821042524,-2.1681795561462236,-1.0403725351087763,1.911797149247532,-0.2894498689396108
-11.873716692573547,-8.330529688286935,-5.266088139721517,-4.594009582337131,-4.358789239089479,-5.175159849882485,-2.2186004824758965,-1.7388617043866867,-1.1413658207712103,-0.7353361932084256,-2.5958391101665166,-3.027419911831839,-2.033911021757468,0.8880679183770351,-0.8899599608240634,-1.6437286800127837,-1.8275970698891242,-2.42093301403426,1.2970607481205312,1.6896590745913207,2.348804100039179,0.6466769997826609
-9.444452165899566,-9.826565461657422,-7.881913174550388,-5.851921027080139,-3.923847356751576,-3.9981218206671953,-2.0008750973226643,-2.175536601298798,0.4658487275653124,-1.8042143107816204,-2.873904434245468,-0.8505528554239532,-0.2957420756553174,-0.21899589525682864,-0.1072744797912867,-0.5573198276487928,-2.7702724968523067,-1.0025022812862745,0.3932564527960217,0.8334330372819916,1.1165165234913466,0.28188513135148685
-10.465205054602418,-9.827741307394964,-9.340057717841937,-3.0085819372039646,-2.8929271643449987,-2.5866014799722996,-1.1365010333578518,-0.7466702472372958,-2.0743367472184673,-0.27779672882373224,0.6362669927822165,0.9678287355793762,0.6108459253342065,0.3898658132228559,-0.35357371398575366,-2.0314956219139724,-1.5099532354920118,0.536903610139366,-1.6588001887369785,-0.2189532185362876,-0.7563643231496308,-1.5826354663068682
-5.760063235091199,-4.6957161463124955,-5.35692979615498,-1.8422152792757847,-0.41901713410008234,-2.4251615734891327,-2.212512866418745,-0.9971058568536992,-0.08376536603343515,-0.9051950700430993,-0.8629519257625713,0.33060346822625103,0.28388655142949476,-0.2737308282850136,-0.18673246636438898,-0.25666990489054387,-0.823160089002702,-3.2232024867074482,-1.948423805272319,-2.601304399647452,-0.688155720040821,-2.80571538709442
