script/wind50m.json
{"header": {"parameterCategory": 2, "parameterNumber": 2, "lo1": 6.000198445256149, "la1": 58.999992894266676, "dx": 0.5, "dy": 0.25, "nx": 22, "ny": 24, "refTime": "2024-01-23T22:00:00.000Z"}, "data":
[rows 0 to 23 of 24, columns 0 to 21 of 22]
2.751555263712724,2.608467145210028,0.2172205957809108,5.7820012389740105,5.748143192464442,0.9060902539404576,4.292616274335789,10.833032639006726,13.604156659835201,-0.5637453437703845,3.6790323763266746,3.508432737607759,1.6486652103081072,4.401440916937129,6.580261830433385,1.707330294819931,1.8937540460936015,-1.7197272474621033,6.8349885364998295,2.390224955533371,-3.182087559932427,-1.8671687999372608
2.2875322822241504,2.4643599561121126,0.5484260258057874,8.222626624689031,8.177245134403497,7.334808999956645,4.187108879792013,4.768334658787142,5.274634326749813,4.080476515365847,12.675930997387491,0.17809088996656047,7.325908703912567,-1.8284328198581425,4.407617845461031,2.7974994268359112,1.4225622661938497,13.205861013038168,3.642025896431113,2.9847656050188105,3.6958939232953365,2.4668377631623133
1.1328727351300356,3.722218615626856,0.25252441838477857,8.336499355461843,10.660067072518197,10.010149403535545,13.98185985577416,11.185815218104798,13.03473633381062,12.226732856772955,1.7126389986925439,5.668137308149397,6.477229833716478,3.593387623369376,6.918952175771401,2.3493270885371036,0.09132846758048298,3.7392722004440273,1.5953491449565422,2.0452079237083396,1.576472946286581,-2.024942996476948
3.8382078509080646,3.978993143013004,0.33355786764119627,10.70877466153042,8.505540240485685,6.378010618302761,0.3805629498610773,3.5532668142075,6.117114334109586,10.064976738903248,11.623651963934975,9.377001970935702,-3.0533149150804277,3.1669537523294626,3.4735354527556397,2.25675284882702,1.503250414577157,3.8044370211709024,1.271336077378057,1.6828500734447625,9.280579962479427,0.3380080813368331
3.3642916852918607,3.174202227555109,0.5721803732667063,5.193012054512299,3.774642756988022,0.863700195752762,3.7462535161065635,12.064977824633173,11.942216955302467,4.71613237560013,5.843110437454432,-0.3954453353627582,-0.018236605179444944,8.164776223834927,3.4924902459175207,3.6173628658648034,9.520680999180724,0.6991698366393165,-3.1023672567428235,5.419349099704089,1.109824362172539,2.7436048212342286
2.873100564220081,4.758261063141171,0.9396757622245343,4.945873009504437,0.8823298335381556,4.862521598737494,11.457147994234004,10.854051753270666,5.137039226803006,3.0381505482307913,8.796899755996746,2.0449526490385517,4.766847742347759,10.841936600942336,2.551579667046825,2.304593643460501,5.783509149523298,0.6429637277149959,4.627441494013092,1.161832539629002,-3.525340207142016,0.48247777079399273
3.055656590933464,4.001865053571585,1.3257995296130016,2.926518321072973,5.753854497970679,9.482504265223948,4.926254918036175,5.577856780587616,10.455462773012062,12.962607115843245,9.851354628911047,15.220380692400084,15.687824617559171,3.2514986386008764,0.2966877694419152,1.1732932400723801,4.671508195876645,-0.5973455466227038,2.6274120876054043,-4.378542191651577,3.72012473697584,-1.6765093852460184
2.419629143727125,4.037948336174339,0.9038767141390053,2.4603107405592284,7.6505658237590985,5.6797100760767085,4.460676269506111,12.106318907922791,6.220838375856483,3.4167047299726163,1.7273580469867842,5.134297113741786,7.746814643761821,1.263903008354157,-0.30321348611833937,2.160332572768079,2.0607471762986727,10.315803995832898,1.4308527997490321,4.486527326243643,0.7860710885062141,-4.750231491069173
1.9943282532017421,3.7758987835321287,0.40501085174358453,1.3915803681425793,7.5765634245488735,0.4709998721327087,11.413239572068818,7.285375639386782,9.942919401867941,13.285147314995669,9.152221645794622,3.054053471603541,2.364407182118266,-1.1739868937015276,-1.6263543507313825,2.1622751986025417,4.799501983845024,11.952927576867562,-2.751761959553984,1.7113479930114586,2.999866229219274,-1.862433993310217
0.9268904206895343,4.145150138893699,1.8772461634154147,1.9626693377621092,5.754044740772174,7.494232047447197,4.076960059017622,4.669191491793977,12.311565633916084,-0.13935584052307853,10.689189672261016,4.246858965892742,2.2708821872985543,1.9997162010634868,3.8752979242907633,3.6297504919071626,2.0241178297990823,3.9046000459952483,9.227063324653324,-0.43276557064078297,3.2808267982146826,-4.940020879569144
2.720087006306697,4.822067241180439,3.0375200286281383,6.127546519287067,2.406704166982085,11.412873431589526,4.174609912613689,11.13428857892757,10.175655983024445,9.9836267268095,2.3359865070880814,13.42671112206468,5.347658862343682,2.8606261397404147,3.713345090872994,1.1639393241919769,1.105562424199926,2.1268748785091427,4.084061264671625,9.401387707414942,0.4977705785506837,2.1926973553802838
3.6887845820778677,3.531511312532506,3.2841151443152383,7.339987315058747,4.5278890964399,2.3372831342066225,15.701157494106456,2.212596201340816,13.207630037515099,-0.8239166529182956,11.57152829522706,3.0422302830811563,11.532539874895871,7.971993993763481,2.6539860809034943,1.6166867785204746,-2.201896137036222,0.636627679340912,-0.29801866856887416,0.6844494673245543,4.389229808559073,-2.5922859369852076
3.6826185789460744,0.15877131558685528,6.390996414470553,8.084820926409433,9.089659034167802,2.35763202409873,2.832295440537818,15.711334403048461,3.4511240771983123,11.62846331853139,10.39059138621418,4.123858630154957,4.831177573241709,11.953101280255437,2.3348667285505824,3.3295243157650316,0.6228811038136312,0.5388218971444618,-1.2648303065389443,-3.6628715678010666,0.9787883489454331,1.9223018447084534
3.7325216159896115,0.5009828208498913,6.321444065349105,11.091366057754191,11.399061701136459,9.300830850265614,4.994087523516399,1.2683447067340936,13.150220408727753,5.259155410672253,2.705164388938045,13.767388753626719,3.3919872338687296,4.404730238273627,2.9085726870485065,3.4353266058285428,-0.7399257998607376,0.8557648420294469,3.151343796698392,1.9302160537245168,-5.230520323452303,-2.4791329451887822
2.4336185997348965,-0.6111140493464223,6.681971777456836,4.305275378146398,7.483781155027267,6.679840577614994,15.2425327809319,11.944582900067235,4.523172296893099,3.1974792504180347,10.908451316961223,4.699983505171383,6.33332397349383,4.206601655161567,3.530774689420554,1.0738756257550537,1.9892679762100205,5.670241683934771,2.784104326807313,1.880402078778936,3.0416399693755847,1.5793823099118696
1.257162961760511,-0.2824874395666505,7.29287604568996,3.1957811807926157,2.7983393872910884,2.5310914306116072,2.1898196921478,7.602161152121942,12.189124720580816,13.334777979347015,-2.1357561573344412,0.09045862626755125,13.996161381874694,0.1795633168117434,4.007268900603361,2.3202089043713694,5.998794209673829,4.260856344152105,2.1085200777690822,-0.2565131019258263,-0.9252598247282814,-1.9778163691072688
3.022492661702308,4.939372241536552,8.14860116298279,2.126927566196539,5.103304240975496,4.592285853984347,5.74492238171791,4.739304164630163,5.21773802049511,2.126881809725879,4.309629522022362,4.389004522367148,4.565391792232352,-1.5990156458478717,7.7557329501455445,1.3150163387532123,8.720708470498417,0.5364363823911082,0.14740511716747165,7.5305766955817095,3.9254127700889834,0.8527986548923919
3.5262133012148507,4.370420287078365,8.924920445046808,1.1054725172942728,8.177525502634236,10.730310230718219,9.870276780412185,7.525097461651668,9.591242481259865,12.495469945375364,14.27373016184939,13.667792846342905,1.4032588413628706,2.149718554796547,6.264110382137853,-0.37696351790326726,13.529104960071804,-0.24603990604061693,1.6346323647485823,3.0051498818819318,2.3615267711772616,-2.1605794832175835
3.647247868024634,2.5963826531060774,4.034209037063992,5.546997813211194,7.336451002669121,3.593775270089743,0.3161791658170139,4.746959767719201,4.07027807956411,4.250494543542277,-1.2689428487322467,2.6472792633828766,1.0564201513099125,6.007989623481586,10.361577025187213,1.991364872977854,4.573301917157576,-3.5328954147096576,3.1885936772393104,2.3356354350941397,-3.1401834241378204,0.6653741793855695
1.576976762609428,3.9513020780790526,3.234397291079091,7.515113869668791,5.898644347952651,2.0750812630240043,4.234635874075442,11.50676093054766,6.6698071370110785,3.7443163134533646,5.112927216856442,3.77312423505429,1.6362229862021458,9.16656146932623,8.425588648770335,-3.4345586734134796,1.9052354477709232,8.077637891690795,1.8203508568579754,2.6802846702432683,1.0454195075803534,1.8315176656577685
3.5434316156612713,1.836301171014193,2.2952117672612093,8.534566108630036,1.957834006388692,3.624074057904357,15.738175937388837,8.918657384906894,7.80312568282845,13.510650969514716,14.915661933089662,15.702122467901043,13.406073699124265,13.723683079512831,3.331745948772087,0.426169964644392,1.2225691692304077,3.9140671664942737,-2.837467197232737,1.927339741070796,-3.368883681213685,-0.059660678077050416
0.8925839631705708,0.26870268316340074,3.3973021371023475,11.62021132045602,6.631867312757306,6.045835707187893,3.2963469046065152,6.08724626115107,12.302086701108326,4.938351930760459,0.945694122879993,4.324401889071176,4.13638544144928,8.764030033127947,2.772580003403645,2.3783771538174645,-1.647409834513591,3.278496757882371,0.9295952510368867,0.8814590869468857,8.809260692392504,1.0704267875156492
3.452427374384262,0.3278672919932747,0.9952389048634063,2.844138777924129,10.632136530298268,2.4951020811728992,5.410659785533988,7.02135334841131,3.58949928089763,13.449934953148874,3.3224104438118522,1.7144154976697068,0.5637849998144229,3.0850118753111535,2.5118946475878503,3.454641861347389,1.6205377002404573,1.7293706698827014,3.060158151875812,-1.392616995139967,1.430028008288512,2.8950200523535483
2.393944770514119,0.4741748426081399,2.0295791243026673,2.726882734352575,8.7286243070357,0.9222038249320798,10.437989510153686,5.184311222113149,12.980723222506857,2.2917061771124763,11.664113718723629,2.891667224701999,1.8655910802445064,-1.368239647832304,1.8672708545598111,3.4822265547951097,-1.5178495124859976,-1.4548598172985348,1.9522925740602606,2.9805083912285504,-1.0628318616997419,-2.41128781962516
