script/wind10m.json
{"header": {"parameterCategory": 2, "parameterNumber": 2, "lo1": 6.000198445256149, "la1": 58.999992894266676, "dx": 0.5, "dy": 0.25, "nx": 22, "ny": 24, "refTime": "2024-04-29T18:00:00.000Z"}, "data":
[rows 0 to 23 of 24, columns 0 to 21 of 22]
-2.081691404441814,-2.742504582711608,0.7678632467190696,0.9981441554566186,1.0764172880881464,1.0886925364725077,1.1025267853681975,0.17329321372093862,3.0827844593190665,2.6377967415554213,1.3554601566165643,1.446719899890945,1.8608789261006697,1.2092625042069152,0.3922601134799874,1.8665706911958855,2.6424984938450558,2.109290711756133,2.43639121803086,1.587822527561677,1.374221128911606,1.2060216103452062
-1.8705154890646543,-1.0960822740036735,0.6044816898552178,0.4379524556887764,0.8220175229627679,0.7412176905157334,0.5047715114483142,4.209813916245116,3.369935211306476,1.6169177785314444,-0.10399170944742417,1.4074211371282241,1.7834290027154445,1.0236325722348845,2.2438020260520033,2.392557760006887,1.3253678210946431,1.6424043386922937,1.539005057665868,1.5775092570357057,1.1693314132966388,1.4718631221820884
-2.160453068527959,-1.4019291503226783,-0.37783480115045787,0.29194196577744863,0.7097347604865023,1.3126048126272496,4.261240598968511,3.94434453752995,1.4033306781117167,1.8780554880137394,0.16141161352105207,1.1162649100826936,0.9370497356266351,3.5281199747977245,1.123504675754577,1.5536171155742773,1.3885946243449812,2.0016282184434377,2.4954314140556892,1.510920645069288,1.4855408332300233,1.3634888145219837
-3.8089819891934207,-3.166008529507043,-0.7564420129606279,0.4201732598938142,1.0852135061169599,3.185413240439672,3.5139596520372383,3.6119127335048744,1.9634404143031159,-1.0325420022825356,0.25331227183309873,0.6066680398851031,0.8585884507413228,1.0064232565969156,1.154044958882497,0.9846007019193543,1.0391124475797995,4.281407722431227,0.9883727149627699,0.8280020663052574,1.4483028025128821,0.699773522370992
-2.3276833627836533,-2.477707700633479,-2.0853228921885494,-0.6858119657830525,0.7450254842752793,1.6613492143966184,1.922128168426437,2.676532064276389,1.650287289356743,-0.7734558431022839,0.7410815930801464,0.20253007470223283,0.3276020874158341,0.9625534693761957,0.6589127889316787,0.8391320502261006,1.368546480986649,1.6265584257503833,1.3373917324736218,1.0451910118276246,0.8189282130389716,1.6102504468579186
-2.367647514388204,-1.730021838452337,-1.8592420229825584,-1.2680145308911153,-0.5285710157545811,-0.05073840457438841,2.772774584578643,0.9089881296450014,-0.5787291390232581,-0.23877309024472734,-1.43467778177754,-0.22943768611861273,0.29433732689777936,0.5210709453555638,1.0531583740850192,0.8454241391481726,1.0734713725442773,1.2300708364533492,0.9218461775719741,1.2191297216355024,1.1123155565045022,1.8785651536744437
-2.0874418489155384,-1.8903030828330325,-1.9756011901152803,-1.1612512554586232,-0.6905365367970454,0.7861479002621621,2.441753166693948,-0.5510801671478168,-0.8845616090028421,-1.1459507069664248,-1.404509590002234,-0.884094713759893,-0.8701778788487753,0.1775976137663878,1.0072708375241426,1.0286305431230225,0.7624689975312451,1.1496816646799772,1.3139158073524524,1.0257386261831014,1.4241916695518648,0.8987589335860642
-2.119660316578637,-2.5532472423015844,-1.9312186236658355,-1.2489670268171038,-0.39270036098102507,1.081041430581026,0.563506523310187,1.4641365812289158,-1.9189890957423428,-1.104441092228107,-0.9413374129962379,-0.8084022549815372,-1.8162804711627543,0.20793721391704628,0.820154424868905,1.1580146550377042,0.7460932455081017,0.7076333583946344,1.0423598062609982,1.1014498136866497,1.364413600528865,2.2050630083183016
-2.523523460903713,-2.8227638383351987,-2.307694335131287,-1.7390158598651448,-0.2484252046940662,-0.05648082305352627,-0.19517029433075322,0.9589559660647045,-0.0736152210294678,-2.438916589901779,-1.7491547089858868,-2.2971016631757055,-2.4510717501218062,-0.256613384628982,1.0388630942146453,1.3057168553773653,1.2958234440198337,1.0198058157643974,1.407863741259179,1.1092262464279625,1.1145279496869627,1.4161674376038083
-2.8572888791896913,-2.7767764817852503,-2.4673583856260697,-2.0234763237794873,-0.45655891652030384,-0.45533252550781705,-0.05678448349726189,0.3576656107738722,-0.5096914850609129,-2.6879686445305744,-1.3803763542496925,-1.5763263369719929,-3.0677852624740227,-2.2952791847493574,0.6868960986218706,1.4357342380282265,0.9421040670724803,0.6647527178228247,0.6395079489556873,0.730129096610054,0.9994040816681381,0.02242814315815668
-3.006998632638837,-3.1243771422096573,-2.8676283263507014,-2.0916326965266965,-1.5656952121654653,0.1608465573500965,-0.7012905589248357,-0.05917731323377169,-1.3958379502928173,-1.26235669658157,-1.3437711540221928,-3.049348039372442,-3.408382702309916,-1.9637009260553033,-0.09282934051700227,0.9725409120464292,0.7709097890658393,0.42341285653769173,0.07030237313312201,-0.06934884118294193,0.6141269117185154,2.427748843773434
-3.697583581184212,-3.6070111588277136,-3.125288197693014,-2.3488022582708123,-1.5710848604706296,-0.268195553459215,-0.19801478132343256,-0.6430204704268111,-0.5430933119358909,-1.7853511738336512,-1.576739058987558,-3.480916967316783,-4.13634812798676,-2.56689302585541,-0.5140612653566581,1.3067647108782459,1.0544568131556409,0.7307694821682788,0.11807387927826833,1.201603813388963,2.1265182266398233,5.031737586015303
-3.801847491877509,-3.6752892172881952,-2.8509230248094073,-2.983298130949632,-1.7497590619277796,-0.6016996417391887,-0.5813598627052663,-1.023438666174065,-1.5021533021936173,-2.0092175505258734,-2.879778069166479,-3.931026583515944,-0.9084901388866813,-1.1789356113775076,0.09577456673521843,0.349231447013174,0.8457646187279102,1.5157716456639112,2.222377087080467,2.8711449833739366,4.04145482175857,4.06773416205505
-4.173195507734652,-3.648599046218889,-2.9949105588388623,-3.305224354205099,-1.376795892409861,-0.6457314464047847,-1.2446285990958148,-1.2612093693482154,-1.7056722748525037,-3.2745576547542963,-1.776932290539337,-1.1271354262146767,-2.3459736378790907,-0.4573397728979298,0.3132766592075217,-0.0696458501951359,0.37277517503149776,0.4610983820694864,2.756659078107127,2.639899412171668,2.3819605679967464,2.715323550853869
-5.013877853012283,-3.8528618653606985,-3.5700014135751856,-3.8834307884432673,-3.7419658438982903,-1.7689193345922476,-2.6287239742401693,-2.5955612872000553,2.346431340457035,-2.614417585560255,-2.6670253477743433,-2.627059886029961,-1.6972019698325078,-1.8584937380496989,-1.1127747568126485,-0.027699508453208562,0.5518274133836003,2.940804447406285,0.9313927727620983,-0.5925476536377582,0.806768047426942,2.2837013297432702
-4.937724311570997,-4.511331362887089,-4.733436843802764,-4.225536926425947,-3.766099854975451,-3.299406473668974,-3.102907365512511,-2.092739676847438,-2.267383095675611,-2.9475264341865297,-6.037767711136615,-1.9874223775780457,-2.0843642223941576,-3.53326056618555,-2.2711028484771694,-0.8646723695131802,0.4506107588351905,0.4368075877924937,-0.3075646586569026,-0.36668732963668055,0.3032874657390598,1.5948459684825622
-4.501323449236731,-4.862249636528206,-4.598262081674598,-4.593821898854624,-3.775844379557606,-3.1916355328322346,-3.9324083527522555,-3.0766480458638568,-3.3625751140667086,-2.9916780604655755,-6.158563420672851,-4.3206533159075455,-3.258399128795436,-3.0919961869875916,-3.5771822552360826,-2.0806147347462147,-1.2077813949221066,-1.0089264919378518,0.10890940836946644,-0.3442504071742802,-0.32683078951050903,0.20684760214388395
-3.907258466276599,-5.0979076730079536,-4.263203752678599,-4.711209760476148,-3.9370078557027117,-2.801879009904264,-1.5200608827466766,-3.0415315582824443,-6.018480658648102,-8.169348281629183,-4.935176773120819,-4.76131907537108,-4.6815697276268935,-4.791711918154616,-4.70723952849907,-2.8799863724957735,-2.3415658597850117,-1.8621649132263198,-1.4109530483219104,-1.236013573175062,-0.7653797574970281,0.30055046600883223
-4.188587503887839,-5.397507463020945,-4.0121780005295005,-5.17424699249954,-4.61440799088034,-2.987090299922605,-1.6346623942289213,-1.864920437003204,-5.571251207966612,-5.313509689767881,-5.334136455406649,-7.48337302686149,-7.332158844464763,-5.251053225974119,-5.268317484694597,-3.1361673619742705,-2.661351649549104,-2.653595414908757,-2.1530443102761807,-1.6522970369375016,-1.0863196343983363,-0.60917660216734
-5.0325488317661025,-5.479461402617296,-4.405193662362984,-5.683771048112971,-5.387497619458306,-3.238481354504024,-1.3265225356471733,-1.3091805089661999,-1.4649174743330413,-3.0277596408059986,-4.251017754999515,-5.934025626488847,-5.070001692483353,-3.6710348385512868,-3.5328185848235183,-4.195734529791002,-4.378949625939285,-3.345604853830241,-3.2769888730048184,-1.674194055881679,-1.0659461110693227,-1.1657784396476778
-4.786138793064252,-5.1707241214532615,-4.338873813731336,-5.451953865976409,-4.432961364746264,-3.5444492346036247,-1.6507171211497094,-1.2830505897942555,-1.5930222068554316,-2.9538235828900126,-3.3340078956821477,-2.5574547799403984,-2.3000962319201896,-3.4642341573101434,-2.8824147778955314,-3.073103476501718,-4.083299201175287,-4.434709469458065,-1.972654010675647,-1.7033075649599105,-0.5382878614184894,-1.0559760898088082
-6.032804278554346,-5.004621374675082,-3.224648205730928,-2.643158926804259,-4.0135654945120045,-2.342858237505228,-1.4584389386139613,-1.3212486053622972,-1.7853899809114522,-1.7573921519799363,-1.4530925834844999,-2.871601426525597,-2.6625125280965443,-3.2171101924319334,-3.265706050831404,-2.0987153492169357,-3.990379468306226,-4.009312360761472,-1.1399559345013923,-1.1407119795144882,-1.7214814843359314,-0.4413262726904996
-2.233181797776189,-1.636245275952708,-2.20835434522291,-1.542794899313961,-1.9520666083032794,-2.670602527489216,-1.215267373600168,-1.223519567579802,-2.088244068901134,-1.4382984075274103,-1.622909281318389,-1.7254262754056615,-2.2972975990084423,-3.771513244108272,-2.545942021401631,-2.031752840797965,-2.3621979940795,-2.1198826754278244,-1.6523021152665736,-1.610068566504326,-0.886566550192389,-0.8267526333317152
-1.102549642705499,-0.7827221360890283,-1.8701553051279318,-1.5315088088491204,-1.6026909674021,-1.9248212293855278,-1.6377541085160252,-1.3789058274212551,-1.1951570933613203,-1.6682131080007885,-1.6171462133121932,-1.293792329096858,-1.6651224850941595,-1.2725156861311424,-2.1551080834162457,-2.4346368817581943,-2.153556737194064,-2.025554561150978,-1.753737549290776,-1.8018199535152306,-0.4791255392443129,-0.6033098120569965
