script/wind50m.json
[{"header": {"parameterCategory": 2, "parameterNumber": 2, "lo1": 6.000198445256149, "la1": 58.999992894266676, "dx": 0.5, "dy": 0.25, "nx": 22, "ny": 24, "refTime": "2024-02-13T18:00:00.000Z"}, "data": [4.352138792687636, 4.999279782181905, 3.193259858332434, 2.3051815296120215, 2.8279473100155306, 4.516978900208382, 9.151849101425523, 7.64815914810195, 6.617518572708958, 3.841030748513439, 5.736913136432424, 4.064037832533902, 3.138870040574493, 3.6848592628651082, 3.983348055260057, 6.698782623572252, 6.652012477690089, 0.3607725448555461, 3.388544371605318, -4.581087434978549, -4.935283358883436, -1.5537961342355793, 4.1670112171015266, 3.734800356579715, 3.821170077821673, 2.2891585995213153, 2.223824027851083, 3.829904623473118, 3.3829414928272876, 3.5692094500517846, 6.48375427616651, 5.946469478272752, 6.427017719602413, 2.9700837180066433, 3.3898968078924043, 3.0462695719298027, 2.9108326070119985, 6.955842087981378, 3.783429812673277, 6.157934228668877, 1.9002431168865515, 1.4201677396579573, 2.788853639793293, -1.6451913941117715, 2.7026514095671024, 2.865412409701573, 4.130777662777404, 2.5519520466631067, 5.636090969346239, 8.461881119936828, 8.632267879151632, 9.07590842915221, 6.151510720665876, 6.4566328515123805, 4.050919040251346, 3.830103530686011, 4.551749961612295, 8.377116789725752, 4.5665200900947225, 3.3098697638085297, 3.1403356540800913, 3.168685921730937, 2.839333849535758, 7.568498676766979, -0.5991153739466869, -2.072069586686715, 3.3963135708281103, 2.6219613369450605, 4.74018639584202, 3.359093520892365, 6.531795456316701, 7.093365852488043, 6.134370028511612, 9.054644660123667, 6.28528337868368, 8.058116600988036, 8.027712401227745, 6.928694093086652, 5.068747382905767, 4.085664107068751, 3.986953719022726, 3.4159702241881837, 5.830989093671569, 3.64656926968661, 8.099336614468486, -6.214912388627423, 5.15588628252873, -2.6285095185992606, 2.018397518679974, 3.2750026995389536, 4.232723533515154, 2.750159070607495, 6.867044643999306, 7.544479031816436, 3.1101379353930607, 8.018087778955458, 6.532084406857879, 6.759448780411921, 6.467064185175815, 5.828631834601047, 5.296710559257372, 5.181562165066888, 3.0157690756566486, 3.1483970857017334, 6.11692606465066, 2.706924567725433, -5.016046839791342, 4.533046987596321, -2.632452207877205, -2.5762363154581913, 2.857363167162398, 2.9592238085373186, 3.950447895973325, 5.524068279325675, 4.089598432862771, 3.4633386600310683, 7.505121805254446, 7.986825013164928, 7.787052403235763, 4.828175909014076, 7.2657925872045475, 3.9095837004295806, 3.426235542953559, 6.528216845801779, 3.4742725713133074, 3.3073044734661114, 4.14893507543157, 4.289255580285704, 4.519145096964756, 1.021816568815398, -6.422181504691776, -3.568544355212749, 3.974230019057732, 3.2431694607429233, 3.948769183253656, 4.717026470997773, 2.989261709897796, 7.8909585925835986, 8.63688921341091, 4.236273397149064, 6.602107323910054, 6.1391978149720625, 7.122720784426031, 6.591619749724479, 7.483007173908676, 4.39541798220771, 3.876018139558429, 5.690797245997968, 2.8814591466419213, 3.796967576459415, 2.7677475384802643, -5.591145508198458, 1.8347474917446418, -1.7604596552915492, 2.8625731455252437, 2.439426127516082, 3.5135679044406696, 4.391789529819838, 2.089949177396563, 6.812443376420579, 3.494763280673076, 8.073396391635214, 8.085814006941545, 5.560467395553152, 4.1274480653349475, 3.4608065861773643, 4.788241167735895, 2.514088505785343, 3.569187990855065, 2.7573151624093994, 2.2245816227388, 4.482131927089393, 6.263149827271903, 5.300946268551807, -2.096717597139017, -4.557811639911711, 2.760720653734144, 3.5691949261346325, 3.4423768694179127, 4.238883677887846, 3.510606045450907, 7.615159386262184, 8.095768438719574, 9.827846058548403, 6.597057336975611, 6.273524873986775, 7.0165299361162905, 3.198335910463396, 6.145639909422081, 3.4256699709670233, 5.449492515242999, 3.347246170927307, 4.601071392703373, 5.609762899443418, -0.2085708230913615, 1.6785120631525758, -10.90961591110371, -1.3315468760945295, 2.6388421450314756, 3.6260545645581996, 2.2654082710811854, 2.619061535408589, 6.991404452170415, 3.8806977516793624, 8.97144541291969, 5.189680441571523, 9.60141093776055, 5.178281073400134, 7.482385184523155, 2.345140682047252, 3.343533642229847, 8.948549613268588, 2.6685126027948867, 3.2009885751493288, 2.8546570089230388, 2.1775119352367462, 2.6663894771822205, 0.6504560564505941, 0.29056927326390275, -5.7771767889580445, 4.423265670101723, 2.8076753830720325, 2.6958483842090533, 2.793662324510706, 4.66973394998251, 8.465066750831047, 3.2804873641816483, 7.81361156621338, 6.60005971874739, 7.873022247901556, 4.549923743277168, 6.688363921705825, 1.8698791377182158, 4.058486510164895, 3.207998084677029, 3.660636762974524, 5.614243657118882, 2.544991164502948, 2.9139690679963905, 3.5975285721665298, -0.4026985457098156, -1.128465490426975, 3.146598223266151, 2.8945819326582742, 2.6252710534670296, 1.9126205812758237, 2.532614892046379, 4.537825543176547, 8.687652513203219, 6.527254160646884, 10.089663960929565, 3.8487262169253915, 7.691601278799192, 3.2690830472900183, 6.8326845737079385, 5.4618949366307765, 3.1217728212288907, 6.364879033296798, 6.124638646755833, 2.5593644750808413, 7.396629369766295, 0.8757153905561242, 3.8476011289181904, -1.8074604578685767, 2.7389898697725936, 2.5369983354651686, 3.0961740392186416, 2.506107083531625, 2.9562049594291215, 3.650247850479222, 9.122014834625856, 8.251453142813963, 4.856848354279256, 9.367776434079385, 7.488361014789686, 2.297014202153142, 4.384508064790409, 6.688413141436641, 2.4335272005421196, 6.638622026474292, 3.303698633347412, 4.95614662296826, 2.9144990721024366, -1.7243286929961075, -3.0079920082578524, -1.7534034389813473, 2.068303326957041, 3.029728835553213, 2.421587965638768, 3.2794327620878465, 5.623455905841132, 3.0480595953771004, 2.954888907751404, 5.5943604200830235, 9.179795911204904, 6.930839185045619, 4.372491214604239, 6.837914423785407, 3.8019358856360723, 6.030732528318819, 3.437353340409878, 2.99874433820176, 3.183854001007961, 6.029134618793452, 5.036715277018649, -6.422497825462794, -6.915221147329827, -2.0197538145821525, 3.72092427640681, 3.560013512732984, 2.0565105390319562, 6.349467764631138, 6.694952752637099, 7.897646620195887, 7.882546944148412, 7.90233188150595, 4.836335050877887, 4.888330490262634, 6.895159242259881, 3.6964653892488437, 4.083601840819813, 3.452474658124353, 4.094694683624518, 4.768517690591838, 3.168763867718111, 2.79766689907238, 0.8902911970556754, 1.1804142062975576, 1.8765151363191752, -1.4281222196220715, 2.3671679405832067, 4.131805050647805, 2.3970115948735358, 4.238209287092051, 4.995146537879588, 6.340270528557466, 6.794928938679486, 9.857697459089216, 8.058654816220848, 6.049027370619657, 5.745211366454672, 2.907788851282649, 7.555753869016667, 2.854654972675429, 3.055542832727555, 7.249015349811917, 5.726824225491663, 4.216515781422719, 4.446898496076128, 1.4398776656229173, -2.5891297641951985, -1.778837577486289, 4.157032788847251, 2.9450429002546556, 2.4885649419176494, 3.8962918994747864, 3.228485056973012, 1.7117224919626097, 5.311039994585103, 5.633021993935403, 3.9492907397880894, 4.574531787378231, 4.765579130775006, 2.347065187088929, 4.275579395742589, 4.778036072413888, 4.67069833370933, 6.464772141436844, 3.678504877225564, 1.119157719071858, 5.040750066862347, 4.420570299685294, 3.0103965127825343, -1.5240179293533471, 2.129021142171415, 3.2911987290247597, 2.9058021171075734, 3.0820264417795977, 2.1980127857530003, 7.835412220934287, 5.354237808110899, 7.674151043590188, 8.690581146558351, 9.886843905213803, 6.146302303485312, 6.851768609115486, 3.4181075339180294, 9.134675224495798, 4.515384336042585, 3.670604396397133, 5.517908831661697, 5.289889579112525, 6.027721523341362, 2.11374013036621, -0.15141933563120707, -2.2308094695982557, 2.632634859002409, 2.8943623215797034, 3.1257497771700455, 2.643392845565176, 3.4485438432546567, 4.688748724670061, 6.155240816147582, 3.55674182279758, 4.1809490604122015, 6.2003903774572136, 5.602608057791177, 2.4572874588338864, 2.79950946873778, 2.3349768336744607, 6.616821599995693, 3.2276487326608057, 3.313301839691015, 2.286022631539539, 1.2270447659201793, 5.596943333900373, -6.522797375697804, -3.3973905626314873, 2.8700324216410227, 3.128747954927399, 2.333345114550024, 1.7554393415653509, 7.879990982215434, 3.4750951967287396, 3.7050453459034354, 7.835349502651895, 8.89489723495337, 5.794427666192602, 5.946626909814152, 3.2832508822761026, 3.0852120419970137, 5.049103110438287, 6.599534499271821, 3.8109559656384087, 2.3997409704420942, 3.994007506963944, 4.421636655474779, -2.4228490005233465, -1.301019515845433, -3.039426454272258, 2.716692788412521, 2.7798599795104186, 3.050541353849386, 2.6242726676495476, 4.22610515746084, 3.399801688394637, 8.61546066918447, 9.938242777747478, 6.506889727245856, 6.049141871686501, 6.16580711526697, 6.304149101559554, 7.721681830793425, 7.23029485809929, 3.264806912212874, 3.6475733521547555, 4.023842318707663, 0.663744972319292, -1.2098791242278903, -0.023441127616117535, -3.6265990743212515, -2.551736130493282, 2.6354563076265287, 2.5967642438818435, 2.797582936940293, 3.567906502991948, 2.633063929800157, 7.7327793678601155, 8.46301177534018, 5.6369640319685415, 9.310219964275651, 6.3029169386530555, 5.2110745145413455, 3.7686328944516307, 4.213671976218838, 5.908315461128276, 3.441222010814665, 3.471337077680143, 6.499696582763497, 1.55878573233642, 5.927467721046254, 4.744409542552955, 4.680828800573739, -2.7701874700304296, 2.442248554876213, 2.5036167567570695, 3.8235040870582178, 4.517312664896914, 3.337587032081825, 7.097279316190922, 4.745633753129733, 8.807644888326932, 4.468234432376162, 6.067026761031611, 5.623020579542638, 3.1929218976262472, 4.847557731492156, 4.30756064845111, 3.5923559711861857, 3.8445109027894784, 4.922339966859294, 3.495228026663279, 1.1200969075696328, -8.034281037880886, -3.23019268623628, -3.3281645484133406, 2.894661150899657, 2.772801445116038, 2.255717684096402, 4.480548394519795, 6.457842362614104, 6.7351208428938145, 8.574191881835853, 4.069980388140303, 8.82638748199518, 4.752026891034082, 6.9470455078252185, 4.1417596434947, 3.4273742965678875, 5.093927717469672, 3.762361312889139, 5.914522743177685, 3.261067194220336, 1.54331473911358, 4.189674653905037, 1.6592439243013162, -8.034995257904045, -1.8538846035976881]}, {"header": {"parameterCategory": 2, "parameterNumber": 3, "lo1": 6.000198445256149, "la1": 58.999992894266676, "dx": 0.5, "dy": 0.25, "nx": 22, "ny": 24, "refTime": "2024-02-13T18:00:00.000Z"}, "data": [3.6134234850175075, 3.827583963185619, 3.142943075388865, 5.116846335317771, 6.848778643868481, 4.923276713512009, 5.426432922336154, 3.4398338785491287, 6.584036826570512, 4.590153415857842, 2.391516398869189, 3.3904542484319693, 2.507803383909637, 5.736368930502361, 2.3606909841480785, 3.569252124963678, 4.311440420209094, -0.9691487659622954, 6.317529938764507, 3.746787136106924, -2.2260148861741347, -1.7986170720343941, 3.52993317659482, 4.143991849514227, 3.674396170843942, 6.121961889908218, 5.25747350769783, 9.06759262825494, 5.880971347349245, 4.105296191331449, 4.3865078493228085, 2.751940451691704, 6.2942144557724085, 5.050722172554013, 4.3886194434892545, 4.285338803016998, 3.6254613362085224, 3.036507476103147, 6.325312402914609, 5.685794036405875, 2.5716238514305347, 0.1568690392426732, 1.2754278523643563, -4.902803423502326, 3.6237244901221297, 4.7878305466190545, 3.8099283123283736, 6.202588832322049, 6.699455655215888, 6.702832438578118, 8.63375449758314, 3.912586594747421, 6.055146556720573, 5.137629556817173, 5.206916427971964, 3.7566835573925896, 7.40737326152297, 5.0046193520080475, 3.337363204004825, 2.37762072345145, 5.366299179767985, 4.325992135025801, 4.181490410189143, 0.5737161497196613, -6.197884888429076, -2.5743601707375823, 3.679727810844793, 4.434600119824729, 3.7901986332922113, 5.229562344228827, 8.278880106229755, 3.258634107267747, 3.9538895352519687, 3.413051917635338, 4.7802326115844815, 4.176157975497856, 7.459887254116919, 7.044193642717481, 5.9837752616175495, 2.6160026989531007, 5.849716123143158, 2.467903143473519, 7.952820159376252, 3.317869568203738, 3.558624804595679, 3.880409479271979, 8.855253404628813, -0.8749383069036526, 3.8499397781805076, 3.7216959922134287, 3.6552221501282682, 4.160209078870539, 4.538663064080305, 7.267836535600314, 5.656945390216416, 7.97406799652624, 5.667954273059745, 5.473124973002777, 6.250689258145083, 6.489012429725591, 5.240433254894478, 3.732621979538756, 5.286173771841399, 2.945626271327005, 6.380120854416076, 3.8412277521709712, 1.0415806483018757, 1.3808934454243789, -1.936961607913913, -4.9478218811183785, 3.022117355451051, 4.078079976266697, 3.53852379083592, 6.8275956224131615, 4.157134564846536, 6.270887936066464, 8.138561192264572, 3.311141451106033, 5.084361321973082, 2.788202725717624, 3.9611663407657702, 2.385668864182144, 2.266896662205852, 6.38046506653247, 4.481538973560306, 2.8797476805854365, 3.3575535759454653, 0.23852476103970957, 0.6054854043098595, 5.237641435442263, -3.004419813167989, -1.0822841221453243, 3.4368891330318343, 4.934904654862823, 3.345923622256839, 3.6419964627604355, 6.793751357132193, 6.392029460941325, 3.9682785964412983, 4.940584598513303, 5.648315551270593, 6.105380574755451, 7.13329605472781, 6.784334794638294, 7.6996499934761085, 5.413216594743029, 4.215290889054773, 4.620724122744848, 2.8973169994902137, 7.472527775811847, 3.847524996236343, -1.2887837700757516, 0.06800114196502915, -1.7719205425834381, 3.3395095248153743, 4.405689880165294, 2.9003759108032137, 3.5577834646983564, 5.679458157061782, 3.8494714909740657, 5.906846278968737, 8.037676874028644, 5.395332141042937, 3.5267625152905326, 5.293374395213782, 4.339846351549071, 7.3604744950619585, 4.6140094383733885, 4.753231122246938, 3.1775821166615796, 3.0117215029278688, 7.051152182557381, -0.5564641515958012, 0.8323110083285152, -0.17431462063088254, 2.754306560994775, 3.7782194462462013, 4.56343151938413, 3.003273887208388, 3.2285538030817222, 5.298817672105748, 7.3274104090220025, 8.252414869415515, 3.211370089503623, 5.683618462076147, 5.046141701904239, 6.351880740654159, 3.5666590688692863, 5.518475713116805, 4.089477595292782, 5.646764616471036, 2.4080357051703007, 2.559551187256013, 6.387016837304995, -2.547829896390005, 4.387939315261425, 1.3447451945118154, -1.7827384745411188, 3.810435201747224, 4.025624291719203, 3.848955625987811, 4.280911304969625, 7.1026602113862065, 8.71516230914815, 4.894177478945318, 6.225573217396872, 3.997844527365922, 3.6760878274762274, 5.974630327391291, 3.2490577340442495, 2.1227929445370846, 5.501733414532862, 3.3571242380603947, 2.8877809240119436, 3.2010922465797, 3.242076775955214, 6.963202756449188, -3.272124075845591, 0.5292981618204867, 2.8659556284376393, 3.9079310583396745, 3.949124646127185, 3.875322421707613, 5.696870725154295, 3.9764589978003912, 3.183391917547242, 5.583758274260885, 3.0920051797546164, 5.660044553002902, 4.013922393491492, 4.780170176074904, 6.714166256086273, 5.177527542485885, 2.706759520583874, 2.3610425482921817, 4.110427125733623, 4.300021259578945, 3.956160583701975, 3.714977304047544, 7.859842704690276, -4.707658658653726, -5.049393304658261, 3.154991914088171, 3.2601583398041547, 4.142026332356925, 5.853536544750221, 4.878942196236932, 4.408828278575912, 9.301857323347669, 4.1112531458584805, 3.35369374280707, 4.8203279526615415, 7.054177276614773, 3.683505030768422, 7.183459200593649, 3.73201424786245, 2.7511012150898173, 4.121236254816277, 4.9873027489110875, 3.8233243522060456, 4.185073482416235, 4.2167162343784295, -0.49083600092062973, 0.007344259898287904, 3.561577356895046, 3.563312871633406, 4.551443969572846, 5.8847965051234725, 5.2055791587018545, 5.51303440011498, 6.441120713120842, 8.64271803853656, 3.171256400873002, 5.096291323844168, 5.899209377104424, 3.1661384784694597, 4.672096489091364, 6.724228437514756, 2.9381383582157956, 3.123722012433621, 3.8734879742909962, 7.666525319034118, -2.15340946268262, -2.1217928540181905, 0.5007947710023624, -5.158932981886554, 3.6171526275779584, 3.8411314992289376, 4.907583957359322, 5.619889345669067, 6.784552877941403, 8.56273947891607, 5.740690937045557, 4.324408371241826, 2.7643070173499233, 5.434306361026298, 4.622837097918081, 6.552643682103781, 2.7122559768860612, 6.41004667616729, 2.0183569186177297, 3.0391668016012767, 3.6162058693046006, 7.066285347669421, 7.1492458070832345, 3.687760147674483, -2.793658126323439, -0.0690114708578331, 3.333288323907581, 4.024547233387957, 5.46536246152059, 6.684859942128821, 7.427333542604695, 3.59278499337037, 9.051281522434994, 7.8739780457906, 3.2693196577003514, 2.7898923806302904, 6.121030920277998, 3.968666472679942, 3.5600738214991186, 5.478656445333222, 1.6594355583433684, 4.289872753706381, 5.5516988786160395, 0.4015923175337219, 4.159388338016527, 4.309672174979598, 0.7728658348902289, -0.90907136849777, 3.6162113843741683, 4.198296576538612, 5.473233866031092, 2.750016760944014, 3.518829921493583, 5.6272740458180275, 5.92051606760766, 2.9565214487378166, 3.632641845061019, 6.199893583363023, 5.144465743477728, 4.854452923777007, 7.408874216653537, 5.011782549787144, 2.1558469548348267, 3.0273665333103565, 7.537356882508544, 3.5481958397076374, 3.913184894529796, -3.3469416215759344, -3.3627161884662513, -2.887628767199521, 3.2970680175239924, 3.6056019891246183, 5.878358114710772, 3.4617746696262803, 5.847872432987656, 4.986793336605702, 9.242356097758385, 6.835775481664229, 3.619005260672503, 3.5156507012093874, 1.5932765976824845, 3.3308722240864315, 4.9161595556758995, 4.649090630157681, 3.7334956653885043, 3.726155278204152, 2.440970223442415, 5.137527913861978, -1.2328071098065803, 8.183580752820014, -0.9537112819320404, -1.5924490695351647, 3.3698309474894383, 4.225297934208767, 5.852947388105107, 4.074970928468903, 5.462224312635093, 3.5353381524709664, 8.129361713613813, 3.3319962491478767, 4.375982449563528, 5.548380061786032, 6.716744730612983, 6.56229672968672, 4.530511937111879, 5.441115757422391, 2.753267426536866, 4.275570957005268, 7.219038158838076, 4.128437782175257, 6.902294855254733, -0.025207936603306162, -5.78766193371768, -2.757899075095476, 3.204100626399792, 3.3766464589901886, 4.235106425205294, 5.699669570059252, 5.141092852411793, 4.3355898576088086, 4.073290389927479, 3.9398663495313615, 4.790309142095311, 5.2956906172928795, 4.675341717750389, 4.234046036984509, 2.7701529570415095, 3.4422989265817163, 6.905241359002415, 5.5492297203218035, 3.1751777959703706, 6.264209099309341, 4.136764041997287, -2.2882846371283416, -3.0299251376668503, -1.1176916805611004, 3.5425310960298386, 3.227503442166647, 4.3001310135273005, 5.857944332813696, 6.092364742226761, 5.544874149693617, 6.297804339202095, 7.872797764907533, 3.935651234122128, 2.7789957267597547, 2.2957449092365128, 1.9120507215238733, 2.5801619628397994, 4.636467078734757, 6.943955961498436, 5.379809197520661, 3.361871981579288, 7.6109111436298535, 4.026446650048962, 4.4384802616369265, 0.3233011517381663, -4.818770587271529, 3.4950676593479826, 3.4274260202651528, 4.617044883450134, 6.170584200685753, 4.359857381422328, 5.7765845697209315, 9.42441230761144, 3.0675747217436844, 5.749060634392478, 6.30578920075722, 6.5524345112091416, 7.079859927569583, 7.176376034929182, 7.950516899950714, 4.8936579434297585, 4.906983494823507, 3.5265038519966705, 2.474401694638912, -1.6426410296087226, 3.2086854242132086, -2.380378100224896, -0.6369256039873453, 3.9900048832002866, 3.822518116527576, 4.2158300755382525, 5.714146068860625, 5.9348657040962784, 2.733104328335096, 6.536276494448666, 7.365254298206276, 4.193577182380072, 2.6255082439876256, 3.6894509344763735, 5.7904781619756625, 4.755599571709435, 6.139386783558999, 4.749303832477892, 5.846955737701936, 5.063429305900761, 3.4343145677079594, 6.913146484733184, 3.5862740564927074, 8.360386246829815, -3.3195563081229813, 3.3959051551017048, 3.6372995343024144, 3.3313706403607917, 3.0315164828278376, 6.257774994908948, 6.971149536036497, 9.073132127541017, 2.8546014668128312, 2.9764242181763176, 6.266409611575148, 3.4241431135379274, 4.5671207284594395, 5.063865221607891, 5.3160037643779425, 4.460329680596368, 6.608918700001592, 3.2172500383254894, 3.717115917362429, 4.155123370391172, 1.987887737972124, -0.9071796421400458, -1.0079042733865287, 3.4649550953019426, 3.8264656037897864, 4.1942763298059145, 3.9317644656133495, 7.917031270008342, 5.905881257517593, 3.358506091862027, 4.81794863896155, 2.73998353200028, 3.444246084813721, 7.681383516798501, 2.6048124460950906, 3.2713301767318206, 4.731681989505226, 4.319350912799601, 7.881537889348647, 3.5076999783126337, -0.7698509821514379, 4.264977325243284, 0.25422018965559967, -2.0152786548548933, 0.12584773557350448]}]