script/wind100m.json
{"header": {"parameterCategory": 2, "parameterNumber": 3, "lo1": 6.000198445256149, "la1": 58.999992894266676, "dx": 0.5, "dy": 0.25, "nx": 22, "ny": 24, "refTime": "2024-03-07T07:00:00.000Z"}, "data":
[rows 0 to 23 of 24, columns 0 to 21 of 22]
1.3241574629021438,-0.6661847001147758,0.5082863074877827,-0.4975437665433561,-1.1682975810853078,-1.7552231430455174,-1.9225121446059124,-3.787755991839081,-3.4657371073575063,-1.3267427636821623,-1.4485726640289334,-3.635579857234733,-1.49347104931384,-2.374723096053045,-3.0615950398154093,-2.0746056741200034,-3.5060533265418528,-3.1952542441802163,-1.1792395575382117,-0.5061656601669111,-0.40741458794805485,-2.152410504397995
0.3365491365536201,-0.2998571390492954,-3.3041528899924115,-1.1354235429679562,-1.980488314560779,-0.7848642655526307,-0.8956618380473605,-1.060088016477694,-0.11250330868241648,-0.5776589285989007,-3.2478542042423078,0.14259453097849267,-4.124732583038121,-1.334484866807167,-4.310822464727183,0.706656933448852,-1.765580941290627,-2.242442563158252,-4.835118743108086,0.5919279120120449,0.13848938812501782,-1.8977389184876003
-3.3383604807844103,-0.6799535138884503,1.1436365645269175,-0.8968523464618243,-2.272383869726514,1.8206628752737768,1.7949071427764578,-2.498609566857844,-0.751222696658163,-2.582072263088484,-1.0557362931082037,-5.356856893970525,-0.6557286284391672,-3.4374806011380485,-3.1501523611356372,-0.7636883469678066,-1.7464292077590695,-0.4233900309366909,-5.14352625736619,-4.757035412251473,-0.3971369857979096,-1.7664301892582828
-4.436679121368294,-4.246891796192108,0.8027803753932605,-0.7677522376200144,-0.8019439455580945,-2.6045167028115412,0.6566430020163416,-3.587396179995685,0.6358209177560619,0.8126351519735,4.101319390873046,-1.0716550231442716,-0.7342883871349286,-3.8905651689915586,-0.44272711771573386,-1.2548545135133216,-0.5537073948992322,-1.672466878431235,-0.7038161233011555,0.3764686711015269,-1.3071625788495664,0.45376564195257224
-1.1706438123492706,-0.8190765762599684,-2.0283582006898846,-3.867816315362552,2.353183663302211,0.6350733328429903,-3.2033736314910852,0.7457674708715657,-3.390586613824326,-0.09440563589217214,-1.1026068582446558,-6.25886793478708,-2.0863965215418356,-0.6612545271953002,-2.4252891450245664,0.6642772957540584,-2.6384046648296704,0.7034856318090775,-0.5359521421772946,-1.9087883332102091,-1.067627039873993,-1.1432003957438541
-1.1564855578189623,-1.530200771541568,0.3841547287334624,-2.253442423548851,0.48516047144736546,-0.9986808067550668,0.6723291962554557,-3.282196456069988,-0.9560301522265472,-0.026980076972015137,-1.1098907849384931,-0.06687379278965169,-1.4434142189251047,-3.0412380959504146,-2.4359969017681746,-0.18130443293820578,-3.5686901778658635,-3.8668932307204638,1.1881455100318061,0.48358481465484027,-0.6692834021405585,-0.08252404295546659
-3.1774554638006576,0.3091793830079614,-0.5689048248174823,-0.15804091349391836,-1.9064146712198276,-3.1130674812173984,-0.8682615772193095,-1.4383396723797255,-0.6590965758555473,-1.088996731826926,-1.1387202490080883,-0.42345582570743445,-0.7757881498034258,-2.5276279585834147,-2.0467003535460293,0.23368202149496428,-0.5883736924903591,-1.767727137549751,2.5803458711031184,-1.230965902255354,-0.3524329355029214,-0.9781306200821396
-3.820558410561646,-0.03272583900043881,0.031368598191979194,1.6603483265920669,-1.0501910058169626,-1.47441561242769,-0.6275213919567771,-0.8298762075998927,0.31682119678327003,-2.079878674048693,-0.46379998649397997,-1.4712972157276387,-0.7045557024527052,-3.1254163147279943,-2.6138302263235045,0.3715535825083773,0.3244970236570336,-3.164658073803758,-0.42411563737014024,-3.3420064292992784,0.5564968985066221,-0.8238135895866946
-4.523820753557937,-3.2277960646044797,-5.047170930510148,-1.1529906116302893,-2.4229337176112655,0.4502336955282775,0.3957766161842845,-2.014648183261421,-2.111239215832143,-0.6082907754189357,-3.5707260056060957,-2.9392764096490898,0.5367643409340962,0.13869522402999254,-3.534990101017472,-0.9992975549637892,0.3399303032495208,0.14014959476498165,-1.8062819301959037,0.670024595390896,-2.8591847002125044,-1.6619149366373
-4.00831568519064,-1.2260822175547847,0.5681978232821183,-1.0309837242427071,-3.621993602034004,-1.8640606717023291,-0.7957324575549501,-2.9977994193125466,-4.371563316429972,-1.2075858501330001,-0.9452543361484163,-3.776419876969602,-0.3663382886669842,0.6940221519326454,1.5754831896529804,-0.481407182835756,-0.4984915057373161,0.5629119049723841,-2.7862875740720345,-4.678889165492547,-0.7432603226598514,-2.927230577895833
2.5636704287148064,-0.562265912235852,-1.9669547219770414,-3.3867762923721823,-1.489880323780724,-4.064728229837794,-0.8131714325844778,-4.469678477870406,-1.4445819436718894,0.13308675535858513,-1.6700692719401233,1.6892047881788803,-2.652435192850075,-2.3048008725457323,-1.1804566428256742,0.2036947640716688,-0.18438475617415215,1.7475813507037374,-0.8525810084034505,-1.4486028472574652,-4.57560526177781,-0.9513608014463446
-2.677162791643083,-1.3318250754645453,-1.2035747015889446,-1.5118617124496545,-0.72298884114305,1.34532350297057,-2.6419670576810463,-1.504835104612158,-3.6368407991296983,-5.574152574572153,-3.645615465820456,-1.6604610193301232,-3.2252362139743,0.34466857940641166,-0.5668515238193051,-2.3526895941969936,-1.178535545025822,0.5678903871820729,0.6728762912420082,-0.11387751189933246,-3.0703224726805143,-1.1087583189550347
-4.235290379198857,-0.1688794276795358,-1.1015125026971935,0.42570353046943665,-1.553980351856205,-4.568426581641456,-4.255728201716157,-0.8419743855525555,-3.7042001829811135,-1.0186319610856756,-2.0860336821157284,-3.8094832830089382,-1.5223747350868515,-4.614384322282406,0.08862323287354999,-0.4230114387882499,-2.6456809390749862,-1.2417805729915936,-1.119671542388244,-1.8883410407826047,0.7950032528672074,-2.9058187309486896
-2.005672213560382,-6.850245152815589,-2.792490675107009,-2.559424838691905,0.4124550558299764,-1.8767660531453905,-1.105525110304654,-0.5772216646831745,-0.6445172681144851,-1.2076756447418917,-1.7828898161839901,-2.2412198464415036,-1.7476991068993633,-0.8210931464557071,-0.7136527585843117,2.253239718166485,-3.170169855757156,-0.7579705266704625,-3.1917419316970106,-0.24808047480110382,-1.16974016116727,-1.4992983405616542
-3.315097665404999,-2.0077367195068776,-1.070700820733494,-1.3080207590991753,-1.106792792205193,-3.7441473775878027,-0.6011272576079623,-1.9738134520831012,-0.21634076683392964,-0.5495405715662343,-3.388920440483891,-2.7809973179813747,-1.4375961946792033,-1.8483421674887845,0.051454219892229876,0.5524917891711195,-0.38954129225380163,-0.19478601680626412,0.9746787725430832,-3.5990312425011117,0.9262604161065006,0.49270407055053517
-4.075344548912772,0.9500360695218749,-2.7979754103433243,-0.06967972063054344,-0.0003812478742833124,0.2915194231187319,-2.0732416534922327,-1.4390291278466774,-0.9934685532403291,-2.973297561964169,-0.35565705551961796,1.0753531376006575,-0.12925058601771855,-3.939464971354497,-0.6298459203323522,1.0192278210530283,-1.146052612264343,0.9220895675637709,-0.900588925215157,-1.2094011193238905,-0.9355456278377667,-2.3068337558204894
-2.8449813873011074,-1.53318987733597,-0.29921973321326417,-4.931237688758523,-1.0811857900131798,-1.8090815174791428,-2.1886090406434207,-2.6652173011343505,-0.8158205584779897,0.6293348878434708,-0.8316267043872835,-3.905138604863336,-0.6788229981505723,0.16537564458897283,0.8979734192410198,-2.8442976380194023,1.9244194368553962,1.6531142944027342,-1.4323707066486646,0.5973456055636858,-4.244600126889036,-0.06698054738679708
-2.201849457795121,-1.1461105944470016,-0.8851354887941849,-0.3757603967494494,-1.87348191882497,-4.613859016130005,-2.9767375437747488,-1.1162370967019963,0.6230940656969801,-2.1094808191943177,-1.7523244880173174,-3.191931160927879,-1.788364950352008,-0.03772598929888085,3.0490299364900286,-1.2445836614995271,0.050557793991490574,-1.7709321031931082,-1.5990998784059303,-4.183464881311553,-0.09907320069940356,-1.9850575881474721
1.410085777886441,-1.1031732729872892,-0.6309306115891626,-1.4049018437975398,-2.2977793403284426,-2.7929635036999167,-1.801937903483719,-1.5531591944407275,-2.6580075342417926,-0.6148888037631077,-1.1480476119451906,-1.3679747027093239,-1.578556227676867,-3.457914379165875,-2.265664324094033,-2.667216344578184,-1.118896130013914,-1.9119823630299406,0.6011838394034089,-0.30805207092243286,-1.848674550903172,0.8630555710294064
-5.382102653120045,-1.4550390764892345,-4.622521911772112,-1.3103574354759728,1.0903421375069753,-2.825080188126989,-1.6849490536531955,-1.2753136505130667,-3.3441780729461605,-1.9748925088892952,-0.7618468553815441,-0.5103499083602531,-1.3411108216862655,-3.424738396407388,-0.009768126663821868,-2.907811132489366,0.17051868969979408,0.4444566582460416,1.9845644005721883,-1.2586013675494165,-0.5373024400978694,-2.5220576037520703
-3.763680910390031,-6.046372121250728,-4.241591329635217,-1.46872955831956,-1.535842657261554,-2.885333731135463,0.33503209718994487,-0.08007371798429784,-0.7663904555218592,0.6991392499030415,-0.20668253612558993,-1.478529306830996,-2.4544276687303532,0.46673764890214975,-1.347554465974899,-4.030031086724042,-4.217394939928792,-2.946455609505271,-1.362954236951418,-0.6746623550823083,-0.5710377319083345,0.2700104213279915
-4.1394232542132965,-0.9544239696827711,-3.673348889425161,-1.5561131803938395,-1.449003121506253,0.5325451179673664,0.525920336796755,-1.4404204904965565,-1.6586263405056403,-2.2675871404253423,-1.1172128678797442,-0.13793472432537934,-1.0538488319606178,-3.474296925554649,-3.0881734963819127,-1.2763282555598592,-1.4315406338761802,-3.7566118175538508,-0.8881016826641562,-3.249995003729055,-0.0475691035021233,-0.5549459832209064
-3.1704491770628844,-3.5772367924358957,-5.3870322501183185,0.15340963393545853,-0.835474042179096,-1.6463614591796936,-0.18860334885115632,-0.8953410930124465,-0.5297976641738533,0.15132442909192814,1.1599389431952676,-0.28659940765870084,-3.0353741076448566,-0.9429495029723363,-1.7397796371789476,-0.5463575760415649,-0.5203407444561345,1.8192447861133776,0.19217500271281354,-0.3924043495281746,-3.9723388797781554,-0.7882639710663866
-1.4081105747875406,0.9859753866495496,-1.4025459184272824,0.6555901463527417,-2.9551075420753206,-6.086996114296527,-3.51517554985282,-2.561410325537804,-0.4000219549585954,-0.3559899328178151,-4.887001381701092,-0.7402665489391971,-0.7145146595777031,-6.980926170516889,-1.0035180502546388,0.26332957819460195,-1.1688356415524934,-3.1742093435256344,1.5622446141277349,2.6062100008281166,-3.27327374398357,-1.6652115750067003
