script/wind100m.json
{"header": {"parameterCategory": 2, "parameterNumber": 2, "lo1": 6.000198445256149, "la1": 58.999992894266676, "dx": 0.5, "dy": 0.25, "nx": 22, "ny": 24, "refTime": "2024-03-27T07:00:00.000Z"}, "data":
[rows 0 to 23 of 24, columns 0 to 21 of 22]
-14.448508563702466,-5.17446156025683,-5.17405040434848,-4.452838434620666,-5.3785954961220135,-6.981410839651944,-8.961280121615719,-5.038199576387861,-3.9990875989859753,-5.932056241130162,-7.081999255517829,-7.2046577270889305,-3.694412631124681,-8.022448279671764,-6.820393170887046,-4.168874496675647,-5.008908934328853,-9.57875163811186,-3.6664519564157048,-4.43447136038102,-6.263963185662816,-3.449815034396381
-14.02695104600947,-8.673511448278507,-3.1530664559228967,-5.2267946177292215,-2.972769777050726,-3.905547049457713,-6.449839812377638,-4.332652664709294,-8.718202290887286,-9.429247303546841,-3.6302922181828077,-6.607856920740738,-8.384137135755873,-7.2213960600343,-9.763577978516972,-9.12963632636336,-3.580790314976699,-4.813541574867769,-11.704136163486417,-5.655777175036167,-9.672281164176109,-5.923371978238881
-5.08406447985645,-9.189709634243313,-8.114513485121446,-4.465636821629192,-4.941691252604176,-15.199530909567532,-5.692678944088938,-6.880827297913247,-5.075084961798963,-2.2909010611622227,-6.428280978551172,-10.092281018107908,-6.510372447257309,-5.831212922795385,-6.622620968592261,-5.177474554813755,-5.08478738633658,-6.232481781203811,-4.278779059679307,-6.44331406768987,-7.4048016458230945,-7.838278507715716
-10.817126514815174,-9.733794664681445,-7.903019122551496,-5.785868480287676,-5.8480356679200725,-9.491766364032298,-5.790295781826895,-9.731410806794063,-11.047568478559102,-9.474939895312405,-10.12419852028002,-3.255605243867221,-4.459995660667891,-8.002470840817892,-4.283419274018165,-4.253706389243161,-2.699168065709393,-5.753008136519892,-7.20024179146959,-5.130009891004156,-6.301886115618174,-6.564104814905758
-7.983590321403755,-10.191235126334144,-4.758915675822268,-6.149379265604467,-9.657701798473642,-7.759639667351579,-7.5597785763351135,-4.914436433974501,-4.475432723261272,-7.9632242752239994,-5.570364083427642,-7.783689488611398,-8.059761627719489,-11.132259782497036,-7.935107438920041,-8.667116411221373,-3.3802755244071974,-6.033205064216826,-5.265266416269245,-6.434729138382852,-8.438191420412013,-5.199734694505641
-9.757508205100912,-4.997591696165235,-7.789391834114376,-9.932837964900264,-7.427877702347081,-5.425962253058581,-4.577938413382392,-8.366089970098889,-4.2971243131491885,-11.03630352627691,-7.410193832057374,-5.750917371300721,-9.992920677783655,-3.2310331189278854,-9.78232894501032,-7.852677653056476,-8.715525733878488,-7.551579395963095,-14.408150227580752,-9.651594768089929,-2.9770429523708892,-6.3975780500437525
-6.099640466673825,-8.042401810238921,-5.898716019491795,-9.712144474777727,-6.568314291244652,-8.960369493222062,-7.689929332253008,-4.441939442993048,-4.966775231777518,-4.252912799675547,-12.975971502919519,-4.025447761001108,-4.67553283359432,-3.502089645735265,-8.40391480779274,-10.549811149581062,-6.194596732489968,-2.856079154766679,-9.36997647246758,-8.837197269686897,-13.759970527567072,-6.084353718465797
-9.943755687758907,-8.112797140394427,-5.3971373493814365,-6.645619749419986,-2.244141710938516,-4.32542746675581,-4.163275299673558,-4.6557281473797865,-10.812325203243503,-5.172929883229691,-6.14956416015642,-2.675915789404542,-2.4432823097966305,-8.917709593328224,-4.185943152888043,-5.483788073560482,-7.743814013165853,-5.047647669284171,-4.526671960361509,-8.289752132828985,-7.174871969576674,-5.783847740631637
-9.930245501187555,-8.200641778297726,-7.006170409205897,-8.159521488501763,-4.857084210951963,-6.661243096395155,-4.552301964146957,-5.979276274156993,-4.100871222902004,-13.12189020807598,-10.551475708968635,-3.145617673330996,-6.606150348700769,-5.786581540338192,-7.2103627930751655,-4.959859700001997,-10.177697987296462,-4.104644167154858,-8.821399096583376,-8.88668928055637,-1.8254834273243863,-3.9152981767437667
-5.46108975133547,-3.293119624030949,-3.266692935437703,-7.471014538885395,-10.161120871720062,-7.9557652691112954,-4.807315339422097,-4.678174330697464,-9.976607692918655,-7.008934744842523,-5.199768366357748,-10.0132578752333,-4.735466915915719,-9.060831964388187,-9.11632681644001,-9.033046177899712,-8.736347611542058,-5.552581627502052,-1.8819222703683565,-8.060317156016819,-9.545137563583348,-3.1083585771392093
-14.528516795250045,-4.112172043128907,-5.503400720576306,-8.486456179333715,-4.313868035716965,-9.95092529272343,-3.792068412628683,-10.6137649714271,-3.081859540330168,-9.503284826861343,-4.367454303486598,-5.29403120538063,-7.101556839019658,-6.5095454104735895,-4.129576599046143,-5.958383859153076,-8.182557114690331,-6.6906641756481475,-7.424081381540377,-5.304061191548698,-7.957928386123937,-6.555470719701748
-7.965914809625136,-6.864556055678976,-4.629044064939262,-6.09582236637309,-3.66583276780217,-11.699050839874785,-2.4678641934467436,-6.4501709744286835,-9.859139150450083,-7.421217937335389,-5.336919657962689,-4.566569739663617,-3.8978805592025396,-10.434970066921142,-4.991050794451025,-5.926156966212516,-6.8849327029348295,-7.1236125599818605,-6.337729730610218,-7.6469341961995365,-8.592025217073212,-3.610934199365312
-8.478069765669739,-4.994486596660089,-5.406013910282556,-5.027652254247079,-2.9711662027834325,-8.472475878852487,-4.461036312451729,-4.005816124989103,-8.777484342152288,-7.5984349757079945,-3.8675265293946985,-10.167292516739543,-2.746376566849314,-4.121080079495982,-5.8180528146678965,-6.310171099442662,-7.662788831988754,-7.67106286878991,-8.782662419018768,-7.885981665108876,-7.266635743215981,-4.664692124822535
-7.167188832259448,-7.606486485195446,-7.9444105102909255,-2.0657973872446713,-3.687523055738259,-3.7156988086541607,-5.255576369402896,-7.065390817503326,-9.69681533616831,-7.871332092116262,-6.188364917344975,-2.586120998797193,-9.13469006878998,-4.089697867725994,-8.681171462761915,-8.462294095958315,-9.279827128378264,-7.214889874213672,-3.5519334011829,-5.392793159033983,-2.8083381476473988,-3.6511861015469353
-6.367389602448627,-4.887993588003417,-3.617251407133505,-7.537952643922876,-5.104851453547218,-10.943025209692092,-4.335703295043526,-5.019711378297047,-3.6524156827039884,-8.45046487750131,-5.488194835109892,-8.06465570126525,-9.167062934788325,-5.961233921681991,-8.233509240159524,-8.737840541401354,-5.53340839878944,-11.002094294503905,-4.018146098394249,-7.196928471981507,-4.236253120051017,-9.023452168661994
-7.5070649478544444,-8.15871955710536,-4.396155094720229,-6.381115937811759,-9.651873294986952,-6.478089383325901,-4.683349765971869,-4.1792394800043855,-6.620444975702775,-3.9694560706542403,-6.143179047293574,-7.431007513171307,-4.437780823652354,-8.548381193322102,-7.1407682632373275,-7.404817035677697,-2.9141671058037915,-9.845949972644586,-7.924553340038294,-5.307919001668471,-5.487293427437238,-5.881823161757832
-7.237818470870915,-5.586811768112733,-2.3924896511829084,-3.4002744420483926,-6.464497093461698,-5.075695890204527,-3.292780177307281,-3.9139988653960267,-5.058997273974913,-5.418425237493754,-4.447610186346463,-10.164112522352374,-3.8719311543214525,-3.4122062161694764,-14.582250212786013,-6.992267016115872,-13.645528747735971,-8.12288392160673,-8.303453339375382,-5.2837547034481345,-5.539740476518372,-8.677776664271583
-13.236801166741918,-4.579144182229388,-4.283220656476659,-4.056634576033674,-2.5177922575023386,-9.503420968170069,-3.6438391985741454,-7.496713407161164,-5.371977804838429,-8.158033006402011,-4.591521690832957,-4.314050070356967,-7.550257714807678,-9.672722302958423,-15.652632971458187,-6.576975336806711,-7.029740576096957,-4.738087021184117,-2.9080627778510393,-10.722235403298736,-6.006037670426905,-9.118358391243211
-16.15805885828223,-6.839000849652915,-12.028968095205306,-3.7905559127016746,-7.830111344487613,-7.2534181695741475,-6.043604053265156,-5.097309987085386,-7.402908070948533,-4.948424085817349,-6.686382260297817,-8.347255021406813,-4.476835645368941,-7.062918359180763,-1.7004110790432618,-7.445494267845892,-6.995507939372835,-6.064375352296931,-5.361713315404914,-3.9929850958109347,-4.820001816094076,-6.428634218159795
-11.32093957086055,-6.646677615010217,-9.983077227383262,-3.259422194141058,-9.326414353778894,-3.661748932995707,-4.432670042668435,-0.5345575528432484,-10.700725091702342,-9.363036445136466,-9.181056679541964,-10.499063141377102,-3.9390892871927714,-5.183350856118796,-4.850118696067057,-7.649147070647687,-7.869969043509663,-4.507394315303835,-8.095096070991104,-0.16914637606639416,-9.460714449697583,-8.2925948953953
-7.893119772792331,-6.734187089665792,-10.992764112766954,-1.8352409215645757,-6.367316978621957,-4.789956043346647,-6.272234479082522,-6.031560164337894,-3.3676018671529846,-4.653783198856155,-4.246476372298302,-5.252196105638308,-4.2808236920125555,-3.6788844822605813,-5.317757958816714,-7.873145006731981,-3.647911720430457,-9.692301582167334,-4.1764120852579465,-5.725116826679732,-3.8713081009500767,-6.354982626944916
-6.898629088828264,-7.051464697203415,-10.875231653056403,-5.19413388037891,-2.3345464896257235,-7.979378884414264,-10.114186920218538,-2.8677358478624293,-9.266352756215467,-4.573743480707077,-4.57048220566532,-6.448052656791293,-5.792870045929024,-3.252800450541095,-8.702909918037134,-4.021815377488785,-6.45214769567878,-8.826956833710577,-2.7146015659545073,-5.356483433033474,-5.087187762335533,-3.2200964654906934
-8.868194557810465,-4.97169069733656,-5.961514786325106,-8.629038322004591,-4.971786885881401,-5.134544348796441,-6.029230062935544,-6.380881503477773,-5.373514680582714,-4.928841280676567,-10.84598663796976,-8.384605565371691,-6.154620472798746,-4.789527658950588,-8.166881607516899,-2.0458976741296793,-6.6511924977582595,-7.266131812541916,-5.592522709960278,-4.1799097596823165,-2.7737427211843135,-4.874453095942009
-10.78711716416927,-5.9751258683426665,-6.457701340541702,-9.311160961005159,-5.9843849781625345,-7.899985759918186,-9.78507460598709,-7.764160088922266,-8.742157688201289,-6.835653206735656,-8.009635116116929,-6.132265926516236,-5.875172315224499,-8.010522306583356,-3.994581486846376,-6.951668105960444,-5.748824904910578,-6.759940039423711,-8.16461454127943,-9.567181316654938,-3.6204985155259974,-3.6645489662258965
