script/wind250m.json
{"header": {"parameterCategory": 2, "parameterNumber": 2, "lo1": 3.000054539987559, "la1": 64.9999836372058, "dx": 0.5, "dy": 0.25, "nx": 34, "ny": 52, "refTime": "2026-05-23T02:00:00.000Z"}, "data":
[rows 0 to 24 of 52, columns 0 to 33 of 34]
2.519720309854244,3.8618653780973116,3.8458135684246915,4.103652676688129,4.167342820684603,4.402448886457104,4.480906585105718,4.6389303124198475,6.238875844500333,7.6087234889200515,5.64805598879939,5.122690818229541,4.4744440727718136,5.728240444713818,3.9824976368516625,1.3130966748072435,0.06950829129483016,1.3461528097388753,2.8602872526981518,5.4061283634063395,6.160292872297824,5.295522761961732,7.26264555730115,8.599465494875524,10.44296011559005,7.936786320486573,8.638533607595974,6.521924418650474,5.6143038610568645,8.002196079416787,5.848841614650233,4.479006573905405,3.6147763068012173,2.657921066762671
3.2783892479537826,4.303985625763618,5.931856510826892,7.611993778808251,5.709713860897857,5.921214550579446,6.764596138683536,7.8303762032682656,8.440380393885654,9.350616971366152,8.979796387882473,9.036580948268403,9.419564789240347,7.444638011173729,5.665835400150007,6.41893423365314,4.256702042365647,2.969967139444015,4.814835347042971,7.406280723523386,2.8498526696398634,6.0993068577277345,4.295809377472167,9.73256112375857,8.134558033501525,6.901720847672819,8.28470341424484,5.262316407252991,7.30559653007245,6.032554967582047,4.915730273041619,4.576017640224106,2.9601043531081923,2.8831305779278864
6.75643616508703,6.6765760179296105,7.323297001463957,6.004970550887755,7.749513324226694,9.23780530216623,9.659718711231536,10.292173198268937,11.689093514699195,10.499040186864447,10.77272340218187,9.652359330172958,8.200303894190737,6.878005864618462,6.366699943348305,7.372827026334031,9.20135296727978,1.3802277967026897,-0.14106591157078838,1.5093386631733645,4.674996400743074,5.509617859162403,6.603221226275855,8.313641123798057,6.86923680893288,6.170969467761073,5.122939914708295,7.2810738754809865,6.136301895165955,6.729005442582679,6.203516450121642,3.521796202053647,2.6338409515714236,2.053247253573765
5.455227858928567,5.149981966805683,6.164574584099723,7.037858475522194,7.177511844126527,8.673040504497946,9.138531408200231,11.489276888626751,10.006063668354498,9.123743211396855,10.386216215310284,9.642303309706332,6.926449404406535,6.220063796218536,5.025711673430776,7.722756367276132,4.986989697217113,6.208638636232146,4.4824937147284025,2.0770177733442092,5.588391656216672,5.306659775572626,6.7140883232755355,9.191289596288449,2.9004675997389073,3.116529863141154,6.967290149096252,5.638349572115323,6.395861321265641,5.538037529694355,6.316089114058278,3.0191597362223903,2.147651057079422,1.7774407283023141
5.30291156161333,5.002247203735589,5.266678753141187,6.704409455191684,6.509781736004176,6.6466804842225615,7.757539786986549,6.469210280035627,8.410097556384118,8.872008769599013,5.740088322262106,4.799710406720928,2.5267352603890676,2.674858158376236,3.045212313164428,6.384735201536297,8.18867705994534,1.7201677420406007,4.057581088215854,9.060491132163364,5.7511573567530245,11.035744551144449,3.194527776794128,5.165392302964339,6.745568724512891,3.221742426859584,4.4982014540066695,4.365450402570011,6.308319522055808,5.692646953134893,5.448294164373742,3.459761148289017,2.1225957947174976,0.9998521888438286
6.565543952201284,6.773962343185116,6.850745782686388,7.142345143812038,6.694114849884754,7.616743496273272,7.303962283451629,7.084544184065454,4.913708559281716,3.2141576748971112,3.1507672402119167,2.973128350926686,3.4820911380611825,1.626296424820442,1.5166799183169315,4.122524786779651,3.5983301325537607,3.7701694654479794,7.975840459779044,6.023475652902493,1.5307311877821888,4.10528076925744,5.434567852458958,4.367780863925506,3.351390472345351,2.8045922871597946,3.4380137693814046,4.253937188014659,4.783359772402041,4.7405076253901,4.027739806315637,2.995496086051746,2.1910651445910605,1.332286850444125
7.828700661046156,8.08256201838557,7.924805427857236,7.314873193801224,7.7372603262238995,6.243043495415578,4.334094349200556,0.4226673749887764,0.6162433112933762,1.3627504041126293,0.8651485605169229,0.8372471169054588,1.51746097731746,2.670477157169675,0.4332927151162546,1.1285321100029633,2.179074416070412,4.46111150980557,6.805576637680516,6.817784562598953,7.309143340558868,3.709046509397764,2.2119836427421675,3.1477125515255238,4.112707854923689,1.916762945055392,3.2072588662832864,2.8426591187931205,3.3259833424629917,3.7817179472220763,4.1263430545362025,2.354762932154628,1.6353192487992223,2.201276043030067
8.178823013854876,7.861433565921985,7.883805483354243,8.045546856599035,8.509553045514176,9.504823937276285,6.13657511382902,1.695052449557367,0.9132373894964235,-1.0286441202203616,0.23787612748042078,-1.931644877858091,0.029776743897928417,2.350407724711591,1.015970860789076,2.7817300925101174,-0.9205557215475624,3.8837979802701037,5.42820924850625,6.273024837775285,7.686580881810357,7.914959227162978,-0.3606487686404583,1.8197443606544637,1.179831092168526,1.0819103851797962,2.0810110251393157,2.3816252299503695,2.5236615657401784,2.3375341069383624,3.2584684733090006,3.2298657524798395,2.0699856906208636,1.8116492376356987
8.406267525940484,7.823675880691042,8.69744255881318,9.402487678014174,10.238068062570138,12.209248666771675,7.339535751510309,3.9429528976768506,3.5265371316940803,4.679036315446927,-0.17123911883035284,0.1971673964870688,5.184785747457315,7.6971882414764226,6.267218312890854,0.15060113579646156,1.778438320707924,5.86256296971752,3.37597358731561,5.560140316593087,7.385261035190431,5.2027667938431525,2.43259376973581,0.2233477579590616,0.6123788441247981,0.3288797824242513,0.9644610388025006,1.898966242757057,1.3454365865365092,3.269565233033589,3.101353608640285,2.8634742653790264,2.3230258957428007,1.2684933776967506
8.003131052833156,8.287471337745586,9.00243942242189,8.852955805721558,9.288097360691925,7.990118074935545,6.835567463897523,5.799637249703012,3.0907571413555157,0.06985257017797661,0.45479314615106164,1.4208255549165012,7.091742463331986,9.241433559767785,3.512115930589379,8.619471938549998,6.924333384998255,4.24121155466416,4.103864891593035,3.732052874584617,4.913336271536097,0.8228755055503567,0.25708954490058966,-0.7314850843331121,-1.2677754090976383,-0.9028964409802194,0.05320671078488383,0.8017990488823711,1.5252545915178137,3.0085850291566065,3.4892916070493407,2.4618152990105298,2.070648493263333,0.540670769035327
8.297813418743724,8.690842835317184,8.65633589856733,8.015520811506583,7.67060363828084,6.216779673004114,4.446128031210687,4.753220012703572,6.961831965873161,1.237146051160803,9.959766638207869,-1.6006361160796454,11.424075647653655,13.924343758221575,14.751878927468049,3.645122370552593,4.889285744574803,4.138516525209341,3.7257671799173893,5.057923189208576,3.1862066123807917,0.13845048829898154,2.781189547669323,-1.5944564301210384,-1.8214621109625824,-2.770301366203299,-1.3905315227271713,0.3237988883964952,1.1378965357632618,1.7563747300604688,1.340591970416226,2.0517001493027704,2.164955970614504,1.2759019413483548
7.793556469055704,8.7396746713924,9.150143992502805,7.092463909774233,4.770600578905982,3.252085892148439,3.192778010634773,0.6847022716875907,0.8070899031470696,8.577781439343852,5.929694281053924,5.605885471494024,7.089060381180682,7.929083385558699,12.638501110740535,6.821611163087168,3.3773346844554486,8.663099327617688,5.3911255187440394,4.781186846644148,3.8181377821574523,1.861549626951049,0.43883444485873896,-2.46114481878635,-3.449790384381133,-4.007948913409161,-2.995796911401062,-1.1035474632554614,-0.3039490848364738,-0.3300598420965916,0.04242357354350784,1.015445433355551,2.316626378701535,2.4560556274703607
7.786237167931851,8.926566180327875,7.559950720567044,5.609930087307653,3.556302795178806,2.3582284495828825,-0.19848992364336857,0.8286336601885516,3.0784578086712826,9.996194322636727,7.9069902499858244,7.468004903088549,11.901393772063543,5.160376198845798,3.5008471027233115,10.918514533728935,3.908667711636543,6.318804292944468,3.6802143180234017,5.243569836455408,6.000921963334514,3.060132128844002,-1.6966990227030596,-3.0715353138069363,-2.4505319292828855,-2.8524943537425758,-3.68093431003157,-0.33891982916765956,-1.5155987695917894,-2.1964139354371985,-1.4352437966955705,-0.0857711913190728,1.5686484432480707,2.2073524985250437
7.083057963416784,7.831992303015925,6.673780862589487,4.853784143761286,2.4944275215924825,5.020680011875521,10.423932741067103,1.456861051884811,10.702679920411839,8.178279595805314,10.205276309484548,12.146030674200583,4.725486271020238,1.4144178427516443,5.912313844506413,10.855674428413701,6.082007157143156,5.144126224510082,6.258944340769886,6.238445101112292,5.3685499690825065,6.499106033229835,9.199527668473959,7.217829136597386,2.9024317329850495,-2.9355639263761373,-2.5083930927108264,-2.276184738872675,-2.129062544509891,-3.5023498457377826,-2.858046949307655,-1.0666407764538144,0.31847571691810644,1.6635178283859304
6.9184337653574985,5.029315232896836,5.831814183559778,3.3912585288022394,-0.40592854023509917,1.6183633705973348,0.772595817276797,7.101140096392058,1.386682251125459,6.974881878158777,1.321745751119635,7.905422282789634,10.435267074437549,10.389613750236117,8.892530921000732,8.363525098691605,3.690467785102227,6.356086486493419,7.68620426343922,4.7987932150128945,4.527438899929859,5.588748834392984,8.757468421897755,8.314934152826917,5.949662287370718,2.057534745388046,2.6845598254969647,-1.8198214400476027,-2.5524632561748533,-2.696622790056751,-2.312960843667909,-0.9466001732222876,0.6852146212880321,0.9359824240858166
4.005142221430163,4.339483261957728,6.399619945636365,3.0770333147248055,-1.2715464737032849,0.9007898722340406,2.2747235877622387,-0.2685299839114672,-0.6761006991887931,3.3901214151488617,8.050267983197411,13.755952013218051,0.7201457787104776,10.128102345128065,2.443777017301576,3.5917904509150915,11.911528336630845,3.900833471663615,8.028555912251617,4.24313876420957,9.611295474783237,7.5269827912885665,8.04669712785355,8.137627280944175,6.582042823056099,6.374448686811127,4.610421894999101,6.676578572658331,-0.6601303915413886,-1.4228630084475766,-0.5585423969756156,0.7113950124390188,2.6938066582960656,3.552712762430937
5.328453868176948,5.747643344623169,5.026794158468059,2.940305267571114,-0.7440899249838728,0.8251482865495258,5.915841682157948,5.429796459062359,-1.9376441856078566,6.0031086189934175,13.312110406354906,13.838474366288535,6.728360151566068,7.931781500653852,1.279069460968175,0.444114739748798,5.786921739929302,2.3438828463556036,9.247844358048978,5.075274131983595,7.377309544029622,9.668289956711165,6.5848692744893915,7.175304150776424,9.051642595574489,8.793293293301987,7.418625825221919,7.911682520943398,5.670889326670729,0.009421204943137732,0.14029441799357983,0.881149739908715,2.00777689895716,3.689123697995749
6.03520515297025,5.474202777869723,4.6273658478725554,2.5436855287680262,-0.22190022289715203,1.0723032846765859,4.5080857568698365,1.0295324598372164,9.730712729404416,10.123096621168791,0.27513159481926985,11.007493542716205,4.67421655562316,13.765952116416152,11.407671231992332,8.129876980954053,2.4393323274700993,2.9656752264656423,8.575928168571298,6.990321629329954,8.525373179949964,7.4600867184423105,9.279815656735362,9.796606693103133,8.15413163545218,9.6074034461461,7.433839589367733,8.919112216536872,8.742354081165985,6.627206172594309,3.585871608312746,1.9671068518732724,3.0175728419740993,5.136668596267432
6.351924152556704,6.330529877086425,4.147170753352956,1.6523734986158776,-0.46832517146134733,-1.2103409357785466,6.45363897056513,4.853312559389607,2.342027663828253,7.128833259049168,8.134616356419581,5.589084407146901,10.271076825949521,6.935556500417488,0.6481699925736536,1.969993465727932,3.2551342711142017,5.952465768364873,3.686246076207247,7.534340624221443,5.685454587054296,8.598007504174497,10.022003518850562,9.841368955978753,9.276514425217698,10.973746057179783,10.009152871266261,9.633709593999674,9.746549414655416,9.106325728609775,7.963770029911231,6.100498611091909,3.5372604489390955,4.521438112082517
6.069695663907053,4.4287844281130635,2.8742815731834725,1.3350974763983772,-0.20144863824444315,0.4167616557585522,0.29363675041459414,11.942948371340588,7.841808865030803,9.956216077816162,14.220843058892132,14.3824248738285,2.078912016363348,14.516105009186266,5.386302764452069,6.592748671470033,1.6793306984328185,5.142217280213954,3.8157865420194828,7.159061142018382,5.510772853756072,6.51765341702311,8.70254818596808,10.569674917085486,10.430963066010692,10.0007096834835,10.124223019035833,9.611267344645135,9.972250383938981,9.952348958694737,9.959504260548803,10.150429627768759,5.965151328579027,5.262231110025547
5.979275027561262,4.945454970604985,4.099716724518981,1.039214654638235,-0.40200209776348195,-3.2870571385057765,1.085942047337497,-1.045969965850657,7.851143177725058,9.318848104409595,11.307937960258418,14.431406990686607,9.388029532962364,2.9136079732105244,3.179458179969673,6.822916488427735,4.898381457495308,5.806071529425395,8.783106544495787,8.176742847691461,8.974849737274832,5.749924339558131,7.388790201489297,8.961191262787288,9.718880742678383,10.098930825472785,10.169313342589495,10.056536256813223,9.975462963061737,9.936907112711717,10.462002135237302,11.31845333821012,9.496742370139025,5.7731742294419295
4.421879268282709,2.8324519665365524,2.6587787526855213,0.189182577049567,0.05763176046205663,0.6155617891688309,-0.29329255207421306,0.2988165510954307,5.332402471348913,2.24979038729285,7.608870690992324,12.200873331817908,3.237413189738799,10.543551001509435,1.8303186525054371,2.7698732296729722,5.107649177061222,4.85934893419191,8.460610072890912,6.283390892758357,8.169722796279725,5.9687417358290205,7.54924052413077,7.965046800146231,7.89340921330746,9.501484256244439,8.668914074167137,9.446649573087026,10.628367369053738,10.647038763644659,10.630324825107643,11.13796281836015,10.108744400475974,7.748511602893043
3.0764666613026193,0.7199816706205749,1.7775114323423205,0.5815559046894978,0.5674929779806513,-2.4327997384471254,-0.8651576113316058,4.314769314363146,10.904436595798286,9.689506077003983,5.2768568795991895,7.622035428595757,13.400325500638171,10.065451177553703,6.646924226360044,-0.26837404543432813,4.942560519977584,4.77823328234299,5.7507874610821075,8.849110340412539,6.957167144610159,7.696480571143434,6.110748965058734,8.283490627723223,10.099207846536647,9.771514053696977,10.80624329516206,11.868041622586272,11.796682825070071,11.429338508558475,10.955147330605278,11.381995606532241,10.71147734393102,9.685051914746483
3.0467172198476535,3.137001147194813,-0.4822348862128122,0.965440960840422,1.058409238226272,-0.5795278682461497,0.5574648610433446,4.835483866128211,7.575177912742965,1.5090965101464975,5.6118498205174125,-0.9728421988245215,9.773842873920776,2.429126011094333,5.9384360676352514,2.7028383292473075,1.8068216382298887,6.746355902714011,7.907610408042271,10.28992064567007,9.592593027362827,8.611495483172627,4.994269113671967,9.061497796254793,9.930610336542584,10.057689176772438,10.988319618759837,10.958547069451082,11.7858605537673,11.948944390536456,11.070952654490663,10.338818169810157,9.856359252847934,8.314930058236405
2.703906841540899,2.5020152746303883,-1.4335815047627645,0.9322195384976167,1.7593461026087789,-0.6615716260701403,-3.9462469310250077,4.489690769816849,7.620805008569074,7.1535248066170425,11.522682813834823,4.927692960998864,6.804787625873168,9.25202712575713,7.7953033379228325,7.301247424299403,6.6427417787757195,7.123811078534463,9.849196227624011,10.616453557857934,7.625420667346793,9.927304677421459,8.391832899917894,10.33894246232208,10.46080854432128,10.546971061110709,10.691693949560973,11.097446225279988,11.56486733533825,11.19250053524428,10.835463681184718,9.96788114093319,8.675817898342054,7.922683858074936
