script/wind10m.json
{"header": {"parameterCategory": 2, "parameterNumber": 3, "lo1": 3.000054539987559, "la1": 64.9999836372058, "dx": 0.5, "dy": 0.25, "nx": 34, "ny": 52, "refTime": "2025-07-26T08:00:00.000Z"}, "data":
[rows 24 to 47 of 52, columns 0 to 33 of 34]
2.53698595275424,0.21413165886219743,-1.9261308945750677,-4.071708275283601,-5.2847576424049505,-5.1666869480152116,-2.0708440218954802,-3.0261580057791932,-4.170965526232713,-1.8805513117419814,-2.388125050873421,-2.445340635680604,-1.415398229556729,-2.05483106436874,-2.4442910073019024,-6.1384160021001355,1.2804958791788763,1.4252215879493195,1.3400488441638265,1.4074685638253086,5.921930265774981,7.6709148690405575,2.4375066208206877,1.3793196514471935,1.639993884787721,1.2955645751238898,1.6822586121578536,1.0836773365021748,0.5654021136736991,0.6447385429140043,1.905628867545061,4.20609974879025,3.9225043153867576,4.017286058008751
1.6823839944551473,-0.3536888715026432,-2.2187243591831334,-3.9233172092007886,-4.945608403862568,-5.04749051813852,-2.292978578106627,-2.8676686877903763,-2.128770051962954,-1.6161260125637291,-1.7370567865994555,-0.7185373223527203,-1.1810701175341345,-1.8265579138227326,-3.286251899333613,-6.4427618773143385,4.527129904906318,2.4418302127267704,2.3171843507804173,2.4645034452738055,7.29508771156028,6.682405450544725,2.2476619520349645,1.8398929529032366,1.8287983202774885,1.1181384414937772,0.7424560476802405,0.4593418884689928,0.7150908173301752,1.2183199233403617,2.3174628174407905,3.826965659598337,3.2821831613602765,4.133684223512654
0.3479075439783764,-1.8901850194537266,-3.0235628666066865,-3.492000732629956,-5.011268526861414,-6.502525226243882,-2.118255530314315,-1.5146735358369432,-0.4781369296122482,-0.3956892301285162,-0.7774998620672697,-1.1235856815852845,-0.9129720446537383,-0.4840475887555444,-1.957786673856024,-2.445270671583599,2.2092700800264957,2.4308225271750783,2.398191228437652,7.111292290625887,3.9873936436601483,3.228821536795067,1.9066012718691758,2.8638988319556042,1.8619664412110828,0.9621931574718442,0.6151076393585051,-0.07312301612880455,-1.2439663638875573,-0.005449832114529156,1.1544494225835766,3.348648778266532,2.5769121103374397,4.403826279681795
-0.47564752787305326,-1.9985528737045672,-3.2221229342634983,-4.164129171570846,-4.926213065923274,-5.762751865037803,-5.986455623385554,-0.8656931105252306,-1.1264365658474647,-0.9140850396276194,-1.136226375765232,-0.3020987245697993,0.8478697684153594,0.27964679257636815,-0.19275457099461152,0.3025876492968796,2.0459725403991036,2.4879448686833703,2.898067116295997,2.9858418457835567,4.541528871396347,2.3245251532521034,2.0691129435786673,4.580080754168244,1.0126768405645346,0.72056973976401,0.20799286290005928,0.05567550798618061,0.26887179391579824,-0.9856469424330195,-1.1358790432092511,3.364544839207725,2.5249580439304458,1.9978305884256884
0.11223385986615302,-1.599427019835304,-2.7369561095939305,-3.6775126896964654,-4.1603942919318815,-4.561109912006651,-5.18285729133889,-5.965103162923432,-1.801839733618445,-0.26242645662593417,-0.6290272545507374,-0.5837653659791103,-1.0535641476432556,-0.7804701917363088,-0.2649010258310077,0.7839508695953029,2.5787915658266956,3.3890606860534525,2.551408310947709,2.3206042855277427,2.247951136861369,2.3772264172603648,1.5555670945814533,1.6715302093496502,1.1956258504066357,0.4456659116466053,0.15302036237128835,0.26251577298005435,0.9411305100007678,-0.6497340247851938,-0.6543797915400856,1.275704049281002,2.212399888249725,3.662582658984875
-1.3723437604583344,-2.0048890270337743,-2.5683106418077895,-3.1669663826860806,-3.780513581369806,-4.006477727596414,-4.781345211137946,-4.663879585956924,-3.513627216071069,-2.612406079528653,-1.9375672538347213,-0.7797710822877877,-0.25290639985339186,0.027392315182652945,0.07169865842600347,1.0604406981369263,2.0560375210421915,4.028805411116835,2.9445206584858714,2.2068006243577427,2.069434990756415,1.8541360427188032,1.7643204192727342,1.3429825677668998,0.9612037916402054,0.6650093945927504,0.6243259595729531,0.5580484923148146,1.394709227207779,-1.0882896435020082,-2.53157929176649,0.6548838308654265,3.3229288619972097,3.6435953710078968
-2.358500113071431,-1.865560737427391,-0.987497097547013,-1.628738102469719,-2.060289180037742,-3.11221273906564,-2.4214161892856425,-1.5744803470423492,-0.9608877451502796,-0.44861514487208204,-0.9322375362727972,-0.5833631122084959,-0.3944007063589747,0.6448927323440351,0.9905742007679046,1.3569680225144078,2.3359587434873514,3.3961329266967564,1.4679282418765096,1.2065434746139132,1.3388215743466045,1.2534365360333495,1.2501921411134165,1.0121448073376813,1.0527766303854904,0.6083873604174052,0.4617245286557474,0.7973930367482608,1.6486070091696656,-0.6842002367038684,-2.3323624351811785,-0.18955683814016674,3.3917147708718254,4.411835721116081
-0.8397323094927062,0.7434556053824776,0.5219438964044897,-0.16843590148205428,-0.8296548474904364,-1.429735629328533,-1.637934784139349,-1.2364674360967627,-0.4307317366463695,-0.5484805206067573,-0.4593882736290888,-0.6039184145121159,-0.5887888504143134,0.6692930895590569,0.4814174544835997,0.5541604514001566,0.9467075145622625,2.4197306227149595,2.6252796686700424,1.1624723079224795,0.9318485420041814,0.9684078719323808,0.7364674522130031,0.589209762161699,0.5541022971709694,0.11988966518190287,-0.02173264922550635,0.40762054295551575,0.3942289183861664,-1.036911788563181,-1.636006917601639,0.29165510954356644,3.2924869520967808,4.298502510934109
0.9900914936992509,1.7045867161717836,1.453627581904854,1.293174775207003,-0.3403291788757414,-0.86726252030706,-0.6395898960452454,-1.0071288180185698,-1.906323579581762,-1.7204069817983212,-1.7976461922922844,-0.7274039886659635,-0.7241511134221221,-0.2994865738623887,0.2976204991463241,0.6789824337125263,1.1113119143016539,2.385295319555182,1.922855035030683,0.7745650229876079,0.5606519260542774,0.3716994985906606,0.5156968508715069,0.2818280200494432,0.2742554487665759,0.18195026650454005,0.11843095436628408,0.6630567892082058,0.8366592790542624,-0.4899729676143677,-1.8256557999784033,-1.3474315361951512,2.3588712768940114,4.300850305575632
0.7443381231861164,1.4438152788375673,1.1558572896529762,0.9649977502665769,0.5782238797653363,0.0068918886608335195,-0.6352302931955486,-0.8795708455393869,-1.581130043773293,-2.396007979719583,-3.013430373855931,-1.4754741392287372,-0.7482165543888026,-0.522204746152289,-0.00978328147834692,0.873386865492286,0.4186405223817147,1.2535377869804754,1.6436144038310534,1.517000759217332,0.49146581618808544,0.12904624666562903,0.2660831952054075,0.10775423814710182,0.09555713675322242,0.08608894728564705,0.1585460719650023,1.5245517879161945,0.454037756760589,-0.5415339234283001,-1.2084978586872868,-0.2646566495915903,1.8914568983570736,3.3188150021782765
1.359934417040958,1.8405845144614206,0.7885419470520342,0.8979026272765591,0.3604644494922948,-0.21278870113108203,0.014157616532292925,-1.1546618505036514,-1.380803489066436,-2.580274903706361,-2.4488037502007844,-1.2578102952151757,-0.6655296430913111,-0.30281508790142936,-0.11990682212723008,0.7603072223428218,1.5661518226189557,0.8760539127584416,1.0507708156316962,0.9977638224319473,0.15486163984580384,0.06116699814921347,0.3726046059377461,0.14562067118827005,-0.033252496401472154,0.14166271996673016,0.15355112173489702,0.6590298209214989,0.377886394498802,-0.07333242972620306,-0.5311329696494348,0.09990184363051517,1.6153646056987296,4.294059644249045
1.9391862304014085,1.7659946457481466,1.4563030679585425,0.5884237455294914,1.1107190461432186,0.3167525848201673,-0.36640858945274535,-0.7300627085192937,-1.1565691638388482,-0.8102529407078946,-1.361701070092931,-0.7092681460496716,-0.09840766699537785,0.7731157071698503,0.4451060506244474,0.3118256566294357,0.6018095679312597,1.1697238754862238,0.6783182665490289,0.8049174121737174,0.02717535720030636,0.19992338518208716,0.4640207592168219,-0.4973302132941915,-0.22658588681932196,0.31531038721511534,0.27377553417809397,1.6052720329913555,1.8499515617891338,0.35358053854244126,-0.9563916057054537,-0.3652729129113192,0.5766907528835382,3.346023678207656
1.898713033937431,1.9136794726594404,1.8212392090039364,1.1918029250617261,1.0923212646425462,0.10952753038217498,-0.1975644240055126,-0.6456988724439003,-0.6607793221033614,-0.9882699547011614,-1.1452008045839355,-0.21701305894891942,0.4067647352374558,0.4432588305303788,-0.2533616928322104,1.7840347177019569,2.244228033777886,1.1551854321742847,-0.03590890533615957,0.5597803801955638,-0.34678303444032027,0.06165296022912888,-0.025963713035563343,0.8379293948140738,1.7070788382463253,0.6982861313148698,1.3303735784741577,1.4024931045237858,0.8072842485450223,-0.036300960853175634,-0.9164540391526428,-0.49323523474196856,0.6605050927785423,3.393515467372
0.7680359758053522,1.058062143252759,1.9967006583449,0.24590218767679736,1.0695686518401895,0.8162207973901393,0.36998976021008173,0.9981718970967208,1.3465173987140429,0.5797274903210112,-0.4525106779179185,0.11508378676703772,0.5583631178577112,0.5897340436570935,0.6201344157283506,1.7689091458867587,1.7148581075128935,1.4366174175231528,0.49907926082869236,-0.2931839309695226,0.07397958562960945,-0.8490922765290139,-0.2140432480353824,0.2914506274605922,0.4953729882871173,0.3866015198680296,-0.008716915823198031,0.24043348042183055,-0.26971308651127945,-0.9572652555290204,-1.3732896214599448,-0.8081286461155655,0.4844972172210819,1.8436442941625228
-0.42396136238006377,-0.23014428436571974,-2.0659601185452487,0.6759361817325671,0.6249801586219208,1.2621840283275831,1.877078782628079,2.023680709114983,1.571520264702947,0.4291626015531955,0.13295463162292845,0.36298978123845077,0.22112767831063787,0.5011815327794358,1.2340396454074494,2.1028755817110505,1.2753456929324545,0.4904645877942341,0.17085329970363267,1.2546754466123762,-0.49036695644527645,-1.1371975051660153,-0.853372684127462,0.9372978823589587,0.8629502910766527,-0.7470229002374783,-1.9269145802858254,-2.480075092699789,-1.9092413141029454,-1.9617063343838042,-2.7174102323451073,-1.5928389182587521,1.2868104818645185,1.5887350272772738
-1.1180886676142574,-1.4527371197310401,-1.5005874855002086,1.6493841640265874,1.2676793652460525,0.9596627453552072,1.5819075808559298,1.637851573542668,1.1376534957513769,1.344318586294219,-0.09024850118996572,-0.06159168449161354,0.44192745016487794,1.8947467229175448,1.3737597322692718,0.6332974000169076,0.0258165661895527,0.837220352762143,-0.03998230791024908,0.3526955921532401,0.28336624608055205,-0.6804412017489603,0.0069329296999687436,0.22179315874925432,-0.8796279377222114,-2.697722042347496,-2.4934972910418693,-2.459519856121363,-2.45846162436988,-2.1314401661774216,-3.493529962167482,-1.188458040606488,0.614092785140717,1.7095038030933438
-1.8776983394039313,-2.1038055480184554,1.9687008763905682,2.744746474606362,2.211358417528602,0.7349159448498923,0.884315926751256,1.3037231175279198,0.8124470433821093,0.15041427532059692,-0.08132522254061832,0.5864874479490846,1.3171285983277707,1.3149865519169346,1.035042053872089,0.14098009998351205,-0.3569577379131578,1.468254860337868,0.01393755958702118,-1.2369629428119138,-1.1110669934570323,-2.1480993019346326,-2.3873881589111354,-2.3493462302159953,-0.10297063582931747,-1.637174973934722,-3.036718984563229,-1.9071923662624224,-1.3550869422468987,-2.8435214284688475,-2.6760513126010324,-1.1691595131800392,0.6840222984639623,1.3493408588377418
-0.7346107370138392,0.6870045493370089,1.4902320415399521,2.264573852224246,1.2035917750729006,1.4286500388181886,1.1994819761930933,1.202350560039178,0.8430238898536375,-0.09324897620056874,0.24728132105476952,0.6585829925135891,1.608014130551256,1.6952820575932368,0.801256748088747,-0.38828504088075144,1.0327252027515634,1.3625522841006457,-0.2681335720923898,-2.136689912528041,-2.079442298884664,-1.427135674905031,-1.737342909407502,-1.2729779639223178,-2.874434652265488,-2.340550182374324,-3.6042850300362224,-1.793483286098384,-0.7619778386983557,-1.3118864387781386,-1.807386486432444,-2.845970160377915,1.0562980352452607,-0.07651022914444475
-0.11169021504247796,0.21602691134594668,1.448339946022667,2.299723465754409,0.9683182268529668,0.9495730310567868,0.2654646670543871,1.4137272550543987,0.4978335541150339,-0.16968159251914786,0.6557139408265186,1.2808476655519803,1.6802376637886227,0.7139419495207738,0.9730752568321824,1.7246846976540284,1.1240018371817757,0.5374210300713638,0.2700403952759715,-2.162029404384545,-2.17310114820075,-1.4786057591227895,-1.164346242947602,-2.9085236807724018,-2.489822478395824,-2.750821415288711,-2.7169379194627603,-0.17690468944448245,0.23160064707407285,0.09436238112740267,-1.1460380726199206,-1.2386821585846164,-0.7267723847199465,-1.4664152932738774
-1.205158045714489,-1.7783657167138076,1.3976825938867248,1.159039014281243,0.8854046162941042,0.07371617902143565,-0.1687663256647452,0.18562113225275179,0.3293458352671652,-0.25255018119503503,1.4079155626597124,3.8974063715709257,1.3964448924767991,0.730784624832697,-0.006581112147328269,1.2739725905609716,0.2089638419356679,0.5213530941535869,-1.0295164903133458,-2.2527329440449053,-0.7740671454559822,-1.3942985262071306,-1.883415218333109,-2.0013864390474727,-3.597340496196272,-1.5419913349447836,-1.5449383663531298,-1.0665802205747636,-0.4365480877610659,-0.895600756049186,-1.3720154498806612,-1.7789597727720117,-0.8321881025959484,-0.15832029743285514
-2.664516559704854,-0.6604496133404003,1.3642620896182065,1.3310886316085493,1.9170052205946422,1.3979413948818953,0.8297365836957046,0.05915996333428062,0.015692321826708523,1.1070343981795405,1.8848785814049542,4.8092416623555465,2.273299858157737,1.391801034157973,1.009336075819913,0.2662038546604034,-1.1532579158345941,0.1804304309864405,-0.7333030519537533,0.1854397871232858,0.6198820762613557,0.00857942059459759,-0.12416323304187743,-1.5246953707105129,-0.6399767288812606,-0.7134930418995132,-1.6747733545628574,-0.48363857832326906,-2.1244028069287393,-1.8388371633269367,-1.2886813602799903,-0.946159450507833,-0.8650524948998278,0.21625150546734895
-2.7649665019807257,0.3731456119550568,1.5831090708302118,2.0611716468536487,1.6607915485688913,1.5874796996621168,2.3180157705453093,3.6109736903833975,2.8339645467253516,3.1538674605857735,2.902843258618052,4.602366442344841,2.0724344183482595,1.5415327088018629,0.6053382182188562,0.43838511687314125,0.4032123223736374,-0.882851291691082,-0.492140028199976,0.00037600070184239955,0.17564060771871587,-0.49784335183566353,-0.25029736519952717,-2.392465108537713,-1.2009645011272998,-1.4757011513713865,-1.1136290303265564,-1.3679699984086715,-1.223142202562748,-1.5776119008710285,-1.0250774648105418,-0.571063362615192,0.15476132204938606,0.03326597026812285
0.27948641023895604,-0.7256894670414149,0.9808282885868642,2.46779259509229,2.406653806620004,1.904892515622175,2.2673144037950683,4.214356167559944,4.693438058672003,2.1138446293844346,2.26166289500135,2.3498744268146488,0.8484465692524565,0.7586776585697257,0.6205733959573884,-0.08797186214067414,-0.44589601576019916,-0.22198540327269928,-0.7210094201503721,-0.019181813618804576,-0.9364183715309472,-1.198872551048256,-1.0057505257781365,-0.6991766455623557,-1.0886396683147659,-0.6155473235329468,-1.54889838718268,-1.3514271338168984,-1.2709298244502716,-1.6190335902790967,-1.9264129920806035,-0.4727144614365479,-0.03858938906653671,-0.5412870584425998
-2.729438668729454,-0.4302470491302296,1.8882106692113616,3.792454249240707,3.325673265303969,2.7337956583765464,2.8653374464138435,2.2129073078546972,2.2493073173364166,1.8395298263891064,0.9814049972321268,1.275798247511875,1.2612445936431345,0.2533346620406936,0.1578982277479434,-0.49846481243596835,-0.43525882055458953,-0.11212430457230445,-0.08725990544272136,-0.21792544025256164,-0.45449441216146214,-1.2113099239935718,-2.3436838146751877,-1.5096936366203344,-1.417979423634573,-0.980709824668901,-0.7388658143621433,-2.5625001371097422,-2.655642369906242,-1.1560280162956145,-0.8005665410264974,-0.30855051898614444,-0.931662015750637,-0.6988231627830342
