script/wind100m.json
{"header": {"parameterCategory": 2, "parameterNumber": 3, "lo1": 6.000198445256149, "la1": 58.999992894266676, "dx": 0.5, "dy": 0.25, "nx": 22, "ny": 24, "refTime": "2024-01-18T05:00:00.000Z"}, "data":
[rows 0 to 23 of 24, columns 0 to 21 of 22]
-7.40913756886602,-0.25422353577426193,0.755890850075554,-4.286962500372187,-5.815627889257314,1.8424853460053996,-9.484706313867864,-8.668132207847487,-2.3561706489058305,0.1678535605072377,-2.1433640842555883,-3.74074826344768,-0.3613133032665243,-4.283685997825219,-0.6010553101338314,-0.265181105418004,-0.12897040054906939,-3.0351257469437556,-3.031765117603546,0.15982157922916182,-2.4388266511372354,-2.088643787768502
-0.41822314286277384,-4.335200911131487,-0.3415777649843262,-2.520623845497785,-1.7107152345800283,-5.129696642097984,-6.122794069479322,-1.3244551600109207,-11.178264336611523,-11.218064896901824,-2.1597367720019744,-7.060461830763537,-6.329095505613176,-0.6652492551694009,-6.286304408932971,-3.677392898043999,-1.2579906438999735,-3.0168374818001285,-6.4335722315523,1.2095141347597869,-10.603850483880281,2.063968777349801
1.1429611024147168,-0.8598487178247148,-9.871347893683016,-3.333822313284938,-2.4704767451193885,-7.1536080817903285,-1.8426884685319933,-5.120608545287502,-1.749597023125076,-0.6103421886568429,1.737405588474029,-4.110838540944369,-5.5933248135151965,-0.5738934817798581,-7.321319524863191,-1.7460171984960124,-1.4662146863333392,-0.4854627050170005,2.4811725907719886,2.534405791419509,0.9029018176437058,-4.798207226056554
-5.326028188005763,-6.422655229288265,1.9568918898139798,-2.9912302017418986,-5.079407639276723,-9.927044154595631,1.6695161384481498,-8.99503275593666,-3.0795249074081,-11.341358664504133,-9.947260623717028,-2.8754877054714756,-6.020556332183377,-7.9841281675037346,-2.9410943529970375,-0.48406507719338704,-2.76823653100654,-3.621592824177148,0.991099018720874,-2.976214161794967,-4.7242777260401425,-5.411663077978756
-6.315909303020299,-7.674282420750822,-0.28396898890913796,-8.461081243311583,-10.363784046052848,1.308190422864167,-0.11533833048663032,-2.9644364028856884,-0.9022536784171142,-4.366284357618386,-2.3708042380121688,2.392792745178136,-5.939195166248587,-9.38921526869905,-4.360120603193898,-11.808015982165818,-2.4725472299080593,0.8606161693184833,-3.36322156194934,-5.846079061067294,-5.669555015373604,-0.9838981217060245
-8.363933740297835,-1.7404901713249832,-8.494142144449604,-9.29011939982371,-0.1053649013544075,-3.80436894998284,-2.2479841599224564,-5.281110496615258,-0.05071347523034896,-3.1068577154519774,-5.744891040589195,-1.03794073194664,-6.191056665767187,-2.0277355441158464,-4.017865964898515,-5.306831317794314,-5.90525962820445,-1.3064073080639018,-10.022671235095297,-0.36596610797255086,-0.8832265193339557,-3.817110618536556
-7.982922958124012,-7.711875374139224,-0.14835285043983457,-10.547875350986867,-1.9628319132694898,-9.571157690714603,-5.298676648622446,-2.124685837842283,-2.4914012051713152,-1.1489203655208697,-4.456810897372305,-4.8577556822742425,-4.299268803563565,-2.5158862993945723,-0.8960162922229439,-1.2518794382802838,0.5242442776085231,-2.840836387894131,-10.124916494580589,-3.687500873480114,-9.706099089592728,-2.8554407398246355
-7.684314819056709,-7.241808643221967,-2.247313283137815,-5.3789415318494,-3.3127568459928134,-0.7401686495506311,-6.2898348332736695,0.07818305705116096,-4.881548239185466,0.060038708420241456,-0.4963356511770222,-2.3689133474186947,-3.3316029609648994,-3.863119446052484,-0.14670373949713975,-3.217515660414526,-4.72998268077274,-5.222537719440093,-5.691086489016244,-8.189515106669594,-8.428822572758369,-2.0380560604710674
-5.726692892261572,-7.742649292828978,2.341091380004044,-5.226463235444092,-5.164190622693344,-3.71257043496446,-1.8973498616842723,0.22768508553435043,-3.1039340928791055,-5.711342203319166,-8.406460573608506,-0.582994327271986,2.489834944080462,0.7896410365572432,-1.6792132651577485,-0.28107394135315733,-6.191902978012886,-5.02460585228852,-4.354894327869823,-0.45701641706503887,-1.9123225615290858,-1.3186479288813042
0.23231521436681804,-5.697226908576141,-7.267573844867209,0.08772621753345464,-6.340948693113882,-4.235928468940679,0.08248405131355942,-0.9222432200778653,-6.084748527572008,-6.1568307587399085,-2.7680588018846866,-6.42942121248479,-2.0006784841851823,2.50460012965805,-11.139023839221933,-11.917032878205578,-1.1969454580316725,0.7355880165075867,-2.296128902145762,-3.009503452407958,-5.134946604474128,-4.882974244206667
-7.751237277562443,0.5129027337506201,1.9780559277433134,-3.429265272718538,0.18061932043036077,-6.706677199638089,-5.650559176755346,-6.0070612397486585,-1.3465288494288903,-10.781819088250876,0.7780202942865687,-1.6012486305147893,-4.46144473196237,-5.394642853921856,0.5210865168728687,-3.832477517757037,-5.699761620360188,-5.518948198443571,-4.728095410828724,-4.642783357368325,-2.4599809779339035,-0.4805006838225116
-9.063027442259125,0.893447335296884,-2.2373000795672775,-2.529583097382578,-5.565147015337402,-4.537040598100676,-3.453317939824224,-0.4021857506238407,-7.5581367504042385,2.3593645121559534,0.33533444503315835,0.42299120348714153,-2.9908088935164336,-10.224862141247751,-1.1269257309220133,-0.12250218545230078,0.46583391389580864,-0.061068141854028556,2.5953426323019073,-5.558765270942413,-5.775475543103159,-3.2384345952110523
-6.190382753553024,-5.767990543102923,-3.6174335910440716,-2.8234871662189605,-4.787421846987333,-2.78752770221072,3.0421686173139606,-3.1912916848216053,-2.927237910107164,-1.070229020736224,-1.9882466662835436,-6.540373458316403,-2.301548422161475,-1.8954948340342228,-2.635493926452312,-3.146022012028474,-3.8441287039497607,-6.063178989073908,0.3749405186875795,-1.4284529313565142,-3.145175443781509,-0.3906545877181865
-5.93220676569635,2.7281190624638088,-4.023400135534854,-3.1562512564414567,-3.4037163108527073,-3.3640145002801534,-7.702607194621346,-0.10987874832689083,-7.887670150986902,-6.189834543411354,0.2955169076743122,-1.639404497096147,-10.208856492631423,-3.323952796994416,-3.8570605513846443,-11.537105266628645,-3.173411913551962,-5.165373663324733,-1.7739224904435453,-2.8310673042099497,-2.707735665340503,-2.245529324865161
-8.334476275758568,0.10290507896890932,-4.875382275957985,-5.9598387334454435,1.6021907227229115,-7.659996230046347,-5.888579488862544,-3.236387875744881,-4.91376431447357,-3.4062868816224103,1.0033813749006877,-4.159926545634945,-7.506462682128028,-1.46131142480067,-3.761428482538462,0.22100026663411246,-3.317109723198337,-9.86507260262956,0.8947802106941485,-0.6395942093348729,0.21762975074436222,-5.087551555307219
-2.6106758683900457,-10.34223300433246,-1.140816888656021,-2.4605643335787044,-1.274504157734426,-5.549915994651847,-0.02954010397792679,-0.3622296136626877,-1.6136101171555572,-1.9639750939397818,-8.225467012796237,-5.603536848850351,-3.3879484491922964,-3.207543365194648,-4.894738826555145,-8.266847033455658,-6.477256627188246,-5.960181634189726,-5.1231582235025215,-0.7253959763340745,-1.2692754145522736,-1.2600330178839951
-11.934380028035218,-2.023319707352733,-3.7799172435203117,2.37980504791244,0.2985068149269141,-0.17729196960216606,-1.8802567021551475,-2.8188089578111244,-4.987702608514261,-1.5788792297508734,-1.0485650846990844,-6.425833923052476,-3.756920249039678,-7.352184471909794,-9.816563391984756,-0.0870458749211439,-7.591565315457135,-5.131520443911093,0.6013072214413165,-2.7484712262095568,-0.6463666483623695,-3.955621550253302
-5.238250508006107,-1.5401828086975737,-2.860194552186105,-7.406616408002867,-0.4719401659616713,-6.864252107949418,-1.2773769068629042,-5.358254687886601,0.7336708472807099,-0.4829078213927787,-2.8550431957565716,-3.0656922528516666,-1.3837756960441376,-0.7690108211684018,-5.771607761028361,-0.11441725874699349,-4.682828160484816,0.789081393829973,-1.2427766791146768,-6.020868894219206,-3.651175455430111,-5.144571798599831
-7.614045699336469,-6.26499997825102,-4.3909153573345785,-0.5369536137774137,-7.25307382170065,-7.652106005616449,1.8631600689760188,-3.1139449614001027,-3.8566500072689314,-2.548696707338455,0.48952717825009695,-5.039874531969082,0.17316159138726767,-2.8011736169171457,-4.642346097407053,-4.080914447006335,-0.9557005153322017,-1.478163539658337,1.1494290520819033,-5.082633294721609,-2.8606210262014646,-6.008312806918053
-6.191276224414341,1.346866707550152,-7.657611088343653,-4.790591576253059,-6.222672264609847,-0.6187606815746735,0.6864739942577177,-3.1329819589884162,-5.957490260368933,-10.291208421181178,-10.763590718718723,-6.068373583727569,-0.28157427680467356,-7.8956045868958284,-3.4069352135198274,-0.18227890134161243,-4.502307351737677,-2.930470674798449,-10.763609921503068,-3.4198893354492057,-10.941567611352147,-1.548456419243594
-7.108943536499688,0.7571332304179076,-6.083378463322395,-2.669965423139514,-1.1595849930816706,-0.39615075622921647,-4.484888204635631,-0.9392659985306456,-3.3312528132341535,-3.329191471852029,-4.94233828210561,-4.940505325727974,-4.592714802410991,-3.793143351297947,-4.744733307341096,-3.412338870159889,1.883663355516888,-7.086202982628541,-2.2213320381034607,-0.9536571177952374,-4.422332976502352,-5.95864915654615
-1.3038519522660303,-4.731327475298261,-7.127418755854573,-4.5463614792519165,-2.2713932849707885,-5.254653220577567,-1.9193842419789153,-5.112539979964256,-4.019385053570669,0.2203504849262655,1.2604496195432684,-3.2313604768089954,-2.3476954083889807,-0.9785436778866132,-4.054828628352989,-2.3945177019145416,1.3402764060829628,0.9584993253979389,-2.9761650806042677,0.06696364436833263,-4.376811260735381,-5.478451165860941
-5.857622802369202,-0.16746793634310447,2.4019304360219382,-5.124605791969056,-0.24865239005383183,0.015976407244247193,-3.3623102886069987,-0.3516830758560528,-0.9058575698519612,-3.5454067960183324,-3.72283153172674,-0.6859062997410852,-1.6189791556405155,-3.021906516741679,-3.067800732268231,-8.796812198803693,-4.840445690739825,-4.759203861655525,0.46046342117580724,-4.468979329227651,2.4849527021667903,0.036892284168694875
-9.847489794660733,2.044096868376688,0.9271539262973703,-0.3357288888277429,0.3053074898791955,1.6554997044915136,-7.473342138063808,-3.089782516675992,-7.368018493447148,-3.455023257613898,-6.956791538360138,-2.335125817351894,-1.739032831894117,1.6530557992141,-0.5831848926224718,-2.8557904404779486,-4.355653958570458,-1.786238942535614,-11.11779028190753,-10.413834606662673,-1.9010796561602648,-3.140348539496676
