script/wind100m.json
{"header": {"parameterCategory": 2, "parameterNumber": 3, "lo1": 6.000198445256149, "la1": 58.999992894266676, "dx": 0.5, "dy": 0.25, "nx": 22, "ny": 24, "refTime": "2024-02-16T13:00:00.000Z"}, "data":
[rows 0 to 23 of 24, columns 0 to 21 of 22]
2.8854060065318112,6.830051204195478,8.655889067427447,1.6195840079824195,3.9358975455585723,9.063795308285078,-5.278125106577669,-3.022569898093053,6.336031498137033,6.373001169119559,7.358793560575826,12.046445694413345,6.738594942256662,18.240488814933908,6.613564289721049,7.539099225022225,7.421432804884598,17.682643614816453,6.706394088040819,7.938180862794748,11.975452252649994,7.011936891702743
3.2755310224431975,8.244867422225088,6.028091084390569,11.980576688962676,6.095763030633426,0.20215543930466137,3.9032841039523185,6.399035664580846,-6.653434907076056,-6.61419148556071,5.632570883938348,3.526973443722633,-4.059420470908484,7.765699636233371,-1.7680695708568825,1.0778529253355849,5.466457590869563,5.714414647198994,-4.145361276852287,6.622337685327308,-3.975904119405398,8.28757811170549
8.137905937422797,7.789064210987521,-6.766540826749281,7.32452530011631,6.986785243016876,4.363214237446264,8.84186441503786,5.3629308224606085,9.864041640475193,6.188863703521187,5.7362580604965245,-4.352554013522638,13.961484717643165,4.804093342419267,1.3751184257730529,7.732285304797415,13.710728956436213,8.356902835552045,12.184307760892034,15.258218217328308,9.716760918968816,16.526083457917814
-5.728452704150663,-1.60308951395653,13.050455627317566,7.321547402119745,8.54788563274887,-5.637267239274286,8.537970505613833,-5.0703882803055045,16.005559118674267,-3.9049485023211985,-1.823581375504302,2.5262301292848734,-2.2041923147843465,0.2198490785501682,7.932559702562476,7.574585377542357,3.7091307942617973,8.232031194035791,9.397826786985902,9.493803701040491,6.845295133427828,6.157110875838227
10.59777219266733,3.1274723510312565,7.184707932530282,-1.0127235134137988,-5.1927053914489125,13.04260801911794,16.663709470271275,10.207931615622986,5.942486471488529,11.766065701137483,10.737047241543845,16.570317514390595,0.37292194705162246,3.4188643872400597,18.36906054114017,-7.171139772268447,6.0016153412895825,10.113624178296721,9.807181602047136,6.064144368364185,-5.789032621187556,7.559490738899868
11.995203200428442,7.365132243816339,-5.719695789413198,-4.21830946536818,11.712629374550845,8.928854029459444,9.364756283978016,-4.945986813506332,8.01367768959125,14.005420503503494,6.931372135572036,8.954023377936766,14.867627851932074,6.2199246114084366,16.91926695043073,2.792776179754294,-3.8074183442209057,13.881009945996968,4.263679674641613,11.675077986723558,4.672896430519903,7.01376502560785
-1.3657709036079422,14.767091963733325,8.052540157576377,-5.61998503165035,9.7737546294682,0.32494245710647396,3.7029903717721595,8.177169561568945,7.58526594419221,9.385155621376695,1.159721367188646,6.785561412018732,6.956733550696271,8.676593365080059,14.228413920682929,13.720189573597649,5.343964026688477,6.806008237731135,-5.499961331942486,15.45567319553616,0.3468311996552739,11.93526598460135
0.9309505938440569,9.19624774438958,7.689400218087987,6.2177942253336145,0.5730277568437864,7.802927902776138,-3.7434963297762645,9.456129785366103,13.498061839692465,6.24548340982838,7.095162748703357,7.086164145683354,0.08647524407942199,19.577461494332113,8.81638324323676,7.103352042890536,5.526813286866798,8.087211674825335,-3.8027288376072907,-3.527031355308523,-4.576685045051066,7.81067166687738
-4.999216745441401,-0.7055726727190436,15.422822949993105,-2.2372021659001256,-2.0364988834408964,6.987056639106485,8.998909520802428,8.696385901040234,5.452081483902633,1.4490001026206676,-2.747382127751416,6.616439768742457,10.150628193101982,8.345525320191511,12.861474438502686,7.289672482085945,14.680222179282099,6.705275364613649,16.6165310294961,15.58422415137648,6.211110032670467,6.4800269311074645
7.781407873452697,-2.1272549969435404,-4.352533945755839,7.631143859820264,2.340668272893928,17.30499738325268,7.8166088780770195,10.198750342959627,-2.900035457458836,2.4197076607655883,7.540481931054733,3.6407802241747245,7.561933835479395,13.736622996155502,-7.7562814233537685,-6.516314849226643,7.6378907089420665,7.212964230645653,5.798836928633003,16.565369758229924,11.420935083149102,5.657805637854031
6.132181786395229,8.448437694035643,10.342540491006119,19.344157079043832,8.208958985110666,-0.36356349208064354,-2.9376302087241384,-5.899384494025681,5.747157770329511,-4.48094392272012,7.302451613664126,10.198911910430498,8.01924694865311,2.7051914513145,6.565135386559698,7.773215290971305,-6.917594448605002,7.014548974212102,6.941646418080612,7.215189140596851,16.11655930159792,9.340140101685677
-1.4133947307060464,8.535157334123069,7.344342601638151,12.529285347907235,-2.0929745537752744,13.585570339932403,6.065780054981105,7.966179122030269,1.4426449252681723,16.733806861228683,7.091010571179023,7.4276527510976535,5.83430074283324,3.4152504470366867,6.83486908519704,5.43286100640698,10.238187454335712,9.837743589269339,11.54988075730049,8.31737504050003,0.8664893531345712,1.4124856517275972
-4.804663723556873,-5.320949253061083,7.931534618952304,7.736982360645805,6.251145931126912,17.771366481210286,9.258848624934178,6.8863760362969195,18.66937903675921,7.371833739784081,7.532288377026298,3.222643708363373,6.758955518897514,5.4546171658622855,7.549466909442115,6.642699369675977,18.434508593104784,16.272377238112526,13.859854944076359,14.369395164609012,-6.319315504885123,8.75520767464276
5.558529534569622,19.04176248375199,19.46133215031955,5.251386619471116,7.714130383445377,6.744163283241121,4.151703473810764,9.803422866603166,13.291520518968257,16.612199053551873,5.52825494062137,5.747300427897952,-7.02396411746963,7.151325153820775,13.36939015641767,-7.772439232825161,18.045164625759085,14.266419749396082,5.688879947659985,10.73454430370002,4.896662419467697,6.36183967619102
-1.0198341954311372,6.647520375641427,5.405870850759961,7.798591623094467,8.276603414760267,-5.070903559214834,7.545587513782783,6.353582891076304,-2.883793189759284,7.276955487458912,6.915853812278603,19.569772175044687,13.663676558440416,13.98117373757304,14.746759910294893,15.569111684266412,8.954211769646747,2.829947424926352,9.865377788059488,14.699868223678585,12.570685449482175,0.5258368436078807
8.63419147331497,-6.337679633598121,6.89774864063711,6.39264980265359,9.422811024911814,4.7847767985147955,7.2464984869009275,8.524476958129664,7.824139954882634,6.153576933305074,-4.873103497365345,6.735684223921057,7.45920218020376,17.688197761809064,11.273810516896551,-5.442979774332297,4.818413104831714,15.162520710622783,-6.318694281977778,7.351037626095766,6.928939546310388,10.970411159414374
1.6041976036291365,7.666134373728501,0.7449061541382357,12.456126496124458,12.147154587702413,8.486637045400034,7.3504487435969175,7.132893336486435,4.231095297251226,7.404966208443046,8.702258227687482,2.8422798320894747,1.5555819121212981,-4.732587791128674,3.412923905523776,4.443269874036213,5.684971977812001,5.956216836930148,6.7739954861176095,7.480578270151543,7.5454935129193785,2.86351279072385
0.8825404769294906,6.886243083593954,7.2177188993878625,-5.26150940976778,6.435531970126232,-5.618873961607859,5.623017337660134,7.818441577257953,7.315439105494508,7.9722896956428455,7.25560707466503,6.766134063484685,14.398851813531044,12.449836164581855,2.954928601271498,12.607512114271511,7.858335677013419,6.916635313017426,6.369076614318114,-5.47606894550471,7.0539485436456895,17.26925716660129
1.1008602564900287,1.1043233998749633,4.609863059937259,6.744602559354892,-0.5111145046629543,0.2870729542019632,9.63610528379893,7.836686763446317,15.17177990211581,10.018200090935984,8.911235627049834,-4.954942816264507,7.18294437185624,6.640629309309769,5.722661252525866,18.747718967972478,9.808404123112751,13.361105259859157,6.6577720937033655,-5.3292486229360625,6.619314878758336,7.03173400912299
-4.275299148728696,10.575408300982676,-5.833250061854892,3.9885728809195076,15.056446617979027,7.280155968937814,9.516726366089362,0.5208343440158836,2.91974810236265,-7.480051950452673,-7.889025630577959,13.907503805751803,6.522323520664878,-3.3190282622982306,8.229526906385601,15.990837396898819,6.591792619753485,9.317635970116083,-7.131156942579921,1.7566538903420599,-5.49654873444501,13.333861859756169
-3.772037724928054,12.136980860363371,-5.530955598279921,3.1309850065708473,6.430641399969636,8.23415834129925,8.036565997988184,7.1593059833424615,2.7172661700095997,8.489369249108288,6.60595060540749,6.313939701133509,7.066526267651842,7.2181129063670015,9.043382894232806,17.93921717416002,13.621272467312865,7.355891973440286,8.220827039548912,8.762352951098912,1.3791936964748133,5.435110310804892
7.032145494964985,6.174758783617882,-3.8098882705527095,6.318192019894039,6.5236417821305945,15.314757973423761,14.836969548622058,5.618791030960588,8.006247692462088,6.819356521739869,7.719104899795659,9.611196486260457,9.570723010125429,6.254315282925855,19.43970151458755,6.540535336917976,9.704814791648369,10.670017787096283,4.510648417962533,4.703427201826125,7.401317444513595,-3.3643444530435276
-4.659792141132291,7.351054068500305,13.247919602033233,4.7363865464555515,8.862650396874606,6.5368979116862915,9.872509875157256,7.521173076577231,8.457721287289448,8.735788195662018,13.601331025579517,9.217602031101665,16.635417147714662,9.092883834125482,14.615935336272313,-0.39759120268424686,-5.362832367298951,5.685709181712663,7.012965909060561,7.818654214823633,8.566748227648727,7.076976615769141
-0.7623692128528106,10.074338519577381,9.522939457307842,15.750953584579362,6.293817534741802,17.326464512264977,1.487477279235688,16.129014848169287,14.248561037335092,7.541431870055964,-1.8665208248057963,6.7299103868842165,5.976350713150187,15.902116266856849,6.9049349381436675,12.412885783941597,7.03845364315295,11.963488156613428,-6.7875307688829825,-2.545289335519309,5.436882137355085,6.254939335627956
