script/wind10m.json
{"header": {"parameterCategory": 2, "parameterNumber": 2, "lo1": 3.000054539987559, "la1": 64.9999836372058, "dx": 0.5, "dy": 0.25, "nx": 34, "ny": 52, "refTime": "2025-08-20T07:00:00.000Z"}, "data":
[rows 0 to 23 of 52, columns 0 to 33 of 34]
3.009284100035963,3.0164508285688854,2.798747321735204,2.248853591618536,3.13963839172512,2.0786536424688644,2.5802156316118325,2.5570987079337395,3.008769605549622,4.106512141114097,2.7034057187671756,3.6408608425557585,4.486176494702914,4.375546495663768,3.696810470713106,2.8839887803820723,4.915454368211872,3.9723991687432374,1.375374729332595,0.9770117236889638,3.921063249350278,1.9038336279608357,3.4038701127720388,3.7537910455389794,3.605780108779039,2.4084514504161953,2.2366297981101946,2.126300633791679,2.3098570543184316,2.3905025687888224,2.1293232839081626,2.365951474428911,2.0502464465880794,1.9872208552033657
3.0091521011140867,3.3912739376551495,2.9239165919708316,3.119423693532742,2.7845396792864037,2.9676778993896105,3.1831885285083086,3.0202308724920495,2.9769351868419878,3.268848774207217,3.2796098928259765,3.3601795435275363,4.517310023334106,3.7639726106499642,4.595576878588989,3.7615415529344176,4.480264310392107,2.944628574298454,2.0186120340429508,4.0764509388932275,1.3267835357260973,2.2074955490591934,1.6525764624380244,4.554140009828509,2.5203555303980316,2.4417431209630482,1.654321365539811,2.9767139691699813,2.1793887636021196,2.4686278384629246,2.0556307288637194,2.185342140042561,2.103173902240561,2.15266569480473
3.107213493960387,3.003610339529153,3.3176611121356947,3.4086284206771467,3.125548064786848,2.9933091520038912,3.1274032908056495,3.188933923626592,3.1227558433471807,2.624815949581122,3.329615294887244,3.1651473076486747,3.680936277814006,3.9478192847660396,4.823707262872566,3.688704115486249,2.84441740172892,1.4024321682111873,1.9219488391903383,2.835753089168278,4.3101582479430665,2.2426160779974955,2.478980210555428,3.1912167510640654,2.0893586317299815,1.5547958436948885,2.0170182667971748,1.934158589880513,1.9214367081539834,1.949770732737503,1.9668961953953705,1.9258519360902864,2.1837699180319396,2.1210030114834946
3.3922072246630783,2.956021622021952,3.005722392241913,3.227302700619302,3.138720835621461,2.659685540942088,2.721393625228451,2.411524397809298,2.936112599790524,3.1443893116143915,3.3301240561820986,3.662043794391296,3.6096615824261535,3.998254539881277,4.514652260758608,2.692658603921614,1.7933403331256708,1.9653940829455332,4.331838875664561,1.8720996806455195,3.568410262874029,3.761443338143558,4.026265814073838,2.784409514091983,2.357018185789175,2.0250479285189376,2.579789579866464,2.031508434314353,1.777364024632615,1.684350038393679,1.861154710764812,1.6247191413958877,1.6081768048767127,1.976999922573677
3.42606100135875,3.341847029021107,3.0956898123019894,2.9945397306056316,2.238586021665163,2.263023534014592,2.034176654103977,2.276712067698376,1.5891978832291938,2.5876964530625157,3.322005384071148,3.2523140680328613,4.618868760875193,2.6976794495250283,2.4835160087027233,2.1086361410708108,3.108729005893628,1.9455088964799547,3.0169328341155794,5.098399156124785,3.680834013508609,5.352467809144415,1.5447193443431355,2.7598746028239884,2.083335430547252,1.7011462907913675,1.9634711197928703,1.5754606439503807,2.3014402594609016,1.9980026761473633,1.8006768611399022,1.8393200347041532,1.7024461784890828,1.6395219341347953
4.666052869274044,3.504222113878303,3.0155137607677447,2.541341655670711,2.090490845618036,1.7224759746249838,1.2194550923411764,1.9698871264250613,1.3657366244567053,1.2425080034832139,2.563888542706905,2.7856036855293165,3.046964440613449,4.291591525723353,2.105684084106013,1.5126881211936996,1.5885271040044686,1.8111059298890728,4.398145700221908,4.423489780163591,1.4632651160736352,3.16093940616976,1.8252702298092605,2.0769957006145425,1.6449079134193088,1.8833387036812321,1.8795247876991816,2.0726468991452967,1.6600338494808953,1.559612234349495,1.4301370745903526,1.3188605625331218,1.7089579056537447,1.3970268595600839
3.906784439077028,3.0417234865567533,2.6492967979813797,2.6978669627097767,1.8043993351356056,0.9675450056487899,0.8888215948461888,1.2998970456246983,0.5109110450462044,0.6288849120583431,0.9828567190896086,1.3553050336217087,2.4466785204269557,2.4261465298285083,2.058010311615114,4.951176398886337,1.528807889100146,2.366477340778817,5.144103189571393,3.44843161813382,3.063859018898714,2.2360725362450333,2.3290804295196303,1.397270911427686,2.090364667920891,1.850108070277296,2.136845692530852,2.138614770583686,1.9229942769577941,2.2169933679294607,1.8486770470860274,1.2517523363731888,1.285473088610414,3.104747702262439
3.436693715239153,2.919356084732471,3.15443740527808,2.670117619014002,1.594417536042505,0.3685120997304974,1.0797720344398851,0.5827869138721955,0.03920534028107964,0.21760144087446018,2.0863679717731087,-0.2787460642698887,0.1599675493266368,2.9047732947520353,1.3464250208136863,1.8970055704735025,2.32930505930207,2.2765575857554334,4.227061303960437,4.618504288127798,3.108383961270835,2.174343776818982,2.582086632829031,2.5203074359569695,1.758662379487579,1.8072737642461678,1.892038546042333,2.0601657393484585,1.6136852233015788,1.6315983424105296,1.5961895927896712,1.4349426012154112,1.618082559497802,3.575300715242917
3.1591410641493836,1.853563957126552,2.4636383127676322,1.5573009407392187,1.2586683320663976,0.21440433685772156,0.3141844822181813,-0.1231510296611073,0.7878103373105434,0.8076257668565102,-0.7080112610632454,0.46659374627064854,1.3158943249808475,1.72318756226369,2.5586450830986878,1.6339330679324073,2.246321459726419,2.7040497601538056,1.2428139966120206,3.4956771541310334,4.193088222806308,2.849728946754085,1.6073752127978087,1.703552182218943,1.772779811340996,1.7676470859381503,2.0329267857258526,2.253087445139656,1.4771740415014392,2.325133321279124,2.253887071889856,2.3488675559841274,4.062028638070194,2.9889452858890566
2.461182210374357,2.7563203489715837,1.9353561881894932,0.7707478397290944,1.1234046027678108,-0.15086626127600117,0.15466637523447113,-1.9769812628696934,-0.6264873637942502,-0.06799341414604286,-0.29017686617971294,0.07609470120030723,1.7146207362855732,1.589264433036791,1.0861295921682452,2.5089132374850456,2.043366757363542,2.5511393976440657,2.413087314620459,2.9103838975187095,2.337173830992253,2.014546298231841,1.3279599547171554,1.5389200053649996,1.7396373879076976,1.6575724418960545,1.5845279646718091,1.8873437916919862,1.9440815452879812,2.0080760202369055,2.3327639269130533,3.897571343436015,3.1892922715600265,2.6899729540768744
1.598534806476269,1.6992058285418665,1.0526782304835585,0.09069650736212212,0.5409601957379749,-1.1828257118835264,-1.5649560527012982,-0.19772058494330583,-0.9611704292248078,0.4139027645367509,-0.5086061160282808,0.6404488296525053,-0.31877023444450964,1.1640364004947912,3.128374709249783,3.2245485986522824,0.476062937399046,1.3929107079475336,1.9041942681280986,1.1005850661087684,1.7148537471590526,1.9280776100227668,1.7742368601462966,1.3934133231284518,1.01922489924753,1.029711757190327,2.1829013891506754,1.6921131518114871,2.0398392793458235,2.3634289746043935,2.771857562633079,3.7000457064032437,2.6772429669529325,2.2847818467114474
1.4207929585901544,0.9037323592506403,0.22738890655676247,-0.4916109147243149,-1.1404602730853448,-0.0451952212012446,-1.3237096745673274,1.143426515919333,-0.10517801816993093,-0.9142309238250886,0.6010756401989751,1.0465330139520224,-0.736561235577047,0.03981065341138274,1.5715657666847875,1.5607650601818928,1.8018771687406132,1.9348906739026535,1.555467493588357,2.569402775617855,1.7319796360541382,1.5843441846855701,1.3905307520421868,0.7093510480146332,0.6649061115824842,1.3756672156403673,1.216363021704652,1.3862853394029095,1.5318449766649807,2.3698357730179884,3.9595902218008776,2.793695554340602,2.4307427976680596,1.8655004647862894
0.8464501154500154,0.3664916058294185,-0.3000644564644043,-1.0314084378736963,-1.7593416782260363,0.33515716868403334,0.39604609759050646,0.15638451622076835,1.175392050012738,-1.249582293326553,0.6890894786505335,-1.187290003600331,1.331998188234913,-0.665936320472951,1.1508229243591217,1.817947176418331,1.0737219956534474,1.2707017053090075,1.9022901918114918,1.0638233038646152,0.9859276511121251,1.1180439456103177,1.3563662481326333,1.0726613609028441,0.9297343905055654,1.5441760816925512,1.3748494760899688,1.1155845314981525,1.5901115971113766,2.7180167148565895,3.7512198447068528,1.9813421496774015,2.34400888225204,2.1028891166774755
0.5190938757918663,-0.014659979617777416,-0.5525447943282754,-2.6534254216122513,-3.07161005721154,-3.6377194134828272,-2.0953488707993353,0.24991914533322737,0.16593189920510323,-2.7904914416718216,-2.1960357444707927,-0.7892972720024007,0.04606055697996253,1.3610538374477272,-0.697209422626565,0.9709866246337816,1.9914278447242486,1.2545735412188328,1.8135709352747653,1.3105362006744123,1.4448547655681026,0.2947011820567487,0.3286205240920101,0.6453451554906995,0.8982990962919674,0.9348418572171209,1.4931442834948954,1.1827431733830989,1.6021151865315955,3.674820024759696,2.6395217641086033,2.1180588695238023,2.5168786693196505,1.7129810270743324
0.27520540341298083,-0.2947542391138566,-0.6200945862151653,-2.309421407997084,0.3073353526443935,0.04877313096905785,-1.0468733010021598,2.5224870332024456,0.35574435609363947,-0.6619834469802642,0.013329457255600682,-0.15231989190948647,-0.1289272051898898,0.0809786276821043,1.3173483411006393,-0.8803853340719073,0.6412859570845014,1.3926817923999533,0.27271779151462044,1.4246853030779236,0.672797008458569,1.2489471274046926,0.512325400177603,0.550180498005954,0.7251159676426318,0.9586489785650527,0.8705848096809079,1.274490337450572,1.1367102265031095,3.027732400190573,2.142224674607879,2.0855754122256536,2.5991495700120755,1.704861478309785
0.3571744153592846,-0.4177905377361983,-1.0850344277278858,-1.7487501837748396,0.1522932244183172,-1.1891685658537687,-0.7276078648349515,-0.8319006021151671,0.37471468114362877,-1.2572789514386955,-1.4722683037600715,0.08048211258412186,0.36662171259158177,-0.1608231290693404,1.7636462558311443,0.2712837061169254,0.2673643632065508,1.7700181688647274,1.270261163828306,0.5512189859639259,0.179366582042674,1.0586303772234136,0.4768043583541512,0.2864308443602679,0.10569827912183136,0.7386729395298012,0.8092445056476042,1.3905287726805151,1.1303917198689795,2.999155044349521,2.077305434343098,2.1290157802198695,2.273517774640204,1.7008788778144255
0.22712792800424358,-0.04550406058110925,-1.0515081446966743,-0.9252425802903056,0.45514743489330733,-0.17001028800420487,-1.1152386001294912,0.5044468093003641,-0.7961685247883857,-0.3136908237479165,-1.6223412490251592,-0.14634064967471327,-0.32943793025213297,0.36278079837797983,0.5693753832072281,2.018270602115113,-0.20524031281792368,0.43512142141016136,1.0001209559338111,0.5960755791790661,0.8730793645641184,1.0507405172121862,0.862654107118448,0.9229530128457906,0.583660357758323,0.7461810245816962,0.690733353100717,1.0367736652613841,1.0579675237934487,2.378303507148674,2.0891454529241837,1.8965242150922548,1.9287828904654496,1.6741038917129212
0.19820973521713975,0.10277524837483039,-0.8051072273128228,0.2029370960825351,1.0099895031204422,0.02684786048928671,-0.05102894030227485,0.3423181062787487,-0.7970772610420738,-0.6576328137826604,-0.10248396898658535,-0.4417715910877779,-0.13483461377269962,-0.16227487493217338,0.43754017358880054,0.6629701974197297,2.5965784192391683,1.011425161231595,0.8719035282096343,0.5536345525033254,0.526898442370569,0.9084645217701875,1.0213536090315454,0.498724842542834,0.9286398745820786,0.631202670822621,0.7175657780011334,0.7979412646966525,0.6782169780190631,1.9964877675498494,1.9688330642982483,1.596463757879477,1.8651268285051892,1.9934184897574148
0.2068983277551706,0.39035174190301825,0.044344888691565026,0.970786323848069,0.4166505843402247,0.1564055955948305,1.0795400089242362,-0.4366997226585148,-3.6212076018260766,-0.3972234835970668,0.36359249839773805,0.21407006803877582,0.27339972220106773,-0.2287433374136553,0.721404025557095,-0.1461456435999053,1.0481686747549752,0.7633690759875659,0.9758598971530618,0.9187204960676373,0.05812183794160281,0.0602963093942773,0.4405441415556115,0.5989673622687387,0.23668093986900626,0.5741334746202501,0.8492794592703895,0.40818774234542793,0.218492295558379,0.5245808867763732,1.2769305226897945,1.6309673235762256,1.7519236120050332,1.7809030797319279
0.39622721606651623,0.8068274606859974,0.8729270243616823,1.2881786355221598,0.08688685774134411,-0.49263526951294595,0.6043294536444334,2.166707589219093,1.3463058518171294,-1.1472400830862926,-1.5987002005868154,0.06493466338294539,0.735116581386376,-0.5890259805708571,-0.14435038894829977,0.4066249131738114,0.10982041118954647,0.5699938046734663,0.4605884230956153,1.049742197872458,-0.1757245384270016,0.006613798142362251,-0.21279149350236476,0.31225009652177166,0.6491993752613507,0.3243193843453352,0.8315104947081563,0.28881332344962335,0.3454376967061676,0.6249472640308884,0.9154987938433878,0.7879703935959721,1.7230549046001247,0.8192544279817705
0.2356923150898138,0.9659783434670683,0.8985281966932426,1.565840173361046,-0.5620681543192528,0.17498467240504545,0.8056863431988734,-0.6560217480212013,2.5841948467786606,0.125940016886011,-0.054393682449071515,0.3832243115019233,-1.0291612705035882,-0.06841654076979244,-0.17456322493998783,-0.31695182092342167,-0.5033215302212416,0.6580167818498354,0.5032302911731658,0.7193332512551721,0.2350869048706286,0.29962718034347696,-0.059883170654395024,-0.2393684272656355,-0.056070913315251464,0.3684049775872573,0.3034447480472462,0.2919708599418227,0.41539936950991224,1.1010650681008711,1.5496561102928035,0.7169290750094582,2.177655110047302,1.7084782766593256
0.1544867711614098,0.4288713687256316,0.7323668276571634,1.2756501892134426,0.569050886191809,0.8207333162584509,-0.2563806326134906,-0.16175656049398887,2.3843998869984535,-0.7687308491551142,-1.058681373531573,0.1657762769033065,-0.3659736966737547,0.03361444645332092,1.663599776189838,0.05157680231299386,0.07395682136474714,0.13177251779318014,0.5950010151143156,0.5269384043997655,0.055951532653367796,0.3678915625347438,-0.057896651571916556,0.23360221165167483,0.31161288092589834,0.019711161189273137,0.30242136382392554,0.5063189701674452,0.6262796052755106,1.2447544305852465,1.3530119347302383,2.1449923921717127,1.1625852066659186,1.261680816707042
-0.06960377793796546,0.01545583974140152,0.6610378447449717,1.4563957865194357,1.4869389415261396,-0.4778314578698219,-1.0287057213180821,0.8895106539154696,4.919517152015261,3.1807987822401627,0.3362348184907687,-0.14496750095304026,-0.3818590763759574,-0.9727014412293689,0.08267735358279868,0.847460338648813,0.03202020562956161,0.30112252917400384,0.32419561530909474,0.5565813414009086,0.6648253589092897,0.5976115474321494,0.10849491532525722,-0.13286882754364343,0.6725402573374538,0.3456589633061703,0.2822518361730096,0.3176658112189548,0.4434897556481205,0.6752516545400283,1.2292622420398385,1.4939644678464388,4.256407591267435,1.1968272823808876
-0.16455671258684482,0.21223849934340278,1.1055600796838985,1.8272404616278681,2.166120469579337,2.118803677441354,0.8308269681218835,1.6570384871389547,3.0460076494264903,-0.8337896334452284,-0.40369255677999655,0.4985542100583418,-0.4355512698979954,-0.5789369891901447,-0.6943079828902736,-0.16607707443273476,0.1765095817258688,0.16741820084265005,0.2697678281722057,0.15886140749889327,0.27710492941939774,0.5655792192884476,0.24033013798361827,0.1230485732629302,-0.28759804339342704,0.26323810587677965,-0.09914172961164935,0.3996402446049327,0.47403447557163225,0.70323935911853,1.3407732890621507,1.0545733113572768,4.353440122119957,1.224554540281078
