script/wind150m.json
{"header": {"parameterCategory": 2, "parameterNumber": 3, "lo1": 6.000198445256149, "la1": 58.999992894266676, "dx": 0.5, "dy": 0.25, "nx": 22, "ny": 24, "refTime": "2024-04-27T15:00:00.000Z"}, "data":
[rows 0 to 23 of 24, columns 0 to 21 of 22]
7.0910902784807,-3.2644631567460616,2.677546731279681,6.695507259357863,4.65252626016838,-1.8541098826857647,5.12792998794809,5.343295040164013,1.3797873650878,-1.8067181757816302,2.4914857438651414,2.869388752430676,-1.0995619586269916,-1.6295465524574495,1.6199611608451416,-2.4961603840674575,-2.007008250111751,1.3541101023546547,1.954081845580966,2.242229787648936,0.7607614501546172,-0.34131137438515263
4.236010345343354,3.062404568435235,4.996998996304634,5.52825336001727,6.947233830840258,3.1056194011267144,2.1277378219768788,5.54796788778951,4.8981539608777345,5.002866123153992,3.3714540090671266,6.960783691087248,6.993662663195769,4.753651776556912,0.6557590017449458,5.273564598074406,2.5172513624501405,1.0782449746723435,4.858346768353051,-1.3439376467611526,5.630034442424926,3.88131771161545
2.491714419477637,0.4952129307626217,5.196720078012246,3.061923245092656,0.9753490358882995,4.369830452653656,-0.366235853322961,8.501351075487376,-1.4961809798356978,6.101373269228386,2.060402591365931,6.718171089684304,1.2732684146045838,-3.294869184086014,6.3109480627269114,2.6124587397248527,1.197809491954882,1.05813897365152,1.179622593790119,1.56913871385181,2.346449866362331,-0.25261427179894613
1.5880795632148612,5.494609903784549,6.308904389890503,0.7171516855252911,0.4032295472908153,4.742507921318759,1.8142267458561474,-0.3796581478482412,3.543004476375911,5.729262582871579,4.44298093789765,3.209058359009471,4.795090753793605,6.3460850803962545,1.0397980231643256,-0.2272800466876381,5.15539850828364,2.551318886024535,1.8771838207127052,-2.0513216876766958,1.997915086475952,5.2318496746193075
4.735238017524221,5.627864683576737,-2.6245674353355577,4.7896252600425555,4.658943253819747,7.279230413895992,3.021848949481159,1.7702336193564634,0.3584824355623895,-1.9715904394790729,-0.7915150593843228,-0.21426675589438862,4.4038703537712225,4.793264364041723,-0.1558397793185503,5.056023409084888,1.430318626415435,-2.2401472335473245,0.711651519677591,3.6330173101493872,7.023554570059374,3.7493408257350898
5.170487595746707,5.716402839399103,4.165288299557684,5.0798636730280275,1.9415669326444134,7.066246096328666,1.631529730680288,3.8468029898266445,0.10588687096425445,2.0435577980023436,3.1889914126774417,1.0255346160353962,2.3034130868204987,-2.7994374632322048,2.960418883127022,-2.1809148278092487,-1.8027005900984319,-0.7860544352182587,4.824280774198872,6.099544294967525,5.109124718246539,2.541808233060627
4.761234641161768,0.11457150108718477,2.29995234123704,4.281294559793738,2.6373459678164615,0.4644480846401313,3.374342127303974,6.4702621964453,-0.7767487897789002,1.4576255618871619,5.996906653250999,2.2014245606805716,-4.465680449244791,4.381186150738757,-1.6561951701602813,-1.8397118450251653,-2.1029570530580073,6.790214035559398,5.028740971771895,-4.5649821159710555,5.843443698353213,1.4808057260910092
2.77344756438472,5.00450835703294,4.785446906671729,6.545138420069191,5.20866057405672,3.0319115143001794,4.95411747847232,-0.08218273595650778,0.03410456461454864,1.7867633525961786,-2.149965809909374,3.237721836388013,3.174484231460969,-0.06145625619289498,-4.082288879086698,2.306574865482787,0.985500597165479,1.165065170402014,4.75632943340281,4.210243473864434,7.122947708164679,-0.3676110233164914
6.53045981611373,5.072017468022205,0.6519524326210647,3.033561522879515,1.8572993279312346,8.15386560483206,-0.030645699545953083,2.710070110177023,6.777817691165473,8.159478339447583,5.173066160957534,-2.0224226791332205,4.409449492170399,1.893606857924117,0.27419339915282676,-3.461950183341915,0.5821456348794675,-0.7755344205380263,-2.416704989978108,0.7394995503941534,1.9099051975267811,4.9114267894436425
-1.607599297427368,5.038023581252408,4.963808532057452,2.618392959746934,4.944028324042993,-0.3932448562560518,1.5580540505959048,3.4745596289961447,1.0923803237917578,-1.7128073599357616,-0.726283944101792,6.497899077918559,2.289139576085234,2.0737111330940046,6.928742939161134,4.423660131336279,2.8300979340006234,-1.0883043399812107,0.8039463400996788,-1.0524147449156105,4.18641382920545,5.431015183337862
4.195420837502886,1.3737987093560022,3.405651092843855,4.9027382487635425,-2.308678534950018,4.011292387655202,5.277792470317919,5.02545688924198,-0.7923802048861133,5.33723484857845,-1.3458554499222912,-2.775729482211383,2.788093461497442,6.194280101248903,-0.025369787365739544,5.410504588128401,6.633071275867649,2.1048030419060617,3.870014845249807,0.3836267672801424,1.3758306441328356,1.0758565815540897
5.316981718430899,-1.2768922018006612,5.630417463067891,3.3256494163501324,5.083109802589905,0.7214121676725155,1.9432544119767117,-0.00035954223463427357,5.998692554662134,-1.211764631270571,-0.1999052021151633,-0.5632887322399831,3.5579690800046166,3.5619931260704294,2.3788642531521615,1.7813369969147137,1.9451738146401762,1.224515467235008,1.7170551331546908,-1.2880047047755965,-0.9504657105778941,5.528897096443721
2.202614411911793,4.722154632321201,5.6882712349159235,-1.914056342115172,1.356989083909744,1.8260173971300586,1.471508988730142,1.6349690124808383,0.8989554566840079,-2.6392399880012762,1.6822200676998067,1.08562870908431,5.388638601474996,2.245984471420776,1.910794179559069,7.168315355540843,-0.6311368695005602,-0.8999485602082661,1.8378441028651096,2.0316778846107817,5.335430678323125,2.1806381165044395
0.40787438282967553,4.277466926240969,1.7147530892111722,2.9500596436956177,2.7192841177551776,2.8598708202056704,7.474940222050004,1.6581755168312315,6.141009301746643,-1.11483082769654,2.4126366279704756,2.5692479599955793,5.4499794554087035,2.031985992990153,-2.10985447937182,4.967955957322253,1.1696551385679272,-1.335040264594229,7.548864240673201,3.006481722538981,6.929643041786137,-0.6768132422916051
-1.2288949246916834,-1.8772302214922925,6.566002521302884,-0.8908284227797977,-0.08985346245257617,5.979023495972726,3.1069403504688267,0.7182106367698387,4.78946431066486,-0.7276173817539354,3.826108311400117,5.230980293519325,-1.6963421037050797,0.9084947532478529,3.7353635590577663,3.454393566687503,2.0617554324953042,4.468947772646396,1.7894703815873756,0.3110855735443443,-1.7597485665644534,-3.2444987567644494
-0.37754459578215505,6.500892053517749,1.406921066412257,0.5509168844652057,6.824479745819747,-0.3254642843233182,-2.704600813536396,-1.3810429693118793,1.6238701013810988,2.3562063614354627,7.166087082473522,5.4346152587435315,3.4752238894321823,1.0916105260129394,1.2632763970381053,3.6186768428826217,4.541815812470805,0.07143339306028612,-0.996803813534144,2.012739063690017,8.313865042924748,3.0056354394760465
8.185412397402835,2.716627693144832,3.4993378409645204,1.0904070478771093,6.931416002311812,1.1930440637230935,1.6269054743348188,5.092060296238046,5.5348293988703325,-0.08155688779216116,-0.4305905569897118,7.114765385887162,5.168198604238113,4.984657064663775,4.3354828984500475,2.5859294127439414,4.763645295461579,3.5849475915975093,2.6329693436362045,-2.0557351508935495,-2.542364790803874,3.1941283357761807
8.364148505584682,1.2488207808950633,0.04012036759818935,4.7971339998022895,3.1381507562520006,0.6329591080460488,3.318516624380462,-1.0116945062700058,2.8938612077130648,-0.7216711018800319,-0.3194148109742232,4.281584818267339,-1.2333800171409608,9.553419476371209,4.982614378089535,2.032863857518154,-1.2351631318680032,3.899820912564584,0.7803641189031008,3.568510381076322,8.45043249385512,-1.0751817961162646
3.9285488547321212,4.429445219267475,3.7653788188725117,3.389761329546937,5.128155428286621,5.471376841920642,-2.4319215975392767,1.4823501721728605,3.5883583635407637,0.12168154559088881,1.748816234011357,4.926170795221477,-0.8444549027449911,-3.78954426172656,5.297108673234955,-0.45517590726508117,-3.440593600214088,1.352204214060686,1.7811497575812814,4.207873945925712,3.6431576252932043,2.8035438957079672
3.546994470492591,1.6214756492217282,5.18265515893047,4.6893106360426104,-0.5853775456256208,3.4999574434282907,1.8477018601298714,4.992059193646203,-1.7143984160261811,-1.7519967723462886,-0.8534316537272603,1.196538955147902,-3.0138357292154345,5.829132885834171,9.093929716210782,1.4332100293721695,5.508767444710305,-0.8691240900325056,4.919586838076886,4.204937724089789,6.541319266915089,-2.2583217469667267
1.3298680632474427,-1.7281822182580266,5.828248492740303,3.797583845340563,0.9956277410134484,3.5058422667279987,2.4152734614608353,-1.693509189318463,6.795693738173295,-2.0527378206711537,1.7995565583074846,-2.0969871901290413,1.4353689642367036,1.414090328554366,4.435754004628706,2.0271431384304233,0.44629452045507306,0.4562109657469507,4.73641555058914,2.5828761106079425,2.815421435951505,4.529783550065542
-0.2437781974309843,-2.035620305767137,6.200286309243559,-1.1966744723017,-0.6428728876094278,2.9070750738752276,2.109261727479014,-1.3955665517172235,0.2670050744764451,7.778428601336573,1.4530981795145226,-1.2077431657223001,4.752247783095335,2.6186629252019693,-0.4456328439742502,8.056745304999259,-0.2442329737885025,1.6474936759850058,9.38383935969624,-2.5210985800606287,0.21130175289213038,4.557508889239937
4.6271581557191555,-2.4312846142280176,-0.7851681787679428,1.1645254516367372,-1.0604921654084627,-1.3594234315931626,8.875873064502978,7.307632255623346,0.2854593157040177,-0.6428709414455702,3.8126508964702914,2.130331328915446,-3.5516581081737786,1.5245043625102748,-0.001418689909031738,6.749862933652316,8.229711467861407,5.236683618178196,-1.4140363042848567,0.46289629054972836,0.9327775752119601,-2.653544392559641
4.1581323427256995,3.2623141134847202,6.119523376347387,6.055003877680757,-0.9134532507562396,-0.12597208395485773,1.401212778002864,-1.5460269082540183,2.731089350891274,0.7883816571331724,-0.008500301812935452,2.183072410170917,2.1118100818051326,-0.9454492604914972,3.701197917846754,3.173073442925382,1.74704051913249,3.672668481014737,7.185935390561329,4.78040304321204,8.740648267154937,1.2104151127836165
