script/wind100m.json
{"header": {"parameterCategory": 2, "parameterNumber": 2, "lo1": 6.000198445256149, "la1": 58.999992894266676, "dx": 0.5, "dy": 0.25, "nx": 22, "ny": 24, "refTime": "2024-04-27T04:00:00.000Z"}, "data":
[rows 0 to 23 of 24, columns 0 to 21 of 22]
-8.523366342481896,-0.8218659968741348,-0.9057343885506494,-1.376608771675332,-0.5851993607279617,0.6960303208164451,-5.613449406633947,-2.633131490045146,-1.893486345511249,1.107034406561012,-1.745150036983891,2.9813219699314795,2.032720826119147,3.5575695596696004,-3.8720625248940874,3.8641021312895067,1.7386367398838458,3.434371842224409,-1.6542134331684912,-0.8376337257430626,0.743222685141269,-0.13968472668542664
-6.191625353765131,-3.738951533248014,2.6083752465809207,-0.028952758901375237,-2.4262067468063733,-2.7738108651746765,1.3277327720873902,-2.223703633326562,-5.147730140874851,-7.004570350846506,-1.9031117505600377,-4.354666588082906,-3.6870462858552555,-0.2766548313330546,-5.355231020257335,-4.701630694422903,0.4514211548888843,-0.8573425693612582,-7.288346724885559,-3.8496474875169655,-7.782401432669934,1.2350104273293454
-7.054850745187129,-6.8834083876048515,-2.7379278616389016,-1.025679967428089,-4.221733271048554,-10.03469446558379,2.5246186066626826,-4.509909787163641,-1.1386043413534002,-0.25486548354407357,0.2155415095312846,-6.728414882000097,1.6402279520675733,1.3727739913219301,-3.3159781537084445,-0.5658085510470923,0.6003957277194634,-3.0346443462119694,3.5763252303682327,1.7779589850905926,1.6640519486327496,2.45012491136114
-6.7564112871514315,-5.322208762936101,0.008227530453186685,-1.1337645267654701,-3.808245973431435,-2.7366686470905686,-1.4061035519942713,-5.688392803765145,-0.3067087853883305,-5.585857827716592,-8.833051440727413,-4.3205201774651,0.842139709253663,-4.123362813912506,-0.9002051190785924,1.5725773982403455,-3.5806480821460185,-2.1637531506623255,-0.17141419680476988,-0.07772103062654744,0.027939747842717265,-2.761317545568303
-5.8584270834157985,-6.877399638021368,3.05189040315044,-3.4086942664071045,-8.235504114820856,-0.20999067051867257,2.4071651132050684,3.921268121547395,-0.17783289782668005,1.9636073706244623,-0.4899099869692116,1.718320257642096,-5.779012750386466,-7.631909669570594,3.412045182850609,-5.0157100953536595,-2.4478877207367544,1.9696063875751206,-0.15668706104013774,-4.733128027251962,-4.338060378317048,0.1490210848138464
-5.4760195910468195,0.9014780790595949,-5.849044498421552,-7.255537531542656,-0.13698217152679606,0.2534726865760016,2.151924974629196,-5.517835909210513,-1.2878343003276598,-2.4609692331121904,-3.4306282249144324,-2.3541052500184123,-5.233497088328512,-2.759266125079322,3.2374509651889003,-5.590132744822476,-3.7785361245614713,1.4907117801326208,-11.360275067584638,2.226511733209468,-2.9745783740033014,0.8856659120887486
-3.8759840584521124,-5.210049029888388,-0.16587892807118987,-8.310752904988142,-0.7332467304630207,-4.605660629904578,-2.924553620956381,-1.1008380130356512,-0.8638387984080146,-0.4277666727053773,-6.521602559857533,-2.017926400597157,1.1045044001441813,0.959736524906024,2.1480039704278644,0.737293453209186,-3.5160215365701997,-0.6083448461829949,-9.027776153383801,2.649490523957251,-8.330863032549315,-1.065288705078082
-5.552084155240775,-7.309009776223847,-4.177351687530676,-0.7407522005053888,-5.06278383323479,0.7889149415049371,1.4270692871339385,-0.07719338131349156,-2.3006977813221083,1.3637194592931754,-0.05989401740940119,-0.9786285411631926,-5.322684483901545,5.0552697058217735,2.585350953084398,-1.7980230049726642,-2.3834463303044533,-2.1513329965021466,-0.3729405675236546,-3.209734357420093,-5.820865122221988,-1.795285494604541
-5.823016299671039,-4.7732272386404375,1.9715253444311815,-3.38532386177162,-3.574145284194434,-4.311534053716619,2.231320619435157,0.4434085392438814,-0.01466508260975544,-7.192912846877755,-6.769021950945798,1.5859954086024306,1.647513941259648,3.436636742536705,1.5054510052289274,1.0946446638808986,-4.0368237452316045,-2.421627384906333,2.6567012892475406,1.9003670222004854,-4.063293969352308,-0.6002990716991036
-4.245963030360313,1.283687549230641,-1.666833483818115,-0.6725695100666023,-5.191919345146676,2.3067774243616657,-1.1352947289981057,1.6030226520124178,-5.692456359776725,1.6894871431425602,-1.0202712412142423,-5.533055718770712,-1.3949521292274079,0.9228725772518567,-5.771778834005745,-4.423180749304412,-0.9749889688203431,-4.819944259386448,-4.330564524369241,3.2844161947278483,-4.399660188607657,-5.5577981386100355
-7.906085347051321,2.7575614195645493,2.6929564801093444,4.998362270424635,1.0405213127956061,-5.6152930938537615,0.9393534175306784,-5.776052663630338,-0.02815617651858167,-5.489945098398488,2.1045714476229445,2.7882427638197513,-5.67968080406816,-4.238076904384927,-0.21536622936969016,-0.5386821095160128,-4.520518358351815,-0.7880463266889948,-3.447367378868947,0.02106499536401923,2.855923466319156,0.1640448212709434
-5.187663263016513,1.2435168173094648,-1.5464184294136998,-0.1446964982480401,0.8132258680150614,0.39339993151477615,-5.436219965179833,-0.18831691526732675,-5.611785621770144,1.6301594091747087,-7.518750124096924,3.64923126907296,0.37199436736842545,-9.149789297585349,-1.571179058381942,0.9533904460150975,0.03378233257072959,2.1096242888609704,-2.1232076415818835,-0.8004441185956223,-6.308228139374774,-5.516440009753392
-5.870880946743685,-1.8108076983230776,0.26942936181281874,-0.6756781285243852,-1.7592029195680707,4.076217004381641,3.52420024242772,1.6327753390155761,4.809717134242723,-4.6848409478220585,0.20325032469157275,-5.441246194527517,-1.0156362364318665,-0.8420456015925659,-2.173963890276249,-3.272014616190436,1.9694143023436252,0.9385713054795382,1.9066407758463433,0.920103223562261,-3.3614305745399196,2.1769179365523
-4.962130844499055,4.136758319649573,3.6019122339434966,-5.007569824627826,0.5182025096414534,-2.137536665387739,-1.09620939381857,-0.12619396530982732,-5.829374288771392,-0.060055675191673596,0.8599185526461726,-4.419891615449229,-6.365046608308199,-0.4020623577697411,-3.2777838107560417,-5.207256747912334,1.3370956696257505,1.6144994717062824,-1.6311665020055193,3.690316707898224,-3.50552625072842,-0.24604998656776458
-3.27368974573778,1.968648138253898,-1.8590570604293437,-3.7064734599871874,-4.176774526557159,-5.715837761890432,1.480187643929681,-0.39950384464258293,-1.1755343868971306,-1.9672297090143465,-7.32001601327009,4.761592914426232,-5.849023174864953,-0.15665929338582726,-2.8271360573947257,1.5648906854382005,0.4354571775302716,-8.443899850397186,-3.4984976816493742,-1.5542478786450893,-3.228662302320637,-4.9226955391536364
-5.195717316268018,-5.851796885804696,0.9204212482415609,0.0567258161354494,-1.4562230904763973,-4.476216048847157,3.1577671122732434,0.8828280276777166,-3.181807759676755,-5.234926504866421,0.7641536003423315,-1.6406528730527057,1.8067686910736236,4.7979414169708114,-2.9769155918346475,-6.250073210034103,-3.059073180322781,-3.250585553004378,-4.547599749212766,0.564041015835668,-1.4759106649273224,-0.7688365668509557
-5.735652394408157,0.5916852643789511,-5.267655956493814,3.168431059246908,1.8907200436368932,1.1739108982420616,0.24325497392135778,1.1074696978988339,-1.5291702212731881,-1.13937603816449,-0.4594113509158291,-5.670457084589353,-3.553714467335173,-1.2785780491936993,-9.098350082029308,2.7409263672131776,-6.977439631087615,-1.613194163205764,2.2707321439768746,2.2449397497438324,-3.2423815833852956,-5.160142601452337
-7.278956232763271,-2.085457310431045,-0.7208020730845313,-2.364689190407832,-0.11099032717869148,-5.866429764280367,-1.2576293141148256,-3.6812948521484485,-4.367037871496778,-4.880781760595706,-2.940929176146268,-2.1441548927574914,1.5860699499936048,0.5657448474131275,-9.068434528810897,1.596594833888836,1.2115063195594507,1.3467141244321796,0.36217621806218103,-6.12787432322845,-3.6705468383758664,3.4821533322054945
-7.8348497461524635,1.7578779264778581,-7.245418932427055,-1.3965646291172704,-5.119468458536829,-4.6973694746835095,-0.7739822040244115,0.1538415911578391,0.7090392668914475,-0.7041706968326507,-0.05948363390616732,-3.8958173016436066,0.7065469539859304,-4.787157762194139,-3.794125350141425,1.5725757472592612,-3.174320778866148,-0.21950712326741514,-1.64441099386164,-2.199098652655191,-1.4986803771200272,-0.8637500124735252
-7.360687184890888,1.5666426807317306,-6.065670857316628,-1.1834158068012066,-3.840508250921409,2.4775736680006846,0.34195584882736024,-5.31433119068672,-5.539642055956934,-5.32857833226113,-5.926859742927939,-4.750644207531148,0.7156035048697782,-2.8094490472841875,-1.0592463311688045,1.7128248042942023,-1.3032392660490009,2.0172126849487335,-4.821425251974506,-3.1524917188858548,-3.832965090830635,1.6513063830083483
-2.8946713491140557,4.183178147793634,-6.733518460456988,-3.0432511774108004,0.3577082978188167,2.233442050250082,1.3644003895778496,-1.8801866131133806,-4.777666652629663,2.8460723844727664,-3.896196593092598,0.2489088585601596,-1.1965255812706532,-1.742800002947138,-1.025007537881776,3.422421190175689,3.5170068031630892,-5.584618648562607,-0.7976551450382056,-1.216440721131455,-2.2722587157927765,-3.7727560224758196
-5.6375820168862445,-4.467255407924486,-5.831936064554135,0.4239242611468717,-0.976174999551573,-3.568422514411028,1.5514191767461378,-0.4613890524234337,-6.411914019029789,0.5536053797702447,1.939147909700189,1.0409965887649573,-0.5224467589172873,-0.06600819765483938,5.588197238819077,-1.0180646461718494,1.2453950150588873,-10.860475597005992,-3.165553808273951,1.6278782356078536,1.0899768947849664,-0.18258827518154175
-5.406544576735477,1.5571281999456688,1.5566016847716426,-2.633024668487093,-0.8913284556156313,2.0767202775657996,0.6234744462539947,-2.781262907246566,-0.4124673315419088,1.2938277616747944,-1.4769890773540788,0.3285433031436805,1.7115597236342093,-0.5630156169347781,1.5919758598378897,-3.216616281412249,-0.5148452297448489,-3.110083853930344,-4.7569928034828415,-0.43513177685595805,2.6159386483065092,-0.9949461538216893
-8.07435078989179,-1.7089734784419275,1.3219287560928004,2.3107751528932576,-6.199847450098215,1.804599399196889,-5.921882118509006,2.184364273413513,-5.244738325151654,-1.3844835678385994,-5.122739268180387,-1.400913421084738,0.6914937145595936,2.680436592299013,-1.6835103539572398,-1.7801559437326515,0.5043756772241196,2.3350951178591752,-4.580743859014145,-7.92456469204696,-1.564669091791672,0.1945082800848842
