script/wind350m.json
{"header": {"parameterCategory": 2, "parameterNumber": 2, "lo1": 3.000054539987559, "la1": 64.9999836372058, "dx": 0.5, "dy": 0.25, "nx": 34, "ny": 52, "refTime": "2026-03-01T07:00:00.000Z"}, "data":
[rows 0 to 24 of 52, columns 0 to 33 of 34]
2.894881316089687,2.959244463531164,2.635812518211157,2.656302403061973,2.4722844988058474,2.2232661907384803,1.9955915413176717,1.8282748336242758,1.5187666376582925,2.1876736005289668,2.836561851619808,2.4443253026767247,2.027025168283774,3.266200956302407,4.586714833937668,3.557172015128462,1.7285118742177734,0.5618505201846148,-0.3696228566875331,1.5117693030483326,1.4867108498930748,-0.9395116333706488,1.2889277905141403,3.727298062287894,3.3891221632806015,3.186942392786334,4.043613417046824,4.050752540469398,2.5942812283635455,3.1061610644985813,2.9992435651595364,2.7825040603691904,2.2581370983492923,2.2934267886955473
2.3576845584058437,1.9984844682947254,1.9618669543362035,1.1291567669864317,1.3319138090294342,1.4622071913589665,0.42030232681292884,0.14521852620971742,0.5778753686166272,0.5958339262623146,1.2503453934950721,2.5139467359957366,4.121181986656657,3.69160910374718,2.055624937311797,0.996771709108647,-0.6511313923660316,-2.0163824006118523,-1.6044283722188577,-0.9460247729588471,-0.2787134978337158,0.10563012064375271,-0.9149376658707589,1.6808164956802645,1.4629764871188369,2.5016708576558995,2.258154803489704,2.7753091492278696,2.654495601500494,2.053143450609532,1.509286188565975,1.4046033148766706,1.2058805539354505,0.9858863443355332
1.8933394611137955,1.3736059147610833,0.7674846111256048,0.6407953154122056,0.6595925266598692,-0.3181628947576425,1.2989059973036956,3.0412018625720716,3.4887249876826028,1.455043255036258,1.2182730941947946,-0.3672729436155372,0.03475686404975314,0.28017149566573757,0.15044188833529562,-0.8569489272665177,-3.470858553944506,-1.5961574241059928,-1.7608857496113892,-2.246490949967173,-1.7641318293433612,-0.4692151482190009,-1.7309466392382382,-0.23230237803046977,0.8113120873367938,0.7455038542946698,0.6885656540604226,0.4334621981125027,1.1349464785567736,1.6207417199957306,0.9475594075265443,0.3808534228694324,0.11412077021616134,0.16120048130243028
1.212413701696858,0.5799737552028205,0.25401756524632824,0.391548745301446,0.4649785322060115,1.5224116565992796,2.787412082938833,2.2727142185012967,1.6482450100007988,0.7975373083643914,-0.6558083505481406,-1.7221689723261504,-2.0713854343150393,-1.5105385448755169,-1.1414065139746405,-2.89068172489714,-3.5374765047252557,-2.7073063032835,-3.202451201838399,-0.6464301520240829,-0.47637216985417136,-1.5921111947555053,-0.7721546597619136,-0.09623773580088063,-1.2075907645067936,-0.79412583876105,-0.47533307928074575,-0.7550863020067705,-0.06337634899004836,-1.3233971156766975,-1.420148415562321,-1.3196767418967739,-0.9395390674851122,-1.3051187820547683
-0.4141928701816301,-0.05350427672503823,0.226577049010511,-0.11373524331330227,1.557217269690447,2.138933827129976,1.581466642104169,1.4778808473945981,0.6925292500280157,-0.10909670828498223,-1.9366238803403648,-2.578911498888344,-3.417577818222753,-3.02425236683754,-3.898136477518074,-3.536178038640629,-2.431384540511434,-3.8620597162902937,-5.129545392969045,-4.221848449596051,-2.1995953433418354,-3.615704840119293,-1.9030485069900303,-0.8620864173332196,-0.9384320058159085,-0.6199117041070129,-1.4553994733299085,-1.7675119779058017,-2.2831367956687503,-2.7037140779265125,-3.1600626560431215,-2.695329409396965,-2.680760982559803,-3.058157542157944
0.09023905584494257,-0.06552584532579438,-0.35003641471513053,-0.30956259299317074,1.0173874866392443,1.113726751946187,0.875590550367476,1.0767917962535027,0.011482972646769386,-1.1835399755897957,-2.9044950109116896,-3.6207072449394953,-4.290569472789145,-4.57032865315565,-3.7495312509085523,-3.055824279972461,-1.4282575803854343,-0.14986576817229053,-6.4053558153942465,-6.35931104720323,-5.158687599949122,-4.831762851284638,-3.7023753188110993,-2.984825818427651,-2.8217021619651628,-2.88681664222396,-2.956654755358772,-4.085487429441664,-3.7868984906670033,-3.6125865334953775,-3.6728804656740346,-4.003648811016974,-4.06414454895895,-4.206690798148279
0.777818071859068,-0.3295534693196938,-0.4558657601815334,-0.4378916604168103,0.21751644814498192,0.2086141625526887,0.5359568512093159,0.5909112265668417,-0.17943239515682174,-1.958837606472499,-3.346996275888872,-3.5769652597652315,-3.2992383328204125,-4.706697726668752,-2.686074687993973,-2.893533040816454,-1.6034049274020674,-3.894643989199691,-6.120341019042518,-5.907486401192956,-5.816637481295069,-4.310185839860336,-3.364916916391093,-3.5768502847691495,-4.448129925872166,-5.0365118577108525,-4.91527301726102,-3.1898449668644284,-3.222490229795202,-5.55664865443791,-5.093785206750364,-5.392315034572134,-5.509336853942967,-6.177810205587636
-0.23499565812700837,-0.043347506012930644,0.4933236843669134,0.10079750033728355,0.5049170522730716,0.17501062434872813,-0.24018568538307242,-0.5725096037569045,-0.7107072115542094,-1.462929067920961,-0.8288323858433542,-0.06834150938431797,-1.2795424362214,-3.848145314239992,-3.23790663433156,-1.8857658406475741,-3.3292390685380986,-3.2538403539659204,-4.671335695688592,-3.643997005808445,-4.857210126144946,-5.291235827996562,-3.271958015147702,-4.596046424779759,-5.436978851597216,-5.6394868500415996,-5.955757462845976,-6.834037961715393,-5.546014403464511,-6.354782847313758,-7.1214151565865365,-6.590470261758914,-7.515781057400995,-7.256247027322152
0.47375655821004053,0.2963832324602074,0.3015271084995146,-0.2189938741892012,0.020068179285696205,-0.7832274108274092,-1.104875779521754,-1.3829622800467951,-1.7742845274759926,-1.1479327581942422,0.7641697426324632,0.9630764072625101,2.329016819294939,-0.5515138524957915,-2.4637147776302992,-3.0976443424270887,-6.055385156742506,-6.4482372164750945,-7.478809332340928,-6.77952614179516,-8.039317903870039,-7.95461831965428,-6.605079108966144,-6.316184384416725,-7.441999030775837,-7.866020773687539,-8.301369612782588,-7.668961600430332,-7.913378966480433,-7.471472069153494,-8.02636059827543,-5.83031096758827,-6.81101625574913,-8.43600229557699
0.517709932711185,0.42290004599143743,-0.45822220783819784,-0.48621684009933497,-0.8571419637713263,-2.0656285534338568,-2.9502928157339525,-3.881832715864873,-2.871491924331562,-0.09368515972478503,1.1368253613980461,0.9201820682470319,1.574316458058736,-0.0948090492576544,-2.0559665229166577,-3.3820483933458463,-5.767526026373502,-8.742559161617358,-9.40528605600063,-8.633683859087512,-9.01707911346272,-8.60864624905148,-9.162814842294388,-9.460217376410888,-10.46452297404639,-11.658624552991936,-10.257109408625595,-10.434311109353043,-10.460539224872052,-9.475984007478013,-5.750400819491688,-5.884876080815132,-5.5712152944357145,-6.025222127262145
-0.300524134151577,-0.4168018881016141,-0.4278024271092366,-1.3876097859822947,-1.8589735976259019,-2.5970541782910233,-3.238528010208604,-2.3812930850789655,-2.2600824482050696,0.589483814019351,-0.6161703402375819,-0.3524030867232866,-0.471806962619057,-0.31753654301154566,-2.6988972206498594,-5.221108250710159,-7.772317018495496,-7.676434131872157,-10.919112643242732,-7.543350061040201,-8.5896941316866,-8.800078733459383,-11.76798280564919,-9.97348078301183,-13.848379289836164,-10.462323897249702,-8.946590009564382,-13.4916354122717,-10.612756448166706,-11.14281657406882,-7.961239253966242,-7.034103715993431,-5.633084994441066,-5.403594647878813
0.09426201775989691,-0.12708198573155752,-0.47054858106474673,-1.8482339402267078,-2.8011312128243806,-1.710136945988989,-2.2755535561703497,-0.562889656254389,-0.429238694637612,0.5960639012810284,-0.15308627956702653,-1.6888157643306534,-1.5121975106432213,-1.411084375179943,-2.5260515142394997,-2.726936745480324,-5.334501945319317,-6.209015344651949,-11.557685301231398,-10.639000029589003,-11.421953103059415,-12.869762442784952,-8.766385213085256,-13.382737845443204,-10.728055767660878,-12.509094939448964,-13.101158238725725,-13.455657368941313,-9.597766013690201,-6.636168470467876,-8.914237974575798,-8.990385394538919,-9.479653342701361,-9.321200053932184
0.6340321274584222,0.12393497570014904,-1.254524756815384,-1.9422429842819098,-2.3359337403687834,-1.1429845837823744,-1.059081163583437,-0.5640653566634427,-0.4158659696221805,-0.48289430201656114,-0.6914498610051338,-0.27853116619668233,-1.258322929728694,-2.099891939764755,-1.9128485212517365,-3.8640366252345135,-6.238218184394136,-5.008113915026223,-10.331670755832922,-9.88117146196069,-9.098862020602532,-10.662758722113708,-11.766400472156116,-9.384451180236116,-9.698403922854842,-11.891045674755214,-13.192174891940772,-15.090462342404694,-7.947621068574133,-8.727272413090645,-10.532825086681937,-10.929858360306984,-10.73080406446882,-10.687550162529533
0.5082192006994523,0.5135439661513844,-1.0136338647376393,-1.5820580844902314,-0.6869592594037262,-0.32449518541620875,0.5001800855498115,0.18075381146111963,0.7413861293714669,0.9965889799128719,-0.03909846136116786,-0.19841232616803983,-0.03276927712955248,1.5872645698620993,-3.779364773524973,-3.3931858872797496,-7.363091159012459,-8.704227018062577,-11.994149580344347,-8.338555590622693,-6.525244143354436,-12.948441865703115,-8.721447791390519,-9.995195461956046,-8.280275829054869,-10.229589171842594,-10.836183356311093,-11.44709321933815,-9.783328459419726,-10.08214677869009,-10.139878927811665,-9.900409240781721,-10.27532501267236,-10.305304213081799
0.7779601149120889,1.0032430489610502,0.07708824392677531,-0.26135561412681724,1.022909870012693,2.104758492160743,0.24906316218392688,1.3234365171660218,1.7055666169918011,1.2546656739250337,1.1936694222296478,-0.28626210756902826,-1.0208639016119179,-3.074300324436453,-3.5663144652539964,-6.4636136331039395,-1.6343435474694539,-8.267455831660802,-6.726624944732456,-10.031705320880729,-4.973319355082038,-6.855140020450318,-11.549533110333298,-8.926979473741818,-6.995731097381887,-9.834540418152963,-9.728456075970426,-10.638564394025876,-9.399103731154842,-9.835532314863517,-9.874801561471605,-9.959658970331764,-9.835269938047023,-10.203603258342351
1.565103447803442,1.7392777414514604,0.9144337642742595,1.9088795746731166,0.4077390396375217,1.0227204720257834,1.2908744267654049,0.14673506003644268,1.3590368078709252,1.196409919431406,1.6417668450016754,-0.6821422103815901,-0.8836799843556621,-3.2119713221823587,-2.5507753093388783,-7.93457406386923,-6.583610443356768,-5.31917588204667,-8.408204616402596,-7.558341886989104,-5.4128457140051305,-6.396127730327278,-4.879841593810943,-6.313898281630478,-6.159789722350463,-8.213635438942347,-10.098922562606948,-8.530761425313749,-7.633621942780627,-6.605132811116395,-7.564386390272707,-8.213560528070783,-7.12396171531443,-7.784242271214198
2.7670421257205797,2.491112890239723,1.307669068475475,3.2672409682103556,0.9672613892392664,3.3340465387683613,3.344261136300628,2.687382862881132,1.3869395956768844,1.6074569884965244,1.62336908228842,0.35814645566328285,-0.3401913315024407,-2.838609730665615,-2.3056729794167756,3.20474219953138,-7.2901012866596275,-2.8665256082481907,-6.821584238842609,-4.305661780216279,-6.918271681475776,-5.4037552816562675,-7.8651167780143165,-5.453350495861052,-6.368090083004054,-7.8144557434560715,-8.435022038975093,-7.417830654453292,-6.443615232346214,-6.263549086491274,-6.3947326959550965,-7.714779834637703,-8.92943703265295,-10.271556491062537
2.4530042869806605,2.531127891292896,3.733411130358701,3.338290283229717,1.422892650585401,1.1926235674941486,2.1686440554433264,1.4850271021666956,4.444749527967362,3.589108984135457,1.7832237341506905,1.2328265685217512,-0.7116967888703832,-1.0211786664387406,-2.2756780635347242,-3.5708743632490823,-2.2673259372491006,-3.904143392280643,-6.237100679634955,-6.57635660610523,-6.412688142497296,-5.829250050927872,-5.164744500238913,-3.8089034113674596,-5.098992781303525,-6.203865331344513,-6.005447993306419,-5.184276170607333,-3.5266116451550547,-1.3557537355890996,-2.6482846555293458,-3.7810126241117303,-4.1577422821983285,-5.007585252617185
2.287406268245535,2.7314321034860924,3.7603929349426304,3.7467490781534107,4.225575121976359,0.4297928261895794,2.9073368213011896,4.610967924080329,3.631042292884771,2.623296323349791,4.0689947815071426,1.9686139853486189,1.4463539408917578,-0.9897274601998692,1.6637012431637637,-3.2569614681184658,-2.0757733461266104,-4.027553003527654,-2.5729441245233478,-5.037064359713478,-4.828744455715232,-4.671839820076512,-4.025048072860945,-2.817543889590605,-3.7903534528002627,-4.781810831830692,-1.3587779505520434,-3.3438018341792306,0.4592672677604449,1.754086408654686,3.4257640721876292,5.110518116511568,2.765078400273317,1.6051050440480903
1.7970189649912265,2.808265617582691,3.468845939541045,3.914049661613893,5.246523563147785,1.9293188860136945,0.9459009408915386,6.094754549756718,6.896648604356079,5.293276176179231,3.26755382273106,2.468354073803992,3.2969539109650357,1.783590071302673,-0.662767524888187,-0.5720953733496068,-1.2317002786539264,-2.325495445251993,-2.6630889799368895,-2.8996410121215654,-3.0616796884161492,-3.0522416332812883,0.6602222480978576,-1.3974947686930335,-2.955823717973559,-1.2393154805283648,-1.435083707217335,2.180373981041177,3.4434489560733224,5.506270868620047,7.7562351728787275,7.759289382056094,8.129819183807237,7.534744878049079
3.241041206911682,3.1540922262619473,3.705643060665347,4.332504580530035,4.858384825570304,5.859869866298637,2.0083711312765904,-0.9195911352493802,6.046870498985514,6.726149799356104,5.689110708607417,5.567528796733295,2.9141456778159034,1.3115522288264359,0.3036022102769989,-1.3495769471043348,-1.3500368186487985,-1.5200558653888836,-1.379148832222099,-0.4705233447878589,0.12739412324999047,-1.0133163254129882,3.932630861127459,4.398801022559922,5.978249715631974,5.6051395886860975,3.8650930289940066,5.128971706424869,6.398372927557453,7.157854139032857,6.940326553101814,8.099891175712989,8.97356647097876,9.082682127394627
3.7879308395637366,5.041014709413499,2.6883031771069597,3.3278722423397995,4.525171970667222,4.879274417738799,3.09143809822786,4.401561885507131,9.29876692988643,9.1901597013238,6.98930110194779,5.76742349030107,1.8882072085894603,1.5405848980365844,1.5458257952023626,-0.44391025839570825,0.5378926493202546,0.13198927349523315,0.47046557871194356,1.771422928799554,1.7651439049359714,3.340707400570176,1.521022256307857,3.251623579336367,2.978814752076465,4.290284530738782,4.413401295214758,6.152101358372814,7.509706460619317,7.25403002853706,6.755507167577475,7.674253745087783,9.386391342746926,9.30474057021385
3.4599356199266524,4.1273785907104035,4.892997495856958,4.120166938917764,3.68635872962049,4.6910292996410226,5.678161390104952,5.711542189348466,11.167003947239133,10.112592331530442,5.838119097889753,5.172031239319255,3.7460423200530655,2.4859636790344823,3.2644918131228113,1.0865815294653478,1.5354084499561567,2.807817775855754,2.4109169758773876,1.3226405780220927,3.1875564190812438,0.6041141371431079,5.467105302700895,4.744441066844504,7.600783353236676,6.924933833419585,8.30253637317677,11.490037459828246,12.200075030413398,10.100925169773262,8.021361051089338,7.9345737641132,7.823378449476601,8.949547603198903
3.123939372334699,3.750131443396811,4.824951541741013,5.713958557706137,4.38534516931211,4.4573478294671265,6.0523023141322225,6.976217433356929,11.02478280221154,8.575125064008756,7.114903194308656,4.576954133815362,5.313675519665217,4.079714438912582,2.9310822357826605,1.7546645485485914,2.933595108680851,4.137305844401275,3.804028308649888,3.925606389627707,4.953613176835388,7.5481383306266014,8.605822602769665,8.58121712868432,6.525281680718834,8.764794235706505,10.720062406658904,11.101858139466044,11.616119271875776,10.396257092877345,8.58050667014011,8.286042158904895,8.063057951802827,8.233715962583544
3.681536471723013,4.750919756526829,4.6709405330404286,5.523891351090911,6.318493886753467,4.540550087622981,4.901748046048404,8.90544304745682,11.539920255129902,11.747144606714604,9.385779299952688,4.496059477977638,5.33347605488317,4.1695579656897,3.3837741982359657,2.9371667147640084,4.678586918845139,5.059671535674303,6.702985946321019,8.957532820787568,10.9665911310227,11.950400645869735,10.470937646299543,8.348341147692366,9.409933238203537,8.749172548227055,9.839312411924178,10.624276261265367,11.523566322249124,8.054465441663359,10.521872902514584,7.896379166348597,6.23764621224935,7.548185415381055
