script/wind50m.json
{"header": {"parameterCategory": 2, "parameterNumber": 2, "lo1": 6.000198445256149, "la1": 58.999992894266676, "dx": 0.5, "dy": 0.25, "nx": 22, "ny": 24, "refTime": "2024-03-20T15:00:00.000Z"}, "data":
[rows 0 to 23 of 24, columns 0 to 21 of 22]
-0.03854348718704164,1.6083971111406115,1.4987442950804837,1.642198343092838,1.430975541343303,-1.687536666589934,4.172750142327637,1.4656179429162042,2.2717036203234953,2.0575301447144,1.511550447110767,1.552520737863079,2.3987261247286185,0.9981119085531958,2.547507932891062,-0.855511272872283,-1.3565960400205528,5.203328127575526,3.067141245920962,6.993970884893755,9.53066354226652,-1.0573673494845763
0.9301657680353386,1.2176324867684898,1.2760079680725658,2.5404348282146993,3.0275292255207202,-0.43325615338683077,1.864778961169184,2.231550904645267,0.5321286625850615,3.1896358415443853,-1.1013635972490823,1.7430739839636362,1.560712410777587,2.2074396682061166,1.5095660885599993,1.241659100668273,2.2240719910364315,-2.4665195818346994,1.5732680529206475,1.803571933211264,1.7997844851309819,0.41422164140916085
-0.763870107632262,-0.27207095614819776,1.2034305476300784,2.5086111676682785,2.2887373619611227,1.1322388917330157,2.6044969219956764,4.048170779139785,2.8059133828626384,0.33752579627804363,1.4764097113895622,2.6853808594006083,-0.21856072572573723,1.9385072391097757,1.919806258374534,3.3292001866138747,3.056178133655864,3.012464361961468,3.3408868679177224,0.7564590844391613,0.7753381070802277,-1.4069341257701766
-0.74156979281361,-0.36240748424930214,1.2423360467310736,1.889992488800289,2.461972599581784,4.193669187985661,1.416461219274732,2.625434668081837,2.4774586069175983,4.2247761959651955,4.641084090075161,-0.7516740127065776,0.7831969782932775,3.580018020099917,1.3738747946212435,3.2930206180801234,1.8485817643998501,2.5682570485863936,2.0989882919702745,7.322983319200185,3.3638718399781338,-1.7861196723478057
-0.4920137560775003,-0.23038793087223655,1.3199851684481567,0.32939809804591663,1.38646789297687,0.34599369962883536,-2.326325204562398,2.70625667065117,1.6014621456091387,-0.17413358397583611,0.6435737867616386,1.6964044584761169,2.347776662832399,1.5934653194719732,1.9842149890770662,3.3581140904385074,0.21134627159561908,2.8456162609780087,7.303492644956134,0.3698434680508844,2.5936979946860657,0.5596302354081975
-0.931293032934416,2.0479132533452593,1.2081427636046491,2.55971164175056,1.2448431066189873,2.1167070233418115,2.357078350457077,1.6965113677937753,4.463760302738617,2.3937826384174845,1.8170092665940356,2.458120024508699,1.9672510171381754,-3.1055781733698242,2.673879471932428,3.155153965592777,0.4320539125174528,4.4139579679508305,1.190309742896546,3.531838339735511,8.846586646713437,-1.9690746478673864
0.3297271367646127,0.39770539891615053,1.3013284049332465,1.82189060574715,1.4942461381113377,1.1306962766801087,4.48286926825888,1.9092447689481213,0.1787947168363028,1.7395746213080736,4.922527930002221,-2.930082959950421,-3.8319805863898257,1.5766516036031204,2.94478527498516,1.0489918365021609,2.293430677609964,5.307644483804305,3.704482859490723,9.960776310171337,1.6710938166054738,-1.521942581837447
-1.0585028768564906,-0.5738447114263147,1.7390939589768137,1.4778204861510151,2.6862944169089547,2.7870422532914643,-2.928995463812586,2.640713269837898,5.8412701756539995,0.9935932561798738,1.6559098699371135,1.2441639373658995,-0.6803778930809335,1.7545167144492833,-0.7339171543708825,2.7710655566136566,2.8105771987939647,-0.9439822497282904,6.248507479169413,1.369259480574083,1.9967976300684855,3.434983346907576
-1.2061036195323886,-0.10290710604891026,1.5347766858153775,1.2404056184098327,0.41010485641022787,0.2265593914941859,2.5761100443365352,3.0944500592806463,-0.20876168793379002,4.495991653526115,3.8597579641405715,1.9691069427973125,2.2606784180952526,-2.697025986857792,0.2085390604315063,3.308510556527315,3.2305533208428048,-1.8573596226107703,7.96230701091808,3.39444908433804,7.0623141200736175,-1.6533369159212483
-0.9818584554523702,2.1610890002980114,1.1746001097852314,0.7700125580204008,3.829170588898118,-0.4003967235241072,4.608691033739769,1.1354009421437412,3.9755993584657987,-2.3082764295792813,-0.9865181561638451,1.3128172301812706,2.4509710630092534,3.258406965160399,3.42935961028552,3.3373568091181838,3.184873153353548,1.344726499855046,2.1704192457536595,3.2755300183963367,0.9993895900875281,3.4303217472262335
0.2222552944611221,1.9279689258982313,1.1608021296441273,1.2749615359926814,2.0435345863724033,3.2823319445061476,0.7479619795370113,4.782855845578758,-0.06144378718252151,4.092453075133191,0.8401603039084474,-2.7709811317425657,0.8416609248389907,3.4652532254882416,3.524898871662979,2.921772724569335,1.708943393671393,3.004208710486806,2.8498957739954074,4.029505344194339,0.2068975258049132,0.47950168288940026
-0.9290562416767245,2.2465999323842865,-0.20540670790587492,2.064520207254058,1.787639766257567,2.204311626109468,2.693950071692571,-1.0432240311218504,4.0983129192475225,1.069515473718419,4.37566598647974,1.832288548886972,-2.5630417602517657,2.424503736814539,3.2105389573428793,-0.0686327007090471,5.274656363175663,2.783048216724482,2.2594474043179145,2.382567284321784,0.6353755023431358,3.171358554962054
-0.5936696973780439,0.9216363828224835,2.6763325230185178,2.531779081916083,0.21303121410954332,-1.602271807756146,2.108686628157975,2.1877809940132398,-2.021430604027354,4.938141645968348,-0.9113944749967816,1.2218146580311247,0.8342242313198542,-3.3187140324967452,1.6856508291191188,1.3958241862945857,3.4261178611661895,5.518965420305924,6.746797158587282,5.2847909040339065,2.2785259887887723,0.07302557129908294
-0.3825691571868016,1.3204079327022336,2.300057119981726,1.8798191625635727,2.2165675693532885,-1.0007998317011808,1.737330775220322,-0.14310218166032973,3.6147107946111277,-0.22666967803547364,1.0130637493534504,-3.2197767341121897,3.0793057878786585,-0.11937237907120025,1.8425437370339464,3.329193906954199,3.8097733317869116,4.420993932875378,4.517514867470295,7.191690262214719,10.213503408909045,3.385701171549749
0.13284363353769937,1.52686541003221,2.5765948407044306,2.4362142686725115,2.3118747473600667,4.316128065060992,3.8834382920763124,2.634958879240303,-0.8175786634395698,2.576171667927414,3.868638242341542,1.3972783722797932,2.551279689970155,1.3131258145758093,1.6328784931396134,2.0437871842434685,2.95793400155814,1.4425479002858264,0.6802257611711093,1.7727554266056962,1.6107916781631513,1.830677956888373
-1.3928551517947776,1.003865431611955,2.9002214978860392,1.6775808245382868,1.717872096759297,1.2743870813775728,3.2769266824642043,3.246344277751622,4.235180986859329,1.8548130708622521,-0.817265235274394,1.7860046468311561,-3.18031018269348,1.7796764504974683,1.2187086934616225,0.6757488989750692,1.370759764486432,3.320909447760222,3.193305856973465,0.28750896072084564,-0.5784940240702816,-1.0095404771500818
-0.10493175859053176,2.2032437882528786,2.094966309517028,2.0464446578908126,1.8749367667285068,1.7355864953590185,-0.48760291139343803,0.7889921021330072,1.6493660233160068,1.8635632338395038,3.079412808790814,1.438240240857433,0.6254320667685367,-0.28468536680985096,2.9567453618698685,2.3815952758230576,2.380554459074496,2.7811172060491995,7.1576618513694354,4.769304378420429,1.5678811394023433,2.2458373298509207
-0.2879153227117052,2.3589654830530233,1.8528739708762443,1.2466845823753225,2.920271171982572,3.071904801279512,2.4260645535880374,1.9908271217549582,4.837803936309734,3.6961247691405945,2.1324501039572135,-3.15217842582818,1.4139270638566703,2.743035708560287,0.9854748180580485,4.015786311833951,-2.1481045267749366,2.8663917034656023,5.661262944383914,1.7823229066243687,1.2055532237041047,-1.5623310865937454
-0.6025390555742167,2.2676722068161856,0.18133673701666447,1.987907982174689,0.41516987084276047,2.532763047183585,1.3149585966803135,2.2366121677571926,1.216927579055928,0.03026490307544753,-1.6500142994981215,2.576519743414644,2.7101653180278897,2.309130540637791,-2.3762302052087105,3.023404766795335,1.8976788895748264,6.122564388012612,0.9954290955945616,0.5069054145655898,8.745540009306806,-2.392346272917882
-0.4170455010188777,2.3403989138799033,0.018974549634586613,2.407135353093288,3.595519063571522,-2.3155012989100774,2.1353685149535098,2.226804855915631,3.619219240720628,3.1817222873901034,2.795089360079073,2.3578137361999842,2.3663681792763542,1.838104056602515,-1.6605704473710912,3.566626137219994,2.863702552931115,0.5911030706083213,3.567979164905528,6.878546598652801,0.8958691462899094,-0.5946232438147674
0.20420163133605543,0.8051229087349668,0.8873487164603542,2.3624726060918784,1.6070371478358128,1.6389329756144573,2.7612850556553785,3.8895808160937175,1.3074988234494245,2.050464816897617,2.2625558620070554,-2.186035903282913,-2.7936729791481123,-3.3193953764830404,2.1823300378940367,3.5724207128713976,2.877852469924681,0.6659214788048152,8.033221229489541,2.3392790463556845,2.5725248791133386,-1.4656835431927042
-1.059724316019996,1.5739144159559393,0.0769061167280463,1.5153980734750307,0.08006554536900692,4.537823110622012,4.088463928498348,0.0810051971151808,3.92752866967997,2.8548268319551844,-2.266151636489737,0.6916903349948663,0.4572267590705335,-2.370333748997401,2.461075255099753,2.2581562673115236,4.381192699633831,0.7018515506618344,6.113924983664909,2.345940247492414,3.664105222612724,-1.2145529586800756
-0.1520200186721476,1.9046760116712993,1.452947478301729,1.9709154133636138,2.3294224353270665,1.6515799574783863,1.5630557846761446,1.0000992541960008,-0.6635877168140557,1.9915104510716934,2.7926976965147565,2.455709198103042,1.2306601769210292,1.56095729491284,2.752995105640922,1.8812580971460835,3.9268280829235374,3.3225105699621866,0.8794376257494181,9.633665170745545,2.4987562384192494,0.3173680356844127
-0.410811549247572,2.451584585526693,1.2502926114621493,2.541643103530497,2.1876880233667224,-1.1657558459568553,3.303801044042205,2.1220068824217324,3.5699551288042195,1.9296275074002607,4.521546311633134,2.5393571465879776,1.8871078454477852,0.1414342031253139,2.5111433723225276,1.8371164097588197,3.8440008322876467,4.8349685342173485,3.4712230120782355,1.7505854435350992,9.504524726685831,3.340140547139695
