script/wind10m.json
{"header": {"parameterCategory": 2, "parameterNumber": 2, "lo1": 6.000198445256149, "la1": 58.999992894266676, "dx": 0.5, "dy": 0.25, "nx": 22, "ny": 24, "refTime": "2024-04-18T18:00:00.000Z"}, "data":
[rows 0 to 23 of 24, columns 0 to 21 of 22]
-2.624996822313973,-4.398863440819542,0.17331990126882255,-0.4296529540589681,-0.7678908703056453,-0.18902506574954495,-0.30254401344628407,-0.12387011415544773,0.9508411548390073,0.03414658790039844,-2.195482444742391,-1.061085806797756,-0.9077532712471027,-0.9669902624104894,0.3262878584335852,-0.5334612529379648,-0.33598675973904923,-1.655882137870453,-0.8423508962902594,-1.4951590943195114,-1.0302112645872188,-0.6892282159572009
-1.109127180641168,-2.054526816382928,0.5324505061757958,0.08551816071022733,-0.35765370832244725,-0.5726413800754755,-0.24562292416304757,1.2589442782547742,0.8867200992018061,-1.0549048190322459,-2.668726524999462,-1.1462809374811345,-1.7119668663553804,-1.8987745605638928,0.06173687632894228,-1.797961087480181,-0.7422298767184613,-0.8869175009728224,-0.015541616193680554,-0.7336925495228818,-0.6882383364924288,-1.108470996619583
0.23631300708499225,-1.7127182314023923,0.22735397429851179,-0.6574153423500151,-0.20898489767066877,-0.5459352377130358,0.6411375210446443,0.35087535218102545,-0.22181316205521098,-2.498567566373841,-0.4425088085780362,-2.125763707473873,-1.569822110424316,-2.738397109141701,-1.9046332608048544,-0.9112465872676179,-1.3714523828578753,-2.5155944328436193,-1.8319142563069064,-0.6668098244047483,-0.8003086929048392,-0.6929223607899802
0.8999684221561841,-1.5209844386744824,-1.665985363689811,-1.1612824360341558,-0.6324118935110569,-0.5069385897971183,-0.3322532163205749,-0.9707699972183205,-1.3157473413238474,-2.26880258617892,-1.574201741601492,-2.3271487038732253,-1.428211530089947,-0.8939606660919203,-1.4042629382363563,-1.6318218149342247,-0.8700994372767797,-4.1919030288728445,-1.2591187466412106,-1.1378048264411706,-0.5848777542930199,-0.5687251260495534
0.67030481426477,0.29977671820850627,-3.0014370689379946,-1.7468290351457556,-1.6950372287146125,-1.821532446516683,-1.6784657810167205,-2.574884815298345,-3.1043678448001177,-2.3908624765907676,-1.5381185220364042,-3.5137807843387625,-1.4210231687207147,-1.27245647272745,-1.4870617212726212,-1.360093551190003,-0.9942007760578395,-0.8824409276108338,-1.1547635310548852,-0.8768009463304848,-0.8943187810217788,-0.5649069471643626
1.697869467351589,3.671570119254093,-5.008290370500696,0.15909484562558737,-2.540822543972454,-2.4671993223036166,-2.870937163173689,-4.1141482668896066,-4.789330254469085,-2.7307850505563787,-1.308538310414966,-3.4130588219314757,-2.3878618475910156,-1.8735020270377973,-1.9267686719580916,-1.11739960910356,-0.9151858132115118,-1.2027378674599798,-1.0415990398126347,-0.3658677668638668,-0.6849222604065615,-0.4429978568898983
1.7646122984593045,4.509089044230628,5.04896822783247,-0.6518967830297023,-2.2757905150932625,-3.078170149858931,-3.225175552104385,-4.535217919292122,-2.9346235344664553,-3.2080588535589807,-1.7902627845050867,-3.004751497935019,-1.9348751207641741,-1.6550114949036319,-1.351381651765062,-1.4630325346657918,-1.34975770064385,-1.4357915900394298,-1.20823038401166,-1.1929083570667713,-0.4474037944667793,0.08266867250467574
2.3119178898751684,4.189996732761419,4.857930843856904,-0.6201681668302426,-2.6640210048822897,-3.3325555950176686,-2.1187144349085254,-3.111154339571144,-2.785229510668935,-2.3643470420577835,-1.3537765958485724,-1.6159470420710282,-3.2361227761289757,-1.247671404086624,-1.8130016228648282,-1.5440094630685866,-0.952027379332657,-1.344000139370136,-1.502805831109861,-1.5348818147529726,-1.147726701648451,-1.545029526564343
4.6893860237738565,4.702089458866509,5.169369352239312,4.245999655968145,-0.8465528864100224,-1.5118911492411775,-1.3602823142168263,-2.4362840454717225,-2.3875732837025088,-3.203565352950405,-2.960383880552487,-1.713498473589907,-1.8351797641375434,-1.0669433484301922,-2.0360423173538598,-1.5787931545752063,-1.290583720283789,-1.3338364777240463,-1.8622861318311024,-2.2297039954243485,-1.6179452276299675,-1.6497962974947005
4.247085486801756,5.5324061693504705,5.842460223943909,5.831430051237275,2.8039557706759877,-1.723801377922982,-0.36316642775800173,-2.6726830240204826,-2.454880368730714,-3.3278700222481286,-2.862062502725747,-1.7463206452758697,-0.12699228724292408,-1.89135723536043,-1.277253341593819,-1.227604742367688,-1.4485865059589569,-0.7933914390328747,-1.8682257977564156,-2.1176636773260333,-2.356503844525192,-2.45923310565447
5.4118390823784095,6.04000817982357,6.280926183005777,6.520088055900533,6.292217979635833,2.0023729572936095,-0.7168299702518741,-2.3826021506316053,-2.8640364176892454,-2.8289312743569828,-2.0906766460043125,-1.4169205481135012,0.21222618292305664,1.1036167969942106,-1.5938431281117804,-0.4916186489685257,0.18272329905152718,0.41801732988824264,-1.2994554470318065,-0.7321333776464153,-0.21972480619615248,-2.1525617792625193
6.2285202068192325,6.26745495034918,6.665743957972766,6.974292659780383,6.861900802261633,2.4082662205547263,3.2684262611207946,2.1315664228441054,-2.0349341914185906,-2.5720635798065716,-2.2046313985622272,-0.6209890246084221,0.25437705262902904,1.4302106702274064,0.8665286979818916,-0.11888914741350907,0.12643285322471928,-0.1743438805197798,-0.6218804335636056,-1.4631589875730124,0.7031093901890066,-1.289861974927344
6.970449452269492,6.532460028155444,6.257719710427514,7.046153310820506,7.924948997184875,4.55956894131557,3.301826731988304,2.430306324735486,0.9014314375514746,-4.095245591913192,-1.7557770061418274,-1.3328539841033145,0.4880916214187805,0.4683295563506233,1.100402320597449,1.626768275772435,1.416656835438279,-0.7012817298557207,0.8293853839227862,0.23678472373530418,-1.0102307558334869,-2.033380729009971
7.593646245310171,7.0019563398253934,7.051686183776776,7.34873206574059,7.797269019754038,5.034301059817547,4.333833551456436,4.224916074905756,3.773179002637262,4.139994713261817,-2.2845957960757906,-0.14410419520552867,0.5442336738717873,1.4761208386651379,0.8828904890239013,1.8624778792115375,1.5682525674276115,6.303526447368279,0.10707327149882495,5.1231924977624645,-0.15043321668068657,-0.80656868593381
7.585871359512648,7.523109488415991,7.450585181604259,7.405915306014898,7.851543189639825,4.913551177713514,4.750645167860063,4.8159990070190695,3.8481624263191923,4.808815148233254,1.936713457780214,2.3243842915203805,-0.22346546368206083,1.427053429064261,0.10459285149019427,0.9765953538046616,1.635238345895648,5.351924293524389,2.827228725500325,0.1734525693018413,-0.4847215361808829,0.8677245701445897
8.102831526346755,8.001647698927991,7.616515253329172,7.6633593071518185,8.26920363862627,8.101646886916651,5.081903708481561,5.318782151947462,4.923253664609019,4.1477882341555254,7.019620302341701,1.0338062194204873,3.2572434268971615,3.0677317544759943,6.308703326438248,3.4634403170998547,4.512564198037532,4.38055277118192,4.328187546974813,2.5572049044755083,3.140666197623256,1.685370412286108
8.349599595277756,8.455901778343712,7.876677836537214,7.859883392613899,8.395474195624525,7.874631151700854,4.763511496591306,5.191145740745291,6.4729431000552555,8.019973794115048,7.659883658678513,8.868122019732713,1.208614677009086,3.1208158512969404,5.558227947619142,3.247086113994685,2.806014373148043,3.9048666762897626,4.436649199067215,4.77385066149735,2.4953159614338847,3.2339997919070957
8.62023474287434,8.675039234843307,8.319569964674981,8.001302017546037,8.442805178035183,7.4400740904259,4.317404220863193,5.18759915771272,6.305772300289391,8.3282933890587,8.361835038930838,3.8723632489124484,3.9512326056995386,1.5420339266115681,4.20107771758418,7.459190678468535,7.223019903929859,6.203232872159757,2.2072642113185985,3.999756853801249,3.838261542632245,3.8612578963400677
8.970996612986234,9.169210814059724,8.626956760273956,8.048538997539143,8.580405073837806,8.656371928665694,5.964741620272684,4.847131807536191,5.941486201193615,9.010990184868778,9.597557116272233,7.872740135370876,9.678633529884868,6.014829670573334,4.70676287205576,2.5766914411717123,6.135749121974496,4.204332798086292,2.1809822347814434,3.3338197619180434,3.6670843572764573,1.2793383697676461
9.608966302518159,9.327128116195496,9.11385299433037,8.430986514157016,8.655695576933345,8.949753083126604,5.203521237979483,4.801172870599325,4.670056464077879,5.134954289898274,5.496028093720308,8.097696892812554,6.7721481476891725,2.893317568323975,2.0418823039397833,6.657319425762286,5.715893743067819,2.7381658416158032,2.3551158402041037,3.17782235925614,0.653735996297617,0.9234137731934643
9.755955621611884,9.44334915907757,9.24052333507463,8.820491354184842,8.790004653025072,9.07509875853623,5.5489067049319765,4.703623646408215,4.526461066552179,4.840458788987057,8.033703548251957,6.196057230740208,0.7912215333733708,1.6859951891501068,3.8556632224707377,2.802781216890649,4.894737287391117,-0.023239834492630135,0.8324030656876134,0.95069185263706,-0.042855182111934564,0.8417746453526006
9.60930894941948,9.805547315052047,9.51959612741637,7.93712598942363,8.299235665435052,7.939368636526967,4.548436443786399,5.39609778877163,4.565906085084644,5.112282706075751,5.795452378697108,6.125758004267669,1.3421828719576463,1.9933409742763324,4.012037816012407,0.5210999465053229,3.685871331211395,1.948953370764834,1.1724598330244331,0.4351088561707503,0.2010173553542537,0.5614999277834202
8.83795773735958,9.097733229628329,9.271450361323106,4.413444083624888,4.148357530544339,4.260530722332244,3.916068021050595,4.247915957386813,5.334711524913759,4.223577868762491,5.130714659561088,4.898526968359177,2.7527671781877014,2.677299102047168,2.7564450953160433,1.081393493190166,0.3407918682206153,-0.44743803808700144,1.0685032500175429,1.8559371528925623,0.7698919011992571,0.43597925937251175
4.245656095374251,4.691498916080851,4.353800015492834,4.3809939308412265,3.4761147610166856,3.952773841422222,3.817542164025957,3.706080088340662,3.531068360031825,4.155383981622794,3.797664813374195,3.568397185784843,3.287708568741645,3.607933968566046,2.6922394679930526,1.0470490966029629,0.3502263434310583,-0.22640458234532895,0.6736724072630783,1.2433596456895302,1.7093855565247686,1.1372378892318395
