script/wind10m.json
{"header": {"parameterCategory": 2, "parameterNumber": 3, "lo1": 3.000054539987559, "la1": 64.9999836372058, "dx": 0.5, "dy": 0.25, "nx": 34, "ny": 52, "refTime": "2025-01-27T09:00:00.000Z"}, "data":
[rows 0 to 24 of 52, columns 0 to 33 of 34]
5.228115602200404,4.934295671041165,5.014650522227638,4.3296514461471745,3.666761734512416,3.1922051420261077,3.001869092311079,2.215325180262018,7.484782448543466,8.659046231248475,7.50623059746605,10.83732925336708,10.858327750717255,10.98229946197902,11.061863037324867,10.242276575490509,6.022785337950629,8.393755535452081,2.1795327120407033,9.076412716905084,1.7787281743656524,1.1631995197307559,1.1680888170945887,4.001897117718682,-0.30740111692651617,-0.8835582645376365,1.5695932811446112,2.381359714358429,3.1147522781597,2.5812971752337086,0.974605309334101,-0.72818033493931,1.2613888916624962,-0.23942485361402752
4.835683414933622,5.407028614722401,5.685682503544666,4.602867976239884,3.8110754443143335,4.034635053838461,3.8930251109369407,3.718218218005657,4.466162065209658,4.986227265380197,9.272780406601212,10.445374035813161,10.969780820336036,10.682994765005855,9.44731939441556,9.168847031438538,9.734503355042303,4.566293410958211,4.8892318304957465,2.2329338287650753,0.5883668387461629,1.4061747891266634,-1.112026334391191,0.8374299568213875,-0.5825373440812045,-0.2780515656323998,0.29633714749422885,0.7934291218215098,2.0217312440101582,3.1014251891532787,2.1462501716032647,2.11435788731731,0.079659153383114,2.6269743247261137
1.3466703999505463,5.59441683558841,5.107872861159614,4.227287680072947,3.7852114386327242,2.9513086318872466,2.9892311277913115,3.793683652626556,6.162158129743038,8.352813536700237,8.970285354833793,8.953771745460921,10.929721002657748,9.560506902141835,9.489144788642713,8.424753105921143,3.5641005399638765,2.3335725287620286,-2.883547450654275,1.2512447307477672,-3.913521612128685,1.8934340725255947,-0.022261403006503793,1.9844982503854973,1.8719558622054968,-0.07765475369912177,0.36586257899755326,2.9265571205613856,2.009309750683674,1.1289845966122471,3.0280813175512256,2.937984239249136,1.7541212158667805,2.4645227006803823
6.112113294448816,5.4337843190899715,3.9212006476043664,3.157895656040252,3.300526764525195,3.4970526997333993,4.200128494158902,6.985536398752783,7.215227278562022,7.647816303695193,7.796274840279244,8.515354319483803,10.37914403068356,10.391691889176165,7.862169304979237,6.551276943069567,0.1552018129581757,2.9869609814749203,2.580531094441578,-0.673715129692499,7.853742434415663,3.771149906319492,2.90861968050858,2.2694858516468153,0.40526288810857364,0.30178861585264016,1.763230942786463,1.5911388299787168,1.9250354595435837,-0.7830554981020355,-0.6898448738874765,2.202032980886093,1.723201644357889,0.7851825571013628
4.957011891716669,4.924104387592608,5.485555796426785,4.813220790394535,7.503769142081618,7.271522784295239,7.068071757709682,7.463838089255987,6.428699774975351,6.412240931506247,4.368034324932774,7.2999707319798395,8.518561900226798,7.722179956000282,3.6686600765770807,5.78439038272527,2.1419548566146847,-0.045763698249953084,-1.4025135564613582,1.897428825695294,8.097651017935569,5.144088480838302,0.7324762676579569,2.4072336500472926,1.6822423052342226,2.051516185931038,1.3673139632383033,1.4729723429162838,1.124842427331609,2.1310933936048744,0.7882166542975284,2.100317208288145,-0.5285610972900492,-0.28633860217012186
6.309468692686205,5.4406084949959865,6.81701836622926,7.610267035938251,7.091040608238707,5.774521618573237,4.263484686315592,3.5886312724748985,3.705062451934045,2.748763134218797,2.64575817559561,3.342409044385082,5.419079386303322,5.400017264235191,-0.8632765866747177,-0.6950505179597294,-0.8464724233110786,0.329426265330775,2.8303561168595737,4.612509685073801,1.4683034022518517,0.9896294112175266,3.2815928715637264,1.3062703847706023,0.8623403881209192,0.8844818365091441,0.9177871679648699,1.3063199455248555,-0.7604221402795274,-0.19020418749751636,1.2425076912280348,0.4786419809397936,-0.16382394317114501,-1.2179651378562433
3.6859045378424846,7.304862574208353,6.937074980256541,6.03876840842884,4.439418104946787,2.817607960342411,2.7988385173483095,3.015948116651936,1.6347650317913882,0.06029162651007348,2.9772751530528017,1.534628616523403,0.9649599818897208,2.0508471532067194,1.4428685217594632,2.0507150858803636,-0.7223404356582822,3.9779269383536273,5.6109124736056595,2.318722597543243,-0.3916737063501122,0.16517015626602838,0.5677491133017744,0.9074266155521135,2.3868079962053166,1.5698760692897653,2.2561267631922406,1.4653266482336897,-0.3707754324186025,0.8723397713104358,0.6757126692773575,0.07308951006105434,-1.1183672104359201,0.7932395756558431
4.971163045005773,4.892451666098362,1.9988733343887737,2.6550918716233185,1.5361987169170812,1.7739516489307654,1.3084375899275709,4.111076996343781,2.469009461209312,3.707448735199429,5.2622074875783005,1.4338658998401579,-0.47381567658530765,-0.8634105542212602,1.555439185037597,4.5502482308071945,1.1921281846573004,7.849559029424739,8.437640510488931,6.827858612835502,3.6323300411132355,2.1483448102437253,-0.35171210317695933,1.7557564352065391,0.2138590645930264,-0.123327962350308,-0.8861953105722487,1.3932772092687595,-0.30960057552785225,-0.18031487377057634,1.9395169553861644,-0.49226930199311175,-0.9670530074029958,5.456801647210537
2.375273541408017,0.7816572057343963,9.911050574747852,11.055182096188707,9.608895844020157,8.218496372610879,5.890553417633271,3.907777924462172,0.46238110245631564,1.4530688026698626,3.751928444462177,-1.0230703503241934,0.7562196413600821,2.9370172600865767,9.875243498805379,1.423858912710203,7.180623143657704,8.635920391198596,6.522102986851722,6.339475561316531,8.685447318343439,4.5681453068096545,3.2318982472376034,1.278062666683534,1.8241242541115315,0.8766502118876799,1.276895101455872,-0.021977466473780186,0.6043060322717257,-0.34776175061554326,-1.0118722903296185,-1.2177077670518779,3.6766772546333972,6.318784093830894
-0.2677252477475665,12.98163434417132,12.205648424356244,11.862855291049454,9.093373694739201,6.079381229329432,2.6585201860672907,0.4515600820575337,1.621009635302406,-1.189197999922723,-0.3202923107839783,3.476297531827631,6.09810797275477,7.484387668230772,5.847720780372458,13.054015347912648,4.8398667849138155,5.863787846138601,3.7291955778595636,2.5595935755590795,3.209526325994189,3.152469031012056,-2.098984550336976,2.0706824031485933,1.2781009830972705,1.6409232896523278,1.7501194380232403,-0.35027487213304287,-0.42734671076447817,-0.9564042308538383,-0.18245574217081842,1.7896303700150833,5.0369489300225165,6.881375938278086
13.233467839285776,12.527789857015302,11.849251823095301,7.926901625681922,5.256939533542992,3.238737250104998,0.996873134127533,-0.3609863090135501,4.238994505679227,3.0520125964551026,10.097083594293471,8.331505118693835,10.08337179381894,2.3544526666400984,8.956584553721935,6.546420069895895,3.1344930224307244,2.8968944938308705,4.596538445241171,2.3014373812799938,1.2209375197360142,-0.3432782708704314,2.3081463964987416,-0.30019158362853365,2.1968243942507346,-1.0036501809029803,0.03294810805796059,0.34678877232655214,-0.0951961052792955,-0.4023448358854407,-0.20293603428375248,3.764136195250764,6.081937760536604,6.4135371685944556
12.959934953631274,12.034878240573383,8.878242556766946,5.762937305487455,4.308227478665421,0.8818691125319128,1.805478495707547,2.44272809603431,1.2609913994166932,10.463288779927593,-2.9322685164537297,4.769842308449952,4.886779968801886,-1.5261988944750926,6.932347073136412,1.8575164461035762,5.8042815839627195,8.426018449296288,7.095296315825474,5.294845561927099,3.4832298330111016,-0.4019627626656988,0.8303524066859633,2.245860299869482,0.32692611159373564,-0.4621424605461326,0.25012727943987567,-0.4465523859638183,-0.08496406459793591,-0.901767388663654,1.543459651182631,4.528295947952005,5.670479698794996,5.812707948554443
12.476530332513063,10.060849371003842,6.2964568979952915,5.547860260487871,1.9355772780585587,2.278416861710448,1.6296838383465373,-2.7732648619636295,7.375348536260144,1.2807625717897628,-0.9897208101873817,7.232931988272824,7.494312662267345,10.816813511491413,5.593154234821926,9.93044591919967,5.760967592407221,1.52091330500489,0.5088854247652784,1.4580073842213233,2.907119431843154,2.3818908525294225,1.5733568157544755,1.3009928752540165,1.4191638744049335,0.7148967571369882,-0.3711608448662056,0.0843003057483107,0.3323286464077581,0.5135666819860493,2.2166029262487648,4.930219661458958,5.71541764308795,5.170813046422128
10.92502711978398,7.905736118102802,4.029757864821959,4.748823223642687,2.500020452490739,4.931376879220881,7.355009872843126,0.16593452827528285,12.635903100768628,7.018510401629581,9.16594485151883,6.812876637041976,1.7570292190063554,-0.2820163860378697,5.1485486521692225,0.7104172335360283,4.9186305117928715,1.7790772455248645,4.570971709134628,1.0085738714628527,0.9873296535917765,2.32821457740885,0.9033235116536624,1.802914706614724,0.38652951957518156,1.6157001027658646,1.6723713115789984,0.9722441163707821,0.4384150720430582,-0.030368150631508155,3.384719772826939,5.321479494710169,5.267755876872606,4.906318889372606
10.308004256927225,6.924455013626547,4.379112817105583,3.267883128136498,0.19571502857008982,0.22105834169485014,-0.9388656489111573,11.249330425395813,0.7494145291863716,-3.2599121165580565,-0.5790205475367156,3.077624658515354,5.581285930935207,1.8346699551547192,3.2534805986096016,3.2666950432705963,2.641709840193223,1.9912902790101503,1.800532019132357,1.610757747594724,1.4474470780736317,1.1894336776714276,0.9018936853134913,1.0180568736300253,0.6601153495447533,0.8151111505550346,-0.18085782295146327,0.6264271823665267,-0.04648591004830593,0.9491682131546609,4.672788908298088,4.726511666987142,5.059205728406731,4.682754674664151
9.837799433883827,7.2969844419870205,2.5324132318915553,2.1758115072765136,0.36355561280397075,0.4127649944367805,2.0078852653661707,2.4772896782651874,-1.088205131694348,-2.906039115193108,3.00435747134541,7.519780940648664,1.4155736994922083,1.5012392826786622,1.1505367132251927,2.2259494893469762,3.147154682058021,0.904208337398906,1.1580955518213072,1.0025767352900088,1.9027624903861393,1.6874997331548487,0.7428889094248619,1.0397078538152011,1.44566908416571,0.905062677342868,1.1272323229603303,0.14004158808650294,0.18428334440285543,0.6039242126425268,4.089615310202007,4.237350947025566,4.822551174260068,4.715675198399121
9.16255572812389,7.2256064722455235,2.5448112090175665,-0.522208608093374,0.3088677704919757,2.879416398836649,6.398874120250551,7.180528629071485,3.429127684824531,9.609551698439258,6.073022651653446,3.050958318214273,-0.49770540864219515,1.3731398324916384,0.9754372893742365,2.118457858364136,0.7398756169417213,1.39195348897121,1.7457092351722354,0.9065399219973959,1.124652762562658,1.4433725012895218,1.253120266073593,1.0806099777331437,0.9640348203523199,0.5417295326457346,0.9170496782431848,0.48927042034804696,0.934796315435332,-0.05934961899952297,3.0309241813484666,2.922896455722218,3.8896147369856497,4.1330806993640365
10.134470792869427,8.281445709760186,2.8143051232422844,1.9360055915172742,1.2831853842228587,0.1458854820721608,5.282012882172949,2.039445576244063,9.587765240291857,7.642694860388983,3.6713903680622435,1.22491488603933,-0.0913838921333357,1.7280288159862764,1.805683615514163,0.23213080488695592,1.4434062371759948,0.706264027499475,1.4157514077674922,0.8798752373361816,1.2882234280235563,0.7388766669272718,0.8361014902813958,1.3237601756571453,0.9267437109501028,0.5802601987111163,0.7065545370509546,0.09971862715416314,-0.19654139275290225,-0.2189115230938826,1.3758816558466955,1.6490137265830733,3.5344003911112956,4.258819025009179
10.191179774515412,8.668716455293016,5.673965875942322,1.1551631184444815,-0.9978314037379825,0.7767606351684138,2.192069955223613,2.868939119630687,2.128461901894771,2.7705025634966844,-1.9000393758797245,0.7122790923231995,1.890366119148063,3.163493416447317,1.943066756660949,0.8930229884866407,1.699711881695328,1.4516328971247183,1.3445701904520313,1.2033774802881672,1.563418586702065,1.1551006478405634,0.5006756407671004,0.708499592181838,0.09426813056910996,0.3608991860587428,1.0000118581569628,0.9795438409165247,0.7670926531224316,0.6820095116448509,1.096575955734422,1.684746014147694,3.1595370608838476,3.8787285748113036
10.561714954867853,8.692336215001339,6.778459171735569,4.060728484714385,0.6221865607260563,0.09789976450532013,-1.2691782591490846,9.454760173203663,6.923319706429836,5.414861741736262,7.199029517703016,3.694861930273348,2.529466019671299,4.881590382935667,1.599823235044882,1.8648592097145613,1.4128096958108527,0.4673309569253337,0.35311539434644007,0.6799880873735102,0.6715263873347707,1.3010699561060335,1.248624601489662,0.991279740280655,1.2615296847881565,0.6314338008978497,0.8690906050902099,0.6595065741661428,1.023104198159108,1.1571130654075175,1.4489595181877148,1.0717047941421174,2.7218479360988264,2.1006837105727545
11.398094091722264,10.468344620785635,7.262881406812976,5.567415257165969,-0.10270438701973265,1.0010263527230872,3.847325160772734,5.04667375403428,8.051558728152909,5.980769568729783,5.609262999535148,2.253682129706028,1.1010603946081128,1.8628842262144731,-1.1603103295147197,1.389339202750432,1.0989273067483647,1.5171975408408047,0.8234635824994672,0.7432303588920784,0.8212641376061711,0.9877318746552565,1.7126695578561797,1.42655738172765,0.9409820872008066,0.723517265579222,0.30540217546102394,0.8345178303786919,1.3099406428146243,2.1210465432681422,1.617333764441354,1.301670562335185,2.856567914750718,4.57658981832487
12.232085065809018,10.631673570855641,9.177928290050552,5.667616487395906,4.374611322791368,3.0093414811035246,-0.39345619547130206,2.9847531128735922,5.078743679127248,2.148096683704386,3.4427443117923917,3.236397544469938,1.80838443046026,1.5392248535027697,-0.38437233835650103,0.5687658603950959,0.7071085855058338,1.041747544424188,1.0118699854919426,1.2083884806583929,0.4233154485458399,1.0617937738808152,0.823757836370229,1.843204101587086,1.5759688283259174,0.8679159162560329,0.7937935339064693,0.7230888300182148,1.0786288359703984,2.0822023517486907,1.3827799204281235,1.4970380137805366,1.4204236590301302,3.633058379788689
12.307127588747703,11.07296282772652,10.624548091172548,8.808203813259386,4.937910022206456,3.069765390764698,3.047765678742229,-1.6287474984122134,4.66910524639465,4.926251294906766,1.307424354063378,2.3493225407365568,2.402165057944751,1.1767758941814939,0.5798055117720994,0.2414509385053627,0.6330055288931795,0.8895161860979726,0.6895472449028061,0.7872834150598881,1.0948864351231367,1.137404927124456,0.8754660539800365,0.9290930596347822,0.8216845910331748,1.5241021470448197,2.1655393385722945,2.8401925622537183,1.7790087654302755,2.0783031499104836,2.002912117599717,1.6313786822397005,3.1802377860102804,2.2420801651238427
12.756714870228985,12.331093572821512,10.963644351802731,9.601769776351793,7.520493799873901,4.067554900810588,1.5190475339145124,7.924187607924784,4.498605930403956,2.2428652888961356,0.643674733665745,1.120047204059644,0.8111177683351845,0.22711213489043033,0.6051601728587701,1.9949924177846847,0.7662227407327799,0.7264170563820276,0.7416591849613843,0.7989288301599136,1.4589927840742438,2.65125177014676,1.7229634270230683,1.1338009006607352,-0.35057921952353255,0.07078929608050413,0.5412578878209502,1.3416764045656553,1.5431259035643201,1.32460750812076,1.6731722777761944,0.9363428815546131,1.156146972499796,3.699385335597724
12.19282772164846,12.65148121767389,11.695214453202093,9.9745718631151,8.062604296328248,4.941971113546383,1.91334137277729,14.238483785768075,4.877784374312746,1.646281804232529,2.7412488545402947,1.5953128484060208,1.008283456184042,1.4352117876600754,0.9686935316632241,1.4999012141894155,1.3208066616382037,0.5061399081986395,0.6342202042956667,0.5969560665644211,1.8601832208445792,4.7968976161634815,1.3193715392946423,0.8007613531890518,1.5404016588208334,0.7714601866372163,0.363949054912883,0.20872189119699283,0.5359018354451104,0.9029042548303434,0.9618475500006383,3.9074324911541973,2.079596522862189,3.1321050770137853
