script/wind50m.json
[{"header": {"parameterCategory": 2, "parameterNumber": 2, "lo1": 6.000198445256149, "la1": 58.999992894266676, "dx": 0.5, "dy": 0.25, "nx": 22, "ny": 24, "refTime": "2024-04-11T11:00:00.000Z"}, "data": [4.650991547550381, 6.36382832137439, 4.579399611331773, 4.852648098295146, 5.436495027699745, 6.6415167012562, 8.66357256971938, 10.901985716061587, 10.211469858673865, 8.611521557850246, 7.505717915163089, 7.473419356068039, 4.943963558979964, 7.821474768795929, 7.2073556591705445, 11.192230118453743, 10.377681169805447, 11.916521545214417, 11.775542023076497, 13.839366116356778, 13.801574185284794, 8.007994038377912, 4.800492900634641, 6.178976963085394, 4.821267264914113, 5.1496651329657785, 4.975812314763312, 7.851393644348766, 7.898190676801582, 9.193117309730168, 9.937464443605847, 7.56069328476957, 10.152761300255968, 7.95915713707886, 6.974946969858083, 8.32940883914858, 6.232019035261479, 11.67538905875106, 10.075241215184601, 10.972562436786975, 6.482057833958709, 6.948265574515155, 4.813317652056011, 12.771793287795001, 5.716672796546661, 6.009945286136578, 4.8629447811467745, 4.436316708932651, 5.315292215877889, 10.513196433549624, 9.49329896235163, 11.388516525158124, 10.898613398889626, 10.603581641389392, 9.180060468124887, 7.532613978922783, 11.719153459188638, 11.936496366693397, 6.384091393734119, 6.879675650829141, 9.009098230260143, 7.197212162510684, 7.59850729739793, 13.528696443738681, 14.447375110497806, 8.515899721680794, 5.23604250399364, 6.624255828974996, 5.453585791947828, 5.458713842656704, 9.559459651940587, 8.753409755582057, 9.526554376911598, 6.275055803461942, 10.142734680452957, 11.42431414666341, 12.274117373913457, 11.482320117807484, 8.790473735459564, 10.084051551284823, 10.139560335899194, 6.768343457635924, 11.783693348370074, 6.64862336135987, 10.808650114553576, 14.10471979683886, 11.312452366651996, 6.371193463478382, 4.159072102293519, 5.9217432586109435, 5.44751933049477, 6.078478980669664, 8.417940723068527, 9.135822753568801, 10.001399929280444, 10.259936934436846, 11.02599473330709, 11.430024319209009, 11.292438255689099, 10.996463739014047, 11.595205855989942, 8.901010694792053, 8.660165385689567, 7.12205975066276, 11.831665252531302, 6.39892680857499, 13.549063681256829, 0.9656250096526127, 8.800055352888956, 12.505061756499366, 4.7177755536255725, 5.226524937574345, 5.191428684366668, 8.32501568731576, 5.2839248759559405, 6.407131908372402, 9.716124123131344, 10.956584471976527, 11.616072689529705, 6.431082017001796, 9.43309647514239, 5.846604917275697, 5.960007562635447, 11.901765422278002, 8.51507922228005, 7.740127151629242, 6.908432542722347, 11.762857501919637, 1.9655599034620026, 8.624561054720663, 11.967104669333379, 8.3049831926757, 4.409246868216373, 6.452863757229312, 4.740756422949705, 6.946399362326745, 5.623493803827004, 10.054864201571394, 8.949433237149437, 10.254787425533209, 11.060247459122353, 10.060788199413, 10.525321286369554, 10.59535308560184, 11.186698533037791, 10.248099624674783, 8.690771331056906, 8.760659203962195, 7.630599878112521, 12.91402806419296, 7.723688951158316, 14.205227237977027, 1.3973872363681328, 7.429196993557879, 4.8552937090820425, 7.051648504202086, 4.851629388883625, 5.384180332552199, 4.837175676114593, 8.845058505558262, 9.718686496355483, 10.254987384133582, 11.65290617547288, 9.861276296050153, 9.355188386176891, 7.150446224088648, 11.699834296954567, 7.863691775218608, 9.136569697237405, 6.976328038774828, 5.946638919146482, 11.183543942900846, 15.19531123693722, 2.4493955926507995, 7.112546937782215, 4.672128840163796, 5.226527459900287, 6.355019213660776, 4.805077521544304, 5.6616217245644265, 6.979446646643297, 8.672166536970975, 9.52603411806704, 9.188828265291217, 11.159534217420552, 11.395936405878965, 10.516963521326662, 7.923196389922071, 11.598797277083817, 8.481001068627263, 11.52166597621663, 6.79064991126915, 7.133165078026061, 10.886456270341526, 13.222148392362671, 7.705039405338544, 13.933501264793115, 8.574714951737462, 5.91709738078255, 4.661229972483759, 4.576655456852879, 5.749026733689435, 8.91808988501271, 8.04753467374176, 9.159056986087334, 11.297858245353904, 11.295096249013612, 9.216116298286273, 10.68736806727924, 4.735972560105965, 6.078994125053367, 11.945862739794329, 7.648135824461938, 7.136777295814554, 5.861993015720814, 6.792287446445584, 11.938610795234858, 15.536897991041497, 3.502028637046965, 5.170633389563879, 4.5863402191674005, 5.193406760928154, 5.701342120198426, 5.239836132888269, 6.847597641154975, 9.990172339977711, 7.966378345499522, 10.531830430518557, 11.097104002166946, 11.386705342376903, 8.989279629314526, 11.487712125487615, 7.477665990222919, 9.938328061497021, 7.3428721350670205, 7.956383702044906, 9.346304037820204, 6.927031304718296, 6.898489782114644, 12.38948686385868, 14.498577635248681, 12.45439411503678, 5.015263629551614, 4.70753287554629, 5.338717995020406, 4.813135077741291, 4.783613378469619, 5.879147290652651, 9.48751849784562, 11.127033417986624, 10.98609813728684, 8.180888613430659, 11.825490542757285, 8.08568361487636, 11.723047894518384, 9.07165341573688, 7.747802476543789, 10.460496995442156, 10.503678981629594, 6.504129176214106, 8.708831281597309, 7.628848431455566, 0.6852075767889182, 9.070805255098026, 4.997442060245576, 4.4537810662846775, 6.1999957642295795, 4.7611741691586325, 6.25099476436757, 6.24591332142567, 9.938299771075416, 9.373174352075104, 9.049998492735375, 11.578427716321949, 10.698487025627937, 4.455717327692616, 7.695822105982176, 12.125027409161513, 7.259270972383477, 11.530791304652052, 8.217992506618112, 12.71070496751467, 15.148033330995329, 14.675169853068827, 6.913083905348759, 12.224252336708808, 4.746675374607173, 4.800389147129638, 5.133394411805636, 5.342663554653821, 5.360027617719263, 7.280759883987736, 8.158711991969044, 9.576363866971036, 10.532906212480611, 11.478997222229662, 8.842202255691545, 11.186814437804568, 6.2257161600277655, 12.737951853349484, 6.653309455616126, 7.00822822137322, 8.888350327359696, 12.70357326870125, 12.529973603802162, 14.039818074731087, 15.046647143755036, 8.119335696395071, 4.638587003887926, 5.205235901390196, 4.630151977922247, 8.469186420285101, 8.952491655501907, 9.184815793804722, 9.19395501965149, 10.33638191777928, 8.606633617036067, 6.756218287313229, 11.139371180267023, 7.135139791713769, 5.55162523509566, 7.9469931432000855, 6.614379434737842, 7.682892713743184, 9.286670406385737, 3.2255822207906304, 6.584470484248947, 7.221791963537334, 4.945880481999823, 6.170748296552318, 4.95874609496811, 5.433407254928535, 4.996926084215935, 5.909157279627545, 7.003455970039924, 6.010535646245564, 10.34941016294778, 8.973306746484162, 10.085985810803315, 9.891254268516509, 10.749587613830345, 8.076820768173206, 11.875221449818328, 8.58790275867053, 6.401015096728824, 11.647239777694677, 11.993196957497773, 6.919449199322759, 8.057730453835442, 15.883240641430618, 13.748454729547214, 10.401518384852467, 4.790607034183502, 5.422190314039285, 4.995039178044878, 6.085588214928197, 5.15044317892308, 6.317550602895483, 10.668867128044306, 11.481501755535273, 8.13594914622781, 8.41672754279756, 7.990014574877667, 4.984497157534636, 8.781796655982731, 9.736724988984793, 7.353665830041277, 10.954840594121265, 5.579640460280034, 6.291261903996974, 15.821976866926418, 12.757826391684546, 1.7637025053014972, 7.2959224676408825, 4.643063088708852, 5.259100214226343, 4.9219061696503, 5.6196450757053915, 4.882319574039744, 9.517486259849335, 10.002138414775022, 10.720567145940961, 11.454712721762684, 11.109224919702148, 10.665170214154632, 11.251949216814552, 7.514467396640157, 11.948042084664731, 5.806208500752504, 9.413309236742675, 11.437372912257167, 6.688697566273415, 13.04649343603775, 6.084608299034069, 13.89743140998084, 8.452614974645599, 4.922878485216584, 4.584137760507492, 6.4904605558321515, 5.683684798661879, 6.7963040669651775, 6.582923267609462, 9.364696014140774, 9.17222656268319, 9.289843502561657, 10.96123027690612, 9.832515147599239, 8.057297816259602, 8.002384859152547, 5.304226324062247, 12.823304210755383, 9.381923526044423, 7.778713133928224, 12.67994810411191, 6.85077597577899, 14.022408569890967, 11.920436791154554, 8.111738628806746, 5.695268634486733, 4.90804421389854, 5.803437890797488, 5.0009694006452445, 8.936682395908335, 6.251971675065812, 7.779770160510318, 10.399815213744505, 9.790838932948756, 7.4182369964788455, 7.948988761476776, 5.770904161365288, 5.193948607433711, 8.459619211209924, 13.040778625370878, 10.908500025755009, 6.026201037087176, 11.64979063112071, 7.728326185039325, 13.75320835525574, 5.707830231411595, 11.826011184140238, 4.524415972710899, 4.128223846195112, 6.143442005018822, 4.406807759607808, 5.809264193981407, 6.616941996213479, 9.4022366001921, 8.815931357406852, 11.756470106067637, 9.802560439231243, 10.37525573523797, 10.465935496509472, 11.34380992873143, 12.49437388111145, 8.322391664643998, 9.205850842624674, 8.272695554017696, 6.676270733473908, 13.20819047070852, 6.622442213421919, 13.488278754340731, 6.156672387962753, 6.001613468736217, 4.733742876141881, 6.009910884004416, 4.842071061337174, 5.694199309038876, 8.795057129366121, 9.954137572587552, 11.792342803003345, 11.41214173514511, 8.030674002064183, 8.54117075864509, 9.20975906210517, 8.4300103584159, 12.258875994109527, 8.410184231926378, 9.943443551595013, 11.016862091901155, 6.97938897292228, 13.146878702768024, 8.854338437214572, 11.626699770749893, 11.785056452146724, 4.53078327941748, 4.448251465928882, 4.678530278709123, 6.422927627369272, 5.807985003757177, 7.791204497212081, 10.265071938959434, 10.92111842338919, 8.599769435051009, 9.822678275657676, 7.996624986345341, 8.830646966604494, 8.57396054942265, 10.233344644291172, 8.666558470647454, 11.01664380020759, 9.403133687489756, 6.504013286986274, 6.770311916245206, 14.486372979229953, 8.119675704100157, 8.409913483953655, 5.149513428078662, 4.673418544529359, 5.293659810012336, 5.871152380886359, 8.72447267447658, 7.945829851661337, 10.614153329721898, 9.792341893424911, 10.540689909572384, 8.296650934675439, 10.870925132943345, 5.82859065530892, 7.570401201625828, 9.855592456833635, 8.504501852112558, 12.740758381641404, 8.877748466464423, 11.324368743095377, 7.891661240216246, 6.783793941197059, 12.39992820187706, 9.494845847783932]}, {"header": {"parameterCategory": 2, "parameterNumber": 3, "lo1": 6.000198445256149, "la1": 58.999992894266676, "dx": 0.5, "dy": 0.25, "nx": 22, "ny": 24, "refTime": "2024-04-11T11:00:00.000Z"}, "data": [4.1601510274704765, 5.794008525937918, 5.094271786895918, 4.828035988699814, 5.321656692860223, 5.396404611581808, 11.529153996733307, 13.039041520853798, 6.659898646962829, 5.534849184015838, 5.415725751054408, 2.959251715798289, 4.758236837178952, 2.436204664957058, 5.737699835170734, 8.269220760604146, 6.793512748770508, 4.0445006393938305, 4.1152788906892175, 3.2882746096953457, 7.294114851970764, 0.6751674110396864, 4.252464798458679, 5.108668892605554, 5.603321094839687, 4.957628830573829, 4.721964697984311, 8.36689156922609, 4.966290492940677, 4.399053825428083, 9.279165566523634, 6.550156158893805, 5.040080668437571, 5.807133904938057, 8.604034341698807, 2.928450971877083, 6.04200795437772, 8.306544922665612, 5.403133549655899, 4.858749805359483, 6.75787831540763, 7.914371044488622, 7.309531740285476, 9.776785328706714, 4.473681840700575, 5.798758577321832, 5.715680814609065, 4.44228170993929, 4.036330413780939, 11.328046813700414, 6.72223597392651, 12.977365090633462, 6.476911733637007, 6.589088154001626, 5.873938038626624, 7.0187977506375825, 4.930908670828601, 9.436499649038968, 12.4673677732472, 5.061740340765861, 3.28510219429231, 7.494436182649383, 6.145419655050618, 8.384097450289556, 8.65469846096177, 2.30583975250319, 3.8723252705099047, 5.268144639996395, 5.80026904613067, 4.344185170996872, 11.556602964475323, 10.705369162916075, 7.470907407253709, 11.01020219654246, 11.257737994128487, 12.207734039594676, 11.226123414187184, 4.330085359912416, 4.632379785290985, 6.077967824203725, 2.9916683166189193, 5.084173913098476, 5.845915272450098, 6.9997451720787645, 8.136543490283282, 3.426141401004044, 3.6023470056515126, 5.71470467463945, 4.000968934981476, 3.83249150290959, 5.845581264362766, 5.147311100202631, 9.493288027229244, 9.88779594770957, 6.336845097873271, 6.795987484040785, 6.610366342462147, 5.446351555800591, 4.782709813631149, 8.061263904288383, 8.84237738797145, 10.01520632657764, 2.2788962477040693, 5.004331928030754, 5.708490793302944, 5.050159526085796, 4.7240419142124015, 5.0515599922453704, 6.664633048233339, 9.486450625908336, 3.6447880828019534, 4.741402692659536, 5.808344803046022, 10.506677786027037, 6.890275810843716, 5.033339548351538, 7.150936858052215, 13.073306320359459, 11.200671239982753, 5.520421785548289, 9.41867962831949, 4.16768109833019, 5.10183050872305, 4.7085735725417175, 2.2323169779286, 5.180392446025977, 6.550581118055329, 3.661485417616446, 6.356281693611832, 6.986431742014404, 3.944430116101806, 9.26589668483244, 3.9307035223004547, 6.023738293102057, 5.341186384549506, 7.832618116690877, 5.398016705763915, 11.74627939182559, 11.087466559829956, 5.0199002730213, 6.718363861890883, 6.764522618752218, 11.179335797797902, 3.7398081735698043, 3.0614374010128778, 3.0546182861962765, 2.5150392238014447, 8.115595277149753, 6.445269657574708, 5.797602587614691, 7.8377324827920845, 4.915693371146331, 5.943139575434752, 1.0700198399674576, 3.6055309072232093, 5.614213853018933, 5.012544007779866, 6.115656176179753, 4.692218327237529, 10.368043261648431, 6.299284096218332, 6.757040699795745, 11.32842075732868, 5.41351517845758, 5.9047770404185265, 2.5194986850709244, 4.82409433588607, 2.990882236889371, 3.2258651668855056, 5.925520305408882, 6.281771283550479, 5.347937060354459, 6.172830054935253, 5.7918647588202345, 5.341164216326166, 0.18441856991772376, 3.847366274339322, 4.648524229503518, 5.187565426579447, 6.113348399931293, 6.6124063197324405, 9.182535930528484, 6.917820268665155, 11.688449576795266, 6.727034340471775, 12.755354085483011, 10.79243334956033, 5.167907166443822, 9.441778913573405, 3.424530086257893, 5.789162282089003, 5.093001259033909, 6.814145967722472, 5.264376131538297, 6.059277051504649, 7.473466855167106, 2.172953825411189, 1.2914111812544296, 4.581227412205046, 4.56920669142081, 4.471734146920827, 5.409694337208301, 11.61764253509688, 8.257575261843092, 11.168178354711388, 6.724715989786211, 12.789314204362734, 4.733043184888269, 5.228675211248927, 6.14335058200976, 4.986535768143302, 9.31912830191397, 5.331665087396304, 5.0375421953219695, 5.337944116455865, 6.705618727131066, 3.504743285040693, 6.614712983882051, 5.999715130246143, 0.36668536974004395, 4.161586011950691, 4.628235131411453, 4.553973365407952, 5.449744445722229, 7.226879792020088, 11.871995456286857, 4.977066078352878, 12.570964314512473, 6.719498050199443, 12.173211974133833, 5.5952574047896935, 3.7569348821001762, 7.489489132909407, 6.186619780082293, 4.980142830731003, 6.866866248057465, 7.72472529292231, 6.543882336822008, 8.490600398223973, 3.3978873446357856, 8.472573979751921, 10.248758646235839, 3.5791932755536675, 4.710820023442459, 4.082392393399554, 4.8982731741715915, 4.4094261847444125, 7.522279163998958, 6.651160686933134, 6.681178650586832, 12.831022382599153, 5.623415550023345, 10.85634921072515, 5.274742312652799, 4.559154965780691, 10.579168637140699, 6.098657946089496, 8.238745366861323, 3.837448620265573, 4.992377249902752, 7.941465797154961, 7.454725974319461, 5.705427495198487, 0.5873912343852824, 3.7644215835412527, 5.303383186298245, 4.947148627808367, 4.352885670828572, 5.3844618487112665, 5.153897541484038, 11.042179214625671, 6.959703481550189, 4.447230496743618, 12.781540662586854, 5.209507989655615, 5.876416994128592, 2.7993472703788664, 4.582759817866572, 6.219006097807926, 8.187664760799299, 2.9261430860698927, 5.504279245703193, 6.647595454063287, 5.802878647239681, 5.304717883273786, 10.547047568591534, 4.036369387948311, 4.936476565233683, 5.222639388732793, 4.314875816459254, 3.9908246614053526, 7.030986335720634, 4.731069362345533, 6.564768479352035, 11.988290168886458, 5.380087832628592, 5.537637363269938, 3.721442815770056, 4.598932515116813, 5.563881691909098, 5.638204641787465, 4.975639322205657, 3.2989865448820854, 5.45963849317793, 4.5009427186214035, 3.3968541147723004, 6.993520047281148, -0.2313963335851768, 4.062062908432221, 4.999198891809757, 4.853524518241596, 10.360963632143164, 11.9739184598519, 12.462506019235214, 6.517380590091283, 6.890044946908698, 3.924799290299018, 5.7577794490960885, 10.152363491032512, 2.4934774694104678, 5.941396530177114, 2.94647511173231, 5.663406899330289, 7.19607477646582, 2.7239480806076277, 8.039413755848555, 7.692327891126411, 7.664444124920816, 8.014165410763612, 5.6885323251924715, 3.6101279740042553, 5.903204592624127, 4.059180092968312, 6.7479342205996895, 6.803909432716715, 7.859071916083623, 9.821721516752861, 11.885301480016677, 12.070380284040894, 6.651395397620056, 7.053186496658033, 5.744107470190824, 3.8784856405207675, 3.075806526504059, 5.632648897969264, 8.299921469459298, 5.901211865346911, 7.11988377276809, 6.28101760438069, 6.941013153261191, 8.549460443353539, 6.165352652024106, 4.126997542806859, 4.454275090608379, 4.490052192740649, 6.314441829530042, 5.076815074636824, 4.765244501159128, 7.550717321105189, 6.719381111131401, 3.8210183238375297, 5.207695179402355, 5.905457057575819, 6.3409389195565025, 3.172376180642659, 4.948454949666869, 15.100749149898476, 7.262889101213768, 11.486784926736831, 9.18626420738299, 5.968743971105561, 3.3533653616733003, 5.661018000785326, 5.939560200997539, 4.01859314080165, 4.627902438673585, 4.631217685361287, 5.6347411249372135, 4.758746546467263, 11.423203360690033, 7.536643459718418, 11.296512701536768, 13.35689082562563, 12.340640115939957, 4.87264628071295, 3.7249492357713145, 2.7630442909723425, 9.367627875847807, 9.801399211603163, 2.181017181633985, 6.066329798539844, 6.9647581828463085, 4.2146880553965484, 6.973736531084619, 9.019568749345591, 2.8368860539700465, 4.035317719782398, 4.681209588252661, 4.85396047401636, 5.30031432519277, 6.388217242802203, 7.8171209198161575, 7.415945459687995, 4.355235593928435, 4.784214994774886, 5.329617425208096, 6.194990503265935, 6.136844536690915, 5.287146152371177, 6.035779255550328, 5.815142615328031, 2.3837334154605396, 6.579611587051822, 5.834135303430478, 7.481726468436236, 8.03869094012028, 3.641357349955352, 8.158831568418044, 4.351822261628415, 4.6868862206816635, 5.496465965349414, 5.03544218446385, 11.222577137004004, 5.436735059768372, 4.846485333429594, 6.97271418283952, 12.668655414976746, 6.2580880423773, 5.680771374152923, 4.798047401456775, 4.874277765142132, 11.422388071329218, 6.012442214968065, 3.2062281910573978, 5.886977299567395, 5.725212232715531, 6.087141174156542, 3.2440510380856526, 6.990187985035331, 10.768805250627057, 3.9794189201158447, 5.141803103540708, 6.024315374350891, 4.351611133232479, 6.702244240242837, 4.983254027892549, 6.619416897217228, 12.061393945710728, 6.888666470456953, 6.5953701752855745, 4.703098697683218, 3.8935500971940136, 3.9076955394507675, 4.110885429311533, 2.170115602495555, 2.340712817494532, 6.206084374137713, 6.642188809893495, 5.506209960812004, 8.401646444022095, 7.821080947441059, 5.616607327116332, 4.568431208723048, 5.671200043473519, 6.563105785792326, 3.88492981363784, 5.225470678550549, 11.676459501565976, 10.38733833843502, 7.012960369132329, 12.512286893887467, 6.979765719056324, 5.149097899446164, 2.4628737519787145, 3.3102902237507394, 5.274704538982223, 2.23818603053997, 2.553448520772084, 4.221125296980888, 6.653410479013328, 4.241428596369104, 5.601938350428555, 3.5311393147467607, 10.036018692501258, 4.089410570614146, 5.24596876584488, 5.30714688189849, 7.345848621630206, 5.77875630555458, 10.235203424265169, 7.500479255532114, 11.245266651829963, 4.123179974621987, 6.610380455796271, 6.577842318731399, 6.134551817059861, 3.279729951501034, 3.2032978007909967, 2.2496609017280353, 3.961116627051569, 3.9230728116260614, 6.129671370346673, 7.480805640526606, 3.4895728469772442, 5.207050636142964, 11.014513544948601, 4.114715794137823, 5.119084936521241, 4.613482824943851, 5.993316137808047, 10.136945981085002, 7.0568144435998255, 12.503434471480997, 4.7094282553281115, 12.020347597916453, 5.128706437775796, 12.871336034271305, 4.539527969661001, 5.558968464074751, 5.37252265526175, 2.2859917694129845, 5.307081582992467, 3.248527792304179, 3.4554224985310857, 6.4896059382813265, 7.694070391421959, -0.9536670449588678, 0.5455077221722244]}]