script/wind150m.json
{"header": {"parameterCategory": 2, "parameterNumber": 2, "lo1": 3.000054539987559, "la1": 64.9999836372058, "dx": 0.5, "dy": 0.25, "nx": 34, "ny": 52, "refTime": "2026-04-06T16:00:00.000Z"}, "data":
[rows 0 to 24 of 52, columns 0 to 33 of 34]
16.804754278610524,17.618573441727758,18.48662680339274,18.97134342032504,18.99519911826266,19.084556675380266,18.9538248220365,18.527307813131063,17.63969649422539,16.42196871179189,15.526438609368881,14.37021700690734,13.573982303311563,12.565906430225965,11.684847103717676,10.965693756728509,9.17391389920703,8.007336525854962,5.882711117730031,6.981761312204345,8.679381913837325,4.829538546850033,5.285989669199766,3.7914092253254448,3.1695720369725775,1.5122692886836093,1.2912495571859632,1.2538130287888025,2.602666801105572,3.258792804974326,2.9469926438616176,1.9571262335814203,0.04168497580836542,0.6990019879005548
16.388260891649786,16.886376747169397,17.504015356718977,18.377138882090488,18.643079958705286,18.447668457104385,18.37042285264973,18.1783366774382,17.392778665805384,16.1773104648658,15.066863688492203,13.822493041283387,12.817859341631824,12.256663704875054,11.572493613131806,10.581125222127001,9.864118300064167,6.584825008872971,7.034017659457318,9.760589397527168,4.395189376803616,5.879178254358285,4.691516168671235,7.611504016313935,3.464897371041962,2.5853571900582275,2.318512554528099,1.7287063572920207,1.8538921911646091,2.655134368143234,3.896108180679536,1.2655340366451295,1.9507058611634285,-0.2628596618342604
15.553960390642624,16.327368975457723,16.765989045958882,17.146984553273956,17.44613111367307,17.362491553635557,17.304761940135116,17.12050456660581,16.321090034325156,15.235496063730276,14.010706669481129,12.975685554831662,12.612326950406569,12.098276628500978,11.236879034396468,10.40315226355365,9.613117320151852,6.852456277535712,9.260503492290951,4.80544568636244,8.763666224045792,7.569930084070743,5.365285356592736,6.4828855131495935,5.095565318925814,2.8540468386370055,1.1118010463563734,2.7600257865014957,3.1967135370302313,2.044889672029465,2.3995167982114354,2.683097758199738,2.787433548516541,0.8235736449808587
13.862755035510853,14.606139658313706,15.339482003672286,15.691391811596354,15.60186312728683,15.594236005186866,15.457077654381939,15.542486750683983,15.08917136883031,14.251222431118745,13.357801735909268,12.49459285760856,12.181848225743924,11.422479988129457,10.874678064490807,10.37909201552546,8.73896037935122,7.721971707225579,7.821870513044036,5.715759578933447,9.20606260643497,6.889033416778518,6.672268010119992,6.613321802313837,5.692922049711997,3.3680465228232155,2.485155834612005,2.5371676514623793,2.9608669584126024,3.1293455249635236,2.184610450001394,2.409944795828974,2.408402334677097,1.4980676231784698
12.301757579868244,12.799077019057396,13.319154313407552,13.937866753073989,14.06191602076216,14.078224508595081,13.92828640466285,13.95554477356676,13.770862248912673,13.400690504047072,12.860751414923733,12.177079193956319,11.666734975946458,11.023484046243654,10.238064838628143,8.5962264303294,10.853460741358619,6.658079024013666,6.989184273072349,13.681842245876027,6.635533283311004,8.039864960338873,5.049131955245401,5.49298565209835,4.556992992670006,3.9010600791455263,2.7066912848302076,3.3131745484136212,3.568182550467046,3.818823901406013,3.3603919103629103,2.603574721595561,2.860882200730525,1.8259674751434416
11.43537293580255,11.979949972554445,12.232519090755662,12.356699766395142,12.780550268892794,13.057796307310756,12.815594030313438,12.452156097402494,12.26543089097567,12.39464388892359,12.032948317355068,11.477041085674719,10.553373858353908,10.945754647280792,8.218322794748183,7.21602170332906,5.831875920635293,9.007897611555947,9.298877630858323,9.12565770414704,7.650568978209345,7.694880518082616,5.115978133977195,6.864267692974318,5.239703748698294,3.8429576052250822,2.2612059021189457,4.389926847914181,3.8513820021313916,3.6985766715726656,3.0622626176646808,3.093873197059286,2.7835888377031464,2.3714987468748503
9.734036547046701,10.510056735546177,11.004058244409322,11.459394023570365,11.681713790019648,12.001964859751473,12.056400608625266,11.433200547722466,11.019954382211575,11.208486098503665,10.77763788167031,10.939198604413779,9.187277871653807,9.381310014599636,9.201057579521018,11.470010816207964,6.294281272545498,7.859067741972766,10.507156093934608,10.26694263537462,8.312602474324967,7.335562124350791,5.462954589475179,5.785437528954756,5.031408350980489,3.551720745710182,2.848720275873613,3.5604985275499965,4.678691264729151,4.853486899446189,4.9014252626347234,3.234779925571051,2.6659958892437263,2.841164742694293
8.73030887202276,9.502402896987244,9.784606677898832,10.232621670054215,10.80848856305453,11.035016459337282,10.734207160640509,10.377706639373464,10.009786062229448,9.45664912615338,10.63285913192309,8.030861476958057,9.793409686765159,10.822431338325718,9.601159544575369,8.548928450497296,7.710829585799416,10.020192626248342,8.507997583016257,7.607022310125836,10.176826819215533,7.2459630283271865,7.257832858566871,7.269024903769785,5.258092279176388,4.694862808388118,3.4095147531628776,3.572019000749342,4.95476297784704,5.10141346600536,5.174007839427801,3.9709793854503306,3.3949831108770603,3.523737141473192
8.272297596479467,8.363938917178386,8.65566901106354,8.576565659879243,9.13471600608234,9.206177849161719,9.019668895434764,8.783185908890172,9.365297502069673,9.530400900943885,7.946216579045643,7.607981892135377,10.149685286244818,12.887786053416896,10.663334074429972,9.292480880001026,12.895784913139353,11.331300154918871,11.449297302962334,10.586122270739224,9.27261504350807,6.608209477212598,6.454890736002776,6.680803685356052,7.778122093471009,4.752393783933508,3.509865889363291,3.7598006081764836,4.959620405972839,6.572160042148039,5.130105626741621,5.152404126491408,4.405564832915746,4.52514953327583
7.7690308424930485,7.87115360253486,7.8172302854400035,7.864298922310486,7.358336497947951,7.26135752781528,7.723852460946936,8.545805985908274,9.98522107097185,7.293521120775292,6.653288152987718,6.457248912239047,14.304904894671967,14.785153499493925,4.534687866830903,10.961397606035714,13.433431554147717,13.48568370703574,9.803571831449718,10.369838688639234,9.210483176009395,7.8434362976374175,6.099308350179672,5.451165695985728,7.786999180696925,5.717039552361415,4.279687835670397,3.8515709998766634,5.31901638220261,5.332475871509156,5.322456095590004,5.396520642985822,5.020959924366271,4.452003916464621
7.554426661600719,7.690838486226893,7.202445095709315,7.187409070798499,6.731614168634428,7.340292419546979,8.833141485634526,7.150399808494221,9.928193114483541,3.0837457302645044,12.114673947623054,10.253432787027517,8.042258683098682,12.2409062788977,16.121018843783705,9.148557913319593,9.205454485026547,9.738971618588618,10.822529309242247,8.307280559420391,8.926267154380875,7.113488883947539,8.396288570436292,6.09941552800423,6.104076930726382,5.590682771044697,5.53925285568388,3.8244671641324253,5.873377685214195,5.233859308619581,5.4595779726632845,7.893880929205562,5.134466753221904,4.486776772086771
7.435050886911562,7.517123899260273,7.132308180050659,7.626002000460026,7.789450375030571,6.237032009302189,5.156037418644234,3.4283041546459856,2.1576530318576546,11.03530951389975,13.39020639798857,15.459182964148273,12.284946651200517,16.062189050415494,11.221234972546666,8.14529087499692,7.355271315217718,10.201275337519306,9.034590910711858,11.19685746164624,7.914349589362838,7.879537400283401,6.248020560952181,5.709231240199782,5.089840043068305,6.151167025253969,4.47294547013892,4.285386119660679,5.714297663575259,6.641881211479465,7.573916140180966,7.743525661078757,5.564021752467328,4.6446908101245485
6.5271775854793,7.230025709744235,7.230264138691957,6.623030530078775,5.920379638754019,5.792654218216885,6.349756574653816,5.294875646570585,4.2114070843833336,11.032604242734902,13.352223876844787,9.296235212383129,12.803836820271167,13.537336916241609,9.870079174047612,6.458571342935796,8.676513426827107,10.118800538862304,8.453671653206579,7.583968347368894,7.408973075109049,6.98101154027467,6.682713836268335,6.823451979690939,5.921849828619984,5.998827233856553,4.683687140341804,4.689875760068287,6.220098072134349,6.274894525390654,7.901425523096693,7.110433998614037,8.068204266463432,4.079827616755206
5.3361509135770815,6.045287577833023,6.29449012426472,5.42854314752916,3.786982450488411,4.623197708907926,4.227018674328357,2.3433213343014105,2.242787468959197,11.123099751991639,11.428058377795223,10.69814499078287,6.8857659287563235,8.190699868728665,7.725970666684371,7.655949050625517,7.010326251504358,8.036191773100924,7.338440388074001,7.70232320471998,7.860855831714459,6.937187471787586,7.010264681521406,7.24047296628831,5.784873773094242,5.249503230826418,5.313987190268642,4.7369879050080455,6.374965373592319,7.187311361645195,8.104826595998592,8.378242700255589,6.83081475443605,4.631365606511576
4.341626118635885,5.087474997076747,5.403326246593002,4.935629044726796,4.046528715108549,4.162482711618254,5.277663521984167,10.470671555561003,3.0544919275630407,1.7292805206353137,8.4879115704546,14.779701642328645,8.461677711366491,8.49009831182929,7.033363867266037,8.21266708607042,4.1241136919277315,6.322181846809738,6.11542651216197,6.213014915620145,7.540014337319228,6.647167544286704,6.590896873051944,6.581125313690104,6.085888816918856,5.788489700201141,5.1326552219505395,5.397219948725891,5.634472357890032,6.982567266832686,8.08556875061011,8.172199787136043,5.684206470490114,5.063303475772536
3.836132590345498,4.0197624528746045,4.164840057585124,4.163300104859505,3.8050940151293995,4.196144924124583,7.413459006437063,5.65518065215308,5.172737327377277,10.724187415902989,12.691669315388065,14.052760666860532,11.058760462064894,7.414817957054135,7.75002233215983,6.554692397009435,9.118439695156495,6.49712524612232,5.611173072584542,5.735551092530787,7.708242003789993,7.980386462510161,6.583192500689114,5.70821630183115,5.080954207213085,5.132079177967007,5.707776749373295,5.58384953705293,5.55401437493283,8.211310913549648,7.497505834222435,8.410049400536495,5.100635791055044,6.311754716042882
3.235513493905007,3.403641362145489,3.337900130745439,3.0255572285363135,2.771604879328052,5.6096773200694985,7.873781076927121,8.638181405393073,4.618904474478006,9.497936907540558,12.923651206065863,12.22885618444882,6.979602771751236,7.415123335183948,6.07853137638757,6.996921078448584,5.914903847413361,5.839437047024904,4.195348578728528,4.529163995104248,7.975783837888754,9.157085406422759,6.354666181839756,6.704913539745613,5.742389813804973,5.081587573071722,6.112910271411128,5.819848759601423,5.526602093081488,7.26587862506974,7.953607776558328,8.940589490276105,6.0904646921717225,7.16511257118759
2.147584833389447,2.001506541750352,2.2357494989190903,1.971005135300721,2.5997174413190947,5.21601703116364,5.1016190930229754,4.119326569818179,7.244385456488944,12.95632611290683,12.036527016901335,11.06938366574997,6.08563535155014,7.2714634556929605,8.626499495118267,7.235004613572922,5.497487714566951,5.446087906994093,5.620130194722115,6.900182980154215,6.68066810410299,6.401015352537774,6.414108201850849,7.211683279372512,6.611136415790695,5.531078471416865,6.819893575315155,5.078740852352553,4.875624583021816,7.745002171355773,8.012888658780037,7.833796424478975,6.072894287142583,7.867813113031884
1.45113108695031,0.8744398342631564,1.0250891777772848,2.0017961962045514,2.679450057352224,2.0222939554946824,4.817490875563444,3.855421374295511,9.852515291192436,14.924914412898302,11.337179841853839,8.447023916895523,9.76611789975562,7.3584917760085204,6.255459748242449,3.342908224160658,5.915173092469163,4.91228873315991,2.3457934387321355,5.358330797525603,5.616976656560574,6.834282494841426,6.675184300234918,7.700517981595307,6.423709192489681,6.197917778646279,6.836275927717155,5.452168586029562,4.658701091472049,5.16276505794122,5.630033943213017,6.7978821575754464,6.590535963123857,7.8907453482794985
1.6770746156010155,0.7369136553486282,1.392743578444897,1.7779041481148743,2.802129414016216,3.0202155901382195,4.784134242815629,10.190535786096623,10.270488075382943,9.297507485076146,9.995601102066539,13.611581846064261,6.6173437796128445,10.960392168753131,5.613146011854223,7.167612733899711,5.4915228264013995,4.745472018843586,6.298018211804677,5.569351075194776,4.568171297257742,6.407764050190755,6.7175123036935,6.748581648981052,6.55705406090918,6.594201380256144,6.607720129027572,5.547463784980124,4.737624234482961,5.172661886994168,5.204090793330018,5.43237259251203,7.0703558463,7.8783926009076435
2.0552746081995017,2.286563820452017,1.0652008035412164,3.048349187703531,2.641195045305529,3.5262694030833286,2.7229945494011627,5.5348271650605065,9.465460441757381,6.570515956246979,8.434663443345713,13.530879151166374,10.736751271572135,7.199812110201985,6.50186060152597,7.510970326984693,6.926127724861788,5.3719228885968535,6.190896717659001,6.60183780284167,7.2817080944482475,6.107351396978576,7.357654935165194,7.305195317787066,6.2294615844919665,6.883141959738915,7.066586615065317,5.74569247078637,4.861807972055751,5.539030008461846,4.526002327025242,6.685761989003869,7.998198384949562,10.07574490204573
3.421194825638105,2.925408314120107,3.7839635103110374,6.178307239242277,6.275086212366053,5.337746737714028,5.292586105378731,6.262725627478098,8.91439335959001,6.659845083061692,7.3905535822223305,9.052678557051244,3.991909185857692,9.340078655749235,9.479390977359078,6.246472124698652,7.978071953653644,7.234433265158664,5.883723094261223,5.739935547240392,6.76690743049465,6.934864403143733,7.493548546041514,6.937717201014648,7.159299318468811,6.9221291262346165,6.8392825485576125,6.2575142561433115,5.51600554086772,5.428465582755952,4.792324884580788,5.5434555957633345,7.211174171720338,11.659787155750218
3.4483220497063702,3.570883287963197,3.0499625249304336,5.0058713796059635,6.407534921420076,5.343218685780843,4.97084994068625,7.700823584899734,9.058481717347103,8.768364919663671,6.06152649608882,9.204352069739022,7.65202138027833,8.11989912656505,8.499640046954177,8.421830800931525,7.060766069559261,7.761249717325631,7.1665973869348,6.872825177155557,7.838489140926432,7.509385176288153,7.105627760269192,6.9022820623711825,7.58836629260285,7.1948187626361415,7.272866441907212,7.210667670387871,5.747852981701295,5.862628054201019,6.370195031414209,6.072130832530617,8.72714884319947,10.68483458336329
4.642152292757139,4.975903335546905,5.355929303550613,4.948954197126779,5.306881145529284,5.750716843487038,5.534486631046181,8.339141805270602,9.21772997855985,4.715465179937267,7.938143865562556,5.622469323537317,7.607781779406687,8.078821338130293,7.467518011791617,8.449271458088354,8.866426417445494,6.32477284007154,6.766030253163577,8.135614342988488,7.0606375045049985,9.831705359263324,7.667268342244114,7.416136429086327,7.272239357133192,9.233837365211347,8.05877462561877,7.287314973050529,5.815710637708433,7.01081745642557,6.629304732964646,5.770904376232844,7.251151207880495,9.77031476180994
3.778122172139626,4.592652681457314,4.816868859963091,4.614440167033025,5.0482794485913125,6.075161091436198,6.540009401378966,9.944718031062525,9.514427386201897,9.936772310558917,10.238430438473298,6.559081428199781,6.679337867422344,6.965973282635383,7.944768776635567,9.83005928610199,10.432093406152436,7.702744885950166,7.620665703316776,7.696425584861877,8.896650792242971,10.100728191871301,9.848177456604873,8.014245872011267,7.41589477898939,8.381804565507265,8.230825122114188,7.98671856977399,6.5574219917305285,6.754411387855573,6.501706745534139,5.28475030093971,6.640167938255655,8.81895606041715
