script/wind250m.json
[{"header": {"parameterCategory": 2, "parameterNumber": 2, "lo1": 6.000198445256149, "la1": 58.999992894266676, "dx": 0.5, "dy": 0.25, "nx": 22, "ny": 24, "refTime": "2024-03-28T19:00:00.000Z"}, "data": [7.777723459243523, 6.196943608531666, 9.97781152159373, 14.50934551444445, 12.710877944821506, 4.621115747535837, 8.030977640703414, 5.556561035586076, 13.9663604137837, 7.040180936403123, 10.243233924611209, 6.128651382429194, 5.150679508580297, -5.832976071932248, -6.359369544840041, 10.755043321423646, 13.58977613783324, 10.296385828552213, 12.605696127742872, 4.667096786194277, 11.937564304228305, -12.178752163411122, -9.284335564689497, 5.590432704811806, 8.849909120220815, -11.10551834054311, 9.195072630399128, 7.26524575815693, 6.668898662959074, 7.459461305013721, 12.559944652631435, 4.168938561538318, 7.500618171275565, 8.470635335884216, 10.953810810545136, 9.11154717026625, -4.441581157071452, 9.438951188470442, 9.848568216975497, 10.305848555541843, 8.642521615385604, 13.522362713704064, 12.471175051029673, 0.4516152101050381, 11.581012655479071, 5.178369782201199, 6.4512342464579975, 12.80379061882221, 6.875038688409609, -5.250647431697103, -9.203700449346998, -9.470228978257541, 9.78064678133061, 12.045180536696035, 6.8112559507703265, 8.310980948167924, 5.637174499138864, 12.861921164822924, 9.525724252828288, -1.841684876041068, 5.925908411149013, 13.267105111946169, 10.335492985946038, 6.775144813791633, 5.882964758715856, 10.020993707337665, 10.196753053240753, 10.263268363517037, 11.807592774304284, 7.79010161556353, 9.549467131553435, 8.582503827571491, 10.25214850477238, 10.901033236892793, 10.833327323130641, 12.612742022901399, 12.382928722430737, 8.120768710068406, -9.26182065049528, 4.950806165250003, 6.9737682975710475, 11.446260135852675, 6.446231773693592, 12.060810371893282, 5.602444478039353, 14.31125799652079, 10.860570096746615, 5.855533150331111, 12.18950669316129, 8.400394630702577, -10.332080073959292, 13.668521141198077, -0.044031837612268136, 7.2433713939906985, 12.525910872511986, 5.184531497385192, 5.644812375964219, 9.70873408115389, 7.80911158692534, 6.680531712739598, 4.939911833714115, -8.818754208148258, -3.9451923740499133, 10.163455789642875, 10.672175301479504, 8.554402152081702, 10.321338200382575, 13.194586671309327, 5.166101861777511, 9.72377244969118, 9.027561437906911, 7.2326349515654185, -9.014141865870247, 8.152725413093629, 9.529845615451922, 8.610357625204294, 9.26907027246447, 4.821005016249017, 7.552210004896618, 13.271341057017278, 13.382195442740342, 7.436250954141773, 4.436853435344803, -11.055372206190022, 3.6188646755018494, -13.308872431630288, -11.179342060756735, 12.014305455344545, 10.788991000271587, 0.796195630193027, 10.21971028297019, -5.572389548270196, 8.842520342258561, 11.810410795344398, 14.094174786768004, 6.78599337797082, 8.575133086517608, 2.389949281505304, 6.73799033620429, 6.526602258588678, 9.537213908155321, 3.4475267478181406, 5.803277386624665, 11.242624108995232, 9.687340178866297, 15.13972933161219, 10.40987314230858, 9.705335410111621, 3.2930644977651875, 8.307525582474675, 15.556139470885606, 11.361783284991498, 11.148839484915435, 4.947420422125719, 15.516873229602883, -11.334122888088059, 11.905575130374636, 14.862428170933377, 14.293732969473318, 12.379271756507697, -5.609009186009671, 7.45862201754517, 13.796588218388976, 12.582425614758035, 10.214644632230186, 7.469830670740167, 12.505736835818634, 7.02234110413357, 7.521830055632896, 8.538008684815368, 12.504846243814823, 12.233169892659875, -9.596541565944333, 8.832620349199823, 8.27631547795425, 5.859073957621145, 11.503658979979944, 13.250919974948804, 9.37501454366756, 11.850159109384911, 1.2388547753408696, 9.510138524994854, 7.401916420922126, 4.816180316979305, 8.268901923542398, 7.32121524672876, 7.407038995788706, 8.71290667232203, 6.701553360379394, 10.367311862241337, 14.83126499575853, 14.044342213865123, 11.931581032760139, 12.959378752809, 9.975825002282585, 8.984634183711727, 10.482708724455176, 11.797964819070923, 5.931965611216084, 9.063498077630737, -6.510153493798658, 16.44201957271922, 7.73874959449145, 11.847542551447173, 6.520912118836502, -8.885785824151975, -3.6059422804670827, -8.895852410696122, 6.417801674521304, 9.472740798235755, 15.113409495746296, 8.527312064610383, 9.7387468203491, 9.552833113756941, 12.890431804079862, 10.566825164941099, -3.4279273970498343, 2.550520638708838, 14.987986942293412, 9.166360839531269, -2.3231454977837975, 6.369780702311031, 5.53883277642828, 9.426756505821636, -10.817475451953506, 11.791330567551308, -7.091757021201248, 11.047286300617138, 8.611552170226263, -4.3963299518053685, 9.782107640186972, 3.967076979229827, 10.646297885872626, 9.359722058219067, 10.187576148732953, 5.73442150586786, 7.160182190451887, -1.2339286208667175, 8.391559733779873, 12.863746712445352, 4.807936383813709, 9.479336904248838, 8.446364930444396, 10.422493062483772, 11.97784196683192, 12.706122690500587, -6.16151161199132, 10.648750792437799, 11.388648730854296, -3.8084311832882993, 10.771192933143547, 8.628140134082416, 9.514433900703619, -10.668925943096074, 4.545785991831889, 8.061858439981407, 7.262617797074656, -8.8440620858319, 15.04150125914138, -4.836197733870806, 8.222195593966221, 8.100135870463381, 8.720927367788851, 8.805877088012712, -4.042140831348141, 0.8190423867490505, 10.289843520808592, 8.38926956371606, 0.4172778189819971, 13.891009707550115, 10.086631403378727, 6.492955351573026, 12.432616366800683, 12.890219606175346, -11.826470616567471, 12.120943485406949, 7.940532591143141, 12.240826613762668, 10.32020296120528, 8.479711371210014, 4.71448149185797, 11.627728348679986, 13.517951165391665, 7.12000444292526, -3.180693358982743, 12.33087613796598, 15.199506717556728, 8.830785660645493, 8.748743569588987, 7.408375159024188, 8.389039318398234, 7.436413650438201, 8.09081425572307, 13.609081317052437, 12.02968765016989, 9.012107999965007, -5.833144984663306, -4.082559542724246, 6.7229549915353335, 12.362190257553015, 9.225376905146017, -3.0153509951780286, 7.287001792785631, 2.2101897440806026, 7.26764187201076, 12.136394904406778, 10.677864850690142, -9.184551272809069, -2.6448940717606244, -10.749409528440692, 10.759027576760165, -8.293958035206737, 2.5842457708378976, 9.742192999641558, 7.7673581204810995, 10.89535818094931, 14.16507952282469, -12.388059394099598, 12.122529063547004, 8.907688064270564, 5.285159297982972, 7.452607875952156, 2.563313667084409, -8.354788605507924, 11.32164714171772, -7.320801969884372, -0.5705426851819259, 5.095046596266618, 9.290899205798418, -11.653464474126798, 11.946756405975222, 10.227156734404275, 12.189435100228966, 9.922922521318027, 9.47643177700598, -1.9463914519230752, -14.778409432521611, 12.685092024805531, 3.4350468281812603, 7.646151360881599, 9.727523242115637, 8.357421688303106, 11.369191680035096, 5.795050342401217, 8.935209226725297, -13.16134997958832, 8.921793812136979, 8.849995237465768, -0.06043639967591867, 7.749274870985102, 7.693989836249547, -6.0575618827517985, 14.502528878153411, 10.518294567344636, 6.21417433537045, 5.64754556020479, -11.962127733303115, 12.133270041568386, 9.364798010177482, 12.13588815985548, 11.600808794255462, -11.218770716835696, 3.8844897673114764, 10.355918026440623, 9.810872184014762, -13.185167875606032, -9.04681415655069, -7.522355582893135, -12.855888972137093, 3.8434473198750734, 9.008678514271873, 7.860799384549468, -3.7959050607754925, 8.954787918563689, 13.190108079083428, 13.164812312903003, 8.60531365856701, 9.021091256307566, 8.518346679916249, -8.368396204440632, 9.95094915248872, 9.591096714321937, 9.76868411352123, 12.93887069889348, 11.754637270321915, 2.7967444249774145, 8.533103539404665, -5.95348001457849, 9.644744300847876, 11.746265719499583, 11.869629052836386, 8.328745300019662, -12.866156374535167, 7.909210967993376, 10.077376161772376, 9.162668657463634, -1.2999939344421174, 11.184676736921727, -11.20185703419736, 9.55130390094347, 10.44798800083288, 13.160929441090651, 5.0718536887557875, 4.152646094697075, 12.579220526750351, 10.252920317638242, 5.765545074828219, 11.317491438054128, -2.6003685224255926, 11.803968950991896, 10.988468854619464, 8.805078211217038, 8.644326077813426, 4.066030896030478, 13.379424798972007, 3.057620392190359, 14.438672163893541, 9.001842151476504, 6.858807134482627, 7.343921814298485, 9.939217884631645, 12.112672112513254, 7.746834354371617, 13.378306227784801, 4.551067483087606, 12.49707755706148, -12.711875904299106, -11.090043585624455, 15.27301999918971, 13.591987352131282, 11.576132258580834, 9.256895964777257, -9.583827979941825, 10.260133702557889, 12.63463966448411, 10.336515853218192, 0.025485798331949715, 12.302299529278919, 10.92146526958752, 12.881127407701703, 8.970323853622276, 12.41366536568211, 9.23090010181856, -10.303428063878387, -5.390373706783541, 12.034838464869168, 9.968880493796096, 11.499588971560481, 5.415931404401295, 7.237987690799906, 13.711358771554897, -5.342321239638614, 6.004768578108725, 5.239905420465017, 4.179233669923138, 9.171197389950546, 10.092273861283147, -9.386279223030577, 5.934875258737601, 13.384927935613412, -9.408487349228313, 5.2336249143206635, 11.27209211610629, -1.2685738863293539, 12.954372212003447, -12.664151668314794, -4.309256930292103, 12.760096033600838, 5.646551267725043, 13.516399060379527, 6.879045974198942, 11.097358327742024, 6.956507040799121, 8.479287328497605, -8.363360137424209, 15.490000956906853, 10.424694527131214, 8.153220086773452, 8.359494540482286, 11.494784410460081, 12.493806004688471, 14.11909556756064, 9.987198572207388, -9.415159031115987, 9.34789662114719, 10.585733268001718, 12.91180697230724, -0.2964051148767092, 14.486013148827336, 12.471829296434628, -8.720670235243666, -3.681704132681603, -0.4324008303998182, 10.709623079523023, -7.679002669458629, 11.884777752680963, 9.499184468132228, -5.124924879635573, 7.486260923299742, 12.150713235394196, 10.454240388297674, 12.445501332061703, 3.953271587492575, 13.656888691116109, 7.018580046229512, 10.12155686639639, 9.900891544575176, 10.814559810488156, -12.519819735565441, 6.385333931084352, 7.2315104400742305, 8.110611278053135, 8.719581996443441, 4.790092212550943, 11.683147954374684, -6.159275955463525, -1.0880494410173032, -4.720632147755427, 6.0532488061046905, 5.641001188543571, 13.830656015373641, 9.191390368888445, 13.891917760595458, 9.21955552996062, 10.410453444995401, -7.452719938635347, 5.9768679852478686, 8.361635130345718]}, {"header": {"parameterCategory": 2, "parameterNumber": 3, "lo1": 6.000198445256149, "la1": 58.999992894266676, "dx": 0.5, "dy": 0.25, "nx": 22, "ny": 24, "refTime": "2024-03-28T19:00:00.000Z"}, "data": [3.459904582428669, 9.495165255709013, 6.668248697598522, 5.953070639685422, 7.684507970080423, 12.79581887357794, 4.207393366812558, 7.1026701969817605, 11.237121677262532, 7.790588752933849, 6.421472855690693, 5.231622649525054, 11.123855010084519, 10.212985930322771, -3.648078445948319, 4.7107562080271475, 3.5870556463920167, 7.380800124091695, 4.658157004270407, 6.86816228064936, 7.9632154884602695, 2.5906649768439234, -3.5951690549480806, 10.91715738003584, 7.196048723057338, 0.356380721907255, 10.475068409324285, 8.117057979936037, 7.087314028813464, 7.533661138668007, 8.264242583183606, 8.823546681678833, 4.530308059664823, 10.29166906208791, 7.522144850272436, 7.018202886324329, 9.544727132764482, 8.673943162665383, 8.05465412743815, 6.798293002505869, 6.901121605893222, 2.886230716808146, 8.817699046305844, 8.834026079003076, 10.35181333871707, 11.547350964471514, 8.32231476583506, 4.454656141112626, 3.093099963797292, 9.26586479386642, 5.866716558819371, -1.2802142841701676, 6.909682760052618, 8.54017637192133, 10.114526605244228, 7.494157742753934, 7.588793674793185, 9.37803371999775, 5.754784585419792, 8.411244462914677, 11.271426711856448, 8.41854022960937, 6.8288351738969375, 7.670717459140748, 8.898375070053644, 4.005213619475715, 6.568350385260073, 5.956905949803299, 11.686154757535544, 6.822092249822851, 9.301354649976709, 5.447288260147292, 7.635946341224308, 4.1689437231185105, 6.048007883129285, 8.907905633536519, 6.44756641952031, 6.3975556634599675, 4.773519896451618, 7.04814902442235, 9.957887852753878, 9.932361877700853, 8.891823046792558, 9.765216217000974, 11.052547126115487, 3.1267755181463808, 7.564558381592702, 7.815553099657388, 4.006822206586453, 7.573303693368167, 6.244389908387922, 4.72026997117174, 10.01550647158346, 8.091099006758586, 9.504812310677726, 6.873580112899019, 2.4773069469703595, 7.615776448001303, 7.231772080893554, 5.110824039868193, 10.360079711807536, 4.106743543735819, 8.753901271829676, 7.638583736107104, 10.949546914008353, 6.285746880275004, 11.190734670505703, 4.631680436941306, 12.74306229337365, 6.777606446193091, 5.703316921488415, 8.051211981843984, 4.719054066021422, 7.451208146248859, 8.263614261248422, 6.953371247884739, 7.7072058001909305, 9.499757734369995, 9.130251104549572, 7.519767011437322, 4.0011085176835, 7.935743182871137, 7.0901096732497075, -3.8721491879811074, 9.851635458243697, 5.530290087305878, 6.292838087426198, 7.304213994468509, 8.008863157153131, 7.3740983730372465, 6.205280103955044, 8.361766758430955, 7.420518202109674, 8.001098899810119, 10.521788277493107, 5.445105663583777, 3.955174494164522, 7.5648545113563035, 7.885910871276094, 10.676406330397594, 9.390858276203144, 9.37646402419788, 7.5902052400444076, 12.187537845582378, 7.0935216026334516, 6.633280902169388, 8.167263668784223, 7.45912265694923, 8.632346392996979, 7.651938501500237, 4.600567290646731, 8.012284898677715, 3.6142931443639226, 9.141234055228473, 5.8956750374240565, 4.430512958861459, 8.855725491470071, 3.2870108876425275, 5.715659374492342, 8.077602205841089, 10.009304055891002, 7.939844265817906, 8.136979596117754, 8.311497287564812, 7.437845104875598, 10.970298048608027, 6.907261258806306, 5.497025311492014, 10.221997158706541, 6.769169363407485, 3.9194217138897236, 5.433043777390474, 2.9832566872424082, 8.650597543500467, 8.905563322729721, 11.258507824807078, 6.063248853350151, 7.834131881629812, 4.352519946841742, 4.106938500153714, 8.843253468408964, 4.988742066199777, 11.360308813257742, 5.203602375711146, 9.957500964912025, 10.07656471944481, 7.929637060797453, 8.742402184387801, 8.621276415566273, 7.759349980282556, 6.812180670189168, 10.833592065577022, 8.292182071163841, 7.078547162269877, 7.653365401226069, 8.431705051050066, 6.496161438559571, 8.527090806832344, 8.818123833329999, 4.31117833629049, -3.571117612808516, 9.799219225394053, 9.33216296786707, 5.8012054181932795, 6.124375313579949, -3.9855433122205164, 10.3072510294679, 7.048016207612317, 7.011350166049256, 9.30582056913727, 5.8626165575970495, 7.50712360600419, 7.259397812268153, 5.652607163451391, 8.529940757151092, 12.679856728775988, 10.393770225389465, 9.486294045886169, 5.491533094638186, 10.110882936071746, 2.7418549715310365, 5.884569340768991, 5.074973869976021, 8.758206620081317, 2.825191820077613, 3.3856792678085625, 9.165064297265548, 11.611970480024873, 6.662550980990373, 9.159416482785307, 6.607984116890235, 9.877772665364555, 7.665440658395098, 7.936356031703244, 6.7463073500476165, 7.440093819294495, 6.351090250882107, 9.494535732280811, 7.228079735242999, 11.116344839337302, 7.85922320244009, 11.167386924664553, 4.441244386824282, 7.096049988210707, 5.1872932575167905, 3.8274952554509096, 9.31092214102022, 6.9167804258355385, 13.231557016460297, 10.070991892184866, 9.060372233864658, 5.590668281603157, 8.680605665010846, 6.0498229441871425, 9.017438223458294, 6.884288005163836, 7.620280382095112, 8.33648687015314, 9.586993303619629, 0.8361379339175922, 9.612888484262323, 9.747361136591927, 7.471568826196144, 8.218248417942936, 8.500636809490002, 10.050267205205131, 8.20457200116608, 7.673418369362633, 9.593094230542713, 6.8873955860247325, 6.902085289376113, 10.916599356527824, 7.148332369978573, 12.350932934241333, -1.198830171891328, 7.241526237988225, 9.158328964945598, 6.0780814694695176, 7.834041687975121, 6.387909426238037, 5.6746031468196705, 8.553160691573298, 8.251668683234762, 9.705937337441119, 11.483628050394675, 4.115650321911612, 6.020212175006565, 7.5733332777577616, 8.375834044909022, 6.512884918964346, 3.7050884004823756, 9.516430491606716, 7.651877298313673, 11.682442111417846, 6.98608015703067, 9.06633658668141, 8.942503490322697, 8.917042602955306, 6.975600691278551, 12.045323783789712, 6.067164192297827, 8.772191323121053, 8.41841300807787, 9.848205906948401, 10.190201911192483, 7.295113424380675, 5.837212005709906, 7.268144770894662, 9.527632222691393, 2.863786750339939, 8.860714449400177, -3.4302741457336974, 9.42352057560385, 6.387655429082165, 5.45621791314221, 8.444465472812833, 5.768347760605579, 3.952957879208625, 3.394161212958244, 6.835878583220808, 10.79751150498342, 10.4036061356954, 9.868897106638864, 9.10058008462489, 5.609595090244356, 4.660587010521885, 10.410176702088902, 8.183785211211205, 6.7629641787177315, 1.9633869342527202, 7.14844165877048, 7.860005304683869, 9.254671816567502, 7.047236325116996, 8.050050511637103, 9.241035227993255, -0.1882997129672882, 4.302876572940076, 8.613140730481541, 8.650411265976475, 7.0887045423485935, 7.260595076703477, 8.089851127931217, 11.778266117756655, 7.64190818338927, -2.220679168130075, 11.130875680638178, 3.6615871657211287, 9.951061975567436, 3.2663415171655856, 9.506254085633962, 10.795045934990407, 10.49811379723301, 5.6602324217470565, 8.317110650422103, 10.14179513824922, 1.5335319061301866, 13.35110569234644, 13.265825544374081, 7.381030987679825, 4.889001489721359, 4.159839101461332, 1.2338320098055555, 8.853248643349977, 2.713887599411346, 2.429345074898787, 8.512804272494702, 1.0069107993832866, -1.6456123775187275, 7.865007511781766, 7.798298439160332, 8.394247016967407, 2.4470907307508116, 7.9793469245143624, 5.142240180391039, 6.981759743400591, 8.345175505305152, 5.829151671992597, 6.725357195541995, 5.3547248523300395, 5.4215046328797785, 6.523387973228315, 6.760266802951017, 11.102726363633252, 6.40234542841384, 8.518930285439412, 11.033309803312921, -0.7947296469801182, 6.135913863739949, 5.4109047820435245, 2.8042581291789275, 4.567287375628842, -1.6956460783448715, 8.111390761509789, 6.419851799699796, 6.059844881665345, 9.222814537368599, 7.103435575078508, -5.055431239880206, 6.153315971424948, 10.558242064616142, 8.348046513428663, 5.501792603287813, 9.22190267654314, 8.698400824443311, 5.07988198647216, 12.472980002944643, 6.909089157297268, 8.353649704678666, 7.622573327420449, 4.91358560598496, 4.754526831651387, 7.738114697621099, 9.687779831870984, 7.473847179849529, 9.628755406874673, 10.433195652221947, 7.2066120525771575, 9.507194144864712, 10.466489611439394, 3.9758940632605086, 6.812039671234032, 8.786807028732037, 7.295116591138162, 9.117799142806163, 8.524807739046784, -0.33481363623901894, 5.855453422264618, 7.5458318109516656, 11.332336885713174, 8.979568157184085, 4.222131998388357, -0.617175189560212, 6.429803233726001, 4.2396015809958465, 6.649072701741456, 9.19111909521116, 3.2897033423391635, 11.36847191623464, 12.977977448854732, 6.0586129907585065, 3.9265452645089725, 9.998082926047005, 4.684476347918298, 9.166639286755657, 7.902731089328538, 7.921703022580682, 8.615032138514685, 11.081782921572822, 9.507624598218847, 5.521653503445318, 6.8957076748178245, 9.762616989542712, 7.741461571782611, 7.487892303503625, 7.47874903804417, 7.989949007809212, 8.241272460025172, 11.505167687085859, 5.409255249101705, 7.610440581706002, 10.12047880090248, 8.665987154406007, 11.921973235052644, 7.87154112693285, 2.501313347161716, 2.8272269368132252, 3.6188058587205387, 9.913756211424504, 7.589917632252865, 6.017556653746569, 5.85066340950374, 4.357303270845425, 9.175975940332592, -2.20168497312113, 7.1526849323487784, 6.035113236283139, 8.322947931802243, 8.552128954427403, 6.36191962821089, 10.818158078546535, 3.658539837574596, 6.843700296662127, 5.995384611071978, 3.640172559761154, 7.644425475020766, 4.093956640134709, 9.457358382399137, 3.8190504615164986, 8.582348951020402, -4.83015326927639, 5.932669712695512, 9.195493279612837, 7.380075544295671, 9.458882859493391, 4.69334157802516, 7.469622198819882, 9.945920712426283, 9.604338665865603, 7.398593202821527, 5.537654969887854, 6.024541325841874, 13.445662209274191, 10.125363229944755, 5.66795196009928, 7.906664288427611, 10.92205375846096, 10.85310725610088, 0.8980029778140768, 8.125448336259335, 13.466544729301997, 9.311274274152327, 7.499127557178324, 14.127250989582013, 4.735127853577218, 9.378766885812462, 8.576007359267155, 8.353238802505269, 7.065785792596617, 7.62681936794837, 5.975507490339847, 7.8450662486728735, 5.015702273414768, 7.437699230567691, 7.640595119723619, 6.606245448949954, 9.660634124315795, 7.646639900076246]}]