script/wind10m.json
{"header": {"parameterCategory": 2, "parameterNumber": 2, "lo1": 3.000054539987559, "la1": 64.9999836372058, "dx": 0.5, "dy": 0.25, "nx": 34, "ny": 52, "refTime": "2025-04-08T09:00:00.000Z"}, "data":
[rows 0 to 23 of 52, columns 0 to 33 of 34]
8.263149034057912,7.924211812706903,8.043862957821691,8.609880629112487,8.17958045652894,7.613465465511404,8.08925432404713,7.919046864653568,6.661178023301124,6.72854189319613,6.164148561048744,6.063876537556053,6.04646223047974,6.466359782358508,5.96828633355213,5.012615125708767,4.622578619651744,2.448128651190885,1.8766474132327198,0.4142319312435384,2.555266278301131,2.170140970201477,2.7790695257684987,4.496839764732837,5.024537739526898,2.7386556993709443,1.5582483378778353,2.153730877958348,2.1944377033208387,2.323060816933128,2.609798827343172,1.7396294568848523,1.6553511296922518,2.081083895540316
8.121158163162656,8.297458979938797,6.701224937849291,8.100808719527302,7.062908088603415,7.352318198349047,7.4012268309729805,6.718005852047062,6.665945563160581,5.638032020084939,6.060228387961939,5.395345294694397,5.507404552685221,6.184487009011343,5.861796326168413,4.150159887048831,4.019890895370658,2.4516441355139698,2.5194903593674454,5.857387328375273,1.1649918923874012,3.540945639085362,1.39664795981012,5.553076847756601,2.407081921092172,3.150350563343804,0.7991447295802785,0.974744441740553,1.4295156721339113,2.4254929778319174,1.481574665355398,2.1248157219211006,1.6711381394470919,2.123056798950958
7.805385957143498,7.234559183583068,7.066614343731927,7.357285703240125,6.3677013553241055,6.462360328450313,6.486403814115072,5.7154551618420895,4.91535454241237,4.50402413573172,5.5561489048710255,5.064128775294988,5.904604009557099,5.444515749564559,4.999911732396421,4.874916476482897,3.444023159793175,1.0285267948006787,1.171065556313659,0.3819029880110275,3.842105948822859,2.7059484490060832,3.049243508264203,3.5840457442712887,2.8004116709338343,0.06693858440403722,0.9318413429403655,0.35843090568313435,1.4528333127937767,1.9363901138118573,1.7335020952548281,1.3106239043266343,1.6818429111868887,1.7137364771053394
6.297960832044427,6.943470467195477,6.267818098890542,5.956008645452709,5.458384648604257,5.419906431858444,5.458025615768897,5.350720976756427,5.523557639092295,4.702696909424263,5.136102232790687,5.496922181902225,4.568647792829075,3.6246426738314996,4.118958990079095,2.7999545941692277,-0.10388788019108103,1.3522742875057931,1.7256517697129765,1.195304000316802,1.7234591814054976,3.9252127576260274,3.943070085147557,1.9850357926127087,1.7083114486523874,1.7842777206445606,2.039483227258943,1.4519329006882769,1.1245619511621525,1.3569198770494109,1.755268624799406,1.7403699881717838,1.6171284978089089,1.453614956122351
5.649926006544565,5.2192133054901335,5.643643204959401,4.533493800505123,5.601556445267561,4.85215000542224,5.058227588189177,4.447423953899155,4.415662314754149,4.576965416300374,5.03690182880688,3.7941201102651907,3.9399344309845032,3.4781000167765277,1.6107505761831573,1.8795829227121394,1.1902763341784777,1.5006273632696563,2.0618338900996425,5.901784061530973,1.7004435299340168,5.873027347463634,-0.5154826686796791,2.669659391669506,0.921686347377744,1.3022365885645228,1.2677134453976482,1.0478666597923347,1.5721220950145651,1.238238031724811,1.5309342864639612,1.8029467634146865,1.618140212922453,1.1840290986231963
5.551892854758077,6.153098046314992,5.289451197429148,6.329959765088443,5.247101575462562,4.381726498577035,5.265387858788434,5.511859030228588,3.9287057201716595,4.475535081521381,4.312266333862984,3.8127189888095683,3.589625743439553,4.409719189994478,1.595323497570913,1.6597488167347614,0.297834057701047,1.0085115122349886,2.4233678554751044,0.19304735051451713,0.24452189557691162,2.807885556047954,1.6412159081016064,1.2356548065334827,1.6111319691302124,1.435513117610436,1.5605584881889372,1.5452674381380622,1.2707065714308095,1.4862341186921009,1.6139199082851674,0.9877051221708396,1.419461744170181,1.35117725586966
6.077098066799975,5.2476543922839545,4.634334412706707,4.465001233493196,3.9204995869687402,4.19660362496984,4.653929312597483,4.230524772957156,4.557360254514914,3.6644380964884626,3.6869471044321274,3.724983812182512,5.138879347346371,3.2124373893363627,-0.21532358506281774,0.6114290482124851,0.19142089241509935,1.6825855443642217,2.132662182939921,0.5866343600070106,0.19867596872656923,1.103217744014447,1.6122486467929238,1.3815597014360892,1.759459943569187,1.275502657966622,1.686182731812055,1.303492378259656,1.280203819139301,1.7864117623803304,1.568073291913753,1.5923856285419333,1.5560249032257163,-0.9565755630302534
4.094554760101502,4.600844171001266,3.6740446571628937,3.270548849494505,3.595399683527382,3.5110346690845717,2.9982331376179396,2.707530025590389,3.212586601567537,2.887226160819741,4.329718194661353,0.9932006010935521,0.9433279740449847,6.172615140719949,0.18785680062336169,1.7636049893085501,0.45537372759752603,1.1510690484650261,2.487482984176197,-1.0561879252830446,2.0259310866747064,1.4883605480072584,1.705995673280261,1.7032174396113038,1.2003203513146463,1.6355330831950115,1.6506664521530723,1.662239241813515,1.4857159376311864,1.2440850418563718,1.65288409527722,1.0517999919180485,1.9482489516861445,3.5858039619181925
4.62657464692658,4.042968643044972,3.106987394921007,1.6168961744382973,3.2129062028964954,2.9845047514206047,3.2570069114011724,2.722346946213599,3.0522511760843845,1.975765115701955,1.3423472239083583,0.5208093311648186,2.6752758770410496,1.6333899139626211,2.6776344166911414,0.7195019059887146,1.5545627970040936,1.609778417732045,0.34361772618452396,0.47113524813137425,2.713668982956294,0.9426429772691879,-0.029245857474222016,1.1971576656671001,1.7027300376204495,1.495673973043569,1.4175891454277196,1.0828985132359947,1.2337331948729686,1.575223763768325,1.8191049344777712,1.6275281084580586,2.413702527089747,4.100822803133866
3.297702406792139,2.883474218533696,3.023818454371764,2.0988502063099896,2.016998541968451,2.4170326591636426,3.113137470865395,2.8860500062805214,1.8102993275728243,1.6014171816595733,1.217409355890567,1.0199237671176002,3.5729372531979777,3.3558446473614394,0.6654897096838684,2.415481009888744,2.2233391986407716,1.5376490189687007,1.2704428587266878,1.2846209471022985,1.1321012452720136,0.49434062259252964,0.7697049357032062,0.5125115597979163,1.1982969100047545,1.8107420598594621,1.677834743257652,1.7613725267596136,1.9181562674532973,1.2173401845655438,0.3474001433497079,3.0831671334869304,3.736234161410835,4.696309938417699
2.296280526032233,2.413252377279759,2.6386591200955407,3.2342763094412863,1.9485870441301196,2.3727834892115105,2.9013727878764577,1.8465893824894821,3.0135564049521424,-0.6381701131302713,2.463757157238153,-0.9798032777242087,0.4620428987885359,3.7666472469272567,4.772261099728975,2.032490627215525,0.290342696607712,0.899923738393961,1.4658739216735852,0.6846432950623601,0.03965884906487075,0.6006008983280766,0.7273006172949303,0.7190841787217667,0.8636028095451462,1.1239352413262689,2.1478437620795527,1.8641843392924593,1.6469865968839428,1.2375361559227058,0.3912189913822512,3.231016607453791,3.8283154042698047,4.790195408950987
1.1396546460761012,2.077666551310259,2.0661868386868116,2.0103115541229974,2.3349551931529198,1.0812959794285237,1.1666883138535018,0.6482338657573714,-0.07565935639398572,0.7995474953122529,1.2250917501693799,3.0496801601662984,-2.750929386664943,2.33348259741524,2.1778370994815055,0.5491647652949873,1.583726173372385,2.2098891894049317,0.6248748281680979,2.232435327803395,1.9446100174909489,1.4402438997005422,-0.28315314582835927,1.2717166632225643,0.795198911033421,1.4624630622503096,1.8299898557230498,1.772611935331642,1.6449572845096487,1.7327306023070521,2.6173926935902925,4.064255474656686,4.209081272189217,4.425359046176319
1.7748450713762607,2.730916217019923,2.3012051430384144,1.9778121341040655,1.2896814264354726,0.7725790517337909,-0.7242027480998007,0.19714622884426625,0.8870986642734316,4.3194188602537,3.2034870127664252,1.205993976002024,1.6300926529191018,1.2527710528697495,-0.16873461938398376,0.33197852132748834,1.1088617438499428,1.8996824331819717,2.433727888235102,1.0775498264131316,1.4849779813282316,1.1611044635471832,1.4300946645717239,1.6176965296607664,1.7169219603219816,1.5367104293816225,0.7415665157603161,2.033671008619119,1.8023681015701392,-0.13579839512478584,2.019139625369832,3.903962032997018,3.9488339983472525,3.1830837941775476
3.1292625265488714,2.3685464233283193,1.951328692180067,1.5828317732239499,1.7165656503023812,-0.10101558966855698,2.640715250756312,0.3607907596159022,-0.5739177426385876,2.113108388753495,-0.9765480526099188,2.1473181337187515,1.0846296978395775,0.5478869118843251,0.8151158176819654,0.1961431508010608,0.9090988491777264,1.7171032237525117,2.312742248215894,1.1685859898820556,0.2703612940325261,3.1479660551585953,2.1348400538069563,1.9759451858442865,1.4038399406960331,1.8010717968898016,1.4312604600225254,2.0144715342797928,2.1862403000195156,1.9183859030186732,1.3780756323166645,3.603783047371446,3.2269623449837557,2.339335769098097
2.4868271669987783,3.356725665132338,2.1271193716802137,2.9703314965626597,2.943516221207858,1.7480076693002926,0.222321967244746,1.4121207013603023,0.6460366678447471,0.9124218612079467,1.0782662592684789,-0.8666180544672676,0.8027457958835643,0.5611198608130669,1.4882894887213727,1.876176374870353,-0.9555347360758096,1.1493629988321488,1.2872534312450412,1.0594618923859984,0.6011940813701505,1.05464418512613,1.811325821730145,2.2617892312182106,0.550544528271435,1.4129193440537289,1.3938069358316825,1.2570311631609914,0.40249901687766443,2.7628160703445963,2.8629046246102945,3.2495156460887644,2.397845114616616,2.2896239024174005
1.406858598070403,2.261357198410993,2.2846602048069404,1.822254042418826,1.0060229066740296,1.140928935935037,1.1420573111450216,-0.42965991530716113,-0.3192448149329511,1.0894932209388921,3.455304732115923,4.905398666298078,0.5861078495438975,0.15610955242327865,0.8518559609120355,1.2629606162765454,2.9661616581200874,0.5030165143488643,1.3268277179919796,1.0166272292237537,2.5735040407164815,1.6629482369832256,1.1935544233688828,1.6781926682334283,0.7129638524036971,1.2016507765017865,1.9655824078784674,1.4569425269113583,1.2281919141906943,1.236996862450899,2.599492711009583,2.509723231273208,2.1718049563827573,2.5524170518237264
0.11414164577826932,0.3608855125394614,2.012503118989602,0.7474037260285414,0.8884433585002881,1.1471485773786738,0.604551608139056,0.8999063522419417,-0.2793814483543989,-0.7374590511780543,3.6510315355613137,4.330833317492942,-0.942226736389515,0.08058130664262851,0.18655250701301873,0.16728297372826487,0.8462494640776662,-0.04230879411569231,1.9751088051444377,0.1815787245621594,1.595012502286658,2.3760643375669006,1.0240566283571249,-0.6354976722978328,1.0676946987984348,0.8736048499065655,1.851522752232326,1.5382568113347408,1.0138822919787525,1.4530524203151916,2.2667029974531023,2.4573402897205674,2.3081300360067205,2.0240422241251936
0.010122049226078341,-0.06931499091137479,-0.17811948292421909,0.07963279209130499,0.16294477451029066,-0.3636899173018029,0.4209279392369565,0.6543244358720106,2.997909184175089,4.013549369575554,0.9914345488023206,1.787986114752706,0.13215758714722625,-0.6422832961012055,0.2957991882404656,0.8902216800894514,0.1850823942239766,0.9764024461560595,0.7485680929437095,1.3439736668824227,1.2922605085255279,0.8046626214521919,0.7621838318347032,1.598897883062954,0.42704244910323935,0.5365084315853071,1.3424173464044404,0.4315488353001443,1.0629180425043638,0.3053531186182748,1.354148315577686,2.1007912232138994,1.7241790629609082,2.074891899805221
0.8678908474456932,-1.5103777224122206,-0.6925725676658767,-0.9727246948492838,-0.11522673352836954,0.6929194117830543,1.6525562076866307,-0.3979394928036806,1.1527518962572418,0.5382873566106924,2.4406481964806934,0.542840285350144,0.9126772216343536,0.3441842811730126,-0.6859273905633453,0.6735496760190195,-0.8698422134254052,0.3791552786721238,-0.6725124117125544,0.8161600702318021,0.5817112347133873,2.007043152216856,0.8306045982688284,0.830722253398418,0.9659363022825259,1.3753208098070688,1.3356617833133861,1.0821575511971016,1.1352437401736932,1.5385095090234993,1.045960290028205,-0.8129364090451275,1.6987259770704655,2.1754212742593393
1.7079106142774603,1.376328979444805,0.41398011004714563,0.14045887589213968,0.3158906454776478,0.3214623080093732,-0.6400614956857754,-0.45322562655556303,2.997118141570993,3.1902881802053313,2.6930674663458154,2.98462978442873,0.6060552664781235,0.11948803971153373,0.5792111712939902,1.8136263961368049,-0.693203029424785,0.21330317143839533,-0.8342523731679234,1.0047147970856056,0.059332413136702795,0.3190640691595402,1.4723156075534685,1.0093115542364808,0.3292038670318042,0.8358119411505366,0.5601038803379613,0.776819404006588,1.0085329888113752,1.2422279853523677,0.9728822795276343,0.5151291284056169,1.921538642489263,1.8264780115176398
1.0482286838423343,1.75895225912056,0.5894582838795709,0.6941267594929583,-0.9016601573527153,0.9656364358322006,1.3447895808149462,-0.7249676430092225,0.9046764631299402,2.4000143812056334,1.9224663135744817,2.3870259753057237,1.1090607244994461,-0.2256795603067545,-1.1378847910369123,0.29371323329381155,1.673135506690788,-0.033988612659134505,0.11962582616716262,0.4416021753199314,0.7347875311111209,0.11194546449483198,1.0600992470255868,1.470837074233918,0.9678498180344954,1.3927691024542193,1.0002390771404568,0.9535916490181676,1.1154180612166795,0.6334150678292195,0.5893873350869134,0.2572335346422346,0.46266934129204734,1.3214594039370093
0.4910690919515527,0.7961160556001549,0.9658606005580133,-0.9516931488440454,0.0354250870729858,0.31184383949821914,0.9175997933292517,0.002186410307155649,2.0660110228945188,0.5962897979890082,-0.24215227824804897,1.8776670263131918,-0.6478839038886341,1.3061091364250346,1.2159304361602097,-0.9148056662497657,0.5120830384996093,0.4656526283433505,-0.012623721053045314,0.23705756768265107,1.384014582101217,0.5116424536053553,1.3774261916747457,0.9758657135854892,1.066437197920355,1.1144455295963511,0.7604604793719711,1.0536371386536243,1.2745325754669714,0.8039889415720075,0.5810730950902788,0.13490210925374582,-0.17656677838401058,1.4668558247797359
0.8970177348018651,1.123472619238463,0.348443940177037,-0.5979987952654922,0.359196679893255,0.455364972073988,0.43753824911802885,0.5130450714891307,3.3960017251113497,2.3674444005094992,-0.12267968015584414,1.1863225839079166,-0.38761534178347823,1.3155174158095424,0.844450563051934,-1.715398360642161,0.5097088096244359,0.19432459170547633,-0.3243631488306291,0.8921379743382204,0.8667729011407604,0.2302824951975634,1.1041110790383641,1.0569288989336518,1.7136106922407695,1.7337442910040517,2.041581075286723,0.1553445382796283,0.8656600886872632,1.2086779387181812,0.3265358597162991,-0.28972083272117904,0.9205796065429431,1.0533145322353572
0.9138698998920662,-0.014553578104796868,1.4945236802635478,-0.059165838722435596,0.34351701313056326,0.9663239334590769,0.21122186456578454,-0.12407286117575707,2.0632035916778886,1.2194052347321935,-1.0996454938245919,0.5961013321555246,-0.6500684972330868,0.2809409091282943,1.4528019586313783,-0.11767543929877658,0.4979054434186742,0.768716663182939,0.34695842719754494,0.7867917154426672,0.4895194629885589,1.5236669969009895,1.7191523046251214,0.9125379289223257,1.5170922645769727,1.1704759532040108,2.470268770280615,0.35253871546936144,0.10991977607428803,0.3143114216474025,0.06464695908159537,-0.2837116879023803,-0.24809717395986428,-0.003896195205560512
