script/wind150m.json
{"header": {"parameterCategory": 2, "parameterNumber": 3, "lo1": 6.000198445256149, "la1": 58.999992894266676, "dx": 0.5, "dy": 0.25, "nx": 22, "ny": 24, "refTime": "2024-03-10T02:00:00.000Z"}, "data":
[rows 0 to 23 of 24, columns 0 to 21 of 22]
0.3537152524119444,-1.580319087399325,0.5471599452133467,-0.5309406237121894,1.7277190741419437,-0.8157550888762537,1.481312593067392,-0.449278205763149,-1.642474377082001,-0.3157261495229144,-0.09773044093656141,-2.652974263998727,-5.799709981241726,-1.513894897221848,1.449665891717745,-1.139327527493886,1.612982226164672,-1.2499038551685653,-1.1296720382048495,-2.873195298245523,0.77300210659896,-0.9571572805933165
2.086855568546835,-1.136718653872168,-0.908641703357278,-0.4088380836642333,0.9278920300309487,0.8059603544025019,5.157568351664583,-2.619959041419816,0.7340117829736671,1.8718979793105048,-2.9228883694674197,1.625993003759782,0.3565261132249903,0.6196191823211599,-2.1921579957277837,0.09311735386984499,-1.9966229054795017,-0.3803888130244312,2.5203409919799924,-4.234092140507515,1.3190061330312464,-2.182296266761097
-4.289173918852037,-0.5640076203418498,2.1051740379493125,-1.8641720418329488,-0.5607585743869344,2.999482938831679,0.7086611122049454,-0.1600857214257062,-5.757163284109324,-3.41698735294297,-1.8959488238571875,0.9041901360107368,1.1245757971803352,-1.017749624842375,-2.099156421820164,1.1229106653818448,-1.4726543662845302,-1.7243397536248746,-5.3432702002607915,-4.928164864537606,-5.040153278808142,-1.1316943081229642
2.792767666858549,-2.704879717509543,-3.4169979932751704,-0.5616002245703866,-2.1501433659987272,1.3325556600498343,-2.2657644168039996,3.806470296707559,-1.1447695218083678,1.3722488203259988,2.3408485736398483,4.99632457180564,3.189620947454998,2.783496463307898,-1.7912983607176851,-0.7300587039358789,2.12540347718826,-1.6138823398988933,-1.5814433205971892,-1.5751099628418588,-2.825963519651991,0.019068092759591433
-2.465069013410449,1.577854432636735,0.8804935851120748,-1.590206399167486,4.189183653827655,-3.5018396032816352,-2.5231855893780613,-1.0397837236092848,-1.987132219371959,-0.8496859597995118,0.8316524182561877,-1.5277024560498926,-1.5683202787181079,3.7180486854245784,0.46505647052085747,2.5368565772730496,-1.533123525659426,-0.5368069974540673,0.7241857196382505,-3.2127105485687766,-0.6280885811576011,-3.293008876202138
-2.493543006147852,-1.6796974427499092,5.135289592641093,1.7030957814897911,-1.050619012088586,0.02303954451492947,-2.824324325675185,-1.7491156579165685,1.0808607091416442,0.10463260809612072,-0.5770086611123507,-0.14815861365528074,0.6585744978752022,1.6030758608414322,1.3772101860842563,2.7742436218564275,-0.09736248937569736,-4.561805123901028,1.7867202993693556,-4.735297716567872,3.4312970212742653,-3.409980464434509
-1.5884557911960209,-1.2948787825021042,-1.7687481634153261,0.7461013478494195,0.3033889591149515,4.9411783167513565,0.7968429296253827,1.2738817165789182,1.1050218540831682,-4.4975829978279105,0.9638353286351163,-1.8768966457983385,-1.5528404832029226,-5.1073867735976135,0.1444504196406419,0.6668619532135955,0.18319982003204718,-1.2951715046470278,4.1540428741933395,-1.4918397881751013,2.24867666089391,-0.9324439164776683
-4.1468834444077265,-1.2413507762138845,-2.2770587369598148,-2.431913933836063,2.532199337033275,-2.9397761192407996,2.1949738198891993,-3.5039999714675414,-1.4206276567498093,-0.15845289764387271,0.5570305558109426,-1.8033512858110838,-0.07047143613131587,-1.3561569441614538,-1.3940279213342315,-0.2550976337168573,-2.39766662311235,-1.4566894927218597,3.8844398212822115,-2.307616124451925,-0.4914857620976789,-6.25167377870427
-1.8131094490554973,2.8954523343228535,-0.7583349370019622,3.6108490792316794,-0.511909683178527,1.2377853274002897,-3.984704506503146,-4.146446688352867,1.060480880950166,-1.5014331290001461,2.549467641286841,-6.811342483781564,-2.4626423300961493,-0.7853853364130589,1.8956917173439674,-1.2147396679886706,-1.9869099418367782,-1.6716921943105,-1.3471382394122522,-2.225188262948658,-1.1180356854925566,-3.3697300606279756
-0.5828203718862524,-0.022835209845071605,1.9406509092546338,-0.9868342814375363,-1.647583573017524,1.4571039512490311,-1.40760083859698,-1.202542617959172,-2.2179487234976905,5.764190687659935,0.7302326800254673,-2.7274928749643075,0.05603511648719833,0.9847785438995466,-0.18385214605824948,2.221253745936419,-1.925946112281267,-3.4819501930988856,-2.511502703038064,2.819050193505523,-3.807013302887709,1.5398634312525088
1.4822987638941119,-4.532467064889862,0.9619381454778887,-1.646852230414195,1.376195160965817,-3.8302567656138167,3.1970367273270033,0.25452269248079573,0.9661618388866046,2.5924220321680935,-2.7271036205885846,-1.8420969632918462,-1.2367871546767306,0.3347308350751037,-2.70570546859081,-3.735188226093076,-0.1141188565263686,-1.5710964004447856,-1.2367842303397019,-5.82171760809192,-3.0881567605146487,0.5883694270641784
-0.8076305674537434,0.8668407828299098,-2.467948234936065,-2.168253404308724,2.8069429535088424,-1.2749368093180686,-1.1675715778775546,-1.7991552847383288,-2.241106945835428,-1.5189672676766128,-4.363110341431911,0.7752106317095842,-3.3582706714824098,1.2803368832483983,-1.3767288961777706,0.597317992140296,-2.1468411680038257,-0.9410895398032558,0.22713266613768887,-0.11365265209472268,0.859570362686282,-0.29203414678002315
-1.6551991679093239,2.7922467604990144,0.10328107807415132,-0.007814178400206599,3.2527587883436655,-2.039237226423067,-5.168438522317159,-0.6473110150349464,-0.809020838011199,-1.6486053947442159,-2.680113211360038,-2.6341577189999406,-2.416134933998369,-0.4438138648993157,-1.7714249445885597,-0.9604185453804288,-2.8768723126568476,-3.5049910551575767,0.9793678330714037,-2.176486504590661,3.4116618998823123,1.1058763718608189
-1.1238123765837271,-4.048073869079527,-4.280816303360164,-2.409357897925347,0.4807490826051806,-1.868109466395947,-0.8439038250622019,-1.881386617444334,-1.810594468482923,-1.5864260482614299,-0.032977579448935555,-4.002646278680523,-1.3082183004296868,-1.4889244370170838,0.9148869377767639,2.8319274897550177,-5.628704469874735,1.3900280748029523,-0.5372224486243533,-2.5469526296651694,-0.6640467871641711,-0.6146278084958651
3.4741009852402773,0.9300884031511619,-0.9082740398403011,-0.5135582665232392,1.9014139380916686,-0.10659556084290892,-0.4005624277454246,-2.1653318924835188,3.0253358319892474,-0.7785486761038116,-4.412586477694151,-1.1375197830173949,-0.2636186044595266,-1.716996403852744,-2.472199150527188,-4.153671442965415,-0.4055757358576798,3.2704698941881603,1.4782993657375774,-4.423251424241616,-1.4727007693472662,4.270609765124092
-0.8583017654524442,-1.6573257013792089,-1.5890127724070033,0.9789819390883995,-3.062804169732216,1.5001309709072532,0.8551586661477124,-4.787817741758365,0.07116993988150926,-1.4245913055998816,-0.8708414991683233,-1.7210540258284561,-1.2853696922683406,-4.996954602319646,-2.1300269778629497,4.260684375859407,2.302863291375445,0.3341513788336922,5.414049917285177,0.503614374962118,-2.531553440168709,-4.256170372669132
-0.44651548899387977,3.202805193082775,0.9275874550224854,-4.570845397182608,-1.349522835230634,-1.3144686824447307,-0.3493290075804082,-2.308345845346572,1.16286453423097,-1.6758015348423474,0.9413110868693442,-0.07968943382553739,3.4539366687684114,1.0332707679852275,4.953580104339357,0.5960095897544586,2.3993943153872994,-2.9470579443914757,-1.9250073442185787,-1.8757571373163924,0.6428447288726238,-2.096539029510427
-1.2234238212445374,-1.9737094070080992,0.873549808649934,1.6752355202853504,-2.344482301387859,-0.6122997389649629,-1.8701761193739248,-0.07395141676781397,-3.2237710645828197,-1.2601151264826909,1.1183266913737946,-1.7589114982370442,-0.061039904134744215,-2.1567671048026136,-0.413194296661342,-0.8437614832617173,-1.7640395835870237,-2.6524135679124443,-2.133276492455454,-2.0840591918597853,0.5837576446108408,-0.6499310945806394
4.851335717101754,-1.5313355723058049,3.0242156273006247,-3.3223605906978464,-0.26437115001156525,-0.6164532378125579,0.19836604564423146,3.922573545470536,-4.5984259960301435,0.4174346524000537,-2.3327683672491353,1.2215612710902901,1.0030915460856176,-1.8098151542970986,0.19562489885250942,1.8730899397604595,-1.1700716422546253,0.6489542263072029,-2.5560208163891205,2.724882299479628,-2.107295958382882,-1.0536500486321214
-1.212619291074425,-2.1711131211877186,-0.2614027820413163,-1.9280175532729935,-1.3951792060732553,-0.6206538865088064,-0.02493037324897143,1.8780011122622768,1.0896970401955577,4.938626720824512,5.64660139961656,-2.022007003287735,-0.9069922264048711,-2.584113703626171,0.1933958808856381,1.5080920976383616,-5.363076899064677,-2.944837474618563,2.7948330251778595,1.0354287450253497,-0.315777434305767,-1.125934828720505
-1.8161817786836025,0.22337514118786608,0.47453162479700844,4.60947330897326,-0.45725746641016707,-0.7607038522411542,-0.5345204176019979,-0.06651352973783743,-1.464981587797354,-2.20018232737606,-0.3450903540185125,-0.2721526312620626,-1.738663692536767,0.749316999705676,-0.6857707614896454,-1.1558069241716196,-4.102260134416867,-2.952140150250578,-2.3398854888635157,0.46424725314937054,4.2165889438753075,-2.403243204542865
-1.465248788113402,1.3740087329572361,-0.20555384303925311,-1.8826304346108693,-0.9938879276358543,0.10572482647606324,-1.5144248832902671,2.676701307485906,1.0857557734355363,-2.0686353319956505,-0.7549763634798216,-1.3008414938678348,-3.008432585642829,-3.8227097651166693,-3.2360959920644032,0.01890526828211699,0.8795567551339368,-4.110653234889302,-0.9685097880868003,-1.3585806011758903,-0.14196773812264504,3.128165871331419
-4.176309051927634,1.534421295102944,-0.9433375461771952,-0.7360692155000854,-6.150891944149907,-1.7661583081619041,0.3758323542547419,0.5825938590413919,-2.182494433395643,-3.9186033059030416,-3.8269564802468934,0.9639154244299948,-1.3061985244001035,-1.1920447398526484,-2.018657439209419,1.4738340167479091,-1.1014917746561448,-2.680073826104824,-4.866885107044716,-2.2570491604434997,-0.5171515130318145,-1.4031657717595374
0.872659922094375,-0.9313258088348657,-0.935696902070735,-1.0999463966336198,-7.05755628706856,-4.645597815536876,-1.0165878988401102,-4.088807719825567,-1.7939714297777487,-1.6806667147986507,3.3111199603065806,-0.052672829425842234,-0.254619248825071,-0.29624522532456204,-2.135838580508295,-0.4300663355053366,3.8937636874090633,-0.9558269936841822,-0.626215632140476,3.007700865690911,0.4664653543371108,-1.0658516061116263
