script/wind10m.json
{"header": {"parameterCategory": 2, "parameterNumber": 2, "lo1": 3.000054539987559, "la1": 64.9999836372058, "dx": 0.5, "dy": 0.25, "nx": 34, "ny": 52, "refTime": "2026-01-01T05:00:00.000Z"}, "data":
[rows 0 to 24 of 52, columns 0 to 33 of 34]
-6.842287644904306,-8.255457469299763,-9.028954593672552,-9.440020344763811,-10.067893912634336,-10.609052254888134,-11.502277404886533,-11.886615193078399,-12.811330070711156,-12.775841225424696,-12.571945484664061,-12.227711362307323,-11.553955249794809,-10.935516898975193,-10.485219256343433,-9.159758472224407,-7.034948078728114,-6.297024652144633,-5.236931238871589,-13.757656218345923,-6.061278886044653,-3.2807506935997988,-6.743320920206543,-9.360282731125166,-2.7552527821705852,-2.735435575073562,-1.186990123590001,-3.914778539439769,-2.2414268700696343,-1.0111061011413092,-1.7272174209675062,-2.4150023859611562,-3.262297934965038,0.16677073213999996
-8.065321809993577,-8.08289813907859,-9.496172306297227,-9.312495633448254,-10.625719443574976,-11.559951831924767,-12.222672578727186,-12.38313273503589,-13.20321844397958,-12.929155355188566,-12.547479576636913,-12.360976966793482,-12.120934728839565,-11.434648596489911,-10.708816331704256,-9.926058306307329,-9.519249166316861,-4.235535288095835,-10.131048450238241,-9.346639641070933,-8.384976555525608,-5.765980847740027,-2.8173575636033648,-7.353861089952829,-2.145594338789712,-3.79397854680619,-1.5993763568157362,-4.428007727835451,-4.013337946385084,-2.0545056237647827,-0.43556797243157347,-1.4270900825497679,-0.7823504148289808,-2.6762294251319463
-7.673341521381395,-8.472830512572944,-9.2275460882565,-9.205121636777605,-10.469982253282035,-12.072421313513967,-12.38280809118543,-12.399467885511946,-12.755418287677523,-12.84191842033014,-12.954164838829186,-13.175983656558978,-12.849434592140858,-12.50752766494887,-11.716770635725643,-10.073089391768441,-6.674340363536857,-7.040711310219479,-5.167337890812204,-3.7506571909924493,-9.625959811806796,-4.927502808056213,-4.7936601777520105,-5.619394486553474,-3.753292541404716,-1.0292491144550433,-4.700322109930077,-2.9272631810904635,-3.0420242976700957,-3.989158972488066,-2.1016861124967052,-2.0635408152406405,-1.2538693689390952,-3.3715598715671704
-7.717158993731589,-8.945701156837814,-7.732362082647526,-10.016426348504819,-7.418312729863674,-12.737642290038686,-12.584081983337802,-12.262304348915597,-12.016909332517384,-11.828708846055775,-11.677006272155442,-11.562137962879879,-11.660955958013854,-11.317944796531453,-9.956406414299316,-8.348695308153847,-4.088609501018866,-4.733413345697344,-12.462915943666266,-2.9160757896881564,-13.453735648478869,-5.9322861644746405,-10.17419392987637,-3.369454937654673,-2.9311458621248647,-3.371027295440053,-2.848605924241511,-4.042631665776542,-4.755155512018621,-3.1229262371442887,-2.486596881407098,-1.518282114704797,-1.9582489449924598,-3.0277954994466127
-6.4878221136234435,-8.651311054705275,-6.8241993444675595,-8.63336253642163,-9.925106273277366,-11.23692823545854,-11.817058512390751,-11.337078936801234,-10.814665762779999,-10.486493587571553,-9.922105811347198,-9.733162921390056,-9.19187531270583,-8.869632777370372,-6.810129316829608,-5.877363068626789,-4.880963984773673,-3.950903047239526,-6.0841030530088,-7.175924613028413,-13.616910779590796,-9.444859872046804,-2.071321728309885,-5.272937753983371,-2.9956933140791886,-3.935271840354466,-3.582193519334584,-3.997582317485303,-3.745624903327637,-3.693060653710174,-3.8965574372394762,-4.931047375096429,-3.0498559737130266,-2.666301089595955
-7.022690498240601,-6.019452622136531,-2.1137926256084665,-9.52798793053162,-10.906053124816241,-12.647541446586917,-12.56726659060397,-11.1016696475171,-10.29085153594322,-9.938015117110869,-8.580144644948778,-7.090700878653944,-8.092945364046924,-7.185825761618292,-5.3491108297162,-4.248587032237951,-4.53164959335336,-6.468164141439741,-10.790188461347753,-11.870818101400609,-3.641141216893639,-6.193590562422808,-3.3112363797281117,-3.0968036990950125,-2.7517843805016855,-3.408350119062826,-3.350893575017565,-4.021517080836612,-3.354180138239418,-4.240551791663998,-4.36993971922378,-3.8953183836551757,-3.5104056603724936,-2.825459705207047
-3.2166934909581553,-2.325217653190258,-2.0861781933728456,-4.853540385791063,-8.436943146397871,-14.05456767652438,-12.346862906963878,-10.02141465351142,-7.167840757466537,-5.432723280648428,-5.124607597785351,-1.6702237773625794,-3.0336128327378344,-3.4572797971191913,-4.77877305952667,-6.838185583804928,-2.752563428770352,-7.318458935337405,-10.770087522871439,-5.185265127588159,-4.396178234479754,-3.203759134505241,-3.9463877011762905,-3.107862832989267,-3.6572463825077874,-3.0136677324983068,-3.29349168050887,-3.3275571412722647,-3.2283383290987735,-3.365802368886066,-3.385298394777448,-4.684142985405318,-4.266050155350732,-8.70978036052111
1.3257935768220948,-1.134055431434153,0.9928307347834278,0.6628074404795147,-8.975165480447181,-8.560612780735784,-8.200193911679309,-6.578524488008701,-1.8925384651063522,-2.497853452434915,-0.47188579183982254,-0.4509211165970137,-0.14894870215934006,-2.272463271469941,-0.08569698821901975,-0.8813028166874886,-1.4245718017231317,-3.1493996185943716,-4.58569643275963,-5.365104255146813,-5.16856833992008,-3.706571886788756,-3.5612091698277606,-4.552505608908193,-2.5298611647527722,-3.323398773034936,-3.6490072638590028,-3.120887276462201,-3.21052513110145,-2.863627673311644,-2.1862366230712285,-2.9286829517751705,-5.591113491404487,-11.061374513808866
4.164093170369681,3.6540461804416973,3.384057390490512,5.428027215594055,7.6785032457635305,-0.44466875454160165,-2.5282183391964455,-0.6966651766026744,-2.613000127956568,0.8546356035260314,-1.6899900145136184,0.09509909928502679,0.6669070231506189,1.5817217227294864,0.12237926275703626,-1.8614272539102357,-4.5348121054105075,-2.28438283847059,-5.50421778329318,-6.456429263638759,-5.280060507114434,-3.938072405279396,-1.7593333187998585,-2.7711224422909613,-3.163779105426014,-3.3706867578328654,-2.607194921676351,-2.742640510927521,-2.6779191382672147,-3.060555192211449,-2.0978146503893904,-1.749372367485979,-6.391217834304832,-10.988304452811503
3.980310122268241,6.081875721066376,2.7957201838810897,5.099593692746481,5.436489355775862,3.1577294823350712,2.805464621755679,-1.3111530013071484,-0.6319264245109513,0.44724402244629685,0.16480152083201507,0.38264137508274276,3.487492290546899,1.3346720591869923,-2.085593049088999,-0.4436548117568543,-2.0296381524900085,-4.597425466745201,-5.6650604644539015,-4.1238059212997245,-4.200253912171689,-3.1773779761497862,-3.4315337996600945,-2.5394124234831272,-2.871774479466782,-3.5928398416867373,-2.9667444606461735,-3.218779232413018,-3.4965846831261325,-2.69717727436882,-2.103870409840121,-3.4145154626387577,-2.0661849644179497,-8.574919139507037
4.5754830412583125,5.1122925750609705,3.126411087013765,4.390067892353751,6.324041729875191,3.3721761911876746,3.885834023017546,-1.8490567856539222,2.336839498684834,-1.157536715403392,3.6387031033446635,-1.1423377640119443,1.247684351397696,4.7028285896432545,2.109985741327785,-1.9345170590703522,-0.6332384625159801,-2.1079632375147805,-6.6330301478031775,-2.1891173809911497,-3.3324436825215633,-3.01412307387727,-4.303610521575637,-2.822937080201941,-3.507842433516561,-2.0901539328731698,-2.3498184373000477,-3.5329728446977287,-2.749385738097769,-3.368621392427182,-4.558780892579208,-4.006858446884712,-2.3565939666846916,-0.7484899714017502
6.576518117154231,5.817374447824097,3.355634132190632,3.278618653456994,-0.6535207882921735,1.60428021270703,-1.766791980558377,-1.8706005610005951,-2.0982281390716913,1.4445766520020409,-0.15678356098030008,5.356833430610159,-1.33490288082974,0.9873200910055878,2.725698427194851,-0.3252156753458636,-2.3337285114254596,-2.4169422970913272,-5.535766904581445,-3.781487861396879,-3.2538234840884797,-3.520135488613874,-2.085753342405237,-2.7213941435623745,-2.1621194637928283,-3.0281325464218773,-2.7711137350946937,-2.449786446540273,-2.162107781575646,-2.678138715717935,-5.199001431669317,-3.8594665853638634,-2.8382800517184306,-1.3464179482597416
5.366309250140274,4.628483630408871,7.6812630638231365,2.167221759610178,2.8254059733316126,0.017933774858517444,0.5898709039826686,0.990099501078161,0.7514803034790117,3.640054071136371,4.961945501452485,4.054764675315184,-0.858764165280531,0.4870520495410055,-1.5322148711657677,0.22379087612515838,-1.6594479559882427,-1.8477858440665234,-3.756909639258991,-2.2387957749832488,-1.9521042066855372,-2.554273276658939,-3.084132085983049,-2.6646711894474064,-2.7912324360899006,-3.369259832596433,-2.778412011166919,-3.1455244708686645,-3.0692696443988545,-5.405400009535478,-5.389014517006582,-3.6968640649455704,-2.7847748438250197,-1.3692993710532129
6.67150491966183,8.05160873289186,8.339318792981514,0.16917520667262342,4.567685137455372,2.906217193722561,4.940373064238793,-0.7480345799009945,1.4533745178917328,2.8907652632472973,3.1748235793509534,6.1532096214218495,0.9838292431050953,0.5816448845745811,-0.34495002511699163,-0.3328975000178432,-0.973734278810439,-1.7678471401623628,-2.0553579556159534,-2.961461264754883,-2.3854384962927133,-4.260385191644355,-2.9205298349987814,-3.08429583631328,-2.5421388077986027,-2.261972529680785,-2.9012431453692424,-2.1137908695643928,-2.3803874149938844,-4.304535327484742,-5.50812539198907,-3.6429110468962365,-2.1400725666638434,-1.4104185948344716
8.83162358327404,9.690265007707813,7.298978461321541,9.246609733825903,7.465196486794819,0.42516966229758346,-0.1869303816443595,6.716925972598062,0.19041990733019462,3.2345088611566104,-0.19293599090128677,3.9981885505793398,3.2437155218752443,0.6346476865152957,0.5697170328814207,-0.5820299957557705,0.28128430524405823,-2.0176386130551935,-1.2453435707400897,-1.542690674988057,-1.9912367720701352,-3.1743148318381356,-3.1097504601149786,-3.331548856085984,-2.154021119101806,-3.570486935404413,-2.7210680342394546,-3.1615482078000228,-1.670346537889342,-5.381304644135773,-5.149944014753793,-3.4735626610113686,-1.9165768290422043,-2.248822691613967
7.265873971856183,9.529921406518154,8.88675936531633,8.900647836358806,-0.42725794570150544,0.4871406164842163,2.7936573733740957,-0.8173983655374654,0.5777174392352379,3.300937401932416,5.186521780990375,7.011596801125096,1.5628603392670062,1.7027572562172957,0.8837253622696808,-1.247048894051203,-0.6986061135728058,-1.9469962875632016,-2.318179686758641,-1.617127091846666,-2.627628980860983,-4.436625600861756,-2.4987423339260357,-2.7343306955551268,-1.8805646203586797,-2.5359654436963233,-2.73281543156326,-2.98392369434954,-2.126666804668004,-5.339729439987724,-4.801390856724142,-3.0834110705272892,-2.0281340700533703,-3.125072748105088
4.332650993363121,8.462899012107078,7.831073572527204,7.658979609312417,-1.2528613825219683,1.5338488357553641,4.774441740925855,1.781738722339953,-1.3871566374743403,1.6578986703292449,6.745098904087862,8.227405274437919,1.2010058995738326,0.2183098640580554,0.520155514853789,0.9758607586900895,-0.9661272560753441,-0.3254968152841389,-2.330136734593617,-1.1178931344048333,-2.699276416228928,-5.064229770686355,-3.3035897487957135,-3.8397842232237496,-3.3422211137565836,-3.041206830198888,-2.613384675394927,-2.554909271950993,-2.2125147570576926,-6.1164708642745715,-4.994852851504135,-2.8019987945204132,-3.5120226459647803,-3.766651454744716
3.728575359815345,9.395520107841929,6.984316309274733,7.214090442615382,0.562267944270652,1.5577388603540048,2.6615612812424483,-0.23009911569008895,6.821824677562791,7.049261084537162,2.9008973419791584,4.687076583096096,-0.6513394602457231,1.5836092342094892,0.30631546795476605,-0.44912484318696066,-3.4557441575743786,-1.2718934965145892,-1.6043155009165024,-2.397390799435448,-2.7866173795095968,-2.947829761099001,-2.97636195795613,-3.637177529500321,-3.7527899368772886,-2.674927071733186,-3.639947569742066,-2.4586655514653555,-2.517757228287179,-6.466421507424615,-5.922954709968499,-3.5892328950351704,-4.814715930524083,-4.710436159607197
10.201788542245701,7.658940641314979,7.154506923960786,6.855043642541424,-1.7215097593796167,0.5850987214477984,5.172914751394096,0.963488611609372,3.0218350788348762,7.914985910700986,3.757359507064605,1.8153680493697797,2.417431453345004,-1.2862845390483846,-0.02661194946083008,0.17048062522233312,-0.20979494210639507,-0.7453119752524182,-0.19010555384141517,-1.730620117581466,-1.8094940007973925,-3.4301166922502184,-3.337291097257694,-4.394968213067699,-2.979812894680468,-3.181211090622102,-3.2470605254151472,-3.082506535528269,-2.7793093548706436,-2.783529034199877,-2.7257547333228755,-3.4193140078189526,-4.888390224523757,-5.628336190655186
8.356388337469625,7.568363480083138,7.237513369178436,6.106912999667495,-0.277745193149276,1.683895764823281,-0.37490984314357684,6.982603211557562,7.047200502836352,5.647600249537766,5.257979626729721,6.6814079547221965,-0.5369083049502441,5.555700816962435,-1.669294149516168,1.3264792465296311,-0.4109542565400141,-1.197759948595677,-0.656145079791759,-1.876501826508363,-1.7379939125375317,-2.8999279209202333,-4.186899153993973,-3.1425609634013867,-3.1361679696979134,-2.527407622659107,-3.4691868151202763,-3.1510136133646176,-3.066049256971408,-2.892288802127344,-2.333126003634774,-1.9237202278748726,-5.506105411155422,-2.448296390245993
6.799264572719457,7.226891439708772,7.580539835141959,6.51834985280755,2.255092172846518,0.35489606181326583,0.4225508075541131,-2.8487257664520453,5.7165168137149305,2.6167036415222285,3.6949658098588385,4.979194371255665,3.4617744580394136,-0.41690083987514326,1.042260928167059,0.8323286247408455,0.1463414498179713,-0.6773230650377676,-1.1417645517018182,-1.5609363928621722,-2.1977259865960805,-2.0027834001059497,-3.426949787882898,-3.132217225892885,-2.3873314667715,-3.141602951787171,-2.757847271143993,-2.797858017967026,-2.947090896871127,-4.230097113353669,-2.9778862796613654,-2.2018698477505705,-4.213411656240692,-5.518198691942611
6.840754268530595,7.59106774187244,7.288141028562137,6.79416503948855,5.343125992018592,3.8148903466798743,2.63266991640001,1.2285440485214836,8.418558463328912,2.5315392818042555,6.501277371033601,5.818671633251804,0.5446682610026453,2.109059566954704,2.19678163617515,1.0389177031657721,1.5935842666509865,-0.39727418573908374,-0.8991890744311093,-1.4914459391926436,-2.4684973335479268,-2.904006316331842,-2.998685423502915,-3.2388469554567507,-3.259753559488572,-2.8614762802676466,-3.2574281961111367,-3.586606142909127,-4.844511131705937,-4.663724293498939,-2.90064691744083,-2.5453095839483693,-1.036424344164414,-5.483807824699159
7.616808721317447,8.59843869672618,6.324406862866449,4.589275016400675,6.219618093973106,1.8556846897473147,1.56247152011147,1.6009455045908165,8.98111755282285,7.342269946684804,0.894946172515009,3.657842026067032,4.538951832401093,2.8773777052804386,3.4667891232641024,1.6991345472769837,1.9680958678832845,1.9326299387028012,-0.4467776068725385,-0.3361794660675827,-2.419388004805155,-2.4302512346383525,-3.0945404386173427,-3.2579325071018954,-3.316246057152478,-3.345240858486058,-4.066938130530791,-6.034920456944325,-3.561341810303941,-4.120772361617249,-3.292967061555208,-2.3862234693117657,-1.5118539058799274,-4.776147491378794
8.747611744534387,6.1993458031462705,6.974193767760032,6.315525864469432,5.995785391071675,1.6509250152831665,1.31602222421366,4.289682711067619,8.194629183630504,2.627995818026372,2.0699992496873594,0.0497306018314032,3.990056296654782,2.166825245439153,2.2568993421732078,3.780971928385921,2.0702086487338125,2.7965559739673305,2.035509326629495,0.058600514310574205,-0.6145267882457573,-2.549216538525399,-4.756784900390834,-2.780672291355187,-3.0486376441517664,-2.7394444152811817,-6.141538008179165,-3.23254227419999,-2.307709640048049,-2.2443899702551424,-1.3772875028324634,-0.44879769393920393,-1.2325949807964007,-1.0475240428642845
9.279550325285534,4.572463133081187,8.658503080828677,5.774075964434499,4.082379038540191,1.603421940236414,0.041375619292372726,5.114517132159271,6.4034613742415,2.002531284553688,1.9585993809122344,0.5984605526410167,2.953805127510364,3.4158528764313383,3.654554038049543,10.565043136432793,10.000913222693592,2.5476751683870003,3.4409417964615145,0.6065714510282938,4.371562775603833,-0.4884432426716463,-1.8645065740193474,-2.2954202031017816,-1.5325636475052462,-2.60648115887822,-3.546684250766572,-2.9861616111402913,-1.667438113550217,-1.8767851712726726,0.00015956533650166485,-0.9522795094329068,-0.8707204949730799,-0.4689067672188476
