script/wind150m.json
{"header": {"parameterCategory": 2, "parameterNumber": 3, "lo1": 6.000198445256149, "la1": 58.999992894266676, "dx": 0.5, "dy": 0.25, "nx": 22, "ny": 24, "refTime": "2024-02-26T12:00:00.000Z"}, "data":
[rows 0 to 23 of 24, columns 0 to 21 of 22]
-3.1941989217339866,-6.444593426238638,-7.265824630313104,-3.3275196039494954,-2.0200900071791166,-7.212234647025482,-3.3847286918483457,-1.6129351944903778,-7.401641733612407,-6.548490135101522,0.0778461326780494,-4.345057132726968,-1.1888465259385947,-2.3616076269947284,-0.0885008852953219,-4.093153883157523,-1.0418261818275902,-2.452078109998881,-1.2871739977105732,-7.468924900947365,-2.6817478266892745,1.997271604234594
0.0783266034193065,-8.838716950506887,-5.228017996580005,-0.937292776433339,-6.8614987188624275,-3.554300689557433,-1.4041397622549683,-6.218482010944633,-1.969169202677711,-1.6569858776511808,-6.452946484837923,-7.493361557387577,-8.113426706966854,-7.625494154544497,3.325714888375114,-7.99613296319702,-4.4440882009947575,-4.1511411005139465,-1.058497023846907,-7.367424061056134,-2.609414398896627,-2.859484935268427
-6.8154463141290105,-6.219884771041051,-2.115145203009189,-1.1055302850350783,-4.807507094400243,-0.59930075506004,-2.008873175048384,-0.7241837936748802,-6.831422492989513,-3.3643039257234024,-7.351693069525056,-6.963954260848833,-1.8135937042422763,-7.675666236727367,-5.01493044374655,0.45275079798434614,-7.211953401783508,-7.410938333281594,-0.2715353729256223,-0.48994286613385984,-0.9420621256009792,-2.513788160016179
-1.3239541815166687,-5.863000227462331,-3.7807636947933516,-3.9935131902855274,-5.074430605801517,-4.635512763281712,-2.84693861110818,-1.2501061831880735,-1.0400076794703201,-2.7931876327313137,-2.7311206236574437,-2.03424316354539,0.5015439891388266,-2.3012309962500925,-6.6005375036149285,-5.230336059047614,-2.015439907671295,-5.589286792696903,-5.910469352127621,-7.181275251577711,-2.504596973349194,-2.0010303269642282
-1.9710697155547308,-2.7778226940427126,0.20492525951346838,-4.885475426474814,-1.9099447081249492,-2.368793320087172,-3.568430728422756,-2.1274303063582938,0.7268233953147054,-6.228346307776762,-1.5177266976725046,-6.269146383310003,-4.8404779302972045,-0.12112211260072574,-3.1092009293066676,-2.204100065659064,-4.360571755554492,-8.27246800771205,-3.8323713666764028,-1.6251008647400327,-6.489220828472561,-5.3491184500486435
-2.9046125760901202,-4.12976899014587,-0.5044304812488614,-2.050022373757781,-8.259062899702938,-7.624198501366304,-5.122471393967765,-3.970679357866609,-1.7916750650343052,-6.508136476993146,-3.3503074514785998,-3.163083987928992,-5.676553106910252,1.6972258141631096,-0.9713928882474193,-0.29888589679425975,1.166173736088388,-2.9170999118967504,-2.481204137635266,-2.084617645752671,-1.7798398711508507,-0.04236718119397913
-7.078285314605682,-8.170193515891983,-5.9728348398031255,-3.454043918319277,-6.362136781098134,-1.5138844768669344,-7.126402702424122,-7.766266400692613,-7.018296998851127,-1.3677790970711239,-2.4246810768627096,-1.406652290663092,-5.420330622840905,-1.9381848445031609,-7.4368155259184965,-7.435273150616431,-3.2997540556856095,-8.192146317593316,-1.8059691821300066,-5.531850036774751,-2.2145300383573994,-4.53375666191604
-1.0176145389045292,-0.8786855420308642,-4.21180202604959,-5.789767434275583,-2.1886400750951784,-3.9639774669149688,-1.453743199673827,-9.270002296726044,-7.43913287134179,-2.258734350786381,-7.869273124134902,-7.309541145736102,-2.59500483888296,-4.700386289955565,-5.2050280728172105,-4.020961432225569,-5.819749643627729,-7.460458208676908,0.03261701375530576,-4.7481710473867125,-4.967215868649286,-1.9406052344992628
-4.363017112192639,-2.195921418590084,-3.9530024786968454,-1.5150981035049615,0.8363505519453733,-8.049993801656965,-0.9400861905373957,-7.351559851778373,-7.5059553493501445,-6.442895694797336,-1.8450566260061008,-5.192647246399603,-0.7663268619134375,-4.948824158827918,-1.347892969033228,-5.806423480931122,-7.663630394409961,-1.4662426936166837,-4.640766669069506,-7.382800922234063,-4.126944260656211,-3.825101454259857
-2.8215342457857013,-2.599150388266266,-0.8368739341247752,-6.2254498521267125,-4.938140700561878,-3.1481295471797073,-4.670594123859431,-1.086070463392698,2.801653215731722,-1.5678577728780956,-2.36019845572407,-7.14617814199965,-0.39367289293862034,-7.277386460740585,-4.381435273556262,-3.2797416612739916,-4.229107506129511,-7.840547164358686,0.6643966105374461,-1.3162079160690432,-0.9139314881425455,-7.197458919131618
-0.2467547830611543,-0.23556328074628674,-6.399613869145584,-2.9833679561806603,0.41179434010864174,-0.7071015346684346,-1.092280720076332,-1.9419837609377912,-6.68089706425567,-1.466472186183547,-7.641025295884686,-3.9127150721020856,-3.591041500000118,-7.479284177055887,-2.450978044091452,-3.019319152869767,-3.4556907089327003,-1.0782331123469,-4.568376690253152,-3.0632104345457103,-5.625786163202629,-4.157609865951522
-3.6045903118920815,-5.117763577401744,-6.8977493664135725,-2.7444073985010293,-1.7865868696114642,-4.896844861782428,-4.249645335952761,1.1214824157120225,-6.159816026200522,-4.8016989873729505,-3.445000291968901,-0.4820708731159514,-0.7071948528806451,-3.6272967165663075,-2.3459538655799705,0.33919446238518397,-7.4138289556445125,1.6356611167357704,-7.3545166665964254,-7.989024751134802,-6.811677743208679,-4.070160453020671
-0.9986746765120279,-2.0415431364463834,-7.742843754648327,-6.844700200840295,-1.557918583114538,-5.690055894557472,-2.778116593587813,-6.634198202821589,-3.417067447667025,-6.743111339411383,-0.36222239158809993,-4.344269351741889,-8.203896727732573,-5.149363007702857,-5.22394074089473,-7.511854998664062,-6.447692571106796,-2.299055329352914,-3.6504119399694352,-5.878876164363419,-1.1040345475514457,-1.6267652414653229
-4.814198067644219,-4.000799284640536,-0.1700157195951165,-4.477834873583166,0.6718073467188991,-4.825900969171621,-7.344030576054259,-5.624809517116489,-3.3025156455685387,-5.289473884858335,-0.20540285588764112,-1.0944731865144108,-3.63746823968571,-6.423572747258613,-4.565717988444579,-1.5881333575818308,-2.9204477834531106,-1.3845418552793902,-8.841590337932276,-3.558196560834234,-6.4783556003252025,1.2639318537605093
-0.4193281611578494,-0.14460875893648575,-6.590441615930317,1.809196547444389,-3.268629498522001,-8.098871818322841,-3.649864084299516,-4.6864876144576835,-2.7728142993881395,1.1401382800494675,-4.776278080701998,-4.484606382090508,-8.82982972659416,-7.110952281631136,-2.5319047020041405,-0.8054660218667721,-0.3207933825909531,-0.019689339132550943,-0.9863576552036671,-1.2456568980602518,-4.2363993125111925,0.3017305321627452
-4.009876750400401,-7.1640614175912605,-5.587191988599532,-5.871753038094991,-3.6827862703476892,-1.155555457530572,-0.05136955821382432,-5.345191185081804,-1.5583675364097593,-4.23929058558111,-5.1564310437901675,-2.601259446971187,-2.8639614767761286,-2.235074940561537,-4.637088005567591,1.7476541640451158,-1.3716489306148758,-5.605583065038568,-0.8443193247925651,0.16929590927724616,-6.341200916985122,-0.9869351905848699
-5.833151894028448,-0.8947083481202414,-3.4867614520011023,-1.4363574956427771,0.11454436598802138,-5.086508403836233,-5.323133213300256,-2.8228636050757387,-3.3279056649061944,0.8165029640818611,0.025416268085751134,-8.513515722393747,-0.7618004706324413,-0.9467098737636742,-0.5119053646449284,-1.5890564608129056,-1.1956059426716308,-0.263368363838266,-4.698499864946097,-4.176669638092479,0.1481650548213926,-4.344128169160339
-5.623944054548445,-0.9118872778797149,-7.230810402693741,-2.383174461075757,-4.878870732598947,0.9055067461732444,-3.2974647027975954,-6.110801665209717,-4.98535606385307,-6.122697922452831,-7.006353210092243,-1.5949709058044346,-7.615842307122843,-0.4898230591102882,-2.9488201635034113,-1.4699865599592565,-6.921737288968587,-3.7779081719574243,0.5034850460083031,-4.834039012420964,-7.836141062878467,-6.651172439208983
-1.9604971875925594,-4.493123070657974,0.5651547977021625,-0.2074459794669648,-3.7526421953775295,-4.848292253931069,-7.381895157978257,-1.5777319325175119,-5.826505472497415,-2.40951835497757,-5.543789697052645,-4.519816200685426,-1.4998850236707781,-4.9194182763566605,-3.9107475646999332,-2.34641107757828,-6.159478743200661,-7.163369527826023,-5.660982142310105,-3.6339674962419792,-4.973548545702025,-8.19158611319197
-7.029734353871823,-8.43793079654053,-2.1093928153355708,-4.177513056133257,-7.34793375223065,-2.7801044791371923,-5.818180945262594,-2.1678784064751695,0.01556032059559349,-2.3206306974038147,-1.4183380707083084,-8.302930414093227,-0.6466217762804572,-3.6303424558260002,-1.421427174296509,-1.5327532054931683,0.5109755381702645,-7.820337942302235,-1.8553964042198725,-3.0540906374994807,-2.95670839996406,-7.356535208147423
-4.422618652624752,-3.105259943186384,-7.5607222472313165,-1.3897378804925853,0.7846099895337036,-3.217695922088481,-1.3309960559545666,-7.382378294012859,-7.102640389983429,-6.826898213624091,-1.0952069637815527,-0.5214627242181679,-5.089015245942804,-2.809781258812596,-5.447213904612849,-4.526541856365486,-7.649192001724806,2.0449549285695574,-5.977359218840994,-0.19511984907546048,1.1459398766825086,-5.965741775280702
-2.2572089751909985,0.11922963156326369,-5.553253714229783,-0.2653086647591235,0.5847290611513346,-1.3904171857190042,-5.960541384195218,0.19698594604899283,-2.176154415594176,-0.041550294217220014,-4.663863298874018,-7.2485063211132506,-0.007707801925363485,-0.24210814193939983,-9.66363442848462,-7.102148758669253,-7.809949024788961,-1.102608032232408,-5.4989655786353016,-7.156319502211005,-4.718265924753728,-0.8140672068591073
-1.757957748493338,-0.5423921901918841,-4.858992983486503,-1.3678362863606568,-6.790629836195678,-5.328687682577341,-0.20205664836227383,2.2596685832942116,1.673987117583301,-8.180628299231856,-0.6328676988300361,-3.978014952180786,-6.071057492173753,0.03509221677764845,-8.048228918693267,-2.8751998256220603,-6.597667040432627,-2.9794846078252304,-5.195117318261087,-6.759670886174138,-4.005418229837646,-7.036365516822834
-3.0403506358206585,-4.909854295916857,-0.6044904782203866,-2.962633321250379,-3.5464808867714206,-8.148234546079346,-4.339182894087695,-5.910760690905559,-0.9005902464279347,1.6125181674107671,-0.45891279222891884,-0.28875858277530175,-3.7076125346812545,-5.796544087687612,0.8606659507288754,-3.6484393039757266,-1.2451390803147586,-2.8178421554204354,-4.855161657902602,-1.5445865555083622,-8.032965194952599,-8.475970176890684
