script/wind150m.json
{"header": {"parameterCategory": 2, "parameterNumber": 2, "lo1": 3.000054539987559, "la1": 64.9999836372058, "dx": 0.5, "dy": 0.25, "nx": 34, "ny": 52, "refTime": "2026-01-05T19:00:00.000Z"}, "data":
[rows 0 to 23 of 52, columns 0 to 33 of 34]
1.6980886461848277,-0.09858486246571023,-1.1585936783489903,-1.532055988627995,-2.9304307245940002,-4.18925439574866,-4.100765736698059,-3.652524142455291,-2.8138230026668603,-0.9983216659846443,-0.8483071094640825,-0.8992427384950551,-0.571228930310357,0.15894915932963966,1.9438992880513972,0.2261993183802497,-1.4016696462410647,-0.48953466717345073,0.2030972096245082,2.4272705703431825,1.1702170880863214,-0.5721099136499083,2.5629115530251436,5.4353580418579845,5.887840470716711,5.297791583005,2.874150170645466,3.267030022253692,5.459924399625342,4.954293541723662,2.726231215213413,3.396552467404847,0.30614506536769137,0.1948338303263826
0.4697518090466412,-1.5859803293222414,-2.3667965871492695,-2.2305319278512914,-3.727044300269649,-4.027471605825675,-3.6128389855967846,-3.4850731319596076,-2.770748288030632,-1.8584670914621397,-1.541316159346773,-1.3558534589725129,-1.3798362642429178,-1.3029365878904733,1.0743170729892755,0.9322779950504392,-1.5077139363612833,-0.43559634626599125,2.4751581255088797,6.57824652195912,1.2063146938206974,3.206986262243734,1.3954860623730203,7.471643500393554,4.165870524511211,3.152696196924284,1.3884896919393792,2.509582705834757,2.8730048743775916,5.488743402414434,4.174145691847738,4.747369100730293,3.4215334887338793,2.496075373075562
0.5593985371039295,-3.1933887311906206,-2.3767376381356597,-2.718616139208068,-3.5246808561378042,-3.731025756887809,-3.7399616273362,-3.421262405576786,-3.00717981507892,-2.933345894190386,-1.8054049077169627,-2.046699395515287,-1.6877626971920494,-1.4900334166436047,0.10651774039499733,0.926606741885349,0.936005027552956,-1.3236984819652748,-2.05637818423649,-0.444804459040801,5.1882301251389995,4.371949872094178,3.4003284755525547,6.278874471303349,5.9132649338137915,2.9700523420743554,2.8188111168360557,2.2855251681364166,2.588257829700565,4.699101429381896,5.333236105976335,3.936199660147543,3.7041537583737028,4.000040126109407
0.5944917260687265,-2.8972178850730526,-2.78256571649495,-2.547552465288725,-3.053945618102649,-3.3521239886293888,-3.4214104023274166,-1.999125302043696,-1.0174662038937519,-2.475514474389443,-1.6067337835708293,-2.182268933287149,-2.395137183542687,-1.4080736245606,-1.1022925124854275,-0.6928289918462585,-0.6678008972397973,2.1439207835461773,3.0520950695168385,-0.7684140652014873,1.8790934840233708,4.668262311480282,5.0689567571765615,4.959963179364314,4.042789617439955,5.478636417275616,3.6910616031565215,4.1591352516155995,4.465835268259777,4.605599858172855,6.029125663771104,6.683042243058882,3.3102002447485908,3.9105227603918067
0.2471209136655566,-2.674774559887326,-2.967951814894184,-2.640435391138888,-3.1382392601232447,-3.1642708303252993,-2.29065544800974,-1.1514150193183272,0.8739216517168314,-0.4726523146417211,-1.7870415083255191,-0.23663604871738989,-1.547873645408316,-2.3611410264651336,-2.855551889801439,-0.7868687169951547,0.5947175163369403,-1.2136038357174768,-1.4020760505103311,2.734655211553723,1.4489101709413263,4.680353597845179,1.008408687793656,4.011086557962746,2.5121123409709636,2.9475458403854256,3.0767574733884038,3.9953334104541995,5.598569143668452,4.730313325042622,7.413600703087512,6.6964299004354615,5.816117068832814,3.9050496434448596
-0.6805587838475781,-2.6673849745970686,-2.8829001342208764,-3.4468774696122435,-3.293911207162067,-0.6768283534407376,-3.2901179661915427,0.19749524199255442,0.15072113253310546,0.3504100804167174,1.0790875422869748,1.0230814465087952,0.05680375710573006,-5.052076685303687,-2.0992170785298856,-2.626626822085333,-1.3493726506298813,-1.9452041544421619,0.4114173413249889,-0.34285375369849247,2.9982714504419827,6.005667736052658,5.109172195522613,0.8863858055820287,4.208292075238879,5.241284507388206,5.620737088823231,5.5964955195716515,4.794262453331611,7.038182696847509,7.034082368464943,6.599681172635631,7.046979180801583,5.6854814651893895
-0.6332131059123218,-1.873940017680745,-2.115187028330867,-3.26577526703589,5.332530448842696,3.3170159554605325,1.4162567028509239,2.0818011481238963,0.1861720593946462,0.2851912884000477,1.7145424479697804,3.172168930108411,0.4604582946356858,-0.5171574607630048,-2.08391231352282,-1.7404329232196456,-1.0719012611761425,-0.09497873707485278,2.486391919169143,3.702662084639737,0.4787762881880359,-0.6603526014059261,-0.07518254104391497,3.229549478634576,4.578469289614034,4.7216196330476885,8.062056771777142,6.115255618590269,4.442367531464903,6.925060936448626,7.8992886840416014,8.683333156423965,8.375985215354312,2.6753202181174838
1.9199854964671692,0.6019681807481626,2.022676875557921,4.6741583458176255,4.194836129775019,3.1593118890061866,1.8337633805401774,1.243352662338395,-0.16080470336118496,0.06757712724672527,1.952590066780958,-1.9072865364798317,1.1472060558153707,0.6098948347651665,-1.8299497589274167,-0.31956128690218055,-2.799151849327597,1.8019107061618718,2.771063971037718,-2.4870719020256007,-0.9826288027784776,0.4571124576645547,-0.6449667281264312,0.37379623871185014,0.7747105821951841,2.666799084323517,3.953042241627095,5.907145993359467,4.122486450712548,5.547756018992916,8.522912264379842,6.174497024739351,8.21981012655885,5.765832303415321
1.5638414299786578,2.7882423873976805,3.6208950797351354,3.8782691350218026,2.235805709744114,1.538415745234601,1.1240635261519067,0.7622727921310485,0.9447572702085963,1.6784296285545313,-2.0378904272120986,-1.993049002823061,-0.3707902320509078,-0.8210301623559116,0.5127396711674931,-2.7682923332274547,-3.7657823880973322,4.0660002996073406,0.032546272250508886,0.347815415296862,1.329898631756498,4.111191307938676,-1.7355170417338752,0.13976258303535358,3.0941251229983973,5.46213585280097,6.638952809575708,3.912833478886773,7.558564609329603,6.988897867339289,8.54670195732277,6.986018297525241,3.5481615371288235,5.863280894271161
5.2840939997410965,4.013143385005325,3.6192060228995317,1.6905100594903266,1.0496339140260151,1.2745835593891102,1.894027090317716,0.7254946201597485,-1.5620181802670383,-1.0445279634568714,-0.8599440528347307,-0.3933233348454355,-0.9440376050959672,2.1791285167063403,-4.1273641247723205,2.248052828526973,2.448983492362425,-1.0721432268581714,2.1213559326337155,2.6391954777475437,2.1388989297512544,3.3377500763448276,5.666175285178395,7.029443548226477,6.9203746411102065,7.053897298832308,6.547622657002483,8.087466928182602,7.597653554652074,7.855626250929129,3.912819912566319,5.891425296504949,6.68750484643901,5.687477987067993
1.8514023675643103,2.432706109876097,0.5956994702304398,1.6047972063241593,2.3950449372723304,0.006591265628396756,-0.47265637835431545,-2.291224740601034,0.44210862992935057,0.5918593347723621,-2.7171461216488835,-4.4518273803006005,0.5995510875056309,2.82990631516881,3.1715229901237834,-1.3688557180372143,1.5657997814535232,-0.3375362381304637,0.208537904920097,3.0685590748477534,3.121958495839024,2.4493165900424954,5.751557054695966,2.9538497808874946,4.727803857564093,5.087990770676179,2.7666130212476814,7.114352292145182,8.409589510710955,4.5874578159914785,2.1346601387208533,4.85360117302482,6.632602681379156,7.441543958497632
0.6699343601780782,0.2768391430311367,0.6739842064420996,2.048819893103422,0.6618792006525929,-1.5722629519901723,-0.9506128003147521,-0.2759997202763649,-1.1031276446362792,-2.3087043111921686,-3.418184864249578,-2.2730105602725748,-1.8324150263703045,2.234102611585169,0.49280384527520965,-0.10031518489543224,-1.1192687469344433,0.10922115829187592,0.6863670604551184,1.4850589316957499,2.9415822097830793,2.4402416235559454,0.8650261343538075,5.361808199276764,4.020801428024451,4.9087461286304634,6.334486371024229,7.588132381681723,7.705560102011019,7.829168422589017,6.2343918736513455,6.907536473365198,8.050523239101974,9.323963657238238
-0.6590707124423929,-1.3133151552711413,-0.4013901440057781,-0.5177978961697536,-1.0061784423556102,-1.3612179071752786,-0.375372921583686,-2.274057172462665,-0.41073439516712046,-5.771234581622658,-5.053693323587367,-3.0533189623293864,-1.142644380207556,-0.017775584413977592,-0.7588554290227854,-0.07397636827697852,-0.9846579017054699,0.3132572542200238,0.39593486332038214,1.1287906077468126,0.7424414394809269,1.817867424508844,3.4560679722348646,4.0970215887134485,5.448971411447383,3.6274818479549062,2.17018837375858,6.014147815776992,5.453478005982272,6.803273416040283,6.847913288638857,8.218640736258559,8.937739448394783,9.368850043819862
-1.4793581130057314,-1.9770614711504535,-2.7998308651600423,-2.714282091617766,-1.6233224463282598,-2.4869073603707545,-2.44520429712745,-0.2819815118516378,-1.1629799438496302,-2.3471744002056796,-1.5475458634837826,-2.4866568410607623,-1.9330345975908492,-1.9201572648207916,-0.3576087241632537,-0.9515103349477013,-1.6057195644916993,-2.2421597998340337,-1.4233175242686529,0.27278481661605436,0.8131532011059308,1.1881010987422593,2.3493639542719422,3.292793621216318,3.3903407750722385,3.518499272696566,2.9030917842284216,5.4324744152403746,6.36958209949288,6.949685812405529,6.47018649366578,7.908427541980889,8.94826739901528,9.421690234894582
-1.9970604815624446,-3.310578865798355,-4.126649939095786,-3.1822695742656424,-4.182376655562587,-6.741256823588603,-1.901101157767913,-6.3013333839568,-1.8654414506110233,-3.8317683374090272,-2.726714197652734,-2.0138857560823107,-1.2302762961081946,-1.3195566061080917,-1.4692463226429817,-3.1598161115798717,0.07933400526841641,-3.1674437407717306,-2.184225796885429,-1.370923139809418,-0.810222630672654,-0.9463545467627601,0.6294819415999624,1.8015044259946433,1.1967185120612673,1.8310765922229593,1.7221243238589277,2.719048118203785,3.6781093402454,4.18647291777059,5.393166009335409,6.278976157534238,7.109330523864267,8.033180631211652
-3.8918210545149563,-4.127634186720301,-4.1830887006450865,-4.527399349197659,-5.090348934340857,-5.8481772603926405,-5.081384107724839,1.9749214226200216,-2.4850469809386313,-4.22355120526159,-5.290723117343611,-2.9522650240901225,-0.8883941505628291,-2.307881732939386,1.020876400698927,-4.051660645860893,-3.2374155029019156,-4.740625200661445,-4.5718911690833846,-3.866006965255992,-2.2575338309651394,-1.6476462428488075,-0.13027663172228865,-0.18934002246707102,-1.0916780637420338,-0.9255286528101458,0.043806547619140546,0.8241910754953681,1.8780022488104742,2.3625738309235094,2.60660894398145,3.7269535999565413,4.095510125414492,5.049539164610411
-4.179871382304301,-5.10078827096925,-4.044192384857592,-3.921234193892873,-5.390641273033762,-4.751914001756342,-8.303181320751477,-8.128539950629854,-0.8386671313282158,-3.573802043579633,-4.494100743653377,-2.7013272019700825,0.26937910377175217,-0.3435772387439674,-1.8428410722932291,0.30713970909091753,-4.861584573410162,-1.7737643362234148,-4.03485085389801,-3.4933979700002378,-4.6511232148644,-3.4434636597985198,-2.913514544632603,-0.8032999479363648,-2.172076641384876,-3.241776245673673,-1.5695872146544352,-1.0509671470000264,-0.11472393390646517,-0.32127988537363017,1.0187506538787183,0.9557512526232222,1.4072929340385272,3.014978134070697
-5.649046868385725,-5.697604259126194,-5.268522400177262,-4.800227530105978,-2.3690285041442456,-5.647670600220593,-5.329786462448394,-2.1775723354751952,-7.663091894984424,-4.509694958517439,-0.73013865834635,-1.6793074361143088,-3.067430157582512,-2.221527017551749,-2.41142646757535,-3.2094864710571844,-3.3719154141347256,-2.8010863758043945,-4.692589305804936,-6.293051201861827,-7.652699476391773,-3.087818797636846,-3.755257993824006,-5.064353296369546,-1.4780209320258892,-4.047643305551993,-5.309434660545816,-3.326859393254458,-3.7346408851157644,-2.8475374312226704,-1.424909955343674,-0.7022446125981521,-0.6072186703890989,0.22562475845261962
-6.297628454525989,-6.072785769391403,-5.028361532503141,-5.170019564205612,-7.0736601397195225,-4.286026079357678,-3.84176983954005,-4.221701872644329,-8.499009845491303,-4.049783058242521,-4.048942439688946,-2.1818313633088793,-2.1422986591252795,-3.5680316558863923,-0.32962921208585844,-4.7591897677171096,-2.377901274660769,-2.882884834803303,0.0076584917981455305,-4.302761072083431,-4.100720706537652,-7.3272111280478915,-5.554816739500223,-5.702329611105058,-5.092430556011228,-4.4955813198910795,-7.820753678569903,-5.604699094767803,-6.667631769037161,-5.358037603496697,-4.91608063472216,-4.488311548631655,-4.360768454560476,-3.4234496377501706
-7.466187108547302,-6.6889273669575635,-6.277889525594893,-5.437878692638715,-4.712560036081726,-4.465000171996589,-2.598470743908022,0.17195234932390455,-4.228898073864887,-5.225720485696244,-3.797863435870528,-2.6249442859456433,-1.6856892516990263,-2.372893195893476,-1.8741247627093893,-1.3150466324685615,-2.669998854593313,-2.7582352991673154,-0.845519218123153,-4.153850719972036,-3.1866900103551408,-5.19528991440911,-7.232577067935726,-3.69743692303577,-3.011016089241536,-6.0034663600964295,-4.960521705625202,-9.499996404860362,-9.33883106975931,-8.761477464819931,-8.451756739679231,-6.812099283033474,-7.037940242465549,-7.341361466093586
-7.538074187902474,-7.968674649341438,-7.660440168152033,-6.538955911980282,-5.784011798319437,-4.988897577655038,-0.6171618555565291,-0.062361663276561924,0.714371324644001,-1.1395742408996428,-2.7481700398368796,-3.453339285347028,-3.4700195084391314,-1.2018008669121365,-1.8544963206255296,-2.2429353614753533,-2.734374071451786,-2.3814302234354567,-3.028097155911435,-4.04491099770267,-2.6474169850523888,-4.2413724549099205,-7.351774074297903,-5.511662791440481,-7.186951339005545,-8.345026893898606,-6.679341382743027,-9.791604688948556,-11.423429844031274,-10.073944419857137,-11.015033561529807,-9.476967513199675,-9.6286635416672,-8.993397081455845
-11.03493551688007,-9.532769248517669,-9.53427415776835,-8.610574518364613,-7.266771358858372,-6.3539563297835615,-8.337786922594566,-6.834704096647115,-3.7665429347880743,-2.076068399819773,-1.036469431507438,-1.3238429042946973,0.8452650272440559,0.06725685138268453,-0.05560616464066538,-1.7854445884475976,-2.8573463009249886,-2.8469240329264984,-2.9040434554182446,-2.102200559907822,-3.7759107353905987,-3.986350406957991,-6.617288290692345,-4.972969258003871,-5.902028388862393,-6.994491222648359,-8.078337712244885,-9.918419677852636,-11.120017651306705,-12.044692891382336,-10.725819194004057,-8.26758264161906,-7.9926218665475135,-8.907842238623985
-10.308854958840929,-11.50558937920007,-12.752068540304034,-10.049430509237562,-7.994547568729506,-7.581766286393607,-9.395707325806951,-4.25140482867537,-5.537032269560095,-1.4635889931315411,-1.1000717120424717,-2.3480422503397556,-0.29644965707471244,-3.6885010820378974,-1.5852427184052291,-1.7706498029053377,-3.9919094459118707,-3.2630327246396877,-3.1461682699991815,-2.789622876802116,-5.295978925627456,-2.672802790109327,-7.780965922276053,-8.693198492027555,-4.700657330330441,-5.9668937998061455,-8.467663247688222,-8.169262380437841,-10.098499269238273,-10.78942741666518,-9.964370255885118,-9.105366501365433,-11.21998547389775,-10.929832571363079
-0.3614480219217322,-0.05453396908181506,0.9574315067172788,-13.066974697674711,-8.31983486770904,-6.902127437822237,-5.8038515897806535,-6.539704919397015,-6.697786390430387,-4.14554685631315,-0.5702578918179579,-0.24152958704405444,-1.7262112082318677,-2.483393615481087,-3.1974681290592692,-3.5584656449795586,-3.1618401198317594,-3.8964665651451247,-3.7232096853648007,-3.193990963658592,-3.858515098783292,-2.7845513779321283,-5.434453929130313,-6.589279874254443,-3.935684161352905,-5.161322959360419,-7.289948892196102,-8.210844695699981,-7.086187484052068,-9.051243965770505,-9.322799087480618,-9.281022625347582,-10.86370210591398,-10.63662595668595
