script/wind150m.json
{"header": {"parameterCategory": 2, "parameterNumber": 3, "lo1": 6.000198445256149, "la1": 58.999992894266676, "dx": 0.5, "dy": 0.25, "nx": 22, "ny": 24, "refTime": "2024-04-15T12:00:00.000Z"}, "data":
[rows 0 to 23 of 24, columns 0 to 21 of 22]
6.365716102266482,7.17729270199854,13.336996951495985,6.190589853632327,5.655855245092913,13.54273817005473,5.404977816900827,1.6729675779884217,10.768156720948822,13.765186483991917,0.3086636521432573,8.241867679062636,4.938657298993097,-2.077016836385963,-1.7896187580855285,1.0725328601274902,-0.8621569040757329,6.143730770707747,0.4516437382300275,3.8053100603406578,7.110639676829997,2.0962372529296407
2.3865030090830452,14.442696477685816,7.256767983628004,4.223511587521378,11.719651201464652,6.2810155104909144,0.7813260763428412,6.8731779652313545,4.803846368579278,2.7547301541929556,6.887780997545142,11.051053026694845,14.094153620149145,11.956965175436595,1.8915345554193979,12.593541643585645,7.076411749488595,3.2356631890342182,6.015020359065797,4.746434779231557,4.716241297929707,1.0923254235799182
3.0309011335016875,6.830305935645275,5.299392479171722,0.846634200690905,6.543972280782362,2.1646791785178174,-1.8585173060129074,3.946003045833578,5.505033471711511,6.423851809026616,8.17771920029877,11.97874338574282,1.8044073432565177,7.6018783080871195,7.979945804269426,0.41916706084634114,12.274687959053104,8.035768094546723,1.9141016770584451,3.093182701622487,5.03284971198819,2.8444174639880475
4.130050605300713,7.669813282028299,6.205488842541707,2.9550797965611233,8.035607730670485,5.078677319551158,6.519053190595129,1.1292751686598723,2.0374702128588082,4.639141409163048,3.677183019565625,-3.9545814664621655,1.4043213598093451,3.3023276282772223,6.999607781285334,5.3511706818695135,5.040811783721468,7.935087394783949,10.028577968857789,8.6570785113253,5.4621047583986275,1.07764262291902
3.3582540935925502,5.335213403263773,-1.2702100343338465,7.7035472227492185,4.081277372027609,7.812948053099802,6.7996407533318575,2.3599308929989338,1.0549170824793985,14.150529423631541,7.099138894044038,3.2350758650785627,7.7289501469039195,1.8760476044050711,-1.1678923558586893,5.652939588316623,6.849388008111299,15.470209077618783,8.889425572474941,0.22543056055903576,11.751396764376413,6.306009594152822
6.044532422429845,2.4507209863140362,0.6905165065223927,5.254733419504579,16.58950367379416,11.9746191196629,8.869448358383341,9.422438394429026,1.7304125709472677,7.804823896845796,6.720756720216793,6.342585231048108,7.418078959256567,0.1846002043033148,0.21730923596254723,0.5513535088488488,1.312670627989844,7.3926500196181255,5.652586704367638,1.4097479891147549,5.062119457947785,5.330023093927901
6.156907909258002,13.1057730599175,8.535782259597646,6.687108176653646,7.513189422494386,1.715599401852893,12.958131777523965,14.784802075450584,14.552362601702512,2.4742954420669356,6.289532397916322,3.822956086028439,13.6043603276832,5.318111503715124,14.116153613518412,19.083044489868666,1.2497344990108827,16.315923592740187,3.4857049783362988,13.637996987823511,4.95327765233234,7.176436090271494
6.102261048467903,4.4983117234773955,5.476753612391399,11.320605529217731,2.9470342489727597,5.774235327291497,4.1055682704618635,3.1945403456906094,13.319112781160504,2.3373323312004293,15.00586150807218,10.261416456741168,5.860601188240892,3.4228435780237914,8.625595403363011,8.086464622600902,7.938614552312392,12.71870214232961,1.1570296512036502,7.324387515879976,7.484260389781504,4.119482410954365
7.399245947694762,4.873707121819675,3.4096242905596847,4.363863571722102,2.273404742331014,16.596326329318572,6.537856322948706,2.770126038385613,14.082412685793317,9.404174019483008,5.311219872345763,6.714559856257492,1.8243898500270939,7.4952693105778225,0.916885903576809,8.010590620805722,12.575751507639604,2.4204396029265722,13.199803558043525,12.143928731146051,6.854844485373914,6.458357846085201
-0.49509583886865793,4.781794300868701,2.5390809730395625,7.716501115384411,6.324628914518488,-0.9546717489747545,5.657312445759965,5.392927959615693,-0.8657476666282736,-1.963872590295608,3.626749230768783,11.248273767372314,0.26995047488495394,7.226366720714635,7.64673412139774,3.9862226320954304,4.552581437484913,5.076966081233348,3.3443083626778556,0.8482545562391726,2.889109765007667,13.867126184691282
2.4130954847101886,4.580003714740503,6.6439515739769615,6.611669414870956,-1.4521403323969873,5.577138751262978,3.2469152731075286,0.8284763703047568,15.960788537650098,1.9211656155940067,5.161819717492401,11.82960178378173,6.287384318587196,12.947386386603869,10.476314334185053,6.38880566013221,5.443833352216405,1.6606803712931064,7.613063574415127,2.885651456077605,8.415478439286273,8.679447662753386
5.98992006076306,6.827726952754017,6.833421302141263,0.8821959400038865,3.185521081326244,7.5198370718054335,7.021811623982086,2.6963312341720136,11.312801962210186,1.3280906093420446,2.852517229216473,-0.7959815976637001,2.529019438747921,6.6062113612872055,5.520100250009903,-0.056398907611228774,8.242733445531082,3.6325573723879168,16.153680930370985,14.291863981869207,15.502118588807656,7.249771531743848
1.6106505321006797,3.7734177616753306,13.7091412951578,13.543248520847195,1.8615804068027528,4.782025422166697,4.288022267326041,7.661562658324197,3.1536396724457116,7.230113188035479,4.306403464227697,5.735857724351283,13.070070693339837,9.163072784124395,7.677396718946445,11.413935376886908,6.694475647718861,9.56777459547671,7.588240644434538,10.360863550964769,3.1030884759902544,1.5705443561716743
7.079382245710043,3.563468085908556,4.76918163349097,2.7758588025496085,0.12299547817221826,7.052431292344497,12.52089017454152,9.626001360592479,5.9701071353707365,12.296529429640152,0.09957843007543224,3.7236631169691803,6.315536379419243,7.3236415577199665,6.135757364576499,2.581128301984262,2.3042846455561623,0.7165940260724395,12.583449555521067,7.2544392938964775,11.584426677689242,1.209067620834749
1.3128318547280418,-1.7595610929666812,10.826797423307049,1.6275310138225352,-3.2501599274385176,13.977463983682902,6.639043457729911,7.834999386403855,3.9657247042622643,1.8521098884766287,2.6883834753961358,6.858370709168059,13.465990334735906,12.58735905742806,1.247008722650774,4.7723340675977735,1.2875083774162572,1.5463147375065058,-0.1779757745376281,2.9226397160603494,14.022605973151862,-1.2834700737369538
5.835270886818525,9.719848000263893,8.06329926115302,14.742118814898644,6.66625453308461,2.5056528832814373,-3.981343557928117,7.0555789345048305,2.5431672226207165,6.904159142111722,8.44303641169885,2.7139192337322813,5.584589323419736,3.2481615359062195,7.579973593460155,1.1255295015941136,5.845316179870556,5.404637163921424,1.312509994559104,0.2343554284181555,12.163273953498441,4.965778694667289
8.991291665027461,3.0611692067956477,6.483790268513613,3.587955141096885,2.8284394647121194,7.421664104941309,8.05624858851454,6.032850142007622,5.401451029374781,3.004732118222499,-1.849542247632885,11.906519933779785,1.6774061958947901,2.487183369752426,1.6924870935550338,-1.3703560220773898,2.3874517148409127,4.807925221184778,6.957902453590045,13.602592395500695,-1.2133767269100402,6.85613153860117
8.211305398299388,2.3103603691019714,14.205246056116007,3.9919189892742493,3.579730196391177,4.129522186821068,5.6634151804899355,9.118728669379704,6.5606915659490666,8.56695847734334,14.284932583915564,2.822910061630688,13.960212695658157,2.342181478225381,4.897745308505448,1.3618154702156524,5.755091792269335,6.439753311484048,3.5732175019499657,6.660828601916611,15.597486581448774,13.852687501043576
4.063688881177303,7.120667390151253,0.7888637159071784,4.753985243038071,5.847727142223356,5.795581421149574,16.694015047560104,2.7810138918499487,2.4526230677687915,5.119912965311207,9.006963605753308,4.9716857816607565,0.4647475773158918,13.48302018349302,5.506187147877178,-0.18626916507876093,13.813336850629076,6.7454718095190325,4.675489161458575,3.680172577473327,6.539399409128243,12.60125792135343
9.549329856824164,12.13106872083115,1.3066407517036553,6.721138598755742,13.38624624606318,8.070509619501498,7.758528144062019,4.025582562612363,2.075413261754756,-2.9029403551804167,1.7709754175645367,11.289414924606819,1.461489149504481,4.025804491299611,-1.995149601952548,1.8142402212263682,3.5203387316219463,6.318985212696694,2.0387436841978146,6.587670364985538,6.242080196619534,7.7746212943700055
5.8680166240296385,-0.20592541036615347,11.79734718173467,0.6658319373220927,-0.13272243656626234,6.180168616887281,3.982449945163044,13.840532974185713,10.568695917467126,8.095756313133494,0.40539217772470154,1.4990673999272364,9.899936405083151,6.644173570144613,5.542826130354134,8.65469273073337,2.901052613757378,3.8462019538037753,10.73609834166133,0.751045066373377,-2.7817397269876807,10.496816659046319
3.5292958541570303,0.7632912122611643,6.513316512774095,-2.832407951544003,2.1411525695444507,1.7807352035436155,9.991031234623552,1.6218382780286986,6.892564729481525,7.147925946935655,8.11356520275303,7.591087156761574,-0.4566350699339414,6.311987068301452,3.4403962628962104,15.914235014967373,16.005113095524706,5.376979910395541,8.812296094288758,8.29347270176898,13.94311602431594,2.505356280301717
6.3545189360137755,-1.6008144777459745,-0.64298171653451,0.8228622685598224,6.427875182617509,6.044546549271408,2.739909013369647,3.0584136393699395,3.5053591272177202,4.7861859779190485,-0.9364261365997766,7.335033791611399,8.001635983269598,0.22402782540713026,10.719074820078651,4.5724892239472945,9.133461639133786,4.04918974197578,7.63224869717944,11.276726142364943,2.8661785268845343,7.419688565282512
5.867874831424459,7.978799098601494,0.0701048720242718,5.6163605938505805,6.003897327581557,2.8767715124202335,7.806879222136644,8.618028559836763,1.8712070911124101,2.470663249530416,1.8311152081712945,0.10736806881985635,5.499094483578561,-0.8624581324841925,1.9155194659416104,6.827895626870695,2.12394464053997,6.2648070951841905,7.755554328223614,2.9751982898325724,16.37871288062855,15.862702683571257
