script/wind450m.json
{"header": {"parameterCategory": 2, "parameterNumber": 3, "lo1": 3.000054539987559, "la1": 64.9999836372058, "dx": 0.5, "dy": 0.25, "nx": 34, "ny": 52, "refTime": "2025-12-03T05:00:00.000Z"}, "data":
[rows 0 to 24 of 52, columns 0 to 33 of 34]
1.182605154864702,3.165009122790002,5.202857936414281,6.834807032037762,8.511013418688593,10.746622030786408,11.942004117294841,13.223085428995146,14.983305578274175,16.193956677504033,16.15547153549583,18.093033053805563,16.84016507260836,18.790584985096466,18.62925967939151,18.456708390899223,19.09070688994688,17.95925170936598,16.494665662658136,16.93667597677947,13.533086763225912,10.669102802809164,7.51331416015388,8.228115779587343,9.805684867252223,5.532728983859995,5.925507335628213,3.3092979133237566,2.5371419497121077,1.7942042172367043,2.643406221747539,1.7717866661736086,2.0961425117598136,1.450203345909539
2.6573519670199905,4.61144694742229,5.845897685711069,7.051642141779057,8.316016272706053,10.161134785744173,11.801020600847028,13.643399180709162,13.702389309605444,13.958847901580443,14.855209985902638,15.414214443661512,16.502969179769543,18.449358411901528,19.514408097538805,17.3047034057057,18.482998371887444,15.333409481171241,15.193128802979484,13.417168746603732,11.242742773363167,8.920299161090515,7.269962802234083,4.455817984571387,4.9055171556313,4.468306596979355,5.398917290124937,3.925762400691257,3.6784963970159525,2.5763901778366396,1.5503026082830427,2.3183289989559457,2.305685406839695,0.7374454012161843
4.04732321401293,5.430935625421055,6.836205219869108,8.302448113138643,9.515003624944393,9.625071508060316,10.358824535936005,12.018265728988885,13.424264688614766,13.386121743897224,15.794488244563132,17.722293666600322,16.729143275902477,18.510117412634937,17.9556293618659,18.843104126002803,15.189112419620105,13.189308158469798,12.338780307642132,11.132322923929035,8.328665511576887,7.612676201019234,5.947294880299481,1.9102462351347984,2.513829175167525,2.8304503749705865,4.110704266016819,3.1379468524218233,3.6112014932205354,2.042906359703711,1.3109688008941114,1.4476113201044964,2.644420376252551,2.583100664656813
4.789669438361964,6.203122369820909,7.091614796832248,8.36709967817599,9.321640932773585,10.368497858095994,10.871868144352526,12.296695788331995,13.422649892255095,12.52340165938351,17.052511279425993,17.23325615742355,17.082294440786757,16.422343098084056,16.92439083733712,16.536545080406793,11.656637524011952,12.969921007170035,11.42362144087465,7.042698589237692,6.391545983565618,5.03174697788828,3.30454585762242,2.438022509984179,-0.32528607885665933,1.082440898842675,1.5617009043892194,3.341807217895785,2.5538669698577867,2.4101309392102133,2.903660475921561,1.1520503219263327,0.6132962431690944,2.7248829843290903
5.061654576696509,6.114741377504644,7.00344530525701,7.647128509023326,8.924419375168773,10.97980889897189,12.819386743936223,14.312498559887763,14.804891271101983,15.274390700614914,17.362397973038888,17.231311691664274,15.791065645015111,15.84189371989899,13.754419707506752,11.382073035082964,10.90036933875189,10.611726909930445,8.591703087724577,6.83922549722497,5.868387445468913,1.463409815637527,2.1669296092041956,-0.17605613881941473,0.06537249565155026,1.5955741599531479,2.5333306384753604,4.577685139424456,2.169715223496609,2.41843637931901,1.1933191974001889,1.2402396073948494,2.9839659558570624,2.7690195296326507
4.854500061866968,6.480732107448067,7.886122033054036,9.232190789713428,8.136337415647633,12.656569720362432,11.981497833913034,15.217722623219915,16.423108523409944,17.60676410100383,16.669098580132186,15.47677157399771,13.916694702844019,11.835735752828564,9.911972077007144,8.725874816966288,11.307806018698825,7.907856822688668,5.236998600424413,4.0836074581664885,6.2255955218444194,2.3949184945869924,-0.21055063568273427,-0.5056140000319567,1.8070334929949488,3.7200075332824505,2.3366857188006405,2.8270874325608952,4.562483052125895,2.3812911362569054,1.6092577646582358,3.186144475189932,3.620245304319211,3.0851219331349906
6.353875538384909,9.260125635011457,10.61539694153437,10.309119275230728,13.037012168435428,13.303378201719697,15.982912641640615,17.712195805551048,16.816678154734664,14.339875893968118,14.89241080289746,14.001954647336445,9.673054544536775,9.951358106213421,6.181092344459031,5.131555540578477,8.063717072883623,6.9029477489112505,4.089949129725036,4.338234101342637,2.087910128523749,1.0727393823002724,0.11288033801071097,1.6475975026195626,0.04480599820931388,2.7282852360881877,2.1005347223985336,5.2829179358594125,4.888092205660518,1.5477072599681598,3.4450940155658887,2.6675087268969393,2.039856955450453,4.836530824836777
9.158684485370673,9.674177141987599,8.07630905194463,13.335661012535924,13.653402675246822,15.078393292273793,13.325179698213125,15.436342905575279,15.87194560167419,14.012786699494095,12.699383559826915,10.05375565626978,9.967988787132649,8.335646881293451,6.011355887828544,7.5861594029477075,10.611355740540132,7.607251198046092,6.376220591669123,1.7021134926447983,2.5673575286676775,2.4528037826951716,0.5190668179616658,3.2739460653595396,2.2395802775822276,7.43974453513472,4.912856426285771,3.136170202788743,4.608496962839272,3.649828552250075,1.7659045087603054,2.8992465278024224,2.262597419116471,3.8503310842088094
11.311112340187046,11.06115839392433,15.417823582621192,9.292603962075637,15.232929333617937,14.399939667643363,16.3003860335074,15.03109729370945,14.399904036668564,14.729559356964586,10.19268135134683,6.399530932488245,8.671560513952594,9.466860736555269,7.714724715328389,8.08518020985265,7.831936061949105,5.95317227655072,8.686916675777749,6.303884518428858,0.6195705556972926,3.7474453634764644,1.7325390555243159,5.8204413073225005,6.4509383714855355,5.657763034190261,4.488734850031107,5.623116538562508,4.218822791685362,1.775368654468581,2.369368327404614,1.8655225012055763,3.162155515793477,4.591000640927103
13.185096291361951,13.567645901420864,16.134027481375746,16.793219110686202,16.96523085285057,16.32006559087624,14.360196011801612,14.126406445286936,14.709864521864768,7.167159962819885,4.7798509386809105,6.674231317847651,10.841755254487012,9.302222750042116,9.458288823331493,8.534886363659087,7.494525734805812,8.806711776250378,4.845884613047628,5.244346681731209,3.928157145575077,4.808934874961983,5.903829897293633,5.59294864631114,5.548795914779068,5.032160551916213,3.88614779015401,5.709613078086208,3.431923803833929,1.8877959916187927,3.0803029776720816,4.195217153290772,3.1733459927415963,3.1906950939564753
14.765206709278939,17.5739102274243,18.441139579404787,17.812578952638386,18.180919338105728,17.04772414054094,14.052955419848715,12.638851594997744,14.706613509790566,16.66884076992006,13.791577970044772,9.396934235000412,13.102390458333565,10.708666133692484,9.315653368718255,5.791176256533589,9.866587769733957,5.4630611339232305,4.902215598477061,4.564486174144068,4.554285187905006,6.312118432587014,3.5855157172547307,4.648176378054501,5.61067808060426,6.63031644227117,6.18812843230973,3.6106772740966604,4.740358500566692,3.7288505740816165,4.4058733580294085,4.826491243767139,3.067027775228714,3.253491475219181
16.7397129696113,16.15901369454233,18.157125825555674,17.619565141678503,16.886809679247225,15.508925518750406,15.74322838482103,12.773283592026843,15.369268025230241,10.681763650728724,12.87110197676068,4.259268331953363,7.845747186277177,7.508671156355252,8.17372321848981,4.99413232704355,5.676011228542314,4.9244768140027615,7.398558693836299,5.801287912606066,6.052413652044632,4.552829520887349,4.729109559850228,6.447632551045034,8.39713302006987,5.861223951086261,5.203388598867053,3.885217645321338,4.723261327473453,5.12342061606929,5.354393849439299,5.240795513090251,4.332158089924027,6.3669336129969345
16.565747540543658,15.69242197001097,16.89717393490665,16.174309811393655,18.102121691603937,15.687593237933365,13.384159094420152,10.628324425738514,11.478293078648067,12.560839910956417,6.117839105937901,7.065794243945581,9.196978511914573,4.2182538217500944,7.584151153372413,7.010802061924207,6.150298170230982,6.897345218431136,6.496293812625801,5.857292087669477,7.2343062788176,7.928223883037844,6.497374745096603,5.487512462020891,5.957494715872097,4.299698328512929,3.759339647444568,2.5933780871414847,2.9626308674855992,4.234396699879583,4.0074281481431395,4.058098542840857,4.843698182589526,4.99342695750343
16.359857209080094,15.698257198864605,15.835011705764602,16.773287586192037,15.748128581921685,20.013589139310813,16.887336840699366,9.50574444387973,13.424997726204076,13.401124584879982,11.826380625706774,8.183238542321368,-0.20850563703583813,4.619399550517034,5.332438889342467,5.849127870286971,6.761994938592613,3.8881316701944804,7.721025478724451,9.238809472483199,6.119592324926645,8.52981799202764,8.12407979836176,6.971398823019121,4.551950885323696,4.996476124196833,4.081204544902321,2.55286765219153,2.6006985714601574,2.963358068335201,3.4188445246645864,3.556973114132126,5.415233987359664,4.884889613056946
14.654104966533131,15.244401296939753,15.575720948972544,17.05472867123507,17.270124186499256,13.116162340118832,10.369688968222913,14.47873049691245,6.543092380357304,7.20237225397927,6.0964836754451515,5.886306991473697,7.387218137646378,4.674054292923723,2.378224630926,6.0860407468695765,6.02423879867989,6.831096388785851,8.152005067928751,6.7630430195407785,7.453728402081662,7.008164713444866,5.610348379848303,5.508085927644973,4.137065869871407,3.9987168990841746,3.5783019624279286,2.996778201647363,3.689225419738759,1.8655159701235993,2.2523459328338906,2.8173710200830517,4.1186089168632245,6.340767052143759
14.97080375076949,15.289459619035254,14.358461080221147,14.562923895984122,15.843389301486821,13.290436831305245,12.307822021582718,4.047075530895355,5.247929465674786,5.067405390393423,1.8623378738058536,3.978346710981583,2.61625291052667,5.545782328178816,3.0710600171962277,3.791318860458862,7.247210017258759,5.450559627603157,7.010192691012813,6.453843083052658,8.831408006249864,5.8949960182415175,3.8236797115604775,4.835307627149508,5.8693955909890105,4.146390212415747,3.2152202373462644,2.3806989434246066,1.5535147615243978,1.9308668610204478,1.754582196740565,2.301330338514727,4.147523813179341,5.821844988721612
15.112043389961137,14.703068856968683,14.74464431440162,16.219782818623486,17.067349589775727,16.5274922319252,14.35583576477498,15.245791964345768,5.52713053186766,12.209193278993867,4.762152309555419,4.593724648812558,2.553054659488418,4.121942813269936,4.666132744647279,3.6148890766343618,5.182123868251302,6.406835493535666,5.921114948364789,6.881733868703762,6.475688409611431,5.793830168289777,5.485055058691539,5.230192667184878,2.793638913954242,4.182441688361768,2.0430796220057355,1.8450896461468844,3.492877389727596,2.778848950770206,2.3152951271730244,2.168865591947252,3.7467752305792166,5.7514191940730255
14.24221317298588,13.943127580386268,14.45930110950248,15.334290644474052,14.702921473093511,11.537741041003853,13.227556672723049,8.411085773221659,11.842525517011127,9.56257112221137,2.704593688380579,2.869270821970561,5.188803182934372,4.48434589944612,4.196724110093635,3.365620708655966,6.207265832521094,6.959135352161479,8.529469986323015,6.93684695342072,6.5790195313936515,6.574441701441594,3.6808529330407134,4.161695163185912,4.044831981379102,4.187758641904215,1.8033586547542302,1.0351969503839533,2.253001892584062,3.978012538568089,1.8318511295970956,3.582009330692087,4.508230591036271,6.673095590644755
14.063605022418791,14.138847958517141,14.653981531493159,14.701258737876914,15.51751123558389,15.28058292431238,15.002137240556689,10.178214266096155,3.1634282526055237,6.633422795828314,4.101423275370026,5.0602604878623225,4.676837295700817,4.510906531290701,2.9609195821356953,5.905077631308195,5.440271201036999,8.4267450555411,6.048621080658785,4.751595646330979,5.84780233343197,5.099600124286563,5.032381001791603,3.667118348729135,2.791972029762369,3.032733553565493,0.1469781500794923,0.7494299125812991,2.6160977705955384,5.64944037702332,3.9348978203125684,4.8691206875227016,6.195545502164074,6.8641615684441994
14.383924894428862,14.238821998184982,14.110614906855096,15.289214553919795,14.580382049290225,12.95971718489979,8.600583104323961,8.427881105731684,9.009969971528427,6.963322490031585,6.18891900590763,5.840355905615513,1.9345419322699506,7.090521730175371,3.964284762044045,5.793020419908612,5.876837515757494,5.823361127313436,5.999641931066819,7.015470230072241,6.587212605344667,6.131596220607361,4.004541193558105,2.6440057316193606,4.606636064600124,1.8437752343007865,1.6475921014733477,2.5791998019544176,4.369056866379429,4.0812148186207295,4.924078090575613,6.03760520092702,5.505714193971174,7.954707257981569
13.64186137017585,13.851665628143412,13.588213420107733,14.093889968956375,13.601101355183696,12.357439835372443,14.519707617899531,8.703727737074212,9.748934580243452,8.770397340596697,6.762581493357148,5.26151182541755,4.5978917710331135,2.7327639638405197,4.946535048407478,5.816027468326784,6.131812192271843,6.674615781193696,6.7121530084586025,6.22943996253891,5.188331671308264,3.7227326320316467,2.139116547840965,1.8451711187900326,1.858374888411715,-0.5028990965723733,2.5302123889112416,3.201041679385364,4.003674775384502,4.612442545390462,4.3078715951212345,6.742359183557251,6.118766791190628,10.606618282056317
12.756992003889279,12.799777799305499,12.813337305260788,10.980592373897496,14.484486279183054,12.105250083076497,10.28079339095672,6.810528861946972,6.561892866366726,4.567475899486522,6.5160920933307915,5.348234621710441,2.526453343378005,5.010734694254963,3.3557075421667806,5.632935960821535,7.469471194536417,7.433500471813343,6.752657685636391,5.38533415199354,3.6161358465369293,3.6669478356420617,1.909024425326693,2.4105707690080123,0.7727102523632826,3.1411659613451106,2.688543461976589,3.87400775444035,3.317773042515553,3.4406035235785013,6.189877214775362,6.376946458344599,7.930137765605365,9.316276736192385
11.722034437339513,12.183521945051176,11.763257038659114,13.248234452988967,11.978758274170207,12.882290382345275,11.75091371610121,6.78167149694392,6.582908357444097,6.745914586849663,3.9080476363548047,5.4398879965726765,4.878506083388556,3.9951663564637894,4.46743687050605,5.324661024133971,7.003184319679166,5.110708825827342,5.398415204147881,4.189444388476339,4.15347004400847,2.570234791454721,2.7922738669883014,0.7436785817261452,2.4807455370302587,3.4109264230434304,3.2645738431270424,2.9320735385467085,3.1732202758452703,5.976673870377015,6.114949075745407,7.7135677207896665,8.41913279059221,10.210048048688323
11.975401919092485,11.590061744793422,11.84557768064181,11.730962519153124,11.055676375975201,12.182061065405524,11.09495261946355,9.64833030601236,8.6637361189195,6.6148427190972034,4.546346252599859,2.594398239486222,2.2756542693470547,2.8464461463247233,4.164790434183739,6.369539615165776,6.533571226451332,7.2383203506878,4.550486593939718,3.3303477000313686,3.902691128220191,3.001053595882312,4.023347455566508,2.338668921593234,4.807695422841909,3.1571165872382116,2.769764035544857,2.9562603152185107,4.694977489657592,6.9995361948531425,7.5580835969198255,8.257759011333144,8.98617114798762,9.106926335669433
11.89175047081069,10.576223061256309,10.79057121170782,11.407489827828128,11.57035527509602,10.20472878637629,9.498594188732481,11.681527739838968,8.400487557454596,5.411198905448007,6.837472139010134,3.320896700350681,2.1072986782594127,3.1215785141162153,5.20826932859158,5.132505652356318,5.2168848691159075,4.434274239392149,6.492777046522561,3.3030551290673755,3.8464180989927024,3.8196272424430213,4.432875172700762,2.1161258026655783,2.536072117057561,0.49193636818102693,3.9785745970444153,5.6240291849680055,6.701890670281124,6.683070795200031,6.70853834447265,7.380129205278311,8.597246246654038,8.73126342820996
