script/wind10m.json
{"header": {"parameterCategory": 2, "parameterNumber": 3, "lo1": 6.000198445256149, "la1": 58.999992894266676, "dx": 0.5, "dy": 0.25, "nx": 22, "ny": 24, "refTime": "2024-03-15T07:00:00.000Z"}, "data":
[rows 0 to 23 of 24, columns 0 to 21 of 22]
1.6704137277532032,9.519625803117792,4.888992602805846,-0.8160858357761234,0.6566012763517585,-0.2349255081279243,-1.1349517277247991,-0.5472534219085251,0.38090777160099226,3.404609385286497,3.2491286079808206,1.6292767935404577,1.5305480908406084,1.0471188029464797,4.8320462696453745,5.886056842611737,3.2549694585514173,1.9170553876523606,1.9730776751642467,2.2567591825877678,2.1319281255674305,2.1714259101645994
4.847258660245734,2.609239982524473,2.347097505949751,-0.3770838305688688,-0.7952100003708064,-0.30034256267581105,-1.1000233470848328,0.9763209471531251,1.645943455630847,2.658485548976928,6.91148811321819,1.5806576508530066,2.0103107818352663,2.9012260559670686,4.928465388783787,4.332296941207274,2.036534436583323,2.7666285687545087,2.4247127290060364,1.6015494597565645,2.2114477868622497,2.406097503269871
1.6306313234584193,1.813919217734414,0.42235654889319074,-0.68167070721983,-0.5082142305536338,-0.880955829854503,1.9102372333687554,6.535018116778619,6.66014490409238,7.7818130217376185,7.509368422921546,2.1133802763343343,1.7338564135302972,2.48367582301222,2.9610196006357685,3.487021993254083,2.6954717250593343,2.690305676072212,2.71420570417627,0.8405284255051518,2.3638599012361547,1.9558088640814717
2.951847196455422,0.33831715222475955,0.35958409875603503,0.09461144467208821,-0.37677429518649863,0.878739978423873,5.120663160160019,9.726473261247198,8.231227197051691,8.045820707796109,9.090167210893057,5.344381410479859,3.3076970379401334,3.0799082571288077,4.254246362654064,4.333155528564207,2.345662083741657,6.647923464905076,2.7787286178048696,2.8582702132802327,2.873018581142586,2.4476828613004824
7.578971071797632,7.142403871156686,3.751547129823391,-0.4605762835404789,4.626107483524387,8.97772935528951,10.125583921270469,10.217398921363621,8.720717834301443,8.47966852758841,10.428407207719713,10.23580049785154,4.244534020925891,4.109136984221767,3.9121639504580985,4.105038529171391,2.7313655215248716,3.5745208725515187,3.4431468119183073,2.5746091555968946,2.945277223129305,2.9394553016750002
8.349695727231772,9.027194629370777,8.768964370802946,8.738883122328769,9.487250883808274,10.115142121962652,9.084642708398894,9.12306376568289,8.08800881306956,5.622479556149032,9.77688614750944,10.517917794059032,5.362239536794394,4.119777343449894,4.148224089342285,3.724948027812543,3.071047548680374,3.3132764021990315,3.2942744726801245,2.3674235978953386,2.2571436559943536,2.020305603493106
8.145279887942134,9.105091520902496,9.146724846176602,9.582254899025965,10.189499909477973,11.150654605273559,8.826723149185996,8.934356316124004,6.8350589267051065,6.328180797873852,9.280119720635799,10.840739651034374,5.100409592939441,3.713364005506496,3.215748737428702,3.181003794644358,2.7148865555416455,2.795796379133553,2.7196166968608932,2.157945289665877,2.591709220499314,2.3244893215033504
9.077195794918474,9.152060452213794,9.344894564510478,9.376484586593154,10.269810014481486,11.26265649611747,8.22780337486786,7.878250232329068,6.39060697992814,6.517362194879686,7.391335836009119,10.823687167307058,9.835528208991548,3.868590195487926,2.7603746501619773,2.474499572152583,2.7598932817171455,2.6096510229316476,3.1379585034209097,2.5360571755074806,2.2109930322372455,3.7147618595900154
8.94536534214706,9.138447137906873,9.59724667302173,9.463295167691093,10.184572592568184,4.785504899455635,7.792124298257444,6.759958706968642,5.806458047486277,9.294159275990515,9.888102554208361,10.60466785583254,9.886439920235269,5.328904568326553,2.852087146373082,2.3538667624280922,3.035586833910016,2.085693114773891,3.0962933819578917,2.6204220715867432,2.9084564666276163,3.6327724597825433
8.774396082837832,9.130790572881416,9.777620659697313,10.0719733478509,10.270175343946327,7.084083839607353,6.367317662836981,6.618634703932122,5.136385745038345,8.370790819523403,9.838851759946195,10.013256924058242,8.359706231661399,8.059833850889449,2.9740333089123046,2.8247936128556916,2.8906200655328753,2.6092768514130156,2.2949184799221136,2.7042169099416666,2.3481479492225494,5.307462567782719
8.757693848007824,9.16662502320379,9.440944070131797,9.666636290592288,9.903513248632823,6.0271529858939275,5.57120045267134,6.023677476488136,5.531552888286496,6.97111733031057,8.351241261796684,8.956510645336454,7.912458615056498,8.389704889152167,4.197456902751638,2.2771621294613107,2.750720377387838,2.79000382732201,2.6979528280846687,2.71786428458772,2.398826242868319,4.857053019160751
8.47445034840568,9.33337158063203,9.594841623640304,9.389100003694633,9.472272885195071,4.916026638555941,6.1247898510389875,5.592118346350062,5.274655476860401,6.743681420845389,9.418726714038776,7.987005878653498,7.26072549952604,6.632703827248918,3.8897087497260996,2.8508901859958167,1.6696357509740023,2.7102556333237815,2.061967110186665,2.1486751926676666,2.6777030988297703,7.0230132377609165
8.744908702634763,9.482483456477873,9.736429590136765,9.165062527533106,9.348722252493136,5.584483165629498,4.39421212727793,4.760733865370827,5.481043758786126,7.631084654667784,9.012960024301051,6.898177747448937,4.11205587044424,2.465751764308096,4.805880131651817,3.1617671822024533,2.197240404833131,5.624437982383408,7.040122184153949,7.193450954350543,8.847194930028046,8.458384838856333
9.094676218342519,9.500466054710095,9.731314218738472,9.340297158042258,9.074295486271039,5.7069464653028605,5.3662264287250006,4.8293146235493865,4.809809124228289,7.214419151278743,6.842152201051874,4.745914272287899,4.349954730522614,3.848432394361202,4.502172745427324,2.4820681741101054,2.5860815065187963,7.4456794288180115,7.193125207820554,9.13242183731468,8.740160919417317,9.138732555844113
9.263518125946122,9.42975592140537,9.338104978229842,9.493751377923342,8.809677847355442,6.538664995218732,6.074298825034389,5.060944363704377,5.615097370261401,6.0785600216090625,7.19301662930864,4.1599995029668335,3.530596224508646,6.853876702203252,5.013777137386879,3.1891347649943236,4.896153704002271,8.398141295316725,6.775212613123454,8.993831682855685,9.285693116929776,9.34967073929193
9.033750356228353,9.226676162583004,9.155759288570762,9.45114625432914,9.057172293770833,8.746048592969057,5.417532772257271,5.160521528978561,3.588540227964014,5.761303803247856,5.107219256653019,3.279183881993904,4.144802382077914,6.65764803526698,9.009352253147267,8.443480668974328,9.596709571998973,10.009772430815909,7.345930696015868,9.539783919431262,9.455244423731516,8.803398962693837
9.115021270415237,9.202241478050547,8.766988782402363,8.683719563900542,9.051796232004962,7.677380763532033,5.273243317274868,5.0841709001884965,5.445292226997996,6.3458809822727895,6.688897050405196,5.262607101649271,3.555093645336618,6.5126049647692605,8.481316032608252,7.6425289413611655,9.540789246634468,9.390805841882445,7.704712289952033,8.68277585920459,9.18182331067481,7.615609498268715
9.356794830578668,9.066894532116722,8.966678656399734,8.116129715805513,8.83702086115883,6.378880803432173,5.086148916230155,4.621556131463775,5.191319467420444,5.864407604265492,5.650572405509955,4.9578206135204965,4.316028287143908,6.347635088083375,7.588943450916444,7.052544882039184,8.665268100918867,8.987064454527783,8.867655869581295,8.28199137803911,7.670823487668933,6.369330647422819
9.25369428877034,9.001360746672765,8.451038102350672,7.941729021966989,8.111919230324643,7.847509183122186,5.592998182506251,4.132957880251415,5.104399778257216,5.516555579782832,5.0363222029628645,7.2325694868277575,7.049854333840761,6.121372047711436,5.518512953698508,4.956403908546232,7.900769219162025,8.513962499953827,7.644038236277985,6.984274445059555,6.792692771729844,4.721383638704245
8.93186443382573,8.334839113600655,7.784347954641782,7.6408680020641855,7.389259733676034,8.031888421311463,5.157886744341969,4.670913831274031,4.447870105442759,3.6963846762676127,3.4061427440165235,6.578439046661115,6.189007075648266,3.8114880281563774,3.7253782166041653,6.867960980518269,7.2500635908507025,7.006982019811465,6.397576294623858,5.937845035808197,5.440195965015739,3.925030977413043
8.525424743679354,7.3976746268466655,7.03007906717643,6.6828067461965714,6.110854466603227,7.63891627083299,4.675708543111432,4.105158696670839,3.9340934689703335,3.682627017278086,5.617701389932276,4.716082978570851,3.602716188139154,3.82509825337511,3.6331751693995806,4.541978408472023,5.744076430931413,6.300777783310824,3.6305651817662907,4.244897809663648,3.9787301403489983,4.142837360968567
8.480674040229236,5.761429242635638,6.328704643306911,4.595136860166148,5.2866404536565925,5.7118662806587075,3.911074154257226,4.038209374366637,3.7484674833353293,4.011743836314268,4.147862510637589,4.21505585526712,4.31549419390821,3.906912277332728,4.046383770049244,3.7348081062567395,4.033747590711514,5.29482024961452,3.1569387502095476,4.023049304355578,5.417601492660984,3.2623852692445348
6.770523722465056,5.943156962476759,4.419056177740812,4.064700983469912,4.116785478247995,4.384904903423117,3.35188829424037,3.9079811421440454,3.2146921630910237,3.2073323319254885,3.0103140319697443,3.1340990906396557,3.7442481264807363,3.282255573374819,3.990276810751132,4.345097787307391,4.20389787355043,3.5097785511430044,4.622980564851656,3.9739898965314513,3.7014027971617973,2.516850602638204
4.955686635901799,4.6369379930238575,3.66249289588524,4.128458386903013,3.504194039562247,4.189817365629414,3.3993130848931674,3.4911088103178525,3.2532228063245756,3.107870972461767,1.5829408882572669,2.7086374797119652,2.733521383968295,2.8467023071222455,3.06917934626514,3.0714906186890296,3.891768505132367,3.175515178856724,3.7707049321996147,3.8433817983093994,2.750409643086516,4.339279837694704
