script/wind10m.json
{"header": {"parameterCategory": 2, "parameterNumber": 3, "lo1": 3.000054539987559, "la1": 64.9999836372058, "dx": 0.5, "dy": 0.25, "nx": 34, "ny": 52, "refTime": "2025-06-27T19:00:00.000Z"}, "data":
[rows 24 to 47 of 52, columns 0 to 33 of 34]
8.305124424117398,7.743877944093719,7.73270128715613,8.063855433936384,7.310157440448065,6.575878288386541,1.2846957910744883,4.309490909330441,2.3929784647176287,0.8674885606690759,1.1010047723928804,-0.12653965412246185,0.489023238784876,-0.5505016533930001,0.21908511354602261,4.050002825193966,3.2154846723096244,1.552096420914866,1.1659793819527606,0.8951902047854902,1.1023556432156636,3.320978364462956,1.1747250940602592,-0.6322606013594915,-0.5147001412188332,-1.1219124910666065,-2.4152570327909517,-1.9659502896996253,-1.956615653955125,-2.728381248281455,-2.8164213840514005,2.6002800666507455,4.021765986311835,3.7251046976504796
8.077296647375745,7.589399236208337,7.168243486541144,7.1510958599311305,7.10621622943745,5.326333022813343,3.0217655570146706,2.196741593679882,1.8264060173583625,1.2562649982785807,1.0073159869726303,1.2016114236654596,0.7744951420981747,1.9587994487062548,4.896065782087842,4.037480217896053,3.2555507099102274,0.8182294997477506,1.0039595968011794,0.8891882207637982,2.183717259043683,1.8891289487816134,0.4955425550554085,-0.6035221287148124,-0.3550840505859035,-1.3120500796719068,-1.4317757788579686,-1.6218290766990693,-2.722652413621626,-1.9000981690786096,0.41919325967067195,1.257440076064293,3.16822425653673,2.9424103519503073
7.727526618453888,7.636059438548653,7.228227954088453,6.88354339151447,6.657737033207902,5.610625815642418,2.2074551223117096,1.3178513668057952,0.982262675561272,0.8218601245254699,0.759888307620044,0.8236115785362826,1.8273860212548692,6.057764952834415,5.252408760161426,3.9797129815797754,2.7353345916933476,0.5236521596685398,0.3594271969845389,1.6300146386248084,1.6815992964592068,1.7053877800400588,-0.06140676481827576,-0.38974510770563603,0.26893983683997463,-0.7521314733526978,-0.6136115017818023,-0.773050052830882,-2.3303776219849954,-1.0572041338748481,0.34389287999537527,1.3139447946093685,3.0340760599339127,3.363078954487082
8.223896206064474,7.936419778102129,7.626910886871101,6.9759819522308755,6.507334587781712,5.517686170811842,4.293943296900013,1.5549629110479104,0.9866466121334936,0.6065433260357228,0.5400973233034216,3.088532149361437,5.138712155302285,4.351345633300664,3.397629852960982,2.5428927274773376,1.7609084620525783,0.8533298881373574,0.29564876433849624,0.7454322291436543,1.7828882608514305,1.4473938079222712,0.6507206831387685,-1.320048017965169,-0.32483538573363585,-0.2254833048907425,-1.08398277147946,-0.9475454100701621,-1.0353474795812112,0.45766318156983926,0.6783993413834452,2.135391254193649,2.6625350342077634,3.3557671073811797
8.760518624838674,7.757572494070099,7.651381170190847,7.27715927349686,6.388227568949566,5.994220982203978,5.056309078390615,3.8229636828043962,1.2762530206335367,1.3159104957070307,1.783706164342545,1.6062308611515308,1.9965145328600324,3.1792049379533656,2.6913474978340948,1.8124088178848992,1.2075891543059638,0.5176096714963261,0.34247935962511616,0.9190238779798252,1.1896643518434638,1.0815230645997682,0.2658406377198002,0.508353296318982,-0.5185188321628623,-0.896856979144561,-0.8918525699038241,-1.3552386024163254,-2.183494119760334,-3.248069402173796,-1.82051405074065,-2.0649253480051364,2.794611790289436,3.754460628390893
8.778313189421649,8.241972120331202,7.497755083371905,7.056647157888336,6.563120296490368,5.834236310475914,5.448599532710647,4.597140963129153,3.9821054981537958,3.0113384171316437,2.8967526568058077,2.5278255012959168,1.6888829501382718,1.3172224690616006,1.937632136151385,2.5094891875410923,0.753617403011415,0.6369587874896481,-0.4950133126707335,0.021344467214227912,0.8605607168640445,0.6208059590565226,0.5597482008692781,0.19315430381908336,-0.21799404459628277,-0.4328107680504449,-0.9445129630634189,-0.9850155371585271,-1.256953022356878,-0.5486814925188078,-2.8534647313628536,-2.461025222112877,0.08171139250041139,3.8802731043334555
9.487728512872406,8.254812504188276,7.626174532284056,7.139335133931762,6.672538566687252,5.935761721268356,5.554630478481763,5.182137659502636,4.586721547657651,3.7693651139042688,3.0860211143034686,2.669059408389046,1.9600790907895536,1.6392591179831408,0.5631280155020993,0.6748798408041059,0.47348837851258285,0.6270114080564624,-0.17909897951879872,-0.3369311117997723,0.11434285711199019,0.1595332722298178,0.24309837209435037,-0.09739858777228447,-0.07675021000952319,-0.22413271175658583,-0.8971063065457969,-0.9715520878381272,-0.902405777312949,-0.3114247112882914,-0.023870153093968914,-0.3755407968655317,0.43822386090291887,2.397562072386132
8.975396540771973,8.579276877495483,7.786011158865574,8.327293364692258,7.30528167970167,6.434877254314379,5.644228424546111,4.90360422008512,4.480158515650284,4.026990865087168,3.5249112489379386,3.211012160530107,2.784123302856411,1.172592973744014,0.18999547249771906,0.058996996447441635,-0.0271318048176672,0.1091683447445381,-0.12284564728551983,-0.4282542984733901,-0.33711493505878976,-0.2663721373928754,-0.47175277002502214,-0.26153107027383293,-0.37934167599446694,-0.660517532736628,-0.8429304620624692,-1.0636638187032192,-0.5541521666894953,0.8476368672367527,-0.1167666393442433,-0.36326775374314824,0.8525782548163825,1.7536475189239675
9.64937015669892,8.416430154537059,8.097772192412823,7.794761881595487,7.6992386555398316,6.860085103604404,6.28594270638689,5.3119217741783125,4.691909636569689,4.072995809035577,3.6912877357903207,1.3978895477153812,1.627442553655523,1.1576950704776428,0.6430783687070819,1.041451563302901,0.5363389799654049,-1.113812612109871,-1.6903779417465892,-0.7712244013572214,-0.589925727250825,-0.6916310529505219,-0.8538789847044602,-0.5244152991249498,-0.6718924832782174,-0.8621243989495239,-0.9621442429484703,-1.4874454774068877,-1.292689324567275,0.11731529409099807,-0.5579528980001834,-1.19302509768989,0.5409600976416498,1.4461940060211276
9.65834553989241,8.28462604539374,7.61160788278407,7.760479174542825,7.3408604330520815,7.144727024815511,6.778703751819472,5.9942040254572815,5.331821512635181,4.7218680545040925,3.9466370501895427,2.278099370655613,1.3894466632635025,1.1076436202808237,0.8522953962886237,0.5980784003288815,0.1201434568308928,-0.30995779170266435,-0.5007506940637416,-2.0386538389380493,-0.9173216920714906,-1.0695015050469965,-0.9886415642801053,-1.1246502369281446,-1.0521417755470888,-0.9768310654974119,-1.025059180477352,-1.8468294707058714,-0.7529429936070362,-0.7796150135214095,-0.33640682164013463,-0.4119346429051641,0.3267417757122761,1.8085550996448854
9.014789048555475,8.925943450336307,7.660260201522671,7.356375721032887,7.5216466574657606,6.939186105673946,6.529298957317094,6.06289151611641,5.59397530586369,5.1780501309449765,4.5126927813200775,1.878762374700364,1.1612951698603098,1.0817140782580252,0.850173988677454,0.484128990907399,-1.4196243685992957,-1.3037138335889347,-1.0522695825612929,-1.8029294749044107,-1.45077655182848,-1.3858321298239678,-1.5225810472480694,-1.273308781268901,-1.214815771998619,-0.9000648986150398,-0.8834037990731775,-1.3531606442389115,-0.3076231001186277,-0.29480066598125787,-0.11093175490219041,0.4105700139052517,0.18265580261677364,1.3780929657744125
8.570833034376726,7.427514541494043,7.181076889902671,6.629112131163336,7.426739707548561,7.377278340961288,6.962455575254096,6.436428529756869,5.343597422656012,4.954763474199197,4.662679748876639,1.5497786964919817,1.1207030896654309,0.9000051488574213,0.765043081376888,0.3207108951767811,-0.31954934789377293,-0.23359712403609015,-0.5595689563200473,-0.8472384194372139,-2.184924988663452,-1.4523870954951668,-1.9723105980873659,-1.9411300008845194,-1.1005548120776991,-0.9815752626972872,-1.0481995053019881,-1.276602050600521,-0.49269860712071883,-0.13251886404678034,0.5975682649522529,0.8362781599946644,0.5879860520721558,1.0710536732715639
7.369991428481438,7.3529533460739716,7.174972220235957,6.9638210333217945,7.510274017090541,7.291886849126618,6.728712392513655,6.407347200101504,5.41455574289438,4.469462202094402,4.433481457371491,2.0249779380470088,0.8992417891979111,0.4934273100852056,0.5904966520410715,1.5082606483489354,0.8473359082326852,0.5649404337606756,-0.30919501063345683,-0.8846014120523032,-1.1423680238015126,-0.942488627586473,-1.7531906685789633,-3.4941929929991686,-1.5014583890275035,-0.5741119962178205,-0.24182845831472652,0.5887494724652982,0.09813747403907472,0.11860308390713481,-0.06875196493818354,0.22060255960584965,0.312411357225223,0.36761775010243886
7.874311998003343,8.279044555379917,7.5527986729811385,7.1947970808145945,7.315058411033815,6.834401732354423,6.245416069786869,5.375810151911426,5.331594581826725,3.9804964290088307,4.213806389737713,1.8302817754181042,1.1493937580051992,0.4483629787048129,0.34420485246203325,0.4225919729483194,0.519366961646223,-0.2645508771625818,-0.7472028787282317,-1.1610477884556578,-0.9430163519185732,-1.2193066054723736,-1.025820597003665,-2.1698929539155336,-1.0911864031424336,-0.42228027424745646,-0.6429595732738526,-0.9428889126301853,-1.3491886130187767,-1.467126460673698,-1.075298431874538,-0.9476835354912385,-0.8998220583743668,-0.5603201936188875
8.010726058300577,7.679941597328587,7.404383944785136,7.037201951706896,7.589888720998843,6.709381065277352,6.698078217312844,5.870568620289916,5.326828581022932,4.087825954671877,3.8017610965480215,1.6178511010493062,1.3105527805357036,0.7801786687174627,1.2093598520688775,1.2082997054409004,0.6342778684685405,-1.0032547161546268,-0.6921471341545956,-0.5135704986967916,-1.1266874533939015,-1.808771378766037,-1.9811633824527184,-2.6799221076166204,-1.0117338680716195,-0.7272642501156428,-0.1592675242086511,-1.5485589965921638,-1.940365344294164,-1.694533006330761,-1.536036398169722,-1.209473219150976,-1.5849862638026575,-0.8710392709852663
9.12763575754303,8.434638184652904,7.515731757640152,7.593410675389085,7.975610541732255,7.160680917894009,6.788470104531806,5.998237045409328,5.11544548340078,4.300712675775672,3.7940567445824946,2.052442930586409,1.1039570439686943,0.539805964863151,0.6024899117161675,0.5866060794415794,0.008668439614633738,-0.18364107949382205,-0.778819941231162,-0.29394715284712786,-0.8265770182088568,-0.7013518978247106,-0.150258417992503,0.44192988162428004,0.7961563828864723,0.3489998647998869,0.022385891349250824,-0.3116136051545699,-0.7211729436426438,-0.9703884710372254,-0.8314229286727454,-1.1933008132650678,-1.21969321390827,-1.004292570003025
8.760667494122542,8.20892987797217,7.89067871792783,7.695109644072102,7.482029417133739,7.54739203568014,7.031687734464127,6.357418396088289,5.409931247455513,4.571470500491612,3.5165951309348578,1.8078778106446696,0.7539788605255923,0.734609723222636,0.4583751780084812,0.031334210015690214,0.42402932685488626,-0.18735998299731393,-0.5262461446389136,0.002905469128371147,0.736518080656883,-0.46997480704690026,0.18192759460916708,0.14688476085198884,-0.5513009945048465,1.8900254091631918,1.3354323228076324,1.2814988288731008,1.1979777613710334,0.5114091621068229,0.33792262018828134,-0.49990361103959896,-0.7789382070787236,-0.5442340787434379
8.439395169237299,8.60351087351886,8.315593658651633,7.783913696967629,7.229238601952621,6.7246368139361445,6.366889152972547,5.894232285656926,5.313271126238722,4.442492937615064,3.133527009947784,2.0304960680791644,0.43309231843976853,0.6537062257624929,0.039217835846758496,-1.0579933624323088,-1.2040644708775956,0.10375923780857864,-0.6635269412246069,-0.6603645164202219,0.09833084922868407,-0.15278249307928854,-0.49346649487111083,-0.21613724265091985,0.17161558332934684,0.6356407837312841,0.12281205265054886,0.057796784036432736,0.5583891763670987,-0.054464632334148666,-0.6684361984789448,-1.3688882008655359,-1.4896701230505307,-0.4467652283873285
8.658682890402044,8.224137011969477,8.459131204928356,8.041808422516871,7.418372648178085,6.843338975286522,5.616040505474065,5.209781580165235,4.902945717973914,3.9533538362864915,3.0002414604796095,1.9695560646178334,0.49792884949034993,0.0913340599351886,0.438621539832565,0.28145137329122777,0.04695283976392885,-1.4608531486706589,-3.0510362928596213,-1.160112837439117,-0.5345957500968536,-0.4850461926936491,0.463520526969189,0.7831816642379102,-0.08727088485046865,-0.17332029525360684,-0.8099453870755267,0.019461739502697202,-0.2702254362107557,0.12090403645092784,-0.4409126345743636,-0.4698391927672114,0.03963394882563796,1.0679844494114985
8.456662592323502,7.818737903617163,7.62526127669046,7.685868500084422,7.40027587540401,6.887602541439473,5.4505917555108105,5.049962885642197,4.041178004346002,3.180603614317191,2.883663196792731,0.29213446364183804,-0.20293963666306053,-0.06537515497681542,0.3380595099295879,0.46179740280733866,-0.9815070022189718,-2.7118124399345453,-1.6139405758203984,-1.0571439099472522,-0.5112888023857168,-1.0347027447699104,-0.4981264113253654,-0.18840459460787928,-0.46697367115493077,-0.7137542198190028,-0.3293831200717207,-0.29536753827772083,-0.603277050589695,-0.5537831121111721,-0.5442622307469863,-0.7275465912942236,-0.6543713196865069,0.40906069416905483
8.119158686650149,7.846397549860218,7.3004402071637156,7.713475884796357,7.34432382051757,6.497610219640957,5.590974098169323,4.37744837407447,3.5638120103839417,2.093881332076941,1.1501462771833915,-0.704948460591542,0.1328061828060176,0.3784443075126525,0.6619771894172535,0.17147879878160494,-1.0320194880926552,-1.2938566637883464,-0.45417328052710265,-1.1800373775242154,-0.3202954222710314,-0.045629895910212506,-1.3159421949356416,-0.8461280661678939,-0.5203222399499927,-0.0036579385349442615,-0.3264819087775087,-0.650340519283795,-1.251662698747264,-1.0689961057681396,-1.1706590701596953,-0.777858993612016,-0.30804366855696275,0.5178986056013877
8.124725674633929,7.845223838353498,7.358274134687571,7.224361594299779,7.184239580921446,6.270325874388669,4.876556819029876,4.648325115455397,2.913447942918955,1.0505297701041267,-0.4193808737322098,-0.5122330332748024,0.6827084470852037,-0.22442123432859531,-0.013027990341448272,-0.2033869818060519,0.3246105981184301,0.4918815558762946,0.7329914624364949,0.21750134959507672,0.12247110592058806,-0.3493009992213672,-0.5095810036711956,-3.708823653753763,-0.7257236029786021,-0.3337684010284411,-0.32997295323087994,-0.8934509535124068,-1.0020990912504,-1.3155781241815458,-1.1135505099078935,-0.6878592571994099,-0.45132128711110214,-0.22569265857824142
7.96560932676339,7.772817975991658,7.451600371957077,6.957480201352383,6.9740455114556426,5.746309543620175,4.87016171218337,4.417178380051298,3.128352100944438,-0.26772230967379756,1.4625974678207274,-1.3094919935941574,0.3815253362793773,0.25456225970958096,0.02168559541389596,-0.97027200553104,-0.5267038102300037,-0.12907278073638415,0.22575630178448203,-0.4256338081752918,-0.8168018908878991,-0.8157034633577249,-0.9693472546881383,-0.8383922300657679,-0.5741495184737673,-0.13648727879553013,-0.6833328821651556,-0.36284833294508756,-0.5992148867828087,-0.9113599012334807,-0.880645248589648,-0.07200083517066974,-0.5844151250241197,-0.3611761412151895
7.236379821245381,7.587892902554909,6.9216396429035285,7.447818934062905,5.508485027168552,4.782917338424127,2.2773432968337777,1.6991936520281443,1.439462909810878,0.9452716338097519,1.1716703778615585,2.0892745398144554,1.3917894159751767,1.402497737486527,1.1064816437801757,0.5152141328365848,0.30483234232011186,0.475693830589745,-0.9689627047417384,-0.9064440979948071,-0.8992134867679031,-1.3163281828645312,-2.5216064371941553,-1.8314401143251493,-0.17497731458102936,-0.1564582143635536,-0.11012405707239672,-0.3359809551446556,-0.452232788426126,-0.36293932713244664,-0.2922759537700756,-0.3371504977555538,-0.6653921674695319,-1.051078004197872
