script/wind10m.json
{"header": {"parameterCategory": 2, "parameterNumber": 2, "lo1": 6.000027932988019, "la1": 58.9999434238085, "dx": 0.5, "dy": 0.25, "nx": 22, "ny": 24, "refTime": "2024-08-07T01:00:00.000Z"}, "data":
[rows 0 to 23 of 24, columns 0 to 21 of 22]
-3.6511147422826156,-8.272237238890014,-4.2597506786427655,-1.1223340804133908,-1.5782836041110682,-1.5545935841187903,-0.370284216996698,-1.647530563840285,-2.0772367849402658,-3.9053539040035345,-2.5204454385899253,-1.4129349660251218,0.590079897700641,0.08839487199623167,-0.5179757194844395,-1.8638241103479798,-1.1059384644431178,-0.9704190798603044,-0.38511029658284673,-0.45916159755969216,0.006054076590674305,-0.7633106710542215
-4.165750051979248,-3.772296979858621,-2.7432100502520504,-0.8346052722502229,-1.9630853536988582,-0.6833098994354992,-1.0626699372848953,-2.433343619251703,-2.574538167885925,-3.6849900884059665,-2.9384494886989057,-1.0409199728828993,-0.33305493827057014,0.759878992347995,3.304956054921238,3.9190951023651937,-1.1784283850378976,-0.8135276729649861,-0.792556926491945,-0.858005440719279,-0.8008925891334608,-0.5959459042520927
-2.735069849597321,-1.6094386719460134,-2.3303173977374168,-1.785762492299479,-1.5099236232549547,-1.0730192917293617,-2.4558786502890526,-2.2439170110225923,-3.189546380356118,-3.3978811346645688,-3.3169585419654855,-1.2588891846628483,-0.27338393651313353,2.3747501363114276,-0.15651313792810992,0.5134230381422749,-0.9704602154959092,1.5948477841419324,0.9838816058261913,-0.9452640966480541,-1.3903465465475995,-0.7727778967043435
-9.03844928045299,-2.171305849650347,-1.7736909431727126,-1.174143148932796,-1.5912860559973276,-2.344159923295828,-3.374034901549458,-4.132750450922747,-4.022173240133199,-3.9867200358263672,-3.8190779597932614,-1.7457377474585294,-0.9373025845765844,-1.1158203956625163,0.029942619116853177,-0.6140195482481987,-0.9875844549933995,-0.3271427031618286,0.1593543792338705,-0.011792599376936944,-1.0696461144093041,-0.5798650495945985
-5.708376233541251,-2.3629091687074584,-4.519572282951814,-1.9262519461858894,-2.6946262168236337,-3.1404039883557955,-3.0365142273156236,-3.421056931677835,-4.130601815676199,-4.373479034127928,-3.881682644760476,-2.9018725625869393,-1.685155462366969,-0.8260721377107781,-0.4952288227072502,-0.6140575220837391,0.5773235229382014,-0.48770785460991767,-0.14697913152577338,0.47921147458754904,0.34010469792530434,0.7610030419026167
-4.945678657156962,-0.5627277999033223,-2.7334802734725794,-3.4847417335918696,-3.999058573647602,-4.378662608147276,-3.0367688647036704,-3.9118423537716156,-3.6087806026666667,-3.2121546855797924,-4.02968119480244,-3.4918306808833943,-1.955520853036132,-1.5359414774124251,-1.2759612881481064,-0.9621268548618731,-0.13072563255162278,-0.6939620071621155,0.006803385834595574,-0.032114550167952054,0.09824643361866514,-0.3706183995241966
-2.6727855754048635,-1.160546701180402,-1.1969919617581413,-3.448170207098859,-4.24228582005832,-4.729892618736849,-3.673474473052572,-3.7419044894302798,-2.121444116452265,-2.357869903203958,-3.8535990493431163,-2.827403712722042,-1.693966057471608,-1.269413738483575,-0.6752113436237821,-1.0835757420019387,-0.7275769323379772,-0.6654691742381583,0.22395485497464265,-0.22734335025635372,-0.46849114992252766,0.6135099173918257
-1.0373969507992804,-2.1026402435171887,-2.8194920749131915,-3.7856182205380575,-3.7180580357157056,-4.873063251311004,-3.809353308437169,-2.7357493735303615,-2.255843533313739,-1.3855928261706127,-1.2945348796719407,-3.2124739773881563,-2.100419838616467,-0.922193858019455,-0.7422442059796421,0.12095745594594158,-0.7288925172037807,-0.0926164239573601,-0.5121295131301427,-0.5481460875164273,-0.45731893894587045,-2.3176940104138937
-2.1649724358549296,-1.5640915424079405,-3.076282317916902,-3.9478767037592633,-3.981553901155083,-2.2661388906591173,-4.0864689309936395,-1.5749071190342308,-1.3540936840095779,-3.2432666913075474,-3.3973604635813155,-2.530215700031741,-2.5197289892209738,-1.5150217744894798,-0.7141664095234598,-0.3023930442631879,-0.4074135188465702,-0.6162762018174996,-0.5374510045690442,0.39072503490146926,0.8522591456248994,-0.15510349437189053
-0.07537745812125855,-2.059226475230958,-2.2420909624409924,-2.6067562646646483,-5.498623079959348,-3.800807889650752,-2.581915221012422,-1.8187331864814658,-1.211236182481151,-3.4214443104115313,-3.9469400455825108,-1.9960419311268676,-3.007973721425142,-2.0814299274394643,-1.0057971931805378,-0.12143931180775488,-0.4365634758948098,-0.19734333399902795,-0.2905303545947018,0.008024254084998864,0.01902119423103312,2.489924631815461
-1.2650632642055564,-1.4324568439039895,0.5830647870959015,-3.905165072616398,-5.493415856552966,-3.0334074839103455,-1.5798058861244377,-1.7491748288924696,-2.2811100965652793,-1.7677625125186902,-3.317596054098477,-4.087872378754707,-3.745436870690889,-3.392460587165659,-2.160762859925413,-1.1102502064775275,-0.9335027066211853,-0.3969106128682861,-0.5292802059490718,0.45409427834310234,0.4139754557065574,0.8293103675538399
-3.7957202093790907,-2.5904528848122474,1.185052553040207,-5.380084432542108,-5.5089364177890365,-2.4623408542969623,-2.586508344495637,-1.9226175100671208,-1.6705644455485191,-2.709693389708949,-3.364571354768186,-4.438750418187635,-4.2238753114921845,-2.85077934859133,-1.9352897882593239,-1.2059505042253715,-0.5267533180762303,-0.23373064978416477,-0.4888671754002918,-0.5966808157748293,0.8386683262200086,1.4424980564953758
-2.507483966903265,-1.8556377760733298,-3.7653562857830845,-4.899131698778078,-5.597145570141487,-2.4778150545265967,-2.4145223856565896,-2.1336086363753424,-3.4445495645957562,-3.493856143970121,-3.6494816285016163,-4.526768535309567,-2.4477505889491593,-2.186002337702748,-1.9223001166075726,-1.3989997488842234,0.5231207234913124,-2.620363820843507,-2.124877444471273,-0.7052889878878853,-0.14579801261125896,1.4136170346855141
-3.6912234666038333,-0.3345236648392378,-5.131870455205939,-5.400812156935331,-5.004809411279833,-2.500984722964207,-2.7870720005806846,-1.9979205156086015,-1.2602987014588618,-5.599236329763699,-3.1070757078651776,-2.2944826957499536,-2.2967499774730653,-2.028370501587959,-2.4122297063952742,-2.077687192965643,-0.7398680906036704,-2.1307947266847695,-1.1324873677827987,-0.6471737053794709,-0.15456000364243996,0.04038200271310494
-2.3412227933784284,0.11717591487727162,-4.1022137015810864,-3.9221219476635003,-5.4142667763416865,-2.7935136827969678,-2.452062782550177,-1.9412996111009497,-2.6038320750022015,-3.776745695981787,-5.125266865020635,-2.798818202969938,-2.1216512424172156,-4.771802038734292,-3.050284604679641,-1.867683851345906,-1.3298407658395135,-2.627483537588672,-1.5739246540671492,-1.1854833467864607,-1.2374784194099997,-1.1888446069202805
-0.17133627236754423,1.0820332346974308,-4.054076514563595,-3.858983521535653,-5.167820651924772,-4.063495471153588,-1.860747579724613,-2.6302014457977805,-3.0230786067499893,-2.9372463110008313,-5.467665672811663,-2.3168314181094956,-2.060595874222557,-4.40360549706654,-4.123134304903308,-3.8701603468455894,-3.4171675568119517,-2.89076661806639,-1.8974492537442667,-2.4167655391384977,-2.547163273208812,-2.1904037296037675
2.524582702935892,0.502793062782075,-3.021827661868339,-4.413019313923389,-4.813715653287641,-4.300552973468556,-2.109741793053373,-2.01135962113933,-2.88876243869588,-3.1399063472151325,-4.426251680441523,-3.6287199839277293,-2.1285695786000867,-2.6760003743068568,-4.654587360842603,-4.097140613305078,-3.8521950774331155,-3.7320026819141683,-1.6243770987163004,-3.112681926938708,-4.232271998148577,-3.0966461419489266
2.822135169354292,1.83084043957499,-0.22979139817987343,-3.9425150834846856,-3.9285967050486486,-2.529771160203926,-1.3051974102575146,-1.4169078060533014,-1.4341991568036936,-4.655880635787859,-4.972880513989004,-2.6441208642920295,-3.117536566023135,-4.447775544206015,-4.504219371816724,-4.5096426166187005,-4.005107287213578,-3.380214731450513,-3.0951756525644054,-2.9859939632438643,-5.059359924795632,-2.5361863350579914
2.7080328918217584,5.174279430702565,0.8477491011230227,-3.103563127583565,-3.415110904013855,-3.1851107452243244,-1.8233808515226635,-1.110567206565593,-1.2086367480210474,-3.6604133153507554,-2.9380234124670985,-4.158853198962913,-4.53149953530926,-3.5352498829949357,-4.2577702014460055,-2.7810173631716952,-4.072938999671051,-3.368431862222955,-3.2079598632448247,-3.232658338159677,-4.314972331315758,-2.03591235745767
3.2362995525778855,5.497540669624045,4.121072687595486,0.1402902011327108,-1.5922630400406879,-3.5171633813907657,-1.6206086448947568,-2.4495701991569003,-1.7705784133827347,-1.969549290397549,-1.6654600196373326,-2.8416883059890443,-3.4389641753466584,-2.153276447107168,-1.4183390527954136,-4.072269546991845,-4.0845815809683685,-3.6753717209638093,-3.7728110748824473,-2.983713075799724,-1.7812797519747514,-1.1848942817458237
5.1472375065344025,4.365502805251093,5.1875195719637865,-0.840406048952609,-1.7656918780373985,-2.878044784624693,-2.523103151132247,-2.3497066822357446,-2.0629705280927353,-2.7038594204022073,-2.345803161626742,-3.0121181418491214,-2.1018261135039267,-2.308927042579904,-1.8563064529502447,-1.8026795300888472,-1.65693810287457,-3.0594711997465285,-0.6211802874349395,-1.636251482845527,-1.2478969111218818,-1.2284377723675008
4.601397366503819,3.3495062748636073,4.748782830248002,-0.05676197052913981,-1.667104560247375,-1.6652240013537014,-1.6200592361661916,-2.0977717925584733,-2.8760692939388144,-2.3139234733631846,-1.7927671896572153,-2.224045713500624,-1.1312171473505943,-1.8706235646662162,-1.6785351203631855,-1.6150568032426098,-0.9292326381239414,-2.37883778447895,-1.0100782530360546,-1.0181991641639125,-1.2006277390570952,-1.0968659329373172
5.183644747931532,3.5814022149740015,4.087709058619183,-0.26437820029952713,-0.6481932292532074,-0.3940552291899403,-1.2283406172537894,-0.25635613106395566,-2.6606152023301903,-2.5114125981156112,-2.256182307002748,-1.491246350783874,-2.0890655152072393,-1.613511317399901,-1.4298835801702379,-2.3320770557800574,-1.7541961177347714,-1.7474258527695632,-1.7235330376334095,-1.2149724714152357,-1.3961953983979793,-1.6823949647052359
2.43089669836358,1.7346321702780707,2.256891336144252,0.5158167882693812,0.031476779253914164,-0.9567166939050034,-1.466289770712571,-2.0796751646537315,-1.1570531767354932,-1.7635466562321616,-1.4913177913055256,-1.8926223667421367,-1.7741363704567563,-1.4447434876460277,-1.7425920156062489,-1.7195189109545934,-1.6955099789086663,-2.362548879693844,-2.071489192402976,-0.815675646450903,-0.16454143624421236,-0.9733018920047384
