script/wind150m.json
{"header": {"parameterCategory": 2, "parameterNumber": 2, "lo1": 6.000198445256149, "la1": 58.999992894266676, "dx": 0.5, "dy": 0.25, "nx": 22, "ny": 24, "refTime": "2024-04-21T10:00:00.000Z"}, "data":
[rows 0 to 23 of 24, columns 0 to 21 of 22]
-5.239704682905847,-6.3546189569199045,-7.185101281305653,-4.819422371920406,-0.660335532651613,-0.944027482413404,-2.776107280374898,-9.1094961859349,-2.1334912057878035,-6.840190955766036,-1.6051729886594783,-2.9841297218777054,-7.676274428708622,-2.6233531050892167,-1.916556258711173,-3.711033639164591,-2.3784096067800085,-1.3512664711082525,-1.8954076586758346,-0.6086937296359197,-1.3218590267663979,-3.282355379464714
-2.7213899722058374,-4.663523940284133,-4.064433150856108,-4.715629251632768,-6.317108663905894,-5.4345713764678,-9.25281299423206,-1.4471754464368012,-2.321047516412093,-1.0778035626077656,-2.09564735696068,-7.480930441325449,-5.889699787793436,-6.993576499655868,-7.678009292215629,-4.788687538341834,-2.119354588522486,-2.7169021836494935,0.13116854283793158,-5.163801363133279,-2.040632314020188,-2.144911074731602
-4.293997301521703,-4.567484764299658,-1.8248863181705652,-1.9695063344736758,-4.802184050669114,-2.1582964960895925,-1.5927641989919668,-3.3569228950764187,-4.8901900872744415,-6.267825950353765,-4.636012488065928,-6.667872368196199,-0.4999938690304571,-4.886454195256913,-5.270581622254321,-1.3270777338522126,1.0623924622047705,-4.141086666632193,-1.0231082739205453,-2.7073074073237344,-3.2374727552377585,-2.87654070965192
-9.031948850357187,-0.865868491640436,-4.237073285303669,-2.8441804022385306,-2.849014715255598,-3.6487095579048408,-4.538052914687249,-8.504696177552093,-3.117229067602923,-1.8715015753285988,-0.16444751488909656,-4.865658383144734,-2.7759252635760108,-1.7392205862987005,-4.70799716326787,-2.457311810997946,-0.3450375472375034,-3.533054477942834,-1.9859608285679025,-4.304198118040037,-4.441108718043215,-9.136734136433947
-3.065344733716186,-2.2646568195980215,-1.593087856819238,-4.104798678177033,-2.935006778046961,-2.784093158287659,-2.2882796237639575,-3.0981963013767295,-7.542795028919116,-8.070238541541958,-4.9232471249261645,2.008429639418568,-3.9650039474611165,-2.4808485180113857,-4.369197862315839,-1.2577680220509146,-3.8898717573830948,-5.492342190819266,-3.022111596637059,-2.4482974230699717,-5.172881279820991,-2.571585173218376
-3.2523345515178743,-9.29113446381139,-2.762003750502727,-0.34370260114777407,-6.613028500975324,-7.413403768088944,-3.6153947587162585,-2.3307030791670944,-0.5089155131459455,-3.348900751360365,-3.1849981842632777,-4.118196353852942,-2.63089987599349,-3.8991467543149567,-1.5145069561954645,-4.998293120103234,-6.260724670543926,-7.886756006704287,-2.083172840294766,-3.8873744565250776,-0.7273385716723003,-7.962685741056877
-0.2703643690214406,-1.898351536250401,-3.0651569908318943,-4.404416906568425,-2.2984663998054553,-8.787190229592511,-7.0521569382774985,-7.064906333885875,-2.601245653954832,-1.618067618175146,-1.9682985460180014,1.9860378771367215,-7.740555767884433,-2.8104165764561513,-3.972412841795185,-3.4249530369144474,-2.623061096920944,-5.981585242907104,-3.369874299872506,-7.645738370818387,-1.9866718735415325,-4.085461773488563
-7.433996547414829,-5.611608499254872,-6.421289077345658,-4.144505351418515,0.36802059262326636,-0.3439002817711427,-3.031786140042603,-3.7543898170708565,-0.8793784059262817,-1.2870341655253255,-1.444714420048645,-0.5362340947795137,-3.8983832803981344,1.9144939810874653,-7.079904093228147,-4.076031491633033,-0.33098100441282635,0.32977175110721396,-2.165177618066774,-3.9171733027713014,-5.328289577159331,-2.911447546688233
-3.6497023090279788,-1.714069363473016,-2.1519225554806223,-7.1053527614405345,-8.46571043502303,-6.449032999430434,-6.7693265116214,-4.5453424665606486,-6.353777736463304,-5.431683656692583,0.4821678776287788,-6.877984355892257,-4.325012534235056,-3.1996390711437086,-0.756591252892062,-6.7487589256299865,-0.2512490194465322,3.1800768446806433,-9.073003287663616,-0.218487574695086,-2.3201725969357887,-9.045778671493343
-2.268210901808848,-2.9782577700553774,-3.3772520628748,-4.532428598207053,-3.608753672313639,-4.115693610562604,-3.5903092690039875,-5.795987999152784,-7.932374157248753,-5.807930537838593,-2.3021282458149797,-2.430483150243252,-1.6546889790654877,-2.8578835420749176,-5.5306156530814485,-1.6160930633958077,-4.663426293298474,-5.089625242931518,-7.103687142060359,-3.7789763801787695,-4.331841486298335,-7.127997935243849
-2.567697862636238,-6.885091196446036,-4.209393223108409,-4.110635872151526,-2.685973413733266,-8.778486165632046,-1.846988527030882,-9.541055782320644,-6.445391764082872,-6.610141715501277,-5.280982078120675,-7.5143485385255335,1.1969944917072786,-6.967727499060787,-8.052371442983473,-8.129980437001622,-4.086925083645288,-7.35940799774865,-4.072663750479145,-5.028806620452933,-3.045222064200564,-3.364289799762323
-4.383381659407636,-3.9176408786924988,-1.5421561603585017,-2.336573847799112,-2.4606381055727264,-4.848955769824164,-2.4631890783588353,-5.9729949032345555,-1.6976649177269953,-4.525388530261739,-2.035953754175158,-3.4223195176600663,-5.495939336537624,-5.280402811331665,4.050091920274268,-1.5249735810808591,-4.401061796106309,-4.508372951069258,-7.207065039090862,-0.7291102013611283,-6.3474267808368525,-5.449435313507661
-7.409346092920499,-1.2026492938082458,-6.8815357041648095,-7.6685645848820885,-9.073105958647263,-1.6313098086146052,-1.2822744138823654,-4.2919134394956036,-2.526134570714099,-6.005165494914023,-1.8904065929953244,-2.9231140506592643,-4.036011225167397,-1.9392719847894146,-4.381853370129671,-5.316940534043864,-3.4603965983880824,-8.633510062747604,-4.483747119337239,-4.795737017330381,-2.333362573514903,-1.6421950671857235
-4.847516244200091,-2.359903265914986,-3.692763378274262,-4.677874546160079,-0.7964187445843806,-3.448569047741561,-4.519776095923608,-1.5348533638743989,-3.1787483555094656,-7.868792347291919,-1.6951381462882575,-6.319908600721056,-3.997348896756316,-4.18485515110891,-4.108846287542709,-3.3918987563997844,-1.8189058248819823,-4.069407835003008,-5.837589669897823,-2.0988561457112445,-5.28817943369714,-4.857195597308151
-6.994456202401923,-2.892002861117566,-5.6427260862126305,-3.6030769606730404,-1.7578516585716129,-6.76769464724866,-2.4096885368416467,-3.7160654115339806,-0.02239167184707377,-3.646871773060161,-3.2308567272847797,-4.116468015768373,-2.825809078061194,0.4130093714929695,-2.189285260634138,-7.030984000018097,-0.4090215859135928,-2.256077904802097,-2.166077440827851,-0.025346344537163154,-8.557054422063983,-5.554710389755806
-3.0312152292443977,-5.549951493129937,-2.9679558397806636,-7.644848350090907,-2.7236961037286713,-7.984358211913005,-1.8733755269098813,-6.107688871047152,-0.7571534025234755,-3.36991031228325,-5.266226674866619,-8.562439484582027,1.4898064445526233,-2.5575525135048824,-3.7321666648442084,-2.585938604870594,0.38391034080426834,-4.966048005033563,-8.028306125810508,-1.5261559315307904,-2.773275145948851,-2.249828603757749
-5.596941027832355,-7.407698774797849,-5.579922813932903,-0.4918465262350069,-5.487259991998962,-3.191369321460915,-2.7620058932770446,-3.0965732953866563,-2.761351715958147,-5.274403538232561,-2.958116160530471,-6.601335358862092,-3.010252859455215,-3.335723662515202,-2.771241777408856,-2.0046217282216605,-3.549033200730507,-8.961861657558433,-2.188984245284735,-9.086834891177952,-2.1711831579220973,-3.7311101709732566
-5.371056474224576,-7.68211801517983,-2.7062798060724034,-1.981766760406536,-4.569461416170081,-7.494806913643268,-6.729299138479172,-5.104236518708819,-1.2773132859825014,-5.0690487051945405,-2.8445823161507886,-3.0667880196215536,-1.5694178261072196,-5.827398880672433,-3.598948642824662,-1.0305309188946943,-4.41869269784967,-1.7578197253300756,-5.335794554606067,-3.6013545187417098,-6.381146634171992,-6.909359227434723
-2.9284329454265396,-4.425205138604102,-3.394352545212144,-8.931706112615593,-4.680590109414956,-2.21740276157254,-3.411237925782089,-8.125850644733632,-3.1936148955662897,-1.716514136068514,-4.522566274376047,-3.047655381092121,-4.168360159313767,-8.046287324935149,-2.874112429304351,-3.265491066417503,-8.668830588945154,-4.193983465561965,1.0471396874307322,-0.3500600562313643,-3.4840751603162583,-5.355739584866671
-4.6021312591626655,-0.0691919785740027,-9.580967506216444,-3.6246734512051586,-1.4675708514858428,-2.5906857234408274,-2.8228125405680298,-2.1883454376033162,-4.802385580714045,-5.843639588329483,-7.607401918403763,-0.5450372287086842,-2.4919989121519848,-7.98865549783131,-3.6810057575554174,-0.500636248107906,-8.632231125393194,-4.4900846697508126,-3.6036713153816704,-5.613641175099289,-4.490464081087842,-4.90078067998287
-3.1807621424895958,-2.5080644038234072,-6.192966244928162,-3.0963423719807253,-1.3605778511952107,-1.2625581743426009,2.19208214296334,-4.500068809154295,-5.476229372111634,-5.946730223520355,-1.2177309546315844,-3.0586049889379843,-1.5128453042128205,-0.721892159017634,-1.8244196911142692,-6.349958946247811,-4.440626613934042,-5.347677885894002,-1.7511587551043173,-4.35969006705685,-2.427912587423163,-1.5331045111598784
-3.3905023652277078,-6.239844694105624,-1.59172574722428,-2.390613027024448,-4.554726950440549,-2.3795814441692364,-1.7920533577027518,-7.225987983753961,-1.8459102262848335,0.15647695848956159,-2.7287690295587295,-4.714124621203587,-5.398117652047043,-6.967124354080891,-3.733254155301631,-5.7979511724918815,-3.279387539391492,-2.51312759875673,-5.038006689982976,-4.5860902513660475,-8.238725115410071,-1.8729855107992817
-8.700442702771708,-2.3941356228049733,-4.163097852670136,-7.236858263950091,-5.303456284108923,-3.3533855756485,-4.076641592063064,-3.2314119343426304,-4.621894389771468,-4.629814216385664,-2.0119258167977434,-4.388424707931402,-6.600015566010508,-1.9112444387191907,-5.740449531931924,-4.293666986137975,-5.530535190693245,-8.280183483742318,-6.395233432324414,-5.4289392773270455,-2.6477202870618646,-5.987691423809444
-4.943937410945839,-3.8067297961401585,-2.3466546166353677,-1.985050781096085,-6.082404278627518,-4.54885620159769,-3.0002546767330425,-6.178003585190138,-2.9964101265076355,-7.844575846075371,-8.628262093493378,-1.4253942695798554,0.8515088157834112,-4.062103868296942,-8.563147479706258,-4.3400964689984995,-9.274602903769978,-0.3996163902296906,-5.199235408335139,-1.601406573490514,-5.873155451216459,-6.32767679376491
