script/wind10m.json
{"header": {"parameterCategory": 2, "parameterNumber": 3, "lo1": 6.000027932988019, "la1": 58.9999434238085, "dx": 0.5, "dy": 0.25, "nx": 22, "ny": 24, "refTime": "2024-10-31T20:00:00.000Z"}, "data":
[rows 0 to 23 of 24, columns 0 to 21 of 22]
1.3607145615875897,-0.8839141233012626,-2.30811870408282,-1.466887914203391,0.5340459989175047,0.9152016951393368,2.4460267337491226,3.0922775777832094,8.108965436299549,10.782691688896128,8.58317333560703,3.4002570350453882,2.6827719605535427,2.8251018662302116,7.33819741058357,7.293201496675553,3.8114756805389107,1.8780106160675347,1.5303574808756526,1.2688278756712683,1.3333421835893042,1.1721960648679486
-1.1739176059816894,-0.4034822964264477,-1.13412096010032,-0.19807905076988913,-0.7029742553293777,1.2546272515690602,2.5229069111051454,11.329189778546027,10.575230240000977,9.290688417546372,8.678718133727914,3.378708554671662,2.9086227005838916,2.925924021647248,7.959335731595109,8.111833961433021,2.5589463496873357,1.7903370063459945,1.8554420957194835,1.497996289791063,1.1667198877658749,0.9488764053723485
-0.6552917088184326,-1.3372155002328325,-0.5909898088885648,0.6782830026862604,0.5611843307805338,1.1908681938223504,5.728466283435189,9.624599173282515,7.909497071798606,7.142863692629318,8.084610620805794,3.2047880196574696,2.170187509451985,5.988151474046616,4.364346122553724,3.8523856302033095,2.6211929795324256,2.016529565921249,1.6125695616734186,1.030582336466908,1.2845273819262377,0.7476118894074336
-0.6844659867493731,-2.0542987213596993,-1.0943068760783141,-0.5424286887944186,0.7116186236158213,4.648766557080743,8.263408373658853,8.265136703706816,7.723292129624618,7.0622961552021755,6.502460015193846,4.1313530318122655,2.864054722209007,2.8634102693543717,4.762138316066305,2.5563499043230116,2.2388693558114556,3.6629465269313166,1.3330344760230382,1.0775257985715039,0.6288432379658229,0.2222443121183705
0.8743046218295158,-0.41087002088917984,-2.252854887295345,-0.007852245948309588,3.499482929234341,5.38588048560973,5.315336298290334,6.071436599302113,5.946231497720318,5.479409760903192,5.182968344213215,4.582551520772988,2.578733662029583,2.3438904672644685,2.3303153933805434,2.1547553448398777,0.9009592663714011,1.8365982948107331,1.6108426219755982,0.8719920610068739,0.6459735873308979,0.5088583739041227
1.4552799057589405,1.1902115404192044,1.6247225628771789,3.3062019684886654,5.166285039303742,5.123261174515843,5.171646418684413,5.589743036689175,5.50475567710154,5.42353672409597,4.832283926770806,4.662151829173303,2.7414076997087418,1.7190656388882304,1.827016145458321,1.7622497012049467,1.8580566498339592,1.6809618027512159,1.1647997835334165,0.7636301644137169,0.5202432491718562,0.5061372518675578
2.109096427395252,2.6391927092427783,3.649496817790526,4.661280466433801,5.418110997426357,5.66245707452756,5.68693737556208,5.646042827753137,3.783313987757378,3.9608721774502986,4.376414966116717,5.281824536453528,1.9484718662294311,1.4188443436556384,0.9134835127130043,0.7859718000035016,0.9165488426987267,0.8717938797163419,0.9747362238954308,0.8651081607239048,0.5073337756016084,0.6313921004828419
2.849777098950107,3.6254840893422333,4.312605806831563,4.374561383621681,4.567407609395625,4.942200571677249,5.969059031826793,5.839572734377946,2.7790618453326474,2.6786510096429117,2.5515378615695474,3.612406339511244,3.3330934427241,1.0581720382492048,0.7168706429407217,0.8110245815655843,0.9108990318939036,0.5289626732174065,0.7078688819057876,0.47266006983755277,0.46126198693576825,0.8134549504758107
1.935081350213481,2.445540022938253,2.7342942185507213,2.6749791894567405,2.5476458947588747,1.8002676654547507,4.010836566378131,4.03335842671328,2.558723537729788,3.4962963180647884,4.242584431778019,3.1979566758397207,2.9502520424035645,0.8987127904467166,0.5063740422487154,0.5399134620598014,0.9261619959354437,0.4977954408720096,0.6132903182795014,0.5480731850770885,0.7937466588004657,1.1189705344804137
1.48701265084537,1.4728978015672158,1.490280210138092,1.5748368135707238,3.292377499235824,3.273169894832299,3.08535920460254,2.8457487148926264,2.633727503396134,3.873868483245294,3.6516212555748786,2.863411559518437,1.4695989761429737,1.465357917935205,0.767573238386567,0.7416841194120776,1.016270486960765,0.39084403012122043,0.6043258779115777,0.5996768827444751,0.7135961710673061,2.3056883933233197
0.1333824914533351,0.5669241679352137,0.402387798716592,0.4097233083576908,1.4076241334357853,1.9086910265052601,1.8239598128019379,1.513903144164685,1.6855225895023072,2.0050107116748555,1.8717652420663318,2.0880277621813814,2.7369606967621314,2.9627308630304094,1.5350216266296932,-0.26848527483083784,-0.027959919877664347,0.19236811808880375,0.31452639426538637,0.7297296188091238,0.6513245676567985,1.6643371992164213
-0.11296995556399034,-0.16282171006457422,-0.24888836206657108,-0.04436551128227928,0.9123734510896226,0.5965117121802758,1.0238569756224185,0.9028669530059484,1.0371857889913305,0.22380134907812604,0.8628997561156888,2.1051720573663286,3.088655534967619,3.1766252526403855,1.3696511716703959,0.4467567227599467,-0.09043721854692555,-0.22025735030788698,-0.04056042443715773,0.24294574489431264,0.6901629420580349,2.7987006734483675
-0.1698329988774433,-0.07545772994549818,-0.42418176882963676,-0.3234438575654517,-0.13182680255477328,0.7612567853446237,0.5446418677436129,0.5854659193147764,0.3822682246217514,0.24193698188373303,1.0356524643004952,1.8262568474037293,1.039230113244219,0.08278206638445544,-0.23166160950496595,-0.076662410434851,-0.17888055870387803,-0.6441095304979984,0.8438133370250176,1.773667676116734,2.853481860021028,2.550045933833178
0.8642550371387768,0.3432893722438509,-0.2683265446081383,-0.979340939034306,-0.2215552420082462,0.28543728860009754,1.1848257614143602,0.18679823711178886,0.025182847426158995,0.39507557965439677,0.48054265421803444,0.693269504794026,0.13624542424885983,-0.3171633542281055,-0.22100210149088043,-0.14695542968223677,0.24777072586890694,-0.3309091193916818,0.6630276915402066,1.0405735749419336,0.9782985407412308,1.4956244017674691
1.4443579364109083,1.2720220712703376,0.830345555766494,-0.1663943347114074,0.28975536718750117,0.07218603928914065,0.4341581614317333,0.16282464791060106,0.5710251941125662,0.2584557879228528,-0.15351752258089682,0.45815413360839546,0.017231184840010797,-0.6081250001616179,0.03102250817899602,-0.09129378908317717,0.5530097109528087,1.070337576523155,1.4845466050327323,1.3253713873511213,1.182303910538565,1.162241423152563
-0.6820686418263172,-0.4977744706466999,1.0747711348517492,-0.6065034434658851,-0.2412941428184065,1.071093902775966,0.8931386568194523,0.4646562516373625,0.6864304149445147,0.6841638986092241,0.08199634535295951,0.2638812563675849,-0.029701515328021632,-0.39248402775117464,-0.037251003607163595,1.4461562057075452,1.6282625807382982,0.9299197128039891,0.6931667635628366,0.4956720163921286,0.6792774265128302,1.340545595769107
-0.6804518029866703,-0.46613960433551344,-0.20415279368879186,-0.3021009581828604,0.9592169218164619,1.711023430984209,1.1551630250853127,1.0354152995107757,0.5451265764332297,1.01993541327163,1.504958582863992,1.2558061536180019,0.8100531480009778,0.9545875037454948,1.5270143256683197,2.01443655891794,1.7531311170928918,0.8171148145590603,0.20740465908348307,0.345027014569123,0.5231599570951564,1.340807099114155
0.19064277315223957,0.30541111588666625,0.3294118837277824,0.24294927735380623,1.012709366444406,1.2252363920442306,0.6545694352182044,0.9790252890079252,1.0562460443481543,1.2081676148730296,1.6434288674211621,1.2727053164832196,1.000970427775022,2.4539662690945887,3.3014437265994903,3.161265778497862,2.1047516520703953,1.1061628424782326,0.8067453329748686,0.9363660753646206,1.2416218475017766,1.820380199661418
0.793757074831377,0.7537802037124037,0.5885237288134061,0.6811580636762358,0.6706246632894001,0.7718029423802928,1.001112332298192,0.7055503975094317,1.5159600462624023,1.2826267215818214,1.530992843843982,1.485625897611792,2.5883707417885895,4.71698154447801,4.212237117129888,1.9811251281039464,2.2797914856263843,2.265883928811649,2.875394557399436,2.1530042092220656,2.901958232966036,2.3642075954249817
1.798052661352092,1.8350766901252193,1.719626732985334,1.4727394822188196,1.52929988668191,1.3680073408573414,1.3131269426216645,0.8386405941048495,1.0703713904070586,1.4669030236641694,1.2174777561200225,2.9665287099857234,4.24664666659272,2.141428718648096,1.6275981524497272,2.8505050158017764,3.631918517201467,4.042429333414808,4.659115427713424,5.261020602163588,3.696417215488791,1.7548771396957732
3.0506211507212533,3.1045251003778334,2.943222726081409,2.607462008785483,2.1115221760195233,1.8069873658297124,0.8614466092900189,1.2448482777650238,1.0797443323772233,1.3733984734845168,2.6721599605963426,2.804184588269032,2.393138930667309,2.3156790481023752,2.1323481653475858,2.009748714845788,2.5023889554249408,4.285680802915781,1.3542463500622788,2.41014350928957,1.198724740422549,0.5197129811560108
2.8031739138086347,2.8085107064568704,2.5131989721551133,2.759954121494265,2.982303534219059,2.596602786946429,1.6364179626234332,2.06428914552056,1.6452761729055947,1.6539777065587657,1.9769694429647182,2.3807035923634077,2.6459530821338344,1.7281399881382817,2.077410037818546,1.5348914959761861,1.545120761139477,2.7192084819434013,0.9926631342175287,0.6576422374788506,0.7361773252661291,-0.182162874338252
0.9645846240043519,1.6648363127133299,1.9410257631831003,0.8354120989766354,1.704293715209561,2.6330671244573383,1.4041889031423267,1.6545544195446409,1.9778243996200047,1.5811749585481925,1.601778172172579,1.774547368623488,1.7108587746374129,1.3351591859211998,1.7326747997267344,1.5420137537084946,1.036443706052721,0.8438585623113183,0.8026147092895877,0.5885021359290942,0.41477398076193617,-0.01718680052223338
0.6506264196821885,0.5527794030649675,1.1745941299064993,2.0890298107182117,1.7120726897845904,2.346180125749862,2.2147814921630187,2.1229683558090797,1.3609121037898821,1.1356987075253357,1.0225092408200684,1.1205206088238275,1.39367272852973,1.173644171820264,0.6476267753841243,0.7950313755300767,0.5775614637883127,0.30549301521761635,0.27041860964699804,0.3808505234650066,0.09223897098639333,-0.14745736772706153
