script/wind450m.json
{"header": {"parameterCategory": 2, "parameterNumber": 2, "lo1": 3.000054539987559, "la1": 64.9999836372058, "dx": 0.5, "dy": 0.25, "nx": 34, "ny": 52, "refTime": "2026-04-27T02:00:00.000Z"}, "data":
[rows 0 to 23 of 52, columns 0 to 33 of 34]
0.051294185310997546,0.3982677956534227,0.8510801038537933,1.208186437786206,1.6196904718722136,2.0324418927584396,2.338554876582957,2.6852176583199863,2.8135025766057726,3.226634710385348,3.6678085732236485,4.1066561371491535,4.514024725771076,4.882210686968251,4.978017719570776,4.871397079618315,5.23485688766684,5.230354829398961,5.53249721266792,4.544033601312884,7.4061947646311515,6.649215727293319,7.792276979822417,9.024133269072268,9.46116147221825,7.629514815395978,8.327736321454955,6.576509751460177,7.288700534286446,6.799271402216901,5.103889475246485,4.818701400815747,3.1674861806639876,3.1939552714102875
-0.5833049748667917,-0.44996406037728764,0.08683910761227409,0.7906891882671195,1.032457495309088,1.2368828777455154,1.6109808115820128,2.035460479509166,2.3642531854510276,2.954907147682032,3.0405121102368153,3.421282130514095,4.076308183630081,4.426866839821646,4.759436529212682,5.007426901182909,5.033441934409872,5.995922472855417,6.464517108794408,8.14669694228555,9.243223420952713,9.591204027433452,8.887732146398536,9.385772431223288,8.76933622800054,8.18561068030795,6.857313743273234,6.840353984703755,5.351298033341931,5.480315651134863,4.719419876712198,4.97770905773604,4.625467845964379,1.3290748339296026
-1.0233837118512166,-0.6921790441139783,-0.5512837776543521,-0.28871261287382405,0.10237342311036983,0.5747009138132476,0.9144322838192076,1.4736640006559878,2.2393305629283415,2.3541758994486606,2.8373757289907564,3.13173622680425,3.7336272492176747,4.0722748445357295,3.9397067417529503,4.578857044077648,6.051681042746124,5.570458399165014,7.339824882711059,8.078344326948535,9.771382433383216,9.725220878189088,8.490997660935536,9.503970353154116,8.698781739531858,7.5751357749224875,6.6418830234152715,6.089625102870894,4.3240436017636545,4.021492868250479,3.485775636610339,3.649527114280707,3.859945578740004,2.7174599046859504
-1.797434059071327,-1.4231139455847466,-1.1068349395583055,-0.9875554215214493,-0.6634714292063711,-0.04799665001122901,0.04578459371603027,0.4713915475220446,1.1298582905380667,2.0127062117476027,2.2251505821727844,2.6878207165805965,3.243930907205534,3.671961823979293,3.7304736483743905,4.441133449437339,5.872296979865156,5.529367793035883,6.174585151782447,6.496188935989234,8.034039317987713,10.722076528080441,8.502307071621646,8.777866280265602,9.462219977911833,8.311002183539747,6.7393373642639585,4.80915720044598,3.950414372106948,4.08148712726312,2.2344107823056776,2.0146181362808617,2.1348442527850735,2.453094027254169
-2.3857003660152043,-2.1544980025878173,-1.6611695210088753,-1.3930366420569702,-1.3341309631101255,-1.0659688002600145,-1.0840027511232189,-0.598969718189263,-0.21006333627244883,0.43591451244676677,1.1454295104066847,1.9647724220775975,2.6456614077817977,2.9742660878682345,3.144111639598619,4.283015346471038,5.885824345143826,4.543987330403917,6.052986385907408,8.026045467065758,7.074491005022445,10.249859518590732,9.768106984951825,8.661253557256673,7.918031868642222,8.275561236041337,6.3153638929208755,5.807301181934112,3.882998920445822,4.6733947583133055,3.536827407651966,2.319328825995382,3.0910381585368993,2.4210653690600275
-2.5394889472844047,-2.5129524257774816,-2.4152196295024155,-2.2512398342719577,-1.979703711194912,-2.0721959907496705,-1.9478494418558836,-1.5902023586229717,-1.1774175731199839,-0.6034823090745594,0.1292800089393635,0.9332387818076165,1.8655222218980139,2.722177264770085,3.1831029499862513,4.451739424024937,3.6568072136575136,4.718246161101194,6.5037447566077935,7.933177758395894,7.2324821056248645,9.181396630085457,9.431419947579213,9.311313952068772,7.866302804250476,7.12297261696435,7.542317794949927,7.3326408365369335,5.8435908849496965,3.387689277512712,1.3351666867889063,4.676834491592083,3.9673097164573177,3.394194184855981
-2.8952895325142607,-2.9523106390213485,-2.970186963104754,-3.0660997409321142,-2.7277962112993017,-2.603996773633719,-2.580860581762688,-2.505548047632726,-1.9080300041727578,-1.1476411982207144,-0.9175925778389357,-0.014360368255297769,1.4370572005588382,2.9963480776470175,3.094211639159545,3.148410075947141,4.0309449748672845,5.159362479980428,6.580738881550179,7.522155329415284,8.656555282497555,9.288333437382718,9.58922145937695,8.217549033614576,9.783776649481021,8.362101108259616,7.727261538426712,7.263894915742321,6.3487621359317155,5.080453266650501,5.4258470375163474,3.330764716594022,2.7420075984133816,3.9450950263078304
-3.26475412354322,-3.1237262943895425,-3.493754027125795,-3.6361889256144706,-3.5444096346916245,-3.4252671510012807,-3.387849665383801,-3.314624021701291,-2.6868655829997845,-1.956937521755515,-1.4770527400252553,-1.0356055168395437,-0.5708432810798907,-0.036182682056560195,1.672148290404067,2.8683310224754126,3.6084865405890914,4.186665798282443,7.533365368122432,7.808993692112145,8.443895636322004,8.782259110105256,9.271476037845943,9.418566762638093,7.887242848202302,7.658382441166515,7.6695969981045,5.279776708702506,6.505974102822402,6.042919037550011,3.213149836610021,5.413664772125245,3.2398617989218557,2.3128690513910133
-3.2802494555179895,-3.4997214866885424,-3.850833029914557,-4.134792472847668,-4.298824141299301,-4.25179886525864,-4.105101235358768,-3.9217818944688547,-4.260688573937227,-3.8190369692213824,-2.283617119280982,-2.9019192334643633,-2.1610291606291847,-0.46014069151372533,0.48055722234391113,2.4737598832671863,2.5231065010300293,5.0781373853200735,4.24984603007638,6.855135481471181,6.634550440608694,7.4628405447259185,8.357372337519056,9.217277583147743,10.06750467813485,8.569547182594981,8.148547726326754,7.680707678134048,6.496548082133725,8.441283035991212,5.409902851521361,4.388545118009455,2.051606401233148,1.4001667077430617
-3.324837322667388,-3.9826288387969653,-4.350542114007282,-4.51464558436284,-4.932766104633758,-4.946783214383177,-4.3071864457273366,-4.780094122624879,-4.026212770535583,-4.622878843354323,-3.586422903935867,-1.4618429429949098,-0.2520261707691977,-0.169308874592675,0.45345039787783303,1.3475419774665152,2.90482930211869,3.1104688611213556,4.853996377268513,4.113962196912884,4.7483295989096455,5.728563389689491,5.439502491726227,6.861812348980684,8.108769022831213,8.347088506607925,8.00460336804344,7.359014044318558,6.2236231689057,6.816371632433883,7.833968939173749,3.2431490144271913,2.538620553933498,1.0265200478139447
-3.7283830581630553,-4.049117138976591,-5.023037920883041,-5.396474745007881,-5.608075069712957,-6.579569078524327,-4.994986975686995,-4.478557064286894,-2.2983083559877096,-1.3759862472447881,-1.4654677277322015,-1.5429110289159713,0.2891173362343696,0.9090967286865326,2.7277235718458193,2.792023810296892,1.7111213306784803,3.6991439464056404,2.397888422780399,3.7705944693802764,3.325911450044562,4.5199312413884885,3.20035832587215,4.850692463270702,6.344838853842274,7.23997044365811,7.439208898861296,6.162487258918217,7.879904728293043,6.073793551221071,4.804897093954439,2.28199484169087,0.667048023551162,1.0999932161103634
-3.556929128132307,-4.336765534626114,-5.261052049403106,-6.422486503684716,-6.879570107206531,-4.0885175175101445,-2.820386844812238,-0.426551883514812,-0.9539959267096794,-0.25349537137004335,-0.8630572193042426,0.01588497058496342,0.8359166670018406,0.38300225152171413,2.132167618937016,0.7919198969566215,1.271392349112917,1.3705645658154146,1.5818836788417803,3.1475991273936534,2.2658044364051424,1.5308829436736051,4.770910530514028,3.2041097519483213,5.678618605632592,5.587511350640101,6.099627626734673,5.736079708041127,7.1492885156143675,7.8283388354847805,5.3957438483899285,4.029948142084584,-0.5062416702435024,0.43868366131283343
-3.2949678168278655,-3.9488905717772087,-5.431233801225835,-3.656951324951396,-2.0312044868114865,-2.599665545228066,-0.29786400821455045,-2.201215666741516,-0.9355869895965243,-0.07240877816300795,0.12618225105574155,0.646036013560253,0.7614664064104258,-0.12523995009312094,1.2445802369840382,1.0491187182861357,1.0130038208306835,0.6181800507893958,2.2052881759500713,0.5775773790127143,1.6478623766855296,2.87346025390023,2.671076464867861,3.5232114429661303,4.470596619649813,4.8660152789616715,4.636311342816381,4.381326480842951,5.976280434156401,5.122864518157252,4.3014030099374825,4.295089151930628,1.2185902501863697,-0.3940447298492447
-2.779715547626777,-2.906300589256565,-2.9517337037235882,-2.207534559198565,-2.056951224953839,0.7832550535341688,0.3483889353008881,-0.39741041005605987,0.539292249480848,1.1076308146694553,1.1519132893888868,2.019189422643903,0.8709593527966817,2.0494111446718613,0.555996554998153,1.0313118021057246,-0.4432722093056514,-1.2592137289770458,-0.5310543790989162,1.3336623886010837,1.9811401183161133,-0.11362098508678015,2.1162863928399767,2.230064543089571,3.2031393377703488,3.7760066905353904,5.652624457873322,5.570919505630372,5.559867834342679,5.513356550172293,4.623482255941576,2.957922133849616,1.1261831213897668,-0.38712586379813263
-2.5763856337686915,-1.4064012871315763,-1.381334260308302,-2.576315789985767,-2.4570015836819157,-1.2760144315252058,-1.3269466241515233,1.2103817250374163,0.6212270526401353,1.3863901640870588,0.754635691673256,0.3232996177675607,1.3401052947302867,1.0877249287204576,0.08264265580524958,-2.0643406737567633,0.4521120221387474,-0.003988615193946856,-0.6846156391858712,-0.9223828643927047,0.6942214168760265,1.0848488111161019,-1.0465737343812342,0.18867424772034577,3.2751215578196,3.6230835063841735,3.7992742710691836,4.486627707774175,5.079724473770192,4.5067530956337185,4.418916448445381,3.446526026081647,1.0140874859229403,-1.211118506333793
-2.075612806087837,-0.7530681883890454,0.6920931411089905,-0.3568774458836487,-0.5564800290439958,-1.097490893588387,0.5628215291847185,0.20139487106453605,-0.1363232703852891,0.49083635734167774,1.4658670577379838,1.9053780211715805,2.5970867399604995,2.792011976643604,-0.1485465375694609,-0.1589443317620146,-1.3831740968741808,-0.3776153651555101,-0.9721752256242134,-0.9805301635259385,-1.2779878856357707,-0.14432833525837643,1.366593979674867,0.24208984204688044,1.740626830510669,3.134785938639907,4.1351587862885335,5.103802360187396,5.10312704469395,4.725289226274081,3.0254444170141985,2.150040592310875,0.04224580014314604,-0.41226432868092594
-1.3144666229648763,-0.6817867961318074,1.0033441700638424,1.591760117567344,-0.03537800994589853,0.3677357155380907,0.8496692467359038,0.7119089228101667,-0.9665762817536437,0.9094861145810305,1.7889675580893711,2.1231600701090905,-1.286495379632613,-1.554417763516547,-0.6682170242839248,0.8840566289465547,-3.637894549312986,-0.7677570482383934,-2.4271234253937775,-1.85835185879414,-1.8839719386285523,-1.1593535732047335,-0.6678928256575327,1.1877269591289472,0.5856952536201603,2.428154158744048,1.832166476968013,2.361315385989472,3.4277687735685105,3.2917569851352133,4.187369962598534,1.4999744867422449,-0.6755101974683295,-0.8722944354228832
-1.001409374438706,-0.5381992082366895,0.5504277988228125,1.725974820077949,0.3841682074039078,-0.3423440773426878,-0.21235177175788011,-1.2713711927106939,1.4696098218863392,2.175601925892668,0.9621996192163279,1.381469394455604,-1.1757604721046322,-0.9635786508429178,-1.7467609664268409,-2.953500566254352,-2.0392578734520352,-1.7344872713980388,-2.568197983734151,-2.7934412378138203,-2.6173635739729417,-0.17169156065157226,-0.337328560226985,-1.3276079337494644,2.0190709383904957,1.4794034615708422,2.3609059730410964,2.664550699524853,3.612772113956144,3.421266044457041,4.11567070333779,3.4360911004293877,0.33448617410882,-0.8505879917345922
-0.6191707279341885,-0.1778548028983597,0.0004023753310811227,0.9107478100297162,0.9510555512794931,-0.5672110564651273,0.7412060938972511,-1.451215794901443,-3.1936701514202004,1.563827336275567,0.11852184223879599,-0.42780116511547983,0.16520812221856152,-0.6802994574975785,-1.6636312846941441,-4.929450448946344,-2.195838142000567,-1.558709001658658,-0.4908698669376098,-2.740961185691989,-2.0982770457519755,-3.6899269432326274,-2.08175645880544,-1.1272718595615892,0.6202122305847413,2.289225801660936,1.1687241251808882,2.7322110492166893,2.721653368437214,2.660153814263307,4.797595360250744,3.50238077787109,1.527474423790126,-1.8549775979750014
-0.1737760202029805,-0.12912677993135468,-0.13879711664749295,0.5192241043405814,1.0396801718411566,0.4423467698003577,-0.6021910409508605,1.9582924835138327,0.880270466219317,1.2920962461875622,1.3371201294255441,1.4882535131161432,0.17136358501240007,3.205970275363293,-4.558740158593755,-2.582144736736642,-2.571150483852845,-2.7690292047832306,-1.7444892247780888,-2.28718746642299,-2.7108037383611125,-1.898047393264365,-4.198602037028342,-0.6192098283111217,0.9278305068059843,0.8800703742126036,2.984962366256765,1.6504287029093327,2.3384005894620667,1.9089155970931784,1.8496698753498881,4.093452461899878,3.886962620565977,0.4204827244504644
-0.3042216963253366,-0.06338941484068071,0.1661902202411753,0.001652132584073536,0.8725767223733799,0.7980263978405324,-0.1622399106603737,0.09572147334116614,1.5255150338995587,0.7814547736189701,0.5320014347173787,0.020979274366434788,-3.0470919525864435,-4.163838185811139,-3.393221583110794,-4.696765029185585,-4.4406275043818475,-3.3861582793557132,-2.8006355169524273,-3.6190759132317623,-2.9037486775754076,-1.9153098528461416,-3.7402667441839625,-2.670417154399286,-0.6645548810848503,0.721310534989139,1.960145849705268,1.9352322835184383,1.716248317090226,1.9561633874760698,0.9634595995113436,1.9839532875662151,4.771781872789305,3.067829672129883
-0.27982857493138036,0.26375844214494376,0.07821999370411406,-0.2069434299202672,0.6705753615207007,0.3399320233176074,-0.6432672403954852,-0.9397872982599241,0.6466724681445549,-4.8660151136088805,-3.0925127942027135,-1.9491365891102312,1.1158033461859953,-2.816373566064578,-5.23895482356751,-5.848293912107221,-6.165422559054011,-3.9370814960956504,-3.8544656774611816,-3.6583184819642294,-4.088513054019054,-2.1856339705349304,-3.9120056570376835,-1.6395262088752423,-0.7680958206214984,-0.885026658701455,0.8254840567249544,1.1368102686439225,0.5396589513400926,0.14566800480108788,0.7528917194731984,0.7249603533430167,2.4420366727881535,3.704815470890183
-0.4782905089747404,-0.17153438098317628,-0.19930463001568138,-0.35707048632693666,0.0297610690976854,0.7550806807457465,-1.3037108470724381,-0.5097895040141598,-0.5487606557359316,-0.06020569292865222,-2.450669772139784,-2.737667373969487,-4.151140298410866,-5.036655283639455,-6.1849823294498245,-7.741837113548502,-5.71759566538318,-3.6251698416101585,-4.305377372120563,-3.5032080237820464,-3.62307022062552,-2.6950983061977385,-4.479469751649485,-3.9685829567902027,-1.171879477634458,-0.6993321502549623,0.11521642251190359,-0.12549423846318086,-0.2516800083031825,-0.06745283401064603,0.11603979071190891,-0.3419402591366009,0.396153866418551,2.732586657796897
-0.3898406015644409,-0.012572276006575176,-0.23222148048784377,-0.3452851677269049,0.1037709078772677,0.12187916638093761,-1.7329056170394455,-0.747194434591534,-0.9351971635379583,-2.2999867137072227,-4.60059677877855,-5.529095471344002,-5.500167472813117,-9.19152714418551,-8.122563310800487,-7.093076422453841,-5.471452222799468,-3.38711595657635,-4.72795562342205,-2.588375036904823,-3.568368114695114,-3.8410494971411944,-3.7279231147749936,-3.3061535061972367,-3.0670861494312267,-0.8914317575224365,-0.4528522414961143,-0.7209445251320642,-0.1468522403145843,-0.07384256772113469,0.12380571595379145,0.38047246052605427,-0.8670223316647064,2.9432219425547914
