script/wind150m.json
{"header": {"parameterCategory": 2, "parameterNumber": 2, "lo1": 3.000054539987559, "la1": 64.9999836372058, "dx": 0.5, "dy": 0.25, "nx": 34, "ny": 52, "refTime": "2025-11-24T18:00:00.000Z"}, "data":
[rows 0 to 23 of 52, columns 0 to 33 of 34]
0.6835139684978943,0.3276185439968514,-0.8184013188011388,0.1191709426625133,-0.5859052611783067,-0.03366056692834748,0.6965922648101155,-0.8144373117243245,3.3093748576195945,2.9857358323737246,1.181345266281239,-0.21896793319165817,-0.7938861241600444,-1.8872344639419576,-2.447658593528768,-1.5784425746741286,-2.446264590041712,-0.9194349134629815,-1.2851398294009178,-0.17527151942534885,-0.4184982904811565,-0.3514632957449897,0.3977030144303102,-1.2725499893917793,0.8012220904084558,3.5653340403259315,2.4576370167665105,1.9242368561345968,3.9108943130218283,4.483906286683842,3.523662435732922,3.408210362217778,2.0066038536658612,3.3283615813136667
-1.1780107423173027,-1.9012958021551105,-1.4690744937489575,-0.8148213011620634,-0.0893861828633696,1.2486984203467353,0.6923360804921904,1.1389176901305407,1.2885392384907566,0.39839765347682826,-0.9289562051233633,-2.0017970739258915,-2.451646240476292,-2.744347421698617,-2.4326711058122052,-2.3719651281241623,-0.4910839369417617,0.8339205017431071,0.13633776248974802,-2.1556505217710087,0.2851980584570246,-0.3541362364600853,-0.06344313192278586,-0.4121621045427209,1.4009079937013027,1.0585272133791295,1.8138750129275258,1.477680375662814,0.9771326445783699,2.540111996290453,4.170989370737468,4.909744778905364,4.012309890567447,1.3152810620163038
-2.3516768998980755,-2.153491155081733,-1.2211151462058463,-0.23641772789034746,0.817359727003802,0.6309439518569481,0.1642550321266998,-0.3069312526519306,-1.0621856187137206,-2.2052281925624433,-3.1349290332543114,-3.0121033758474165,-3.2439567350103213,-3.292835986344686,-2.7798526741994714,-2.8702199794957313,-3.3020909453468374,-6.0288797440882655,-4.913579218223034,-0.23124910774826132,-3.22533887048911,-1.1910576187468236,-1.5202187194561116,1.0547864131811935,0.38012144476568444,0.9387305815942294,-0.07824327304288463,1.6591390072094658,1.281575090902199,-0.39349718775918807,1.1250798863855553,3.852875706090284,4.925349715009198,3.761829190998295
-3.6866694153420054,-0.4121610941526527,1.598527245622207,-0.07011113633488765,-0.6478635681853412,-0.9347884069777146,-1.8690967900356907,-2.5659231472204316,-3.409514447390424,-3.7322481648701533,-3.7750160103447823,-3.772143725118339,-3.7129670322058326,-3.4169192812665106,-2.7859884202302334,-2.3767189086071214,-0.8879222168843651,-0.44301940473025725,-0.7592949157739575,-1.4034388956829873,1.1984947628470646,-0.7969755734325192,0.7855032728092944,0.24999800683360732,1.9120403578706806,0.2651762979252364,-0.5379175664498236,0.4128113395555035,-0.6716834853700251,0.07885806530394587,0.4516598514031668,1.1500395492096116,2.3375181210969807,3.187985237131447
-0.19775026920103753,-1.3320137003212336,-0.2685397706987908,-1.227122383461209,-2.3996293957320773,-2.5869917376988396,-3.3403789640095662,-4.1874492744727005,-4.340104360971661,-4.416769585636137,-4.429077338661586,-4.445307278920166,-4.181717772760248,-3.1467489943719715,0.2386211785261587,0.7369688966696235,-1.2604800047503733,-3.6341229203377066,-1.4151183689435998,-0.01559257238907888,-0.8129937593702984,1.1890619124573008,-0.17497332430993737,-1.950533240174904,-0.850528536393743,-0.7797382508636655,-0.5755976400503134,-0.679853524198718,-2.138696752269023,0.6128020917376965,0.20732318558954754,-0.4324206070833129,2.047139757657975,2.8018627447686004
-1.7687412911179015,-1.0759497684390034,-2.2980773289162593,-3.1483132448312197,-3.2523216520652514,-3.7874496630115453,-4.668868844800928,-4.593803532944348,-4.92162940888529,-4.975568881504039,-5.3097512277857675,-4.831211795721004,-3.285905062109758,-1.7141510761406025,-1.0271808556603954,-3.209411409450267,-1.7749260850604658,-3.8228322825879126,-0.9865108912850558,-1.8700654630167486,-0.6860513023505674,-0.806108080807718,-0.8686200461365332,-1.0450744109613914,-1.3324450608324159,0.21522582581090957,0.5640353137131277,1.021463881226958,-0.6899289926690595,-1.9469199065720257,-2.0145358050251496,1.8102432129194466,1.805217855264651,1.717155770390746
-2.2641831478908885,-2.608906169984852,-3.346137013521418,-3.9050547110600347,-4.354784683663505,-4.745228465131947,-5.198413988805859,-5.4729637427651445,-5.473045174653623,-5.736007189094992,-4.689925622266451,-4.285378415852542,-1.1993886567092549,-0.951140477849168,-0.042487680981903746,-2.340674030575364,-2.0282776476649325,-0.0673540886692149,0.23959666163187054,-1.4988354952135563,-2.6657389090128163,-1.193151502332801,-1.6558246566256751,-1.7862125187651745,-1.3868004139369918,-0.7693604396009945,0.37950759301081394,2.0693623838392483,1.2419076760718906,2.0355185531348456,2.1597175648570084,0.1921275246643375,1.0528722554011658,0.8739755439327911
-3.141626157915589,-3.7597895120444504,-4.195860220763902,-4.6001170761479155,-4.883470741356764,-5.860098789383022,-5.931321849040504,-5.9801940509447,-5.987181433794584,-6.3682087162700745,-3.912544556068473,-1.3024757057875915,-0.6571638067262106,-1.509723580025114,-1.1952800296952713,2.0174713226735683,-0.07340247297051229,-0.2812598178061493,-0.09478838396424832,-0.6557697229387095,-2.373015898616732,-1.864857770431564,-0.1811429253737281,-0.38989007293612943,0.04310199376035754,-0.4382633869480829,0.08479016627642297,0.6418805793095799,2.0938713792390535,1.0039574301731569,1.9706262477901508,2.299173647889853,0.19520618542422727,-0.7493523091500415
-4.0990507200319755,-4.117049404615139,-4.795865142843089,-5.352499563154994,-6.18354226761949,-6.468728126340564,-6.465503460867278,-6.319001771938241,-6.716891925589415,-5.4435204806807835,-2.4173864787400814,-5.26552480397533,-4.8470998117819075,-1.4107295182147659,-0.2538201171691388,1.2133455836909974,-0.2339646777057906,1.8980835485371093,-0.974391049333656,0.3177424474631929,1.8094110301375845,-1.0595170747292484,-0.36170528999195645,0.08060351079874234,-0.3094702999265596,-0.19857031079678053,0.3225392284903199,1.0803574791930062,1.1744381620888062,3.932044958199876,1.7029319017839337,1.0254369272990662,0.04515394948166511,-0.891110480884449
-4.64442014752517,-5.157291777569544,-5.7276553666442265,-6.414477640179955,-6.955969763183309,-6.994623412816914,-7.1167790795104215,-6.768469024510525,-7.047040128383848,-3.960273235212774,-2.0770090031761086,1.2393794092059827,0.6294028510283479,-0.26445119310182386,0.33562978584492703,-1.270729577075468,0.12079769611462228,0.058689747402527914,0.3324174482841388,-0.3129627556181608,-1.5823393454406671,-2.1771972329134037,-1.7547249910432627,-0.2011476491184344,0.2061485766047752,-0.5752947157992753,-0.04068330570645433,0.02799135121354881,0.8811209376851205,1.4925060782537274,1.816262651776263,-0.05979434881150906,-0.5301812898815904,-0.7501242045462201
-5.496973672343246,-5.945101517798492,-6.598652872559105,-7.255016180275497,-7.413842244889643,-7.783385946472311,-6.54790390378993,-3.2490860476068786,-5.968469348775565,0.5554331974878063,-0.9631144295737402,1.1486018248525116,1.0832635859010074,0.35574749937743544,1.4174392291613063,-0.0011754627343098657,-0.7961297494757726,1.664511554856863,0.3411899863842143,-1.6080137321207753,-0.5438054079299285,-2.308561183665935,-2.547766344194383,0.45543778581852123,-0.8740419224043415,-0.4500103289104174,0.11392389658925378,-0.4696803513141528,1.7959288763816306,0.8993572404653952,0.26389481467063336,-0.3171876734003273,-0.5774595123306225,-0.7503843832002706
-6.1589543846397685,-6.581813950131688,-7.0692682260885675,-7.5179152624993195,-8.77539534479451,-5.328565505597052,-7.287997602061487,-3.1531274406297167,3.028346933574746,-2.7473390743894157,1.531832464423514,-1.8482507535884214,-1.6432755451992704,-1.7082542000506589,-0.07333495327737419,-0.0577621038597564,-0.5622271789769736,-1.8823196200742964,-1.408237258423902,-2.214582792241235,-1.7189122289710688,-0.1133516477464453,-0.9549162329246684,-0.38777134455785056,-0.17347240938281844,-0.4548866755422529,-0.9691653356296188,0.12835207425203382,1.2243399317309205,0.9691366073166272,-0.1063445736007109,-0.36301212528634696,-0.7496086438690555,-0.7098861038033196
-6.446612120361335,-6.869828789864867,-7.509616836531688,-8.366919772149634,-8.190204257795319,-2.939930021976151,-1.0256899441611087,-2.923972873140302,0.023436658272473487,0.03165648670493354,-2.0282084247652685,-2.762844687537929,0.8971494678469337,-3.113545928155065,0.23363515240720292,0.5479943448602931,0.38621656442240143,-0.09801665166919307,-1.1595934441411804,-2.697843547630464,-1.5475213877151741,-2.3124480610340012,-2.2693004365357945,-1.6552339025193141,-0.1798771501804083,-0.7769684515092208,-0.9361668080538701,-1.4462929134777327,-0.12202871943622456,0.21778338797179234,-0.7713351314268653,-0.9126066089696028,-0.8900539220751111,-0.9035360076445277
-6.704419580093775,-7.212747485129486,-7.981979107915775,-8.493762327769371,-6.377393922927037,-5.273604618768512,-3.8901914031317038,-1.081928175562545,1.283071180021945,-5.556855956655861,-3.9626566184023297,-2.5072934143890415,0.0018759362188922053,-0.11083818252347633,-1.657163910480556,0.10351297426312522,-0.04506957029486897,1.463948826253591,1.4016837861846365,3.2162331131509503,1.1691393313442537,-2.2837491421341887,-1.3249956972627532,-1.276257436000245,0.3782877526990343,-1.5707487901828976,-2.1666319516265857,-2.1682261435778476,-0.4386982400442208,-0.4298050945720746,-1.385027158840288,-1.4390575220880952,-0.9765972948850293,-0.8976764145331515
-6.860279722579627,-7.343964653858799,-7.965863557926169,-5.432475422309807,-1.9586983554320723,-3.372310603033006,-3.043143414674184,-0.47008999337861357,0.02900461781829979,-2.4283376246350845,-0.3089066288569394,-3.528513840658903,-1.1116273184573706,-1.1602163436747708,0.42848854303449024,0.11804251033370508,0.7837155346619036,1.8830310846084202,1.1994828136880484,1.3925227230737296,-0.5485682392989305,0.6385534862296391,1.1002801304948648,-0.05763148694718947,0.14047813239340373,0.9948872425840745,-0.44570721024480947,-2.4054080715182646,-0.430600603467914,-0.5362508433826924,-1.4350107792713398,-1.789902639341587,-1.1132806980380752,-1.4017540961489383
-6.860189602221651,-7.226153178232115,-6.619255184173039,-3.254651314571833,0.044136925334594394,-0.3919721344356281,-0.6567703095869105,0.0954947845024689,0.39005907096379355,-0.8764405659995299,-1.9377624082505012,-3.416739816834654,-0.6806205600582613,0.38855468646536045,-0.00927798038252106,0.8173319339467879,1.8359396195025475,0.47027830856212455,0.7317426333302608,0.5201837221916217,1.7627337233598865,1.3109146826052331,1.3498036765445318,0.7687868646159208,0.14998208827694293,0.23236209685887865,-0.3226871414409291,-2.0524565567087407,-0.6860870328507493,-0.7891041332399384,-1.2218001954682098,-1.5891024707531387,-1.1366314274614342,-2.0280043384131834
-6.900407142645783,-6.345557524523502,-3.757871020212871,-1.1702827718647202,-0.2526419147537592,-1.165387748412005,-1.5906779125043167,-0.6596112587304066,-0.30511587231766746,-0.5506898274735829,-1.2926435742839406,-2.18732743763506,-0.018682406342824184,-0.3408590416196687,0.22007805655477636,0.5880239032805124,-0.14617163337901998,-0.3084735996875742,-1.0991589212409727,-1.1581158505331193,-0.6734892807857207,-0.9361045213632226,-0.458837478120987,0.7263158823403281,0.9851376358493502,0.8290894280605976,-1.7271444136722085,-1.4548534112578992,-2.5848545881691947,-0.9381517758652153,-0.4673596782358885,-0.6695502100160045,-1.5005068879658892,-1.0337819089374742
-6.641736002978147,-4.3298153812334315,-1.3419248406526325,0.028767377237392224,-0.6249591725395102,-0.4965299304130712,-1.5560324437932667,-0.6531688989815174,-2.9609818978978772,-2.056176542669618,1.1770429949246721,-0.1222203650645174,-0.23496432612917884,-0.4971411678397347,-0.7714906439444252,-1.2519520964020205,-0.3929988708706851,-1.5178825075601492,-2.547334390247146,-2.4719474648312834,-3.212726057870655,-1.400610153291236,-1.2460558408022104,-1.4223850719383186,-0.3965357981362093,-1.0921943594053602,-2.5637467437471977,-2.1475722577643523,-2.406115568813055,-0.10555437321041411,0.2192509591278127,0.7668327310223141,0.7142165638780138,1.3010480430968372
-5.452979565890632,-3.62270002377177,-0.6604851773022284,-1.9637956913387995,-2.856779503094625,-1.2100666031594869,-2.794126493333316,-1.3250339504764619,-2.2409540956650553,-2.444272670683583,-1.9387718627157873,-0.5454248979524507,-1.4570522982181582,-1.885685566373077,0.45485664644269874,-3.780660670976911,-2.06612181290168,-1.4864050920452332,-0.45537256062425185,-1.817739242323694,-0.9333316711965024,-0.6373907772348718,-0.1802859326030724,0.9546423195188519,1.741260079921588,1.4710659529828858,-1.679333967165961,-1.3410916106569488,-1.7475373614141305,-0.49652342518629916,2.405120176577557,2.829665798389897,4.179539132458373,6.050188525005092
-4.084334597967738,-3.2979262506401525,-1.2826656336514117,-0.252177120967099,-2.6081334147594775,-2.5325391605008707,-0.4262203711905725,-2.4479443246759507,-2.2295950869513774,-2.6238666872853176,-2.4720503680569585,-1.52905453842314,-0.0016839642336720624,-2.2852767858571115,-2.792983770651213,-5.5763795544718056,-1.8235278731923648,-1.7540592024187374,-1.3126008454038811,-1.5163972339624803,-0.945449333458649,-0.6224163592407852,1.4287976833946103,1.3115488688997479,0.6132030591607291,1.072755316872605,0.33695043779106787,-1.0075146957649206,-1.7290844934463576,-1.7518504787750577,1.1538698263771554,3.8537205913160495,5.468587168947485,6.11570798751395
-4.014661945745062,-2.430339543822961,0.4974049443661913,-0.1207784333779469,-2.5546461900114457,-0.4575672166379249,-0.36192883033906365,0.14248193987005658,-5.050700065883777,-3.09920371756047,-4.5705930887491615,-3.7310921511011923,-3.665576475414079,-1.8968539219769351,-2.044165214355736,-4.068695889972971,-2.9392984735955574,-2.6040218272563234,-2.663038461259184,-2.5760350217062364,-1.9667131245451577,-1.3400182069694861,-1.3406944412395334,-0.43074952678209033,0.863322460441851,0.7680801325397372,0.3357282695120107,0.10380230098714316,-0.16239357263439336,-0.7670520550450637,0.020210606213753025,2.2286960530445947,4.2670620424317,4.727081791361494
-1.069760683194041,2.1868550526649124,1.7524273974499558,-2.1490312875133015,-2.7093612613505105,-1.8175959771946522,-2.5578979595266738,-4.4116808441382105,-4.566052258401118,-1.604467334013724,-2.008660684844208,-2.796511257103327,0.5730066272191843,-0.8401913708951628,-1.553938628793665,-2.1159741215535495,-4.4299027922022285,-2.9716845764149933,-2.8203035107326437,-3.8522099698910637,-2.526597636245384,-1.7036316073571802,-1.4067831475138162,-0.5015008824267416,-0.6135922749212498,-1.4958698292964798,-0.8262875860484985,-0.1346130266987433,0.38108939199492825,0.25138789822936713,1.559203341443447,3.0849921544173498,4.487297639189654,5.075709378407611
-7.0383230689315885,3.7020604016458187,2.5132024637213006,0.3459660579110775,-3.377586532900302,-1.7674365628968385,-1.4835327020219273,-5.036223004047409,-6.6790790355742,-9.475228989483286,-0.9010301394541096,-4.310832348595832,-1.6308673272012886,-3.8327047946883512,-3.6923514760994416,-4.395023648731756,-5.64352410100772,-4.774522682934365,-4.118426307979299,-5.341826980696911,-5.125876728556775,-4.086297580016189,-3.083580504163822,-2.3229606854040656,-1.9141989851841865,-1.5600747124245236,-1.8889245947881808,-1.3209887602719579,-0.6226462010740925,-0.30465779263684484,0.9154573614075836,2.8443069890769674,3.6332699083901745,4.979914327304055
4.340571653876325,4.503402275043692,2.3419639364899822,-0.004149481226103996,-3.5358491145106252,-3.3092724501643014,-4.604404363123287,-4.0989673463350815,-8.909630167335694,-1.631145172990309,-1.0543300468735741,-2.102723182730916,-2.994173926184322,-2.456051328585243,-4.969439850703992,-5.405912418659016,-4.691117481644079,-5.589124353163927,-5.712676605635398,-3.9202431671595543,-4.281117467801673,-4.97536639878092,-4.826384201021736,-4.891923959165176,-2.185613058509378,-3.177411551974938,-4.287928939499254,-4.752869579258115,-3.280900528913677,-2.713196055909605,-1.2691143754527014,1.1064772779719405,2.99232722468678,4.901680185319093
