script/wind250m.json
{"header": {"parameterCategory": 2, "parameterNumber": 2, "lo1": 6.000198445256149, "la1": 58.999992894266676, "dx": 0.5, "dy": 0.25, "nx": 22, "ny": 24, "refTime": "2024-03-11T14:00:00.000Z"}, "data":
[rows 0 to 23 of 24, columns 0 to 21 of 22]
-15.567452547375323,-12.115209126892282,-8.381907778307738,-14.584473530684331,-13.644212935237634,-6.84998235590071,-11.36167239178619,-11.319292754774294,-11.85605181175083,-3.552843059829275,-13.819942317805562,-13.663919292665193,-7.318170898881233,-12.009931949048383,-7.0657394632666435,-15.749210757176225,-19.106504917823223,-8.866124771305257,-18.526939470705397,-11.633734374009036,-14.213047980165314,-9.218154185424702
-11.720744544126896,-8.21607687288039,-2.7290961311798148,-9.32782840160278,-7.178883698663742,-14.368611650624754,-15.312996287738365,-13.983133059506612,-12.583078519070005,-10.49737904343603,-13.261177057915113,-7.331160479118038,-5.778114471286029,-7.68706240558828,-9.570920882868215,-1.5963289895891464,-13.77543396146527,-13.776747253623924,-14.207932594812235,-13.769386543584549,-14.140780221218177,-8.645664660416466
-14.835202071135319,-12.88677326261581,-11.425405377940113,-11.582459866494752,-15.574527289212869,-13.939520394669168,-12.453060707218555,-12.923733375946153,-13.71454675442387,-13.394370305699333,-13.82542526385804,-7.70197987991486,-10.928755947986806,-14.713533550814994,-11.506698951977105,-7.936176803886557,-9.138099236513899,-14.64179293389311,-8.393602255865678,-3.8094008314907715,-13.025014532660705,-11.779355666864662
-14.890574449026051,-14.735751720830864,-11.860781074996618,-11.075498027404146,-14.968739677648632,-13.80995710847639,-11.842601990013659,-19.223499034588805,-15.401460712243495,-14.434188539306996,-9.576102504646316,-14.034250065996574,-7.5495168412772236,-11.228844230334516,-12.193198003149456,-14.879043124482468,-11.823499906617462,-13.528691404389157,-13.45497933158423,-14.297997039139478,-11.623914979691234,-11.273850881964568
-11.859283054363022,-14.184628247599239,-9.47525149861977,-14.264593620714052,-9.444406799310713,-11.982515964978818,-14.621492934548499,-10.736140408031364,-23.218094169016954,-3.239918513764474,-13.89483381879339,-13.755215634940187,-11.724849077517431,-7.164584549126051,-9.207903573320975,-14.755486357390215,-14.419987992525439,-8.699456170947089,-14.375270539720326,-19.07153522683325,-6.2165780866647955,-12.314983027989916
-13.437381814521688,-12.617404071530494,-8.125472281590627,-13.575899290094691,-2.521385323069067,-7.677410903360202,-13.84623467994891,-11.16120820690839,-11.7061663825118,-13.9107615898337,-13.70912222531266,-14.356214657087195,-14.569530701875886,-9.150205761306557,-11.329795369719575,-10.553785119985607,-9.744037818047738,-7.537687155913812,-15.46279113052133,-7.5338949929761405,-14.263244732172977,-8.812749313073136
-16.2206342191661,-7.525518457187601,-12.736781155204906,-13.646335909029311,-13.684419676084454,-8.135612562543457,-6.2007795367819485,-9.869824206670636,-8.62375056713748,-8.213965088239284,-11.285985951974693,-13.033283326272729,-7.735352150905833,-14.813330934129228,-5.994428485553533,-5.885083329256212,-8.881582023475678,-7.492762210387027,-18.62417180459966,-7.261817383038825,-14.855230996587185,-15.22964327660236
-18.15516883075788,-10.418650142334927,-10.985118954065056,-12.033809230070757,-10.814332365181636,-15.264985846908608,-8.29913931830071,-14.264700080511503,-8.719548970668594,-14.800821669875988,-3.434722194793695,-10.01319067079985,-14.364641067096155,-15.209154635598596,-10.729947872877693,-13.522858294269977,-12.458889315132199,-8.44413919227781,-9.693117187353206,-12.763468775192713,-12.329428908847884,-12.525196489290762
-16.327667980018287,-13.460155124461135,-12.415276306883413,-13.018362532163103,-10.190315273066425,-8.257854928738814,-6.068220434705761,-14.237643074384891,-5.362397465813345,-10.898864455571655,-13.4328713200396,-11.052149568757766,-15.598550438873719,-14.753097226040573,-12.045818294949008,-10.177295256252567,-9.209643059390258,-13.87102334111853,-8.266838938549814,-9.778359822074446,-12.437855519799973,-14.032329171149163
-13.557559439408626,-12.327721031582387,-7.075022345229049,-14.829253235947254,-12.551560482082058,-9.73685380493871,-12.448783089158129,-10.15383470767401,-9.45828857607692,-12.014112617116636,-11.85853877962718,-8.861329847505884,-17.35070852895474,-14.34616520626609,-12.193701902178884,-15.885856113690886,-15.054313020060345,-13.422926631420472,-9.262964589136915,-10.927625439879234,-11.32199963962843,-7.1151156009920715
-16.221366359755805,-16.161787998551805,-13.799043818773725,-8.80975500763583,-12.49111654383921,-12.622855491550736,-11.95449991305487,-13.920022920942289,-2.73692441996894,-9.268606391017727,-12.889006497060427,-8.138906302546914,-11.569650917823768,-7.109912821016653,-2.6354416958452105,-10.46490497958663,-11.37293576616039,-11.172464716590614,-15.848521419706962,-13.775319065901819,-12.083148603437943,-14.359214082354672
-13.095717129238777,-16.44231096644216,-14.56530739718492,-12.834679872366584,-9.800744221837281,-12.257816358665483,-12.433329782060554,-12.942637067036449,-12.617446146988916,-13.26953548393288,-8.723805068378336,-12.781723475756184,-11.295155930528862,-13.034540199244542,-13.370027440133695,-10.337739213319917,-15.649312511254074,-9.13031563490471,-8.644258431434821,-6.636825519213707,-2.598762219202033,-14.104181120578524
-9.155215827553844,-12.728254249132485,-8.887953832783888,-7.165500947853574,-10.939953776623629,-14.011087784688712,-7.961295211630781,-13.054852482330546,-14.51326186816413,-11.571650349217526,-15.173392633795675,-14.639957768473675,-7.8525524469364205,-14.002199068321953,-15.0296047197079,-7.969989505072067,-11.606923044192246,-6.27639911534009,-13.218534453770157,-11.293018312343667,-11.21530004782412,-12.005233191513065
-14.786313667401078,-14.440009998641399,-4.044464860807976,-12.924361680680958,-16.66183071106049,-12.398428334377222,-5.359633230731401,-10.78804242759547,-15.462840369220917,-7.876975542519999,-8.63001578179028,-9.660302854457312,-13.6422090472928,-14.062471734043857,-11.248781821456404,-8.603442283430697,-6.665286492535341,-10.427265179815606,-5.721051304614779,-14.894505668586032,-8.358864081324773,-11.559588105268118
-9.796102308768514,-11.948085082307443,-8.222131073901624,-8.30791171939722,-11.612943800905478,-1.0641179254459883,-14.16292421970364,-13.591671311517592,-12.869187350594471,-9.136503092046857,-14.809731609957767,-4.6453737499451515,-6.7598523848757734,-10.602451044076332,-9.833853331982878,-11.864723503760436,-15.507711721680014,-9.80890275263884,-10.391374846253598,-2.4936668040359304,-1.1464454397861987,-9.486345497925184
-12.79312371858574,-9.011310822627813,-14.41420607433348,-7.803258722680805,-12.726433132775785,-10.999814061390273,-13.34587337595233,-11.142921517336957,-10.754221806844466,-13.376040316161776,-11.866263193124928,-13.748046588726295,-12.11723107923137,-8.099257893407827,-14.689835204176472,-11.17104672211299,-11.886778669174015,-13.395057755409367,-10.14235861610832,-19.64189646338293,-10.930258437696807,-9.130876367717901
-9.312583226284756,-14.855849896205804,-13.972203768940412,-3.015492311009653,-9.76920139356717,-12.348124982494525,-13.594879595933698,-14.149713799083923,-13.590800579684897,-9.159111034514837,-7.7079574720306825,-6.121060706531971,-21.66638412083449,-9.905124794742894,-9.531052965904749,-20.015668112331316,-11.115233902318518,-9.238162747660471,-14.357055709050407,-5.853615389208015,-20.462637199463117,-14.483360598582827
-14.221972812057924,-9.835467838349986,-8.535404899941355,-13.22115457260964,-13.697374381567267,-10.742693978113426,-14.361574972394479,-11.787589626009787,-13.808564647529424,-11.488252722509577,-3.620096244275213,-8.65103420815126,-5.069381405679624,-11.814492257611327,-12.1879396866301,-15.36359867104994,-12.379939752691403,-13.099379405358436,-12.940603512365339,-13.621053488509551,-8.827228107249022,-8.002438487693363
-11.24373624307475,-14.912385995894525,-6.8611287339763365,-13.284471743622436,-14.555097369289744,-12.903610196444994,-2.6901526162305363,-12.59877622384604,-14.522677812071084,-14.447029446386736,-11.152870982019744,-13.795322106734684,-9.632224857090197,-6.766036941042908,-11.576295419580648,-15.713211269635979,-6.99095941624446,-12.058532808641004,-14.677251651736677,-9.836925871643224,-15.64071502944707,-6.468102319433989
-11.603324271425482,-11.388161954115493,-12.624629660250905,-12.923424456353436,-7.43235948266002,-14.007825869391258,-12.250284934579929,-14.313708655327977,-12.48918531722744,-9.756093654340148,-12.860510355907572,-9.851920651927344,-12.075341818121434,-12.948554804415975,-16.42981245287785,-13.959929739166563,-12.35342554807561,-11.389117300028396,-7.949195013326717,-14.700819424680324,-14.697746333231562,-12.207914021485138
-12.824786572624133,-11.996571931371152,-9.745056048519404,-11.96960169028218,-8.82047279536242,-15.274280513037334,-13.055378958343695,-5.913695647653087,-7.484578502605992,-12.37683062245737,-10.287777913100577,-7.826565551432701,-12.275113618120807,-11.271684742591209,-11.862816665038913,-7.374581294400714,-15.350894528763677,-7.945715206810274,-12.933261207826739,-9.104873310355567,-11.240324935837837,-9.521415340603355
-13.641466223049544,-11.825904095086113,-14.652873200526768,-11.313941906932406,-14.911151170308186,-11.576190284160933,-9.383422900766346,-12.670985859562048,-10.612029446669096,-0.8028550349549491,-14.080297755659258,-11.964790868701446,-11.033956361050056,-12.620681815189403,-12.649303701215242,-1.921832788115143,-6.135700368827996,-1.7038758038110131,-10.70388601236798,-14.092123992694132,-8.698562980608852,-11.037115876263675
-13.008062843024453,-11.211164481745927,-11.792420038603272,-11.072141098362547,-14.931729361359194,-15.015335449684553,-8.10168780420137,-9.984413556098122,-12.2216209454397,-14.662511625429193,-12.905017376595573,-11.889430486325766,-11.238235030628447,-9.24288688554502,-10.466862228329326,-14.21343383562779,-8.972975839928141,-12.08555285041626,-9.589319719941052,-10.64123378715622,-11.102569830973032,-13.170157328454453
-14.389450076018624,-14.89498755199526,-11.85243973922338,-9.435215029078774,-13.12987229662554,-14.978012196483233,-14.07282752150482,-11.203210234258814,-13.338623435821958,-9.747424558361645,-10.058824325518344,-9.79479315449027,-11.590783035946103,-7.251402839863895,-9.866619502681099,-13.834484669549012,-9.498247985024413,-14.12749046589585,-12.939153392975483,-10.678824929380546,-3.8678359734368604,-6.7894407422396075
