script/wind10m.json
{"header": {"parameterCategory": 2, "parameterNumber": 2, "lo1": 6.000198445256149, "la1": 58.999992894266676, "dx": 0.5, "dy": 0.25, "nx": 22, "ny": 24, "refTime": "2024-03-19T15:00:00.000Z"}, "data":
[rows 0 to 23 of 24, columns 0 to 21 of 22]
-5.85636289498501,-12.556405754571937,-10.728938223417765,-1.366201507742551,-2.515790274488793,-1.6919556862284304,-1.8417836233301617,-2.0278404881881107,-3.1442946530365687,-5.710515803696793,-2.569614250038053,-0.45131126288970724,-0.41746333421090903,-1.3801294429646702,-1.3695905666132024,-2.377759668282349,0.8044008009125453,-0.19318519637936588,0.45008259391637717,0.26350397333819797,-0.04243055562078886,-0.43084725645913985
-6.913098100014799,-5.412598604428163,-7.106240940747801,-1.1560487427631887,-2.8145232802481837,-1.3435353653783608,-1.62028238818522,-3.9800491792536503,-5.549095766942671,-5.995515179095351,-4.009360660827839,-0.9969115519563857,-0.5868893853160206,-1.2452016437204791,0.23599202604856911,0.0950641068879036,-0.7217308702086852,-0.48915211430390415,1.2838877196385503,0.4405511417112076,-0.10929619466890113,-0.25008090834245816
-6.960282498815148,-4.932133397363957,-4.963876364031946,-1.862712626678026,-2.836568964192205,-1.5990436697638328,-3.152933877659768,-4.337392657112321,-5.400109685848741,-5.693351025650363,-5.576591986594378,-1.2999155801766522,-0.4982738170866096,-0.12740440467113626,-0.47406302550362456,-0.06802029641944879,0.030635156036442134,1.5804358173847206,1.6222971675917355,0.6728634567175351,0.20781245658046907,-0.1634636963538654
-13.316228737647528,-7.720541906914331,-4.9789453086190285,-2.3278965646138743,-2.5500903138687225,-2.502124479701634,-5.2340685830838085,-5.469746231666167,-5.355440104883874,-4.998349393624135,-5.423647648635953,-1.8687270895504398,-0.5509328557554658,0.0403227405355722,-0.12026582480869602,0.2766931506127956,-0.029098019794512126,3.49948674716988,0.3328965258144804,0.6781652515235282,0.2129953651477703,-0.006118526257867451
-5.468085723069335,-8.694066689465048,-6.4794491199124264,-3.5423279950719175,-4.408590554887699,-4.753579944387547,-5.127663377173715,-5.751371174629573,-5.758962523620364,-5.212466984439699,-5.116897711527988,-4.151805054610556,-0.8691130231207188,0.24650587579841207,-0.07120076222845677,0.3580709383193779,-0.29231843959317183,0.13456961570075965,0.6019416932548034,0.44974198726708303,0.24812121785234145,-1.8808089266182648
-2.382322757997132,-4.093365623642174,-4.583955098221828,-4.098489899551508,-4.130732972033185,-4.424204751184806,-4.955687446489847,-5.560797309867674,-6.155355410417346,-4.625959552743698,-4.702954638391147,-5.51417331796324,-1.661175861042742,-0.05450758775698133,-0.10250510521693637,0.1220232619486056,0.3295222246261391,0.293353988057638,0.6704366967145831,0.2979583380564718,-0.23247660607886847,-0.6519003363705522
-0.6323839627720071,-3.135522147367222,-3.5711930825514644,-3.638586599120166,-4.044415487000002,-4.580359200406701,-4.587701813248424,-4.945269423637414,-3.729527602007457,-4.673630337921873,-4.830854277746956,-5.572830832360391,-2.1859543376163937,-0.7170868026700347,-0.6928832161275575,-0.47571912669362265,0.30382230255747245,-0.22973109104093206,0.4694673027289774,0.1952316041588003,-0.4613046974366349,-1.0001978724563447
0.6214413351502808,-2.3458356053664406,-3.68124843618028,-3.345316185191671,-3.899300760899824,-4.231585344745493,-4.065223414062914,-4.159011179569156,-3.652641818456223,-3.6025717005150937,-4.3939167573738915,-5.723182436659256,-5.2074178612804145,-0.8408363280694509,-0.9122679337272435,-0.8128135230071367,0.19436123307924633,-0.4383464578700039,0.23914497581341446,0.8543525241156485,-0.4293281080896336,-3.170145875094486
2.1080968360948447,-0.42777393891932314,-2.812334712650588,-3.2309411660319394,-3.9665577470410973,-2.002732871089645,-3.8954378385334945,-2.720920721556818,-2.697033792139065,-5.474332779859147,-6.207140877793197,-6.6550195547922035,-4.804166462355083,-1.4361513824770364,-1.0649534867539754,-0.8943604574302743,-0.5012090225611958,-0.10360614519698502,0.49945498876989153,0.3545469431671427,-1.272634227030817,-0.040629826254986685
2.762713575950513,1.1152855893464515,-1.384071768841393,-2.4280217652958394,-3.235124260117474,-2.395028924865955,-2.801121508702534,-2.721041308004514,-1.9366001321179303,-2.8635123520144465,-5.689892216633335,-4.873707661074186,-5.685034942598361,-2.604292112482695,-0.9007379826988656,-1.1648352623077214,-0.8949983461793468,0.007996246040810584,0.24211273226910573,0.7222893572309061,-1.8934653006212898,1.0871926196196267
3.0737135078066635,1.8688722086492198,0.1614221238693545,-1.625437583380385,-2.713302621911255,-1.3424929685755267,-1.7986442965673064,-2.0019748317725212,-2.9668743503633084,-2.510420057581403,-3.8910890325184555,-5.29092793806988,-6.51890777155085,-2.010282841268525,-1.871471873713876,-1.2072398282965895,-0.9226001573144139,-0.6523156800579266,-0.22817961454404395,0.6079458926077907,0.12292107363209735,0.24677375819338437
3.5907761664846993,2.6947064522060096,1.1162710197734955,-0.7400492524601795,-1.5451208914415948,-1.0939585376345375,-2.5393991729252874,-1.69570413737079,-2.11179035837339,-3.3334307703754424,-2.175218781371084,-4.988357740344845,-2.967242609375321,-3.482092566555818,-1.3709545004027544,-1.006277407127501,-1.7460947702228533,-0.8963918204618045,-0.7033023665214715,-0.03941528180768488,-0.011730072417369153,-0.2547731690148136
3.8578239357420796,3.084239921237551,1.3961293959494827,-0.3474980087208011,-0.9742744526524768,-0.695333531966785,-2.0734637921871037,-1.8604847317881636,-1.7507373635907297,-3.226268330328402,-2.832545726185439,-2.9991227864612506,-2.9572783631666923,-3.016329491643194,-1.8403329888485056,-0.6594598086456834,-1.5802052717908477,-1.6157602336996606,-1.6069254298044076,-0.9683145209791332,-0.6235781103759477,0.15594405272655146
3.9956287708037923,3.222949584755043,1.608556711938643,0.050700519011272635,-1.170161425698079,-0.4291309961357368,-2.11012624611629,-1.7744968674688815,-1.1777525080820035,-4.263450488264375,-3.2327041890281416,-1.7819533075089236,-3.4692278081752668,-2.096823460721395,-1.8801950282444937,-1.5110363770386648,-0.09211804788740217,-0.9994911303852828,-2.427508557672811,-1.527126420051821,-1.1445941526839583,-0.044934352552004675
4.074929724922708,3.6955881022645274,2.3763053797035343,0.4885438928838485,-0.9593210095306718,-0.34350785539703826,-0.08030088371872311,-2.3179911178855797,-1.890096126343279,-2.6490725910006425,-4.592082833304747,-1.5133599934182056,-2.0738827216783036,-5.866280319638635,-3.3135878051787766,-2.3119092908351733,-1.4990017385310956,-1.177871011510372,-3.683187586590686,-1.5486498125158032,-1.568634870839422,-0.7130007421890187
4.170781724604662,3.8417401472286463,3.13097242911839,0.29684786731725765,-0.8478750464620871,-0.6822160668647747,0.16379290274023212,-2.484142688974174,-3.1351369242495966,-2.3186446036513524,-3.1381619018946596,-2.136150699326722,-2.3222353087066594,-5.30914875332352,-5.706682126666167,-4.6265187863644694,-3.8654306210363,-2.782373952860789,-4.6262474224576335,-2.388386601220974,-2.0678929992463795,-1.2431272521876684
4.4997746929151505,3.510971488491907,2.6625190686595275,0.7215307553605027,-1.1054121717503886,-0.9352912164353981,0.46610807060903137,0.5040003304852728,-3.2526456822308463,-3.9088622649839992,-2.788603223239021,-1.8878462792139872,-2.525544102669497,-2.98546332634916,-6.056690205382948,-5.4795823162631905,-4.728915625137156,-4.604906971863832,-3.652630973319387,-3.2321043004689,-2.6694024213887766,-2.1645660628787793
4.35190053605004,3.6841437487537902,2.3275003391530857,1.5573381787565752,-0.7040421479398012,0.2862809831717646,-0.08659636528151363,0.34618083810613515,-1.4734232180420659,-3.4929311808669135,-3.5472492830904785,-1.8319660457296865,-2.4841649806171744,-3.601124556223659,-2.54789725278361,-5.7582275728575985,-5.176131157332399,-5.230578233009983,-5.353393773496675,-3.9612064067388886,-3.8552417021993115,-3.243337914629451
4.411473102887756,3.292420922611606,1.806006781731007,1.2475190125174267,-0.5263927137869322,-0.07705619925655188,-0.24896233040821927,0.14779306579532783,0.5659942198261448,-0.7126857593764652,-1.6175269736360045,-2.523744482318254,-2.0335366290668206,-1.0444264006028134,-2.4003676913280025,-3.95079164537192,-4.9320866027242545,-5.328663543475845,-5.976143288505731,-4.821156212978786,-4.97671075437574,-1.9616546234708945
4.907003717378684,3.2011209825890488,0.8989650022397867,0.46060617835916173,-0.6576492865436222,-0.13801398606803753,0.0986441580703278,-0.5212421789927106,-0.34482565322123787,-0.2925755039159834,0.04120839025386283,-0.4993675030889556,-0.981576044554329,-1.0478171997590633,-0.8608598783938876,-1.9275420541925918,-4.6667137750018695,-4.277736225572231,-6.040304457728389,-5.318365251271525,-2.286315775764276,-0.02048969934915969
4.636531144241098,3.108375636221833,0.6986436571794752,-1.0813407964053858,-0.6013584625851698,-0.01786399291514897,-0.6228253560770659,-0.3121352911791654,-1.2000028449392943,-0.37786157273236426,-0.2650256622461317,-0.4234847366035017,-0.63672548333238,-1.2195172533225416,-1.051137640881236,-1.7292240006087196,-2.0765200529509165,-0.5163240359475249,-0.6779678941096938,-0.3898035526346811,-0.032188895674444225,-0.7423374005533907
4.2002453942479665,4.443621246738342,-0.38712823038546584,-0.6218060997748212,0.7193581687569464,0.9892920316885181,-0.05860315984227506,-0.8193282992267981,-1.3986636781894564,-0.8044503771330233,-0.8954734934160419,-0.7973983281905712,-0.5015395364733144,-1.4850398730472576,-1.1678058582632709,-1.8996439668729694,-0.9328930388276252,-2.1799606649205017,-0.9823972102635447,0.35249060687918093,-1.0838772321680348,-1.2040391565380997
4.460844028302281,3.645646677219811,0.2973203410113479,0.6095457936760144,1.6094928056000288,0.47588160781761335,-0.18378272934063128,-0.06705102600521794,-2.7639950753564038,-0.9310737661887212,-1.1093930680202404,-1.0765639616916995,-0.6876599896280001,-1.047460125502327,-1.202246932521681,-2.2742825262931747,-0.33271603835197205,-0.8077331963817926,-1.1532988096851673,0.03193519188405942,-0.9409711702253477,-0.9398779935389067
3.6686231062555317,2.028201404510059,0.4450331614694076,1.4000196849302822,1.4784547323195465,1.0492353983877487,0.4051665469882852,-0.4615891624095832,-0.07780521928711284,-1.0181467220377525,-1.442684339496297,-1.235598096437911,-1.5804981690739994,-0.6319866110905354,-1.5814966623329494,-1.9019571111168272,-0.725402257734493,-1.253193127722282,-0.39404269012091087,-0.5017229561324906,-1.0737952212766153,-1.595613388463799
