script/wind10m.json
{"header": {"parameterCategory": 2, "parameterNumber": 2, "lo1": 3.000054539987559, "la1": 64.9999836372058, "dx": 0.5, "dy": 0.25, "nx": 34, "ny": 52, "refTime": "2025-05-22T18:00:00.000Z"}, "data":
[rows 0 to 24 of 52, columns 0 to 33 of 34]
-1.5943937309341534,-1.946195184493562,-2.0977922160288043,-2.371390787079958,-2.521686507275162,-2.8163860200191118,-3.077334104219648,-3.1708578640097054,-3.1187292587339273,-3.0174336957229375,-2.964326670702637,-2.984598279072819,-2.838764683685755,-2.8455740600627375,-2.851324125615764,-2.4075868741921638,-1.6938821780310418,-1.167376764441407,0.027431088809496202,-2.1705236956362004,-1.1858685998358474,-2.4866741935161936,-1.7743520214422657,-5.717103901631114,-3.461448282252384,-2.8858302756126237,-1.8075586384450062,-2.4017619432758197,-2.452633776777476,-1.7729085743624384,-2.289712530344615,-1.6506162666654625,-2.1327380478925653,-1.8556493020119984
-2.028224407112528,-2.1298202633549406,-2.328345790546817,-2.488562730933706,-2.7748055384408596,-2.9650677496715705,-3.0851902998330223,-3.1447713552907057,-3.1884951017707013,-3.333512610805393,-3.280502440225878,-3.2368864969504676,-3.065599237751397,-3.011224363572778,-3.112319130945197,-2.6589368271529343,-1.7802755093138571,-0.5354107363491647,-0.042942002092896586,-2.8747187439169846,-2.1377270991388024,-3.6017138604559427,-2.044552138307446,-4.453640925357671,-2.3869060086072107,-2.470563258581279,-1.8846313507437427,-2.733628472579699,-2.406418006296051,-2.914255335112264,-1.4109622001473139,-1.3804127987366288,-1.529346698170332,-2.617978640869784
-2.5130786780827767,-2.6807194791099445,-2.6962683096634468,-2.771732136405434,-2.9442010953085,-3.028234756153022,-3.2346687235266596,-3.314048221082932,-3.4267784695844767,-3.5432169117013452,-3.493051249047849,-3.480665663509835,-3.5156966912513394,-3.372911449985162,-3.155571995512988,-2.1152203103180485,-1.2295180650658535,0.24248474268418074,-2.281813429327056,-2.014915576086702,-2.6759775361110876,-2.8389129853547765,-2.5699094043321904,-3.755035543403144,-2.6285328134831314,-1.8340087391484894,-2.3090871064541916,-2.1654696156632625,-1.7153847725846454,-3.107401523470505,-2.6809774625570593,-2.254415182327925,-1.9990663781058624,-2.838945724312103
-2.9274194812096455,-3.0232004760074083,-3.213522967543109,-3.026248440388762,-3.059505464989299,-3.1665721849329884,-3.3321682208408907,-3.6209465764386413,-3.6211183898746984,-3.653046911452469,-3.8536763989925693,-3.757198219004654,-3.6099393303818395,-3.518733183003705,-3.819750248291957,-0.9651062742759824,0.26394797862866076,-0.016032138835543865,-1.6645524844839046,-1.5594656017123925,-3.2132244260682,-3.4353974491333688,-4.920663197945186,-2.8596600276030997,-1.9795254677286567,-2.1578555363165437,-2.4334949537070036,-2.1461588125317137,-2.3140911481271105,-2.3149372676068807,-2.422657150056694,-2.352937157161213,-2.0810001909164453,-2.066314725656179
-3.2822239533921014,-3.162337671420899,-3.3326380006086804,-3.0868778424905114,-3.2965260328496715,-3.409650387761566,-3.759995848516719,-3.765917096328039,-3.7073669554223656,-3.9101817966370955,-4.067781515303618,-3.8388829625048273,-3.7894389944554594,-3.8068223805751815,-1.3822604818430173,-0.8513967920837014,0.16926421760965063,-1.215379829290144,-2.791078473998584,-3.402973570497456,-4.494968419661756,-4.900188966469769,-1.8938954621124586,-4.016460665200347,-2.035319977007543,-1.7715267496595617,-1.9665070440949635,-1.8686633565213604,-2.9737883541186063,-2.498492508162682,-2.4187925983891563,-3.298585767854544,-2.1588858929836876,-2.4926986486582874
-3.7011961450185886,-3.405228875530123,-3.226809254692052,-3.3714771739362446,-3.7090822710173526,-3.9924338520371707,-3.960019458917789,-4.019178874746289,-4.177568609677759,-4.189411403013167,-3.9293866096722674,-3.44261992966392,-3.1505404813343754,-2.916217220188312,0.3527851522588265,0.06089346458942076,-0.6435395622592368,-0.9341279235647606,-2.433672654264439,-2.462290648607317,-1.268921214779931,-3.2217875784130374,-2.7477333466176947,-1.8093375888270564,-1.727157708799464,-2.169222409044426,-1.7650719990089674,-1.6566158017789625,-2.480932672506848,-2.898090540259442,-3.1570637852603136,-1.7932820824870674,-2.048784744094118,-2.248025691862642
-3.5866694358815,-3.5755014577812716,-3.6391567281002133,-3.8648445782963554,-4.196792287733892,-4.2177632875253055,-4.164469235522857,-4.392096678434454,-4.754223575861939,-4.414085227052276,-3.6857854133522356,-1.4592001107064678,-1.218021842180415,-0.022837023433643144,0.9861430888870967,4.333070193785249,0.42548009575056417,0.03004222707666193,-1.928149732693237,-2.5084120778342873,-1.2879233396531116,-1.6449945888024986,-1.3210587588949816,-1.7752463353691132,-1.6769517643161627,-1.0336034499904818,-1.59521420845869,-1.229743477454745,-2.328160704704278,-2.504025914993346,-2.3109012720058733,-2.810009834127591,-2.687658533844537,-4.62708514635732
-3.696977446738775,-3.8192091465723834,-4.017853435308949,-4.22851806361371,-4.393162796978336,-4.587761999401788,-4.612806119415597,-4.995493545038341,-5.329461036732815,-4.843768987658114,-2.614850272079,-0.21528418792866294,-0.3973690060315717,0.8452660780100666,0.8338358952525168,-0.3063604709894018,1.3803686855539774,0.38210526203652706,-2.48028186855089,-1.7686755257807862,-1.0501038536069103,-0.43365609973702746,-0.5839027030616883,-1.9525327568586992,-0.8866499166508556,-1.4851171687612756,-1.9920363850099807,-2.3814794748756705,-1.3840824831445102,-1.335714671135127,-2.344484410573817,-1.815199720592429,-3.237806440821384,-9.582002996376099
-3.865469447712966,-4.04710592636733,-4.248879222135238,-4.358690679922015,-4.628537350219532,-4.909961487201971,-5.183153758209431,-5.818054634644255,-5.509790711392762,-1.8585874900973116,-0.9078180413330004,-0.285225578246205,-0.5021984538050182,0.5963560375224772,1.422954069660194,0.3856625519617369,0.3368506023297661,0.8260929740822082,-1.3522629902511998,-2.2369189069514728,-2.861400301057138,-2.471679075718996,-0.8776606809396114,-0.40821068096001956,-1.5989419777678282,-1.63591633352212,-1.3684225341339973,-1.1237759549925854,-1.531502797322539,-0.9416420819625778,-2.1892676380930727,-4.546668344144334,-9.960409396423945,-10.481176929348738
-4.169809428551944,-4.1826621391497945,-4.527394150202071,-4.653332072751833,-4.840892186624072,-5.425739299404686,-5.981245354528579,-5.864710773490029,-1.283254653211696,-1.7952645759371715,-1.327671769531583,-0.6750888171008517,-1.5677560415602305,-0.11626923002065208,0.08017993419137068,-0.637978377691131,-0.19108973703661716,-0.44660711010438764,-2.1959095437521814,-2.0521765930012137,-2.476934764950182,-1.3382502534011973,-1.624040290027498,-1.0368680290990768,-0.4065857070110428,-1.6520897581786975,-1.4876097470556684,-2.2390827833461215,-1.9571389721068904,-1.963976667480742,-2.650333432446499,-10.49083016707747,-11.537766974730893,-10.95702868504165
-4.298564767198958,-4.52745951700708,-4.861889945938845,-4.89283285949267,-4.988456790579488,-5.761172055985403,-3.8508127411125708,-2.2537669535225273,-3.457005191966495,0.8770090819484829,-1.682647282484942,1.9584082225093795,-0.7369378289577111,-1.9380669961902661,-1.0046624190751414,0.03861447846008749,-0.8396889741753042,0.07402336431089439,-4.545677529826682,-1.579288863931143,-1.950571891865637,-1.4942095543287213,-4.588449224402741,-0.3456106008865561,-1.5297576438792282,-1.4739001856160427,-1.5217146141522226,-2.289378880680448,-0.8247638688712504,-3.3200748014020514,-9.576069290993194,-10.89796467876228,-11.373270638262351,-10.216534850266202
-4.23563816173317,-4.479583032339365,-4.863901905332609,-4.965217420529029,-5.771394095467994,-2.3782215871813803,-1.183497290522477,1.6391791166786067,0.17054972678549835,-2.628093178601596,-0.06669817142859882,-2.7201099573552048,-1.9963631101538721,-2.6336118193001123,-1.2746065286631216,-0.34865787181292685,-0.5653096201136778,-3.165595344567746,-3.069976012296309,-1.769179187037946,-1.9660005705611072,-2.6431682085943518,0.2843855697401794,-1.6062291973185345,-0.6891051159972638,-0.5720157212992674,-1.6267905404032363,-1.3455903804575915,-1.133551853049966,-5.598620408463431,-9.88540679764308,-10.31074846737738,-9.94970593367474,-9.418807735154019
-4.160148142373832,-4.46106455271001,-4.981041052470724,-5.195964258683346,-3.5976461393438535,-1.1948461263221244,-0.29235035110414215,-0.2975837908602506,0.4656059826464388,-1.9201853896532282,-2.8059307496919215,-2.038482071259892,-3.2804916593770543,-4.98643803818712,-0.6308292617384113,-1.7260352178016316,-1.9027439601993732,-1.0422575366477675,-2.124950678357807,-1.8215078387288193,-1.5590559091852136,-1.1005435857529189,-1.214376616278055,-0.1120616161756372,-0.7092660995285665,-0.6709221719186683,-0.9676125294063302,-2.2010983942517455,-1.6422692095016416,-8.708452302236553,-9.716750669646084,-9.194673035768476,-9.639110950854919,-8.368930107568605
-3.965435784535415,-4.218922414026254,-4.519126138094127,-4.245077266772049,-3.469937050014796,-4.378219751407564,-4.469667182262136,-0.7906452804263254,0.5809749146427524,-5.873344390161127,-6.014753118800077,-4.228767866596161,-1.051526628049978,1.0376736424958106,-3.682104682124791,-0.1259788384683146,-2.566657866434777,-2.3266185477354484,-2.687896488326567,-0.5973114969493794,0.7667439421526144,-3.8649376229002534,-1.4554099571976167,-1.5843083925924903,-0.1931661118252056,-0.9879703819896626,-0.15140733988379745,-1.708538529566446,-2.871170278820849,-8.43358256720348,-10.259969945804349,-9.762059210021516,-8.277581764506069,-8.194166703141416
-3.8470198227175154,-3.9690959925891414,-3.6529280709174596,-2.2937020238328563,-2.2180137888356626,-1.2290184810500513,-0.27635899115287593,-3.0845947498809223,-5.438017899978339,-6.3662457383428634,-0.7433111949137743,-4.612244818760837,-2.4213852066247536,-1.0344535959200734,-0.4532813405952201,-3.1204310750108997,-1.0414973030768526,-0.6718585943724927,-1.6123701483598307,-0.32060295472185824,-0.46782710871427985,-0.8026280093520354,-1.9133922947572592,-1.8784489250217669,-0.1680216179568874,-0.49381947839320356,-0.7114458378366908,-0.8766667999397055,-1.8678071004196375,-8.843719566070437,-10.18864052612118,-9.333131220397128,-7.278513450297123,-5.134156857507745
-3.204527902383971,-3.4697611852281183,-3.414816510860372,-1.391507216323106,-0.5230204558080991,-0.45169829299973097,-0.8820758453144709,-1.406480068071758,-0.5793594130961668,-3.353509236452766,-5.23400295177219,-5.018397480096951,-2.2453281559367,-2.6528241131879984,0.47022108373472277,-1.985563113739602,-2.379394258220739,0.3309459378096757,0.17847160797834086,-0.08007122573882326,-1.6215324883820204,-0.6782779970257817,0.03586950585369741,-0.8374846995561981,-1.2898078674460447,-0.4013260296644855,-0.7586175167075594,0.03594325492207028,-1.9124059485776133,-8.203811582763452,-7.828902607730806,-7.016841116485915,-6.942833507909449,-6.287444970360672
-3.1026710667188455,-3.690072184513013,-2.529649150158828,-0.08023105905953383,-0.011988044337730045,-0.56922352281875,-1.8850474212146644,-1.935506321077004,0.16558652663432508,-0.2155717103670004,-4.22254954138513,-3.8145090383601556,-1.9092331474649824,-0.530958097372487,-0.1327783051059772,1.3351213762335017,-0.4519890837710176,-0.35910134170860347,-1.2655208895809469,-0.6832490099087914,-0.8660006425243605,-0.5153959357918821,-0.12682484771280464,0.24407393930441498,-1.2682868779339547,-1.1849807453115777,-1.035172767906186,-0.7778359880294465,-1.313029667859056,-5.401537516161765,-6.324769439308089,-6.165010688466078,-6.67056469646664,-6.717268620615044
-2.6801236343078316,-3.0656382783474534,-1.4561025249037358,0.2604459977369345,-0.21028287391662082,-1.296897345141712,-1.7499007011289802,-1.4570621167703472,-4.790670965221975,-3.5411982540133,-1.775656608002282,-3.0315446305639946,-1.2247039897509298,-1.6306613185080987,-1.0649629162270071,-1.0476018381021674,0.2046668295529237,-0.6423954716298165,-0.6177165607613476,-0.9288859529387861,-0.7878893517284709,0.16533274198140113,-0.03189477863715378,-1.3783827230128542,-0.014605172136907412,-0.8683856749457869,-0.5444456872602286,-0.3232437301865366,-0.4472437536134274,-2.692204200848492,-1.7628875529715742,-1.1247402236752662,-3.664319736511205,-1.6808216674612804
-2.0074790246764143,-1.9825761263106416,-0.9187643814647745,0.8466672504510045,0.025401954022693813,-0.7982177656311287,-3.2800506018735613,-0.9594132934259,-0.7270053197938368,-3.5288609614353286,-2.9392750802805656,-2.058403855811266,-0.7988829168977092,-0.826519256464378,-1.4304670580718586,-1.4239091658194076,0.14569314555109178,-0.2780270538027442,-0.33900977303740415,-0.6944392368919303,-0.5667803962803011,-1.3619449911031598,-0.6962514233016217,-0.5779303521910978,-0.6428964905206501,0.11652146255196728,-0.8263089417854808,-0.6808684090419594,0.09600699128417815,0.8654906510993658,-0.133862927411483,-0.7001385396572212,-1.1670486496179475,-0.48023420660338795
-1.2830523562362406,-1.5708804607461249,-0.5469081369134546,1.0623177978367906,-0.19337123543972645,-2.078073207078065,-0.27461455145388297,-5.2676071699419795,-2.8178115939822987,-2.8533606209764915,-3.4475332347386933,-2.3389519722204506,-0.3771131452635106,-2.3068353045092724,-1.2846776950653542,-0.6495256847004491,-0.16079232721115946,0.14183765574335994,-0.10576713336205891,0.061804023317242204,-0.5825970310452818,0.3122142895474197,-1.256575006810154,0.030877736509427493,0.2593806605193322,-0.26754369044597964,0.21390056895007248,-0.5000196076654293,0.4123681377458833,-0.03933226497264451,-0.05269563791411816,0.2633247959864317,-3.16140150125978,-0.7597512952224658
-0.3812921019643968,-0.9200291787143027,-0.07659465098346807,1.188915904323415,2.7377305767146427,-0.9176230791757504,0.9950622881170871,0.38424733966950275,-3.1248835632359944,-2.002698115707381,-3.2768058921108403,-2.769421706121928,-2.1984820941497034,-0.7334772355598937,-2.2242115453837594,-0.2469814816891782,-0.11386791418593296,0.09055404891599649,0.00768450898541006,0.06568596513615865,0.3403137929215355,-0.04241515724668125,0.4773891347408496,-0.020389149385869245,-0.6303584514497964,-0.1923360911929086,-0.16883778994087373,-0.11126993092436849,0.34366711238799214,-0.3919930881137387,0.10382250985815186,-0.14597788904470232,-1.0639241950135883,-0.462319587810879
0.03394415555375236,-0.2046670145322748,0.13642608435782133,1.125888273157508,0.9112800628549105,-1.4933169724896158,-1.0597280809531606,-1.1799261964595489,-2.419223424177335,-0.7761036041849203,-1.2547963847323282,-1.5808597033900569,-2.3983763502939754,-1.6959684148363734,-1.702847783434442,-2.8650664249210265,-0.5617074415840306,-0.03326290676147859,0.015348403893244716,0.2461350982832741,-0.019442093953706503,0.07960731602601202,0.41188552768075126,0.04268403464261728,0.006020762948870287,-0.5766452811549792,-0.2887846290560991,-0.5078489842333257,0.3456280185681146,-0.3334048990768627,-0.12832975792471518,-0.12246309646168951,-0.5060562305784984,-1.740424234019961
0.516844237125776,0.4879710425166627,0.5398498568566472,1.2378732183700496,0.7497264443395242,-0.6576759340822266,0.7807720756666782,-1.9405651415561418,-2.3209388511129876,-3.340929964679719,0.08194599280505342,-1.7179273063016476,-2.402506632651017,-1.641644202056673,-1.8781948940737883,-3.2214723565349144,-1.1172304434502496,-0.353781078054732,-0.16787411065148886,0.24471925615185675,0.3526443798078298,0.4712540219732457,-0.03689993395241738,-0.5240820899870793,-0.16931289048324275,-0.09581814043767968,-0.5751605728319568,-0.5183531227548018,-0.13109316482138633,-0.13330392145576572,-0.4190313456476759,-0.6177890287410613,-1.2786895262826192,-0.7697373485170614
0.6831987013470612,1.193909634605099,1.0271347427900406,1.4984956903905151,1.7834867989681162,-0.12836165979071024,0.4778722352340026,-1.3522978964610521,-1.235696691725354,0.5238158181523948,-0.9043297349239173,0.3571259562472468,-1.7525925409371985,-1.7101077099886952,-2.1267180134851853,-3.660698247183833,-1.4188066694254136,-0.452794203186778,0.045916205068377486,0.23265944020834514,0.3752179897177976,0.22812878607706769,-0.40035709133263575,-0.4052993710189301,-0.20504562339942514,-0.46750821413591764,-1.0381210843292024,-0.360236947839417,-0.35996291483910625,-0.34298168621488223,-0.7018620550825286,-0.6765135276051426,-0.9309885620983404,-2.369077437477901
0.9997200509736465,1.876953503816029,1.5997074950943562,1.7830371520239947,2.608738953978141,3.9793981358414157,0.7055015601285972,-0.5520750081598376,0.11512599039477593,-0.2942107792494524,0.41382122551268674,-0.01734601569532595,-1.2876524195436199,-1.6967412487590208,-2.931610616684505,-4.215933049113087,-2.0242691543482727,-0.5666954091366616,-0.12575097934812818,-0.38903478254629026,-1.215392689576762,-1.5340726515560674,-0.7833743960143202,-0.07385189024829754,-0.3575651174597708,-0.5319498013917022,-1.0379831706426261,-0.5764051454414746,-0.390780786028492,-1.0819411044348546,-1.2709865014808701,-2.665848225871102,-2.8816426921385463,-2.3067406784258964
