script/wind250m.json
{"header": {"parameterCategory": 2, "parameterNumber": 2, "lo1": 3.000054539987559, "la1": 64.9999836372058, "dx": 0.5, "dy": 0.25, "nx": 34, "ny": 52, "refTime": "2026-07-09T02:00:00.000Z"}, "data":
[rows 0 to 24 of 52, columns 0 to 33 of 34]
4.424849150688365,5.116105501519937,4.817178997475522,5.181451410007578,5.0459113623885266,2.4935477475062204,1.0576031667903842,1.1650035521514415,2.6747218486222692,2.8786038125339926,2.18134961020028,2.0604094113969635,2.5650574277073486,2.5824090525783516,2.4763796579863273,2.0089424455460896,3.056936577326817,3.498233756652761,5.747399288173777,3.8291352532279435,5.752543412533015,5.044469616394435,6.7740788224552,4.482683488765893,5.08402465812164,0.9120309105173341,3.996685524597981,4.523962219197007,5.024709067696337,6.420631114445942,6.308603114574848,5.643021100472466,5.04542977397987,6.620271980653539
4.863383514927698,5.111150474254582,4.739671165430772,5.001084976915634,4.903088172561101,4.783094592287908,1.3601150985050534,1.466844595459157,2.5808797365919656,3.310666864283672,2.647170212313015,2.0721678086661743,2.483379009329097,2.6780345577765456,2.7417377305526256,2.1620275362521357,3.5014008871491615,4.2213833908149105,4.224825646790679,7.156630660894251,3.5922127540609474,6.043258325525636,3.6211016492657446,8.66774950737997,7.637543089611943,5.136788882973306,4.216238078135597,3.8489427465761112,3.086739352026861,5.774628286627743,7.0626399744263395,6.938264557907759,6.289239869371838,5.944733079765618
4.378430132685788,4.485409292741067,5.314399287073723,5.03070591756632,4.967532518927844,5.5520283206983585,4.036459996904919,1.4144966993904131,2.1751378084289645,2.9911062765323986,2.701612972174638,2.2131379570884757,2.0611284453816907,1.9518551975456486,2.3750295311931313,2.6761301270177955,3.75408089899473,3.5827668740767655,5.959270830743799,4.2673132537919285,6.255377272431603,7.318445642549931,6.351025400176501,6.814350548865726,8.119388982230934,6.051146337114528,4.9028595853729,4.686440179663554,3.8838166727531886,3.7023804968347154,4.70117213428307,5.411987233747376,6.8790255181526465,5.948828930827287
4.851756414683603,5.094270019490395,5.555955048126542,5.119217399091708,5.717452103274047,6.0640184499359036,6.324809407337436,2.01591406419178,2.8718266485883754,3.265872883838537,2.8656200969274903,2.4725593268625774,1.5100931604597627,1.6280009081822042,1.6480146089885366,2.4526576323435414,2.6156208385651136,2.9141965211966254,3.817921546399218,5.45164646727457,5.2377129225292,8.435554088980535,6.411492736296416,6.18824250656252,6.34497543888678,7.3299803137373924,8.013312617861143,6.17580708513427,4.675566369899203,4.4482870360542845,4.538506413408028,4.6651855804345965,4.995293271373333,5.257340031851188
5.581024151658364,5.651907707558635,6.908067860143454,6.446967239107214,6.236382186036473,7.3447604636270265,7.105704189475131,5.045568466698447,3.380688519208495,3.9816154780388917,3.7299197195198444,2.8136542310037362,1.0958270333801459,0.8982529338071104,0.6655465070150486,2.1685287289930857,2.931314760256944,2.6536868809723355,3.124864921784448,6.742261418687558,3.9687722650232136,8.88330331929845,4.602863175376633,5.024439177356897,3.9827248728688116,5.940913317005267,6.58165351805293,5.208196201468541,5.035260076778478,5.570560601647624,5.689055331424004,5.287805902689939,5.958339542140327,5.230073984982084
6.124597014748941,5.65420954028005,6.532859443999011,6.927038434657011,7.385116031027141,7.832162842322176,8.320172047790338,7.708821783482545,4.599068836525872,3.2322775704842153,3.213708469161443,4.499089776885914,2.23969062974488,-0.6914173727159881,0.9441785704154622,2.623723763774298,2.204353290961602,2.6998110077165762,4.906337680178301,4.689876723003077,5.379123266953725,6.813576263992112,5.082879275231516,4.784767658557582,5.335260325815728,5.128915929910017,6.870486944313845,6.984920989197648,6.781815020011942,5.479240979086755,4.876547318793368,5.399693516143236,5.567554540879294,5.385665350348279
6.8423788082323425,6.357187614409921,6.212942427077732,6.228683522617938,6.325820355933213,7.5193745151820375,8.893202780923744,8.540798463238769,5.869649313314752,3.908048327008742,3.5960148586393244,5.941323504422192,2.327505061891339,4.590656731411937,-0.5323114920570426,0.12359039395324846,1.4118758502774735,2.3499442029385045,5.464070883332234,4.967911527124211,5.998013011730211,7.264170558233425,7.077686772314806,4.532501116934985,5.043647464966754,6.222378566800154,7.120443401679987,7.1695448041713234,6.453793472408276,7.6421652347212925,7.066179516375592,5.1666310078087125,5.850049426595342,4.873737405762068
7.232911720773469,6.435562218309172,6.324409946390737,6.92663280841913,7.584768034702401,8.272950696878898,8.60337584626424,9.019286767868191,6.432247185421993,4.264244758373433,4.824676930324703,2.6195428128973077,3.826024486085299,7.343682134646224,-0.012251397477451185,2.487567594164454,-0.6811828621412485,5.261264209449649,5.490789972978688,5.252115383407804,7.238851511051978,6.91019017811432,6.6127908153150585,6.644672205450799,6.656608930018664,5.270839244932666,7.302939165241863,7.075470435177754,6.762061173151446,6.716733835675387,6.211982329653855,6.663632305895432,6.951631051536932,5.332336652530655
6.68148383695249,6.597863796024263,6.580256634285149,7.2062263534265725,8.05856383809215,8.085180243627942,8.757712380523667,8.041084440802761,4.831800982551256,6.369813997580519,3.1224977388683945,1.1944178640531338,5.704339274051614,7.039387380656175,4.721052506849551,1.2218436357931575,5.000995809877879,5.136466842698049,2.445093693777682,5.496665815483997,5.577736098140079,4.727707272286549,5.019878931437327,4.465837755948397,5.532704839834645,5.444885022543299,7.119071709192823,8.02741168331241,5.497052900710958,8.146046531018406,7.584244278350023,6.7799060641137014,7.494614740404377,5.332982365426673
5.708940700911929,6.11827443434496,6.469929543414727,7.074846703769306,7.387035526971151,7.851767496315145,6.506782934755869,6.804667365409838,5.26994789572602,2.3778662342928536,1.7838979447712058,1.7462350694247095,8.190148178889965,7.440520012757036,2.697153462292267,6.27760486765606,6.097287218652288,6.945160583161447,5.793038493012395,6.570113854954012,3.507008931972352,2.593764169466168,1.0910958183423909,2.7500236521354626,4.523647983066616,5.467075310713137,6.590271935108274,6.973037613660596,6.4270158846487195,6.833068447018675,6.8230174955623,7.49496513368058,6.075398424351443,6.553523001763059
4.888957730040402,5.514986834522891,6.104060057882126,7.036819003419568,7.272946321156529,7.994435210145959,5.434068934977668,1.3064180647349815,5.322751024745165,0.3627906084120783,7.493523826480076,-0.6963240970759559,2.5837503148227285,7.542774933268001,7.342377083230718,6.501699905298828,3.5332199808118516,2.6413940412653223,6.877025191213889,6.139474349319056,4.212501961531932,1.7850208253351798,0.26298386668430085,2.7413774693486435,2.867932478630288,4.073751716850562,6.523644170156992,5.869594850475957,6.86233210986667,5.482930825083401,6.077108829501133,6.905128958565081,5.639641609402303,5.8546264339173
4.791985538234909,4.614764037200579,5.549536221334852,7.308115695539146,6.6390149305833575,4.5522681174631,1.7591342507300125,-0.4434796238927099,-0.8925254544221486,4.4938711941373075,6.475407596654508,7.798829994574783,4.0174334499942645,1.819995326921467,5.885866626487288,1.870907874268349,4.0271115721372,6.25367532063765,3.2803010906441408,5.359685881552872,4.103299582394768,1.4174662952166495,2.7386016171144605,1.3224857274321016,1.9334202388675135,3.966293399560246,5.426730459763992,6.024469621988006,6.91776356361956,7.137696209326058,6.609773891221045,6.452107571424905,6.193075897888735,3.411758433192343
6.417727493139041,4.432850576525865,4.814575085265739,5.879493931362713,6.057819077864258,5.660457041242962,3.2785449599777015,1.8157997288822374,4.635994131104249,8.791361267874317,8.48079258093956,7.285436096475744,5.3339887424106465,5.917255890985238,2.893785058295829,2.8846169168273894,4.359075042220679,2.5040150762442908,5.453947628479801,2.549649949439755,3.043806321284811,2.6016335366044365,1.6519407018942056,4.179852307791698,3.5000127750997536,4.498789398537296,3.9060497630593094,3.133184251635564,4.149390363818284,5.8347461992881025,6.8207498130108295,5.203248230332482,6.036921537303657,4.508415692125957
5.355578025565473,4.438883274599333,4.145093738659337,3.631026820722777,3.3380530946630365,4.602418947620542,7.669337689430728,0.517988979429899,-0.9122164164920928,5.24632594813807,6.5742882076976565,8.294350344412011,1.8773290056900245,2.260739829697761,5.191845913076911,2.045236707878087,2.598434208114565,2.0431956960911575,3.996745431137773,2.8183148245068934,4.205660724820368,0.40148884668765134,1.28520504973527,2.22079113192911,2.7339551871207752,4.760977735120348,5.6292394755502,5.308988612222391,7.166676668042638,5.136593039748055,5.806417832152607,5.223848611631837,4.4347784150939935,4.296839758915253
4.713956161741342,3.5661519717412222,3.9577451190924435,2.942796779661207,0.6398851154466583,2.363341015108587,1.8004757500627004,4.938648395641864,2.50473892064755,1.9941143327713984,2.6103228265295058,6.865705766488467,1.0824941734616385,2.8802911977219523,4.414160092485199,2.331027673650147,1.0444979048693548,4.002341132691159,1.3540058194955726,1.5314263003036315,3.107895995771768,2.2523328938052076,-0.6453148910505956,2.4046055537561988,2.6914839008866362,3.5020067351573942,2.791784979842014,4.834727035555473,5.354354850955866,5.7150457249995466,4.727429384276179,4.778118064738473,3.8627624048891316,3.301155611129162
5.537805294297393,3.6250432021247048,3.6755665820754087,2.723509086825487,0.07987394425338797,0.7392022579849443,3.4521861554287545,-0.5508018971570491,4.578806089444792,4.015166237407299,7.070533710727999,8.302417819340636,4.6610112987869465,2.9753634023496534,2.1530734321795846,3.5595146077833206,3.160271644465006,2.7857664844562517,1.7651112661012482,0.08431153188802866,-0.5494845675396798,1.2685971467624009,2.3230737059404762,2.247902015471219,0.5587107973133034,2.763505877888717,3.9499706011363322,4.85785065487293,4.695001510727658,3.845607235912947,3.7611908403192493,4.438877000644577,3.381611923558859,2.557411425884647
5.858583865949428,4.105468233936507,3.715187994797592,3.2588506560784802,-0.6994268012709567,1.6104945131471227,4.873196748977275,3.0948239948006564,-1.2409202103562005,4.093060428905713,9.114906677022095,5.935038399966065,5.970812218289074,0.4468662565714826,1.5009242311627575,-0.591027247448971,0.6543749013361508,0.39758441744323897,-0.3427415694524882,-0.8573274338862558,-0.9213266038103226,0.5921984178960966,1.8830792403873367,2.8112758059470053,0.47157740007425614,1.6713511173707989,2.799082255956499,4.277283100915966,5.262118819472186,3.7966338988817783,3.4330037282547865,3.8549786308334673,2.720304044775239,1.2500497430846884
6.5480630928517485,4.298598361974103,3.9458379253372886,3.5029543998851698,0.11021174149183599,0.9572006224432514,2.2988226896183215,0.9557655327998544,5.086171772365981,8.407634053521827,4.2510824891092005,5.804096171000251,2.3800763085263212,1.0173094357487928,2.639740328001767,-2.3702316504845307,-0.3204915851615371,-1.1749403685921311,-2.1673065867590857,-2.4850322579404365,-2.140006063522223,0.6000872524628167,2.421636146470504,0.09013906219179396,2.68176016689564,1.6922344186494307,1.5764581320249862,3.5130047095674084,3.8999288895315574,3.502363228385794,3.1977451057652035,3.414407394908678,1.9225488208739936,0.7443074700059952
6.865591458141796,3.9900419351974357,3.5276727942223087,3.669332917922401,1.9902245148203466,1.1236692957177592,2.0866943355909693,1.4283724216102665,2.6735284361874654,8.027602067680847,6.139408452997316,5.5063462732604815,3.472524085132462,2.007439115661022,-1.7309576424780333,-1.9688577600743158,-2.121376135422741,-2.6992475727395306,0.1504525568673858,-1.6891269563724605,-0.7292118015859315,-2.7511240075101804,0.3518444468149891,1.3198516678336485,1.0265074023637406,2.262247288310708,1.7142348089757042,2.109262813051898,2.214180003806765,2.404884983755382,3.1779463393543907,2.648085703946599,1.1345176904523229,0.2326570267541425
6.880064909787055,3.8942059915766087,3.2946769667789173,3.435402450823828,3.0223858071887544,1.1595592672811454,-0.04444947653403512,3.8823637162108926,6.351137225973282,6.3751347568335275,6.102309113372884,3.0752436420356704,3.466740874662479,0.7849305501640469,-1.5757875890859612,-0.7158300907855389,-3.061171558097613,-2.2898075318057565,-1.491634068771399,-1.3217821511091088,-1.8565880158231851,-0.849428977212688,-1.885725938419685,1.2040277271416624,1.9933918012989011,2.06765266618869,2.3689040304947118,1.6875629556321752,1.1355965750549903,1.4137449806124558,2.068024749096421,1.7248216024760992,0.7916221062453009,-0.06874458619863606
6.336667564399173,4.0475276537649485,2.994592614550892,3.6857098934677994,2.1925549254049623,1.7052033135068965,0.03035300155125798,1.0019194289823727,5.6266723498573405,3.802993572250822,5.294657157157328,3.5247285775050887,0.010308908723544022,-0.9635666294876671,-3.068278467963737,-3.904976192850895,-4.525063138288405,-3.9727340953727213,-3.6159504273204615,-2.772079358860404,-1.4018823174087192,-0.9792959313239951,-1.5871769145914811,-0.18990437660844642,-0.6298277302854843,1.6823490755044292,1.5723605037581394,1.94286573450756,0.7144513859919339,1.6967249655050645,1.4306482430082856,0.5128288539733448,0.8930755183001772,0.47773725982144055
5.708822052153368,4.019922287505746,2.953380953407008,3.0897914449646477,2.9014433501236203,1.226414663205268,1.549655845025317,0.8051657740251503,4.156474281075211,2.4722539677413473,1.3612613885632274,1.2373022326859444,1.3332626178858,-1.5295338801785894,-5.24463077228395,-2.988182023720146,-7.384072687281196,-3.8412934510882346,-2.9962416439001323,-2.612504838308316,-2.588656014913393,-1.0557911428562023,-1.6105193572381198,-0.08120717263256985,-1.1586272058781089,1.7358245837232351,0.8866739325044392,1.4614985552273505,1.021062521177545,0.4822599359429423,1.2322678885986178,0.24541017130898762,0.7797748102180633,1.0860626320281461
5.860303313623182,3.257933198718531,3.0122786201201555,2.9724682963227833,3.16177050799436,2.2581694164593094,0.34575975047783203,0.9408158589706934,3.160924193090019,3.5354530143546934,1.9215752147165632,-0.2607141657758144,-0.8383681380109314,-2.3471461389140327,-3.905227795157987,-7.161186452674972,-6.804305878871441,-6.194701540684191,-4.818495031050284,-3.3500482944493033,-2.243547924070898,-1.683762384717291,-3.1422891060760447,-3.9682617513526384,1.6377359466044892,-0.621040501158962,0.7189186541749053,0.655092014601137,0.942570419116177,0.2043735994778158,1.6417936363427887,1.104478810166168,0.33186729973144735,1.5288439150743858
5.003536063278071,3.2243794923844615,3.0528444045427436,3.263430576557578,3.233108219701069,3.3609693390690087,1.0048244998205345,1.7869508622632975,3.244451774491362,2.580589104403528,-0.205061540441936,2.1897797303219746,-2.71404059852935,-5.160550165269652,-5.78355344555557,-5.431927919248838,-6.197197839000385,-5.440175320597467,-4.625496663982288,-3.285961945713086,-3.466357819702236,-4.751589411964157,-2.4593714587840236,0.091599121905625,-0.5335689717467187,0.042071079697981295,-0.7723180431818351,0.8116081813262205,0.4919119466099076,0.5874021583992697,2.166248535115257,2.0349052999999824,1.5047648483360856,1.1672897467767873
4.325436869342826,3.642421883941838,2.912739152430656,3.5417945602481256,3.6322789883302025,2.345777104873884,1.218511929293214,1.8173727643960822,4.001446409337084,0.9100227045218613,-0.18889859392173133,-0.7117308385911294,-4.881147502468366,-5.711475259415129,-5.216132210489739,-5.712673911212536,-6.399211605710143,-4.897174795517348,-4.139651114872151,-3.3366216995770146,-1.8073493455386966,-1.1896901849662784,-1.0773491307420526,-2.0628296846681726,-1.0959486175339457,-0.22060517398625779,-0.341601449713765,1.1648682314405538,0.24431420783024616,-0.23421710585382152,1.918344491707353,2.1349106957140997,0.9471371711939203,1.3658361770748613
