script/wind50m.json
{"header": {"parameterCategory": 2, "parameterNumber": 3, "lo1": 3.000054539987559, "la1": 64.9999836372058, "dx": 0.5, "dy": 0.25, "nx": 34, "ny": 52, "refTime": "2026-04-21T07:00:00.000Z"}, "data":
[rows 0 to 23 of 52, columns 0 to 33 of 34]
-2.415096771286441,-2.7869730327019044,-3.507164106845762,-3.816034050008161,-3.779261436085067,-4.008775549346092,-4.510368292536516,-4.50236922504727,-4.744435433269734,-5.224416938705331,-4.483893121045442,-4.347572469870782,-3.8004173827614562,-3.6622167761579587,-3.7383830202365846,-3.5770444900382734,-2.1869644699546296,-0.16971355261950713,0.6570751591707548,3.153781068041971,-3.0731444775186105,-1.8439980335233885,-1.6017124454229246,-2.959203176611612,-3.5990755829293923,1.6563394252396364,-2.072808977889093,-2.919333387483456,-1.9428106023937302,-2.3669985200757164,-2.138158770552323,-2.1598778011075037,-2.7628857721239344,-2.8931340651332333
-3.656231807056044,-4.048886674842896,-4.0112152934603635,-4.115352272410619,-4.419368753010778,-4.899034608203052,-5.942653791944591,-6.0117819709862035,-6.092326998979695,-4.363248420143229,-4.393988856920772,-4.627982666632019,-3.8933065806058154,-3.883842645039762,-3.6791916864248013,-2.963277294475167,-0.8333980194677619,1.3531672715139798,2.4411637478349717,-0.8005174035484344,1.3899959487627482,0.5160945587411438,-1.1779483314955095,-3.642395696626624,-1.1712544409691235,-1.9657765338871802,-1.7232683803195656,-0.4521756172011872,-2.0013088672697763,-3.843375574258981,-3.3913401657150613,-2.6834585385790506,-2.6858018393083993,-1.9810982194121842
-4.46658436229924,-4.312213110039479,-4.590907248369323,-5.491729163180248,-5.693976697400659,-5.702011386362284,-6.641418916352354,-6.561941654550141,-4.2468487134714685,-4.02667040718799,-4.401547635097127,-4.071017786134009,-3.6355742024635247,-3.391863551616219,-2.3328868458425305,0.3866506798111569,0.8430461771750037,2.0664958542641476,-0.7305220982882594,0.29569364912793394,-0.09489231928295037,-0.8030227268130237,0.2040425460026574,-3.716147405567993,-2.7150660147067027,-0.38774854818094373,-1.2652396547691465,-3.370371528599338,-2.47394023178117,-4.1503756661154725,-3.2238686555073603,-2.9995979103985086,-3.172182059698736,-2.2016616031215763
-5.106536982192857,-5.600124125217541,-5.686458659093355,-6.942925335163136,-6.607416489597225,-6.425954566880358,-7.098049821407882,-4.789841773717451,-4.896713784774464,-4.384586220372393,-4.392572442826467,-3.919741925058066,-3.9106412668116795,-4.174415036640025,1.7352952620412203,-0.004310778152139125,-0.7392106515880726,1.2860065831737506,-1.1996006862850572,0.6953939849106967,-0.8942373450932403,-3.577931763991189,-5.595463134920423,-1.9598554995951025,-2.172545588830192,-1.4446654466974385,-2.672800371084646,-0.9187011265870669,-2.8808474013488405,-3.6713686885125467,-2.6639315132991026,-3.733690889103357,-3.685594269716467,-3.9298609864189964
-6.294308667445627,-4.837134917032282,-5.473993973882062,-6.00025409379826,-6.118334398664123,-5.945700920415636,-3.1942372710118536,-4.725173266703536,-4.379542145240668,-4.117724204213024,-3.9603279924275703,-3.369315111398781,-0.23598668866805164,-0.5344258437974794,-1.336107729984029,0.7576103902525994,-0.996993475894812,2.7002248819785444,1.437712434386729,-2.2164831106528102,-3.147309790192356,-4.51529380960311,-3.5820880907824266,-2.4417346320471913,-4.019254871716992,-3.965664258119942,-3.744492121976993,-2.1122801907490643,-4.051206935444738,-2.131575732115181,-2.0881022563440204,-3.2283488538917724,-4.0538190081920575,-4.287016837635644
-5.684825719436883,-5.46055719699591,-6.302233598417855,-6.557291226609912,-7.034654377978114,-3.0891450494639976,-4.202514105563122,-4.376931203589685,-3.983308286819776,-3.715933907739017,-3.280407977180156,-2.8746201156088613,-2.7659852694382097,-2.6182494634444047,0.11909143028904864,0.16284730505276857,2.407469231213768,0.7922565916275284,-1.8134928141702975,-2.245168736213147,-3.3238748392060433,-3.8911598386209927,-3.2121035317867164,-4.830383766897654,-1.2153956939587016,-2.7559885215267284,-2.2094119390859293,-2.3244790949285457,-0.8765004945242335,-4.3008099201412655,-3.964709623715031,-3.252093370697697,-2.5754008318490906,-3.750229787962915
-6.8377242340384194,-6.215252424766536,-6.654042022686887,-7.470412474854839,-6.4175377275823,-4.449548482379018,-4.465943015570279,-4.4903150338953335,-3.739438852507921,-3.3655795266730104,-4.204784527454939,-2.4682019079565225,2.098672778916403,0.5748161176347502,-0.3581313543672949,2.272275027765515,0.429441550069306,1.470076551784381,-1.7869702983843694,-2.6845535357156454,-2.4796150809767665,-3.0054933989289774,-3.015974836251366,-1.6596986705805576,-4.945403016070396,-2.4384327719783014,-3.670541544466969,-2.5719833683887505,-2.726787968822031,-2.3108858194763666,-2.2435410122652524,-0.3392205234138687,-4.3592172713788315,-4.709317856037397
-6.066338506613804,-6.535212432508744,-7.6910208189740725,-6.603537250893768,-6.0119282240572876,-4.1423412013354515,-4.998800665429129,-3.552232617174585,-2.8745955468728654,-2.3795264626260355,-1.329654702705263,1.177462524277543,1.7115986048068623,-3.7495320851794225,-0.06296078395065322,-1.2697809030559921,0.9894591806919543,-1.0470023068600958,-2.5983745829227383,-1.804032770769362,-3.9624635750144224,-2.5092479553167824,-1.9905153085141976,-2.117235633311939,-2.915582979036778,-1.1617074887418133,-3.9371350152437725,-4.690849067570079,-3.2765508132145875,-3.27293688617411,-4.235916799786692,-2.5781631608156097,-3.54994649512259,-7.403959223802888
-5.7197701277089585,-5.2292004852991,-4.666252991541879,-4.461480202971867,-2.691188343149096,-2.9714120220362035,-2.9450403867302195,-2.4630200679868217,-2.7444887899714563,-1.1267199654526872,0.9300374775611165,0.22806594457334858,0.7703842099515645,-2.534705595953539,-2.5510592998864268,-1.2550050501855965,-2.474944889027046,-2.6597380639314054,0.1884328475277293,-4.876180330520014,-4.66806793709684,-7.54206835735506,-5.374305302182097,-5.471098591458175,-3.615095068776022,-3.675159662298547,-3.7172846940444,-2.3423370472530918,-3.305543985082039,-2.9372685958366933,-4.265751170901539,-2.382508759147106,-6.345477965623822,-6.767701339864112
-6.726696424419132,-8.183074158896282,-3.896182167763643,-3.5387908039677587,-2.9112460633665433,-2.0030697381795206,-2.0231372321821173,-2.504302551208183,-0.3989533353919524,1.974665864312392,0.3379455120352943,-0.1667300201598346,-1.2561375112942017,-0.45623171995877576,0.8611723048775979,-2.6048164184096527,-1.6860683451438834,-6.446872163044797,-7.482183502182199,-8.253239797131856,-4.988031347567696,-2.4837494148893913,-1.5971138867089008,-3.482052091055549,-3.889253075531213,-4.720234020457156,-2.1650435568397355,-4.63274322056142,-4.034891539088554,-4.406826952147696,-4.70345133714239,-4.527597049291266,-8.423312057399402,-7.719018485828472
-7.7152053336674085,-5.291339904261823,-3.4551890689312024,-2.8457146177385475,-3.173284002538865,-2.945066131381724,-0.3133666340328757,0.28750691857357574,-0.12013297461604747,-1.5433854708965824,-1.3191298291571865,0.84210161529517,-0.17230474064957912,-3.179889695358857,-3.2536439902308563,-5.157988928102776,-1.9870416914945648,-1.7779788281602649,-10.384643549852536,-2.6623982194426064,-4.594886279338257,-0.767490130937105,-6.410723524666851,-3.1445717550369174,-5.741757830744021,-3.827929399778654,-1.140161337816738,-4.915909702944768,-3.975472092699577,-4.443789087130874,-7.51841838063753,-8.502772940051262,-7.338634588341175,-7.277491110543691
-7.465194042584578,-3.2042651270582843,-2.943605086913497,-4.8358167289677,-4.1713588583738295,-0.23225121246940522,-2.45787305081485,-1.504892602873275,-1.2062109920227397,-0.3076284655101301,-0.3681907566403254,-1.9033965578455436,-2.958108804679825,-1.4023649080219849,-4.852050928220648,-1.5523822713602657,-2.794062037105076,-8.259132912733895,-5.209962305447099,-1.7993396548567353,-2.2264583418745927,-4.858506076105512,-4.28757617201882,-5.465887370078419,-5.437082792987519,-4.753533827707482,-4.601388436285746,-5.522057749432916,-4.55467043782068,-4.913205365526968,-7.267939901251785,-9.471681115549472,-8.583826092120132,-8.693005057720287
-6.190066612745031,-3.59591520396169,-5.022384314632289,-5.864786649549315,-3.0354803644340587,-0.34710451789961577,-2.876884005392361,-3.1002227958080395,-1.0692479918190474,-0.10252782540688325,-1.4070039968735077,-3.1950613386410516,-5.322573315135668,-0.6416805265577937,-2.940838932853932,-1.2533285541920944,-4.205136975109579,-2.3951840591299733,-5.447231381776624,-3.6235200433944703,-3.672234866236412,-3.3062174023641835,-5.135082718646351,-2.2325222680493955,-5.067328928312548,-3.9169958504937648,-1.5212252542779783,-5.292670072870662,-3.8878128236626357,-6.621574572329939,-8.027697901784872,-7.277148717557634,-9.283886731115409,-9.60781694666448
-5.510484697211575,-4.7617964127447046,-6.875459575895639,-7.134207157120016,-3.1476224933718266,-2.3233065573697376,-2.8165653871899625,-1.1553919095077325,0.26656429236528917,-0.8123185158584076,-0.46618969513943714,0.19073195924501768,-2.4308949072271298,-0.7109776518596949,-6.044546669472063,-1.5358803446585816,-4.325821058860199,2.293705329387773,-6.555308586011392,-2.0011004079947883,-2.4853011242058654,-4.394011069731071,-4.988094187364776,-3.877204308535287,-3.3054560361103227,-6.040859946458295,-2.531276609253308,-0.7293863621712411,-1.7448849072165469,-6.794848029747187,-9.11083483540198,-9.17102669091672,-9.031716690516504,-8.396707273879167
-4.315488327275439,-6.711013097567315,-7.559602150671068,-8.983124029276725,-0.7934328598059778,-0.28797419737259056,-0.45968788366652363,-0.5872984077118244,-0.6263412103525677,-0.9071821107128165,-2.462752306078735,0.21783088748955975,-2.5618063991013726,0.7372741856238696,-2.716121905926707,-5.2468151031481876,-2.2297035162247356,-3.020976264295627,-3.77926452811877,-4.083741145441427,-4.3073804850604684,-1.7152064279326904,-5.28552424578468,-5.267680216029005,-5.811373897482649,-3.9341703060190576,-4.83525359192925,-2.647836482689837,-4.367099627316154,-6.4432828022620425,-8.88433651605918,-9.339517029846165,-9.454627941543079,-7.645561864824097
-7.224381810578642,-7.978272704554925,-7.984260588341326,-8.762071699659758,0.247542710886013,0.4106643205393635,-0.5370189130604953,0.9639334773454292,-0.11133287239899017,0.047582345039704016,0.17082823957874066,-0.893962458210448,-4.0228865155305895,-7.09153467736943,-1.7015369430495375,-3.112299231203689,-5.464284234678285,-1.2391173752579432,-3.2854278433986384,-3.666114666852229,-4.020142887521661,-3.944541523142537,-1.1781804311219146,-5.01078318898782,-4.82290673640451,-5.610302349705417,-3.6033061300903246,-3.3001625731114017,-1.7713146970268023,-6.568470272486215,-8.095436988144769,-9.657332647694018,-8.558368984496678,-7.414146172388085
-7.920376695848909,-7.790383544455872,-7.718425033378211,-8.838227798485665,-1.238981381597312,-0.05225145104506218,-3.100161201550011,-0.02806579023349208,-0.7803105606936095,-0.16030673934697762,-0.022635354573843195,-1.086160874590708,-0.422856448481789,-2.417643429986268,-2.136625851369673,-2.100590806530894,-2.3837539144727073,-3.376384736338269,-5.023345348836262,-0.70221637588954,-3.0306105458476886,-5.71573467236218,-4.981947794876504,-2.725308034087554,-6.090556108325969,-3.976196684476144,-5.159381267932563,-5.293381711599633,-4.075295972436865,-7.745320268011589,-8.647399203887389,-9.20416562806227,-8.016142399395891,-6.166975117822535
-7.291720969820626,-7.4182938408506285,-7.680911665519823,-7.872510606670699,-1.6912588266455413,-1.129909325119998,-0.6935435134141609,-1.6172189945450761,-0.017017470617520625,0.2727675255243367,-2.3538354036351663,0.3751668211889577,-1.0986121862462912,-2.999808129290264,-1.725737890180258,-2.6109000311854373,0.7995677592199154,-0.4626036428073309,-3.4041368831226397,-4.811638392404663,-4.713877746376028,-3.6116998272996947,-4.0600979406079665,-5.660979898578157,-2.4154357200985355,-6.177238035109854,-2.0249311899529028,-4.494495687192201,-3.632684960513544,-7.67449284701691,-8.332688230805955,-8.315424944104434,-7.691297964492823,-4.9698202545651515
-7.240472053160947,-7.4604052595959836,-8.067469379237256,-7.433051030077334,-3.144406065508913,0.02937125619779107,-1.452903540840892,-0.5702072141541956,0.670503731720659,-0.24182643298291687,0.3979742238379015,-0.1804375817007027,-0.9424203312284893,-1.3120432023092998,-3.57037893016226,-3.202599602444465,-3.2777679679896616,-5.322892463700901,-3.4591799146082782,-3.8920118081363135,-3.8798351986260653,-5.767001713349235,-3.98695314480373,-2.864827060654839,0.10035494007642655,-3.5216007737343835,-4.581675425732763,-1.904471189608098,-3.2727186442147067,-3.3992737951748073,-5.608189077708836,-6.947044287949604,-6.324573213899435,-3.4210802037126533
-7.307177829797567,-7.7639471348735425,-8.067909750413044,-7.11165859870245,-1.9483654761795066,0.027234920236767452,0.9129685375043634,0.2756603028704731,0.7721644144409615,0.1297186747942067,-0.19768862895725337,-3.273545743447542,-2.492422373724826,-5.157652816766378,-2.140171110401324,-3.299445038415233,-4.071806266270156,-2.2932969047636975,-4.530299595102918,-2.6977910373952327,-5.171008850233747,-2.471951882631287,-5.919350047845848,-3.1717346644290134,-3.7595431767427394,-4.980738636553566,-3.3921220881878136,-3.6949068452018885,-2.792646786399529,-3.6006147499221157,-3.887081080736111,-3.4935248855042365,-5.38299792290143,-2.4226235084788192
-7.127893008232274,-7.4100038818815275,-7.597698478177941,-6.469957618358587,-2.383792614760115,0.09718950667770941,-0.05989534238353884,-1.5308759133681786,-2.7890165073180193,0.609018676191464,-0.0151927881400101,-3.1847092415276754,-1.320427412569327,-2.072958546424786,-0.4680483039384921,-4.189959742704147,-3.7610515095425687,-2.3819475271121866,-5.527937646166625,-3.8525117221737797,-4.3688892431466675,-3.482840008566113,-4.356177592745393,-4.474018226294049,-3.9647915102562847,-3.915539877610536,-2.583888074134084,-3.0021822782410106,-2.42963023144311,-3.2865376461630063,-2.806737433945164,-2.173892808659386,-4.859224920459247,-5.824532203614181
-6.619673995293802,-7.033030948676927,-6.8536007485437755,-6.041543126803184,-2.7554352169750933,-0.6855585064115225,-0.13900681056798891,-2.9384823532938382,-3.2681019703367,0.7986883573660057,-5.134933666736832,-4.150198331522704,-4.902143940863538,-4.553071846990408,2.461213039980889,-1.7659417662480867,-5.59291937536976,-4.002663988591191,-4.249407971470546,-2.555032209724261,-5.163121399065786,-4.895297453909859,-5.0363210670646215,-3.9193818584511306,-4.175663430118419,-5.205799730781978,-3.6979439532389997,-3.7004323747103745,-2.75108705803188,-2.942613718549718,-1.6206151751452766,-1.4911337979828556,-1.7887435970940873,-5.890329563378324
-6.179598462929638,-6.308993739915132,-6.587973125088802,-5.772745505885051,-4.934919767268073,-0.7093674054076591,-1.6890451791075505,-2.288569090726488,-2.1448531678078524,-2.5988237322700187,-2.010110592209491,-4.454246876820742,-6.022810897749324,-2.6787870495736987,-5.701096532966692,-1.9035523950136524,-4.326340109164154,-3.668890499063569,-3.252967828888304,-3.1950361081353282,-2.635133575266554,-4.1844878563910735,-4.017294918367486,-4.897698620782031,-2.283738754582255,-2.5496046351527677,-2.4926271873881887,-2.0941243526219946,-2.0205680856673895,-1.3723691632106867,-1.3728023177269624,-0.17455633860877243,-2.9790741054534178,-6.41246558586761
-6.282894386463468,-6.406940416484258,-6.252215056918525,-5.9557063362002465,-5.388813619782273,-1.5678747094897247,-2.8351820340492426,-1.2329857455070987,-3.418251472540819,-2.0393724171138063,-2.5000058301837336,-2.2139597514266938,-2.057411186004078,-2.838741746570722,-4.964322080159941,-6.506539912553887,-3.4848173511337275,-3.6457234925189788,-2.057282915233892,-3.947645590637465,-3.9874280991527287,-4.434694413221086,-3.1813145252027426,-2.576186883294993,-1.1517804492156438,-2.034725522145299,-1.974416135284695,-1.2395533181964984,-1.3219152914891383,-1.0369451420271818,-1.711139703900413,-2.6180228211892236,-4.347006188340646,-6.149133790851608
