script/wind10m.json
{"header": {"parameterCategory": 2, "parameterNumber": 3, "lo1": 6.000027932988019, "la1": 58.9999434238085, "dx": 0.5, "dy": 0.25, "nx": 22, "ny": 24, "refTime": "2024-08-03T06:00:00.000Z"}, "data":
[rows 0 to 23 of 24, columns 0 to 21 of 22]
0.11144606032703298,0.10393274002308027,-0.45144368493656695,-0.15836056585130887,0.06245614546251879,0.06656107902017333,-0.42556192716603986,-0.028991031273406877,1.9996907007500049,4.42036640687902,4.303748431725111,1.3760488693456576,0.7313272703223945,-0.0034574823890130375,-2.0089846994038405,-3.1600691229776143,-0.3778078565595886,-0.6232379879136951,-1.44768987853194,-1.4419665985965022,-0.7434352125504007,-1.3047489375252939
2.7434959932419263,0.23501457656643546,-0.22580101340974443,0.10513630762747238,-0.030574717614857274,-0.23246403019499157,-0.6777576328846714,2.610669396046761,4.151907806931287,5.27240461317067,4.670378947806675,1.2109038575944149,0.8032964869068334,0.28561136561555744,0.028128398825290266,-2.100380975527762,-0.1668734110898248,-0.03685186706291841,-0.22744711009581556,-0.2618353563841552,-0.6302692917284352,-0.4465997059509013
1.275544020562847,0.3363807014298607,0.16363556115985503,0.8548535355698977,0.12655185135071687,-0.24236364791114476,1.2236550317536303,4.325073305538818,5.716392790245852,4.639458728085363,3.5092073930455707,0.9309745740076367,0.27474764079477215,0.3954000455136813,0.5961479334954145,0.759631049696093,0.17245661353903646,-0.6890985647307896,0.5887594070041747,0.012041184636119518,0.0738245512342504,-0.3597447653688764
1.357855755515626,0.8111552455774654,-0.29852872975314654,0.06339760555450269,0.25978254149908603,2.7155234985805357,4.1239059837463525,4.831582522530553,4.3380962673336265,3.5823506340234066,2.678095908175169,0.9112995893668021,0.3670262002061211,0.20350979547198766,-0.00906012287988662,0.33004971584180937,0.3851458565169184,0.4225420006364685,0.3797242036979262,0.567805592169575,0.5882736340469715,-0.12282340835987467
2.586661075582141,2.028000625570583,0.18124548354086908,-0.15441969988914558,0.7771644718975991,1.9390242953908454,2.4538482141401063,3.007908417315372,2.550083430179184,2.2856495003935704,1.6384860332559874,0.5150665623286492,0.1072586866302025,-0.10556565345075333,-0.3698008927717441,-0.37748104382265274,-0.8852008426466252,0.46315125547066666,0.409216280183174,0.07729711415654543,0.1260045833775032,-0.12176904958624239
5.112038550615316,3.574646555357896,2.329594955472747,0.9126412000946542,1.0387209217439943,0.9141211435849448,1.208502179139517,1.7460188398992091,1.8253864317585642,1.1146415539175583,1.0346223574461397,0.23454233085774853,-0.5456037582535324,-0.8165446148581761,-1.3602174952608175,-1.263943647753974,0.024926471719850615,0.1346421476236859,0.8177772847302878,0.17125314540785636,-0.1368543679710127,-0.5041970835186332
5.095258809901617,4.155450411346049,3.498321598907159,2.2993349932521006,1.7665710065457283,1.8359649861704987,0.8447977375032328,1.193024058788101,0.3648324823598568,2.0639275302875695,0.29022002003762026,-0.5486640648202049,-0.4257510656193808,0.07646008120386154,-0.49274173020905215,-0.41470693615502885,-0.4046516775348169,-0.4040967837936118,-0.5686476829994964,-0.6173464784694552,-0.5865116833868794,-0.37735643118523093
5.862908934932998,5.3286222985646905,4.1456452471706795,2.6615004832401334,2.2860146171621656,1.818225139540868,1.0401540221880368,2.3147966715943222,1.6252681057353784,1.6513319667716877,-0.4525613488361541,-1.3108787490835407,-1.9295002232036271,-0.8960212219707767,-0.7665351352275824,-0.39441693633481745,-0.25034449372711604,-0.07240612180907981,-0.6996654248480014,-0.6379455461547014,-1.01340108101111,-1.971018890912066
6.063457466157583,5.456894423350726,4.614453240016557,3.8520226730059965,2.254803376049029,0.5773559685592227,1.1509686453409644,0.7181218504666345,1.4975400283985785,1.4286967995219675,-1.2320853985424476,-1.991619617105632,-1.8798023509472677,-1.172099164127554,-1.0146425143850415,-0.6149128397184698,-0.3918821404589934,-0.17967946473707894,-0.17606686227465598,-1.0070449101337486,-1.3820784734664366,-1.8448082356152704
6.9370606845108975,5.56407743113076,5.359192163907496,4.092995516078846,2.3863329802464155,1.4512966441735424,0.29277342390807476,0.17246383850645747,0.06189376684541956,-0.31964894321640613,0.5083810772765791,-1.91905906329715,-2.385172935314462,-3.1988672456664764,-0.8056763652044326,-0.7240187582663247,-0.3306815870632511,-0.1333885505097638,-0.4743199138137814,-0.901671803752212,-1.0365757222435532,-2.224911023177577
7.341438292736506,6.1253355521029285,6.203827364754066,5.345920117436524,3.695959088354738,1.0480068454928808,1.4857283978670663,0.5936264640598766,0.3955441335224431,0.253596680332557,0.672862203315426,-3.511517311271815,-3.070145890135289,-3.5555821964587673,-0.05049556775447184,-0.5611630669956447,-0.8192049465910144,-0.5807647574646471,-0.7480107747229747,-0.23693580910855344,0.07337506580336492,-1.2081392504575614
7.734568777764116,6.988151277948948,6.417651026848865,5.578846489329043,4.630930037314272,1.2208360765136026,0.9084621694508933,0.2544649849034733,0.13333160564971153,-0.24318168483641162,-1.3203442301805006,-2.8983978405213393,-3.8762747648267273,-1.6747017974187304,0.20133241640239355,-0.37415268491398845,-0.9794230309309386,-1.0324694619178383,-0.4090900477572212,-0.4066562105930776,-0.6618507477962009,-0.9034638936398384
7.794245120015639,7.6083230554432015,6.450851125233694,5.344855932180258,4.849698161908199,1.5893848288720092,0.8099317673535925,-0.29278919792302566,0.19175131703454118,-1.1158043262290223,-1.663039063375655,-3.3730412134924537,-1.549978092514928,-0.7285536726229885,0.23612481817975595,-0.4580381505239843,-0.7874203958725007,-2.2299626179334107,-2.5144047888864973,-1.3387414909098794,-0.9004628730127334,-1.3107860357704415
7.7021913424922355,7.311368006368976,6.917661547466838,5.907890417715024,4.399483783622752,1.5366248819326014,1.0494184884882507,0.5015724690143041,-0.6801522270893775,-0.8235867536468453,-1.1554186982517496,-0.7619949584411394,-1.409601444479155,-0.6054233310939195,-0.128749558140905,-1.964300713321285,-0.9757048171531371,-3.244040039819894,-2.959755544625995,-2.4615194438678087,-0.4083273496597876,3.4816387308078096
7.549799926995811,7.28933603513423,7.220103243673602,6.4442868881687545,4.862380275290415,1.5736362055763684,0.9911244585891966,-0.5679299971944556,-1.4521417116652608,-0.9766251649009046,-2.2904851803232864,0.11171661527436307,-1.2039064417652914,-2.8504662791054045,0.4144004387996976,-2.1297076589765394,-2.084970009035917,-1.9183962603083553,-3.7062085369083424,-2.9779927270809408,0.3550960823189984,2.754926264788896
7.460715484564107,7.692346538623797,7.230149171852859,6.321291872092245,5.130343741230444,3.6357633750375644,1.0486750273456273,-0.06510934060319268,-1.158523532709808,-1.5829988587870114,-2.4050623780387257,-0.646045150552657,-1.3743237443409062,-3.6665377434371162,-3.553033055951064,-2.099934908519278,-1.7562039128863218,-2.227589680982774,-3.100102089274118,-1.8078751127317125,1.732645491164911,2.796221093063775
7.086489083329019,7.636032372034777,7.395081951066981,6.993842597921385,5.800033763423037,3.8350986469132,0.3065838100263083,0.7147352751876563,-0.3878801949221513,-1.51077885200278,-2.4459218209844638,-2.5392910697206506,-1.763764069384375,-2.2435924189612133,-4.9490449355730926,-1.318786338397499,0.3365002544788915,-2.2722659959911984,-1.2758631631619444,-1.2859326601685424,1.7292757300225605,2.2388585481324714
7.170151320049943,7.906721474836327,7.6404445518558335,7.0752776526157195,5.697904818696158,2.519025626725404,0.887214246919359,0.8866056562331583,-0.5852851377323185,-1.4884854003506387,-1.2989857687081565,-0.6876130442948811,-1.3656659096097534,-4.550720443048185,-4.2190655919137985,-1.553057547604195,-0.25096894364551575,-2.4427799119840303,-3.95231668828291,-1.4756272344700772,1.9939559750661013,1.5435726772852365
6.377384918027913,7.4669819600573755,8.06963011420684,7.217837026781991,5.638481324835144,3.6057494415363727,0.861747024727667,0.4820565182834832,0.1792102873356971,-0.24856765422215674,-1.6300817354206514,-1.849201732554595,-2.8496592012851716,-4.179990167833,-2.3632752308645752,-0.03693882707662422,-1.0499719364928248,-3.0115378526877468,-3.003666889839084,-0.6179326314708525,1.7351737682432158,1.3592604925329905
6.0829777046681865,6.81125123492603,7.156288105605751,6.673005004937293,5.6752363079429715,4.773981963988957,0.8447129356018859,0.3639932077098444,0.2993222933683254,0.37852973953827573,0.39378447187510474,-2.3767771948567553,-2.67182979938382,-0.7442969339125904,0.4423195391555944,-0.3075797194923932,-1.7378265706371232,-2.9524746038068215,-2.606546346099915,3.241276097056565,1.6394427674289478,1.0657076659495759
5.749426386029042,6.6639699853459335,7.200155322222989,6.628714228585347,6.173103364537107,4.77899489128194,1.400737294320658,0.37649585980131506,0.43515590636540774,0.4510997789432747,0.22491242400296035,-1.128062715069623,-0.09049712520337444,0.5831869599929325,0.4788703623481408,0.6547527217061035,-0.5202677539336428,-2.6292132929815337,1.1030785228837872,1.3984970374928198,0.8953163040272831,0.16302141416866764
5.664674622151369,6.264736166734575,6.518472519597022,4.798266585055729,4.798371722966378,2.980974188556715,1.201571355773588,0.9900740171087073,0.6588286300457273,0.4598596923440393,0.07951055121590653,-0.5094718552316434,0.5670615964062022,0.29810844853723023,0.6230149243176079,0.3620786994357995,0.8208175458138961,-1.1435262248398448,0.8663688526818482,0.4652472552080742,0.2466238758180445,-0.1841234164104198
5.818368587205048,4.519551033680553,5.216301593286938,2.359913878742198,2.2692733961822005,1.6756005720110347,1.322563391017978,1.1060909890173394,1.4783103795659278,0.3371376264775949,0.36886108371913456,-0.0654803408019192,-0.27749224605632583,-0.06351538842475922,-0.04856288491486386,-0.11081502582119442,0.03798562769203266,0.33399554804396187,0.3782422647462411,0.623067253840256,-0.07663295314239486,-0.6483761318528364
1.745419571851663,2.6005550620024196,2.8001137477226683,1.6318248512840756,1.3240842256867718,1.7664982752121985,1.8343577389006498,1.603318776094844,1.386454001473886,0.5842791608925078,-0.1787788099301139,-0.1255024638692172,-0.8348109117946136,-0.1853661148696197,-0.4473725181778844,-0.23094638745510487,-0.16667202120199118,-0.2502534754844236,0.3034172419991725,0.3741046839670392,-0.553104546980062,-1.1653278708142731
