script/wind10m.json
{"header": {"parameterCategory": 2, "parameterNumber": 2, "lo1": 3.000054539987559, "la1": 64.9999836372058, "dx": 0.5, "dy": 0.25, "nx": 34, "ny": 52, "refTime": "2026-06-18T09:00:00.000Z"}, "data":
[rows 0 to 24 of 52, columns 0 to 33 of 34]
-8.11509175586367,-8.248267158809465,-7.549043586612222,-6.705996202858577,-6.146277462782842,-5.350086179282208,-5.605300153774691,-5.039723005106586,-3.727213180674045,-2.589835222179357,-2.5918664369043176,-1.0051400030773456,-0.40014294574124326,0.5078656597188728,1.8510715328134626,2.669062975858177,2.615890708288515,2.808536689664929,1.005284014084178,1.4634893676824068,0.6112646982845502,0.2938727965134763,0.3738994688206316,1.7652647191882676,0.11763340457733656,0.1599671976420195,0.17068053564177874,0.6113627001212846,-0.399910063363626,-0.07266436864986561,-0.32682134485436615,-0.9341098969091778,-0.5687297418402883,-0.2602582188572682
-7.111835087963893,-7.794488263109375,-7.761263883336211,-6.910362411433394,-6.658592917410346,-5.416790674732808,-5.698661526114774,-5.041339830647949,-4.823294296846666,-3.8608730675328036,-3.049357047883658,-2.046243687011835,-0.2519292252973551,1.1427277122827217,1.9349326256215944,3.6660416362517636,4.618035902053399,1.8680807224681157,1.8696041858937213,3.252978640233776,1.4176179504621063,1.179645043677534,0.2560543116984083,0.45925055572512213,-1.281158380350631,-0.14569932797340499,-0.5923668194147816,0.5052167649257873,0.3812951454400982,-0.4082167324287963,-0.771019018409536,-1.0403208015946748,-1.0830661839081175,-0.8626764693007802
-3.659393593423952,-4.513319746558282,-5.741029456707721,-6.086891482070334,-6.245552254825596,-5.818518933225024,-4.708487167466018,-3.834667948415499,-4.536349796089175,-3.45302496121882,-2.4343752621316144,-1.9581040680488135,-1.4741567141972696,-0.7315928641828994,1.3798909121199945,3.9281919199820448,3.232140333403537,0.8711872150904564,1.4089004766235698,1.7116431574624305,2.376937217365704,0.8491856397231172,-0.06541324105866034,0.1450963579045782,0.14017510925490645,0.16054397672710244,0.8452513286592218,-0.21355000462641865,-0.060580068190756904,0.41877209639048724,0.028557605064293386,-0.404679665814545,-1.1600972812473285,-0.9386353859832716
2.302643669907832,2.514824870954244,-0.7203606354912054,-1.068989114693171,-0.5425994320033048,-3.9205485456520357,-6.454959074499386,-6.037335362648486,-5.26994478399061,-4.6402627030613885,-3.479464250012752,-1.223800360407569,-1.7168424258349413,-1.7652473883732538,-0.2261690108731686,1.600612211967811,1.3240040651956781,1.9134722309055738,2.316740821943914,1.7559601144416201,3.3296022751833294,1.5682692445437583,0.9324362471924705,0.5218701317562185,0.04620992387287816,-0.2930865114734054,-0.8380098919166555,0.3916890028028833,-0.05340579289733475,-0.6944217855266533,-0.34888763483025353,-0.0685099204877162,-0.24409300249111998,-0.4878067765126588
5.630860941470941,6.485306902688668,7.3031057017561105,7.788013107448763,8.165162790887608,8.059683929072008,6.7668135398913325,6.1992543105014715,5.626061255423788,5.4293886912977865,0.249164484579843,-0.6200634396485432,0.0666414260606007,1.0238096066251618,0.8826691119362571,1.6066286250724462,1.8435026397193695,1.8623650355360675,2.532071428834698,4.580688177152747,2.0309246439828295,2.777753005909783,0.20629701964042532,1.1352130785073034,0.26209655616063116,0.4617624352297393,-0.039891094901929075,-0.06532771488702355,-0.31749875678420025,-0.4528972209740218,-0.7978955792308116,-0.3406961874519928,-0.5986451832968672,-0.8617436573176209
6.368971431423995,7.648021736060687,8.206809023677899,8.63933653453541,8.385965385613911,8.3438632002704,8.434215856963792,8.297320760481638,7.812183006721081,8.312141844461287,8.538221783487945,8.319585950540073,3.045164358689436,1.9585798287381615,0.6979652538919047,1.3791365284867358,1.5189104528352062,2.0772880484528997,3.832344388174259,2.6499383907813576,0.4537542565098004,1.1912382373048775,0.3784810119719893,-0.40408343249828105,0.24121678793862095,-0.5485539118235968,-0.29789953770278715,-0.6683005667980293,-0.8193170656461437,-0.6760674471956986,-0.3553612879830008,-0.5882596417710713,0.2912844457730812,-0.43502848294896745
5.924132683523371,6.983546434402039,8.038219861586951,7.159504033698523,7.585301425867521,8.264431377283104,8.753092300278361,9.176785284042115,8.676101167819734,8.857839405838485,6.716732714212599,5.752789847120442,6.632997511691895,3.5945378452981247,-0.5775700340314284,2.171719795265665,1.0425977193988543,2.08656063590326,3.7728337282801148,2.3998065163263127,0.5810937327109836,0.27132897604893297,-0.032203754787521945,0.427071103307802,-0.22258188864731568,0.6772780813821402,-0.41251582752080634,-0.12648210565902823,-0.12655012623353307,-1.1248604167583942,-1.3372453282868388,-1.005844408439444,-0.9786262236929282,-2.992576964768524
4.168191828791637,6.527296270897278,7.248699572069283,7.2721007023472275,7.64822479104561,8.078606182813985,8.916434492819516,9.848246199299417,7.584279244157674,8.32175763218187,8.589416032384017,0.25943134016392616,1.5176788086188187,6.7827267213169415,-0.47738517070063574,0.960971516438157,0.37792765896290276,2.831310504041565,3.962440524508082,2.9509976543491647,0.9843561793452708,0.169773054133362,-0.4351147826791443,0.9003083982196161,0.14482731834543097,0.1413401537664778,-0.02689944184340356,-0.8854244773683364,-1.4673588908409188,-1.074567476745952,-1.5446960942474866,-1.2167320768467054,-1.9631842118344858,-2.9794256823526633
3.6191270013736867,4.593347817902312,6.172016739846207,5.448953857830518,5.869823883523235,7.0955787987244765,7.858485558819697,7.948270457313056,5.316791058017656,3.2108482899050013,2.9572922033151876,0.3934258517791914,3.616619789126185,4.372911287931246,4.1289305752023076,0.9687399755325895,3.0479748887023557,2.867996169968891,2.5395311964735643,3.0549173758832877,0.2987938590615351,-0.4126928430439819,0.29309614734212114,0.3102233703562248,0.8990638107315891,1.0602479958252247,-0.6647675581118501,-0.677192070496326,-1.1259779219909403,-1.6834736132045067,-1.7509571237789827,-1.986760670712127,-3.6075183432292675,-3.2003329776286913
2.5288693742674955,2.5410126571599303,4.857142983886724,5.209071875232575,7.628204007316263,8.535771620784454,8.106959675263525,6.007762016183218,1.5583249736020666,2.158988941989803,1.4317106858897442,1.2220584027335173,4.471045248044687,4.218243026662981,0.5070366884389405,4.251299440392483,3.484032466812374,3.739383472450475,4.191051543530523,2.806286723756179,0.02244523386815832,-0.43917126894361497,-0.15508369619232626,0.9831708485808155,0.11116199399074758,0.5566932573819213,0.5118996209500446,0.5899675483830483,-0.7881672885676598,-1.4291368586332365,-2.3769725746318806,-2.6769589974680037,-3.797683386846362,-3.589162970674822
3.695274326528947,2.7058536306136887,3.4588652353483815,5.542954940226294,7.1780940242813225,7.539785244371542,5.821915844685035,2.561162550396314,4.173708017912485,-0.8296515618222653,6.714720163822726,2.7062658801915327,2.7697218231687737,3.9452466566230124,4.011672812300087,3.092021524893954,1.0636059358516172,1.9321850930971294,5.610617430988193,2.6683075196122212,3.1672288940936952,-0.8673548099920455,-0.07121490040385535,-0.4718391261592505,0.6013725038341756,0.40176948878937563,0.4507945032857697,0.6655971712961349,-0.7896711469340411,-1.305700611511048,-2.3520601969136847,-4.265275754454966,-4.872635047450728,-4.040983125194171
3.2197179002236487,4.112695584117727,2.7892599681374515,3.9810650298991535,5.143557027386888,3.216915856702673,1.1703438659962806,-0.8799159541949259,-1.7309331972207647,4.133368568764658,2.5045941711676787,6.208787319200117,5.445158562076656,4.762708073344115,3.102146543137174,1.163007311858209,2.110773438736552,5.669111099650928,3.2300085530513005,4.735561422790113,3.086083592726505,-0.3936842828100086,-0.5082606213432616,-0.5781665069332859,0.24974902120158868,-0.044556133702080856,-0.19951874563789262,0.5549807981609828,0.3431430765466962,-0.794026563735263,1.9522781649392666,-0.9115926769967561,-3.007928297824619,-4.056757093384393
1.606136785912262,2.769884738492466,2.93444413040675,3.2864444560410186,3.139144839778156,1.9879823288808898,0.6675616171009092,0.811593821889056,1.669205172329261,5.812148205802923,6.793202693999802,5.361946425314992,4.660221807236226,6.075356176264716,2.939458985937027,3.2016647285079425,1.6998511138813224,1.848284525069236,3.131652169435757,2.863222743627246,1.327810994035109,-0.2574620382756383,-0.9119190799413396,-0.48375979804080427,-0.020897402349246974,0.20475895346688974,-0.5404031917987885,-0.44981201744572824,-1.1714165353449504,-0.9453719146598653,1.1512057584424997,1.5781774678063225,-0.5690237160966473,-0.6666340657590631
0.8059012895143102,1.5663167732913743,1.4679500963060144,1.914107961641795,2.749538012291794,2.4468560155018007,6.806205649774876,0.681381396500495,1.664627475595352,6.8961734676625746,5.882574162420561,8.23543013240189,2.0138065030272663,2.2618145159873118,3.9508944475523236,1.854812006147211,3.152296884672226,3.274473773910736,3.5860470113722887,2.753461378476402,0.42171791831261785,3.1771276095543133,-0.12437583605650257,0.195409402612851,-1.24958340893215,-0.43755618464853496,-0.5676575364193673,-0.528200232120273,-0.4139388919286125,-0.5834257304814596,-2.445073335556118,1.5055053350727852,0.04375919301911635,-1.0338359680317757
0.4559340143641655,0.7802070520534335,1.1058087440248057,1.6357290788434373,2.3847676351824143,0.9276909859968283,0.7398011167293971,4.178281778884138,2.031639459513168,3.5190686359437064,1.6482561672861982,5.964321141636065,5.009155812307178,1.6282524703692305,2.201135824038252,3.742172407165353,-0.07041155605128685,2.5828588197934903,1.5785999431687867,1.9350758046731458,1.2287954265706311,1.664371820561352,1.9819814722715183,1.2894195433406803,0.5874642314842382,0.5070577332143789,0.7758006926757692,-0.899615053914415,-0.11769659788962811,-0.6317398171587647,-1.5626059113246524,-1.1310346188602944,1.913862960535395,-0.09960957583700275
0.2062056479911341,0.27680497671485566,1.5579729560201627,1.3675875766902854,0.1723141265980003,1.016233618654995,2.5021037108477002,-1.5776620898216764,1.2593355785639384,3.1613186196469494,4.008853975731294,7.057616456055977,3.372747449416012,4.351624064594117,0.8078626756109855,2.590477417564496,2.6413698768421163,1.944322954481467,1.9496000399025288,1.4348223980781936,2.942608681623316,2.279856303414748,1.6499786957107638,2.0923159352324303,1.75222314671893,1.567803859572191,1.4477824529886818,0.7023034652575451,0.11948232564906976,-1.013195197712839,0.34076137459192113,-1.737098423116885,-2.081302004760688,-0.9357732140965686
-0.043047710443825625,0.053844646805943606,0.8724687625200491,0.717394623366748,-0.882405683027286,0.3057844833323168,3.2288256885420705,2.5114835295497344,-0.23546997855107585,2.0200105978693883,5.215942387011537,6.33196274973028,2.048052454089359,2.5605488921709876,2.2427515666076276,0.7930975326500289,1.7263660817067872,0.9727235809749936,2.512089446739429,1.4881600850110186,2.073950712485337,3.445474629329461,2.4186945758573954,1.970828386900949,2.2637946259206543,1.905132700443599,1.9432441106983176,1.376985192745088,1.6871896829102595,4.086278532232832,4.894718760688952,5.480519680097762,5.705138429242755,5.054618186594945
-1.384465177069326,-0.09356593572911422,0.4536503622906068,0.6937695252938227,0.08115359697951942,0.30403723519325565,1.4972948228873282,1.7099480054170568,7.095080951942424,6.091793296468624,3.8595649255254507,4.213675844648238,2.5811547085604003,3.2800334141855365,2.8513978163062714,2.281650001367191,-0.15756454151507246,1.8321548547207707,1.6603121584293392,1.9287793375478186,2.0938248207662347,1.5478050484648187,2.53714705573728,2.7662651984838353,1.8107786249340643,1.8170539522451696,2.1574128579299474,1.404817807293897,1.980731038267818,3.5582049011138506,5.093825511082686,5.72803925659366,6.002440624150318,5.7591585626016455
-1.3363430431235788,-1.4522500465520998,0.12727795805146846,0.8124950887753136,-0.14209723100097382,-0.07716548679172801,2.9894746496134905,1.8192037635032547,3.884032896121083,4.246742404051409,3.8158339280733737,3.492502392026615,3.2842066731506407,2.248658090704017,0.29661807605307516,0.9492369345392992,2.6145631412177663,1.770462205552208,2.2866893608881425,1.723111483625211,1.052882938218667,2.595270590239585,2.063624696680311,2.104819103522419,2.2636414979391484,2.4285418400653342,2.315445761935966,2.485209101314106,1.976897258447974,1.8755229192587113,2.993507183595409,5.626614187939151,6.007593773057213,5.083269403808216
-1.5893965968300876,-1.3429036088976645,-0.13726781460695034,0.6615036640642525,0.4469643930512109,-0.24865647361234755,0.5870842471480194,4.657217372374825,4.793750088054911,4.012781211714956,4.074991684339853,5.722959436462497,2.962741891174634,3.805291291140047,1.8382879806537,2.0492799075946766,3.2864228814777356,1.090049150949949,1.6442077655342042,1.8786495520814401,0.945450107163601,1.5056409563710045,2.474975548622192,2.297433072770453,2.007884692542347,1.9069618801520263,2.249529892156244,2.4736630724846,2.4495803652787225,1.654056074388313,1.6869545730229225,2.238269790160784,5.6055486049732535,2.8608745155641335
-1.2983735582502844,-1.654495104892285,-0.4135234769893376,0.04021774501816317,0.516077227983154,0.31137736513738173,0.1355790355186913,1.6558961026380337,3.392381090214926,4.607737298980352,4.350853279115315,5.179614663241988,3.2245428712824533,0.6721287546732684,1.1668806382155426,1.8763415608975518,2.0028182554179543,1.8881114592509576,1.6388542013371192,1.7666036556621634,1.9261072385987732,1.0818966734798852,2.1701137829649024,1.9195997406838172,2.207475262932018,2.15021133806877,1.8167887878574602,2.183592162200473,2.2066480453974786,2.5012944604674248,2.671203272143628,2.083384904474568,3.3866688789547825,4.879422420024864
-2.1775329304051767,-1.512718252476836,-1.3781406816835777,-0.35895486025347956,0.248912227368765,2.944882982014294,1.1715549803275724,0.5021561050615644,3.1816573110676347,2.6000911508288325,4.165884005249019,4.725595969922191,-0.6693691412180762,1.5299337927682355,1.9795435523939342,2.2029575988257646,2.1575876263963156,2.110431262021598,2.007751625916794,1.282087180049947,1.8599110091045494,1.8092754991471935,1.5441881120193925,2.041411397652939,2.534907505812664,1.9118961136568595,1.1853264145958788,2.4266880748061523,3.0837964540037177,3.4572229803102763,2.517998826180817,3.017621990943444,2.8769708325224523,5.139726611989408
-1.8731593082686182,-2.2877717200599825,-1.238580091951183,-0.6009696318477475,-0.3208830372808656,-0.04657027821897313,0.3270029066485513,1.1483726202777786,4.528827775684509,4.6626360825570465,1.518386637893768,3.203879204233139,0.6076923545399392,2.0486593668004405,1.6521197701372796,-0.14930068418627465,2.1204639820133684,2.0981596657595363,2.194315879602802,2.276488222057084,1.7701959486060335,1.8206236678926604,1.9373932178165354,2.133269146469736,2.0808947483829074,2.0772064103337615,3.4948161661315997,3.202017478719248,2.4157470912118866,3.3174694737922223,3.1028891308964037,3.7212821325519547,6.741937143334674,5.79061089678038
-1.6550569670064805,-1.3590444559654602,-1.8901747452510567,-1.418023357944633,-0.6515704603119451,-0.5986351636863151,0.7563376000244708,2.670932221839652,4.490298010854356,2.529182787628744,1.1846128655475692,0.8098325568926892,2.6200337445642474,1.4585966044142096,2.135014294814071,2.0144728977683353,2.1659296596250943,2.2899664423462034,2.324261062628071,2.5250128453862026,2.1776229383136028,3.969908784679622,4.553157461276372,2.5953424196255375,3.215235020165012,2.246647408331188,6.384640914551623,2.562705781475915,1.6068412514650574,2.2585758406457384,3.097779942657261,2.5602978628613404,6.836822264239104,5.979854344337452
-2.286132594134907,-1.9923866660182166,-1.526886853631793,-1.4798172835244725,0.6089430605249184,0.9550339732519876,0.5256790282348559,3.211997105940605,4.333079396174547,2.124062483102757,2.460056087015054,2.1339801256302855,1.418803061050591,1.8294082450305609,2.1473156536137536,6.128453977570094,5.701072743963008,2.4755915108872695,2.5647242342857077,2.797312394051917,1.9257845085815104,3.274965500090023,3.9326317469787004,3.3488715694688542,2.8608637314558414,2.5119682364051914,2.5102029901082874,2.2850743566535154,1.9236196372540122,2.1470376455848372,2.6678980965152292,5.6815338317270925,7.5049595688094515,8.070461026069909
