script/wind100m.json
{"header": {"parameterCategory": 2, "parameterNumber": 3, "lo1": 3.000054539987559, "la1": 64.9999836372058, "dx": 0.5, "dy": 0.25, "nx": 34, "ny": 52, "refTime": "2026-02-27T21:00:00.000Z"}, "data":
[rows 0 to 24 of 52, columns 0 to 33 of 34]
6.965484524870985,8.206580259169126,8.061498614280021,7.535742577542997,7.508143473798397,5.705029604962826,4.135736256881213,5.014736633153254,4.310704882726461,3.91627205337196,4.653378447886397,4.793275436361129,4.516454458178209,4.313762762413462,4.506122770249056,4.9053777096212885,5.597535983987967,6.6340471376978245,4.492052361227391,4.608257425759598,8.288861869664023,6.861901927520362,3.328805336046866,6.8402128519556005,9.296520549939777,-0.9357215196995162,5.829658572092147,7.358700418078652,6.134165970032647,1.9011675762748534,2.6006539423947173,3.3178066351403537,4.384136431545151,1.8729744765620857
7.955118289528849,7.262036009424915,7.069990234245401,7.390248049526917,6.099782936931012,4.949667144859344,4.631159699643697,4.219249175316301,4.466756217229827,3.914682411510566,4.798541287708668,4.779085663106191,5.032061347915793,4.769534628349652,4.727514676179257,4.576914694072063,5.296152431847913,5.63253019818476,4.467508009356491,5.932333301570275,4.359694602962337,5.9148758563378205,4.825237066468887,2.0855681066490455,0.08978630369756645,0.6242689202976576,5.434349657963598,2.2985397255746474,5.308544724829272,6.801766046142474,2.393711900344953,2.3297221162338766,3.8637006860359526,4.917389026994811
6.4278000521870196,7.071647719130974,7.3050764727087945,8.001742945292852,7.223904973719118,5.503967761685039,4.294029945733681,5.228598538855532,4.51042130156971,10.094888630716383,8.350306123389732,7.255519362488884,6.6901194606763354,6.96911296976672,5.062712884282813,5.390422685349974,4.431529172706078,4.57833514996143,4.24481656850704,3.580850869820344,5.174973087859672,3.348006745029567,4.54812537514171,4.505071449928627,4.341125881218218,1.447845320033994,2.3252276361913613,8.186924702487474,4.029911470666841,3.924946537879785,5.109423040874953,4.466440691097197,3.5074105821414943,4.488556465350459
6.581095642023773,5.731798374671851,3.61639680752015,5.02787833229621,6.972754985493741,5.29991661204342,4.905424906360722,6.153478917474714,2.9671065450718186,5.945423548628122,5.845515601681859,4.879783615951667,4.392922301687623,4.15047919041468,5.934650149837691,5.330749008221939,3.4941941983147626,3.3218698098523824,2.6673475609583757,3.5312777933194015,5.46801695045362,3.8801167928293316,2.31554617791696,1.8938208779391452,1.4437137746163153,3.5427091336985774,4.935583069686336,3.3118101655540517,4.264074651636428,3.5780319786690273,0.5107153383025671,2.4251430808907135,0.8746544242654934,3.8306567486890044
3.667709949651364,2.6428463779771354,7.594571626032266,2.3220904452177225,9.560111768487543,6.007026698726333,6.271389383365419,3.5890781495764603,2.092639079027692,3.205568365412919,0.6693012233997854,4.424889716304651,4.620082575586452,7.495623087702854,7.346402187846723,5.105904694832589,3.441044377694524,6.709867617447231,3.2367981471688667,2.927507300021724,3.9119647117261063,0.7425709519018532,-0.9017651829257862,1.8004076153958901,2.9991358988602252,3.1761849422485833,4.923039835000892,4.77647072876164,5.800576731585549,3.926961055254285,1.4875061698764975,0.5473878803522303,1.7727403396647874,2.4223417003494196
7.91887704871319,7.345492942873423,7.694039009970222,7.934740067792179,8.299047292656345,6.4040662662520145,4.79787380323676,3.480466410797178,3.270479692599332,3.467265594179762,2.9211650432122154,5.032172202615703,5.969079395841637,6.876859723693731,5.199559866475981,5.048233998467914,6.463723451396877,5.116280511021638,4.442820772629218,0.6367598038349375,-2.0213373259898884,-0.4748438033071233,2.4110914959284115,1.1552600486744966,2.9829630774403917,1.7926148827862605,4.4962873229600415,5.08021359174719,2.9050198711873847,3.95751073917774,2.153366917065029,1.3238644313147718,1.1196918841511907,1.333444764090675
0.4361041642548925,8.64533521411466,7.6389572267701,7.5103110028074,8.994319321759763,7.550078791310368,6.29125033889152,6.105614484541898,5.569568311411754,2.3568546894181104,3.8493586099296855,0.3440845851958941,5.837102854348456,5.000288002220728,4.353811843794988,4.744446822361554,3.4752981471831714,3.4106134711286664,-0.5009093753730478,-2.5122606449085456,1.8738265697301704,-0.30377551443553474,-1.0437261528684487,-1.0374171513979817,1.6831030273556862,3.526034662198693,3.9410475151660673,4.568552794027071,5.145119101879954,3.882734758409747,0.3087905976732129,0.28059204685898054,-0.0749172634812305,-0.3407134811350233
9.201293746660427,9.351319052939024,7.905830912132681,7.823874138276557,6.8240499529055185,5.869238439104878,4.7384768783965425,4.639500378142556,5.447888962973247,4.463993880968435,7.2082151909890015,3.9088005750412673,4.44703572161457,3.49797456276664,3.9200250214720325,4.453511784558101,1.951182539125072,0.9695496146012855,-1.8507722274547733,0.17445440171296686,-3.27757073230698,-1.3719191918097822,-4.025052192442824,-2.506665155746378,2.147927255028908,2.6505925292428407,1.8788704795317752,2.102066600462088,1.9150044061548315,1.7498381236724965,1.973308672828738,0.8445793195886963,-0.547043272084311,-2.357032523948362
8.912154602513423,8.111957496590337,7.868420047681982,7.146043426163031,4.619876085480113,5.985153921417576,5.712608905333352,4.282635557533924,9.229718275337703,6.414293614496841,7.336709802595015,3.7788587570973573,4.009094564020702,1.2385788037817327,2.262047002271245,-0.5161886819484155,-1.8143341834607472,-2.478447428289648,-2.3063291781347885,-3.4538345801520824,0.2767074602085771,1.5911880994180878,0.7511246308937555,2.2644665757232056,3.4081683331479935,2.8210947814732834,2.204847772090067,1.3079809267576603,3.7675777427304062,0.9863246953130782,1.8288239722847992,0.49455379419941015,-1.508273265777398,-2.550920079668578
7.489765723584756,7.5906253933943955,6.435142130214895,5.975095746161204,5.569509171871166,4.894731194126344,6.93257275889979,5.64789307834689,3.5262579024391623,4.274999952104504,2.1973029817850596,2.8326429975300744,-0.5957988908638641,-1.2640756881778088,-3.6881167873844416,-4.364677827958368,-1.0089991811288679,-3.76967570124427,-0.2235581561661939,0.5038040850731176,3.807301491610987,-1.3557967437066099,0.6708350584890181,2.581489098382177,1.9894887165536037,0.4474946670746072,2.357503850955563,-0.11953639192738438,0.23419850205888723,1.4006960419065102,2.15930022917957,-0.18763442682136303,-0.9172614050377615,-1.5750361656853324
6.40591895861255,6.048332806978397,6.06863463008039,5.494873514708103,3.9403183194407063,5.742197363191508,4.599063186343471,4.009803128998224,3.649796237038619,1.8646038053055636,-2.0183677439805314,-0.23304283871425419,0.8443018004693292,-0.6203477844406672,-2.57636461370719,0.4124155523875732,1.9948445823531293,1.104448976225479,1.884298442418886,3.0850041311152143,3.711028718482849,0.39931962924768233,0.7827470132586551,3.174197928966829,0.8830743888283629,3.4113775620380475,2.052541086432252,-0.20083161923125356,-0.19982686714392328,1.244244817077055,0.351384590370067,-0.39271078485593475,-0.17918483796649592,-1.219220673099984
5.7550836456775825,5.08244251596191,4.618803763413906,4.394852832177659,4.863279603267006,5.482370590463041,5.6045844316064475,3.321828497427279,8.32214714068365,4.109957751338426,2.577634492609291,0.25003605698654985,-0.5934846439017517,1.3090394868933184,0.3687927758726781,3.0007156474077554,2.0379691742348407,0.5533236780844198,5.226527165963411,4.691944331329319,4.867597089565141,-0.4517662915938526,0.39399442958560055,2.5959480735236067,1.5240440368096273,0.7540269370317529,0.9300191253629735,-0.13379982679805438,-1.7713060487203147,0.1450049251791681,0.4226350414133059,0.6493722930556501,0.04978565001330254,-0.8127347056680319
5.000051611695365,4.110848438935481,3.8538287405360983,4.53088724041083,4.391139853488201,4.754597031701154,2.714430677851035,4.07535766611189,2.9774707440831865,3.7933151682457384,-1.294433712468745,4.423965174881621,-2.351904209405384,0.9683634313861478,-0.37279335810389197,1.442623257651282,1.594237255840624,4.922477595054902,1.2966781262975358,0.2317761023530286,2.2371906106887685,2.4490580743872084,2.3967899213942707,0.3959717309885838,1.0022557646394212,-0.285554209918251,1.2097430208237534,-1.3877496673198364,0.8940363507212331,-2.3411933632576334,-0.826530692921691,-0.20849965417754227,-0.595490933986297,-1.6922145631021184
4.4721898660381205,2.9969984495356266,2.5928157627980917,3.0717846740907815,3.3558648033459475,3.4283926532994187,6.454798327335133,1.0561284630472798,5.786215429345006,7.926009047502359,7.306589784777971,3.622230901931506,-0.7845075397880906,-0.803822558740475,1.4963405025658507,3.7950801674925736,1.7822956552880809,0.7056332404662526,2.0947525340848636,5.617004970154377,-0.12811448953858462,3.267051119070775,3.3265714536003745,3.683248693141235,-0.9597838146580965,3.3050456106017134,2.140694616613545,3.5958794578923725,-2.6320616676747246,-2.3205405283204192,-2.0957884030290175,-1.663842203671258,-0.057650448737539266,-1.2576310244246496
3.5107875445349976,1.4405475324034167,1.103958960002134,2.0325779351796798,2.151310636396139,1.3027277807634816,0.4208850017291538,1.8656612374402157,-0.07009111244412547,1.1144601014319162,-0.15802601644809197,-1.618642290771427,0.19001054824932592,2.7347857299534404,1.8198537070184038,4.400521356750578,1.7412516375584515,2.607849313046022,3.7894401404109317,1.1832513833059843,2.3950010451715054,2.5473079051302574,0.8189566439449271,1.6074726235896948,0.8119290230747327,1.242560113507804,-0.37850412279757883,0.41920602985246114,0.23506264633918972,-0.10782324246014839,0.2876898280247095,0.710760065083143,0.4321855786097343,-0.6403306829021916
1.6970907994303832,0.38049997717054285,0.659211309651625,0.9985869094467351,1.9812412340655394,0.7271842463431819,0.28594115392487185,0.7720654761298739,1.6812096395818976,0.32054501545379904,-1.745107987306711,-0.7250042356456928,3.554716236016327,3.5792228667865644,-1.0612037080679604,-1.2561350995957843,1.167929567842083,1.2429164421583192,2.8229115761995156,1.6540548055240147,5.368371516319812,1.5494553138586862,-0.4159434552775531,0.7552654373252089,2.2330695070890436,2.4584922150207484,4.9932701130061,0.10021513599903495,-1.1586595288961279,0.6349481710902659,1.525734749651258,1.2609506571436968,0.6680218474473536,-0.4682549891349459
1.1980443404925498,0.43621991713349956,-0.17772856861923197,-0.12161580226688153,0.18559265368386854,1.8148635903761703,-0.09514089314646386,3.120002597164149,3.248604242265424,2.5326015440074836,-1.732711895689102,0.9759283744287389,1.6394608589103215,0.16604034169477358,0.2431142660415052,-0.7716064329162657,1.4727709082001514,3.964100215079058,1.9931874600418527,3.359700479140832,1.5656854689958657,2.5867754410797557,-0.17043131768820552,-0.6763851335369023,3.0692931645794626,1.0866690637655168,3.634910791322938,2.0632826225526575,0.8334025189175633,1.3091581904951453,2.029656678431178,2.3414878015255796,1.698345435430362,0.9651673120157525
0.7391107767735865,-0.06701503204748635,-0.34709847965256446,-0.777713595529678,-0.8768545567234337,-0.7161907151525623,0.23304442447033197,3.1399432117783754,4.637234353201883,0.7525320605653231,-0.4541329058843309,-1.5679939518620403,2.903817699007227,2.4603595412105954,2.1664144392872444,1.7558968183085277,0.010336896421681325,4.925386239627287,4.04577803721576,2.2530438492726392,1.294521953615121,-0.06063338225497212,2.2749260746430466,4.072266518532652,3.5262599834296866,1.8888057933028641,3.0369520425624943,-0.32321555210936137,1.581271149845164,3.424570024102381,3.1519334371418974,2.6113238397380685,2.7211919451188993,2.1026856483881726
0.05942561222818479,-0.9016288997293054,-1.1611621781680608,-2.45724479437387,-1.3452608742321002,-0.6072867508257689,0.8288007370575677,2.9061948358206124,-2.051680045198447,-0.6904154580427473,1.5931514182638837,0.6121683148285351,2.181243126248831,1.548291727421327,-1.2856999761360954,4.622612465399302,0.377263173403065,1.5668114170141947,3.5788950553306544,2.7653031150905463,1.193446581133516,1.8881280331965262,2.5212345173984656,1.7904734684854504,2.973036027740478,2.4051345317649506,1.5219021659335672,1.6615843007381663,1.4787996127214362,2.8435640307078107,4.628370843048204,4.822087577784519,4.2897255290223395,3.4202908647222645
-1.0330138137170193,-1.8535434209559882,-2.2464525950909993,-2.111204978621379,-4.163343528955145,-2.1560763224208803,-1.3203797862081965,-1.2359204582208756,-1.5073890427321575,-0.7383155583496916,1.375772927777016,-0.9190594492122485,-1.7517590757912924,-2.323871558681594,0.5771027331072834,1.8237764181761957,-0.5131951988050495,1.1523294772512571,2.314472276338158,2.391718451832292,2.811541920290888,2.208784930893457,2.908017335466124,1.9751187069111888,1.7442739005786965,2.761535359821953,1.3733742580918866,0.9953596108556901,2.758136932018424,3.3360133544512784,2.329542873034889,1.7081162690728782,1.242880439274533,0.6047724988570438
-2.762230318444581,-2.920090225451353,-3.753139569065773,-5.12574416732913,-3.920308417296914,-2.244708278035284,-1.0497150253799876,0.8127798200033298,3.4579916581793535,0.6588743097752853,1.34260774318156,-0.3741129757091898,0.6824996868553,-1.6858730360403682,4.231800623657874,-0.30967227680374093,0.8647711564198626,2.957297208749825,0.44321008500916986,1.2910435806165153,0.43379975986671604,2.3035186818071662,1.7466312460520144,1.6536858194822233,2.426846634237761,1.1881302469583221,1.194096289136835,1.0809565122533624,1.332847966195413,1.3560706892895498,2.532912804914372,1.455145496872745,0.9558348684589487,-0.7793708308812347
-3.493459465502843,-3.9374297769970945,-4.9726502058838085,-4.704943212105674,-5.234006865284466,-3.9204828000899155,-2.7525098299295876,1.5016106160787723,-0.5617465343364497,-0.29283680644418514,0.33041263441030616,-0.9491970995269756,-2.9635287773614722,-0.7223072072639646,-1.2536173821096275,2.4490418233939018,1.1733963263027505,3.167116073800279,1.8858160188058246,-0.11904830797421073,0.7319099731068178,2.291027217199112,3.405683891589548,2.2552101077652833,0.7726448283368695,1.4980163784266614,0.7754670233797595,0.4220154152837047,1.6271432598593885,2.1890535427821485,1.6543122775158483,1.389499244215789,0.22256173578320798,0.3601869934942649
-4.292475202542126,-4.387562039132395,-5.510235439848571,-5.369957887287414,-5.7788647619070845,-2.6286167403493907,-2.939579500471457,-0.4202798261204653,-0.16904217279267986,-0.8651400128186204,-1.1930693751024002,-3.9633092346029426,-3.81835342720556,-0.9170040714480583,-2.7727808798640026,2.019371457307328,2.5138559343931597,2.627624413019817,1.9916808938471968,0.23399352087362302,0.8996944948207148,2.8205795151085082,4.172929071964232,2.6794123544754416,1.3812861940177938,1.205434337537193,1.1085226246902993,1.7375461058338197,1.7255986056085089,1.8965002064071812,1.3782632567759296,0.8957261002167055,0.5653306700700361,0.46041134232533004
-4.927111860142604,-5.379698971512407,-5.733308142791733,-6.176157282487501,-6.115133288384667,-3.5534892292790032,-2.6356778283873212,-0.9531847717663763,-1.7061321030700405,-2.671700717067415,-1.2495615588188669,1.3405988656442218,-2.5623857502131338,-2.1904956559819673,-1.9036395412675344,3.546938590344199,4.254195839557686,3.9076428090021262,2.060292282912859,0.991228781066663,1.7143348187028051,3.824483145538239,4.039247579802111,1.365541733424119,1.217127724188625,0.8868829800138156,-0.35715774176909376,-0.16775595365739102,0.45860458057192643,0.4402203888165448,1.0928463869720073,0.3759514528733875,1.561468097880288,0.7277106228873009
-5.789718624100954,-6.109399360404546,-5.953061419285658,-6.51735346851276,-7.075099963227337,-4.091565317609875,-0.027376285856269233,-1.7091898373552301,-2.6358351819545116,-1.7662925112521832,-2.0089884206831816,-2.1790690319712374,-1.8079946783528515,-3.4447259260930516,-2.7461981961274127,0.5063601948335222,7.0310900490033745,4.343483806131387,3.3784712029365944,1.536571027273295,2.6768466585073925,3.9606913004271265,3.714901982149696,1.0056206401025436,0.684917662890407,-0.06169049842159395,0.09795102037939409,1.0644252563052439,0.9304208157423017,-0.2553196063298804,-0.8816381541365161,1.0727968304501403,1.8724310437944636,2.636983329095785
