script/wind10m.json
{"header": {"parameterCategory": 2, "parameterNumber": 2, "lo1": 3.000054539987559, "la1": 64.9999836372058, "dx": 0.5, "dy": 0.25, "nx": 34, "ny": 52, "refTime": "2026-05-03T00:00:00.000Z"}, "data":
[rows 0 to 23 of 52, columns 0 to 33 of 34]
7.35130369965081,7.039289776330149,7.227311997536193,6.7636226668417745,6.314868586483133,6.347480745352616,6.34437930412889,6.693378936761971,6.316294834731379,6.2809827556451445,6.805533403330806,6.586729819076651,5.979466103076376,5.678620172822066,5.749928406536787,5.485202576826395,5.801503542266256,6.755200817559109,2.151691615045994,3.962929775658959,6.076438352290351,4.236848943981535,5.794597234902182,6.245757849571374,4.887305399922016,1.8754454712688382,2.1671098968347717,2.710091485825544,2.2556572860935473,2.350632238023103,1.5102691910394797,1.6095486618205874,1.5088126190785875,2.3512477379317374
6.84144571170831,6.459625080536182,6.468359017791447,6.161544753011851,5.913857750570541,5.977078500941781,6.009771435358683,6.2346826387028935,6.056404903481269,6.172876810837829,6.213905373668266,4.908309242082468,5.6660180630231824,5.052280655764656,5.471739943692875,5.341574079780418,4.939248828852239,3.372102833326876,2.6885511544249603,9.183906362662787,2.6584721392444215,3.5389675641328484,3.1236957597526507,7.336141174324381,3.619981453556407,2.639871588080637,3.612582599890516,3.1759204601838213,1.700324499524354,3.0257135129945794,2.293268277968313,2.312182200388612,2.038204577882321,2.460910114270293
6.493522025687501,6.251138137545314,5.633655482143428,5.261514649441609,5.462027278211042,5.607986461541364,5.646206805845446,5.655837307538124,5.678824037679782,5.909533473005051,4.441511500087553,4.665335466299176,4.489746389841354,5.276576828402729,5.231758123707174,4.982624157214533,2.4578032461754984,1.2002377783171998,0.5178217456433701,1.7509132892231312,5.5118469076469365,3.280812743736212,3.6679205049694086,4.9270189452746385,3.287564765072904,2.5863655096698053,1.023510611067132,3.214330427867295,2.0946921800178138,2.0562965136626086,2.7782973885885736,1.9211939333093384,2.4466988011692363,2.140721525333982
5.812998314629668,5.380941162640441,4.860830982511782,4.895537083300303,4.7141722560534225,4.857712124101861,5.054463685482929,5.173757951449929,5.434351727498913,5.08426654560609,4.550356615340956,6.342790583623288,4.897784514541158,4.642526922306185,5.013593562059513,3.0622864191376977,0.47902515491428077,1.1203886789522917,3.826818776472029,1.4046945648060396,4.076016826810721,5.345594429558185,5.771202900947308,3.34346670245908,2.2298140472079577,2.5309262631891687,3.7880113639576263,2.2827882097401195,1.5362092884906702,1.965784221136525,2.0070124520518564,2.912908582669832,2.729671462726811,2.464997766871887
5.2855267826665,4.916114572122352,4.474911435549316,4.2826520646605495,4.054369946274707,4.205027940111596,4.410348208270341,4.616326993647116,4.780576747131821,4.291915237989047,5.3506254804093505,5.973181244078427,3.4333149592038694,6.849395058911238,3.835251093444752,1.988540046436306,2.6949480941920907,0.5905510880739686,2.8466255764835395,7.885727072448076,6.385618037956517,7.271514869513166,2.055939870769508,3.9393084966633176,2.9348563934184213,1.1482083064065955,1.7558371795200245,0.8860684207877516,2.8456690534368465,2.7553604231389737,2.224691298326664,2.4505640332254255,2.682276252208502,2.3397401011833683
4.617038589447394,4.077969853833746,3.851205562713122,3.6526623438892147,3.5772591021716162,3.6170116133026955,3.7722711936696904,3.8885366598292213,4.340958215073213,4.802339398830798,4.9043218780250974,4.130328594078657,4.573745326620478,5.498346977767425,1.824294430036409,1.9654537682016577,2.868903499712939,2.129601233792998,5.306158358643332,2.7704105830648804,2.92856930575983,4.184908163777689,3.591087181521845,1.8668075634255732,2.167813142507237,2.1615069332307075,2.3809826647858183,2.6604491537053563,2.142741234556383,2.107340559999655,2.085353374470944,1.6684183217053465,1.6040730266134566,2.1986885737688966
3.8651109888031083,3.4644008979648935,3.3396367040664408,2.940647831541468,2.952659240263214,3.074663912464872,2.979475803453763,3.1786129093325997,3.9028241909692305,3.754079652189879,3.6923194242765986,2.4761829972818816,2.6942326860172807,2.1238661985274954,1.4178115733827776,7.583046083761536,1.1643108428931692,0.7079941869029596,5.664262905380161,3.1005206972157158,2.7770948764697567,2.4924387456708326,1.8366272556422105,2.193121451800837,1.7159975271528805,1.659570038561649,3.011910920143727,2.002764884892932,1.751720478562765,2.6432568977942066,2.364807637631725,2.349135809652773,1.9372991914533266,4.50164055561059
3.2256554168076876,2.9847349743075706,2.4053352048936762,2.1359548393214567,2.223645546951364,2.191117745194008,2.208827218501008,2.3988849971209403,2.4726209124586944,3.244522450594274,3.265309069671907,1.2274176636272296,0.7028970863117855,3.5963191875066967,-0.4340654919542929,1.5374354653255975,0.2330463201693533,3.6747214001408723,3.344274627588044,2.622366532783649,4.080903156085596,3.076385252733539,2.535677462219146,2.644080728312719,1.6660419731470013,2.1561524574410407,1.98040314307635,2.869957282435791,2.4304545168652703,2.1718983443005864,2.184096096511731,1.6015437879121937,1.9706981253641207,5.904016331002061
2.4910104245771905,1.9390713484590658,1.4026022172548112,1.226081106030154,1.3048390347824776,1.0983447926632506,1.3283617723682297,1.6247969963659483,1.700579100087651,1.016335839113818,1.124637431668297,-0.28218026835340737,0.7113897136688604,2.356459541057823,2.075265503967695,0.7402255254556825,2.9416562548797955,3.3090160712802854,2.096348787010351,5.342441247668038,5.7285237887290785,2.4947141891297875,1.4178576479305725,1.564032151964285,1.8958796417848536,1.979980986417385,2.0666368090689775,2.332229802085016,2.233761687816462,2.2807623809743727,2.201155408729419,2.4138516320664807,5.362241884844031,4.266790073542362
1.3955415068169108,0.7523156360469501,0.5337858837557117,0.3969755433183549,0.2915485825969854,0.3110790495121699,0.362260979224433,0.6106725124572965,-0.3260931720857218,-0.7461888467703832,0.880461335730676,0.11989968294919336,1.9198380322115092,2.072079071295747,-0.797050805620724,1.5128582092875715,1.1826937975577145,2.898093712414578,3.083620610201316,3.1510664454849384,2.3393670672583795,1.8168246888878983,1.45442206173812,0.9226956361475835,1.7745156439328922,1.7615050273628443,2.2196351703067556,2.375562699602156,1.7760472866733623,1.760057071256996,2.285584417368068,5.051210792620334,6.077163073123915,5.669516125133276
0.3900088145513427,-0.050586967053199774,-0.4392347067276393,-0.8618637250111006,-0.8376100876967083,-0.7472290658383434,-1.046969206972037,-0.8868387015928672,0.06942098989850791,0.6637361200185595,0.05428914531531123,1.2983217362140311,1.0486134487098768,3.5773421582533182,1.8470053416479035,1.4389095679011417,-0.31534821360517806,1.4536764495997385,2.919162827093347,1.1889793042469095,1.6488477834516928,1.1520778511885736,2.2675159913836818,1.1815209321649494,1.0256781093462375,1.3898979619629608,2.681566417804976,2.111060285934284,2.1450577746677455,2.3422730987205296,3.504703609398776,5.032361692902681,6.681262260090695,5.985304428348949
-0.449019451340851,-0.8397155738613293,-1.424450909597708,-1.4496106259798216,-1.8877706418497398,-1.1348804810403625,-2.093783813643069,-1.0860628978336697,-0.8091065985543038,-1.5200480999134096,0.8256253798182855,1.704739260468251,-3.939391174849386,-0.016707995654190396,0.9047573225910639,-0.015114127299606738,-0.6930016991711261,1.1776377364783044,-1.3615791131515582,2.23997987812924,0.5949868621550287,1.2425260609238573,0.8014936450512538,1.0902701316717482,0.3721515999066549,1.3382816234945718,1.5681071388220416,1.8257063441704813,1.903770186152542,2.6146338630249177,5.554846442515333,6.104157800725882,5.912060364592436,5.089707278639122
-1.1409070618468504,-1.5378374011154097,-1.8440025688738062,-1.9407190736203501,-2.237620001700416,-0.4967129836526893,1.7999742667210104,1.5156807835734216,0.43846686611642477,2.507212291077393,1.7479111967465617,-1.5282097852995071,2.452593373508159,0.9881483903473257,-1.2303627998027793,-0.661144426433711,0.351006711247203,0.7255233881453941,0.6108389911359383,-0.1099220566416878,0.6388227364964585,1.1906863618006858,1.2660657924270036,1.0219590686655735,0.6450755211789823,1.1888902352543023,1.2532211064639704,1.5707191088387291,1.8460294841922191,3.803337188255468,4.9897367229350795,5.459394290317499,4.868832379738248,4.161483314795156
-1.4083272916516418,-1.7715837905346297,-1.7752478310420645,-2.5881524546897614,-3.202051558863343,-3.990914066283269,-1.9978973085563592,-0.4101949528394849,-0.028504216795748643,-1.0159375342139205,-0.7145957639765717,0.15762910662176335,0.9151286956403998,1.4748788172895662,-3.8827540093020154,-0.2092995926188171,-0.055103665231685875,-1.0191758752923505,-1.6463121899753923,1.3595858727350407,1.202483997395404,-0.4047713357854495,0.5776719123075787,0.7486567536370105,0.9517394553175721,0.6168455296220129,1.8027341193519215,1.82261877500502,1.9212570912776994,4.303709753391952,4.626401951420246,4.094959961708964,4.06661696462157,3.3043901362959573
-1.5984923341181851,-1.5794766123102848,-1.508297062834087,-2.595160875052969,-1.0788973280661418,-0.5380031010580302,-0.803364100784916,2.7968303613407794,-1.6625242827204685,0.13544263381184965,0.43806076172998404,0.9637298025287276,1.1243005571443987,-0.6998432826092033,-0.8389988722380171,-2.738289576488125,1.4158164881828923,-0.3564310138513506,-1.3493788228574513,0.1255728814093309,0.7625319692658155,0.7268397918757163,-0.052831295217149236,-0.03561082466488975,0.02434398946502753,0.6918911043082202,0.8174865111466469,1.2516413932763766,1.4714562582382056,3.583070292028618,3.795507911917868,3.661633483223309,3.8118620574137516,3.109034988107294
-1.4573687109772773,-1.0335505398781886,-0.9829430835328667,-1.457414990956936,-0.5392909111963728,-0.9083134558008519,-0.18730798108554345,1.6145704992285774,-0.31988174757394516,0.8084301555158087,2.946387573757363,4.508438526085662,-1.966602087535699,-1.0516591675707874,1.5660681271941277,-3.773822929094569,0.1271214041382235,0.1044282538220649,0.0952628143516042,0.049636682420249295,-0.6655741201102708,0.6635556883668385,0.5379880097981266,-0.3189424836366032,-0.6532627577222129,-0.23056920135325243,0.09155637778730415,1.5877247319842016,0.9218736961067369,3.226794812407146,1.9215890098755577,2.6654180663433498,3.118935731728916,1.8213684420644438
-0.8727027818570108,-0.8222232165426306,-0.5739880581197074,-0.8293645258655039,-0.29513783883908007,-1.2698892145415441,-0.37996060569253737,0.20463318527568894,1.8576633191781355,-1.1252272422741827,3.35154634002363,4.464801512457608,0.6117171692750766,1.9014962513500202,-0.45944671374807305,0.12175959069732105,-2.2581248037322634,0.112303571234318,-1.2621789608197926,-0.6765327152449867,-0.10188000905663995,0.3053134397453614,-0.14563574766006013,-1.5889825834914095,-0.9247716734265702,-0.8166375123261124,-0.8515519498274029,0.9810748746048402,-0.21795261614760186,1.02592673055176,1.2935607811092216,1.9686985646651836,2.1771286130469867,0.42129984856953023
-1.0184398206477152,-0.5197232653830307,-0.19335324642603313,0.25757054301387494,0.7657649330204838,0.6717101032611436,-1.3225958527385349,-0.5350917558705173,0.8899151760284372,3.629232444624723,0.7561447939854765,1.0155523145342786,-0.8620654195753599,-1.1363947084285655,-0.8565806676648319,-1.5782171071369926,-3.1289944512604793,-1.128204473836661,-1.034438186892523,-1.2664490925550245,-1.2155278150610969,0.4736684978152451,-0.28648600544098496,-2.4898242766647596,-0.2573085607020232,-0.6447133157643786,-1.2859410215038276,-0.057084493831382165,-1.5027098551911027,-0.8368276189392678,0.9247024830016912,1.3470443212600163,0.7541426658328104,0.29455606507318643
-1.1229316540364223,-0.3374622305155063,0.28415655306276333,0.5972345354362628,0.5534396394686292,-0.22233959331981706,1.0281234543388165,-0.3867238725155515,-0.8142146365905047,2.7681071312600767,1.5294062066499388,0.1123079625780892,1.4899434804926925,-1.680180882265003,0.4945698202830559,-3.612167235776383,-0.39709809607256913,-0.7809547622029454,-0.10366891427513837,-0.6094818920392713,-0.1598335057121365,-2.4701689335314,-0.7722712659003784,-1.1267586424065013,-1.306013647778998,-0.2710830444051652,-0.970510325488532,-2.8980239509640437,-2.165570699815708,-0.6941145001413345,0.5544269111227739,0.2072144387858334,-0.9451642340985156,0.18659784195151158
-1.0332687571330887,-0.37232010010056027,0.3385713827077609,0.9631442709480543,0.7000586162661501,1.3290629594223238,1.0287999838878747,3.374399716564948,1.0326510981993213,1.7507901815212414,2.035288474315903,4.879053340920843,-0.5589594924374733,1.7711992675958943,-0.8779298621911449,-1.8298525451069783,-0.8518860548547412,-0.6429907172758841,-0.32535417598618616,-0.7137535151060861,-0.5551890343784669,-1.1647593399030645,-1.026549412870089,-0.05961962626547829,-0.4137453335173646,0.6179494395201864,-0.2582591687556245,-0.3554827218252741,-2.4456143918083035,-1.4301861005393415,-0.9115469936990135,-0.3828139502904411,-0.2770461129778408,-0.4814495022526899
-0.9282822654100874,-0.39509092971771936,0.3429945145712632,1.1124155602887436,1.1833638108267985,0.6284952553257046,-0.23922532368516314,1.1742534429578064,-0.363533233308807,1.2395521752642005,-0.38629949791148205,2.368026303955676,0.5640609898849608,-0.6953374775745957,-0.16556879843823535,-1.1419869526188535,-1.2318071738760032,0.02098785703892952,0.2639713573110194,0.75072446554581,1.2930206617130593,0.3966271505396755,-0.13026555483334826,-0.5191906449661858,-1.0553324001136113,-0.8319130606303121,-0.18948316423274758,-0.7198768694435351,-0.4014594833260474,-1.4145105217492597,-0.13721509421264183,-0.0542856355695909,2.382376746229383,4.188024081065624
-0.8786900283218485,-0.6253094457838639,0.053181648934861915,0.7727929818085341,0.8375221916970677,2.247470836602672,0.3453299017223824,-0.936486396521491,2.2432123162786324,1.409947837908243,2.563270794246014,2.253739863716163,-0.0358929494087615,2.265839952739471,1.2548478744597162,0.7426229712276022,0.564909120290958,-0.032598170207418016,1.1625157033459914,0.6937929080604237,1.2961190994106926,0.41424338339136907,0.8361635231753568,-0.6110326809985984,-0.3931702425280317,0.5677706531796083,0.2504077124338921,-1.6295842163082122,-0.29041233696679697,-1.0266247290449668,-0.17496339799060798,0.6212750827663291,0.9169501820530306,3.352511108306431
-1.5490466361188615,-0.658612333716157,-0.11846052870190397,0.39058403586521945,0.8823232109283844,0.9935688342250408,-1.6082980946521255,1.2254777152230927,3.1036442202253873,0.23022187678556383,-1.5691152271099007,-1.5025500047114595,2.2390602419965973,1.1203426725644205,1.350554240170214,-0.5734020115261055,0.7957075643774191,1.1162977004070123,0.8745813728103111,1.5000416307180273,1.0109550467105677,1.4195500217116006,-1.353650154801047,-0.5546965513105384,1.1221862856135165,0.4440220842874312,-2.0984152276302286,-2.8180967880559638,-0.6499978824742626,-2.474827581481752,-1.1477997706730383,-0.18002865119190428,-0.6507217165856569,1.8534328686814445
-2.0403888240994283,-1.434608008818818,-0.4475738212358491,0.3513846774855914,1.1060231987009284,2.156244610023158,0.08990306972825134,-0.4012042038869841,2.167065549094856,-0.9571899279048466,1.7934732644988203,-1.830004779181785,0.2677995117598419,1.0384091812856817,0.9637476538153722,-1.2455529178183207,-0.07771055496136703,0.8931881141239731,0.8808859220852502,1.3676732209901352,0.9817153643274666,1.8792603884389874,2.4511741391112003,1.098356734034303,1.5203398028438067,1.2091439491348723,3.409390969373035,3.592471136682427,1.9324616836810358,2.474998214293572,1.7386668901517675,1.244421853749432,0.6923952701001724,1.5136447939589657
