script/wind100m.json
[{"header": {"parameterCategory": 2, "parameterNumber": 2, "lo1": 6.000198445256149, "la1": 58.999992894266676, "dx": 0.5, "dy": 0.25, "nx": 22, "ny": 24, "refTime": "2024-04-10T23:00:00.000Z"}, "data": [-0.5922120308864008, 5.840051262921603, 3.528351159118325, 4.57374672925894, 3.3365828049895048, 6.423952153714977, 3.368447778648463, 2.0605122188365854, 5.901358940531055, 5.007691714538073, 6.5134790407480585, 8.13840627899905, 7.2998682650921, 11.273185554328784, 9.125501009227756, 5.763190145651397, 5.6066605155992955, 13.759678636262132, 6.606113399433866, 5.5265967776736415, 3.9933021546404284, 0.9519664516005361, -4.0609438350198035, 4.383480346354493, 7.660441688136115, 4.991294284837867, 2.8479755865689564, 3.3604338061365766, 3.187623408578708, 0.9538430638918899, 3.2655624116015067, 1.6679322003823658, 3.7445152993329254, 2.8986781328610105, 6.096038054694251, 2.522084471291883, 6.378338281232049, 3.3592917987170776, 1.9841997328366696, 0.387664827275398, 1.654963862112424, 10.376451526198602, -0.19745614347367907, 7.252971246861593, 9.646209777331311, 7.2377476774793745, 6.401275139391654, 5.904239329421526, 6.569113760316311, -5.720949985865188, 1.3072792564242368, 7.844451202424955, 5.276577006652511, 3.6611410944345413, 5.758103319973444, 4.193773945533653, 5.1827672913480365, 5.72707678656973, 0.41448567304692013, 4.754358701182446, 5.287353616318157, 6.220672526373459, 9.829590470637934, 8.035573703816429, 4.622072637197887, 8.116788919641694, 3.405534322875837, 5.925985419441258, 4.6865569101279485, 4.45611234174905, 6.693392623986955, 1.513137922347518, 3.32973273515648, 1.5183815984176434, 7.58431286989538, 0.4437534080022449, 0.20761031087241305, 3.1929675639352175, 6.77045300084958, 3.681652989461788, 6.70156359821385, 6.244793826859878, 2.994440996394597, 5.945596043864443, 5.157977367717702, 2.41828335463957, 2.1142633388913716, 2.015328539739296, 10.230602327273878, -0.792285135987778, 5.8518235048770775, 0.9198412489703984, 4.544736298447893, 3.9486749790111326, 9.899773889292177, 3.1125884883209243, 3.7864178860035804, 4.8843945899844945, 5.267613171761124, 8.200167977430551, 3.4778049847115633, -1.7664211259623506, 11.181959956249951, 5.2764865709218745, 4.305188424510534, 4.263826489330748, 2.4068711077388825, 7.523291039682015, 3.4295401042080913, -0.09763081287765774, 10.704043790013579, 0.6510300471351316, 5.153254501755006, 1.0293023168102442, 2.9348655882355805, -0.10033648623713312, 1.2796552335612774, 7.32347146054036, 6.724226418887476, 6.164309268950992, 3.1518048661673355, 6.33022573420742, 6.561193002678057, 4.334654172273029, 7.67379061067806, 4.082978487629574, 6.069246198675439, 9.904534455370472, -4.87422755173411, 5.780455433955568, 3.2475739327243955, 1.698879237391052, 1.7132488951959075, 7.753328300277522, 5.494749158498562, 3.296386665565737, 4.552062405262935, 1.3154404562240747, 1.2802201592869604, 0.16190621719827114, 6.771762360669525, 5.797025924255196, -3.303813904633326, 7.424125833514588, 4.041825900926343, 2.0203814534010633, 9.688235780952741, 9.102073872317117, 9.620596011913825, 0.49958864751257465, 4.605568120938194, 5.562958636316242, -2.2802396685694672, 4.924495619193929, 7.349924474271912, 7.21021598618759, 2.1967142288271395, 2.210795512554858, 3.8098188643386703, 7.310495365657881, 5.704040416512017, 5.888706403348991, 8.855878179485787, 6.284102408967601, 5.500716300194878, 1.3408166252034055, 3.6893749038487016, 11.970111486587232, 6.938753479941344, 5.868348520345402, 2.1209224864624208, 7.722444900091819, 7.047093142355777, 3.8477950366506755, 5.669766790927201, 4.145350069599106, 5.724637663099594, 1.5450069088904004, 8.392023159412096, 3.490956187782093, 2.1522539852529543, 1.9841780607179602, 3.2631033721450247, 8.015596097341094, 3.3326864040257207, 0.7877884782150724, 0.49693888020731664, 7.565518854537879, 4.407189621869775, 3.490244360637114, 8.939847861490128, 6.120294217442327, 8.334690942117112, 7.670595230786618, 7.857076099557792, 7.151006119907377, 4.074975606215991, -0.6751352167649378, 8.29248444029865, 4.822876171908683, 7.993044490652219, 6.329204106871657, 2.621972037117587, 10.16466144358738, 6.77356900733013, 4.676689921430048, 5.7413604863704455, 3.906170469326038, 7.048895650940039, 3.1074277248697992, 5.776315853740044, 6.840853777226102, 4.1134574163893, 5.8898899631426005, 3.1146965310908437, 10.11031890101344, 4.235006891969386, 10.827580079805701, 5.804004105251744, 4.725352192794108, -5.653924953124289, 4.42030897007589, 6.090413979181522, 11.691583875492157, 6.433989581382287, 5.687145387684833, 4.99623742568899, 5.0075500179016705, 5.062146131225899, 0.4365007659509471, 5.517735895695302, 0.017606182416165447, 9.042643170754527, 3.329544210205252, 6.599770688424735, 2.296802008362143, 3.5070056186704854, 1.7481585881461579, 4.076265057414771, 4.103860859019902, 10.646633283234578, 7.273139277403885, 3.0879791784003725, 6.24112614140309, 1.7170012685606262, 4.151165550869033, 5.7067475753256645, 8.57943800763007, 4.227531262969296, 2.5977769571871927, 6.02388054020668, 8.220521773432848, 10.269651373820581, 6.898267127322239, 5.808111088586313, -2.205993154208693, 5.370514090087334, 5.6145075365136226, 7.197793388237793, 4.582438140803309, 3.5067202906432593, 5.16919438400068, 11.068889331366456, 3.988423315826049, 5.978549658045767, 7.652684280105183, 0.8407547645912329, 6.143465927020625, 3.7216000414844785, 13.115690269039327, 12.066236796500622, 6.291302310664428, 11.760811045494195, 12.469611764985984, 4.961688312208862, 2.989725383660414, 1.1595062352730043, 4.828659048837676, 5.377300917959062, 1.8806644692548569, 9.604151522291973, 7.446204342272191, 7.088016419818067, 8.193774597620097, 6.91139699052522, 9.053868298283387, 7.490605172526601, 9.972552240377633, 11.376048482305789, 3.8811821316991657, 3.897934909128199, 3.4671628492790534, 3.764160501734961, 6.478073091893406, 8.388059784805305, 7.079906381816342, 5.838512490985571, 4.602302788567668, 2.841577711805962, 6.470964819618571, 7.39318922832565, 4.332419227439985, 13.317123808305585, 5.526302525291365, 3.920947117724847, 2.924593580103139, 4.1534069428692675, 4.503641600541459, 1.9064361482485783, 6.20339679848869, 4.564859411268607, 3.5825668441498983, 11.359921790255576, 2.398081276166027, 4.348205955375406, 6.325086237143913, 6.398434420168387, 2.996720319054135, 10.024754087158557, 11.36575865686384, 8.248766624366208, 5.37560855989105, 6.715442223202471, 6.973174554837805, 3.2540901746571667, -0.7504877852191232, 9.870531653162885, 8.233845251451235, 7.967284039352158, 3.4302828120977265, 9.136342056463494, 4.806256271620655, 3.888424901394921, 5.043474762427208, 4.2331267912779875, 2.5213506791270786, 6.560566579128125, 7.776066657285197, 7.055388748394415, 3.8088883064135235, 5.526295144428237, 2.258267409835329, 3.5272760856857617, 12.742872031847902, 5.899281677263702, 5.940883228052009, 2.981554376951918, 8.459423172633299, 3.4197631464182954, 7.049058867134314, 2.4112583930211384, 5.447286503432209, 0.28525114656849554, 1.2215152313836521, 3.5298039689269007, 9.813399509781664, 8.647452259459504, 4.821136288464699, 1.7253480948825648, 3.631125454914417, 4.388848228858089, 2.7974466872664396, 6.8652943587896065, 3.090921051640064, 3.4312499169385267, 7.86533673662037, -2.2351097198412364, 6.925730511405695, -5.400448485993474, 1.5173857995486781, 2.7076930771028778, -0.7999856071024734, 8.033245637966674, 3.266575162584239, -0.02306234250654801, 1.6838340593773797, 6.1013125794441425, 7.872150029538633, 3.921277367657039, 5.69797225287038, 3.905009516319213, 6.384874378498102, 9.621581434874013, 8.185384587688736, 6.931036001499675, 6.437398176899008, 8.808826394657112, 8.075000269622336, -1.5206198616577726, 8.632672378221764, 0.8434404169722318, 6.046962082827991, 4.937842334304993, 3.3927191451438286, 1.5956686482807267, 6.904183625731546, -4.727196374417486, 3.996177442093718, -6.139571206579584, 1.3284482709033223, -0.26916396330481807, 3.93265318224081, 5.742359549521067, 1.1834083694594175, 12.148474867628634, 5.2839878697552365, 6.125382060570663, 3.4788509756820805, 6.058076972162601, 8.765892457370562, 2.895533234903308, 9.395266785287447, 8.703971552857604, 5.275737810554539, 10.438323128141848, 7.850023078064151, 3.240090068536463, 2.2902779820073254, 3.1573123111544796, 5.476035611649738, 5.596442876848838, 3.839516614793667, 8.070186747125385, 6.813911804488122, 4.700967043011581, 3.7131549683183573, 1.4112854081398156, 2.404342013252754, 2.1528540308123625, 7.5308779891061475, 6.834900655060377, 2.4156712293799836, 4.863017118204981, 9.730745837744394, 2.128119194943635, 2.0355700419899923, 5.1678884729435, 4.013036608099902, 1.4176243482570323, 8.100231991037358, 4.647274612272324, 8.964357654209127, 3.0756883221263123, 4.002944338452041, 5.5264051580296965, 9.162101526347994, 2.7338180279377453, 4.613302877615303, 3.157126063101102, -0.6294544697069243, 6.9822660899683715, 3.1499753738164746, 6.854391297386783, 5.748598805427239, 1.3099640990983639, 11.497021168641965, 8.285818781785707, 7.301654468401351, -0.33779890920746686, 6.122143977995121, 5.156490162455567, 2.0746718302963507, 8.68318951237153, 3.32976088706487, 2.9618807317280744, 3.364906497315833, 0.7153768488166914, 7.934043765518902, 8.836556702534615, 3.688404284231998, 9.221057017808599, 8.253129019222055, 3.553706949189772, 2.918292620640521, 3.765808150221571, 3.0094452402367833, 12.434245483813388, 0.002437400388869901, 7.103504518140285, 12.776324827155864, 2.832265470191193, 6.077181970469912, 5.150006402591971, 3.9997615488207687, 6.861649049455106, 5.611040470115016, 6.949807585679607, 1.689380928870386, 4.660712987133842, 6.684080434024322, 4.654564806211738, 6.079480087025326, 3.8613871398085022, 3.8689186278652206, 9.002284947118074, 5.554502824095396, 8.591877380437115, 6.066267858267401, 6.698798595082958, 3.1744016762093756, 5.27008866183233, 2.069285369955583, 10.26963613095711, 6.713477711806049, 7.521993774295826, 6.291210058979076, -0.6258095311842159, 4.002010819702588, 7.272094239553476, 7.059705225221544, 8.295459541070977, 9.14301755086551, 7.875968932905089, 7.692246836305179, 8.66404706807365, 2.3152690548520436, 2.5436976068719455, 6.35677853262688, 5.432323259255794, 9.177921964356448, 0.7530349799722542, 1.7668933364818864, 1.3868142254614533, 8.39717959326151, 4.941043923342581, 0.8014721521691882, 3.61946194525787, 4.19314399608744]}, {"header": {"parameterCategory": 2, "parameterNumber": 3, "lo1": 6.000198445256149, "la1": 58.999992894266676, "dx": 0.5, "dy": 0.25, "nx": 22, "ny": 24, "refTime": "2024-04-10T23:00:00.000Z"}, "data": [8.679115304665576, 4.8231156764393495, 9.482032954996058, 14.147529243272615, 15.747886041819864, 6.64957124527325, 16.356091995972438, 4.393407144664972, 6.102989459933299, 4.579904600040694, 5.02961684739912, 2.313897909319115, 3.96907889276876, -0.31996511644240777, 3.8462932800939416, 1.4149881355652878, 1.2623620057424247, 1.063997886554193, 4.351868789229907, 1.2001487844754752, 6.087780723236964, 7.078041609533761, 8.602350172290407, 8.460060553830258, 0.49680912632429425, 4.5006153831694276, 10.53025958728431, 13.456551224142553, 13.668504636562444, 9.599060525783795, 16.94072745976472, 17.016559716285215, 10.144322628912802, 9.523845013536187, 8.988065334269494, 10.469078248488021, 10.627957639103055, 16.4812088651079, 8.936257638062196, -1.5393340662890242, 12.571775413519855, 4.514621859825461, 16.20730975144314, 6.012143218637995, 3.2571353175703273, 5.2841784264432405, 17.030399812706143, 7.247864398825571, 5.021795326336073, 11.833732318511476, 4.009484299450043, 4.75316342294009, 0.1931509916156334, 7.362699999084833, 4.811530678992834, 12.359254891047646, 2.465479139798203, 3.051120359205762, 7.97672932339225, 5.440087749423739, 5.454195645090269, 5.056819836871763, 1.6418390457118353, 1.6958415216332487, 9.370648494636809, 1.2900797839184939, 13.369446846261114, 10.700983365106246, 10.303942410596672, -0.33346431988760306, 6.582190888183206, 15.384928699437452, 9.245724864390391, 14.585238505094793, 10.21535944620635, 16.58957798642854, 17.08899999442135, 10.210159054681814, 17.068811892914688, 14.182864968714998, 5.013210451571034, 4.177328737656406, 10.10613469477138, 6.13240241865967, 7.300226517428035, 5.426647264605227, 0.7104297938782557, 10.043957555329932, 8.686626275876636, 8.512397261133545, 1.403828647764933, 5.434901250129003, 17.28428224803217, 10.358231681904664, 3.432660592896225, 1.4971159761010489, 9.029412354746976, 5.3053433929013, 3.964147064513018, 1.8192836213135486, 14.278075297699594, 8.634043541891685, -0.1536558812043967, 17.365198905208885, 7.909102029436833, 7.76692912047088, 6.248118356080844, 5.664905784008715, 16.792910921827293, 8.96654834487315, 9.80309394893138, 9.70208848868619, 17.06472295859129, 15.404690849405856, 9.797522492658356, 12.833588689713737, 2.0888961200350846, 8.28009944152502, 4.881255348194852, 11.15796525404167, 9.320132796996987, 5.561568172057741, 10.089784186805735, 10.084871599583293, 4.853075467724359, 13.07627614619971, 8.593099758366167, 3.651417336232689, 11.3530774780459, 9.01528692534416, 9.934295766022657, 8.104580650212373, 4.360777183281322, 10.21737162644673, 6.455185189343724, 17.227813631815888, 7.750982508710792, 7.062449031758885, 9.939846762549093, 10.333371413721459, 6.760218769212732, 0.43614588122022446, 10.421768938547766, 2.9968115594670475, 2.799342653948031, 4.067988601754406, 5.736878599642447, 10.173024280074802, 3.175987901307008, 7.752198859157546, 17.251709965002103, 3.642950065338408, 15.651621388945044, 3.493592089744826, 11.041254148857872, 7.831886213916987, 9.396338875360673, 9.041374215086488, 9.55845309650013, 4.292530487025262, 17.32336823509931, 0.5222974567862307, 10.40134972166157, 3.0232467000909065, 6.352514946942554, 8.686565550945389, 9.688242559216956, 1.1199595230161972, 3.440118838758996, 5.339740945526909, 8.536621867705078, 5.703392352872087, 16.900610781094514, 9.39401472895874, 16.913200961713912, -0.15639996871164483, 11.507557798774963, 5.133682414205623, 1.7003689556405415, 16.739760284279402, 4.221088126972693, 9.704969066477366, 0.8748771274079136, 3.6007448756782408, 9.391713708251533, 8.015650154142035, 14.483318049267778, 1.3961231001148768, 7.564605308835032, 8.395398717935171, 4.28962399439924, 5.071740712689877, 10.561864988163512, 2.160234924236064, 3.5131690975407723, 10.835194790160898, 8.098106121579601, 9.802203902924491, 3.169898633404398, 16.64105708163469, 16.91972115222756, 5.985772129325025, 13.095965895120589, -1.01417442796997, 5.035186387943939, 4.770307915323036, 11.05979622130335, 16.406383675781587, 6.591526369445411, 13.163234358745985, 4.425420913806601, 11.039107475792086, 17.19157934537752, 17.366715591348015, 8.075169466913758, 4.61947186302561, 7.561067720597459, 2.6726630173776216, 9.792721076101797, 9.29684113459846, 11.421625069877484, 8.154949863632927, 7.327237098610336, 1.3009227929357576, 4.259419325547447, 11.692549153909168, 16.588126827692868, 13.481160860118012, 7.213322148430942, 16.037021559263835, 1.7405143031781578, 4.488796994249944, 6.254042015908517, 9.94796370960425, 3.550803427443704, 8.087883544272715, 16.851473504580223, 8.585424948666432, 7.974829639499454, -1.3044679042555711, 2.867908617190987, 6.457482418726489, 6.7937419012063565, 6.148848111075041, 9.083436754556576, 3.848310692982005, 16.41727682624649, 10.123542562102404, 9.073737574297168, 10.246919481814023, 11.08586997376796, 1.7447342779711976, 2.9030635500403266, 2.4328678966840784, 6.740435295294356, 8.738343184672871, 5.162098636628218, 4.2151574566030074, 7.011637590711573, 7.5645984378491375, 10.125234286012173, 6.4318899354504175, 9.490183032166398, 12.028418172442208, 9.580037664260692, 17.203201662984263, 13.373185859733082, 5.545586268457494, 11.811030480637266, 1.5711721902470497, 4.130651280924216, 4.979888850701356, 1.6626912199353763, 6.779381656073259, 6.7286104735884145, 13.17704276668395, 8.753586463020943, 6.496288457843105, 5.12304686309487, 9.207839331827758, 2.534305075151535, 0.2622089335419165, 6.94442159276594, 6.0493296273654655, 17.054716894241214, 3.6558070087019128, 4.999622389978336, 0.22004984183641205, 1.8809109671484403, 7.707579146589572, 3.5644335318389673, 11.039195212553965, 15.504075909128682, 7.044992507778434, 10.29753576106332, 1.0019956342457623, 4.670568015350427, 7.492278563574046, 16.266212002927816, 5.457618766480895, 9.095863582536419, 17.34076512146727, 1.3434466921861614, 0.16564676197410133, 10.332281780756277, 2.0238349313038912, 12.923932788906978, 9.293868324778579, 4.912034541402442, 1.389761988881217, 14.375536270893958, 9.666614542456388, 3.4628812170781247, 13.702526708277544, 2.94813987942374, 6.30494976217895, 15.818358113125361, 8.152095482113303, 3.4086253359425007, 0.4598675877084356, 10.63206688842817, 5.402796761053748, 8.779400244920735, 10.829704180711872, 6.0190280304971715, 7.19679636567004, 8.11218513214233, 4.4919998375022825, 6.3113492331714545, 16.564272072863282, 4.390602955795949, 17.068322555180785, 4.049158325790059, 4.417137764957706, 9.84845315783472, 9.967979773011846, 1.4067840286307867, 4.473500623065761, 6.624134835002654, 9.181034280388257, 16.76900932972379, 9.480774630451588, 2.6615109296437303, 1.3513508195051522, 8.150596480981415, 17.065451171746037, 9.632595600974632, 9.988438524156214, 16.759943293982744, 5.230235664296792, 10.803975059716674, 6.300538603312866, 6.9486419320587665, 12.771337461483068, 11.609519590044252, 1.0640445380983445, 5.9431143218414055, 8.080571730908552, 6.91056067538678, 3.9657920185786733, 14.9302721666953, 7.786655968970721, 4.624013764232568, 13.16173692100927, 12.248922960469582, 17.00439229176977, 8.447325543873893, 2.5309361879305987, 11.182203925655806, 8.838424581761352, 15.211756205612181, 3.687331738212784, 3.593764807777382, 15.971755793093626, 6.887701515854075, 8.318473234617228, 7.227059949520269, 17.37026986600945, 7.65062985821416, 11.168447242416605, 10.142602630298356, 6.502064128458221, 4.64131350523671, 7.035211060332631, 5.003808970357896, 5.905111653732353, 5.664903049186702, 8.855989798104252, 10.33241944495328, 5.893696607056554, 2.346748369054421, 1.7404260294680884, 6.9372686347318355, 13.67983440425462, 9.495764801479167, 3.255053270782911, 14.456975895249574, 16.526754231064352, 11.334126374269553, 9.410408003499215, 7.663160406974201, 13.812042710406544, 6.684134441813184, 15.074921529119456, -0.2991371963587662, 3.3693492272932217, 6.772108082266319, 16.6925945811715, 4.001993112410915, 4.686371742197772, 9.16650004061885, 2.120785045999026, 6.02197916649742, 5.495523292813372, 4.195417307578735, 17.31316384997596, 9.712497203103855, 8.85099629475198, 12.477683365730108, 9.678130556180903, 11.76396920238576, 12.800126144925187, 10.416846421782084, 4.205781287182905, 9.055788526332318, 9.343784137320899, 12.660398041923921, 16.50325792733592, 16.622675316928287, 10.726791024789447, 4.068736163265006, 4.054981746435725, 3.3671599746022496, 3.3832082051441175, 8.726425324481323, 1.5861040767901895, 17.184281810134337, 9.359139115442696, 16.194230387792693, 4.618138722221131, 6.617487753171719, 1.901642776011653, 13.288284451703074, 9.511208287944413, 5.121201502828708, 3.645823110971561, 3.9799147695260633, 4.919315272712002, 10.469035846823793, 2.9416995678729023, 1.803114823503327, 0.062397935627252134, 5.0248550705697195, 5.386463514518168, 12.876445750829388, 1.4507803831623616, 1.445154528669393, 11.017099930465069, 9.861121906180367, 5.436054565713056, 14.824063974641465, 9.874664335688415, 3.6782738483846362, 13.367859679406017, 14.269262022713447, 0.2963302696150573, 8.661839980863695, 10.291774928708424, 10.66638848614219, 12.633314639153044, 7.424528679803531, 3.5727728658938673, 9.01593588445692, 5.356933865305941, 5.637709388642935, 6.388420112837984, 0.2699092601077821, 9.451547769568425, 7.069004660214018, 2.5265873127266008, 10.042185478841374, 3.1867600039839075, 2.7523464599964957, 16.167604777188423, 8.425691994053762, 1.1939337436976503, 1.2469707068374332, 10.759590665767448, 0.43291739757882747, 2.8615392533005344, 6.273508151620896, 5.4380921603764865, 9.69889038460272, -0.22168202058245154, 10.265319490116992, 6.719141860590683, 3.530336141476172, 5.367309740955758, 6.219430742545321, 12.28895730453486, 16.759167853163508, 9.492555248952574, 4.850814344342665, 5.203666908175399, 1.2876706763062251, 5.022448648650262, 15.658625380467473, 9.817702139963133, 6.874909545934367, 10.533302759601295, 3.9472982323463515, 1.531940174710554, 9.43637135464777, 2.2809940088196132, 10.17503986060889, 8.903575631503262, 6.156065169728359, 4.621470648938899, 4.683277716041132, 1.959374699143383, 10.177314349032699, 5.2132395130224225, 14.114310115052184, 3.9292145902179327, 17.118940713258517, 17.30971933167353, 9.969392446998969, 7.355899408335778]}]