script/wind150m.json
{"header": {"parameterCategory": 2, "parameterNumber": 2, "lo1": 3.000054539987559, "la1": 64.9999836372058, "dx": 0.5, "dy": 0.25, "nx": 34, "ny": 52, "refTime": "2026-03-04T00:00:00.000Z"}, "data":
[rows 0 to 24 of 52, columns 0 to 33 of 34]
19.877315079694874,20.25271808790669,20.746529036212667,21.414820978236982,21.691984731497534,22.02107188911097,23.050094686706892,23.31742326939394,23.661922841543284,24.066398032024082,24.500613999565303,25.243572915926205,25.262589059830354,25.16082915600782,24.318736192543433,23.82726382974979,21.805913064470435,21.382322525173336,17.167763166894915,14.555441210453607,16.45852708102153,14.81946410346521,16.772341724597336,18.93268732841507,22.2775233082979,13.975459505729997,7.731836917882856,11.711445044008801,9.208516803342315,8.94684853883012,8.801541382456346,8.593070935051923,9.810408912630006,10.475011024899972
19.07524243384838,19.88489058291342,20.43406620011603,20.808898806427973,21.29252927209991,22.161557679755347,22.942637901640563,23.751801206374363,24.158923009063106,23.84960652143861,24.29090172827915,24.63250233304609,24.903228825026233,25.280005682479885,25.457931088102388,24.534098139677756,23.57387291899145,21.454704571767163,17.905795159108866,20.888617465912315,9.27471689469999,16.436975275720563,13.156310199795076,20.479422135358718,12.816003682510509,10.909188847041472,11.087021819968733,7.418403459315387,10.0799474740931,12.777848962217224,11.031638555573409,9.603394971721725,8.603856034603645,11.363286291085506
18.479465082900923,19.101151106436458,19.937905595939565,20.61003419172034,21.29572896241259,21.804089966913505,23.09399803739465,23.44526430461952,23.58480663832836,23.774366447525903,23.488384403587673,23.632274406810485,24.161456226021823,24.283501474490706,24.078282474776884,23.668180210688536,23.148942087351454,14.956889736417438,15.97887959149931,12.372312042748595,16.602500252797693,15.310409405271965,13.170567125036463,19.474000247226897,12.66591335625393,9.418157277203296,8.692956151208392,9.852059613881716,9.695280853174154,9.659118201702555,10.937247158331585,10.155704449154845,10.525137012027026,10.065809979197706
18.368742659248692,18.14544204838648,19.049150191903895,20.063283827459063,20.812990474234276,21.541823327390173,22.143000605814045,22.802639122805623,23.461352108969827,23.62320643999939,23.987203813428735,24.6922113403246,25.060813417507713,24.735800568103937,24.085359429932968,24.141735983269143,16.93820376558008,14.682741650398569,16.30926195856598,11.405727974384794,17.62908918816027,23.270371309294703,17.984961151039307,16.56824069733975,12.407344173359581,8.591745443865728,10.284918720735465,8.158996566939924,8.332625634906886,8.585001666149473,8.208389615223712,11.804966200438336,11.18047058359422,10.625566545315777
18.126540485360795,18.89822637551437,18.771693266640835,19.153605731190638,20.14660657983808,21.057527714004724,21.74403069152467,22.035103279416113,22.421488081266578,23.072058437975855,23.5936515119534,23.93612088476258,24.390140606163996,24.445231999269332,22.041148729389903,21.257098802848525,20.836008853719004,14.652944538501304,15.061623619112884,23.78265115179821,20.10214229998725,27.35755941500044,15.924379274100007,15.085932747435617,13.056481056806335,9.607128264404041,8.926586440866576,9.62220944662625,10.730575102100074,10.480842820787048,8.943439042860177,11.26580351825623,11.677600239815826,10.970807092081712
16.765257070433872,17.470845195134793,18.65778887723974,19.097857323282422,19.362888637952768,20.35260429743806,20.7896551727874,21.03308185638561,21.74824256578452,22.512425491195472,22.996573482124614,23.677520959419034,22.1405278021229,22.311829473251237,17.67991099878189,18.271603956067494,13.969989427590562,15.703548734879432,21.593555619114174,17.258774718021424,17.74764832775939,20.380833927599657,16.996226179697388,14.715477038587139,11.446708003666576,10.25121108108174,11.212859684321923,11.513016097297204,7.990624710488932,10.960688121998547,10.364869324909085,8.949064477396966,10.238837873177417,10.42501019167359
16.35400149476769,16.96636944613484,17.517523571835113,18.09131075801435,19.122777813946417,19.38171376437027,19.659692724410824,20.510466237318642,21.111255770276184,21.69623510697957,22.2730000514475,20.800047904684085,20.49957565419289,19.422673657119162,14.629739215837276,18.42572546690332,14.896771130211159,15.180836372031191,20.850489915236828,18.81041546730371,21.2745089420367,17.47775637669965,15.376658431906487,11.505196978985463,11.093866675351867,9.247993939704852,11.257926672938803,10.229716212051912,9.423290533308432,10.863923669191086,10.414626669198482,10.222077164105723,12.558295586494754,9.774358820290537
16.37014941857369,16.457753215141093,16.59462066415095,17.12001919031355,17.53280398212693,18.729860967429655,19.23890999664988,19.571857612023983,20.29206869223325,21.315399138706834,21.727375339038396,14.126985893380828,16.871790824401074,20.40442172389408,11.97559985102257,13.47717449762884,11.744078205483083,19.349850962759394,21.323993707423888,19.645751062791327,21.5602910800737,16.74354424021796,13.489594291424533,10.862606973624091,10.750767750620454,10.091832122891038,10.2070446724298,12.35495968040052,10.69158170129926,9.263056259513338,12.994619740118116,11.786273782731174,10.464123916624741,14.534447436780459
15.491587477218145,15.876855643239795,16.132748563926107,16.641434731921922,16.46097930883267,16.500649104714796,17.63271654594614,18.558131212528313,18.90886028953966,16.53883397056579,14.106386834320679,13.554186026391188,17.450454309361298,20.573023263004945,20.598408027986913,13.33948867134714,16.59395054018376,21.61665554991361,18.061325654107595,21.230004388597415,22.277429541825935,13.11723681078272,13.576166901758672,10.203963201545678,9.762922387806457,8.209238516262337,9.779461894740278,10.238848752283587,10.702563482554831,12.253783140169466,12.024188477313217,12.171611294512145,13.40077632679761,15.608892281324717
14.495498918261694,14.560271127975957,15.072043962225717,14.790787883932007,15.60344251942724,15.448499537219767,15.635328554664563,15.74047083533288,15.752428981711846,13.346419946383362,11.972849665966043,9.528784215479275,18.493396242865035,21.888950375764583,15.063068971049045,19.864291763089792,20.435770815125842,17.674109053567797,16.726916311727127,21.92416014671049,19.8301403413647,17.17880328940986,10.996920100508722,13.352823416984217,10.304410043826936,10.805984491782377,12.417714841108236,11.69143633637122,12.649038476076912,10.89415548048099,10.32464068333592,12.590350907433217,15.347143787414637,16.59640592552678
13.9458301161101,13.600624840514662,13.091746155990764,13.120171573030733,12.860563612139904,14.17339567388055,14.598285829825775,13.073233689847244,15.546604117517884,3.439661548950987,19.046837836002066,15.268018703089552,19.796612627529488,24.890745711761788,19.53750165155622,11.307064890501927,15.072017898253181,13.403507362716553,16.161386480841657,14.148462559716254,16.090562648821948,13.216773642750674,16.79917582852992,10.958367813595213,10.13896698941783,9.280719317177706,10.841180177050983,12.940929027363682,12.279328547118725,10.788568813829459,13.511055872523798,15.955077614558002,16.647952144335484,17.46823479959313
12.442039497068718,12.808300131635646,12.287389804532713,11.317497783880897,10.908696793640738,9.192586112367508,8.40813240229331,4.319354940824376,2.5096461657704268,11.975319456855727,18.574468116432538,20.547785881973166,18.28937234418897,25.289303003704212,22.036271213448487,13.212868838038865,12.33849957468742,15.898068670667685,12.124962927259498,16.452646762775153,12.218137546741277,11.115217257101552,9.246844277051363,11.249870392999751,9.083774035293674,9.80334804976831,11.734062695295407,12.577083548916667,11.444616238889164,12.023860640232964,13.887722434208,16.46663639014469,17.265887786533163,18.892915994677388
11.564468938257768,11.277057384082712,11.188417066968276,9.808841880530668,9.747358590717702,8.652162077989642,7.404586333668481,6.417948104999159,12.330710131376463,21.293847820241286,18.58443776095309,19.688918310720876,27.068453542372882,15.064499998134911,17.44743238306751,18.627931925772796,13.25646348854318,13.599474263970915,14.672567180061767,9.368796781882232,12.280750206126772,9.362115734857193,12.85227790905449,10.539804040789104,12.03601276253093,11.15552689192791,8.861591096008064,11.17414012951398,11.08094153690886,12.806921758616175,14.220833658897588,16.704618574371096,18.57639600584592,19.361294719797694
10.898277536900641,11.007270113039485,10.193992060541449,8.774953463982724,7.576291136584274,12.754607115767186,12.980521574604627,1.6694994815145878,5.592630273991538,12.238935945087047,20.370205642587358,16.600023881477213,19.69094847212413,7.790287019649295,18.956745958554475,11.632688526252892,12.861245935381715,7.753970948696546,13.966181364549493,12.931982492939552,6.5632364335784406,10.640735900221037,12.673801833121189,12.315128920831427,9.4777957961249,11.960517778115799,11.896501939482864,12.499888467525816,12.326418055304973,12.483741261101459,14.84916783486235,15.263176079642516,18.23941217662767,19.967439764578124
9.927679242252914,10.02504503754288,9.955586438837676,9.403032575290283,8.649627327155,6.664502003922555,3.2403143368290137,15.387689043680744,8.714533053866075,9.559889070663159,16.28706692763207,20.938964581818365,16.73965898899199,14.344583939783824,11.480670514535545,16.78623796757512,8.73949331852291,9.801819120423147,4.037748420534167,10.088258482002999,6.973642740931644,10.048794501668384,8.952972452900383,11.42199561630133,7.168737470861693,11.500291870742291,9.33168389061178,11.5603774797688,11.546720818167355,14.580417321759297,14.654977984324823,15.841753544767599,17.148906468079787,19.29492306904903
9.517046769253401,9.571668741547528,9.320305683877653,8.769814568978529,7.950242995974923,5.816997861656698,12.436990493572063,3.8530898061632457,-0.12430850372752819,14.616332250854631,20.80857515917379,21.92463433825798,18.004802876845794,18.092144736512964,11.827488992787073,5.921367593866447,12.988865488722968,3.9556085131886047,8.771795020829595,8.149196059540705,13.977443773899365,9.137459314571714,4.772424697111291,11.465515435355107,7.3740060690423395,10.174254872342086,12.488662045341206,11.021085159851253,12.102900666246049,12.908848905858278,13.829497641090976,15.712148483777762,16.82754283090755,18.271499364185512
10.11003662873348,9.75275468155548,9.185942882218892,9.342497473599652,6.848209196905104,7.713752200293454,13.814640281857187,9.030691799023325,5.331158250240976,14.11716408063784,18.87106153068839,26.504563481339677,15.336348524513449,10.708539099070377,4.520575465972583,6.607961700286795,4.49854027994584,3.123846846667501,8.645316699662658,4.46405904643487,12.151422031166543,12.302649066827366,9.784767484699243,10.112277941862784,10.260096819738234,8.914296043675145,12.280360620696865,11.577717199812493,11.916504601709066,12.610237964287219,13.105328107989484,13.760765921952293,16.0938191557353,17.819507092541485
10.370223247382555,10.34655618004937,11.690194814601336,11.913507594745559,8.35005502238526,7.046055881127937,11.845938575141785,6.612526830860432,13.807006236483007,19.009751088673244,19.97373054292164,17.60291367497036,14.223271857352792,15.690509488893628,11.455636989361645,8.650640361102043,10.798992567277027,9.962183533776546,7.423737431368126,10.758597448024076,11.48676974053798,10.12911961140759,11.845584500485737,13.637522287065634,9.443974387361669,9.76342981006051,9.758196274233642,11.55338787071206,11.538037226628003,11.51055502052569,13.565177663024786,15.087896541258038,14.496306527914376,17.035069432283187
10.70013797476735,9.864903303449683,10.556888241171974,11.765743570105615,10.313990232897918,7.054451998311768,9.74554254018866,10.346193985201374,8.827001128393848,20.98307961176261,15.233211800751944,11.740809645340892,11.945283318147602,8.251460203477842,5.541144599765967,5.441083385961123,6.025368655258303,5.327136066013846,7.430544049083361,9.17232614124992,7.696881487227789,11.886252862479214,10.41976704062921,11.089116950350505,9.122588183436886,10.749594395657898,11.778957917472917,11.688271655650349,11.525082207417835,10.297678418606804,11.460146677449632,13.880644313023364,14.918344655244557,16.96485493128586
12.387158113154557,10.089374471092313,11.206392365587314,11.821040091531,9.233545672858064,10.57359590864888,0.5438214530722255,16.69530484235706,12.889798912229447,14.448509889046862,17.35550932478621,18.89554614645965,12.826687802352083,18.107348172691736,9.069302217417874,12.05697333648536,6.186852264534495,6.8547365597388215,8.673799854895844,9.62461443123469,11.974917260540971,8.25689286018695,11.52904361487417,9.994958495128992,8.24811633832082,10.070027155567074,8.77549939163306,10.0658544141577,9.260007524536075,10.164698154095118,10.700920098604728,10.309777874835328,13.260446372915254,14.121881228180351
11.20955010539211,10.912152415290489,10.693881610612983,11.423187640410932,9.760583057300012,7.949899922222304,4.53380663988143,2.473513302379623,16.684852877409714,11.378288751685243,13.20290369704838,15.663521456488356,16.4312620772201,3.397848763082743,5.961452523655227,6.943173540163232,10.887501022060281,10.224226177266925,11.479040504143017,10.052319333700913,11.738965341585743,13.527874082625914,11.066252572281144,11.679310332631415,9.988418270905518,12.049080086094579,10.459304375902194,10.844549589748237,10.200291566239581,10.998769339317606,10.356659196811817,10.16380620297079,12.659587128187207,14.147831163696257
10.842229242387306,10.423444724399488,10.038968125051404,10.583837183015426,10.403418011580012,7.196387158095868,8.316018177857863,9.921447957937827,17.85127560229973,6.199249270570462,15.379207747378764,15.834554302833128,9.394921975106628,9.80437453146944,10.6609093083503,7.760076579916248,11.630866456129713,11.492891009640362,11.524201316801431,9.96685384213742,11.880355411208548,10.758906085153304,11.214444965516023,10.450781951486295,11.445592765271154,11.045009263237052,10.805728196170342,10.003568608056527,9.423592104441203,10.807715984324938,10.406898402712848,10.41582834228585,11.194842530683218,13.335893002484545
10.425610796480129,10.325981790811085,10.177638117260843,9.793568410288817,10.325877149190784,7.9596328010103505,8.393727032939156,7.34074608951212,14.732162401698282,11.103189734086202,5.771711482689281,7.924028841630413,12.227724622288516,12.562704181650137,8.210313324487046,11.710474901751114,12.828047401138727,14.19479798443148,10.006892676803242,11.578686807981043,10.57555158455723,12.475040875042206,10.135862330174369,10.393611409980064,10.497181169513286,10.625442109457186,8.493902446649852,10.408386041163217,11.18745279282304,10.80599182895634,10.062845301485318,9.914853633829951,11.99259094403042,13.90181049728809
10.90148506813156,10.636134103060055,10.076668655231504,9.839733128979235,10.432140693407728,8.640243648617181,7.939860824284846,12.494105651668878,15.931684792579777,2.9600653128081156,9.846015072284088,7.036175399933705,10.890433156102908,10.269479990049598,12.665433351093132,12.065883996324512,13.575804535136669,11.825624612928953,9.444509822825566,12.331494430923094,11.876428741640527,11.715712829231368,9.909882896866106,9.436523829898384,10.10404273674495,9.323771499771764,10.863756819010565,11.20813478796099,11.06163592039529,11.529153812985736,11.072508218116505,11.416941178423984,11.547418277754868,13.62208615672399
10.86251894814428,10.302263218545926,9.932456882697267,9.681128954063896,9.783100584054777,10.966367915318056,5.714522015171592,9.896367647161027,15.28628684805717,10.448481115211832,7.755108348623844,7.367749270076296,8.148355673683877,11.03001515987693,9.30221852193564,12.790388784495912,15.357858936476724,9.925287048117704,10.90902186197846,12.710366717040218,11.76913593696728,14.708376440363388,12.21049509652032,11.283560558240247,11.597323936077887,10.694844344383418,10.995040221519123,10.25823940398191,10.1803642256548,11.58219268240943,11.509853423323293,12.330733868521397,12.836878503197553,13.731191309526418
