script/wind250m.json
{"header": {"parameterCategory": 2, "parameterNumber": 2, "lo1": 6.000198445256149, "la1": 58.999992894266676, "dx": 0.5, "dy": 0.25, "nx": 22, "ny": 24, "refTime": "2024-03-31T05:00:00.000Z"}, "data":
[rows 0 to 23 of 24, columns 0 to 21 of 22]
0.9771353594019322,-1.5737415705103321,2.31924239445332,-8.393875696134879,3.680834010260134,-4.1642040448377085,4.407860048321044,-8.899737141476875,-3.5980694038356646,-2.727377179752566,7.208929252553331,2.7875928990121204,0.5947478659882645,8.48650497699726,0.594200779162524,5.868268453544385,9.13965447427545,1.1793368696271889,8.997832637424219,3.2924579462514245,0.2406622639464997,2.475021705162457
6.183698369237428,2.48403032809422,-0.09394958933385747,3.8796558113040147,-1.8598460335164708,-0.45073567431186334,4.1668067251713525,-1.3170347323860727,0.7306614641444714,-11.00778849124356,2.811906634610535,-1.7327797399122047,1.1295169321488396,3.082480390889683,-0.4467044979592311,0.5982285338225277,-3.1026622438383815,3.2390215627096928,5.323925385621412,1.7557861323725372,2.2563898825604793,-10.12691230468931
-2.1508179130248917,0.1271915854401695,-7.002846391586839,8.23727803338084,1.1872124283224281,-0.4837293504091185,-1.5412285327542623,4.920138234189779,-1.4854738690524882,2.8902525486281982,-3.2313710178339314,2.0644045635656556,-13.012633240990096,-0.07190164361219435,1.1600392412438612,-10.27126692031128,-2.484830152693536,0.5763935313366466,4.503801615378997,-2.2525633504599942,6.951654763323693,6.8289234036886635
8.020621190450695,-2.4628119077561714,1.4738888162085466,3.745391452936747,-3.4161714535878653,-0.010299712865588779,-8.632148772454714,7.041517112096754,7.328817716982669,1.7147420161896867,6.49115441844393,7.368319995565656,-8.353425545688754,-12.30097480393249,-1.5388282689780002,-2.4247124967112454,1.5984392292336056,-4.099111070927139,-3.8052983684067097,2.252385756428854,-7.827211415593281,-12.509051782096853
6.330547043501746,5.373411635881485,-8.93693836217432,0.5478217874182716,-2.423019587526467,-4.802149365925959,3.3533774301036403,-13.305921185183728,7.246313359577454,-0.6918795600913341,1.5183117395393366,-0.5418906807329154,1.8715164882160076,-8.59937274184465,-10.066258111719874,6.2267107999810225,0.8821520282107983,3.1411549790881566,1.1477802864091855,8.07292287758167,-3.7628260994547538,-6.288432348792676
5.9953425212431695,3.9071100479283305,-8.685168917319855,3.269904258265285,-0.5061190259004433,-2.521803260679891,-2.0179883858291006,0.1751877993766995,-3.7070964257338557,-2.674416472362948,1.8590398782507904,-0.5607254417419675,-2.604293437325731,4.870446134732644,2.1825641318173785,-6.050603958439616,-9.929077776277094,1.89726343271531,3.7004073929694568,-9.065070698455367,4.989664784884045,-11.297600005838408
-4.029281605135409,1.0498795362263784,-3.8701777316953403,-2.106484893191251,2.1427646226202626,-9.44918460508812,0.08382148745656309,2.103591692334993,2.3362540500554787,1.83954725981526,-11.81332131333054,0.736065433655096,0.48244037480982055,9.189208629957095,0.9549139383357386,4.72157170430393,-9.732506819053436,2.335857138313978,10.84962674065971,1.0181366693268823,6.162304352587554,-1.513191131360665
10.379381385984749,-4.884217417449225,3.7244524945208424,-0.09030849038793515,7.736965631409661,2.4253921353644747,-9.568558982768415,-0.8619970060657699,-0.6869632328584305,3.88609076460096,0.2238706104104988,3.822598465384854,-0.3320193227787076,-6.189587651067513,-1.173586940500943,-3.5217305877325327,2.32274202875804,-0.07198925962519992,-8.757383518149945,-3.3018145027641523,-3.0520311904949735,-1.6093299336822895
2.443094407609696,3.2981574507663285,3.90104345469992,5.814466219520573,-11.638297494004387,3.209768385636645,-0.4947421520552302,-3.965965183404354,-0.686709164690474,-1.4839843901775838,4.2796254590656915,-0.7133868465577008,3.5581069806013246,-2.0346442838000733,5.406741165580027,-2.8209015010775174,-1.428843718351395,2.551119881958023,4.857961831771298,-1.2878429709786312,0.7844316309707138,2.6653554769004018
8.10661147560832,3.607542310598136,0.40613774922815477,-3.0864151848076373,-2.6469420651935462,5.5845227476997055,2.202482788544825,4.000560667662094,0.06272404500184219,-1.2631435490312983,-6.721834140475405,0.4150424966572603,9.922491327802199,-2.0482735798148424,0.24330608316710645,5.737483059825452,2.601191212082203,3.3705080755184214,0.05931453328866103,-10.343562567088625,6.893866345005061,-1.89508356350183
8.770482850244182,8.743590951578328,1.471389472795037,1.7683922423050176,-1.3114276048259756,7.477190113632393,-7.421514045833323,0.7970117310576422,0.5122244179650879,-10.81435720065951,0.7870859483357432,2.3131064408794457,-8.119213682777342,4.2402125497046645,-0.17226701176243453,-13.054344082428772,1.8248394554607377,-8.466379756869568,-4.380749350805864,-3.652420077129875,1.8478034585539098,0.753748996134715
-4.3592662607697354,-3.6248803182489553,-3.9939285382745626,5.772180702139965,-9.816689694448932,-0.14795781106614672,-4.368952133187113,7.660633886746569,-1.1000473478708235,4.378765338585978,1.2122728875540485,-0.20798121620107973,-4.124565197107931,1.9720487376162235,2.960751821529266,-6.015216838458482,1.3747377992535048,6.11381150157884,3.0566119920378703,-2.221198081284522,1.1143766498854908,-3.684706869562581
-11.088864541314972,5.435410868040487,4.968715548730956,0.336951694232572,-9.517179012741181,-9.901658999130127,4.835841326228137,-4.595896045362698,0.6503906552289986,-2.4243363378769316,5.118684404217088,1.1550494140663061,-0.8858505880451146,-1.866921314003589,-2.7535018398202054,-0.05822922297037575,2.588875208750228,1.2027356079341,-1.45120267526323,-1.155098129756369,0.010651645388803716,6.166910427625042
-1.0291226429398206,-4.289643790325727,-0.8148108689296345,-1.1203325193891003,5.145037595265432,-2.3749147418219176,-0.46493273674201696,-0.09125826494298182,7.018236132521764,1.419116223698854,-10.693099386578693,-11.117643880343566,1.6910377861762522,-4.382145384912533,4.436958058589687,-9.564269130441799,-3.25890775409651,0.8832775376959041,0.3331769957507741,0.36727973774855605,4.21902732686935,-2.355056423222814
-4.89409128971607,-1.2318763791521559,-1.8282914797087013,2.0375171233300047,-0.12003637534939106,-1.232383671850124,1.62322910589953,1.3943797042768706,9.785530914024845,-5.762289360573613,2.8373150227639754,2.0618268935274804,-0.8592091838770252,-0.935462730416997,-9.89191740971219,8.500345317224982,7.3067665583633525,-8.193853378733145,-0.009658557052931723,-1.3763181597671479,-0.23640065557723622,-4.209379401438221
-1.0808539450250334,-1.2723951206978097,0.0869494776511881,2.4174869350639416,5.586142401429353,-8.559658197327312,5.846585728640831,0.8491132801415079,-12.673391783610857,-3.1647644434801636,0.5323424527827073,4.459879478764262,-10.320219804528138,-3.952248211844008,-4.222769852939297,5.89283635336255,-4.142149109726075,1.5903772009039276,-1.2780875752955063,5.66771116964359,-0.7577232664003931,-8.959067894964141
1.3742099373960814,7.874192108177555,-0.2555047732594857,-2.7424499737282595,-5.413307233201277,-3.1140478531734854,0.9321965365159302,1.7300981960635313,-0.12953831460542198,-7.63920587657053,7.2905730501826245,1.3782616120085158,8.047365719649173,-5.337849442206179,-5.247100050709911,7.609508431338577,7.433931477195504,-10.304792228208237,-3.5338315620455303,-2.0438690760483516,8.785019586102054,-3.5135601340906444
0.5317911396137546,6.340628525401528,4.656283954470169,6.405416990673998,-6.902583280839286,-8.762925050589532,5.49878822510819,2.5247986419700235,-3.277523656474025,-3.0254385932101453,-1.380439502669442,-10.352217478423642,-0.8118005980591687,7.546543211117036,3.735802269403189,7.936699055826545,1.5181247022184978,2.6634145929631323,4.55671819701714,-3.017440661076094,2.4475190199123023,3.549027504525822
0.07074138643541228,-1.6875410351123714,3.761105736387097,7.214839095081758,-0.7620012788897588,-2.1269884349583728,-0.9329704382901058,2.1524549924100813,-1.964424532019214,5.070819570275141,-3.706515793100922,-2.229003332527332,-11.062049695943173,1.441136462222847,2.323914096984152,5.483749144431604,-0.4670995712069509,2.0337748797034463,-9.233185574516595,-10.415677182779143,1.9306941026100688,-1.6876031185829021
-1.1955309573645265,-1.9233864017451938,6.331762502532453,-1.2659004348593106,-1.2915332555119279,-0.4335445957595069,2.052038932294613,1.9509662086740638,4.721086905646904,-9.669541450622027,6.718812054208089,0.5857473933228305,6.528097377834065,6.149890094381789,5.225103924806846,7.680283499354847,5.216150702349521,0.6327688169075499,-9.56512847843954,1.992901238735016,1.9245402758090018,-1.3552699821060785
4.201899436570063,6.398069088333866,2.0557749284884617,-8.088074313727375,0.31732814493866823,1.5618715757609865,3.3246771944397358,0.9056004536064278,3.36822251145521,-1.100404096730977,8.315940430510421,-6.973805875927306,-1.2308518275990505,-6.942701495001024,3.22022539077602,2.231310233279291,0.9489034641417354,-10.203889996224234,-4.188142613884717,7.6386488958367815,-2.8359315282381177,1.763813591797045
2.83894427386381,-0.6172161100611621,0.5071715563089504,-1.6439674295611941,8.524501018024312,7.849966950256986,4.245532315621664,7.806809757825418,-7.427145645549356,-1.8433088863067812,1.5106776620440974,-1.0947263464520665,3.8792443492458566,7.980394101091572,-0.7650535175133,-0.54097289025686,-0.4277478776096003,0.32711822407217783,1.2680757441776982,0.6678785728983329,4.021370491866097,-9.200080856962932
6.747146508989398,8.808754655963462,6.336761158274704,-1.1196656069000899,1.7934806191905186,-1.7473467604777828,2.672829857618764,3.8701327927664804,6.605347165345872,-2.3475623575981164,-0.5056759656813459,2.2831060846523963,1.4304334343292973,0.5581579931413523,-0.7520020913730023,2.78923846181003,-0.05347533873431585,5.63149237178274,-3.5581791773494786,-4.591389042548252,-6.365962777741349,-3.1010205416853194
-0.1014420278361703,2.105664612694825,7.278792275460756,-13.427174306996987,-2.00258970663603,-3.0454307425059968,-1.019004419632863,-3.1719113126421896,8.98530884342387,-9.496112540858238,0.6882422127830199,-6.062651225003315,-2.0557784655698077,-11.512199614195383,6.023881480231672,-5.225062462298396,8.571077339305258,-6.911357423600346,-0.6541015867725448,-9.52202783448689,-2.383767575894484,-0.058813537605644284
