script/wind10m.json
{"header": {"parameterCategory": 2, "parameterNumber": 2, "lo1": 6.000027932988019, "la1": 58.9999434238085, "dx": 0.5, "dy": 0.25, "nx": 22, "ny": 24, "refTime": "2024-06-14T09:00:00.000Z"}, "data":
[rows 0 to 23 of 24, columns 0 to 21 of 22]
-3.4006582287947658,-7.429914164653237,-6.096105931046366,-2.4843112302587045,-1.0525899229573663,-0.8005651082933075,-0.6810413810479954,-0.6958588066098313,0.2429560933185943,1.2823626775810097,2.0783287166620825,-0.42161710293280563,-0.49198010141928006,0.3976087081122145,1.8310374738484159,1.5295024050248966,1.2208883893128313,0.7563723181841099,0.8159589934343638,0.12420294003557716,0.796686591530077,1.146267748015273
-4.041998631016775,-4.048738815917997,-2.0838613158109287,-1.5724796828705945,-2.433184834461775,-1.4896745303370125,-1.2884972373513517,-1.7937598200574016,-0.9170596022760905,0.33362449089904206,1.497605591487605,0.8066586594677772,0.5850203828304146,-0.385747884872114,1.0004833254495495,3.21977107750349,0.6528359706725239,-0.16910093791100272,1.9010925550274214,1.0612569810388017,1.0547016394392517,1.065774418856442
-2.370065531203856,-1.3244766076411951,-1.7143245205033075,-2.3244596442303664,-2.3160234307005774,-2.025287284218704,-2.936024608964858,-2.539876875094389,-2.133780697489321,-1.1905047198848224,-0.3092200871395446,0.09773546056845574,0.5050357247558783,-0.3853794271359593,0.004564916871344665,0.8794984708559559,0.5735296494328781,2.069250606038779,2.5891689555641646,1.1297986071080486,1.6996641299726971,1.164563825045518
-8.422453850215335,-3.1614204340010224,-2.1673478843871474,-1.4693950268782887,-1.9928114083591282,-3.55186834166166,-3.5924043462143698,-3.5086929842103256,-2.2333474341951756,-2.1210982903791575,-1.7379742130216265,-0.5367737373749027,0.35925532566819623,0.018415532997782518,-0.4101801072424278,-0.0589035258675373,1.15313185771772,1.489418426122644,1.0290001444944186,1.3906889289910567,1.5873605300105946,1.0229929024842905
-7.847427928277727,-7.656448278951452,-4.743459385287597,-3.1526904592068905,-5.881744015835992,-4.364548885290405,-3.7515976293758686,-3.774590471207053,-2.2817732751642543,-2.1914785060952977,-3.446423498269889,1.1856805147057086,-0.40845381753431,-0.1611008670872486,-0.3959385322569104,-0.056601238733980555,0.29596379493688657,0.9889807381011627,1.5129077500921388,1.1293850288074687,1.2972984593441625,1.2479863268416587
-7.971760405356731,-7.544881094295562,-6.036199363127249,-5.546096120528715,-5.406582095315728,-5.435138666565354,-4.605948747445736,-5.5470146876480895,-4.862512923805126,-2.9568745886412704,-2.9445924498234297,-1.4873019825745666,-0.7318667184885124,-0.37953395734488377,-0.5849259914487777,0.08508891090509188,0.18107829775045106,0.7348797849507078,0.96177483529238,1.101149827740663,1.0684104171025457,0.6299208939510926
-6.336907193706882,-6.3664862361282015,-5.65076562770914,-4.984284914722522,-5.102164552646936,-6.317021354467851,-6.824764216702485,-6.020827963277581,-3.5874536362151876,-8.07582603906789,-5.316150609374534,-3.4755006135914517,-0.7616837129708653,0.09768347535461289,-0.06679100891899342,-0.16240206674240668,-0.15983754175271073,0.7569314157730966,0.9066535201912358,1.1806815543304339,0.7857397589581866,0.5777744985483935
-5.949451665474429,-5.998367502503707,-6.567452627256674,-5.2129269642809435,-4.766748569361186,-5.274027941829557,-4.965408788112442,-3.2027562367060782,-1.6903225328901148,-3.489930287872429,-3.028821539925845,-5.325770570728163,-4.165563841812341,-0.3630242061847302,0.5421598792562252,-0.1318402014857759,-0.3781918991887974,0.5625786666804362,0.7642788399523579,0.8555126027115282,0.49774546680364906,-1.274120945874859
-6.258774604684009,-6.22883965929344,-6.7423923117688025,-5.610732640339454,-4.193391401261067,-1.7816942661460993,-3.906164000701033,-2.872781147386674,-1.6976882533194835,-4.572189275639659,-6.508882413702451,-6.174571830600921,-4.33413152939173,-1.4416987037659368,0.23580799686554607,-0.14240497232960558,0.005275394960832714,0.34691070872821517,0.8452938741945768,0.8730781225610391,0.5418447581690997,-1.002604450392825
-6.505233679757157,-6.538105173846707,-7.050469116639172,-5.580655238487101,-4.5842492460601845,-3.3262802517976575,-2.595821205997745,-2.6965014758209493,-2.175705865996532,-5.082820335641516,-5.357971846474439,-6.169305866896558,-5.769000691502503,-3.290574012766478,-0.34973785202483365,0.043660937460719786,-0.009372177785748649,0.46750306338912323,0.9461809652574359,0.8546516439978842,0.9432941706545372,2.3381791767358098
-5.098521543485263,-5.637091483557092,-5.145535863051527,-4.955037353600865,-4.177741918512712,-2.728729681744155,-2.12428060274967,-2.699895038767014,-2.8138555194969057,-2.186032939982381,-4.121127288351669,-7.172263789686485,-6.970588574412872,-4.831694927590729,-1.9235353506065798,-0.730469366192552,0.025812446307369397,0.2844479838871803,0.2793084395594744,0.7889346210747593,0.11992984683033121,2.2728607956816766
-5.345635028240514,-4.372242776145384,-4.169455924128219,-5.44330346808661,-3.9369856111051162,-2.479475629922023,-2.9233126279635533,-2.299576727335601,-3.142659382110188,-1.454308791899362,-2.7138879224935946,-5.814561535967387,-5.643284193582399,-2.5946334838118,-1.6164893016642259,-0.8843822344447706,-0.4709351117599758,-0.08073991445893833,0.3941241034870537,0.1962429181839081,-0.9973036507258929,-1.223608403504518
-6.0965964608963805,-5.266522455747087,-4.505056889879592,-4.725103499571292,-4.596695596443837,-3.1405759969296505,-2.427398786585191,-2.7683967637538167,-2.5476951967264676,-2.275503098759736,-1.7988703619026187,-4.3161564381906,-2.3095640708057505,-2.27059462240558,-1.4981267600790917,-0.5604791904105819,-0.29517362676316783,-2.5429693096397608,-0.6613901061050546,1.2614825996554793,-2.9556177809677933,-2.434226352039739
-6.3948225236957486,-4.093976301200271,-5.055924568908547,-4.846030038227544,-3.7320965856712776,-2.3709060741743437,-0.9454381007869223,-2.362848721309294,-1.915436368541885,-4.866334894184656,-1.6659646885698634,-2.667408551344708,-2.738167848324561,-0.9575851853968151,-1.0668334034601847,-0.8567668420293578,0.030582068970980366,-0.29929945011122905,-0.7990453369976548,0.6686581229703528,0.6700359849429001,0.5147517946875578
-4.205400901845119,-4.146916416890691,-3.151052452865755,-3.837346672815553,-5.000633706056381,-2.3295791063591516,-2.3136586345749737,-2.592212509726317,-1.9735599915304798,-3.3512763244361,-3.5094539142369174,-3.3765829396923643,-1.5118360502229973,-2.006626573881605,-1.4483289314060448,-1.1804857459460865,-0.21955299410776938,-0.19486145191719811,-1.9836328937364138,0.4701023713145162,0.3405562424267244,-0.014229848892179637
-3.546326818244099,-3.560573772205534,-2.784792859630686,-2.4385189702030554,-4.571604732628738,-3.4535499623886263,-2.627800233480965,-1.6195580191113734,-2.6656671685015274,-3.332763150367101,-6.090428949637409,-4.213013555588552,-2.8440351401053072,-2.533223964152174,-2.987182114536578,-2.7487133819884737,-2.556334479544229,-1.3636638844175677,-0.7675268415797825,-0.6443297680778985,0.22310578768914968,-0.8557531126458348
-3.6170586146900385,-3.2731548360992377,-2.007400997426568,-2.69145986758158,-4.654376319697662,-4.587885629959862,-1.5630756676353545,-1.0390100273934098,-2.503871651232363,-2.6164380145170583,-4.659216646047007,-5.226161183048294,-3.6373000318212796,-1.971906029579414,-0.7914581522943324,-2.3405425326507054,-1.9616476309778612,-1.8249740556746812,-0.7140421582167723,-0.9480671913460048,-0.45378329574507564,-1.1894256028641117
-4.570144552699403,-2.1109610756417925,-1.4697307593921736,-2.6812419990726153,-4.727396737077307,-2.4793866019058988,-1.2343184034347694,-0.620325687445596,-2.4830866348582266,-3.5817764968849075,-5.973688060506128,-3.2709540408189683,-5.195059304305479,-5.794294194556016,-1.2141926919110133,1.0063288659299277,0.10486225023869739,-1.3930208482464776,-1.6548112432360684,-1.542605192379101,-1.0314815782656634,-1.2991216366924672
-2.8431578439076626,-2.399771462092175,-1.421889266642886,-1.9786550402021026,-2.6479850763180295,-3.076311617993559,-1.4153658347569196,0.19370997138795046,-0.0022896420644683956,-1.864200629614683,-3.8253262648012587,-5.287209667075161,-8.336493014482413,-6.998867028063695,-3.939728859386835,-0.31951898137319024,1.6527108820404337,-0.4435135526520958,-1.2708899485684562,-0.5877964511670747,-0.6164593684630877,-0.09499223506445494
-1.5680894486015373,-3.073984226793649,-1.9486829726869055,-1.6919458970826537,-2.2690636485712394,-2.994283895453458,-1.0259723088044592,-0.22311029673849775,0.02293040608284572,-0.7394874504593439,-0.8470263519440838,-3.7015740946203155,-4.844483324490406,-4.183888862005736,-2.6620811260705532,-1.7485823970322911,0.41825779664872337,0.7421775519041379,-1.087173814423328,-0.3237767786146995,0.11940390927452471,0.3100291675484142
-2.819647390152558,-2.763237260950117,-1.8890629616046621,-2.108298843948611,-1.843226844691924,-1.990523763520724,-1.1107858179192556,0.5470531948263182,0.39549317565556846,-0.4904468985790788,0.2504688390086782,-1.7539112293248,-2.0170583563660114,-3.5138861347473695,-2.9041105782014345,-2.255792559058675,-0.6048277947848136,0.08561389887699758,-0.23279071676541607,-0.41974682887051107,-0.02333015814766531,-0.15662903977211853
1.6624856536274049,-3.3254942362230495,-3.1749731848087013,-2.233137207431791,-0.32376614125693054,-0.43792031658851543,0.016018091057801092,0.17605356020480217,1.5921048191196128,1.102227515875646,0.14342943264866498,-0.5286211572448267,-1.1647700363333324,-2.3306267185428298,-2.845480125863235,-2.504375093631867,-1.6811364784998144,-1.0730331180898431,0.12860975508126404,-0.4707023345108487,-0.18029869803064205,-0.2879629766040698
1.3753775004422124,-2.0350409656456265,-2.0256392538899064,-1.3947335333715534,0.044641137295585984,-0.5034510982608559,0.7582206432949706,1.4436908228608187,1.5386843451363468,-0.27935845027231687,-0.8644917160262499,-0.39534179332239866,-0.25986842694075896,-1.121558501201646,-2.5799336111085105,-2.2968146575026496,-1.254904755102589,-0.714247074121002,-0.46864234261084753,-0.4596988794649474,-0.036854929896644316,-0.5903286443931524
0.8962460474195547,-0.8353732350199108,-1.449946088897124,-2.0797102708240955,-0.7285802837556092,-0.695162876017146,0.07500788566959697,0.2515532472897692,1.1585471682313881,0.7076769937632216,-0.0002834139806151887,-0.4083889426002617,-0.4801029280577925,-0.9786780187413407,-1.5055815716277101,-1.6738966055355513,-1.981955386971298,-0.7877278046021987,-0.6428373427166378,-0.7397098778814097,-0.511842557085886,-0.6894629675770994
