script/wind150m.json
{"header": {"parameterCategory": 2, "parameterNumber": 3, "lo1": 3.000054539987559, "la1": 64.9999836372058, "dx": 0.5, "dy": 0.25, "nx": 34, "ny": 52, "refTime": "2026-01-02T07:00:00.000Z"}, "data":
[rows 0 to 23 of 52, columns 0 to 33 of 34]
-6.789173734670065,-6.867363915378711,-9.509763297283428,-10.56254771893256,-11.15562924174814,-12.917210945663202,-10.133417341946712,-9.24592851495078,-8.213932156326294,-7.93744348732202,-9.530766670968905,-8.836679028860535,-6.439411217494288,-1.546490930489358,-0.12722071341025384,1.9001207038623742,-0.7432038554970384,-1.276054420683534,-0.7257607860281049,2.3854302758291754,-0.7185713877471673,-0.47076242970918475,-1.690502108402939,-4.622901403871962,0.05597485741217303,-4.176964257858106,-5.365617996865052,-5.908820498006797,-5.028878563010594,-5.125137955567292,-6.242883315019365,-5.385269657740719,-7.426468869717883,-5.3650111034044565
-7.393211694484142,-9.083331777665574,-9.957896763456215,-11.36860121533306,-12.055070205850642,-11.363871915659265,-11.587461845702284,-10.48084670931495,-8.688451304799308,-10.50730459575845,-10.225796905008501,-8.213748585192622,-3.2572149849188543,-2.7350428246863703,-0.4901806202592077,0.9953192899779483,-1.1221386996038225,-1.6100425998922272,4.478490361171071,-0.9633168501703663,-0.6093356497626435,-1.0144692832557585,-4.0309581301807365,-0.5973675306447248,-1.6417946953638969,-5.326839667123425,-5.203877910682238,-3.0884404093523274,-7.077672649484296,-6.289947370310163,-6.02429576746843,-5.658691033398885,-6.470428166891747,-8.134179521056481
-7.308552490324226,-13.080684277418593,-10.423262037655967,-11.903246758173522,-12.392444298746401,-10.792728584050678,-12.17064488782385,-11.397846008599794,-11.357894949922125,-12.5524004638795,-11.026480514425268,-5.517299678825913,-5.077170794777446,-3.0865588380647306,-0.8363309020496335,-0.020484601723316804,0.13920827705183747,1.0454689240128872,-3.653843618316873,-1.8134809011751034,-0.5022113810224779,-1.685293148650618,0.6983792421564041,-3.0541896169970215,-4.862880699886162,-4.839162557812246,-4.772310557051141,-5.826059770357589,-5.781040835637674,-7.518464220901996,-6.505749604103615,-6.516625116915706,-5.532514129093347,-6.451607758407232
-8.30815882565489,-12.41433804511167,-11.167861875189026,-12.206580760118507,-12.402153880708218,-13.120723465791848,-12.075570045787945,-11.075799121300497,-11.402244105692748,-10.463409502932437,-7.54251195361576,-6.330077016718779,-4.706431247247979,-2.195392694589946,-1.194147105063073,1.931681037558522,-0.679755965108779,-0.7062642002289455,1.408257429679176,-0.40828600049259656,2.7252921702720934,0.716256718772568,-2.1402125998914685,-2.3247069748252676,-2.8587911473432297,-4.546091520799197,-4.373055286100039,-5.4611349760017225,-6.542969296991227,-6.069639898570837,-7.251373428068428,-6.62099822997982,-7.531457613229461,-7.636223143015403
-6.595301199463944,-7.751042304731726,-10.648154001628884,-12.563234452593946,-13.306804389823327,-13.820616486547461,-13.084913913896726,-11.153701369229825,-11.784250615905655,-9.744359294869456,-8.732971042516995,-7.042235758422327,-3.888883569389255,-1.3906426235628797,0.7957393467124095,0.3336792681141306,-1.778291172606735,-3.2018551197280902,-1.246362938259674,1.6710536566078502,3.501959013289273,-0.8189911369302604,-1.247852184192822,-5.665421581001195,-5.741458286008976,-4.595071611801552,-5.6753288905495705,-6.099859521930618,-7.681109689577206,-5.399493744306562,-7.731600473585113,-8.300660575370896,-7.039620452275474,-6.62369222948808
-8.86232891834899,-10.107350257319762,-11.140421330759706,-13.222207607022979,-15.082845031046439,-14.41201921893022,-12.900442578639105,-10.776176193872315,-10.716203725132727,-9.673197571850626,-7.5358949777578506,-6.075214677058314,-2.8484097019256556,-1.0315650602921316,-1.7201435504544054,-2.544996187531817,-2.8216259077447754,-0.9043903730046244,2.6348227265731037,1.6665786106119482,0.25144538172268033,-3.321599033549252,-3.5977063976122947,-4.0138197224754455,-4.816688352403889,-5.712634489939595,-5.690427280611444,-5.592469768211487,-6.809218918812984,-6.460238182213195,-6.905847844566265,-6.630760893588595,-6.7103674771743815,-6.912115994535328
-8.064091810727883,-11.127495549903431,-12.550857416067045,-13.853646390677554,-15.67181154116392,-12.550977659949428,-11.299500930871623,-10.350726711958078,-8.748861190273312,-7.0540652902741865,-2.781587042454316,-3.9764172686380994,-4.158401197591132,-1.1280241489021878,-2.6200651887158406,-2.4066978865716293,-0.5921669028135101,5.723933546608807,1.0012404042305683,0.7170833023081115,0.2486081603334056,-1.5762528614359022,-4.458358795960101,-5.619756297597157,-6.057550160443257,-4.882977852758908,-5.232430421742004,-5.304820060683009,-5.096782546842811,-4.846380017335244,-4.427398544664777,-6.049626412018908,-6.474439377465524,-7.620128980358799
-11.028888062319881,-11.847001489232627,-14.896019942837404,-14.01716226559669,-14.327818476507149,-13.216520560501614,-12.672634651494487,-8.977547266634188,-0.7697055581243374,-2.4788356087095695,0.3567410338479554,-3.044851264178264,-0.946412193293776,-3.154579378124926,-1.7320660003463737,-0.21275970952793913,0.1744592524492917,-1.5741761240553256,-0.42108020547660185,-0.6194057735181852,-1.1932829540075884,-2.455810840329241,-3.4703539848259175,-4.790676579972517,-3.6229883982393996,-5.195888696113803,-6.231019120154355,-6.690652153584026,-5.429479573747442,-6.367368494099048,-7.027949896245345,-7.215031648357183,-8.313914309834349,-7.249438730416726
-6.832309854408245,-12.19738822341058,-13.240551232954743,-14.699986562573866,-16.944173868510436,-13.274735517440062,-16.25618707018488,0.9979961456063445,1.1960760285637506,0.8968485935853945,-1.163620840354811,-5.302853214993783,-0.4579378482776439,-1.676962687063947,-2.1747143311852284,-0.5070322732477293,0.5595307634376696,1.7725053820978756,1.2750275673479374,0.6731470256791993,-3.0264954898266425,-5.963140376128488,-6.51826474276107,-5.2887736678382,-6.101313171645751,-6.815146271726414,-6.4420733016529494,-4.630068049616717,-5.775622840980759,-6.521204188303446,-7.9757986910240195,-8.942308171260732,-7.425268255886852,-6.509095822646109
-11.446454790559608,-12.924771387265652,-14.056587198869453,-15.182493057288875,-14.78689548854234,-13.977856343167602,-14.670512304127607,0.08759100691690136,0.6440421011543603,-1.404697779450212,-1.6048651378657293,-2.1089564564861023,-6.684499764149698,-4.649975791008808,-4.591613347238184,-3.558415846635346,-0.5360800305107818,0.03806505006239641,-3.438935486995003,-5.858802308088612,-5.38303150277091,-3.0197421410940235,-8.279859077993029,-6.572578452427517,-6.351901325810139,-7.3830160242142755,-6.397274589501962,-9.1968902844102,-7.431720527964853,-7.932779383712998,-7.4336737386264256,-8.228912923392596,-7.434381652430142,-6.852224388049887
-12.151615806681159,-13.041177284321407,-12.877803430944052,-13.486959776377756,-13.849877825464384,-0.7574419859591632,-0.5395742550088886,-0.3434749523686975,-2.5775210060910014,0.6001182896591981,-6.486454316478891,-2.6241962403669628,-3.1674368114031846,-7.3381177511263616,-6.997609904029479,-3.4504329903357633,-2.796602310796963,-2.9921704962987103,-7.130130241599577,-4.817637499278827,-6.189899669369511,-6.484009105827542,-9.946586079495127,-7.967452665406846,-9.749710592848851,-7.0947431513347805,-5.814751844675617,-8.117117079579977,-6.857712552921843,-7.446535914750157,-9.358805273146423,-8.198027192164465,-7.250891418262002,-6.4533283748776515
-10.214040647774306,-12.773285263492525,-13.640854116182686,-13.433633836525384,-3.113688866506285,-1.3586028651592237,-5.004398925377696,-4.2661183442840995,-3.3775331562167943,-8.956185629189372,-0.8593981066858826,-16.931683678455475,-11.396598676848173,-11.344369083184693,-9.58803542687746,-4.515923990139903,-3.867172919560493,-7.909656949900239,-7.7613797442701244,-6.952203798266663,-7.619125285739154,-10.757158578777753,-7.8312792828868325,-8.759621753381547,-8.566223677132749,-7.909369184830972,-8.019170711326819,-8.686810448924145,-8.627674147803244,-9.609911748598925,-9.27361281142399,-8.34321629434437,-7.7611811534889155,-6.631112803614539
-13.334317464922664,-13.521622895493069,-13.858670254732736,-4.581782411208668,-5.843332216285432,-2.64012280729405,-7.850140513812949,-7.931503686620377,-9.703726284627532,-7.105283366446078,-21.565323901770192,-13.836605004729513,-10.71211835922167,-8.683753915998153,-6.453334021967343,-6.274489270101076,-7.254738642046691,-8.927693175734635,-7.395186380220354,-9.612660184407092,-8.339322084984664,-7.997806378975264,-9.322413762524905,-7.695348265643941,-8.900734114567907,-7.567453893908485,-7.10936647103781,-8.330602682730001,-7.733954255476833,-10.764254523566935,-9.474844473554128,-8.624527943320844,-7.644351749996528,-6.301584258950518
-13.48121783972508,-12.751253620422196,-13.010711246215317,-8.67678000962747,-6.344472689020467,-13.748015840784396,-9.667278191217907,-7.33870604392113,1.532909524445072,-11.849299676553123,-8.828777552243936,-12.400572231702322,-8.870362999537216,-3.5963078858823243,-11.1464906552616,-6.0067443605177475,-9.26482890054554,-8.629950364843037,-10.579685724820592,-7.364406862668309,-6.244993201449776,-9.091051740343351,-8.836786751804297,-8.177035870769457,-7.999646060337049,-8.814297691469438,-7.972289324567355,-7.911728888949831,-8.908774600650258,-10.892293072524174,-10.151021156438388,-8.545455528341217,-7.3410586640700215,-6.38866110228888
-13.20260702849879,-10.287207898258401,-11.655695080704728,-9.977603660642728,-7.629121094297302,-5.414403935982352,-5.229954702094714,-10.888750388822293,-22.163546277552495,-19.227548330874296,-17.528218214608945,-18.31902430296108,-12.232422359800221,-6.8543024741106695,-7.936171406223647,-8.682110376960017,-8.550620340985088,-7.282261148291123,-10.480406047548211,-10.364270203866512,-9.47379529549284,-6.673134678640176,-8.48896822394409,-8.148386345833766,-8.240636253671845,-8.349947923287248,-8.543997446493357,-8.97171321632912,-9.92881927833394,-11.754899309822692,-9.841927637374837,-8.612507357755842,-7.164272953509822,-5.596853980656727
-11.551257585742839,-10.478145330891909,-11.40409458622602,-13.266999170624683,-7.625190858523212,-7.960441951115427,-17.54162524698007,-7.948253217373312,-4.973198339164418,-6.052497586864631,-5.344456554587564,-5.916238950683961,-17.315606066536734,-12.421818006313499,-6.9109512890777935,-11.425143280594924,-12.67430891203607,-6.801420413627352,-6.926302605917766,-7.979499780830378,-9.236969911577438,-7.912284688011586,-5.5753929023948405,-8.358636351662158,-9.842697339385344,-9.280397501383755,-9.30024031024432,-9.04115477758347,-9.434307845028984,-10.854097227141539,-8.464910885321826,-6.289980194060857,-4.835600376579685,-4.1948470613945785
-11.604366611852974,-11.0192769159987,-13.358647423722369,-13.179255327020176,-8.785918477644024,-7.984660095100365,-14.976914157384474,-10.433276544594834,-7.268316982206893,-5.637758363010995,-5.764869147387964,-15.35563263097765,-9.183474067718024,-9.54373506830826,-8.886085433136731,-4.255887811925995,-13.060754929307995,-9.853057746337651,-10.011976240881253,-9.728816207295989,-8.763789371304071,-9.026242146208874,-9.290421041584654,-8.302609527245705,-9.770323854048645,-10.002713622288281,-11.302318441935334,-9.51958721512155,-8.873954583628324,-8.023797556461965,-6.098207975258397,-5.0157241987990515,-3.6473261286748886,-2.8591471281106338
-10.637879644537373,-13.963190540984607,-15.951130911757467,-15.893615241892723,-9.123617575655619,-8.522617229773072,-9.310193405277882,-7.0701192503059955,-12.266744795634546,-9.559446775576125,-9.264116165374066,-11.6824124910125,-9.377317752791205,-9.470602749017273,-8.218426624883408,-7.2858295598285565,-5.456773695138806,-9.213176344950622,-10.62020014708328,-9.667446223032236,-9.786876289297702,-8.06716046090984,-9.471337771340865,-11.275589602979307,-9.68986042437148,-10.907042753994775,-9.039946446613675,-7.206762374685616,-7.239279958133938,-7.596255872536899,-6.515729972338183,-4.7843292002395845,-3.501051824961385,-2.559897453101521
-11.484372898098782,-15.095331295853942,-16.365005709011925,-13.661956128403002,-10.174551530313419,-5.925611038356667,-13.602290470538408,-8.468861494676128,-4.726281865089199,-16.940860015588065,-11.247243779523055,-9.715850673621732,-9.295620883417392,-10.65838252567918,-7.205994091723743,-12.190855398642984,-12.039812838431077,-10.976546293672442,-11.213882481663937,-9.398820164126274,-10.298279206804377,-11.455145433619666,-9.651436106948879,-10.284106904006533,-9.971493329911574,-9.638713903201799,-9.33228132346414,-8.92332321117399,-8.154713534179788,-6.642594190108048,-6.539734653747263,-5.434266831786778,-4.315583826839325,-2.5452010764904407
-13.461964800891838,-15.77215662796436,-16.7419699354391,-16.79362515902829,-11.234560826054793,-8.542313854780614,-8.14571631330125,-11.986658645824475,-8.231123034532002,-9.127508161637735,-10.972673650426913,-12.103595738564131,-9.021372693019025,-13.3807187964808,-11.807779937027886,-10.146527409313508,-12.887099299381497,-12.289591362689912,-10.58729030604851,-9.557781226545611,-11.420523676293243,-10.038401921910463,-11.83548974362093,-10.211686354530213,-10.447586892073062,-10.403425451005191,-9.271154420657775,-9.419184622530024,-8.585021839422701,-7.598369140904107,-6.609518846687299,-5.925007679596228,-5.103289261622541,-2.618894120525559
-15.875212363631002,-16.84323347745375,-17.453716876186725,-17.535805090201304,-14.046581127648686,-9.171721496206777,-9.710311584648451,-12.185264906691152,-15.842611818727237,-11.531255227813872,-13.292060418635057,-12.780043954906697,-10.323648359167393,-8.382125927024843,-8.884782815947725,-12.12078483172833,-14.036946733078132,-10.756973565231542,-11.42224369217558,-10.442250957038004,-11.112699592017002,-9.278583413857234,-10.06498162341373,-10.25171530658333,-11.415105302639152,-11.06555629393975,-9.452522757282017,-9.704571630444187,-8.898321836586469,-9.434943485265604,-8.509658743579411,-5.858091257471673,-3.51290114377294,-3.1057122189671817
-16.47423350988577,-17.93503181176364,-20.145362003638922,-18.342215882705602,-14.305665428148613,-12.290524547714156,-10.238328952106487,-14.81203012396772,-13.060254279449392,-8.677317445134708,-17.06377822617391,-11.60873909574427,-12.392323225621451,-12.308261365341789,-8.948031887354892,-13.494549056053396,-12.33190904602833,-11.341049988187391,-11.07634965224251,-10.412005781446972,-10.96935658431844,-10.334935867417633,-10.374879538391129,-9.932603993739676,-9.710374978473999,-10.61222612412706,-10.111339473148583,-10.965903875912604,-10.921547927031272,-11.054022206478018,-6.614645513664637,-4.463587006659319,-1.1616850414595006,-1.0789104096995243
-16.775588880543943,-20.05777023339083,-20.6850239934676,-18.422607228147648,-16.262700445276245,-10.264656502296825,-8.794433747634393,-6.596201130719327,-10.746333946309134,-14.994189221488417,-8.828922361834252,-12.54510473656188,-14.934067225647,-11.609516107370455,-13.487300090402279,-13.274036306661175,-12.33925162295948,-11.388748300745693,-10.584889186724466,-10.037633957766976,-9.064507109627957,-9.044170860718049,-9.532303242276402,-10.459703317038121,-8.16274887030149,-9.52182208342949,-10.636585846266051,-10.616286471766449,-10.525812364885821,-11.07055750365002,-6.978060578123883,-3.8039147126869475,0.7522976662458759,-0.025372637531796256
-17.923205499357948,-20.629528396856546,-20.035639858361964,-18.50183115373243,-15.397926317089638,-11.063317882367407,-8.615703036114978,-9.333587290579983,-12.961114730715341,-8.934381185459147,-9.684467225800473,-7.764789846923002,-10.90597976739002,-10.595708641604325,-15.340949285766408,-17.96888672372799,-12.434529707748888,-10.85202791398666,-8.842030910119727,-9.865033904647275,-9.576954927310457,-9.88776771608083,-8.265184820471806,-7.707499046788881,-9.221603697707673,-7.352369899874211,-8.927235051608509,-8.525942051564066,-7.61917626151274,-6.206774577603925,-5.7723318855095425,0.32487466012666233,0.2587158411686353,0.6271241872870345
