script/wind100m.json
{"header": {"parameterCategory": 2, "parameterNumber": 3, "lo1": 3.000054539987559, "la1": 64.9999836372058, "dx": 0.5, "dy": 0.25, "nx": 34, "ny": 52, "refTime": "2025-12-07T13:00:00.000Z"}, "data":
[rows 0 to 24 of 52, columns 0 to 33 of 34]
1.272687644012104,1.6736343234587547,1.6680259569815867,1.4077793894479373,0.8850642583376714,0.7963361013714263,0.8363557520913334,1.4452507733685778,2.768961378173977,4.004822919816131,5.209853827233913,6.334822771008305,6.988666025732338,7.9457801309778,8.141699108292299,7.1564194144611415,5.539752784529741,5.685176489785356,7.06853971575805,12.921175427604222,5.540537244155296,1.052924420410096,1.838409923828471,2.058983729108527,4.495794919176121,-3.5013844369556573,-2.5560521204896434,-0.8087651028323273,-0.0870298635226065,1.8392431106293283,1.0360643015927393,0.37742039028062296,-0.17400948032258876,0.40766218729644055
0.6497357090250948,1.2325426050466513,1.4810153909386958,1.2395515567103654,1.0463820671180744,0.6766835642503923,0.9073307741326415,0.9202655194731497,2.671605708111929,3.718280654780577,5.641896543800203,6.4053754307224215,6.5687571893536,6.262919125146072,6.860993750338177,6.6228828163930125,5.712255961370678,5.4605335159466435,9.87131835471732,3.016362869374848,6.34851047398071,3.6756437647158777,-0.5145258624834815,3.8617010113227077,-0.8555934994325345,-1.1594052284536394,-2.514989255953125,0.3993784778689813,1.1642332058390503,1.0009476342304928,0.9614125041081276,0.9916577659329233,0.951822070592653,1.5530064072353518
1.5721927171896943,0.6772641475516188,1.3027835927460398,1.4133540734366572,0.9691119916497117,1.1533528634817427,1.3850693635296978,1.6090855069189611,2.4087398801257285,3.2551430757535242,4.587189275126128,5.838828223908578,6.666814964538795,6.149669826432156,5.8153745573774955,5.769862888126141,6.709463311246328,3.807834135287542,-3.0171326132262477,4.194932097408364,0.1805712636052714,0.33696772474653547,3.4226577716959556,0.6994343287822483,-2.1179966496157165,-2.6042255310604814,0.5056145908408567,0.3714914094476069,2.6496864236316933,1.4842976541454946,1.3862776747598404,1.837727325011348,1.2731981571101099,1.5377224151843791
0.9173959581815826,1.6582317133671283,0.18474350003124035,0.5649125679481417,1.203989802539707,1.2804064529843002,1.2211767038532042,1.664981524441878,2.471819775129758,3.089222302945014,3.283989531359988,4.738424697789858,6.208407618836205,7.476737396336922,5.160128307612496,10.122569379619538,3.552825463066113,9.272832469890117,5.133244779637801,2.115485467713915,9.345991353534258,6.0121540811187995,5.574166554684561,-0.5275831702824144,-1.0641297336079203,-0.5366580912370212,0.11454243220274986,1.5449596079693944,2.0449679631470046,1.5479614326326854,0.5064178090051449,1.8185934645245911,1.8857016326899323,2.524662197358545
0.9201360598871997,0.6470387767341251,-0.14513484812211172,-0.35442056068994415,0.17576164032858552,0.9050717616260829,1.6793476148939535,2.120111123896921,2.5094372363323414,2.5875324456489586,2.2292141925136035,3.4254961593115483,5.972457913571185,6.0274060091869215,6.3191426692267445,7.929494936106064,1.595453783358111,0.5948619894767248,0.17696432174001261,5.263404020085068,10.825234193079577,4.554360047271976,1.2453792391391065,0.374352625401726,-2.0796896366511364,0.8379161571292884,2.3404567893723986,3.06915596471631,1.4579417733923719,1.6742321484620424,2.2248325340284176,2.0309355146240695,1.362900951691689,1.327030031372443
0.524700711006882,0.28550890201400353,-0.3312194464250785,-0.15727736607453865,-0.454240612481397,1.209416629827539,2.346194409430845,2.1154634336455893,2.4326944121400897,2.425558071730569,2.0700652245494466,3.5163886246148786,4.008532856635584,6.759095407176502,0.9004761963108991,-0.6372826599021989,-2.641023994044548,-0.6204373694276788,7.780549011744185,6.31103080595252,2.893510403707899,1.1129587119179774,1.6210108533124887,0.2513554369711346,-1.0835189626445305,0.784051267528504,2.5563461845401485,2.583461353065736,2.329881004581972,1.2966528557144494,1.3329282946956968,1.8017819811574416,1.627277360261933,1.2936744373846434
-0.1180850814230352,0.13520285582223415,-0.14267781519334075,0.1970013595541304,0.944762877065046,1.267741198657705,2.251918057575724,1.6552406117915053,1.062835334927902,2.18510875481661,2.280178298530522,3.6095350912568396,2.104398997832374,4.242211654263265,0.6804879891378559,0.7985279984920892,3.2393043000006743,9.824647658119597,5.017973060640745,3.9219928220517404,1.7968589553587937,1.1354014168630684,0.7645029673334526,-0.0686472500755131,2.0292688814306583,2.6635724051414207,3.4686441423529364,3.5353911265771636,2.8355912633551177,3.671554627001241,2.78180832319683,3.5244560648554244,4.819691602913343,7.342001329447999
0.004214461030153247,0.6476384570341449,0.6559139099886702,0.9846456342950461,1.365589972947197,2.3774222423379077,1.7079395957726193,1.2199111103060056,0.703864689115617,2.427001013758172,-0.4801482022111781,4.579852285997201,1.4737520944796834,1.0581434385313357,4.460260384711737,7.173263906105393,3.3817556432426517,10.46737745722606,5.593641470983143,-0.2055552580727419,1.020255698207057,0.01223088580845523,0.24367285548175788,1.624835118319526,1.8346221211010076,2.9397478201896803,3.980677422570136,6.428028600171409,3.6881701803662374,4.329056777918183,5.322025805944845,5.301203218816869,6.301597592104841,8.314385675464088
-0.23574925749509665,0.5009522196949066,1.1132762895522788,0.9899472208012121,1.0410888471152147,1.4769092788797864,0.12541041628619143,2.6723617068622785,2.699936628758343,0.15503865597696218,4.700624902044528,0.07415563774397045,4.302290818190679,3.237487198982162,12.689319651787802,4.836072476839502,8.888351211007048,9.223268269116982,6.893983856608856,6.0075884152399945,9.807635380145676,5.9557133314718405,2.841545521299888,2.5690142044916953,4.277621739584429,4.391451547843608,4.645534979515658,3.7460089556770466,4.5110297812528195,3.6986282844468747,3.753942459452521,7.192342070253523,7.025639233542559,7.817489879360009
1.1783279416111776,1.0247797817622697,0.11666629111829786,0.6868145456003589,1.190978627204494,2.1870472526590063,1.2170737643155796,1.6310015525250523,3.1979019893811116,-1.7277424762238416,0.20565473403933807,7.884913770409837,8.219928043104815,7.123254698387528,8.612890808725952,13.77445823099713,5.438291583146606,6.592564779154672,4.095381694605418,1.866703584837674,2.960010296062684,1.526182983217715,0.07939754414054392,2.5408802035441953,3.399897502251126,5.231768081408636,5.032835304652283,3.4730003436043804,3.7871973415378357,3.3708828551904317,3.4893127342779438,7.225336906042792,8.402569524226438,8.219365771648372
0.8844079348408176,0.19449000003115188,0.7345803264635833,1.521091114762217,1.9300052003255264,3.363132196076531,0.39801891590803573,-0.6766317675031022,5.00597351966989,1.7850658002812203,9.479457427160872,9.69101464018822,8.044172698811883,4.212797164666828,9.216833806911565,6.8404116363119085,4.34658921153812,3.5322288251812335,4.859617003636574,1.9708855576223399,1.2736776814236515,1.445397025183389,4.191404331401604,1.3968653507084416,4.610941473147879,0.386852646079194,0.6083429338481982,4.26091806112661,2.814300393408596,3.3752814541426734,5.8895865728393,7.581802081283782,7.574015386313546,7.998464299704843
1.052165375958688,1.2062516120305538,0.7729545339689573,1.4247690115814489,0.18224623191144043,1.840853568408553,5.447877782675758,2.3160476272529897,0.6588624778571571,8.176538077974282,0.43811563723261837,3.925865082697547,6.063595326522302,0.62911918343647,6.633799774888553,5.288288899153886,5.54543721345646,7.0267248573268235,4.518360542021842,3.9526259789702984,2.6673221675871632,2.3205693038362516,2.588459337503086,4.596156422994212,4.2297178493928955,4.629090463499679,3.957185647468619,4.659522677838074,3.884888603366377,4.456902247826069,4.986536474345722,7.3422310471967425,6.464752100145534,7.493243665735014
2.3292393573122534,2.3406787919128376,1.7324654500743368,0.9344795643996726,2.4360193784155446,2.6448603373554262,1.9133437684933665,-0.6152986745533443,6.7684489753683135,0.7606973292855914,2.062603173131861,6.197192506418972,7.466824041899055,8.820180499592839,7.86156001774237,6.7734697506799835,6.163722334413347,2.2836103342784986,1.6222412332243414,2.8089690244758865,3.9878357099204353,1.213122328194975,4.95940634399265,3.816671304562122,3.9774132760588983,4.341640894839645,3.4042274784174325,3.905910903322366,1.9046174261902435,3.1493644377116543,4.943167579160674,6.212532533556064,4.205293269513772,6.29145220303182
1.074006508264458,2.03202187414581,3.686063346111598,4.011229373113124,-0.030129243246919915,7.857720182143868,3.431670304389507,-1.928965460688224,11.174187332783116,9.52534100569843,7.6742205597748345,3.8451158311760016,2.7606966762460186,2.244384741556485,3.2026889316699734,0.9303039790841396,4.1663719320238,2.0673847360321846,3.8447034313926434,2.469091549542943,2.5101349494879526,3.569582823135746,3.362303856359632,4.3520359836010565,3.035701784248624,3.279807881479969,3.705569158283745,3.071575309697181,2.395450965648211,3.1223760647391483,3.2320721945202657,3.9854497910137545,4.926753544089071,5.43738537642418
2.608231124767965,3.0594837077752635,3.5483855066513366,1.9474880775268963,0.8180956197958782,2.750530412345797,-0.15325385844219844,9.952199723353745,0.8396041688133888,1.0325509134670203,1.16298239284211,0.9086218974571223,4.416660551925757,1.075458547776976,3.589924575791467,2.470910808737527,3.8900982470295715,1.7495663114884181,2.0541939096431454,2.2126690938963076,2.740099072629905,3.3229402864542514,3.3281569859595597,2.5765351977392656,2.6242923929505713,2.9261913865077522,2.9370985190426357,3.0008753332710683,1.547858013811233,4.920339805598063,4.238904168382908,4.005076859827643,3.5804971025754857,3.2626322877254412
2.9201320724999014,3.282946511343154,3.5638236945088266,2.562447067880383,0.9904196383375911,1.221998391405214,2.070097901971116,0.09780090507316432,-3.155505170369015,-3.690511195483282,3.081567887333189,3.2943096009096196,0.5913880751802286,0.7464811511653252,0.7867515505547582,1.3656304623716358,2.020540487191748,0.4698541198068193,0.9417549968875215,2.0331695210250507,2.2702126220799155,2.5388165359033223,1.2053491148926065,2.1347145509517595,2.4542883020591835,2.4839627806268285,2.5326042791611485,1.0846031165345518,1.8926684249801442,3.987446710033711,4.618885857572988,4.696811892420061,1.9878494946874206,6.586064425498186
4.6687658055989765,4.279403341363734,3.7501748470311878,1.8167484832697356,1.8589241301401391,7.307383091891767,3.9286649707746286,5.682423236943908,-2.489932610799242,11.404735134369755,6.254930434860907,2.3157839672800526,0.2924577294270618,0.8633421534179098,1.0386033713488199,0.5898898485352119,0.7227284963920615,0.7751239665279153,0.7874139201714411,-0.253443789049465,1.7175060266189475,1.8833318535140837,1.6927609876005911,1.9317043435326562,1.4186393948429143,0.441933624713118,2.255999984599209,1.894331937837258,2.774599025781237,5.156272691892885,4.777045714335605,3.3788787797591415,0.2319621804087915,7.9870909107517125
4.458598607356125,2.9930972961596907,3.0967859963312807,2.7233391403187457,0.5751104238871709,-0.5836279221149858,5.43015829729128,-0.6296161347540215,6.901268371194244,5.45175761770197,2.983339389822632,1.0670222910755751,-1.3217616002229367,0.8174640018605063,0.1800171361431305,-0.5800053447552237,-0.7634356197492007,0.2748556566650963,0.8969887826360227,1.0233749069059226,1.2676492878200956,0.9382137397999006,0.2766775942176887,1.0376112919711047,1.6766721406301675,0.8284924753960772,0.9746558295353044,0.4259281287404395,3.3037528190963865,4.741547823089745,4.835372810657215,3.079167109431864,1.1410497235766817,6.9469096180092516
3.5155956103307853,3.0961698105474804,2.190998344552104,1.214799342073529,-0.6978204931615031,0.6489613958458679,0.9812062706306768,-0.1535006615256591,0.593426007069992,0.5102595490088287,-1.5194848444913436,0.9281637172829114,1.924697472804376,-0.07070543597725834,-0.42002349820254103,-2.216079590151139,-0.4110224769787238,-0.08313885283402729,-0.1428881184291264,-0.08338018341444094,0.6387630591144925,-0.14457238602336858,-0.10655085942467858,-0.007740075308799198,1.12696855884391,0.4659307027698401,0.8522221409232015,0.043625913115379396,3.220353272649007,1.9314143189227473,2.0054050093374527,1.9324755516687044,4.433298995928358,4.912114311656679
2.916873434516965,3.387964022575408,1.2408275692431683,1.4452711901861945,-0.4980746678668042,-0.12175065834961302,-3.5485095739895893,4.47693513448343,7.409002847369112,2.9342809100583325,2.067364055917543,1.6479691872045827,1.0474338758952242,0.3272834856864098,-2.515682899692958,1.5453864713956103,-1.3396189005348949,-0.6033296800155886,-0.6601928654187217,0.11400462034259504,-0.41827766464195815,0.03025604546824244,0.6814212801025282,1.3572665857940012,0.8589775758310159,0.3120129321701648,1.3195325897325916,0.6658347699726543,1.4939964881388506,0.8806264049968515,0.531847421756516,2.860569964110204,7.067693465933692,4.55494968548653
4.012777961165111,4.043105143718593,2.6383043443202387,-0.9546646702976934,-0.8227182396193654,1.8650484372040612,1.0192687332841852,-0.26979100494181996,7.206361211013854,2.728722142998068,0.9282112605998725,0.2183636880798429,-1.4013310469621458,-1.532449757260255,-1.536350400472291,-1.240062657250196,-1.8154977687391038,1.045386540225757,-0.28685068637920597,0.15124673834859936,-0.18444552489407412,-0.2658082181002165,1.1945845144827267,0.10793715083978096,0.6769402935939068,0.9039018645661144,0.427855099739192,1.0819292545990435,1.5382452827907387,0.9820327427918207,1.563075984773895,3.9089481555355143,6.960199556757421,7.288187338636081
3.8875897706659934,2.784229857924611,3.494690349884066,0.46007067103227245,-0.6117668597310449,-2.424845960840888,-4.287379850484635,-0.3183888843512599,-0.12190421375946225,1.4291464980001074,-1.4063787030001935,0.8517008723024383,-0.5848283868101048,-2.5092106267255345,-0.8024420265177734,-2.2319700943561753,-0.7081467873476505,0.29596306584780147,0.30952537941544656,0.19260191303765248,-0.08761704274075961,0.6005103314742972,0.6128237164745577,0.4759735342888012,0.48940855506949865,-0.1838693697354448,0.9427751439208509,1.3786368801282367,1.2215085757908317,0.9497264510502568,2.8489217919206262,3.80273957514364,4.968866537791584,6.653019022164321
6.082225939228882,2.7167039213211415,2.8443560799044407,2.5446596858452604,1.2069338088314467,1.514798579330189,2.203453099755514,-3.91789578445477,0.34822117929695523,2.5356373917855723,0.1668989799212647,0.3304897645734507,-3.566787704620747,-3.02567584323668,-4.011728220582446,-2.990893277159004,-1.146859438290028,-0.1131323319740252,0.11157905428056837,0.292361745219707,0.19779462262713407,0.6748626223539926,1.492199689484179,0.3047753993708234,0.21927568346401696,1.2880812637556875,0.6845295976918129,2.1193065869723697,2.293059303269555,2.181958541504976,3.5893220818722753,3.8059758798272347,7.094328658906281,7.526288629474925
7.547296054120248,4.901788026799419,3.047760568738397,2.8134708735856178,1.3859985023952623,-1.7084344476387292,-1.8401675399794875,5.57127587220147,1.6914894730203636,-0.28887626527206006,-2.67014131141847,-0.988775886743846,-1.2516864618681824,-2.0951756505622066,-2.6075428331110317,-0.8733720348514167,-0.8190424102306931,0.1907125532225532,1.0890605268055868,0.5184017206955508,0.5408510408978376,1.783151405078926,1.4520965128904706,1.3932994065865405,0.2883342369114053,0.7574199720990266,2.1454118012305656,1.7200549702776182,1.967265376563499,1.969587974994119,3.344436947600294,4.612730699095839,7.993897008001836,7.253316075139172
7.465550052892542,8.219978487919516,5.1281625051072925,3.222717880357636,1.7402717892670372,1.1160412850326826,3.4703092538075313,11.666623237522233,0.6431230464157095,-0.9735602097924888,-2.093406767350839,-3.0967662469162605,-3.8429883382581007,-3.509275976851719,-3.5957411954586966,-1.1847222385412055,-1.2360203384350683,1.098595832480989,2.0053135735608234,2.7700587254841658,2.754523653316991,2.9641040111719787,1.085068754279039,1.4636672027640678,1.8099905868345043,2.6507541892215833,3.104461505170139,3.2816636845335907,3.517702966577731,3.0129110204951357,2.7040621772449183,7.704257202541863,8.554468951590742,8.08576096688739
