script/wind10m.json
{"header": {"parameterCategory": 2, "parameterNumber": 3, "lo1": 3.000054539987559, "la1": 64.9999836372058, "dx": 0.5, "dy": 0.25, "nx": 34, "ny": 52, "refTime": "2025-07-16T11:00:00.000Z"}, "data":
[rows 24 to 47 of 52, columns 0 to 33 of 34]
-5.041383753188004,-4.250989853878394,-4.025624583293272,-4.414921317734128,-4.935758198125296,-1.6698929061262784,0.9594094864676543,1.1815697148611548,-1.3868203631766467,0.5186506564395145,-1.8775239877172392,-0.8157961598814644,-1.0213136743646256,-1.14184402846547,-2.1220144354163386,-2.126084511995113,-2.229948898328511,-0.8789814345250737,-0.552670995520609,-0.6984217951966124,-1.119958417903623,-1.5365850254911448,-0.6719580335904919,-1.5367858022380936,-1.988543327439091,-2.9218418024326707,-2.6638745622180173,-1.7951261768885243,-0.01692449726403572,-3.4127379446884496,-3.4544950391167397,-3.669925744329517,-5.061366297583707,-5.569160280535241
-5.5195565811631475,-5.1794472145772135,-4.471597249986435,-5.003359163266961,-5.048035710888032,-3.3437389066683183,-1.472202814085174,-1.1027955587433858,-2.069758627597668,-1.1651274787224681,-1.705842941164617,-1.3524003075689268,-1.8421966729986285,-3.644957737432175,-3.129569306995521,-2.877890115045846,-2.2884340004092127,-0.7082549308646625,-1.2701153331505366,-2.029264522915882,-3.940356420410737,-4.703329094725709,-1.7505880264206184,-1.5871471097914922,-0.9451205417111863,-1.207729726760769,-1.3795171057611608,-2.159547045943698,-2.8559447145210535,-1.4865705764785317,-0.7357943797664463,-4.819864116419257,-2.235419086256236,-4.492639978795634
-6.309943064395482,-5.623241257717402,-4.626208485356235,-5.066023446587321,-6.268456463501417,-6.132312450393392,-1.3574252361137422,-0.6738758935109167,-0.6652968674620099,-1.5980478574664114,-1.6403910774875239,-1.37360601707317,-1.0561776814147752,-2.2842321923160696,-2.633237555827415,-2.096278322923523,-3.5254981721020444,-0.8308720816254467,-1.0023711056974605,-4.145025162806575,-1.8478477409997476,-2.0399243376975003,-1.650787516069503,-3.594957850470557,-1.0991852332484375,-1.9321416383951082,-1.792287288391199,-2.0227955519412126,1.0750858794549236,0.18490737602071805,0.6000343333165092,-4.386849719766923,-3.6994592884395674,-3.9777799031266765
-6.81797443425787,-6.603304231973216,-6.687906168904152,-6.311465206906306,-6.691740622407054,-6.920240984776019,-4.31782872128179,-0.7604296648864608,-1.0122764645231757,-1.4461169751653882,-1.8233279402019802,-2.65270803221666,-4.284189616367745,-4.911918661680579,-3.195863298877959,-3.5201190514056995,-4.047406737381324,-0.9381798605127157,-0.7791552959463971,-1.0653853810619043,-2.3490341483565516,-1.8781632755614999,-1.3257529428419845,-2.7934854649836596,-0.8505106078533703,-0.8221967089973913,-0.3974766061079847,-0.15538836300276862,0.7050136767366586,0.14434320040204432,-1.5388969624697393,-1.8982948948231653,-2.3269342085296305,-3.68103320913516
-7.1707835296547415,-7.152244662255167,-7.16225481720957,-7.152808706759156,-7.149248304332355,-6.870229846035354,-4.688040819045293,-0.9915700906795357,0.728605243963534,1.7571610920570773,0.4220175077987127,-4.599851460012674,-4.5965345953259815,-1.237055096936584,-1.368791465255699,-1.7291415036262892,-3.3929739950736444,-1.581836346317353,-1.2432161907302923,-1.331426861656026,-1.1710125646491971,-1.0171679990871958,-1.2574847634459434,-2.362021303805253,-1.5515215910417608,-0.9249917371629122,-0.474793247999317,-1.2726072999800124,-0.23250030108380895,-1.6046752841018,-1.391598316837044,-1.1255084326608054,-2.3480909436726147,-4.053809928771874
-7.049090298100029,-7.400444622778819,-7.622669975699294,-7.859816886394027,-7.413349240778923,-7.191479222966324,-4.682687114994824,-1.961352235069343,-2.720050618789982,-1.3827932904642528,-3.763291329964792,-3.443228707357181,-0.9779271621332445,0.756835962544801,-1.149615017421405,-2.6316170616135737,-3.6773420642321706,-3.5598677109405283,-2.2106380757824935,-1.4418176199556214,-1.4045196680278431,-1.3146742595606744,-1.410531839991312,-1.5936377563983766,-1.2914711218497934,-1.6710903184226555,-1.1730994383674354,-1.0323859901363062,-2.017916522332507,-5.504873838192888,-0.656897983924007,-0.7618563842186109,-2.2159371822884606,-4.001004415617392
-6.388138472508264,-7.235860657345046,-8.038022151312983,-8.124128655052235,-7.2170204984158035,-6.813513830222676,-4.4509837474361085,-2.9690094045676285,-2.706731587065624,-2.880634003178836,-3.610923774750361,-1.9863299310307272,-1.1355390158277134,-2.377979939102582,-3.319590995541126,-2.6664357609777802,-2.7900316998842998,-3.7889662201537746,-0.7634829926122999,-1.6998912331247993,-1.6669193021208437,-0.7107665912703003,-1.7025287156301614,-1.5441713569029265,-1.609748784623109,-1.59466977106198,-1.4623583503141193,-1.501143940613867,-6.859834107161241,-5.0997282269261675,-4.112632824437748,-0.9745291049464585,-2.4435095838177756,-2.0669398780432258
-6.29726562710758,-6.561446006220884,-7.462700979142012,-7.435416021622811,-7.680295936120892,-5.946143448416902,-5.581200089315874,-5.301348907475342,-4.766770502354481,-3.742436169207078,-2.489938001744547,-1.1612456358818857,-0.5859784022541971,-1.342233105057857,-1.6619602680247065,-1.1898804980686175,-1.9848695294935887,-2.921174873164292,-0.17516855761929453,-1.5724040244889437,-0.27625354967506105,-2.323919098260721,-2.000164370173669,-0.9980192578537831,-1.2345020711040318,-0.9110412960997932,-0.697791786213638,-1.928074654261363,-1.9590221375636085,-5.370715976688222,-7.325885695899186,-0.9391096719442444,-2.79857612010237,-2.7889740727405017
-6.83235972955465,-6.300940745771654,-6.339965618213512,-6.627758368806486,-6.690023646224425,-6.170072088580966,-5.150779498567563,-5.954965559209232,-4.933538058562248,-4.352492929754527,-2.1385879447503617,-1.0810282941702163,0.506103778603346,-0.8327944149881301,-1.000335851925058,0.09840268202510102,-2.3663688222871992,-1.759155665463459,-0.5684557491066269,0.13960983458304757,-0.15188303233058237,-0.32123782533315914,-2.3007998816991204,-1.9649359013956595,-1.4914129447690834,-1.764014941747484,-0.48536953653492404,0.8186801852217789,-1.2055505733572682,-4.504327073886246,-2.9879467175993666,-0.8618633506174946,-0.8026201116636501,-2.451951824381671
-6.155257066531792,-6.390841387348867,-7.095363408040563,-6.573747882096004,-6.292969225338276,-5.7134191602993765,-5.095051247819101,-4.85468607549448,-4.549976307605791,-5.247892518006506,-4.823641632772835,0.14338332034980028,-0.6629115994064065,-0.3639560909416096,-0.40997887611501976,-2.0476305024327455,-0.7685475421604324,-1.412749993648309,-0.7321631757995591,0.3614792041670941,0.6183233325010703,0.08005986295242078,-1.1551015850458353,-0.459011510907021,-2.93617326467534,-1.5843849256064335,-1.5147346347693145,-1.9000336552196722,-3.3950824450374757,-4.361251315027382,-2.967002895878302,0.8161751300123494,-0.3467882817362808,-3.115818106597026
-6.928825060953695,-7.154131129810846,-6.689433838925007,-5.733294725080849,-5.094588916655049,-4.317711525044623,-3.294580897308964,-1.9042401311464625,-1.844691471377066,-0.3100340068668617,-0.47516322944963457,1.444944484100768,0.861230799687077,0.9894173582383257,0.13384659130788462,0.5044349393575336,-1.9370177874174623,-1.2556372900025476,-0.0995527551967547,-0.6909074438426676,-0.31575806386677563,-0.4781868503330281,-1.0031763983220743,-1.0661096801704442,-0.9770326844866116,-1.1978637957116778,-0.8098321240742733,-0.24223071319647857,-2.326920049141526,-2.5197010276201897,-1.4887472437644909,-0.9583607570980461,-0.8870259285399826,-1.127280271320111
-6.523923716349097,-6.44561049879501,-6.132063022942833,-5.7015843124166965,-4.891455368420762,-4.262576284289655,-3.2978935571871926,-2.21574529060913,-1.7421645655057678,-2.039928199056751,0.43851579926407586,0.7504905434183616,1.0553686086974625,1.1133358726875684,-0.340848675235281,-0.5894044852458374,-1.400912763383139,-3.2949709741617057,-0.5531903094380345,0.6888407057054622,1.7159108062493935,1.1945403037985958,-0.2335279247042927,-1.5445403965000226,-1.0543690458961736,0.11757548642040008,0.25249345213265356,-1.1942827046866882,-2.7591615384059045,-3.413864828019275,-1.6635988355013782,-1.3446541841947885,-0.545031485188333,-0.6712902037739243
-5.172133061369571,-5.504178469373925,-5.59027885827482,-5.264292329980593,-5.0106354369839625,-4.330697216911179,-3.6849018782604688,-3.7811579011968126,-3.6169582417682262,-3.1513390047147096,-5.656732691735049,-2.2581502681868093,0.24606042679334877,-1.2428484741788473,-0.5743129586579904,-0.838208547405954,-1.9549303837789131,-0.39309744763406085,0.39353759674705807,0.535686538498619,0.5627748616633662,-0.0738606090539517,0.9543667923076249,2.3345660825299253,3.851868804262282,3.1578833438560636,0.08579416061269465,-0.5334746044370932,-0.6232508227441598,-0.5197912547754687,-1.355070173007132,-0.7121412299017109,-2.0334882937698606,-1.5459109353845177
-6.117605498694871,-5.666326943874892,-5.724852444067169,-5.4830338795067055,-5.286921746298569,-5.199181293123485,-4.911461515754511,-4.271253217017204,-3.305393264399525,-2.88830025961145,-2.6826163358417787,0.7742598073493104,0.10749051370508574,0.4907967132048379,0.30196872774755484,-0.11724518446598933,0.2172253904181906,0.6646698529009495,0.13548284257517013,-0.4758343647722795,-1.1854643793387223,0.32598336734930267,0.0021794471507214502,2.0418200844536156,1.6314371355559756,1.312510625719795,2.4480677971203395,1.6709678365920473,1.1363355944741498,1.4099923060635189,1.357014835041993,-0.9308398841427181,-2.0714748088907164,-2.4527474255294286
-5.684505300172795,-5.471362711583992,-5.681284412989142,-5.4011791176539,-5.199097021198149,-4.554285988658766,-4.221466859696838,-3.499557033149201,-3.278291685679348,-3.357605222155871,-3.1824818473163483,-2.0899895173807224,-1.4384811278960214,-1.009874297915169,0.61690221735504,0.8229738997795416,1.474571834409553,0.28204082495568955,0.5970908256804482,0.12236365961866277,-0.4837514450795612,-1.3014172606480914,-0.7851458392748913,-0.8047972636788001,-1.4134805082724207,0.47996411762469204,0.32491094174450685,0.6381794376735166,0.03548104072777826,-0.9315859239782566,-1.131696466024348,-1.2325221395002455,-1.3243936493872026,-1.5241906342359022
-4.978328105218416,-5.286797141900115,-5.490982778157752,-5.1217690376773,-3.9027915296160605,-3.7954493526355884,-3.6051089306508435,-3.7962748290017196,-3.22814651338938,-4.320568062469357,-4.982460855131891,-3.6417709260963878,-1.8801149775944845,-1.96340483104567,-2.146926460237403,-2.49119375878744,-3.2366725237787217,-1.341922945001975,-0.8616685320709422,-2.168959344437568,-1.2577187192219206,-2.5571323995735997,-3.295331633701912,-0.9009700288925079,-0.34253886113883514,-1.1213868662015185,-1.9525312604189575,-2.4084388273762842,-1.8228696571982184,-1.1402555816113995,-1.3489634997460975,-0.8525781165785112,-0.7757479869052766,-2.0614886268801325
-4.830630583842649,-4.851042680654963,-4.612247387915757,-4.448516902105467,-3.566122714402113,-3.537174660542814,-3.7592863831137078,-4.16644488216875,-4.433891259599891,-4.7477841108715495,-2.260397482348932,0.7932393462268416,-1.91524444199652,-2.5931326213930346,-4.236094765047325,-0.9646864866294219,-2.5341030010607954,-3.3602838875545444,-1.5616614059632608,-2.2579490498909234,-3.099985129551486,-3.345047961473181,-3.4552132278087315,-3.806783432797407,-1.7008788282271927,-0.8422335430433495,-1.6730834381893414,-2.7662458903069425,-2.9120004222646334,-1.331966404826863,-2.1030240781278824,-3.021329712197661,-2.390458899557625,-1.0839542125658475
-4.382189907307402,-4.679196983085948,-4.778571022611846,-4.7033559856202976,-3.413080475974948,-4.55395009687323,-4.637322774078982,-3.9925158286245774,-2.6961847214323056,-0.7763678657850693,-1.7048071005464585,-3.3081929775073244,0.4725982178747461,1.208883760583144,0.19124601505092298,1.2748570933914836,2.1686996829630303,0.06567106519931043,-2.149663752785476,-3.3096546250584313,-3.3029776985679864,-3.4371892091328884,-3.137955798583622,-3.8683250412860306,-4.625118916014496,-4.119858478258067,-3.1169280608308805,-3.198573435917334,-3.6623419903189807,-1.557868336397888,-1.7513916731850527,-4.79331404382794,-3.695984135781549,-4.036026490664486
-5.22531474196542,-3.7803556132786778,-4.143988047859878,-3.6883057950251277,-3.397120136531352,-4.276917837993406,-4.125853244429325,-3.6863198512695323,-2.661093482163252,-2.3924307086740506,-1.7755019863613384,0.3687505934130505,2.2220754190466874,1.8822065575923947,2.228668721172231,-0.30902317673059854,-1.4536759688591991,-1.1133760208154002,0.5249316297236772,1.8089732133435388,0.27967946591301046,-2.3173332195938285,-4.7589950914094885,-3.9389415591836876,-3.2541145594312098,-4.025044930879453,-3.408414514985888,-1.9384101684719663,0.7077643333779696,1.4235594352626104,0.6726856686263722,-0.47541660013619375,-3.4499681719767055,-3.6285140787616763
-6.194062493414435,-4.514261935420887,-3.9380341051882337,-3.5625317043587237,-2.865895865921346,-3.070136542136994,-2.432980620067711,-2.1994450976232156,-1.7566975238465468,-1.9030781356851516,-1.7525080018357406,1.758427371436833,2.429934876994126,1.4996606116719624,3.013035578059144,2.2689358021347448,1.0093613266333121,1.8119915981148709,-1.5099685020179974,-2.271372271728348,-0.47423772912357126,-2.3337400306268683,-2.1470142749796852,-4.14242925349105,-3.995389995204266,-2.956111136468686,-1.0977104657103292,-0.05086125935624558,0.20118216942365488,0.30150775342255337,0.41377794023948955,0.3129558588528585,-0.6414708474163493,-1.2727424550804298
-5.498994582209505,-3.2422726328456526,-4.161636037280913,-4.499619998158616,-4.00984621134364,-3.7429865659632173,-2.464766380208793,-2.3823029075649673,-0.7329843397075225,-0.227482223584429,-0.4592656485983802,1.7538834429637227,2.409695462069111,2.258633167010779,1.392374626302695,1.5586714330285534,1.8091735416852623,1.627525885090887,0.9047647262994698,0.06384054166698018,-0.22317568787274095,-0.8532058945970478,-1.8483507151810932,-3.327114019121103,-0.5054140740218026,-0.8784647976762178,-0.5425213703043967,-0.8379959696261827,-1.0516530811539953,-0.12662225363108173,0.04368764206639508,0.40385553071551744,1.4611230822696504,1.7141881536490406
-3.2189688490122146,-3.308973221274684,-4.205124900488074,-4.163915711846558,-3.137077761998691,-3.578446947701537,-3.55411024773745,-4.556814183535261,0.31760062039029024,-3.189616569103351,2.628818995004959,1.7862017701995088,2.381582510975451,2.0150710642206437,0.5443747677140087,0.9205484582305039,1.8463487941262504,2.2015562168524174,2.9345812459502874,1.681173219269588,1.715145269267418,1.1149178924555354,-1.3047050679728163,-1.353358386478249,-0.664974804544513,-1.9163942583708893,-1.617993394335335,-1.3246352317028567,-0.6616351195856908,-0.35723600475669426,0.09878196664603321,0.20547812408011362,0.7566339796846935,0.8329261943964488
-3.4139748321548966,-3.4426173508157167,-3.803134817214578,-3.5234836594178756,-3.8349980497893257,-3.860468090067605,-3.3307743988671414,-2.3121233594693784,-0.41422985614453556,1.2477700519110873,1.4254274197988135,2.231710757078238,1.7641164769760118,1.8822606270582742,-0.4449202326324532,1.3106257692462946,1.7572604476128897,0.9723551378336391,1.1295607877799045,1.5218713147588618,2.2042291298780876,1.621089201031277,-0.44325657307341276,-0.4136016159008186,-1.6731390475535632,-0.9145345614807057,-0.7281405298903744,-1.0781528149914918,-0.860415837156705,0.33877061322839763,0.09397527159090854,-0.14276382206784063,0.4511321106153914,0.6661777787420268
-4.085961366009695,-3.1583728619805345,-3.364641732517579,-2.847718269983104,-2.828672995609614,-4.181058761186125,-2.0525711670384066,-1.0386787230815375,0.33582493052886636,-0.05082249884509023,1.1111043193153454,2.108852451096068,2.7071427424949412,2.7018441355181455,2.352488335451834,1.676590599341545,0.8987474477325664,0.3125663702402601,1.4210253489022986,0.5740946794486205,-0.0110644906740001,0.6981952085847533,0.7382104373617704,-0.023747224726609912,0.021501140662965986,0.0102382134785055,-0.9891625889147292,-0.5793815082712758,-0.9119571885449823,0.1343139930230923,-0.0316477883920416,-0.24663423041033575,0.1975015454749055,0.33674489347102093
