script/wind100m.json
{"header": {"parameterCategory": 2, "parameterNumber": 3, "lo1": 3.000054539987559, "la1": 64.9999836372058, "dx": 0.5, "dy": 0.25, "nx": 34, "ny": 52, "refTime": "2025-12-07T04:00:00.000Z"}, "data":
[rows 25 to 49 of 52, columns 0 to 33 of 34]
6.916887396720299,6.5744362969678924,6.549337149936301,6.563796241069899,4.578292918976365,2.175716744042838,4.7351221047416745,0.3953000685892313,2.1681708745127786,-2.1617535154241647,-2.051112463746513,-1.9996593574944466,-2.381855178840217,0.7805393583602138,1.280431851233998,2.17795927145391,1.3064494107964804,1.8466874738940757,2.8148858530797547,4.610760969873609,3.943219933239737,3.7755684488777326,3.0727792287674736,3.5364395136508713,3.2265963574259775,2.3740490861388808,2.785367123756043,2.395334743397349,4.015383769563435,6.342070564692562,5.764066523055093,3.940118492618056,2.3496224834874697,2.288236185059608
7.390807960178494,7.4197444975964375,7.609152581189014,7.586323032157148,7.090950087609327,6.56867953096696,1.9809072262491445,-0.053732090869517864,-2.1006461834095056,-3.2103720178668342,-1.623564152158893,-1.0386743678877488,0.5024803594947839,1.7209915602200794,3.3354330174216535,3.910005666467922,3.506886879397974,1.4453763535461066,1.2213204480121558,2.304488819467184,2.595772943142312,3.2756570294702976,3.1589477903904366,4.457288780221637,2.582369600986243,2.6215378727991774,3.8314043029528295,3.7201364286405347,4.8190808858739045,5.776385936717281,5.090635710504115,4.170257947877339,3.905342346031067,3.5953943179209653
4.779325719991908,6.387892453023531,6.520281169318264,6.670682027943171,5.764277815545215,3.8256805902996467,1.274568481852633,-3.0170392216597586,-0.4050690152442059,-0.9664168068164668,-0.8229822339941608,0.678151891822839,1.423211092870143,2.7196187444790776,3.863890618400713,4.56032840174861,4.068436550691019,1.5118427309347082,1.2528823110834009,2.065495886592578,2.7698956526173646,3.343705880111958,3.1140588379713545,4.54345433653423,3.814107534739891,3.8681768564441827,4.824903308369785,4.9166204473351725,4.166254906796394,5.324535757277331,4.62848345045172,5.0726642644004345,4.439010531230214,6.626200836883077
4.677573145715296,4.891240827071015,4.389999551929458,6.1695077247067065,5.680054997930973,5.421120627366959,4.176548919513855,2.0244547766674095,-0.2028100959462582,0.07670610691953288,0.8661691724720745,2.823112569820959,4.107462450630339,5.417673079958973,6.017403608856797,5.211643650589663,4.691092152984995,1.7331606968064157,2.1572325260340577,2.757511596737937,3.9214719469129986,3.4888219486097216,3.5737329327167644,4.134083343679718,4.275770297689026,3.6477019716568995,5.285021109367975,3.869524399918361,4.819918936727228,5.278515668369362,4.344632524050541,4.276608043237571,4.598270369968829,6.442778355266418
5.957280878068174,7.125610732100973,6.533029253415534,5.94980919079828,5.89007136594732,5.69044058403321,5.088915461020576,3.733513569989451,2.9393644974968063,3.066551670107567,3.160063786541542,4.1895903375071155,4.864561880754195,5.07425178068543,5.119870484579506,6.463883062055435,7.337394767477949,5.1115847749016226,3.48733916310838,3.4134267907707274,4.087053730998249,4.377489384941993,4.198002420499955,4.156328772999982,5.281202325665084,3.6740412754773306,5.022294610327067,3.051375361168285,6.015721503368031,4.7752955711371925,4.8553927965647485,4.609803554998657,2.3823013153420787,10.065308918457635
4.992283426390419,5.551355921751414,5.885636806393949,7.0348035326942,5.670272666768186,6.454018316203813,5.261992202782829,5.166224527259449,4.5221169475732115,4.917962462404104,5.6637695862653485,6.47747340203944,6.44118661169289,5.627365427853829,4.757214955377655,7.115571635174814,7.497000130239185,5.881057603255498,2.39464947171374,3.1825753255375497,3.341144102242153,4.313105302389974,4.66873449841975,5.22715546961855,3.7726918535831016,3.8726008011286908,3.47908715246288,2.2127723786756732,6.1036701490506315,5.549630834631402,4.9933130083977515,4.9819767023421075,9.757488436906444,10.303289318291233
6.408332142086088,6.249514719728407,4.687540546631476,5.030989096143707,7.8561968878685615,7.470466593485579,6.389527386075573,6.073872055326891,6.1223875122870925,5.795541795226601,5.70448421867241,6.223316038568469,5.80447912080142,5.160538859842713,5.901557649461664,7.522353863617517,6.401383857609827,7.831396960790911,4.166433148692694,3.2462206808859113,3.327784653559695,4.0046394175598445,4.479535809316321,3.949731662553955,4.251115566293343,3.7589086199582167,4.22184497908656,3.2464987597355135,5.359625991463378,6.56452928408499,4.9248025525086865,3.8864705212578263,5.891845471308139,10.032861567841342
3.712679685258695,4.610323643547016,5.53312925390466,4.800489872227757,5.621862792192464,9.127071897933176,7.994437935075695,7.787132328659989,6.610551987710367,6.220863012960097,5.551883649880759,3.6734475567594043,4.704762128799864,4.946965898793213,5.957697082440183,7.952290764858477,8.281158575552046,8.174971567819888,7.430347941499052,3.2073075311896986,3.8836512046013185,3.957277374215309,3.7129790730180825,2.9414092437406314,3.59405145609314,3.5072850662561756,4.182026650771994,4.665097249292025,6.100729867941777,5.690820314162681,5.595613313013352,4.33862148328506,4.462411200897462,9.68214700152735
4.672767329675732,3.9857709031986843,4.970031778306893,6.494553645509357,5.953338804483435,6.861594359249333,10.06299066755557,9.727788298771614,8.476805956797554,6.176794408971191,5.684292369069493,4.360652965797629,4.824690698426857,5.464787987063878,5.14662959009556,8.647149030921282,8.218065434506677,7.335790882862002,8.00820542791107,5.508743002511525,3.7360592511180433,4.583376384550008,3.6555603034319297,3.0742045084047493,3.0395167039205195,3.8222487149271314,3.993906392228404,5.565768486704142,5.685266637248801,5.916948092062992,5.252203056760008,4.860164103627336,8.869123164821628,10.121111685080766
3.8433692263004833,3.392623885261705,4.690694563607714,5.774993093313419,8.521027247661767,5.942241259507539,6.485469956814279,9.397484896021764,9.54119698439528,8.711307340077186,5.78868360760653,5.013097444418166,4.465852190020005,5.195267917334146,5.645285529125096,6.604133841093888,8.628211538313831,8.053888535512334,6.916475117636301,5.1172920499404615,3.5708602053331386,4.017365751136443,4.231014300237808,3.888211840423561,2.8571803715154878,2.848682403955419,3.2426819384018293,5.466759017484131,6.396830327716955,5.748537332774141,5.420758076290637,4.590627564038502,9.499235624007328,9.830891344362746
3.4153164792335473,3.831120672467331,4.3822027201192855,5.754312128252601,6.539377814119508,7.359738313991127,6.056607616258833,8.5857241780867,10.159402954922884,9.85869830405987,6.519979997098092,4.552656079729512,5.3049522823564965,5.37515592832328,5.832062225508502,7.0273128664690745,8.840817137950372,7.963419986022866,7.454132854886371,4.980695763413637,4.02457354716088,3.7334198194609645,3.806943646082493,4.13503107619318,4.139180069441012,3.3924146470963494,4.729550940309921,6.17476034700515,6.3659431839281915,6.1709835432980675,5.588078623174881,7.286450692359961,9.458223544146454,9.39573221310427
4.1151877307453235,3.5163293981915578,4.910830460968396,4.146365995739638,5.426859767348866,5.126221546374454,6.621151884609775,5.915693388095588,8.548864812703325,10.184363522019913,7.011759542127662,5.069189521275627,4.4838341084583755,4.523110025004199,5.538112580689594,7.727803135661631,7.634077207570936,7.5050786065445845,5.273420169424292,5.356557777730732,4.422466076298548,4.600646481021028,5.150192892064538,5.913078932048626,5.961895381758156,5.812931542866848,5.733269399440081,5.9763178135943065,6.147608948330285,6.839866150722985,6.27926181201944,8.858444370479285,9.308881672009354,8.948770323776186
1.4467841622577993,2.6436440607447858,2.854193690547983,2.8191342722931116,3.867204717542534,5.910500719413738,6.4039826498082935,6.165167447014833,6.584655503019747,9.901777191585616,7.620866578771561,5.523215617376901,5.159346067417836,4.62113117909227,5.5697602414767315,9.497317415799115,6.696442898314615,5.485371409818261,5.526364999252659,4.905281936484017,5.029967194590007,5.184344898928898,4.308917011714671,6.370835710674873,6.107199175476827,6.405457366138513,6.328318368622874,6.185401129959954,7.038545101390412,6.748219343471469,6.905570301244946,7.6771961802593225,9.112350188593414,8.362273028070781
0.9930556100388271,1.656583746758805,1.5639239733279895,3.0307160327195457,4.256214711298581,4.501893815666648,6.449099222254937,5.237590609312711,7.4339065010555725,7.028093829860748,10.731463098635928,7.01687114658127,5.040869919808564,5.69769983938763,6.538959059054386,6.887769889541469,8.182568047566088,5.421282441045361,4.978836009493,7.372300250911434,5.815437086245499,6.135250959584913,5.885834809204962,6.581244121776641,5.183659702527516,6.482548508135358,6.52152519098908,6.519450929048205,7.27472639111734,6.911951584930665,6.756521221277113,7.103575654474838,9.017630798206731,8.720905792757248
1.1746540054618158,1.9744124123576436,2.7914868143547023,3.69814514471311,4.70471130299828,5.5540839056878655,4.594941557575705,4.509430454004028,6.631322644804822,7.682102548687006,10.026395727246335,9.486534029774734,6.782272933912342,6.719127859495462,7.197985296280347,6.51162341657419,7.936163172738655,6.357620681382641,5.422751081293065,7.088247641406676,7.365702742280305,7.695167058851467,7.58929742171494,6.83483291619103,5.351227180559484,5.99008967724369,6.541730198237044,7.092927330450426,7.652985648632345,7.063027779954053,6.766341906623296,7.79846372382226,8.22748826889662,8.869691656985454
1.398003158841047,1.4764059089846675,2.201749897736966,4.2479068132012,4.709148492234612,4.27233216749373,4.983186780649433,5.274899890793804,6.323430987377685,7.230642118446112,9.276881208895839,10.597500963067876,6.80933429051569,7.173923266622228,8.430889384700281,8.025759141856412,8.099859628250421,7.612214891202576,7.036350676319914,7.087721574071872,8.774636899525179,8.561978763478002,8.185357111234582,7.128347369551364,5.219990013807287,6.490853234953214,7.082625563161438,7.094019104030145,8.750066347616063,7.779724287117962,6.044444081794371,8.57417451177083,9.22037977184607,9.638254291394716
2.011255142393631,1.9966388328950238,2.8344502632010666,4.437840490288637,4.257908114908426,4.237803144465648,4.584098176402772,3.952869514660087,6.5955452896512465,7.03235698940021,9.120196059487482,9.577540733165172,7.644486820955942,7.524789651100119,8.907911162553292,9.966191653914501,9.149049283641526,7.006429288541579,8.224278142284442,8.398035890047078,8.483423498874545,7.048516494995293,8.195748938680401,7.576550187612704,7.01899095040099,7.819410908970068,8.463161940960944,8.631746143563353,7.888406400594516,7.592529153061721,7.156528498858031,7.633445081384843,10.150388096057892,9.052555894909025
1.9892978923777038,2.7755351595593436,3.272297981887188,4.3407500959577945,4.2339941038650775,5.0797972734930195,4.309518429424556,3.7208449850302707,5.083959209742529,6.238973900583856,9.02495500091462,11.304699658720187,8.428293494321323,7.498054887714701,9.041885344242118,8.767643882480915,7.983672015553267,9.031819629086485,9.013746291494456,7.807619467356552,8.254846760392553,6.350688155483078,9.305338181029919,8.20434892360502,7.251987350731584,8.17961663279903,8.784909022920386,8.280197943106932,6.570072710478876,7.279645545854616,7.236928525643121,5.7067782675826875,8.407942105394163,7.691418954668643
3.9643555265837764,3.9674365501678377,3.406747435793851,4.472560817100117,4.355257154376513,4.2060266440013026,4.546032716730971,4.019341954495227,6.432099954766652,5.496565035668301,8.240976821136503,12.251722126985502,8.470123712596678,8.043103187431909,7.967169038800573,6.901955157807175,6.73892711026388,9.006084113638341,8.517493664705324,6.87360563515033,7.235467924810618,8.869893029679583,8.944407385922771,8.458283252563666,8.396347274768388,7.474375255669995,7.477699931973709,6.307489202164325,6.15361384192267,6.511701421476366,6.688146888931449,6.231640071050215,7.244921355019094,7.05610892628796
4.871327640151431,3.9158519545520964,4.68496482245971,4.527976082444644,4.189303329118254,3.9561113337330016,3.922723963534883,5.393179877068315,6.093166239421144,6.328945946240832,8.193270267639878,12.290243030589162,7.241509505036035,7.738249828602301,7.713048940355779,7.870838949490986,9.017753673486222,7.989219076833798,6.297383029626845,6.507321464824689,5.99639003229668,7.826782487946682,7.858756695077658,7.501713070568054,6.920628537855953,7.234381829111769,5.453501862628202,5.413578154487683,5.710857624325234,5.612819477637098,5.603462010291469,5.6466955245207435,6.227555648749059,7.338508676798666
4.088525784614048,4.8318027179849015,4.017471534109133,3.834617590305946,3.8156970782101367,4.225668908230102,4.7412488756801965,5.665680687868595,6.438276557832941,5.58109606070584,7.533700292485744,9.680936770608529,8.266088541034929,8.639273822475952,6.588819143481136,8.8284567561773,8.368155725169755,7.708072320986883,8.181196602573628,7.232293149023631,7.9045857957298855,7.298401268207571,8.145413424998148,8.182773003092707,6.933481095775076,6.12315919781586,6.010619811850415,3.9178528116975397,4.4329762201905645,5.1899420403600525,5.382783900635683,5.555313261119621,6.684699989359386,5.199263848436324
3.724047415173061,2.884285296667807,2.81031574626315,3.1571271916752903,4.152318229251073,5.812410412573207,5.90341455245706,5.384887695773009,5.221197123833438,4.581861722238866,6.626887424737285,8.07656980235298,6.193662506280433,7.551888565711782,7.391467955836159,7.84862205130961,7.874319233806375,6.491298175594602,7.15758632002474,5.099223987425431,6.728827290714469,8.117137421882187,7.960657120513102,8.541251585783137,7.859258561069898,6.2870566934942245,5.075378939894553,4.086195032948025,3.5925099429270095,4.793684033667716,4.7323142537276635,5.7038304611207336,5.882525289695838,6.0821049578647814
3.644192283032736,2.478508496296447,2.7875465981850613,3.3711415592642346,4.585320560046075,6.521578829543583,4.364274586285429,3.776222573711199,4.451199504683028,6.303421703127964,6.187008150175618,8.691891640921604,7.8708302444052025,8.427636544723514,7.029030784087146,8.225795810230714,6.915417334372107,6.428378242097416,5.707258217919745,6.190829760703684,5.992095984849448,6.509946656137373,8.251719953930548,7.178077048889799,7.409128068097325,5.445501055824358,3.9803614420108095,4.397399906305265,3.4906719903145214,3.882631773753181,3.658717800980796,6.177925342398252,5.864292231958755,6.396002111939603
4.054486797259539,3.365620529877585,3.8820991808817213,4.638876716970455,5.463082168038591,5.681744881573256,5.132366414474667,4.806621353919766,4.35792656714045,7.103706003854744,7.366803014064008,8.325361438260817,7.595178430819607,9.56486204635497,6.467056132111132,6.386208785771754,5.928664108391539,6.976741793880246,5.263259389427105,4.978605318667723,5.1566116746654,5.740742796388852,7.389447100278502,6.839415562983594,6.236402001738487,6.265759602565626,5.1538551776775465,3.7275373940084453,5.210465146663429,4.2908198114756875,3.371910563357992,4.591429335716627,5.457962653359537,4.603703754793135
4.598710676768293,4.198938413168982,4.354763316840323,5.264076267034674,4.6218730184835435,6.79308913723824,5.693113162102709,5.31393119478217,7.478044837656221,7.072272463854347,7.498851425905211,7.08386452572616,8.554208902432537,6.86903254421931,6.399312857772096,6.7695287285778365,7.517630322455885,7.65220001561053,7.876326949608757,6.336356316962205,6.909231445458362,7.3113322238129665,7.274579193739875,7.063166467448617,8.412068358149316,5.202556965409502,6.421258102479836,4.666629597688109,5.282552118675535,4.030632322218975,4.874354108003642,5.583868044171565,3.9937143847940813,4.997418353884673
