script/wind250m.json
{"header": {"parameterCategory": 2, "parameterNumber": 3, "lo1": 6.000198445256149, "la1": 58.999992894266676, "dx": 0.5, "dy": 0.25, "nx": 22, "ny": 24, "refTime": "2024-02-06T20:00:00.000Z"}, "data":
[rows 0 to 23 of 24, columns 0 to 21 of 22]
-2.0133186308223343,-1.9930154003894986,6.302681650165988,-0.8946416833568749,-3.2656530204901277,-3.8098785019090924,-1.535580183495644,-0.511460341723343,0.662410545025715,2.9985535013068487,-3.401595557058826,-1.903999074112727,5.41463050908538,-6.283032379300041,-3.83082434738545,0.24891510363806085,-2.9807209057752173,5.861152025477129,0.7603357478403246,-2.446390867353138,-1.890624945383883,-7.880139764388276
-6.215020294391573,4.659027550365223,5.255143578998909,-8.92868264237614,-0.26135856010530945,-1.479574843428896,-1.7852000648770543,-2.4936847923096663,-0.5939562501883874,-0.6372214371398426,-1.8758739741671764,-4.644436348590067,2.7510200663378774,5.811482323626794,-7.8868604066045185,4.609254994330183,-2.316097857762273,3.465957045086028,1.6239614664194175,-0.5137236111046551,-2.2582508725910606,5.501753026796453
-2.637739215836947,0.9401815349810552,-1.7686697642294695,1.1449665289347553,-1.8456037566107737,-6.335530014816718,-8.019711238407021,-0.002721556319039743,-2.9946377559292787,-1.8885686417659109,-2.9911706673399223,6.204167337809268,4.774705828999837,-0.25221843583424985,-0.35945640411505075,5.604158805772355,-1.0675857870920635,-1.6594567678984298,5.81038071887839,2.3823590529657572,-5.914119822236307,1.5308635147317233
0.6179096751712894,-1.3572258569852842,-4.186591268938199,-2.4853269762754584,-3.6898937892912875,-3.776887842505247,-0.7757555307689895,1.311703259030303,-0.7547264942810326,-2.206979238998035,1.1736787581605659,-4.905702687792893,-2.6661223428411756,1.421698828616023,2.6174112120783417,-3.564919377940388,-4.227717440202788,-0.0589368677269306,-3.177678841064532,-0.348171867583035,-1.3054986945431035,-0.38178253041114657
0.6615506976092471,0.6153768107088563,-3.115489780951914,-1.1736906269975973,-3.215341217406088,-3.0366408879762714,-3.3849418756280327,2.4188155203666235,-3.006645441445071,3.3384479785434222,0.47790766707958493,-3.989808973493995,3.6148175555824635,-1.619110829051449,8.241264568902546,-1.7713077226552718,-3.327500676110876,7.543749844901551,-3.363413736588817,2.906432621839017,0.04498125350186336,-1.9663277194804005
1.4549102944408405,-0.40976773407818634,-1.8797063817286734,0.8360120502380741,3.7433764480326968,-4.155713539083777,-2.3928518829378165,5.118633925700792,-1.8953868509661385,-2.7228502461561583,-1.464123154719596,-2.139346052474292,-1.4315077659629534,-10.18788844184757,-2.192023699652615,-9.497100885722928,-7.591406322032495,-1.0539858258971488,-0.8526027306859565,5.012303286696261,1.6767739086834936,4.365294275729444
-2.6798453821854866,-0.5456264304345466,0.6426760824533436,-4.231230991502299,-2.5405013398909437,4.468063354619661,-1.7383805292877932,4.6807340611807815,5.919679990092439,3.9307092158417123,0.37043075733104,-4.507196269984925,-4.654042980208047,0.9546262124128367,3.8983548790537075,6.700804911093968,3.0565956621789074,6.152796919266326,1.107565863622645,-0.4809326604154778,0.7276294937176728,-3.7174409025705115
1.0977251164101587,-9.364436940432885,-1.2877329545535057,-0.7676738093406296,-1.9480381915464948,-2.7339657625675184,4.7669208212438985,-2.1542446048104225,0.34672890775209275,-1.0061944920212993,3.193478666790501,3.2515353985490716,-1.2026441187988377,-2.0749643100856177,-1.9560563982760046,-2.792629536136609,-2.444122531660409,-0.02808791101557519,-4.524637626921432,3.4484867453809818,3.41551053216104,-2.5664782352895443
-0.6499304516887342,-2.933432254929698,-1.6496327834740323,0.3956204847509805,5.447086553259327,6.119759373181006,0.6738626867812635,-0.4044909757646203,1.9886727552933574,-1.2100628351764102,-0.08348955247652251,-1.468427247186801,-1.977610290348883,-3.2076067018018235,-3.6769734241219614,1.0715783711073874,0.47734833552862965,-1.3036178454832708,6.823684379845587,-0.9042439057567364,-0.12369424642535272,-2.1415670971983314
-6.128634443987197,-1.2486166534167553,-4.923941048344981,0.8192503756156814,2.706440193212848,-0.2890445242035908,-1.9222781883247997,-4.734195575468572,-6.3657666844833365,-6.821351157713825,-1.4590796836398139,-1.4327576955145567,-0.32774775866246647,-1.5465210038461845,-0.9765572467965474,1.1573307929895662,-2.97900636731641,2.0294879482099133,-6.374875795534306,-0.7310803498773534,-3.213278766599017,0.5899729731093809
1.7068298036624108,-5.7922679240541735,-2.651812972312043,5.974399244544612,-5.756962485821229,3.7570225119571052,-1.9080697482798847,-3.497464054207511,6.080119761476022,8.13251250034021,-0.4435200998673547,5.340508893470297,-0.9789030433134736,6.005062810663277,3.3557404769922763,4.533069050543587,-1.3468468334159303,-1.7905108953421616,-2.8797470795564157,0.5560613764760678,-2.644119365940634,-3.5819915925863963
-3.0899931810576553,-2.4074483423689186,2.7133582412909236,-0.6499826854248937,1.320964418050688,-2.145227780596706,2.3369855294152875,-5.674217370117444,0.29593634881999237,0.3234749906961769,5.2277222251597735,-8.376380753673052,-2.059093781127308,-2.996460393257855,-0.41367674482447286,-3.8026946970825324,-2.4423933062392944,0.5684207150894167,5.9301439486615815,0.6643829956438027,5.258747347068537,2.146777932458852
7.880406889079131,-4.873487644682753,8.1850313986376,5.0025956001304746,-1.8828886748109035,-2.383114105787293,5.95832440850804,0.28294363159612484,-2.354631126303362,1.5422990528789133,-7.313656033119135,-2.5376489317088504,-2.757179503924074,-2.934835583812329,-3.170834135328309,-0.45425181278660126,-2.199050156425189,2.1343007793559745,-2.12639452439852,-0.9536651024283476,-5.982248426823151,0.5200885429804385
-3.1660719086709674,1.2940462318840902,2.949712158549638,-3.9733164397052905,-1.6373592949152052,2.6529776534765785,-4.021110383518282,2.5059448176689116,-2.617728513651286,6.412433200897469,5.603656745894709,8.36115931155744,-1.5713252606923738,1.3007751531201703,-0.3099370829997802,2.199919988283145,3.2432804403831983,-1.8008198258559696,0.4739696890734132,-2.3798381682255516,5.996584316286494,-10.791819926343466
-2.772945405675792,-8.487005385135053,1.6467853921485585,-4.195048036946071,-2.4941095619638496,4.057324233398388,-3.5750885280846387,-2.9655111208046225,-1.1003950885065674,-9.805354910517849,-1.49571072224202,5.820440496511763,-0.7027130156549884,-2.3122441205807807,-0.024279607767506456,-6.7738832728000125,0.0989019871549082,-0.331624388683532,-5.45161281565986,4.551445505784189,4.331243512181536,-6.291450157746904
-2.3110135628765858,-3.705006374537458,0.044673460533054425,5.910071541246214,0.5639947573428804,-1.537899210056212,2.3241508194171865,-1.141163400496607,1.915934541745595,1.9869515268336424,-0.6520425195878904,-0.12547491803825536,-1.3981742908170272,-1.3528550117288494,2.300192552220066,-7.817696066270737,-4.400159670431616,-1.8998381266391375,-2.9434773625089057,-4.393316072863928,-1.4174750849745545,0.5414897311842019
1.985648195714987,-0.8422065906215891,0.023653249001995922,4.76934473677813,-7.8479476799839825,1.4841996965178554,-3.762930090879346,-0.9480249020549447,-0.47201435821706234,-1.3183969853015953,0.6521976480434384,1.8060434484806371,4.1988915269455465,-6.803040821447319,-4.488354554619716,-3.722660794129752,-9.191483269240031,4.301407182694558,4.138589928318679,4.7132202124106675,-3.6339975934664523,3.8002896371094077
-1.122974352762513,-0.6880521246857002,7.22229518583719,1.3786532334884871,-2.282767443608849,0.10929098183439143,2.1505064472374786,0.2914546438546854,-4.370305562102898,0.2298877011646242,3.92873749337766,3.133747461948968,1.5110114026840975,-1.8440807644174515,-0.18535653902901267,0.6825398867775477,-0.9336477935364234,-1.5469807342309398,-8.2667495590623,-1.8830909197034778,6.1286406067765915,7.000287820324377
-3.4956833918613768,-3.1344422417718762,-8.535687024715621,1.205203214276516,-3.35094284512832,-2.6576675038931943,3.886913233246352,-2.476998290271153,-3.584640913559326,0.11878325030672475,-0.2801225777796968,-2.562899700439424,6.350702752830556,-0.7967457511059206,0.6248329134144315,-0.6705159127603578,3.0808514868168233,-3.3794818839016476,-2.671124181126561,-0.20267164588931397,-1.1799611175602442,1.315831411727395
-1.6717697822571014,-1.2543056618301527,1.6525349384463046,-2.579858129508666,-3.054151315324313,-2.0852820285162688,-3.319610412766337,-2.3351160083793863,-8.399544537571463,-1.0739661415975292,1.558738208644133,2.113455423775414,-3.935754227941009,2.754338764073651,0.004996217948695623,2.405942624008294,0.44265861746377905,-0.6152685499916671,2.6046484385565614,-0.9199836902930087,-3.5327691025500556,0.8777708601477577
0.741772694040203,0.7884215752194296,5.8804620544937505,-1.5293916978815354,-10.516780209611092,-2.4853560416226044,-0.6244512072318716,2.5466637863325956,7.826870936362985,-2.464818744469202,-2.254054200316187,3.163136936703031,-2.317673934427361,-1.2928486680877973,-2.7036988680466156,5.924618851490312,-1.260005333553392,0.24258169754886313,-2.2117110431640663,-2.9963749254183605,-10.374581463706617,4.946810059630188
-3.1603009381828455,-5.706865380977098,-1.2536267245382133,-7.105747560830392,1.840551952677552,1.16130301502505,5.284874114565558,-1.1645903938614979,-1.8177551840151436,3.897471525633574,-2.1818852527558352,-1.3898718069273657,-4.753099848707814,0.7316331766957539,-1.387413847156752,4.085050063806682,5.456274980910975,3.4372610319022607,2.2052761594686348,-1.0679445985973774,6.517117664002704,0.2972938042565839
3.537670849522483,-3.592543829266382,0.45734322603739147,-1.3589794644136242,-0.771529188777015,-3.4387738037879534,-7.155163885086925,8.35208991482933,-6.790966103396847,-3.296755115834749,-6.306264889973935,-1.9026562452897258,-1.398744706180661,-7.267017570835832,-1.3724057980126143,-2.7962598748830896,-0.5460370013218894,-0.2474974870408062,-0.9059866728098692,0.879885449347424,-2.26743285319183,0.16839321455565837
-3.446002242121527,-3.402149977617753,-9.427546063705124,5.252780667044819,0.6194830201623903,-3.6633728038725057,-2.0055499614019174,-1.1111010799485797,2.8178512849340542,1.3949838164168469,-2.3664165379864706,0.566778479660439,-4.093233765683527,5.7783887006936885,-2.9785361212082293,-1.9922666765376953,-1.2196906422950802,-2.2523591916917525,-2.7196467967920186,-0.6519493369374181,4.2635719504625715,4.229108848727054
