script/wind100m.json
{"header": {"parameterCategory": 2, "parameterNumber": 3, "lo1": 3.000054539987559, "la1": 64.9999836372058, "dx": 0.5, "dy": 0.25, "nx": 34, "ny": 52, "refTime": "2026-01-09T08:00:00.000Z"}, "data":
[rows 24 to 47 of 52, columns 0 to 33 of 34]
11.07805309471402,10.988404087211594,9.953703999781949,7.366406581364714,5.438772290285544,2.672650569772557,5.783382010865475,12.642766835978243,-0.09125354755786276,-1.590025320420883,-0.7915607670630604,-2.558169950016342,-3.9749477821146666,-4.442435466339112,1.2930324638559705,2.6910730305494828,-0.5421644901868161,1.871371054624187,2.24540444526471,1.6845116412650574,2.6397758675456324,-1.0775114030602202,-1.0262545032893684,-1.0746746111545538,-0.7945765780453002,-0.8454364560750388,-2.0583737193903113,-1.9045932542661574,-2.1023258067983623,-1.0609403644911963,0.03847479963628737,1.004934438637971,1.1830612698063794,0.9301676803767067
10.24007623542728,9.88185951695804,9.437013862238793,9.028608861764386,7.180634072288429,3.27090347413327,7.907967520693767,0.9612367539706574,0.35163733207971337,-1.2801220840724412,-2.2787326908779844,-3.361056044665483,-2.009950548726233,1.4172976440042213,2.6228138761329074,3.1199052106268677,0.8024200817185293,0.6435487521139542,2.1456561327222983,2.1932902078363923,1.1552928651887429,-2.9360886056827282,-1.139683953279347,-0.9446610878031427,-0.6719296798623925,-2.2936503097973797,-2.2244717824905487,-2.5426017359607527,-0.8496647028961649,-0.7672676801152196,-0.44058697358297416,-0.21296372979849224,0.114315419104629,0.2967942592850446
9.660897801323197,9.808636015183545,8.59961259739792,8.745152683183793,8.815544613138007,7.931976741345477,1.63032429442192,0.5796946517052617,-1.248441781753278,-3.0529263183732316,-2.803903359547098,-3.323239082206891,0.05251629020597698,1.8508841554487745,3.007452704093837,3.8626097836485,1.4976476418018843,0.725915277444389,-1.4050436427027728,-1.4456684015078147,-1.0536927423916345,1.4394400003008259,0.4332402085945376,-0.8223438788790564,-2.9697140170954017,-2.712564537948366,-1.2556699251444456,-0.2335684071295384,0.34150491251066445,-0.9039252821013218,-1.0905228310897868,-0.9646996728632748,-0.8573999328142606,-0.775525193389477
8.892976938120214,8.696211249464508,8.687828264575375,9.36884898530934,6.445984034567728,4.5168413464705806,3.789553532711309,-1.8347596006059306,-0.8550476778554854,-2.349238790870309,-1.6665895234137509,-1.3546508957106258,1.3620847146757993,2.1142097868376535,3.0278777810864184,3.5542656773562706,1.1551547629620946,-1.4808367955444208,-1.7463089919952237,-2.055215636903196,-0.2516309630790557,1.7142018130955954,-0.4431148372621129,-2.862668063345841,-1.555149169480287,-1.9899244338075879,-1.3624823370318837,-0.6512491008382991,-0.681199193680639,-1.0181711752049665,-1.4793708664034724,-1.3141664411746625,-1.2807131656120991,-0.9866414669300945
7.554309069752994,7.937653260506216,8.040823897052329,7.4325315653347594,6.730158311821394,5.6895976950673814,4.84496370546872,4.654825799486277,0.592301374963515,-1.1842183642168855,-0.5397772013662088,0.5491103128939339,2.4189806250367654,3.17736806274199,2.9794626363522276,2.7464593638390653,0.925945650034347,-2.766235001340467,-3.638666134287401,-1.3418665160783823,1.0569715780910998,0.08469884777596523,-0.1830638707614208,0.35039993339843606,-0.36210221072529536,-0.9905355454085465,-0.4667077647141185,-1.1948094739550759,-1.4486153251691807,-1.84237891260509,-1.6000373546131412,-1.1838487065045364,-1.4764210239411864,-1.9243954486989934
6.879822421682516,6.418195085370962,6.11914678446325,6.0382521347110725,6.245749125093837,4.700520502138905,3.8517336481969813,3.3182409190959614,2.851624138955352,2.2489559081883512,1.455267660358225,1.7468840834688564,3.3419803911533745,4.136924087515766,4.174912526746451,2.974442833415557,2.3594642219122153,-1.3098007214820688,-2.236238840981888,0.8421657906439415,1.223154341516011,1.154769676704457,-0.9298774200589823,0.5301753976662689,-0.6415981221121312,-1.1987625483990785,-1.0542131673643118,-1.0532100447550328,-1.5716088013471663,-1.9325212925224189,-3.1030479027897693,-2.612010645411683,-3.259077006264289,-2.8887734973251495
5.233493643838915,5.284352497158079,5.094442338040573,4.662145554946137,4.368065302445955,4.470120547327629,4.321956740862819,3.2382577350240784,2.968966810590324,2.971671417026723,2.7816764351462697,1.5299336724244705,1.7322181817678906,2.110017141533811,2.0293178579416282,3.4074210503187254,2.5882010394580552,0.6057120944525249,-0.9817716168901809,0.4847868758138973,0.9200668381332308,0.541150253408309,0.21570466619623777,-0.7788038515360103,-0.7448873597876063,-1.425381557098537,-1.5376624038337452,-1.2130862093053385,-2.7659847521667587,-3.2370424596812937,-3.042635173400847,-2.6272111564609375,-3.7522837270282583,-4.22300025993368
4.13952526426341,3.8852636879890468,3.890956228275854,3.802271070366615,3.893781137367817,4.374184901961778,4.150589831028746,3.3936460029760993,3.0208704912830937,3.6829654928137447,4.198151551532553,4.062885137594764,0.815916820940836,1.1742096788705925,2.1900698884663083,2.8979748964937553,2.0647445789660432,0.7582012106075184,-1.4339540045842294,0.7721448661452643,-0.8347699971560627,-0.7874564805461151,-0.28958152494372996,-0.1609967444224374,-1.514013715148999,-2.0758110132467813,-2.0799936231745537,-2.269880354809302,-2.6933797247432762,-3.635396805283716,-3.7546517416195826,-3.5883232686451687,-4.689237286325685,-5.314289609160695
2.6615481332300432,2.821398669228027,2.7540514204100948,3.24350690448896,3.1577919125373235,3.4191407309899975,3.9115379526475094,3.888644820120209,3.7168946833130754,3.870139765682874,3.7850132325988937,3.2751210524698027,2.995519737270801,2.962162955378394,3.276132978499782,3.8779652575946995,2.9020004385184888,2.049213542613872,0.32204284429144553,-0.2299594168036966,-0.07918981109496304,-0.9235963403502471,-1.456014068206227,-1.3268585410227862,-1.5197185370910444,-2.702013074959594,-3.2299104626168975,-3.1662916056553874,-3.177423780176459,-4.0491549303829935,-3.6393712487237746,-4.817871790832695,-5.4101263679501335,-5.6775615420416194
1.4392918305316904,1.6273341035737212,1.8223196121991234,2.293388152597252,2.472803653091683,2.445634969232133,3.0090452032592827,3.415218586292082,2.884462379951093,2.3380794164331555,1.9785471512717314,1.9952046620978736,3.317454545556216,3.904826119874979,4.042980575066467,4.806322669988392,3.631810083170076,2.2696020460820385,1.428513695162401,0.17676069650484888,0.17862688378236521,-0.7046848762025819,-1.4990493879096523,-2.084572116704724,-2.291460934746513,-3.2882508873925667,-3.607791388882569,-2.717474858604665,-3.590908032387339,-3.700537666688342,-4.141822870201142,-5.061738775035474,-5.563354456915735,-6.7464259550883146
0.693769883128702,0.7810441251936486,1.5784597412733334,1.7380079279901932,1.6872868007620552,1.9478234473555411,2.3431985423031256,2.978281385191462,2.4424968894912746,2.4751314221707053,1.8189215684396243,1.9206049233342741,1.769967469295112,3.0314797904711344,3.2273713359236638,3.6174830105937525,3.58289255937642,2.5285818536110427,1.343248679408306,0.677586135346843,0.08114729609783713,-0.9785423235406435,-1.7470152259888503,-2.4884460577341314,-2.7051022016697472,-3.963333920017519,-3.3957890069260723,-2.626975377113428,-3.172128188133255,-4.0282554818663385,-4.732458705181343,-5.331335271220663,-6.326958356119849,-7.192893823944654
0.2882795069124859,0.5131323083959793,0.623204951114816,1.1525721478211077,0.9439576280543014,1.5559106803138425,1.6959194794095005,2.088542111704867,2.2735123906420673,2.070292811381058,1.6421768838838773,2.3869820276393448,2.400947814122198,2.538353394752863,3.4050947360103363,3.8243015610667763,4.440994962661876,2.444857408712231,1.1194655356921275,0.17603762553306015,-0.6872725000334079,-1.3239613344121768,-2.1433279497753293,-2.738034207367475,-4.032013588263746,-2.8979883944402367,-2.651005465282147,-2.603381849734841,-3.3518941676869147,-4.1517922213476846,-4.752928896772183,-5.635031515920301,-6.50505561891587,-7.399603527778625
-0.9610947879164659,-0.4624810158428918,0.2783259456438342,0.19497765699206104,0.841923892479513,1.2617534196837485,1.4912269721662161,2.0857753157934202,2.6612509251279266,2.3950514350167005,1.339674547062388,1.5958982770060568,1.8873327407394085,2.5388983572659045,2.2980616569581476,4.062831562535664,4.249162509823948,2.6660274809553597,0.6155983321169929,-1.2365887459954108,-0.8357626837581619,-1.5729080725679174,-3.097475425297481,-4.668189679238924,-1.7862536573776986,-2.0899092359965574,-2.326765771427633,-2.542719704441146,-3.235775409718055,-3.925277882895096,-4.610457849051245,-5.820409497672867,-6.739508836341815,-7.424977003079625
-1.9087503344439558,-1.0251913441479266,-0.5994352969508306,0.37795558516093664,0.9485195041891248,1.798920557191557,1.6019175608279943,2.040601276826206,1.9055765856065185,1.7109239060403707,1.1063495567414408,1.895803777527727,2.219653574166001,2.471582550630003,4.599421301704657,3.268206331185049,2.2262098826679586,2.217284614131909,1.9996329921709395,1.5008065717889212,0.008503998871109525,0.28193656567963965,0.07415753434006894,0.01426894161775506,-0.8524198972599885,-1.685423353697384,-2.086179582731281,-2.3888162713713395,-3.1032258876707535,-3.975304445650956,-4.968777211091931,-5.8094150780499305,-6.622740183967809,-7.558861903244779
-1.5806342050389242,-1.1213340547787922,-0.676349573485963,-0.7447590440622462,-0.30487646394420054,0.5661461799336369,0.8279171691933896,1.4016733656688105,1.4322289706557976,2.2999229044329845,1.9947571507108195,1.589060563079039,1.6319934484311909,1.5605811673522267,3.8281229412376874,4.619355555989668,2.751578765359066,2.7853453487119832,3.5120701634888354,1.7114453680379331,0.01675196373400175,-0.4308193330447233,-0.16604443654014567,0.40665458475225635,-0.2457763988665449,-1.1811112866208833,-2.0490520217465913,-2.3454678616631313,-2.9340172300485112,-3.938434774149084,-4.919574928456136,-5.810973425686254,-6.562553737639746,-7.890671958603726
-3.361042016187734,-2.305240000735171,-2.002096415489411,-1.7212796505092967,-1.038328201191387,0.19503619085021756,0.824011552940191,1.2051946818706896,1.3687726679471706,1.6570019272457015,2.5047664442210076,3.1824518603501275,2.842663648768717,3.163655440830437,3.312927430354301,3.666725550239742,4.230730816636232,3.66106721055548,5.3211453463490335,4.781673698352089,3.5612862728182955,3.7925959083711884,2.4946441617118604,0.9390084691403665,0.30115199032227247,-0.7940724199613998,-1.8405320522310304,-2.60337650767572,-2.8032529779449247,-3.630830516755218,-4.965333341373402,-5.579348465067737,-6.864579511625365,-8.366862989886963
-4.187947092688002,-3.174919438421293,-2.6423209683428897,-2.262034255943872,-1.4573812023705106,-0.6988548178510552,-0.32441487577877204,-0.31129563591530934,0.5081912302158418,1.2989683838157038,1.5495281105875303,0.14022562429401433,0.9430619929129618,4.157563473806507,3.797301150350048,2.66279879545709,4.449010643774367,4.592251335167391,4.5329352562659135,6.191109954584309,4.934344609095725,3.9451896235832127,3.3938546443582522,1.618761883637382,0.4297340736114495,-0.5027578582343579,-1.5545356759394475,-2.2623293338842347,-2.581510335818248,-3.3218038868363955,-4.279596065340915,-5.324910367189764,-6.584407657094653,-8.17017957222026
-5.1661367742631805,-4.152813870670694,-2.960229709369886,-1.4168828470624093,-0.2951692402029095,0.5585837980787294,0.5777429513085374,0.25716043723551013,-0.09385383796467742,-0.6210514385912329,0.04748995660981993,0.7902252168635444,2.2165764184466967,3.8074999452747957,5.685562908558309,4.771043725512521,2.656557351857834,3.0510311858938337,4.49063162402157,5.017702339583235,6.101039728044025,5.455243580730023,3.936871015010901,3.271595720893396,1.2290711483970957,0.4233281279631241,-0.006793298608604427,-0.2141395252625425,-0.693646942366125,-2.096801827101081,-3.29096259832724,-4.44572640352254,-6.279683920885509,-7.1706640232712155
-5.833631531797952,-4.405438529838237,-3.379162583550319,-2.8859130005623754,-2.0774487605086196,-0.5036941209496911,0.5481771600909205,1.1144411031708177,1.2237855295247047,-0.03304249911647175,-1.2530077851270773,-0.8464323097869048,0.1130947595017877,1.3044220348971802,4.537889006864124,5.653325723649355,4.823431826165813,4.558657688200901,3.275491325047484,4.497095553397359,3.9438165636337397,4.724288496275082,4.975991211633503,3.5407358569237397,2.3174341626195587,1.2449038321880097,0.7503561699334935,-1.2927546026777978,-2.3285088397917573,-3.1820791113678086,-4.072129359008412,-4.039292759756285,-4.268694120407576,-6.252095035062284
-7.108138910752937,-6.1124427065642015,-4.923204730085566,-3.9563040698368876,-1.8640804307521128,-0.456616804231864,0.03046255647092851,0.7068061796122083,1.489976480398947,1.5270161548877237,0.27609852452446443,-0.21426986452395583,0.3748248999016499,0.8711549257234421,2.1549965199379257,2.647144498083962,4.158321546343791,4.603963589345689,3.763882841019882,1.7124560568637353,2.38437379823949,4.161057137781203,3.902162669437574,3.668821377038218,2.2068070725011792,1.691974053024985,1.2930078282144055,0.3958129525615408,-1.5827434370385445,-2.8268797193070636,-3.910072856575907,-4.341792942540382,-3.9077943619633966,-6.6574005021487
-7.0826729438779585,-5.654348036541652,-3.7943764316241126,-2.066745159013193,-0.9365576214135775,0.5449436765690077,1.4190271672762096,1.358545572421058,0.7135477555019034,0.7660046998793921,0.8289798083738827,0.4241654518435937,0.6977586038048919,1.3240017497297074,1.8525731346639056,2.011801683915462,3.54886210091398,2.7949437010371514,1.6311966676544818,2.5291075662354374,1.5947915102896104,1.272998493918063,2.4024269150013415,2.5812322157329435,1.5018692167439074,1.9924708711748296,1.4665372670413266,1.0351649708804045,-1.3299491384800752,-3.2338206011348674,-2.9847607138038144,-3.5965404283621925,-2.8442437073651945,-6.45737686075518
-6.526614432353332,-4.140240736562776,-2.732624535583191,-1.2858243392549127,0.04126149495211054,0.9479790484882358,1.3442270886515377,2.1966513405654733,3.0020672413949576,2.232210076298628,1.159712503919412,0.18671926506116504,0.44679741579102855,0.8434417596590387,1.8965187582691,2.914950930771966,2.4992549875543375,1.2324618850674145,1.414407788770367,1.62395539244243,2.279628820893498,1.649654217142791,2.547065698970062,2.0607639851436668,0.9263871950919609,1.588715776143191,1.7809906183755924,0.8578335728538553,-0.3731590808588853,-2.0736559897944753,-3.352298631109095,-5.22912622109968,-6.7722720889080845,-7.0677245591134845
-5.660715246764341,-3.6752615763375744,-2.15030605612173,-0.7821092530001803,0.5616496434465151,1.654251811006643,1.7941302268342636,1.7731454718413515,1.6877052976357676,2.0177411751621706,1.2946943936050497,0.8047459386089744,0.9900036601058024,1.382799232693001,2.5199257458701676,3.140397528238975,1.5370670006834615,1.8600882653934756,2.006336542728309,0.33654358664093487,1.8676089065094785,3.0927466259887195,2.1886491729272097,2.4735911201436194,2.1538524427195207,2.7359965391613597,0.9610955567320199,-0.44667957316032336,-1.1718530837535257,-2.412811663761262,-4.312749245667753,-5.643542202698962,-7.484175373647813,-6.444306069196475
-4.991945443909599,-3.505499645820664,-1.9457505667060022,-0.7080744212701868,-0.4501328350074154,1.3683434132987575,1.3761292549610085,1.9706879971496403,1.7153982669425776,1.5712297516493123,1.5842017300061804,2.3561724958310295,1.43246230364303,2.2396133691407965,1.9538837646618383,2.5811087367689187,2.8733556724073637,1.9123392072906304,2.3459301797437897,1.7140525421462272,1.5192190423893666,0.8393831947893907,1.4164014125577786,2.1640848405951822,2.0522057822752484,1.2363612091880078,0.6704157920338563,0.22933418070658718,-1.5118074110295259,-3.5779379913454488,-4.681510159728679,-6.883407627620425,-7.146098391240057,-5.015119346078883
