script/wind10m.json
{"header": {"parameterCategory": 2, "parameterNumber": 2, "lo1": 6.000027932988019, "la1": 58.9999434238085, "dx": 0.5, "dy": 0.25, "nx": 22, "ny": 24, "refTime": "2024-10-05T07:00:00.000Z"}, "data":
[rows 0 to 23 of 24, columns 0 to 21 of 22]
-1.5147884196585866,1.1794271099596771,3.533198634866995,1.1741873105289868,1.7825734427787376,-0.34283050064185056,1.0327226354399963,1.7117405786356183,1.4553516329091385,3.5570232270017113,2.354014167212154,-0.7081867707160647,-0.010082291816085583,0.5717061961346473,4.804542865088517,4.816948844149691,0.23598773198230633,1.3650985884037703,0.49945177193262835,0.0652910748961356,0.9645717092760994,-0.8054684644610625
-0.4210791523985702,1.2348575532241832,-0.06532294754083019,-1.080051226816702,1.6885785187990183,0.7645057745118755,2.809595987795496,5.814125913971744,5.413778066490127,6.381986995757937,6.356012410351946,0.5493371386796785,0.2477285363311734,0.953031800349925,7.528860944383787,6.246137405967306,-0.08953423136743296,1.1106283555320318,-0.7213877027065962,0.27676939116321686,0.7260388442325159,0.9509367099074945
-0.12445197180246871,-1.735570127270485,-1.0974406472768512,-0.4717969789705717,0.7921199263858738,2.0039150085037316,4.350120290082547,8.320105095539247,8.914281007089585,8.89172265667537,8.525701365434033,1.7393436323757445,1.2297403973762928,1.6461320890559716,0.9865968995574975,1.4019810828981532,0.5470200094028551,2.744600315347506,0.9013990665740296,0.7098045595379282,0.18964241201172188,0.727659713858922
3.8689609847251205,1.5619435577083745,0.0193584206200198,-0.5919084131509156,-0.03703244252899416,2.242003749590591,4.273678692702042,6.574570899588851,8.743632315472592,9.605102279826513,8.751320037291789,4.094163853444636,1.811021115616743,0.750158545693068,1.5247559795665613,2.1211294378201946,0.9862441484276009,6.30801790609081,1.189885638173331,1.0386279590387257,0.5359403468720035,1.335934697758733
3.351402486370501,3.805688626273915,3.5398991187449025,0.1715152703404011,-0.6337705912821905,4.867509507110186,4.711218921070582,5.591306985020446,6.607638694457404,7.269145025680761,6.9200583946698515,5.217089708542305,1.6230075154335517,1.218315492133355,1.057980196607622,1.0686823617513097,1.269447571468582,1.2851456538771915,1.6359105408538035,1.1129202801415758,1.378124991351095,1.2262434179943378
2.205412541834733,3.4000068617018373,4.206988370219159,4.171671887182464,3.318457420051058,4.786059479024573,5.933786016571436,5.332500975188995,6.574624338328317,1.7924007982141676,5.730053611955482,6.537988613914739,2.2864813071654617,0.20172702867681222,0.735579623335076,1.2854446544148952,1.2583678525297604,1.4680739513492507,0.8040671267413712,1.8467827857938655,1.6358663554339339,1.854522211755635
1.9698117435702178,2.1360423901762156,2.9745116945058787,1.8400187847931815,3.389237533709538,4.161301894463679,4.533762884730989,5.2730597281752045,1.1916542462433,3.2807610791096646,5.906919869117205,4.85293607184847,1.4555665124274109,-0.35535927192708283,0.826897181003113,1.1607704218044128,0.7942027192689805,1.0306184052318004,0.9536718342019868,0.035679671081971676,1.3084568700603403,1.5423685763295785
3.087004974120026,2.60632770277013,1.9197486424584949,1.2291971134103294,3.086508988258465,4.636825533779453,2.2726704595059033,0.6446193497116776,1.0579501931061217,2.563712200193121,1.774420157931011,4.429842155592801,5.028886633327261,-0.1822794274924024,0.41438097157870957,0.41624733600725305,0.3768367237110858,0.6117016508081031,-0.4674187670064397,1.390684044679592,1.3625749505825835,1.824029811686549
2.8737504896494457,1.1673851214623296,2.0736859103511507,0.04691165771584843,3.9521462865663417,-0.16327790279157992,2.250271303859063,0.8497147108351264,2.1455203776894765,4.502664130644863,3.476285605183195,3.8822196155288564,3.8111555148747573,-0.6717167551680029,-0.6898190604878801,0.8382901880073901,-0.26128874173718336,0.1444266354942081,-0.45462615287279384,1.265263818201497,1.3096052823102784,1.2765528643972734
4.935928839473799,2.5420223177738,1.3800195225946161,0.44855842018996,3.4281059527277926,1.2671564688285104,0.7652167310778517,0.6287602483227958,0.8981999302603436,3.2080594230780632,1.975485407518307,3.5922186908360882,3.0875591237758613,2.7991846259660327,-0.9142231908644914,0.42217124767949316,-0.2416991769873488,-0.31979983452819327,0.7767680394392776,1.124688112095037,1.0097490831494393,0.8755804979764575
4.345778572880461,3.156343099732586,-0.8610311694863476,1.7583968491491482,-1.2309363260107757,0.43168411378720156,0.36793367784548475,0.3488966186100235,1.7362207373816043,0.15551637447402375,3.491063112852617,3.3247930129037724,3.2032799543678268,-1.305239760863721,-1.4386224500041234,-0.9138169507455506,-0.3908133494680012,0.8975809878220374,-0.0929426928273303,0.7372727526724203,1.0307175218188454,2.2354921460263664
3.9711666586549104,2.6815725594039947,1.051648505917871,1.3379827554409087,-0.971793242195867,-0.6830674928587559,-0.25995910860265964,0.19514220997951376,0.9925380414862499,0.4449305477970657,3.228784134419521,2.458751513243097,2.695603695082427,1.5078885858215114,-0.7105816328787449,-0.2887046777915309,0.2620488711336075,1.159290883193328,0.00893362123355717,0.2703580332419756,0.8578247299534401,0.33378201166510707
3.4689287573286207,3.9276595610662266,0.24291953286443108,0.8087959610938082,-1.1720065593290516,-1.1668238675650584,-0.9181756781393035,-0.1359286167061042,-0.13168697668748527,1.9238557749871237,1.754204640825524,3.3810099653709833,-0.3663626227049223,1.6200397890664415,-0.15257165745041606,-0.662902388955705,0.3002681843902346,1.7078513982739807,-0.6513730007274909,-1.5699468981526876,-0.7030693665173097,-0.42141949980346577
2.2073614823564327,2.5197072932938087,0.35158837108917523,1.5830579770665352,-1.8959381332785405,-1.4051041153619592,-2.6786641334975054,0.2762407245603592,1.695714130485938,-0.06263561116382081,0.46836572024641204,-1.1554065428277438,1.1528179198065112,0.8668866735225882,-1.7237786158055575,-1.014754758237567,0.6603736878632109,0.7792213734750927,-0.34121060344862014,-0.7561301885329944,-1.722027816763608,-0.9761094359629316
2.9108872014737903,1.301202026284843,-1.1280254111601844,0.24431002542424235,-1.0382811048100753,-1.7073183684041466,-1.5179124939746205,1.2078016402334601,-0.5579183972157025,2.0545739807967367,-1.660758540515781,-0.5217809025726744,0.7151841707464742,-0.9029123285764181,-1.5995624547417888,0.41267126226288786,0.15476527136717066,0.16184470085640676,-0.8982295184309408,-0.9077714513729586,-1.5646781458761736,-2.3065865357543602
2.1730259779808,2.3872083371970794,1.6821306279532073,-0.42988927750509726,-0.9027286659484939,-2.737067534010293,-1.218124992857065,0.7495833699609064,-0.5674425229577257,0.2140139703208322,-1.185705190292012,0.25439596950873594,1.5155007235113216,-0.36019015291080714,-0.8428856214936962,-1.6799846902776525,-1.9495972250607425,-0.47907901261239444,-0.383638377209203,-1.8368838606993811,-2.2083811678126115,-4.259998952869238
1.2365175612482933,1.819249700494595,0.39975791077379125,-0.7889960242926058,-1.4108731322402381,-2.0106745154516252,-1.3625787709215786,0.7889347771894131,2.749565259398177,0.876283607961291,-0.9200332985241964,-0.42168365872303315,-0.299259762668471,0.898564348663128,-0.5418614280253432,-1.5645142798140201,-1.2564848152126569,-0.5603797109770049,0.02602085160077722,-1.8720842027362354,-3.5534081837237466,-3.4978362957278066
-0.16514785501157303,0.5119671858294439,-0.8836391197895981,-1.007177135766192,-1.072501207654849,-1.0330499017387809,-0.850943989918806,1.5064102007906965,3.505901614100086,1.6629083560120386,-1.1838233284887079,1.2167390269880307,1.338620750270826,-0.24700027846696146,-0.5307915688487065,-1.4000635117471891,-0.6898038772646373,-1.7919774345720827,-1.0125431545218466,-1.7141512686201164,-3.3686574077200193,-3.950711705168626
-0.6561628275822738,-0.7658259681548151,-0.5938453430420144,-0.9231739217855748,0.1530498068866528,0.21843060773070816,-0.8383410524607542,0.08687077579600326,2.736179783618282,2.871784546103761,1.8753970515427523,0.6216946122908859,0.39630323768083014,0.6427726145647267,1.5832512951723539,0.770652414008284,-1.2415476371880987,-2.268767926802241,-2.623291525878617,-2.3157969974557937,-4.837621298351186,-0.969119134480148
-0.7250317662696902,-0.4077364517259447,-1.1345039473322025,-0.6716031515151909,-0.4293498346692615,-0.11603803934504606,-1.420291957763482,-0.9308445053866784,0.5582766081869869,1.367963966710218,1.7578147239368442,-0.20446896262447967,-0.22900385503856713,0.7259218838093145,1.634926793675844,1.4929867250320288,-1.810105366529587,-3.49274982812954,-2.564953564230713,-6.162340483355252,-2.120962402329353,-0.8851673427789594
-1.1067206244386047,0.11622669495177251,-0.9582175207691459,-1.5299608184446796,-1.4681913489395502,-0.621754011054797,-1.1250374737785207,-0.7210335860137145,-0.34541664121281046,-0.8552542808347159,0.6107304334410472,-1.167562366289531,0.7231198149856543,0.7307444624247258,1.0792222921658838,1.1889241442809813,-1.5250855053366035,-3.678978382876578,-1.2755042911573733,0.5628741355316683,-2.376029356110315,-0.6812172583475938
-0.3624542822012592,-0.2778388308568912,-1.052435774023972,-0.5905934907240324,-1.0591771539153128,-1.5389003748360812,-1.9504434350671935,-1.7465152371666435,-1.088716503522995,1.740536504959712,1.7197881919797071,0.7681465189935133,0.5150863814311369,1.1831143039555287,-0.16663144705155103,0.33633341115873316,-1.22640492835755,-1.4739148530534525,0.13930161525142443,-0.7668572656275953,-1.4957457274595032,-0.681375531659967
-0.42360443485631966,-1.175442229149749,-1.8736316242910227,-0.8461203142570011,0.3431834970838162,-1.696196586066178,-1.312903860036267,-0.36414808292623696,-0.7633804986574713,0.5778119781134499,-0.4919973401219376,0.029981843484291424,-0.08368798223688088,0.02776690113731392,0.15643496639257437,0.10236478405812466,0.5765876548779512,-0.45093128284463047,-0.6664342236238799,-0.6409684817669957,-1.2884679755004975,-0.7137312088044055
-0.6066609043159559,-1.11419824621285,-1.4004254557805196,-1.3619455816458728,-0.6114949004175062,-1.4391403156199694,-0.6141620858158318,-1.8615587044646589,0.4849984542558893,-0.46781754305161266,0.5691001197906737,0.14958715985451232,-0.3611409485607913,-0.11661512206653185,-0.7579455547352295,-0.9303387307655049,0.12449953049409117,-0.574278378808782,-0.6540587570202545,-0.9210825416668018,-0.84348171411022,-1.8556164564549837
