script/wind150m.json
{"header": {"parameterCategory": 2, "parameterNumber": 2, "lo1": 6.000198445256149, "la1": 58.999992894266676, "dx": 0.5, "dy": 0.25, "nx": 22, "ny": 24, "refTime": "2024-02-05T03:00:00.000Z"}, "data":
[rows 0 to 23 of 24, columns 0 to 21 of 22]
15.331385697160254,15.706420657165072,17.87483195449343,13.271506182756953,12.473430369258297,11.486344444421746,13.22321860262874,15.236876816224276,12.688887333062246,11.0999649710102,11.767538041565064,19.310033652227588,13.851630657669029,9.995531701371997,9.86678515065607,12.466694626725888,13.883386728048965,10.92083326946191,11.225067664784119,18.44940822655745,16.370938792802402,18.747429581344278
11.81789983715663,11.679199463572385,11.882181121619984,13.957580770236257,20.890649217505928,15.278107569535544,16.928970519306738,13.503732161036039,13.288410016135918,12.537979714056933,17.111230898483804,20.209071169250233,18.095071212531337,16.406962534695708,17.102898405941783,19.24879423063497,17.065579288414888,13.431164661334904,13.536064897681996,15.421938282856972,13.660447826465267,11.39893065079304
16.241518363710263,14.477374936824717,11.422337289338683,13.58974816118956,13.356322812546958,13.007384582790772,10.581210938680208,11.754241801184905,12.970739770621538,13.865430173704615,15.321657208893676,20.73305392855515,12.402517022785032,15.59058774401813,16.439031124298644,12.987269476023249,12.696124614458231,15.612244592208356,8.880100852351935,9.551659338301294,15.449976607430425,12.345496945558093
14.250323842733794,14.945147524079093,10.597409337606026,13.144528683448092,14.17067263369843,12.90876958327432,12.945131052999221,19.3804634472812,12.56383071442627,13.235313010178015,10.622550906570595,16.68744563217389,12.778549115894492,17.73035162468284,14.226778568176812,17.402120073758738,13.59121044834974,12.576067657452773,12.200611440916122,13.983009363198526,19.90192441949691,14.02824873752502
12.192322085008312,13.544447833332285,9.918076327283709,16.763886608474692,10.97216471768763,13.134688478625483,18.69068887731877,12.468005654953377,18.421647510921776,13.237446232688397,15.088168453112191,17.32103403661193,17.218024041051198,13.181388494927898,13.741988643819756,11.210968099609003,14.486912203275914,12.848850652359971,15.847487789560496,10.930645151708028,18.408981389737896,16.314606603933743
13.68150121465429,14.479487543612922,14.964588876739603,12.747437886313389,13.137579539640466,21.074643908499805,18.985484780369546,12.582013277782162,12.284513997619063,14.144624537285623,11.87529334460158,15.198876393632315,13.948166267444035,20.03097391719897,13.448402829634968,21.351725598383496,18.72418686933768,13.56573001314632,11.903339914847292,11.848880763748864,12.607289847397254,14.651564139318939
16.345332465933996,10.708319469094459,12.91203153889528,14.33446291999917,13.694442822471798,19.11519771776151,19.220941987394095,20.29012451009817,8.392597717907814,12.048821183269316,13.413004908339394,15.24044828198627,12.446581495530781,11.36436158663446,11.292880046667465,8.277439249877279,13.565497057659087,13.4632686586614,12.297463039444615,12.970212442637738,12.025692722683202,14.334510604600482
13.648323830921967,15.2367329914077,15.38450195906821,14.72018038776975,11.878481175809295,19.49814873105265,11.421244754300519,15.714935921814146,12.025304687987473,12.774635415216967,9.745387094389027,12.824963981513603,14.738115833671017,17.161569186469222,14.336682807750693,13.65819010829312,15.21548698449351,13.107032213212394,13.913690961888602,16.333918932686935,15.91537487195557,10.31566199331286
11.317396668513426,13.137557232197754,16.711643875712394,13.552264647793956,15.639047510040779,21.59880567458736,13.100790117903816,16.0367685030718,18.851694126716733,16.45412809857792,13.435001913556876,12.392630493572682,12.639043425810462,13.423324433332166,12.96534766342003,15.407935135801866,11.62307887521201,18.551989032549013,11.705753560769692,12.429837796895146,10.699040537239371,13.646583966348231
10.888561538319724,14.733001166629418,11.863211492336971,15.527648393824297,11.533890473984224,13.802231634514955,17.662220042804027,15.411429039791182,17.225340905534036,19.369971015613753,16.22409722699145,16.21314927646301,11.574076242382707,14.251377054869588,15.865935460298616,10.750933383457262,14.950880436283716,16.008234542796448,13.916538065968057,13.029224470383406,12.387794488266316,19.31701302151964
12.041070329591069,15.797870442781193,14.068312620279007,12.002569854397848,11.948658123140532,15.422671386108687,12.875136049379384,14.224245202592131,15.088314949509773,15.195323980676195,16.379370648328006,14.842746892112725,15.765824791649058,21.369167187240215,11.565322179520432,14.540994869149356,14.419606957348666,18.505803641787296,14.70301767283812,10.123439392495843,20.406722490526576,15.921471292173296
13.573755064194245,13.204368277035513,13.011640211250516,13.082425216613288,13.632449563064712,13.573677736949207,10.77115238036935,15.154505927386497,13.450345441878747,14.192768592879354,12.286672178310022,9.967955876845213,12.592375734140209,14.385487993629404,16.83520822234012,10.78307703834325,14.904473203994872,16.850040257404043,14.18832191608863,10.72697158385833,14.304809335762949,15.158468849989037
18.647612071462348,12.798551292643582,21.470393098882184,8.779380480142684,16.704000529932753,18.139701013841087,12.5810993479125,15.527832030036326,16.93414119094488,16.34846272898251,14.178321319148479,17.416645014041347,12.430269589192424,13.145799693894787,14.514034344832387,17.619199955478326,20.46804437772201,12.664735138803886,13.772295603762789,14.187096942717531,13.119780815436869,12.916151299228318
13.553127983771557,12.558557732725893,12.725226518754809,15.574397592939514,12.484883210586757,14.231807554028771,18.040379288675854,12.521356595945267,12.167859582416902,11.673180660240083,11.351694100318397,12.177119361997553,13.85250227208193,14.780547823220745,14.223616092335813,11.215767156457575,12.443307748994982,12.90538565154415,17.68995292306271,18.909274318325707,18.274706102609233,17.700687994292455
20.4349111652212,11.414150402774078,17.001945950815898,19.05395890719158,14.033685761142976,20.00247631071088,15.488743287386889,13.98587788383899,10.450511672623069,18.849999622565026,13.494011889110896,11.939093825686713,10.66667937869864,12.399194656576567,12.051440489273096,12.193007711034838,13.14194888638339,13.399507653734144,12.323147952217425,11.446334249745611,12.932356131360569,18.315380436203096
16.269153219019792,16.82470579428323,12.043071956610842,10.696489918263524,12.73153766039224,20.356426659824873,10.265047808266004,13.852083262021296,13.799273064538253,11.102046391317872,15.35159877118734,14.862753459869353,16.272264046241062,10.845556167840922,13.837599602845787,14.438399025106701,13.972821509179713,14.35390032372008,20.15347208158129,11.867458889941304,13.525578128907187,11.495788872716732
16.68371656312608,14.886138917722949,15.455074227059988,11.801250247499711,11.887197382627924,12.442585599619969,13.328809889194556,13.399370174010935,13.783428820327464,16.68247951975579,12.568857527432481,20.74221791543164,13.153090653649508,12.10095449066072,14.398198711140019,10.899769549938616,12.856898128986304,15.027458781775188,14.05588494679777,9.397696292331622,9.531175419760935,15.467195344626491
16.244916261288054,17.208558029578086,8.468392553797482,11.776238623117031,15.29124669079146,15.901956546531405,15.118913220703892,14.045135489259252,20.102322660561615,15.137734392888097,8.234365804513205,12.178917500743792,10.996574927057114,12.26677421671835,14.351148649845657,12.453827603210142,17.09279335704568,19.56587930909537,15.212564827237346,15.695807309597,19.50479102316017,12.537968609625533
11.960632782318458,14.645725778287265,13.059475243522144,15.75830763035895,12.957048208346801,13.247452672481984,9.852020833621353,14.065231939091062,12.866891781719621,16.06607916055177,13.656817300007736,13.153880564074415,12.578103451238011,12.934014005234388,13.37594732470266,13.919880699509005,13.984839702468735,14.253783719922696,20.800372485947985,10.203830509308915,15.573447472221055,16.439636556485155
21.53588632911342,12.952265378961025,14.396264806951658,12.418663892467924,11.07579972614781,16.851449617316483,13.556155250054422,12.332387292162046,19.933656706693604,20.626951795786454,19.254867480621193,13.414834585493304,15.504639161271665,14.747486499273043,10.856342839614566,12.449777614170308,17.016271951584994,16.482470834863417,10.518077102534011,14.825463241658724,14.84569790671527,14.855578416010214
14.320949845553605,14.666347401320387,21.049003717165927,15.154072904554624,11.208726935622964,15.547807731736649,14.512949589377214,11.858181753345304,16.551239191992387,14.817674681015646,12.328341006369783,12.436472453431438,12.960058885633707,16.42131663380768,13.30287213074219,11.31219868625078,13.625420855843917,16.85778508878661,17.937109092956323,14.497943521473053,14.345755423920492,17.57086244781646
15.16249828577575,20.506451470966134,15.268867387861542,10.158280459315334,18.229195274627422,12.659954804104112,12.582074048409485,20.829877934864935,16.846028447027653,9.946071127414783,13.370436711102867,14.299054798060569,10.710391447004385,11.960333385543917,15.213544725476941,19.139289731769882,8.304577439521136,13.01156763591238,17.684959981829266,14.663916690565683,9.670214369522578,12.690280212293809
14.429367994766567,12.047498617767182,14.734706896754695,19.410043502178564,14.40100115832851,17.70320371145501,10.78116744967557,12.923483412105334,16.480663352379114,16.359796851371886,11.978166804357347,13.552671928864179,15.496997318710719,11.525771834664397,15.095220830422175,13.10135960942222,16.435760065976744,14.129990548292668,14.12436444227509,14.972419786823865,14.080880916115628,16.148342206432297
14.91867354498794,15.010028219904607,13.197516819270922,12.415306240051592,9.51081027045104,13.375341477230904,13.107771987214646,14.303792148932112,12.475509044616159,17.512178959015078,19.28319326456753,11.12711049127725,16.512443639455064,15.198837972204474,17.553509271100292,14.581949838612026,17.573830033307214,16.075025590684188,15.5757800375144,11.956749736760795,17.69921008201481,13.224029299055713
