script/wind10m.json
{"header": {"parameterCategory": 2, "parameterNumber": 3, "lo1": 3.000054539987559, "la1": 64.9999836372058, "dx": 0.5, "dy": 0.25, "nx": 34, "ny": 52, "refTime": "2025-08-18T01:00:00.000Z"}, "data":
[rows 0 to 23 of 52, columns 0 to 33 of 34]
-1.5239376820143602,-0.6321352147457626,-0.20919445044482834,0.2976567078592961,0.6378681483444564,1.4840104771042844,1.5405687694277508,1.795603510170658,2.097650511619833,2.3497629031338754,2.4685767140165433,2.2917576606719248,2.649627937241672,2.844331938413806,2.907324641696162,3.061623372863457,3.1907393696302515,3.978556949518558,1.7405398132434104,3.6051224425575343,0.18993263192156032,1.069491220929814,-0.8194615763473211,0.9188960402519514,-0.5019919149446047,1.3598595771860862,-0.07641125720144273,0.6812005754675715,1.517143409217112,-0.31533288897889244,-0.28399755114275005,-0.3172251388952356,-0.38634335184990815,-0.1886167609293371
-0.34400207643335773,-0.3201183648116119,-0.08346335660977343,0.30352417466995735,0.6927192446868258,1.108849595645546,1.363049470337314,1.6667597411102748,2.243718831256117,2.6914003402810294,1.9510241092863245,2.579117525152285,2.420217362905026,2.611474712254515,2.837815602704812,2.8503844660084883,2.9134594848172575,2.636102381325839,1.0763879591509384,0.5097642685323114,1.5823616600249006,1.218059833290364,0.7549777635335573,-0.8483083807350837,-0.6088045100862574,-0.36079901401302117,0.8239651859189564,-0.07342774922612917,0.6762325569330381,-0.0036634993965973957,-0.43128347295419417,-0.8870056576103111,-0.9982852044589058,-0.48376748672655784
-0.8271936266177761,-0.2689032014072689,-0.04455714990643669,0.428505906354227,0.5621613797612669,1.1859693510819405,1.4613083964971505,1.8265602006040287,1.8511389971208512,1.812969078385843,2.1949469059772198,2.125292028343658,2.1084088393927853,2.9279097600386335,3.2929874271888617,3.189210286393893,1.520426226193595,0.5644221947133452,0.5497040931384882,0.6731600585865047,1.3061680507300184,0.8270409938559031,0.0608502931325433,-1.1860093566671461,-1.0100658646584313,0.5812782313333898,-0.32413989367485146,-0.627222510796669,-0.3774566885973359,-0.6948449227396934,-0.5488182560689139,-0.4966641772738889,-0.7080420983173964,-0.2948026992044399
-0.7492835998909975,0.006952732036739922,0.09764145588985201,0.6108509802621537,0.6723774375336907,0.6803853706146149,1.5715869143149839,1.312658755456532,1.0683172597321424,2.047716088757927,1.6180162559517413,2.0010399378833474,2.4559013031302634,2.249456613400675,2.4415390299581237,1.3831828518690066,0.06651360384045661,0.7266982552904659,1.108056952854726,0.9346184841162871,1.221076202206515,0.5163569066087397,-2.3259458914919815,0.4165825409397003,-0.6868787584991249,-0.33877050684427307,-0.05734682919984667,0.018895956451086476,-0.2856931299923979,0.5652022257341401,-1.2493267817919917,-0.05549802517120426,-1.0045723769453105,-1.916869406433604
-0.1114198179240321,0.48965584673843765,0.31497435046272454,0.15853144025664534,0.4417991593064906,0.764871875450912,1.4992723589981902,0.9738449626909798,1.5916291059170098,1.5112445657367473,1.5223951845583277,2.0676662366942677,1.998103569549174,1.4551318404092968,1.099891539292171,1.072475175978993,0.2831206807396532,1.4618794509239197,1.5346532449352956,0.5718773144834433,1.2669041890265278,-1.7383738473429604,-0.37867588191992335,-1.0406656391513844,1.1001178776787959,0.6420184174733056,-0.17654251256989678,-0.5296942867573543,-1.0715136806116217,-0.39020508024021205,-0.8582253389574637,-1.9577001014856206,-0.7614287939533141,-2.064314758811242
-0.2507452005739247,-0.6005131744376924,0.007217477980091723,-0.0400906283203,0.6197928077524018,0.8814743503434166,0.6045088000733011,1.2252992961350326,1.0829583962043232,1.3965306014477652,1.741972562644449,2.18797610162785,0.8315384430322467,1.1760329668226108,0.7246552714306068,0.454298444891422,1.8373314222460042,0.9462650132892214,0.5850131211273937,-0.5536417974467963,-0.06183616133757632,-0.8439619068588134,0.575113206118804,0.8114603135752044,0.9320769666415054,0.30378980678355255,0.3429838288416057,-0.3302232243497681,-0.9177162116318859,-1.8963174736629982,-1.594251630726775,-1.5843383322846794,-0.8015863220848206,-1.267359595198229
-0.690305726253949,-0.36203910460138594,0.05060359227204749,-0.045555702409284825,0.4574574323838805,0.6819641078237637,1.0051816735559191,1.1903224902548897,1.2537350628161745,2.19487621369911,1.166007280098899,0.7372501024532501,0.30948067350021974,0.14766432823205455,-1.0955293924205776,-0.9990992005423334,0.5288864425991431,1.5529688413970222,0.602599067225664,-0.3272392872607899,-0.601456037980404,-0.524505705521255,-0.7853020547471509,-0.005934994061591336,-0.4874765451480427,0.08821891097330005,-0.43065448332122935,-1.251922242536255,-0.8145189974900768,-0.9997137326409445,-0.7312121223391825,0.54928992953671,-1.0685798537042202,-3.029881471873626
-0.5435306294758796,-0.1749016384285656,-0.6840068296546263,0.2662233352718031,0.2786273682066029,0.7407915384594417,0.7764510642109156,1.160195158415847,1.2544799698011047,-0.1987179920814934,0.11633481910665991,-1.0783524331264607,-0.06811593485858426,-0.5263230860019166,0.31819392736231195,0.8809999275318268,0.31660687497815343,1.5175318778189528,0.6108600201984585,0.7936825184858268,-1.0717768506642265,-0.2092350926298864,-0.6894675217649675,0.05632941619938465,-0.3851148719487787,-0.3420239469328301,-1.3666900508877775,-1.7249253601071612,-0.3247609267499399,-1.3456784029002111,-1.1721330645504302,0.27163903965588854,-0.971159342740598,-5.726000469655704
-0.7148512055432461,-0.7338038646058574,-0.4651761579587994,-0.0837454037376128,0.19834332235810082,0.2672647340987874,0.5713127514779179,0.7878914197412668,-0.4476873978131143,0.2543684013884303,-1.1126855694079987,-0.07975275044715334,0.6720465706854906,-0.6119047178725732,1.4523028416977048,-0.5631545375250562,0.6912858534553259,-0.11934784958555682,1.0701524564510854,-1.7272404831553065,-0.9667950572167247,-2.7249196665312687,0.07851208906018631,-1.3718038636386158,-0.9341826729210829,-1.4285305940206123,-1.0543456937998028,-0.3807255087938568,-0.021212385007300362,-0.5677269413068982,-1.175693808959374,-1.2339177867373672,-5.937731408226929,-6.478237432025106
-1.1046826914475885,-1.3499963992981945,-0.6984551331165009,-0.5299797533138625,-0.004468928853660234,0.9235393555648232,0.2402593186867029,-0.30681380161351296,-0.8529507044672513,1.3307088215011447,0.06283967766670974,0.20441933293650727,-0.019845841112731095,2.0269384556577643,1.1879239404288209,1.6112186761079692,0.6754215354454002,-1.6447033257403498,-0.31794023563129553,-0.9015523710689045,-1.504624407391137,1.2021391879170353,-0.9709930119528336,0.9471113858786967,-0.5798896944010045,-1.7072684366655988,-0.7609455588517138,-2.3134937729580884,-1.9637404754216563,-1.8319423720489498,-2.564397900935591,-5.21122014374815,-6.108195420517433,-7.6647169900664585
-2.0337585463825656,-2.0607458604370663,-1.1073891735725274,-1.1950582216129377,0.50291967060494,-0.28426914499980105,-1.0206726531193726,0.910980358787553,0.8434577235888785,-0.9620240720220864,-0.8993535759274149,0.24246063512267088,0.5640681467870158,-2.1465217603023397,0.2008783880306782,-0.35214591328600325,-0.10605504125687495,0.84586207062701,-1.2052973693793936,-0.10438310134903808,0.6422925583916381,-0.7239105082781245,-3.39376958131573,-0.3207589384910627,-1.8108826324508736,0.09955834618926993,0.27938571703814324,-1.9091943680068209,-1.0244689162073322,-1.4035383078512889,-5.420191758666156,-7.359411599190204,-7.6377772133046395,-8.179042875078729
-2.638220874611419,-2.9096653455946386,-1.2722097554827485,-0.015440603446662165,-0.2350326773176912,-0.5483843793579203,-0.09337055023835406,-1.5248474401437466,0.7675180627262714,2.124388209475921,-0.5956896599444067,-1.711269528582213,2.977505081601787,-1.7926401798075782,-1.0105472063484882,0.5137041848194128,0.32643158091798025,-2.3156275775135193,-1.3408821995133584,-1.357615509238496,0.38087125489160656,-2.540302726155576,-0.3541742058130102,-0.7049958204833614,-0.5459862480584924,-0.874784500314641,-1.6349484789283824,-1.9563472550271197,-1.198594645030449,-2.0890445209375144,-5.583302729587663,-8.411101572626533,-8.66393566845196,-8.500736368569905
-3.054985748434579,-2.440572393650767,-2.096377654806568,-0.8407182192363639,-0.9561746401132144,-0.4193501238736964,-1.1488259641381164,-1.9738998759148918,2.620560495599632,2.2372150175124155,-3.8553590720455233,0.5405737213958518,-0.059323594086265787,3.089127913124308,1.6316941417655235,3.5405888946441664,0.5982137289537518,0.47795798922070937,-1.3691680227854541,-0.7949535202041845,-1.46836902127267,-1.150081513150209,-1.0824470695313917,-0.9945178617145318,-0.9310766992920441,-0.9129872305207359,-1.5643088686891766,-1.9008883941351538,-0.20528099449942874,-4.97996342330705,-8.456200230959173,-8.495541952799787,-8.784375224518119,-8.460906908661403
-2.3841058152713885,-2.1407938878987283,-2.6219255521694036,-2.8045730796420365,-0.3001419598949283,3.3647972226012897,2.159035945059512,-1.3175239172809738,2.2340666659442614,3.7324248804527698,5.388333742198308,1.9081539596865886,-0.13782530228990195,-0.43761565525504825,-0.08791777876175116,0.5812336525206926,-0.1791701541718854,-0.369298292931939,-3.6824477311876174,0.2739158232699347,-1.622627862642093,-1.535120152178501,-1.3319872921923126,-1.2771978266411381,-1.0492599313640487,-2.2605776667228628,-0.850647490724969,0.7097675228914102,-1.0577292587372378,-3.302927886301757,-8.496886442998212,-9.34394999690359,-9.101649975090181,-7.86006643537368
-2.869372753874157,-2.9788806446161624,-2.930257991621549,-3.8593185712629254,-2.956414553698537,-0.31279830984661466,0.22484009163176943,1.1101617044608,-0.8436486527007954,-0.05573561663210727,-1.145878118397641,-2.9505188987427244,-0.27625969640079406,2.2747849472832726,0.8000026926019461,-0.5176933999212462,0.239745787378875,0.3323762131666084,0.2119423475567863,-2.081569267799694,-2.1389994039100437,-0.9341730071943043,-1.3219954608043831,-1.815281925788192,-1.494455860450315,-1.8456130509651405,-1.6498662631060115,-1.4190028535847155,-1.742199291456251,-5.257262051530853,-8.4010083059949,-9.36169786188172,-9.00173846763919,-7.169839526418356
-3.2116354812906707,-3.4756034120447623,-3.9786145251914413,-4.7267559944972115,-1.400339749590551,-0.8945496316164121,-1.2304131244798509,0.26739068626455037,-0.5376233444229765,-0.7073194892242142,0.8729086010246844,2.825980451859842,-0.7426206496487302,0.1175766662157335,0.35960274461740643,-0.8771219915033359,-1.5401894481648022,-0.4649968017464171,-0.925756853965473,-1.30983493818009,-1.969182584166856,-1.3688900589297675,-0.6739275111379116,-0.998363964578834,-0.4647166850002911,-1.6606514065081197,-1.152173917131876,0.18773685033563842,-0.828425048883361,-4.968376224675017,-8.4006064786216,-9.116312967144776,-8.094136255689193,-7.338960725032886
-3.445879483776584,-3.919532509822434,-4.400665098559712,-5.90241417255495,-2.9300227545444444,0.35911359613730093,-0.33369104477239303,0.9175432185737827,-0.1938121018931223,1.3397510650131754,1.1237815671968188,-0.8095355872885979,0.9019938063652277,-0.4296452327679378,0.10179075337588012,0.009238211765791577,-0.49166520732290303,-0.048335299511082945,-0.5674101868120186,-0.6539172661846911,-0.3273234805505396,-2.2846216329620495,-1.2567559526359615,-1.0060573687239251,-0.04339165730695627,-0.939218683164916,-1.991269208745334,-1.9884859296294004,-2.074141371162783,-4.733925127200299,-8.221689875994763,-8.555503089501181,-8.123060237713904,-8.08127608439105
-4.050492092225148,-4.719859651348202,-4.938635979911726,-6.42239660689661,-2.9239274263307937,0.2501651597365063,0.665188172138732,1.3177728387140488,1.8112146295477272,0.0005502178602620916,-0.23965884509549853,-1.4103941908520599,1.1414470871174518,1.2722525953748027,1.7473295279069734,0.9365936170507013,-2.09638770808743,0.8118198690106226,-1.3785848760168173,-1.8030031776998838,-1.8457240174380842,-1.1929469530694774,-1.4492862265042157,-1.4590676149534219,0.09260688556738302,-2.402968462814296,-0.09867755937660279,-1.860618590929587,-1.473724776311206,-5.678930312098718,-8.691638425471814,-8.464708725810752,-8.27144775652052,-7.761892834559662
-4.022883472618988,-5.003407490930274,-5.4145331264102206,-6.722167012241267,-4.040272595252969,-0.58479645037723,0.28083851825745265,0.7682479765990314,-0.6650983152472919,-1.14457226139906,-0.4135562167296833,0.05686277059296071,2.1095470152217066,1.0533295589074403,0.038063534354851596,-0.6002791524215211,-1.3055340265366568,-1.460398525158485,-1.47549519144003,-1.439633120449337,-1.6633885534952102,-2.8845898903766156,-1.7435176565958648,-1.358124605789965,0.04339991162041122,-1.5254677286042064,-2.086732701591983,-0.09873207086379027,-1.4297860101722608,-1.3247473160201566,-4.154821411747883,-8.158125066660146,-8.794818848975853,-8.56983203042094
-4.822008443352848,-5.41296374181505,-5.783113246986335,-6.686081974737936,-3.08208608691301,0.28725336861280637,-0.5574883826858981,-0.1810269044227597,1.276240971309126,0.36004406997753513,2.593193092860563,3.3040089938855624,-0.6214369475066216,1.5781426552786784,-0.7676342449206702,-0.013465672628654227,-0.1420151201020831,-0.9491098320589958,-1.7618887049835554,-0.3918420812849756,-1.9621992834388102,-1.2322646062093676,-2.5180185850908483,0.05361414115065429,0.11379047043230107,-1.766052840743832,-1.2351916221994925,-1.8485436140801754,-1.0985105511448667,-1.2303363864999932,-1.8001283530816885,-1.9671941947320624,-9.241079417576934,-3.865365615315343
-5.075138814471461,-5.447943145666875,-6.155233156469806,-7.213714673366641,-7.5709387563823105,-1.3095442165380966,0.340305568618513,0.778584347987679,0.5894906671019999,1.123782616050662,0.8616658070312244,-0.09595572517195666,-0.2174686224135944,-0.0038181593404916126,-1.0660830021585377,-1.6192708360767532,-2.441691269389974,-0.10475689496944211,-2.2697450504872942,-1.462766023440961,-1.542603428969688,-1.7032278524304336,-2.0046633541501135,-1.2042513089048201,-1.4223663158844104,-1.494436217613362,-1.3802788826273789,-0.8840184428871117,0.06638355596728383,-1.050691571677627,-1.8402851325680827,-1.5544953723068566,-6.875333976075153,-6.96134758577341
-5.311508201750093,-5.526826322482307,-6.4919151771496715,-7.762197229688911,-8.411996274971735,-0.5070156644018016,-1.5005028983697386,-1.494735588576347,-1.0173720356716454,-0.47888768464751436,0.7268886895777384,0.9098299638300956,0.5971938272034051,0.1760294448294555,-0.15592940805604497,-2.600178035113046,-1.1705615261765279,-1.3978815599432466,-1.7950622213824357,-0.8636680016779182,-2.230597620741067,-2.1400536252005176,-2.178559314077203,-1.1581367442074766,-1.3463787655177246,-1.876485928560203,-1.1051442512624812,-1.6210751323581172,-0.8266061364750824,-1.8219508009299163,-1.3998291508157858,-1.925003637942565,-1.2407724987479698,-4.323164128057569
-5.559265058304237,-5.764611129772956,-6.821062864458587,-7.878252580441865,-8.934101732511229,-2.028970583939559,1.0846814273539476,-1.6056316254251033,-1.432592969245452,-0.29186823841586906,0.3288113032716842,-0.26026497697473866,-0.35436327499651227,1.0499244749911065,-1.969712522440433,-1.4679786097839664,-1.8184830702900834,-1.0954252981435773,-1.0294101542337437,-2.2794355218576086,-1.0987893201819052,-1.8018812734541327,-1.923226348426904,-1.4018451099331692,-1.0106695351255546,-1.7966455622690898,-2.405995586887427,-2.8783137238407717,-0.6050502503803559,-1.6038934173286743,-1.2658208331919951,-2.513769818711399,-3.124764142743236,-4.860318431166227
-5.934830098960948,-6.351751098146661,-7.23278787757861,-8.17714141627335,-9.206119669531576,-3.2347130624872213,-0.5184685754048068,-0.7171315386521492,-0.9393589942018111,-0.5359042781228036,-0.2628184447253873,0.32467252577163297,0.9575192479260198,-1.496900594920431,-1.9751048699374198,-3.389583978449061,-1.016871488511796,-1.3149029106899985,-0.8396193027170762,-1.9129961772406017,-1.8311155187264436,-3.03965652590556,-1.6766282862437847,-1.2889170746707255,-2.721711269868553,-1.954747595276683,-3.4010511141294892,0.12254588068636715,0.2373792940114306,0.7913696479836099,-0.9202322550797047,-1.2437866706971685,-3.528984582209998,-6.449936124302729
