script/wind10m.json
{"header": {"parameterCategory": 2, "parameterNumber": 3, "lo1": 3.000054539987559, "la1": 64.9999836372058, "dx": 0.5, "dy": 0.25, "nx": 34, "ny": 52, "refTime": "2025-10-26T21:00:00.000Z"}, "data":
[rows 24 to 47 of 52, columns 0 to 33 of 34]
-5.740487080064943,-5.545322879719621,-5.654214298455967,-6.361699673216128,-6.498109493321437,-6.401273492400246,-0.29617462642570835,-0.9213361110028353,-0.03192643472756919,-0.4929654201243548,-0.5826944461022824,-1.025531541869527,-0.3427165140935878,-0.10630645440670047,-1.4190930158009236,-3.1513559889302787,-1.8922515706245675,0.3184532845944751,1.991294426663318,1.6906797507130218,6.85531928686118,6.464516869459843,1.5663461139522357,1.2743417965948816,1.586143160179131,1.2838446386122087,1.4693400712534,1.1480632353944533,1.962226541387784,2.426631320302845,0.56153821251805,-0.6156575040663624,2.6397403910908803,8.254182107312522
-5.338609246340948,-5.078837835381553,-5.805666502289316,-6.250910832084618,-6.587146964784474,-6.751557204088537,-1.8659847275695787,-0.11128179575094668,0.18469430328066788,-0.10598383367082079,-0.44744787255890234,-1.3577272010455488,-1.492824086301108,-0.1506880874351756,-1.7190250873402717,-3.8228200302803055,-2.8828586978609505,0.41835724320388723,1.8150760695543802,1.8385606927949871,5.982971840751698,4.75539972028079,1.5850548386415257,1.6845626688660658,1.0621357252323527,1.3088525869944394,1.529327113039041,1.3141950236324151,0.31371457342814474,1.7618199513613595,2.7284625199060155,2.8227721949455167,3.390302094284274,5.353991017588941
-5.85143684238521,-5.859596665373256,-5.777223153562023,-6.479788744512638,-6.605727617584562,-7.069612460582576,0.2510516424167976,-0.5009086873601867,-0.5545740064231778,-0.6547672753352247,-0.6342285223068678,-1.0922159989690257,-1.5367047959345819,0.2938143184403137,-1.417428540649618,-2.681819135025164,-3.6345678201578195,0.9286580800515274,1.090755467605463,4.224720248480875,2.5486979482037078,2.2911029901177224,1.4518893582534602,2.280481738584596,2.0704945744710495,1.1922164572052512,0.8040685993284923,1.6457982066833428,2.7449224191392383,2.579338852684919,2.745437205326215,3.357372748277574,4.368068126166053,5.092934746934324
-5.564531277518828,-5.247137244381672,-6.0640244428789085,-6.5034863248065085,-6.498997135979344,-6.774756617348183,-7.742816722178163,-1.5366153138897334,-0.49086906301030175,-0.8967800035675959,-1.3696804262623632,-0.834957515440301,-2.047899359922805,-0.3620650622876811,-0.6889022367558874,-2.583225159252869,-3.6170903431191537,0.9950636160778904,1.0081548292530973,1.5026684953325664,2.1945308047463756,1.598702724645912,1.354757896159937,4.2741141295734755,1.7264973746258738,1.8294219587879275,1.4503250318639247,1.5104198528009005,2.9367507661443,3.287853464860036,3.3473781086728294,3.425575909137647,3.8378844561302583,7.0203965145641245
-3.7729498850372636,-4.968383290342036,-5.32943728987597,-6.0775725286366,-6.057898598497716,-6.1385187420825025,-6.972905270593257,-5.010380996188504,-2.1975223009683913,-1.2729304506865073,-1.8786140750010705,-1.3026631821906218,-2.0952499315090933,-2.1216906309928167,-1.256584847135222,-2.7554302711372243,-5.1700489739592514,-0.9849564706728811,0.614884926003943,2.219625166663107,2.3810001774631813,1.973078741385043,1.1467670029876043,1.7871234492051302,1.7136089637532534,1.349795070866508,1.3891031468654738,1.341949553462696,4.511372314775597,3.95601662970207,2.377260802609294,4.455476866429729,6.12750359621806,4.601490693826927
-3.6012359306103034,-3.797611184199661,-4.436846992364624,-4.806616627971007,-5.208334968632725,-5.415799777728079,-5.492384672806808,-4.573462429977523,-2.7855385676367486,-3.615480307071779,-1.2789291697072318,0.03276797617215476,-1.1010636448203406,-2.6884984520333255,-2.069807521059035,-2.2230067851024184,-4.628456019002418,-6.587612441843308,2.827998739344606,2.8650296740175683,2.562852609559061,2.4341086133727594,1.995814068676652,1.1146868030090218,1.6038855181452216,1.0038537342636071,1.023831145383919,1.4016114850911308,5.0860642363289115,4.6516452790594,4.110411958429976,2.6028207919533624,5.594231485141001,5.335998125109281
-3.06080103394041,-1.434447920082054,-3.440531541656239,-4.295762037258456,-4.801599130351141,-4.702764593122992,-4.797717214091037,-5.69047898546302,-3.6672269228658876,-2.1336215665440403,-2.165006386697057,-0.8207056863612766,-0.9412359858175765,-1.4030745129170208,0.9732500827322635,1.8268901236089428,-0.4871845718409328,-4.460295326748206,-0.6161809559523564,1.7190535463452314,1.5218983107683253,1.756028285849282,1.6301297891169646,1.828045580030568,1.468699289419442,1.08531868350918,1.2895565240439069,1.0650324704743173,4.500301350707343,4.651574972666092,4.751683974837173,2.053389001488597,4.487539883640471,4.093085069301384
-1.857501081495742,-2.3663731006640663,-3.0024603366840297,-4.514515173789015,-4.5009981174129985,-4.396945323641828,-4.45077576030426,-4.2726020533633635,-4.522355935066963,-4.092459762638253,-5.014902445084667,-3.584946250605634,3.51878583283658,3.1437667163579173,1.6397625780017695,1.3483045907843754,0.29990220202828255,-1.274915468319668,-4.270503419607329,2.245854633891717,1.6060840165237944,1.2655654159497767,1.8005992482936646,1.365375991572657,0.6991956626299436,1.1480819616830857,1.160375385493131,1.9004849504406691,1.4828290239857846,5.168352211245182,4.784540540337715,2.0980981719892196,4.840417682228557,6.000513876870556
-2.069977828681565,-2.1803201926355764,-2.672625645383852,-1.8219056430571208,-2.6702484623343734,-3.957592199056254,-4.656069486006513,-4.667348703428814,-4.956242680485818,-5.946988003076149,-7.154517166783259,-1.7784524135952575,5.348578598799273,3.283798365178149,1.9357008201388637,1.54179158446285,-0.07262807847967244,-3.8128737911906514,-4.862162130006713,1.4069045928384238,1.4928012382951477,1.283869136809935,1.1698791985919645,0.8067911449391854,0.9582702486005836,0.517025345049767,1.7628171020210555,3.7919758209999643,3.8787171868270156,6.381822356689572,5.948896705113409,5.337017253418923,5.2721896288648376,0.6428025931098345
-2.391824806658532,-2.4767573698821828,-0.9951683093620267,-2.3396996688477842,-3.7217172881166127,-3.2412244632882836,-4.695573781508451,-4.790331400277919,-5.673309557839129,-5.986222380586185,-6.015498376665625,-3.3271878735671834,3.2294098522781645,2.659059972056121,2.094342314044949,2.0689793059502524,-1.1825516952011752,-4.540846227110175,-5.205219242364202,5.994010682731714,1.923148179808264,1.719976713928313,0.8902024995245512,0.6901382279035504,-0.05918969374097305,-0.3632957479352891,-0.42631933795339744,3.3027255484176954,2.5349577145901807,4.7747771411871645,4.116912674122076,5.829382817739035,5.839243862694348,6.56116202806889
-1.8624815083323965,-2.7078703245381432,-2.750165470801984,-1.2859531996406437,-3.0373674883787527,-4.026674534273983,-4.2020523076821235,-5.771552275606324,-5.417918982355401,-5.659764439944484,-6.25921160678324,-2.3339440646375196,2.6382033679845422,2.8757233281091783,2.071704357157928,2.093570224674649,0.5104617685968309,-4.673405024025755,-5.287233555287778,4.778319802871932,1.9420302119511483,0.9409964912035659,1.0880992756657246,0.7616971913814188,0.11121092658713644,0.2087900846564508,-0.8340094271787007,0.4622151069304646,6.399443240594543,3.839631573133531,7.205226403712937,4.587016907166523,6.171789219012977,6.073422834184469
-2.677041588377492,-2.1438330832521877,-2.5422657575661276,-2.8263887249855486,-1.8959449368424455,-2.418850154932399,-2.760044868643056,-4.173746486737015,-5.0118449631292155,-5.468899705348258,-5.524833439107897,-1.2893637132434115,2.7309900617652567,2.2769295348647365,1.8189800105300182,1.8268514762930324,-0.052263481847922816,-2.9037995884610504,-6.243640201724393,2.6769546805612725,1.3245673347748022,1.2992124213673641,0.8813424240953914,-0.05031293267962102,-1.0161111135648782,-0.29642767918374185,-0.13833351534443528,3.7884059634014156,2.8944590026373866,7.000519052421616,6.446326363490119,5.7302917737664485,5.804826968813997,5.810201605365332
-0.285194493442011,-2.3253362627272214,-2.2486199186742004,-3.311974588317082,-3.221502650412487,-0.5388110093124204,-1.9652091146419475,-2.194199027472718,-3.491614523246714,-4.793570705109341,-6.667132123691824,-2.6819250220641813,0.2353598601112511,1.1220739888898044,1.6942370574584535,1.3441181752898346,-1.4240616298757989,-3.034267156883944,-1.7321241225271617,1.2053782393559542,2.004108475408155,1.3383072748788531,0.6620670110787746,0.24370652143331475,0.30681911327849415,4.095526503614704,4.28029025208418,5.976961683901145,7.995998995057358,6.7394738094421,6.811700370097684,6.669531137349183,6.116038946079443,5.24608454192401
-1.2495057238315352,-0.09243724343707946,-2.0605352455473795,-0.06048995598125994,-1.8631565926854468,-2.9109909342152696,-5.282772650853629,-1.9370953136733857,-3.9458981235736097,-3.9443752374652545,-6.177728763151078,-2.042034241705638,-1.1819389765835477,1.9747436925720725,1.7363131440449395,0.4145690379296187,-1.566956172480576,-0.9496329259273725,-0.07172813743084602,1.0833497562534675,1.4456448757448204,0.8654196116510717,0.534078903748505,0.1790037472150548,-0.23955169593203826,4.225840165506599,6.258006187330748,7.487515872105938,7.124119962701678,7.043145950552766,7.403002985775912,7.997019351622185,7.283816633311109,6.1103819865007605
0.5188119406289211,0.8139100968455633,0.020730301860507186,-0.9085350956458788,-0.8648619901799594,-1.5991065121329902,-2.52612004523214,-3.177746980216875,-0.96400259740564,-4.291051824052426,-3.4254098807645375,-1.230728777056195,-0.8816182326827534,-0.5701244190524929,1.9820241763456339,1.5943905550785464,0.08434421094778737,0.19223955598381182,-0.0842865013423572,-0.8976452427510553,-0.5784697047026695,1.1841622886795913,0.3421013905946622,0.18070845236066452,3.376059257295035,3.7282627056695037,5.97913090833181,7.313304412441373,6.251432275071706,7.097610010811338,7.797118977874545,7.9029182427038736,7.5846706157348125,7.10951399139867
3.3425332216856236,2.9450391775228564,1.7872719572508222,1.823729587262271,-0.4447073358454521,-1.4408854523253094,-1.8161043503513978,-2.280237328998212,-4.25380364759167,-2.899571055436748,-4.083623634321558,-1.6106638773370157,-2.972451127680997,-1.8146800285022613,0.7811331432155465,1.191919017835592,0.8626702410249473,0.17674878159605095,0.4788705670945302,-0.4276670499594381,-2.0476927212840237,-1.407958408178888,-0.08389818558942586,0.384106622712786,2.2362255792655916,4.648845619846893,5.288918169358389,6.54469341546921,7.330926263889221,8.322851852788236,7.839848295607885,7.485374623377258,7.853456461467614,9.996280138209562
0.23750468174802855,4.33188891184864,2.5277371288187065,2.8163130112162795,1.1332382164416908,0.905310284821289,-1.3392308879128474,-0.18303206772976205,-1.6439772106291768,-2.6062222074314385,-1.2770180287171187,-3.47106949410198,-2.1938847326963082,-0.8804622817288644,-1.0980000412934345,-2.433845747609597,-0.01963439590004563,0.059535073692183804,-0.187387697806647,0.38550872545065235,-1.1126527082714417,-3.7854697193958327,-4.444369571566039,-0.002312312591098091,-0.08739696179063634,1.9262249171939347,5.207217610299585,6.262164985163512,7.0411746811009115,6.509078013243244,6.074518510098989,7.486580232236631,7.174602263322271,9.19881456000577
-2.7881535183376243,6.465958910900683,2.463707361421353,2.821428157019987,1.4610596358845338,0.363834179798211,-0.11197761611494156,-0.2681037150662619,-2.339064986586674,-3.061010950648433,-5.746419152999705,-3.3746186267482052,-1.406312022728506,-0.29012706832465207,0.33613192661471947,0.10238436392923697,-0.7787320027205599,1.5797717536691716,0.2524691003102697,-0.4199443653978753,-2.1203378812905087,-2.1129006965649215,-2.539659908670718,-4.314590095589594,-2.1854352489340783,2.277178008300435,5.701434255328771,6.835123661394426,6.337744274692577,2.501501035985908,2.0762263851327836,4.7330465126266015,7.980176251301188,9.578657243827704
-0.19829436988255253,4.486451880830646,1.6529117098849428,2.2685785433375045,2.037281178903704,0.4154507713583651,-0.1875350410159802,-0.22301676672864987,1.4395127001701227,-1.6194729723836256,-3.921010764671383,-2.2877421047605306,-1.1676381847163064,0.3874656170547901,2.3641298243984408,0.1955495992463704,0.680530137495449,0.09737230137245843,-0.7652530937398121,-2.6482834079828708,-1.609080534086901,-0.7919630312516144,0.5876989322601955,0.1153953297600245,-1.2993576027005982,-0.931695448337092,5.735762509444096,2.993302758504933,2.674022351893928,4.135811717539276,2.024729427027976,2.6297326050775967,8.691186770301242,8.64638773775829
-0.39261342024605833,3.3494445663872465,3.8631490755162243,1.4441783966087478,2.6614819899364424,0.539857572847798,0.20883342979662206,0.47367645454892787,0.0443666054620736,-2.5767481622702437,1.3969898696299654,-0.21809364717001942,0.20514076750590843,0.6560527616089852,2.0981229187702843,2.1626062635785073,1.480433270915584,2.7187958288666474,0.3449113874001851,0.35692129883268287,1.2632235661632334,1.7881103090086599,3.3829490895000873,3.320714732782052,1.4578369360203949,-0.6569514815691432,3.6071421833091226,2.5158849256882,2.0048448657867204,2.617046937296218,3.0686941747549814,3.9958483780534153,4.286363561047444,4.735551766684442
1.92933243049903,2.81981481218866,4.635427322848016,2.397243146186836,1.6757921955338917,1.5930944480888152,0.4816810213494636,0.7985182578143146,1.2555909742640692,0.3296316207503455,-4.418951568987785,-4.4779662297127,2.027110783688433,3.778624311101597,3.3967195232279153,2.3178658199795694,4.203173596092803,3.5140819655524784,2.4214442804308276,0.8791396951597226,1.7972355584713595,2.182413401801756,3.2128145955414626,3.0157485073255423,1.2395215271624787,2.8162077936799874,2.6131782231089824,2.069949657739097,2.4176664703543747,2.0231141092275653,2.402070272807122,4.2461809219583975,4.675659214586454,5.60462611477474
1.06800040326564,4.886085927744439,4.604044513934766,2.9543453656971668,2.1307982673433705,1.7102867700504099,0.9834951752525802,1.9160883361821885,1.7055441845816957,1.91710581962311,2.2664359084897288,2.653277877411913,2.711872609015156,4.479050646624365,3.3066089390911833,2.7381032312343714,3.014882142199668,3.17674585989442,3.014466774751976,1.5909718314969996,3.0633368848821734,2.446874704252472,2.5550927071161302,3.2570124588747276,1.7927791640667199,1.6100288797896647,1.601354240721492,1.5732850559464122,1.3225483227000867,1.715767559870759,2.237697539525525,2.7904301669171483,4.611965845021034,3.6241738371952383
3.113733902489242,5.240053670945716,5.084428930374927,3.5894507867152337,1.547273377015912,1.825875853247219,4.2834117801597795,4.778446784290203,5.696828112606373,3.087452730096347,2.6573582144491743,3.4794023988024683,2.9202170237448133,1.9724348395828146,3.2805908042847447,3.180903029235717,2.648680181624399,2.016638451998777,2.435208002327354,2.2711596531042804,3.2471692142826383,2.3650483787324097,1.4704345780083896,1.4263753198112028,1.983194783796768,1.7744994821532245,1.5739425689001163,1.6067105810870699,1.8226663820871756,2.2227077075306783,3.0020877055638255,3.351645509050922,5.216452424361177,4.808156248110258
4.327306622517075,5.008365989066987,4.779203411251092,3.16884101392016,2.1437531708991546,2.675758161564392,3.066028485540243,3.6181024437272233,3.5306737738823264,3.409950629128562,2.9541526434055543,4.13796261133032,3.6085754338359517,3.2721660598610938,2.5503042820809805,2.0683284255030387,1.7961361642539808,1.6543493030208531,2.2629431033684613,1.3262423442115325,1.5094489051992876,1.5922667636322527,1.633319014797531,1.859381054169217,3.1439921137522733,2.10468639062087,1.0292929809812028,1.2899107553360338,1.533912840333301,2.9666803615007433,2.2527723662398094,5.369765550312037,4.969306688162226,5.983050751492279
