script/wind10m.json
{"header": {"parameterCategory": 2, "parameterNumber": 2, "lo1": 6.000198445256149, "la1": 58.999992894266676, "dx": 0.5, "dy": 0.25, "nx": 22, "ny": 24, "refTime": "2024-02-14T21:00:00.000Z"}, "data":
[rows 0 to 23 of 24, columns 0 to 21 of 22]
-2.2588381242836375,-4.800661054238292,-3.9333506377661136,0.8479916019262158,1.1406578287061628,0.699842640957727,0.9079734967032169,0.3870711090475409,-0.19205698506565677,-1.8210292095883553,-2.499904297361108,-1.4712630878455146,-1.2195172967133372,-0.10864513739207438,-1.5150860167237634,-1.9364163402578545,-1.3464244792077602,-0.6089757576116355,-0.5980057329997952,-0.647216007536748,-1.3240687115883454,-1.0857579034295586
-3.292055594062755,-2.781068204264876,-3.077819110269265,0.8296521249957829,-0.10278979416335791,0.18337784211815175,0.7110266487816036,-1.3397985751110955,-1.2180665539163178,-2.1405903735031933,-3.1617263770869437,-0.6046493018914735,-1.2507417748835075,-0.6197429411022249,-1.6632493034957279,-2.051803391497944,-1.0412546755475334,-1.2205482560675174,-1.4089528472770805,-0.8168441870313353,-0.8503191931500564,-0.6357162241946699
-2.8495909051432537,-1.746133021208226,-2.9698812000578636,-0.6178701965590455,-1.1977893623985443,-0.570402404908546,-3.174213173602527,-3.5727485828083716,-3.860204104262435,-2.9944007387502785,-3.8561959863897886,-1.0043748492645301,-0.7990534342842822,-0.8942054770377026,-1.0381965524696852,-1.1119243179082792,-0.7044993132830478,-0.5278442415833814,-1.6924560962166644,-1.3717217213556716,-1.4495423511210384,-0.8240637019369105
-8.334280064043382,-4.625961709575225,-3.5520206466189403,-0.8684903784837212,-1.3002509886039468,-3.58749880451183,-4.753583054275046,-4.7358554008007046,-4.108287154285904,-3.812221619002223,-3.3344230672425184,-1.3110884560106133,-0.9039076243948357,-0.6071842178947473,-0.8298578202822213,-0.49058106381283617,-0.462249020186927,-1.013470169319618,-0.5338522341110434,-0.9625648531221447,-0.7461367402644724,-0.5027554572186778
-10.080375532834514,-9.323295818415106,-6.197714700511122,-3.6228896787959224,-7.498423291112478,-3.7569945113389305,-4.0900931408540115,-3.632282406132481,-2.8684215578670154,-3.329494992889169,-2.800268249290105,-2.2553687866999073,-1.296855290313316,-0.651483242194639,-0.7631941191307261,-0.6765156473510746,-0.03387716294375537,-1.4284987116240802,-0.3367021439780957,-0.28374893414016117,-0.2384928218113565,-0.7868238876969315
-4.742181594108436,-5.143511970594467,-6.169633525553225,-5.644368516691411,-5.361396409668875,-3.983449481485505,-3.7723215661279816,-3.248285600710721,-3.1670160985696127,-2.517766288148184,-2.599669486761755,-3.0007291656393877,-1.453560977711126,-1.2731393307082515,-1.4532201650405683,-1.0537586192577617,-0.6153012340006678,-0.9566009512169584,-0.4906592498517904,-0.3752173095704398,-0.34673629165341185,-0.24264340931717007
-4.702606923152415,-4.501070303681541,-5.293291275028674,-5.051811598784761,-5.038748171124668,-4.566774705250427,-3.25599272132287,-2.1995574792959105,-1.9221273311574147,-2.213082455334838,-2.358520113684826,-2.8313087571822764,-1.6193378021076779,-1.295596767035916,-0.9287604936871371,-1.336319724387079,-0.7463298831945568,-1.1005379218834865,-1.0544365098308963,-0.7829046940418951,-0.3781748129940249,-0.0335804709838948
-4.853015053932287,-5.353731977170463,-5.439151445976091,-4.644070646958513,-4.5206862188346495,-4.790818267869164,-4.524129084336924,-2.318999547777287,-1.7866607411247706,-1.2241574858340376,-1.5689979431636507,-2.233370767342758,-2.7923333184041206,-1.1242711546281972,-0.9582124310762157,-1.1891167225830495,-0.9845893171375707,-1.186988205111852,-0.6756806763801548,-0.5389669381796277,-0.6687739391872402,-0.6316696462699968
-5.529672727154095,-5.29327585510007,-5.993886991675822,-6.112990194226318,-5.578069068918989,-2.5822244725340555,-3.8249874244364097,-1.8465414411013303,-1.3266284591003235,-2.481953378837986,-2.214241009178022,-2.3347065721390856,-2.7961047796578455,-2.0704734604830453,-1.228176292048081,-1.5211475243568358,-1.2640067327491298,-1.0644307297247066,-1.2397377374449725,-0.47453046527577564,-0.12253296122018625,-0.30331329715786604
-5.421527631670862,-5.025304741436571,-5.042253892227349,-5.782377950434005,-5.645670621830481,-3.2997140471719795,-3.276545093909634,-2.460501117835227,-1.270571958256114,-2.2879086135426774,-2.362832777455113,-2.5161694088498465,-2.8767602875676115,-4.638884325760042,-1.7004828609869185,-1.4631441895617818,-1.358004396612234,-1.5199012729319372,-1.2413340930581938,-0.765111957453073,-0.22103690715353563,-1.6501586575427927
-5.370932422924478,-5.505792749194502,-5.448417212370464,-4.877204351815807,-3.933545922412374,-2.219851778659005,-2.6316876294105076,-2.659239126937977,-1.9876335460210328,-1.2329408423673072,-2.7652802165607953,-3.1977517050547686,-3.6848274473851315,-3.1992909020115228,-2.9431096668177257,-1.830143051088929,-1.4271797274311748,-1.6034552861714078,-1.2412170206392152,-0.49207410129359264,0.10327907487096949,-1.415959300031498
-5.095262766969178,-5.1242534658368895,-4.960344749717809,-5.584984008548235,-4.391287532567496,-2.1508534416003533,-2.738890735195732,-2.856635325089022,-2.159780817198717,-2.2563285995734046,-2.177742404448017,-3.245859865489245,-4.113137965744223,-3.5720506550286935,-2.0115311524749306,-1.9075602823040672,-1.5041028702838597,-1.2079603722280605,-1.156475820688327,-0.8548043342474214,-0.10012404936181439,-2.112202033870429
-4.017890545714459,-4.1609006574482965,-3.617183052836589,-4.127069448163179,-4.413192960844411,-2.6559133019713173,-2.265166774748711,-2.664534441903352,-3.0672260267670888,-3.3018660860183155,-3.337374668874398,-3.143480238337551,-2.5871796919740953,-2.9203009669492026,-2.552421091345652,-1.5402716124703402,-1.2900808841481246,-2.2422526171021437,-2.611354378547927,-2.6230738842618564,-2.0816377481816377,-1.412281079800094
-3.1755639728401803,-2.9918860494343935,-2.694885638498684,-2.4391569797497943,-2.85140605790188,-2.4404438182303134,-2.1996334622997478,-2.186644060862983,-2.5531087889895474,-3.862619353299315,-2.551096300849253,-1.9530778908037532,-2.5056891727731827,-2.335414694701804,-2.814583153011918,-2.672983415018715,-1.0548102963741812,-3.035277335307284,-2.4929098988944824,-2.045270815657645,-1.5264558182208705,-1.0165430196142284
-3.1221900376907756,-2.352984226612287,-2.3516030793758937,-2.8983622188887646,-3.5471404944902116,-2.260355808134594,-2.712569344718631,-2.0003792916944696,-2.1139617197461504,-2.354804694630748,-3.2727945801030502,-2.1397871481218025,-1.5128002380258898,-4.373476156749992,-2.7690830901937997,-2.1610217589617435,-1.9409427416102623,-2.6125458197223868,-2.3784518636506586,-2.176280706483945,-1.2649509424721423,-0.8555213177744442
-1.5100490879629411,-1.740966866235925,-0.9241759292388185,-1.1860808584244076,-1.7524378707712056,-1.936221053922757,-1.4083278043713117,-1.866687829465091,-1.9447329060176133,-1.3037403551041196,-3.5207380502038306,-1.915364340502852,-1.1369489553752115,-2.8402942866713614,-3.381251288656012,-2.60899430210645,-1.829434225201664,-2.0292031924091307,-2.2052910864082262,-2.0434393974139917,-1.26881673470101,-1.1524064574284494
0.8814638213424305,0.9428120396297842,1.2054699811170557,1.3953713029385355,-1.267041630441783,-1.5471133349793134,-0.8643431807207947,-0.9660621697585722,-1.4830268215687188,-1.697065791164605,-2.2476834072472287,-1.915438551475179,-1.2819851683124053,-0.8891531587331365,-2.0335359433755293,-2.3351654175194803,-1.5917265801035207,-1.2268199292675908,-0.7812106012249386,-0.9506540304132292,-1.3671757516176417,-1.3036273523486284
2.678553218887058,3.2418700287366025,3.1617623848693355,2.8630430432454244,2.250144698872047,1.6230854860388917,1.149534098035873,0.43514428915389186,-1.0589389827587687,-1.620260310329683,-0.9859656918124954,-0.6358916831767608,-0.4798386039436832,-0.621805104771595,-1.9889977186551195,-1.418169919192959,-0.8780423962079523,-1.0554206306276053,-0.8310469264020102,-0.44678680096960816,-0.7175106070815639,-1.6100036317666435
4.054878480281296,4.596863606280096,4.390161168604318,4.150929435160899,3.760178121257694,2.5602783359078978,2.1194056677941604,0.7311603719005477,0.8617243900099416,0.07032923229628361,-0.8870314721105005,0.5679119652121069,0.6414751922155201,0.015748848073100414,-0.8377109122383027,-0.8722256618489145,-0.35244347122716874,-0.43289886790974363,-1.0135289416547217,-0.7951560904543495,-0.7338623081483213,-0.5017568940037923
5.128240619772552,4.860208704163719,5.878243832047492,4.70467642493346,3.82122926561417,2.792408627707015,2.4855839564294158,1.971557466788377,1.4803713339755444,1.1259769152701573,0.8804628840760472,0.9817210999459318,1.6853677890148933,1.4176150272881065,0.42753062688359017,1.1533366285156812,0.29443998689742656,-0.5780347809694218,-0.9830471348486515,-0.22192520223529905,-0.4476788365855442,-0.07190283365807958
6.097997538784104,5.863407329748098,6.180523032469006,4.839929062411063,3.4916725419596415,2.307016873625079,2.425068090538085,1.4726076649351663,1.9235423751452947,1.7211232798887213,1.6012842443685964,1.3234856796023458,1.1638084244722797,1.7009399813542336,0.9192891746087104,1.075210988897085,0.9523530554327096,0.3355248478542673,-0.0997390178560286,0.08417125105475151,-0.46678670275661077,-0.3222869706956567
5.638908240013682,6.357673681575684,4.243521397671282,4.632727016705285,3.6862449360070095,2.168854353089232,2.609199454709256,2.3237126969578066,2.066433525436754,2.0587673845183034,1.368935399276052,1.5973014873635487,1.5286399200933913,1.8106153436393395,1.2941321536630928,1.5307027477290045,1.0431905433257462,1.0250419151509533,0.16705224892353407,-0.0112637337082748,0.45935048325898203,-0.7226325735664112
7.0898088597811935,4.714799269680017,4.194352725278283,3.845424106772898,3.0812562076023444,2.4775112566066073,2.424750827322634,2.193801937398089,2.885832576279851,1.758561007901548,1.5582576083241502,1.1584192531540887,1.324655889133548,1.4930602689834394,1.6830558732565717,1.6603255203128016,1.511325748656799,0.5401807174279849,0.06025830038313948,0.4657634082615923,0.21133897073587535,-0.09293231976012407
4.69548345587455,4.4942947509753415,4.888590172961328,4.9846856035664615,3.2516228848916766,3.2472069950245057,2.6898250334404104,2.8292857550889705,2.7370736361349346,1.37378253134941,1.4889681582375527,1.168400897279234,1.2243018421835976,0.6419533038028168,0.892132584657344,1.2421548465453134,2.4805808064074246,1.1032163167746702,1.045518122147944,0.19170685319473924,0.01802396634833595,0.2260547476383447
