script/wind50m.json
{"header": {"parameterCategory": 2, "parameterNumber": 2, "lo1": 6.000198445256149, "la1": 58.999992894266676, "dx": 0.5, "dy": 0.25, "nx": 22, "ny": 24, "refTime": "2024-02-16T22:00:00.000Z"}, "data":
[rows 0 to 23 of 24, columns 0 to 21 of 22]
4.0679872961556445,7.29511563991189,8.122599321566272,6.792314592776569,7.917210118211366,8.839303638469712,11.527430300857311,13.235184391815073,8.370875616976168,9.471156394134828,6.923873148619624,9.547079358915417,7.785786079945584,9.438589391682722,8.06122341027986,10.080319324228405,11.118468936498115,10.671426997326172,13.674513733615335,10.2975013570647,0.8818456653069711,-1.3207330195082354
4.17693084081623,5.986957867314042,6.954427867146523,8.43486658154751,6.698251928429375,10.72602164058923,8.118495990165165,7.449071383572405,11.773511946495345,9.732361310695921,10.785270117819762,9.784033797000705,5.6970280465571355,9.274102662777228,8.012582778783077,11.250939894886159,11.786094153966246,13.07472320441506,9.885349268152982,10.511355103197761,7.922669505777633,0.7327901366207364
4.432427761284192,4.827477969085649,7.149746135784515,5.6231374912814625,6.2675758317385535,9.410112495804208,9.68384598102927,13.158397615344262,8.067573473280722,9.953624564332054,10.128379926462612,6.3430091182744395,11.281765995228874,10.53372135850529,7.582812514454119,7.194229849442036,10.525889078421708,8.929467978360414,5.221739836416113,4.614939405587035,2.8394173360377892,-0.6794864324091715
5.069531199165443,4.040598769998777,7.385307852010468,6.22018870070037,13.498798156742279,13.443554985445989,12.28597115904962,11.73702249248043,12.382048567768702,12.705121035168787,13.273924573556632,11.222607236989795,10.136889484695336,8.219041325731713,10.221392249680155,7.096855399017326,13.921405099870322,8.550395826720226,2.817345683031892,10.163027995824706,9.903466875999035,2.6676839159633507
3.1232017161385777,3.801705110330053,7.68575814299321,3.696271372607949,9.417837536195943,11.38996754640555,10.509101564887661,7.456449567111222,7.805564827173805,9.592831168023123,10.669781026507739,11.572237314145362,11.031518930404383,7.482078501324649,9.671371477968489,6.63062057482818,14.184812579343427,4.840873724580064,12.252295745570622,5.755074422528129,4.315648635687148,1.3151122580193066
3.360732476560158,7.122760664998423,7.818814664583712,12.037887616048636,8.434482929589254,7.469616714489669,9.29896628507195,13.389747540743874,12.604678309935125,8.62927869569693,9.582765608318121,7.54624452013171,7.709987539698227,12.620307257844143,10.622944790056492,6.417653580082125,5.897903189122528,11.122280560114604,4.485592080886674,6.046237422266066,5.413345561157866,3.9558528430732274
5.032728748353752,5.135522317347956,7.783575737341782,6.665714173482602,7.948540640416206,10.56180430243812,13.673612107066889,7.1850933458751305,8.090718583310236,9.951069750333055,12.128549513202849,10.124483791576159,10.67835196546612,10.451525771590745,10.870773829621253,9.162302218846529,8.342517029603808,13.310706002901956,8.579889512929787,11.153318991961493,5.147034387381706,-1.0908868615630662
3.2198559870232493,4.409239173872524,7.535956165167144,7.548583503507032,6.345215942546414,13.364904548438425,10.15302732073854,7.501748475739852,11.223760659138257,10.546800423703749,10.380420196577033,8.974088076248007,11.350376957372049,9.229407111817363,10.78356605806448,7.925670314110918,7.6676999876546965,14.096816917541119,10.686427757825909,6.816140039355586,2.5173075600061114,0.7968052531124675
2.9834852642840497,4.561892892611961,8.19874537685689,7.270645885124721,4.735107871176755,10.583941867077012,9.440649966354343,14.817905682303257,8.251522154362814,11.912214565398124,11.633467858305702,9.305205169496602,10.451217086640293,10.055759154167253,11.954687152605544,7.08730511822136,8.682372819717072,13.504664266390995,12.312754325871564,5.038767154087131,8.83691703096639,-0.8658922162914984
4.260619343526579,6.194401433906527,7.377140052211378,8.272320473788206,13.061551103940586,10.635964096892033,11.271715728136524,8.14578265952508,13.082411412105541,9.825886009900271,10.93899667727829,7.201587722636657,7.339660977034767,11.502853070949026,6.933925772490033,6.645736289309174,6.625479074955976,8.699195663989402,12.452685104185672,3.5403678734661974,8.181897640838171,0.30582298198582497
4.128958424813175,6.953192975999588,8.09418990219553,6.591231736028482,9.243388051242594,14.712730525943575,8.22096634743248,14.777115497324786,8.170920748560027,12.679901668349801,10.571947703425456,10.992796057831134,7.552953328302724,8.10254190237939,7.169227536003968,7.732652334479453,6.670211734029857,5.66002755090595,8.054243275580012,10.78454067127277,0.05810485671462058,0.3839357080331273
3.7066368134259653,7.112188289278159,7.0641633746677375,7.505723489810344,6.6290083033231415,11.318523825985368,9.421731703404696,9.971611891372605,13.444880558972324,9.075324288879335,12.479657391564443,9.47232187802305,11.732894782285065,7.756440931293397,8.05923303512691,9.883678862483462,12.289520580822117,4.638980363173517,3.140152496559449,6.5184455050547685,4.30817276484665,-2.8226207668757617
3.612980095307779,6.893584971675526,6.982515904325528,6.7846038275351335,7.512408054061582,8.210330917034002,12.949241304493109,7.475216669288044,9.179282243508684,13.074736392177533,10.91173987757025,7.154236625672234,9.982115642484352,12.368314988515253,7.779916222406223,11.335818683361708,9.594495686153717,13.682097142711932,11.113274118613072,8.832281491320902,2.5966590090679236,0.07574435600727913
3.1459540424963586,6.947519671626393,5.468154247667846,5.4632842231454015,6.312365603906618,10.012275852273708,6.794514560418415,11.993623398379835,13.968535035071495,9.634800498547142,10.512425186504021,10.815937355034224,8.054786630236048,12.378825229880642,7.4189650477869495,6.49253558136137,9.93788712663155,14.290968636218022,13.576032184070087,10.199233375521102,1.570653795978472,-1.9232440990237585
4.290053456173066,7.111620495344794,6.739301952537117,12.509103044787961,12.889092797639684,14.147399015041382,9.50937917576254,7.438631595907755,8.58420996529535,8.88598843587043,11.315519394334867,9.235368725074705,8.107456977234813,9.579079737544879,7.732646635081345,8.23794691544929,10.293244671003517,4.903759424073998,9.711074045201833,9.107059541595568,8.34706458306707,1.6024064481121418
3.6876938988320127,6.792296911111887,7.128093076867373,6.978352066547733,9.470875766671114,8.380895429184616,12.027179088706067,14.623931718996754,14.03833811336456,9.822952014352795,12.155857448123637,9.881359469115797,11.329484763979949,10.044312082467322,7.504590379677937,10.827493206128139,14.548009965747012,9.200793118011209,3.848637756280155,-1.7658880524052223,-3.4000838271932516,-2.632950545082049
4.3566484660518565,6.985708824330753,7.087730372668223,8.101393249275128,6.7443309160063665,6.8129706021356125,9.688076060940258,7.634566793558781,8.43093391615728,9.125684017600726,7.698029162876531,7.227435267220706,10.332360977659212,11.168665118755612,9.052589095827354,11.767969361834119,6.2280739387597475,7.7338159459234985,10.759405171900065,11.66648908763371,5.199410015976571,1.6629069803801626
3.0540249600484626,7.4086772890095505,6.954322890273282,8.399901265551147,6.689684961078511,14.647150202898343,9.002739106172507,14.834868234646184,14.209164779859575,12.530716822523633,10.074692062351977,10.8563721211693,9.005175202213149,10.945170671129679,6.185139585262283,10.649341134649585,13.074301958252473,6.028825127608726,12.559144981435454,11.150108855666536,3.440262454493104,-0.9744293539265526
3.4359281148471608,6.940301493176385,4.2742583909362475,6.765187531915652,4.498791596811586,11.568146254441071,12.138142225199896,7.6474171744680275,7.59075987578068,9.235417429817174,11.70858581304931,10.183641000175504,7.269192738063626,7.695742280748097,12.916196056569241,10.299533563283497,8.175681520028151,12.509665907837224,9.675391546688852,3.802616116066353,5.627493756688781,3.5162150853677363
4.582777027466499,7.379367930313643,4.207353231001126,6.689335283513663,13.58135836300341,8.10760643419679,7.950852675416778,7.474568506042807,11.39776382416534,9.599254567807277,8.572971526471468,7.317437794018492,7.82296019493677,7.4353622691286905,13.163526930855989,11.563171351645948,7.139370007518051,14.337269530968907,4.991313951786336,10.40737394794242,7.391143107905342,-0.6194414621842849
3.8707482809752802,8.032944212513152,4.963530249250536,5.4850861365201204,8.762409096988002,7.974092881027731,9.46131954478975,13.93320604925272,8.5257537643336,10.142979947729089,9.697830728031136,9.832622570868688,11.571903186162059,11.909672140110926,9.929415573208814,10.544791009127659,6.855202664880272,9.228786293228763,12.728082241029881,7.4865501196551145,-3.4125835359280865,2.6164842610905503
4.034487754019962,7.047853824149071,7.474558628120389,5.003098007718365,8.042329108758093,13.919355718777796,12.611137321118148,8.080762562226843,11.950668130487214,9.233099182356435,9.774960627538308,9.086394402673113,10.379697292618323,12.555309668566501,10.449242915081252,11.093502103094492,12.085065795476105,9.268820507624584,12.694733125935716,4.37872913066236,9.854911908432278,-3.2418287646465886
3.22250237047818,6.689360795697845,7.674278197694646,6.9336787604825565,9.385562587213874,10.504445529576014,9.088258462379155,15.396557705914995,8.459795813549789,10.034601173621542,9.912600404186746,10.423390476957536,10.3314790066607,10.146736752545925,10.781007030182712,11.775072116351142,9.530840975050703,6.466198081145881,9.834546054189317,10.548569303064042,3.6606051910273534,7.84103562445151
4.613590531318617,6.8505906074519185,7.54726239419949,8.5706564286356,10.921019885728802,9.822451943591847,14.530716700363334,7.284737631780661,13.953157119931879,9.0842446300492,11.675765550931485,6.755658281710633,6.519843147538283,11.2986992039345,10.683086182616002,13.774736144733223,9.938907445679153,10.606895013785344,4.571090462172263,10.652744974329636,5.984228552589257,-1.8770489486297113
