script/wind10m.json
{"header": {"parameterCategory": 2, "parameterNumber": 2, "lo1": 3.000054539987559, "la1": 64.9999836372058, "dx": 0.5, "dy": 0.25, "nx": 34, "ny": 52, "refTime": "2026-02-18T05:00:00.000Z"}, "data":
[rows 0 to 23 of 52, columns 0 to 33 of 34]
12.808787705516956,12.533228768450595,12.337853785665711,9.251608057329499,8.87794773166033,10.998902770887737,10.39027513841144,9.297877217537476,10.255122964331107,9.246333766651967,6.524812649751625,6.1947174801718115,8.576663535943593,11.68023599669254,8.559328057111713,5.438592383302781,3.16895707689751,1.2941658993368674,0.11864046795697922,0.2699394463196929,-0.8662963549238956,0.01727271296712248,-1.5777383364591073,0.9276905045133406,5.813918809116174,1.5336323062943085,-0.6733182394853975,0.3613305785354302,0.8153517920979044,-0.39342634991127434,-0.0230934296780689,-1.0617869586027198,-0.8084370171030106,-0.16682556610965546
12.718166872263918,12.085865957055992,11.179147239028948,9.761358143329092,10.668724750666907,9.429922245029458,10.905431576211395,7.936472977516491,9.339573564006713,7.704756196134368,10.302527282962306,9.381853959653398,7.871540960299998,11.040671590782651,5.8794045107358395,6.331906297250305,4.270191395963947,0.1745883932769978,1.4204439929373807,5.517756296513039,-0.3203957079433147,1.907807887062145,0.17726064967725544,3.960425360080165,0.017367396762073644,-0.19592734472423182,-0.1836043180925896,-1.67549892343934,-0.7928852599065687,3.0516133933776275,0.9403837993575518,-0.9510345990791367,-1.0901046889003703,0.9781511341604657
12.150369527565868,10.530744127001809,11.210727774006013,12.116659496422724,10.290722529698092,10.5280099577129,7.577042465207932,9.115152480382202,5.633583493849809,7.210937678784071,9.607431316083956,8.25416624973995,8.332537318935124,8.966188291849365,5.615782842775363,6.679545381696824,2.7178214416391127,-0.3970018466074854,0.3564289666475253,-1.8167251455503208,4.152098137111002,0.6334531910285557,0.25091270709557434,3.2145400916672484,1.4234056452184503,0.7861876687107836,-1.1756841698233433,0.9553972340025356,0.9506462096587056,0.9608132542722296,2.1568222407080633,0.09352338082354525,-0.29049831024985245,0.01085158518377634
13.557856527539121,12.40284794036956,11.058158396571894,10.66826674687238,11.301832827547841,11.938918634617895,11.302760070883032,8.374453234849126,9.189832607380739,9.978073456664074,8.12334507899073,8.19803265114824,7.725416255200674,6.896967193612857,6.8502008581095435,2.7288522029140396,0.9921443128185398,0.39895672012069294,0.6255725901940202,-0.27174493392448323,0.8591570603402522,3.0080940179412834,2.6884673555712935,1.8063608925963937,-0.22230590143678491,-0.0808525289290325,0.45640264308639605,-0.5970024020432603,-0.6461609529272994,0.8067503762010342,0.02227625085181348,2.36845650424462,0.7803026837891305,-0.3348752601747109
11.826196676724031,10.556228797066625,10.525718484338348,13.149283507503744,11.981059527722174,12.306853500491645,6.390962873285215,10.677622545408152,8.72151929885186,8.747460939011651,8.247552991491167,6.27486379076787,7.671411905256196,6.678257232771123,0.5493793719560869,1.515838754677667,3.7854668900721373,0.3777188594887824,0.6857940547196154,6.971427005624663,2.0796699773488156,6.3736435956119095,-1.302531035560291,0.22546187822210684,-0.5134339059315466,-0.29044765042934007,-0.7090344345934522,-1.1976594671169905,0.5806732977302078,-0.47579715773889497,-0.5535609041483773,0.9192937735319459,1.2347033834361196,0.439042342233022
13.115526791117086,11.1474162410977,10.464944065391963,10.98221640026749,11.00348070728798,9.964523224084676,9.15130484705183,9.44032330871169,8.489933376602021,8.978960140907155,7.318485931014568,7.402308802546746,5.827693209201732,3.712155698713511,0.37145605831743966,1.4737422208147335,3.553294673176207,0.9118824917031506,2.8973290316847353,-0.4446815792488181,-0.021741093018495035,2.7511279552415586,3.808627041601798,0.38673357020282606,0.3654546473496789,0.7807259520289713,-0.39740625217099973,-0.8084647274079269,0.09691476461721996,-0.9051769519919195,0.5217669086162064,-1.0268442799501107,0.02431479952861153,-0.019008792740364187
10.142836595503399,9.495740109574689,9.011583741583564,10.015647406744964,9.342289004381842,8.729202222520872,8.985610344196056,8.434514115219779,8.98826678403481,8.544438442489128,3.866515275077103,3.956013083171505,4.277344978721502,1.5263275869816693,-0.35535965905024086,3.801545479916746,0.6976615818333971,-0.013710951521621413,3.5959678841368103,0.821502166193577,2.7044828325151715,1.5763868420832745,0.14585211582996638,-0.41537972581487714,1.5975621812345067,-0.4179028636677312,1.6713609227286328,-0.6249783481872704,-0.164922628117806,0.12571452595040525,0.5213927263834814,-0.02094129354603838,1.126573514452079,1.3234818245238962
9.560065383669022,10.073677499258077,10.028146113307018,6.945453489952954,8.731285812683655,7.817760025293028,7.516731535178112,7.3853630286040275,8.126123448693694,7.7524989220590665,3.4256783779260336,-0.5134258983412956,0.7464504711409794,5.177544531412168,-1.7765102169199394,1.282642130417884,0.15436464207899017,0.6888112942066981,3.4532170148468504,1.3531176306684716,1.796177310407155,1.9721385133585312,0.1876867671699136,-0.57255947890441,0.6325239711573429,-0.5312779581863311,0.540095913948229,1.6666582900845601,0.16800792315077384,0.7303903610528212,0.46860597628471556,-0.24759604705065005,1.2362573719401009,4.604470676316165
8.308078210878216,7.565674940283506,7.842417181071927,7.869842602856969,6.131327152229214,7.546747289813719,6.503225564840863,8.123591655464105,2.912653555162781,1.6381052082285745,0.600810989976246,0.13089063446761492,1.6080957417923072,0.7802609461577812,2.351935451615915,-0.3840780060052234,-2.204422405457201,3.341572676602285,-0.4376525676221827,0.4382335875393304,4.4655323750176885,1.9188034084308656,1.3649000109622254,-1.3605004241473606,0.4114500146358266,0.25414390142338233,0.3803221906347261,0.12936372535177035,-0.3466445931329798,-0.7237496878560337,-0.6420123797519678,1.3183735714426568,4.705402202348588,4.951306536434277
8.278232791176256,8.665713434205427,7.3700761057270014,7.969634749083871,6.403503952041103,6.517387142106685,8.188256316876132,2.879362110536883,0.06924779208125655,1.266790606922712,-0.48513787884639387,0.7162498330877436,2.279283707265639,1.6847092806940314,-1.8937098004447424,0.8495927271715431,2.1488760421388107,-1.0344891980166793,-0.7017112222357018,1.3291330846442975,3.5516682997010527,2.135897069209138,1.4931533122842695,1.2709171010734568,-0.751688099916896,0.3778220263351006,0.6136900957152145,1.095574654179598,-0.6862600277580667,0.07423118957759949,1.0058057953770423,4.965882383991179,5.316803664776682,5.281086884032936
9.474321279128544,6.950206129346433,8.704625248828759,5.12608407580546,5.324363038523013,6.105425122881947,1.3298005548849656,1.4778377387350279,2.68560597167253,1.012614570281882,2.4228567304970148,-2.8467418024256887,2.5841608348342815,6.991035525556887,4.750883961584581,-1.0876601551333638,1.2576515962116073,-0.10612135327069097,1.3294488359006353,-0.07842601057362028,1.1885918845394734,-0.1541871738514663,2.991075281909966,-0.6715953801290404,-0.10688444732673606,0.679353062306168,-0.1645866404689376,0.8592064617391414,-0.5065166929658058,-0.2189742744524677,5.008953787849368,5.071060982993247,4.968999030749446,5.335938403076781
8.303532200313688,7.710329630260047,8.21641097883244,7.185528214670962,5.632018883503411,-1.7935122549420737,-2.5229336853353925,-2.038314675201213,-1.3099165825328754,0.3986510828370736,1.5420809449945496,3.8264138971146164,-0.8874645376650545,3.495964095292133,6.555985892033305,0.2343148542823211,-1.4049124319575341,1.0384264142377344,-1.5947110681473755,-0.22555840954354017,1.6310873946702305,1.4362889439863653,0.054336086579523726,1.707235417048144,0.35128228625598495,-1.0394955204533758,-0.4517053543918496,1.0901811362284277,1.0459375204656651,0.49242288266641077,5.125561403453475,4.599674164199105,4.570168355382774,5.538154109844558
7.134881832005319,6.1732954807728255,6.58011934218685,5.373178750161193,3.082095145573032,-0.30537543748498264,-0.26171701401453445,0.6202517029983302,-1.5966618739123628,2.0411323563143755,0.7121583165017711,-0.34049609447940743,-0.25167092321432616,2.3184091821698978,-1.176446016808877,3.9957682799278413,0.46245612078478454,1.5217033781784313,1.7907047154633913,1.0104995008927198,-0.7514125949992471,0.40039965851872716,1.57236030546478,-0.1337912377898492,0.8991647468319842,-0.7764528649164392,-0.4907465977199317,0.3242384875229759,-0.40805231230855354,3.7532755883617464,3.920151217041139,4.481446771073585,4.882197886323405,4.389909503791205
6.716038315697441,6.174236562081747,4.910131183625546,4.117508234801351,1.544489935300135,2.1574356874448983,2.83292173969737,-0.5021886000312279,0.23549576519522233,0.0825830375780281,0.3768732922102232,5.981645695661613,0.8258216747308483,-0.024405558789737002,-0.5793277881716259,1.229708573707496,1.1799226753075738,-0.05123083308390018,-0.034501010707331234,1.2981334440791181,-0.08497680664442236,1.9377468333733772,2.6951201244482834,2.184006939488711,-0.17447514459007407,1.2402242886027575,1.2678955600792947,1.6490908020678723,0.4158829487566524,1.453843174194073,3.946514789377785,4.203492651952482,4.148123762542042,3.522010563078029
5.063932082443915,4.3084433474280335,3.7527352516558388,2.7611278605978082,0.355141846061086,-0.7023842033518866,-0.9077132875117042,2.9159460482667643,-1.0433723333259015,0.3322526125524336,0.20660627959937886,2.247808436761722,6.607824760992021,0.5512086134817067,1.1124337092850805,0.7450439534478732,0.8509434876824048,1.2853553085647975,-0.09021420200069218,-1.0191593270568102,0.7317434354501441,-0.0951263254691085,0.07386610178847577,1.753253250007852,0.028354416075996293,0.1381516519710866,-0.849747847677561,0.7259737083480275,0.18325808118686823,2.8458940163517514,3.2389503348685906,3.368020259768254,3.17773062268005,3.094788699694334
2.3074228317209657,0.9179340200927913,1.1271838074469966,1.0574397502219484,-1.8249769444839887,-1.42938007765493,-1.5772584144322557,1.0375539364839688,-0.763037660362707,1.69544757163127,2.064031914514203,5.452243581808942,-0.3498254049398242,2.0052024585022283,1.1921537949531493,-0.7901766884730745,1.3715722286603782,-0.6562477891871696,0.22276994938157918,0.485292073140937,2.1463297844806926,-0.13679997755137194,0.06034239452707831,0.6621440483823523,-0.0765913339690079,-1.0272326847967128,2.3183846336269163,1.1405562160487852,0.5195048685936589,2.617442600092241,2.5505790707802656,2.5896344233899993,2.366051410158434,1.670381555559443
-1.168425638760394,-2.737820766108433,-2.0022978226453314,-4.136285365006185,-1.2551740319795002,-1.824424039779408,-0.5340318965145928,0.7178685714938317,-1.963080479251075,-0.41712204602860053,4.320487702966971,8.752569352819812,2.563692475920856,0.6240929303379226,1.0643985765561763,-0.4356348240117143,-0.29924583354753725,0.2614141764276207,-0.23249190910313156,0.4245412748063604,0.667639220466356,1.8935774718416036,-0.38439485768048565,0.4644019000155341,0.27022986570831825,-0.7625493456351742,1.1382807792073224,2.1075140362729403,1.344264644365947,2.2889263780084312,1.963981569769783,1.0931618264614251,1.3917979601933048,0.6178591916154825
7.245740214429302,7.7326545393240105,6.192824209699019,-0.9821097262924757,-1.8247115786620336,-0.8302315162435123,-1.4460449353606573,-0.09096956947099263,2.3893564368211164,5.019591490847682,-0.6224417237764804,2.470148868911655,-0.734015005828669,1.6930416343294352,1.5546620569845315,1.7741911298409228,-0.6333195764096513,0.21591152046315712,0.19628178274177732,-0.1315114210185774,-0.18408101865794127,0.08517136497247303,0.9572996301478004,0.9871844162369029,-0.7891764342689488,-0.08578451647992225,-0.4632407085118004,-0.06736651857255287,1.2387475853440575,2.036163487796579,1.3980597416995069,0.20595004547992682,-0.8980226329226251,-2.252982196063735
5.767880848541927,6.559629696812705,6.829535969390923,6.59195658381395,-1.2672478870240216,-1.5386637540432562,1.9571665785064039,-1.2525904551727747,-1.449400356065724,3.6505263011385107,1.6511237819517872,-0.10005868491711445,2.005603868261318,-0.8270300606576966,1.5027922587461342,0.1650337337909269,-0.11959528043080257,-0.20305047218009015,0.6685101443890799,0.23314158857180475,0.505900521771494,1.1901908122115026,1.1448480417880467,-0.801258277293296,-0.6048691428168015,0.17228683469795597,-0.42509793667982393,0.630749204400803,-0.07218999378378535,-0.47687409018973914,0.18115774393118605,-0.2851992534118306,-3.1393046016643296,-4.209892760990002
5.929526756034816,6.750151924848045,8.438271064283883,3.6752494032263847,-0.7568759709730198,-1.3720747994971845,-0.6745206123972747,3.5545796826684226,1.8826525684672932,2.728636712053689,2.544883421520629,6.433237744718442,-1.2754907225084853,3.872155629695822,-0.12835067247930687,1.5823239888787042,-0.22490032687150868,-0.2710169718969574,-0.10505713221927636,0.15423377681717257,0.1273941490024212,-0.578602098860853,-0.5320164323021278,-0.2642840249749939,-0.3759426120344973,0.2812351659665526,0.6894916291239965,-0.11443417517756625,-0.3400295771766874,-1.441247803235073,-0.4549500786206364,-0.32166732890337796,-1.5535716894080436,-2.1423955517709894
11.509588729737997,4.79799723798528,10.462929213174526,8.98723729801193,-0.6509421695122749,-1.7894629271875628,-1.6484647511044725,-0.7537646287830011,-0.6255962281173126,0.6949420257310097,-0.22500457005734095,3.7407985369962393,1.0265577837098598,-0.24810009833861926,1.5789899713703164,0.15404180008117532,-0.20026382634927314,0.451049439102954,0.80665568109502,-0.07916994373623669,0.14845333290217205,0.504957682402385,0.049380964214917826,0.4856547081071235,-0.7462193386172704,0.625879948548554,0.3221921469624048,0.033458731296782236,0.03990240343947209,0.05714403075589686,0.21734147808864107,-1.0475861172266403,-2.490963399129683,-3.594139078665096
11.306253243572618,8.715536348765434,8.375965567477515,7.7738551109089045,7.8649375950869285,-0.4180300415999472,-0.7918786916642868,-0.8710669204455934,1.0651905007222964,0.4698567986763293,4.365904742881349,4.877827151602986,1.346777760938477,2.4390706938439126,0.9720507444365789,0.9612372476815827,-0.25023076582375864,-0.4712749897806972,0.6539587679237924,-0.1769951846563646,0.25452047891968405,-0.4350329007770799,0.656109203506179,-0.09921504771309647,0.3067972074297228,0.504428536704962,0.516708885793994,0.6557893100467519,-0.18534024551812578,-0.5639959335461909,-0.2846326666003457,-0.853280723235131,-0.9184919496745474,-3.608358854704294
10.239247213644342,9.89278493229403,8.932122384315385,6.672173078086994,6.688831762069249,-2.4561389466642596,-1.4254344710445148,1.643893494339206,3.7016047379516475,-0.02871626540485475,-1.8685896399666069,0.10390315131489819,3.0201284613472485,1.1508048151562418,1.7168582418279206,-1.076433358911103,-0.7435061850699277,-0.44466990103979787,0.15326915248014386,-0.3828430109116252,0.19441851590031872,-0.3122889615722929,-1.3891108542318282,-0.5968068602179721,0.2632011904470255,0.06488708620159117,-0.07549446157456136,0.26451337244208417,-0.6968291992009606,-1.3501238743207278,-1.4157877773705039,-0.8164864818157535,-3.7092089516755977,-3.6705141396692222
9.198828214955327,9.517259900160328,8.639468511098622,7.50967545386957,5.336234266806658,-0.6976942833202625,-0.23093287053162223,-3.062359952812727,3.38199338034368,-0.9678112652128068,1.7390684722542125,-1.8716271435615295,2.23300624411126,1.7501430572442764,0.671702362892072,2.0420187354170616,0.426358495509255,-0.7550382367345065,-0.7222774174505363,1.1461174365055786,0.1543830508889826,-1.1172190660112495,-1.1470500149036535,0.9241492072663675,0.14603347640002984,0.2657792916940648,-0.45734435212695596,-0.47767746004036465,-0.06819130996318065,-0.5855512168403685,-1.83694118198501,0.8099031934599301,-4.681084351119347,-4.548379165051435
