script/wind350m.json
{"header": {"parameterCategory": 2, "parameterNumber": 3, "lo1": 3.000054539987559, "la1": 64.9999836372058, "dx": 0.5, "dy": 0.25, "nx": 34, "ny": 52, "refTime": "2026-04-25T12:00:00.000Z"}, "data":
[rows 0 to 23 of 52, columns 0 to 33 of 34]
-13.358832033554652,-13.053162836074794,-13.544894257474327,-13.538201142776968,-13.999136216696883,-14.375976401549806,-13.885947933460445,-13.871282346527979,-12.881146158747953,-13.329166216632078,-13.57215750045373,-14.207184215370239,-14.511063976914501,-13.127827452692175,-11.967434096582789,-10.49051180415255,-9.179942489502755,-10.827983379542182,-8.780456506388596,-11.912080903929489,-8.157196564500506,-8.25503113686263,-7.680119192200452,-10.71979455960743,-10.355953756708075,-8.730880973421888,-9.336466308372877,-8.948967312048183,-9.036985620338974,-9.564222853017183,-8.829788074396609,-8.828183667370542,-8.029427740577285,-7.107304302833165
-13.429457970044943,-13.899723165338932,-14.068180277234452,-13.487588884865767,-14.162856843184565,-14.260414988954043,-14.278075060046653,-13.632883253835509,-14.43580430344863,-14.203586566378876,-14.377479716208091,-11.874796534681149,-13.580497973919467,-14.122901034258303,-13.710447647434977,-14.662937365369986,-9.239126998350141,-8.951812418320408,-7.841879407762993,-10.899134443149878,-7.102368724812357,-8.671220696987024,-8.952666712842161,-9.910656175861345,-9.370185456157172,-9.412004488772602,-8.976251541417502,-7.240774443334492,-9.127667413903776,-9.219314241409242,-8.858855032502131,-8.498027420576618,-7.5050412691640185,-7.482437140556343
-13.483468993727872,-13.297385220044738,-13.261488524566873,-14.397373909757812,-13.650520225888473,-14.283742861224288,-13.788460313492475,-13.949447238415868,-14.240695003405753,-14.666618309060347,-14.772185226211276,-11.364919540512089,-13.825105982497972,-12.403736021337041,-11.668035536448947,-15.230346643754322,-12.97727177058911,-9.126995337542377,-8.670947815895298,-8.677957051736545,-9.046999379765298,-9.951497137332385,-8.854646619576341,-11.352403486997614,-9.720464724640783,-9.410380081775278,-9.092171857960825,-9.134097981826194,-9.460802829902692,-9.867533994939725,-9.298876939846915,-8.02564825947598,-7.784319609364762,-7.6495366668566
-13.875647379150726,-13.821525802527526,-14.026591938773231,-13.994089719779666,-14.205152228998159,-14.063713678776836,-13.485083530466127,-14.576500274384593,-14.603504324982586,-13.731053441756321,-12.624913964616825,-10.417800500966813,-10.874188461037,-12.262980754039763,-9.576619414588906,-11.605044222574676,-8.150463281453842,-8.864605294410145,-12.961789604132225,-7.663239687985577,-8.73201919147406,-10.529351522537555,-10.633566706101616,-9.184341106587041,-7.933784811804708,-9.074255423324965,-8.04245280943434,-9.23612219038992,-9.275140315708676,-9.58590415777155,-8.368868763970184,-8.87546979739895,-8.567689512654974,-8.218793050043022
-13.397768042784248,-12.914347058067124,-13.305110129979656,-14.207737705331771,-13.752418485093592,-13.992012289792408,-14.521006219364141,-14.510957797424139,-13.739389206014904,-13.004027227363524,-13.511299651584842,-13.448886730839648,-12.921797677422617,-9.390821334942547,-10.324630452893981,-13.124955011131652,-12.816807656369178,-9.71747942941453,-6.660368868358095,-10.533253379555747,-10.55691124913845,-11.972584713448217,-9.615899179254866,-9.792705051033419,-8.341862766020892,-8.771310661890308,-9.762335826451336,-9.667088759184608,-9.849129810044044,-8.782007407731292,-8.893319879541055,-9.064607015877966,-8.77519623711357,-8.571025385219405
-13.040432461280439,-13.190387509983406,-13.148015316139645,-14.03309429813583,-13.929014927220049,-13.30062467118987,-13.91234055454068,-13.4541894206432,-14.05830961829375,-12.403703368883722,-13.575136260336079,-10.675960296400518,-10.24834260780436,-9.402708584268012,-10.664185576452725,-9.738638323915096,-8.89175932174209,-4.823612201964114,-9.792384201962637,-11.810343208845872,-9.81014791921821,-10.824457316351738,-10.17216267219352,-8.94020082862654,-9.039350830898742,-9.072246269291997,-9.883191385484116,-10.319951257066487,-8.930783582441254,-10.120992602172027,-8.992333658598675,-8.75408587790795,-9.149463983057228,-8.784172245422079
-13.68612325914811,-13.72642103114134,-13.817595620155494,-13.9607722186703,-13.98165928970602,-13.614480326018434,-13.177531419365154,-12.791623136183757,-13.382043998285747,-12.146899394984768,-10.962140763282799,-8.917290026267107,-9.672910154789237,-11.543667074574593,-9.400977406175803,-8.29060165080813,-4.03892055531514,-8.4345095819602,-9.298306437765357,-9.866763726364683,-8.302813427521217,-8.750366772125039,-10.41046436257956,-9.533033313939681,-10.53216046457148,-9.746046897427021,-10.18251555788944,-9.45499559154873,-8.822293526081541,-7.653870050243621,-9.030706067853922,-8.993231598755385,-9.286300870431814,-9.242993423568864
-13.91629251024375,-14.103779916372686,-14.111273544893091,-13.944747670450026,-13.656001858424634,-13.250778809882126,-13.23430597319045,-12.370130892739759,-11.421788439051046,-10.511437485403471,-9.784395131115907,-9.95193075689927,-8.851592315327652,-12.327774822337977,-9.590887128748196,-8.367650079108849,-8.405476982321895,-12.339091765206183,-10.67334961995605,-7.720824401285591,-8.594702475928907,-8.525364277030603,-8.636600069064338,-10.533447492618164,-10.690567008731456,-10.085456923008927,-10.463899928219444,-10.064167673107761,-9.959949136927364,-11.41559474232396,-10.850253749227708,-9.481748511282783,-9.213324189451367,-11.187648692216158
-14.183841269880404,-14.25130119117951,-14.389440140672674,-14.399178367693215,-14.033132087452309,-13.438968182438986,-11.147131533528176,-10.854259474951629,-9.40696535201645,-9.239709454225123,-10.21606620780589,-9.035938479936338,-8.897510884049867,-10.846432748564638,-9.115812125306233,-11.76220913867342,-11.843151496484396,-8.985015547915221,-11.842247534838146,-12.756952341826675,-12.707160795876229,-12.983662130407819,-10.805080946074316,-11.818186667017454,-10.993191849675956,-11.180684581804375,-10.983804533600555,-9.6354332794926,-9.278792185246765,-9.518478985714461,-9.392949503237737,-9.578354421034916,-8.941401207968442,-7.962335391308237
-14.179863990317575,-14.135472258248628,-14.568589504039016,-14.466172602859452,-13.474412119207992,-13.560548220269524,-10.531394872489786,-9.42792793643365,-9.964478295147368,-8.632490628476194,-6.9987850228501784,-8.658395727686496,-7.878921965061734,-10.768682149435115,-11.544663013904309,-12.131236776261357,-9.17807844909671,-13.001457101041725,-12.243849182786997,-14.98877437695854,-11.81756307097367,-10.61327274041361,-10.559975158695911,-12.272702828693001,-11.436153948361136,-11.395301349919185,-10.478671922697881,-9.84340113572659,-10.571840143420236,-9.809452046701692,-9.473465140262284,-10.123535365964953,-10.20914753121763,-11.363555045028363
-13.630007358143402,-14.085915148673386,-14.927769392021313,-11.953795539023186,-13.414280654233336,-10.071837170153444,-9.199802031219638,-7.909383936288263,-11.702101304687321,-3.367182138830844,-5.5692900053824985,-8.877538690564027,-5.53972482148758,-13.58083072434978,-14.61165282358451,-12.016221051034291,-12.765159569469954,-12.65153262796781,-9.195282239327971,-12.174291487722957,-10.036812614132323,-9.160619401819382,-12.188415945382374,-11.610929418065338,-11.359396282620258,-11.393752304151969,-9.009612730803312,-10.28551910499468,-10.120413687024575,-10.181954959521772,-10.449654972444694,-10.51953538460354,-12.659211207333477,-13.516306866306328
-14.481723983788141,-14.116961351587522,-14.664552177585488,-13.968882511321494,-12.865302520003414,-9.616799976820676,-10.390412177573872,-9.442273986016135,-6.680189809520572,-5.877928136509271,-10.488933294067605,-15.38074648593507,-16.125181870150232,-15.121842815437438,-15.265091874309503,-14.723093892765172,-11.891864070642193,-14.2423048151898,-11.869878351632751,-11.570444528009112,-11.730453628743902,-12.028283232024904,-11.463177814398488,-11.869759175879102,-12.362915224385606,-11.769155842610571,-11.034106788029156,-10.629829453188552,-11.013446958381593,-10.286307802091894,-11.752760818414844,-11.798226177375987,-14.149201113323327,-16.329285180099713
-13.908251424307005,-14.968639680048994,-14.904146068604836,-14.18184483139298,-16.401460199387053,-9.274031998297923,-10.585775903212262,-9.003549657949213,-9.465056668573556,-11.079293172611802,-15.948223258424173,-11.855705827308622,-12.799393299817119,-12.814551168828508,-15.475777167371978,-16.24879789246168,-13.253244637754515,-12.983726795851156,-11.007936971661342,-12.172184805068133,-10.977333527975182,-10.744165680783865,-11.322029785200264,-11.391537497100671,-12.584523480906812,-11.936472172592785,-9.884046872239288,-11.058897772916062,-10.881682377014362,-10.115773735698872,-10.277830426506858,-13.879158011837458,-15.596991542144126,-18.89631378972206
-13.758767789989136,-14.425772955420323,-14.781779096108002,-14.85849648780572,-12.538706139680263,-15.623397614385633,-9.302280878744247,-5.252419034828584,-8.723776428042479,-12.51274342885922,-11.228611805817057,-9.422231874893802,-9.545292625132747,-10.091913833280207,-14.34894018299265,-11.05582537771622,-12.507001936619902,-13.261656208641577,-12.393611482395603,-11.586596102951972,-10.606225745471916,-11.06509197641096,-11.645282827018763,-11.863421801063254,-12.391433536759099,-11.860118709618469,-10.574209800221427,-9.652386960916006,-9.806262990138528,-9.299072699693278,-9.99321629374269,-14.245238080218078,-17.289713525713026,-20.391813077210674
-13.900430140762818,-14.416575557365485,-14.683083566997439,-16.135654069739633,-13.146534483832417,-9.130604765634278,-7.504703848386303,-9.062937912971053,-13.216319637299595,-14.89518718565706,-13.641797248822177,-14.524226760499175,-12.716390584756315,-9.517428724794987,-9.061541410254165,-11.44423847024932,-12.762045686388188,-12.238263671478446,-10.162070566996457,-11.873039925811383,-11.48740112379256,-11.862670536913512,-11.38658233815496,-11.645429695615134,-12.148078248394166,-11.262967501571046,-9.739628922169167,-9.523199363283336,-9.352985904813155,-6.829183304741276,-13.554554986986393,-16.996343856879918,-18.225893119075536,-20.811421340294412
-13.898295426655501,-13.610012336972924,-15.21236713680933,-15.257209626125205,-14.474095874880884,-9.328212128984521,-9.831063040017098,-10.21817429709557,-9.91425525961866,-8.298557998508985,-8.860396901040966,-10.899994370619758,-12.021570258984578,-11.857386505562458,-8.717225940482745,-10.412037354246626,-11.550750044274501,-8.853445280272366,-10.301475470671168,-11.195381252576865,-11.559704130293788,-11.180468730831784,-10.386824574437446,-12.162797935675776,-11.731366138649557,-10.313797164179396,-10.278765038472544,-9.963064225822338,-7.008671533521171,-10.59029862127991,-14.672817268335239,-17.136283469081096,-19.011691422911976,-21.269258406313558
-12.8322334437797,-13.731822383350693,-13.958403180920943,-15.950974920859386,-13.809647838683812,-9.071855336462415,-13.854212975268089,-10.19447456330078,-10.102232178449302,-10.541566630474515,-12.201480517873163,-12.937784301531138,-10.43345180131941,-11.01328483599246,-9.275696015386428,-9.271443985799925,-10.987383680459713,-11.295906929459582,-10.613732700139192,-10.577223756240414,-12.208564008106196,-12.429553793838418,-9.644267803779092,-10.997233553892224,-11.13710075347532,-10.101567324237276,-11.3318933407535,-10.675469612292048,-7.788989499731591,-13.718934352292832,-16.02281528181899,-18.225389385382606,-19.620858966938854,-21.01406223270879
-13.703263743118159,-14.09190278537829,-14.322614840123787,-15.642008172856078,-12.47526928998659,-12.307785661586378,-11.8938450786827,-12.053049954573684,-12.35243400033239,-9.020089392776573,-10.435584877698572,-13.030954724704378,-8.3718121464906,-11.1445686857031,-9.207650170614844,-10.245907869744647,-10.277816361984087,-9.472109522308706,-10.442937684005715,-9.970600092865888,-12.180198153150576,-10.061693779910472,-10.701164634849796,-11.567793527385616,-10.799692884324251,-9.841879588789723,-9.918190940186701,-9.536571147284876,-9.596381595458196,-15.441002882594315,-17.086380134010287,-18.75648681893254,-19.369733999265854,-19.596483689194
-14.235927779534947,-12.97575744271106,-14.249288870481378,-15.088383733888218,-16.04664000297814,-9.980843471056042,-12.028466111185837,-10.857584251752675,-8.571222718254699,-13.99242869198351,-11.117724853988424,-12.812681147310334,-8.546547138923843,-11.41064042682054,-10.673358982821037,-8.636288774330538,-10.48589531836574,-10.779034920479639,-11.120749037650292,-10.100105952341924,-11.409553189034387,-10.67063664907966,-10.68740800487403,-11.098198167508441,-10.609853823731637,-10.949150951357352,-10.460701454743104,-10.641763312919325,-10.900108532240557,-13.38709219458992,-15.663298630539012,-17.418388567855832,-18.48184542541601,-18.43938123621511
-14.130204067986512,-14.522320872715468,-15.335389780661068,-15.515257816278146,-14.423855020036504,-10.633832867234116,-10.706354393493115,-10.604159055492952,-9.186655916804927,-9.877813278477197,-11.292262807121384,-12.92672156766433,-8.99631111808495,-12.330428911064661,-8.371320510195792,-9.561610804086301,-10.173736480245953,-9.623132478740926,-11.10428544530086,-10.225221364479323,-10.447193615258861,-10.065492377185796,-11.665695903337221,-11.140896572980092,-12.368462133925377,-10.561124437537774,-12.071078935291826,-11.017732661179963,-11.294992777830206,-13.206147635880631,-13.297002497983618,-14.676052419080849,-17.152266756879722,-17.837384548894903
-13.737548011204417,-14.397391882535317,-14.804538313845974,-15.376037613425066,-15.699510395688812,-11.32275947848138,-10.394427426747418,-11.405765107209357,-13.479508102872733,-11.641972162138268,-12.558383329303036,-12.264409935774724,-10.738878631640576,-8.464771089432329,-7.370632709247258,-9.769464858629314,-11.221182775651807,-9.65888427795566,-9.756303945239114,-10.612514296395812,-10.33433843524958,-11.165482711938946,-11.494394109274678,-11.961309501731757,-11.256180811382835,-11.585061201241272,-11.84340105421923,-11.35596348880565,-11.387110574909466,-11.969734444640068,-13.037601401197062,-11.877544639396529,-17.77034330037599,-18.436154696137972
-13.402489895820315,-13.86897962759772,-14.22701067924111,-14.837946481574384,-15.574420321459483,-9.850180213374585,-9.90304385949437,-12.681556327515647,-10.947882316941076,-10.78644247730703,-14.855517662371222,-13.511501469731513,-11.88070457119989,-9.01540958555387,-6.437241253226294,-7.450381648933526,-8.669653871895088,-10.423237245952167,-9.971646249599914,-10.888525863303055,-11.364402872596285,-11.165868814175864,-10.730806119234217,-12.068282873548034,-11.259701863382253,-11.443027485393658,-10.65668780129685,-11.721975649040214,-12.068790567700805,-12.167141032640558,-11.41272248247203,-14.159627362443803,-15.495374895162936,-19.910666262526334
-14.162733295908136,-14.392607886416144,-13.9605588538068,-14.493195209684071,-15.700276323643914,-13.10970654326482,-12.87195827897731,-10.95328495429396,-11.889882999982808,-12.178197777479202,-10.846948317908595,-12.50312188102656,-11.66759744408876,-10.608254698392058,-11.129851288800412,-6.906772465765993,-8.378032484044665,-9.051808658552178,-8.329083932710628,-8.770170301180048,-9.227177553362154,-9.6809128541182,-10.701146746451858,-11.288382125686963,-11.507927439131187,-11.357060173435652,-12.131962814841648,-12.1146228713635,-11.510741694729232,-11.937464450267912,-12.134399160504824,-12.709494852660587,-14.11289247433922,-20.70075603570435
-13.995574657880367,-14.395268346594149,-14.722407146626093,-14.85362848719139,-15.784496583723024,-12.733262448392795,-12.453425464040626,-10.777315564551781,-12.761432936134543,-11.032599633957496,-10.80969464775584,-9.999805524146723,-11.096324304584499,-9.076045793782793,-9.24861947242677,-10.337942661673134,-8.519375376085774,-8.64363355651604,-9.291879826472345,-7.213655552726217,-9.991152399415155,-9.977774595164188,-9.87116390171374,-10.846762729170932,-11.000921347231786,-12.04535839932959,-11.731071411586989,-10.918515043468998,-11.631257173440389,-11.880616274596623,-10.842544203664168,-12.190770080072053,-12.011477306272708,-19.484262026250633
