script/wind10m.json
{"header": {"parameterCategory": 2, "parameterNumber": 3, "lo1": 3.000054539987559, "la1": 64.9999836372058, "dx": 0.5, "dy": 0.25, "nx": 34, "ny": 52, "refTime": "2025-12-28T08:00:00.000Z"}, "data":
[rows 24 to 47 of 52, columns 0 to 33 of 34]
-8.19779104333489,-9.13538448736146,-10.078691152172906,-11.15140487789498,-11.418900542636692,-11.433660806248767,0.7634749670901445,-2.879360454646729,-4.2636549800154855,-0.3020460496212416,-0.8364803342777529,-0.21359299174664442,0.4896944519028483,0.14279247162791198,0.6861478734601096,4.236936295867431,2.769016822147905,0.7112474428633573,-0.01612943798106659,0.09213121339876047,-1.7759713125290764,-4.035737146575957,-1.3057207753338098,-0.41830053925048843,-1.4564260045843438,-0.7787756225474126,-1.834699305706149,-1.3632381729458782,-2.513188167381273,-3.45588741456086,-3.9026104277797216,-8.095616481327017,-10.185020427296486,-12.814271243507932
-8.516596714110388,-9.130251584183357,-9.996972315952313,-11.055551199320602,-11.767064956618277,-11.190342849713527,-2.2467360620650316,-2.36846373218409,-1.126000104224976,-0.0966782398610186,1.1373536348295055,-0.9705310821124787,-1.3338985672415962,1.7043999000051235,5.220141446059045,4.017779209558995,2.3268147656910183,0.502293049780752,0.11594130734017813,-0.3843449171176879,-2.834235790581352,-2.78408890055011,-0.7884128248783923,-1.6116141291705008,-0.11217870765707212,-0.22509854336198096,-0.9365555236960806,-1.3027305997949283,-1.9307540650865966,-3.8240173362754755,-8.229294964525682,-10.278097626376967,-11.12725907790061,-13.137597334661113
-8.57486772752653,-9.372978421736562,-10.134409040354816,-10.897665827033235,-11.582786981288539,-12.921747125399106,-3.0713701651383456,-0.5335911758646908,-0.8860794678810233,0.7076096342725137,-0.14675864874661965,0.2077555750117181,0.3301351332473344,3.95070071605114,5.243491697141951,3.759252114317397,0.33739659887436396,0.11898098955045867,-0.32065110848285194,0.7821701522682201,0.8722769875901961,0.3368272606456809,-0.5380497513066771,0.1255948173112088,-0.7877853656426901,-0.6193548574851215,-0.6649947692803876,-1.0232660784234369,-4.660700579688898,-8.202057878621103,-11.604815174537851,-12.103364692957904,-12.812299347438495,-13.142306022914191
-8.352178248774262,-9.103173463318154,-10.070549921441609,-11.199666703580498,-11.983135002765717,-13.084972822562673,-9.792411599164636,-0.2882902090374917,-0.6342615339503337,-0.26922823988191125,-1.6362929600196663,1.1170237122728022,3.785327109015989,3.302305582653127,3.975617191067782,2.9100336438343604,0.46888881492413914,-0.1315274086403701,0.45585998600680705,0.3172033889151001,0.14527428995770164,0.5336174655045656,0.24286385746980024,-3.1495973762184555,-1.2925281656590726,-1.0837552495545837,-1.0057094728318876,-1.3974896290692285,-4.0212448481766465,-10.674336319723091,-12.303054432520506,-12.833378156126146,-13.303021113919563,-13.382009540443356
-8.072303687512004,-8.914856944692845,-9.781732116097096,-11.069778947744174,-11.836638291951953,-13.047879636150041,-10.232708342730376,-1.434131662615963,1.1011559626502399,-0.3597508923675997,1.6541234341198319,2.56792613810657,2.416899297116966,3.117225538073067,2.557391794218655,2.1248053637302675,-0.0801167497851908,-0.12994911688716027,0.11082656208814781,0.16505484534858955,-0.18224133038474732,-0.3254069169427673,-1.1420566195810968,-1.9784995800255025,-0.8289861831339796,-1.053237500852084,-1.3158516808321632,-2.025853225362147,-7.551102687989174,-11.585219533214541,-12.293857742022267,-12.682575841674812,-13.112115845169987,-13.058912562405848
-7.715993024024743,-8.730687665083071,-9.439179594913206,-10.341389419059762,-10.993233073451549,-12.262123912800401,-9.901116327728653,-2.413892114160442,1.9112649230183543,1.925204468610222,2.3608060480401876,2.106203000747446,1.6450385149240798,2.232975311123016,5.3889787520440455,3.2767588080415004,-1.0006612145444547,-0.6485339956761241,-0.16131171787908546,-0.5656801918404346,-2.1856666183934528,-1.2581386595720123,-0.8791505719932479,-1.2595960581662922,-1.6942348289150355,-1.9316378611602663,-1.7709020505497868,-2.066107628889464,-8.853426715466856,-11.987064254456543,-12.372494431859867,-7.670572656223892,-9.66418809184628,-13.375735087119027
-7.140098665186512,-8.091296278666787,-8.871296693670631,-9.63668235126877,-10.100816500843424,-10.91232089246223,-8.784166981123251,-1.534679412341726,2.626889593456366,2.8995361047337997,2.7998902510138586,1.9337696877095074,1.5346888575974786,2.2468622511387584,2.9713038961554474,2.33464505078264,-1.247807557771997,-1.7876310118362841,-0.666904174227809,-0.6602372852676311,-1.1727427860043445,-0.8841380122550765,-1.3192288075402043,-1.636554490234205,-1.7379114512396252,-1.862573405121854,-1.9429363597206777,-2.1853897707140937,-10.384334561034077,-12.481437318331702,-14.036577947220449,-5.150690638095193,-13.037339015455645,-14.96224414932818
-6.595176458745323,-7.399783319233851,-8.356804739888538,-8.798064409700524,-9.021661515805155,-8.973021546852983,-6.632850198519657,-1.8217391342957672,3.0049018354692834,2.8866247390210957,2.7544807565132694,1.9653594336352411,2.4726578975856466,3.17769112289088,2.876026834347025,0.4664353512593784,0.16181777705878053,-2.4722245241051284,-3.692767573444029,-0.22832572290073933,-1.4526543044450702,-1.0023256913529628,-1.1210193083998936,-1.1615270314399575,-1.6455674296852056,-1.880329040690737,-1.810620978803085,-4.917775723643847,-4.10450111022971,-13.11585820377779,-14.300369572090021,-5.734241743266343,-13.338573461998564,-15.880297284157088
-6.412307609202106,-7.055566389546989,-7.769515733997656,-8.151497689032043,-7.9577086958428245,-7.7736763805213895,-5.658110648431974,-1.1412848650753076,1.4380821142280849,2.4814281679157513,2.338993475547017,1.5621295787147798,1.6596277696277926,2.9623165001448104,1.786839065434114,-1.33189911053166,-2.181841854997978,-3.581573112528264,-5.132108622765182,-1.1535277863442235,-1.7756679940177083,-1.7069980320363407,-2.128173892730652,-1.56359081603492,-1.803635663834799,-2.6494819198412585,-3.0221985879233597,-4.154542646448088,-10.014770991261402,-13.232339852772943,-13.742163875169377,-10.066061778423203,-12.979622375284006,-16.194682020701254
-6.155039060673132,-6.8465846425593195,-7.2382934593820405,-7.384008889705734,-7.5306651524247465,-6.975976713441797,-3.9051580983991308,-2.4126657832577596,0.1515644060383512,1.6460944603175822,1.7765441655933285,1.81446232030133,2.0137764924369073,1.6729796864058195,-0.04783756920077222,-2.2286907130608093,-3.56828270728443,-5.06638637369301,-5.619778229126892,-6.356984308509071,-1.664679147753179,-1.736610388594048,-1.746347654822973,-1.783654140644521,-1.6078021548668275,-2.0308528745771204,-1.9201769484414661,-4.802192369657356,-9.58714471334593,-12.811959619434266,-13.10765337595432,-10.3772339586024,-12.249990553478362,-14.627557491957862
-5.75022561130404,-6.360360448535181,-6.782026360432174,-6.817139186832708,-6.59930862526763,-6.192112766052834,-4.066655711605477,-2.350442632460173,0.5315776104869291,2.1198090581117603,3.053814503308347,1.6801137338433352,1.839407534496373,-0.1269860962827022,-0.8152317851746173,0.8615054541485023,-4.250322000824025,-4.372413203690352,-6.531039855664587,-7.016147691990636,-1.3638727550621956,-0.9239783555108502,-1.5765898915404946,-1.874989103021736,-2.383103884277521,-1.4395780252629378,-1.4536916673703848,-3.3780278992847617,-8.91463295660496,-12.524848426462885,-13.201905443322488,-11.957262706824414,-13.13633532690254,-14.77886470283183
-5.6146693875218325,-5.952008667427868,-6.186718175331498,-6.357703218046565,-5.891465544124014,-5.2706953684007765,-4.39419320269597,-1.4898886808535312,1.2956808501753188,2.9001547161545456,2.36637589603549,1.315662790757261,0.7407985571768411,0.5122899044682822,-0.805912017412322,-0.8240072834911848,-2.265180966561281,-5.618000101972714,-6.8679329505358755,-3.203158752296407,-2.0824780811221455,-0.9764616527141478,-0.9197881686161147,-1.2180283535406797,-1.0186635890752107,-1.1013066412639492,-1.0758744395000515,-5.302949193837088,-9.116999231592883,-12.166653481784886,-13.363798940988044,-14.033437058042944,-13.586664138460351,-14.9954559418998
-5.868015292107451,-6.04645670531589,-6.232795523925643,-6.346061444773194,-5.966954305666924,-5.510057140654942,-2.9340643772816044,-0.666011898670261,1.4848253442070982,2.6208768429941007,1.8293633619183416,0.8069938273770652,1.2561479266256723,0.3283896776662723,-1.4724153341938306,-5.531619183443496,-4.8937387124375675,-6.157695455938974,-2.440644357985155,-1.3562776059402415,-1.7815817046867435,-1.2774488125460215,-1.9212739360960829,-3.7415280023168687,-7.056040406935141,-7.416906540185271,-6.545969974504399,-9.377747115561085,-9.185798165452315,-12.007386789712678,-13.483028094842963,-13.683125724675554,-13.71152953782176,-14.980005316869201
-6.287955491655757,-6.410704805145116,-6.556974158243235,-6.817206108822263,-6.402645573500562,-4.341138601146156,-1.6503361201567648,0.6616752590637587,1.813926204247178,1.925826260772062,2.3735506814227403,1.1818038653121017,0.7207178489034718,-0.7049200030583243,-1.4703088415723573,-5.488394539436671,-5.7804328907799265,-1.734004576591893,-1.2985384994274283,-1.7967582087248521,-3.0649298876911555,-3.8533182337989693,-2.321517365813521,-8.948310511905122,-9.27946453241976,-9.730379214210917,-9.669196366709212,-9.821168687021881,-10.127390696011663,-12.394379774848302,-13.71534070791138,-14.157147165094768,-14.045941252637949,-15.181528816913
-6.141582951627914,-6.321330830412195,-6.427774559064333,-6.560186336538978,-5.712964554436204,-3.1928115377684327,-0.8076819927928255,1.9032646892110003,1.7319472938728258,1.7286746306458998,1.4870151797932643,-0.3160320477602842,-0.7235893932854203,-1.9193153689374323,-2.1257526808937945,-3.2201700091670684,-5.430040131855076,-1.848694533524052,-2.5566295192231916,-6.200981244286202,-4.327563277842735,-3.3902967056973763,-3.4735212244787275,-10.602009589412958,-10.288711721014455,-10.299704782309435,-10.368827304129114,-10.213842537785663,-11.121998318827954,-12.872032980142631,-13.828991665980066,-14.016814972070017,-13.791643405953476,-14.859998732193624
-5.832979037790795,-6.123161550151932,-6.235028873327737,-5.904110114968918,-4.836274170799721,-2.4061931456078938,-0.30134300528118874,1.3213604137569839,1.178682703300964,1.4525559148369058,1.131551229497837,-0.24739484729525812,-1.414156894408668,-1.3866396547129998,-2.720815852591797,-2.4337339458825658,-6.1169055002969195,-1.5529922625751076,-1.5682858404058406,-8.149153671637578,-8.844293066668252,-8.42677006617525,-10.04374679211078,-10.338218844802897,-10.479548963309076,-10.617288610842733,-10.858567863721294,-11.018938375797887,-11.330208612550061,-12.646379393381368,-13.628742047591325,-13.86656347540839,-13.56679978628491,-14.468428360260802
-5.724539246207028,-5.925205667318309,-5.7689108843809,-5.145139408183306,-3.5717092974772493,-1.7589924404718755,-0.04332149368881905,1.482638837459995,1.414102653266261,1.0291715301443358,0.31526617956267416,-0.10751096626418373,-0.06878470579530839,-0.2314422004905043,-4.016178796416261,-2.3998937553539643,-3.5149453514947044,-6.0670734780304105,-2.2565227658210363,-5.292266552770896,-9.37823561297348,-9.139137708515017,-10.055291590092395,-10.262989984742013,-3.6901593983266188,-11.163500509022382,-11.535923408639487,-11.093813716660184,-11.311271287220357,-11.959929519274699,-13.32845044192581,-13.638989662627576,-13.363508943124511,-14.267938746534789
-5.397817849540921,-5.45594599445925,-4.9786886353562805,-4.2674421275994305,-2.61831287382081,-1.1472718155500676,0.3080294397493334,1.4858635517684726,2.584096266977584,0.3895627844413412,-1.1376416955004798,-0.9409173002877167,0.057421197701971495,-0.8997336439789824,-2.289884591213711,-4.090759654803691,-3.842327083084563,-3.0138337284657166,-2.396351369646063,-7.33969546893461,-8.383632455104971,-8.4827393820391,-9.019922325473907,-9.561276758540092,-9.302530847534841,-11.28066624245198,-11.118206894853083,-10.782841039224243,-11.084622672526201,-8.342547476785448,-7.525464171854598,-12.62470464640379,-13.711918754115212,-14.524349506949546
-5.234619663159468,-5.077127963063046,-4.503361109320191,-3.6513202622795777,-1.9169796567846915,-0.2905095935042086,0.37286903489293294,1.3005950320878403,2.9405002082154854,1.2035275098503992,-1.2791224901800369,-2.094517471386161,-1.2379256364947193,-1.3482889963086482,-2.456808786401594,-4.559472200796235,-4.867660317045009,-5.647037849049256,-6.2985362349651215,-7.533322784595154,-7.426504982198722,-4.226524432754376,-8.532797434626044,-8.780286955003787,-9.384110540296819,-10.426271851283449,-10.715618479604439,-6.458526117796603,-4.672031628888487,-6.260331694097146,-4.975717082316371,-6.397843629604098,-14.167683819903566,-14.134527021864873
-5.182048705674622,-5.028640579953818,-4.056565406882696,-2.407058886307799,-0.9406541744883231,-0.31673249067872206,-0.3553729380582744,0.24145551477640267,1.7390658637040413,2.3308959192385874,0.6146453263230734,-1.852165484947693,-1.8956820928583842,-1.3697587130315083,-0.2477198273373062,-0.28760367329896896,-0.8152204349837973,-5.626784396001307,-7.312270144172694,-2.1192781615917746,-0.591861017953268,-3.047511180949988,-8.128460218319418,-8.863485136545556,-9.408847663418364,-10.15039815837697,-9.031840311291756,-2.9491851406306564,-1.9942615948661504,-3.7205265472307056,-5.077353799822941,-6.2684277887471325,-8.608295715136668,-7.415471195231674
-5.305327162048289,-4.96856176847464,-3.872486341413162,-2.5824601868696533,-1.6052915815604634,-0.7848651819198562,-0.054293887906711594,-0.012936221828195477,0.7281012023193592,1.0579794588987101,0.8678357820969222,1.1859878618924435,-1.4289586539758443,-0.3080915926663191,0.10489705610634967,-0.10841117124324422,-1.038982555223248,-3.675813645903656,-0.14093568903558476,-0.37262422043634214,0.006515476009477874,-1.5620082370238824,-4.320392357809555,-8.701539279940459,-3.5185302907243883,-3.257089210090191,-2.6319968060230656,-1.8882830798619616,-2.5795742807222504,-3.5940809044158,-3.762340670375904,-5.029695806702755,-6.679299141731942,-7.258224834120031
-5.301877708438801,-4.738457247962852,-3.676656540136799,-2.417080347447088,-1.12281664235341,0.2204161054838794,0.29005429794417453,0.44451068967327123,0.10210379611312097,1.1990847740506083,0.8176914069938354,2.1983297284382957,1.4182878437471031,0.3829129234777868,-0.3098615374189664,-0.02509066764366558,0.013695182612421006,-0.5034268504499114,0.40213408599190376,-0.20394704367859834,-0.9641418927395162,-1.3343344725954562,-1.5488740872108877,-5.6658357414837734,-1.5701600724848357,-1.490468641089516,-2.3930267389456605,-1.2306434208211081,-1.8677493147374717,-4.355747393470877,-3.902067816449011,-4.007513431834707,-5.522137299558221,-4.864799843296943
-5.1813869483333725,-4.38692866764262,-3.206055132679252,-1.878315367559519,0.0672556361808116,0.8035806778272683,1.0535432059719405,2.203020334359041,1.8040713297263886,0.888105050611819,0.6258713495430036,1.0378333173374388,0.3063393511128781,0.5279517583948247,-0.17761433477205044,-0.7449655899572355,-0.5224985003682362,-0.470915046002937,-0.7680623061056524,-0.6253408129627229,-1.4874322980033075,-1.41826585081669,-1.0348777042544224,-0.5648222252694003,-1.2930519356037076,-1.740978083993695,-1.143862243002176,-1.3044578002908858,-2.1545601049541974,-5.893562923536127,-5.2559813742553345,-4.303139341409252,-5.901505539671641,-5.896828405265773
-4.850997721313758,-4.195717657502723,-2.901883567298359,-1.2991928535298298,-0.7235948758328015,0.27326998787951634,0.25634936302122274,1.5221429224125802,1.3304039705017248,1.000151367667087,0.29245696636682156,0.46858933320713986,0.5402753488789763,0.3621742917091132,0.2371178902681516,-0.23988349138125872,-0.36044761778394246,-0.5281246435946595,-0.1278274871643726,-0.4064285168205556,-0.6591629782402311,-1.4593308210688791,-1.6973083876242667,-0.8024712771924701,-0.8229621375935091,-0.8573957894290565,-1.3009007268376702,-1.8538740208578917,-2.1152003226210234,-4.572582091001086,-2.3137170625911962,-5.272267513383089,-5.407417712773676,-6.658412919393943
