script/wind10m.json
{"header": {"parameterCategory": 2, "parameterNumber": 2, "lo1": 6.000027932988019, "la1": 58.9999434238085, "dx": 0.5, "dy": 0.25, "nx": 22, "ny": 24, "refTime": "2024-09-02T18:00:00.000Z"}, "data":
[rows 0 to 23 of 24, columns 0 to 21 of 22]
-1.492731342578739,-7.577369110347798,-4.716010638596075,-0.7690879705615496,-1.3449196997597863,-1.036119103131858,-0.9083253572408589,-1.418336653967816,-2.9380862353923614,-3.3817394730450987,-2.068070740511107,-1.1451699152817296,-0.1419162318413256,-0.1428052721485398,2.3092762926935033,3.0291357692586147,1.1302651711496174,1.0582964968488582,1.0432579906238741,-0.1447707029286972,-1.3238043968528346,-1.602483347859909
-4.831800147321766,-3.905351187296693,-3.48123575795514,-0.5613343196961497,-2.0749361645557105,-1.0020695745786945,-1.1107904696412347,-6.072910399795843,-4.925150817037365,-4.162402447861065,-3.862879394865785,-0.3461858050067114,-0.40528269114433346,0.28305611911981715,1.5360769769468658,2.703941107446977,-0.04412239184148486,0.8835254310564669,0.6716345932659263,0.10003862951179864,-1.3283152084540397,-1.3544397385311535
-3.145861506957379,-2.7584019753390967,-2.620103481714915,-2.255761496150873,-1.9204307533507388,-1.473440792882342,-5.276747675400677,-5.301101400718444,-4.728099838038541,-2.457328921103256,-3.59351588508176,-1.133650196377156,-0.9204890537250872,-1.8482815091209264,-0.9645466480931053,-0.09592381625559256,0.4345982034064822,2.2289988848530746,2.0166105673723433,0.9823510789091222,-0.42383313594794775,-1.6479549767202328
-9.833681700187595,-3.7914390948134704,-3.0596472882557304,-1.8666617934088927,-2.061422418604665,-5.891388414832587,-6.28827595857601,-5.803880962710688,-4.915291064296921,-4.528227737462113,-2.527604512772423,-2.048788918907775,-1.0338503659079588,-0.9344496891683521,-1.604308333215632,-0.4896710280964494,0.30013177377680605,1.4722297297284541,1.280068359838935,-0.4708188126890349,-1.0625301951720618,-1.0450303666378433
-12.967781969687008,-12.088943849573322,-6.1415614641446465,-3.7941881725887288,-7.578475732676853,-6.388847397769043,-6.171736253473703,-5.324138943631559,-5.4462614837725765,-5.140628140924145,-3.526125408664056,-3.230446849790691,-1.3442539465273828,-1.3351721938645689,-0.9133785537210133,-1.1993762817368392,0.2588744537916161,-0.02372373888894623,0.6519165362644891,-0.92051428943809,-1.4667146882422748,-0.9983667980258436
-11.946104309329128,-10.91226431220567,-9.842348687613425,-8.1331341018274,-6.717784676541103,-5.754348345428134,-5.982588079281472,-5.973705948799554,-5.1151251627034044,-3.8016466926623185,-4.683940650508877,-5.575957793791092,-2.4097321893154233,-1.0256908167470065,-1.6741143425891494,-1.4758923033904627,-0.3762284670529164,-0.1366726753317824,0.0015178498689978474,-0.7563944570095869,-1.0391956424286088,-1.0241825299457978
-9.426865668504098,-9.446413449145483,-8.282716324861246,-7.1149826846168205,-6.274471618367438,-5.9588884591608515,-7.090528344532515,-6.4954874354536845,-2.936601435030852,-4.8400051936379,-4.721688631432197,-5.03983247661543,-1.5532227267408927,-0.7901924245458719,0.3564857310380868,-1.027087952153651,0.09879869142839429,-0.5496263070485139,0.3513271032296229,0.5290135611849832,1.0270793271028154,-0.3339282785974981
-8.570650896184231,-7.655676768564687,-7.673208396165813,-6.644924177127986,-5.616979837559745,-4.664201225202745,-6.166526496334535,-4.49310338489124,-3.034811445831106,-4.058505955619035,-2.5436024287036147,-5.58201696178266,-3.552016548124488,-1.2209325112613776,-0.726835151911888,-1.0713685103939248,0.22234243775020798,-0.3886972039592347,-0.3316278789291991,-0.005103714415587207,-0.0027191281322875268,-0.8306012227455004
-8.182229765653906,-7.645213092887747,-8.09201578776954,-7.166709687552519,-6.526369359140283,-1.7159381398092752,-5.231214899432203,-3.6717439073495055,-2.859886776463944,-7.083350978422841,-6.332147932061341,-6.553058942714668,-3.9218715670635063,-1.596160453059562,-1.0617369325451058,-0.9552655243122332,-0.9551520794086223,-0.6409212726542023,-0.6784251229226419,-0.31371216554692455,-0.5657097836423807,-0.44163542602874944
-7.954007144793971,-7.46246179442951,-7.788548220205389,-7.772355798815403,-7.618548919651876,-3.0891727902387354,-2.5202733078050032,-2.6034893198433675,-3.5464980040630523,-7.774157824183683,-6.695509531950979,-6.61540297514449,-4.9306094949923125,-3.7759945949040796,-1.4165372320829708,-1.5330840286640028,-1.4736212904094013,-0.7419879651987198,-0.7464777969027778,-0.19850654356510444,-0.626714129429639,-1.323868318741335
-4.8127404396984135,-7.4307938992215,-5.701099948636594,-7.42160114605194,-7.213795692052579,-2.7701577790191725,-2.304034311888226,-1.657447480483506,-4.03581907219386,-3.670579788384552,-7.365621401265234,-7.398852648081253,-6.780671968836932,-5.155001119944341,-2.6686617316734607,-1.90578319197341,-1.6824823916031508,-1.2873111668604038,-1.214319829957572,-0.4863275517243888,-0.5293532121141287,-1.9054260370619538
-6.257204311425183,-5.76376285740107,-5.91892617932114,-6.739950807080021,-6.15164296856542,-2.5248644914590415,-2.3130599130756218,-1.8398503726210689,-2.811651424815698,-4.466153974916457,-6.983181050438752,-6.083973121209963,-5.66712073743633,-2.4852958050123606,-2.5715598695653497,-2.1885189501499047,-1.3932801572295694,-1.6026806123632338,-1.2584112613486746,-1.0240722298322544,-1.1938346939394748,-4.119535979809444
-7.120833331627312,-7.350731123790317,-5.838552069274303,-5.428093902048471,-8.85932049325931,-4.8387603063590445,-2.621706597588219,-1.7214952713012073,-2.675221593321702,-5.896047141327616,-6.655521735966268,-4.863114681190381,-1.5550322398827066,-1.061882767731085,-1.9411554325545008,-2.2137578361159496,-1.8107045590869266,-4.938851362900181,-4.670544972422074,-3.978848125560099,-6.029369852112556,-6.634537213811359
-7.945730160200808,-7.229873626193688,-6.927068260970088,-6.779039711921193,-4.672760796898115,-2.6845693696867046,-4.133012392370978,-0.9220872082069204,-2.7080372799812116,-4.672760410529241,-6.447649297883977,-3.6534548771563897,-2.0885202517198698,-2.1178524969446633,-1.5667146726079997,-3.956043069218818,-2.3093100368099573,-6.875423381966242,-6.596281510345719,-6.488384444943322,-7.496441246155804,-7.597310590044305
-7.84799002958324,-8.812094244881008,-7.571454131699485,-7.4638293197123495,-5.968565087846052,-4.228362812428284,-4.1272769938958325,-3.0451539710689004,-1.3077876720667538,-5.062471578899072,-6.575579483505869,-3.0029830551077374,-2.7121393854207696,-4.364433208713674,-3.0404404857410032,-4.136937219173138,-4.6287178153226725,-7.244049989050578,-7.51587772699673,-8.076749362849814,-8.738417874481582,-8.414543017007084
-7.624092018880006,-8.857204201576563,-8.481779058383895,-8.022737526283018,-7.491918653887992,-5.183197572127811,-5.279871985721386,-5.448110738836626,-1.6004962153334965,-4.102831523084811,-7.208486212734961,-4.164213316755879,-3.3011511785247,-6.658192705619582,-7.009473467900361,-7.754943308672342,-8.994288711381493,-7.386405100667034,-7.98789647461017,-8.800744614680873,-9.211935608882019,-9.343477815630287
-6.4649787752923,-8.495334357702228,-9.109076331999509,-7.394755639433039,-6.374386455462623,-4.7991614366692135,-3.623071907138032,-5.58926221419498,-5.099389292847187,-4.473531075498832,-8.233446689319367,-7.152595343529806,-3.672180789424517,-5.035406524341687,-8.051054155479621,-9.143897001938798,-9.46286304625371,-8.564018937613811,-5.217003132042648,-9.46851531055973,-10.215624000899393,-10.173667292173183
-7.080477054399734,-7.505880614006113,-8.667428712940103,-7.284832320940169,-4.813486450690696,-5.261599976178308,-2.671719425225252,-4.351834399979226,-7.987226342931104,-7.280345340098632,-5.5781007226037085,-5.032681452574026,-6.357799978436369,-8.031890152343555,-8.317954496983567,-9.44708666382206,-10.039666888392393,-9.485378691299106,-9.80842271946409,-10.293807080519215,-10.93175973615377,-11.65748071046678
-5.238526376012757,-6.307465963112338,-7.900419131095883,-7.64720844948682,-5.506248876589774,-6.599524814182417,-3.7637925314879306,-3.413122507718635,-5.565178915439844,-9.016807499960471,-5.876373097947552,-8.234293256013677,-8.420187367990978,-8.170593173756748,-6.655778493336993,-5.414312838478217,-9.940310921327738,-9.93805269580244,-10.020476642828386,-9.729482830961805,-9.059363821667954,-3.9043181010560066
-1.5877637917123169,-5.981695286231722,-6.887098269857187,-7.391277614554902,-7.077073035445491,-5.738877177217708,-3.0329135181455276,-2.9578859044267007,-3.240748390199108,-3.4504319891073325,-4.864046745982575,-7.195930731299736,-6.46550524013907,-4.0986203757193795,-3.3738055036098356,-8.379746722176288,-9.533484508167076,-9.777184501551767,-9.156718386774937,-8.335659992709436,-4.549544193187396,-2.186572068743362
0.05918713800373107,-5.829177893444975,-7.515572992636393,-7.514995932772076,-7.328156058052883,-6.165413446661329,-3.6694024585179865,-2.754436224045167,-2.8333538649154617,-3.0631111820291386,-4.385617886734567,-3.6406466306192797,-3.9160443094042616,-3.610119225707765,-3.418125663271305,-3.371585469677932,-5.2417160559433755,-8.741008914116815,-2.4823383695428416,-2.943485482914379,-2.3856499510751386,-1.8648814675005498
-0.5627449650032068,-4.7317066910663055,-5.746116914411476,-5.658914079159716,-6.163769377828498,-4.649367183844185,-2.7773785371091146,-2.5943694336709853,-2.347402407228549,-2.1898055199136013,-2.5971977587830617,-2.8155070083289093,-3.153419058148189,-3.385395042477896,-3.771070692407852,-2.62838398197674,-3.831523053841333,-4.190777467452031,-1.9874222137874145,-2.062548180597145,-2.3915344812426524,-1.9263638130343879
0.9016513545965614,-4.359960851983399,-5.289001675391411,-3.509829364937677,-3.8577413514585923,-3.403117066582729,-1.8768751292149217,-1.680502823690131,-3.053845348271321,-1.349152696992922,-2.2845623241368997,-2.0415881694922233,-2.2185522260209414,-2.9846780049234964,-3.998371087171398,-2.424034540957091,-1.308760918112681,-1.4493488461466428,-2.68502833088964,-1.51885811153114,-1.8816991395975393,-1.813734919425624
2.3984585064304587,0.7007141761150343,-4.710000182810049,-3.2226980451669824,-2.186899822806338,-2.0335210504273538,-2.2686799741229753,-2.307534546229057,-1.1909758474505077,-1.5839106411557393,-1.4894485690369497,-1.7277369382701273,-1.4949804039800396,-1.6837339209693751,-1.8101032659269563,-2.172795890418421,-2.664698456530233,-2.1221710623806547,-2.4566806545279416,-1.622764212681687,-1.5625789213688437,-2.578370187969213
