script/wind150m.json
{"header": {"parameterCategory": 2, "parameterNumber": 3, "lo1": 3.000054539987559, "la1": 64.9999836372058, "dx": 0.5, "dy": 0.25, "nx": 34, "ny": 52, "refTime": "2025-11-24T16:00:00.000Z"}, "data":
[rows 0 to 24 of 52, columns 0 to 33 of 34]
-8.337526669555903,-7.499056273814323,-6.094952516807638,-4.242775657671821,-6.750758333457912,-4.817039754408612,-4.801148892016191,-4.912606799987658,-3.833995932921344,-3.7671371182261235,-3.8451484516753696,-4.365310696517847,-4.695352795224935,-4.220395355599534,-2.8550280886262844,-0.625243650478075,0.02495771225668472,0.15343898049389632,0.9148720701843114,0.39122795336402844,0.4305857236227202,-0.3586996280968385,0.02738397327512076,-3.00488198523648,-1.9098244641430602,-0.009147486321007953,-2.9176089838025234,-4.550247472847502,-4.418543938248733,-4.129612003008068,-7.939955933987587,-6.810288501283624,-6.823681956541602,-6.541092609340767
-6.9011757020022,-7.044897328047865,-6.383039531450354,-5.415855647864084,-5.488542145652321,-5.081789745286563,-4.987917050357967,-4.8379233213714326,-4.929885799681145,-4.549002645098848,-4.888222576569236,-5.049925163495024,-4.671431083203763,-3.596455892782164,-1.7594866021260718,-1.1133249655501554,0.09210721820204086,0.46377168697533905,0.26716856434605707,0.05353732017438121,-0.8234641392023844,-0.15701578055034573,-1.0812367175846451,-1.4863298585799223,-0.6434414193812658,-1.3609482160580566,-3.9939455203383365,-2.8894255383711784,-6.363069520751477,-6.1812576197460505,-6.244387915953272,-4.48942480390302,-4.434142891128773,-6.0630016361137695
-8.161029630887189,-6.136504433424389,-5.609059610493942,-5.188090327838545,-5.148570269263033,-5.8401678535675074,-6.254449880860928,-5.7638920584305335,-5.249250840173088,-5.696089726452259,-5.435484535939404,-5.087384059912153,-4.4871755876809925,-3.309559218475528,-2.604279084897101,-0.7571740462432953,0.5215116426538675,1.7146398777569636,-3.378807102576253,-0.015333434804900056,-0.2667522838436177,0.02567866590028049,1.0282245345032721,0.3739321019967197,-1.366740756809761,-2.0300964237475787,-3.4777936014820616,-4.196316917341141,-5.400699214116207,-6.271868712121959,-6.650922810236442,-5.15827401354367,-5.239232782392207,-5.814724391649753
-6.059520444123223,-5.778069576280858,-5.525982151507041,-6.123355325645016,-6.91042406308763,-6.937872381421796,-6.451558581867453,-6.173131507196782,-6.533176786321866,-6.173974121359863,-5.819392913949267,-4.6056594488753975,-4.4473964512203,-3.867467735477963,-3.4326694099603086,-0.9290990107754499,0.318074699910827,0.07202122284466772,0.6685625484942677,0.4652199225288657,1.115803693095853,1.1458608877404795,-0.5457493820413946,0.04926505295184214,-0.5134081239389808,-3.630188769617647,-2.55834908788641,-3.450748605589025,-6.452075403355203,-4.889317978123466,-4.6439055897021895,-6.26954720798764,-7.438696905945444,-7.569606812303712
-6.174774200810695,-6.418943381629453,-6.883972675075371,-7.280626592000452,-7.300370201203539,-7.153263429243551,-6.830486762709571,-7.055271449725076,-6.8379352370944355,-6.203617204610248,-5.760821899760391,-5.454673116791169,-4.801835901788222,-3.609122580426748,-0.6601260372608538,0.44264729655672413,-1.033914820915014,-1.3450356315140373,0.1440976041141755,1.688378988709228,1.1456404958943613,-0.5372822859159101,1.4853649866199017,-2.374689623693783,-3.834960221810979,-4.843517973145527,-4.651461410080791,-5.869750312996261,-6.2819189706914,-4.8836984932205505,-6.290836668626598,-6.978044862869896,-7.319502275173801,-7.294647474052449
-7.368943369528263,-7.435398863200952,-7.565209639422269,-7.681284842799731,-7.587312228882392,-7.312942058268853,-7.601709927594918,-7.639072238106306,-6.861545487680515,-6.724049646601892,-5.965349564725737,-4.383950092201794,-3.1587824490443133,-2.185407891548482,-0.07968446164937876,-2.3879832041315328,-4.347176037805327,-0.5435285404985178,2.579925190413175,3.19130222906826,1.5137741699012215,0.38225312350160723,-0.8813746114346099,-1.6724855390776756,-2.9492521281557456,-3.1802288834438883,-3.509332686097338,-3.7833253076615105,-4.060187874740199,-7.791934246235089,-7.5118727813003465,-5.916325474417228,-5.508539180930836,-6.129648772436376
-7.95773364157999,-8.103291094863478,-8.012015450750576,-8.111085981030296,-7.96633901713663,-8.151461478724237,-8.185030813501596,-7.501414119025579,-7.03696576265897,-5.761277195211583,-4.854479497002195,-3.196244974823573,-1.4196715907823878,-1.1720921480238837,-1.2549739970098954,-2.4342057137023887,-1.1297729574505726,-0.049575794352847716,0.26099642437065784,1.2143716322812093,1.7477597721478444,1.0330718805052082,-1.4946578304798996,-2.5290199648876523,-3.3032067643709775,-3.1122568576785716,-3.5426314130232903,-4.182579610851839,-4.4382707653239235,-4.2993155869684125,-4.92764061944033,-5.332683449334809,-6.507064882061132,-6.291864850258701
-8.314191592942825,-8.430000380006382,-8.48171142514878,-8.455056418132939,-8.636839080968567,-8.484780285659285,-7.786427014986077,-7.16967420687708,-5.91326497575069,-3.3921929120549525,-3.799090844234786,-1.030960071379346,-2.0034577620536234,-1.1282979824562374,-0.840898900583188,-0.23254120200352718,-0.34502106991686926,-0.9556509005125502,-1.6074299610362988,-0.872784757191511,0.25220980440529533,-0.7180472042027382,-1.4164146447411745,-2.3655501254102638,-2.2582612648068867,-2.671079120046216,-2.8153791107739394,-4.9643768249423745,-4.716097554543556,-4.677065315251279,-5.762725491956127,-5.013890952212057,-4.967232305005799,-7.507123990982536
-8.919985928379937,-9.065927891101524,-9.000511403892803,-9.097777193375608,-8.922305478554595,-8.273344817609875,-7.4850684317294975,-5.022703317240582,-5.339549522358473,-3.7011058925413374,-3.716743132907809,-1.575010889258648,-1.5548550018649754,-0.29066094719944874,-1.3067426659212904,-0.6143602757148033,-1.6091170584568535,-1.3388396781198175,-1.5178474605941634,-0.7088147388279071,-2.0185953548941096,-2.235263564911964,-3.362891010584111,-3.0019167365914594,-3.4152569984467744,-3.590705776051188,-3.102390237574486,-2.4287673373859455,-3.845154544185599,-3.239638958994443,-4.651410146831312,-5.1360141177680285,-6.957784176802193,-7.930284271136322
-9.57355924505583,-9.546321344572533,-9.631100578430742,-9.629772050108627,-9.018267605406534,-8.184907052861348,-5.810027054158731,-4.359443028258222,-6.279588783004421,-4.086220175138637,-2.9966516740073255,0.30343060799710364,-0.9324626388791312,-0.7969865767020274,-1.7207311598393487,-1.097867217046914,-0.7681019263649224,-1.9688217189099593,0.7741938871979241,-0.6009828731677628,-1.4493309353666624,0.20754579548901406,-2.8297617147338987,-3.598695440345103,-2.9718835094646376,-2.890515731157585,-2.8865003781263594,-4.3601868704980555,-4.290047028736936,-4.144050181257239,-5.215224356719795,-6.952249467491673,-8.029678533337755,-8.374918708817038
-9.99032832203358,-10.35538444039396,-10.517736050834422,-9.838431178265976,-8.970514185373672,-6.003755391037834,-5.542361191116858,-3.606586092923782,-5.148738432684986,-0.5626835538511952,-1.7937618421727843,-0.8820113944777203,-0.03796959276639269,-1.5337886944779757,-2.539687135808119,-2.7119840260728636,-1.5310877441584814,-1.2444236198364804,-0.061946539137065715,0.7602843578779902,-0.44345203793228927,-2.5619319561858904,-2.882291689556937,-3.094753710366133,-4.099054241053527,-2.433159165218326,-1.0047425216068484,-5.087016804591117,-3.809497836560637,-3.3824485157489024,-6.857322099526798,-8.104745378089854,-8.970882746828046,-9.333234570611303
-10.91299283451154,-10.993678344080754,-10.639231886881024,-9.615330204601936,-7.200961830491875,-5.473670596303754,-8.667666620759888,-2.4039234827168547,-2.6734162222043945,-3.384678285511826,0.16921789252163363,-3.7432573142207133,-3.5702757713547175,-1.2048446429054838,-3.100726318996526,-2.1577109929790805,-1.9654093077103867,-1.536540989457206,-1.7109445455035461,-1.89287278898506,-1.5593651433176257,-0.43689786634548416,-2.160940693088798,-4.227775924946658,-4.5832926335047395,-3.3119800406000097,-3.6954537404191217,-4.205128579132499,-3.7589282705633322,-4.841675425503982,-7.8765296022149505,-9.151851558183465,-9.550639522706177,-10.005577062303164
-11.43338567083993,-11.240057790913207,-10.086494344618554,-9.11499117432522,-7.5798249594088505,-3.4708922711067296,-4.619806968596888,-4.072702336904817,-2.631792745713229,-0.6032662472643574,-0.21496850066047288,-4.585042402826526,-3.529122981088023,-2.173747634011023,-2.423066382753538,-0.999680660428272,-1.950549813559508,-2.2819381713464355,-2.0625897822085086,-0.8820958007863547,-0.7972609422826726,-1.2753010460626681,-3.5599170446056934,-3.2834569188249034,-4.8959662396229096,-2.1770641768217107,-2.253650949182419,-3.587945591670409,-2.914091869184914,-6.565912562039033,-8.99961750309919,-9.914639117684137,-10.531934427084707,-10.677114488849671
-11.65500462669905,-10.97531812032376,-10.627111226058219,-10.69218084674188,-5.340739959258012,-5.066553859070313,-3.451279573420538,-1.9115470351791894,0.741641502261075,-3.240727323615049,-2.330677438836049,-1.948935179908912,-1.4725399607816567,-0.30325701481983364,-1.7085529714787853,-0.9973362084413315,-1.3573724850557682,-0.008024391769785411,-0.6590910976630733,0.15660928775659727,-0.13154997540785898,-0.5357377479445914,-2.0847916182613195,-2.7426051939193234,-2.934466446973933,-1.6261937358519274,-0.6148124189131453,-2.219304845774034,-2.8468246610215844,-6.932663997347792,-9.151830443073019,-10.191100594515785,-10.94871654150256,-10.98672512820419
-11.250826921239161,-11.105003871199427,-11.584524947792803,-9.150620899341067,-0.9734921178519936,-0.09806830290291242,-0.4317891275532856,-1.8031896016221702,-1.301371219246361,-0.5106977827033035,-1.146782561426121,-1.4135939031597922,-2.7102585927220995,-0.48866560651153446,-0.365904978387395,0.5452798615910102,0.25995019008819165,1.2650545976685326,1.2258657807197506,-0.5891960274703528,-1.184887271879614,-0.7304643188002335,-2.9271450979330464,-2.1510762080462604,-1.5086428198626642,-1.8833422515236107,-0.6512268226694432,0.6519306438783075,-3.316667858969389,-7.346983775115898,-8.84961341529669,-9.685962433066123,-10.776660949145413,-11.473829338386238
-11.460758946868253,-10.913287453406786,-7.923915713784246,-4.2043858987856,0.29225343546857646,-0.5096361660685362,-1.9675255618787415,0.055624359262544366,-0.219629471690059,-0.5883920644117346,0.8136277224267026,-1.9765256880715636,0.35090948142538614,0.5008074911699986,1.0939326596961911,1.486802522365581,0.7703901439162991,0.773997007725575,-0.470112390040774,-1.2614775059886048,-1.0525280192851378,-1.7952954766932614,-0.3829591379523546,-2.9264071135203684,-0.6231147273441606,-0.928484205439078,-1.649432164056189,0.007352890623484296,-3.6791483820204065,-7.936352416131357,-8.557315073941766,-9.840119725430736,-11.214668322617186,-7.281234410270688
-10.973057862319811,-9.29572026062669,-3.3621586480274366,-1.1322676178766178,-0.07499897829242436,-1.084992755157142,-3.5507255053885505,-0.4858375393130142,-0.8160701654995955,-0.6211529187469647,-1.0607771949529992,-2.090151146569341,0.9319447134350602,0.7468910444272677,0.005333538735820741,0.7156985852799622,-0.5412427733577398,-0.6282200054745394,-1.4288322258723525,-1.3716154484229248,-2.5976350373609263,-1.5348887819982362,-0.9743557337651131,-1.1566484742724283,-1.6718360324703445,-2.092293405010604,-2.73234663392939,-1.3106237326046442,-3.343644102290673,-7.562565948401495,-7.422527045359054,-8.700400869905986,-11.296309152217086,-6.04000772108024
-10.519354815821664,-5.125233428698488,-2.2665610169084065,1.0862070976521514,0.584251875416749,-0.8745511153645706,-0.8738017748603175,-0.5664714872771013,-1.445050018485226,-0.8001286858790588,-0.10713354681062515,0.30997514544019883,1.0870272133603058,0.9190073421019522,-0.268784373339407,-0.6007046741088071,-1.292809823881339,-1.1181189759976216,-2.0658195846382292,-1.8371179369252482,-2.7797788517828415,0.011852907596828968,-1.6269449450069424,-1.6097578961010983,-0.9877801001531199,-1.2042273222727073,-2.3296307854451457,-1.8159028244826394,-2.7191755474996158,-4.5686541335443,-6.235148236729014,-6.708534003439784,-6.409404195180626,-4.008052047624016
-9.108671251862823,-4.769174380594787,1.725102868927692,-0.32515886366911295,0.5607774537917921,-0.14606162039709522,-1.8604148965338758,-0.799434648011405,1.859131613090107,-0.7324165064427532,-0.16103317601194064,-0.4680485040272545,0.16747996774785676,-1.2251316247404735,-1.5753991571030956,-3.3937639780934545,-0.8954620001161174,-0.4265096215310443,-1.8316684400412182,-0.36098019797454284,0.02862260838995214,-0.2973521660518755,0.5388413507895491,0.34171345826770055,0.5645672596288043,-0.5467106383490838,-2.0826524424854433,-1.7137943718138355,-2.2561504643390733,-4.1751084133011584,-4.963628736054493,-4.085162865784868,-3.825344930168637,-2.8165655369178717
-10.10726609442404,0.9671595429202745,2.1298755919919863,-0.3191307162734723,-0.17579678199495363,-0.5697994288778476,-0.16497417842359036,-0.9162199294623053,1.1311397824576774,-0.5416273552006673,-0.9131689514220294,-1.2021392422436061,-0.06112014156113021,-2.2640057668602886,-4.137747276343955,-2.168239219365575,-1.1452851838202835,-0.3185010913358169,-1.1208224454921218,0.11853102337566203,0.22682919163945642,0.351727540482957,1.5177021159164725,0.24427555429796038,-0.6855392992121775,0.023563607505927387,-1.9873059738340644,-2.3307072211536126,-2.753701690617332,-2.4454040007454823,-3.398351452808661,-4.002504056962143,-2.507199692218844,-2.1136186957973337
-7.430015138689443,2.6958215927760034,0.32975200976562125,-0.10170556567964219,-1.0491718213738384,-1.9261331939049111,-1.6790081387755034,-2.9948072497926264,-2.012937970943589,-0.9650626819590861,-2.510827065637932,-1.620027778167198,-1.8233538765305954,-2.5683121246511798,-1.2387038176931187,-1.674124092245659,-1.9525548576631004,-0.13060758742523698,-0.3605075512135004,0.3463458887559019,-1.0540020274401414,-1.1187878628126022,0.6071680235559134,-0.5317366785805812,-0.9340262337516357,-2.2663035463832664,-1.889265364335869,-2.4747463761786133,-2.519479716630969,-3.8721853060803104,-4.357144232488313,-4.495006056929486,-4.270766576806498,-2.5954768849231824
-0.9773388852051073,0.49041202608567,0.051184234770209745,-0.09821614452892882,-1.3711046048074857,-2.9273555146419863,-1.8378690093868897,-3.1405287624789824,-2.202886519692818,0.330096327106912,-4.554857592622715,-2.11879824030311,-5.341299946836638,-4.120894889504995,0.028597059720930754,-2.367526375333093,-2.8844137181575156,-1.4557316632498638,-1.0819397244101805,-0.42300620479353696,-1.018884914759937,2.593985898363335,1.7357312490363275,0.5354841615843792,-0.24451805270537333,-0.5281877339559896,-0.8600009182626518,-1.1462411824796515,-0.7907211865110644,-1.3150927758592919,-1.9099488204909005,-2.518411849713334,-2.8761802623373645,-2.274603186977404
0.8552363769763243,-0.6039951426075586,-2.0581182890062117,-1.8249786117768747,-2.4059388773298416,-4.906916838292075,-3.2720628996943852,-3.2468539230277775,-2.3086287244731243,-2.121031590152976,-1.9128238294290092,-3.395018170048473,-7.035622753507441,-4.751553871743646,-4.769973289867396,-3.81945466979945,-2.6869891025180404,-0.8926969913337646,-0.7964889590209782,-0.4412688363917464,0.8692007788581493,2.684830827307844,1.3047090278774014,0.5554806070157162,0.10667175692647488,-1.864440506478857,-1.5783428731365114,-0.6755381444656932,-0.5625130643066973,-0.9122836762537833,-0.7287342856362088,-0.005853171680901495,-1.2414514864574124,-1.925732989527213
0.1666992147280013,-1.5195791488958428,-0.7855553634749918,-3.3128531774622596,-2.807079783740204,-4.583442346180224,-4.20320344952288,-1.2887117559527903,-3.5526613418095367,-3.1024026406992475,-4.308456624899567,-1.1866661797597005,-4.555355169294218,-3.8010534950487784,-6.168561020675301,-3.593396409594439,-2.2423616174024197,-0.06152948809598935,-0.24872526327649058,-0.5762990999607511,0.4770494819023207,1.915326085031069,2.2585988752512844,-0.6681824308528446,-1.3502987131926465,-1.667351450838356,-1.4838778846398823,-1.2780218014214337,-1.3906791913422356,-1.2382562848274534,-0.7445883346327924,-1.7942155901114005,-1.4561515620486074,-1.7985064425979311
-1.3174758815670249,-0.5838131113496475,-1.9664413739964919,-4.144683472236977,-3.140527241802703,-4.038104216599344,-3.601841527484403,-2.8337511271849607,-3.7057380258369497,-4.048630799331707,-4.023104788186129,-3.5784235477235513,-2.9976981977523933,-4.733247718152738,-6.735133106654396,-2.532948915821726,-1.148743596644941,-0.1869140615489898,-0.9988346762016778,1.2830081878679858,2.8062886533387528,2.025103817451327,0.11690000333202807,-0.06596749541107379,-0.4101878821721909,-1.6501006828784834,-0.9727630165299475,-1.3722887312530532,-1.0798789511117701,-0.15353333172139805,-0.37299811493210244,0.28896602469250104,0.39198750960185175,-1.2081300758680447
