script/wind10m.json
{"header": {"parameterCategory": 2, "parameterNumber": 3, "lo1": 6.000198445256149, "la1": 58.999992894266676, "dx": 0.5, "dy": 0.25, "nx": 22, "ny": 24, "refTime": "2024-02-25T19:00:00.000Z"}, "data":
[rows 0 to 23 of 24, columns 0 to 21 of 22]
0.13660588719152278,2.1231898593072898,-0.07098545516913421,-0.8853404721544049,0.14788785764084753,-0.26083084155553643,-0.6422964303800877,-0.29693546411593646,0.4047967284763746,4.648386964158055,3.2867529065959045,0.39023033369131155,0.023342768703318126,-0.495521312673862,0.9309605781525279,1.3011947691631003,0.8642738699061104,0.4810029660699416,0.4782119059119711,0.7389482406803853,0.4104519396762904,1.1691296572776697
0.6509465753639965,-1.091032533364902,-0.6126761264506597,-0.5091222065717157,-0.6713851338695309,-0.1690403979172029,-0.5174295243365106,0.08188094863142945,1.5732840234118322,4.044250249850779,2.1074752828592715,-0.3556225710303203,-0.38730572741305297,-0.6453920555301152,0.3892299763082166,0.7845293571883672,0.18725669792767477,0.9407169815285742,1.391461902541071,0.28571291364489054,1.2850606069127715,1.1629343024727907
-0.15896748660112164,-0.4236948741881798,-0.6694546839124534,-1.0755729236483567,-0.9113515767025745,-0.7231663131116877,-0.18594803442944913,0.6936956229095794,3.28282963992405,3.224767127655255,0.3067233883520985,-0.7086749754590185,-0.490225840728673,-0.8381772345356182,-0.07784994639971488,1.095660304440543,1.2230846689387884,0.24360975890169423,1.2939246208547563,-0.6013410724787348,0.6522726688926642,1.02130476133838
1.121070309441042,-1.2348639030301656,-0.2638647060649077,-0.6691570108863256,-1.17792653822113,-1.7677207557467296,-0.4779210208990237,0.639851150939611,2.1778640181590903,1.2975033251758108,-1.603235699005883,-0.6448340689952325,0.11263227634853115,-0.1527130831955313,0.5606763940437431,1.4105512146658237,0.6137568143951178,1.4011838006688389,0.1921589670960626,0.4040131333283488,0.6536397056238281,0.800802816478054
0.0838587858712243,0.5757691265539797,-0.6547917951568114,-1.1949582328323005,-2.425413855377654,-0.023952649314988944,-1.3982368498958833,0.5432826030503404,2.385409498547023,2.030347480863723,0.05933926599118825,-0.06359925380731114,0.09310742754404926,0.2628178135409887,0.6968395764659171,0.376568515616573,0.1536409629342105,0.34235029821381663,0.37831634110054024,0.2543821525682234,0.4676290293967187,0.5030095498541786
0.3920712522023116,0.4005949159743184,-1.7425680945109063,-3.4014086519955775,-0.6439769508103702,-2.851853946922281,-2.4278535076258363,0.7329899222506062,1.476320339095531,0.5208002230555636,1.6960516028005594,-0.009091831064176499,-0.37840765825151695,0.05247073349272694,1.05547090878186,0.6403277639475772,0.7669940625312129,0.9235303042477744,1.4100467320562822,0.26030970983457713,0.06176452584247191,1.4305123822369277
1.3981926127021038,-0.9117186893992387,-1.1820740222632007,-1.576585770774294,-1.9960342220338418,-2.4036284103141377,-0.0809810107464398,-0.02978950798965221,-1.9872306328956606,3.5717008638709857,4.918410695437458,4.178605106533599,-0.1697883069821916,0.15919611907248984,-0.09596507625279976,0.2521076532711763,-0.08051578643660874,0.7814799439473855,0.844766612032414,0.22592968430503305,0.6922539597463839,0.5052263366779239
-1.2528866652237651,0.1993632120953352,-1.564479725805883,-1.7774640388202203,0.3996680060915097,-0.6774344725682218,-0.18744693954687355,-0.2905263336423803,-1.689431954676,2.210082953505833,1.651486942531861,3.002440319975427,-0.07551803872935824,0.4381633421239968,0.12441482943404546,0.6427126414608383,0.3994898644311084,0.6687361688813483,0.6521805404756827,1.0645619407364313,0.19815167133235106,0.6684743457009709
-1.9950757064291764,-1.9552931110586018,-1.6667758237755215,-0.9626757527192612,-1.319932968371044,-0.45749096212435764,-1.0939443907451567,-0.504244769667513,-0.2605466479250397,2.825797471630761,3.024475220848287,4.830380145836468,2.4560275592263605,0.5220008981649981,0.8557712500933119,1.392993919373537,1.2662551991006161,-0.30334344841362015,0.6123612445833622,0.9930058442672846,0.07126121420173837,0.6130269051057264
-3.447726056474205,1.1024759286808457,-0.18721836890351878,-2.7838421398166715,-4.632068214057776,-0.9557774559673579,0.03401381927777954,0.7009365130495114,0.2783282742720242,2.8604833922262047,2.8081438450913048,4.250476194133602,4.448815848962328,2.8487940754163183,1.410843043254533,1.6540956089564427,1.278003920362805,0.6258401822090712,0.13506531983346604,0.009550827804146489,-0.9063090386764596,1.0075099214167207
0.9780209637641322,-1.11740786035301,-0.21759171273229638,-3.1912440774957407,-4.382590498409471,-0.5063648419979012,-0.24113549176599972,0.3848917105248202,-0.19274213523144407,0.6452799926818168,1.4632435541128326,4.571714963523455,5.498662507983399,9.03698941274647,2.8281302924829785,1.166435206415735,0.6659151108617026,0.6792825768108423,0.19989213337062295,-0.40626727896677306,-0.7287368797439356,1.1835402880382762
-0.8392463912454137,-1.3621646373381913,-1.6795798474978034,-2.5544595174741085,-0.3872587531244655,0.13074786380110298,1.8483217432256405,0.795041311335972,0.027962648814281274,1.971345530085414,5.083829594118822,3.854554322967104,3.6573314493628124,2.5270516224419906,2.428134446155867,1.1339702078475848,0.12216539869433586,0.08062785433877698,-0.8594247277143473,-0.2897720036344131,-0.7313597978213454,1.6092322783320712
-1.1492422109036595,-0.04480760964982721,-1.0913453463024174,-1.1188901899983308,-0.9917038862372539,-0.03560707531746024,0.7043020617647134,0.46544845016191416,-0.7017687832511782,2.909336368859498,4.924235783243091,2.2765595456404353,0.9786508544870676,0.4457310035618247,4.849123360793285,1.5358368016868738,-0.26045991556326126,-2.123703542307834,0.12768209298896158,-0.6279840495067581,2.0978062478902424,3.424136166390463
-1.4030958748198061,-2.083270929414726,-0.7157691506990812,-1.2701777660566032,-0.8321674582984164,-0.5753137109497956,-0.7304997706656369,-1.141611024670824,0.3661747564329097,4.554218596592879,4.494193713639407,0.7918428515584169,0.5957476607943706,1.4163819350498497,2.732936262669432,2.1043247334469104,0.6208692980619341,3.619239953007308,2.521577734447156,2.6659655022871442,2.512971711139245,5.417601126664134
-1.2056449179912945,-3.2413056782986653,-2.745105015100276,-1.3970265449497172,-1.6547107935836498,-1.095007169968599,-0.7298077389838228,0.010964318365683363,1.2337142943537085,3.2341432562671395,4.3813685117708525,1.6588338791678512,1.280875713006199,3.485083597921931,2.0471001964471403,-0.028422649101906595,1.7190587036191955,3.4894338053807106,3.0471757042369787,3.000332734217945,3.9839395564738944,4.384876410067643
-1.493023873734436,-3.178447337329112,-3.288374086272783,-2.9614938336856356,-2.8968451876180996,1.4055331811292628,0.29941927199175417,0.3916918340113027,1.3881191048962618,2.5039873259959955,4.189296608982961,2.6806963867287017,1.7783332238123162,4.744332148432263,3.342898452704809,2.122669803173486,2.2123340968034686,3.665141767004536,2.849333318603597,4.094690148647674,5.112832888186209,3.8705035491295092
-2.4084464471282248,-3.391753084387583,-4.103428269629473,-3.5434607017450284,-1.320070052771288,2.6183965535148404,1.2367782199654807,1.2509885642276901,2.6668031354793706,4.387765918831855,4.8000071932520605,5.440107944132812,2.149339657812393,2.9521268659291233,2.64148292239432,1.6544442495514944,-0.11387481366523247,4.807446618237464,3.6299451857751306,4.852539036402993,4.6741294572673455,2.6762553369922832
-3.552334272264603,-3.653733321223094,-4.290370241773611,-3.150967340815364,-0.9665110668633858,0.8454749049540727,0.4663300383548744,1.3497958206697593,2.599168888719795,4.219614620554622,5.956799282421185,3.8949092182108127,3.5367546874433153,4.96047934118639,3.9314059885294004,1.383230718825334,1.9935258720630387,3.9985924399974766,5.181944541323147,5.479350677990257,3.0120138346285015,2.3099645176949353
-3.0570049877412355,-2.463970396555646,-0.5418250198346672,-1.4401838895124102,-1.6788716541974333,-0.4114674300516281,0.7354257425148293,1.6558958469136456,2.609074227495721,4.061032150581544,3.45549152071245,5.407368297743603,4.218305589763089,2.7601143651692492,2.6483829137695762,0.013255450206182209,4.868904778245573,4.6932168275080715,5.138288785212494,4.227883671309913,2.542151262615716,1.579569044756718
-2.843803894565377,-3.0797302835293006,-2.6421854251243326,-1.5676669955819684,-1.7473826549376348,-0.2506621067491216,1.1230037452018269,1.6040787051080256,2.402950917081756,1.3801718445793694,1.2260822875740864,4.508411569008715,3.8116144310675453,1.041960846318842,0.5826600378994388,-0.16534501601954849,2.671788909671527,5.8650320387492805,3.8461667679802924,3.888640635184664,2.525647362238541,1.5482297291349796
-2.419258321465774,-2.9238344416917545,-3.0146350003549833,-2.670097938059791,-1.3624829881027074,-1.2787382664704168,1.1854297337218263,1.072119464197333,0.4850145426690396,2.286170256628108,2.958960622272004,2.6458731058383953,0.7428394705683645,1.2714658411279176,0.7847224717910827,0.11201480186326385,-0.4415298556192262,2.3439010330678283,1.8312172537521065,2.627358112651115,2.011252630783212,1.9139783333083258
-2.648795031513665,-2.0746564043933957,-2.5997042628482347,-1.242809841514022,-1.073530358046384,2.211600122849498,1.1130084966280755,1.0258114462577264,0.7917983442595031,2.4494289020155033,1.7446086212292606,1.6185317774066266,1.3425009755127657,1.4550900076367657,0.7089400281231604,0.6074734722105466,1.7641377196956465,-2.2293748361066337,1.5316628912842944,1.9221654360607325,3.4116046784790224,1.2138384089262735
-2.7981248167376083,-2.700399327319317,-1.119272139923497,-0.17292803869772927,0.11839161066103535,0.6061591204847503,0.308210696447814,0.2243190999541696,1.3330922477703746,1.2980741811993741,1.0311985594472595,0.9532611477203351,0.8173448878779837,0.5984987580621893,-0.1263667743912222,1.2825364666692873,0.7306879980384526,2.3220875800218304,2.9779539035108193,2.249319797292554,1.410193267523248,0.2863381949391038
-1.345096787631389,-0.3844690861072781,-0.5062692706220466,-0.5917771939426795,-0.22198476416641583,0.05343586958357152,0.4191136522713122,0.3787724563217169,1.5818398199548054,1.6672387044011376,1.1187642075045503,1.1275601089673775,-0.22943841433137036,0.33347572684992055,0.4890079634003177,0.5953279846160338,3.7720245171236315,4.585116980846923,3.3551327047796287,2.1173672315386862,0.6104703083930134,1.1683060675631387
