script/wind250m.json
[{"header": {"parameterCategory": 2, "parameterNumber": 2, "lo1": 6.000198445256149, "la1": 58.999992894266676, "dx": 0.5, "dy": 0.25, "nx": 22, "ny": 24, "refTime": "2024-03-14T17:00:00.000Z"}, "data": [10.684127936965213, 3.9293618753584423, 4.003271582856839, 12.253782371057614, 11.583550582871787, 4.868217843155065, 9.514290685972437, 5.488492537551224, 8.208393306299785, 3.2571415459293855, 5.154938813578495, 9.558773340451001, 3.322474429014585, 9.153482901638961, 5.338455142323153, 10.063430355556358, 8.68576835798185, 3.610508762744012, 3.257672970370332, 9.199276911510037, 14.367464489179552, 13.228269171180113, 8.303220880713265, 3.4768712940327458, 3.2886435566157353, 13.940597892244039, 3.1621769647711084, 11.845209956639202, 12.241352485035916, 10.523082455815835, 13.410013027317104, 6.669825528297279, 9.493502429386488, 2.9244644771205435, 3.7584802694048984, 4.022744741036377, 6.663981313451028, 2.482398996149657, 12.851986884386582, 10.373447096218522, 7.0849398628258315, 7.798029154140037, 13.522775787459942, 8.571921525088555, 10.595786161097056, 9.837073939016937, 7.814861596260176, 6.625171274077307, 10.496748065647067, 8.886964623116201, 8.223579971544968, 3.834651993972247, 5.4668767889176095, 12.884908850258688, 4.632048323362261, 5.086900081991272, 6.764964585966079, 8.66170121432144, 6.90563752059574, 7.270492740045513, 2.527030108622029, 7.451012588767336, 4.498352123840902, 3.5711178526636655, 7.936124694998823, 7.173299631297464, 11.565032058753333, 11.521893674433533, 12.425185262195322, 7.106786906294143, 8.569076506699574, 9.907430519082288, 9.172203225213984, 9.459911123318422, 11.463106961568531, 13.753197338608285, 6.236007668239085, 6.407805191328784, 7.734538434506379, 5.674074660962968, 11.165102567895717, 13.288935345973915, 7.18923509629024, 7.819290031310971, 3.6341689179337417, 7.640248876342242, 9.314785303973753, 5.622351347756106, 7.397892893032076, 9.77739072598874, 7.162028871205974, 7.362743798414299, 5.905531317677665, 7.083161514368835, 11.468028479053151, 6.068784086893175, 1.0765490467038539, 2.4103460228477736, 8.109989611156928, 6.560278678868137, 8.710208140366326, 8.03516627925987, 7.336769059616062, 11.513710115052515, 14.400212190405327, 4.485071840229928, 14.207440560749868, 4.075503157074138, 2.658405082817834, 9.365475568573236, 7.529835252717416, 6.092368840374564, 8.501217341434657, 7.0756382956773, 2.12572145636957, 5.165374050941609, 12.44945861417807, 7.924357830449709, 8.09311073630957, 10.697051178669646, 8.297491360468298, 12.86487560888482, 10.88759989329577, 12.381544095255107, 7.859647716787743, 10.393774047235532, 9.370868998875823, 4.180768799787373, 11.603126477270019, 7.930704519618659, 8.780979141272871, 7.641930758628793, 8.03196257879599, 4.872041739691363, 8.369818245658465, 6.334637676863361, 10.067797552698321, 8.055726360259781, 3.3378646958489093, 4.45325372286402, 3.6421938221048293, 3.4509777686072667, 5.673833754963509, 11.779497314559224, 4.4841853887462335, 9.015085610254747, 5.120717439604427, 3.7061563529453836, 6.678405362664899, 4.773569410367076, 10.300627903300068, 5.1416669959478085, 6.988330266844448, 12.088941931232581, 9.92585643841754, 11.209932866201482, 9.374365970778252, 6.7164214291598, 8.557515650298107, 12.811957766265843, 7.71991711444208, 11.731006156129876, 7.397827416143953, 10.793253488439078, 3.0356985686482645, 7.393748702008643, 14.007849510960188, 6.958657067297769, 2.6436887544038314, 15.240807677802342, 10.210731654204514, 6.133635824704535, 8.112508496743201, 10.349656025318856, 9.700512405754578, 2.8119202561407786, 12.117621841024647, 12.79782980616981, 10.052124398535483, 6.079558000888452, 8.084772302079617, 3.438904502693946, 1.7255897734041221, 13.66097448959574, 2.6977999575322653, 2.7335345642017597, 5.890007423199092, 5.698191519282696, 12.667881572950844, 8.860450963798568, 9.877377738402883, 9.575019765944921, 6.6652610860176145, 12.368696586753584, 4.385489019777704, 6.496856164289918, 6.309328786868769, 13.440127965508104, 9.861373881914663, 10.036754420007735, 5.764043128137518, 9.239183871015522, 11.577389308045836, 6.1269857063492745, 11.036885148461481, 5.741063973167011, 7.197764616461691, 10.001510725797933, 5.185578839426313, 5.61555749510015, 8.793038199797438, 11.559373562390071, 6.928622024089271, 10.486792152248958, 12.405800646299554, 8.316004613812591, 7.306710260514465, 6.70964505918974, 9.60832921497331, 2.987106049015325, 2.4752995083910787, 5.456583263930699, 11.148458954600594, 4.180037700732346, 7.849178338552983, 7.465137127971411, 7.434735959403461, 11.640623059277083, 3.374363046105616, 6.782138348747605, 5.964819137458045, 3.506038724803394, 9.554976374956878, 3.209308709899798, 2.9493524185587, 6.982373228365197, 11.290860796950078, 6.695211620558612, 7.60481719975733, 7.72412227122237, 10.543221322662255, 14.507330566841894, 12.73340470769494, 10.438228338909576, 11.899551202113237, 6.505033928661042, 8.427177764127832, 8.077216026928992, 8.68929199042533, 10.113226012256275, 7.866847814170292, 6.687463239655532, 6.369893296719765, 8.507171389404885, 7.287129785327792, 13.398050102955615, 8.07051798961143, 7.7680661364401615, 8.643838347382003, 2.819669445052789, 3.210813467190195, 2.62134163390299, 3.2104832453169414, 11.960335028541403, 6.554165695372326, 7.569917490437835, 3.5618883140148276, 4.410932503040369, 6.258077687879959, 13.804121105035204, 4.219121825832986, 8.493942271606807, 14.048969733010129, 8.088091191262194, 8.826170835747956, 13.824082486933067, 5.0801619427229, 8.854716780480484, 9.839078628870885, 5.490269436518717, 9.475080302738474, 5.512644780431987, 12.987290186818365, 3.473636698556004, 7.897451801876843, 7.694481262900877, 9.954520578417364, 11.4109758232648, 2.902456499092158, 6.512540545247276, 11.884843095698981, 11.66061147350919, 4.906667190479065, 10.621058326272635, 11.689227512070914, 3.461159268400402, 8.137234738431925, 7.706468416719637, 12.729182957300944, 8.604471951927447, 10.657115787495103, 8.034495382800968, 6.45419423801166, 7.449944964842001, 3.4974802249543298, 13.945621600498455, 4.494044746475892, 8.92864683980366, 6.630023056728172, 8.686658667251418, 7.759892071323512, 6.115314647025691, 8.338729836419871, 3.597372754482953, 8.410265729074176, 8.116056745869479, 10.252441093097092, 9.06062526333317, 8.362562639845393, 4.426239839511287, 2.3192228675119075, 2.694446897244073, 6.572518043158577, 9.731734310586141, 11.216383863219376, 8.766002900331127, 5.997550927990363, 2.487288772963185, 2.023873957594637, 7.387837752148243, 8.515203693814556, 5.210445629884345, 8.083948302520772, 3.767109770716904, 11.75297293222329, 7.302973982349599, 6.29799840274853, 6.2689429899717695, 7.029377477450167, 11.697088346578488, 6.631204608841042, 6.217584363002971, 13.257015721064953, 2.9268783067280615, 11.450536372777606, 10.266780936791251, 9.42255195066139, 8.87027866911304, 6.293426973764641, 9.263769725605052, 3.8498333760474224, 8.72452411989441, 9.650937007586267, 10.176273643143386, 11.191240431980455, 1.8408411967730924, 7.946696032299757, 9.050683412235617, 14.72083627181784, 12.271137851431968, 11.245620118158945, 7.052556260096315, 2.1126379279230374, 5.680347968345062, 1.5567470147307187, 7.803582643541897, 7.66469254712584, 5.763569025895289, 11.837461019932883, 7.17688989110452, 10.899730368707246, 4.253999622509456, 4.061941325020451, 11.17726476731934, 7.350833630843709, 6.122692618766019, 3.982383595290161, 8.88144535391301, 7.554213358118715, 8.809031618709984, 8.660886513820774, 10.374476477629749, 8.021200895737167, 7.269754840045289, 2.9819128249835702, 6.8375845454826285, 2.11859185563099, 4.4359186431082795, 11.451733273896235, 11.69167382226627, 7.758953702297797, 8.609141812235361, 10.553336854380778, 5.305311633581649, 4.118438212159361, 3.592674504883499, 6.718616906082943, 9.238999744456663, 6.591098065914444, 11.63945462305895, 13.964636922900308, 11.664780003320127, 3.5476260120277785, 7.677543121690277, 11.377802893042558, 11.028018032387896, 5.616668297695882, 13.043367946651598, 7.828916530204981, 4.159088498434172, 10.832432095405842, 11.519157078031496, 5.738711173976958, 11.466657318948373, 14.681148812953253, 6.187885079871147, 9.700657750832365, 6.857365734876074, 4.032478742805326, 2.6894703478314086, 8.047507866699831, 8.366575093990186, 5.264221263817354, 14.247712536175994, 11.43620511994178, 13.310439929634999, 11.552175908834664, 6.704001209856389, 6.593569258145939, 9.998930887619737, 8.61643305894985, 8.018089383545476, 3.084747187815787, 11.766203662495009, 6.770513038731099, 6.623447978361311, 7.513174262207383, 7.887980942947078, 12.251187111708532, 8.477826196356784, 11.97190135289249, 7.6035610933560305, 3.957653915556432, 7.481148288600313, 6.196157905332396, 13.27758035696494, 12.248478550956383, 5.311219876480977, 4.628556572438412, 4.765571256591483, 6.8431208583890815, 8.253821463731269, 4.033028616397963, 5.7559116431686075, 8.9031063470553, 3.8702442691494308, 8.713898340576016, 9.627433687889846, 3.177099298582439, 7.955917352985173, 9.212634330505166, 7.454576874257843, 12.733673526944903, 8.309112652079687, 14.1659522644004, 8.202324523743922, 2.9205509596103876, 6.760563534390238, 7.381576569635435, 9.056309481597301, 5.98136218932928, 2.806500859307795, 9.722445922191872, 5.977266164396904, 6.581575051050927, 6.4272563345262, 7.958032328794704, 2.415477466168523, 3.5531195766053396, 1.3031088418075634, 10.35409446664251, 7.875733623662197, 3.7848593398284676, 8.84682340675556, 6.923519280490063, 7.281011352385467, 7.097659078370108, 5.434014326273817, 8.313840001557022, 12.185709479244325, 6.688412193972108, -0.19356860517031657, 8.259035492247039, 8.581710116932065, 10.316310038123886, 11.039371144185312, 5.847771781616945, 6.739592730666712, 3.104918280608281, 12.453534422689614, 5.733944742997132, 10.314519319126374, 5.2621466180268515, 8.252552354096052, 5.99670532724562, 7.7476240706069985, 14.533049935384431, 11.848543976645516, 12.796598559339712, 9.87630151781189, 5.958308431182191, 9.154913773833776, 12.311911977435035, 5.197987278133935, 7.500005912535019, 8.351823638315473, 6.9397598001130625, 8.011414342809404, 7.907784823561478, 9.644117728729368, 8.519419743629873, 12.47682794072226, 6.944389340367465, 7.868086986988439, 6.293432212650527, 7.459478752179354, 2.4173541653012065, 4.177637336990997]}, {"header": {"parameterCategory": 2, "parameterNumber": 3, "lo1": 6.000198445256149, "la1": 58.999992894266676, "dx": 0.5, "dy": 0.25, "nx": 22, "ny": 24, "refTime": "2024-03-14T17:00:00.000Z"}, "data": [8.234271470944023, 9.910916778098338, 5.19521058229238, 8.581834924310362, 10.689146426826207, 8.431198109369054, 9.302795315111956, 6.076925897991202, 8.215680245299616, 6.400274231714555, 1.8978692355542235, 7.138533730994775, 8.637446813239405, 4.255532122033464, 3.1864707378940107, 10.174359904770808, 6.386121141057428, 6.209199170832442, 1.4890267515596174, 7.574820662278105, 11.418114011052246, 11.047597715896607, 3.961591090790621, 8.785091783576839, 5.595909032460145, 11.043253448824746, 8.502596625937812, 6.237503192941159, 8.280015589774372, 6.69484352996245, 9.558987682638401, 7.156901992189068, 7.537075076221196, 8.331402023458288, 7.569367592527776, 5.846467103352546, 7.478638472187163, 7.773024984158753, 8.91016264954016, 7.89195309374828, 8.841384559203844, 8.076385884371655, 7.039088610393548, 5.858763870587471, 13.666448338193582, 7.709508638188124, 7.102245094145319, 7.709241376680889, 8.368941565291456, 6.184906838346527, 6.797798818012479, 2.9070311543845655, 10.171979789790447, 6.937016606830715, 11.927593536584869, 8.346661211937812, 6.80635276845221, 8.033531173990228, 7.85610242355884, 6.243206520215082, 10.187659518460956, 9.530203810554603, 9.34858384554576, 5.937098767151382, 3.3292769909754534, 6.958145130757799, 8.158370067604626, 8.455221507030464, 10.040933939233101, 9.260474577487338, 13.076594619075399, 7.287304403595628, 7.757370101009286, 6.081603280482761, 7.392464252807702, 7.039302430866694, 8.507283540932924, 2.1655505433359363, 7.054939957857747, 5.457110925157544, 8.987908256618617, 13.12153312416076, 7.543370297131901, 7.856298363231328, 11.0654681560934, 8.062182709636964, 7.700371057763871, 6.14014745973708, 8.700217955511155, 9.675240917559295, 4.917474249993435, 7.896305637890239, 8.667112330329696, 7.36834611865649, 11.427281584926016, 6.397156226223394, 2.7001311541597137, 6.994512870219059, 8.823794485634574, 6.0552799429373945, 10.079693115699131, 7.0285053840563, 6.963599035946626, 7.751334851413457, 12.869043330561526, 8.928454847614832, 12.920898071703956, 2.256073103628115, 8.919514442566284, 6.95798604712314, 8.100069046251308, 7.527973293986073, 7.1555231767034115, 8.28055511632518, 6.993310002521984, 6.583019477021601, 7.550507347404373, 11.205934541281373, 7.784134695535566, 11.704431580614473, 7.952592423624581, 8.217885321102793, 6.776547615133429, 10.082206553778011, 10.380862742605386, 9.266779211131572, 8.943217028145082, 8.359211570962707, 7.108455955571033, 5.659843216359988, 8.117515203179106, 8.05314033965505, 5.543460763114673, 8.641189664830883, 8.295453702205702, 6.401136845492586, 6.331128149344285, 6.063335611479501, 7.708324520541212, 8.348856017150153, 5.38273478307364, 7.847433169938644, 5.386596636458201, 9.620891741923042, 7.2659734072583175, 7.177379770436197, 6.872418527370758, 7.676895606401877, 5.464391170969777, 7.951491013451018, 7.648929682041101, 8.769366560243576, 7.6474586748440805, 7.272993004563889, 7.469965179046531, 9.430858179460389, 10.839945771390541, 6.9151162471185605, 9.964974606589857, 12.421611644888026, 7.691396880076179, 5.714408004900985, 8.982464172763049, 10.785660224101631, 8.128826553486334, 9.067539390034232, 10.61395110545846, 5.712470773214032, 10.042513770933565, 6.891911326755359, 7.6371629431099395, 8.267399763757505, 5.6510760313292625, 9.462195591530646, 9.662994885944357, 10.537370960674936, 7.320150214470745, 8.576942365721246, 9.879660814799776, 7.82034175657093, 7.122446003496239, 6.104005620596001, 6.728251526179757, 7.685545695177583, 7.484110975326801, 10.337382199769461, 7.828412791150236, 10.521973180429455, 8.185600858373585, 11.804960811198956, 9.14093811532767, 7.853232268459801, 8.320382707181453, 6.94229004161818, 8.89080606099678, 7.487677213996164, 8.357455001632179, 6.803969756609046, 5.664790432596061, 9.030650499381744, 3.8756509728141912, 8.625755236856396, 8.10305960135612, 8.21017436167947, 8.546042216512232, 3.121115096757753, 8.416704503639279, 7.771722865293932, 6.562331726620259, 7.496442930917138, 6.517811481612478, 8.65529897968864, 9.337355768651832, 6.872670588550865, 12.321468893947701, 6.992453437188866, 8.395343269593349, 7.258448895290824, 8.945623540158971, 8.252332836582077, 3.809442518895762, 2.18951192106197, 6.288725151100884, 6.093169764783474, 10.196373709633475, 7.52422245456889, 7.381696792678742, 9.59182879168856, 6.045211568557112, 8.760216651918553, 8.1357613068305, 9.58473156180023, 7.723660632719911, 8.086143942684142, 7.900299657296396, 6.408061765572485, 8.46317102778612, 8.90288188365506, 4.921388420068734, 7.585734839460594, 8.038494580379965, 13.316314186958525, 7.163406626027627, 7.73224619587699, 8.00936381920921, 9.278533159418814, 5.928594455166832, 10.359599316265742, 7.183497665449017, 5.629156902086558, 8.363502275997467, 7.947791933066679, 8.72057025846224, 7.3167419858180125, 8.451983999385424, 6.979272662226249, 8.14270004823319, 7.196909946086845, 8.877768266736348, 3.398410298864546, 5.905770536998486, 8.111764489761548, 4.81869091139155, 7.976002816718251, 8.604878744522367, 5.5496707802459255, 5.220510805443968, 7.4027904567889875, 7.263350923159124, 8.84753440733177, 9.064719218231366, 5.098695194727552, 11.932503085991694, 7.106511153403587, 5.584340711931264, 11.900793621189411, 7.515320796190105, 11.005036569719122, 12.373599172510838, 8.089937723142382, 7.9790880817482925, 8.519573172828206, 12.174970510886782, 10.530554225867427, 5.254994305525834, 8.875624983735586, 12.034345162436342, 7.47839994629114, 7.133975962270439, 7.106754734525877, 7.462055477672011, 8.465044444857304, 7.574577156944537, 8.817601072629603, 10.804673458303341, 7.787259728450681, 10.721036995441418, 7.547636145750754, 8.303062583034059, 7.882889854670035, 7.92560756150929, 5.746880201865669, 8.370825591834203, 9.77672911454533, 6.217684694940411, 12.260743157832543, 9.400977584831887, 7.582756922583892, 8.441496142735376, 8.381422236416194, 8.895128800867896, 3.450229120058436, 10.217969781839177, 5.172253313948943, 6.5781529002499, 7.292227989448232, 9.307129838093573, 7.941582708989443, 7.604903341480042, 6.836398413730384, 7.463873191293079, 9.826361989443777, 7.338284157905294, 6.761009696719893, 6.607065992408343, 5.866174504955345, 7.482937007582505, 6.44244216124053, 7.144693512187991, 7.510785388885671, 10.794604817863222, 7.451552482015788, 8.060708778649515, 5.362546051906692, 8.203436204860889, 9.096548554824073, 2.325645771841235, 7.0033924961838245, 6.758378762354869, 7.513656690234516, 9.255567990248073, 8.503880908677258, 7.703315993283171, 8.772636114796459, 8.337174629764078, 7.602575770117499, 9.421163432694655, 6.317948962929338, 8.896346983222013, 7.021077743057945, 10.375491696213645, 5.723815855333502, 9.59557523444689, 9.101222953645495, 4.914489745805075, 6.633934592422408, 6.7546476057023375, 7.131694488169251, 13.98173016903506, 7.137555269064481, 8.961969904708964, 5.265099160906299, 2.0605734623698657, 9.36438984893746, 2.8221388540605723, 6.868878581259892, 7.193270451075144, 2.7024452896752837, 8.879384395754457, 5.815356433942892, 10.312721972367417, 7.161391395239833, 2.4874257934176613, 10.175456390248067, 7.746539131447566, 8.213206651911225, 7.891600975237912, 9.111423786735417, 5.02884489395106, 7.053370065982077, 7.476600401475958, 7.246089419450187, 7.540501117033615, 7.765562495674736, 6.1540573317382705, 5.738063021609054, 7.6718669717707515, 3.0541898597792843, 8.178040621751972, 7.789143131961575, 8.080606238927954, 7.889947640370149, 6.840663512912214, 10.552195645519957, 6.0110257056856, 6.852446712335125, 8.43563288123591, 11.826689004126862, 5.299934907038568, 8.165375191197167, 14.013940512396681, 10.801547138129134, 6.428889193017888, 9.707987823729123, 12.523562676643435, 9.842819258296151, 9.50944156468729, 8.650710751948678, 6.715400321605538, 8.732564702338138, 8.226599039319698, 6.978871727439208, 7.599605816449708, 7.364094857918127, 8.641341442234198, 6.753903943364222, 9.38378217758613, 8.888723605519461, 10.70214813522871, 9.34410914568132, 7.038355065835206, 10.637708613785216, 6.9803718275320845, 13.71999548735473, 7.764714073183952, 7.427115057672221, 7.472055006834755, 5.317201557260176, 7.090162532920235, 8.738672262869354, 6.1701777355939535, 7.265899170748174, 2.9793806739573503, 7.90605136242732, 8.931560967235152, 9.371503872179803, 5.8304811514963495, 7.677056953164408, 12.466248620162004, 7.73698826996523, 8.393969087245464, 8.742173996267924, 7.631607560968832, 5.74463192240918, 6.402775716808552, 12.760099661962068, 10.396675799194151, 7.888981914142668, 10.318825236313048, 11.101449336939348, 6.546199392962746, 11.400876914753978, 10.478432733300092, 5.462877818098371, 7.862921185132899, 6.6081589251461335, 6.1544865994639375, 6.035737723303919, 11.21258259005395, 8.565975652953783, 7.920530304197979, 11.84242232386261, 9.778931473227448, 6.127516312248243, 10.369213408142176, 8.125539136683004, 4.128278384991243, 7.967665679743022, 11.427432715472039, 6.438739993997366, 5.234951649790188, 6.4290882745410975, 6.326565404342884, 10.474493930523682, 3.581438090016133, 7.243322095201181, 10.217581693178458, 7.391739125784171, 6.732212227902378, 8.26258360768433, 8.14062869171003, 8.625163075695486, 4.485413833058582, 7.4688248632480025, 7.66214054214626, 6.44646173708288, 8.803724091303119, 9.10116179525696, 8.379092182123086, 12.433600771437739, 4.016367382148462, 4.518227299577166, 3.8112554621888344, 11.812678849652748, 7.296244599926324, 7.442627461480921, 7.490240450844624, 7.398289223588691, 9.97317590593393, 11.0447803926391, 7.794167576089115, 9.821278641276502, 10.448412054863102, 8.424831288910447, 5.0859360139916125, 8.574165196428895, 14.001774341934938, 12.201263388279758, 9.705126233124295, 6.808473398471052, 11.571657425385736, 13.06036656764634, 7.142583630603136, 10.541053585357105, 9.097832485480447, 5.762730840423551, 8.859156878660176, 7.2755202441141185, 7.13407018979612, 7.046482565115074, 9.248802794419197, 7.970813315585094, 7.012424094159072, 5.7165995761528166, 10.328963438441853, 6.684566177264156, 7.43705467843847, 7.503346451813544]}]