script/wind100m.json
[{"header": {"parameterCategory": 2, "parameterNumber": 2, "lo1": 6.000198445256149, "la1": 58.999992894266676, "dx": 0.5, "dy": 0.25, "nx": 22, "ny": 24, "refTime": "2024-03-14T23:00:00.000Z"}, "data": [-0.025858587514274237, 6.132605131478907, 3.8403084729428345, 5.130431792515903, 6.010293254889893, 4.153884619779037, 3.7002034621494406, 4.734990727211095, -0.04881497683015908, 1.8611890007340255, 5.1859703929527825, 7.9063888493842045, 6.851408069537317, 8.989257175546967, 7.012831572358557, 4.37223360147517, 5.956467779340972, 10.110388524735992, 1.3253337467743485, 2.118936110888923, 4.820259028605726, 2.059205521478351, -4.356768449412299, 3.826303157700875, 5.1548306724942865, 2.9908104747882036, 1.3633502447167003, 6.2354250516193535, 5.844462031651757, 1.706598542292283, 3.7014582812110874, 4.526338282396367, 1.246196044024867, 4.021171002630594, 4.659533010317399, 4.049648205247566, 5.568895648649438, 6.806796515634586, 2.1416151109050388, 1.789155769950951, 5.423495349068003, 6.666442166185772, 5.171145434622662, 4.131697682640342, 5.432630649749515, 4.932628142846756, 5.65383571786491, 1.6118271711950016, -0.3099545663423926, -3.1408129497585757, 0.6637772311476157, 5.747147184141614, 1.3207925825195235, 1.715231786556396, 1.7735305446026977, 4.89819191383772, 6.140123802536578, 2.5241209974481067, 0.9903267853182641, 6.971135372499339, 4.646714162753916, 4.348980173602111, 7.059022288634395, 10.871306133747636, 5.467074720470451, 10.225210592855726, 5.6937632553723985, 5.354351334636809, 6.533974563871155, 1.4307443246851834, 2.1532849457376373, 4.912714048810407, 3.9277207212186718, 5.182401233803973, 6.314656018829322, 4.525711181429192, 5.173144976727335, 2.9172693911170486, 8.924252800951068, 2.485877620809353, 1.2875242107014107, 6.118270644832338, 2.634098269684293, 4.532061456529958, 3.2577220233731654, 1.649586068030369, 0.7960475029561397, 4.0791878098509935, 3.210690913295815, -4.588737993651122, 3.4652699754461938, 2.6937489270416832, 2.6640349226709943, 5.9201578143756075, 11.157153591642292, 2.3367495822533426, 1.5357729505714859, 5.028386547935994, 2.2731952771122534, 10.824096089679998, 4.7084087920863045, -4.81199691418078, 9.247061210768884, 4.165745198479033, 1.495988764317913, 5.5135318550403385, 2.6493954150202854, 3.921871403430671, 4.024498832023374, 3.2699613882895764, 3.9709747288715618, 2.860564818445165, 5.458071419959056, 5.032386055443596, 5.082418894861638, 3.781414515054659, 1.3431051617293286, 7.160286151953115, 6.533743835689045, 6.272047400890355, 4.036873606315177, 5.929825644884277, 3.7525246416637517, 1.2823485596001571, 9.791053457562546, 3.2277527690134367, 5.658480462113245, 10.326900116204115, -8.64553064130011, 5.205694237741956, 1.702378602164101, 7.37159934846652, 4.302708015539051, 4.677232674178857, 3.927981167287142, 3.6276782099978755, 4.446490194413055, 1.228756296328785, 3.962158935564285, 2.9187625194621996, 0.8625994171812255, 1.9924111818721246, -4.403098280214589, -0.20925164958830636, 1.182839899826039, 3.065476679797715, 7.44382675045883, 6.5382533340199265, 7.235584764298, 2.2739617437028365, 2.5654716897011403, 7.266452347424114, 3.494192762539465, 2.5692942892860366, 6.41883641786154, 1.9857123946273445, 3.429362444725199, 5.228359296158565, 3.4946987836548535, 6.44814420205548, 7.944940613825696, 1.4739167846330619, 5.473927972495399, 5.568924921180665, 3.6135698050984044, 2.9428852597400867, 3.581165653782056, 10.67710590334597, 9.100735026933906, 4.021686792749466, 4.442627544012691, 1.07533587305353, 6.908349437813295, -0.7638381716355057, 4.710258020888498, 0.43696143266486254, 4.625587277688967, 0.9961583926384897, 10.929531182019483, 5.437278893935131, 4.2162928997057545, 3.985739273128892, 1.809121650778659, 6.440938575681436, 1.0102954206482944, -4.252630104476026, 5.279982023329651, 5.465948813118746, 4.558411918629309, 5.304856303920377, 10.404764087936224, 5.9793394845771735, 5.617270444690455, 0.8964568043307244, 10.588399855981498, 7.965671938539945, 1.8724545795932481, 1.5283125186473236, 6.580629606835925, 7.376144399611387, 7.546969758877787, 4.035696279444829, 5.504503312979594, 8.313236246703418, 6.564826212117098, 4.26437004826046, 4.9953389721469765, 6.270311845385214, 1.1979034899837173, 5.433973591487431, 4.183289098682828, 6.173946534231561, 4.680858558222797, 4.697599369288067, 5.3408856251179575, 6.741216004734038, 1.4663126070994297, 9.620189758441317, 3.8939400027087085, 0.4730368317786209, -7.223646051264498, 5.397760946986494, 3.605045890188154, 10.245171796777422, 5.874462512343396, 6.037969464522893, 8.442323045070932, 5.984008979355913, 1.1451331907856779, 4.619745057991677, 3.3687447809374573, 1.0123270132877475, 5.324906641381344, 3.9224965480736835, 6.070715837019062, 6.118938032929437, 6.048946700021117, 5.33462627499137, 4.1026727819050635, 1.7098883728241274, 9.634417728943902, 5.780382777532479, -2.4561834526322475, 4.154423786198521, 3.930134295154607, 3.252157705807976, 8.997843820727981, 7.149090101894131, 1.267466889241516, 3.45249426340755, 5.5328093711863255, 11.06516673342181, 5.344654358298298, 4.667758851234747, 1.3701092314593228, -3.7971383921135304, 6.355369370978577, 2.5199672724558204, 6.40429227289642, 4.4392616190013054, 6.055844177729778, 4.4406054161874655, 6.180488255837346, 4.00055806432665, 4.275449138294702, 5.034714191542107, 5.309398100832317, 1.3466639858370828, 1.2970836918969426, 12.077496765686584, 7.431114798792907, 0.2047762837387583, 10.695554911477542, 8.676621011526032, 1.7627403989042594, 5.465113808398474, 2.971417555112941, 1.2463226997936594, 3.6093782403469614, 4.153092926407531, 9.137456933401838, 7.641360283795254, 6.851435112887261, 7.248767067113542, 4.847657600566571, 8.897035245157527, 4.2315113840074785, 11.091871414635062, 10.081185892243143, 1.5051207294997184, 0.19874216572637377, 0.9804502533062569, 5.6706294429127935, 3.7364220363635217, 4.121590644450443, 8.121877265167038, 2.926158494132789, 1.8880711119804106, 5.9484875852198895, 0.7353121488934239, 6.210497225277897, 3.6586988716221565, 10.087410588750803, 5.777867220830853, 1.4013986121734623, 3.321792999492899, 3.6944367159908262, 1.936407415253706, 4.244539964325515, 3.275706373641745, 4.741123655067189, 4.09473652656339, 6.537317524244964, 6.195745044638188, 1.0894045403228445, 0.9272050462243018, 8.982675983378481, 4.5860183504963885, 5.4816952864022035, 9.614363094631582, 4.591720578573281, 4.2083809024462075, 5.6749448485213785, 7.627796512020926, 3.1600223558582723, -2.7618653330399274, 7.112430515832322, 6.881621788374063, 4.670486492786677, 6.9600544293412785, 4.838793573509072, 5.2373981910631136, 3.7434783800712292, 6.123191673694017, 5.795868845332325, 4.118430247839595, 5.355300020261543, 6.215654837151228, 4.674815845421494, 1.404678893305221, 6.430343696792762, 5.046852557173505, 0.18713365833063644, 10.996276338814289, 3.6145890668269627, 5.181241780485793, 2.4202222540564042, 6.030037973625007, 5.5934623013231475, 5.951664530310028, 4.2341288409713655, 3.81248757064385, 0.9677746485679276, 5.093551485428642, 4.409254011208914, 5.834441769540956, 6.201687820628375, 4.227610057436317, 2.0995161531752298, 3.648095343665968, 5.15864501626441, 4.0673399157990335, 6.094200527581663, 6.044506055173353, 4.666620210685947, 7.070555995161363, -2.164892014234648, 3.8404020588138095, -6.578517801369493, 4.235174268617879, 6.651857198363488, -0.03482246360425143, 4.642950252225933, 5.7195098733850465, -5.312146634405378, 3.6715389931307785, 1.0272923022314364, 5.9849780620839494, 2.1644751998489498, 3.9380311001419055, 1.5228343151035253, 2.9820173201723628, 6.645392390655351, 6.202560802510263, 0.20854951829075508, -0.12946352674076272, 6.7733922498216526, 4.458632079854337, 0.5027902021368653, 6.31789228608851, 0.7838500110181258, 3.3417671924841157, 1.1034483136055462, 5.975423190998198, 3.709534221019581, 8.591084216433606, -2.982547819076382, 6.3933073217797505, -8.29971616778666, 3.184065021307354, 0.2668454439162357, 4.480677389924667, 3.9601321555532496, 5.930610297105318, 7.601652919535121, 2.2558636132625156, 5.551225388362261, 4.193960488031707, 5.770784113973829, 4.2069545448820875, 1.5897414250549964, 9.658222972460033, 6.591536413586408, 4.278970883719678, 5.917088849651967, 5.710263530477691, 0.9173432976880741, 6.401223773863284, 5.161730551275116, 5.926248832250653, 4.117300636842023, 2.2150658686212825, 5.1995157956234905, 6.497955095007373, 4.607284975854576, 3.387266201622436, 6.113198351712244, 5.0651552473034, 5.011422756514492, 5.586144853587603, 6.130961226793738, 4.939723075663222, 1.5972336078410525, 9.90195944128392, 4.745340272970631, 1.2057588976027867, 4.8009623901492375, 4.06969372904883, 4.423322928497687, 8.7723171408666, 4.5145834914087, 8.302517173602972, 5.749769238593746, 3.1997980241262027, 3.729171590096621, 8.4169223370678, 1.279333058901988, 3.8120754062401483, 2.5292548708375926, 1.0721021123353718, 0.15950931929766546, 0.2941739279711435, 1.3693228612305879, 1.783236471377094, 4.2398506844228185, 9.468126443622335, 6.231183639736594, 7.180843344337795, 2.023464420627796, 6.466242173165575, 5.522347763934091, 3.8768857591872186, 6.608734975894052, 5.156798705198924, 6.062687963790848, 0.35490828425290427, 2.198140909135651, 4.79754304662624, 8.201279828758647, 1.5918069815521394, 5.967971168755448, 5.974005181317888, 4.00845007940074, 3.9341652508312657, 2.9535314310479523, 0.9779657911790786, 9.872117695435957, 1.313671729758023, 3.9254503574002615, 5.748188617727046, 2.500359329970181, 2.0184643467938193, 1.4661842133979524, 8.411877089062484, 6.641744410894863, 6.061158599781918, 8.281708605003786, 5.171730372069398, 1.0121668199412903, 5.041134268489999, 4.272728625357171, 3.936379305011688, 4.986832304466652, 2.267112593206226, 6.4453504509570365, 3.152970214858201, 10.528286168243886, 1.1206505114006027, 8.004690781503104, 5.897125810258852, 6.022890200806467, 4.891149089109971, 6.693596442197388, 1.504269636458627, 5.660459625495901, 6.418994260028867, 5.044859088481818, 5.827947259193392, 4.326836864907861, 7.578840600528757, 6.9304439266091595, 10.68221345996198, 6.121220028798864, 7.6805027426685, 4.154692819543147, 3.92428987017704, 0.7074775310176807, 4.869368898465659, 5.290789783904846, 9.894266478809847, 1.8385395274700898, 3.8938315807386794, 5.770859396028207, 8.485966938847533, 4.963280313538435, 4.5151763536211265, 1.2804870643304131, 2.3676528972152613]}, {"header": {"parameterCategory": 2, "parameterNumber": 3, "lo1": 6.000198445256149, "la1": 58.999992894266676, "dx": 0.5, "dy": 0.25, "nx": 22, "ny": 24, "refTime": "2024-03-14T23:00:00.000Z"}, "data": [4.614183856206014, 5.4025272721273865, 8.413883808078728, 14.588348977475675, 15.059667357331035, 8.858542375899123, 10.352244272044796, 2.7933861753572007, 7.016266771922436, 5.823134874384512, 5.342062056523877, 9.031357950178553, 3.8330878812232294, 12.912648669986924, 5.322129328276368, 5.248042460166449, 6.336289796001827, 13.499828895032406, 8.4366833147696, 6.323589345391324, 11.60802430156777, 8.246495309955558, 0.09057801959732686, 7.095418073791392, 4.2427621322152875, 11.216434008578105, 10.982920143911132, 12.385797079884941, 15.12164661689758, 8.487796812044001, 10.577479433002864, 11.086052085425411, 8.714723575437393, 7.321005851615215, 4.296641823250515, 9.624280511544521, 7.714229669454674, 13.22547274539495, 8.78926063923294, 6.35690914803521, 9.17424491106098, 5.323776487077609, 9.445783091437304, 7.45454036788266, 4.247893974803353, 5.82132247076317, 12.979747145236246, 8.122984620376485, 8.01922218107567, 4.616070806282483, 7.2725689057112906, 6.428657008307901, 7.258524997287187, 7.352576679423053, 6.5779242721396995, 8.746041858628042, 11.58362661506069, 5.358303344433154, 2.6186612122424946, 5.5276171555978815, 12.645985193630766, 5.864624715094164, 7.336617080505023, 7.240870742666377, 8.731062187279608, 12.948908105469144, 9.93472164494103, 7.569776743073359, 8.597940098589525, 6.2632531782318654, 6.5900745147472435, 10.845418630120331, 8.53068068410377, 11.103969574512183, 11.1460000683311, 10.207193759956713, 9.022253290469486, 9.493993110072205, 15.67076232674738, 8.65987183735402, 8.316963234436683, 5.982425433146438, 9.068751073459078, 6.620561170449149, 7.39602576353641, 8.883178695746548, 8.332464345799645, 6.826566858497256, 7.834155066963135, 2.5861962810715635, 5.101790100348937, 1.5295082211737752, 10.680646958037396, 7.87896925958115, 8.660401843583909, 8.200172554073943, 7.207015587866659, 10.59223003627402, 9.705598723520092, 6.570066367716784, 10.632010667579644, 2.8759382033235816, 12.904611635882608, 11.359502734246856, 7.44242703721835, 6.881096401424653, 10.066159949993487, 5.858649476899857, 11.694439257850583, 9.434965698093258, 8.760079363886051, 8.820413051201442, 14.704850181225101, 10.149624780831672, 6.8888641510416395, 12.5714803148364, 7.461067569567811, 6.167245316394569, 6.111661134550573, 9.130483226194958, 7.4072352284033585, 5.295423872997861, 8.259712269640701, 8.579190668470202, 11.894609041157883, 8.694091591493848, 5.003446600977798, 9.631136181574238, 3.9026241362805476, 8.050747683230757, 8.777552767230711, 6.461751102412686, 2.4879105864950946, 9.922414542678755, 7.96701255780792, 11.393855307889538, 10.97369993575247, 2.2011007509788647, 7.580932409871806, 13.114119630999461, 7.996717083696712, 7.058877242186494, 4.331954979710649, 7.613294095355448, 8.635171753875397, 9.143034342884365, 13.00730764333334, 10.099583383023518, 4.572998070896705, 7.745800383734722, 10.699383156052722, 11.910700129423082, 7.5807099251253955, 11.245633132004585, 8.099102168529575, 7.264595968032234, 7.625444426147567, 7.082037355164878, 8.018958556584604, 4.7441399688934425, 15.9880354887628, 6.891597207754968, 9.816058843713147, 4.74162952906584, 7.034844491085873, 8.974025560543332, 8.087836299501655, 12.332776789748637, 6.790662854857225, 5.349712821963732, 7.5987471782620375, 9.946470756466681, 15.500543352377885, 1.5219623005222278, 14.694891596240804, 5.754045282652424, 6.6566016678361715, 1.5322451617003185, 7.368703880084058, 13.134510854897709, 3.8526232979433144, 8.467148457995131, 7.721965370479719, 3.97195681440264, 8.86508553949537, 2.688927751059344, 9.175252014042012, 4.65204264680558, 7.415563953695684, 8.017629317154862, 7.812188639704296, 5.528543174087404, 11.60285473246683, 7.849418055897617, 11.852632386820519, 12.160114471299506, 7.503052758537485, 8.698682769630343, 4.4018921416959005, 17.025389652243234, 14.078693862846348, 7.1150389627604165, 10.690101507827395, 12.572043959256211, 5.921566212654868, 11.394471468799564, 7.0815302091936845, 15.322123867139096, 7.841366667017738, 10.438493942094812, 5.118536366383019, 8.65335212870375, 10.931422101625623, 11.569341002440492, 6.903815441317343, 5.452231706694346, 6.7775257291913125, 10.51362757560303, 7.5745385187682075, 7.354595023211302, 3.4656007149392285, 9.294358930930098, 10.179809851333996, 12.49910147026519, 5.238975986407631, 8.64058810364998, 16.004102230775676, 10.155588024079625, 6.574314680300431, 9.91207055625242, 5.539516862248474, 8.750418876347029, 7.020141899261381, 6.197560536231589, 4.025530262356346, 5.3822974872158005, 13.605838073126161, 6.696958223776194, 6.24386584618145, 6.40815641986161, 10.560994712116853, 10.323668064425911, 1.8090294444101387, 8.261459461317871, 8.25868057348581, 10.890886196508095, 15.555553219112415, 11.709641811838495, 7.709197758725161, 8.74208334751367, 8.113978209502747, 6.91896075888609, 4.278608320558128, 5.413105883248878, 7.76964627179018, 3.084661418375036, 5.1809340696628645, 4.8594516719566725, 11.482767399611001, 7.003888253653089, 9.76152358620157, 6.3233257908972424, 6.605021355826777, 10.799326993747359, 4.117681669912769, 13.765936466265144, 14.821337563507981, 8.686426770170097, 11.31239165666077, 11.693595532626455, 8.887029630251309, 7.947476944292667, 12.223021493461617, 7.705507959541023, 8.336332900494224, 10.504089453549629, 9.107316262987139, 7.240081135825335, 5.330627074583488, 8.410378187231947, 12.791484718486327, 12.236755821724008, 10.866439883988322, 13.367264920777435, 14.298026436068099, 6.846882521178544, 4.959536351482139, 8.175218331175843, 13.119756361303093, 7.350808372313546, 7.395667212597677, 11.124298280940113, 14.553094202292119, 8.476420398841116, 9.461245627726175, 12.314590590641895, 5.091946986857223, 7.919837016779637, 10.144115382119438, 7.891532303297897, 11.759579664135213, 11.25128839426953, 13.509211532628008, 11.10682209099943, 8.9239139472458, 9.548748609467774, 11.260954345215902, 8.407763467803562, 1.6609275805087271, 5.156981059294802, 13.571138418110714, 7.601895319617686, 5.096309684756813, 10.993730097328317, 8.287626018513796, 7.792542452069689, 12.913806773192304, 6.493244569958731, 4.1585440503274755, 12.982642951296075, 9.013299553436815, 11.706762439333088, 10.855068952540018, 11.02967535772889, 9.55768191546677, 3.9533504375594566, 9.030953840580757, 5.031702670479525, 6.739397175999419, 13.726826703541372, 4.682177956691983, 13.526001608182797, 10.26974224753602, 4.906105014280965, 7.684597451742779, 7.276997071165444, 4.8836102991941335, 4.868818443627235, 7.6888148402694565, 7.976461047809668, 15.430580899045319, 6.966126707136807, 7.768826074225876, 11.760442075890806, 8.866239463072102, 14.55680889475957, 8.483323423249129, 11.070165263783208, 13.196438630385103, 7.792548706553324, 10.076869163788741, 11.844048518767528, 3.7873533548120157, 14.314476574091424, 9.740501563194611, 5.599516020664379, 10.73238898902195, 10.708318561223969, 8.215042541152897, 9.909396018381974, 14.327976862142654, 6.636057830765939, 4.833279164457959, 10.304919176932271, 12.030012402717164, 13.795489229799806, 5.2241354531227255, 6.378223188941003, 3.435772124490241, 8.044813138077183, 15.108917140319793, 6.91940410235707, 4.6379032176505, 11.895807874974082, 1.789183350385123, 7.676295304974918, 7.275024111330917, 14.054695119920629, 7.631884333158727, 5.214359017473363, 8.777688395072037, 6.669101904184311, 5.3493713022330684, 6.84500016561819, 8.255865190760186, 7.761366761798493, 13.322336543762937, 9.746967714515897, 3.768343695539357, 10.727191407241492, 8.461837642289291, 5.601940116968643, 6.9299683979914795, 10.447341959524534, 8.418785366822554, 12.474269385694509, 6.305274945292525, 15.559760606623298, 3.8616285970496755, 8.378455432169401, 2.4164445502380314, 7.962460714962005, 7.985767302568549, 14.571526760934384, 12.522500231632495, 9.447609631019338, 10.422169806559303, 11.813856939415606, 4.85771060804655, 4.750232300818253, 8.102590844645635, 13.195336975490724, 6.105146020765265, 11.753494960355667, 4.787917495328424, 13.809861507692903, 10.149814164228074, 7.384401769862623, 8.948544794210592, 9.634045855088337, 5.3499852429493, 11.985928492443335, 11.378631988614085, 5.504317389701949, 11.282818162468493, 7.536916448196985, 12.616992695036839, 10.573119018809606, 10.84937520644426, 11.288496792020306, 3.98663595802324, 3.876651172924849, 8.699723289750652, 7.5628750082179605, 7.477959973432026, 7.55911610531888, 12.646764787025743, 8.00035549790327, 10.30059340805882, 12.370618814792664, 3.8570708240055898, 5.688058029321458, 9.90970501573563, 8.47844239712068, 5.7915095720722345, 6.665790863603188, 9.130398285625908, 5.168437314076711, 9.14684285899252, 7.373019718377393, 7.505769955674746, 6.505351271568833, 8.8734364753144, 8.612179683951018, 13.495586526838126, 12.214476417997522, 7.190774468524188, 11.137566716834769, 11.297271049106131, 5.910167935169095, 15.007394476199673, 6.898215796268108, 5.595278193460459, 12.108798692802251, 12.032535360463392, 6.675872135179299, 8.452959048775096, 11.3929401551747, 11.09917578753895, 12.059672610031019, 8.324856249003439, 3.7320849788484067, 9.744328840832717, 10.009958286719241, 10.33505093466911, 6.389139286283894, 13.304482528833105, 8.727733037176433, 9.247107986959358, 4.502580699327207, 9.405872375226323, 4.414138939533301, 8.49590758823525, 15.373514717822319, 5.871498342928428, 6.395477618046288, 6.601152290280178, 9.693712347357119, 6.911507851594087, 5.562487700245483, 10.41239346898852, 5.96608054641598, 11.523848087667067, 7.2494173280702965, 10.17894405849708, 7.887053948471595, 10.6132834123846, 8.48274107806633, 12.953374946912655, 10.21017272811147, 15.153411786604739, 7.548433214587316, 5.539324871688191, 8.568119906423492, 4.853675862744314, 5.748813492908633, 8.030491883287485, 10.422754488672437, 9.084179299089792, 12.284496901306445, 4.060897772858144, 7.457689031260437, 8.482915957425895, 9.375896626678292, 10.067422147335469, 4.541032052624237, 2.1506104867298723, 5.077941142422895, 5.697773589731413, 7.045325137021574, 8.858646959722318, 10.968860431685343, 14.585143947959162, 7.809272961275072, 12.946616544381198, 10.247415615327903, 8.524898183480435, 8.064301426033218]}]