script/wind10m.json
{"header": {"parameterCategory": 2, "parameterNumber": 3, "lo1": 3.000054539987559, "la1": 64.9999836372058, "dx": 0.5, "dy": 0.25, "nx": 34, "ny": 52, "refTime": "2025-12-11T09:00:00.000Z"}, "data":
[rows 25 to 49 of 52, columns 0 to 33 of 34]
5.253646640695334,4.68214612533219,4.714188822379361,4.261997256133608,3.215169431452363,3.1018773644763376,1.4842615930591332,2.228568314591921,2.312338799693589,1.4550688424120464,1.1274956353686223,1.6689691478913407,1.406953578209829,7.920834179864995,7.735858532647762,6.88331038837502,7.098053768849016,2.6274603266110965,2.2554965435790204,2.212793899683165,6.481478989737212,6.499009178048572,2.061535387535816,1.78489585568239,1.3884143987646693,1.2040945540506227,1.2614032900693606,1.2577946298781284,1.2451211519675902,2.3979291015978137,6.103330750995201,4.740276919821195,3.27925415585999,2.636249640771031
5.002404621763485,4.5375774053022,4.025645853390503,3.775963437550038,3.4227391442472843,2.8054471908757614,1.1981867404592759,0.39723158256408136,1.5712807059722027,1.5795190807433621,1.0942943857694867,0.8796480470085271,4.24454331643921,7.460161982398736,6.926374984207319,7.0431628510940705,5.422475502495562,1.9656696156529012,1.6550762045514043,4.522636075041166,3.9622047764269617,3.720467018051162,2.6338310257757653,2.922568529922217,2.79308362828609,1.4687645912977052,1.304916845847981,1.3185959117951538,2.2241881397676138,5.733822111813035,5.851474451531301,5.583269053830532,4.102611019362334,2.790775414095783
4.3507290094169395,4.570351334991288,3.8968569916135802,3.3598928000716697,3.119344319362512,3.1783258307437126,2.5257883106462224,0.6164921567099663,0.4304209577000296,1.1296687914377896,0.9269834447907916,4.748665474257058,6.573382360233419,4.843344945674869,5.251219276263316,5.877777440955793,4.310548903507584,2.314299795334019,1.285947436079415,1.419748218981427,3.1029213024214637,2.4844732524354924,2.0388860646750193,4.9988735271097475,1.859022456828304,1.4061376021332948,1.2888223926881017,1.119498537733278,2.231616293901763,5.908668129660834,5.447877058324242,6.0857029652886725,4.844931347231231,3.674667654568925
4.280237450077554,3.694855471379605,3.6057409806919267,3.4647709630755097,2.510652312603373,2.550728112971817,2.5286890382520624,1.807384844697426,0.6226692049399225,0.5912478781993517,2.5584984713718275,3.44410383850921,4.474941855726403,3.7076595592000956,4.281969602080583,4.037661113128829,3.6949665139582795,3.270001657231264,1.091196932239005,0.8300527595326539,1.270998961408677,1.8171500217217629,1.0039238794658092,1.7437428538166355,1.6295687668924836,0.8892376641842977,1.08768618294993,1.5622809605352617,4.818389084447359,6.997328881376992,6.4641777931752396,6.5315509974320465,4.932159422418237,2.9852081351178303
3.9238445210794235,3.72995540371012,3.6957054255167545,3.7557638434416516,3.3888573394108024,2.4707926347054214,2.1306725349476023,2.182662665102246,1.9485106671861234,2.102385895763143,2.2743657313492704,2.532602014116044,3.0590476837554945,2.9330947196380914,4.156147120485796,5.052482561492011,3.6130644897531634,3.2881991923062865,1.953737390368377,1.0720950149662694,1.2226526532014734,1.4855103505473073,1.6325108730495463,1.2916589263543137,1.178789043295331,1.1533105182438264,1.767017822120427,2.171889596339082,5.655093390393677,6.582435776539266,7.026963297076595,3.1856174874868013,2.5456738179139133,3.817312434465346
4.703181855745262,4.130422781284588,3.9467085817478047,3.45078672038729,3.3830070709182998,3.1261194595383346,2.3292411712757066,1.847502191774776,1.5970254148159857,1.5429297938213116,1.649535058218993,2.1022304675600076,2.662586696195724,3.5040793529249856,2.1985733971648935,1.7837604385862078,2.714796828544057,3.728558880753805,1.5327536461860631,1.8355103520965697,1.0333655196093736,1.038883603789281,0.9341944701552685,0.9956399753694133,0.9449048241078771,1.2079252783659316,1.4289149774815042,1.5127164395967552,5.919175191365435,5.86134439611719,6.698102834603277,2.206439785271301,3.751056983220161,5.236877547788278
4.627975716321622,4.793853878594949,4.363982600963763,3.79479666572962,3.162023173906472,2.7532482059992427,1.8585797122820342,1.6570236279081882,1.6643789856038975,1.3306086165921163,1.5271443934765618,1.9924043121917965,3.345495819653142,4.128338863415848,1.9375329570806694,1.6267174111040543,1.947162706779629,4.372554803173733,4.251682368176653,2.0948354102455515,1.410839629389882,0.8184054244131909,0.8391559749379103,1.1887951038619926,1.26684037539105,0.4354913094801688,0.9002070416410128,2.9262455602079855,2.3900947722649013,6.267571019991149,5.815589134364045,2.334269126333825,4.487222103677998,4.43096686384856
5.899259541556736,5.459892779013727,5.1743361694516405,4.213914100394965,3.751406986978419,3.4581945734472366,2.482828387328696,1.6329979159235506,1.733362014292161,1.7446873584737717,1.5702888561102386,0.9123466618351949,1.9929029452388871,2.660611720937439,1.7302119686194863,1.9195985927951646,3.5597784061808486,4.849878639300548,4.8056633992825315,2.4259949935291054,1.4664900904123277,0.9285549121680541,1.2192822221792845,0.7274026515106281,0.6632380856662825,0.9152651331329446,1.4991343904888432,4.2117268437239375,5.197766549721964,5.7892518006933615,5.158221572069992,4.314901339080796,4.0884723990104685,3.8250997591363447
6.358119822041063,6.192113521473279,5.814848600074638,5.156910912407547,4.646492188863549,4.09457202240152,3.9390496201130465,2.300245189192221,1.9718319944766587,1.8098951174323312,1.7927940606133261,1.6297281736759466,1.6256821816248948,1.8979999576920799,2.0848854701531514,2.099061189229814,3.131019013215408,4.994882005074464,5.6081876712019865,6.4149949677374325,2.237464837550538,1.3549893515313147,1.1061656863446019,0.976991595840047,0.8215898390291022,0.7650789078467521,1.1717387363963498,4.4772272545777145,4.64506198689852,5.782097220522931,4.649514014738559,4.6258839489669725,4.373125433507911,3.9623755473408324
6.596619366093669,6.07360906110189,5.628400737614679,5.110991292372754,4.614910983100198,4.286838179794755,4.06034850128943,3.797410736343889,2.684149083822034,1.8987071991492406,1.815067183509058,1.170949923264876,1.2526420065641086,1.1832001011438065,1.5306100966431302,2.3547988463761964,2.8366949940846817,7.336444693704854,6.70676958767446,6.21077541243114,3.877661866148959,1.3400489666928785,1.1459740243412933,1.1671714416473262,0.9726639435409743,1.4123622686546244,1.668644122086112,3.484704120022144,5.891292044443727,4.867123040484239,4.800603221708127,4.237518629864604,4.032644953564511,4.28821701191914
6.256557713042645,6.136898915498739,5.255977632361511,5.118168166026282,4.845106895690004,4.3878442731772465,4.239143399344331,4.263250091318519,3.7953809625288066,2.059997482089011,2.1060329984700243,1.029683998752304,0.9322698106309915,1.027157039423885,1.2817814309988111,2.2925126782996696,5.588034291496525,7.609281824204057,6.250331721811151,4.251837308290444,2.337550228874582,1.703505068888522,1.3251384283054655,1.034068660813742,1.1285637568753464,1.7804893229584189,2.0263932803012517,4.878676694878978,5.121104217942438,4.4589117290513745,3.6061525752447032,4.170822213633595,3.6798343122128063,3.17603786321042
6.376009248211928,5.599731451538217,5.670447300809476,6.226997623531667,5.366506539083986,4.742875486571733,4.459136071019302,4.155409837875112,4.070587871962034,3.4709860939808546,1.7499289296382028,1.768376782750527,1.0772121483156059,0.3492645722798647,1.2221201118989127,3.72997631066978,6.079082723555499,6.1087973509029725,2.568086606138428,1.6749905204973117,2.3999875964426,1.5965293166140528,1.036227619878484,1.9088167855813205,3.17227519289621,5.646232597533874,5.7642755862701,5.769661832460612,5.1396870210426275,4.710639252425472,4.330029635518964,3.2482199452763467,3.575054087928401,3.7687085798724023
7.696744614759789,7.164235489921866,6.106039689066235,4.872452094502133,5.27537774760588,5.001758871837706,4.472047449662148,4.234563641078421,4.181713511794859,3.9154767052826815,3.218208154856615,1.5075567291408873,1.6450499906124452,0.6002758486499161,2.027810794451996,5.401646698497509,5.0394130536407085,3.5993281956891816,3.0865555879432707,1.5860560074190404,3.325829490453353,2.915380978257977,1.612368434685432,2.239516338150465,4.1244597987978056,5.333408600387779,5.235696297370693,4.871954948517943,4.886359432452209,4.290769552105413,3.4727815941616553,3.2259045419061554,3.978960592764387,3.173623640959516
8.53785066218647,8.129450883594917,6.85566248642403,6.110751645366771,5.350220885903224,5.503510031868621,4.921475532119609,3.8944115143426328,3.7491276926596164,3.5539039569146302,3.565460698071452,2.2180298121226727,1.6926468571590483,1.6577830789227392,2.336863321729148,3.83852175913179,4.980100353749646,2.9722488935304585,2.5288139086917822,3.5579006473508485,3.6469855423974016,2.813613359466109,2.335610026549054,3.5449174568323913,4.43062377399406,4.381412924197922,4.131962370811287,4.82326485226884,4.2688963407851706,3.537459009256695,3.152964125993461,2.5714336922555967,2.8292661682664995,2.9110664074797925
8.075503341679186,7.44130735898898,7.157882270789385,6.743507201449365,6.8660633980188335,5.591343214651426,5.59918770256171,4.707693316300913,3.789695723944715,5.015442293241092,3.863795673607794,3.7282410837255493,2.2459888941628763,1.826288504488825,2.9902835668099423,3.0736944125730425,3.770320537017445,2.878394693941136,2.962295739528284,5.071696958500895,5.051547957788514,5.413594901698347,5.48789825157259,4.777402098065672,3.913197634649776,4.868651707704628,5.403713783390987,4.113310786246155,3.507712332260425,3.637636148587562,3.6964859873391966,3.0770968357721413,3.4832055381360876,3.354778597369073
7.533185903218212,7.754177757225999,8.307327425065502,8.166272215902358,7.715779286062423,6.710595287783136,5.9641212917543065,5.8437774886692715,6.328685075536362,4.464665377010317,4.001670588333069,3.97959975619712,2.418903467978541,2.702817971862275,3.9446449859418227,4.724669334824246,5.292389295686223,4.408865843551656,2.9102474720835105,2.9485068206435887,5.254950902044139,5.4858626974865485,4.901308556799675,4.334358982121661,2.280038673629847,3.48760080769968,3.8819413684632047,3.160406362290462,3.542141361162414,4.87611553529783,4.734746116358256,4.168074737697567,3.506398207396546,2.829643253198202
8.340156930912087,9.383661037945126,8.85347366338161,7.76437292574219,7.3071243797642085,7.321277801875275,6.466576233886768,6.097413076195202,5.836232723067019,5.371810424110517,4.82603701786204,4.440559943520383,2.45902708632709,3.100092861001937,4.578998482782331,4.984474939650959,5.209699210081559,3.2597304232475794,2.6258022484341423,5.01938540226822,5.486874501237317,4.79183041974722,3.719036022046203,3.6338267730179283,4.837139853291931,3.8775184010975488,2.0130280260973548,3.872470109422496,4.31898172489494,2.5586978878893265,1.700347177628107,2.799307898350347,3.3115031028803203,3.9181626871084867
9.180572337528616,8.749160078684362,8.455655901181276,7.53683875220567,7.131071055391705,5.298838233173864,6.7469420205801,6.600019088611707,5.726997114635547,5.2890004435877405,4.558816285658512,4.952489284643951,3.970870579256682,3.997711406852228,4.734727147141459,4.478674721374753,4.457315126801852,4.016227154636548,5.579684368590556,5.866232401859095,4.073405125865001,2.505086372427611,4.152214914961231,5.58716929726706,5.792183161008386,5.772560762454047,4.60069142689067,2.5461130345285827,1.1618693489445595,0.5240913837024157,0.564756505556772,0.44900159363838776,3.581020603090051,4.245873488516421
9.26122963656364,8.70402274363964,8.217259081673362,7.955460917907545,7.275438804139735,7.525449882809654,6.862520994687698,5.9611799969296175,5.722686047778279,5.805261767142981,6.0286111712531065,6.099803259712549,5.32042721369157,3.5265569380611335,2.787988891608617,2.6134841893788114,2.5009577627163706,4.944638482359819,5.076513145296023,1.9876122968745888,1.3816530249372594,3.803364535859052,4.2835506713328835,6.1470048816658815,6.432109637994057,5.525512401838388,2.8917784244777525,1.6622471276435953,0.4113821990796968,0.6984381708203322,1.0356126971747015,1.4819187947970132,3.3213017997227685,1.8910396220910908
9.136443297101009,8.474393608975614,8.120115445615166,7.515440589933924,7.381680393884999,6.8600056652178685,6.81624503687786,6.870729253001775,7.178054281488759,6.954896953501335,6.448620438702085,5.412932838400575,4.399165990461926,2.7397983309799647,2.0226506942375497,2.1738042064039376,3.036714974102095,3.225910111082232,2.428933735524851,2.7098603690861913,2.0037318720318473,2.8827908223665735,3.8441372908281664,5.642706443024825,2.163826325598137,2.4570273850044093,1.955623265945453,0.5868417787920209,0.6892349711986465,0.7646281985701185,1.2522244875975057,2.347155608885648,1.9292844957030957,2.329748083953384
8.91935972651662,8.294189615684896,7.202854673534534,7.006102445269967,6.572779512215902,6.592478922388673,8.509263832424777,8.196919389038255,7.717931162204598,6.059388752783725,5.3913436843489215,5.429437065761854,3.348143262345287,2.4933148758359733,2.0150369008766473,2.443031669637098,2.6969608981837045,2.6109999074592527,2.979224092577629,2.5539789637386034,2.6158351053126814,2.6853167864774,2.8276998324442575,3.929595566345353,2.1001301755726254,1.1575579156053437,1.2133348226293552,0.9436440210807926,0.4930265930350547,1.1138912427031658,1.1161364528980167,1.1354520239150745,1.5823878929773931,1.2663053270956832
8.645506907175204,7.673454325639741,7.006764822904796,6.150204918138882,5.612629743133859,6.706929997694657,6.917321503419958,6.888419441614136,6.6998078271724735,3.4952055723630666,3.8805714653251746,4.065836131936052,1.9656180607576865,1.8014724155786483,2.179724210960296,2.0213325211581346,2.3658013882352535,2.1539229162856066,2.8292472896405068,2.002100712233532,2.639025908879441,2.1074946392435536,1.9592285444808577,2.1314257468578264,2.150302833385071,1.1262072467497586,0.7683667020383961,0.7679434514656288,0.9847797941564216,0.9945990373074161,0.8647227237454969,0.9599954839004191,0.48741657345325107,0.11936014973552449
8.172242547771281,6.541501164998069,5.987387282740576,5.254083581194716,4.282553615479305,6.218030788460226,4.089161444440355,4.37261444545083,3.959797481147305,3.519677774688484,2.793302462683745,3.435342372112491,2.8529248028204286,2.7410182098595888,1.884145755041655,2.012139272050651,1.5401873200023064,2.119019663927355,2.626972943339075,1.6056672297095478,1.4284169498870085,1.4626689836374398,2.7032728581377,2.115978632167397,2.2006886721677255,1.6900075361222002,0.7688416773220375,0.384911296170928,1.0423613991573668,1.3836665844286635,0.380853558083031,0.5963454085498018,0.33846608156468383,-0.259641553820872
7.5916163679443205,6.2254089479307355,5.290636254613895,5.419162297733181,5.259591411478351,4.516925651133705,4.204209510449598,3.491660034059904,3.875875756574647,4.084451517444937,3.474736201990616,2.6838581208731593,2.4587987896447587,3.2223573766639424,2.139091998367405,2.285840652379045,2.340975982906939,1.7992899074920887,1.795122449170344,1.4474761228471646,1.79502087684586,1.6542245818170582,2.1618280325767363,1.9619333243825312,1.9357759833941537,0.6605259208909732,0.7240400703990107,1.2411296163177425,0.9546065713560494,0.4392369687691997,0.2546142566522862,0.09825710231831462,0.4327274558726074,-0.31340598232883216
7.128357880159342,6.2779883039402575,5.94036604702321,7.0812423705582574,4.175937398832777,5.531550246314012,3.5345183179409427,3.138968102234456,3.146214057731805,3.7317001376430428,3.1327443629311627,2.496318779874854,2.8465121549810455,1.793564581981047,2.0917320092929645,2.0860608799717273,1.5678431802568569,1.2387004967816835,1.7136605620344898,1.5348274681555354,2.1641260549028902,1.225767303938474,1.3459963199858385,2.2364028188254963,1.5022922884658878,1.4749536508915255,0.5452250934677011,0.7293508278169649,1.054126506939435,0.12102188384280632,0.10214847914074282,0.9654227399288049,0.3322368542499393,0.4272999608525237
