script/wind150m.json
{"header": {"parameterCategory": 2, "parameterNumber": 3, "lo1": 6.000198445256149, "la1": 58.999992894266676, "dx": 0.5, "dy": 0.25, "nx": 22, "ny": 24, "refTime": "2024-04-02T17:00:00.000Z"}, "data":
[rows 0 to 23 of 24, columns 0 to 21 of 22]
3.937248286781102,-5.96472991107863,0.775452721596706,-0.41198945541116827,0.3914335070468813,-4.826277397632263,0.12612883244844034,-4.811569630657715,-4.057144407256984,-4.371927160643604,-7.475247269621098,-7.906931301731064,-0.5918050217651657,-12.556067589034122,-12.159032767651452,-9.011258658951032,-8.635762198907877,-0.2302825176691308,-6.659567576507693,-8.13458982505341,-7.219658535940876,-12.609579664080465
0.23298790933690278,-3.2994414299151824,3.8129662582759027,-12.440885504639756,2.16077763787675,2.1422406851714193,-4.922730995865276,-5.669019964750203,1.1652367509317554,0.1694354129967882,-3.497537386088649,-0.1384337809996605,3.125521816033697,1.5476294148263312,-6.51312659653509,4.368954811748971,-4.318946593238473,-6.896561867409201,-3.6243527330974716,-2.7399713981545015,0.7374097373968264,-6.356885418667042
-8.944135932686152,-5.8903591143132115,0.9285419813396846,-5.049756326082138,-6.355853308440928,0.023864730554023418,-9.770469405572351,-14.088361085476256,-5.350133567099256,-4.444291877281997,-5.722678197128023,1.809601088533588,-8.097351139722493,-6.102623797235318,2.3591771522218656,-7.71036960445146,-4.629386390676034,-5.938786240555725,-2.5746266222173135,-1.1090228972385263,-6.09459415426337,-8.808943493118559
-3.8654204216298775,-5.160559864635703,-3.2235935300973986,-7.229808214962185,-5.576915217807284,-0.2144599021449289,-3.4437813373198414,-3.3753159190066144,-2.3825828230912327,-0.033240695591130735,3.026185321240009,-4.5809186259891765,-0.2632745154303277,-5.038811241002478,-5.490353013412465,-7.227616708930262,0.02018703737835819,-5.545397488166299,-4.687848567148859,-5.984871454037952,-5.5683049901999535,-3.5167048883012124
-3.2789168079917306,0.21394869331783564,-10.98528791028384,-0.3132729385276414,3.0785643411432053,-3.907263503147413,-8.714390975849389,-9.300801140977702,-9.370750465683015,-4.969123846332407,-7.169795820762369,-7.319800114339841,-0.5493432599195793,-0.8558975819722513,-10.343104717029702,-0.13975580528633078,-4.295539720405189,-3.2670759294350216,-8.155229859009307,-6.3058774749700115,2.749174693675121,-5.488749970775347
-3.9970491885026855,-4.34923750552205,-5.0437098873543,0.41309510801891375,-4.330300113403756,1.148790558604072,-6.736354067199598,-2.6215049182196957,-8.21376890895063,-3.6651049397968887,-4.575785957796563,-7.819218477565973,-4.41414583734555,-9.028123045627984,-7.1610475639644005,-0.7952931928746617,-10.900227660689119,0.7637576005171984,1.881525468158146,-3.863103319632929,-3.1545684550079542,-6.228209137838828
-5.0685560737652136,-5.977975315328084,-5.650646713342851,1.8679272706622487,-3.943156775569765,-5.759902699013692,2.2109853612715256,1.6178087967728922,-4.033890244910522,-2.9123511511176696,0.7939276742594958,-5.075997721350024,-5.585734232328108,-4.659813007446963,-4.933199071092521,-4.7113036997682975,-9.52011142611339,-4.054155783383338,2.971454032640016,-5.7808633320355165,2.0138992287358204,-6.498541393270956
-5.716131753802927,-11.649159465493753,-4.279031235683947,-1.7051760910686637,0.7680573549772585,-6.57376285421753,-0.2288700383429476,-8.569818255298534,-4.683375523238714,-9.214977053734973,-4.419753384119925,-4.578097789327805,1.6381107095044356,-7.090798225037864,-5.6850826053061,-6.747475314207205,-3.5036431380700215,-5.186437228629885,-0.3730824889188743,-1.9592839696262376,4.126277280833102,-2.9579292048866557
-1.9609127465785978,-3.475423473024008,-6.525970597633339,-4.273577299590569,-5.235465619479803,4.553427338839239,0.7592927745050182,-7.9029060670941425,2.096871473787136,5.042424972415659,0.6040875870690623,-4.3197129826845595,-2.9951625242801123,-3.706869914558755,-7.2082999310651985,-5.775382994395732,-5.5864019749009985,-4.7074612661738096,-3.5015575338446188,-5.046093837970061,-1.7073440066489272,-3.8704643959122977
-13.160930062401297,0.41284049937513806,-0.2507489950997727,-6.421668435916717,-1.5881901639799283,-8.799540557346438,-8.919824938305604,-10.93191625968462,-5.903717879589635,-2.437020400467326,-6.224348498576343,-1.734430773986251,-7.009600450717446,-5.967698946135595,4.244162227743201,1.941422350907754,-5.0101192453576715,-2.457092466084205,-6.9767520069618625,-9.072876853587857,-3.3212340304614996,1.772956391511999
0.4331337004101028,-6.643799310988067,-6.664333959595563,3.738277366475454,-11.742565841059479,-4.421796700016662,0.8550944757597583,-3.5418436330047265,-4.244907474135455,0.1607682983051275,-3.39345767650003,-4.833629086237544,-8.78895606658601,4.192951743658143,1.5354138381816733,-4.702230808666396,0.7747539908220497,-2.9666964277989494,-3.88020318572159,-5.399313436482784,-5.008292461538937,-8.386575507706203
-0.8784066177949487,-7.14057847624774,-4.94089830916815,-4.959067698206515,1.1572403839709977,-5.659174161847448,-1.8799354865707385,-6.9799306997408,-3.0687108800997582,-10.436596089209242,-3.9064695853095732,-11.441100724398757,-3.486128726255083,1.4659991265213943,-6.496802223900023,-7.880431048475733,-6.043156228015721,-10.356096400521032,-3.0600492771727428,-5.338318273764933,-4.575000213629691,3.593283320334357
-2.718331183673022,2.0537443005639555,4.235840399484741,-3.93996474303369,-2.680438154604412,-7.872588403464062,-2.5972208590168098,-6.162409138082603,-6.226097649262404,-5.108511716515261,-12.009539739966362,-3.5964035708094437,-4.604548601751947,-4.649126113892884,-6.208881516850793,-0.03580249954323449,-6.182582408256666,0.8871537784438803,-6.827220459397963,-5.762600803018934,0.2973344811405768,-7.594035903816241
-5.67759703267411,-6.951915916062331,1.6235913944793967,-5.456576087583983,-8.914989741752786,-3.1501644455743394,4.54563823470592,-5.6244824963789055,-3.8122270620483256,1.341042484857758,-7.433671408659887,-3.6192869238317007,-0.6641265507315187,-6.073311426348734,-6.9660186981158505,0.6816616244756305,-1.1248342920912309,-8.477652896489278,1.571051688745438,-8.878164160626717,2.6227222030577697,-11.22776123126074
-4.043333176521408,-11.904673864008398,2.5402479872962442,-12.55234889758917,-8.320971238141489,4.936870460817098,-9.249913367095857,-5.420815540759384,3.3229841917367646,-11.64753989274679,-7.805433658150111,3.838477903296233,-5.088030789040648,-4.4660612541474976,-5.631916677835239,-8.895874431824677,-6.278569941033643,-4.6997760596270854,-8.901056663310456,-1.0208615617665548,-2.4654260682340734,-1.3236027962728194
-6.522138554743238,5.340050558763723,-3.850014990721136,-3.139498461028213,-3.5798599267218107,-6.55910375181081,-14.027625507634085,-1.2248131259894444,-5.573786851056151,-1.5153929500934404,3.6582341352729943,-4.766861451379462,-8.802175888189396,2.418603180991338,-5.682723980819167,-5.5033195040848675,-4.0570755350745955,-6.5089420098738815,-5.613063685321651,-6.74382878503295,-3.7829819386864005,-6.379062295020573
4.163284008882505,-2.775487659783053,3.4462716398361652,-1.4815284409218623,-13.83897135962601,-4.15865402103372,-3.4292332308664792,-3.8417155900821087,-0.5907713331326984,-8.368538389533477,-10.881809447048237,2.278528821783571,-5.176417080162702,-0.2700713690471907,-3.9341522328584855,-8.304192672819797,-3.479960844439023,-4.967288887283348,-2.936090223297974,-0.01949815863830948,-10.500454911412046,-1.6879656959575409
4.640634100587546,-2.9565718536470866,-4.20322127374785,1.6476756599350952,-5.614317984319665,-9.530070986496096,-4.886993238255752,-6.394223020846191,-6.062070821528194,-5.008174684131271,-4.446568906478942,-2.8071083541097597,-5.126545759162439,-11.138888657269934,-1.026988877341158,-6.114128498033949,-5.609642957766431,-7.818039080585326,-13.48869926426848,-1.5841313533111965,3.137210504551753,-0.01689927076316385
3.1132904861214437,-1.8256898202112812,-0.08489875287655509,-4.576716170860504,-0.9817208382595208,-0.8227964160369616,-5.452624045723055,-4.140275810563956,-8.268333639610182,-6.297672395230166,-5.722184507105097,-0.5996334774693811,-7.932819154180976,-4.981505823968159,-0.236691765190842,-7.575805487024431,-5.717469320845257,-6.710983907258717,-5.434921258339938,2.241735972729773,-3.4729706512626204,0.5924558812126008
-2.657185179146645,-4.686294191469736,-3.802580524594166,-2.96521917489653,-5.454250522746636,-9.283891695194852,-3.0767355337425895,0.7840734151185873,-1.2933143633924427,-4.058855141536523,-7.677325984555991,-5.1114930314395375,-10.210546784798206,-4.826589006094102,-14.737641960561547,-8.346736626102638,-3.1833654236568885,-2.63909476728868,-0.42907172450803144,2.2556711515987895,0.8481314644308791,-5.5570834965624245
-3.6158445821035916,-10.041606460045255,4.647521569378144,-4.512782145638492,-7.29231158495588,-9.1038008008968,-6.361831461055411,-5.0857637027150195,4.705806004576122,-4.031759450746447,-6.048324455619952,-11.346970364333314,-5.404097978411899,-7.220875493434756,-0.8320155080136047,3.0039209277376187,-6.5201881304280365,-6.715698216549639,-3.651582560067485,-9.4757241166038,-2.68775601885813,-3.8117328139911044
-7.828078568245674,-4.993238468188352,-3.3996506499598693,-12.931458147204939,-12.100036874563099,-4.432768448591584,-4.845539058307531,-5.06815070838147,-7.100473031157888,-0.6490941971412664,-3.800942657354327,-5.757707874898795,-7.627787197119406,-4.577585621481854,-8.523637809157426,2.248879479026857,-5.086468246629813,-2.9883408512824574,1.6195886129814439,-6.031484218771257,-2.9309635112060666,-0.4649517327914655
-4.234157711706869,-8.36781117561296,-11.998689345871469,-6.079126330136161,-5.828607605215466,-8.373239086969887,-12.922229002771779,-15.509271987193378,-6.798759912168499,-7.527670602022051,-7.3372140175153255,-6.858268645448294,-5.927386475913896,-6.728249408780559,-5.907921347048397,2.3473368461982718,4.736784206175017,-4.068011178131929,-0.7709881579808909,-6.080976448917306,-6.628877985949054,-5.696896756277607
3.4653597911902283,-5.68908522398646,-12.168662103061056,-4.631646376465598,-6.04219785958077,-6.40879358332502,-3.888803617575011,-2.080825267339023,-2.726831110098976,-8.29140239699817,-3.10816478339021,-7.42460275292007,-6.40698292925452,-12.302589268043615,-3.276694790322311,-7.96636193254376,-3.0037498527172466,-9.154945913361738,4.201915647360999,2.9165487360169267,3.2893547190817047,-4.812199679406441
