script/wind100m.json
{"header": {"parameterCategory": 2, "parameterNumber": 3, "lo1": 6.000198445256149, "la1": 58.999992894266676, "dx": 0.5, "dy": 0.25, "nx": 22, "ny": 24, "refTime": "2024-03-11T02:00:00.000Z"}, "data":
[rows 0 to 23 of 24, columns 0 to 21 of 22]
-7.800815363045917,-0.7676549329886171,-1.1041207374195419,-3.8405551860536846,-4.485106386711838,-1.1093829962684287,-4.3139005827780315,-7.588792301434425,-1.6011495038048063,-0.8600168055382404,-1.1789302381858753,0.6767174697189428,-1.1236158956207851,3.076712531747162,-3.2820137607492397,-1.9957490074584614,-3.618576412361774,5.813818030367514,-0.03153902682331211,3.5693366690913835,-2.7672403603130564,-3.3109967037318198
-6.872169173897999,-5.101750870018822,-2.488285811027033,-2.5251961819048443,-3.6272521331203644,-3.518094496059348,-4.103193811089344,-3.060140329907567,-4.196785663706625,-5.68186504569022,-3.9541792688737276,-3.0087873400103833,-12.23573821692443,-2.645939641183662,-10.077894589548983,-3.4364030518051614,-3.6832685894778976,3.1475600618562516,-9.872970398309505,-1.1697740971705348,-7.166411286517981,-2.472936171964135
0.6718050885389397,-0.16564817441848703,-2.831693754908306,-1.5951249893566763,-0.3473271253081293,0.4654074529221706,2.286359242470026,-3.652488279387865,3.674604968518945,-4.276370777277799,-0.4562249252575375,-13.578336623248257,1.7098499310330109,-1.6037263345115682,-7.0387563881761555,-1.9123551553189595,-4.008431943211512,-0.6261987563442781,0.6052919435028553,0.08676875066260918,-1.1388370037918656,1.8584531568488427
-10.207553907515088,-10.134854926167923,-3.1586661714017534,3.6494580396642444,-4.61794225334265,-6.315325562468119,-1.3462581364804287,-6.63539852895332,-2.589393162865073,-6.5666412778294845,-5.4571802296047105,-2.855857417432406,-3.223977902069142,-3.8731695478646673,-0.07174637605946821,-0.92080295620501,-2.9274070856342695,-5.563355332477918,0.5802270730321987,0.41383819258783167,1.0636356016119897,-2.8905591152743595
-3.9191099342262326,-6.430759664535613,-1.551559558126606,-6.865924015047915,-4.751203032356154,-3.326304674155313,-2.7563735111593846,2.835425595212525,-3.6569759538905986,-0.5207191008932621,-2.7749397258110755,-0.360794403172317,-4.03310873369106,-7.122009620905357,3.125224584080886,-4.148610689548126,-2.4577555648946725,-1.7851916947797632,-0.338431317980199,-3.3777483696288666,-4.315691535252904,-2.4408506012140254
-5.229960881458558,-2.619690946453369,-3.3150594530418958,-7.5254448808834296,-2.9781566763098426,-3.5042731027076943,2.6076951687355003,-10.136525835637569,-0.7636513827807625,-4.601394293070319,-3.95074917747636,0.734488756829464,-6.9454884270349595,-3.4625544013053653,-1.158512095150996,-3.572707074766842,-11.254890461994325,-2.800346080803504,-2.9160301538127205,-2.227555795532052,-3.2295095005386925,-4.176537906257064
-7.146771943106658,-5.326227154491906,-0.5983516466176328,-5.102419295590117,-5.476203520693131,-8.94871163867846,-5.714585546597765,-3.887210548035021,-0.6281132171649796,4.107071904358124,-4.9105264135207936,0.10457724325037554,0.2785818136314412,-5.001727827952946,-5.27231747515652,-1.3998782277330595,-2.7013009892295394,-3.1341690937432474,-4.281379948554881,0.10995806267784543,-3.8946026451268976,-3.2916144776437335
-9.220089554536832,-3.2926022572445075,-4.318761089211726,-2.6714720822870213,-3.0402790144584055,-0.2918200215609018,-2.890124229574215,3.4602903248813046,-3.625827634128418,-1.3448830110929886,-0.453762087585034,-4.04607774121061,-3.2350173041773718,4.433727809661073,-4.069742096441312,-2.704297960760401,-3.762664522593981,-1.3934450133492975,-3.3605833040945723,-8.94067395188081,-2.5817484370679926,4.860325038743435
-11.38485623649942,-7.266733245814853,0.6406934208306583,-4.064611231546227,-5.950450325739912,-3.8572285088673652,3.966814384312153,0.664100089195954,-4.145998582659562,-4.993935492401079,-8.12364258659235,-2.4947798357877273,-1.7537598860519699,-1.326279379919431,-3.9563850233113893,-1.1204490040577209,-5.800638057750304,-0.21892925803370425,-1.1066941608559444,-1.5641374561699397,-3.304710505927665,-3.7475347916457644
-2.732868950082713,-3.473982360641061,-2.646262578468226,-2.7255664142450517,-7.185080598584947,2.5959477263735713,-0.6714533730563926,-5.043320263393366,-10.742343955685927,-2.29566559247847,-1.4216941936317191,-7.317080336566483,-1.400448111379127,-0.0756892458582667,-4.406910481281328,-3.563386840430188,-4.30082981053857,-1.444352564888111,-3.5428986455976164,0.8212015637294721,-6.445296865119015,-3.175334377716668
-1.0557027734044677,-1.9394269966812656,-1.896238375470098,4.006647896801832,-0.6701528986276957,-10.06998784621925,-3.168892830195849,-10.46610529065825,-4.518835361811485,-7.113795698310549,-1.1365373106828747,1.9025446174933698,-1.395626827787563,-4.1193186102065065,-1.6321966547722473,-3.4442376569593764,-4.210481290581431,-3.2303703751222628,-4.600641940430119,3.183525676993091,0.3665484561279688,-3.3246117261729617
-7.762079923758119,-1.9077740908308025,-2.634870484394644,-4.338058075457148,-2.9934858907273734,-2.6552727049915794,-2.8907955181439284,-2.9406931510338357,-9.086556531357237,-0.21543373418598105,2.4017018570145634,-1.3327478490848674,-2.7574750758998885,-6.356924274950277,-1.6048671260637832,-1.7098589042699313,-2.6866884928866988,-1.9856342310200013,-1.9320248600392653,-1.52177287385734,-7.813223740036441,-2.700958239148479
-11.382121606318822,-2.6953326781257463,-4.010600740258763,-0.15370654233641626,-4.72764333616322,4.718423048378376,1.4107923343211481,-0.579642045627261,3.9607154740316086,-3.4718415129925537,-2.400387382044932,-7.245743101245346,-3.9225908832379734,-2.4550624986857197,-2.62960042197316,-3.3006078874590705,2.7015755262137455,1.557881546487485,-3.835729673715765,-5.394516156086222,-3.3460630947301127,-4.383505889991556
-3.220090356683621,2.6709980192132967,3.6606085050058987,-2.673778240437438,0.7984236296298891,-4.330843724603505,-4.6323184191657285,-0.33220075306641533,-5.4920299391827605,1.7522363375720864,-1.4867861546494328,-2.7771291663936997,-5.482102117683094,-0.21078162735947326,-4.098126378277388,-3.668152426981446,5.605785151204555,0.7545316833113902,-4.046812592125672,2.318700571102113,-4.052260234511896,-3.902522766460937
-5.85442821451829,-1.7387083383357387,-4.275269910813474,-4.210240189400621,-0.34590426171891503,-8.605886172946693,0.34840921238624,-1.7019557864796384,-3.4060880435371526,-4.210106543956235,1.3743120738522459,3.446281451535215,-6.1207035575739095,-4.389717098539288,-5.297084702460671,-1.1884601525703775,-0.0629779557338422,-7.0737387873908775,-2.083006960409573,1.3485950719797375,-2.7640047391366664,-3.799247978978456
-0.7342927723266532,-3.2872881668658622,-4.395516515018821,-1.2416184835414967,-4.2350363301057925,-3.6576591274415837,-2.540903388810657,-0.05787637751253692,-3.191885206954697,-2.8953697385340473,-3.7885921973049297,-4.216450848259852,1.5026568912288816,4.361743316978605,-5.2642026028704745,-3.2996824951122044,-3.593935774784779,-5.162474039848877,-4.331247721172759,-3.0839076610941167,-4.110241380937635,-3.456836616528265
-7.6382218779299444,-2.440290292192648,-3.6756744490640147,0.6907482994793098,-5.080270181379381,-3.822998790282285,-3.3623550179090946,-5.032667242371151,-4.723358052690566,-3.091302736621484,0.5929527186679029,-7.450880879277928,-3.41659721737632,-2.781050351127902,-5.746985918749908,-3.8057536221273827,-0.5357028814458,-3.5087938523346054,-3.4948417499271334,1.1592736210242336,-3.094287005371896,-3.212822333842545
-5.43142266444935,-3.222964700224865,-1.3846833351387615,-2.478078232237972,-4.547237223828692,-12.557533556914724,-4.113372504581812,-5.029248728237742,-1.3132926853978397,-0.5862914277409396,-1.1211035495949808,-1.5550656922700419,-5.399547148183138,-0.6471941623521567,-2.3426359715918865,-4.805306556488954,2.037772722997878,-1.442212295886726,-3.164804917834736,-9.378420158731313,-3.6638024611749667,-0.44107841533524417
-0.35396819247796213,-2.427098873975894,-3.4822266176673744,-3.405101050149394,-6.555672261800455,-4.923437372725642,-0.3879998493441729,-4.461673272997602,2.9474331567692906,-2.6625004411839175,-2.660320100792136,-4.240880782747212,-0.668005627122718,-0.9372921204276065,-3.2873575835220716,2.755779693337468,-0.6540192774849934,-4.231883580875184,-1.0762723420478133,-2.56181486855629,-4.1333767935639045,-3.8872593048373094
-11.792304495308507,-1.1484842271921905,-13.292893515808437,-4.930666702634298,-5.395975458190282,-4.31771227010331,-4.706777074170205,-2.201672697711096,-5.798400691584577,-6.610510521412543,-5.8786742868812585,-6.316269493660948,-1.0736178548635287,-7.216257854851254,0.5670625212323148,-3.252331888409479,-2.7982747519311886,3.1137897493132036,-3.6040877845419343,-2.2252301200950666,-5.601968581807238,-5.33866203025757
-9.517018412095574,-3.6281109956536715,-9.956873885150994,-2.908336290036854,-2.283344481352348,-4.509672097474307,0.7884003912766749,-1.6354673812293232,-2.7553185085117238,1.9604713393623119,-0.9165171548673499,1.3412274611522437,-1.090698069397117,0.10075096946771274,-4.525352631758759,2.8956086177973823,0.28733566760150575,-7.7575066900091985,-3.9259470351472396,0.4391716949965553,-4.032769545105264,-3.306357068657191
-2.6258089655645476,-2.8083377196753165,-7.458676700842934,1.2438086882975732,-2.8944943096857174,-5.184030580665881,-1.0619181297839813,-4.7742089344123215,-5.786062186916525,0.6463464504921168,-1.599360372813114,-0.9832571102435336,-2.8283804739756317,-4.116132396576596,4.657682903247872,-3.1966151119251833,-1.2983666935712534,2.9425818406708038,-3.4954902319987036,-1.9381981250018319,-0.039600025278946786,-3.9558208713347622
-10.561218898108853,-3.743427116773607,-0.5556261654727652,-5.1593541024396545,4.590571287836274,-0.8402338942909243,-1.4428684413300907,-0.9465580271375155,-4.187775405735904,4.17981440142206,-3.1643233363245455,-0.20013499146581085,-3.080049108344073,-0.8779654189552113,-4.271179786330751,-3.3747699619317255,-3.9012387899387857,-3.1333254665223875,-1.5996551637576075,-0.5290398433981692,0.1702499266225309,-1.1068617890843724
-7.657230660022835,-0.7300369437217734,-1.4472034052975378,-1.871394638477602,-1.8936642592575639,1.627972201854839,-8.480961671361076,1.7687062674139598,-4.75619865606769,-3.4532965227807164,-9.134257265051804,-1.1983883922162066,-1.6307784433707284,-0.14127322276012888,-2.7874962972319977,1.603241364447378,-4.721659088115799,-4.756815324378886,-3.5018495046382387,-5.4879214505424265,-4.225985163441325,-3.1889009342156607
