script/wind150m.json
{"header": {"parameterCategory": 2, "parameterNumber": 3, "lo1": 6.000198445256149, "la1": 58.999992894266676, "dx": 0.5, "dy": 0.25, "nx": 22, "ny": 24, "refTime": "2024-02-23T05:00:00.000Z"}, "data":
[rows 0 to 23 of 24, columns 0 to 21 of 22]
9.222306216172399,5.627801653174542,7.586013398323221,6.98651939213931,8.409186587953876,7.195337061295902,7.844454428136616,12.786405000909879,9.127941596632422,0.085236153238269,12.281747415685494,22.450997043686712,9.194869724372195,6.988972528577341,11.200578912826575,11.878704286452725,9.117205100439683,2.210648106086799,10.812054281818794,5.46557291958593,26.411895561389024,21.40092153655212
6.948298367792101,8.564567715677827,-15.250745436781113,22.53786510720863,9.495526449211305,6.763831642914517,10.093466906839824,11.209882704947425,7.302973464658366,8.754258724019866,13.557829530354592,6.970548733229809,6.462704217127148,7.571039573473775,12.636406641860779,8.947211314905763,12.459524371048921,5.2102285056792565,7.655868248699431,13.802501136233932,6.5401426562394445,10.890913636747094
10.18367146258307,19.263467524139926,7.431893627508816,11.794542264692334,14.206652684976778,7.208337016931894,7.692244024106584,18.417939636707093,11.232375287687558,14.093033640606334,9.39501290623245,10.124096830330409,15.129290391569622,5.2502799892207825,10.75768531196317,12.863874448038862,8.357346997183257,9.05448941974216,-2.288635616451654,-2.4903185040264804,14.046741014728159,15.185154290467269
8.886253489976164,11.899342717480778,14.232812361379361,4.603274066832419,12.115193331734684,7.904175151835512,12.370754059917758,12.133749132846278,11.283667005498073,7.256392049703705,5.431235987807528,6.553301760790071,8.809672661996537,9.708265987639649,13.744255108043008,17.1671157811772,8.31751951853437,8.278024005806804,8.199694417918623,7.558080675248941,23.70545071935705,11.965830726234467
12.917402907858492,7.803629477888097,8.519017832333901,10.37909562099116,4.4277204533300205,14.415958439844697,24.469665277349602,15.420735526345865,13.839073813466488,-1.8873098482903907,20.831690571823483,15.911284384668688,10.63886187100733,9.023251828698982,7.281138010317067,7.786168386357749,11.363694110320957,7.8919350930873,25.605811276330563,10.759231428286848,10.483876998760092,10.706099574392749
14.518384252066808,11.42172402527877,5.368249407857595,7.261454390989824,8.403397875329778,9.206814893338747,21.742773950366242,10.86933343336941,14.748423984059858,12.585360689780527,9.391438961502505,20.996428806325945,12.355841518993829,19.225143524013163,15.66513837058792,17.62156107869486,19.210567677999155,9.652065375642612,7.061669307730686,9.386563249819918,9.179642851036029,15.020179325463555
10.502224427798277,8.189630527877554,6.929411423648064,5.07177742807032,12.877735459140066,10.284968216657257,8.434597079919408,4.2322609007921885,3.962419556731652,-4.669531677524582,6.42345016275923,18.94285666694705,-0.8928222812266431,12.355999298480834,2.6069173743526566,5.82047288027743,10.585435003993831,9.066480591885991,5.8238223844427655,-0.35238402715015543,7.463089647009904,15.288387432452772
14.367591488111298,20.943257458741652,9.470822809606908,9.132006447771746,8.983638685394762,23.916252924576003,3.8544880064602594,13.99078130719221,8.032527089835117,17.944191688434174,4.423225605761427,8.634138764704343,5.828610980912765,15.017845375275636,4.133980143888493,17.306675218189056,12.243476490625518,7.268829036515819,9.10523014495662,10.454923952057145,10.357780757697496,5.689559494794989
9.8732815972857,9.043804470016061,6.412701877608413,8.694265376444312,12.342894059015851,5.7844433493698775,11.42112823702705,8.58850493870252,6.943061252011821,10.94901755623661,7.344283401565657,8.966675270240767,11.208274896267667,10.772238951775014,12.008113368604436,5.96409728671033,8.581429307148337,18.250633593840895,-4.3138223083775555,8.81143620802891,8.58592899469419,11.103795590912112
6.399557293200194,6.332533158352919,9.233039495222675,12.374851348238948,9.216272429825128,7.046229258471652,24.81302113172497,22.63335983600645,10.35420851532505,11.528041258126557,20.89654379024457,8.113167106550394,12.934371576631687,13.121883024411162,8.955113405970167,6.849597292649835,13.607581743237485,12.78164420725356,14.163022463159493,8.158858587184488,11.579507776345201,7.69134351734771
6.278808513705391,12.858670227013214,15.064528413736122,5.350137345010293,9.949802465962904,14.640494823112405,6.587002549371536,12.007988320625309,7.279832874733997,7.662716959181047,10.609731657476143,6.950588294886984,25.163030217070922,9.172079529050754,-5.7485771971133355,13.503714454258597,8.068830690694712,11.847837602102365,12.5673086832465,10.330688238734075,20.862059847157603,25.68679066125384
8.76562916372453,20.472118115781534,10.344794354053338,10.593056629556779,6.914381248910896,12.790358422823724,8.608864309511116,12.563844448886023,9.720379546340888,9.73821028695731,-3.3405963874501845,8.59463658688896,9.524201478198432,6.14632451113341,24.194135108809018,10.145864189836853,11.107530295369328,22.268617719705624,7.747406589073195,4.469894330064444,7.571751829965429,9.713212407842855
11.419593272514613,7.28176994529455,9.112466758380652,-0.4446276414385284,11.091852046813864,4.598991965508585,-1.4045598241337967,15.912054323217472,11.92879185350254,8.386920403308824,20.50837355465811,12.502553444202839,8.958304778601748,11.346483028457161,14.554183450655014,8.703195748465415,20.488361295048705,9.302154232807654,19.24181243592474,5.745144328250323,5.973887346449859,15.434911407298715
12.645058185503398,1.3856086535910273,9.873493149032504,14.280789904972849,14.258158787008075,9.887813159533115,10.18062349519615,7.996118172750704,12.580886897424486,-9.835289885404052,11.981804486367658,13.677377223426793,8.543382893840315,12.202097830507755,20.149387873748054,3.1657360304078224,-2.9524721488930803,8.337381941167063,7.325010754856237,24.351627905784945,10.45094393332868,16.01168631973179
12.750135321524551,8.825939830861861,10.969283201855022,20.733802459899366,8.495841419510487,8.719178775922922,25.47563876185117,12.496344863623282,5.743401228955094,20.530523485774705,2.270759489169359,-10.458267680957302,7.655517936805292,8.429978815652445,11.081006110772588,21.075395550967194,13.041518792306423,2.4239010997669297,10.420801340999553,-1.0432906013692875,-6.5245449710320065,12.10560526299131
16.49804422223552,10.504790497816888,9.6712753306695,-0.35029745265401013,14.281029670539423,13.072837417801257,11.643787458162624,9.111099673481206,15.281852564403483,9.63909065487073,10.370844362803712,11.867070575932471,25.625162690706986,0.2309437878271449,11.940221649254507,9.485047133890504,7.064535094402237,15.46293710157752,10.514974062586965,10.570026048124852,9.579191253578418,12.882565704517392
8.950286566008586,9.081428692864161,6.6502374862407185,-0.6334774618588139,17.07526389140088,9.875394716776032,12.344635289148659,14.39769033838906,6.638026879022988,12.571092105329615,10.839421085488983,7.4026622244847236,3.661486583721092,8.345670921784059,4.98520109942114,8.769223489218094,9.082087016955,14.365383402332764,9.542897696392496,-6.931291559994891,7.858819132121698,9.564666015760805
10.422437819976786,11.959382491753797,4.616887599149793,7.38583175793982,14.356969535195264,12.278456902539208,9.303217913741205,18.549452555320798,22.42232317149033,5.1715134524957,2.987242228036391,12.155773895627723,2.658174631950727,19.780114891455998,6.100448660587465,8.6645658440633,13.126287684658234,22.752912077219904,21.082368873860222,10.354094234912711,7.355355619732513,-7.056552286848755
4.5889506895552845,9.518634390045383,8.225021661975143,14.129717828557178,9.011713042366743,8.970664842540678,7.622001253808592,10.10663501364773,1.2330670169326259,23.378698731867967,5.189575352430776,7.8570119198984,9.160665933058706,-2.019936683037568,9.958841474750939,8.558037859776583,-1.550630454880062,15.97116226610335,22.48541167221624,7.920519202756042,10.623416067656441,8.30044763849649
10.654897046358482,8.772715422184652,12.154318609506044,9.286237638393922,8.271195729198626,26.007320819285383,12.55205396353215,7.411115865456946,19.15041402141246,11.139232162596427,10.082844951466816,8.926766437176115,6.913925911694449,9.143112756377326,17.702159450976097,15.76249800114015,13.220169305040605,14.10730481934215,5.553820073758943,8.522265316156926,6.675478782678644,5.8130787430435245
11.968804896053278,9.84171050954575,7.85036793901017,4.141819198773593,10.34128956061532,23.616928662084742,19.363897044842112,1.694759266919533,11.443540857809161,7.549650238785598,9.455822502933374,6.212234310831911,8.119845635906552,24.54267757061084,9.931149003451395,-12.327142602338286,13.52308975357361,13.581065848082366,9.29751155387268,12.92807962942809,9.942991572114048,9.287661338184488
19.239707058142685,13.575338324751955,11.395234754246985,9.609245087484245,16.284597883960764,12.039377412601631,8.097248719056799,12.952717949834962,26.454828146948934,-3.4542130415974666,12.065645722771775,4.748819030576628,12.386053898185137,14.707026761502961,14.388663131421186,7.418378673856457,6.021711579411878,-0.8555981238290677,7.738338785967734,8.219725001939413,-1.691762080793967,5.2508845718245505
13.450952164310927,9.094510077381468,10.159624909576822,10.651347324310846,11.521487531112731,17.67894471534375,18.003399776522738,16.04972933991712,13.575058577113685,13.691449107971343,12.67505303413175,18.318882976455996,6.482402835962354,12.532608668884384,5.48327511020992,4.969052425133867,10.31225035006382,9.885945529366953,9.30301688332508,5.028438573473116,4.953631894548133,6.898103490140888
7.190115004753091,13.867435082165944,15.883070816230365,13.493442963801968,10.51651733509604,13.464214541571687,10.901917769106923,7.416345786964295,11.49914362955197,11.848344164199734,12.739790367869736,12.776670495008531,24.228733522617414,10.067060784543054,11.048280415875753,21.43593352863351,12.290516709717352,25.18239994845019,10.760843350795778,3.802911886245568,7.212434721711598,7.981747326825398
