script/wind450m.json
{"header": {"parameterCategory": 2, "parameterNumber": 3, "lo1": 3.000054539987559, "la1": 64.9999836372058, "dx": 0.5, "dy": 0.25, "nx": 34, "ny": 52, "refTime": "2026-07-12T21:00:00.000Z"}, "data":
[rows 0 to 23 of 52, columns 0 to 33 of 34]
1.9247674060759064,1.7581118775595233,1.4602362332093726,1.7256899209093055,1.6174781196119432,1.5712905790409817,1.5452679029275216,1.1900882074907697,0.7042274437685593,0.5064853982445575,0.37970520841375716,0.4632002842240714,0.5309656627338782,0.1297153376323397,0.3680300732523719,-0.06411707835201073,-0.25407659669465626,-0.9125714885819244,-1.2931294765674404,-1.1619998224601196,-1.4585118299806885,-2.52882551734277,-3.526946411494612,-1.8465831317720203,-4.997221784230789,-3.4407072965974623,-6.801521265493574,-6.863752148681295,-8.189871180217523,-7.980089981679897,-9.454236887798542,-6.546376773599607,-7.6874471243077735,-8.012322989553113
1.342108362808535,1.2136611250576452,1.0003287795844973,1.0194893617394072,0.9790925009327144,0.9688680912817431,0.7474167337535161,0.3705984126768338,0.07839374064239191,-0.008866369872976322,0.2678014512029403,0.3905113091304207,-0.05094188703499692,-0.38060646803411335,-0.20396575715856077,-0.3924412319866998,-0.6396577123948158,-2.3924679696176203,-1.0525986906988412,-1.9335606476889826,-2.0614631001380705,-2.129880881769399,-2.8775454077125278,-5.129075945150989,-4.9710164430271435,-6.297050613027612,-7.298813331548824,-8.659460548136098,-8.227167794510468,-8.261150622118073,-9.245098193776458,-4.359143600228348,-7.505022265501279,-6.608794475548054
0.6759814372862955,0.7091141997204119,0.36568840399493746,1.217497331650776,1.0911425138386794,0.4785748754371325,0.08824655778243838,-0.08524822276325965,-0.2007077674180826,-0.2013897302841188,0.579539532230687,0.07474493048311352,-0.6197983971172877,-0.39213533429249403,-0.5814726300381325,-0.3300478998534735,-1.2835159239582217,-2.7179311322110484,-0.32782768876733,-1.888042197201499,-1.5967618047032877,-2.475198442861884,-3.964250834294483,-6.203181458351298,-6.074121619109264,-6.127275227313262,-6.607357693601797,-7.264655316717843,-7.802224676746498,-8.732546565568095,-9.422655372317642,-7.62505549155559,-7.406950727831336,-7.286054236334884
0.6219313322185986,0.5428180635669054,0.40745195760248065,0.26009108048973656,-0.1378393244094912,-0.3830188918420118,-0.38982578331585643,-0.29154846703271176,-0.2880917511653686,0.25022638261199454,-0.4775710804628595,-0.6672719865427205,-0.7543938314872053,-1.024778486542744,-1.1424053724607364,-1.4080018906806555,-1.1246702329635736,-2.0500300023030618,-1.2423932076034467,-2.4973839926057213,-2.292664051460524,-4.1894163948662575,-5.741030376051422,-6.0769235052407335,-7.2380451487199435,-8.203674235086236,-7.822662519943826,-8.576965590327752,-7.923501843977442,-8.556754566608143,-8.840129728494944,-8.208879269494542,-8.80114375053524,-8.007697465969866
0.19463482522124997,-0.211464838373577,-0.2533356207753242,-0.24222881561389722,-0.9625184037612635,-0.7512456588820178,-0.7400304319611416,-0.6271581812393695,-0.5428919313781467,-1.0873321619188325,-1.5531844093149978,-1.113989202088185,-1.7045075600288517,-1.5987991722342496,-2.6806277145658046,-0.534532647345002,0.9068549640598557,-3.3236661689609286,-0.1482901163345293,-3.053699520511195,-4.2313741803119775,-6.962867454235779,-7.429910666359317,-6.105095969882588,-8.446546718089527,-9.752511613483254,-9.27472898369638,-7.682177915054702,-7.619290077206912,-7.1549455332678225,-7.8227205617775555,-7.488032125788411,-8.819485896706693,-8.333540355857842
-0.3270881483826369,-0.8950511616679708,-0.6742275242309719,-1.0268817290502874,-1.6695423410204808,-1.3235695515589865,-1.2841840526455341,-1.2420406778418678,-1.818193441295957,-2.377561655866824,-2.418294708631955,-1.9008054700911106,-1.7562941945783552,-2.5019977950405323,-1.718455938479091,-1.8195904005235553,-1.6850590294474295,-2.337571630760998,-1.2199056242960986,-2.4411144334167125,-4.946872912075496,-5.9492110986455655,-7.346819635744864,-9.48901371465208,-9.19273792430105,-11.073246787975856,-10.293390148110642,-10.128015579070599,-8.46840180338582,-7.479954111471508,-8.04671538046448,-7.173596655337684,-8.944976820339283,-9.781509647576758
-0.9469707352255363,-1.5541806978032782,-1.9117853660194226,-2.2336343347513763,-2.193895631024262,-2.079110869282482,-2.3440282700484447,-2.7653568347913104,-2.7116981981972716,-3.189849815752251,-2.9136296976944185,1.1048331153671052,-2.188435247741391,-0.19225910883415456,-1.7125849977537206,-1.836127871314799,-0.4115959223940722,-1.0969121863537048,-1.9131408946027717,-3.181051509680077,-4.271740704587334,-5.738121874583733,-7.137278200108853,-8.509518320570038,-7.349338547503749,-8.204625084940657,-10.102926840177071,-10.861767018826423,-6.772681570354291,-7.406141958626701,-8.81386084911349,-7.363200221672335,-10.239725611543701,-7.768645533326798
-1.9383135220145615,-2.507504299030267,-3.1500947371120818,-3.0308147813148802,-2.6606956772093393,-3.6172697605350956,-3.175826020687825,-3.466424272726533,-3.6664861997370237,-3.2568548095836585,-1.2034816048121832,-2.381617688918989,-1.2432219755999734,1.948656061794095,-1.2935093665411264,-1.1202000901490585,-0.3342920247022752,-2.602797132338812,-3.371810638591708,-3.268370803604793,-4.694926242615918,-6.30391605927008,-6.98866983931907,-7.088599676909415,-9.475585501193065,-9.740961412560463,-10.581247916858944,-8.910009609428494,-9.375938649766132,-7.525081095988431,-9.835861633599505,-8.933349507488435,-10.049303985812992,-5.615172393842132
-2.881054392600246,-3.646348833688342,-3.7052804811057807,-3.7012212142698533,-4.268111893672671,-3.8439829568509434,-4.235493499627247,-3.8487649950209484,-3.150258711960401,-1.726042918615486,-2.0384277752420528,0.24148908673284364,0.4738765410635982,0.040724013508151156,-0.01573842714176162,-0.5315451783494648,-1.8755899238355855,-4.005153583404576,-2.7711707230968186,-7.018522494612441,-8.239033748215885,-8.956583364956991,-8.79350756937643,-10.417567780493176,-9.807823378026454,-9.249257631137816,-10.334913501235302,-10.229699790984812,-10.640419012349026,-7.167453354080754,-10.293258330776009,-8.858002689836121,-8.6757946030987,-3.7726234864160375
-4.062214594448664,-4.8189546398217455,-5.264015137073341,-4.230158203282299,-4.377584560453506,-4.937985223040216,-4.003411481735332,-3.8015934237508358,-0.4341425602224616,-0.9775351187455595,-2.4507066299155116,-0.6450187735008854,-1.7529338128279088,-0.19691950658933133,-1.3744691285284107,-3.645302857076657,-3.5811573878290455,-6.909815097193086,-6.377709825327421,-7.493541173884903,-6.481293822872119,-7.1992102107973235,-8.576504838803908,-11.517076825772362,-9.355795379583876,-10.549217518955707,-9.748077658999717,-9.43411223106831,-11.783573785092074,-9.343528872472636,-11.197613865462191,-9.627664149573297,-7.223047069414756,-3.465990862699983
-5.153651672688415,-5.380525030937043,-4.33231327179554,-4.9220392807929425,-5.594794467861415,-4.686117779650079,-3.1492049390609815,-2.6682517841169733,-0.28542216680708826,-0.218557137720587,-1.5250082199299875,-0.24764656881667774,-0.7177188411227727,-1.6833929389144644,-3.199796168521133,-5.2853934166006935,-4.9874525738982705,-6.017992073750873,-6.67983094634327,-6.852944660906306,-5.496490423029797,-6.917755897568311,-7.930732403892519,-12.14740201012416,-11.000747437154999,-11.725557833015383,-9.471117086228427,-10.818954122474281,-10.821249632674501,-9.535210409269588,-11.518807998878437,-11.326038158408531,-6.374004650058124,-4.2645657309809595
-5.99917622222946,-4.949031121273079,-5.47585162568359,-6.672901246140414,-5.619732613185111,-1.7732478219530785,-1.4735867136484535,-1.3102280522261454,-1.5949914544262744,-1.6485994395598413,0.033645083482101684,-2.242779259119966,-1.3835052879654253,-2.020263989076927,-4.531558578535698,-5.192576972404037,-6.852982884681738,-7.765975874957459,-6.761535951031034,-6.304959742143975,-5.997333900536497,-8.540751740591423,-8.316493285525658,-11.335981025567007,-12.42041095673645,-10.952027742478226,-10.552793344989304,-11.245515359270826,-9.421235461558851,-10.045291573540329,-11.078993488399794,-10.233097979344725,-5.925660004609858,-5.646660878534243
-6.398049236895146,-6.37947487280587,-7.821685756480986,-7.984018997426143,-4.3707305972488415,-3.400113658866215,-2.6069312004175784,-1.3519954365089442,-1.4727519177916628,-1.9753265576841545,-0.7066835610667238,-1.1878689687216752,-3.900383310827086,-3.933950796200837,-4.209534702848761,-4.6432560942602645,-7.162837460163334,-6.347303864749688,-5.707930182766931,-6.216715159550858,-6.969313029232971,-7.849550725206647,-7.940517446260788,-9.764398970927118,-12.311328859379891,-9.967897045005076,-10.490201001807872,-10.851598107236232,-9.479640611645246,-10.988335722834021,-9.562722163469761,-7.0247029267643155,-7.026511328305188,-7.267718690130689
-6.936225465416478,-8.255612329841805,-9.584938878583039,-10.262097876496545,-4.219313787644697,-5.206728095769792,-4.5364649775382375,-2.566391341352656,-0.21104466241169595,-0.6862568436781106,-0.2289522922729127,-2.3427462633194596,-0.624308815578067,-0.5983915500842769,-5.315080582216003,-3.830893760987576,-7.233315764109759,-5.413142229536192,-6.062791067876535,-7.369564473277908,-4.848832457164496,-8.25742429162653,-8.336411042737856,-9.440151411942397,-11.40777309441604,-9.854456745423498,-10.491194036471306,-8.62948078113659,-10.60021802986228,-11.669005590375491,-11.614930396738195,-7.769207757071037,-8.682079369073474,-8.939420803219356
-8.37689226074742,-10.020081663505357,-11.064728039189292,-9.422720915392468,-2.369737460507658,-2.536003168711871,-3.728035172882354,-1.8508969700900966,-1.1729477570829836,-2.1942735469728034,0.42603402307059446,0.014152922928154467,0.06251806666097857,-1.5760426916030454,-4.030847748811722,-8.21485598405361,-6.414639440507858,-6.193875282782316,-7.275530074031512,-8.470855476717789,-6.382252494892964,-7.753677486048856,-8.564512316186285,-10.47014790186922,-10.89962241648696,-10.36287415700534,-11.349596502830567,-10.109446221755803,-10.063363512562821,-9.228702181165552,-9.133163269916029,-8.926333310782647,-10.599268804177093,-11.509582401395622
-9.95714827280558,-11.530832490620957,-12.721209423388862,-10.396914558685294,-6.243358950701741,-4.455238678972324,-0.3085171663526275,-0.8952180385273643,-1.951599336468963,-1.5125080858046653,3.558892107090797,-1.4129016666544914,1.0953215179190308,-0.23181047672071411,-2.1694959248777836,-6.8983608825989915,-7.897628379956752,-4.757961952737685,-6.025994869086682,-4.786207716600122,-6.328664049787641,-6.51307423580788,-6.160989530699603,-8.83758169104808,-10.92494838262612,-10.232579182937368,-10.39865885195785,-9.556847850880493,-10.689327733976308,-7.600360799471158,-9.746456515818885,-10.10985160972754,-12.451803038055033,-14.03480560251932
-11.116313645594499,-12.74014169701516,-13.414493238265866,-10.32614055797101,-6.948584969719829,-5.333272197358587,-2.015468298797786,-2.585960310852784,-3.4231910406708264,-2.357359433504163,-2.172747302438318,0.1536822656253921,1.0974473810386292,0.02556482431071928,-0.7687333467931102,-0.11077827886019549,-6.414354635183526,-7.172576117302339,-5.7301716533839056,-4.44356121539051,-5.483551190598729,-5.484791777829701,-9.161349822356822,-8.863143934739284,-9.799394145695274,-10.807301242056768,-10.31727103164781,-10.435591837382635,-8.199415502812935,-8.925640954373664,-10.71054358372429,-11.360922863083848,-14.01770061643721,-14.49331108206709
-11.977929503180574,-13.660523353309753,-14.0693950561626,-10.977064525206602,-6.640903016680425,-2.7622435160677146,-2.516383243542005,-3.0915434265773536,-0.9797950133162147,0.2693446007366723,1.8577945688569288,1.580756768066366,-0.9728088010134904,0.2120558517000014,-2.6768352623452727,-4.899027129303215,-4.885385684457234,-6.562277375779831,-3.0310731947994496,-4.179250068207277,-6.018528335869604,-3.4656107511118392,-9.54320624089279,-10.191898905963077,-9.54629219327863,-10.20302916536767,-9.864354043200347,-8.354114946721193,-7.400224667651091,-9.606420874044895,-11.423698912310622,-13.103818796161823,-14.17645342054792,-14.5413987899279
-12.487793984621623,-14.17001436928266,-14.478056814558002,-12.186936337878343,-8.10885153553516,-4.633666619382356,-3.1743803082435527,-3.7973807355697433,-1.3635324398660567,-0.6889887718251311,1.7865501091628149,2.193072400004354,-1.3323923068924814,-2.969260725987503,-1.7963265481961908,-6.021057526492502,-6.095797643699149,-5.183456979945931,-3.8575303521614988,-4.946870317545747,-5.616249965281295,-5.957090329316444,-8.738360657521001,-9.53966386790263,-9.019562940472971,-9.778611199418904,-7.363307506607224,-5.281427514267829,-8.42541053596269,-9.23835590645547,-12.359209800064706,-14.15214661105142,-14.235774803279751,-14.263425497773888
-12.865663552651764,-14.293926698815156,-14.833515984026349,-13.018361378114152,-9.09750870674056,-3.330775113753928,-1.5055645687016084,-2.8744095620302716,-3.5884776653289934,-0.8396561026009625,0.3195210090391668,-0.4186699826101767,2.171968592399533,-4.320891791219216,-3.6216113218684365,-5.62266205993347,-6.268453804169802,-5.944942724355493,-4.790297740256934,-5.43960496069946,-5.644400176664,-5.223888559811268,-7.651332074831505,-9.755908403542389,-8.674964240340843,-8.57615752563812,-4.888006376000343,-6.957486095595168,-9.139403721585735,-11.746341316842113,-13.563491141924471,-14.496567574543349,-13.884251602670345,-15.122059495077151
-13.324399115805093,-14.251952773243744,-15.200515339187106,-13.635294361383595,-9.035552289772887,-5.294854116028309,-4.673811227422094,-5.472745422733404,-4.273349330811639,-3.95636517288395,2.992338633342717,0.43265470365861164,-1.3547505882908784,-4.082297528258765,-3.441283033799212,-4.845578509775878,-7.522702241023054,-4.853420793554245,-5.310866943006023,-5.904351216553947,-5.495689328667952,-4.810247089042395,-6.361842861226255,-7.879752924835808,-8.471353628220653,-5.965209812108838,-5.899781752228365,-8.050813116335451,-11.536153985388896,-12.417716958359684,-14.1129364164174,-14.798686146913774,-14.348889223089971,-15.889761954165818
-13.71488922348604,-14.18819712826007,-15.421717510420303,-13.622177922969348,-9.210912536302201,-4.093187142146614,-4.0030351299643865,-3.9408699398049367,-0.3762069022334017,5.275556248084423,3.1702531480907687,0.3298926589077055,-0.7684180501196484,-5.748198835122484,-4.223824223047129,-6.3041608838532115,-4.476984230331557,-4.679053562924819,-5.914265107721027,-5.596039186224844,-1.6767842896174219,-6.788454511486143,-6.639393063936932,-5.50292539386426,-5.817709284474278,-4.5501092466399,-8.167084286113546,-9.630287490661635,-12.369107428039444,-13.379053732178988,-14.066136269344552,-14.455559437850031,-16.358590726220093,-15.427653300388863
-13.858677923278991,-14.230722899704576,-15.390688954034822,-13.71312368412962,-9.79005155290519,-7.42068131602422,-3.572846242673189,-3.3793079040582494,1.0850549843263506,3.33282589951221,4.349355875942208,-0.007254038972864443,-5.407124977882663,-6.8737061719308965,-5.05995918452461,-5.636918597395365,-5.904370031004864,-5.3817946690245435,-6.380758432195392,-4.311981121356189,-1.9639667135286811,-5.01002280319532,-6.614202949452946,-6.9200573799730565,-6.0192734840190285,-4.359335486408027,-6.267657866293363,-10.064829705820474,-13.00202679380942,-13.817302426127414,-14.335134053299038,-14.894691545495167,-17.21831532757934,-14.263093820636644
-13.848257620744196,-14.081930280207981,-15.280809699189101,-13.698239576673439,-10.296396095878164,-8.416677293530283,-1.544916624439643,-7.159209342694854,-3.4510837803043493,4.584910350170456,2.577262220790543,1.5766374290923917,-1.8201947282062259,-4.713165203314365,-6.138266617312805,-6.201488401350631,-6.010323331945355,-4.621413618902501,-5.9624673479987225,-1.8432375600205972,-2.8223552834061763,-4.632301928202451,-6.051835430431693,-6.095723579233999,-6.727931320661246,-5.216800073587755,-5.779980450501162,-10.929100416291583,-13.144243588924917,-12.833502445834453,-15.499498740929724,-16.505391089456122,-16.594398228040262,-13.494494640446385
