script/wind150m.json
[{"header": {"parameterCategory": 2, "parameterNumber": 2, "lo1": 6.000198445256149, "la1": 58.999992894266676, "dx": 0.5, "dy": 0.25, "nx": 22, "ny": 24, "refTime": "2024-04-07T09:00:00.000Z"}, "data": [3.9395886398623263, 14.228536919743137, 12.552584157133623, 5.210982210074654, 3.729133615605909, 12.996139527915766, 4.057497297946339, 12.045643128371985, 11.66829680095175, 12.106359430479921, 8.099646220956268, 11.057440966645277, 13.670114814526682, 5.766133142736986, 5.383548034232703, 6.876595313882629, 5.911248514344146, 7.3307782085976445, 6.831757288197072, 12.070837343155368, 10.853895183351586, 10.228562808581735, 2.6822184664376274, 12.103741562652694, 13.108763243108136, 10.46474092108289, 9.143522062429305, 5.084227809357846, 12.327023930746961, 7.740135071585955, 4.899085147999909, 7.014853474376041, 10.717763189786139, 11.366441209870834, 13.290016597175327, 12.844591991686197, 15.936555084139107, 8.304384158353216, 10.595179811940618, 10.741905590347175, 9.113889923262937, 14.435313843073676, 7.318813645390079, 5.1396095293324775, 14.115640417288096, 9.915884977188153, 4.214219785407842, 7.006169006012703, 9.862519920512936, 4.621284873655711, 7.786813394352962, 3.8486716172455946, 14.858102957061432, 11.059196534012171, 10.21552604323575, 9.707998782254947, 5.530492285413348, 9.907639323531543, 7.583239249965075, 6.260279901944669, 11.673473782784992, 10.053099198566452, 8.009738365132819, 8.097035057195297, 12.865652686035281, 4.485044683348309, 9.867307767938405, 9.109741734513522, 11.731231437434454, 11.309459839344855, 9.602804325027009, 5.094638154452638, 7.614460362418002, 12.863768937010002, 7.330562058462262, 5.890809231843825, 7.2693982410987585, 7.95556867661113, 1.891872473958776, 9.354331879138986, 10.318188314125967, 9.757011203618719, 5.976239828813204, 10.1289384589232, 10.613329797342423, 12.621234038006687, 8.144810906353587, 11.143309620981498, 8.700557953944571, 5.390116078632259, 8.207760534937753, 6.731675011639046, 6.181868765045633, 11.210705255045898, 11.122988120162601, 4.901586275565684, 14.483804230168625, 12.486963548595421, 14.21488439613746, 11.878265041608561, 6.69651928610088, 3.1831953434440874, 7.427554802366806, 3.597991481968745, 10.990216001634156, 13.388225929373133, 10.133323891136554, 5.138027079228305, 7.57824894685582, 9.17346726806983, 8.574660686625444, 9.65671798989799, 6.136581629769591, 6.047660740342373, 12.964957663560607, 12.402540299694563, 13.631098026055604, 13.134605614021345, 5.387866400117448, 11.450977160962163, 13.087264867489644, 9.901126365266036, 10.653264315714022, 6.366989275780824, 6.414642007944175, 4.964075687168553, 7.353806648242112, 12.962536259570237, 4.166276027020405, 7.8872999861551705, 6.375439289000921, 8.255418032838339, 7.1422140472497535, 12.36609852993299, 10.678339606938641, 3.393178559487483, 11.321126276612976, 11.297362781388268, 13.191797304424393, 11.385626585798505, 11.260114349114904, 9.801510493278288, 9.573544924613481, 5.5572914803909566, 12.086187894425876, 10.07584639701495, 12.007408627763361, 11.23105874895225, 4.6209750091004045, 12.300806934663244, 6.796904199674959, 12.084188570783516, 4.581381377691745, 9.295714236199936, 9.79130494261909, 9.515219920185169, 10.100929072004156, 12.75072309424503, 5.705277713385006, 11.321092568745499, 6.512428840209056, 14.422831002091971, 12.335197477720355, 6.497314436213698, 11.788794671831049, 12.529584021007866, 3.53346139227761, 11.16360175499381, 13.076047692436248, 7.596148265193275, 10.706446172007944, 11.488050191992567, 3.6466133257316646, 6.797978075903096, 6.702701463476676, 9.923161136347609, 9.268676693808391, 6.937087514355686, 8.528725198995822, 8.882069962086009, 15.484285935437864, 12.128981310837641, 12.917086174558168, 13.816665232993243, 12.963726019001738, 7.667367749520629, 8.591464193489001, 14.750946524309125, 11.475401891324822, 11.02319065576461, 6.640490834363214, 14.03179886620433, 13.04232268256262, 9.703171949804442, 12.600517711522343, 13.092844828129461, 12.779399037113674, 11.038816888462975, 5.894585859834748, 3.884097307076632, 1.501746706807502, 8.372780927096729, 9.041066703023702, 8.158172541407573, 10.089999565430805, 10.897174542024565, 15.180932567980753, 7.780301523404748, 10.756477716472354, 13.91004438017531, 7.655268582995767, 10.448025722780994, 4.9673638226258765, 7.0855221615894335, 10.304383136758489, 14.566696614086796, 15.512840343286662, 8.24269482255997, 10.045926322791745, 12.422432620531973, 1.47461751095639, 11.902426708487779, 11.336769021484558, 12.620414474387468, 5.459654252863146, 15.53888613901882, 5.357357573790912, 11.961403768254524, 12.484918659848498, 11.49063590884858, 14.477444385792783, 12.693127663942596, 13.003956412907614, 11.787216023390195, 12.67896054859217, 11.017299054569603, 5.731206000968844, 15.52358522342182, 10.412250340058911, 6.963898765215097, 14.68017733237702, 9.420672145476864, 5.769964612608117, 11.900634981000113, 7.408286666580984, 8.00939363827733, 4.998439307206027, 9.783745982073789, 12.434945383205832, 13.404987316058191, 12.743157051302688, 6.095867403033496, 11.935552343037813, 5.421041088367207, 9.429842164311914, 5.224906567357498, 9.048621486725027, 9.277505397924383, 9.623404916064715, 8.512868076146718, 13.476706348099684, 12.392215723961183, 12.441882054643916, 6.212559936896387, 18.142456526407095, 4.397370314824608, 11.983069536644535, 12.11049454754063, 15.98060084838995, 9.807571876271505, 10.294994326313013, 9.896265676800928, 9.023177243816072, 14.512307929423612, 11.12957270091151, 11.124541647725174, 14.137505268910985, 11.570623542082723, 8.786539401592576, 13.422336220882872, 14.815880561649942, 12.806583087859261, 8.045182814015853, 10.265204316022306, 5.1783564635733, 6.010388662476421, 9.852960000230576, 10.596228797844327, 12.69081172330888, 9.521073927617003, 5.618685784391011, 6.330677252354358, 7.52196054195615, 10.703286375359385, 8.30936811864225, 13.54533078970583, 8.987785168430163, 10.687905075770814, 5.163611505048955, 9.677324788371404, 12.306128650117929, 6.941656152351367, 11.598271650559672, 6.950755692085606, 14.110327278908178, 11.523327443313343, 7.619141737094523, 10.812631016549998, 18.318674822244226, 5.950911386102168, 7.494481632169787, 9.542901414097873, 7.691953398702668, 9.680006684609001, 10.319956635086587, 9.370860789992895, 7.515641937281346, 9.825819109724314, 12.319368167988728, 12.874753554866901, 12.63225628833124, 12.400336553793373, 8.906526264683823, 8.55081963066769, 5.100313750207245, 5.458125850155601, 8.01818931537532, 8.789558319297623, 13.372754369158898, 1.7832476274104843, 10.027398245738729, 7.425327530607013, 11.899246529152009, 11.537379281960273, 11.128226827738477, 19.333849103018157, 7.084712831921675, 15.580640283201069, 4.965974109209401, 9.550535071981814, 7.318300085800591, 10.537510524545269, 12.15486184319656, 10.610777207244896, 9.54048625461026, 1.343636769253286, 9.963756084191935, 10.463632310050516, 12.612280209303842, 8.850770500219033, 14.304133236481134, 6.154694292708516, 7.638110901594735, 10.11042775428029, 4.966422278224083, 9.091506735130304, 3.769754244117472, 11.724394035973, 11.547320661993576, 7.8613260216024985, 4.517990478437454, 13.21832602068258, 6.314492979605276, 14.487409518456802, 6.620655148633055, 2.2878931857891827, 5.935812161694101, 6.291753460463448, 2.088072329489996, 15.316868234645748, 6.631944909728314, 12.847665437052056, 8.211487014069725, 7.01162440281161, 7.860299409640371, 13.307406877632445, 11.631893533371912, 4.480706682847655, 9.59771544394025, 20.623595059545504, 9.009809683887953, 9.430711705733493, 13.308515354695485, 12.792017529993792, 11.56329984647504, 8.043184506289256, 12.149503762544194, 4.625869866114219, 4.209752727426871, 6.715375321742611, 13.838917387932279, 10.911106588826524, 8.788061826514246, 6.2370199112468425, 11.701318751492016, 13.633399528711342, 5.87073123618345, 5.669775872436431, 1.3397833390725367, 15.353627475527391, 5.678415518893245, 5.248574262356603, 12.172943059351853, 9.059651443625507, 11.678634486844789, 12.154621964893021, 10.757490420703563, 5.266762709263113, 6.725669230186816, 12.030961871269717, 4.402464899127165, 7.288357789699457, 12.802269567660392, 11.503889810077707, 12.577209834642955, 6.940330087475191, 7.037687281474297, 14.917302249197588, 7.760696539612508, 13.278289061907413, 11.77025265096306, 7.159941129815085, 12.784420617673131, 10.065727676221828, 11.396839840936444, 4.140336361544563, 6.555928451389118, 11.094296880075294, 14.379480556082097, 13.004141320182072, 8.07297488160324, 7.579090408438828, 5.308058081856506, 5.862006488755565, 14.175794058929087, 13.479841271565816, 8.927732564518243, 5.211153935418697, 5.15228101441181, 11.314505419863528, 10.506057513366244, 4.517813568898876, 9.438706720269455, 6.76235371725833, 6.610466358781073, 10.77921266862473, 4.074586274714821, 12.150134565892285, 7.165072770203915, 15.303335042911188, 7.672698035825093, 7.6576443959828655, 10.741809544734949, 11.25966468324906, 6.255439234764154, 12.814103913885596, 15.378410398691749, 12.962240632173769, 10.572101750163329, 6.488270240742236, 2.6091895082455205, 10.563548338798926, 6.425299953415178, 20.57382477173731, 5.198193013979992, 5.429225528114814, 11.769408889008155, 6.9316593962259025, 10.140784489949535, 12.656236124973853, 10.938494457318026, 8.474097151493982, 10.891965453597537, 11.529081100054196, 4.9738773865751975, 9.098634595423292, 14.357710087038623, 12.165924079063712, 11.68851181012526, 10.65665779557284, 7.666571949372568, 12.264143715625023, 12.644877980255394, 5.124675034615482, 13.906332309666247, 5.643345230113665, 5.768797052015344, 20.81959086800046, 15.225051747759537, 12.83325202107488, 3.749384521127974, 6.973161178474596, 13.46878548314281, 14.297659489617926, 6.780558510213556, 7.857691822540235, 14.224764737998948, 6.241429176783751, 12.13954841010086, 4.691088717498748, 7.662500309528068, 7.206156164691073, 15.348415644071883, 12.236690479380265, 10.325928270607825, 14.091947424800136, 4.560761965308631, 10.719242503965708, 6.299062879628803, 8.199149253915426, 10.047751551992217, 15.776097191769106, 9.426133818008681, 15.802763524028022, 8.350973416370369, 14.190826481858085, 17.327561432086156, 9.076725402983612, 9.113138405081292, 5.0322279571541415, 17.239113815579216, 9.164704244133933, 14.88467802935648, 8.973298943598264, 7.280716177476101, 3.526641618213355, 12.206311242556128, 13.164805365288554]}, {"header": {"parameterCategory": 2, "parameterNumber": 3, "lo1": 6.000198445256149, "la1": 58.999992894266676, "dx": 0.5, "dy": 0.25, "nx": 22, "ny": 24, "refTime": "2024-04-07T09:00:00.000Z"}, "data": [4.744346184263678, 13.948945136630927, 15.899002325570457, 3.0175317947983467, 1.1093826813821592, 13.291910499511365, 2.965945202803181, -3.110883109251543, 10.85660040102714, 14.324531543109057, 3.6844760862737784, 11.394801032651603, 13.23813672672508, 7.032747593530626, 5.573338628676091, 10.97261970034649, 7.800426916282846, 10.019991621006898, 3.230623471203374, 17.96565815389775, 8.4083558611675, 20.007939632151086, 7.143627031274433, 13.598655508147388, 14.340442651084594, 15.604214434603932, 9.043467868768381, 4.839866758443158, -7.077540571732204, 4.995645190573713, 1.0682109000471347, -6.121826268237949, 4.981353818285745, 9.065509008297312, 13.318756631777783, 15.814188990332202, 9.137291038692615, 9.191958508220143, 5.005084679460234, 12.89035890243999, -2.3866881516109677, 12.0742266653308, -2.8052268443240145, -2.2319573086665967, 16.021903400301163, 8.069209263345408, -4.660356210443235, 1.5567460375900226, 6.121575853230647, 7.497645175931995, 4.097805525699664, 6.864268385890899, 10.020501906840686, -1.6488730412346988, 7.7555421943376786, 9.251558654576359, 7.841892893407154, 7.661377886638793, 6.6554236610519, 4.171837570100773, 12.514691374843695, 8.54621587508652, 7.193903496120065, 6.599928053257648, 7.841257178907443, 9.451604682530176, -4.791973872268111, 4.8787553594887845, 0.47867989276272055, 12.451220629750877, 6.421121431163502, 3.668380911856729, 4.952090103864278, -5.232562619895089, 1.9562615118331321, -3.269802522933031, 1.5706696640116398, 6.754421419626115, 7.914095480799773, -1.7427013470278931, 7.505582100646569, 9.136226662073884, -0.9472295643475309, 7.690194350536563, 8.63729010996414, 8.75073104646167, 15.6485235529318, -2.37569070797492, 4.266927240082504, -3.657289846826714, 6.880106730706725, 6.744649764844213, 3.528024812943123, 1.4981160805115477, 11.65559701500626, 9.400960421748785, 15.193388339545578, 13.816495179087896, 9.80112593199844, 16.80316031360733, 6.859920422152837, 8.760748899739268, 9.320662842851736, -5.365815629295424, 4.846207063885042, 15.156879465001992, 8.562295625099274, 0.5615076013428953, 7.330621337384785, 2.8932478710238225, 3.924605667170444, -1.3582216933967544, 8.226360766792293, 0.524732689965134, 13.547350562191234, 9.016014869298463, 14.319705235166888, 9.254964304076173, 8.38173523621015, 6.645865658413123, 6.692810241360508, 8.748623041708536, 6.770657687018682, 19.04406773839637, 6.751320915371243, 16.699092022456263, 19.749789067346708, 13.912004267387777, -5.201759166331384, -1.471409445840701, -0.5991674886658841, -4.22749629033691, 4.735638956965106, 12.418574173819012, 8.50296989858566, 1.637093174292889, 6.046812131664291, -7.49704123005691, 10.505599111439006, 10.34379315884384, 16.403591943940082, 6.34242555783286, -2.87532028066059, 9.833389943127438, 13.788292692817643, -1.3465176170839286, 15.211287123916899, 16.662474974196154, 11.505820400556127, 13.75444562917662, 3.53731378803559, 13.786486495463963, -4.636899683823459, 5.937553612776632, -5.022754362056632, 12.259821392977804, 0.43939419682127157, 8.580580560767787, -5.277703369938249, 12.890458059298725, 2.560641673201006, 16.312686065484723, 12.316000586895889, 9.976133948952503, 15.676166102040083, 10.363111396448708, 1.864426932826773, 16.685686676944172, 13.949672093542928, 6.216128285805013, 4.53140240652129, 12.699900199119863, 10.120633416768113, 6.474870549669677, 5.386731813379329, 5.327883156027541, 5.0821269813240635, -0.2942401207725165, 15.763799297546695, -4.794732028063791, -6.778696256739308, 13.546160460868673, 13.68857345293617, 16.148722059659327, 11.704131341190378, 6.789209875695939, -2.2095358607847255, 10.666516442290463, -2.6555794958814016, 6.342061266914831, 7.10918719853935, 14.054944705478677, 12.642019162147957, 9.356402085681712, 13.437563831247727, 12.406135784586269, 6.568551250685444, -0.4840543287486479, 6.9016700327317055, 2.0311190861754196, 6.28246060482174, 7.179731010582227, 5.5175816232527275, 10.25724360509234, 10.07614295137741, 15.620280115608765, 3.628969702405805, 14.204141759531195, 8.361879927206775, 9.712766624807431, 2.390022638501105, 7.189161533666848, 5.875094115099165, -1.2744115820612583, 4.582336292349894, 12.435624014951653, 7.897164991521239, 8.5550012544254, -1.2764790105062633, 10.50759514679596, 5.165640847960969, 5.663983215695012, 7.589944578036075, 13.927891885009998, 5.017447487537927, -2.8911889781127433, 7.716126199113415, -2.6900890006214975, 16.191413759123755, -2.040562704953801, 12.581071221846674, 13.74192423168233, 12.553306300633112, 11.478433593801546, 14.277589461817751, -1.797133815107879, 4.125445709430553, -7.114929324575304, 4.601540207050744, 6.834152412859744, 15.297663426735115, 8.250031810823534, 4.974451762952232, 9.955665448454631, 4.646056838764135, 0.5946300433223319, 7.952357556750985, 6.147342046316435, 6.715499386940205, 13.215305564798216, 10.245012836298262, 14.52760184858822, 8.951829612360607, 6.477030435579711, -2.859378633898572, 3.4867269817479936, 12.426349857275776, 2.186956144030021, 7.9391827767649055, 17.193022113235127, 15.216087972717792, 15.374735075119483, 16.135313079102964, 6.087485268506306, -6.018480102120728, 7.190623353922269, 11.590114375623617, 14.45371150168771, -9.089864582606518, 17.656063238260572, 9.36330735402326, 7.847761099581626, 14.707080001697632, 13.48860751066828, 16.51100339212783, 2.4817644384401665, 13.213653911789685, 6.351202866260421, 6.378510874599228, 9.233559101163284, 15.747358304170385, 14.033152465791693, 6.482482752657701, 12.046125669994117, 7.884565324552034, 5.631774369494988, 5.99117528181913, 13.478003052776224, 13.267384339553312, 4.933728484221312, 4.0575051261766255, 6.537063459764624, 8.055854839098616, 8.44400670936292, 4.523576415734534, 14.077475687812681, 2.6433714231750995, -4.9852367383488625, 5.120905649517548, 7.369314190822413, 10.223339165158064, 4.348630304279544, 9.021321367658743, 8.205196897304393, 13.584184566352974, 11.475342030949793, 7.236894034008031, 19.88358602761978, -1.2448929864274727, 4.8667773137872, 7.022290452807861, 20.220967126310793, 10.405466965179677, 10.402440513147877, 9.175197555725326, 6.243219564755764, -0.42177932216207265, 20.397149155651803, 14.912207068842884, 14.173139471802893, 13.100538390438897, 12.261243292385942, -0.525337283631309, 7.5587305218255, 3.220390202079284, 6.390690643977115, 6.538367350107399, 9.456707062506188, 14.035440688477863, 12.393959601472208, 11.629726933912043, 7.035502408390575, 9.047250995081162, 14.584357101226676, -0.2710492574943879, -4.5392807676993545, 6.670583225213821, 13.27462293397084, 4.909243397822636, 4.954967498804633, 5.9079233869358925, -1.8384215529080277, 13.150194717998426, 5.430591006572292, 6.189046542509001, 9.387903316619369, -3.412781592724259, 6.902083345000417, -5.8793028672069, 2.542153923295599, 10.289261981648988, 3.241978995546589, 7.2129912364135835, -5.630486925505599, 5.3402553210763575, 9.384168465379812, 10.421979321501054, 8.422721149214796, 6.003840707334077, 4.369309511292423, 3.3920770225466943, 17.814842255946104, 4.846793641087852, 11.653714777798395, 6.199064232839801, 5.233663294343521, 8.085823514702078, 4.4640575838511065, 6.927169848415428, -3.2080237602958492, 6.573934770074495, 13.562110352631615, 7.5849539574925595, 6.635576417558134, 5.743592103725715, -7.868130078625435, 16.072336672773567, -4.362130510261763, 4.874025247058039, 9.362092855010285, 0.552168498765247, 6.799874228305058, 14.32066039873587, 13.812819720644285, 16.165166131099085, 3.4178436828070913, 15.207586373262801, 7.555257320070362, 2.1858364955994563, 1.2250827539807887, 13.411754691058206, 11.824391752169827, 17.533100777389237, 6.975947758967154, 13.477120779074848, 14.070851755910933, 4.65521911441298, 5.634957995262593, 7.183006328673847, -3.9984827804119187, 4.819613397663442, 4.932983013208063, 15.105170995957012, -5.663304166301768, 13.500045013271064, 10.057528076591948, 10.562736998136517, 3.4760301813338965, 7.824751669649373, 13.450143608301298, 4.244142263794529, 9.053861963894045, 13.751521746577861, 8.26130158283162, 15.275090174951686, -2.407860965412491, 6.691597715148243, 12.578575752626787, 7.227355882792079, 12.449594619784893, -2.5381587922983795, 5.600984362473661, 12.438384016890232, 8.900578102937756, 6.286512940166793, -4.734537200653602, 19.05053411410726, 10.763663661232627, -5.393891091990815, 12.123453599370864, 11.474505186640698, 1.01618644646119, 5.887014573300354, 6.224238150349767, -6.800429994512578, 13.008885255021221, 2.478414960733893, 5.81691742270092, 2.951289231660548, 9.703033760911719, 3.652769359926568, 11.979350827144321, 9.957733327299856, 7.486648130113777, 3.025507666787741, 9.647956247115433, 10.257691641022534, 14.948697347665652, 6.761367568645101, 13.24897873695809, 2.2380966703329035, 12.267193536122722, 8.958704016971629, 11.016211977508323, 5.468833391293951, 14.170177141183197, 15.260725203934884, 12.06890382891684, 7.236938167102237, 5.276624117341379, 9.395787522375045, 7.273192913768509, 11.431562622358735, 3.401851642923809, 2.956236991444554, 7.431703968414523, 19.95967951443405, 2.2423492014033, 8.457901215627492, -4.244842614493185, 8.786938715139387, 11.714481555204149, 5.300290622038525, 9.769806004248167, 4.00961158266905, -5.53717856510384, 16.33855281571364, 13.758023559093052, 15.801934220514479, 10.135892023834346, 7.058187187859251, 9.236581237518328, 14.355426514852962, 7.514276801651559, -1.5087213969650743, 6.737438936430622, 15.616569199280553, -8.672521829481871, 10.893582011745693, 12.747537517212585, 5.683830001273997, 13.08206730659671, 13.016218343426583, 13.610302803929937, 2.904287196382039, 6.1619853171396235, 14.075518141474792, 4.000186763203558, 14.763921449561476, 0.14376245585912056, 6.903370268104201, 0.9843753842941634, 13.753905932956147, 14.578344020005572, 13.89906679234402, 13.644753470121447, 3.209059147252907, 5.2261370625866155, 8.727089427623696, 5.125706142772609, 7.376794701439823, 14.438460248267507, 4.798129137754047, 13.287021205940178, 1.6794192303914734, 6.672635837110004, -7.872074251856454, 2.4869478601608677, 11.087071408208715, 14.187651944414997, -9.896240269688494, 7.362236145426423, -8.538612059114342, 9.712567495135653, 5.689697812111664, 7.084647803424144, 13.822115742003895, 13.661503643935804]}]