script/wind10m.json
{"header": {"parameterCategory": 2, "parameterNumber": 3, "lo1": 6.000198445256149, "la1": 58.999992894266676, "dx": 0.5, "dy": 0.25, "nx": 22, "ny": 24, "refTime": "2024-04-17T23:00:00.000Z"}, "data":
[rows 0 to 23 of 24, columns 0 to 21 of 22]
1.5323702003365682,4.152126471663808,0.24556148990053628,-1.4107926342643566,-0.8152662255403954,-3.2102938702062893,-1.7416363439590161,-2.324603749015535,-4.626428806010672,-6.856892544383331,-3.6408304742871365,-0.34281239445834566,-0.7524396177918653,-1.862222138439962,-3.9811599316996937,-5.501657717105974,-1.955608580594548,-0.37735734826218803,-1.4634437869514658,-1.2454095416669104,-1.5882742131812053,-2.2480124854534025
1.0911878502071137,-0.9445913799301722,-1.1324514203984708,-0.9244128914530119,-1.6628423084596364,0.06029582373225514,-1.220843803087125,-5.061857355225511,-6.627063019850859,-6.762062373642118,-5.422971818618331,-0.889200223398815,-0.7814383497915727,-2.0120788959420954,-4.621015964919848,-4.618128706138434,-0.1693608347392069,0.7249006184268206,-0.6910448268163913,-1.668552657174765,-2.26757780961852,-2.0971024657887107
-0.9182407532599426,-0.30049537938973797,-0.9339165477274408,-1.3701131866429184,-1.1422358842042264,-1.0719304245120296,-3.444574484261008,-5.335092565986587,-4.986543469222013,-3.6349129603977954,-3.969405420504851,-0.4711820651366271,-1.8067232944968101,-3.478715610900175,-0.5939806584849702,-1.077527521705787,0.16297138724819565,-2.1502242598156607,-0.8333683659770789,-0.45496909015548037,-1.2507230087198817,-1.8298217228159568
-2.2721985290876496,-1.854883452891313,-0.6899688102490991,-1.235805127867276,-1.897110745551913,-2.5093997613498407,-5.670393806705247,-5.234052687527321,-5.332117463236294,-3.9438287827814107,-2.7515291216653393,-0.03936722976791774,-0.004071106147372298,0.40135225676769365,1.4251233870689375,0.589689392952024,0.3363084932993114,-4.355015149518299,-0.30405589248398135,0.336231909270765,-0.35134144325004785,-1.2240804639164964
-4.811274380249025,-0.7601226421398052,-1.1486585666611249,-2.169232764135468,-4.579023593695056,-2.2778425247596554,-0.35496604180748165,-0.7569853290445058,-0.7242869365477363,-3.0077576459239665,-3.881426084737083,-2.9985068741862158,-0.24431402151789397,-0.5703385402736619,-1.072891318257824,-0.9556919060653292,-1.477340228850113,-2.830664835894985,0.6286140791035908,0.7501473514996444,-0.5086922105457036,-1.0960345210262277
-5.316599589192964,-5.610114418388453,-1.9736434780476746,-5.500403096744778,-6.3975941329311325,-6.865375782555782,-2.838347208716174,-2.966928913090721,-3.8129020165364866,-4.564441024621351,-6.839095977105025,-7.5451540925642915,-3.370518985733611,-1.9154569495926819,-1.982947625723551,-0.3889528315442543,-0.5250899065896041,0.3352154263787926,0.8081623515681782,0.09481737190209671,-0.5167103941813448,-0.5775836262351971
-5.024003248813252,-4.5765708430846415,-4.709310369281143,-4.975446311642264,-7.439749150209146,-1.1109707372228455,6.6762641273535035,3.458712288564547,0.17470700345320578,-4.06705040269353,-8.25100761752136,-8.590846858274128,-1.6029974437013517,-1.3983947190478059,-0.6215729845265404,0.5109640194147659,-1.1941717440703667,-1.0756298763035868,0.14037141987371957,0.7043843543965776,0.1014863078763336,-0.5632390629919231
-4.458537077154104,-3.6535237012885355,-2.988268428096644,-3.3121552577277273,-6.716513787916701,-0.9055806795812537,3.3096375567761207,0.5781425425265471,0.2088438667946254,-2.133603323042611,-3.545954928994743,-2.371821363103167,-2.69189059672589,0.6496747494988889,-0.19744647114219208,-0.8413396002259395,-1.1684050996092314,0.11649076112169583,1.0521055567086202,1.6196094905929797,-0.2837775284342107,-0.22527633482813525
-4.502089172856075,-4.5361383729971445,-3.879771246559769,-2.927659038034021,-0.989346483968764,-0.26925319082401666,-4.619039392144233,-2.664047740560012,-3.831576656103119,-8.417517753753778,-10.442124093046383,-3.167904747293534,-2.386161219912627,-0.3612205501153347,-0.03287101198804014,-1.1837924044452521,-0.6104013804111934,-0.5332926739036722,1.01898660950064,0.4774772859945553,0.15655335876393414,-0.6709626732722689
-5.720692225820787,-4.86799339849003,-3.6046261193291875,-2.63043586231895,-4.070463563703553,-0.7447617639982458,0.740948665761674,0.7951430481353574,0.24720049972353814,-0.3931090879656564,-0.4305387989950257,-2.4985238722763263,-2.7235418766695645,-1.2619362942220578,-1.3323834029798185,0.03237096809312103,-0.08691431854517352,0.7602540419626858,0.557960886267071,0.4113399683450949,-0.11484688367996519,-0.16513614100854695
-5.694176181989597,-4.746166408417315,-4.313911422155802,-4.741385463562075,-5.088079140115388,-0.11019384072030336,0.44373290928142095,0.6245466111366133,-0.2566430414097441,1.288789071062056,0.08322589321774602,-1.8700523590270557,-3.4220070702728216,-5.244213949477138,-0.3359148214668155,-0.7586085788074369,0.4078413759045796,1.4177493031235278,0.7552808910286636,-0.3258334737546945,-0.5462466023891739,-0.46405370728898687
-5.895396266506671,-5.309502148249598,-5.051826948199054,-4.374694840529163,-3.477647276438018,0.44955494007031394,0.8388215881291533,0.7234783435902229,-0.058606185910564546,0.23711235441827372,-1.2111727199610283,-2.335946284701582,-4.178652675461923,-4.659359146728114,-0.638036585958806,-0.3739162221438774,-0.4256206221528015,1.3440944005824444,-0.30201816446753044,-0.6663616331169523,-0.7131790064923196,-1.5362299764241296
-6.452627146196134,-6.572954733194139,-3.5914590675233304,-0.5620061718415232,0.32120680965058296,0.47789436820688846,0.665219857467277,0.7875478570612092,-0.02201931421377222,-0.4958565729058945,-1.2000043200050527,-2.3316889493966695,-1.5973763569443835,-1.0542197626399599,-0.4919208546649665,0.4065834211282568,1.081114191101417,3.733101991328797,1.4139674512855456,-1.6683777785839946,-2.481042820440666,-3.793026967165523
-7.6098890837552995,-6.342059969476486,-2.142858565243961,-1.446990721822245,-1.2332169755905094,0.2720554331793515,0.3659815188058326,-0.7976524629635385,-0.812905721165186,-1.0531458417347024,0.8766514371360355,0.4762181661293045,-0.2987809200118084,0.07315782701908372,0.8680661197038898,-0.0016197630575733551,0.5925229925021739,2.773230363486255,0.4325337509883025,-1.8472543097918253,-3.8697817931261125,-4.523352171435072
-7.181188783900042,-4.909810673150414,-2.882939291677674,-2.375499834022873,-1.932143412334904,-1.2304269227035964,-0.8072186347830602,-0.678003806939597,0.73510093513925,-0.6919682226212029,-1.227148781703246,-0.36911787555047726,-0.6221650594118661,-1.3792597763167875,0.4229359116605529,0.6822504041685453,-0.0725508366243262,1.7251707344119667,-0.7220265354102932,-2.5538513520061956,-5.313159708675803,-5.0342441619597595
-6.395550627390954,-4.904617485205098,-3.88186917909811,-2.820818818873222,-2.8722303898370822,-2.4970747486638323,-0.6765772515226509,-1.1478379875049358,-0.8010851680597691,0.500871079295207,-0.3829408842572264,-0.764305539421043,-0.9946457695448836,-2.345851467551105,-0.15644318274068272,1.7814907203199444,0.2673825328123928,-0.007173313975750546,-1.2643541766561852,-3.977725692266969,-4.784616904888597,-5.296804173453417
-6.467473618875908,-5.762984667592444,-4.228691399534864,-3.898894496088574,-3.3572497255900027,-3.516841771266766,-1.2824647845025827,0.3228787259146767,0.9904974370821065,-1.2703941364886295,-0.8176986899125858,-1.075823505544985,-1.0179477398532855,1.0486876218225365,1.704413663025344,0.3004147156228503,-0.9342255591011142,-1.3630235841339402,-2.476718448901643,-3.3488074891231867,-4.640175162088745,-5.467005444867424
-6.394176464746976,-6.072041333420412,-5.131125429203057,-4.888952919159737,-5.40796843543519,-4.822255974771924,-1.164513306175305,-0.9863206414338034,-0.049785559902512586,-0.35849754395731026,-0.41876285787771084,0.054217322560559514,-0.4421273400097956,1.0648484850967468,1.9814767578770045,0.5564766181661411,-0.9386970432193833,-3.9497032131872447,-4.412372170946227,-3.428752332965956,-4.431364673900899,-5.712995455439541
-6.501124499871132,-5.200024829670667,-5.830132420638296,-5.616299738439155,-6.160208036881688,-5.945056198255599,-2.182171320835655,-1.0600853111303483,-1.0920495622412871,-0.9561642642888317,0.15068636184916565,-0.7557886142974546,-0.7751374164337521,1.377339986530322,0.33033858537864735,-0.9938458728021979,-1.909544106859983,-4.277636553947889,-4.2443032946659764,-3.6988630664127187,-4.669923421646771,-3.410353817175607
-6.118918178169983,-5.770487296650411,-5.9843105193494734,-5.937787840905107,-6.615332449830279,-6.792365796561498,-1.3757261729852726,-0.678691131280955,-0.34626287587151194,-0.8001669626293689,-0.6398101021870816,-0.460967855425263,0.6597996779418742,0.14400073627002177,-0.6388060902534219,-2.3740416659834103,-3.022400471508215,-4.345146063742076,-4.058107583614536,-4.31195224734245,-3.3032757909227177,-1.1172921755504712
-5.595693183500659,-6.6920989763975,-6.6259758676653515,-6.012487867687904,-6.585660750039317,-6.593261853729041,-2.4229102776166473,-0.4524404569290929,-0.603368192603893,-0.7078802051366567,0.6024640901491439,-0.10785359205128954,-0.7551720132692653,-0.6343395713781668,-0.5922623123400877,-1.2215095176505724,-2.2750143433872885,-4.273029536344416,-0.35885472632314985,-0.9859927088161583,-0.3780407360269881,-0.9859636712198943
-5.821050078994832,-6.8235197938911245,-7.171394946341495,-5.705058384290004,-6.612239364283106,-4.480361766852994,-1.2512521608675649,-1.282731066476772,-0.9547211443155724,-0.7326919993382882,-0.3705299892789233,-0.917965745090777,-0.5342354840246194,-0.13514061637322955,-0.5013653977532706,-0.6279300693368447,-2.217876265739718,-2.023355788225012,-0.6305525178805244,-1.1008366299911554,-2.294356660099345,-1.0884771346705697
-6.57410944825522,-6.994841937059454,-6.6151854894363895,-0.8676096034418934,-1.427757701789005,-2.617899894175054,-1.074819585734247,-1.040393074593973,-1.3806450436656892,-0.8993040150769546,-0.7699560395697829,-0.9499826105007008,-0.8111219671722759,-1.2459468469722685,-1.0184722506547292,-1.2090966661003735,-0.5345283471931239,-1.1325331205940823,-2.2750763859395646,-1.843206968153199,-2.1136672073807254,-2.30173164126602
-0.5745423191576922,-0.6904900996100625,-2.299533936275431,-1.4063778200413888,-1.4120941587533338,-0.6620045128317454,-1.5666274405012595,-0.8865213874711291,-0.14720989894576608,-0.9060550426479886,-0.9402096528442598,-0.494696970787148,-1.5884226403125368,-0.8681621554053245,-1.2324550512995667,-1.5201249406199742,-2.266138874097051,-1.2035842596135407,-1.5213810365854337,-1.1919993071894885,-1.3764640942155186,-1.0349842592162166
