script/wind450m.json
{"header": {"parameterCategory": 2, "parameterNumber": 3, "lo1": 3.000054539987559, "la1": 64.9999836372058, "dx": 0.5, "dy": 0.25, "nx": 34, "ny": 52, "refTime": "2026-02-02T14:00:00.000Z"}, "data":
[rows 25 to 49 of 52, columns 0 to 33 of 34]
9.549490491456416,9.28007814061713,8.180792655455807,7.6537857604917825,6.11283205833431,4.0410506620832,7.72595717539734,2.82194764591598,1.2178272651239073,-1.5935916778242283,-1.6177986797701926,-4.649920915356387,-2.3819049576886036,-0.042098410191772656,1.4098639568446647,1.7882102613000457,1.55800334612909,1.635156620509532,1.8183269576733294,1.9015678989369833,2.9482681711172694,4.061289758947487,4.346773609872999,4.363132658860429,3.6531999410702007,3.8701342530449776,4.669412060954474,4.757650293776455,5.354443012403002,4.883535112582362,4.50088549984219,3.44392684971312,2.5422026976546066,1.0491785508778722
9.793255505001959,9.08014012314399,8.398717091430155,7.908908970192322,6.580155918340385,4.919159636955609,2.014624235350021,0.6930787639487721,-1.3626739945075312,-3.6715398263136296,-4.2013756349218525,-1.927864498981905,-0.7836928229617798,1.1217384504556267,2.0704151795197525,1.4782518568821834,1.1985860243676398,1.3311018119780604,1.5583268980162062,2.6667272258956856,3.7350094822657476,4.1886343604729115,4.241561715920631,3.7282257069900675,3.68414722314615,4.148610805089607,4.293570015084236,5.008220086937964,5.648522192518231,5.569183177246089,5.08302415062768,3.824850549233946,2.4881627652447,1.0224083791676675
9.712611701665974,9.523373923933269,9.647196546389496,8.506368598117053,6.980170848415235,5.412902026094753,3.1766052397205082,-0.874258638098893,0.3802670037445136,-1.0552218954655164,-0.5263668056132836,-0.4654629270862902,0.8001546708323963,1.6633812898717415,2.2802879604808006,2.2524861654146355,1.8296023949033653,1.5570380773870829,2.2362404622959637,2.852866091474112,4.106787471344445,4.511513571397704,3.8775620475972925,3.7714284855931224,4.254102744838007,4.401337752736876,4.688693294152626,5.354707351384862,5.67950171080758,5.485405884506526,4.8401901539432055,3.931118323757001,2.4528551300055366,0.9591628653665893
9.424675865997074,9.22248714822049,9.356339727879348,8.55648122245634,8.41506980269055,6.941371886010957,5.643352097503544,3.675202782087968,1.5549647277355643,0.6174126163031134,0.637971291131233,1.26597039931671,1.9083561414428503,2.9412742425369416,3.482333800440092,2.8996125922953473,2.683280974029877,2.24308396219928,2.6133493616634738,3.382736722787099,4.165671688018531,4.406342942643062,4.344686828914022,4.695425765047375,4.38822180681082,4.345979806430763,4.524226682688815,4.869118480301781,5.335811620332203,5.908646801817415,4.5113120204672965,3.5728092957189213,2.4912365024668546,0.91757609394722
8.590227045310728,8.606504100870808,8.526262655182236,8.136869394782455,7.702549266135445,6.995111391687317,5.835059464426488,4.753985346726547,3.963981914431203,2.625030581378294,2.9218146338745803,3.0545105817573193,3.4037519499213946,3.980686116307689,4.479696065083424,4.270012421550571,3.3259407747789416,2.896068076972189,2.873859741400633,3.9551304166226093,4.548369732234437,4.561187475849073,4.06316423948802,4.486252987212511,4.487643512429528,4.622081078075696,4.412136393766447,5.230078878591562,5.847408832437139,5.469422250260667,4.508668864981573,3.7807654425072403,2.5383916444523864,0.8140169300907348
7.658627699402544,7.8335992198801465,7.599608292037492,7.617985734911556,7.320678311301049,6.910974032362243,6.280840177766187,5.352089256279424,4.431713347592155,4.079013826333107,4.433394231640783,3.689734935301127,3.4056595905727156,3.1662677315591243,4.111939374587018,5.480222433611313,4.254254686473226,3.4216722505569086,3.389531317651091,3.689552381259318,4.069662170985278,4.289979837858059,4.266353187549596,4.415362034168522,4.232717091795075,4.251703161837373,4.297354803465686,5.0611922446580735,6.328138974659442,5.668477924937191,4.394054767858402,3.780121170292726,2.6103410009680594,0.5748983127307433
7.248233165900877,7.142418628170749,7.09815960011187,7.12271610265621,6.9527165138270455,6.591220730127554,6.284515072303876,5.591033188711847,5.01735490378104,4.494579424424681,4.636472559077907,4.734094026605248,3.927214026047991,3.467875517113572,4.492183775132937,5.444205661624932,4.703619541758087,4.093611017886061,3.324574927075406,3.701028027557045,3.76632026308851,3.8609696628258923,3.9055652104762557,4.194740841387946,3.9269914363218295,4.226226859671942,4.444752526935088,5.605166728325015,6.303788718530603,5.813604517921672,4.519441330298673,3.807467310382786,2.5004124766850206,0.578832259385519
7.153577597078586,7.042863386514728,6.675728440671848,6.463485487839033,6.446740863224286,6.127383346487491,5.829766201099758,5.263782342897416,4.775832156982382,4.388798241541508,4.192225272202957,4.60113049387239,4.339533252490082,4.731670422024521,4.769868360055144,5.3895874279099445,5.403653254132602,4.491882476861708,3.4131954638973983,3.1278633787335735,3.5385140336473855,3.9430581882902835,4.04614370111216,4.070940644499754,4.009191656662856,4.10153258712021,4.291190477270759,5.139843056956505,6.1343672294493246,5.9281868301680785,4.802915267348267,3.9974435495807894,2.4340504390636806,0.5592392671514234
6.206592273304416,6.5846042117472665,6.328744053373692,6.186036396278798,6.111748994990064,5.981752339851661,5.797759807123954,5.201333708511419,4.809600307705796,4.49803732890244,4.150997658982764,3.8931925173651507,4.445174179943291,5.3658473649033045,5.678549937662275,5.856011293817539,4.843579773094372,4.8266028755426955,4.321214385643482,3.664080166761723,3.144566483168092,3.803824216043024,3.8322539191676017,4.0260743563786265,3.9779573407549975,3.8088658866992566,3.9651975477408503,4.900231453154249,5.871275794693603,5.750493759100451,5.100070310991704,4.082573619991731,2.3448410997730824,0.5458329728855488
6.034752495461127,5.60870047397529,5.832340270830178,5.8899388383854205,6.219103910309314,6.448296318724743,6.086242197331591,5.9272470009065215,5.294447961661683,4.399249598090336,3.7972035269581284,4.033112502344288,3.943515028564708,4.549355767212966,4.999386008190802,6.915886699085984,5.251105131160692,5.285093054925174,4.697330844356277,4.1640019698988855,3.917749827575338,4.1365240106162275,4.174167694136764,4.106386921680195,3.8375353167344057,3.5335151358150583,4.322311476704056,5.02144738432063,5.84381965615918,5.853071594408787,5.200047969592,4.168893705450125,2.2638455695958557,0.6585403015335076
5.507057282593644,5.669271431646677,5.352838943098062,5.473392263486163,6.3080151806149205,6.717131043198542,6.646330044461002,6.305656671537502,6.054583720638985,5.175685764889045,4.4160119704043606,3.5497530182443477,4.0473215043630795,4.925985742116815,5.413766470427379,5.023732278148975,6.095999342642875,5.850862020032815,4.572571717263432,4.425853316490948,3.7862670951359476,4.50602907460115,4.157173597615653,3.8491195222444214,3.2556222459086714,3.554344063758981,4.241877408956359,5.381963294588814,6.0184955888286655,6.011061273929938,5.459725261743874,4.418841238758822,2.712614718052072,0.47591274161424535
5.606862323880968,5.663258575639588,5.25844064915961,5.403793738951629,5.928265927023413,6.416344335096819,6.496517373960061,6.049218262207385,5.601138944903214,5.286789433861973,4.262387268970434,4.340805387435882,4.396274340079551,4.056818105985367,4.458215899413042,4.893005121612415,5.180261953480254,5.4205177251240695,5.488574170766202,5.412506571560927,4.08478588891257,3.7109499583812093,4.609754211641255,3.9938342936849454,4.011630544311951,4.090542574009493,4.494305716721631,5.184625665063668,5.9895658179718145,6.280330574620529,5.690511811415583,4.633234689257341,3.1103784104783987,0.8447024320769643
5.6877201544873675,5.399293715789577,5.354281991233189,5.3588995399808645,5.633994284517701,6.046809935121298,6.347356485475413,6.218360996037289,5.534517027257173,4.1799238941490025,3.9935026962387288,4.672917547566268,4.706901384900927,4.462468217350851,4.89288124310192,4.085498902336175,4.946087981387812,4.901394230644719,4.981976613760258,4.471651444374458,3.9018829767989223,4.123257014088664,4.077714084453245,4.435051372704201,4.406336033489835,4.633255985837341,5.196739243226611,5.61038986083496,5.749514279819295,6.342196014679346,5.920473142642584,4.9182502846948335,3.4213507914165064,1.3745070306920872
5.316848492976138,5.154270456443723,5.059916756384727,5.231424152060382,5.256949437451407,5.729451241780155,5.889520953681343,6.037398969204149,5.533107562849543,4.811586335664571,4.134202835841801,3.965568514209705,4.308481519096459,4.0728544211138935,4.873728015810624,5.500233942636717,5.018557189182688,4.782072312700369,4.5988589119067385,4.068760912409126,3.7108009028937357,3.712181966172953,3.312483326731408,4.251854584894823,4.446876651953045,4.8282709605974246,5.2777883497834415,5.519907944690009,5.716699281836483,6.04467341697936,5.879026657191102,4.849429574829894,3.6801320654981104,2.037386797244015
4.821568400919902,4.828145331254199,4.9165412596311775,5.185020956464467,5.708298526699954,5.451989769390032,5.257648803097543,5.3233583913684965,5.08607493420704,4.7538059325843935,3.908437158549196,3.8463651561903722,4.186744860361775,4.500065292760878,4.830017120850975,5.4880094237531525,5.235236561833516,4.070041995588694,4.5085389699115055,4.50174445645363,3.971121653312613,3.414054466231568,3.331306881637689,3.7785589776056976,4.978658726738264,4.839706852539157,4.853166684637,5.309937841491371,5.77030568680921,5.841806314862307,5.823975038712285,5.135861253972936,3.861620303540091,2.2741956399952254
4.9377845986599445,4.863098171036842,5.220402439241313,5.444627421847795,5.126310401600641,5.151317787242728,4.981066227441669,4.948003698211738,5.0199768280491694,4.495159991728245,4.185359317938336,3.9979038147230477,3.797737905522347,4.166487780136427,4.603968190894678,3.47412322519147,4.521877323498889,4.276131047963142,3.9383115813866048,4.214771239509847,3.8247067131004213,3.8000891917492563,3.9185964615551256,3.9699706298800805,3.530164573549081,4.473010970803367,4.995048979334559,4.796956718229735,4.601163542185548,5.465574272482548,5.598114157282658,5.4951314571007055,4.440398636423503,3.1599231402681744
4.4954630863203295,4.8093266631108005,4.780812606357944,4.948755522710114,5.15756809779832,5.082797923605334,4.960727425744553,5.170881200311489,4.693755648896975,4.254990743786317,3.9725209223619182,3.532938514528524,3.27580634033515,3.6669543550937447,4.462162192587124,4.514991203486861,3.8611865886093155,3.4858162820254814,3.3303232619407597,3.758217498325826,4.044006747199631,4.115231071529316,3.994400895025872,4.034087091258442,3.849119419452578,4.1444052497628014,4.2859648460140445,4.9501357115086,5.454356674756097,4.990637157468801,4.834772637599774,4.725222872290304,4.9781193489954445,4.401582969969459
3.893432726584498,4.0338724194489455,4.248909924802852,4.650989091491291,4.842135534080375,5.073324969473765,4.819655050818489,4.46030612298278,4.639888208774923,4.887623966871955,4.443093456128082,3.6911820107876183,2.453717802780619,1.7362744889997852,3.073139403063039,4.172890655476546,3.8505255828064078,2.9694968274856293,2.942798139484401,3.728103304523378,3.4975595455413084,4.770711708365796,4.183187973999965,4.137084100447787,3.9171002556759187,3.7087255606336296,4.297639380337305,6.895547543008999,7.4950800281020635,7.727417443122871,6.552479301843726,3.4453469123662135,4.5025190367317265,4.760952081280219
3.9103942983859263,3.808492517564552,4.185531206639284,4.120807139948007,4.44610079319227,5.155851391077623,5.130993624968132,4.8773879355037195,4.760197690383192,5.18588977826899,4.202720473832465,4.304793169156163,2.3124524082111124,1.9879748362722445,2.6372826693858267,3.07480350405958,3.1163203867418647,3.014548326061106,2.872674637274047,2.6696137725758007,3.315638775442967,3.5239234545496267,4.10379360390799,4.140727785687914,4.203632650430433,4.122569024215326,4.193343930631423,4.878409734147036,8.964033198411082,7.423127507486549,6.7491190942751205,6.1823608519265045,5.934191550192548,5.122187646163675
2.6736691927832408,3.3181039376917933,3.7382942735137403,3.7431711711142825,4.539234426881257,4.789795607582896,5.338628799262264,5.402752265647033,5.93503732051426,5.850380591533143,5.459745343922355,4.4733164583540015,3.55307084751889,2.2701057474496578,2.7843826634846307,2.0834821472419605,2.6692504624149045,3.0130150171717296,2.322451332169891,2.1570557997422766,2.540996952653314,2.7286770013430064,3.258060430846734,3.849535467312667,3.973844555432902,4.394239567075796,4.3841127363504535,5.4710616678888435,7.294859155765711,8.058424713976269,8.669330449765848,6.907943690078293,6.27342953385023,5.603038822938408
2.2451126490091364,3.600009125076972,4.659498514983889,4.764465510642706,5.223553008400509,6.361263582518624,6.322962484684388,6.8431121121815455,8.298308572167624,6.980980498831656,5.408444139197547,5.94827473605291,3.6494909216448312,2.3305765966107423,2.093964919463099,2.2317230052677957,2.636347858098879,2.588017679627551,1.5788182815323752,1.843818413459207,2.380337316444996,2.744056679597917,3.709713630395035,3.9554825662939015,3.555143589288226,4.023520656727901,6.277473690832134,5.358490919453227,3.3888564927915517,2.848466993238401,2.550487200403176,4.237188347560924,5.937391849803057,6.1674530988788385
4.251339087551166,6.632891088742838,8.006363291688837,8.463224972075459,7.491846563332075,8.602049188421788,9.137984236068382,8.151770785743386,8.468428508387525,7.764447902897875,4.881200766520248,4.233279641157734,3.371036256172616,3.0554015175017772,2.3112349689566756,2.3724667383464353,2.232481808414858,1.5486486138501216,1.157850489717118,1.0801137589971934,2.186746966632256,2.9689576681063343,3.0904316427352034,3.707853584823564,3.402623203392995,4.722120204056573,4.449925792315668,4.086453367701131,4.955771964927786,5.051332461692838,3.170790571758093,3.774376481119108,5.756623901798913,5.534517553407736
5.457607164268786,6.795220819368403,8.438109492506674,6.906524975685282,8.400670139060727,7.797903186317025,7.841165080966426,8.790549702239396,7.887347716115874,7.981220191541191,7.216564019149251,4.376526208469548,2.871882778415225,2.6554717793487743,2.69853116176414,1.9698429760693053,1.633501727254776,1.198253138858305,0.8125786239799884,0.9593895402366707,1.2101849026665428,2.0083565934002046,2.845503141653535,3.479103073214041,3.8838116551838215,3.614429361780522,3.2845161513848153,3.9597850708238127,3.350275804476139,4.143875246368985,3.235430393806322,5.182829770977591,6.815491303427369,5.280471139083952
4.453156578656847,6.374634572638756,7.231844351818742,8.455764228680556,9.721629251127368,8.849086631545951,8.5543367442902,7.863919229869889,9.64952051236674,9.73585616497066,8.18117658258994,4.412070622306387,3.5341221965711527,3.616261800369222,2.596000951810797,2.3630579115675436,0.8700604268828339,0.9088906936146957,1.0900289113939754,0.7348983087121447,0.9860143773831621,1.5403734627360084,2.5046312143523686,3.2465496280491632,3.7603115773333857,3.5634070658532853,2.6082504988719597,1.436697500041255,1.877071951221193,3.834488899927933,3.567871433726714,6.504063575658115,8.005182303066855,5.482972715696409
2.845660474861446,7.308279275048616,7.742324513477831,7.306022381800683,8.43462027035436,9.287772962266732,9.304269408721945,8.128236580417122,9.167605801704267,9.624522931778401,8.709930625324038,7.24154975357636,4.698471980463587,2.645468808517572,1.7514607524812547,2.001982086775878,1.3792632721364462,1.1180394582314044,1.129178528980865,0.8973623607099263,1.34713026084236,1.5490276372821379,2.7008768210932494,2.4309796744829058,3.3263311350526146,1.8816889806995873,1.9612999677353893,1.9082826350441977,1.6361320008970297,5.166425652509805,8.24549626358504,6.813004008103006,6.1985124337750115,6.553766323394396
