script/wind10m.json
{"header": {"parameterCategory": 2, "parameterNumber": 3, "lo1": 3.000054539987559, "la1": 64.9999836372058, "dx": 0.5, "dy": 0.25, "nx": 34, "ny": 52, "refTime": "2024-12-04T11:00:00.000Z"}, "data":
[rows 24 to 47 of 52, columns 0 to 33 of 34]
13.357074234121482,14.129811432955709,14.300568973188605,12.732635253190367,9.886702559401598,3.34119175539539,2.3772060688082184,7.2619699323996745,1.7757997415808275,-0.6326276845327671,-0.4270407564345598,-0.8400401769353919,-1.5482396009845913,-1.6514850290408973,-3.193415806957684,-1.7985978673018936,-1.4326114365125744,0.07023574421668587,-0.26722975994491793,-0.6586992810418748,0.36290576418854387,1.7909507285056145,0.04546390394491768,-0.6046324177473735,-1.0107432759934596,-0.6069688070669988,-0.5114821511470057,-1.0190703760369515,-0.8491247342871169,-1.4981717293416268,-1.4730196122183967,-2.5167093067845236,-0.61768741891014,-0.1234405985402877
12.657860415024901,13.127031390405088,13.046543350215991,12.494917536603378,10.771503016262605,5.373291997035322,4.031183054025994,-0.2237580713327682,0.9911011092966795,-1.2470039109821158,-0.8185213209223251,-1.5417409180899018,-2.5584485405934125,1.4589974607980292,2.401166080381656,1.2766516036292763,0.15422459662271348,-0.2295139100564482,-0.2591531640530768,0.257520494419348,1.128099967719759,1.0521650166234289,0.019254393024560133,-0.26515971859841353,-0.19851755483427433,-0.8911655595959237,-0.7481576257749746,-0.672596104069562,-1.646243160178582,-3.563785354701948,-5.093936641016835,-1.5643599793893241,-0.20971097119180576,-0.6246684380317709
11.638613101127437,12.146321044027717,12.062039917107455,11.572455170367146,9.339012222866913,5.657582756153606,0.7607277327243804,0.4094989109319972,-0.5762565877722005,-1.6051706538041723,-1.6402549957166341,-1.7805308648098506,-9.159589492735588,1.97193841691908,3.47193193552554,3.6704760847109057,2.1796946950869494,0.26790404098022874,-0.36558848941270916,-0.573537206929155,-0.24772665165268032,-0.29175641545762404,-0.16912537380267292,-0.4940488907733669,-1.463903883598135,-0.8973512816570088,-0.9939458319660505,-1.404485410539032,-4.771473553346522,-6.253666292673667,-1.4719702596249171,-1.1582094329673167,-1.2987211743530798,-1.475295895587026
10.639147170076644,11.300769984343077,10.996246346461593,10.260957904112889,8.693264660266905,6.319124553995386,2.4417913654394114,-2.4343174578569924,-0.8478362987460156,-1.6937789122685387,-2.294142793346875,-8.373485445900048,1.613361401002383,2.848100169093369,3.680675892460461,3.6871619626180556,3.1159791851439262,0.2605826465719281,-0.09405028124313489,-0.20608722171960375,-0.5534072775607917,0.4534973219324115,-0.04103024634199333,-1.1785050639544186,-0.8339223208639999,-1.2306672864393668,-1.1959769326945207,-2.0191527915555105,-0.4748333606646202,-0.649545557491781,-1.1374051241100502,-0.9517236000464597,-0.8053463532141211,-0.9498639884818363
10.329123508078105,9.85041835216228,10.19191270586791,9.326940472906395,8.536390888774863,5.839568253508951,2.304495072052364,-1.049241045105763,-2.4308023228013043,-2.5738678525968055,-7.227571397684716,2.4101289517657825,3.570174769767024,5.281815169115111,5.466836538965737,4.480371469064817,4.409426564274447,-0.21786802891977564,-0.235350222280934,-0.08380079491599904,0.1812640224929119,-0.33351836806216956,-0.36112554735148084,-0.2905404320673537,-0.8446338635709091,-0.8271624868041059,-1.4070561300911208,-1.609949903275066,0.8618460911656064,0.6557388403976367,0.06544321481484897,-0.14964983230415918,0.0993010538686213,-0.41312898800156456
9.66728679942756,9.661088109458042,9.769363036965451,8.64650895890678,7.406571640870279,5.882520609459953,3.2571708622818103,1.3642832677564825,-0.40613790841523645,2.688853940842504,3.5098549524722906,3.9755789321524087,4.568163126999032,5.013606726307875,6.050121396716308,5.184927735722194,5.916635685556717,1.667500513030396,-0.6512891444550102,0.6746518393626156,0.29423198435270825,-0.06581194602071419,-1.239792591933641,-0.39278190138003366,-0.9505741713514964,-1.0037597569187722,-1.2785045951956353,0.09403840474854336,0.08406568079221674,-0.9221164012216545,-1.876394083884963,-1.4347598290704648,-1.272004060093968,-1.3729599024127361
9.05407573868019,9.103541131054662,8.895790678846092,8.161233927161103,6.782916769621365,5.50667225287853,4.65482764691486,4.059347906555928,4.168151656509665,4.367206467545846,4.155544997329224,4.307395006629131,4.047019716924844,3.5233578584153533,1.3973982104149218,5.842301199687804,4.704552546346679,2.943712237983697,0.288452104366678,-0.10550799927223369,-0.06106663118615491,-0.3671319293802965,-1.2621513498480124,-0.5065303267002261,-1.079432738473595,-1.1677119126810993,-1.2043329861955923,-0.13073745681732027,-0.9035197184531836,-1.873514551626987,-3.339192471662515,-0.8298646286966924,-2.0439296449894746,-2.105319320578372
8.908019107996681,8.277613744360847,8.397479343924315,7.600999119633494,6.266492518653261,4.859024731966292,4.700770125061484,3.1585643758251005,3.635341590203514,4.027503934202762,4.1503378442490355,4.086236768127478,3.2899746909686254,0.8413728651101868,0.9930460338664046,3.225702369912885,2.31738080058909,3.549757970731627,0.8497944320970079,0.35382360281271485,-0.28057907666907933,-0.6827801768420393,-0.9140970200331312,-0.8153740627537345,-1.212558217661042,-1.2141880828002762,-1.4289777414814842,-1.2499068042184995,-0.8641361636560116,-2.7566339253069767,-1.5404318374603636,-0.7422144366528348,-0.9070741123446275,-0.9852377141327202
8.892014075909483,7.807384798106099,6.782255536639312,7.220082960051794,5.928362716099583,5.036174445100609,5.326770962521962,4.3190869073016405,3.7482403975766,4.4395742624754,3.9816606513172323,0.721956060097084,1.548703051941805,1.1806963639676678,1.4397808103691576,4.881709659120054,4.09702597711777,2.4512325579335403,1.4674241523228684,-0.4766079028760029,-0.5157810826488359,-0.7082199208884375,-1.483254562708833,-1.2819688134471303,-1.1068890604227324,-1.4827304180788066,-1.0310320925257865,-1.553129026642368,-0.922844187258604,-1.0206463418730753,-1.150505612317121,-1.3947463250589414,-1.513253155362391,-1.3010147624467483
8.338538861896604,7.363391791100089,6.829952242002021,6.957454867435683,5.887346568218455,4.368866105806921,4.911805439359008,3.832363559964998,3.6406205768713,3.5581963976911166,2.4499679255646787,1.5146056645253736,1.2671198354387536,1.875054341848319,1.8382894499543763,4.371053248003751,3.767016010626537,2.194924219855883,1.0892770137124588,-1.164591537444498,-0.7075685039830458,-1.0346384726494275,-1.2257604840030747,-1.5361574062160344,-1.2556393088093565,-1.0013806539318302,-0.7837446413779156,-1.4069344788317395,-1.2946620689862387,-1.3055646888035086,-1.4340651025424205,-1.964788096945022,-2.33323002417711,-2.939239253769035
8.321499959332755,7.216038587598974,6.6610822602472854,5.39673582670495,6.081670655176441,4.010824541021238,4.460678067836554,3.2375777105737447,2.851286151276602,3.0355283690127313,1.6911423626286968,0.6959845074536546,0.30178950579026464,1.1545824985351794,1.0889540566736893,1.9077371099587976,2.0559299485988456,1.5658537815030784,0.4910878549188857,-0.6475957844043624,-0.9143149801686071,-1.0902412301734155,-1.0685774501346217,-1.2758637828470976,-1.1062272879008601,-0.8821413870802801,-1.0420845591160046,-1.186877113824104,-1.179597310693924,-1.3707075536082984,-1.7515352630015517,-2.0975543839718993,-2.4940824046911496,-2.965429227577441
7.205829010094652,8.062957495260436,6.984669277582325,6.110866538385118,5.473662578536131,4.085580291259034,3.321894617428686,2.2414289386774353,2.436630544884614,2.528288669680306,1.121158042682641,0.33832897642529874,0.760589310052038,1.2753130088066713,1.494503292511116,1.496689311753861,2.1782538938851594,1.4681455410678348,-0.9090603046057004,-0.8685517642266606,-1.3265076070238078,-1.3548015576204093,-1.621700484489654,-1.8016248981009952,-1.0728585671510869,-1.1390912476802566,-1.7670699404279615,-2.1951442948797526,-1.5678950915973922,-1.380522666199962,-1.8139732515013458,-2.237308622748156,-2.686757843866037,-2.813223960702129
5.020439719889101,7.698545058791157,6.845878555962781,5.8227276562215025,4.461772236418947,3.670575804047944,2.627725880404839,1.8683599902293166,1.5038646997080698,2.0814973145762066,1.7168530663556767,-0.3535862990599353,0.5223334704609992,0.3687578479298608,0.8213931402044281,1.978509438488936,0.7735837743383477,-0.6558207421550325,-1.0823388584729978,-1.2696988763798949,-1.9451891225898765,-1.410849041289744,-2.133353191564064,-3.7400246866452913,-3.85581803207,-3.4161392735815634,-3.0422264666082257,-2.271010039886016,-1.9215618231662346,-1.677486235860906,-1.622141521158913,-1.7422680378968625,-1.5133716308092837,-1.8027812550244304
0.302962341711677,8.33281162719897,7.942335868761375,6.034076084306463,4.800203624990467,3.7135707700805245,1.4120487574713547,1.0090100303692202,1.0778594514911681,1.6910817031617436,0.6367043566077546,-0.07474568505274415,0.01249384188060778,-0.17593913176199885,1.1095201813589968,0.762012479082075,0.3787343787683065,-0.7731445453180018,-1.352084277796754,-1.7421620516780398,-2.644178206779539,-3.5116173962057387,-1.426415064460661,-1.9643408799419586,-2.2321243450978407,-2.1050389318853218,-2.4631299614424593,-2.6632336255024587,-2.048832490829791,-1.3396458579637092,-1.2580032675025283,-1.2798538105343589,-1.3600373692154326,-1.1736029585610077
-1.2590715759592044,4.649483186811254,7.647211409724009,5.8336430270036015,3.8905210567610347,3.292197339224603,0.7312955127397168,-0.36886505329999103,0.174069834135018,0.6828355002081256,0.39445048442290825,-0.9466354547657096,-0.1016682025516597,-0.7751294668717436,-0.36483395616202907,-0.0911733862661675,-0.5474635342210011,-1.0175685339079656,-1.5198508162492104,-3.912298021085708,-2.0536509644984333,-0.7801286127196351,-1.3853269522937508,-2.085864725444657,-2.2918505831732787,-1.7875099963037397,-2.081897581675699,-1.7181818409860843,-1.2833105504651066,-0.8932603488734531,-0.7936132157249307,-0.819584407554367,-1.0270395185009318,-1.171663764725347
-1.984046910240753,0.24438617388193828,8.587215688729088,6.21393344404591,3.4519211221842823,2.1216591245219063,0.48764171883764806,-1.1067930241377741,-1.0182127573026487,0.012623840380614695,-0.2171250607508549,-0.5697266151806589,-1.0616423817963396,-1.5047726352818431,-1.378931660154831,-0.9204416985980016,-0.9302555288623623,-1.2785576056882932,-1.9491098108700784,-2.806240538320932,-2.8895262392798045,-3.670363784834077,-3.9336074398706935,-3.949795933497719,-4.137696878230027,-5.081743697329927,-4.154800524669163,-2.254789582570875,-1.078104506148986,-1.2437921272339731,-0.9266819468526272,-0.4250398128920121,-0.7303645645433722,-0.3426109682243228
-1.0875182076843504,-0.20571685801885267,8.085090572017302,6.1943696427943005,2.908538160866676,0.8186800423904521,0.863841484136605,-1.5529273252248776,-2.200496152709186,-2.4915634409180916,-0.2839625272183095,-0.7727545601468859,-1.4904413127579303,-2.1921752178358638,-2.8053414424173577,-1.912143526885298,-1.5217470705589555,-1.9992065160771695,-1.4294546576193128,-1.217786373818047,-2.879582862087652,-3.9564842682489805,-4.272710534446275,-4.215771147230994,-3.9640565112224233,-5.164153364311731,-2.9016379311314955,-0.6620375210437605,0.9332809680576494,0.33314790637480557,-0.10584325593390675,-0.34027883783486124,-0.10854676098268436,-0.10163293184960914
-1.2512397434071016,2.514495452878572,6.399292482416029,6.11902103584731,3.2172317451353454,0.5835149447670207,-0.11615139395976416,-1.8764275448247816,-2.625037637250416,-3.0221776963845,-1.476867007757963,-0.9996989946166553,-1.6100672654599715,-2.446867136192985,-3.8820426418199547,-3.77443712739526,-2.973602068162844,-2.4338014162061916,-1.7383343968017015,-1.5638343759921838,-3.3468676000330158,-3.698459401447966,-3.524679272093434,-3.9335719896540997,-4.411383980916628,-5.135113044720799,-1.1543522109571345,3.177479555901883,-0.27601152871419143,-0.41378065196006736,-0.10105783304543967,0.5399081110735471,0.5350118045008163,0.27307519439152594
0.1930147434193026,1.355754205938335,2.2513803295319286,6.259808092308409,3.6443130691786676,-0.13009601657060868,-0.45903490397147556,-1.827788505976729,-3.302781703466842,-4.047551343670245,-3.044154519038113,-2.7066108752713456,-1.691772333160308,-2.25411741336646,-3.802413725515589,-4.128742795578424,-0.6804098516212096,-3.15698097321646,-0.27118784479207625,-2.504194606965574,-1.6572558341559323,-1.6266348076542714,-3.799651606442323,-3.703692353282542,-4.412286399439922,-3.9939200008426416,3.6089029333434888,2.1220270897179447,0.07049732573748502,-1.5393992582632203,-0.6832730010952693,0.3574959964048049,1.0413631499480336,0.11341912940344703
-0.06510178077259872,0.496427063523914,4.501117875324779,5.3387751799654275,2.866162694057689,0.5036055031497715,-1.7274685167516166,-1.6840384574982215,-3.526476519438221,-4.753508830156454,-5.150972623371297,-3.0100473387043634,-2.2131793500841903,-2.4677270924022245,-3.123102041647532,-2.7346709039821215,-1.8939715365203065,-1.3565917959691471,0.5814452597904315,-0.08883506297195307,-0.7141865193627768,-2.7839894953506814,-4.3356939720926375,-3.348132538736592,-0.12063739037875913,0.6689571598138203,2.151761486959235,1.8423936604793614,0.7661893415893238,0.3919046444986895,-0.543462246190084,-1.1386089722791173,-1.3425039568827075,-0.3243345637936618
-1.2797269994929998,1.3208898855337048,4.240550236861499,4.765477806170514,2.529456298912572,0.23402587704939534,-1.9624265152977836,-2.3390415972640777,-3.363124132257169,-4.645421958905783,-5.75429631189279,-3.999708530120052,-2.3913558093809733,-2.7443036520862734,-2.059189586802427,-1.6591303511226296,-4.32715299964987,2.343464778875889,-0.8746767802942351,-0.40404192369204356,0.08342314282926976,-0.8525307267444141,-0.6666669794729034,-0.9984015286711534,0.6856832645036665,0.38664043187805175,0.6517703994707268,1.3530900483051553,1.1459119841882388,0.3763591975986727,-0.6122376969951883,-1.5231425428173067,-0.7967170968906647,-1.1260775147219417
-1.9685490263070857,2.166017331176149,4.488812708732259,4.155520745462376,1.6542035344278943,0.003327703160538264,-2.8528821699251843,-1.7815806287729892,-2.6398649076625453,-3.880933256581625,-4.929435813307102,-4.590691422934068,-2.1725625654991085,-2.0707231348471757,-1.1688534253976088,-1.1577898250542962,-0.20216144811897366,0.13211541549891753,-0.46037314868351353,0.4286898194331871,0.16175692498382918,-0.11824428702859213,-0.4526771011765543,-0.28927368045950785,0.8666656100010396,1.5062683708329088,1.5003219529304517,1.2345905958084047,1.0389472464560503,0.4730147804758915,0.35397747680186376,0.04779411471103403,0.38775699104192846,-0.6668134596292932
-1.2465070953249684,1.9902262777804205,2.264583604346868,3.0040196566399273,1.2393369044886136,-0.03448419681004845,-2.556016968411006,-0.5774246867638101,-1.189206503209212,0.3585656163972504,0.08985961569083491,-1.1852763289439314,-0.9492142772261809,-1.3740165045846735,-0.8294763000390264,-0.33280670907575965,0.058283788900917,0.270721306858484,1.0670679514297523,0.5112747025680956,0.22509680369301338,0.057002934036326385,0.6903918982675213,0.7503575920196267,1.1071477083211907,0.9053799221785768,1.0279918638289263,0.8323450669300977,0.24774282748934712,-0.6515763923424047,0.8321342044128032,-0.2148504623155196,0.19846241028058603,0.45326964331508984
-1.4402388393948478,1.4507323296623267,0.7552920193837449,2.1069613444566744,1.6642177008618706,0.13944501830794878,-0.4059876519524263,-1.4203101327397496,0.2056576023810034,0.09759921308005239,0.24920262748722713,-0.40149813139027385,-1.2089495321854822,-0.705045035026909,-0.48809421183751883,-0.10781400662501449,-0.4797874416294542,0.25871994909759494,0.4980971773720227,0.6228459146916862,0.0560051449632138,0.4902291226901335,1.091285916579951,0.8435844078198441,1.7764313479132854,0.9008209120371335,0.6689592576032327,0.8273376785738271,0.9118124078639143,-0.2821255695569034,-0.06301262220083824,0.5410255676180289,0.3657428221714765,0.5933587642295525
