script/wind10m.json
{"header": {"parameterCategory": 2, "parameterNumber": 3, "lo1": 3.000054539987559, "la1": 64.9999836372058, "dx": 0.5, "dy": 0.25, "nx": 34, "ny": 52, "refTime": "2025-08-06T16:00:00.000Z"}, "data":
[rows 24 to 47 of 52, columns 0 to 33 of 34]
-1.0136748705206897,-1.4809844815643598,-0.5704904861333779,-0.7889567260683111,-1.6750186982124369,-1.2600446173681612,-0.7232194774167848,-2.494741953978546,-1.923588484623099,-1.5089386170351733,0.03593244871014172,-0.50968468895681,0.3984624225418047,0.5002294625407644,1.321419322972532,4.043135445049144,3.5836870074633618,2.046522485289678,2.0544533368356146,1.7431362598583804,3.2023399197441154,3.6596172416446766,2.9948172412241587,1.5773136838748703,1.3222567097763196,1.2552569764650674,1.5522504354210245,0.983302634198868,-0.09348411476943376,-0.4500445301621115,-1.9306918748989335,-2.853099465926303,-3.877094873373798,2.5160274810546723
-1.0954946235670002,-2.0398972546610548,-1.5377356765549717,-0.6971273575831403,-1.6128486712258112,-0.18168230572333222,-1.0282838924511268,0.2562660028963482,-0.0300698331637398,0.3316516245335707,-0.12441099907475953,0.4868106619641771,0.5063324855946574,3.3396362633125096,3.581007965006165,3.972978875738846,3.956190613869573,2.015487731512361,2.0961301025052026,1.8607841106349583,3.7243341959920433,3.3395091209344305,1.2365683955742626,0.5363455862463882,0.9411733576042921,0.48039353253879247,0.4394492524351969,0.3584799249680157,0.30771147270769394,1.5807134159916598,1.2309371185684457,1.8664886408814891,1.2767369117715623,0.9014530127106798
-1.1500477033963319,-2.513301771868622,-2.1133036419104334,-1.027809730839285,-1.0342993339073798,-1.1653395805077464,-0.7690633739398912,-1.4516170399945627,0.40712921336750374,0.1166194925288249,0.09104784572929704,0.9417856112922793,0.8919779581673046,3.6260162481353166,4.132814961392847,4.566972615227731,3.542216341875279,1.503025733377063,1.3656620947576,4.17087331912182,2.378127657774042,1.567177407421912,1.5524851752355175,1.0444170363577654,1.5593857325343117,0.49348920443651356,0.6020059719184117,0.32965645879849315,-0.5907493496281516,1.7575547992565317,2.7175168499962474,4.191493303288668,4.043316823716524,5.506216944155279
-1.5087157875854986,-1.9298184621924976,-1.2111141214205745,-0.6089189847423444,-0.9379589808814415,-1.0298571402216026,-2.769608955823494,-0.989040123054936,-0.45842757925565364,0.8218569994174565,-0.28648413996810224,1.0028362475102435,2.792120775176066,2.9413993631940847,3.0036050055916994,2.911074404922124,2.4113869666972856,1.2880519025508297,1.1243283328147635,1.7187320531527834,2.877226567925772,1.8670967056195507,1.7273146182481982,3.065670787186472,1.21170138299639,0.9321816825690198,0.41802643857047916,0.313484189176064,0.7298778870393764,1.0019882454075115,0.5185626523426238,1.8333736474070976,1.7209524029862755,5.209850743153398
-1.441573839055663,-2.065566477823528,-1.5297746469365439,-1.3943710038609196,-0.024099328346326925,-0.9347649769069419,-1.4982833467449366,-1.2700232920525394,-2.8065822176883497,-0.9456722312288903,-2.0895833206578636,0.4741414685677282,1.5772337435141015,2.286404864899802,1.324487016832532,2.2188986669112905,2.105400580092407,1.445136728591896,0.7272839968179686,0.7896281108463166,1.807837784013506,1.7113159769551094,0.8280920500660672,0.9189382456821001,1.4538093121455389,1.870259601834917,0.5196392338905784,0.5604984898802855,1.6721009295488751,2.3593075675739823,2.737553220829078,3.074621589210218,5.429414050013251,3.32194077984218
-0.2641011392385319,-2.0220509494336323,-1.6420457289235515,-1.4034108871077968,-0.4786183644315473,-1.2347531463531893,-0.8439860745634384,-0.7765245687605841,0.2708676813995095,-0.8259285575224818,0.7380520418004984,0.10222703637551679,0.6091852236428441,1.0377472413721138,0.8589135471134106,1.9144384877605136,1.7718570392467679,1.497168989722444,0.913666807190338,0.9355846046754986,0.6154901656105805,1.299855947767496,0.8992531495288167,1.5597246079652665,1.619617594504147,1.350585024205051,1.6052158588380323,0.8988469875931511,2.0284986946008763,2.5774892710250272,3.354486292541979,2.534820544321626,2.8421737324681047,3.8442591075966317
-0.7891139608373862,-1.6873177305929024,-1.0656518106240696,-1.1894072028175835,-1.2645965637799672,-1.3133286443977878,-0.37811746347060265,-0.11641861436873144,0.3893052082864231,0.6212600909065409,0.16853237472854288,0.3749957376287466,0.6475766727931821,1.1108358198008912,0.3837413866401593,1.1932899633345502,1.855311936938885,1.4989898852798396,0.47053027710860035,0.4325110866552337,0.8047316036034297,0.5613871231857698,0.8595997585507559,1.9443821628686124,1.7901692296688483,1.4934992232315254,1.4657156342872244,1.3707309131683942,3.404120638385353,2.492482160061629,2.8025080656614016,0.9395044569476211,3.5397398214173355,2.8061492953932903
-1.3904156307285367,-1.3669334305903247,-1.00656177698668,-0.8381400169095792,-0.8819689579936157,-0.9642044887584881,-0.6880057956259631,-0.43906303123794616,0.18874053103578736,-0.4984536596922414,-0.1841474024060691,0.06012425656677557,-0.1790375539600732,-0.2761729975818014,-0.2853537782913956,0.08692417905402272,0.36496399261009094,0.5524434083821829,-0.34341889873993897,0.3144818626654553,-0.07654504451217785,0.6609585352120035,0.6462098516428768,1.7348270701271207,1.535140105865954,0.9491477583926632,1.3402254450432871,2.4002228688105203,1.2668343445845034,2.8557826473575543,1.499255653812227,0.8661348323630287,2.967754212542663,-0.6933597237673109
-1.5884210461212245,-1.1957535031365096,-1.4451042557469291,-1.1670014177677803,-1.3048648778477043,-0.8921697205963324,-0.5586906058064628,-1.0023822796553945,-1.750661111781347,-2.0531718914399564,-1.2058502046059998,-0.06161225381407387,-0.676047401405973,-0.22191768949024668,0.2326759135864419,0.47090241277315065,0.4083419327006712,1.081174268091269,0.9064343393204537,-0.12047875185298837,0.527188597444964,0.3125471292970273,1.2709021239932268,2.028686575783406,1.9998355702527146,1.6609298265656849,2.0472962225986713,1.4623673969124482,3.221222780147848,2.2001794567597126,1.251775208017356,1.751160769152963,2.1292376446783914,1.606497859048393
-1.4916789741705587,-1.1558402755863466,-1.8354491871480407,-0.6595525436097234,-0.3546760397289897,0.08625489593092409,-0.3376107199530591,-0.9447157074888805,-1.1372785931410498,-1.3538128912117413,-1.2225844428274797,-0.29508796434612383,-0.30069589958650617,-0.2651190396334414,0.183048958084004,0.3053266826646541,0.7324254589834919,-0.1459282403868895,1.5582815364570033,0.5018685080356944,0.11303320547429206,1.054339995774153,0.9407881639531995,1.5530544503635122,0.9168672059401356,0.8595751971196177,0.7817579353359128,1.867113994754017,1.6868998039476923,2.0410102003185524,1.9619338837382216,1.1365298947113034,1.6495350103919348,1.4194462747486882
-1.0327762898571249,-1.2466086054109562,-1.0630251195642444,-1.6235068793372356,-1.5784455670514626,-1.4846756852711973,-0.8383773137238908,-0.22590377797018565,-1.2127229241068322,-1.4953322460425171,-1.233718434564863,-0.4778012008695258,-0.13619435075771136,0.12025757017161054,0.5088605287178238,0.7055376152252864,-0.07715974357529624,0.42569895868201,0.6224159798635921,-0.3447257311312527,-0.07632319782788674,-0.36209368697951916,0.721085078317522,0.9244869496982788,0.21910344841023885,0.6866505663485638,0.48716821618957784,0.851675218254986,2.7211350162872994,2.2134409239332236,0.8650508284821512,1.6781026406540234,1.9907217894995262,0.6749788472350432
-0.7233699405992158,-0.9131169752796261,-0.5379840053508721,-0.40942958378267325,-0.2646295336553277,-0.05035417422532199,-0.8787322701927401,-0.9325924740003855,-0.6362945593198155,-1.017865031407109,-0.81476998554987,0.2793729886111085,0.2509146443562229,0.7369921538999872,0.21353381183582298,0.2400920118707361,1.2777754078337473,1.8463567607739488,1.770325570104443,1.0126213938700768,0.7134903426272741,-0.6842996278888412,0.8349784054290295,0.4979763141513798,0.40887526305228916,0.32066088261761255,0.27962242866238446,0.23837352867343686,3.7174813097841737,3.38260534990254,2.6506228974053707,3.0945183723937024,2.41338794071512,1.9625386057455656
-0.033169268086470305,-0.031806960913549474,-0.03689424872698398,0.00348528426413064,-0.3333731740304767,-0.11086477173005621,0.3732330033368058,0.42410701099594356,0.0005123789751246073,-0.1914995537683434,-0.47516974529768735,-0.003533759518179487,0.4110696605619211,0.2744848139723332,1.1574355816901316,1.9945485182039084,0.9655241183856014,1.2138394570769906,0.9909580679214824,0.5336204174194403,0.25229993904712356,0.5058326467955196,0.14157241497512,-0.5848713697553946,0.411708816441931,0.7138793086463995,0.9691692512000792,2.262735328952597,3.134055672466416,3.054154709641502,2.513661361650201,1.6429023021421574,1.6014272837812498,1.5181580145347497
-0.8245365141382153,-0.4371167931979669,-0.12656990325702527,0.1733326954409444,-0.12577469311281705,-0.4875413308652715,-0.5540792949984004,-0.23638628874582335,-0.04853790539163878,0.49845685414700674,0.015457973478173943,0.4650984258399642,0.4191451258083522,0.45065605547989457,1.0387149854911655,2.168455843297818,1.2963075345830999,1.205064177314361,1.6470956041338667,0.9100844962031839,0.7828722185141749,1.0776821695330867,0.5022684176721876,0.3546769523800114,0.8542831443550895,0.6240881551551275,1.458318652053441,1.8158707633813835,1.9598733735603124,3.167057840044515,1.4952714479285876,0.22548431611413014,1.3752246336433034,1.1632116007710327
0.26423665210514286,-0.3777957022056639,-0.18433025455571037,0.03716297046725903,0.2593816033685341,0.6433966421294233,0.6568464489604958,0.3894276771447552,0.2467131995305004,0.25907231852504464,-0.03979333779351764,-0.015033483706693943,0.6255925711728629,0.8260982416022455,1.286537502524543,1.764430750889914,1.437132328076681,0.28869571082140194,0.5511796863189016,1.4136737998117677,1.0536539610714712,0.33795025110750443,-1.102384010028351,3.8242215420258283,3.265347790525932,3.258110925838685,2.7146008890300837,2.3291024343779334,2.083394434893741,2.131620547392794,1.4637207860684451,0.7974914110514116,1.05842601857282,0.9576859388122206
0.8367228794407682,0.5568458461225577,0.4442062469117919,0.21879650738997866,0.30028509808886233,0.2472814512631025,0.27526969708070237,0.4373920331094639,0.3513922200420251,0.2841680260175527,0.2851029688690475,-0.2580442975985015,0.08693142211908658,0.4928369864208682,0.8647105959969976,1.2567509016124774,0.5047611516877448,0.29322844221467026,0.2882129488972868,0.29856440704069626,2.2421405706909305,1.1272935060456728,0.6958362294378032,2.0880797907906676,2.0067976060088584,1.918033054807697,1.9265147769111937,1.5036316417395843,1.8436611439983617,1.9656247251793162,2.098203087260698,0.7100171421735281,1.1253366675987815,0.9478110729924133
0.8293909175574382,0.5937336882110176,0.7972392919106026,0.786019540222082,0.7483007794374792,0.6533563749386647,0.298557187071001,0.2822856902623934,0.35581435079973966,0.05927163087060567,-0.022508888633955025,0.11751662434847798,0.22543943404706535,0.6478104322519533,0.8267107452445721,0.3537794854010097,0.497125758625801,0.541273898995195,-0.14105655856002605,0.005495587484890918,-0.6151056853206691,-0.3971072759217794,1.4023773101338992,0.739067160315978,0.44258088037073673,1.4857178628042647,1.9331664296535307,2.3511633965608456,1.7152373823485836,2.456927941072336,2.45316732808815,1.1350154385078768,0.6717295290960831,0.4970411783998087
1.3991642144230472,1.3676538923310464,0.9865476154530392,1.2199130939896936,1.433690082198777,1.3161887356594995,0.8029034890733318,0.42585060322984675,-0.13892114690825108,-0.20704323035998148,-0.30447779637501127,-0.26929079983348436,0.053694990465818146,1.1466387198062713,1.4186596124371198,0.8832432385444361,1.0407830957798136,0.835914052093415,1.1785870229187303,2.028159953179522,2.0372951529995373,1.9437874842024019,1.6840268887555094,1.3614953305966921,1.0660113122558141,0.7189430485704308,1.2702394094547473,0.09162490253276695,0.9670497675566383,1.7202241722931344,1.392930897413189,1.1433296312891625,1.093517989950317,0.6416387151797373
1.9310302133375072,1.9024351390296443,1.7531493174244779,1.7932894547706213,2.087044237789705,1.8644778747161408,1.321517678889704,0.6054904883539989,-0.46671471841650486,-0.7406672682768795,-0.7450304913132102,-0.05633078406944812,0.4771851634182506,0.9145003581402784,1.7700618297429247,1.5482801153344297,0.86090186283503,-0.16548285402591167,0.04622612439171507,0.25186430394451825,-0.07177091963358456,0.3161308304764618,-0.045770344243553314,0.4388317989661519,0.29573476444905183,0.3935833791870526,0.6660311976884775,0.5077842384625333,1.6427605713351896,2.4090122827334794,0.9428445930338525,0.5102549502605151,0.8227435327466887,1.2153725405832558
3.839424169573792,2.664871748766917,2.2668818324978472,2.319432942352405,2.1884080672064936,1.9019582119093927,1.390018339274829,1.1569726205920203,0.7094687724688978,0.006741659776007614,-0.62743486795299,0.09712592353592281,0.49637675402308196,0.6588082243110476,1.0747832625259406,1.181957209410948,0.829496289204578,0.9580475582656716,2.4016748491049276,-0.1900242131335521,0.522649817859172,0.4620543674843345,3.8634795158678292,-1.1552306550396705,-1.12216716703074,3.591528529413811,1.3393284687682416,1.726765435445888,1.3489415804839946,0.6294915440787465,0.3799041565358855,0.9061928873360827,1.6790060165815428,0.8029103075882141
3.6638012328412515,2.8007835238751526,2.0088485788895305,2.2097786974454405,1.9763036923675676,1.6410351402620682,1.3625298406431776,0.8450941497863539,0.37919220818651356,-0.09433817443769699,-0.12794496884096065,-0.05331936477497819,-0.13080599962578143,-0.013789557753131117,0.2907012889258072,0.5622313253883436,0.4940179236856289,-0.6227950136848344,-0.8995039789493464,1.389451814670545,1.831813324962179,1.7678155838187632,-0.21288851717160798,0.7690426020647175,0.298713944294439,2.1305040575656147,0.8191980566792744,-0.30576787099692004,-1.8348189726362654,0.010620478289006996,0.7367931226732067,0.5899264183641962,0.9182117684843637,1.0336135316534605
3.3363560215655066,2.5555332621986993,2.385895484823834,2.545677405094584,2.496675112738684,1.8136292601935093,1.534832219183926,0.4529098779303603,0.23638978057997567,-0.3768706011613842,-0.6372107100739621,-1.5785676403754008,-0.6246441417253916,-0.5461432273677682,-0.5356211886527275,0.21979360918692994,1.1001782647614509,0.702603603419229,-0.19572782300242303,-0.8404826282874057,-2.357364904814251,-0.6888289567788659,-0.054950696130344596,0.37990850770738765,0.7826010796069051,0.46391552194390906,-0.45604025028787526,-1.4995250280219858,0.21671680446856534,0.6263372221815299,0.8056759347070337,0.7543542308934542,0.6907969842378848,0.32314831099915614
4.439976652579161,3.9086548450093583,3.6668305328199198,3.067234228059059,2.5838608776050838,1.8979179786155487,-0.5306642377740164,-0.9343045543959237,-2.0633497328085544,-0.69344595693889,-0.5142279735252866,0.020580839204263936,0.35873770044358844,-0.02785278926001097,-0.5473377521238212,-1.0295253641513717,-1.193119045228054,-1.8889064503239341,0.05452960677716883,-0.9812968146788796,0.6835509632552137,-1.7766347644506144,-2.226054815996468,-0.1280602775407213,0.7209183630550062,0.06485136279141729,-1.115652596879679,1.198015037088077,0.5998256127612777,1.3743436261354791,0.7629992969075264,1.2189936877011092,1.204976786314871,1.191976027335638
4.750286503078621,4.567284848876619,3.9384101407983247,3.3592502257285286,1.7466565612291458,1.001047239492913,0.1495803619274697,0.4104171279693429,-0.8414274443647665,-1.316011220055238,-0.4018214710958436,-0.9044790730329921,-0.5650137087639184,-0.3948955846150609,-0.523561674362568,-0.5160325498277258,-1.4219260825766067,-1.16020701118721,-1.2479012218388517,-0.5079860851337342,-0.19244028690923323,0.6551377074578189,1.060405158697392,0.9601834501334473,2.448816842229282,1.505027930955314,1.2450278836863926,1.1461229777504625,1.2279149728546706,1.196164200036726,0.6141722893914927,0.9362615611540105,0.25770788371569586,0.4412718859265609
