script/wind50m.json
{"header": {"parameterCategory": 2, "parameterNumber": 3, "lo1": 6.000198445256149, "la1": 58.999992894266676, "dx": 0.5, "dy": 0.25, "nx": 22, "ny": 24, "refTime": "2024-04-25T21:00:00.000Z"}, "data":
[rows 0 to 23 of 24, columns 0 to 21 of 22]
3.5908172909071103,1.125028251910472,3.8354709486149514,4.133335110507244,-0.36600415700511824,3.9068461704209594,3.4702160597283895,-0.09410399008068845,3.4768369016057323,2.6194165245786416,1.8537373745759855,1.1631605223526682,2.6728146802524004,1.0746336389988669,0.5492302926397433,-2.700705948762423,4.7045595881596665,-0.1132403758524859,0.47915439361592194,0.8698744921206877,0.7569934953009995,-1.9928413687304132
3.4213549026717494,3.284580697980704,1.8002930978493368,4.394486357980998,4.3595332187697275,5.164328569406555,3.104652788065847,3.219790720212015,3.909231881448571,1.7839327296151273,2.9062270011922826,3.6414466370992846,-1.3783794501950832,0.5622430363383059,-0.2254782003909658,-1.2082305163204483,1.777868841257321,1.210369017098048,1.746826973173856,0.8389560299182303,-1.5741092970791775,0.5725071848429812
3.0932318761417736,4.418979634685496,1.8306313683384283,5.166019553110944,4.504966975387553,0.6557421486519314,1.0572623094740803,0.057568790312682576,6.7356689952027695,5.079428196256223,3.817667322699971,1.1315004212837076,3.2776389248581728,5.479765174121978,-1.9156845483866582,2.8851106339327837,1.0253773108810846,2.1178561414076866,0.27805372693534575,-3.9822545161450393,-3.635351330090265,-0.13227306196482505
4.1158271472448265,1.2356687206041257,2.4090884401936794,8.508776715891779,3.593063793148403,3.1071419299658025,5.430937887257699,2.4464293649559012,4.063258968282003,1.104260460582733,0.18309884170632076,3.6113855834236195,5.02997505458387,2.6790329244752225,2.4763275080936964,2.2226832111014807,2.1068541149760938,2.807901237086513,-2.296261602207014,0.13826717544682965,3.2511718526093256,-1.5873489338610653
3.76112322231853,2.4195460087005634,3.4259788514481104,1.2260337293094348,3.582013273598154,6.482034274712446,4.7839113966742675,6.972282239020498,6.410043879268482,2.5884134267558156,4.2015482713529515,6.591720812541929,5.122301774850074,-1.4597616532190247,0.973341421106472,1.569565130300213,2.468181477922365,2.632399622677498,3.610449605742327,-3.135501273819895,-1.9742948012531891,-1.0999228919594688
3.4447505276728148,3.571980986520031,4.007560741478261,2.98172444023836,3.555337291355373,1.0060573418282324,9.527885646201243,-0.13094946862100684,4.059339454972469,0.718886145936998,1.7512285840877557,2.5179896142003253,2.396718348644723,2.1865109228198003,0.335187273617022,0.35230383052141234,-1.5220318609446872,-2.0830489497154794,-3.408422120134497,1.1321281533554184,1.435174387252398,0.015296889016649412
4.313917266504495,4.591624837773267,4.288878120917753,2.2198634927281993,-0.6646223032018503,0.20750943592712795,3.658952680053605,3.5121520695328377,5.809618447603087,5.53645806854545,-0.30164803357402953,-0.44568159687330744,0.11158934598394131,1.981092842317597,0.7430048992373491,-0.6755750167087856,1.235578459028549,4.104171037057323,-0.030272334796462193,2.571058366843649,-2.7454465716785617,-1.622154950726024
3.5151064998703796,3.3884857687602508,3.691344519631921,3.043107100914133,3.4079220025527635,2.2216418277773258,5.22463952467172,6.976313801119789,3.0297755344852755,5.007086436810549,3.9002302746833615,0.5913801524240415,3.4487620409172024,2.0120441295748686,2.756939845635833,3.151449699138679,2.7622210425431653,2.4819755229394382,-3.0681444720734574,-2.72842138370919,-2.1470995341054198,-0.5252211751062913
4.262596227929274,3.4138901477933263,3.7864360197062377,2.972165861521717,2.172063156922488,6.553277887193618,8.654484017377216,3.3501223387274788,5.411700068459287,0.09711858172352346,1.5802132463480916,4.0300341665853665,3.384972117266865,4.3697422917336946,2.4993478264370306,2.5148731991776208,2.5344150886203267,2.6723941511088207,1.3007328926287072,-0.20126007198839393,2.3493027344256268,-0.5183294804643398
3.075233257790287,3.8406483329489634,4.040063079548845,4.480234936925078,3.8938650433834474,4.55193548879622,3.8384593798540934,4.996860836892374,0.7944424493939845,4.159485674817095,3.086405753923507,0.6232145833690679,2.6717432095015994,6.188708127105096,1.058530103717221,1.8313021597868409,2.0637943311541393,2.7585845308433536,1.3203392898709096,-1.5540614961454768,-1.929725178848077,-0.4072384041649517
3.6338477022006983,3.356187445492359,4.161947134663435,2.9634168575037942,0.4138228207960768,3.126800582003656,3.1658421425195833,0.17953477733666012,5.55732359225638,1.1416043903108608,4.65474217637096,1.0789155868163125,1.1258305423727777,2.603688791923965,0.8083438729765191,1.5048329496671602,0.22508332290566338,0.6258775294713196,2.6555825629504977,0.9989556839886424,-1.5692761295439728,0.27997745752055625
3.7197491757692025,3.809381774549869,3.6217440032797694,4.037558494857877,5.273776133770062,2.239124950321751,5.168216484436895,2.9622342251023253,0.9084554008997422,2.400384334506217,-0.06069977721604722,4.190297289267206,2.4910757638032326,-1.794809803553881,1.468797352317754,-0.4438477072920179,-1.4454577958188874,2.648015207917447,-2.5741904313277226,0.7617567290702304,-2.745119160329216,-1.4065001514976625
4.0113658873770275,3.5012330323151533,2.5311461541483684,5.179234869026903,5.6983725140058095,4.0153366898045055,2.5486870019561962,5.076804374409986,2.647381236230173,0.8738226059767015,3.041292717095126,0.6017455023811561,0.08369016346581136,2.080080116175167,3.0180546753512196,-0.9972585711808625,0.6920694402767407,4.621182366444598,-2.0436997889264936,-0.09136619419151133,-2.2111101318218895,-0.17151553906342115
3.646372743189018,4.248152403842544,0.5477259964860871,7.4950723298661215,3.9792967901881484,9.82757355910472,3.1198385349001843,2.3956992071000203,1.1921140135028503,2.8673030569160844,4.310274186545453,2.5283184142683988,2.687012471979844,4.736108208159356,3.7223257994634458,1.4443149895735865,-0.6998062759422919,3.3718612454783057,0.7750045516091367,0.5210004094762132,1.6508745354469654,-1.4377434371177669
3.925544969996407,3.8677341457118315,2.7706348710906474,2.7297725240678172,3.3848278608810545,2.594978457168009,8.436606106608144,7.040038491825721,1.405241178337722,0.8934707660370563,-0.16910036883796395,0.7473139469003759,1.1528706258379948,0.6986366566111626,3.2118065919004777,0.7334683189868509,2.393325896434059,-2.724742736410757,2.145403424080861,1.0078737551061732,-1.5861996281391024,-2.2313033352964435
3.4801409760428696,3.647811727210178,3.1540401827334033,-0.2670770593266746,0.4878835036869008,2.5684423559303147,3.578126541660559,3.375238862543738,1.656112629977477,5.635466814838242,4.393974277218415,3.6499387147005558,1.0477728566223055,0.037894178904421615,1.3740314326326375,-2.717014701786329,2.86305767021281,3.2005849174361027,2.179180580561277,-1.836591363064061,-0.6348153203873609,-0.39175974616546355
3.3757328031746985,2.9343455783852983,4.661306324488777,2.8957845945667122,4.774858072502398,3.730522954995705,4.511991021455781,6.756679443100308,3.1357325766002866,2.4793886087278008,2.2147246442741015,0.6418911277184197,1.5979474019812594,6.327233853885173,-2.165338960564439,1.7495444038418142,-2.9259667317264264,3.4049555336310644,-2.781494216587034,0.7057894373655601,-2.7894561892670238,-2.675302361398707
3.064302540989246,3.5353773657405227,6.05919664053705,4.900612748920288,4.230654735554631,2.208708550937743,8.488955491754071,2.054832857597314,2.3240779703949337,0.9043102546886277,5.361839015557336,2.254748486567693,2.0164201393226,6.402960224249654,-1.765929671594194,0.7812767002779416,0.852088227339346,0.5693762614676048,-0.9846739474745994,-0.7887717922995793,-2.9652581995431624,-0.17744677118284344
3.731886554855946,3.463948414721018,2.699841383600887,4.024105652460094,1.9680828316867165,2.2565938877713396,5.212302796822258,3.3684802572603645,1.2192771585794868,2.457132491190933,5.736543151807006,2.9240844291956316,3.050886007709481,-0.8417464320101228,3.1971510327625934,0.797353479672567,1.6286254668590376,1.9434490733213425,2.093365628111743,-3.890810012651157,1.3640400962576376,-0.22670664831000434
3.633588763416344,3.8339745360197894,2.670990024177219,4.074445202946978,2.872587392339363,4.293125477103035,3.0911398959802705,6.985682118699667,3.0558884258716468,1.5526387411564102,2.9802389300866854,1.1773536682844044,2.5564652042061007,-0.19759828591807413,3.960633395284587,4.2040701410953645,-0.38494810641213073,1.7359922926137692,2.535820396386223,0.8087654195999258,0.8140358423387288,0.6075811139745371
3.1192315560509987,3.827504207849115,1.7639290264106098,6.03173371472787,4.157090995861107,4.3252724157105265,5.075859959969979,3.087296205694951,7.26538658371685,5.914428205800847,5.422977133300109,-0.408324761236958,1.297644298994968,1.534471461128428,0.8126349160534814,1.409989232629851,-0.2716939483909565,2.3073140916616475,1.7073870774812985,0.22268804168445014,0.27897482751679853,-1.82887413900056
3.1376896587298337,3.455386350602408,2.0993608197591858,3.481042559036645,3.7582584372498125,3.0441825515133676,3.694319593311417,7.033014285746153,0.5533730503540785,2.444567184722169,2.8407867662183026,2.162861062928684,0.5197626158521849,1.4107456676959498,0.9592156531739957,1.2642974639563864,-1.5857493554131108,2.4843256314637516,3.6805208692087854,-2.5222746702777967,4.1114248159777205,-0.9253069174431753
2.6169088589271188,3.551722143368447,3.766546925448145,-0.010578502997895506,5.533432371398887,5.398864438822874,3.9493249011963854,2.8776966262580754,1.5118754965728443,5.856570476337951,1.169343639083728,3.1718603858340164,2.956072805243813,1.9745395749450414,0.08150562312520034,2.0808967219226213,-1.5070150259128836,0.37593589721643844,2.19122413564159,3.0818232927475124,-2.8208649639788725,1.0671457912942723
3.615132279684338,3.7502915347370998,4.297551840262864,3.4867343963830035,2.223124788587114,6.289827760361961,1.167518282146297,3.166089272936677,1.2253587013759026,2.707387480934535,-0.8898034845327046,3.204933586067699,3.5136039149467497,6.379264116502691,0.09964174535539488,4.317974361471965,-0.6140146372860616,-0.30229199135511853,2.877659401639417,1.1455524157775072,0.9755498716937421,-1.3030036369378122
