script/wind50m.json
{"header": {"parameterCategory": 2, "parameterNumber": 3, "lo1": 3.000054539987559, "la1": 64.9999836372058, "dx": 0.5, "dy": 0.25, "nx": 34, "ny": 52, "refTime": "2025-12-13T14:00:00.000Z"}, "data":
[rows 0 to 24 of 52, columns 0 to 33 of 34]
11.998152840880877,10.171457583461448,10.732895007717671,9.782400485943345,10.373222338331606,11.10925148523563,10.483893399374741,10.63152949130648,10.076458478958376,10.714709899832167,10.041288518672232,9.523255334652852,8.520234634221381,7.111142619763058,10.692938960367014,9.097858955813225,7.93261881333456,8.626846608969403,5.789171671424839,7.258184669691521,2.06131645799922,-0.3254298758833273,0.699891298163101,3.647033277228312,1.6692553859943269,-2.8177126132903836,1.6843023764053333,-0.5034824581654296,-0.8372200908657861,2.03192615556098,1.5094108480543733,1.28936130374759,1.5351893791296203,1.0945956812483548
11.094650409797147,10.455776100823218,9.874509788826218,10.333509272728397,10.960300137611489,11.230741253076884,10.108050074886691,8.123135228785076,8.799105276524022,4.163201602291832,10.14550926841918,10.800888291523822,10.936911296639394,10.480643235649666,10.283623442478534,8.720741284730346,10.73674103782954,4.233497386830768,8.498646937470966,1.8606102488775575,0.7892046023373942,1.7712237362057164,-0.834925207449178,2.2557960142222293,-0.8889480560620356,-0.26308702498534,0.32112871731964676,0.7662141511184768,2.4182754671656403,0.7521127994225705,1.1956010397792582,2.3503370148568137,2.088673417433136,3.0034876048935355
11.211177234186723,11.304343862814102,12.687918139940459,9.511320451203522,7.852588709418623,10.207652926630272,8.544428226881179,7.573824776885329,8.688017693368769,11.074654975589862,12.008780378185223,9.431083791980825,9.98043106995252,10.70029132660352,10.03162805033508,8.593642538609618,5.311184940572592,3.97848439134863,-4.500899203062506,1.1322772177332345,-1.325960839087317,0.14124487736676664,1.6515739779609637,1.4138128127484415,-0.6094743448414026,-0.3529220078028556,0.8763575132286486,0.30614574370204045,1.9018501505895997,2.7707427742893427,2.0721086921250356,3.4329715231339284,2.884040414313452,3.8225592641549127
12.154583357094884,12.041925181535953,10.49507001925428,11.342468636466245,12.696687308089764,11.50914162678686,10.275349101978483,7.902519442209443,10.2651069100779,9.465415783567119,12.164993730232414,11.095053741290643,9.607607372702303,9.855215082999685,9.720361467974852,8.025352270019972,0.05816925808593751,5.67504485551839,4.009543113599024,0.5977847493673947,3.1480855847173506,1.75504577684204,2.6324437733141393,-0.9994826091185474,-0.7889084417486955,0.4802806673962427,-1.284846789607706,0.3824415695657379,1.3206783531600685,0.7752408802646393,1.4087703750221114,3.1932355874089233,4.083522322977314,4.2881810324403276
12.747713833681996,12.180035282371497,11.917939159909936,11.368481238090103,14.106807894027675,11.80019444782155,11.084926232871801,10.556022461421655,11.190525236242676,11.850062105241552,12.174103818051309,10.665806730059233,7.674239155345633,8.107584469630165,5.74081218711162,6.446932754342416,5.143929067011385,-1.638205117033501,-0.4918481043181275,1.6542676928374673,2.034008447431422,0.8071852911018939,0.6519465207571621,0.01568728313076279,-0.9984075762411907,0.5416364345558153,0.8710536085014436,2.0632289514165083,1.8712984656515002,2.9002043159041175,3.8501323545538515,3.3296001045702766,3.1512913219545884,2.9971294830647905
13.397627667836314,13.646474938623228,11.774175788248076,10.996346546748418,11.174090771398651,12.067303522344012,12.011053896230024,11.058070582248993,11.775885325177164,12.915143597311829,10.9896515498799,7.828475576352503,6.222722585137623,5.8401707173334705,1.2183105262917002,2.647516288782028,-1.299882223087325,0.3381311874928659,1.7426033187289,2.68730553273849,1.8186737471157655,0.04856465173078301,0.05818438439223493,-0.5037118654004294,-1.1710687987922894,-0.08330282866278331,0.6928933741606655,1.143321636612495,1.60995976019173,3.394547013690509,4.433047924663533,5.378080965276153,4.927835650366007,4.631954740086705
13.581414908811665,12.71085404267477,14.159645513125376,14.893018662665487,13.849851795635798,12.88461702795459,11.860372732007779,11.829241886366368,12.04629279211293,10.308284084927543,6.587655209527684,6.472063156385908,4.276676938159743,3.213171584731505,0.1893925011281535,-3.1570573859190865,1.6860744870591793,3.5679794891317123,0.6115212107070359,1.465642048148726,0.26641090838825265,-0.5996171540759101,-0.021677474982720032,-0.41365170643483207,1.5341636565587773,1.2510078575866597,1.6439467996647108,2.470302950267521,2.79684001418552,3.3301502636185276,3.6825907093809125,5.64968518783989,6.225221413893334,11.334918133364278
14.052603576519768,14.139675676558024,14.286696450750016,14.110844415657345,14.737536292228102,14.62000432685845,14.01681474626045,13.460070910356984,12.514459481884508,9.745452493382192,7.574949663797618,3.654127626583072,4.320228523008947,0.9019643953950001,2.160566790071862,4.1339999069052125,-0.6048282038956602,2.9243329624266763,-0.17762821676231155,-0.6257684306015279,-2.005086672717154,-0.9769831571794726,-0.5266086568585704,0.9850452810324104,0.8096440270731892,1.1811770028668351,1.9107985974075967,3.109932692046361,1.4333941603166866,3.3981084461175377,5.740276232549669,5.847594155785125,9.192561049314477,14.874563955537539
15.068851422060206,14.791497226942038,14.63587370996501,13.32176445556189,14.299423411723836,14.197856350048987,14.428344130593818,12.559590012695272,8.720246892818025,5.617658899650609,5.468218216669193,-1.0189767944982109,3.684561005388064,2.1027332180972214,2.971526613316525,1.1973792288346077,3.440847572130899,-0.6114403719737619,2.425868342325624,-3.6374109438118523,-5.528500024012612,-2.892769293694097,1.1793561418964749,2.530090418130892,2.3221878491552492,2.72796135449425,2.8711812033132857,2.1924425957263622,2.6555989593688962,2.103747092874471,5.2759809389923085,10.405308308260754,15.345544809871987,16.070056295322605
14.61107424386572,14.845525267321035,14.895541330763567,14.733124863353414,15.770677571001608,14.704408265902318,13.361842772516791,8.146624254019974,6.087245990851095,1.991385792895034,2.7409940216637922,5.496449661193938,3.3074069929296703,5.160990106493991,4.002353403431621,2.71961532032899,2.627542441236483,0.9983624835568365,-0.3738953270960122,-2.5700680434660534,-2.021654246104494,-0.29772585069799534,-0.9995566437018881,2.518943225358193,2.1813190713250816,3.9343456814781046,3.4116787991531035,3.2859606486069914,3.9429022208697173,3.502434295015517,7.734892815557423,15.39913239890728,16.194726211877978,16.909050033183995
14.670032177720657,14.657592987744081,14.422364837793458,14.833944983463022,14.835261020557548,12.734405695452306,6.654851444047249,1.338934364390445,9.152799535254248,6.353073223955626,11.789611555136593,6.48941779762729,5.787520505975367,1.385370038891063,0.6457678853399742,-1.0622557534113701,1.4268135818821206,0.9113274392353479,-3.440520267326422,-1.152891349729521,-0.9582374196980201,-0.9527204192699504,-0.3795372851280564,0.5675606236741861,3.9536562958959287,-0.3580847081032911,-1.503029126668649,3.399988447868748,2.1936820193304936,4.852536439324749,13.207301928103579,15.941644817137,16.53254125279087,17.18526643258105
14.548852482298095,14.863784844510379,14.645913390817078,13.93623912581341,15.705831938801884,8.464732408387935,10.284778286429606,6.792607340653287,5.661123265498221,8.19498875392375,2.1948999696863014,2.7752924734446376,2.6964256096304187,1.0578378644878366,1.2483903303226336,1.3640273765135722,1.7243356703134234,-3.6463658855489003,2.3146290023332647,-2.0628276920910027,1.6946663566139477,-2.590127899648595,0.06488132516654997,3.697056701106806,3.211359830757383,1.7898160627781472,3.78395044378133,4.046577202207254,4.096551779127972,6.792593440541024,14.185007892833235,16.202804246929375,16.52044040550262,17.098252057724434
14.855571222503874,14.634569560929927,15.025527248991043,15.391088922988308,13.52433387178589,7.9794495523868045,6.435953392361599,1.8301986890008823,7.808482831468155,8.665080684201838,2.3886324363109837,3.9067165032083286,2.3932244373670466,3.0398848966851895,-1.263162747721293,-0.011331759993750237,1.182785455710426,0.4334304504850837,-0.5925715446232798,0.25047440500532897,1.700570772046644,0.25383710378645913,0.9742532624562367,3.6065575609860234,4.03540174018452,2.660651908084967,3.488155468098787,3.578740433799805,3.240762942055728,9.670830203645648,14.121117456114119,16.05308512184198,16.50580541402349,16.692382740697386
14.361121800917255,14.428997384442141,14.851322770297108,14.891329435451365,11.680873683235452,15.028517056862185,11.633766674928887,5.434030795584768,10.301945369541679,8.826240285256455,9.195370880819409,4.676525312433139,0.0310806712541541,-0.021350587873083103,-4.097390604730463,-0.722186583020494,0.5582228474130857,-1.7707441086906694,-0.8574722362505022,-0.871475610680658,-0.3751940315917765,3.8370994555492124,1.6975643628411072,4.102098783040618,3.446919502066033,5.808738910268672,4.0320572968933455,3.1427953203068024,4.565191672125124,9.12531748336773,14.01532867211276,15.765810868893173,16.203202900689405,16.112543942483377
14.104791833179114,13.915112138858511,13.850405666520082,14.92554622059113,10.960616410590658,5.571334351404245,2.476781679680201,8.789510527772865,4.05155084986404,4.226912149493705,2.2877712216824606,0.7344824618874725,-0.41151586930071904,2.9241808908272198,-0.9100258494767093,0.9087198109012494,0.741938823353886,0.7925576971787487,3.043508860123407,0.47870989847111767,0.650207664840833,1.566626450160137,2.530097302621634,3.0336984463875685,4.132687557437665,4.2792257437767045,2.7707463971245,5.559658979622609,4.440141853086645,12.265539183313418,13.746500422086626,15.469335926130032,15.441858039965275,15.353328038636043
13.669616819576603,13.63855865869509,13.673055430384608,14.128867180013032,9.727732945876419,4.677836209861129,4.982682939731044,-0.6240873063323042,0.8518779993981135,2.836806552665476,0.19424360899489138,-0.1509706033710555,-2.269195343680728,-1.5526035188287104,-1.3027603870645728,1.3460701536902522,-3.260453119412422,1.4579195974589712,-0.2578595451520809,1.4140074401671325,4.692225707399382,3.634224313577649,0.980342712598417,2.3772088478018483,2.740683427946786,2.8964551581398825,5.192730658118779,2.5060765873976667,4.498457959857371,12.210459242419741,13.757822352049004,15.415083874818894,14.760971895745497,14.527421003790874
13.545984891031903,13.419202301206116,13.01576279908478,13.804774926257554,7.559946199188694,9.419265906984538,10.516552671324268,10.085451322155842,4.241330323324281,5.979029250707356,0.9016549516692788,-1.8677787745806478,3.3641935924925246,-1.694431594932048,1.3902845448371408,2.055862673089842,0.7361935830254985,1.7947155812526203,1.2205811132496653,2.4195428919104907,0.8706836670571889,1.8875678305889774,3.2290082401196676,2.7281958806684266,3.6110817114996125,3.5431947310874787,4.495672479799656,3.2681294668855916,4.124229968063463,11.6154465620596,12.142477081886927,15.057254285020166,14.30217399356395,13.742575177767742
12.982495138423984,12.97412738254159,12.243319070513378,12.509712475641674,7.799201198481002,6.459097089762762,7.7756620912867875,6.322946953543443,8.16530668482488,5.586831798496053,0.3618570243415329,-1.401136036074507,2.6856790343883774,1.06576784915736,2.005532200651798,3.4774329370376673,0.15104897213373225,1.6859450061102654,2.68874649758505,1.3099373079491334,2.133214353483882,-0.14668150478177408,2.5836472092869114,4.306347963741078,3.6362260830748747,2.3115975094074277,2.2483972869987463,2.6058583913005138,3.6905303131928213,8.668290545001378,10.179712793518366,13.617312501704587,14.111899034236957,12.145277715735027
12.119110792904557,12.491102316987675,11.821597608743321,11.298778004858319,9.565818145705556,6.123654098785758,9.479015203972379,5.954471259078713,-1.4082134591554327,2.4572161111125816,0.12638269076691383,-0.13489100919390873,2.6724943741583678,1.6099185351466259,1.1908862454109044,1.270696577730121,0.7475177632499771,2.143172360431164,3.9164449194683755,1.5418890800878673,2.3064276788709783,3.0306512987241367,2.4096250645630564,2.53131013599736,3.1915614089637705,3.556174405151866,4.531058792309168,3.8758554582918343,3.411223340073659,3.3089549988861418,4.6111358899019335,10.10021559643668,13.226249381222992,10.436519200273288
11.728351947403258,11.440558974186649,10.776181683857525,10.958221706524132,7.914363843095678,4.616704142063696,2.3815666961459185,6.572843922794571,7.35090123921256,3.6161402750724685,2.8930324643828493,2.0872109914342603,-4.111364808578118,-2.272114079086781,0.9644492664135577,1.3974724536550205,-0.45876830072955566,2.241942956102665,2.48182296020478,1.8148584825820036,2.8751749889609184,2.2273999758214744,2.7101415964031434,2.9710504428720683,3.2726632732707044,3.912933992151445,3.904215377755329,3.162232537235234,3.464231916238511,2.6153365229426857,2.5840942694806763,4.0252960889145255,12.414045791707709,7.7195367819793965
11.657647743357252,11.047419941267272,10.742721291969952,10.442201921702543,10.255546814430117,4.621610908790694,7.3426832082996105,4.886579935405672,5.615610281101056,2.7252203977149647,0.5728869831246544,-0.31456805377479347,-0.09993285153780779,1.2623937141351715,4.904071598819536,1.5755863178167573,2.155073048589373,1.8363846198163287,1.7232926463257447,2.0956097365050987,1.8876112791112434,2.8636969104884256,2.1167621614606817,1.8585290314271181,3.4162766574416277,3.2357295294047015,3.3500532373225553,2.9328089425596193,2.977354525782967,4.283676009605773,3.0112295896270185,4.6776205333435605,10.817768320402038,11.976068051862944
11.588933395898923,10.944249241257022,9.992735950471038,9.825784882463218,9.026727546871816,5.508857596820586,2.250332921478103,2.9040853724606706,4.3546354041756,0.780699455145613,-0.8924667871339144,-1.6363645436668781,2.274314281631824,1.3550839949675721,-1.3652318391917895,3.2174350159898752,2.0358812853477133,2.6648083387943897,2.317440353057411,2.545086309353045,2.47804726454313,3.673049292477309,2.6833243961712197,2.466231196990907,2.214143978762854,2.6048226725552452,2.845741294570469,2.623850882585638,2.5999061162709958,2.8950823560298264,4.053654229203984,5.057394446545514,7.824179186744314,12.23505251575949
11.10295675039834,10.45651391489719,9.627814149189962,9.045427273120545,8.78686456076247,5.578096284176903,5.139331620880813,4.439238861150043,6.6917416927401545,1.531875979461968,0.35266694632323115,-1.6544522422864345,-1.1678653170136466,1.8728912141627319,-0.9397189218206147,2.8290070808354164,2.406784997398627,1.930378476824337,2.0838512881612337,2.0867222606689513,2.185504634172343,2.226781983734254,2.2468170479585163,2.0067741055226516,0.9923376644927608,2.9355679149871476,3.2606714168242332,3.1926851113860795,2.1599082253497746,2.2789341095288354,3.318988357758967,5.532869713118046,11.977574522280527,12.609250299583007
11.092448107075784,9.93404529960564,8.953070115134375,8.404561170520267,7.927610538282992,5.979149620595196,4.152156783171606,6.076687835870033,1.9793347059177415,0.2885417460771185,1.09874466128447,2.769288900579203,-0.30242564754916407,0.41069212710315267,2.297472225317771,3.3359708855340657,1.9262515240957852,1.9887580770699824,1.3225493586003878,1.804726357288542,2.866186679283673,4.662599311027791,3.0426878080589024,1.9267166116089454,1.9283866734500614,2.2507623049820022,3.7086348527286965,2.298081031806614,2.0923985370349762,2.8890598262855915,3.209651061037378,5.310883273069377,11.740414455541144,12.81081584607318
11.46036633928549,9.867989696668296,8.99432763139577,7.764877494697432,6.905448853353214,7.7680919383540505,3.846592811927692,6.533530592715808,3.182990188079511,0.5155880420311888,1.4502877356856958,0.7046237556376632,1.5682794947305219,3.085976397469374,1.0512432979372317,1.8543257187353306,1.9959514947606452,1.8992842172820446,1.633126594763835,1.226226715145987,3.8718398071691214,5.6205850019167976,2.5248913150152967,0.7483181628639523,1.7525439947634776,1.9735224356892667,1.9723943868045748,2.083224070868248,1.6974525393276725,1.5215040672436695,3.263265642640699,10.622079411585133,11.318278667045119,13.11854861818843
