script/wind10m.json
{"header": {"parameterCategory": 2, "parameterNumber": 2, "lo1": 3.000054539987559, "la1": 64.9999836372058, "dx": 0.5, "dy": 0.25, "nx": 34, "ny": 52, "refTime": "2024-11-04T17:00:00.000Z"}, "data":
[rows 0 to 23 of 52, columns 0 to 33 of 34]
7.976620792230845,7.602602884947238,7.868670095603859,7.502094026657197,7.941409324209855,8.153194203488422,8.913169443285973,9.75373083830377,9.520546314545939,9.84574828397074,10.272495301721449,10.91378225240694,11.376003435574722,12.131970554366287,12.837803587566507,11.833342715655663,10.06041978180336,9.921681438576504,5.2143109741793126,8.17343687595269,9.42170214107288,9.579537320145567,7.994285470559387,10.111365893032643,7.583349907095145,1.8084618761834945,-0.9278012150826563,0.6395592803455172,1.6483578101778953,-0.7038438375883684,-0.019682074317491347,-0.497402671088221,-0.07404211814505729,-0.6158174159801679
7.786227091122073,8.213369104989232,8.039568687986852,7.605551503050909,7.596017330236997,8.000803843473413,8.56814264487661,8.888133689931161,9.40256635774543,9.602376016070483,10.204477491096656,10.490379395097422,10.6819969188279,11.14981151837155,12.563305963839099,12.34651684675032,10.407623197959351,8.31412978607803,6.2946621426922205,11.850463612277988,4.564989654485839,6.531345318962217,4.737851814524008,8.389147857287343,3.302108039579067,-0.4795915969676501,3.727016996690376,-1.215143622159445,0.3543393400506781,2.596046869559213,1.6188738755920324,-0.4751409882792123,-0.6726388801957258,-0.11027556278647323
7.460619163772044,7.446371550863203,6.918484958308288,7.421200207537582,7.533899078165348,7.454227494145008,8.091381401263899,8.136368137252578,8.898369155627053,9.388499656038405,9.754853731560004,10.474732501488079,10.469365231236294,10.965742383351182,11.327787194703651,11.567482373935869,7.401559812313164,3.8509158409564033,5.376677290809657,5.762112231333857,8.777907016328275,6.385153243443552,4.951627960830794,6.86908671516382,3.9834422928269624,-0.703701322128715,-0.8647438437520555,2.0234620372595655,0.8101602873775463,1.5281650249129128,2.0408604592984294,0.9879293033385088,-0.33240423851080425,-0.20769494191363094
7.112708759708014,6.988664263951943,6.6779588610235505,7.112048215114334,6.956198630329644,7.370049778805621,7.6700399004796855,7.8495448211713175,8.09897708886039,8.759227308796241,9.24009020553737,9.319898662865587,10.183725512329948,10.602110534920127,10.045369188928424,8.405275185750803,5.917725601012926,4.169964961771514,8.04678619537445,4.043934931312613,6.9426611615496245,7.110154462336302,5.313722075990223,3.7690791345209296,1.4503703114128732,-0.019643564906507757,3.954502382014639,0.1869455204694698,0.4605203593432358,1.526430555728493,0.882106374533026,3.0281542216248805,0.3398713337921832,-0.498657477008897
7.075263206745565,7.14646943771659,7.060544131711072,6.90194654888219,7.1437347610422215,7.6916121224869185,8.211431566254431,8.117417199257135,7.727198634397917,8.281150650332675,8.856862171502218,9.338256576665952,10.037723716915647,9.189755198764011,5.555751148999412,5.74488215358156,6.88192656504183,3.226328226519962,5.685849343281398,11.324236954509514,9.739433315395416,12.229508271211014,4.6484343956756025,1.0893655857233207,2.254371119319804,1.3068097993792989,1.84680266856854,-0.8281911027089495,2.0865503821312483,1.6528890279619664,1.6791081217082109,1.2400189621334459,0.6592300401612475,-0.03661673002796892
7.323636577372441,7.3370475195649405,7.467931456041861,7.545469302885918,7.665104613842837,8.220935362977514,8.433256561672962,8.507713407066039,8.057083561597114,8.603347700725484,9.167861149494538,9.526401188649036,8.015059401206146,8.387362168665454,4.786901978318969,5.36833829021983,2.4519290272233647,4.91089610789002,9.82756404648131,7.048336583534266,3.6506427668496375,6.406132159782418,4.734078470957108,3.3789374223085966,0.9219315784491391,2.8051741849185263,2.378465231367546,0.9812328575515668,0.32663207004864386,2.1637663994518626,1.6540683846463753,-0.3456805114384761,-0.06523973238777095,-0.5998797552520323
6.733869375101876,6.816638819302095,6.622735347454681,6.764343388873146,7.449169795012572,8.005020712918103,8.01570221414677,8.62898322225415,8.64762371034473,9.108230497643838,8.348459235644677,7.267067736058702,7.5380317578683895,6.859437343755036,4.709404881568099,7.173915111592569,3.259975096606155,3.322472159377061,9.120020193580716,7.605499115826816,5.329704723447084,4.032958163121325,3.2816690547186567,0.4989456351219716,3.6499123023426843,1.834589752506019,3.398578696607773,-1.2598034082111091,0.6614652700676839,1.2838927916655425,1.0141240910967009,0.8589507301745256,0.3077297896114555,0.6661255670776991
6.670741936094689,6.835692958773189,6.661820951513016,6.741659159319558,7.22506040723226,7.180015990902089,7.8726638873920844,8.965192236920007,9.747089230374629,9.221534132806068,8.76650718972882,1.9490248495118911,2.0349780196328493,8.89031377165169,3.3349696916310836,3.00853712425991,2.929117665378468,6.4940065168420364,9.05998858301668,6.530489843917589,6.5194121348229475,4.475138376133876,3.100923002312357,4.390546482143806,2.551100510429601,0.782967582767625,2.3314298375584785,3.3548557252694104,1.2254544109035406,0.19632018279317398,2.7262184527243027,-0.18535958505402653,1.5572211303957457,4.880122061552484
5.694443775204152,5.613101936806397,6.266925591771598,6.760204102728233,6.798691560782035,6.982032357984062,7.205211363924343,7.892318503944559,7.594205986242272,3.33416908001752,1.860866388123693,1.8824243232843834,5.017000637159636,6.5698005816700835,6.673319758684976,2.2663663159661747,7.304370584747655,8.848589885420454,4.0611900168860915,7.702902110196066,11.28021420312823,7.005808917709106,3.626508455636533,1.3976093675403911,2.5439701079989168,1.9606910347540212,2.8471969919171363,0.7146491521359497,3.689665423336297,0.9613482252298858,0.5653963100297689,1.820193090588339,5.1873003614939,4.471056503989169
4.902243661066894,5.143305648060771,5.404936915482559,6.137893324657878,6.002687046729885,5.653747934409488,6.47813565945918,4.872612221753529,1.1264629182163735,1.210435903459853,0.32902917686364513,-0.22607749663322915,7.353681089998341,7.376145692328516,0.9063535854032196,6.8364634858520645,5.635063597876038,4.708056311039479,6.673067035323196,5.529440728113959,8.474685433160813,3.7101780549608185,3.544422857916376,2.093806892408502,2.344923731985329,1.808316956603776,3.4902027317105913,3.134243636180909,1.822285236030905,1.6635047051341811,1.10235480799952,7.045095862118552,5.690875136890447,4.352578449202181
4.099433589040043,4.31696635634745,4.060930676505953,4.784752554733585,4.5569930003105945,5.2809860925473675,3.2891904702047365,1.4768878654868065,4.190358207265827,-1.0589695611949013,7.567648969529729,-2.5538405696033197,1.1128813709890686,9.99443696349031,8.072359343373693,3.917742091058256,0.796680010529066,1.8857694832859666,4.403484374308417,2.858475838259532,4.202305314285361,-0.10684053127562766,5.765281987769786,1.9592183425888317,1.352452834068009,2.4907500847628383,0.9086998168523662,2.5175223709997683,3.191350474529305,1.9516343449663816,5.745658280972691,6.591878605583235,4.965332266999269,4.401959277025484
2.9280430229155505,3.434331007399545,3.670947951068824,2.803627210250723,3.889750868572588,1.0142936785820804,-0.2182193380165112,-1.6583267128707202,-1.4311993687579572,1.0020784069124689,0.8215734172972871,7.273083332973229,2.9975694557039607,2.687111275915879,4.472863965782733,0.09937025904649964,0.33007559145584325,4.577906157233321,0.6284867889415905,2.765201804844279,3.4801171828571733,4.279876034872847,-0.19399270146881886,2.5987957592325626,1.1823172289549528,1.189690917378402,3.415568367785895,3.477332924963921,2.9324372440497384,1.155784321159451,5.557014819621109,5.969598325212652,4.3011076847260785,5.0294222908581165
1.4880998508699645,1.7107269530086693,2.392228704618018,2.4930748362222754,1.1025719619499366,0.3508399324215185,1.1787076415550488,1.8346026078188007,1.0822467345677542,5.6671378149545575,5.764414378170151,4.5586546358621165,3.1368978267822647,4.580617925155812,-1.241780586555884,5.493081582447298,1.2262440134456312,1.4464189844212036,2.5866772274861884,-0.25169600627628214,0.22101541230719174,2.5242869743011407,3.404232474947494,1.4720189917170277,2.2507760000135644,1.5703224216391385,-0.6891803073358825,1.7802891272237487,3.509474672623777,5.073788638060284,6.318324428842982,5.750655020698179,4.728453227102509,5.590260123356879
0.8132110501939354,0.4771753323375791,1.1115359122413795,1.4901286470511081,2.0839038348874257,0.4261289465465257,4.3477059376884535,-0.2343859293629565,0.5436770602234856,3.739970113904593,1.482327908189766,6.2815043418405425,1.7760936890929666,0.3740293627955275,1.285645097778835,2.120850165170638,2.3360977620311347,0.716980186258129,0.15453080687253057,1.9477079147892657,-0.5249941716051166,1.75072368068962,3.9187152270383967,3.3713349816574256,0.9294053599156098,3.817209847793559,3.662128894047876,3.6948478197335746,3.3397123831477,6.492760911875116,5.204922194082841,7.355153174585993,6.979638820598934,6.969339346756653
0.9721697051917462,-0.02878268424311204,1.9635539663524595,1.171430176907953,-0.4150781273835112,-0.3469281845705581,-1.30502139632463,3.9284236314652197,-0.4461195409705076,0.6006640143136017,0.01491296153551399,2.077168360592405,3.3193512539287946,0.8865773083145864,2.4892037144147325,1.5822180754463933,1.3515417093531352,2.1513997500374695,0.36687711057461486,-2.159100626863625,1.1220851495923938,-0.65226235633183,-0.8417625636685097,3.029888215790114,0.7117211972558237,2.534118479904057,-0.48711944588953127,2.554484521866902,2.0691754803241276,5.334956995119992,7.999017469904355,7.715116268230946,7.7634500579979875,7.200820571839956
2.0187697927182198,-0.1187515656328565,1.2004560501382042,0.18862497746219406,-0.7715073171346075,-0.930604690369234,-0.054273515998659795,0.7445924687956396,-0.8624187209037072,2.9241951632092174,2.8461489925051695,7.4489173401368864,2.3688722347684417,2.1822056532624754,0.7894249489247163,2.078411983058851,3.772436003652581,-1.3647415408079102,-0.5177640385376342,0.8527275075641976,3.0404668263408134,1.3945208083997467,-0.09025957012939698,2.2826764132369193,0.21759068100029322,1.3967319695711748,3.523379916860286,1.4838565687150642,2.6854787828571505,6.2748030380007345,7.913867689159734,8.82041632283671,8.249016490636922,7.66028669974222
0.80643319044362,0.9904943190340719,0.6219641559116468,0.3676587300479786,-1.2744320018684865,-0.55223896968824,2.020608288082869,0.9641623719976133,0.9406833144007414,-0.8387541878525927,5.266630796527079,10.691204614682352,2.921673015888428,0.1539874656833023,1.2001323553619603,-0.4191721600066831,-0.5910416227007292,-0.6561368135183505,0.13011302018387239,0.04160992912188787,1.0587328703543186,3.593050925397978,-0.6674664494347461,0.9742154681189109,1.7244148662532788,-0.49325948782557816,3.458690951634399,2.948778209635855,2.19762220019147,6.043291621300711,8.585750561704641,9.836623179790596,8.485410134128049,8.403440248089291
0.7530023704390196,0.9473448808618634,0.8066214784955826,-0.44372966686024495,-0.8338860805590386,0.008606601604813741,0.08802310565535189,-0.847934676342643,5.329291172556682,5.911082404868318,1.1651959198933184,2.1922122583143144,-0.6987600743705493,1.4778355885511099,1.7121391981110579,1.2779478789572778,-0.8166114087706972,0.6600900148906976,0.8737705805163911,-0.41523991043740666,-0.7061279206644795,1.4447878403867933,2.3886482043007717,3.191244817154116,-0.5965281437687724,1.3922349570072172,2.320183254671917,2.2651428572686205,2.217283082713215,6.039771784623487,8.588196225786241,9.846527257881464,8.585112681881212,8.116688063371898
0.7223244094426942,0.8374553445098503,0.7712354019743461,-0.7173980399178892,-0.6350563340890946,-0.9982980695856051,2.377007263458992,-0.5803431456379946,0.2790283695672068,6.351150971755272,3.7995036345655917,1.011234895570778,2.6706661131751956,-0.7547148828911502,0.9373474068194186,-0.562162050966334,0.2657674133313324,-0.7472422038911445,0.7843615666255989,0.11710543447269527,0.8594213909665543,2.521680968985193,2.0967293309523583,1.922685613926679,-0.2480816194168044,2.416293164340115,2.076068738804734,2.7024978026174664,1.8636673132783337,2.6095990834582357,4.098395793161059,8.189995954224855,8.058489455175266,8.41620124957095
1.108487568586438,1.2956045704438697,0.9935125432981722,0.5337313164822574,-0.6141796788349276,-0.48971043380813484,0.27344009124149915,4.67438028220857,2.786593846611345,3.8744011868868573,3.872523177876826,6.436688866227708,-1.0033175168163855,3.4779890224400267,0.21001112171619918,1.323037757868621,0.3194049560945583,-0.58467934277472,0.24898230072592642,0.15974460879089566,1.0409788380753242,-0.040394147976327635,3.0481721530187618,1.3498501995571424,-0.214652942349769,1.331693969961247,0.3343522921029778,1.720607983383247,1.3574073859385727,2.023838576829329,2.8525324524187896,2.5249639810577933,6.972248532651628,3.843696595149653
1.5596039743914645,1.8924042587954568,1.242288887641248,0.7426968384836795,-1.3156187309415517,-0.987845303205657,-0.8271730437469267,1.3093976537837242,-0.21365904882640493,1.7666474440767361,2.0131430782820336,4.940524048494546,1.5019523203187526,-0.07078012060047978,1.0993311014410398,0.45716480173775126,0.48291646397810384,0.19303787903569147,0.9704046301065955,-0.007200047686215832,1.8677795252989013,0.7989080255581827,1.6073009728581042,1.292961637824245,1.1258731525239987,2.506352631383989,1.2718102242441656,1.4911892535742197,1.5519939148611581,2.849564314593911,2.867072527380443,2.3216073600345406,6.394838397558664,7.492238487290308
0.9692018845918653,1.6172092987163644,0.024837457775825505,0.639153526695711,0.5184957093900127,-0.12960197514846022,0.8641969674516851,-0.5014359636244191,2.675962031778589,1.3222908088669771,2.1152811894483055,3.454789696838865,0.7545636754181494,0.9915594649549431,-0.7445990612912448,1.3811755718558874,-0.05545228805996653,-0.596381119691177,1.7440014866329199,-0.07979189890636965,0.6695061627717104,-1.3350797996574562,2.1150888993885157,-0.409599028406635,2.0797809304944574,2.4336797580534233,1.5156392940575683,1.811953063726796,2.5850763102753094,3.0500519295768567,2.4661689996481932,2.5519850925436796,2.150810363901646,7.864077033567898
-0.05995889976286815,2.092009418230923,1.3311402566043176,1.4418340641581415,0.27081413563861,-0.444777136799332,-0.29719268888729966,1.4010480808626147,3.569569394631672,1.3116032005820755,-1.5813857243116398,-0.44985406169764874,1.5385932665979147,1.4884935467717202,0.8221567629787602,-0.8625016737085509,0.27300823171765476,1.1073476484708284,1.0231942062565698,2.4124524568388814,0.8285761745764136,-0.2177402813336039,1.3263683852399022,-0.4497727151779531,2.875392643114407,1.794077525080964,1.5899963137896516,3.1197061654319023,2.490309065059875,3.0015495587032692,2.201144145769809,3.0520335548901225,5.551910538758719,8.201258105760909
-0.0859228429099853,1.7946294311195043,1.6815012772365374,1.5897982562104378,0.9944560321512891,0.8925106132642553,0.965566188391918,0.5203065844310594,3.372047414286815,-0.6651417838399931,1.768740511877155,-1.031887690514645,0.29626910305570997,1.004135499205616,1.879206250343303,0.7432643987571793,0.32316262718225036,1.7099886797772577,0.1178403523034395,1.8992483410606915,0.8486138329084298,2.603902551096341,3.149347743364276,1.3058922756229003,2.563643954268087,2.530343653497981,2.1588129765620803,2.075989692132196,2.057553668836236,2.3558390558805264,2.2092222897957963,1.614005689789415,6.73101976019989,8.292723281344452
