script/wind10m.json
{"header": {"parameterCategory": 2, "parameterNumber": 2, "lo1": 6.000027932988019, "la1": 58.9999434238085, "dx": 0.5, "dy": 0.25, "nx": 22, "ny": 24, "refTime": "2024-08-04T18:00:00.000Z"}, "data":
[rows 0 to 23 of 24, columns 0 to 21 of 22]
2.9450601176123374,4.4397959013992905,4.505653712574884,0.6830054925840855,-0.1684303357891089,-0.44144060202326296,0.9860748833832735,-1.1193779295830073,-1.5920937865677223,-1.461439685264198,-0.0015478863894741173,0.8452309201746642,0.29091394323513203,-0.9761842610108856,1.2490862683555206,-0.918894804520514,0.8384738117239943,1.1009049580778196,0.06271471199787504,-1.3902238981558475,-2.067842855525995,-0.4312810916199988
2.852894623920428,3.6846389127378814,1.3843853404905306,1.2196563308334474,0.4775200979950083,-0.5983895525071037,-1.680667933913508,-4.242321969603035,-3.4124189098867896,-1.629835560373024,0.005044481083036823,0.9318200420999745,0.5928304406357677,0.6421988476209789,1.6971386991240542,-1.4518483981026278,0.48288721345908264,0.17413864752920866,0.842748090743453,-2.023521992781122,-0.036806498831859144,-2.0016787750722824
2.0269798732793696,2.0698951763066047,2.6076802640118513,1.845663786041828,1.847762068837406,0.6477838242974495,-3.209404499472388,-2.57542012188789,-1.6693977525684534,-1.847446337208863,0.45985811931300913,0.24638878821963878,0.40395669243336474,5.4848322766288415,3.529384409244203,-0.4533487532365583,0.34493902886714334,0.0597317650894027,-2.8490697280627972,-3.0161393921905892,0.2855513674778059,-1.9247903001935727
6.334909369974834,3.0298222280048934,3.08908995097581,2.401240622380742,2.6609003914077975,4.245840704461087,6.7631033459917,6.079117983892767,2.494958921915409,1.326785618591091,1.4348135281644674,0.4927119391968815,1.4856193964090716,2.350954947110646,4.6399080640824915,-0.6764351035687225,1.316418140209342,-2.584216943719702,-1.7288291540801113,-0.6529137068649639,-0.5687113103741958,-0.591488204122709
6.400835187110821,8.972193809508253,7.830377319337088,4.989911993179193,10.785267512914862,10.563479081608287,10.472642332114917,9.329410813767568,7.6406783494695585,4.796794969311451,3.937897141933474,2.8257312908592023,1.5327729691998997,1.80347026997222,2.3578635553593745,2.2940965098040302,1.903156134275395,1.9226104754922881,0.4469597513694544,-0.6486667315413657,-0.16984216707204783,-1.6917607651957762
6.573347227298033,8.19019675022112,10.624989284072889,12.99597410966409,14.321553810811297,14.030747141000457,12.183789742785823,11.481391601928848,9.4396494094984,7.945620905973179,6.92677292510668,6.04725090175893,1.6600927250401545,2.3312089290215328,1.7732332337142032,2.3479759774314632,0.6271042018129466,1.2198698242226642,0.41738528563646865,1.109623776959746,1.601822341849776,-1.0796513857078236
6.919450988822585,7.881406027173352,9.38322325662094,11.311382155032607,12.66060618752802,13.352402266584694,12.90330087848303,11.814422725442245,4.705230677277195,6.677945363400909,7.8774590347779965,6.852804894843823,2.3703625799526957,1.1963510625180547,1.750717438534858,2.4642695531662557,1.079404845037454,1.2505706525362055,0.8014852172444827,1.2974315413095496,1.743658849282617,0.6478147990717357
6.61979575851405,7.744275032090508,8.854366682254705,10.018005512992696,11.430367416107648,12.147743523445262,11.882111297833426,11.53192778161607,5.414331723125673,5.934394394431711,3.844001195027168,7.770105391332006,7.164478374131955,1.5531779875068417,1.8765928679028157,2.298036040478216,1.1115155098122644,0.9299728355510305,0.1794056819511863,1.1869854457200268,1.1405340693436574,0.9921950700348157
5.853926568609033,7.188600692587564,8.342641919287175,9.18406424128167,9.903590853226321,4.3674758218428815,8.85571905545514,5.967382123487548,4.7723791945451355,8.495568450661308,8.624509549304445,8.316318268544787,7.626473127075905,1.8241211397379378,2.2556695598013015,1.961090828946674,1.2662541860011165,-0.6650199930613456,-0.302729673059953,1.7204076540336348,1.3307125941168376,-0.26002484379035284
6.517807263664439,7.3518491003214175,7.1536328387318555,8.276434630500267,9.110894183166646,6.779862674903517,5.1256229248057625,5.1046090064823435,5.109866398248902,7.743604023111,8.76890927021636,8.445238944455712,6.9335792976016295,5.828579226000996,1.6974476524353932,2.435716320063448,3.0498139255905334,1.6907649810587586,0.308798185472579,0.3771861025503707,1.211994154599958,3.1771912433966145
6.884918788874436,7.04294291323902,6.996478733505262,7.133383459715961,7.643101846113322,4.897110880142653,3.8898750479255852,5.299787715013971,5.980422430739546,5.157983954437967,8.792499912355021,7.026513131459835,7.060318176780036,5.032351175412245,3.2881412623721276,1.9083039969759419,2.6398200070529714,1.9632909199323143,0.40791709900839374,0.4441834216865329,1.1291696537613314,3.089578341292776
7.5597811882085715,7.492445069307922,7.078626737100705,6.460939177405439,6.9586992938090475,3.4129583653201414,5.004186833121295,4.913782078377173,5.128928358389214,5.231265707411931,8.63554204023435,6.961610315538521,5.850468696346642,2.4440240850034884,1.8128171338955124,2.1642859407328894,2.405117619373539,2.0503303487075337,-0.08809474442980138,0.2031969468855096,1.7228549232614698,4.37528383614572
7.114589352841701,7.511508523124412,7.870616764753234,7.345942906977436,6.657356618271022,4.092564743604658,3.75757195211484,2.9351212626993997,4.865011420902592,7.161980429755668,8.560211008427917,2.209495614207045,3.3983466663283717,1.8855629000178835,2.073490422900625,2.024631056942762,1.7038627567772466,4.098373429441029,3.3491270712947725,2.422260357681727,3.1099081192282494,6.394922507276546
6.838381241137494,7.3574910793646415,7.929894034672427,7.747747262392857,6.592505553808808,3.9207361750387206,4.078042946142499,3.3798854977898576,4.423382751258728,9.103716444475044,7.154717008987631,4.530504760777569,3.6442078324435787,2.200927011338479,1.8008233817295667,2.7126693261038057,2.4136668549665097,5.039821368114328,1.4623223400507022,2.11949030795668,3.49975491003213,5.579468038116606
7.084881386007187,7.947206765796496,8.142193952043481,7.885361078489241,7.416061562818186,3.8232872748914373,3.4475211289828134,4.103014115338379,4.146501826000738,6.518693990694913,9.705940654840902,1.2672483624929618,2.9592561125908863,6.9742930287692655,2.2567255027154394,3.4027709460903672,2.935844706354686,4.912956018940004,5.67225616774561,-0.09483078899895858,3.252085270972649,3.671724051169207
6.858690279286891,7.460839440155576,8.135360128636512,8.205019368711474,7.752340549240258,6.095245336977096,3.5846485488903546,3.9102888702252345,3.9009620849915354,4.2769430910222095,8.914033863731289,4.406816382739077,3.259500168003075,6.6037356404641985,8.55024086777361,4.379918830055868,5.620485815781476,4.806860204020891,5.3636930630370925,2.8421056998792427,1.6093376253490064,3.0504211580285627
7.070766192320488,7.195432858497927,8.026403007673975,8.16247439749799,7.605929849775233,7.0588070842716535,2.6361444690840776,4.072234514122022,6.9270352956582855,5.8952148853263155,9.199448638775943,7.021896724525885,3.478353282179981,4.7201756230218095,6.295002466890258,9.083780965360516,7.118721976693281,5.434137326266834,3.553627315531736,2.9295189661914622,1.8441903153328274,1.7454260443082585
7.808876665681866,7.191755045649743,7.595135963117241,7.755327231719837,7.71073982511701,6.141544848848853,2.5478399404832235,4.122106473377756,6.945975175992309,9.006671708763744,8.158265763818404,5.594355647328434,4.265021599353867,7.425686386624647,7.39550297719093,7.579099405876901,5.732501059538668,5.440697308080765,2.698734050562471,2.9596980450826127,2.13362524103334,3.7240461162664027
7.864447955324472,7.256689355633707,7.490133642708638,7.401482243703153,7.749560602821248,6.834629374317585,3.7460025026332575,2.6786968283133126,6.560437712045504,9.156940927937784,8.794077696230977,8.86683516497114,8.528450379253703,7.523561129703768,8.578437070586574,6.090002727038549,5.65790806015898,7.974952439497251,4.924092058319869,2.7620664503465537,2.404034660929277,1.1506027363256526
7.858764852975436,7.665904665965597,7.182401681652239,6.722591288993957,7.3745352410094185,6.891017824892194,3.397950325159126,3.4064955512003423,3.7771744971044425,4.141801554949639,5.423954282464411,9.493757645451746,10.123472753081026,5.679563312392153,3.256494317029676,7.784924557468309,7.893831684332342,7.089291224678316,5.600931741533447,1.0596329814288417,-0.5085941898450336,0.4169387958612138
7.8056922725031495,7.423036403521275,6.881859513825995,6.109903199228651,6.60659053291778,6.516460070062715,3.638988367080883,3.2833944957636887,3.3385251400458795,3.9791296754009284,6.554675896983397,6.341116742590211,4.122408698839183,4.476365467866525,4.298073762852734,4.451995094778582,5.972413604897016,6.952195318077377,2.2685987158064043,2.753372128447016,0.4885547864629154,0.49421968126143545
6.978313394666077,6.750152052923311,6.576371155274283,6.37977976707133,5.655057372813124,6.046249534054983,3.0029893991618204,3.6480215549457347,3.538101423222789,4.230578891516159,4.852206470017537,4.406499424289209,3.4530257225248446,3.639882988309377,4.639451229492192,4.103228110131743,5.543028193432686,5.501539276867766,0.839506885931753,0.4834642502416997,-0.3191530933846826,0.6926120310256293
6.316072982202265,5.6329088560022615,5.403105527325643,2.5981730090561324,2.681210651443918,2.7598538557384464,1.7316732908982082,2.315125009111767,4.220379238953127,3.621850076084241,4.012217933870769,2.320664902973902,3.140373783303994,3.3337228677986843,4.542680020758246,4.740060331764577,3.678028182837661,2.750864027897146,1.362245672320872,2.1866899892220393,0.212786046345135,0.24222958932857558
3.310394857486454,2.51391878776593,1.8465442612638379,1.6222897656755098,1.6825547298400094,2.1164353070758106,1.6840656123110889,2.9281589679632716,2.5504759909770143,2.760729743559469,2.4613237531911896,2.870761143509677,3.4923520493857105,2.157513672386932,2.932858691160442,3.783152839292222,4.4986941623291985,2.896109844424193,-1.0467554203305014,1.903125916096104,0.16945937458529142,1.2206833354883926
