script/wind10m.json
{"header": {"parameterCategory": 2, "parameterNumber": 3, "lo1": 6.000198445256149, "la1": 58.999992894266676, "dx": 0.5, "dy": 0.25, "nx": 22, "ny": 24, "refTime": "2024-02-04T06:00:00.000Z"}, "data":
[rows 0 to 23 of 24, columns 0 to 21 of 22]
-0.7209675298886544,-2.1934599173906806,-2.410360434638596,-0.9007278485601063,-0.45829633278562615,-0.6237784432504595,1.32146886194131,1.6740354244802715,3.4966546156825626,6.251296103110108,6.017277592712206,1.9200165686478738,1.6854754167853,1.2087997873635623,1.4057279586382907,3.9141275846923933,2.930593896357605,1.8888474837832017,1.307496194641859,0.5050361127959075,-0.25573497250184857,-0.02628002857691035
-2.524046553269593,-4.432584013629591,-1.5535881666218316,-0.8215399324832199,-0.2191404568388947,1.6397047518388927,1.6651325311594236,5.764184015081675,6.987352793562324,5.978766123412632,4.435019389862139,1.5587555992572009,2.191968684621478,1.8905824200606112,4.656115695881183,3.577211688501675,2.096683104460625,1.7425587209954718,0.2783127248889494,-0.01793961973924715,0.4769562670290154,-0.30819877069014023
-3.8042164144231374,-3.861176735042981,-1.4649980354801304,-0.4692761996049521,-0.07586324436938777,0.4597468147707853,3.851394991150305,5.475277593239287,5.32104362493112,4.907386942671691,4.47199669411951,1.9411881653836036,1.21825247869793,2.366797108605817,2.5920181932456448,3.5023304049925126,1.589055064338687,1.4892135604784038,0.827518578638942,0.6030806760333023,1.317642834284181,-0.15427574991371168
-1.698475840976336,-2.66935920893195,-1.0995031606781924,-0.03395067565202194,-0.7089956364391392,-0.7607863312648864,0.18026167108473334,1.4691221602048616,4.006801654272526,4.153090203718467,3.9243834208293706,2.2224105860130914,1.1211593134508446,1.8676033528490268,2.200617093040769,2.557873860443241,1.726739497808613,1.3515061302809197,1.0485024356523858,0.619030531119815,0.2714979177464838,-0.9017960803969991
-1.2916346227166375,-0.6255027795013115,-1.401466239132118,-1.2057596806340594,-0.7185747689882177,1.2693548112686268,1.181080760620165,0.9094366598832534,1.6251133217243456,2.3064626102333308,3.03409546362734,2.6436179081313993,1.1514164161240625,1.4516781018793645,1.058990346522533,1.044326064962481,0.4369268671687607,1.7247663876600905,0.9812757828441755,0.14284389051521504,-0.30330462580939194,-0.9006964985237013
0.2447532547686741,-0.16334068000954569,-0.333285684937452,-0.053912064671631614,2.9003112289100286,3.3179247091710913,3.7145956248644443,1.0665961897364473,0.1565546833713933,1.7213935213069513,0.4992870994985546,0.05531592588294189,1.443367861042287,0.23061881414895127,1.8383864038460862,1.1296961195078592,0.4384247496711721,0.7386031205065249,0.5716307656605543,0.07774571002931745,-0.3456696884347829,-0.5702217043787694
-1.0000957613074488,0.19111279485624236,0.6751949391741724,-2.3328164504309887,-1.9293173096696066,-1.6337161476982398,-0.0833201076239253,0.43733913065516855,1.4876217769495648,0.7245076469084119,0.6021618681198984,0.3853880181448435,1.6777198369464397,0.7069159662107203,0.6875028578026517,0.832839236575123,0.48152748591287264,0.22839539563334832,0.08973181305933192,0.05338737027717578,-0.05659972916379265,-0.3187822783045571
0.8021138940861442,0.2755605583610443,-0.3072334002866576,0.7527819504268982,0.974693700493065,0.6276447745735688,1.3058123305720983,2.7124502035689697,0.9111325647436553,0.644579421127353,0.430126232065015,1.4644846549195407,3.1454235531042536,0.7208843773708095,0.6406123769444517,1.6528127736725684,0.6171616586988808,-0.1920891280101248,-0.06749553353833061,-0.23969585113783207,-0.5081535583423626,-0.5319483854000427
0.537459486193799,0.8926343562321806,0.3037907536495712,-0.1621497954053867,0.21385649926589523,0.18506862839406835,1.178503623530937,2.4520521945022185,0.6696063224928329,1.2031674313150182,1.500032195743756,2.9775306777975334,2.713364598404548,0.6982950018045423,0.1871713604633317,0.8844914147431049,0.9852508731798238,-0.04520652312726325,-0.22604419410629795,-0.7215148664356258,-0.09429823567189238,-1.022643420307629
0.6409030234569243,0.5406074903505869,0.4745033289151432,0.5583044937246904,0.29193472852844515,0.47689012044939727,0.9634059749201163,1.8464598004504493,0.24401826426747497,0.37751024780421366,1.8850768575557113,2.890075601731948,2.6991587393702825,2.232533801223627,0.8689608153224085,1.0166864873025807,0.9664654948855499,-0.3823994618908924,-0.8354519393222358,0.5663957789357211,-1.0213957280307746,-1.8170615787270132
-0.06526494030787684,0.15432446001551314,-0.2208320993503362,-0.02700733717260379,0.18336203165476386,0.7402402891094358,1.0547991744779286,1.5532606570928806,0.1277062493704332,0.7491151017291144,1.4546810693341157,3.258456385605152,2.745507560188182,3.008488328403853,2.006486939230679,0.5348131138805237,0.1552673173636911,-0.6266515750647093,-0.9238330054829358,-0.8374984409991576,0.04488082305192648,-0.06099791298602623
-0.34867323596661476,-0.16276162019161514,-0.36294932791308765,-0.2924739902449327,-0.06926997294826791,0.33639295652111184,0.9903188528568133,0.860442902418679,0.028936709182493532,0.6233545113935971,1.6213643591390756,2.6183173621168647,2.6750954171716885,2.207237399265357,1.4895771642168252,0.46727556808632936,-0.24816695581420298,-0.9372399240630939,-1.008780362574728,-1.17076866490379,-0.8532565623075157,0.4164467528444626
0.10340496947397594,-0.1510499271511419,-0.22897471481306333,-0.7199600664746463,-0.78402676060453,-0.21733787021076453,0.526314581979353,0.5157723116385827,0.5642166910697016,1.0710130384504217,2.300067038571138,2.9216933425537537,1.7303948621704401,0.6891006523854113,0.2426772457699149,-0.10101162942425732,-0.6573335107947976,-2.120582530282304,-0.836572242461286,0.45621435266194177,1.5672631245268283,2.5568632445024777
0.05032790425305741,-0.1325519284509336,-0.4317998272659922,-0.5675406683148339,-0.7596728004079625,-0.47005731166964554,0.08011900474131321,0.49445956221469917,0.5007175305441487,1.654472732730399,2.6798368621398736,1.9994773967161796,1.242998991697705,0.2172075689240646,-0.29202274056345323,0.22254044939577938,-0.4304763624860629,-1.5470920766860348,0.7178359425465453,2.2571596707905317,2.772680542238964,2.980687268020784
-0.21269274591898218,-0.6349696782527537,-0.76309517187367,-0.8047295588537757,-0.924981925043424,-0.4930950178009373,0.048286050900190405,0.5375880110648853,1.1403483196841275,1.2985252865606582,2.0063577461611906,1.1381578003396995,0.39751289130404693,0.350548182381793,-0.23155397209407372,-0.20566375793625644,-0.18990803649853713,0.6255841912854585,3.4089631606983994,3.6434823838729504,3.2851027898103826,3.5914563394208754
-0.4669739329726661,-1.1092777176209885,-1.1603653306830082,-1.125564449197308,-1.3255715251696742,-0.18958720066131252,0.9417164163837954,-0.15693962559770974,0.018720112380993977,0.5843350513500142,-0.041739909539083415,0.40383150839722676,0.505444116978391,-0.33758704568659087,1.1100323725199188,2.6541305840703515,3.683241792265624,3.6828214143960563,2.5909295523377547,0.13236084749202157,1.2657115592480561,1.8677589657710563
-1.0684476427539082,-1.4263516019083593,-1.758125881606728,-1.6496070181189413,-1.2688532613643289,-0.31329758967252325,0.7244730037288363,-0.1559574752922377,-0.49789681405926994,0.5001147685681595,0.5913872919865086,1.4473785015373664,0.4774939256164656,0.49028028787009614,2.4785014844988433,3.664082678693126,4.853440075997449,5.243441472350595,2.72834069350259,0.4617481016755177,1.4125222091203025,1.0894040573676858
-0.8557430269266678,-1.5244824193426103,-1.605590018356211,-1.381240192346132,-1.0722310663853523,0.0011646998217778102,0.7483473219027829,0.31939055905628067,-0.1838604030355242,0.6449106645177173,0.9055759752672697,0.8792389382653504,0.13140803259338535,1.9610339668635803,4.090496575539758,4.672293097957881,3.989600196578855,3.517321272522996,3.1976885430905457,2.33316227422513,2.4263705056725855,2.03686471132705
-1.296949460144065,-1.3517056078066707,-1.2179366721930465,-0.6502037544501232,0.2984061920886246,1.2950605881929407,1.9053359649047101,1.0702020330151756,0.5287061876422716,0.7808744812499608,1.1346955024200918,0.6374494659950954,2.105860870657926,3.4257001105048475,3.250378176742525,1.5999642466124282,2.4423884018799855,2.4374051512634374,2.1150829579598347,2.404954682953395,4.404269201126635,3.8875603106022973
-0.5631024673261869,-0.8570929688054286,-0.34156983901028876,0.25274296344089026,0.7516155155606734,1.8447240013338708,2.119247066527852,1.4756222912996817,0.9784752421284302,0.4728110622114836,-0.31820027590578354,1.276092106763803,3.5426897575459644,0.937071109659251,0.1778412146549481,0.9033125392606839,3.981161474329827,4.0511076299415905,3.6165942582975217,4.530730369762784,2.972350473151659,0.5476257073018853
-0.1303158972270116,-0.34342724522138934,0.0866687935421231,1.0341554688639991,1.7626620461885407,2.635096721241392,2.3990118721871987,1.6572751400198422,1.1548311470428199,0.4189003943403333,1.7184704054999396,1.5727565430260986,0.9718066282351593,0.7715393567216189,0.18202130043647236,0.903144135357103,1.4180626035473716,3.874421014359618,2.1276048478593177,1.3039870465729655,-0.1473827789457149,-0.41346632321526877
-0.31912001893156594,0.3509361414577935,1.848548923435629,3.1687289964370926,3.9693333800115975,5.2532437446444975,2.516237823181966,2.2630976431356333,1.3048596188096515,0.5620500986436873,0.4767931428545212,0.09371939962599442,0.469734096585436,0.10842094716341207,0.905848953876385,1.6082387550074142,1.4338382758344774,2.6378215162736085,1.155350169238483,0.7684921229250306,0.002322064225146399,-0.3122543148813953
1.9646872274949745,2.560805023787137,3.3780303328156798,2.301486738751229,2.5316906116519435,3.078417473584226,2.1989048669486473,2.01892854654428,1.1041760055131085,0.6173563926805968,0.5059137505914878,0.3542372827363567,0.9235953177280167,1.3730101034557365,2.3158024532858357,2.593530354391123,2.144689467859411,1.5371838846484398,1.9526657842054784,1.0969278443182542,-0.29809153215017736,-0.4990798161590887
1.5397820125318928,1.8294666256945553,2.0837536056577592,2.211608510360986,2.0047971734898558,2.2760404896082007,1.712620081291922,1.370765610523537,0.5728975406788189,0.24411201014838,0.05986666525578243,0.9273396310259459,1.789461549631845,1.5393265002075824,1.6254861313209408,1.5822194698280765,2.770350547343707,2.7603986597499444,2.1469457330982613,1.1159776673080684,0.32656076947650187,-0.6253972861068733
