script/wind250m.json
{"header": {"parameterCategory": 2, "parameterNumber": 2, "lo1": 6.000198445256149, "la1": 58.999992894266676, "dx": 0.5, "dy": 0.25, "nx": 22, "ny": 24, "refTime": "2024-01-30T23:00:00.000Z"}, "data":
[rows 0 to 23 of 24, columns 0 to 21 of 22]
13.731902617218022,13.134928354907977,12.648784437377877,13.004485650293024,10.599478256637232,10.014560166752174,11.721385525173918,8.521441869124255,13.693216735093353,13.598549631493277,6.706212569814689,10.932812739883742,13.009711474986105,2.98473416414161,5.231466315750767,10.64205787257399,11.959833671760023,13.492934073826687,11.389488245071968,10.739019798887982,11.334144686166082,-1.6485002443019037
5.925970506723522,13.138793447949272,14.719743094898691,-2.181080241109995,11.382291321034558,15.30837303335329,11.337433006259914,17.505191878620387,11.176012557844889,7.145420444640988,10.74225111114769,11.111933642473803,12.575520101250676,12.635936098138314,5.892285463541815,13.370763563269692,13.696384554947887,10.092551710131033,7.532737674805219,14.515499593920618,12.257270494044375,11.50656311121962
10.136225569290168,14.744400221636127,8.567283194208617,8.454467073440208,14.567924973314552,3.314948254907574,3.6890071183666344,6.673492175696939,13.028294263006792,12.20013491319738,11.440128331976306,14.290246531373912,12.158727783600797,16.379158361067,14.566823686170448,8.484074324250948,10.866707405124954,16.068230214330075,14.525404447346448,14.023988953592708,4.33253741595675,9.53135878994628
10.26620170724715,12.734036895488964,14.767661657717662,10.990271829449846,10.612817492575331,11.784992196923534,11.738371005857854,10.291610762941232,11.096279884418871,12.329335170460972,6.3802909712033555,6.1048144000500875,8.977838565312851,10.664276890680965,13.308660250525033,10.28289521875656,11.083628474462385,14.666641377164,11.521485317858886,14.362462668571201,11.670661347793468,9.453368822002124
10.771592616145343,8.757881637395364,9.386965143810576,14.665311783762428,5.941347095396028,12.25886859449909,11.460220682615823,10.411135243095103,9.533343332885677,13.67510371120892,8.780514887167126,10.094233782317403,13.037063611282976,7.902952791362474,9.079738232532184,11.062987507394142,10.96362732112012,14.063603615307073,11.074210751961282,12.054084997844454,9.846650844437747,8.963955755714906
8.577707048414176,7.905596132965053,8.350033684684123,8.343144363865157,12.792367282918859,14.803315054751497,15.551923683286809,13.389072693633695,8.823207539727246,12.993995947177845,15.067538205090113,14.476093784581591,14.363425613531897,-1.549237120891035,9.899235019188417,6.2082666810237095,7.644518835299222,13.293485945186472,11.300360458862038,9.08609636148654,9.04525292737876,8.65316572408722
12.253397177338684,11.57036060419475,14.06151194894199,9.243562078488779,12.462265865544909,8.8449926109114,12.940447225318136,13.241570597070831,12.933147706994205,12.00788337721288,10.864975144672048,16.45612103488783,14.677460382501243,8.088260280188704,14.024290932817493,15.312092032050023,8.893935853529547,13.64891464592026,11.606901672050444,12.186906560002598,9.135421229795767,15.644175718343952
11.139531143951938,6.695794558440699,16.742762160247384,14.57872874143566,11.964777469641813,10.476738511787456,8.913276248349463,15.717996287344798,14.511077192226072,15.496131045471055,14.79328722392282,12.295475315889464,10.36911973630533,11.060750501097454,13.220311928204183,15.739388912099612,12.200294800327308,15.570449359788498,8.594502898085247,12.599754972748467,12.612720425835274,11.230904000814512
13.147233094555581,11.272277821963979,12.199356145363717,7.634401337565771,8.768905940497039,13.274015619224118,12.112435312423107,16.99412940160377,13.059391199270268,14.19303727500384,7.5448923902720075,15.461499913387689,11.475127283079164,12.335974379226792,12.794737344748894,16.034261110525396,15.949255455169899,11.244923851691633,13.365629665528758,14.173291184890479,14.750926917030055,12.112663938303859
4.377824982825564,12.417595845057475,4.611450234106379,17.427808858610636,13.30527515660925,6.543775517615911,10.899006774567141,6.359310402613875,6.475426465353909,2.680917812117145,8.681859713277166,14.659452723108872,9.843552170627184,14.018166667431696,15.477362516831784,11.546095593222876,10.639956192435873,14.55749802185394,6.248954017782081,7.596289721605206,12.742802059081047,11.479429243732678
8.386754067910324,6.864215778907012,12.958370051982346,12.291775269186468,-1.0816384539485,8.62960257602587,6.898175636676364,16.779728489026493,12.817214735426012,8.520316055970989,15.102230150245658,11.871454316359571,12.057070439022494,14.223613570459698,13.868208352204688,10.569135169827106,11.144399318008364,7.529989013289054,11.852998174843236,15.447586361385294,10.94487579836192,10.907173226513368
14.346694220032292,13.936886207568758,15.13208229230539,6.9651180483507,9.835028322465341,14.255230449007184,13.80495772842881,3.3776743377517744,13.051354145779259,8.074200612900999,15.634524145541008,4.783760534197742,7.060710836051886,12.612502319595087,8.342304180388286,7.248008019157898,16.656836486955072,6.377195063315148,14.366985952367692,11.837423402445701,16.00448974930895,14.143652004893198
7.78811878211601,4.163371141269173,13.53253751066162,13.942691850792276,6.096995516775203,12.890855444742922,14.354654655075862,15.162016545475112,11.434579753580772,14.615407474777529,5.721065071936784,11.23527309458307,14.585907419408363,13.88944232449119,10.759179821226882,14.699261046046452,10.163968972544218,13.76364277423088,12.32593174787657,14.022714554052518,3.819268168952991,10.977202256562444
11.897206751715162,13.768019214706337,13.49627312514338,9.394036230859161,10.964348995060448,13.413532506268407,14.011675091660559,14.53053493240748,12.978818304605758,14.054463249192022,9.037072758739017,9.05998145984113,17.018652142039677,15.71119576242039,10.820004008243966,9.015429475062817,15.37646183823281,9.883456320029484,14.450617352911085,11.331337869331188,15.190310295125197,5.766767460356681
6.751481461808355,4.179965746741117,15.004177809019216,5.314527849348944,10.827290556352974,14.865984509510564,9.381601014393285,15.831314716083307,8.857094134318173,4.615098603712226,13.07027845915568,13.940776290438542,12.420350671600618,12.314917447207986,7.950409522541351,2.233779296930219,11.64868703202462,6.739776322526741,7.358934193130642,13.35353893522761,13.36329743149756,1.6362585146661555
14.545261752158613,15.4779797099244,16.169620331580997,12.742528242720761,10.126219319874046,8.166166796973494,9.265270890830763,13.885818374055573,8.673026463580953,12.918860869933914,15.074032129606106,8.15733483425069,14.344368506567262,12.116440377546299,14.810460141712923,0.8245860944138623,15.354767583996574,11.90725310389653,6.445090237092494,11.020156087452403,14.432648582153291,8.302489000696427
15.92234016285237,9.752252841914382,16.891605748199417,12.90666742051297,2.3145765126262234,13.399784600732751,11.182608348885054,11.155458277976198,11.293035797320888,8.179471617234746,8.139410292647794,14.018129869721617,9.584863338703592,2.0210564377849916,6.4918206923917365,9.265426226695402,-0.672573857088418,11.345467867485741,12.900078710151073,13.940260591202602,10.672152529985253,13.038134323349349
14.81158170239279,5.7642898654273145,13.144036489053011,9.212175155786786,10.229970940483003,8.667616456685685,9.298817400851728,11.873864598807383,11.577122098946951,14.779264355307491,13.359636936380367,8.921826864568358,12.168831965673673,8.804285279940249,11.193565556306353,11.470177280988352,14.328893215549524,10.294906265792632,3.9324341207041926,11.57839752324753,14.31392323520401,12.02919079713155
8.25845360668367,12.205712483604799,2.411119068792611,9.95978343935775,10.197488774075257,12.529203587724119,13.329077597269409,10.89967005788593,10.359584320191011,11.656591041329206,9.930914317770373,13.210798789269917,8.057487505972498,11.682956227815254,11.513849295951488,11.384565422111804,13.49140940963539,11.536883780005464,12.664356835708464,7.4011764223466,16.614766353442203,15.182634416227796
13.895709770010175,13.908885825021018,8.966152235100902,14.591429662500678,14.652013839277844,11.0342580707969,11.345222249869726,12.10817110162595,1.7171372989851785,6.666396511914718,7.778308567568805,15.515664945108451,4.876601570928963,9.475141444981105,7.78627224868656,10.246555192447158,7.369038120841636,14.530382268121723,8.241798447153666,14.443110274094483,11.490318576813198,14.04948551174357
10.910181092430497,10.774489323243511,13.144470469949017,8.148700144904383,5.781050572139882,10.260790065946576,9.466877734654112,14.302572612303004,14.27680217803782,12.63999929815285,6.15657962587626,8.177178168819362,13.091178460112262,9.175094298530274,10.439016701119026,14.765125326610294,13.137410931109265,8.750137334521046,10.933454301660891,8.189270870799369,5.971982348018354,13.111648423239421
11.768563961525958,4.262326679128777,10.112552586612729,2.269747209063198,8.299409742678456,9.464328882340883,13.744042124136623,6.104383605258232,9.136374580022183,14.772672508681724,12.465054470780114,15.096140133673357,6.410610970178352,8.225491895132068,14.239684327460521,13.03115316565401,14.266241965203731,11.914373359915189,14.978861776361965,14.171814172827737,12.779355854373721,8.93269875705583
8.231990390792792,4.672645363301668,10.989911378415554,6.345010396314157,15.573898949960174,10.284071931795856,3.8462358322835013,2.9251704637367237,3.7835589025339433,12.401100691657403,3.4520108489464727,11.098004199622686,13.715668487191017,6.315916410288759,14.736449492198682,10.25781339723223,14.351960759864857,15.078191096109192,10.257249191186627,15.529797949844141,9.387372102122002,16.007608575821077
10.433081902732274,11.54119882437137,0.4678245702788498,10.970576409475656,9.840284554745596,10.38680876196474,15.660463559737584,10.028886265785623,8.279102440365467,10.052763295863128,8.835943351690899,7.376136589179507,11.598733714589619,10.753446947825074,10.973970769652322,18.5367218508766,5.864763802979202,9.873976545313134,15.593121665899572,7.273162199932271,12.847012841705542,14.441731231003864
