script/wind450m.json
{"header": {"parameterCategory": 2, "parameterNumber": 3, "lo1": 3.000054539987559, "la1": 64.9999836372058, "dx": 0.5, "dy": 0.25, "nx": 34, "ny": 52, "refTime": "2026-01-23T22:00:00.000Z"}, "data":
[rows 25 to 49 of 52, columns 0 to 33 of 34]
11.982904728253816,11.884528919813471,11.586316214096497,9.335301097189106,6.27663664500114,3.695892891080716,12.303858375955514,0.9992720679512163,3.314169909428429,-4.27251453027257,-2.2647649194651427,-6.761759586521466,-8.231167106602534,-5.849750142070021,-2.610811211367177,-1.170862964752907,1.1331952600349149,1.7249199583231303,2.3191098669796366,0.2607227738785255,0.8212237177775581,-0.8448799018802677,-0.9221275560020348,-1.2616517334445996,-1.6390006318917454,-2.8252080611424133,-1.7061339406429894,-0.11731626289738463,2.28182490832931,2.8002052297454116,2.816566610663459,3.5187047370885174,2.8363496428933694,3.118071737303403
11.41224140883472,11.631209133187038,11.167035436785184,10.500704677695209,8.773873609608625,6.467798469005786,1.905075417100302,-0.9698610530402477,-2.6929854080700966,-6.049845967261548,-6.5287328859259075,-7.031644480832296,-3.714656805215536,-2.921180479632344,-0.6664498667363792,-0.21349242501188895,-0.8418842600575231,0.12535848752652404,-0.038503117721805584,1.175336197640114,3.122495397044774,2.203172660978745,2.4254377143633117,2.599372741024746,1.5811521081140778,0.960207983745855,1.149013120498408,3.1240206023732533,3.286159983879913,3.827100135193477,4.3398408939349515,4.314212770194124,4.538392991534862,4.68890855266179
12.220181580439204,11.93292796868046,10.138392818268722,9.510144307275057,8.498965589871935,6.073447468691975,2.6572293856411613,-2.477229530973953,-3.0202554669539574,-5.574933648764125,-5.499389057886143,-5.168508071756853,-3.193116660461461,-1.772664251694441,-0.863470448977568,0.26510362268136245,0.8800751599836092,0.4341893047753595,-0.609225878798005,-0.5787141240267555,1.4449714117271188,1.7564609199680852,2.016019941258704,1.2883735748203278,2.296845626230444,2.445860812265472,3.011765683804225,3.1379073321262827,3.1464690916750846,3.1903929922861263,3.735804564424123,4.0514406017393965,4.625846000034688,5.111929813320553
11.383222409435374,11.315715026986533,10.99488856379066,10.332119488936556,9.001800698323862,5.820881356450057,2.6513542855328343,1.0475887306496854,-1.1527030380209349,-2.4320322435871287,-3.525533399667452,-2.3910256630955917,-0.6623959877913795,0.27816251124890584,0.15621089194613805,0.5518618411545672,1.374099316649563,-0.3211579621276733,1.5811317305172266,2.1644767668536877,0.9739306876326921,2.471830556965035,2.1089765826818105,3.1931707447879663,2.664613180673193,1.7060354261698942,2.8404268241399273,3.1315049809659663,2.682704072076995,2.785373679733247,3.2009207115080915,3.5098641248982307,4.126311294119152,4.737357190288
10.673563646473054,10.810712809156422,10.104871592232813,9.22262983874106,8.371630105581326,7.26490480916146,5.453814457930928,3.4763905857407322,1.443845806106798,-0.10555604717950656,-0.40212854388623476,-0.2978293734056444,0.20209243811867345,0.5522707155739428,2.139702244163436,2.0249730999735656,1.101467198075847,2.3100270396781455,0.966194641911716,2.3426019627062495,2.509348971740733,1.4159964139501693,2.174892612993654,2.803560782767396,1.7881549391215341,1.4372564529260803,1.5817634494393065,2.5120139875549508,3.772700642993574,2.911670150081546,3.4805786327091885,4.100000887397573,4.457491645693803,4.944709458482838
9.683122579399036,9.690626629285935,9.02412948212623,8.39840672494472,7.700020915191468,6.53999034153396,5.1115529718277415,3.4599680458085906,2.1423985322424746,1.4401556696336149,1.3419070035558904,1.5568342474147148,2.240555991929164,1.0956715370796026,1.927864189498726,2.6776682693517984,3.062770935652217,1.35333396641004,2.1503520311194952,1.5787581281791208,1.9772651845697464,1.050072054315748,0.5088454727637262,0.5649081258745612,-0.060626743723051754,0.763888705687553,1.1319374556600517,1.8343201058777021,3.0285741925378424,3.0362938629531295,3.6359006949940373,3.82678220093548,4.656273698434381,5.0629904865626445
9.21109485235943,8.9037225397512,8.506492967709539,7.951254021671652,7.195300283678665,6.227713075940669,5.3597132490337644,4.333293750795324,3.4761557629135753,2.9747576198494396,2.7394375790061005,2.4220953707581896,2.3045624313591486,2.4765923684758575,2.7686918044856452,2.9121038631282876,3.1327172767663853,2.7540930387631843,3.082981976255601,0.45005262483827335,1.9747267177722996,2.0119706657591023,1.9510445193797425,2.111105036802332,0.4712941454277012,0.7029415060155948,1.8344600056377296,2.6434575698272953,3.274108192120686,3.113544376521731,3.5905363960842442,3.494129028461639,4.534019305963166,4.982342940030203
9.938434558995498,8.681364091231671,8.35726308082157,7.914583513271238,7.027034827978493,6.3169539897632605,5.531202419308549,4.905347974994835,4.1550940413938005,3.632695871677937,3.322043800574684,3.9661422916453546,3.040258719534089,3.1387371524991536,3.670853085646019,3.9144325775627657,4.185764411879945,2.811938417142519,1.82650041007199,1.7499245347849934,2.347253831211331,1.8491901937675543,1.0754227554893423,0.9722873382444995,1.1597967892610912,1.121251374946102,0.9434183135011109,1.8481146675341844,2.82041542283704,3.3468665617796187,3.2205956930294866,3.932471016812158,4.402937942131788,5.735378483741811
9.890925044028142,9.351551979869416,8.129487832869177,7.555147831853397,7.3941186946446535,6.3437563100335215,5.650348319568018,4.990385088649351,4.518213121751207,4.287233929806757,3.500788252151836,3.7226075747602883,4.086113559333031,3.6067779634216826,3.6266944109640975,4.152697012989138,4.290096029316464,4.248063676177789,3.842432612244941,1.167389692016107,0.6769320623180284,1.7857104843542475,1.5182247854232092,1.277034000151524,0.9327390225797056,0.4243796687197376,0.8663012747442349,1.770269990315999,2.669715594369915,3.5042284954034866,4.044847975860395,4.4294150201653,4.565810928901677,5.2457800633836165
9.2116253200027,9.40489212318237,8.922712585515493,7.857363145423639,7.480035497514916,6.802388608118977,6.100829982579779,5.450750901722713,4.925204334593291,4.4718073815973804,4.2913945465156305,4.558192621494291,3.4526148631777,3.0934350270374824,3.030684276451651,3.7198445976706354,3.5476113139962906,3.0969514288644846,2.5647828557688794,1.6148617014773448,1.6877260915401,1.2297613516681363,0.7844040146074861,0.5663965465157106,0.7418661047291202,-0.660510468204075,0.6278525036505529,1.5433895701896514,3.2162540441976457,3.9897027249964223,4.367326950662674,4.867853553503266,5.177750887923416,5.719269449925076
8.84791477664711,9.087297441334389,9.143269012949009,8.484753999243383,7.474047829876261,6.743756503382362,6.501463972626793,6.0325294429254965,5.559439883519869,5.189874364959797,4.299515906475787,4.287623295528605,4.038075517294976,3.779093144532983,3.5483737923938388,3.615855430278595,3.0833646457992323,2.9059299371944296,1.5295745603053532,1.1128528617151032,0.04648339359092856,-0.33907943435430205,-0.9794682636799066,-1.3138944428770438,-2.1193783964687913,-1.798202945823033,0.6537770274579874,2.6576066633676656,3.364020395895909,4.165049271599732,4.53421700759401,4.964744567140914,5.3096071440436745,5.849920706244646
8.325630679195434,8.207384688977303,9.018813302656723,9.022647045668588,8.150859726675604,7.296291013036584,6.516248774472428,6.303055289150568,6.1958509738224485,5.291791929847151,4.651849886546957,3.949694997400821,3.6876636006384835,3.5242592106248796,3.247855790813133,3.3449697577649906,2.8140504833481663,3.082690122191017,2.8369592266976253,2.7706966817542664,1.4320965477061478,0.4130060345526568,0.3354023891488135,-0.12831511973340917,0.14133026181331637,0.9180031440241071,1.4859854895438975,2.6642071288163276,3.558253280210962,4.610514017649189,5.216499382860983,5.810532961899113,6.10381430749466,5.859029086245529
8.263167020587167,7.966354194771031,7.888301838619334,8.841417184854583,8.637253272448335,8.076354099857397,7.100416925607252,6.628816499191174,5.9668287522994365,5.498974967254441,5.234555574863464,4.605877098301165,3.374341067412319,2.8364694607522156,2.092053862253107,2.0431425517247708,2.943617592207776,3.700796044389211,3.2693467873224615,1.5311797509985883,1.1898851644960198,0.613941145090527,-0.5187766037991578,0.906104183010358,2.7412152088956883,2.6792902445175435,2.92551323744664,4.1589932808194074,5.094878670748641,5.234778019437424,5.735885245411,5.848688284145117,5.94577028144502,6.377126892306474
7.757416822700684,8.060444607686078,7.672042674035845,7.7586628721701185,8.432112888994121,8.034436142854746,7.43068750527466,7.197318482501113,6.670796177328484,5.848302477132276,5.003561912022328,4.35676351761951,3.163820977226981,2.2951495893394394,3.3651766078322205,4.0224693609323,3.994470407448449,4.192936534290724,3.3163618694931927,2.301587983563917,3.550286805476654,2.5207604678343882,1.0395373922522153,1.5707240463581953,2.081371754329681,2.9262442765266856,3.2816589774298226,3.3789931180787076,3.687533195248791,4.938710023004078,5.13325781850446,5.775324941926142,6.194428071076155,6.716563363402304
8.547659196412896,8.544977749618916,8.218676617755856,7.330104295498582,6.880444259406521,7.771557869757555,7.729427716285921,7.196052880123729,6.6782895089262295,5.9152326606672245,5.263315447816049,4.509161270008154,3.9392421024384245,2.990464399542804,3.7763179960151545,3.9779921696496374,3.662960594675017,3.0730090764212945,3.3947841106284766,3.2268013603088432,3.266911887432661,2.924301816860997,2.3958656832689242,2.2971171596224296,2.794864642477,2.8531655669514646,3.835074156897841,3.9452654091750987,3.9234891840905934,4.080703490627533,5.234316474950223,5.055433593440534,5.6009918563748355,6.499765397632714
8.894345451194368,8.836881810957804,8.584624809868485,7.883539786400009,7.441083551074164,6.365367777821137,6.910844658825043,7.565699502939436,6.886193220476306,6.371805404736902,5.063131620216685,3.997307752488929,3.5721312021634133,4.693894869284285,4.824123724658386,3.775705675059665,3.7110754549096936,3.1582527411594636,3.3482376214224905,3.706944515722113,3.2140131396885,2.961989653323274,2.9008912888250977,2.704517799014991,2.0512525443854517,2.7061486380121154,3.5156038361190114,3.315530305740057,2.9936049283374127,3.565174042046852,4.5130225630851095,5.528456384963723,5.408367538563366,5.725515427030086
10.056841731230074,9.448218749689014,8.689547481315511,8.093404150105888,7.354380026981974,7.050482219711489,6.260398273155591,6.705950132288233,6.635917721519572,5.976369362917888,5.85097649765105,4.49674068239148,3.754401414824563,3.8048766411593733,4.112555100688795,3.925675863166754,4.545041885542232,2.888616049189744,2.2257055346790287,2.9004061867402666,2.9216013854460323,3.103834889907822,3.5438541711421108,3.497704784764202,3.006027326832543,2.57175080439206,4.18658350083513,4.603002301193691,4.4622539638799905,5.209382738694147,4.044886239042979,5.219086969893689,5.4910452605111315,6.835688924078874
9.541647799047775,9.957545640778589,9.507963483412338,8.451725102201792,7.776817128747084,6.868455625601123,6.442597643261895,6.349507558578945,6.354263768044795,5.778631950563318,5.625451926712176,9.241413127771514,6.834804328692588,3.049141192738541,2.4469728283565484,4.084337395950501,3.344234388594214,2.8331704423679587,2.068302669297712,1.8626481090062859,1.3901410637132008,2.6304527833960085,3.2275369486257057,4.2812081711900065,3.458165265739784,4.693672752339953,5.324792392897549,5.784631640310637,7.949846479611526,7.407196816874935,6.457930161738352,4.192218606538734,4.767836276680664,6.6312609898737565
10.020705979791343,9.627461472925917,9.352865824134033,8.590670332165141,7.824162533215734,7.540123991202476,6.377858959141642,6.304158818134177,6.185699014048254,5.984141745180544,5.455680568053324,5.527906846184395,9.254415393310072,8.028813977500786,6.374466020159638,4.758142863780833,3.060333678212564,2.4897667769029623,2.3876178834744763,2.749119282826769,0.19021538999960522,1.584330457050968,3.501500703902165,4.913726434031129,7.003889507420891,6.331288961898407,7.4241631437685935,7.584896680433349,8.226485986275728,8.175139559949642,7.753910753392889,5.317817300015312,5.860284932739366,6.801710227023525
11.292360511226711,10.44716179527149,10.519204513898718,8.774943925085594,9.190463390047237,8.382996416613366,7.9958962009406696,6.543708117792725,5.914883608324074,6.199824200284267,5.289349967257127,5.377823661429387,8.125344087726555,10.714607203244539,9.459886221431969,6.329824020538004,5.878111273171861,6.4129113591987155,5.720216930980358,5.635599978555036,5.321370878478318,3.032785667737605,3.295837725267691,7.130388258389241,8.770800174965638,9.148283165412531,8.061379425339855,8.26062749798124,8.813297173312764,7.131327195939717,6.244555635641497,5.488346832104511,6.094196814004772,6.527596252781787
12.5448950423125,12.334353402856541,12.11229656797159,12.109763980359858,11.629708565599003,11.90941443047844,12.616869711662485,10.336031192422697,9.648743497313177,7.222417063787544,6.328364108246965,5.980210044600792,4.832264910718565,6.305390132721553,9.471292991726274,9.409307926853803,9.300514567301848,8.434429913540091,7.9717904028131175,6.577333302205671,6.18774253003617,5.6517206566405775,3.1721913788327436,4.2947801470660645,5.268581946444922,5.870509230524397,8.745835929806884,7.9394165160536785,6.633429532853502,5.970947490194848,4.962651117157613,4.60569608635762,7.865318241713197,5.92537599346275
12.028702458815127,10.947976611715665,12.587748108846263,14.103100256126481,12.353333424519517,13.184099171471036,14.273449238877074,14.88001069539219,13.291782527723774,7.744577359447776,6.087766068818862,5.918807111640106,4.798518082752984,4.850546075121071,7.577194363390595,9.05246889042695,8.62634794850705,9.161848431201747,8.913776340487436,8.426223994224198,6.6433495294336975,6.4209957921762095,4.6312430885204465,4.691522009173151,6.259710360018188,6.421707168398391,6.032132034263289,4.6796549835328625,7.414767846489691,6.265209304849199,4.92736314445371,4.905796195172798,5.052662445294026,5.455338000998783
13.170349810536528,11.285942828326256,11.359712600467693,9.942737066921412,13.388658185668831,12.576549380510189,13.604272388998748,14.226088231558064,12.888059450827562,8.127812218182463,5.965234641501031,5.162636936256064,6.177119934171746,7.849922563064132,6.9562427976005,8.766522836895874,8.638583176904985,8.26749846660808,9.387810224484555,9.263667320024647,7.398666608441477,6.384914608586003,4.970761463603089,4.221469592805427,4.611101667198967,5.834268087049303,3.085541362612496,2.3118303292520754,6.82757040386102,5.621676232544037,4.50739192432425,5.9761400525668416,6.948413384163715,4.898411811639105
12.541108687099227,10.797395071296362,8.968870654340208,11.14236812254359,13.17604701221377,13.555901102801288,13.14694475125322,12.905224761239472,13.154753278813535,11.831183931608974,7.223992124849446,5.833863138070347,5.695295040280786,8.682675840588162,9.43970504110549,9.255959814359494,7.763437939952993,6.839367433398732,7.571105517539154,7.696609290294571,6.0261998776805985,6.924310593497624,4.952005123179503,3.678640164078954,4.30423071461732,6.797230200516377,2.8012438455091586,3.7052709720288615,2.707651610408552,4.943896497630689,3.838511146553642,3.558992491612924,5.813511381319413,5.211652213024698
12.427338543337079,10.850146478760134,9.640720627736508,8.421918959892794,11.364688640271504,13.476560504008862,12.087273469002362,10.894267999188557,12.847496143714682,12.632111200494542,11.516077296248557,8.655714473632935,6.317758817042534,7.331242176823373,9.899941204355402,10.006614719016312,9.427005879371793,8.109482475153294,6.698622572553669,6.046943942427626,4.9102324294567055,6.603880627741393,4.804205893959,3.400866775646454,3.971034818953905,1.9290646333348163,2.6442922019158397,3.537702825576969,3.2624355097673288,5.346790173190099,5.19843092187214,5.990748393853333,5.666061147661026,5.354113278199419
