script/wind50m.json
{"header": {"parameterCategory": 2, "parameterNumber": 3, "lo1": 3.000054539987559, "la1": 64.9999836372058, "dx": 0.5, "dy": 0.25, "nx": 34, "ny": 52, "refTime": "2026-02-21T15:00:00.000Z"}, "data":
[rows 0 to 24 of 52, columns 0 to 33 of 34]
-7.495945441174394,-7.771504188311861,-8.067466786444376,-8.860676412923908,-9.865215497333958,-11.123418742759602,-11.827992550213272,-9.84642296942715,-9.076187637948308,-11.24775335950213,-10.83422378463649,-8.931671951215371,-8.023783958382854,-5.224407903468798,-2.476559431953192,-1.11016158829255,-1.6498996712445326,-2.111003975642121,-0.7818375326572268,-1.756342509374815,-7.212378037923448,-7.310842716052285,-1.663210019372495,-7.535191013286996,-4.851885224690506,0.6154478462834782,-3.4323046338141765,-4.154866628229384,-2.6889532561292495,-2.5190590532447663,-3.3195165936394146,-2.6606883681947813,-2.9213275234444454,-2.604757847096612
-7.537790542298741,-7.748871753845691,-7.946745453795757,-8.234694818726819,-9.609760387003123,-12.823620874682147,-10.518740352417689,-12.22154436474872,-12.56467247203551,-8.709457313036829,-9.803781771933233,-9.481932299615725,-7.620360411152089,-5.50652572891968,-1.7957192448251063,-0.7382064797642566,-0.7210075486432681,-0.9486180889591604,0.8668941551060417,-5.611020639417938,-0.8439654477087338,-1.482567956852379,-1.3564211816457699,-4.522700643019977,-0.7375320960403904,-2.408827399427881,-3.4189036860169657,-1.8875531395138698,-3.2656117863269385,-2.8015018811250023,-3.1640640538286244,-2.581669847128274,-2.796318579649047,-3.28151674733725
-7.6798752819780844,-7.905472262842346,-7.936666341403032,-8.081266864031727,-8.56868187347437,-9.415868931747132,-8.393674350038498,-10.661096551985302,-5.812701641529368,-7.4193949361970555,-10.256894344080575,-8.495213409628283,-7.377267704374278,-7.022170350911941,0.4790577410611676,-3.2651918731749277,-0.9493798588911838,-1.4017704615754556,1.009284324493067,-2.4818472612066453,-4.20956736536866,-2.8315527496540334,-1.0871503018402824,-5.032234904945129,-3.512955237983794,-2.1869668431932703,-2.6323822368247614,-2.650725028521836,-2.5480463663093875,-3.472193620778923,-3.9584012845252143,-3.3106769294618847,-3.126230174160567,-2.897109015049888
-7.466089164507717,-7.8640817425837435,-7.9581619075652075,-8.044165347922547,-8.295948401269603,-8.508379037836312,-8.557251853820583,-7.442423217973865,-9.40547753806237,-8.10693104064112,-11.277002759548015,-12.656731085508772,-5.262255391572989,-3.872340202946585,0.9411883393514258,-0.4957393569901296,-0.6209636663569508,-0.26382679066639403,-2.7325310691287488,0.8040207905615122,-1.9331077025019339,-4.403598829580669,-7.6169920262634525,-4.212871490072374,-3.410033273746687,-3.1502133934440484,-2.537768565804606,-2.1477852602133085,-2.798866673031204,-2.850649156857773,-3.189101515832757,-4.017900004593417,-4.268412612134152,-4.098472607184245
-6.715449761669974,-6.89404108006269,-7.298351611243708,-7.693287268902814,-7.773758598192314,-8.135027147956563,-7.241511559964885,-7.842604930008332,-9.0892441957988,-10.005671122932773,-10.251593171432152,-8.960681259331514,-6.127633550845278,-4.9056720218820145,2.0336592160669245,1.1685436686278934,-0.5511546264694166,1.4213430512453493,0.07733720222816014,-4.2507312311439405,-4.176055590437772,-7.941776110937926,-4.84624377610347,-4.252265116076617,-4.571908513841775,-4.437775969748086,-3.8716732713126736,-2.7336435221275566,-4.158028729351425,-1.9243933617137126,-3.138774373186574,-4.084370141292495,-4.1532403333550025,-4.61924133760829
-4.410142277374947,-5.843907352153026,-6.976581311166123,-0.8058849486099781,-1.8751523057259565,-2.618653516580909,-3.0277278538075425,-4.334290926978497,-9.092580721608195,-6.25104093534146,-2.010218504286125,-0.02944008360258704,-0.17448297145427683,-1.4831040978259677,-1.1983051558601618,0.006574908247279188,0.5059010773985734,0.936692612750074,-1.9536489015519827,-2.5665488933550327,-3.9791202388808053,-6.050055089616481,-4.803316844463764,-4.713705372126411,-3.639882239509306,-3.5196631802224845,-1.9158887451562927,-2.128126381494547,-2.6135962430007873,-4.051740771135018,-3.824808764486727,-3.254236497329391,-2.97666520364871,-4.081133679762995
-6.868025515006298,-4.163907499498579,-0.612839906268278,0.6756904949508127,-4.196324260506905,-7.600492982232476,-8.432668971221748,-6.166153133017113,-9.316327501349633,-8.740822164399978,-4.403397377006027,0.3550731426764571,-3.2106287087700807,0.3752609754767895,-0.42532965690874,1.1381699173024835,-0.8665394379462223,-0.137116492083873,-3.4371228464653445,-4.5996247046394405,-3.4859194385036867,-3.8640807724557584,-4.530753682613876,-3.4843827170216786,-4.39509815136945,-3.7606269555915004,-2.7409379360146167,-2.8933345896049656,-2.751949530700406,-2.9134407931808672,-1.8917208466505622,-1.4713759865812477,-2.890991737301512,-2.961640402117523
-6.861708570397477,-7.024841696770497,-3.9472172476648617,-5.675772849527679,-4.116393791494098,-8.576553061644892,-7.567242909892785,-6.9284066988999236,-7.795896099230519,-9.584050331953932,3.2804451731889546,0.44335094542882036,1.5581746464366029,-0.7793439888260564,-0.193499536300959,0.03935259745180868,-1.3898727366647292,-3.898382040411509,-5.022548520058951,-2.8713973187760926,-5.365682475042516,-4.362215581029501,-3.785272931579455,-4.341098996264819,-3.4316422352838822,-4.004170214131568,-2.8843728805588142,-4.477166852936829,-2.7901280956258416,-2.9053218911410874,-3.775932594736872,-2.7495370266220798,-2.133661853886232,-3.768650810844029
-5.844489048838389,-5.197904116072816,-4.007671194629176,-4.434066034856282,-6.514033875203741,-3.7204843454266956,-3.110141307860114,0.29999887136550163,-1.108926150456196,1.531127436116917,1.1152601006644043,0.9530547655560195,1.3729436362229592,-1.7409570687623832,-0.5291634418531084,-2.231892640584233,-4.3343460822680395,-5.282235552467336,-5.467643471307794,-7.590014571496683,-10.155393659714981,-8.093400415459817,-5.918217029791925,-5.096468621483835,-4.320939355394332,-4.8958547261232095,-3.1271882372881925,-2.0071335595815225,-1.8010656827924887,-2.6857094234512267,-2.7441385910681846,-1.8674791567487221,-4.18837787653449,-3.660381689578478
-3.9782039977343717,-4.005919654784014,-5.153609135046471,-4.212855706700441,-2.868945550699979,-2.1056080135387125,0.743887938982093,0.8289699497411238,-3.541819355285538,1.6713306714942284,1.5139633452410137,1.3799734641433914,-4.35833140344426,-3.8541749466409483,-3.586954491448074,-4.923914942904713,-5.1100171054395185,-6.299020826149321,-7.754856494287407,-8.865361114213849,-7.946754160038638,-5.2670222313998165,-4.289705858746496,-5.171104213958057,-5.729252837654284,-4.306655082301455,-3.1857988181474406,-4.981817299053694,-4.161145772556714,-4.013323722989919,-2.157780131105663,-4.239196219464112,-4.014696860991536,-3.0931965312719143
-5.6362640444779695,-6.033626695983219,-5.270675213627945,-0.040862241538404495,-2.9032197437517717,-1.5881464297822356,-0.7270855205960469,1.4249777385840063,-0.1622176982160222,0.3938264036323512,-1.611482997687899,-2.824567809889473,-0.2648309813257194,-5.981848334509104,-5.134061409635849,-7.173546953583663,-5.687849974872578,-5.144868878950652,-10.24723903735667,-5.701346555187165,-7.457977873535545,-5.189510001317035,-7.416832048268421,-5.656827020277744,-6.327403033007076,-3.7148250966622864,-1.4672292412352848,-4.329396199148986,-2.7883637614180996,-2.033503611936897,-2.201109487019149,-4.12713539995133,-3.595571783773114,-0.3107513865965953
-4.278625226167738,-4.271558630595136,-1.1262341094384052,-1.6859252860157892,-2.819596065530607,-1.9221007737312952,-0.35126307741909946,-1.9212390432056943,0.5465934993056669,-0.7963952011000153,-1.1026837507512837,-7.4571709488933,-7.467126581621414,-9.409010066589111,-7.984633430323218,-4.750786651080481,-7.459016129033037,-11.173581408027449,-7.406433419743075,-7.34391871299983,-6.545531488982941,-7.661900407544632,-6.554076896439568,-6.337556195977883,-4.35853619865074,-4.259176706484878,-5.317891924616006,-5.039507558238791,-3.4643502141141003,-1.5710843648532886,-3.05239070161159,-2.4989105639071743,0.6897379104322208,1.97222311450945
-4.272709467733393,-4.060241839322401,-3.0863448655205112,-4.920285036671406,-3.4666217424078,-0.5201410680877734,-1.6247968995556523,-0.9611891587079723,-3.3087647540035303,-2.5401428600588987,-9.840711848456593,-7.516814567479373,-8.273247530157608,-6.164703105692128,-4.790038865084652,-5.7936106368703,-7.969850853847348,-4.549781982297162,-7.837142131537097,-6.520516337645435,-5.943583431398763,-6.525657342611116,-7.477831154323856,-4.039683596233801,-1.604288046316003,-4.450072127424726,-2.2888406687749323,-3.1094973005432585,-1.1318811899154075,-0.6307648543153287,-0.10772082699236357,1.3380127833367124,2.942956804281088,3.3413080343410186
-5.3499669753686145,-4.3351605739577055,-4.310722503685309,-3.2868758513299046,-1.4008621803734116,-4.966529772520901,-3.8398575521999345,-0.7806240134931458,0.166042844971048,-5.259879943738548,-7.50577119148186,-4.501058409401136,-6.029131788216821,-3.143256836250767,-11.049730622155444,-4.547110389956408,-6.999497323916642,0.09390013052979693,-8.471495882746247,-5.874275104675982,-5.886024896888671,-5.418044755501104,-4.988611690290459,-5.334353399033998,-2.721404247135605,-5.125035946768712,-2.350086829380533,-0.7084959051115344,-1.3325351069656954,-0.0790758908226818,1.0666423140727372,3.6147716902287765,4.2499017867905575,4.829229118978834
-4.203665811112253,-1.9894089234622376,-3.613210167798667,-4.314355481556571,-3.5648235178405345,-2.169388509400224,-1.1191226724297232,-2.577719990805113,-7.870254388852646,-4.017189689303794,-7.252640681402874,-11.214469356002889,-8.565148753391263,-3.6847377758609428,-5.727635968301307,-7.118980228098314,-5.822245378252831,-6.73275547899555,-6.8645601794781355,-7.782876660072777,-7.713967645000849,-3.9991401268444378,-3.4514235790406285,-5.41783082234624,-3.7952650621076134,-2.5316226327712417,-1.359275304490102,-1.7031331580360023,-0.5912641129624567,0.3710116614279943,4.13137071067608,5.139719737760877,5.2009525217140355,5.556981138747433
-4.744492929345069,-3.5548112476614118,-3.9775869974548064,-4.307825242997779,-2.84238774151343,-2.062386471031926,-3.3908621979386018,-2.5920664482740405,-0.7880008718346111,-0.8694128307815988,-1.6806839415974832,-4.891870730006943,-3.097732973694643,-10.713435682275536,-5.134119337848461,-6.149443332912161,-9.607491403260775,-3.873788103891763,-6.27095839652303,-6.243722475480668,-5.535134656198014,-3.7418946219415052,-1.0520277991934426,-4.094973529098333,-0.5109482520476356,-0.8514577408365777,-0.4107290858073851,-0.9107424825007259,-0.8652989780357662,4.506972479787521,5.199284198593057,5.62338454156804,5.548522351487214,6.321617114012014
-5.5411737088820185,-5.052318750482982,-4.075596799108776,-4.235857602996993,-3.4151800207756886,-1.9699351561924638,-6.233449346174098,-3.5947932332122225,-3.271743207234522,-2.5208940989893907,-3.8295693069229064,-10.568618843720625,-2.598521169125121,-4.199611688001764,-4.573707398984244,-4.658588449038298,-5.174573164491138,-5.085421125727743,-7.162768540697266,-5.56359251664008,-3.8292332123152284,-4.944439933230019,-3.514253449001371,-2.3959386414152206,-1.6534248978984645,-0.4439753697918732,-0.3853133361180373,-0.7205182879830584,1.5796663740859807,4.2729909187745685,5.373749275963863,5.3879906265653315,6.163530230683982,7.249526621802763
-7.430333455001896,-5.089425114074393,-4.734849018872303,-4.350980953919077,-3.0953062612417503,-2.0351866050928615,-2.2211471305984456,-2.561313640143419,-5.251003712438239,-4.37301617201102,-4.340328880056492,-8.109199647653533,-4.428227749759069,-4.942299608955982,-3.863972835738202,-3.6465734058569526,-3.882009013096124,-1.0007928968447093,-3.790405113463132,-3.561966048689343,-4.3927420772413726,-2.7529313198499747,-3.7876348017939527,-3.1871293264910343,-2.2273404161917703,-0.36367652873206363,0.10768521703269354,-0.028716533672049422,2.0805590349998195,3.7591762077909654,6.530891010791015,6.936808957190071,6.569666524627395,7.742421758546234
-4.269670764771746,-4.836037885111893,-5.583367486155208,-5.3862859059317385,-4.694886986256221,-1.7989097598890607,-4.605643857638073,-2.2340346167696965,-2.8219312804950345,-9.816995929008208,-5.705794037779491,-5.459025081250315,-4.27932676434935,-5.1565508996825535,-4.337761014054618,-3.8998676512479116,-4.589535765548135,-4.0981486808131615,-4.598899526122257,-3.1432903233925003,-3.386123766265388,-2.911841470748732,-1.0861078267955433,-1.0754357329404023,0.06864441767618105,-0.5961279274912863,1.1123549789100575,2.2882168324035512,3.1346618109605267,3.531329541741989,4.313145606792647,6.127549508386585,6.660306371134969,7.920024771368049
-4.394485071546735,-4.7379848686800905,-5.716390720721152,-6.340336340927749,-4.9485811630879,-2.504307480449033,-1.676356831185745,-2.9948963834863203,-3.9093221964483416,-5.443946349564595,-4.5920114268192584,-6.993849046854897,-4.791116199347628,-8.631580340500227,-2.6136327417843006,-5.547862612980628,-3.886187416448328,-4.174454749666727,-2.6142191702078708,-3.0699803445759617,-2.0216736618120015,-3.310528604148115,-2.086967077751153,0.10664560623967224,0.2617913895425242,2.1153399925398086,2.748554964544598,3.0307520893174087,3.5419905758687773,3.6503536674811103,4.235489891098136,4.349752965856262,5.854780782202768,6.192621569283967
-4.834256766225534,-5.196643766739804,-5.935578916583863,-5.938439438748835,-7.389951380563309,-3.356100010239766,-1.875539751351651,-4.329107798298221,-7.62563137736463,-4.3068570045496966,-5.701306629530561,-6.8795375351055394,-5.025927941835277,-5.523234472992281,-0.12112150446649603,-5.90309470110015,-2.863057817530453,-4.65020530981816,-4.0890884653645045,-3.035553844991346,-2.959542411632014,-2.284836761368261,-1.4483922045501332,-0.11048612948657294,2.1491668379232487,2.1567404779511508,3.0183266091451486,3.6537591312787123,3.557252464008675,4.178126261217088,4.405676449524904,4.639821220383367,6.714391506266663,9.227679233100915
-5.8339787881684355,-6.0166875170077585,-6.768472104052152,-6.958846695583276,-7.245469861354303,-4.74786989897392,-2.462951694074166,-5.373500735101518,-6.895513829311624,-2.5137240087780173,-10.145990781352118,-8.67804927196922,-7.124399026306509,-6.24611885277752,0.7267826187691675,-4.188118364623837,-1.7941486152955384,-4.361505702281527,-3.6664944897703364,-3.1796264618086836,-2.4323732705696037,2.194316860585674,2.8080600031445564,2.4909533990298396,2.183218963487452,2.9833627654442187,3.3530273226350635,3.5757831862020257,3.3143639948263623,3.8217186169698136,4.14239575661426,4.74132912977182,5.6411427075016185,10.200860718313498
-6.7195688637461615,-6.99620633475314,-6.968029577488955,-6.740620581686882,-7.470716693395402,-5.004726160083239,-4.9821994883692176,-2.9163418530076366,-5.71543195690379,-5.981568721670549,-5.069802344752967,-5.156157209967431,-9.04435269821262,-4.471791710774553,-4.966584558452094,-3.0058036053902524,-2.817269114109502,-2.928967221452675,-2.314956660095103,-1.729862200516761,-0.32847806801121215,1.559757876191619,3.4855774094141228,2.3776598310849737,1.909901816930334,3.279812421921213,2.4331924695187044,4.424394678796909,4.3729219437122255,5.497960904983619,5.468291401796332,5.318063641010618,8.627418387161567,11.812625527820773
-5.8765246470353345,-6.435156295469379,-6.690887373859985,-7.213408306111625,-7.587084497090915,-5.353197917099347,-4.8583209181442335,-6.525571421563964,-8.34898506025173,-4.04106761481138,-5.159501855085123,-3.516731616511871,-4.510712327573082,-3.1126954139911587,-2.87308156473402,-3.779804239671898,-2.9354959887968515,-2.8405631315031243,-3.6273552905096893,-0.6104636207612196,0.6635170129067733,3.070029047467844,5.669188662262472,2.4223752394397438,2.785585449040521,3.7727375291217675,5.348204548829183,5.207646423657948,4.771700780629112,5.965918594953151,5.496227730416725,6.723526751876839,10.392381983300291,11.306834682247652
-6.080524258583833,-6.209546269372127,-6.241725547794356,-7.636575227896448,-7.106467442667627,-6.894977352762352,-3.3392364853577696,-7.747183076639128,-6.419876991291392,-5.603575504883854,-4.863350845500201,-3.5960229165426534,-4.536017930736937,-4.781554784258162,-3.1347627715190294,-3.943577622110519,-3.155976420260309,-0.9340410749894023,-0.42113156748902636,0.5018802723855651,4.512079784991204,5.441905319222038,4.799574220892518,4.0702179799834175,5.375746937082315,4.94851513876939,4.66146310274543,3.928522092829652,4.277684573800572,4.833943878839102,5.72532408428384,9.472823697130226,10.763324209748776,12.036107868131621
