script/wind250m.json
{"header": {"parameterCategory": 2, "parameterNumber": 3, "lo1": 6.000198445256149, "la1": 58.999992894266676, "dx": 0.5, "dy": 0.25, "nx": 22, "ny": 24, "refTime": "2024-03-31T22:00:00.000Z"}, "data":
[rows 0 to 23 of 24, columns 0 to 21 of 22]
-0.3973231475285731,3.5486315856139306,0.7647858929996498,0.21193694875650743,-0.6985027764458471,5.161209527428965,-3.5335243210717975,-3.0632548307948504,2.9551189219256324,0.3754176931864873,-4.965910404175709,-3.273884351291289,7.316062154857894,-4.820084407258098,-6.538695181771996,-5.893553376391738,-1.3598873636969633,2.085792093381328,-3.458966811106737,-2.802721778774925,-0.09881515727840133,-2.436016540717939
-4.487605295726331,7.700611355010836,-3.674891133272031,-2.1854630670511357,6.847076246521538,1.6400102204576796,-6.814842296649974,0.022888528879694534,0.00336062901586865,-5.059495588536321,-3.8008282498995545,6.68790788750679,-3.9177308674864304,0.8254079519007183,-3.2047450073205392,0.23098792746421376,-1.410676811150228,-1.1835296884431354,-1.7722307420328862,0.1851469641115505,-4.272485452250207,-6.780829090861047
4.837610261320879,1.17286667343005,-2.680775655583507,-4.329386038652678,-0.5611189550864221,-2.0516029417165997,-4.76570126276701,-2.205671798797632,4.56996740564191,-5.36378702756198,2.1756391925138163,1.7248896313549358,-5.011023475473235,-2.7111243243100778,0.35650994863442265,-5.4795646389335575,5.744596701114857,-1.021011083426973,3.148288319774972,-0.01528987074821969,-3.8124293702292347,-1.2413523372472224
-3.820756359269284,2.7204024915679925,-1.739276801854586,-2.590488706631665,4.87763785494092,-6.321945227633366,-2.0316757332567534,-4.835995154330174,-3.2107679184117486,-4.132494176154805,-3.049037356884724,-5.212137765454756,-5.112119462052201,-1.809065880208165,1.9671179992685284,1.2557354950539859,-0.9573541180872828,0.4676672666249362,1.8004616267730007,0.21221088503665678,-1.7171853426820274,-2.3461779632408586
-3.4705677439343465,0.22776072265642702,-5.401595068066541,-1.096386660314758,-3.2759598484762544,-3.7980122452743426,-0.6386012879750709,-3.465720169690532,-4.381962188450935,0.23857113212783276,-1.2582198993529814,-4.705911896894985,1.456692262765686,-5.178866783721061,-3.796950484419055,-2.72184085064147,0.8676503086778498,2.660188845258715,1.0141400557471387,-1.2687495231949353,3.071274722722519,-1.1858537717971502
-2.082015681007592,-0.28787663973562005,-5.156591190784376,-1.792465937867819,0.11183085898815685,0.29269667601600197,0.26626033773206476,4.1277479090895675,-2.2044533539786326,-0.5690073312986889,-0.017257252434567407,-4.923420722983141,-8.16823032536724,-1.1105799051748937,-2.0931203977237023,-5.098382475252214,-6.504481396185097,-2.2271639301718693,-3.6634286780279166,-5.478579940654889,-2.6965986679392993,-5.171744361903503
-5.440608125660273,-2.9458085123962054,2.576106781011204,-7.112525796369641,-4.886585328312826,-7.654008091206224,2.7173830117439737,7.133273119241431,5.509812200383036,7.292797090983044,-2.224442771239104,-1.9588614219706417,2.169969777574558,-4.996550326332732,-2.432674121559722,2.3271145735731054,-5.907419701401951,2.080993438378519,-2.821223861561014,-2.6404471711179416,-5.031649747256733,-7.03761087373692
-3.0453497109131304,-5.185957562454795,-1.426890406808065,-2.6642391320035808,-4.431743376243196,-0.13476721431326616,-5.780681375597734,1.3055059870208237,0.634433774107387,-0.5538945793582185,-1.2090211349379154,2.2226927766975835,0.4953363595787492,-3.6851122767368607,4.2661593883545095,-4.999751444012385,0.11381751965609262,-1.1413972910017747,-6.553908002773152,0.7154644145155638,0.9507817679948353,2.0713379040644213
-6.917611079779103,-0.30267939657165477,-3.875518038440873,-3.568799769052007,-3.1068128090850538,1.5355188564032196,5.295890159928604,-3.0652894786205187,3.2747797826687677,4.01597222437248,0.1643564016872256,5.238021456941024,-6.1704164155888215,3.26372501624588,-1.2596205187315987,2.5661277030159364,-1.4004758965871857,-4.04210173035401,3.84919660746035,-1.9564394590841974,0.8425750093763555,-4.3894101173728775
-3.8499569572202135,-3.0197287900117384,-6.618035038395246,-4.552939638575889,2.040300250464374,-2.6967076046863028,-2.3742801965588822,-6.778334380900628,-6.65456067934168,-3.636921539236098,-3.3963200504256776,2.4048872396038194,-4.497956121477959,2.63054733316504,1.9495865150227427,-2.846522944617835,-0.5156666351410375,1.6663285772073841,-6.59275892336662,-2.7407510685517664,-2.157880967058552,6.637744693151135
-2.054840628374319,-4.859480149654838,-2.2576025141307356,1.7487982713020842,-3.9139700080528015,-3.543915738669752,-4.889948491148339,-1.8172880745274265,-4.830018351142726,-3.715318906867831,1.1582050821593048,7.415513205284846,-2.0647753907751194,0.36553443294672416,-0.41968046400212244,-5.012986497249551,-2.239731240134914,-3.5185454801316256,-5.697845358747838,1.3073362611178114,-2.6526143767974126,0.20622090900096257
-5.907759041290912,-0.7696009895677847,2.1789106030045913,-5.250927466607846,-4.516509034185264,0.46206963659245665,2.947090799147374,-4.524857485071717,-2.113123582796436,-1.5540410374682858,0.3989456319213196,-4.913824973929959,-2.275477900607718,-3.656284127816954,-1.2055761389424449,-7.244169756925626,-1.7486766859704685,-2.264425646866719,5.543071608848303,6.264336213233575,-2.7652608465375352,1.9596544017437303
-3.9806577749559917,-2.5824866419648966,3.641203103794485,0.9100181689085943,-3.9838479304322276,-3.699924947168289,3.341492172501945,2.4886301023389894,-0.35243425059571265,3.5246309783917162,-2.4866753614210184,-0.28258669589474383,-3.1135634043610008,0.4781818128022845,4.88776504228542,-2.943501818805091,-3.6472340746196696,-4.0674765610031,-1.031554854269465,2.9129521445194886,-2.936151894321115,-3.777223970180279
2.290151398876385,2.7090277160268643,0.8896754145815333,-6.684004852436872,-8.217390348828408,1.9840096174049175,2.2825737376207416,1.0466550287113112,-1.6737930372301544,2.045451874940469,-4.732788678091009,-4.573148955421352,-0.921632186386829,-2.612631542677596,-0.3107706406835123,-6.938050222753995,0.16943600418451774,-2.642405127227943,1.7128884443570762,-0.18741993296217138,5.882614857123119,-5.680396073795443
-4.584657233494656,-4.370760933038678,1.3515997241768836,-6.5735407732443605,-1.0349939857901496,-2.645453892528655,-4.344449687974441,-1.4968860140667941,-5.465797858845461,-5.11097010743654,1.6179887364053773,-4.5969123296135574,4.1648231377299645,4.322597758896409,-4.905433223035727,-5.173478093915177,-3.331381665947342,-4.638798799042429,-3.3182601984314193,2.168492403781141,0.7815791207360273,-4.48023220442316
0.6176627977493853,1.3696871063740468,-2.6540664969627095,1.3179615857649642,1.0055248569217226,-3.418719050068913,-3.056130884983971,-1.923929655499893,-1.9129870989974063,2.040096830939546,1.4569552550184537,-0.8231808744396825,-7.695383159146947,3.28861170245078,1.676938690415867,-3.638835484643917,-1.739523204567032,0.6020756061247337,-3.7393320046970797,-9.417255966763433,2.8183396997045707,-5.009737090298282
0.5895867962556255,-4.364453911442094,1.8068633103568612,2.095354468955772,-4.271740341824247,2.8161675486844557,-0.3611203051388814,-4.814352635163384,-1.6100181835949616,-6.148375591273235,-2.9656781216319543,-4.469257938484799,-4.662133904242735,-4.107649567264223,-6.7054528947222805,-2.1258066471054757,-1.996027606496995,-4.555039474997444,0.43315106091084504,-3.1446007308608,-2.1197123276740935,0.5292813575918585
-1.1991007839810166,-3.466712210526257,1.2644115874315525,-4.009246308101284,-6.86145453571351,-3.900631989750509,-0.3555524245959986,0.07298899661587638,-7.149934916557554,2.2414898680871724,-2.424600178403136,-6.1962400418390375,6.816414256333306,-3.5018699577994816,0.9276680274653349,-3.285342226486552,0.4491996793677408,-3.6845392673178017,-3.157136210112554,4.518253968631534,1.8475019160604933,3.135521355447188
-4.099831041772746,3.0577213255519755,-3.3257724530695456,-3.604073020504329,0.3511129466549502,0.04490081189124084,0.9042908359085994,-1.109585822391738,3.1420261178487965,-2.162168872685522,7.6729040406511135,-1.7716058718049974,-2.353233911218982,-2.567222885063364,0.0015848358878996253,-4.474963061450367,-1.563325041498101,-2.548002762957474,-3.3496621154275994,-4.8913706309133635,-5.517515307840804,-0.8317155928269977
3.696623618236455,3.6407675871029004,-2.2367870950354276,1.0228098077349626,-2.0583488121908147,-0.5732872713112026,-2.2575372685846076,-5.707274909345899,-4.032688780971281,-5.368558117139125,-5.917216428517208,1.0750615342159957,-2.945240073828998,-0.6391636687736576,-1.951187966913354,-2.5832022031701656,-5.22894098605847,1.2547825524226326,-7.321609586360281,1.2885089895677546,0.8841727221969954,3.582158014713657
1.3984655767458052,-3.576205888019261,2.1451215561664347,-6.101192294067228,-7.211035018778686,0.6943419158649867,-0.17509778792720343,-4.228696269850428,7.897429506960959,2.241948884352912,-2.9868408707315037,-5.819754938527041,3.1031462142811645,-3.206595337710168,-2.9129329251142013,-0.3266514527134587,-2.3010245445042714,-5.195190946455312,5.305738392038881,-3.9095631893294147,-5.684691873372396,6.594033573717007
-1.044557157136332,-2.3795396166022935,0.6378797214770237,-4.414381659703844,-1.8980698583545716,-3.5785771865163833,6.974127127029595,-3.0932879533507567,-6.609355729812075,-1.386582732568654,-4.827583081689422,5.610133454637892,-3.4163415277922953,-6.382100490120525,-0.5806945613855964,0.30771417242861093,-3.025383293065046,1.1069874109710833,1.075777454896852,-0.994524111301602,4.8672111324054255,-5.054838994333087
-2.339059997354389,-4.384541273689467,-4.074808452445731,-3.6893264061118813,0.30126575231828895,1.4187532138044308,-4.800312716607901,-3.2927843043109593,-4.285275465474513,3.099702999583759,-1.8520339275742386,0.30832343675749185,-4.794752782656462,-6.336050069016296,3.8859175656955625,-0.541431947910389,-1.2533348962648307,-6.080217240760082,5.407976675917422,2.2396365318243716,-5.933837975348051,-2.2939655711415963
-0.1693916279781728,0.5953810691345051,-3.0296210259233267,-7.608789444541685,6.7705481174829645,4.505552179915481,0.8913499282931627,9.37700098387201,-5.4744518746239015,-4.454366061805601,-4.112425503700445,-4.608441109634831,-2.3405758801848378,-5.628357064738377,-3.8772722564924877,-0.8659384078428558,-3.6192793303442836,-6.2199760601567355,3.0136629220305866,-6.385693949065364,5.317155437133841,0.5247371197233234
