script/wind10m.json
{"header": {"parameterCategory": 2, "parameterNumber": 2, "lo1": 3.000054539987559, "la1": 64.9999836372058, "dx": 0.5, "dy": 0.25, "nx": 34, "ny": 52, "refTime": "2025-03-10T18:00:00.000Z"}, "data":
[rows 0 to 23 of 52, columns 0 to 33 of 34]
5.668873441314478,4.133989441382185,3.1270741198508993,2.24649657487499,1.8562920709955573,0.35473170541747473,-0.14889104847120346,0.05513042271793307,0.4254695682959863,-0.3800116505974606,-1.7215210866701123,-2.709169790510942,-2.9205018355906236,-3.653363535647366,-3.668702253061468,-3.423815644486275,-2.1287113809924985,-1.768956276000794,-0.007625004706426539,-2.1993853223804734,-2.281564236225131,0.4916549792096846,0.960033458989651,-3.452073368455424,2.1848731528211927,0.20822455088801206,0.6680243738522386,0.22902112297531216,1.0114113889616707,0.6254785156370891,0.8982278029393304,0.6601429422793704,0.010954341257396746,0.480825132306264
4.785095241845903,3.9732235159004508,2.4796044503176216,1.7791295927492914,1.0985778537020119,0.37032495923007974,-0.477273321473038,0.1319170361543286,-0.3127119519206271,-1.6046925877948943,-2.543397545918537,-2.9534625712721683,-3.4204491068447163,-4.047710628453316,-3.5908867668002515,-3.0657343509518014,-2.263627641309918,-1.537407628256249,-1.900570891979171,-1.5654741277219846,-1.7899662426841532,-0.38469187706452573,-0.23129614938579937,-0.09844891714183246,1.0563337859630253,0.454850660552907,1.0278822699650325,0.8584964263908728,0.13829122204233216,0.9553843550081246,0.9729166398431844,1.1032735801319111,0.6448210826904025,-0.37281540824328036
4.360153770871857,3.524458114593786,1.9921850776208108,1.3628879138895988,0.8521909998475667,0.34280222593707466,-0.12056380224796844,-0.01990787881415335,-1.2303904751493706,-2.171161524305691,-3.109434596698664,-3.020167031582022,-3.7332545743417347,-3.597125638806211,-3.5010253903977273,-3.006416247941102,-1.1902893962905097,-0.9854559901598524,-1.126559734342762,-1.6753717414281033,-0.7514930436469847,0.2564220361838886,0.11276822183736138,1.1027094855111124,-0.6378535077259482,0.859565244111313,-0.87724380511782,1.055145146628394,0.30757100902527795,-0.2701656521942858,0.34296695585144343,0.6552735643322967,0.5784986336611816,-0.06704303982753732
4.246443542220069,2.693115760300629,1.5958703229767888,0.8396486626693004,0.177224417507586,-0.058437651105926074,0.1767619766668316,-0.4608635822338479,-1.5875954097728577,-2.4421118634508816,-3.3921970198752076,-3.5479816427403996,-3.118789995620399,-3.7335616149172695,-3.4294110093117167,-1.2876226843604284,0.5244335135069197,-1.588825215966289,-2.389525289482735,-0.8262254982536952,-4.147192674140295,0.9171494848274436,-3.4284369084210136,1.0967365250362262,0.20398802551024298,-0.041726349786481765,0.7668248770017579,-0.0637947410695905,-0.23958458991350984,-0.00926486344523662,0.1964473988982539,0.5100645163099375,-0.69814662370951,-0.7954549670142272
3.771720433340995,2.013608749417186,0.9938430298637315,0.2073567390707132,0.1023798013099425,0.49939926384642963,-1.101808417444215,-2.129229499565224,-3.024128755410488,-3.4513146242119226,-3.8227913116778516,-3.475027342260058,-3.6400141692663377,-3.7650296788815676,-1.5515242689627522,-2.2080924927076797,-0.029142008764234107,-0.8998019612097518,-0.3716242600916775,-0.46031854922743487,-3.45626997869897,0.1920434018666652,0.0010799609795186242,-0.6605560168742747,-0.2567566558410586,-0.8989728320547183,-0.2572282641716292,0.012771428121741145,-0.08023568351908485,0.14595537236918252,0.2473797420836248,-0.09083375092587931,-0.9656776452514939,-0.3212960626771493
2.8417107580348193,1.2282748302319848,0.48216698673114017,-0.4312621252944123,-2.8977752099188474,-2.146706969109781,-2.6791263767735005,-3.5247592453995145,-4.623703176638765,-4.209405473918724,-3.7561502069376584,-3.583578522862628,-3.60202531218077,-3.4106279561271404,0.1792765431569741,-0.023914939516870553,0.58820411053665,-0.957163386818272,-1.7354246103468738,-3.0895556890828995,0.6455297924998321,-0.9039122751698513,0.916515089203045,0.9747638456786308,-0.4169821858145798,0.2478272620181442,0.39573865836431316,0.515778721390073,0.2040172122673869,-0.13177968017297467,-0.23842014715432466,0.36470451405660914,-0.2997110248015724,-0.07647092366121681
1.736718602435953,0.7005798489273211,-0.3300843550588446,-0.9304036783981174,0.30557543301530915,-2.0810311922199145,-3.1313657180034964,-4.764543996961036,-4.697033216179361,-4.142981496669801,-3.8609615398891517,-0.8985876152601794,-0.18230642596471844,-0.5483163390613935,-0.014106995953512174,-2.67511798275451,0.9781843056015294,-2.3725111158640693,-1.9504598186125417,-0.5141615227762572,0.8591569958057422,0.41060893696348866,-0.16357700485303112,-0.5534477757532289,-0.41859518447377936,-0.09930833184607026,0.10963147857008464,0.3522676688167885,-0.02871058942215995,-0.24802460634128753,0.4789812888198103,-0.5255488975082542,-0.15951311916733718,0.08400973753507225
1.2863102260585773,0.39571754807582643,-0.533780493917095,-1.1579313995700447,-2.816391536426981,-3.178006095631649,-3.4289325398199497,-3.3396627988419474,-4.220555696225374,-4.769461584736111,-4.2311582922356505,0.0626827541491324,1.1085551623690035,0.5412929965604681,-0.2006675237734005,-0.117826232814469,-0.23969845710695317,-1.7320815131897387,0.8156762408785129,0.2784595189233463,0.3270729569239742,0.3176169425688208,0.5813156514076384,0.2905153924260676,0.34013340752123894,0.1784081076530644,0.2161599154973615,0.24897865070164463,0.8359128623866742,0.90127052580106,-0.33584136910189805,-0.025041942616526498,-0.24484245809470498,-2.3292754052321
0.6170023132996685,-0.6213353589754411,-1.5589395067560916,-3.2641097496714933,-4.016137852875418,-4.740447397874797,-4.73872905751886,-5.148328482726861,-5.229242845135123,-1.7489297949543408,-1.8443654126076818,-1.08879578143733,-1.75539430534916,-1.8052440499181075,-0.4303344240366956,-0.8997479037099119,0.42354816387681277,0.5251380424794723,-0.6861974644690906,-0.04406366129616207,0.03533977056479306,0.8414803679892342,1.0971170519662623,0.0752301927864829,-0.4483427832025946,-0.11989113071647778,0.6177879310416355,1.1730437025018605,0.4453689970024542,0.9074093639182724,-0.19796289042754517,-1.7371295763250867,-3.488909714186877,-3.996584774645706
-0.22008447685967267,-1.013629966971766,-1.1517535194683415,-4.357471008874326,-5.197119144620048,-5.704683845938003,-6.208143444944516,-6.214821477568635,-2.165890251712146,-1.864929209222663,-0.2950372620661675,-0.8236994024846884,-2.3638058158861583,1.9185829683976943,-1.469378373992494,-0.5968961999325569,0.8671257718242475,-0.4907268492227899,-1.4749318958999524,-0.46622695489918436,-1.0006062097725716,0.3117787627035993,0.6999361147108396,0.5737792399718324,0.8145313705651371,-0.13911522131986997,0.4114638601556282,0.14684723484953754,-0.14238114965737955,0.3388545165496603,0.10017922290881473,-2.022595780687053,-3.51379510643483,-4.3856518382503555
-0.6105440980596827,-1.7037683528019758,-2.6792417498489254,-4.909830770491967,-5.866146769042803,-6.741720669743852,-4.574219234060239,-1.8859640989874498,-4.723830460387251,1.665223089689449,-4.440961194323375,-2.175174042283382,0.213173319806682,-0.28303837858503483,-0.746228441311294,0.6172411321619942,-0.060620183159089396,0.46177240780649775,-4.421699788452105,-0.7466119384530486,-0.4899866012740185,0.7465460616314621,-0.8507984276350511,0.758362982015492,-0.5032991461648078,0.9159636967041143,1.3730933430358434,-0.44423906194497526,0.9328314389298378,0.17620023250124536,-1.5173153353971178,-3.512768033796141,-3.4820206110788234,-3.900273299646324
-1.0731206558849433,-1.3164472812338854,-3.3645301126857277,-5.440840664934671,-6.919288198615713,-2.3021563275176087,-3.140568320967141,-5.696399242217074,1.9919153959318987,-3.8327321623456037,0.40897799293213666,-1.2058772921637049,-2.1732518492155584,1.0947003325043212,0.730073270307368,0.25924195912870945,-0.05319827708392894,-2.8389439381142147,-2.939253769439428,-0.5038779204485293,-1.0086399445673224,-0.981460141313385,0.8839037104265318,0.2853257625857687,0.7177959497433892,0.27768481070843315,0.5697144731053368,0.1681560619979755,0.4905318986970498,0.47219678587569797,-2.3592703810740665,-3.1514470201320868,-3.7283555976820573,-3.8142959860526435
-0.828571704889771,-0.6970895900594986,-3.8577233425134474,-5.912645309274476,-3.926630281219262,-0.6996073230168517,0.8193463054615596,-0.9518273216614023,-0.2995501161392294,1.603431977352345,-3.124774626178011,-4.954129272980344,-0.7524902032538229,-4.5212429773882725,0.04890785713376663,0.05567436853718211,-0.44416432245251775,0.969655417160288,-0.6261326933417682,-0.6467555455858367,-0.5282112164694578,-0.4374309598582519,-0.8125769139283957,0.3795269013962798,0.3905870764066272,0.5226921299338032,0.3438815640580262,0.04413065456884898,0.9132814071087454,0.7167532761860114,-2.4959892625281666,-3.3545558152934727,-3.4464924986302163,-3.564329723925218
-2.5538156104889533,-3.150942241267692,-4.7179344828049,-5.947136532479256,-4.490821518873159,-5.713427203038186,-2.056253471564955,0.2975953972341919,-0.9537174295925035,-5.396886626821767,-5.44254347691116,-2.082188315958575,1.2628001216465121,-0.5671320681600229,-2.794253706855585,0.222168617402325,-1.2400225004940812,-1.4602420554547604,-2.1202602484405744,-0.71751739394752,-0.18789384504437837,-2.2937940970627415,-0.8373026520135223,-0.6703841893224273,0.06507362914418849,-0.01093622264297281,0.8849467199909061,0.7381131546858333,1.2368538610478026,-0.4873322306636468,-3.2533866430233345,-2.9922101832547483,-3.4710482463585843,-3.1047285765428625
-2.8322275885324513,-4.294242218218753,-5.171799171514478,-4.090505300920062,-3.2055556055112113,-1.799036521411981,-1.5360249339652199,3.231979692374409,-7.32135140633539,-0.7074991194151777,1.4468888178304613,-3.120671951366803,-2.9613667504154977,-2.9228043849797323,-0.47733107017340076,-4.379617508471938,0.3831085936173659,-0.7929687052123991,-0.9929363132518014,-0.5044262846425993,-0.4114165205082228,-0.6162658453591028,-1.479764012015272,-1.3358783277078476,-0.2524329405925016,-0.416101372833215,-0.1238738172674511,0.11699589885954477,0.29971053906018497,-1.2448646055347696,-2.6105543076443656,-2.9796266325396794,-3.360112875317587,-2.992272954321858
-3.4825381075194053,-4.542536244507049,-4.793683686378422,-4.666214276264412,-0.8416993978311705,-2.171302631818549,-1.5055909077708103,2.070068027134965,0.18381748448596374,-2.0081519362423754,-2.1771473652393576,-5.3798690050024085,-2.034156990615089,-2.898550377891685,0.19677035835463508,-3.5601311991357805,-1.8552947491038467,-0.0675501551362074,-1.1096571622316693,-1.1238614865254632,-1.6814999862274524,-0.998079378019809,-0.20306850147036,-1.0674184922660415,-0.8482613444447397,-0.46243653327533013,-0.6685842299145963,0.6342196060018472,0.12982114084631158,-0.9521619040041843,-1.8070357968753437,-2.5296875762405606,-2.947279964346962,-2.8082983376653243
-4.123950435647363,-4.094007971152264,-4.5467363371676,-3.7184146911968257,-0.4550553203321911,-1.5336655212037302,-7.697715526351741,-1.678933834741229,1.2084247426873111,-1.0978785226884276,-3.117027791005459,-4.369271386297794,-0.28620495650353245,-0.5041980056930284,-0.2898436709482135,1.196849299369134,-1.2209912976773403,-0.07648032920666593,-1.6751840826053934,-0.8910524206585122,-1.6661898671006332,-1.6425553929902295,-1.1656126364291555,-0.2450785864175022,-1.1965615283612394,-1.2583141575804957,-1.5441134338200662,-1.2682448849785646,-0.5626529892424006,-1.2490834650068168,-1.73565616241761,-2.0430839273971375,-2.1371112444911926,-2.190811487912426
-3.7724020283064146,-3.9542832970895847,-4.363121104138807,-2.5298789916740563,0.6236646030359384,0.025758144515200306,-3.050072557965238,-1.135854556289607,-6.217255554931599,-3.7554963084863484,-0.19065120063861635,-3.4456050932432514,-0.8769732541939516,-0.9096262841497059,-0.7503787237743065,-0.8254901784714606,-0.12894065515475805,-0.5228745178577958,-1.2605359275421306,-1.4512655944846935,-1.7396095646773637,-1.357767783121429,-1.5215866509783005,-1.4486478259205424,-0.4346211858903301,-0.8181993031429949,-1.226381157292666,-0.9075644553688837,-1.0704336139374393,-1.7676551777931973,-1.7259313699602246,-1.4706955234107113,-1.770432155674846,-1.516830944846247
-3.669118873798427,-3.7318786048247223,-3.645922329376398,-1.5813831941605745,0.5981960645257216,0.18081784805056514,-1.6930322234429653,-2.0220893373647755,-2.677430823068143,-2.764309987677508,-4.8917426004678575,-1.5106762483705685,-1.1688601301454276,-2.1248083828042668,1.3147884230189262,-1.1357685640144377,-0.587542564020203,-0.7594594975146755,0.6269349111521232,-1.38529622357278,-0.9307404673413939,-3.1860639850982073,-1.645269820726128,-1.36962287702331,-0.7041660583928553,-0.5083918961233107,-1.2910295626040134,-1.369642582466581,-1.1904147808965075,-1.0458353233018307,-0.8526604307585822,-0.8832020559639118,-1.5479124783796172,-1.9675103380853682
-3.254394285214503,-3.626454482761241,-2.3702110934714615,-0.8922272106229062,0.5067928676981066,0.5075767773985942,2.102494805959344,-3.335484504004485,-6.289548830066011,-5.008664487805252,-5.105596656594026,-2.4516077699469734,0.03516865986075376,-3.0599889955772155,-0.6734608733980172,-0.7032154436302323,-0.5821146617444021,-0.5977044755810583,-0.30709457308723814,-1.2831738481802542,-0.9683830779919386,-1.7810272700560936,-3.009017706413019,-1.3861196794266477,-1.0259401845091485,-0.94031008571797,-1.0019775388534922,-1.1919686826427978,-1.109473118856385,-1.1535521816157155,-0.9462209762535391,-0.40267461505433877,-0.6046021069275979,-0.9824955730426876
-2.8134433636352405,-2.6890680056324,-1.3313556411443526,-0.8160539980731446,0.21741651197934214,0.032952533787582235,-0.14890946727820117,1.0153231609904714,-6.511010374165754,-3.7327738434004227,-5.185087456536131,-3.0334765078088273,-2.616404437965502,-0.42298382372379423,-0.7921958277945932,-1.549205288793725,-1.2136617335529745,-0.4780272381142845,-1.5161001061898594,-1.6455415485963025,-0.8272947135902328,-0.7569579557565826,-2.0153280276378607,-1.930480953345046,-2.0363909266764386,-1.3350432823733323,-1.4509323625082977,-1.2998083911752347,-1.0791420269535177,-1.2515755369043893,-1.2143020105106244,-0.51844735723219,-0.4746163338555863,-0.40767498499991134
-2.382557918791043,-1.717702358454114,-0.6714146349871202,-0.843362432080314,-0.580061236193985,-1.3279961584707483,-1.2808138101865938,-2.761672524638101,-5.074930146285067,-1.2027241403006335,-0.304472909292112,-1.9967017156415658,0.6156986564492468,-0.42720857507452564,0.21273080504316616,-0.49674322124907583,-1.4039107753264644,-1.417920714431526,-1.39761595773412,-0.723994712315524,-1.7308499203090608,-0.6284660855226817,-2.365929317156151,-1.7421818749517985,-1.4970761003927613,-2.0224727177271977,-1.5623818652968229,-1.761017706973359,-1.8649106746643658,-1.6707906078010948,-1.0000414449049109,-0.6739505301406794,-0.4300406166223316,-0.3798834601398898
-1.2682026122221877,-1.0681495465277029,-0.44779874578060264,-0.42110244916734224,0.5048501845303218,0.3572895574611327,-1.0884884415495173,-1.5521353752234155,-3.5677713913274536,-8.367124764838174,0.265604835733526,-1.7313136696562386,-0.008829374508384738,-2.2592884282801386,-0.9653080378821028,-1.1712203202337022,-1.533691816620832,-1.6963970211809911,-1.6430303969431521,-1.3557800212932622,-1.2813549565509574,-0.6289226234540067,-2.1528255126759923,-2.1603432262472952,-1.7564804885706786,-1.846331062634244,-2.2033485158380572,-2.5190554652588215,-1.8638479677609914,-1.7226332746042392,-1.0603741529614528,-1.292099199127775,-1.4133864148871718,-0.6593174325250323
-0.9107448826829061,-0.8066605718873006,0.14878735642005944,0.3118736422790367,0.4453191421892324,1.148470464017346,0.023861156543786562,-4.330677278406895,-4.909049288649882,-4.274264030620605,-0.21702464224614823,0.2643429971687168,0.07606279835187299,-1.0045961271667128,-1.8010751155465479,-1.2616725969528448,-1.3298347292056971,-2.375488837028118,-1.582433567124333,-2.2371220873986033,-0.9855999109416108,-1.4794219219105849,-2.062969905077365,-1.8927542580809342,-2.535695263783108,-2.0845321112061304,-3.2035449113975396,-1.9963607827131096,-1.498424848848588,-1.4066478711205717,-1.50313620923945,-0.8801835198420896,-2.236862655368729,-1.6490379113216482
