script/wind.json
{"header": {"parameterCategory": 2, "parameterNumber": 2, "lo1": 6.000198445256149, "la1": 58.999992894266676, "dx": 0.5, "dy": 0.25, "nx": 22, "ny": 24, "refTime": "2024-01-07T05:00:00.000Z"}, "data":
[rows 0 to 23 of 24, columns 0 to 21 of 22]
-1.9612495674147084,-2.096076030763106,-1.493400724930615,2.670185488122947,1.8035555097803126,1.0515780687099618,1.2294545453210963,0.37846388984872076,-1.1429968623138385,-3.7055088134064107,-2.4013416984454135,-2.2110745974562223,-0.16548304940657088,-0.1705682673814306,-1.4383039643213604,-1.6035484818447234,-0.6304241518490572,-1.4488610797313137,-0.8463830071306446,-0.3776136225185959,-0.26278220341045827,0.16821527050179633
-1.5573853837884735,-0.7999813698561945,-1.5416719472554448,2.0027696193341527,1.2135089909872268,0.08207930305529433,1.2667688418244287,-2.3994255959635424,-4.4537215410811966,-3.9653994893395494,-3.0242440187671393,-1.3987822078093988,-0.45045450345517135,-0.3444410992619181,-2.191210004482033,-2.9094393668778813,0.17303697274977536,-2.0173186836836945,-1.6421543953172242,-0.607109443624233,-1.0469473376906697,0.17895145964297798
-1.2188815195982934,0.7405158217013517,-0.2223902288576792,-0.3744115761178451,-0.29282214599561784,1.104330497945515,-0.7310895961763804,-5.003390686226595,-4.9221308008458236,-4.2887553995925005,-4.053291491329541,-0.8566666166474901,0.6490545363828628,-0.34597028337867386,-0.5025974487418445,-0.5250718649764414,0.5158633038014474,-1.3522580770331318,-2.2659980185397757,-0.9320430590901196,-0.6416296463331942,-0.5750508367113736
-7.232281987698496,-4.8462364072711415,-2.7460581619628766,0.07213229005029234,0.8731429705116828,-1.447992888159256,-5.581497330064629,-5.451830515656973,-5.056482984911954,-4.554651076561617,-4.405681480941815,-2.2969194296759787,-1.9069315788315004,-0.8478053106076324,-0.23710467160849527,-1.1089821621225149,1.0062414239910646,-3.967275616283615,-0.7330035325670238,-0.24648696848076737,0.3002968309422774,0.2530766871249939
-6.71148447189865,-8.858163897387337,-4.73137401698448,-2.830522003294539,-3.8143744448443107,-5.143093600622236,-5.805433359399218,-5.476504325793627,-5.11400600138236,-5.171090753946146,-5.008037322334804,-3.8783006997482508,-2.4381717543413126,-1.2018426677404108,-0.38215239194257156,-0.46976919946776297,-1.113484941774216,-1.0460791811161392,-1.1832761725599241,-0.8141735130175989,-1.8283209022957865,0.7183566544659427
-7.981118135687928,-8.602298993119595,-8.658268719641317,-7.671000415811389,-7.031121993552912,-6.206045798818608,-5.715559296980885,-5.446551828295518,-5.220803920276713,-4.49805435815729,-4.980726536369092,-4.929365353045234,-1.5948381880749698,-1.429939786266847,-1.7658960827570565,-2.5950656023720886,-0.7711001726615643,-1.6617089848046909,-1.2628825300072715,-0.10693883205792673,0.28403641145899905,0.45965406587724034
-8.08823629797781,-8.725618254605333,-8.954862094495507,-6.572775881642336,-6.167208923679649,-5.777779862818365,-5.386650401626253,-5.347717099895279,-2.5535544226373994,-4.443048879715903,-5.2452670082882245,-4.615281395001685,-1.2512242321195217,-0.5098203597116877,-1.0255742878480059,-1.398258161624854,-0.6194142966617979,-1.6926954596780672,-0.28065705552635556,-0.40147810437557757,-0.4498928036189377,0.22198385166736537
-4.607742508703054,-4.095391392833032,-4.7096232014702455,-5.409297472982296,-5.27268175265782,-5.269906222321443,-5.347264624973035,-4.547047648737628,-0.9451166394842463,-2.3773788933250484,0.5782047722767851,-4.442250172174072,-3.4481796784043133,-1.212556441168704,-1.2733368654980348,-0.5869144135448559,-0.4152900516596321,-1.0901658035592998,-0.6092110109790747,-0.183913775856553,-1.8930444563964959,4.062177809958149
-5.031568390448293,-5.24429554319556,-5.497063023318548,-5.556805761553266,-5.38376891079185,-1.1931457976148696,-3.354721915384013,-2.1155998041248805,-0.16992343437055846,-4.533676806264908,-4.96750653074836,-5.08523437483884,-4.319954547004621,-2.2716044873633194,-1.1909287988010666,-1.3427257646964712,-0.4678021051906233,-0.9845582927925981,-0.9678750874756792,-0.5078560077586344,-2.0300615169590395,-2.1624881524211403
-4.684908233566206,-4.906424995489015,-5.111050694244302,-4.928014446307281,-5.01150979739772,-1.840456789684828,-2.193015320454475,-0.3241784582202529,-0.16524955090628707,-5.0695205407314665,-5.258304197861837,-5.534405450638104,-5.28829327049585,-2.699950815436172,-1.7909969395998453,-0.9056294660628089,-0.42427450665848404,-0.22629461714295626,-0.5977516586942876,-0.7085039607545128,2.1830828195375926,-4.24241776989417
-5.186886795277226,-5.323093204475154,-5.713513454788105,-5.537261061963602,-4.917539970567941,-2.9601187685671926,-1.1047577702509996,-0.8280427172204456,-0.2974653906476891,-3.7206424937471123,-5.171443068346627,-5.420926322403386,-6.124160896397934,-4.108135630045906,-0.14461058198153076,-1.2587518446147938,-0.6761164388542233,-0.6452166494680945,-0.26562612084511417,-0.6535571167770547,0.080317905316831,-3.0488982938144247
-5.703303724025313,-6.019006596967217,-6.1763770040154204,-6.381534820612752,-5.236800635672805,-1.3879981022853856,-0.9136411928719502,0.5106968376857198,0.09387659702059017,-1.5835755190250778,-5.415478054174359,-5.5326782569859985,-5.773635785596816,-3.2682182248832388,-2.0994905218670037,-1.1477334862698891,-0.2857869110830055,0.7311907216592773,-0.5157656030059061,-0.711615911632473,-3.8774930875884177,-6.550604920513839
-6.454981126110154,-6.735366677676829,-6.629868223344637,-6.635343248181976,-5.385236633818648,-1.8790283994875292,-0.9766743149142089,-1.0271657145633821,-1.304820399003253,-5.735064691939204,-5.842347160104752,-5.416083558319375,-1.5057151043503358,-1.3826369666514997,-0.35409796552534295,-1.4259172457063491,0.8797084651882705,-1.2701220546291874,-3.7667324157908872,-3.3567649273520064,-2.899686049400992,-2.2550139382906464
-7.098803050093665,-7.242339090674011,-7.42112203613357,-7.6189633232357545,-6.610869312921787,-2.013689465160254,-1.207289285410239,-1.1193775601750184,2.002641005790539,-4.030616751241133,-5.226256584573924,-0.6344548748592219,-0.9299238028430162,-0.9781901102901552,-1.7108321670281823,-2.3056039058856315,-0.2744378164505282,-4.260308888080869,-5.034601373850243,-4.780798756186297,-5.381433739892247,-7.0133516694834315
-7.5049201296164325,-7.610653623261264,-7.891965517647825,-8.301860585102604,-5.918037483608225,-2.0281012747699734,-1.8066384421923547,-0.974661311970517,-1.0192200013870782,-4.7876713392443015,-5.214725719696736,-1.3896389304827836,-2.4058051199250423,-4.640628116455109,-2.244452119149687,-1.0391920047430778,-1.0780877670323106,-5.132971512354893,-5.142124042495598,-4.995746722807467,-7.095714176399664,-8.362428854122996
-7.602805963450144,-7.608385220355653,-7.931570335206549,-8.216949554579136,-7.700503883756821,-4.826683802673141,-1.750202531423016,-3.4571952390551473,-2.958951046591164,-2.2155770159205117,-5.099535211107285,-1.886746610831911,-0.3268756601662273,-5.938194093030947,-4.71523899082138,-3.859392490843371,-3.8867966418880173,-4.591230295405109,-4.294426911984577,-3.667070153834315,-6.448298655432125,-7.222899063415987
-7.874059199300591,-8.184321115236877,-8.411266111033923,-8.52735758768,-8.302621498589927,-7.0785540424348525,-2.4297004742740547,-5.798702542453793,-6.150246580491859,-3.6096585928740432,-6.8255432529207685,-6.0068300691065755,-1.1999186623139475,-4.7829098872808915,-5.780043516510713,-5.731346352185061,-4.213677129169928,-5.336358528178895,-1.0103403709937164,-3.043933325255421,-2.504144120443624,-6.71485384810952
-8.546478447756861,-8.449031796568054,-8.749300389176806,-8.944027137418212,-8.62979489363248,-5.883613390581603,-2.4892802577120596,-3.662253448289452,-7.311370576610177,-6.975486640260502,-3.9817493141604805,-2.51375920579027,-2.261755543832344,-6.265673551439983,-6.810375300840343,-5.833448489661412,-5.940879102401865,-5.018848043722211,-4.412352759508233,-3.7137335739212394,-2.2827910999569307,-6.137586161468774
-9.167821073012624,-9.259850261045186,-9.300415498767421,-9.026211798114776,-8.392279541239702,-7.021750765742806,-3.5954372802999717,-3.630020230959058,-8.727905255846236,-8.660423826648888,-6.876423562342024,-5.984156916276601,-7.370987792728305,-7.386050652735439,-7.090006362851548,-3.9066180164618998,-6.064454162771635,-5.717377869594385,-5.062122742400256,-4.261216967391586,-3.8072016001610525,-3.515029357295347
-9.482892793265764,-9.76179085010968,-9.909421182311798,-9.436382252315559,-9.722895447372172,-7.3713377647024,-4.759876815551472,-5.043286560724522,-5.134737247615208,-5.289609564278681,-4.652606304178172,-8.280077012142309,-7.906927808135593,-2.8500692590244037,-2.9645768299971316,-6.530007631513295,-7.291820970832236,-6.477074707349216,-5.714888013070441,-4.6529484168074715,-1.6626993806717352,-1.5947368383090204
-10.021797657982738,-9.984147491390159,-10.24601036766677,-9.905490855507447,-8.461893693137881,-7.744975617132974,-2.8310116648815624,-3.9121527157409823,-4.282503510982144,-2.9422363454910583,-6.8897621926269395,-1.248924517841803,-3.16053774376053,-2.860560992441565,-2.7738827099542362,-4.247588138216906,-5.79564524054599,-7.552431436637221,-0.6759654881517063,-0.4973920959219438,-1.7279366519430541,-1.7627939021364374
-10.177164547822345,-10.559820551940515,-10.973946556624215,-9.747175266777697,-10.010712588821352,-5.192584280695126,-2.5871376732325926,-1.4879200259025966,-1.2141370898210497,-2.2157383896169005,-1.4791193494758332,-1.729060403769788,-1.6962103640414303,-1.2137603230812384,-0.9075568644755991,-0.5713064033559498,-2.0251485011165795,-2.277569629228296,-0.43434402063907024,-1.2820847498266648,-2.7189590590819805,-1.8855604520312177
-12.558696911173477,-12.084257028833369,-8.920643463046014,-5.710382627495945,-6.051026989969639,-5.266972972447237,-3.4133494858293854,-3.339250236341919,-3.545347481835269,-2.670353856147368,-1.7763262941208415,-1.9548502161162968,-1.6526204242504292,-1.398429534736974,-0.6201524938434864,-0.5148351787327595,-0.12685570203160243,-0.10481677649704411,-0.6174361700530757,-1.2995072863158104,-2.348603409209012,-1.5874564131298468
-5.540703947725091,-5.758965347256354,-7.1803880625077205,-6.318759938636195,-5.447480737004724,-5.245737548219472,-3.757970157010941,-3.3377200685175024,-2.547903228947207,-2.2711282449090175,-1.4289782917939178,-1.5874103123461547,-1.2898672592314107,-1.0312438562709259,-0.6729132190262733,-0.42775382263823475,-1.9006277430871228,-1.877062222189903,-0.9239774293174388,-1.2622249309970002,-1.4933633860263795,-2.298551939421364
