script/wind100m.json
{"header": {"parameterCategory": 2, "parameterNumber": 3, "lo1": 6.000198445256149, "la1": 58.999992894266676, "dx": 0.5, "dy": 0.25, "nx": 22, "ny": 24, "refTime": "2024-03-25T18:00:00.000Z"}, "data":
[rows 0 to 23 of 24, columns 0 to 21 of 22]
1.4548781703667215,-0.6816776961331099,-1.985195435226046,1.0537785102076231,0.21393455220491608,2.5517437305629804,-1.2307452616080299,2.1937908411323526,2.1615885647002533,-1.041263308077492,0.8119007212769958,1.4226239083125984,-0.6787255047846028,2.724171438179943,2.2406863667896735,1.1077944187174784,1.8975885215538657,1.7244276340825833,1.3858839272441756,-0.3403902476632738,0.8484838294004439,-0.17423778474753848
-0.1571903975680983,1.077470150927932,-2.209605962256179,1.9996171047841667,-0.5745760165085773,1.6376711433899152,0.17942321837887015,0.254132450141516,-1.2474262450691957,-0.7866700843287314,0.5055317531403873,-0.7003961784750168,1.8319702489183753,-0.22736165784363405,0.6328122911878377,-0.5488625475914038,-0.3660759373526943,-1.898737308949389,5.213560474187915,2.3734986398553652,-2.434137551290819,2.515858765331697
1.8295538451780062,1.1562194707671332,-1.1195174382127133,0.41480381418468915,1.7472671614924402,1.9969235634295108,-0.2885663134221464,-0.8298159787942094,-1.465019987451252,-1.399563540160706,-0.1748270545697565,2.5409533838171865,-1.52264318294365,-1.2437934815555902,4.001952119966209,0.7657816246761848,2.062829461383007,1.0824914818055995,-1.4486865991560376,2.3138339914224937,2.4586595171902053,-0.31526435170277795
3.2597565635892303,0.44626813291808154,3.297633072422443,0.3091026963973755,-0.5377718169666362,-0.022476823019510466,-1.2247611784075896,0.6546507345433081,1.9013238899738847,-2.3781534396232127,-3.659186249652855,-2.29696891151414,0.5982528710298107,-0.5835075025611304,0.7746872529820991,-0.15937290529577353,-1.2936173453296416,0.26192725074687234,4.020923289377964,0.5248230229623205,-2.2152608874569064,-0.7664765052943595
1.8979183531006536,0.7928554565732429,2.0140950695942625,3.990701530470564,-1.6552493332022995,2.582481842933065,1.5146826939706965,-1.2291373430966497,-0.4421121952768618,1.1284958285380644,2.0942764701080394,1.727360250373823,-1.8053508119088884,1.044025248124843,2.459928253747777,-1.3462324842315325,-0.5370631290407011,1.7349648275256344,2.099512391411168,1.315153538513399,-2.0180013910183012,-0.7316796397196895
1.4091101402020707,-0.2888056901708478,-1.3638297343967662,-0.4426966136526101,0.9441255543018088,-0.05907735029293062,-0.7333885153085488,1.860373961897453,-0.42902628208586924,2.2719022383273155,2.33056823510781,1.4715924001093508,-2.938230095081649,-0.6190439499228524,-0.15303927210255527,-1.37978741420958,2.5718279430902222,3.9645134398804927,3.198265285920759,1.830582687376897,-0.06996419667642932,-2.281110804552798
2.1568664029097793,-3.2886817130712243,1.1115189009914812,-1.4060103293467658,-0.8133264045972681,3.863412695443091,0.46314970490832313,0.2522974844585654,0.4227238027865259,-1.5194918973492475,3.282360490696808,0.5447853855852482,-2.3998893881620154,-0.2529297610232844,1.6667386911321727,1.0895898085171902,1.2815132515305234,-0.11546559649138662,-2.0100285208756614,-0.23876030712588842,-3.764283341441043,2.6427294065403895
-0.29659044727077305,0.9363827496215407,-1.638445717079026,-0.5926132817800586,1.051861224701981,0.5674438181052395,0.25834666758949004,-1.0048526731261322,-0.4701553771882834,1.0658906098069507,0.9129640617501147,-0.4053154852804905,-0.8466830989997218,3.64741463083608,0.09169669804776236,-1.7474505090016252,2.1089667536393635,0.413077386967166,-0.3830164395823219,1.6982522485328264,-1.2464492532245983,-1.0617580459461113
1.3483012189413213,2.319481831428276,2.673664679764531,-0.6361375329833672,1.9363997051731576,-1.8075282494568181,-2.0682861608272063,-2.3959132624447297,0.26831476460720655,-0.5008271339948067,-0.3753840742152038,-0.6311660519133503,1.6756818872436918,1.9947431967056946,3.2384548041960626,1.2036579396189535,-2.906764007565156,3.138577472110405,-0.3901937568818796,3.0042036802906282,-1.553346171055123,0.311085663211591
2.5466954780273316,0.4796067023881647,0.3281727429952166,0.517619263307068,0.3933904841741135,0.6379939296439259,-0.28902190456953486,0.2682729616253922,1.2300323914840512,-0.8171587676622017,0.9421200957772272,0.600861762566414,-0.0009992915195040696,3.113988041325929,-1.5967002772098018,-1.0169073224804492,3.401765114275078,2.621691004911933,-0.8688818726180757,4.25354075976934,1.425792793739114,0.45885882035452447
2.1116889579310283,2.3990764910372055,3.9676194303537646,3.8649777702926134,-0.5453734798454682,9.476324162598731e-05,1.217858684562598,2.2578470653256253,-0.2258527052367236,-1.9191074877505223,1.9778601711427368,-0.11185975648106056,2.0201671416047966,0.1052904448865311,-0.6148307438378604,-0.3982922085220949,-1.5650895333944168,-1.607620016371954,1.7806022995436879,1.2581526144095823,4.451485573874273,1.7580314067359204
2.1549562792453316,2.16201765955147,-0.008737533904014362,1.4467713580849333,1.1542592779688807,-0.004961420260382672,-1.2567877994952337,-0.33217732195127775,-0.3333667782831238,1.7772576127966746,1.2563469725119445,0.9903039219438724,-0.36612732194206415,1.4197999150130576,-0.13927815664403817,-0.49838092741775225,0.2734687058490413,3.7608553112061833,0.09954792871034536,-1.596730826738498,-0.8919565238918301,-1.0229040560431006
1.7481377318553961,-0.47961638969120807,0.04958132982243784,0.3099365464369825,0.03424479343617942,2.1153711163970326,-1.316045182412438,2.126078184141565,4.251284234949036,2.556153136651664,0.31397573764913883,0.40848490917304325,-0.32257069590196535,1.7976800267022401,-1.2423899460153456,-1.3455189962731837,1.5987674999376276,-1.4485041645318053,0.9397861884304843,1.5345539442394156,-0.9853589231259428,0.8046680532346603
2.3234222836829126,2.570590382313588,3.746002403963786,0.7966265224467536,-0.7580318725718574,-0.7638361998682265,0.3797580746939954,1.2431818206203933,-3.206350481494876,-1.1366059022219552,-0.08009595110011881,-0.4807708229022184,-1.0539984251969754,1.3935604216543285,-3.003584717966539,-1.8230374022948472,2.2661799732902037,-1.9125744250403838,0.5350935428699056,-1.116524651104188,0.3202972155338631,0.7871405139558437
4.290114976147623,2.536731916699983,0.9968447215676228,2.012560634706513,1.7718934896463268,4.328507723299805,-2.250182151340018,-0.5746421870275865,1.902764898852713,4.249621407681429,1.6900387786645723,2.092861917659606,-2.6249070589103756,0.9508997139407173,-3.6160041801803975,2.2744702439435796,0.7143840400307719,1.7660161900532707,2.4894343073575653,-1.7920041296315357,2.6973297079733345,-0.47984261308663523
2.4802999160846166,-1.4047672472839587,-1.692908158233218,-0.4568329578306076,3.2099821467452307,-0.7336579789389183,1.3830986391050175,0.3963774371910732,2.2850967969446607,-1.1219518679789724,-0.8470513842210347,-0.10662522376089327,0.9750778835020434,3.966233645744962,-2.7130211531484054,-1.2568439769298743,-0.3725967387890725,-3.841194967126749,-1.3757252582136104,-0.05394269980850942,-0.39774003843086375,-0.5411463428512435
3.3330186059762954,-0.3147964926423406,0.21134692576227307,-1.9926588267661172,2.215102554926936,0.32454632890511254,-0.15106944909635567,-0.9063403445968503,0.48344611965733847,-0.7239043120300441,0.634577780552939,0.940478305263503,0.30349365698554465,-0.23752511964172945,2.2704282484429767,-2.233731887405866,1.488335169796008,1.737942538078913,-0.7053113854563526,-0.15354591672957976,3.2938432363829766,-0.5767022393921911
-2.0348532889343494,-0.07932798538764387,1.2483657736856142,-0.4269884277559852,0.24002621735757243,1.6416780979265082,0.06328308919566565,-1.3543525008148076,2.677570813992808,1.84160728402287,1.6178852560783172,1.7957265294154932,1.8869136071458354,1.2598439161576143,1.3950981945832417,1.9619861171834698,-2.8810946607991528,1.6764479685847307,-0.07817054846885155,3.3357101091462154,-1.0911997559600768,-0.7233406081591142
-2.4771831321223043,-0.8426244793735385,0.22280122744694206,-0.26629091151703915,4.86991572349211,-0.31968697522579675,4.375888063918251,-0.4369917525328883,-0.2728111992115351,1.6051487073694202,0.39446781535893066,-1.796559060436912,0.557146521203658,2.086523028548216,1.7156291421855698,0.771935208472722,0.9359910203831237,0.6744898997209681,2.303288346332251,-0.32673932470837896,-1.0381108738491274,-0.018724686005790157
4.058236475251629,3.0239189175922703,2.5055540567207397,0.12648988784351448,-4.091302688374725,0.48544978159808116,0.9373121055105855,1.5202539781961082,2.3276099942080855,-0.2892932520072169,-0.6588317019057224,-1.3519194920821695,-0.20314862372583858,2.0996243997662263,1.0212060258223854,1.0497402589054527,1.4933289722147398,-1.3104065109002676,-1.2489000387740603,1.6679446881370517,-0.8859828727633087,1.536380902674804
2.30460402299871,2.415874590423883,3.374043175064547,0.5290517916256073,1.0935779831972865,0.38115083308793696,1.2145627375044654,0.262000796275525,-0.6427713333627534,0.44880333674550527,1.3699825302948547,-0.8076506459838564,-0.5763299522205263,2.735714144645687,0.2409372916359156,4.320981432437055,-2.324358523813621,-1.1629940192748032,0.2784800618622113,1.0665507066032265,0.963386560186594,-0.4780742274581482
2.0554234815372263,-0.9106086553153465,3.7732174013911894,-1.0091875660795244,-0.44995583805796036,-3.5494490282305864,1.7816570749546212,0.31624174077768497,-0.4226750020266579,-2.2566544025054363,2.057587557778022,0.25933908705827363,1.5975798640789591,-0.13660196478618045,0.47819938481552754,-0.19187594287735577,3.200248050895315,0.6753217259484863,-0.7482026680773229,-0.2317527639072716,-0.880444875329667,1.337431011648161
1.9419252163487408,1.7031576207389667,2.399282659157317,0.6034536112134361,-2.293385549970205,-0.30015304278272803,0.33817084487120996,1.546758521084506,0.41907441910258847,-4.1518316239761806,-0.5759659918018065,0.9266942121933732,0.838239376244412,1.2785382094129256,1.1039652372892634,1.8141149196011972,-1.233394472771067,-0.2373576003342787,2.82616063458095,0.8021292194066395,-2.135487412748211,-0.5650081368085826
-2.5380253469459575,1.056953605720851,2.6055436549769504,2.8265327511499185,3.4061954575089373,2.7387996117090263,0.545333363540419,0.7825486687153992,-0.7566590576996706,-0.6506934535342555,2.114779411777952,0.5097510086002136,1.2760777571226454,1.6760973694954087,0.0963397720614099,0.09823405476537088,0.08737113352916746,0.49207568607695007,-1.3580504464296579,-2.961336167216179,0.5029479654489261,0.5407339156494632
