script/wind250m.json
{"header": {"parameterCategory": 2, "parameterNumber": 2, "lo1": 6.000198445256149, "la1": 58.999992894266676, "dx": 0.5, "dy": 0.25, "nx": 22, "ny": 24, "refTime": "2024-01-29T23:00:00.000Z"}, "data":
[rows 0 to 23 of 24, columns 0 to 21 of 22]
7.935688497878104,2.236614003247097,12.734929801763302,6.512528653755811,5.850295950667298,8.242904410168624,4.995250161895197,3.009462302051654,6.109813188195751,3.155984690604961,1.9233434100404476,5.73429594948627,12.515251128340344,2.3059062891951303,-5.859503793299531,0.36455568803765187,-1.389149772768427,12.049599407828103,0.09662981857542095,5.868683619270674,5.660524768888341,-4.709974335540925
-6.109007873312806,13.525801721682647,6.611575979438609,-4.63036291660218,8.783821681421006,5.981123570721839,-6.9586094751075835,3.2150492912223756,3.584402822134956,1.2289266049121295,5.4486284038741335,8.72009891358633,6.251065080316392,12.662626518686151,0.4197552526076386,4.782772175775414,2.323006969721331,4.507346491444405,2.3287904313346734,8.722309895947852,2.4349680369626667,1.3562815669748443
6.218444329526555,7.083059423931001,0.8961938681847378,-0.8440577292058463,8.125239274591523,0.724010046574267,-4.625899609144754,-7.969332488476932,5.058426381193676,0.9319542823338711,7.3159841785023865,10.789239892323302,-0.010100325340059543,7.708311117859942,8.420503376357228,1.6973802754615837,7.016226595314189,8.931161635093668,11.988137334509396,2.9741526336833903,1.1289473748606507,0.9555297101532304
1.0679428973660996,6.4516656030683235,0.3960055713587171,5.302390081014107,6.8175141050115595,6.0596181760299475,1.2311560282177776,-3.822767234217375,0.851215792931868,2.1313393394019258,-1.9044069499233371,0.9740662873477981,-1.2757237507213008,1.7447181769331213,5.287364958068152,4.527660354556117,2.427139168638669,7.837477916539755,6.985381651611258,8.820846593000987,1.4195942599054916,2.5022025925428517
-0.14711627379603717,0.7147593873898493,-1.0185113852726884,7.906374058235205,1.431870783069466,2.530425070906401,6.413579702682344,2.067902921785001,-1.844988400291089,3.0991745969220266,2.95046772652729,5.4865104045446715,7.85721132817709,1.0731489311607747,2.249486997863187,1.507916644849984,6.058653049286352,11.11293495385749,6.0559456623064465,-0.14011516470033544,7.90892333575058,1.0586496188694818
0.3633236946206541,0.9396621317416132,-0.7980757409466451,2.218242787748394,2.8167012412932717,3.023811906433064,2.6344455191268246,11.386963235615973,0.7509282687503063,6.299498720935803,9.286611039208259,4.743559919268159,6.960321437841404,-4.786907689190758,-0.1931940922357894,-3.3579229885873114,-1.2117761133072975,6.037059033267001,1.0180791936479106,0.8119501915244056,2.941189652232766,2.508514298584345
3.308066003767277,7.4192012487111745,6.9162575562741475,4.755159793068551,5.706537704515334,0.9628638665266351,3.7979246836534775,12.911188366802062,11.637700189910305,12.312751812172126,1.7377832060092173,0.7596559084745401,3.6388249826932464,-0.2830351353917115,6.757547258768266,12.131790399680519,-0.6369537328700887,11.04361650892589,-1.827994107308565,7.440505427503012,0.16605656177427308,6.828403037378516
-1.4060478839141572,-2.917572456401249,1.5770935911731714,8.198162197475034,0.7808116409549758,4.837574344762556,2.6104645480093183,5.690289269633272,9.924961678058608,1.2927469306998387,4.945673457224928,10.14340072256259,4.771293150437846,2.112162064229416,5.891863379982368,7.073407050231058,7.32581806149743,5.735351542562081,-1.6195989012805185,9.260184414641598,9.070243316460466,5.83569885780809
8.053551269683025,3.8783751571213916,4.184535658283645,-1.584835025868736,1.5743911265126527,12.514380821872205,3.788116463847798,6.751996541316297,2.2463419235684796,5.624661052033397,1.3497936859333461,5.065233300660675,-4.941529419299722,4.695560300825182,0.526826504731374,6.84880849140276,7.488721557842015,0.7701794561020028,12.106430007110518,6.370993810082281,8.399842623917213,1.8221975391616245
1.1574110738689676,4.002703782992859,-5.174415146315871,7.21364754849094,5.954280129422788,-2.624446775787693,5.766243437794288,-7.54971911586606,1.0189511034857428,-3.7748223546909325,2.598660191029823,6.0720681194349275,-0.761809548152313,5.903967702866797,8.048152126470852,-0.7165799067966927,4.986577459302628,7.207441877368763,1.014456956748454,1.6822963267192217,0.12360441460954626,9.063398762587317
-2.4373817592683045,1.1510136077490893,8.365171170483412,11.996719275151104,-5.255572397732748,-1.1025303086990605,1.5257560331583666,1.3647078181495005,9.070577869010974,2.5218158781008233,8.291253729045136,12.89665363641387,1.3833271963787912,10.693006033592633,4.373213005740163,-0.8247941009406856,7.1070203412302675,1.743433988791392,3.1418942738374507,7.594171471984619,6.4490951013518,6.000027804357924
5.783350500204339,2.2811996579833207,7.075927861715954,-0.6495165592705346,-0.29855488173598155,7.20444929011934,7.712303861025326,2.7923350118834382,7.97532157045266,1.4390458003687645,10.431074183197815,-4.227261620248285,-0.9915772950613061,8.190382634325141,1.7585248764672867,0.8997632782702588,8.300574144634393,-6.837663847507429,11.183558481879395,9.314596797703064,6.462488849561675,6.098462698450223
2.9172806489210754,1.8574051597151702,11.808088663722812,10.171937384568373,1.9913750746266192,4.341011968690055,12.060676029302,7.81296397196351,5.688259325872152,5.747371699793164,-4.649990043569614,5.782081577093042,3.637310378981382,5.953892100510282,4.412355004720459,4.726624198925886,7.494874380299222,6.010253248474202,6.354818810674318,4.734807855700334,1.7392529479693946,-0.026590875887077696
4.842710329232233,5.928594464144801,2.7030018047782085,4.581493291800191,-7.155964190108717,5.366560842288676,4.462807230923425,7.381494653745686,0.43579178591077417,10.118608945281252,2.181380902110563,2.6531125777657105,5.37107558554046,7.995526201409933,5.77371366632656,-0.1175505264227203,8.017596881660642,0.15192872440967947,1.5473063522424926,5.954680148487402,11.207274032113345,-1.6128338490651255
1.2006441219007808,-4.65522019579878,8.890577150256272,-7.084587597248017,0.5371446333127207,7.144824718857253,5.686384376532719,8.386880848658764,-2.63232719763155,-3.9408111747251593,9.002800885313013,9.186471753575175,4.168563373782677,6.341294851996067,2.1083861067600345,-2.3537373577398113,0.28743832909865746,0.9892727490556705,2.0632052041596736,1.8732818622909706,2.384116605283609,-4.950970212162859
7.231677061653535,4.1956441263236535,8.007204669066173,12.872466099800342,1.4783342461834443,1.7547381624729999,-6.870879138720555,7.793721104078302,1.0406650744343136,5.579323564244803,8.099316468299575,1.582407027637309,2.2389013522522805,8.006745345840786,6.577468312984682,-7.673261107106637,1.6854899588828904,7.902858990135656,1.4650223960187718,-6.582864994352489,5.145631370375621,-1.7213497548045773
9.130778316430803,1.1060795944724342,6.513723615604876,1.9991803493803393,-4.751034145825078,6.80917334838987,6.786140681167285,0.2545062551112928,6.081424648632531,1.2179188346291183,-4.557277210497747,6.938109827011499,-3.1514943956425086,-4.931828670873552,1.1627178701654113,-2.064656005462119,-6.066995232539848,-0.8038513466656942,9.887351884413278,9.217772870445613,-1.005597007764864,9.610472925213658
7.786070686006181,-1.059647702361955,10.673900058946119,0.6904024527649091,2.484309356072383,1.482813558794154,3.1611920698700557,7.148017393247113,5.529088832137325,6.165924437354483,6.148582267390618,-0.7930821791780978,5.686984201347983,-7.379258382310782,4.522028269967545,0.610199151370729,9.009748142404998,5.3678847393054285,-5.913978404129252,5.413906255213001,11.547526079974936,12.674324547316374
1.1903128984518971,4.67342409125641,-5.369925107688024,0.8136153342303162,6.049012155322768,7.722193415550809,4.576267499424827,-1.3835990298021872,4.45239710993585,3.503911564411416,6.548437585731982,2.761099654100907,2.578173414457279,6.544367338774337,5.908745841796126,-5.6115497270542996,8.233947660813502,7.904198511194828,4.060802986295701,1.9860550854388823,8.393140575712062,8.07469631092992
2.8654885836322523,6.060705125945582,0.9720113345599974,7.276986184311914,3.2069879423494707,6.062583065216822,7.637489677504912,0.2771147987932916,-6.536733621432163,1.934821421604182,-0.9449082503442777,8.122272388435045,2.0491408826266175,2.8576987880460147,-7.708450171191789,0.7663769087434998,-0.5943011454925861,8.108186020851731,0.23568685162671682,8.86319672543863,6.713184878682067,5.807138905021145
3.9860774045186758,-0.05338634872897804,12.135314952958241,0.8333543957208439,-0.027852205288525795,4.843612150951278,1.547548815016619,6.228085094624097,12.126636306500789,2.290458185219354,-1.3664436465282086,1.5825770392990703,2.671317794514829,1.2687142409612249,6.092207285744836,8.94623855982776,8.856516282508965,-0.6853832208397099,6.145398967580245,-0.8400229857325785,-1.5192220608553149,11.86941244031326
3.959834980941868,1.5921837986935083,3.9960930587897665,-4.727497367580161,-2.8254759056070142,-0.2991578299183701,12.049590174288493,1.4559721120376228,2.5162902209068285,7.075939914452075,6.636967357813104,5.3992421123381265,-7.627538772473528,-2.2284154922387405,7.570690863573134,3.080798997801987,9.206309396880716,6.657786114412231,7.56936235330568,8.27450980690933,12.272460210996803,2.161995678532716
0.3677170491861574,0.9114136847708452,0.07736579408756157,0.6853889036061586,8.92526401109485,3.637666513575903,-5.984305097990853,-3.6831651854877894,0.6251598473573364,4.797805907045349,-0.5392026340674856,6.583714135297229,8.59368346939758,0.4750505226552442,4.77673147611355,5.966238845352549,7.469940922871829,3.138984853316494,6.234615921336946,6.84144263944079,2.6527320320236996,7.382042308360583
6.338350197632956,6.900680822956103,-5.224767219493692,-0.9491839309106559,6.587410783283683,6.117368108421678,3.536589717974769,5.700307479205966,0.2665016988757715,-0.305935789542277,0.748586002646001,2.4025104056446938,1.7197510973679806,-0.9363803201220091,0.6431235001950575,2.9020321361460373,-1.510076631812902,2.382928662638676,6.813594661810447,0.7461349253947464,2.186054274282228,10.23844586266744
