script/wind10m.json
{"header": {"parameterCategory": 2, "parameterNumber": 3, "lo1": 6.000027932988019, "la1": 58.9999434238085, "dx": 0.5, "dy": 0.25, "nx": 22, "ny": 24, "refTime": "2024-07-04T14:00:00.000Z"}, "data":
[rows 0 to 23 of 24, columns 0 to 21 of 22]
-0.243613259332632,-3.488644732089191,-2.321145792425697,-0.29177189736284104,-0.5106127179134993,0.9789359000265155,1.1253289609307822,0.9716096432752767,4.395401527467669,6.951885400919911,4.708863781857209,1.9784359500889608,2.7600682161259473,3.7561507670478917,9.889814975910168,8.319735081756455,0.5771443315458314,2.319300594934054,2.6363390402454967,2.6538288909871617,2.8977350778602613,3.2915910943987123
1.2052497318413418,-0.26376510721463836,-0.7007214524367954,0.6982422569738336,2.107670318050897,1.4728372450033356,1.5444493239833745,7.213303527405176,8.497827743822228,8.821163501138734,9.890465240009028,2.641779214516643,2.6997403174933416,4.344254651385713,9.341646982348967,7.413440946063365,2.069598495161552,2.866344487918267,3.1039930209432787,3.1354790189375388,2.5673061182634855,2.8144394887392368
0.11406244782662124,-1.0990947873081285,-0.9579915949295551,-0.7432365626475566,2.4327941390501833,1.6055613624929628,6.394994277313231,8.224804346617628,10.504058462163995,11.367103855361323,9.510273798999572,3.0488896649705843,2.516077885718522,8.668132958952311,4.6055392254729295,3.116275735448022,2.668696509826386,6.434659747965281,2.2077041426489674,3.562945995248474,3.553264393164559,3.792330602191379
-0.2886045267464754,-1.1843354049163928,0.04919129281342634,0.2345085371279228,0.8340137916423221,3.9946507346538147,9.189817193347599,10.270415899185847,6.547888688679848,8.752962303614014,11.987424753640958,5.02704172716753,2.4473893527807817,2.8282540983534354,4.30739652635085,4.512860438493365,2.763409011638868,4.3681372592804815,3.220828529421483,2.9695494339919937,2.9049892880906865,3.4420699465774374
0.605793675980473,0.13396589379073298,0.055092747935353376,-1.4806728072446644,0.6144541001413449,3.2856255982904883,5.761551066268374,5.922638397731532,5.79475312972402,5.799346383803968,8.393732226103243,7.392566929381644,2.665857029874455,2.669711344343958,3.213590548768028,3.885103996807695,3.7380529637985354,3.7506924635463097,3.621944267017529,2.328338412834267,3.07638120957874,3.040665594705106
1.0680345123771133,1.215163698016171,1.231266315160953,1.4268113443332213,0.061531031100770135,0.14342808286947104,2.1981012476453565,2.6691318732124243,4.404782213099173,5.434227475089765,5.157399573606394,5.463542844820022,3.980816075399342,3.3413332715872146,2.916609421342519,4.007023084458635,3.7068687241783014,3.016847663582609,2.793125619145148,3.2317589336520776,2.6494101615162613,3.4735262822471222
1.1934429600073744,1.2346820042049256,1.29386907748499,1.333146772860818,1.3691360444102636,1.4449249056027562,2.269565117249338,6.316616337502646,3.153875050426986,3.9495592546886056,4.824366555893952,7.526400162653658,2.505302825076734,2.1537229818454633,2.0586503105823044,2.538347964347718,2.632407627498421,3.0852553827263485,2.291254355543077,2.8552702933861323,3.356902337094909,3.830799993199177
0.5686952275247724,0.47391765320643053,0.8122093298787635,1.57033624274067,2.01923924070516,4.049624304954066,3.597187686366774,5.891787221571934,1.5594596134942913,2.8343067588847948,2.884164811775452,2.45792161229268,6.355030880818791,2.1346092677062916,1.7429117697240037,2.4543503545213072,3.1244993373032792,2.4041575626892078,3.131891365123164,3.5909916527366446,3.666532646946784,7.0031367973729175
0.6010059515338999,0.8303875867454348,1.6274208305068654,1.5681369084341343,1.8468903727141033,1.1376814757396494,2.839083019819491,2.5772826629731385,1.9766973453376115,4.913263599000255,3.0789935785629265,3.810242609988471,5.405218522812944,2.251753751207126,1.4194520771029613,1.3760220408440564,2.2171733308715287,2.009379854240392,3.4776885616403574,3.508569294413632,4.159783113470883,10.266758367391382
1.821354436135374,2.054545966204634,1.128929691874072,1.8462366153683847,1.7458086806588653,1.6807662422551175,2.022997014423831,1.8576672227308315,1.6448360784644094,2.866345020764696,1.7954014158010514,-0.31361441482978936,3.7865730679186367,4.762008492186904,2.3120190673437455,2.0456303490928884,2.088518105187272,2.105382248212686,3.500162639392571,3.589360003341176,3.00990056871501,9.616588893831294
0.634306120473449,1.6267540873179784,0.12606665267083042,4.212125479033003,1.8916280515529298,1.212575977114309,1.3393388714650711,1.8832557575034987,0.18961355201986255,0.7353688910437691,4.089052738895177,1.4943712634173945,5.224740804824936,3.3494228012959963,2.213333143811715,1.0987551738778625,1.977158270236663,2.8716393320608202,3.7967135028589123,3.3171429664790306,3.7015706271109523,7.295991259303221
2.2714953367455406,2.3255794591144654,1.5750833601497545,-0.15003159675610478,2.1165525052181575,1.1040242179048414,1.76816244855671,1.7263981485804396,1.6820694157638252,1.118809253807414,-1.0829752519330988,2.409506299226826,3.5700375403680846,2.1997747329154995,1.7214577313641937,0.9642599703558169,3.13816492922459,3.797118790781132,3.6763354163854403,4.011050313198534,5.766880970769289,9.198463541231767
2.975181325036258,2.180059984245708,1.43956088227704,-3.886753286049585,-1.3104545564122183,1.3523977962811327,0.469161888861882,0.25911324721477763,-0.4882422517733744,3.9732763864458827,3.297280653895854,0.5066967011628362,0.9798462859431227,1.083110694489581,-0.2801032301017122,1.3769895732014914,1.7791811221266405,10.117776602024989,11.226483649280649,9.830813681796279,10.231255267318225,10.479298333605913
2.5243396170629224,2.478854955187584,2.8460994194160834,2.211498063585741,-4.155307910272061,-0.0022533332205463734,2.5012568960979675,1.4490765983167948,1.6688576646712525,1.5325058169763903,1.1684767685113966,0.27159535972077525,-0.2170347685094892,0.6209190054987729,3.2521830124384494,2.469590700387426,1.7933619955627458,7.889923789904665,12.671989267584422,11.401760093682956,11.0440837190883,10.722899805941985
2.632413634568289,2.071897846012529,2.072147578739368,2.295457477537019,2.3930168231575952,1.5452955191194893,1.408473804408258,2.011220863182922,2.3095834364383783,2.528137230204364,1.5240052951976717,0.894880921356594,0.5226768632690033,1.0293183729518334,1.2667560601434342,2.40681647442834,2.193835602960464,3.525125902012176,9.02918668748496,10.559140468900344,10.62772327145483,10.146756874547988
2.3169698289601497,1.8114770145679413,1.6668387411824128,1.8321821448134779,1.9425876653576843,1.7772095270637986,1.7235484049936554,1.6207221717958005,1.7002349550060945,1.2556357680206747,0.7703110679492126,0.6764798978585979,0.7942062008486238,0.7958128335514468,3.0960375698939075,3.9921816028198576,3.066117307914712,4.291653169956999,8.549132802088304,11.337201847336118,10.156271827268153,9.286733391558217
1.9343365593930617,1.8632214894750971,1.6330009116222493,1.6586321371491688,1.5956658213756594,1.6492005408721375,1.272742975752162,0.7008547099539812,2.7923414338730255,0.7194481168546579,0.9332137090587045,-0.1350573497277893,-1.1225954966135592,0.4708910742683502,0.7715932300102866,2.812056215627868,5.0767073699082825,4.268560084514613,7.146832149321793,10.38171754083057,9.88369050157381,8.748566471353655
2.2308552190706172,3.104408276190754,2.6441106880818177,1.5464367092764815,1.3851036800827188,1.1062007181890032,0.8866460748230295,1.798253914872553,1.5409815153482058,1.315014738916037,0.6127827080979013,0.5760155386436617,0.44594158477630225,1.0088166354677996,1.300277585307706,5.256878958964986,4.815114309231456,3.1015091476014227,9.638969633040283,9.10479775089058,9.103637390300843,7.9181611600855835
2.4705631458509663,2.5065251581404633,2.050795048296159,1.9518020854680949,1.3579318663970914,1.1520185591238405,1.1967822471760545,1.0741009458410362,1.2588009904263877,1.1159133047016976,0.025538939135891222,-0.39937542619748184,-0.24389766035239013,0.3208834503835972,-0.10557499656592544,2.7683821974733145,3.443243114184729,8.364872578311608,9.539800869829284,7.395752999373922,8.033120364735877,4.371258464171064
2.328053543240628,2.6089849839938157,2.1839052522976172,2.5916917109063613,1.6260010057241518,0.8086256508990219,0.5222777384078975,0.32599058868254277,0.45844734810662385,0.913534551389709,-0.652617648854295,-1.3860146580415722,-1.9523489648202932,-0.2718808648562021,1.2426519576183603,3.521458481149003,2.494462817110476,6.7994208837439665,8.026954982349338,6.267451761545022,4.195558814676826,4.037840699635115
2.209548400957492,1.9523999726378014,2.674277500129692,2.2976631457069443,1.7329196391036916,0.6856493317257131,0.24769832058429414,0.18931553022430875,-0.11171586616903739,-0.26346914876763755,-0.6520665511488685,-0.2049536972706626,-0.5402663262923708,0.06421442934209996,1.2213369637777414,0.3535679293944886,1.199637593228856,6.60746177467564,3.211915149194997,2.656829128061385,3.719853358823843,3.178705594702608
2.129124755132446,2.257622280441125,1.8977197806433534,1.7098932937832043,0.9085870990611208,-0.7125933975897722,-0.7978722023432923,-1.1207253441387497,-1.1762617769739976,-0.635952820101538,-0.16469394008771734,-0.5292675664152483,-0.5318221087326809,-0.43279333167002,1.4820238025713528,1.5078551376838631,3.0821326242548355,5.262637012328142,3.310587820505839,3.3116836154989753,3.2358825259109314,2.7953071890100465
1.3301710856245366,1.2970115021324968,1.1552559676208805,0.010564432435941115,-0.10995296266999857,0.17613750148855542,-0.4766915314128277,-0.840971829126353,-1.3144952560920455,-1.0063336678752957,-1.2874793946125354,-1.3549145956101791,0.9367072672683895,0.7308338108911612,1.6398838790716221,-1.5791520884964079,1.303344366441564,1.949745474504848,2.5170899802496107,2.0557688004581505,2.9179343730370935,2.6393357174721177
0.638652261446005,0.4823411296563912,-0.06816760796017331,-0.33418174274694107,0.09718408727676392,-0.32323453145748543,-0.8939210599117053,-0.6302604559251265,-0.5250803307099252,-2.232747741525429,-0.8999823739031002,0.38981604653644214,-1.3109073122409733,0.40291724906938015,-1.4692377066017657,2.292867056062297,3.0334288721677862,2.4286122282544897,3.153886953770683,1.8981689020598997,2.609099359402836,4.965853749543064
