script/wind50m.json
[{"header": {"parameterCategory": 2, "parameterNumber": 2, "lo1": 6.000198445256149, "la1": 58.999992894266676, "dx": 0.5, "dy": 0.25, "nx": 22, "ny": 24, "refTime": "2024-04-12T11:00:00.000Z"}, "data": [5.29747358819325, 4.821157794898578, 6.132225753842867, 5.742654111847916, 6.452476644308821, 7.134482539383811, 6.880889772763896, 9.476176122686995, 10.638917479004467, 6.526870112563112, 2.4154916591317277, 8.2047649835551, 2.484879605912136, 9.495591338476403, 3.8893158491014943, 8.620333885908972, 7.4989875526899645, 9.3529002497973, 12.27603959016918, 11.194669878248462, 9.339932759931216, 0.7356284636242574, 5.591810997858758, 4.685023672255711, 6.060481713004087, 6.018848512785033, 7.137405527044767, 6.836969792112376, 8.006337520475968, 8.631815979961127, 5.0560603558168555, 5.592255933592629, 10.631055968901988, 3.102203253989108, 2.24637655061138, 7.072635076712181, 3.0922731884995667, 7.651627109338668, 10.694989519096321, 12.013242063901458, 2.69223459910341, 4.4986116370475155, 4.404558478756488, -4.564322216954766, 4.04444115766707, 4.252293258791574, 6.219115027202324, 6.858358839073948, 9.835042884053498, 9.607470470721845, 11.175030901468492, 9.724259478761507, 10.52006665631449, 11.077778106620537, 6.7507161501191515, 4.493564499625127, 11.086772027451364, 8.458358175318121, 3.9814703080762595, 2.415138456605789, 10.637414876729373, 2.1981057210899864, -0.3921395307189006, 4.130076900313136, 0.5017185561127394, 0.046296015961383614, 3.966204598508423, 5.277906138468213, 6.617460744508437, 8.734323106564906, 8.382778567028508, 8.395215625247035, 8.87064255289559, 5.90883943579373, 7.232236943690573, 8.610313234851283, 8.082238411541736, 11.50946089387992, 8.76962105634831, 3.2880988397609014, 9.528803986249532, 2.462307323658035, 12.890299112717777, 1.5653749962715076, 5.821467735565534, 10.972324313958675, 7.79608507031812, 0.9075880447823335, 4.969431524394309, 5.817832896764427, 6.484484464102757, 4.176008748312217, 5.862466863851583, 7.920065660570007, 9.43263852057128, 11.185028192053604, 11.428541140215252, 10.99532259175105, 11.691157425188072, 9.034708285387389, 3.943894613736082, 5.228990994832044, 9.596292146230374, 4.027701932778019, 12.70416599664303, -0.6052505341238452, 13.859529363224164, 4.406357396090633, -0.1821669319774556, -4.516076270313526, 4.487517947952666, 6.197470686554258, 6.175911275332235, 6.915590697377628, 6.153962071096162, 7.2254818453821805, 10.872615776423757, 9.733383985217879, 8.586772946269004, 4.8296151186755205, 5.645535922122733, 3.7073754664524046, 2.6614641046153316, 12.283981951835779, 8.72261209138814, 4.337880073931088, 4.46517157437995, 8.947317742106682, 4.366154205596664, -3.207072951844698, 4.3079602562232395, 2.7992519467870434, 5.206821542859862, 4.611243757998683, 6.1180601626997, 4.606023625532956, 6.297229087608606, 9.378444837727251, 7.167456112960499, 9.403231748207858, 11.85679206080476, 10.347888476442275, 8.434838716509033, 12.267574448623636, 12.582847653826441, 9.455836607960924, 8.512604913630257, 6.960488017159586, 3.003100254640769, 13.924969216651249, 1.0916874087965525, 12.154959900940595, 2.7830196275077737, 0.7499432802522653, 4.48892130060242, 5.526834788982615, 5.979901832794344, 4.951286340695613, 6.962096952569058, 6.909455056673617, 9.384928155081464, 11.115582974914298, 8.40730724763633, 8.407441182448858, 6.8525618814102724, 8.29844457694652, 11.123362523038933, 8.039723735227902, 8.52801128929141, 0.5213698242026132, -0.19640942250662846, 12.635910941155165, 5.871385413246188, 3.4856908379854743, -1.9401414922558358, 1.6960692565668258, 4.463984713320877, 5.913573319500818, 6.315195234143915, 6.4394822820551, 6.1105906347068295, 8.502775248705108, 11.078495565061209, 8.303041637189546, 11.9503107658955, 8.45213618779266, 7.989825209097529, 5.548578087895808, 5.849097197356276, 7.915092368773649, 9.803175419899143, 2.4399391976731093, 2.3463733247717884, 12.186958852000515, 12.617612300249009, -1.3787981895840167, 6.623380484054857, 0.2960861576747927, 4.204394957235259, 5.226625940382548, 5.711100123215009, 6.196451025807495, 7.874301674917464, 6.956225928792002, 7.325582582095684, 9.070993512190352, 8.347419253323624, 8.924247105603971, 11.40049337706045, 3.1934847384792993, 2.3020076869127855, 8.473598633918114, 4.088246647894886, 3.8359790025704896, 1.5717770090059855, 2.371951841984334, 11.564076509489555, 9.652353496536747, 1.849941431855198, 1.5792960137586005, 5.071706708290721, 5.936869409806167, 5.971035217260612, 6.221242823792193, 5.570673777086437, 9.953128765631572, 7.953294587932895, 8.106306544465195, 11.906767124878666, 8.570657952640175, 7.151200716793974, 11.400758144846693, 1.8577560549210095, 3.1579817421467014, 3.0939875075693917, 5.014442843789854, 6.049207678936857, -0.25498409662893423, 1.5252002732053513, 10.232929449292968, 6.233608147398824, -3.5948103380530543, 4.99961887633343, 5.36608487064667, 6.373089053196339, 5.755402779486754, 6.370185377898285, 5.302455573232655, 11.040479861066382, 10.528077348070891, 8.811340228732622, 6.230946616113872, 7.745260487839598, 5.494869929067567, 11.594719582905396, 5.487839536618481, 0.4753238361325704, 8.246516665200698, 8.465925088392598, -0.6470697974076228, 2.7455312634669014, -1.0361144926778623, 4.052976838398621, 1.3476157985991692, 5.09003549113422, 5.716392453390653, 6.600202191613884, 6.694778214846833, 7.319244798869339, 6.623234496985269, 8.230289902618892, 10.718276416939839, 9.207674686035693, 10.538732496256744, 11.444414486442088, 3.0138333057587037, 8.778767439850586, 12.53458621905296, 0.13074713518768777, 7.4239217295317115, 10.109252139461855, 14.090180891417264, 12.123131255516617, 10.879188738306347, -1.259458178444688, -3.3813040643385803, 5.106724581719675, 5.778149959743331, 6.291426013855753, 8.467796980539797, 9.894424680675252, 8.546869414191756, 7.8869168059000145, 8.204410238640747, 9.529548899193198, 11.256881500721285, 6.876513866516224, 11.885498357078799, 3.3207453847659236, 11.356956419683941, 0.11673196397809507, 4.11293806827459, 10.173093483100056, 13.652698455572242, 12.81666071722588, 11.03771075641279, 8.084390709828726, 1.8412440562322276, 5.486891585600535, 6.6108156900774, 5.832205324551913, 7.16053801093349, 8.309552271895637, 8.630024692481191, 10.886260434495485, 11.371648943162727, 9.085120490177292, 4.945730376233731, 7.075961019464524, 7.896367279945602, 4.5445231315034595, 9.73110029394739, 0.6375100009687221, 5.549477956959845, 10.823590474805755, 4.356072592842717, 2.846758588795999, 0.832966132069406, 4.354910149753018, -1.6878633465581705, 4.168574373944267, 6.25514535732773, 5.406951342633269, 4.964841052636101, 5.834666866888689, 6.6974973686956, 8.6754398340157, 8.259070204893854, 9.445825935762459, 10.432706585130989, 10.390071874479057, 2.9991498715726523, 12.69449469607025, 7.354588344934727, 1.1116023161450272, 8.409874615810597, 12.433804796412868, 2.4666242129788283, 1.881698911619499, 10.157168145915787, 7.703239864127402, 0.6293110221772942, 5.626755215411085, 5.683318810988054, 6.120172012334398, 6.5675299549870205, 6.409512385778132, 6.652611453860412, 8.139034210856737, 9.648057839649677, 8.856018410691757, 7.702815027405268, 4.926497843814912, 3.383665907832701, 9.491318945635554, 8.441790504033868, 4.593874187520617, 7.55241706375937, 4.345587207721594, -0.4718768421093354, 9.343465624037366, 11.3477854799027, 3.2770116881202656, -1.4205105554866142, 4.822941773060061, 6.396991119733594, 6.815172257014313, 6.349672919208927, 7.145251983997428, 9.577353254815593, 13.221698141765057, 6.454221359841689, 9.522602922945687, 10.372879352900487, 12.071395837817606, 11.826502694041764, 7.478354806449806, 8.553044679811107, 3.645917391216717, 9.333700119059884, 12.733808545001882, 4.122791854122522, 13.097141864745158, 3.1747382148991536, -1.7267105917826093, 0.13742028881895216, 4.789997274344539, 5.718762139647576, 5.510563829290479, 6.431929483980995, 5.680005050169075, 5.8888131898387694, 8.67571810553602, 8.760267212079004, 8.410338868956746, 10.503415593621016, 10.18356140753626, 6.5410751202195705, 2.9682862449642835, 3.5938341732088426, 12.369913875649527, 10.33509598087246, 2.9845062035593926, 13.891575895938347, 2.938326386605378, 5.718288744004424, 4.213894088936488, 2.299132561504736, 4.055698625040079, 5.654574091348339, 4.4192829885693605, 5.577940141769935, 7.653519839861984, 6.153090422610089, 7.940635780258194, 11.647251511310847, 6.81017858880572, 5.360323913751518, 5.820671661304573, 2.3337405617829163, 2.558958571610806, 4.807503580911294, 12.050175973997304, 9.419042148599983, 0.5655683370548847, 12.530905875477018, -0.12465793281799045, 11.256702461273152, 1.7219231637208947, -2.453251200768247, 4.913664254499986, 5.839793529476438, 4.459007453325263, 7.042391930469832, 5.3216739111514855, 7.280239197477101, 11.004195276774823, 8.026315347602266, 11.811974401371534, 10.553884106601144, 12.036277196477444, 12.22016737426794, 12.461367686715484, 12.769591982813552, 9.010498540075593, 9.51370397428091, 5.057953035281019, 2.8394494761350146, 12.762314433703079, 0.9905029414033838, 8.756030149728495, 0.5655927290972885, 4.299829512488374, 5.90561373518209, 4.203686942936914, 8.677228980586033, 6.232440172856548, 8.595590390642535, 9.050780795562225, 10.824503951375887, 7.410389497527483, 6.090176838464186, 8.447497098072228, 10.092829032985529, 9.511835544122754, 11.672999487396067, 8.97065834716482, 11.492923030286162, 8.098154770481472, 2.377757943089856, 13.274428043281722, 1.4066177222702052, 8.072479134561439, -2.1566550071058095, 4.596906848626434, 5.555113269929449, 6.120837991520992, 4.870438940174382, 8.884721492628268, 7.866837931806352, 7.609660412338487, 7.674502013164222, 8.901692445103093, 10.53764712192881, 5.859827821048626, 5.856852342715423, 8.188300888034217, 9.272225590457294, 8.740912247807197, 11.102211687973195, 6.709534970679127, -0.07397313303467078, 2.963450659461026, 11.230589831643426, -0.8859168584025907, 0.25402002275331187, 3.827099886806839, 5.665764826235063, 5.732942702851627, 6.177793063569764, 8.702441656687602, 7.312063305222835, 8.91583747351738, 8.901813872199302, 9.51314079530942, 7.77848554185905, 9.058506938398775, 3.664392322300643, 3.7170531837329217, 8.860414015429601, 8.603357183793086, 12.035945847989092, 10.193078569449531, 8.53205317001668, 0.28198884310090205, 4.102919024568783, 4.3745712473457745, 1.654419775321913]}, {"header": {"parameterCategory": 2, "parameterNumber": 3, "lo1": 6.000198445256149, "la1": 58.999992894266676, "dx": 0.5, "dy": 0.25, "nx": 22, "ny": 24, "refTime": "2024-04-12T11:00:00.000Z"}, "data": [1.5647391167065188, 4.61477619268302, 4.505034125770147, 4.251749489231655, 4.526726217995074, 5.149836529789943, 8.71857707809108, 5.920083152791909, 6.699954428716724, 7.432985155632324, 4.865612809232623, 4.671125202021481, 4.84328779326904, 4.786923357106819, 3.3391610589556513, 14.066974232796099, 13.625321712748201, 5.9097103518369805, 0.013124261941100812, -0.7216899298565848, 1.0799518351666806, -1.7462895337480913, 1.6652208283902186, 4.151921114415836, 4.460819985984806, 4.824212586909679, 4.973780374874522, 7.271449513596767, 5.314146120850149, 5.220339738557843, 8.510915553851966, 5.134641470011045, 7.860887413955558, 7.985088111915294, 4.636381585838798, 6.115095732086646, 2.361908441130202, 14.163723529314861, 5.7508990509962, 2.0797310118375365, 4.210382212725687, 2.8610286363677053, 3.6086589975647883, 5.2822752886227535, 2.3494588445949667, 4.15160545335719, 4.563402807406324, 5.232284252629222, 2.888544675096474, 4.763613671420484, 7.36407357596211, 6.470753122238102, 7.039804073284537, 8.101260444788453, 8.294236724224852, 2.6100115058130617, 7.3207715456528595, 14.364159532608806, 5.426464912642824, 5.409834315715828, 5.384434617643374, 4.930809571216581, 6.879190376654191, 9.514907086549675, 8.364015916468006, -1.3258423120980023, 2.577822607853081, 2.9812859180931457, 4.618316168538834, 4.3480859755480195, 7.615834835929029, 7.893149941460012, 6.780888310611138, 7.374513816022186, 9.826855315484053, 8.537648971381559, 6.494791507746556, 6.959725274580952, 8.18185571439226, 6.8791390382310205, 5.305377638648465, 5.536519132068896, 5.1300200572884265, 4.333965937913083, 12.308964364058262, -0.5403714174810668, -1.098429825787401, 2.9827127554587216, 2.2568605402626516, 1.8155152659624447, 4.86738323800268, 1.3607086144095573, 6.098041637248353, 7.679289521059995, 5.971292428720518, 7.043016970211381, 7.305416934160227, 7.381220481721882, 7.343818892065618, 10.180432150968866, 9.796121394889722, 3.569612363187085, 4.815399474116433, 7.428856183691983, 2.7408462797847624, 6.78590532599485, 4.7061793119067445, 1.2171285421742322, 4.496832141007454, 6.992205427068423, 1.3230762316121745, 5.169781172882992, 4.728952612623671, 7.064367817523953, 4.328725384308061, 5.325436882105125, 6.68235765148367, 5.998428976865448, 8.829287055612538, 5.016558620661291, 8.318176116007104, 4.166057898923784, 3.73735406983082, 5.353017452331524, 4.88152034940458, 8.594466258789934, 2.5504476574166026, 7.572695336110672, 0.5004072662631347, 5.859545974844554, -1.5761653058586775, 6.082203924000998, 1.48020733784517, 4.242747760613521, 4.416357737614013, 5.030065944159986, 4.457111204088678, 5.148464360486659, 7.08881964381003, 5.876367983064528, 7.370616175697117, 8.004548602850562, 5.262319455017163, 5.413964626504014, 4.798480884345609, 5.851645240126793, 5.939020375579775, 13.342669409825126, 3.6375799908963113, 5.973425747399356, 5.544553188224115, 3.993867975734728, 2.60651004152298, -1.666610440349291, 1.3366312597475027, 3.378088814949859, 4.202241618015941, 4.532911783515102, 4.908699012651848, 7.134990407619648, 5.966335793709802, 7.073523113208395, 8.83933186018345, 6.751801533313384, 8.380096060304727, 4.100007533365865, 7.31362840666011, 4.825014541858123, 7.240517558390274, 4.775295659372279, 4.952023543766847, 1.61854006573417, 7.737357405119986, 2.017114816516034, 2.989397287693769, -0.6340603564461292, 1.5018957404543805, 2.1176075468286615, 4.525581002373224, 5.01286367085845, 2.261459379167549, 8.905546064382314, 6.971159290844436, 8.628519261916404, 7.379927636184923, 4.1859964630909, 7.960279195419455, 7.012415557009052, 10.899570574560617, 7.083395106318215, 9.782676760431151, 5.498975657853583, 4.782097532347649, 1.7164477924153168, 6.798409806230345, 5.213018377462507, -2.6974361668527025, -1.4366507130407375, 2.3268818646429072, 3.9900480401428116, 4.431007364195527, 4.644954250642518, 8.371782870370502, 7.1543307011335235, 8.004443186468317, 7.510788766427936, 6.693276057189866, 6.086218988303795, 7.785624725081261, 3.7384577897901985, 4.7803294703760555, 14.098072343908989, 7.008688466524887, 7.205131268511073, 4.602748311567026, 4.517006717643043, -0.062181174021571126, 8.097492847119712, 3.1374308719373594, -0.6946332284349993, 1.6400130862589466, 4.943871133129654, 4.453646667366497, 4.802378186040568, 4.424473824924375, 7.629182076996345, 5.258900340960532, 6.827603320914874, 7.364525514704426, 8.533694294686834, 7.70053020879019, 5.948176966474196, 4.516400218096235, 6.844316923182919, 5.7584038290087, 11.042909004222883, 12.780996359762161, 5.839260420139432, 4.896295972910239, -1.4652432444022363, 5.895202003528251, 3.905616541351225, 1.4434585658165493, 3.959643767260213, 4.1350858597631195, 4.749540739522685, 4.265942282995435, 5.150221152691925, 7.412281364742734, 5.858759977868526, 6.672814857165365, 7.484029511608926, 5.925230569790646, 7.34677471583651, 5.969586793169861, 3.6361461401576167, 5.090134004453007, 14.081850084912556, 9.24181478930966, 6.84493962537205, 11.173607451331003, 5.292833316654565, 1.5439183401502283, -1.7429945194565941, 1.9411289332855104, 3.937430491341257, 4.475969533162762, 5.166420280951117, 5.501429359822788, 5.138757721786448, 8.96257408048575, 6.723788959826883, 5.7948095010700715, 7.659497814770313, 7.748906816173581, 3.713106356304853, 4.5474173440181085, 5.181005464855717, 5.220048875302517, 13.795857429408393, 5.647900131774236, 5.514974191363083, 8.626714662072255, 6.02280731208378, 3.522842064962823, 2.813041099350934, 1.9668677915442359, 3.9848941651291714, 4.619005291916228, 4.123663123973929, 2.9411700938409875, 3.4186927857791245, 5.404655646059053, 6.930278070783887, 6.501907791911688, 7.3334793955459885, 7.364924835729071, 5.904458868669833, 5.211935709675825, 7.46582412737634, 5.109140824373524, 7.582536589715997, 6.163869602839778, 4.238362026168096, 0.785683528656211, -0.5792580432668666, -1.4839161327420884, -1.439841900445659, 1.2846675614293976, 4.18512377938583, 5.106950732107428, 7.230199588000758, 8.296541743259235, 9.157274977962556, 7.1736525019613016, 7.015358967104938, 5.618995693828941, 5.039524331983693, 5.053021619152727, 4.05348529227116, 2.522869774977142, 4.886312082504161, 4.77284529682091, 11.541539786277605, 4.254658329246174, 2.728736034966718, 4.862130331037548, 4.185379199885528, 5.340436109415969, 2.814960029662354, 1.6033299180167928, 4.677948243345741, 4.992064175806025, 4.410443045377667, 4.3810380404382245, 6.06241661464468, 9.765508111009922, 8.495631788523875, 6.432647632670692, 7.692072924658581, 8.265672663757492, 7.764763368613473, 5.123140435307743, 5.902504642185916, 4.174811460164577, 14.299095539730352, 3.3418786241180904, 5.190723237384147, 6.779231083496889, 8.599313793913938, 4.271184117750269, -0.4631380532836463, 1.404466856519328, 4.492003912229672, 5.140577958799144, 4.464975541634023, 4.5358961872602785, 4.982286922896153, 7.1948991966187785, 7.434921696819445, 5.49408391664701, 7.305657100366761, 4.262847003187175, 3.7138375761544578, 4.633554185668032, 11.079748270040822, 6.22548835696064, 12.823897368719308, 4.877150859717952, 6.586637991739143, 6.377367542947606, -0.8971884025885766, 1.8460288412186754, 3.2577076653029198, 1.7845171026199662, 5.204565281029558, 5.247770660367155, 4.767257826205464, 4.976679160159012, 6.351794479801674, 6.431550876079644, 5.578012695486948, 6.559849764534252, 6.68239439448286, 5.429849273992746, 5.914387198797933, 5.332779727860692, 14.332323611543657, 4.181793127388368, 5.416546980648294, 2.6539913496076237, 10.486160439644483, 1.8148112186374326, 2.245211011523835, 8.283757055896151, -1.0105761700834277, 1.668292593315293, 4.435739155156599, 2.4389219505465496, 4.70346675474907, 2.123565015348668, 5.257870798232895, 6.737648157681348, 5.235046209273119, 5.94052879387654, 7.247850990222101, 7.831894584230055, 8.105825972470722, 7.5272678448693195, 2.446462578106441, 4.861645367476237, 4.951758069309427, 4.2293132651579555, 7.208321915889005, 4.717881921053374, 9.699702621147827, -1.4377190458327223, 5.1049584864245885, 2.410090806975901, 3.963611504835479, 3.3718312910487858, 4.779840589333638, 7.807015526108511, 5.350316471079483, 5.288357884757292, 6.954465840160852, 6.2718246712278765, 5.081908955792614, 5.2084151526875875, 3.9343885506629923, 4.823225406360454, 5.0909442284234805, 5.296599032641626, 7.671125412780375, 4.457060739130351, 1.421040860876104, 6.676959339977324, -0.8047040359082642, 3.833910198301216, 1.1081064741791005, 1.716652293266849, 4.062556280214972, 3.7487864845425958, 5.138081034845871, 4.487354280983978, 5.170506811548134, 7.3479217646620105, 8.28188240072298, 7.426181321412735, 7.458429239607661, 5.421241937724353, 5.28962624526545, 5.360045949600902, 5.0748298991537375, 4.7473941447943755, 5.63520800750034, 9.802857943304502, 3.464502660328024, 6.247772113381233, 4.707238668613339, 3.334824935692943, 2.9396792789418296, 2.2584437228348717, 3.98348711855546, 4.054072129556117, 3.112138299023872, 4.686906878968453, 8.832116685159377, 10.318723209953921, 7.396236063681652, 6.499484702776071, 5.031607099904668, 6.992142325377088, 5.566206852680489, 4.360182771419805, 5.994199925151525, 4.893091993218267, 5.503533709376269, 10.095695691283135, 4.407491651643112, 2.1903633359050585, 6.535731974868347, -1.225911278715731, -0.8289856616356734, 1.6641507750681488, 3.9525041784381956, 4.48873597389596, 4.655872524555558, 3.762258298341175, 7.204921062809727, 7.574929123414423, 4.7886608313998975, 5.71640620517537, 7.530956999879322, 6.3716303596528805, 8.63992722512995, 6.358561069243142, 5.867208235390453, 4.951871437591207, 6.063586091999108, 10.67655547569277, 5.363159485295492, 4.712826783332548, 0.17056326965307755, 3.4881302842567203, 7.608918145180662, 2.4685668492923476, 4.006644629979243, 4.511152833081363, 4.508153079100415, 6.139819446233014, 6.245559561113954, 5.866999182270273, 5.42947173097739, 6.474306653427884, 7.198421048000659, 5.649277749146536, 4.366049763880915, 7.932842827402124, 11.818671747376287, 5.246824901992552, 5.38272643348501, 6.243497524135165, 5.642255836903415, 6.818334230625166, 2.957636492345379, -1.2443728186737477, -1.5830192448900906]}]