script/wind250m.json
{"header": {"parameterCategory": 2, "parameterNumber": 2, "lo1": 3.000054539987559, "la1": 64.9999836372058, "dx": 0.5, "dy": 0.25, "nx": 34, "ny": 52, "refTime": "2026-01-30T15:00:00.000Z"}, "data":
[rows 0 to 23 of 52, columns 0 to 33 of 34]
-2.985062118497888,-2.2309215639424855,-1.4771004313836722,-0.9041943612416955,-0.9283243815294601,-0.4113043490765009,0.638177739003993,-0.07531902394498964,-1.7132776722387333,-3.4637231112596645,-3.768774356929214,-4.140107038994249,-3.859989270071242,-4.743656457110178,-5.618099942148622,-7.063629721012714,-6.766013654992667,-6.9557106889875255,-11.445355677592278,-5.296544235389066,-6.696143867106458,-4.188926780037859,-9.081472468615104,-5.425917690929116,-4.854330197176233,-1.7593265965928682,-2.7989975291611104,-1.1781255174854166,-1.495062731721251,-1.796803455712712,-1.2545984581943774,-0.10086453400281996,0.6071870392034657,1.517546636573746
1.059504041643796,-2.6780666027737796,-1.911734128697178,-0.6996494426706946,-0.016169535737839028,0.9198841015300596,1.4934924452415719,1.9017349511441746,2.743660498571545,-2.44807029353949,-2.594381334584214,-3.5254486186763647,-3.4655845925997752,-3.808978188081282,-4.574857809305088,-6.226289041985236,-8.652015501001834,-9.624934179835329,-16.055545755459857,-8.720493376307747,-13.475108639378497,-8.438765983553308,-5.211193125379094,-7.584997475433281,-3.6917217900412123,-3.4569275536404254,-2.0920382618897753,-4.39269087369036,-1.4210831110495656,0.8677371182389586,-1.7011782746340145,-0.6154654149572953,-0.4817756062048036,0.49751141169255014
4.313833696725197,4.582092838726642,4.782267036063154,2.0323788527924296,0.06156689175434537,0.19921467827138317,0.5731490606123795,1.3236465520154141,1.4219664934570961,-0.7307942160861151,-2.7875172285875256,-3.4231646919791014,-2.8520698434629472,-3.105153058972514,-3.321368674542561,-5.540163217213764,-9.521377786566232,-10.674981858878768,-8.560849526432028,-8.643671291042804,-7.968952375395042,-5.522413270192763,-8.07794855526395,-6.4122872309665055,-4.568418324395894,-4.132404945087299,-3.9452588421644275,-2.8391825842102065,-3.5727204629965157,-0.3589340528592371,-0.04624714588773568,-0.6906670453442416,-1.8239150075738004,-0.9143141821155479
3.5718375401185534,4.225337734186791,4.431242860704166,4.879494207107279,5.2400137412643,3.761191242473243,0.9071869528679479,0.5791413128212899,-0.41540776388631323,-0.6234988581460434,-2.6490711825951756,-3.115063631683634,-3.195116746568884,-3.205070634177801,-5.128826612327828,-6.274039770103804,-8.691020122775504,-8.543571482922603,-6.694392109538803,-5.664382367183153,-4.819968552308483,-8.096109510521801,-5.790017130748161,-2.9574354863794157,-4.95260213892317,-5.595013754554014,-3.0852915305318516,-2.7189885113335888,-3.250347034541948,-2.7834757336037597,-3.321898756081802,-1.6543586049838395,-2.652763691862469,-2.936408178233121
2.7274092334193276,2.7183234237241956,3.6366472002558576,4.438718018601732,4.7731701927168775,4.974862978171691,4.417556565930142,2.4847103508667057,1.8245220049427697,0.646416451307799,-2.375626338296258,-2.9485428133990244,-5.630983192538754,-6.345676303575196,-9.0596606999638,-6.544551948903664,-4.43109771293069,-6.607731294441602,-6.741433937634539,-4.901632461454453,-0.33486233096685897,-2.206735297306539,-4.967457458184149,-4.257978371197645,-3.1596748115274713,-4.1780816666618685,-4.454649426543871,-4.6947450301347,-3.2472089734414946,-3.8794524853826164,-4.509037917165438,-4.107928982210349,-4.782756312932002,-4.545272288170196
2.1726197922329504,2.1453818835926897,2.988703943602709,3.2403079511492616,4.089828170009042,4.079795170743824,3.74084777371384,1.634551142459188,1.2936550489864398,0.12881947347874154,-1.8771413533583434,-1.8080817116094432,-5.350496289756391,-9.876993892004457,-5.775303516839828,-5.111959501649812,-1.3468700658091959,-2.4912518026968677,-3.5783726139234253,-7.391103767593424,-9.725035522330778,-8.130207998150624,-2.69298334365785,-3.9870069410134197,-3.711526545807872,-3.5240851940264735,-4.527072852571383,-4.593552066648819,-6.491261399135734,-4.894766265902591,-3.2506611394979994,-4.688215018901472,-6.719122823287966,-6.3806079864616025
1.0412384054011787,1.0515974973193525,1.9962227138384039,2.77434728056907,3.040381092224049,2.879860326393685,2.6310293992756004,0.5216861544538721,-0.3445823289895242,-0.4755073228446666,-1.6513569162732182,0.5251087735998062,-3.412366865664914,-4.50458308832153,-6.0061983394824745,-3.6462104393510826,-2.230283521127736,-4.016733132119286,-1.1722490959166287,-3.6684054885416173,-5.019532637050884,-5.907861657797353,-5.916091925888939,-4.149736866018237,-2.773092187666234,-3.7583595633055893,-2.5368304389566165,-4.802082849846464,-4.703631300267681,-4.461944919618487,-5.212169966940998,-3.7506346605228265,-4.591578628137426,-7.122825334138075
0.1788488432271271,0.4412349344780192,0.7462287635022872,1.4603511276151266,1.709812722477272,1.690752859074459,1.4164207395360227,-0.7709941838758776,-2.1263917970052497,-2.8061005271858477,0.012719765630182171,-1.915003317336233,-1.2578716949595692,-1.2723704552360626,-4.121667072045683,-1.3224535288525103,-3.2885850059458557,1.1979021765391533,2.6005309409753976,0.9399314412819031,-0.38551021806320207,-0.4915633264866903,-4.644271304197387,-3.3812497922928353,-3.862755868067548,-3.3302749759245165,-3.284915674508073,-2.074270950041758,-6.340252973460481,-6.265452810873172,-4.425546425272582,-4.561187498606374,-5.74129344758691,-6.874979958181186
-0.2792677425693033,0.294208738383079,0.8773210698535855,0.5592429570758608,0.38760237799883096,0.34629487755152966,0.03528109556170044,-1.4487216030503751,-1.15547062085732,0.24085213299709352,-2.8649505086137075,-2.656039990047231,-0.7562898130512306,-2.165972134365691,0.5806512167771637,-1.8551565420222116,-7.287425659201056,7.830916808457367,-4.6340584377283385,-2.57199406719073,3.7971006822580007,4.448643245398472,3.0229724178955406,-2.9029240487542594,-2.824831882357622,-2.090235059610595,-1.9382352141645822,-3.570124617481583,-3.608598206821848,-8.165266937492682,-4.969923507836564,-5.227712537651929,-4.271124504228139,-7.9408383076414895
-0.5660373361509894,-0.3475050234514879,-0.13003060743950354,-0.22703362850843448,-1.2172081728651252,-1.110234066967558,-1.5056734828365457,-2.8740550665167564,-1.1595230680850208,-2.9652611096016606,-2.6235111508068467,0.18727182544556237,0.33173987890259726,4.681078644955387,-4.771988941898531,3.2091098895776766,0.8879561922639085,-2.1322295613521796,-2.5618650571094324,-0.730525642329993,1.664112415821829,2.108211113042608,0.8224629835859336,-0.3208328763000857,-2.575816334074037,-1.9750079873255704,-1.7228422534797698,-2.319607022825453,-4.462853047891965,-2.7940869967322537,-3.467695919973239,-1.3838292405304675,-0.7832703285860954,-0.7598921002253587
-1.5216053711214668,-1.2851284238709506,-0.8488763123059179,-1.0966128063289715,-2.308130640376244,-3.959399108760853,-2.5980259950993574,-1.2291226088633453,-1.6278165505282727,2.0580423557246976,-5.091409400443935,-9.138272403909228,-1.7030704710201008,6.231165375892217,6.473755552100487,-2.4340418156584045,2.287051824571474,-1.8246221980021857,-0.03491401145415494,-1.0383472588718938,0.2014291477059262,-0.5516099133795899,1.8355210755672555,-1.8182493714978545,-1.8416214573157552,-2.47076373983071,-3.207467249747184,-3.4190310870234533,-5.0477095136758034,-3.1084766932931065,-2.0766810605300416,-1.6478594374966726,-1.4684333338701112,-2.141906462903504
-2.501671228412915,-1.977526710269384,-1.134175073710834,-1.572704775826398,-1.9272107760502968,-0.10224685365533544,-1.6183130244118933,-0.8667198463433708,0.6933714900796855,-0.5965795029802251,-5.954257754169219,-3.4698885799283006,-4.207047481560394,5.5562568781506485,1.6397041568290174,0.47104096217676183,-1.3946581174753623,1.4968956757822574,1.3563474276517746,-1.6469801687998042,-0.27553487226160706,0.12261718741437858,-1.9865037332182915,-0.4976434947293686,-2.02757646584412,-3.126216449667646,-1.863878787910635,-4.031036561878945,-4.393832807251918,-4.2007235019035765,-3.732739930949097,-2.839647639974387,-3.486765167458573,-3.56971985614367
-3.4020730532469106,-2.047201661080935,-1.7727511701077456,-2.240367767177239,-1.9876789233549388,-0.8453321143992331,-1.2353361690091453,-2.4674105238297583,-4.3316677257899645,-6.810328886552261,-6.173227386956691,-4.372279479096159,-1.5539190433040293,1.9138537284821981,0.8589448588515525,5.689056929001687,-1.2811791765591307,-1.1637193096703782,-2.8828911790768874,-1.9649848662333156,-1.8431584560711005,-1.064895640144772,-1.1361666363806817,-2.7558818901995266,-3.395381438261782,-3.7231268324774347,-2.2966566976554024,-1.7301291251098472,-4.857099344567969,-4.329543846252723,-4.090445056724725,-3.961974663734243,-5.007026867256798,-4.265900049665668
-3.7010542400325233,-2.414529078808293,-2.7176138242325507,-2.0107576895018684,-2.9394439893293267,-5.48073717829792,-1.5897148453644798,0.6030336236269032,-9.914965639992475,-4.477260116038568,-1.0948179822397017,1.5760844012501773,-2.025006684018817,-5.053335716375716,-0.21103689631300468,-1.3824001328688738,-1.5124329445620743,-2.8781206788799727,-2.6409613943467978,-2.867969280489692,-2.9515647867185932,-2.373083408296274,-2.571396106579398,-3.654219920893612,-4.65604041390395,-4.091464092382893,-3.2311241749484836,-1.5033833003465036,0.2374832905028684,-3.9174048337330993,-3.9270365668885607,-4.963547908594993,-5.296809685282678,-5.1720885128675915
-4.408219443085463,-3.1554391451910506,-2.102400937285532,-2.5109586745580725,-2.734713417236976,-9.855589164236338,-3.2164017436951533,-9.560171382370406,-3.67678653157531,-3.8640911849132817,-3.6648996219921206,-1.1805817685836857,-1.2001814469157963,-1.6879890629943832,-4.174305035232887,-2.695403979004985,-1.7958212570406202,-4.895861316384168,-4.788307894803583,-4.0796059156057245,-4.006489921916604,-5.102159489881903,-4.494460986030296,-4.5801914021022885,-4.475335402710289,-5.060406894083726,-4.66893048060784,-3.1920889968545745,-2.89974902493409,-3.9266423135516595,-4.347438596097675,-4.966174563409388,-4.897432219032473,-4.735482594135776
-3.0847558426616053,-2.4267537761690177,-2.667981419815144,-2.4637153681436703,-5.50707583572261,-8.668916837964922,-11.249475330914187,0.7182257157908719,-6.310019035923588,-6.54656764503773,-11.591881735185082,-6.259296628645146,-2.368128255407948,-4.156367114284585,-3.177926278038277,-5.200931735800966,-4.316708431366681,-6.154087355591181,-7.315498071047383,-6.411906014973424,-6.369118403542603,-6.338170635793829,-5.211844354886583,-6.483093777007128,-4.68680675915838,-4.795662753320343,-4.969980612420797,-4.530299913315494,-3.2979058268336527,-4.661026181968909,-5.390612362008299,-5.280422317090841,-4.996992657913874,-4.937679545529996
-4.59183440082777,-2.811050890381864,-1.5460143569583125,-1.7785862415192195,-2.7032592343052757,-11.392266939892728,-13.083265883285959,-13.707518589701321,-2.8640541439577007,-11.905367199124074,-11.304733212861859,-5.691413759935164,-2.7798002834917153,-4.750026699453451,-3.616682596518285,-0.5406793187385995,-7.39266964818999,-5.178413721672762,-7.648942133687772,-6.196402870177355,-7.250803796225474,-7.7438956094104245,-7.909336154756995,-5.813928258917045,-5.839910718387737,-5.971188986700821,-5.646427479049715,-5.992986603601604,-4.787232518081353,-5.712199676517228,-6.009303792304424,-6.064182882746495,-5.629896999289813,-5.259715854472321
-6.332798419845317,-3.629575604793981,-2.224737427688715,-1.9414024910534364,-4.226240718675442,-5.607928032392746,-14.802590822302038,-4.723478185350286,-13.942379484542364,-12.275094327426086,-7.518069291672836,-5.384202592127573,-5.861992428384265,-5.7729084832558915,-5.754005676909508,-7.045379050637249,-6.31499606908846,-6.26245301479158,-8.65916451043081,-10.213122112289554,-11.375870924041159,-8.301506990235966,-8.869452916464816,-8.339501549903408,-6.5057630591496265,-6.914279824472708,-7.551752797068029,-6.521009007934252,-5.832295258832088,-6.436453883134733,-6.514670234449118,-6.7589754991827,-6.194025466210191,-5.984724994966947
-8.39858682605568,-5.249377623166498,-2.8059171574305486,-0.3061888609157968,-1.2485596714913716,-4.294961260648954,-13.714477175344514,-8.037575995504998,-15.29526666554152,-12.08810636287949,-9.772793102686112,-5.926338238267461,-5.616535497275326,-5.690088516954132,-1.321554771432534,-5.184252380627721,-5.940097440101944,-8.562422906147399,-4.338300791792133,-7.980904774366424,-8.776223094161388,-11.275581987540443,-8.391392268041155,-8.186846930746924,-8.308672817594358,-7.383347889641778,-8.351694385554127,-7.078766385267001,-6.849485186480264,-5.183646519399547,-4.900635617541281,-8.316885228835512,-7.395111982038126,-6.870156789174585
-9.802996019213811,-7.437779390294121,-4.666153930600671,-2.2001375582417286,0.6541985517898368,-1.140394109143793,-4.7542347348890495,-5.788429657997179,-16.670692710061886,-12.861292157059886,-12.293465010887932,-9.306148527149736,-4.147219427786906,-6.574210415796543,-6.174524221461165,-7.17986565792979,-5.09581198687782,-7.459223415378693,-6.59892129852625,-8.077627773457559,-7.699692511888984,-9.448832916083006,-9.40563157105812,-7.93779375823507,-7.074526198212255,-8.676227406206248,-8.179638462977284,-8.49060078102778,-8.534053390428861,-7.4345875586313355,-6.533645179247073,-5.748040931404911,-8.108559075901123,-8.712728771038584
-12.39424972736172,-9.79098395482122,-6.946600973537724,-4.877192342873672,-0.6758871069724839,-0.29013671239782624,-4.217825096315488,-1.9201369569439188,-13.678692586379915,-12.517625287016935,-12.601479154641998,-9.101730540210953,-7.20590232395601,-3.980915583104477,-2.5166740328768102,-6.4200459659660165,-6.7410720379515885,-5.915989134933062,-7.94254656858171,-8.416013956676135,-7.301394013779932,-6.65200215440404,-8.903751784368426,-7.673777525794167,-7.262680740177719,-7.956326246278749,-7.9329800729029225,-7.596098663866045,-8.213427523320338,-6.783330618600519,-6.754155758041837,-6.912628160683885,-6.954016417856423,-7.468516279246983
-14.222803392427084,-13.053789240634245,-9.383244505962661,-8.340095240378663,-4.281599074717358,-4.654804157115593,-17.895816795797383,-25.124398084485446,-18.762519493096008,-7.995867960019799,-6.058785647082052,-8.6745496506495,-2.5343866973832436,-4.870953115159939,-3.478281848136975,-5.0742175710269,-7.117212208346767,-7.544032684771656,-8.619852634281365,-8.455200846949777,-8.283089731114016,-7.442658177449404,-8.726371120358461,-8.490988020830025,-8.308779448692135,-8.01834351135281,-8.619410010866332,-8.766998064028805,-7.931006002253953,-7.528513138299543,-6.957173155593666,-7.13814414172573,-6.964537581301734,-7.195893211177982
-16.614815936979497,-14.588560120051985,-13.661741658115039,-9.405186725916582,-8.231846207047353,-9.802878595411654,-19.981159231212022,-16.565032689968326,-19.717018845663524,-23.689873685635515,-5.086634063181135,-12.384211244914777,-7.905871520618649,-8.072148545261312,-7.240473780646736,-5.863993782492425,-8.110500501939592,-8.681116351760997,-8.488662464145804,-9.22038135210362,-8.83785995706493,-8.715549977959554,-9.26881861724004,-9.646324617979806,-9.08430870507237,-8.970300968270267,-9.434235633960965,-8.360560638218407,-8.39245723162314,-8.249587697020972,-7.33328316157492,-7.22274018780774,-7.902225452137008,-7.974625345721365
-18.61590610246782,-18.171421151304056,-16.210329932982436,-13.356505496811401,-10.29702944322247,-10.138019298289503,-7.85511387703675,-28.284866957348644,-24.35583914848714,-14.009299409392321,-5.355735016625499,-5.803704915675152,-5.265043943697735,-7.890957643976202,-6.985721388042029,-7.741007192164203,-7.1608993346945455,-9.343180166945443,-9.43965395849211,-9.760563815297365,-11.01062517736127,-10.408618932574528,-8.433060029545414,-9.302722915449223,-8.754761699888666,-9.17743535859285,-7.867965372772869,-7.635459152176149,-7.326284445067201,-7.199534267866013,-7.8373035951262935,-8.140797736436657,-8.927303823208582,-8.927957658793758
