script/wind150m.json
{"header": {"parameterCategory": 2, "parameterNumber": 2, "lo1": 3.000054539987559, "la1": 64.9999836372058, "dx": 0.5, "dy": 0.25, "nx": 34, "ny": 52, "refTime": "2025-12-13T21:00:00.000Z"}, "data":
[rows 0 to 24 of 52, columns 0 to 33 of 34]
-2.2256974104855534,-1.5948558286454548,-0.3895893528728876,3.027719059218008,-1.4228742267624577,-2.68047068915594,-0.17800359074256225,1.7221036794316045,1.584451116500676,1.1118302196405563,-1.0444313671847383,-3.0308074298759164,-2.8665375125778843,-2.5033632097792284,-3.6909581303030747,-5.814818865857326,-5.113359365875991,-4.281680656734672,-5.577317063214391,1.0757242808756375,-2.3117193019198647,-0.12803130510256955,-5.118889659224942,-0.7237439718615125,-3.6766759166312517,-3.448539798798602,-1.6887870769985327,-0.8491051770802045,-3.0936216822677802,-3.7327501829030783,-5.3902315757040995,-6.709864356946726,-6.8281833367268066,-6.18952436429708
-1.3896132026583032,-1.4337291034510566,-0.18794788955194855,2.625857958138006,4.689639720313634,0.6163213125277816,-1.0800993572672741,0.8367825032833839,2.4525615209927496,1.0464439774003615,-1.3693338118596456,-3.861056160760967,-3.780335082512274,-2.972559048660763,-4.236885398584011,-5.737176049623102,-5.842031465831396,-5.296828369291794,-5.552496641035619,-3.4487013098113533,-5.793645389558791,-5.240927545363299,-1.9742838454339555,-2.3208196506932146,-1.9095656549049338,-2.635747881812639,0.616355094861751,-2.252627860090385,-2.219867120887451,-2.0906427776221146,-1.9328106920531642,-4.531224242151684,-6.570186416989814,-6.857640566260724
0.3491104113066295,-1.4324646000318342,0.15577370434244137,0.4113605679614174,4.500400224779181,5.5086608447478635,-0.053611241780846426,0.39998806372728346,2.6167956195233626,0.8187710832709442,-1.0592010309812168,-3.985120732058561,-4.415930514806779,-3.762363537814808,-4.726010672374794,-4.6131930211376,-4.442696072102104,-8.769692596845985,-7.902245198968538,-6.994605070387091,-5.379395705426461,-2.087413597855333,-8.337310096627421,-1.3108630441106963,-2.5369219261267544,-1.9363383499330702,-1.4214992619591313,-0.7454732097268165,-2.0087737775001724,-0.5029408608494907,-2.337700761224221,-3.30177018621635,-5.356987991956129,-6.110539532447161
1.8525704118123527,0.9005458068580348,-2.069287568980059,-0.18011007789335076,1.9171779140007648,5.005540625397858,-0.3837711240129638,0.5110718811376628,2.198913596656566,0.41993336442939033,-1.6337383957266716,-4.737632559516113,-5.839583387793013,-5.5054988070203335,-5.995249161197297,-3.9864322358323045,-4.369922227194111,-5.1877595226662745,-3.1270140885345685,-1.7690391125858176,0.9955566229195967,-4.39834780883143,-0.36185851394280993,-2.183805961053331,-2.5923660686259224,-1.2601136265237376,-1.2877611195594316,-0.24747965716191966,0.9759803314775694,-0.5865402456065824,-0.19042041139048235,0.08054558706665862,-2.974872249794377,-6.50712034830001
-0.03968812753241209,2.90696922687422,1.9376393696196161,0.490254264434498,-0.112348084776699,2.9847295550295647,1.6330561157329058,0.3228376632634247,1.4821883978861312,0.6470787928207338,-1.8276441772066363,-5.299206469090609,-6.933128001315783,-6.328508642128362,-8.253410934226148,-6.253279698795549,-2.8279236003453554,-3.46799268051471,-3.964208702370685,-0.27854444170250114,-0.31041946873990206,1.5192421883512144,-2.4554655130632836,-2.0101558919220124,-1.2654998402799436,-1.062896706805585,0.0110791833536842,0.9844049693509337,0.4019593523088745,1.2857036048349184,0.8739507711150712,0.7310119389105627,-0.9011243174163869,-3.611313532897349
1.0900801349770946,3.1307623104922935,4.3484595623274345,1.8088062090776063,0.6239395940474668,0.40733452415839716,0.17607028104871605,0.1516883748971134,0.9096731083327964,0.146770683075572,-0.49821593413565834,-2.23329369942142,-6.9787513952956335,-9.354623619899822,-3.979510852674156,-5.604406762472209,-3.192821819606594,-2.7454451846999555,-0.9247176588866681,-4.722550021491173,-6.332195308599941,-1.6863311775386476,-0.8794018816159436,-1.7379243470149544,-0.9176264867538149,0.09234900641746795,1.6029084281902806,1.4251366879332514,1.3885672435692902,0.8731873227484565,0.9559218151547223,0.35692165868809483,-1.4479627910919062,-1.2196360726297144
3.4506646324496697,3.6823489547243415,5.129026783154885,4.225764132994359,3.299563200853956,0.8326923879989322,-0.5452638774606999,0.3734765897318011,-0.03786918017342112,0.7305264579795949,-1.1109149143663355,-0.49705442481647727,-4.457104077785901,-6.494539613668497,-8.519818381657235,-4.7113048869028455,-3.2093346304861345,-4.051947762353997,-2.196427724052987,-5.31482511116018,-3.10037953916581,-2.1724792265547803,-2.2839831898483633,-0.9382640791593873,-0.015352069321997914,0.36552577009857246,1.7821525359835888,1.5493854189693368,1.817462583429575,1.3457760744770213,0.6481401983163613,2.1730278561082317,0.2512689448235949,2.2728836796359806
5.2958388349777294,2.889101423044446,4.743497060589798,5.444666940752635,3.7822553077227306,1.6981264381704986,-1.9274327217651805,-1.5215894458845274,-0.8742168694803153,0.38511712039373514,-1.5143507395444895,-3.6156615635630356,-0.46686442179553717,-1.2880600426293771,-3.3106822735650874,-1.4288341366480495,-3.8046633707658346,-0.1689360044694012,0.45984603336033447,0.3590074754941352,0.28299437636084573,0.8747157289223206,-2.462871234167429,-0.30692654326787505,-0.8480201088447484,0.9441306039068036,1.412019662198191,2.091924444200097,2.4238881918191058,0.06393328541839433,1.4178280964781689,2.681923823749982,2.8555271474006347,3.3538253860960117
6.108185087247791,4.149391358104255,4.666238106038371,5.825626710983141,4.495568397014953,1.0804935219960699,-2.3437220713270803,-1.9459032931040499,-0.8012289535909941,0.7682507719382194,-2.5595260656282837,-2.7856412809017455,1.0489731262880946,0.8471822254369366,-0.26487552024410577,-3.3538398400152567,-2.546647221938118,1.9001381898035412,-3.670516223247416,-1.7555172575448528,0.5342887913669816,2.932489071985202,2.86386736556057,-1.2916096765319198,0.8879788226809687,1.5697178928277724,1.2030584032817808,2.1368062051459265,2.3620345777916394,1.1969946114271712,1.3945596523015085,4.232076677413002,4.02377693166421,2.133326565339387
5.8368434046260935,5.345077684173,4.801243276634652,6.844296866552797,3.8034272900137416,-0.3416831630196632,-1.957288802804718,-0.7052025989313793,-2.730146026125859,1.5995618022272686,-0.8997554120579166,-0.8091666441176252,0.10480396872220411,3.3790268074195073,-3.554309683708331,-1.6982979335942978,0.14802185611361893,-0.7150626877169348,-1.6481493978672597,-0.25303770504398276,1.9188979348545412,2.51857395527644,4.794360804308727,2.912653661084647,2.039388637708718,4.01492490857899,3.1449562721390447,2.4843741453145025,3.1270214576755295,0.8284993161222127,2.21275875505043,5.765674416393598,3.4696981328863696,1.3804067938308893
3.6588906545172923,4.112182604173455,4.2698466966117445,6.4529036244329765,3.880440818459106,-0.28499092421920585,-1.3561668365039614,-1.3881286726270712,1.3494166470406432,0.8249059514143655,5.512136454771166,-6.380753670782216,6.36309639780839,8.77537874958161,5.6799432360826305,-2.8638669995878203,1.9142039278381746,-1.1481279016202879,-0.005688616500730395,2.058922826819723,2.6620002423033546,1.1345096602679658,2.1875362537361256,1.1610846274288582,1.500209961900298,3.048218243105345,2.2558466980116374,3.7004478831451375,2.8366001033694763,1.0873053982282592,3.4350975374964894,4.712483426437729,3.4961603583062364,1.1034842730731265
4.558681321462779,4.027530757787025,3.3527836136625684,4.928627848556156,4.478735379806766,-0.2705995716018501,-6.880598500581486,-6.216152562594022,0.2254453536284221,1.7159468844271597,6.843900013325075,2.8146000469585033,-2.4360219081278767,2.8791692606778003,4.046728499473653,-1.592487409159041,-0.9793032978088694,3.4562491979163346,2.79538384412192,2.3257295988064257,3.030509033201761,1.2214232321341434,-0.6630731915683824,1.502001862403186,1.2454190737361515,3.0433434401147466,2.8707065983122284,3.046199065116284,4.531777269010079,2.238424824598098,3.8696033790298023,3.243811216898316,3.3710592623499283,0.3949902838304029
2.964768294045357,4.761810351048141,1.7686959085559781,2.911183124912081,4.747923924146381,-1.4982874111201918,-1.962465317547476,-1.430279819110034,-2.9916395934624123,1.8334764982069476,5.727640751645634,6.88237985025762,1.2025647762997147,5.313760123502529,-3.1474836897093366,8.447947872405413,-1.1236015249631786,1.7501421487964761,0.5243249741387671,-0.32273858318359083,2.078200820291834,1.970570260752494,0.8488196696978805,2.3684114866657247,2.496739862098852,4.798936041042678,1.4513486018717596,3.9308173092774568,2.514522827814763,2.4610564678714755,4.14438427198459,2.8707407055974627,3.281115043779766,-0.45822999795421476
5.292031002563902,4.698732644237889,2.1412176812741768,0.9528125489416757,4.3373419622667475,1.9145975143295741,6.1177029509193845,-2.9794181541104456,-4.933907943552447,2.012717202046055,7.184640735478879,13.727059353364318,1.159810201500675,-3.4568120919538314,1.5810605558132038,7.6974895218478,4.230739921875482,-0.1313273063547894,1.068752743987645,3.2620811259640665,-1.2229559039138247,3.2913587238498,0.694297128270077,0.6956529849385034,3.8067791267051176,4.422581542988467,5.505921681811171,5.264031610285222,2.2184656311922994,2.4913970240551446,3.8956766264670764,2.490400452952877,1.0407608381001714,-0.8152831970252548
6.073782440414529,5.217400894122738,2.377858660243506,1.4812744337366763,1.4234996937322895,-0.8801095990591621,1.068549381225447,-0.15865879539578093,-2.96039377561686,5.186613838781947,-0.4671372222809609,9.716677270180655,8.408483497377503,6.575908588853723,5.688485667151317,4.182596154045804,0.2782044951606076,0.738266510844638,-0.1452318571215822,-0.3782254559630558,4.152020879106001,5.494789127101375,2.6948041838382912,1.75295003012676,4.515977751397866,5.004779459829866,3.0468875262968402,4.037269210174819,4.473968144540871,2.4821707817789167,3.0166038077639445,1.9220248568993101,-0.4779822851093291,-2.082979726945966
5.259615532450833,5.830575147540742,2.982128361108345,0.3089041141565272,-1.4125248131339305,-1.0767294545583614,-0.31382280841242377,-0.1602360364126616,-2.5630664332418402,1.5106711294926798,3.2434894707008732,10.11526108538949,-0.5200226763473291,5.369332077021123,0.9529286501219894,3.4556226199862503,7.8406570140431695,-1.1937607182726948,-3.3761185233153086e-05,0.776558051695912,6.698706545112657,3.026976658708346,2.048527693895789,5.572465156435559,4.884065295113669,4.499452763786837,6.856045722274402,3.6473507293030845,3.5560746749458025,2.3774505755090036,2.829789273795709,2.247048397518162,-1.8175392393001906,-3.2196293699805625
6.67293200234384,5.653674109437966,3.40107593595724,0.009704262830526608,-1.367021215244169,0.45141111504156906,3.114325592008388,-0.7294610336536833,-6.605431937325128,6.450028488685104,8.721576220209522,11.764921076935078,6.141100622573836,-0.7356507097809272,-1.0574625606648116,-5.186011184102873,1.4977992505559796,-0.8386368337750523,0.5060452859007667,1.663307163922791,2.6889695773212448,4.850048082520251,4.404896885604229,6.072330699180852,6.996277866463378,4.552638033377358,6.813130699828942,6.900312665888265,3.4627839128166626,3.2663339047532807,2.4903950240262667,3.178011451738293,-3.982842013055703,-4.062526226965241
7.919401826296169,6.066176010569908,3.99274431113574,0.4773882021267686,-1.1234396604605497,-0.22404766143677762,1.924691369776102,-0.991914341108597,8.35091179260105,11.071831645032667,-1.1370552266490195,4.171003318718255,2.7322940893146277,8.437375729131483,3.555685453506524,6.709061756406042,-0.7058397164375116,2.3204344234872893,1.0032204027329261,1.4883313131227724,2.550988260698398,3.7545950773898693,5.8660418209103025,6.262172558738828,5.090550534327139,5.018891283685534,6.822308685867696,5.367033978532547,6.333552722852309,4.353565445508645,3.542550078602748,3.1625077704998583,4.313626654614703,-4.68952051925035
8.172765028954924,7.195251565130656,4.919113075032909,1.5195387288452797,0.9251797573182916,-2.322323715859394,3.9630223659848753,3.639306801434739,-3.2616546643686153,9.619335590902844,8.529886200042082,3.7163019232590457,8.473926437613263,4.500154771746937,1.618017367826385,0.8819169937466192,2.003816990253644,0.6345634878313046,0.6204707342006479,1.5632180791577217,2.5991411156085538,5.565982523412417,5.762717045908984,6.549322257105479,6.237413019510984,6.380386119001827,6.303705715846323,6.207341972686632,7.035194586709427,5.701324882727079,5.548201408793135,3.350316498322634,4.6579552656564385,-4.996499083804617
9.523727628998946,8.79111773778235,5.974889498357708,2.69820860807382,1.0586468240327085,-2.273844679558417,2.7454858283611485,8.729685100704556,6.35267796214438,9.305597341953046,9.209443720947986,12.241576496249236,-0.49085380069785667,10.667730387152734,1.5760955181052108,4.086742784046586,-0.2687208329686722,1.2136395444361503,0.919156058434294,2.3117306174853423,2.31976854691252,3.7379848660779857,6.437318553674479,5.5895456486967605,4.919918657112899,4.913785715609595,7.057881736528785,6.228654720015913,7.219100033187016,7.085882527637182,6.5645127322566434,4.381938264972304,3.678666547084705,-3.8538914057741143
10.251982800515796,9.41304431497334,6.760179862878645,3.7407804559589577,0.20859602415185902,-1.1810089871974292,-1.0913559218844087,-0.01590283081367158,6.84082043362619,9.121717946793584,7.437190348400166,12.731169727918846,10.250712266125321,2.1020095908156877,2.5736849263309787,4.163355203903987,1.7727040712144877,-0.020556849285156772,3.3200876083164075,2.7977523292513657,3.5994951396406143,3.4701399962182866,5.102119597714985,5.8068761302845315,5.619118480486254,6.523950871988086,5.904725098326168,6.414468882459957,6.6311660209072,6.345870383061641,6.08825839639961,5.178329119030195,3.88378471352486,0.9789258378398402
10.681172215103022,9.931234788279685,6.978767326125754,4.137189104232643,0.5423606156498163,1.2692885876542506,0.6774034471686721,2.5568589000935162,8.44855184762975,5.8993454786405115,8.56981549244899,6.834644151621251,-3.7736668652584195,5.327736723020082,0.9519396481971057,-0.4621166358642952,2.5986490861733413,0.766381320835318,4.641105441765388,2.5717715957477476,5.129329355790218,4.443073850177377,6.352171158991806,4.440849167821362,5.293437420717255,5.96630002737174,5.857435928510391,6.653208103919936,7.309276814121128,6.135721610886268,5.650377725563802,5.422511791177126,4.622873243054098,0.5686391132423992
11.116539842515786,10.231653780896135,8.004693349724114,4.982712764825386,2.3721519574212957,2.007655569958047,1.5669811368982727,6.13115039489356,11.718512052229558,9.573822198523413,1.295490954232882,7.5895668876328015,9.17158912119859,7.553614857209977,7.503287921068784,5.100817311727463,9.301516283788956,7.915711528004165,3.1528282296003707,5.9541881930753835,4.788962311328364,5.057691078350251,6.742166189114298,5.126399335803409,6.379976110514672,5.770857707611666,5.433043386127729,6.7956626831034574,7.519735938751836,6.0618769940810715,6.240287250758529,5.035078432301078,5.798983673563451,4.7857220760445935
11.546923895411455,10.52671060844436,8.512334406761658,6.356458101823195,2.436446339264381,2.383630786414746,3.0287172125404975,3.7638275434842443,7.432188102064788,0.555963738135474,2.111031687471316,-0.19458849406079856,6.037611021502279,4.13617352353534,12.377071128531798,8.897116272043776,9.162548916531328,7.352458988209098,4.972024161720079,7.086898493880088,6.264964867698825,6.701917959533245,6.91840690051594,5.788317002677606,4.366134922086637,6.49875491580058,6.662774458597137,6.542966763837559,6.281757061412158,6.095405452128405,5.374355666663131,5.31836028952293,5.19047023286108,5.8920553272431855
11.654535698409349,10.281180136470736,8.535083780022864,6.772865929620076,3.7904188210508325,3.427913752063906,2.012766964541935,4.45657960092866,10.574045730741917,6.664566940329618,7.7948792624412935,-0.5638249313719085,3.3780490237052674,9.393469274236958,10.364336561453637,11.31731530159864,9.488694467020018,9.121136190549832,8.826722636309283,7.548542757855754,5.940082199337867,7.385920435049556,8.505656086083134,6.985016860564104,6.66075744925719,6.472210579463621,6.577363522331656,5.5076179419015485,6.739874359367047,5.514167413908218,5.7669265605460875,6.089398101600881,4.718875240013612,5.741949910667045
