script/wind10m.json
{"header": {"parameterCategory": 2, "parameterNumber": 2, "lo1": 3.000054539987559, "la1": 64.9999836372058, "dx": 0.5, "dy": 0.25, "nx": 34, "ny": 52, "refTime": "2025-12-19T12:00:00.000Z"}, "data":
[rows 0 to 24 of 52, columns 0 to 33 of 34]
-5.420481380245133,-6.068670280386468,-10.744770306768988,-4.716822169490001,-2.563281080916305,-1.985778523800323,-3.500037877335205,-2.575248926045026,-0.7257453432873349,-4.456886494739402,-5.336251259497812,-4.582942528910951,-4.299839536409933,-2.60389805749025,-2.9806621525158326,-5.3862398777788,-3.6355013691290194,-4.807917867702166,-1.9401780905104498,-6.267293828676769,-1.4315171285026602,0.5790280372312411,-4.7906111697424905,-5.577159333462912,-4.0868404124707265,-1.1302907567615195,-2.52041704937104,-2.3879211855076288,-1.4384943494526703,-1.730204138220347,-1.6812622061878826,-2.0543911042852505,-1.4396205821150556,-0.5718817881330983
-2.8162082203377716,-3.454562510154728,-1.9237343277607235,-2.3847376158758573,-0.7039235014599828,-0.7753749846355883,-1.7145636061016727,-1.3494202006662717,-2.342577732426312,-3.872101848133677,-2.323724870886771,1.1254829882625947,0.029187139200316622,-1.9447475424141787,-1.3766572855374726,-2.840796562899515,-5.5154174929792985,-4.847101336922242,-6.493074909180503,-2.5784862122629373,-5.808624959154352,-3.1541634163676338,0.42751160603677524,-5.07972457749343,-1.659853901519313,-2.5092816193567806,-1.5403426346697318,-3.1917089180373166,-1.9621066189111471,-1.332800753326463,-1.6067378017765923,-1.6277111261016268,-1.5451884443591721,-0.17665005339673437
0.8833787960051848,1.9007526665528478,0.7358554449613802,-0.9856402286180482,-0.0760790452611678,2.190595228343492,3.4241282294286126,3.5494310505462856,5.14215162391368,2.8252889707271507,4.621472478908464,2.585998891842246,-0.6184495353662588,-0.18105725934970207,-2.2507887836644787,-2.665925421906064,-2.054868487097058,-1.9822609436623149,-1.4898385313936962,-2.449465418630376,-2.5281728273584805,-1.2409426699167523,-4.760619523955314,-3.5191395467170654,-2.006852765980292,-1.6252241627020267,-2.1475543592237334,-1.874925504678133,-2.1624015133888133,-1.8504152260236593,-0.9846684037754507,-1.0989452662628076,-1.0426014874368519,-0.6650227869226402
8.955608474346741,10.291440447642277,7.634896352682022,7.5654421332954485,6.01858028839858,4.806626038396362,8.939945885611674,9.256268824852027,10.376901406555284,9.3207644432305,5.505325818165212,8.506355684091735,7.467836606938067,1.6815588461220803,-1.048051896620682,-1.79519942902714,-2.0609519775314196,-2.656013406821009,-2.778706247525041,-1.551146138556386,-2.474549246819825,-4.605282004060782,-3.730708345967975,-1.81566057715271,-1.7493202830695964,-2.415856029395736,-1.6758040305466841,-1.507186754211722,-2.236955289337476,-1.7325683850135556,-1.6649469481993644,-1.0029904215667653,-0.7888122278834031,-1.3471362535772096
9.470710752618384,9.42245896465538,12.521676891998174,11.61370179378799,11.884496351514375,11.820423941706775,14.52421399466689,14.739088760755005,12.327771942974374,10.638091610305557,8.636026099973169,9.168723754197915,7.469840513400657,-0.8283714108826244,-1.1274724191550003,-2.5994407434681115,-0.4752820449258173,-0.5806150211892995,-2.1426507892477313,-1.4610158299338116,-5.376348157632266,0.11826849059387944,-2.21044024608676,-1.8551387051218815,-0.7026006285706556,-1.8642660322909408,-2.1472093399987267,-2.036037256250189,-1.4991682317936887,-2.069362354121923,-1.6712167565959868,-1.4537390079615031,-0.631496343394693,-0.8323183386107761
12.383234708455872,13.024421223880848,14.077170462093394,14.629533862475219,15.678599336567894,15.741505288196764,15.398327762877457,14.917744581214889,14.724904221898528,10.419996492587394,7.574672502650342,7.189618327936384,5.792036615468621,2.2044638452071044,-0.5936135510113005,-1.2285524865044706,1.1282754731060658,1.1218694601727994,-0.7188128261631606,-6.350896310027614,-2.231848749665937,-3.6385639348324705,-0.6155416328775012,-1.1333998109913435,-1.5277541133221737,-1.1116392052614845,-1.7556343417264244,-1.9864570555866388,-1.5589393589145435,-1.8983493380422507,-1.4869885067791466,-1.7170688226136601,-1.1266828662305437,-0.855678397371679
14.923405135930496,14.440437307657188,14.43323244338852,14.455497808678714,15.800483410792328,15.855627686591191,16.38361232070048,15.162778539892352,12.593692436915,15.189515661566034,6.57685178306612,4.772599822836236,5.783282276894425,3.9346830133758264,-2.513533592369928,-1.4151675628187788,0.02996925683570586,1.5772550868472868,-0.08250989615518714,-0.4972165025940843,-0.4789422042216012,-1.6465912812954986,-2.18966889623007,-0.6939690088997083,-0.4213752672704247,-0.9621794589281821,-0.661227528094503,-1.8848840926685104,-1.7479289274277436,-1.400717211170661,-1.6073724173481072,-1.425964156876284,-1.0047431951601682,-2.1330323171801835
14.6478854634433,14.300643030789338,14.10815851722893,14.10071403499352,14.714264229352928,14.50234808623072,14.470404040459016,12.696124552698786,12.390953339117006,8.928963252597471,5.793789209988732,0.01449854153981228,3.764085550172326,7.264797070007455,3.5582253881039905,2.943645303952695,-0.37646489256037474,0.9949392592319485,1.4930939528831921,3.727543868552945,0.8228070952359289,-1.060408577920299,-1.665282446242359,-1.67823483324982,-0.800018452512188,-1.3858841614521673,-1.3025803684595676,-0.5504762060757411,-1.6287027922713595,-1.3862362706229892,-0.9365816869623848,-0.5459997879400975,-0.1519564308516368,-1.0152006199701333
12.599626424442341,13.167544597827888,13.433891937697906,12.343778910255933,11.885005368515545,12.483857278734858,13.130524097855009,10.598783747034654,4.573363663302257,2.9555945281701392,2.278578192320493,0.9059948329230858,2.9429153915452404,6.128442901931158,3.058299095867665,2.523241799135189,3.8081471386825294,4.79918880524484,1.1651569856795028,1.5517881864348217,1.3087270152920882,0.6738951907883818,1.7876292069495066,-1.1964807846847172,-1.0515889882648266,-0.9332796319397982,-0.9306613891843134,-1.3408098903088628,-1.1220199800569957,-1.6172648950869393,-0.71392334567197,0.975951782019672,0.9723546697247859,0.945134375905307
10.712367374949755,12.390929734626162,12.606492560277173,15.801265223770312,12.134715073883633,13.465115874735474,6.1622927635176605,4.533601480239336,1.3538996184002208,1.9869662694716812,-0.28424444857838627,2.577779675022042,6.470370994012045,5.500870075160307,2.8711889949823064,6.274565258614582,3.9377151426426695,1.3881133091769178,1.251176153382997,1.4433686821998342,2.224584117824706,1.056225213118801,-1.2012138715385243,-0.22115448140003632,-1.0204258311372199,-0.502695500968236,-0.6556344296956232,-1.2205384428105506,-1.7880563560289073,-1.2504081982479947,0.6363642525703788,2.4352680725888938,2.1884331349346184,2.102311411212865
10.998237666525696,11.82675513810767,13.054807667160377,14.618850026819661,10.858982855483049,9.28058079735137,5.076906040650561,0.960462593080064,4.7445837718239385,-0.6996130830083259,7.397984917092483,1.7846158385916582,4.158349752964792,9.306724617065246,6.365184799417685,2.834761472662312,2.2403014671151507,2.812968899399181,1.9413159598888983,2.0989134332908703,1.3181766592712119,-1.1083800046733547,2.3446849290135687,-1.420058887483134,-0.6917710915128139,0.44634849244669983,-1.336475824197678,-1.1250959632586344,-1.6002373709829996,-1.9496779502396617,1.579792754537379,2.6861902791432337,2.6468504695701887,2.2350454065596423
11.315107037166564,9.504317375064803,10.162250636245107,9.824094442564501,9.106819520449603,5.145010233129261,4.160094377101374,1.0391740505127889,1.2086418984171292,6.160110925161812,3.801000655756562,8.343028879750344,3.28794591354816,4.7588423513827065,3.5709050778991895,3.1813915939893875,0.25336576609875455,8.05863125401407,3.2599896690416212,3.5602056976457708,1.894107198011083,2.6369956478173386,-0.6098104906040229,1.6047343699644496,-0.16931557798354785,-1.049876626358796,-0.16302021487430338,0.21594681610825883,-0.7358172489602459,-0.2750899538209397,1.550294298735028,2.3802648188005793,2.216281572979657,2.6209158715557646
9.39789757372476,9.200845197930905,8.381357782598347,8.180021968359437,5.932042918756057,2.324281742793902,-0.1208630812377769,2.8160642958932156,-0.8656224152154361,5.603681126034534,6.88897945705145,4.652988133319784,9.348965328617531,3.3711880315069984,0.7880475821586473,4.0219087960617825,3.4984818469285073,4.612837248854812,4.595906705228978,2.568737014275443,2.2238985314461015,3.0672915143400172,2.492794402074942,0.7814498110666684,0.4171368861696873,-0.8100063515958738,-0.5202078329627985,-0.7893310783163442,-0.8450179758141666,0.9783261382934191,1.4010311681455572,1.9992694213626028,2.013338679471385,2.5218511637262866
7.827858947589839,7.948276335149729,8.559154614217254,5.1374222035289465,4.824803079639737,6.023602277538183,7.604331617741401,1.2363160154773576,0.9809243317429431,7.335901861742368,9.582982511352721,9.27677081098391,5.442177682819673,-1.7384959121612908,1.1751799081479897,1.8245084585246036,2.982153757521017,3.7873599093273587,6.626158438931034,3.698283496075453,0.17727250290775065,3.5585499150649005,2.4431215779853193,1.470971376398105,0.43123025484396804,2.103108622782318,-0.39011837814865086,0.7048940581380073,-0.27514272708210114,1.2821349202089176,1.7425711744794148,1.7473885911999647,1.6251554581519065,2.1712097345640498
7.718124422773721,7.548166616856845,6.988198751215771,6.914011746316994,4.832833525900483,0.21703186473739217,0.7176566605224513,1.991880802907361,3.5804754751588304,5.189182231053547,0.6498903466889346,5.159741595931083,7.206343245756387,3.264449857226766,3.0880563355847075,3.622589372011707,1.1164849279350872,3.055225527128544,2.7730287483564657,2.6584032400724396,3.250361621966486,1.6888905219147339,1.4566582589837385,1.1178021508839144,0.23435668905980356,1.4519392506491196,0.38710657045887975,-0.1422326422132662,0.04680854913962118,0.5770961624615526,1.5460474194747316,1.7108050364891771,1.8685755028072493,1.5237109151284647
7.974110450607442,6.973925119742085,6.28668925983508,5.877653304961254,1.8517942868109782,1.1473020768344564,2.4524957116325896,-0.8139707748005542,-0.6920502445966163,1.7456571310184057,4.755590371763965,7.568064324716286,2.069925225307869,2.167710943013403,0.9522453075220573,2.2579283305734474,4.943962629288586,0.6837897873464145,3.2168098732797166,1.4739479798524648,5.233238474920808,1.8618196786500003,0.6154770935404291,0.23176540606360502,0.9406135645317636,1.0941377179279415,2.6572815577647284,0.19267697678431162,0.5751305815481208,0.7892601483081825,1.4936194264943563,1.2669430971491824,1.7126935498869469,1.9297204614561134
6.7507810291404455,7.964237346860754,6.275045863819375,7.6902293159053094,-0.23992070752795855,2.1302526005862545,0.6161296668993775,2.6930117059312386,0.11296844497714197,2.889036162195724,6.570787679600524,5.885947095714325,3.68841717121484,1.2400595046567993,-0.46832255865664274,1.2929879281775807,0.812705282200578,1.2645892930831,3.5478021883007074,2.2690890566467075,3.344734836381643,3.041208398201892,1.2572345148289736,0.6542428653541859,0.4844781388171761,0.46333462605088294,1.9328323165312469,1.795129986274292,1.075715261074396,1.3462558389476236,1.0321016905222782,1.0910648441497857,1.7362535243104587,2.9116720796619995
4.902405540820135,7.20041869606969,4.739837623876869,4.542834031098569,1.054485357941048,0.4346380489690219,1.2274531453258073,-0.05525368855162678,7.6690221205005,4.638628476100085,1.7363003924984435,4.653839311730624,-0.21501019887474965,4.486489778580693,1.8647839568421023,2.4361926363283968,4.3317717064341785,1.8151145048197241,1.3389836483634276,3.470931632444503,2.3744904346272473,2.547335112397441,2.1374310849501676,2.8147804125244162,-0.0076418246790099925,-0.274065910902029,0.9134385800816978,1.0341004708697208,0.9751356463504967,2.1147833202764503,1.021381491857738,1.2493355001445592,1.9252077604980042,3.284168435827418
8.371161630829556,6.281589390563579,5.896513699931118,4.7064263058940625,1.0149631919875581,0.6399086285245703,1.8492697149405473,2.270651787001734,-0.3029474949547047,7.254443077865666,4.516949205418723,2.66721983351802,2.5010057197767788,1.1040079395487814,1.9538655191089764,0.711891077584079,2.3416277160735586,2.3374226848919966,4.199156952570193,3.0121313293391707,1.9958743930761744,3.5364176599825385,3.4007040812325418,1.6601911712225554,2.3531996612121566,1.0536850539416582,0.6690001573306004,1.1393209705403782,0.6967158994460827,1.2276904552392935,1.7206490098500455,1.1252545519567578,1.8616882594395667,3.2862054762799766
8.651957901415033,8.650494535993298,6.790003117445006,4.675360861062955,0.897717536211471,1.5165021936979382,-0.6774190981379359,5.997892886305572,6.596816097317139,5.798028902082536,6.946880921545545,8.013676002449964,-0.9595252679649754,6.470358166530466,0.9946658135120545,2.2149153498276366,2.2411119746622155,2.1360453239484953,2.7816365104922243,2.727198718116152,1.0990693147547501,1.3862762553952206,3.6283430478742686,2.8101498018815456,2.454490367612427,1.1776140476958703,1.0998530972193106,1.0641142584859773,0.3454404583507692,0.6427217381853196,0.9723654095720841,0.9700913886937651,2.6035518585773767,1.842290147730373
9.695420648759827,7.0159512665489565,6.908374669946216,5.1687140799397655,1.497224317053033,0.31194381707530455,-0.8881981683713608,0.970183839432495,5.475399507761441,4.673697172047805,7.181900789493742,7.331062196513231,1.7757843683654402,1.299826382587085,2.5621986670367645,-0.6133054786485632,2.6686454047410058,1.7074958513773668,3.373304339130591,2.787414077290925,1.9430066065026037,1.8173326611119318,2.2682285158166255,1.962209831132044,3.221508287694261,1.694596720741512,1.7106131806978095,1.1771923360282326,0.6035321031249192,0.7373488577493909,0.921618939367458,0.9402993572195686,2.6616162670882066,5.06858722013136
9.302304972335206,7.512645186645537,7.561867422315159,5.1855852415019985,2.469747019143662,0.6039186718378706,0.9152550419396625,1.2983405272141149,3.3818433987604406,2.115975897680262,1.8971753631119959,6.191359927984887,-1.4342715048948733,4.809453767621482,3.315877285988286,0.986669531178291,1.9423781223894172,2.4509350580367353,3.386057235410507,1.825790697456403,2.1940693080660294,0.9509057379826054,2.448851271689189,3.3156739026310906,3.0678748527250796,1.6371157637709035,1.7256584232179009,1.2223889509564791,0.46560639800892883,0.6504777182535686,0.7244633733766012,1.1773822977735622,1.759216286872801,6.649069994592284
9.404977470230412,9.170495621709412,8.135076434693824,5.777504302818323,5.706674327635381,0.5428105035727833,0.01761079605400672,2.5350198901832908,6.561296586098224,4.750381744952638,0.4599549674422889,2.5269489480731333,2.348285976845094,2.1315140450296797,2.4801723508754505,2.1790322566381457,2.1386857658861365,2.8342138061402937,3.362082921592308,4.422693313230689,1.5912797957123257,1.2515125421456306,2.6187341106404163,3.6445268948252,3.0301313354411312,2.367932493411142,2.1353166555733534,1.9157052439668016,0.8312599879421855,0.4726113725852144,0.8272274141362789,2.1788080811085506,4.632717991291587,6.73244878990806
9.323202364121405,8.8081211631042,8.880552140207026,6.327189734917749,5.67324260418897,2.840841166425254,0.9073460872078934,1.2964286244707728,3.5356483017177838,0.7233824626772503,0.23548161109523977,1.539480163190555,2.0012381375046115,0.724919759166016,1.5928958868232062,4.070497344113262,3.6889509769028135,3.6799369407476603,3.74346501583409,3.488325998857357,1.4790767894062524,4.135315094684181,4.121042573679737,2.8663098070197317,2.877592188393765,2.521355305758069,3.337287275597605,1.2135756075014859,1.1519720746312945,1.0806958616837614,1.5085360227027873,2.1074940029925493,6.521692348798414,6.511979402409283
9.771682836268681,9.497630650345258,8.714068115954527,6.915905199671104,7.106641589176804,4.537594632895557,1.5279496965383605,3.8832256414721744,6.084769295663634,1.805418989989088,3.2996425684554667,0.6468747427882685,1.7371821898006972,2.141989103674209,2.792192618016171,6.6805645161544405,5.68259284461675,4.093252169654121,4.081155265826901,3.4387629060023905,4.8666587505533725,4.668280453845559,3.1938037750870754,3.0189715775156913,1.495272362794781,2.5333770732897998,2.9704967283498025,0.7181888151759757,0.5472677217250651,1.2757084675797488,2.271181268906408,5.990993659143485,6.613129621417564,5.875619178144044
