script/wind10m.json
{"header": {"parameterCategory": 2, "parameterNumber": 2, "lo1": 6.000027932988019, "la1": 58.9999434238085, "dx": 0.5, "dy": 0.25, "nx": 22, "ny": 24, "refTime": "2024-10-18T09:00:00.000Z"}, "data":
[rows 0 to 23 of 24, columns 0 to 21 of 22]
-1.1212147082885286,-7.397513849705441,-1.8941016269394149,-0.29285558660584304,0.039562397982031046,0.00855583058131652,-0.45005309873521543,0.16524874431373301,-0.6882111429265442,-3.2698771092546015,-2.4324131297741283,-1.4776131807034443,-1.3464567667343865,0.2852587574442748,-1.087975204938855,-1.6346308011845243,-0.7649996595821528,-0.5237110676484762,0.11215310415671514,-0.1407730540777998,0.020255405861690393,-0.9760207564823802
-2.4377946774333856,-3.8355874756053283,-1.497913547589857,-0.2696508444266707,-0.0025141056764288513,0.2200829837128312,-0.853752111426947,-0.7242281709853872,0.523528177342266,-0.2131066944892384,-2.2020071853776484,-0.7775357401707447,-0.8080131166185281,-0.910363567388657,-2.5940257231974115,-3.01604847316654,-1.3592752008338678,-0.6271072542147685,-0.7800536705521797,-0.9801499115196881,-0.6060373530307145,-0.42754683509488256
-2.104741589258029,-2.3979701215142533,-1.873048368729783,-0.7778044439038753,-0.7942802435014221,-0.46579313369618663,-2.183863172090214,-1.9670670122048102,-0.3059801246217055,-0.5268787046319106,0.5148910516499471,-0.6352390664285106,-0.7690533378325806,-1.3562500580999273,-0.982192264206501,-0.4239302394005187,-1.0455539521260226,0.32098029226372354,-1.9074942745792738,-1.4550754456471224,-1.137672676829081,-0.8488523966113181
-8.110157429619349,-2.9019635572141547,-1.6000440819184336,-0.1453345005561442,-0.8280375614133335,-2.8392637904593365,-2.3251230782102965,-1.3292167903279368,-1.0897893561830478,-0.7238268986880938,0.2658586001069201,-0.6753770393171951,0.0028867772670894526,0.11982467103918683,-0.29804461642243774,-0.5709157645641089,-0.0602884096696312,1.7335167059685468,-0.30477407672356516,-0.63960948960284,-0.5977119663565915,-0.08254317230800338
-7.013778040341894,-9.17666414102165,-3.9466884736169883,-2.0414723766630143,-5.005237202306184,-4.5134271959957815,-3.2647617288782573,-1.186032216843123,0.8589667387563849,-0.189763823711088,0.3833838594545277,-1.1501210465906497,-0.06953193681715417,-0.26887155653277917,-0.4622282606774851,-0.48801545458863893,-0.1727528138508598,-0.9455024537515317,0.42199505690776146,-0.5053782974364724,-0.1293939127618446,0.0704378894639473
-4.7396712891906025,-4.650606551392997,-1.995094329039667,1.7288057202377385,1.6523915116580383,1.1172685027987717,0.8496482912639528,0.041696576710901684,1.5464052221814184,0.02098717241944906,0.4569878391214355,-0.7483243522844414,-0.7221225173451173,-1.1304079295271554,-1.2116007594492244,-0.8700669086394122,0.030211168810170455,-0.3886855218877951,0.2466589794179018,0.41042686022104335,0.020238759574292244,0.39559819119856027
-3.578451384405861,-3.262614315384085,-1.0448829499335508,0.9622164369553932,1.1842136462485011,2.0996116773410956,1.4988981553887037,0.07110080208751735,0.07351634758527359,0.9396291812720452,0.34484132684104846,-0.30667750603824107,-1.2752961610302027,-0.9967635629570559,-0.4822614200253996,-1.3060979243786859,-0.856099852856879,-0.8413063834538819,-0.6424897778784411,-0.16694320614304514,-0.08084343479304079,0.35535537707389
-3.7200559967120412,-1.4008983772868806,-0.7172255725303363,0.12630661870235568,0.07312003782430011,2.603361518962241,-0.07058142640024395,-1.3883899763482497,-0.5669552575464629,0.8667552363169548,0.24268135126682258,-0.29791242070759616,-2.4993418622774035,-1.0822147039291201,-1.0949772474509838,-1.0792171450889227,-1.0971356170703805,-0.7932409432939184,0.06977315217737166,-0.058822971850118276,-0.3281719079146435,-0.3416735017499421
-2.350016278879172,-1.64067109413523,-0.14007116554728447,0.3240342942671692,-0.45292138819613387,0.393606061469081,0.8196332407108077,0.3497447264175494,0.45071821180247745,1.0949602562350262,1.3297607291465705,-0.397682032107545,-2.0100523041964933,-1.8733189591864263,-1.0648783443188152,-1.2333345887398652,-1.4606609841432374,-1.0095898198478763,-0.18775098251753755,0.5287298553734798,-0.1881747335429679,-0.8053251403513002
-2.67530144116767,-1.5378653241145326,0.5520363156009996,0.6880039546055895,-0.5839202436755419,0.5592686429402879,0.6546420283195934,-0.5585369542862361,0.5659470100824218,1.4005017643939226,0.5665958055515791,-0.09783816037342212,-2.2879820863551323,-4.76665375949689,-1.2318218787350417,-1.0441010569299263,-1.3542271761424407,-1.0167454226945771,-0.5144016218372705,0.05905119049791172,-0.4164173977448753,-0.2673342679933928
-2.4955428781907987,-1.2468334186127092,-0.6416109914684511,1.0450983749585474,-1.233955996951347,-0.12787218193730276,0.1346610890580562,-0.4248044454335381,0.287798267759748,0.00324654663189236,-0.08957829531046374,-0.1847275325987962,-3.4974458689881502,-3.4999275866732322,-2.8162939055009573,-1.7242887320981233,-0.8819688289668288,-0.9484965610678383,-0.6856363961072998,-0.15477742301591083,-0.3603702870721634,-0.16330981279199666
-1.9449575369946768,-1.6843241703964964,-0.4266508652272303,-0.12702648331990396,-0.6597378656793877,0.08610294619335257,-0.9981334358940449,-0.9195945781025543,0.5338460045776046,0.7827424533089743,0.45231470271162644,-1.4714864840011523,-3.1101136980514528,-2.725921313854153,-1.4411653648211311,-1.4767431181864015,-1.218573219313382,-1.2080967637421194,-0.5060327532894101,-0.5177853096189101,-0.32750110242138625,0.1357354685571335
-1.8940558249022559,-1.750314161102653,0.18256761741339547,-0.8378064161226124,-0.3024560577464548,-1.0346770763598219,-0.2173465952534751,-0.6159989581998221,-0.2720307985641334,1.0685224851218662,0.2734544048641723,-1.522409728359583,-1.8356664562529692,-1.973584576534985,-2.1586114812303427,-1.2194304083900163,-1.1972255324531407,-2.59194578133401,-0.76537496665864,-1.1159508708135013,-0.7198413640289923,0.25967360842738296
-1.5520611189109481,-1.4132008473346434,0.6664116498127521,-0.6539861841092763,-0.9974788179532018,-0.7268522472724807,-1.20313913343405,-0.9976866699265678,-0.3396805718238135,0.27773869611687707,-1.3275442788270333,-0.6398378154014226,-1.7824180144910866,-1.8740028663138024,-2.369297913700882,-1.9397188171450284,-0.9449851194505053,-2.151853862533382,-1.455214125481639,-0.8345723853310004,-0.6140768383186601,-0.2711645861644111
-0.6073073135703951,0.2790735899553472,-3.0215808185894897,-1.8040811477003074,-1.176963608041323,-0.9701982689577281,-0.22296590411536737,-0.9489615477482641,-0.024866855652427532,-1.441771512407097,-2.9780563936708258,-1.0385743273526236,-1.1381010388877635,-2.361743091584895,-2.056097262094217,-1.9088965231902688,-1.6409918794038036,-2.262873514359685,-1.8596995618843541,-0.7589601483114718,-0.5862027966504318,-1.2922481295935022
-0.6165286889564929,-1.3774941975152626,-1.5154294342255592,-1.3992971102343723,-1.4349631382304529,-1.2579276480414188,-0.2015336667661288,1.2793495553081489,-0.39204640384677375,-0.22872933021895955,-2.8582781024872492,-1.4676874806411924,-0.7651063122660361,-1.4006637998559135,-2.4518573564388584,-2.1778885980883187,-2.6365651908909267,-3.54679522101072,-2.153227158751436,-0.3551373727793369,-0.7981387311656464,-2.166446160928754
-1.0822447191438513,-2.746240943997836,-2.05137346772673,-2.4659784487195378,-2.214910314554201,-1.2578286674245693,-1.2879371285246737,0.06584310350348756,-1.3850331832121097,-1.498115425651091,-1.6254022247936877,-2.0875375256974014,-0.9245459820898443,-1.03972515242064,-2.0805917234097926,-2.0248622910492577,-2.1149058724296026,-3.405109872522287,-1.2313155474695279,-1.2467249654502326,-1.3155571735755378,-2.6749102821345696
-2.6702205473655627,-2.6578980484472927,-1.624125106129328,-2.941098087129512,-1.9694500663410832,-0.8874234464345823,-1.0216264425085,-0.650372989970907,-1.0397624538200092,-1.0718588315561515,-1.4600263306488659,-1.4399179128823991,-1.3176179185344883,-1.8066947974823258,-2.1826347969787463,-1.1248366639680174,-1.7449234229195478,-2.8555605611517314,-2.4512245368020857,-1.808954033245221,-2.467194496810216,-3.1272799873301955
-1.816675314392718,-1.0843391493040226,-1.2467298858263554,-2.893005343709218,-3.0168745820427016,-1.5494534623962646,-1.12291883325251,-1.3137099053380048,-1.5277778394716575,-2.5634488999082787,-0.43669996187885524,-1.610573536975211,-1.8635037916150796,-1.9236052037342528,-3.2562854434606945,-1.0047501615769343,-2.1169484677515515,-2.930760495718748,-1.9778378151923113,-2.2407017558426605,-3.179403257825315,-2.115348863507015
-2.253528203037813,-1.2891057312909977,-1.9764402030857318,-1.6770661299411604,-2.7285927539757484,-2.913497231455577,-1.2403581185752575,-1.6089964965221468,-1.8020552897526954,-1.3060326035346084,-0.496793411844642,-1.5693853013165857,-2.064730973217434,-1.4278236387209575,-0.8403124201916476,-2.0252660165216176,-2.9820244068149266,-3.439030280668028,-2.394028191244467,-3.1277891584688438,-2.1643886692333485,-1.6149481347044363
-2.0618956431527597,-2.437930086386547,-2.7167061259890875,-3.7639317599057622,-3.44163294984646,-3.3054557038135424,-1.8464235364120818,-2.1667759132245608,-1.854444960079713,-1.3664415482386887,-1.1518798483673642,-1.3413434181163808,-1.6664952480108999,-1.5875362660386845,-1.287312940571909,-1.8555034565595767,-1.842771536150472,-3.198970024002672,-1.41727685620881,-1.8380214539533215,-2.30054852363874,-1.7978181239479323
-2.9897663037543944,-2.517160697418842,-2.2205600118690514,-3.384529825293912,-2.844728034577267,-2.6583807943046396,-1.5610236221762268,-2.0009078312155624,-1.704378499085323,-1.5975622036573187,-1.2038582817978833,-1.9217914491209347,-1.4346943800513725,-1.5635973731753596,-1.4369173554283654,-1.7745233698251957,-1.7058149480322113,-3.1331619302088995,-1.562874491670267,-1.673196100741751,-2.404546219430291,-2.497804310796531
-3.4439935653636606,-2.6860445766482046,-2.1654092000699054,-2.07299382916173,-2.7511442093575353,-2.3477883722203368,-1.2890679370461107,-1.6222198741652119,-1.4720202147855475,-1.6267665760213688,-1.3838865650869001,-1.422974321874183,-1.9104890730860855,-1.5728620005008154,-1.3399400287020533,-1.9294687632842236,-1.8333931996287653,-1.7613270441196716,-2.3768490814431886,-1.7110781628974956,-1.9409631253702577,-2.196731494170057
-1.8638838230144896,-1.3908556135235386,-2.6008556599931625,-2.099856152826167,-1.1307330726117557,-1.3596927026968588,-2.0074370775558465,-1.8513737092799942,-1.322198319109225,-0.9585813617816379,-1.1213291597762436,-1.515075987156523,-1.9685941690883126,-1.0895649914261825,-1.1040543034253472,-1.467317454215366,-2.1629436303601124,-2.5365803002558565,-2.946606927325889,-2.090269049921168,-2.125036183202616,-3.85156640519831
