script/wind10m.json
{"header": {"parameterCategory": 2, "parameterNumber": 3, "lo1": 3.000054539987559, "la1": 64.9999836372058, "dx": 0.5, "dy": 0.25, "nx": 34, "ny": 52, "refTime": "2025-02-25T21:00:00.000Z"}, "data":
[rows 0 to 23 of 52, columns 0 to 33 of 34]
5.631466271738349,7.885022622768492,9.180643360073667,11.096008106635635,13.248971877297922,13.767315865101398,13.39998879753673,13.26116514331414,12.338578343889711,11.369006663271024,10.610673846841422,9.179218718380172,6.894607304525719,4.403865879178809,5.693037668581769,6.438384077378206,4.20089269767289,4.987074335901762,1.8234334433949906,8.504992567156156,2.4896219932978183,1.337019003933092,1.318691115340647,1.974302585873961,0.3270078532500388,-0.6765115335812806,0.39248199900785796,0.9224461997787471,0.7999372675843852,-0.011117155486325726,0.5225813300164716,-0.007529539050825898,0.898477322729496,0.3255805317636626
4.040947006594689,4.3222662339469755,9.050716012323543,9.756077005813625,14.364430420126,14.29934455301985,13.62849585818848,13.258458813292156,12.376934421995681,11.448347225722259,10.214257273964497,8.21694074098537,4.877004575135399,2.313535153051267,4.655269853920791,4.5825840137630465,5.5312981206670715,1.9295777882632208,5.060368396390957,0.2531329219071778,2.925129890734037,1.517287022469874,-1.5757864566722801,2.0932200662478033,-0.15746725510772422,0.2866847441759677,0.2842909406682019,0.06503608388789477,0.2431624246894319,0.8384744765647284,1.0433110809420763,1.2428655598596252,0.9264599701856796,0.9124931343668712
8.15392601205039,8.001595418705355,9.823309344315005,12.66105752010765,12.289272531663917,13.814850108391465,13.471354588573748,13.039052743712398,12.268962530810683,10.87320439819903,9.341364873848482,7.564727256223386,3.6154998786411943,1.7164918317586637,4.47150897639525,6.4262284426819996,2.806911079201178,1.7616398999103489,-2.6100146919140186,0.7666705116295547,-2.141555313915266,0.3505979471554861,0.8664011571327719,1.4263146283688375,-0.09037225977160089,-0.23950860830597753,-0.1996456872162289,0.5299381774811525,0.26192860500663695,0.9595566524222929,1.1216433890289723,1.50013124056108,1.3930528916566693,1.687784552108062
6.309673682657946,6.902630769750033,12.298830784466274,12.136442327378768,13.548678504633102,13.920053662156448,13.933054331747051,13.240594471594699,11.457346689368485,9.676536858801038,8.11569780715677,5.4683318784604555,2.31579408274968,3.59621389686455,5.450457717470685,4.496807276014111,-0.7843142139401333,2.49578730430545,2.4242376311289835,0.08350473373337537,4.869829914007806,2.63948636817383,2.532528653612362,-0.5290752319137492,-0.172259155317088,-0.06200386894630944,0.14940714181454573,0.6306173410984411,1.1086505775076365,0.5073909501720328,0.4492232383868345,1.2854134231567604,1.3986837947984054,0.8580844038627343
6.185942118064243,7.751020837536734,10.268973970005549,11.590411836042692,14.60955642498338,15.000529057878538,13.973156129388961,12.689592345164865,11.082741428158117,9.521967911381957,7.001856686458644,3.592931045706462,3.490197757733676,4.74796362321198,2.0381374083518096,3.7318102693522306,3.8598631340436387,-0.10795508808715765,-0.8395445720059682,5.169139677925851,6.477042914890067,1.1130157472340143,0.5882349506874539,-0.011808112651288359,-0.7183926134626983,0.5003398410524076,0.9512952428175363,1.090134479659565,0.9710939704325,1.6435798541367896,0.7921986406875472,1.0697302137798077,0.5390565022952434,0.5941868613440325
6.393020559905744,7.350704954278205,9.959146562953341,11.14995084754277,13.015498573177412,16.040495728509548,14.349678924881704,12.655406197993445,10.927772986335576,8.254211692848749,6.011902115405819,4.229700552375204,4.192794426837048,2.668003919894817,-2.0056677026832186,1.8805806462780033,1.18772209453868,-0.6458580138630874,1.8170230456006173,3.905843623946871,1.56282329176099,0.1494007988359873,0.7981340616315392,0.33574679825706905,-0.2398495978266289,0.14446056999356174,1.0136284960426296,1.2402212868317226,1.0647122732265666,0.8359208237526569,0.931489962344805,0.8385058673085612,0.8745482946479668,0.7584478657298979
6.053752320872968,6.055030667611233,9.714597146877162,10.197318806732747,14.226553579853498,16.693273744387838,14.260619671436643,12.837484474231818,9.921483302472442,8.300395211775745,3.9984029816451856,3.007507835093112,0.49124348780010596,0.4903750853347552,0.1789821527540399,1.3179759142964522,-0.04766241320709408,3.7207548129651835,4.5564955576937844,1.5435667971495388,1.034177675538178,0.4209452686858583,0.8398258616478252,0.22711705627159542,1.8811115493027395,0.7438839225981714,2.0856096991372635,1.3045622594171093,1.6134236932300534,1.6370037679307514,1.1646130699317643,0.028503272149965987,0.13112328303729617,1.6996433876821249
6.730106589592065,5.787949532416664,9.077511704067097,8.792517784601811,10.858093786100989,15.514508403045213,13.3271334460838,12.607642718537024,9.90240136917575,6.481107660330408,3.0811020247521475,0.6863985420550394,0.12075038241749325,-0.42715996752307867,0.9562713306496309,3.1156138124213846,-1.7948804269183989,2.93884833910622,7.035417602773634,3.369498447377771,0.1611842238311201,2.3641319500667866,-0.6252061099674037,0.9926240812577242,1.2037711784715102,0.39590111583490256,-0.08821521573215715,1.9246004934954857,-0.4773212554697612,-0.13534406054104942,0.980660907174094,0.7215116423902899,0.7701655289727488,1.642449316043615
7.27328912815299,7.339973685093619,5.235077368384078,7.506582777880026,15.675507608240448,16.44737528627855,11.470712589126435,10.193575383904303,8.121529625638956,3.552472165399633,3.096261099716104,-0.9167297947220102,2.135514838643172,1.9626393175765406,3.8017498799362954,0.11976593774465774,3.618418656704125,9.224671711584852,5.423551334496099,3.072912673359533,8.364609635576803,4.6190360514696795,3.487086286898084,1.6580848453497223,2.3771548579955626,1.396370000535005,1.801342049711514,-0.7329303785997262,0.5680076067621901,0.4979072473391139,-0.3522163115001516,0.2334506747960336,2.7874640883147235,3.465080738342904
6.218303134584156,6.288613425790421,11.336570827976013,11.944857091769446,15.7403466685236,14.05833976984094,9.642430653618579,6.686019071217086,3.830273713887902,-0.8114345966265945,0.6859883568634556,3.8692358101794486,5.277490116953294,3.760298146951848,3.7553942953527044,7.535128076228208,4.498160586791654,2.6025478746588933,1.835068085626106,1.1062021497588954,3.9741846113928805,1.543924745737979,-0.6655065177428647,3.475115524520585,0.9069116869277926,1.7203279521556911,2.698898549184125,0.1942138937664785,0.7095712208386211,-0.9035235264132424,1.8711630319501995,3.6955383689941415,6.321005229189439,6.585862711360649
6.900819431251997,8.953077170523773,6.97973620980525,9.51814554665316,15.230222150150281,6.740896259433262,5.997517527827115,0.46868237047765676,7.427587710153798,4.219007586965319,12.108875566101709,6.905703701934221,1.381861824623814,2.229478286143262,4.673512382735978,2.69116465350586,3.482811502258424,1.5362499501188205,3.3730933054672554,1.2915006310547794,2.412702223420483,-0.05933102849983895,1.9895838443817269,0.02390513473044115,2.3526232579942694,-0.38598327161069884,-0.6443060045076464,0.5482242702089947,-0.09157375429303506,0.08215317781348895,2.9859487919083887,5.217862967322585,5.921470949493359,6.4918000097518025
7.713433260213885,8.070559191888925,8.105050757337395,9.101094666516044,16.503168587475244,5.689732015719386,8.796713689919674,4.125651284882728,1.7117319177628487,8.265595009744732,4.22100240411102,3.808841551168567,3.253949596107471,1.1877650006401617,2.825646105396622,2.0087615076260246,4.349516530977561,5.798983481038543,4.082585847598735,2.3605571412735937,3.6004215604358207,0.7381928515210807,1.515741353362417,3.1450821633845547,1.7524897992197956,0.5685967679859718,1.0692629094603903,1.4822654441158285,1.6773076722455729,1.6353095887824687,5.2225671688474335,5.471441227998865,5.595363531205945,6.030698360292855
6.159656711664127,1.3754860425352837,8.985597120286808,10.289576822712942,9.117176491392595,3.9251346444384168,4.909704853432781,0.9163201744171479,6.268987136420002,10.182492520292868,2.4874997643167576,5.433754581507474,8.144793460839402,7.509502157096313,5.400364625900049,7.894299161619436,4.065040876116409,2.139315163945222,0.35403407534864,0.5194040310612937,2.8481477970761446,3.1235382796483595,2.2820314237207593,0.8439612302589935,1.853092578042152,0.2708441000284763,0.7944205931967938,2.0437893843601396,-0.1624472634965144,3.5106915594409474,5.715703355868585,5.580749483594081,5.225130298554053,5.816925401073838
6.775966715044492,6.519565322937881,10.410542296800628,8.777616063675763,8.630929274947164,12.279734573763355,12.049352746501794,4.16008769560489,12.549131611620846,9.979401615270541,10.531956731226646,7.044970530540646,0.6841245663305853,-0.005978671104745388,4.492549975111497,0.7251419996856183,4.65783698743527,0.32624160440527483,4.182719433384631,2.505658907130834,0.908935564542602,4.774410556568338,2.5957608902268454,2.76511740711306,0.9099374432844568,3.308817565892224,1.1235873396394724,1.0308822080825608,1.8700419450866026,3.7840545333852265,5.238362296355156,5.028305506514532,4.958433746698772,4.952280267306463
5.487315167465798,6.7595107767461355,9.177906961985451,11.637924191456406,10.969640623866583,2.3736552333855916,-0.1709796708919014,11.660014643497147,3.27653598240024,2.6539576052200187,1.8245729810751032,1.3269854224124302,3.0890040490693327,3.1938189107111548,2.9866525761782383,3.651390000089785,2.7435236803638214,1.666227145869084,1.7225551871409943,1.7702990051634935,1.4538190575541163,1.006068778667029,1.906656596965747,2.166505431114999,2.050075309328235,2.1316244979226493,-0.7708338340486416,1.7453594342754257,1.2351274920383208,6.232432126884932,5.1301035303197775,4.9645557385170855,4.721183396520413,4.620306938255244
5.1201768175555005,7.3323333430610464,9.07176243480895,11.717464450371182,6.333209239994543,2.1975419411101313,2.8436287777146965,0.7562820172141197,-0.6817702845933693,1.7148828791348176,1.9543938028264896,4.37577541720842,1.2219541295563983,3.0007957443676254,0.31817490549930644,2.0572527598046433,4.624942707227284,1.8070853467812888,2.0643473705489597,1.5620728323102577,4.159571208333994,2.8207311531910193,-0.0770166370693938,1.2741210267534204,1.8018180980314793,1.6608625368683627,2.215534131101572,0.8741184044346428,1.7425355601385066,4.883152489912514,5.0115082798805375,4.665251007283111,5.0660432507636575,4.434624602360276
4.899030520617009,6.01128911785666,6.813698971466751,6.767639124933679,6.193305295590251,5.690629624814393,8.985891553903818,8.325881637162265,3.992229554183646,7.282089160346048,4.4810312402086465,1.0173849793794603,2.179133363684897,0.0720545399660759,0.8088078798986563,1.2439642770595016,1.9751991369160244,1.6579688975231612,2.048045309039353,1.559312399654149,2.168671638312611,2.9311093146842317,1.6334991318882992,1.5020682226924715,1.74761564488415,1.557064797279472,2.024918195220928,1.1975979203496137,1.7893114882737309,2.984621667122822,4.942978179812279,4.566450035005261,4.425026088813817,4.52187931140387
4.982125620495145,6.504224731931952,8.954468096654843,10.525697020710242,6.266519718301943,2.8882391509847016,5.5321587817775,3.786838439022734,9.259322615320926,5.281406058436815,-0.5828211246739752,-0.8827595063735575,2.2554416132970987,1.601831175880151,2.7479375071322245,2.4780497288359684,2.5272774691458837,2.320033820768112,3.3978774914801058,2.151635471566683,3.0224386520118594,1.5094718774662839,2.1803805722817153,2.3647491806954815,1.7699118426769676,-0.23658518509155174,0.9952664177575259,1.287239435936475,1.8022833395196265,3.795043293061763,4.567300699585141,4.6901257793161415,4.162042537878767,4.539829282719206
4.042704026711394,3.834910225456705,6.81967095550725,1.6558317658253041,7.729116768718609,2.2056989733711108,8.783807918059626,3.223786735016731,-1.24197317097229,5.052920639434942,-0.19345549170394655,-0.17275457954389875,2.4236907366872873,2.7212344827497175,1.5641375134786386,2.2577768774442606,1.1532231947948408,2.267692425302216,3.9724372816517817,2.148936843289689,2.3314233487421823,3.330198373617713,1.868147436664324,1.4893180684657181,2.0880814969340133,1.3444191577989932,1.8131865778042,1.7440038316259416,1.6126386888093796,1.5774669206826466,1.874385971782774,2.627587276520421,3.8493421411038353,4.853848290825168
5.340897347969198,6.279892009577716,5.56654379817223,3.6299200679011974,5.118300597222004,3.048152243753674,1.161411896855979,4.778913841997039,7.069642779921615,2.915620865858636,5.276018425744663,5.045063322430243,0.47222712723728827,2.126517998193095,0.5667323729297779,2.6904943696251173,1.6677040720337126,2.1143384828482774,2.080372443779627,2.27973144675055,2.336099470284339,2.06941992772914,2.8894494206989836,2.6048698481575525,1.7538805654754173,1.6047117223763927,1.9298363752396706,1.7606723765515864,1.8072780760962135,1.6112143887484522,1.4475868859500685,0.8984096237965487,4.130505883988542,1.887314686394032
5.103439995230124,4.975426790069571,4.784616379165342,10.623170206538964,10.901350384186768,2.8714806963220614,4.114309333090981,4.531048806570714,7.306129690244851,6.8256606415140215,2.5159466453673622,1.5224476807439424,1.6903713922589634,2.5376206090983926,1.3092011813610998,1.612190148337643,2.666745481856398,2.425599162817582,2.06084633516943,2.5403357028060882,1.9173106488348075,2.113542743570869,1.8893807185589233,1.740250586499762,2.673140659349236,1.9203931733358734,1.92636876037255,1.8180626636646637,1.6732049474881818,2.000383325414919,1.700800288753152,1.0324646984235828,3.782734239706719,4.093140517464658
6.499940739226031,6.079526980545714,7.171892250856197,10.78706195653956,9.550036801272592,6.098401740391462,0.8933395134611241,1.9999493468652794,4.871641494588066,-0.07569126001042047,2.730215001332025,2.794437587932435,1.1761794431780004,2.4570485271489306,-0.5459657866586766,2.5010058475444157,2.4136012950450105,2.6132846342966354,2.2081813574944236,2.0513186958701324,2.0578305271278423,2.5051141841753575,2.3003041571363574,1.6011972329741775,1.5509755196299244,1.7182758473875233,1.457097604151687,1.5411109937359524,1.655434795907918,1.7170975165941407,1.2657314294035247,0.8755339960059156,1.6273951314757873,3.330883439027636
5.583071664206371,5.687571717750203,7.116235265147849,9.999837097309303,9.443480173337518,3.594007525741082,3.1995549183050978,1.8494175342228818,4.851929971963255,2.207117808439172,1.378619359591501,0.1736999629804033,2.2725982906096585,2.031052254719731,0.4848895704752783,2.353875590284107,2.2964979523795255,2.392427064372202,2.3323626527402346,2.7563199883545946,2.5327544478864823,2.7281621038027524,2.413572460064716,1.690608181913389,1.3453072766199816,1.5587399504487165,1.3380993189079824,1.687055923609593,0.8090705871859135,0.9369103432288483,0.6531266407257925,1.2014812488034192,2.6138843918018813,2.9617093903650655
4.469247762481631,5.666576103080513,6.629902403023635,7.6863173202315975,7.624104327919342,5.151859465411037,2.260838813732799,4.984607082335819,3.3538006393784694,-0.21100330240041648,0.18923219688079954,2.055970159802954,1.6596268792314153,0.032108144491924645,0.925197909241837,2.5455580353454237,3.141002000641297,2.3352942983168057,1.704185590646358,2.022093756119188,2.8130455116411626,4.482120501293555,4.376457026799845,1.648266139065561,1.4817221142048465,1.4202102821806013,1.2964614845943128,0.9437501290362487,0.6688472581901932,0.8187525891472008,0.7020720614104002,1.0577048580256625,2.7794315480344722,2.473601738898168
