script/wind10m.json
{"header": {"parameterCategory": 2, "parameterNumber": 2, "lo1": 3.000054539987559, "la1": 64.9999836372058, "dx": 0.5, "dy": 0.25, "nx": 34, "ny": 52, "refTime": "2025-11-03T14:00:00.000Z"}, "data":
[rows 0 to 24 of 52, columns 0 to 33 of 34]
3.0148340236387687,4.3381630182903885,5.004424354969821,4.846018374058067,4.511888770320748,5.161771890882507,5.822209670965569,5.372493213699455,4.6419441180415015,4.717271989105813,4.924757473743183,4.547471785758707,6.870133679348207,6.6505687301985725,7.95333245967766,6.220053344220814,1.743678853107492,-1.469855970660163,-1.5797293416260825,-1.5041598487819832,-1.7974539855690461,0.5349204829566927,-2.23874116221452,0.2142370432425084,-0.38036532314113264,0.4641664676461671,-0.2270969762291599,1.0009540922770401,1.0450188033573617,0.5311245510178414,0.47786744240785306,0.524250802858638,0.9796733051902142,0.8951931672550208
1.964178542075346,2.944929029907552,3.2916150781444893,4.229089575810578,4.998730826444045,5.909031663392436,6.100016496176876,5.277301532447383,4.636662069123853,5.615349100362599,6.17957935980713,6.462314667143253,5.8893067489294735,6.595056740763384,6.744923954890087,6.67380725902631,0.49107008289031195,-0.48465406208920275,1.3587982510624763,1.9851701332526526,-1.0811239309978513,-0.9192886635608299,-0.08544571128851403,-0.20929932729982925,-0.7294739625156038,-0.1605799208640333,0.3094011657121683,0.0020863216216075197,0.9423439824292826,1.5625890138238707,0.79714020901924,0.8637521251773931,0.8122595189332162,1.065089755608589
1.925656232896512,2.1681471483012937,2.6727258982223208,3.0569682665771816,4.162609255577903,4.533156848084452,4.913071148817389,5.164826562407253,5.017454299992278,5.833096392881353,5.601307143041844,6.766935578060901,6.177125159184867,6.474702224417641,3.085908837046651,3.7572974843532294,2.2869083409923014,-1.742760210963104,-0.37301387066629826,-2.1971762859334323,0.593129404236687,-0.4799505111868473,-2.6470785660852023,0.4326519988340133,-0.6475995528604097,-0.4742008768744455,-0.09771606223019244,0.47108171005134986,0.5198943316719017,1.1161834737818705,1.350349239364966,0.9373622172377938,0.11559763118163206,0.19217194914319896
1.689166701948125,1.8714118341316437,2.619442780511312,2.9038733718956204,2.876535772293451,3.7754930256342187,4.337686621244994,5.227317664833348,5.851200725903108,5.524875775330657,5.781105410028066,6.337535037006656,4.640178240363737,-0.17195801528434937,-0.044639120765163035,1.1970784203011557,-1.9666770124611646,-0.6819028885609802,-1.2520451805582375,-0.645308380004965,-2.318926239004073,-1.9961359020642577,-1.9910801272676082,0.18716159268331964,-1.2474319167411008,-0.9529952000452064,-0.18192208678200622,0.42482618467309946,0.47881817408089955,0.9100188350618096,0.9823745077683548,0.9657538014116064,-0.021023893072785974,0.0422125232943132
1.2148941465606269,2.3136446168071716,3.177007518456258,2.9896651190221473,3.2886506060521774,3.304344489570508,5.35981630162945,2.6732906903130975,4.6308893636925585,5.309786107448189,5.263713509424374,3.9985580610487688,-2.3023159558832837,-3.014708541661679,-2.8295024607861774,-1.905043708526527,1.0854314291706817,-1.4497522245281595,-1.0769234514680648,1.0568386004420192,-1.8689448636704582,6.126431485105923,-0.8025499410377708,0.263240255560347,0.060049453372737836,0.03506296492220855,-0.6408121802624556,-0.006577057876934608,0.5514636388147718,0.7060687049487624,0.5576612540887487,1.4450680934171365,0.20797605488062149,-0.14143144207784045
1.5156903895886347,2.6847372777832743,2.7651529737288545,2.9035962467469645,2.2758409148679823,2.474960240422439,4.288603192933088,3.014122539498159,5.1734650237989195,3.9882351821267448,0.9523536376473202,-0.5765979608260325,-3.3616092770181987,-5.16896477883321,-1.2364151138603356,-0.4709313123481649,0.7050192189376069,-0.9895810081314095,0.14758767520650692,-2.311321043731167,-1.522423459325284,-1.5186500172283188,1.2872574840113482,0.1909249583667823,-0.5286419147933997,-0.283934623038514,-0.7120841993838295,-0.7036819395782599,-0.006134358894339284,0.7013637410204964,1.2625741905110666,0.33486408263312445,0.5120699833061804,0.08316286456029011
1.1830382246650892,1.9696826018056794,3.070709537641563,4.075226287967115,2.6082758763994613,1.9053283069313114,1.0993271106040061,3.2833254070496354,3.22066517263652,0.9341383608144141,0.11006367581333264,0.6419609694138586,-2.626514794237778,-2.1945229260646597,-2.8019012406927377,-2.3995474149504648,0.3503317460263822,-2.448038820108484,-1.1650765426499394,0.6155922626815661,-1.5465369461158378,-0.27784379504136847,-1.5161358968199818,-0.6067701185141716,0.7489887958821806,0.3840539532686723,2.1314999948218483,-0.9713686003037532,0.21650236500222658,0.9951858485528213,0.938137355379905,1.2067209937256147,1.1595233007702723,-0.01933990856613762
0.5093247829353353,1.695049812319184,2.5373285483992336,5.020513429980825,0.5918379740974781,2.42998659210236,0.6400378559462666,0.9054414526779336,-0.5161432947899012,-1.062749035341101,0.45204623595541427,-1.976645069644415,0.770694403654193,-0.7055182962897266,-2.128886143939087,-0.8669221785432227,-0.38286570449364554,-0.27956622853045826,1.9202392065284943,2.1184229155165872,-1.2273240211316065,0.5577415977697229,-1.1484693626741431,-0.3041026665460482,0.7648187186519538,0.19937949244440636,0.9408677058604298,1.9023803176350347,0.8477774439027675,0.23029419042396101,1.5921187864213981,-0.2938746376908352,1.4791208573412258,5.534732315973872
-0.2936020812060026,1.6150328161335519,2.205834565971147,4.72963537501399,2.5354554029840797,0.949522429875605,0.7267179133046957,0.3505758861998487,-1.0183540335237937,-0.2657223594335477,-1.2508029337996724,-1.042244003916315,-0.8853909410690579,-3.964517315865966,-1.7249859503645442,-2.0484660552192686,-4.180489665051556,2.7830038395885865,-0.6045084347442432,-2.8788440192033034,6.504698985194126,1.728098605403745,1.8213635282039091,-0.38485149465510243,0.8246360348758814,0.8826241004016215,1.094031489810923,0.42176379437224876,-0.2227528305012657,1.3059837562013112,0.6526677206064367,0.7575422049904106,5.8837756000089225,6.606337585864945
-0.40353992709785935,-0.03263899759811168,0.7899793613664271,0.9181804203890699,1.7160186663210382,1.1121450524642307,-0.11979140808243716,0.9916114486460043,-1.4973179183851433,0.4978702451791131,-0.6074722060729253,0.16773229531043277,-3.0992594513963847,1.4122443703288876,-2.9705852032869493,-1.4242624875158296,1.9896255516790746,-3.01543901644964,-2.2598512116964176,0.8586148324802727,1.5588814588230373,0.1838631817421299,2.968320377593325,0.5188700375862865,-0.06258327950533144,1.168763234060574,2.0898009632468924,1.783789663843705,1.142424993140907,0.692482708961395,0.03690791815904429,5.515853286284025,6.59087784252797,7.263335254037098
-1.3222872861940613,0.2970532694882426,-0.06266225645693241,0.262609212953272,0.06820238002336779,0.1374994293930493,-0.2015676634967971,0.9598060436039644,0.7352339061039203,0.9266767928444741,1.44829529566692,-2.7621501192379188,3.028284228902533,2.3932886186962286,-0.6479441748092352,-2.6050113410800972,0.8111297401805015,-0.8833852940342188,-0.38918937344963395,0.15438065564347037,1.451072611592848,-0.3129836632854798,5.551694179032644,0.6555618402820509,1.5009227627860207,0.9269348565333014,0.9232754326794925,0.851307274358269,0.755021521568269,0.24612646613816086,3.024985750115914,4.665419478362531,6.443773563441558,7.259072425180576
-1.1098110281403226,-2.150129155272062,-1.3572768668105644,-0.9202475419383339,-1.3224108705477589,-1.3793869012713158,-1.1148576514939137,-3.1854071336190395,-0.05127914810486891,-3.2930707311231053,-1.247231673026578,-1.5365453035420058,-4.080156043161066,1.9023636487176754,-0.8487433356677815,-1.1071028675090646,-0.6850368858087229,2.805881939303464,0.8255263744625543,0.36820199485468563,2.978904922031738,2.5171028050191246,-0.4906697684895702,2.979255504357658,1.6340422353914295,0.3633137074387487,0.17736193634237182,1.4748510752908983,1.4211880237192756,0.5468702139049219,3.522090673688283,5.33208480557979,6.13463846066087,6.426555956263408
-1.3180936600836548,-2.9432954261200677,-3.061600152808608,-2.9136016658994714,-1.562784615401426,-1.2946318332373834,-0.1323321989725006,0.04585621855380185,-1.882144902686357,0.40793412138696783,-1.279678984080621,-3.6071868627004413,-0.9608206229178108,-0.484359061186212,-1.6173507187854712,1.7605972313588603,-0.7734724273187052,1.6302246206215836,1.4183852085885533,0.5363847828326654,1.0626002933084786,1.8335309648363887,2.6741634747622016,1.818132875538723,2.106767955777451,0.17761305402691815,0.5990639619659023,1.3530549174002424,0.6030252684583756,0.6282557149269254,3.77206586829374,5.3717706295396255,6.095265917081925,6.180721030508283
-2.0093844539490675,-1.2812444792437416,-4.211128860278834,-5.047413108244359,-3.0513646350481354,-4.761336576334293,2.9073852569011627,0.6695904747601269,-7.334175930289866,2.475480035317738,1.1517693614626083,6.3901949431605205,-2.268479136484087,-1.618541610079072,0.30634252257440764,0.05004558364519272,0.41560942051275007,0.9039785198099334,1.1890929067058422,1.7654494214954461,-0.09000680706949968,3.6919686751440293,2.3390900447010328,2.75292052996749,1.2552316055316755,2.0801785867133544,1.9555908471455856,1.441360806780039,0.9970091767116932,0.9427318123121382,3.807332086416939,5.185114990528608,5.164700219305776,5.718565632096078
-2.9150373544744603,-2.9869248233156926,-4.801984293332647,-4.884602132434875,-4.587126747337813,-3.262967304642544,-0.7777465079985006,-3.065465442522153,-3.5527867414027026,1.1190777272788852,-1.5516625536873345,0.49685461194149494,1.1041442844510099,1.744953465383854,-0.6809183013688279,2.278816425971517,-0.2090482744706569,-0.6715595009585453,0.5502093198659926,0.2864284507354485,1.329923415164458,1.16123510216883,2.1206589261129785,3.3005540068914536,1.677415829963123,2.6202642761530255,1.9889931664133613,1.6630928969001753,0.5382419466270029,1.2893842750038405,4.016383481621161,5.6993566905182025,5.884918891341249,5.795751629122726
-3.6676470637111502,-3.9275281067347594,-4.7569030966312384,-3.989768867551513,-2.8047356320227226,-3.125738259215953,-3.666788819347739,0.5129166045541645,-1.2346407287364958,-1.518229427227161,-1.2296628394329785,-0.09778397078252891,-1.0401994390692424,0.6314280698510122,-1.1472808949772841,-0.33183739069268176,1.2842834310046953,-0.6096071249311058,0.3200062180666095,0.20764185969749008,2.6761529338769625,0.8927464509116844,0.9512056841573365,1.3773288156918597,1.2645247295006676,2.409495650631525,2.980258935263088,1.3311039516853362,0.8408667430612784,1.6558199909483593,4.2263819795584725,6.3602992607353555,5.753671261102724,5.424562593649781
-4.394088799961977,-4.220747948734579,-5.731716184485046,-4.838615949892703,-2.364770445465657,-2.4580805509669106,-2.271637969368718,0.25261983939264704,-0.02708159852973297,-2.3325266312140363,-2.2890460835653657,5.654501530584993,0.2810889651722199,-1.1039984993514596,0.8883544116840723,-2.3197027130237013,-0.6407793510688661,-0.4439901783807102,0.2764726654958623,0.788518625277468,1.1701526423390756,1.7087481025595952,1.1395987666870884,0.448261555772165,1.1617663534638223,1.2836739062596385,2.030189308951843,2.116208206074926,1.0256788194705122,1.1328456733492962,6.403354936284416,5.543258417408537,4.30847454776179,4.339463487041689
-4.4823078911317005,-5.355456660346946,-5.221893960802607,-6.395518788712681,-2.883167175626606,-2.7245975933445776,-2.388200821125174,-0.05869430771169339,-0.12846457932912592,-1.084669418684716,-2.2326708806162148,-0.42600559626706913,-0.02138213816799628,-0.4689204834958106,-0.10140530981708153,0.4577079582038723,-3.279183835085657,0.1414967948162902,0.2842904693678789,1.2163107668837068,0.5904686978760185,1.0632582128831238,1.074296515059477,2.035178963060867,0.9312667551860097,1.0830995286714977,1.6464490074505505,0.9115135756316226,0.762548190840118,1.2814621644188813,6.054855879723749,4.297788686329723,2.6789524757277743,3.501647996994901
-4.382311037156952,-4.915150251304987,-5.462136105975241,-6.456293927614157,-4.5736991139951995,-2.7882532123950257,0.6517591017972209,-2.681166522936941,-5.389765029024645,1.1276747533355234,1.7219766786111614,-0.6501330947242342,0.8165201604752985,-0.5686885179351101,-0.9563141413867917,0.9387576769086992,-0.7711220514205649,0.29323095137605576,0.13534203298114106,0.7710729858493721,0.3747503793509551,1.9732657684742172,1.8970381314765075,1.334609037200932,1.0155725866252554,0.7615206145856447,0.854536481372262,0.6606055553574308,0.6531925169060101,0.6256632660958269,2.2932946262650242,2.2839912465671652,2.2014818201664244,2.1084673843469424
-3.3374533781815097,-4.261436712571237,-6.84286759453754,-4.174872618519809,-3.002429515861317,-2.6009379535065293,0.3754782434777392,-0.46048627720879715,-0.4945889725153092,0.08441171996388666,0.39230509850055084,1.3661758856981299,-1.5096821279619104,4.871849918813022,-0.6538570270129659,-0.3350394812460626,0.4712382650889532,0.04961514741130662,0.20527667126993243,0.4060005200173424,0.6523375611566536,0.6449209408526474,2.2990904460756396,1.207845934177181,1.0411676275443198,0.6785444217574553,0.4516796242946118,0.30368098290312057,0.1660677210033382,1.5790467575318854,1.5478809199936063,0.2928967684948282,2.208977712691121,0.5856434757240239
-2.87932866570906,-3.3605031326727928,-5.7341524020092205,-5.643490668388537,-6.127763767733925,-2.6105632263437215,-5.463003136826142,-0.775806447412232,-0.13915429737647916,-0.9102451858933228,2.010836142160234,1.0516419406741846,0.595566806362321,0.19467127531918374,-0.8108133228617903,-0.010923408896590775,1.047213510127415,0.36505526435073055,0.5542617375882717,0.15099782202292397,0.33344260654855495,0.747252914647587,0.8320259773616433,1.6422266635994993,1.1985859473625424,1.626340592794122,1.2114072716966369,0.04357167596085826,0.6300184895151634,0.34310718013385183,1.2046997482935922,0.12937758282637946,2.0404750461728334,3.0980730103467065
-2.2125593513355297,-3.1304767730171092,-4.61402227630269,-7.7781399493915035,-6.439636277257088,-4.555606326105877,-4.432159204434841,-1.8189994527856927,-2.7308499770271735,-1.670646199291182,0.43539802021609564,0.007444157622055769,-0.26809647756026955,0.5127320504602132,-2.0676426941703228,0.2911984047925984,0.11753543622873083,0.4429639812272187,0.5515566389991259,0.3247803432197287,0.3245091568357472,0.365112584101792,0.7502207742775867,1.3454943721792694,1.3414030680852023,0.8289806048926686,1.0890662611779482,0.7474007654812377,0.2556660268273147,0.34946652477254314,0.27716177117016016,-0.0102615385060173,0.48976238467341476,3.4062263141255835
-1.8310904858770245,-2.7983455951683602,-4.531693574327879,-8.119917373682009,-6.087196147645272,-4.033036670265318,-3.194969033355504,-0.5117738391803323,-2.5484456894472567,-2.3696117375992873,-1.0943450078185852,-1.494657991086909,0.050307266334111915,0.5349766485957219,0.23653491931440657,0.1588095973924029,0.24997859876098294,0.3021789067624313,1.0210038202498881,1.1526652105180801,0.23048781416737665,0.37485209398302843,0.8196144118623417,2.027559285002659,1.084622402362743,1.2566310298883656,1.8687933893889386,1.9705449650662987,0.2297824486676562,0.26571044403789834,0.37358191662220014,0.716094747402948,1.1351859137850486,2.5776691831178042
-0.08699274200569951,-1.496255324975011,-3.601817319276626,-6.676281143188493,-8.035338248169882,-6.306200166760699,-1.4894982264871217,-7.110398724501759,-2.1764231452071376,-1.8700458738365677,0.08672008150862262,0.3633088288487875,-0.7518825985916385,-0.5789287861552659,-0.15055088175205417,-0.08602469705786596,0.4492684868314844,0.2972911112998873,0.6960798024723949,0.5775443921615653,0.726255509129025,2.2484076231279913,3.2292220293815888,1.4287668734435648,1.9397085156681626,1.2916066578596788,2.3795652706037287,1.7420813794866745,1.081998796485014,0.8371702553180294,0.6010795555052534,0.3277184184296882,3.345700778589923,4.129451168646588
1.5623807177900135,0.9288917688378716,-2.0106714432602155,-5.357061039202448,-8.356516255746229,-5.185695486567011,-3.886449822106921,-6.291939359314465,-2.0591573056653485,-1.0712120767920357,-0.4493640727600489,-0.8180531484313145,0.1954197613694531,-1.0466449145510088,-0.4659091068300706,-0.6880205448543458,-2.2897246364988004,0.7092185199043234,0.5033058037084394,0.44540751654440836,3.477155039291136,4.373833026119701,0.6577949756274928,1.5831138172722834,0.8483406666549465,1.2655504312210915,1.4700744442176825,0.48278920948999576,0.9944141829259626,0.9690272174163875,1.1773423884383305,3.194613083975705,3.553573684564633,4.367408192770537
