script/wind250m.json
{"header": {"parameterCategory": 2, "parameterNumber": 3, "lo1": 3.000054539987559, "la1": 64.9999836372058, "dx": 0.5, "dy": 0.25, "nx": 34, "ny": 52, "refTime": "2026-04-14T22:00:00.000Z"}, "data":
[rows 25 to 49 of 52, columns 0 to 33 of 34]
3.463999248625982,2.6284505059728565,1.750692162561366,1.0832563958357113,-0.5466474968795884,-0.5885764047291123,1.5452398673633136,-0.4041869720704228,-3.4400658414679475,-5.083593889831837,-4.958221903425439,-3.1920809337580573,-0.9254307664155016,1.5285941087856765,3.6056317443019847,4.924515245569632,3.228871118438775,4.595981014719067,4.910715724130251,2.5265019963068083,4.053498957805037,4.190478982490401,4.496117631493498,2.9221953562320624,2.704539785520532,2.364627642981525,4.510301640347967,3.840166444752132,7.805928883963556,11.833973833734248,9.659974182276633,9.870230759823693,8.381015290874087,8.515353252555887
3.7061051030781695,2.5176098894196444,2.311268798397854,1.0980290072026833,-0.33634218480452244,0.5076473189946896,-0.5043258130340302,-1.5924194141794716,-2.735304273730633,-5.586381828559876,-4.914192900641451,-3.6022096531560406,-1.0672415606511743,1.0689026104338497,2.990498600600187,4.329369981445106,4.7694556039712115,5.683736730864637,4.050442072171243,4.109369742716776,4.350304717689234,3.1703174826083047,5.989493296035995,6.209297097109582,3.2868665960049044,2.326055437809095,5.70650669137524,7.272503908658939,9.489908385822364,8.140810122287823,11.627554272045217,11.197146436078853,8.836130622382932,8.713018525883205
3.4612119438200217,2.9039619533573404,2.0154598432844204,0.45211656811754114,-0.6342262443381431,-0.3956212598477018,-0.4534587330640206,-2.1707711177975884,-3.6059627929383082,-5.0898984219053025,-5.546727430693205,-2.623304547533812,-1.297715201191004,0.6935715914100661,3.3240430785228736,5.155949764962752,5.689114945832843,4.350678984163361,5.383902828425115,4.191673930994766,5.731264989119396,4.316689121122332,3.163803721480755,4.607059397494715,6.464740209681406,4.169390217756519,5.304721313955393,6.173097630967594,12.256352356346127,11.854057327789947,12.294906937607292,9.505410642962959,9.843321025210637,10.626883839282769
3.9144182578473394,2.672571611593406,2.1287729459833638,0.8806876389377262,-0.018489833618973862,-0.9025112805626672,-1.9563193545910464,-0.5153216463542963,-2.9000057929988996,-4.3710541922092085,-4.708760955925715,-0.5991025022985628,0.3446243191311369,-0.2574624545170561,3.1337312611059955,4.860092011135293,7.257928872215019,5.790851037062414,5.070074431250868,5.412813841923946,5.636638640498927,3.1644612700844696,3.9936679560594794,5.662946328874757,5.098898615808846,6.284124409156878,6.428158128796058,7.15499809656125,12.096170970681674,11.661873695208579,10.202890507551244,9.967008460558999,10.52246371895237,8.927970425030598
4.394420210576459,3.051936476005348,2.478543729635567,1.5919730588258247,0.0640097685715073,-1.2117425206771044,-1.266832068803285,-1.854433052529633,-2.972792730506174,-3.9466353014702027,-4.5952325527176905,0.7064738933478882,1.3336365604610336,-0.4968442321074438,3.0726706941444015,2.5012959857815766,6.841836846540785,7.889581201878435,5.821044055017535,7.25555453101314,6.902826902110405,5.296076924333127,2.723742553755709,4.1759220518537,7.7507808934583675,6.98544698737303,5.852281443131751,7.851310334820868,12.24113220643014,10.714916529738945,10.283651124252215,9.464744309613257,10.516242570738422,9.755921882667366
4.242169220342442,3.1654628591498164,1.7604373409182568,-0.1317585931730835,0.6960320869644401,-0.6619084916836526,-1.016571619655228,-2.4788770008240473,-2.56876265587609,-2.724918104845513,-5.048934767426372,2.5492482024170986,1.9603592020052136,1.469873046864072,1.950020864609635,3.479200703047533,5.255994994397539,7.48568456755579,6.300081968555961,4.94227338783602,6.832602216035027,5.064243588100421,5.540103330371466,5.440127641311914,5.77535536467548,5.4852926962052475,6.204469644846089,10.040410274865796,12.820960904430013,10.993533787618826,10.195812550612482,8.633750125649387,10.555768531010242,8.712586008305236
4.984360230005952,4.078212455761887,3.7066373703776105,2.40450057408299,0.5481351788140102,0.10288788671914198,-0.5482976641464264,-1.5647174629978906,-3.4559066761776314,-3.2868139627316855,-1.2247568784272116,0.7477057373699079,1.33967613691654,2.6433374586586718,2.3023231745450046,4.7606198413541305,4.153039174632344,5.3679727771361145,7.607275107638774,6.003492261207255,5.257623866517833,5.131403627487029,4.844108142602453,3.4899436045931282,5.837873405263773,6.299644113200682,7.512557378133719,11.617740420238382,11.87635676883009,11.80846810875679,10.7866990106016,10.529623779159868,10.887072820007583,10.26966208049922
5.448121383946074,4.6544294723245105,3.758119512828398,3.2231284405558833,2.3272839313509093,0.5034429920810771,-0.7807958935337949,-0.9090471925138558,-2.543479931600057,-2.9103724522005217,-1.374411828036442,0.22423192165446437,1.6648218039416822,0.5785967410005277,2.542513698499538,2.3141060349873634,3.335244588031211,2.0214417179554416,5.445889473291944,5.636330707376548,2.3838929631814842,4.273020428485049,4.541674925582993,3.7364336086376637,4.844618490203638,4.958184522219088,4.317942519645807,7.71670363529033,11.66985698206537,12.162847498104371,11.674118421251913,10.968764695479337,10.639977034252203,11.156966049984902
5.497290688588225,4.828603595496913,4.0087598954770804,2.8458542925202774,2.1002799797365084,1.5412165810529168,0.7759570059084097,-0.3244457275216645,-2.517140111209495,-1.8846113602484933,-0.654404886357367,0.06895270950262568,0.740964290648606,1.251375642965892,1.7066408252661254,0.7818431525090281,1.5579071489991008,0.2719510852524582,3.7755123245747795,3.5584083099498613,3.1698709690320634,1.2611672818264532,3.1585891256672,3.6183150417556273,4.555737414008893,5.282676593329518,3.4824050725375755,5.123570555843924,9.541210337441035,10.675233740260007,11.459578502364707,11.67822455435784,11.694835533243184,10.935402882878789
7.252810085026245,5.2043290906766755,4.077354813998872,2.9636672049938344,1.964293158133381,1.2237992704335945,1.0778535140553513,0.5004294875611541,-0.39134923454070064,-0.3977455347515105,-0.041517119134849324,-0.014616351022672114,0.47942675853726147,1.810111975330023,2.570966006153119,-0.13957236985075233,1.5694482457350616,-0.7615997836694709,1.395910276962213,4.374254423897211,2.6364374463098885,1.8807839773265427,1.3586497446307737,3.9166365323480514,6.4405478875463364,7.525535145090992,4.182402821340554,4.573394153986375,6.532169457330459,10.844389682248124,9.84961375757069,11.273607008534288,11.727264362146643,11.636554885709444
8.406217689617518,6.221254029738419,3.8384400652489687,2.5738219074042754,2.0979633703066636,1.0071767850066302,1.0598716475938235,0.7810294036034128,0.25889699766091995,-0.02518282633154209,0.7478889465096208,1.7110194935380618,-0.013624089623615445,0.8441276563436269,1.4714487658770155,-0.8529734838253393,-0.3292021838740712,-2.2646326980618032,-1.0259553649521886,2.122106706366104,0.7918775166187573,0.6529467746428439,0.4892532075853783,1.4201751564383471,5.186042273519058,5.993757981717659,6.043510792995747,3.120735947804529,4.554403778612924,7.824712864432687,11.426240431285997,9.901400434835548,10.387177999869973,11.326013141233448
9.686917265057975,7.768906127151859,5.404210945616164,3.369938602165754,2.616582556967923,1.5027526383716348,0.370455195953591,0.4643449898412945,0.8020275457698054,0.2737208943437188,0.5841514994136292,0.9009638996160256,1.5267965972200632,1.5992343859346405,1.7659050008112225,1.223796680128743,-0.6622304283537093,-1.782897015054739,-2.796328330814439,-0.2517894283486812,0.26654503718412564,-0.5910806718280731,-1.6566960071839474,0.2535482141771578,0.9828380282103624,5.306655794881742,5.7426573078524745,3.5191792945241622,5.925265376181538,5.085366701812857,8.450983223839746,10.301089846673984,11.077519491321231,10.183269868422
10.452301420993367,9.311562865159623,7.0340252538552,4.308270134353588,3.0590830408835252,1.9016874477118342,0.6856887939453115,-0.01986748487769764,0.696040569663191,0.7824008761015165,0.736039007676296,0.8101800256266626,-0.016193751836564435,0.296470096367211,0.11479101800781127,-0.8054532727641781,-0.8577345037171437,-2.646448478383744,-3.743680817874033,-2.0901008462867336,0.3623954668735784,-1.5329720735943884,-2.855265332198395,-0.7755776075868787,0.23924264927221367,5.059795275284327,7.095750564539727,5.411521972443907,7.297629908363931,3.821596831354372,7.709660481108825,10.338921040147264,10.824303513962619,11.043906301499012
10.869414418582222,9.719540589217962,8.612281859188045,5.994526544927521,4.152037595705015,2.424143036312306,1.5668997798961632,1.0537124752400293,0.8436329755429007,0.43689846350286526,1.4911396759859081,1.1695164700440583,0.4874655254396752,-0.9809286520637257,-0.6525776571097273,-0.3079588596601173,-1.7586094611934282,-2.852231890868973,-3.3901013402713382,-2.0698584652774543,-2.796798258284519,-2.388889012183931,-3.0294777622332663,-0.7396231044532262,0.8255675702914261,2.790295879661205,6.503595015482393,7.192138056784839,7.725296168191772,5.63621257719954,7.414242212795702,10.609457501188047,7.285772696673285,9.591703894922032
10.444856733128592,10.018100260162282,9.275169702658213,7.528701772134621,4.832716325301919,3.496244669703978,2.2248127265632243,1.4535995254383343,1.5090112355499814,-0.017258574592309874,0.17989907748336384,1.3334325755727625,0.3368754893461947,-0.455924190016213,-1.132663152848095,-0.5178033989917689,-0.8814774875264803,-3.331140137803486,-4.889851165898917,-3.3606025471221077,-3.0945158846682386,-3.460298384847227,-3.933648054142599,-0.05332930267460061,-1.0804046780932435,1.2677325709941767,4.9518352007925595,6.650417528844478,8.281080628552766,8.426911877001018,6.106860740438633,7.218540483047967,6.135702416517418,7.239484085051025
11.95596434598369,9.66967806361824,9.17726009616055,8.248531212995719,6.491687627684703,4.255841418084427,2.5996005239508406,1.2977333215001932,0.7180646477405288,0.3194831798970524,0.28938241150147076,1.5439003156485644,0.07411042909905405,-0.7611873859682191,-1.3928682448480703,-1.332751908782367,-1.0418663051112276,-1.4130321495587355,-3.820713156439306,-2.8641281878079052,-5.667791328816013,-5.683194425614693,-4.430560191685375,-1.0794352668131157,-1.4566340055733895,-0.6019519703687191,4.337648361741741,6.569615239174845,7.532572187352454,8.175539728467049,7.462175320410007,5.92220068310408,7.039454083298529,3.5679588066307004
12.03408292301043,10.244043407098637,8.719465417448108,8.301215937185752,7.69384420075044,5.890499355950535,3.6729972883921276,2.235577432035835,1.2827880870113002,0.80385073476867,0.1605939234737353,1.2900862246334526,0.3860805705168287,-0.7466636465017613,-1.3041058352234212,-1.7981276165564737,-2.674460333054327,-2.5152014901443263,-2.9283070726027303,-4.7941671507334425,-4.701250091872171,-5.223946691142565,-6.640156522863067,-2.373732309721798,-0.9688504168186366,-1.4370060837107042,4.288505937575447,5.105306650338032,6.322045132557708,8.517611816979153,8.500644202449053,6.713693917696843,6.878781059971501,5.544659521866003
12.959517231879472,10.95397738939328,8.95212364788827,8.110392468778043,7.601579473158959,6.757836933567143,4.418728361588996,2.842117190742346,1.963842538194911,1.222971216666558,0.1553077109773724,0.8976921454061496,-0.11223285199019106,-1.0713130495524419,-0.7402989519801728,-0.07139101131387321,-1.094837267669653,-2.3807951875727458,-3.8803517565193966,-4.303498279444501,-3.421516558289819,-5.264904496135402,-5.878519507215196,-5.227791659083596,-2.619486488447569,-1.7533010948093586,3.514976674371185,5.025533915227043,5.086255953468639,7.557246010221956,9.48228424661854,6.428044169639934,6.545433424702491,7.865424946068868
13.71389441736099,11.523175658130173,9.059284094770065,7.6005866205068395,7.789322613379036,7.133863653205657,4.4722355388077,2.4286420396738033,2.2413799832385903,1.6762247376104729,0.657225262545131,0.3545248068932624,0.5525617374203143,-0.8925422716554525,-1.8488966540677245,-0.7184824189042983,-0.8382860360878512,-2.5323295865050537,-3.1939720622133367,-5.343785114409504,-6.247340309328115,-5.2304656496185835,-5.89373390458407,-6.208899096811961,-3.4148201783681613,-1.4118271522934347,2.2298736942756463,5.348461892978785,5.949202042448599,6.5632517819506395,7.7614097677187175,6.88196211796732,8.067119233765666,9.772634109457227
14.168152190187648,12.161973037884254,9.671650059209503,7.846865408434969,7.278516864341389,7.327598294888486,4.94799156435388,2.0059377836772927,1.7994353733089752,1.6317653367943834,0.9780898005842941,-0.07333336282678138,-0.09370340143800604,-0.6803993115284193,-0.8637006744753876,-1.1555009036736792,-1.8050670514343912,-1.2074053949405927,-3.8161910672762835,-4.8509253797395075,-6.29465983466736,-4.0255416837306495,-5.230210814319595,-5.62267800319463,-5.639299790009354,-1.6705517943698185,1.3011149481429458,3.3985729506225835,5.158662808128326,6.369768949264603,6.451944290251049,7.468824817477693,9.830797445836403,11.470537511088235
13.89262966658735,11.815744174630371,9.53886851529436,7.423756764650255,6.683292994605604,6.914640572613697,4.513797551126479,2.1182218714224517,2.122702952583644,1.5117789825097676,0.7428731893059353,0.2911812179575835,0.3383762747492349,-0.5965342494847935,-0.15230149481160857,-1.2438768646944223,-1.1610562298857865,1.3656595031796956,-1.4741318403300172,-5.18443665346442,-6.541437676114842,-5.718422507986019,-5.513028948575001,-6.159541949548492,-6.866023853174394,-0.6031282288290666,-2.3382641898335508,2.385975438253002,4.921639812081334,6.570600711912277,6.890565282803458,8.029761977241993,9.488796267401634,9.427525228204205
13.699674002258307,11.610808831930802,8.750838293835494,6.978828952549768,5.9774187589326075,6.727354525617916,3.336744928415473,1.1703998107764013,1.0164345269094401,1.0805981760764605,-0.2610093467453211,1.3271734562955115,0.7736323396963017,-0.058622455732130506,0.3763421043696856,0.027798576188486485,-1.5160361764539874,0.4583302911860536,-2.0844639246028787,-1.9333820229299783,-5.574870707554119,-6.319772760930384,-5.779681207945334,-6.886759471176488,-5.858224517981227,-3.5619936516211825,-1.908593555792959,1.1001390069075743,3.607155974537665,6.052282179871249,7.753489141666624,8.387939455048427,9.061283357830655,9.357329411592426
13.324900626982158,11.238914917110417,8.456040614412695,5.929443844373078,5.643232460130841,4.295954204322133,3.198776157874233,1.1316452969923936,0.6455064766829999,0.24641830167732312,-1.0068239335710332,-1.05327767431131,0.13234214836252314,0.49505525963237995,0.2788646532794522,-0.11853248898530565,-1.2495862436086131,-0.6486931960952063,-1.4019479298816613,-3.842752878132096,-5.807207616774842,-7.910103914629363,-7.319357514282515,-8.959327333519452,-3.2476505160262596,-1.6700274135723676,-2.4602006949082154,-1.1373466979347497,2.668554450199302,4.938631388244389,8.026028808211779,9.269693362442949,9.148545687098117,8.968170169249998
12.894262072759286,11.228666124567289,8.959948539680893,5.487701322114406,4.43862238924635,2.2946954292523207,2.44268445811962,-0.19169713417141146,0.6736180258787036,-0.9235240034199153,-2.28848288700295,-1.2191300272584351,3.5111120441428385,3.207147801026054,0.3084425834953287,-1.3891375569024849,-0.8762263235672858,-0.6905627196911441,-1.4117772129857726,-4.865955117872507,-5.35740307155229,-8.687614687991873,-8.321554773494352,-6.4309524499870765,-3.5769828831654786,-2.7818549281240306,-3.547632348862938,-1.593736054184838,2.0595938728870697,3.8365504574165064,7.420562725388194,8.055728158927048,9.29861196790249,9.522933254389681
13.161870165866961,11.360142061005229,8.351919216785967,5.50244590683324,2.673338648873688,0.17833207728131473,1.865885775736931,0.6635378201961639,1.3495493227368247,-0.31715071281162877,1.799620094019255,2.9309198471101605,3.7159500545718385,4.855414051301459,1.2005275349668687,-0.5334150914017964,-0.7262054859941103,-1.3172626203473918,-1.7659725519505434,-4.354754515748305,-5.461417242830594,-8.333499803491444,-7.038045516212764,-8.393317423653032,-3.5120704343858455,-2.5418619347172497,-2.370080053468013,-2.9641963502203974,0.8712336518109336,2.5236066338606222,5.839129401778235,8.12184223121313,9.454791995304072,10.982274515267143
