script/wind100m.json
{"header": {"parameterCategory": 2, "parameterNumber": 2, "lo1": 6.000198445256149, "la1": 58.999992894266676, "dx": 0.5, "dy": 0.25, "nx": 22, "ny": 24, "refTime": "2024-05-01T04:00:00.000Z"}, "data":
[rows 0 to 23 of 24, columns 0 to 21 of 22]
-19.53672283257243,-9.015178967556219,-6.654936825893624,-9.861985267040227,-11.686624065558467,-10.551374370785801,-10.123722272925502,-2.0890702032749138,-7.9652924833420835,-8.471854985667463,-10.12783334132666,-10.863359984313062,-5.116866825369554,-5.114531462899668,-8.563311433676395,-5.927848746827787,-6.876619577087738,-5.584132710068273,-8.564971915373457,-4.34113911599133,-13.008321290519673,-7.652834264088007
-14.289641725294949,-7.592104189463955,-3.74911951187756,-8.988866521088452,-8.513622100233558,-9.816951274076485,-8.699113566793976,-9.177500435501342,-10.00216421616483,-11.272310029891987,-8.159354895076364,-8.07520629676343,-8.929096522492278,-6.132539123067759,-10.490243663777413,-10.149629338416418,-6.575789961184166,-5.142859437767746,-14.344074034978494,-9.059638302901302,-18.497331881637464,-9.829027393818826
-9.719054312261234,-15.587815172375198,-8.187881199309949,-8.816274801851446,-10.336818079891813,-19.815712907105016,-5.598520297948871,-10.182306190413708,-6.320015690978871,-8.1367764916684,-8.206250715461605,-12.885427958286288,-2.456360799818388,-7.468475108809384,-6.339690374334069,-7.263767498994084,-9.727313302243127,-9.545033126753031,-5.199632000939978,-6.4719724713477484,-10.747191380726932,-8.015863358947728
-12.630325248364846,-10.44266092309906,-9.210397904249271,-6.8451866955185645,-9.841607786608048,-14.008020169728173,-6.313407176037915,-14.075636893496197,-14.234812782242702,-17.521186200775276,-18.87604598259832,-4.580059820485406,-9.712256049162235,-10.183678781196097,-8.88286613894347,-7.468198733803128,-7.739103736638141,-7.882110834128118,-10.395306384313072,-5.746715048297347,-6.693916701941371,-8.2571163786395
-8.069646905381884,-12.498245311779334,-7.022950754673643,-5.031557477963456,-12.06051461358548,-9.831488132116029,-15.806150470668452,-5.6044632782415,-6.923042341888486,-6.4631438982494265,-9.148774863329114,-5.611149388293632,-7.85272898155165,-12.932503652364213,-5.23441170121614,-9.333220533510488,-5.679300364054489,-10.041166622539784,-7.710892854981289,-7.824978443776404,-9.965082634148287,-9.379334983858303
-11.810196855422655,-8.605365055075792,-10.7945269481911,-16.19481358957807,-7.824461590337212,-9.785897926483607,-5.368391487020142,-10.792682307610875,-7.377816901332545,-12.725719652998105,-8.466266659034341,-10.501830382430093,-11.78625611736946,-8.780947685396212,-8.551528510294224,-9.093945516963187,-8.815238843511773,-13.06902189136376,-17.566225139075094,-14.594685136270359,-7.293025818170147,-8.63346415230592
-5.00023444042416,-12.347017068140843,-9.73778574940576,-12.26118540879807,-8.637105827629288,-7.7769604125820635,-9.3535693417948,-8.890692869780121,-9.405891232813605,-4.343195648524367,-13.390735148997239,-8.23530809905969,-7.7772925952352505,-8.20606842841388,-17.813398846797508,-11.815310537702167,-8.914529529520996,-6.262917952203005,-10.708125628115877,-9.208679005485667,-19.992372312722107,-11.481594787866536
-11.05813023592093,-11.73028000223054,-8.14288732966028,-9.298733852952868,-5.552264393960918,-8.41796240641987,-11.638594410212594,-5.312414545125104,-12.952781764751679,-6.814384412855419,-10.956155636769026,-9.45320816731745,-5.127204488637805,-5.654059925110008,-6.120173251278815,-6.6982755104645015,-8.695693572708025,-9.629357571523755,-9.763117507713666,-7.112215648228224,-11.184215062945695,-7.081481225756767
-10.2830942500163,-6.745335849837907,-6.754064378008323,-8.621883762470064,-4.652526546461782,-9.980073514003394,-3.3306060424195354,-9.118614050245627,-7.269027792867647,-16.311122192806412,-17.12935030781301,-3.4512106385372223,-8.720205465023906,-8.567288522287646,-13.114295125235126,-9.194046810781236,-11.39243522045942,-8.673798632907909,-9.901776765587218,-13.674115038401343,-7.3143535574707625,-6.65457577205429
-8.318136069943174,-11.240170736252598,-8.732288712572698,-9.889898052513752,-12.11265062385168,-5.832712849124601,-8.324715322375171,-12.302324449241707,-10.789197170157095,-11.401003292891756,-8.813908808030112,-11.985614805063834,-6.288514783760729,-13.642358045191902,-10.717038883171826,-8.974405304436287,-6.409634497348061,-9.288262128577758,-6.588092874227502,-13.232916550435597,-10.69463430338532,-5.842523761242232
-16.833813237106295,-9.142453454440146,-10.755244501088196,-8.394165110940676,-8.957099992101755,-10.415298492533486,-11.376526307579791,-10.544176132209973,-7.382415979745849,-17.369645719953592,-6.321929799671249,-5.820928097745677,-7.820710660875198,-8.25035643903396,-6.205426732027119,-7.063315605725515,-9.587867334236735,-9.71365845920124,-9.545665530021719,-6.639203118081628,-13.581514205631759,-9.427607941729722
-7.3334603176667335,-7.753894668043144,-4.997875576065476,-11.873083395194513,-10.845834978991917,-13.867784563981445,-8.857390259548922,-6.052507038959155,-9.903183461710727,-5.80850755338175,-8.706395225518634,-7.401487149808883,-8.401029467611359,-14.056233658465157,-8.078902633959359,-6.533287735959662,-10.32213817369901,-10.429111538120608,-6.877639179079194,-11.74622593858815,-9.735694323127268,-6.228284918421184
-10.503033454568273,-9.358403926726867,-9.339840923567957,-6.335586810180924,-8.632833207099878,-9.789498222724372,-8.239518823390002,-7.583588765440663,-8.157317047086394,-10.706412898700956,-5.983102513620898,-11.961245242577313,-9.523215516378858,-7.764377927484339,-7.237992431803599,-9.09089317767125,-8.49693195700069,-6.086664358629154,-12.658094803699575,-17.723373212616504,-8.20583909979858,-8.32217963637043
-9.07979447448442,-9.91658230850433,-6.891128436328872,-7.467460515686772,-8.317241069292184,-8.171149086506892,-11.999722123530534,-12.0900740079482,-14.541964964641068,-6.130105708877121,-7.040216934602989,-5.974484629024505,-10.521549692644134,-7.858249087998448,-12.776191456712276,-10.649416894960073,-5.52814678107324,-5.034412779709977,-7.857509143971733,-6.4627028471084325,-10.948191419301427,-6.983794642851434
-3.4059311096844285,-7.29482746066072,-11.541370058046306,-9.448283293118772,-10.934305708604125,-13.12093935045109,-8.231315350707725,-9.071342022409596,-10.371640594971801,-7.670363367922255,-9.708915206045388,-5.2211806263749905,-14.134479476713055,-9.961929798389681,-9.73428459433423,-13.864304078137959,-8.38220020830841,-13.57676097563168,-7.81224174922043,-13.090053385112913,-6.226214233728377,-9.238176604345284
-10.356948671649382,-9.436911389416032,-10.44874955944739,-8.375090135676153,-12.911356443578248,-8.254203187429011,-6.479942474938727,-8.454990305138239,-8.889148991575526,-7.340282920108555,-11.860305789531502,-10.472157001164998,-6.835923743486442,-7.29069343641847,-9.78774741696074,-10.839960352905914,-6.3692177064929725,-10.59747167728237,-9.487503176032389,-8.371483851810702,-8.214313442429544,-9.126653870797497
-8.267036104033792,-9.761370432147567,-5.67444322327027,-7.876054027940773,-18.17035144291672,-10.442941376222956,-8.478139427664734,-10.65416286470435,-12.338656209118678,-7.937117745704469,-8.97649288259784,-11.74029291052437,-9.663845099724384,-8.789124100613565,-15.937555383645888,-5.491557678994904,-15.16762779579599,-9.625995548216663,-9.411492260903563,-5.776722765261015,-10.029251535920483,-9.818133757764944
-16.589761259424552,-6.275134019507723,-8.94019172276111,-8.913107779701726,-7.74555238196124,-10.074151387319079,-7.3003827344778465,-12.294291503708095,-9.169723877582117,-10.850056110961964,-10.170587387599314,-8.81349669272563,-18.125229627328785,-11.1126116026605,-17.956934462795203,-17.862383773962847,-7.052940994222022,-7.141040665681325,-5.973156420287453,-12.535719643763878,-8.297162041435186,-9.29577740892173
-16.231848052980595,-11.329057633739865,-14.217058181665804,-7.300058185514985,-5.690484076994417,-10.370848576377094,-8.955486377712852,-8.297286954450762,-3.695682694342421,-10.944739647448129,-10.060575989419181,-9.531607921963293,-7.973580496174009,-9.292004306487934,-5.7344075441915665,-8.192718465741802,-9.991214077551199,-10.395020087505783,-8.157032345375368,-8.90752023108381,-8.677639320304307,-8.49796872406782
-14.170532466769707,-12.916157721667824,-10.455677892473688,-10.717381308437671,-11.233655471470582,-8.084989431771174,-10.067525094341292,-5.591502707821565,-11.318430972624409,-11.030595889487296,-11.34992293081128,-12.519808907496206,-6.243127767002182,-3.624700740729321,-6.315046371163329,-15.03386419235322,-8.831525325526298,-4.491208878742904,-10.0388450067745,-5.531383674241624,-14.174203613434857,-11.010933245631584
-6.898063020101871,-6.993758557983386,-13.086524937349877,-6.360173045394546,-9.558963710852625,-8.477168816849836,-8.147124536136863,-7.95800616197891,-6.2963503450239955,-5.688433203292442,-8.69070130012485,-6.947207768330342,-9.078156273393935,-8.492994150267883,-8.054625425280154,-10.467223370065891,-5.38285087141347,-11.370771041872956,-9.523611337624105,-11.916507650788807,-10.803808269710743,-7.974788709645131
-10.472041824065936,-9.32122393800055,-12.017560043563066,-6.7791741140548725,-8.70474564588179,-10.085719350510065,-12.925260440816123,-9.895599076693099,-10.96966655913986,-7.149086933487264,-8.428224008848444,-5.116230782569911,-10.282484814556103,-8.159532887396669,-4.23339169871526,-8.636873948690015,-11.03734321978283,-12.64584722519383,-7.446577480227914,-5.331684613789683,-8.72830022706078,-11.556525469836558
-11.508086500798488,-6.633160686865732,-5.5344551938766875,-9.958010610064045,-5.4661857565012815,-8.287645872197034,-10.322975333907262,-9.570569883024959,-11.287684460777271,-5.726865298705674,-12.177476462202119,-12.895006326200868,-9.233512117546997,-9.707431905729162,-14.52520555405751,-8.766791286057764,-11.84141009093616,-10.192915842167432,-9.207724257409975,-6.807010339900753,-5.858680209768507,-7.894893180406303
-20.416442751233223,-8.679876971309843,-9.727844039603719,-14.855949391702447,-10.570960697701743,-7.124172639564053,-10.687666285823957,-9.249487959737591,-13.99307507751122,-9.6176586341047,-5.287948999703841,-8.59999910227493,-7.1867263826547365,-5.6267482351285,-8.695162572346891,-4.180778530573231,-10.072266120839418,-8.898229087802797,-9.847433989908742,-18.281057260039166,-7.604495034431927,-8.374297505513312
