script/wind250m.json
{"header": {"parameterCategory": 2, "parameterNumber": 2, "lo1": 3.000054539987559, "la1": 64.9999836372058, "dx": 0.5, "dy": 0.25, "nx": 34, "ny": 52, "refTime": "2026-01-03T06:00:00.000Z"}, "data":
[rows 0 to 24 of 52, columns 0 to 33 of 34]
-1.7638140183130464,-4.429527910842921,-2.3774436234367293,-4.801726982326236,-4.357156282438233,-11.451758146504718,-1.941292520794935,-1.5070832330975998,-1.9271755877778614,-3.1973753455527048,-3.550608380990717,-1.7781068775393227,-0.9683573030562386,-1.8601932691776712,-1.7445576516763996,-1.2990766638558886,1.1022067371070947,-2.263562448104192,-4.19096794138262,-3.465063521372366,-4.683904448833003,-2.757045079595887,-4.977308013085836,-9.01828528533032,-4.748143407846183,-2.74181031524002,-3.1187861064577764,-6.608026614449717,-4.742964150070355,-4.057361029418429,-6.15387893157941,-7.095839004416164,-8.100010944037848,-7.177428641335299
-0.7720974680495093,-6.4241958654578255,-5.44026935825294,-1.065228314966701,2.2992706985919202,2.2288406617381535,3.8419819364179957,-1.578810756000671,-3.280354932306124,-0.793304076295185,-1.285869132749654,-1.1637746365852448,-1.8917991502817932,-2.8513712869422227,-2.840150224276172,-2.816872953718508,-2.270425524009732,-3.9025083766419812,-5.906708490059192,-5.398906800185617,-3.8661327692240732,-5.5692221394499235,-6.005630866693465,-6.841300809873549,-3.40086685962989,-5.589722084484476,-2.26583101641633,-4.044144046376354,-8.015523465854542,-7.116906713739057,-4.746630326475263,-6.019952886947512,-7.450328895877231,-8.599489739600992
-2.524471279842824,-7.085018755673258,-7.597802264365949,-0.2847113768483835,4.130450552847304,0.6238345259391987,0.015171057751190395,-1.9646557346148565,-0.3450412108742552,-1.0380952058456188,-1.6633570159651183,-1.3002309727830395,-2.302522377088235,-3.2519974400282825,-2.9803435344254092,-2.831853707573858,-4.7988567133323565,-6.02263692870155,-4.7951732611122,-3.755534743184536,-7.9869258016394475,-4.132616747569563,-3.0647187336877635,-7.368052438755246,-7.304044371225754,-4.923778193080689,-4.755215243120739,-4.499645947536375,-7.302561617980321,-9.900922871448556,-8.135379061651975,-6.5083807841474535,-6.363021508655505,-9.420594998223462
-1.7781021387557443,-10.660317534001317,-7.974979907700304,0.4309690597626519,-0.1610309785033127,-0.20692789382339605,-0.4228745916376146,-1.5935776655434153,-1.1246857465953113,-1.8514429497774745,-1.9244093224289271,-2.280842837364972,-3.3569748241756603,-2.9301047109543052,-2.817013142001319,-4.897983987695242,-3.5179398875081094,-6.942894088044022,-7.405929858457648,-3.4191197498326615,-10.577560893101856,-5.779182349012237,-13.322476919818586,-4.506691781393396,-0.4997774235982413,-4.646040844074332,-5.582185704451816,-4.989099319887518,-9.26500262178769,-8.940285175033134,-10.064344229237648,-8.742378676223742,-9.877465549079455,-9.477857828422014
-3.7965201694611292,5.111428653256194,-1.4962965148186618,-1.6191004499818664,-1.590203183940644,-1.2767746664934185,-1.0371191277475067,-2.086833456181893,-2.2673523256921766,-2.599718006528472,-2.60603016281614,-3.085737896278745,-3.4368773299348954,-3.3907285825674167,-4.542998223572689,-4.243508526461185,-4.299049298245185,-4.1380002698044525,-6.797024036932064,-8.30980541563198,-10.984316190487316,-9.907196567827423,-1.1402773660720873,-10.442988289369778,-3.227573152483729,-4.787359643845241,-6.232460612171018,-5.058894799072103,-10.379728817574138,-6.944015013924045,-10.272366322428143,-12.170529816235618,-3.9995529513049672,-5.275055089407797
-3.7776480069880125,-3.39850693065158,-0.5484578597328637,-2.566869800861127,-2.057563181376069,-2.4247376384390056,-2.147806177627175,-2.5148976453063305,-3.229138157907946,-3.0036989554892646,-2.936367088472122,-2.2229763766670247,-3.265011934539477,-1.675062610667833,-4.096816202092145,-4.4763028582359325,-2.3579548046239003,-2.720018000217456,-6.2396247957606406,-4.456803220500049,-1.9897668880930743,-10.655270808838074,-5.625304143511731,-2.626576976211908,-3.656616391061747,-1.7695843551012858,-3.1259340857115125,-4.387762916151831,-5.009691727821774,-7.7414053435538515,-8.346554418761912,-5.363368034043022,-3.2126229821018404,-2.4481340235925866
-1.907178236710119,-2.556264284402211,-2.258141971863048,-3.2322551755244353,-3.343699610289471,-3.6542337596974077,-3.152707804931788,-3.571397351379707,-3.7509431151512085,-4.211924846000751,-3.7904017879186505,-3.303690433676517,-2.1393751216832784,-3.676810430273201,-3.177877642181226,-3.6118653744672,-3.1463683069672697,-4.387427883024521,-10.323722201251954,-4.345856761678948,-2.3748844277903127,-3.1412621284620355,-3.6364842825044463,-4.092640879255954,-5.61862393927726,-3.251376413798373,-1.938052459827223,-1.1784713623720176,-3.0614466522298294,-5.730981191966143,-3.7659344038947777,-4.831192667230734,-4.2534671795206185,-3.2080975427585154
-2.7765134272740593,-3.2336608438234102,-3.1124023590049137,-4.360787148993607,-4.175595123202868,-4.054020593304684,-3.969900264078382,-4.819488022729598,-5.851619266900639,-4.580738535653932,-3.70918142104164,-2.2783943352917295,-3.4071500626237126,-5.102313752389441,-2.6206388473063065,-3.774374838957372,-1.4259173537551757,-7.989985498884397,-5.773749440622537,-1.752319964171443,-6.013946657793027,-1.723006950413173,-0.9152549001554829,-2.5190255886336694,-1.569114217009819,-2.9735213795047346,-6.342965367495531,-3.208877156796181,-1.9176143594371955,-3.7562444932632446,-5.153842969360329,-2.4533935969799674,-4.555795468742686,-7.752846901344805
-2.495462301098311,-4.504619912334668,-4.568726398088951,-5.276753651801143,-4.812149246238181,-5.329819475079608,-5.894169929236485,-6.221735847244895,-5.816741090334146,-5.060034171921493,-3.829388600170421,-6.408115858988094,-5.7846315949548295,-4.835493353326541,-2.1831594327442403,-2.5668253363925135,-6.752265402046563,-2.877108364225659,-5.699339679105791,-12.291291817149919,-5.957414330770298,-3.399531472746883,-0.1721470904966467,-0.664627839345518,-2.8705759154344195,-3.600075504592824,-2.622786285217127,-1.893672546912412,-1.3115165022894197,-1.5963655255947171,-4.62996821071677,-4.278670466004324,-8.7000198394305,-11.638540325062355
-2.8537611031034054,-5.283421223366277,-5.782911489344377,-6.227083233043431,-6.131562892611197,-6.488201493466653,-7.4119999762431235,-6.946739040872595,-6.787313404491405,-5.598758672029194,-3.407459798820492,-5.617714988954445,-7.573336985538492,-3.758956484068077,-0.5256639160673514,-3.3550635002999774,-4.419900857243115,-8.268636677634342,-12.490656566399906,-9.761739092719182,-4.614363835841357,-1.9963004494550836,-4.196172760528654,-0.7844651492846205,-1.2396368656277406,-3.2048488050631794,-2.274616429264013,-3.9996161185846977,-3.497635967633111,-3.103635187305662,-2.501516776611008,-8.673120803810136,-12.828954643481518,-14.35205089357783
-4.735596696239672,-6.010752953742587,-6.766766821588004,-6.845216557499331,-7.1591567408081085,-8.241522202152279,-5.860513346852849,-4.341929300856218,-8.049580048775292,0.6903589499885521,-8.580618723850485,-3.9715051082980053,-1.5216125133069462,-5.547783120933952,-5.425257962423267,-6.186614002399198,-1.74651718612558,-0.7586865246151184,-15.841951560664116,-3.281839588461361,-3.732538614397817,-4.513535353159811,-6.274079064091525,-1.633352968844688,-3.2563771877117906,-2.184777240584755,-2.544182117917343,-4.344856938454905,-2.1893344713885834,-4.379844360759951,-6.523399223469871,-15.228578520012947,-14.365304286608714,-14.48819248084328
-6.28517958170782,-7.38166986302737,-6.851529517487517,-7.557404938957794,-8.805315480343506,-6.611467261133841,-6.464416794404466,-6.721446319445633,-0.5541219000038636,-10.960152222177845,-4.422856899066109,-9.276898444289294,-8.470924556901846,-7.652333899718841,-6.4472478002868865,-3.0659134468334557,-7.335884608163602,-13.265894849350111,-8.37156272624064,-5.308180561426267,-5.064391059998853,-9.640034003800226,-0.9959554779548119,-3.162507432572484,-1.7558609222911659,-2.89430273559133,-2.8048912787903038,-2.0560264876398877,-2.819326332127192,-3.5676045858043337,-15.32357596645134,-14.794878601427955,-14.586421761652389,-13.14126919888378
-7.476927205647327,-7.577963626445874,-7.235034828655707,-8.751266124140816,-8.72349192171987,-4.442732139420528,-3.5220287679539535,-8.269522779793684,-7.613549015445786,-10.768204497632512,-14.469674855775452,-11.878066549129551,-8.38078999204417,-12.02421988318234,-4.3211564857038915,-2.021307504788835,-5.1582505497944,-5.564296182927061,-5.515569872401119,-6.059881429315373,-4.63181852450627,-3.4889385664012083,-2.818658798951113,-2.6994052749234823,-2.4022854816708485,-2.7372423827514285,-3.1824232729097397,-4.476114494396785,-3.5077181878278947,-7.205736284957239,-14.793810000555693,-14.001997324308714,-13.706001981941416,-12.869378455135063
-6.881772472555331,-8.006251787001563,-8.150564573769675,-8.235962868183735,-6.460802822958452,-10.041653853251612,-8.55772964861551,-3.9865557338053526,-11.999954957266675,-13.096521558422195,-13.354540003746324,-13.163802607790403,-2.260550607685816,1.7981361364677018,-9.662051216509493,-3.1811443018499226,-4.5728871325695035,-7.619411409131458,-6.582082849554309,-2.8701975641850774,-1.454984024134952,-6.368606451212145,-3.45720948975689,-3.9704274075523007,-2.167785743514857,-3.391965615307029,-1.9689964217339664,-3.868360456576406,-3.2840842171633042,-14.045257341889883,-13.605771451871146,-13.204853995453243,-12.48149631562926,-12.65742592680866
-7.288093318146994,-8.201827402306753,-8.539992830276011,-6.171302799171139,-3.1705492102112647,-8.815721336819983,-6.698229005048042,-6.203324326261367,-13.952399845513456,-11.013196313615357,-12.234986590441977,-14.794721186939377,-7.496048101275701,-4.88152595858288,-3.3013462320242497,-8.23373302248428,-0.1043854169263323,-5.373307802443025,-3.3341286302750346,-3.474177183275228,-1.745375031878927,-2.7089663478903825,-4.6469579936965815,-4.23247992356204,-2.649025654949123,-3.819419643135971,-3.3028327858934623,-4.048923727016506,-0.5431719459477844,-13.529658223948669,-12.93473432515974,-12.409908678308915,-12.302072110110418,-12.679000624119872
-6.406998061315519,-8.497803848426326,-7.486893982713395,-6.6823128425781135,-3.8427316996161895,-6.568483163443016,-10.390040039593755,-0.8746453671846433,-2.7540371144240083,-6.51295666041757,-12.050112092368952,-9.950576366010818,-7.54659032870712,-5.826319029573239,-0.4443831195326578,-8.67958834544895,-2.730709538364497,-3.147123697710872,-3.0785274311166,-3.2881821105534637,-4.513627632518437,-2.96154414770413,-2.371282006144334,-3.146413088681463,-4.630527244080658,-4.133979620869513,-5.031179607708568,-1.9404887325698714,-10.606232265531869,-11.675626587182016,-12.23282437615613,-12.215760633285635,-12.492915029556046,-13.122268203153602
-6.38560186456623,-8.139479622414042,-6.737671028338152,-6.186748426607155,-3.689126191082866,-4.822389934479405,-11.373766633941806,-7.629761573280095,1.5322855898793828,-5.435673588752028,-7.827827056263814,-10.240624753527195,-1.879855462770809,-1.994234234369842,-2.0099190459814666,2.2024590590210416,-4.8948878623786305,-1.0924414821403872,-3.4398057498264545,-3.5951041246300353,-3.8025685500563275,-3.424565263631429,-3.372410790738032,-2.448239944451016,-5.356260732905622,-5.411837585412514,-4.835301980437985,-3.154342038630408,-8.741057562332887,-11.584493349767865,-11.971613345328974,-12.326675253271397,-12.960435058884169,-13.142278145529495
-5.635041282385055,-7.1072023788532395,-6.006192000978758,-4.807889643219243,-2.545434748507782,-8.389211960683584,-11.18860720325427,-4.36551358312408,-8.664925659002087,-12.69694167127426,-2.228613323690135,-7.184497323755526,-3.7063330727764794,-2.460740254445712,-1.974361253815796,-1.4400766354271186,-1.1850195685910996,-2.5237491118260387,-3.5430410729454795,-4.479291072030429,-4.550710491889357,-2.96975211242781,-3.966380459052827,-5.4702590040097245,-3.0133868838481894,-4.0603335808416965,-4.510497043189244,-3.0934654740461167,-9.162238542937287,-10.913572727965372,-12.034833833898771,-12.710144584826129,-13.451995310975136,-13.452872055973412
-5.573542762571206,-6.141000001404297,-6.236009952001591,-4.786556625143832,-3.1217455958064644,-6.459017913329375,-9.405952206268685,-4.065164570753715,-7.17100914581289,-10.56194327258904,-8.7971654068868,-3.755347630899464,-2.566360687800559,-3.2126444939552936,1.9349676501166866,-3.635151104577634,-1.543214169963138,-1.5769632768437838,-1.516338106782761,-3.3582576753956763,-3.392990071057863,-6.342759837181022,-5.131174901681294,-4.423895682806972,-3.9265654353409074,-2.793662285023829,-4.380337508436303,-8.306064272791533,-9.406757914668466,-9.724425708029479,-11.278797820906911,-13.349119856662773,-13.088918620317807,-13.679163100411987
-5.130269012503944,-5.713359954543032,-5.637398385690751,-5.721420447934268,-4.9908396235034385,-7.654223260144323,-5.113152015396545,-9.90921472082413,-7.7858090332020975,-10.2063438746137,-6.635400441248826,-3.7364279063698556,-0.73518636185063,-6.480668586735852,-2.69409086742859,-2.8869178189548466,-2.0792345119434854,-2.1542086077815923,-1.9134853679928177,-2.8340306032015317,-3.477578014180255,-5.112150959023731,-6.67734199418007,-4.21803162246881,-2.27391325805379,-2.800667831125549,-0.6461246576526728,-8.883022491657542,-8.644457182203375,-7.7507504087546195,-7.958530651710191,-11.442928416671515,-14.402908352988975,-11.360122593223434
-4.6621524460278625,-6.203026596866615,-5.828095967922924,-5.913508893886327,-4.442800603824005,-7.915090923275326,-10.847414178321296,1.810326721599317,-12.272211186301837,-8.764532439773513,-10.14225478223262,-6.464683548991553,-4.222325592767449,-1.5412012362657324,-2.970636032442964,-2.2801081955309077,-3.464895332514621,-2.394363469804856,-1.8099645789610974,-3.1644352087274563,-2.2458394244652413,-3.350955265898741,-4.7058290798088835,-4.352697650745563,-4.778035363123881,-1.94286168847708,-5.9086601996101,-7.529233476055044,-7.768898705188278,-6.4374147252980425,-8.27460767862724,-8.932407798317795,-14.008751220652103,-14.727208762641435
-4.253309386600976,-5.777832161590399,-5.583815903722521,-4.923754043242964,-4.486248576974613,-3.7873877748677334,-12.92207499069343,-12.064343622057942,-11.530104014287847,-1.004443768212951,-4.146018680850472,-3.598995872697301,1.3551782800500787,-1.0854487634478078,-1.6386673456924064,-1.422490930287062,-3.7412236693993317,-3.0052086456087497,-2.1548219473987986,-2.4403862923983213,-2.527770350734937,-2.6038746952353042,-4.127850362686888,-3.461932284567662,-3.051165008558082,-2.8769421320561936,-5.308151039242049,-7.020388769906264,-7.408262778333894,-7.453935710163423,-8.659873920169892,-9.67430124046059,-13.035373340553585,-18.089908168384348
-3.7845737108225572,-4.982676223340722,-4.65389546615165,-4.741549138255685,-3.467277129929498,-5.382004797922898,-9.616986402945134,-10.101047809407044,-8.735486086312616,-11.889286767131729,0.35858695300880145,-4.602316545167264,-0.07918847444725312,-3.602129915098635,-0.48612569523329985,-3.0829124425519026,-3.9026762046412773,-2.6933573486709883,-2.507731818617616,-1.2575643805750716,-1.3750982568481849,-1.414104154216283,-2.9343469200583625,-3.8323094570697207,-1.3398403975118283,-1.7998487317229586,-5.738546664790653,-6.0185933830695015,-7.0331119698674405,-8.119330780030218,-9.311573301267675,-9.48296908445207,-8.039496362739909,-6.424605380642368
-3.3058265513355587,-4.085334670478832,-3.850810033856568,-4.47189651964518,-4.828468207268301,-3.9057424541745163,-5.571230300575704,-6.237224798299072,-9.782104269054983,-1.8385947017310265,-0.421168654637417,1.7070537158291978,-0.14067505625674048,-0.6275770657398256,-2.2941169012330858,-3.466973667456359,-2.1661159474278366,-2.368354459049993,-1.5211455314084226,-1.7657265870898495,-0.5246559959395705,-0.4603098887154235,-1.09610676924185,-1.174653194132873,-1.7913994465965075,-0.5242243438549081,-4.337510341031559,-4.060315530056579,-6.520752485655026,-7.965063707792179,-6.609739312523104,-7.520684499855213,-5.977740069088182,-5.2782666579087465
-2.7568935467499927,-2.7723653907009607,-2.564591562192927,-4.501468559954008,-2.7008943855090006,-4.322809423598872,-3.062954054065523,-7.65192975287006,-9.301541051834365,-1.162949462556595,-1.2858794675981735,0.9600208535314328,-0.5127385664432427,0.7669309285780558,-1.0286800728609897,-3.155536130720564,-3.068440650265902,-2.746598335334992,-1.2635022088960206,-0.6914539870058951,-0.5663813257757802,-0.20766801580967786,0.06605770266461579,0.13444614395969567,0.10672571038283854,1.7035767021288044,-0.9183301284808454,-2.944794963716851,-5.027087124084741,-6.149387901242262,-7.433017744923223,-7.385425599348651,-5.26389112182794,-4.4933205225507855
