script/wind10m.json
{"header": {"parameterCategory": 2, "parameterNumber": 3, "lo1": 3.000054539987559, "la1": 64.9999836372058, "dx": 0.5, "dy": 0.25, "nx": 34, "ny": 52, "refTime": "2024-12-29T12:00:00.000Z"}, "data":
[rows 25 to 49 of 52, columns 0 to 33 of 34]
8.051400043140578,7.028967361195493,6.245590928733372,5.537662015146339,6.145885752563425,5.455712199472588,2.624996863970337,2.1342487910741337,1.4026721287010497,0.8222415314917693,1.585861425378339,2.4967288054386776,2.2928629161303915,7.177760158897522,8.354118431348653,8.917291094226771,8.274559710387845,3.18273548129469,2.8446688432436615,2.340135033136029,5.780644552326296,6.845130905689127,2.5207927256938647,2.31752097812351,2.416447641452756,2.10429763589589,1.920691343926838,1.5290605303150318,1.6663025185888793,2.4277159649522733,6.810017115696062,8.957771834390249,9.6165093553746,7.647442533471617
6.10287909823105,5.602372743127284,5.178545915537224,5.947485142374353,5.95883055538416,4.7186091690699845,2.0676202717619945,1.4831794289168094,1.7249712755769893,1.1486084556201754,1.807215772358203,1.8198455113970067,3.506182603424231,7.56123068501284,8.381358760649572,7.813687208262884,7.166023089536644,2.714683648478691,2.5452600570721993,5.938464488061068,4.06172410245558,3.3257656254917065,2.691265000875855,3.4775301692721934,3.569423865908145,2.22620528343804,1.6572476540646288,1.1340214605041454,1.4653071634404675,5.774414722646536,8.542407917860412,9.7688208601056,9.23320495075156,7.7223190929235725
6.6999550057387856,5.7212321917670055,4.4830243030269346,4.922116991004227,4.939187838316142,3.015313046219041,2.238011927376676,0.7326508820466321,0.6269437251191214,0.9952055168197681,0.9382824236762362,2.4252720317172924,6.282961313689228,6.895490202776902,7.403647680446481,6.985810943378571,6.513342643802481,4.0529453815983505,2.285090189188807,2.2272845548629574,4.065489047225338,3.113515487546274,2.5314152710308635,5.052563671026064,2.193411144793952,1.5790636493705357,0.9540125675965015,1.3823717867464984,1.7176533150262043,6.066667063959905,8.54230277863185,9.656956373728525,8.37647319818034,7.23849696791429
5.92268086937389,4.851952190292682,4.811228745077639,4.600411319186848,3.1227355115204167,2.5575844921727873,3.081779665807478,3.28321799202214,1.2544865714974314,0.569529866119418,2.7990368257613643,3.4082889174056437,4.496066222886332,5.334955522652687,4.954994854935073,5.183318776632038,6.5970829049044095,5.73498942553527,2.4751404182653607,2.3637309821805523,2.212610753394955,2.4054127603067337,1.4755805043585652,2.01328521345818,1.6302847517827643,0.8359935585863477,1.274638808521361,1.303298476699617,3.533332266791335,6.186085257815082,8.570756478589342,8.967429207108779,5.326827297290328,4.6945398420771145
4.380065750921155,5.112161039393468,5.567756552564747,5.53790180081813,4.553752014291952,3.4381476023193414,3.607201283723287,3.748247668547556,2.7014783381044474,2.257220139901471,2.925633373167918,4.539913431012884,5.239247090397885,4.829526267595492,5.046077853761413,5.2983536100011035,4.6405515731319955,5.9739390406520005,3.379851094512642,1.7147732175886223,2.0933498031824183,1.5301322816090432,1.1659301065349192,1.6684462581477162,1.5858650571288995,1.556105489080445,1.247979673733277,1.0446727869742005,3.6286033802033506,6.686610955721839,7.392288319692233,3.954741060914679,3.8107719423160953,5.023631317563909
4.788642238637704,4.6658937892496954,5.483876623555645,4.9301915640932945,4.274147039029127,4.197569284063682,4.7825603840570485,2.814381887263131,2.173264270964257,2.6914481522276255,3.493329996107084,3.5550062199514962,3.610309156548164,3.789933396971825,2.5661047168401843,3.217399336301072,4.73851107008015,5.3150095843961696,2.1529783816268577,1.6675174989934105,1.2241602761760662,0.8252800590930314,1.1151599133741148,1.2237970751043958,1.8465603042640262,1.2195075521290097,0.8089305500292464,1.056346017897365,6.242628558591479,6.581329617604989,6.612236178735816,2.735294833079347,3.6607697846128042,4.477506269159663
3.984030917480973,3.571807616421007,4.32592385001635,4.300186691939621,4.037715314237133,4.471017784033074,3.7889614033306374,2.925732663684662,2.826898986350744,2.8957448029539274,3.8228999389486473,4.16657640041386,3.9691068230290503,3.660975930637881,2.116304779539621,2.152399999234366,2.560340946121132,5.630125678538641,4.786856115404304,1.7604474649545736,1.3314751041831319,1.1020997623662783,1.0052130316807955,1.0061477414408704,1.1651567308934578,1.0421302405301092,1.125699457267128,2.3929702588436768,2.3754520500597724,7.663634550389992,6.271281637272255,2.3983339124953154,4.914993717466707,3.909397738035126
3.760558716829005,4.843556223205368,4.3080941120115055,3.887027117613594,3.994824964275726,3.2897238745822786,3.3119058017596,3.021551446798088,2.834585241928331,3.126283065999724,2.8705529804073793,1.490709056868371,3.5065221841475034,2.8607418856816667,1.8153389956139483,3.1286233977094287,4.318595527681611,3.801939189565363,4.157297537042651,2.270686471031292,1.559078641322706,1.200108435482017,1.9960711849169412,0.7249984683619589,0.7884208694931,0.9698335109539211,1.8726233718498555,3.008686920486729,5.581033026058316,7.084890526397277,6.572399517221868,4.452714437274724,4.778863435998853,4.90016296875831
3.5807027317594757,4.916619205719515,4.101122603973793,3.8072235729533985,4.120244621274094,3.7426085857241307,2.7681725769170233,2.6031089824649043,2.662534188660808,2.8580182485495986,3.2268576576202648,3.100423378874968,2.9499439808187673,2.227946742568742,1.9668660089165837,2.406737826279322,3.594656530469498,3.469783140795946,4.313976699048644,6.0044507801505445,2.2885155694167647,1.653947659503542,1.3101594296506633,0.6442939769746994,1.0206929398658777,1.2871923203684341,1.3535451346229002,4.73938501202467,6.055498330432236,6.446414443638746,5.648677938844197,5.718560349735076,4.481428097286519,3.037488399170254
4.759381323825099,4.837096113471161,4.207353804199364,4.31063450584254,4.730157075682883,4.189366769788739,3.5251716782807394,3.1171953396965826,2.584291595775489,2.3127776093047565,2.6134168021644184,1.9416788032932766,1.8222385413593405,2.174537262774949,2.095583559444823,2.144981472682979,2.806398464465337,5.273317225708648,6.719329616088425,6.37556112459211,3.0749191714848028,0.8292584569019006,1.095676870716951,1.130030155967938,1.55977117979391,1.5577355554170913,1.444820929426167,3.910986207972699,5.91455845061591,6.232831088085438,5.753740245207143,5.503091106425817,3.759541297154667,4.124105083638487
5.613903634933013,4.778005692572238,4.909432194247106,5.0667581135509945,5.477644514183735,4.8638790350531345,3.750076115568699,3.525904430509726,2.997411950041478,2.2930282496345074,2.744387929686631,1.6313680254256953,2.169422796156263,1.899057257452394,1.915460221387324,2.710471762222662,4.6865162156645805,6.065923965895346,5.92049656714476,4.124501940812419,1.505394556429171,0.8067216737588243,0.9424668410406679,1.3809354187297083,1.47667542945179,1.547459235055948,1.8013699654131716,3.750678129036802,5.567626285887411,4.8444850604631915,4.744845305771538,2.446375035298352,4.0792582196267935,3.728633599420349
5.429389273465633,5.095032758938005,5.547700292445205,6.55853560174619,6.052521082437717,4.525225441185544,3.9414661139993052,3.440056663784712,2.5531670132644075,2.598621056955914,3.3163791478129463,3.4209099879945466,2.105362494455447,1.4236711510098183,2.1083411288688616,4.369493333799989,5.31826866463586,6.09335071630095,2.3647754791009845,1.1907419036498625,2.6534503309127655,1.7068360821450936,1.4553418991647076,2.683156035255388,4.538497060845133,3.418738693040559,3.7785265193161988,3.9343897705242368,3.489551595476168,3.0175840435179784,1.5020259259685287,3.6850475023434126,2.9371014460089695,2.373276049047597
4.542500226960256,4.737120120854567,5.810753933809241,6.095363031119702,5.366716696218951,4.754015615638022,4.0292974131534525,3.053131695724149,2.6147918242099415,3.2498938284196854,4.0864800306290325,2.949770367806697,3.063108210190773,2.43229023906889,2.365760312675239,4.20886568132703,3.9003854187381113,2.6969379021154403,2.0933565954159667,2.0027963386192087,3.4932578451437495,1.9814521745484475,1.2934621840046772,3.0244206903882906,2.9372792652063375,3.818590285240221,3.0108698715672326,2.368066290340663,1.7896689115848012,2.8762024174096426,3.91882711740288,3.059919434641402,2.657187472234883,1.8558674874428847
4.379127720513651,5.096353960991672,5.212811554231325,5.094020975454176,4.784795517648813,4.3073795808342865,4.1806211406169895,4.0113853390328496,4.429284728959035,4.325221360377825,4.575685055337849,3.050025573094061,2.9938612423158095,2.2149438396108803,2.3330638189781916,2.533733060050545,4.724741156905069,3.482447255964288,2.9861125871087855,4.817146572433357,3.231089897948963,1.7567271805459501,1.474205949697713,3.278437198677594,4.43474129548451,3.138644742715491,1.4694931875440507,1.184299860504822,2.842994825785216,3.1026106059910816,2.7278855356202656,3.3422049828862916,2.5704905206257957,2.2891963587758912
4.296155312927053,4.277620572906904,4.543892820494304,4.87914943901102,4.6230134959999045,4.742968850326834,4.600361292074274,4.932186645934157,5.290831424321802,4.267113992663771,5.009277512586591,4.220064736703114,2.4874056624966467,2.7131106596981276,2.681301365782892,3.370220008767731,5.88850821171669,3.47382813816096,3.1890180392148064,4.567397253484254,4.295184654535666,3.29930882128028,3.1577328801577096,2.992638746108029,2.6711779739681902,2.345977512609637,2.1957277511540485,2.934671749971288,3.7408918924837518,3.3473429535474346,3.8317875819678275,2.936434344884285,2.7705468360619845,3.1831480896500595
4.107291077954207,4.066838846260737,5.198422979018054,4.3445696200099535,4.501043979837432,4.574960683135626,4.905196554605266,5.202799809566302,4.521926025578692,5.184099590855886,4.652055800576447,4.143505421064505,3.219184186376328,2.952932709427347,3.565116530335324,5.838447246577293,5.5124284470368945,4.434868388051237,3.047378198584161,3.0988393711473003,5.692501586406689,4.7449028063129015,3.7787703453889776,2.948604065928876,0.2067252744271714,0.8772003885118105,1.4037683824816887,2.8042230886631807,3.400765688083864,4.230066407970654,5.2650958174212406,3.1280962973310498,2.0948145572133137,2.190560697121294
3.6894271579887215,4.562811343796135,4.90713287275316,4.069328642572841,4.61075525753059,4.481711940914435,5.038276248554173,5.276993539940699,5.317598079939545,4.295335258559956,2.6174265863681923,4.2011757210228495,2.849964740124115,3.447047783127454,5.822633759381394,8.428478313076983,6.257875663034055,3.337536513012093,3.3025198508597886,5.36583859989559,4.6745643260538055,4.113982603930559,3.2951673905972263,1.737725783555183,1.5437108727880071,1.3546489138975457,1.6882850879373745,3.4177738973683693,4.6661410325317565,3.316463168810354,2.5465137567475122,1.032670768691911,1.2624356100685203,3.1108030790894006
4.42498751916635,4.772857001594512,4.2098525628371135,4.367930884063874,4.4755357473793325,4.314521380493869,4.292211305620451,3.5175229901133704,2.829509842708926,2.5581609149984703,4.538542682820404,6.687011613634125,4.584910677820409,3.581022448296428,6.347249979341306,6.348174938394884,4.802818566591602,5.29885053346088,5.770190000527792,4.511344452482942,4.074991605160566,2.0308831241181124,3.041939932506889,2.5908253674637325,2.3521046605678753,2.5011209180930924,3.5033051498855587,3.4581232994594915,1.980149597954825,2.583101957245631,1.0357572206199064,-0.1365506222696451,5.5679770694465445,6.7130407990379295
3.953773332621825,3.818776416421091,3.5112499624763958,3.732350571651068,3.5765670486980885,2.9841246587989914,2.847790910370197,2.1994845675519508,3.810868701648654,4.021021731645928,5.783082264236509,5.868370159215916,4.033634806054778,3.690154648571186,3.566628602937302,3.159304632477909,2.6279817392666702,6.706468103093987,5.748028671837151,2.4052236309273196,1.6588071849222041,3.4995116060360334,3.456844349038966,3.552055062808668,3.3890474446081766,4.19215943273954,3.665570449893836,2.019814143619445,0.7644492112385523,0.7391840380403284,1.0556046818133533,0.4962354744007928,3.955060268716251,3.4860129225780754
3.596572890286924,2.9650008423047938,3.248912045672195,3.2452945577411776,2.8551136335407747,2.3452267529843533,2.4503005639314166,4.233710880833313,5.513639223028444,6.6449463566069165,6.763543936855612,6.784557250478888,3.600037798802656,2.706457785193105,2.493408395144965,2.981414612006036,4.186207362454983,4.010273262693148,2.3268768540716898,2.1355892902091083,1.7888509756567434,2.1940003090906055,2.9150707881120805,3.9130177152038983,1.9611032512710855,3.5551600615109744,1.9924052961911447,1.1615023495994468,0.7592867487955424,0.5788336046273548,0.8664677431354161,1.4005438145827078,3.1448755931829555,3.7067829142110904
3.108197806355748,2.692676301637628,2.517628891408368,2.6641734219206237,3.196848682171661,3.5137736450336035,5.745399800252998,6.373101869493051,6.718633663599582,4.867604777552938,6.1267175821770055,6.04845660778831,2.8588661523262866,3.1156127837202146,2.0007215176818756,2.6323802803152976,2.5943882218469003,2.543971906147295,2.4866459346534935,1.6439300125008194,2.0483662263761024,1.5967308671203824,2.3350121105940507,4.211232375339263,1.52492689525605,1.3229321249053463,2.0573543223554,0.6987132641229963,0.2539478644300529,0.062450752824326286,1.0694295863962577,1.5769812056302306,2.4441709535394622,2.2212053887763896
3.0736863973877377,2.943561069562093,2.937175692094411,2.34841938861575,2.4478705413855932,5.173234093195541,5.453479168681516,6.25694509103249,6.276455042121265,2.8885388239357193,3.1824971553517476,2.8341287225814216,1.7570437246249153,2.136651152649991,1.4225487133951167,2.0676620696357046,1.910392888594946,2.1654528625895217,1.9824218383227017,1.1450933205168854,2.165778629650069,2.3895531300333555,1.901458003328466,1.7367904814633734,1.9005036217205393,1.7905030910475324,0.7906456105046025,-0.11469114306599693,0.5092509376165225,1.397373055083874,1.47378116470945,1.8285518818883708,2.388762959228157,2.1742210060791463
3.645845149903618,3.0078142888052093,1.7989970134168574,1.7342489674606099,3.42346549644314,5.02142786261937,3.7842110367819046,3.756706361292811,3.604439880359277,3.2621718565753812,2.2342731473868067,2.8493135723806478,2.6470855533555846,2.5772627229802847,1.7490100863989846,1.2208602648370366,0.8953837575747277,1.1464335550565583,1.8681871122375207,1.0948048354851099,1.8524303688169366,1.739423574737471,2.148482549531459,1.4148884226412466,2.298135486798089,0.9018982909453777,-0.07130876187936235,-0.1885454261449941,0.8372766247704104,1.7690176270885807,1.2715004519855515,2.6977166590179498,2.421476371686602,2.7208635337702876
3.527417644337187,1.0395119337949212,1.3033973834889698,0.922230980352415,4.593449653845995,4.041828808650599,3.55978721100141,2.815099852354488,3.2584487644906552,3.3535382750454956,3.1142014416451866,2.514000512720879,1.9729334601728081,2.4558679975867634,1.4210846945854831,1.6080564259183958,1.3363235136076446,1.003867147089875,1.4631574864252452,1.1469283786115525,1.7983904062428389,1.0084536988488775,1.6479630026597634,0.3308358274724592,0.41202646043202074,-0.4796362951085984,-0.23721898714618975,0.34032735568759964,1.3247299362763036,2.1498099489963525,1.5224144743902708,1.6726556146889298,2.996013504025988,2.169577198118706
3.040222495547909,0.36364680534039023,-0.8102571915434233,-0.17447244296015957,2.5989824979985503,7.338787857593187,3.195610496145107,3.1731255944335794,3.257781122304572,3.0975056697691636,2.7764148954256163,2.356209711123813,2.8575866290425727,0.9984363484671437,1.4883906341744677,1.8128224296551456,1.1056120205649205,1.5214806820046494,2.150850315419192,1.9249245669895116,1.7396558412761431,0.6485299924227034,-0.007262464554882681,0.4167380729565959,0.07071106029931146,0.8091584506323378,0.5207480438008802,0.8646949443239516,2.226704938833104,2.837086839394996,2.3712864288528706,2.8969003681083936,1.5683518042957494,2.505933308976506
