script/wind50m.json
{"header": {"parameterCategory": 2, "parameterNumber": 3, "lo1": 6.000198445256149, "la1": 58.999992894266676, "dx": 0.5, "dy": 0.25, "nx": 22, "ny": 24, "refTime": "2024-01-19T00:00:00.000Z"}, "data":
[rows 0 to 23 of 24, columns 0 to 21 of 22]
1.0359377116723645,1.9924672148957665,3.469363383612719,3.0197917185327317,5.745763913861835,4.28583996169407,5.388152322470894,-0.7704483686821446,-0.6000923652564578,3.4627926491800385,2.0399860990829586,1.4945903439376276,1.272168787249266,4.158947511223532,2.0866133763752606,0.8760170431455258,4.9623261347303,-4.4455152778834535,-6.389708385209808,-4.521439800114968,1.7681564858036904,1.1535835797296161
0.8259523670919873,4.229773484510355,2.7456212731456238,4.0091868109312,4.216910642740052,0.34227852348671867,3.162566997798137,0.2959526686094007,3.517352055078561,1.9221707035425577,-4.21383382867257,3.168234803883948,2.5828616810927016,1.1993154147908098,0.6162779704874932,3.8546188940384827,-0.7773622373809527,-4.691038476982591,3.2141809849553122,2.483879316773664,2.3865908136737084,-2.531491318843087
0.8909556350233925,4.964291121600645,2.8040602597033697,2.6590855123784647,2.387929421696925,0.05983920648809325,-3.971169358637632,-0.4303399335912279,1.8178331959598446,-4.900383990769172,3.425572531548964,2.3212492785663006,-3.3544209920166166,3.435215602781413,2.3054506768549072,0.6640846451447533,-1.4849478383532686,3.182554479319453,1.8877408381476923,-3.507488462523819,-2.3910820176987584,1.5458362713573786
1.6675065590007072,3.2040418485762943,3.1426720245660476,2.6555458266524865,1.40792130506041,4.563580789813176,4.525198433645241,1.0960715268816592,3.2627272712473308,1.5435608544895696,0.15190963186598558,-2.4145017002754,2.244075519990347,0.35980743960264944,-5.720703225002304,0.5447145282669075,-1.814846232762829,2.7246121900757396,-3.981906154899048,-4.493254231161329,-5.805193508310013,0.3854047241460148
1.969269766205279,2.1137321623561514,3.4231581643551303,3.6544735163367763,5.630465644842342,5.925775172990668,5.512070636323253,-5.000557878467426,0.15949366063872425,-1.9410456163537806,-2.46610339869032,3.35208544006284,2.319428008945666,3.3404179267186325,0.30071391217039,0.4227311436117152,-4.6110816425836845,-0.059795609469570646,-4.753140660245593,1.5841314003298503,0.8190547743730621,-3.2326662752818702
0.22166110631599958,2.963081819711667,3.597990542048506,3.4838567023462996,3.6043644372494152,4.82287597800192,-3.843590594307287,-0.7343350894366673,2.80607404536525,1.8011740444389452,2.1406204730653484,2.208023620256571,0.8025187459993184,-2.4551219412114955,4.188879565132884,0.43921799997747785,1.5396266782443995,2.167084444109994,0.006359126926026403,3.074652145581963,-0.3360240295900399,1.6377247740582876
1.85037635377052,4.777825343748511,3.3818762373392257,4.256390261392649,5.666712916053112,-0.4394511097933278,5.1758964636663185,0.1028375522415984,0.8846069440004021,-4.819376518217506,2.3072686257707082,-5.572818758389056,-4.09896100923944,-0.7850607799804928,2.157259650605383,0.5336411429341477,2.133716535311461,-8.068549782094307,3.907403553897471,-3.9216034817766476,1.9426382468560122,3.136066598174423
0.45720604464711606,3.216275675690322,3.03107062659056,3.0077263131891834,3.4397617745345097,5.225584561725277,5.498256876791002,-4.820453519462951,2.0632059733970314,2.9711409857298365,3.6544540140255006,0.11356633106519644,-3.227067269139291,3.4557960389722844,2.9807557364381907,1.3968454782577637,0.8680699483185732,-2.3642633864589513,-5.405208840375887,1.99272015885748,-0.9145468615405141,-2.297063519209823
0.711546272469616,2.964972433715646,3.3934469741577047,3.8341627340536037,5.054666251846661,5.848304625419998,-3.3923584505412605,3.412916376523568,0.4081584452546114,1.066518937092689,0.46612240704123437,2.194450553574344,2.765135818747695,1.7575864618036974,4.343842103159202,0.5497590457158801,2.376988838148497,-4.693284449432534,-3.6730729169682523,1.8112135657523614,-8.423687200250201,4.129821754372303
0.8885653829950609,2.9258960063336965,3.2491454838610094,4.957927556149647,2.471892208646749,0.27439171269876583,5.641708375627297,0.2846014305428965,1.79841299492674,0.3251666088140452,-3.582233703230231,0.8846879623046129,2.2402897690348547,3.401933353112481,0.806756849583101,0.5106356893631644,1.1348444763439893,2.014200830449813,-6.156778911939624,-3.9195794028906876,1.8699988616687906,-2.238136451920749
1.0827749886481735,2.639118500796742,3.394332145174259,4.171243338059366,4.147436568061255,-0.7100823102100658,3.3893346092037313,0.32093023959124856,0.7783172061315818,1.5943049116640329,3.5268379232523053,-2.439993050842793,1.5079933887479786,0.34291522291725474,0.8738838275478555,0.5987673552991527,-0.21537418994506663,1.2812788120121632,2.2814994539007656,-6.81026513039835,-2.05854328812127,-2.0146009963342744
0.3458609949964027,2.9931352526332535,2.980597565451314,3.219744075264497,4.220834129373448,5.56354251648649,-6.30163884112586,3.6213079266670083,1.7681667242827697,2.963993087674015,0.2074160946180513,2.2458333378709847,-5.148739276026459,3.221156061797644,0.7411826224684068,0.8425588692626325,2.2736032750621678,-0.23401140653021488,-3.645712731346244,2.321047266242497,0.1424030118122609,-0.8347986760889768
0.9786739549796081,2.773705812227118,3.446183324718921,2.5170204257857023,4.943780055352706,5.481414656830649,4.872228718159329,-1.1408548657710889,1.0693395516140338,0.05964271313903526,-3.51061026027767,0.8510367181487124,1.0780407013703304,-3.6481551462766793,0.6841156831967572,4.053658238321275,0.7496692524605942,-9.236383429346972,-3.8643236584565224,-3.2809620508851025,-2.4346892019170485,-1.6040461753968849
1.9298967969908618,3.2821728153199183,4.151279805734685,3.575526659926317,2.4225137415838045,-2.6135649567325805,-2.8898784075945754,4.071926253379255,1.1000717784959382,-1.7233294922567983,3.52940915628895,-2.2482549489257346,0.8068326423031099,-2.706560002125208,0.8065443403870703,0.35038190504661,0.999745438409714,-4.257447691382729,-7.014123041641611,-4.578600550111574,3.023374408487975,-2.114519693545803
1.1929678542734417,3.201988284175349,4.293683056030593,3.7853687437894514,1.6432291930637446,1.392149795587678,-2.8921119958736883,-5.090607290135741,1.0703028744752654,1.827196068658197,0.33915418485251764,1.060859204883278,1.6869426571018198,4.2787902209071,0.5586809022100951,0.4905673715478933,0.5972678990571308,0.6376003090537561,3.6633151022359063,2.966089793642743,2.125954496334524,-0.9152041952912192
0.7462227749975068,4.069518212837441,3.7216302376792205,4.211760669629711,4.223783029006623,5.045872224270838,4.1713115170124,2.776530266856847,0.8676691975866196,-4.317313099667782,3.636558005734062,2.894666370150856,-7.193171236649224,3.0902894536416716,1.0330074037789165,0.8115255784687047,-4.380147089540924,3.2688121868220925,0.03793115836155821,-3.221315110032248,-0.894934560362157,0.6869280702430345
1.1494883485793872,2.6479394985855125,4.039099738459014,4.07267223005216,5.135889646521455,4.636961439997673,-5.634620259330441,-0.2457639407724953,2.2897033854993856,3.2363550803166268,2.433567263586118,0.9642696428369912,0.12194403146477861,3.1291479120241323,2.390821376582139,4.812907133870477,1.3405731043436178,3.1496156341143107,-6.076261379160322,-5.846032250211614,1.0351191572208391,-1.8151603101967393
2.064772243883365,3.1474231769283985,4.419764929796397,5.241145006388581,4.113224741468966,-1.079670046738469,-5.5641824284058075,0.6667624484845261,0.7085044870430128,-0.058547791310283835,-6.200165273820379,-2.2327962122798173,0.6441462899442343,3.6683141906853183,2.0422479377911174,2.458725908857636,-5.2621648014782565,-2.5969676700797018,-6.547243767654113,2.183924076115953,-3.140670553788722,1.3960091179197016
0.623682721482974,2.7853539374484524,3.64374976196474,4.3450780680816,5.011357503973173,5.561358656580839,4.297596074999265,0.5282062044794799,3.56039487353756,-2.331442826080604,2.5485406189500086,2.57263319919701,1.1617353875691283,0.749843001621235,-4.132219779530568,1.417118305699189,2.643068179590681,-2.2208378246512535,3.7621525797911306,-3.47084347628747,-0.9487326991337302,1.857094382568725
0.8569543185853115,2.9353890496410977,3.420379276418574,2.833883946637543,2.9587839790604913,5.494938399005335,2.372280565640844,-4.712114017791151,1.752919115092008,1.986383179726679,3.615451425138657,1.3678343611298491,1.3630785793264317,4.44543020711257,-2.0338305406086636,1.7640606533337595,0.9633923362888986,-1.2306935891218735,1.3891142971981114,-4.443752134498464,2.869774897724634,-0.9152072624376354
2.7020119494035604,2.755856902118081,4.301822014264722,2.5078381347210748,4.748193814395183,6.387838588912867,-6.555624184780794,1.8900158599738202,-1.2607952269967835,-5.757618656770665,-5.576370981456746,-6.989350351837924,-5.529666328931108,-2.407237748343936,3.59963626132591,2.8983347758331153,-1.4615000277599262,1.679184115932169,-2.4055862944565236,2.6083931915919387,-0.6643963697583001,-0.08482349214944807
0.9191670424781683,2.99182842570472,3.8789754308612623,3.250385698457058,4.8214266782735615,3.1897961464913407,4.099813924809451,-0.48440375468557617,1.7768731402882398,2.2396109242701114,1.5722156300252357,-1.2667765060505662,0.8715028315724123,-2.7265564783805254,4.227463589499505,0.17932274091756487,2.047894677890487,2.2905404491832555,-6.148049584221604,-1.1311510063933765,-7.6522146067407375,0.09097547283161445
2.02159216877613,3.091545452510165,3.2766991736614517,4.020495754805077,4.2064484953191865,5.9508879331350935,-6.830011913678359,1.1710335244253085,0.7365428293023693,-5.7274856870257,3.2864540070626345,2.0685542819642224,1.2363255982587273,-1.0922628083469021,4.282676471284747,-1.9773796548542366,-0.6706207047665006,1.6492496499188523,3.721277127673572,-4.110503443386189,-0.2563503675430154,1.1741140604857478
1.2267528047292522,3.2776625963290984,3.292392168902096,4.020081705068423,2.149321814512477,4.272612137917515,-0.47689950252306934,-0.16929905517819685,1.022531825683803,3.088913047359635,2.567985189170649,2.4375804125638387,1.0732947865805105,3.3064307886015767,3.9239343973986776,-6.373961260484906,1.2819066709001616,-4.105234764636856,1.2782292706295877,2.886340082194989,-4.253384353938092,-0.9861802484904181
