script/wind10m.json
{"header": {"parameterCategory": 2, "parameterNumber": 3, "lo1": 3.000054539987559, "la1": 64.9999836372058, "dx": 0.5, "dy": 0.25, "nx": 34, "ny": 52, "refTime": "2025-08-17T18:00:00.000Z"}, "data":
[rows 0 to 23 of 52, columns 0 to 33 of 34]
2.3660609917454405,2.6966759867336143,3.1118365612506067,2.3796724112575354,1.9970209778386812,1.841447308974083,1.9241717621927217,2.2669788998593314,1.7328429856433358,1.792562301777567,1.7657645387352383,1.7524546079142789,1.6181212003580154,2.5096237483848416,3.6186779656107655,3.799808220555901,2.5054720972689926,2.9071150497633083,0.6858283381607354,1.6773780306144448,-1.3505695843924932,-1.0863498448650928,-1.67740923878173,-1.031662348097119,-1.860239311297823,-0.7086283344850813,-1.6132785841988042,-1.0155902675914017,-1.6235807254654622,-1.2959801519157395,-1.48774473530559,-1.0937516102330782,-1.6369112196440694,-1.368857490505817
2.5057402039436796,2.599532596928803,2.717483783468777,2.077423581734846,1.9104938770695263,1.5325925931233533,1.5524453367210618,2.1413652267931127,1.3810124212426236,1.2849478732225856,1.3456937016182078,1.4138959609103943,1.3796569519549968,2.512668908104786,3.761754111448353,4.19760006710752,3.2162614157718385,1.4247672941605438,0.7354594821011265,-0.3320453709369891,0.6290818630417156,-0.4626316646418415,-0.4044516811601246,-3.1837053903204393,-0.6886360777144157,-0.36550831939340683,-1.0698592639494056,-2.255870824606048,-1.2131151016727932,-1.466152197257362,-1.1424071533059166,-1.411871527392451,-1.5618232414928288,-1.5751299504722125
2.1478354676267473,2.4724511280192867,2.490160508540683,1.7488091151081147,1.5746085910294254,1.1903342068115854,1.0080262715209647,1.546474026019386,1.2179265547727594,1.421423431462699,1.2112336854926706,1.1514236243885083,2.16038044628793,2.570744641542544,4.317190793834372,4.6976571774596785,1.2527540056670974,0.7428131759030779,0.9523532226476619,-0.16476105859800058,0.16444368909544413,-0.5660840503911244,-0.7164301810941367,-2.8551933477353293,-1.955925947828751,-1.4015031163426848,-0.9850273633216498,-1.2738845806261574,-1.7618816481022834,-1.350191264309048,-1.5044579547462622,-1.7707069640351596,-1.9140979096218724,-1.214588686219996
1.5890015073008403,2.613011239198612,1.731766296987261,1.427222028975385,1.1385316050966598,0.7757413921562766,1.024644488216619,1.141661731498928,1.0318076983599926,1.250080701040809,1.390296046226286,1.4725273144067843,2.5426463014512355,2.586396393115882,4.509169830531755,2.1668106681651045,-0.052034574044570354,0.4176009264217693,-0.7983653653604571,1.1438197550968563,-0.6160801044996345,-1.7477592650857816,-3.588144915881208,-0.7496782129794561,-1.989834632504003,-1.5751578130845247,-1.258846093247948,-1.26890452761046,-0.8306464893488095,-0.9330183992810087,-1.5101465055758685,-1.9277805903423693,-1.7314000954492812,-1.2563044569325224
1.7030914793459138,1.606966668777768,1.5257005330333435,1.2412761950930533,0.939324027115175,0.9345767995062647,0.5758023106155234,0.7123727511781612,0.9389328782008495,0.9649521622740058,1.3900709820226578,1.4413750606461495,1.8424659645484014,2.8816677744222687,2.081272231509698,1.0307944068449222,-1.1008317202731928,1.1944631820844116,0.6859658595610233,-1.2354078539093094,-2.8468521358862655,-3.920970768419396,-1.9563577895771902,-2.1659189516896915,-1.900820713092342,-1.883729095289523,-1.2837043964438575,-1.2350077972419913,-1.4837553083736026,-1.1725408472701586,-1.7599123481348482,-1.6825200201773114,-1.1692192602948204,-1.0860238560489768
1.1918670678126488,1.202524010153947,1.0876630173731137,0.683110576360634,0.6029994939179958,0.5391475063181987,0.781576638584884,0.42515996474074413,0.5091281862969761,1.2082950779226147,0.05597474956582471,1.7537470224462695,1.6046501528383985,2.521949904195392,0.8948606954190585,0.40591582705551854,2.056396204708777,1.8357015738762739,-0.7423738194086079,-1.6908917491555555,-0.9784303180968956,-2.1785123725348496,-1.9455144835834752,-1.9731763596272849,-0.8734396387994824,-1.4754017135126216,-1.6632838279059172,-1.2266039077939934,-0.8978030714521927,-1.4493484608351412,-1.7526857948459995,-1.312046816247657,-1.2640823134084098,-0.7823241509332493
0.7677313317292594,0.6865181478529598,0.8379843344150512,0.6027990830616916,0.59580581431002,0.9790646521859473,0.6427798696402495,0.5830083125876196,1.1222956508042363,0.041569582424472916,2.049260302674288,1.6837338752694606,1.281239662891531,0.5920370450047568,0.6039483523681423,1.1747441623681683,0.6416773070714907,0.8583966436124983,-1.4788802445226314,-1.7194393458784585,-1.3841018286446,-1.5933454421987667,-1.9842302233124691,-0.5032404913960743,-2.436362942226222,-1.5818563770469314,-2.2289851777654603,-2.2424953799370346,-1.7310406398314255,-1.6305934660710633,-1.2034703588961115,-1.1339091401723438,-1.405443133161079,-1.8123748801933188
0.045545699414845806,0.6862619176666199,0.30084709336388715,0.3407977141729426,0.2804484253347994,0.3320350888823237,0.6469891905808727,0.734134463474377,-0.24933985269521436,0.7269281134368527,1.7521904007266695,-1.1791325095841123,1.2504034988146577,-0.3513750165782135,0.3961554027146616,1.245127481539624,0.49789483763201103,-0.6485588954838598,-1.4915550113690885,-1.2091851310474104,-2.5690064523346923,-1.3530085459441377,-1.4613018201556454,-2.67264051064587,-1.6149094465982712,-2.019876059201636,-1.7100363912729868,-2.2726863226922926,-1.5142506210004287,-1.6974861605455984,-1.5475104325869642,-1.6696962822383623,-1.5235446834681121,-3.7537562847800596
-0.3836095436361554,-0.2939777806654042,-0.3364064491632633,-0.37711073926916994,-0.2956150218470455,-0.16820497947131463,0.2225629811981044,0.08545083030351219,-0.5785135738283539,0.04342148734926087,-0.7988733871939233,0.07465553172183059,1.1840761691693653,-0.7162613625275668,0.9356448044291559,-0.2477461499261339,-1.3068411936378381,-2.1002810084928623,-2.004367499169173,-4.429153195751356,-6.786496454341766,-5.07646374560222,-2.4842525544817557,-2.2616281459721206,-2.10878024002044,-2.453494310890826,-2.2861667322947525,-1.5850335578818278,-2.14755164462162,-1.6611964345122723,-1.622282436262602,-2.778782286692617,-2.444570542436814,-4.595294335190644
-0.6632999282674868,-0.8978324036268779,-1.0979075455830758,-0.8977429010149377,-1.0678161485155544,-0.49923805663977483,-0.18352213483545018,-1.8316821546735784,-1.2687421768894043,1.3672253300746824,0.33259455085612083,0.3954758830001569,0.23393140636570176,1.0634626175103443,-0.1460283095311857,-0.6508202458841147,-1.1399590292460202,-3.3588825418894275,-3.1008261047616634,-3.186599344790194,-3.522555892162443,-2.3363789788409624,-1.9762324240847942,-3.0149304645047947,-2.740920313719638,-2.437284240092284,-2.551062735117576,-2.284525288620747,-2.2569115558195865,-1.9545218053606896,-2.974185632446969,-4.241903652710528,-3.008055366733993,-5.470740141915157
-0.756235526044662,-1.3252523965846577,-1.5904266907287472,-1.6182489648382363,-1.084260893140894,-1.0282755724851682,-1.920874981123238,1.6958266476668182,0.9650163261821859,-0.8217814191458017,-0.036143494330027004,-0.9112711641674316,-0.14244440597670088,-1.307994398551896,-4.307865088259594,-4.57366060119928,-2.2886129678542626,-1.615620285359818,-4.069904864704205,-1.6183801810681797,-2.5887060155114816,-1.8170641434577177,-4.441603587469633,-2.9127968393803947,-2.7704439299243444,-1.7123533156795927,-0.9009812431259422,-2.3184351666733956,-1.9141590319459953,-2.4928147133669984,-4.411809029716415,-3.024790235495747,-3.356645936345342,-4.166524260901143
-0.9516093892097699,-1.7089685730851698,-1.7218892602803475,-2.104152050924676,-1.8381346152839193,-1.9785736127280027,-1.5500068599541874,-1.013975317004245,-0.39845041720001256,0.06469352646427744,-0.9007079787836674,-0.7412666529726127,-3.237024854587144,-1.5628391967730448,-5.023205397919363,-1.7238760024390742,-2.977435537412552,-6.929671967349626,-4.416826460596762,-4.101093636454337,-2.5815290823150994,-2.4512572541664692,-2.9502704054982405,-3.205222480011783,-2.8534844908305543,-2.3993106502026564,-2.500098427890001,-2.5673017766829767,-2.4921599908712815,-2.8084295026845485,-5.218529827827373,-3.2815573643167815,-2.723222965808188,-4.1120746049369785
-1.6600375452728873,-2.2708404308918984,-2.816635331106298,-3.125302325852001,-2.341917867605806,-1.3700488808018474,-1.9708844100679115,-2.738843174520767,-0.815355792361333,-1.3225599017926037,-2.656928306235746,-3.906548524124662,-3.854956159713588,-2.828493632708475,-2.9597047465163127,-2.3317234458470186,-4.2557091564709095,-2.8760077059384384,-3.2997086296529172,-2.8881098240697556,-3.5608041911345056,-3.079657697233979,-3.1879420289555958,-3.123907592533812,-3.1732065864333157,-2.540893481343659,-2.509517708024304,-2.0083236260476505,-2.1120832356039014,-4.279371077418781,-5.633127961752391,-4.04404087062572,-3.2332673513548307,-4.452802359296346
-2.8212153519458734,-2.8200833483879757,-3.722242167566004,-5.08009012342259,-2.22382314972521,-2.014822100102191,-1.0685326144369272,0.5016036718316518,0.5889027810084427,-1.8138924821467728,0.7500657384169499,-2.192073052242343,-2.229437537072394,-0.23262932959503987,-5.82121658878756,-2.2594311067498474,-4.487854009294557,-2.2903114686934125,-6.111771015631172,-3.067586058572083,-2.816108265849955,-4.556018060589638,-3.5319144107250766,-3.0158474400014987,-2.7213648413302356,-3.158002091042063,-2.548500445626803,-1.9310819609832763,-2.013925967837626,-3.3564252999457374,-6.3493355279333334,-4.427966264183079,-3.8147519769797427,-4.793179887735101
-1.8475718087453044,-3.542762417023408,-4.689219798594874,-6.17887772730604,-4.177610618803406,0.7279040030870143,1.3306577968895066,0.27178133500171525,-2.089824186838744,1.7194830775917804,1.14074719313041,-2.6271476955700748,-2.1924500077910767,-0.9681505174772258,-1.7789814845157659,-3.5839922556608266,-3.3184471064766323,-3.275357217070341,-3.224847394694653,-2.9945028384779033,-3.501052760882715,-2.8756592214119716,-2.8785673739150184,-3.059065192803882,-2.040608145346398,-2.838750953093817,-1.9892549269732611,-1.4786771285819185,-1.6225700455924303,-0.8514785985400148,-3.736622667266117,-4.449095789369834,-4.599062292416853,-4.911406036475626
-2.564762345274495,-4.582522052978493,-5.554735071210234,-6.03631016266722,-2.4176850824848484,0.3635998653208045,-1.4089752962078292,1.123245662927462,0.4496643993400165,-0.10442464049029218,-1.4384156427536334,-2.3433350622094533,-2.73195603551957,-0.7817713763501204,-0.6371317786792947,-3.0623227326919547,-5.407227579260686,-1.8206939885944724,-2.818273011637902,-2.8185394330922056,-3.9314888523680236,-4.003185369577597,-0.9616782133773683,-2.2296337839217513,-1.3424480590848968,-2.806226338362108,-2.4246268791155923,-2.109853545368953,-1.2876863966107894,-0.2639360019636306,-3.3133848988921963,-4.414565316042679,-4.777229726794455,-4.874874068567722
-4.1493839947053885,-5.391829187152848,-6.378598701929073,-6.9134364119147005,-3.458700405060185,-0.6170380739649901,-3.815054062992574,-0.9217564286585379,-1.0475919451271511,-0.7102773979276996,-1.55055824698208,-0.19134164437826295,-1.0292051173113186,-0.33802123245820126,-0.8575936919547285,-1.0549692947800473,-2.7786051780507868,-2.1894494136039153,-3.6331937050984453,-3.016028327903711,-3.0935431855723996,-3.472898623911578,-1.4548092547584508,-2.3482760948379906,-1.497225807866032,-2.322114875260366,-2.506371191351756,-1.5230979195768333,-1.4920167544182166,-0.2568911224935996,-2.977037206995046,-4.401303773121473,-5.118059848823402,-5.557830775051624
-4.511666710376538,-5.853568706387867,-6.859016959646771,-7.650598891230479,-3.4385139870977084,-1.2136648715023222,-2.0634147307773034,1.0323592128506731,0.3652061866718593,-2.727595641153295,-2.6970018318465008,-0.17151780659758267,-0.8441315533720342,0.14362294577930967,-0.4638728099366119,-0.7730834180550079,-3.156938930775793,-1.1172120166623936,-3.4506812752838756,-2.588050701921307,-1.6608006440786391,-1.1780527883297112,-0.9411051917677774,-2.099759224147792,-1.6895884936702763,-1.7658651963134682,-1.3037824912357645,-1.2578118522528832,0.1483682354203838,0.3693416515880328,-3.2192109475360873,-3.8714609983238453,-6.496296770292873,-5.972219607417661
-4.617375960352792,-6.43965230536792,-7.372543001933152,-8.226009670745555,-5.0072260116458684,-0.9952250653281208,-2.7210549527611443,-0.5033983752804491,-0.9119384860887051,-7.310899780258886,0.2287477433509574,-0.1361119532743038,-0.9535471137121658,-0.7862733973905237,0.4414026398732075,-2.0067644108795353,-2.042178304635816,-1.4136536306670329,-4.377860140317237,-2.227709018860597,-1.3160778764110717,-1.6692124069325012,-0.5771897723975145,-1.1818403769163917,-1.11248350226205,-2.2515403760282946,-1.5618959939815331,-1.539145951071511,-0.1878396541571586,-0.28706688330771846,-1.602360138953444,-4.048201567300745,-6.950286845280155,-7.559106133301538
-5.377980242432527,-6.9637270938374005,-7.559453478748176,-8.46482357411783,-3.800709046764549,-1.438937093307488,-0.34932988680391924,-0.47414369439199694,-1.9530450020045909,-3.3117454845654044,-1.4077254652226467,1.1409454986751142,0.3394976584615724,0.8227384687895197,-0.5358870244332437,-1.0206805995939785,-2.260101912052237,-1.7195723259105806,-3.430786251642004,-1.4337719479510007,-0.5563492276733379,-1.0644408474471523,-1.2262053658019358,-0.8488809388082268,-1.2005367246931398,-0.7674636751128947,-1.8097789282175494,-1.2514432854181656,-0.8390788791484463,-0.6912283260284744,-1.380031377815556,-1.2537624858905612,-7.394554726379939,-4.521557531120751
-6.0298626306266785,-7.380867166234368,-7.889043137798276,-9.186642974669514,-9.023263598790214,-2.1550777057365598,-0.1599080621280122,-0.8546924920435476,-3.7993893048398615,-2.137624369020236,-2.38199189611527,-0.403562214058984,0.022499474172624226,1.1297447957593718,-0.1103517817787279,-1.5221561537149868,-2.9434158413589513,-0.7701023989899717,-2.34415207528267,-1.3639775108801775,-0.8236316190626074,-1.256243838336496,-1.0327788117418903,-0.6854738432780731,-1.3399956985450692,-1.3393348110419414,-1.349315999641763,-0.415380594648911,-0.7677122449640015,-1.4634249786366216,-1.9767373290652237,-1.725369234590468,-7.825760924097724,-9.389536659359859
-6.364392808618552,-7.45454024277509,-8.349482950487115,-9.14876948461075,-9.485770026278576,-0.486436426836189,0.3220750539872822,-0.4054790716075277,-2.824303958065933,-0.3897983761395595,2.279295105632491,1.6724002141359502,0.8552846248636318,0.5266712737701126,0.5995138912200348,-1.255682116616924,-1.6119784645844544,-1.9248125340520101,-1.9279687519735835,-1.0448088208945092,-0.385662692823152,-1.5636468029129564,-1.095194803193433,-0.7900649510582548,-1.355760052164232,-1.268629237137967,-1.3068576322162198,-0.6093854211711498,-0.7715997330732108,-1.5334320504022136,-1.779608803999222,-2.1363978104763595,-3.1421717784936476,-10.459295380838773
-6.688845434832893,-7.783420237496787,-8.365948401848824,-9.262375637257623,-9.516256115661259,-2.8955894407039637,-3.475618950144044,0.8172122774470868,-3.928795238793065,-2.613813810901077,0.7089258904700297,0.181559296566645,1.052698637105595,-0.7279472684067438,0.22218410367624522,-0.842754918337706,-1.2838750496639875,-1.0135867652384951,-1.2885940647905154,-1.6263705981875913,-1.099550488646353,-1.7590903554837363,-0.8405966781789276,-0.8299937996259209,-1.7888475594562012,-0.7370881615756358,-1.8961572358249612,-1.822543988794134,-0.8718730101755424,-1.7520202847249613,-2.2570521753658466,-3.0347517618150883,-7.1772664828967,-10.641904910083824
-7.049788316831809,-7.843236856793756,-8.451983756424873,-9.137490071388862,-9.866139497633295,-3.626568884383567,-1.5146253499139664,-0.6545056901398425,-4.1680500138287,-0.11941708513790882,1.2341712644399823,-0.015639306532414254,2.291692205085069,1.2485660913177017,0.6736500397858668,3.0275255347730234,-0.6856400311579064,-0.5156330441933219,-0.652008654319284,-1.1523385715783996,-1.5299968633087688,-2.737934075803389,-2.118360298423293,-1.016674011723484,-1.8821551938955576,-1.047594719087292,-2.08693607958987,0.45198657099355066,-0.5824862245764811,-2.0429168840672807,-3.6819560515514893,-2.9434895996761323,-7.826196936292952,-11.120289311592758
