script/wind450m.json
{"header": {"parameterCategory": 2, "parameterNumber": 3, "lo1": 3.000054539987559, "la1": 64.9999836372058, "dx": 0.5, "dy": 0.25, "nx": 34, "ny": 52, "refTime": "2026-01-21T14:00:00.000Z"}, "data":
[rows 24 to 47 of 52, columns 0 to 33 of 34]
17.437250070493103,15.91256958387862,11.759165702353393,7.161756057677957,6.286588878352285,2.5279678771577014,7.979732578885983,18.00158298974947,2.6685192159065183,-3.92318467863513,-5.0714836586563266,-6.265940139982038,-8.210437691181758,-8.034584443163318,-7.903985549602251,-5.897561993767644,-2.471401897054203,-2.361883423095335,-1.9242158623057057,-4.0265166596658455,-4.577616111840027,-3.2700721904293717,-1.3007061386112728,-3.023841719792158,-4.830864765887068,-4.897475895269427,-5.743274947862364,-5.819222682074324,-2.738114365571757,-3.0073841645115773,-2.015687290701697,-1.1170710659099463,-0.1834732424917563,0.10840695789156807
18.283226114195486,16.513195702317834,15.369466681126672,11.710633256004993,7.032398778938376,4.811646756733232,13.006117549947238,0.9757327808667633,0.7334363789840624,-6.481729963285405,-5.918362770626158,-6.732194314742181,-8.434968360797189,-8.525541640742219,-7.312307905770053,-5.586190976925045,-3.548615025611259,-1.9863611798300242,-1.6183757519670676,-4.331948022799552,-4.2351836986225075,-4.390487889403009,-2.5158301404211247,-2.9745533420103905,-4.1613093851471525,-4.757539592679621,-4.406372373485221,-3.2224471586512067,-3.2673300116159525,-3.025556934632159,-1.877330469998672,-0.6465447682447353,0.03815895819567501,0.5442966689097912
18.218449698254286,17.373921658198483,15.762305141846783,13.848347136291075,10.66143478774928,6.074469351711553,0.11686071948587112,-2.510121595634701,-4.721251166582156,-8.715800859546476,-7.880817910153636,-8.111208128079092,-7.478997128236669,-6.345461979425656,-5.604707463170774,-5.632339974893458,-4.654344066293047,-2.9946593017109873,-2.557494299492341,-5.036126446062616,-4.568242373080616,-4.340177303242814,-2.6014292887125077,-3.872787288447071,-3.5069557918059644,-3.84872984047504,-4.6465216096109705,-4.0946940367093365,-3.463188630755558,-2.383945287783978,-1.198566857842533,-0.40794591400484814,0.27265452053053524,0.6691832936650793
17.300850647481575,17.061221222659828,15.40244547917922,13.804384241634597,10.816348319742177,7.641302015756885,2.9489935506643046,-5.232990584403357,-6.251389820303148,-6.589778658244702,-8.27647729203276,-9.079092306817284,-6.7021595488648105,-5.373246267059572,-5.19728472996352,-5.2936737909539575,-4.072427448596271,-3.562667441771563,-2.9432710610868402,-4.404439265713924,-3.1601028391029655,-3.1537388434049354,-4.697779533837082,-4.5760696205664315,-4.240800130643491,-4.717419202177437,-5.351374775354055,-5.654774521896283,-3.779518691529583,-2.4995897894833057,-1.6252616150090282,-0.6974127348258019,-0.035841361470304714,0.6484517784136326
16.168660389422215,15.5484228969008,14.577956753622042,12.679101048250024,10.15911099563748,7.3154199908709385,3.644825577038173,-0.27001661405415234,-4.16541133707473,-7.070796596331791,-8.56216013381887,-7.443388532862806,-5.799984845283023,-5.004849670920842,-3.218194254236634,-2.7558504585609613,-3.431086019979033,-3.816640733941299,-4.149249435050211,-2.4239132283515263,-2.7303228595429934,-3.5480944354651975,-4.588950010887963,-3.99149013840495,-5.079620974249775,-5.502420965941382,-5.831001137111712,-5.6337796385964,-4.184206518007667,-3.13754161885423,-2.7989660752499144,-1.6087715065507782,-0.4445564511201437,0.17406918029335325
14.320030390790336,14.311016019145852,13.359816990591739,10.953162696162407,8.118413621779688,6.145270180785024,3.3083855661953514,0.3237626009158465,-3.443001202963729,-5.567233853194589,-5.716554599657243,-4.880260692456173,-4.258743768997015,-3.2475652697242814,-3.2703469580853155,-0.9718606797833492,-2.115872819910746,-3.932060438422006,-2.7161749643945803,-2.2361354106931777,-2.2890963270217126,-4.174696708252902,-5.04284158378748,-4.56963878154004,-6.055967990358093,-6.30134934825212,-6.587080175105199,-5.574166348290717,-4.75849139203448,-4.012538305485619,-3.116485627273569,-2.2350875221773046,-1.779855781315912,-0.5703353330015447
12.75983736072716,12.240848409997872,11.880715913420897,10.209213119576805,7.50970943681839,4.402719713760355,2.687255613015068,0.53209545092045,-1.6766606215650002,-3.1422081843124063,-3.886764768500035,-3.2525674508321276,-2.532194858212572,-1.819309378931632,-2.392953884286749,-1.973369841499553,-1.8272061937614954,-0.7024425181831968,-2.101627917013329,-2.9060475794013914,-1.5700976339328956,-2.300192656999632,-4.96608548654465,-5.231114544067897,-6.020448327512011,-6.43936403628064,-6.218138515469588,-5.132320731591822,-5.044246847420759,-3.821097418724135,-3.6387121600198706,-3.4917818313513083,-1.8979368301202864,-0.7643182275185679
12.163576910151514,11.381336070500664,10.804887717408755,9.700562038741957,7.041843869899049,4.740476710834784,2.8459058975651415,0.5796184592464607,0.18690197507457204,-1.2911482834068766,-1.4567072668135175,-1.698131816254862,-1.7351062614844799,-0.5582701253090268,-0.738628504747382,-1.4103204949734565,-1.9530607259208788,-1.6090937371905298,-2.002422831479712,-2.227432401400462,-3.1293811575624186,-2.6196338195848243,-2.2583369060286826,-3.497601748422925,-5.2008038173683975,-6.182918186911287,-7.29587970382673,-5.689424729146011,-4.372209113437546,-3.6609635239735194,-3.316358227080068,-3.9493957745582433,-1.8214693690419492,-0.5640959849762113
12.205332340315408,10.3564512871736,9.755710099950997,9.351339273370538,7.063956551331301,5.163734909606275,2.859142131558077,1.3346890663999957,0.02128140210026351,0.24570752846336713,0.01124451226351901,0.22098930568866257,-0.6987696944413662,-0.46094742039922076,-0.0974633188346051,-0.2995864697321463,-1.0386354946197558,-0.22534043915242744,-1.9078166729190578,-1.6151814909644333,-3.03320609150106,-4.0729236455660685,-4.285035872008515,-4.426590820086569,-4.749012440542629,-5.003771105993573,-3.849083752753095,-6.952714469773457,-4.286401934884297,-3.2977057269642414,-3.138752996631702,-3.0372115110940268,-1.944363442186325,-0.3310310144359152
10.833474392658035,11.04469650498624,9.836721814897485,8.689141107376468,8.042233188827892,5.741899554869064,3.907604008629515,2.6962356773408698,1.3823299579320538,1.0460724838323,1.0548988339785228,1.0130451871304018,0.9075050149946796,-0.029963801030736554,-0.24046827887605599,0.1636698027008735,-0.4887702064704792,-0.9288562548412665,-0.8729702842685765,-1.1133717320174654,-1.5384476046321223,-2.3744414822615783,-3.711277119931904,-4.209562228723241,-5.371545948422957,-6.1098475325684385,-6.820375999038817,-6.473842466862253,-4.61297405999892,-4.4374405599247435,-3.298880818259602,-2.5233348057657747,-1.5427196025326688,-0.06223675604630098
10.65325504986886,10.316363312920712,10.18238881581801,9.014859621133708,8.274040054803649,6.288939293300569,4.305804458974849,3.1296835062800876,2.4091127711041542,1.1944823265568638,1.2903216554899226,1.7135983184982417,1.3805914617599895,0.564282788328842,0.04014963032964641,0.41441369027161185,0.3228416712857519,-0.6304482891085403,-0.329187014922575,-0.9591938358151227,-0.5631311246573296,-1.3913488920467114,-2.67473930830108,-3.412601822199499,-4.449090153038278,-5.76004225223114,-6.565974556383296,-5.73004969005396,-5.238777543790575,-5.664200646269198,-3.898553755751924,-3.386212924815513,-2.085544233202581,0.10257058352326344
11.954685000174676,11.341464880043732,10.001510379318347,9.453311992840074,8.440306023145897,7.586927388912985,5.985819867186773,4.433446556348496,3.3916789828875022,2.353038862835792,2.1153683383451183,2.2009134885475135,1.7369501025552798,1.6956079073448556,0.7614066356589424,0.03768805183550458,-0.33677513687144994,-0.24361996278189388,-0.5576177282348526,-1.0476668534572349,-1.0786523127219223,-0.5609313283165381,-1.9363419132495328,-3.4553132036327603,-4.332364937172187,-5.539978457151218,-6.069421320780589,-5.8924358688034495,-5.103651443391277,-4.728089537777292,-4.171891149016281,1.0130618166901488,0.29343480630196433,-0.2562449958255622
13.303962250570182,12.186108362426253,10.611036779692936,10.238083677814208,9.208432706234714,8.32393754928667,7.0916922014455634,5.528687646467043,3.9209531674229403,3.8144853187256738,2.823470746297169,2.303435366371991,2.1945843604470836,1.758195382973288,1.2856961763318755,0.3740627302497662,-0.04289050187940438,0.29647227321349057,-0.044922619866643684,-0.5306544218174449,-1.3748493734588298,-2.4136093428583325,-1.0741176606905594,-2.98826670738656,-3.5981114366705294,-4.158293089325977,-3.8605762227742155,-3.3182123086442568,-3.1486686999541877,-1.9637043021072191,-1.0278386274111244,-0.7506357606363459,-1.1740372201212643,-1.953181394916827
13.061679848865234,13.182285472489259,12.055527694462034,8.85616809945351,10.274612650930678,9.184876156838541,8.39724022647283,6.729417171715284,5.486574433841412,4.569881331832578,3.399792339107592,2.805010033633627,2.6175109009147217,2.127012229284873,0.7694864201974566,0.9984202687052435,1.301202252722279,0.8975683381485088,1.2304265960729288,-0.36830666391552974,-1.6170969561056303,-2.25581457660948,-3.045235184176953,-4.040838227810905,-4.380280163952362,-3.9821656428440333,-3.2347777295020275,-2.685574060608123,-2.4228640176867784,-0.9974143664658383,0.47884379952003514,-0.05282111790284914,-3.451553936957529,-3.7574174445615
13.45750980469561,14.715227653353343,12.359354213912187,10.665551640487488,9.360202113648612,9.284665577090983,8.647935231299765,7.862866976879958,8.106430510467023,6.619125459917114,4.654300392800981,3.084390644153722,2.132319066778832,1.396636368409605,1.5771583801114444,1.7190265277142258,1.837624057469134,1.2872900841556625,0.9980278055266353,0.6683468948060097,0.27436806188423224,-1.2302204534244245,-3.3846879840378583,-4.183274157247164,-3.959678161738428,-3.3642948974451232,-2.861765404073264,-2.21592923373038,-1.7047256425222086,-0.41722405004889884,-0.24100505369430641,-0.6977535055565515,-1.171989452931596,-0.787679975937323
13.132318114227063,15.252520600711444,13.138228712908766,9.534807807957108,8.95089764858337,9.53558581858806,9.167143921639116,8.871092316988088,10.823880166815078,8.795452632067398,4.475689078207119,3.845854632107687,2.649470994002981,1.6600592246336745,1.1598416588573022,1.8749605214111797,1.841741282713023,1.606227246215921,1.5752796829433575,0.4442746473125667,-0.2945451974560272,-1.3999563140375415,-2.5206613690627617,-3.6028182430478375,-4.280576633927741,-3.464550015985622,-2.792378709866126,-2.026687842961207,-2.107413673316502,-0.7831536895954545,-0.2360953600250983,0.1628005167704458,0.14532892526566113,0.038223276712997425
12.756301309680786,14.450982082813717,13.139349503882281,9.805768085119837,10.927055198354726,9.103666654000289,10.00889657380773,9.911265256702485,8.955785395678815,9.36187886994264,7.082590095893597,5.058178049409012,2.859433988097216,1.9304353137468064,1.598391729653265,-0.9907675113259445,0.8812391114203776,1.2548391047801977,0.6161140755063497,0.8218396497410232,0.16393932590891072,-0.6254376136205182,-1.3967201279909567,-2.815409060193655,-3.5938180587817024,-3.8128751456298424,-1.794395995030997,-1.6411290508903544,-3.3789645006947002,-1.737644949092403,-0.6506728820625058,0.8845417681440898,1.038346954275045,1.1384087005248456
11.365632598594107,11.722293882418148,15.854992432510716,10.845686221372228,10.959355815282876,10.651858687516297,8.99134117671488,8.598478439573631,9.889553063199134,11.849530207010766,8.501246077816317,7.049936838586226,2.74647842020678,2.437790244070354,1.6662094528106486,0.37615618735949913,0.05190316689597186,0.5151345515342779,0.5155385604261803,0.8121711559898115,-0.8799952616396646,0.3385836673515085,-1.1644454100424924,-1.9251928395940892,-2.806678887558203,-2.0702956902940604,-0.6795658583437116,-1.218852601823642,-2.648784187877778,-2.691788987810292,-1.3364209206135222,1.2711004512685344,2.354680996692297,2.127308349798654
12.398513750681797,11.43442802710841,13.792433225268635,14.135758253534089,13.917813453843056,10.084274137918813,8.613307657070257,8.553127072712341,8.501680857929923,9.897258013888576,9.645657051204813,7.087596830119752,5.54015251889123,2.66193356215176,1.4567479755413066,1.2134850579997494,0.7419670782889676,0.44157408471624376,1.3264007379219642,1.1096059630433985,1.3776679528107871,-0.8633112557201239,-0.9473230607289204,-1.5720990583761563,-2.189284397009265,-2.8002869886940283,-0.8759876268171201,0.20290702123130688,-2.375252780691327,-1.9546905754499693,-0.19690877403466722,1.0688298885483172,1.526250645628654,2.7059211471227576
14.10980781310534,12.037704454017563,12.155032881625818,14.43216256786898,12.85543342512972,10.218503192010795,8.775555198897745,7.726431677837639,8.523792822157299,7.8020026067466155,9.326068823480714,9.295623388549114,5.737522620366571,4.105263165768963,3.3786666210196663,2.202476596574127,2.1099998931294315,2.197317116258661,4.247163723990459,3.2635990422274546,2.0040886245720095,0.9780774608312179,0.37604701828889475,-1.4161190654696456,-3.389073222381347,-3.096848213126505,3.684733683134825,0.11761847901410004,-2.3796664101814025,-1.8790478507671307,-0.48454901067460265,0.8847926387195861,1.184964554616273,0.9604773729949733
14.953778818463764,12.884317455443625,11.868227244654175,14.959699609570775,12.70011662238167,12.00807609549252,9.723057506988898,7.346070313088681,6.549180018560901,8.426633230092778,7.338839303086536,8.131902824608135,7.102446281686795,3.870327979120671,3.2196461210150074,2.4819056317571673,2.1737698583016445,2.3662511015204593,2.810644657598386,3.9045592945338248,2.791074192585445,2.092538424123377,0.6036679780340253,0.03551017382392765,1.5067239723117087,1.7793905067100397,1.9882961107709,0.797199697216127,-0.29391591362174835,0.7665051110012379,0.3070449922490245,0.44496535408998067,0.9450980240700977,3.513697871706056
15.827589489121003,14.735939481297203,13.22394514722704,15.602716683355624,13.161423014434968,12.827336380518226,9.362724473494763,8.178872838793488,6.664189607053077,7.740303299016611,7.389071292344745,6.022103343218799,7.786414672099572,4.831533002269606,4.042461709650871,4.203380217439076,3.944091031782639,5.278447079886848,2.9889163554417895,3.8674213351208624,5.359729067542192,2.340974874172212,0.5171322715750143,1.558748528348305,1.9055275272737722,1.6306373595092245,1.7345588904461027,1.7151484205111154,0.9006246851783952,1.6652042422718716,1.4565653093672186,-0.9948015739731093,2.504967871791054,3.7943600586936026
16.639668670706243,15.151477847782507,17.305068721719042,15.346836021223499,14.564755505490258,12.953610538770794,9.256885853542252,8.898994589762761,6.152332785196393,5.593374185658474,8.107465281895934,5.987892462392169,5.778324813575994,5.555453891094455,5.634678640218761,4.055338667096681,4.487069959925839,6.8318961182578475,2.9916059243668998,3.9610316725944417,6.504595220161492,6.461286363162804,3.100682290936298,1.8097021538577938,1.6801678206506034,1.32334478527017,1.464205812536915,2.4474082257588874,1.544442144284978,2.6189112273229656,0.23579853978548435,2.0641642208295274,4.119914631249883,5.445624464786619
19.115697222550622,14.445544467155827,15.84050987425843,17.759972438616117,15.305770029716822,13.771007483514317,8.887869555226096,7.689904906981492,6.110834532464687,4.326602000243574,6.6977151158239705,6.500738326917876,5.148650798557301,5.447851282722449,5.835048662029112,5.933437176732409,4.518981282168022,7.551521015558043,3.4327256535037307,4.003920675322868,6.218182415443304,5.6718808623867645,4.951049696344764,3.278390500289492,3.058615254168093,3.952493323607268,4.904765074985257,4.15085263189237,2.235801222220356,-0.1416788475801783,2.1834093659291796,5.5576861543231715,4.3174441243650685,3.8542122257543134
