script/wind50m.json
{"header": {"parameterCategory": 2, "parameterNumber": 2, "lo1": 3.000054539987559, "la1": 64.9999836372058, "dx": 0.5, "dy": 0.25, "nx": 34, "ny": 52, "refTime": "2026-01-29T20:00:00.000Z"}, "data":
[rows 0 to 23 of 52, columns 0 to 33 of 34]
-8.244833456779618,-8.362162519007994,-8.60890790575738,-8.707767361405432,-8.821343820640038,-9.778642501560144,-10.27832671052061,-10.548799361718162,-10.763244725872735,-10.644514555671277,-10.781291194996049,-10.991167515396295,-11.413064426801258,-10.922072110916481,-9.026618780842028,-5.855833344091144,-6.496257480684747,-3.918835332911513,-6.19698141352172,-20.043466139848555,-8.391092532664914,-1.4368427356781315,-8.652718846758463,-9.65112215035354,-2.9288868995344237,-2.664601352499603,-0.8344708170756049,-3.8277223164797953,-0.418038986140005,-0.01946596603718509,-0.15214519065109117,1.0687199734175845,0.9840974769807393,2.453311784439296
-8.197217496351412,-8.292938684678555,-7.944423009883917,-8.375251046684221,-8.484307069247642,-9.00662108568218,-9.707827247983085,-10.088377396319949,-10.285499146306048,-10.324056108933151,-10.079843206489612,-10.382259226452543,-10.48194122610732,-10.591673106198234,-10.62405145899821,-10.402547305970513,-9.284837299101566,-4.739755179684232,-16.076830412318618,-11.253700438282813,-5.309990289152759,-6.686999124693243,-4.260166323570818,-9.185330696752215,-0.5307077908938255,-3.9051198546711094,1.9036597509162176,1.3406172765722468,-4.2229317380838856,-1.610046669941466,1.5113324753848136,3.1070989453350237,2.3939220457331163,1.5630075493209972
-8.007125662931285,-7.726544422288942,-7.399684351921319,-7.692959043767752,-7.96426608909438,-7.98655171766693,-8.682254744667953,-9.360658660129234,-9.60580047616107,-9.331102177822046,-8.995979374835501,-8.846682818017847,-8.729883710728316,-9.446504621742998,-8.181606884439406,-7.730565617915346,-11.127389462829985,-8.249010939127269,-7.442588466984321,-5.613470882146242,-12.434107836465222,-6.666184632957047,-6.292987798842311,-5.806065870575425,-6.7801374137765675,-0.8764723745187202,-4.336904426879782,1.5513222731203768,-2.885803693500767,-4.731318096421845,-1.7565319317301273,0.9141242794205655,2.0151463733283514,0.7076743113111486
-7.8603780470094735,-8.06243900817308,-7.464277206711205,-7.408413438662431,-7.8879643419435155,-7.117763648962736,-7.451354446705077,-8.22541253984124,-9.23303864698547,-9.378395889079506,-9.057930561341337,-8.30087141718268,-5.81824238895679,-5.282457024103303,-8.13940501078924,-10.42857095939847,-4.976883699408579,-6.521832775740907,-12.537335248897707,-4.5438301844957465,-17.110065088801846,-6.896750854026413,-11.705892932885874,-1.9737783358534073,-1.6680734179664949,-2.7736071223741243,-1.9271685397534883,-2.8257032841850944,-4.577393960012848,-2.223088202434738,-2.6508155466762227,-0.3865243568278978,-0.3328008464702754,-0.00816496769443204
-7.735513429539688,-8.00214980098333,-8.401262775377262,-7.773780831674367,-7.901144610706304,-7.857020060806441,-8.214902119425295,-8.54736311239318,-9.066604712146546,-9.712271352688663,-9.56606606896697,-8.976846228068547,-7.567157299487748,-9.250014709280835,-8.359831661149588,-13.66792836712762,-7.360001668397969,-6.554018572217812,-4.998426207453306,-7.79218743944852,-10.500300823039717,-7.48152159444763,-0.44221170506506613,-5.703340655988703,-1.7021562200775195,-4.4126624957130955,-3.678433479233929,-2.2100503709534407,-3.544418679003706,-2.8122443255617995,-2.148817389551322,-5.3833260694284855,0.10551737066920201,0.020605374842622995
-7.5458683632283305,-7.238279538287935,-7.932030084384768,-8.410090481311707,-8.288340107276317,-8.148489279996179,-8.033783407834736,-7.976141051965439,-8.182863365958545,-8.579844281665718,-8.73334240870116,-8.20586756276461,-10.170761647629032,-5.172390637062646,-5.608482477333674,-5.741500897324314,-2.5482561275732554,-7.5198325085630024,-12.114501355112676,-10.95541649926747,-2.7812690637597437,-7.80916394137107,-2.4818409416961384,-3.982316661383377,-4.4247815072516365,-1.6527233369365828,-2.2003906865426854,-3.759800524933332,-2.6005224191315968,-3.478056038953531,-3.448588415722123,-0.47705560443277534,-0.9307561870484037,-0.9463986621803713
-7.063879315836175,-6.2765450716463,-6.174531207833091,-6.655094316212385,-6.4783876340725675,-6.62588199898833,-6.34871161678745,-6.075446275494513,-6.149806847763677,-6.295643861339871,-6.69097309096015,-5.038681393807627,-4.323776865607467,-7.090555501015783,-8.833535625175253,-6.843951234981626,-2.9906855707954474,-9.465492554765804,-9.052620239426005,-2.8538556361333707,-4.7009635332413575,-2.6248978327866506,-4.022619632224344,-4.724390426183168,-3.9153184443717612,-0.6468780741221379,-1.6220757857484158,-1.0315257308572467,-1.8989125505669355,-4.120522826037502,-1.3586475148743786,-1.2662193529958126,-1.8162854222746785,-2.194653971674379
-6.46203762894428,-5.398039762982016,-4.720876312159685,-5.225596669639776,-5.548285358628661,-4.813224338638071,-5.24256394590116,-4.441891846357887,-3.716759075833064,-3.31902022886907,-2.393890698654045,-0.6751703979447978,0.7387520099960471,-2.7964779765053236,-1.8462512957367085,-2.009410005633066,-0.39904261903183214,-1.1823866065077056,-1.8005785658072446,-1.0645698061260864,-5.841872461284663,-6.699372822328009,-1.9843598648838026,-2.6754579859061725,-2.5609006771155967,-1.999964255462736,-2.9274191656825357,-3.1085697149757037,-1.4267956203399939,0.0470816309058617,-3.0165573392655536,-0.8549037309476344,-1.8580367888780607,-0.6754989173847432
-3.1064363732683034,-4.7501679956990674,-3.637923156084699,-3.3203254787445786,-3.2650281542810125,-2.9891447828084927,-4.07495184066047,-4.189077140756657,-4.60012916661963,-1.6282217195727617,-1.2708755521654642,-5.252265217161046,-6.301536837509004,-3.6356368534767562,-0.1635573838881748,-5.582263060455729,-8.426513530608746,4.260735783595031,-6.859795131396654,-8.026391128608024,2.4537007038113128,0.8497111091724174,2.667536648867566,-2.0582088186742507,-2.2693759227968524,-2.183824969246729,-0.9963112803322622,-0.8053824384310003,0.24158628907720608,2.1205613663494858,-3.2878568781722985,-2.18930051701144,-1.6723008740485745,-0.1953037700233524
-3.195569364265054,-2.3330635190968456,-2.770389946404966,-1.784948666662906,-1.7179737899969,-2.827781595725489,-2.618703490500548,-2.9905822592480242,-2.037246957979573,-2.664208034750335,-1.4827529363372294,0.2089775234788087,-1.311238935861639,3.341769382249796,-7.58771836400933,-1.4915057715909654,1.3502166134580953,-6.878232378388942,-7.3301960240504656,-1.2498103781585057,1.1353955088887566,1.5169799759153182,2.0983919657628793,0.27387203911083785,-1.114341518320133,-1.0788339345315132,-0.5641860810042169,-0.9197533817170724,-1.5106134181359834,-1.8838777980395185,1.6567058255291505,-1.8444852061150163,-1.1395485742610094,-0.16169760429766686
-4.205648468526172,-3.0204680114221487,-2.925267042448651,-2.7578561756994255,-2.250806642613569,-3.136814033500205,-1.373314577390714,-1.2936031103577204,-0.381283048226388,1.2984905465690346,-1.535010004168327,-5.371878675631067,0.808752760477013,10.10952480070461,4.345431024434351,-6.353316413961807,4.339617279701334,-3.7650491310338268,-2.3387269751463724,-2.2046996307753126,0.7875828957154504,-0.26321726310226884,2.0501938897138827,-1.9692624224828876,-1.698359502431652,0.16182216516426431,0.14308417649667057,-1.0341409917655089,1.090261957715699,-2.986745713577005,-0.987736412431815,-1.2655153272716937,-0.7656496610073347,0.3953265461833897
-4.438339690365899,-3.5132176371785575,-3.032383810362381,-2.809059493958673,-2.92692655719638,-1.160077054746571,-0.8386002967849768,-0.7112962316406879,-1.6957273996576971,-5.678242292417256,-3.268461420496665,-3.4785511006172953,-4.047659583293582,1.1880474442728446,1.1241579614172337,-0.7535153768968094,-3.7171751371786326,1.4648455823622542,-0.21001640718988016,-1.2082718217603974,1.54403406767093,0.8362738920873527,-0.651009830013745,0.9484703222644887,-0.21811212552602344,-1.3993223024161847,-0.41632684252629115,-0.2933631680160528,0.6423993096562605,1.0647914265578242,-1.2352538151080086,-1.0753471124855187,-0.4250824603701284,-0.033230115984607164
-2.9721446655480195,-3.043686833234565,-1.8356036620636547,-0.7906471356878074,0.6462870584893293,-0.16322011230247988,0.004778363466291396,-0.5562430182590069,-3.219738823548474,-5.919774830762313,-7.2760170724452164,-6.013755095135722,0.6501166332410521,-1.244381124264577,-1.6981791844598306,5.717278242622061,-1.9048774058384803,0.004129562483635232,-3.943401941446134,-1.3039921708157638,-0.9054173422375322,3.096630324619804,1.2025501630530873,-0.48325882298709144,0.09944376700838425,-1.604775895954921,-0.33450535599082837,-0.2870965861599479,1.3969449767839588,0.5886377175374166,-0.640663225519994,-0.31392791907053047,-0.2505771922818897,-0.5583944682627511
-1.7531032167616527,-2.5858968236496724,-1.415513290828371,-1.228252726723462,1.5341825141736365,0.4362596334838081,1.0388185276107125,-1.2380796916575751,-6.598786776894979,-3.742510313636517,-3.4426422023787087,0.04525829472326249,-4.97910236025225,-2.1791016155261755,-0.21854156955208168,-2.4166546297920135,-0.29854694917757746,-0.35896001775698827,-1.6788019116893713,-0.9172913702881994,-0.3665992655849262,0.24701120753492048,1.6456594719431699,0.17283960434572454,-0.11261621401921142,-0.7533419870360862,-0.3177399401988949,0.5734408550578433,2.370828182460556,3.144237490726024,-0.21894920592045278,-0.6937115783987249,-0.864917945307736,-1.3258672945376453
-2.0899522233197354,-1.1039696540147421,-2.0621265886532827,-0.9185146596017675,0.5801671292962178,1.2022472462560059,-0.47654539918334343,-6.831192548432622,-1.9622824320191925,-3.808469516687078,-3.8682300257381494,-3.459624799276692,1.2546172430248246,0.268661314509724,-2.2155858034217775,1.5506119298902408,1.525532499929487,-2.425547431475763,-1.5498709844664507,-0.9873724930078634,0.24328580282943732,-2.5262767173564877,-1.1629838607712493,-0.044636576176587554,0.053896230576347126,-1.7688228764820542,-1.2456051162641963,-0.3356510317955072,1.2867793215496577,1.301663935446493,0.4618409230115878,-0.4901198488414151,-0.2914544962281478,-0.7591017026105397
-1.8798879393286332,-1.1742015289653884,-1.687156688829096,-1.552125244608094,0.015927333320367967,-0.6988453628648654,-6.574334892607382,2.803998198522695,-1.5017099642739387,-5.8498017874821295,-7.771394338705402,-4.527205245344036,-1.726733170545369,1.7228153255731684,-1.111968850849611,0.19589640956312782,1.5603794507674233,-2.4734782688820687,-2.899744670438063,-1.034233932947282,0.6617212185351937,-1.3337782425886098,-0.1377986471785131,-0.47679504617767776,-0.6970013400937709,-0.6978710533008876,-1.5884710950127312,0.23807602215808674,1.1771405998130648,0.6488216166255032,-0.2024280424312884,-0.5129381264900267,-0.45501346685300514,-1.1349546626032403
-1.8489900311687228,-1.5707440939192951,0.12523291057388516,-2.888239824755635,-3.9966575611003363,-0.8682256082835925,-6.3107702042845855,-3.958597101681693,1.524464949655073,-7.911521301154936,-7.246908689803072,-1.3143555403812255,-1.110767259479499,1.2953859241998944,1.4860316662848208,-0.629103463515682,-3.0498198642914134,-0.16265505082565626,-1.0987406132023898,-1.689813521184557,-2.2932327758847255,-2.0405071376190977,-4.083754975604438,0.9558301681279744,-2.753760705491688,-3.3714603137720043,-2.8464737953283192,-1.3323293756582866,-0.7305463950450725,-1.7638003077236326,-1.9059893286901164,-1.352277700826785,-1.59387174271898,-2.4723591533795743
-3.3127667258768625,-2.0975677931650467,-0.32591642492921424,0.3052018629291882,-3.836014478739829,-1.3855538412496469,-6.843033839623663,-2.0098754709111843,-8.595355239992669,-3.9654126909650147,0.6855531153084474,-2.283901824093033,-0.8213007251614532,-0.1955262121235943,-1.526695927519591,-1.494890554775756,-0.9408923483246497,-1.063598755422934,-3.942148806441793,-4.84611277869605,-4.920202382249375,1.6929964515572737,-1.8618496642605342,-3.1039841437255125,-0.5904024283910488,-2.8396728931775796,-3.510091442162927,-0.3967157793486038,-2.5540938906020325,-4.280318677326837,-3.918297229026411,-3.0617525220224966,-3.409092413741273,-3.589943775099094
-4.327364176181297,-3.429443431491611,-1.5603836039896486,-0.3717316773977885,-2.7032271471848635,-0.5150025939707408,-2.5004518352168654,-4.244862979640859,-12.818459065659068,-6.043434543396684,-4.424394502287188,0.2126490297674333,-4.690270106134353,-0.4458518757135171,1.3683819107275255,-3.49460141640772,-1.1288375905192587,-1.6922290630621895,1.5642395870655357,-1.9487791388212057,-2.073297867245726,-4.819057521543329,-4.911993947981769,-5.692624534695896,-3.890494375936196,-1.5296497417970139,-4.023770126358938,-0.4534730182075568,-4.329716923912795,-3.3428109573754377,-4.674642368668945,-5.345111613625795,-5.533954550368078,-5.739474566138199
-5.516811647476316,-2.88186881652881,-2.2884687054077713,-1.8731079106001232,-0.9801736273420213,-0.7962087868986717,0.5350736128356758,-3.2821372309395502,-8.226918704403657,-5.331808739004804,-5.474995496184506,-6.156384879779639,-2.600234994523677,-1.692482094295483,-0.5185669634761702,-6.326884873527498,-0.6211827399516241,-2.114711738093105,0.5738651853410568,-1.1162468891365767,-0.5583732305843337,-3.858891686044446,-5.664203122473931,-2.0930139426613024,-1.6356585740458622,-3.606893759653486,-0.6720483222020641,-3.1030803852897573,-3.6707419677173587,-4.759223863554678,-4.524323998564621,-4.115410034770509,-8.057317481049536,-5.098234807887731
-6.678656892578971,-5.618484156814759,-2.9411522143016002,-2.6248444537940814,-1.2821699839249505,-0.2547897892084089,-0.7990619523926953,-0.8998450852137903,-9.846193552685211,-3.4944072573805007,-7.2149277164266055,-2.814453739829953,-2.892383964657138,-0.009898574888486686,-1.2989269677244726,-2.2759425785559197,-2.066160750384183,-3.292672661039923,-1.7025133863856106,-4.361624037345798,-1.9516634681377636,-1.3415404909461508,-5.553738145198181,-3.859574061363021,-3.986552231380862,-3.9471855775951434,-2.8155835885431517,-2.5803642566551797,-2.6937409530808503,-3.968858340461389,-4.336978336354317,-4.9800079268361355,-9.647944075898957,-8.556049865256188
-7.898726643363144,-7.514532425134716,-5.340693865996613,-4.028241233425893,-3.0775536572611175,-1.5972800728491081,-4.552304377647391,-9.148347129238877,-10.695875671171219,-0.09481799955974027,-0.4526679743136706,-3.4932393558092194,0.36238098712210065,2.073290027346803,1.4103752270244911,-0.741837593368007,-3.0188153940193128,-3.2915166336563235,-1.669801670473022,-2.71905279817281,-2.7386417716060283,-3.4519352889861614,-4.201995337171671,-3.734561030928525,-3.8637901109336323,-3.588608180693472,-3.410299341188334,-3.3566077212124137,-4.054100154689383,-4.261634243844097,-4.443564085515666,-5.281151757552383,-5.477477090440843,-8.805594683322036
-10.018417520542306,-8.903598725282261,-8.084785269925561,-4.284055144895241,-3.2003950125440026,-5.438719871782549,-6.018627642030683,-7.550795927719099,-9.139332808771435,-19.357463419660522,-0.5071663857629849,-5.699104263815658,0.3098340987376873,-3.0442794859320044,-2.0864795679059376,-5.416469401498288,-3.027376221961156,-3.742734237766273,-4.467806558591603,-4.2382208830191805,-3.8492458630266206,-3.962607492796947,-4.2906747983686815,-5.19163521997645,-3.577729994121689,-3.6269730627573056,-4.010239142958898,-4.075385629384813,-4.053941791075317,-3.900027118603847,-3.647642176665494,-5.278193592656052,-9.02779709443125,-9.236501521083868
-12.386988320214343,-11.560218826571536,-10.53420578353677,-7.153506242227713,-5.171151948640198,-4.379298940111733,-5.433432478479615,-21.746006167948874,-14.444742857605847,-6.509315848292319,-0.5875587409657542,0.27608294044200976,0.3464698417628886,-2.5344647739986566,-3.2646689248027214,-5.0542075293747875,-2.131005107130175,-6.098061501038781,-5.096116834349518,-5.169988194777737,-3.717659108699829,-4.862131529577991,-4.523972613200734,-4.794238302335613,-3.384855794970032,-4.275241877118858,-4.557748210065906,-3.509085258073271,-3.527859647769571,-3.4693433936838005,-4.98054896840618,-5.9493133200663,-9.28913703713027,-9.502924477546285
