script/wind10m.json
{"header": {"parameterCategory": 2, "parameterNumber": 3, "lo1": 6.000198445256149, "la1": 58.999992894266676, "dx": 0.5, "dy": 0.25, "nx": 22, "ny": 24, "refTime": "2024-02-01T13:00:00.000Z"}, "data":
[rows 0 to 23 of 24, columns 0 to 21 of 22]
-3.1366061745113027,-4.671718113726592,-4.896946067884884,-4.443577444321607,-3.9251011042843515,-3.648558143200616,-3.6821706723074823,-4.417647286681894,-6.666274602209346,-7.847197484427279,-4.652216065578289,-1.9158868596248861,-1.8988963686593023,-2.3805769140727677,-4.019354221115058,-2.117957270258486,-0.8959148991053987,-1.2438457737845239,-1.4404829839900661,-1.8096445198939257,-2.2584216449294154,-2.4572390464867695
-3.8699959132211528,-5.35178737636206,-3.737569535713171,-4.287534581142329,-4.271448672028749,-3.634812839669792,-3.3840453701383613,-6.984368041368007,-9.069299671970056,-8.156972591411032,-4.509600612853557,-2.1041264787360263,-2.1777434523107226,-2.282909507741589,-2.119805418099527,-0.69920780155509,-0.8030300474202378,-2.23817666347583,-2.666405314956539,-1.985402413333688,-1.543169792792789,-1.481942535593705
-2.8787169441198324,-3.33422695554179,-1.1128176292149765,-1.891995309139206,-3.2475716359504605,-3.225276314506456,-4.207688647298524,-5.901070893245827,-7.551810399645324,-6.210089747214973,-4.155679990032011,-2.0373774900597947,-1.8448549556707028,-1.3986718777368905,-1.423834049958832,-1.5599299624118055,-1.5573325711175012,-3.1340632489381046,-3.532133289535875,-2.3775277840602023,-1.7870975697042473,-2.2310931619429595
-5.0772750127041455,-5.67052700453834,-1.6623757718862475,-1.7483471712393386,-4.282096950964399,-5.665010936859956,-6.81166745223531,-4.963128385770285,-4.441711134541058,-5.118841120959409,-4.2843309317910405,-3.035687519747671,-1.5251366187117523,-1.0796388594816337,-1.7623945996123975,-1.7962235572002003,-1.6716029882397232,-3.597633818019918,-1.9785686581977378,-1.9901521819221462,-2.0786471904799764,-2.067375525949492
-4.3298324530607895,-5.34334596465228,-6.554703330051504,-4.856705287590921,-6.867901432586084,-7.399622848643672,-6.516846411919914,-4.930860773278375,-4.021598791210197,-3.2839498389479482,-3.8118766028464632,-4.01308031950824,-2.243370604889101,-1.4858809304030218,-1.352487224530257,-1.728880661963799,-1.5082700214293328,-3.295430818992378,-1.8786381833605232,-1.7577114388719595,-1.8300205795470799,-2.3865921638037966
-5.635237781948006,-6.122444877747532,-6.936381688087412,-8.658219968122593,-8.234905993498211,-7.752530476586889,-7.440078571652699,-5.987074606711921,-5.427827139148176,-3.902724342319564,-3.1511848089439485,-3.157158567638211,-2.7814584612127993,-1.9836687183192547,-2.125749098047127,-1.7091176535337673,-1.6937440268275739,-2.3137707692406235,-2.6096938938447605,-2.263848053004042,-2.1754088644818435,-1.9163798312970683
-5.7632311442340125,-7.243210743455964,-8.28163290208986,-9.187268234268133,-9.072494729172282,-8.946800584825,-7.296356448895477,-6.026067869419559,-3.674892956152088,-2.734064711250209,-2.6459410077312744,-3.1324235677450556,-2.37239017410689,-2.3895120636211766,-1.5531213812660238,-1.6176486976558861,-1.835720227695412,-2.3778180079790117,-2.884524743494672,-2.6292847796535637,-2.375439948023623,-1.957255699521544
-5.695191740847491,-7.342549629844161,-8.419809412214082,-8.744111858424928,-8.882297218928091,-8.40995012489971,-7.108650932488762,-4.869167538967066,-3.348253870051541,-2.3127117044844567,-2.1067074530088292,-2.656834486872604,-3.256334739963619,-2.05323628102282,-1.7551473390285928,-1.7442831222524495,-1.9842714739893412,-2.3336240483808357,-2.747799889092335,-2.5964051903649064,-1.9111763174659722,-2.8146099603478194
-4.5438670011751245,-7.209616283867978,-7.491310827301224,-8.555771644598595,-8.1825562772212,-4.718894324938619,-6.115334555467856,-3.4350935326121044,-2.3843229245850672,-2.800721468898609,-2.8179001810527318,-3.3146200686249934,-4.157003515534884,-3.1105907515668294,-2.1398993165239477,-2.0662596698298143,-2.461092205278117,-2.2368459711190916,-2.432123692396432,-1.9756119242166135,-1.4289586700282662,-1.1948434036277302
-5.269100576815522,-6.076832104670197,-6.20750971013916,-7.352270860760083,-7.580058985766779,-5.74046589984963,-4.756438942040269,-3.476034754923537,-2.822605358462645,-3.514272356801846,-3.901635319239599,-4.359194557106077,-4.624003050750349,-5.0652428922660935,-2.482044856739421,-2.3996202521045933,-2.1249716091440836,-2.1997011834926186,-1.9261668937346192,-1.277129291187176,-1.0809225952206303,-0.2678142114472955
-6.323026950226073,-6.901797937151756,-7.384417121943072,-7.532123563974344,-6.829807253743824,-4.285271486213873,-3.5877398067345925,-3.5117289256766178,-3.535994619513887,-3.621028198809887,-4.559702882992762,-5.086696281254403,-4.648490407401222,-4.928816348325444,-2.7666757949499696,-2.15018498927435,-2.0047345732598867,-1.9233092903745537,-1.6058310623191847,-1.36488499693275,-1.493066919972891,-1.1624638131269116
-5.966285249926501,-6.431228936321559,-7.333103914272838,-6.231906463850451,-6.380236849084263,-2.9545020716369077,-3.977399357110276,-3.934403749291684,-3.396139993808705,-4.833424426622026,-5.250678706545313,-4.244758603016298,-2.8890670012183977,-2.525284388596383,-2.3586484265655243,-2.1894988058508904,-3.202689910227963,-2.933890410326155,-1.3479788591036699,-1.9367222439150986,-1.7046279198251102,-1.6626377048265875
-8.985373029950985,-7.9644073328188725,-7.401747243354175,-7.285713447215129,-5.96269302799989,-3.3626631494978336,-2.948440708942909,-3.3926089393415086,-4.080802174258696,-4.403876920704841,-3.2841223140028886,-1.7573747948387688,-0.9931633365654342,-1.9772362106097832,-2.8963682219843103,-2.488377156512965,-3.0833285127985706,-4.697306368056119,-3.6842995254368747,-2.380775122722591,-0.6937987607835352,0.9829291909510158
-6.6472483532013396,-6.298511468176103,-7.140057375872146,-6.114768783592028,-3.2786259820925534,-2.5292153590997914,-2.951541224624766,-3.469007655280317,-3.6288173245921653,-3.821226676055475,-1.9115663614360703,-1.030165670681326,-2.9061538998303904,-2.7660642191664286,-3.064062897394957,-4.190948396841074,-3.0671335843279084,-3.9298254977829745,-4.559907295215715,-3.9795628143647055,-2.6209489919014826,0.3600138093683649
-4.76918970128568,-6.744361969771887,-6.852030065725844,-4.646212147998235,-3.759538927536816,-2.2238883103122644,-2.9371035202703824,-3.600268448941352,-2.9402518482942734,-3.005452198013927,-0.5335243239290077,-1.9476680996660205,-2.499156482458184,-4.441367552455165,-3.3521684901315143,-3.624364308553989,-3.9458285812744576,-3.40268607923171,-2.9779318489133004,-2.900594109189254,-0.5446442581102161,1.0508610591425975
-4.655075682190871,-5.306183978457062,-5.90004048470364,-5.6961656398440415,-4.403561705434756,-2.8634239807968873,-2.7166752546728885,-3.221094603127577,-2.255237258862938,-3.079789415908439,-4.459728600309692,-2.673610578657505,-2.850411349561144,-4.464200276048527,-3.3440690010759044,-1.1110846241823797,1.3091612869052627,1.4631895505353987,1.0532097358686223,0.9732284214483422,1.288419681574494,1.217214960973414
-5.161033491204376,-4.900909451299434,-3.8809384049016096,-4.687927142180426,-4.6876100032963635,-3.852483683553378,-2.451631310653063,-3.031362801046436,-3.106394911923489,-2.877890696164008,-1.8690477830467453,-1.1488538733640035,-1.3517870020130087,-2.725374571628315,-1.4035788031853145,1.0108719170301501,2.150965651242191,2.1566552402799615,0.7527479292342485,0.5247565276655348,0.47710946784414265,-0.4829322952033519
-4.972103360302112,-4.9150860752369905,-4.739875821190686,-4.899680227685562,-4.2350813646204735,-3.3556820708020747,-1.6758169365575586,-2.934044811492093,-3.0528519002725845,-2.0845212009383034,-1.9656487002790641,-3.0104377938202203,-2.4048292888318654,-1.6845821341845635,0.34832259374139707,2.5387374578347255,2.7112440579474923,2.1977575571089485,0.23086837600853732,0.03313011810086543,-0.5387180547465739,-1.3826330385722314
-5.785767068775619,-4.584706963712602,-4.902435812618943,-5.440484833499627,-4.76007781295935,-3.849069608574605,-3.052772489964642,-2.937484978663237,-3.8741297470955063,-2.6538757235068724,-2.783612585849539,-2.7415128728651,-0.5924396962014153,0.18815057611111694,1.1019853925840868,0.09489336666547415,0.35930887039916776,0.9003190427113792,1.3630675206401919,1.2308783253422664,0.716371092742944,1.295477221121039
-5.41533259144692,-5.151722784256746,-4.086604679602808,-3.974717829135762,-3.543072319815879,-2.1849393031017175,-1.8210508135058863,-3.5106803872227905,-3.5128479911602275,-3.4291714872144547,-4.29529594667243,-2.7398260453997154,-1.0227097297482866,-1.267989758152643,-1.4530769855614711,-2.2641854983278877,-1.0026192390466355,0.7305967575249463,0.7300846915633706,1.7758468074266722,1.5695992397135727,0.061024958587259766
-4.697996855270915,-3.611548404405685,-3.0860344489726685,-2.4474478144820973,-1.9488938837631895,-1.6792414989527638,-1.9363699684872617,-3.4063920270440726,-3.2827162575449713,-3.706146313096138,-3.398187738424993,-1.9509868847247913,-2.1299197529389002,-2.873646229863934,-2.9171248856603236,-2.2994814032732234,-1.7054216273538034,-0.012442061939553321,-0.039416020996310905,-0.6062003992210465,-0.8993281787068094,-1.305328403631828
-3.984203966675188,-3.696991132444753,-3.15190020586679,-2.411633104496541,-2.75741749613813,-2.200285098702805,-3.0694162526515014,-3.979736400993822,-2.759729469944856,-3.049832563539293,-2.502283226815308,-3.2099418295962465,-2.4024448643635417,-1.7722771861124162,-1.7251941113040283,-2.1249105410593296,-1.624545260552206,-1.5991318858306574,-0.8797821735377792,-0.8032896306928528,-1.1202802639689027,-1.2606584897872515
-3.176658000933354,-2.8491213665919553,-1.9957821516052776,-2.3688759831122184,-2.601192864025913,-2.792532102341319,-2.574267341511529,-2.3670997306625465,-2.8772155759236537,-2.4376637346456955,-2.440725087865862,-2.296736906694422,-1.6977077097905122,-2.2003544334120395,-2.2079459498727023,-2.3987612713951947,-1.848836517578567,-1.047989169335468,-1.4094455750465469,-1.4006690586228197,-1.625895607826867,-1.2109830000197412
-2.3903005866063434,-2.3881629260393082,-2.225258226744056,-2.0821286660139386,-1.5718512546519678,-1.6399785033736913,-2.0934436570802712,-2.219621267460212,-1.771815704029901,-1.920866892820229,-1.5858189377678362,-1.2237140035075242,-2.209098119028347,-1.6026091767683943,-1.9714755058231166,-1.7988036120253807,-1.9210891429245092,-1.0169976120612376,-1.8151529057777316,-2.016496124608471,-1.4628732650511838,-1.6377151810206527
