script/wind10m.json
{"header": {"parameterCategory": 2, "parameterNumber": 3, "lo1": 3.000054539987559, "la1": 64.9999836372058, "dx": 0.5, "dy": 0.25, "nx": 34, "ny": 52, "refTime": "2025-11-09T08:00:00.000Z"}, "data":
[rows 0 to 23 of 52, columns 0 to 33 of 34]
-5.024696972597468,-4.711744577399022,-5.002039585908555,-5.220817764702101,-5.565016999656614,-5.823796358417404,-6.220548112759773,-6.36254350091246,-6.687470250931713,-6.964465731588763,-7.490020041155411,-7.62734277862904,-8.003876710347502,-8.125319373842322,-8.148034497138237,-7.811310110557286,-5.468236479102595,-4.050751645114735,-1.7813508082149228,-3.125807531463031,-4.43315942394904,-2.4603778713608193,1.0414069404470951,-4.702737057734468,-2.1505221930240745,0.35145743082347664,-0.6088830422685413,-2.235378182927351,-0.12397091942598559,-1.4474031841151216,-1.7271255734063775,-0.06037533589474415,-0.20368923699983504,-0.6837513235423525
-4.3879720905850785,-4.504023954320197,-4.677846251905259,-4.965783364863636,-5.051418826323898,-4.906936252980001,-5.2453384658795095,-5.501845652200849,-5.809523026174704,-6.315820797248134,-6.979504554188313,-7.305354364496204,-7.459008455337086,-7.905014357659385,-6.634594660487646,-5.648936454169761,-4.3219772764296485,-3.8366107434206183,-0.41305835556364984,-3.4264822137299666,-2.012808751616395,-2.813653716480252,-1.545449835101773,-3.027604836508338,0.6727209371387314,0.043433591471617315,-0.12590214494771937,-0.14339705574641623,-1.572152654619306,-1.4316309491016235,-1.7075645211156962,-0.8221531765313476,-0.9453192323999404,-1.455395663438363
-4.058369828551318,-4.187794554455632,-4.888698841110062,-5.2131284827276865,-5.503112426005533,-5.671991533034788,-5.672456553945136,-5.564424718471667,-5.706162688815407,-6.2242499610238236,-7.141855929502245,-6.9941562760348335,-7.6686019331900654,-6.419410642781498,-6.586063879794635,-6.617652247954931,-2.2437120689481644,-1.8719788034363054,-2.4484573754369023,-1.5599908807039287,-3.236471838346971,-2.5462851818210415,-1.1663924883185306,-2.3820721465777948,-1.6793668979419056,-1.1315970148951775,-1.1295533899453112,-1.5361857306296625,-1.6406860643919672,-2.2016161281648006,-2.3622805532653075,-1.7946620315009494,-1.4483884851834,-1.4631383070291129
-3.2725890250948266,-3.7229115303608173,-3.724546923018141,-3.9969932239609953,-4.489363592075419,-4.64296796683376,-5.037110776480313,-5.4781259108416664,-6.221936530372834,-6.506290167984905,-6.493969094809671,-6.678510716565244,-6.47295016502109,-6.526153907267557,-2.699049761193615,-0.7338662602355226,-1.865247055589589,-2.1370379656854066,-4.513950713598455,0.3595926389945681,-1.6313058589033032,-3.2974563365701592,-4.904435747465279,-0.3014134358589117,-0.7155668478503875,-1.1905426072799872,-1.6011737512726274,-1.4505922383232865,-2.116808959693458,-1.5803905538743401,-2.189596390606803,-2.2093854699400812,-2.445253007093479,-2.102103656280438
-3.352381630407297,-3.234739568545912,-3.5216860296770127,-3.7134468630745525,-4.339676647113146,-4.862174060424185,-4.8390262470710566,-5.157694994882883,-5.641826123563573,-5.999831918560807,-5.947904765352925,-6.2203915655482795,-5.215550600689333,-3.048173934310893,-1.3033820060321115,-2.0088871208578154,-3.1966329290286755,-1.4973926746455952,-2.3550823938696834,-3.438012549031434,-4.8767805950436065,-4.919084556160095,-1.6311673657078876,-1.0991698828979342,-1.9219326664025207,-1.3823576208240844,-2.0069108515337826,-1.5758823601570378,-2.193983973242645,-1.3842223924032002,-2.0319879680670527,-2.338679884456321,-2.1195986817222607,-2.0093105739990915
-3.8664231683728176,-3.8486388330803107,-4.045024488552342,-3.951325994252659,-4.204680401557305,-4.302350554788304,-4.538100155560424,-5.000283686986583,-5.64233336180452,-5.384395351110213,-4.489204760377642,-1.1195082759787571,-1.2130755287608386,-1.2286629769518997,-1.3956280473136233,-1.5406678894741674,-3.100412065351585,0.029805173162284773,-2.8384676926992056,-2.0282621033565063,-1.9850378518603973,-1.5221888479605608,-2.015842270652356,-1.9674358826830651,-0.6731767489632752,-1.5209256055827935,-0.9055450469786185,-1.269250134672152,-0.4848644473970165,-1.2731004961405483,-1.4281411997882294,-0.6825788339935572,-0.4369156723626125,-0.7883554156388426
-3.143808818411539,-3.1486549667782087,-3.886467039227319,-4.043423545606085,-4.420106541218185,-4.811811529764014,-5.0789421795050504,-5.231126743436111,-4.521101700867812,-3.2110594281911964,-3.0239173701095097,-2.687776936745009,-3.9422968249056094,-1.211994634412711,-0.7605137843439863,-4.048197161730793,-1.1588353380755014,-2.710071554244601,-3.026858675776984,-2.0572899414507186,-0.9269073320504169,-0.9525700444884533,-1.654351167862569,-1.7876557655720382,-2.4808121389785995,-1.5671062316147828,-1.878904274698602,-1.1641382773154152,-1.3668939218390912,-1.3166010628352336,-0.5366585546869892,-0.6611407027641065,-0.8750091963405635,-2.749571565447476
-1.8541149033772901,-2.7164106487468267,-2.840626798881788,-2.868929675091677,-3.054079854235702,-1.6353427790481878,-2.0416741358283144,-3.2527136231109095,-4.023419388981029,-5.1300800526752335,-4.280005647400224,-1.1612307877908812,-1.3100629376694326,-2.9033448059412006,-1.6228524399534594,-1.3027895835871495,-2.1307426336820967,-1.5795920865145947,-2.1964294034620484,-2.200192095036784,-2.5534396670582633,-2.181050602683989,-1.7328625584701776,-3.0829222183605305,-1.1756965930905554,-2.0558939854951417,-2.277473830941578,-2.702213481480879,-1.5115079924995924,-1.7787213415241374,-2.099776536502454,-1.631537938642276,-1.9173723594655572,-6.017094886125947
-1.9602352213297767,-2.303607738396807,-2.2130300132213714,-1.803295632706248,-2.1598243765704375,-2.4453217633898876,-3.251660071838624,-3.8088970534635673,-4.003953401755812,-0.9509850570890042,-2.2762084012212753,0.3686715108261391,-0.8532191685345327,-2.1208982623829735,-2.2059464132548845,-1.0888968126965974,-1.2570784000364759,-0.29386162481483097,-0.01996257035458707,-2.387483625049568,-3.298275932073536,-2.8650096303126578,-2.8726883559405274,-1.6195337927799598,-1.9507108767863799,-2.1672084089519794,-2.2566610246671366,-1.3292908014369333,-2.058696167857879,-1.6713588545878824,-1.782039379358716,-4.402580026827768,-8.063448404766095,-7.428525329275254
-0.5333073726443299,-0.22750791263114462,1.7923963279875783,5.24622994177485,2.6250352037131224,1.9656472788080062,-2.8440966848162916,-4.950183102328123,0.4711795656925247,-0.028789940479654923,-0.5746648833471654,-0.704545958794319,0.33973921203241153,1.228333398633182,1.1504394978516685,0.5063358594120931,0.4534665190309246,-0.8024062669864601,0.12305422869731797,-2.2481092238479383,-1.675879565425236,0.32674863728337766,-0.7340342838255941,0.7398355257843551,-0.479804860614232,-1.4044035011701885,-0.6326178208314756,-2.7501294252175916,-2.2791005215009155,-2.221008751780557,-2.685068761882714,-8.04170971760614,-7.978999703417003,-8.029391347931526
0.9849556992726244,2.420112521500395,4.788413546392904,6.781295672520164,5.163187754826821,5.048124561855366,2.1899385631697506,-1.5041006448895535,1.5888994169934896,0.30916348256634746,1.0286459573760165,0.8747800276163104,1.1201486310023812,-1.101390479109347,-0.9420266459985418,-2.9988695003460024,0.15983049656296858,0.1585363376277624,-4.104210219675046,-0.18745940802496447,0.6546811409789339,-0.2490863392406722,-1.786700029625395,-1.0391713438142451,-1.3577807710368217,-0.25942243081421773,0.5343694211603788,-1.0996027518613154,-0.5301516693855592,-1.0278609967671897,-6.545963115783006,-7.126205213101126,-7.4678051354520845,-7.545754831094803
1.2526364505199084,2.3352474196059814,7.004265926346929,7.725530105477324,4.646178987634385,1.3838946082350185,1.3583416419914294,0.18034488412502295,0.8370760771066368,1.2620548648373058,-0.36477515706639413,-2.8087235346774992,0.5194858296401771,-1.8479295829332627,-2.541924214890727,-0.359124495701065,-1.7866945731248263,-4.720609863862676,-3.035522568924626,-1.1250308770320316,0.44993481719202505,-3.0440001371766634,0.7275782540776413,0.46511767918581204,0.6682459134450848,-1.1314538281835076,-1.042375243474001,-1.111000914449592,-0.8177128752278372,-0.42967233644138314,-0.37422831905425036,-0.5565507256491348,-0.2212132266014384,-2.4045800558078625
3.1784898891567277,3.225050438650833,3.93128662057258,8.534485048286053,3.4255263316934297,1.0394030428078198,0.05788080763681352,-1.114621248462156,1.5679790773310296,2.133617079031236,-2.7891809017642313,-1.4070250026521065,-2.483822175927815,0.4378770970550524,-1.3146881603118203,1.6163569471044443,-2.350642434585967,-0.6054367981406228,-1.867883268815422,-0.4396749395056887,-1.2154376234328168,-0.9407557167861756,-1.1603889129376432,-0.052933189320277026,-0.3081083695222356,-1.1956905001781406,0.17262264081127407,-1.962308116829519,-0.262525772016025,0.12304234404376853,0.37748558557071854,0.18898879610469932,1.33320516511949,0.7128441679076761
3.7447482276045037,4.005659389532695,3.3405927905771016,7.90372353532272,0.31077247025775906,2.6737719538178464,2.649647014667676,-1.4382961682622983,3.749899623000107,3.3675816851756326,2.507898505688616,1.4869728777925786,-1.3965902972200246,-0.20840492635423938,-3.036695925597859,0.3407360843728965,-2.430764299372418,-0.3263784142883419,-4.440329925396756,-0.06609060306827041,-1.0041548679687649,0.5656399664190876,-0.8313106129339852,0.16523529565110262,-0.7204053622408807,-0.42145727992238347,-0.23835863823020892,0.9996099275228307,-0.8507691527875574,0.9387170885435726,2.004173776658299,1.7763219736862264,1.6080108058955749,1.1823856164841062
4.070520973776571,3.862421113726933,3.8814601231021437,7.779081242653453,-0.5110721708877491,-0.5572799561122909,-0.021266028807216165,2.5324609130546576,-1.586131836110772,-0.6103159846812191,-1.2734094101818554,-2.144710443338699,-0.774358991047773,0.619739747447424,-1.288885529353627,-2.2472103137419386,-0.47457457262712777,-0.10784415212548419,0.404472459939791,-1.4906294851675166,-0.14338162512836744,-0.8576959251797366,-1.6010203654577175,-0.8589621485660952,-0.8618522041184398,-1.696871064204227,-1.0816043186168225,1.1160904707870165,0.4096036322427733,1.6262045241225764,1.5507145348041744,1.1692628294641243,1.2221799103040936,1.3618785627576377
3.914937782125738,4.8221412603944795,7.402113256998561,7.059582874939827,1.0238521374700136,-1.0464486186254598,-1.7390395858940813,0.736926045607908,-0.8542605935283646,-1.2485378024823013,0.2847199449347211,0.27002174538074625,-2.7345471279151403,-3.006511384741912,-0.4644543665212985,-0.9051986637059064,-2.2949957694673144,-0.21036179380717074,-1.1241532333647024,0.31418847731520205,0.23223759777729802,-1.6373971530458569,-0.7272373468376163,0.07624493330769413,0.013636733866158527,-0.08495106647219682,0.7630972966075792,-0.1979785539531464,-0.017023537644197805,1.003326072764129,1.2670123970683973,0.6987731983420755,1.0217425413979722,1.430057972215293
3.466710988949255,3.5045372380555677,4.499697101158934,6.954719919008554,2.379653365999427,1.277723714561265,1.6605529343048966,2.0798098297136267,-0.15742418261890062,1.327007685123018,0.4875250458887307,-4.584373102752564,0.9438623979956613,-0.9542783721023651,0.19832111357075688,0.4862073273372721,-0.378282105508556,0.4683483965387671,-0.019134351684611108,0.5956023384501324,-0.4905293139850965,-0.8347349120843515,-0.45563822797261283,0.33968884111854936,0.030744248490573844,0.499861267184016,0.19094511186049423,0.21492963143772797,0.7058020700515957,3.0056571207820704,2.2078645503484364,1.950370134568025,1.3093215913737937,0.7064490934824567
5.0687828926701615,4.498551533084636,4.749412589407953,6.800774173773829,1.6625621926425618,0.004981522803614352,2.418537416613973,0.7236217020169348,1.7746498561346788,-0.3150292091588044,-1.4005926874404369,-1.899880744501068,-0.15978585900191658,0.05034681162191489,1.519047891793737,0.8675670377583464,-0.7867929747928216,0.09782617981899924,-0.11340926453205685,-0.12226683901043049,-0.6999468163945419,-0.19806377059100616,0.44774251565814255,0.12702800621436566,0.8090271084277492,0.45090887662527857,0.23475830503351308,0.43374223119831334,1.1328531225361858,3.1765718545656547,3.439303310214799,2.7907182353225592,1.5123231663007988,0.708720845109575
4.877152016950839,4.6367522837773745,4.225608515827647,7.615552910352359,2.3362251790352326,0.9303954862856894,1.6012401770514837,0.554919664260279,-0.795061045607022,-2.5164703937584623,0.24801422723645578,-1.1902643789424838,2.0358777033011393,0.6407114883162494,-0.22665098881470494,-0.2900248465765303,-0.6676665473251285,0.2500707906887256,0.09789451849588425,-0.14191854513617616,-0.15195036211044932,-0.2272483855685587,0.3237639595822113,0.28403458355937616,1.0814239364466631,0.513286790104728,0.1726454325114459,1.1868762072690182,1.07833448370059,1.1594182698330366,1.6323149684117262,2.6741887706330076,2.31577899060738,1.3102659875715525
5.011567934841512,4.7404869210226135,5.4003482348872165,6.064862740607025,1.6035547829737,0.49991439472066973,-0.09044985749470012,1.4870449355235005,3.0571130158635116,-0.5976838009004249,2.78936118592782,-1.243482125404235,-2.4440719249016443,-0.744324796366454,-1.3228848477535065,1.2776775376753797,-0.548748503071786,0.6447761772425468,0.16954471754806227,0.07236116154297088,0.34707366795068995,0.26234367449585083,0.0186176428158597,0.4676021285789592,0.33388532654799047,0.646482463828521,1.435131300598596,1.0004073188797566,1.0549492499319728,1.232389340905801,0.5641500434211861,0.44062655357697844,2.855004967211536,1.1343411060157977
5.50699390777154,4.734972301472287,4.463694314363803,6.614605733013675,5.050296648047208,1.4275101127242196,0.7542808723318173,1.1606261039774879,0.5427424222764624,0.49739597761564913,0.8133918758757444,-0.8223425113638926,-0.10171015617290298,0.1352482436048595,-0.2170940158769226,0.527043457828252,0.37139655922997145,0.2894249921959748,0.05429585224606162,-0.1274585894043931,0.01228100380578024,0.12573339817116985,-0.6768319072968004,-0.11414754665764397,0.9276188612324067,0.7564158703789667,1.031839470672453,0.6691147405707092,0.6001052488029613,1.0011987587101285,1.0009985642738333,0.8071620956091112,1.4604137752038213,1.2678446204746117
5.381041255786928,5.405270695380426,5.145854530818868,6.9294227288213825,6.331417836586977,1.5656803248442446,-0.46078348848478473,-0.8262397185839131,-1.1444916531230478,-0.8991933432273869,-0.925291482192753,-1.923925456435301,0.23356554978239072,0.29600220597282306,-0.46836610674545204,0.3561815226551779,0.4864769276546367,0.23099000513043288,-0.11279400113329516,-0.2532557647377856,-0.4173832660164714,-0.1396150778886979,0.38707241013832433,0.4521283597071356,-0.06363775132117154,0.5718013551712989,0.542169909503421,1.1099508018417965,0.876929447699854,1.192244331255672,0.876524381101558,1.1174028636423756,0.8526425801897567,1.0728360803188601
5.641065200028781,4.87083200429875,6.127720441637224,7.981345466298852,8.323770933061503,1.6101616486413028,1.689766577937563,-1.2901378827517218,0.6109162532295898,-2.836399665080387,0.5052250430627897,-2.3597433277578217,-0.36311963069838826,1.1205978287693639,-0.6889826474571896,1.557751214975418,-0.2199342690370125,0.13077967177213914,0.41924919943625333,0.043523208191168984,0.5783328660675429,0.5469915494234785,0.5018447531046348,0.2444705851793396,0.6375334114779659,1.4041866131563026,1.1632097163474615,1.5579706797588913,1.2279236323756502,1.275387050769523,1.374795780638506,1.4989995477965687,1.1762915018627842,1.4654640846292624
5.030447788657778,4.568287068005873,5.855033922661981,8.127634062450914,9.16946496269866,2.8956142526692044,0.506243708985885,1.8289302503681812,-1.509143811936034,-1.4108220734846515,-0.4568210281444584,0.4297258013659496,0.6728151417223445,0.22038037411629827,0.49082930722169443,0.1546497632459946,0.4916504631161357,-0.10346482519813988,-0.012838615576041733,-0.2738165933484579,0.46942384827190275,-0.3048115829543273,0.662559606755765,0.5269035219426403,1.0692593458213786,1.1542576242502043,1.8157430442043971,1.1537685336464218,0.669291781296445,1.017178850835993,1.700945958520257,1.0735436969832415,1.7537251253065784,1.0032764094221325
