script/wind50m.json
{"header": {"parameterCategory": 2, "parameterNumber": 2, "lo1": 6.000198445256149, "la1": 58.999992894266676, "dx": 0.5, "dy": 0.25, "nx": 22, "ny": 24, "refTime": "2024-02-17T10:00:00.000Z"}, "data":
[rows 0 to 23 of 24, columns 0 to 21 of 22]
6.610049680629572,8.74940522174016,6.985602676557653,4.100661281035902,5.921835297124636,8.169511033963063,10.809645275926599,12.317312878126758,5.0979674839716145,3.3203489350180413,4.416464603939432,2.1419645034839134,2.513684476779649,1.407292781276723,3.462619340232572,1.5394651473655034,0.785432141210021,0.5373734346250916,2.1652868720217135,0.6259738722996107,2.829028162546481,3.6642911403050107
6.606524086215141,6.356877625510175,6.589412611120533,4.320738740432194,4.570146607951181,6.0508626547712705,5.289879908886022,5.1402528691322935,8.332684441688953,3.9257571190736327,4.590512452013167,3.943685750520795,3.6811579275476123,2.0707573836460624,3.4445011886205132,1.2614146144221912,1.5175242260298791,4.224880829041466,5.324359716992106,5.001340377438082,4.123186484912907,1.9367038026640644
9.167458353733915,8.686869964738914,6.694509734244702,3.2898060273049827,2.5335266643520895,13.769389401916735,3.380940443556883,11.699695852757264,4.856403680940066,5.005245935490759,3.489955982121424,3.6254708834656726,4.026548855286691,2.634536293952574,4.79329649335949,1.4691091960761484,1.0561933036546949,4.031277862191321,1.0344121149917163,0.6036065651824654,0.6913064112284639,3.8633769652069825
8.611939329769463,6.888408414333606,6.949182131173731,2.345060026413338,13.793065435655473,13.122143567033573,9.312323560113564,7.71599281013768,5.635220053446389,7.798243641269804,4.584693745314179,5.246320229187342,4.066712718608611,1.3171396690791035,0.9959346042500428,1.2206364013786313,1.483987333994639,4.378930240217917,0.6580161805906757,-1.390280314168482,1.9842960006028678,4.5106446630250865
7.849089799654541,6.750608002927362,6.9613696154886995,9.230215018921541,11.59615597270862,11.606290649520371,8.083683379795461,5.564829196865979,5.24470706863312,5.231545450786786,5.305398371652092,4.650032869000622,3.5369906828001483,4.964357032809343,1.607036021418004,0.8655354322071921,2.434018601852881,0.5411924023561769,0.1550569631431746,5.038131909466174,2.4478765367712847,2.1248975782326673
7.480737983747691,5.886919425492159,6.703413152765794,12.718139783641174,9.985961394244747,5.959821322819933,4.527850152387075,12.180452550870285,6.692617037250522,4.481214016048517,3.9215571277986467,2.891717220217647,3.4690215476813435,3.7010695612408315,2.391773938071364,0.4451368240526715,4.45205504220745,0.663371715561591,6.104244930129641,3.0013990360335483,0.37615432968835827,6.200894322425242
8.42684406895195,8.52226617083576,6.409113892958735,10.440911226235757,6.162007171996282,13.13594303615663,11.748219350270363,5.015740345983241,5.075926783881409,4.6945408724086475,4.985072882556739,3.6523522119611673,3.7066054440965015,0.7709670869677393,2.5764819533605827,0.8475332616726705,3.7460083314989987,1.859202033816022,4.301993159112327,2.6898967810607,4.04675471030141,3.3225599005510125
7.583531746137676,7.59024010172257,6.279756898526265,8.305025845039408,3.903336292719076,13.318194292950265,7.590884701905457,5.525393353730208,6.31337680882001,5.624767874844989,3.6079419571844307,0.9287817888090761,4.2356250399804996,2.3561720560262027,2.7695103548461986,2.281359957199612,2.205635993624799,3.5263624935711797,0.030430828988761927,4.822047419540988,1.2415140905447593,-0.1810250089736655
7.728174023799505,6.97897615919628,6.748659498297058,7.1332261048805785,11.824808505347548,10.631079310780507,4.230121924755108,9.746762115390062,5.063054865210175,10.329850915597058,5.117616465227547,3.0487236824042854,3.2124390654234447,2.1702493657458195,3.7635539659571133,1.2887180177682263,3.6520838650409795,3.7434027182944476,1.2912105306911235,1.9706266132282702,0.050528972873479815,3.599067467965193
9.329576735909715,5.359320076807517,6.109916362925301,6.7814495697837245,14.473491697159599,6.172380960903023,10.259613604753074,6.2257035690013485,10.75388893344331,2.928449226049341,4.697791299045204,3.328936628628462,3.121903283881167,2.541062807322935,0.9016259557648548,1.037195912278067,1.4932407320888426,4.393029229554747,2.032387294505298,0.35336776429566946,4.879588714127188,-0.5752222839653323
6.970899282977833,5.7276151865909934,6.800943199223785,5.9843794354283055,9.435797449416656,12.39495608622603,5.188003894337784,10.570539638603492,5.050526668459957,7.782161238020008,4.645928457559217,3.5904745238204083,3.9077660640896976,1.1934068319593598,2.1703944636644525,0.20450456145297366,0.14398560683986003,0.7027691826417661,4.769853399900377,2.275361676676337,1.4740819553735758,1.7188753526804754
6.362035598998539,5.918241620907369,6.942510174805642,4.599977693143327,5.577951366721068,10.08652601885552,3.2110600598617527,6.054783852010596,10.556431767172803,4.354721950192877,4.441254478386195,3.2212311697181994,4.010904573844176,5.253255216900768,1.8880208404673142,1.3661856743990373,1.7824052438241405,0.6031326920327335,-0.6917944397150209,4.03884604050056,4.888720694547608,2.6301979168538225
7.9500731100094795,6.426048200258537,6.110245499021128,3.258045192958695,5.521172419701962,5.7889359743055495,9.185866848192138,2.9769633172290124,3.3928559377594913,8.61217099876848,4.685784016767936,3.3420582621003088,1.7889968235685139,3.904410518641411,2.533360395632691,1.150872509532772,0.7107872583823693,1.3941717948411119,-0.27027285221219594,2.7665501375206536,1.0723820210738415,1.3461589946422714
8.508910011746572,6.343388772073335,4.729858770179611,2.064604562987845,2.5400382426561086,4.503986005651678,5.4991191879660635,6.337750767488582,10.083800999115484,5.700828333983288,4.514750176428032,3.683100220989606,2.7700181473448637,1.7175065655505828,2.8112094481907532,0.6443741043479086,1.7181428153940723,1.5827241827975562,1.0923057825332951,-0.40837484347091974,4.260487600044923,2.0126165220511028
8.127385816651762,6.695150820102941,4.296306909719124,12.81438008565684,14.188857823108906,13.739148955571359,3.8282873751644173,5.531436444153339,2.8568710872600156,4.466671252852738,4.5697060497717406,1.4945463976207147,3.546759131969728,1.4518107917459357,3.0266292034080546,0.4325699338451263,1.9832017264857527,5.737490871744054,5.442726679472291,5.0767584170521936,3.71537942210536,1.7925114389824335
7.81883031829609,6.951993876691767,3.856269605529327,8.507129803403522,9.819001130034797,8.293300364496062,7.35961195114197,9.801423895210842,9.31168756952041,4.62301609920508,5.207697082498139,3.5187623319606347,3.608189896251145,2.7316656777521082,3.0814559344313928,1.3567079278170842,1.4765464318801258,4.522030284704965,-0.3352208697492507,0.520162737214301,1.1804927122426716,4.225226650774426
7.104873747857413,5.74294986751508,3.53622210152503,8.295116610327318,5.632532385797243,5.479289315333825,5.59826324617892,5.510629403019582,4.274177383512115,4.086832621751958,4.0363344698144425,3.2601271071554705,0.9295125955777865,3.930211014551914,5.211142403814778,1.2921475953872779,5.816062293830736,5.116537975798452,0.19546728542637906,1.0707886795966788,4.872353813508631,1.5103045618908237
7.782094107365107,6.19566980497097,3.2276700364138122,6.591037593205508,4.465679307561418,12.65889123790046,5.293044344390315,10.792667334736368,8.490386697186945,8.755018643956847,4.307851484929019,3.6748109236600404,1.697775994489952,2.632198923762306,4.349778379448202,2.4592416504004615,4.1873232132042375,0.04065420888288024,1.5903218135394495,4.491178808139761,0.855536540466178,4.041252926716608
7.861805755103292,6.042545596031305,8.155645110545933,6.378278109953084,11.503278625068342,10.747164839505086,9.238710741831593,5.177154966087789,4.896359903803479,4.763453680856107,5.592532258816648,2.63545920838911,2.052987312707374,3.5429046841539464,3.628667628554986,2.2666529111505036,3.516187556283748,1.4109258819330743,5.146036215877825,0.24022330826915236,0.4861554453271846,5.659649677931894
8.672238681983915,5.995570519887894,8.443448257943146,4.550599052502945,14.25151406150906,5.921854170874843,5.138142107834427,5.272681312751161,6.581603741170016,4.319599135204763,2.982352070398502,3.277419716846315,2.454357463148074,4.640053935319567,3.695171990829263,2.933319429141829,1.2731004273965838,1.9947847082845769,0.41702057784111923,0.6953459382977366,5.005280943321256,1.7049255976697983
7.46686831226278,6.4859839407101365,9.420184086773801,3.687648736743327,8.675948211549871,5.659929258737353,3.801053282862978,9.873521710010321,5.684149796557662,4.536816506095089,4.909720049891599,4.062447466183331,3.825270986747696,3.906772416296489,1.7209190184737833,2.278411640859522,0.24429169877951748,4.37378088440491,1.355172933629284,4.631797714974767,2.3620088847410043,4.552560495442214
9.280409730616126,6.652436863244653,8.846209794252237,1.8406609242188179,5.371506553918113,13.989666109946201,7.8542826153267145,5.903226472324859,10.87184610173761,3.2265988577891207,3.688577116012941,1.92392617889616,1.0819845755873938,4.24598054260708,2.081413636364709,2.758711098765297,1.3327135465890967,4.281029461618246,-0.7831335134169392,0.25301013243618714,1.744902202363712,2.4165169475875996
6.755834912307058,6.027289609736035,6.3075080242018355,9.620570595921395,5.441329547890101,10.908649244234219,5.837648462027969,11.049400267548863,3.4130799073067157,4.553295051676291,3.434704022418719,3.028672961683132,2.6280793840909022,0.7072829911837251,2.521775365894307,1.6701735046785824,0.8224158765478293,1.4990301000648405,5.222258140699474,0.579832279976121,1.9868381796290027,7.482078062241319
8.540487860125012,6.409957892781662,6.269572962953439,8.718898103920562,13.008548395188539,9.92184719315837,12.084280514174537,5.031200027587974,9.987490726752554,4.01067294675597,3.649864548936564,2.984417352933756,3.219066418943907,3.6492421937551747,2.424540505019898,1.5334425122451059,1.584856707093651,0.3923509482596656,0.028802518118063065,5.115977782113086,-3.8307024794021958,2.7904351595842263
