script/wind350m.json
{"header": {"parameterCategory": 2, "parameterNumber": 2, "lo1": 3.000054539987559, "la1": 64.9999836372058, "dx": 0.5, "dy": 0.25, "nx": 34, "ny": 52, "refTime": "2025-12-12T23:00:00.000Z"}, "data":
[rows 0 to 24 of 52, columns 0 to 33 of 34]
7.094627154792308,6.421522245454668,6.656459078045595,6.704190923676232,7.029492636163873,5.667918123191571,8.858338245900946,9.182248063227217,3.916885245119025,3.0373201470617586,2.6353879004362075,2.682486257000025,1.8947367418324053,-3.295871585465847,-6.127121801793626,-6.491027250983629,-7.363099418898011,-9.874271896519994,-10.822615531266516,1.4778391923381125,-6.674630183724417,-5.126502231417941,-9.338800435090482,-3.918150758550254,-3.671425443411,-2.729564321951523,-2.524049324008146,-1.6650271313769203,-2.329811347489958,-3.156491388330752,-3.6828039276859714,-2.686635825142054,-0.7222889483240154,0.21729213809475614
6.794028155789808,6.381321253907241,7.025873338370613,6.640059462077463,6.206605726004971,5.61067234850304,8.60633469112965,5.440980338637581,4.153015820653571,2.820929508587504,2.5502808510549313,2.4173133160841247,1.8044264761763518,-0.8710408241986632,-4.6668563736315,-5.214930063325327,-9.719163571391151,-10.637745010697415,-9.883121903990236,-7.302091847549561,-10.30626127127284,-9.23536160499628,-5.68965233872158,-6.949582902686295,-4.447516303350693,-4.363016283734722,-2.6781959791784837,-4.603791084040378,-2.9273631759133223,-1.6311227515646507,-3.8128116210017824,-3.6233028192061427,-1.6966069984246395,-0.056867903291276355
6.094861836443718,5.996462301868782,7.370393162382228,6.647754323227085,6.7336283942943265,7.253628425380661,8.6814420949124,5.781239183864153,3.582415059707625,2.368199438029116,1.3181955184985952,0.8354412398925485,2.6390776781003615,-0.31953874141163086,-0.8543231110961069,-2.7734566750855514,-5.912539016554741,-8.983675520796812,-8.224428992877378,-8.90442993485771,-7.746874679607052,-5.79162424995038,-8.454405958839486,-5.368792707263074,-5.669995992838063,-4.642177160632636,-5.162717336343346,-3.3335198628438056,-4.268234027726265,-2.479469146457686,-2.088588892924971,-3.1210948686739632,-2.4354702142095723,-1.0442369051187652
6.058456415057132,5.8377555979483144,6.111410191915087,6.658755140227875,7.069082104061453,7.036405914296118,7.381018760693312,6.218719975002323,4.43242878109476,3.498860022673086,3.0772526846702717,2.2166606494453425,3.424714849419198,0.7732134551263636,-3.209166463216743,-2.5657668721102738,-7.85272075092077,-6.286862820647899,-2.8551635452403494,-5.179118895186041,-2.829937242898406,-8.597236155325758,-6.23555562243885,-3.8816763583757306,-5.208566583866516,-5.512441950850838,-4.735959284336513,-4.367016109807443,-4.514535810874976,-4.0198765060238975,-4.599764480896791,-3.3102776069059785,-3.2089224005546773,-1.8122693261049094
4.862183919011294,5.538866895856196,6.319986319114486,5.774060300702908,6.548834616267475,6.74394864996123,8.010260887801374,5.760726512724244,4.393178767352979,4.419677029788481,2.7262176859603193,3.518630744853952,3.5432783224086735,-3.1012343935746616,-5.256270487112375,-0.8488453321921249,-3.3939301712262817,-7.292008874754871,-7.912548515527239,-3.9623088893177023,0.7602584317138095,-4.40630474967244,-5.279321315833494,-5.334733528015857,-3.738910434901798,-5.9258113356194295,-5.707032985499023,-5.688710910820491,-4.53211578784846,-4.757940997016318,-5.057193187847668,-3.92672401023957,-4.2765746712836785,-3.6595574862546134
4.288066942997865,5.196879778065478,6.240144608411273,6.53362804555028,7.243849449939029,8.755737908266575,7.734307656724131,6.10973108006716,5.707330864687634,6.417242640731934,5.310531147628846,5.266660250484707,4.497432721280297,-4.18402249177837,-5.877465415491224,-5.199890735716041,-2.310190146184386,-4.185146838189829,-1.7398260231017852,-5.868495850321003,-9.589327357222114,-8.097505924894495,-4.5931630451574055,-4.40753026120483,-5.048077398368834,-4.669792853014468,-5.907434219176751,-5.917739619240826,-5.554118069686788,-6.072275646773637,-4.7088265134838725,-4.879699676114803,-4.605389508312665,-4.292003102894286
3.908336037738518,5.052913812392507,6.463451573245382,7.160927616373572,7.338549472738536,10.258377435244675,6.999005694886936,6.504675362120785,7.489514190635865,6.20126658924915,6.022227324860504,5.80946865301277,4.943467927718006,2.074765538317031,-4.845774460013023,-3.5280269729444718,-2.390913183831704,3.819375350062969,0.6873924904245463,-3.0130301974931495,-5.716056929897842,-6.589975329979712,-6.70892406305838,-4.62219108112517,-4.926559993358182,-5.21406189993319,-4.988855261777924,-5.550513224243249,-5.214107761335172,-5.85959622187941,-6.169849493354842,-5.399953739944554,-4.835492235887028,-3.766382147339724
4.857613724097901,5.402585085873552,5.263616887577042,7.094018889673836,7.888044169452414,10.385447853731531,7.171387324928537,4.932131319519891,5.994444285354888,2.6435380324685607,0.09439916043953955,-0.2519711051305358,2.6519289953647474,4.182809789602098,0.564683218769784,4.545556789115584,-2.5576186255268265,5.067363999552959,6.424448906952689,0.6708414443408675,1.309652222563211,-1.6654149754799796,-5.2871707210405265,-4.253042144060764,-4.344880950772153,-5.8155074882998745,-6.0494606535648465,-3.722547695736587,-5.7981400365557185,-6.626938187958276,-5.841460081726581,-4.463822183366239,-3.680532197404574,-3.6990475989265144
4.750821731395682,5.975102906357813,8.250216545967547,7.745085336247094,9.703601734059033,8.31993110334746,7.306750905739284,6.419649806972721,5.020784207426886,5.90171420347956,1.402585796862004,1.4925949326401309,2.498805868506506,4.375111832341045,6.9208289185128695,-0.7811695647371458,-2.964926199059609,9.869763526052234,1.6512345744165617,1.2771736114343855,10.046696582602973,5.301906157469514,-0.5587655018342893,-4.098130399987382,-4.836990814406562,-5.768377740183698,-5.222897519190248,-4.4416941637067895,-3.7300856600847716,-5.651958287057992,-5.76113643118633,-3.689611955093519,-3.080661414547628,-2.6893363770280105
5.971430074025419,5.8257935105298335,7.64425802590388,9.31061846864251,8.815339942110336,9.693502816676366,6.048623579664947,3.6277984551719786,2.2605450540331375,0.3960916155349381,0.3877907498685952,-0.22441307234110158,6.949468788311451,8.900705740173471,1.3781541646945417,6.922184561276438,3.7104993559577277,0.7870025097127835,-0.4529267246253267,0.3351782676646339,1.6105808858818855,-0.3154900400033083,-1.5642765687708646,-3.223249505524678,-4.595377995085252,-5.584027439534356,-5.862950342642027,-5.831011400597459,-5.876602478272537,-5.006874254955269,-4.2458362966984495,-3.7971050194627125,-3.275077740609019,-2.2536402726658933
6.553734037901734,5.466645526570748,7.218492898186743,9.364721607232147,6.453199257531534,9.880046323187937,7.5528730272803015,0.9880668612159458,6.969264630776619,0.38054721704335337,8.314205885318195,-2.2472801525498975,8.656644001698668,10.451358179407654,8.470025968557922,1.7140458803116683,1.3505614414076037,-0.7054591166099988,2.849079939545467,-1.3130321265630773,0.44466081887883496,-3.3383422377591665,0.06961583945218176,-4.967770771109872,-5.615279813996604,-4.193637796259459,-4.329305408283604,-6.97202418129324,-5.382523344455193,-4.758030888240368,-3.9965381696381264,-4.079390076676265,-3.153474367833883,-3.0260896148711685
6.418775846815402,5.915272959308134,6.799637223478583,7.896160318302609,5.526020300664041,6.871789421111136,5.301115912895821,0.8619821717085014,-0.8178747706861882,6.214888443343434,5.490549598009492,5.329248863666159,4.083840184308526,2.8640008877119496,5.624133215629169,1.6490614582182006,1.6466917383146908,6.6668345233240105,5.82520474585155,0.40924573784171,0.29496085864048444,-0.25095418704067723,-4.429852090147807,-3.7346848641467663,-4.6544402028421095,-6.874996503443922,-5.836491554223054,-5.904124515494941,-4.312915988369286,-4.306429388269777,-3.9968710512120498,-4.020204111427036,-3.7214885259998276,-3.397192724811395
6.327426371692043,5.646630389897305,6.955835375280009,4.57184619506149,3.7700624307178243,6.293930431160241,3.1094917658192553,-0.053560853145078254,1.8576047244192258,1.287972675925844,3.8344842619200254,6.609746164601631,0.8672459032852828,5.585705310760298,1.0408342062123381,8.888976072474092,1.060194233668751,0.4054357914012298,-1.761729064082618,-2.0112747783512934,-1.9354552033415904,-0.6575208097709003,-1.8725794643754998,-4.665170523901782,-4.914890048956469,-8.636194153339572,-6.735363154169874,-6.462809030076614,-5.100052689616918,-4.765064405508314,-4.427173084736716,-4.124765753693749,-3.796529047049303,-3.6820242355655126
6.328133074584112,5.391201335433522,6.647175125213244,2.8607218769876934,4.5416548934107785,9.13122491322484,10.482952746025287,-0.7853089722601183,-1.023810863964307,7.513933222132083,7.96267566390635,7.861125204396929,1.473385003405255,-4.073449494735011,1.212683722051556,1.2649715793474927,2.382194673483769,-1.123583743199435,1.854979112104358,-0.49288517866168013,-3.702073180169314,-1.7382255982587698,-2.271816691738722,-3.7202591421044278,-5.403082306241883,-6.115048678261768,-6.498897004228892,-4.150861208411854,-3.3331409496467916,-4.494592391752882,-4.397388081238655,-4.23955200286998,-3.690298014401264,-3.5078213339945847
6.610525231120796,5.466156404127089,5.354434163218514,1.225705998532434,0.8213815836245988,7.004082437112842,-0.712708668336808,4.846327584570195,0.20678173403042038,2.939665944220542,-0.2405237458805762,4.865564183724789,3.7367618722226585,5.781638208894765,2.196208011162652,4.364210191184371,-1.8231053643947732,-0.3994494053579759,-0.5804670061453329,-2.3456897989191385,-2.928777727700987,-5.180659952571952,-4.167532814992169,-3.802068077387761,-4.551663790957975,-8.325817854517805,-7.775284370319894,-6.059846180800956,-2.9657799712479553,-3.131862531182806,-4.067909101811478,-4.04288141083455,-3.6940729751598056,-3.3660119927654493
6.185125156717785,5.321249592026135,6.470815860450703,2.9969216731275696,0.7033096216797716,7.537363122334382,0.11516909253437892,-0.9486647251962915,-0.5933821682699563,1.6131205914874318,2.254073577271926,6.454032419494701,-1.0227697977148833,2.4121367429413536,-2.7882404850755407,2.5340519147284684,2.934990317412012,-3.342201093832255,-3.327475512223298,-3.0828355586907334,-0.4700339880406812,-4.918760858435664,-5.225829017121817,-4.532131525684058,-4.902083280411208,-5.94705831718383,-6.369418018410111,-5.394197429389878,-3.7168421083761825,-3.0341032928720724,-3.1222478971988568,-3.351295758685864,-3.264075760378767,-3.325398301481607
5.820874616198071,5.500579858445048,4.487108998072319,4.497673321850152,1.769971591281325,9.460481819079948,4.248994175419185,2.5706125368019093,-1.0929201803404693,4.616121714416852,6.6483232300778345,6.1389531425519905,2.14537246678082,-3.6497765486202867,-2.4444822676692204,-5.7484668705356885,0.45870960527469173,-4.228519385044053,-3.602319924199367,-2.8025936821714588,-3.191602177580358,-4.103864707991323,-4.542756738577552,-4.813613042170439,-6.030078638045337,-6.001816955898145,-5.952408219478483,-5.5040859312516535,-5.173805055691741,-4.345946739480445,-3.7794986803423933,-2.771553591520499,-2.713971407287631,-2.665035638434256
5.458726718069989,5.700645152488446,5.028161311961108,5.981380118389551,3.2419699452205077,7.648458711112673,2.0591951526004824,1.5940766424648345,8.746922591988854,3.6234252723455493,0.11561630766579681,3.1401028557365813,1.2540496823953131,1.1863401460882765,1.016683589532707,0.9315129998114162,-3.626270745162971,-1.7396837104898089,-0.8481825190488375,-3.559811022122222,-3.35971697458531,-3.9840279486437833,-4.742279091941995,-3.9616579732261425,-7.401382829613832,-5.820722217990166,-7.254577682228858,-5.193847158953058,-5.784721721252278,-5.452659676700713,-4.5112812213744595,-4.482143299986223,-3.3057968218438814,-2.700760430234386
5.839245122260821,5.696059003403528,5.453628865962144,4.783942059694613,5.49428852617418,2.350876647147013,5.360386168771757,4.390211012849301,-2.318341427118448,6.354333767681303,3.0759342754729437,2.0682041926107826,5.800317031484652,4.647616569870276,-0.6469174566240399,1.0813117419527543,-0.3276619956748713,-0.9409952030641956,-1.8430288052435877,-3.5649875526952846,-2.3820689977715293,-2.4528094121146955,-2.6538973284920835,-5.5409595519466315,-5.16106202934385,-6.319977586342527,-6.572300286478729,-5.352502897167793,-6.629988235476113,-6.105944279479676,-5.204096116012082,-3.341376837386859,-4.948049518708979,-4.6309874635218895
5.523085296694046,5.575362986032321,5.69420573300288,4.474059393006721,5.473685164643882,-0.635087640998282,0.803374121926561,4.905003272580787,4.815814250125692,4.70443069231094,6.081477380841868,6.508390737840006,-2.6101273886992225,7.816015949873587,0.8014522287272938,5.851667457867682,-1.0616536115813748,-1.6796923696207087,-3.2090262900937283,-2.764915019028634,-2.602131028926176,-3.74387534538185,-3.625708282266381,-4.73695519991913,-5.801014107727833,-5.876418350651821,-6.394097611868961,-6.620988341171683,-7.150314695705797,-6.404449880707972,-5.66207240017127,-4.827668800563286,-4.141268166196502,-4.296655379072985
6.595617640376822,5.731614679958024,6.4682259567188,5.312769887734536,7.507688850052559,-0.5435006567225474,-1.7451261313982407,1.8578572961784083,4.570541420216223,3.929644814460849,4.176644974949052,5.146903543423513,5.3174763909940985,3.379764680652593,1.1073466259536355,2.422052798124146,1.4970352885300775,2.8361034014578497,-1.1944646878261918,-2.150151083588365,-3.2727327874973997,-3.443322611450832,-3.6768902548667017,-4.931421503189008,-4.088912144100227,-6.118461456765609,-6.255803933898548,-6.9813925290823855,-7.0443259829160345,-6.569988820570058,-5.125691372031183,-5.072069362332311,-3.903092573814993,-4.078189689732938
6.61902619831364,6.062814818271522,7.0714007564412045,5.660729558084026,6.992604175803506,0.3658956686851956,-0.7753878700566734,1.6656641499232343,2.442417907381263,1.1596907981119546,2.4708358265546013,5.2060895271276735,1.0699858592504816,5.351174563415898,1.5954908658011446,0.7498854499187612,5.896860812932086,3.984982608802965,2.255810209978057,-3.340268277888635,-3.3494635704565963,-3.585728688097966,-4.527961314641066,-5.746861185518288,-5.420231446014007,-6.188492697650943,-6.745496834482066,-7.372214633746622,-7.118228800057249,-6.801748897024111,-5.979334380908355,-4.720715657067092,-4.026660187226184,-4.039042609299865
7.428011845548857,6.398789858448192,7.787209093150145,8.779324388817596,3.741155425992751,-1.227761297112325,-1.1804249283352735,2.143750549362976,3.254673583410677,4.50566588616236,1.0593404416394,3.1670737725690596,5.510832585231134,6.232790154024945,6.146047591238254,0.7764976772562554,5.930832634603689,6.886166386761548,5.247673869339846,0.8279553576318708,-3.253999411561267,-3.599743862004039,-2.729801431298565,-4.919546169475067,-5.460811153943033,-5.217113721704992,-4.914562291340103,-5.873482715735638,-6.740490528293754,-6.868650744182381,-5.980195003703624,-4.262499849669056,-3.891470268314278,-3.9622819781908762
7.927451658467538,7.024061994408095,8.044171849004984,9.675949225272875,9.084226063871053,1.097170572611256,-0.24970962024265306,-2.2849918106210776,1.996278889896028,-0.8010972490378465,1.0496010165319622,2.3876394031650783,5.282480101305788,4.976396268107061,7.8727359930002585,9.465389087597865,8.918028872261761,8.317854045925872,6.283266596080006,5.784380864099234,3.8213257671379477,2.1062559383827955,-0.7154811981077737,-3.9036997249647207,-3.2567712714658943,-3.886786468554235,-4.646681445484368,-5.219633096377135,-5.466854581838945,-6.050730341027539,-5.904002288055961,-4.917793228809099,-4.878150333855254,-5.255440752068987
8.082060237889571,7.483620010104348,8.940815949446224,9.48800769421028,5.472500477888131,2.2998169806237434,-1.3864929189596955,-2.1460782345907234,1.1611246667129116,0.49646724393392605,3.412022410210463,2.1290204281697998,5.549744964913198,5.9410716294760295,7.703645364135993,8.357169240580012,8.909317676696295,7.808453514148472,6.6175250248589395,5.973329239126012,7.853136137513535,5.097512630612582,2.153218839648392,-0.8252607912265241,-2.612980441685845,-3.561461986196644,-3.1134170659862788,-4.390385853719147,-4.922976803418445,-5.518270621014948,-5.427085828016225,-5.752858078265377,-5.31270489683971,-5.161950240964964
