script/wind10m.json
{"header": {"parameterCategory": 2, "parameterNumber": 2, "lo1": 3.000054539987559, "la1": 64.9999836372058, "dx": 0.5, "dy": 0.25, "nx": 34, "ny": 52, "refTime": "2025-08-12T08:00:00.000Z"}, "data":
[rows 0 to 23 of 52, columns 0 to 33 of 34]
0.8395761473366462,2.3705932136396353,3.245851986912795,3.5719413907557898,4.415064253985048,4.6240908135539485,5.35800760587381,4.522630778772856,4.879546509901468,6.18684044455167,7.239954654797445,7.402916551114985,6.582464907641112,7.203211772648683,8.12304745607163,8.449179596832586,7.38065695563595,7.498220360224185,3.646973977911409,4.8209065672685325,4.3175022007223625,3.064763023962624,3.6308861839164615,4.212010718038179,3.413903917006515,2.7143516573968003,1.913405474058261,1.961474750240255,1.8362219050939919,2.2631238531492195,2.0418181081575897,0.9731566335735435,1.441805595495755,1.266204923742462
0.5051522453618482,1.964170048300611,2.077782903269949,3.3390491654468946,4.119280036144794,4.696621906329485,5.014701747406203,5.734049434151306,5.942858405781783,6.477026548303445,6.49881451517798,7.632020348699498,7.422459593991293,7.598130854758784,8.139253213399945,8.194604649599697,8.190328174419303,6.049310510344431,4.426693294782872,8.412081704106289,2.232159141675563,3.107803288998768,1.7815021388937209,5.223564463829929,2.6270741224650886,2.721423081282394,2.3291849358307513,3.383971002348263,2.0920594480422436,2.8166345985107806,1.888499195710919,2.301583535855458,2.102198242260546,1.9727751702542442
0.8184013836593838,0.9433917087816523,2.0561917488827093,3.436570934795053,4.03805224291399,4.275364984565769,5.233217129949402,6.09088790264254,6.619983135034918,6.859331370801375,7.117042677398182,6.798106676758079,6.84043549732779,6.3023569693628225,8.331575917150882,9.41130663824733,4.394193332351329,2.3520656224006813,2.811494454022334,3.890319390533114,5.447801105294094,2.888112276791503,3.1959978156157542,4.534045378154276,3.4184792577521295,2.632453770784893,2.6760724313167326,2.3515515095906454,2.317433261914817,2.4561958984367585,2.5107549678464425,2.519810386897903,2.5463122154005142,1.9729996734833624
1.5950552685602921,2.0760326425472626,1.5699754434750446,1.9525882343228838,2.9683344672005787,4.487658777979449,5.736328613884883,6.754438643044973,6.466204729003384,6.692274430841305,6.8545158180935815,6.220710069684382,7.63440943132302,9.623743140661832,7.960182972895273,5.348348223069202,3.278633206566556,3.2745522934988496,5.109636331568498,1.440915265766835,4.720339658365856,5.577680692671585,4.958603534417504,3.4192052477670076,2.038770236883163,2.9152823756330384,2.730303255809503,2.700440309185291,2.4579583059871117,2.3758033955266593,2.0999375415384947,2.605399184925987,2.269779838842652,2.033591775339219
0.6146260748340043,1.3069528163386008,2.0030929256019845,2.825294833400168,3.781143013779885,4.338111153978,5.700886330860909,5.500896745286315,5.982850061581196,5.852468780105088,5.876505039193167,6.638874892263237,8.817906839864657,8.222789234289031,4.558516906826751,4.959507215325636,3.824667173855956,3.8131300313684977,3.905933908136259,6.297771944550744,6.041227883784565,9.469961751726514,3.144935474737521,3.4599672574140454,3.3129957344089678,2.4227719892060215,2.5841357002924963,2.5889601170958465,2.73724162502395,2.6047892119055707,2.5392717203720725,2.861542678136395,2.587473953934186,2.2101519965244383
-0.26281443625718104,0.2796858528095336,1.5232065679140216,1.901435524244123,3.2652254257005886,4.264291213216406,4.5199009876410114,4.598079969600551,4.770019662139148,5.56750305318674,6.257936484159778,8.629502239936738,6.962460807055289,7.141756350162618,3.568914759890507,3.841863479730444,2.712850873122157,3.177319714020232,5.985599962858219,4.374665326288329,2.8122887540029105,4.39853771113492,3.983402690722034,2.341028498800751,2.269383318292458,3.0227910697098284,2.7407874945717783,2.5271136118266124,2.3190365117915293,2.46314418996672,2.5257979107694237,2.1210674471199904,2.4535037771476786,2.0196504345253516
-0.8848512127575487,-0.25804091789802486,0.47020693353016735,1.9166205105357312,2.3922962849062577,3.5592483539075674,3.8566753092460937,4.049672346243339,4.833412004190713,6.13797359966652,6.6412951647058875,5.117380532037832,4.402770372554432,3.643222865743117,3.253774835577916,5.96925146290459,1.8899096926515715,3.4628161284507257,5.638843549692234,4.81768500045878,2.9590040314251818,2.9912005742659025,3.7019817327624502,2.5263858177034235,3.259019084915884,2.5353344627942076,2.695299543159916,2.5094227404593874,2.493412920216677,2.7611411132107255,2.3109760574015654,2.533252454366037,2.1379080893504527,2.4412359509190034
-0.6151116980197915,-0.9097540102492634,2.2569271962318913,1.0226545910091922,1.6100803084853295,3.73257791141551,3.5662408750500574,4.498078897395546,5.747719091104422,6.936392990146986,7.350949908777928,-0.5003088297271765,0.8379283642982758,4.912859085396032,1.3861957068118076,2.4954928348938297,3.523085462925203,4.6860143282333215,5.330672940298654,4.8117806747997465,4.195693255577581,3.8341882884445333,3.636677222318439,3.6552308397138202,2.1779271355624474,2.719007394803855,2.906510254854943,2.786855648815631,2.504899158787395,2.2387490306666886,2.3488801987448578,2.2077329979761613,2.376134404076919,3.989950135931688
-0.0689411942999055,0.9165815439833965,1.7330927249867183,1.8477158160888858,2.808372820420152,3.6312472010777843,4.740639273466674,5.939351715053826,7.330618709233123,1.8187138046976274,0.3734944033969514,1.3829687738191718,3.4625621607324453,3.805636319984257,3.037199523008247,1.9080232354256301,3.09754573213442,5.158948748904028,3.5753035901934718,4.639658337254545,6.794250323387982,4.829900976026664,2.1422410069495816,2.279679011692243,2.817999663906969,2.588412460769197,2.8246879190498424,2.3372922398709393,2.2226906314114347,2.7116123502079996,2.6607660427627957,3.006608652516322,4.330836328175916,4.016400162301749
1.230595971676622,1.2113676283795105,2.1312399783073186,3.0372722578039073,3.8432539786655977,4.653339007479314,5.2272245425196635,3.2786002098472196,1.2429263758249651,1.8572557393913038,0.1916152210362676,0.7189893955343393,3.8360258133040097,2.6452201083842106,0.7674515755411606,4.054081760119205,3.145942391095965,2.331955732993135,4.497382159349324,3.6972548806521397,4.795524765354327,3.592300641640935,2.25998863439574,1.7211771798941922,2.093461574390247,2.6991798037430903,2.3385032704661173,2.815969055247336,2.8131924611036707,2.3846836462414402,2.5578559105251433,4.025918118450439,3.925521799614011,6.656936189810226
0.4309293820583585,0.7044123190774493,1.0894330761463458,2.350151128360592,3.0306418833936144,2.1000362908544794,3.044094601302863,1.8145392037566757,2.1956264112099664,-0.42582700788218636,2.050384844347822,-0.8286768934520173,1.8247337491602438,3.3161452129372853,2.545838917823728,2.2514772518874984,1.680860420812656,1.8139961516588976,4.186748796720144,2.360621604824679,3.0604062431168217,3.026463269962821,4.167240483877839,2.092647952144894,2.1847101313159047,1.8953901959198178,2.9899882936404123,2.421844903067759,2.494252288604651,3.3318501865954397,3.9150702658210417,4.211359659864176,4.903213975375314,5.509751859978066
0.017855547617635033,0.6175948571715523,1.0540856825230598,0.8181942401193373,1.134651774773064,0.9271540158080952,-0.06779832915091853,-1.199438103588304,-0.35156313676234874,1.804711852473929,-0.36544102417514135,2.8152863967287054,1.9515583561297092,1.6845183921136018,1.4558190933967663,0.9956419314536837,1.7819352295339248,4.180071970005675,3.0113782754652227,4.095721264628252,2.036349456425868,2.882367117578787,1.3094324084572453,1.939181405398788,1.2441444651671427,2.0001029462472846,2.167043125095386,2.2799725954264827,2.04188062335482,2.425037386065535,6.626049468559286,5.338508999579745,5.421659296926006,5.761316186035122
1.2835552262290966,0.7558543358660557,-0.27748087976710795,-0.466607232135325,0.757336061724079,0.40595326795246295,-1.1341633400773963,0.3613273481809177,-0.11044303515598851,-0.14897234295904965,2.123309104780395,2.0227429051058015,-0.8198850194648347,2.42339181512033,-0.3631504709700135,2.757172342368232,1.6680351878831936,1.4937722178896007,3.1734966078281883,2.0099994111559893,1.997300726536443,1.7421888778613548,1.747167849084133,1.8607519628794742,1.6019782415891726,1.865489786848294,1.991857612689086,2.22606289962856,2.319602616617961,3.6878374960267593,4.898250492588575,5.852780257844741,5.060944985886926,5.015984761100297
0.9790618064730254,-0.2980808812682733,0.4898419816323879,-2.7736693328497126,0.27185402993420554,-0.9900336015266544,3.064967805105899,0.8232400667499502,-0.3313629774089962,1.7194193138423648,2.5819633788711336,4.849123123716571,-1.0239944325440857,-0.406763895159066,1.517334017190612,-0.2281971540102977,0.736306231919364,2.0314081991348463,2.6320733595012085,2.025673548385586,2.0383672800768866,2.578675869906545,1.2710411622624898,1.307118746503976,1.4783392692406871,1.1840989060951472,2.0476967865930105,1.7146684940415524,2.223188016176668,3.6437760605704703,5.200980271477491,5.134417899282909,5.251022346466101,4.5408743032860075
-0.3675157612265646,1.3843497390273531,0.7485074879427672,-2.668347848304099,-1.6045310306506555,-1.5287698249045827,0.5622143630341869,-0.5217633512423214,-0.28219383950982624,0.9991232572291908,-1.0778858780850542,1.4457623721570996,1.1059707152638163,-0.3076924539088355,0.6592745465624141,1.7090325336967815,-1.020023491050004,1.2353133170878718,0.3641561290898511,0.6895135052590252,0.9336804343509598,1.509141649894813,1.3891387956389776,1.4165598275235853,0.8700295957641097,1.630128807233423,1.392275147687625,1.9043897015037836,1.6010890402042854,3.7876229775275942,4.855756758328573,4.582585771759848,4.875341589837961,4.281929169027846
1.087521861855958,0.3622849406319271,-0.9393792863814406,-3.2015324176680604,-1.398810434714867,-0.8187206172333505,-1.4323006383253938,-0.906737166435807,-0.4824319467157883,0.31977486487113604,1.88552896412856,4.059172969117323,1.3999957408137376,-1.113214813796336,-0.5367381458037022,0.93634604493495,-0.44806145674034237,1.1712682983794185,0.7653723385637846,0.5985120901779258,0.18414656087046485,1.5626527644797086,1.3056924020544154,0.39563466700249517,0.34055718160438886,1.0520376225120627,1.4926990568677312,1.7570084185377144,1.7917598831244232,3.470424232899855,5.20365898638366,4.777235117723898,4.332243412388694,3.930575387161235
-0.1411612989184,-0.14735199271558636,-1.0465688159324096,-3.436376327181015,-0.6277435327938188,0.10657881803923555,-1.862481717514416,-0.38475822924211384,-0.11779797208171099,-0.29334063067743543,2.1435931999270244,3.280234486573887,-0.551577734101347,-0.7086386764247768,-0.5671785331988364,0.8285102883790088,0.13399648594895092,0.0902269467135979,0.27959162424556083,0.46543400380059596,0.6336885120421808,0.9245612685948951,0.9477243139408208,0.7897831044908327,0.908381585237597,0.8756198556917025,0.9740019825107524,1.0829928415956276,1.5517279571302425,3.619996043446643,4.808453680360125,3.9582348755905423,4.17138982375305,3.696050690536335
-1.7402134836426786,-1.0736262633549145,-1.7418242605075507,-3.3878584978282382,-1.4220119224001726,-1.175366107119753,-0.9544812546069795,0.9756987928245677,0.6754595961370071,2.375328892908296,0.3224333519829128,0.05431169973729275,0.24651840269068137,-0.49184359896267643,0.33694374774662256,-0.5761035304833432,-0.6262807615826841,0.027628570384640234,-0.10175036649189652,0.3487802678826027,0.34738955353592466,0.6475181347712745,0.38766294951971253,0.397524323478705,0.9729853176628926,1.0631141323937185,1.2965803242913243,0.7543404652094139,0.9013418048905592,3.14142350063787,3.88180786833897,3.7404907083812544,4.0640501566660125,4.4271003309330945
-2.386600957189455,-2.9184870050352885,-2.451045157924949,-3.2900700390288775,-1.1448149490766206,-0.5173719327683174,-0.5960518346878972,-1.2017181697001438,0.3379517167534759,0.9378532546961956,1.7163009952591988,0.6295209284189981,0.8351019765078984,0.43968175844063967,-0.5877439863675566,-0.3312910567736227,-0.5678970831696364,0.1268216592966157,0.18554009784602532,-0.4875485484190376,-0.3074691232184053,-0.6057331424015188,0.10961104182407402,0.8540872302446636,0.3681664290836877,0.6523674515189875,0.7297853167375153,0.4316119814370473,0.7521346377403648,0.6303725867066005,2.08689622195577,4.79367923826208,4.17009356162599,3.982058685036505
-2.662286514313592,-3.333496496366221,-2.819833724396184,-2.5835381226481635,-1.0965131719598116,-1.2120111003523006,0.4121900252993881,-0.8319463135341949,2.062669611426389,1.8754642717354275,1.3552952122396196,1.9201411231002583,0.5258138381835676,-0.9155160689503314,-0.5147530973260492,0.19721119861077785,-1.2992657990246534,-0.8643472596990657,0.09891922827619513,-0.6012614490954942,-0.5401119464172843,-0.6904449735383629,-0.37986436050723177,0.3071778929883125,0.851353836742296,0.16788978716498196,0.30012147360876246,0.12042705621681486,0.7447366534585455,0.9186639377129912,0.6657942926631197,1.3663431453884627,6.79010889756845,3.0618000808595855
-3.012796624502816,-3.2539735450737606,-2.8392712634213852,-1.3389272096517641,-1.295543846327586,-0.5258837675887934,0.9771572216877973,-1.0167039570231389,1.323670970088296,1.1165503547492215,0.581546615266804,1.4130251869529626,-0.7805696283056507,-0.3796559937075574,-1.4787578216013508,-0.6676541929095335,-1.0639635544487227,-0.0002063670568909249,-0.8375820560756423,-1.2091307100032394,-0.5622790660573523,-0.35773492080101,-0.6210065620836434,-0.14218399434712442,0.07718238031159948,0.03391873649351658,-0.015004910873730896,0.3473831994528945,0.7503494781665199,1.5036958332026389,1.7251341100144797,1.598290058798505,2.5329277095667737,5.919480404609871
-2.9457391030428157,-2.836893761374655,-2.3741035648302264,-2.0303597747442654,-1.0500891497439626,-2.2320895524437345,-1.9623586182380095,-0.23888027385026664,1.7895522579382324,-0.5505314550437229,-1.2125744354953065,0.5851756107845515,-0.2503153571143983,-0.44869170262178193,1.842661745041957,-1.134248710202364,-0.7662344545315087,-0.008260641992318959,-0.2619534942708167,-0.04987047073871091,-0.967807539821399,0.2181984946122362,-0.6581121379130093,-0.026432628140902827,0.6773002900158461,0.038868434447670186,0.8014816974708414,1.1928843755986347,1.362664418316673,2.042169581060388,1.8874626932086571,2.3770288118951535,2.487010898611657,2.9117315829391703
-3.808461460326517,-2.9229935438677943,-2.0178426723138796,-2.3587261350771684,-2.2216421490184244,-0.744911715947625,-0.9162853131876628,-1.6121882477051823,2.044686094001854,0.9966714809206728,0.1720277530170922,0.14051234539830476,-0.5280774241038483,-0.582970800696112,-0.2543762419607459,-1.2930996518591695,-0.5443591592121055,-0.0639794068302206,-0.5116185016448319,-0.32240676646739963,-0.09713821254291517,0.07488079964637241,0.33548845943363625,0.8761803093091743,1.126457867739223,1.537752138560112,1.6751685196823949,2.3438883252620095,1.7742715551244481,2.292210878008653,2.459949754149219,3.1371395567275933,5.4238242505430145,5.340552090592936
-3.9648807948887095,-3.3074532296992585,-1.5327752167129913,-1.949067833251325,-1.5459665893688939,-2.260001932374505,-0.7711992145982415,-1.7046993573777847,0.44832799260241357,0.7144917757598775,-0.6601908398053944,-0.4481591070855952,-0.3849163929434683,-0.552295052740021,-0.5967392603621812,-0.41862338151950296,-0.34505351809618096,0.015037793025241669,0.3352900477821427,0.2149238040833066,0.25032033818036026,1.4230406528532487,1.7056193201493284,1.2525923898761382,1.736260123259101,1.7575654321670855,3.56463869806206,1.9816849519937476,1.6464549373368298,2.288028077490062,2.8785682273494437,2.5521485371136006,4.398107920133877,5.533583170384196
