script/wind150m.json
{"header": {"parameterCategory": 2, "parameterNumber": 2, "lo1": 6.000198445256149, "la1": 58.999992894266676, "dx": 0.5, "dy": 0.25, "nx": 22, "ny": 24, "refTime": "2024-01-20T12:00:00.000Z"}, "data":
[rows 0 to 23 of 24, columns 0 to 21 of 22]
12.122723082430808,-5.180198715704492,15.246451353171631,10.396217414195254,13.108253328797012,14.269680323076111,12.557588744872714,16.486826029564465,14.108382747625578,13.475762197840103,0.9595082882942381,-3.263659300242743,-10.038388067291894,0.19380412090981344,2.8550786998859743,-2.607900572134988,0.48947665857782613,-11.455049648933723,2.2772006212741878,-3.0562887017052227,1.5879322589781686,2.3050752934074854
13.513691938310767,15.790816002085139,-2.6975917156191707,1.2293864136240304,9.23672404188332,10.383260533723325,17.42018135347394,15.615455148103885,12.557794677824887,13.35689861368587,15.927706114019903,11.023362546901362,15.501747523164504,15.211007702299238,8.795226552198898,8.800063002128583,15.601558976158856,-5.9684828188064065,13.55973030421479,-5.200297572219352,12.348730013331433,3.5049187014575183
-4.424357964803859,-2.271147397346626,11.394762206527524,2.771346432484143,10.362696060443099,14.158035684206444,2.337392881276011,0.9388932576614714,-4.778052884562743,6.6306494723809895,8.591095771332897,9.676315101251827,-1.8698202456926338,-4.82384089344583,11.050346445446287,0.02904874495980985,15.050829287427044,6.995115023774279,-7.568140641425793,-6.776178528273999,5.119453638784323,-2.7434723641335887
15.808625649879554,15.96325161023348,3.987483318274726,-5.475971667517912,12.21573097642398,12.0201471523303,11.769220291750573,18.503054283767806,4.911268217271939,12.457544167849795,10.530346748933548,18.00243037436226,14.467260610113819,16.343954221173266,8.88676904762198,-3.2653692249162174,13.37686780713077,11.39611048106379,11.979171813771032,-2.872798560012537,-4.041424417743149,16.467078089586437
6.6846784602537195,12.190942911140608,2.1529488768487335,11.791614386048572,10.28267304089044,4.855883122082329,-2.8471507579890396,-2.857052639543973,8.628136790722047,13.15252190131565,3.0542085589247017,-2.6124755146417957,11.81709478741881,14.148582074496387,-0.7625864007839691,11.08097227251892,13.58447515190853,15.71288566483615,0.60346476231307,3.5755177631004247,9.210043904982419,14.90138330959501
5.301941365107504,15.380462475050102,13.574193547286917,12.09492699157329,15.606128724285766,13.337935198276528,-3.6713971673049404,15.920979314705187,-1.993654737623498,13.06044109018653,13.178977751227691,-2.635114781145804,13.180923437327774,4.385609242843195,-0.9866769630774287,12.804477367328909,7.955411654636908,-8.307489067845477,10.524166085644746,6.0770518728901735,13.99048612277702,8.914022444526454
15.267073252481113,15.273065884271738,11.390966611159085,10.10605140117615,12.620577807709287,17.794667480124552,11.862864162238877,10.795060738689097,13.837707374957548,-4.965134560915372,12.421846928172783,1.8590185000692432,13.667175279580515,5.920473338132156,13.466500416594268,14.55482095545976,-1.8442759644753377,15.776351732311227,10.953945638203834,13.684889360478946,10.458103676115103,2.042072078498896
8.527631509570975,1.081336255185614,15.553004848499576,13.660486347768341,12.539742524929077,-3.3867441501727544,11.415850841650732,-3.685858214118121,14.670551433178666,-2.119330041735301,13.14834291915173,15.855385215980254,9.567882632537692,-2.3809634025377195,-1.352532076917406,0.6544124589731196,14.975140155730935,14.946206790998925,15.552088068876332,12.511120097640879,9.9279131299885,-5.524825814837043
11.33321145510196,14.126603717895243,-3.033084741456057,14.386640307251886,8.200376217912368,15.61539898179092,-10.54457791726891,-4.410418645828381,11.044239781905752,9.705920919855407,12.729661741338695,-6.138632514071726,6.477667711539456,14.152507981939912,-1.20644583185482,-4.986273736293883,15.434639159479469,2.028099485013853,12.235037864644392,15.123613391173903,13.385404748722378,14.702615007843772
0.2946593188996285,11.430946490212156,13.578745193924517,-0.84740202321645,13.1607496856522,-1.6487243862569674,-3.0234324297435697,1.1293855937994886,9.835380398677621,16.702675819458932,3.69734638021556,14.432969368794671,0.5797158450387879,13.092565627511147,9.485312632292544,10.936414039842111,15.343550485435477,-4.6845646976415445,8.85730029202143,-0.5392056425612685,7.0696732525577515,11.205904549110725
11.996114124723547,5.697946770399757,12.385017530487984,-11.965721357323067,3.641325827462516,10.92271853508423,13.356284704945102,16.70429442465973,15.19524855433877,14.624133075730002,-4.3494059576977655,-4.2832047896179315,-1.5420546573898892,11.465333197507112,8.337573967272709,7.620403250661764,13.13372121887342,10.256001958252416,14.176023860535865,-3.3814041187992836,-3.1290948440634945,0.0302419159402764
13.423604244363094,2.451240312213287,15.12559095790841,3.4775164481096446,13.794476423699134,11.264093855321779,13.264737593024376,7.510833007138162,16.883417250444865,-2.879683885188769,0.1783038499255545,2.7863657830961137,6.47632079648984,10.250819540372438,-0.7721821279239166,0.8789465465544641,9.59353406437374,0.9889834147444111,15.220872571860884,13.221888262874284,15.218786976874195,10.242092404604724
10.341847540294902,13.034621478289965,12.384194526873182,13.527210496712103,18.96438480461493,-2.927749659549078,-5.103020392836241,-1.9669724143116833,-3.6799706011213873,-4.924081876037472,1.4626013072628263,14.340364228680672,16.097254468699045,13.745384694584867,1.3943029802886975,14.637679034231343,-3.032416281671439,-6.691160622981444,1.1295039051807265,13.479250056203037,13.52551499660392,-1.0044794817230918
10.997484094565417,-2.0559297224892203,-12.384480413245525,14.633471530519254,-0.09330401558927982,12.300298114977501,9.521914100823547,12.016570800033872,4.965016953543223,10.904353238427513,-0.23321732562382794,8.98929055092992,12.705093972331028,7.585732255567286,2.3347897896994563,12.966818990369205,-6.23164989068457,-0.6292290248059631,16.1924734289851,-2.811874060289001,9.208263230637796,5.252220396702556
17.10474209300164,3.0200584353144198,9.113213536380325,2.944526355598879,-0.9276329017522591,8.083216714415075,-1.6252873396587644,11.961232654879526,11.504687624365987,2.9202732945249767,-3.445490269023132,-11.167395862788117,15.827906364092366,15.025054565712114,3.6505683635292643,1.8480704903647116,0.7851164490568425,14.621504108904972,1.0546829215406106,-7.404768609633363,12.884310770568261,14.478553762202385
-3.389506791957058,8.373462536085874,13.035885298830786,13.074504368565192,4.4938097050183075,12.13451479836052,2.9356641637381533,-5.71994129367042,1.8884117096166366,11.981271833846149,10.739719246392918,16.306481165949396,-1.2578513862881282,-4.556854005805437,10.691250399535255,14.18488338261097,14.192038647903189,11.277354407126378,18.476232095109847,0.3010320374543685,16.252581268012353,2.94485133242661
9.814045582757705,17.09067227030074,10.52050592691222,-7.933007174614376,1.4503713848150654,13.153450268351644,12.428147719699579,5.358292260994481,12.093142323937322,5.810655187637858,3.591371204145789,14.754628930014361,15.102635702298645,13.424887874653221,15.041309565187701,1.5116632370897831,13.821165030372333,14.008286507272887,12.240225868307046,11.840521365542477,2.159460182473718,12.267504834714714
10.733336650687347,9.651977934261847,13.817918001288145,10.915152056585109,14.584894277815911,10.880357191113179,14.699296497138604,1.0668273554031193,-3.0141084942790735,13.753218891192565,13.919942062175949,5.634219866755254,13.365886460605285,1.7992885766408286,11.071575866546002,2.389104170309862,-3.1638509432846806,-3.0657258518176946,1.2358004609129518,12.28676691040519,15.85977997439649,12.315947461614506
11.149567459784826,12.360024462647827,15.423232547726252,5.976363959683642,13.084959622835418,13.588826320019667,14.930946045324538,16.19586397747112,-4.632511268853814,3.1275354195875718,12.19901920954696,12.015507197248112,-0.8559324141714882,13.327319993149278,13.394887202877355,-0.14525698530966216,13.374889021598882,11.85156556277635,-3.696902881562992,11.972457527200017,12.137002100393554,16.70358831137133
12.258114442922583,15.919295339758564,16.361591682380045,12.377607120684647,14.977222923380399,-1.404841077978996,12.701745351916518,11.008583003005773,10.722024945547666,18.99262724621762,18.005215519447077,15.578509661267228,1.1249244041212443,14.852025988411683,2.8851146774141467,-1.868517028501458,6.6168008526612505,-4.137738342565232,13.265904495150405,9.919271150761027,10.851423741947082,1.4327875032875772
14.015325570663506,-3.25239907074501,9.99221745877854,15.4070676113922,1.1237943197129996,-1.6288810850449926,-0.7688770266323798,13.525881211113221,9.276402050041472,-4.955700160288519,1.8856383058213297,0.18126876938883404,12.164615072999531,2.993111894807719,13.560740056386415,10.728350430760733,-4.486943802854276,5.570524647876141,14.5303955639771,-1.0025145768974493,15.958772918802199,14.399370387114653
-3.9471611574281287,14.400124104150606,14.14902731033641,1.8221754225660431,4.29519587368021,4.362320791903441,12.529352342122927,14.403777558965214,1.773545570202469,-14.107780582503285,12.661477855709066,-1.3913032037338058,1.4300826994185771,9.503607026985753,-3.510792356725824,15.618930310597081,14.43551442595732,-6.414065381677726,10.786962767842702,-2.3298194651746487,13.109367136407881,13.539845439323813
11.670109736279768,0.9727632494811879,-3.117249459924537,11.44390744270344,-4.589206729896423,-3.3847427722685017,1.4499003622052664,2.3063570981675774,5.759181779705808,-4.28112652840858,1.436433872916476,0.9682314984539887,-4.721339736350049,1.753829877792919,14.41094259333427,10.394950439049603,9.80915150215728,13.394431539396065,-5.995643290620673,14.65115430747837,-6.231592394087085,-4.91667751154291
10.148237838304535,14.454119647573982,1.568416351036213,4.8669971961394705,-3.363751878828139,-4.632713305046782,12.845564775830038,-5.379379398800328,5.047094808525774,10.519847108902761,19.092906589470466,0.5576506613022307,2.0179523427816375,-3.8684633109228534,7.905611814465571,-2.7917758858908783,18.187871589878863,-1.7808664679683424,10.448115053757121,13.383546605271787,15.541807264472343,15.689069753576671
