script/wind10m.json
{"header": {"parameterCategory": 2, "parameterNumber": 3, "lo1": 3.000054539987559, "la1": 64.9999836372058, "dx": 0.5, "dy": 0.25, "nx": 34, "ny": 52, "refTime": "2024-12-09T11:00:00.000Z"}, "data":
[rows 24 to 47 of 52, columns 0 to 33 of 34]
-3.5401507000827426,-3.4652179826526686,-2.817532268594247,-0.9407381126254473,0.38798616193935603,1.4710889424680003,0.14390644782135797,-1.803531191444419,-0.12466105135528348,-0.6388599718467557,-1.7646534893055283,-1.2793672018792481,-1.8196920760413966,-2.1121522318757404,-3.7438998769211063,-7.32529984196321,-4.150260693623157,-1.7261344000399717,-1.8524183054629126,-2.145320965288096,-4.138431068903038,-4.350297714710917,-1.4955362491752242,-1.2028578019144993,-1.7332791978456878,-1.838033759734321,-2.802287393109985,-2.1038672179673017,-2.034092387777168,-2.2305255511378594,-3.3397121132434626,-5.26992749608762,-6.838939389948192,-6.840402655440812
-3.07734793689835,-2.348372233590691,-1.9142631740401632,-0.9101289132321111,0.40664628836979494,0.7547452559154582,0.21578605587605754,-1.3897753639934654,-2.698801948537813,-1.5002409953058673,-2.1847388812484265,-1.5713416532576412,-2.5599674224386177,-7.449676301114579,-7.657078321548676,-6.816787049394055,-5.616734158890491,-1.6912603618970825,-1.5549569166163584,-2.5678109085326413,-5.256008838500795,-3.1508653982803114,-0.9178172873373746,-1.1759901933034176,-1.6940301400560551,-1.9785507522077996,-1.726282340503301,-2.0372414273139188,-2.9957229598954007,-4.513236040527356,-7.076951857194386,-7.19582827025308,-7.558086234211287,-6.936150532152033
-2.9285757777125583,-2.2237715297880123,-1.645294272936263,-0.7732526984103175,2.86171698600171,1.3471861796919253,-1.018977873460536,-0.722765103424218,-0.9986432029946397,-1.3507126557692226,-1.9337725722725367,-2.1702778135333984,-6.494921230496918,-7.269707421237778,-6.592420012338262,-5.281063479527772,-4.416703963772791,-1.2864753389808214,-1.6542530961585205,-4.912328504987089,-1.6168188311455332,-1.56953729552501,-1.531464419225864,-4.597473339421619,-2.73381188941107,-2.0696967413347878,-2.2395557063937206,-2.80137177998905,-6.0093972891708285,-8.118856162477321,-7.712050017146145,-7.728152830755921,-6.364093349610328,-4.908750832888466
-3.3279388936301375,0.1881737508587519,0.8753369943324097,1.416790660400375,1.0972469322663292,0.21571156218790122,0.74246122986329,-1.7456379450801482,-1.6397377109243396,-2.0796011337152307,-1.9000016113295644,-6.43254913141168,-7.3648297503837785,-6.364573918621094,-5.588848430389187,-4.797505934819298,-4.730037621455403,-1.9928290356500449,-1.898207145788831,-1.9849743699335196,-3.7751274703365376,-2.3978990782783915,-2.6387028231745515,-5.723402554357256,-2.3924605148096534,-2.623345310005308,-2.092783548851717,-2.518353127588617,-7.223416043223323,-8.599111275256128,-7.92610781323852,-6.6197524248346165,-5.1935130379973184,-6.130578089914343
-0.7960871823682093,-0.3060629731546302,0.8419323925106604,0.5683905975012331,0.06147378291338091,0.06839429329275806,-1.4655411727012975,-2.687608125200555,-1.6115842017831612,-2.4151850513355644,-7.345612558525471,-7.301421439195863,-6.420681037562071,-5.672229209811408,-5.127484997559975,-5.0335106727484815,-5.2566571762650085,-3.8177879256557805,-2.454283219481445,-2.3933066093673423,-2.3042451789664784,-2.5819701319111026,-2.2561566138377684,-1.9784256268161753,-2.1414297249161733,-2.1223462771716535,-2.479592559085255,-2.591551737235461,-8.668770958126261,-8.602712957825497,-6.173240115965204,-6.519261789995791,-6.924426363807299,-5.295317039536202
-0.8525685384162097,-0.1764614777593507,-0.12203504895986532,-0.6632055740801144,-0.7357228510501665,-2.460500931196694,-3.7183934015918263,-4.568423439544143,-5.862526493097334,-7.3339332675051185,-7.191575864116958,-7.040524553461106,-6.538566333519475,-5.341803762642822,-5.91667158519226,-6.1061314484745965,-6.637502827474821,-5.98423228063642,-3.0323493663446937,-2.322389586870213,-2.591949292312228,-2.5290782806175236,-3.003674180951395,-1.9335130798988676,-2.197827191675324,-2.3043914383655717,-2.728092154542824,-2.450879465039517,-8.359866965961112,-7.203014432982026,-8.40254473130004,-3.3257809756191787,-5.1278963294921995,-5.530131626944935
-1.2872830318249753,-1.4036694349776397,-1.4821851460198359,-1.6094462779700773,-2.952221854441048,-4.190226050986924,-4.840943753491732,-6.209504094701002,-7.507663704068719,-7.507327277719809,-7.496463682279058,-7.3488294048819185,-7.156477629404952,-6.710974447523884,-3.6009362420936224,-6.906991206724816,-6.730087374476185,-6.665870174920505,-1.7703758303323403,-2.031806069432982,-1.9530438728968487,-1.8611190888968239,-2.411952816179535,-2.4659821519792677,-2.440130892134812,-2.792367147411717,-3.149378450481937,-3.0744961157200463,-9.626954984973093,-9.17056350046926,-7.720964730962316,-2.5334335504136765,-6.149202270705032,-5.634092072757554
-2.2787948024382723,-2.3091706912889913,-2.5032902046247942,-3.469554756445029,-4.444539746781417,-5.364687018042106,-6.739942158858729,-7.231769082147579,-7.653800293363747,-7.449558761956677,-7.051420135115239,-6.835272610047642,-6.624454603870958,-6.357172437670714,-4.450658531092589,-5.699287448865405,-3.2752385710246976,-5.564222618767854,-4.627967918978729,-2.348921282826902,-2.3821103115320623,-2.67519227575786,-2.5430655181992794,-2.3855175026228976,-2.938414607362372,-2.564582248581101,-2.683515591196286,-8.87113752347207,-3.701493211802164,-8.529426096250228,-6.862787247174144,-3.2961931935982873,-6.1533641652466216,-6.466969132858057
-2.9531653399428253,-3.544175985888722,-4.388311680310656,-4.939329125969561,-5.55776827290261,-6.455804044890939,-6.651637560234836,-6.790566091193093,-7.209686375112898,-6.909091443280878,-6.733533799148289,-2.4280868253348302,-5.869969414524245,-4.959036101830001,-3.6074954099341823,-6.961330693416457,-6.843671722979527,-6.045736077391296,-5.128829038668818,-2.667425318028153,-2.3417267166633144,-2.233500970488777,-2.7168557528737334,-2.2580715350909655,-2.582587053256188,-3.277603165285297,-3.7215252832991177,-7.518859118159606,-8.020455814170036,-8.428768210723842,-6.30304322408919,-6.638059008803324,-7.3657482285156455,-6.712615398857092
-4.084291365153673,-5.218197958445157,-5.566495418334755,-5.658831447127169,-5.955108254136237,-6.478748161289703,-6.5534474166979315,-6.68133528567375,-6.493896569881764,-6.693069152405638,-5.302916589797109,-5.912322183585076,-4.17877023498246,-4.536515946072481,-4.385587150466892,-7.79125033891884,-7.286618271028351,-6.56399398131083,-5.946692638827383,-5.244224707860053,-2.671561394836694,-3.042349445977123,-3.341965626741841,-3.767118209266839,-2.8634270865376004,-3.046568217771468,-2.7361666449876427,-5.70287355917002,-7.627652703226193,-7.027841109585075,-7.177741973284391,-7.129448381469234,-7.013942409244741,-4.993387618096688
-5.566520733503702,-5.491214314894052,-5.556361762350652,-5.961906634662226,-6.463811724116773,-6.418242797515972,-6.243591307667287,-6.627348224999076,-5.732332632566088,-7.16883832589976,-6.4648403391655815,-4.910550646039405,-4.047451633042928,-4.08547814076801,-4.920459139899013,-5.7651586423011425,-7.609426505822202,-7.449093115151354,-7.7434853280394345,-6.575420138369561,-3.4638139161124943,-2.430680984235171,-2.9134879545369077,-2.7652455981888227,-2.9304222620630744,-2.8796593861604056,-3.1253465085649936,-5.4319015109594915,-8.413275047125971,-8.01885426180833,-7.666770178383606,-7.136239933746789,-5.921516768908523,-5.39232915484714
-5.573976646831741,-6.032278759657759,-6.1525707601567525,-6.1891054830483245,-6.388802261538577,-6.4511456643992195,-6.84226666110163,-6.735243737624885,-7.413185504326022,-7.499823729602153,-6.730493889127746,-4.323962222660891,-4.518193991715866,-4.707339473994502,-5.109981277437772,-4.832926631136009,-7.865845524802794,-7.069586380701602,-7.364615583026178,-4.105331656419416,-2.6188172163180847,-2.1448254268738007,-2.4170262610329067,-2.8415319215186874,-3.0283332084091272,-3.6532584479103902,-5.404496754812776,-9.683040204343666,-8.590013138415118,-8.180491481995277,-7.426450514959114,-6.6819722260949765,-5.634909021301073,-5.117831918059491
-6.321228339966347,-6.712766651243721,-6.609655037048802,-6.755355777902909,-6.666242206984603,-6.295027186583907,-7.357381214519528,-7.211286539885734,-7.809405965848091,-7.6300934929954884,-6.669280996262605,-5.104057830836243,-4.5533262271214765,-3.6784800330439107,-5.293165758844685,-7.629878373251368,-7.9905622509495995,-7.551690035754137,-3.000261289391104,-3.0950672186671166,-3.2825539376820254,-2.449695781405618,-2.420532022203755,-6.943974515818891,-8.33775438367256,-8.86957670679874,-9.813133843740898,-9.093749403033717,-8.377758993810483,-7.145424948027738,-7.097269322919187,-6.303876722773141,-6.898258269953678,-6.401027412066322
-6.996857011539401,-7.181653417594449,-7.176992813456389,-7.176810722516277,-7.15893420180196,-7.887305944791249,-7.107913741167993,-6.7840392069769555,-6.819954233116443,-7.7954110563914565,-8.18869837902914,-4.413454698657504,-4.086853986811619,-4.530476428103251,-6.961564334333722,-6.912441632229704,-7.5452339139573255,-4.094290702635118,-3.5971289768249233,-3.246901739073418,-3.583583435556201,-4.268182361064104,-3.413750839057979,-8.138148485768165,-8.870888447667134,-9.46198340482168,-9.089784724438916,-8.51053031945777,-7.711023979369629,-7.166872108226352,-6.486409531223779,-6.968642121183043,-6.3427449401163765,-6.500333533745098
-7.229188812650615,-7.083343076797332,-7.018168828712987,-7.232752308791196,-8.207240659405993,-7.714814896586627,-6.83371968910244,-6.696242495996964,-7.212351654927823,-8.040824255345587,-6.952096235911925,-4.357076771356044,-5.231466764192758,-5.066076189170542,-5.054726422382763,-5.6976821792337535,-6.544614991527965,-3.7422674972185197,-3.50041865241492,-6.50107162525045,-4.513957043129397,-4.02975608576278,-5.336890793915188,-8.290322439008571,-8.572700434086363,-8.397455994276589,-8.292831011074746,-7.998317277967843,-7.462528489826786,-7.468039982680765,-7.378260534381185,-6.879133630387056,-6.779908837265888,-6.066578829641011
-7.4246657614419505,-7.734829320784744,-8.132517558892348,-8.532028621764582,-8.19466661022756,-7.702349682018264,-7.173902300875482,-6.984417431415675,-7.393061394273459,-8.223364847391416,-8.094943911925084,-7.186575918189058,-5.274512046320604,-5.342219293169264,-4.507498583330924,-4.51031854419262,-6.690488040356898,-3.991056539107734,-3.8146779572980347,-6.433090959147902,-6.489788744397632,-8.010546971971571,-9.00355383253162,-9.093669504323156,-8.349380092209673,-8.662593349334841,-8.293807770456885,-8.278828963700313,-8.512462376220684,-7.843322781254391,-7.494470912960371,-6.913875134238844,-5.9944045275565765,-5.509589442815255
-8.273721895885432,-8.444140570459716,-8.560026623341964,-8.135946577312636,-7.6587879674016905,-7.480547463774864,-7.382508998778351,-7.720074569833412,-8.38292574654505,-7.893446026190901,-8.530239903264258,-7.24417825871358,-4.844923447943057,-4.599847416931905,-6.578532119140358,-5.922230119292307,-8.02936427597673,-6.231866862112493,-4.685798966704304,-5.912388244100344,-8.532184962799118,-9.098963167327932,-9.13581870154009,-8.032711546343146,-6.774079505598896,-8.830644156367757,-8.643101428753585,-8.16330699626134,-7.319567647516404,-6.8140528446159925,-5.654914626801165,-5.682215831736717,-5.317320772269477,-4.688144075103772
-8.65688881318092,-8.535178045584274,-7.847375593813447,-7.921004806131701,-8.142216581538044,-8.200961879764897,-7.412508009319534,-7.77981446577913,-7.452946450584364,-7.813674733319885,-8.044969782998633,-6.318190001988562,-3.9093570920518,-5.062064226570577,-9.141899124083624,-8.28352554524731,-5.800493895294343,-5.071137067534512,-6.618794195107478,-8.457047406467876,-8.491316548698263,-8.220794378488387,-8.713157208696963,-8.945851132044012,-9.223994397169692,-9.086809545593205,-9.040081842121856,-7.878044207403221,-7.158541850376083,-3.8338537347072807,-2.5754301361633294,-4.0730226609264335,-4.238692931061209,-4.191257550449865
-8.6836481622867,-7.856346407806478,-7.910115624335069,-7.6714915255870935,-7.600721133232615,-7.53278059716032,-7.783843509881132,-7.1887359926328145,-7.758808680522562,-8.015132781947493,-8.265035538160872,-6.995390724350927,-5.094745393850662,-5.023387879996833,-8.892147148939168,-8.119733471390015,-5.70861090958302,-8.465511851940699,-8.321927861095746,-7.831868486338173,-6.855433962831766,-5.099770875747629,-8.423847662098135,-8.66882820678752,-9.066514829363115,-9.059466876503295,-7.954441167892928,-4.2127205513392525,-2.922764561423945,-3.4270878979737307,-2.5135050534924352,-2.3763340518063325,-3.853798652656849,-3.390276196705067
-7.5073846273871,-7.074365165753766,-7.66502025585032,-6.910348384403663,-6.911501626394442,-6.906860174848935,-6.797669231080693,-7.809853185323293,-8.141735152313908,-8.10775213061595,-8.89529446695748,-8.044087125864406,-5.820467542538316,-5.820733007538505,-5.5792068351177315,-5.556287220854205,-6.252490669912041,-7.915854999285892,-7.625019492122304,-4.316739348448083,-3.6213040507035186,-7.288392838529299,-7.8823695007565355,-8.428488207736937,-7.885006030307648,-7.53973618789367,-4.407803485894853,-3.0678970267492325,-1.8414948278465826,-1.9042502739818032,-2.5679745372283835,-2.5200943444380473,-2.3933986290771143,-1.3955911645313281
-7.359146918591877,-7.209994764804633,-7.450578621454238,-7.164027603417712,-7.225575145719556,-6.877134318291492,-7.847939816555005,-8.085608928900816,-7.8593425121733524,-8.171173094821762,-9.100122657417229,-8.572304117215383,-5.7698853284230935,-5.10802906861348,-4.06736946198708,-4.612375508049575,-6.882579305497356,-5.007210280655624,-4.304956461491631,-4.068937692375411,-4.089952451194927,-4.4987315831663635,-4.689989417484392,-6.528624899092851,-3.0429341585586496,-3.6709368614920574,-2.925301623568988,-1.974660300820667,-2.3924129096584927,-1.4756835421644598,-1.5973587854696223,-2.6734748898054965,-2.3356121340579516,-1.4297032704228685
-7.25126527715994,-7.145213913728054,-7.364467691810221,-6.745638066488897,-7.121414655619109,-7.799008016962159,-8.113040230454999,-8.198489849443888,-8.153570828139637,-8.244918794748985,-9.384492130868331,-6.710955833361851,-5.028099885475985,-5.823402800056741,-4.601003893487166,-5.4443892895344534,-5.26115460694119,-4.384503202826398,-5.019455075473928,-4.080803750586214,-4.601800795642617,-3.616915387378905,-4.37439306937641,-4.550460820286957,-2.8516251166666775,-2.046026911177592,-2.0097915630364067,-1.2052432497042775,-1.2917942568144647,-1.7862503536347,-1.678830968707306,-1.8843385299993105,-1.451218386930067,-1.2080841615389386
-7.24172453488469,-7.567100002424653,-7.047079925327005,-7.001043244096633,-7.617477508353203,-7.98365458122719,-7.9736129503805975,-8.05149382542169,-7.467222380090901,-4.863581197881054,-6.024553065325084,-5.930046922170042,-4.049590047187187,-3.521967733037872,-4.3066481297370425,-4.474508291894607,-4.472963182287141,-3.9368153063640072,-4.710358194411242,-3.1725752866213055,-4.187839917359101,-4.166042390976605,-2.5532367656632466,-2.0685626848735184,-3.001556822724238,-1.9399141018209027,-1.5788837422228357,-1.4466218080989437,-2.244801614821466,-3.3027156742927457,-2.5535812750970455,-1.9813666263814065,-1.7862005886749823,-1.5629472999412128
-7.940440086691217,-8.027122643495053,-7.04651682648605,-7.185584260410435,-7.140321155857259,-7.174873619693339,-5.840820835395623,-5.5255578929254465,-6.087368440226803,-5.295153377111897,-4.577419392982956,-5.728456741714063,-5.428250237016845,-4.104088216590429,-3.282274404577974,-2.973616839949607,-2.340701776331977,-2.706438641579153,-3.1222364535495837,-2.0969400158657967,-2.2220968520231406,-2.9101421842834023,-3.461653943029697,-2.114451746285058,-2.6086127717692515,-1.8019654870054578,-1.8179190927940518,-2.876228605069308,-3.0861949452604405,-3.0634655353612588,-1.7425480580543333,-2.457430425190513,-1.4814302629596048,-2.413124518018992
