script/wind350m.json
{"header": {"parameterCategory": 2, "parameterNumber": 2, "lo1": 3.000054539987559, "la1": 64.9999836372058, "dx": 0.5, "dy": 0.25, "nx": 34, "ny": 52, "refTime": "2026-04-11T15:00:00.000Z"}, "data":
[rows 0 to 23 of 52, columns 0 to 33 of 34]
-10.945648349160926,-11.038691609352824,-9.218804106303258,-8.188531199346095,-7.820152072608899,-7.67695886791137,-7.21515062272083,-7.69751973306224,-6.779747896651842,-5.968683103341093,-6.106194401771223,-7.005457410058449,-5.650794480197084,-5.528436302391662,-6.066714089058174,-5.1058559727421,-4.332649903988836,-4.6233047079066285,-7.507275151078115,-8.59558375601671,-7.339740175364128,-5.179619429554182,-8.006479855394037,-5.496642195948006,-5.232981281595724,-3.1735116381355533,-1.8693852651449279,-1.2015090345296193,-0.884727886860319,-0.7047385639221587,-0.9497114506461439,-0.8835261080527513,-0.1269141813158189,0.3453583722820465
-9.330735196566637,-8.753647304004486,-8.365164773454163,-9.251343963981817,-7.478484617617272,-6.249194230213369,-8.094946601170351,-7.080773321910577,-7.0256292865366445,-6.364349423035685,-7.538932598256493,-5.823710615742502,-6.555487568572967,-5.908816142260105,-7.1262527082355325,-5.721242205559475,-5.263681419143593,-5.366070875658435,-7.772296122402646,-7.907268442167042,-8.546663096176525,-6.333884986792807,-3.9960066213086654,-7.132832639107317,-4.805190232801736,-3.192367029704808,-2.22405506566485,-2.0580155649524063,-1.3397435031696965,-0.12438232636364208,-0.7026230783843644,-0.6952861246754389,-0.5081982633747013,-0.21759268631366716
-8.456504229384736,-9.888497760132283,-9.3771428688312,-9.5556414475682,-10.698816993868041,-9.400638482705778,-9.160916563194858,-8.023395654814603,-7.101148429674683,-6.510769323530877,-7.290452956101149,-8.176414303102376,-7.95179162325641,-6.476517041728714,-6.114611046061935,-6.010066857798864,-6.249887700020112,-5.146535671861843,-4.557401036805532,-6.568873824346972,-8.705164734571772,-5.1789068149000475,-6.1734944540174075,-5.689036178041065,-3.814345761807736,-4.078075047772397,-2.9700227542975384,-1.6719999210291527,-1.6646539315744329,-0.5805646123059272,-0.9137022860262843,-0.9347511331209416,-1.4673109649489002,-1.1482441919167425
-8.959056892804993,-8.096223278309575,-7.064888974310714,-8.035627505078297,-8.598077541402517,-9.83567572575498,-9.106754211705178,-7.6579823167671375,-6.800254477450383,-6.711987413870706,-7.588928299429436,-8.338709795081972,-7.949558818032035,-7.462370235938813,-6.714897225568043,-8.210905069724369,-6.6519154177666175,-4.780299955401615,-6.650945690145797,-5.767135371243256,-9.669620914143847,-5.786759150577472,-6.157549822487879,-4.598516614156282,-4.0516341918844985,-3.5043104192159276,-3.221595561941644,-2.3308911737138907,-2.5245698238983945,-1.2477118853647393,-2.0588882173171443,-1.3010869098912192,-1.2760439320013761,-1.5787462747509688
-8.933358047821757,-8.821805545141045,-8.135778843400473,-6.5230353213609105,-7.097631660970964,-7.3793100309803785,-7.827111859298903,-7.267661561772431,-7.018335829260516,-6.811000248333887,-7.2412164992447074,-7.676762263497303,-8.36237097093928,-6.55689398082231,-7.667999383736924,-6.789832483459359,-6.642405818317232,-4.0342706661741365,-5.155435283410143,-7.96114721084137,-8.093271376910392,-7.539954246873241,-4.808715531859248,-3.7778393086386326,-3.6642313442029226,-2.9811764468699242,-3.3854891650292793,-2.8432699067727296,-2.602805270821107,-2.617082704303304,-2.287415498310528,-2.2470282878171495,-2.157132253202415,-1.5357387549819492
-8.936501265154611,-8.542693184004063,-7.330357366309384,-5.368163514375736,-7.0414409689494155,-7.44326003688575,-8.52526758050867,-7.5172011402884795,-6.300371934717088,-5.701878941857029,-4.866636923359228,-6.4033902197341,-7.314123012976887,-7.916298734840912,-6.693134070742283,-5.654363726283369,-2.9430282083685255,-5.18238662148981,-7.492708541350861,-7.135433605882099,-6.010478044450957,-7.826357227475899,-4.569405433734949,-4.31823709276705,-3.438366148846086,-2.5076135559490993,-2.0710908912534145,-4.242082577169105,-1.954481677474787,-3.5660477509038264,-2.6440315210348118,-2.5358980810768044,-2.0053010037237224,-1.4542751165578605
-11.824835708936073,-11.260346206680396,-10.017760194540864,-9.45574312360686,-8.316729768478483,-7.381560511937866,-7.088257893214993,-7.580649093073616,-6.568084480535674,-5.215614582727096,-5.2289055498751855,-4.113763060108905,-5.951970515417377,-6.914688885635004,-4.887919499195205,-4.41129330416623,-4.8964137650559145,-7.144974991646136,-7.723926106525796,-5.56601224698643,-5.962507902836509,-5.0357036257673675,-6.203888804869187,-3.14424288877276,-3.2397894113590917,-3.908547503545098,-2.647646617010381,-4.146650561154467,-2.974269452951688,-4.450111984028159,-4.320318321286456,-3.392911160190605,-1.6990755179202577,-0.4053162694928393
-12.581414691463884,-11.991540515732172,-10.680378781183174,-8.719665918912762,-8.380088531435124,-8.243098342779128,-7.070002740128259,-8.415932267646621,-8.084967137175601,-7.320168928627575,-2.350281291982484,-2.759961909523528,-3.8052226125680826,-5.845650917217658,-3.8420831079103643,-4.048316562301017,-4.401204814283814,-3.9613951915116954,-4.774641772936146,-4.5942410051396,-5.575727202475189,-5.201613059454324,-5.701400918954399,-5.34940533024845,-3.0006733666465983,-4.105850032536385,-3.9664957851603897,-4.379299593391064,-5.220169876194259,-3.7777406433925553,-3.612259412346517,-2.8377261866748937,-0.29643122260080873,1.0221086943203597
-12.006920877200512,-11.41970009459989,-10.5495165641713,-9.436974309155294,-8.201922030211485,-7.517082912997962,-7.292970660298629,-5.319784770787556,-3.733748276220421,-6.158441929564295,-5.244086555147452,-4.7069177198111785,-1.4046108864143203,-4.1817509168804765,-5.580597769918062,-5.5080208501576395,-5.718241785212958,-5.606675455014968,-6.1082663131672446,-5.625365734405125,-6.475215753853331,-3.707023856460611,-3.1075896259006455,-3.4845736259110884,-3.6889059463610647,-3.863947401166806,-3.7685471808266344,-3.6930128102313815,-4.7541816959768095,-4.458647866971121,-4.3065952828115615,-1.119214857419306,-0.9912092573074968,0.1525039855335654
-9.268429563013367,-10.584709549937243,-10.06650138102886,-9.50707183921638,-7.91638670028663,-6.876940110381808,-5.521333463469754,-6.037861715215391,-7.062486033503421,-1.5789401357827824,-5.64054692777709,-0.7518981530665746,-1.9678698084164779,1.1966710159859684,-4.9981409934220284,-4.3713997070146435,-4.328253373926495,-5.552421991011895,-6.1462081437971054,-4.167408617341397,-3.3953316717585285,-4.031118118524086,-2.8605230412012204,-4.154757917487694,-2.6764965733295103,-5.008594926053246,-4.04833590544646,-4.349798029702612,-4.275325702572109,-4.116292728499681,-2.136514973327619,-1.0897149769973091,-1.8224784383081154,-0.5646387504182548
-7.344779882534496,-7.1556525634170045,-7.4716272865884195,-8.717963478152422,-6.881781363839992,-5.551839560115495,-1.9592516314047947,-3.446363606655747,-2.059108581217808,-5.605932267046088,-5.682236364803707,-9.129735732089394,-3.764140958979446,-3.6537087746879715,-1.7367745862121438,-4.0013157007003874,-2.427098746404659,-4.909511056047405,-6.038146866472007,-4.379737538976267,-2.081903000373266,-3.6151604667857633,-3.6486233261437433,-3.9458447218802672,-4.3741514697340405,-3.6023467653193104,-5.688238801343113,-5.20794217343215,-4.281597886868849,-3.7696601454840963,0.19426709510276385,-0.7428485594656672,-2.180119935729315,-2.659872132962112
-7.448397326995622,-8.356031229226035,-8.056065473031614,-6.479582905781197,-3.480590265776636,-3.1760798066119476,1.3665562615122855,-3.4617113223500335,-0.042852798172786144,-9.074551708837859,-7.598293692724876,-5.480296744883837,-7.696737243231894,-1.8203235122563686,-3.7485035605194916,-3.42552313273503,-3.9182347454312114,-4.041181067468601,-3.9162928949018667,-4.870794211029181,-4.656469685146387,-3.5337616679202832,-3.1559397252907555,-3.860107471591655,-4.167767156774672,-4.038408714301579,-4.198964797542138,-4.432516307441352,-2.9281557190263445,-0.5610919111733654,-1.382933528209146,-2.199857398781971,-2.7068224746299374,-2.879819061815387
-7.601240327869831,-7.6990458663345605,-10.086427865318756,-6.192508298746879,-6.850860121348906,-2.6111422169414418,-2.080212576038211,-3.0100981480836113,-5.869790485830054,-3.9699873207746084,-6.803641541941379,-6.272820548687704,-3.202508456214549,-0.6708897135142137,-3.5977711551259532,-3.7310744968989753,-4.009621540212147,-4.012959502360667,-4.546740677856487,-4.551016758631456,-4.265353221953092,-2.3543195873747154,-2.8591315241848427,-5.095509005915167,-3.4034203853642646,-5.6329480993927765,-4.857710424386289,-4.779292910588563,-2.3430691028957575,-2.482364609155015,-4.222462540826876,-3.7055707634334865,-3.983813766423234,-3.251210913962518
-7.410060415600642,-8.800278679605384,-10.000459696192406,-9.399781927998678,-7.3924856582689005,-8.520085680615404,-3.2404697859649656,-3.3207027013979067,-13.860504479121694,-5.9145766543186085,-2.2646037543624127,-1.7475435930856118,-4.3558297898896745,-4.865698583123055,-2.249256733834946,-4.18320750087268,-3.4239570130412615,-4.009253000021516,-4.049238575883041,-4.78678697191763,-5.186421499848991,-3.6624351636904215,-3.4544822639091186,-4.345837288126127,-4.284442589155707,-4.775795771003601,-4.723076816003853,-4.020016889451173,-3.336017197732635,-3.458156152506794,-4.437395786687593,-5.425756929125278,-4.190018162941393,-2.864875908403628
-7.137879044468833,-9.18092223107608,-7.5797320123609735,-11.254515207963127,-9.040480955639902,-9.117223339087177,-6.510353329676244,-13.588977784864642,-10.803898305857661,-6.5578238322966556,-8.851952981865155,-6.17685922887508,-3.1968596608892548,-4.343771098068204,-4.076011400245726,-4.50059405013697,-3.1454604950963954,-4.787945693885984,-3.674415287923934,-4.090713242871862,-4.908055340206831,-5.150103439024295,-2.194689554605393,-3.8907184305054745,-5.101805210564977,-4.516041066014057,-4.386041344225952,-4.142846402186417,-3.564526791446173,-3.340230523234696,-2.6871895904677188,-3.2067223796768674,-2.5218019794356517,-2.231783353928299
-8.110533408088195,-9.564309695578913,-10.341018003099204,-5.749554924739152,-12.492050627658278,-12.103869782872344,-9.117234975017187,-7.493952094164835,-10.48891669187491,-8.23193016004991,-11.481127749616526,-8.137966399923831,-3.985451805731076,-4.980761927374935,-5.819560871231448,-5.127743403981926,-4.464734954936279,-4.4753472649379376,-4.522701667819109,-4.727188241239523,-4.097515864741163,-4.126569191207727,-4.309538051403466,-2.7247580621565235,-3.1495690246667443,-4.731578854160561,-4.878199935112235,-5.379683908889688,-3.2590743036329948,-2.8872198914843215,-2.4671183762752844,-1.9566587029714584,-2.619174920677994,-3.420985404800628
-10.723838127493883,-8.212361286335025,-9.774850741078616,-8.395437682035128,-7.592240732046018,-12.389436669310813,-12.422410762971136,-10.736008447105332,-12.466115902446417,-14.400999173659226,-12.432616507308355,-6.2097656639008525,-5.015353851226344,-4.725336163270801,-4.372920474405773,-6.46309747792701,-4.306322597546448,-3.90804487645662,-4.422053946374202,-2.4645206950881833,-5.086545058169583,-4.746915345443361,-4.346809461508393,-3.727862909609627,-3.748902844592717,-4.305483925720565,-4.714743970156357,-4.818896254109937,-3.8124682856328445,-4.080272706883127,-2.8651848649903453,-2.6032419318497624,-1.7349548367667367,-2.538215555110054
-11.978116365217664,-9.545811452888872,-10.269050493078199,-10.31632522453033,-6.4307192094582,-10.05382334219866,-12.56588703571668,-10.849210372309047,-16.09573784263907,-12.326538313159011,-8.469100543631834,-6.112390353510991,-4.410329378906612,-5.20404578766196,-5.157680714497975,-5.579330000288103,-3.350382673620525,-4.877514418840767,-5.022286995072625,-3.8162475428551064,-5.056306450100742,-5.140294992647161,-3.2831184008078433,-4.346663382469118,-3.229004113633441,-4.049501134886747,-4.705003140607319,-3.6579850138024526,-4.758086434107453,-3.124378480588233,-5.143717810818533,-4.330599722238651,-3.0980042135656993,-2.1496873829546055
-13.731178605243274,-13.393613285520352,-9.091625795712279,-11.725721552342925,-9.987749525948173,-6.333650882624465,-11.510091091136735,-13.449208025731378,-19.281255433120624,-9.734703827565857,-7.507825771784753,-6.6959320941926,-6.240139954649577,-6.0336728353284075,-3.158467487841805,-3.8241347132887915,-4.847551813401704,-4.3336307098910964,-4.793516052754164,-3.79867068331687,-4.1122307773394144,-4.728665575025538,-5.048654233302715,-3.061869696086352,-3.8975116321257426,-3.8340631607064632,-4.58868728474569,-4.6334397172329025,-4.97286637185467,-6.503507333862478,-3.079051807949874,-4.842712525356119,-3.440537637159653,-3.795608712086054
-15.852327587256344,-13.57998209403294,-12.813426689201627,-11.502069023022374,-9.96846797433578,-10.510928333747945,-11.030752114561334,-7.998860183836677,-15.763945271241212,-9.984601227095888,-10.24666093970175,-8.998573762232061,-6.212012577586424,-6.032042201818617,-4.3927092157257945,-6.905262589700696,-5.094732829084327,-5.5368780977426075,-4.774741102494008,-4.698589458041237,-1.3352172746656046,-5.135594961868641,-4.2767592069669025,-3.399033899788998,-3.3180152427915073,-4.032494178717565,-3.3710848624297634,-3.3696328495228127,-2.550393632235195,-2.1375746924903223,-4.478038521780638,-2.3967727132986623,-3.5734714982978906,-2.297870086113586
-15.833281658003294,-15.664133818097913,-14.468846997188658,-13.242468806708096,-10.944836523581174,-10.60531518576969,-19.980723959034584,-5.399925587788226,-20.72695295292321,-10.583483050044762,-9.761653641164482,-8.180336096420666,-7.164163468294049,-4.296366036944821,-2.743245445965242,-5.471128085881858,-4.440034192647743,-6.627556190929715,-6.120505561940709,-4.691889272730659,-2.724237425821907,-4.5531472345449,-4.321608414834246,-3.814697403588845,-2.9361471207082737,-3.3640688519476902,-3.665486074558672,-2.6697269456096198,-2.175620143313076,-0.9791583788529896,-3.154835683697537,-1.9990088154515866,-3.273328149497225,-3.588700993742622
-16.49175815144347,-15.98189760506682,-15.518356424005637,-15.306199614950083,-12.283816276259648,-11.702277654454077,-13.079986217587852,-20.525866473870654,-17.367549303191986,-11.696009524526236,-7.284415608886101,-8.25270672946617,-5.274489777960661,-5.219204757745472,-4.394636701570564,-4.268023699531302,-6.345571019206363,-6.1243721509264235,-7.232192444739698,-6.00351918822799,-4.022571488425863,-2.9618479816293553,-5.315695773392673,-3.3011715488955677,-2.660155429770456,-2.957806264812145,-2.1391695264434487,-2.210627615316324,-2.027852818387435,-0.7297258697657265,-2.0179273764543666,-2.7411026752466072,-3.3657591372878577,-2.6075067249631565
-16.846831687810468,-17.4372949788188,-17.33002052856558,-13.507088566588987,-14.115939779435475,-12.854162786035682,-13.873505947364778,-18.754724676118535,-15.385774931698453,-17.14251569923552,-8.080206522958376,-11.430666468044445,-5.3262174188649105,-6.038302856319338,-4.7984736702899085,-4.828432328245063,-6.320974267658136,-7.137402710249268,-6.0514056521859425,-6.842062148318248,-4.701831791579647,-2.678724338610878,-4.471502313688475,-3.6192178286972143,-3.3427496087482362,-2.3193733181708915,-2.5185937286659206,-4.487717672668934,-4.068495295473052,-0.9137946384117313,-5.361663188540041,-2.74289852443143,-3.171805545274117,-2.797814324351654
-16.82069178843465,-18.393051325649775,-18.673095085811298,-17.045575728378015,-13.82741442844937,-13.418387564160216,-13.065781523080018,-26.72656629377029,-18.194722782391494,-12.14329852904073,-6.361133160880902,-7.4513169620122035,-7.330185250368218,-6.451462547761314,-3.585931615184276,-5.146965498348576,-5.859836874839782,-6.768710515496364,-6.449146830154179,-6.93918487965564,-5.431362922907499,-4.296111604017286,-3.7360428881910677,-3.219848366645634,-3.365017748249526,-3.9404609456748787,-2.3391765871123957,-2.368743638129023,-2.127755501452442,-2.4874796818174447,-3.47177027223244,-3.0208680334575657,-3.373072547325669,-3.374614431274995
