script/wind10m.json
{"header": {"parameterCategory": 2, "parameterNumber": 3, "lo1": 3.000054539987559, "la1": 64.9999836372058, "dx": 0.5, "dy": 0.25, "nx": 34, "ny": 52, "refTime": "2025-03-06T07:00:00.000Z"}, "data":
[rows 0 to 24 of 52, columns 0 to 33 of 34]
-12.897400939548463,-13.395028847512048,-10.747951278846932,0.10413949396883011,2.025248551223058,2.0889334214446222,3.424955309972433,4.461201748077811,5.896679048377478,7.951186748702846,9.269485319361776,10.130918084755791,10.407973893302119,10.358010791155383,10.21111330503395,10.011224783356768,9.25795016819189,9.628034679951023,5.161240089414204,7.154144559186799,0.9275038325733557,4.6827373547278555,0.7167618113888566,5.071686209840584,3.089883665255059,-0.16366776810405773,-0.35216613909365024,0.0626061688943755,1.6275604157041483,0.9913236120590732,0.4446759251767961,0.7573152078827537,0.7300228350406592,0.9157784854695404
-12.578868905371321,-12.731217940675515,-3.8333199469525265,0.536797436116062,2.6200348522894408,2.8911187373255833,3.7693555260425677,6.2136730617841724,8.392304591758185,9.768523833277516,10.631459171781403,10.639199819966965,10.704173470006607,11.024487263214759,11.067753702513235,10.91186350846093,11.286810980741063,8.38393554373378,3.4772420552323062,3.0347581359189997,3.0439013454023858,4.095769110354803,3.3295384245740047,0.48516180846858337,-1.1674906770873763,-1.4850325907587414,-0.8167944830665408,-0.46797314756585856,1.6555821031111104,0.7968581090595525,-0.055663241096707304,1.2681619410120155,1.6216611832281338,1.9076122092386514
-10.693699892594347,-10.03062521212813,-4.854047456151391,4.31806805904419,2.625070496716041,2.4541201983340453,5.048888678676452,7.855053957110863,9.831766041371356,10.618745452233114,11.02273857870762,10.553741553233884,10.74536294471033,10.291671763091218,10.949590914011479,10.725926600917909,4.920061542052052,1.101519841085968,2.549413211259648,1.7193964309294492,2.9822367506776857,1.909186860817245,0.5112532418070446,-1.7979340561566615,-0.22590086965982129,-0.6949349588422974,-0.53269240313389,-0.6990362949862924,0.6321540182823673,0.6932542457605998,1.0882692845753954,2.6285602992666472,2.721966401138038,2.7486566427492134
-8.266908991473011,-7.641349321971803,-3.5984269526925536,0.5918785628203792,1.867732958800913,3.1809753353410755,8.03721677078201,10.377401173188524,11.859247556714745,11.892368694954094,11.845096190857015,11.012402693884983,11.733366984110535,11.763368095646305,11.439453302576574,7.507890285938972,2.9042693716016226,1.626568382451117,2.347615893488231,1.700552413066759,1.599112492600591,0.3569959397629661,-1.4639468003713705,0.49443802151930116,-1.6713034865318017,-1.4303737739689963,-0.8923702233347188,0.17160975452844318,0.6240280850777276,1.5122778568318052,1.762155118267677,2.3807951874707554,3.546930661429538,3.276947056306658
-7.419261290159997,-6.938640924470491,-4.133431956988549,0.05236890216072987,4.179011355126147,7.74137401034322,10.191073907994499,11.530993282748636,11.91981602036229,12.343114544159842,12.928668412205758,13.062580186255737,13.593616366883422,12.808864558049626,8.650785332908683,3.6556450946221903,-1.3061908349693194,3.6048532937449713,3.2220143671620938,0.6038688985482059,2.4128052142994774,-2.6316904052294467,-1.384978947287578,-0.6371732133655021,-1.2035851494495025,-0.37390594737212,-0.3159870048354598,0.7282563148876954,1.3640313425026742,2.5488511498864406,1.8060602569821516,3.235864150206689,2.383105242896171,3.1209434385653605
-5.598636268118619,-3.6723430223366917,-1.2359069160551857,1.5999406859936935,5.3185635716858926,8.501015056167434,11.245045987256185,11.732312196972474,11.652488926653392,12.931686192131608,13.41772653328118,13.802598358164834,12.399995423495573,10.576481482753042,4.519674225746144,1.4367468104422605,3.497102798956583,1.8800085792414192,-0.2730820444392634,-1.9344542885818476,-0.37128030506616344,-2.0484882430019202,-2.2921600873869803,-2.2849237077152034,0.20021792643736078,-0.5069329229536065,-0.477647850087911,1.2479654610065747,2.7555095300566297,2.084120136876988,2.425437787032291,2.2724363549629545,3.2273609402453265,2.3044841122449538
-3.699350508177359,-2.649548305289856,-0.862018868511092,2.6841824317405707,6.9468174758645125,9.349539661359305,10.310838660391152,11.297400081985241,13.048958413368114,13.742867824982158,12.5343692025625,9.994835759936317,8.995663879655895,5.561673578210013,0.46473926008933236,1.6262299070771262,0.29894556784120757,1.9441395061483888,-1.8881673134848265,-1.9105023191861819,-1.6911012871276303,-1.8901249537095037,-1.9782814950125223,-0.4805772332577542,-1.3470200257029392,-0.7825289598955305,1.50371916354148,2.3854411912718407,3.1223807677340134,4.213869041348739,3.5996022523506337,4.054224490415028,1.4346493033031726,5.151161167815658
-3.140851846170695,-1.1333479654767407,2.055656024584727,5.045917204317933,7.182984743571487,8.68752526543682,11.162498101378446,13.309183311651108,13.682355057242653,14.443690232620048,13.03424019886395,4.122381138905332,6.429577987723864,3.2620771632750594,0.9398845034417201,-0.47546889385449764,-1.0983687763425942,-0.7233173745948609,-0.8830480718124134,1.2417422997457455,-1.1890385602321412,-0.10303769320991615,-0.8123477783385263,-0.9999473602681744,-0.3238673938130774,1.9957058434291313,2.687498130496514,3.701823239620505,2.6863931265112155,2.792413797801788,3.0831546392295732,2.857572474879914,3.1838400019675492,10.73458591604751
-0.931170219095008,0.24655289074043404,2.4779868685886255,4.409035623293895,7.700648668861354,10.605438975406456,11.90278782107956,13.090323495834955,14.392412702575442,5.207597043715232,6.435291052385385,2.2683838412591317,2.5890257646742234,0.3752224012147462,-0.9456373415258101,0.021193228030999513,-0.8295382427975321,-1.7088538767192505,0.1673268227267665,-3.3656760204897322,-3.8636214774615407,1.0689328415077897,-1.8571068307491165,-2.1514045153370844,2.035532544640068,3.4717211850309124,3.150530965325946,3.6138331144257876,3.2901971557341705,2.384382848311605,1.537292090183222,1.843275821219207,7.023293704625295,8.85280780284392
0.3560796796174029,2.2863394238195958,4.424364661331798,6.867189511375145,9.162441481853406,10.314499115357519,11.941956085340095,10.502052831980485,4.380620584606334,3.749360178358853,2.78010680635513,1.7481872802276108,-3.102234139801887,0.9690017581063388,-0.2234904624510964,-0.1987894959353816,-1.8672843813866213,-2.5071056558059825,-1.9699471347546231,0.056214905020320574,-2.8570324172696995,-2.030094978287335,0.901214551417362,2.4164406956722,2.8475869931286986,3.10786117095178,4.645472581008814,2.490858253499157,2.5166778631977205,0.8200492206114222,4.774535209674333,8.223504621470878,8.534544079457088,7.911945672784079
0.46999758099581646,2.135192983667117,4.649969903451627,7.305141705787803,9.620130680339766,11.718726392223145,8.415407987554323,4.305825051555481,7.411400187899329,1.675848547784962,3.5260077998072994,5.180216966934051,3.261099114947628,-1.1050483979469243,-2.9455344463447206,-1.7760719079027045,0.3057284222871811,-2.5030830023418025,2.1278056899439877,0.42473584562120215,2.5659795594657857,1.6687340749245696,2.626245876420233,2.1164486816479124,3.4244308953827858,2.103986694518337,4.091037374220253,1.8231093943970036,1.4992815833826456,1.2422731110098322,7.216333048148165,9.100169327292704,8.882300100386463,8.629626071282894
1.5510055476415106,3.0418496430487663,5.053760921133359,6.65222576986985,10.66754161092525,6.4854791961441975,6.347787917891982,1.8514068748042807,4.738634855551693,6.778283377233191,1.6910510609275977,-3.3681997174033658,-10.955264346212264,2.741679618996264,3.7924099420725224,-1.0529406355859856,0.6060074041572576,2.6560682474762296,5.278075798145255,1.9986278677034406,2.493615051482587,2.029332450740658,1.6839424754898966,3.379162475072804,2.857549889370867,1.6544492629272871,3.0885828509681503,2.3339548339788165,2.356267037874292,2.1306821154821107,7.72954067406848,7.997555925624711,7.119351791544563,6.105857901656602
1.3495869224230155,3.405287890784025,4.757512210054835,6.638520101094348,7.1764174214970105,2.777511537269433,5.445218046222182,2.1761015065622975,2.616746017648178,1.7810786197202855,-7.252283377298339,2.783485731912705,-9.127830195075253,1.3315526434380953,0.7502493679699299,5.753802358622932,2.6937009307548374,2.82905795428671,3.437916821886339,3.9684599481605556,2.8461052226849435,3.4101881753094947,2.6777130598037076,2.808379975985253,2.236449588873552,1.7820181208600978,3.0062660239967682,1.8481425118450052,1.1429206859209347,5.436840843404347,8.884552286082151,8.66786516823829,6.215768832255929,5.523917508848638
1.6139851853951561,2.9783155997764017,4.131416391604281,7.071715568198175,7.714157040049642,5.600224566124239,5.433852560443155,2.519994238702035,3.856251173965637,5.804256589192315,3.540872301179301,6.47967676688759,0.9365634940778693,-3.534986200769824,4.541996818955875,-1.4400276022594094,3.8050168505842876,5.881651094866504,4.092650480072468,3.33127845457049,3.0187190918596283,6.674662091483501,2.9610255948941537,2.8382942479660955,2.5492438514942237,3.604290503777104,3.3759986334927405,2.677423936184603,0.9467256723539047,5.41762324754532,8.45120347799455,6.758172461216214,5.47388086310652,4.237174068023135
1.4006230540113553,3.071958310079929,0.8068469824417438,1.046870330834769,7.142704541687378,1.1429501426165325,1.0710749420863297,1.1758638947296416,-1.2060947494108576,0.9091593377423977,-3.352148884476043,-12.046908882606603,3.319392185933747,4.0385058363752355,3.0237647750387087,7.798770665370767,2.751264636180546,3.40573154409428,3.6721746102210227,1.2521783132129645,2.30054430022753,3.033268817274162,2.7021273732059967,2.4308609874943317,2.7575915127506776,3.1937408481008576,1.6968251298515642,3.1756702479095162,2.0516011455325094,7.403101974169903,8.067048323877227,5.259074784728578,5.462384973541461,5.238709397732294
0.5124691624234373,4.705651694645505,6.0377173824449795,8.468289875164622,3.9721944345747016,1.7659450518618731,-0.09316777154442567,0.49941365604563687,1.3424613163362893,-1.7619914488262798,-2.9065680531151052,-3.179358206833626,3.6875598170224233,2.4522912363526883,-0.8708304393214239,2.9820522936121368,5.895334009827249,3.1549483286327678,1.4930801651367587,0.525707841161877,5.183383466570029,3.312567830391365,0.7342174288967308,2.9971498356037785,2.9113709961211365,2.478743884600193,3.7124254484201304,1.0043776239860824,2.1591770700412583,7.652927187269572,7.148969001224065,6.239921462750697,6.338644935687962,5.498705858460668
3.1757289456765445,4.05507802035201,6.129898566724873,6.171717827276474,2.937064930833504,2.2000549006335754,0.5681209460673122,1.2622116607142015,-0.36389054734279086,-2.794189324823593,-4.504664531128241,2.311819439775919,2.4315709514888697,-1.4799771938982198,1.2997116903160515,-0.16119924435312225,2.911281602018562,2.3184204417835383,3.7784191705246735,3.382963864921894,3.6772214682475353,2.4774837351844696,2.846718648277385,2.866184632765089,2.6830093192196376,1.9403745371387549,2.7445133916936846,1.018952241229524,2.592366121565886,8.176354506422552,8.412850140416003,6.450088345116822,6.8047368617204835,5.664381565133399
4.074964645752625,4.755397564021462,5.114834975955986,4.14139633533286,1.712343155234887,0.42779872883880954,0.19005722900075023,2.2473020628404994,4.983593462618728,-2.1695831323201693,-1.8489590082111076,0.6696644337741688,0.8163166882945764,3.5831046384612124,2.189634971560514,3.165907978176335,3.401037633231292,2.712143506218047,3.160299576511893,1.066473005401127,3.0243163898042584,2.646924583760426,2.33624671016577,5.167716355155239,4.275615567198101,1.839509316890675,1.846923075106752,1.901261136558941,3.0975572723843237,6.9962678189794225,8.11789299790479,7.206402768479517,7.033256004758738,7.251100319006943
4.209279285664147,3.723054379552648,3.6031625872092885,3.9713288765100576,2.9041903764334895,0.9144972570202223,1.612572252816399,1.7155503415223305,-2.11176136207638,1.2895202150978564,4.542660462746818,3.2748833807827977,0.1626267652987712,2.516002939934049,0.8300197765333464,3.7981261315996178,0.8413657786371398,3.21018468097047,2.1547677380264223,1.4725828283500308,2.688692807970513,4.242573402704675,3.642812543603749,2.09447407490112,3.064393652996364,2.041482470683496,2.103640062837748,3.4325572841394956,3.2785223579560108,3.473090921286034,4.453793174071479,7.439775420351895,6.28638860156773,6.684551624432635
3.5922502985395868,3.788300281821302,4.056622364368349,3.909038166231833,1.6748391508949017,0.44069097724882755,2.4623483430082924,0.30294674977673364,0.9088419566895487,2.3323687576610714,2.858739070900027,-0.1432643186946196,-1.1854286640596898,4.020118279716501,1.1498097580810436,2.557376276603309,0.20756494039039664,1.9498902911312046,3.586739388833987,2.5295739039220426,3.7934868137799227,2.996426055149263,2.8113877875577247,3.453702138593288,2.930312185845619,3.213353689915204,2.8220727936593315,2.803289909568085,3.7494922629337504,3.4027754283728004,2.7022715602644,2.8437530866609215,7.296561466743777,4.016982021237127
4.276695382250601,4.055665237296306,3.661429673061026,2.6436790722785384,2.9037194041837333,0.5295116811647841,1.8657233524361636,-0.12146609866053021,3.6165487664017837,3.4053367205916323,2.2366780952922305,2.2261796243623593,1.1457677894254232,2.627202513039909,3.5078731913001815,2.0750123614527944,3.0267966776686923,3.069197000064084,2.943095749878456,2.6439630136379026,3.5613074313272413,2.8422011399087603,2.975390784265097,2.7426662343184574,4.289611997652896,3.928203914504132,3.7579038045691067,2.705680427755062,2.5683190400680047,3.2706886653690503,3.4478384231204653,2.0284517558275605,4.635011122012063,6.327091543423882
3.9700637097521065,3.3116506364450435,3.459048037274243,3.545786196341138,3.073476944249936,3.366561400036936,-0.2642812338615573,0.7818472771089972,2.1618197440330507,-0.4071350407741772,0.6330360113403173,0.352506612542768,0.39827980091609083,0.2664977923244975,-0.6267345013326178,4.055058115237894,2.636674520116723,4.223713326795431,3.658556675074588,2.2491326102907867,3.42580829623531,2.8400726073527527,2.6157366730113396,3.0553392557076458,2.9671322702541842,3.17907994630431,2.1416690517983876,3.2633601069856404,2.634239261203622,3.317769309642202,2.191786719767546,2.1032713338535363,1.6188339282239657,5.804088614900942
3.3698154806946525,3.169132367783001,3.16619730841229,3.1376292477640577,2.9049442052448797,0.6272779148095353,0.4632251521000579,1.2504508411182804,2.831434058067677,-1.2955583786346276,0.6328704907104351,0.7400129754651835,0.13056744048801056,2.01281274171519,0.467266684622522,2.603029363315693,3.396320915135348,4.129547838569027,3.638093411499474,3.670491041286546,1.8598558278008346,2.729244385963108,3.1589842013732237,3.609233313082328,3.0298160714669127,1.9058602133875213,2.9316709266040086,3.6013675293397878,2.78454057489546,1.518020192271692,1.4320171002575248,2.1908033955949486,2.8527983770588397,2.91853249359896
3.372069285111947,3.1304252392663874,2.859660105635218,2.4705610270697185,1.8172551766548655,-0.2842475484149485,1.166925801627148,1.5507602277699553,-0.23583094005651506,-1.528489446144814,1.0416473480556472,3.409108569447734,-0.5204487641040358,1.1957174563513409,2.7054578642072307,6.148132995862914,3.7366342741058225,4.335864979689314,2.66055181322179,2.6492037681871947,2.9197892755994275,4.054715071639548,7.975617320105794,3.088587230443464,4.772842294505076,2.9855136892293577,3.299801317294846,2.6194458650573518,2.008852543810639,2.5712886928425776,1.9187556101444312,1.2880648195316924,4.173926918895293,5.503243830993703
2.8628641898994247,1.7149058737691925,1.1685923092798478,1.2448441058810986,2.0600824708680316,3.9540658208071395,0.24033418801294126,-0.5934050757809616,-0.5402513892020674,-0.5315957035399784,0.906416099607376,-0.45492600543960715,0.8185760709101652,1.7613786050269722,2.448475738945743,8.266460385440741,8.314421802625885,3.147752980674191,2.7844600249829545,2.211892753706581,7.712217965057321,10.91440061811992,4.95647331126664,2.601241696794731,2.935043382756413,3.0863654816522295,2.916549397489861,2.1147358731603814,1.8584496405291284,1.7999603698441182,1.74017352649678,3.794393913858263,5.169132756500103,4.813063554558482
