script/wind50m.json
{"header": {"parameterCategory": 2, "parameterNumber": 2, "lo1": 3.000054539987559, "la1": 64.9999836372058, "dx": 0.5, "dy": 0.25, "nx": 34, "ny": 52, "refTime": "2025-12-12T19:00:00.000Z"}, "data":
[rows 0 to 23 of 52, columns 0 to 33 of 34]
2.470685517333391,2.7943802459087492,3.9147159535810356,3.697859220079228,2.3416913547393814,3.461754060302044,4.402379134301997,4.533455265301545,4.128986371679107,3.2802754101073437,-1.3290181647599473,-2.015023610451439,-1.8200192694524233,-4.104684255867434,-7.840895429537082,-10.344386495351177,-6.658867245950587,-10.264098182652923,-8.62726097281129,-16.12142710974483,-4.521143484360374,-2.3535147730621655,-7.9537127256496305,-6.737409661795137,-6.062104448959146,-3.37756607831232,-2.5727425453087767,-4.055289754705485,-2.360180247763459,-3.487351490418124,-2.375026893621525,-3.07648812304608,-3.5546548152401067,-1.5800983212658513
1.9613725730409404,2.4319418736764553,3.5402990883106105,4.888259472895076,0.9106940632381983,3.4767482162984598,4.547415388134265,4.950255497466075,4.212185691565259,0.5303849984071897,-2.0803330430357403,-2.863506285523301,-2.7757817034250807,-3.5911130831717246,-6.642706433202169,-9.3514840940962,-11.631245777036527,-8.428316343900798,-15.92941200981358,-8.068454363911968,-12.861597470951335,-7.349871853514914,-2.8298018193855072,-8.41034324494262,-3.68308451362321,-3.40300575050748,-3.248532413887431,-4.088956700661288,-3.745329663332228,-1.6804368074642575,-1.6731429220686185,-1.804495119527035,-2.1631211180271954,-3.566390498894253
1.5957636254365921,2.17689847534399,3.084817183747192,2.57793192144132,4.017831068291322,3.1721573572548896,4.664984824676645,4.644261668615524,4.260092562707788,1.4206371872301995,-3.4511822827385985,-4.007505503912841,-4.420988592495036,-4.312350703558752,-7.2750802088335265,-8.785007971197969,-8.793534458902544,-8.912232363561875,-5.688848430520119,-8.280086434654148,-9.190008101250184,-4.195494341316649,-8.387559005790964,-6.093692556270894,-4.752249869621344,-3.338689303987386,-3.699308336293794,-2.674851164857106,-3.4727627120689855,-3.6114349550204943,-1.5738471960718028,-1.4381018103870433,-1.1091503004092973,-2.378219619047667
2.354386016546774,3.451539111675478,3.1195844658406453,4.095819110558611,2.7564698378891994,3.1500570894832247,3.480876231733267,4.476187370687947,4.445414614552728,2.0278092973688473,-4.087712083072408,-6.040836812534712,-6.327263062343215,-5.786369282492495,-7.9688151202272595,-8.153705921023477,-5.981287920536402,-7.254199647063124,-11.587466173919221,-4.541037680521051,-11.130753666326173,-8.834965727755334,-8.284690516479683,-3.9614816507198696,-4.482821697037835,-4.704798142986412,-3.199751513865745,-3.3888000552817052,-4.591509381478206,-3.352134241766916,-1.933686039378002,-2.041083365000226,-1.3827785543508573,-1.364065021681458
2.2988330010771794,1.25832586554073,4.217994504223819,3.9784902533811493,3.1254368378831776,2.707750468156949,2.4943307784187274,2.7559559693525286,2.9427276399688487,-1.6544907052606115,-5.5692753924995575,-7.201919147931384,-7.157992591437755,-7.677814133937998,-11.358858974280594,-11.618112471028285,-6.8365419539806656,-6.94261861557055,-4.630037463438435,-7.322336357591479,-12.063451022072389,-7.1108959493497315,-4.217002639534626,-5.536506347963811,-4.026252706879502,-4.7407553433768514,-4.3992413358939935,-3.757862086614579,-3.4358009972538115,-3.053953546532996,-2.6574720455755325,-4.0854393141523735,-1.40564306230201,-0.8337667315499295
2.9311780437519617,4.446288818412486,2.956570003681426,1.6795532899730503,4.284925062418155,1.9812431972734827,0.9983779631126959,0.03931806219629438,-0.3386867175500913,-2.3387435195490784,-5.4427625910336115,-6.768599295657379,-7.8909007837931675,-8.824012046453248,-5.179180718921251,-4.510057837014039,-3.1302031443061407,-7.208782756453033,-10.16444014174572,-13.836917953478359,-6.376766533470349,-7.325048734515269,-4.091391043365281,-3.7531277418306956,-4.381575394591995,-4.4068569540255185,-4.048324145771739,-4.2136432926131295,-2.8895853222757966,-3.9105409167895244,-3.832070517463201,-1.9414673169810552,-1.7401045475111692,-0.8083909192523154
3.9405443933390014,4.521755610550011,2.5434751138792304,2.726708531336752,1.7313842379337943,0.7062869925137313,0.23869861712771126,-0.8846817013885271,-2.644233776594685,-2.6390217562520797,-4.84800653688481,-6.313495738968091,-4.085920044217938,-6.258537035522207,-8.720526931223983,-6.648685724440669,-3.712332987047456,-9.628618539288151,-8.323016299260908,-6.637131183107801,-6.468386584990805,-5.028076569214678,-5.238959237312666,-4.2130521212557,-4.180551168501689,-3.6698655540576457,-3.5685218732896105,-3.3963335703782787,-2.6478249835308767,-4.256505589903865,-2.7145426376431123,-2.6492186457312665,-1.8640783435610222,-1.5926962805206173
3.117927764957444,4.576641895466528,3.1116306931104867,2.712817170065987,1.2249221657574438,-0.3941354801660702,-0.5091590012094844,-0.9290870574633396,-3.1418794870979587,-5.018024508316919,-2.5678152828822465,-2.8832704426111677,0.822137024962263,-1.0516947226878948,-2.83231387882118,-2.8448246257794043,-3.2358142030714276,-2.8714347726583624,1.181181056765183,-0.43016407722823125,-3.465679214424392,-2.68427569126334,-4.450215787559074,-4.637419518216117,-3.916329374368754,-3.700068080096672,-4.563797388635537,-3.4306457659157377,-3.4844908582846594,-2.5855378720898363,-3.9762053417845524,-2.7094191307584166,-2.9144404880748565,-6.633842882363039
2.1297122426172836,4.264290682990878,0.5021072475993319,1.0014931905594293,0.9621682564885347,-1.0093446468730554,-1.2799559333286175,-1.2173448618773315,-0.7166221455672638,-2.1804971990732653,-4.234975596749067,-5.670677204930641,-2.204200891957146,-5.257318000834761,-1.9796324062159985,-6.165688725379159,-7.853480795579545,2.2808973486676463,-10.171449722932634,-7.390396962647691,-2.7692015866126445,-0.8026275356767729,-1.4185648130147646,-3.521480251904939,-3.952362228852201,-3.9307447592338627,-3.390031458976224,-2.7850949077703153,-2.3775402721599006,-2.3659943099758123,-4.318691097071078,-5.066418299189495,-5.714572013696161,-6.868636639500386
4.4962991278726445,3.3999604394076,-1.1939448674751507,0.9064195704359755,0.9157948677802468,-1.3501981141962962,-2.0436119878838217,-0.0532379055486686,-4.351209044518252,-1.1097536984369403,-2.150220033011962,-0.3616143563868611,-2.075533193862919,1.7328231889322439,-5.455417071388241,-2.357530007610126,-1.7312140178850526,-5.899750629177993,-6.174534510109703,-2.695757278337613,-1.9539389681026729,-2.428828987256562,-3.0058148958161484,-2.7692241467674594,-3.373980164777219,-4.253190920953901,-3.558648300139806,-3.620342156006141,-4.040280483125959,-3.2397392779165344,-2.122287248232506,-6.530697917979436,-6.821763739135669,-6.939986255075045
6.114547651679694,4.08285241428468,3.6778954312544596,0.8807348703303061,0.5443186149682476,-1.1439639605283802,-1.9608133215715693,-0.1867937393769142,1.3524264317419028,1.5161234163429083,-0.2966077023545228,-3.330719299610223,2.0312685305095743,2.770337246916842,1.1394977500055534,-5.070103224803084,0.7341914430055347,-3.6951735551334566,-6.665977071589861,-2.5118674406276167,-2.661320334471964,-3.151324006234749,-2.865030796298924,-3.7254286294004095,-3.89674477695804,-2.73260773215825,-3.212071723968555,-4.072769249653548,-3.374273154117677,-3.8764268624879965,-6.119910509433739,-6.62145201201564,-6.574484684086498,-6.7326405876286834
6.734835789844983,5.270959454970043,2.1076134552968133,2.351297128003118,0.33061439476630206,-2.735680746324994,-4.942664177417443,-4.334150871628381,-1.2892394274013073,-4.602306440614007,-4.857112068031093,-2.1636741389677994,-4.112232416384437,0.7319449487537375,-0.19138430960238167,-2.346672114411675,-3.1413234503849616,-3.121620178821873,-5.385169541986458,-3.093388869055378,-2.392707707255608,-3.6102932478741905,-2.7243823448762723,-2.935018237002658,-2.9189918226758227,-3.778435175225911,-3.2393526586592016,-2.997312542618095,-2.760120728077128,-3.6383151232914837,-5.979126971719684,-6.2067917113243345,-6.53283272154684,-6.658684746142871
6.872323164166446,6.694332122549762,2.2317433982160173,0.7246310654656983,-0.23867761077187535,-0.788947575342934,1.0635454402979254,1.4618808871151676,-3.734093208992228,0.4993318155504766,-5.310429748692332,-5.744935011651769,-2.040377479842083,-1.8477182023766856,-2.2635805820790735,2.3623171787383592,-2.4974313917819426,-2.5186931253230638,-5.501896329364374,-2.959509252080371,-2.168204766393974,-2.3612750604016104,-3.2482805186702324,-3.7158837334302444,-3.1947801035493715,-4.548214297350165,-3.667132920870669,-3.672796152985892,-2.622404078892732,-5.593115378029512,-6.132069601356004,-6.365541870097038,-6.572403670493968,-6.497865522694456
6.562485338579143,5.3583536161160055,0.6589118763361583,-1.6491972295365136,-0.44409151288983223,-4.074066587890238,0.7671449593415924,-0.9804506349632325,-7.9233759587572035,0.2995686427292107,1.7050708261861784,4.9601394742399805,-4.406008065067336,-2.9915312151208915,-0.33764232432147295,-1.5920074061080831,-2.3576165397075166,-2.4716328718008986,-2.003201772935459,-3.5538482754888636,-3.4586407118280493,-2.359415502459412,-3.1086251353987575,-3.7461831375263808,-3.5859412234135224,-3.4478988317700967,-3.818552721562771,-2.537829589301789,-2.9671044346144853,-5.062930141218329,-6.189067805351252,-6.594989618143645,-6.342748561093134,-6.607344214025092
5.8799669113443,4.348019314002253,2.699399969509054,-1.1895748213287,-1.0019647977299302,-3.8542700245075747,-0.9543691158862535,-2.5436253802692015,-4.816191187777752,1.3026682018420614,-1.2962112389387204,2.837366137832952,0.07227486303590919,-0.056168342443904375,-1.7762694343413836,-1.065735443566398,-0.8495885336889262,-4.14557902547248,-2.485985821740919,-2.502706771381607,-2.56146903984368,-3.8664526868467983,-3.4407865993561764,-3.61241644989733,-2.9784762149810757,-5.3036340830719855,-3.8243731244432113,-3.5646010459669677,-3.1633743534952288,-5.654893009372789,-6.25158960789901,-6.41070662801867,-6.593296920515368,-6.363779236693377
5.345550947133897,4.4791342678355885,0.33891363871428654,-1.596212481418194,-1.6071053670547597,-3.3474627770711676,-3.5260803341940017,1.5569753612401591,0.37804856443099927,-2.2110465749332775,-5.091936934981548,-2.6723860656876015,-4.542047951112453,-1.3093886079456123,-3.0553074744523303,-2.460186632850733,-3.5591352837411843,-4.188132520554758,-4.692241768741755,-3.0843216211603623,-2.8681782781154235,-4.439826401007789,-3.224594950003032,-3.4048583079795818,-2.136178891976689,-3.6970645550813894,-4.4032719894839545,-3.0902496848814422,-3.827449869013045,-5.818286061829707,-6.425830486367599,-6.836770270594769,-6.71887781594181,-6.314587637648573
5.1438731792155545,4.893366381552212,2.0869521335755423,-2.0850316691570088,-2.0317860625076265,-2.743694273760414,-0.07044901542953858,-0.23289951802880832,3.7977882437786326,-3.3273099945809115,-4.333012717656413,0.6428917936180784,-0.7508853778545174,-1.899115590809427,-1.503400791190383,-1.405088857602567,-3.7016012869534562,-1.8790760389273702,-3.624575482412262,-1.916260910409441,-4.296551061955716,-4.296643653669821,-4.505523652060892,-3.749349840669571,-3.9477023880461886,-3.532764478362499,-4.41830676987345,-3.9411742106988417,-3.1826844307941693,-5.869285917664854,-6.735385307926604,-6.9785468622675,-6.853775853502659,-6.592593954830649
3.880056397917351,4.259235931830959,0.3546850126780776,-0.7858609251917604,-1.6303785429022644,-2.692050716250068,-2.2952273545541146,-1.224000887044361,-0.476506651700217,0.5340887525836174,-0.3317573403834121,-2.7517790586486433,-1.651638796109129,-1.6085204539194955,-2.344252239728502,-2.540903602353848,-6.1114461157121305,-2.8631659532331915,-4.2237729547000775,-5.339057817899287,-4.428251348016182,-3.62032702644294,-3.7171222173892318,-4.181437995363123,-3.9866945264367946,-4.539504268823462,-5.060043153448489,-3.420716121142723,-2.7192149983839657,-5.346588028906081,-6.371543528859254,-6.5659294589864166,-7.028112017301169,-6.573881152264762
2.3767823777206774,5.301542356606982,0.15316196814454325,-1.1684805758509786,-1.4551722858382155,-3.7085244512599993,0.7784218619162726,-2.405143857871293,-6.590175753320502,-1.1333497824989829,2.077998816447539,-4.185394236008695,-0.581395246115677,-1.4249715380261923,-1.2710852608763277,-2.097248250729709,-1.6575894354547112,-3.0451127133303983,-1.6200398610079023,-3.648655349548919,-2.5248359695280747,-4.77555717897881,-4.442872856978018,-4.925955936169316,-3.8763721400338165,-4.55893025779506,-4.868702421815672,-4.042121262569565,-2.7171016204613996,-2.581632712701087,-4.509742462426158,-6.3838160594902735,-6.598034560082106,-5.939814876084821
1.3419360997662415,6.182118957011258,0.2752909994067254,0.029490897189378872,-1.911588814631478,-2.700588184358484,1.0052238028327192,1.4464714051497087,1.3868182358723595,1.1934727638130198,-0.40495317084929067,-0.49765405682828817,-2.8431630434158977,3.5109452241762034,-2.10778381799687,-4.742064658634242,-2.8650981975397958,-3.648800739320148,-2.77706984052309,-3.4052621536814267,-2.3628962581916473,-3.3253367722671023,-5.706926332927989,-3.875339099010353,-4.469616729275583,-4.309716849487786,-4.178187948311,-4.294242391617633,-3.8049299368541396,-3.2789813679450814,-2.9248446210433214,-3.9256636312694653,-6.6477517576320055,-3.54741353194235
1.4283574225900222,4.438645862927189,-0.3690281168688135,0.16037925405041698,-2.562750751244205,-3.2697899999266147,-4.8055006949336505,-0.041909516033778405,1.4293329702379256,-0.4474095359496428,-1.5372426590953767,-0.12322347350977153,0.8669453521973436,0.16011399107666827,-0.694021609202219,-2.6064086067597283,-2.955583806511795,-3.554437960847037,-3.150219821232467,-3.7065546392068467,-3.3466257414063834,-2.5070810487720365,-4.499161156352872,-4.7146302287363895,-4.0992247281140894,-4.35768947758303,-4.43831249019018,-4.162828653423852,-4.255501555774037,-3.787868314860048,-3.158625697129616,-3.546988320238298,-7.085952660344781,-7.428599674079594
0.486404252749746,4.747414871870459,-0.1420014429439915,-0.1927093206462928,-2.257966025762956,-1.5268573281332982,-3.226502300020548,-3.0041368510010584,-0.8962277394594865,-3.4863197492036955,2.2716059815763,0.9057589968207806,-1.4812603683975558,-0.7271975809985787,-1.7562376768317256,-0.3350914255920616,-3.171938790165031,-3.8635713929621174,-3.8703237370184156,-3.117703431898259,-4.155067101577948,-3.79715840118056,-4.4339618255985975,-4.049130602753091,-4.687479331538904,-4.269377844577139,-4.0853501248567685,-5.217793854210876,-5.162250207010052,-4.676135039631192,-3.2126574998606743,-3.5823603252145544,-4.698633767913158,-7.81689099539765
1.1568875759600918,4.738875434902553,-0.3350960125399771,0.8581131065288895,-2.0211238102886773,-2.779908376498811,-3.471115117200696,2.9174004250205536,1.657586638619351,2.247790784261949,-2.0577736140590166,-1.298547548117269,2.5748147160868404,-0.013204625856619388,-0.6661810972434368,-1.174309661290116,-0.43075404172702325,0.12978051468982524,-3.5823956070509557,-3.4337673020184067,-4.833588241154664,-4.521811828348629,-5.011660073017299,-4.95687726516394,-4.428980614638707,-4.738638530113467,-4.983859848471241,-6.08202965405235,-5.060523583825507,-4.96489772017625,-3.8913075703119655,-4.783781508891875,-7.546953761280604,-7.554719587584274
2.867389202827591,6.910396918014077,0.8229106143272141,0.14885664749494887,-0.8522797245903859,-0.8270711284235798,-1.451869585886379,-6.356840263761983,1.0055162036782717,-2.9128859207683484,1.927632640111604,0.14056238120522496,0.7216318112303801,-0.4731807470827495,-1.66352241158319,-0.5765797452507084,-0.4327370201613504,1.0557626134296365,-2.0715084336017933,-3.595059779722501,-4.201749734710322,-7.180333207014965,-6.401556282809405,-5.074339987911603,-4.605552621498822,-5.09761439568883,-4.737335055949487,-4.425843477057008,-4.357763055420907,-3.9992293911172143,-4.189663766011602,-4.330950196608155,-7.240695211693321,-7.6876984570833855
