script/wind10m.json
{"header": {"parameterCategory": 2, "parameterNumber": 2, "lo1": 3.000054539987559, "la1": 64.9999836372058, "dx": 0.5, "dy": 0.25, "nx": 34, "ny": 52, "refTime": "2025-04-27T15:00:00.000Z"}, "data":
[rows 0 to 23 of 52, columns 0 to 33 of 34]
-2.2324396503440327,-1.514215945161769,-0.5330272092766823,0.15421064678159638,1.3099149179426681,1.9558044105964945,2.8033340247220306,3.6286566101484303,4.283551689763859,4.77389412838834,4.601122552831021,4.660435780665095,5.3170723804652535,4.096810288994442,3.5543175368300535,3.0235707304572124,2.9487855511093133,1.998194255763971,0.5092593163911202,0.9004310228675578,0.8171847174608129,1.882317449614089,2.5410148664990317,4.3926820481957,4.358025947265494,2.554269032982922,2.303007239405717,2.1314551128602353,1.881667428238964,1.1633267311900648,1.596055070962265,1.7242312783342295,1.407167742034854,1.014306285309885
-1.9846640266597821,-1.7826516152560539,-1.2122135888200467,-0.20334240680339882,0.9224134292180449,1.896489347939802,2.694553476088124,3.8037431589744757,4.776409838053544,5.2680549836401935,4.889457446816588,4.056777298576371,3.425115502932762,3.333524853272975,3.234221587849218,2.496309209340853,1.730927035483205,1.1623717172251444,1.553831491979789,5.972647124442982,1.535104010845816,2.8917338413257223,1.04461110236396,4.811062628647984,2.3298663275683094,2.108477355179059,2.8601773225275173,3.9350138426495627,2.8287608627503156,2.4802714548621796,1.0787395597639435,1.2166570253061157,1.5159020302560595,1.7279615202482534
-1.4013065557354898,-0.8227789441735304,-0.3678482122119727,-0.2510297290907507,0.5330722804138361,1.6653846422774654,3.0400901185546902,4.140981816887562,5.345411033916685,6.391058544722191,5.868630807934621,3.4269536081721137,1.9485982805081525,1.738097634337235,1.89555902987055,2.1899583224618895,2.133120542504933,-0.8388816719276276,0.2358109444076271,-0.4625612713205208,2.9246619475141733,1.7279373932177051,1.9390978082696022,2.8589754481421337,2.6031518899266133,2.1224880974617255,1.7355273543680239,2.6205421786941607,2.6835089841502135,2.37329793397259,2.6590511140416253,2.045686859584044,0.842939776959884,0.9983280726130765
-0.18745994876302507,-0.5225138800976185,0.09099905200954762,0.6983611614671981,1.358683548191741,1.7407413808791066,3.0861209049497065,4.46012810567144,4.9522575380482685,4.479149166649357,2.830247775769703,1.2871407481803527,0.037144987884309436,-0.12662533763107528,1.1536794114163953,3.207685788747611,2.027401231661827,0.40127819279217686,0.9849491466532994,1.2934805752585097,3.3487418810456497,2.2749226922574843,3.850793147157309,2.3375713770204825,0.5085067805983428,2.0980514018429166,2.630882058877886,2.2017472028183693,2.1255020436600667,2.3816126438946053,2.485376958998066,2.5601467670656537,2.286197967761522,2.007142522512761
1.4295597300753844,1.6508800775363583,2.2527223179251394,1.3912324307882473,1.7377260019892276,3.1693684820878465,2.4323704027928232,1.8171209312597276,0.536411533026939,-0.599852367716421,-0.010098712816234234,1.517010596614652,-0.44542868992699425,-1.3674589966276605,0.04827326574858099,1.8383423900613969,0.354049901198706,0.44025018432120894,1.986831140511035,2.4248148872459274,2.094467951356516,4.091344158422647,0.7350173344388616,2.668084681553385,2.3081856953507294,1.4288404676094615,1.9274780673672753,1.8203289401496623,2.0564679307218237,2.1654950306137195,2.4268465122281597,2.5480236230138398,2.259665330000428,2.0737739778784055
1.1862637111384262,2.1395984702613706,2.5287956078871305,2.6701683675167818,2.4059294999603758,1.987276861652095,0.8650678919196682,-0.17636150829497285,-0.5120113829813543,-1.3399927977252792,-0.7683343441062277,-0.8006544708745823,-3.8165798518303427,-1.437464226061651,-0.4189850725941661,-0.2597467291915963,-1.202776823111018,-0.1052346233712862,-1.1671311143188456,-1.6737512199159972,-0.43302238479161664,1.4842907063386845,1.0779140780806375,0.04506841089414272,1.5380921644269967,1.499760772801523,1.6509412616580013,1.9100980057855925,1.7941585497139696,2.1973115582054157,2.259327750968089,2.0942323362908954,2.0032134087390987,0.3165842994889153
0.8191564428896415,1.7099844812856315,2.7186252778282483,2.8754391420094967,3.2747031937477318,2.1680000342509116,-0.690926373514246,-2.5047351940159626,-1.8806373186991592,-2.187089573577613,-3.011230998122876,-1.8649670503300937,-3.102285876214847,-2.306625567927581,-0.15740099794126286,-2.230016719797194,-0.44215101745576896,-0.1468272945247726,-0.8393472650847998,-0.3476275845105496,0.340494229560697,-0.9961108914454077,0.3690552341007138,0.4362914577866886,0.9272872024808617,0.9390188524694503,1.518905025142927,1.4306431591750253,1.5721128796468353,1.6392917974685675,2.018085704491954,2.3887556318284546,2.296809539166549,-0.4979407977813975
0.29675361536361844,1.0406614400982837,2.0926465255937665,3.188466424075498,3.3514618195876493,2.775962492695,-1.907510920072526,-3.371721965549003,-1.3990123377837151,-2.1263765073488754,-2.8098570922051835,1.29916109388374,-0.4546690574843611,-2.679298233170078,0.14043473568243875,-0.9362194541398196,0.20132579175505988,0.33572859859904,0.9202913494731335,-0.6741224873128359,-0.7948951402374895,-1.677033992425034,-1.336594319402069,-0.503027588379679,-0.3362708440810147,0.535757153784413,1.4417641701801633,1.5841849234796905,1.4854745598660586,1.115634730936074,1.785290562095717,1.682888938068793,1.3596367356463428,3.15462697846939
1.3654194550959164,0.8584251799451369,1.4950227198333612,2.9824590494367054,4.0431066634066815,2.6373586024160973,-3.0357574973498083,-3.2910460067700256,-3.329971970987577,-0.6070572918629658,0.44601607882967376,0.2118947914801373,1.245826567833399,-2.0115579952205214,-1.70715969436724,-1.092343284224276,-0.10145067342654307,-0.22388563569511488,-1.1569395114965353,1.8023945281634381,0.16992709257503535,0.563473027798172,-1.3675986530593316,-0.9116332155079164,-1.072410647936199,-0.03398979378197109,0.2101786356802202,0.38791536262299275,0.4375964319971843,0.8858198830996348,1.295094514721613,-0.05584943931038987,1.7888776412889622,2.161685514442468
1.6269837604757105,1.350993632801539,0.9646624120708274,2.1027155207732386,3.249568155086689,1.8237096283686762,-3.405274971713908,-2.7243725998335484,-0.8559393765932773,1.0730131138348051,0.10276099816105935,0.4084308903489971,-0.7184639631828199,1.8900079186924317,0.2624623587050417,-0.08362298587296613,0.19882312977668448,-0.3234574727802481,-0.3932281880271885,1.141020573283792,2.519048188424867,-1.2720362636101565,-1.4468502635759224,-1.5924081075931802,-1.5198979280955283,0.11936288915637454,-0.19492106922610164,0.5033444835714982,1.1981404590542188,0.8546999511624263,-0.2133805797939404,2.5825310845270932,1.6955084232093258,2.1909554667769457
1.5348753627902623,1.0876680627432953,0.7623916528128408,1.791850127232136,2.082838770671211,2.2939598494343842,-0.8993506285318155,1.7730163464556525,1.705731180384926,-0.666085826637232,2.822941391960048,-0.6549490388343714,2.446606612749601,3.9656813364807397,4.103602121524879,3.5141030082437825,1.1787318134504783,0.2482637297598672,-1.1439355635061377,0.7366120148232868,1.9428856606050295,0.38508779484799327,1.0330878128211662,-1.6441752078054808,-1.257424329736913,-1.0769464012409342,-1.3393270209581865,0.2431523864961085,0.27820702332220415,0.47890223132983173,0.22213016704004426,0.6166790967437551,2.0250716001741367,2.1547521131768073
1.2553415710291953,0.8232647852786178,0.47358222765690966,1.1471035661208453,1.8742938280358026,0.02949588010278502,1.08644442395904,-1.0458015993162562,-0.5473362238326244,2.45227547546587,2.5519636317066468,3.299530950023222,2.057618930511614,4.1477046147970205,3.790333502029495,2.2418860873874555,3.2498860312498694,3.4532302175046197,1.5999682949412837,1.7235200894751974,2.6030751878383005,2.0293986552406063,-0.6169385959965327,-1.8612473794320883,-1.2449790136851664,-0.1872103977949693,-0.6349851784157978,-0.9292732032086569,-0.7410844259182942,-0.3324232146801391,-0.8878154802186119,0.05579682752561463,1.2818258844222445,1.339198811673494
1.2439132951279979,1.0531824995846553,0.25403038437621916,-0.01755189162138161,0.7449868691111234,-0.5371657353944908,-0.17834889797270845,2.2216282273679773,0.5353856266811433,2.70518346246845,4.380078032852594,6.479308367675207,2.0198192888297126,4.408417644336564,0.9812066187379389,3.239324871866342,1.8778593000540649,1.8821642066260296,2.0921207826626866,1.6314780244832265,2.7498110343970845,2.175476196914744,-0.2642440237334437,-1.1120763331620582,-1.193356721012477,-1.4520654708243392,0.19047411177295578,-1.2060368194331412,-1.1305323204648208,-2.7912888000723846,-1.2347714273772388,-0.07915950896368153,-0.11731054035602036,0.727456265569808
1.330959710316803,0.9124711054628687,0.34598367250202766,-0.7029624825504263,1.553017055039047,-0.8183016196931389,5.709304892535639,1.4529718475896871,-0.9082382934248788,3.2388145407879514,4.536932774314511,7.896330856897359,2.310704956215032,0.5464039255884584,3.8097254681463677,1.5308946049439887,2.904608505730082,2.705784916773552,2.2870965233622154,2.258260066360675,2.3034169676706595,2.4097990033378855,1.9526134973006875,1.881236974265283,0.8685284766360382,-1.6441457983085348,-1.731517851011308,-1.5343992932012616,-2.187707901455431,-2.914047292233516,-2.7913848942408,-1.582547233440184,-0.9693541155048951,-0.09132638577489192
1.5725047482158743,0.5517228197983208,-0.41958897965081,-0.5359752421315022,-0.3874520535456519,-1.143635391178391,-0.06928628717138852,1.155844511417228,1.266356196198702,3.105072219877798,1.6204108382122753,5.165577566628993,3.415076828272476,3.244933216362395,2.2515422479517104,3.3747183648344743,0.5011847546286597,2.1377607893247452,0.8604418817734723,1.6085295533233155,2.184889301245699,2.4494308473938657,2.6940786054653847,2.711849370609262,1.706439542365393,1.2332019792237907,1.0221074029966122,0.7310599795739007,-1.5288480546095617,-3.5590749212101542,-2.3781099829297094,-0.5638533083687501,1.4293244879950537,1.8756407796871886
2.360208253468876,0.38227506579016785,-0.5577634131323096,-0.8182831637590748,-0.8882761687134427,-1.1893028710446618,1.4748629843303365,0.26875585009978153,1.7458266772021358,2.4609532579171267,2.59942322884519,4.520336896133597,3.5212480012861933,4.82570651164055,0.6638860141993095,1.803353299657509,2.768964783363867,1.0854742035579423,1.3553793604717133,1.9444792959946164,3.6182580315747837,3.346074965028177,2.2234800279214313,2.334040108409561,1.5676211586535478,1.839340999227999,2.3577760829536354,2.204352244710888,1.3837667574965267,-1.5286081410535721,-0.3558212318878281,0.8142279976526818,0.6361131587278791,1.6936401258315668
2.4401103348013584,0.49166856083253124,-0.6036187098684219,-0.8817999510177882,-0.9588566300370184,0.11374103659735774,2.43180449753159,2.105490995471423,-0.1513685458697268,1.612754954690863,5.984011853793989,6.784399253095421,2.572592683554277,1.2268532816707278,0.8290141420555079,-0.8223025173842525,0.65709361231895,0.8373974713160531,2.083329399524888,1.3311131121389639,2.5777814489427295,4.135467756009545,3.0323028175221682,2.6591228897979073,2.28629569474366,2.2884840598742238,3.1552791832065195,2.5828947494433248,2.7004364857212813,-2.1059160764043403,-1.7437660001800124,-1.0731156135202324,-0.38656861673384607,1.5850967275290064
1.8236707590883916,0.051047711928292064,-0.23235960517192156,-0.8965676346345914,-0.47188173882968387,-0.18359997541730044,0.3772528543330234,0.982668983423733,5.860561327844735,7.43448391879025,2.999708154037186,4.665635810682128,2.5845511214085155,3.1602624729891526,1.3198985081736632,0.8011588310237374,1.6683303114682486,0.8886554096534881,1.3892296020184605,2.4377764717521124,2.208090430844501,2.2138808734619633,2.512900392085863,3.0189212280666378,2.495602254819981,2.6610543352524765,3.283118771594026,2.7766122038841563,2.9373267993077325,4.882853289824328,-2.032516056792169,-1.9436316910456568,-0.6726020874623477,1.7254746710513944
1.5193737360297712,-0.18508962544306068,-0.4718518867670206,-1.1458030043642462,-0.03375061359651821,-0.9087178063756634,4.050490983627727,1.5395944282508005,2.475415368431847,4.800642221997506,4.39167934640654,2.6758488757184358,3.413955816907587,2.1472206235889937,0.9863914654445444,1.0106260542586474,-0.7333390135488839,1.1143166828618112,2.371768613330018,2.544442615626846,1.744638751742354,3.6712031220430332,3.45911406778598,3.2176296625001704,3.4615764040377277,3.228453863015626,3.2039199714027147,3.8463268340670664,3.0527035784456333,3.4302602257878516,3.52783639778812,1.8617073070253596,-1.7838865507047084,1.6797452058228364
0.5032696583652972,0.12441606780290257,-0.9244452953847986,-1.5436297163215509,0.1924899236585217,-0.9943395501984301,-0.7302355903991917,7.691309581884717,3.7772862158959626,4.526634028934855,6.101914045684731,6.84548886472018,2.298414897217666,5.332531614142571,1.004253171315686,1.0926274869531942,0.33537361383103437,2.0668269702253483,2.2930808978954187,2.200875018851724,2.365351533903382,3.1495192815537383,3.8893115505701474,3.6808017577958596,3.736315950805887,3.395251754490184,3.305951522205837,3.209908259488698,3.063864618992467,3.023130157065217,2.486145366519246,2.5395997879400984,-1.7042420361813386,0.8452277529885344
0.6093402270426128,-0.32307492862457515,-0.6125922698959866,-0.7557168015273021,-0.09318838288968355,-1.2069125576289148,-0.8404974938944809,0.3280519195084363,4.068350908590154,2.7961414426568445,5.698727844954316,6.061190105388188,2.657122042120677,1.63892870396018,1.4155273077795345,-0.32173711332306254,1.8889886494409136,1.1654156681449899,2.782988788042647,3.0552707898469205,3.355738371809321,3.5173746772232266,3.4585703962691587,3.7233505029700122,3.8660714709238273,3.5518850342271406,3.2398804892679354,3.760463760726201,3.202427521857675,4.558595527027398,4.304637834961568,2.059989771120119,0.34079092771888825,2.7838120504063184
0.5629362742710187,-0.4105640079348255,-0.445065789410254,-0.5982568394734865,-0.7295859462681044,0.07501414065534996,-0.4588280865449841,1.0988177333179712,4.361737977517538,2.1952002412706046,2.1030626374342,4.77949144478296,0.8387159374150543,2.0691112289615257,-0.6817997981921873,-1.6320171519988906,1.457995043790799,2.352511181451867,2.7900185421436157,2.770518912864506,3.630008578156114,3.878230494274079,3.6638291383594064,2.155544305390242,3.303253530587305,3.423282011515967,3.2834504559239015,4.686566726233949,5.761201508197719,5.895849137979502,4.254306374879308,2.8094881229658757,1.1326530619127824,3.9051322007255407
0.7108131915802365,-0.34673395303529725,-0.05472561933053143,-0.5434256364273427,-1.5342300015286563,-1.4676111423846554,-1.098051112885991,2.2976938905035618,5.660756682332018,6.104874497363589,1.7839890937581004,3.68472188282154,1.8994250734165445,2.389344477818882,0.8503985877389476,-0.7887846789803653,2.20527341098085,2.7166346173874145,3.1856766111369406,4.716659979196242,3.066390003692397,3.2784007448488492,2.3388736599764868,3.5267053306384457,4.26627521349146,4.7686775460542155,5.386260371385331,7.117478329476927,5.181412512122025,5.649304243262806,2.4214558581164054,2.233423221010586,2.4089981602816506,3.95691845555187
0.9951097983525412,0.6362984665104389,0.08161871900145692,-0.7993855846422259,-2.202328445194148,0.5861215372503051,0.9203582217876184,1.6806448057402719,4.290115958383079,1.3728324652213615,1.6859317526661757,1.7311453961522925,1.6965116500982405,0.5676109540326976,1.280276946442351,2.366805437012795,2.58747592322416,3.5942915815664067,3.3383815724794936,3.7430832582645106,3.7631757141723314,2.762545176502762,4.580128335138916,3.663575968853081,6.692949517037257,5.036245971265193,7.429865400415668,4.423497455808644,3.1946654390343294,2.036808668177178,1.666425120124447,1.7130527274292495,4.625331660495397,3.4417658159266726
