script/wind10m.json
{"header": {"parameterCategory": 2, "parameterNumber": 2, "lo1": 3.000054539987559, "la1": 64.9999836372058, "dx": 0.5, "dy": 0.25, "nx": 34, "ny": 52, "refTime": "2026-01-29T14:00:00.000Z"}, "data":
[rows 0 to 23 of 52, columns 0 to 33 of 34]
-7.817291156747225,-8.150836154779306,-7.884371893200395,-8.176042598691204,-8.664500739890645,-8.62018812587793,-8.491315739400042,-8.594362032523362,-8.891999007918201,-9.151244856077401,-9.159221976939639,-9.096676430436812,-9.184781161523452,-9.359446054810075,-8.00800239334656,-5.870504508334558,-2.8645413100681174,-4.054886375353011,-2.1786997498941503,-11.781804102857071,-4.931749581582959,1.271093986487178,-3.187558075169061,-7.102867233973592,-0.9588383076476422,-1.2870444687152045,0.4505179795015298,-1.9310655630442772,0.6691238295338693,0.027913809345259773,0.2220100686772864,0.6253229850480648,-0.35901261152442615,1.047422866868927
-8.313896588172703,-8.53185968572844,-8.471813020297194,-8.61846589275643,-8.548045227073175,-8.711468360297278,-8.9034670563597,-9.239444465009118,-9.35555532401037,-9.297028565649562,-9.131898570510028,-8.724065249200361,-8.713522589225331,-8.961293397300901,-8.861313979750179,-8.676562857606541,-7.683874830810907,-2.746999812849951,-9.798789334667203,-6.411410056151167,0.1912567887631417,-1.6275710044114726,-1.5255899089316949,-4.472164241334647,0.35183800333686627,-0.8861593174658683,1.3235711870099416,0.5483061689173061,-1.0389330449134386,-0.07592712342776332,0.5949030421096841,0.7817156522991618,-0.04595894725139247,-0.7322361272945864
-8.326505606663565,-8.280293184288862,-8.338635268922301,-8.209077503627615,-8.275299993453952,-8.454158622921092,-8.953811832821406,-8.902841693395358,-8.80573164662939,-8.269004372469812,-8.104995259896839,-7.262726198961293,-6.911910577302843,-7.452947910645566,-7.102818695818489,-6.407426336325372,-6.302936037923713,-3.110255844875576,-4.1863695402418495,-2.8399250666860407,-8.491689473786778,-2.86825960735628,-3.1983343240279383,-2.985784475476085,-2.289760885215294,0.6950596079698798,-1.6684853030804057,1.255792405019747,0.5606185993836298,-0.7098050707480733,-0.024403221141701244,0.5191504044948578,0.6650223233333726,0.5031597630451438
-7.87828869170465,-7.7876565583418635,-7.962491523656675,-8.191877014078623,-8.291155311780342,-8.29884714131918,-8.086914403057378,-8.40030091926001,-8.412260311614133,-8.028398504807845,-7.826372478591979,-7.400187471503501,-5.377074171885608,-5.161891474247409,-7.1117859139471244,-5.960936141517232,-1.8164141389161028,-2.706685002401896,-8.031038352983924,-1.3719398177879498,-8.615188717123743,-3.10425681538475,-8.445880209171687,-0.5683678020335726,-0.22127997434753066,0.010236325385635462,-0.18744469140067146,-0.6363672842693529,-2.0361757410281514,0.04003163833266078,-0.8237226203352433,-0.5238014261865942,-0.17431855216066083,-0.052858725912417255
-7.980995117637249,-7.941431000616647,-7.639588067297454,-8.009577003745504,-8.127222985509214,-8.363648506325056,-8.266361191150596,-8.50175337817377,-8.931098180993539,-9.088334341723774,-8.579300796729164,-8.083451778917668,-6.404669568522119,-7.965844081733794,-3.939399964271337,-7.669053905834022,-3.0068439715990176,-2.8046609094443347,-3.176710012335495,-4.936278428051316,-7.061272084847122,-5.5015800396809,-0.5898901560680696,-1.9553434271723429,-0.4365044819111862,-0.6885928951996633,-1.2295123533172023,0.1675932960076933,-1.1415210621110934,-0.6454670533541248,-0.5133935798124436,-1.671978629452379,-0.2138416186789304,-0.005707214337244862
-7.959956655903636,-7.697493447841654,-7.43259579562638,-7.230441328556933,-7.378354091744823,-7.827951524535873,-8.537215770430782,-8.137812431342306,-8.02847485498521,-8.155546568217462,-8.353514538188032,-7.395821017209157,-8.92440609724044,-4.277049794561655,-2.6313901176380043,-2.8755420559915,-0.14907281688440832,-4.055881222295662,-7.7382547177279,-4.816693635466891,1.3289301915628953,-3.588993962074386,-1.7354463890235612,-0.0054910778764513685,0.2161896356328236,-0.14981495308182466,0.3632998679546499,0.23890988877636068,0.034702521731855465,-1.5261527751468371,-1.0683965441863588,0.4975817482286149,-0.08590354862328639,-0.6396581180666313
-8.61653967596309,-8.690379888566564,-7.006259737034537,-6.431965621662372,-6.340687946216864,-6.7332016542807525,-6.884851653240563,-6.221288703545278,-5.219326350557066,-5.429649144894326,-5.612938056564535,-2.90093632447956,-3.3955850325124364,-3.6080059242337517,-4.731609149326128,-6.219601164039414,0.4909521683926396,-5.13206237457644,-6.8700670044150485,-1.8009739960529163,-2.6169815308662168,-0.11810790557984265,-0.7626950654230503,-0.04955083082092762,-0.9452823531539355,0.07833966566451547,0.034617978753294934,0.39117059525899966,0.3787816709437107,-1.1578797260809892,0.18792596818287155,-0.9574920121192044,-0.4826118221481421,-1.622358320618978
-3.2091790851332647,-4.824762723390344,-6.887352526821942,-5.601588030740201,-4.67230037635068,-4.554792273705786,-4.867964318726417,-4.686050449398266,-4.576357237991701,-4.364696388459908,-3.8269923607051055,0.1494612366166502,0.5374523527778645,-2.402580992746118,0.48183554119265304,-0.04988774098895037,-0.04232997639411082,-4.019888510629927,-1.9892082403924634,0.7935566233570268,-1.8586380271742036,-0.9864290005198195,-0.70374362704955,-0.15739246951361827,-0.3554453596550765,0.31049012686446964,0.21992385183452115,0.4821959785025671,0.15204687649239207,1.3664599020434494,-0.19838954768709138,-0.33157003067640856,-0.7776665991082354,1.6461155124352944
-0.8240121450604603,-1.0355533354560114,-1.7929631925407319,-3.7257312449996935,-3.73351863886318,-2.2282226685909325,-1.3033070699101292,-2.58344375780734,-3.6798080149169463,-0.712287921144586,-0.3430925027981611,-2.4037485378184242,-3.320671742323948,-4.642131032457103,-0.00290726413296675,-1.934080219339343,-5.510671934697322,2.62954374354907,1.288655303540986,-3.6420309473414156,3.4895737445494692,0.6337061412618326,-0.4358174805559887,-0.18696968546318954,-0.03624279458581077,-0.1532743436515962,-0.06898778309215148,1.0323562753478106,0.8661750974614165,1.1537572083111984,-0.3053653380537987,-1.0473644748289574,-1.2381870778450992,-0.46218747978713914
-1.4129250976095404,-1.2166015112717563,-1.3254631496394933,-2.699917142766418,-2.438100528592387,-1.7435608515312704,-2.1578789877743048,-2.797164652638131,-0.5188941752485489,-1.2383183819435004,-0.3719618606084583,0.2835250418280862,-1.3195789014168782,3.511455535856126,-3.541951528052262,-2.3392668611809335,2.021545897276173,-4.7043991953673245,-3.2888579737469135,-0.4591240581934138,0.8337031144674231,0.20397740215972604,0.7596664505974604,0.08553331654086845,-0.07090531004071401,-0.031078262820812146,-0.032681856890521326,1.3507542236287016,-0.188056464459214,0.6622614373333907,1.1999061698356424,0.1482987918966538,-1.2433946657518866,-0.48660648683309315
-2.061966112169395,-1.6923013311640607,-1.065209003930107,-1.6014096478105555,-3.1138527731812187,-2.6774901206145145,-1.4898564800670036,-0.5687414634291317,-1.6868615535565885,1.453569647978202,-1.7173402155596684,-2.739513458764361,0.8196292616005795,5.553933488663747,3.6564332409209332,-3.7769352990050895,1.1938669624253655,-0.6363806607896854,-3.3498382452827915,-0.9805842672636638,-0.3284028600129429,0.14674670096071077,1.4924076315660626,0.7929253944352718,-0.43677942141675735,0.40446528016204003,1.3391326525242386,-0.02286611367260287,0.7220246614728961,-0.6209011362026964,0.4733415424851873,-1.0878561126634212,-1.3449427923308477,-0.5630748913561752
-2.340430698927381,-2.04466646659958,-1.1530061006929895,-1.234050754402598,-2.6881479574545954,0.15717446227780235,-1.2465053540369797,-0.3756148916155183,-0.8511769422554746,-3.7671297059561337,-0.3417693267717969,-1.7100579893201246,-3.984383311608011,0.46377562645487447,0.6701884749232445,-1.1093985616042223,-3.3703365693539977,0.7447423340753138,-1.7394093591233089,-1.7798389784375164,1.3480867473489788,1.7870856622173639,0.7953820990131105,0.25264595940635654,-0.6642489913309293,-0.6550178307954362,-1.029815102812109,0.03843865696087023,0.4326549526010398,0.716057246479349,-0.9010111862930692,-0.9015947742008554,-1.2812194299898185,-1.6420364654446937
-3.867373875115587,-3.0525490425046593,-1.7544348997272745,-0.19336340650821515,0.6433475038496002,0.03650934660714821,1.4433263848520854,1.186756280708648,-0.893044545780957,-1.0126900560845942,-4.423240223240343,-3.877785707181056,-0.7099530237512037,-1.1713129779355642,-1.0463174684116383,1.2487742923896634,-1.5304712240749867,-0.8509373833438506,-2.2969598997280687,-0.23264384497751253,-0.20567106127363444,0.3840863538392115,0.30741889944963724,-1.3124895525887696,-0.7739902222915775,-0.7327315122629705,-0.3760561548758526,-0.40850591576693135,0.9160326224920105,0.01417887055190585,-0.8019116885450295,-1.4528230358964276,-1.6294474284638778,-1.3198208711429489
-2.553613003205358,-4.446597014613149,-2.4297059779238155,-0.3635708739217436,1.8970720113901844,-1.0226743620119303,1.7692631255009532,-0.7806596679768418,-1.6807501412064787,-3.3084939139226526,-1.691233843073328,0.978689722927328,-1.181178467573874,-1.2147101933475677,-2.3062863266315827,-1.6803484658822425,-0.3767979078719028,-1.7162026043922112,-0.4114775026490667,-0.18682672389748609,-0.3548543179559182,0.5882935211782033,0.3092675915681747,0.30611047359662613,0.11494777555921663,0.5608903868293315,-0.11530415631658018,0.008969026109119973,0.8775747700507721,0.03416679274366217,-1.5792303787299569,-1.9107048798177537,-1.735091446606815,-1.3436965649280719
-1.4684824100762472,-0.4501491584464108,-2.299082589058796,-0.8037017821192342,1.2851800968592648,0.42292378430795413,-1.0075187020202447,-1.4255115337291142,-2.6004053666374407,-0.8453945578411937,-0.3831816347905919,-2.3739785777553037,0.3312313324245802,-0.044275384692398514,-1.63576798345628,2.0617688363574476,1.0702831525316097,-0.823406822101046,-0.22320735098759364,-1.6506285852328157,0.08851715705594364,-1.0683754073003673,-0.8646600696144808,-0.16299884412357932,-0.5639608090423083,0.20398117087413925,0.04054140401515357,0.15252998151326297,0.2812267316556014,-1.243585794230521,-1.737255781425319,-2.2455006260998838,-1.9885880672179,-1.7544732709958089
-0.9764787465189789,-0.17936027846666783,-1.004090346788347,-1.247937331402319,0.23486255215719473,0.17130801186495032,-1.6184906234054914,1.0914317823990232,-0.3330840619760634,-2.3944558604364197,-1.8445304763438894,-2.775076209492965,-0.9607521108683195,2.7960499717496816,-0.48574259326435837,-0.7348655254950085,3.311327990172662,-1.0431066130010411,-0.304163992483556,0.445472086029401,0.1454233099247801,-1.3678051988472952,0.29688545514007547,0.37208937715317447,-0.5636529286990238,-0.04545836311506469,-0.362584477560787,-0.23072950679633303,0.7133747078434879,-1.1769365007213253,-1.9526727107134874,-1.9665865811376366,-1.9946985505703574,-1.8946015270099688
-2.0072281620044294,-1.0584856664048743,-0.029516779923542482,-1.9184054224906206,-0.19910687769612778,0.3009676801174215,-4.550120210493535,-1.1982428170068575,1.9710066556033952,-4.101123851557862,-1.1807290719381685,2.06586321156744,0.6311363249626671,0.4295796913415415,0.39205279882591937,-0.42604289398506295,-0.254356909002709,0.4971616885125274,0.601897911572322,-0.8075137135895555,-0.20317328197362777,-0.6187234721434843,0.08709124049179788,0.423238126680472,-0.1579809751380716,-0.7391685291786825,-0.9634198479770273,-0.8148008325457925,0.2560814849869307,1.2849030016970064,-1.3582789560896888,-1.9119661273898714,-2.934942326722842,-3.0764130567922163
-2.9682067312284937,-1.8858815800866953,-0.6352363637886902,-0.4839565277708108,-0.717389405362203,0.21533638569280855,-1.922093893716363,-0.39444566991925933,-5.3797544672811535,0.8734157282334255,0.725634029951105,0.4159828734132067,-0.5293843954149777,1.431967979472306,0.15507751580762194,-0.4850842317088065,-0.09312105701805301,0.08071294148364744,-0.5312894207160112,-0.9699108074606799,-1.157999233543737,0.05657035220327529,-0.11145470169155537,-0.7959343210964798,0.6364999557000177,-0.766398222709648,-1.1831797995732207,-0.5972217851140719,-0.3226849168050518,-0.591534912234372,0.18790282999165825,-0.7851646346212541,-1.9071813499235788,-2.707452287940464
-2.4708248226466054,-2.696398123950966,-2.3191596897634668,-0.06070230828184684,-0.8679271023321004,0.33235252553696937,0.3885061305046825,-0.025003211855363243,-7.455088654930732,-0.8973484672331423,-0.4537495889632357,0.0851682187463461,-0.3487335173229284,0.20679470913389006,0.41430654976412146,-0.6240071925828226,-0.41898422115387524,-0.04631976957571489,0.14866896236232413,-1.0085990590947855,-0.2385102898090196,-1.8410113385066826,-1.2491444522424253,-1.1626095535920709,-0.8357129220872102,-0.25334833564295495,-0.7713860925986762,-0.6305990029282623,-0.2508114227019135,-0.40119899039333534,-0.8766364934257982,-2.000903233595351,-3.04324989540913,-3.595128326358642
-4.441489176957156,-2.600780562319675,-1.4673289645908953,-1.49194164761459,-0.22729534265815926,0.4768822614521386,0.5814241596618633,-2.8935884794919398,-5.935605187995671,-0.706284480231897,-0.9551093572098762,-1.399494925279716,-0.6042652920024265,0.48999777334986394,0.5731532394223305,-1.018369215709018,-1.1582677775193733,-0.7313320906490496,0.12825339877447156,-0.8998665721897354,-0.387136934538543,-1.0643091393317425,-1.6359746963843047,-0.564742598273765,-0.7661786083028316,-0.7802228151566051,0.3047898523978435,-0.7651363285631626,-0.7124923628825627,-0.9696736443270675,-1.2150870414786958,-1.053537118119084,-5.382695829970859,-2.3119529340278464
-4.8858595975126615,-3.0651220287229552,-1.5843814072055524,-1.3978872163437104,-0.9217569566015457,0.2992724621645326,0.12251047435821454,0.16608406400866094,-4.684584689199634,0.6238949714633649,-3.031676989050606,-1.2753256819955712,-0.9148634881100396,0.25984369119303097,-0.534323016141539,-1.2389044887200904,-1.1239584585607454,-0.6482285699011447,-0.8408678491308926,-1.4700354198827013,-0.7721208325556517,-0.5708976905770375,-1.4492432400916557,-1.2938887708689977,-1.3680889131396334,-1.2303792996333593,-0.8993985458155577,-0.7748319590671029,-1.0452298841680976,-1.7057362433233043,-1.6108696325574772,-1.734055405005586,-7.1712965695060396,-6.961828927813865
-6.682185828083658,-5.041547796137909,-3.4958912903035224,-2.319836076992685,-1.5181232121330401,0.13999295809343928,-0.22655093804660276,-4.254705950887918,-3.738505309147042,0.48050945128082184,1.3132880459127538,-1.1230023353418754,-0.12371043779392324,0.5910639361021898,1.1148851042777226,-0.508344072894638,-1.4229461792256932,-0.8961655170068917,-0.8640064126453276,-0.7586570809234682,-0.8211571235609171,-1.653951389952582,-1.4360938900051918,-1.560461804408135,-1.6182882005272283,-1.501229495762154,-0.9858673570495999,-1.1313140434604234,-2.1987160788138524,-2.431323481902077,-1.295960681258447,-1.3676650078600325,-2.4872104775324124,-8.958287644975936
-7.955722389332689,-6.868262305120256,-5.656885159394039,-2.952372065439569,-2.355745464909114,-1.6023489809298292,-2.297881018181003,-5.280291137642472,-5.893004432224101,-12.2869584832063,0.6327651288160886,-0.949053201416301,0.774523029997708,-1.2863929581190168,-0.689068762045668,-2.2557615233276422,-1.7279056334742269,-1.2855386603021088,-1.4686735261660027,-1.3979969394906624,-1.3272982146679932,-1.843202081147777,-2.0604944679016284,-2.048815190956681,-1.8769737642839837,-1.6734764558468418,-2.05435670551248,-2.6693664704000795,-2.0281882707427776,-2.0267051501684814,-0.7964402324218458,-3.73583109418121,-7.704556463622243,-8.639807542403938
-8.72092541288303,-8.715517921741592,-7.699325895765429,-5.589943016207901,-2.1455619486022455,-2.2445064140370916,-2.173072041399111,-14.698831101241451,-8.433835979379229,-1.1679611946142963,-0.14619519943329906,0.28470848693806733,-0.30078332929723256,-1.1883966057952846,-1.774691693280161,-3.095003124646246,-1.727014223636754,-1.9654513390862671,-1.9395628192528689,-1.8647038003588847,-1.5441819575820293,-3.227675688228943,-3.228252678909055,-1.9690129297749972,-2.5338201144553922,-2.2470040656219745,-3.235396329592095,-1.6628883868453228,-1.273194926668205,-1.169005784084773,-3.1956481688727303,-2.764255134836938,-8.199736356657573,-9.306190982309028
