script/wind350m.json
{"header": {"parameterCategory": 2, "parameterNumber": 2, "lo1": 3.000054539987559, "la1": 64.9999836372058, "dx": 0.5, "dy": 0.25, "nx": 34, "ny": 52, "refTime": "2026-01-27T05:00:00.000Z"}, "data":
[rows 0 to 23 of 52, columns 0 to 33 of 34]
-2.3816264148967723,-1.928398370294752,-2.3228887523328616,-0.8218982681478024,-1.1894956606737306,-0.405137998675131,0.15209804503523966,-1.2867770638215892,-1.4315229018213482,-2.166917671133475,-1.687150354375451,-1.651177196085597,-1.7663357829493733,-1.8667529033296317,-2.154345037547922,-1.807105155637592,-2.5828476931235707,-1.9627962779358366,-3.208155168095919,-3.3168619115033375,-3.7175667834705908,-2.3938533441224306,-3.2390084991920274,-3.7908194443133905,-1.7923812134254227,-1.122227764660783,-1.1691501494615304,-0.6748316394717819,0.0963996490287797,0.0725109028018782,1.3624471982139101,2.1264944935904144,2.364427938534811,2.295413935389069
-2.442802857495325,-1.8805341913752307,-1.0139241127513356,-1.7567544239913009,0.2842561015734265,-1.2089633577271037,-2.3572949162202885,-2.7519840459488885,-2.950078738951698,-3.2864065543472165,-3.0970724210416023,-3.16339865246966,-2.735627616418872,-2.9459641649044155,-2.7241989159094064,-2.669764965752458,-3.3305955406358243,-1.3647695743717017,-1.9880741136320852,-4.94425406641107,-1.6080281162807544,-3.084436741127799,-2.336530061461464,-2.978728972072041,-1.2747412553370605,-1.306050609879624,-0.9475072840525155,-0.00852850559286793,0.9937784308650641,0.42751176850751393,1.0238517825887046,2.1809171419625075,2.990707874639589,3.710453848850589
-2.6728159342738085,-2.0883604019475586,-2.189571475430139,-2.946941811332619,-1.9153792734315094,-3.4561322900279206,-4.401781399853233,-4.2318103376759515,-3.975618142494607,-3.3888436770323764,-3.3792648370140523,-2.813845514976324,-2.3540529644247563,-2.2632776250280737,-2.1670345193356515,-2.6326164935083405,-3.8997164448586488,-3.8458558638817295,-4.192029750313015,-3.0766580186862384,-4.695373541944205,-3.4964929469296,-1.0030288533263152,-2.5653050718345343,-1.8984559048705842,-0.1207570288151521,-0.29748643862749014,0.10195000482605529,0.9450074312345408,1.6461112838317844,2.7206609062725287,2.5732942222801762,3.1556091830449278,3.8844141531187346
-4.14347569455294,-3.54534188554587,-3.573225343231182,-3.908252149275613,-4.643547662995054,-5.7156678905598834,-5.6724859745102,-5.469349852423164,-4.848860391920289,-4.371398451159088,-3.1624618469732977,-2.432287189049254,-1.7583447256408435,-0.9460897881927451,-0.3737999698563354,-2.6689282078280923,-3.123576475387384,-2.100676248603759,-1.9554768738418788,-2.3965565302339895,-2.6275948691187017,-2.9980427725283625,-0.8154736674493083,-1.689753049658504,-0.40651402219176147,0.5139986474862956,1.5280843072212749,2.412388877660759,3.4906547723524493,4.392232405848306,5.380146347458924,5.687675283337256,5.808218620573879,5.951566150723083
-4.62108943752042,-4.267303708350429,-4.180861197256136,-4.262417556611834,-5.614509616879565,-6.048151787871379,-6.136148920717747,-5.4453182205611235,-4.61844653452804,-4.215669691726557,-4.141072121967435,-4.255676648159197,-4.080496919707941,-3.6045804098847265,-1.967360662915345,-1.1436584808692567,-2.030670901102217,-2.302333542703047,-1.5509144901076815,-1.9158581857223995,-1.9540634651411544,-2.113262567635205,-1.9407189403289933,-2.0025868200621586,-0.971035898889648,0.651592414157103,2.4037609767481753,2.646633506337542,3.1711218282883675,4.447632875003228,5.273821157964384,6.569957993215476,5.477639378966664,6.217870338222708
-5.492756717257304,-5.274126267312973,-5.352144018647237,-5.560561294801291,-5.912062878198616,-5.745638811719438,-4.981444757551299,-4.475165496305994,-4.537069724283829,-4.951043049461199,-5.245629978982029,-5.5505606617487215,-5.278650438808929,-3.887675584153439,-1.813317405737638,-2.7540498607195296,-3.2937577866409056,-1.8878298484364986,0.2328845987714214,-0.6151094246939787,-0.9381985674754278,-1.9342565999941819,-2.6349341290244137,-2.82995365608614,-2.645981077744032,-0.20909245421589218,0.9308435174378146,2.584312590313478,3.1828079343319624,4.355857224783028,5.38338851677546,5.200351681190691,6.204016879560033,5.644469997229088
-6.436565250590286,-6.569681949783913,-6.172560863952468,-5.737647599842856,-5.65733338034633,-5.07988335337065,-4.346603526892784,-3.99038786704981,-4.004434697273145,-3.71346996845576,-2.8060356991050046,-0.23195184402053853,-0.8659152267229259,1.6214958615327435,-3.0301853112829096,-2.0909678616256726,-1.1913036794114595,0.8673143686245283,0.14446772517183332,1.4828445472155285,2.3780301832192277,1.5681168176383697,-0.4163493428371541,-0.15787322829632805,0.5141575676869735,0.26134226698838514,1.195835362581116,2.4412986263243908,3.1397136053876453,4.143292079418424,4.332917489176391,4.431410556291964,4.683820229719541,4.747053088511751
-4.85030511403196,-5.49292513326753,-5.826348778753055,-6.037445930806438,-5.488642947593986,-4.74860856014478,-3.99891441821416,-3.1297624714911603,-2.361384838898135,-1.1150654085081557,-0.10757492696237674,0.5522506565444488,0.8824416158546611,3.5138784248887487,0.19417560994111624,1.6773714485819229,-0.7362906515909986,2.7743547329075975,1.5712800604468906,3.676966413745581,2.71082223940403,3.2992402395247393,3.367222232351548,2.225823319072324,1.359786368944547,2.7379250621248934,2.1967468595654105,2.8605001788580062,2.953686912377655,3.419569572885492,4.353588452468955,3.604124125253235,3.0958168193775135,4.115737786452282
-2.8812538801971304,-2.712707391207397,-2.925239596514148,-3.813127966040347,-3.6129512519747595,-2.971986865109834,-2.7378584769238583,-1.6521879007361115,-1.2018165792516464,0.3713881637340819,0.2908925241072253,-0.5473220872671908,2.0920784158465007,4.6148033156646155,3.3566113570652365,1.6978767173828981,3.712395954946378,3.609445979303359,2.1595889426692367,2.256998066818186,2.7703151144111633,1.860561972850692,0.8043335382233836,1.66155194822065,0.9712582067109682,4.391423274069046,3.75902164348092,2.6428513676355294,3.079015069238955,2.8908444446188177,3.027524533183639,2.45846760536044,3.3323173288053063,4.124393176723633
-1.5040899872735063,-1.0461628700068988,-0.9753365882897606,-1.172587625155269,-0.9935432652025585,-0.6420605665896852,-0.5380088785878688,-1.4536077742156863,0.9875803183920274,-0.9267851105080261,-0.41126970477233626,0.1672474625401227,3.5261579212854803,1.3781692938584746,0.48055432943997445,3.9303810527198313,3.4219762078138527,3.8126302622773793,3.845092828576469,2.350594083183757,1.0463265336368393,-0.41805375687116125,3.5763623018414945,5.720714359092515,2.5891645767987286,3.034345945014066,5.458067620055953,4.8964315214061696,4.263120745063892,3.9493912483103455,3.01629932037905,4.034184834633499,4.254986712233526,5.078353366997705
-1.1710582608320703,-1.093043998783934,-0.9058960980470833,-0.8226307314699836,-0.744601998434438,-1.3910881626649758,-1.524832398676919,-0.734857036630825,-0.06048523576922844,-0.27754209385414197,-0.006681819768117094,-0.9149806676352846,0.9460184801252333,1.499074419607171,1.8893167699595168,2.1762237950619463,1.997811994466563,4.755229769893051,4.157875585109831,3.8355343366413046,2.5110604443461266,3.8724949309520746,5.521703139581954,2.9250612033440238,5.569528811380524,5.309742833015071,5.566022172646758,6.173457185955403,3.847894578649547,3.770536716452412,3.6727967750210944,3.698417959106179,4.67119765945733,5.074123784294304
-1.6490764928879842,-1.572752202931479,-1.213617654488455,-1.2119529634271298,-2.114568138831551,-1.6851088012919673,-1.6556400728445553,0.12391953418668189,-0.18170618402890865,0.06919535467889744,0.19478664294664935,1.8036157298531694,1.9011639521518024,-0.6626361291361242,0.5509284993252418,1.4519762512016563,2.323133457110706,2.742540018558404,4.139471123116306,5.425761901660794,6.791692444934334,6.724800637752301,5.481416034440245,8.131774858333703,6.656748582349796,5.902584346857962,6.2444395960742805,6.356449954772525,5.338513861578353,3.6348781481353276,4.546423705310705,4.198562456241738,4.378487960561167,4.168227877015767
-2.2231895171530436,-1.9214114513508307,-1.8025871023349296,-1.8211646800490289,-1.219167034866282,-0.8443635029878293,-0.7362513330488816,-0.966407499522351,-0.5327718731741267,-1.5389584423343246,1.7931700313661825,2.6137153508089024,1.9020105611164968,2.5071647067305958,1.488849774632736,3.3504363408245093,2.2912057072481535,1.0536192297779512,4.727145822018361,7.01799983491197,6.729567081225819,7.317109133895689,7.735404885847022,6.539973808418197,7.497107743421914,5.591129730486303,5.078583625764501,5.450111803844933,5.713099744342174,4.179661191940762,6.823362777583762,5.542462469459765,4.834959878594979,3.8462597055884773
-3.012821811568089,-2.3168445990395097,-2.0430563932558026,-1.3313888180316158,-0.7683438829681487,-2.720723410519895,-1.8405399961620557,0.16539859138181515,-0.163847357601226,0.32385462315203123,1.0981413691575683,1.7483106834733173,0.8420283667430594,-0.4673474286676327,3.5212226781316702,4.822862424225832,3.300883019300626,2.1615671219165637,4.468626999370851,4.478522756516174,2.5195107892651585,6.014866783859721,7.063874945543575,7.227088863896508,4.622382350608532,5.748675155211707,6.257845716545437,6.504620261865669,6.434130811719064,5.010800572130728,4.0612250847080595,3.4551743640602415,3.2434905674844448,3.0158800609971483
-2.3856642850681147,-2.5480421138985085,-2.79259319795829,-1.2539403024494995,0.3124993662178138,-1.273883128333143,-0.8123002799782557,-4.01661400381061,-1.735769166381636,-1.6695301686605803,-0.24121831619758416,0.15577775109219885,1.6476403947983682,2.1100298267830535,2.6249642696471875,4.203695057179006,1.0498405601990848,3.9877109116790277,3.935570033466129,4.179451061690758,3.3367036607470872,5.405567909750216,5.872691884850205,6.039595219608467,5.982339465908737,6.707151303306636,6.4820153063954375,6.243935290042346,3.969799618173663,3.803741635183111,2.2010112691525783,1.6347509447957806,0.8967660050462504,1.482724273068769
-1.7564621493923394,-1.9085229272375908,-2.242500152100932,-1.0841737234619526,-2.403151008293429,-4.880749277436982,-3.3426964572109528,1.0342414092127794,-2.1362961921640817,-2.5198948866316626,-2.673011386906727,-0.006435121723335039,1.5575199122405194,1.923934135353249,2.8250121865372995,3.9060568423498774,-0.41203563891245365,1.9425714566905883,2.8049322330500246,3.7231109686472794,3.3893918328273185,2.2610860377157156,4.41770389974994,6.883844420377666,6.115000330772202,4.931711203732873,4.9927622630573145,3.5099229636214795,1.8591427515815722,1.7491941070623307,1.0178697552305636,-0.3439511053545299,0.07160861548035367,0.2315039423814165
-1.2010510095630154,-0.38648096685452715,-0.23202461086819287,-0.09590047348517017,-0.6823560519351156,-1.5760160852178051,-3.8890584282985547,-4.948411551386924,-2.0665054948944253,-2.255002190108491,-3.7984655188774403,-1.4999477585309682,1.4333438314026712,1.367597271846888,1.8236153880453327,-0.7067737943824409,2.7416522726872676,1.6337033290872784,2.5833947597109908,2.6282966669772887,3.7695927893926924,5.0724757981033655,4.365788009441017,3.457187459010747,3.667084011231633,2.908595212276098,2.0572351104787168,1.1065673810743504,0.9543175894047216,-0.5904645736881954,-0.6013895111042766,-0.9338037678422767,-1.0031771625266046,-1.5657367289529096
-1.5934908728372041,-0.26838067727653353,0.03837107278781555,0.06542634780406457,-1.0629306998155277,-5.446910611433259,-6.6780951759398945,-1.5313385295781536,-4.492128235301229,-5.467734183190529,-2.308195208518088,-0.48176904742286064,1.2109392219521455,0.9758043319135898,1.1574537997227377,0.7768163054958886,0.37097134924405684,1.476498140566142,1.9104986368774202,1.5943672715557498,2.0092792871892287,1.4781382678061459,1.4180431443723303,1.381078344542673,0.9976254045213863,0.7122063723628906,-0.4993330725402036,-0.30413446740184497,-1.248719264361959,-2.4682017911221523,-1.4384208697849583,-2.0983992371846907,-2.401361927806776,-3.5669105020796477
-2.5389471248602318,-0.7443773961627543,-0.1449356635298437,-0.10686545994810463,0.3639249917381345,-0.7793969749627349,-1.7652206979412468,-6.119577174504606,-10.463319802479274,-5.560415697923843,-2.524858614803933,-0.8561632024127792,-0.7839753124565275,-0.44554868353642285,-0.05568089557896709,0.5552100590330976,-0.1946426356451715,-0.0014643718150109035,-1.2577437840240306,-0.7349291823028712,-0.9405966104413485,-0.8226828127261813,-0.9462422646410621,-0.9567756587038985,-1.7308732341348774,-1.3024537005168597,-1.6225318362198113,-2.466729004546688,-2.7484097193946964,-0.9676143080347945,-2.6301384890055384,-2.9513212222450593,-3.496291003548051,-3.7109704120448512
-2.2313840953257573,-2.206034511750194,-0.6829962989706438,-0.2967826145362179,0.8135652749746118,-0.01788333755336418,-3.406990779423665,-3.4254498180734245,-7.444445026032264,-6.733647924349717,-5.805773472952074,-5.170361029705679,0.8020823880580278,-3.1261712712217755,-0.9512926486071652,-0.9391429230704873,-1.8824772807995258,-1.8269040600977753,-2.6482226983234733,-2.95986031269463,-2.549193008598752,-2.745386533321433,-4.622792459366957,-3.8291481971701953,-4.056770884226408,-3.636440598502451,-3.22800658415036,-3.7089423313577807,-3.8056396415055604,-3.7211832242687057,-3.940654042769532,-4.170716917864452,-4.0028006077162726,-3.160806549439458
-2.995897024982088,-2.2811475944615176,-2.2264475298379938,-0.27890394921004114,0.3081046765041755,0.6085006494008173,0.005439493137633582,-1.4231731989268783,-6.939357144931229,-5.956713959059407,-4.980467686235913,-5.711772911589211,-3.6001842636359527,-1.3685883735132691,-1.1844230827531128,-1.803741780255219,-3.1660148537727415,-3.0866854417893688,-4.442959061086062,-4.89767974852291,-4.760562842122748,-4.847223103014354,-6.3592716804603135,-6.373002692933638,-5.975851345076482,-5.502771536731024,-5.715272455309366,-5.347439171569647,-5.6260984627522035,-5.118215470862417,-4.739385319716062,-4.460738438072346,-3.025919592545269,-3.2264610285654864
-5.359314386578531,-2.0307023831256448,-1.6893212436148175,-1.5068379649946189,0.09898082523723482,0.7674695826689641,-2.682867531689037,-11.53044902734925,-9.376423775782614,-4.061592689561194,-4.967937859925744,-6.463358676985838,-0.1775961943861985,-3.073895879463462,-2.572577731403206,-3.5111900029846232,-4.650351247797189,-4.351408838628944,-4.844309982357795,-4.99984063643995,-6.4286432744940845,-6.3740402136883745,-7.939818554248715,-7.501914980124467,-6.991122193748742,-7.207056163051846,-7.196141525954634,-7.4957101647155575,-6.4215499441578014,-6.050831749123014,-5.813911227810611,-4.508430935503244,-3.71366996244257,-4.426762798823827
-10.15521881334819,-5.913512887130742,-1.5588127427098812,-0.13508252174233895,1.559747967653301,-1.3286856528636066,-6.995864346977373,-5.666402333429928,-11.584581483972942,-12.01599694866068,-3.6177003845325837,-5.772588603165566,-5.230000329189337,-7.397033295241868,-5.410274676953503,-4.687195305186231,-6.755606319878353,-8.030309290424901,-7.725667452552777,-8.326970145910616,-8.556646067752201,-8.96891944049212,-8.830499330501995,-8.637103667828821,-8.12673361643244,-8.201360182454865,-8.198593925506037,-9.307359973632753,-8.746274985561852,-6.180845810569569,-6.208665399853729,-5.381421453067865,-5.606127154472346,-5.700765014402617
-11.051325995157507,-10.358792288093108,-7.790214035948475,-2.7118657890763167,1.2848676814452962,1.9891509919000867,-2.7811507825719017,-5.7945546632099045,-12.920815444490268,-9.067378633276967,-4.50563705526419,-5.977692550102799,-6.073017626461258,-8.408294396750426,-8.083545318723761,-6.121520912650066,-8.622863270516252,-10.808074466422186,-9.94374520512904,-9.29978009354364,-9.193558452693983,-8.318184623603305,-10.350287784058898,-9.2398115223855,-9.212904476105944,-9.026649301528117,-9.421959595518182,-9.14702168347856,-7.088611991480331,-7.302850109196149,-6.76382936743866,-6.059775137840926,-6.541114774613943,-6.46716313726187
