script/wind100m.json
{"header": {"parameterCategory": 2, "parameterNumber": 3, "lo1": 3.000054539987559, "la1": 64.9999836372058, "dx": 0.5, "dy": 0.25, "nx": 34, "ny": 52, "refTime": "2026-03-08T23:00:00.000Z"}, "data":
[rows 0 to 24 of 52, columns 0 to 33 of 34]
11.765383518222801,11.211816261813793,10.935330852976774,11.00605983513982,10.882683315491212,10.520116514694893,8.549813185513418,7.913935649103536,8.01422768220823,8.597356053456327,7.195328923874901,9.763400944837755,11.163595083438025,10.188199423362157,7.779472245424727,7.274427001202382,7.4002838285053825,7.670615184997879,5.030200090387957,4.127412492497353,-1.751364363724892,0.1271077330107945,-1.7080029521246856,1.1673017018416378,0.5245917432154131,1.4407060338546367,-0.14720985741749482,2.1493705995500516,0.4319553825757761,-0.45402722247269633,-2.2604556815947077,-2.1244288326243437,-1.9947194835648003,-1.6789767127392101
11.927225048165084,11.376764099773789,10.949607939079169,10.222498440647769,9.115421400711483,8.046724226970406,9.134226748083448,9.482812916469475,8.000084873170236,6.81266780419674,4.644614139364004,9.07949754105323,10.310701223435208,9.560908754448567,6.367811766445628,5.950334407388181,7.269163409171617,4.8618189890688726,3.0851641023448035,0.3082526705137934,-1.0570956948850558,-0.030804792889242837,0.12896888540380158,-0.49827210990725174,-0.09320767900891058,0.2995703223826353,2.1695651745653115,0.4883033095500366,1.335580311211953,0.6867837545470249,-1.513357871808966,-1.8397629994902767,-1.583936564734901,-2.6444907422623194
11.704044225463324,11.50533995358428,11.428370223480194,10.910215703692337,10.286882666931845,9.7486993453881,8.826528350007733,8.330066376659053,7.9314066704633825,4.980987164223493,6.607862111998392,7.603952757393178,8.406170911792177,10.308345483861993,5.432601138983623,4.472011102702716,3.5626973130073534,3.859108289403716,-0.49996582773906306,0.12190236359752767,0.3623231909893975,-0.4725847939000016,-0.48222475943513265,-0.8670131751832804,0.10409527375402534,-1.2383649633958729,-1.8443229960320617,-0.9128356324742091,-0.11399241033177898,0.43958334207607747,0.8651890329381685,-0.21030030125399524,-2.299595922776575,-2.6919923945576842
12.228969830739121,11.915847520138787,11.503176454109695,10.67825426076722,10.960423667745992,9.322456973365863,8.466822625117503,9.695187700340494,6.928111239710874,6.629678317044929,7.541276822024862,6.157807898756995,6.686056855733684,9.73077336281738,7.331501473749099,1.6435937904608169,0.7023484889559546,1.8497897775325929,0.18696548643990343,0.06072793655068389,0.8149085168070513,-0.3591151366289063,0.512322338839109,1.3263692622481167,-1.1955260665930878,-1.8694636521194772,-0.1968114332346971,-1.4687155791579098,-1.1903577221364203,-1.3046692577170926,-0.5932961424340303,-0.07876095487191617,-1.1205643262487162,-2.3207025439004623
12.525230747139124,12.318253923468836,12.27012165563405,12.21462939417511,10.558012188633029,11.156203215071347,10.039325508887671,8.150666048324949,7.1501036083619205,6.43761350716961,6.622427812739058,4.625953248244461,4.79666163472987,7.337549498676231,4.590563565573063,3.3507609195798835,1.9689636902021868,-1.217078375688002,0.393703253016118,0.6148511636825804,2.1233382478497225,0.1368580225007429,-2.1763836741943097,1.0289850689921338,-0.7396278435899164,0.23248079758823506,-0.1975054984020079,-1.1276594370430215,-0.7023780261290123,-1.3625751014233358,-2.5128297761763876,-1.8948970710884832,-0.3636127309438593,-1.7486231259685738
13.009520945674428,13.219905788984127,12.624069325802342,10.7404131009764,10.628883731120187,9.849513486156455,8.960828384312814,8.41103763407249,7.019735597694644,6.759280548917307,5.2160428465855775,3.543112295911199,2.5144825191608704,6.543938248676644,1.0834493496735906,4.759080509146535,0.5224680833050911,0.3582919815413324,0.9231884576600515,0.7808898720431632,-1.3132748001240164,-2.137630012133074,-1.2676721142558558,-4.180841567025063,0.11444981390150333,0.8879793857137102,2.1549117135378264,0.8490677389131434,-0.766382443184782,0.12031023493359988,-0.6952273008500283,-2.501659874142686,-2.878938339430675,-1.4664637630473698
13.36478913588829,13.204506294523169,12.974805828577711,10.908399634375339,11.639136872703654,10.40689526653413,9.100202099622674,8.319732879084253,6.274015616581937,5.767989573923878,4.436285265139851,2.6497809865303203,1.2815046290490288,3.7498785173096496,1.7466606381419894,0.2799528753926469,1.2384323621918931,1.3879430833729922,-0.9140031424291304,-1.0345896038834252,2.441286643378866,-3.200032173872594,-2.288918093014221,-0.5727917047148753,1.4855987511972821,5.463897112663937,4.641264244438389,2.738334201622605,3.5782265967903717,1.8662276988922373,-0.9191843430807316,-1.8269399677464873,-1.5695436451204066,-1.0009752593457273
13.487499892010902,13.19938875233433,12.208638875332015,11.343337744655084,12.873391451475454,12.705158583782694,11.40711510929199,7.671492840774675,4.87732227127474,5.484454244074161,3.1709051681882254,1.0185026779969781,0.30137526715192947,2.0092918915130187,1.344860903355504,0.3765808335101957,-0.6421376257719962,1.6670088850416724,-1.172747418920372,1.8369035595361132,-1.8680522133464565,-1.6947688046742775,-1.9484808754417464,-1.4843489208563436,1.2717487343943394,2.741731779091025,3.2697750301847597,2.739575260645994,1.7867211004589931,2.2713038073323877,2.0376674300012705,-1.9615108864914477,-0.4935005257391208,1.5120587391297053
14.54389552953154,13.877394423491221,12.19646447677065,13.469639305686563,13.664806093025385,13.29286122949511,11.59910626827454,7.2920242365423,3.7288553664273003,3.3808002999180236,0.922229491896368,0.7100066714886459,1.3641745374673269,-0.6745325473967823,-0.9492625535296184,1.9629369557373115,2.8266920667511535,-1.4170533598300894,6.144025904314889,0.8888625619162274,-2.235859972445766,-1.7743850184036003,-1.2701456099487438,2.3578860605661234,4.970012887302301,6.621805727104444,5.42603782632491,2.7741996345711333,4.605186887244123,2.312135061168444,-0.705037265252735,0.3591648518681697,2.005710049988843,3.0427419093631407
14.776216625630425,13.259255997996236,12.699214778768889,14.503578137124562,15.188489992444518,14.1399775572913,9.181304585718273,4.595724120208116,0.5885536330063208,1.2011695269337392,-0.6926907338881838,0.32487187350242436,-0.8333158481646781,0.48104131374477865,5.0814721576607536,1.2855731977258402,2.445995287641323,2.8110014225151296,1.6094047007888428,-0.9943128603994109,2.512611058644506,1.4747355107369238,1.2142208615543644,3.821693095518385,2.713275082478653,4.405574490552271,6.074311109822792,3.7055659066418194,3.372511753713447,1.023209257241278,2.0195797249607192,3.4602657647393835,4.062377060894825,4.151705581904982
14.358837889043958,14.100858109420473,13.676647323791613,15.490064421332303,16.045577434401288,9.822569839452978,4.593488915407763,0.896078448611068,3.2202222850737896,-1.024590039839644,1.8176052273066001,4.628663143780917,0.8644575706070986,-0.7804863557348924,-1.2092230038363707,1.7883460451462534,4.356742612873385,2.296485283639578,0.5127458705537182,0.3029489069043109,3.4989242960537017,-0.6154197676322808,3.137918874231458,2.3228054580186024,2.2677865234929775,3.5140014991568815,-0.45031304834341973,2.997594678600708,3.4277298082194148,0.10270092774155132,2.1247078928009495,3.074224475982616,3.93508100284832,4.070503990381776
14.10061798149892,14.409947580867657,13.138624940050182,17.020312189234687,15.048264258108794,6.1677501079914245,5.907947831344661,4.779571844702126,4.115475212218804,4.030385470586771,0.037331135585862006,1.3938469846193253,1.8394805737415256,1.1825538891659737,1.4691620526388147,1.8860704453098194,6.586400006950727,3.271962772967674,6.2236623350000055,3.9806222980217845,6.4559037474926875,0.12509534209189005,3.1128391951799137,4.505644112861167,5.790117456716439,4.544510716484123,5.2458809737412775,3.4486811784267317,2.5158973069673585,1.9063278314654815,3.7435957897898153,4.703928195674497,3.4436270515182312,3.1945502514671587
13.999196558233612,13.713258294349771,13.271081436490787,16.642917446964923,13.906945740809983,6.0162491989116464,5.303381797233318,3.524662629823463,8.12326453855919,-0.09402964618828234,3.3206694867516777,3.379960060285671,2.0075597809200483,2.4548062487652826,5.008582033997904,5.9910717213606715,5.84744196339297,7.012988704568329,3.5443563146448462,2.304786080612728,5.141442745412814,6.978508620730662,4.654357119967495,4.34828750880697,4.590903321013884,4.60575444449196,6.0171497831632905,3.617467568076142,1.5339589572670687,3.617850246864834,4.61453699073145,4.789026880970346,5.493548357991554,6.031564316109235
13.561164690017547,13.447495313364334,13.214499527841571,15.598175603780847,9.92752618124242,15.28426597942691,11.9572392325201,4.962634130174249,3.3794907614365566,5.284108802605258,5.170759206290917,3.589129578400217,-1.5463069538995013,1.3021416800378303,3.0631116664541445,-0.9309022238820335,5.200254414291743,4.297327069821134,5.159836338044515,4.674119649908444,1.9257398364130656,6.400511282739025,3.610213866858461,4.314853122613911,2.772280345531995,5.487897966799181,3.7842175739688573,3.4136919235559526,0.6146511695687858,2.3775331930141146,2.883805635219364,3.166255386190761,6.682517517246598,7.046614731549582
13.068715995326038,12.877934027530179,13.862226356781536,13.93834534220031,9.258589270467215,4.842395436082111,2.808043310822861,5.659273930004642,0.7490466070226127,3.9065942058848773,0.6886972870595816,-1.9952133302215864,0.24142163778652395,2.3661512551415225,2.9176482888647945,4.737942903032106,5.099961433976674,3.958566649203051,4.426962931069887,3.0244533304252057,4.673525895578259,3.463115052721104,2.93676801020294,2.7229364294003275,3.4807627529196368,4.351423091733738,3.047358307667471,3.8748174912065845,2.423187095872169,2.998496437220844,3.8121415125429263,5.641263384903433,6.470769085520351,6.481922511101589
12.705453648206644,12.229443489565396,13.657557881967096,13.181622089967902,8.977110271627922,3.835847986265241,5.803687948265083,0.5300129222743079,0.5300317842688226,0.6583483416330151,-0.34992051088861015,-1.1827451625507421,1.9142716603062397,2.5867501413441873,2.3289271043673883,4.463097698086174,5.784739902133333,4.841630877121381,3.601900041452286,3.8623136465258407,7.851027894335239,4.828091032985408,3.4749708649810596,3.409144373996794,5.197323629004004,4.152126208780448,5.15453330572409,1.400261940364568,2.9855075542387075,4.168258479605473,5.805637657691613,5.725488703364583,5.3742204032629735,5.871614479465801
11.5565272098223,13.017971165624587,14.237178113480663,13.23599206135934,9.646549663949175,9.178441814179557,10.275806167119583,9.42177842129874,4.558464179036,5.032775487036819,-0.5901482393979046,-4.053837448888569,2.1029777212667584,1.0270981314057506,2.372851685743928,2.587470525437862,3.635583165115191,3.575895899601628,3.8985787941196315,3.898396687933611,4.87750937146448,3.3539180292704294,4.866579693710908,3.3417631346352374,5.196631020604093,4.14721039564587,4.32175404213449,3.6219540189470356,5.154182116963644,6.175641950071877,6.653198556172634,5.790208504057061,5.2650003949408,5.6245672562364595
10.901678585451819,11.212022831138517,12.766182838893704,12.894268023361292,7.54237635504396,5.456570269846539,6.555979979219069,5.972072714362122,7.381553081433289,4.710720240359575,-1.507589911179136,-3.184446776060546,4.26186782161372,3.639433209168707,5.079885965594641,4.251921114874798,3.6145052849625956,5.15342735642761,7.135577930623049,4.899980479811854,6.406418533585361,3.9138997305872336,5.374474644368392,6.835132059012277,3.8546080951708,2.308942188068937,3.7653136285873017,2.4995473011174365,5.457885059766018,6.470565114914321,5.602192215348388,4.062527016656442,5.754757461027423,6.963049847345963
13.53749404855219,13.415366933904656,13.085158253319483,12.174005975337309,8.061430611912854,6.04146524339594,8.754085068500933,6.384182640734209,0.17399844179071156,-2.176765310176401,1.4179324245173242,0.6386596829669026,4.560259119514856,4.267277000335966,3.377233936073563,4.664064802994991,3.8058754434861184,5.092847762474036,4.673111919273206,4.454151360755052,5.040046061335251,6.802946129590896,3.786376149737972,2.8804366103101864,3.434747221442426,2.276121464690009,3.7455664591608797,3.7924932861313865,6.174647231481187,5.578138894880003,5.113019966352988,5.369961062256762,5.712038326168423,9.184246358240056
12.297062253790255,11.42877141557302,11.012483410770626,11.328823566769366,7.430814279316758,5.486649836405107,1.891664702425429,4.368332181788221,8.049607405492573,1.4710698946545946,2.5773544068922103,1.4168595663907622,-0.6590073484513278,0.12307620953603798,2.4731607306469225,5.06811123810697,3.135333064357303,3.5974971664708866,3.917641872842861,4.252237166151612,4.840086609092641,6.097979824216669,7.0787727666202915,5.4866678893660366,1.8748492111154842,1.4486092853675019,2.0379088481880534,4.92281332866124,6.775804061463822,6.716745500694623,5.80342240459577,5.432826570095148,5.625822432954065,6.4026269035198045
11.512539019169301,10.088111798015321,10.767316186660304,11.312003310766864,8.891361673560805,7.35267934102538,7.244326836276703,6.862903730379054,5.49057902616152,0.8364672072993483,0.10288290640705842,-1.9125069953069402,-0.03978923826668644,4.12096550328366,2.705754165938074,2.3541177530966766,4.092502200549973,5.622288983476299,4.37108753618086,4.412209100430712,2.923612470352975,3.702832044736188,4.968290772308117,5.916080844313464,6.219246689138979,3.893946497073774,4.927090914363125,6.85891375010753,6.177723957377922,5.137799688132044,5.006091693447093,4.95355806386687,5.7979345516264456,6.516951759576846
10.260861379443838,10.408774359698153,9.758355235448807,9.217777055922815,9.489412371755643,5.741432591958506,2.6569710655981678,3.0972262646305495,2.786084553634221,0.5767123337532296,-4.345072460658397,-2.798946726745981,2.695933408164704,3.073194836330773,-0.15463346652392795,4.290885906203698,4.6370913347021245,6.22832437599964,5.1213819970543355,3.1920364848359126,4.51282791974558,5.108170099640528,4.388181664053844,4.897010730748383,3.6837300019764405,2.882162745754648,4.4707158851693585,5.745198640175687,4.936722666700451,4.869699191620845,4.429465099755584,3.8696912824011904,4.383760077984197,6.791395400097971
11.840672455536087,10.826784461486199,9.084479939498276,9.452600830604407,10.314902510758639,6.102358419711173,5.037205275180167,2.4323607202219972,4.162589783021004,0.2512955436815987,-0.7836970081032982,-3.5995128149709816,0.16915135933849135,3.0178596746805675,1.6375526900600994,4.606161474345388,6.3510273594574524,6.433041586608832,4.512991208165781,4.3259093656015,4.447731037189825,4.77377209668018,3.861656343819208,3.3737059568830037,3.7637067900400263,3.9127687561511952,3.7425294505765843,6.093896255087734,5.669176828832106,5.000482277948627,3.878878781035129,3.667794826679578,5.050905276972813,7.286279285072809
10.675717390984422,9.722793746205424,9.936805830312672,9.945554149588558,10.567601989008475,7.222638449310408,5.903499366737764,2.173537906688267,1.232693165232329,-1.2229858190278202,1.2663681690965707,3.9656961627017284,0.5981749855258327,1.1940110388776388,2.584897804936305,5.5746761902067306,6.187753636732825,5.190568331608065,3.874722450976989,3.207687391814207,4.478997676014045,4.20779661347753,4.23800867967828,1.7980846179480865,3.1883087727070865,2.826594738785291,3.2238638348242215,5.046964535481099,5.471669094276241,5.706187618941437,4.998419436346072,4.831571518105676,7.075729573227294,7.406390168469162
10.715892554900782,9.973202612084433,9.82354480992429,9.184627745776313,10.439932487061652,7.235831587543887,2.428098225911268,5.984704169759802,1.632741390883713,0.7366247342268852,1.4450463713997277,1.202060731412633,2.3221519026975397,3.3666374579674465,3.5710996492370604,7.164360525588306,6.388449409185983,4.216921846988344,3.8630761987964846,3.24988354944915,3.218488737645612,5.373331681878912,4.923883942690303,3.977105825696314,4.704936459019319,3.295541672204899,6.351842464731221,5.61666212714347,6.212103715995307,5.730473050872974,3.1303968911841915,5.473271286720726,8.447439989988586,8.637765165682517
