script/wind10m.json
{"header": {"parameterCategory": 2, "parameterNumber": 2, "lo1": 3.000054539987559, "la1": 64.9999836372058, "dx": 0.5, "dy": 0.25, "nx": 34, "ny": 52, "refTime": "2026-04-16T13:00:00.000Z"}, "data":
[rows 0 to 23 of 52, columns 0 to 33 of 34]
-4.738037805410581,-3.0025964720363323,-3.336482326169125,-2.7791068961361547,-2.6281012908684382,-2.9898592131478945,-3.5799869299527454,-4.0692790775065415,-3.3264452131524127,-3.52742620883789,-4.474869865141629,-5.4134141044219435,-5.9214992035008835,-6.105192977514462,-5.824418976460963,-5.720791503022242,-4.5426637144938775,-4.670563653272892,-2.3552405008419197,-5.119923591940454,-2.6923597582079295,-2.231064754900125,-3.1214923490137014,-1.3810817169954235,-1.251337011527738,-0.7674682074305947,-0.4926479486936138,0.19297968991451508,-0.4576261853137479,-0.7680392784577907,-0.6695956963991231,-0.15114975695176,0.4988052876748194,0.162938180109884
-5.241747077557904,-3.745212960990144,-3.0385163437309184,-1.5210654142092912,-3.2240203011304955,-2.586404115312114,-2.99356777114935,-3.4446750743878587,-3.7236795656615493,-3.7708564840638426,-4.870487504539157,-5.4976582232513955,-5.669018859694478,-5.5661093376923345,-5.821431516797275,-5.146154034895367,-5.340927000836921,-3.4911011628622277,-3.2853928498181086,-5.517395366110734,-2.58819382306628,-1.7848348644017642,-1.4514805064355387,-3.116693614611415,-1.2606883524428665,-0.9347275979274317,-0.9476617019921508,-0.5109683136687597,-0.2622327354369049,-0.6022055391716172,-1.0726373127878182,-0.687331792773765,-0.05104657978257616,0.014172899727072879
-2.7135823142548983,-2.931134217702249,-3.248090234533784,-1.9042216090988195,-1.8780317671463198,-1.4939852296499403,-1.9649059593839995,-2.497612610451153,-4.287796398278997,-4.943756988528115,-5.821538406883238,-5.76505043755128,-5.530972921047133,-4.784932037761522,-3.3678819291988864,-4.67370726517551,-2.9807261291950673,-2.2446197250001667,-1.7534632749445058,-2.9564717406758394,-3.428859812102031,-1.5799755242697417,-1.8495066197808507,-2.224119296380502,-0.6969507602060494,-0.38298630677283135,-0.12276910250210613,-0.08217294830407977,-0.7647496433132104,-0.565454060547342,-0.6788427873189072,-0.8021977043613235,-0.6425398721827489,-0.12508635903627288
-2.3520598306455867,-1.6039121400088938,-1.9618729491507048,-1.3141238092218877,-0.6501274141812936,-1.5104990637290618,-0.4820250700693842,-0.7652630443370015,-2.612468002624908,-4.82091521384026,-5.224004063066608,-6.123857848873483,-5.319190919448387,-4.334082479983534,-3.8280115277986226,-4.793402266924492,-3.17444897340997,-2.068634366437717,-3.794935523863751,-1.4110079160252793,-4.941500073255406,-1.8710132355848275,-2.541296350592094,-1.5637636504729153,-0.8682682036843724,-1.5624634120248055,-1.0300009676564759,-0.3442638406112409,-0.38976586301990707,-0.9816438913335714,-0.6071357208778986,-0.5156090451534975,-0.758534038060603,0.07337385587118883
-2.9855796581427914,0.4053849269437655,0.192933435753238,-0.5691676919332461,-0.05199068593618046,-1.6069300113819882,-1.1656841968196607,-0.2929210564415503,-0.9178159003484664,-2.3715149074944217,-1.604896411173032,-5.468376925323944,-5.957030881520612,-4.216474465484188,-2.637240804729134,-3.53864115995892,-3.0565445036010424,-1.8029471338744611,-2.2603606947869532,-4.2880523881095485,-3.6065112839012037,-3.4922048599052475,-0.7462750223891144,-1.3163969312213766,-0.7696151801834735,-0.31938499534248493,-0.6396088212573624,-0.49187810135159055,-0.26179824243213223,-0.7845752836779343,-0.6282495340781067,-1.165971797796944,-0.8440657007831989,-0.5264048682897408
-4.270581436127669,-1.5271013389138128,-0.36320778880660753,-0.551852561354588,0.3872302305536949,0.07565316214911137,-0.5832845444399097,-1.399767328017281,-0.7603821550678421,-1.5627563757038407,-2.8635874000248394,1.9709606310077528,-4.374834505992512,-6.6855597593721505,-2.8227249050772523,-2.16428171908922,-2.132379604092174,-1.6718256681279304,-3.7652247951839857,-2.7742604585120216,-2.0579505574246024,-2.3587431424017793,-1.3782167166255197,-0.8116867065225527,-0.9785543214899752,-1.5013433763990525,-0.9669993092696774,-0.832007083261501,-0.4093908109070084,-0.34669361419474876,-0.7176706977340318,-0.470583491735049,-0.5890333942523385,-0.7078746332859394
-5.3575019747579296,-4.130690290412979,1.06331120613345,-0.7016400314919553,-0.5584208331789684,-0.5793938947381873,-1.5872328723547164,-0.9553327404376833,-1.1421538420052646,-0.12726882358737482,1.722503970843912,0.07887236504554122,-0.9938689933348125,-1.8801560194338027,-2.844834343886242,-4.117126553306634,-2.138664485802676,-1.0267318658688565,-4.007093547866797,-2.0407044929847746,-1.5537116287433872,-2.162853141570142,-1.3286452971750082,-0.855044326226574,-0.893487663064654,-0.7758109482660693,-0.7354605613645909,0.06249496972789716,-0.49326337361506756,-0.8642351555371496,-1.181770097238325,-1.0562106610484632,-1.6128613813434949,-0.621901081263176
-5.871851541021948,-4.636580123002623,-2.2324510044875043,2.913821190227939,-1.8318796737325538,-1.5384373637780306,-2.3956195656405277,-0.5695589718722419,-0.4170885709247397,2.0052289023635352,-0.255077295390138,-1.482335066127354,-0.4574691825127355,-1.1313993258079669,-1.1635749739812529,-1.7589852953275933,-1.5306487906838568,-0.6364064701114385,-2.7717823683909653,-2.550972597352495,-2.3160077656886555,-1.550665255025377,-2.1556888601442523,-2.7170987749191062,-1.1487911813579277,-1.3424484038897662,-1.168293348025425,-1.004407955075345,-0.781025954890423,-1.00674072308205,-0.9690121846869189,-0.4546244519891188,-1.6342849751026032,-3.1374657328041646
-5.438757520367078,-5.696444125610473,-4.21626977129021,0.10788746324571814,-0.48017225168119543,-1.8294091374133192,-1.9784578955534236,-1.2313228724248437,2.389287420414743,0.20723022728733329,-0.5123086347859337,1.0022109002899688,0.04550558087112765,-0.49506174100974776,-1.9897028434981814,-1.5625973551118473,-1.6478405393328435,-2.742005270426998,-1.3575019566777744,-2.4550469803985524,-3.7014970791485498,-1.4325775524871367,-1.461218428270112,-0.8977458814013295,-1.2823708884357419,-1.245464603628839,-1.1367828702379585,-1.28163968851828,-1.364024849251528,-1.6315192670758647,-1.748488429471944,-1.1780125890679327,-2.2348246427626557,-2.6428015902520863
-5.289884905249226,-5.401715944055396,-5.263481729564548,-3.000640125926502,0.370866101578517,2.3743536140012793,-2.381766325956112,-0.7380656479336045,-0.6881379331975762,0.48495806989348117,-1.1433328347207694,0.5282182611909704,-1.3824706514212954,1.9060445832004504,-0.10628894192664595,-1.38699328417843,-2.048552680082077,-3.2934041152727014,-3.4354758027884555,-1.5395555015220954,-2.2256482253508927,-1.5297733439698844,-1.0268593948894524,-1.3187709921337223,-1.3051852574315603,-1.500509415914737,-1.4828674602213472,-1.5588567468976386,-1.3758633558081848,-1.5656825332634636,-1.9583652774382714,-1.0334629929123047,-1.596918417829156,-1.6647542194450893
-5.934307711833599,-5.792404505926405,-5.097200277131604,-4.504216030703414,-1.676390980450236,1.8673105362500668,2.0339646643671716,1.5500664509662514,0.07290414211128386,-1.1864927540701924,-0.44239965710570367,-3.4471422827261398,-1.0303264784324166,-0.6523254339748351,-0.6703558788858014,-1.6150103286470339,-1.3853406175621181,-1.3990731352845014,-4.079167368359421,-0.8820517537889776,-1.1714170321093444,-1.7683698938266557,-1.8464017164799107,-1.1078681913371953,-0.8041934912875999,-1.751673986904729,-2.836845987770412,-1.7907924698847715,-1.5139118309546222,-1.722937690105086,-1.7896212160267155,-1.631294547080291,-1.9937690743020264,-1.291692847258747
-6.059195380220286,-6.322483201503812,-5.646649146726664,-5.0761347654998055,-3.849660379359821,-0.20771702644956216,1.4755423706424047,-0.09752000381305798,0.8492346079560195,-5.3490025701408666,-2.0289238995848176,-2.281986834533412,-2.4819675423260565,-0.5492329452641392,0.16977848436715215,-1.1678544528427022,-1.9587702646964518,-1.5588253337368592,-0.8273622584531343,-1.3047543726709987,-1.1940430797541386,-1.835003457031542,-1.0272628215292732,-1.8245854714925238,-1.253706972042815,-1.048263615403192,-1.8603663425469896,-2.082403320224672,-1.509573181362392,-0.5641094418717968,-1.7337980435368532,-1.5505259973380134,-1.259479262324183,-1.1656008938684967
-6.07728679978488,-6.472188297835303,-6.322990293380913,-4.8426637083005035,-3.7152986191283124,-1.0928889330243419,-0.28240520481305653,-0.45948452970187775,-4.821056033641753,-1.0215126643030368,-1.3848240142414616,-3.942989390872416,-1.5515967691504542,0.1760237067892626,-0.9100644758572727,-0.9656925815527715,-1.7779304492519314,-1.4117363722839404,-1.561958670059795,-0.48995406742802916,-0.9494456071165692,-1.0002439804453096,-1.4431989791629505,-1.5604335304940913,-2.001639900356984,-1.9195361753153737,-1.7773558952167743,-1.9272472764900808,-1.9021885090943538,-1.9449007188916032,-0.664133019069919,-1.3760456679621706,-1.4048317779958186,-0.5721281672787888
-6.358765163683336,-5.727239637953891,-6.54620797639827,-6.60139726890117,-5.188478786028454,-5.787962854277879,-2.8885903502993773,-0.45696693696744495,-10.321108798391643,-0.44749570372118636,-0.5981021461701416,-2.5032376232955222,-1.1819093569027979,-2.4040453291907213,-0.04060734208848005,-0.993670975453824,-0.15749574312442344,-1.7773707357141075,-1.1036621061829777,-1.2446310733696064,-0.9627553285254985,-1.9628023732905853,-1.5720311190524037,-1.7455966579045137,-1.3957571831953068,-1.924873010399397,-2.032735270176542,-1.9952229881697714,-1.9641242962045564,-0.9754431613917646,-1.287494221268003,-1.182638704300823,-0.928780420220606,-0.3304066760645291
-6.112470388430533,-5.916468468852823,-2.7348805920216694,-5.542724605746951,-6.399952953615326,-4.737880762858098,-1.7850055194359529,-9.177938354409292,-4.079292878139109,-1.2784161615967637,1.9870525176663587,-1.7503981613225956,-1.8745025413834564,-1.0724956914783306,-0.839733113599297,-0.9949450101950945,-1.1003649107636373,-1.4464158233827824,0.02890955826557546,-0.6948600585817297,-1.8078700493314344,-1.5504995273489588,-1.6632915420518664,-1.7993273246480024,-1.8803051118708687,-1.5653707431718042,-1.207362245123887,-1.877920547644289,-1.439037811232256,-1.7909605806163822,-1.2885699816250251,-1.1159578470949574,-0.47641059416213005,-0.33470218750180514
-6.445929803095259,-6.458838604957149,-3.699427865889426,-2.2681715929148214,-3.0650898972253176,-3.7301159781004714,-4.659375379277831,-1.5527535885327077,-2.7966724626729302,-4.06407963691885,-5.267510971683933,-4.36552495820177,-0.903633885030566,-1.080281757413557,-2.0619164098444944,-1.394215089062547,-0.7494413442309279,0.15993654731456183,-1.4342197505705223,-1.285397128585271,-0.27396449988846344,-1.8894654118480854,-1.2174784680413528,-1.7878325100250443,-1.1121303780874754,-1.7367075205957176,-1.5439792115214248,-1.9739074216620218,-1.3044657055957318,-1.89500519488147,-1.4588673522954199,-0.6291771214706542,-0.42010694424110445,-0.2623806767942056
-5.8492419941530365,-5.662314878308379,-4.020811487998833,-2.3417719706280615,-2.3347207244698542,-5.46127416976965,-9.178434126998512,-3.928664456005541,-3.8807459180474075,-4.633090905274224,-6.518627753222997,-1.6538097034688752,-1.0171624859820467,-1.3973416313564953,-1.4288958807172807,-3.3695011032810123,-0.3865756851335729,-0.5774487265896627,-0.5615543407212844,0.20431764993899812,-1.1876221654518841,-1.843329391903085,-1.7999333718213486,-1.0873695055464374,-0.6323901598654686,-1.3305552839135353,-1.4667792211325947,-1.4423996699130648,-1.8458554363190236,-0.7780220912441621,-0.39878937251806085,0.2987834429062875,0.07866577978837028,-0.11757285476171511
-5.705620717268513,-5.514571687724756,-2.9104497226360646,-2.0865543586417408,-1.1913067791151897,-3.384267645820716,-5.133996916017051,-0.8579126873245931,-8.521111371827951,-6.893117052983819,-3.1714496275069206,-2.457625366461322,-0.14046785132238376,-1.5844058807827541,-0.3346909036699472,-1.735067196892707,-1.404286018598276,-1.0615321740932615,-0.2638298894659288,-0.5851870645616244,0.07421847900491622,-1.0505489112621746,-0.9368715764511948,-1.5913916181122598,-1.0184758576216524,-0.4975860389920739,-1.422076405294069,-1.0418970386059045,-1.627997407299951,-1.1622716871666858,0.045878523846148246,1.2293713242640358,0.7236156516336931,-0.8458643425189197
-5.590279931389674,-5.234489798399267,-4.202581901620723,0.17509916118005053,-2.7998477998303293,-2.0912485908371687,-4.14976667257967,-1.950336479800787,-8.848284453390388,-3.905410934816983,-3.2402161514344185,-2.392981605438428,-2.4289345836298293,-0.575174685241654,-1.1869586508917254,0.19734787617322563,-0.37081007556792106,-0.7740870618931615,-0.4839201523395039,-0.4630442852499157,-0.03997036705447505,-0.9340546203892414,-1.1216607714063684,-1.3125882247290368,-1.2177090731434912,-0.8502589981705485,-1.1975757668429374,-1.465004690754669,-1.3419160848753442,-0.8796038067873461,-0.7609449503654929,1.909055513846242,1.1085302923563367,-0.7339629442834833
-5.446277517046289,-5.383217399614875,-4.28488830721908,-0.9816729743345138,-3.0378505973663743,-1.7477668645862543,2.080258037403582,-7.026474065953158,-8.13528249932648,-5.476615696954853,-6.039507730510015,-4.922844150576752,-1.006456335485436,-1.8197012607052852,-0.4417952677938985,-0.943834579075467,-0.31630360843786137,-1.0612320955699157,-0.8189921006325809,-1.2663768614198638,0.4289973593247381,-0.26070616378604666,-0.8473730423177939,-1.1098591991045041,-0.9956859612186577,-0.8990147321666534,-0.4017314812015947,-0.9703149199550766,-0.8395482029240794,-0.5075196724866025,-0.8127451736435333,-0.5160436381799104,2.136235763784363,-0.42665166194086285
-5.7148427689055845,-5.961899552199273,-4.4023043740652685,-4.35955295622086,-2.268255434112169,-2.9403026221792143,-6.7803928955175445,-3.077072378245063,-9.97515461360915,-5.255562638856454,-4.11424719905164,-3.547166309707452,-1.4765795253189495,-0.32907749332405645,-0.2516850864633977,-0.6885087731065613,-0.8098430299932502,-1.2191620595814854,-1.5985575467725888,-0.8743482892451647,-1.155714150525674,-0.6605377669212026,-0.8734380581559834,-0.9611204533966394,-1.250879218522793,-1.0849507657904716,-1.0572759178019362,-0.731410354466456,-0.760412695821836,-1.155937827342943,-1.0261828747667785,-0.5973861728426447,1.9979472170199195,1.2925265385512674
-6.648424566583069,-5.845722466376747,-6.013265547811427,-4.931475771442118,-3.8146708807577885,-4.628794959007075,-5.178709199505963,-6.020162659307973,-6.669965943737941,-3.062845043288034,-2.056142732774295,-3.9527351519837777,0.40987933094386086,-1.485388849227162,-1.4838718712909675,-0.31091040059323466,-0.8775271304564121,-1.2412676483755374,-1.9143712176555938,-0.9678580412676305,-1.5506349697014263,-0.11904265383638817,-1.6349268610286383,-1.0247005769149486,-1.188205151673703,-1.1454092985606341,-0.9934392394446602,-0.7180251698730956,-1.6254509444381973,-1.002543928255301,-0.7340301967777084,-0.3137402678977347,-0.1156941731159094,1.6608918253632106
-5.065325673925236,-7.202238323563674,-7.190291820262664,-5.705003367666582,-3.733093742648304,-3.5947921192047714,-2.746631178716506,-5.96386578795159,-8.380081469932962,-9.64681149655828,-1.373613048840648,-3.186427328797273,-1.598179685540991,-1.2016555863438847,-1.0907088323689407,2.291231641665636,-1.58175151357167,-1.6040394521412458,-1.8474290948852747,-2.2577284626130285,-0.6940659348407892,-1.151919541817469,-1.7108645935616034,-1.5963344309193837,-1.6816277310932068,-1.4427986203805376,-1.1969577544219456,0.8684866837780901,-1.5137229808464485,-0.6297263110235359,-0.26365745979701255,-0.7300007999119252,-1.4318670315660065,1.4764765456809963
-3.9445695101556177,-7.036209283819884,-8.320879002312694,-7.234912481203682,-6.272814948738348,-5.8556747369073,-2.6459930312788,-11.221900097406959,-10.096944180209322,-2.20426109070215,-0.6119767804770702,1.5403072902572164,-1.3687461829035923,-0.7616304017936728,-0.9270756009680319,0.6052375281699421,-2.241135420191444,-1.896764130007042,-2.0151744609008446,-2.258681183390652,-1.4740991815005038,1.7488501100659153,-2.542720939460815,-1.843799458687901,-2.9562963535645856,-1.7855084331808357,-2.1502628551523872,-1.5479246384251886,-1.204047520530347,-0.13353876351458335,-0.8368778120285552,-0.8421562573795384,0.25198134374428577,0.6247528328664034
