script/wind10m.json
{"header": {"parameterCategory": 2, "parameterNumber": 3, "lo1": 6.000198445256149, "la1": 58.999992894266676, "dx": 0.5, "dy": 0.25, "nx": 22, "ny": 24, "refTime": "2024-03-10T22:00:00.000Z"}, "data":
[rows 0 to 23 of 24, columns 0 to 21 of 22]
-0.171054794841135,6.855937494927982,-0.9252955570911435,-2.9028127885463255,-3.0510951795959196,-3.6333533912089666,-4.117552362962301,-3.2943223904722707,-5.129056889509513,-6.575257291708636,-3.0056767554226442,-0.44287081651041027,-0.2832711862809367,-0.475247965112946,-0.9571451333956659,-0.0030238119508060016,0.30071506661612146,0.13168485013775152,0.17153476285680147,-0.19268214463737898,-0.5524937694780379,-0.7566349487758657
2.070632016597883,-3.3364407476326945,-4.30174987668,-3.7052286078040484,-4.070902245641276,-3.5585864843355073,-3.898592313187657,-9.496753678427426,-7.825189844194099,-5.485502468547301,-3.5920076149787534,-1.1015995443908366,-0.9443461405911354,-1.8097362521643812,-0.8407806897227875,0.1240533556971933,0.8359781866019389,0.2763864697902427,0.37290918200509576,-0.4323758236380163,-0.639291168645482,-0.6741852033196488
-1.0045393264733788,-1.487559490895487,-2.377413859658648,-4.1435041877806125,-4.352307160637163,-3.627518930824914,-10.30535268594733,-8.535462817298447,-6.9662312709087395,-5.3969099370048745,-3.342686749632669,-1.2105355984724433,-1.3105789109178054,-2.550323030102707,-0.8567288329182703,-0.24918185357659178,0.6977468214638034,0.034208496969172233,-0.4024828928092458,-0.64809730947956,-0.6470399786718819,0.0760386615704401
-1.6070821313285446,-5.806634812225095,-2.7044751918164684,-3.649632646152736,-4.260518438661531,-9.588807554632083,-9.439772929731927,-7.654852481722182,-5.780845913374093,-4.7627027130988395,-3.509952010183814,-1.7658954830460873,-1.5288491642480009,-1.6826910297262483,-0.8798055156338104,0.3583092322974666,0.24262145633485588,0.36301385056126356,0.442944673638263,0.08742108787570178,-0.13222581437476105,0.021738996575154997
-1.613909372563131,-4.060936064437172,-4.92955347398731,-6.2861071939520325,-11.550492231862139,-10.11294622412485,-8.239695323256496,-6.47198088257757,-5.152700938858619,-4.184829169837822,-3.2020249248471426,-2.160179047227756,-1.3841264562114408,-1.443469670098943,0.14689479971519925,0.6142211106268758,0.47183901304914105,1.1208863462912553,0.46957513474894813,-0.0743291397055346,-0.4017049324246215,-0.43953643804536685
-3.0674303183086105,-5.551720646496023,-8.600469351942301,-9.203501578164017,-8.694502796725958,-8.060072465015244,-7.0963990043743825,-5.706004408951532,-4.426689616569192,-2.380057901125292,-2.4788091502724403,-2.026599765518764,-1.5245738446799846,-0.0990198909978196,-0.22777994072379348,0.5138918132975561,0.011607900813449033,0.7800398240384308,0.24230870322503156,-0.5045192825154065,-0.9042814449406361,-0.4057060451810074
-3.2096116104114154,-4.553569175841246,-6.261487042958578,-7.104047009938275,-7.4303815902072,-6.348914420338484,-4.780521582666875,-3.7081566312034835,-2.0917162967831144,-1.7741832756725737,-1.877790926684947,-1.5654755517605605,-0.5817705398923568,-0.05926588441191336,0.24270953950091623,0.30507247091546663,0.21710654322349174,0.6005651732139947,-0.11691212593846229,-0.9164296499050769,-1.031821840732948,-0.4664670117695394
-3.2637550791698233,-4.786354338123401,-5.150358385286694,-4.68171104875735,-3.7796503717204093,-3.6671379012286605,-3.0036568994458155,-1.4931965326719974,-0.9670297369145852,-2.291129029639487,-1.3725807473426155,-1.734674406111194,-1.387001188582266,-0.8656052611735235,-0.1490992715432635,-0.20647421587333398,-0.07964568170080606,-0.15801206000416526,-0.42083814524372615,-0.5803679505195125,-0.6802891534712033,-0.9571528451666068
-2.453121669218074,-3.4569776772525755,-4.292847484275066,-4.023993190329472,-3.761565877329568,-1.3063822507042961,-1.6598837912304556,-0.7430486917870287,-0.4230962797668412,-1.2791370609927095,-0.7734601920219424,-0.6871939121184417,-1.1453078596954984,-1.1001179733007043,-0.29798525724214786,-0.1625902856052469,-0.3126956352687015,-0.21405147924491993,-0.45897706761600765,-0.9034935705148849,-1.278453812755394,-0.8830650875668885
-3.0770628906536763,-3.097904824973757,-2.7597958554139406,-3.7726613202014625,-3.2457965713211743,-1.7981096726351067,0.32686691244471083,-0.11878323823448417,-0.9699026558468528,0.21045286343945052,-0.43078860270387254,0.27432990664186974,0.2879841035624651,-0.8764959011123107,-0.8068754502113696,-0.5108704974261226,-0.37880753297074143,-0.5861826161470738,-0.7826791970507735,-1.1809007616944869,-1.4344914911750184,-0.1586202477091992
-2.401364722710661,-2.7941350479410114,-2.957858780585739,-1.8061974516473462,-1.3180372649829188,-0.6314243030687104,-0.9321826621315206,-0.905083453895255,-0.7805104265939306,0.492959215257907,0.574564036158962,0.6358233492631237,0.03423857866205653,0.33332163992653546,0.3482267116177836,-0.8684960230810065,-1.093109046530626,-0.9589876307222434,-1.0326852184211586,-1.5275478199828965,-1.5164753614692155,-0.4658692461751664
-0.4167863199591731,-1.1204840508364815,-1.7422707090421852,-1.7570318972529975,-0.9643677954025554,-1.228153285712022,-0.5776312646439796,-0.632485634269788,-0.5216554379093187,0.103755535230139,0.18150252889202256,0.7184019499013204,0.9636591373058139,0.5571535026238233,-0.28237531524260434,-0.8333160060984187,-1.5879076330463824,-1.610796218037268,-1.5005666179520656,-1.6102300842114141,-2.3094240854931685,0.6880047637680731
0.14827640249027138,0.2536340930960199,-1.210306282765888,-2.414096343377694,-0.8452363200817982,-0.3276017865899669,-0.8301086581186078,-0.5360327731255777,-0.8393279138413959,-0.43469545854861924,-0.10472848061525816,-0.16163381328497897,0.38206755581974783,-0.6403417708100488,-0.724757384750461,-1.1618860665940105,-2.4469966278472985,-4.359212514362629,-4.136325316114613,-3.5840399767710807,-0.44139454797194133,1.9369904225067014
-0.33047071990383614,-0.5935980950197497,-0.6177023773330521,-0.18890123197071898,-1.7294117525506618,-1.0429393851966096,-0.752415428257801,-1.783605281393553,-0.7763418065150322,-0.763145379911756,-0.27806006846148557,-0.5803778479721873,-1.1479886350415107,-1.7240021867060809,-2.2249246642221627,-3.30142374798065,-2.701091935764041,-3.682112449332588,-2.6521495051156814,-0.7061412118919849,1.18136285152435,2.454004758005458
-0.1454150702455884,-0.12522238000896782,-0.077083298306194,-1.0132619181521756,-0.8389301055465244,-1.4212729644053936,-1.5382226195233386,-1.8170735859367173,-0.4260976405537879,-0.08826383890283311,-1.8611100310080682,-1.663303805439432,-2.2505531810903032,-4.261663491949724,-3.2344998670313405,-2.683577422581865,-3.552241369814955,-2.386710511058633,-0.43096266657699384,1.4177577487045498,2.682429775048642,3.43982369586293
-0.7694262867068594,-0.4793741023118634,-0.7074180684947063,-0.8218470414616779,-2.3017189101235536,-1.8636133384812914,-1.6044871233836517,-1.8047448566414004,-1.8628773740315123,-1.1882327918267233,-2.770964696959869,-2.1306511589590835,-2.2986422945880642,-4.528837572104417,-5.611029135860968,-5.45028027580135,-3.7695245309849423,-1.0633866537175793,0.9246875603729633,1.3987557108719963,2.6557739132146776,3.5091098639975433
-1.3745921713219402,-1.321329474524052,-1.7124805446665827,-2.598376520077278,-2.0887011574225753,-1.845736093223096,-1.8210163718466517,-2.1139556300042504,-2.169249001480413,-3.4176888747349827,-2.6394609615263547,-3.5049895112518494,-3.6576766657263313,-3.5964491871329973,-4.244072180766732,-2.9832534244124402,-1.3839340473467916,-0.8111718127892524,-1.7914810335894846,0.982171307052776,1.4251366055316033,1.7289712826542456
-2.1016019405371926,-2.7919965765740264,-2.14397128247902,-2.7299454204218008,-2.7840610522400944,-2.603459999372599,-1.2486047082022154,-1.9209793421948747,-4.191266980103583,-4.488499802590073,-3.8557282116578366,-3.0051480195943174,-4.00456220637761,-4.062624333086081,-2.3589292467576004,-1.4683148710905327,-1.8517627724460255,-0.9502462107175315,-0.2766176899496588,-0.35477155207657113,0.2967566000883447,0.7645570249876446
-1.7432225137266095,-2.0771332234810234,-2.7850990774541873,-2.7077857160319816,-3.181148215905229,-2.687529768815466,-2.5474581230689406,-2.2795845664917627,-3.125968038822456,-4.006006569368673,-3.144229101773536,-4.596321748048324,-3.9583801079849956,-0.6282549889805854,-0.8872213534169344,-1.013245817174339,-1.1114431572458725,-0.837890169149825,-0.6771376878328605,-0.9891954209473871,-0.7050285922226348,0.45287634328331894
-2.8805375551453025,-2.391194739426752,-2.185921913120814,-2.572817652768582,-3.2847283113135664,-3.293898511842359,-2.473282482472322,-2.450003674642929,-2.5445909127613873,-2.453020843360569,-2.7672157725217033,-3.765965961327713,-1.8058080268962327,-0.4500936051333517,-0.13644689846841124,-1.0449151161368904,-0.6931903913605254,-1.2108514112707196,-1.7547020333142211,-1.0817618628554317,0.6071152901224872,1.2953578330302666
-1.8787637166374533,-1.711827616846626,-2.583139044910538,-2.893227651120737,-2.9671045074546556,-3.951312786021351,-2.6011941357384085,-2.249421557775233,-1.373546734748537,-1.7965084610668487,-1.9660494602480958,-0.83614224264401,-1.3899127103171374,-1.7326154193056607,-0.9676811253904282,-0.4042372985667548,-0.4472141381785492,0.9045146218969359,0.5646735087635817,1.5592736340182256,2.0980843894151215,2.2476027571541946
-3.2581567295785834,-3.004867171413719,-2.952792489990404,-2.545168013394684,-3.779537762878966,-2.5593429134482153,-1.7171394099195414,-1.8124981194734682,-1.8816135030608734,-1.8684951438152224,-1.8531668290795509,-1.0851170188582684,-1.5238239629692703,-1.4615934755889486,-1.4969417387652644,-1.0571510467751206,0.41616798925690207,0.5749964722338858,0.9592767770645669,1.5327176490818484,1.4666441014047582,2.1218280964408645
-3.5462034376300107,-4.095060526165835,-2.204854731795212,-2.005949415860363,-2.6900146808582934,-2.274345358376286,-1.8672051761452073,-1.8928300873617796,-1.8829637982541967,-2.0267079945931097,-1.5488128926082394,-2.5512119381900598,-2.152368453384674,-1.6917295941378505,-0.6252508234349069,0.3088280943896943,0.07398017794993243,0.47629678297838407,1.2411445333098383,1.301842267642294,1.0968463273189535,0.9061662181328831
-2.482308287762835,-2.386769135397044,-2.3604739439918725,-2.495462236731146,-2.041079649816046,-2.3477070760585463,-2.3071448459048507,-2.1602463160009258,-1.5215392652514224,-1.6484134773698575,-1.3376979822486206,-1.3790387110308582,-1.9974371778475595,-0.6842182433010855,-0.5569788480565273,-0.7991913005704379,0.45044590339959256,0.41578171343404813,1.0427304849478396,1.2282133216451663,0.6687942133295182,1.0724162499715453
