script/wind10m.json
{"header": {"parameterCategory": 2, "parameterNumber": 2, "lo1": 3.000054539987559, "la1": 64.9999836372058, "dx": 0.5, "dy": 0.25, "nx": 34, "ny": 52, "refTime": "2025-01-28T14:00:00.000Z"}, "data":
[rows 0 to 22 of 52, columns 0 to 33 of 34]
2.3021829454577722,2.3892867285831705,2.8086406812310307,2.9542649573927138,3.1440215330874057,3.348179863348032,3.449225618536203,3.597696355612619,3.870819612511673,3.81786612176252,4.025848406785567,3.979999616894235,3.8140290047602763,3.6630152188997456,3.3293957014145534,2.5868354145663623,1.8167411298849951,0.07788001633140572,-1.2315527396033434,-0.9335293783970198,-0.8461500599134008,0.5361150879853166,-0.027274355134372184,1.694663082569824,3.993241512050909,1.3222127279500098,-0.05235451824744279,1.3264094677173897,1.8094555620810413,0.9146624042180416,0.49955353270062447,0.3743113019087899,0.9051449432646326,1.0883387561473046
1.1340442122678935,1.5011352232339417,1.1457530736492842,1.2567667745408506,1.617518468869351,1.7282025556521585,2.052655360491764,2.450169736472963,2.5282259878751185,2.6555197103637997,2.5746833037743495,2.6501955823109613,2.3815653627399085,2.4472024542837207,2.0705467639606008,1.5683000933454265,1.4547615707343964,-0.6690234689047521,0.5427557509540818,4.102248337425825,-0.20961470976248991,0.6928650263487208,0.09955472849820024,3.869127995186272,-0.1747359164156679,-0.19159379645858332,1.1096710177520646,0.5126656994820054,1.3225526156704097,2.640738613651203,1.4901482965717934,0.791678134703428,0.5479486688344986,1.644499627175587
-0.5987734854339913,-0.3680779888359932,-0.5292122085234273,-0.15719857110276497,0.2522397785261713,0.6507561431839652,0.8266577112764094,1.1231080055983298,1.1407626291751811,0.7692153155011909,0.8576885897040716,0.979642584192952,0.9846364768154787,0.9125364768197419,1.0129744432338663,0.9845602726563527,0.31098959149315863,-1.476799960726577,-0.6818308660390625,-1.3810646452071096,2.3861770905941966,0.616356425889792,1.7888869088949437,1.8818439108001197,0.15858228674145164,-0.30898720938065494,-0.21256075967136695,0.5633771844889515,1.1619746066088368,2.1782941619380636,2.319846638257431,1.680743971012947,1.5292814647784259,1.222656287743401
-2.217069818474357,-2.075777623723549,-2.0337402538106866,-1.4495335747961922,-0.9518609367137212,-0.5939120298566021,-0.4920887807444331,-0.8724078515713035,-1.0336924327702826,-0.9039239047041268,-0.6556981698935289,-0.5901320916799291,-0.6292502448238009,-0.15406229948433084,-0.1871906307222292,1.050546492582154,-0.8162125927032015,-0.2946875132973323,0.23904109300235907,0.0005819152670228015,-0.020200414368123996,1.775598536057731,1.7872579867041412,1.527129033593599,-0.6494400685162143,-0.7816766869199411,0.6480623722563216,0.2961181021218918,1.0857457548350575,1.4920173721229948,1.7570566415650455,2.055932424905988,1.345513367205697,1.4763797306461428
-3.8062982342534504,-3.687232160785511,-3.290462526274546,-2.5093032775799777,-2.4554497380454787,-2.389918309758929,-2.6002912757630434,-2.606902547990994,-2.7934975948471874,-2.401537991187488,-2.199918101250993,-2.059204283143614,-1.9778245524294398,1.1449233735561535,-0.7207248982433069,0.146541947859571,1.291616784649377,0.52671698500358,-0.164894457856764,4.007363284458487,1.639966376775712,6.033411849516206,-0.5008897465552525,0.10627367708238278,0.0959161419968322,0.008344287197458833,0.27766844656685014,-0.3264937465149102,1.023288769498984,1.295905790465362,1.1520263381538418,1.6332103638164357,1.385222591052019,1.19487990766699
-5.202742893441404,-4.404747876534742,-4.362493143321372,-4.118779986520312,-4.04234889605219,-4.192687688495157,-4.0835426200954705,-4.0648070608503595,-4.064709916333819,-4.133322440680224,-4.699618639026777,0.04663711436294559,1.6138449281474097,2.0477107399663557,-0.11621586220040189,0.38947849434964954,0.967181970081732,-0.3768128433119221,2.0746964516883297,-0.7035863597476858,-0.5892372433739617,0.6154181349361387,2.72758621488507,-0.27340713424542573,-0.05197194901124765,0.18379625994989598,0.3664289135631124,0.47072782472393404,-0.13669309383054248,0.6827451097525643,0.34575860310451934,-0.2606549260406735,0.343955162178036,0.17248215247443993
-6.281821687944968,-6.012555984500748,-5.7221580412213715,-5.512482222781485,-5.438583973645662,-5.463485588303594,-5.303438313355938,-5.221867989249444,-5.684645954433535,-3.9712630883867144,0.2446309506172348,0.5750244839796907,-0.14896399049973313,0.08023928871243792,-0.658369555633214,1.3154073894767464,0.2069306162929991,-0.3781876583319766,2.1784953922866865,-0.8411004215514447,-0.2576446268724839,-0.2092898443839963,-0.3353565343399396,-0.04819150648104883,1.1647084545343587,-0.473186851413823,1.4747398958397275,-0.698056064701304,0.11315258811606266,0.6572475265000602,0.8655787328238201,0.374375867683382,0.6107225471052542,1.491810544469459
-7.296790312468269,-6.846795153592439,-6.756273006834058,-6.5348100789045285,-6.563404748778451,-6.532087572485005,-6.410619797993635,-6.689453718236938,-5.9924545482757345,-1.8589266114676992,-2.444539738433661,-0.2392013538344193,0.7663728348543222,-0.5173516462959106,-0.5150791139472027,-0.6305447531313382,-0.05779231294639974,0.03800750146541384,1.9897318278629947,0.2030036027504473,-0.0038082387535659846,1.0362893812048721,-0.16302158711774145,-0.6132538423686752,-0.2890429033669893,-0.8081734336581554,0.07765969455891569,1.325509791791898,0.19196837450409462,0.3201789912686579,0.42225065906428844,-0.2531836861701359,0.9753807446129446,3.737111810407632
-7.871804229689208,-7.799335158692289,-7.843022969879438,-7.714734253811159,-7.725004169360604,-7.777156806571168,-4.9265380587307686,-2.5285426040152417,-3.5461448586493063,-1.326432445679092,-0.533458243477915,-1.6839899262456806,-2.1870520925065877,-1.0710108125507722,-0.16879994920912683,-1.2095707572878285,-2.2690130052947715,1.645321347894668,-0.07036491473946745,-0.38840792674002667,4.852354305719225,1.515998145206167,0.22864316857425374,-0.8785117080034209,0.4709105876861487,0.5276357469288641,0.8720277972002011,0.23806460941640392,0.3129178586514668,0.23573718884585187,-0.7338412070447312,0.49355339870757126,3.425203654242638,3.6298452232477065
-8.965740925072362,-9.07270696091381,-8.845071007510711,-8.422873613543022,-6.512391594652141,-5.175092864128661,-5.19537708960561,-4.69022059104409,-1.6314078103391743,-1.417947357176034,-0.7497584981655588,0.5050036341915449,-2.0743487068455413,-0.4637466316151822,-1.5318638872653338,-0.881750180094312,1.6274737270016524,-2.5919202635212755,-1.0970389325208532,-0.14544392068904674,1.6691004772482185,-0.009454600956435173,0.6696973019157163,1.3516159519833422,0.12382215407628833,0.360061991466522,0.6181753072014773,1.2186835121499926,-0.5070740620253383,-0.3410994414387105,0.7302417738560406,2.1963181068820363,2.6875354944676744,2.594858483013351
-10.11757018468055,-9.395989076216038,-7.190514499016059,-6.282185169698642,-6.524779405487552,-6.169818449757438,-2.4635352182083414,-1.5638414034999306,-2.825531854177082,1.0535414474139673,-2.1615307379629654,0.03625774779569407,-0.48682444956236565,0.3648051416723881,2.0308217627027503,-2.313634679513894,0.0200090465196858,-0.5559685523110608,-1.0803430246206542,-0.4348485377471677,0.35247099117776276,0.16888246124338638,2.5052118812916135,-1.0385867064781622,-0.3045656819995212,0.24698495123564507,0.19518663822120091,0.48333513396098665,-0.9161540659594335,-1.4224295436161787,1.8236493281625097,1.9805146642712737,2.609547055574397,2.2939281661995734
-8.991855716382984,-7.950934290719548,-7.534231438997534,-7.607563955973255,-6.584322079371795,0.24399199473504438,-0.5172167366496829,-0.15208603879962893,0.7815364685996246,-1.5109123729511842,-0.37527497801230786,-0.7132019696774523,-2.4359930011502406,0.3576894531089154,-0.7291079688747015,-0.41059336348949976,-1.2555378449450425,1.3619332121455354,-0.3177211498506031,-0.9458071854046751,0.7477538553974876,1.354813932220215,0.5709006513902305,0.6668990789303217,0.628885557856427,-0.8221727924319074,0.22754710407933454,1.5892058030224878,0.845056946249736,-0.054576401530775226,1.2780649501680097,2.3259044710395096,3.6827586530840146,3.2663366371534153
-9.832099209807481,-8.79764746038528,-7.1787367192150136,-5.6117758320591244,-3.13805036089571,0.0029567997833047665,0.7760210606941775,-1.7723276021282266,-0.4430430645980703,-1.1560227653907635,-2.203781813473248,-2.0738364319770515,-1.268577952466545,-1.054152568120784,0.1322867347748269,1.8559735450139303,-0.24106259425123608,-0.5001678952381541,-0.6379046788389331,-0.2784434730209966,-0.1843148053353426,0.32681301351880315,0.31453022876290726,-0.8406724979453988,-0.5110638777950178,-0.39259122620570897,-0.1870843508921304,-0.17535771987477372,-0.5945695956094657,0.45022569547064273,1.290831096364801,2.3760964401132076,3.6252468482229796,2.088663476821253
-7.132769207967067,-5.540747629171563,-5.326261268854109,-2.218778601568136,-1.8478365626455355,-0.8724329608271756,-2.5482803643769034,-0.23120755429333448,-1.8661232382041806,-1.947034300398504,-1.5977404081779292,1.2840295560292627,-0.22289823514769397,-0.8916358954991441,-1.7650413335860662,-0.1682287032203937,-0.08424413214944985,-0.1583605258008651,0.0732458293407086,0.16019449501613275,0.0033487930780357533,0.34066932857483656,0.1143205863880864,0.09906915936680992,-0.4278397829873481,0.7263772177142299,0.7109841096429057,0.4909739668793813,-0.7853694611289697,0.07997882666002015,2.02075618742481,2.894908250200017,3.132380331963892,1.4402665107216501
-7.288426178632731,-7.574379282667343,-6.173365094629304,-2.986610561782566,1.5034980716924768,-2.120730822758972,-0.006173344729225316,-1.8963042739667173,-1.2884751058281712,-1.0145247071819312,-1.0066860637725707,0.12615987552449248,0.34760453653801066,0.7136376186933281,-0.6314992651325322,0.812852363315506,0.025786459743698645,-0.45519372628554866,-0.2981868344742155,-0.9672898634511202,-0.16322861763188717,-0.9953349578929626,-0.016945857132451378,0.2850333084950329,-0.542607774100212,-0.36077172031235194,-0.2908482028071918,-0.060557285659356905,0.03876114746307988,0.41524222202962413,2.196702222471358,1.1055583660037405,1.7272371001387539,1.2082894130542874
-8.737946127680875,-9.027955078827512,-8.252569272871103,-6.8487234425953805,-1.2622430713230695,-1.0873906776944102,-3.6593603263869228,0.2888950918229948,0.26623450429655554,-1.6682457840363794,-2.333314445522259,-0.8118288475859472,-1.0672526338199173,0.25947170555662274,0.2597478211648383,-0.009509309721965653,0.8097328236764413,-0.5451605613909121,-0.5091649111658322,-0.10146396794230735,0.8908425293304655,-0.44528645236975567,0.1744733505858925,-0.07702680111023495,-0.027387545870551214,-1.013020481409315,0.6870663259576162,-0.7840752193607003,0.11597549533495477,0.22042752967337997,-0.0322567599792415,0.3701831796553137,0.7979677801534152,0.9381347883824258
-8.85121147474632,-8.523813873129171,-8.060996491122346,-8.297884023745564,-2.1568666724340564,-0.44565442339747274,-4.38796583922882,-0.028112130304005542,0.6599289260565186,-1.9051980161582658,-1.8563948305731446,3.0317535342555644,-0.24097558296795235,0.46243791139642304,0.2928008338303179,0.5677246671491777,0.23395419492512803,-0.162250814278088,-0.23790161538802898,0.26991459351432756,-0.18233526454226376,-0.05858821762986132,-0.2835021212422062,-1.7840328541438084,-1.008991945028321,-0.6385276427092016,0.6808123297966998,0.25509475824869215,0.6305974955377469,-1.3746004293497756,-0.7737851400837678,-0.0570952222947116,0.6007952980594993,1.1961590928162709
-7.880846794429247,-7.428607249310867,-7.338507818335969,-5.961466002002168,-1.6891812925281984,0.07998918153578216,-1.9333663588850667,0.05290446756153182,-4.074978074796583,0.2906340929239997,0.471114311878853,-0.9909335232475813,-0.31714738427563477,-0.04707774136271901,-0.34420952636881913,-0.38835537092118927,-1.2616759602660894,0.13811360016758142,0.08426948508344902,-0.410662958038025,-0.24217539604399815,-0.8318429866237437,-0.5992456484570101,-0.5321044447416671,-1.4969897119423272,-0.8528550187976865,-0.8510896520508971,-0.5260473914497384,-0.08691806388659261,-0.7964382438809754,-1.806799263569932,-1.587377135124355,-0.6658896028316414,0.22914551272503728
-7.341908655535698,-6.92238339877528,-6.437237411054535,-5.652182554296903,-2.7106864149631273,-1.4106372191950323,0.6265784174324102,-0.4351710194141109,-5.421988498482523,-1.5771309512758904,-1.8940964500130129,-0.4398341156590219,-0.6364022727001741,0.2118045511956995,0.4762182456788141,0.6391390605596515,-0.6602408969497852,-0.3055021301411941,-0.026479658676920974,-0.46210228872706166,-0.48429628537061253,0.23078839212720534,-0.5549648414810323,-1.3005729428140762,-0.16601620669148973,-1.025865683297627,-1.3557302211664097,-0.6106800626455559,-0.38324589337606035,-0.33544190293234727,-0.8411711016837753,-2.7925497492476317,-1.4874171882390503,-0.16589524342454273
-7.56125781363345,-7.098320245303799,-6.2571525123315395,-5.37966899361988,-1.3242601292663145,-1.5666220950852159,1.9651604308931436,-1.2882461719553968,-2.630491137927285,-2.232561260650357,-1.6979066079922056,-1.998673792564921,-0.08177738026591709,0.8792388765442832,-0.5012584680128007,-0.26452505376899815,-0.41071787846898195,-0.865824050547789,-0.5824435603140031,-0.49127992869229437,0.3337952672616776,0.4707147283931979,-0.8577361637799166,-0.6527396900985734,-0.7107623139288427,-0.5270322226940003,-1.5297692903066122,-0.5497548384263359,-0.2948057777018875,-0.6280117945214906,-0.4815328771984693,-0.20106394774113973,-1.7316479693708224,-0.3488135314879797
-7.604216831291325,-7.023681974514784,-6.617032198755779,-5.758937039569563,-3.624507490387876,-2.250573575860718,-1.3915209791441177,0.5936820292703249,-5.115355615315631,-0.9872417244094701,-0.1821929717132268,-0.8420261781172289,-0.6338239737670244,0.24801708344933754,-0.19007255597188963,0.05942708331205669,-0.7562740025532726,-0.8507195137574056,-0.6175174183584261,-0.7755654758520844,-0.5511848091511161,-0.5937413735908208,-1.1890817758390968,-0.7987276266544789,-0.2097273195035938,-0.3488801847049262,-1.1430311400052529,-0.6097424537200753,-0.4670949880769883,-0.777068085129958,-0.7468007195575952,-0.5793452449457595,-1.5006977482876733,-1.3071580332291555
-8.342794826172225,-8.36549629285702,-7.254432871870894,-6.627616135816099,-3.5637932364860667,-3.245999406633811,-3.89754492413162,-3.8953179964939046,-3.4710727445926266,-0.846555250738097,-0.28184321113260785,-1.5101185707242955,0.43341211450437395,-0.06912370172126046,-0.6600196145884246,1.1130105774977006,-0.863493282464851,-1.8508831202043463,-1.0633139175266524,-1.0762566530104583,-0.8245889724768759,-0.8067729487690439,-1.454773428736638,-1.0658075933084141,-1.2218998148347757,-0.3599044340000117,-1.4557926697689696,-1.537314569844133,-2.1379468333017364,-0.16629798388602338,-0.7067316514996854,-0.6966469080569527,-0.5714755191230193,-1.2913812298554068
-7.905145374928913,-7.567170801779518,-8.655916346017879,-7.504704880119983,-5.800776342954205,-1.845151574831183,-3.3302578259255755,-2.1100520477643667,-3.5067460704586857,-6.1872127724220265,0.08797641195436592,-2.1123212345583444,-0.1560592313736841,-0.9994894459622549,-0.9365817168655339,-2.6128217734127066,-1.2950853898575385,-1.4689846239161115,-0.9317783455512557,-1.1006087029123028,-1.0807339680539592,-0.7907506858349703,-1.3854741005429376,-1.470738516142431,-1.3746710313314932,-1.5185145483004825,-2.145712279111827,-0.3759201435749286,-1.5715993616678596,-2.138627114172378,-0.8915506907964016,-1.3458612403268766,-3.9761888796833205,-2.344899668277944
