script/wind50m.json
{"header": {"parameterCategory": 2, "parameterNumber": 2, "lo1": 3.000054539987559, "la1": 64.9999836372058, "dx": 0.5, "dy": 0.25, "nx": 34, "ny": 52, "refTime": "2025-12-03T10:00:00.000Z"}, "data":
[rows 0 to 23 of 52, columns 0 to 33 of 34]
4.951246392138272,6.27511114881194,7.589375127016546,8.706882578542544,9.397150512763835,10.08909397491488,10.697402975534397,11.481381694709526,12.366910232932758,12.96849649512273,13.274831283393544,14.130054860738515,13.092798376828297,12.847097383563957,12.910467174539814,13.079875649254676,8.919722923213488,2.410986397908704,2.895615526361008,2.469248935634916,0.9146809086218196,0.1259544903801782,1.13025092841658,4.370989111639576,10.603559859917839,5.925652249143055,1.0535368652308534,0.5230599910791698,1.0944791150061164,1.4380216812318365,0.9884162273897329,-1.324191079072566,-0.33597707968392454,2.61169377202733
6.02690469125885,6.5277153064774645,7.055153270675982,7.684851432063485,7.978960911214102,8.376788644501115,9.328357113433999,10.312864030259592,11.241559810135184,12.279075597296131,12.011227245905994,10.597217544213997,12.2394970139588,12.990603856015525,14.056386994650724,10.77149626355161,9.061831984276617,1.497949644463334,4.548761368048549,9.202602337191186,4.505351905051662,3.9367955335534868,0.9739226061220236,8.346515088101036,1.1209750904930944,-0.03712738576414333,-0.43178057590953145,-3.0487341026870047,0.08382990640809605,4.080851050222386,2.8147672137255557,1.031721048558587,-1.1133390846349014,2.7940966491464367
4.731708153678629,5.310866204150213,5.744499996802853,6.5973796768249775,7.093174817651854,7.9144836519854165,7.602766020665551,8.949065011309441,10.262873069906403,9.968227980704611,13.108737761396673,11.864891233931026,13.066336698117253,12.220685336407637,11.894639485806339,8.52302102816247,6.589857761790684,1.325646510353939,5.48844649564669,0.8005593309572051,4.145964367688338,-2.0690394019360436,5.247530027383747,3.005694313878876,1.557185569720534,-0.6822535125519162,-1.7720691857585593,0.1794753277342245,-1.4581248638055804,1.174244412843943,3.094680817690732,2.788734250924541,0.4360732360597308,1.9484095276974647
3.3520629315985477,4.013932156111572,5.04755713513721,5.3646985328192685,5.203757664009457,6.72644177137145,5.884323955516608,10.147865948506379,12.267405105900968,10.829842052687045,12.204828494533178,12.965275150735263,12.84521677654462,11.358128350642236,7.478133252977434,8.012956276213844,-0.07017742377581816,1.4152694875437275,3.4254955839773187,0.6993702295850955,2.8837730384396627,7.105076011985792,0.8143472269008607,6.419636836590055,0.16526565771460788,-2.0541760638249507,4.247330178397773,0.1407435227928599,0.4997472960515413,2.0512195923279632,-0.022252444251902148,4.389008181376189,2.561812941106521,1.5223734774311652
1.4738004402398321,2.1929427265250423,3.5160723039782966,5.458561563137335,7.489472313301689,9.613125302997826,11.070824595064963,11.90608882120255,10.66407783364757,10.778304311728236,12.457187176602984,12.392814395762887,8.749569167990343,5.563408397510473,1.6411987690036238,4.468481314678428,4.349817803440447,1.8556217257062542,-0.10947855007373321,8.245023832333995,3.0970673455791595,8.446256182874986,-0.6917772424418053,5.071573151712903,-0.9832193221142407,1.5997729589416725,3.5723792673826065,-1.3793351213742406,3.0776048778638034,1.6274710635299203,0.6912441682322135,1.7781894851843136,3.987839837551068,2.567811508893876
0.9716451713265521,3.496180223664545,7.7243880842606645,7.780034790993893,8.922663663257927,10.258133519158081,11.55780026123517,11.289063033003714,10.987388043459465,11.868754385883914,10.864574365628071,6.201392802420246,3.3006679758716793,-1.8030657093025373,0.12886971089561972,1.1788035958034437,4.276403414853557,0.3449645388791367,1.1498495197424454,-1.0614741564185,0.3863272309261997,5.300516635973916,8.397568388243513,3.426794311903907,-0.4248256832786699,1.381778890325728,3.0982069505051273,1.328132687913941,0.33549398769520045,2.2101377205345365,2.153385638216363,0.039457676063380194,0.3222371242275671,1.4881690224675357
6.005620545050786,7.261451572644676,7.8219437914003045,8.13207052164892,8.696432325939995,9.53976611960509,9.378128071213993,9.751223533507314,10.833758096186028,9.684263781684331,5.780165148847428,5.03122913194264,2.5644767481256445,0.5838640773055144,-1.1021010410361713,2.1536779358689615,0.17584918368828956,-2.30527911954786,2.8240647863711836,3.661956049964805,4.206618160409915,2.5312803318228476,1.0986605261222784,1.573713171666398,2.20304291133189,-0.28220282890930587,4.808116804988832,-1.2143820782064458,0.27441056355976057,1.8038187907262477,0.9006581762525101,1.699042695718539,1.8006936590601947,1.953541044199499
6.0455899165301545,5.691906423518115,7.51429775396721,7.909449362223671,7.7281540905826365,8.343193501079726,8.467044351400006,8.9598734094276,7.9216212272040964,4.976652195780041,3.7450259368043364,-1.768598935074643,-0.9372830713178928,2.3720335603623486,-1.7672680518908397,-1.2401336354137267,-0.7564565189580125,0.9444957610636479,4.635995465505439,2.349051108832062,0.8335461705343371,2.2282130433154546,-2.4700484764877113,-0.404770009766224,0.6634690757529601,0.37612063512442007,1.521277477738845,5.8534643092589285,0.2982327621438166,-0.6662612685837451,4.513930893413342,0.7728381964426603,3.6575218570048484,7.750034159309737
5.941901079042701,6.458237401914821,7.290062145759609,6.964821160042166,6.572666387250443,7.107940474487743,7.874043736060196,6.948948038026748,2.9602438771747206,4.018558490208791,-1.6715100791883308,-1.1210407001874099,2.8489374599955744,3.1263804895644944,-0.7984452870490554,-2.473019340956814,-5.899380301445259,6.164515813659748,1.0318418792698665,4.236153838844629,7.788846111382729,3.54439021997725,4.62501845383357,0.005800304456463715,1.092346198257334,1.5676950419715492,3.3350750949453123,0.10321726335876132,1.90035311355164,0.07861711870944982,-0.2557074305455813,3.4280653361292,7.111971095835066,7.5197515932832735
4.83514690350624,5.2136220105367235,6.4997536173695805,5.09706984256717,4.328258570257565,4.1342773490093,5.261356586018046,2.9356626835026787,-2.2059534265756,1.7979698331765124,-1.572106694410017,0.4159414426060074,3.4085916319661043,1.766860732571959,-6.509709988186294,-0.3785532775076687,1.1391521757025274,-3.084326824803144,1.0178949079846848,0.6037425175057296,5.4874299185607205,2.6273255520594927,6.576460987607019,6.016646290165628,0.7704262721087003,3.2651932440851987,5.09040456125003,5.086095724147646,1.6057389840018799,2.1771521983161506,1.6063392319084286,5.686673713429849,7.295926766894074,7.997948480072131
4.687376911249863,4.78615846449106,5.062438183866513,3.216920675332766,3.405841096787702,3.3052485033439116,0.8052469223374485,-0.8909288229269668,6.867106758206464,-0.5162413699498618,5.5950152974454275,-4.886137731574887,3.139500300707508,10.049959423404047,9.717282290387766,-3.029597524980868,2.147907517143192,-2.563889046090962,-0.9033218386611451,4.967874214402218,4.967703372781919,-0.2265970755578966,8.086271976851677,1.3874639846903352,1.9845519578664215,2.012565746706692,0.6910960747665031,3.99096199307336,2.241875325408216,0.8756468065593734,4.700479425017679,6.898033805398652,7.296644049115949,7.503545202291116
3.547437910519787,4.225114423412574,3.6621332784768446,1.9712512700498654,1.0357715779807697,-1.8267995084549304,-3.4573810550714876,-4.725056560949781,-3.0858771419332753,-2.8852979738595748,-0.7885034168359571,0.8315201637997209,-0.16834090380072772,1.6815481989178218,-0.03444416267748371,-1.7280131679541681,-3.0280828472334664,2.934879085746841,0.6099053469953921,5.446640028050214,5.263403244438993,3.8141571013552427,0.23089167054962706,5.897425229077555,0.9596748188918252,1.1589489934904549,3.3931462452311316,3.7401037873835383,3.3186063225413474,0.9103088444136876,5.217113456290481,7.162336611391127,7.266444039220975,7.106900558218348
3.7119855160429553,2.048886785527521,1.5475654462106907,-1.450308116788707,-0.594933486336904,-0.8755583451030796,1.384357250233967,0.7559839006756777,2.9048838226255658,0.25194013406410226,2.7367122275997073,-3.271031626351745,-2.046174103181339,4.361794834736928,-2.520815012215024,6.571838659467686,-2.6694130445779836,1.2105000351454216,-0.6381838553392027,3.1656561488945725,1.7663048961040833,3.604176224871777,5.854874011170092,2.139517188145458,4.568029305712412,2.442602646169916,0.32241704093568646,3.8756611532389273,-0.581423461083145,1.674056342077036,5.03926225519649,6.749469987416939,6.818124379115118,7.220586500660466
1.641675910690102,1.2946100112713401,1.0043124308694407,-4.016951894063803,-2.196771599159646,-5.138397651711946,2.5883445489282795,-1.7395611833780793,-3.125364010521783,4.521210811381194,5.949332216756817,6.295477137584657,-0.1353689338298322,-0.8452226753747859,2.977642427373036,0.4936876052927692,-1.3290655792384793,-0.9569927746355004,-0.6378778834522161,3.794091614550091,-0.8145055455692605,4.297818032957981,5.533506587076008,6.458671229840277,1.8827527938296391,5.099901691389365,3.802275596637384,3.8753980323465704,1.1292481626719912,1.3336018453860852,5.410338641398936,6.824271127342628,6.512257365491305,7.349667394817304
1.1905514347418367,1.2596497598643999,0.2375229647503751,-3.665282437312056,-3.343630847608379,-6.1934098527918975,-1.5175826209371852,-2.1659650749003387,-2.9307845673149266,1.5432058424598107,-2.676129691656568,5.850408852466277,-0.49197450533191733,4.259335285667963,4.285484801455582,1.6660377503072519,2.3423419887323043,-1.9715502237043496,1.1809034615014924,0.3423226742360342,3.455989844423731,1.7133452905196922,2.2740629414566746,5.125788180560467,2.040504910229083,3.9750424918687686,2.4955836249300893,4.76749850431066,0.264879345495033,3.6511352259791794,5.95096842738389,6.981812770402541,6.97283561314471,6.7619586928874895
0.29530820394944907,1.2662643537749898,-3.644873024861902,-3.595342297218319,-3.4242578567682798,-5.233931795464969,-3.292750242223226,1.9505478523716728,0.9722395375329987,-0.8395016590449148,0.2086801481184973,5.133659923983781,-1.8625600543640972,2.5443365747574496,-0.8486303896660105,2.316657479246575,1.405274615005049,-2.1710898612052425,0.20097190203890236,1.5932580001900554,7.01144738299237,2.0635383489215604,-0.35007908703078583,3.7850420129002265,0.7565054651845797,1.773678268508973,6.6392995036678535,3.5893207133401916,0.9548583547734874,2.6371619992370157,6.976177373381999,7.379162233744235,6.8004327158406985,6.460480124685694
0.2356239300235022,0.09272664725978075,-2.4067262492867014,-4.311859167255663,-4.256827050096883,-3.0919760386926676,-0.43838450540581175,-1.2880488499356948,2.0307223767722316,-2.1137721940268444,4.0740459940375855,5.281798148445742,1.999854983302522,-0.40613056016717497,1.6015606221566778,-1.9590809663289814,0.04053690200513682,-0.2362250077556643,-0.9105034408018771,0.7376591166725609,3.4022910582551056,3.8895529856622537,1.850195063701154,-0.9401285834173982,0.9874760362330612,2.1759537112122542,3.992523121598697,4.144332309742113,1.3846571650826611,3.842153731240347,6.5455704457850645,6.9556154887726604,5.906216149847022,6.498897683058679
0.33157472015592476,-1.3671166795798486,1.0834000125905558,-4.4177827247501344,-3.720148352446405,-3.8925194609010165,-2.0320045960877686,0.2525260632112705,0.455497081646331,-0.6868203332993777,1.411666731499818,1.809796519084289,-1.0426387791591065,7.953308056232525,3.0744737134360083,3.3599445346349666,-1.2989488779365441,-0.2331090884388929,1.8511679615355545,-1.8170648138007774,0.581775458431571,2.145783505842345,1.9350606700709911,2.876498282295514,-0.8388200888053386,0.7347384465323111,3.0921333047841637,1.6711392768405482,1.2200674788117516,3.8837101081871004,5.04161413203078,5.543858541320047,5.73602513265278,4.626423868528502
-1.603875675264065,-1.8712655902226802,-1.782988609722753,-4.899389280607598,-3.8610170050588883,-3.8299772784420765,0.5525467152730185,-4.331242920455462,-8.313055703152195,0.24717626551117922,4.509559425577056,2.5284416736447364,1.5625273449882064,0.5073090188825656,-2.3740070372970954,0.34696977040190763,-0.9926059339691059,1.1014392514077498,0.2481800286869157,1.0358793180108483,-0.6791622680059286,2.168248194101653,2.2948097037274984,2.1898805053878614,0.38676804348128474,0.9714538007646706,1.797902879833108,2.610470804753471,1.705077048869366,1.3553661381349031,2.6101570986136613,4.548324145268943,3.269070035951369,5.515739178809393
-3.7738380699360707,-2.3071330948099975,-2.8211659875693065,-5.411706083311106,-3.5498812053500295,-3.636159137409399,1.7773652329423202,0.749102279721966,-3.2131008436111173,-0.2315183493596979,1.4523580168077677,5.8722049815416835,-0.7984116290648727,7.246357787698314,0.7685656529918058,1.0277794681497352,2.7667083605766467,0.8633955077972328,-0.0181131543102824,0.5372729588951328,-0.24321613939853115,-0.11529652576097794,1.4218742785650331,1.441243453795442,0.603764183629366,1.5595613091271239,1.3047452059205287,1.080022467944327,0.7509218464760482,0.8756700172620857,2.0928415630754262,2.140179126341958,3.7970229605040644,4.350550969026438
-2.221419339247654,-3.595824843742712,-3.909799572554787,-5.799054284704359,-5.74246435089598,-3.521796643796111,-7.4706182379412756,-0.15607463098306243,-2.3825299261743664,-0.8508692542896488,-0.3111788344530142,4.393394414980527,5.344708428781211,0.20137148494149643,0.802887297366843,0.8283677635271524,-0.8228952359489726,0.014423815674706266,0.27386843120906595,0.017892428899452393,-0.5690416011100526,0.883267275299142,0.05080448407024089,0.33150669324679916,1.0742054091755044,1.9594674459130992,1.3322384873244104,1.219624575342983,0.6378397030922609,0.7249064752896405,1.545951943810989,2.05537154174744,3.689134426687464,4.150985050228221
-2.5435568222503906,-2.426960482762767,-4.28132550117895,-4.8274944231307355,-7.253107788458381,-3.9705194275491285,-5.41856362830845,-4.650393922457228,-2.3683541194637434,-2.4742015281206116,0.019378309624563998,3.9388236760849944,-0.7529477666500308,3.9056297618149234,-0.4175433547699008,-0.49408567867999564,-0.6274671803775423,-1.6924756976787452,0.7670428300840697,-1.7753452298399692,1.0357684084118346,-1.999959616951037,0.37352916774357914,0.13387901410658096,-1.0305889886999757,-0.17395103716157748,0.4970324161853781,1.253607895062717,0.5335102645364944,0.7123177458175569,1.2902082345549133,1.9374755544711517,1.7038178626182945,3.747197800498842
-2.378398057711773,-3.010108879297814,-4.078448340004567,-5.003151568092142,-6.655736591225347,-4.347100912181439,-5.268478484195205,-0.7043551229014938,-2.4873298485986086,-1.317451437043524,-1.5541755357068783,-0.9015258346268945,1.8601293991568155,-0.026147183380957412,1.0052426314527991,-0.6754126724107529,-1.1895678386140214,-1.1160746290344743,-1.721742162572549,0.36089284939513205,0.13140381504866397,-0.14791679673104483,-0.06272303924894955,0.3679240188553491,-1.0181583872697302,-1.6662163263212137,-0.07218099425216357,0.7286373003638262,0.3468484137617348,1.0962156046390326,1.6381413765325354,2.297130212122899,3.0953942597305844,3.9057611971600434
-2.324019081053294,-2.8451599328350374,-2.985624969587971,-3.363360627610868,-7.531747042843554,-6.894437258977114,-3.773362690607955,-8.854217140272858,-3.8359430780761246,-2.020297829858629,0.28776903345406296,-0.33054188992336636,-0.5361604098616404,-0.654645692567129,-0.6257843727101543,-1.1011360990022527,-1.324874130773973,-1.3282988816479195,-1.0512731710511787,-0.34115454204140305,1.9577347397558182,1.4650220255471127,-0.846390120350041,0.432803895309565,-0.2383918605461944,-0.9262045733332238,-0.907651408144665,-0.08852769465100756,0.8509694688848909,1.641819925189383,2.5404673990146285,1.5855611461804646,3.1628010390188135,4.3064731877684705
