script/wind50m.json
{"header": {"parameterCategory": 2, "parameterNumber": 2, "lo1": 3.000054539987559, "la1": 64.9999836372058, "dx": 0.5, "dy": 0.25, "nx": 34, "ny": 52, "refTime": "2026-05-31T00:00:00.000Z"}, "data":
[rows 0 to 24 of 52, columns 0 to 33 of 34]
-9.676131634223188,-9.342662983700562,-9.031827122920127,-8.81693328895712,-7.94578646114107,-7.620252816545286,-7.198088803344084,-6.82638297970249,-6.305781441657745,-5.879853285722471,-5.429694384746574,-4.807274534244265,-4.060667847447771,-2.9356442915918732,-2.026948234433159,-0.8536256907568505,-0.0321543836451419,1.3139669423603462,0.23219075977507578,-0.22578034329276986,-1.5105005188988585,-0.24516407711096835,-0.7519444010708589,-6.267645084156512,-1.4931948492974783,-2.4726041304882704,-0.47660774068486894,-1.2373771753118545,-1.6240813007926391,-0.150198830044634,-0.6436118636999023,-1.2832545310098487,-2.4382820720708724,-1.238143109134748
-10.625119276578959,-9.704384980341356,-9.135673720083274,-8.679618927889628,-8.474192060532928,-7.879471544685109,-6.970737696545299,-6.832928838203438,-6.343622510464274,-5.702050380527148,-5.119387663502883,-4.5349264106409,-4.679108181030373,-3.7310806292402305,-2.2076599170429922,-0.8520017500087197,0.7474990368783869,1.5369087195319993,1.0273637313716626,-1.6290657091124716,0.2673789824910075,-0.619845502938678,-1.905707640203413,-0.8369712439170334,-0.1919330182373262,0.2143649586499098,1.1135939546654952,0.0990264971713968,-1.7531607415199117,-1.3359251028222214,-0.508366428830126,-0.6966040498752564,-0.892541780213894,-2.2886697762218717
-10.839491588873067,-10.361885891394245,-9.754738617587376,-8.938191464544152,-8.251183237332341,-8.334746352705988,-7.4952247567674215,-6.684922849763911,-6.225382515182577,-5.9318094503163294,-5.165592646176443,-4.887390600914377,-4.8105202803653935,-3.661323949175951,-2.448447519265749,-1.0792178592080948,1.6632163193132712,0.8428670570081767,0.6229454537803365,0.6712899400551889,1.5930767134962203,0.23578112986485766,0.7202464655456104,-0.5300564356330009,-1.6382304699650072,-0.2934300692486251,-0.39078278122149634,-0.2727414708804338,0.28797551644088065,-2.6648799477253267,-1.408637002379893,-0.2013013842658087,0.03166311233654766,-2.3741966981528138
-10.181193208040288,-9.879399378322873,-9.774628160877725,-9.673326717262478,-8.350899798592978,-7.640383447910012,-7.853752244648196,-7.405758408651584,-6.413913737380678,-5.7120931997333955,-5.386179241261487,-5.554854765001841,-4.473537039196139,-4.007449924908189,-3.4941943745830866,-1.087572159358336,0.5626063454623116,-0.5655647590307524,-0.6104008967393754,-0.7584949595289702,0.49364486145624814,3.023106910168372,-5.4435144820391415,-0.755125342367605,0.28973609146687523,-0.2861803252244824,0.6530096481631668,-0.7453902005681338,-0.9871631625350983,-0.970450873180423,-1.6812100344350822,-1.0075795242869432,-0.9609633258466043,-2.5509162535926206
-7.756581803076233,-8.687840736701649,-8.539663863581511,-9.50756494884276,-8.884338644896806,-7.960140974455977,-7.472202338296885,-7.317719802236607,-7.026245104012403,-6.1015715620866695,-5.330291786051084,-5.481027264778537,-4.763814857310497,-4.764920841501294,-1.948426080830931,-1.6592404302579034,1.0480913134794134,-0.8161085941990284,-0.5239602736764877,2.365050197388108,-0.8612349639886746,1.5113554720582254,0.849581522740195,-0.49006959894340757,0.2684734548571256,-0.5507512152029421,-1.1719173233372415,-0.7498137220106961,-1.0109440807544858,-0.6606443207957162,-1.364493768810049,-1.6251650463025837,-2.136817675911114,-2.2792703351348216
-5.143281670498991,-6.378184998528005,-6.862065227763275,-7.984363211468889,-8.576938889280134,-8.512094381486875,-7.974724621671633,-6.3794972604401305,-8.037123134121043,-6.3614116120167195,-5.381406027260545,-4.096158598389941,-4.3905812581492425,-3.3885473282601395,-0.41639020505705376,-0.574604381145923,-1.4296197919856208,-1.8227809357423064,1.3768119493411222,1.3397570368112293,1.7001832680164575,2.0279163038528227,0.6677366350283325,2.1311851270771434,0.06744075706901387,0.7447331846042499,-0.011539778509229005,1.583554803470953,-1.4887757531700323,-0.5426120881078764,-1.8880678278593188,-0.4659555398763057,-1.793115819049954,-0.7218184709797636
-2.9758399330423617,-3.6681786730017114,-6.516299536457706,-7.2137794335847305,-7.564358155759946,-7.696310111180888,-7.9787974907110835,-7.73376145639786,-7.272195835958102,-6.166070181037567,-7.027771627585414,-4.505066873384712,-3.131165574466585,-0.7588629058762991,1.4380809373832901,4.005748871692993,0.25286187626347073,-1.2354829260608984,-0.05692560601078804,2.654025186963983,2.772466898414504,3.528045467772632,2.215520380070576,0.9919517720729311,0.45280057343119384,0.5492281816613817,1.4122352627341956,1.670680594792999,0.7367279945636004,-0.8951895534389557,-1.0897393191011702,-0.12533964239947123,1.3633525454652973,-0.08748023080215694
-2.1175083870261298,-1.9746578647819855,-3.578131881171825,-5.542683458290469,-6.344303485939943,-6.20095296746224,-7.155951729627187,-7.22598180982408,-7.563708354924501,-5.221283272251525,-3.205661649426544,0.6547824208150598,0.7266727831730673,-0.2841922688632127,-0.10600549955742343,0.13650299449782333,-1.1499596926122684,-1.2129027275761814,0.2919245232692131,1.0820758487265676,3.5854576881963887,3.0719500856307262,2.9759117880631885,2.6635908628728764,2.2503761555518746,1.1179613299144577,1.4777581243494926,1.147751971952713,1.7842028274286528,0.7848202513401383,0.5587752251739418,0.0067789488999075425,-0.8377097677189043,1.1221232580389198
-2.6539586906585613,-1.1367150793513725,-1.6962845642642241,-2.078795968602311,-5.3000893558616875,-5.261862411206291,-5.677629315996867,-6.239944601625402,-7.771949988856058,-1.5581036618657713,-0.5555464120897216,-4.434304960511144,-3.4076752470273193,-1.8595488011295576,-1.0781274983724007,0.16019917273943204,-0.004504664432486599,0.5312616478753095,-0.10940550840210153,0.7150263805367892,2.9263647648772477,1.5510137063859695,2.09510289208426,2.0881724954102436,2.377968817997589,1.943341401518187,2.6394440080057158,3.050727437661852,2.7305157338519996,3.080320314254359,0.875773939522985,1.0272539926860351,0.19140077704959965,0.3617260815595798
-2.626495090858749,-1.8638819118094005,-2.381973294591165,-0.7058035849409918,-2.6223874555918454,-4.0499475043028825,-3.442779304721979,-3.8911961407464606,-3.2501929320938285,-1.646880419242207,-1.9300482492070663,-1.7481314788550923,-0.6981623817998782,0.8589939636744366,0.04581114264621943,-1.2225278429614614,2.109074079330492,-0.9302202589590999,0.1264275115426393,0.3968636888552752,2.3670840518162852,2.4070497862232205,1.8933233974517982,0.7585980069019611,2.062738352797534,1.9261233363336578,2.7939044507824704,2.2106978719376773,1.3764770180870283,1.130755779093378,-0.18078641221791472,-0.2319364541414357,1.7071812838383178,-0.8247408841998658
-1.0834274718977237,-1.7700283509788934,-2.474619409459378,-0.9743276673070689,1.1960149783076615,-2.211346476340021,-0.48965768579692037,-0.6176338527112993,-4.053117556265042,0.588673747871154,-3.5230287630227077,-0.5883615824505245,0.32984444308647964,0.6382888540234051,-0.07861980546089217,0.6137478353790482,2.50501176696057,1.9114974816543875,-2.4132554685206076,3.323103237083321,0.7094657518108127,0.8015830030439256,-1.01754526876653,1.6489050009897288,0.5424584767835993,1.0491692360578126,2.8270228533736175,0.9438234576223097,2.4492545367568685,1.2700004617152028,1.5851075915704498,-2.2283226879742393,0.3239541222955853,-0.6083422286264447
-0.037030829288639794,-1.3799870169396835,-1.6222513413863666,-1.3784757069708695,0.7153384053187708,0.6771097691916828,-1.6649004072876366,0.8020992979815592,-0.16299044143428415,-0.659813941738594,-0.6052049532376088,-2.1883565035439223,-0.11052169492526595,-1.3909459806866464,0.8140624630662127,-0.5478716368157261,-1.410895179665025,-1.5437560758144537,0.3541723488186316,3.436009444602055,-0.31054615349579034,-1.7170544529174012,2.052608711470221,0.16464127290828556,1.1228242334635938,1.3185866737457448,1.0148270033516584,0.8184907694879572,2.0722938568352736,0.4206958301225445,-0.17481065018245298,-2.544869539605608,-1.0058269355089606,-0.5137361689093438
0.40225756260572726,-0.1679942979111731,-1.3624566344262206,-2.149492584531905,-0.49468575547419485,-0.08320037122080455,0.5718202900298103,-1.6263981691599736,-1.0269483887041602,-0.5083902130624389,-4.763639547655516,-1.9138921319850197,1.3328680229130117,-4.011987624564107,-2.4357988838592908,-0.029643128043506724,-0.22406049269795486,3.759455712151143,1.4174799915537766,-1.6177093390853037,-1.569003572345411,2.372657726444064,0.9342861964843578,1.521975309970796,0.6652767494926394,1.5867084702902008,1.3803769341044994,-0.0872208345086247,0.4895855171311347,-0.584683443480385,-3.1716735835071073,-1.9565365548280589,-1.2247245807918985,0.10466615534911604
0.7470999646216064,-0.31141554823302764,-1.1075006182515998,-1.2320197368586232,0.8989387091643593,-1.299541014130958,-0.8420723287835743,-0.4018143720432341,-4.767536569385322,-2.8047530973294834,-0.9120410696671495,-0.37284082558740644,1.9409925862708317,0.37407254027898146,-4.035130269382588,2.6192035993097025,0.38784411733476065,-0.06882374553112745,-1.1888964406646203,2.4050427741240017,0.8882645189878663,-3.088745317017668,-0.44003471868238136,-0.8130460337461167,0.1670844451586526,1.3804583174725424,2.8358807708800646,0.5486643964647525,-1.668682904804722,-1.1809269330147183,-4.1959137798427735,-1.5128706245064063,-1.150546420903579,-0.7347829385546462
1.8476271280939094,1.2737665423252076,0.5393201788809061,-0.3068885445119122,-0.9104141685437923,0.06091497264500049,-0.2822875862833087,-2.9334750115317045,-0.8998444124999808,-1.7761546068668466,-2.535366641926385,-0.30449119057629587,1.1453811660786224,-1.8963968231497401,-0.7518533936961433,-3.9572319343870546,2.497925621734724,0.22690232790612924,-0.8933444884470189,-0.5747392475391917,1.7773324632816707,1.546882199213971,-3.3054935405491688,-0.9351059655768582,0.1625732129211157,0.5292480133866748,-0.8824301558351754,-1.2553576868242897,-0.3688157192001992,-4.460374719040346,-4.231998939239372,-2.6446935311158666,-1.4172182698795706,-0.41532987185895537
1.6632736061907691,1.6432831926680866,1.2687771920715165,0.48542800948148257,-0.6377856577381713,1.0592821535581138,-1.4532735513773871,-0.04644354361817966,-1.0308495389537191,-1.5591042024089252,-2.6600584853065006,-2.9150400803344363,-1.5729053570756366,-3.0963590413087103,4.2193494961791975,-8.085377834538678,0.19153136178625405,1.9372904783478895,1.1381849144394016,-1.1349171227961692,-0.9576735633898914,1.5669498027315645,-0.622967841817079,0.2994438264943757,-0.8637236305072952,-0.40970713555386695,-1.9335527695956922,0.5866228796360317,-1.125405095007328,-5.582116859344106,-4.7651102991129335,-4.006751713944525,-0.9731706515163663,0.6108874837870515
1.0252111108085111,2.824891612445948,1.1851689961029122,0.9458963015492807,0.13896367418043604,-0.1661932103772949,-2.854859941822344,-2.698534885979371,0.6002198705525857,-2.412682698631647,-2.732268024475375,-1.9246350755589583,-0.11822066557640432,2.7634943081213996,1.4805207682315693,2.985612863461361,-2.6078433299592425,-0.23290769848719745,-0.876393153796589,-0.83711115403193,-1.1821427324899472,0.4942640854860615,-1.0210582593393778,-2.010920156334777,-1.9167006557544275,-2.2526580568196577,-1.6042947040291238,-0.3108385027144262,-1.5007816474130125,-6.500825923733269,-4.822187786326705,-3.3639671822463977,-1.10337843483131,1.898416218180062
0.8895170968724501,3.0198218886130483,0.3759042574478272,1.4849989120361011,0.43017701970903627,-0.48611609543246914,-0.7994835799769249,0.7769716695554505,-4.024988706649854,-1.8458661860920724,1.8123842754161714,-4.557720691257832,-1.1935782166760387,-1.1284593597773884,-0.6013849913554224,-0.7098951296658481,2.992321357205591,-0.5922527866141425,-1.6933644172164772,-2.217963020743754,-2.9549774801969937,-0.8379858254844055,-1.712842250876267,-1.993371767360971,-1.180877344391505,-1.5329972214382828,-2.824122295749319,0.16542253617099506,-2.1449443150385252,-4.141795291440253,-5.536829398329099,-3.406781486067661,-1.5673713327471046,0.7451558975316966
1.9400608334819254,2.8641281788116433,2.310956641066279,1.1791899256247613,0.4203765797680684,0.268294892001842,-0.7927387165963126,-0.34962807107085364,-1.1439666486501445,-3.2635342591278236,-2.147751580560726,-1.163867362065837,-2.5519198599274833,-5.20888161242741,3.2904558591214483,-2.5906794483277036,0.8507237863446175,1.1790058789641336,1.8416798780224266,-0.9286163625114222,-1.1670947472641018,-1.883717325540333,-1.226838564149298,-0.33075995287444104,-1.0607170357817834,-2.358021357812763,-2.6603115607729437,-1.013148227372553,-1.9615122583861402,-0.8241455036323148,-2.446707789405169,-5.097807003109706,-2.381442038367428,-1.3252105333470345
2.341982952158707,2.7644348924467277,2.3856417655200546,0.555188863678471,0.5945811164528252,0.8787289222408354,0.6548004311303717,-1.7206470979118926,-5.468205990600509,-0.7716557670552572,-0.46847571958347284,-0.7397759605751079,0.8607045005430297,-2.7242333241277947,-0.5180251893005595,-0.7167507461400627,-0.5251554571761187,0.0709660605461354,0.1334637770125465,0.6599273735629912,-0.2724232842069653,0.4434733656533605,-2.095902024029416,0.42682330548019837,-0.6649979581901424,-0.7470373617566204,-1.6461733832682197,0.19797011903106035,-0.6337212976489915,-1.0335906652034568,-3.0845198074412155,-2.728025700820143,-3.7597345224362377,0.03895993439073891
3.3057096984258676,3.530857370659145,3.517477640382322,0.88278239244223,0.9021684323988595,0.5700234885050436,0.1519922532651927,-0.010022028529379027,-5.845009151715857,0.25477636517227914,-0.36137124024436107,-2.457289521274472,-1.4840324888792638,0.24200373903499475,0.4092618890401293,-1.111189865001266,-0.9488438301054957,0.27425698533206805,0.596673719892316,0.41896936055588274,0.3400713722964536,-0.8155834990903211,2.233894265444291,0.7739747733811239,-0.49915608339483236,0.8305707112694596,0.1227199009540992,-0.4596502440592257,2.974207130654395,1.3518027410825646,0.49109144225223195,-3.266112253306437,-5.538379907881957,-2.335477814060623
2.0699284006266425,3.660705412376959,3.500602651683956,2.4097994969732355,0.6613227434850614,2.9905088541922997,0.7942062867746851,-1.1166039614341465,-4.878153095133178,1.9225479448246714,1.0827771440163607,-1.3312427689823674,1.612851996892894,1.1436011030390572,1.379382009272149,0.504642999146185,-2.229267820278885,-1.0570462847049433,0.4035403041748809,0.4519773258978608,-0.12925445616996759,-0.2543150566910366,1.7158301173402468,0.8345886968334656,1.8506931169780672,-0.13647468451181485,-1.5453372999057806,-1.6085598781725494,0.4365178012884352,0.9142915846671456,0.38694825405533717,1.0048591445730137,-0.25800124184247153,-1.045570111519806
1.2504627788022173,2.3472149028715013,3.069612091747749,2.9588316343886203,2.2365755566174146,0.7917860476480155,-1.6012941295448,0.10792836226980107,-3.8936884014311626,-8.76786179352459,0.8321978251615527,-3.8862910969772684,0.6426473153943553,-2.2560237929631404,0.5508773070159273,-0.40332981402238743,-2.2863966925022843,-0.6346607447505196,-1.5491606709249661,-0.08810139799764828,0.7663112122923056,0.1828461284002426,0.5333641296391592,0.10885058527138912,2.3469631415818513,3.4629124679630126,0.3007342045885658,0.1765917258552917,-1.012751503490783,0.47302107202328036,1.0602552661503535,1.4089674701159758,3.6213945989698146,0.7044039215405751
1.4871727035601279,2.331301198561053,2.587312794767778,4.582426444528756,1.7027534020640527,1.7887023845504098,0.8683452705902415,-0.24574094525650303,-8.56495002500626,-2.733711040352148,1.020323093535212,0.04742734590905123,-0.22094486149727094,-0.7969529000721899,-0.8437107101205946,1.2362549271936918,-0.5951611919597044,0.9776544970835634,-1.1356962622600124,0.13919368680615055,0.7735886186459308,0.8610256905562115,0.205715406688472,1.2695649440916177,2.7445221631239556,3.5061148745446977,3.80350247326994,-0.48578556979206533,1.0972924258304475,0.8918176227449995,0.627963347783827,1.0445189560387702,3.158578233813878,3.335346956522973
0.6277816921537757,1.782979965317559,2.3995060084794098,3.38156344229406,2.4742192618873466,1.3794448722219725,1.3638967153461847,-0.06144686108933036,-5.4799816837529765,1.2881270785447936,1.2251867783906627,2.1862921887759588,0.3873930991688742,-2.1015250020361234,0.4698803883134406,-0.26606151946660683,0.7983402901287128,1.401756114278924,0.9033068752887453,0.5326333873332445,-0.3274592859829829,1.330655861172002,0.3778826962551812,1.748518225620211,2.406133958651185,3.655330253021444,2.4724127439365016,1.3424549634107135,-1.575229918954681,0.09811166865955893,0.09818334984305863,0.28561229581403536,0.8060713837668431,2.4891363339937578
