script/wind100m.json
{"header": {"parameterCategory": 2, "parameterNumber": 3, "lo1": 3.000054539987559, "la1": 64.9999836372058, "dx": 0.5, "dy": 0.25, "nx": 34, "ny": 52, "refTime": "2026-06-22T01:00:00.000Z"}, "data":
[rows 0 to 23 of 52, columns 0 to 33 of 34]
-1.1523534640540394,-0.4945214204004098,-0.3827636040274491,-0.20394771447278784,0.05811583793402345,0.23000940121815577,0.6062941184462171,0.9013563959072244,1.2826585656326788,1.548848263071989,1.9627961423646854,2.573032776347135,3.0762540274439467,3.5800697258240723,4.49403704824571,3.505989608469801,3.422913801914136,4.088631314427902,3.3062867188968266,5.383206264251459,-0.15060939097528905,1.3576557660588675,0.2707049306126063,2.7533366259678433,1.4581725201122893,2.3227618000544608,1.3583410092231465,0.13557341404612672,2.0390814338706265,2.2935272205349726,2.184241575463112,1.723396530511072,3.05901306702125,3.321487895343635
-0.7264929447930852,-0.6154137888065261,-0.6559094800932245,-0.7321118672817436,-0.34869069492803084,-0.007432201821529645,0.32306383362235924,0.5660983180837794,0.7420103661092586,1.233108880777255,2.036053455907074,2.0237146541324593,1.7453479289797975,2.0869730799739328,2.3912643894507966,2.650286102466485,2.488291308058857,3.4775866226922014,3.2782795347533553,1.471401381690777,2.0735753184863004,0.9438708787201523,1.135268104507314,-1.2124056559529122,-0.48340653896975383,0.2196065192314376,0.23660920473741118,1.1820516863507609,3.21876761458337,3.438528093424453,2.3268228280620873,2.361653735078445,2.134763263568851,2.4235390200957467
-0.7062436853789336,-0.5029528147140351,-0.25386910358797127,-0.18185164951869207,-0.06254729362168505,-0.23907070742915065,-0.030738737079494767,-0.0066566730161298215,0.36795810138924295,0.6773128166448554,1.0292298207236277,1.2467038037567726,1.3200400386500875,1.1786395981145537,1.844889138932182,2.911496750632311,1.7749914811005205,1.066886563058427,2.407323724283266,1.9507337646154594,1.0772368220904576,1.6224310021304718,-0.919163104312923,-0.4577599711267109,-1.355081818126487,-0.9200666090382873,-1.2615126760978206,1.0012753437547242,1.7059636801062277,3.5837807620349555,3.448833325583256,2.149621833113552,2.600792055067641,1.457766485328871
-0.46110096229128017,-0.32408274658014835,-0.20096604488437889,-0.010199760695139224,-0.012368116305427272,0.0747305491187489,0.40943488931718136,0.37064477053494466,0.2261546623513666,0.4395877327015072,0.5846947328387486,0.6821117592182138,0.9743508935669687,1.2328696023831536,1.2180487825349127,0.9737993058833823,-0.42503240907949513,1.007491778507064,-0.5250022501279195,2.8591907633530353,3.1316312350510245,1.41762700850521,1.356541830653995,-0.913145169482388,-1.0416818587315102,-1.0169224633109444,1.4784051334973642,2.523939108507998,3.311520089310403,2.307842905382835,2.1495214450841686,2.643078934019435,1.4741392739866124,0.560012762528712
-0.2440385099021119,-0.22760842374376092,0.013592368263112952,0.07453389393379267,-0.0029243095636144103,0.0040730878210985776,0.05948635790679305,0.10625280675087459,0.3451871058551496,0.7464207139478596,0.8015895708668593,0.8032914936953776,0.6342414497877085,0.25067853815759095,-0.03699947927764596,0.966319317890287,-0.7958019803416175,1.749359386379202,4.25656010486298,2.1313473734236084,3.784893891545328,2.5068308423086716,0.2193099330400145,1.04023741882486,2.0192484559628987,2.4851310727141724,2.5930218066508037,2.5784039747855916,2.183824039278967,2.893478082977421,0.5801897442337599,0.09920942724012012,2.043919855251795,1.453852199068296
-0.4334576066967722,-0.09262274837030961,0.11917656699547229,-0.10823510544559464,0.09036449666324325,0.33247531785427187,0.04796615646089465,0.41181021946787705,0.5728828310093813,0.7377248688169518,0.4907221740467349,0.6523962387241716,0.18982879547883433,0.2944162785515838,0.5681479909031095,1.248625526652371,5.494853132539066,4.560602962045551,3.9457827317957532,1.9144601393962135,2.373726147554491,1.3723186757048507,2.39879207792964,2.2743501937342323,1.9062726238045293,3.291611433451878,1.8211893044005123,0.7963289999148199,1.510176133794925,-0.1988883304890182,1.918750509265764,1.4767190354268953,0.11789128260377711,-0.5418805631840096
-0.506443592056637,-0.32066648936734526,0.30225451836052014,0.020400750091528808,0.11489659428892923,0.5861234265851519,0.32651381373154065,-0.46187595608734217,0.06658785982748858,0.3912329270647802,1.2253137279513726,1.4176771893899203,3.776916618788278,4.6000073676831965,3.241806244529007,4.879716155307776,4.211922679812181,6.068823515271987,4.431149118341539,2.806561767324827,2.9076237356301284,2.565433257959836,1.3115427210164714,1.9262416629288912,1.3502255496644457,0.6431735091732059,2.0991548748993707,0.2853432567664429,0.6912937090784267,-0.7175364076431076,1.092378592541002,1.13383793009663,-0.7990748366140846,-0.8224427379385914
-0.1628713358750425,-0.40024808105057513,-0.16097282415117883,0.10279709275258221,-0.8943217985506876,-0.5131759521301583,0.2470769981196561,0.7978151548273001,7.484609003211979,5.083285378702977,6.888467844109457,2.49955588091209,4.504667473987521,3.1552607555752776,3.4080073827034747,5.7823271052498475,3.279306885925928,3.7874404732354163,3.263999793308087,2.0107451291238325,1.11214824363844,1.3645711502645739,-0.23058781200323825,-0.12237313766098515,-0.14406669250107226,0.8395315850142482,-0.5964137816251749,0.6162885072282251,2.172990698201916,-0.22042209733010884,-0.12372414941441237,-0.6276502033662605,-0.9994659010278676,-0.7722818321559548
0.40110745181290847,1.6218790091849522,2.3413750555626436,2.590143832388207,1.1676922920920252,4.345298808072721,3.9900949658031295,5.538803468547229,6.644286030346892,4.61820694855226,5.147828675939657,2.6928521252040367,3.913673865365889,2.3573449930653596,1.4074725920922515,0.35400531538869534,2.3794302097831395,3.8420107484631734,2.4240763045061766,-0.3076188362446668,-2.680064287829166,-1.0205009990127645,0.8530964914102027,-0.4758251959905893,0.3089841394280389,0.03444114341711346,2.211845162913464,-0.056513013407756045,-0.02746735063820537,0.8098245001179769,-2.6492620816531733,-2.739874718488325,-2.391526543368932,-3.2715666394573772
2.2590223350893823,1.8205400543016121,0.9597556391229403,2.161977473946004,3.166169815583453,3.383318707478146,4.143009346881959,3.7667067983471285,5.297245982084153,4.6425096504605206,2.1193512342976564,3.5008966385507514,0.7110252918504176,3.2277775003558102,3.469362873051795,2.923247874043346,2.7682996571445107,-2.3313826023615354,-1.356283119871471,-1.6129476593082492,-1.2465096676249274,-1.0951597838486882,-0.38324340776918775,1.2948197105014132,0.0667093214631895,-1.121490076361662,-1.5136767739632728,-1.3721511912763902,-3.1973213046173443,-1.6537435785927042,-1.3607092403974752,-3.1915265147610365,-5.04512888728028,-6.336529274409958
0.21078168112827111,0.9509026008121724,0.09373342221745562,2.158481069868133,3.3836646989171166,4.032379519750709,5.081670489223437,3.2995304353615906,7.687749841482211,4.976305521930123,2.898811917315467,2.737553820635786,3.978861397128861,0.25168609349424603,0.17819929979591123,-1.1077766689358264,-0.23310784028355347,-1.796518122438485,-6.8068011052104715,-2.2689960584915387,-3.0110737744154603,-1.4637951833742524,-3.491611261521159,-3.118766266130505,-3.1826681743292773,-1.2349407920710038,0.05121081286053148,-4.5760253008661556,-3.0059277982391297,-3.6743334641898326,-2.1312678022037015,-2.301938977664276,-6.526023208489559,-7.785108990229795
1.2801816040472889,2.1281873177641173,2.273435555302595,3.7470253865447964,4.337767255345892,4.2336400333875694,5.884436778427561,0.7468777604685143,5.990357737464967,5.505023823016669,2.215455377175978,0.21192435681341326,0.7687154527225107,-0.07003940452696761,0.011506857975141884,-0.15793685233890978,-0.37096627389190906,-4.158351862165762,-3.6088491493992034,-4.417186741521239,-2.225973811841461,-3.7085758124093036,-2.8729126532871163,-2.6769613374242636,-1.5958722730539678,-3.012013369956678,-3.7786410364876017,-4.756932694393124,-2.8991927648479505,-4.08024176447397,-5.204508981436324,-3.849820229090097,-6.962069806588488,-8.322751767380728
2.9788582454166606,2.3521989184388015,3.2517774816657803,3.7253310933596184,3.750845736500236,2.63150199574168,3.3966436772894344,2.587048894612502,3.377789004232543,1.7040710545785054,-4.009933239198409,1.4877063701394588,-2.2695141626238464,0.7885329829524782,-3.1532038054592335,-1.6108374040797622,-4.647481860064726,-3.3261190706243773,-2.271039243995305,-2.560591521937567,-3.5042033306468108,-3.084720547449037,-3.59729303710801,-3.5440710749647404,-5.458418813182054,-4.924063784328198,-0.20264548448562936,-4.3997081512630825,-2.193188263703922,-1.9312972776137272,-2.2411445602752913,-4.85070335349934,-6.4223638498050075,-8.999918452122882
1.0255538267947457,1.7729227179176252,3.381760158540749,2.5678945119951027,3.5406454523541107,4.635396616981391,5.240001525763061,3.092633038378248,4.130374356922324,4.412387656550242,3.3069183527643005,4.688869539719288,-3.054021519660452,-2.5900400978784366,-3.7548855478366554,-1.4233528064643188,-5.411828798331141,-2.187015481910654,-5.0833994916807965,-3.4208910727388995,-2.27667692951653,-4.748136137327118,-3.977260650329258,-6.2827345310107345,-5.135913596247015,-1.3893552649157812,-0.9851463085687653,-1.2724567965688007,-3.720714706759943,-2.8640033762055053,-2.8838850881474296,-4.039595164007392,-8.199317802968599,-7.469791243400994
2.3312671830687313,1.2844435248421033,1.379108403371184,1.756909159063149,2.338490113229051,1.7634023383034705,0.3367436540874732,2.8094920350822683,-0.8487094347152928,1.9832898938173178,1.821387537151986,-0.9496634070790704,-1.3908965792482866,1.3558724819910022,-5.836672892095836,-7.775882209142857,-3.3225783169384986,-5.285219846457345,-5.9795342889775025,-4.611674225159268,-6.394068465394442,-4.4565587016595885,-6.269440566806908,-6.041040609375825,-4.50385438386733,-0.6623572310654491,-1.7699834882957062,-1.6534665712824552,-2.835075420147886,-2.9582358975271603,-3.1163179038195445,-5.840519136440029,-6.9406725780795755,-6.362270517996394
0.6028529345661052,1.0189982034024794,1.4135829464402443,1.0258546444892649,1.974960625639435,1.1604059701755165,-0.2712835642794271,0.026530968485330715,0.12631393148919565,0.723393368916564,-0.29608991573234206,-1.780245753312972,-1.3377081154667927,-2.081505393132257,-1.439943293081786,-3.567402508354122,-7.7541641375424115,-5.835989296526601,-7.554614759611735,-5.847897466046585,-5.255230963440838,-6.078112832877274,-2.2667781769885216,-2.941669411385364,-3.3533673319654946,-2.1367686614676753,-0.9096841810111841,-0.9070630715573021,-1.9987004541287052,-2.7804990024707585,-3.7547980447118374,-4.66636498895237,-7.240541103429647,-5.205072486894115
0.8176803671364306,0.4170220909013402,-0.1044056962870958,0.119865498720216,2.032255610291234,2.4820849866408947,1.6879950677327586,3.2696849007483126,2.0326814885586875,2.345112316786456,-1.0102648853331313,-6.036275695768373,-0.8548809215263328,-3.537992938065363,-1.0396765114934605,-3.043367966420693,-2.5939810355869075,-4.77340404078603,-3.973331095907155,-2.500723256183416,-6.428577648792813,-7.426977833594319,-4.300180297062608,-3.309010313523463,-1.956177996846587,-0.4301352516706512,-1.4855197649442562,-1.784555620724898,-2.7479072015954404,-4.555052091859667,-3.5550656324888856,-5.203937036769499,-6.331318670481248,-6.1943236452983275
-1.828505937224338,-2.3915995635470373,-0.4476124884799558,-0.3418849989047551,0.5239424162497451,1.1995824175442027,1.7903049456803521,2.2984634307775016,0.7241711028670451,-1.0091463959772482,-4.057173418329715,-7.086726577393143,1.1870748354484382,-3.447324907281025,-2.753546197038157,-1.620524049164398,-2.7316276659234546,-0.0681370128767779,-4.115694626924907,-1.8757753662047005,-6.496264528013486,-4.526834655157711,-5.368959309219481,-4.637811225567598,-0.9939946014810058,-1.4261393013647534,-1.6188067209094401,-3.679808878273178,-3.8115019460680957,-2.088321877489873,-2.946723403037512,-5.182290986874241,-6.227022171972304,-6.169951585668687
0.6444878562179462,0.7587349779118189,1.7498271884873122,-0.06403600585129444,0.025967159592439615,1.1903607913169227,0.26840547867436443,0.22681564621108688,-1.975051384889481,-2.3600393350394535,-0.6702440722450232,-1.5383940255973219,-1.5207026380595816,-2.202237601142618,-4.275790264449876,-2.2425130649217344,-4.417844213928752,-5.545923330858644,-3.2892904144593347,-4.467564735158934,-5.037630880779004,-4.570668324249992,-3.5385332368359617,-2.4823099136517546,-0.08990008675189899,-2.225797171901534,-2.0374680976073782,-2.6235576275515826,-2.421338106750886,-2.643640057329649,-3.645805486871998,-4.623118709917265,-4.837780133944436,-4.1844982391832115
-0.03280492262648914,-0.040526211303965595,0.5183144638517616,0.11276978145393411,-0.503229362547469,-0.3110353925532388,-1.0022397242144512,-1.352638375151274,-1.6310475845537045,-3.457796189720933,-3.003659762219052,-6.511503767563592,-4.3311172852740825,-10.60028674863078,-3.238213353441686,-5.403651658553733,-4.86568799731308,-3.3499796344997357,-2.9153443390455918,-3.874641947291366,-5.459597384521517,-3.824556240040918,-2.9393269496716656,-1.6441848778672736,-1.8577294193807576,-4.158504622140673,-2.5340065424235414,-3.3358449919955593,-3.641957201606623,-4.416260376413784,-4.677479903625083,-3.208882672996295,-3.6056781864625203,-2.02717095067479
-0.646722664549767,-0.886615468863046,-1.2208433857753707,-0.9770677713446287,-1.3225433263155195,-0.03545694141014853,-0.11231550141857032,1.4009932385519135,-2.428378499939578,-4.949423334529618,-3.9443648615152163,-5.150527137374765,-3.119549935989779,-2.577313999228228,-0.10845261806332251,-5.374671565970813,-5.206977315203875,-5.627331571433638,-6.526210509422212,-5.447449877473307,-4.21308524479334,-2.6371633105932757,-3.1309407313373296,-2.918109029712494,-3.4563676811606747,-3.475246849932731,-4.371614406279847,-5.18714682275518,-5.134034479182768,-5.379233796619053,-5.257762795883888,-1.453455000223499,-1.8870247304192098,-3.116425672946881
-0.45976815724574155,-0.5231720990116745,-1.5802001146652753,-2.0835259424675825,-2.1788407127816902,-1.1748705411330864,-0.4838270044393871,-1.3189379948508988,-4.494704495579536,-2.0526776944448835,-5.66607490585082,-9.282045049260319,-6.357989993583575,-5.8265954076813955,-0.308068951712756,-4.903512931803755,-5.89805998006753,-6.2063236416509175,-6.036140439334672,-3.8985167748320486,-5.563511254533141,-4.086343257460435,-5.7256578593218865,-4.25663906119438,-3.982790418208839,-4.663753062830712,-4.232745400008344,-4.825086421839383,-6.705271988599165,-6.138321843507732,-6.127699689427239,-4.869670598936305,-2.5748938587724615,-5.42994109359359
-0.6976708685254777,-0.9717352570571456,-2.295345125307627,-2.8327662346419475,-3.262737088123617,-2.0554797459005205,-5.719196749853248,-2.0266047520283745,-6.0540313756500375,-7.333134813086988,-5.563875213879637,-10.223780480691454,-9.714323011541644,-3.401954536536407,-5.880164825527127,-6.406347729865458,-6.836331573682098,-6.74470189239664,-5.331003659756925,-4.621987730521692,-4.961583190015897,-5.6741761629741445,-6.803829021091587,-5.6184678297538895,-2.4063671437031617,-4.416859040674696,-3.5283976603300458,-2.808454211678254,-2.023561964044284,-2.7878014182817825,-3.235062090800639,-4.147238463287678,-4.355741872074614,-8.808434997352816
-0.6975886185671265,-1.2834779549061774,-2.7145301357771507,-3.273315798463762,-4.202120830102347,-3.8407255168400147,-4.735429252779555,-2.4509593365046136,-6.8647733150617585,-4.106260800867976,-3.79321379940916,-3.787860726618055,-3.684911462688936,-6.194318504934694,-6.394966659792274,-6.8118654302377335,-7.014075030959941,-7.130945242445082,-5.1610080868771115,-6.035587005039693,-6.463480477599613,-5.953375995160573,-5.68734106426817,-2.8806108196107716,-2.818182696887409,-0.4920182682632905,-1.7748560574503565,-1.71056976581539,-1.8747527117312663,-1.5067650422688845,-1.7856412212760802,-2.5844308880303095,-4.227308599698872,-4.936831980175421
