script/wind10m.json
{"header": {"parameterCategory": 2, "parameterNumber": 3, "lo1": 6.000198445256149, "la1": 58.999992894266676, "dx": 0.5, "dy": 0.25, "nx": 22, "ny": 24, "refTime": "2024-01-31T08:00:00.000Z"}, "data":
[rows 0 to 23 of 24, columns 0 to 21 of 22]
5.08496414449122,7.1876020407886765,4.946880828070131,3.10990480746389,1.8610588667902803,0.24525345175027408,0.8157705064485934,0.2500977616319413,1.4788636739263863,2.9071386348192036,2.6220285666637193,1.8463881172706982,2.0188344900896484,1.2719398229500474,3.640819677624468,4.270530157718177,3.3094286523219933,1.1550447025528945,1.089918170512873,0.8804900232494461,0.6427087542881269,0.0806153487838762
5.215433385130476,5.008416833042995,3.815202342766052,2.2072612184421745,1.612975907409795,0.5494835696518895,2.0927765210244056,3.603531385871477,6.055461955235616,5.703978032195525,2.753479400722242,1.236925690974037,2.077660730529786,2.3707495570756905,3.9982655108280594,4.260850931869454,1.285097859949602,1.1032676633790335,1.3380550839960492,0.8514842678545005,0.48170575350379086,0.152348744188045
4.34976920640439,2.67318122073409,2.1087659755340327,1.6502331726228878,1.9771669845600721,1.5033518840694016,4.9959264059306845,4.775096672812338,5.908837404372491,4.195032022762463,3.5797570051998475,0.9519553124040694,1.5886357817309122,3.7096869829472903,3.0768610889322807,2.914396927946016,1.109869195418135,0.6904339419266969,0.7832703090003722,0.09409943600916158,0.36554878303039673,0.2648994444608468
5.775737888794402,3.8402928935073306,1.6268207668293848,1.53218425186762,1.4453233706698836,2.964665382561915,4.886932294248515,4.044881451410389,3.8438196544890375,3.5620949603196657,3.1253926696372694,0.8832627391282707,1.897291116485719,2.248779211274937,3.4012803767691766,2.2067077442903367,1.3056471547162765,2.0014096800118457,0.3162860442709284,0.31286624486265824,-0.6620151979350674,-0.576178904583447
6.588869966165247,5.421698805335912,3.7965138258114717,4.08183124193629,4.4904306113547126,3.797982155153796,3.709119836760606,3.0835727610915016,3.295359096308833,2.288243548245097,1.599287655962371,0.7932184941410076,0.9297309219130638,2.288798087952799,1.8420501263042637,1.6525698166216134,0.53566892770714,1.047098363797368,0.3680067106675675,-0.4597865370556596,-0.5938870238136452,-0.7732500388910514
7.091157659285337,6.212596220699236,5.2310378643058035,5.685075251665047,5.5209473600460095,4.677212388096721,3.3718939103809786,2.1051149835798117,2.4703085537941822,1.8973817188894726,0.8036392252534651,0.19254646169353168,0.8794058700537073,1.3436160933066659,1.699642833862351,1.2348023278246636,1.0804541845973594,0.5736252213996202,0.12292255011329609,-0.4717873746454462,-1.0346031821474972,-0.618126930921323
7.5631548814725,6.026674141675469,5.365834201383798,5.514283893291551,4.85719910050504,4.028430397068436,2.64037499483281,2.2683865115293442,1.6372363654055841,1.56248675204221,1.2852204797239444,0.42995845885267053,0.08323822448955535,1.4278935278328366,0.51272847833016,0.5403363721614809,0.29764224832675695,0.11348958015796014,0.05548483416363425,-0.4746334136386531,-0.8948713374496682,-0.298961540121324
7.5705489917150635,6.081184380609726,5.323257477064723,5.033220432665409,5.5216627691137194,5.361733002327215,4.207279264424448,3.0633814776094024,1.2952020937693978,1.4078254800211514,1.401155370873012,1.274890090798571,0.7853333879464728,1.465821303132313,0.10610080915169351,0.2841075855159027,0.28677361732857437,-0.0029644154892516854,0.11061522667942177,-0.5508742411460192,-0.9471592134178097,-0.5178390232204279
7.495196497217603,6.829697612305966,5.868835326661604,5.7956724188037345,5.655518351097287,2.9253122452354945,3.546771895977506,2.5357818455212695,1.319514132577569,2.4976982651770934,2.934496535187689,2.9065624399698318,0.7277544408162093,-0.060913924890861976,-0.35021828899185325,0.06100063587379354,0.05070969924127882,-0.32391468161920683,-0.27894886939227814,-0.7006552632939409,-0.9769815211753317,-0.6171386906015641
7.910926914010963,7.231288243806866,6.142232157033052,6.375214145654187,6.282665207103847,4.358123903435998,3.143497500832466,2.1368474290281783,1.5698344292262907,2.1817009847438067,2.784193581158005,2.427643514942763,1.01696969576744,-0.228439612597409,-1.0041745412248677,-0.3819389609384346,-0.3151908461177495,-0.4999498763946902,-0.738917916038106,-0.9250933572561996,-0.8865208970269622,0.15380394549418758
7.712705120568316,7.390523688871874,6.714925524972961,6.640759934864746,5.507048813029458,3.719173909360655,3.1580370181904986,2.096081625408241,1.4010044373886175,2.130892688222118,2.71339239463357,2.48346000090134,1.0923111071738472,-0.8244700555597633,-0.5975401012527753,-1.353132960803888,-0.5056296456590248,-0.5460498388237695,-1.2513205990338385,-1.0338357371727034,-0.6432253648646649,0.7676209939483518
7.556558111764709,7.351532941370446,6.683821405164455,5.560937863971435,4.465091024570335,2.616920792687046,2.2883552075649325,1.897284445825183,1.1446654655192776,1.85930086651874,3.682018838452011,3.4759895529008817,2.1815180079665715,-0.03502500897638371,-1.9096021807242392,-1.59276151323734,-1.1417632301570668,-1.1643757937968153,-1.0411853012966965,-1.0551150382995367,-0.5559997112868333,2.7164877878677394
7.58067589336319,6.899484926412659,6.166964712916305,4.5280142444047,4.137785069131121,2.717458886417604,1.7933392865558326,1.0300721491218197,1.2266264815005472,3.6157460556060297,4.503522830436679,3.7551567428773827,1.1040327641046401,-1.5569762502001954,-2.699211559651892,-1.7734235943732195,-1.2993691785805883,-2.0581849195764943,-1.2365307942633956,-1.5160579594957737,0.32025391658955993,1.8805377338827107
7.4999076055555,6.851698177122334,5.986519366754059,5.120658882584761,4.762409707046409,2.4893152081967655,1.7450021607696289,0.9363367603381982,1.3374205866460298,3.866696668341544,3.6438460755691358,1.9143258470965014,0.7207423978881061,-1.1566276384826035,-1.5027108377169274,-1.4154448823852344,-1.3960766617687193,-1.4531933003278674,-0.31102660617670197,-1.6165156109900736,-2.1795724455130316,-0.32675845229421074
7.0510131944572105,6.6670169229110545,5.680165911081063,5.017757124287511,4.420902791274085,2.231943815637819,1.130414924254211,0.9985778181331738,1.719498486023227,2.4930499637242667,3.1516428381662056,1.2937088553386742,0.09813932107685326,-0.5215971495319878,-0.8276826846457452,-1.7005424787977739,-2.5501214889157593,-1.9777258383938336,0.07054247282147538,-2.5208169617564486,-2.923718045832574,0.2163463289928582
6.733074381478345,5.97175466738495,5.132995203660303,4.7510861821257695,4.783909283458702,2.589658679499729,0.5547095082067102,0.8702196833523127,1.2230499887225632,1.9580704657435761,1.805488835437868,0.7842206288164173,0.2008329372796285,-1.0459744862318812,-0.37223188341239716,-0.7749711264293653,-2.022805499054622,-1.8931984907892365,-0.5832747062433236,-2.462669180963666,-2.1968457154530494,0.4899581215396355
5.739736632633867,5.545395409062787,5.281032879192111,5.059204059649381,4.422570829932021,2.6319057892538185,0.9627654997096184,1.1605733850434756,1.1035493612699987,1.8819191617242383,1.2063645379396715,1.6385955767107498,0.21765971931249814,-0.1578979949332717,-0.5497290714614093,-1.1151547625898228,-2.167429108175198,-2.381848030666373,-1.395147802485866,-2.7392303470481036,-4.252665369270858,1.587957859343941
5.954549836524719,5.520489910364825,4.971361909769668,4.38651709730525,3.6740757099231875,1.6065058610806422,0.9906220484640897,1.0868933467621604,1.4716166083258782,1.8246452134600804,0.9825054711348301,0.7505074267432669,0.3019906625067047,-0.21171814043146853,-0.928785309285116,-0.5010255259400437,-1.0385658980222905,-0.7468427777699815,-1.7948078601265356,-2.6913378494177644,-1.127033285263741,2.3184495281096
5.588011449257774,5.031170586675308,4.66884428692621,4.0748524836805835,3.2700255371942615,2.5592584073926785,1.49656660409153,1.5050398486438723,2.2957583839883884,2.479606161812343,1.3823866940436222,1.1541074529175461,1.9329564574919231,0.7163943351512729,0.8121355950902901,-1.5247570947908078,-1.9116008447011588,-1.0180539715905117,-2.0432573342300664,-2.46208258506685,-1.474883121152903,2.9046708643687773
5.3488962778621,4.59184392154035,4.547185569711013,3.9088839488478735,3.227653249613208,2.2425862291022725,1.6487800545043023,1.7381381829888751,1.4324263618994617,1.1349540909673306,1.1091862290089505,2.6903394837361323,1.8450336350074408,-1.2011235296394172,-1.817051638922514,-1.5566898407568392,-0.15866779236313486,0.21969859420242668,-0.09912742545872073,-1.1844787145486348,1.0074355147611609,0.9828623064608453
4.787122786655669,4.214325320316632,3.6858747668970437,3.4824066284538904,3.509803196701376,2.5474389064876255,1.2907472330829728,1.1494647474345885,1.1670035663108256,1.1727015252773827,2.7174089875400345,1.0968147771516652,-0.6803879799203186,-1.412872203377703,-1.8231131626727861,-2.24717579405524,-1.1579316463942906,0.3071090013870921,-0.19110040397130118,-1.1458169459573624,-0.20132191946867378,0.010984834609916545
4.606168890426478,4.13446605701432,5.243337927828685,3.679207729253642,3.8706663596552118,3.2797026290746625,1.9629275876203258,2.092856664999405,1.803144875325516,1.5593630310383326,1.0067247273112514,0.7342665153458127,-0.7864741198211415,-1.570087024090534,-2.1507157373805894,-1.7801440928885086,-1.4851590073541971,-1.256886632275294,-0.5752990251984975,-0.8262874129049894,-0.38751452645366014,-0.2395327911200434
4.579924217282731,4.719003505917916,3.902596606480326,2.0456724505890818,1.7374574364421491,2.012771769900749,1.3425540505448557,1.8537150847493364,1.3291866648462929,1.0373583085643387,-0.17703899833833242,-0.9058599916209312,-1.4145840289971696,-1.324203512464714,-1.3339190919073438,-1.0192976161202019,-0.7378220423253692,-1.4383625385726273,-1.7138797921192168,-1.1296017338052096,-0.5417686364481741,-0.14746839562994699
2.520551067477645,2.422895498094864,1.8763400460338453,1.684877423447328,1.2879485439685503,1.4956835944758635,1.6017641811078909,1.968622198925914,1.1686242911375835,0.8938100203489971,0.5600962708427657,0.2647339220407233,-1.4477841011541703,-1.0367787527936432,-0.9859482924469224,-0.3772352941485664,-0.26834190067542185,0.009291642509857152,-0.5341051017796876,-0.5555877919647403,-0.26221375356410326,-0.09020176302384614
