script/wind50m.json
{"header": {"parameterCategory": 2, "parameterNumber": 2, "lo1": 6.000198445256149, "la1": 58.999992894266676, "dx": 0.5, "dy": 0.25, "nx": 22, "ny": 24, "refTime": "2024-04-05T09:00:00.000Z"}, "data":
[rows 0 to 23 of 24, columns 0 to 21 of 22]
4.583889115310961,4.425022076664624,2.8486654352391136,0.9902715470273946,0.7681907855673298,2.3564106429040472,7.57274487777175,9.745263639138418,2.4900098210676056,2.4459628213691604,6.273017932191916,0.37227574032415,5.011911476850923,0.2764367841708213,5.237712038962639,7.177882269628699,6.240480367006273,-0.4422576304453237,-10.348117062914959,-9.090420302747248,-4.4086355752272315,-2.1037052969329384
5.067910990303359,4.276860256560163,3.7586921028512195,0.9671806365898842,0.8555390437948996,1.2314311918283416,2.1618179852901607,2.1267434961896976,5.403111927005467,5.993312701245009,-2.8458744923601373,4.385407754623985,6.883311781383075,2.1649651996589823,5.215217818017214,6.539065528624824,-4.554507891151786,-9.496369339349966,3.5398660512595517,1.1128056917544582,0.2127454696941411,-2.8736366624777627
4.073064164877712,4.4242493720600455,3.7531990030734743,0.4812468384736591,-0.4141349309095707,9.514649620328258,0.7979677268144378,8.76138165669063,2.1811908279985266,0.20446318510498665,3.6396412723312825,5.671742341493807,-4.012881892651094,7.833129497343702,5.501381110901021,4.463120044856892,-2.3277598653073266,4.6230325390725,2.335881136890849,0.4775082741126846,-1.7472823826996542,-4.227616562451504
4.315475058688267,4.458802443570283,3.6762632699925457,-1.1506715340049536,9.27663028479451,6.416548902646194,-1.380615041824982,6.54633285501012,4.780258172526808,8.039264956898794,8.179264858615952,-5.873226761827963,2.3229283866103008,6.2029897544419,-1.0496021107387514,4.475556478533982,-6.458105089393665,4.0170655972437475,6.019515442081578,-8.976704425079555,-10.568977212752912,-0.5238207859678052
4.668703480742738,4.666259507741657,3.2581522011782336,5.750682055515529,5.810394062054324,6.679134145020048,2.1132085391768274,2.07000677592891,0.8225871215225864,-3.865892249403299,-3.9759279527032723,5.370351608631834,8.334986526459058,7.291716616426735,0.41198829755275435,5.525131060445321,-4.602832862947711,4.085809678472362,-6.0996757505328585,-0.5980583066530789,-1.9535600136489648,-2.7402001040830073
4.055266369835262,1.8989233823890135,3.2004388980767593,4.163096827080498,4.130528575886494,0.3373359243995222,0.974380449570377,9.673514208050662,6.128727471582838,4.490696880259243,7.381185054868173,5.588058291193178,4.534978327070621,-5.388091522426489,1.3632331022180089,5.6925852131620145,4.441599397603978,4.0086868793997095,2.402425411058717,0.7477583826116633,-6.593352848803202,-0.7880360923768576
4.7872019815176525,4.493872148459509,3.318255569031532,4.035668680430578,0.7946452667875404,8.523424262301802,7.931452260406763,1.5586858340157976,0.5612623667754081,1.853436473368031,10.16344574280543,-1.3692005802804195,-6.843893546378053,-1.298319110950248,1.1785431487395674,6.580841558775891,4.931034773482471,-6.0332537808378115,4.3748653081259095,-4.680101105512494,-1.028203466551906,-2.1582971866468657
4.023666534750387,4.8255825527647245,3.115207826871707,4.639988431063252,0.6816052585186094,5.353615145379595,2.563818029181629,2.1372868551129365,7.011477982367304,3.99003181702785,3.7420854224200086,-0.10181984881592154,-4.399764973048529,1.3871841748319382,0.9904372213409426,2.707041982304648,1.9161496441507373,-9.658437530015265,2.6253980528185377,0.8715533241289883,-1.4537117584675947,-3.3429975777102814
3.9541308959676322,4.758397035690848,3.1056325884273366,4.316790597569373,8.378716947351638,4.52208603803902,0.7191416367089886,7.656055537118493,0.49087775126777267,10.646382954524233,8.203666026115698,4.315197150310967,7.851270251687089,3.5350315986076133,3.083641694797448,4.402195255463545,4.173838883420051,-9.880303503687427,-2.8792478852629686,0.4918086900661893,-9.655856212331926,-3.104399653628692
4.112115386334229,0.5772119006773252,2.1112639088430862,2.6239410290397425,6.893834936813482,1.1997505457651365,7.665917123924317,0.8884149366844524,10.926880830741299,1.787005462261246,-5.47426921102667,4.040671273145037,5.1020088340933025,8.36826425938532,5.261712679857649,5.213953933891066,2.3881690884451685,4.658355206452708,-10.484537185852458,-0.9484418793878153,0.24871298285034849,-3.945499902722444
4.465874449040955,1.9078328718728734,1.2991433109525958,1.5636871424756287,4.543470481568728,8.372439050240889,2.2861336538217385,9.25541697563762,0.5266867867138664,7.994901235324917,3.6615317030229164,-6.340568491974196,6.359928226196679,6.128206766187224,4.949411725084616,5.766496627100447,5.909923461143684,1.809160834679007,3.561950918160119,-10.346937503277822,-2.606883363536939,-3.2963519238880292
4.387015718627135,1.5343157933109928,0.6235215908328182,0.7564509381936287,0.5570680810168628,2.874188963976091,1.1314824783863535,-1.1012856035246419,10.463385861583184,1.8173743705151644,8.10931450859568,4.391770950615983,-6.086072522630846,7.6911861643706185,4.7144963529929225,7.161549942280206,3.1465905904964364,4.24196279404281,4.766004797456345,1.4842282719131914,-1.4584305799988353,-2.079161073957977
4.864124283357355,2.062830009708286,2.1733719460311183,0.4603826028792924,0.43469860142944966,2.477652892167299,6.874598185302756,-2.5072797047328947,-0.9865724267152346,9.037598615502827,-5.392166813676487,4.006330890481618,0.3818367876417165,-5.797766739062153,4.596125688016724,6.301834783493462,-1.0991720542768466,-6.587339432159559,1.22259014678736,-2.39233606595866,-1.7325010969712347,-3.7687407533726534
4.683937417973223,2.8925074441782352,1.1251937308027107,-1.3761931370709442,-0.5915404727352027,0.3155403015088795,1.0646403487850091,2.098264735467927,10.183774421981038,-4.325531446304492,3.772717233102722,-5.412143652118657,5.2731307873480135,-2.9682354085163225,4.0131031051114805,5.752433703347962,0.6002000941633268,-8.017599127427514,-9.38132875809009,-9.02314587727242,-4.865834516402232,-2.4435274231361004
5.078238347372418,3.445760153818134,0.8164824899835406,4.982320421307567,8.487219326336575,9.62567377567801,-3.1662734275497875,1.956768339403052,-1.1792975913496269,4.643059420528482,7.731917722439969,-0.23409225771318676,5.741580894916823,0.6175618086933118,3.6533163583562693,6.060346536751556,-4.1966632402627075,3.077836298899578,1.7557568142753415,1.4375180285602738,1.1571442549193665,-1.9180842344155682
3.7911214977471457,3.874892759604673,1.2545847496862446,3.971024681311699,4.019457342749123,4.705579794034028,3.0953897086330806,7.896907827967992,10.516242156425825,2.809702718146739,1.222134049400978,4.32664246001208,-6.866453084242612,2.188345177042522,3.0902743759529545,6.921269802513568,-8.298834120936666,4.274453593310881,2.283564203759264,-0.5529461302963552,-3.0092284690746105,-4.289624511318235
4.874170252697532,1.7101391008334095,0.6348843298807363,4.071267302198245,0.5951260029954204,1.0248179181837709,1.031917498044554,0.6408299372755395,-0.4345816140830298,3.892534219341963,6.479489506573071,4.095342084186078,-1.5233577386146993,4.230517060918422,5.9030510932860185,5.194088880991951,5.920415259091743,2.969133924364448,2.290861460086707,-10.256855454757714,-1.6215510215096232,-1.8733464849397194
4.31523936884215,1.7317550019856978,0.29042687719547605,2.866070328474195,0.8382961602019767,7.806150265059236,1.0515966844090046,10.246506127148534,11.189671492549992,9.382236487561435,2.6590273300143714,-5.647798436530985,1.0711709616636116,8.212203725624908,5.314552037170861,0.4347992949222324,-4.137066519675402,5.803044382860345,-8.501577532419827,1.1627486534999163,-1.786668750120744,-4.306821493175904
4.582673274497585,1.036250334070719,4.285362294467946,1.5114988617206129,8.01069745483058,3.4323745141515003,-0.6602530655646616,2.221202782735865,-0.036532261242568954,-3.329700516983552,1.784368678601022,4.37985909385316,5.564350370964024,5.060413742358468,-5.72076575085467,-1.4956367601677705,5.18132868881105,-4.035233097991279,2.332981439515118,0.2639093732346868,-6.701120713975924,-0.7765838863457265
4.202729540610014,1.9766069220098546,4.720147636507659,1.0376470488676033,6.334560677109653,2.6008478744949173,2.0991941244955026,1.9621881191711803,10.22165503870382,5.614756035557604,6.323740057275393,4.740112721241277,5.066937982339044,7.045075208136458,-4.035080160676359,1.6573144563733337,1.4967702229540676,-9.694331462064621,2.305301964519587,-9.14487544936534,0.5425816269728746,-3.95752789416688
4.294345201161186,1.8192560899560983,4.439978599068628,0.4003856927955021,4.538659930065841,1.953717634557192,0.983632262822165,8.811569832086956,-0.3452102280171808,3.296944096613167,2.092209561309389,0.22113740486984618,-6.5984188050797625,-7.184684072048716,0.8468784916315433,-0.161780039546714,5.333595247394443,3.375762163051453,-4.046087122928861,-0.2110801893429478,-4.396188715198621,-0.5178369005605755
4.075074734035975,2.2604381609687407,4.214019853331511,-2.025577348297232,1.227271281033874,8.891233059545447,4.331438637677774,0.20614829956357056,11.521553136886704,6.714337275325168,1.7317492102202348,-2.8121664495194656,-0.6473991052684994,-5.422583683267512,1.1731169611347345,-1.8819908685245836,3.608214086921899,3.0320539642912347,-8.091137761551744,-1.5717841612572805,-10.290106923739863,-3.8430932108831635
4.096126850755396,2.5241711837760743,3.1536949089882373,3.914901671269282,0.03707263586919674,6.095347645651049,-0.2795568995289167,11.029027941574148,-1.562569170008247,3.2674454875205967,5.286210036827744,3.8920417205296833,2.4236994852410945,-1.408128518224323,1.5170317938843185,-4.702180865912562,4.224961642636767,2.3880719573515607,2.159765576399104,-7.683638095227906,-1.4698348334430862,-2.3073759904858937
4.039675626528027,2.696459034236413,1.4642516086025261,4.75361821880437,10.334974469891542,3.2408578626475113,9.769232519618132,1.7798983210405706,10.161899645915664,4.082308329369173,10.107632199103517,5.5785817679306025,5.078408768055494,4.32589889248912,1.6529810772628342,-1.7505301894429068,0.14680338486662275,0.3918515728855899,2.27477355385184,1.3445019289413869,-8.119491356214104,-2.20818429744672
