script/wind100m.json
{"header": {"parameterCategory": 2, "parameterNumber": 2, "lo1": 6.000198445256149, "la1": 58.999992894266676, "dx": 0.5, "dy": 0.25, "nx": 22, "ny": 24, "refTime": "2024-03-09T05:00:00.000Z"}, "data":
[rows 0 to 23 of 24, columns 0 to 21 of 22]
-13.467895019629802,-5.094586413056137,-9.523044144100531,-12.636700884986904,-13.3501273421542,-7.588595761371739,-11.177149951704898,-4.775725457698413,-7.320674066996073,-8.309581945062893,-6.128634008285008,-7.685683383985697,-3.6167391232945523,-6.947504608186612,-3.6183136605746435,-4.974955981533128,-5.448317069233456,-5.622626287531817,-7.111393305800656,-4.285284635016072,-11.130536852311252,-9.032925484000286
-8.60879161616054,-7.484174949856069,-3.6065342333146724,-10.177502759519761,-10.339943864859414,-11.938452013118019,-13.382818890877083,-10.976988105048283,-12.51871225989768,-11.449641512400257,-9.649921791617139,-7.754969908047732,-9.007418964211027,-8.995983028082081,-8.855118276947316,-11.06410782662161,-8.48556562538844,-6.456343226094492,-12.194894904155099,-3.978463866437297,-13.661026606458872,-9.45200117779798
-1.883062791013051,-6.060699562430658,-12.805174098379535,-8.426200068052468,-8.489935814597365,-15.672720232323242,-7.345883630002703,-6.302579122268547,-6.2333218752337425,-8.30818925723986,-8.200547729966818,-10.832278699764137,-8.020190554747364,-5.105467222071579,-4.34548786732965,-5.155549668885313,-9.661803371087736,-5.587818811509852,-3.5023805789146483,-5.6084225974143,-10.33781458605179,-7.162654162170747
-9.816292378328505,-9.080643215889532,-9.951367666610738,-6.89262573162594,-7.312652854861443,-10.590273783543612,-11.549105331886167,-10.682668556106218,-9.374935160053866,-13.710773189422783,-15.904472031738445,-9.559572409507725,-12.624741645794675,-7.570368121376406,-9.14389966401345,-4.666105839141605,-9.211230314180606,-6.318021143935123,-7.3092237589508935,-7.6800242377704535,-8.24115707483254,-7.423971977422942
-8.562802669509614,-9.359322815610096,-5.2069466019677995,-5.261050094616677,-12.50000390922544,-9.686857667132296,-8.981816382123732,-7.944887522258178,-9.225798604002502,-9.175606300737616,-8.905590076786478,-5.747399139452753,-9.384913071307889,-10.11065887133109,-7.053362236816175,-12.150294229306366,-7.745616698149846,-8.182099709456129,-8.573712196645625,-7.437814746550989,-12.412901456861356,-9.687359321958262
-11.138991932186013,-9.80071689202292,-12.882283108622467,-11.18225193779845,-9.150249785405133,-11.483991781056021,-7.588058543105341,-8.664614404559211,-4.865268096645696,-8.834869316100459,-7.695568224245119,-4.392272682725971,-9.335948876433976,-9.089031419849524,-8.461039147891448,-8.442693695131219,-8.953456571880706,-9.196178123909299,-16.670613485519173,-8.984264500726027,-9.086131911315984,-8.545574686543311
-6.058902178630268,-8.51196245402621,-6.888859843853595,-12.01440477528017,-9.641609219566595,-7.785267992734096,-8.932007587366876,-11.299493975804937,-9.214624030512454,-4.685347068320121,-9.612816460989995,-6.9540240011954575,-6.769261457802531,-9.084451329456442,-13.540535749689045,-10.323906238207261,-3.88568243126739,-8.537832206751188,-12.520575398559265,-11.273246017575946,-16.85902479960276,-10.519191273718633
-9.400548274039847,-8.400385790345887,-9.412261892622649,-6.902851469401982,-9.543352539874938,-4.048794154885874,-12.763748137256067,-4.714341316752982,-8.603278040108597,-5.704840471877988,-7.794008624486085,-11.775388506052694,-9.606527002845235,-7.3233466805563525,-7.673757373466541,-5.697730337154488,-7.835135964166236,-8.505320813696333,-13.557403595661643,-7.90847682969285,-13.111027465442264,-7.000816472587854
-8.736299148974526,-7.361895521715049,-5.847582712194285,-12.202214187463943,-4.258439819422155,-8.807325853064441,-6.058586953213538,-3.301259584424391,-10.284261066679003,-12.680093560607064,-12.006874675502697,-3.512389474649712,-7.88096051474928,-10.849723675533864,-9.783714826563987,-4.997933063505227,-7.791985693422199,-7.361381367010441,-9.391795224597807,-9.021133868467638,-7.217941382722257,-9.151408073645843
-2.4991999961684233,-13.118466110000586,-13.236103345142842,-10.030561573780924,-7.066559522395622,-6.934075670552974,-5.040909735178006,-11.88614657248197,-8.981877219313962,-13.42542557784526,-8.485213454594058,-6.478623149027003,-4.416434988700098,-9.523364929020431,-12.180505893620015,-12.315778363634026,-8.645321333315442,-3.3538690383518164,-7.3642392385147435,-8.749631005866753,-8.213400312540038,-7.389795854199648
-11.952761403848125,-9.563207427019663,-9.22898833784648,-7.5425920995720395,-4.8443874922899886,-9.38590493060435,-12.590042138386993,-7.104746725119846,-7.393817652841939,-13.036283502223421,-4.945200261991132,-8.196851576495508,-4.8437715892238815,-7.275937649304988,-4.089752583718521,-7.438662998657283,-12.07349225659899,-9.184799661750436,-7.607865900223428,-6.734329885976575,-8.826248349667177,-8.530972500301301
-6.873561973309349,-7.384236242052418,-9.053252349575036,-10.756572755771046,-12.735691165084852,-9.687946235417396,-8.295117293110886,-8.38788335362263,-9.476147668372224,-5.628694526610121,-1.9026773995690212,-4.862459928490177,-7.982979197574725,-12.408776759516288,-4.959706799393035,-5.833330886843641,-9.644787038952048,-7.9267386727880265,-10.709830750629951,-7.989842569017368,-9.072486839205638,-10.937183001808346
-8.684733462772853,-13.540441780543958,-11.660411546219681,-7.6572563915502085,-11.318138172822183,-5.844831211033789,-2.7768398080379475,-7.16029194641899,-7.479080474918348,-5.111785510463548,-8.40576319671291,-6.611974895340753,-11.825044653204012,-7.4206322050156475,-6.066515703607554,-8.157106206031026,-8.118778180612477,-7.795892927471998,-10.869583498679118,-12.313584212873613,-13.057968702663084,-8.103965352392779
-6.854648832622013,-5.037508946408051,-7.862430472498664,-7.019010493990125,-5.595167586587034,-10.550575043922642,-13.340891560520863,-7.714710460889105,-11.115676363818864,-8.248350833916355,-6.563830739941789,-6.942707097647742,-11.138816284632075,-8.119685622183965,-7.195545602433245,-12.19215287351399,-5.8994230947350905,-6.699351415079659,-9.655573822798587,-7.735175389380836,-12.076439994607913,-9.238150300042642
-4.583158194061422,-5.266593710597576,-13.043248967099135,-7.468146321370336,-3.775849136468557,-7.869393484744864,-7.375104103648359,-8.321437073908534,-12.790347339975291,-7.817820739447526,-2.1747925478166086,-7.1813350326721395,-11.364699852984039,-11.01020554381267,-6.49679339340025,-8.847260269168682,-9.159639665160261,-9.642417140964193,-4.497458519553513,-3.5952132825376553,-4.537131729739252,-11.130797500067414
-3.9226304413030446,-12.56117901263541,-10.791996328440502,-5.713503378142167,-9.313781235195448,-7.92930469701167,-4.847352122249145,-3.901148892696336,-6.1457376478868895,-8.948026412640264,-13.728791548581464,-7.567347097035198,-6.612874421535482,-6.564326316339245,-6.995590812932949,-12.87393467710089,-9.106997346409631,-7.3695954552409635,-12.232081808758366,-7.924898550871977,-11.068744851220567,-9.390019620242473
-6.931566634485703,-11.758485288967412,-10.700321898574877,-3.209188741162815,-11.931244069039373,-9.521639997183827,-9.219323233069524,-10.708579130881825,-13.4577873678406,-8.620067159569043,-4.068538223591375,-6.2594625314567685,-11.54029803505098,-13.346017100085472,-13.530451004039449,-7.107965529347368,-10.756298340292942,-8.356917394886672,-11.864137757724174,-7.314798521817599,-2.8954576409196386,-11.102155639908423
-13.423518388928782,-9.66373581614657,-7.979824444914014,-13.396345891893972,-8.905653371842282,-8.642506249193657,-9.773652722906474,-7.643515402323481,-3.456045135034319,-5.418544223858874,-8.656989694987658,-7.765138547326582,-12.453312507145727,-9.564808663888716,-17.684406788235968,-11.959366263191043,-8.165372507503866,-5.191183663254052,-7.969745064154284,-8.67538600998724,-8.594519559339421,-9.576129484445076
-13.295125461737415,-13.509379431548423,-10.62674613265355,-10.421894506705039,-6.221194945157243,-7.905028926578115,-8.000030342109728,-13.397368560126154,-6.251018699229863,-10.421275054111385,-9.323059970367666,-12.154729622136927,-4.930269429731462,-4.105961435322521,-8.382326490820077,-7.8527190601819115,-6.296414274131753,-11.313971516616792,-4.455104160962292,-13.401047864626943,-9.699714645977341,-8.297379504026912
-12.30644575322156,-9.925012096251352,-8.895042513513491,-12.55762419405715,-7.936655293329851,-7.837125568989026,-9.840260337403327,-8.329595615150287,-8.980262131187821,-10.706503848169794,-11.006845586345909,-8.328480953949372,-3.5724638325172324,-5.540321854493799,-7.218093347559978,-9.44812440419463,-8.721391948663065,-7.169004312112361,-12.219316413357092,-8.529818381045505,-11.691873479800693,-11.149745139207111
-8.511310526665346,-7.381022943675263,-10.018534515912462,-9.681887605376271,-6.456359571161719,-8.016206044089783,-8.00660952240885,-5.562744444061754,-9.16499962832319,-7.585547522857755,-7.587122671392209,-7.844429489775808,-8.595259080382522,-7.281688482156231,-12.260595633093057,-8.07222555525473,-3.5184828496119174,-10.375808874451236,-11.207481276070524,-4.794124509171766,-12.881417147091769,-7.553433240332567
-3.5792383649494806,-10.892779879085284,-8.89223359170284,-7.750969775661061,-9.508976442480542,-7.666091845896429,-9.402218147302658,-11.919286031816846,-7.974914344690616,-3.16196824827232,-9.555520825109936,-9.146440965827571,-9.800709788507064,-8.68562551925096,-7.065632713054308,-10.388327839571811,-9.13207516368111,-2.6093501092756144,-9.64463975315847,-5.431313288010915,-8.111522133520259,-12.696634165496532
-8.718485866631255,-5.363434245436083,-4.756765981784182,-9.583986726409917,-6.096377714298737,-5.25636927527833,-10.978366618687966,-5.330366159778132,-10.005343363408867,-5.856897322626427,-9.013429168885317,-10.679074099895598,-9.54127599766709,-9.293050069948432,-11.473726954950104,-11.91640357447358,-13.629979982935879,-7.563943722891846,-3.765453077916383,-8.866115484590583,-2.885642518659905,-5.0176191051542745
-15.501868651487014,-10.784840989039372,-9.094300071845808,-9.02520811882707,-1.9070871282085806,-6.122536855791397,-10.112990316292676,-6.950059558915488,-10.272194236162486,-8.395401018442168,-7.1436791179305725,-5.253011750425638,-6.068418701281109,-6.448561109401955,-10.920513056612903,-9.252748287068641,-13.596364763904107,-9.25710968396414,-12.315736183127378,-14.53374137056638,-9.544009778411,-8.751912335310642
