script/wind10m.json
{"header": {"parameterCategory": 2, "parameterNumber": 2, "lo1": 3.000054539987559, "la1": 64.9999836372058, "dx": 0.5, "dy": 0.25, "nx": 34, "ny": 52, "refTime": "2025-07-18T16:00:00.000Z"}, "data":
[rows 0 to 23 of 52, columns 0 to 33 of 34]
3.1181518687903944,4.057217295403976,4.114245598323202,3.6730215137663995,3.6107445586585345,3.4812479831480747,2.8926458595920077,2.943666860483851,2.3057749696149856,2.9395705554241527,1.5779059186421702,0.7613102425097149,1.0597567478634975,1.6119686330489085,2.2478636197307607,2.5026070629871855,2.9978303634803734,2.591434085502671,1.8338408166427926,0.3382009367457094,3.940201643751119,-1.4524777168079759,-1.0959857297434568,4.166397702707977,-1.1878287839244537,3.468707639162204,-1.6027095815141947,0.8478545238632759,0.5893565161609607,0.8602891776824265,0.6353107594553874,1.0035203308591472,0.22721935785993266,0.13531733251208136
2.2363489175744564,4.0648068938567254,2.848585288152591,2.922352766280721,3.5388830887401608,3.5015019394789753,3.1606810647041237,3.05061608648326,3.783851381243305,3.4770286181462913,3.271326134633016,1.1213527585808134,1.562273455764233,1.2479323523950832,2.1216920628118277,2.3698326252607367,1.9164785695757562,1.9123041151755462,2.284906972958737,3.895216472572695,2.3184296220061835,2.881257638511456,-1.4216542532555252,-4.793105959076816,1.3315384319096144,1.639913450033353,1.896074033330033,0.8148902074072482,0.868898812541173,1.1614894639003928,0.5521885322617716,0.7252520069101508,-0.20298483928024003,0.5210622097636515
2.2271374075154653,2.678707526133416,2.414568770373946,2.2102236896090037,2.0128038841731786,2.920160322390018,2.5394428381888408,3.4266601937028223,4.169668780607795,4.049979078533708,3.8346142890886448,3.5796829338607346,1.9397384564326035,2.077128650518048,2.1738188162784984,2.568844726596412,3.1563086081222864,1.3053149677619595,2.5685934944200417,1.9507179610298853,3.020287681087956,2.3834203547170922,-3.122187263864454,1.072355497786072,1.1759683335092457,1.3455510728497901,1.7584100964597704,0.8805621857713115,0.8996073138289389,0.8972107409261093,0.8544321599105875,0.5579383652174028,-0.28998945697090517,0.47439540417111
2.241110120922961,1.4982582195533998,1.800168521261601,2.0231295996692675,1.474623302785202,1.9951083718198928,2.807144372102226,2.4474952678913047,4.19102708211748,4.092440050644528,4.685851365622002,4.70082013434539,2.7682100043245885,1.9573468057048884,2.303767754850808,2.424395868834549,2.0530007952387006,0.4846755783292047,1.9571686151174537,2.2627280563543337,2.9180383116374196,2.648266437431091,-4.850824339761336,1.8608168186419376,1.3330302190705934,0.934316770110116,0.6682738565251914,0.7775713513045838,0.40786265616210604,0.5095913147741012,0.36574815221406,0.13224186738080718,-0.06368563463776085,0.09374319334539002
2.3168049346830424,1.3986094301091678,1.343602601928201,1.8930491825272053,1.3030564405719998,1.2264422738515257,2.475623038392277,2.204216485831667,3.5019398474141408,3.789203471421839,4.4692055756723,3.7697364576292642,3.303353669661819,2.195081127120268,1.9630344868734657,2.5628099654944636,1.7876933989620623,1.8445529302904093,2.125682319375427,3.074497167822042,3.1888822145399343,2.22463399266286,-2.2581055757342505,-0.46076299269652105,1.7056621020261915,0.8261294550576413,0.9801552836274815,-0.2780389301451092,0.5648532401278153,-0.10639372382296587,-0.042717285876619854,0.3649035781505485,-1.5702381690383267,-0.09971848133006932
1.7089263154317476,1.5019408299604884,1.237496405631812,1.1342541163646633,1.1156015188560262,0.7551075875992346,1.5366340993116523,1.9528411302843045,3.1607894061720945,3.198145457351491,3.363004303168786,2.425629965262955,1.1301119788613625,1.4051399147386734,2.134432831043637,2.270102824869446,0.1462158819812406,1.6982305133289342,2.0851110912786646,0.9428754813032638,0.04085320813808314,1.4204705439240133,4.128065853470665,-0.33057910122701484,-0.42549658686716496,-1.059564394534902,-0.21576041324805917,-0.9783185729004125,-0.9219350553860293,-0.2813099522032522,0.03348562876328875,-0.4603462721401143,-0.4692459500163303,-0.04097786554827325
1.2505359466805968,1.7695123643024915,1.4167393834687825,1.1308422960143405,0.5090664469102909,0.3423160346836853,0.4891097767822961,1.7671354034137954,2.185077816295974,2.1222198927437357,3.045061156590551,2.916732132608133,-3.5337859738154487,1.2490848479955285,1.5976974636503951,8.469163756875549,1.4424695789732427,-0.15597975393591815,0.769325983631817,0.8990801563358759,-1.6210182631760537,1.2966018996657134,1.543373952432944,0.6332386306391317,0.11008832318835826,0.5612070231161291,-0.18415060022509552,-0.9165568706169833,-0.7591149440661834,0.10341270598686601,-2.089405271482903,-0.7127122672014943,0.15164742871407202,-1.1796101596349402
0.4968106476212807,0.2665624457519411,0.703580295629533,0.7382341254900087,0.5836274762122091,-0.2959650236666465,0.029858592393511157,1.383453225315832,1.286741992379251,1.757106311546272,4.869243538110751,1.346803023706132,0.3420496732109037,2.9516592390376797,-1.6716695449162913,2.175077691319493,0.6094278656136487,1.1380630182357079,1.1574968595005048,-2.9335486312425703,-0.5534810992972833,2.178502873231282,1.3031022892102135,-0.037015866621427765,0.11705350317797841,0.27600174693525265,-0.6979338680862212,-0.771978128085278,-2.6844927388625694,-1.090042270409902,-0.8308781978046718,-0.8493948845305687,0.5510319291242468,-0.8639679287045443
-0.7199157499599069,-0.3087017606270027,0.30695747360515563,0.5741124639155145,0.30618264279830176,-0.9294013804790839,-0.6500570729661429,1.598245021438428,0.4098569022147174,0.1974658583024935,0.9644172498658008,1.7731689837769014,-1.2429578485547037,2.1274760026368833,0.061759869918271634,2.2412209131304612,0.6746129843679142,-0.4236768732231796,-1.580175763899653,0.9413927972461008,0.1270262414418345,-1.8552898766827677,1.6427846060777016,0.2562968097772855,0.1106468881589019,0.4020148896963003,-1.1669976511945752,-1.5327799956797368,-0.024654708154764067,-2.130109335851452,-0.8717554243668929,-0.46797758493183106,-0.6954052569048101,-0.21319643216786682
-1.0942912873540869,-0.6884592028060087,-0.4109582196092654,-0.14201997764229965,-0.1259181315912652,-1.3108896944239696,-1.8425883569303543,0.6449918050614695,1.4792876566391684,1.4157922163621877,1.437710544865945,-0.7759623141007828,2.1755049289915505,-0.6019855968233344,2.7475201365857047,0.15790066949570034,1.4609948916013829,-0.8648287722037366,0.3576759423337276,0.40264466853145137,0.13386508903302985,0.8389373748577277,0.3591335703157727,1.0105570553095227,-0.5759365357093283,0.30466380573485,-0.3654930942388502,-1.8476529447974646,-1.0179014602084642,-0.9039802324082178,-0.25449226087860294,-0.8064717239227601,-0.32765198699888864,-0.18448606659382386
0.44605614735624244,-0.5720806171544376,-0.8978155211590102,-0.21654672162805938,-0.4423852672776876,-1.7314026568155152,0.6820178199771407,2.476816805083255,-0.11888304257379569,-1.1082136431441676,2.4422998060991405,0.6766674579347078,1.9062415663989425,-0.6498342061801664,-1.9344655947276481,-1.7245145848866543,1.1899504963105387,-1.1301632975900084,1.3579792200970286,0.37036155544457755,1.1259088107827129,1.482867234534693,-0.2945255082188431,0.004460138521724145,0.6000841013732495,0.09083169586880345,-2.061861873921657,-1.9387365177297693,-1.8042142419369966,-1.3302699041243675,-0.9714853002533621,-1.029556394223566,-0.6641352763508432,-0.20144356840451835
0.2046189196507366,-0.3139409440496607,-0.6779778655153708,-0.5501330445061561,-0.9227802379369938,2.036445564890423,-0.3812850590098179,2.7655372261599553,1.2550988376906074,1.6670843151665429,0.20495133192392617,1.0265949365361204,0.5942998493635415,-2.3732721469560336,-1.1751612301816068,-0.8140752440048754,0.7750480026047569,-0.630949539845341,2.546573077971057,-1.2999520942785445,1.244125412570104,0.19126881460124412,-0.8809860157387502,-0.031887901782114425,-0.11957014574882821,-0.5569203962680697,-0.264941762564459,-0.8918848667141108,-0.8801506131309268,-0.9572437065591856,-2.5837385510035067,-1.6554277069836192,-1.0496595046904083,-0.16907715274309276
0.04100218072921942,-0.1822802893203336,-0.4304277768439996,-0.3822680941624225,1.536655084499378,0.9146074080943694,-1.075914475205864,2.3777916158015566,1.1035413000826186,2.9460550707913007,4.040818074356552,2.4947612470465224,0.6851362772128299,0.5802392444887206,0.9336274553183268,-0.7358903892045159,-0.6625776326033261,-1.3409585036758822,-0.16521680757841903,0.4769168550671095,0.2036454578963661,1.1361619211410205,0.6550008647919827,-0.27888966113233776,-0.013882553616553437,-0.9791548455113274,-0.6861009168176225,-0.8442755719850785,-2.04005904080316,-2.9808312723993504,-2.7657914401341395,-1.90124322557221,-0.829936833866721,-0.3266090596201205
0.23255943936611784,0.13827089263008627,0.1898505167707745,0.31259475837399786,3.7586418333021836,2.4330639774940193,3.1043110315270916,1.2446066081150322,0.33799585314918806,3.4013611279313336,-0.4912024609552865,0.656391918986712,-0.5109174200050897,-1.3802916347346617,0.8007553240346154,-0.9581280018237743,-0.9227494300240145,-0.9240136703981975,0.4918733736831858,0.42525397144390986,-0.12245296894849128,1.3767921746068204,-0.5044618663207733,-0.24343819331142733,0.1041441910998099,-0.2859296346454978,-1.1645670565695767,-2.0865256176550013,-1.400688910066903,-2.4782087316290635,-2.2469775858131813,-1.949740599787323,-1.1869639707783082,0.449982720641803
0.2733153222397391,0.5253655194500005,0.8499191234775562,0.2778105477528283,1.084686559474824,1.2709518811502734,1.40041191749757,1.900525456525104,1.367984328024325,0.448758388775541,2.7716561666986705,1.68645244678296,0.3729306777008658,-0.28205780555084475,0.623561161933001,0.9242964832694276,-1.4192806198390195,-0.6822128978767769,0.9712207733265371,0.4871728966376749,0.15673619244883308,0.5888915519795307,0.29167430567080715,-0.13870302081094124,0.11560767505072012,-0.2524070444163502,-0.7101644038937691,-1.642556430049483,-1.571355383442772,-1.9472260635269658,-2.5637969798761917,-2.050126982453825,-0.9074651717648228,-0.43115087698587395
0.2666225186069024,0.6654457416034163,1.051440285610661,1.1986885374581648,1.5387031198500114,1.9331418129862175,1.3783856104252725,-1.0110257746903735,1.5348068368116017,0.8780701675750234,-1.350418325015655,3.210736499591246,3.1808305162370636,-0.15352632676864245,-1.7878779157763147,1.0108796974604066,-0.635772084530629,0.9378989235896488,-0.7409783074610179,0.005606959341550527,-0.5352050559563558,0.8136828544860434,-0.49291191618955,-0.22941782419347156,1.2906371910267191,-0.505290302354575,-1.1659158039029114,-2.78885816162152,-1.5185284372597767,-2.240829606969159,-2.294768956890728,-1.9757574817807888,-1.0048198770391885,-0.35933035351782394
0.26101358283652015,0.8178078662728631,1.2653536443247921,1.4716024567123254,0.9937421471078863,0.7584024383746969,2.2327969005742205,0.24955078418804816,-0.5091416520528124,0.30510998958444474,-2.7795408707460996,1.6657481440537614,2.231279545217815,-0.4803942917573449,-1.5087860431447364,-1.6073158717303577,0.7502933319749612,0.3034322391506428,0.4742421354604449,0.4784060585115035,-1.1167739666126544,-0.9242239255804864,0.21026615423435877,-0.9782434728725304,0.7028647042886478,0.30204384984119,0.06200831758730012,-1.6485032181063888,-1.60485741897062,-2.1060619428350376,-2.116101902605255,-1.639092586679789,-0.35839926031593444,0.36536608219581607
0.24891451455477423,0.6478499348516922,1.3704272527494374,1.4056877709022806,1.2543825814735172,1.3291404401811353,1.844730404614498,1.6231325940997852,3.0637725194884573,-5.224137647808868,-1.7453610357588947,2.473638836669342,0.020189845594754435,2.3196278685353375,0.04248122291645812,-1.2639076649517216,0.2034080397260146,-1.575147701029907,-0.03479802749086037,-0.1038930590529085,0.07608516241539492,-0.562111999212221,-0.11893756570235085,-0.6919495379935621,0.35470266191409766,-0.10356693239160003,-0.18070080880641726,-1.5679517026559464,-1.4827079157081506,-1.561763524528217,-1.9523939908446815,-1.9141448633183962,0.6503827483741155,1.4908431667708057
0.46983207526625137,0.5116446538109413,1.5023715029785287,1.3487479002862477,1.6656733037755695,1.2945114730022864,3.772909702511614,2.0444017783945836,2.5490496617624387,-5.350318750219613,-2.4753039034295488,0.9742486648877505,1.422058189024591,0.7223995325798509,-0.5314423714879911,-0.11389006320263219,-0.4084076286434458,0.05856935623688869,-1.0284535526719458,-0.13469295094218875,-0.13783151213522435,-1.0086899278016455,-0.044744781575995166,0.15753344171913333,-0.08556231861905708,-1.159007552207218,-1.2636070483623854,-1.6173843760447506,-1.4705921111775533,-1.2687118891255496,-0.6459996167152474,-2.4079889604874647,0.20203835733511252,0.43345619044161515
0.7363467632513407,0.6867953083729192,0.9630592177180268,1.4037044705246153,1.017172641527449,1.998667885202791,-0.9563935428261922,3.5468467636118453,0.04378288428829883,-1.5779436444293384,0.5895856654212209,-1.987056742299611,0.5942093070313007,2.9830485353681135,-0.5655783022993489,-1.4116928876453738,3.197307547309769,-0.059101524907790665,-0.6814864193731119,-0.7601769420975606,-0.7170978429813667,0.499400499699363,-0.7592544442014225,-1.3827525002984535,0.06272632255417065,-1.2317806335294825,-1.0392743531646444,-1.3270160680322338,-0.6668225405993902,-1.5792099704190878,-1.7590603617464913,-1.5160204149221297,-0.6068990209060807,-0.11127125989724676
0.6542434121116453,0.25642453606094257,1.5923339268571697,1.027588939590542,1.0258277196706371,1.5279007775727644,0.5855857062179256,-3.5726298541213524,2.3836929453492988,-3.0325169870689255,-3.946320903477271,4.316691498463003,0.9584416040161996,0.796902692006311,-1.0682843013134877,-1.5161455318777946,1.7500021341056051,1.6075664296547991,-0.8074205484386406,-0.709648905015839,-0.45562515094620976,0.21700711075337467,-0.4875866846220681,-1.2907551551606213,-1.1436043109169507,-1.4506457343814092,-1.3810465602298487,-1.2880995276376754,-1.070490947581015,-2.0608605936068884,-2.576556539623954,-1.9167222154046297,-2.0094613030497115,-3.4729442292007153
0.7485101423113795,0.8827072288106339,1.5155864580273601,0.08947119121726393,0.1954553840605212,3.826829807364746,2.738199114985894,-0.6729545831280133,3.6633654255583563,-2.302132068891632,1.968969810321176,1.0424798590380235,1.6114294903745636,2.2904004410328955,2.186150805375556,-3.026823344216049,-0.5033203190010404,0.9761424370095418,-0.15163325680064957,0.4288364602873673,-0.9272577880013659,-0.2979108810185843,-1.4415014047900458,-0.09193009908191316,-0.5298866468408677,-1.133327865739423,-1.567178343631918,-1.6623439113836622,-2.083412250214178,-1.9630146236589667,-1.897737120769048,-2.0231434059442894,-1.5707664324193051,-2.336688048810464
0.9341079595756233,0.5321158287293818,1.8233093726085694,-0.06201104828788467,-0.6737490712401163,1.4979918495752282,-0.07365490347900251,-0.38740823585170225,-2.474643018129006,-0.5961115263911385,-0.8682382411329934,1.470752283722232,-0.6776719444651407,0.8349000022209163,1.284308733719139,0.20799997823524732,-0.6363280709744756,1.201393262044182,-0.03484973744602733,0.8649055373863924,-0.2510968643268112,0.9495358197128277,-1.0185442546824368,-1.0840135913557132,-0.9303215727557881,-1.3814675612380642,-2.4531303694707547,-1.7156866521441059,-2.2212903161954736,-0.06615949899151727,-2.461472075586723,-2.6610680284499115,-2.7328120804813003,-2.5670333311580356
0.949974041902236,1.0317578043786948,0.658973555228903,0.7025247633505081,-0.3144068385988009,1.9693249108194062,-0.7767205254963504,-1.7383830564282348,-4.726231728529303,-0.10285841140856411,0.3615885981326585,-1.0882499709405773,0.379252169183475,-0.5206703457838284,0.6072538606941414,1.254833334467762,-1.3980808920774137,0.879558382989162,-0.4630508590526683,-0.8450892366182747,-1.3446052487178919,1.7474977267314291,3.48352817258893,-1.1383415039894398,-1.5313638890462302,-0.751070884035961,-1.9686099239313923,-0.760489327281617,-0.5118705076978327,0.8035664929339346,-1.349807117690952,-1.8075815890158067,-2.73002488983285,-3.136676219653798
