script/wind150m.json
{"header": {"parameterCategory": 2, "parameterNumber": 2, "lo1": 3.000054539987559, "la1": 64.9999836372058, "dx": 0.5, "dy": 0.25, "nx": 34, "ny": 52, "refTime": "2026-02-25T18:00:00.000Z"}, "data":
[rows 0 to 23 of 52, columns 0 to 33 of 34]
-2.0888202494652104,-1.5517818072602874,-1.0241801440764131,-0.8008462713853688,-0.10620729469595598,0.6706684189089113,1.3470865104801268,2.5373672820667568,3.0777200524801978,3.153378365134802,3.2295955020824243,4.043431386374964,4.142113064527891,4.370900880610706,5.022330518689635,6.014955851742174,8.209238605300772,-2.150018560613237,-2.448266383404043,4.70557577657993,-0.9369483725206605,-0.7636090436699022,-6.250363452933845,1.2358867041957808,0.7484045234468332,0.9164958862977267,-0.038656013959690025,1.3678076395984622,1.4304425909022052,0.21406561185121725,-2.375018704992569,-3.5101213038792953,-2.545757630644721,-0.9414311482163908
-2.2599983938920896,-1.8353540255385994,-1.4394717094459164,-0.9843514344970635,-0.54851105394965,0.7078006474779334,1.9766562871037858,2.272335865758244,2.664971625196082,3.1334770939854684,3.2613044710274535,4.313280181943816,4.622330904367774,5.33800437254752,6.1257504726424195,8.085874992911446,9.685426968981615,0.03498874715271343,5.692534421586721,6.205762886003118,-2.8828888881216947,-1.8545866941049953,-1.3689353149167185,0.4292884510480007,-3.3476485227814767,-1.2393135852878117,0.3623950405052686,-1.8844677779873211,0.39810465913631826,3.8289916884932365,0.6934126010295364,-2.0049500490380106,-2.2608704207602983,-0.05851455589613757
-2.6843724908579905,-2.1936218204831186,-1.8335556297702458,-1.0768135545134183,-0.07134501938474799,0.6592035377479847,1.4088476854557304,1.9127608257882909,2.505392694137956,2.974103377647154,3.9377910083315157,4.5307913497189345,5.707245031140775,7.379057329321945,8.515251570180533,12.241228228177556,11.097216128593521,-1.1816843704443212,-0.09865408482873494,-1.2460562687509302,0.17348602507096592,-0.7501327449821226,-9.769791847995606,-1.2632611227288026,-1.9875605051434428,-2.3830965563816653,-2.8862246286704645,0.9079472037981169,-0.06907998446052714,1.826728305677405,3.057011071660345,1.714105198163978,-0.8780699075052222,-1.0326884288813143
-2.965764773029611,-2.415172363104554,-1.8842193214255054,-1.1873459494342926,-0.4713840780834759,0.4476539950861277,1.0029843762324107,1.6305304774238167,2.303976043304374,2.874021509172911,3.902645092257489,5.002355150005303,6.703326566794372,8.456478003181212,9.9138478860119,12.300135130568275,6.237495935347932,2.728552380902269,5.089709620049289,2.218947851914454,6.476000126778595,0.4637461470146324,4.740760100328279,2.7313802992908567,-1.742266427162173,-2.2447794283748466,0.6329114345455147,-0.242052340342206,-0.6774437968639955,1.1795166303247013,1.3361283495397585,2.815592278288178,1.056037887343437,-0.6021893347669578
-3.079228641244708,-2.518828188150869,-2.0579667199261507,-1.4170655735179687,-0.8153582590982134,-0.28945286928458014,0.36419225478788103,0.9138840160827859,1.636088420275273,2.611045963844975,3.8229625270113012,5.332767048324304,6.89765774300144,10.462204671807772,10.78904184647996,9.38667431988151,8.861741383133886,1.56205146379074,0.6127834934727375,10.488236507529646,7.563802262030002,12.764464333988546,-3.250985107471103,1.6424448139500178,1.5094189135635934,-0.6001485566638805,-1.9387958965678465,-2.480686719394928,0.7743729127247322,0.3772160223084019,0.9969165111012644,2.1869275509840325,1.5778746777675223,0.6637587468899229
-2.943076494938738,-2.525182352549953,-2.5883130374452876,-2.300012961355044,-1.8880726035159545,-1.4071824006915241,-0.760032223570144,0.10566642330681121,0.987629404588099,2.5218353594908676,4.519302304658742,6.788674991807272,10.613233626356534,11.37832331345728,7.653936039061336,7.939235419737652,5.347453750517266,1.6415464008965652,7.626601966552639,0.48868671630679383,-4.174572306193693,1.3484272138110611,6.753679490200935,0.32997431841168445,0.5462559154962403,0.6773433668242596,-0.8305547111347635,-2.013645820587088,-0.8999195818326373,0.26537695231549735,1.5790045434569238,0.5445916635679349,1.3042892703996998,1.6115825857965755
-2.8586795845646584,-3.0229031131642268,-3.7376982516256514,-3.813056824602826,-3.169248864436763,-2.4765568786995518,-1.6952518022762653,0.30604339455784224,1.8852688661835377,9.173480470542906,11.469452401183249,10.543433701238909,9.796636953460585,9.233883555892293,2.612186862702339,3.0716586238397197,-0.34341434503906054,3.764571175789145,9.27695449819036,5.7476885780505995,3.3354891583286683,-0.8616022032483354,-0.03070605707396633,-1.1402140757678783,2.0608340672912218,0.17611807843511354,3.9639938439078306,-1.4251077488387751,-0.24155270635249498,0.9890471236125047,1.0160716652134536,1.6486322646411964,3.7472613953328193,3.973579845321873
-4.143236376093456,-4.341949143579588,-4.8441631532380995,-4.755558927843206,-3.6585488181656918,-2.6805459607854507,8.464140167996984,9.601044843545672,10.541354773983533,11.473530756293885,9.046857718510179,3.8287309130887546,3.0603603799545183,9.697644279704235,1.7096992643599995,2.7295763274447307,-2.116953553983554,2.6637669666518162,9.095812113878651,8.64711498123621,2.1419241192657887,4.528853016947349,-0.5438192457035939,-0.2269867068061645,1.05851367647871,0.8495405563924572,1.070578866997564,4.83023191481282,-0.10808346659163995,-1.1676146703166408,2.8309457191432146,2.261258263952474,5.741224930894738,5.286928661922361
-5.287350515687252,-5.162942407242149,-5.510846221754498,-4.744575846350598,5.451021628170112,7.636013666479928,8.936253688073943,8.436194142452907,7.517751330369556,3.44820074103834,1.2014014263768609,0.015435701356563017,5.0042019059943295,4.93686648044645,4.75052188417562,-1.9488431327119085,-0.8491078758600654,10.730912119010242,3.8975608419791437,4.988972303293468,14.077132890029711,10.455021250841861,11.191444791816565,1.2207263069742422,2.4365192379285703,2.5158279867741618,2.861894598559093,1.2376189534377038,2.087034000413295,1.746030530609713,2.0277895993579165,5.875790726815506,7.075867469282467,5.435555436639203
-5.904394704197125,-6.02432948234107,-5.685763127275296,3.144425118090719,5.803729143319654,7.001601704699095,5.848393293101668,3.4541403379352897,1.4134792164401762,0.1335059654599925,-1.2451061251443059,0.41583422181052476,4.649797011427137,6.12360956883395,-4.224736607408039,6.736475107190291,5.2723565394772205,0.42127102319266163,1.4017611047863114,1.9276544176239687,8.30408980659274,4.094492161922333,8.854353497664112,6.355467935326154,2.050414217752808,3.6426728242648916,4.015886352833837,3.4297469264631006,0.5999466939300381,1.1774441649799368,4.214052299276988,7.767601143082244,6.26901029695664,4.698144540970225
-6.266686237235204,-6.083744208119258,0.3412084380846298,2.292589719832181,5.007328074003674,4.717654303045084,-0.27988206259781667,-2.5413736698949387,3.606179433241311,2.706026210933843,5.835009439417135,-3.891021225750716,5.727404585234318,11.781832224606,10.781805427831399,-1.6153754382680656,4.3176729444004245,0.8712990141385069,1.7732679942589076,4.290403409873491,7.0463884984032665,2.6206166236398545,13.830172128495235,2.784561751088261,3.926248854657951,2.8427558739180396,3.037297967890642,4.47842288087497,1.0111537431687694,0.773917178043489,6.79041312345283,6.513092163175133,5.664764641117155,3.348460008547196
-6.65332491207287,0.5002579619309446,-0.549973026577308,0.8790314750932439,2.4795315408940413,-0.11066291000220745,-1.242334849551383,-2.6100994249575864,-0.9045797613008955,3.5572260136709573,2.2323714972063846,2.2800792763525033,0.896363312042898,4.5912102123914735,4.037407076133238,-0.6991949567751099,0.08361903915731934,8.757269954811774,3.6318089364078356,4.679699171466696,8.771138448983208,8.068261899026055,1.9881601744118045,10.01735116331035,2.5606822274742522,0.7815021265597258,2.9158895659595445,5.571722551025137,3.7316628175281923,2.348253321534633,6.056183946038019,5.800659090390979,4.768474547832049,2.8239253377662688
0.6645575896639783,0.21774328858410086,-1.1816324632730972,-0.9325807357981718,1.5727452970862825,0.2716123671051873,0.28947192140531247,0.4719474491091715,1.893735075231431,6.7629548676107625,4.1690183532612295,4.76819059428149,0.18196068349041336,6.938093150533621,-3.284300096216601,9.747122411496578,0.6721475011929232,2.8813755544283937,3.232761247317699,1.4244743581029697,3.586563324742002,5.994577911783065,7.837212893269743,4.470590341047608,4.291438898950614,2.3708124517262483,2.1067574210333957,3.492137888512361,1.5932408108304321,4.210695901172797,4.791556137889306,5.296882726429873,3.48053201094732,2.4038261860765755
1.6338067377740986,0.4749581303898425,-1.6309347990677785,-1.1453149595661045,0.21033917017368015,-0.08071654645870639,7.2523514204648,-1.6754189354882156,-0.44601897549602765,4.664838316039124,7.753984197175521,8.43429677808159,-1.9528070439971457,-5.6231654937441,0.8948123230861977,1.6895797166073698,2.9239418560502095,0.9393391277375437,1.8140462692916588,6.528414503253892,-1.4982765032857814,6.197216205863859,10.306526104247226,8.789606589045462,2.9568398801762203,6.699093938354951,4.534525173571377,5.607427850678759,1.2426899202921924,3.1546929178382497,4.841573101357731,4.107803674389207,2.4102951251478753,2.310322647128936
2.52563164300952,0.46938980584993456,-1.2351050878301997,-1.3940001976237915,-1.1161992475152622,-0.6057707340484071,-1.3648798693104371,4.808630387429952,0.05495109654245073,4.964720244404621,-3.0962650306883224,5.610013468651135,6.908522006621722,3.9307133060020583,1.9769391125033808,4.363719067177269,-1.3812608925316556,0.04324508758501585,1.8414265603752764,-1.558275411263941,2.9403432790044186,0.9956343507284756,2.7767595524749136,7.264982597780107,3.315865191728255,4.92808239741463,3.2527632695087045,3.9680638025263573,1.9983722135208695,3.885093891944197,4.455544673913192,2.9749478543986774,1.8016784034957658,2.0246278578028467
2.6882401246336474,0.915280973561167,-0.41934926455248606,-1.8676006932425633,-1.9112579674350767,-0.4482130920954157,0.7326295606425925,-0.0981624805406044,-1.901137631575841,0.9400205262284874,-4.339230987913342,5.373165492209275,-2.2317042920212917,4.453412012745493,-3.1341747959592223,4.016010049734409,8.695556147870365,-2.1480429970482744,0.13504412740553837,1.0018484066584412,13.384244198356367,2.08029231682664,0.18832040522930188,3.8626936096850057,3.8917257260084446,3.3387130161847023,7.887696565134335,3.3840578829955903,2.898164802064645,3.3807503458858603,3.6401515215167666,1.6634153060873091,1.465409816807365,1.7014419875750113
2.277380151694826,2.2520938185386172,0.2532035106845837,-0.7832178775220197,-3.499904156314819,-1.2792875876309493,4.0752017791206665,3.0091269280894783,-2.272971633368814,4.2031745466385235,3.8466538427328567,6.487062886051919,0.6174870029930792,-2.886367204009842,-0.5942710468903099,-4.575501188933233,0.18557567491599194,-1.5470640141986336,0.4817270263235047,1.4194239583648571,3.92269308552308,3.239231503542638,3.313336071410418,1.0890592021308323,2.233549777502973,3.0025163530105905,5.545603108952693,5.462161400436234,3.6980418495376717,3.5000796295132908,2.096943081747431,0.7619705533515715,1.2799423599679436,1.5254170242201968
2.3791932640826596,2.4384922642516096,0.25779924561319567,-0.9235973411834797,-1.2207781915579614,0.10538763124521346,2.5006193662572924,0.6164756597660997,8.396277476563665,0.44426239357432246,-2.622531442570122,0.8038050016153528,-1.540751123734382,3.5795117015443796,0.7699550232822333,1.7611875203958802,-1.8244477824109335,1.1649991405032867,0.7669392328435941,2.474505835790577,1.5792799128444004,2.316909108464107,2.007328486370948,4.5832917336277825,0.0088666600328667,0.3143112455656654,2.395522595126535,2.4757300383151697,3.7398492010717588,3.3614407752753017,1.7780637190070925,0.45954911289113454,1.423044533946064,2.4845932036589513
2.7835656326650127,1.652033455948211,0.28783462400986387,-1.7158533028506842,-0.970667331897833,-2.509035383844053,4.548571399916958,3.394564658947381,-2.894600770324063,3.0552520466438247,0.6220182283656254,0.8796826199477719,4.160898494859901,0.6216456511956356,-2.3231976652152717,-0.5715991347942175,-0.3423719177505902,1.4210835255895917,-1.2390299002040233,1.0146430982631447,0.042842888194424084,4.587257920073929,3.866971259563762,2.0264778635613068,1.781995346598766,1.6114097040402802,1.222329062601885,2.705883209749368,2.094522230692473,2.479778095230562,2.589175410541613,1.0591407816467509,1.544197102941232,2.089040120473222
3.0577102710501465,0.10300418041214011,-0.5773738600789786,-1.6523964267328264,-0.9452667606179745,-0.9072278303395539,3.356083810880385,8.8780871955394,5.939315979657093,3.1510987628149802,5.44843950459128,4.620522384405948,-3.678579480082815,11.07851205139064,-2.170090135885751,0.8831748202604321,-0.2504178128726671,1.0138470625073304,0.3786165262442252,1.5610078183495042,-0.4666115775072475,0.22245066108982867,3.4535180306401014,2.9307799518119273,-0.32698432636078567,0.2978614170029097,1.0596997968486137,1.3644762755966968,1.5844958907326454,1.4657272017231364,1.0580665105093798,1.3904107843615447,1.636165742340019,1.1311051695849137
3.2597963527968306,-0.6029285712577634,-1.736576567535578,-2.0556738811224298,-1.8470324919741474,-5.403275190079974,-3.4572966999631807,1.0030429232072047,6.103169919882579,2.3133084121055316,1.3255273844433306,2.9443818598534364,4.928380310366734,-1.9949524954823703,0.9285181651550334,-0.9668615772635883,1.5462727053320888,0.42973557342499924,0.07273095167514183,-0.022233971260888812,0.47021439048894953,0.891769755953063,1.285005702959087,0.4735606577107784,2.3566051998215007,2.0098289344115665,1.5751187043005221,1.5004752989172503,1.2638886485668392,1.3747948237952792,-0.46207079686762065,0.9917436475006426,2.3023087781191394,1.4720629021256926
3.2268641070353032,0.45628295777368383,-2.2301373670907534,-2.534868047158437,-2.9410108666206125,-1.219710888867267,-1.8971252470037705,0.8425208383336958,2.1036907652340475,-5.7210583383125755,2.768711541843188,3.4833795348349623,-1.9205675253548633,1.658043922313091,-5.547828312735339,-1.2253257039678385,-0.057160345342318473,0.8099046351768119,0.6845602234434908,-3.202889361408873,0.5666567535734238,-0.8091186027988467,2.3239149457802455,0.23389287837443135,-0.9626185088347348,1.203605642245769,0.8027861975821273,0.3303272332123386,1.3105871426843891,0.46249446961688234,-0.6451044771873502,1.0184101257342029,2.065279275424631,1.9665648206497024
3.894394181786435,1.9185165874482468,-2.4743529932079182,-2.813354609838352,-3.8160601726760683,-2.12637653520826,-1.1903296586964403,2.713462286135532,11.247542308712605,8.695383137755314,-3.577831704562154,-1.0737022574885573,1.244258240948082,-0.8608013232260419,0.07202473058311167,-1.9855022691200555,1.1622451297733043,0.39074441748268657,0.8195366061689572,-0.503888256107426,-0.386922531517797,0.09052589726145545,1.0492732003741727,0.17774164738304163,0.18693387179064952,-0.2827727770474544,1.1376779135929316,0.8323659995694399,0.6257859543905595,-0.7797965375441216,0.37643643841155233,1.7846098468979499,2.8106565778501804,2.309915493029073
3.69056421313801,2.8665286368473293,1.0083655029594523,-1.32905445048519,-3.3025270277422742,-2.499401480435289,1.9728168618374238,0.9789317094712485,2.905295612357696,-2.6996911702234017,-0.006581494919607662,-1.5928410654238527,-2.5495835494148937,-2.670401458912824,-0.19553213567020894,-0.879120326953799,0.6983329017165111,0.07924046031293636,0.14325118087090194,0.8679424308142524,1.8681811648414064,1.5977041188036647,-0.13375510932970142,0.4283981964773848,1.3847660584248334,0.6529438406507742,0.8979600163472138,0.08543617189038209,-0.04789567228116152,0.921357370409413,2.1859411863481584,1.6540809137192727,3.5928119369692273,2.6641070848378385
