script/wind100m.json
{"header": {"parameterCategory": 2, "parameterNumber": 2, "lo1": 6.000198445256149, "la1": 58.999992894266676, "dx": 0.5, "dy": 0.25, "nx": 22, "ny": 24, "refTime": "2024-05-03T15:00:00.000Z"}, "data":
[rows 0 to 23 of 24, columns 0 to 21 of 22]
-11.957930331400542,-7.571489070184371,-7.607279221527959,5.160870579894355,4.704236998930313,-7.305836562167157,-12.308266792270004,-6.601687967993276,7.193042837059921,-8.466060746954835,-7.158782779873093,-11.607585039104213,-5.49772270646847,-11.11159628104537,-6.935347158115538,-6.981331894455301,-8.27223458150478,-13.50347187942157,0.5496504561579052,-0.901951288889619,-11.250050065189555,1.277917807163566
-8.473336948599494,-9.363040318393358,-4.862736343537074,-2.554826424443899,4.271025276816888,4.002563397389997,6.049073801493751,-3.3007084334416636,-12.356827530068466,-14.951501899043864,4.759163149866704,-8.047936276485947,-10.781691610669439,-7.452625019543055,-10.570887228666152,-7.977757767138943,5.200263646273739,-2.5853555978066427,-17.514011426661284,-7.185507581661953,-20.64418573853553,-6.941935376136748
-5.1315325603852955,-8.985890847326168,-10.09691394773775,1.021085676314963,-0.48108217260846914,-12.656407747787803,-1.2686520999045485,-8.090850280280193,-2.112929788995135,5.896035978282331,-7.3569522681768875,-15.721066273143608,-6.963460424152706,-5.9893671230251515,-7.552169143572765,-6.796920322352425,-7.5417547741716175,-6.9870557286182144,-5.219214496305015,-8.532907679478907,-8.090066653755867,-8.26414885565885
-16.36567560575302,-10.78349932275978,-8.964446072908546,-2.307936360866252,-7.554431930553244,-16.037085872355366,-8.798217335942597,-16.769108163368728,-9.374429322799218,-19.926458769517204,-22.496819540944355,4.448847006161441,3.0138824933898385,-8.73533378261488,-7.072074030712546,-6.300397370991316,4.041456875337722,-6.7037512176409315,-8.151414969289553,-7.4397622377590915,-2.8368574312510337,-8.162761928760553
-7.468975450975609,-9.480226726325878,-7.2509124742535835,-6.322654145693287,-16.962410849361078,-8.507597515730009,-15.950358389333504,1.2173084650924577,5.298881716108115,-8.084868950839745,-8.53928156943754,-7.3156523032753205,-7.734151416711307,-9.409703401886752,-10.633004323940575,-13.234408122342632,6.266302966546457,-6.531946665431644,-6.463096280152421,-8.048290173943629,-9.695924188848664,-5.920622955925909
-10.194850465908111,-3.0598986909355466,-4.743138035365495,-17.44145587935707,-6.996537952305381,7.622260006257497,0.08732941019853242,-8.96249053416906,-6.829175153765357,-7.8085104884424705,-7.282376766164539,-6.4876642501314254,-12.091511302936455,5.185740083642217,-8.28795098778739,-7.51043654453779,-9.897127675513302,-16.056720152342123,-12.831520829994254,-11.40812667008902,4.31924399484269,-6.192555798957394
-6.288463452206952,-8.896466439181637,-7.7281888414063715,-16.181996109339675,-7.885779777516291,-8.388506080178859,-9.712574708765104,5.142056004138213,-1.5358140385842491,-0.9460235936108944,-12.07354040019037,1.5152520524874673,0.656153215621585,-4.578551033401025,-17.132667945768574,-10.280485459277235,-7.165839823117463,3.516603128787616,-17.053251373107457,-11.01921332525477,-23.1424086995355,-11.186905948033619
-10.124863355228173,-9.541731317907661,-7.859866136371426,-6.189856135668092,4.261095984821845,-6.171637399614156,4.980152126601367,-1.2269162436767629,-8.113661814486193,-7.210979327273633,-8.219322066740673,-8.965757283786756,4.208626046031274,-11.589378275834338,-4.360895125366878,-6.234637876463493,-7.7440770403564,1.9353434617472354,3.8525948933477587,-11.57704399100623,-2.668241890908347,-2.7063105718255143
-12.660569598198713,-7.647841492905166,-10.572475688315981,-5.358334949066437,-4.876443619087564,-6.879702297145204,-1.6307631884002565,-6.000529466865149,4.030358275702343,-10.81586898839997,-18.283967251863306,-5.495850164209323,-7.436506094195163,-8.903206371077548,-15.17336187595667,-6.972213232197584,-10.433044039695721,2.153799332318885,-9.807617594290484,-10.90480729093162,6.366537004636239,5.550102125428809
-5.411259844181111,7.311573638577662,2.492488782136059,-10.45613485716043,-15.719655019844394,-7.856552152626513,-7.138372342555455,-13.607375252856176,-11.694806478539283,5.762362387816959,-6.314117419264491,-15.484036025284537,-5.958313133182235,-9.896025217994392,-15.28973300222051,-14.113640126329695,-8.59888018243028,-6.965906710704074,6.624851623995294,-13.968030086009708,-12.679688520526861,4.6836630965900685
-9.692513280940787,-7.520691580764326,-7.637608784620705,-11.165056274558443,-7.179055546388798,-10.960214967754828,4.064472500496521,-13.726690667355593,6.835618847138276,-19.444191746017772,-7.020471192633102,-0.20403080769761342,-7.02855630426656,-7.986957252956073,-5.9746352915271626,-7.1640435458230405,-8.642488819362029,-6.044836547443226,-9.128502463958934,-2.6078437650570216,-14.360607453583048,-8.108237071351601
-8.884186405862437,-6.405361503975474,-5.036129467916268,-11.899715371381697,3.764064367082392,-7.794145908042247,6.008209307949212,-6.9594564464298765,-10.537881902442336,-7.516353557354778,-5.615912122419449,-7.753678708477408,6.3659889198411514,-9.258069496349131,-6.727931699905864,-5.428031822782498,-10.25798295919631,-9.85806297626935,-8.61755246350227,-6.730022977402093,-8.51603738141178,4.102230504861328
-11.25290757625735,2.4050009830448906,6.189982504605672,-5.669645207683869,4.470291575152279,-13.61472130676603,-4.33723534334445,1.8391759307287652,-11.998271073412946,-9.775774518579086,1.5978717044501667,-15.596108262636834,-9.967204095374836,6.365351528665328,-6.4841756621692985,-7.028011412934281,-11.189675464980995,-7.702631589963097,-8.585789764590807,-14.574573254993709,-4.843545841211663,-7.400769089617233
-7.470488159848556,-11.074992730051083,-10.343982145404635,6.5416010225493295,-0.0256508235121861,4.308155987710532,4.5708681722099875,-7.961565750263391,-11.854117077578017,-8.100110272655696,-5.484195559278332,6.433625959001992,-13.63376118902844,-6.349361966865526,-6.802506316290449,-13.225567002362196,-13.220929547119386,-7.6015123704349294,4.856166965951178,0.06046214501190504,4.5361728391134495,5.905391474110793
-6.791150300604486,-7.313623158927174,4.9057107743030555,-8.657087509035648,-6.821292738029247,-17.063975632201945,0.0934052106186657,4.909197288100914,5.070727087023625,-7.084062994910115,-5.166820918282964,-10.075208739657269,-12.952978375628891,-8.86592499291403,-6.841939374556025,-8.604375761255012,-8.516173090826888,-10.200939828201365,-6.596695276618575,-6.978695042048814,-6.195699329747878,-8.1467073366773
-7.19169099353038,-10.805683641034122,-9.230412340900271,-7.074991002823445,-9.609863692261785,-7.536895437667414,-7.438963310591614,-6.123869897862835,-7.19133272266553,5.289287348812874,3.8088886260969272,-7.3957963258856365,-3.1153449758216243,-13.179294970572965,-7.116571923974605,-4.4453732297777435,4.878182326714804,-7.662254043727499,-6.6767280940241465,-7.371699921800614,-1.8520910115100888,-7.305868450226378
-7.666651120761341,2.178404691894309,4.091720182798801,-7.565635752809222,-15.542645677519968,-10.54547106323029,0.6749614134748833,-9.775047506262197,6.0465665535517354,-7.707959928349537,-6.119176746912503,-15.542021483007723,4.388870886929229,1.8503913202984767,-11.838384891319599,-8.677526327560777,-9.308443465558348,-8.144596731624812,1.8979158867881922,-2.886660794354786,-4.946831155308385,-7.6883733652514525
-10.984921504864733,-6.479418941830517,-0.865131776746085,3.003060328682417,5.862488355272745,-12.917975556836204,4.702615921352029,-8.431187896758795,-6.7993805267394345,-8.243714558797198,1.495498056565958,6.363662175110244,-15.010774803911437,-10.031833983003597,-12.370956685812548,-15.999656249492693,-2.0711502706230345,-7.143340482373661,6.08067348278028,-16.161852046793747,-6.0049453060282065,-10.617646694862337
-16.77797645158303,5.687163894171045,-12.82923229664281,-3.6877355556902605,-7.611242310376008,-10.443250979000487,-6.9510167628785915,6.949941431915818,-13.020711763098294,-9.404860703429554,-10.168537451433524,-8.656385410529222,-7.3398042762655,-6.454476649215134,4.422423007734002,-11.435798824114775,-7.926332385229968,-8.878650830173193,-7.047432170020555,2.990266236280964,4.0265684814919585,-6.562164583749548
-17.24247237061724,-8.31432035797446,-13.904188790647007,3.776938133123169,-9.102994457881321,-6.415404233595398,-8.61329021743908,4.618771621040471,-16.595086644049637,-13.421532875869348,-14.231367404470499,-11.50421565937524,-5.760447976968217,-6.194605775430166,-6.0694832593458345,-16.344996418166474,-7.790502167518197,3.755214106340202,-10.023897186708988,4.400935168208632,-16.05080805229065,-10.072987005619908
-8.91648397076502,-8.552898825300764,-16.51604553364323,3.9119116114981414,-6.301203092967754,-7.2490199274895675,-1.2070242201743038,-6.747557464479655,3.511999897974964,-1.1852326367816435,1.5953733866591704,-2.244015511204604,1.5201332673202015,1.2996146792914423,5.808645315898418,-11.465245210635773,-4.887743393652077,-10.791737547377144,5.581477928330632,-7.6159424198042425,5.472323248800385,-7.86463592438135
-7.364600411877489,-6.647493389377308,-16.820500690144595,-2.042508425535582,5.037603399622635,-8.254032818690023,-9.5995369670763,3.9561673080250017,-8.18754827563058,-4.359324315234906,-8.94157194938831,-8.59502220253019,-9.177962123179295,5.853962552563516,-13.124864620516519,3.813015640487388,-8.231947747588318,-7.9873582372594765,3.982137094042491,-4.287411714142764,-0.6027298700760375,4.17308304787446
-9.53074175341,-8.137647189948128,-6.178374219875634,-9.548136443537468,-2.312883367915473,-8.019122435572932,-9.779058903834173,-6.362609432158498,-9.049896569504382,-1.5108725721622378,-6.9466953930369595,-8.831121279265583,-9.540664708812056,-6.611189804101208,-13.478848878765785,3.453415693267555,4.068665788253579,-6.8963151864888435,-7.125086314241954,-7.782343106726975,-5.648566579184932,-7.293560744278323
-21.268833545185757,-8.310023825125404,-7.636422821460164,-11.074603388115781,-4.060537906786334,-12.150862660360712,-8.893257783400161,-11.470813700707044,-10.607909390853285,-7.84103601851164,-8.451733867358572,-6.372058379621228,-6.327086001933642,-8.770061486882286,-2.9400431100016586,-8.173459173906524,5.789139032189622,-7.902461976567624,-10.068748554133562,-20.89216922649947,4.746356722786311,6.272218992672533
