script/wind50m.json
{"header": {"parameterCategory": 2, "parameterNumber": 3, "lo1": 3.000054539987559, "la1": 64.9999836372058, "dx": 0.5, "dy": 0.25, "nx": 34, "ny": 52, "refTime": "2026-06-08T12:00:00.000Z"}, "data":
[rows 25 to 49 of 52, columns 0 to 33 of 34]
8.066453436751708,8.132667101687407,7.757024295487308,7.227055580442185,8.016544079339727,11.470167679326773,8.913031444814235,6.047237253355783,5.405038061254799,3.6002239524173434,4.573943890891076,3.462515393194842,4.288609274139387,6.748178662539028,7.42996896146602,7.6538423854270246,6.638440604100223,3.1728437983758333,3.2665169134392578,3.239554458325778,4.844217732766042,0.4715795494558606,-0.1405487736455571,0.6860421287204443,1.312935228182068,1.0539917753691252,0.16228387642684247,3.5103105442051508,5.077934322366668,4.815144540595571,3.8229010302479542,3.9557559849377246,5.004618794748186,3.8789865460421935
8.110999717776998,7.7529080200281735,6.807782972556041,6.235547473610465,7.9532838750473696,12.411911716665601,7.313750774584146,6.522444185189769,4.9280500574812836,2.4910459319095843,3.8535209894661273,4.081229754770564,5.716610481605031,6.276636143067736,5.35939808075199,6.002990683556903,5.073921264796051,3.7692635481407843,2.301178168641623,3.0241817234024486,1.6859377581457198,3.166856775923442,-1.0353932529188075,3.9144656779872706,-1.3428755207801624,0.4494363778271145,0.6635813288607514,-0.6651376520253488,6.027875419150445,4.662148956547411,3.4550557525841246,4.598569869833695,3.822259412116857,5.274225485042088
7.562116165491785,6.888480603181732,6.819195231844813,6.127210976028398,8.057828848145965,11.271885370475989,10.771594420254361,6.265548342929694,5.660104940164819,5.511181734911821,5.681731532349388,6.571420035066081,6.154255387320888,5.321128104135544,4.467669555015545,6.617822537430782,5.524502926110788,4.591489642515766,2.6350121371086925,2.204742151691866,0.21218988912765188,1.832573757149134,-0.16565025040382989,2.128283752469312,0.49268117989063465,0.2530285137972431,0.38557397878351396,-1.3227779282507737,5.172869322300143,4.873464454764862,2.6393828076639942,5.027965529093025,4.74670060197822,5.302864380405976
8.109834891200082,7.173115081941039,6.494054422413047,5.395187360939488,9.253237239824008,11.005232468713102,11.550030313133883,10.420732000551467,7.561502316455629,6.186910082280431,8.557973312239644,6.957634362951645,6.747067531295318,4.52280073363641,4.380454568685687,7.471476424261145,5.988702470345322,4.167936991150102,3.053548146954346,1.7513356294491396,1.587304416194268,1.3633561977899566,1.0877226655639107,0.8111564239018648,0.318052070644719,0.043662620865833564,1.8050175792804537,-0.2506878409266103,3.6324231273921073,2.601185447655912,1.0260319730074898,1.0167875187974533,4.7844442784226855,4.666369132293406
8.364515275630392,7.374051611697627,6.2848777194677545,7.234498273038044,9.479083022019452,10.041954978942666,12.230318215822685,11.243535970589264,10.173593249543892,9.529441592283584,8.722724797022744,7.030567039204161,7.7096174668968604,7.557726587444429,1.7503742285442727,6.407336089272536,6.023733830833086,3.5495004134897243,4.484707012310293,2.631137502008742,2.6831031456165646,2.6121678104905612,1.375546442700565,0.8081324295173464,0.7788157682697125,0.9071717989800027,-0.22817112814938137,3.889399195435934,4.263369723008016,2.380132070228936,2.160724243181649,4.8627859983833615,6.776839868185324,5.27627536225114
8.945090881808964,8.184277321780938,7.05093814284682,7.229102339980988,9.436558334917246,9.126206591837132,11.673375279304723,11.685443100689788,10.846572484190043,9.396964670400823,9.08121218288636,7.965156642040861,9.423032443836739,6.845613296099892,5.2288372395007,8.221270872176838,4.0825375759714175,5.3391380164444175,3.8429098179495504,2.291242241876563,1.041683299215346,0.9782990809521616,0.8583310440890815,0.8867791764975045,0.8705410354966971,1.4706087592263408,-0.20444157449719427,4.242368051759316,5.036252179507678,4.658483503463957,3.403444440224761,1.4562979849446034,6.659135353633697,4.827943763199109
8.013743829739278,7.396189624953634,6.84335115194092,8.269205718602414,8.711170269653417,8.7804803209133,9.500101705935657,11.948145231571432,11.171876689467123,9.995149666799817,9.576812250378063,7.6138974178333605,7.997232694219813,6.986968451425664,5.383650137316317,6.0428966677165565,5.35247630592629,6.035433365430492,4.393655445575966,2.749011558089869,2.071722426102521,1.5255313923918468,0.5999992453431872,0.3617111323744464,0.6964476789468381,1.3357788449754049,1.7158153719054543,0.4226387696501275,0.08392779593738071,6.099170342016524,5.602825276105289,4.587283290370829,7.2206609500703705,4.84362422527844
7.725548437483916,7.7024134451574024,7.983939575208361,8.498231246733466,8.372649531826404,8.08532801100378,8.292258357512853,10.276573422008127,11.483616988228462,11.061719109567257,9.681656639317476,5.585113146673394,7.267759312767914,4.887127054007414,3.8312797526281477,5.96048874626163,7.429194763216219,6.552437137204838,5.126672647701003,4.209002888404492,1.7675979007610363,0.8661944846209965,0.36268277370842855,1.970282431264462,0.8392281407886351,0.3868303712658631,0.69396685024878,1.5853952159905365,6.729295458186598,5.044656797443291,4.9468486311884465,5.806663918463853,6.01100301347794,4.272239452399997
7.839258000564958,7.739882426714328,8.332609964710388,7.884519991532382,7.7597449859771395,7.606287062273376,9.321265828356278,9.308796076067457,10.965272460703778,10.87467037470729,10.537337528392175,5.815374497228086,5.084532845182008,3.410330818569449,3.2094153336189497,6.96422923186357,9.082883439933939,6.2145301190288835,4.785066760561302,2.9630955986763783,3.191381833043153,0.6937218544430864,0.6398261524457466,-0.12886657994990927,0.11910895532826733,0.24861154289722193,0.5843864899891383,-1.3173994518217242,6.912702047031597,5.149499837984313,4.296695476922502,5.456624139222052,4.577607716979504,3.5867768566638394
8.113113041958615,8.627899332968168,8.21464410233888,8.073230380324304,7.568400192802724,7.9806431829244415,8.60395289351671,8.978508489551436,10.825478560619134,10.919503400999574,10.483026864480296,4.654530612777426,4.444210142203706,3.6891362263315783,3.6381040715795847,4.733143818304662,8.02005279384354,6.111596846085407,3.9901327336302015,1.7129429349893854,-1.4953805349045117,-0.2914129619092084,0.07229092139420867,0.05586643769405706,-0.009533406624936352,-0.5132616989571618,1.649977702365335,3.8732383323990653,7.309737346881335,4.6793960886750074,3.3005310758328474,4.19040638677167,4.7881773630442375,3.3893448883771247
8.514899422232148,8.704795794731142,8.455537263409346,7.931414145909133,7.679571545082476,8.02258061534657,8.190353138056228,8.863688466996962,10.08524415540233,10.584447790384445,9.745440954152063,5.775392072989992,5.507693486700116,4.389321462096871,4.639739862073436,5.397833217009759,6.451890241072321,3.059391892742584,1.005682388590189,0.6642758524335599,0.579294287196232,0.32935373198365026,-0.5534876777967765,-0.03393360290488385,2.1912201653284664,1.7728383010299695,1.3676864876942674,4.449428985942162,3.9659963771842617,3.700549151164005,3.4993381186794066,3.8960001394167656,4.423137447413798,2.568319796403906
8.521304938759451,8.630253823876416,8.408843424899112,7.7743249480951935,7.882855938461229,7.581839634044887,8.195129413111296,8.442060651264141,9.479513829060783,10.09379998935905,9.820146168925026,6.100514237870758,4.459743003744132,4.062952009029231,3.445280905936073,5.006851730236158,6.994910750368277,3.0077764943846206,3.5859836959274762,3.6063126995297092,2.080083771627641,0.12023390546709672,0.5024786455300717,5.369914715827724,6.754301785813501,5.385178578438604,4.737788161953265,3.0325731807732876,2.585228926836618,2.458573536718664,3.652842395979374,3.9315905933661894,3.1829893141657335,2.432210797078763
8.174065088161962,8.562313979158796,8.55654306754661,7.202800554443326,7.195730240227366,7.658798966889207,8.00339973760913,7.747869695734883,9.01131286929957,9.91257858438942,9.63294090766822,5.100882378982259,3.513229717422824,3.4747619580901468,4.417948602720308,3.159266796850842,6.885109365420972,3.6464946208302047,3.5847310740591185,3.900458171948563,3.149941313913135,0.36235099317430314,-0.019097026171951106,4.635444984677697,5.721383883678066,4.2285141806349635,3.357942570223351,2.8366843095941525,1.7409619347830878,1.451541801270628,2.427868701222015,2.565047735347811,1.9503058293815283,2.7228317790770693
8.082096743755068,8.272930858349753,7.180688635991842,6.56165941860611,6.929022348867988,7.64633374228997,7.722725024114109,7.800462715244318,8.990398145731298,9.306796743024293,9.203045860323073,6.46713703390422,4.737406598890284,4.021564688478229,4.466301042156756,3.377847189825643,7.582223208970169,3.284504169951222,2.7220926340871467,6.1100419863565625,3.067094903986549,1.2597069968744674,4.567518395812407,7.567274879343685,3.8276931574748163,2.071763947111962,1.2576932851804672,1.570923637768756,1.1501995895401218,2.69191919133818,0.7385369993578806,0.9397109957017139,1.7029738124560247,2.414558366279229
8.494140457183732,7.806831612580458,6.661421759708798,7.8332931493355025,7.947518431998907,8.352390210499976,7.930452487673592,7.392766619217558,8.403649823707509,8.987502630683002,8.659326635886815,6.469511445316214,3.9851346246058075,3.115614369394175,5.983087217462164,5.583985390658617,8.06072779492841,3.912296920734204,2.139808147337645,6.361852062451745,4.605784229719972,4.224242926547316,3.910129003902209,3.128312161629042,-1.0021771089341465,-1.998754837652246,2.956267895100694,2.082750851746412,1.772618002641877,1.2787676500967902,1.1175399205094545,0.8485793545094948,0.08024164879607748,0.37714351456497136
8.216428234015757,8.479908177126985,8.255254305115583,8.05451136293095,9.154893471227886,8.464744740618809,7.083509996405604,7.026982485573433,7.934157672611863,7.873706706104124,7.626620831524451,6.55414550626002,3.7251935404918197,4.283248743267994,6.995009489605366,6.156188732411628,5.907424283362796,4.312941555787461,3.2891502147187808,4.640444711058465,4.085209514062056,2.762050784183693,1.515260828254397,2.3896486608454413,2.1593100659036875,3.4846241828147315,3.39492468263983,2.9961439830955765,2.6789702131812825,1.986833378872691,0.4040137643250589,-1.2492838785772165,-1.1004906849939233,-0.5676800098212311
8.749123814405793,8.196790902736689,7.707466315335782,9.064649653293737,8.140983916268121,7.240931323445955,7.935140778269576,7.333103676846099,8.031278466989326,7.20960197859725,6.66833508821274,4.964218805069413,3.2507122133771182,3.5514183678124533,5.611664997287209,4.713623905494727,5.017465315517991,4.690724384976365,5.524026015883431,3.223417943553111,1.5826302369785046,-1.0220969481378646,-0.7108504383760296,-0.5932098311664733,-0.24847034386827516,0.6489342615348156,1.3754452877688323,0.4644196640345219,0.5496540969790636,-1.025598557216198,-2.0811356403760763,-5.922056521172132,-4.154076777610936,-0.3074096594833084
8.160988373289811,7.0217824969834375,7.9643268276211705,8.534680311196723,8.333688543369599,7.720331587308854,6.467424270322943,7.07464824627667,7.088496513593878,5.698183284049081,6.010086252046145,6.208299213069711,3.4902517944399483,4.07436229334848,4.466996965417917,3.8249282008493877,4.486350699550535,2.4415412062530177,1.4443778052964036,-0.25391763547686624,-0.9869919920393526,-1.5924212111310194,1.1751207585244166,1.3599402351064227,-0.008927038320969357,0.05942668867398952,-1.3431328098380997,-1.0388788219709537,-1.1796871841817294,-0.7340810051332763,-1.3744051042672025,-0.6563933270369388,-4.419071579683012,-3.9176025281108178
7.902228218094743,8.415821951136062,7.119588386840557,8.512833157223335,7.278052154527771,5.804171093406179,6.562462811267135,7.02333751681014,5.094766292744141,4.168935835648555,6.437959324378672,3.0479970866300157,3.392206347968451,4.23200959582755,3.497671482957113,4.2934017278056436,2.1442533980008625,-0.7042359033700151,-2.1400044616037452,1.9291863671300251,1.2774017884925706,1.630267177516171,1.0192949295300249,0.5715255752475394,-0.6666369281763282,-1.4968839869401749,-2.3638008922051954,-1.8321826157037286,-0.6947403532542202,-1.6905183231169445,-1.8298356427451175,-0.5849545892493845,-1.214649569781978,-1.8187499771384048
8.050303037553402,8.167873013274571,10.165351983084978,7.25603802223371,7.295350577262528,5.540209677247329,6.587813338893702,4.458376271841872,2.256181885651452,2.395688828753897,5.204506243242343,0.6636524679475064,3.650468932615855,3.406529853150563,3.1370072952431305,3.8837723556073427,4.204197075538849,3.567245736085719,2.8279292330768326,2.5616224924457627,1.5958798706390271,1.3986323570944892,-1.1165224973491874,-1.7323023441100402,-2.0499470846802996,-2.9531692633854156,-2.850385775951454,-1.279087793759458,-0.27263612202885745,0.3584350379678569,-1.6939413626826108,-1.12324061495785,-2.429340165694485,-2.326393132147495
8.47776402794131,8.600245563993322,8.478651600846696,5.091477828510361,6.834623045709184,5.988955851174085,5.347016199574391,3.7028241284008745,5.169249305594788,3.984848328454386,3.787597794845349,3.229190645298083,3.6178558528032307,3.7043788250042238,3.6500603860507264,4.133499693621954,3.9728697545426295,3.33354981639353,2.6433739327794137,2.483218080255584,2.786852397289315,1.6101279428502868,-1.6055537658690147,-0.28980788011301106,-0.5093399590379849,-0.471737517484277,-0.2838083284054711,-0.3268036829087609,-0.40723452097625296,-0.4751769622038559,0.03790217301118947,0.2521492013926695,-4.186960213803233,-2.623289612889211
7.795234530378082,8.44891698670931,5.609314322727514,4.7862485402169845,7.035100062724666,6.355974382883183,4.874704513967176,6.203830068305743,5.013956415203502,3.5275400324057733,1.7560911506700372,2.81982329016205,3.3419694876323742,3.5834573911133023,3.62339373241263,3.777256404250337,3.5721151555156485,2.5833979307105808,2.825199035772169,2.4493609650771155,2.207892663488274,2.3237403356348283,1.4321965691836465,0.26757275649829243,0.25285012011184,0.203924165162086,0.15670800982953556,-0.1772871487951339,-0.10266769735122994,-0.5388693276620828,-0.24756424893284684,-1.3743726006240078,-1.4184553360617997,-1.2286140995637738
8.046889369628856,7.316479256209286,6.7481854562022985,8.609092011110901,6.9634015870439825,5.9349853807979045,5.303408740750382,4.09592891306813,3.477017808885137,3.071080231890052,2.9227120053988944,4.218062796134908,4.715641946900028,4.590267965498946,3.977449499779847,3.729873619436253,3.1060012657071994,3.0990512750645625,3.298425267577522,2.6335512373063756,2.4390043924031497,1.8101378329924744,1.8729950219736986,0.6847530175259146,0.14907500252698624,-0.3576572958142106,-0.4687477977071451,0.2243951312878038,-0.28291171239725604,-0.10119492009059577,-0.611194179115724,-0.9725846820856937,0.22186284454866256,-0.21016127036303583
7.93133078604172,6.739646348165251,5.80423817158687,8.389310761919685,6.230117703204495,5.722510882010818,4.904241326668765,4.115686841672727,3.8765572908775927,3.5334201914421803,3.9191851068906476,5.065959577783862,5.008195967535158,5.0323140304229845,4.308931551734676,3.9770222468027017,3.4977374157111916,3.0774131576739188,3.441720522592485,3.0074038105560854,2.9326377265996366,2.4484451074603326,2.171333438003442,0.7362322740345606,0.36030392935837213,-0.16943311833277586,0.4329596765575458,0.3873114051022193,1.016616901271957,-0.3874454638392326,-0.43602642693491506,-0.9637547205943299,0.09040156567614573,-1.1603327893912383
6.965531564330606,5.4250629444634235,5.661060366625425,6.475140885934821,5.981045070586664,6.622091657955764,4.7293318422332655,4.689232311475688,4.042584408429021,3.6535943868797327,4.302490854079116,5.2932417246962,4.682135961901145,4.535321355318565,4.445632568499063,3.9934780023987186,3.988598485543219,4.232199243764369,4.1840043049208,2.647931782795753,3.0252612761565256,1.5646715093768406,1.9922229402706553,0.7775586289194897,0.6130465880726612,0.40524463264696947,-0.004566632632600657,1.4577681709342298,1.0601805028357731,0.618064111332405,-0.14014118731992065,-0.7258049421825981,-0.6892694601533325,-1.3600299414338224
