script/wind10m.json
[{"header": {"parameterCategory": 2, "parameterNumber": 2, "lo1": 6.000027932988019, "la1": 58.9999434238085, "dx": 0.5, "dy": 0.25, "nx": 22, "ny": 24, "refTime": "2024-08-26T09:00:00.000Z"}, "data": [1.8911733217906508, 5.281089012153117, 7.07827994357324, 2.5887025965245747, 1.9725141954120742, 1.436356011760073, 1.9271461477858787, 1.3865816475917092, 5.829034536695768, 8.351842891308896, 5.471204227921871, 2.712147108507002, 2.435421617685345, 0.6904296438753995, 2.5974945524631394, 3.3485379166338802, 2.135003553767553, 2.248361809789878, 1.796480537560297, 1.6740053100975614, 2.008012278741595, 2.106486135362802, 2.269233724296604, 3.6242685572284006, 3.909200382734614, 1.9028362386269781, 4.358566497048982, 1.7581430104692564, 1.706011762510903, 6.348280943287315, 8.782906888132896, 8.298478905851033, 6.2901198859546, 2.2581842745659535, 2.273686414482226, 1.0519084727516264, 2.1713287623256354, 3.439814212876178, 2.354586313025856, 1.784975026085766, 1.768458457717737, 1.4839009664175582, 1.6751126492949704, 1.7636602890456323, 1.6221100310232652, 1.8376978754069264, 1.9936977526832862, 2.6863643595150717, 2.604680688180446, 1.5960368628631796, 5.936051590673402, 8.014485871758051, 8.770719771050986, 6.31049951984842, 4.7072624895880155, 2.47979456599086, 2.3672772131379562, 3.0686249004921184, 0.9148780522373408, 1.7664653773454135, 1.8960642875482399, 2.6815461365167246, 3.1952669162642224, 2.122158803689379, 2.0503440522645797, 2.647766861610757, 5.307460473516956, 3.2647394876626867, 2.0038438499211866, 1.8839855979662146, 1.1435650001670676, 5.925122492451193, 8.01902996090787, 7.915722242266853, 7.082837611671411, 6.449889134416513, 4.683325808196258, 2.8827764304079335, 2.221662355421027, 0.9513974975995628, 1.6430058246391348, 2.167759481668779, 2.102173225393496, 4.272933493665931, 1.9601197250272997, 2.0366297750359927, 1.9931577190966454, 1.8284249299458364, 6.118782391851158, 7.041981198965482, 5.600194468704325, 3.898732147108438, 8.514231057627944, 8.511979807076056, 8.452341172827154, 8.445273854558781, 6.2405041155953445, 4.907631064923986, 5.059840238612542, 3.9628148520634343, 1.9777341174869048, 2.2109160886545793, 1.3551264108434982, 1.7840463511348057, 1.5843704240495278, 2.217489523375195, 2.2153794899040835, 2.2024406015154163, 2.2231906269936985, 2.038073079461714, 4.9215747831875705, 6.137978176097774, 6.867319832155951, 8.72206351710699, 8.333419163219073, 7.804519774501152, 8.594688717412179, 7.462807884550226, 5.284802186334582, 3.5069195662450876, 4.555118799492135, 4.3467647153445235, 3.2442085032922456, 0.8658902595372572, 2.0359420598983244, 1.9415711670381264, 1.9855727403865921, 2.226073708303674, 1.9916819343007446, 2.3945592606799466, 2.107466913731093, 2.014742838769668, 4.611568536359022, 5.387314361839868, 8.243007999184588, 8.714871368520125, 6.64011762049481, 8.440526488278195, 8.429160677881056, 5.91206438987433, 2.7783487169127357, 3.3356810892094564, 5.1641707432149335, 5.755127639527044, 2.5324165236053253, 1.058417788899165, 1.8441606532428445, 1.7236971959727319, 1.7344368249439666, 1.9214535518732607, 1.7454771896822923, 1.956145679273992, 2.0224648065413886, 2.1881168197625427, 7.515037748810122, 6.785737801985014, 8.623422387258922, 8.088874748169964, 7.518333037473199, 8.142499519709586, 4.832576251160548, 3.7211106896023693, 2.0351601422557795, 2.280855573051741, 2.882095348236356, 5.475686392462498, 5.936241729440437, 0.7285243299454545, 0.8883733827019578, 1.4414137361796497, 1.6961587713871586, 1.7422577068410758, 1.8539632071605505, 1.7284913829767552, 1.8209424137264612, 3.1776127186087266, 5.711042716779967, 7.558066759770257, 7.7424316291251145, 7.577680859758958, 7.434307094239551, 2.5698492991937187, 4.675495437410877, 3.2900758852085183, 2.190930593275722, 3.9192622837029485, 5.038351340300612, 5.503826544699883, 6.110064980599336, 2.0059112012622156, 0.970215186726701, 1.2396817651064451, 2.2818720436568585, 1.7595156588036032, 1.6426133947878985, 1.63394966334256, 2.1444013384096485, 0.8087464637031423, 7.872338323696221, 8.96527020907796, 8.000242498361073, 7.566909525784998, 7.532735097113591, 5.171578070581029, 3.504542046852232, 1.7380100060829502, 2.428793522910302, 3.445145440605387, 3.5185365402259663, 5.29377195046826, 5.990748437862437, 4.255539058153375, 1.0973163803056025, 1.783282289986776, 1.4747943711508622, 1.4893193212770952, 1.5846400356090724, 1.672035208948447, 1.7677750875094536, 3.486225164858487, 8.393584155580678, 8.916328575944151, 7.315252801494206, 7.215452959714253, 8.81573239698949, 4.201936942043832, 2.6413616428894366, 1.389496950856764, 2.2363796628147363, 1.39713360189243, 3.556265346262253, 6.3361577253639725, 5.70988386796837, 3.681155109435115, 2.4071883202890243, 1.50720837301412, 1.1099977623561748, 1.0290485315898266, 1.2258900892881666, 1.554862624822387, 1.9758576924308162, 3.6655940023092866, 8.514782165493818, 8.317735632206539, 7.938452886021425, 7.39530220669059, 7.475707840119268, 3.141773079815046, 2.5309459429321004, 0.8496683736453369, 0.9628379822340004, 2.7398389631490963, 4.393219773945112, 5.604557420828258, 4.319352245353695, 2.219967657759616, 1.5562363179485705, 1.6417534760447485, 1.0849155050929684, 1.0585203883721235, 1.1422322559827478, 2.384720464293791, 1.693385413740927, 1.701614591500622, 7.967711273962276, 8.276543283087422, 7.967583722717367, 7.45377679729223, 7.04325932921043, 4.040938447591151, 3.553728996917684, 1.2313635948911954, 2.2249818252599214, 2.8902366388340917, 4.037441431100851, 4.587804688906787, 2.210972889622223, 1.994842310830718, 2.2530085080021047, 1.8730223396796246, 1.8267945562728483, 0.5369671823593091, 2.6575410601637617, 3.206366632148193, 3.2204334603130276, 2.2604059035940804, 8.835659329336655, 7.987881282255988, 7.438934229504944, 7.537442548964175, 7.396493692755298, 3.3370969328713143, 3.6835263620674685, 1.6722604298007968, 2.5378633901384355, 3.2551019948654027, 3.2209924557543173, 3.356467624754146, 2.7067110333540447, 2.0156768638772755, 3.393748978303152, 3.019620631628989, 2.020114361726527, 2.957556855210134, 5.005398325723618, 3.497521015419423, 3.953794491876564, 3.5541064013701638, 8.324885120828103, 7.5616120050462525, 7.595774178974753, 6.588554102471411, 7.654210183239533, 4.908372158458214, 3.3306880638021066, 2.434403933373551, 1.5757816431411298, 4.793280902862753, 3.262901337932497, 2.5317592053268183, 3.0124067605741156, 2.656769226774927, 2.4442936740655608, 2.3745210270212413, 3.077924227875868, 4.403389027141465, 5.528836792769661, 4.654529170944193, 4.467212904478068, 3.0621415687838662, 8.098198123236324, 7.017287115462561, 8.094110233117686, 6.356697383145266, 7.574550503304718, 5.520438490238278, 2.5468743662808966, 3.4951929447930112, 1.6365858512197102, 3.4506234655748074, 4.952304947530162, 3.8398660826573736, 3.4969275201858485, 3.6389633349534574, 3.712486216922394, 3.7911118956296064, 3.8984003480194587, 4.13298826676716, 4.285339125779289, 4.15230237675291, 4.021958028603923, 3.32033813571226, 8.266770595271916, 7.974240197807747, 8.015243695296245, 7.322546526221034, 5.8252960174084345, 6.192327042723738, 3.0242002266438197, 2.513142769808375, 3.0463205385893426, 3.3764892558084014, 4.587616850285648, 4.431497138712526, 3.3128810748287636, 3.3695743839672345, 4.232387566378637, 3.269504793640524, 2.5710363127170885, 3.426919872793712, 2.9084757034432407, 3.6352840617191324, 2.320341211741295, 2.5296815212091603, 7.96425267136861, 8.0142760307751, 8.291014101698527, 7.5323954446801, 6.697642503011772, 3.706601635391039, 2.187155414522209, 2.4357048250697386, 3.423442554443572, 4.8459996475337315, 4.405884230292296, 3.896578158945514, 3.9850617284728203, 4.157983691602292, 3.110492454296987, 1.9822825323693412, 2.3633251025183206, 3.6222972091637486, 2.0823917347864067, 1.6271237083478494, 1.2886974199542767, 1.2667977642232282, 8.11351600646699, 8.174525828538538, 8.033457296784047, 6.147686262631631, 6.921613840913229, 5.505850940776028, 3.5740470229290664, 1.5861877295901736, 3.2302459040416203, 3.209350632265871, 3.512525847897257, 4.6960880742348055, 4.694592181833284, 3.6405720628705365, 2.68924373765602, 1.3440985274703359, 2.4202710671208254, 3.968271913183408, 1.9835079904284652, 0.8614237446092139, 0.18461405800401426, -0.20976106412875964, 8.117027589029346, 8.126345898526377, 8.220994165582399, 7.236137465351708, 6.6650407069583295, 6.354514799824473, 1.5887592909303812, 1.143004599804923, 2.2249991311366286, 2.5058598142258797, 2.5165065130884474, 4.519225327076385, 3.759165033333815, 1.632847325073805, 1.3024239348510842, 1.642206892120194, 1.3108851390217693, 2.384173526600258, 1.026888199063307, 1.2430956326819105, -0.44880860192477146, -0.18818004879228026, 6.781970548661567, 7.484481134712781, 6.237312870585803, 5.868440757483393, 4.880867508000649, 5.240970887235263, 2.3314662640119272, 1.88394310488489, 2.1374722353647626, 2.3269693145465578, 3.5235248217740964, 2.648642265053661, 1.4151282674191603, 1.9783698184088374, 1.578926068455072, 1.6412981227053882, 2.131075728577551, 2.349105530163186, 0.8300206048381895, 0.5116747660898756, -0.5546538064641752, -0.6287422738128887, 6.997726033351666, 4.067524001084968, 4.8103321222391315, 3.4829764121720403, 3.0182467631673515, 3.545168069664865, 2.70794395551305, 2.0418242233468855, 2.1149393157760623, 2.670318759493132, 2.5574725391514375, 2.940951769807261, 1.9456794613202664, 2.269246324483695, 1.9201336489416045, 1.567395470494779, 1.2932934821825262, 0.4802772114905618, 0.8295607939802907, 0.0843342876187189, -0.5645004989810258, -0.5288294421279749, 3.851015286590208, 3.1930255288243563, 3.738108049353935, 1.5652723751214077, 2.3566802144061314, 2.2250984347328964, 1.0870178302647424, 1.5097657917333491, 2.2266479281341502, 2.0254277697368974, 1.873445911808656, 1.4163806625762434, 2.3161679313719064, 1.9666654100043122, 1.433073708529962, 1.806833804871334, 1.1061749564921197, 0.574945688209324, 0.5135220282115145, -0.18226858977632165, -0.8722961155430641, -0.722505171594572, 1.957865648627273, 2.1261831725552276, 1.8339143371043591, 1.5075460664442797, 1.8709043938656897, 2.4092609194323518, 1.9927832951133853, 1.7659073926059081, 1.6536028448767346, 1.5299061001708325, 1.4328727910501076, 1.3688680975854906, 1.8127286862319145, 1.3357446845344292, 0.809124274640785, 1.3080724457976296, -0.11002816691486172, 0.25820318869177067, -0.13978788981029566, -0.5739111241340009, -0.6716169620825748, -1.2615281653598807]}, {"header": {"parameterCategory": 2, "parameterNumber": 3, "lo1": 6.000027932988019, "la1": 58.9999434238085, "dx": 0.5, "dy": 0.25, "nx": 22, "ny": 24, "refTime": "2024-08-26T09:00:00.000Z"}, "data": [1.2206521895987879, 3.0509642554582275, 3.4592105272697373, 2.0821924494635278, 2.1475238860729484, 2.399209073638172, 2.5075117497890314, 3.1970447027241815, 6.676076889875441, 11.328197235820978, 12.707608127458874, 4.486541207622053, 4.447574029666009, 3.222687791944341, 13.608736109500555, 12.939887876852188, 5.519866699876018, 4.384818498032431, 4.668123518187327, 3.749657520662543, 3.837344630750799, 3.933276677222254, 1.233728728589334, 2.000173085653982, 1.7261876695086042, 1.474300274704218, 1.9027145019908176, 2.12652171808231, 2.7884821141374387, 10.52798159800178, 9.9200777174016, 10.913725813114164, 14.440397678780993, 4.977975632486768, 4.664210543019885, 4.044565899501037, 11.665280440125665, 11.151871314200099, 4.760478067995301, 4.295679865088426, 4.363155363903317, 3.382061328515182, 3.43719206437071, 3.500664274441005, 0.6577859169800322, 0.7523975994061309, 1.6696683519085387, 1.7515629895202935, 1.8167848241329865, 2.468895008705285, 5.792361778724874, 4.667038703247979, 8.865148776153525, 12.619419351532851, 13.357857693437735, 4.487252089349201, 4.306739615289788, 9.774164130772961, 6.904412202800353, 5.363999828316952, 4.660741289123338, 8.342737379309996, 5.324171853416109, 3.3611299011165374, 4.40662157896991, 4.461357032838866, 1.078519547533176, 0.841719489614104, 1.5496176513964972, 1.5410894525160228, 1.2080839046389347, 4.119084311467533, 9.371248424391807, 8.138224717732168, 11.151686617215042, 12.791473832836457, 12.588093609406583, 6.463852166495571, 4.560287453245339, 3.6423629005153084, 7.174545723117379, 4.7702100530404605, 4.22889814579623, 9.623756263898045, 3.7235164038567885, 3.701742746287597, 3.329259630409382, 3.191486094507317, 2.204594695063542, 1.7745330572201, 1.7739080409067092, 1.0228728696681855, 2.4572747066780565, 7.07022815226167, 9.54102672400255, 9.226086482476529, 11.747496561656597, 11.98840237441975, 12.71678748765577, 11.059938803694822, 4.3749255961527265, 2.7383163147741763, 4.47859072265905, 4.774148069614786, 3.584308000485946, 4.243551148288496, 3.533809299212583, 3.182205358248234, 3.2609555614551096, 3.597481049655362, 0.6191521401848726, 3.094560151154191, 2.7326302189067677, 2.588503285193488, 8.24664874501237, 8.283209294298285, 9.056791853926633, 11.50307938225756, 11.391336669923254, 8.059545921318916, 13.026769222145386, 12.15007824154482, 6.468259119977945, 3.9795595907286354, 4.061674637724841, 4.095737544764691, 4.538168925407975, 3.833010264852742, 3.904588791131364, 3.544158033120971, 3.5226096871112107, 3.335081119474334, 3.898311137199902, 3.030261156031753, 5.111367495117907, 7.129621365122003, 8.419170456254603, 9.053653058946878, 8.78550016566984, 10.596517491516016, 6.7191500599199685, 8.704437336446016, 12.477363630106279, 11.83169347151019, 4.808381977556663, 3.5872684247892077, 4.147459463743066, 4.091074208503471, 3.8766795671552856, 3.8323133119276185, 3.896345739424172, 3.5158053962347933, 3.4379162391840645, 3.4250928872015747, 4.729312646317131, 3.8881115323457784, 6.570295974798292, 7.986312838635143, 8.756016556059896, 8.554253813867001, 9.121057466465993, 8.369668507600702, 6.44911399405914, 6.75512875024307, 6.675307148301681, 10.924128452990017, 10.872625716330854, 3.986633747798577, 4.089599640971678, 3.753675620194929, 3.4529869955317474, 3.5788294657438926, 3.6229305914822953, 3.5735694991143103, 3.1038267001596176, 5.731739327907404, 7.136147174080667, 6.353007240517276, 7.626227889144085, 7.646938529404544, 8.053615511261292, 3.4588090274592784, 8.563526786976619, 5.543373684194998, 5.194999258696048, 10.006330266463502, 10.100645188399948, 11.166418647472696, 10.979757569908255, 4.750518768966781, 3.5585025175584564, 2.948651309745452, 3.9332977049204096, 3.5191343770521697, 3.301344639598481, 3.2860213519036705, 3.8915629617302754, 7.079852308379933, 6.30247817593562, 7.494933111405614, 7.22846946237185, 7.253351058544475, 7.80901716971919, 5.9995101639529205, 5.355570962775656, 5.072746467199455, 5.804760735660856, 10.243204467025196, 9.903717286184955, 9.703540209947938, 9.969818549853592, 10.234416000443558, 3.5449046551704337, 3.430285820709971, 3.533606616931451, 3.5767495486744343, 3.1649262511618685, 2.8859965270665198, 2.9758822071538025, 8.275024957545893, 6.088944901080482, 6.804618493444783, 7.453812763477976, 7.935595418125021, 6.490277331095023, 5.44812912062072, 4.691777407112194, 4.797374485529196, 5.697316915735392, 5.020570293237285, 8.832858257826581, 9.382637313268345, 9.685819147558691, 9.893417554373197, 5.046510057078367, 2.869914325074778, 3.253267728255167, 3.138243877868746, 2.8892806302329204, 3.045385085310959, 3.001154832549299, 6.038366325940574, 6.072636006676541, 6.453587685560775, 6.910340209339776, 6.876789772220632, 8.362325494765456, 4.195690411351006, 5.374201986812511, 3.8356476138158535, 4.3677073467721765, 5.666758293408506, 9.123774037124477, 9.176746494686606, 8.688082050060473, 5.888830001154859, 4.204031491280226, 3.6029741346248914, 2.751778759828006, 2.9053842587949514, 3.0816631898636686, 3.1496610086773473, 4.131695519793262, 6.141088738775982, 5.694363085139498, 5.929837683584725, 7.172818431211698, 7.087595318410484, 7.448043120344782, 4.065776897197349, 3.085739640046839, 3.056621383023189, 4.0378268103229775, 8.480402069620403, 9.368100334567854, 9.283100814213368, 4.4561785987704265, 4.2109796454013555, 5.334155747799846, 3.112069142349565, 2.8412461061733985, 5.6002107813986886, 5.797794462090534, 6.04386310785583, 7.549758774237245, 7.025100168572595, 5.733016843564578, 6.526879574627406, 7.289278897185143, 7.218466635480518, 6.680365928918573, 2.548026194100418, 3.819165222531621, 4.084944714838066, 7.08704995066673, 8.868165392348537, 7.701646259331833, 5.935460794810565, 5.451902903113346, 4.4777980925225815, 6.2874960752361755, 4.568778325154499, 3.4013028582397418, 8.379527655309907, 7.381287166983018, 6.044905212219997, 8.337473946157525, 7.444556602823275, 5.7112039974646205, 6.620329676810769, 6.040791502943668, 5.7183748838571375, 5.717070363432065, 3.6251773572917645, 3.1940016268216485, 4.891485517911991, 5.699169522619835, 6.638242451966275, 8.588487897508054, 5.361402057922555, 4.618491995860264, 5.77719467420709, 6.017550654559581, 4.8279567181264325, 5.461902780925786, 7.928526546097084, 6.597474258873655, 6.652403869452798, 7.701971394168743, 6.477106447363245, 5.264728039549211, 6.0129981484949875, 4.977972087006976, 5.996420399018931, 5.270783015445736, 6.530510434541236, 4.304898426823547, 5.177102932641905, 5.621006157706982, 5.346354657231841, 8.645343418099555, 5.0672885228922455, 4.9252904277294, 7.167656484579071, 8.549458975053465, 7.547028555781188, 7.487768226362111, 7.859343088729872, 5.776250216796956, 8.21634492026358, 7.419910616444746, 6.573708187547421, 4.871045186901536, 4.925846745372015, 5.0290524244049974, 6.3989638024493685, 8.169408538838441, 7.6205534518477265, 4.927653314288898, 4.36979736497196, 6.856577811654494, 5.966209116782568, 8.764430885402154, 6.87689897079219, 4.612721196267416, 5.534894716353043, 8.059739827086203, 7.1179402094702455, 7.946905700682442, 7.935102122038539, 5.5142709877755, 6.565015109851601, 7.200216905114383, 5.982156705279481, 4.7293423405762205, 4.443080613336617, 5.004836959140643, 5.589605143886595, 9.97512564105712, 6.175589271036529, 3.6308163206185715, 5.255399906794247, 6.6010186348606705, 8.23052064430065, 7.983514451302864, 5.558804888569312, 5.716784383126012, 8.097825590452931, 7.005455743102497, 6.700137402590516, 7.029279589841534, 6.41788063221273, 6.582179817767231, 5.969641206293272, 5.905874466351895, 4.621431663775998, 4.4755098598668, 4.723952407839469, 5.215598869793969, 8.085391033665307, 7.879298436840644, 7.299298722631629, 5.172321427625692, 4.336609814402399, 6.329764663865343, 7.086879187839145, 5.818240612150606, 7.679300274876524, 7.7333865693574895, 6.520732134311804, 5.777233874009852, 3.752807096622958, 5.449530175358131, 4.92229664900049, 6.2928635297355235, 5.081720623074189, 6.400088406798576, 2.3435772301576088, 4.591374062450197, 4.303922660139761, 3.799541531545766, 7.770584272836718, 8.296358637779132, 7.470467484370489, 5.892014210334921, 3.992860462869419, 4.082361027885395, 4.8711968724702395, 4.628051526269822, 6.928842382588332, 6.446874934620757, 3.6952762027764, 2.765184408752519, 5.045547143820374, 4.0144540418668235, 5.302006980482342, 4.452869745549246, 5.008101851758534, 4.2295911587768495, 2.6088629918256605, 4.984078125307741, 5.618698530100498, 10.931591230068243, 8.748651625668023, 8.432928833699686, 8.353226731728789, 4.403178388934334, 4.524749596422329, 3.3554656212515077, 4.15544292731289, 4.938723803505398, 4.7883633655808095, 3.767315232006408, 3.507272688098971, 3.136652402606455, 3.413417337897575, 2.654655918913363, 3.852399218137573, 1.7360141059991812, 3.591583323608194, 3.198769240110179, 1.89028269618971, 5.13739298740639, 9.33697190328544, 9.590123677817633, 6.12192892365253, 6.549326045289199, 7.466658184400682, 4.105783371392186, 4.846658272188156, 4.341251645664494, 3.89277099417441, 3.6965766942880625, 3.103074239064953, 3.4948074969071943, 2.63113370085788, 3.387627806429177, 2.0744528530020756, 1.5725447100721448, 3.1036023062749356, 1.9446260094353565, 2.3406848211121467, 3.0347774333065054, 1.9788131505166184, 7.690692078513646, 8.113462227964826, 7.676743700646734, 3.7132779986872446, 3.8540671890923535, 4.51455977877531, 3.5347961836687123, 3.463480284906674, 3.405421525581216, 2.9874139182110113, 3.1260540672479618, 2.5644603981960965, 3.3653521892794034, 2.3174555406396062, 2.812063183200625, 2.6098120242561893, 1.7982600400501638, 1.2036336106460293, 1.777316608485256, 1.6254732949025035, 2.218368980211527, 1.6999159028218978, 5.169931193260342, 4.855057775292993, 4.081440802822832, 3.336791437881088, 2.7859678965333226, 4.030538503394381, 3.883183205723135, 3.77852954576629, 2.4690064599630315, 2.302654559882805, 1.5552112188257368, 1.838829330474604, 2.661441936221943, 2.01543162862496, 2.0600978833622894, 1.5938954251195552, 2.6959162497892466, 1.3723234363358707, 1.3442320107150494, 1.3396832662803762, 1.8977645582755973, 2.3601967925043312]}]