script/wind10m.json
{"header": {"parameterCategory": 2, "parameterNumber": 3, "lo1": 6.000198445256149, "la1": 58.999992894266676, "dx": 0.5, "dy": 0.25, "nx": 22, "ny": 24, "refTime": "2024-03-20T14:00:00.000Z"}, "data":
[rows 0 to 23 of 24, columns 0 to 21 of 22]
-0.5874631713029482,-2.167602039115416,-3.704845792596621,-2.6408909305921395,-1.56618410244011,0.6971385991662771,0.8997335074095657,1.7253988941603717,2.2418417452808193,2.647758801070293,0.34224750798083126,-0.1732985726438842,-0.555545361168706,-0.36968879756643336,0.32252270383233567,-1.1893694380768118,0.12999999440392584,0.10247357601125497,0.9871223435456192,0.8407797303517026,0.6816118320246484,0.6968449639725917
-2.1127396205715367,-3.668335314572913,-3.4163236642801467,-2.5256297053686763,-0.3841595481549855,0.28621649287771117,1.691247751458897,2.8733198740072825,2.77146267144418,1.466524105255602,1.1862367201519741,0.7168439907990577,-0.11362776871531337,0.17322135968757257,-1.6934669269104297,-0.46624599069618494,0.36714549158089543,0.5053587240560183,1.3076528145358186,0.6742150833571859,0.8866088517099517,0.6915968911947029
-2.320691198508485,-2.5613262378487627,-1.3712466062255326,-1.466897903746974,-0.5434080085225553,1.672372072865575,2.145309722882361,2.7886330070347523,2.017149701155925,0.7586936099452192,0.008845660159439925,0.14219650878886594,0.3023260027025764,1.7317628976292252,-0.5097746301925665,-0.14301322648265466,0.5782423605832223,1.4646307525420517,1.6220778942288465,0.37991035717509597,0.6302466830509642,0.7256042898565583
-2.1179788020393158,-0.8933631837791964,-1.814828099606697,-1.2821909829863412,-0.8737230834588705,3.453455865789577,1.4688123921425764,1.070807449620646,0.45122818743130405,0.40205978956930455,0.8956064216833302,0.4721283691442221,-0.027867181455541946,0.9526507528801954,1.0741383749460058,0.9920572882069729,0.006363379883085681,2.241397323632216,0.7726148752634259,0.8530234452548217,0.9727054653435976,1.055450757370689
-2.5943391755976695,-2.0945162604501055,-1.257645622004782,0.8240531883132852,2.530016943481332,2.6874132941450597,2.4155031240009546,0.6980331936438046,0.2129581930498187,0.12960449804045032,0.6544790000816465,0.47591421412341756,0.6115021773010028,1.1039580882985132,0.6472893510888784,0.8682932637135542,0.6756355865831508,1.5224431318745593,0.9953418752145377,0.7036575574631614,0.986478686282461,1.0498819594004727
-1.8352336246905199,-1.6552909210850826,-1.942584337331092,-0.7832672906286312,0.3256572640338907,1.3835115119249781,2.1090209464064285,1.9388185877483293,1.4229023445154754,1.5304090059218163,-0.20211949743522695,0.30765517078134347,0.2670044769536928,0.4617368032750399,1.2505643490489222,1.3673478172722653,1.0549301667490316,1.268935498710987,1.3272575871180468,1.0571968494727326,0.10220650514755289,0.6697262862689619
-2.2442687474521548,-2.304592832323104,-1.6929907685802617,-1.3197906596576892,-0.9126197616552266,-0.2178249039710501,0.4383321597343429,1.1624085220290032,0.5055960921318119,-0.13363450891246564,0.8786946550081144,-0.6007746190252335,-0.36976282617788075,0.3614698989417958,0.5368044584361669,0.7190713287845697,1.1054185948935724,1.0264680010686102,1.3297736716512971,1.0773657126573706,0.7222604486612431,0.8927427250367761
-3.565725601962735,-3.0370936545417724,-3.366559722606097,-3.277632910583666,-2.520708288279812,-2.1703274956406577,-0.8271546486961003,-0.45214967703779463,-0.8287096942399045,-0.8219283553287373,0.11033868487074601,0.40953692838549793,-2.4025149158525667,0.14218760229475813,0.5910868920038918,0.5736072746263926,1.4332944265058223,1.0751440660229032,1.4668888487128995,0.46232018491535215,1.0890657227084728,2.0948765900009576
-4.3201804727874915,-3.435345477598517,-2.9081643629467333,-2.2297778581989656,-1.2783005555000946,-0.9627009432927341,-1.9811794418167707,-0.7096798496475695,-1.0556195829045396,-1.0318066350235697,1.423089961911033,0.5883577939063079,0.006564396280444016,0.03698448311375053,0.4349580848415862,0.2681299210161434,1.0138697469081848,0.7926366767062392,0.8289514375933154,0.5905771332919025,0.6026993673930915,3.961137838979083
-1.001381770474255,0.2057567706234879,0.5924809028875985,0.6137274184305727,0.7351202706975728,-1.4363372969724097,-1.5981990204415715,-1.6053829440816538,-1.0129491544732212,0.5046708853753471,0.926063037448053,1.1198367858263243,2.0845157745359777,0.1404951370108664,-0.022367357446592344,0.2130872690750531,0.5928140636129428,0.734868466572048,0.716198741818527,0.42843141551354647,0.6389785974591166,3.3756674789148
1.002023178859233,0.7940641574812953,0.6805532547669797,1.1780224842175968,-0.10327004232060324,-1.6961189041413518,-1.332713326296936,-1.7515768164075753,-1.3305307267361886,-1.5326477128369411,2.467413374162603,1.3392551206676542,-0.6439555565613349,-1.8933237613307512,-1.0015891534981505,0.09098310444294053,0.34807237230702387,0.5388938591233603,0.9482600649928818,0.875550150354118,1.1751807261938398,4.2414448696884275
0.44147167637390755,0.49517283758396585,0.6371201154551411,0.11320688045315215,-0.5844344071767709,-1.2434375834114233,-0.8381680442911617,-1.2092169289378198,-1.023224946338038,1.8450155465687734,4.078812032060472,2.110331481275008,0.4352474638925057,-0.259191279974552,-0.9828816134777609,-0.353717156484318,-0.3658760602153917,0.2188001406467058,1.1257136033909385,1.3848136926109822,2.0208562814380526,6.030962588760544
1.4840244702231553,1.0495260450268822,0.4233011465988673,-0.26674237746094587,-0.9752029822571833,0.37494114517639826,0.14807010686957953,0.0201980950561759,-0.3024323743045442,3.6812582331338506,1.5864471696445646,-0.050072943686728176,-0.9934658530596202,-0.7168190935530528,-1.4421090453896723,-0.5813902461475905,-0.056289295957204895,1.0006548697029884,2.3038961033778853,2.5040456057001914,4.868350638083371,5.5454802137536685
0.9982032045259478,1.5767024500111446,1.6241236575966334,1.3244779499278638,-0.6722530776097889,-0.20091822975330328,0.024511652634155806,-0.30453363345324647,1.1747916260284126,1.744557778537741,1.148044914216745,-0.8816735008873945,-1.3022985000597658,-0.7754050794525235,0.6076840547788502,-0.8229160308535782,-0.06427194605523529,3.6910276054975872,3.788643387345488,3.0169045005532475,4.018702007033588,6.369569351733642
1.7643058048940183,1.594969973739979,1.5860790119240646,1.7716577271178533,1.467209782435072,1.7556179823222986,0.1614272379595338,0.450902353840406,-0.17048263792275628,-2.4081768724735655,-1.1930886196652573,-0.033524705610468664,-0.016492058029609725,2.0744266558605027,0.3212836624768279,-0.8328221011480512,2.3941378013774663,4.513981176716082,2.5770747365069173,2.81035459805176,4.57184458545923,5.272005825043722
0.9627972213192305,1.3370215589718943,1.385795360879089,0.9001436042677119,0.9302028075653388,1.023010573282026,1.0508277050583987,0.9178534958237924,0.6550776357665616,0.22004837635888871,0.008594248482998253,-0.8915235776498008,-0.06879330919008536,2.2141974002568845,-0.8751867609864435,1.0231922904464874,2.366092753228092,2.1799788617855946,-0.5814604360444703,4.019525087308439,4.906479309010432,6.262047276589709
3.6931746659837734,3.60551469751164,3.7685880647125503,3.0458162913807305,1.1113479537247122,0.8037650884163575,0.29011321250633576,-0.47734133436697535,0.30815653978404073,-0.32000754427213157,0.5617557888475149,-1.4038975560820885,-0.8417514210098095,0.8590350789600657,1.4772324403608397,1.6742859018619862,1.7430060251631727,2.451748978895938,2.420819083107128,3.854612565737381,5.352017185597431,5.772013214629026
3.840662445611121,3.54841291241911,3.021619940425389,2.8655103110850524,2.750110456117628,0.1285967427847572,0.26931371778645574,1.0605592783145656,-0.49116733960525927,-1.7435115312553426,0.5459650057377035,0.2583034437840246,-0.13564839541584192,2.0413942517581067,0.38890624025039305,0.20778506299287716,1.3921266453698609,1.6713225691296136,3.2147889399158487,3.2120094717822574,5.006513811709346,4.171305686267853
2.1451637597445377,3.0786216103903388,3.39976881403523,3.44761471803888,3.218868565059772,2.2965791436767504,-0.1723361988700654,-0.4037869573845619,-0.7350116219636488,-1.3448882598552803,-1.3356712569193023,1.3072385801040982,1.8555690044430944,-0.15247587970102502,-2.1613004294614857,0.7295463885649256,0.7494718934722052,0.8096184662522113,2.7924982359715864,4.039358636955943,4.852523557136158,3.4430913037098008
3.2591081702154074,3.1929462003358573,3.3278073244196906,2.709627998466517,2.122915180056504,1.7543636371551155,-0.7038687148988995,-0.1787397313560693,-0.6222235694732375,-0.6347702898535132,0.9177406853453044,1.1915844289354731,-1.5679209594564,-2.2363427687339152,1.0666272493810005,-0.8385970246247744,1.2797008670047716,4.079059975146725,2.2521219117995193,4.795198959231471,4.4165686021434105,3.122894210967129
3.600353940040163,3.3412227260532212,2.7330946552289337,2.1887000725364665,1.7955727763987939,1.2461939577693988,-0.4875654952557829,-0.5474099352144349,-0.5180195176328162,0.12449290205705785,-0.8257914323199289,-2.051931466451214,1.347489953702925,0.5156510733517518,0.15524278897926932,1.9868965038318573,1.5361290957083225,4.060923839969493,2.5752996197218296,3.410185745533398,3.915247108914808,3.15736922424124
4.146091540260549,2.3658371979768646,1.6993677536495264,-0.5797933012047664,1.3816212925680935,0.24411132417863182,-0.9910827827404292,-1.2291622771840542,0.3375214754437999,0.7402646020651578,1.0143022882353954,2.0048349291315843,0.931395009583096,1.0572335405890712,2.1541949236942113,2.2054273526521047,2.074618048292583,2.9375537529437006,2.5964072745378775,3.1110108881986758,3.703724407013522,2.8956204218124695
3.0321495098187534,2.227059803715868,1.5930571735210528,1.255793299188851,1.949502763931346,0.019783129139273638,0.22328657678183378,-0.260453108325653,-0.9977530593432166,0.6779630418556472,0.9639391797013387,0.17734268423965088,1.1691036575709621,1.879677333430872,2.7404753172828293,2.313441011362122,2.204355848193778,2.5095421007894347,3.2779889407828002,2.7700519379987036,2.44909853348506,2.1090908437315945
1.6131200867821458,1.2254727482817596,1.1507049610314446,0.8216961468794357,0.4370652273509853,0.18002192714367427,-0.31928341721668235,-0.0723917373656877,0.20455570397160536,0.9668695469203854,-1.0327906153097022,-0.5890440091370481,1.7343537016760335,1.9428427879410577,2.178685684396018,2.012576254592654,2.808822727627828,2.4308289394419798,2.904554469571833,2.8337190145855873,1.8104294838518107,2.847443253218229
