script/wind100m.json
{"header": {"parameterCategory": 2, "parameterNumber": 2, "lo1": 3.000054539987559, "la1": 64.9999836372058, "dx": 0.5, "dy": 0.25, "nx": 34, "ny": 52, "refTime": "2026-06-26T18:00:00.000Z"}, "data":
[rows 0 to 23 of 52, columns 0 to 33 of 34]
8.622495167924658,8.809919372688766,8.758448382382028,8.711355992034981,8.703321679750106,8.230507534083555,9.265885629907112,8.410417837999818,6.9727401241185145,7.585027928770006,6.878677639137861,7.766514032616001,6.733915243431487,6.103286698024663,5.079193631848738,6.218704589764865,6.269822248872724,5.4701283676381065,4.082500366760498,5.1664575798771954,5.79066538183639,5.344379719055198,6.476747891679711,5.517719069984865,5.417765058065098,2.005231482582388,1.2224341656554625,2.356925389462041,2.552995180438756,3.0116987448910453,3.3624541135917867,3.5039645635771173,3.9474991232467054,3.8148874298872713
8.948622300223066,8.76341978045126,8.63058899909286,8.484952385944514,8.259159586649876,7.635395602008391,7.9773635098396,7.217393855482501,6.278288084157816,7.008739007575276,8.021783345429945,8.50044310666777,6.86689659891927,5.700558581503063,6.400047568825101,7.201480864940576,7.6272371108402535,4.979627342535427,5.748174111416972,10.464371642582242,5.248507080013024,6.132256462240149,4.308401409678214,8.597146854539831,3.7343401867434913,2.1575414674511153,3.0824350719033933,2.4478350510535463,2.233285629398914,3.756396939371122,3.5437487350551655,3.550696470584076,3.41798118484156,5.122861091893279
9.412242423056409,8.49322577737839,8.21418042886861,7.327597750265948,7.510938602097069,6.9073803601423025,6.694926294973869,6.554836039552613,6.733423454214749,6.708065408111605,8.942331027142874,8.213806617999063,6.577047912118348,6.7224306443062805,7.976853510438118,8.622854353051908,8.305435188716109,4.17164325413105,5.406048762639215,5.792000731365687,7.72210642043857,6.531033122252729,6.718268273879532,7.744728009086757,3.631808348004701,1.3927636476087684,1.4689451663391226,2.5434617893585627,2.3205477258022142,2.9202341989533345,3.8408637651399933,3.5149160931779426,3.2315204890130595,3.912914739021234
8.916490228187481,8.199284800857239,7.006863144260225,6.727799622580795,6.178962437700742,6.105170348889798,5.8683723312603595,7.073160484478766,6.356177409998246,7.405043529421134,8.333066175675448,7.935711270859132,7.791505809749047,8.038121034779715,8.02908097925489,7.963685112706461,5.935993411406496,6.83945028533698,7.5858474082441925,7.026725445576477,8.495318898542815,7.055933071008246,7.734496370372828,7.223566633194322,3.899465055460602,0.9150118053859865,2.800276410679218,1.1493509305668943,1.5908260217070815,2.234590114285684,2.436605948881487,4.199659981369926,3.3950503252605704,3.318808750966095
7.911732783843395,7.182115242301339,6.074565771445152,5.704039481069873,5.450107187123671,5.504820030741097,6.832300439860442,6.818497406646724,7.034291104250703,8.645080334875011,8.856107589075528,8.416965341225222,8.661429833258902,8.677568086744158,7.433156219462531,7.035505825308332,8.297047438164457,6.070669540161359,8.201667654181925,11.608212381173308,8.505463060491929,11.626380189053036,6.1188755833688395,5.391074202907121,4.804812137173418,1.9103431095889503,1.6832709585477057,0.8628606686580627,1.3587111356922636,1.6725363270858618,1.9237609368026605,2.3473219628457507,3.3032940014137835,3.1941380788647145
6.644693021407882,5.503649006733514,5.564023716479934,4.986423241287563,4.933939658516807,6.279240946081729,5.988639153743419,6.579799391927577,8.079389112502,8.139797590008149,8.18704221045008,8.55849804687915,7.408976153684619,8.406825100378658,6.29634655535767,7.044984820981347,4.691707555351627,6.72138163037196,9.704761635780343,7.875523725054995,6.501746437798992,8.63270610004811,9.058240008234035,8.607470516983105,4.782047911459972,2.984245732434201,3.103521312740793,1.8410762819661761,1.5265200226915208,1.4365072668880177,2.437183441028396,1.2324945146430197,2.0135688824076228,2.0681586949585578
4.783444442372651,5.029405451352895,4.745635542955717,4.7535076587614284,5.30977322795425,5.503115848438912,4.956856970450406,6.956601950378142,7.47723834432573,7.763509315089578,7.596358179573849,6.83251762689774,7.155464300383403,7.734108766062798,6.7354252573567965,7.268377639280586,5.326700916096689,7.646542559464881,10.252519573361704,8.950665263494379,7.603542801486307,6.4739615548233,6.806154604310236,7.002769864963915,6.126188610284193,5.142510732971923,3.6887269132810268,-0.16540096465986293,1.2742512203367669,1.6233594781941203,1.2368673429532875,2.062610170439806,1.3739041650549488,4.193803587775759
4.079626542730066,4.150446539493838,4.050021301517729,3.6513030134048305,3.9759534047374556,5.047674367326556,8.028945734978278,7.000258268128022,7.22593398841375,7.431364835059532,8.341972085941784,3.3648283936150127,3.6553593069910617,8.315163819403516,1.7174752781502935,5.191553289272383,4.592915497763249,8.388170388597171,10.432130352969022,6.568056621840198,7.573243819513281,6.410562575790647,5.8947619275158525,6.847873540440228,5.047927884159005,5.493843129183337,2.483995723455311,2.960142285972071,-0.11761986678421175,-0.08912395266326262,2.507572835616604,1.3038655389722154,3.2461550734915368,5.917960680797441
3.125434737235975,2.81008477161997,2.630630592558102,1.6989002882873665,4.42650597178219,6.434668857542527,6.844122979627602,7.277377499036564,7.0713356174124335,5.4206372108539425,3.68481964492165,3.4772114083136985,4.768682075738699,5.914042274830496,6.16831473476739,5.172436361596629,5.860048953206134,4.889508422970709,3.4226875071045733,4.26973661430381,8.138095107466375,6.037236587508474,3.1602138914197906,2.9195743167093506,3.934827475155235,5.387393632148372,3.9452127200887177,-1.7728837894736649,0.8632941876352023,1.1244876371806136,0.30510965982338323,1.8044776660733712,3.043057209675741,2.825458556739403
2.0146826760346013,1.2442148919165619,3.0002922215087118,2.921537206521164,4.177812109701072,5.2224260813528085,5.712274784800519,5.891670491444418,5.809064697873173,3.902173869092897,1.489619851305362,3.1393767562418025,5.328074196473792,6.365266715443591,-0.6208357872784975,1.762747799644656,2.272298747365929,3.7255586761443853,5.901138563423414,3.780965422726825,3.1837183345242344,3.575027672909494,4.387769881379575,3.085590705566183,2.0240601573981047,3.18104172985409,-0.1257091269919139,0.7409450175052293,0.24701019169969296,1.2627461517044682,0.0828888967284576,-0.3779519801728934,0.46762588757458284,1.1654992961914252
1.863130876264931,2.486107783404084,2.5906006798597403,2.7454488621528763,3.4984825286356003,4.469610518508631,5.939773036030705,5.398703378104678,5.851894892688964,-0.15934470937883902,5.965869230697236,2.8824803395473793,6.125700405864791,5.862546331319027,2.648752884360663,2.94079357928548,2.913607653949565,5.346062184603249,6.422969571241052,4.222971785665603,3.442108493461832,1.4357536540248659,4.648083908116497,2.8423327666432034,3.3949110049527707,3.4495032837478945,-1.1171878888060534,1.2013187384260338,-1.7821978430637009,-1.606593309296493,-1.766235286838242,-2.394087878860029,-2.8425636427582797,-2.4082610889141876
1.6894375450396186,2.023456803253775,1.187532364715697,1.7527639391049752,4.00083817784171,2.7011729711545582,1.3683648135462458,0.07287382686351165,0.5943284453277354,4.50175146903405,5.2307547786266335,7.442892267774071,6.480080905953668,4.673127852623388,6.556763943991312,5.339792171030013,4.9276929754351,7.175992594058314,5.235598851025174,5.044592980496929,5.569220254381919,5.160168922296942,1.9772719825446547,3.7649742320381487,3.022049105056347,1.5451869063701273,3.007551547710077,2.5048439310898165,-1.8779368418241735,-2.137748591372782,-1.5258061247676795,-2.2033066071979173,-3.873637019744908,-4.611585794873689
1.4835000537218013,0.5922055389930794,1.1242410085875947,3.1720309154076736,4.169165102701628,1.0266009169511432,1.4269640895149567,2.0371395394197176,3.1349293217581624,6.379303737485098,8.779053017639812,7.975821374740175,4.687239325842618,6.201892324899431,4.675831053191178,9.344062559940722,6.109948439912985,4.939895066331872,5.650399724078071,2.7102751491699175,3.4742129640884105,4.570851062905162,4.601041416213538,3.479452256094682,3.454215640095495,2.6990735032171735,2.330028596045562,1.6711843833863627,0.36686819868277587,-2.627038678580612,-0.6757814220310134,1.4993608433387546,-0.044410115456662604,-2.1978545649816903
-0.09437042452913588,1.015804859619845,2.7958448607212354,1.4864597354020816,3.619511409749614,3.3406885958719235,6.416242798599926,0.02789371474002998,2.621265204876997,6.203101024675747,7.253382978261109,9.83219377587443,4.0890945417882865,1.9500313031758596,2.481412630581994,4.380673326249372,5.27497677086526,5.474678278583346,5.1362704137984245,4.401843765274661,3.240223792942464,4.858128071052933,4.318868902592451,4.6719824064784605,4.0089949279407575,5.44288278961494,2.295683679730004,0.4855550568237027,-1.1570492102544492,0.43355754778775246,0.4243469642605221,5.307868757177649,5.6151581459764985,3.822232593474602
1.2132625055658137,1.4408639633781588,1.8293708585574069,1.6427279854009342,0.2992620269307339,1.4122909088757378,0.5081356533935133,4.853076781277526,2.2876251189282053,4.09383950061676,-0.14748216787956628,11.969799243789561,15.68216077733472,4.270165685275595,4.312450777118385,5.52233173117832,3.088573385738334,5.058941554392498,3.9309628750894676,3.3802254086168446,4.0527963746764115,3.8730455021273307,3.6797270659641246,4.762573479095459,4.370515571009869,5.057017859519202,1.451876107990666,5.966454812868169,1.232338168815933,3.2297955155036178,3.0023980146015674,4.839351242193117,6.624091701786243,6.605832457604766
-0.1055246802048269,1.100948421079641,1.8131962955507983,2.0558483390816624,1.5579822704998172,2.8686550220533027,2.8423625880238297,0.5665445261877962,1.1005606593639543,4.244604623798955,4.704778766691867,9.951497744366346,4.605607502700591,7.370834527714666,3.808267536689957,5.7572696054370205,4.813352946073887,2.5025451497591313,2.37574611411035,3.6171548532250823,4.343786451431144,4.196118056539695,2.1502912644767713,3.349515972375022,2.6428831331646703,5.50555392067771,5.0993636839377015,-0.4987611298919368,2.8179059710554206,2.281381765272548,3.6592897456920004,2.403381097046192,4.245460470753915,4.9047222373991435
0.2514008473646846,0.8046468019920721,0.9162415928772281,1.4569160035307305,1.6196995749120093,0.5952636342220543,2.924090711053022,3.1494138761260153,-0.0008304949490815249,2.7732423452884865,4.219490430049664,9.255271283945326,-0.7910473253481815,1.8411635678995302,2.9033589503027897,1.9066653761251662,0.5852241486185198,0.08691103330649518,1.8104687301879674,0.6736861947007513,3.067030290112838,4.1350292282192385,3.607811115883855,1.8819918638269904,3.2735237967047803,1.3680406153043145,4.4755156643087775,3.083836253409278,1.957657990063088,-1.3118037128834996,-0.8248480235255051,-1.8219394084379832,0.38080494721129465,3.124569635295015
-0.059310959919841394,-0.22425980629520997,0.8426318000406454,1.5414509161997503,1.008910219871729,0.22929638394183566,1.446351155996064,0.2087636402870391,4.937742097726209,9.35319958372785,4.146161951755233,5.322983806124256,2.4647473715459465,3.533036992413471,2.742831299396985,-1.2378505790748275,-0.575004276358268,0.4028433823447112,0.5604106960396272,2.684138326899378,1.2330453778548112,3.598165468652504,3.9969090210793516,3.511583999125727,1.6071762545050965,3.8688301848629303,2.8593289269691504,-0.8186165693191695,-0.2552233667583038,-0.8864441197968127,-0.3853208971690191,-1.431711732636313,0.09081800181196788,5.705894079811128
-0.3964454014578748,-0.6177426322249252,1.798856762563809,2.1469015566033893,0.7870933727294732,0.368262544446519,1.89557566873561,3.2343255579866064,-0.0257104041738857,11.238514698526556,5.238807608248596,3.9060734606087255,2.5371129827866135,1.283356620489693,2.9981385319350995,1.4502419113883462,0.34351755169973275,-0.40251484111081715,0.6238430962282232,4.107073072159764,2.028651905617583,1.2493547019337956,5.544655864684522,5.153051131923487,5.285458289675988,4.6734680766145695,0.4761731959326966,-2.639118136048917,-0.9977565502062894,-0.14623877367072738,2.866506121357974,1.668027644927573,9.383619044497891,9.95423719009263
-1.2508337362014894,1.496283136328899,2.692170262606856,-0.3503359168648181,-0.26123891091774126,-1.4887665571784703,-0.780238314467233,3.2799051555268726,5.400257855453485,4.953439856342822,7.14429122770223,8.121796712155115,4.377464892408572,9.703093602166692,2.2272233978121747,4.637382122889533,1.0947824140705988,1.683053640248897,1.5563016334462136,2.6842313189917544,3.0689660157626437,1.7170400974816846,4.903262218840049,4.783855356494249,6.039203289875688,7.298863899708487,8.52106940798523,5.406343374745087,-1.7859295379794964,2.7524036262043277,3.7701933674335923,3.616885963376448,8.000718749225825,8.985014342915862
-0.12055764433248088,-0.21658472008333945,-1.094126319084722,-1.6646223561776705,-1.2376943361476878,-2.1601777917168445,-0.5852150454904074,2.5777981549471063,3.7584854082794177,5.923437829108908,6.319836655148756,9.312683163100337,5.9012928690204625,0.10071806824680511,1.396418736855952,-0.14086220277126357,2.3735172184864655,0.6379842120308972,3.5728331271697,2.1142153951336002,4.39061597336655,2.8330773901646653,4.574699967052876,5.479272440492325,6.946345542202358,5.894706965526031,7.002947395472375,6.862809300477136,5.811477950114581,7.1080250071712765,2.277936561199278,2.9191236329823878,5.092275794668875,9.510742251529935
-2.033959713382781,-2.7572806562098497,-4.029322832000287,-4.440128742664822,-1.5529009547709964,-1.1756416574949264,0.979237973795051,0.3553039238712158,4.724739269209341,-0.11166258668544934,9.46413756398095,12.116267501990626,2.2387693080200144,8.021629173885822,-0.15857334921987618,0.09210451807181898,0.7641636802331796,2.098283198145527,3.948904575450667,2.02130060674005,4.3381482872860895,2.216166112487931,3.152521152345581,3.06236437583747,4.28083458452879,5.499265641467284,5.907886696303192,4.920865015051548,8.359418000538868,7.824922506890452,2.7166577574122877,4.018292992854223,4.831244419305622,8.460296317576894
-3.536222641419844,-7.110625222634111,-5.175685317790683,-4.19693117652526,-3.3792453027449945,-4.194464981805179,-2.978998663484468,1.5533737816337496,4.538062641059484,5.712026272441216,-1.9768224479962297,4.48362975523941,6.022343588178245,3.470782451540134,0.3939646301154403,-2.7142404069915465,1.4979499639416973,3.300766110138689,2.5074079279826202,4.467813702449473,3.308467856145731,4.0651541180884685,4.290627935457657,5.319378749174444,5.4075948593170144,6.115489448606735,6.32180007632666,7.528539238131654,7.564188780157723,2.2703947776390825,3.3535009654009786,5.473851379203916,8.238490786547152,11.469278856195448
-6.559479687045768,-5.7778455619684355,-4.738087463801044,-3.835071899076408,-3.3395860381883207,-3.469754204061557,-3.767638551431651,0.11739182644814189,4.174318634080455,-0.16622171213999978,-0.556858320959811,-0.691471894373893,0.825157370528783,-1.2986642710110174,0.5943055632780829,-1.3379757622667832,0.7904513614146464,1.405603847427798,1.9780605417943624,4.888869311432728,3.599395831139512,5.654605946961983,10.060488689302097,5.891266130227197,6.223472196492605,7.022890537593132,9.61050597410643,7.609292783206576,5.928223769191085,2.153218700871094,4.248727621479575,4.850145416411049,10.65977698430475,9.837192647901201
