script/wind10m.json
{"header": {"parameterCategory": 2, "parameterNumber": 3, "lo1": 6.000198445256149, "la1": 58.999992894266676, "dx": 0.5, "dy": 0.25, "nx": 22, "ny": 24, "refTime": "2024-03-12T12:00:00.000Z"}, "data":
[rows 0 to 23 of 24, columns 0 to 21 of 22]
-0.6034863183926096,10.266805177677782,0.12640448731582096,-1.134988501687094,-1.6291607386926206,-1.564180708127514,-1.5666015052073792,-1.313900354283402,-3.359315629372605,-7.721855073789363,-3.255517327489191,-0.43961934533140057,-0.2688113484692479,-0.3615602737217353,-1.9857475167442689,-4.6395101722190315,-1.7838603187176132,-1.1470915651841944,-1.0029180120210905,-0.5141870050445122,0.06355192165802268,-0.08065165782771395
2.459459692381214,-0.6082006924419915,-0.6334049264247306,-1.5908637043168463,-1.318388505504859,-1.2742906082627772,-1.5783791233052271,-4.27574685697267,-6.412439184958972,-6.42863310926008,-2.5894319352049964,-0.7315902685582544,-0.3523454770527227,-2.275815486270537,-4.426778535277576,-5.777613636567973,0.2085630141131239,0.27693959814268304,0.13330523709654982,-0.41779285515202697,-0.447673866240649,-0.1308711059328836
2.7401914068332838,1.714780458999404,-0.10900109768114216,-0.8070025738953267,-0.9014368948535263,0.006041735079934048,-4.159044483896972,-4.84623933128694,-5.2225471787635405,-5.075788796031267,-3.6321635439197957,-0.0948945407730615,-0.4126209682577157,-4.575532599915681,-1.4313598302243116,-0.7789122060769849,0.4908898328863469,-0.6404082244771665,0.5232474973975679,0.24354684171742166,-0.45891151385031337,-0.940465664662847
7.260736649672552,2.1658628348450675,1.1749236005969808,0.4455556261266758,-0.4756622211856915,-4.099421578187557,-3.5534264114066283,-2.209972355415466,-3.26080618848561,-3.678803515926447,-0.8042233955056731,-0.3600631241421609,-0.9813978263936588,-1.183388892388923,-1.2407961086370016,-0.18114394593637523,-0.6186794221718899,-4.490368106885413,-0.7905393585165149,-0.48872560870021725,-0.6168994239226939,-0.7811955567189727
3.641028228651143,2.6516607039371674,-0.0736282413375877,-2.5340222335678337,-4.605972122415026,-2.7726529903181603,-1.9004439030590505,-0.7949922462087163,-0.1853016419399209,0.30808878664149514,-0.09832412362486241,-0.13037531117174883,-0.6855835674076667,-1.6464220623865502,-0.09561902768681865,0.40435031627906165,-0.032335045505046865,-0.45980128716665325,-0.6371281762547044,-0.6382731909899249,-0.7663447861250384,-0.5161875750475069
4.305984570859247,1.3636308479695078,-1.594800768601695,-2.6871592836048954,-2.7183717536891634,-0.7588266934362249,-0.0553107038060313,0.2659961095573056,0.28997994781623504,0.02955227838991547,-1.1777872981286488,-2.4087658600453357,-0.6467278702374033,0.48039691251445166,0.47801122969027104,0.2397718910121402,-0.6398727421512924,0.5405595646941538,0.110903472853361,-0.2623202333690222,-0.736765739254864,-0.36312205681819487
4.346852155133517,3.9866500708416326,2.742587374120479,1.0289168785826834,0.3385858089580759,0.11348538000920351,-0.014354723195393713,-0.1783032153904605,0.427651775741071,-0.0569441997191599,-0.9683333920056345,-0.2573016516495356,0.46545103239163166,0.705023499733352,0.5824001229761724,0.33097267984690953,0.050949310568120604,0.07921266289047367,-0.23649517029267098,-0.47681510656859105,-0.456049336686488,-0.17599345854990178
3.9901154555208014,2.9293098316686175,2.157608126897354,0.9610856913722642,-0.5418586453392622,-0.8517771193368138,0.09076622016706128,0.44812070375161145,1.0207297337721628,1.0760679231222152,0.5854304034208998,0.7318445708745254,0.9536848131184338,0.278377010101294,0.1871830480387663,-0.1454994460126442,-0.6353581747192311,-0.4946292032810093,-0.6420183557633474,-0.5133191363326898,-0.3915789838775196,-0.511813171057061
4.456987918708053,3.0780716901181018,2.601821331379935,1.9191941474176102,0.7982073712560915,0.4572409339157195,-0.05738416168175497,0.48510800645750574,1.039112441491375,1.5404051700263606,1.5927012689335882,1.1883830828699575,1.317936350866876,0.7826172179760869,0.22803149403563353,-0.17122770261088743,-0.5880232505163567,-0.5553387263407853,-0.7544139163915728,-0.7113978704380781,-0.9476603010433903,-1.1107459158890118
4.858566139076044,4.191278292250277,2.5556194419531093,2.0056462565909814,1.7114161875684442,0.7589609714897848,0.4722593463910972,0.6555025837005511,0.6301657066204343,2.0637071658724575,2.4284215627059846,2.3786174815444254,2.4408140827301605,1.7757452397910023,0.26366357720078704,-0.25751919359714953,-0.4555447388255326,-0.8018556220800672,-0.7163075695662309,-0.9993517153950944,-1.1994074751998909,-1.1952851107446516
4.909077028332918,4.408370848639378,3.64744075321977,2.3994137804202293,1.7300944850860869,0.296949400600409,0.186354982235494,0.48076144904761814,0.5140809635664685,1.209333493651186,1.5354902749847763,1.6885123508606752,1.5267988665012695,0.541740671254268,0.8000900926287188,-0.20068633939840302,-0.6856650195396798,-0.9978519652871041,-1.157310295304467,-1.3698347246640004,-1.5210424969660408,-0.7934414136088122
4.386254758142648,4.443807170355353,3.618860255252849,3.0835478402363887,1.8411393958122377,0.8598527338145258,1.2274379123782566,0.982577609608085,1.0447460917752842,1.27577835308585,1.8036224845837376,1.1037020788445373,1.3884634762566122,1.1884605404927973,-0.08592590242914928,-0.6429304606028389,-0.9314786673198555,-1.202017982577484,-1.2910112476655737,-1.4002343108553368,-2.3958041204513667,-1.3967320852392269
5.202097185417127,5.503554476188091,4.555240947506083,3.315478490731348,1.7980657376780078,0.734152643031761,0.7027142730567234,1.0528297075708217,0.5734200479022539,0.6138474366798545,0.4254837611847694,0.08832287723971809,0.7116420149153273,0.6508880673764355,-0.1286166819175153,-0.4989680955813376,-1.2083398099127243,-2.6413320202069386,-3.728663682592446,-3.2084667555081627,-2.555168528827412,-0.8774997213095995
4.203157803277941,4.627892625413388,5.374717327864648,4.799032243891229,2.8779464206964276,1.3473451835411163,0.8818428035064213,0.7267904463871855,0.642525834069744,1.1668098225919254,-1.631541051022947,0.8564915676802348,0.8190239800893903,-0.14178396139318158,-0.39763068147776254,-0.7060860989133244,-1.316977467987384,-3.898230808404804,-3.6397320587749364,-2.860381881842331,-2.0368961167579926,-0.8196398384383569
3.8895909166319638,3.8955407943300657,3.6555036998961032,2.875873904627032,2.693914868765955,1.5736720845388619,0.8159867758967714,0.41085476721039443,0.3633857157668464,0.6431171932866858,-0.35159999454220614,0.7841260278632081,0.3185784350919909,-0.9141888147731879,-0.19117663722576694,-0.9362081466373627,-2.2297367362439524,-3.017520794019029,-2.2848813618139356,-1.9805466923291846,-1.4693828867569865,-0.4010478994759172
3.907976254459408,3.607701110763363,3.0395578670363395,2.7002349333295843,2.807084748287906,2.4180259514714812,1.5953545715801998,0.9579002193378713,0.7259650393517012,0.4646476443813185,0.03773714717018134,1.559426600790956,1.284709165755973,-0.13448274905330151,-0.3059201126461245,-1.4873527880188442,-2.499924181537803,-2.4613807133535768,-1.1331848212395639,-1.3954682494320998,-1.097932803650111,0.3846254217320199
3.3015744939945066,3.165464289076472,4.380647769128796,4.486876957855591,2.840439915993717,1.2302202005844025,1.9333242848675047,0.9723283417811813,0.8809299021721636,0.05959095049129419,-0.651940380734819,-0.2050626343998228,0.38881336434211866,0.01663016192176584,-0.8851025537727004,-0.7482754466458545,-0.902570096321976,-1.3897124802996956,0.525043631358994,-0.884454721229919,-0.3041900425839108,0.8977265509048736
4.5855476796917385,2.7161901184606396,3.714469240918914,3.6833948856205034,3.6130859851398953,1.975494483834912,0.8974556634921355,1.727000942982892,1.4927284015348816,1.3397851847554711,0.9313199942865553,0.5301797875663159,-0.44488508244638914,-0.9929065112666625,-1.6735846824223493,-1.279799304477084,-1.138489631331882,-1.0253330414694601,-1.5589402058111803,-0.9632466304059398,1.0100311132119633,0.7673104312941634
1.380974712207422,4.0808082523401445,1.9193081403751695,2.760168147137528,3.1448015039138504,1.9412295861704096,1.069455331378817,0.28183524430673884,-0.4966236023656844,-0.37022914243526667,0.8674126174632192,-0.03736165475842962,-1.0385537830514129,-2.787213737023914,-2.106813724407835,-1.0094986458038522,-0.3426997859522313,0.6632036477527233,-0.08072702557179054,0.06779073456193191,0.2610480204279619,-0.7811126426353562
2.820001622953299,3.528579808878285,2.410552336272572,3.7907857979759907,3.893873940273406,2.6781566780401596,1.7984777188929988,0.9647622743629956,0.9606626002003322,1.8160629993574622,1.2560099670862388,-0.20576422688612855,-0.1904638392299779,0.7606699297551267,0.618129698481156,0.18888836099459574,-0.23775044994426914,0.26030891209418583,-0.3159362822492833,-1.538925250003198,-1.8970571746436988,-1.1438063950685498
2.2204298379846366,3.1480993159754265,3.4884086667285743,3.1633158238560593,1.2069709833807234,3.6853089007518682,1.5670270415635135,1.441198635595163,0.7575271625211126,0.5679602486388997,-1.699959448357328,-0.6086088394622235,0.5037425122825867,-0.18186326289105473,-0.6754714347763793,-0.48022028071550515,-1.0751502053661697,-1.9965051174065584,-0.8084899079875698,-0.09105126200457647,-0.2263084051035644,-0.6729023141419267
2.8451431245721963,2.20828193137464,2.2479217324733036,0.7511345907751699,2.3231035978710457,2.1712623190632967,1.532256917263463,1.379704656971474,0.8337115371354044,0.0037043958733075965,-0.10584813060239989,0.9939796941611817,-0.3470827952152061,-0.7752380065460689,-1.1267950028768798,-0.6953004427163024,-1.1874687359030074,-2.4092151385257954,0.16257845469486135,0.5628208604375259,-0.7997687421436683,-0.42430894771014027
3.3412221425257256,1.9299323041230367,1.863917002423201,2.4444470870996513,2.8102638216580056,3.0244186282315177,1.6449736594684914,1.5748324277440457,0.7215087801501756,1.327951477345638,0.556198310038723,0.6546698726517954,-0.23634663671499953,0.15176212722827412,-1.1664205979352347,-1.090249934714562,-0.6315472426068461,-0.45338900633567963,-0.4978119637644033,0.7399767858756198,0.1861731572805427,0.3465480796075381
1.587093803448762,1.728356479852612,1.830869838709131,2.255327657708171,1.9221465076748006,1.8861485681064072,2.0563227896024046,2.3151398877254854,1.575197541135871,1.1695844698406133,0.7692627456415779,0.35228591088776484,-0.26085523599944815,0.5997960387662514,0.8813708566293892,-0.33798031408817814,-1.5787173470233984,-1.3756331462588873,-0.04986446789276534,0.1930809245936261,0.05403835169909959,-0.20909981914254788
