script/wind10m.json
{"header": {"parameterCategory": 2, "parameterNumber": 2, "lo1": 6.000027932988019, "la1": 58.9999434238085, "dx": 0.5, "dy": 0.25, "nx": 22, "ny": 24, "refTime": "2024-05-18T01:00:00.000Z"}, "data":
[rows 0 to 23 of 24, columns 0 to 21 of 22]
-0.8699020413438191,-3.5954519868411086,-1.0762172927063829,2.1690328110146826,1.3637569287325921,1.5317925803343877,0.6216918913038326,1.3787113077553492,-0.17868253040681117,-3.916148257020645,-2.737217264353151,-1.3145573877241994,-0.6785702371269717,0.43462235339572913,-1.8852226693336993,-2.3480154014858545,-0.9154335257639874,-0.3298517643713072,-0.15915722036411553,-0.6384534117806366,-0.577226204850559,-0.9402403297111133
-2.9769512289336744,-2.4851500436692193,-1.7747351892333538,-0.41316317869440644,1.4101498136025596,-0.3529474036649149,-0.1097614017980462,0.21214320487885768,-3.9881857669684675,-3.40917670588154,-2.0451892558879265,0.012996750374891997,-0.322481580302732,1.0538043352566968,-0.7815512611427056,-1.3875873856949303,-1.182904913237027,-1.4323573382821566,-1.3633261158913497,-1.1128390654227807,-1.0385351254639128,-0.24278292846564
-2.015964425986862,-0.7696554203284787,-1.7447389352412412,-1.628955549418646,1.2416037623908414,1.3921684554835283,1.0873829199974008,-2.030739118894927,-2.0487790988593044,2.1480394848025046,0.7885378747463184,-0.4398055783732517,0.16251082192141975,-0.29167841403835915,-0.920610713237823,-0.2635164325139861,-1.2941040352842066,-1.7377079842809553,-2.240345946221035,-1.132817136200953,-1.4005971796877164,-0.5754045064473277
-2.497670913671155,-2.130712911558731,-0.2700074194121627,-0.22626889076434317,-0.12660266288367553,1.103532150787829,2.5066430849149244,2.444637037067341,1.9381115079363593,1.899559711933744,1.7867482849782619,-0.02124285672172905,-0.3157505439871471,-0.7450292893959479,-1.3158377198028361,-1.577662288608835,-0.6025103758009597,-2.162403372909033,-1.2695954588094769,-1.7206406878975467,-0.772473607938589,-0.45175976057465395
-4.327361466708578,-3.855677514857091,-3.6571824494317346,-1.5621477465301938,-0.877662352442047,-0.30842572426804454,0.5617769752487157,0.551895579945161,0.23977606355833503,0.23910090063264472,0.2918745997317916,-1.3417707648550117,-1.1482479242539978,-1.436004796074433,-1.5823155125811514,-1.764760408548007,0.20628318316543867,-1.8272669743188805,-1.4476661867531988,-1.126160498916758,-1.0488116299469032,-0.6781312861431442
-6.377769922744838,-5.830974726039519,-5.441124743515205,-3.990428422527891,-3.3825547263711737,-2.9640135176038673,-1.143454063246072,-1.5319951005913695,-1.3747474986809396,-1.4842430389935457,-1.4510401697127207,-2.575007587950013,-2.2480517740951425,-2.2192438788881783,-2.520664264284873,-1.9309517110480263,0.2115109575458767,-1.6767570675022907,-1.1372098813736329,-0.13406901720685835,-1.0508339351874618,0.2092513736476017
-5.2489264269629965,-4.475593009195913,-4.480055548942118,-5.083638560279647,-4.617919602340085,-3.423141758867487,-3.863497567840841,-2.8492468156350754,-2.0115324519867626,-3.260244030769843,-4.626040688800166,-4.411072974273475,-2.3103811460601444,-1.9710008732202176,-1.5793443095311877,-1.836993112464708,-1.0459899460459363,-2.123077104961846,-1.6956439731321296,-0.5111128324284159,-0.2578789232801083,-0.27297109293858507
-5.803049761865168,-4.621243219160271,-5.293576970894106,-6.3283254142653105,-5.089718900706235,-4.971762113968835,-5.304099935454393,-3.8378715843542164,-2.350028328963445,-3.5605294437105997,-2.569337445155992,-6.187369400235232,-4.679946575840468,-1.9488669567777812,-1.2339788099191735,-0.7140175912284524,-1.358280678450514,-1.6963876934410285,-2.1226652374205877,0.2602468122321114,-0.8867894171469837,-0.35841720317246145
-5.525530978603083,-6.072382981337246,-6.355531862719817,-6.265824045323921,-5.922699268382275,-2.129514436975799,-5.4916578389961295,-2.6030069144370094,0.3313983409113431,-7.018659148236398,-7.123026248467567,-7.250516630040343,-5.604075129575816,-2.7004030362422036,-1.863700091339794,-1.7200765316087556,-2.068533956289417,-1.633147347587163,-2.1670200065662275,-0.7761099213666698,-0.5993563986300531,-3.840684505044247
-6.065616712216909,-6.651882609423355,-6.383677148583406,-6.470389395971706,-6.653182026210908,-2.650993885433699,-2.6507161796667837,-1.463723096962325,-2.8248034665068724,-6.9062936513022795,-7.525099137825164,-6.742668496660575,-7.246305668625771,-6.701952899152383,-3.724187422997026,-1.9576443655673916,-1.6926329503119935,0.041321854587560304,-1.9512988632088228,-1.736391884762904,-0.17188701852882066,-4.674810722456312
-6.202402361454387,-6.321219566892357,-6.897193549714517,-6.821646228647615,-6.0687245077079295,-3.0078319938375606,-2.454919699980714,-3.003926652415024,-3.4696867226076793,-3.9059438927769587,-8.367070181701902,-8.777339577895491,-8.098513548170752,-8.523220235025425,-2.974187042500232,-1.615877974679119,-2.329925005600011,-1.9091678044923404,-2.3977063349816388,-1.6652766057656077,-0.2392682975946447,-1.8876642342926
-5.812763762959225,-6.910773959229266,-7.683848280021293,-7.732923494162284,-6.8510519416511695,-2.9909034532673155,-4.302892001851888,-2.142762827754045,-1.9734075338254617,-4.953114785099631,-9.236934400661434,-8.510204389307253,-7.470047549054519,-5.141314035716633,-2.9725517944558306,-2.0294925973256253,-0.23468920270338622,-1.215682610595291,-1.6871796487236066,-2.303898079614709,0.35827040027861323,-6.3712839628576665
-5.8436813624470485,-7.214741099450554,-7.530893299244196,-7.780477809259736,-8.536026697352467,-2.4116791165274094,-3.657311436363614,-3.3899719065823257,-4.418803222670116,-7.309282757380694,-8.29996124579199,-6.798686046014789,-3.589005886933969,-2.325832422058729,-4.107286088769427,-2.576999589705443,0.04069152384937184,-6.163610818090066,-6.809564217778694,-6.733136172717017,-6.850187915185267,-6.623029694032954
-6.504597215192621,-6.948737851025517,-7.885411200601083,-9.39329438690526,-8.825728837742812,-3.9791960645112905,-4.269132251026205,-2.1802269763596644,-3.3525464916729693,-7.266533317401063,-7.695071908696725,-3.1057424119669603,-2.174457589201802,-3.4803456338640437,-3.9705165632536867,-3.498419299564575,-1.4784771215873538,-5.262490730944999,-6.92451481558196,-7.190973040970746,-6.680986089714066,-6.79362742842762
-6.443937054927716,-7.420843974178188,-7.53171890892443,-8.901589299493818,-8.459537088642051,-4.253338377230966,-4.146897413413148,-2.9202091066781986,-4.1901094566633335,-5.436798632316185,-7.989826802204353,-2.5275228946806454,-2.0757774049406663,-6.682654712055042,-3.6329464229182133,-3.1972903139053317,-3.5675238805147784,-6.173480704238877,-7.144558365923021,-7.185481855900302,-6.376821823815138,-6.511517836953192
-6.530293685155113,-7.355257474573088,-7.500381108702381,-8.91111975401921,-9.362302868462683,-7.303310845878119,-4.3844087759099235,-2.0646318919859015,-5.231501248304446,-4.0968715418945685,-8.521503654965272,-2.9136841109191924,-1.4848585825477127,-8.856806401276353,-7.955900288922831,-6.750574689421108,-5.740829744595696,-6.0440427060921955,-1.8099895326024094,-7.077608238227535,-6.627260575069608,-6.572271328615066
-6.801156646707998,-7.485849851539192,-7.926182841280775,-8.005306149567383,-8.26013905486211,-8.38302233971366,-4.073778564034116,-1.9122922306229277,-8.37090858395038,-5.225533648711273,-9.093483406421498,-7.543921832319744,-2.6724597441596405,-3.9387771811413987,-6.493224146649771,-7.538814334728659,-7.641564026830137,-7.383109790416724,-2.9785591076054048,-6.785222937887866,-6.848503594036784,-6.4650277777219385
-6.955624576537713,-7.094690944742017,-7.12787246815413,-7.512919320858137,-9.018482705319792,-6.2260536750177184,-2.211065211496997,-3.3975590095623933,-8.518913746713302,-7.769684965496891,-4.955656816117078,-3.88231899805762,-4.303304398464528,-6.9091193012868235,-6.938840772238194,-8.177467157591993,-7.698115338020465,-7.004561632356517,-7.248097307485926,-7.262089349803366,-7.071075891695415,-6.4217929539381045
-7.155753291954835,-6.997174096370193,-7.506915112088254,-7.612815286107435,-9.000756587867802,-7.104822992026135,-4.0083095851177974,-3.5961230679324006,-6.173167967322859,-8.522828207338693,-4.929100529533255,-6.970420120329595,-7.492829993472394,-5.871064023564143,-5.545340584678537,-4.371831802454004,-8.158799970308262,-7.677659671458584,-7.52807126380892,-7.356157650343092,-6.532168461504356,-2.6586354375461885
-6.545192136751751,-7.585214308134484,-7.506114831587154,-6.817234131394999,-7.790862588787843,-8.01578712846146,-2.791753998189594,-2.6531064037028544,-1.660620082171181,-2.926941271490926,-2.7814420811598044,-6.4769404128923185,-6.068212694147477,-2.6250471851292883,-2.593374184441465,-8.144422668781774,-8.354477576097658,-7.6774523487992425,-7.292473909720889,-6.446256828021992,-3.6663424095655857,-2.1073923496713327
-5.544881789004672,-7.23826774781008,-7.471916650157712,-6.852314117206714,-7.159463672079178,-6.730760619013256,-2.230405228619004,-1.7156529141224068,-2.4221907873817377,-3.09230297246002,-1.498071942848204,-3.9405126498817076,-2.9047904031273544,-2.390456804297612,-1.8268052328422961,-2.9591321818406384,-3.7827731713887136,-3.939125774336486,-1.9578313848423594,-2.344497394156822,-2.2952951647137314,-1.9653108542207576
-4.482377849672998,-6.751405253939608,-5.410036213547248,-4.998039267263126,-6.415662901715237,-4.284287286785709,-2.997845529017313,-1.9033715219139582,-1.9797762303097777,-1.6388406158847548,-2.2931231354586967,-2.966076815430427,0.4447077189274309,-1.9872837189308024,-3.111774846466778,-2.6250278848506685,-3.1131332982550535,-4.275116631043368,-1.5396410338803947,-1.7993270078302395,-2.367880028444579,-2.5087339695538775
-4.252796567197012,-5.457545385778318,-4.459941920337854,-2.235587677479544,-2.6162017352705984,-2.8547444306235366,-1.3516948014119003,-0.8586878307295766,-1.9064842532150896,-1.0662097635082426,-2.4580662490611,-1.6538052042190943,-2.6031077247846097,-2.1373458379901424,-0.032284148434619,-2.6622410170757727,-1.5841676581749973,-1.8102695132440938,-2.539002435815547,-1.8636355838416794,-2.1249001504225853,-2.3192186222293922
-2.2742783674077764,-2.1601061634605174,-2.8243801677316784,-2.1048526995678323,-1.6787906469986742,-1.2301099973277316,-2.160847660066454,-1.7298971681211115,-0.6062261209571294,-1.42344623208766,-0.9854842779246247,-1.0771973168727413,-2.068400809531699,-1.5968755031339725,-1.3024019601773233,-1.2724057851351238,-1.4001972369955848,-2.3744728057743187,-2.382530682379609,-1.5936689472063272,-1.3267158459338295,-2.5560859046553204
