script/wind150m.json
{"header": {"parameterCategory": 2, "parameterNumber": 3, "lo1": 6.000198445256149, "la1": 58.999992894266676, "dx": 0.5, "dy": 0.25, "nx": 22, "ny": 24, "refTime": "2024-01-17T21:00:00.000Z"}, "data":
[rows 0 to 23 of 24, columns 0 to 21 of 22]
-2.1623757309327982,-5.379175477028953,-4.92491704693224,-1.823082185267134,-1.7533284071445243,-4.820191836981993,-1.3897214254264534,-1.5725441440903236,-3.255925964162935,-2.2247739330527256,7.120324366454081,-3.7234813543381176,-4.417749061115654,9.90639804048775,8.47916896740389,0.265156016237418,8.55336314219662,-7.771606619273706,4.970599772313427,-5.625421491007689,-0.6937361892205108,6.1758580216120125
4.165686727263519,-3.2453509903120867,-5.905600435974753,8.200666817553735,-4.882844216772272,-3.4659879690540336,0.9191493171751188,-3.4656315917379046,-1.2814704210253731,1.0433351377472644,-2.5710258232383447,-5.100360463104945,-5.359879839720128,-5.484989551315848,4.138274864039839,-5.583959224488014,-1.7004461391586716,-3.687528621575399,-1.4489107750814736,-3.9486825949143403,-1.2536378472220817,4.1934100601575475
-6.58796845794463,-0.8348881406257669,1.6625173785589147,4.172219464328111,-3.2648249340799658,3.9600945130413208,8.773603875080646,7.176646195427633,-6.038735643160463,0.16023233273402654,-1.8227800950049413,-4.910288998978923,1.917027874424631,-4.1559022384280375,-2.1989120366021186,6.4347061044578835,-3.5282048592516286,-1.2408843007685397,-5.009879851777903,-9.417074954940478,1.916595784751253,0.4084409435854336
0.8555378138392746,-2.1693110981858883,0.8579928568488561,-3.0844711403155323,-4.22895048148818,-1.7194694767813168,-1.567469987296277,3.2652657248213814,2.6100459685887,-1.1433606337417355,1.5556727830743995,6.019831383726381,4.332039979050799,-0.15711759349328733,-2.057454839684403,-5.032543614190768,-1.1946321096769248,-5.261029028026457,-3.0991231470188,-3.0404389639448595,-1.4193144269124414,-1.4036691333601972
2.4873422501950233,-0.2506566075461433,9.838676490932942,-5.594565362632209,2.479049525347187,0.8427757270670277,-2.08332575272191,0.391487816575745,3.4149728852014776,-2.3693177662899174,-0.48707969836624354,-6.305678183931927,-5.595933872807304,5.022852420659692,2.8789871478435214,1.8194593630970546,-1.9873985083831494,-3.4153236797615283,-0.10412758777960843,2.9755671396372336,-7.056002286574261,-1.7264747993274345
2.7255510454037464,-0.7806818066551885,5.5593897728791655,-0.39978063824925364,-4.071634470339157,-5.199989578290218,-4.057973812679365,-2.536336454375064,2.1807443017823362,-2.277232125614624,-1.821837398500735,-3.7563419577021206,-3.477615902097045,7.4789938068210935,2.484544102179957,7.322579239528556,6.67273738924333,-3.076386234538691,2.3986119848243543,2.5682270671405036,-1.232500413637583,4.367852908356642
-1.3566056927693122,-3.7239520154038894,-3.50603716548376,-1.1451727116825579,-1.5369475827342705,2.572993146409634,-5.2557544917844226,-5.233347465753357,-3.297357686844909,-6.419721893697547,-1.3701730856265262,2.1975519580292375,-4.619726997865636,2.160444106508962,-2.0222956507469654,-3.8649484995657746,1.3543479455016916,-4.763366113776034,2.437476424557667,-4.678648300691592,1.1549260983025378,-1.716561029459517
3.0134894746141754,7.29854508177428,-0.8227778086627721,-2.4590193176477007,1.5593510841771079,-2.4941854835074184,3.577442496571137,-6.543582483120934,-4.941617646188171,0.4689263642274188,-3.1980396702676153,-3.5446944254242307,-2.155693799798874,-6.095964927615322,-5.591663817271616,-2.9235844611320903,-2.0614376727992507,-3.432062388548844,4.533722672724962,-3.7150993155776466,-1.9436957066203477,-10.558837237865847
-3.2800587849798624,-1.254960964723733,-5.55864226499457,0.09346002799798403,-0.18730446396019002,-5.974649537029724,-5.457750029636122,-5.3755289016986065,-5.678493801869255,-3.57571441981996,-0.7022328708792929,-3.0270143362751405,0.8765799182790255,-3.5040659691085434,2.347350158807003,-5.831964078438456,-4.401523366371291,1.609183429919068,-4.671231680709358,-4.353270926045026,-2.0971602706147423,0.041149630144580694
8.554578520003767,-2.113773603497456,4.093714806931504,-0.7694545828295338,-3.7543265645794244,3.290903241850099,-3.582368885684254,7.201797528267991,2.4777727002545658,6.912056549332349,0.9537773709442114,-3.3722211901094976,5.870445938093881,-3.836140315237957,-2.314820199174115,1.2387693433355822,-3.265148283128222,-3.8515887761536107,4.526701057289364,3.013761599848645,0.14239267332219438,-5.24755310570767
3.6488638676993466,3.6611441516892818,-3.2762929158775047,-5.5898264838187535,8.589812511054788,-0.6880461831977317,5.129749963702027,-1.4227190389117785,-4.4973470326240985,3.49510856093643,-5.339686583271345,-5.169890219070353,0.5336451746223565,-5.5535906489062405,-1.2159135440025348,0.39735777905479114,-2.678303746132136,3.298982223172129,-2.770569417221822,-8.592986697444642,-4.596962988656697,-0.6145146460998211
-1.4283262194992776,0.10570772347476624,-2.7954625012224623,3.7252459466539047,4.852656844695476,-4.315456239001951,-2.283623132492685,5.190390415289541,-3.618499942267316,0.1405722190795696,-11.210736286546773,9.478329782940442,9.314789939935181e-05,-3.333954587277661,0.8840199223535231,7.070158102540241,-1.7407031637740664,7.618022375217613,-4.746104482795412,-2.735309140743093,-4.502103092011084,-1.5360264168033775
3.269966597265824,4.778987947378661,-5.697892639752843,-2.145021978185574,0.9150903409351606,-4.987619922411395,-9.658698627647684,-1.913868493781996,-5.3458892542498555,-4.593389819908645,6.3152987832487995,-2.475718977357788,-3.543001160252263,-2.992932220246039,-1.1879853445708712,-3.7918391141557413,-4.9604558248362105,-2.071345348395535,-2.751729071203795,-3.2940147363963046,5.105207731734452,2.759721792841396
-4.14851045282337,-6.870039006958683,-5.955639807658813,-2.1849996953466926,4.968531289596521,-5.346393599684571,-6.647560875245583,-4.990077119616001,2.3736807657505836,-2.310572434358392,6.102897901945329,0.5328018668568305,-0.8426634939097102,-3.6097357506298042,0.14113510010320485,4.369400079480346,-11.33380024222037,3.4744902989583544,-4.040492888482194,-2.162969066607337,-7.0247751673263625,4.742361226867139
3.5053072338438653,7.429638806956992,-7.300255224600558,6.471076684963361,2.733318023879237,-5.4413457325233425,-2.9223185568059056,-4.697235324697399,2.4547718634707554,5.955105499241913,-6.428616628098169,-5.457182222936807,-3.4977844173402297,-4.319714043719662,2.9409024132168304,2.1980692808332054,3.464300591020879,5.27232887760604,7.922566061931592,-2.144724187966124,-4.2951334018282825,8.054433122856944
-5.631320501546276,-5.442642489682278,-3.4462400069275394,-2.428942622733776,0.5860803906773745,1.1704090737933583,8.440165757466024,-4.500958087980652,1.0913509247429691,-3.1420854119147514,-0.9821525034587806,-0.9556214981164555,0.48612213871888316,-7.073420294110593,-5.36651464754182,6.074509072800702,-0.3026518223757123,-2.7317932817929047,4.422279339832514,6.5225043128156885,-3.2583667253196054,2.738532465471593
-3.749145543730266,1.469625731764999,-3.8063215637570766,-3.1605012315060597,6.810851390900301,-3.1888862417969177,-0.6498132770994164,2.723164776713425,-1.8919746863033422,5.66692631638544,7.744102555278834,-4.2527583689136526,5.275602577970636,3.588633679274203,6.559468066701112,8.211660988359256,4.539688231269419,-1.439816341583865,-5.038868374039391,-0.4444722661561019,9.479947768789211,-2.9154981089790164
-0.9331596524588559,3.459537982914007,-2.3166776870412162,2.6158692858914954,-2.5027203923477375,3.4938742202959525,-1.1673574225627776,-2.0908861292928966,-3.6104221017847187,-0.5217237403839865,-1.638067789575867,1.8910315144477736,-1.7714216227535053,5.62792647864498,-2.3681145507185284,4.127664470813897,-5.419504229029438,-2.986598482578297,7.316014374401514,-5.478626256290218,-5.748649030121054,-4.286959747622977
2.2654958458822048,-0.9645218740764422,5.290767687115695,-0.792359772500639,-1.889471507297157,-1.639476076664295,-2.7854877326331815,0.1428294103686108,-7.188276808369076,1.4557835673922384,-0.25110297868534454,-1.5668251753408202,3.312288433244909,-3.636043119100701,-2.524226571015362,2.178543338658565,-2.5595323761269277,-2.7501531162302877,-4.975834387181792,2.14001258165586,-4.896490925792725,-4.30357300928596
-5.374514324177193,-3.7531205588369962,-1.333559741465963,-2.837879929394325,-3.787152986636606,-3.0081333232510805,-0.6933441057087119,1.3082251274896304,7.0863269611288775,5.5387314588086065,4.590850141253862,-3.799356401631285,7.331747249703036,-0.8738944704292565,8.438530582434934,2.1829773091415823,-0.660159984412553,-4.6944007516353095,3.829108879015001,-2.509771625216693,-2.2067231593079346,0.15731472679729191
-2.6929644704448172,1.760144393444278,-5.532696172799552,5.643268491520506,7.283524150980086,-1.2022269141733177,0.9529346864315308,-1.8760975127847006,-5.556454452318735,-4.891972755166108,5.729061514020559,7.46495169261783,-3.0521406609236306,0.35977424588572743,-3.652381762692491,-4.251061291285578,-7.6023500926545795,5.479841935594607,-3.3427124459467628,2.862760343410134,6.236805526489837,-3.3869548595664556
-2.6315803033281,3.9438435099198386,-1.5367540488982991,8.415278825749997,5.383016978492348,3.850867431879458,-2.650106285989035,2.744689893701831,0.09335244731581561,-7.467692093608375,-0.7156671437241332,0.5872644361664534,6.740903245267018,-0.6271098306818391,-6.811200970171198,-4.496384372188351,-1.5065070702465106,-9.752442421520382,-4.281410948742781,0.5300259350530395,-2.0116786313024773,4.787781270964006
0.4438439581838195,8.207648642170073,1.2414621112649853,2.044031846899062,-7.116960516856045,-5.593158387378186,9.280264996361758,11.797388811218578,5.362555656497756,-6.048004664080349,3.3379319428960987,-2.826413990206992,-5.4205238826841615,5.153538755238283,-2.0955605095872643,-2.377468028252929,-3.5821069711297393,-1.565497305091967,-4.47900444946331,-2.936649085590515,-3.388312918507106,-4.700880861157331
-3.0246113363600498,-1.9357548154577617,6.075527607638734,3.0884612528739726,-10.351576873431918,-7.9228888446821495,-1.3421800916123794,-4.607481173998686,2.1692429209524717,2.5372197848126032,1.9142232753828496,5.81535973014361,1.11870791534381,1.4360648156198925,0.6757460080685009,-3.3420845848675844,0.9730604568030679,-0.2745135280957481,-1.7442469396575868,4.4779986411030634,-5.391313368164103,-3.976410618432509
