script/wind10m.json
{"header": {"parameterCategory": 2, "parameterNumber": 3, "lo1": 6.000027932988019, "la1": 58.9999434238085, "dx": 0.5, "dy": 0.25, "nx": 22, "ny": 24, "refTime": "2024-06-14T18:00:00.000Z"}, "data":
[rows 0 to 23 of 24, columns 0 to 21 of 22]
1.7000278890318827,9.500778246842577,3.1459019168453866,0.5650764782081084,0.7413763626020321,-0.26568176622324435,-0.3880287656863643,0.7546000578593127,3.2068687180619753,4.992307319669068,2.888813035035356,0.84643730802471,0.816469556453788,1.009384734407599,1.6576628685473038,1.2440572856037349,-0.06271678238913153,0.08596416161715983,1.9260816304809996,1.2378610586708794,1.5873091784384914,1.389008632520108
2.7703269949545675,1.0680489309999222,1.4416532795074624,-0.09044807833670174,-0.440635591884335,-0.717254921725197,-0.07679564816433927,6.40597316398706,5.760838367768896,5.018261935984086,3.038357790133408,0.5334689595080208,0.818400643390188,1.335400795355102,3.334853735036334,3.7970392304997174,1.504512315708742,1.6894462416949492,1.4120276448042337,1.2056024099656844,0.8213665405407846,0.713915069036461
0.6071454353296007,0.4556491275790055,0.37123762882743716,-0.2368818652604183,-0.8824992712368798,-0.5715990426683581,6.780815206949001,7.056019251299342,5.558967892813497,5.346431113558357,2.934883235854399,0.04991878814704787,-0.12642699978491892,2.2272649915374227,1.2643421155447445,1.0176054428906836,1.5895212198338304,3.5427172868862353,1.412457944257007,1.3061605866758674,1.152992983216107,1.1743105059358943
2.5520208274237746,0.2976954323910422,0.12008230592208129,0.08934440915973238,0.24344782453723118,4.4412022621377325,5.093211083922106,5.401449887404473,5.187661803455751,5.035160910472623,0.77751709529793,-0.5171236788421485,0.012780606740849873,-0.2542132881894228,0.8637213129624747,1.1349687729035698,0.7205408407400775,0.6340202878078045,1.4643922221808683,0.9817094345050087,0.8782239622812603,1.051348258067071
4.110979653661524,2.585432641283786,0.8263824958422091,0.874703175825769,2.866127107075755,3.7198973747870507,3.293187202185531,3.606520144936411,4.104857344856665,3.833088930814911,1.6490505965465405,-0.2950541931343593,-0.5901595571397187,0.5044297703029903,0.9887735489707439,0.8858409240105592,0.5406525050743551,0.9333038431391266,1.105545246619319,0.41690350292590794,0.5986769185795332,0.5728782066976984
5.284768242319173,4.156049414028014,3.6475303498414693,3.136635559374426,2.139029087061013,0.5016660395954299,1.2533331774219112,2.2597936417079905,3.5614658690106133,3.6925993313667687,3.7347130978696637,-0.17997847328707775,0.7359827835315551,1.560762585613668,1.9233899306111097,0.9428732960972773,0.8357840200869319,0.896489014769159,0.4449950394746373,0.8701286939206861,0.9606458111099574,0.7688180629229094
5.461326495842973,3.3224220489134053,2.892115647920622,2.2031413673094806,1.3554894542037927,1.4067751887228472,1.8952139145350384,0.9824878586199495,3.1008233134783434,5.732777657547998,9.03957609668719,9.825319679362181,2.1530012618083787,1.3946164187474748,0.7125047448256747,2.2992204253750534,2.640204317416784,2.3476583164245426,2.037631430392638,1.3820428475652233,1.8657457485799311,2.487779452149708
5.615661793399878,4.208963052869542,3.120439928813464,3.262258027111705,2.0355353870744546,0.9123231615773301,1.5230214995482494,1.8739083075047012,2.6465729862432466,3.816021385768351,5.470644107857148,9.294506496088346,8.133368557542592,2.0443934870927656,0.6604684320998095,1.5437825661218,0.5070492796252593,1.2715716075941714,2.1836049871835224,1.8959868094437649,1.5530286626402032,2.8673874792858363
6.063726977003024,4.724786691722451,3.1858794723601584,2.709562579002296,1.7504418488569338,0.915513910115908,0.7303906216200746,2.071976090926979,1.3969423191778703,6.135894392336249,9.123686038209987,8.605992752108822,7.5912418201877125,2.601992186591682,2.020612043855472,1.190714965711511,0.5867355112997618,2.109843085649883,1.8133359195960963,2.0183735839516896,2.4873340133078283,4.520643360304959
5.140761105814128,4.94234123407043,3.7180143770958427,1.4563585251011752,1.3198164171767035,0.35670305041725486,0.8515203521244871,2.3948068986483215,1.4699643326748841,6.697540758393128,8.333146265274921,8.183930029942218,8.07257613047216,5.816111541723986,2.132977646907898,2.622406037913942,2.0123740058516066,3.0047849734124417,2.14715006954534,1.2885736774010794,1.3793462232984632,3.4885411730689873
5.867085251186913,4.701800279478821,4.2233996583797975,2.8149557076322185,1.595983147938633,1.6166122854550484,1.787026343656187,1.2013756107464326,-0.22933788634072425,3.8338790778985508,8.425785629597694,7.702259342954304,8.782038733767132,7.450876946172597,3.0911339688243524,1.8657556131819564,2.5333026257411317,2.363348866770158,2.2073241469498273,1.7505151158039287,1.5824622848077585,3.406623572330094
7.226591518402528,6.3779920389478875,4.768431490314257,3.6498850411451844,3.7425160606785712,1.8103661029917062,0.9298587938458396,-0.3041583363634745,-1.1222379480974929,3.5500444623261815,6.950232000536046,8.195878022769797,7.454688643767819,4.324549022858229,2.568021678224631,1.468316135301279,2.1982700733179703,1.514663142814376,1.7797266327594783,1.5657423061980693,2.0121486534191138,3.5282108599956996
8.624651983046656,7.014465387938465,5.232240176135482,3.7085977801067718,3.4461275073089386,1.4285918787734047,-0.17915723436758818,-0.12270439964648655,2.311607505240154,7.569758813669345,6.1060763878210675,6.518144070570567,4.360914474587778,4.819783796916296,4.26791772541293,2.5758089231920636,2.193826562589759,2.9550646781816825,4.880931831274351,1.7773180878550134,3.121747286104175,3.8260356693454964
8.031846556348372,8.371170747686191,6.927000719795144,4.667318569944589,2.8959073002704008,0.6871102942034106,0.46273006635014186,0.2717730277979014,0.4518661757122529,7.664652134073632,6.587232879381509,4.3046187203308035,4.481733288464151,4.540988006448559,4.852033355106335,4.047680165114741,2.1705014009149592,4.575879054400762,4.684995607332784,4.490456273820083,3.6381069894477625,5.102717031012431
8.784509497388187,8.079167885675657,6.567131574077873,5.172643559227758,4.351236119096399,1.443391560069397,1.632101161902509,4.8978869993442595,3.487042491375776,5.1366764899842785,7.013752392973892,3.1658071948889503,3.4424553536076097,6.8169868410817696,4.486102531549925,3.385631305330397,4.003870741402523,3.310214242120313,3.92655639695372,3.886524927869891,3.270014769930425,3.560351931451107
8.882178241142352,7.357570027810835,7.279391034285694,4.734502455985967,4.706705820747812,2.800404068167406,1.4618731975539987,2.9143830492362626,4.441266713632004,4.484484004887257,6.09133649563821,3.985513881701773,4.467360544071898,5.782176525449106,6.475501291209357,6.487558064928983,6.218691087249516,5.720837326108204,4.665844475161594,4.870585775836345,3.3141591714640075,1.8898039311626285
8.03236093119731,7.281881681088483,6.721767488127214,5.916656274853195,3.6816780736259527,3.4175742815122185,1.8726309641034096,0.46226278281350947,7.149985635958358,4.148770951902033,5.674429522695974,4.600251113018087,3.23627415002562,4.265346571188398,5.742037561790799,6.703141906149407,6.271645929635049,5.328762692698756,3.134257606893746,4.636986216967345,3.7338460128751683,3.6051730033254774
7.388737961386951,6.687496695301902,5.812869290511356,6.196768991044648,3.140539412739736,1.87630553396147,1.623277046240817,1.2055649075735948,8.064039899562898,4.569821276080088,3.9248476156356586,3.1267633840881683,2.2534503965408965,4.903947924360062,4.706658856388628,6.285999114873359,5.576243441932591,5.7334896503911645,4.360283226738731,4.1539131162482645,4.51822522984843,2.358434046379514
6.652070327721588,6.740259620195915,5.818602276157084,4.23442799767837,4.029351875244528,2.3005355938289584,1.7041234995731347,1.5877509579921336,1.816278055398996,3.970829294621595,3.76607340135397,3.036276334550387,4.476375094628702,3.9714648333407028,6.098080745419347,4.38301222131485,7.678696710449522,6.919326144379923,4.0144061206114,4.051598414131166,3.2577515444965752,0.5536363691157903
5.64167858997015,6.494041064886994,6.557356535417107,5.678511863202032,5.999720056276191,1.4039529763536471,1.0209314584012967,0.22284381457745298,1.3177318169820043,2.4666210948955496,1.1386891687859175,3.612993344649877,4.785861796216302,3.5640280626048546,3.312524711424569,7.676173675287454,8.397995641745364,8.085178573273506,5.376025100257423,4.077150430458675,1.2216022372269575,0.47517004847620103
6.0546308828471345,7.225723323710579,6.906929379689175,5.2289059502660695,5.421583041545476,3.4911647029724233,0.13961796519486552,2.641357048615545,0.5556717653159686,2.4163440550821513,3.2095500473612892,1.267315782731086,2.500890708149489,3.3333574051581913,3.3227347094872393,3.902414980617226,5.564959249945122,5.381359818717326,2.282430386547088,2.539445366103824,1.5589969220359592,0.6778192518614704
6.691122913725057,5.771279610369565,6.689044531080608,5.0234991815772245,3.9250152511726513,1.6450233552063493,1.8025690572291295,2.0046302646141023,1.9674148461083474,3.445198067035921,3.188838373296495,2.011680985927942,2.537730262400737,3.0234534164479965,3.856969192759844,3.367932756900011,3.629716556240269,4.788641843727685,1.886715262749797,1.7101856699935702,1.3889360917263085,0.971012435163197
6.433157736524425,5.222029640583253,4.479988761855401,2.8601384359324884,1.7887895380101397,0.9293260491287053,1.6072425649987214,1.5933979948747155,2.761623654333367,2.553506601679964,2.094532510188064,3.0562374555757463,4.532383049921096,2.129219885269795,2.193206110502798,3.6090041114360054,2.4986513015830316,2.3001914636506,2.3244634465454896,1.8605138718536098,1.3454272049093672,1.0269307231766611
4.118345656485035,4.301567159231549,4.347927770450217,2.0906907409892006,0.49038920520385426,2.2439782320920516,2.5667954078227786,2.1111606461517836,1.2818583672638664,1.214422182000368,1.7739721886209805,2.260970154631621,-0.19390539144852878,0.9512030041712521,2.538244590337152,2.1935061055092273,2.278426357745915,1.8533739776839644,1.9508791666757845,1.2717595728772948,0.9788504965742941,1.0428634213041355
