script/wind.json
{"header": {"parameterCategory": 2, "parameterNumber": 3, "lo1": 6.000198445256149, "la1": 58.999992894266676, "dx": 0.5, "dy": 0.25, "nx": 22, "ny": 24, "refTime": "2024-01-05T14:00:00.000Z"}, "data":
[rows 0 to 23 of 24, columns 0 to 21 of 22]
0.22244936919451166,7.378700833982552,-0.8451067030850938,-1.107445080797571,-2.255177239972333,-2.323902843002463,-2.395109483163761,-2.638844999892238,-4.938394352482619,-7.636791348702,-5.018748642501015,-1.7372809645539173,-1.610328400752964,-1.9836723806688215,-4.384266896279228,-5.646703663242331,-1.5006485468979605,-0.7997547944703799,-1.0231265213437155,-1.7140963125655582,-2.0091834773289428,-2.03835832040949
1.1922433801099064,-3.378369980280389,-3.4894982229528835,-2.145831920038962,-2.145343282378445,-2.205293467048306,-2.842221245406919,-8.114713401789142,-9.209919157892772,-6.556915062545615,-5.475563445574258,-1.9616905006225431,-2.0869805980176346,-3.019088844267218,-4.9548126832191395,-4.333493968300998,-1.4159032499640742,-2.4275030463574256,-1.5577767004704395,-1.5470140058500743,-1.9039303974506847,-2.061224195936155
-0.4547268704540971,-0.4932406621750927,-1.4505128219953605,-3.0386955287241113,-3.0986543319619297,-2.886216086889151,-9.047694237918327,-9.011053110368554,-6.781042149296067,-5.287309276575729,-4.387741428094671,-2.07621008533222,-1.68549894046055,-4.722229221741163,-3.156871758036551,-1.9367435204365702,0.45213506637664747,-2.6757466256475166,-2.2072670692256526,-1.9338689828839337,-1.9075574072909982,-2.650281203380679
0.3639474198426434,-2.1053336809517442,-1.4200586696483886,-3.069891698076752,-4.174636387590112,-8.273369668804552,-9.089960183174716,-6.342965991161338,-5.133758589049317,-4.522678196532211,-4.3179692145415025,-2.3772092339176036,-2.0828857272323713,-2.356491366515545,-2.3246897738924135,-1.119436658290734,-1.8031125033946211,-2.8835458991709975,-1.5016301690622884,-1.6986180066962155,-1.9618321181473475,-2.6613551421750152
-0.44756818859269404,-2.7331080121098723,-4.170983704866024,-5.955513816381748,-10.36182074992835,-7.814680673805597,-6.119541216943243,-5.254530879647746,-4.577330066308114,-4.198878082864158,-4.194655277079971,-3.4621364155122882,-1.9415436636871395,-1.759338076927215,-1.0789857182532177,-1.5501816394716519,-1.5269005384308705,-0.982808626243576,-1.6070986386708763,-0.9523908226612273,-2.1345992641806477,-2.498032946779839
-1.4913895527494556,-3.6482995871552317,-6.285851056875474,-9.34330533884234,-5.230370687620091,-5.110064408876936,-4.967272264971035,-4.836707449094438,-4.370144159997589,-3.046023050794681,-3.692025246897536,-3.660276037955807,-2.0840086342037285,-1.5993845049725153,-1.7728703454558623,-1.0695471813875346,-1.9135048093189615,-1.3586879336755417,-2.061387268370957,-1.9762732511851315,-2.0149525690418,-2.5089684999753343
-0.5887431325133102,-0.9888455602090089,-2.5185357001061757,-3.361120419387189,-3.7837231469897317,-3.6497349717195653,-3.542173814832159,-2.310220062204829,-2.7295633978279654,-3.017816387996889,-4.194821693866478,-4.198121465876235,-1.398455048188795,-1.260045198661044,-1.0984974949444313,-1.067052545842931,-1.7585316108911684,-1.7717417362932193,-2.1230781788030475,-2.1621750777059843,-2.3090428258663147,-2.4041894485003286
0.850940309582548,-0.4124256197748381,-1.0980157722367005,-1.326058591046721,-1.7435659316713341,-1.4616331693518185,-2.274059079452335,-3.05765340172576,-1.9675084077067435,-1.9397551324656588,-2.4478922838008326,-3.431117996705611,-3.347105988853833,-1.5557413374140288,-1.0005688290138475,-1.065118805888204,-1.479077165420805,-1.5496693941835458,-2.074326359879745,-2.063466461552751,-2.329065517533214,-4.569220160369887
0.6193216017526381,0.07675662370234247,-0.5919613326575496,-0.799991480128438,-1.1010694044416505,-1.2958819906714365,-3.9459136426641117,-2.908477784560372,-1.8423820691685153,-2.4459730855786104,-2.655660674146064,-3.1424380351660544,-3.334741840725301,-1.4494709275158384,-0.8916236777859519,-0.8971629410949269,-1.4284434697827268,-1.3651072724185285,-1.8810105691214276,-2.0747639886761604,-2.554797688681738,-3.9085675744857085
-0.0011827038195954258,-0.6581467334058081,-1.3456671439311787,-2.0930928393280213,-2.650733322780417,-2.705124690780147,-2.509879145410118,-1.6431129211167077,-1.4593676729460128,-2.3337796193914304,-2.6502892935961735,-2.087066370260751,-1.7103472878595272,-2.364712256838859,-1.4468320210522994,-1.2305468417066152,-0.9979563414621332,-1.4637310107451267,-1.4268931847151154,-1.7814980954698583,-1.6966546778152185,-5.993001749209405
-0.3264354147440209,-0.7714901280729505,-1.2482714151583718,-1.7522374209476335,-2.2040507682339485,-1.3302691615901863,-1.1333557992607672,-1.0569982405758187,-1.170076419011852,-1.3761505522261401,-1.594980467540936,-1.2925327849502057,-0.4186297878309091,-0.6669862344015788,-0.28239080836771036,-0.8732814948911128,-1.4370016249026067,-1.5266901906116053,-1.275748862349396,-1.5554144429684893,-2.1323153644392048,2.7323983713568594
-0.8967105554509863,-1.0960564616085087,-1.862000030882404,-2.5780559654385367,-2.9444224339628633,-1.7414806588599714,-2.004051042651183,-1.9871976876272568,-2.217395155719131,-1.2870351306305927,-1.1256964067436748,-1.0060857470706266,0.26611130721635695,0.2699631665942416,-0.4402461122108271,-0.728172490335,-0.9537572967511214,-1.3650076605657564,-1.5045107050039541,-1.5504002329648863,-3.0169322172802344,-2.4033525460378673
-1.2612902963766999,-1.3879047240688225,-1.7251604851619406,-2.330149503000432,-3.007498366947414,-2.475711864021262,-1.7866897202738048,-1.7182135208762928,-1.2777091473953108,-0.9982014801903804,-0.3638419789697282,0.1893957087408195,-0.5706223563617625,-0.6088158319780589,-0.7314821182447485,-0.7563503065629168,0.6562931758026901,-1.7988623743132777,-2.415065838916261,-3.270263184573968,-6.83399605492057,-7.627507254440452
-1.130001099273013,-1.6040152641310605,-1.9901959362487143,-2.285271122236216,-2.1010306475671086,-1.3759394435311763,-1.2786711895057987,-1.7369549500162227,-2.153085492766789,-1.84507271980827,-1.1389625897120477,-1.353332426299729,-1.6015030085271647,-0.7371355672950278,-1.4535524709039873,-1.7345084622931968,-1.701406830552409,-2.2070324337454026,-1.6942401059081351,-1.6247714848894923,-4.872089353877415,-5.478489915042657
-1.9279780454209743,-2.120591731649467,-2.3484792136160486,-2.652466265326329,-2.6997767972417224,-1.8475480547433685,-1.6308176476260552,-1.1884226027557623,-1.5751912946366198,-2.0094606865889926,-3.088097806519869,-2.5855950494599598,-2.153131634948243,-1.3989821598003598,-1.720067231357062,-2.1730882448075004,-3.3428262551049963,-1.952123365784242,-1.4789890295034671,-1.7358256796987206,-3.1307256152571608,-3.5488230788194723
-1.697324349662159,-1.6974734426917368,-2.100898119015556,-2.2663569121986504,-2.8225136899470846,-2.650389056013107,-1.8866672852356259,-2.0284849377940435,-1.8679418481528556,-1.4004888784323009,-3.05988962194039,-2.241578670266202,-1.6524422765411346,-1.5619735150682805,-2.940730336818448,-2.810535876418237,-0.7242166976602288,-0.5251089093057467,-1.3695713459132464,-2.091515643551398,-2.411538065975719,-3.401371296536664
-1.807254110708392,-2.293871995102499,-2.0923838499521974,-2.1881499644325078,-2.5183821518259624,-2.4406854410660093,-1.6820309669532798,-2.2846180902831565,-3.194255400353243,-1.9147083980870157,0.1812918219576613,0.16406874968112706,-0.08892757859359623,0.5960967666641939,0.28570564263081305,-0.1277601862587753,-0.5828829386834964,-1.2853913165775166,-1.1726644865054763,-1.773159570027872,-2.7799219851993744,-2.5657352567811174
-1.6514096612763043,-1.0183723268136795,-0.7270965056800293,-1.8226065151927557,-2.0204936990717113,-1.5977470624992478,-1.219858607530037,-1.109164398947194,-1.3729020751381378,-0.962525336922554,-0.4637882963248845,0.04565835004557014,0.7623837341728548,0.9734225279753543,0.7630746979774881,0.3230892668557318,0.5220286541128712,0.07336922250955642,0.2389324206562438,-0.4282979693322816,-1.4803682026634006,-2.1918702408299873
-0.8421781357212264,-0.2596263044385962,0.28961480290969793,0.5506386124390541,0.05004642941506415,-0.9539336403471098,-0.7999144464084604,-0.534461563480845,0.5010390254124144,0.5843538245060896,0.49505082183352545,1.3499239292926999,1.6430201674265854,2.16601073824922,1.4094103580213049,1.0330220828216794,1.0407901854671082,0.46186348468443944,0.29829255245962755,0.41539294644358693,0.15647308100116017,0.50880674325501
-1.0629928108166178,-0.2028394520998523,0.6436224870193603,0.9641903660290481,0.5296118588935947,0.2632257731348342,-0.18495830446925654,-0.40692939903138087,-0.06300569631607977,0.29851193631169276,0.41057917757490603,0.5437656438715456,1.0434264901578942,0.6941866975158928,1.0853924575569447,1.791802335127125,1.4392968189667463,1.2767643896058896,0.8787194668490893,0.4950764292541634,-0.4228703211497356,-0.5745124357284201
-0.663531933200171,0.181694144917565,0.8627321451627761,1.7191055970975064,1.3557869311068134,0.5493109506712146,0.20952258723223013,0.15842258865504527,0.39515568221602915,0.08218517366481666,0.7438530339489763,0.9282181143688502,0.6376252021339409,0.43784100987246993,0.2870748891846048,0.5221131465066854,0.9306726066550404,0.826488664143517,0.043573795120017515,-0.1698421351765717,-0.2609897543372378,-0.341586209030526
1.111651263137817,1.627199365932289,2.0988042263564086,1.9463719401593613,1.9430776087467208,0.7206130942913342,0.3100822707374181,0.46882700239198843,0.17764185552579637,0.3432715479225641,0.5273924783011923,0.47233889707351867,0.03221358589582889,0.4709155576108705,0.36766633021908673,0.37643557087174867,1.1087947143500858,0.5712090765572441,0.1430075356708082,-0.009625320291548167,-0.34261539388462,0.16954070740444313
1.5191358816823748,1.5387110760992917,1.5160018424777182,0.7019049826504045,1.3231784514351357,0.35612434878684096,0.4865734803209282,0.5070269348278277,1.198241474050509,0.6272775472233483,1.5444426045469617,0.5857804742421604,0.2869075264756685,0.10133672705386033,0.45972691443981545,0.8734679756667793,0.5039587971952414,0.5494899991839313,0.576893922846942,0.3903320763128739,0.7278187961009036,0.2964445896513294
0.40187589537485074,-0.05349801246497917,0.6192459043322949,0.5078441171970565,0.7940239461852912,1.4668774778924683,1.852455986293255,1.3113993876076686,1.2887083070454912,1.2839354530803972,1.0440629046155665,1.1034210178570236,0.6141239105169403,0.3942248779057121,0.7420213176664402,0.8142569156854532,0.9003270848797638,0.5236831614809109,0.8733780453408199,0.795473728054605,0.44405216022188737,0.7948083520212915
