script/wind10m.json
{"header": {"parameterCategory": 2, "parameterNumber": 3, "lo1": 6.000027932988019, "la1": 58.9999434238085, "dx": 0.5, "dy": 0.25, "nx": 22, "ny": 24, "refTime": "2024-08-20T09:00:00.000Z"}, "data":
[rows 0 to 23 of 24, columns 0 to 21 of 22]
2.956840202608327,12.208388621665994,9.646859675123974,3.244941170721774,4.066020066849579,3.05504594465107,3.0924659226039375,3.603691873903584,8.21219192761434,11.69634091244862,9.80836107373866,3.0193093038422747,2.740420675658604,2.9793451249632046,8.731374872918025,7.612312083251893,2.830859370810479,2.0599108030170745,2.6309428374691497,1.9440529799075439,1.7865174384366436,1.6119946841286361
7.21611461034247,6.103636146330846,6.76594515779547,3.555634139941515,4.214157443667394,2.32568236002096,2.959050784410546,11.30620173635518,11.219821302830363,11.294672832086404,11.13952335504947,3.13083443753049,3.4115231567503685,3.8023887049472824,7.6845814794528575,6.965126611762654,2.7144458557360505,2.2786357540388797,1.3714753253053389,1.795958829873964,1.6276779458025683,1.0214660272784204
5.1462994014138985,3.826419101767874,3.7334797792738517,3.390782171539093,3.4100500944742396,3.292634944782008,10.739840485902507,11.391912405154734,10.582585994685822,11.138078610222097,10.774281300449827,3.3599296346545704,2.5634873682319177,7.140523951386461,4.758405468536705,3.716328192669629,2.563804789987226,6.075996867775685,2.5809692845239653,1.8724224664070932,1.191044953780482,0.782899759290037
10.62289546055207,6.055972880856904,3.992826183436422,3.702957942538719,3.6209093339544833,10.93093999362056,11.00155978634922,10.40930599086857,9.532998448381692,10.59263114632723,10.731243368669324,4.748646669096564,2.913013105949337,2.918003627140627,5.134049637715384,3.178577406274317,2.6490942101577417,4.536524953693325,1.706791939557802,1.6275889610145526,1.1788420079218431,0.7498528718747238
10.735183596667815,10.225323810787968,9.271705186291205,6.466853759680712,11.420377745133724,10.631796540058188,10.552124107415374,10.222048090589098,7.897259031493195,9.653231202889382,10.352565249578475,7.845153763132939,2.9883102953453555,2.551158918026037,3.002366534584479,2.8462904931047,2.04831016064963,2.0737364323038427,1.8313533030002702,1.728791276415937,1.3318821906253564,1.2253705596845479
9.863583995612274,10.442703935984612,12.25225742640786,12.049515726648883,12.59800243369544,10.800707862993573,9.880371575287663,9.65519078056107,7.804150245553091,8.585152573970907,9.71038768970804,10.979633684785592,4.203764244124723,3.260391596061427,3.101088963776321,2.5787499477937015,2.350495357680689,2.041596833833656,1.6989516271432148,1.762309595487344,1.6430757199321977,1.4469975714852978
9.129355320074898,9.44968735283663,10.380969120694711,11.840134169918178,11.579567200438934,9.098923324813617,9.72239114292791,9.023875524846137,5.823090986667082,8.605081563941578,8.89719022526644,10.747327902623011,4.297367987449203,3.1183317672325064,2.336861967299167,2.2679913138417676,1.9346213281992077,1.892417715553617,2.0438880856031503,1.470233117344871,1.8429934758243447,2.032180982534863
9.045626176271133,9.319901831348192,11.268359841453526,11.179247292776358,11.574450972849338,8.678266559571314,8.777536821072147,7.623831627275797,6.358112441785581,7.117164237549929,6.040221104617529,10.343080517017674,10.111975251449303,3.182019324392814,2.4206779441868838,2.318627285013865,1.9442341399418843,1.6263321093656704,1.7602371245335777,1.4806587160827767,1.6138459226854946,2.737354799688893
9.203047132737014,8.851473891725972,10.72426579028583,11.975983723912409,11.962589411965338,3.8704103953659623,9.295232408491225,5.991669423974678,5.237551791131959,9.277295213893888,10.327574931513709,9.672112425328956,9.953735631440214,4.289702966180699,2.443670129422337,2.1845047178417674,2.670327653190262,2.0229395931402974,1.7344932061301244,1.7250078252884873,2.174826088402182,3.598730407265412
8.960908821559576,9.675332675476513,10.3462396094161,11.091453184094508,11.919083916563508,7.349535098076801,5.8662635944336845,5.481871299110838,5.6346608164101015,8.119821408126676,10.581523016405637,8.255934991706178,9.245693098141293,8.387850470364931,2.641589820833362,2.4443494066076665,2.543659569141426,2.2995681143939852,1.7482785424811016,1.6407465920478088,1.4612509126545894,2.6690509638310997
8.940520340921985,9.843758336016695,10.579675124057134,10.9877795767894,10.996658162060788,5.578070145731957,4.13365862265741,5.197498709280779,6.47548856862418,5.969336580532738,9.592833360562084,9.045627132845858,8.086258978914387,6.724205955922723,3.907857820174049,2.099156969059449,2.2680463003531024,2.08855024348568,1.9420239515398863,1.535926761772958,1.252134633510051,1.130428271947339
9.054577057351024,11.282666260670993,10.797740060528605,10.59275034016995,10.336665350988042,4.6182633821139385,5.8006605509642855,5.232204987779556,5.81170755980901,5.5998423600361855,8.651871175863567,7.874062897030465,6.811405151957703,5.596741997535701,3.347820807752648,2.286663981228267,1.7323921398337592,2.2698389876541225,2.1029081400313987,1.651299388719391,2.171321435005234,1.325838409882926
10.2479368044397,11.918300486960078,9.92146500321367,9.598423637696248,9.6680816808195,5.807106208916232,4.034568455579224,3.882349759527513,5.778816272321593,8.110445245301284,9.376927063480233,7.044389513130084,4.320036881143395,4.020197072385362,4.162254145766565,2.3920156746410695,2.0415031798531764,1.2164917192459184,2.6427707782237673,2.387208763526721,0.7434432762786003,-0.9505041642578749
10.304681682545414,10.908735654644511,9.88205501933912,9.434594510505766,9.549370428880454,5.421620231354117,4.441182985983591,3.7065187284932524,5.703810789438488,7.425539524000501,8.686651968252422,5.511651755578133,4.530438650810576,4.5514545366331385,4.392916450361919,4.398657768748464,2.4281062391622394,5.5503958282535795,4.245591477872899,3.9064061470226243,1.8998635125315995,0.7546257337449076
10.368432812784354,11.76554320441588,9.554396897022682,8.719014300343305,8.741522238940513,5.858702345094502,4.560589847523116,4.238925082462733,4.929174483776031,6.947995384777222,9.336567905404818,4.936684667554505,4.263734338404732,7.597358810046315,5.185197216186296,4.35510054995277,4.516647456694413,5.846604041307439,4.497888056261642,4.406044508506092,3.2415979897557907,2.2470777862390245
10.900923849582078,9.06060244007282,8.820447829809044,8.624200454892794,8.628596822230465,7.434635175758215,4.311519005570062,4.376516745641755,5.668127764503918,5.478264474133222,9.328394579615011,5.4050906850130565,4.302422062182168,6.392803141956531,6.808957256583982,5.736072411508339,5.702851328298644,5.942047623232915,3.7099780486751257,4.294093491388993,3.225732429398131,2.1132686409826626
7.316736336667118,8.149969162555179,8.272627500012716,9.038850210677753,8.313044927041904,7.808816885371556,3.7078933228627995,4.072282328997186,6.098401965617072,6.621114898794469,8.5730611555403,7.058162668436438,4.317946371820271,3.847617852385873,6.383231141311649,6.2484872300263925,6.146214602536838,5.791453254966157,3.588427507733899,4.1090742718275095,3.2078087412213816,2.8510406281729983
8.491443622846738,8.688949512636134,8.508101269372037,8.527609264778489,7.707977127195297,5.688220865776256,2.9264643538193362,3.913237343365606,6.404270821985602,8.381051531201244,8.16521020122147,6.276516755139846,5.714918419394765,5.767596044054292,5.697343456149794,5.318324368276332,5.949474930065349,5.6483173563578175,4.6072976968305355,4.610541863936219,4.079636206641191,2.655394737068849
8.332266829443755,8.153760588244435,8.081517562963727,8.632157473499724,8.0809379781198,7.654976295831764,3.9967544064961955,3.6975180573949764,5.272490997266369,6.996596461097311,6.406099081694463,8.255846852234837,7.159615015694501,4.695189598367535,4.676640977199208,3.7711996975172624,6.341231388423345,5.78478065556677,4.4827335632811565,4.000802858137679,3.2861807020064555,1.2205582630545164
8.280512242838032,8.419409073940502,8.262703070097755,8.87770882384575,7.757035773308975,8.114501534628408,4.360204504625757,4.174203790584641,4.2672238526522275,4.399265632095779,5.151857310058988,8.203416431016665,6.6741670285128025,3.4437518734833894,2.6546207367657746,4.740125049610855,5.720888165260809,4.58000920552335,3.053646890471951,2.277076748509138,2.177275013101881,0.5899878693772472
9.764451789613913,8.75869871686285,8.061697835145592,8.085838851396167,7.1832685125144735,7.458985247790619,4.694749131002468,3.7744774706633204,3.137122940276455,3.653662720694293,5.908592904543997,5.578275577573881,3.941040551894857,3.506259585641708,2.8024971758123076,3.1575358291052287,3.8015997233209866,3.3894441263457527,1.752534168497221,2.140770776039056,1.7738762540146789,0.7746017052298809
9.039882041910113,8.61264094181464,7.781438906086967,5.6768021267292665,5.8674387519977005,6.4177781076983935,3.7959635582048152,4.217005112932958,2.874364171083453,4.469021584999523,4.977167474547109,4.638319081689479,4.149923576954108,3.2352575014282103,3.4256079029444355,2.709071741937839,2.8517549429451363,4.299165242381084,2.048858089160402,1.1456263958703474,1.105207137584977,0.7620010918144301
8.478234176679635,7.285201228088512,7.199418182022645,3.7392528589689817,3.8436565739597035,4.140870472957698,2.706107885733191,2.802861202342874,3.1255516081497445,3.177878393858473,4.082015406468948,3.1961966970246536,4.266644178987126,2.4371510051341954,3.558980520638874,3.259689262981399,2.1095421369622014,1.3476350112266628,2.26018989212719,0.9784690615376755,0.9475122085577328,0.7185657047828142
5.139120585310571,4.907574464314761,4.721653397177923,3.660786545645027,2.8870269065669873,3.225357842797112,3.3442265111765357,3.2786291161691605,2.6665100708438194,2.721285694557011,2.127840357248493,2.802737330140163,3.4220101774466225,1.9291896050441801,2.313437140824001,2.3673187254340893,2.707657528147699,1.586687536287782,1.9265266514232753,0.9059462340971606,0.5940419644089978,0.9123425884418207
