script/wind10m.json
{"header": {"parameterCategory": 2, "parameterNumber": 3, "lo1": 6.000198445256149, "la1": 58.999992894266676, "dx": 0.5, "dy": 0.25, "nx": 22, "ny": 24, "refTime": "2024-01-23T08:00:00.000Z"}, "data":
[rows 0 to 23 of 24, columns 0 to 21 of 22]
0.14433035534357927,-1.5499384414889454,-5.1125749757671874,-2.8602382181936616,-2.5079904368625328,-2.3820320448106256,-1.78995497097739,-1.4264137606081717,1.0205642508428088,2.600793222465366,1.5229371605769435,0.8910197656794173,0.6402016749665003,0.1611063388480592,1.8802225224485185,4.433786341313349,5.740645430510104,3.027226968052707,2.645696413222753,2.9476116481047185,3.2169824500536337,3.709207891589284
-0.2199230334543945,-4.087306689875321,-2.551419367844293,-1.966146878713238,-1.986955989603246,-1.1272715955852775,-1.9179202082206228,-0.7437080674761959,1.4766343884060822,1.2489882688444243,0.8402562665615615,0.3107995338969029,0.6099175043580635,1.1535953708288067,3.7489217223324,5.697126098816645,3.3544320957434817,3.2594547604457556,3.3555696765579905,3.210341502166339,3.0855876404556146,3.2367188848827606
-0.9925792391766074,-1.6519509151016833,-0.5793712848366361,-1.1048196137168416,-2.045841009209404,-2.1418585333489633,0.6753580918591031,0.42068402533250204,0.7340670686258453,0.7012605607739292,0.3950083757337317,0.1076188897959664,0.6214033195419667,1.6988158094517491,2.853865000731407,3.871495458361394,3.093906146860533,3.3057577241525196,4.816854460779754,3.8176610995621165,4.310981661384002,3.832881304703677
-2.10588988144977,-3.3497993155743573,-1.8463104627182485,-1.082909535151793,-2.4864104374435834,-1.3718298678230472,1.2677069665487681,1.4121616074454055,1.3788242513501787,0.31479332120218084,0.34900530480604447,0.6415339123142202,0.5793910873468022,1.4267250766841948,3.573344846138693,3.4670486551881563,2.4372777488131194,6.369193147929631,3.710916083215757,4.0963116529921555,3.9331041289360047,3.0824165553070646
-4.7499319481377915,-4.360296804389268,-3.1682763050495804,-1.8545855853012485,-0.7142414084028056,-1.3832987935210785,-1.5495838344511295,-0.25792764440151067,-0.32847195397307594,-0.4526167404147288,-0.19507887747884944,0.15827884413367704,0.30134388063343603,1.3203901513799787,1.9409140934752773,2.6998468841487777,1.8567100080277588,3.8633235350243984,3.8127171202385397,3.1603219040788058,3.216377670128004,3.211271416496827
-4.7759689138937125,-3.893606433908585,-2.6422290917856537,-1.991976021304494,-2.645112244826099,-2.1977801877387435,-2.2270708181840084,-2.815708079600208,-1.7872013066834518,-0.6358622940777139,0.3771118949854764,0.3957024728186205,0.816733626431059,0.6275215403522244,1.7743982014888051,2.1588036970973072,2.466400341441722,2.771311672246116,2.8926480802789345,2.862895800032669,2.6860650221850846,3.2131253496922594
-3.6501262304763804,-3.98302002850172,-2.5190660868573826,-2.2677164936613323,-2.5061110792215926,-3.5535574991374568,-4.0174238522445265,-2.9508818862847006,-0.5297321047732135,-0.36011154392588995,0.06322033834436047,2.3065727689276394,1.8841888846594905,1.452989624578972,1.5415153516382707,2.0634018295085075,1.860780692172378,2.2580902717705746,2.6832927635434696,2.60565547407855,2.2860199856293497,2.514947096067549
-2.98541726344796,-4.39700044137571,-2.749669965484362,-2.8614947384841636,-3.183843220239425,-3.1952629227465104,-2.917755079460595,-0.8168957638048886,-1.1462150312105537,-1.4767492246835174,-0.0920921895157464,3.1124058344616623,3.9377696106560776,2.152525692215524,1.9143097199402541,1.79542788639728,2.1633229585911353,1.8873785000382908,2.367051083708538,2.0335132268208356,1.9807032016516068,3.087132515995493
-1.603188524218426,-3.7178142189423133,-2.959408430208296,-3.4928604049276935,-3.5713180355924923,-1.4949693357034395,-1.5105212758362454,0.33438135072028397,-1.2972150921082244,-3.11689956877855,2.209867774805442,3.4499145787652084,3.503960890932174,3.1474196552562774,2.0522085472776865,1.8061452610601338,2.9304554292299443,1.8390327483323665,1.890843411505979,1.7781805251313603,1.9383603943634562,3.0035226200205414
-2.1229767605580814,-4.617413454819648,-2.1520175146924747,-3.5032981561469967,-3.0733049665442316,-2.378017255177702,-1.3543540979012623,-0.9485227966387804,-1.6316884570126073,-2.5154320706377127,2.9107835221425056,3.5643217966303764,3.0013761022790804,5.71903496844126,2.888435573049504,2.048001680219386,2.1052722894601814,2.2119975315488496,2.1280313679633003,1.9387807854286114,1.6818269286058043,3.9869724333089915
-1.6274478745956789,-2.1520969833938524,-1.498517125302473,-3.633603409866979,-2.564533219520089,-1.079694056602542,-0.5688651571068294,-1.0308843668045344,-1.6351725990702857,-1.466972843626895,-0.4012243336528497,2.5363112243211856,3.191427132507672,5.308290630581873,4.351274119093368,1.867537320241785,1.7976675998280547,2.1339654743049934,2.0867630296416784,1.895194246682604,1.628489007986039,4.155509106356213
-1.7615691458462883,-2.5795721656464328,-2.248541386404417,-3.578018063183354,-3.4391060076758655,-0.7214089040345822,-1.2102598443067423,-1.6723032200976755,-1.9280130786395993,-2.7743926014362916,-0.6264328532818045,2.3860401177120654,3.9347650129486365,4.869908936786037,2.299646025276669,1.1778226253556583,1.3627601073238462,2.0868370496471758,1.6295687110013486,2.5027277357445676,2.660129576951199,6.319961653909017
-1.2302288514919557,-2.981228304137464,-2.7424217916023745,-2.1990635765795807,-3.6045810038398356,-1.206703643245428,-0.6504964272026662,-1.6255908233801777,-2.625634826238294,-2.468900153133197,0.6215666609668277,2.0596955009509768,1.8886795838212087,1.0725522606295872,0.8623201661520616,2.1692907187803314,2.0317769962181056,2.4808596554467397,4.503107174076718,6.114470637472365,7.276712823769273,8.023429494488028
-2.381312010785828,-2.177855287085871,-1.8075309070345231,-1.6665595723562896,-2.2237189433336355,-1.1923571087548939,-0.8105209646188625,-2.1858564635478683,-3.2075877673441604,-1.5588469188486502,0.8202204279796427,1.455012336860363,1.4478391163255595,1.0160780291701383,2.455290455447981,3.2002540183195207,2.286409442177595,3.4844368680873563,5.628931034349332,5.799773485547361,6.267784893870788,6.623191416031074
-2.0629634479751884,-2.502588125281038,-2.232240849697922,-1.37533793165396,-1.7496190181277322,-1.3525842555967251,-1.326373814202646,-1.9124741797080564,-2.477647477241705,-2.102710928880296,-1.2387442107631905,1.4587742175959306,1.1738576370946403,2.3852854280815228,3.459522604064352,2.793541140072137,3.609498300590588,4.924578133820217,5.243375745955248,4.9761153900669415,5.032368244274409,6.8759215234704
-1.677585304427964,-1.702576399915069,-2.3462698155052073,-1.3759401690126867,-0.23524496561556812,-1.2570898187999313,-1.44209254233347,-1.9147196450038135,-2.8042321809342723,-1.1427725073843193,-3.813132406905384,0.21538920685224958,1.3024893577371088,3.1114784186676405,3.366865294898873,3.437186591855658,5.53142491928867,5.522393384476625,5.456463713220338,4.900224369468951,7.145772096134058,8.058975127862938
-1.715771478425754,-1.8653413375333256,-2.146540345902677,-1.8736362941733435,-0.443073180784156,-1.3073097609660365,-1.7657128815988303,-1.583370320265385,-2.660495968238759,-2.001527896711478,-1.1688767094979613,2.755169269696333,2.2742703760650245,1.0989205517751053,2.728125540597881,5.318160519064021,5.362062691354538,4.794232784052673,5.414489456897792,7.7915276876400235,9.252267180895311,9.251698631920414
-1.0401507899155142,-1.4965226871267319,-1.7657949531095685,-2.208552133223815,-1.8325991637529786,-1.2726635821639,-1.2943863350160658,-1.8636368134323222,-2.082858358261908,-1.4086255298934878,-0.2567361958705298,1.6189000685815393,1.6624905486771886,3.350478015515842,5.116237657195387,5.625068147275047,4.31003121838026,5.506253119954178,7.478047099659692,8.55515736389512,9.200131482632365,9.216760326311046
-0.949830055982241,-1.7597977798699616,-0.8955714139436524,-1.4743304540860438,-1.2437220805542648,-1.3140661021163227,-0.9973017337194542,-1.3418566483946313,-0.5400795693481886,0.2968923977754929,1.8934861916853474,1.0080896345810342,3.2650977976147155,5.700373128562287,5.976807657689259,3.7977798077578826,3.5896564188621607,7.3654380435128095,8.49411141270784,9.707300689140755,9.466961228286866,6.792817738375602
-0.8145801585150315,-1.562802813960777,-2.01738813984249,-1.9440906299978231,-2.718282211521696,-1.0235907782076001,-0.18263303342789763,0.37148271055496246,-0.14736987069156643,-1.1843722040668951,-0.5889839697743082,0.35204482559172073,4.9831483678108475,3.5431945141270984,2.7893416718879194,3.2359311008782217,4.737065151459518,6.913670050857313,9.154905302404325,8.454250569360697,6.35863141410994,3.8702930103582505
-0.7130255371285438,-1.258961841046304,-2.0461846955619887,-1.914585725563218,-2.1978435430220635,0.38246750602535556,1.4549713160354976,1.1383159464563481,0.05761713656592677,-1.3699461054924744,-0.35105804827104503,0.8813726786441205,2.3690369419070083,3.1741876279719974,2.428360139242235,2.797128412526538,4.023006942692046,6.209450795650089,4.3146965323031115,4.846727983277167,4.335962553719316,3.1889676209938886
-0.38719395796563766,-0.24682446031956506,1.310910999383771,0.2036914925665406,1.2947008283465087,1.8272387359257418,1.00973689253495,0.249037083324718,0.04236367202086636,-0.675791124339968,-0.850055779898851,1.2890290856467284,2.813022619591201,3.2770106320926655,2.994600984577228,3.5291657407295007,3.644022846777114,5.976234940129651,3.1566359678286844,4.047692186259017,4.009572644823109,2.227670197345543
1.691957582240465,2.921220741139018,2.6703191733054754,1.0790683560977814,0.3372610298876078,0.23652450825416627,0.05866277287631138,0.041495718387873214,0.08717925821426813,-0.27938123225722883,1.1347782639884167,1.481818072842661,3.2487593866566122,2.3059301291362604,3.368538729166171,3.0454584483721114,3.688801344204858,3.507280995684126,4.013593476294827,3.5910447865991055,2.8286361978223273,1.9798744291369965
1.9031071199938703,1.6746538603789414,1.0099646365250423,0.5525874379694466,0.3373150910217423,0.015454814450860938,-0.019463271490365516,-0.41451173926035406,0.3480353326611201,0.09890599938142197,1.2799530875486327,1.0045904495103561,1.904232530543991,2.264895226215965,2.5284253486259485,3.0196980088368366,3.4018800411200125,4.288298482499987,4.359582139593854,3.3246532760255034,2.2270475313446663,2.256220904603845
