script/wind150m.json
{"header": {"parameterCategory": 2, "parameterNumber": 2, "lo1": 6.000198445256149, "la1": 58.999992894266676, "dx": 0.5, "dy": 0.25, "nx": 22, "ny": 24, "refTime": "2024-02-15T04:00:00.000Z"}, "data":
[rows 0 to 23 of 24, columns 0 to 21 of 22]
6.796446132893156,-8.483453804435525,12.684846510648697,5.7686951676675235,5.126194401765738,3.5975228342549284,5.898858459616787,7.739494159785916,3.1775128387209017,-7.012721272860394,-4.539192617814195,-4.297970821411687,-13.736226226526389,-1.7542997595666163,-1.915610622548968,-2.010852070361835,0.6452031535040568,-12.358689645057952,-4.892889971822899,-3.840080329018132,-6.039165027588056,-0.7175088966157952
5.90936205220091,11.542453874598857,-15.664204361538966,-1.9971478352624195,7.243726450475574,6.562556591901449,5.846507320973419,6.102211022271598,4.8372450585886515,5.272470654395462,6.6423793537336095,8.373295756040681,11.126179916032655,12.624854167106275,0.9159637807803325,7.091455409432885,6.150440172840648,-6.25914479565007,4.570837132668778,-5.351744277315588,5.681854708882245,-4.906957278685029
-4.867703913349299,-7.106500519105443,4.564082809217258,-5.393772322001276,-3.919864628592446,4.407684402287893,0.25722608654829965,-1.789166791227129,-7.4919334530904695,-3.2153635279637904,-6.283709598398313,7.529156431128291,-2.5698309307485965,-7.128973958489596,5.858579599835183,-2.7348401431445364,2.198701769471702,-7.483741640432238,-7.412301887508146,-8.69249771885118,-2.984689531695094,-2.0877436499005357
4.8208940585512,6.197062944712325,-4.011254970792923,-4.9000753393557,-1.0396276069542958,5.090467518746495,3.898688867190538,8.287574169745113,-7.299915074035639,5.794673389433648,3.8876436732981037,4.75903874846699,4.919100461222245,6.572422755799542,-6.751905360785508,-5.732981384488125,5.386075362480156,-3.368331244468717,-0.7184521884963441,-7.290576474556025,-2.717667488797406,7.755136400677746
-6.401872513465945,5.55561512071519,-0.1033618143848066,6.797505659469862,4.304270235993104,-3.45152685750921,-4.143368992860817,-2.587466668303742,2.331208632130102,-8.847271940096462,-5.3278824915859575,-5.634299214997588,6.938280490011441,4.403891968566726,-3.679195898997486,4.417393938973709,5.172720517100884,11.48159454008472,-6.860222911757767,-4.336283614962636,7.251207674549983,7.0006993712668395
-6.689696746724369,8.029217051424853,4.427952430541296,4.895546322989045,12.183931784296725,9.976652414033376,-4.04724478559393,10.456755509426245,-2.465166147926743,3.095250299590748,4.598351897519557,-5.9649815540805875,2.8016950731677817,1.0662880945576174,-2.133829950595256,5.100512641958448,3.7224136846702174,-10.567073842005446,5.1614251364185915,-2.6893020259985265,5.534983544399225,0.7852958436975105
6.224945962582806,7.11675394393932,-3.4289803721940046,5.368892094847625,3.440288355223469,6.973444392212822,10.26654693055714,8.822312909916766,4.392935674328598,-6.323043464309251,5.416850677795248,-5.71753746124919,-8.13882834960017,-3.532000011800443,-1.297855937443868,5.512043437714738,-1.232499400438125,12.662441295238075,4.9781398292029895,-8.213665422881231,5.410473292394699,-4.421388772026031
-0.8696623675620218,-2.075108791161856,7.489433976404845,13.204219728754314,5.162468814895936,-2.544824321047915,4.097740200855561,-4.699684221224256,5.027438531983278,-3.771631344758666,3.4349241503311405,10.655159646908706,5.045326097584934,-5.761300336142047,-8.182074400472747,-4.756419439144584,5.105898101545353,1.3893114698778009,5.35456678779286,6.953956769664121,5.495263010002927,-5.5667005376536425
6.641228727507473,5.939088160660807,-6.644491392646523,4.66106386300209,6.179008934766204,11.721968745256406,-13.79366490355231,-5.6496805143163105,10.378611837895248,5.73215405902836,5.008162656129109,-9.620997029930129,-3.986577293572218,2.8303967736420366,-1.0104691676944648,-7.927381281126489,7.152625332389119,-6.34517126752041,-9.192556966245514,6.5823348032211415,6.26041134725617,5.546874054414584
-1.6772811652540445,5.324986136079886,4.423547843296351,-7.0738256430473685,7.610491029664971,-2.411456468707331,-5.072218549419425,-1.9079790947446518,2.2128891038090543,6.87932817585787,-6.257525946227508,12.609042892469814,-3.6425687033995446,2.1211916438940346,5.235231640962118,4.8533637417208455,5.131168612475011,-5.151565856186579,-1.2976824707636203,0.11497607913371656,-5.5588332822615865,9.429274289546608
4.303791709898664,-1.9761270286096424,1.0190711047245709,-15.460699184847487,-2.1023501091171846,3.8667566050158992,4.808787467908112,7.579278935080021,12.19326297290983,5.48370187212454,-6.327236203237028,-8.95268641927799,-5.755763808657995,10.860909910406786,-12.653329738393177,-0.7923335611589943,6.0933545301845395,3.81308600739844,4.333654766026878,-5.609079029823668,-4.586273404930662,-6.9063742631671206
6.268494262675206,-3.0182459838844378,5.915832691186467,-5.241795985206682,4.455438770496316,-1.281934860500314,6.979270246742749,0.5014752110024828,12.09845141328677,-1.8263277892726228,-1.0745425147081116,-1.0302871896440797,-4.466194905120908,5.403431249344501,-5.3995333020636425,-3.6779378392218094,-6.562394200306016,-2.1576801718724994,12.163104830673737,1.5366948410921482,11.86472251729548,5.8894433464087
4.010458137019512,4.441935390852099,10.8806792598686,-4.472368939525175,7.535206574336287,-4.402510872571902,-7.589426491848439,-7.063776962528825,-5.963272070609847,-8.682966027080885,-2.665962269367467,6.86886811648504,12.774956846928914,2.886701731287082,-6.0281869722481325,12.546056851153802,-4.219672068263463,-11.684314622073755,-4.976189512426631,-5.476845211380889,4.823184174723723,-4.876669174071098
-1.4406454576786196,-4.297675415137116,-14.637147063393362,5.156461693781474,-3.466519993101617,6.903420817653542,7.665674894381489,-3.7791906156388255,-5.451293149455093,-11.582528949597558,-3.6322301167221727,-2.7269112745249586,6.1360853684159835,-6.389817840224665,-3.0069956594337723,4.153591050451037,-9.506531232243452,-1.1531748856702955,11.91502818949636,-4.360589974855114,6.965401019634151,1.4375225103429525
9.213862461341611,-1.3704532245889787,6.3563371759024285,-0.49091397711851137,-1.5895336401058604,7.665655751198191,-6.031180384352334,-1.606994627756806,4.622057600620108,-0.8289915852619588,-4.913365245158269,-15.652532613789866,9.058508196518234,5.143712907072578,-4.979016981557632,-2.3900382916987404,-4.23824404298031,3.9314299817485305,0.7897418033514375,-9.276914981343499,-9.487248287193848,3.4339323243607183
-7.074487938499343,6.37346429571191,1.8271566745680112,-2.1313322843656537,-3.742348401171227,7.971893711149438,-1.0153690557649806,-7.28359214093493,-4.917828893637184,6.1183655345794365,5.852863377955848,8.4091858490846,-5.177641238468296,-5.555331546249023,-2.382113356327955,4.702118422780076,4.324190940696822,1.0269512982485682,7.509515291864828,-3.1944350626851485,12.661536201253856,-4.169653291320389
5.670506321258337,5.094678970014372,6.386862805274881,-8.493969126633212,-1.4528418369920626,3.0687252696930467,4.124912330703983,-6.8889166882730715,5.893946034578501,0.07549939469746816,-1.7711789625194145,12.071741855364753,4.545362301297375,3.7660635426233178,4.900032950144393,-0.4515330525612221,4.486687453654357,6.044385466708892,6.882800009525812,-9.81831560957906,-0.8473672257881718,7.080548294539868
5.361310965177126,2.2766987678335124,5.175776645892618,4.615578814381858,4.984349722641093,6.54916942800795,6.973259808822428,-2.643125571270224,-3.4439240239953186,-7.827493129350504,5.199779612594625,-6.106619337204481,-1.5407173947181318,-1.071464455822505,5.472773335453647,-4.3628825802739915,-6.063092662574862,-4.316477515617427,-1.907422276898267,8.014273039622372,10.861114360762663,-10.02189662216682
5.062576823330805,6.132826935348438,5.296843869482583,3.968182885760031,6.054788404020276,5.58105543222968,6.300826139254483,5.459730520567398,-4.586567481428489,-6.341736164108282,-6.565903787519138,5.589786540426376,-1.075674039748732,-8.089729047959477,5.637833571668834,-1.3962814749408794,-7.932867718181051,1.2956458878104544,-2.8078215311499197,5.429999141666672,7.906580556835379,13.86794562136023
6.680230912923848,8.020425285664746,7.81043292457366,6.294026253882793,5.882228095673266,-6.521605285081945,3.8339781694897295,4.528317600294933,4.822563619245515,6.646344490562037,6.781008229912126,7.323988294047373,-1.55680848350522,7.565993776191674,-2.6104984639890834,-2.4063217558366152,-0.35406608162234393,-5.213698572677101,4.202905443647211,6.24780830008289,5.536809813416738,-7.914404925895594
6.303411143676563,-0.7716450411178122,8.333572391890828,4.6507388343262726,-3.422250976541214,-5.730697443021544,-5.502473295690943,-2.526977709177529,5.721587456472745,-8.064110627715314,-4.924861315008329,-0.6248242936053914,-2.485604049884075,-5.752778280511377,5.876040294099472,-14.233750238682484,-4.926166406561978,-0.9923441201609646,10.175925441550891,-1.936201491737927,3.4594058829287766,10.386671027483654
-4.352764584707754,9.613537447094982,6.855731469636218,0.06575041397106408,0.7457690957536126,-6.656426725278566,-1.1196765642090862,8.888353308317491,-6.125534760382767,-14.497633327726154,4.339860123401594,-7.640178683233103,-1.403817655314929,-1.7009772682101059,-4.925683656553632,11.430070400046116,6.107596730608166,-8.373560448600273,5.7800624952985835,-7.592093129884634,-8.146314505994644,4.672982755459038
3.162423501652767,0.4546787853623933,-0.7556380600556521,6.927394418452521,-7.980792258922687,-5.280828175376589,-3.5604516029635587,-3.6712909289215676,-0.43244414462589725,-6.365753521693335,-3.1936533710565427,-4.8950831504557595,-8.073317429738925,-4.831295554628204,-6.742779936191227,6.103486914162163,5.706882745688626,7.804176884502676,-7.941194186563536,-6.1454274414612655,-6.055091586773944,-8.79035567886491
5.610439289683263,3.892664258142477,-2.0896745080135055,-6.037595877487641,-6.720723374749578,-5.69600685874538,4.379564741460959,-7.37552473213182,-7.176474526457203,3.017114654480007,7.404247148975313,-4.200496595535778,-7.008956409138128,-0.7579578773225477,6.024396618687246,-6.053896089889167,7.270567517870098,-5.371130931268934,5.750249169720918,3.8510243174112637,10.880648196241198,12.03073190699495
