script/wind50m.json
{"header": {"parameterCategory": 2, "parameterNumber": 3, "lo1": 6.000198445256149, "la1": 58.999992894266676, "dx": 0.5, "dy": 0.25, "nx": 22, "ny": 24, "refTime": "2024-01-26T11:00:00.000Z"}, "data":
[rows 0 to 23 of 24, columns 0 to 21 of 22]
3.7457261044495453,6.929209770318572,7.207423500996444,5.578230022575929,4.291168260569103,9.194348544321183,11.982185830788136,9.29374876577488,-9.166885043551998,11.40097181855979,11.727848009445715,4.975544479639719,7.134285491771395,5.328073862127974,6.265501452838357,16.195662464619826,17.239169144009306,10.865714349163843,-15.977480576390631,-19.10018544213872,12.036908535994403,4.128319312947559
3.804248478636016,6.705864147655407,7.814590934155758,-1.9451592969486642,-1.1412942694397645,3.8521926902215387,7.6781699733700615,4.977711214523299,14.44483314093156,10.467443214965398,-11.196420676314919,12.54354302599091,5.596722541584918,9.448068643609126,4.8798758241801865,17.855704457797533,4.816129674390322,-11.211583736459916,6.274420723097601,5.086680932225235,5.641474671917859,17.48712824861176
4.623471647349351,7.333318550339006,8.063287684137892,-2.746321277741024,-3.65840988961857,8.871776416384574,-5.330785097876089,10.22465119704358,-4.782241592924045,-2.356578918831615,11.795610049168104,4.768296821827693,-4.757229250675065,15.227536751419512,7.509028696924448,7.198227345930973,12.076064996651192,8.08163918566581,9.104620550440096,19.844275366972717,18.33457143386631,8.97577024325959
5.381480304770375,5.925285331484672,8.314030083385434,-3.3985182918099994,9.693381450850506,12.839921054782689,12.657698405451427,11.090792723613504,14.296701841248458,11.627818844876096,10.051982985378949,-3.4400280928672076,13.086426255518216,7.916556984798878,3.4574030981574717,7.409689454291249,-7.474875521361072,7.761753054731921,18.42561849179516,-16.097374810728773,-11.520434726208931,5.55939761165252
4.383142890382032,4.752599487518895,8.38851193659223,4.916164107625857,11.981427769268585,13.819511889614244,11.651841578317123,-3.455903562035591,-2.323409817736344,2.447276346621582,-0.47997323130996367,17.729317564419183,13.427104087527553,7.1123471787416035,5.238205546258541,7.195319066832379,-16.934640184341333,7.597117786237778,12.023239834909788,6.836509335242711,8.13104073587192,17.88264586712672
3.6866847176535753,7.896602406480474,8.361954313980851,10.142452346641154,9.376977935475866,5.443683410434661,-4.412845732558702,9.416255642300541,13.23470488480846,8.905624141637375,11.327929760129896,6.508560474579474,6.651905893604132,-14.852272768072904,8.26942644294158,7.877887367339541,7.416756988946011,17.064693920501632,11.410887707312776,9.042676625933497,7.077121919176429,8.271548139534007
3.704301020041718,7.081299798835064,7.886460458948973,9.179349593478202,1.9435326948063718,8.611679990477253,13.480404401019904,5.702541354757234,-0.6585172486931599,-12.255624361410351,9.921786435116209,-12.098664032921127,-12.444579318420102,2.7877217760745046,9.392519426375651,14.566327172311315,5.5210768238897066,13.54221674496084,6.806464686544094,13.769609042532334,5.766186793367069,4.656811893364192
3.784795695564435,6.146444810202027,7.265258450641764,7.493325592961348,-1.2917153529106,12.920189307187085,11.272167939779557,-3.8674730182091968,13.568413658794514,10.680860154160504,12.127093519011314,3.956013080307777,-5.226899063753543,7.328446322663362,11.404748117916021,7.841452327922268,7.5610244493639716,-15.321120896774444,18.276068859057812,5.919205287277054,8.898588587447795,-7.903373923944069
4.149123591482576,5.299001529117585,7.717430321235477,8.318797628887442,5.411301163705509,13.363827713790222,-4.890585347855801,14.080132633909534,-0.24005542709345767,9.795306109965571,10.522678533233682,9.524005835353,12.999531313134222,12.011950922353316,14.780265715118295,7.245317401634162,7.475890469408949,-13.135806819078773,15.289712656661594,8.631862592325072,-16.522002027107696,6.0335250372375615
4.664138826529379,6.462506268110975,7.491061054683251,8.64621583602477,10.912847210579978,3.9976531947008547,12.476726149641898,6.181539916211407,11.132796363987072,10.9687776477442,-4.8287541703954195,6.4893475356524215,7.486832922867734,14.419040972391839,7.223643875006769,7.014543850665161,7.794404523286095,6.766240195826792,-15.062637065591632,13.732547915373477,5.834090656492462,-7.957568942315346
3.8377022463446617,7.543258095861769,8.093604247490735,7.674670444343746,9.054508279211658,9.907164562713442,8.050481478325974,10.694732077898273,-0.4047541980165864,11.598932521918229,10.46443426750687,-12.669943544649524,8.101519262679309,8.179972566596241,7.3203907682497285,9.707294904692885,14.4289810395354,9.587284138039477,7.277042481384807,-13.671017922262992,15.43421359196085,16.436568561971555
3.801436628379576,7.109972566131407,6.610536266246434,-0.07448702510181134,7.419879207447124,9.725773516385873,-5.9428626654217025,11.938109917978887,11.465008846778202,12.115163147233067,9.524567514802143,10.057259000848715,-14.188503512616615,8.232201067588896,8.134510730968824,16.05933738006782,16.51653332251236,7.555945491963994,15.879644754486725,8.291528068409386,6.946744351939196,2.9496057549633274
4.12358303006027,7.042087542063024,7.304745103251957,-1.7179414208764276,-0.9090803755004642,8.128195110969967,13.319141347682434,-7.863664467316092,5.109699013020913,11.153849899179908,-4.143173398096111,6.460749849748646,4.5979154148918395,-14.797374167255706,7.678587189211752,17.903350949030365,10.312840443488142,10.003633464789273,13.538628028375586,14.129992804702788,7.804925368083147,15.56731768198137
4.226941147881029,6.912627572002116,7.273085691996769,-3.4344584058594956,-3.7610924102201224,1.1555729947235653,3.4056017903574083,11.388879485816016,11.416302434562546,2.084770235696726,10.079343604070525,-12.010203668080596,5.758435590753727,-4.533070343424982,7.418291367621928,7.331335777594353,10.619942361053962,-13.82498658626102,-17.25417943616358,-17.11787370340943,13.592090327933413,2.4501952620876604
4.101943885378077,6.968242134125027,6.671454610913917,10.469047155828559,10.23105457497686,11.326344844607195,-6.815301590137957,-2.8251001863803875,4.8080697270629384,8.907588271869821,9.352027597535717,4.3520508933102136,5.287565968227277,5.389429787468847,7.156882895350759,12.677501361902188,6.770253970603655,12.178584078066685,6.764589259563572,7.946054926796008,5.531738908089793,7.050300862438594
3.660210330159829,7.756496912214069,0.9408035235667016,7.8896905361419,9.113176762825681,8.335180677332994,14.828454386477217,13.884479285594946,11.699272368078553,-12.88465694860215,14.669971684966155,12.452988765890803,-12.020838746929275,9.592849262157399,7.348665925669134,16.943530444473197,-17.95199329889095,7.770103895586724,8.523425616024634,15.260450843514073,13.137566666573724,11.434458178344599
3.6573486031687095,6.822339608274006,-0.5310320373259408,8.679216625551026,7.427616032873949,7.075613618271955,3.0545365535527487,3.629018576410402,4.474455577757742,10.43353269731696,7.2490007078117396,6.5041032810883666,2.6629974121490374,17.102710692266196,8.966663492916783,17.88333143121326,12.512732444314837,10.008765545411247,19.089239809158894,-15.811219822179249,5.997190229880547,8.421284405023792
3.7925758025845706,7.915932101508017,-1.9902400005707053,9.117475402953907,-1.1767805232018358,9.340819768049272,-2.0756507833240043,11.396950048672021,11.51794389163975,10.497416040405474,-11.079337411980578,-12.054793504233293,6.25657885068673,15.241431523774793,6.577322556963122,9.837925842715766,-12.438670072946028,10.034558733064049,-13.696558308507772,5.335014171817779,19.007420752209466,10.072680076191352
3.9600386538009027,7.4351571175030635,5.869415809090536,7.464634445665146,5.244794521757845,9.537573092738826,12.206477314335876,4.935029747376406,2.869730727712062,2.779431489126816,12.462148672533923,10.914936787189205,9.025971033018331,5.094676322609568,-16.045050321411807,9.986193269805154,6.841706771494394,12.835521321924023,6.482827244961844,20.010526999192024,5.381183059467423,8.572259558436599
4.440081650861317,7.226806168635068,5.78171311280515,-2.7053259086892827,11.364362696979933,8.915901892790187,6.940941845359387,-2.184304855170963,13.34269701377264,10.237781146356166,8.251404227496456,6.483368909415236,7.192701922152423,6.743371406655524,-15.843839581225545,13.278820988673848,7.306907161276816,-16.94728496124188,9.144666949486282,-19.81470685234388,6.328369701162883,13.936589056292899
3.7037255093262402,7.524096721818137,6.989411061334003,-3.0165577337892264,8.211803926952495,9.304176814484308,-6.1257866164331105,13.65219292068582,0.4959797635183879,-9.834964265336192,-10.928413440918153,-10.992300490495806,-12.80893522997487,-13.201379001097157,7.166809067853599,9.192843114887394,8.66957069587716,6.5704932060385,14.73070953665011,7.431276356736194,12.838951635350082,5.1723082801619
4.474456534359059,7.282975152116863,6.6326630534579785,-4.345054978155199,1.0890923477544743,11.818673012178573,14.41445926437279,1.890659254664913,10.390778007398517,9.709609000838439,10.551971738224365,0.7902959416354532,2.705647086121088,-12.523393763665423,8.11824406034993,9.502803761350393,17.329369531808226,6.150355807589154,-11.793561303079054,9.41025509000024,-12.338617038291575,12.829515913587699
3.51212942794139,6.390662813896442,8.070119987399327,8.479588873184417,-2.566798304976651,12.576861431073755,4.5813016186208655,11.628439351440738,4.588786417952152,-10.700595278865034,9.268001498607388,10.248192560448855,8.528938703305185,2.6471966989054234,8.395432695266205,4.974834490970705,16.83287903146714,9.565008337454186,6.58685018870591,-5.764107921692059,7.018763405990329,8.88974438556556
4.656448301566442,6.732806347740444,7.466893028855317,8.607124669495825,9.71373862978024,12.393979017681216,10.008524754479525,5.3735276186260315,11.418742492561194,10.347308806122541,9.74348433491666,7.404313211429422,8.896506180836438,16.993190865610114,8.393563043346091,-11.81844729066342,10.77542938157828,10.40264831901626,9.462408408379163,5.1865410373166805,-15.466332433010624,2.8531008092297485
