script/wind150m.json
{"header": {"parameterCategory": 2, "parameterNumber": 3, "lo1": 3.000054539987559, "la1": 64.9999836372058, "dx": 0.5, "dy": 0.25, "nx": 34, "ny": 52, "refTime": "2026-01-27T20:00:00.000Z"}, "data":
[rows 0 to 23 of 52, columns 0 to 33 of 34]
-4.1335471663274514,-4.121449078909003,-2.7920008261177216,-3.0214824704038206,-3.652144258194604,-2.9950080545624527,-2.0178616577400534,-1.4646863832691002,-0.7279180732548672,-0.9346787301042756,-0.36770822794483893,-0.0978454389445701,1.3354338955211402,0.9013747161163889,1.7025078489021417,1.0785089789460407,-1.0975480456662012,1.1302596732454997,4.186149143385316,-0.30579070870878056,1.5308691868144333,1.1546933713222858,0.9609345086238088,-0.029193334428310083,-1.0426666509815428,0.6130349492034384,-0.3220667132393262,0.4953030388723597,0.24095657877124288,-0.3773017443064339,-0.37295051526474005,-0.952619732937534,-1.6178620086070177,-1.362460563134029
-3.1234642865996913,-2.819720206791413,-3.208383312230883,-3.5127394777447503,-3.2164728481010636,-3.0426318717999123,-2.494393039190206,-2.8495070647273746,-2.453675094919843,-2.630544293571286,-2.309339770272784,-1.8067387999415119,-0.9441797236744344,0.16667346594378155,1.2768741597979358,2.333789540034802,1.1295420681778134,2.296700494579927,7.900433061400968,2.167162656636118,0.9107331890433651,2.514954397611931,0.7353288728182783,1.7371970962703314,0.17369439718507698,-0.09460277251360438,-0.10154687259148829,1.3625703480051214,1.44155413210568,0.22459839124692552,-0.8944112902765156,-1.3407809119973433,-1.3644507962650247,-2.1633251603056936
-3.7126252467156946,-3.908600696393161,-3.733596867351825,-3.6977948003029537,-3.6833436855608337,-4.211842790821346,-4.156663736599298,-4.201693638132549,-4.200847304641047,-4.346419498664501,-3.736273597955372,-2.9698235425072785,-1.7191940819014757,-0.25336884539084487,0.5925349066549809,1.7434037544488377,4.5962914054906285,2.724267581878269,-1.8027641996832688,1.8370638568501259,1.4777375076849426,1.8339660909350777,2.486223793227483,2.8153094513508243,1.7852862401348326,0.20318488250563385,0.6249264341734447,1.3455358918915163,0.44513280441043007,-0.32020210998452087,-0.49728231877724816,-1.533282387118188,-2.3768116315074934,-2.7144091253756772
-3.4817169016033467,-3.6886911187216533,-3.9664778815926423,-4.4651345005700716,-4.6583531497681765,-4.646441240580091,-4.7646352267066385,-5.113887051914898,-4.8625044356582965,-4.382790028229479,-3.2980544093616504,-2.455953803210986,-1.0814765129573902,-0.5722830897643585,0.7362978207827179,6.790481168483398,1.71436935153807,4.7865488178382565,5.196026918655966,3.9387430596104713,7.90370119308653,4.400768881984147,4.3831740759605475,1.5279544249571824,0.5409637641269557,1.0831770108146965,0.35047318865191973,0.26378644249510685,0.06608261051503371,-1.0890329317867347,-0.7592624200558519,-1.7760728151266238,-3.202766648686033,-4.599740485614437
-3.833528769867825,-4.059146041984687,-4.266540547418351,-4.606510273292201,-4.891635001512058,-5.381626672220428,-5.767172369101409,-5.298586444645997,-4.411864185693111,-3.600602175779559,-2.5002466848457883,-1.140433604370101,0.031453556925191965,0.4889471406844165,2.0853552257266106,6.2386327212003385,0.5355160327910164,-0.3040721941726035,-0.24341124620234483,7.184385486644439,9.442961078672164,6.5341274400755704,1.5998885738249482,2.36504742740003,0.16485745240571428,0.12476920391701447,-0.26363853646579116,0.020981640239457523,-0.49535828566801576,-1.6428031140178057,-2.197802691134854,-2.1893700874406954,-4.181401075224197,-5.667096540875709
-4.221682760423864,-4.675412082983277,-4.783325705032163,-4.790400138652719,-4.817192054044979,-5.255450723177407,-5.346643998483243,-5.064482521458688,-4.638828535075047,-3.8026765601799415,-2.866000150224403,-1.6588994899126621,-0.1769504425866764,1.8676178135296464,-0.38298372832139604,-2.5277844614522005,-5.838252094987844,1.346504267399538,8.316071176402803,8.465519059922208,3.9553400767127878,2.6202869380600657,1.5643618852304544,-0.04030394721370847,-0.15771143159072507,-0.002638524399654879,-1.1457969514180164,0.07755935991760078,-3.2157737382045015,-0.6373235540024476,-0.30354533655339044,-2.9266948927904197,-2.53028739237261,-4.435823105624007
-4.138679060249174,-4.6180511593368845,-4.871019588891347,-5.236427312119156,-5.345120320060587,-5.421097334395967,-5.236918306842042,-4.886712289379589,-4.520790459750321,-4.342153122323969,-3.2441894356689733,1.15243309577022,-1.419661280109599,4.447022490372731,0.9215749248117157,-2.648186325345889,0.34304975515978614,8.65927990157298,5.065396252745708,4.863317531488098,3.3403472111261894,1.511160662795197,1.8092422012750495,0.4155956092799085,0.8348441936399335,-0.61918598354588,0.1271016297653028,-1.5294317996238243,-1.1331462690786882,-0.07979104616908056,-1.0224954741108987,-1.4566077269629718,-2.051457793823489,-3.927164212753516
-3.5596308723894063,-4.330722609996963,-4.956059633934743,-5.211349847594264,-5.377520690222335,-5.522323443620041,-5.3056601842904305,-4.648428731018429,-4.185994804164077,-3.742326449554131,-2.555605891570761,2.5447989986644997,0.1803146572694188,0.6192575631753682,3.706681185559053,3.343291907009209,1.8153400411133054,4.841344294627649,4.580697606691491,0.9129136682615004,2.633023411350312,1.9504820797115041,0.27283076058060013,0.06724290719474793,-0.279992762534208,0.22998826310017093,0.33864893168695975,0.6856122136764832,-0.8344906513975523,-1.437321525728458,-0.0503893602119354,-2.962250476872903,-1.8736113587605356,-3.5460365362193538
-3.585131297947432,-4.214015953743486,-4.654172459947708,-4.910895414017623,-5.0945572716190775,-4.895928332422504,-4.659123301170336,-4.787038436678315,-3.466924255818778,-1.561620898990617,0.08514974149703135,-2.2311305992810864,-1.2507098143478717,4.501691937062456,9.859913090535455,4.117524371804609,11.151046458890983,7.360828137821721,9.842891138383193,7.293771822348153,6.722010084312453,4.52377224821017,0.46564878612037247,0.2917427335650005,0.17863555098411718,1.4490571037797289,-0.4285864810626825,-0.36607507426296043,-2.0780278497827216,-2.003909798792548,-0.2778147065623665,-1.0374773284463779,-2.647770152495289,-2.593585763197001
-3.9915367810845583,-4.080975929745315,-4.433817800927844,-4.670217135550873,-4.495072070699939,-4.643197860829452,-4.429430931183392,-2.574858502221627,-0.07003545974086667,-3.9724207801358933,-3.164131526506777,1.5726774450219787,0.7967579598052296,4.600515168568737,11.871797192304681,7.2774764479114085,4.854735556168547,6.707340942785594,4.409643344992196,1.0274423135666428,1.3368191244305412,0.48610532033659415,-0.6552928863345451,-0.7712894555238132,-1.2391078622745992,1.1699729665552216,0.035252051910911034,1.2893163500486113,0.2547541999982103,0.16435709565408826,-4.714858629842741,-1.2650235580724067,-1.1714423672403294,-0.4638763182390211
-3.7238968048439207,-4.012984812589869,-4.1251606023121825,-4.406635440804313,-4.719913964827507,-4.8243566037555965,-1.5638617589585844,-0.7847830232740455,0.9473791178260703,-2.4262968923770485,2.578699957560062,7.873190273380808,0.16353763954571943,2.275197737280475,7.728554901420865,6.612903798904153,1.0221489977747753,5.332209573265425,4.066015432807223,0.7320894253379211,-0.01759452549909054,-1.5322709313391973,1.0550824176399276,-1.3958718395396623,1.1389183922649317,-0.5732144611541699,-0.8162052388706642,1.7848386221696007,-1.248227981295557,0.5097438123207532,-1.5374645976012264,-2.2051821170201467,-0.9422840585031359,0.5920025256309391
-3.4738305227740818,-3.683367283946451,-4.076923605172408,-4.058211674053694,-3.376741966919896,-0.3826341397531317,-0.7892553086008195,-0.15217595084321683,-2.0504698682156657,2.3067814447115467,0.81643384353891,2.6908616000491694,2.789833720718577,0.8523848122998294,4.824485557447364,3.052494210299355,6.131308240105321,4.956844298111402,2.364861664206416,2.3835053218396616,0.4748664948811688,0.11058602000606663,1.1486896575760395,-0.6138096979402925,-0.5004388752653137,0.25834069143193283,2.373447583484243,2.4010724449793357,-0.6781644830960127,-1.8612677317765765,-1.6993108322545998,0.8419107218357129,1.3481414154536273,0.8408279926965888
-2.5545829622276326,-3.023695907066137,-3.907069992234131,-4.175721702602746,-0.7393038100103352,-0.28805109008604407,-0.39608782336106874,-0.8514419363744881,2.841520262343955,1.3864404023958803,2.3921580582863986,5.066432471716388,6.3193969935516074,1.9651735562053934,6.528680964991622,1.2466004008327767,3.1163337445249826,0.29754348294790023,1.259690909126298,1.533859052877437,1.792796750082185,0.4319683377542453,-0.8039447648418202,0.010813578009327064,-1.0631473429754714,0.04059127747388729,-1.206185257726009,2.8274156112132713,-0.4749666022078377,-1.7572226610545396,-1.7543283488443295,-0.18472237948575576,0.4076690334395215,0.400646098610429
-0.1616837472835075,-1.3569446668368914,-2.6349274069880133,-3.7181062519991097,-1.0937832057098433,3.3443285710769777,0.04666768073076276,-0.08245932503809694,6.767459425460811,1.4749644713469214,0.7458115802907905,2.8450026745198875,3.554750791747951,3.0166336125252142,1.8133298377674045,2.686845684292914,2.53535366344057,-2.7976579299204056,2.0860612988783336,1.3846157118859859,-1.0623626216774045,1.0222977598119214,1.3979633154530104,1.6234810167041203,-0.9560780848381385,2.278058775070953,0.8490681116141667,1.3735358663348287,-1.3023776224540127,-2.6053357971591433,-1.5171352784685768,-0.08170622197449814,0.6656134955657443,-0.07827710710320711
1.312399927357705,0.3364216523225369,-1.2264142291224374,-2.5934476947094747,-0.6942173399433742,1.7391669659386586,-0.5861566390308757,7.994174557827777,0.9162679473144812,0.2846269028233395,2.216317815520653,0.6810353831858672,2.6823475629810356,0.459645186721789,2.952320844476924,2.529900575645768,1.3295651822581316,2.6114691147692684,1.691491028718347,0.90452001913344,-2.4373273161203324,2.5052064994118948,2.305399525165788,2.6121384620657215,-0.13922984600315966,2.563944800541603,1.4868849809665698,1.2720404116265158,-2.8285201500265944,-3.234625411973734,-2.6350686303372073,-0.45536831816805784,-0.9123359245859322,-0.8564494844366818
1.472704241580875,0.459330349332726,-0.49712547181717154,-1.6956667423767207,0.5578410486283304,1.6591714553755743,3.9579666368786808,1.7824571618008722,-1.5178965079670157,-1.8905249250719003,2.502811144769688,0.7853945482506114,1.237946736806442,1.755305286455685,0.2507451732229886,2.1785782937697444,0.9396009204861406,0.2034324905771455,1.790552782504825,0.9859397414604129,1.1971527389794614,0.8854389640301649,-1.8585060838557919,1.5125556784078371,-2.480781100402516,0.9042582815091642,2.132332846150306,-0.28957085010404887,-3.663575966345253,-3.597238928714435,-1.7805446305672847,-1.2201605150175834,-1.3404867619635006,-0.8772056914783567
1.6604274376355295,0.9882047646491069,-0.41261732664709944,-1.1627915668228272,0.6904003101773528,4.759691967251785,6.324155699503681,4.440266499324263,-0.06712427066317916,4.8906594209618275,6.81976350378907,1.2856849782534112,0.8042283910270871,0.3559429012970528,-0.10704306465887943,0.331561933797982,0.7962743495576473,-0.6304227451990106,0.3606635465283874,-1.1466315227508064,1.5125018019100125,1.645082511786069,2.1522876821546584,-2.6305176070636787,1.7734007831734686,1.6195285304710563,2.4733571720874745,-1.4869329453502893,-3.3310496579571938,-0.0715247560880439,2.5740553345046235,1.1478015840380416,0.6906836329753677,1.9620570754486362
1.7386793381568102,1.0569075175329898,0.4703830960975585,-0.3024593413130417,-1.835653018429933,1.0981048775267963,5.564090279645801,0.9677296294634373,5.275088652953288,6.502035967597835,0.2591031672323102,-0.34780157329109723,0.3519719998313656,1.0054204158754871,0.6363348287656213,0.6964215393923896,-1.1856069225676793,-0.874266497473249,0.6679070648910207,1.5365327815355578,2.512131095775361,0.22481099181528852,0.8056209010462625,1.5406539573305387,1.2771250082451573,1.7043696258571548,-1.5150678594204925,-3.966971668306585,-3.1751610870645317,3.3317810770158216,1.9234266079554319,2.1904304660097695,1.457277666975437,1.403981418469245
2.717758763411473,1.028614418910692,0.31034338812761697,-0.0348836778145559,0.08732358879566426,1.445032931233044,3.101855629570835,0.3426428302606785,4.432365531752385,-0.46584819719820825,-2.2807037911479418,0.459603132707513,1.7623339230286612,0.5259562221957557,-0.4336139768420404,0.07967484557926542,-0.8895495844353358,-0.5689010471961136,-3.2853202270889668,0.2580221586483995,0.27662136355363925,0.008606402855447367,0.8251964595403611,1.5709268651386037,0.27563982447392804,1.4291645103390251,-1.4233577577374654,-1.6488093396968102,2.361097077668326,2.868202045715315,0.6456883035816824,0.4238317250992595,0.3847579229289223,0.39427730895180485
4.628273372462103,2.59889288845225,1.360860378368665,-0.36094205672166746,-0.43105135186507126,0.1603393817755176,-4.775306789444096,6.468757107931932,8.982859414008656,4.3062907513828,1.9568950184508278,1.8512825643989463,1.1618858941572108,-0.5322102002456921,-1.208388467825629,1.260080608682711,-3.2601245529217215,-1.9480872554505337,-3.3489730294205384,-0.7738216411067497,-1.3753947847733672,0.7265231669302779,-0.16895506371889862,0.6103690506016819,0.6786499272230061,-0.37045258068809206,-1.7416889702930474,-0.21999717811602984,0.4186967606216621,0.1162346478207942,-0.6592503067568671,-0.5109053773698993,-1.5117046277728092,-1.7444169123090711
5.1873418856587366,4.138641791407125,2.700191893520081,0.9865365915755318,0.2456730401854975,0.87535139936644,0.1568087274252215,-4.700893971162534,2.0392735332219405,2.6335264507818152,1.0012186622762194,-0.8046644466247775,-2.2648784598991947,-2.3357373330254543,-1.852295250268543,-3.839004175335901,-5.114572353383816,-2.236095571726884,-2.605546720763614,-1.3988852487227823,-0.446918681686501,-1.2074891340333176,0.37419931086333263,0.11310120020392522,-0.36577160003190173,0.1857771852814249,-2.3170439823617746,-2.4998417149162377,-0.36367657825561334,-1.4656079064767396,-1.8128301804240385,-2.6554563738211225,-1.72174706033293,-1.6461072685553402
8.515521818819328,4.947096487305362,2.882135611185398,1.7392002300043912,0.10854314693821603,0.6361621240997214,0.17603941598866868,-0.6224804548567952,2.4821995628168962,-0.4134091510165987,-4.552978047501549,-1.6503105061726442,-0.9728665515312259,-4.889514050592913,-2.158486842374954,-5.248760632778652,-4.1803296697841565,-3.4817780433282732,-2.899045641803781,-1.0771972517084567,-0.6040419391903211,-0.8050491036676745,-0.21899310916673378,0.0028942190694853823,-0.3111604790664863,-0.8805323801564593,-2.2205128641889726,-1.3165140427461277,-1.1961491795749732,-2.9104571005940265,-1.711728419659225,-3.1484204476388347,-2.6713143732140807,-2.817566820529361
10.519189625907979,8.829856237581858,5.7463197894046445,2.2517110269737732,0.7679120836763991,-0.9034489430169355,1.6931281469630306,-5.703407840642721,0.8749238125663567,2.7550014913325684,-1.366451099181406,-0.21069745236284537,-7.765216043731073,-6.43106655637701,-6.847329681692842,-6.50364474593031,-5.506950802056433,-3.9243452951313387,-2.178875726925997,-1.6175909173673637,-0.6172614286031858,0.42556369481397077,-0.09021620599374534,-0.5378946607210093,-1.1466103213057082,-2.3764409946457983,-3.6153802503765795,-3.7991323335569622,-3.6045795135475265,-4.1830231506485,-4.736155801313992,-3.8272993101050865,-3.424617581527534,-3.369863011159369
11.359903775560634,10.549151647994645,7.93565765237592,6.190509493565459,2.4222751633073627,-0.2526535870058589,-2.381646004877121,9.561509495398777,0.17220874268647327,-1.8416531275056878,-3.8755750538610525,-0.026886133660421915,-2.698211211955817,-4.698689691452444,-8.695110270586499,-6.412101093334042,-6.131754392960073,-3.1170067583119914,-1.774040432916161,-1.4872762767016494,-2.064633178056427,-2.2952371440502826,-1.8845998468813019,-2.09163647975797,-3.74775930594623,-3.9672620286891416,-3.4079445481104407,-3.680636604093805,-4.4235233869661155,-5.058574905627285,-4.576972420505543,-3.27210654112857,-3.870519847210987,-3.709411577150637
