script/wind10m.json
{"header": {"parameterCategory": 2, "parameterNumber": 2, "lo1": 3.000054539987559, "la1": 64.9999836372058, "dx": 0.5, "dy": 0.25, "nx": 34, "ny": 52, "refTime": "2026-01-09T07:00:00.000Z"}, "data":
[rows 0 to 23 of 52, columns 0 to 33 of 34]
0.13142744768905443,-0.3964229086001764,-0.1810685025112157,0.07539961640030575,-0.060188645762406984,-0.25354219288294483,-1.0022588787859397,-0.7502045143282132,-0.7593629793690547,0.28967516227038503,0.9462017716122461,1.962486858242086,3.1542092962270307,5.150219490079019,-2.1456450401848364,-4.988351314937978,-5.214416403515022,-5.825106858345371,-3.180028384775121,-9.199491566704182,-3.7949396745169626,-2.341557166020727,-6.451802504364698,-6.857197485845624,-3.5659366604504896,-2.078867724964194,-0.6359794059205007,-3.436620367696441,-2.319201349065403,-2.9809862401579896,-3.069668621727399,-2.6801265416365037,-3.404272857774476,-1.7112714711444896
0.7932364505096959,0.6072685964019233,-0.4437434231995967,-0.12647253076891193,-0.5276831330297324,0.42623883307495813,-0.5387431535496342,-1.3447634817861993,-2.3171322796587392,-0.337087536552123,1.4390102652903147,3.023118517934325,4.651957275733166,1.4230860981028803,-0.6287888491041548,-5.224519174911132,-7.307357049607943,-5.453506070836788,-8.58021011489781,-5.014818509068655,-5.860924961583759,-3.3111372249940065,-1.9300793914244612,-5.560394067087164,-0.867486727819432,-2.268915038081147,-1.8216763783392305,-3.377179225909159,-3.5724694651769866,-2.6280910679642058,-2.3664185460737968,-2.3864249134864863,-2.4973733565639296,-2.4119670992928626
1.3068800281757522,0.5410038119646102,1.866611012879573,1.710050601322556,0.8735139111047545,-0.5994723083447568,0.4649333103863184,2.631715211537486,0.3537371189217375,2.084767036607874,1.4701461982036947,1.977088765606646,3.426251457981122,0.08491755081854506,-1.6873839360530771,-5.792613627724147,-3.1265498302475105,-2.944864282543415,-2.8169756895953384,-4.4313755848067915,-5.040539675799102,-1.8720511314037556,-3.32678727966742,-3.8287432787546494,-2.1287660811604945,-0.74359998668471,-2.6305306305406786,-2.715113226432685,-2.8452986459226706,-3.7696209561589846,-2.9069251918100796,-2.5124504250034434,-1.7197987278749756,-2.806441737348759
4.859320904529248,2.035568264245171,1.1936431858535752,3.6832864285487457,2.615323278421719,5.488749892824017,1.8540620056652817,3.0687661888434548,3.1748513417538864,2.6056148651055637,1.6124672368060633,8.664761126066013,0.2597559092855612,-1.9467842262420405,-4.207716103774261,-2.6176382709882184,-2.8471158495943416,-3.190185173302553,-6.297113038139896,-2.1861058664310047,-7.713588580099541,-4.372496805543024,-3.3989548922388866,-1.7546660381184918,-2.169406415993177,-1.1801948426669686,0.18236343635659108,-2.9978788942493484,-3.625581870557635,-3.345518846453934,-2.6355801472794034,-2.712851333151133,-2.202739113244197,-2.8155996195708255
3.6552933202328535,4.554574934352337,3.040130862525156,6.675827362452496,7.126306398476468,1.7884036898712143,2.244705078590009,4.389805144454276,2.9665767818876145,3.6320671258274797,6.873392859785791,-0.4764080488991012,2.319603342966605,-4.63535755892425,-5.035501802861209,-5.002445316171828,-2.0137963205369442,-2.331343194661806,-3.602982163889272,-4.467093123558483,-8.253928400217296,-2.502144670681894,-1.7094927639066473,-2.7896832457540364,-1.5497178452246405,-1.5285303358315419,-1.907666526185244,-2.235531930893135,-2.326439045198614,-2.673875022876771,-3.2100843117781563,-4.123228170006725,-1.5290185100566418,-1.9536104275259256
3.6442840186334124,5.1313585755363755,5.653802904243169,6.232250727329962,5.520006693181594,5.995102275384226,4.76457387639916,0.3925365116617732,8.133328413213304,2.1849101807449656,2.4556144512239593,-0.16768513525863937,-1.1180045054879486,-7.3611004332252366,-2.0735755738863335,-1.2339027097139321,-0.05117519093041925,-1.3312286631139787,-4.868215210744509,-7.98495541618312,-2.682253446158933,-3.6553390805852355,-0.9737169915131337,-1.48791903666435,-1.854568842514161,-1.4816643616590577,-1.6253289792520953,-1.7547525995125748,-2.4066919664914725,-2.698436335378347,-3.4736390542471223,-2.8522020834708566,-2.2881701894596937,-1.9558041887810265
2.4929616532965784,2.8496774373768283,3.5488797437448056,4.055603835869276,4.721381954746046,5.871252826770587,0.21850293979232005,3.472824162131111,4.750167279491743,3.637905835918407,-0.39108680302363275,0.6417216267393607,0.023719690624598545,-2.3381364429614826,-3.351399322062997,-1.6712672774712956,-1.266413285995998,-5.37568095689903,-3.0731104524124437,-3.9792099135171246,-2.240376731020104,-1.3360368576170545,-2.2435380374884275,-1.6846228758503097,-1.3335345914982952,-1.402946130644386,-0.9801517661236506,-1.8243961305787502,-1.9511679990847675,-1.6608658377872216,-2.941940057223687,-2.7024243588865096,-2.56038583666679,-5.449314586775617
1.2820415081028604,2.0311439584854516,2.786005360436996,3.2334509619905174,3.6976191153536284,4.233409115578744,3.63575044032795,1.4113202996482264,2.2137123863229573,-0.16181668607169908,-1.7783210636873326,-2.1580027190757667,0.7155176111276251,0.28499824612413377,-1.5432062655778154,-0.7358557029078567,-1.8877374541410004,-2.0935142392281354,1.2866293823581947,1.4593691167901148,-2.6088582892530945,-0.8600986273305613,-1.995740113847647,-2.2118672235837606,-1.3119735355747062,-1.5899908866883472,-1.5507869295023446,-1.440838137044683,-1.6152331996691054,-1.5901365475881775,-1.9928096352623736,-1.789391032004261,-2.9749128667087334,-6.3607936134869725
-0.6041388674039415,0.05807186049030709,1.1299685244476354,2.02331337246013,2.7180333961800653,2.522440611681341,2.9912156048007463,1.4390017498501368,-2.403455987829039,0.29856815468567166,-2.658420104112503,-0.7609542271774206,-0.5892357910878018,-5.089693030646602,-1.4739880225415856,-2.2943177518075157,-5.427831388639845,2.2518213564675613,-5.028580069743119,-6.206352945575491,0.8706686124405358,-0.4624381948465779,0.6530379890812457,-0.9272265706844064,-1.5010831840592627,-1.5749845495845651,-0.8506887899873817,-1.1232359412515387,-1.0043145814549086,-1.9777942733285647,-1.8599809702409804,-3.653855103310299,-6.2771148652867605,-5.629526671099131
-1.1078058018203834,-0.0520273465947609,-0.35293880393706184,2.0592410165245534,1.853314676926307,0.5990797583479001,-0.281271935469532,-1.015482222461561,-2.438506908835295,-0.18192717990973734,-0.4340090874359534,0.5856425168600021,-1.545590330614766,2.052863801405516,-4.099485464944052,-1.9700751454858987,1.3730576984748764,-5.649422639113431,-4.7516434965699865,-1.9944558838437276,-0.31560665808121374,-0.09674045620533192,-0.008045397496630143,-1.3200261540461342,-1.2625275637668139,-1.289437834733964,-0.673797635472502,-1.514877866707547,-1.3104688730391065,-2.570060859216889,-2.5128168282577925,-6.063018302732631,-5.845377071700733,-5.497825395101046
-2.60807471144312,-2.6466342927443924,-2.270831611340847,-1.621649862092392,-0.7809878636590796,1.368455344180405,-2.1518221460044695,-1.140401086128837,0.5146383954352186,1.9364242967365197,1.912786551346009,-3.2050367508432522,0.40387571686233814,7.041138895871384,0.22452435807649646,-3.981249076994416,1.388574256587596,-1.8515757533144455,-2.961876652412031,-1.3676823036079875,0.2320535610595116,0.3652581431476291,0.5002640275263193,-1.8916139661926998,-1.0459316868139983,-0.7147820673881802,-1.3208071131324794,-1.3482614590658037,-1.3747806848329467,-2.8260342607702706,-5.6265967284288,-6.94115194024738,-5.545028427810996,-6.154148195760052
-6.144399701825111,-5.229042970612888,-4.425986803245879,-4.9600696159890685,-3.564460831748205,-2.4025362203452607,-2.313442804480692,-3.538446256538166,-0.4760415949417732,-8.194985580121548,-1.6881688142738938,-3.4059346010755793,-5.0414409258414095,2.1762177310108966,-2.5239188099115126,-0.5365293074138181,-2.3722549143537104,-1.0652428277779518,0.3800863177724254,-1.3717387314983704,-0.019846471848947285,-0.3535352746092773,0.3148831819018801,-0.6870121487273128,-0.6105012634666162,-1.4557407978305072,-0.8027266559441761,-0.09698870306297445,-0.6032590033065159,-0.5067357004549523,-6.744252539593946,-6.804894672703825,-6.1605804750888975,-6.503227720621101
-6.77652178164131,-6.209307709132178,-6.571965467532794,-5.750434113582621,-3.1670533812561876,-1.7374539002690876,1.3197797061926184,-1.4100332842386283,-4.196108589020158,-4.6867422890969515,-4.08510144132476,-5.402645421747997,-0.16340639131602494,0.04030293496641842,-1.3268810804575857,3.8877397265505294,-1.2155822134998173,-1.332555832894853,-2.3263549144654543,-1.3379035104988155,-0.4933487859691382,-0.11429344439191945,-0.8652845340280444,-1.2949942551020395,-0.7331685185990658,-1.6823862470270585,-1.184473777644973,-0.7698699023116321,-1.1537010496284161,0.5047267628255776,-6.81455207474295,-6.879515959170487,-6.723761591735944,-6.79679995901753
-6.930155006047024,-7.418448861411607,-8.391284807787141,-8.627946178908624,-4.463681331134347,-5.3065496593643005,-3.2972949330406283,1.0969049115031653,-7.579971785895251,-2.571754358352602,-0.6804812859824,5.555747979583198,-2.5818650240825667,-1.447596547956713,-1.8863380905915879,-0.7491752704660039,0.0828501560979039,-1.7199988607415857,-0.9712822654397316,-1.1411235342165347,0.11265272371673975,-0.4691981097336617,-0.044240122545641074,-0.3448429461280999,-0.5923290544823897,-1.023495331337924,-1.4346018658007904,0.4266847777762768,0.27742321363738187,-1.5845818975713115,-6.406196740002477,-6.773990514490478,-7.05186790718281,-6.879619488412627
-7.628832009182841,-5.8915448687291185,-7.86182411381998,-8.18232359432491,-6.323048308116814,-4.224026030095851,-0.7748991015148654,-6.8490819845177935,-3.7743811252865336,-2.0651487205909578,-1.9076672017545424,0.05356322068694239,2.2076570822936934,0.501176225977222,-1.9689833260186842,-0.3561134961522769,0.6701252384855206,-1.2091281354293884,-0.5728781308996931,-0.848403770314821,-0.18963902972112612,-1.2139883377791245,-0.6155062534314285,-0.7458043299584919,-0.25085669887529444,-1.4671398150786377,-1.4143037265024216,-0.2465497591675932,0.8860224945393925,-2.318616138557738,-6.254352901478699,-6.812694029520058,-7.24437225123458,-7.173070274774866
-4.942426259831023,-5.9690327285588625,-6.874928197103856,-7.572455504872801,-2.905290378713918,-2.938948519116842,-5.481031030038369,1.5172246047621616,-0.41033399646034147,-2.471927191311255,-4.305560583384789,-3.245585933270613,-2.226767276426463,1.8472275826090974,0.2372136513020829,-0.8546647099908076,0.04508060604562207,-1.2806948650650334,-1.5194658435404038,0.570515646840099,-0.35363021010838624,-1.669582507112216,-0.5241343654134378,-0.5073346374149198,-0.5707743276321045,-1.2432284899697992,-0.8209609113619571,0.741745771422191,0.8676414658062335,-3.314847284760089,-6.856844444668128,-7.280026812744616,-6.845257168880288,-7.2442591011134505
-4.804141362583532,-5.48844931217353,-5.215943623383711,-5.5201258755592555,-3.0607555577418255,-4.599282138714858,-7.503314507817218,-2.0602052185144504,-2.252806514621887,-4.72058300269732,-3.5769917884585007,4.07262234941698,0.5694591339480446,1.2684922503600815,0.9455594018219248,-0.14775691270312813,-0.44743961119903036,0.6414390332646288,-0.5664803245220185,-0.8685940825503565,-1.0084202258675175,-2.0568436073441054,-0.9925237983762863,-0.8686463601201858,-1.4949183185347552,-1.0411252840998169,-0.9498530553195101,0.23705937766745638,0.01019198193478425,-2.481066035397646,-6.534099106154056,-6.754221489668205,-7.3398495431889526,-7.420002483019111
-5.372651486526879,-5.545346035832828,-3.7213322351104514,-5.788860354774633,-1.2709791736830887,-0.8739230758936722,-4.764797074724051,-0.39657780586751407,-6.9700937818255735,1.310467845575532,1.9911183661498904,-0.5973286749541327,-0.7086822079526346,0.636817922524239,0.29306719498716327,-0.5738837198414012,0.40921536804500314,-0.15024578924098295,-1.3968568480059191,-1.320526800646818,-1.1573912946423843,-1.1506422522410726,-1.1393363728909043,-1.6365350768919933,-1.1122976074032096,-1.574669495562618,-1.1684918791709518,0.5846786659827703,-0.4757697385045636,-3.155045752743389,-6.612160074818073,-6.749418718409485,-7.8894737513227735,-8.399905115039259
-6.045794367231491,-5.0680070922166705,-4.176216837262855,-4.374465795496639,-3.073125155960975,-0.7215172599123502,-3.911322614838351,-2.188259545326634,-8.794471502521962,-1.7544441855340436,-2.003844417243214,-0.1723209462002124,-1.6074400661251018,0.1176712820984561,0.2516324870124943,-0.03698769377279274,-1.2388139069263262,-0.8674119517147197,0.19558982838527322,-1.4954980314160122,-1.1045094747525503,-1.9059320662461126,-1.4722683702453583,-1.6855142023252554,-1.3761785604298216,-1.437517299178315,-1.5367385015915176,0.6280756950059122,-1.0008380376398107,-1.1880063363051956,-3.739012568182747,-7.352744703495155,-8.621459211615752,-8.154682720071216
-5.888473712977285,-4.572648520660115,-5.1499190058183695,-4.506461106967521,-1.8084643988419777,-2.059359810934552,1.854710118040097,-2.580334097217398,-6.881527518457597,-2.903812152379331,-1.9877387042730643,-3.5954002414124937,-1.378379042142858,-0.8210861471584964,-0.26028362539848926,-2.087053565124382,-1.4207985174024578,-2.348198122103817,0.7232669769599686,-1.316066796653774,-0.81504594838152,-1.611582102682199,-1.5322063539098387,-1.0908930456786254,-0.9060229441180125,-1.7114481779214985,-1.3699714054626406,-1.2853955765949805,-1.3418256935409079,-1.5192493451479905,-2.13967799575521,-2.6172205096364753,-9.234153023848497,-3.408125477657845
-6.654023176735426,-5.031012453335147,-5.31718249347301,-5.333602937402767,-3.408122526973103,-2.924265716312434,-7.266249032793132,1.7528861425130908,-10.6597985844956,-2.6675186034543508,-4.042387949919446,-2.1314417171739253,-1.5135564621014141,0.43450024914585145,-0.3937319574585226,-1.586378404252718,-0.8670873679475006,-1.5516050636597534,-1.5951320682930012,-1.909231987662699,-1.0198193180684318,-1.492711855080661,-1.866509012747017,-1.4388848916145172,-1.3985843470255022,-2.0726507367190647,-1.5678163187345489,-1.389051130971241,-1.1967403663332024,-1.8788865270420498,-2.15533246084942,-3.202044990342638,-10.53475621475431,-9.05024940375622
-7.468389958805227,-6.232480952939364,-5.581848768521405,-7.4990411988106205,-3.457714100747102,-4.008063891147076,-7.295102663466238,-6.297918441240186,-8.570828690151313,1.0243836943121787,-0.32652770422189625,-2.8153475185298045,0.15104102715793094,0.5652188957961719,1.1374067860366988,-0.4642990766020325,-1.9925158570050732,-1.829715297243352,-1.63527562178349,-2.3405587884716113,-1.4215861074718397,-1.531780240821765,-0.9958376878110063,-0.6504276243297528,-1.9343183885822937,-2.024249285498833,-1.7673464224808584,-2.379259661544313,-1.909771357491862,-1.896951283395316,-1.7934012908147088,-4.47061082570155,-4.34703075863227,-10.04462486565369
-8.51821165013981,-8.081447334577986,-7.024949599535711,-5.951847694712765,-7.089585755791456,-4.563398021794156,-7.285235909265669,-5.223749251685596,-6.776498996356058,-12.29443297025425,-0.04520552313928932,-2.7935620976688416,-0.38862420048085417,-1.3576855364632512,-1.5019491272933776,-5.714833294751796,-1.7025268371824507,-2.1107895768837337,-2.0234973304273733,-2.4851737789226753,-1.5457406496962331,-1.6109794105082489,-1.4616494112688365,-2.0203484792932325,-1.7075187050360054,-2.8923223932284468,-3.0342577213998174,-3.8261528789854062,-1.705689698124189,-1.7814556725534343,-1.177210472920162,-4.294415345564006,-10.60152936438592,-11.404860823189889
-9.638108360189445,-10.032781517769584,-9.163880527795442,-8.532327348811487,-5.953397201549192,-8.767927780250174,-4.547852743721433,-13.973631845126087,-12.755643388707062,-2.8543419592357133,0.1849016297529798,-0.9498702334831531,-1.0056690928010164,-1.72164575555307,-1.2794791105313514,-6.979427086943823,-2.1360174183294576,-2.546370100561015,-2.871502571627775,-1.7995621503114243,-1.5741568833046273,-3.3726806956056685,-1.959510306256219,-1.478856104805002,-1.6689260221780382,-2.808781493923646,-3.52622021053202,-2.283268287120096,-1.6081408170252092,-1.6982941893041092,-2.62645233490564,-3.1738509548822376,-10.552799391942942,-11.246045973561849
