script/wind350m.json
{"header": {"parameterCategory": 2, "parameterNumber": 3, "lo1": 3.000054539987559, "la1": 64.9999836372058, "dx": 0.5, "dy": 0.25, "nx": 34, "ny": 52, "refTime": "2026-01-12T14:00:00.000Z"}, "data":
[rows 25 to 49 of 52, columns 0 to 33 of 34]
16.263177849736884,17.83017761903083,20.754949216063036,22.429686148344555,21.77658381469371,17.933289341627678,15.51019715876238,10.737072231427314,10.608922459729033,4.622088355623904,5.637406852677623,4.123900482351141,5.662644057137256,6.292139408035297,5.504000028439643,4.83047958382983,6.002618665989561,4.375906390418398,4.785356765716333,3.3390986608798796,4.475651896473471,4.846017308842502,2.8712064205175265,2.9662239947515694,5.7665497256676215,3.733504783703603,0.897862462905929,-0.760595670067227,-1.2519260661403482,1.2579392358182981,3.964254384055743,2.7246482515192514,1.8053147913731808,3.082314666191799
15.193501230369364,15.719921389994635,16.77191675151697,18.508535513601377,18.55265080173331,15.41315669140367,9.405799088869026,7.856526446670002,4.779681821285446,3.7607573369913423,4.82228805608193,5.996013601716692,6.898627549837721,7.797037074644603,7.493379034875965,6.41291581401168,6.301860666434313,7.385287958894799,6.039770250165325,6.4074841573060715,5.529643560238135,3.6029553304419815,2.6776216958328796,5.120178676353895,5.628118676599668,2.748714529161172,-0.17768524736692554,-2.257246839174569,-3.754451322349936,5.3278434876480985,4.189065338734244,2.682751789564332,1.2565028024564304,2.157533326951037
14.506629021621036,13.85333070163587,14.28613374146449,16.326957159629583,15.65066941839643,14.124153160298683,11.162031415088565,6.3104859041543735,7.872404124526906,7.0281853995563335,7.0563131040343015,7.7341019153799255,8.412600441178503,8.679811094956065,8.575790350279073,7.653321843928518,5.740935022938325,8.141488987955457,7.745003404379774,6.647054687679978,6.007091023461473,5.016684709444371,3.247927099507397,3.84165595905361,6.75732247970363,2.747866319014834,1.047945635738519,-2.639937205971739,-2.383739706997413,5.891074585705537,4.384792106136468,2.9741834506908136,1.8243408105054384,0.9813182129829968
13.582670478293952,13.246396903346097,12.874991234392397,15.714886775120986,16.23422157952478,13.779927751385804,11.953268124690519,9.938516847918129,8.381573135144485,8.63423825288137,10.263776730505338,11.872938746471531,11.340234349639182,10.113828149427956,9.234835097458992,8.791982653805212,7.22857116719065,7.77949530403333,7.296169805463512,6.191589447448461,5.641737728698928,4.853357533832677,4.634524381558889,5.136931121217733,6.812769994528831,2.9633456381873216,1.3363995645400493,-3.4755665324140685,-1.473674921993956,1.3337506958911811,4.164982135195185,2.5963587073356136,1.3606833258126696,-0.0594616905114287
12.841328190222454,12.697952054057488,12.236924432452026,12.849794182579437,17.178265186631183,16.87474792341612,14.646723223649456,12.416142324511398,10.977127564927363,10.743731490326246,11.329372698798075,13.065435374320295,13.500016341092415,11.959220593148453,10.440702958809748,9.724485576062294,9.274976485246412,7.076326169274857,8.897483400902827,8.938881831898522,8.047599057620136,6.565386621755517,4.495697465268932,5.203696768377724,7.481970804331354,3.711521164822552,1.6275873402283967,-3.2783087069703356,-0.5726857544597478,0.38727109661200076,3.040628413016663,1.6764811560430786,-0.281685064661728,-0.24140934309212841
12.789620719311358,11.966083894430788,12.119943123205486,12.852590650442028,14.791805835589754,17.48315087241052,17.171151228510126,16.198949228525592,14.052728837563953,12.742568052402435,13.257580686629732,13.215238704285785,13.891872367244058,13.080677434474659,12.28695745049816,11.093764774848621,9.878325701521375,8.671508647455232,8.929631747114827,7.547245616321588,7.435616208291585,6.575926761077825,5.184936192875697,6.219578961479255,6.286729694930192,3.2463371789484996,1.760118262427725,-2.085291335551619,1.0657318544740213,1.3221461167306658,0.04773362934342382,0.9638065768484579,-0.10714358519737198,-0.3403751189327862
11.495090711354164,11.79918937117622,11.878514670101964,11.138566874697508,12.776370190816326,17.03939841334676,17.83877162302794,17.64900515664111,16.433968010958157,14.547524761745622,13.379315663677595,13.713859115151523,13.266191267860924,12.891653008292884,13.388254065358666,12.480960524207257,10.32403880224484,9.621941651842482,8.691946883582306,9.417148828473684,8.142290233323632,6.1871613844330335,4.4140635639428165,4.234589504954421,5.02324003947021,4.8848359098702305,2.0437082214023743,-0.302248072031778,-3.1737317347354717,1.0514396703517168,0.95025017729847,1.3572609235576645,0.4848014330082571,-0.032156525348953816
10.689891312421356,10.823953885016675,11.31081551964382,11.103209031674263,11.17709092811486,14.446788192890445,17.35198440541322,18.04997353421478,17.73576925425252,15.825197255980394,13.861444781848258,13.39268968088006,13.148050422710034,12.251724016116313,12.6089208589202,13.34170977756759,11.364544696561898,9.915714879396985,8.42846534316154,9.490792993061739,8.119360396357001,7.022615472316176,4.981046530409332,4.683671990714855,4.188652910949073,4.960450273803017,2.59728876771201,0.4771615544966355,-2.2464043799429594,0.3221954103132024,-0.5616287930185635,-0.49718364200265386,1.5819440259571638,1.4897760641277444
9.827417096028002,10.487227132055423,10.621464438086315,11.731391114316386,11.326739461779948,13.69983737787538,17.177424354057305,17.70953388517776,18.26070183842339,16.403998175914616,13.741157226790518,13.9113127724195,13.485569754681219,13.231910101594014,12.14729822946529,13.02312587288994,12.4016904891992,10.343852043742217,9.512836796628578,9.926710998428305,8.483343891685543,8.192835553657835,5.993149631336559,4.050823764268428,5.599421104220237,3.4990207777457467,2.7257308126970132,0.057269783427091145,-1.8381375701195921,-2.3900978312907157,-1.884725009972663,-0.6783390849591652,3.2977174040555375,1.432059759520928
10.928281165477056,9.499487561648312,10.789722800045796,11.414273874485767,11.74149908617898,13.061801748505955,15.771405459772666,17.32341092655488,18.047649589127257,16.76122500837968,15.782605340786349,14.223358825980814,12.514584023269494,14.059305632361157,13.061320988341858,13.033646613089237,13.651377892598429,11.568516602986307,9.338817146413398,10.66599993141329,9.124261658822633,8.025945122184451,6.291550433559459,4.918374471402908,4.660368716532528,3.5911353606646643,2.9894409228686656,0.4095725952538818,-1.585945604693123,-1.7449077601093455,-1.7741882604444519,0.9361940451380675,2.2826281235663632,1.808777404747848
10.629478241053569,10.121901881154562,11.262649990106526,11.568543253359499,12.30319246827132,12.81384361762324,14.478781843019048,16.747320765924155,17.194211695037858,17.661806544950753,15.719772581935876,14.241695174871221,13.576919339491093,12.968945450256722,13.293968586671228,13.70969046650718,14.212218097602,12.215234643329309,10.266958793751831,12.098153577202151,9.946488516895274,8.148421426103399,7.001646109153852,4.84331248263833,4.486345856693537,4.545203882505848,3.1437958138154336,1.8020666486874866,-2.319590131336886,-1.3615541718996829,-1.2002235097167044,-0.9676419165768739,2.3367903412692907,1.3467334446855193
9.178022618268262,9.607997500870926,9.869992761734995,11.618931078628192,11.488583217420922,12.500974048994363,14.044959998035159,15.51196256837448,16.533648884345634,17.826893296045057,13.748329652602681,13.094271641720086,13.523739945584017,12.571233229320034,13.3512163810907,13.120808009356608,14.515871271227844,12.978035565468911,11.195256607100134,10.451972341978529,10.649507635264586,7.827568706791477,6.680627317695882,4.0164631273165075,2.598955845973941,3.05588613586741,0.7799467438880068,0.6108489180900506,-2.5216021454103514,-0.3434640651521781,-1.4136784272946177,-3.1440122844533795,2.4487190688885256,2.026204035118878
9.03418065254707,9.096218251598295,8.893619198205757,11.759305511988533,11.542682027494118,12.689938096389687,13.711462201313928,13.606275202749847,14.90003098484601,16.705662822422052,14.98596856053152,15.505662175045241,12.243226724770865,13.47909696687027,12.377213527241844,12.326148001539195,14.335639612506913,13.33409735215701,10.8566537598051,10.208531478065225,10.837876966676957,9.259085210257012,7.405112017577445,4.5529127679768955,3.2008383812367422,2.448349364905319,2.3588849864220216,1.6351097887991217,-1.6036756383146593,-0.7726203244920131,-2.0243854710621303,2.3096183065306453,3.763974211984946,2.6724837434879283
8.907897212346887,9.482932876299392,11.164201405487933,11.688519771701834,11.710326388534984,12.026829541630836,13.62332156342421,12.953522011649612,14.042530409240335,14.583219107392063,14.76525551816628,14.375195173349478,12.802206885230978,11.875394515530685,13.296935813404636,12.821159700323218,14.34293287031773,13.588046908774707,11.491836283333884,10.624533055517938,10.79010781213775,8.386420084299036,6.416912954284392,4.362478098094021,4.214092708073646,2.550609409252199,2.284126103324455,1.7896724118355807,-0.4416274126249187,-0.5312845765388801,-1.3390913264549813,-1.775274950497725,3.461193857849377,3.0480093648576796
8.907673803267942,9.584854515859881,10.975415413126884,10.984472589892214,11.396174768024459,11.809882373850321,12.816859584690441,12.929169475150333,12.72367267177963,13.819314983753673,15.245963516405597,12.801526748969328,13.026345545633951,10.966393571462081,13.588515866908516,13.774721572797663,12.829682337970418,11.48852237525231,11.74327727921108,11.056624867992522,10.438631913184988,9.224719972388453,6.925219129123545,5.408037417607183,4.33279425674107,2.8376293331884606,1.5725646582105934,1.830353327248101,0.43257781981378385,-1.529686526246093,-2.2426716827646582,-3.5644815645010133,4.814487202534357,2.607099548646191
9.931618131010294,11.1803325645655,9.841766153730545,10.474368078669999,11.193593777725892,12.283959388412704,11.858348312605703,11.557859447383713,12.09685960800352,12.830812778630857,14.40296079181553,13.67654852754959,13.13638508585893,12.790804130681094,11.205505172629778,12.57609467730123,13.269228212809155,14.53263310958379,12.83568460014666,11.614810994439996,11.507991983982958,10.311046150125854,8.325725002434252,6.106148273062087,4.518081673284218,3.4910467189258734,1.771798013736186,1.204260660099039,1.4939631739810548,-0.9938819324713657,-1.6970463578595405,-1.322771464097618,2.8738838022800186,2.362955026676131
11.37543037759876,9.479521209046608,10.033828686473258,10.500521413659403,11.454868197707494,12.81773651034775,12.25613711599816,11.302122214239914,11.415679512677668,12.132950557615663,12.469842228822662,13.635205303141387,13.0419775053378,13.797968379201142,11.505513969681214,12.080180229109379,15.229448173153244,12.744213740314859,13.705081558014271,11.955658879161463,11.816231990072405,11.561922197446627,9.783025454772554,7.235341162360997,5.843399410159051,4.330724947902666,2.6349769454519554,1.165641084415007,1.5349409814579147,-0.5048048552807236,-1.156554950142744,-2.065009589835049,-3.105255584213576,3.5915156609850127
10.772449849539083,8.937775311363543,9.4033387421644,11.132052736768689,11.850685662113857,12.490154635009642,12.280787853811875,10.94946811735044,11.698810778180588,10.75389974692217,10.917039385120768,12.02698154670635,13.621932547952758,13.721180441852482,11.982268576910405,12.452852163619156,15.923701514926606,11.761012856620054,15.896617462010942,14.123454732682836,12.904475002034692,13.04865706078482,11.470445756666084,8.402215082097243,6.817948637629979,5.4110330491070595,3.9033505331211895,1.7207770227236923,0.879808131899657,0.4643027817449861,-1.8884750031914648,-3.9048167850727724,-1.5426397597490489,1.972757686577974
10.167163676599662,8.580185515077401,8.688144980459242,11.066596233358045,11.943396068829058,11.516924119291255,11.699411859497014,11.295285587981905,11.66586224754125,11.29605455869121,10.10642964142619,11.581041271052209,13.287081810611834,14.25481597285672,12.935986011218004,13.225093072073825,14.820466364667963,10.75872206504434,13.622934773636574,14.971642813251238,12.897989547223167,14.051533507113758,12.53277412825894,10.613360332132524,7.968413017964204,6.42501595758775,4.894406154941711,2.8262613451557357,0.6062340484828277,-0.4610873165053621,-0.9186669677932684,-3.901238121872532,-1.204303670294731,0.21303774217987564
11.535196035796597,9.004226709940056,8.764568040794142,10.943822770215423,12.32078107136901,10.93235342963585,10.66749418454374,11.779133229749515,10.892448357051657,11.086526855235492,11.068423204725386,12.270191934363924,12.413632591887222,13.558486726289868,12.625115773330874,11.21937622508102,13.986593937568347,11.848210980637255,12.595207094386653,13.261935655212483,14.148449968680783,14.030262981934458,13.794804974919565,12.002729838417736,9.596977086552867,7.100154360717399,5.307549903125397,2.9498264600722113,0.9089473553858508,0.17712983035975405,-0.5300954064439052,-2.9379120296561236,-0.30424922608160987,0.6168681628878294
11.328317712233206,8.46569164711134,10.987779464759155,11.167230213375914,12.0837607752923,11.685178798168117,9.607230610359833,9.80668155310082,11.388867914487623,11.07628100111701,11.070785922161567,12.213755052253498,12.329637505198278,12.471844796445408,12.543890734787471,9.904036800580142,12.813369280373095,11.598942337759196,14.266855729321595,11.952256169170473,12.716414519741198,13.716822920212213,13.970084605068468,12.575970231361106,10.024290174953638,7.605782819192712,5.890038354595448,2.9796098955753436,1.5544732260640155,0.4437679349259899,-0.07655097453351586,-1.3311409850798366,-0.8384075090939892,-0.7855048233274031
11.09943803191736,9.192978520405138,12.291920806754264,13.610431428140394,12.187833877366772,12.536528100485606,9.270800930013383,10.578293603183514,11.553110283338441,11.667246730877677,11.467256109840562,11.824599507148898,12.515270259377031,12.277796758092352,10.952109809701916,11.83067756041081,12.206792088268235,10.82852480036939,14.264743406855656,14.086730430715662,11.761264224242534,11.77466373792199,13.185877344490068,13.050100371171505,10.174777967958992,7.578651813111136,5.722867465438599,4.267172507299603,2.1391518140160297,0.8070052546835959,-0.5174530072726515,-1.670441417458793,-2.4882415801657363,-1.5086055784398642
11.350904392759423,13.158581777519792,13.288749345234187,13.163226618141357,12.154380929462935,11.813631065220994,12.311479388257274,12.34826682200977,11.587719280618275,12.07031846099094,10.901568115969459,10.999076160675983,11.96166313353646,11.83745805461917,10.968294901703135,11.47746854708744,11.943064769591107,9.759906583191007,13.147867349018176,13.10811076788586,13.19232934202914,11.30054577389429,11.767170451300478,11.26235444732503,10.115984943183761,7.811735190469227,6.136900961137589,4.512541359250251,2.565942675699077,0.9082745600739615,0.1377210962403222,-0.5864819884118088,-2.247605763475502,-0.8039878468682031
13.527234297504362,12.714464558534713,13.51265707910564,13.895615539815719,12.123096473545683,10.963010161262313,11.844267794936199,11.514809417554957,11.63484497811234,12.523068895355372,10.922586493903479,11.595202127798103,11.556626328725315,12.053346318617393,10.264509457471608,11.115536888269812,9.423792251242492,9.580199882802146,11.320081460274947,12.469631783952082,12.549852749603302,10.606104483774558,10.804805497976142,10.35791978765522,9.781985682348061,8.190034800106993,6.515509201911377,5.1613875762115144,3.0564216328536586,1.5713311589905123,0.8251125182963125,-0.8972346627184506,-0.527062109164917,-1.3595576164843408
12.951733843227451,13.187831929197051,13.614621260654939,12.135185448199858,11.977719337658332,11.466820562529554,12.869523137280733,10.519648934605579,11.286827036526025,11.549545418928837,11.139664337919996,10.640536205012435,10.426450555708627,10.599724497785516,9.470390935878362,10.507348780570188,8.720273910311146,8.185791300599387,10.338208978273686,11.223700438955632,14.068264482045864,9.753573021448492,10.222633825408474,8.701970297768916,9.784099399065164,8.529640164203336,6.633113865583112,5.6463066948222735,3.643441926218558,1.4579285300329314,1.0308591689018232,-0.38913885088012,-0.8107302728973056,-2.2931539459239354
