script/wind100m.json
{"header": {"parameterCategory": 2, "parameterNumber": 3, "lo1": 6.000198445256149, "la1": 58.999992894266676, "dx": 0.5, "dy": 0.25, "nx": 22, "ny": 24, "refTime": "2024-05-04T15:00:00.000Z"}, "data":
[rows 0 to 23 of 24, columns 0 to 21 of 22]
3.5131639665588734,3.9638439987912624,0.5140559118607424,2.7598619106481856,2.1328610140826356,-1.6477145287807848,4.490408712669847,3.1548115300117514,0.24412546950793923,-1.4435359102038552,2.0218767089320355,-0.12734474425470238,2.622104152804763,-4.422197141260085,-0.5591250363259335,3.999539434071731,3.0331189288769718,-2.5051778891863328,-0.24033661881987697,-2.0339288923534578,0.048022327762256144,-1.2187913210227577
-1.6429330453069018,-1.1707338358764126,2.4610590895298934,-1.683615637168537,0.13400492443155476,0.6381384316370005,0.1854606286685826,-0.452736938333598,5.353376845077162,4.683426261992215,0.8805636109789962,1.6356356097261056,4.469474515368633,2.727891450398713,4.134203309992765,3.021144234194384,0.19148837685918296,-4.3013268874428725,3.0532220165478474,1.184603842178197,5.49058685980246,0.7212918467373
3.100670844418346,0.34854361411461476,4.612138490625812,-2.929931861668304,0.933139784548718,-0.02863489144246589,-5.239447320340265,0.0018307528619154819,-4.339719535012745,0.16172970752067783,-1.5637062454358075,3.977044434440811,-5.301445704098032,3.626977228789473,3.3776257379620143,3.8098324076321335,3.7440230583146947,2.845440634478663,1.3560874658343034,0.25603960686179855,2.2867279700844856,-3.1790921788357975
3.1501026319277647,4.5621292382458805,3.060806201649402,-3.9252716000897783,1.188076857886968,4.160529747420649,2.1321951471343232,3.4013100045671294,-3.7829568615124605,5.813080164357929,6.198171994478477,3.801017473685766,0.025792472644487432,2.8032698809721865,-0.5917993046866786,3.901647387365726,3.07890028665849,2.784280012708459,-0.9645792833901838,-4.64058674529465,-2.4672486222393135,1.1084015943099086
1.9530386547730099,4.102167803495228,4.105286967265456,2.8415691452004848,7.0475832450170905,2.175930454116869,2.9004196350371645,-6.790375136358428,0.5403541963366933,-2.5153487031079647,-0.6711286080788832,0.438829787857973,1.8094046192920519,3.6713917173105144,-4.545464758206922,5.60967463042111,0.6891173154145231,-0.99869908162706,-1.8379438702597835,0.3271354746894104,2.7183052326107644,0.5554508117433332
1.3255255925419989,0.13980828907339743,4.2163476532378565,4.675060557830901,3.4586638408294728,-1.135096117421054,-4.716372094393955,3.0547060360039535,2.7059718322294337,-3.3031462376104397,0.3853788310398749,0.8630887424803367,0.27271484104221816,1.2359965486197344,-0.24148769375676707,2.6988662017155005,5.21746658654128,1.8826106901376205,2.8159642281856456,-1.7830574226760543,3.656142257903648,1.2295110385472314
2.281268799427191,0.5163337040469389,-1.9452120040283858,6.086990158664188,2.0030905161762416,3.212498716772554,0.8601407719718805,-1.4151068623898313,-2.6043774465874754,-1.2555564304948312,3.5665663402813093,-0.6198422345129884,-1.7780708749488017,-0.9619414774328756,1.754925510209471,-3.6448656315068964,-0.6129228269697654,-0.8614378525145621,7.156401477095951,-1.9616298811487844,6.204298866879777,1.3018654262918639
4.141123293477806,0.20679530453531514,0.014564550561313118,0.6957826602580345,2.1666688820905073,2.116536813616196,-0.44497356639079466,-2.5233987233075847,-1.2775258733822845,3.7898296451404843,-2.839477461733981,1.1585197197251962,3.36721551005324,-3.2770894460381657,-1.0262896895747793,2.2830067740388933,-1.382400844131885,0.9238728983410552,0.17572721809133307,4.9550156164914965,3.064206683063718,-4.187384351113226
3.463986552404794,3.6471977076628543,0.2932207588644009,3.05126663120783,3.2948096620297918,0.6412986414720686,-4.073899463419947,2.8552721460716537,-2.5315009951376712,3.01098078047946,4.017671564181852,2.9578493366693697,-0.34838570430106847,3.6858174343837544,2.4944645806100216,4.250513059911235,-1.7582376546243315,-0.6508851247288943,0.2577659542155978,-2.1146851841768597,-0.07916839300530296,1.3302510955043911
1.72941846326797,1.253594049813268,2.2940130567057935,-0.034966159918450146,1.4982471459297257,-3.0281403747942437,3.111761829714953,1.562255535339395,4.337990750054737,1.1487688783377017,-1.8920527352282581,2.2075638371012296,1.6300449063775,-0.21932903033918985,6.3051562845994304,5.802492888103996,-0.35341039532644314,1.232862411418869,3.6033753751504563,0.2402524101842476,-0.5303188281344801,2.6506286464612194
5.067967897741837,-0.4929217009603277,-0.6438372612226895,-3.099256671688222,2.251501095784197,4.115452375885646,0.9812443538506137,3.5691409468204447,1.0754643752396713,5.51027164616691,4.291321202307625,-4.59283577598422,0.17104541810426063,2.503757114554441,2.9293123428033723,0.8545857565812487,3.0853883616218343,-0.7862605827832733,-0.41787097506408627,-0.922307939663833,0.32920650501191634,-0.1572534025267625
4.194143535745445,-1.2253497288703703,2.736630709962344,1.0832124552427551,0.952677993899847,-2.6159627365773908,3.730900362573667,3.0512067526480173,4.686263187006598,0.34401956239613546,4.0371630197024135,3.9580717407753703,1.7256700197722672,3.119836627031329,7.489251075785044,-0.2802268540314276,2.3543313588262054,-0.9942146453256251,3.0413822641339188,1.8984298597794806,1.854649617648836,8.687904310618523
4.95022333317251,2.283174411176516,0.34671914916388447,-2.8016733911099148,0.2712303235547739,-0.18649874774491543,1.8443830469886828,-0.6793189641797248,-2.3003635158574376,-1.1915470104613632,-0.7253007984694961,1.9592412588955452,1.3310252373370264,0.9945192220864509,2.2544724036571906,1.339333317017197,-2.8710814939875253,-4.385369412919435,-0.9635966185873054,2.0584202110650622,3.6954512496767675,-0.7550436568241277
1.4080045195066841,0.19548782550967195,-4.057581307225429,3.5067440185446985,-1.8337049075898264,0.2568666522510313,1.5301675890563078,-1.9392181097854662,1.0791280874652984,-4.391897284809297,-0.4139122829983154,2.420018366336475,4.650670276080286,-1.861146790052229,2.874586998559163,5.503726504235695,-2.5814296012434594,-5.295737060033776,0.9238890548685604,-7.200846187340032,-0.9401555817500586,0.9487923554880249
2.6306733854369355,4.725779549837173,1.4096276368213478,0.32379008801747794,0.6658315612734667,2.3037801001402474,-1.764391797132604,-0.2428159494673556,-0.17515546956733513,-1.486130278015785,3.736421617996984,-3.9332259407673895,1.464499124913797,3.537546991899485,2.5463970331544177,-0.4216805225613347,-1.1539692317444628,3.3464659387487696,-1.9612679211895676,2.765289204401093,-4.128797186179883,2.9575971332310442
0.5700257386000874,4.581214237285298,1.6130911876732632,1.4714728023899863,-1.0545104430426,0.9647820703049841,3.9558968340792715,2.2731081918732405,-1.496159978344726,4.272334347502352,0.40928354057906186,0.6344204452269795,-2.53623399584441,-1.5279800312924365,1.9971775561994969,3.7224542873569426,0.1791948155453716,-1.289415765295797,1.98389746719157,-0.9740344960646204,3.3328361321089606,1.925391258453129
3.8516466891760723,0.47111707166824496,5.626224497099028,1.796976745037472,2.0587041425809613,2.5343693450289995,-1.75450879805569,0.349980849645855,1.3808069718472797,3.6675634927198573,2.8740016497619916,2.3074524349773324,-0.9384692736194886,2.8587765440540833,3.1855525905775313,2.050323983043289,5.848729153065506,-2.153645539480161,1.0133129355497237,-3.8927438925267586,2.4051091454709104,2.556352152035556
3.1557817679978966,3.787771148609119,-2.3014225216520456,2.0102016162580454,1.0558746938587091,3.292003687045277,0.9899094644294928,2.7280099195174476,1.5039342634432016,0.7265619038738708,0.4932020160305439,1.2390613953879142,1.1052719497483083,-3.5767793751613635,3.681847601705561,2.5490707440330147,-3.750143443081862,4.559193565231864,-0.894645377334308,2.5203297149044204,-0.08000142046841731,-1.7450671200662415
5.855411860383474,1.0491309099114845,4.644236004461196,2.258742160689424,2.8134830676236766,3.1376223533206953,-1.2128677307316353,2.3399709467044953,-3.4588526495121643,0.9077613591702668,2.364683582486021,2.5298519032212274,3.3631886675794203,0.1598607280431418,1.978132980075989,-3.4837985285783524,0.5755899685878786,3.169621158877211,0.576909527959158,2.6064166848574652,-2.0126404218649396,0.1655800502946984
3.687780694417824,0.7577534506711867,3.140252166020886,-2.3240076231227094,0.2661969805335023,0.622042425575228,1.9842836266508335,3.4391325392853727,0.4471201864544096,4.390468184497739,4.800674961108304,-1.4388738111858828,2.4175302050314937,3.2466806279903366,-3.6523842887641695,2.9436151872922696,-0.3816620019625266,-4.397744427567826,4.434572250633243,4.091491677776317,5.428813206212491,2.462341669730763
4.456777932932563,0.5069305064725683,2.7593696018856115,5.485277793161169,1.9473751555527787,-0.8593843540041204,-1.3335603018288453,2.484834146191649,2.584169312348594,-4.4817191407150085,0.3018600475087948,-3.226626631444479,-0.27908332529546326,-1.0180699327296345,0.28609530651647025,-2.57516228747042,2.153568073050756,2.991625989210924,-1.4319800910454785,3.4892561255649217,0.9251836831965935,0.9308345399095477
0.7763327970245252,1.756904490363339,1.8803439456888622,-3.0895181843785138,-0.02852381402942191,1.5222688799575748,-3.3371352859304118,-2.521434273043689,-2.143111595264046,2.8489547647577087,0.13997733842621216,-1.948652158876876,0.13558867724794071,1.1444822699736132,-3.992810342078387,1.8168550193863948,0.5837600895426587,5.747134560810762,4.965677848097608,1.1621476068888013,-1.7487324175068335,0.1374464562454256
4.611851495432277,2.901388302167939,1.2945230702653452,-0.0024870969027777105,-3.5332162090529264,5.334671587281285,-0.8775857749148261,0.19616627375134144,1.9225510190932282,-3.39795875912262,-0.8050359129070471,-2.518181923280267,1.8972646019446762,-0.42317009175966325,1.2295512324270361,4.248000724888292,1.1246530736700762,0.3860345893820903,0.7856090271368801,-3.73866867352639,0.8360496226106994,3.2029130605529215
5.968181778482627,1.6484858024046374,0.4500237416717964,-2.1241912223484034,1.5975799960058699,0.48036876340806817,3.649799684641575,-3.2598527278815626,0.5376055614179698,1.0464706909538208,3.9581459135778125,1.3785754691205498,1.990208458783729,-0.03215342624215483,-0.19213175563563747,-5.341078112223986,0.8900215902405892,1.7788703335785898,4.524700098612809,5.9750145766436855,0.8951991655038999,1.2916241048337724
