script/wind350m.json
{"header": {"parameterCategory": 2, "parameterNumber": 3, "lo1": 3.000054539987559, "la1": 64.9999836372058, "dx": 0.5, "dy": 0.25, "nx": 34, "ny": 52, "refTime": "2026-01-01T02:00:00.000Z"}, "data":
[rows 0 to 24 of 52, columns 0 to 33 of 34]
-18.17469052706838,-15.207663215395812,-11.949086248666264,-10.98420159087025,-11.471321490915008,-9.871679729251158,-5.372973524104719,-6.245044807424562,-4.943705663501757,-4.451389881496775,-3.080169415120386,-1.5667522271874934,-0.27952120272967973,1.2898506480743486,2.956377554956905,5.80069851844904,6.799856982536037,9.044921437656276,10.87174362430866,12.822504042669955,8.712275165279397,3.4070927389822776,6.984220630243367,13.921503053267564,9.953568867816472,3.078611083287302,7.826062909708752,14.183262232307433,10.370046518143042,9.169649061610322,8.53121793791312,7.323936521486448,6.9593061633547615,6.537680869024825
-20.454155076463664,-16.045598018803382,-13.983483493952688,-12.221784354842994,-9.412436886939904,-8.528726576750405,-3.8056252215441253,-3.659293691944835,-2.042575543435788,-1.994892162291196,-1.6754421197715865,-0.23899281258903035,1.1386791287292686,2.5932017049027323,4.1850150251139135,5.019173819574544,4.353294661230751,6.455660006777458,13.6504266860427,5.57446324978854,14.597245390894383,6.1378308108956485,3.973918180047358,10.28329356975719,2.5721271003137858,8.081673222814754,5.8081776581666835,8.869463946504823,13.352923976962247,11.629886206846132,8.7564646612113,8.12919837894539,7.024650437609228,7.002917373831168
-21.16935809658442,-19.136479654940757,-15.972907882174862,-13.31652907330033,-13.518988133991142,-9.193324055026876,-6.67021697097139,-5.519003676741743,-3.7098840543911407,-1.2032535668736442,0.35648448585058146,0.667759578799262,1.9515946185804056,2.917726339514773,3.3644649483919022,4.074412641112477,7.071126532045999,6.461089705366488,-1.6314155444146126,4.75801604766119,4.690077954181947,7.315134111616707,5.182063183842676,10.173463260570873,7.997960097322755,5.227709382260842,11.633585116739878,10.650863333460817,12.571409124388873,12.900335846335754,11.579634299943038,8.769717869487428,7.5751315884618675,7.351448710614995
-21.708961429292156,-18.535256760845055,-18.67732848776246,-17.105272885379645,-11.629254575635501,-10.625190523617523,-10.218132183166027,-8.787357003622061,-4.842252838789382,-0.4076578168677943,3.0526434237110682,3.412468250321377,4.42849382779877,3.694142467207999,5.271931338280556,12.140285350147282,5.19181294922991,8.812622750578102,7.927077048526142,7.125623236605771,13.206573660535204,8.73727637708922,12.601419513011352,3.4372794732171745,3.7803055468396796,5.874017116856335,6.434174671343235,11.513485304054111,13.690534970671168,12.41816907320603,10.259183559314494,9.723114759982048,7.768814103364886,7.2424739769740185
-20.626396815322728,-19.96569023683965,-20.313610968766657,-14.147902621854263,-13.444334784383832,-13.698176613540394,-11.899409684769108,-11.313424876785803,-3.6993061706623727,6.136889019682017,6.5744441776356295,4.427220980822306,5.464331612712307,7.184860090199351,10.146457575567593,11.601700849807635,5.638296714527065,3.3823357228599913,6.7109426999194906,8.788270816902704,12.979828536120815,10.035599717051362,4.611476627712729,6.5293693905476,4.078049038628512,6.7511141269582176,8.234259710337591,9.860918215671662,9.906632533920629,11.568279025482205,11.060198406240637,10.163184789021738,6.2697206840933655,5.319564099055889
-19.692116663775668,-19.617984462192673,-15.98548895372518,-14.034202743569871,-13.312288692569858,-13.767539594347042,-9.667167857322605,-7.239757600650471,-1.128087170262526,3.695891676533528,4.406760995424132,3.9093193402045583,3.7911388404122484,7.670437344553877,3.1692408002007535,2.4749079961935303,1.6059513223996384,4.92744014932583,13.13439151176226,11.909032002511303,5.479788922587225,4.800261307106673,4.21671837845977,4.1231011549702465,5.154585932118776,5.878174810525884,6.6812060196005465,8.087476040951868,9.642948790040627,11.61750928654046,10.110245787724631,8.012180016760391,6.576896738637234,4.958912507433412
-20.644269189944954,-17.795159377983833,-17.305362205768805,-15.092461948499809,-15.318599417730594,-12.01218120394937,-5.887791674860557,-0.01059055662739438,2.798890482891094,3.5146086945726434,3.5003124662070153,5.524129338836745,3.347255682849319,4.935734084241691,3.327041621081052,2.3054745648699098,4.2697649852428965,11.771510648610018,9.477547257178857,6.957234559425439,6.5403867481765445,4.427772771764043,6.236532918615378,6.045869909873998,8.207318894417057,7.967210130564488,8.984404077620642,8.528206918321468,6.485550330220589,9.919004941314173,8.618660976789915,7.51515149504702,6.911800063411992,5.678766364391987
-20.921035750647963,-14.449371882058134,-14.477695993929157,-12.581117105104887,-11.214438918815762,-5.118338254176763,-2.8537628474415606,-0.8077774867136582,1.4580750198830643,1.9367624458149875,4.598449511016398,6.902758882739931,5.980312026420017,3.3262944201427063,4.197362673395037,4.450733776752644,5.255067251814739,11.93103586014407,12.780921458774563,4.17759557966278,6.222960730106529,5.530253017793175,6.375433610094123,7.521581893929535,6.27241393524324,7.181389863711103,8.715661897995414,9.349974609645896,8.93333805948974,7.02567087196177,8.893673271207994,6.80907934461908,6.653805710929711,9.1099528631138
-20.667456609673717,-18.83684642056527,-7.713617994231587,-8.83771913033948,-7.864292060903422,-7.53222326383127,-4.671898323300997,-1.2637766083210338,2.3800935059301134,3.6593136124504912,4.498780825786634,3.7701586504057594,3.7608317909178868,1.429624859590693,2.227767531768132,6.172570971129958,9.436365005750291,8.45450931530096,13.672775001578332,14.906694162101727,16.373641258563907,13.10202431262355,8.155241355601696,8.25740513808869,9.12871263354824,9.870625925219672,8.643955626345267,8.715595399540343,9.294548231470184,6.4920957899240275,8.275259691477052,9.714747603042921,7.869248147731106,11.065103499678276
-22.14904638105265,-15.729427744781345,-8.975118149252518,-8.380727793815504,-7.211177180025749,-6.640853700748863,-5.361308636483065,-1.3725287365283825,0.84411569145031,5.584408300567813,2.82893168379597,3.288630397168501,0.543147070847308,0.11025268561737857,5.077732595780734,1.6895307883775048,8.138694492119237,11.327263874583746,9.64564940368988,8.294172166500587,10.12193109036466,8.76759106192938,7.42114657339769,9.07988044700872,8.154534860061489,10.282066393381184,10.289206843722608,9.385138389844313,12.36180944341545,10.308743004215138,9.813769992983744,12.116785346753476,10.20397422903462,8.467103264378231
-11.867451507689035,-8.88227925854025,-7.66070604585921,-8.905129741812114,-8.963485520991446,-9.550654427403906,-4.245785926744181,1.9498321255246729,4.530871504300728,4.852712179741294,-0.49944628766993454,0.8278007912435434,2.192608890057421,-1.6343089017657377,-0.7048783323316333,5.912972151659223,9.047888160015647,8.70704095027296,10.91777449951962,7.116700992116375,7.526381590568254,7.891235762662937,9.843897636331675,7.48202277265492,9.392673166944283,4.946854035556781,4.884251737387773,11.935484941908692,9.209738166870276,11.105929582604503,12.08886584480618,12.62565841042382,11.737413980767526,10.038709742337277
-10.232153139055509,-9.666979033165525,-10.559671347336721,-10.336245259421515,-9.720138804137298,-5.575326405680946,-1.1454892303622337,1.480209444531645,2.3342730483645333,0.7629688525831598,1.5174133229847493,-1.024966463034166,-1.9569160873569262,0.12370714962121591,-0.122077513705161,5.343805564190477,8.39004520511714,10.273982843008023,12.929876089675513,13.49457271692426,12.935027152640142,7.398600380623497,7.740135709148903,10.960153499882495,7.614788367403768,8.471051722049854,10.032414743996437,10.633896382885942,10.51048997387046,13.585515738302457,13.37783747067471,12.53959624622572,12.340588314542954,9.845284140016682
-13.039723671740099,-12.333665868967852,-13.286954447886702,-11.424979909201623,-8.410647054603201,-3.8040661784614005,0.1780077481999597,2.104691734272621,2.3440161586937958,1.0321888543615299,-1.93170773600265,-3.2921324791140125,-2.6827656507606727,-1.4158798516881852,2.6435890536345403,-0.4160561020497295,8.06291400260667,7.150452407231956,7.391192546221679,8.53860366486796,11.755195371909267,8.924493430018254,10.24010324486027,9.22548718249954,8.808928924280998,8.365845606423951,7.287503810923418,9.902731715277238,9.743940165283455,14.302138368830303,13.982447389293691,13.031993871439063,11.608374022570034,11.123914461925109
-13.175836829778643,-13.505864677076294,-11.926167106278099,-11.347861562546768,-5.827807373578515,-8.34381489241301,-4.105017946174284,1.0710944253743457,-1.3729308577714339,-0.9866962534296827,-0.658166722972216,-0.7514097622187152,-2.1693618476313543,1.3325892719624162,1.7987036930444433,4.064746798092077,7.852090632898088,7.084678556735141,13.335994462013467,9.61197014703159,8.612804190668756,13.489879187048428,10.013117578380957,10.72597370455388,8.32829715817169,8.304909643006672,9.392656339805598,7.9083127529021935,11.544844834489693,13.984170415418156,13.532991318964985,12.97526985982006,11.98183852458366,11.442384598584162
-11.541231365813388,-11.791469769854805,-13.308121784598944,-10.724453074495502,-8.923721454121075,-4.488655497398321,-2.9209420637097363,-3.803707324243197,-3.5080040397621195,-0.0023722258122062818,-0.6058886334246414,-2.737923995767322,-4.053906688696798,-1.357556835027539,3.4003980073154056,6.406076307808167,6.671703935588833,8.816014664172355,8.1826099356935,9.638723343879823,9.718499450968539,10.782544007439903,10.583164313355933,9.337618730454695,9.000652798397967,9.495037163030856,8.875460313588256,12.767078449356164,11.316050617049694,13.666429050168137,12.699619711934616,12.391519082961246,11.710957112293768,10.42998244951862
-13.475149631379919,-13.7607440747613,-12.491952833091043,-11.600228859485973,-8.017069308587384,-5.139380053790373,-5.621672854865684,-2.242248625071641,-1.4557201119466785,-2.900429113655043,-1.5982449252097157,-2.843347044685799,-2.422571243194186,-2.260562613936262,3.3560065472511083,6.6007289064147585,9.544120059887973,8.137214511791209,10.226636910111422,8.06713204034197,15.26484655512201,9.401889206748631,6.112708266936014,8.842427878791305,7.5509768334352545,9.841423568509484,10.826383511223916,8.133044079271395,12.214346730950483,13.225304035048964,12.13878243085575,11.331735279343288,11.531679330534375,10.39784128327163
-14.018025086519435,-14.32697317479166,-12.296996344593794,-11.031389910148263,-4.800331586219639,-0.7218493151314579,-3.6521258680284734,-2.4470574390055098,0.2783669995267724,-4.323470929301191,-4.844006407208672,-5.2281289439769045,-2.542725027560226,2.05543302372298,3.0208162304414263,3.673413226934316,8.963495100637735,9.151090102489581,9.659254736008053,9.254468976539744,10.61491775651388,9.304183458870062,9.893049388957655,9.051607394745998,10.810009253581079,9.99376585983327,11.976407160675064,10.2264996946474,12.42711218195492,12.658240270899277,11.72365418690888,10.077819950840555,10.778716063396997,10.633792219732307
-13.987325196217844,-12.76371635487307,-9.331563761493761,-9.546666644828553,-3.7099411715449118,-3.5376791230875173,-3.432342780268811,-1.9585793094919033,-6.5097696142117885,-4.139955328240863,-5.236733883319545,-5.819205469969006,-1.0371363197470245,-0.3037613903821416,2.79064464536028,5.739608822829688,4.985383529426656,7.043818064227466,13.117113520057917,12.095012909814773,12.795073737415722,8.302633121237934,10.728153084438143,11.22991679600319,11.903633294954771,8.746569061410913,10.219008579236764,9.273831771664547,11.691409686465438,13.013699688293915,11.81777860981186,8.99843774094092,10.519646300841691,10.078845784897116
-13.449197868295277,-12.925691996376283,-9.594948158239907,-8.551600931043334,-4.393359118128672,-1.7525142611198126,-5.781471210160162,-4.417572839767937,-1.0816563465632631,-2.353681099764607,-3.005999538758103,-3.45672418736135,-3.9871114412606024,-0.3506136274878632,2.9105617270682305,7.673440396570182,9.978182330906556,12.87200635868323,9.466676234630462,11.118435613260951,10.992122125971566,13.376765122557265,8.891818418614653,10.812685981912951,12.279282261459848,9.325973722815114,12.935724832613646,10.007067749126163,12.160645254715673,11.598643474495276,12.075494344495807,9.335991116203045,9.629516231535284,9.479929091924237
-11.661410376347323,-10.573467986601782,-9.067785733093105,-8.675686171866401,-7.119084569216458,-4.86332945037736,1.2063242361452902,-3.7151300021468097,-4.626780884934309,-5.213956431218834,-5.996598662634675,-6.3506518165918004,-1.6651759827116523,-5.987619279072671,4.573362390477755,8.474419840574912,7.0901810936636,8.594054880663474,9.103602933752281,9.389166540281378,10.7387285816588,10.234253541106348,13.221359997208115,11.589518106836026,9.164365105849617,10.255265204891408,10.972011742315892,11.305227952938552,12.583440424878106,13.67771358701982,13.815156483519383,12.707456976697353,9.635056202394862,8.392452295988932
-13.035494473588871,-11.248639201474187,-11.767103123284597,-9.038814658048194,-6.561350835320721,-3.645023172263353,-0.26067118524614397,-2.6573344278587068,-5.256874989629517,-7.835623972084358,-4.745770167427877,-4.815255196484277,-2.6705033124760726,1.0459421022731203,4.788183559403148,9.011597912459765,9.321687346177598,12.942696300542858,9.106016993917407,12.28859688611087,12.479201709697797,11.477900040082012,11.715586986571223,10.93283366973197,12.292488184408684,12.560990583668255,10.206400772666228,13.297244611120133,14.128209886674075,13.079757052068418,14.066122381199657,12.647000038732367,10.317996183324079,7.455026551686578
-14.017448173657842,-13.731215031954763,-10.262259286132625,-8.43176401706899,-6.721476074482839,-5.547922515396304,-2.2394098057324228,-3.5859602493714307,-7.256808284478485,-3.9135452943146714,-2.583297773993636,-5.4820438991225355,0.3733632709878726,-2.3241817404248537,2.2071590327047605,7.92520104995106,12.138523743487736,14.662859975707981,10.470458826931791,12.297299741853152,14.106607040707127,15.55666777649453,11.808220985152255,10.721024921710741,10.681111647063581,9.216931364567367,10.737972861367089,12.665593369854655,13.76385114648683,14.233910245484035,12.727409306687845,11.460722043628767,8.957909205683375,7.601596478781098
-20.77047474605016,-2.8426930901252065,-0.302830774874277,-5.63466975732793,-5.671128342600515,-6.261796420315916,-9.05418014742999,-0.5594917469068078,-6.750880016378189,-7.160100751873773,-5.006478300871913,-3.036284635573232,-4.087112468736849,-0.3179844050126305,4.874546264006932,8.344789203603273,11.038894584557406,13.434842505761228,12.939619408170094,12.058996521648252,12.945625663047567,12.180355438954123,11.808772546817803,13.401165539860408,13.53459465953392,9.628022438805193,9.709672337462296,11.34544207967456,14.60927496774042,13.359465533707768,12.757022045452493,10.237061560458951,9.57406809580597,7.943314936400429
-20.40736637242085,-4.147988252462021,-2.8672031220639447,-0.3137203336576746,-4.9025401034740925,-5.870638981804291,-1.5039834944077177,-2.7425600198301403,-8.036706436415924,-6.549285155215563,-2.381233181630926,1.3147119274147896,-0.6003917994170633,3.431434298189006,6.130403794130875,9.491264907927542,11.438471855948727,12.749061217012162,13.759834743687039,14.519688112078592,13.190356803072792,13.95899383297548,13.68218537485662,13.07950021272871,9.62629481567627,12.93514297217876,13.042052185284023,13.803044817066997,15.750221502458938,14.4134990505726,12.310538295782885,9.210343026587282,9.17322428537892,8.37259374844282
-15.9566172790764,-10.155309843329286,1.4341779343160423,-1.4570277467272281,-4.248117450679303,-6.9981117155101495,-1.2786614712054216,-4.879379137467893,-8.705253285627784,-4.832525219076601,-1.6263540343466587,-0.19086318599387414,1.4751305574199032,3.014711554130449,6.663791385157221,12.164595191186729,11.282876112296401,11.861136945099421,13.670051563348505,15.197660711287984,16.480480520637062,15.502321920141407,14.656208584536996,12.775542212492287,14.532246188114248,13.592928021917162,11.9618521235699,12.34951394394037,15.478048256175347,11.630262843195691,10.394609578829026,8.497253824800708,8.457479426240335,8.21547405224205
