script/wind150m.json
[{"header": {"parameterCategory": 2, "parameterNumber": 2, "lo1": 6.000198445256149, "la1": 58.999992894266676, "dx": 0.5, "dy": 0.25, "nx": 22, "ny": 24, "refTime": "2024-01-21T02:00:00.000Z"}, "data": [4.189926426721098, 7.082783682439846, 6.59993400671066, 2.4640626496868214, 3.766196986743573, 6.860007358388955, 4.5158874760342735, 6.752764846920409, 5.472041568895167, 7.679095781591317, 3.508290601765985, 4.701749177096387, 6.156559631184027, 0.3381905673283603, 1.6578086316105296, 4.764718948022223, 4.652146445579947, -3.7147462109155995, 3.0693861133127256, 2.066009059937594, 6.796400777208591, 3.821236543294448, 4.685869275928314, 8.407526496287073, 4.990222726698938, 4.232602956015759, 2.136010435036779, 2.173532821412916, 4.523658962020962, 6.611792257775007, 3.7062765221547997, 5.963568139324712, 6.692534399593421, 3.4143920851419765, 4.845276535142603, 6.307328603754183, 8.524693559747131, 1.210980064977283, 6.180332768294129, 5.183014362477474, 5.297311697886594, 8.719044877630418, 6.191039626995296, 3.9906244826094404, -3.8322289110805623, 4.762048608460454, 4.870034596331127, 3.871917330169989, 4.461283679918042, 4.302686526228506, 3.2203309088560967, 3.4290745424864086, 2.898230724874728, 6.591258746863766, 6.273239434375608, 2.3897217158291326, 3.648230187223172, 4.84516871835801, 2.6297245851347433, 3.5705234397111756, 5.217300294623792, 6.5132008016786935, 0.38960346947719354, 3.146951273302252, 9.472168442377852, 4.106074442018908, 5.018313888832514, 6.4589834710968335, 5.451589424203659, 5.171221420145127, 4.400503703876271, 3.8297402228570023, 4.120646184834285, 6.467254683936198, 4.686984681048244, 7.303627833839662, 3.635541566409091, 4.285021137260355, 4.264631842997198, 5.365730190847503, 5.858511664833909, 4.657321660034213, 3.8888430115185457, 5.354546778016077, 5.024774726288587, 6.1572658941354765, 6.7000886689527475, 6.234754231425745, 4.554115225901929, 7.341515153463122, 1.5712301329925287, 2.7029703972450467, 5.119677463658056, 4.594752240804887, 7.073171232267876, 3.844199172715028, 8.139650197001512, 7.616930388854861, 4.663404668106827, 6.324158067678259, 3.0145717239502945, 4.221177640339488, 3.0118041053827276, 5.798933520547635, 6.1602332827945885, 7.7970640429903355, 4.645012325340414, 4.417160114720296, 1.5029372931114116, 5.767920926446088, 4.972216227275203, 6.801400318456605, 4.430251823909413, 4.121357542410083, 7.02443346718213, 3.7938746101680048, 6.063543991128523, 5.659492628276254, 3.7191777211508605, 4.926345135035053, 4.72075500025689, 4.3810833149053385, 4.92607230875147, 6.5975487933957275, 4.675776616155646, 9.759278422521756, 9.166933815285617, 6.4009678552809675, 7.065066303567275, 5.9022591670028834, 5.4964259608997805, 9.165133183965995, 7.205963461613821, 7.358852228738968, 5.197028959138335, 4.5106028521384705, 5.155784995313668, 4.788371127568187, 4.1893724560975505, 2.714559207404857, 8.207088160463979, -1.2918173066154492, 4.759084612944585, 6.530512814813599, 6.173776768178511, 7.440938757821997, 8.39845621087176, 7.729603081307338, 4.592301414654263, 7.19233118712441, 5.550835600009021, 6.246097279175203, 7.451448495990803, 4.619032102733762, 10.62581949044301, 4.832420484323252, 4.622816985234936, 5.803547009795002, 6.937791095401436, 6.212579886980761, 3.829653103542714, 4.039594203604924, 6.468605943924595, 3.418135220575247, 8.630409380449212, 6.125899669357203, 3.336340624044541, 5.836464403865075, 5.662266304322053, 4.375977846355493, 7.357189417650786, 5.366823861790966, 4.718539375998856, 4.256283921997964, 2.010871791453952, -2.3052480628150107, 4.6991246561286415, 5.874763386886145, 4.266223333446061, 5.1421978219872715, 6.90425221761651, 4.1401672942823895, 5.719504309711337, -3.4761963135609957, 3.694883184244774, 2.3157008593675164, 5.0152117953434665, 7.9516294654024255, 5.870925100670518, 3.2427964116055468, 4.849231785647671, 6.045580665480854, 6.633779789960757, 4.721108366819355, 6.3163500735504625, 6.33193915674805, 4.509827009620358, 6.224904554061511, 1.6949378357184954, 2.952366940700712, 4.6102562622970495, 5.079195212974177, 4.6121940844866725, 3.308226100425916, 4.402618209524563, 4.7271506486446375, 7.360046323844334, 8.334367353028915, 5.62842300740545, 5.944586568112802, 2.5080843183581027, 4.567666326108292, 1.3129549881327, 5.976305171133696, 5.9316056152349805, 8.313021707000969, 10.248982636905472, 5.792305876406809, 5.402205378432288, 3.582111923269445, 3.5334586625431026, 9.746658083944846, 5.470840900046173, 5.015148088046657, 1.95027337020247, 7.166774106927358, 5.384288586346341, 6.281500727164073, 6.905925141096469, 3.4985126926455967, 8.258237190488838, 6.3198283766018015, 6.978980110973515, 2.141768336970603, 5.640192794268301, 6.75303554209678, 3.4005228797971223, 7.777337003798217, 5.674663160646014, -3.412526949456191, 6.662126710370395, 4.870353338520294, 4.150470938451379, 6.706969199008661, 5.953626382158213, 4.011276722998743, 5.381578615137074, 4.480472852886166, 4.531009713364429, 9.496621460705281, 6.337015477716821, 5.361172409818295, 2.2105095321602146, 1.702026014694589, 6.055426566304018, 4.170834161325355, 6.379337054589911, 3.4280672803632406, 6.222001486959443, 4.241237453845941, 6.5254895155293084, 8.175069612808004, 6.967958453205728, 2.178226471665788, 7.632709046580123, 4.9110718467120416, 2.2126802644033985, 7.821906681575555, 5.799393756020264, 3.4761338184844925, -0.6165499790573906, 4.836404705439856, 3.6899492421770903, 7.322373979197999, 6.77752964354216, 5.224014821176947, 7.933199504011571, 3.1709756433828007, 4.921818755323413, 5.488879088357643, 7.4517494274820715, 6.169305242000806, 5.01411188330019, 5.013041002205234, 5.050637497411261, 4.435098796111692, 4.5472917037148655, -1.0620973666365752, 5.215156137297207, 6.370797821658542, 2.188556679938883, 3.3737296359455744, 1.4829584288810993, 4.865605941197724, 4.287709679158648, 6.310911227437877, 2.794306327998163, 9.25056868325361, 3.5290385028511078, 6.2837876068058565, 6.363976785581794, 4.553593957629709, 2.822636937965349, 5.5446119777368565, 6.016935313051993, 6.730053598413121, 1.5680512830123623, 8.091761433168207, 7.100769501685806, 2.1870299956020993, 1.7042000242554787, 4.770396585846176, 3.2875509722953447, 1.8686510211907015, 5.257291792496473, 4.321806756018961, 4.493483539642444, 5.255714434519209, -1.8455652907518496, 5.013245572731644, 8.280658478104662, 6.157912660925587, 4.511372993670312, 6.133770063630681, 2.953237554563407, 3.889766208976825, 3.65737986993724, 0.21920273324432574, 7.172688226180843, 8.067320954587588, 5.809561113697212, 2.081488670859537, 4.333769961270551, 8.765300052232007, 5.667914109071018, 7.276829269510263, 0.8761220107104153, 7.921280414991499, 5.809222020921002, 5.040806607187777, 2.6095538122889432, 7.046620183378936, 7.002100485286168, 1.0897970692385979, 4.357308145134087, 4.570980035647952, 4.19892890282227, 6.346082304745949, 5.149286477025201, 2.999774094527439, 7.169880664468836, 5.948618559942318, 2.2584131897139286, 5.021306165417364, 1.5699275466080456, 0.008241850612974376, 4.6409358037313195, 4.189798315833947, 4.713155896604185, 4.853279889505909, 4.369149070289118, 9.70971476615688, 2.8008734005491007, 5.129245637082916, 4.132086258261859, 3.9402213581418386, 4.161768841897144, 2.9722846351548693, 4.391511435343899, 6.863846636805781, 3.404902633166736, 6.723702186934589, 1.6512927207905017, 3.997637328290494, 1.5695530462973188, 8.202387877784407, 8.318188812376173, 4.477416459509556, 6.438763582989102, 9.083540633182187, 5.474634087617048, 7.104122429733903, 5.348169046062808, 6.494669246755732, 8.277679454765984, 4.340962589232145, 8.292843510330826, 4.108130091641328, 2.8606565136880695, 4.254010543872111, 6.053991392494426, 5.512853012401009, 5.51800556358928, 3.651867311038031, 4.9775411756002335, 7.012000784559133, 5.738665592349192, 4.57075008700736, 4.549441315666807, 7.256646792197548, 3.959727415876985, 5.584566582156917, 7.749352351156951, 5.672525541911348, -1.1009084465179944, 7.220362421339537, 5.521481327547314, 4.36851455228055, 5.468816154561377, 6.072344687135022, 4.675749631422135, 2.948302832517002, 7.692379553361025, 5.74483869074755, 5.606232672492391, 7.391146724003306, 4.1081357030998245, 6.525290678765025, 3.0435888661132857, 6.281685830804088, 6.418227776086814, 4.230783982025961, 7.195850931579637, 4.928704980999373, 5.1010384417917445, 6.239534655303461, 8.938126632407323, 6.025262346484421, 4.375294382126092, 5.972679364021518, 4.6632082689547945, 5.905609534444245, 3.6404711811701853, 3.668433336302658, 7.445681024662826, 8.102878205134504, 3.8747052638355113, 1.823990887219552, 2.7186120750421727, 6.404078890075745, 4.302056417857168, 4.001193463277945, 1.770579080219941, 4.1412437865225735, 3.659742900121843, 5.6247203755172395, 4.8589572785594415, 8.097602902817856, 2.094197118703579, 7.575853396293604, 3.072671543723298, 4.614676966685394, 5.141912100036899, 7.963028811557348, 5.991957737429855, 5.177283696091425, -1.6054873340492872, 9.711094715988718, 5.340043435483312, 4.216133646501429, 4.313078643665881, 5.51646483116536, 4.581269055121846, 8.204289384244573, 5.7781730780980425, 1.4392195607476763, 8.318686410234568, 3.379858806178922, 5.2764656112562625, 7.021575056864104, 7.056127915124986, 0.8642757586625192, 4.416954543297088, 6.473244494149969, 2.4178466458847367, 9.87868230880452, 6.725931391317676, 5.508897942446602, 7.555745938640209, -1.6780384257106713, 2.3687170020682187, 6.847865127059467, 8.141976918014628, 4.399430851310006, 7.152697115744761, 4.104903900880123, 5.5066157207872175, 6.5009616540243105, 0.15641601051081536, 5.183808273365772, 3.060836938128578, 3.8091992572839692, 9.794170717262523, 9.271894018494013, 2.6982310783072077, 4.826192348242477, 6.422259734365048, 3.2024545543146443, 5.476713802048468, 5.645135092797373, 2.087093698611015, 6.917463631344356, 7.584810092695985, 5.002990412054897, 4.846721028468626, 7.2766688433432645, 1.4572808095561849, 5.936537969297791, 4.086988679010896, 4.158838104567249, -3.635825267244321, -1.3190669045005246, 4.698151665939791, 8.01882999380811, 5.0319307780815565, 8.09807622099827, 6.167616513160517, 2.5521336121456746, 7.613496688139857, 5.109272716934141, 7.1109911632012865, 3.1316558337941847, 5.0347629926164394, 6.21871032089593, 2.332957624925504, 4.940070402198206, 5.163549888034621, 7.326388206347865]}, {"header": {"parameterCategory": 2, "parameterNumber": 3, "lo1": 6.000198445256149, "la1": 58.999992894266676, "dx": 0.5, "dy": 0.25, "nx": 22, "ny": 24, "refTime": "2024-01-21T02:00:00.000Z"}, "data": [10.054814300985848, 16.17339449048716, 17.37601991378269, 9.325814445317858, 9.651666245723645, 15.62565586423117, 10.725804054117175, 9.555603023113502, 14.194240722797524, 16.52213656290836, 7.098972507687387, 11.79870160245883, 13.617594848768192, 10.108272933564129, 9.323238261618732, 9.123862730832434, 9.259067425286231, 12.345938678895987, 5.9624335668971815, 6.11728690870219, 13.575546176245513, 10.447262258437762, 3.0269689553865153, 15.93638240424715, 14.642997488927417, 11.904267455848167, 14.883865754753721, 10.588287252524339, 8.491885511274617, 11.245814625135873, 8.970419076599393, 8.109146433184248, 11.148080455644338, 15.697256799946867, 16.82959741415241, 17.38780230064581, 5.796666901881183, 13.680163056104007, 9.64922932496264, 9.404973791144664, 8.611878859053903, 12.838956770588547, 9.057353722925304, 6.303631519135309, -1.046668774706839, 10.97942492205739, 6.50757153881953, 6.609709213461331, 10.939046919648867, 4.892406197048771, 8.549295706657833, 11.012334460403514, 5.168110570030314, 10.996201685188952, 10.905427504940247, 15.287585624329417, 9.346007062011113, 10.97669302506304, 12.239150984798503, 8.682503148396728, 15.087685161572445, 12.339589068532538, 7.832549653869343, 10.267717690272434, 5.572095351757381, 9.130834517157474, 8.351558325155334, 11.431162753215718, 10.487234584245392, 9.154021341654193, 10.580758145181157, 9.698762747807057, 8.858160888381642, 8.35465806869977, 6.951135024965021, 9.109144268647615, 6.832625841269195, 6.001095139517999, 4.229061170450797, 9.384854445524224, 10.296887484332734, 10.779150999593341, 8.695278109595424, 10.97430481592209, 12.197397936761822, 13.05327960055089, 14.424747946223333, 9.621588153768844, 9.047368978098357, 8.712628372496804, 10.038942026804834, 11.747913401484634, 6.7041278492735765, 8.693742666552494, 14.764582881077443, 8.990436316983628, 5.141890797588169, 16.492325486017943, 11.495153711381452, 13.501427308723803, 12.397594227715148, 4.696228582936404, 9.502452121274143, 6.964762188793817, 9.204823612443912, 16.891231101370234, 13.088579591938718, 4.431862103286502, 12.995326804131796, 10.978582521413413, 9.983205160843525, 10.190443360369454, 5.593576377025816, 8.01552571010714, 16.507525536989135, 15.548964350255822, 12.54933664547952, 13.851653461134251, 9.65973629705942, 10.147818945321932, 11.067009741284497, 11.383649665468585, 10.503547210297159, 5.294177670701072, 9.596435114688385, 4.855979524627509, 4.114769210244499, 14.742409181169362, 6.794073213087754, 4.7118731551146045, 9.65267109424014, 7.056612806950922, 11.65872851794451, 14.817224587440734, 11.52043912729, 8.538816318118137, 9.479258412464828, 8.941607293073458, 16.262451470981443, 16.089778270948706, 17.765708256544354, 5.251117872539809, 9.019002790106649, 11.32226057406861, 15.400323286501004, 5.7062395594057005, 16.974514650324036, 17.661183823835, 10.532812349386361, 16.268513194696826, 6.8567455109112565, 15.534473948368058, 7.851558724385454, 10.316512039119871, 7.032634409038727, 11.19090177015709, 8.251811600895872, 14.451552985368048, 8.045487764205314, 14.12844883488409, 6.221073056438319, 6.552837534103414, 15.055238384256072, 8.959454744428289, 17.096447721223722, 14.118781132058873, 9.169222024662838, 13.396845518945867, 15.278037425058836, 10.419516747857793, 10.671146467403842, 15.271905962297557, 4.515392543117671, 12.888855274515477, 12.215378994451711, 2.8757808270961625, 10.838127890807412, 9.7647734490839, 12.515567406679288, 8.302192736963363, 9.865437785304291, 17.367234425603126, 14.135588205664869, -0.4580590003624497, 16.61318746962315, 12.669236817405272, 8.947543849013877, 11.171646717463439, 7.248372550776176, 10.01013060187682, 10.196158531096795, 15.662229713236085, 14.495615548722006, 11.30889478964569, 15.301994364248646, 14.49230934979534, 11.213338379182142, 10.026971385245586, 9.928346277207611, 9.014057795399758, 2.216441174023342, 10.491212521638833, 10.917710884050353, 9.947686560823549, 12.583478423125632, 11.844532752860493, 5.4358390117247835, 6.251582472596018, 12.4217085982489, 14.73122546145235, 7.58797623297998, 10.842618709621004, 12.619428055601889, 6.80340622129882, 10.455039565739531, 12.815991573953351, 6.604899483392826, 10.342063093971753, 8.644811498891155, 16.418356049917094, 3.36881525708552, 5.713794746875521, 11.62402930779945, 14.462090736515565, 9.890765055943836, 10.661376043191655, 5.4913351700195605, 9.565763459105124, 17.5811946533748, 7.3279693779800885, 13.694028255384112, 15.196646661923502, 14.91191859115489, 15.761998831185943, 14.848662952482552, 11.142479405036172, 9.893273523234592, 8.488244094218963, 9.30338649732941, -1.4946242146557442, 12.696038195730523, 13.912130934999253, 10.375135956401088, 11.63096873904715, 10.849462784275229, 6.240174806744561, 5.3550881021527506, 10.57445949169049, 11.26150206801289, 5.888755041134936, 14.158532399837608, 12.38293872371267, 9.8278784024653, 9.23267715742719, 7.302728244382217, 10.665865425974717, 13.889028663521321, 8.092141334445927, 11.079518791773657, 11.594740016201493, 16.73625359555862, 16.574690813423487, 17.563031982919526, 11.857106685332225, 8.539643714010246, 5.162312280708157, 15.825375151122714, 16.626838165030005, 8.83938052947427, 9.52433941314208, 11.089216946643932, 10.66146689204534, 11.595066200508777, 14.745572699819261, 8.703110628787678, 9.733314558664237, 15.33054366718596, 10.658312391541656, 10.668511723940268, 15.272894377364189, 12.642332929795996, 14.925378439831784, 10.738776551333004, 14.800697267917155, 5.609601160220033, 8.440194053197942, 10.424790924794502, 0.1618275987912299, 13.606918672357887, 10.706097151037616, 8.299417325106528, 11.084255190737286, 13.655866361806705, 11.429730434827142, 8.214301851404462, 16.011975607859064, 7.809821015506563, 6.95673970051275, 9.530111133962281, 10.638448970772654, 11.59789356189202, 5.245729132834092, 12.375052519031033, 10.362309203354371, 16.644924101292382, 14.790444352422814, 12.899928747141258, 5.445721362222806, 8.345686984017116, 10.278584923558855, 12.465972059354604, 9.424568410770672, 8.238858976944794, 14.979108445264021, 16.089641212289898, 10.578060223447455, 6.6112121524581475, 8.673572758265518, -0.29554871715765313, 14.663783077341405, 16.162799305915453, 14.659114669417272, 5.950195246011913, 7.678108433599577, 7.1150111777761325, 5.62892768557172, 8.72722139875333, 9.442689238860579, 16.73748745065071, 4.665262607631045, 11.638969065507048, 13.21071205240661, 11.652269577444098, 17.345442714210492, 10.750517829014607, 8.802954566332717, 9.32843001366147, 13.980420398258902, 7.521677584362375, 10.770916054128719, 12.105219219387223, 10.026792165887532, 14.999224041020877, 7.937079170112575, 10.354971201762856, 4.003728863901582, 7.593896709680738, 12.018667141042306, 8.148272310538493, 7.52568759267777, 14.784179823219375, 4.7896467403612215, 12.225418156073578, 8.31789152486554, 11.07171584379621, 9.509378229617601, 11.0657833713071, 11.230430363365471, 10.07214562669809, 9.83098705280232, 10.967057356153322, 5.525800199259033, 9.284414052262035, 16.35739461996189, 6.210687183361069, 2.8530991546055997, 5.886920754756633, 9.78830936672506, 3.45520611971928, 10.039703244923368, 11.145059303265255, 15.836025850984734, 9.349476925015473, 11.943844351580955, 10.638680035163997, 8.218446896315726, 17.402876978961213, 5.8856325576085755, 10.784210803869598, 5.722727101589588, 9.028916066155949, 12.797963850722708, 12.699523119595327, 15.482468487944324, 17.530317397747673, 8.666342863742576, 16.770761923172568, 11.60409962927009, 9.41641123841905, 6.736139453544957, 13.07282707505654, 13.810271693567271, 9.719160683386635, 12.40444083849256, 17.49602333490657, 16.963284753124938, 6.71369812122729, 11.778569094252592, 2.4732506767143754, 10.0493459967646, 9.979144994838009, 10.35778035675015, 16.935151842357502, 8.456730312879587, 0.62849965015274, 12.776119806341082, 13.395994643052354, 10.151591306546264, 10.254829103130804, 15.056262892865503, 9.065169972184231, 9.20966754325019, 16.58501910829743, 11.114534851027457, 13.512760327615295, 6.8557430868471725, 11.982194129881714, 15.843613190322204, 13.743589696982573, 14.464394371647984, 9.684782754879626, 10.616778695403777, 15.020910203086936, 15.61757757779346, 10.203520221006343, 7.416956240052863, 4.691653888918796, 6.1176876882133, 8.079255231146643, 14.507560273901545, 9.335769925405613, 9.144722709465634, 12.316548331324375, 9.581234655812606, 9.478148583225131, 12.627386286885857, 6.174904538317601, 12.393533883704807, 9.514339411400591, 13.725051471812854, 8.841143113395352, 11.079236183313874, 15.40069146758061, 5.848584882891233, 6.761571475049229, 13.441136483251023, 11.395735862648145, 16.600702138443904, 12.811337157305479, 13.877227792095823, 7.361750827274188, 10.37888679668906, 12.49308953638524, 12.897182211492959, 11.265865938451507, 14.84480515801625, 1.963066073144379, 5.596671140117517, 14.843367913832381, 9.097779631809875, 5.2000855336935015, 14.794288122828146, 10.969175856475381, 7.551787646933081, 10.82428147818281, 10.540586399733854, 5.788714879310824, 7.488812136209893, 12.1077158355358, 8.364549038681078, 13.272939801002268, 12.466937964519472, 9.48251650110615, 13.613806413540686, 9.028658850929501, 7.0450951523297745, 8.641368558529967, 17.12392362337643, 17.140800574232472, 12.508744869475407, 12.469123850936935, 13.475241039704901, 16.940370557983396, 5.475524621427206, 10.943108545671656, 8.618978882041983, 13.158286111242742, 8.925146643440048, 2.5458829794375775, 11.393126343776046, 10.531912517924948, 14.127373440563185, 5.574121757126385, 11.413058004126585, 6.47528170778405, 10.484940221942015, 15.940288896876178, 7.004786656298104, 16.381501948487788, 7.69616212928847, 11.990765551825104, 9.241815828725173, 14.11241397215512, 16.090974449692954, 10.305644564562561, 15.090284488131894, 8.883760699728112, 10.988592878078824, 10.199978295753164, 8.388791330755074, -2.1852710180283252, 1.7047514381053817, 9.239657060040935, 13.959253044455934, 6.651380654399725, 5.596529393145416, 7.700722660709696, 7.461323415292901, 12.913855812037124, 12.254175882464201, 8.846518843282515, 10.744791186496206, 8.783763838819088, 13.828272992208948, 12.102209160338376, 4.530708156055783, 17.222752151630086, 16.59241617406335]}]