script/wind10m.json
{"header": {"parameterCategory": 2, "parameterNumber": 2, "lo1": 3.000054539987559, "la1": 64.9999836372058, "dx": 0.5, "dy": 0.25, "nx": 34, "ny": 52, "refTime": "2025-10-06T05:00:00.000Z"}, "data":
[rows 0 to 24 of 52, columns 0 to 33 of 34]
4.059141818324567,3.5097060628684624,4.2382452771634,5.519290803615855,6.207687880128327,6.437913532457611,6.703009810945013,6.987350069314087,7.535087685637146,7.983863966870927,8.31820499273981,8.691001664903691,9.379667918014384,9.940332639659161,9.880414582730106,9.548968435250428,6.16945623045795,3.771938076239456,2.074615900221005,2.9388513083635046,-0.7393374699735089,0.10097440099539538,-1.3623039567779054,0.4589443957472693,1.0314013177740056,-0.3600747800558695,-0.055484453656905706,0.10618723234277017,-0.09240121431981066,-0.5806600815506261,-0.9474607982136789,-1.1276369690328563,-0.5336543187566961,0.5108819248988415
3.910560574130743,3.966179046262378,4.742285382342792,5.13060376209023,5.845287543661452,6.7401868822242195,6.4472725599085345,6.745302238764566,7.273795338738004,7.771544684944816,8.120444840376138,8.404195859424554,8.908779028997927,9.667915733630307,10.288934197135475,10.118287868641849,8.741904827283435,1.9301993153632542,1.9415538405765853,5.281169774950753,0.6930100284747016,1.0107254058890538,0.47964766674932574,1.6749488163835442,-0.38427590570661985,-0.20486245393529978,0.3637616351732605,-0.9925345892592636,0.7963847091259103,1.294489034821261,-0.9141811469089671,-0.8507025489821524,-0.4470868714558355,0.049047753146171824
4.489177958605355,4.423664917144223,4.954158568735391,5.879459232550304,5.995375196904153,6.256076297443054,7.035691238773192,6.5120741673308595,7.079203947760578,7.809284137052044,8.425055684534625,8.376440428659583,8.519160524232136,9.289968205788226,9.847646843046784,10.299515072776622,3.5387491632020427,0.5375791336648021,1.6906216244497567,-0.7059093605454543,2.985590888881953,0.7293082928837549,-0.36532675821459004,0.4443038575592002,-0.4194220341593064,0.43633659032358485,-0.04457006664558947,0.12115359715579631,0.21976194844800723,0.21600002128903337,0.6167994381744228,-0.4011408048056372,-0.06522571609547274,0.28449888586839667
4.5277621822549206,4.507552178334582,4.700286634239394,6.27990696332007,6.534897020198157,6.605062625647709,6.782780500843498,7.379661574040815,7.390792811722235,7.7918435631449485,8.348602995472115,8.632742278199572,8.679766449081272,8.907972096813522,9.520201786777411,5.840016247868759,2.4965944319790636,1.2989750599615735,3.2754655923321514,1.08968804936474,2.605836313985478,1.7500642431528086,2.641147226253227,1.4567790810649042,-0.6701114759500085,-0.18673153258358385,-0.2150860660983501,-0.05470504258294781,0.14654615981589558,0.32875186196836337,-0.6770312486321797,0.1321354487810925,-0.2492253566382161,0.48503139567894293
3.6284906324902977,4.2555903431188264,4.488656573695309,6.453758830684445,6.782138063838223,7.011600455428735,6.956054684058996,7.211992361424219,8.079445913614755,7.849005049485507,8.478444255796191,8.860217069048293,8.650482085422164,8.328233637918833,4.486189333996905,4.312655316238189,3.9095943633708323,1.471919874760334,2.266107780869298,5.196557207771534,3.34594459453076,6.447505264339218,-0.1587294032061396,-0.6318291057508155,0.3895327815887975,0.3797997353814442,-0.1674733850182755,-0.3159900483257231,0.3267610350353243,0.7520214237933327,-0.5380343060108614,-1.4193856187279443,-0.026043222140761838,0.528198742705648
5.0213211489341445,3.7060499345529845,4.174587745062642,5.474006636834208,6.644799158715125,7.230504097754746,7.329374152736841,7.477149921423608,8.582314019120338,8.56388904914757,8.595506613625991,8.806773742645886,5.373997431924203,6.73784874523841,3.779041333646873,3.113034536973474,2.564814283161126,1.9907031175349017,3.9786386724637874,1.5910483647814384,0.9252663889425172,2.8301163922519774,2.8820394493351915,0.28914947192708035,-0.028168006130578623,-0.08515549944517614,0.1425943301377843,-0.11764077587973047,-0.21983623888962744,-0.47214511206547877,-0.7915400287104872,-0.17934475652006485,0.7686808794952151,0.4319270575299938
4.6257209171717,3.9659096469170754,4.090225577725763,4.950723384702838,6.362909568489573,7.132708565157206,7.685721385946603,7.849191414987438,8.638948453488561,9.650607382651684,8.091885087044721,2.6440562227252493,2.448947207386317,2.2494683658801122,2.231777562671102,2.764288789815491,1.3273927796908027,1.375531493219973,3.4465724554377597,1.5488417934591383,1.464580550375408,1.3786252937507046,0.7691023206145302,0.7875753264551993,1.710810453588099,-0.09482233593177151,1.105770222750834,-0.3858471591918885,0.5798056802611038,-1.1089245272073176,0.5523765493305638,0.045270169483508545,-0.11868519354490788,2.1771532520786123
5.331450824262124,3.671921815718143,3.7744929844892257,5.263693280961204,6.480082369319468,7.1540149712072925,7.63474468053984,7.871381800663441,9.237817659763824,5.879415431461265,3.796377432919999,-1.7355093027888613,0.1305062462170795,2.9790367039233216,-0.6939094731655995,1.6524814234426046,-0.04279617963345002,3.9649122245999786,4.14742128171118,1.3393232397219805,1.604659538749049,2.4728337973742476,-0.09084634559047,0.5608707481652064,0.36502944910539226,-0.36391596915299596,0.12390749629307707,0.7215689158432715,0.4447197827387233,0.8441251810642556,0.6046265164354787,-0.6601309596429277,0.9814623879205399,0.3855355972089782
3.7275220834853418,3.005321537466815,3.512083122243677,4.99567218949491,6.303938124230828,6.68757633255154,7.331506965457619,7.145935456967664,4.696359697136149,1.7725787440441432,-0.0658777234612031,0.019151101680569396,1.7015536763648227,1.2629175106924073,0.33406749774687583,-0.20970553069126896,1.5477509256420379,4.39929525452997,0.6698048050553295,2.560555558188978,4.137600536379365,0.7463433643374072,0.7272745678596475,-0.2384359574624574,1.5149361229273672,-0.2981662428334563,0.31273200740409934,0.6009528006436541,0.6581710772045616,0.8348676800674056,-0.8406519540588262,1.13100703618362,2.352759094955947,-0.9401941748857935
3.224184366896341,2.3506571667942264,2.9457432178712066,4.566972798825962,5.984256344632949,6.30105419215849,4.676297580639299,4.479022480553658,0.8450980798530352,0.5358194080592849,-1.2058826501195319,-0.8851383410439051,2.1217210175010646,2.0271191151543215,-1.7934197619715668,1.3636088625759895,0.22520195411602378,0.9016063587930595,1.5036679110918862,1.5446946190375348,3.008481802814185,1.9107075436888667,1.9125412870903369,0.9086971576949282,0.3644944685119765,0.4899301834437681,0.2945527921103168,0.744380804599782,-0.6801480560401866,0.648653291234477,1.1331541520388588,-0.8512713358228456,-2.1599927729206274,-1.9593620455783987
2.488868817967598,1.9023986812639213,2.495231257534587,4.059195409007205,5.311873487247275,3.096430010897035,1.427419337938093,0.9626502327176637,3.62219506910023,0.2819661914211696,3.028023422831849,-2.4591195381942454,0.9628314192908292,5.400390605778181,2.2817759268183444,-0.37032392943381615,1.2524540946464118,0.5408151270751957,1.7469488514384302,1.1831774890374527,0.7419372349578734,-0.32799109142842137,1.0444143786586242,0.8911919217520307,-0.9791135190465077,1.0848368470455385,0.8701127471623844,-0.4057368273344748,1.2954320130693473,0.290373721702666,0.18145884784452124,-0.09357386365193766,-0.699870408499037,-2.126509810846543
3.167596665892865,1.5287583001814997,1.9085673519526498,2.772845168179968,1.5249770093932866,-1.2333562291984075,-2.8734548981410235,-3.0326858083772588,-1.3800840180073135,0.6161614465315332,-0.5903467929964166,5.074068169888401,-0.8715094205322774,-0.5441283020663223,3.3147912218482856,-0.33055371554491464,-1.7671638416754119,0.6359605734544929,-2.5730887435702745,1.3220945395726933,1.4318303294214998,-0.025134031105598153,0.6260754592253893,1.1335965928535514,0.16911241415949307,-0.5047844171570633,0.5195575533050643,1.0677137475933496,1.8211384864276372,1.3406080973269725,0.02579617753632638,-0.47086028277732994,-1.0073483127392053,-2.568825737399586
4.307969689271725,1.0679836531611433,1.4513674880124423,1.2257093387621545,0.44765264882600864,-0.5154093399699003,1.2133526038740508,0.8301813329614812,0.1082552508600297,1.6704330154584097,2.0372338265899645,2.457715299964674,0.4380754121604744,3.6723463593632175,-3.2190218897545546,2.9652458183347172,1.3251353815908495,1.12835736331867,0.7619609013173206,-0.4530985647392559,-0.30901193830303514,1.7224672642043066,0.9264986169082601,0.9585481363801022,0.9944216901493429,-0.7840213227102719,-0.5376724977399041,-1.33324948654807,1.237449905802575,1.159096727777092,0.67989893171048,-2.992169357761596,-3.6600520600055755,-2.8927728782063418
3.088259530486576,1.2833786086420702,0.7308660009967651,-0.16715147202050293,0.27986383322666786,-0.04967806985999873,5.198677598236867,-0.8471389814200748,0.5522490253474889,1.5257779837015797,2.8914762615949137,7.241990986689382,0.44519755271963585,0.4260902408368583,-0.6460016138934395,-0.018320206370819655,1.5087434749963329,-0.12139672315731533,-1.1228807652968795,1.3178920943695793,0.10127478499236993,1.4118179786142295,1.7319411083984126,1.6988585275373116,0.4102086315538401,1.2468069258903152,2.0919967963357955,0.671602537536765,1.7951630850816136,1.6328866761956673,-2.801705282081983,-3.7365567431220756,-4.692899363151244,-4.694688159342926
2.871168470634647,1.9178269808447177,0.3528610616806372,-3.3873758938826515,-2.2199945320009995,-2.0054334202310575,-0.8706955276628264,2.386378336012887,-1.2734948366579206,2.1868757511811157,-1.3212376609174614,-0.6548329826890584,6.757233385261241,0.8037778888352458,1.241442353517801,-0.6708994403329063,1.77547890612226,1.6965535030967527,-0.4486568439126732,-0.16513276145715494,1.0078959430442562,0.041490765561212485,-0.3483394890475951,1.2149866633184712,-0.29684735805003354,-0.227138031756899,-0.26805727210551394,1.1482681311100447,0.8244782974628637,1.3692832801984487,-2.9816128199852843,-3.5240637965547585,-1.5554993929327738,-2.480985622247183
1.6053976286158114,2.193548060458728,0.22460306669760247,-4.160212100038239,-2.2082453436100207,-2.3416157740158043,-0.06625183309693276,0.08922298374711124,-0.9926864549646015,2.5162294018186326,3.934214670190866,6.22793953741742,3.229666890926541,0.4454865447521625,0.8255750016693914,-2.195740084763195,2.462928094909309,-1.208052959772834,0.9873450142104976,1.1070673122647996,0.26356379042513406,1.316808600135658,0.7344179841905766,1.526649713727024,-0.20014641532560032,0.6596561187250206,0.7341325237467942,1.6772315957139203,1.128573055416067,1.6773049611386355,-1.4835609522169853,-0.19948655801020815,-1.3258166996683214,-1.2400120251490208
3.77410522181776,2.9017374749855116,0.965985835465349,-3.779535820107004,-3.1312988444223917,-1.9247333172433225,1.5684892869078748,1.1944377780221156,0.0014056184144844621,-0.8450774723560254,5.511113586926222,8.11831643848622,2.6710018722824818,0.5436467859751342,1.2229685785125448,0.024320350232889632,-0.8085959109045342,-0.972248511011119,0.45436308399135555,-0.474118602593992,1.6886077648492124,0.7749574615949706,0.42268309920375063,0.9402075482958957,0.25244532293332855,-0.12302618068285415,0.7882767255639517,0.45359368171672765,0.9387019580216448,-2.3830974640453917,-1.5854145935555513,-0.9214805934773623,-0.685599541996217,-2.0184124579626075
5.037785871228064,1.1911417509871778,1.9826843169502055,0.0990241453073893,-2.032708523326383,0.30286071520717306,0.03266508826323802,-0.6092336735108572,4.7029327088675466,6.535669630879798,-0.3144886066585617,1.5295513754974959,-1.0144462152500648,1.6809372779617775,1.6332153882779794,2.480190759372658,2.5833854832889993,0.19884255510511883,0.5722962045485503,-0.018484456702193338,-0.4092246077874349,1.149862417755267,0.9314773767991068,0.1278099484101839,-0.3279432530644944,-0.43113362024070223,1.0690477679229167,1.233516549838767,1.090194842555468,2.1860466174850823,-0.9820094948695789,-0.256449920543962,0.24998113749930417,-0.2721985375558199
5.903315304378442,4.87948649617286,2.461786447385619,1.388133547435625,-2.5602489946867197,-2.153725050139574,2.6436108632944526,0.7872317417958575,1.6980738299326374,7.121373317197673,3.423879674982238,0.8165997149233456,2.0812937570375736,-0.5530042613228668,1.337303566343697,-0.8381180436087103,0.5564810152881239,0.6121675966654289,0.5920580828944974,0.2687607183103126,1.0730302838149417,-0.6756709510980944,0.22705958852871558,-0.5315325156163986,-1.070283639357305,0.8162897693382296,0.0117456563991507,1.4051565934438024,0.8487582005972457,1.374300750102346,1.6464385263117305,0.8739253724529347,-0.33928856893227616,0.5081841958577923
5.592504801054893,3.6580455349806082,3.0212630074515983,2.4386322925639172,-1.6274766920653843,-2.05400682749945,0.8351100281715509,6.579802447397526,2.712991064428982,3.0922157552677567,3.5275286426651467,6.6858361809736,-0.8686283505520958,3.385390887628451,-0.3185307409164733,0.7954355702718483,1.2663765702433902,0.19815154782927477,-0.027748954281068397,0.14453250386813749,-0.47443215875221817,-0.18044404184054302,-0.8321968898387615,-0.1749164696847178,0.08477133734525304,0.1946052916233687,0.6419101506716596,0.04378376108303466,0.6299136294703747,0.8817018150161374,0.9669723344617849,1.0806742174942197,-0.020917398483713538,-0.28677301806953015
5.044781629610732,2.7458900636552004,3.4234276000239814,3.4500792567511884,-2.361589665743338,-1.979516493645604,-2.491284107147934,1.0126276080944674,1.764951914688416,2.145373971646208,-0.01399801572743355,4.202458346337741,1.9205908273582277,-0.5452208880635542,1.1197551633567313,0.9233825238944879,0.688455840183491,0.56088547596486,0.23425131924175052,0.5310864661472391,1.0758847442085415,0.27824869285536763,-0.46061110180009046,-0.1460177536689318,-0.9112270952526194,0.1258336494510115,0.43326684612345373,1.0411992783767718,0.8486754442531833,1.183635677757116,0.9168307880833826,1.282612902923265,0.9314314515869437,1.1294088676974945
7.66195604944464,3.9810539294126635,2.665076650125219,3.372064778442057,1.4579430109290752,-1.6387522444552636,-0.5908688179487727,-1.7789425826696001,2.5701193253815204,1.8128968486069146,2.0562661443063797,4.202364435602881,0.4456644818318734,2.625262662842653,1.2939827548611178,1.3333280607188862,0.8345763737799589,-0.6908755084163604,-0.035020815693583805,0.9655247770394634,-0.37014637919362603,-0.2092722555688215,-0.7281022159223957,-0.3577268320689833,0.13104603967420655,-0.11069934886222713,0.565875561045706,0.5851508680933784,0.8532352787916538,0.4798130510429179,0.2674172873404089,0.4918451814995391,0.00021000296231827944,-0.02052578435636373
6.072302843150388,4.980812464442124,2.1154512102509484,3.257171591341218,3.552837085300733,-1.3684245336628669,-1.186970885177568,2.3195088404140445,5.340724685909373,3.563842502604963,-2.315910687021081,-0.14049975909035964,2.8283449490613024,1.6188866894722436,1.8002869706778828,0.6006265663109867,0.3075327681343593,-0.20431334096293746,-0.5225936748562177,0.49266173924841183,0.29419722761165906,0.6655475185566044,-0.5282738783122639,-1.127011166630757,0.7040901144825151,0.12500506131536998,-0.11637673055211112,0.21623734636630906,0.27634671798113297,0.0164023243792629,0.7142673379150513,-0.16220301440252183,-1.8300783290750258,-0.3742647309542922
5.82704198204399,5.788173956289172,6.999264273095089,3.517502322455162,3.7140011017647896,-0.7340175589972686,0.4112510927865708,0.6310737294679046,5.005549943783464,-0.7605842736963095,1.0768823911441079,-2.2151439046191284,2.6190527863327917,1.7285541436354013,0.4450827486400741,1.766282688589459,1.4683910117474095,-0.5015213981343902,0.03186266212606208,-0.0676854816795302,0.3271006763520095,0.14805161340213885,0.060315116084800655,-0.5926968689185618,-0.1603666715765532,-0.07853246255062961,-0.2952103968477453,1.5139185906160968,0.6880546959613082,0.9650433438141156,1.0380778010688243,-0.1766453808800512,-2.2374799459110637,-0.8131290701220252
5.390278171565846,5.74332467273224,3.971245946752787,3.4923137653210605,4.4944319006577,2.3831531649497695,-0.8179745866525632,3.6155232722251247,6.814430571305364,3.546860609179689,1.5574526434851488,1.68961295569664,1.7040255002220202,1.8140250433340126,1.0705395178726016,1.0760306448050034,0.6267151264313543,-0.2553682249030216,0.5364802801294534,0.4644615729420173,0.22076078074560643,-1.1936965930098244,-0.24020119350891203,-0.5815746310656679,-0.5574364294190797,0.20718089142245413,0.9862929014684769,0.19838236530870867,0.29074461690075687,0.15447687554188705,1.0829176867025512,-1.0057502207496472,-1.558979110885981,-0.9573426107406473
