script/wind10m.json
{"header": {"parameterCategory": 2, "parameterNumber": 2, "lo1": 6.000198445256149, "la1": 58.999992894266676, "dx": 0.5, "dy": 0.25, "nx": 22, "ny": 24, "refTime": "2024-01-27T09:00:00.000Z"}, "data":
[rows 0 to 23 of 24, columns 0 to 21 of 22]
0.9346339224664036,5.383701714925036,4.954371772871473,2.9631052686350565,3.75619206066334,0.7022755821340242,3.480230310568153,1.9704932746029493,4.233385337617305,7.20980838126616,6.986026696830307,0.45760895877994695,0.7194614604124906,2.0738600731026153,1.4183070604321295,3.0333892527308195,0.511270337803899,1.2407529747484385,1.4827247787977214,2.0618037816248416,1.6866440142391845,2.2816031652666315
3.3741411554579344,4.040365527927476,3.1796309656444057,1.5051927125436537,3.6706458715980284,0.5522699498025927,4.171335034647162,6.2653862823245605,9.052182371257658,7.9162110773392165,7.67865189239831,1.8812415073542308,1.4148775120253876,1.9739992921470653,2.017148249712459,1.9064925463485842,0.37610821203294287,0.6331564065009122,0.6394836231800523,1.4484445095195435,1.1307314383117344,2.4146246099295356
1.5632849568945635,2.7246253494262964,1.3458098558727003,0.9502767331069196,3.8025734289411,3.421677886060367,5.0365734114257235,8.240770092623794,9.042449320421946,9.18114791837685,8.431898822431629,1.3680091229017304,1.805179487436631,2.635903452045558,1.831589434655077,0.4484441267641975,-0.18865365560415295,2.7260299351434902,2.690923709733715,3.2170155046013758,2.9757154063484204,3.5056810404724574
7.69395500281274,2.0096033825051896,3.2411521531443173,1.8373335795720889,3.7855903411546064,4.807184293974567,7.579536230578152,7.807512061295726,8.625215144247159,9.317507923454865,8.665053634704693,1.9625955768044554,2.3890732336340363,2.401813467567563,1.8918007721496657,2.0274901225630546,0.5896391024401167,2.780575125274416,2.5576105718716886,2.6189970181355267,2.5185181513776773,3.036826308739649
8.786090855133402,6.599324534938836,5.429660588946613,6.495791760780057,11.19814335794495,10.399548998245825,9.31288481349673,7.80573599606773,8.650937835604768,8.827289807824592,9.170564117947347,5.108036019595102,2.1910835817706813,2.031826364422044,1.2937939084742531,0.7250566875618183,1.800412139200128,1.6263043737317175,2.7404518971067917,2.668598736502262,2.5364441930954538,3.041427302441437
9.294524913808925,7.731147853237836,6.420797082184119,7.562759599122893,11.314320755454444,10.913839488637837,9.624826591901602,7.491099982184308,7.191880671535895,7.756476779265331,6.647952585878121,4.904763368664616,1.6753055452981322,3.0281615979829524,0.7576248852880916,0.12527981402946564,1.6166965153323478,1.6454951324044809,2.3508136319326014,2.597516677737122,2.967650081306983,3.206012506186851
9.61538351818677,8.796914583342616,7.352159374586564,7.850481500290595,12.627048524493302,9.998164316391785,9.118941707426979,6.0884521246427905,4.705105159921564,5.695575999384934,5.435307140458459,4.8733568292354486,2.915223189027442,1.1118146342100517,1.2943556893796648,1.023626688594507,2.5298045116156076,2.0048119023308564,2.294255627044058,2.5345086915752826,2.936292040784085,2.9899357373977664
9.709373431107947,8.993788091941221,8.326922464483479,8.167395273827506,12.994379932747307,8.489292617532703,7.4848678207740065,3.994081666531951,3.6306506599468,3.716376770759674,3.6953078467809233,6.268313860456131,7.098604086792123,1.5306028562026615,1.434760457640913,1.6701802351405624,2.645165177808229,1.475797606470706,2.1374895586396456,2.819070222207142,3.279807238057581,4.652414586324534
10.133976736227227,9.194135164333977,8.627568281086825,8.952929407609167,11.654942767244695,4.200268166301384,3.9824027712812176,3.1363166070366537,4.4599142290126,4.330608368133097,5.811567360236603,6.726364739773469,7.014334616879837,1.9600873198993187,1.9279152074031882,1.8229556169059349,1.9483937678719825,1.795896919789613,1.9916832515639447,2.635482283430902,3.0546671051149854,4.097407921446095
9.78469378888765,9.369691027266484,8.873982844470966,9.934388576026869,10.150894203114184,6.226776826180114,3.855930852055056,3.304576839384668,4.337804293028864,4.604983611784634,7.061295748305321,6.759980031081635,6.828538369605079,8.149076753152126,1.2111820819074472,2.4355700707324606,1.9139390264804812,2.361126307769677,2.5278710158315376,2.7040161305870583,2.9062561573242003,4.2918916612136915
9.800804706455896,9.628077035121137,9.407509460506827,10.51272860233013,9.081416011052186,5.553901578679952,3.0375370378701083,4.083012137608623,4.685153067090698,3.8118959650563866,5.423026086092699,5.6051262039214365,7.174377167460314,7.6075559174792495,1.6082254783069274,2.572526522540165,1.5435998073056594,1.993203911125001,2.860935718780653,2.858633436760832,3.0876205895453377,4.09780941295882
9.846678103565544,9.869879984080233,9.713746136374363,10.442137648991372,8.47589572117491,4.441189914335588,3.0548494187398387,3.974414203103242,4.858732316056973,3.6339123025976914,5.400868260544104,5.085558372989678,7.39928832613955,6.998185417879609,2.7577097138497546,3.2585405196091775,2.8678579421508297,2.531879409894273,2.4728388916771546,3.000657323910915,3.884125137093504,5.621882575131113
9.843590840798976,10.155090233537772,10.19717307767166,10.515379797969947,8.199528327708444,4.81807182984829,3.193374547965731,4.220759736707413,4.782851946843246,5.819210220959652,7.250407707028179,4.287484080516177,5.2869724291261155,4.023293742722839,3.3954315576486063,2.581728334414939,3.1436155729067825,4.5553389674103295,7.086692852673034,7.538069499356298,7.600592386937916,7.800490023429525
9.872600004056535,10.159554154592476,10.616058726694575,10.207800966650645,7.558543552316552,5.333379596678521,3.585571017664385,4.362553834808907,4.020577569959048,7.069018845483777,6.61262090231051,3.2521784921137478,6.221155739446922,4.005006889684402,3.604274048830966,3.5309048341772975,2.8658244834092734,6.502421806911568,8.94949353316533,9.634539690930895,9.127515122258416,9.19606269710042
10.276195167452475,10.181053547837122,10.713672987144752,9.816090552155426,7.129372943888213,5.258003622500515,4.168803378618409,5.187379980430743,3.5251663851842276,5.123652475967107,7.319047573829022,3.847168412098017,5.627183805830332,6.233252655158104,5.016429828762523,2.963957892979293,4.149916485373862,6.192313411955802,9.311615387229871,10.17393976371435,9.918574445458264,9.809152603213668
10.182901724324285,10.04511674536886,10.67293632225466,9.937506649998637,7.446385065210519,7.16104409059648,3.840173081394547,5.059376427026793,5.100117425114194,5.17586845214416,6.5765737021810455,3.55192082722405,5.747552795163394,5.764400758551915,7.331513627372242,5.476090130190575,6.958552725470798,8.262215167218768,10.362864846075269,10.51529417192996,10.173012826385362,9.796356508250206
9.582046116071597,9.877467754005702,10.566011991253744,9.796240302006781,7.613499458971919,7.341258609878188,3.378895988925087,4.173233988703847,6.625586896767246,6.056307277206378,7.60857640209186,7.111552197487236,6.432234647358612,5.998903713955701,7.095041357234696,6.80697992878212,8.438044655521814,9.309925148024115,7.436306418436477,10.168372911811067,10.240188999391634,10.108150339944897
9.51468030355352,9.896709704796175,10.30060833581311,9.40377650333836,8.167555074213618,6.794748950963934,3.443661800597776,4.173286096358677,5.7433539196519385,6.47095636132293,8.173639385100971,5.570130241640548,6.366249958807876,7.3642281758531585,7.17456436330971,7.017026776643643,8.641796508688826,9.659851755224015,10.879261793845496,10.546604483101616,10.007167528639942,10.361247761263966
9.065744389080743,10.003452080467383,10.039070769190147,9.178845969143245,7.624837951321738,7.287427184615591,5.167640698395727,3.9537707163010407,5.358016795112988,6.701349154076078,8.561406257247034,9.137080353800435,10.417084261314226,10.026164644811889,7.949706233778695,7.5540794313304716,9.374721566249127,10.419006668119607,11.311720236797566,11.048516244643427,10.201791619028604,8.223439128308243
8.832317791478534,9.451603377693353,9.113603675139716,8.154873397033525,7.771418983867013,7.6951495441831685,5.748934874509924,4.886422739280394,4.484166525427746,3.890276251314291,6.430600553930826,9.12204531240606,9.47320851367424,6.685997860685068,4.352031212215017,8.574200521236584,8.725552924047188,11.006307837269038,11.443866850219523,10.901127642429648,10.018945538490346,5.837200679264305
7.734170337039205,8.459498378976962,7.927883165359365,8.041472349006831,8.747945301130072,9.206363010441123,6.409951608287731,5.110114520556887,4.602923495103495,5.161420225756315,7.967964419911945,7.560857550173251,5.9197128397889935,5.740413712504568,4.651817034363479,5.650042889629829,8.373063074770146,11.432773347862895,7.085659244919798,7.950821501217703,7.41805345417143,5.482783260661705
7.616380934595802,6.4414633227178895,5.264361028658734,5.324027945564317,7.2835076843001705,8.009128550092727,4.368847177728096,5.552418425318898,4.144540053948115,5.4667878434749895,6.398599984372873,6.273178226539126,5.3737239841507325,5.548757406652491,4.885469384545096,5.503359931634639,6.495249404276904,9.461243094013895,5.297517369463014,6.120379389218733,6.886413887534267,5.428963749641093
4.0557194786632085,4.402764834475128,4.580161623022291,3.758407167364327,4.978981538879402,5.7021177346618535,3.8903759795043453,4.345253015913129,4.8063569581654315,4.459987799136064,5.575164392422545,5.243567774109527,5.758707689964974,5.012994549322467,5.477978637569386,6.211346018324059,5.832013288862278,4.852207890183416,6.989086079359015,5.810972803028801,6.103599980975542,4.817754677372606
2.3291581809118007,2.8600655294729416,3.4255852722522215,4.3460027827965435,4.070697637686352,5.085707019234615,4.484709512778483,4.51786085735548,3.933230141027025,3.992018082843633,4.459246758337786,4.465411990101662,4.976183870648012,3.974303795072721,4.776078117331951,5.257800322378552,6.943686423696142,6.418585355820269,6.585994664875159,6.282050085862836,5.302513585143968,7.2132557997405815
