script/wind150m.json
{"header": {"parameterCategory": 2, "parameterNumber": 2, "lo1": 3.000054539987559, "la1": 64.9999836372058, "dx": 0.5, "dy": 0.25, "nx": 34, "ny": 52, "refTime": "2026-01-20T19:00:00.000Z"}, "data":
[rows 0 to 23 of 52, columns 0 to 33 of 34]
-6.659165620663363,-7.160559009230437,-7.834776376783118,-7.96753107626205,-8.460056619344348,-8.898261665234656,-9.144607160032901,-9.275069607407504,-9.725740693310447,-10.035050058978285,-10.29295649943353,-10.044548271488011,-9.88007210618928,-9.797420726373858,-9.33890601623432,-7.1438067071934555,-4.586079125459882,-5.3844393391444125,-10.780527776101884,-3.0003735327117846,-6.4236117914516235,-2.4010995757231557,-8.333607347275379,-6.264943072063979,-4.8938045402567045,-1.445603733196351,0.584715929195737,-1.5702085864446689,-2.3995116426119005,-1.8610480832918703,-1.9450651037681688,-2.4135179858480513,-3.4054991714992586,-2.394479632018239
-6.408671919255517,-6.918088565176851,-7.472680380747488,-7.951859127123644,-7.967226495178091,-7.969743919600932,-8.10831844122963,-8.263120242896202,-8.24280964667569,-8.263980458761509,-8.097020029325902,-8.550396452099198,-8.884497200949598,-9.663350686333038,-10.125562590936287,-8.583371193720806,-8.242903338101355,-6.579916733512836,-16.6707307553609,-11.75438754630004,-12.127567698927924,-8.628090678900895,-3.6549322859092657,-8.1751869440565,-4.388894346885814,-1.5347129109123185,-2.0199966863587986,-2.8179939315122846,-3.930065574622016,-3.0827682222909294,-1.505185909501691,-3.3027653631849527,-2.407052855765915,-5.166536629416611
-5.864424984925578,-6.225231673034002,-6.432774976765978,-6.889641408104244,-7.894783079972158,-7.594384271163948,-7.741740483447693,-8.212386035374845,-7.800954680116313,-7.8593207694492175,-7.081806652601043,-7.848017038457335,-7.742724048106589,-7.834227055612329,-7.331477672280376,-6.3215201192901125,-11.17370133174053,-11.590624668709628,-9.574741976869912,-8.660614200904128,-11.553302672752864,-6.323919608146183,-6.943557367705472,-6.218646225320247,-3.595351833302562,-0.9589911222406474,-3.8617029476483005,-3.2832065638728154,-3.4386257618562213,-5.570122593088456,-3.1402477846955317,-2.677471253147774,-2.3972205344889543,-4.5079269256898185
-5.765977959069209,-6.093331151703625,-6.20834018995268,-6.796942180646563,-7.497744174296645,-8.162351964170078,-8.759798805623884,-8.755404691236656,-9.244408387200673,-8.708703050344518,-8.81106853917674,-8.160902380696806,-7.049801418145654,-5.23345154723336,-6.555018288165666,-10.997806442101794,-7.498293010592088,-8.304388576269293,-9.597376927997491,-6.60540271275176,-11.982023980422554,-8.682978774665251,-9.056729785598135,-4.860402747226842,-2.594777170258801,-2.5115970128466474,-4.244717270221651,-4.3677893106483845,-5.785038677498354,-3.9768101220396535,-3.1551097955004486,-2.4112800402354027,-2.5899662649766224,-2.876562478058673
-4.239201007671057,-4.82484785312541,-5.8843527433855565,-6.539336185562195,-7.144814639108795,-7.677739657373144,-7.711347230817962,-7.928494651191701,-8.402726003177794,-8.78777725644662,-8.340538873576596,-8.515177286992891,-8.308828625990417,-9.489133230249477,-14.300603375840836,-11.99219697884825,-8.576857092195308,-7.437712634171867,-6.4521218871453625,-9.817716041221498,-8.772883167483945,-9.118167461315338,-4.66278195171692,-5.621410903132372,-2.349669252824982,-2.673485275120555,-3.992699299739785,-3.9163814728646664,-5.200566600089038,-4.251134417974118,-2.9294793227049825,-5.453830892117112,-1.41471249899929,-1.9389353280847947
-2.8627342503293587,-2.4436275433809183,-2.715061751179304,-3.8607343267695398,-4.723195827860642,-5.997867638183107,-6.060558407725536,-5.8988161655898095,-5.437524118562925,-6.007358685668248,-6.549977879155313,-7.483971904801013,-8.597637215779313,-8.061556753905789,-9.047622968579692,-9.661631764304527,-4.8353046205963635,-8.297365633922288,-13.891212912371142,-10.243606635157779,-5.946843039360903,-8.153812473625809,-4.937943953164667,-6.713003197450912,-1.8554009297730496,-2.5130312813500044,-2.1288100316445053,-3.735786790892071,-3.451114128187719,-5.040545578761608,-4.325396353153858,-2.694180169931095,-2.567571182600178,-2.4836435771058243
-1.8471075730683455,-1.0969825421950237,-0.41974439298635785,-0.15200118405204527,-1.1441978425757988,-1.4667407058401634,-2.0568976646720865,-1.9277156397504975,-0.8747584509125572,-0.940561726334945,-1.5401505358281895,-1.035798716565835,-3.051458949971581,-9.451442287925804,-11.514337329307418,-5.989281587839185,-7.424368104491012,-12.117132508712325,-13.147059471399388,-8.820859534231593,-7.665443961830427,-5.325767158137359,-6.830205736969782,-4.768677483881088,-4.009734682536012,-2.2376692763490085,-2.3218240962159236,-3.7780931082098297,-3.637206681554483,-4.533565842351061,-4.768130694299986,-3.421418882821348,-3.1226772722650886,-2.981734016378313
-1.8746539270953968,-1.1224060253866184,-0.143789325526948,0.7848171655190506,1.8302959397286762,1.9409327149633926,1.4527892655951549,0.8213622511051296,1.4388852329619104,0.9609307947567239,0.7875979810997846,-0.10221986866292085,-1.957792623068752,-3.9051632960249067,-6.0715910905633566,-3.5610976054987233,-3.202127241016834,-2.3143131490683913,-4.452172695197366,-3.9260866000536723,-8.257037066075423,-3.6771855450368576,-4.2263595053361565,-5.767072056651552,-4.883035334002999,-2.916677820614417,-4.147605562808665,-4.362264765264343,-4.837302005782504,-4.1553237709121404,-5.250009896612535,-3.51450286255489,-3.662117019661373,-6.7870928337176775
-2.715990690741783,-1.9127579925027458,-0.36949827859235695,0.20460634449518508,2.0256154736426155,2.3352318712198272,3.137534104521747,2.905440958624571,3.0561418126329993,0.03715758305403271,-0.4962490834910042,-5.2369225926176775,-4.6908926773273505,-3.853956867918596,-1.6241764539760237,-7.2401382184449545,-7.856987028553821,0.9699591751911357,-10.138760615805431,-7.6371377995653,-6.549289206700001,-3.0253192329620107,-2.750681113435873,-4.045556310296834,-6.194779231038543,-3.8600632978181455,-2.3655114573756832,-2.7146906369783346,-3.1379494079255448,-4.973469114086065,-5.834146761862676,-4.535822545683423,-5.307996887189719,-3.3599526089379896
-3.5879149746137253,-2.3919515790621757,-1.6074479651359643,-0.27721221772001653,0.164382562004518,1.4249127875734726,1.6980007666587118,2.384988461297431,2.032467812069062,-1.5716451256328916,0.7047716239863429,0.45847103375887527,-3.0137166576001437,-0.17397187632713212,-7.770427215290709,-1.3153909005288098,-2.7133262548977393,-5.687962964592048,-10.158413405439909,-6.4227210228915945,-3.877083135421163,-3.9825150644870906,-5.224435533308224,-4.117225668022654,-5.96774449759081,-5.032284801206998,-3.6964066097729034,-4.55466376558302,-4.329960630673719,-3.52267376415122,-7.110776138422132,-8.08205467777854,-6.293787463247164,-4.700439044633251
-4.671335100651623,-3.674466065772691,-2.7176972885609785,-2.026490548043973,-1.1928144773428273,-0.18840972830477742,0.34577599550928945,-1.2230490042743623,-2.4468318890500846,1.7025114132389678,-6.278715776103706,-2.8159652558989055,-1.08872568006397,-0.018508306115207995,-1.7271153348320523,-4.737386100583448,-0.921683178818552,-5.355751034575885,-6.649311485995261,-4.407682447734334,-4.215072264134899,-2.0042162755393993,-6.187812709065375,-2.4384586311471836,-4.993903073698544,-5.617730091343977,-3.7237545607760483,-5.029310995604362,-5.5783709553979035,-3.9357718311913428,-6.538528812958376,-9.33235763818379,-8.601290525508242,-6.318305929599722
-4.8560819395752715,-4.344631706335052,-3.211233612386484,-2.465477293896196,-2.0337639398914473,-1.0376808719012445,-1.7597550037770266,0.6972096698005145,1.5983384641498584,-6.0836073583786145,-4.328989418898642,-4.211872312085761,-2.9521056958866354,-1.7932764930659966,-0.38415010332944854,-0.7121023328003646,-4.504295863801849,-4.778023361364681,-6.863573866279128,-4.165136742306225,-4.5499327988365525,-6.7373342312042,-3.7859083687917217,-4.393955649678489,-2.17916696076789,-4.3607348425125485,-4.256156834586316,-5.025891313528676,-3.5998556574608864,-5.887570699870504,-5.338721187632026,-5.622350499006382,-6.730764319249288,-8.822404764624114
-5.125691375395608,-3.818260421704832,-3.5016723275195587,-2.664404655941177,-1.638973471104089,-0.18183566761603556,0.08189258147303823,-0.06842989156548368,-0.6587941370366065,-8.370027584002429,-7.20887152985547,-6.18443281754371,-1.6715680381293596,0.3919588549014874,-0.7058497878344135,-1.1576248077874103,-4.147932610289973,-2.0618276204134807,-6.39944416719785,-3.3158401115457106,-3.054363193614547,-4.499137004495205,-6.435238841436475,-3.667292676347355,-2.5185212029418387,-5.056464907566957,-4.217997172699434,-5.010515124412757,-4.885183617959016,-7.395473213722811,-7.221343934779999,-6.38524195859724,-6.718193208735751,-6.302559133494023
-5.612325557532603,-4.412648926890799,-3.1738313139537295,-1.636204893920288,0.9822102788044793,-2.237670857718624,-0.6738025231250241,-0.6187405927180039,-6.5812441615861035,-4.012851759065561,-4.180181790437967,-6.960293060669553,-2.3965660195406158,-1.4258239205271293,-1.9261114793082088,-1.5729177033344186,-4.524206413685921,-8.30606030224883,-6.441220867646284,-4.473079935586226,-2.258431569457171,-5.892448325768172,-5.636823593758909,-5.408081700799752,-1.8522747646360107,-2.108794910847558,-3.034839915064134,-4.265613965424887,-5.6322008723033115,-8.374546600779118,-7.6274182871574645,-7.154448209893712,-6.967095199116728,-6.426123215159158
-5.508187846908895,-4.93751424062223,-3.491293540561095,-1.4026668417639372,-0.33239196647017666,-0.9303498354789678,1.3455881389581728,-6.594629858849285,-1.2581001054758796,-1.080643871286859,-3.237993196348154,-5.408582366765393,-1.9461517734800997,-1.3262522380031185,-2.437385360015541,-4.697386276845659,-0.14944072334039554,-1.0058379763257927,-1.7318895476981901,-5.9505264971885135,-3.005603897834781,-3.0504337741721437,-5.105399005095341,-5.365318214617465,-2.143686346074637,-2.7315446560581504,-2.61983590507338,-3.648412299048886,-3.6693836039570393,-4.843210411146844,-3.8660741592492727,-8.111639128326809,-6.825193940662833,-6.501816953539736
-5.352632396115284,-4.701259886998162,-3.4892966892591915,-2.032259747262811,0.12240787421234615,-4.379270358456312,-3.665872035881733,1.6263254750842109,0.11287645423073202,-3.8232093602878257,-6.570813644897636,-5.175042209462204,-0.6737641365743113,-2.1105088176514792,-0.21980727857361637,-3.327436336226238,-4.53173541984816,-6.513830769284464,-6.236665373283492,-4.600892150532624,-5.378937842940949,-3.3579029599326025,-1.3775292772004502,-4.480544122788532,-3.0818855500325406,-3.0359933964277728,-3.7475900653197947,0.16623138079827146,-0.4426848752899766,-2.5938650979740836,-3.4850690321860776,-2.820171470309961,-6.892233172256692,-6.608814364504012
-5.773099265538729,-4.665633889621902,-3.748231267528442,-3.023072844198898,-0.5615346441509405,-0.03693087762362789,-2.9426994133775386,-3.3543269536282683,-0.23086513475744505,-2.0935197844769053,-6.020727456117814,-3.7649420106659455,-0.8590107070183001,-0.7351569139679999,0.37393907347235333,-0.00439947731499017,-6.373173877444635,-1.8637219789964712,-5.436614993385188,-3.406556292288883,-7.105571625174986,-4.476729812754747,-4.576776866230102,-2.850153842153391,-4.433527712048672,-3.873149509374348,-4.586177603594355,-2.6357999330755746,-0.3032961640780344,0.3458302258547028,-1.2587332987870559,-2.282328387107786,-4.2325926884487615,-5.703586520185379
-6.7038482029320425,-4.645007358440804,-3.341527133775354,-3.102309904197354,-1.5321664459881024,-2.4694940714792892,-4.187126058524698,0.03817950371007298,-3.3577790105162895,-3.9588519061920526,0.31010453042422187,-2.9074158300920154,-3.3379017584013995,-0.913969518818999,-2.991603787996012,-3.5354995681840458,-0.5833850249554798,-4.397907335507887,-6.358619244849068,-6.947481115065228,-7.00136118260187,-3.8479336650812384,-4.1040683511655915,-4.718585897352845,-2.610901445054786,-3.510138960162462,-4.40593135759408,-2.419162480812494,-0.6935107040557102,-0.9886150335902621,-2.8785845171201925,-3.1297914060835588,-3.69126687331109,-4.114233096611759
-6.74364445068573,-5.729389785739881,-3.3385257608508137,-3.468575302727942,-2.161818747565744,-0.41759752256772725,-1.4045745928218027,-2.7121564552488158,-6.852432209174146,-3.57911862827342,-1.647138890672448,0.06570468283954818,-1.054964900941217,-3.847418067617283,1.363576555577406,-6.1137593456563275,-3.275645777752456,-4.752919477898972,-1.1863570143632312,-5.73184445863103,-5.055953251791793,-7.463032514460273,-4.385220855638959,-3.603066728030705,-3.429634244839669,-3.162259418818296,-3.860747751921056,-2.82381761385542,-2.9391320424223903,0.1223549889167924,-1.7499181078966466,-0.3649371877798738,-3.2953271514595546,-3.1620823029161023
-6.274811847033614,-6.694342898811322,-4.543590598099528,-2.5812713475722524,-4.1049480585334495,-3.5788035580336537,-1.4712902922089737,0.1685679717435559,-1.8561290405382025,-5.027319918576177,-4.1296953917486885,-1.2033230994894462,1.8904186316905414,-0.18211042991056564,-1.4339475317358805,-3.9610895489421183,-3.8659656105649245,-4.459329945182068,-3.001175010961147,-4.8580586440908355,-4.027974760527919,-4.73814028625926,-6.5014196897718755,-3.702812503558969,-2.845041485627815,-2.831431790745164,-2.772953970651369,-2.896571912879314,-2.3793367003975456,-1.831796771912749,-1.8262940627229507,-0.8569358482425156,-2.664011835064275,-0.9709552500860823
-6.845534289107935,-5.2143228092524465,-5.333252146300235,-2.4198182003497375,-0.17314668227480717,-1.0224470338942429,-0.18596059743710666,0.009937194858422113,-1.7011849795220848,-2.5941263535935035,-1.5634098262332399,-1.234954973338695,-3.040636274767377,-0.8398032083363772,-1.8103457292432612,-4.88551044708559,-4.698487279762141,-5.384035251604237,-5.086125228843943,-6.2921690901527425,-5.036146677309081,-4.874840586638374,-5.900090142579965,-4.3979171164109205,-4.152488513700392,-3.3655115674378524,-2.9395871947188446,-2.000880126813207,-2.354778500403219,-2.5478125439249997,-2.1191852527666204,-1.0861977677421906,0.7586069122567816,-1.654108575047485
-7.858987177115459,-6.364550659583299,-4.982635388380679,-3.417662580253235,-1.133701884750673,-2.4733496223299447,-4.357699629645203,-2.1075719919728715,-3.0308491550078474,0.5173919296441497,-1.2317698231712102,-0.9348831971406816,-0.19513397083679093,-1.2220390280652973,-0.5778962802561839,-1.8273326883491652,-5.998769908941403,-5.009815781323523,-5.670699456915267,-4.714718391628003,-6.422430724896903,-4.866302193920711,-6.4982704655934,-4.412917519170016,-3.235660011881652,-3.331624295120375,-2.8673013406598593,-3.022431154033817,-3.2237316451636953,-3.426625903755127,-2.3092629451845026,-0.9195728006364048,-0.9033570059311739,-3.6767053632412106
-8.987420672272764,-7.452017750703822,-5.580143563580932,-4.145309388706237,-0.39219363713544864,0.593576748466256,-5.6534678990964915,-6.946417453799086,-3.6100634707791763,-0.4370211455797733,-0.7200216041438984,-1.4646226918813483,-2.1059508883285236,-4.499119823384176,-4.2195568362329166,-3.1668284574254186,-6.326964336207686,-5.4165495419745495,-5.107135039734025,-6.193370945711907,-7.080674300858355,-6.237073911096024,-5.307611454250025,-4.942260877120103,-3.6316770794914923,-3.3359486992457725,-3.739239124504406,-2.9147676602756785,-2.466082421995816,-2.1361554784426833,-1.2498750193861656,-1.3530339968571108,-4.55438759449312,-4.9820982265932185
-9.64991299322185,-8.956490029707041,-7.767396978241086,-5.130963882470535,-2.7767452017256384,0.8987572972357337,-3.5994370883169515,-1.6551043732866537,-2.906610458362119,0.33228925445409835,-2.0909224458609406,-3.151691638805944,-2.366376691725033,-3.195833523440578,-6.069010076061576,-4.253202137869162,-4.203873966880204,-6.973840882393781,-5.574079875922862,-7.694022213516965,-6.366355912540129,-4.922789680971027,-3.991307297842064,-3.9088700822802,-3.1904666867601263,-3.4534122666886624,-4.340998252569582,-3.695671230404003,-2.9080270111632167,0.5507153360938103,-2.161283403421888,-2.1641145035662084,-8.42655003028883,-7.133820181562074
