script/wind100m.json
{"header": {"parameterCategory": 2, "parameterNumber": 2, "lo1": 3.000054539987559, "la1": 64.9999836372058, "dx": 0.5, "dy": 0.25, "nx": 34, "ny": 52, "refTime": "2026-01-13T15:00:00.000Z"}, "data":
[rows 0 to 23 of 52, columns 0 to 33 of 34]
4.765234341862028,5.466439864254961,4.730017948176767,5.623220413349661,4.127746791325272,3.5683762637801038,3.72699731402469,2.023650283100229,2.0483202289543816,1.2893021028866898,-3.6760428223328985,-2.850113358214659,-3.203036267914698,-3.5252218232224837,-5.263187157556939,-6.857510064962607,-6.397075379987332,-6.924125925464035,-9.134657425830998,-14.351982162960239,-6.38826939927145,-1.6710410075147126,-9.178482532595046,-7.765554619636757,-5.873535593965621,-3.5296116055353903,-3.579817201120242,-3.0865754672812473,-3.375000154796521,-6.905851564719245,-5.679600896563879,-5.854049471108353,-4.256321983636319,-2.7927622042303986
5.269783485603557,3.8180430694789935,4.656314675855687,4.979793267096493,3.754921612147864,4.617380148575957,5.584874410035435,2.429681945535946,1.5584893168017406,-1.7441811931125593,-3.9696970607417716,-3.4153554630467164,-3.660741419346105,-3.0951472090634313,-5.145279704012217,-7.083360602606243,-8.740022677670183,-8.429090094510368,-13.3710427789827,-8.41438015606555,-14.736931661410676,-8.070567598427019,-3.257441977723333,-8.972129944955618,-4.532481365074269,-4.090060910819302,-4.279519496244062,-4.926295887751183,-3.455234025070306,-3.6684297355551356,-3.635028966040223,-4.802790400941387,-3.2128610618472977,-5.03267578047472
3.338538989362603,5.05617798820698,5.882005168145365,4.947184764897473,3.7458943865631533,5.281836599337528,4.484931328716296,2.1452238059054056,2.2211424883675788,-2.343065577970145,-3.9204824038580357,-4.035613612546729,-4.081068125236099,-4.648533438601596,-3.8906800627479985,-7.05086267054186,-7.797125552242406,-8.410262268058917,-7.1382149378747926,-6.686499470361475,-9.731771909196716,-5.366225137579959,-8.42511802577604,-7.322744861745453,-4.663529559852882,-3.109194653271652,-3.9255943917091747,-3.1304705689970205,-4.603564842894342,-4.370906916533583,-2.7977525500804132,-4.531330407872236,-2.0066100314081154,-6.1608930077868
2.486387107700827,4.396839255288995,3.9028289710766484,4.342257584835077,4.80737458785984,5.837105267235447,4.488797062250361,2.2996476871827634,2.207454259695433,-2.3956595548612327,-4.510181175774064,-6.382303136249798,-5.925020831538361,-6.5325697243315695,-4.766210031931465,-7.474255223607831,-5.865518253727052,-6.821716401689808,-7.871778408001997,-5.451393854075899,-12.866932915294436,-8.925812970229508,-7.259506061319744,-3.393749388353272,-4.298477910050816,-4.889383141385856,-2.5379215355921674,-3.30862729926844,-4.8241649070462795,-5.691672983745611,-3.6254615306131304,-3.4383854551340627,-3.9736435319688423,-7.886699240742252
2.8528510246126126,2.8583754797073424,2.2920211453531576,3.483222037904645,3.799246787305448,3.0693712637601465,2.387599445081562,0.16211232289854574,-0.470058380862243,-3.726660989826509,-4.636738363465782,-7.280011196354068,-8.239004686140868,-7.921618763629501,-11.180364253565227,-10.715234493034558,-4.6594621460077,-3.064642443640357,-7.19045798605111,-6.481831850162603,-9.99297386539284,-5.992075477810557,-5.161295249952416,-4.412861143366655,-2.7878541900123075,-4.8639739685306,-4.758420405719903,-3.5507562507277464,-2.734876116770264,-3.619951168278371,-4.303997628098674,-5.635360255660946,-5.178850596352932,-7.03651479858432
2.1562934960266285,1.1513239401787492,1.602950544033924,3.0388058092943964,3.2465487124731136,1.2253881856557405,0.4653079716369956,-1.5401937138414747,-2.7578288879154953,-3.1670661568809755,-5.1622604064219475,-6.586031096036194,-7.2408340587277955,-9.904512361871227,-5.130014542889192,-4.701093898206418,-1.8505463308416337,-2.233278066044119,-8.712159961146739,-14.252648811091595,-8.203607966193237,-7.542891733895495,-3.22713289271258,-3.306779043810106,-4.394521362147642,-3.0119048575102143,-4.433290942285187,-4.706390770560422,-4.321529120814788,-4.29754821226052,-4.29029507857359,-4.976311958547058,-5.040312813661644,-7.179685247837479
-0.05152441342754062,-0.1148075418771767,0.89228147825156,2.0368486169441344,-0.5565607158830694,-0.3314350757536534,-0.43027616825456744,-2.279201845964301,-3.6677679911352876,-3.6759279702967973,-4.571962402665668,-4.005323614198495,-4.522736145148075,-7.810226356890963,-5.784442780137723,-2.86787210547605,-1.6971097342040156,-11.049489523701547,-4.980003538490575,-6.9638827144168065,-6.2837965691796125,-4.652275876430721,-5.237967559541584,-4.507012835706674,-3.322449894296088,-3.732787301020935,-1.5655867915449566,-3.657176567752196,-2.919611435361962,-2.782225299061372,-3.8088748520581683,-3.2176797663385397,-4.582867026965885,-7.298332503487901
-1.2288021637826947,-1.7124896212808325,-0.5301612378620674,0.15370200086720012,-1.7679325218067223,-1.1060843627969599,-3.661474536197982,-4.0105795750683075,-2.107741636597224,-5.210447078380222,0.038071277910571286,-2.4545028218322513,-1.7074972621851703,-3.0781097482855486,-4.491576053876072,-3.0757743651027387,-4.798124873593246,-2.472690383386329,1.9710948038664013,-1.8479714837086247,-3.820066746482282,-2.5935901072337795,-4.532632275166643,-4.498181560483418,-3.5536104301141966,-4.632637468369124,-3.9705336089060648,-1.1566614846063075,-3.9649637940229585,-2.4970692734952773,-3.148070280430666,-2.097214206964346,-1.4766169849525925,-3.667127468179969
-2.547261810576471,-2.490030213308974,-2.070298049081472,-0.6132459230139089,-1.999653750646967,-1.9682579389412074,-5.757303520660124,-5.07274185925913,-4.040485884693476,0.8422688983693175,-6.8701602202829095,-3.1547885961994746,-1.460722805065987,-5.785548792472964,-3.2032323090122836,-4.385941951731317,-7.375154704315674,3.979271192781191,-7.987602164494133,-5.070193230536549,-2.230834113624409,-1.8826718801372793,-1.0481922178323222,-4.206144836380046,-4.060222321340204,-3.8111077614622966,-2.4017290126529343,-2.2888136301837547,-1.5933906227155137,-1.938172712118323,-2.405985843691361,-1.9116211527309814,-2.746908416777849,-3.0847959222855184
-4.251959427582741,-4.0552413142447605,-4.012686735948091,-3.3582289973381285,-2.111814291260918,0.41235344119704503,-2.931639586503471,-3.3320887740660665,-7.77143652417629,-0.7350697415693022,-3.9631320851079654,0.769720992087806,0.07809553289994219,0.8785679946127517,-4.8758335824719214,-1.8706447403517354,1.0123573943759754,-5.868132486469625,-5.731416896662884,-2.263063060474681,-1.4191799936663496,-1.1790892806356046,-3.427923140133517,-2.9289669094882704,-2.871714538096259,-4.1179954365763685,-2.6019601841940316,-2.5045190405287383,-2.523036710503737,-3.6326945973742713,-1.649061158081928,-3.1011210661852444,-3.714063074248583,-4.319808896557975
-5.4835464875051745,-5.249306427479034,-5.252769460564434,-4.455536092315923,-2.5055279685366347,0.30886589075765863,0.47582986876120625,-3.4266280344104914,-1.1448427189626067,-0.42028469313467026,1.302339169465666,-6.385103380387969,-0.179920156067343,4.756565933172164,0.49822365577744687,-5.406371861359361,2.0055179582867027,-3.4929598513165323,-4.17702424052213,-2.4151718292770883,-1.8534656516728032,-4.009541765298549,-0.19455429257498233,-4.09820479527123,-4.081644656525677,-2.634098853778286,-2.370562305867303,-3.305701833803814,-2.314980163369278,-1.9098363522744835,-2.9570988575117942,-3.6819259789374827,-4.418180316978941,-4.313196418418399
-6.619700444335703,-6.4578321264050444,-5.690144999141992,-5.525369267175435,-2.918322957414162,-3.1570879303597974,-4.396210476956743,-4.806872496181321,-0.3030327701461015,-8.053685368042673,-11.786373038690584,-4.511276516995817,-7.969855578918432,0.628473556634527,1.166195051439183,-0.5799662250795752,-2.3403517203984325,0.3123815830398409,-1.5773235804283587,-3.2894083269908516,-1.2774347611593142,-1.7607891340760036,-3.6865851901354265,-2.124079265302429,-3.559401324206224,-5.208999387278493,-3.050112455327137,-2.078893655841081,-0.5490119626137941,-2.1974627940716775,-3.653044888180874,-3.8279179001969936,-4.347336632087195,-4.496416452156444
-8.157217105034947,-7.6830706042648815,-6.999691665753572,-6.220852023134681,-4.734832904914249,-5.4707016701903415,0.5543456029555411,-0.7216721433631704,-6.861013351135573,-9.068801207184581,-6.94422167208187,-7.23747068119051,-1.6602351511003426,-0.23583523467979337,-4.507096916068532,1.6139337305561563,-3.0672569505394542,-1.8037961404800475,-6.048555456160812,-4.018023206502313,-1.8129630678337887,-1.4082652420806125,-3.177135566784176,-4.63795568087006,-2.907723401024094,-5.349431150717165,-3.0505293934880116,-2.7999435507982025,-0.30723245157321694,-2.118578592618816,-3.948040218425504,-4.050782447537406,-4.050998013530991,-4.515302345488254
-9.329306327406513,-8.673660175931701,-9.053557976975265,-10.010962796769983,-9.436037612064268,-8.656127144195146,-5.378677271969374,0.5276404517602461,-11.63718057079681,-1.7774465750773707,-1.5603566803340787,8.721437640790263,-5.368340421180062,-3.897129405848917,-0.8664933879057541,-1.759928510304752,-2.559418270211513,-2.9719535085635846,-2.30912299119903,-4.106586482256588,-2.7872125667836123,-3.4715868721120366,-2.126616282622084,-2.8763056805384624,-3.304483130280396,-2.463930209073635,-3.1382168181308896,-1.2900699311982342,0.5520597467414725,-2.005980096037321,-3.8970738451205484,-4.180572248266712,-4.119612134681241,-4.342859765879925
-5.328400661701951,-7.962651799750533,-7.882230691754695,-8.569320499731433,-9.787059221647956,-11.321001527387565,-1.6125727872322961,-10.34081432858714,-3.1273156138567284,-1.8120898325993025,-2.71688875256857,2.899956474477493,0.5905701165087,0.1426204763603504,-2.263433009658067,-2.3914113817242373,-0.059851209241062596,-5.116068973773609,-3.766588213131774,-2.815690150791488,-3.600895675962131,-4.7243725132035275,-3.9449160808786687,-3.624104891868794,-2.666263306976879,-4.893776522400982,-3.8273443719156055,-2.39092660044837,-0.3861178915763758,-2.7074312360600787,-4.01631563954712,-4.739058880775929,-5.287971160518356,-5.238451824914685
-1.0314413042990185,-4.980598640914988,-6.737917912116942,-6.443239169936354,-8.240619564585835,-9.12609993476497,-8.02909724644665,2.915462502305188,-2.1868300059186843,-5.796330886417881,-9.696377571855017,-4.0415881655147246,-2.6146258192097753,-0.6626055959851299,-2.6296414926444656,-2.793269724199316,-4.008888599468016,-6.11204958969213,-6.0799676567392,-5.04300949857798,-2.949256736093132,-6.140447233212284,-3.874271577685497,-3.3093895221490386,-2.7607385555978494,-4.39195178489868,-3.3130173337924305,-2.594672763025346,-1.3283092337540547,-3.1959973368610335,-3.955286274461514,-4.404662229458718,-3.560825673716088,-6.121457136285898
-1.4884330211644268,-3.902697563965992,-5.098075446231259,-6.441153190888523,-9.333249212862388,-9.135003892836378,-8.952677688625503,-7.81151651393449,-3.948955296655545,-5.87828723213463,-6.943861406649254,1.0461226448896181,-2.405599138256293,-0.23513990733352733,0.5790424491312263,-1.7857151135846194,-4.827623035526874,-2.0458990648871955,-5.9572157376239,-3.445675318642509,-6.291361690481365,-5.1179059523514505,-5.365514862594918,-4.443707169836746,-4.881586366572662,-4.5961275192021205,-3.531404252152212,-2.808304697556158,-1.789098640606397,-3.7618540629911608,-2.2290188966863727,-2.0993937566866085,-4.135856048382442,-5.510069521109495
-2.555706972963769,-4.402054789153008,-5.4540459748808345,-7.7112465155804255,-7.322616088229799,-4.302609445652949,-7.9085990397769885,2.43565611961836,-5.934985205940995,-5.811581976636638,-3.5485341124777947,-3.144673548949546,-1.865271952810225,-2.766566167527905,-3.531732346068474,-3.2606850848371516,-6.690028437179222,-4.689837470973991,-7.6946212188893135,-7.7835050082694535,-8.559908664606578,-6.440327603995067,-4.18775855593873,-4.793964833392506,-4.9449163920691515,-4.491970577956119,-4.639390769428079,-3.1958992507961907,-2.456712682577036,-1.02269466237171,-1.138774577622754,0.23677673669225452,-5.301994314550582,-5.6225111408724375
-2.5979970308437337,-4.616833067531516,-5.265155937831896,-6.7935391342966565,-6.966878214587604,-9.304375477662186,-6.747282471660231,-6.546189966881847,-13.338443913408454,-3.2124522611126936,-4.192015600023525,-3.9489601739368294,-4.4348767994284595,-1.3458889890353078,-0.3294729602692005,-4.091051957408912,-2.1061451994069413,-4.329147460386044,-1.0441448507217992,-5.668837943180731,-4.992537993722775,-6.735711526991075,-5.8076494205871345,-5.408793156944342,-5.69567880323383,-4.148188049006223,-5.064795285056072,-3.6947136805140532,-4.790877116899774,-2.907235336601431,-2.2940877741894505,-0.18387707849893184,-2.2876446352015205,-6.313899685730573
-4.458010891225417,-6.8246650675541405,-6.636111714364276,-6.424652594438794,-7.481238616352509,-8.36331773792075,-3.2413481515955116,-1.6833819584260452,-5.943889196138264,-5.117078806997726,-5.277079663177484,-4.054654323205776,-1.0855818339725214,-2.2524152003749847,-4.2873288716846325,-5.644905137420703,-2.5632497774968943,-5.295918432225446,-2.981175793869662,-5.2924047269770425,-3.7168112357009027,-7.130543268373781,-6.087302555841676,-5.259747691607864,-5.453380898321566,-4.603660659247986,-4.783365553181178,-5.2524753085096645,-6.1903529548750775,-5.199446494006695,-4.29847616865752,-2.3203006576446974,0.11284186523938956,-4.422486426327181
-6.528156473508037,-6.4243779953944795,-8.09760008301639,-7.5707227396617895,-8.26996487338204,-6.305911847812582,-12.267249231098585,0.9308370829470882,-7.291037223770097,-1.8954617085771182,-3.4097723614369517,-4.2445914293880005,-3.0796043183161217,-0.4213666665818113,-1.2411599457027238,-4.006016171031641,-3.3113409803439042,-4.875613036791096,-4.646208920905359,-5.037587959451185,-3.6374755070123195,-3.9342544765855565,-6.089817834879679,-5.860217295821657,-5.385119293996681,-4.935788453186875,-4.490820669407968,-5.008060606993697,-6.032928498046825,-5.646600831534168,-4.756326605689325,-3.6160437504412686,-1.5668071159336303,-2.894776539665301
-8.912783664641962,-8.815824938183546,-9.11686421675448,-10.365075939664539,-10.02021542232759,-10.762960082962561,-12.995393358632386,-12.98382370021102,-10.402621994439107,-4.2518410528103,-1.2189059812672358,-3.5817584452922997,1.0942830141886413,0.7075339837980583,-0.02049228404656535,-0.7338820343257142,-5.22216981467398,-6.099679874457334,-5.3142226747846735,-4.611696557703626,-5.122888453578557,-5.436687359944901,-7.023426792199839,-5.856152979637876,-5.489995993077283,-5.367683811490186,-4.539606104105468,-6.037499432808386,-7.328869833915303,-6.427236787912323,-4.974007187905972,-3.6179231283241267,-2.4488152510728782,-2.2798864226256583
-8.559950105147392,-7.74820415829023,-9.982206420609337,-13.335464837044485,-11.609348393109615,-9.425299400915582,-15.010105835810654,-5.966752806240357,-8.41605745168274,-12.154165399301872,-1.5975159962065173,-4.369962543943693,-1.4313861564556265,-4.774598793596441,-2.9510933079244563,-3.971583933878723,-5.8052396266093815,-5.696632409625261,-5.076700108196273,-5.697861941433897,-5.760754770408268,-5.5181392706897325,-6.795243934927304,-7.06697444211794,-5.7545909759458995,-6.519762392691525,-6.488280666856871,-6.069847723947695,-5.971106182124286,-6.546123937382556,-5.3952551025984,-3.8364025366590235,-3.948561516965225,-3.4987570472886422
-12.140140833854481,-9.529885030344627,-11.83417430755096,-13.010864501838483,-13.587286333134934,-11.880310525482876,-7.027357377565658,-17.35079597874549,-11.352257342444723,-8.537698680098629,-0.9649770350794563,0.08511803265361208,-0.18846853292892246,-2.781655008430673,-3.2675142957520813,-4.903139675237276,-4.596543250197325,-6.189732048608998,-5.802823914191776,-6.1407731288503085,-5.800370849532205,-8.124087295355029,-7.302132270999697,-6.6743243470053395,-6.482628323084333,-6.7940187942977595,-6.058967531309867,-3.500933348889989,-3.880983399763339,-4.514854624298106,-5.021052571332775,-4.516182277920682,-5.501532409178395,-4.547220601911912
