script/wind50m.json
{"header": {"parameterCategory": 2, "parameterNumber": 3, "lo1": 3.000054539987559, "la1": 64.9999836372058, "dx": 0.5, "dy": 0.25, "nx": 34, "ny": 52, "refTime": "2026-05-08T15:00:00.000Z"}, "data":
[rows 0 to 23 of 52, columns 0 to 33 of 34]
12.385730420377573,13.106030834617146,13.094716354513682,12.032976667847679,10.99903985637035,10.527966130700742,7.403189774089751,6.280331538640786,4.896386865932749,4.2979437867844315,3.736514269402527,3.26641485046344,3.280289361346841,3.245367090688003,2.1930832370060265,2.8732084479399385,4.445265288378302,3.755136281370676,3.8390427904199123,10.827091358276485,5.5069648662250845,3.2156377278179176,2.5847215787222075,6.124709953982363,4.438989787279775,3.1202203270786097,3.7401444018637933,3.988159859487917,3.188237996411803,2.8602924072688514,2.9288738454228023,2.058055825213994,1.9916942632204935,1.2208794536701941
14.201095155032727,13.716505508863357,13.432970780165626,15.408956715266946,14.995690572611544,8.720401566243648,4.427553873358979,3.544963796991878,3.92962089745839,4.112772208053502,3.1656126149821517,1.997698643096494,2.49347769312633,2.1658399035801086,0.9200318404994321,1.0439487704114239,2.3412526330114,4.328455858765187,5.494965500036506,5.531988922331445,5.44492794431003,5.006500893297007,4.81123792270784,3.2126641865177277,1.5531911475309592,2.800702158342651,2.9628098205833373,3.4491431757251916,3.574750466612483,3.431951425229131,2.7085398275604122,2.2112562604455674,1.9463709812412664,2.3305947682626016
15.94772641436276,16.06292319136932,15.064077862836493,15.130862959766711,15.608290984159959,9.86617460604821,5.800765815895526,4.785030215826551,3.3678019664913577,3.075010898681799,2.232304642544128,1.5663079351648468,1.63559105358616,0.4436639470750138,-0.6267847412945865,1.9474876303243953,4.186428948365932,5.215123995904809,4.902728704235727,5.878444324191644,5.659840452813882,5.729553743878112,3.964599784260048,4.614982484625908,4.425703463862748,2.9610156200558433,3.568432823868512,3.654428863719178,3.5106330355671633,3.734362681752401,3.4225346921240845,2.7767214011330146,2.7126686879501416,3.2538429926596732
16.960837829137144,16.803874728237556,16.143336751557648,15.67916028798361,16.634190229766112,8.758093364353728,3.985942326899655,4.504016147704502,3.1808672944133924,2.382398732679259,1.8773910484596388,1.0634517179067573,1.074903957204016,-0.6442581328467777,-1.913619066205338,5.3119150185751,4.200189080606327,5.70978499327861,7.893027796752982,5.0477700345042935,7.959182137403092,5.877811238865218,5.62742273510956,3.3808685006966672,3.826680742831694,3.4236879501048896,3.1789665424006857,3.8718110627430824,3.649923918744898,3.795745215746032,3.3842851276064514,4.25015548147006,4.9326045104417835,4.379519477649676
17.574662274228857,17.4184933978079,16.72111196265917,16.320460691932354,14.727384301549511,9.962778183124845,5.123603193630404,2.347679619669796,2.5539265766928705,1.672510659791377,3.017275735044599,1.6366008570866912,0.16998906177701376,-1.1763320688110643,3.114812593699927,4.619051199920459,3.3553329946772625,3.7968970767780266,6.189316747567408,7.613581289202067,9.399485994044902,7.193647169757643,4.114456270059375,5.363960395859365,4.345148145543866,4.1214585177310505,3.575745590344167,3.6998344508885777,3.9633038185926965,3.522391151442014,3.6927490837234167,4.3509346914279705,4.3840451317957685,4.887247553998744
18.047331028854167,18.08013328046385,17.35223080707129,17.010737682176636,16.52274427867739,9.374466161830687,4.279990743967771,3.4700466626649487,0.7968780772500934,0.007752748152795588,0.6399139593433675,-0.7099606613568668,1.0488343180368735,2.5162774145061593,2.7946976577065867,2.908338974509394,1.547355151062269,3.8985721791698476,8.097289103432162,6.853762417596611,4.823922061917206,5.4051860503114915,5.542992797532434,4.47051916983431,4.1800166942043555,4.36109115479486,3.5595092523715945,3.8048145175025696,4.17020827190747,4.824416879602376,4.921371720264462,5.5151190731802435,5.321579492050728,4.979743014202357
18.633238941249797,18.397501742882877,18.129555023856042,17.728007176419233,18.115587852737857,13.916625044727828,5.648755452583458,2.310039583596717,-0.1452642199762307,-1.2587596425713523,-0.410613540437534,1.43520818395221,0.582300185018089,3.573671527717987,-0.41664486735816614,6.166063217467181,4.889772764463869,7.551115196312101,8.201584211892506,6.512124900810696,4.7797752419488875,4.827422016062071,5.191064673058191,4.582681497627004,4.462972116747504,4.123714910405629,4.152969116725681,4.134570056276932,4.892345511306729,5.458591469722509,5.0447803707383505,6.023648393509633,5.743038778589856,6.068178334092886
18.884764899895178,18.942276390684736,18.540134935851157,18.638156686339073,17.7117085973467,12.88257960533277,4.650068909484939,-0.9999979578805049,-1.8002899527249097,-2.2468967667971644,-2.280589610506193,3.0672983070893616,3.7369868728688944,1.310153803264007,2.166573759128512,7.387435124363144,6.433748339954523,9.477054340603159,8.085929568833231,6.26812168336982,6.805185276264053,4.7149715749086765,4.209919786509305,4.686655872883966,3.8742636060336713,4.435255184634676,4.21237256984845,4.53678719016203,4.993940990507206,5.0194426163984955,6.379522885177682,6.757171726666849,5.610473876596294,5.998844309649431
19.427955060023187,19.41424907432237,19.0539978053074,19.09255032257356,15.080745470408766,11.540932695447841,3.360797304992683,-1.2142955831289992,-2.5386047906663647,-2.590838243142237,1.25589353072309,3.6497872897599817,2.6485740236581004,4.212044786474485,5.734751712191721,6.098844016109335,7.491535434980128,12.051509011272834,8.83525696008507,9.25744798824628,12.764091098269759,9.71381773813962,6.485628363797814,4.852679946119827,4.454491022263104,4.4175880713482485,4.060659417769751,3.59912318455326,5.436374335109531,5.210358970812679,5.8157605739317875,5.652325877404077,7.779447783317536,7.887377004855901
18.773620545361965,19.251582261967872,19.175503707484758,19.444393445102012,13.840200505525756,9.889482098827143,1.891829346965055,-3.3430394271592645,-0.18222314477183116,-0.9346131876080465,-1.8927389548537934,6.641574251899218,6.700223977744052,5.176219329577849,6.515552720571063,13.811171869938613,6.415848156247739,9.267201968220554,8.513284799683408,7.179557319504863,8.39212710353389,4.852192056131707,4.7151727163449495,4.506062084209825,4.077437751507799,4.719048635734697,4.195500863940381,4.889887477801125,4.7577222560570664,5.126783224588851,6.604119994078397,8.100332436359398,9.223052751614658,9.033424977924302
18.86557041610518,18.714371244010664,19.02631800740103,19.61505081841061,13.885595904055837,7.043114103566502,-3.0609411365642445,1.718438630577174,5.420152264448456,2.3385800973232547,7.703434499487916,5.026550098282227,7.641218023999929,9.10261777923032,9.601086967771003,8.225592079664024,7.265545464405286,6.733137511429312,9.7313644936922,6.486909868219579,6.607127736372057,4.5610389584239694,5.881339880259014,4.191873048418815,4.683667383375176,3.874377052770854,3.675641852939873,5.511564302367574,4.605920974284764,6.645507912447061,10.83621824267218,10.675780857900225,10.117643067577825,8.903593535698805
17.79764262495927,19.24345412135193,19.465355969657374,19.48038885151874,13.452847980763977,3.458907637368501,7.7089898923883124,5.044198327032593,6.779242774086978,8.933736840770978,5.4667557899294055,6.7340646753324584,6.933585445428798,7.298579196408309,8.89799271205294,6.3413492200627095,8.422931378201412,12.059158591147144,9.343896544849155,7.070503738305888,6.909384845996183,6.6780809865682915,4.372251438335915,4.990476273122602,4.3676109168336,4.68535626976963,4.60015665341283,4.859043043392405,5.073046842175233,7.6613752021238595,11.383264778323454,10.981381859872922,10.447756970155945,8.533524324506713
17.89397680113814,18.721088631179132,18.997118824131796,19.100891220671635,12.406187249343823,7.213951767417797,6.460883091275653,3.0606938084445963,6.670830037883638,11.374734419119656,8.712311706863757,7.707203433562809,11.386516390896867,11.26375225717041,8.194928905055178,9.318322131456949,6.89992510397397,7.7961147658274434,5.725051841626791,5.242560115644958,6.228924914458412,6.049815785932612,5.263942646796046,4.965681653398871,4.49899751200591,3.882468894385146,4.396900047637283,5.380473511705949,6.673766270109868,10.339775693333067,11.332345516437332,11.595976230286194,10.331688299210153,8.10596666618099
17.665920373178327,18.633494089233672,18.451481229448685,18.78776282852277,10.269039654445846,12.158287026053404,8.37012739444634,7.078149240532793,14.177010887277886,11.527082779175403,12.917777780815644,13.42076121920916,6.469958508601307,3.5680251256086764,7.906881594119633,6.8662547203556645,8.984077361386616,6.108240771895708,7.090021001989035,5.047787278758941,4.7451619065802335,7.057404130382282,4.769037779652301,4.463250606837491,4.336011581319155,5.289752359299725,4.4578460998439144,4.805162756186423,6.389146540685066,9.790214887264069,10.893349165910895,10.463805873132616,9.837862566726132,7.849376039192272
17.62429353755018,18.48618716109247,18.159892191541733,17.440983774403875,10.94965750761483,6.674477373591414,5.752205276573368,13.5290576624913,4.933980062094827,6.028785051183548,6.335335658019651,6.478375889015756,9.30443984836898,7.556352149793239,7.513595650884973,8.85142164501814,6.414585774536908,6.237749078523369,5.850154266720903,5.405263148166766,5.13414719147456,4.292720919910826,5.477319778552345,4.849789847082166,4.494449327232158,3.1595948767666555,4.830900168335251,3.9494285617229177,5.841265073871006,12.128579210938415,10.860905720380751,10.568827110572002,10.07262746881681,7.793714643247793
17.631524071208727,18.03616749647158,17.642783562234737,17.84512762275316,10.426419264463567,6.259837107471861,4.235615297142624,4.710318383145648,3.6575649312287077,5.582575412270821,8.355801288119782,8.297684892466195,7.227321297341208,8.432566954298276,5.300620745946275,7.287032240332657,8.327259484826273,6.034972246231649,4.917198044495361,4.507915718902126,4.477694903149009,3.6979174723830694,2.644107702940339,3.7753615578108,4.142638920705772,4.399168845508942,4.492014901482803,4.932021883901765,5.564271507878666,12.217171070798738,11.163484366639544,10.256385991720197,10.17009954624076,7.901163402496113
17.003711795981655,17.434697831212677,17.56806196642003,17.15990588521324,8.220032084393575,8.455048413446587,8.634291544300158,10.308398299715783,4.900511405696749,11.894181572934032,6.873986882885884,8.32106360326306,4.917459464825853,4.719482570235238,5.135678219665367,4.078687164730554,5.741091032074274,5.3786874975082215,5.079758708590319,3.710115790067664,3.67191692595091,4.3612935283496395,3.8097903249536036,2.4188627576703916,3.4296177679082542,4.231960956669592,5.308581891609075,4.559660178359382,3.8808604022585342,10.993163241718579,11.122328093757776,10.038565936008691,10.062399445535167,8.061638425500414
16.463318044730915,17.177847458748055,16.90037762887965,16.435425290251064,8.075080124356717,4.735230620278099,6.262265163736666,6.108760822589994,9.619663864540899,10.495154447849073,6.113178965239735,6.98022483095701,5.965550676181022,6.08532751988411,5.254940343233208,5.219984231853149,4.599607027674922,4.852393040794212,5.062801265619659,3.667410484771446,3.263192977794085,3.2679319906026154,3.5623322789703646,3.9089903835100555,4.412787237197099,4.302676803399706,4.4970363981152355,4.908271412416966,4.930560297577389,7.6780272827965,11.143759534395063,11.64755417583986,10.606509073793612,8.208842336370779
15.720111638996551,16.377530740929316,16.48511812353599,15.206599005037214,8.757172149842097,5.995190864122306,7.458266204875768,3.9205063894775183,3.031885192330668,9.676119647876977,3.326159638991005,5.805043387072617,4.6974859100996635,6.770457927862228,4.159145123884705,5.006417119499795,5.085895297406533,6.0242617954390365,4.769910408949671,3.557656709811906,3.4300637426537635,3.6536051747702443,3.6180652111281066,3.954288867625613,3.586094028980735,4.6175784710965955,4.9741871343337,4.857440798717486,4.436599894270653,4.024375649190072,5.399808263391195,10.210351759074763,10.228221028875756,8.091182992489745
15.159499187150306,15.721357694031033,15.770035842907136,14.646056081309439,9.009499826147398,4.246025848885174,1.0373256406940234,3.1522476447493575,7.520143006007201,8.94734326201585,8.597551557515674,6.887681086281305,5.15288108567109,7.456530715071397,4.907950885791138,5.782968778999504,6.260342134533975,5.760017534102732,4.04237244598224,2.6988619565454175,3.517960880526095,4.134609305917281,4.60246159917679,3.7290921169764997,3.5676992304955633,4.846805691575796,5.298702379750119,4.659862679492524,4.448862386186864,4.234367722869122,4.690676848636396,3.915530070595095,8.938258702188952,3.8587869514521334
14.813053722377214,15.43838464601564,15.009362967754605,14.180144528403998,13.482852254989984,7.545494604993157,5.554525357604898,5.25304236896546,10.073308495868494,8.97018437087424,7.586036592411097,6.476574046000414,4.951690718675396,6.050434792349356,6.259804049751688,6.283708459283042,6.734832598888582,4.603520005194186,3.2305577459647514,2.650328810848719,3.294880671689093,4.418276807060185,4.690727131055074,3.7658575266880003,3.8431832845470715,4.692478700674077,4.920129069643054,4.684363272342071,4.878074848844072,5.181776028931871,4.535116297768572,4.304497974941881,6.437675166523263,5.549190243382741
14.060054321362282,14.191628644799742,14.666709691501397,13.798538141878527,13.999203702176588,6.303406684088561,1.9601148716379135,2.467143357586496,9.155204015215928,5.085688291847008,7.357740804345222,6.920497810903385,5.754390399329749,5.8725224530733335,4.312822126030701,7.172733336984382,5.102272266938951,3.7139923781033337,2.164353053251389,2.89201021518003,3.5260005202208853,4.3833376273162905,4.3862977755643096,2.496531063308486,4.294175096568675,5.013428887484683,4.678349431925832,5.140726280419271,5.0413557816637065,5.2749784555845665,4.623016538729486,3.7072938417046473,3.936520754985883,3.6493354551857458
13.539797590749105,14.117055764298085,13.745815507234475,12.952409738828786,12.754104290704337,6.7476668010783705,4.327354923110736,3.8659321210326,8.215647817466172,7.240436626111928,4.689719390001505,5.242265882155813,6.687905959181141,5.578161597065556,6.267931117370673,10.562021468558004,3.54459679991315,2.997894900383045,1.2302669493246072,2.1378074584218827,4.366316840501856,4.126077237405938,3.592124503676565,2.9779334093071443,4.014046702123962,5.677599921934642,5.927594283105654,6.50061660746593,4.837718569538106,4.686510099787364,5.030964546696641,3.6177830376012854,3.376986096083496,2.4838146840630655
12.87672361924779,13.42878434838725,12.906837868669088,12.248926219439827,11.835604916442868,7.581596771071067,4.433162787315893,6.795224936852936,10.041772176886708,5.812131870558532,5.892785864099632,5.844092532891671,4.670046260554802,5.002423345685357,5.0774450432505045,5.4993828085875585,2.6594027662360613,1.8024621989771972,-0.3518899999718958,3.6943763805943934,3.6186762892195663,1.237837433388676,0.5955072614161429,3.7800378449817837,4.045793335643128,5.003593087510032,6.369274319500541,5.344451579823354,4.677047265782977,3.9663302693239153,3.500162353855219,2.297012730963431,1.1144217771118081,0.823434282965017
