script/wind10m.json
{"header": {"parameterCategory": 2, "parameterNumber": 3, "lo1": 3.000054539987559, "la1": 64.9999836372058, "dx": 0.5, "dy": 0.25, "nx": 34, "ny": 52, "refTime": "2024-12-16T12:00:00.000Z"}, "data":
[rows 0 to 23 of 52, columns 0 to 33 of 34]
-2.237846929385194,-2.342536425291733,-2.291605400166262,-2.182981313467235,-2.059283623647147,-1.9808125165885488,-1.8631477187714096,-1.4864492427500087,-0.957585976208076,-0.5517215099816004,-0.3923935946198689,-0.20489476337827792,-0.07584044244161799,0.29047821493508774,0.33502915358411883,0.3215013876930773,0.7638369292719995,2.7627238706264197,2.0639852311033833,4.910091392659961,0.5403340814351864,1.093270968729254,-0.775454433641276,1.2136996395696493,2.5725919038357556,0.27702089700985005,1.4423453019562513,1.522780630271132,2.0226993744296555,0.7825872722042574,0.3514308246076181,-0.6291001101681635,-0.2694742267988047,0.2613686911768056
-2.879405281181575,-2.727220272901826,-2.587318119537677,-2.5154459706285173,-2.527641756134029,-2.3711242147985043,-2.043930004638167,-1.7404817687792613,-1.3576613522518377,-0.954290191293605,-0.5899376191992671,-0.19059267391243043,0.05353355700151842,0.18469421145462817,0.5949087336809439,1.1962582351075826,1.3796209390174912,1.5885793453808885,0.4746587579894255,1.2861387018801729,2.148763041722932,2.0701806345782736,0.9416855825539847,0.28355716896457933,-1.1778646886874486,-0.1303679388028811,0.8249780569209553,-0.01005631554686276,1.7888117251797013,1.5776882295545613,0.02276625544943419,0.14928152365488073,-0.10472013291056777,0.42691921170880803
-3.259940013073981,-3.166946809389964,-3.171735449708741,-3.187119492272764,-3.196208670492791,-3.2033221665839715,-2.9755837412527084,-2.6046512341233248,-2.2860449130599516,-2.0587579078302145,-1.7002580519657666,-1.2550476376899418,-0.5518435425202542,-0.3321399046997138,0.3957685041474013,1.0556139497663084,1.0288140248469697,0.18730518861312373,2.0694973187833337,1.1953129740095239,3.049987731728976,2.326611108264491,1.0721454126510797,-0.0325260036519153,0.6955205651995442,-0.6759479063644027,1.0705555628538632,1.1989949705052705,1.3720710765868454,0.988940558770323,1.3925051552333507,1.771292192533194,0.2339785895041987,-0.015272868264763295
-2.7929888526153896,-2.903718567598258,-3.0531945991053657,-2.997298589215018,-2.9353583663177103,-2.7751739177741848,-2.667287460357667,-2.4826768668387964,-2.419626223535051,-2.316700121962269,-2.0089001273621645,-1.7631094505346445,-0.7781212330959681,-0.4794722299415381,0.21160133773995096,-0.34471257615666256,-0.3110916787651801,0.13930084579514712,-0.7342919379433696,2.0475556782588398,2.069973017939164,0.268338428661237,-0.02327579319291451,-0.3730697599044072,0.09454465855059549,-0.8718998719722827,0.5508831061741425,1.2085785014748653,1.7402360704459814,1.4477794207717771,0.3778371464764906,0.6328292659224359,-0.08663044434516298,-1.3773206583731927
-1.9535288954238543,-1.9372235654845724,-2.0578196790561503,-2.0972866619464163,-2.0426935680002547,-2.0640251179979443,-2.1787686107055952,-2.340318755888419,-2.3208840440998193,-2.4097110656933345,-2.297989391602112,-1.8817410645724664,-1.1578534362583062,-0.7892457284141001,-0.18229215245748806,0.06078524290525002,-1.7977370199378822,1.7456467830441795,2.898936450967873,-0.05679561065380299,0.7005824198344383,-1.630238070714258,-1.0260619551808106,0.22860914024119292,-0.5814516152948666,0.32062242001521785,0.5988096650261903,1.2274082661704642,1.2908251854144637,1.523545682914228,0.022854422805280786,0.4713312472371168,0.1517806922257452,-1.2256321685354332
-1.9714928321950895,-1.8724858298814326,-1.746154359438125,-1.4874845292785315,-1.3438724262458144,-1.2945100249913901,-1.382387769765448,-1.5617167645991572,-1.839476844759262,-1.909744443335291,-1.8851033833589177,-1.6012901913396465,-1.2070473234580372,-0.6602567137278541,0.26431536825178303,-0.08632419180024462,1.3124818272337444,0.7061326054788708,0.413605311041245,-1.0982548369459573,-0.5468642794277198,-0.7688484483750812,-0.30658792332302814,-0.9321996396071996,-0.2635257164891038,-0.3843689751355267,-0.5870329262178322,0.2923545770774037,0.9687221166592384,0.6381961258661581,0.4315904502510996,-0.3185440229168728,-1.1047311369769544,-1.2841278518297348
-2.450050716773814,-2.376233123807902,-2.1256732790662554,-1.882713255620898,-1.6205302969543305,-1.5007409189844023,-1.5070810850711522,-1.4643285040408578,-1.1795605284359085,-0.9512116479892777,-0.6245223084313272,-0.19171573832855907,1.1819902063906509,0.2669602773840981,0.03505408423275593,0.23243339472939897,0.00794941381205356,1.4903140697217867,-1.9195630391230476,-1.67170859875083,-0.13848428971810778,-1.2486435127379016,-1.4723094024100567,-0.4827947887571491,-0.9814639879941572,-1.6164379108272426,-0.41546979945638485,-0.4789820279287312,1.1885537312214127,0.40601247763914045,-0.5893472177628539,-0.3908777757544737,-1.2440715534992854,-1.905310051603698
-2.097493424466904,-2.0786090815350318,-1.8483364268980647,-1.7194164987086389,-1.5722860859403283,-1.599532105410172,-1.7558478741282517,-1.4020817461455126,-0.8292832875503187,-0.14487382110284835,1.2099712805200193,-0.44332096918849306,1.444478513501115,0.24912457351472928,0.6813362257531275,1.0017900171983727,1.023243733557777,0.956019140451696,-0.7123429475883228,0.3263599378212011,-1.7896167658096445,-0.586451911146514,-1.655281414296148,-2.3470380884647257,-0.9446721681879806,-1.3219703641292568,-0.6459507697580585,0.3096440207638251,0.21274340959888396,-0.04248119227458887,0.19232841005778467,-1.1882645466996613,-0.6754934572885272,-1.8368827988484122
-1.1977913122310362,-1.240555324982411,-1.3205071420716064,-1.27340835068644,-1.1098083654991933,-0.8520415409221179,-0.8042984130286596,-0.71016707635118,0.1414266563408286,0.08056925892746576,0.4395642627058081,0.24788708764660972,1.246186283259455,-1.0698699381731964,-0.43543163520533285,-0.9916801103121061,-1.1206767086928844,-2.428945801753653,-2.608662062122292,-3.4249286226230518,-4.4800883039021855,-3.1842262875090395,-2.7485537681065177,-1.8072232663068712,-1.087090250770784,-1.6073755952078974,-1.718626113324648,-0.7720853980377372,-0.4701427431170742,-0.9451136628930968,-0.7721441470923578,-1.278760714162179,-2.3369282168870384,-2.942488810712813
-1.7220478407078221,-1.7613377443196285,-1.6463672976036212,-1.3401626824613537,-0.8986384946765608,-0.7483245516855016,-0.33037995732411374,0.29074431776526743,-0.15961018717770284,2.1523518120936402,0.43266724961667685,0.8561429002745536,-1.7683596570488107,-3.0364156245461094,-1.6398050096739198,-3.1132834173835486,-1.0159963494171496,-3.9448167768606877,-3.837755424039196,-1.8582178493963215,-4.721579408261261,-1.8588636646003505,-1.5171435998996528,-0.9129567458231352,-1.739612377765438,-1.3559218523493248,-1.6398582422403016,-1.1802885903212081,-0.6774844960493686,-0.9043364850371289,-0.6531928284924586,-2.5595857608602177,-3.3293765906895496,-3.654338078760622
-2.400380516723762,-2.0701682936292354,-1.7913803184427761,-1.3157529988813952,-0.7196785514795085,0.08501462692906035,0.042387621793506414,0.45702052703664403,1.2247458037742431,0.9555719171241661,-2.9181534021800104,-3.0435798558460836,0.49482368336998606,-0.09511680272685295,-3.740716069653712,-3.750814575276021,-0.5802737983666062,-1.236114627914644,-3.782815413004165,-1.9838038677947776,-2.1523122784161552,-2.3706932095857383,-1.6148068400437785,-1.8464642293095586,-1.4213749626965904,-0.6364263211808158,0.10163302154625985,-0.04898473762101654,-0.1949658080480429,-0.03628795131411281,-0.8713622671517062,-3.674981771412525,-3.481465575733546,-4.158902833233751
-2.831486394885365,-2.4612966753872776,-2.570266795932745,-2.208733638268602,-0.0397112915026093,1.037321721530251,-0.672111491053868,-1.8157854372388726,0.7937967286848044,-5.002303561366303,-1.6066935833143692,-5.884786096637593,-5.718407421199825,-4.854322931941147,-4.0241234754594535,-2.5668331363583143,-2.1730192920075058,-3.7755907784518596,-1.8440412398775226,-2.251264715226623,-1.9085183815573927,-0.96961402692352,-1.586901067859524,-1.1166338592712495,-0.6366278772068984,-0.9969690624588379,-1.0014362721278272,-0.7168435798201406,-0.6741450613531489,-1.0741333947927647,-2.0868927056514157,-3.4853780902160016,-4.432538758168785,-5.105000313057144
-2.177927491298414,-1.4713137415486093,-0.8429235830582388,-0.05319295960837093,1.7169149081860793,0.3558897760714277,0.1180980619435095,0.6760036518907293,-0.8422339257751635,-0.6735949424481027,-0.7424527735794515,-6.11414528470705,-5.389816773296253,-2.642149853727842,-2.7175352712165264,-1.6825693008428653,-1.2518731894595938,-0.6136151009105287,-0.7521526097474655,0.11403414528655673,-0.8529010307960649,-1.5666993835781653,-0.8126142266522133,-1.0484675788409914,-0.77011795930876,-1.348385859591403,-1.1219850892408396,-0.3158243190332315,-0.35868515805361934,-0.7007850485426513,-0.9627121438603542,-1.3834594749189788,-2.6087746879887916,-4.915352425792781
-3.322862479741134,-2.0867917383175407,-2.4533545621121786,-2.3038038026090693,0.7881568799678391,-1.5640992258056703,1.6422396867231863,0.5660980605018785,-5.588224617564992,-2.4517525402185174,-1.3268175223866419,-0.38109203939045166,-0.7242040487584879,-0.9785419344375554,0.6246129365389783,-0.1397547283937374,0.2948664490603871,1.5217325932631611,1.203372500944386,-0.20663275936978842,-0.7225128783153053,0.9766907448258381,-0.17917301215307466,-0.7645807993408622,-1.1316537959420074,-0.4765778830190014,-0.3614752916297083,0.5778513552051054,-0.43810010955934064,-0.2012787073372286,-1.0364812893276731,-1.9504806574593885,-3.4638951143784946,-4.902597534983005
-3.525808566577729,-4.168718832885342,-7.2387330121379465,-1.2468823894144307,-0.7292086112646439,-0.7432575536171743,1.161331390372708,-1.6490894561988048,-4.425289337662166,0.5712777811298648,2.613682499101222,0.4208944604526629,1.8993713481882561,2.0799405347244937,0.05664530340647945,1.6507332519025415,0.7136416038923519,1.0708059308941087,1.5590338981034726,0.08694038626774,0.6720513442337674,-0.45152542888255076,-0.5734101314427348,-0.4324667106073918,-0.4354175672744049,-0.8513090521992873,-0.5712881794793638,-0.5612913339597352,-0.23292748739275584,-1.270881973701555,-1.1109549430692345,-3.281712203533257,-4.334302863271225,-5.705272601583981
-7.1965699902864335,-5.95651508223115,-4.702581136135941,-5.162082146798867,0.3492535651966276,-0.1121994575248834,-4.3199066155683825,-1.1155996768455623,0.5720354123531391,1.2225674146843286,0.9522508185552592,1.7891089690442836,2.6945947561649928,3.094438462710239,-0.07223292087169082,0.7355990727493047,0.9330802725042578,0.43115053306531453,0.5653177863479085,0.39510062503905186,2.1640804805078493,0.8625884096372155,-0.17292274413193157,0.4966249018823501,0.32201609234093725,-0.015042413620358113,0.29185790505327563,-0.12759766495248817,-0.513603320293073,-1.4305231763618649,-1.6623456983452505,-1.6186980647848626,-2.341494986253157,-3.9158422326290308
-0.3387223414045407,-0.21692626306754012,-0.4633809608745788,-0.9590985225948702,-1.2589486193470452,-1.147613698007426,-2.0617030127330795,0.7071264238627557,1.2549962804269845,0.4399409938530036,-0.8293818686460072,1.0258967575738736,2.2039510524624135,0.82700900446734,0.7561492030281801,0.12002437238053401,0.972360184723441,1.3855682409336494,1.0998135904741964,1.6806117036266048,0.9989206247306929,0.7651312529135353,0.4761744814188459,-0.15051253161696115,-0.5235825797814644,-0.3971910292434559,0.09400861523855901,-0.5997579642487039,-0.19147414596421283,-0.8465855042764489,-0.2674210604014084,-1.5099649716784798,-2.6040983659144485,-3.3630665699093494
0.9006366221108668,0.6062666634652077,0.7063767190469028,0.5056519675717338,0.276873681172888,0.28349530576189313,1.8354182297701644,2.2806884859862047,6.114241709870375,2.5935548480800255,1.464700834490512,2.652725725054053,1.2461412201480684,2.5421122218702017,1.2806706074948544,1.1669447181616617,0.983241787781276,0.9823381878009384,0.8905275992050535,0.017211212404253377,0.4022026470224267,0.3399207900876712,-0.20919622115379533,-0.08503199875326353,-0.7051588996147758,-0.6791699450510865,-0.09466726751844728,-0.192672479859908,0.3845769557018749,-0.582599293968348,-1.4094783995943776,-1.6350616372013644,-2.465445913769399,-4.212450126987994
1.0820159898071775,1.067460807105843,1.4379403255340195,1.1748641038892522,0.8122051452265607,-0.15803926927030953,2.547912143717773,0.6452495923063796,-1.527696665141586,4.423653252124276,1.8752841895354502,0.6164884781884137,1.9499129887143274,2.881473145860721,1.2504451143909607,1.7096538181174776,-0.6570305265154548,-0.018247927277581833,0.6972442276056103,0.07908556020291863,0.33808874094419034,0.5803722454182569,0.5693628304662727,0.08189392091783268,0.7307474400380318,0.1810436090788614,-0.1519867168439368,0.05009689996864885,-0.18397557087758257,-0.5895535904837929,-0.8364033397647619,-2.2743414984534556,-3.055900397574475,-4.551983424028469
0.07216686593826507,0.9114565455984714,1.0126955781655702,1.2949624618241888,0.9439869493828514,0.40375656199727367,1.1170763924773635,-1.8507681769911186,-0.5750926822598397,-0.7427476737252082,-0.6812690677622317,0.0651711883789109,0.19413561912452393,3.344043543961029,0.3481534792862755,0.4747979784294204,-0.6215106802660302,-0.5037598327501778,1.220580223352001,0.14584611173721604,1.228813692326786,0.8058957279191786,0.7354358862029652,0.6060342459201961,-0.028723878880790376,0.4612402634127924,0.11534520498703757,0.10485438528899378,-0.26395280260856774,-0.8666115061674511,-0.765230240382823,-0.9403365738959039,-3.500515909686923,-2.394068572703053
0.2426853304354968,1.0287638611642018,1.305824984742981,0.6041566117921426,0.5742856168686981,-0.20450813274563284,0.9461532087023814,1.229758469040638,0.9038607688718718,-0.13894564431871623,-0.3078508738097278,2.2082528013650737,2.175150552925034,1.7644004033049439,2.450657369692577,-0.24199396351793617,1.261604141552173,1.1508903568817748,1.1688817519865113,2.0328829582130834,0.9419039661162646,1.6871156762188433,1.0655148842123092,1.0285999145943467,0.9785459671772162,0.17614341897546232,0.4205517862952037,-0.19063389908620176,-0.07102133676993844,-0.9520352514327517,-0.846823568330477,-0.725565296785561,-3.122105369281787,-3.853329531636391
2.2362697192806182,0.3671263846403238,0.4467806306103965,0.4024889861516754,1.1572341610362746,0.5718643227788649,0.41598732686032797,2.3140066973714997,1.2050287446795447,1.0796343932747308,2.1292818865418384,1.6678278429876476,1.3060583338708929,1.3871707848932902,0.9661742549039738,1.9583535026640424,1.0905830615278098,2.023399409652397,2.056856734627079,1.5164521908212256,1.655982819233499,1.5356704674555655,1.6972275442311038,1.1788419930030425,1.0854266233046443,0.914654129445558,0.6526745921247948,0.6722470648647187,1.0419729409450884,1.1548961891464977,0.4571922257758109,0.1323629360967295,-0.6583459467600036,-3.0744032209520706
0.9441417740745124,1.3126014770182144,0.9075090435449288,-0.18660933040775574,-0.2431553478207602,-0.49489963688098776,-0.5034903724050755,1.6681737468777986,0.18788174906488422,0.2377702711029219,0.9949514895859234,0.36506758076795554,0.3546026767074029,2.062308618684329,0.45072381858085175,0.7782865907876835,1.185295747635006,1.666267622291103,2.0186331835668834,2.2797023116193107,1.1593805752369648,1.3389550553316525,1.4208570705696835,1.2452089546737533,1.4962869500416156,1.455948750726099,1.4664683397456757,1.5604171056119829,0.6805915661660511,0.37077518670493004,0.006722626199793277,-0.4277675243028467,-0.9706114738093301,-2.0685422773175097
0.6805218933632154,0.7703750572884367,1.0710951173777947,-0.19721850847104522,-0.08379880120510484,-0.08681732873178317,-0.06922940998542576,-0.9396888706137909,2.6423134172135243,-1.4366839113882304,2.2307855721682244,3.658016992263147,1.209122024977176,0.33370969111232374,-0.3932553711922066,1.1422289402547017,0.7385624691583095,1.1313908579433507,1.582518581449954,1.3940438042996546,1.9489935766740283,1.6500173158686118,0.688909604391604,0.857106357192248,1.1591666623803936,1.3877615709612374,2.6217010792441084,0.7522112010129713,0.32838120460080117,0.06181161143556809,-0.5111011311696838,-0.8340808950350036,-3.1231697571894217,-3.8007111595602256
