script/wind10m.json
{"header": {"parameterCategory": 2, "parameterNumber": 2, "lo1": 3.000054539987559, "la1": 64.9999836372058, "dx": 0.5, "dy": 0.25, "nx": 34, "ny": 52, "refTime": "2025-02-03T19:00:00.000Z"}, "data":
[rows 0 to 23 of 52, columns 0 to 33 of 34]
0.08910356221878817,0.9419564895912279,0.9814356231862459,0.6631966343623648,0.10157506108074953,-0.2336728455061748,-1.0909540107644675,-3.5689353731883338,-5.139183587689417,-5.6676466072355,-5.223692657319614,-6.993510652203045,-8.646314880205484,-9.878898813142957,-10.089701550801761,-9.326821248304329,-6.558444947319639,-7.43847995888333,-5.889877874868751,-13.492136218884177,-4.205606052590069,-1.591162592895667,-6.0808855123956045,-6.534965985471926,-2.6889644282498275,-1.5376885800707385,-0.7260036296865818,-2.150061478351731,-1.3545001408250614,-1.1254755365470115,-1.6429110003354879,-1.6125288087377925,-2.1424204790469337,-0.04309656561267738
-0.20652800455740847,0.3435589282633656,1.2638089850171783,1.154911941014631,0.8098208558241549,0.19187468705392066,-0.9989993625541864,-4.014102556613174,-4.96185878198096,-6.039052305326954,-5.6896194243176526,-6.263522542852614,-7.17931270113493,-9.236776870695742,-9.987477125439916,-10.508453491163381,-10.677383294406487,-5.110149634889024,-12.171265097677177,-7.015901381757903,-8.733137576613249,-4.704648217383575,-0.9644261094882935,-5.819009071021885,-1.9600634849376697,-1.6959343098166906,-1.2393682535378172,-1.997117620876131,-2.1288645331694602,-1.3620837464715712,-1.029601572445052,-1.3626364892846659,-0.9121172377400217,-1.4536401438515933
-0.39919550622584454,0.7132101604213369,1.4036146846016684,1.5822013074760028,1.7728921207330348,0.8816838003251214,-0.3469547700661351,-3.970562333466146,-4.833470345820192,-7.542454568363637,-6.76627906146589,-6.246076183344192,-6.481688482739803,-7.446293079112421,-9.192255750105305,-10.151582019683222,-6.364101174105151,-5.001487498830456,-5.612017873513438,-4.88817216462083,-7.63084074747571,-2.748678800034635,-5.3164838299002275,-3.32424935346668,-2.813412320182718,-1.2567799667560908,-1.507926219608365,-0.8545991275594643,-1.3550771416134313,-1.9628196715190434,-1.751854999956176,-1.115830136962985,-1.0303198548757273,-1.2389790434483505
-0.9420934482150884,0.5176262265956345,1.9758825896515935,1.9564043715175894,2.625306452409585,1.7247406262220786,-0.6480730527913847,-4.2464565043110465,-6.699112895123663,-7.7391071532591384,-8.05590501633498,-6.864041512970555,-6.803290732407059,-6.862878737037739,-8.358281206956562,-6.81285400169156,-4.021444915258554,-4.153984474049639,-9.509641251264872,-2.680462055330724,-9.891306720538367,-5.616038108615077,-6.275516186182112,-2.708261433633578,-2.363578232475862,-2.523111439619919,-1.5430590241543514,-0.48676249064709065,-2.736767369245188,-0.887877134909804,-1.1892637902179712,-0.9680833845240782,-1.0270949577103632,-0.8894376751737053
-0.6321250640212422,0.3988527197020642,1.7802423612486014,2.745146991554979,3.461166989406737,2.2444504093094038,-0.732727733893299,-5.060427517085859,-6.8894199179041715,-7.1338512726951615,-8.467461437879873,-7.819533879460239,-6.760554378944983,-7.908194944623933,-6.589220064087279,-9.053808269033182,-4.131807113557888,-4.570315504256064,-5.015361669799657,-7.908649485323324,-8.151725991164103,-6.326105475971778,-1.9646702899303088,-3.8402196695851183,-2.2782561205953122,-2.652469087382807,-2.215854050650961,-1.5661698737386645,-1.859250891866382,-1.5459847241378455,-1.3929390341153307,-2.0597265970558216,0.023018909839595793,-0.17463475764572853
-0.41968489872568143,0.6513316537889153,1.7831024058979452,2.8478155605868425,3.8369699513503783,2.9375147671673245,-1.5266753048108057,-5.344862051707002,-7.243787741369444,-7.6058399730400295,-8.339615237780317,-6.258364326776631,-7.943076905808315,-7.1507527156064805,-3.4482968617900713,-3.2437267768744262,-2.1630794961985242,-5.0646171004685545,-9.280150749065616,-10.370747524301107,-2.9371645529777712,-5.107486815627144,-2.6606742853984384,-2.68825601175751,-2.45027926077625,-2.642625452731823,-2.486910016651305,-1.6393672306362292,-0.24431435452423525,-1.9702313640359599,-1.803109879956966,-0.5457070412354723,0.2835150635898651,-0.008244335822914338
0.3719132870446681,1.6659049156512173,2.1697253917957458,2.9184717014919173,4.157869471435555,3.464801190988247,-1.8656938583700349,-6.425954587472834,-7.183693226311528,-7.425484405633236,-6.574272604770484,-4.058203957219893,-5.388773296704988,-4.432159287461238,-6.239572963598017,-5.402404806541976,-1.128229779475909,-7.078463276412844,-8.481103511330593,-4.044265012018564,-3.976268023523499,-2.482687722766461,-3.3951029741440357,-3.0118290671290464,-2.618923779114001,-1.813186040630762,-2.3116641493884638,-1.3675940946685528,-0.9087722472866869,-1.8786411045730753,-1.3778966716084757,-0.9965932206028356,-0.43698281708446135,-0.007277055102492802
0.5529333758718461,1.7579539785040421,2.517290238897815,3.2265647234886123,4.088703527885122,3.4649039489379883,-2.6786558197586814,-5.817023462339136,-6.955493293412521,-7.196035836276374,-5.651935369188633,-1.3443597879567106,1.6308800408714075,-2.156975538062728,-1.8862124883315974,-0.9013753554621742,-1.468979803949809,-1.3817662089707883,-1.4860703302553848,-0.5151233956611554,-3.4497037056353594,-2.95384772815404,-2.810009383646435,-3.9939622153509076,-2.059290383674888,-2.4385352787263406,-2.600497686202342,-2.316876380423034,-0.3260144979325009,0.3371337501190065,-1.0929675571742288,-0.5797010156126625,-0.3539217170156044,-1.7514738434841335
0.4915970059553648,1.3661575645586883,2.6682792520357803,3.5554871075837284,3.995377075648786,3.316466596264087,-3.2468632939509035,-3.325877000870165,-4.811923569104745,-1.6016298208008979,-0.9574377576323067,-2.720158314530772,-2.830045714998656,-4.818934554377373,-1.920531322753291,-3.140039393190378,-6.968574015483506,0.8267368802663423,-6.429604060413322,-5.720712504821938,-1.2817272971706786,-0.6722402503500323,-0.9005456432120174,-2.608379065553965,-2.4309877154284814,-2.5719666065664013,-1.6815914249710255,-1.30188275617692,0.3779560144783804,0.3778845285617609,-1.3844657265870484,-1.012478782342186,-1.5618682313018637,-3.4904360831919163
-0.09048755095210433,0.4108540312289905,1.7362074243187948,3.0959491325725503,3.7299890635505992,3.420172447803043,-1.771215052842417,-1.5428547044046617,-2.572609031344472,-0.5714598068616659,-0.8925231566980568,0.09061161185102483,-0.7957819439821099,1.9230573768147,-3.860550053736894,-2.661138845491596,-0.5346506948820295,-5.903111387088979,-6.062812015167847,-2.182335594165973,-1.4245450430718853,-1.2884092354205576,-2.1617851168155133,-1.799233721194237,-1.9270961478565796,-2.6540587533219715,-1.8001224004718757,-1.8644208289663247,-1.7601363644617425,-1.1630648859184478,-0.04290963744195625,-3.2460359227823177,-3.1097651865681213,-5.188193169497982
0.15545544993278257,-0.03724285985551425,0.6080746277192701,2.309724961499097,3.1729801363758012,3.3595768382267726,0.7561184077504586,-0.4751231092237747,2.8065744466663296,1.0643882625741279,2.6831908790251995,-3.68522749773241,1.4028466781610907,7.34921967433616,0.899826637833362,-3.8259362252353317,0.6774215538781433,-1.8609514052443017,-4.082373998084768,-1.4164142650411873,-1.250330176501351,-1.6868126205907317,-0.8917562357707928,-2.16896062358101,-2.5165985730818687,-1.8291235933531327,-2.3240266029174186,-2.5478165100193326,0.2439525066402846,-2.4116518214460516,-4.016781977664097,-3.6845767781745176,-3.837196354356145,-4.594537833790434
0.21076232180394638,-0.7882853488813721,-0.37902003633750214,0.9722061651412943,2.6736926043655407,-0.5836239952025478,-3.762700371268888,-3.848509324074958,-1.9290528180509592,-5.6719417676840935,-1.309013301877696,-1.4254992593416356,-5.809409282099963,1.6597584267531347,-2.2438827964101016,-0.6459489303730018,-2.9123311653348596,-1.562478722349395,-0.40181564378417195,-2.4167760103886167,-0.5802688159150663,-0.9187914187636276,-0.8058902351882357,-1.0503423083794021,-1.3477150186085334,-2.2245811917843996,-1.5725129872555128,-1.4428312829423895,0.3148226637887765,-1.5527897013940886,-4.747914250970821,-3.3669526611209304,-3.9020500234288025,-3.550072562945176
0.30698796897788055,-0.994703407254924,-0.8649383803629859,-1.2137004548492667,0.8328478342449251,-0.7083772997600692,1.4821386163025927,0.12137725913970147,-2.712739781493998,-1.0072079219519372,1.5572635235588816,-3.827893620552449,1.5870177264498153,0.9274145083748185,-2.0629463901033946,3.7097775824214243,-2.0240579002611465,-0.29210755221412493,-3.028931217569192,-1.046271084814384,-0.2554043604439085,-0.6626295906024692,-1.4865434227477228,-1.5188006610913394,-1.5633659576808603,-2.9486476653280973,-1.7229417979613106,-2.0273164206623906,0.15421129276207507,-4.60143510343895,-4.301063594271798,-3.266271904035822,-3.0908936935096816,-2.524583106195263
0.013486174784894799,-0.9165513220477521,-1.5061503227755961,-1.960196756903491,-0.29055043289160326,-4.064222705110524,7.412089360827768,0.5363160425260864,-5.710147950284009,2.0463736063632054,3.308173479886342,6.378963687473399,-0.08593949909414432,-0.9785073484927486,-0.9291443985251152,-1.1026538600679274,-1.1596351741789055,-1.8284111809550982,-0.6012321381414502,-1.2011170617672686,-1.8608297415865733,-1.006712010118369,-0.9345184019833896,-0.9946875957307921,-1.2696424418419192,-1.6300041813748547,-2.216155115210812,-1.450694398865513,0.4138805515532171,-3.6897908646020934,-3.982681210198561,-3.5496205336034197,-2.1879653455268526,-1.6682735432522704
-0.3236534486410139,-0.9440055872537154,-1.6910728442307303,-2.0627055844449473,-1.4247278219288215,-2.269600780252152,-0.47583406505486875,-0.030905228873916567,-3.92257050340435,3.0583308881345412,-1.9624989537423803,3.5665006278886127,3.714536227626372,1.0079050346645728,-1.503275971555855,1.4775820457608144,1.2725297065577075,-1.4932755823747605,-0.5849374705172893,-1.2086892293024185,-0.7029137171813546,-1.8138348255935735,-1.0233546404509242,-1.111201123134226,-0.6630878724220115,-2.702262188690428,-1.694583914991981,-1.5779088370695231,0.32508864572843804,-3.4012000524698296,-3.668081176800938,-3.1201236840623143,-1.6161457977875309,-0.8199545732105866
0.006965929079043014,-1.0769942026226131,-1.6201410449693687,-2.1815860468793775,-1.4402009221342567,-2.4188586320008962,-2.2141158970165717,1.721491529879951,-0.41767658601997115,-0.37355960666275345,-1.1579791650213906,3.655179437779446,-1.5831877952329234,2.7963362006157007,-1.01938819076792,1.0210214417402692,1.6293138852820692,-1.636971020434724,-1.5334574011017934,-0.6399076720560009,0.5800998201937463,-1.643874936760392,-0.04513332624211707,-0.9052339791091104,-0.5652323004403931,-1.4475257563339459,-2.0895611671749577,-1.1536851851555185,-0.38751708481018016,-3.261617067042668,-3.2743016139987677,-2.6437498477228667,-1.0887482701904019,-0.0544892070656299
0.018171350676618344,-1.1424815334169995,-1.584441274321951,-2.692872746860632,-2.411199560877068,-1.6795484485031895,-0.618677975837174,0.11391268250124692,3.003335474937429,0.6070702666294896,4.558605856721188,7.5975892343188205,0.28926181615392804,0.8935974520713256,0.6369215418797785,-1.062335510919553,-0.5623147723491939,0.574749455841121,-1.1367695514287117,0.4002134129029279,-0.5230630875260779,-1.3131289097481689,-1.0684040374682962,-1.5705034304520566,-1.4695121757144145,-1.056616238408611,-1.3090021733755652,-1.2059752369402605,-0.15115522621135877,-2.8418593922515476,-2.407058357174181,-1.8190601830737239,-0.8358052019037349,0.5525883106595408
-0.516606139488562,-1.3756459286806966,-1.3745442773382315,-3.1248368727522546,-1.971532935487766,-1.6883647624364508,-0.971444072780085,0.7184054170131995,3.479618143183639,8.154915157599794,1.4041814239697707,0.692531911339776,-0.24372223179114177,0.9191242569986015,-0.10344527841340671,-0.7029319377510809,-2.8016645359384795,0.07267153849416938,-0.4949858877770112,-1.7454722069108117,-0.559165039987396,-1.4168915823285304,-1.0935819813464422,-0.04184192387979093,-1.8191674418919848,-1.3080891703110298,-1.8101304301084211,-0.9231364928604651,-0.27734355831331203,-2.2478958927016093,-1.5817075216009138,-1.098988328991592,-0.1325080528673901,0.7081226633156109
-0.8276336215374516,-1.4641213626805258,-1.4096128826982646,-3.2340203971681127,-3.17176685048882,-1.432125491523621,3.9607138486759754,-0.16282867130257928,-5.131713108625424,4.280142182484498,3.7148776362888505,-1.4450574820445503,0.16289915348803716,-0.015582259811345095,-0.866560753876887,0.8553396696380116,-0.5475702469819378,-0.7463844932742821,-0.41672191917968093,0.09345611527311307,-0.20475572415101176,-0.4559512421151983,-1.3048016365093502,-1.5595331674699708,-0.9125981866392727,-1.6157609019621753,-1.258399557296638,-0.8762481018127811,-0.6806720824903403,0.6217655732332807,0.059832230168352436,-0.09801241190054831,0.40078791412514275,0.6332801938709115
-0.4139869677736659,-0.880173382372921,-1.5253584482446394,-3.4573044514064373,-2.0191263395925643,-1.1686112577300822,1.6716657907974146,1.613695838522953,3.734948004277404,1.4132522584505398,4.9265660290475335,3.4892295867730745,-2.4000046542866458,5.762621474803293,-1.1561726613754069,-0.18858398357716247,0.45968211767344075,-1.1647861433621722,-0.103317612268289,-0.27064335972152254,0.0646804791320519,-1.4639302717379061,-1.0740412244494473,-0.5654537053997686,-0.9134685336121737,-0.9154798714273088,-1.362135401114704,-0.33081893714276656,-0.894473325816463,-0.1676073453043487,1.8024399897147556,1.1299723918597053,1.0489499155624682,0.3415291150874259
0.8050234509608291,-0.06849891231203899,-1.8222558802631035,-3.557265438461198,-2.9593566080619915,-1.7602180620857515,-3.629306838501365,0.29817523174242955,3.3541236052880987,-0.3463677617279923,0.8887848087008858,3.264149978604035,2.195757404952038,0.26958666580983953,1.3105135739460074,0.2508432921370305,-0.16502352703983156,-0.09750801905160777,-0.28083066175447685,-0.39144134417715726,-0.6184737257577123,-0.22697130321356992,-0.6960998709391233,-1.0337894865791812,-0.005708426555384964,-0.6829984719747769,-0.9201589557952149,-0.11237853371264307,-0.4643135300660356,0.3454545329233667,1.2691307108796146,1.3395370891429574,1.9048451527080592,0.719842916357463
1.287836375039445,0.6819896422862021,-1.7594418024149396,-3.1398943259630565,-3.875634350648781,-1.6898456677768146,-2.8733993143170853,-0.8636746287506597,0.24975043876844807,-0.9982457058808882,-0.020727736153757836,3.488940479734591,-0.2857526857315541,0.34536864524976985,-2.3636533172582967,0.1341448390224786,0.9939799469117068,0.443772797072789,-0.013209520544211949,-0.8961899961889129,-0.5469168008520262,-1.56932257521983,-0.6130892748132954,-0.9911273805696165,-0.9159621195367701,-0.5681635261688004,-1.0925219040013205,-0.5495872552595232,-0.03887671944342317,-0.1375948400487453,0.7730604930874478,1.3157924205743,1.508364399468844,1.6268690297102493
2.1225540957390856,0.951308881958189,-1.5713205340496772,-3.2960474019112818,-2.6028492140973047,-2.505799835612082,-1.9657343418710658,2.4330805157901483,1.9115598623965362,1.0795443040364134,-0.9024690327062542,-0.3046004721150215,1.210962448281486,1.2764198602548178,1.3660629280209529,0.8792498507969917,0.8434677208094283,0.11826295731078688,0.3490698098147026,0.8550088975826778,-0.02090204238637098,-0.8034833073787965,-0.6945703119185357,-0.5480814287614103,-1.0174048469070003,-1.1424714726148615,-1.8789834978991449,-1.7135080163994116,0.14017041027237231,-0.3033810568693348,0.7118040848203546,1.3951994216657917,2.796660190846996,2.596411880480895
2.4901453057532095,1.187531695944057,-1.6007986164718608,-2.751952881301196,-2.6860493398970156,-3.065818055874109,-0.9392282235982132,-4.834943140641643,-0.12290850637903081,-2.5819668546154784,1.514447771462202,0.7968082748555293,1.1239103601755207,0.18084865987899224,1.0140478416787275,1.5381261328180462,-0.06277333665887443,0.4569682428443231,0.013617578917367411,0.6225682598232878,0.9038483726355364,2.3889459243265425,-1.6969548411672306,-0.5075164865496713,-1.21090539741387,-0.8794135605211741,-1.8609583581086833,-1.2119481294351178,0.01610817119315164,0.29151202362930734,0.8612899371908808,1.5315329988708524,2.1656796077594587,3.200543095660015
