script/wind150m.json
{"header": {"parameterCategory": 2, "parameterNumber": 3, "lo1": 3.000054539987559, "la1": 64.9999836372058, "dx": 0.5, "dy": 0.25, "nx": 34, "ny": 52, "refTime": "2025-12-12T06:00:00.000Z"}, "data":
[rows 0 to 23 of 52, columns 0 to 33 of 34]
9.753406573659555,9.583603783776386,9.429604325064487,8.91362252698144,8.346383026608683,7.53484205417534,6.40834260625099,4.985235069730796,4.490438396739876,3.4987262714720013,4.034632346423858,6.488860074868689,8.664592119071784,9.46940760733696,10.379754265292283,9.696720941844163,7.592247087732426,8.607107281911938,9.270960128750902,18.534587841932215,7.595998466834978,2.4809454931223085,3.830703030497727,5.336018104097795,3.6854736798189762,-2.001177207821555,0.31800790550771474,1.912214464900112,-0.8347346528586802,-0.45578926501124817,-1.2698054444234326,-3.7588197020188985,-4.756731156598979,-4.080011418346386
11.386842981980484,9.190755258713935,9.651008766718078,9.261964695419637,8.805262516172537,8.467167059558555,8.093858740977598,6.5487984444750165,5.301993350063779,4.02206666586767,3.963190886552701,3.866674534189205,7.590636686593559,7.379778760992306,8.278438518885032,8.45570729178069,7.36685255989216,9.388424522897058,13.953521887499484,2.7264657588236965,8.030796571117016,4.650920804341473,2.717556843072116,5.644149602017689,1.3744175785800903,0.4459192960496762,0.27893451665252766,0.20400146450027998,0.1606209489577941,-0.6624875704710169,-1.8935643722374123,-2.772447971192481,-4.092396431369837,-5.689420320125064
11.80522007888191,11.632076160614524,11.158474674634656,9.49523845877273,8.738609788373553,8.890797642462235,8.176036347722796,7.672320898255677,7.093242862865703,5.673403505112426,3.839882928335469,3.199493904198328,6.749847082599047,8.061318127193324,8.021468580518746,8.719141346939756,8.832238223488135,4.5710371685975035,-1.4144463220564703,6.962350137525532,2.8656985235559334,2.257123482877659,4.806714595288927,4.359395457748837,0.8377848846283292,0.05906066542428168,0.22792914466746483,-0.2841243010278922,-0.13733086678867887,-1.412858752531426,-2.6986309998964004,-3.761739394599685,-4.170027886091172,-4.722774311534735
11.016920536900853,11.99865561962594,12.181942305722439,11.591481479347333,10.364373569795477,10.217910371770344,8.587564839711908,7.810638531588504,7.17440077220089,5.959040775851184,4.308770823479066,2.634645379089732,5.91645894148051,8.87254385723987,7.865746506390754,8.88571528395761,3.235031115114564,4.928189211234837,6.4482864528546635,7.041651157050829,13.608495093299117,7.75437826268448,6.467082472791361,1.9851081370335424,1.5080006583556373,0.4966882236734478,0.014610984104626126,-0.3970878390441979,-0.3119050840349098,-1.1271371907882601,-3.183591843513061,-3.596038387290556,-5.709787830284216,-6.094190416732423
11.143727520389508,11.159156460395929,10.46291928339317,11.08344737420202,11.314685790163548,9.715108393542346,9.876617111306219,8.149193315574035,6.848940041828877,5.93420626701361,5.0574604331106645,3.38336511822933,2.669416202812438,7.037527518145673,6.757819067447985,6.318839645067673,1.3923348820002037,2.254268614541536,1.3800122166242228,7.090887301856899,14.351497916403904,6.582411071075738,4.059485623838842,2.773894088792813,1.1052218137452468,0.763734940848698,-0.008940691947458921,-0.04433884606356151,-1.2542973443044036,-0.9503454337552317,-2.515813187619379,-4.2415281192128065,-5.097332574944444,-6.650103049764329
10.357997137235136,10.240204058188642,11.741728080827551,11.796987274017326,12.605878295720878,10.568590583837523,9.77878368059135,9.002260126983769,7.177911820180738,5.017798688348643,3.4955808822793397,4.126473765543105,3.234991208389207,5.5889716680230555,2.591234554848671,-2.412575538943574,-5.376512702939295,3.2539060228626844,6.024632598732324,9.541842938820327,4.64546281387684,3.3167999840591427,2.379397126108568,1.2859456516813357,0.7019964058186577,1.0113919676299847,0.7747620513310319,0.36301433703522473,-0.6588544250787269,-1.7447662553576446,-2.971522170292515,-3.7529445543640785,-4.234070919526636,-6.628161952387935
10.52631633994412,10.889689499013597,10.457606594404329,11.081690033826353,11.699120470537387,11.4590661857382,10.237729170869532,10.047269028850295,7.082606527762269,4.670385675468982,3.6852459361639927,2.508107812356635,2.904285816436882,2.7391649038064054,2.3702208414579085,-4.3490190029834785,1.1750137628887833,6.373938546784697,3.25434925603476,3.881700924243988,5.19495164310306,2.5465424344480523,2.126138922314528,2.022907843167337,2.439446086118659,1.4949998646527805,0.9721374049601809,0.30956393534273896,-0.9281157249396916,-1.3524607097383068,-2.3682786797491344,-3.9761584764677727,-6.1237724583704685,-6.3501578331385025
9.523887551764407,10.54583022017404,12.223317384526919,11.347437193700094,12.45576376830078,13.156664924982186,11.74846006274559,7.258802622852961,5.171624546980368,3.7175180860814785,3.1881274619749265,3.4049090184428765,4.320615951253188,0.21715454807396478,1.7315294499034546,4.620930815585029,3.7814044167725713,2.9383287007876397,0.6734215736959014,-0.4958276544640175,1.7464621202240918,2.1633563944191994,2.2417153423209686,2.1575542723802563,1.692083787443795,1.6806631665119443,1.0644967517395623,-0.4927632237857714,-1.0684838632024016,-2.1381717849139505,-2.7007498903128573,-3.912455023746986,-7.013223234335295,-9.44103911113778
11.206373522006587,11.932792644151583,13.987175076365938,12.604494476006685,14.259148658578365,14.191287087773196,9.232543896392702,6.36645183532165,5.468946221766932,3.909986692549939,5.199306877800199,0.014305554147706954,2.3224473184538006,0.7757778465945082,2.7829426751004327,2.828960278753476,3.184967528878249,0.18563937097497438,6.073687936451454,9.090216335073576,7.513747150074745,9.365791564869312,3.7385438168441985,2.8420088007675752,2.4728650149165983,1.9366551273472974,0.02364347787951282,-0.33484255992951556,-0.6770655445976004,-1.6561664766360347,-3.408472942386383,-6.450260377338955,-8.824537063384561,-9.33297674798485
12.00499815331339,13.89847113492184,14.539323766475563,15.796483027779717,15.425075624341128,14.519216616494626,7.981590483348083,4.575439704002398,4.616930908372618,-1.1629811109408517,-0.1706283714090261,2.7861646177934114,0.8298285163492364,3.7506479696724986,4.313755605277653,1.9686894088779374,3.556251014890438,3.500332909241035,4.0878787710025755,1.6624452876740654,2.30379947346522,2.202041459464815,2.56340039461804,3.923156317752654,3.553265922881842,1.8323780608857465,1.1631486076880686,-0.6519508262610217,-1.2241559390701868,-3.4815459521089447,-4.471471248754782,-8.091735805053371,-5.189570585555905,-4.585293684371992
12.765924507679179,13.466396096499178,13.441695920080129,15.81077448079588,17.715975337206917,12.324311290885394,4.471737088248779,0.01257896789394328,7.686375434354042,2.9314034268508373,3.1848078046216415,5.832539733343055,2.2031925765551423,1.0191180258873807,1.4164520090803934,4.006806486846255,5.2244468958777555,2.998571614959974,1.3751735705560708,2.2745888030152948,1.9344886837053752,3.49529625960023,5.6317351978365044,3.5992764514113733,1.9985569284517402,-0.2266768820546635,-0.2731624626223027,-0.6877406388523575,-1.685437319947788,-3.7497938334203007,-4.700972087455198,-4.612232398601109,-5.02271130764657,-5.415402539765734
12.508787815061394,12.652618804369098,14.18179341526342,15.890702699903683,15.08086600417902,7.954475277563389,7.438512808083163,5.437983086986746,6.268606312660609,5.1508371107709525,0.2371962616744459,2.000862835251776,1.0201339102709366,2.9904786327830255,-0.5107042718373795,2.6391362850459292,4.8683882775090375,0.21324593551393614,2.8630244841198493,6.266188091199803,4.966900822101251,2.8851124028470374,4.749102321972742,5.311237280767817,2.235858697631282,2.3655528936546233,0.7355373133027803,-0.9053088574703981,-2.69287609187429,-3.601419449378974,-4.490221727804879,-5.244938069152707,-5.797529552072768,-6.560886010397698
15.45137630718594,13.36046784685969,13.83134196648435,15.744716034605624,14.712473872273357,8.55983263287447,6.401451365145581,2.9067090520727565,6.451158419379242,6.47686577739087,3.3657107235601953,4.078940567284585,4.460229460110483,2.2420447295203036,0.6421666629818946,-0.11057198232956782,4.098560744964456,2.3918111398296156,1.548103370825792,3.5032768240097063,6.699779137425041,3.1257465524398365,4.822025163017903,3.754247309863857,3.518254882490325,1.988047506946103,0.0758929733096211,-1.908394354669934,-2.5048764298081765,-4.6205585164063345,-5.029643006152518,-5.902266825677214,-6.620808765568034,-6.9622812444366415
14.548153301582062,13.53792412732795,15.000364609029525,15.551006353260508,9.734409466426545,15.619077858223463,13.415292004684112,6.073131341100795,4.603168499270253,7.447195010494159,5.202931018396523,4.114452254366625,2.0160425877843093,1.154280386884976,1.3516870106865149,-0.1862593401296401,2.465674724597753,-0.30668199144874614,1.5612886427237527,3.992799727798764,4.110678601159517,4.678428045469556,4.011811765112783,5.095660594207493,1.9969173050288034,-0.6824906798661687,-1.0454146333972687,-1.8387136061257496,-3.381436468735681,-5.050943892069434,-5.299569474555435,-5.558235388246494,-5.999504791607919,-6.472610422742851
14.851107120899814,14.608276705824123,14.315578301770651,15.654438048796456,10.180660843839686,5.08568820666002,4.8566719457356,3.698196221606243,1.9064553236162998,2.5105423383383183,0.9823930064422581,-0.2691979878798994,1.3090665930368353,1.2309495889427513,1.360167069831938,1.425043561349981,6.57591540377571,3.4104003454846206,3.444664007039558,3.8553609615394357,5.001231421495461,4.9677390548631175,3.5433910242844933,2.195785235217017,1.510813661310704,1.607809448725893,-0.14198744629665044,-2.0346453969270244,-4.350144998394787,-5.317359866383915,-5.582671876651445,-6.185869155120257,-6.376081774032459,-6.326799173995632
14.465804822387465,14.715673176014171,13.901722099332488,15.3931851808536,10.405997624434052,5.874531961307656,7.140597200498193,1.2105513372373484,0.3236191027307856,1.4815198022527158,-0.46151895969306733,-0.1188580857527258,0.7140044907810816,0.14567299116545432,0.3782594356018141,1.2838501019632171,0.9789665340575723,2.3829175650212604,3.8966488205612104,3.5196088400958745,4.720905510922689,4.0850835992950385,1.705465910327178,1.5287064073235808,-0.09285220645677854,-0.6344065445857602,-1.0180758704359314,-2.2513887717051992,-4.392938162431748,-5.02214110847589,-5.5114259303974436,-5.669866071124151,-6.143479166218866,-5.7018250249242435
14.109827930124235,14.282285772131956,14.004911519661729,15.580782457091928,9.913882646770743,10.245079109688387,11.304273006140644,9.411482665403378,5.073113947001627,7.121863710503479,0.6516407139561593,0.42123928919326076,1.4530247892648576,-1.0488812766678037,0.2016368921019465,1.7730311726016605,1.511795589264763,3.1294071058084603,2.487533132665605,1.126176534374252,3.0962359033672406,3.95720074367087,2.0484197995903695,0.9607706755710823,0.24318045478190456,-1.0574858096524113,-1.5672229170354035,-4.1715842774117675,-5.10901046956663,-5.5339216137821445,-5.534951359015863,-5.910436636791956,-5.876668341134193,-5.635528653130736
13.516747638956096,13.749649864871635,14.038972344108375,14.975866188410894,8.734077569648424,8.378854223164739,9.540508192095919,4.640126204329638,8.573937174159779,3.3382734284337547,-1.306724745563556,0.569764915493753,2.6538082979581086,1.1317180666048678,0.6254227018159213,1.6354502225208163,0.034721965732040554,2.426561835946492,5.289113709066466,4.236862220993703,5.204546224087505,2.1496348085551653,3.5491282020286388,1.8005097443586124,1.3793624870959975,-0.6906238233195415,-1.9119963194905214,-4.501565402375098,-5.434867517540455,-5.853154098027194,-5.522053417450674,-5.571379594208255,-5.956599942390212,-6.107116325642094
12.52640350990022,12.764452328838697,13.534575552834513,13.420963503748217,9.678760856055312,7.6337777716968995,10.5755089608167,6.4753835457144895,0.7543232301522721,2.112835246401197,1.2423886973096956,0.6645841102519127,0.8915477501836232,-0.22110583547138515,-0.06716620837719078,2.0919935771545775,2.4098369292153903,4.609399313605849,3.947318480050035,1.751473179600262,2.7520308101788817,4.3147521991439755,2.591228981803248,1.570458851653601,1.363654246958457,0.02318681779801186,-1.7567525788621787,-3.517164241799355,-4.273440924122293,-4.770837297651196,-5.567720474676856,-6.165048836707033,-6.855375106083936,-6.689992288755972
12.233527614683387,12.467160749365867,13.007547473633727,13.818318368606262,8.68658894752882,7.5757251800566126,3.214883679595948,2.216677373114294,4.282573579187589,3.2398590417459934,2.469274459678838,-1.4220947211792538,-3.0266880437129116,0.27828021364445965,0.7408056016125746,2.675047873498405,0.48972180959848627,1.6910893776531832,1.4366348699477371,2.179960885127967,1.724640689336453,2.617613502978592,3.7515104375648707,2.5210183997860645,1.5103199194838228,-0.08072422647610836,-1.4932153957891385,-3.99296522112846,-4.017870722400336,-5.062732716198067,-4.823638034348284,-6.238410241744863,-7.4400256068341175,-6.620826523503319
12.571300596853195,11.5793779798508,12.485591799485656,13.473519121087975,9.891308801313494,8.427102044516651,9.1803682984179,7.331752276607115,6.040913508832568,5.120036353968822,1.1314197313013272,-0.30803977009351835,-0.659975681135445,-1.1474701105987846,0.9793466305617833,1.800255858191668,0.018821142591046443,4.302867258674828,3.9991161376753177,2.935750567499588,2.7517626467612923,1.974707067577142,2.6137001782576093,2.5302704475370823,0.6326875597261054,-0.032231165865073116,-1.873775562827065,-2.632673917211851,-4.850809089511,-6.414804023450965,-6.420808043854056,-6.54133249154147,-7.989990566245879,-6.802853295462894
12.269327009573034,11.772833177280518,12.276198739428192,13.198722332313093,10.622087397595019,7.776483043120352,3.740795039064976,3.3901781843142107,3.279274997633232,1.7663629822218432,0.2899938428847492,2.5006171998496907,-1.1671258600961762,0.27607099658759676,0.033396815857200134,-1.0039133790356083,2.212386016932192,3.6904580894265524,3.3969512066668512,2.3813715320854545,1.4740230539441055,3.31055412322498,2.3303203505927548,1.6675438339117379,0.6459032599705163,-1.548967320198774,-1.7693587304185487,-3.888880841545642,-5.057186611566569,-6.0521874994930105,-5.714670727647966,-6.639402602949032,-4.849936989942851,-7.338624855692488
12.203413638543724,11.79880797007948,12.096041189445424,12.319577272370502,13.07278230881389,7.66912751638618,8.377623280128688,4.064896690896126,3.20349535019694,1.0999144978166135,-3.849950659958869,-1.269634836982245,1.0520702816161864,1.6291950584888335,1.1264679131281712,-1.2047170067468658,1.5169827368482962,3.0727090648368556,4.312726291226136,2.821850251125813,1.5137109305794942,1.3324493115768146,2.2528229887721656,1.5255599242322913,0.7703840524972261,-1.188621053609741,-2.5113951897305693,-2.9218977188985633,-4.414863553381103,-5.4311717456702056,-5.469296371291636,-5.452506307168171,-5.940337075479526,-7.299816940375891
12.975490938393952,11.129962167163775,11.022146499253289,11.304691361981966,12.404699644463157,9.048691370272502,7.188429117082026,4.840073535565062,5.126530886357321,-0.8967583527553357,0.30159417126705257,1.5823422600292092,-3.4400845169621475,-0.3711209496109647,1.124394676401142,-1.0139549922267919,0.8665035346079251,2.4967934920299397,2.6620466244580316,2.9567771626424615,0.9141288692131213,1.7370463018645368,1.795756801861685,1.594763323700441,-0.7477444034840165,-0.5237167635897946,-1.9760450712566562,-2.598150581051503,-3.257679303042525,-4.0239588306254666,-4.9586815804129145,-5.13908216179324,-5.562777193032671,-7.640288338011812
