script/wind350m.json
{"header": {"parameterCategory": 2, "parameterNumber": 2, "lo1": 3.000054539987559, "la1": 64.9999836372058, "dx": 0.5, "dy": 0.25, "nx": 34, "ny": 52, "refTime": "2026-02-26T00:00:00.000Z"}, "data":
[rows 0 to 24 of 52, columns 0 to 33 of 34]
-11.728918784055999,-11.432823855765415,-11.138547177365444,-10.88205284579244,-10.382390832335739,-9.883841042160556,-9.359557302285662,-8.947297528383478,-8.481250106658242,-7.930061609916246,-7.539874569376819,-6.828478371717934,-5.737677162288889,-4.89741659212909,-4.711737774571697,-4.551139810012763,-3.6575928682969163,-1.9664041495141353,0.5133448828248985,3.7033122655808106,4.349990551631031,0.8787364180913457,3.8830755185618155,7.89443649433123,8.211995096116993,6.343230008019083,4.6935785778150745,7.077137291897573,8.557127752353193,6.837452800983052,5.775100120481513,3.694672282088262,5.803915012378072,5.9984581006275794
-12.20521586173202,-12.316776072342932,-12.091147221145818,-11.864090185095275,-11.509865256263398,-11.265931355605703,-10.312856040691502,-9.825902625860605,-9.31139682531193,-8.495334704884312,-7.685726309018148,-7.0105289211789525,-6.14333454742664,-5.695985560468278,-5.124082447432253,-4.422605597573986,-2.743331874703148,1.577612932778466,3.6107917148347584,4.733622319980048,3.2158023056920393,6.1281337333159716,4.144805920152156,7.958817415867092,3.81301204167668,4.556414102261244,5.803333329112034,4.124844752545466,7.05394029620851,9.620330848229766,7.371009626447213,6.075172504928328,6.873738178644094,7.219831859048359
-11.706253329895873,-11.988322564076256,-12.160690940441023,-12.2763927958734,-12.207508734782923,-11.850162423942185,-11.010017400234785,-9.605597032781649,-7.875285979502553,-7.041478753415439,-6.365444941615965,-5.529046829532357,-4.341748921810089,-1.509617432025709,1.0779393906768895,2.6693705830005157,2.1861154771105906,2.9650482912929026,2.6353804704365555,2.6354627177366656,5.091620533327903,5.990724585713604,5.651957581479447,8.230702645209083,4.851596578221865,2.3177103294293313,4.906103636368986,6.889485143168371,6.746046515819524,7.566498135990736,9.819802283262486,7.760409970836075,6.41725277327074,6.219449534084976
-11.3390971808836,-12.132411868870793,-10.37225532525849,-10.369009898053552,-9.949938720550408,-9.501115611738106,-8.731404909025693,-7.40400056794408,-6.367125907779645,-5.3243411162798715,-5.413222027521299,-3.018806997584094,-1.876445942965766,-1.0378880308998228,0.40292655492757157,-0.14845104978025495,1.731388518142722,2.1070569824616374,2.641550105738444,2.583093211403234,4.08348516647227,6.415863575894781,5.726576824554295,7.121858265315861,3.4011910109187165,5.540447080957926,6.835161519389525,5.784083075464829,6.363579706115379,5.269120220821776,6.1745776500790255,7.4114855565676026,6.1557934492261275,5.209885745183694
-9.84936897674404,-10.635041559361637,-10.700696023553451,-8.647095710644036,-8.546961754422469,-7.160246153928617,-5.525319733058308,-5.109229134908043,-3.824802419019976,-3.2277927102204758,-2.328173507946468,-0.07904086685441822,-0.3515323226026292,-1.8993419966576888,-2.3954888753594097,-0.902714755505351,0.9741125019020399,1.7746231812229312,2.094592005517443,3.184082677045185,4.254738412636352,6.423097881836521,2.1180975531328996,5.645883001553377,7.055208746750275,6.167896347472392,6.019794075219989,4.049042674170728,5.601905005997902,4.783489783743896,4.806191664486477,4.710251039219976,5.557362574590551,4.984180671307009
-9.456200283623327,-8.985791992532114,-9.98056175427898,-8.954847154996564,-1.7659232511816265,0.057928118918579186,2.585192319729119,1.3345294948292745,-0.5395808021716789,1.140127983823041,-0.4106038845252281,-3.679820521437674,-4.477579039413819,-3.1147211877500043,-3.228787425744457,-1.465267487733388,-0.12584977099162425,-0.15957140820869417,0.41408674710732757,1.6533613755291547,4.492410997454844,5.010847649592431,5.678418619037025,5.00712526574723,5.266022245326827,4.7519282536859295,4.91543562967645,3.3690618268635695,3.573067125940078,3.7066588130652285,4.219624500661832,4.604084289370861,4.25912692108631,4.537391333926189
-8.510613673521599,-6.961232493553129,-4.524449847916868,-1.6366489605218035,-0.8609704615979741,-1.7189951321017622,-3.189264226047671,-4.139521089179031,-4.446952205692966,-5.472219649537203,-3.747307928775852,-1.6639802644059773,-3.1682949990782165,-3.74254954788788,-3.484395336897261,-1.8676957420911444,-1.6800655218909835,-0.8779987695220717,-0.619808838608196,3.737282866247174,2.3754464170711898,1.9939501804196407,2.8288597072390242,4.00024382805236,4.152339053848772,3.7906221765009236,4.2343227758360245,4.1515212443578875,4.34906005996059,3.964538590979602,4.209744173057266,3.8538165814499528,3.7863775685461794,4.92461842669745
-6.304767458289461,-2.9613443358982785,2.0476138436447138,2.3328811111899816,-0.3436777971220621,-1.6970888312727321,-1.9054148690703698,-1.2356805641803634,-1.4223216583700222,-1.3456201352103063,-0.26164041795845133,-2.390964480582121,-1.9084039520110738,-2.3946888319588027,-1.0660519426071533,0.9629760758316801,-1.7986623551803058,1.6902300616815136,3.2833117185197396,2.290386369273233,-0.45054392795054393,-0.190512577179048,0.449073773361849,1.6226469239337877,1.6825780515249318,3.305849749436563,3.6165265429101243,2.9965455257071594,4.283980389655257,3.8005452563296442,3.8073385732340603,3.664502551154115,4.696369463941996,6.285115982932942
-2.9132756918062337,1.0987832826533648,2.8024697231506015,3.6613995825445347,1.758394399653758,-1.2310113459421061,-1.2836924317362948,-2.6873004633872535,-1.3195482232100197,0.4269854198728115,-1.6631160363244983,-2.2670913866410305,-0.7171516812478316,1.314837660424814,1.8185771007671718,0.4467142290150654,1.480116012697725,5.078090845076989,1.2363865209847948,3.0285692139383116,1.6927461689723755,3.2974834463966496,3.6916026840580805,5.886405948061728,4.474981552131108,6.062870315306944,6.0926111975547705,6.7242383869686035,6.594899814038354,5.853565008050511,4.710862457435458,4.5893217236400945,5.739949437370338,6.7463309681864665
0.31102237918963743,3.1484398149952653,3.470947843522535,3.765466092609075,3.311173367008555,0.8585876015947406,-0.21676433028015699,-0.7084990646403848,1.6115273206455083,-1.1096321142292602,-1.6670005252137867,0.9310314901325922,4.993325545411289,5.077888920801878,1.5125789114854065,7.846220671191537,4.742348466918,2.381562450318546,3.050504881773479,5.087945832117654,5.712955749848332,6.208620731248005,9.271386747550572,8.631435240606393,4.339972280688608,5.552180705370713,5.743523531639075,6.562889190956658,6.882903633290368,6.266843927852285,5.583810462180011,5.307798650451753,6.915816647234871,7.680859141869155
3.7646487589297513,4.622766242507949,4.224477140377497,3.7316776364638105,3.8286058682868362,1.8904416825783033,0.3394284915153489,-1.49591838540025,5.979471639418001,0.5605689912866384,8.665895058316732,-2.2518972495920693,6.009074450159728,8.852762279214499,8.019792698245832,2.6800647180107466,3.047425702264104,4.954374023654925,4.040092159554747,5.26037176369723,7.604005771711319,5.255025744033683,9.313328111512092,6.755967046996324,7.792902642115453,6.975309097933959,6.377173033926426,8.176378939385888,7.434308757720178,5.014339736978463,6.130189952076796,7.206015029436491,8.1181429519039,8.544055618276705
4.614373135430346,4.687964707918123,5.090799268058921,3.3284807815995747,4.0036172443343885,2.3819857408032474,1.522467504264968,0.7871624521663544,-0.6573575926144626,5.31096318107603,4.352255992383428,5.054391316297757,4.19848844258647,3.7417229909275465,6.380594210648666,5.935205853948719,4.336432424183773,8.596563766961577,7.333940657228725,8.49963093421699,9.609699721784711,9.458612034965547,3.9074604451702935,9.44517845931494,9.71830460551171,9.394603863352073,10.526956906360244,9.947502417452693,10.743141143038097,8.529795813024343,7.883085652531921,8.337846431857779,9.182603639591465,9.19988154849294
4.524799026791061,5.607053448612805,3.923312680649453,2.4117870007943725,3.9627728859421767,2.780581220543948,-0.35087871315499736,0.13800351252738835,2.3879779235208387,4.981372987019945,6.1443435321181825,6.904965451653484,5.8064342149699035,8.36103753912416,2.5812759716966185,9.977693018307727,3.5622127510100494,5.597250915565779,6.7973415617475705,5.4719383213746156,9.02934730982072,12.528152187302931,11.495958949581574,8.200264445204827,10.289434540186363,9.599098991558497,7.293603373330269,10.728074782243306,8.026165685670993,8.28997226173108,8.956563324572896,9.189747898904756,9.650440991196994,9.664606613209708
6.181091337760359,5.423525588202539,4.016739358402022,2.5536363638370454,4.048217427999057,4.959260861793442,12.506068075051463,-1.0621608419415867,9.240070556382877,9.11696872844619,10.529614486057197,10.799620527400535,3.0920316107564876,-3.4698778388488156,4.668499169376457,6.67974721100677,7.746690036063524,4.775500357126237,8.938058884233318,9.028196463077055,2.0683020792677587,9.224113099359615,14.147425052532817,14.536928519526674,8.689101949329554,12.955429388622177,10.718088796067825,11.138559551006036,6.600027282175144,9.106986447470364,9.414248503595076,10.106354219853372,9.88045314625526,9.995028598069677
6.372774561305879,5.458605473654916,4.545222047518909,2.7587770600911226,1.6345525542122425,1.9616704938973852,-0.34741451284660674,8.452068989754437,2.313229643972207,5.912270203107366,1.9527724717040122,9.802632148589494,8.803513011121066,6.96106141721972,7.5425981273733615,7.504312846596861,4.3630712534716825,7.109752840928352,7.224551230918659,6.267352403280351,9.436308860229431,5.163133951426734,9.284250441585533,12.817279751571075,7.878196565675036,9.546902592503407,8.6296616275668,12.830798714484663,8.10115381349704,8.632100525623027,10.078281844033043,10.539140791084325,10.259353590472228,10.083815643401687
6.864251927812098,6.33052480552211,5.030862274592673,3.2275168484664376,0.5577233314682809,2.87172169147689,4.576026110476748,-0.7060720595535928,1.5465643593950733,4.362529641795971,6.896803738167173,10.913509320261035,1.166883247127399,6.720665938027842,0.6352850714426634,5.439306653575995,9.218145602560705,1.4768597935136205,6.380250250180831,5.145873502597327,12.68125869307519,8.05137868742272,2.5686785641481924,11.063125069539232,8.685393278419287,9.940055779866634,14.52102144572958,8.122003810894132,9.17781354226077,10.27962478540582,9.497039173994686,10.952578019846094,11.366786606127148,9.07024065628135
8.057380938929228,6.5401198433145105,4.874480447717583,3.351921521270303,-0.9681233910952625,4.253310743336684,6.490081964245861,6.351691447638338,-0.4406971401384534,13.036310601213152,14.625644022183916,12.224898207438457,5.656698960509512,-1.2622761595799112,-0.26904229191889617,-3.3691999560309753,3.7968759979091367,1.0052928624447202,4.7908316616319855,2.503534991959978,7.8297266314186835,9.595819791705827,7.424502988202355,4.69398918689244,7.901767924322064,8.241261001350308,10.808698084475235,11.717159159169379,9.077360309681278,7.911458130936526,10.091209991821993,9.835665643708747,10.578992954237764,9.30282479199273
8.729619596792599,6.860241345347989,5.223729680757839,4.1864643092070635,0.7709215345996597,2.159906278792957,4.889833507434031,1.932179455435542,13.643725059376193,10.839210600240728,1.2455638844275063,7.335463305825626,4.64595570737843,6.346595969936371,4.173492588164511,3.4351342147270794,-1.3903897452549616,2.789308877673374,6.040463081395038,6.424721834496587,7.904543076279351,4.330511299097548,9.062874357454852,12.041317356613808,6.4276438293534275,7.521264312507112,7.977900942191584,7.329574869500099,8.009675027201109,8.774206800931767,7.357872062385153,8.82290601426775,9.932787491958155,9.265562071317463
8.984478889373928,8.036689179161879,6.145045298833022,5.131919944058887,0.1960966708994811,1.15947354211381,9.065630315279956,7.316662931189096,-0.3243891151589103,13.571502353650013,7.882843642348567,7.6635207619460095,10.591574720368317,6.239239174727353,2.9201741072925786,2.7597088167167234,3.7130745385297383,4.683483802885034,3.539358735463915,6.87952179978026,4.883903167934452,10.258580037923096,6.131884512788295,6.4772672649232055,8.517860209508989,6.167554455224615,10.14042292101408,7.415228301262474,6.157171677769873,6.6897819333111705,7.019330156465667,7.010498909428435,8.848144124323873,9.473378158799845
9.588457010243964,8.940657468876807,7.124033493368092,5.601923694945181,1.0286022256392997,1.732733056427276,2.4339210680489742,14.352854602510998,12.942456299876321,13.328430633728146,14.83028691163323,16.414523486769834,2.754780031409855,14.227520179108664,2.332270206284876,8.208781270771212,2.6893094986494535,3.029642832061255,2.5449207458783767,3.953978094112357,1.784954078094767,2.977585504972354,8.57125813705016,10.109492232222019,5.546318766683461,7.635619968462817,4.654110674682237,5.446115053408896,6.49345878732659,7.047842362551985,6.266046977624796,7.094630331831519,7.772075574401931,9.223601168961054
10.459238777586558,8.275557957247536,8.542019355318743,6.2795462726268365,2.4730986907011197,0.8681534356238952,3.901933556005717,6.706181807720863,11.150769556199775,13.326037606576516,11.573649982478782,13.200775510878003,10.882728814551992,2.4478265055909936,0.9385340518408573,2.3045880454578036,3.205926027857258,3.734685516685644,3.8916106465259674,4.3399720020563635,4.3084099175862365,1.3636269030350514,5.286948517251154,5.7826940063630285,9.639488122841616,11.98269921813303,5.6827171600267175,6.228374492394408,7.53947478129937,5.816205079474037,6.50831341068609,6.376830837084181,6.801337153861433,11.215139406462878
12.068803365518965,10.277480294154554,10.27786558867341,8.552243100392737,3.618289161520178,4.049593532737387,2.909734127344601,3.5344961540475133,9.971269454160149,5.726189841634993,10.700045299911778,12.066242058685617,1.7544580280837259,7.764237849525535,0.3788081593035387,1.5467760027918915,3.8492777694286375,4.310891347861332,5.954628991277572,2.3676024213993956,4.88637229095259,2.6098150403873306,6.598018986795627,5.8054822212406405,8.028955804629097,7.297735509610116,7.728932870983021,6.426908293212509,6.57422478099245,6.451465302523278,4.866606897341173,4.960103081527834,7.716204511386725,11.096676727558716
14.384934262020556,11.43421319164901,11.445730485026992,10.809727470602741,6.374872007360432,-0.12424605870466457,2.876997865298762,5.505353708825809,14.669533949687757,13.220346321858193,5.500108786981764,10.440682312547265,11.113700862381243,9.945016758825254,6.775271672840517,3.8825586692224836,6.328532196068246,7.6483063412895955,6.558046505152958,7.411763665285187,2.7693397474004007,4.952438142389087,6.387004834304988,7.492638410816661,9.013193626982135,7.538451137501871,6.657813951170746,6.364147128963183,7.093939437966673,4.431142612969656,3.24207743726993,4.815161371812158,7.9214301039533,10.43750149873588
15.121283717758194,13.592809786778224,13.757616969294666,13.239523318834125,8.122849905390138,3.4269017537228703,4.254636272308334,9.42892035452398,11.74250294289198,4.638557999872161,6.374760510480888,3.5218081319758325,8.081013374194361,3.7256014061760077,6.027877196508162,8.08864145602043,6.03266302303302,6.102906659741254,6.48222410588729,8.774590711172701,6.642081010875911,6.4502767575443665,6.294232912362568,8.377425736327913,7.608757659044941,10.15708889590311,9.157123060257918,10.860682654749104,9.030284315300102,6.513218165569106,5.2801260438367414,7.197151708363586,9.794879080400797,9.305348961913474
16.137273206076706,15.620164896898046,14.67333199248581,12.686375913925655,10.225949763544303,4.47405954132861,0.7466303601148077,12.531923654362537,12.878871769583693,6.164489057690325,10.804889301272185,7.055416513670252,9.540152507129415,9.01439158179524,7.171372075186604,8.823722934932446,10.225521328197152,5.554627532253557,7.784473254501704,8.478823801336612,7.882029381164654,9.396634564431206,9.700280821734253,11.39308221409077,11.576817735617704,12.87141502943121,11.438663971837299,10.025294564927691,9.57373795753566,6.231060593418334,7.080514950622731,10.267494641977054,9.177428018723715,7.532742981911768
