script/wind50m.json
{"header": {"parameterCategory": 2, "parameterNumber": 2, "lo1": 6.000198445256149, "la1": 58.999992894266676, "dx": 0.5, "dy": 0.25, "nx": 22, "ny": 24, "refTime": "2024-04-03T13:00:00.000Z"}, "data":
[rows 0 to 23 of 24, columns 0 to 21 of 22]
3.737233589656788,1.403969210195637,-3.0783894288025113,-3.346749887018371,-5.0041023902172945,-3.8826633618462516,-3.7390763553030775,1.8421521166193977,-10.185876263279011,-0.5051303363948797,0.6590454972614328,-5.261594890617221,-1.7539982709965651,-5.654012055419052,-0.630810542353989,1.054803399093404,-4.690181850145743,-6.2982199444033435,-13.158498733521904,-13.824919751275932,-9.53891140963991,-5.948961436400843
4.014103703252745,-1.207820345578331,0.33286053013575134,-2.199633137930657,-3.569625306406082,-8.981648041322575,-5.5720137339338764,-5.576931160698626,-1.6258575384297094,-1.6713752417517385,-8.646400701829469,3.0090343565215205,-0.24500777771400764,-4.152634451341476,0.39855271890460436,-0.15016239317838584,-7.225634484450026,-11.26521930915893,-0.12358714784549378,-1.4367141284335265,-1.393661362751586,-3.519643459110022
2.63824315198152,1.5798446009349645,-0.02222275486120493,-1.471094152666101,-0.4335580030803808,2.0228407288169805,-6.780389012262167,0.5436319893843107,-10.025966684679698,-9.197127409394454,-2.1460706920364316,-0.42022181940345593,-5.535729814637613,-0.6128664212625455,-0.09042085792734093,-3.035248229144913,-6.923609032868591,-0.6576488487470639,-3.9996265437910807,-7.174969870948133,-3.8928737093645243,-9.036366038458505
2.050691054655302,2.3163956947726265,-0.5877916736229629,0.3726822046155107,-1.779489085477483,-1.831860680729178,-4.218892694350378,-1.1857052460599231,-1.1919097640895175,2.7165655226055807,3.7559768593052865,-7.803590791888032,-6.038065110343876,-2.0427320827703435,-6.31683037373129,-3.05541025924467,-8.754637551846638,-1.3458748033726107,-6.616361100911359,-13.53212070276943,-14.64500122132525,-4.112101196555612
3.3361005122560403,2.8493692136780386,-0.9638001730386827,0.4635986393999281,-3.331149265406929,-4.173882830542843,-7.092206729622479,-9.79946922450076,-8.947857351853765,-7.1447965207282484,-7.773340236862943,-3.2280284393458847,2.328958660921437,1.2349729383360422,-5.961396835903933,-3.908990940148916,-9.781801928038531,-4.547313875759763,-11.312925749872033,0.0879432015578053,-5.72294232859656,-2.8672873386053674
3.6276115703873635,-0.5182732763013975,-1.1555481811642416,-1.4010447288749897,0.7288944306458962,-5.002761104050185,-7.3639365372475565,1.4025538049662605,-0.9374353744027442,-1.1547646539401477,3.422504463187803,-1.2058498774905837,-1.0786551794123374,-6.969042722662637,-5.784074634265599,-2.9809842651408167,1.890743368044665,-6.4986102567776065,1.4348361683991173,-4.2258990837687955,-12.039071080290265,-4.623796170325776
3.8348014537289252,0.6861235721817232,-1.2520144490830443,-2.9881632732569097,-5.05465187516952,1.191256781878164,-3.170650039409741,-6.212937596576024,-8.782854421621067,-9.47994444101512,-1.4197865725682024,-11.496204829039442,-10.86662337695298,-5.929292570404284,-5.588172239974337,-2.4101331127689516,-0.34940540998561853,-9.929883016083014,-2.552860764760853,-9.504147233282804,-0.5352858778730072,-6.235226689720287
3.5560632554253453,2.5435906637385326,-2.1426158588771678,-1.4063440050220666,-2.125538612167061,-2.9723476407796214,-6.979911773580838,-9.757910991559363,-1.395122283569217,-5.129950132880401,-2.354980039118821,-5.538556310295035,-5.5079084262182,-4.7896277852615174,-5.373735740381135,-1.2555329707121476,-0.5050407094578421,-11.400963662571325,-7.843840392188366,-0.28785773038299645,-4.7677554952277434,-6.790251586310753
3.153864288674565,3.2311187247833346,-3.0454442172576233,-1.1045082767240388,0.5747321421802777,-4.532836159920056,-7.025386125917762,-2.0296230096059884,-8.695695402905217,1.0883117340544917,3.8224586681975805,-1.9883861907148992,1.9014613054403113,-4.378414242790048,-4.83798031657509,-3.02980862891337,-1.1199443484271667,-10.852651491451425,-9.318818258578307,-4.521039093518494,-15.48559560656094,-7.095457268124744
2.909592747820095,-0.8320223643433766,-3.468556336830022,-2.544070539353048,-2.2904343471817756,-8.873664354206934,-3.2933750943695617,-6.08148522891393,1.5377395339523465,-2.534078031883019,-8.595021570743473,-0.9887205021731323,-1.9333684664442556,0.36992782113881517,-2.815753572295126,-4.034793882787863,-4.155036999848017,-0.0075072769650642275,-13.123839736091725,-6.9439050112664304,-1.628551039304517,-7.34961912171001
3.798148648183631,-0.48802475250452676,-3.9739489058871937,-4.772141338505498,-3.473787398687639,-2.0510468317784256,-5.876297605241091,-0.8263811433169043,-8.744177752536704,2.5257439225867966,-0.6460319881207727,-9.60210215898873,0.16584694853944834,-2.1942069368292914,-2.2979325188562245,-2.4963449188924245,-4.026487843793869,-3.5284403728862577,-0.4088298650478594,-13.799412760995024,-5.180834138774948,-4.74903805394388
3.338222038905245,-3.016274250988961,-5.146224744067036,-3.1704327103275363,-4.480558667333778,-3.4677123266977783,-6.007671178834451,-4.905133767107791,1.2417827508891253,2.6744059261830455,4.030612113953445,-1.4849173809563194,-8.848790691080056,1.5575008271336712,-1.985154223649931,0.6111855580084502,-5.259935044699634,-4.528577522862652,-5.412905131558379,-2.1266524101579134,-0.14833078921905438,-6.1019276739610895
3.5398804442170193,-3.3321337006676837,-3.5857998502681188,-1.9063962042497136,-5.758676397275382,-3.1020199225109297,-3.7437011557877837,-6.607703993358913,-3.9906126532275366,3.242763449386155,-8.559268015827328,-1.0204057476419444,-5.226888193879615,-7.165667788801212,-2.2145996077851553,-0.709775286734849,-6.278283974736317,-10.847075483029624,-8.448329738786224,-7.928518426230792,-5.135435705358929,-5.152207264523866
3.1077857359728833,-2.9639111875493955,-1.9842357469712082,0.5453317148069863,-0.5692382071260057,-7.908906167165983,-4.450519448363707,-2.4563496535904488,0.7631639143950651,-7.584459967291335,-0.5191394761169562,-9.973723428528285,-1.620044410941022,-5.989103442580141,-2.0891496761024886,-3.7663364344957087,-6.135785967896597,-11.17791942039532,-13.224152388491827,-13.662549060389072,-10.358174302723684,-6.229403949067112
4.273052274044898,-2.852670186832387,-2.0263893852757735,-1.8453198689358528,-1.7675034517677617,-2.5744666452664138,-3.651889721442123,-9.856817571801104,-5.5321331035416215,-1.345402037692666,4.3483295471446946,-5.925153861719471,-0.7019514768413789,-5.150290800860277,-1.8028940805150806,-2.250171287472926,-7.720637762815616,0.947091738624745,-0.6992222752059426,-2.280372736323199,-1.1841712481822257,-3.6549409016299164
3.342692934005948,-1.542605002949003,-1.6399421466667081,-2.8690823607639584,-5.1949487939055325,-3.9739727446888535,-4.973615984101838,-2.039358661355127,1.1876792025007907,-10.17356234878708,-0.02032403745086228,2.649118306006055,-9.769107908833327,-3.9581514426868316,-1.1754223993287305,0.5684744025969678,-8.756605484457554,-1.5453526160488338,-5.206831752300287,-7.255735098654639,-6.779154118237472,-8.262572289103506
3.9225805384165136,-0.4875499920890663,-1.9843060377957447,-0.3705690072397901,-4.852979248918577,-4.100969193662966,-8.116963867566398,-7.052807129815605,-5.899871739765714,-2.5872240384912017,-1.606151315862429,-0.942792470596064,-5.3992328300730925,-4.310381297367408,-0.4167251020283754,-2.8615414840307882,0.5005344678536456,-2.1445565372224302,-8.249611599804286,-14.040164118496557,-0.5246247889033627,-3.3775388384188383
2.9378145345140756,-0.7734848465307063,-0.9468711242522287,-2.770012389140959,-3.401344901445756,-1.4043111576725775,-8.650508740248833,-1.6151672317019548,-0.03574913917743121,2.117417395407912,-10.982805765022599,-9.882642614239197,-4.945054582506655,0.03747312471382393,0.3834097539291931,-6.538334063524577,-10.314080999801917,-3.5120684278972862,-12.530421243155882,-0.7758203586933295,-4.199694392821942,-9.313025176076328
3.4805225592428743,-3.2431500073143114,2.015244277280742,-4.403046687205638,0.7155350967032476,-3.0870446370241713,-4.670034882935951,-5.647087853021665,-5.784468829923376,-6.802644285443699,-1.83706602426618,-1.7435226751689323,-0.5670098859920997,0.4972928063982963,-7.866540762007628,-6.313512539524579,0.07536702844900849,-8.630492269913825,-0.4721052864975385,-8.27736263618534,-12.079197958694317,-4.675146899930665
2.220320704771231,-2.8089815196254104,1.1419753098927303,-2.4509413166236875,-1.457338948024258,-3.09323000788836,-4.946600995521119,-9.92677200548419,-2.4522379581077614,-1.6439586852535877,-1.946952880533682,-0.597368314004464,-1.7993306797088797,0.646344909365376,-5.978440000088794,-5.828630783929204,-3.393666439309757,-11.2344996963134,-4.356453535204799,-13.831923732619584,-2.118084735046999,-5.350803266935821
3.1575595601225355,-3.244990677236981,0.24087505681304305,-1.013658422570391,-2.326339758309458,-3.9629411438481426,-5.679702967157714,-2.15754026926826,-8.244998120895835,-10.643056569071552,-11.205507454611801,-11.439137437291084,-9.73840360658096,-9.055382599184112,-5.840073008977854,-6.291729670961844,-3.240524024754135,0.9769922429909752,-9.519929027895232,-0.8245868144054952,-8.599861282098635,-4.0599813674018055
3.15662155816314,-3.5933626595160435,0.7938879486677073,0.7879586558168085,-5.609339681806813,-2.5202648983309563,-4.212153044699603,-7.997485162603998,1.0609323533556094,-2.2344561367564184,-3.518807974996562,-5.785443131956888,-5.526995335290019,-6.275302914131847,-5.821026265470051,-6.599188129798996,-4.986958992354219,-0.2337343740456008,-12.358511688948168,-5.7786754553581,-14.659349863033002,-6.815405035017377
3.039809924315236,-2.9187165585357846,-1.4838798160563376,-3.217852139981317,-1.2558568274390636,-4.9373049851958095,-6.7308239294027175,-1.7969562940642865,-4.133834336365951,-10.585207742829184,0.4831713655290436,0.986744191430064,-5.179466063356313,-5.795191263528116,-5.801929539786241,-6.720719203285031,-4.947310329559926,-2.8767380304680197,-0.4981611125574548,-12.134992883498745,-5.51835591297766,-1.2033995938219668
2.2404733484391812,-3.1882929543962866,-4.080609937917781,-0.9666852542026155,-1.6273312903497634,-4.522441033850328,-0.13460105283415252,-5.6190124730021935,0.7728629680702326,-3.2510096802912973,0.5549206307146752,-0.3531738688838764,-1.3969300955634294,-4.246041381484159,-5.69617468574432,-8.921754301544146,-6.479930634337016,-6.43923396283639,-4.4847333594809955,-1.1904802120461488,-14.341000688370466,-6.1734898615385205
