script/wind150m.json
[{"header": {"parameterCategory": 2, "parameterNumber": 2, "lo1": 6.000198445256149, "la1": 58.999992894266676, "dx": 0.5, "dy": 0.25, "nx": 22, "ny": 24, "refTime": "2024-01-21T03:00:00.000Z"}, "data": [3.6568375949577017, 7.978215987091264, 6.222467817392787, 2.1340377612227477, 3.3652100857893186, 7.050889630839946, 3.7493510475120213, 6.603503247081777, 4.772177463230031, 7.15081577634244, 3.6361757574786537, 4.462435574616888, 5.843282308737111, 0.9090561474487053, 1.464741967646627, 4.806936049772558, 4.293915074940569, -5.36889687614803, 3.2746550836294084, 3.871998267137692, 5.269328189598036, 7.67144085137293, 3.252503683857302, 6.660281388415432, 5.290931123927459, 5.412625132531499, 1.5534116382588958, 2.855832384609468, 5.769090289015915, 6.268557504870052, 3.4932054116353717, 6.424738168207983, 7.376008701947866, 2.8639234618731186, 4.047123529602791, 5.58914385036956, 6.755466693234931, 1.4686672965877454, 7.187761131979306, 4.634872461807742, 5.909399562205832, 6.7979725366804375, 6.66427687991193, 3.970583705315231, -3.411817665975675, 3.5546003860569857, 4.672402813725012, 3.58399143145265, 4.5994552282624435, 3.7506243834793707, 3.5300167909331486, 3.971726968477734, 7.858186121590839, 6.184596014696264, 5.531117301004304, 1.7658853956587266, 4.37866251046477, 4.9919698534425665, 2.220916672827744, 4.842316013039371, 4.976840435955516, 6.081142234062259, 1.1631724272046413, 2.555613074289643, 8.939638215350367, 3.8374767654360413, 4.874662841608475, 6.259547982615812, 5.354439890303859, 4.089406826393248, 4.395454533770434, 2.6005345243973825, 4.9100254206405545, 5.171555776348705, 4.016549872772915, 7.794737927945935, 3.9876515439195024, 3.778820854501386, 3.5184470968789174, 5.927189143194116, 5.380037362956831, 3.0692150467186243, 3.6450854942248196, 4.576496175837791, 3.8999910704436456, 6.248506303150302, 5.528221746102527, 6.478711802981095, 3.420126136623743, 7.411773264174128, 2.4345774638989854, 2.7722325473115754, 5.443931066147116, 4.747322524306162, 5.369796907460572, 3.4509904963306286, 7.153013785262306, 7.077310458377263, 3.5202066115598436, 5.777912700178907, 2.9931253534910174, 3.942205023021272, 3.3463470320560225, 5.311789141203354, 6.3587357014510175, 7.212597547206924, 4.826972637684515, 4.660964413453926, 1.721769528767237, 5.891982830251983, 3.918107365391577, 7.226473097749656, 3.81204753580542, 3.7292347264825274, 6.5575322134401235, 3.0540398783871616, 5.647048442934924, 4.533374573258267, 4.360238158741782, 5.184406963939059, 4.913044768432258, 2.74057703316322, 5.690408009704878, 8.478951842247923, 5.957244077954918, 9.089369943882227, 8.537310634267023, 6.179104633119112, 5.937790061674448, 5.210266459046735, 5.661931635308557, 7.003484718504156, 7.121154056553592, 7.930051945747041, 4.629307345542931, 3.855927651522929, 5.159141390035365, 4.993017203986964, 3.555916349770643, 2.2286923845906337, 6.925973524433894, -0.3202032787342692, 5.552242315299396, 4.862926851251373, 6.636749883263795, 6.663558857408458, 7.691058690340008, 7.483706994384705, 5.231843821558143, 5.808513563973483, 6.925349650610651, 6.718629120975218, 6.580307611429579, 4.296814523835368, 8.618113471920996, 6.095744167144016, 5.176237529644317, 4.6138924926285245, 7.546033689614821, 5.848642107210382, 2.9025845140529944, 7.8385817060412695, 6.910681174836394, 3.6516108589963556, 7.316350029556333, 5.243182560238327, 4.280993152959436, 5.144784066112645, 7.064045845309223, 3.9795977607590105, 7.346167169324173, 4.991434668659492, 3.424290518373539, 4.206409631832652, 0.8769933331469563, -0.9932011450800634, 3.5992197133993384, 5.166786937057976, 3.8339207870009493, 5.78294167937093, 7.57399735764501, 4.400866214387557, 5.263022659794937, -2.730124866518335, 3.1709863667267535, 1.583422115452621, 5.6893295175359695, 6.715289458701132, 4.830592908835659, 4.754081015627301, 5.282937759230103, 7.691521059610942, 7.309143019329506, 3.6000339949525846, 6.569630985031719, 6.6751244403727, 4.3941957117971135, 6.9233563257829465, 2.055621546393472, 2.67929857325112, 3.203388463507505, 5.303004915221457, 3.5851711340695687, 3.65754221265029, 3.4082750462740217, 7.973951307145032, 5.885195506999212, 4.984801088333872, 4.5294149260087275, 4.784333363325132, 3.459935081482732, 5.284783436731788, 0.46028734768415236, 5.76560383356951, 6.147349144060841, 7.388755032989206, 8.769536343706644, 6.386833238732855, 4.184382696090681, 3.031098448829835, 3.5168899920270436, 9.406279015317146, 5.392661915688891, 4.8058110059921395, 2.2381681669128857, 7.125233722486829, 4.082454056529744, 6.4413112200273694, 7.201483028481403, 3.8731610503701823, 6.5700459479512245, 6.316873221902604, 5.335897446679509, 2.6445652261826065, 5.904764826571101, 6.743138920754693, 2.723776782006427, 6.765207512803356, 5.43600563648507, -3.588981007988199, 6.003239888217978, 5.143164891779098, 3.1053204649834756, 6.418440989185167, 5.658443557718699, 3.4135161013850026, 4.092031049476719, 4.669093307443555, 4.490027145588792, 8.441081274431252, 4.78588557051325, 5.395557699492583, 0.7445152072712563, 2.379696409516028, 5.407729557583671, 4.930289157696793, 4.344559138849675, 2.9584026470994678, 5.533495124645884, 7.512533002967971, 6.936944076473082, 7.0906099914146665, 7.280701761382297, 1.27145083426879, 6.808371001372923, 3.2917669615078182, 2.7324410603145823, 7.471412204993696, 6.254397807051958, 4.66767108027284, -1.7166479789227502, 4.832056189283668, 3.639070232490097, 7.082499102961124, 8.744033257727752, 5.91999286932005, 6.795787456047342, 4.191475697996233, 4.832997261540938, 4.412445240145917, 6.579124427221462, 6.05207858963514, 5.105203885639717, 4.439012428777064, 3.9522024593827734, 4.188327454030877, 4.777693170325785, -1.2559321783033013, 4.74863287590351, 6.779759044934911, 3.168774910577337, 3.5495320547510008, 1.4130998678260203, 4.179826368856486, 3.5500676540295726, 6.232592530877055, 3.2564925017133373, 7.703967248261364, 2.3950382531516605, 5.81907981643436, 6.195510938530023, 3.517770512080673, 1.6233216729127606, 6.250746415564582, 4.994253557833153, 5.444297762259838, 1.7537843804545625, 7.331156314209596, 6.17741948528653, 2.4196697343226834, 1.7395985299158048, 8.02154505985214, 4.1976594730915915, 2.0087702764636575, 3.6156908116443387, 4.684093542970804, 4.439690991817573, 8.068261442779171, -2.1498897283475626, 5.000888865118244, 7.25990372993242, 6.685595698408706, 3.5816922481365006, 7.489880021602452, 4.398864925655013, 3.536003016184366, 3.6576802491692884, -0.6250489029915218, 7.571581295070629, 5.739391637201975, 3.965719623710472, 1.744719952187671, 4.350669163730777, 7.543928933270144, 5.650430272306801, 5.968714938449793, 1.9951064468798438, 7.49437678242972, 5.87034257895072, 4.1224326638190325, 1.4860826048020308, 7.391087470713523, 5.621078382578872, 2.0114929774927277, 4.873340191861933, 3.0822685182232865, 4.530917417699784, 5.511338723574655, 4.203209474597715, 3.290195524893403, 5.296077942834553, 6.405513968905696, 1.7005799808252473, 4.866526903338418, 2.347555199624932, -0.5629934907430412, 4.339148367543556, 4.735283923858262, 4.9858721948280005, 3.611370346295374, 3.7898406291004343, 8.985910082303718, 2.63796049806185, 4.473167637864327, 3.5429674671587694, 3.439977608226607, 4.059352063819268, 2.9723332393806383, 4.153376954008362, 6.793739087138002, 3.5864110878165008, 6.562860916198001, 2.4741069608273323, 3.9860549359782764, 1.3675158905600584, 6.845438857618815, 7.077889263678727, 3.7726036954867928, 6.82497609881892, 7.417036728654946, 5.838766092224204, 6.224974846775005, 5.20927071694439, 6.434876940299229, 7.007579890088729, 3.683746926792646, 7.068219235105151, 3.8493309299769582, 2.8607342680479544, 3.8981676690644993, 5.472161318599825, 4.926038215895791, 8.605634364653639, 3.661212800236705, 4.504606362280405, 7.176732415680281, 6.035282030573872, 3.930625942157772, 3.2269311229039985, 6.661213808805324, 3.003105860311245, 4.684511929614989, 7.64388732060956, 5.444212048035696, -1.8732799151118558, 5.151942042157459, 5.668819443917351, 3.030535169499388, 6.199749007727423, 6.493799159909557, 4.207108946439406, 3.0953461171048895, 7.004614050774131, 5.076012567447794, 5.629064814133902, 7.757334372953233, 3.581015118516925, 4.978297409862474, 2.6818047828376783, 5.927357680553023, 6.472781749008259, 3.9417259954016495, 7.958383663769929, 3.230956990285948, 5.305227698347285, 5.811401034368287, 8.901768682249534, 4.12374986690834, 3.8133226514562377, 5.5972722094254825, 4.5166728658084185, 6.447138924054894, 3.499617800404801, 4.10010746310307, 6.659334144375998, 6.636325901903625, 3.1409834633673492, 1.5541106729380854, 2.2917414926852433, 6.4782763495523925, 5.05896983375824, 4.419682480573714, 1.8217566302566224, 3.6865728151079664, 3.12740451389404, 5.13768474454665, 3.371300563833805, 7.055382594006852, 1.8197963317709258, 7.016964406819312, 2.518635862265041, 5.089890103403047, 4.583056033450873, 5.884576233861317, 5.6822022132373435, 5.625396268091308, 1.793181915134352, 9.595432412188083, 4.513837656043135, 5.508887975078141, 3.149260611222023, 4.470243355838884, 3.6079882774943868, 6.534146941496656, 6.028796459635794, 1.6966893853426854, 7.65983135197829, 2.669870916240748, 4.5307844243658995, 6.0172504720174365, 5.236409294474474, 0.3942892387375867, 4.97599624307933, 6.534846025098263, 2.1358746821866577, 8.35118376862092, 8.273306265104628, 5.184062121588288, 7.288594112208929, -2.6889442666374417, 1.7941724870489442, 6.943713143990991, 7.75461858582006, 4.002573763180574, 7.199618523053207, 3.9782960560663576, 5.644384034977995, 6.946100820698138, 2.6848295890072915, 4.498235262181326, 3.2739043002963992, 3.538585225729784, 9.460449325117901, 8.071999794039035, 3.7372920708616326, 4.903313249669064, 7.686585113775226, 2.714541243645108, 5.169038934935302, 4.260074297336951, 1.47669751348277, 7.064663540614661, 7.367585235338972, 4.996021949159319, 4.642618732431291, 7.646341777320149, 3.362900148021691, 5.805295083080183, 4.327865891433545, 3.329754006680268, -3.5505666075105236, 2.5587159285313907, 5.117811514107843, 7.28224544592867, 4.211878309084844, 7.566325173657749, 5.578580512997691, 3.0721224838131995, 5.431595217850609, 5.4722982313051425, 7.1141863809328525, 3.3321571462220985, 5.637824418303765, 5.694250996231771, 1.3259629172249137, 2.956086008350536, 4.850713768017537, 6.547180314799734]}, {"header": {"parameterCategory": 2, "parameterNumber": 3, "lo1": 6.000198445256149, "la1": 58.999992894266676, "dx": 0.5, "dy": 0.25, "nx": 22, "ny": 24, "refTime": "2024-01-21T03:00:00.000Z"}, "data": [10.059887877292248, 18.078796081447503, 18.639443967088805, 9.87532320297772, 9.94702256041156, 15.687966421456931, 11.606749889874001, 9.95929925982308, 14.331417709791161, 17.60101321906003, 7.362544710736316, 12.496138903018958, 15.74662206094662, 9.879790514371374, 9.008319579375515, 9.309070399416216, 9.586435291365241, 12.929225004919758, 6.080910327501824, 8.036994304249031, 13.882384859013603, 6.686891684888521, 4.549048148892202, 17.046816810098854, 16.965273958429993, 11.092494225390178, 15.315900381429246, 10.908397244800401, 8.699503959644115, 11.89793717265689, 9.23312454937519, 8.063393978164225, 11.572211120807733, 16.1688424524878, 17.260029977023876, 18.822405995568758, 6.658578055933657, 13.81382940379953, 10.80491616002861, 9.411432392147738, 8.913515423757175, 14.029484423729235, 9.209778653565651, 5.998551467337034, 1.723166136379219, 11.177116324662517, 7.118341842589289, 6.7064789464247205, 11.2113457865059, 4.866867552653321, 8.970702878347476, 8.950109547871653, 11.515955416949193, 10.551144697047922, 11.396701379377467, 15.710780511037534, 9.98045592640869, 12.004194201288758, 12.901324083267241, 9.199206098550457, 14.985398292047012, 12.792991432622422, 8.85689760289134, 10.858538697911412, 6.124784945083057, 9.12982060750063, 8.238140722490797, 12.188883844431386, 9.900920398404239, 8.798271469200257, 10.888575396382342, 9.991293576459977, 9.40689064228313, 10.289073024739714, 7.4728719592633315, 9.12994104675267, 7.355276213284614, 7.323999198528674, 5.196382723501923, 10.832728636286285, 10.999100631479754, 10.559618443203552, 9.110935125596258, 11.049148563069568, 12.245391126207062, 13.767251963068988, 14.949186083959379, 10.398808060904345, 9.34688372676809, 8.6454356406447, 10.312813041010608, 12.57500384053128, 6.915388828152373, 8.666297726653877, 15.16449187904972, 9.129573371398996, 7.162418302686304, 17.559832105517312, 11.603774020863723, 13.693801678838344, 13.156769527329248, 5.619845983887721, 8.860481524287684, 7.394956630660222, 9.62511796524533, 17.743665043242093, 13.121580969719535, 4.613684000291296, 13.543760751714558, 11.097942770059246, 9.500282114095116, 10.811755824148573, 6.396024093146377, 7.942713918387279, 17.1664067844003, 15.64764138410775, 12.908334506506232, 14.433039079525386, 10.202302485523374, 10.729650359963237, 11.202119711365093, 12.209314659703683, 11.358682258672816, 4.818237043611972, 9.252085922927694, 6.426308378753521, 5.592132347644097, 16.715314238711265, 7.852057348254296, 5.839490069348589, 10.309940079604784, 8.062106061790374, 12.030472615102294, 16.058332913710597, 12.015083185354156, 8.788257934089083, 10.075944452385079, 9.61496555302179, 16.943206518046225, 16.659656202232426, 17.74024359117022, 6.0801866714815205, 9.478633246762156, 11.354226609752299, 17.171467609326616, 6.205129064887569, 17.611732585536632, 18.336458184735488, 10.196831394151298, 17.223590513025172, 6.934489915956785, 17.215112692521124, 8.138012282192687, 10.583470276753584, 7.615233130785969, 9.071463275337468, 9.188159583840973, 15.563025720846127, 8.342723352998563, 14.740702576819327, 7.629149266812044, 10.766287524188353, 15.10209187205864, 10.260114241404592, 17.82107333173127, 14.994951064256629, 9.971746952920764, 13.669348191798182, 17.56432362716872, 11.114204293616048, 11.622675857633977, 15.268664739198263, 5.631522370760426, 13.256596763890538, 12.383495760276206, 5.04396099166278, 11.226779243706732, 10.275904016746424, 12.456339730623556, 8.360239031973856, 9.292057726100058, 17.419055461916948, 16.228927158008855, 2.6153277703702327, 17.329272807240702, 13.100183950274866, 9.204968352522434, 12.093580449956344, 8.139686562301867, 9.995639676725597, 10.198424163210884, 17.766216774966612, 15.085192013354721, 10.403797607075095, 17.133255828128007, 14.666832891170264, 11.359103869085734, 11.105467414998982, 9.401133207109286, 9.539019533528972, 3.5362349870418543, 11.274447260232927, 11.119178277096823, 9.870495252824668, 14.837945251698567, 8.069829955098617, 7.144059950890845, 6.838956913907912, 12.125421998617004, 15.933925157445822, 7.51921442032634, 11.525102082577565, 12.968459675169553, 7.387937360939917, 11.071197351605079, 14.535270013002414, 7.28564768341259, 8.992613529570782, 8.60303518401416, 17.110919295027774, 3.155626868825901, 6.4000031209761, 11.786044161845947, 16.485801640932483, 9.727635636965216, 10.459357219234297, 7.537202993325409, 10.286994294243666, 18.816394447843667, 8.089022468070107, 14.456492204268164, 16.863975862589044, 14.464482101767485, 15.900203560876992, 16.924179134086174, 11.163678252974043, 10.622078237862135, 8.06634838497762, 10.179919836519097, -0.9039390861137655, 13.320989911910123, 14.019962873597375, 11.036726245336444, 12.060869283074512, 11.32075488160898, 6.421019505003263, 6.643407973910773, 10.60916794147673, 11.622394193885073, 6.689047803212729, 14.938483216822313, 12.003870026361163, 10.146147662933098, 8.890166115592967, 8.493342701207945, 10.977202067512891, 13.859334203347354, 8.819844427999685, 11.817368493994433, 7.578354372637598, 18.746184665484495, 17.34951231330227, 18.774390094617136, 12.201824706092337, 8.07148091087464, 7.612740558721769, 15.910155563380684, 17.89383394081141, 9.288425526333688, 10.99849508374631, 11.382608919568371, 11.397684570203571, 11.979788602393807, 16.742101378452706, 6.197292393075744, 10.474584650452115, 16.833341350772503, 10.390764631862591, 10.74575305230291, 15.974866864063566, 13.349358145936122, 16.75411378579299, 11.336062073715501, 14.85477918713301, 6.55127958677658, 8.290181267210311, 10.438753897785046, 0.37688215772638856, 15.886808498196702, 11.238119911286894, 8.752761698487848, 11.918474619761314, 14.572846917721941, 11.793442556924294, 7.800847197595674, 17.371452297802136, 7.942601943086192, 7.538321148441463, 10.5422416028902, 11.635871579025805, 12.335510428557914, 7.051189938355106, 13.157159582616249, 9.465151091583936, 17.67937845533513, 15.454313038405896, 13.335685373142121, 6.0155162216307945, 9.368677678997015, 9.681507136559466, 12.884674542180196, 6.072749026566146, 7.826269221129897, 14.784821378671326, 16.258551190702192, 10.616676327058192, 6.833225955274463, 6.235494677571657, 0.4023016387117766, 16.827108300003914, 16.856507859439162, 14.761593513272748, 6.399665291722024, 5.288214460221465, 6.826625685060556, 6.068789591219957, 8.801580533530947, 9.770920627893517, 17.432284737870912, 5.3529794224548235, 11.749688920574245, 13.899359149795064, 12.238144153546429, 18.455799751281408, 10.286300376686704, 9.616296249636363, 8.897189900976725, 15.873242999986736, 7.373933390075339, 11.388465786816836, 12.183472687479886, 10.523366865769011, 14.577611280302065, 9.565307955118397, 10.155891638343602, 4.812662538183979, 7.722128493900311, 12.139222558963379, 9.975436540923896, 7.826027249570624, 15.614717038437716, 4.663745410530567, 12.712528401161798, 7.984593684961808, 11.252300062961602, 9.496527903282159, 12.699338603499369, 12.110370436620782, 10.380564723160782, 9.22909008749091, 11.61412925481747, 6.452484027028449, 9.284623222353167, 17.555510532257728, 7.093702328560494, 3.794337989450774, 6.856487703775538, 10.334231539777369, 3.678266803437058, 9.99935208341107, 11.892131892059972, 17.19082583964632, 9.021304117754083, 12.253173778714126, 11.103861471169846, 7.884676159953443, 18.015315857123102, 6.885433911976792, 11.35271093617028, 7.635958626738267, 9.717088658093884, 12.742522498044295, 13.130762093199143, 16.628481205340336, 17.93111500125272, 9.321884966772577, 17.17760423286402, 11.641250834958582, 10.128770752708826, 6.712071425225867, 13.590916962168206, 14.748494579710234, 6.447358880414526, 13.387393882238582, 17.518119860712968, 18.19981530238269, 6.714159851738319, 11.818625499725277, 4.08205870872423, 10.059051920457014, 10.696587016341253, 11.256214739228177, 17.799502091721735, 7.540837467428431, 2.0760574696641516, 12.905103800198932, 14.078383136816257, 10.671703037391868, 9.98891807127044, 17.142695984612775, 9.987368310701726, 8.203147148294292, 17.187162795321512, 11.21571662818181, 13.670399230370231, 7.385188937873428, 13.262632104371212, 17.141669575844244, 14.025176921548043, 14.684755434653578, 10.242060530384377, 11.258743239403076, 15.759851248830682, 15.839255481514396, 10.692956804428611, 7.693472728886029, 6.076158456316823, 7.613265759043269, 9.362057422028236, 14.717117974034247, 10.240687405814958, 9.91069067196646, 12.517110190496279, 9.867415540328354, 9.097483708861102, 13.77443599863493, 7.372189441873602, 12.703404161944254, 10.03828945956266, 14.217699437339373, 9.173374931620291, 10.880658397533852, 15.45112691953488, 6.815395660431834, 7.3773703075506445, 13.633281016098673, 11.626433689044687, 17.068965585416322, 13.472480855310215, 16.069720318767853, 7.390220737373034, 11.06583605283843, 13.049854582458417, 13.323893551800522, 11.970382391384097, 17.087012526572195, 4.812348507315749, 6.4602121819802445, 16.054836127417556, 9.174606296293055, 5.9326767971887895, 15.899545906951627, 11.383451222334928, 9.924912439876811, 11.35967930093651, 10.064949967046527, 6.193027401704937, 7.464322731955735, 12.189161247531962, 9.440237258327647, 13.275630917216887, 14.124897054030006, 10.298868729844493, 13.865107960175528, 8.28693020226264, 7.5740428456531275, 11.7411298633346, 17.396003125821565, 18.013173804601085, 13.403217988839518, 12.953367060427963, 13.56973223213502, 18.236668699704303, 5.568690170315774, 10.99562408993451, 8.856489372253467, 13.12769816338175, 9.57053426377841, 5.61522783041736, 12.090251558767312, 10.584675377157268, 14.137392936159106, 6.550959046999458, 12.079813752344654, 5.318568525661445, 11.125421474505872, 17.7263373070773, 6.6185638399138345, 17.771239758669584, 8.20350210532054, 12.549003667234764, 9.991249246254702, 16.05334556319379, 17.148144725373065, 10.365781116999074, 16.949060968831272, 9.53308173390121, 11.524365826692316, 10.12573632779342, 7.990709264341039, -0.8179251359936989, 5.3975959481382665, 10.156303663851846, 15.744061963319, 7.250891525454511, 7.957623457479342, 10.32552013135608, 7.6173966257442745, 13.145731919310725, 12.291092306530587, 8.576730945430322, 10.920916465952805, 9.052443137386534, 14.107387888774607, 12.40399816125676, 6.384476745927608, 17.25900995332915, 17.126012626610557]}]