script/wind50m.json
{"header": {"parameterCategory": 2, "parameterNumber": 2, "lo1": 6.000198445256149, "la1": 58.999992894266676, "dx": 0.5, "dy": 0.25, "nx": 22, "ny": 24, "refTime": "2024-04-01T22:00:00.000Z"}, "data":
[rows 0 to 23 of 24, columns 0 to 21 of 22]
6.451492558194552,8.587143485143086,9.076346481812548,7.501071151679108,10.088242398515359,8.918704402641008,-0.5871298359344646,-12.284546096706407,8.906494035218811,1.528897280734403,-9.790180783892811,0.089824671454256,-7.076273737172692,-1.6069193248154254,-6.682451216624861,-9.954629655208292,-8.25884837399997,-8.719024192796784,-9.889932134437347,-13.184938780931347,-11.015714995131349,-5.376253885832675
6.9916430597093635,4.9758767417107,8.517719261239764,6.4443980099591744,7.4706243678999815,12.414911786939337,8.561846934391356,7.544831642351366,-15.834642326413228,-11.915038858106259,8.298757745823808,-8.517332330175853,-6.557083830699457,-5.201372740586304,-5.493821793852168,-9.500175490912879,-5.696425356823274,-7.25158733165722,-5.837984106983566,-6.6785882129632945,-5.971755613917067,-7.570373611481558
6.403330341906392,6.3751211757378785,8.974753375591646,7.124804323338197,6.13819976751155,-3.366128247207811,9.028247753492364,-13.675405499487312,10.129420836181378,8.519939724299386,-2.676872058473377,-5.427061123170597,0.16094006270270164,-11.177108449921125,-6.595422027529918,-8.587464945647337,-5.032396266076918,-6.5440125281725665,-7.834908507838921,-10.598894100807865,-9.345274824271252,-9.754579516814207
5.531519279861444,6.377369405234394,9.35061132885342,6.097413650165931,9.326537877099668,8.442193310733098,2.8957183181484614,-11.624632697653384,-16.606596261290917,-17.51101235352378,-12.301435866932314,-0.8651259098832464,-5.688140569918845,-9.64009483452861,-3.0973051014360538,-8.46605298056622,-9.410322474136498,-5.603519900394665,-11.938045303179496,-13.13855760866201,-5.5123056245325985,-8.103482430615262
7.3010911071291815,5.776710952976432,9.156656061224853,2.8063292213352478,9.77864605764236,6.980181206979451,9.055777653088557,11.203558801686945,10.757719695623527,6.553937732927094,6.256715453908025,-8.281000282773514,-12.301316374151781,-8.612031676512064,-2.9414115393100313,-8.852858955818908,-7.902829932024345,-7.1025709091494535,-10.567924463102448,-4.42514382769375,-10.355228191019053,-6.856840115753028
5.817733898255148,8.077824697985879,9.248758909784176,6.676577920266326,10.390313726762027,10.369435798558602,11.602782055752185,-12.404003294015089,-16.3850265018649,-12.710036724639355,-9.891967144773734,-7.415060695859381,-7.115690250738638,-1.2901361138766816,-4.341094375684296,-9.381890662809468,-6.526676382455993,-9.958550048215923,-4.651477197832308,-8.594997200524965,-11.076636394692477,-9.022901079971632
8.046401693522983,6.62991502247565,9.295158048804122,9.083151058364898,9.993839115857241,-3.486564486431092,3.9164168795914174,6.749929533674759,10.477222280811457,9.48237843438687,-9.956350950224932,5.757311034105472,2.658695558895691,-2.367585162571467,-5.959397273861255,-9.835658444397442,-6.2342314003826615,-11.106523745657801,-8.183892752096213,-10.01766330272052,-4.387613788648935,-5.304557050786245
5.781738554769787,7.268715892103493,8.483752349538536,9.334546892989575,6.63018089680372,6.104869945726042,9.518786251752118,11.586096458978774,-16.05110375429053,-5.30135551840266,-3.0100316814599735,3.5738107043423772,-0.5613456223989409,-3.5856651801145283,-9.163560437988526,-8.903412674360798,-6.46084397717673,-7.9387606241315956,-10.469908877605691,-5.22523095640059,-8.942460263321003,-8.264666533042915
5.965727541332678,6.985770559600681,9.86819868744063,9.683427509493319,3.4485248814592584,7.222639448217211,10.25310412773687,-9.00673078772213,10.557161153020534,-11.754191312145483,-14.011146177932911,-6.327287268389195,-11.207413153935127,-6.994144687330686,-10.69159911472324,-8.708431708301157,-7.521983960609326,-7.468711922329462,-10.876117049508062,-8.572050734765957,-10.165719086448869,-7.228041792758587
6.671307007937858,6.806160739759516,7.164105468812429,9.631435781297297,7.784172256052237,12.557618140634522,-0.6771589629399425,10.013612993346877,-14.954621889890552,4.523048906844161,9.047029332744074,-7.96618700205262,-6.56810754670057,-12.005544221437383,-8.28463373631301,-8.670964135264024,-8.231197948547978,-5.645688697194143,-10.230078072160948,-9.95048791567343,-6.6509860713495375,-9.331045096680048
6.0527285674380105,7.9382713556263225,9.68791113250794,8.611432188288882,8.630115253714534,10.257518889377566,8.589823459692326,-13.704040801571916,10.52852721305784,-17.431213640718216,-2.8085969969307416,6.9840463246738835,-7.457579813506413,-9.885523333267624,-8.091159180768372,-9.602648388613677,-8.64261474143324,-8.249797142473133,-7.599425364977465,-6.644007969886938,-9.613603816128112,-8.822607787866993
6.416860922233949,6.87082799258952,9.610197188714816,7.1496003991623684,9.521634642912467,7.524112588780364,9.778500737950283,6.4103067914408145,-15.750869310634268,3.5059176553822105,-12.28408551607127,-6.569908907385942,-1.5409163955481886,-9.07482699681551,-8.044958982506298,-10.238688536697875,-9.208339374525716,-6.857109354133731,-10.851919502993454,-7.821690588285565,-4.138920232260357,-5.3549001341027305
6.76753311854602,8.444891470748264,9.07190485159325,7.200440955543529,10.20926077299464,8.622497934969893,5.157752374002139,9.033735935462666,4.384125185604279,-17.36391240915216,9.041553121035498,-8.05411588860094,0.114248273369134,-1.7498723523770485,-7.609615102111502,-9.71886535723317,-5.618831533650741,-10.901248379414184,-10.893988534277,-10.77452755937899,-10.931936357134338,-9.234407748461434
7.334816881174314,8.865124100214295,7.093641396970272,5.944234402208931,6.103141390402614,12.576704339085095,9.169865383747235,-0.8335105204240758,-16.041030287624462,6.418147735926786,-3.3130582926994854,4.620261021947641,-7.493798311834694,0.4555430130281478,-8.339173273470909,-9.06787822990171,-7.899041660207786,-10.767906011762983,-10.852751597488387,-13.17275222555003,-11.712752824019946,-5.698264313140712
7.92561340637417,7.325863919678786,6.394497825736081,7.324188416063198,9.804193875611505,9.089692042407762,8.26736012656138,10.322745119501239,2.3852164186414964,-13.030226445593023,-12.700293467987624,3.3163065436813666,-7.270113656077347,-2.259352435428153,-8.43766634971083,-10.00810723835644,-5.00905780897305,-7.1496202736404815,-6.919402715783369,-8.788841289808675,-6.805221952487833,-9.842340448734076
5.679075299557926,7.518813469054268,6.2102052050311,8.126138747598887,9.118573355403385,7.1358988162265105,6.733831086469546,-9.617467970343768,-16.909628456078956,8.835904138215916,1.2638900758536054,-8.75595822177426,2.8452245797395217,-4.050422315836239,-8.04985812263457,-9.30941776214423,-8.10795854445185,-7.265198400350835,-8.435929703891302,-9.5416989199682,-10.273356517444721,-10.428021986146526
7.286220996874286,8.13432157485961,6.562316807333447,10.414144568677607,9.995795354508104,10.10555258959027,13.241244457580228,10.96398655047072,4.181545481605641,-5.542968366078418,-6.700047968884384,-7.742794071851076,2.7306621824400232,-8.714245608311664,-7.309177138837103,-9.227139459573692,-8.793162782771608,-5.323669946951644,-10.17057820140583,-8.66550146077369,-4.086390126280567,-8.971916390921132
6.525101904445924,8.270792597484522,5.869236762795342,9.022682705845341,7.218191104159728,6.5420205208193885,11.432721937692783,-13.876328297916674,-17.207675515640442,-14.6978212378538,7.171834282913232,4.970865933542324,-0.6351941332058059,-11.6263260258257,-6.235816703284755,-6.430872485440472,-5.761789264949887,-7.854542188540974,-10.551305802589965,-5.4701436864571935,-9.201558361561775,-10.24205486548171
6.615851512921828,7.103574424492502,6.363307432879066,8.90099370098743,3.2668041406883597,7.083353226206323,3.0331450578837527,7.7169308058395165,6.38453856533872,6.580188706494355,-0.5040902911317667,-6.025613729984906,-9.630499051994523,-6.146967413824843,-2.842140796258732,-4.794672734070107,-6.923687601431817,-11.171914264183892,-6.6100931353382,-10.551444636829807,-10.598712097345642,-9.190421182060781
5.867943989723349,7.23204787365235,5.384388053081924,6.446755302941472,6.9736876829936225,8.467961898081393,8.066558975576864,9.86107065322984,-17.324091151555347,-12.40782813574187,-7.137076538595504,-8.286473125838382,-7.077965274912977,-7.556850347925278,-2.9861627722546573,-9.389709809346103,-8.264159970526828,-8.40297819008587,-7.7315071605265295,-13.202093538617284,-7.154728191339536,-8.921649007047687
6.308877171143803,7.8697314423701625,4.810056679591208,6.624865945143872,8.70912681262594,9.49636890579465,9.578063102065373,-10.198521589448385,9.437154588564718,8.586332415772798,6.772644380714519,5.711965220612229,-0.20683184391151946,-1.7510068000120327,-3.1024095960653786,-5.946070632812112,-8.445253608812902,-4.958769644298945,-11.240705399682597,-7.047516799647526,-11.026036998460691,-8.072855242911496
6.785037767133853,8.672704333561612,6.217321522855236,5.017145218083131,8.989851321259861,9.656392727967152,5.751712131809552,11.877019141957986,-14.057425541589145,-9.886039534362586,-1.1617424677203734,2.0477093917973606,2.5337833391377598,-0.9326538888292533,-4.154074027182309,-4.736046359587076,-8.288941721017979,-5.790808076437242,-10.46726425486851,-10.07319100562853,-5.6095090454039855,-10.083818717025263
5.829419703976005,7.775338463531282,8.982102413892884,8.437538011257601,8.028532675216741,8.542017483738467,12.388990005739174,-14.365867592484015,3.4918248257778304,8.680173422926316,-10.570209491604087,-3.755636075163714,-2.2045981194733786,-1.7789096258716832,-4.505657678370793,-4.09320503071591,-6.97849311226966,-8.268148339088235,-6.797490069600016,-12.547508098124462,-9.94118976889685,-8.961809784820062
6.096354578384064,7.906549425351732,8.436029692294918,10.86480546317382,7.717673874351966,7.739727375074819,-5.569276168691546,7.167041654731743,-16.125846453939054,-5.456938071129771,-11.149122714065665,-8.29957372504009,-8.685485619235102,-8.837042836801944,-5.332599035184913,-4.716082509446658,-7.497030839719863,-8.62994167278576,-7.626565905691178,-6.405617156467041,-9.853266688421813,-5.4329380033031285
