script/wind10m.json
{"header": {"parameterCategory": 2, "parameterNumber": 3, "lo1": 3.000054539987559, "la1": 64.9999836372058, "dx": 0.5, "dy": 0.25, "nx": 34, "ny": 52, "refTime": "2025-07-30T03:00:00.000Z"}, "data":
[rows 24 to 47 of 52, columns 0 to 33 of 34]
-14.327565797011099,-14.67445345299188,-14.72504657589123,-14.55005762605177,-12.403297194459478,-7.005507953699611,0.345589785963633,-3.1009832997098745,-2.0472446306352587,-1.7592365303368296,-2.002277499779177,-1.3249545532758433,-1.0134534298212265,-1.2173637322474318,-1.1586254072392803,-1.8952188510185208,2.605867220090353,1.6378409807261423,1.7728484731657579,1.0708111779627476,6.210800910361456,6.877962599833815,2.496476626452319,1.7489348224062955,2.155715756960604,2.3326507910694914,2.200951506095464,1.5778884130427588,1.4326401316452921,1.3134471238864465,0.47102933039675987,3.541812343923215,3.6736317135673793,4.2240066880218565
-13.58891629641463,-14.007181344602774,-14.396357489137195,-14.27636041011639,-13.041982348936372,-7.960381283306166,-0.1340158801020969,-1.8312606719901465,-1.2938313437281492,-1.3804350092011777,-1.8905209646048646,0.10144311772738096,-1.092006596472889,-3.1370435142553874,-1.1301764541092092,0.9821094548793083,3.6731662184576934,1.6989707286723459,1.3496568719812518,2.9774478690112574,7.714744674125972,6.966176697555349,1.6480818705952751,2.490040040800506,1.984937938964566,1.7867104816596817,1.9429451314063866,1.7122723845486276,1.7811297465153475,1.297118964926612,3.6950838918943,4.098151918054749,3.7379664976600164,3.2963132627945204
-13.152537021775252,-13.45612287256368,-13.894199919827571,-13.918327665800104,-12.9402006799524,-10.579584700022789,-1.7167070933940467,-0.7398604420900718,-0.36710513842687287,0.2936994554436087,-0.004691821547573365,-0.7463535449812846,-1.9581652500272342,-1.8787821179127238,-0.0015773343870630243,2.8808144142818572,5.644817470521523,2.200435898464848,1.588738991204051,9.539418439534288,3.3027734795619605,2.9575274484393885,2.319196739774228,4.257145906651525,2.9102735029149267,1.6492804077632817,1.959214988019756,2.1894711958047037,2.984668408598654,2.947026421059191,4.105200051900507,3.964075787484828,4.03152151010512,3.1731685932035623
-12.895497664573744,-13.112127526823466,-13.27495124558042,-13.339830129226337,-13.064266850828316,-11.728168922367542,-6.585567393093262,-1.1509685133329555,-0.05101885081828778,-0.03251349279938643,0.3272956753847039,-0.6294458473442699,-0.2455828802026322,-1.8956455339190716,3.2315195402662393,4.902529404881511,6.370924579994511,2.627205026432527,3.4055631631712844,2.129130704937148,3.705180446176237,2.9837470318270722,1.8406578556374162,6.579744905313335,1.4728713120772945,1.7630820871384754,1.8997439036669275,1.5204439492955375,2.7536652190739015,3.5189018929881297,3.631265018873279,4.165557179498618,3.8421636820953555,2.9002955726597466
-12.235942841396756,-12.532480989694756,-12.451897199467314,-12.496572382732484,-12.80371574692648,-11.954225097578076,-9.841416809228326,-5.520290473414883,-0.04755370391569704,0.7131415636916234,0.18233916188559626,-0.5737654867196523,-0.8433131145027198,0.009995546740196017,1.5008908939466397,5.488866913197251,6.574414089540289,6.555916710087516,2.700415188325915,2.125173401464776,2.398963362405569,2.2187289724900743,2.173479085767404,2.5247219967961274,1.9910240821543834,1.2921174526095809,1.5417169375184563,1.4046281193658672,3.8153954939926282,3.130240810636351,2.848199831279226,2.9259125117575504,3.5476881085674674,1.4628140413443094
-11.719674232710288,-11.326500235820738,-11.545281228860185,-11.318483093136257,-11.442113585257387,-11.348340255225922,-10.164302340653263,-7.54944933903232,-2.49886399437242,2.204216988642341,0.9949197917637824,-1.671704234089044,-2.2161356219468398,1.2014511491153317,4.506154013773842,2.1860580376383827,7.582549761791143,8.170128101072246,3.770205568053505,3.0297063818732477,2.7059885351328763,2.8126675791811637,1.8393628658143586,2.197718513980117,2.0898191284842422,1.51298582310257,1.3408338681288636,1.4373082029401516,3.0786674774794864,2.6645981551896694,2.5792855122067198,1.9139552539359495,1.7351745356045896,0.967494340905556
-11.246277548791147,-10.8846107228753,-10.506813824243116,-10.25427605451785,-10.233171264827392,-10.03426412149729,-9.605567698693356,-7.710186086926887,-6.339030317008221,0.7049503960361161,-0.6905446954554808,-3.2934514232636953,-2.597538199330693,0.005373558988824651,1.343261483772505,4.885593273163727,6.7755269370026,7.276785048184464,2.4858939082970726,2.111450711342036,1.0345711743305581,1.7967275279619137,1.8388300458637639,1.9414280221050597,1.877133103151395,1.2827369011245182,1.4992842648816522,1.5706664886722812,3.345881452054943,2.409148932581873,1.6888404238788728,1.1636450349520322,0.7390335269605584,-0.4287663333820752
-10.74795445854834,-10.794963817725328,-10.133333615099927,-9.983307700623769,-8.855552645380238,-8.759846315607358,-8.029880734485822,-7.729617282310502,-6.434580873233787,-3.1053933383780574,-3.7196722517077174,-4.073111642495428,-3.2073022268203357,-1.4057705781928709,2.0710659098992252,3.0854489076554703,2.607272284628093,5.804343900287123,7.0528607201073275,2.5134339929497176,1.9431713105032287,1.682516999405946,2.0327290777873177,1.9980020483785161,1.92973731521324,1.6445864635152958,1.1236623566116677,2.5175456883643887,1.0937094347453953,1.9436490285837085,1.3067738715628845,1.2884111724420115,-0.4880682526803084,-1.3104172953662585
-10.469493296595198,-10.647577788969942,-10.318755722948254,-9.130607638679903,-9.135178523926722,-8.213556965414895,-8.349174486770675,-7.660595810683325,-6.087243544253175,-5.31617609204554,-6.293159130990949,-1.2937086078884084,-0.4636768741172143,2.205786120296965,2.565183819708452,5.611957534495946,4.809888166062291,6.221745160640903,5.982123598463333,1.9695840880212538,1.6424687567568679,2.0600248242465407,2.5000189149726935,1.57336144443502,1.6947285914331143,1.520722432597066,1.6686299203496342,2.4750465476549093,1.892516213643201,0.9657496371367577,0.9371375390415718,0.7985817127335636,-0.3341367731344994,-1.094447341923777
-10.005897261233953,-10.262061097257407,-10.066545768636345,-9.495674725281196,-8.743390771299632,-8.225318924242618,-7.937468774959921,-7.962161941880589,-7.318485091217095,-8.561378244524764,-7.242582520139942,-3.142782619048901,0.9526351653198509,2.0760622238099877,1.6721499365123886,5.7053483299681,6.30370977905299,5.538381281087556,7.438780806941284,7.99897169170438,2.3580901756033734,2.0781428361029164,1.9346030824838705,1.7890057340729506,1.5095727324185584,1.0790263142374845,1.0235552655809463,2.545262830110296,2.3025726352742666,1.1176930436219086,0.5851039174467353,0.8724456921568181,-0.3498895439727471,-2.081067077986237
-9.643385389624857,-9.724066074900858,-9.316855000951104,-9.302402024139294,-9.368334594175483,-8.38625223079271,-8.009293531640264,-7.651823198481454,-7.42931443132885,-6.592879551366773,-8.904727977812012,1.0517985266874303,1.5032945608026749,2.4416398069420113,3.2439546701038657,2.8945620182240352,4.382890758366983,6.7181495121239605,7.872037192709893,8.07580076592228,2.3502315109466676,0.9222987677471528,1.6371762472885816,1.6468413943093576,1.5790590514842169,1.0938533710364728,0.8130336405531826,0.9788016127826865,1.8661432432748577,1.45970276884539,0.7164110987168922,-0.27158614839768863,-1.1371333272866815,-0.7995791936668502
-8.853933336961838,-8.139591930488248,-8.27175205019157,-8.40604189631014,-8.398677619013114,-8.45867888183826,-8.34259275064618,-8.198391328053221,-7.478342302054067,-7.455384042623784,-6.828328794586987,-1.3861766524009658,1.790650024003349,1.9290849745187744,2.851700295773866,1.9036037187950066,7.751203746508331,8.282932928277553,7.878286224908523,2.9638247441571957,2.0352064335589084,1.5670893793872978,1.404826355246507,1.1385758086188296,1.053044190875095,0.5230352989523048,0.48879833209825096,1.1128184947064301,1.4927882272893562,0.31914975832693837,-0.16939428072835547,0.3434246015385661,0.054914323276199224,0.027304016347540205
-8.80052464465126,-8.245907002832636,-7.833876957952021,-7.976417965798106,-8.049191143876955,-8.26248811463337,-7.698972431596887,-7.841590137659848,-7.702277541629399,-7.528584066408319,-8.989071922598704,-5.096044442021055,2.109652233750869,1.0313117450364664,1.7131942094341155,4.125939928416763,7.894051052740806,6.551395040259618,3.10288253956279,2.2381854684057996,2.4089938041975025,1.5593756045512916,1.1843137538572694,3.336083208562106,1.8640886726782426,1.444899664977034,1.907833974019695,1.8117952155373898,1.7010559767867437,1.0119164789462172,0.27487718882632495,-1.1845071352373278,-0.6387777115960771,-1.0507001378766356
-7.932626319383869,-7.818772111619066,-7.801626136215679,-7.843072432792301,-7.831693120519251,-7.897229566741753,-7.920255284793809,-7.552555412572144,-7.5357822790475035,-7.695736705889606,-8.732710875707555,2.9231159946070457,3.7735357270213186,1.7441652228115885,1.3382218100129752,2.6735891651293606,6.719397250904194,3.0207224098579717,4.624992035266822,2.997651719396747,2.83759409072114,1.4764285134533934,0.35993868259330086,2.0204934067589524,1.6320523854459277,1.3113974943374513,1.2044263634267613,1.6714657669319992,2.290871973894619,1.203406852877215,0.29563556254895823,-0.18662215034857982,-0.5410841611971783,-0.7069623487913275
-8.130701096364502,-8.002661351698567,-7.811010171948005,-7.588560961697723,-7.031088353236735,-7.198928905188308,-7.2346939000019335,-7.243815355745204,-7.166612025491723,-7.4570132636832405,-6.682372197254637,-0.30978491888919485,2.2165831257865958,1.9968152333408558,1.093144096281675,1.109357734438444,6.409806826317753,3.655416429539358,0.7539698904546265,7.078040674377327,3.334162761026705,0.8429188202653697,0.2605723005136495,3.46375793315126,1.1599615099728862,-0.28128768651268177,3.1973658386015735,2.523186545561028,1.8733929352021839,1.1395419270898421,-0.033220961676903624,-0.6846998096122573,-0.38697318053325586,-0.691678605136274
-7.8428349997538715,-7.946645777522068,-8.126103826425012,-7.844088944731576,-7.163788898961663,-6.803505926295469,-6.653800817531141,-6.560056141151135,-6.573856673265195,-6.644788679990517,-5.922379354630033,-5.239023759753046,1.6437283522798452,1.6921724480416,0.5376498116498873,2.26542383247085,9.052845507765117,4.435898625787653,3.6291638805845774,6.914341327999976,5.4342572288766675,4.107988534059631,4.260022234206189,3.584663615449469,3.2953295595900944,3.5132284545270536,2.7793897924275326,2.5716548411047193,1.781225093641278,0.6671518350903407,-0.3235213622618152,-0.6124928233068562,-0.7774116777248742,-0.691025818795258
-7.398479450066676,-6.977351463069305,-7.359562593602472,-7.525945229149051,-7.411341203959791,-6.814549846525852,-6.282267293679763,-5.676402319312541,-5.624949102803924,-5.422971438166848,-5.060636411340153,-4.820240029757684,0.9154868674557646,2.4030702622110174,2.839217109799517,4.474754070040499,6.964478014503459,6.602612521263029,3.478833250546021,3.215721263534998,5.0509583510947245,4.076551917031272,5.0756254426805425,4.583971762524828,2.4405412392878585,2.818115133935255,2.4720803328529284,2.191942957820638,1.5302384804743043,0.37210375430126286,0.7766106178186444,1.5867768241387656,0.5220149221741627,-0.30715138082601257
-7.15213362213293,-6.730147346152166,-7.024376206779855,-5.574680184794956,-5.686013970358867,-4.88499905510927,-5.491581086069257,-5.332623737235328,-5.170773469990794,-4.804901679989669,-4.859581568385161,-2.3034795586567305,0.8042412232331767,2.4331898471918514,4.194058703151984,6.167546327127392,7.05380733584695,3.9355377409717263,3.0623932109565137,5.779413964004085,4.215770153215559,5.876756797065065,5.087878287127882,3.306421607773758,1.8005805330682383,2.94540867936643,2.7452732101620847,1.656221395707476,4.755903132444184,2.133714178387991,1.9197901421380001,1.2175766021718484,0.2270013485085806,-1.1545473266774091
-6.958495711194567,-6.89483329086426,-5.562149559584432,-5.895307435193879,-5.149825859699276,-5.457419335657176,-5.594312980514932,-5.407150331139489,-5.084684102405882,-4.53135137969441,-3.8035281751049714,-2.8755938280349818,-0.08450884131131146,2.0946101906407804,6.321043419173254,6.871953736070549,6.326735318239738,5.564633668608955,4.6296356832839844,6.303557344187219,5.783808440047526,3.4284067558402755,3.572675469034008,2.2673505576273985,1.7827859762149938,2.7515242317778696,3.657401487970439,2.7058073128593754,1.7927518268778655,2.1064589922041,1.095072828332751,0.5252878605285143,-0.23351271773743335,-1.5396548228311786
-6.197322992740086,-6.644971858053968,-6.770184767187851,-6.320950499151955,-5.917128639511589,-6.037913259261799,-5.818741974048252,-5.612365799069022,-4.9992225227545175,-4.164925214189053,-3.2214245298994575,-1.959657060306554,0.5258212661534983,2.445837181057945,3.2132375994596596,2.836373209684522,3.0756207913932587,4.923726423426452,7.0567456313021495,3.101539016844389,2.0524827122823632,3.8617567486998605,3.607754707829392,2.2408089285360675,2.2191100603826674,4.683505711137157,2.8268146334419515,2.2491503601688168,1.0218864658669908,1.138537273435638,0.827800295429691,0.5301488631424212,1.6034595801785143,0.6062686487093525
-5.520595204131363,-6.335409535723798,-6.718141266357619,-7.3981426856400825,-7.228297787932968,-6.716136706594346,-5.646239943343779,-5.2684585690041565,-4.746320312128046,-4.4184002506171245,-3.350907808226956,-2.587004045599387,-0.18544369057939097,2.714545341851542,2.9888938454285365,2.8713588071594223,4.159828364737844,3.773897726470537,2.9464890262088117,2.8871909926019623,1.9719802056722797,2.182867058636202,3.1376604572151594,2.7392928894305846,1.6779483148950294,2.2946593683755956,1.8052089187522211,1.28286123245316,0.8750920266892703,0.7387339703636083,0.4707166391336372,0.008899485775671226,1.8459226216895634,2.246119491309607
-5.720489985487446,-4.997868180985613,-5.529645826682521,-6.444739537023619,-4.082122114072667,-4.1310117295984385,-3.722571145720127,-5.503958481618893,-4.734352651741257,-4.129950812274739,-3.003324330004018,1.781378543825544,2.7201504483011565,3.351734867474296,2.5732073861212297,3.069825240862535,2.9721757709818504,3.302625035952895,3.187167559270598,2.5264931252583946,2.305415783579465,1.9229244369545302,2.0428520875755765,3.0466992483595896,1.7317215880963102,1.333417254834977,1.5501594027090768,0.7262428102783487,0.9013301450238972,0.5987756582493413,0.4554944281671595,0.5740533633030089,0.9011872763899008,1.2370929225272094
-6.485805590871935,-5.199559938642887,-4.4696095756337755,-3.8998707543360593,-3.985195839652344,-3.629667908770181,-4.011343090526854,-2.794934514301189,-3.0262612738588177,1.0126852044690755,1.8183790753060556,1.525970161192569,1.6272802105594222,1.793959935453361,1.4589350360764433,1.5872075336943665,1.957907843800685,1.9751037905972997,2.6489859376130505,1.5010835245994367,1.6650865199644342,2.0451229041384993,1.805935056015475,1.5808097546674074,1.7866115746691136,1.549100603890948,1.2157420350907073,0.3627143630077082,1.2097893510492863,1.2280118199092258,0.8386036306847534,-0.5533112492334588,0.3204643524203252,0.010781055350141169
-4.586821959925936,-5.617264608046459,-5.382769995415204,-4.85333980179784,-3.837091067825602,-4.214124308859359,0.6017089295081591,1.554417305767813,1.7747072029966457,2.0806317769709146,1.3626273980817878,0.9705587458249291,1.3403940866862962,1.9862843201794598,1.8013589493212034,1.8295243790117897,1.24769553415058,1.809242967457315,1.6436576859875842,1.3112050368881552,1.3061042287560396,1.3917521362789216,1.5483831629607117,1.7052519029630846,2.000470452764705,0.8764666834294136,0.6328202511495338,0.6586929719908718,1.4450540545174564,0.7735172742837679,0.31538620548212115,0.24183255084073535,-0.4928188173709103,0.5691056031000531
