script/wind10m.json
{"header": {"parameterCategory": 2, "parameterNumber": 3, "lo1": 3.000054539987559, "la1": 64.9999836372058, "dx": 0.5, "dy": 0.25, "nx": 34, "ny": 52, "refTime": "2026-05-31T01:00:00.000Z"}, "data":
[rows 23 to 45 of 52, columns 0 to 33 of 34]
-0.07778431383368067,-1.2880672777366744,-1.7074965994001874,-2.819356825305234,-3.4126000751964223,-2.229477290585653,-0.4162515613284029,-1.2572457611763475,-2.162171287700477,-1.367111307377725,-1.4662351537489948,-0.41230695830867303,-1.2587889246092783,-2.289216397824249,-2.281557628147474,-4.4300621640031075,-1.1399297290441768,-1.1960975445204998,-0.7387764969294837,-1.4510585877923745,-0.5921346366498496,-0.5713554806070404,0.4127346354672888,-0.8009998172572483,0.3065795641978901,-1.0054797551342771,-1.693464744628703,0.5922327649878711,-0.6164409205997224,0.3527326482101741,-0.5145341291372795,-0.36707536012328573,-2.547597523889535,-0.5918818176032878
-0.3973040887407507,-1.1763640439265521,-1.6082617275417845,-2.2543367196216284,-3.6867068159225247,-3.437441287418071,-0.05036422709606692,-2.601114771807082,1.2698293981509052,-0.555138480279057,-1.9391972432035096,-1.3457544002413924,-1.3880562075733356,-2.034716910334113,-3.244031563075102,-4.876969498451652,-0.6763388086883502,-0.7423741949767477,-1.290959641047519,-0.6575565706654145,-0.4604459147246788,-0.5020904413702147,-0.6631308344416672,-0.6588524880059801,-0.7487704159327487,-0.250742447170541,-0.3749887053048398,-0.15891092405678617,0.8172867813563125,-0.02066067164440296,-0.6082986816372528,-2.2814994373604063,-0.6558738783740754,-2.1678646245259947
0.3886299394818127,-0.7920344569613529,-1.4407325891075704,-1.742087362538592,-3.084779262675357,-3.3258248283197425,-1.6485000341518325,-1.9261014414711892,-0.8774134801350458,-1.8388864721972553,-1.8296588938604312,-1.136330707945381,-2.390692122294719,-4.01644706102117,-4.719267988341633,-1.893842999053681,1.6204814550118045,-0.040395122022808816,0.7116536928697985,0.7745813483015714,-1.38269621202646,-2.6391300367631407,-0.41793957788119773,-0.8347914373594614,0.03953155253945409,-0.30592217787724374,-1.077136664324899,-1.2034860673112524,-0.8106806705638333,-0.06630136572800374,-1.8968328755086783,-0.7595210217746201,-1.4532113424127648,-2.29604711520327
-0.030996244077229725,-1.4789100212579513,-1.971675576744694,-2.502932343291873,-3.5379341031599867,-5.595924651852106,-1.853453414277528,-1.3108085232070743,-0.4532246138086579,-1.555030218806144,-0.7484796345089203,-1.5016458434875075,-2.0567877364860014,-2.9350999434863265,-0.6403145835625506,0.7268114025806282,2.214604211480899,1.0960921113978381,0.33859317865632055,0.8804970701369579,1.2430250579969182,1.3085196973967557,-0.9233221651381509,-2.081764157291759,-1.8824008492092634,-0.7925206644681443,-0.24364841966670078,-0.73436504883913,-1.685482461992656,-1.8149358675340834,-0.9906854723168752,-0.9941016728780968,-1.6513156833021319,-2.5601340793270158
1.4908246468999378,-1.1683369801482548,-2.583622080518937,-2.792562378527455,-3.9986670978081147,-5.4275642129453665,-6.328684369347855,-0.9245632022145868,-1.3021474635419052,-1.4277240474889064,-2.259920778825142,-0.5700909233276036,-1.4989413060149746,-0.23831741051850355,-0.3359286523736093,-0.27097423232363543,-0.5267388285938357,1.5938625110395175,1.0659333339990484,0.9919811804615847,1.4056962721204498,0.6070195601199906,0.6467281325654228,0.3166579548977216,0.3318560145639598,-1.1999635893128489,-0.8922480791196691,-1.6209595068560658,-2.0876319894706574,-2.341125361553468,-3.0349132536431105,-1.3294585699401553,-1.3617546429895326,-2.0949485706456805
0.5919989584787372,-0.9441203671638647,-2.1462486847701805,-2.456964071702558,-3.649975338219733,-4.948535512112076,-6.358359470492214,-5.681333183393775,-1.7375518054928083,0.033358327066328346,0.23627965928169106,-0.18315256908801086,-0.17048056559872507,0.16876918553968204,2.8714374913559713,3.6958224529999155,1.8558588223169241,0.5629110111558583,0.8406101880529885,0.8550542470583253,0.7587015718434439,0.990991634498866,-0.5152335217835359,-0.5994279663378165,-1.3463516113631198,-0.6452286512792139,-1.1398483416425609,-2.1282479530347667,-4.325380448004851,-3.14178911070674,-1.4859410710529608,-0.5530379224694755,-0.8662929359188511,-1.2586771910735448
1.6171228639458786,-0.8960796947876709,-2.3241982807256703,-2.580669546717269,-2.9293398445440393,-4.237081580750162,-6.074004766125398,-6.180635663236856,-5.427402882076637,-4.169335795660906,-2.534498505925295,-1.1404871962772212,0.18149033281931998,0.8512745698789345,3.9672052119033263,3.604506779732194,0.8661517255311904,0.3317719509752257,0.5729524189005368,0.24670148441548534,0.9700004324895068,0.5809239036571763,0.25772040525094747,0.14091676584090224,-0.5086459600247724,-1.0779577634293593,-0.9063714922295102,-0.7971870824637846,-3.30156266522177,-3.999757624574363,-1.784616964805938,-0.2605949650270653,-0.9119710311056695,-1.6591510678989323
1.0105523822017504,0.5680987105806325,-1.7385579075239153,-2.7628692957628616,-2.801560510045487,-3.090740322580093,-4.205910952009732,-5.443785049772081,-5.444863043745702,-4.900803570532803,-3.7660868241987258,-2.2806937905502083,-0.6395528006173783,1.4589175060072685,1.8411382508339451,0.8471191690756162,-0.020981446833689476,-0.21228669466697603,0.1705077677458458,0.37252012302566423,-0.14101479399669728,-0.10298741916199473,-0.5487397882321803,-0.8180712074574373,-0.6584515409736836,-0.544043662412987,-0.07825997545661051,-0.5764551712944435,-2.898918967820231,-1.5839671980012922,-1.9096295050737147,-0.3149230362588121,-1.79757846134865,-1.9481480887176332
0.9403029786085624,-0.43209366158818674,-1.6822355750498617,-2.9685664850296227,-3.2331583231486163,-3.098243660443777,-3.6191143911559074,-4.6812657567093225,-5.1929788448494545,-4.775806639420471,-4.074695675444589,-2.632894897586514,-0.6872823206997787,1.0636283704071587,0.49633548593054255,-0.5035307049701157,0.3811969305251036,-0.3703259273479576,-0.6889231632418769,0.18491328485542982,-0.14107656857254727,-0.4399172489601385,-0.36677378169255237,-0.31415454668885817,-0.6294785370905605,-0.9174429813037903,-0.5584829379181119,-0.624823833587358,-1.5130723672880568,-2.1226002631602623,-0.269428165675087,-0.601946856207519,-1.1226032281368263,-1.4286040884907425
2.004046618075996,0.11070855311128835,-1.639792095536964,-2.9322077322924076,-3.297331633369397,-3.407725987398028,-3.3140352000951636,-3.365967595263492,-3.7130544244823738,-4.329812152680607,-3.53801393033,-1.01700374120937,-0.9661733950891971,0.1325432005137872,-0.2709368661471064,-0.6115270723310893,-0.154217972300134,0.22638863164657688,-1.0557149934445536,-0.18677447985546589,0.04156009407357596,-0.19992682128749462,-0.663600119225412,-0.5043287061568295,-0.43783783089011524,-0.4387097616040229,-1.1558845162781723,-1.0730894623039793,-3.8212214607914015,-3.4517711943441833,-0.8225606838254723,-1.7918420663011294,-1.3093276449946052,-1.3970214717226732
2.9119581628885225,1.920055828027109,0.9722796236886713,-0.919627262156905,-1.3505725093825982,-3.416198658650646,-2.9123464378728565,-3.1483417865068346,-2.9229692788356143,-2.478589080112644,-2.679578139025134,-1.3902305404727497,-0.3809252450123837,-0.47566564237386344,-0.42671334613295386,-0.7730536684071857,-0.7113073015519039,-0.5745551339299098,-0.5725053272233483,-1.4491408436377655,0.04050638998094767,0.04422509548662999,-0.4428126757178861,-0.549009324927688,-0.9389119480602949,-1.1215227931651794,-0.9838360726600816,-2.1786464674600228,-2.9898186956400132,-2.5284854413361004,-2.818438225579022,-2.351716404598353,-1.2617148349561313,-2.34397603325908
1.9340168058562792,2.1154452196234534,1.5036595538600057,-0.25782128136147775,-1.5563011769420814,-2.6073561191103085,-2.3505340706693247,-2.1727623899592268,-2.120939206000443,-2.2290016118380214,-1.564854180640148,-0.39044605785745035,-0.6636605679074091,-0.8642947652580092,-0.8037096758687488,-0.1847244278177859,-1.1276581641388497,-1.2151273730195344,-0.9429706506156479,-1.1515731059494794,-1.2275505182032453,-0.5483776432994828,-0.7294509413805847,-1.0651356915938757,-1.4381432905312899,-1.2256154502932977,-0.8123458029041699,-1.1128482354476967,-0.5155815574056124,-4.45364073376114,-4.081012873673937,-2.986222263173763,-0.810815802442084,-1.849336592894785
0.9818127133775061,0.8258554408453578,1.1800823183647506,0.6880311272266577,-1.3067046407633665,-2.2343572373158573,-1.8009717332139203,-1.877816930819557,-2.0157504328273563,-1.9624246163384373,-1.8923320317422743,-0.6619112630091545,-0.8598069614890718,-0.7620529838616364,-0.9354346333243173,-1.2753981041718174,-1.367635040304557,-1.2639882413391637,-1.660323681475532,-1.0211049020161338,-0.835188588066828,-0.9830663464912296,-0.938905209565987,-1.1991063959081794,-0.9874583232245306,-1.030341208724115,-1.8653011262165622,-1.743707725513164,-3.0034782059620975,-4.375023029609501,-3.0684317613908254,-3.7145827582122095,-0.8591887648505442,-1.501541191817008
1.3124751255505174,0.0611402475029922,0.10857058990266402,0.08655047017770086,-1.4523454219565795,-2.2785845684373287,-2.316102031252521,-1.873136176009973,-1.8332386673250152,-2.221121002920883,-3.0047717500229787,-1.2768000646717284,-0.5148912524229367,-0.750644724934419,-0.8148549636976643,-1.8439552559809151,-1.9788161214780318,-1.7041311197220212,-1.2255898454038923,-1.08742083918074,-1.4862691969011814,-0.694690725962164,-0.6297786727175004,-1.6386172197421935,-1.2734687512852814,-1.3011786792235718,-0.9556195579248601,-1.0156848748258713,-1.4429708010216993,-4.319522565101079,-6.210250018292719,-2.567564512092591,-1.3254322333765551,-1.6135508546898827
2.151419798909749,1.2080133335002885,0.36476084000370107,-0.13832102043964145,-0.3188995347942716,-1.0148938340739195,-1.8149754747030677,-2.1044737070212567,-1.9524065970684388,-2.2297224298965292,-3.041992264507345,-1.264373043043114,-0.7862447048231741,-0.7234360609521068,-0.4887158065832467,-2.3284504268901602,-2.3787901190324425,-1.366277571041091,-1.2539978591677434,-2.0759793511328715,-1.7773397453631532,-1.3949822317504696,-1.0770365080077635,-0.2793742476711138,-1.1858805854760972,-0.8002588399740672,-2.2185500572331596,-3.2530809157532636,-2.441954689801468,-3.3149135734904602,-4.5191129750228685,-3.00557876662457,-2.5913216673577537,-2.9324146277181242
2.592398553956699,1.6184891443688125,1.0285541561337326,0.46230276900254197,-0.31926534783492705,-0.38398056726454016,-1.0157130105864987,-2.461668299260169,-2.287023237064944,-2.380810427243785,-2.747669776486722,-1.600683307991659,-0.8238175858552398,-1.2268187231785628,-1.2779504285037224,-1.8498829434779214,-3.1464968842834895,-1.0826695508442394,-1.6075889549568523,-3.3765478927473875,-1.9665644463666654,-1.631042912008889,-1.0691490847024456,0.22344456032382232,-0.8050236356932609,-1.692497990076163,-2.8355710269410213,-4.188468242958877,-4.4115408290695095,-3.375777045768781,-3.799398255226393,-3.068307005896274,-3.800881117613478,-2.679190389098552
2.2833572388295793,2.082563359789754,1.2717107181900578,0.8597713032305719,0.18126017079194898,-0.3059693571273505,-0.7262449207498937,-1.5064784504009654,-3.0777337919969923,-2.8795678514996843,-2.9039197309276403,-2.8996369602189973,-1.2483838850982998,-1.47353696806821,-1.739416808083925,-1.5459516564954134,-3.046578626245252,-1.6562750929689745,-1.2008982913786055,-1.3012158295646878,-2.7605112117105763,-3.7894173617105777,-2.1306015012106587,-0.25953338675543447,-1.3981566065974524,-2.43317194218115,-2.5480711688816005,-4.36556746693476,-4.516685954132687,-3.3025140012537846,-1.855286085146248,-3.490681476173436,-3.8522795407225883,-1.4535129794262192
2.690021107882532,2.4396643793606025,1.3578941110330172,0.7435850296003992,0.23276415971504932,0.16141029148681915,-0.4063756584961674,-1.2079101400045464,-1.8057511957861174,-2.473941084534187,-3.5738230561971314,-3.45071790868969,-0.9910106476030105,-1.5314914524305787,-3.211254942894677,-2.259714111459817,-2.8778588136277423,-3.7966807659403545,-2.120894915613479,-1.2060185304470248,-3.756140145501887,-1.6455831632692162,-3.714492988154463,-2.8297672844315307,-0.8629570501800916,-2.0083719744789326,-3.3312015481614576,-3.697311389183403,-4.460887096141672,-4.137633486385322,-2.978272495511704,-1.4587588866870744,-1.1011153281488362,-1.143116911448313
2.6327337533661104,1.9730375619812757,1.5780162210161255,0.7873277835452478,0.9269564952385628,0.17347893588504026,-0.3924589627302915,-0.6936975753214245,-1.0705220877100112,-1.4402169649552368,-2.483046975226506,-2.8445284009938563,-1.2262244918928378,-1.316463663445198,-2.9646986946633285,-3.5735548621385003,-2.760249558663574,-0.3134801982244959,0.029107428662263225,-3.5892971481998797,-1.2291466417016472,-1.608341739722834,-1.7185371042188973,-1.621395177471107,-2.1127888047213927,-1.1062831412587244,-3.241626214816731,-2.544794633533928,-1.7232212908441387,-1.7874899218586373,-0.20119977321774932,-1.9857952106296421,-1.8084162284537038,-1.8310267627057737
2.4419081103186304,1.803717079701419,1.3842525819146203,1.3672723418787727,0.32029915482658167,-0.07317280058901894,-1.1079205645790187,-1.3321184971284146,-1.5159085775249812,-2.116254647317439,-1.8980898900246523,-2.4019960212667466,-1.3822991922215515,-0.6780240676481767,-0.7382215383354069,-2.668285706791636,-2.5655700748393224,-3.3482127553957657,-2.4664625233818396,-2.5308986771135444,-2.2446163819283784,-1.718287168354455,-2.4821221307419576,-1.9021199960001172,-1.8199767293518494,-2.198968565503637,-2.0965195673892576,-1.713311877890175,-1.0836129957840435,0.5192951081353369,-0.18669567879625004,-1.0208098221755184,-1.350898094290956,-0.040393680106945766
3.515810547508892,2.5974940430352778,1.8361033352931766,1.249065899736513,1.025651758284905,0.08698349093409419,0.2547507379320533,-0.730374196086482,-1.775748966000667,-2.038954656902503,-2.669711572218477,-2.4624338103552965,-1.1008662806838723,-1.1128402789402843,-0.5129883245458849,0.15480907030927266,-0.02515326882134399,-1.3305657713389052,-1.325882837413583,-0.8771983254882014,-0.02188152385371737,-0.9185737849743416,-1.80554970374762,-2.7960662415821034,-2.7721309933696587,-2.7814514550692135,-2.0782949583138284,-0.07271710378497592,-0.45976225031378115,0.189422609795324,-0.25169387198520954,-1.1297839680641097,0.7549037662216379,0.610101252085681
3.414985682160958,3.453829210990252,2.966901277945642,2.0503867913911398,2.108352436267005,2.195001977973268,1.5905507984203677,0.8372319383947309,-0.3134281483037224,-1.5574658798693553,-3.15712350535313,-3.4147551946582855,0.23121023778514868,-1.3829315885363358,-0.725838411845628,0.014817746500112567,-0.9882395694692528,-0.49928245622399003,0.20316683561871116,-0.4541411672306835,0.25664200401854775,-0.4101154896132781,-1.7520174950982328,-2.2056122526627715,-0.8375016354577114,-0.9291509075487767,-0.8810037399930177,-0.5052576178244838,-0.5398241726872829,-0.37873575303784013,-0.08323212628374478,-0.18323261811810107,0.6519252659610695,-0.2479689535542125
2.5240961934492154,1.8391314445722302,0.9857982551758084,0.6066036302140971,1.2251324889193633,1.4453256109922126,1.0581517236419473,0.9476076056993721,0.8661468346083343,0.2969353868114294,-1.009883225501117,-1.6009797698099988,1.079014573519942,0.06356631355920295,-0.7434492171548468,0.4252253100961301,0.06431202527030974,-1.0942563934015626,0.03936853003627353,0.3843278965052924,-1.0182425997342512,-0.8898955298295756,-0.7869318685771182,-3.995480998974654,-0.7133590234922651,-0.573162779149049,-0.6892188602496775,-0.6805383194466211,-0.5084710286247296,-0.5991315477421318,-0.3084716973729402,-0.13145805470046412,-0.6115442961075346,-0.7582945253967888
