script/wind350m.json
{"header": {"parameterCategory": 2, "parameterNumber": 3, "lo1": 3.000054539987559, "la1": 64.9999836372058, "dx": 0.5, "dy": 0.25, "nx": 34, "ny": 52, "refTime": "2026-01-02T10:00:00.000Z"}, "data":
[rows 0 to 23 of 52, columns 0 to 33 of 34]
-7.439355640385421,-7.395504340809637,-10.02838504235333,-11.486438879413733,-12.467914580771234,-12.488811875983568,-8.38157776967379,-4.852460332191433,-5.640825328843809,-5.232137339461628,-4.810016939859536,-1.2367547230184741,-0.672348069241771,-0.5543436871999415,0.4686075046606533,0.8477615177771247,0.8662932447951839,0.4087334223545606,1.970225843863104,1.8803205775316043,2.1606679490866227,-0.8456370889022258,1.5388900530426786,-1.2525942222922137,-1.1962746125808636,-5.419417456587191,-5.398599707313333,-4.550942431312549,-5.780789921073878,-5.554085859732723,-4.870109999010068,-4.4893743242407265,-4.668591740957458,-5.296980987785656
-8.414870160000147,-8.174600002051758,-11.035315928811668,-10.847560558844192,-13.285501381695587,-11.914186033929168,-6.400041453119862,-6.04714941331044,-6.434811689816713,-7.64740309037076,-2.7091007903608575,-0.8931499400359462,-0.41566875039083356,-0.41278234578823864,-2.2355017939234654,-0.6549125501321316,0.2686792134893273,0.2056767412946175,4.196796289099691,2.53653583370299,1.2920478445231056,0.7533013807741153,-2.3470138092924153,-0.3932319703135363,-4.951592072739722,-4.060740727549352,-5.392033977263799,-5.912804402732956,-6.106330801147917,-5.362164587941188,-6.3354061079667865,-6.182237581579872,-5.783065954043537,-5.175723602586929
-8.138336966467302,-9.782133470425348,-11.90292912661242,-11.13178003446167,-11.786718251572703,-9.16148469436019,-7.5392392277555444,-7.1493800258105695,-8.281419719561166,-5.588309432718003,-3.7960089130661654,-3.5724184128528,-1.4269154681426688,-0.6254086323483699,-0.382714779789748,-0.31981817476061014,0.9862395100132598,1.2763688330118554,-1.6562109588984513,0.629872597824428,1.4408826834635038,0.1651089495310743,0.8890712272594777,-1.352615400447913,-3.5294335776301557,-6.060393981859552,-6.937118421626763,-7.755070772030799,-6.687147476582425,-5.328252328734131,-6.109107062604726,-6.725282605140354,-7.245225076519612,-5.968635058729055
-7.990121498923728,-10.766400667598887,-10.197843317957553,-12.101188431839239,-11.488367064065098,-5.720847382938254,-7.820114113318668,-6.70112835144495,-6.142705371923747,-5.896732900608506,-6.821632933367068,-4.232645606182939,-2.360672855955847,-0.4408690850774967,-0.7667390302676297,1.8108005676184356,0.10324047819826872,1.3467539975340213,4.976442118907858,1.1436757220807279,3.872443065478512,1.5976729952521285,0.9317629954571203,-1.9616026418001493,-2.347316011988583,-5.655834461695341,-5.87028176509465,-8.048450800918975,-6.995208759183432,-7.6055152387235205,-6.591139597198579,-7.465197151614072,-7.697377575702755,-7.5659220937960745
-9.21823357826813,-10.542995934055593,-13.033153501835061,-10.288067237252005,-13.585761359433162,-8.634636234066976,-8.50839579728981,-9.104472696135044,-4.83543137407824,-7.333164383699154,-5.705694849888009,-4.251007858888489,-2.1912193540135294,-0.6856492315274578,2.813005790855989,1.0510883498845125,0.565012991123568,-1.4160070102044306,1.326107151162023,4.863223345882511,4.448204604142392,3.7129995447020705,-1.199347785355806,-1.538622018654668,-6.268892505545329,-5.391924145019239,-6.512276094171929,-7.677088976520374,-7.525103434668479,-6.783080868651795,-6.358955412478361,-4.997309577227743,-8.766608141305419,-7.944305137372532
-8.915808574219076,-11.620322830999921,-11.44325430184166,-10.919624735467783,-11.989971953917191,-9.932699370851832,-10.117438633790396,-6.521825308978654,-6.288984238470812,-6.079922933442152,-4.320016134403431,-2.230631126539856,-2.0605556180584506,1.5560401499131322,-0.714009552711256,-2.03254176052439,-3.136133420968763,0.3730788729097215,5.841762535449169,5.169384534890223,0.8538716207362353,-0.5273163797985023,-3.3277035781559885,-5.504367406078981,-6.497254370523574,-7.037250629748425,-6.7556565197267275,-6.12536272684333,-7.0955415369433466,-6.509658381855304,-6.5743307010985745,-7.711627752287375,-8.078823129119726,-8.515703591194379
-9.790379403408132,-11.627114851164169,-11.579607483326777,-10.546148945944985,-9.934538239909735,-8.806107011127013,-10.772786769250528,-5.8266640854949365,-6.067083279471735,-6.074437375405679,-4.037377396222955,-3.5849830870563153,-1.7608163910370498,-0.287865161062293,-1.9456035549914004,-0.8387971926928012,0.7065669667384944,5.409408626651658,4.430156046891043,1.2616490444579453,0.6867366811276384,-2.639558577267668,-4.736516787226022,-6.63356259101996,-7.527892806752492,-7.213029893783503,-6.590308722887332,-7.218809631147623,-6.562040627642268,-6.428588116914415,-7.059680031515685,-8.528457132137797,-8.76015481267106,-8.699562027516585
-10.98643970674491,-10.490616382882104,-12.07419373295641,-9.771681760067477,-10.870256124845614,-11.103852047168376,-12.323445708519937,-6.947786637578951,-0.2303744501226154,-2.6380183514062177,-4.884090632235397,-2.9386257163032417,-2.23453034219355,-3.060843138054637,-0.2728087924087154,1.9553980404357458,1.0767870102861907,1.8143267879387641,1.459641066533411,0.1308439799755133,-2.3269391011787635,-2.943076207346582,-4.389168162246989,-6.117844106428159,-5.553256896422895,-7.062142730702817,-7.58780684609035,-8.15116886065986,-7.0750841603945265,-7.681618102819927,-8.555457776990815,-8.280797134167534,-10.364433770374887,-8.163554886182567
-9.616726397569423,-11.21486217231606,-11.156776707638457,-10.426221771043036,-10.32522805588726,-9.804835799792373,-1.3025180400545906,0.15010853718089587,0.953430068608476,-0.8246806382805658,-5.070142306758284,-1.586872424326991,-0.44540695139935343,-3.4763533704466867,-2.7770626666622187,1.7915873882291629,3.4393679702378765,2.4386674761796656,0.9176292449767895,0.8513691229363721,-3.0912829922211897,-6.102498290163231,-7.52538013402278,-6.4903460552134575,-7.286837174434466,-7.551446765032579,-7.2698137996819385,-6.4821820474247405,-7.790763304069319,-8.325499821348169,-9.797236344532191,-10.271510535489742,-8.700426257749486,-8.081002207362904
-10.203687144267212,-11.128727480114947,-12.703624821618241,-11.16453977221298,-4.034863195207964,-2.374894754534486,-0.2868141740211536,0.13298949290781428,-2.1148901253299845,-1.081867985849175,-0.6713925296484393,-5.222685161999801,-3.617268671198554,-2.6069951122749764,-4.4872366412570335,1.8226371906855674,1.1629349517432228,-0.37446719639932796,1.1408532349252591,-4.198625159979963,-6.1254015572638,-4.928835013672964,-9.388929255839539,-7.288227885072838,-7.290934470609553,-8.30791536737373,-6.836558194336083,-10.313134803805264,-9.24009138140587,-10.330952944564213,-9.94704096574515,-9.596279166342933,-8.537329508336743,-7.906287175520497
-11.732750670132855,-11.486374103698344,-12.890924955143882,-14.432355972748915,-4.732371771315726,-0.9090737773472112,-0.4740648382183802,-0.876214826735284,-7.0189171755424455,-1.6749045936744622,-10.420976907212996,-8.223117562295387,-4.265008380437791,-3.9778511247927852,-5.04854057161748,-3.3554630191450996,-2.212661663975185,-1.340329368779689,-4.546724458064512,-4.099294875879493,-6.578703429164908,-8.132658031769278,-9.837978153820945,-8.542742576090347,-10.042677859364478,-8.332374055905476,-6.53015312806111,-9.582526003100176,-8.367203069147973,-9.73214454646149,-10.748832983932928,-9.688643134400477,-9.013148554705728,-8.609427444345677
-10.239062131217802,-13.802134167987008,-13.671791885306165,-12.37819115864167,-3.1476233951907906,-2.3047161120122417,-6.349421473528034,-5.862111754863393,-2.0219242144875205,-11.307318038710251,-6.205895632467036,-16.66718836293263,-10.63220725519659,-6.799470861032084,-5.527726665003975,-3.779380499296246,-4.44327013198997,-4.758279384371105,-4.35239612803129,-7.190413899451711,-7.52770833349927,-9.048067867108404,-9.336874090282821,-9.677862832839415,-9.335812941083182,-9.301983088113676,-9.628908917171282,-10.068939755916881,-10.55247317671479,-10.878239566608906,-10.591680630739871,-10.421698272450564,-9.463622933056286,-7.829350679048487
-10.413133878563482,-13.923624328823019,-13.042133793281748,-14.457781946088053,-9.137273600529271,-4.423811199669321,-6.427468249563801,-9.632226850361915,-8.549147459452673,-9.758217947906603,-16.19571703574257,-14.104623571839413,-9.873482168130229,-7.5849713440050195,-6.104988617406822,-4.8524224535886855,-6.5582859739812935,-7.3481859540054355,-6.176930702239347,-10.453320797223048,-9.059092330044471,-8.898275813652408,-10.155467104447485,-9.273999699054082,-10.606472854477998,-9.423985838617883,-8.77946436438486,-10.022240905780697,-9.530230761166127,-12.09998733266376,-11.768150906197139,-10.489816334036183,-8.065107634922422,-6.483832391591257
-14.17992581506769,-13.773409466371577,-12.589688163522952,-7.427527443898263,-4.412467715775315,-14.541846506265134,-9.167795369202262,-7.883189685424169,-2.681520638166018,-12.695328381893665,-11.98776232418244,-10.185387588444382,-9.913291188421452,-1.6937125324104105,-12.467196287422688,-6.678104651846713,-8.349854882378388,-8.1200037285926,-10.483912615386883,-8.154975702042348,-7.8407867657778345,-10.536937455903674,-10.769637335047001,-10.694510006803844,-10.787840002918612,-11.18664415868964,-8.939576930069885,-9.484836067299593,-10.917257523817904,-12.838976613926679,-11.251300786881572,-9.017072297092017,-7.281637661139789,-5.660421531068299
-11.221568085769889,-14.151311998384596,-12.809325347920291,-8.648078821106889,-4.665376134292589,-8.249185262847758,-7.495819692810838,-10.68490908693042,-19.712683260847957,-12.734374383289193,-18.071913600582874,-15.563725140702946,-10.773391098273537,-5.86474336776393,-8.984388494607053,-11.784638106339852,-8.789680895454772,-9.887916324269462,-11.621407290417762,-11.625570065023137,-10.999526662994644,-8.561285858404409,-11.943139552955332,-11.39414536129577,-11.480482721580822,-10.001660367089983,-10.491737939054621,-11.047807397803037,-12.139875896705853,-12.494069294774114,-10.581167929188133,-8.321806889598546,-6.804425484169997,-5.120854452268982
-12.724079024130788,-9.321886984194599,-12.700270517542332,-10.159477609778135,-8.66374844677923,-9.434466328336997,-14.309760933606634,-8.574314286561863,-7.199184918225818,-7.569535958597543,-6.942457924694475,-9.333166561321578,-15.644474785629608,-12.97337770758072,-6.680607472201489,-12.829155580432754,-12.869871259940597,-8.266346207466876,-8.892055740237913,-8.519647269864096,-10.030258252139124,-9.939876304684294,-8.13869041510151,-11.168356077991987,-12.383916376359547,-11.546755447442782,-11.172609374362729,-10.819527958624738,-12.5010393710976,-11.803516974189572,-9.108072969762878,-7.748214452071488,-4.3839168128235455,-2.729416230174059
-9.047842199733019,-12.138229496153391,-11.700969641675561,-10.70575828180172,-9.569858420282795,-10.293239232606144,-16.635285968488212,-9.977924381675955,-8.254437955692413,-5.90664445580843,-7.0651646352410715,-12.325240492644788,-8.01865293555193,-8.58860352425337,-10.45384537108508,-7.58189010437722,-14.869415365275856,-11.79667248049094,-10.866873463207686,-11.725442375540748,-10.142683559779753,-12.157769882685203,-10.65669440065905,-10.352303244786073,-11.770218514766153,-12.357010109632032,-13.306309326701143,-12.557854387209751,-11.981830803510446,-10.603926483988875,-8.05126258762086,-4.828750229444334,-3.421195238460452,-3.060315068278522
-10.751140444184998,-12.382216875821094,-11.971692024835747,-13.127652479655545,-9.218934851831472,-12.376106903427585,-14.474742962268419,-9.78661969720013,-13.046667712241804,-10.26815515951718,-7.7299912692908705,-10.08023337952113,-10.149714768113503,-8.540844607010133,-10.007137473387033,-8.830753456795357,-7.805766671309886,-10.992580394562626,-11.119653840479497,-12.275547307882615,-12.662343064782048,-9.23160398840437,-11.606022498750196,-13.200219800334633,-11.408332153358444,-12.742891853571807,-10.305995123761173,-12.185543915920169,-11.823277989163191,-8.137996472665641,-6.679701523976324,-5.209675887842993,-4.071876895807055,-2.999686696673362
-10.950008785493475,-12.579010324002576,-14.129785285854613,-12.285502851009626,-13.482139961908501,-7.8820217727441895,-15.691540808353269,-12.058549459705759,-5.708919446225933,-15.172557027127494,-14.238677583013779,-9.906210756456614,-10.359217373577847,-13.125419610620181,-9.487231248786454,-13.567521973835644,-14.48703511204541,-12.340370104624682,-12.722503103007,-11.627548909954848,-12.645867463315884,-14.430129481833353,-11.925246938010535,-12.465384098638987,-12.841321828843544,-12.214743837412012,-11.929775221736557,-8.412057381309834,-9.414577048315405,-8.069587375582397,-6.718285427571813,-5.811728836329188,-4.588105940896358,-3.379920156384122
-10.1228784042666,-13.008816493778568,-15.659431472115385,-14.63942443947465,-12.666288778947848,-10.92382055931993,-10.54834607903916,-9.562811417488815,-9.869813135175077,-8.85076697507172,-11.389646813814453,-12.11832474085989,-9.687222454925097,-17.359518139000063,-12.786182598979265,-11.998032073046165,-14.619969895214243,-13.718092720409256,-12.174214410793864,-10.99702869600344,-12.94167710145792,-12.54782895661352,-16.026844623502004,-13.215724653702999,-11.951986327396016,-11.692258216830401,-9.790053956929302,-10.746702346213072,-10.1212371185616,-8.948696349320898,-7.915201888011753,-6.6377621678673835,-6.366427895091922,-4.690547815964221
-11.849800527900202,-14.527583682599197,-15.156958779745075,-17.360659854194537,-14.566358567956494,-12.939081091043585,-11.22796091399699,-10.932610166709457,-15.574595419735484,-10.464237209100933,-13.49578267499517,-14.501287991278682,-14.897163097064391,-11.447153830873553,-10.69533065117331,-13.325170033933741,-15.7267184844302,-13.296002710577664,-13.263674672067815,-12.684998283576585,-13.98898152182226,-12.636978274436354,-13.583382769355309,-13.92745667682261,-13.320312345214312,-12.46353493838123,-12.117720101369171,-11.552879665692695,-12.32311763336745,-10.943585053160588,-9.629869884490695,-8.548975750203178,-7.49653684543458,-4.5170627926063895
-13.678861351716899,-15.032425489086716,-15.978082213970149,-17.454901755706246,-14.788640858767485,-12.140666798391972,-10.176886864751298,-13.24752133899548,-14.888446263655618,-6.566116338652137,-17.595554188796523,-13.354810367645142,-12.79278395456599,-13.262477611548395,-14.059799742510032,-12.498042251167973,-15.799310002969593,-13.567035974559294,-13.332859054360807,-13.368516343216506,-15.363568464552406,-13.549093041082237,-12.898647954868716,-11.63467699118125,-12.375790344146486,-13.413990632100438,-12.692729820892595,-12.222329199787122,-11.669348428397775,-11.84341245215684,-9.87151044511877,-8.49793276677259,-4.427329924816856,-2.1296337531711376
-15.110824011328205,-16.80436904802783,-18.54822761971299,-18.273874975650404,-14.845535973802104,-10.812943985801875,-10.28207817135605,-6.687540606269634,-12.381762810813798,-13.814309404244351,-8.496896975204354,-16.038381829442166,-17.37633382479108,-13.695482906204624,-14.943372400103554,-15.915855411079036,-15.610464457916768,-13.339039183111048,-13.518350511713411,-13.10439546244379,-12.333739131937334,-12.356156297667335,-12.129675650001358,-11.937691329113735,-10.757229734595823,-11.916710802444758,-12.076865996262244,-11.927269456389856,-12.36711871303931,-11.344993008790512,-7.313480585244697,-6.778556721326877,-7.359525263788571,-1.4732735501762062
-15.34976650419862,-16.76477892563673,-19.957139410692115,-18.686524999350716,-13.906430899283743,-13.332274956896454,-9.820055915912517,-9.29738983498028,-12.606010055409968,-12.190261853376853,-11.792145508620983,-8.114089568485817,-13.581020272281457,-17.59425561277433,-15.819568336747691,-18.026402357670914,-14.294623525465806,-13.71052711679633,-12.382995064844549,-13.510661776192048,-13.388498016522137,-13.241501742758237,-11.372751660200944,-10.539424548197106,-11.736161704561113,-10.423989871730845,-11.37093044079832,-11.220032393404715,-9.774230082248632,-7.030117771797563,-5.4703346587258,-7.785632978006061,-2.1964810310371967,5.596192240203799
