script/wind.json
{"header": {"parameterCategory": 2, "parameterNumber": 2, "lo1": 6.000198445256149, "la1": 58.999992894266676, "dx": 0.5, "dy": 0.25, "nx": 22, "ny": 24, "refTime": "2024-01-13T19:00:00.000Z"}, "data":
[rows 0 to 23 of 24, columns 0 to 21 of 22]
1.8828493817141103,4.5296185898460415,2.9604976465233865,3.717145091053582,2.9104447392269814,3.2649375942253154,3.4286779252911543,2.29908499126018,3.9530842509722617,4.107341884715148,-0.41236135168573207,0.45345624256629735,1.63959672417758,2.918987561201108,4.277066172870297,5.827875355204594,3.058743059562436,3.4796254420871473,2.9657426936799998,2.4246254290727673,2.4127671314298986,2.3050533483592783
2.3812399003096285,4.785194766314421,2.2648663301857717,3.3609433772807504,3.3295013667914017,1.8313068882983452,3.580015065394838,4.391174462715896,4.000493586255377,3.888795873881374,3.1373175834554465,1.5979381746577164,1.9366608951225799,2.28021088451531,4.731140538935611,5.464113636652585,2.5170813837665773,3.4454495354839874,1.3104151515014295,1.9028127245627537,2.0840258302753263,2.1846757229881493
2.354402124176303,3.403650042275493,1.62349293474143,2.191710256329817,2.9632447089389164,4.0639555583095905,4.789532663094228,4.6202322115657655,4.005258553810932,5.332489027543927,4.278015217909147,1.6913707203823907,1.6490396838162364,2.2332910759072226,2.6868889736340043,2.418016800731184,2.4312116226232368,4.5703886911545375,5.136385075978366,3.6651297925331625,3.1850339117542443,3.0249860104716957
5.533859131619492,3.784560177411158,4.252208177529138,3.472633237027775,3.1183581212073435,4.359746563833606,5.47907613974226,6.484728128656087,6.039809169617586,5.168420263768543,5.519919980061867,0.9673621956966594,2.1256864138694413,1.7250528669016258,1.9922726282817949,2.2800570794133943,2.6683670606428205,4.900721294167221,3.4906265656025113,3.928224105745066,3.2616852675001073,2.6591702147650578
7.585195914803469,7.948973972638395,8.359968044728117,5.529733022016493,8.916657654981057,9.166106824117778,8.840130748572374,7.721148741536908,6.922062520363763,5.948230154164074,5.851180380310986,2.9617507436108337,1.8553301085576064,1.3355166627872266,1.7732043433541942,1.8960583280351253,3.2443781005152177,3.027685788445161,3.3288491319026283,3.091746756673567,2.8671840265316106,2.349564840381186
8.29724895782394,8.683363166086691,10.51153514299721,12.06643948498493,11.465952485525971,10.968956316030669,9.794069622991021,9.38445178527491,7.594495795426567,6.056092270364138,5.827836210912289,5.149280486781224,1.1591972081603197,1.8496851169455002,1.0381735352578336,1.6753298249065416,2.325550467720863,2.999201284653235,2.870137694289666,2.634409964300881,2.655050610453579,2.2910070060586976
8.38448366394601,8.87489790108655,9.972383906189282,11.2489216354967,11.789583706179451,11.512512122715616,10.436455579495815,9.587844379954834,5.236602068162984,4.489036336774314,6.076156314236773,5.264505474554449,1.5646019761653391,1.4123726205319254,1.6874280281076477,1.62226039106541,1.9217813590398838,2.4854281666926568,2.630301179907565,2.714158181025237,2.736410786217884,2.1279793953384583
5.9578398443439164,10.100924358992671,9.238943579387465,10.998882061808667,11.806324248465373,11.267720784124768,10.152311546373342,9.92111236373615,4.22878166465009,4.07756486355163,3.866683321665724,5.855351694411673,4.772653833572601,1.3979743343072426,1.6634030863981806,1.5336952937709762,1.8933947127870034,2.296819440285005,2.227772636055212,2.817669609161631,2.984671661782397,2.176235525546109
9.025923546759396,9.125462712334668,9.477107618511965,11.036643637092752,11.158305643363109,6.475851342025082,7.549224664427865,6.477683477168243,4.437051080377241,7.5870558430496535,8.333289539856718,6.733972849799636,6.7500042235137325,2.394827358654381,1.984611298926075,2.237913734999165,2.597518964615273,2.5544748999352027,2.6429070948012545,2.5213649167441328,2.1170206597064265,2.0123533641082028
9.708869452835694,9.188894373762535,10.264870032699628,10.275113898647614,10.170780858472252,8.171443402856157,6.307335132516818,5.263485001212278,5.071593483447203,8.469546528026497,9.486111327162986,9.229745610278073,8.471503360053774,6.338884844214332,1.3457989753183204,2.802198957964651,2.935504622899346,3.2831214594564986,3.0320566378853053,2.7208909677721795,2.186963936880271,2.784052680653
10.390770510792995,8.620005238314452,10.631989388069716,9.82352148487861,10.046193207326368,8.358945734710726,6.435645530808811,6.893432323500853,6.5311880320381395,6.295600252964257,9.324293137426729,10.781096105330791,10.158806988360213,8.388480073601748,5.460946409664204,2.895281406915291,2.763347178684963,3.0316282958321272,3.052447172763606,3.0110013704958365,1.935999364149586,4.000472790300096
9.239630216884397,8.462888232817953,10.922355582963965,9.904097193262468,10.98414895820293,6.054994864315318,7.678211124733068,7.083940552170534,6.957473977984296,7.636695350684696,10.086279103258457,11.131290858109987,11.978740196107744,10.747696155414417,5.124424661233256,4.1941908098841125,4.011862893454164,3.175581568800634,2.412069896626103,2.264547218645525,2.940410770603918,5.726150001939776
10.115155514587846,11.177586630589976,10.924675675730413,10.672480533557408,9.722399278620088,6.74371453095193,6.266619075242031,6.25406056609733,8.167102996935318,9.282759391914054,10.921079371991075,12.07309888867637,9.160617710482098,7.257245297751809,6.754877237935561,4.856749705273274,5.496117417108797,6.405514512870107,6.875053744151611,8.538719837799164,9.68045905031255,10.577105069992374
9.849217060879749,10.378717098285513,11.421607212093498,10.811803594089431,8.984122471376526,8.227387579138245,7.004025771200251,7.36885632771051,8.070790356152623,9.075821627931472,9.916683948277628,9.440911641474003,10.196022568471474,7.095788401726925,7.527263683123,7.834802316570493,5.937830522032082,8.816031320669241,10.209061516592635,11.51041701524393,12.005433279877424,12.096483709445206
9.276463500143203,10.164663985294391,10.631589100688489,10.775638940751687,10.486432505282929,7.466454964716622,7.448229293518412,7.510742589594904,7.284882348045893,6.451264230415854,10.422959257257272,8.304739218474333,8.14414721520634,11.714422572516925,8.029545004229591,7.311870165821027,8.502574971110047,9.608866270392717,11.84081408345117,13.602150411661356,13.134590984039388,12.962453407265485
9.686729463333528,8.947544451446467,11.213360427409292,10.416435995536432,10.076584135926533,8.493786001587022,7.089598328525214,7.525454508425353,6.432268389491681,7.563082188993877,10.956973349441217,8.179090494599306,7.74399701931799,10.937132790173072,12.218359484211028,12.521745058171604,12.480547077244431,13.49918933719024,14.210071791328092,14.310739856515829,14.00599014200107,13.984143723098473
8.97254834955961,9.382126662311158,8.22848150851967,10.594947094401041,10.174965856726471,8.736420251038922,6.502070031976194,6.575669093025075,9.73956428278725,9.708453476074274,10.994665049823007,10.417291824934704,9.369237881149338,9.59774609977071,13.138210330463407,13.710590554413187,13.539619357441557,14.953726793094578,13.537837168850103,13.094258870395434,13.186600685517083,13.555498861651806
9.439101302273368,8.645275452211377,10.100357777656507,8.749558120823778,8.845821194007897,7.989542094558639,6.062320061922889,7.910039528057602,8.927752124855969,10.824082570169868,10.997969552616746,7.814457197762671,9.081821558624283,12.89239448780794,14.002087813290334,14.569880873108616,14.817077238337413,14.355739633419246,15.570873903996905,15.20660938072605,14.524729570138147,14.797799371317193
10.942423142238264,11.040858542031389,9.306444901965362,6.749640360309108,8.563997141584284,8.14910892586018,6.81671294886149,6.856837162627861,9.428919119303503,10.977985180920193,11.275945559843624,13.61611181135398,13.135338073237765,14.029076081317879,14.868700934602405,12.104751858104333,13.732229602307434,14.829224318443515,15.449000260876144,15.083739866691719,14.176950589904944,11.168756003762823
12.45132389735322,8.82974503754321,9.646543911413145,9.289701667338544,8.455975204197815,9.679888886441411,7.125498001958624,7.6936690231387805,6.8888100434759405,7.262295243773641,8.949862531415793,13.454938786355036,12.728009873156642,10.248781468343628,8.416831252801643,13.659461229303272,13.082729191814234,12.743073033314706,13.801577004361947,13.099798348727218,12.474908400185479,7.401482766722162
12.582220977384605,12.793979760851473,13.549786690740213,13.158380919132451,10.940242398093964,8.092863183701432,7.193503085023536,7.184832037896274,7.783383706739048,6.690623906035577,9.051364819049699,8.464477162586991,8.532546675331368,8.373381992557873,8.25968101195683,9.631584314689174,11.219692028992354,9.896187595706271,6.8984205392479465,8.871770154713614,7.433539732775907,5.315384031500699
11.978422994065069,12.859174453129453,13.971005737994927,12.051685513072742,13.92669267820015,11.91990135294075,8.014347752632661,9.07990917715019,8.59936828181197,8.376343725414154,7.260516941848561,8.357144175192172,7.93403836025845,8.766737545774795,7.952040975872529,8.871820264609601,7.549250196295237,10.231031635912743,4.245104800022006,5.882407300480063,6.873750223676675,6.1659389694582964
10.690635104622094,11.19255246319823,10.020342614567486,6.651393597066947,6.648884531281491,7.450011498934057,5.746261325043027,7.302995411601063,8.84099994562099,7.815742197563564,6.2011168684434494,6.303566311973715,8.03205748310919,8.30033414900345,7.30267691692604,9.683401731051973,6.170703599771036,6.575547935664627,7.637397400334458,5.281158662763233,6.8615847362926505,5.091387250705542
5.314317357848786,5.353040490602288,5.783047158042663,6.295674815718018,5.653824074208326,6.600278674672402,6.888401602524986,7.434609964989405,6.40865366089213,6.951732134520628,5.909106007760427,5.948028779793595,7.300300781936449,5.872447456856865,7.227559247158038,5.457875825859311,7.883192268211264,6.75154578773535,8.2813514680693,7.132981795375442,6.101855821345329,8.702283624541211
