script/wind150m.json
{"header": {"parameterCategory": 2, "parameterNumber": 2, "lo1": 3.000054539987559, "la1": 64.9999836372058, "dx": 0.5, "dy": 0.25, "nx": 34, "ny": 52, "refTime": "2026-03-01T07:00:00.000Z"}, "data":
[rows 0 to 24 of 52, columns 0 to 33 of 34]
2.847335157762548,2.895204368571447,2.5995225932135195,2.5657612876317057,2.322327902392298,2.1378872295338573,1.9614901804198899,1.7892123058743858,1.4372650561249007,2.045875523841461,2.7228104154573396,2.362717179543818,3.1336149992575075,3.327290088288634,4.051412594106123,0.043537071432520245,-1.1926485789721046,-2.2671597621159947,-3.1660507680701993,1.0442513941857328,-0.18979784064934568,-0.684602133255079,-2.3914216024242,2.495989801479616,2.2814517130731327,2.778279686834617,3.180630276321869,3.971823197875474,3.2177971070899845,3.1700047382387457,3.360222156823406,2.88872431356499,3.720096002060768,3.0831971623656758
2.40646100114592,1.9321023138283966,2.0794717629835,0.7743949399500232,1.282058779742795,1.4828762273352114,0.2930628786172569,0.016584764749351853,0.028713645411781973,0.42427972536775227,1.023758428002062,1.160752033455763,2.1236521345672696,3.121554913777316,1.0978595326121228,-2.079133313744873,-3.2204780295640707,-4.762487531931021,-6.006731019932642,-1.3501930033587741,-1.56796674986639,-1.8089925771625421,-1.2429311461108086,0.19929231537922715,0.6368580409882103,0.9951918198968207,2.844868635870404,2.697788406123593,2.8014114364100795,2.0932044951982065,0.9833408430500178,1.1847669009440382,1.4181937435316505,1.0303703212344462
1.8915257815014952,1.3295277959382086,0.6940768513932418,0.6461784966077909,-0.7125785689780958,-0.7665771172887774,0.6852021318818768,2.818420359502711,0.6854206347989577,1.4936998777818589,0.9497783831421959,-0.801905099995771,-0.48911973623095295,0.038412684336084774,-1.3763728222208782,-2.7707501896629023,-4.642350059212826,-6.244767647673727,-6.2026377319817,-3.8027610884290577,-3.1442766793659236,-0.5007930884027998,-4.603664877579673,-1.4763882485030981,-0.4889201836802528,0.012199151608269091,0.4558016899028383,-1.2175445069273088,-0.49282817940215967,0.44185079242444814,0.6925275654962714,-0.2298309668609815,0.18300247510115736,-0.5380932885717185
1.2436619271250307,0.5381354859586531,0.2122832718402864,0.2877866631132839,0.13270898846873988,0.7467785435502401,2.8232047616183267,1.8936958624124227,1.443696283794177,0.6274436133328282,-0.8919635671728334,-2.1593612198637833,-1.7547474599985837,-1.4628530234073098,-1.8064501721988195,-3.7686570310434613,-3.581555714280159,-5.011401871486937,-4.018068860802167,-3.301551092028968,-1.3099863444108049,-2.105796723104646,-1.3878026084548643,-0.9967868276805509,-0.5647755945619359,0.22968040508402637,-1.465205646417779,-1.6454253726042587,-1.0280673585594466,-2.4124731807379365,-1.0942580136826354,-1.5725389022210852,-0.8133855938450698,-1.2401598068463764
-0.8134178161079343,0.11924223211894405,0.1603794419383113,-0.1958067160584882,1.45643344636972,2.2758657456852287,1.5513058473246952,1.151098106141768,0.6610167558076592,-0.8792390492234934,-3.2376236850136975,-4.295566424040819,-3.660487041924623,-3.1436214834395044,-5.646725191375191,-4.678726001696309,-2.5863363269925745,-5.1059327276155795,-3.7683156444583155,-4.471475716696826,-3.2454442493685938,-3.482515462398581,-0.6967720925487457,-1.7279468421980961,-1.9793899898419651,-2.0442493025691797,-1.860623955658095,-1.1103527286544999,-3.10323186060908,-2.4546527245380556,-3.311325056583174,-3.326689957947115,-2.579726242662541,-3.2278966265222127
0.15164491647425019,-0.047904184453282976,-0.4716994256597856,-0.26635537954369776,1.0514425813287158,1.2803925290507294,0.7499645839121231,0.9266995775033634,-0.0002494718731106045,-2.0112455859513667,-4.399585252656432,-5.239548370399447,-5.165215324546216,-5.565204887440411,-6.337498051018029,-4.55548701666505,-2.4182769513162006,-4.670872336820461,-7.324071419186188,-7.55970798300072,-5.332137422327155,-4.798208080945133,-3.193929737027723,-3.2240924807755427,-2.9381226678535053,-1.9410637989226707,-2.002254842721657,-3.415360436641726,-4.779031707852849,-4.11139557059642,-4.733399867793469,-3.216877924010069,-4.259454004754678,-4.850139194143722
0.6193588023305067,0.42199589758939415,-0.6972501425660734,-0.2901935561700341,0.11258501591795934,0.12412754282917812,0.6457875876118365,0.5572197036275286,-0.37182613640878565,-1.9102272806840404,-2.5209824315125413,-3.312023967738537,-1.905931325607437,-5.863530872377164,-7.746107739493642,-3.7653302621773928,-3.8687914347363006,-6.332019472287676,-7.214281832660488,-6.180289470032263,-4.569228754713905,-4.00554705478586,-3.2022026494890494,-2.7354777574491362,-4.272726235193591,-2.778079287882849,-4.694609109098598,-1.732590515161271,-3.0118730930382376,-5.567011709293496,-4.247811211936275,-5.0720328270245485,-5.762725496208693,-4.119168960843391
-0.17740237040477763,-0.22407949373442848,-1.2244633152139153,1.050126966451751,0.3633895808580108,0.11385760422698801,-0.14233501215194674,-0.4398820840459762,-0.9455365811136084,-0.97532510646043,0.6025646949191313,-0.6165939297632417,-0.4535433232439521,-3.6806997528605963,-2.435415130365416,-1.4855028372950874,-0.883957775331555,-4.0029923793959785,-3.357331171271894,-4.602925678933509,-4.644201609631097,-3.456641163711755,-2.270360060176499,-3.2970486881434935,-4.735410008930688,-4.322341281524994,-5.424630094318194,-5.97967464422404,-2.316320325571826,-5.225205709453085,-6.625888593601362,-4.1349452408114225,-5.577788381026101,-5.2697409671877375
0.5268692160242892,0.15278506027162575,0.13834949634592664,-0.46069843381416264,-0.02990808298267944,-0.6276143593906643,-0.9428738718816583,-1.5302396833658924,-0.2893428865227127,0.6662660247158072,-0.550475762249882,-1.594027819566452,0.7956295804878213,-0.5363350999741876,-2.0650659395432513,-2.3628335288044604,-5.109107754942012,-4.916249037762253,-6.339878344051271,-6.65221325481289,-7.517631539021793,-5.76378333362798,-3.82464641289215,-5.8354197467390225,-7.292319056441723,-8.168504000660924,-6.5256041384381716,-4.413028682269629,-2.363392647756451,-1.658716768234272,-4.271531398438036,-2.1584985011209943,-2.256909442669766,-3.4118518065745445
0.411266883460202,0.353902969856375,-0.5902550797570069,-0.7500012930967384,-0.7807431402946057,-1.134307700390889,-2.4524283432817056,-1.9208331049016936,-1.8408826040053594,-0.7639749753378471,0.7884345269666794,0.40191879448863393,2.0471639014775125,0.5088294946663555,-2.5802259705162074,-6.623880843497411,-3.4578954683536947,-8.759295508368657,-9.31427382018435,-8.781244765161755,-6.434996077482061,-5.579934517626394,-7.817375695328002,-6.063664236584945,-6.173147821650554,-9.451240125922588,-6.253196485302637,-8.133973274071447,-9.06292943381794,-6.636922071741744,-3.1526545196880744,-2.917609977987021,-2.95693836974619,-3.67210450221431
-0.3545866761543504,-0.5775416976499628,-0.5185624071288326,-0.8965016907362308,-1.1909017053513238,-1.6479301463525253,-0.8983780122156613,-1.8761006784895387,-1.6853262893628647,0.07325137181622436,-0.1356524014601535,0.17908212643555066,-0.012784608206277916,-0.42389669621568843,-2.639602305693405,-6.4283029391299,-2.947543270338663,-1.9455811760263013,-13.166527868005188,-3.561248782435011,-5.8901133205313005,-4.989958766374667,-10.314760461846904,-4.723881594522517,-8.762036692978542,-5.681703953955515,-4.650815026839916,-8.814698978855013,-4.923786434048216,-6.570928453590838,-4.852722422922532,-5.163918406317919,-5.131586049675876,-5.2596508248631135
0.031106404857622977,-0.42919133793038194,-0.5434541261142558,-1.5781843929374029,-1.130672668457224,-0.2680241902968284,-1.2948883672835192,0.7630412281181015,-0.245072490594983,0.5462081461516746,1.3757017893114738,-1.090729291759186,-1.0286898980340244,-0.41660602102390176,-1.989381027260355,-2.3308996375515645,-7.695069456753138,-8.59299669588196,-12.791792252070197,-6.144537238391696,-7.16385536709722,-9.174148211309635,-3.463416432835065,-7.056437467051976,-4.068722265731747,-6.53117332985164,-5.801638658245982,-5.960016044050378,-3.522182647140129,-5.0208098191249,-7.754298762728823,-8.04933063865535,-8.160632800099686,-8.044956336131882
0.4995902274352803,-0.3615831720146815,-0.2518037952002007,-1.1377216597422337,-2.279427818511377,-0.3653794140575136,-0.09481217545114132,-0.09465885484196461,0.20765708290467108,-0.5132695347757353,-0.8640677922312529,-0.25167493681095576,-1.4317382365216271,-3.5559849402497994,0.09260143318058534,-0.8563757693416926,-3.807336461184316,-2.778342420393762,-6.818849521414453,-5.859149710164785,-4.682165770968705,-5.269607278214283,-7.443862507297639,-5.214034131606025,-5.258465652452944,-7.702672403870712,-7.665195589181028,-8.03193742489718,-4.358279731070256,-7.173044567525316,-8.377947421743931,-9.383836643415346,-10.269981642245696,-10.433479871476537
0.43792377024754797,0.31054618602666606,0.02763865588600696,-0.7714094700244606,1.0453390799875002,-0.30645877310799835,0.7009295105551823,-0.3264319763378432,-0.0026073089138802133,0.11373777170639737,-0.5831330628192081,0.3089929153388455,1.2155499096199456,1.5043277109144837,-6.498980760258768,0.5368367045151817,-4.318131406374653,-6.796292601553463,-8.125045520967065,-3.1819127701909085,-2.3708133838856775,-8.480019627392034,-4.500099631330979,-6.425283607773598,-5.67899267017813,-7.361555197565713,-6.46335372522968,-6.6626633109336195,-6.5189384494590135,-8.6470451909505,-9.674006974787504,-9.973879640823341,-10.82256697621833,-10.406238777209913
0.6848333534256671,0.5947269938081549,-0.1244103465408096,0.30580071782979346,1.8028100638923663,0.5771262835466087,-0.454363662417215,1.3702038158880634,0.9698883031532674,0.8899371697189704,0.6263427180274548,-0.4122929276291657,-0.8817695552481573,-2.7507425432072496,-1.6990045873660076,-5.860912692301485,1.4184139279292334,-5.341377180525869,-2.2359835941278883,-5.095498279152392,-0.8714372554241682,-3.9434804385166164,-7.1649962357385215,-6.6718773847839605,-4.696804038721709,-6.094343039721962,-5.459223851587601,-6.500777266489919,-6.074826427396016,-8.625330051731671,-10.286154361916552,-10.14355148685471,-10.621934888922146,-10.645599780748404
1.6571819292846321,1.6512882419585946,0.7880016395841242,0.8807442971223987,-0.09653030098076533,-0.34910578681893684,0.34198564396933306,-0.11257159330611193,0.7045603806955776,1.645143743067117,1.2718380302232535,-1.16813937498497,-2.979388524225187,-3.4926611644975187,2.3895695612182104,-8.604053104449203,-3.3475502413306155,-0.25784729080273633,-3.426261123175208,-3.3403976197865584,-2.2009484202881806,-2.9863112275810835,-2.2443424358305357,-4.305370247663008,-3.743976637402932,-4.683780849015784,-6.410478155817794,-5.389721805297587,-4.839454576262324,-8.344045867965706,-9.448143591540996,-10.632471728578054,-10.051553615725473,-11.079499433164148
2.9225699836247356,2.493095112517639,0.5846844191413525,2.1745464493586995,-0.8799128280571227,2.0607020849808797,3.6013903800390215,3.285455023953576,-0.07545541924527929,0.4483763608105109,2.118098229919496,0.5055867274536499,1.0965935027218083,1.1410221722504488,0.6521670927783714,3.2674780137328066,-4.8155191259168735,0.0725780490504797,-2.828557065329148,-1.5776843967614471,-3.6396029827991385,-3.1185452588482567,-5.656211255911357,-3.244809091439232,-3.5639802565174614,-4.5028750823040555,-4.9624227435293555,-5.132529528624792,-3.6248840048527873,-9.384471997502354,-9.912226517935203,-9.750698260280014,-10.699862976980185,-11.847389589241898
2.549156088588212,2.538927320905378,3.960818562106393,3.2296183542650296,0.4825338618717361,0.22135583716918267,1.753015029003964,1.329844069329399,4.928428291648369,4.103547541983339,1.3365840313167585,1.1636905466956757,0.3798826934725803,1.7659370438360544,-0.05417977011974758,-1.3232126944707179,0.7775264936754308,-1.4299453732919534,-3.405791881173747,-3.927598077349605,-4.504778409689118,-3.0610963498059722,-3.606288376476852,-3.8698380188461736,-2.779153918720066,-3.3557898626333675,-4.6939831649753065,-2.201819185284661,-3.640847690701751,-7.399832787943206,-7.382533265475797,-8.536840066161867,-9.501418527133604,-9.023636926086697
2.7690082737366097,2.7616394363501113,3.6631243847511996,3.6832167133755607,1.574165909468334,0.2963552981972673,3.5040102584016037,5.138997176338117,2.4180833223209963,4.8080718812787016,5.430212556369446,3.177805270394535,2.019546971380685,-0.7336881298624933,4.137968610124833,-1.263915957217943,-0.15355740685627917,-1.255306260262642,0.9084265091076288,-2.693145905354733,-2.7035686549269045,-3.917445688486624,-4.189988686787126,-4.111349371147151,-2.6911107231323492,-3.3971397446043823,-5.033969768603762,-2.5009081985200305,-2.1627263400257277,-1.9474779064492325,-0.8544668249363111,0.028438329083559987,-2.254082607929622,-3.0247847838088
1.5400484629468207,2.6760300319892316,3.539052246625743,3.821531277037523,2.9493327716465796,-0.8242886265192299,-0.2652080083676125,7.2394025910862,6.888363657686901,6.5591452499130805,3.1875897059677465,3.0616516078713625,2.457560009181309,3.051652760094148,0.6516127611835554,1.1390854983696193,0.5818766140818263,-0.6015866273229626,-0.06905296553138095,-2.757685216396728,-1.6061437235805682,-4.304849410598504,-3.817572991264556,-2.7944281603338643,-2.124305830257081,-2.1653334412391345,-1.5750247063345675,-2.805142607498626,-1.59931629327252,-0.09810040047177011,2.332511399837436,2.4219687750463716,4.855641069632754,1.6365448841377521
3.231198883487334,3.2022044872556292,2.9622218272331446,4.268693953796801,4.636786551877907,3.9720228160964712,0.3635285739652838,-1.436342535710461,6.481712321694413,6.921898986180811,5.153665058421398,5.180497318805516,3.0622843084571874,1.3229919840105304,1.5123991801683723,1.470567556193726,0.4271705463108774,0.9460333958810073,-1.3914588399658239,-2.1563979122615824,-1.647928257712825,-2.676300649098085,-3.117671571836926,-2.7948963714577566,0.2883946052756915,-0.9698282670790778,-2.601565196924838,-1.5270355648113838,1.208965326974911,1.6535168363205295,1.962353915937961,2.4530833255656384,4.932159091129369,8.53578143689479
3.7710866215291383,5.277458516031062,2.529160538754868,3.1365022703467407,4.311178691581314,2.4237027379816665,1.0833122308620542,1.5071701298706843,9.469657290701251,5.870648979322773,9.116036237331775,5.7474611211497075,0.1028009734020809,3.6426821074259452,2.932518365729209,1.7937275293002213,0.7191448281162215,0.6545912979130314,-1.163413181798569,-1.4032434365666973,-0.9643566444927323,-0.9298177044826802,-1.8049708062783563,-2.6996098834825846,-1.056496869892769,-1.43164988889648,0.14363075225982083,0.221721729304457,1.3562494473519051,2.400349969544456,2.171657825656832,3.7550515360452557,6.058364292026615,9.785478181159464
3.331389226560069,4.070293017582058,5.078606026643414,3.9636045333716905,3.420570368205575,3.6357781626899826,3.5160326404282496,4.39126582360305,11.347833666840245,8.650770331496583,1.3764546035146297,4.02564131288273,3.11825130902203,2.4228185480313713,3.710178551975229,2.2765522780529155,2.260854481319038,1.1261451633556518,0.25240416573066243,0.6915852712981974,0.2362488167389596,-2.472189502990656,0.7807712725302759,1.04532419723363,0.3693578704376274,0.3202988653699435,1.930915684377058,2.2221171993582045,1.7749814816560507,1.4563592486419872,1.8815099671498086,3.0938339795559666,6.820963485968335,10.384534389359011
2.999976853598362,3.7500689537713012,4.7591111467278155,4.825391130638746,3.029515771661616,4.16270200452463,3.830572094097308,5.303214119800673,8.896510662049627,6.291485760290067,4.923812040409934,1.2558125982963797,6.85917084738396,4.579689947887538,3.588900761533779,4.107248446456993,3.558883753012194,2.1617344887779817,2.511646613144179,2.9779646573557295,2.2905044831418544,5.848693206559884,6.031646107466264,5.644275139185385,1.568454317342895,3.6853918795799254,3.40399977994619,3.0509703298398048,4.354668835939104,4.7689342547933125,3.4775263200251905,4.350575670087565,8.52697958860386,9.200106363266883
3.4428758596955977,4.637347598045805,4.746955075471384,5.431767164547264,5.993164379719125,3.39544759645552,-0.46047079808272734,7.977581552474248,10.118061746513053,11.14936063556566,8.154347484382141,2.524240079999517,5.670882237867889,4.369101047518109,4.6097205511670465,5.419025465845052,3.8101144701631533,4.031210860984145,6.280193425787257,8.714468277703146,7.58642125908215,10.311538793438428,9.195444490789866,6.34574396950796,4.050392240604202,4.245995425393453,2.9012890758598573,2.2680138719604686,2.905591791762984,1.2990896041263669,1.7762738458400242,6.6702383229517865,7.2381846704362145,9.004631472524917
