script/wind50m.json
{"header": {"parameterCategory": 2, "parameterNumber": 3, "lo1": 3.000054539987559, "la1": 64.9999836372058, "dx": 0.5, "dy": 0.25, "nx": 34, "ny": 52, "refTime": "2025-12-22T23:00:00.000Z"}, "data":
[rows 0 to 23 of 52, columns 0 to 33 of 34]
7.562556790361261,6.724113804659788,5.601469883914749,4.502289793784349,3.5678268627744325,3.7072344044137333,4.035076518042347,4.527948010572219,4.395867974225269,4.231049282776374,3.9405152312782903,4.334518866919156,4.921371093649608,5.822899302114226,7.004006320772625,6.756475489983198,4.04158441154127,2.8103445575721775,4.555481680278155,9.415348422237143,2.712746220697139,1.0880246397704993,0.4920449293694064,3.376823563968938,1.7701009125042746,-0.37541864961086235,2.1698290684861385,3.592393468153378,3.093474161958029,0.9933739390050024,-0.012768081570952494,1.8409485617782986,2.6924771383811406,1.6843318933173441
7.320646394188494,6.927410778670947,5.6868490130133225,4.692793252633674,4.0395277596043195,3.346745269364804,3.3622869916640528,3.9305786554120004,4.248835681629623,4.038152899589703,4.510029994740169,3.6429004508209912,4.138188494494235,4.552918916018636,5.096804113486054,5.418000969436445,4.4264643395183105,2.5777575262515917,10.821438480624948,1.7240692266941977,1.1097872604534886,1.9815199444193328,0.27427210914750216,1.9814385516463457,0.26407855508297634,-0.30082958363297246,2.062574359736369,1.3067829638076638,3.18596495613496,1.999739991666542,1.7284596706594515,1.9932538239687394,2.5573023722879125,3.4115009072542346
6.444882238050185,6.343343226307862,5.735304701313738,4.914194390859553,3.9263795146153813,3.063189212332138,2.6861942259125833,3.3488926214947408,3.705582610488528,3.9825340681218293,4.245726532426409,4.445449736250867,3.542838429391245,4.258666403164461,4.359708966322206,4.056266618067139,5.846128289587028,4.29037385282445,-5.216341038321085,2.044853752374209,-1.654227451599857,3.7224535497686655,1.6182621707930365,2.1327873076308457,1.650441422461478,-0.8707868898928868,0.37627381856945813,2.4190204657293273,2.2572085582032138,1.340123081767249,2.2914795756789244,2.9317889596356324,2.4004304953157605,2.304062034659594
5.888729027285092,5.7236511385142395,5.428116269796855,4.5375149887377635,4.173287087331131,2.6593178391326084,2.021996920767906,2.1733448128375112,3.470452404370248,4.061322373249805,4.937406845637877,4.858910127587867,4.933292531247355,4.7166031898424015,1.312660180990298,9.474529495205706,1.8782624298432273,4.516303281667297,4.579268945556756,-0.026749968211260234,10.52534909319939,3.5689262256615772,4.570990558711224,2.3733862647626616,0.8504809429724574,0.41310368093036864,0.2814554011968064,0.8866648063882078,0.7746743499353863,0.5519914739155921,0.8939521567813905,1.626754652883268,1.4119397646931788,1.0016102725021094
5.4013611001211475,5.061856037557864,5.176673666303217,4.409066675297022,3.6106803775345573,3.093556224318171,1.9052398241863557,1.8600494462119421,2.4416716851183704,3.2763335279808805,4.138638490302454,5.701489019643784,5.299904469392504,4.301857937707457,4.956938249538824,8.548250659662575,1.9397666977923025,0.25475942859841694,-2.010903789638068,2.221530525011261,11.879724676032119,3.013194317804971,1.5163212583722598,1.962241392773515,1.8747622594681097,1.6936596673683566,1.6518275474249609,0.7381019900284038,0.8040745096162878,0.49084390068468614,-0.31655886037184,-0.00024074902829141016,0.5304259618966233,-0.28164313397188045
5.588962892415063,5.061684392113095,4.800105960446163,4.211899294976372,3.4594431853266263,3.1845900425792912,2.8228920308767935,1.6271085181053153,1.0866105461552662,2.697491424853212,3.1557782702697588,3.0430452942064723,4.13256163151334,6.266074043317437,-1.0667256678773476,-0.46301078381396876,-1.618714353865143,-0.057926284087128764,4.193969960067559,5.143064257259243,2.44600032257276,2.3307145526212034,2.434731655611582,0.4368411202132688,0.9290813258064613,0.8150300920635759,0.8565213878047259,1.4475978199918642,0.9930052368059492,0.16058560939696628,-0.6852355720438171,-1.5048298415192858,-1.8820757161622792,-3.109226131862639
5.75459605798431,5.305480101111171,4.925273907029748,4.12856012520638,3.3540220002673817,2.96929483425024,2.5983208697488736,2.4131725618820927,1.6549356280205765,1.5271681464013662,3.0372554348093055,2.7737840086741024,-0.4338060356570876,4.999793790208852,0.7943201200566826,1.4917465296607015,1.4028966976930999,7.4634363410624465,5.23070564752257,1.2489692276265096,1.080763330263113,1.5661455164535292,2.516117628596942,1.2026018251877344,2.0548211552219726,1.0175754838116837,1.6436576253008086,1.4603976729231245,0.29044201494227845,-1.75694058077148,-2.0055321628890184,-2.318393112563478,-3.526477098813898,-2.8431319922087486
5.742804397556017,5.071599494201956,4.901483301476585,4.235252824801009,3.87299836709178,2.8507778917479074,2.6111672366674634,2.7222494214156288,1.5104239653235272,2.8023066271500916,-0.566972934677305,2.9890380199557542,0.09445133137401512,0.6047975213476003,3.964942704424953,3.6119205605578575,1.428739164403694,7.7582086142908455,10.969036913086095,-3.1287154575266283,2.3565601521603687,0.5186799143063106,1.9024748352836092,1.8256401390785928,0.7872574517809663,0.8269307491071155,0.46751778629903906,0.7889927111212199,-0.3524108601808929,-2.1044792745231256,-1.9864999500183664,-2.74376248980592,-3.9121363641684237,-0.6765823747752922
5.853156683035151,5.351961505712776,4.569145835043548,4.62099234868957,3.393672498522091,3.2910588553654785,2.774320151756566,2.691380345915907,0.908328906189121,-0.23720794518121105,4.769106223374216,-0.8446487246427996,0.03578345402130827,4.589957294721338,13.711131096988774,1.3466950036912357,8.289323993596309,15.67897339850249,7.6694054110003815,7.06963975405299,12.87614645496831,7.285449871635702,5.9751255087755,2.336604369138522,1.1249111336879054,0.7791840553919757,0.3465413354928462,0.25224828043448017,-0.8882838262971953,-1.8520748764624284,-3.456737845886002,-3.592885023731641,-4.709630877627867,-0.32259316312382547
6.62379860236664,6.2143270381543525,4.903068286041042,3.9079973606974714,3.8051833345588886,2.449393535356448,1.3335747291463749,2.965068722735485,3.892491639362939,-1.9624813990562362,-2.4081819794123684,6.988719014518457,5.101667636108999,8.146759460598528,9.443732634271859,15.126720208140668,2.7887018460750306,5.828497329506499,3.734847695289881,3.1776589746179393,4.451389067161695,1.5676347664094434,1.0692499382427412,1.4488112061018994,0.36058594624767537,0.12402206890466676,0.367012236215454,-1.2383047678732981,-2.584515902892807,-3.5395062076414456,-2.907346544403381,-6.595640926410934,-1.727950637972705,-0.4940602382128502
7.553689049242504,7.017477277777125,5.369076807059116,3.0940913948041366,2.399569366435721,2.918896215211459,1.7807206304732612,-0.6596992013088273,5.729570768303547,1.5201931319305466,8.290945920100585,10.623246174651134,2.2483391688318943,4.407759147902418,9.952084616149078,5.811085128902333,5.032290716578256,4.026653836091395,3.2588655927079677,3.520338479227055,3.460351440659674,0.7994103743750891,3.8479160821848697,0.7110664038303347,1.2486497209754042,-0.42744162337359687,0.13463724156736365,-0.42955231380010916,-1.8238360100632245,-3.977147588984244,-6.594372086228109,-3.9914934841971044,-2.455211157989745,-0.701681052954623
8.547212548781216,8.48272874567456,6.956540233530735,3.2746038697242987,0.7892128717205352,2.634746566001602,4.865859162415628,2.0883326473062214,-0.3328578603318269,7.035701312734611,0.2834930367513345,4.07699927568834,3.8044636906984266,0.10209789182364508,3.7605134623227485,5.053605764750964,8.275489895779126,8.38008851029693,7.409565394133272,5.6546040788090295,4.53274958119922,2.3210828107193158,0.45438975755959704,1.8818820525529367,-0.3937930397672324,0.9639072790901574,-0.06075302091742113,-0.8565481883999299,-3.2404594171763215,-4.469060036282237,-8.418461648533494,-4.1993871301148,-3.1915259774978466,-1.6086468585202547
9.43480911382975,8.697909237467469,7.503838912409811,1.8040014483447877,4.089965424293366,4.658509503742264,0.9869240539714075,-1.2966984671737942,3.2495762497084146,1.445915810093387,0.053693255558249754,4.76490181586115,6.260017785469368,12.582447350147962,8.281185964224798,13.92941230130618,6.728405050256835,1.3535994563398157,2.8817484005500127,2.099899949103547,1.9349956997856856,1.8119341925407437,1.0121807042792987,0.28694761412197334,0.9552740459686636,1.1036071607403144,-0.6303663120953809,-3.705042615007805,-3.6407143046757096,-7.521020359750617,-5.583899903796579,-4.216700826044173,-2.8500679647577876,-1.9321735333589556
10.436247764747025,8.69177560659287,7.068031988332466,6.4189345830606745,3.2508011459377935,4.688361060075221,4.0022872114630585,-0.41589959749458183,6.0977597485519555,2.692916421654202,4.256500694611679,0.3242175472424553,1.1989164815549045,2.162494736384324,4.516770177227888,1.118682559279798,6.976774910505908,0.4501541301701259,4.814271315269532,2.061482286375172,0.05926198542912061,2.5172335612489647,0.4947822393419002,0.7755395349471721,0.6327167204278944,0.26406534289878514,-0.6337029707375649,-1.8996508928778761,-4.0536820982350505,-8.916523701354212,-4.96604621583974,-4.167519408952636,-2.380380944055559,-1.537575617345646
9.997964260885505,8.916168544291576,6.696824272386381,4.4110555502399835,0.3513226253995703,1.033694755106833,-1.210232516630005,9.0246492357835,-0.2646020996994429,-0.8299350699320514,-2.1114838975927688,-1.601244955958469,1.3308175695449125,5.043505671461265,5.150650253356641,4.440420949245083,4.070575229593832,3.0581727490373773,1.8136354926031446,1.2756950027539624,-0.06198904540628035,0.3116057280934355,0.7045510821946738,0.752939025022346,0.2883884761492494,-0.6882051636911383,-2.4896926389794207,-2.617361220223229,-4.710676754419955,-5.607009289969401,-4.969438504985223,-3.9357501927271277,-2.8748325700100135,-1.8230849995933116
9.890869348343143,8.030511692260264,6.479099625673443,3.4547178253834185,2.237992028309105,0.6095931598156225,-0.7030020278278107,1.8647192797644854,-2.290500708581989,-4.903014873325403,2.468906406041643,2.36795304589323,1.206454519997067,0.9077063272539037,0.9740897749006598,1.9755790135901614,3.2365326138953376,0.8516210258236742,0.5969020324244574,-0.9742595205899058,1.1400587883632753,-0.486014870342885,-0.2848239066226509,0.8727534904042948,-0.9232556320876204,-0.963957412795582,-2.415396532485611,-4.612408477404419,-4.043132316936252,-5.582590231214369,-4.658875301296267,-3.2004666227596847,-2.495083132744686,-2.103153847485459
10.615206139313784,7.681547659453194,6.486170110494607,2.8975475651391163,1.4098812832039869,3.4261380827300467,4.018543002929415,1.2168037040942181,-3.351131505014671,7.260697284210349,7.076467531824823,1.6958038511471598,-0.005928538080198695,-0.0643308911352085,-1.6914209930791926,0.4561874849607946,0.7333758232036882,-1.6723230187944114,-1.82899409538881,-1.5438209296955603,-0.11729231913005173,-0.5665157829175494,-0.6084057144043489,-1.2021367412548152,-1.8146281302238787,-1.245250574934914,-2.7227317902766868,-3.372396040864,-4.316786139048623,-4.915814786212252,-4.931828185979835,-2.4125468491734514,-2.260326576924154,-1.6971044637040607
11.448614857169224,7.7468132720558875,6.644390238343571,4.9531525493245745,4.004278168288754,1.1471559748766986,4.492193222994202,0.5399314736893248,5.520129813067547,6.142593945088713,-0.6341627526811044,0.09026288875894983,-0.47826928269824254,0.6405953261865666,0.1248437102735837,-0.5335304637534989,0.3869768690555014,-0.8699591882075575,-1.043717099977698,-0.2067857816332979,0.09624168598063419,-0.8161917897057865,-1.5079241979486833,-1.1044961992152493,-2.07675597846581,-1.8214686142557988,-2.088219925157878,-3.6665290340428465,-3.6484946165432866,-6.818300097560405,-5.109940953756138,-2.919626395483864,-2.319132855187921,-1.5927054238211267
12.57170780057214,7.981302341295468,6.611615151120899,4.973516072727248,-0.2634672325339069,0.4992274958761911,-0.5672044921330787,-1.6213367094500486,1.1997714931047836,-0.8361110677056202,0.41004337370434135,0.006384501628698375,2.0729510025344093,0.6048391404046632,-1.6234254153119092,-2.4048674568252277,-0.9393660051537362,-0.518495355198497,-2.9283654690737047,-1.1676416460072034,-2.5039851117017835,-1.259823985519307,-1.000135382249318,-1.2300554293683916,-1.222203841509027,-3.151530406171368,-3.3390383390377107,-3.946864713214891,-3.704095392783402,-4.424153302069561,-6.494822157829381,-1.8159896436551726,1.2115666378468324,0.4995535695637672
13.366013498227565,9.456761365228788,7.921741974191465,6.367220784907852,2.6245235563054212,0.5825507857317325,-2.610838612671044,2.5627745737764487,12.230259438383142,2.1422842741280013,2.840524811746065,2.1197053257888525,0.8875889507874082,-0.10589751402800116,-3.732454693857536,3.0369645772370415,-2.0355256748780675,-1.0903241124874217,-4.171439769889744,-0.736140255890572,-3.657833568721648,-3.2286838071345194,-1.4237475748902744,-1.3574537433850586,-1.2877867643991188,-3.1554226653073427,-3.9320286785173626,-3.8753275132115776,-3.6253092954863253,-4.575664478769431,-4.359390259775934,-4.237686216462533,0.8257174509377387,-0.1005874203462893
14.080389481194757,12.293262262536128,6.855813540024202,6.540787543468577,0.5154048316336378,0.9518356502141864,-0.20976784734894013,3.5428570294792108,8.371082490662108,1.5720830296392967,4.074420934019718,-0.2612543163603132,-1.7483109623315005,-2.1457213623277713,-2.3644715350079033,-2.880174113089504,-4.751704466692003,-2.875096527988565,-3.7642704157421725,-1.7382245199824011,-3.2980289265106104,-4.013589497849923,-1.155975387803355,-0.9746328750925324,-2.599814875322207,-3.3749291436480204,-3.6321832341633997,-3.8759179800112276,-4.0555243270685795,-5.22905842923566,-4.343514718461487,-2.811805437259639,-0.2713977704882967,-1.1932900881757533
14.014015155278557,13.728361118836178,8.874585540357806,7.387818098571682,4.288108617885505,-3.022865737677573,-3.4481315700976194,-1.4830712597157971,-0.41262956267595025,-0.6276476534744618,-1.1419269003667447,0.20436826848574616,-0.1072114314799372,-3.9991034111785932,-0.2908118529134796,-3.6828802968601613,-2.363707848044094,-2.235051366951293,-2.530662536531793,-3.7035129464552625,-3.2935127925584617,-3.3337359285832826,-2.4031133808262837,-1.7499505175542687,-2.3542232348777477,-3.336353501136843,-3.49703209461293,-4.853237677964976,-4.289901482536268,-4.547029685023802,-4.272902844818997,-3.5675828224926196,-2.7099570976291507,-3.884009289875905
13.938175113197198,13.95696332276105,11.557629505513278,6.85472978481049,5.462641015962613,3.4956902214267944,2.039464983361141,-3.101350120642458,3.8959073128400483,2.592672050847099,-0.5720639485906225,-0.5649845265315931,-4.4916387837902425,-3.296586419755731,-4.276819189315649,-5.040676343626679,-1.812557250789447,-1.4324071925495983,-2.45743507206491,-3.2349804836837324,-2.918306502464875,-3.3760671893311076,-2.446819784541257,-1.7402748766853524,-2.3301657521719545,-4.509587602483201,-4.878083421657193,-4.664260120440068,-4.143529978925461,-4.0300691892454,-3.812206874695009,-3.6790221979327615,-5.871602427440689,-6.4818594017857585
13.544929368603604,13.486132766029986,12.833371288284278,9.369168296332887,3.65196963464212,-0.868302683375511,-1.3351396547893715,3.1426513475828433,0.950964470182318,-0.07000033471730431,-4.310465650436995,-0.5673370799316823,-1.1677713024085303,-4.832068299968979,-5.558451619984418,-5.379140379751869,-2.467791963254869,-1.0788923707068545,-2.0563812139265374,-2.070537213418407,-2.386562462552834,-3.4477200870285305,-1.8309432232161538,-2.0291352484308116,-4.394540084996094,-3.2433453346961665,-3.0641369688438345,-3.307823355567113,-3.674432598270134,-3.8257213427537513,-3.597368830470457,-4.355930892537832,-6.064013782699934,-3.667945924873298
