script/wind250m.json
{"header": {"parameterCategory": 2, "parameterNumber": 3, "lo1": 6.000198445256149, "la1": 58.999992894266676, "dx": 0.5, "dy": 0.25, "nx": 22, "ny": 24, "refTime": "2024-04-09T00:00:00.000Z"}, "data":
[rows 0 to 23 of 24, columns 0 to 21 of 22]
3.6860820586452716,5.784345440372263,9.847532164755528,-1.8145609350295975,6.767891471888059,9.152907091297916,1.330840438097704,-1.354750477123041,5.420788217612768,2.772680988684573,3.92972495542877,2.2227992594559063,1.1185712894076818,1.7386251600556075,3.630263728326382,1.517589570693925,3.433500933127215,5.365105787075024,2.705768046725282,2.919032228568527,6.155121935774842,2.7494578907351843
2.87732863613697,1.0991502413801792,2.423492523384386,3.267404273804867,7.692581114915414,-0.21818125082122092,7.269353815754842,1.3852260984378975,5.8296580873392685,0.8012391814871481,1.5018959571105734,7.636991634926625,2.728061244377051,10.833294952708151,1.5893451754696546,1.0361050658245692,0.31603300685509444,4.252523184223964,4.573749130065685,6.270774315872591,4.360891349782802,-4.738674487205497
6.095995066879786,1.8346954011758247,0.982288677370405,0.9367866951353737,3.7260405694887053,5.413938730736704,4.768204539726344,7.120961527664645,4.572273862528369,5.072440481850906,3.323733028384121,2.5792030327232216,-2.4643500809392687,3.676816675590521,5.524681776915559,-4.579154021051241,8.280634005624929,4.880558770760525,3.6687247623090427,4.146517548603472,1.5119462076092112,1.8488544466836392
3.894171005947354,-2.0670744669287626,0.4803737336988529,0.2509648937292623,5.435852193406298,2.211992909734067,1.3396048457413823,4.598766439304938,4.308777602670757,4.429334285900103,1.2417395621267477,3.0407778369199128,-3.276863414171805,-0.0843866574381393,3.0816584255537176,7.953254343320874,0.4012001956587671,3.717952424771173,4.5757663687600045,5.619089433213271,1.113361896955835,-1.6477570132675399
1.246322578936811,4.5601711478362335,-1.1576932344105888,4.093167403396634,1.5427246183643224,-0.2757068380705023,7.314629341798377,-1.0622591654074658,4.647275991575477,2.5503946826446904,4.7019489769104315,2.0273564009299037,3.520423969704948,-3.5321046984337805,-1.4925046364913142,5.160227959721694,7.768533669465317,6.052795452955497,8.091459780595288,2.8084233285611733,8.520925566845879,-0.4039489828560663
3.067601586585063,4.261953916583647,-2.5463355375235674,4.054002758128758,2.1915894990625193,3.5272948773318413,1.415684594759382,5.423820125134425,0.8697747605950888,6.538696303791591,4.374476032108061,-0.263328166683576,3.111811459978131,2.87891683083853,2.0157585578460813,1.48078804119589,-0.12286500872762102,2.7538101555568844,5.603848300984393,-7.223699866445305,4.505566514522391,-1.679305596480878
-0.09424119056843223,3.8335266036413596,5.081861945376644,2.592839719460656,1.5909764856850763,-7.255187379241882,3.8946394623380205,3.6456960790950266,4.889121269207648,0.27998083282762437,-1.0748113515681852,0.5143215135306817,4.454628456724662,2.6407640878767595,4.932076376791659,11.549392324290217,-3.151766486559599,2.4657700322295573,2.4190149743492,4.545069589091152,1.7201167892493405,4.255724351387577
2.4426847435536168,0.635041197089605,-0.5381440938391431,3.791652717169933,1.283721755077484,7.183392311307405,-3.3731744663497323,-0.03124981580741197,1.3239993794318023,-0.05576594226964498,2.2821438100029363,3.936925660363828,5.340837688660388,0.5730811550566947,7.327811760388785,2.389368182996731,5.7681713170743265,2.9218009399852893,-1.4853874179238553,4.445879591796932,4.687216813731151,6.089996514154539
3.9542695391139455,5.545643757149847,0.4651999203239477,2.4516286166362264,-2.044684959735424,8.754110233049763,4.524701318758013,1.7769921380053497,2.961841470645776,6.848991004099328,4.029378864445625,4.7397878113834375,7.606890024944599,6.7345554974639,1.8113478761999995,3.6227318798674624,3.9915253202404335,5.8530936932362785,4.67245717340105,4.851926871274062,6.5804935150434245,4.4806973437007525
0.7479386705783051,0.2559221636385965,4.169466707040569,3.7253875207147193,2.8877912184659467,0.6269697158591718,2.981386934255557,3.6682384427553743,0.8619342080830003,5.197735623907544,-2.057087701142949,4.019465859824353,2.77224519068621,-1.9801978275776013,5.340840412404315,4.744623672963219,7.340200335729463,2.6757277494420544,0.6129465497774965,2.0225343223415644,2.0630502352995745,6.889408812666559
6.144086391196691,2.1838969825722474,3.3896499480153803,5.239232150283571,3.3685174377741536,2.6115353682436697,0.7845656112252815,0.2146867331057231,6.017990621437192,1.0939828138065761,6.290365753211185,3.3373979489921917,1.2122208252969175,12.579124182528261,1.9934594402509456,-3.4884320197127003,3.752099923749625,1.1397386256109916,-0.13817986859174955,3.765043348126649,3.04305068916498,7.876706319379926
3.2546286481551783,-0.404740886970302,2.087694759808968,1.1005191613481884,-4.674154661853729,6.448991443180919,3.7197467691704347,6.580539701437874,4.123720030781584,2.3452420076516973,1.7686153018563262,3.9730942472684783,3.0917115608057006,3.194777345622604,4.738280610833742,-0.44428006590918656,5.065532304265261,6.750985739757146,4.146426623724471,6.2546355838012655,1.3375294620978229,3.2171011492566515
1.2259897062157699,7.341999328450354,5.7843900410966045,2.8560662842084845,2.3375360713974738,-1.8778093502777717,3.3390459801237165,0.7277451839636624,6.35732813638277,5.28971519863666,3.2833213327258743,6.498637308533876,2.84479939255135,5.6916574506030475,5.14700849459101,2.6524278163534047,2.4445400860702895,2.5281777175451796,5.774568963028036,6.088860204990474,6.330366727445959,1.2279946378968387
7.4121675773647375,-1.867518911630047,3.2019775454229342,3.066125857428325,6.597817688435216,2.6216590572278995,3.7494616044775686,3.6772235592465594,0.27735828437432636,11.105094080317343,-1.1191051333734812,0.9221162150412295,1.4282883860122961,3.723683448639603,3.5218202744761946,-5.004162738004165,2.4029586120496758,1.5728861176414288,3.3322073021651804,6.460517414075394,2.2072596413924233,2.349531398245971
0.701627887490243,3.383847505559207,2.3696993777285678,3.3878406306211692,2.2567191611517954,2.275457010410001,3.0426603617001757,4.095795976096794,2.893882249240772,1.3845539157968854,5.697708737873107,6.8359101107988085,5.107381366752787,7.578815748417745,1.618938467304825,4.332542281601576,3.5995528739150062,-3.3437178257948648,2.2135128231678687,1.9876131453136965,1.5215607756721021,2.2441458250808037
5.655850100816416,4.112010420002516,3.340202453214256,10.90118571530415,5.1990378491126465,0.9344939680699488,9.417684571976125,4.198862436430051,-0.7991054029871575,1.829199988904452,5.827632050516223,4.522238997608052,-0.24519820937172154,9.996284591732552,3.708287328961966,4.817213687454573,0.6249022656740241,4.803216954263883,1.886045854040295,6.021210958863719,6.237533423834486,-4.657041589240418
3.2072139018898227,2.412987430861965,0.5929295477720551,1.3828450610824699,1.7839571902180413,4.022927369141861,8.490128009093658,6.035273688409347,5.423787215927973,-1.3438903098710944,4.46047390724601,3.8481112293841626,4.769705609620294,1.7845380189030189,0.07448788107728083,1.023724256405883,4.316667370972625,-3.987209664548918,3.302467476535363,3.779156970404745,1.5541597814958708,3.329688222691438
4.250676577570586,1.2176381880782232,6.727181099809788,2.5187100150656754,1.280874879543429,-2.899225814244688,2.8139957002221725,5.407222654738096,2.1901143824994764,4.341483031872373,4.397797365699767,-2.617796000072859,3.9580619869802742,4.1812742906241,3.651938073035181,3.2382511359535835,5.049245816915993,1.994716603874072,3.1994969560915707,3.6719298236071207,6.810034198114526,11.275595860536292
2.9311646624649157,7.295975231902085,3.505075107508207,3.7626563060086937,7.27945516912039,6.099256059985353,2.1265228529552633,2.4536126811025043,6.994273776907933,1.8009352945350994,9.569495299045467,-0.019039480933892537,-0.2203428101997716,3.642304504485137,4.603700430011369,5.910067967686327,3.5483446876031404,3.0782274143684907,-1.7614239958359927,1.3553149112517824,4.572100781533415,2.642981640615754
5.804327754200643,6.508518408555098,1.7743467268853237,5.213717814146493,3.6818845683663475,6.070041076531485,2.634549093488914,5.710170474703705,4.23430290523104,-0.10268701489789593,1.444495161052335,3.678039593500438,1.5409903209696072,2.8462597904474607,6.785290172683338,4.5200033960959844,1.4722073833621734,5.563406615704342,-5.67674923271143,5.727671129819281,7.916131708389338,5.483321036318009
3.0641724944760313,1.2781451830179735,5.156701269397928,-1.1267503149747697,2.386775811111142,6.705562618407554,5.541286633063349,2.9734811904499163,2.0955207487594123,6.17267652797883,-0.19361531268110813,-1.6598025292131744,5.800661962352423,-0.3493704833439332,2.958004062312647,7.84315608350325,3.6760928647073086,-3.194840276223868,6.788131696689282,2.4575217089882138,2.064932904164628,5.325236953048316
5.87460645081772,5.241825113062867,5.467128110516964,2.6615002035975346,6.125090388598641,1.4731855819870452,5.147371446417958,1.5734150967965483,0.15333493906378518,2.53172720157715,1.640847496866237,5.069610574058895,2.84597789068346,1.25064117708444,6.007811098540149,1.0723913394404596,7.284164402025828,1.2552763677991199,4.285010699432247,4.056869209732141,7.1911359926311205,-2.0970984046184786
3.037785531936378,0.8712203834465385,1.116003586039103,1.8117762066067995,4.267813410104092,8.074688921829626,3.8284983288494048,10.852910161678217,1.9013214216782894,5.798764192295425,5.44102930403973,6.029492518777509,5.943010390549394,1.0041297000677047,7.086237665574426,6.75752814096314,3.5011357613908607,2.013818543997511,10.588204053711172,2.486471954709901,0.9171304531828598,4.445252082922167
7.190187654493115,7.766560538569051,3.2026293336798193,-1.4556902507182883,8.722923468601337,5.069940960144474,1.1963942288379448,11.074606798338731,1.7749258908332124,-4.6030650045199,2.426150629061934,0.2339337939690495,0.07302367245308412,-2.372630808772321,2.8909014871969125,1.3759129504125633,0.6365519061760326,1.3637648291875253,4.501131055074661,-0.6147872721426872,0.633783562354096,3.2202295176247726
