script/wind50m.json
{"header": {"parameterCategory": 2, "parameterNumber": 3, "lo1": 3.000054539987559, "la1": 64.9999836372058, "dx": 0.5, "dy": 0.25, "nx": 34, "ny": 52, "refTime": "2026-02-17T13:00:00.000Z"}, "data":
[rows 0 to 23 of 52, columns 0 to 33 of 34]
-0.5521735267315109,-0.30457181260038607,-0.6852459870043872,-1.0405854053010604,-1.3476153452376214,-1.4167324101420804,-2.1031750853378095,-3.185349247700431,-4.340574949900016,-5.317037202230122,-7.07976031379488,-10.024301797589567,-12.877358469430739,19.330315913025803,15.100323541719264,12.107495164292313,10.101390240198242,9.396052859181815,5.251718682980888,11.974073391877306,2.3361915242156113,2.0775955045678716,0.5556505019824158,4.311769984420035,-0.6027559163192908,-0.9958082588092471,3.7187401769018096,4.441916804580454,3.2166438029312645,2.241145014637515,2.525137618870614,2.077707030813066,3.2075507603190125,2.167231957872293
-0.22711664014113664,-0.487403599331389,-0.7341116406085803,-2.680889382186638,-1.7919313541997455,-1.8078109841451904,-3.0551901027027406,-4.45392471444761,-5.4031513589488975,-6.320127463264212,-7.755959464352383,-9.708866726083318,-10.86431372150295,15.789990515880632,14.359430323234816,11.923254946771655,11.641354617185485,5.357825588244836,9.263506138465699,4.4117946486980815,1.1594902391196635,3.543731795064201,1.0103643881176532,1.9175226810988368,-0.08454403302587496,0.1370093990334922,2.0819578779877173,2.765206042556857,4.738501882191969,3.8058242336727157,2.8326679690733245,2.3437778499036868,2.989670495805903,4.401202627530341
-1.4511040393003196,-1.9808127502181214,-1.3273905734281266,-1.9096221724611913,-2.514830815621234,-2.470966985434369,-3.4196530676202626,-4.91681792164039,-6.120872565802914,-7.2025416560024365,-8.163338294481466,-9.427997514161293,-11.181149926248398,15.319586514042548,14.086446698959955,11.234618418530946,6.235026004925421,4.021626876774037,-1.0212656992660456,2.692141277661814,-1.1571689467341064,3.8274351407507012,0.5622781230687541,3.067850051336454,3.2008981179551736,1.7402142844959498,2.185324654577955,4.288950774346582,3.462836668552252,4.17979281089647,5.426219053842357,4.429256228364036,4.069975218846307,4.999641796012431
-2.8164186192156517,-2.5259748911208875,-4.269354386341607,-4.489614056346719,-3.1910911831650552,-3.388644290552582,-4.595816572769666,-5.599840287766382,-6.692275647946913,-7.523565591949212,-8.37043834503682,-9.89506299796598,-10.17525224951448,12.591820949132089,12.590216475717153,11.182118915969642,2.3345010141733096,7.0518021298042175,6.6483747158814595,1.666191031050119,7.611116650158334,3.117435664588417,4.420789701096506,4.429119524530445,3.4939513662830284,2.571373282030137,4.489327303334098,4.813648307488496,4.666107173147708,3.2833094060872616,3.221603176485329,3.792976533038002,4.7870648382252,3.9732639170747426
-3.5488905369967236,-2.9594018977274246,-2.353282792963667,-4.111566226349501,-3.970202055953311,-4.438957939811918,-5.380266136474772,-6.014994338598465,-6.925815909495897,-7.71376211748252,-8.646899871491904,-9.733379820973735,10.362357371373658,12.825323656318062,6.15291364648642,9.168045279042298,7.191191774720014,2.2032151925455037,2.613278918968211,4.9356835807815616,8.940821519797051,7.709676806134482,0.2324993462510892,4.443263363772157,3.219830348655461,4.408073562256012,4.698609816065306,4.481942585343302,4.479939254341585,4.512948816705662,3.954195750624109,4.735357401661509,3.6150193955144543,3.916638215395092
-2.9285666542754245,-3.730945786483515,-2.9857832351622613,-2.7255902460881014,-4.57785098329068,-5.18481047077748,-5.775656565893951,-6.498472726195935,-7.208984843095993,-7.175385938194664,-8.001106250935269,-9.36505425614177,9.169081339325928,9.914254596571324,5.6905983997706535,5.397632126673467,4.631547830848838,2.718498085735177,4.968883218847537,5.0250118124958085,1.9215071947105982,1.7339682405710828,4.720811164523036,4.153915718956963,4.21018053230867,5.623515712231523,5.706954610971624,3.4790918901272563,4.4664472893228675,4.31304816368134,3.955693704134793,3.6328005566764148,3.9984985792787158,3.477037672206458
-5.944183876676019,-5.222582653774827,-4.746596863217723,-5.75990339453058,-4.877218531233356,-5.445404173834926,-5.980359071483323,-6.343370158236972,-6.643868947424621,-6.668918638961189,-7.026826675707554,-0.018264914331897694,3.603227749319957,5.054433609688891,5.290306151698974,3.2781423475853235,3.410959317820097,4.4729750471723575,7.180544220009853,5.94442204892825,0.13923028328575368,2.679651502426417,4.436833825712007,6.064301156282863,5.787829678700996,4.523590516482094,4.701815611538412,4.797825048611268,4.786406984394954,6.0066656614463945,3.1925170235937164,4.796593540618452,3.6319819269683706,7.227534153450821
-4.496918014782687,-4.429681857079363,-4.810998122506294,-5.580284204560712,-4.016206054201879,-5.006956771242157,-5.470664033046633,-5.647038465100309,-5.653799288258739,-4.224816228999538,-4.222941045919177,-1.94169331538336,6.692990914846514,4.6680056040260665,4.8703530946494045,7.940125674598372,1.8361446458455368,6.191710318997009,10.284965658909428,8.170112328428344,2.2665234822158777,5.921799518935402,2.9592931689563025,6.783492139604409,5.289057585010951,5.620814717727191,5.099858500992223,6.6339850486989915,1.3687641090386962,3.1939557361772293,6.0502294751016485,4.996496259885463,6.131514694727891,10.062227477060983
-4.953726010330926,-5.30923526799578,-4.797753159483142,-5.910861769247912,-5.218280593853046,-5.605207180417844,-5.480042882798081,-5.5167443936135125,-5.164864217200073,0.2648956730920828,0.835753205819451,1.7125121979745221,2.6455625310613415,4.542778524346001,9.141952971705157,1.6911827348970954,7.443347519405579,13.613483895674323,9.02432129688326,5.5843299769018335,13.74519667878092,10.189241122148763,7.849813765700107,5.294467553468242,5.336271298885279,5.626571864510306,4.986402061245864,4.0541842270551625,5.783305828312225,2.797797994966458,4.218396255418132,5.352256790691551,10.303802004530155,8.351696242767057
-6.60416310459805,-6.306556036845132,-5.569236743218706,-5.4603754403670495,-5.417081570520986,-4.974353858566445,-5.471369789192163,-4.061542780659817,-3.466465670979532,3.3927409050289534,0.20758875821425032,5.801737834330626,1.5971147691691274,7.45610317167419,6.765240282635515,10.299358430893378,6.888743522856603,5.564376018973378,4.467853912398558,5.586359068701382,8.417416833747911,4.6433710688957,5.5253532392247315,6.594051840271001,6.093151729904878,5.619441199470957,5.877375444291033,5.368785867369857,3.8449997360959616,3.9343978650876132,5.834095049746334,9.835143744945915,8.017455416922171,7.826868078092221
-6.409010636998199,-7.122928726753076,-6.607209487417396,-6.220476409241813,-5.416480602512432,-4.69863197163394,-4.513201170192033,4.271256777362181,4.954017907839702,4.098783246743615,2.2348130369041854,8.669863526524349,7.450683697600085,4.324739883954962,7.256278049168858,5.23305382229637,6.410659765669749,5.226001282875524,4.882611998218245,4.304738319748084,5.769016965078967,4.799408952530965,6.952178411077662,4.944177291730093,5.803536942504476,3.2983889058781557,1.0465987594304906,5.132881147217357,3.393742422158539,4.409344726587418,9.673357569351834,8.696378397997249,7.803106357959594,6.596818197813827
-7.602417182997716,-7.729049491728041,-7.165519102483857,-6.408594469498579,-4.7472803496062435,-2.5143001154958635,1.4219350281593186,1.3372317662818187,8.445649482608495,3.939219251984605,2.7270154714818964,1.6721781572486447,4.052770426830275,2.985631502057797,5.8700329859342,4.243195964296804,8.498898118999021,8.73554401191605,9.8019506694463,7.030653239364461,7.569471568906039,4.1635727617986955,4.415577046338219,6.957143160552658,4.280153165121746,4.031511537260789,5.702828023031518,5.0778579227236955,4.424562132795239,4.925204009908306,8.84297550900178,8.441744180413615,6.905116820152466,8.985492967578098
-8.290619684767595,-8.465398894726249,-7.442815292834726,-4.45704551918994,-3.290210025545841,1.3988870113995393,1.3060746194408852,0.43811770020517915,4.412437519897744,1.3301960197850105,1.389611414106017,3.4281392017930203,5.573245828637863,8.157803353737853,8.854629876243461,12.881884883831551,6.5034296938957405,6.592515343849753,5.378365095125053,4.883890901400488,6.273431583244933,6.183250681076981,5.003022318188474,3.823811822946831,4.783283169062536,4.490351053198036,4.269564199043322,4.080833816771716,3.7149797094058727,7.194679599497482,8.076263727974098,7.88396104378271,9.294898986272754,8.828704277424036
-8.55903454953373,-8.723239015442516,-7.232768450924897,5.6920947465960126,0.3663046544353507,3.727820299901047,5.986769534073594,2.4682710593006103,2.317876383888817,5.587319707535012,6.845149928685076,2.94827713050959,0.2337190893342755,0.9605248668521307,4.584772295702774,0.827062314646711,7.082312172876483,5.055916850368418,6.547951188284229,4.88629960426057,3.902198213531478,8.023160278740281,5.179096537155314,5.7396104744107985,4.501753250933279,5.62118553761107,4.402391543849506,3.6393278788808674,3.396715998124049,5.19490378766422,7.356975468080924,7.897258629041091,9.275624425468909,8.929940410812605
-9.130422408960818,-9.446853910043451,-9.450316750071407,-5.392265826309833,0.7196104835651839,0.1234359842050548,-0.9306041754337754,2.142956361557849,-1.4018430809903637,2.3492957805497765,0.6192809213686237,-0.9584248354137621,1.1727674080595394,3.206844174613756,3.7524880435998402,5.201304272961958,4.423596839332868,4.213534998033805,4.836697655086595,3.7888197821509673,4.452034193394844,3.137536119637415,3.9745847297638233,3.8852989661265926,4.184996813002031,3.899796433513377,3.467006916068365,3.84678667372804,3.245841071730651,6.1394980212525265,5.820091364822108,8.621062928619011,9.081837899773191,8.359745692693892
-10.16535873684672,-10.16321222003971,-8.973237215743545,5.901441822153699,1.7384548440419358,0.6972587410683714,0.05070937103627567,0.4226281945353089,0.3134236705571083,0.9917180522220722,-0.536746907800942,1.8286432306670752,1.3755548684115944,3.611207935005108,1.3402597657182014,3.8761866016679876,6.064361079394593,3.4348021943288978,3.2979090882398645,2.840398573683417,4.928833690083484,3.7195913148655855,1.2162447176089193,2.9627265792287947,3.5724313659042712,3.8594755759357042,4.220919126219188,1.5126726377477115,2.8746190348063116,5.701646411783058,6.51693089164566,8.486998080760868,8.777130771392143,8.861342188564963
-11.117705382965699,-11.687479973790921,-13.114634602107936,6.090685309688484,6.187379982775418,11.008103616588171,5.951149246981823,5.21201891910345,2.2357628678909895,2.2985116384324535,-0.6160799337809533,0.449089479358361,2.4170599601760046,0.8652407025198859,1.3059619687583535,2.0724565535101447,3.1378313228263024,2.5872011267022117,3.0460573728977884,1.9005949910386055,3.079206741859111,3.547064500897671,3.1346673279803787,2.353608851646774,3.177381364883015,2.9071485124417262,3.9975577309210033,2.960010473950878,2.470165582710243,5.04201846492463,6.765105189779217,7.030912628534395,7.987449859217868,8.212520795804677
-11.752476733719883,-12.399660316433614,-13.798627227758862,-12.960380872586374,7.211037671438201,1.488389896028512,4.020257304370533,0.7571706603155494,3.6992332323383823,1.4042083794852964,0.529028893979125,0.9426846074719307,2.947567811243952,2.154355433109102,2.994160401088945,2.6338625745308892,1.531413146297262,2.2926485476304954,3.1324934434285856,2.087017848807923,3.2547750258324113,2.274107622585045,3.057540051749224,3.4063155058620427,2.783963180246243,1.5731007132402406,1.6072778881768877,2.5696766138597833,2.4155249438270356,4.612285509982555,4.435484946681505,5.968958294704498,6.512746715086716,7.763162990145991
-11.94532514788264,-12.613822007930775,-12.825073957740265,-11.30630733889274,6.678377547569101,3.035684488766941,6.060211582395842,1.1537211644125172,0.6129368635579837,1.161026034136158,-0.24106458071682674,2.052085027225042,1.5840577581256832,3.4818678640174174,2.6284284175313726,2.8671887612546936,2.1807959408519606,1.9504339977023326,3.206886225656388,1.6039128039664277,2.34421815582657,3.1315618984597875,2.3077969589867613,2.7018866567854922,2.939411194271055,0.6483337178558858,2.926662416571186,1.1850567639404497,2.623297898911137,3.188514430120461,3.8244874547402925,4.203903582283399,7.505256224163214,7.21255014989649
-12.069622210905905,-12.731281146621376,-13.18404600648727,9.289948672564563,5.7074659512518755,2.8163256098368423,0.8207248739299616,1.6125984191523284,2.804892423035599,2.6866606036015663,3.52954573203107,4.886716438085433,2.0846697216588876,3.198730677589684,1.2400200106552066,1.4087043411750135,1.0671242802606633,0.9759999104512408,2.5523971158833656,2.0901521380247714,2.4762591379875643,2.7634562199992967,2.7666830366234114,2.7233182121275594,1.8198377313401644,2.2075429199736467,1.498830900748898,2.1794701555170537,2.4953957257025845,3.390601870313158,3.392262660407306,3.570308890127482,6.859431535377403,5.588030176400409
-12.546774239267764,-13.75177172241903,-10.337159044305672,10.817941047826658,10.367140721735092,5.027118257131097,1.4110883649597896,4.004955506686338,2.916174432378397,5.869530620501697,3.6643286793440977,2.204229585334714,1.772222666738396,1.459523452968466,0.41583235856304707,1.1403680578552897,0.32819751364777827,2.1440098232644935,2.016969563633546,2.8751825273522145,2.5052044091958603,2.7600993494065795,2.442312566292694,2.491311351893729,3.2532069087847884,2.8958272364629183,1.7355446602570883,2.8049584031348367,3.108712389313916,2.2379029758149382,2.833603524729825,3.446405051800357,5.285014904905722,6.543670738666029
-12.69834157577621,-14.653846475050699,5.158827321201927,10.162592536893529,10.139145553511737,4.229655035492712,-0.11064767776191994,0.8871530463676189,2.0236514344013745,-0.4974694144631467,2.404318262169093,1.6293560657402308,1.8640760425193776,1.168174387805978,-0.15558610601748635,-0.7200779600535574,1.4862778040373918,2.371615971548978,1.9607304276178135,2.407306693916171,2.3045419187859264,2.742028678183379,2.304183287651421,1.9785499199320582,1.9926262267621042,1.0934346536451003,1.9867600824593417,1.5275702082642224,0.9485374419867244,3.3925529986397445,4.1907861994756,4.3911797748407,4.8014374012391245,7.689780993602718
-14.214900043640249,2.3004748000243573,10.887907724884995,11.06414760373182,8.389425133917303,3.2054046768000974,2.3098760008657457,1.0958143012406498,2.5478626131945585,1.2262853905250235,0.8609054884597996,0.7035394044378684,1.331888541280392,-0.20947039571161785,0.004978661955596883,-0.2752328252295986,0.7990690192545733,2.1628500335466874,2.225506643590679,1.0777269544965657,2.1989421246747933,2.4751740708624688,1.644765071107322,1.951944591585522,0.807884318089554,0.6388625571409127,-0.31070172606203117,1.7149625599567104,3.7046314991884275,5.005157011988672,4.751489919910815,5.201245618638961,7.389366221513758,8.029272852693406
-15.205424188412707,-7.221451675493539,11.941699748192406,11.003921289624799,8.784247185098446,5.334438714405271,1.8317878295166725,3.4720825376377418,1.7868495305013579,1.0181407392058532,0.22016160602004728,-0.4550813810376334,-0.7673362011552589,0.12109146681914179,-1.3097159861465455,-3.189405962501768,0.4608745779768393,1.510392224803081,2.1541729390648876,2.319226633806427,1.1962733729201869,-0.07339429409635993,0.9755257703184104,1.3072334321854542,0.0032401206606688434,-0.4569210179132155,2.6344373194177586,3.9522273895595434,4.183551426519059,4.604164426537566,4.561706773082451,5.320198546422258,7.614244308424101,8.18373611993125
