script/wind50m.json
{"header": {"parameterCategory": 2, "parameterNumber": 2, "lo1": 3.000054539987559, "la1": 64.9999836372058, "dx": 0.5, "dy": 0.25, "nx": 34, "ny": 52, "refTime": "2025-11-20T13:00:00.000Z"}, "data":
[rows 0 to 23 of 52, columns 0 to 33 of 34]
-0.7588987812866014,-0.47588432517132495,-4.3745259178023845,0.912622069107942,1.4254672001584157,1.6974235674112352,-1.149709864685747,-0.9682809662903168,-0.6602857272093215,-3.489908371137646,4.258835961744952,-1.2002685891175455,1.1783780624195177,1.2017237924326447,-3.0769392285848136,-3.2363334989928436,-2.49819834117243,-2.349056943142318,-4.788952208838432,-3.190878566826329,-0.941799306859397,0.03883650297156152,-0.5601368475004551,-1.7338268203585212,0.586394185123583,0.6919498809348313,0.33792527633394154,-0.5479959398024712,0.8040960920776441,1.015346188809288,0.6802380468206747,0.9010452595658309,-0.6907230182295773,1.2700346396901203
-0.8262717772581782,-1.7669433690515328,0.3528407195384877,-6.63925206090385,3.2851839701283976,6.719816826619907,2.8040956651436764,-1.8971793732678779,0.6944476316154136,-5.469578289484633,3.5712004401763378,2.877670282096494,-1.0506442631319992,3.9713381263343215,-3.1977118619910434,-4.422988296728265,-4.471831966050773,-2.9285081165781786,-5.688235512288504,-2.264577712940355,-2.7281807725466725,-2.0915426350293305,-1.175486792547643,-0.20593192307427283,0.3655390420306523,0.34372199982338086,2.262185208700605,0.9991264457521017,-1.1100381189502133,-0.5823225072024214,1.4039418635907208,1.254813574030768,1.201957945816182,-0.8386666582076421
-0.6591697992826009,-1.3755956822998452,-1.2469473851257171,-0.0789387985381159,1.2498722102463276,0.551430199286704,0.42058488576878367,-1.6137155019806664,0.42878461705771376,0.7676428030194499,1.4322185929714273,0.51644150759634,-0.4004932552010798,2.7684054422650917,-3.7067022427010223,-2.1356918300323153,-3.998483066893697,-5.873658287754819,-4.566344040750521,-3.8835070997647443,-3.4726118978969307,-0.9229983776369465,-2.3471965558979826,-0.6489957567059653,-1.66935083380199,0.3252223918022627,0.5877790082129274,1.8128261707772566,0.6606652803125952,-1.8781304154775105,-0.6576368789258716,0.7613430470426573,1.5002017517396733,-0.27769302841753535
-1.6273791069916246,-0.8747033980061584,0.1239121071490026,-4.09140201401436,-0.2826646636599776,-1.4072646982236647,1.17282399162661,-1.9426218040351677,-1.9754250679421095,0.327357275613716,1.092272670524747,0.30393395846517424,1.9486656623128844,-3.2073524823182793,5.5216945150013625,0.9728445028574081,-2.6576878477256383,-2.1364686302496763,-3.6919693659207646,-1.6182786295923446,0.12498919510234682,-0.3980780029389955,0.810225136663874,-0.2655302147587142,0.14331534504583968,0.5095754311304075,-0.4393853192623916,-1.0118179334663162,-0.8206509468497452,-0.27592451205963237,-1.191271179715885,-0.7068900540370872,-0.11132942269864665,-0.19892221869833446
-2.576475043612988,-2.7640724794089313,-1.4599556642004312,-4.326627119778606,-1.3975188335755875,2.33654550869312,-1.068553112246279,-1.4584147177029072,-0.7051801927681434,-0.5053808386942829,1.6356701712048036,1.278400308351049,2.914154084871679,-4.878861389768026,-2.655192066010646,1.2880953782317823,1.2726955580344932,-2.2996816377456986,-1.3478787393891374,0.43431849467073474,0.7145354864103269,2.738151052698115,0.16680085566647887,-1.0636039007686613,-0.6259870958338539,-0.2909688011739953,-0.622147643011999,-0.26028538598112083,-1.6877347774315319,0.11656728394558652,-0.1747444836226982,-2.007473029972147,0.47940936914736476,0.49912651789900103
-2.099831801594454,-2.1260105193363636,-2.001340594523817,-1.5189240233065886,-1.947569955887553,-1.7761286350387424,-1.4795176571793143,-0.8309709620038584,-0.8426331073458795,-0.9796782070114107,0.5490664697747001,1.9276907330153665,3.3983441716308014,2.3349855744204926,0.2822082792078613,2.541946640655288,2.026114249305232,-1.4048400677503625,0.08323193381856607,-1.8678408851178718,-1.8569266504817978,-0.2395071003606829,0.6888153230574645,0.1404099388361405,-0.33186412571798024,0.09538655483280949,1.0147520297725594,1.4959927883121211,-0.7957739848276502,-0.9540376467108753,-2.0776519220175143,-0.19161326528040443,0.13654889690589606,-0.04963974101805152
-1.5292930480359785,-0.9935592566658749,-0.6410891300719449,-2.3013052005130845,-1.195381732235558,-1.0734353149201565,-1.3511589914382793,-0.044827748662147476,-1.212506224900665,-0.31457941838690795,1.2114004950554078,3.608659118567053,9.19513285403939,4.385419266912265,0.46774346417791074,6.082749683565532,-0.2647367789965488,1.0555389370389834,0.7995644804123557,-0.7866654058451078,-0.6247382048343791,-0.4969228866405992,-0.29988273283522643,-1.6738513144322469,-0.9812386772939898,-0.010589405712050061,0.9384979270079776,1.2418368600805543,0.26494261161783167,0.14389144179281946,-0.15049643257953263,-1.2884356670412462,-0.561642079345469,0.01507245778736661
-0.13231922555354872,-0.826522084258319,-0.9149376002260083,-0.9187132002051532,-0.7168880093803014,-0.81991902511641,-1.8221699986642272,3.2445180261767654,3.286226546008391,5.605149759123909,4.296737932306672,-1.9428071417936739,3.3288380661213615,8.749817416992325,2.9142506958136702,3.8167528411030727,-0.5743549962027609,0.6254797117345795,2.6068709889257553,0.5392440934150666,1.2582058553072395,0.8465849635345959,-0.7113494710604543,-0.6198406255162547,0.9081524601434918,0.9279459064515925,0.6094637993030766,0.2592405903516205,1.3922298054087494,0.4143281928415216,0.4533910841571864,0.7200984975234572,-0.3758902316758306,-3.038084775598653
0.29966003765530874,0.19623808812162088,-2.2575648141585374,0.06668374158463132,-3.0844760773435014,-0.14250360831717726,-0.5328296861024557,3.0255355328267957,3.287568695582357,4.641532552047415,-0.3977451902019504,1.198943095792953,3.5974534295621132,5.092512977215368,5.083585457984658,0.08924746140983557,3.392077338270588,3.308885369175428,1.0421387165599791,1.9445326926554385,2.0301661637957604,1.2774838429222257,-0.8206108374022381,0.31056318515660786,0.6801852669180444,1.2522105542224917,1.3433682684778816,2.5674855668051064,0.8609692277389767,3.2235523465424,0.8059683335113161,-0.15975856500932498,-3.186255437357399,-8.206362289023609
-1.0624834636399771,-2.962918183911498,-2.6952907766250647,-2.53802807065915,-3.8108432552441434,-1.271282844332626,1.7470735083360838,1.877142972300643,-0.6400279964838911,0.9368121104167423,0.17716763141060646,0.2954527946390407,5.1203173871544,6.250004615147226,0.016705615153233384,5.26681642826437,3.8416144000651067,1.7515121158770057,1.5188571946047977,2.375319839308412,2.077045050925412,1.9345133432520634,-1.0432192242329277,0.557744201418337,1.5456937815132632,1.7014636735184288,0.9125483548207204,0.3491225622192019,0.4605878237472639,1.5470951922801186,2.9933863930143985,-1.6355425690647063,-6.708334369444674,-10.397921061229033
-1.7802817313460224,-2.132878170547846,-3.9530583741207845,-5.289551243678592,-1.8682305349188808,0.20609260081297126,-0.17837369469379163,-1.057855184460573,0.956182692602277,-0.5183954209036379,2.301897393610137,-0.661211225573501,1.9156646597343652,7.32242569043362,7.445777333624283,3.2141966449591983,0.2783943067513165,0.9528801188772685,1.243560177484579,1.5300661295305216,1.2799345178003194,1.6799050298390972,-0.8262475612272716,1.1497717485979084,0.9653081926420063,0.14386778316613733,2.6546534956511714,0.7868542756014377,3.039001842460382,0.9429315570869151,1.6725341779343115,-2.1618083264928205,-8.807490360247293,-8.297002425134595
-0.4375792371840238,-5.928696609198529,-7.019299196312611,-4.114535772491646,-0.795641982111084,0.41771001538719094,-0.20495405379496962,-0.0717099910484822,-1.6117545814595131,-1.1990319866424604,1.390722188029069,2.3231007071741567,-0.05287764276514495,2.1212526156611498,3.8038136859328473,1.0044684604325955,0.7896695520442177,1.068567124363041,0.35655799317424586,3.432692451231548,0.8828306676825785,-0.6629575007540031,0.6765463664395087,-0.09635462729217818,1.685765973624893,0.9611699204120858,1.2182968653975361,1.8213990814660068,2.7718520687808037,3.3502983611400214,0.0666875021156705,-3.466221920211897,-5.591681053769232,-5.256067425335935
-2.411348986904769,-7.678276159209876,-7.962545310744563,-3.4325315001160095,-1.127911997649867,-0.14313970223828193,0.16848308670249582,1.4959071305133533,-0.0285570035493495,2.283101645588166,-1.4501697256747688,-0.7974612073542909,4.79283231361832,-1.9025906249132107,0.6425775262562062,3.155065531142527,2.135572884606466,1.4444263472791712,2.6305554138519365,0.10165091837604434,0.8876470740468003,0.6350174463181492,0.29997921843854297,1.2601073683902757,1.328346372818407,2.2348232828569046,0.9931141117967932,0.748027304239467,1.6409393965165509,3.467091163071074,0.8111832578435577,-1.8659925431795275,-2.935538699121648,-3.358425954188074
1.0354118104637395,-9.369072990079994,-1.8933431825281082,-4.574804977996045,-1.0028121054490298,-4.525316575485084,-2.311201298309891,-0.9577532898078436,1.2503696244784275,-3.9851081336101775,-2.5034650159223615,0.7388686236699658,2.1954075559135595,2.651346408115952,-1.7560591573172897,1.4417033577751805,1.0146648627606103,2.5530137116203186,0.3424096483172181,1.5257571446920424,2.3115049003004415,-1.5727658661973443,-0.010518658251789229,1.1473800821338134,1.3375491160286197,1.146685305555469,3.16936459280302,2.5366245434560377,2.9436926300862343,2.8889811303671253,1.206453671563576,-2.0132108955478834,-1.9982248108835792,-2.011729589224877
-1.1807360604614046,1.0169120150071447,-1.0524249046001783,-3.3426670385432824,-2.611930379938429,-0.8892077154620698,-0.4690691433164717,1.1455964711270514,0.03860098490865735,1.2605157638820421,1.473201295783608,-0.2808302510337492,2.1226327712052453,0.9636028655672797,2.8033010788163626,-1.0347716677306085,1.299949024791455,1.2482650395257604,-0.5281250380185486,0.27945208975925695,0.5968904972703337,1.6900242762489748,-0.8002391794935045,0.47669238009868065,0.926375219528331,1.3708130771415845,1.1489663183155374,3.059213621131775,2.218268431288486,3.4612309194340716,1.963050005444643,-1.7529079482785688,-0.5018044389214219,-0.15358759502160696
-1.8344038904466826,-2.47799660824494,-1.0496162166799161,-1.1203621807517743,-2.8183194042845248,-1.384757080056045,-1.1909011334311732,0.05367849660675537,0.5212304633958506,2.003183550018877,2.711060952974189,1.756170280451708,0.6621227389878069,1.1553693916439096,2.7180977811165805,-0.7097029201089904,-0.20870606359372312,1.5855962491109257,1.4531714348995142,0.20828553379181147,0.07436950215658583,1.2924447940223627,0.723200657334844,0.6234054550375686,-0.48161822821080136,1.0379858488139666,2.3263181673011584,3.24235793869328,2.481845794226089,2.5730275754408978,0.440178286619799,-0.4986805488562987,-0.7771462600530479,0.7129149161179641
-1.3920211098364348,-0.04230069767650283,4.262489734065774,-1.8469146293365764,-0.7997631337258594,-1.916466117804485,-1.1996816537963717,-0.15044513973374904,0.13745154840932988,-0.9422129092709042,3.125750982201558,-0.9264280463644449,0.41377016277320283,1.3729864389229336,1.7255366767628706,1.218293748752656,-0.24953101322556795,0.34783068879327733,0.6078951050805077,-0.17663989579852815,0.15034036346837576,0.991158128249774,0.2306802820207269,2.0377182258891793,0.11896595062577146,0.4665863990386172,1.6992046289242961,2.3199146286452597,2.360123928725633,3.794106406092573,3.150772009199575,-0.7695869793522627,0.149787663566576,0.6909017257104704
-3.873818193195593,-0.27982870555647943,-0.1094074989294361,-1.6459069937163944,-0.7732348448770922,-0.07079534010552474,-0.8748094335473232,-0.06707205672865181,-2.7713098383320816,2.66661280350779,2.020054163962399,2.057869118851386,-0.17331022826754514,1.2805287978952942,1.0298013617253825,0.8330904231801166,1.6524720700281141,0.8183706985964573,0.6316505905954539,-0.6137598193019879,-0.9480988688635487,0.5650535674071827,1.2760403338461621,0.3120450937663239,0.9762097761232683,0.8697167794460462,1.5833145319527075,1.5720292252800965,1.1655230496977609,4.005085775808799,3.1416003860784794,-0.3784540871707316,1.2848532028414987,2.8114054176481775
1.2776358514086443,-0.23039818476711596,-1.0438646756164418,-2.556940892099526,-1.5360482694438433,1.4357639935186426,-0.9756593607204884,0.9214732503815904,-0.13967389323946036,1.1714452053011288,1.0095381245712556,1.014833772956647,1.1082992564932124,-1.2177287859526706,2.876394818550788,0.08603765533720609,1.1470772905576354,0.879815800056005,1.23546470624557,0.14909800164560835,0.41224805499322026,-1.1282165095543426,0.11785524265345847,0.19803804101734887,-0.11190540511905339,1.8127414216657005,2.0582917671969594,0.9814633798440145,1.0786343159971747,2.0290280416202195,4.091961602148953,1.5007549633939943,2.793171003839116,1.9908637563162488
0.8764160329201883,-0.9651022676150658,-1.3717209269642614,-1.223154114785679,-0.35711827414591096,-0.11357319870481442,1.5372549692648931,-1.0170079867060888,0.6368709380578987,0.16562841407812923,0.8674393737098358,1.659895727465034,2.2265667890674736,0.32840435928441075,0.49846502308292423,0.5241177319702311,0.34857025471904973,0.6892948774543789,0.1772232868346091,0.6479850119986685,-0.6607577922273957,-0.21710909147127092,-1.6575877820353189,0.47266589314157137,0.9520554241527657,1.1945438795546568,1.8009460647325142,0.8981205441757268,0.8690402818761708,1.7930676043031732,3.232008491933153,4.842704973394915,6.332830335686676,4.1310539780744255
-0.3830481981384956,-1.529225585987993,-1.8560444491317167,-0.7050519282140106,-0.1451124638550867,1.0644295970977313,-0.14567133762587867,0.7878263602087211,-2.8293269373745873,0.6547605095713758,-1.224719974538182,1.0238132853805637,-0.3182711764170417,-0.1743364739577117,0.31318556365211125,-0.005445345509887722,-0.8840447998086661,0.7328453182133376,0.20582266228729623,0.34240137661740805,0.6285725931676642,0.2721150073698299,-0.7265534953051506,-0.6613180335363712,-0.20687395866380417,1.404257358284095,0.8234219780130074,1.224697882614094,0.96828766039197,2.033048574725887,2.389512848832703,2.871031524075901,6.230871161100597,7.6100779956325715
-2.0910115994310736,-2.248922940012343,-2.209304316705294,-1.0237639522198791,-0.9159747937252549,-2.20455612302259,0.22163501013416112,-0.7781629802843706,-2.720318582625203,0.29586180687592845,1.3080888093253098,0.3972841321761474,0.003709687371911876,1.046522956125231,3.8150711395713985,1.8568821036311307,-0.8648043758266386,0.0029087519744935837,0.326161290551936,1.0360493007332663,-0.7000562692936727,-0.3856094490668038,-0.47891634791004223,-0.4232789801563624,0.2956747116577074,-0.26460416322858404,0.5393617458058635,0.6663799673014007,0.8013018789722255,1.112109430487143,1.204972505980141,1.8419047110253812,2.3669496032489117,4.228894742786133
-1.999728906352074,-2.0035055369385044,-1.1575075493243399,-1.1378727693232404,-2.002161350435199,-0.18400589321615582,0.09094579406431033,-1.4132041775751034,-1.966029202752849,-2.7536098434496146,0.5409013698404977,-0.6323163619679234,1.8198593816742514,-1.0115332234449494,1.0982738708659694,0.6818924470039059,-0.908196751337754,0.14865209223601017,-0.7182497643975504,0.16599693083755518,-0.24422593494511197,0.5308302903472448,-0.830082185927466,-1.012740066039998,0.43600799150697667,-0.33179781277062004,-0.23494033274855367,-0.09044407044339536,0.3392843941028804,0.12618083752358988,0.8619887432526119,0.5929449913929495,0.47021748161545623,0.43686160053748485
-2.400549315208525,-1.622440586283881,-1.21945907257859,-1.9967415585339323,-2.001819562695954,0.6557805302716039,0.25079018428228156,-0.6261007675683569,-3.229981130074615,1.88267579921744,-0.5907834193178015,-0.28987208754422567,0.9019488691204518,0.6173073558901275,-0.9563816284584287,-2.3076519433883815,-0.16553531130241378,-0.579186831978848,-0.2193273633630583,-0.024675776697386225,0.29974183144347755,0.2607288923317458,-0.4936451890079378,-0.49153982519634,-0.8805039503183933,-0.6789073108477872,-0.8226715382052587,-0.3769088412290335,0.11152468772577775,0.2243052677510571,-0.011335636789839345,-0.49943798364283654,-2.067377616835612,-2.5697918906460178
