script/wind100m.json
{"header": {"parameterCategory": 2, "parameterNumber": 3, "lo1": 6.000198445256149, "la1": 58.999992894266676, "dx": 0.5, "dy": 0.25, "nx": 22, "ny": 24, "refTime": "2024-01-23T05:00:00.000Z"}, "data":
[rows 0 to 23 of 24, columns 0 to 21 of 22]
-6.639965230056083,3.4541568922823154,5.287737199142096,-2.0170758963792097,-1.2909217726115834,6.38472247900161,-7.904696994235391,0.7449793933279122,3.9565058519569214,3.3757410803430545,3.96484032315542,5.8344432376972035,4.9314536887648055,10.597041653466476,7.469053109891482,3.1306903208934442,3.982645589436384,9.847394477948313,2.937631189946637,4.795542853413519,6.404499382758528,2.864062741191872
-3.9472067565612243,4.090950025266418,2.5259746740110516,5.333868205223295,1.9043090542186012,-1.6250473963666516,-1.3311891921275187,3.0770467879522543,-5.974430452658534,-7.305219436116348,1.4680408539891439,-0.04652957325628538,2.9203495233826646,4.407551514216589,6.95537187072081,0.5875764953848913,3.3458168330198244,4.366026909427218,-4.300801723392635,8.949100622912187,-6.046521415614056,5.256553961009309
6.841447824909292,7.603888208786505,-4.126528490927654,3.46314498357994,3.4473653357448035,-8.565669816125865,6.0457062975306,5.256409036336486,6.068783679581366,1.2026253186308533,4.126801587547872,0.7123611136089123,9.44309945106948,2.5054797304518006,-4.511868144775333,4.636727509605335,3.8967212338964705,5.115573147298591,5.319184536712571,6.941184786863658,6.3461497509581575,7.5389839181694205
-1.1707434402734223,6.840356050320215,4.810365970147585,4.286004464063639,5.392134975271243,-3.4495963812548824,5.350894317839372,-4.125254058942962,7.053528849184804,-6.156079012880992,-6.756890645117412,1.7234172584249015,-3.2315882066334503,-2.3930102166209553,5.077618457625916,5.205816562204674,2.003520508758449,6.190973588984221,8.228034117907535,5.325800132987454,7.12505894371937,-1.3549686319522272
8.473120373944171,-8.129883292780033,2.519412182358651,-4.369349159302489,-5.581547796191424,4.264224486961979,6.398287124298131,7.584849252400359,1.7601983211698329,5.945959971562652,6.717066639248508,6.346897050758079,-2.632304203902171,-8.832911032643551,10.335149110714655,-6.745896278918239,2.1655239851626433,3.614036351155568,6.337342679423837,6.211746536307581,-5.414634619829657,1.9665623299409702
7.6395206939727425,2.9367980914868204,-5.5385070039390865,-4.938517239340047,3.0963362041917755,2.038177378929411,6.399641672280822,7.082622093389572,4.196652969912059,6.529794576814431,4.815743451152609,5.0424325809429265,7.138613190127882,1.5940235315434914,6.895291646413337,-1.0656940562608093,3.762574136116053,7.449561624030085,-8.550358498432738,5.304608609969402,2.0469912289387175,1.413104984667634
0.12325539211836038,7.231511514440727,6.715738776556714,-8.222251639363503,5.280709238088542,-3.992166328840549,0.9162481188339489,0.9069258993448301,4.988509227725163,5.28438642199967,-8.146559282359588,2.7290201040045856,4.882458511119897,3.390299535081862,6.292658547272416,7.870021578793713,7.678954120711901,3.1654015949293424,-5.6809026938554315,7.843611071976183,-8.071855509599436,7.2324665146488005
7.0612947944364,6.888017856882148,2.8654129762314,1.5066802342327843,0.23391679369348045,4.547205699084826,-3.1549527826778214,5.244220864542403,7.433523788175916,2.37271301549617,6.506783373721338,3.744743020268717,0.5039790903702387,9.019035966252543,3.2706581310516385,4.55837853337595,4.956952129081972,2.6371068334134415,-4.913067724209626,-0.6296093237950086,-6.18637512899878,4.723632506480465
5.746886860343051,-0.8841185670194434,7.221817467307033,-1.7035614602901918,2.030305878753424,1.5892346805809086,6.449914623819465,5.057760946893132,3.3698080990312262,-5.7433462800885975,-6.584744330075676,3.3154880025742686,4.317303927849827,5.700566798211192,5.8394101361297945,3.825140137601451,6.444061547545748,2.3781511795151378,7.393334674666848,6.451949929806792,2.0693927022902776,2.894546411472042
6.0162788928992565,-2.5414348416246053,-3.500611063012522,4.949093371128128,0.7579877062067965,10.525826788426192,3.7569726589434,5.1922081421710615,6.314557807725666,-3.620015072802299,3.8705324333707978,1.305082762993491,4.274719428588589,7.663812766024513,-8.569327083900133,-3.116628129505971,3.869330475977886,8.624051485593961,1.7699009001040766,7.088329586303153,4.389415887651008,0.43905809273604535
-7.736995871829654,5.604604937027002,6.3303052743910415,7.619028395511707,4.7363475089618134,5.883426469200207,-2.992366272247118,1.562985910898762,1.235059602140725,-6.781201594385362,2.9873701367005654,6.771689903372744,9.020665509694966,-0.16437418557755726,4.014945010668558,2.3689392472336968,-3.939375990113847,1.8094106709749513,4.431757301422925,3.669101040591853,7.558092281789807,5.3181763566786575
-2.659295094465401,6.167322999682943,4.617337062521716,6.58945631533169,-2.9445756617059464,8.065784759808421,1.3806090394818882,5.397678841511991,6.695288078323317,6.745944440874404,5.986984835328443,4.2287589250889726,2.2683963750065708,-8.869618888314454,3.2770902480965773,3.150171923640982,6.519365827167346,4.065404416126703,4.408380038133685,4.607483329450215,8.126513431231078,2.2731110374432735
6.2005663808274045,-5.560398510941963,1.7857900477402961,5.669694578048079,1.9200052457814145,9.878925321566195,6.458803013726792,4.163872111459237,6.509726587518985,8.62429356447873,2.7200799111046288,1.1602222877624606,3.9635348126174144,3.2356735100592138,5.516959515352556,2.689100828062882,7.957610555699898,9.716561375273246,6.174734293155214,6.595412935427205,-3.251506929901855,3.311266645945478
6.0161592979585174,10.005632836127019,9.379518234708394,0.8267574069557095,5.092364221796218,2.5128993158858695,-1.6595042969492586,8.452429239290565,7.263321397099451,9.142973140452355,3.3953697033047994,1.523065534478592,-6.239531865711531,4.765971331255849,8.457928923856949,-8.418188922711904,9.467113503589237,11.008122735104806,1.64652774244945,8.906979681187545,0.42434790423904933,2.2463985505888684
-3.9293511351920483,2.6461646466179687,-2.273831876289452,5.4245115336254015,8.093184246373955,-2.0089314592505887,4.691670981915771,3.5433008393395204,-3.3445471514482805,4.679718722519019,6.721161812613461,9.885912434912768,7.081098797828229,7.1685490275854535,8.281845601086655,6.014962033277004,5.732397437528938,-7.875288876290539,7.658585324004735,5.510309654489619,6.88409277181083,0.14248138565574128
6.234244217339567,-6.507103562496296,4.6970372166417445,3.4440768377821183,4.0865316348808225,-0.9895285919769437,2.924319587119558,4.7000090084888315,8.118992739044991,1.0628530983359399,-6.400378671600805,0.6590687831023289,3.719119160939262,7.267334973200339,7.466548130123086,-5.586195170509287,1.2007204949573003,6.590293244937937,-3.77508250756496,3.7512360764622166,4.2287298293778335,6.995352681283575
-7.123157301938495,0.8741653641457344,1.3990490412986374,6.405500851024777,5.601664883712802,5.810542478640115,2.9735857315841407,3.6767714707138452,-2.4672538642234954,2.708227431139344,4.592683273241353,0.7434558281449583,-0.4762798162792639,-3.2666089771435307,-7.836956330276005,2.427074276515894,-7.504189114407751,3.53089845267442,1.785186092811829,5.584489386453149,6.634273970321884,0.9518384235300124
-3.815407192118443,4.507439392265429,4.555189336049475,-4.677889074548737,1.8659858220739762,5.146367439959532,1.8363722294035214,5.8220779010583295,8.316371107130239,7.824719860951023,2.2254423224547213,2.980360127804784,6.267808434823869,9.049571818225534,-6.6748237552434375,4.998848057289791,7.079090159999675,2.4778572472249127,1.2201260726081553,-1.5831064531718895,-0.9212754724078643,7.247505182401085
-6.1018191484524165,-3.7158587073575178,-6.507018561495645,3.7668896587844545,-4.9618580100404355,-1.8147659263488702,6.966062723371189,0.1997827108571805,11.500320352969839,7.0730962351607305,6.722726576792372,-4.504421992861843,3.5564974230019333,6.223243549813308,1.3283739043079579,8.09457279713735,7.543177681197545,7.928848181762683,8.516055793320914,-5.632721589935347,3.2846753591621565,0.9460054288888011
-1.3895417452833552,6.956935485063533,3.5295931245576413,0.5128024333596266,8.047616496441366,3.171316728024896,5.9458810640888995,0.21025260300255585,-0.4272178953019355,-4.849429386388187,-6.149524762860928,5.759433432411998,4.508326686134758,1.9876659247638566,5.0813249190641185,5.203798713146887,4.585812525934343,6.91284985185393,-7.355746832365564,1.0131202033267743,-7.087807242210353,4.596089788791519
2.915289715626656,5.04690562915475,-2.14239460392927,1.1961971814853969,4.959017926716048,3.0635426664023466,3.8595208975602775,4.401858118338128,2.1083413465443015,6.082491007803213,3.0463795385040675,4.707683088570618,1.5334860663274759,4.396417709419557,0.023563958269352838,7.238298919496554,5.946423047965022,6.946873779452018,1.474285552017806,4.583833132249294,-2.1547945831896023,-0.8228562835669146
6.307026439796463,-0.7961285643460937,-1.7825889955610357,4.548760441986975,3.598321643524021,7.817836837795726,8.532279346640559,1.0076434436633646,8.35266407221264,4.843690478784792,6.249486183021804,5.382299359630522,7.007700839145498,1.4269460833141083,9.801918329939971,2.918666432460812,6.362956434904967,5.769995084954986,1.5714684014774054,0.9180500808603066,3.9132696353258623,-3.23728284337576
6.497540176886108,3.7756504118865104,7.375240836056438,1.4229555164326437,5.039122062344699,2.4698528374805613,6.711695157486676,6.0518054975611975,4.784885162675282,6.525576410569115,7.280855894171024,7.680807220016279,4.525956879731204,7.8120277609630415,7.496515484276167,-1.1461675053061937,-6.107478186930855,1.4161265464248527,8.526344441654157,4.673090592794865,4.0594661368190135,3.448177820868486
-8.973160872675422,5.181895545966642,6.199342455965401,6.41907575319103,6.312613527592963,8.004679800265006,7.484723105869186,4.633781796298775,7.319212193635411,1.1734183770546598,-1.325993999258188,3.8703168743111003,4.23516090335213,6.736469645086813,3.3948312221219554,6.673441241332643,2.278296235529672,3.9970024810641522,-7.292447485502497,-5.728356523465004,1.7476882761303474,1.6909340498150554
