script/wind10m.json
{"header": {"parameterCategory": 2, "parameterNumber": 3, "lo1": 6.000027932988019, "la1": 58.9999434238085, "dx": 0.5, "dy": 0.25, "nx": 22, "ny": 24, "refTime": "2024-08-10T22:00:00.000Z"}, "data":
[rows 0 to 23 of 24, columns 0 to 21 of 22]
-0.13915337929044,-2.083645647475922,-2.886469375664536,-0.12847249684113865,0.20764187572446008,0.2881560507722569,1.400968483209747,1.5686974284864559,2.853049352883246,3.741608655770797,2.2140617128452176,1.0862291119760645,1.1155806890250433,1.1404533499687397,2.8525736738911687,2.9713332071995473,2.0498113259410053,1.0503845276747052,0.44690895966249977,0.4216883982751614,0.7661236236877161,1.0665413256857463
-0.9714336137238658,-0.7931338910031213,-0.7759694114799739,-0.320171084396531,0.8211210686015815,1.0182855047572308,1.3320214636471297,4.164116894240388,3.7363445095410324,2.8799027864022007,1.6430860049277667,0.7838172642245274,1.041803769494563,1.4122306576429642,3.8512420834985406,4.246993396160682,1.4096391688304128,1.2345529409324303,0.8717472613458536,0.5592749486886766,0.7703755677581751,0.8438930307045127
-1.0032596581823467,-1.2132879138672692,-0.18207339289936744,0.11394319747157841,0.06956299772999525,0.29350742259756823,3.28122802747987,3.728089742028737,2.4737318596209947,2.26075790011259,1.3402205462983239,0.39784428790661397,0.9505687966716707,3.1227629842301265,2.6637879177935107,2.5197956765992657,1.5073772658642475,1.723726817894576,2.4151332032527995,0.9494211689290533,1.3507538170818398,1.5154195808269135
-3.45607669464584,-1.8172458596981078,-0.9956650928427253,0.028051122958713037,0.7423648613254448,2.9924575518319654,3.9380582600137544,2.4067754772789547,1.4964979773225593,1.474591564367449,1.0526069113658234,0.7357105878121695,0.7733260756982109,1.1752689735468331,2.6487598606974636,1.9823556148093517,1.339995416517608,2.5674289798413805,0.9817154794585801,0.8823515334842029,0.7697532802201048,0.5243686959631942
-3.714154297195927,-3.8038408146423364,-2.7812021303354277,0.24878029686662695,1.0761917777322891,2.9364073306224245,2.5850638530561714,1.8766483099931703,1.1998804627679918,0.6564038614113069,1.2061795012010523,0.8482879875202075,0.5963646284375359,0.4180103951810958,0.43384723105212886,0.881502866554042,0.34097485318989296,1.0573452266097438,0.7823013923229796,0.43114055026744563,0.7166600986389895,0.9628095809898032
-2.3082723982081035,-2.1253872163229373,-1.440074285505503,-0.7627428171494208,0.3557727870164404,1.9010302725970676,1.9177123844721748,1.2669585664375276,0.8287850066035757,1.646009859959084,0.42791468883920014,0.9882672494536093,0.48997367216122323,0.37979194403481,0.5194302293652395,0.3989097589546684,0.5163498063337313,1.1833723526866553,1.451125986596869,1.4987207658042938,1.4673420584680257,1.5420296982922512
-2.1042845623842465,-1.4175068160173097,-0.7652908378151495,-0.05274797233003496,1.1519893974264825,1.6488966456134617,1.3018803279254316,1.3881498118225584,0.941558065507964,1.5339483083417362,1.3157566799370657,0.6568473979316644,0.3531044298545327,0.4250014870729617,0.1571396220329741,0.19960791363441077,0.7088877403691567,1.2256674611614922,1.1681711498422842,1.198150685964034,1.1389305056977805,1.3251313671004463
-2.313905355409415,-0.31036892685941814,0.038626434295348046,1.1240738248340607,0.4731105487490146,0.724368784307003,0.79114946733232,0.8644898058968858,0.5697412408151368,1.2132707145890256,0.9963366488694976,0.06494070985163966,-0.19087089696464943,0.12438538201780784,0.3393018237875816,0.7359942362665439,1.286633983459978,1.359902925632218,1.5607093778699852,0.9692592922652479,0.6231031424102339,3.2575430536891803
-2.1580443817383315,-1.2045731539649436,0.5390332188925396,0.21585033827354216,0.7123552761991545,0.5647720495495577,1.2080472561495228,1.1695773761510844,1.1759395006380968,1.5368214672906886,-0.27810089163873475,-1.0054439506552024,-0.8728676681650012,-0.5029033048892221,0.536410318974361,1.004831997370139,0.8656918397951922,0.830963138073081,1.0701660500173078,1.1607791955363504,1.8519170088882986,3.7022656041792885
-0.9756727962874595,-0.1343971963204405,0.33415840777615013,0.33796839133757284,0.6780098742473557,0.944271210468311,0.9122896355070222,1.1168562553064612,0.6536569867909793,0.6574962358428285,0.3317750668412958,0.3776249462137678,0.12361983810196706,-0.14627692465434539,0.09291434602860976,0.5926851202797683,0.7238016781802107,0.7799376746317622,0.913474114599161,1.2610203555675317,1.4302661139083812,4.099423087647265
0.5276998133482321,0.3594214421914192,0.23243935236663088,0.6801696632762815,0.8919195069395766,1.1008837887716252,1.7296182640088376,1.787468815827648,0.8921376564924277,0.9983380271992571,1.738410150097478,0.5682345387552784,-0.8789018874822262,-1.2842670969026402,2.257400133463921,0.15245207758072937,0.6947575081334574,1.8622994458371875,1.4678510446698492,1.4180873462393404,1.4017780274069818,2.6012739680704735
0.17141078915057126,-0.19302619186636294,0.5740596546994728,1.2559705072807688,2.0422119681280293,1.0310312748461425,2.1886513068376336,1.3703680669612373,1.1283628441766396,1.0921691315421362,0.059366733514144135,-0.32724914240455627,-0.16539409084728732,-0.735339687618422,0.6559291993028894,0.24540834945965134,1.0925418845704544,0.9897062596211994,1.181288455850906,0.5449443446143603,0.7773623163985841,2.820601992554509
0.4335130480093318,0.36747495846162925,-0.13438265331588886,0.8277070818352052,1.674060789196939,1.2023779501833847,1.3686528057317666,0.8076613865212854,1.4157181869693123,2.5992147241871635,1.6682777302560723,0.6642846214719528,0.31506854973911236,-0.020760648365237746,0.8643032311567806,1.357170116176669,1.0574489845206685,1.9047000673374572,0.6165795535701465,-0.4520964877295581,-2.452405984554654,-4.7503028947307095
0.06231063924740126,-0.039843488602775715,0.18456528611215992,1.6759496172624724,1.959176342045981,1.2555259197124242,1.4377808584892153,1.008129673723089,1.813275353056398,2.0616331180916667,1.2996200075663442,1.1636795620662124,0.3422811576339369,0.6878677473053317,0.7883455457046422,0.8031135045944098,0.845663265508331,1.1379596579956912,1.101349326384104,-0.16078511024461128,-0.44420064398444054,0.20581272018415364
0.02318104344550678,0.7030415173450861,0.9476958582354494,1.377755478398468,0.8744829826507332,-0.2283341273859276,-0.09637102156205621,1.2391984787313963,1.8008290998026313,2.914381296810249,1.3544460272549879,0.7070601756670765,0.5985739336759722,1.2744975727303969,0.3358005982282036,-0.11851844281237732,0.8026773445707629,0.39967189697027256,-0.10300658346467477,-0.6229939762083645,-0.14135837252968178,-0.9313993963702836
0.20018252874871686,0.5735036311897002,1.065499818244907,1.696663868962332,1.0250951906114842,0.6795197777071098,0.644080800458903,1.4990287861844092,0.9328324458880584,1.1902198840361626,2.122326463791042,0.47584736082467843,0.6248776728341895,1.785690174500681,0.790482186052366,-0.5287773141378475,-1.1263269357232577,-1.4841678946515213,-0.7885664102229715,-1.266070336636276,0.06201116231355875,-1.365425522659018
-0.17208271526293917,0.7701873618438216,1.9027671745683639,2.029010348269535,0.48444642374271096,0.4718263051740855,0.950901833144321,1.5728797069908629,1.2084904221894457,0.32657556760132833,0.751289841880115,0.15318658635752175,-0.33457618247056803,-0.5403941591833271,-1.237554959218243,-0.9584797630017555,-0.4783374591474137,-0.7823481520442936,0.48611348135846116,-0.696806738623907,0.08659554549574487,-0.5433802843100309
1.0638175987212244,0.8201064071853498,0.935865506744451,1.0426625115479768,1.0584798980314385,0.8620346693854485,1.0246544154156643,1.4903131979482804,1.3002516462678648,-0.007006481843352897,-1.3036840161066297,0.04640890185282835,-0.3667748936649692,-1.4154654508995108,0.24347612548162081,-0.7013066118255852,-1.1285397056351627,0.26721175139346287,0.3521342221357731,-0.27872055592843603,-0.8912931136386926,-1.6111249026952432
-0.10775039627213084,0.8370994357294398,1.7429218291465216,1.972852422087876,1.409475385214414,0.8056301199711614,0.625086396513736,0.9771409568871302,0.5177353199337081,-1.1615635285535753,-1.5290738062226956,-1.9556094128886137,-2.5929673562014735,-0.8135951981214382,0.8813912327041045,1.7374656035819527,2.2020233011484653,-0.2689458652871211,-0.2803821556587018,-0.11149987863940719,-2.309076675310827,-0.0345215666714304
1.7230894927489018,1.5284621163880565,1.3728959654173924,1.5186309900669497,1.0387227667356773,0.4976111311221145,0.33358580304593577,0.43952639078156824,0.5008366614081816,0.3165866538950444,-0.7288129351436912,-1.8506581481960984,-0.9780553804196896,0.5288248847563825,1.3756007173173812,2.5836200499541153,1.4627905420169125,0.42415577571858604,-0.803423248101053,-0.5141213858353094,2.2328248472494665,1.7268459010751531
1.7502642782299012,1.480244739374904,1.128564534991082,0.6943846099948981,0.7800910497611111,-0.4318002936100237,-0.5310585948565252,-0.2639103009331085,-0.2305923676805241,-0.31670479210018065,-0.1960240381296564,-0.5778734605554761,-0.36636567476426785,0.9605135554688815,1.1804817014561213,2.048387476462069,2.0737702488770116,0.8591218906201394,0.8285509224974346,1.255309091388864,0.8038350376084824,0.5644750348635144
0.9166380068862386,1.2992538504835838,0.7900302675568821,0.05188468736993972,0.07018654940542345,-1.2443835755410295,-0.651147705785166,-0.3146567387181791,-0.19811077258288887,0.3300692719960089,-0.044971611127011396,-0.30296856072025585,1.157541920759117,0.9612094203832668,1.0533473992537652,0.8804187938912185,1.7306795219480953,-0.421486834080049,0.6673202276825587,0.35476105689062776,0.8647917499653323,1.1381185219333254
0.11880716833958403,0.3796096576151823,0.41038831880789134,1.107284766033398,0.8068266066830294,-0.1538838830519155,-0.1716479960661015,0.08946169209385353,-0.7311602778167261,0.25174653470849545,-0.49073183747456867,-0.8372789445781899,0.09350952399801249,0.15011594036291637,0.9954541135368457,1.1251641224261237,0.3526006270735609,0.5394103381958901,0.9473071951410363,0.9452742685216504,1.201403808301921,0.9462586223522
0.9508531427825972,0.9887397222797045,0.7293046501218298,0.8610756263992898,0.6448194002605773,-0.15349297451097826,-0.2717056403019509,0.6042795632554039,0.04725521774904092,-0.9068718438110153,-1.3033823139121095,-1.0405473018019196,1.3462665611424602,0.946700958334406,0.9272806473978442,0.777819832405826,0.7148001426094694,0.9973960608090596,0.10096407287023319,-0.42485630746105413,1.259308873868353,1.701954822381407
