script/wind10m.json
{"header": {"parameterCategory": 2, "parameterNumber": 3, "lo1": 6.000027932988019, "la1": 58.9999434238085, "dx": 0.5, "dy": 0.25, "nx": 22, "ny": 24, "refTime": "2024-10-11T20:00:00.000Z"}, "data":
[rows 0 to 23 of 24, columns 0 to 21 of 22]
0.4312115057304064,-1.9174350342933748,-2.173933498656993,-1.4660230132332046,-0.7260783031401603,-1.6775202514335077,-0.36018255415122363,-0.257063261206031,0.45947552209753495,0.7868151093953387,0.92249721535269,1.7953721479289806,1.7537421521066834,1.9119818891637752,7.582693190832294,8.10455711527863,4.35531075208963,2.9856147778702535,3.2595203115961326,2.284390337800693,2.94279353787043,2.772532897055568
0.0880431919370542,-0.374979148417062,-0.652995717754165,-1.44721334019265,-1.2432092898620732,0.0909774149744339,-0.06511872026640879,-0.7314298650585546,-0.08806633401794105,0.6273798226404635,2.594770277247404,1.811096561573692,1.9668777538062794,2.653456315956969,8.572096432758206,8.469987646520098,2.9333096746905625,3.519404253589283,3.5821645667315285,2.308782473395022,2.7509080490167093,2.2482349973004356
-0.09081517063052065,-0.9533368011762634,0.06855929541048765,0.2908228748336219,0.027569692059357543,-0.33348598153660464,-0.12371755720671741,-1.7933253205812978,-0.7954040189413044,0.3446992269065782,2.4463068886425594,1.7045814050771164,1.9024604844339843,6.587513425003282,4.337599424360863,4.105151869846707,2.899069728876922,4.6477844445550645,4.1492358520900465,1.2204517735958496,2.3915258918922344,2.5733634876058087
-3.2592151569751997,-2.38403399782652,-0.9087091106807179,-0.9334321506786641,-0.5368001174546226,-0.5124291762843796,-2.060183332762682,-2.072200717353204,-1.634974726604796,1.3548192804048826,3.3231870359016678,2.463303652459946,2.3396547661518525,2.1419040257197453,4.703391882084736,3.7343405433679924,2.978498588692043,7.7776550814938945,2.390260962072867,2.6987899341656982,2.2693400587209887,2.408458809573948
-3.1909984761109293,-4.1200979502639115,-3.596059304794787,-1.54443706439022,-2.1355964424998475,-2.2793810007407425,-2.2302045228953267,-2.1600521921688163,-1.441129897588577,3.521431266289064,4.537225153819775,4.011905514388699,2.130933673287561,1.8756699068307388,2.8495992391940064,3.0556186305485262,2.1067552877445865,2.6047764630579593,1.9898904823099974,1.8977282231583175,2.096664651053191,2.130844000597528
-2.1092004075053823,-3.877903009999932,-3.8718150603514094,-4.263414825143031,-5.31088900265933,-4.0374125442755595,-2.9406772541096906,-2.371160930993861,-0.611450972950537,3.230108490008532,5.107560736407588,6.504030787211845,3.5795115893878298,2.6167694707073434,2.043195988356561,2.3162880490143363,2.34756261744331,2.0750081461114864,2.474833112032088,1.5093845513370299,1.9216053781921265,1.8321273592700458
-2.328846264518928,-2.8978913704820224,-2.967752314399972,-1.6641855536958208,-1.6539046033502738,-0.9411006594018712,-1.5873855711779012,-1.9043947114647104,1.1247658969587055,3.1625629027057935,6.260558053802181,5.4939141228043304,1.8577317817359136,2.2959219102752035,2.0907176752609358,2.2285478151598084,1.7758210670694967,1.5998701317018884,2.407072598805519,1.7889887644555527,1.932173749421235,2.0117626626093443
-2.2463727347808655,-3.074527399275743,-2.6494759537512422,-2.5215810450286944,-1.271676010377319,-0.6269765636306829,-0.27272207077303806,0.2782700929351622,1.2885575160945,3.3127512404670516,2.9978744536668054,4.08027797413707,4.619227859625099,2.2025206965338895,1.5700132085581893,0.5675317066956839,2.320751027081378,2.330064390778498,2.5340834538109838,1.5663605981326698,1.6151570275566316,3.290762384606883
-2.6205754189187687,-2.652666815374975,-2.5832631510257795,-2.1588806633132847,-2.2631657209353877,-0.569069870985875,-0.6753515708682866,0.1943768921931114,2.2770111799032597,6.000270359686336,5.16741090904102,4.738809704247107,3.1309511968440917,1.6301453963551247,1.3872850479329388,1.583652687017132,2.2527670788016096,2.206106992603835,2.300065041473359,1.663496185633771,1.6118996462152824,4.296658988039561
-1.3777599463317753,-2.0559191460883777,-2.227498043118012,-1.982346712305951,-1.7834250705493055,-1.0704507686414124,0.5585818032982943,2.1245739459057735,2.8528947306112573,5.5739684839911545,5.057404369154949,5.169861859774773,5.285735965747457,4.666443213184457,1.5727142385813417,1.5923703257432926,2.2349907822397013,2.0775164353352307,2.069526059291403,1.4218087240478214,1.4611562492762158,6.382141011701907
-1.3465656250094546,-1.2197219967120132,-1.4942237130552454,-1.72671628238446,-1.4665635155127632,0.5389426668600384,1.7642843973170952,2.3035223722347515,2.7830885465893953,3.201684027017267,5.363261512589204,4.838833602768042,4.642005794242448,4.550581662556158,2.819480628940497,1.7745164553755877,2.0095683210486803,2.2098212530494608,1.7941235296200388,1.4902900493167814,1.3629341287061423,3.4110123847303604
0.026066207145393348,-1.2669688111898874,-0.6857677603502701,-0.5931349928580565,-0.6086132638230468,0.4990587249136541,2.05076639813711,2.4139236021909247,2.8323040389355625,3.4400771415027314,3.806627433199329,2.2323526846760573,1.6670577255985939,2.5898716892053684,2.551728923964789,1.9341391549990776,1.6288594447634794,1.9225827245533889,1.1471929340558729,1.3138541927862937,1.489806106255722,2.939051537458737
-0.3924442979892683,-1.4034155147946021,-0.3482251606535375,-0.966706674966691,2.868399122747887,1.099403416141073,1.546612750079742,1.4489076278712048,3.045590052503053,4.78575011721546,4.576411002264363,3.977751238568226,1.3553958284884606,1.3470935359730376,2.7662013181335534,1.2788346559864168,1.3792826279492232,3.3901753993891517,3.560670030854811,2.4973870921968486,3.79274462370617,2.946084823789316
1.149976699308049,1.6328406665615107,0.0032929848122671967,2.415367266247623,2.1084318777243465,0.9342153629705137,3.0188168230823367,2.045053975027412,3.4208700031958066,1.8181557616238566,0.10906276115488314,3.917259796307587,2.8902385874814382,2.8918304995931106,3.392473184249417,2.0849959857856244,2.0193610122316294,3.2820191355105512,3.371344135744892,1.7506305183561834,2.4073536293409203,1.6367545142138369
1.6554251126174926,1.266692557051305,1.7713919737365849,2.0511161347599853,1.9737204351951654,1.5378400117132274,0.32186361467048963,3.7181377951263026,2.7634590941673243,4.236478345104974,6.882105191835262,3.4660192758726605,3.294698541755723,6.193604991839772,3.6402329482759797,1.3485040382194853,1.7227872069993402,0.38453122709268567,0.863586119610717,1.361899942056021,0.9445300940007678,0.5454185751512952
1.9807745463158677,0.9587747757925725,2.0869306746220535,2.702077931873726,2.978567650675932,3.0204005374155667,2.3144641444720078,2.7050294206292036,3.5406049952045957,3.323124696759757,5.23052640515284,2.2382158504534475,2.72978085311497,5.482098163609454,4.980318744251879,3.7704333357941944,2.392548644723068,1.50398062129155,1.719245914655083,3.0205833722097077,1.398345256193048,0.44900130059452337
3.1982385532914472,3.090412193990626,2.364164205027828,3.5658491068374945,3.710619532045503,3.4695145123204973,2.376238968329107,3.0556077728759057,4.385048247365976,3.9643361638971313,4.340609709711859,4.036900488881881,3.367353475527937,3.196168622394455,2.7557278987016915,1.998273033654401,1.3049683063938087,0.16275079130800987,1.1752528218111877,0.7281530841425327,-0.24242984397617087,-0.8790833328187017
3.564035747967526,3.945838201076301,3.841686611224037,3.2642282372891964,3.1152223463604476,2.3712089719658906,1.723392222727686,3.004306177054727,5.038631951297281,4.791994972257329,4.108751693547994,2.4936381267149867,2.7925123659010587,3.2279616554536434,2.2606730439812774,2.5693561062512673,2.858767958640521,2.3824760238572207,2.1355141255596903,1.6629303502434027,-0.07524788874449352,-0.7467486969151884
3.478523325169868,3.2722990648098023,3.266867523415857,3.206547861495305,2.7504810402169033,2.3148028695506255,1.8653382100435625,2.7696069325848804,6.025483739265166,5.7422165229763245,5.121420557770663,5.508037598373067,3.9312112894901285,3.014039591053083,5.364167124498144,2.9855876069057654,2.513370284626964,1.9424079839575332,1.9346098929392805,1.1203054633597713,0.08556142350035485,-0.0742070465792844
2.1067214791873967,2.0831141509615567,2.1318533109282782,3.2118664566577197,2.658600879233817,2.043495736112994,4.1058186500782,3.322099912569157,2.887591865059702,2.4204837620569,2.758253562439531,4.632009259197817,4.955495963679602,2.2191325060090046,1.7031241609033259,3.68025222777893,2.23937861505115,1.2636689036102313,1.9996275283068923,1.4013521341208757,2.865647570489468,2.2220347054543037
2.7053986385498505,2.5074321497269496,2.838021384387392,6.935218809586205,5.956632449560743,7.257190085326755,3.8990940477758977,2.6795261401897252,2.420780098545625,2.352202173812041,4.015839357867864,3.4050067500498518,1.9571143489091634,2.224649315834345,1.702984842221441,1.6288533314047475,2.4628945139808947,2.5686078053790355,1.5914828417073041,1.9308022518203125,1.2741118341338322,0.8362325187869989
4.545301572555173,2.277760251237267,6.981052683212449,4.918491762071654,5.752537394958389,6.063806583131638,2.6494090111576565,2.6655445377967126,2.1097635612114485,2.9254374351061356,2.6053500911806515,2.672401764551747,2.8033347393051185,2.0760275328842552,2.0844194267517024,1.3458296367983364,1.7491224410127595,1.8525181950562495,1.6866956013970702,1.2779897006178262,1.4238471025632564,0.6909272583059084
5.779725219130852,6.328671867635771,5.875942451300835,2.5519370642216166,2.2813401078720146,2.796988378620907,1.5930368539087165,1.5885059801490444,2.1982410092088043,2.1233645503131644,1.805730392059319,1.8365179908364857,2.075691750501838,0.8040351738319227,1.6840311895199223,1.4474000652166326,1.5625462191911756,1.3809589180361161,1.2457898990173737,1.082969073599312,0.6368819655759606,0.5817449787934879
2.5115719824577494,2.4357933262421083,2.5325034244762676,1.8879982046792387,1.6209398822134062,2.4051110242190257,1.8580626349630975,2.0142289619140286,1.9278124260416347,1.8035183603255855,1.2211833110098231,1.5888333592087052,1.1925351858972832,1.1968511721227013,1.2881489433421405,1.133632645720132,1.3005334616105342,1.0145560753606264,1.1392150999022597,0.44604278195261365,0.6847028298646711,1.5861003980870285
