script/wind10m.json
{"header": {"parameterCategory": 2, "parameterNumber": 2, "lo1": 3.000054539987559, "la1": 64.9999836372058, "dx": 0.5, "dy": 0.25, "nx": 34, "ny": 52, "refTime": "2025-06-15T07:00:00.000Z"}, "data":
[rows 0 to 23 of 52, columns 0 to 33 of 34]
-7.280596022155497,-6.603874067489924,-5.966626325413726,-6.054533944378666,-5.836638290978159,-6.570702384243327,-6.052824147613842,-5.704294619381255,-5.729955136334685,-6.778626777707562,-7.08855310946761,-7.034782818200257,-6.988279404649638,-6.361706947004998,-6.210663301663479,-5.130229121834615,-3.9305806898912605,-1.994936393366148,-0.8225599960951914,-1.5857421869920212,-1.9953910276549431,0.3292095466466511,-1.2842151589434976,-3.1516238314852285,-0.8522188662962047,-0.52646369997563,-0.37779752840854275,-0.24458178469268763,-0.49544117148231565,0.2263252980057084,-0.12970709688804063,0.314746555201342,0.4815204121155293,0.7989025089073347
-6.625070921726323,-7.248914975568298,-5.895232934743673,-5.204128563423726,-5.747129729480413,-5.313149235948052,-6.1903852803468356,-5.418577055918335,-5.291298546957072,-6.4053958533997735,-6.594208456782191,-6.457870915068791,-6.776701154360172,-6.286736411544613,-5.844289454049432,-3.1822870039617253,-2.4687678264803075,-0.5578615901688713,-2.7286674510217193,-2.8072851498544056,-0.49735815893660185,-1.6812242558065253,-0.6386189603139769,-1.4322410806710413,-0.7833896502104127,-0.7975797643108441,-0.7592472361307364,0.24965146693309107,-0.11281213612134929,-0.7538539481921958,0.1319672284681743,0.41415406043102726,0.4732518349789061,0.509101544213505
-7.309144991300469,-5.754268590176767,-6.484777600386489,-4.778954392494297,-5.208804904257541,-5.668139243573694,-4.489320612727277,-5.216705290354618,-5.506761216611605,-5.924400391914943,-6.694684390294383,-7.168077773790384,-6.895342478864491,-5.953070144778317,-5.550348321058023,-4.921338876882399,-2.7996625602546965,-1.2332741184250062,-2.7898266386248625,-0.6131365061849956,-3.3365535367429136,-1.2564767346064816,-2.217353308037197,-0.49600934173749067,-1.211495541596678,-0.631075537653374,-0.8085682483335312,-0.6049737458394716,-0.37993228445085153,-0.5250718610024048,-0.30402337418030373,0.0898359234092493,0.5809472586911762,0.9761668290103069
-7.238101517775841,-7.491105238670504,-6.290344438605076,-4.494546240045779,-4.123271116941734,-6.133919362974193,-5.03167447262885,-4.929700956531852,-6.235183185054559,-6.0422070985355365,-6.409514530646948,-6.6177404073003006,-6.28131406091096,-6.1997448377256426,-5.365394748977001,-3.7091768841374777,-2.2244390190322996,-1.7290898650946198,-3.682139595156143,-0.7477310515540423,-2.7837010221216913,-1.5159423325423993,-2.3979352308193644,-1.2097620529244395,-0.6964557799869362,-0.7210498799413039,-1.0258658374856136,-0.6915810170970949,-0.5488039248834757,-0.4879226070001348,-0.6550632662060191,-0.1918087379161772,0.11509558417898241,0.686652504497739
-5.012332870157011,-6.646282528805573,-5.6169350464553895,-4.855682829256651,-5.3673269706926,-6.334474486942207,-5.105423852498138,-4.640462831475311,-5.881432608998408,-5.7173014199007355,-6.005511106465821,-5.657857540890503,-5.729718676017114,-4.9209761355406165,0.4404137305360563,-2.896085063152666,-2.426346616482615,-2.2917819069796326,-2.4274804112453094,-2.2081322739443006,-2.8948284854918924,-3.2512801696335325,-0.33726741141991734,-1.5622322977607126,-1.1708015428736014,-0.7473038667572505,-0.8270180328358059,-0.5036613219988576,-0.9908642591570337,-0.9529885710686056,-0.3988637438422221,-0.4600658063657191,-0.2818911342970024,0.15007331685084419
-7.828147126557256,-6.961059854738549,-3.7049992130012392,-6.5097077939351315,-4.843154151658176,-5.569159274178933,-5.473003733997907,-6.0357472013479745,-5.496278508241147,-5.651407000778231,-4.378406882783423,-3.578330159825728,-3.4351652371683588,-0.8573751482939952,-0.713729488114343,-1.655917427259755,-0.5133588260536618,-0.4118617467439553,-3.54554035178233,-4.01098784149751,-1.6215797276244883,-2.165512422187134,-1.77003174775203,-1.5428103335132752,-1.5115050903542238,-0.9750465498455335,-1.1289044811737097,-0.9771184951500435,-0.6394005822511551,-0.8679225108975858,-0.9372627263919264,-0.636869605902129,-0.5626274002763881,-0.6452316148659457
-7.527598997948919,-5.405094109882512,-4.5418177672288556,-5.672490320147057,-5.10944688994078,-5.983424171927477,-5.583057503033154,-5.375428784817397,-5.523851596898511,-4.307119419101235,-2.964173005868701,-1.933406855155608,-1.8823505796721602,-1.759207049728878,-2.74538090971252,-1.211650897247141,-0.5328049590458277,-2.4064221851117784,-3.496482935931857,-2.75195678372244,-2.8877206636551884,-1.7718364640398123,-1.6652866529629977,-1.582550957843635,-2.0819313904159906,-1.5571738317879458,-1.6111164505765099,-0.9250111061364427,-1.0371765025838093,-1.3659317642908535,-1.2580793989611476,-1.126115533266046,-1.328263693733457,0.4935934582815265
-7.061313782132126,-5.588196965865322,-5.8465426890958,-5.623456475430049,-4.725856774513322,-6.322672126585215,-4.94034842089549,-3.240468848478574,-2.422901124014702,-1.4909252146093526,-0.4945010731373297,-0.015223526716266844,-0.7178674374531566,0.04724065670650862,-0.030353470548915996,0.13757609881240132,-1.0760797224083,-0.5536348488353764,-0.7148257366764043,-0.8352356685251846,-2.1834572726000694,-1.8726178334097312,-1.641658496990943,-2.0822931408860623,-1.4286016953926222,-1.5269160514001514,-1.895039286717363,-1.8414115406589313,-1.1552271604998978,-1.409370956669949,-2.156987020787603,-1.4286731729429094,-1.9119696507514057,-2.448063363047931
-8.042317278484315,-6.517130371345777,-6.209572010204176,-4.736085625385659,-4.900076929294256,-4.639116437931385,-2.97899646569134,-0.8861244340507376,-0.7020493980360738,-0.34836933688370725,-0.34071980312843186,0.48985678656163073,1.2262539749657932,0.9466483154287773,1.6946493343371163,-0.6926045663133995,-3.3055809821991056,0.6533214760025146,-1.2916700835131174,-1.9117260949367405,-1.8739725789659585,0.15653063998936245,-0.8284089519300749,-0.5373452525315787,-1.0899588933407147,-1.752206708527184,-1.4977783580235795,-1.4086984564578329,-1.4312962415239199,-1.6541732688161177,-2.834851095370046,-1.1708316506668497,-3.33156489469977,-3.453576610889828
-7.482653612214173,-6.9455221575914665,-6.183494995686581,-4.422261997241511,-4.200088199328679,-3.3867849353929347,-2.1771539886356526,-0.16647831287355164,-0.8311496891785817,-0.45926625986729064,0.6176996794816167,-0.15169527700003413,-1.0443381458835332,0.9719178974420066,-1.5707701243207226,-0.5660195472042877,1.4357182868635399,-2.006592001154714,-1.8776540268900577,-0.21568665326540976,0.7329327858275486,0.3663737097225551,0.5190424615756625,0.6470616278535443,0.399713442415208,-0.3305827493442222,-0.7271543710321726,-1.2820842319205195,-1.3127101916020882,-1.0648916724093715,-1.1958387264083872,-2.7646436908907748,-3.2094032722223766,-4.2958854866160445
-7.94722987207995,-6.141636829112453,-4.925906036837009,-4.459505680939841,-3.262245607429796,-1.7079316490124767,-1.1424630536820182,-0.05267678760613951,0.8644366548832655,0.5329495138732478,-0.2884629309647302,-2.27418944258632,0.8250327695143204,3.993941774013416,2.113726781501178,-2.1484488392049363,0.5752386102311438,-0.21244215929330018,-1.6802513636468484,0.18728473652934224,0.7196307268264864,0.4044330636123934,3.059658681232859,0.57859789563973,1.2389693284034198,0.6186560565523442,-0.14380316600881804,0.5022314673271253,-0.9175058503182212,0.21553941162446422,-3.5232868352095883,-1.3222624750929703,-0.8855095366977823,-0.7616768247030524
-4.845034949290271,-4.778433837824664,-3.151952251540295,0.0793896305113717,-0.07383641668553831,0.7527075985337509,0.6624398253937357,-0.844525516136043,1.2150026408206294,-5.778605164874872,-0.5812040391447837,-1.3027464882641941,-2.969807989739592,1.8303759197023195,0.5810623658215587,-0.073907821568647,-0.3096320099810078,1.235865544057603,1.192681078895514,1.1403269235859232,2.209343973244846,1.8355050493796852,0.1817844649652405,1.6784599374940832,0.5466669211093126,1.1725915598167354,1.0444589403053692,0.57930950447574,-0.533181504549431,-1.8367809983418872,-1.3663006601813537,1.0299959393591112,0.31901241899201266,0.30112554970682687
-4.510617647511176,-0.1983478093797366,-2.5735032375528113,0.3884050167121787,0.8772291300448908,-0.1521301219477713,-0.3817319935932833,0.19066093480531224,-1.7703027091944028,-3.530602628965269,-3.1480501799470657,-3.6232614040310436,0.2601602633475721,0.3171225682087716,-2.213232127884564,3.631882644197471,-0.8538680202508058,1.4854790915188805,1.0185477657108895,0.2185569976782782,0.7726502397249466,1.6043758028206077,2.6097453371309047,1.8666156890849404,1.808479233041852,1.2988989791358905,0.7597180666807017,1.0910019629546417,1.341423498424671,0.35628570509982105,1.614894530430935,2.015728446687555,2.450502848738942,1.5936449024439536
-2.8912486350788056,-2.5412337876111426,-3.448668829435615,0.07393906980122206,1.8354816275447918,-3.3098968606863557,1.2887883019437967,0.875536855567717,-4.433298003675188,-1.485719068737067,-1.9748064163474166,0.07887187105427908,-1.21832614949436,-1.37066171976351,0.44830292057593135,-0.1173158273237812,0.3030289682867577,1.425899486178568,0.3096625921721331,1.5196464716588671,-0.7551628021025379,1.7201497195549271,2.6630730915357343,2.3944629999525624,1.1740679158692724,1.7696098966997316,1.9603634754391774,1.9969278144626998,1.5778427752625606,1.8671500212346404,3.891382678826696,4.556886060131607,3.486716325531316,2.5647799195829424
-3.456481406453894,-2.825623826587174,-2.022405930086165,-2.7619841159684406,0.9356502268463655,-2.1788835893972416,0.19568082701066453,-2.4055849899448214,-0.9895997690494303,-1.826748420317136,-1.356555912711262,-1.179536176650444,0.2188424485279923,0.9684089895954054,0.7491564751338898,1.7222165236738665,-0.20077068193248007,-0.5426151511780539,0.704728770293877,0.0001599359909182298,0.4621351012916449,1.0677895396066464,1.5416854224487324,2.723163588399087,1.9032497471243872,1.735311856653125,1.5021884322936927,1.9591750995823376,1.6288886464368701,0.9932769842216094,3.298827743820615,4.748321945269994,5.065669405451199,3.4875781898606215
-3.653378835609427,-2.253865288963129,-3.089147542221359,-3.676190972416265,-0.8102874408200883,-1.2455064087162673,-2.705387996037634,0.01764351938442547,0.5998634177990716,-2.203819603227054,-3.0272686413747167,-0.9295565404206375,-0.8790023625723217,1.5446595371478269,-1.6722398755776493,1.6225918793952492,2.4584145528627452,-0.04988948510455673,0.18134299141904583,0.5800411121879271,2.2662136790690517,1.5837768218993609,-0.5841977972004926,2.1527698331423673,1.1131136501618835,2.520983085612046,2.9879240540395315,2.2436438867145863,2.191177248278521,1.9941423274107077,4.095338121069185,5.166499737318222,4.726205935945389,5.112958537172449
-3.9394669405860885,-3.2612183324537276,-2.9032550978594136,-3.3233013751762788,-1.0609031378905085,1.1059354196011728,-3.9610515705779417,-0.7785551817211775,0.6405390694959121,-2.872625093171125,-2.060325830991672,5.027970011242539,-0.3446982854129429,-1.200667591132104,-0.42189311894943177,-1.595089140562644,0.6898606817671961,0.10595922097887932,0.6298103442038445,0.8623246312776399,1.3324202207705607,2.3004530883206606,1.2415639889428238,0.8114647300600338,1.4357349245243802,1.5305933752477794,2.4219769311048918,2.0879438588304566,2.0251309951866783,2.749751961912111,4.252497560929584,5.20151856215816,4.573703015956994,4.916675489286132
-2.7086909047294445,-2.7083905318972,-2.2561708006815424,-2.2055038116143533,-1.8803344804104942,0.6704316359411712,-2.13091649269085,0.6849174731203964,-2.221966221288111,0.9001659283710725,0.575239528946893,0.5841392022081964,-0.014547748665440782,-0.13679550811272576,-0.18540082472283145,0.5963911624218031,-0.10970977175306176,0.7188826435381259,0.6156316116819572,1.1014134928004335,1.1356614381788144,1.0088191559353963,1.2230670419478487,1.677229406345357,0.954434551247451,1.290371315551993,1.196144289632849,1.6536424066122573,1.6377223573973982,2.0368687749417798,4.38740507195208,3.759471809527824,4.989525714970098,5.332324426817275
-0.239994084318872,-2.31877525449521,-1.728557759166269,-1.9091699651229146,-1.9644493842037685,0.03785880388108445,-1.7525329762203563,-2.52212268026095,-5.631953363309969,1.453690302642707,1.780871245305998,-1.001660348701947,-0.4644680867296275,0.31488482872171814,-1.082994026219231,0.6812397625859924,-0.908921976475578,0.29460507882603193,-0.2214531860611383,0.9441626099301144,0.31865525353414437,1.6630612667471123,1.1853424374705428,1.298368447400939,0.8627855100505408,1.3796841909101958,1.0186221137078586,1.0690950444350966,1.1193015520022813,1.2551381152983325,1.7342075259955927,3.127578325596434,4.447525294491811,4.502026693064762
0.2541155813977871,0.25595505618157605,-1.7655481571302376,-1.9053481451908574,-0.413977823430732,-0.6312474264505175,-0.4879639914788994,-1.3172399199994145,-0.6684786936120773,-1.1993846354780062,-3.230929276427591,2.618024823955733,-0.7317009557686115,3.356812915434204,-0.19219283042157853,0.06958738291631786,-0.35524377150849373,0.6672882999628648,0.9498886058087549,0.9972944360762657,0.23386567236242847,0.6957026062515708,1.2326145342818469,1.1261426187990828,0.03377697707316261,0.3452748801956789,-0.18026598904816252,0.4481317670870992,0.6822989296127883,1.1831733066983587,1.2412291880961197,1.3875802885678923,1.4195817401934523,1.7499640334791666
0.3262074462919584,0.44894960073487034,-0.43745420922151196,-1.6421618989821671,-0.2125306994928181,-0.9530656348175348,0.504085023245093,-0.4771099208607364,-4.082284717545368,-0.10396997268052922,-0.3464830044445829,-0.7592486758722563,0.16233001392438745,-0.02971554746393378,-0.9476570033878929,-0.6417695734299652,1.0457274349645536,0.5303088250713773,0.24105357372836025,0.5486245760696831,0.6397080862120559,0.7017572417977723,0.9077042838566068,1.0136139307825978,0.6842167134614627,0.5394304974739662,0.44043350289749367,0.48729347954156876,0.4887094016976856,0.9253114442905976,1.248539867285029,1.3546283478233576,0.5337944125159182,1.464824276402852
0.8426823409735558,0.37792059528522304,0.654547367180301,-0.6169933200451151,0.04942057708386026,1.4454583040561824,-2.800100250759199,-2.5167678663326467,-4.885026029500451,-1.8091185532144527,-0.11944763702574702,-0.25271141851941664,-0.22743401870564842,-0.6799945983090512,-2.8458472098583565,-0.5425796581374152,0.3197382678487787,-0.2915459008064673,0.5950227884297564,0.25371171181563723,1.0938493388087482,0.8379360035870647,1.1682159583680944,0.7917532475290228,0.3610772259953453,0.4168287623610622,0.2626995579406197,0.4437455176571989,0.388552666719977,0.9408975447589268,0.9977951203224358,1.5531034471844518,1.5268302923857053,2.851299042903564
-1.5423111646502037,-0.23392527948322317,-0.15599835730517084,0.09262166156113247,0.10457971179509315,-0.35603242455713785,-1.7814465335352596,-0.2881285295812835,-3.275654321952726,-6.426296970727299,0.6403300708606227,-1.2218643815831443,-0.5261395648835857,-0.8397609285776088,-0.808790594893659,-0.5638131900790914,-0.7072671266008186,-0.03363037047831603,0.24609752043642327,0.7592079746250754,-0.07285789432165622,0.5758185982471358,0.7808934105401099,0.7768522350487297,0.7874813842318779,0.2750674897910488,1.3242672457563924,1.2255255079903893,1.1379984027098196,0.4009471403346409,1.1248108445411003,0.6071117807425669,1.0585200488494002,3.509952100027097
-1.5524439658145734,-1.783562852416958,-1.370994660958704,-0.707514671343167,0.3317117392882833,1.525912179942885,-0.10617698104451842,-3.60326290986383,-6.108027722014508,-2.13135792048263,0.6699395799084562,0.035008489668011976,-0.3854391998501729,-0.5569061478367434,-1.1656338831376216,-1.7381532768607055,-0.6824094226796571,-0.4114196889015141,0.5956606462515365,-0.30484792236658775,-0.05924868518194304,-0.2515582574093569,0.5898217135692875,0.4729600324432663,0.3643373067762514,0.5620540300632952,2.231119934434873,0.7485456418700945,0.9088876580089268,1.339138070469916,1.703766432197585,0.8495215274096434,3.093195149196252,3.605288618857525
