script/wind350m.json
{"header": {"parameterCategory": 2, "parameterNumber": 2, "lo1": 3.000054539987559, "la1": 64.9999836372058, "dx": 0.5, "dy": 0.25, "nx": 34, "ny": 52, "refTime": "2026-01-28T06:00:00.000Z"}, "data":
[rows 0 to 23 of 52, columns 0 to 33 of 34]
-10.885896771408364,-11.061834502241032,-11.122627719287577,-11.265334197019301,-11.168256532054414,-11.492060758029952,-11.298605950511451,-11.355771667817304,-11.42787129407603,-11.038025933933756,-10.670421513368225,-10.281891227464593,-9.46364281446026,-8.626178636918523,-6.978308383437022,-5.999999034876061,-4.490589570040618,-5.769981334296983,-0.8334680558099302,2.538659425379369,-2.9395707170272756,-2.334308060439449,-3.7336094737953207,0.20792871373023358,-0.536778474066586,-1.7562762832882433,-0.5595436695947617,0.16630367637665025,-0.7474241291137851,0.29781833759596554,0.16031627452221547,0.9660060688433623,0.3368756979208166,-3.0133387792752786
-11.310789893704275,-11.752714303600031,-12.063849963966385,-12.199851164782094,-12.47176445194279,-12.635952404531565,-12.787266344252322,-12.825899138295556,-12.839830179805462,-12.684219757674592,-11.898924756606807,-10.992952117496325,-10.203850310863604,-9.510462047738866,-8.305796225232474,-7.548249262723508,-7.771508907644943,-6.949176332536157,-5.528687052336096,-4.176173103400554,-6.2102334310987555,-4.88360843052461,-3.315092951655006,-1.3519635078805736,-2.351817025786507,-1.25571456786549,0.13575599382859307,-0.4206245510697207,0.7693053080705272,1.9544253312217679,0.3527100837762345,-0.42467914738636153,-0.30364478108572873,0.32857170350049
-12.128698350518071,-12.281616322105503,-12.70949270478059,-12.909383034554935,-13.147903415744283,-13.390485153302752,-13.453496441448342,-13.539202168230137,-13.156716914936789,-11.5994484470404,-10.492596787977488,-9.718809605128177,-8.677445642246258,-7.267528644788512,-6.526361475537144,-7.9617462848704665,-9.373041857121857,-4.7261287103270515,-10.382847691392012,-6.1052156541286005,-4.529344278264559,-4.431207174344716,-5.846645271747599,-2.9625628142375193,-1.8310764638208104,-1.0597200011898134,-0.9971494931087509,-0.14200435900237912,0.181378915077815,0.2863761513414344,0.2959738450937156,1.2774265492020629,1.1084438460424184,0.9726262297972736
-12.43837756798645,-12.486627918077913,-12.481577980553697,-12.853962905974068,-12.67371154460229,-11.979267200038832,-11.944498114940533,-11.792438639278343,-11.525878229799485,-11.017192482275147,-10.231049939720696,-8.850211270215105,-7.336063929780088,-6.1262418465251605,-5.107315387024689,-6.433831419995568,-8.20431563598381,-5.041739481035881,-4.568024711619544,-1.953607101616091,-1.4950474222807688,-4.202259235741759,-1.6708019291728975,-3.191662954906097,-1.9648261162709522,-1.2228372453502199,-0.6123026927894025,-0.33320814174174623,-0.5398367831045721,0.026137718685872578,0.07808997539975544,0.6043142738874482,1.99026707386503,2.032292118464973
-12.463750512110627,-12.141300756249443,-11.80114677138032,-11.35386370224349,-11.289140070602643,-11.951024112204914,-11.942157124680977,-11.663341308259568,-11.494579946438366,-10.979415966437736,-10.31263148905089,-9.423009094038841,-7.99769174631698,-6.236444415718512,-8.685937116975339,-7.403043180054905,-5.226694956059339,-7.115641305559604,-5.903326591179419,-4.524697911529529,-3.1064186785239465,-3.2512876378098357,-3.357359936725132,-2.755279082804715,-2.018752641846625,-1.0649657623826068,-0.51798323373129,-0.33480627375638616,-0.4470263197220388,-0.2791246916668527,-0.31062862143738007,-0.6240090827450228,0.7562683926734031,1.5493022938667482
-11.676891822747088,-10.939966382354525,-9.97977875688147,-9.66442499451327,-10.132838731474573,-10.37275138050413,-10.449255763588674,-10.333019502007655,-10.111075222961933,-10.034166657612245,-9.312393169236191,-9.38245928353256,-9.893212688783079,-7.448429686576664,-7.644019525709926,-6.788855260063685,-4.248967222535188,-3.02022762289075,-2.11024944035408,-5.004099119676958,-7.203172492549995,-5.237034346210989,-2.8284239562385873,-2.9858424258862426,-1.7040892777375758,-0.8856803712681406,-0.4094557184354402,-0.05246730950680988,0.23075959724422562,0.13213130712296947,0.008323668283753527,0.761942687064403,0.8625240509753245,2.109359690897734
-9.550974799159194,-9.69754694620663,-9.76683893106488,-9.41284809129643,-8.57929954879829,-8.517514139704177,-8.146289263562682,-7.338380034971189,-6.9796005791289675,-2.3136270324653316,-1.7426756813350646,0.2735830139835238,-2.4277808281131965,-5.257609730646011,-7.440098881977859,-5.638127726768438,-3.443088555007751,-0.4004739288676775,-2.9288633499343666,-4.8968279126881145,-6.667529315463869,-5.021531982136926,-4.077350040175219,-2.4340183473158254,-1.3057827360231258,-1.1942607847746913,-1.4704531875803453,0.39017834311588995,1.1922782485506227,0.9082854185249511,1.0450091752638262,1.1333526321463574,1.6560078096496413,2.910113020175986
-8.94637505936915,-8.356808492761859,-7.494935331514697,-6.897835789928437,-6.253839541231993,-5.404794326830194,-5.344318662247434,-3.792152931873174,-2.052117346301419,0.11526110055164547,-0.21224411453444955,-0.25539086853498794,0.23721792744306153,0.179364174923721,-1.3586811461397152,-0.9859188393564755,-2.7275102361185324,0.9819888907610014,-0.7045756639821458,-0.12189726477549717,-1.5764562362660717,-2.046683547593391,-4.130290439654248,-0.8143658549599219,-0.8550944037358137,-0.06946309674049772,1.31397151229376,1.045543075467739,2.3888485182320363,2.7490440043892908,2.5531451184287213,2.199503166320596,2.4126184173136966,3.496487108703811
-6.911517680341233,-5.93697572452587,-5.052711316500465,-4.344569619392921,-3.5955304153129433,-2.2335413065766687,-2.45029620250763,-1.8948059578248055,0.9442740755976602,1.4184318367272153,0.38708291223689917,-0.6143220115342201,-0.3025766143654348,2.8499264672425353,3.1146545579811398,-1.23554580437631,-3.4973302613358705,1.9830560629632228,0.23494117375078444,-0.3894557966479146,0.2137536906359225,-0.1032192769974823,-0.4117079495601466,-0.17660451292991164,1.1517232798683223,2.519246142916616,2.891744594235651,3.3574631600010725,4.4331879799420655,4.8311088162942495,6.034835060504031,4.789218864847526,2.071646288337241,1.7896615048266702
-5.209960986227532,-4.118235976898883,-2.9085404739889054,-2.3967880093170355,-1.3513275205521407,-0.43427815570805894,0.9687831889790698,1.9020964803329898,1.5282399171250014,-0.1613482397578098,-0.9763155375733001,-0.3660253262359018,1.2756193103370288,1.1439982983089474,0.3220578691367918,4.45909340922964,1.5572354991214004,-1.5755060027984111,-0.9128081994992495,-0.7391284098635609,0.17385176810656636,0.6198890573011289,3.2193735312194045,1.018281696360581,2.7156344572227624,4.053396171290412,4.7561480252272315,6.022186022501836,6.510629808657945,6.813583040587255,6.1869261364111345,6.637948151126308,6.611219950663478,5.299735154044335
-2.4759346507751414,-2.0729368166474305,-1.3455013712795931,0.1147148442127716,0.9631313718365375,2.027382891151072,2.703899827251503,0.9649107836401302,0.4184075282350753,0.4713065417642098,-0.3818102552134497,-1.623227619458515,2.4807329186050797,4.183362082034685,2.1946801327914183,0.2266218038968258,0.6731854855928535,-0.2999181588622317,0.9554275524323176,-0.9191263065106581,0.08220330610433513,1.6715840045157573,0.9068244603197763,3.4902979821656825,3.1397788760104266,4.599244378870306,4.927310967396842,5.4179344142662185,5.645425746943675,5.13578162859883,4.50158264435788,4.3678573233343325,3.6977636337670496,4.422251567253484
-1.2922049895800334,-0.7240581576453341,-0.058523799865324855,0.7818357156498329,1.3533581289715435,1.337455238806365,0.1023894565790162,-0.41750698971178757,-1.0909960002494266,0.7038040386218094,-1.7633805515349061,1.3515888470494979,1.1401086874296482,3.738147968241785,3.002358568513803,0.4455418138853391,0.46270210803472295,1.6741400963373103,0.9395855491854579,1.3902324618919042,0.3077699880986275,1.105769149656563,2.3450778048102867,3.50964338822476,3.435081820886122,3.8657670145599057,3.520823728030941,3.1658763280944,2.7827562265426784,2.648215214387577,1.537860774302307,0.7614552761619676,0.39786588898559916,1.6515176673079048
-0.48798895328331093,-0.12461479220294179,0.1903051667603663,0.486768172133559,-1.1447588770158845,-0.6695078325234395,0.051544256411109476,-1.9776537172505273,-2.2898815747572017,-3.553080590815871,-0.8310375228857613,1.8259898535141559,1.771450862236383,4.3840416413282215,0.6013313374284951,-0.016421920813225698,0.04828565307865364,0.4934637631140988,0.11459048639825606,0.9943248710720743,1.6014581475379026,2.363643911859856,1.7070684536809597,2.171215085197396,1.7769756358073463,1.8030318035614625,2.759239139450353,1.596750701211395,0.8141218942503287,0.3938488366166241,-0.5300969198088379,-0.759118642735323,-1.71196012417917,-0.3490808981979902
-0.22927636875142457,-0.42932197882132345,0.495245127387047,0.18959118973499894,-0.5764454030507621,-2.771310202994503,-1.5204616283225503,1.465786532625219,-1.53661355851778,0.9938283312450233,0.9746971380950838,1.4948501313612903,-1.1872505788628376,-4.115458222877725,1.8700958250665596,0.2811952197034221,0.46549813619933006,0.27708071763694136,0.7010900031739579,0.0014806594752222073,-0.3737685453313257,2.1712958541248093,1.8668943925313763,0.9993661338117437,-0.11547169552290808,-0.9389119608524351,0.4443366767542658,-0.006888291222523871,-1.2271379015985242,-2.3067919329553805,-2.2360037161726307,-3.0732733951397355,-3.031453521002944,-2.6979320595513245
0.19079866654809255,0.15281958095802145,-0.28138605211231893,-0.05638173863944516,0.6491434359618141,-2.4877254559997346,-0.5980877152734497,-2.655376928787554,-1.591782750585991,-1.7980811629217242,-1.3837518991783193,0.07393916553340679,1.4929764880807403,0.4490675158533161,0.2998714246571388,0.9410812761155748,-1.0839872048545143,-0.4862837119808957,-0.49676326629018697,0.16275074964933398,-0.2826225488761989,-0.3632308290134289,-0.1556818728030683,-1.218457769497625,-1.390769054568551,-1.6525485591020628,-1.8906790366442379,-3.435634593146912,-3.492606204960898,-3.204711984101333,-4.834419920949765,-1.0407387467627363,-1.1343036278383298,-1.7392943734479895
-0.518561673820144,0.06044311584836249,-0.6107774922951845,-0.12549338111474254,-1.940850080362386,-6.1468206884774785,-4.836591802314872,0.25537798968665804,-2.7201514537465195,-4.090424532528996,-4.910240664506061,-1.0645183096886763,0.25864053287795025,0.8405059641435384,-0.9956926504959482,0.0822496185154444,0.04084002087721073,-2.1884397824575634,-2.01536569205891,-1.7652307831383023,-0.7682484890750558,-3.4150916707934105,-2.7921311876452655,-2.650165393500562,-1.9353977162546663,-2.2134148802394633,-3.389540135839677,-2.4841536995860745,-5.136164356294361,-1.5494561906042417,-3.124173060855115,-2.6817114364614083,-3.4579827753463794,-4.174782135720238
-1.2756750686771225,-0.17078567576306322,0.23168630453736497,-3.127512962351273,-0.5501456942801672,-1.6309426176529351,-5.528273869283027,-4.61235665854646,-3.5177757457788674,-1.097692570904713,-5.104778041413567,-1.9004325525861896,-1.405292624155817,-1.4992019465923148,-1.1420674915497628,-0.6722315880220141,-1.2265610649538807,-2.4638496880015923,-3.415647054925061,-3.7928217056898905,-3.769964999738989,-5.187491070125703,-3.9165471327681067,-2.7952406177428903,-3.0752543841233657,-3.0576888437274707,-4.318614333621638,-3.5545293032231133,-2.954474615102044,-2.060328805272036,-4.068334554157333,-4.045217131139727,-5.139056464613683,-5.956288070353851
-1.6550169384634357,-0.992378300265027,-0.39280450605014405,-0.1251159486964549,-4.0475322093216715,-5.098382565850256,-7.9011282991549106,-1.6564597375071526,-4.5704263484781675,-5.902677785639217,-4.200243566643725,-2.2498840195469905,-0.8769959055153391,-2.0107672215934045,-2.0847768439575,-3.294318805651997,-3.2997203151339614,-4.874779587680879,-4.689644973940119,-5.7956353567722285,-3.4329254503766626,-6.121335889715774,-5.252037434221857,-5.3319321119026695,-3.814738401129149,-4.511234997533565,-5.5154571625495725,-4.29231790688508,-5.531291166284223,-4.185603867109378,-5.349771868253363,-6.135885241605399,-7.022713639621807,-7.535433975073867
-2.4491635585026574,-1.633626303029348,-0.9367109257487616,-0.1647281138707762,-0.5625103384821111,-2.228250866386893,-3.3725219155705353,-10.306378068995725,-11.976706656582778,-6.5100061327689716,-5.4531468397616925,-2.3019341639064472,-1.956855954422276,-1.7014619109383693,-0.7110390834886618,0.006172360472425514,-4.021424220864993,-5.038607032054347,-5.665783785588674,-7.344040692583615,-7.139992371011845,-8.795865363894501,-7.264748811673178,-6.246191694577927,-5.631264181793567,-6.165761293375595,-7.310590022177562,-6.190934687771011,-7.196278505892142,-4.391038542554815,-5.694433392861751,-6.81945331733742,-7.120474620494599,-7.423701484929681
-3.514155758466003,-3.076240088976483,-1.6737772975604048,-0.8372230477379393,-1.2451585155873366,-2.5429583813701324,-2.96216138389571,-3.1087485286304286,-9.486500953440624,-8.473848982538282,-6.767812381996354,-5.76609694793215,-1.856987892153059,-3.8566081252233446,-3.6186298910364165,-5.297571729970301,-5.242647879670693,-6.902033928154873,-7.875950175363315,-8.648989929191409,-8.04310414336095,-8.488152582047185,-9.397571623088668,-7.434454824547029,-6.215367834938474,-7.864160407170985,-7.338138051508701,-6.901369670108535,-4.987740170682414,-6.517650075968402,-6.645705095800976,-6.018026660479043,-5.693081764929864,-5.949774215635176
-5.362705935833667,-3.418318883556391,-3.961029047158261,-1.3731704665145221,0.029595381249495394,-4.3412424034412815,-5.096126192860845,0.6607306965073758,-7.510011154089308,-7.742052935632273,-6.120341446204831,-6.524467104894974,-5.135143030154892,-2.5237562066321866,-2.4846301264399924,-5.715908073476539,-6.504769230971012,-5.482926699433993,-6.8943882493513335,-8.432870086690116,-7.7174296384856556,-7.01151658107931,-8.874881622076819,-7.938221925376772,-8.066893546035773,-7.4441358460573435,-7.686398145325775,-5.641727367272625,-4.480771469374356,-3.7937045285798168,-4.229149195256326,-4.86595362999993,-4.702149398215503,-6.830047923262486
-8.823084251175851,-5.176412926375816,-3.6318006704218364,-4.882530061249765,-2.2541308280585604,-3.997876646679497,-7.747567287055065,-16.45894955071479,-12.751949612361354,-8.572267989524677,-6.193071863005995,-7.8356164192844995,0.5159886566505557,-5.0019348130585435,-3.6899489378519106,-5.370960510774788,-7.549598957823539,-8.652860901667076,-9.1048389392868,-8.87697432447126,-8.858136700493919,-7.076887331130843,-8.844292184700421,-8.04566723180774,-7.778511479341458,-7.40361802266229,-7.260595985767339,-6.895652956736173,-7.538187917183539,-7.431517104848628,-7.341684181837154,-7.864016981966994,-6.793745534363184,-8.210347427813463
-11.293103580890902,-8.205466248518839,-5.019028985696778,-5.017301726072737,-10.142346937607844,-8.505338084560162,-14.112138248179065,-9.738124839153997,-14.726844224543658,-14.592896000851251,-4.215525756857563,-7.875328938074572,-6.962710407473881,-9.805962510288074,-7.139867621109837,-7.320641577242614,-8.694325169906753,-10.644642412161879,-8.90036095882748,-10.727018346170672,-9.636021365119689,-8.799817829813477,-11.79092968814221,-11.084885695426896,-9.18912172004742,-8.026111886350028,-7.945357868125415,-9.063527017129857,-9.946217317675739,-10.610299110146826,-9.749374718962878,-8.034443178594609,-9.4890865355673,-9.881165857634562
-13.957233761347123,-12.772662468598064,-9.820900005979581,-7.046686389409257,-8.839688395244309,-8.73758954596367,-11.950477997381913,-18.142648577660708,-15.630945998875903,-11.320836688835172,-6.387876352078274,-8.445405203412273,-7.148212025671815,-10.004833879046735,-10.428442215008742,-6.83709812678289,-7.679850067517109,-8.758834567564259,-8.216667342376045,-10.266197909576604,-9.588397373943941,-11.216895958785178,-8.934553143463393,-9.53978036200809,-8.827173811712484,-10.215859683661627,-9.041320907993699,-9.997353436520658,-9.885213438780582,-9.076823770953116,-9.103241700047928,-9.93375266536131,-11.167534611271561,-11.55354387807112
