script/wind50m.json
{"header": {"parameterCategory": 2, "parameterNumber": 2, "lo1": 6.000198445256149, "la1": 58.999992894266676, "dx": 0.5, "dy": 0.25, "nx": 22, "ny": 24, "refTime": "2024-02-01T21:00:00.000Z"}, "data":
[rows 0 to 23 of 24, columns 0 to 21 of 22]
7.913337316549492,9.207489588686359,7.653825459570547,6.8206106451454955,7.148056025238373,9.863691924079179,13.248625831946761,12.642582017396093,10.940981285533061,10.03414101071969,7.819986106780242,7.191160293696932,5.6109794521536625,6.123111300042914,5.438018416375479,15.500478107388227,12.07064785668305,9.21989478159403,14.691463368194254,13.990832981280423,8.710377935213948,4.2601538622606485
8.311045304826154,7.661506813569739,7.104430070220295,7.316320777230856,7.126508183509402,11.647358407665283,7.930580677494697,6.875517750774231,13.411343092815049,9.396673712932477,11.095080433001213,12.140505146821313,6.338160091458304,7.910000543836884,6.1488786494118095,13.519352636986804,9.07522675555629,13.799287678949833,5.506663934944377,6.027504706576106,5.474304748793324,13.042046545446269
8.812492865402485,9.2149022796777,7.256222966508798,7.347074787387361,6.323020196696967,13.973092682567836,11.044392946221581,12.498950882384586,11.460576528395965,11.380181916559094,10.498430509184345,6.5462747745686,9.741812340170112,15.440676029546761,8.198644210085702,6.3791839284815,7.838964119941346,4.682502525671548,7.015403554094285,13.668057221283085,13.81088673002003,5.3470287268337975
8.420762149140666,9.29600757828993,8.190621995638173,6.2877456178752364,14.442452357784203,13.999155982177925,13.354423751561123,9.172265362579667,14.331540333596987,10.543302861531203,7.1133676593788495,9.522024493614374,10.015761444256412,6.211704821912036,7.591079128864741,6.765764997218154,10.957948283909,4.901071696823225,14.119424268891681,13.309691206062434,13.993824689625047,6.570713778426403
7.595438810305443,8.585963373156313,8.537403785198732,10.177672572870943,13.078784878374663,13.774724648999568,11.486830301874273,11.248215056104607,11.068429947471845,9.893146674814535,9.530378938696371,12.420009965406663,14.978951374436315,7.575710193993278,5.609420923386297,6.49936253605469,11.927782303020459,5.773004504676878,11.35713426456739,6.377798565946019,6.0980533168447515,13.288869196841082
7.4287659987742325,7.268745484359486,8.525657660842912,12.967368458506277,11.252449560221756,6.855685601412341,11.111347917384226,12.704830213816283,10.208425768401394,8.516817062032523,7.718467013700169,6.044640635197513,4.8240155473904025,8.196610398397066,6.467228944663524,6.6236380488759625,7.06998674547867,11.587893090957373,7.911441405632045,6.875003161844268,10.481408883483969,8.865289176759733
8.086128100440979,9.911458238426452,8.093563644514226,10.731115323612373,7.253432380558733,14.02618156743296,13.857336916165432,6.945771145963494,10.782498392372663,11.289586921908878,8.275972151029546,9.26066352817086,9.448454541342494,7.487329405319365,6.93753841943937,14.282827694527176,5.0927806224312695,10.957196905524695,7.026889827048279,10.618153200350749,4.704869540086479,3.779154950594771
7.6857078175910445,10.41525584083307,7.751041241660463,8.350991117451647,6.875519295364894,14.567661170690915,11.292002280424922,11.22988885697498,10.904751971769794,11.381589905767877,10.786090961953308,5.963523740340337,9.794815507862637,6.759870688689311,8.058355686598391,5.661181879348946,5.483342711725307,14.400537431925008,13.61412002477273,5.4614444382387575,8.374771779843972,8.332899102890085
7.9180092366797235,10.324241048020424,7.951126811380818,8.815027353792154,13.217968675735026,13.172656945614689,11.065986910072258,11.952164226038544,10.741434894961811,10.62455694868734,9.248761641619298,11.042181762684834,15.002177188454354,7.997399299584823,11.858558563866202,6.649960502502699,4.15505360464789,14.092659123019645,12.023609092895121,6.382130130358564,14.653466035647655,4.981372507073813
9.001472611961686,6.52583398113901,7.0327068245182245,6.501823254762812,13.616292349655081,11.546290513734707,13.705143596313999,8.829157483394791,11.731659572953534,9.570433897449735,10.121884690337913,4.747796647994189,4.784260930445549,15.49489127314985,6.324711306722211,6.662170006305974,6.825293291575539,5.625067908104654,14.558394871132629,13.435402852241724,5.75503151386047,7.820280671370879
7.988033378276436,6.990835323701247,6.980106948936405,6.366632297562622,10.842544432032575,14.250203921964504,8.009578473294308,11.975975822297768,10.756741166914596,10.6550155213372,12.051706836981579,9.599229286186084,7.2720779717266595,5.9098689592007805,6.521262068816053,7.116854577153164,11.996109553338822,7.239184409478884,5.144533926968942,14.223698125934074,13.288013720467829,12.27102897143096
7.777879067173597,6.641100763231749,6.196088911559503,7.105255244955182,5.604080879507102,10.963521991794167,11.108519750666817,11.58412493261114,12.052797231283536,9.319697523405152,6.31389148212983,11.551378721104012,8.988668317665567,7.848920868047386,6.954174920202621,14.831556333574778,9.904813504070992,6.0819005533542425,13.010445965425323,7.022147729762388,6.488912311023748,5.039577515732983
7.633282199053703,7.045103193110339,6.9486159627096065,7.354183510219897,8.514854317792064,7.70183194813006,14.036833539962915,10.491601012236828,8.458638373154548,10.726005317038153,9.963669148114832,4.696912530537661,6.83126152818096,8.727824588160503,5.514849395830945,13.448798695848932,8.394552684461875,9.691028339509971,13.301438300128888,11.248289923931479,7.1123770648042735,12.04067728002496
7.6402475202974145,7.025188838294024,6.1292269415910345,5.708629508982278,6.3864087748451785,11.565842551967766,7.000723650517333,13.170094495113585,11.889663312932116,9.741488019790491,11.742088686270808,9.425064257906117,7.239051501209739,9.542032796393283,4.7661625128392675,6.2529427888725575,7.73798128495998,11.647727539235506,14.739715851898296,13.593753678220686,8.10973206712228,5.813635012554665
8.541802905741777,8.25303666234473,6.93590269158627,12.560819643821308,13.732185374978544,13.333913060047296,10.713458272681759,11.317571050351134,7.77658970842381,8.451264596072694,5.980359638724945,6.5700957080813716,5.999953126417149,6.1345576038257095,4.987404335165469,11.521300309943975,8.922611706749482,8.288992930390233,5.0152955494663685,6.3104367394533325,4.784749843481887,6.218414266830285
7.021930422322938,8.390802555518663,6.748818977825014,9.525270222418603,10.793209797654537,11.6355444411834,11.653938985871694,11.743849499428963,11.271988684250598,10.9278260535957,9.902569259336133,12.093457939879219,9.292710871865005,8.371615912755674,4.026376481856848,14.429491762656369,11.85962488069646,4.763981508760454,7.164797914228606,13.745857877895808,11.401605277170221,9.477794702690986
8.227830521667643,6.816611616116963,7.014655353860778,8.900444346197979,5.950857563508622,6.767676726899901,10.012095166603297,9.321236431826382,6.145071494610571,10.544021293451138,7.997176400980843,4.773387321183707,6.849448684039862,10.161182846052691,9.266056701065015,13.280083871214748,8.943738553639408,6.876450696364504,13.900407169431212,14.548731612091279,5.557100922825294,7.04306992399999
7.335401823341343,7.455919394587733,7.6457518968511025,6.999898583369408,7.130887811073679,14.232517414764969,11.39944189811555,13.07048266596619,11.454176620282933,10.494972348866114,9.7207650130949,9.441220906836868,6.652158406261634,15.71593258891851,6.930173859290805,7.495789706522803,13.723702602684153,10.818732074658486,13.816155348260398,5.463312883000177,13.293624594237663,6.004227670616658
7.493086998076099,6.491113163804228,9.934312241662475,6.373649087925646,12.779998229571877,10.941032262034042,13.011292874426175,7.07178238773983,7.747411671065616,9.690921637757342,10.866737367868197,12.132257406789638,8.522987179852473,5.788143705477326,10.230549049031115,6.485483989576905,4.801055835106949,11.805133281034239,4.961834783204404,13.863685504756612,10.680110309239048,8.235837134711801
8.537706269754093,6.876368512539405,10.066389073293347,6.97204768037749,14.209808726734598,7.770405955663167,7.736516730748097,11.384101878405934,10.148840494133646,9.252402804896262,8.413361016610732,4.721109764741419,5.483865096130007,8.671514789024766,8.263417102851028,7.54022009258733,4.895838343812377,14.274345206645002,6.690663856018701,13.97824297031081,6.057471811756371,11.477369689509306
7.399713885288164,7.522952672921679,10.463211313957082,7.349930087083181,9.990929808820914,7.515107996473843,11.154542048688976,11.09697809528017,9.868000502344847,10.475282567766772,9.538824475564072,9.168750646834763,9.132692685869799,9.529267511425775,5.9404254155028,6.9541326208500935,7.484172354588306,5.724080557423703,12.303317612604319,8.427686992360767,10.178336547018445,6.598504602854711
8.896929037011557,7.221168471621097,10.169757998674768,5.412448301751151,7.242981581558083,12.940292140959638,11.935506282246264,9.737619460875056,11.542834986689877,8.611998540915078,8.525293645534822,6.669379991464382,6.88624343477463,7.550717861573333,6.045857310523302,7.565280187721612,10.015159711456782,5.0647834554324715,12.787651285102987,8.576959320967218,13.881527902626807,9.70293414046881
7.43675906194183,6.751488741856059,8.056815600112504,9.88051769041582,8.537245629798305,14.02196462386353,9.415159574232923,13.384508955072626,8.15175983498328,10.566161284118943,9.246210761770502,13.656172563545661,7.826035374709114,7.4595601672178695,6.847828215893927,8.945051086638111,8.721263795255535,7.304691223432919,4.950080832289423,10.339620789432818,6.404781645501691,10.645922971726092
8.225116428456687,7.076168207623246,6.922246097129376,9.528650105068149,14.657430117013718,11.644576644138775,13.966991475335298,6.867628606896372,11.746451793850955,10.322701104780851,9.529961260568777,5.877314480408891,9.127233270423474,10.61530560948663,7.589812847770774,8.924804376777304,8.714684645698847,9.023647072272308,6.984146772922935,5.712911534326248,11.228968316518596,3.9812484149614793
