script/wind150m.json
{"header": {"parameterCategory": 2, "parameterNumber": 3, "lo1": 3.000054539987559, "la1": 64.9999836372058, "dx": 0.5, "dy": 0.25, "nx": 34, "ny": 52, "refTime": "2026-01-24T12:00:00.000Z"}, "data":
[rows 25 to 49 of 52, columns 0 to 33 of 34]
9.058786396007822,8.906377086077057,8.3482295563648,7.412626229723129,4.819772102722455,2.668178632292614,2.459579895556403,-0.47636226323397396,-2.2113036895193097,-2.1643375104401694,-3.305254178912447,-4.4431303194489615,-4.93116157878773,-3.403179255024692,-3.09541175257262,-2.3482238043498014,-0.15283104659107485,-0.25544563834755263,-0.23934343267468333,0.6144066218912646,0.7690719542283567,-0.17935625751898077,0.49847739550915626,1.4265017201034744,0.6866478023252577,1.2185396999267124,2.3685348123911605,3.277284176999865,4.7459066262608065,5.846894588935995,6.295637433364655,6.279199730140289,6.240318068671489,5.324140918008835
8.744773980303444,8.610593405729869,7.937608603292358,7.208564612686558,5.929561559145068,4.885991189646736,2.394255485740169,0.6024340457223177,-1.3439525887963633,-3.466593073514581,-3.961391353529586,-5.089525790720073,-3.548999077735297,-1.926199127220832,-0.23262614541718157,0.3156864516757672,-0.5169303310655595,-0.28594843103887024,-0.6851657839899629,-0.1728511258271239,0.19340641497057945,0.4499490443632314,0.5707964985752055,0.9540800065240357,0.23387018013386143,0.47632200391817314,1.8987680892986738,3.7608518970796916,5.6652710587152715,5.842378073434859,6.449141914815163,6.105351092720983,5.9289122333485835,5.773183474557843
9.55130557624096,9.065460712544475,8.60029389815105,6.604121634156935,5.673005449414082,3.681584723756346,1.395787968788293,-1.640468173432641,-1.085227866332791,-3.9003372110582637,-4.637389841391285,-3.70523620873262,-1.9836313237194267,0.1872203442635411,0.5910567130816679,-0.1931144921901843,-1.488514489056053,-1.136147733353861,-0.5441487779907932,0.0596993878460486,-0.1387835280973583,0.1696496958883488,0.3895230978365152,-0.1778351338468402,0.959281197399504,1.8989063317327073,2.6409782986320183,3.5634958863637833,5.5209603630065205,5.4009127391913525,5.956478741287442,6.090648658397471,6.045946432460672,5.483104994627907
9.013551900612894,8.592690994625167,8.215403520607747,7.5111376565370644,7.001394577361417,6.0291751165939464,1.9860555399398456,-0.42981511609497836,-1.933815721521279,-3.1715558691026113,-4.354578725340093,-0.7604446894583491,0.9287695841621686,2.0685929835957775,1.8009318737437845,1.3332069965602933,-0.4506899037486624,-1.8210488383797012,-1.1886952041506487,-1.1115962871572471,-0.40605340233887766,-0.2474419033885987,-0.04981313359867614,0.8436960079141728,0.7815565165492416,1.0008442870129857,1.5523743940188746,2.7914532501653087,5.234759672368889,5.2540236619403204,5.016759842830165,4.756434800230074,5.233299595425854,5.146381237691244
7.924740599957423,7.748184219335813,7.274202669999087,6.6673342873344215,6.000035818793433,5.419804273624187,4.139249822762273,3.1215946027907724,2.1713296274011804,1.005540997463619,1.8816311167092035,2.3670726436564333,1.516905008845574,2.229146037968871,1.978487668451544,0.9493846946386175,-0.27057283317617026,-1.378483297035634,-1.1236212504530507,-0.15028606882890777,-0.7636187385551297,-0.5913305956228244,-0.34199095839428745,0.5772958973714521,0.757551134694505,0.5902996103626044,0.7575146356229374,2.923721955093438,4.679951582655837,4.478779193366842,4.312513486383818,3.985009989463353,4.920012097930184,4.792940448957607
7.4329225391316855,7.464759892889321,6.992791309919829,6.757457507481722,5.666406582844552,5.687933526793535,3.5371721057349297,2.954200363938126,2.072079901686542,1.8164324775064447,0.6814163084443449,0.7654322603476161,0.5434276122568593,0.42455915340429506,0.400089753131671,1.4743372822926215,1.3634310704133916,0.7977822223090933,-1.1310494774064541,-0.8209200124671132,0.1278441537330753,0.4330382681531125,0.05082112286813044,0.44270915835670915,0.14989593459033593,-0.23803979435530706,0.4875312684309802,3.223708830673415,4.7317072811377185,4.475351347348359,3.332587534722706,3.373271621895027,5.078845563642868,4.498454112008935
6.132222544709413,5.684894689780662,6.24460454194335,5.590303410014226,5.711374340228767,5.210446431240065,4.906943189020759,4.00245171321789,4.025520579339848,2.0252890406967476,0.4422942101647164,-0.28714992504572173,-0.9008068385701542,-0.9724965839381084,-0.3537466387088231,0.360732909574313,0.657701548414265,0.27261825248440713,-0.9507047339444245,-0.35469075804657996,-0.6574084546595379,-0.636498599421323,-0.06739347121732205,-0.4475492793407388,-0.19059041882568323,-0.10377422419465308,0.3420553291037503,2.7334915458320235,3.864761912266728,4.487045333371143,3.6375102413984908,3.7397406097949926,4.808898858860436,4.533978855892407
7.301484134398442,5.944135499932936,5.086145745866729,4.393690517810167,4.902666645108583,4.41498387671027,4.706743445602928,4.052610000874811,4.256749175279626,1.7787622622469175,-0.9644118107765716,-0.4018501126265868,-0.3775366461284883,0.4828308218226038,2.073995578545546,1.925338796045247,1.717479945208262,0.24713995938603,-1.3193241991953752,-0.9922858340558206,0.5897145246821373,-0.027918006385025302,0.17337677136089136,0.10957737308223156,-0.06632868541054239,-0.285479869032683,0.12278564453765928,2.079676322087489,3.651116630719239,4.525838218962378,4.309167911687019,4.733997961590244,4.872892571560943,4.636528179204157
6.711733641451915,6.144300039224047,5.797928767336859,5.618495319154423,5.353493271102214,4.662474671274376,3.678050965856653,3.825993223932488,4.9148820663877375,1.6828794823954785,0.018946487558115607,-0.145978234655449,0.4473209532287114,1.1290152001764755,2.3222102853208453,2.8513294814169035,1.5350591777308131,0.09912389384917532,-0.9322562754802508,-0.4825432722335076,0.5517500840057432,-0.014585461919824743,0.8517484338852844,-0.2399626334177472,0.1555239802916946,0.2558569607317187,-0.2688165935667039,0.8616374343161912,3.1059953865828693,4.091435984694503,4.354740313403193,4.813254700150458,4.581845426486462,4.329744265349311
6.610086272015611,5.939141506063037,5.846813429458545,5.658952294134201,4.672498081834578,4.226791185216306,4.666027406817059,4.393814918139418,2.707401996706926,0.1473916759693132,-1.3010471324595658,-1.4112208267301807,-0.4275249987450611,-0.3335547213803165,1.5527431763791926,1.4960156993972205,1.5676319788724424,0.16243148535908572,-1.39961869950559,-1.1346505426650004,1.6661347153305082,1.4747705212984759,1.118883561898067,0.18659358641367968,0.1766555364918031,-0.30576836299079657,-0.1883118820368959,0.8935579314197277,2.5623719567110146,3.622229437092228,4.276671580531609,4.7809653327106565,4.660184369019919,4.251354963135265
7.734299621692437,6.9826854759147805,6.120868155145285,5.288383930408498,5.770678281649844,4.79603919593448,4.499347430454997,3.0606294483439944,2.534690008982672,0.9990124429250231,-0.23624670017475147,-0.26511531855680576,0.682221385050968,1.3600198609027945,2.349405671765202,0.9991487415660238,1.025365097779012,1.9870821851646312,0.1179909005306429,1.115525918840218,2.500651177077426,2.7392343152315046,1.59258314009994,0.7568452401405542,-0.10606689163923501,-0.04441101788512988,0.3805788692832225,0.6692829511835484,1.9388081009377776,3.0154488932213286,3.941568008138179,4.404806804857978,4.78223402086982,4.548572276083935
7.838417893199973,7.695605569957362,7.355833281695542,6.411504779410555,5.983365180395224,5.019864349542899,4.73577515096635,3.6095599575310824,1.6690733997309588,0.5504746222951982,-0.3318203014773465,-0.1809321038739926,1.4304781192985758,2.0282917851033813,1.9892061161821677,0.842515129868301,2.084682020055914,2.4004835312556128,2.0180170325424593,2.692541708036719,2.6274346002223115,2.3592169791689868,2.638431502460546,2.383360191550624,2.178247986430477,1.9485042127002659,1.1338474000115035,1.0126847889497523,0.8611484903132766,2.3917179245221614,3.4711894397015106,4.203384753607256,4.469642078674488,4.600288988092589
7.489478670372218,7.2486876977406105,7.295374082926507,7.296853046304417,7.303422366915738,6.411197015046767,5.613302520434291,4.679630362278952,2.9232706623035436,0.044756832004036615,-0.7789681936078451,0.1041144684437144,2.143668121412797,1.6740957147914899,1.3748747130024077,1.6882509991067578,2.352064650207698,3.095149172994449,2.963721097709606,2.8677975575235695,2.6125060790114767,2.8248879942476584,2.219789181734534,3.2131536423084714,2.389680966707174,1.7950465288263502,1.175850581194751,1.1568205623272123,1.2060370058751348,1.3994527730251174,2.9947598937580717,3.8958451684741537,4.40503009489356,4.516484231931155
6.926525787399102,7.134684038901667,7.409323475374524,7.3601404942918585,7.50751201568528,7.750039444255739,6.1183906050212915,4.831453659612787,4.967535987943437,2.3734106431757014,0.30260084099218504,0.9096046314031677,0.7366477334717597,1.6801205610944026,3.6700598128174318,4.354818605256624,1.9203793582757969,3.335749031555244,4.123859412013632,3.609340775856568,3.018134047566138,2.5821487695337404,3.6310334935399036,4.113784657247839,3.1580978868301437,2.1209464464656484,1.804407455598225,1.2536596894300394,1.4842858132441754,1.8235695314045195,2.3276363127804234,3.3218672456899383,4.0772464050080535,4.741915488270749
6.693225649123614,6.720130946501554,6.572120877271141,6.903885354791683,7.171159323937355,7.363053355624757,6.705992164114772,5.6457237837269805,4.471864078877643,3.907730290674744,2.1787016568385984,2.7570310652028707,2.206244621153165,3.9046930827185493,4.345832415462405,5.001277346163973,5.059511868254348,3.4530662734030817,3.7693001412574096,4.687314019529372,4.146932628290563,3.4947552640147572,3.1670669618747525,2.783406829262003,4.2586534082163165,3.1061961420776445,2.2172272399367943,1.86450503461868,1.3488466784067963,1.164451889252409,1.6215085725329,3.231380847347246,3.1545010455771325,4.016477139411542
5.56112100165033,6.268064232549825,6.793517470118737,6.79458871353927,6.757072500855749,6.9546625246450775,6.657505799017777,6.1939597493774965,4.811018214119986,3.9587807106474955,2.587594269772048,1.7426485819309343,2.3540042583704586,2.7754150298517217,3.7658807941746475,2.7948863836542723,3.519798507077409,3.1815267700170673,3.0727581381660785,3.83957038577001,3.5106156992170336,2.9288873677919516,2.9354922659543665,2.539905328226589,2.4023525137014765,2.7958833915160017,2.3551281916322493,2.081680043507953,2.038862402243192,1.8018470408646987,2.0811418866787683,2.195786273154924,2.4113142859142163,2.0237814466561757
6.765905222912376,5.656789815972223,5.883801524403672,6.444144407175894,6.653932030409849,7.088809285084814,6.8293404687887715,5.984107798139231,5.200031467719223,4.033506784395624,2.6523373017066914,2.5146028365095465,1.8915761123131043,2.5099057717528224,4.493708603047884,5.016223815058836,3.9040025616669825,3.1937095832463527,2.9661406987028536,3.4378101804151444,3.049139528085222,4.008337356447453,3.187421837818684,2.6509021189118354,3.0216321368596293,2.8896540117097573,1.9850190290545677,1.2830951009984153,1.7384494116712212,1.5082508656452684,1.661311693803047,2.788999306469634,3.0618427381325817,3.120711123533273
7.78211242933889,6.881189148668904,6.854303513540079,6.1078083208381715,6.335173730486439,7.182649927246602,6.994545997018119,6.915163435774702,5.687334304755307,4.383904460396735,3.2574577318032225,1.509742087150734,1.5265387723145591,1.1711205011013888,2.8934668876053156,3.5695604761473767,2.694163488110914,3.077861761271091,2.022431045020729,2.9555641233356753,2.3543637334144445,2.9612837508480316,3.4874189282155363,3.3991598246719605,2.9211075038905743,2.169131572112937,2.102030570993492,1.492562717472543,1.074833551186982,0.8557194050257126,0.8814894828137367,1.9482010118506208,2.091633953763916,1.9389464148906999
6.99360203823182,7.545694296649931,6.972215368715357,7.27619503658986,7.005979395574133,6.61564971396574,7.41176225726883,6.804753431571113,6.603837472123514,5.277174588709012,3.688773096293563,2.350218982837963,1.2072387063734833,1.9524874189317531,1.8565791693274305,1.70560102113263,2.2675726492321853,2.4511522917697777,2.088499168527794,1.6875530987588498,1.1252725025303043,1.800813039762686,2.3771390462738786,2.239715716801987,2.6190252973095673,2.6110824460116655,1.8985302019796995,1.5096816742058135,1.6756878285994652,0.9706119853146672,0.4059942443952958,-0.21101852570290863,0.056141533365288904,2.223015937123572
5.6241812844281815,6.029416439128497,6.354236138608799,7.081890009702875,7.174824569545822,7.025024788385914,6.518149348300031,6.588606151322511,6.158441418988464,5.85449357990543,4.1811978963330745,2.8654774186389624,1.865534404580381,1.9490357141336156,2.0893022969957395,1.2593057293207872,1.1703900469159243,1.6836293906773496,1.1305481354513474,1.1594015698333349,1.8858609731103702,1.8705297440403121,2.002615821058743,2.345132109555377,1.8611441200170729,2.029905185919193,2.6371697514666415,2.257668826351162,1.8821373816140325,0.7192380636456038,0.07298544736543519,-0.6590486704302769,0.20948523273176703,1.0198421585407895
6.562087636003727,6.039787012048846,5.998245509733349,5.768990623799355,6.383274189180769,5.876435470351851,6.053271582865105,5.668126578545886,4.679365867072061,4.5538114647592725,4.46626183556658,2.8094237309506047,1.7300267863451597,1.2742825414624268,1.2522473316879914,1.436166698803946,1.4003935987415979,0.3712230274017865,0.640685926282439,0.6600162583536336,1.0449932504154158,1.6510130147094717,1.8934397609593574,1.4631219392513837,1.3018510596915647,1.6872410796578645,2.1147215571767863,2.782556360106965,1.1988151245685308,0.666372894224183,-0.06573034437477952,-0.242934593804851,0.5552873353313467,0.7386344452953434
6.259065120647059,6.4202799985953884,6.005413120631075,6.250480121003518,5.3095218328530365,5.169077925177804,5.403609177216951,4.926847819107601,3.933075145853124,2.7557758364674334,3.821240043330816,2.9726001132036237,1.9099138609547528,1.3215706704391788,1.918159534407104,1.0042494726606823,1.1625866729547711,0.7393189601708644,0.5133661524469186,0.42784554283885534,0.6070251801414329,1.9712965896229875,1.8539242060462047,1.716574680513316,0.9616974500465053,1.170549991706584,0.9701350924871176,1.4004106685413553,0.8779945852826686,0.5190466400306515,0.3972417299833237,-0.3978992255470182,1.1109433389555246,1.0423821690531068
6.661485793656567,6.391456096968014,6.259895997336664,6.667103494574595,5.299957115281965,5.2629563477225725,3.5575246686216526,3.6312889548091802,3.4876927618586886,2.7433697772753143,2.720127464601243,2.842622727211438,2.4829203478708135,1.9744631966492563,2.069235061638035,1.4402781173913224,1.087973765171898,0.678708435107555,0.41559687177926746,0.20444531397352236,0.5863246800660943,0.06454858103709947,0.8918852051143196,1.9628935846838647,1.3977778723983594,0.6783611929905549,-0.15079507819579543,-0.2065519945468132,-0.43972041179357635,-0.31410215056832963,-0.3767885574756656,0.27794616504643865,0.8521211125890815,1.2149342474738252
7.200571618327952,7.317648917346344,5.942967789628789,4.727567322994282,5.428282206617331,3.366586210466003,3.0450783924444336,2.4792918769698917,2.406958415883889,2.229078916531861,2.4879424594314603,2.9710559239017855,2.715524733793776,2.8022270872003063,2.1563861750745033,2.188668455467522,0.6847229686349294,0.6745399865758719,-0.284443485330445,-0.5605852912638682,-0.28565019739637554,0.37705774962927685,0.2080098332445653,1.6144573363415273,1.6512124421570384,0.9503957934484208,0.06786733720880438,-1.314928790664087,-0.5295015547751248,-1.004813175027988,-0.5664730794893957,0.05314496195956723,0.9441815889620878,1.164912844275792
7.534484407836325,7.251363936375771,7.080183346464707,3.853333250964386,3.266682034566358,3.6596387906721826,2.3443767373913684,1.3259232832073418,1.4543416394571147,1.8815874277265665,2.2548057634433483,2.328283329533733,2.740267699202797,3.0210276628363997,2.577607825697264,2.1010951120423416,1.0771203583520321,0.6817559355314783,0.7007270277447581,0.4693754123816298,0.16711005736824178,-0.15056191045411113,0.8817711818856767,0.875867175784748,1.652411436084851,0.25199136239788206,-0.39384143209737155,-1.330530783050733,-0.8250872887518432,-0.7729164007983302,-0.591394720435949,-0.80993419222205,0.24992154001485362,-0.6437038018036659
