script/wind150m.json
{"header": {"parameterCategory": 2, "parameterNumber": 2, "lo1": 6.000198445256149, "la1": 58.999992894266676, "dx": 0.5, "dy": 0.25, "nx": 22, "ny": 24, "refTime": "2024-03-04T15:00:00.000Z"}, "data":
[rows 0 to 23 of 24, columns 0 to 21 of 22]
-3.8777029172961,-13.517583988220977,-4.347114082792239,-4.985242922576221,-6.453956222702674,-10.835954392750091,-5.357567135474947,-14.127802088792183,-11.714875370727437,-13.18233863243543,-7.970590466970761,-11.5462361819632,-18.931849270589208,-4.835273561581396,-6.5148485550812865,-8.47792060332428,-6.8862291917669864,-23.934426944434648,-7.644011665531126,-7.525185387928123,-10.812353070874602,-10.875749119136632
-5.986704758743386,-12.594449931683009,-22.511445737397143,-9.791221045330468,1.6983708411113343,-3.2457887125229603,-14.935333066877847,-11.286220987940316,-6.3449040103368075,-7.914912431755729,-11.883862237977116,-3.8465481596117637,-3.0157570765535615,-4.329656077889099,-12.852339438049068,1.6301862244307994,-12.813487993178242,-8.543873619902872,-9.03728288020828,-13.025439989376286,-5.906466920318576,-7.665344968522605
-10.707706301613486,-10.039965503393507,-4.744955553876305,-8.396539690708163,-11.236948151714124,-5.828708704174885,-5.214309794755571,-8.451175191315492,-11.329939847762343,-13.521476114306111,-9.688197301393762,1.2368080001806216,-7.360383552328931,-10.513760151276859,-3.4343926177658517,-8.427978102111124,-11.079466740461148,-10.354254176597971,-11.16571419867326,-12.65557932357452,-11.591611478450616,-7.736881056030466
-12.246033042909815,-11.912631030377824,-12.738596092540833,-8.882582759618524,-10.03751287304097,-5.894382945964737,-11.081266709077822,-15.878963036273355,-10.314737129735718,-5.7836546399458495,-5.129358316019059,-8.836987946884959,-6.041612278817221,-12.338017999593692,-9.876814623373658,-7.303248614833123,-7.923134238577264,-9.986647412464295,-10.827519116369158,-12.303444140455655,-10.102808329354014,-15.471701811865756
-10.768659168520388,-5.75497733540484,-5.420385459000842,-4.858603225943151,-5.362782824352155,-13.158215073522536,-9.90199260256667,-7.471084325646225,-12.66859187840073,-15.47899093554279,-11.091015362900453,-9.315208700661392,-4.260096239793583,-6.016461357025489,-6.5260890497831845,-4.607597357461137,-13.768646638799426,-9.710449057219225,-11.928892040649945,-7.641594663654036,3.6121263302711175,-15.61593344663264
-11.487445881078743,-14.760073078807574,-6.249062899613097,-7.730984428806677,-9.79251671695466,-5.362665389883686,-12.445004212630076,-9.76941925180002,-7.380378187833733,-9.130721568603338,-11.450785760825921,-8.734645167008074,-10.645364194535595,-10.995451260771526,-7.888862480376293,-14.069444644978123,-11.965504597071455,-17.925233958060037,-5.051306799278894,-12.054860080575919,-8.384310776246148,-13.842013103824415
-14.431093685030081,-10.671132166343117,-9.362832688708156,-4.424787557994374,-9.893609763446854,-15.151144994667575,-4.836939565490882,-1.1210057765568435,-11.521727485943991,-11.263318737043319,-5.716488808801167,-8.39569100360218,-15.39879705248037,-12.058413791362872,-12.679969020271521,-10.554648835237195,-7.86157628209201,-8.425785237622787,-5.164458245351473,-15.335826677595787,-5.383537771595324,-9.643118624601067
-13.783470579118777,-9.526991941609367,-13.931065465269713,-8.306845559432,-5.856781799851058,-11.01581965121014,-3.841488759535661,-9.603868021780267,-12.973129453053248,-6.736843264924563,-11.992353569748714,-11.185491044571208,-4.240644972360026,-9.038859335339524,-14.281179058989801,-8.41768307888584,-13.917139205288509,-10.842237882271528,-6.11716604628407,-5.555604467925866,-1.886440225365393,-10.326833946679592
-11.293223871118508,-8.03208652513358,-7.992337439429919,-11.247213249229535,-15.681419207951913,-2.3472176993404528,-21.417627203402677,-10.572576427225746,-2.2364299012816993,-0.6660318181103618,-8.80086495256978,-13.366073640678419,-12.181551838546858,-10.367615522488375,-8.06822164954273,-13.398125057703501,-13.70139688832348,-8.60108967383928,-15.607385382112788,-14.133993333574265,-10.921076054722086,-16.713388870990197
-5.625268719094,-5.12299899640246,-5.4980196525788285,-9.370210708606415,-9.372470980918425,-7.071550178581419,-9.225777408272444,-10.415595140369227,-12.992062845767006,-14.669960295038718,-10.965201429011739,-7.248665942669527,-7.937699330438777,-10.666376352351888,-1.7202904272534176,-4.255745585435397,-11.280403051734485,-12.646279257432532,-12.983120913760741,-8.015726352084465,-11.757202595857619,-3.6635732454395473
-5.932801417861991,-13.795437604204984,-11.523013475924106,-21.608595127592682,-4.83441590605519,-16.60219138132715,-5.7175636471223585,-15.631417390006169,-4.1587727751702435,-7.4810876693473976,-12.625534173507155,-15.029289365419192,-9.061886859487348,2.7122957442885776,-20.993002785372052,-16.989283274279096,-6.049128725689669,-11.71965506981341,-11.122136819199888,-10.024442755723047,-11.530931692719705,-12.46003675911634
-5.674431622515505,-11.757762978841429,-11.500495790366376,-8.215684059114295,-5.841013385138174,-10.81886550482994,-10.320780451189151,-12.582070102957246,-10.067829993844784,-9.893788733939338,-7.5095743009008045,-4.478208164413987,-11.124549130056868,-3.5971092854102262,-7.720700322144847,-6.471427465767801,-9.413414081774016,-11.173535788752822,-5.053944249893442,-11.531069240438784,-4.4147752899923685,-3.9878989629896306
-11.928707180123912,-5.423925662292894,4.786460923519113,-13.384102771455233,-14.319281186494747,-6.536290158146673,-14.274042646087635,-10.550415092088738,-9.35502073096281,-13.221077697737268,-11.169970741132406,-11.83130591295585,-11.361370340618368,-10.286802171720751,-9.305111654276454,-7.118997433917825,-11.948687299434782,-20.42284958683683,-10.024609411231543,-10.445112152537346,-5.704949919489651,-7.8247951595977385
-11.27887398437677,-8.173447175397675,-20.019390945353784,-14.266135052897512,-6.968163984448162,-6.360846542129812,0.08103583611014888,-9.82363008853612,-11.934514932334933,-19.46725941470973,-7.937247287994097,-12.556035132833946,-5.261238204264456,-9.062835229833215,-10.11778235298254,-4.378230619672957,-13.895243091941365,-8.3382412289824,-8.108328211721458,-10.006281661789894,3.22845674013101,-11.833129051977872
-15.860968599188547,-4.815721086578293,-0.22926521004077324,-11.550898242851199,-5.468352945882058,3.7432602161391615,-10.027071929972655,-10.383857538584252,-4.867905618499739,-11.508936286574826,-8.971071324198702,-21.699867996926496,-11.705501648141496,-14.032395768166124,-7.549563517338717,-9.483297484871777,-7.087106570284751,-5.427776931266409,-6.755360313866911,-15.029016683153879,-14.68935214219769,-10.148852016494468
-9.181989269993217,-0.5625370227880042,-11.834687788465846,-12.276244120891237,-13.083462322842259,-15.163838055922296,-4.669552287902206,-15.126227944198982,-8.422773330560448,-11.315152648994784,-3.023660823302455,-15.61530581692283,-7.887656334587333,-9.827284892349097,-10.477169784520559,-6.24066472473124,-9.413968152029733,-12.66683764318483,-15.34484013113822,-7.108448286203029,-12.173910777450669,-7.678975519179881
-2.104471716424864,-12.59392770452772,-3.2310857403039366,-13.776688348885935,-6.560571026832246,-11.546454534687326,-9.233871838346303,-11.249500426806115,-5.84829200705136,-13.173036764932347,-5.228223716339925,-6.513372689982465,-4.70369981119453,-5.479233843763484,-6.072001184924843,-5.289599846719653,-6.214120008549302,-16.62514661661861,-6.384747216453917,-17.618774048633597,-6.127543741871786,-6.199473713654018
-1.794974212938628,-12.04071406786337,-11.602812411498281,-5.0875697560417565,-14.377907713815894,-12.982892034931702,-14.625417023002727,-11.137475652494158,-9.580105805161264,-13.078115393252562,-11.66387505855521,-10.613322215815968,-12.620168326080895,-6.517966100475888,-4.83599620408407,-7.934821470479893,-11.977490287187445,-10.321690036727311,-11.180566958728475,-5.950772021862453,-2.6917480079544007,-15.49493432473001
-5.522429166449876,-4.533357148353446,-6.4450235129801605,-16.822499621421667,-6.4208721428418345,-8.958533469555661,-12.697779009977406,-12.396367427628784,-8.239710024885603,-12.774507657433466,-10.717818727711148,-4.316422834084215,-7.091215803266276,-15.866759269964604,-13.140698893426547,-6.9791237916721816,-12.30063199050512,-12.142169415771885,-11.749506268268123,-5.3144193351859395,-6.6004114840765435,-9.563031561852918
-4.685175661562162,-12.96146145094628,-14.923705225667028,-6.704012340852485,-13.702964620487466,-8.827467874259739,-8.866763348425094,-5.071285605137969,-11.696156600874923,-14.319428693909947,-14.72915050238196,-12.902813057358998,-7.1742745041694755,-15.054338721485056,-6.34400547387235,-7.641079013584395,-15.388068523687382,-12.85409511947937,-4.81990471335354,-3.3894619721414876,-4.909236433022895,-11.46916032475736
-10.548631418559202,-6.795024812672811,-0.6931146647840286,-6.440154401825126,-6.538662179313889,-9.181678278125206,-8.016235943763146,-13.110129281441411,-0.2891588733040706,-13.093165353104874,-8.07198027528463,-6.719537604414616,-11.102351351985732,-11.28214400554487,-11.220521767390958,-22.536286360652184,-10.982035243923814,-13.369653635724754,-6.691308920218773,-6.288015180827711,-7.583760959839405,-6.947634970173184
-8.280910718385513,-15.194249901750402,-15.698801754408928,-3.9134146995469443,-11.914154503948328,-8.87325066134162,-10.960115625220478,-15.493951033751884,-12.992000379098886,-17.84742599276172,-9.943387575851183,-11.90536968126884,-5.420487466899132,-13.759896329635732,-9.653741510981567,-2.9391149492073145,-12.028010378753315,-17.76932282084346,-3.1373386135921826,-12.160199072807535,-12.541569575942752,-6.011664248661325
-16.70821016487888,-6.722187072202563,-10.649161332047953,-14.373155951179687,-11.163060488617441,-10.73588994180495,-4.9764227493570345,-8.326072189390768,-13.601411080263384,-11.579906566840966,-6.8057916486343775,-10.138087003615956,-13.25043960604212,-7.810679299184939,-12.09207769393969,-4.023703205512506,-1.3510166399396955,-15.385841002940708,-15.345192194865296,-12.003202211511264,-8.003937872962352,-13.768136023510683
-3.6783566141051898,-10.290838248392054,-7.618076099044908,-11.436386095036626,-11.018487419710112,-11.395277930688557,-11.64921363498782,-14.515274012384062,-10.470974868575368,-12.85428498241311,-15.466406872627479,-7.740353475003965,-9.119659752705685,-10.443355589182037,-14.991337666814447,-9.035520582781079,-14.780768426861266,-8.248762751851158,-1.7116880560416923,-5.832523266661038,-1.9472353554489823,-9.482958724651617
