script/wind450m.json
{"header": {"parameterCategory": 2, "parameterNumber": 2, "lo1": 3.000054539987559, "la1": 64.9999836372058, "dx": 0.5, "dy": 0.25, "nx": 34, "ny": 52, "refTime": "2026-03-10T12:00:00.000Z"}, "data":
[rows 0 to 25 of 52, columns 0 to 33 of 34]
8.212760899865476,8.304510425117812,8.443311373119883,8.475068277166146,8.233995222843241,8.765370319776986,8.9364410799083,9.271368896665074,10.972403414364328,11.237969175127292,10.971660415621526,11.151269835211773,12.340059574504636,12.00780549522227,13.053781412921795,10.734222849340139,12.767975163103301,12.79847176425779,11.071642824901469,12.20060230633413,11.616256305561532,11.723099486459452,13.06634621165422,13.066119422192967,13.186302270053732,8.54760789488696,9.209758805576556,10.938642868694412,11.017124680246608,10.239326883067365,10.181552757454053,10.487991683841276,9.539035305349001,7.295617985137876
7.713213340789002,8.186425906277487,8.454956073310845,8.562053050380689,8.265014965966971,8.385952437695893,9.46213932288307,11.082505179726327,11.511446762106816,12.3669844288095,13.001633013512604,12.158915097683913,11.799717320431615,12.073186647150948,12.897701285331856,12.511980708466924,13.824080475844356,11.211597480745898,12.204988381303544,12.610981755395992,11.074783982082147,11.705195970985029,10.897582547324296,12.586390537261789,10.557047619157942,8.720656642481968,10.693204292252444,8.063131970209842,9.188977367003337,10.438041519712165,10.834266113539487,8.65636562692257,6.1239609738394885,5.677838768948085
7.7106856877365155,8.113616442972672,8.06917165236852,7.481007263497524,8.368352286107134,8.370814833265761,9.76554756118004,12.374711485217095,12.614676328964372,11.810711360841653,12.397586841386149,12.501984185776369,13.347191436210723,13.571199271272839,13.384067389216408,12.105006597762074,13.34872331443615,6.5449325676036905,6.95112598902288,9.470650196846382,12.081227716577509,10.731968086483878,9.961671643712872,11.309860738364021,10.507238158458206,8.215270731017686,7.884098491205282,8.443956995789469,7.718991856527743,9.218674704770802,9.34123753254052,7.95931603615766,5.400956411753136,4.113373688894993
8.23054018966686,8.176090709090799,8.030305699824298,8.073687146446497,8.74591077732001,9.766676988993035,11.339928198301413,12.641121430465247,13.727593505470725,12.79360327541664,12.479142428430883,12.816477821596752,13.805088643602986,13.722271114872624,12.464564171545337,12.900809002904598,8.556398599988011,8.006905525395243,10.560635673690204,5.549130338674988,8.535230424592577,10.103687959963368,10.604058543743596,10.480089343049494,8.194553907378824,6.43579873269573,7.883287752870721,6.7455343442415,7.86703352227078,8.080865307399048,8.239059024323867,7.305048854371521,5.2520075675456575,4.13812834045009
8.344367583830476,8.331389271023491,8.610054855114665,8.682789073831579,9.535086502650982,10.417700158219674,11.944281111249532,12.623955215178071,12.51691920183018,12.265977466677324,14.476008154904132,15.52555628541064,13.12001710224633,12.817685320085806,7.938106570465094,7.318717831560339,10.368183831592962,5.363767356210245,6.288016839501332,10.11553847316288,9.849480116395384,12.804941445906776,6.497195160135217,8.00251481228696,8.005146875365908,6.469448769138504,4.409373281619154,4.5518294212138795,6.004877315387463,6.681032209882687,7.200157741293968,6.149442136654367,4.634764812009826,5.663765095442943
8.14018682246132,8.472433950116189,8.97394493730326,8.655042522452547,9.729206659132933,10.872063861642959,11.678512343657697,12.692579051937757,13.516613957836618,14.929431088163575,13.20277000650834,13.559549209879943,12.231006282092096,3.108131343889974,4.3443758036374565,7.5841429114893435,5.853045993575616,4.8170898627433845,9.046840835267721,6.971465854771876,6.425314082018525,7.3630274094892405,7.866952866703757,6.720361531704061,6.097806583396661,6.010015518176191,5.596497496976967,5.138330506186112,5.17123115291111,6.388407851773486,7.139230749851458,5.709847824780993,5.150706986544759,5.193854173501801
8.328497938579458,8.570330046576306,9.715443119551596,9.023709353146053,10.092263295799775,11.325947436866961,12.242430202622472,12.973821016105239,12.271635175928113,14.30291389814133,14.156117418766954,7.7909860671601,2.3133654724003367,4.954531406761367,2.171733308790655,3.4204583801640314,3.7700733818128307,4.652974700154636,6.870010601821217,6.640307792488071,7.066186537958814,5.2309516298907806,5.166894975020288,5.616321163523269,6.902948376864307,4.520754493105021,4.74180728191852,5.1935363112169055,5.749104564539686,6.077248399446444,5.956307429029097,6.250767037128204,6.389426662541244,5.794393479070093
8.057781952078248,8.576725192736154,8.999549175208442,8.90321704601551,9.719776938887584,11.365278056673194,14.537407347265047,16.78510865140901,14.73644101369353,12.723012059273417,2.7637089799913426,3.0636877851188884,3.022562914386445,5.414396212406734,1.613220953396821,2.711575379359859,1.8963864208219747,7.25649326424872,7.905904725980301,6.9739522875484,4.880324839943252,4.505069757527799,0.9412765478904876,1.822463126974652,2.8409908695881594,3.9652280460944587,5.3665243619543,6.7710941769997115,5.493228727440326,6.581408741469574,7.262555578698699,7.114441577360716,5.946377405123221,6.1989391945144
8.254143744645363,8.9846650388416,8.837055959632622,11.206253128256277,12.69514049388121,11.667259279765616,13.195990637336486,11.828587834371469,7.0611458361384605,4.093846411120732,5.866407216783251,4.104490837656196,1.8030050934798232,4.0971171023308175,5.629081987651369,3.602027083154782,6.03069388722187,9.41601440860815,9.119909599608668,8.516738023269987,11.381221737797397,11.41266282102004,10.745059870777572,8.472766653375459,8.459910362205077,8.804964088160808,7.549394661487437,6.271024151065959,7.967314240404351,5.66071441889226,7.533570718719638,6.231723280507354,6.941596678844692,7.5205309488069565
9.503389200335777,10.558540747835707,10.268741130178153,10.553241818791143,8.285215541299552,12.521634769456027,10.54392482184675,6.993167485253617,8.637827799375833,7.436179560495773,3.9017626818652773,4.477454382893782,13.33393007956547,9.289299099021695,6.3525053476196875,10.14510058838116,11.12410990955683,9.590242519166942,8.548654157352598,8.706805459867232,10.170575201171864,9.708150222583184,9.231677422906351,10.680455901063173,7.965491004177117,9.043984412318942,9.814363784750809,9.426241175206387,9.341331704416723,9.908438140483263,9.174813940937517,7.735114712218147,8.455259303003032,9.102683336391536
8.483117098479681,10.029208013964327,11.120001935080472,9.599737423012504,8.793733120718445,8.258929075663676,5.9934897998359995,6.529459002564984,10.850811744821074,4.212010847040378,11.32477217879105,6.187346198580203,9.169163880529648,12.689923229484709,11.887628745967085,7.028026790927449,5.97383856106939,7.662710941812326,6.497670170017182,8.748877301736334,7.804344167686263,6.9116786761224365,13.854737956694782,7.915948919601751,7.797565629179866,6.503066365230298,6.721766372867759,10.67304748906442,9.619622408313841,10.272685436568814,10.906556646825969,10.359511204301278,9.84154605421248,9.176377765000193
9.77943502868076,9.682596991475862,10.161043176951816,7.9986303910967695,9.020138354117528,5.757785580083801,6.566135979798822,2.407992633904073,2.8671787981962735,8.22518336568986,9.677022836446389,10.037063133170001,10.809792929405162,8.299628458112023,8.658046110623141,6.157001996540949,8.359913573221444,9.055392675505004,10.054309339669375,11.88854329854392,12.84274440656924,13.027872804942938,5.901992102806972,11.864578729660641,10.796662960933439,6.156188846098014,10.90350440811695,13.007695457987047,12.69984926572161,12.274105516082804,12.224227585781797,10.82088668642825,10.597827631817777,10.332442552382972
7.182438045872011,7.11880434225438,7.916443885426051,6.218772025869384,8.732610133354058,5.498030150477628,4.312387582179149,4.63263489025651,4.405027677694765,11.54595361494989,9.91103671832212,11.282488214237143,8.129543876265148,9.200871824663345,5.528102444649124,9.837599032023137,8.890667829791361,4.733990967027645,7.73755859158088,6.085534651393447,10.044366538005965,14.164771474076128,14.749532536231483,9.460001513581501,7.623858337671756,8.022032735180325,8.80254186745329,11.685372536452855,11.961315063168598,12.414472831066591,10.264818718476235,8.693640223986218,9.569175271478437,9.901649765519979
6.524228350497938,6.999665731199564,6.223133902015895,4.5703450718961935,7.747839200729322,9.001023399981111,15.666780133498888,2.916453704366964,8.263431478162438,11.996936381082286,13.17244303503046,7.6615475378020115,5.708906289785136,2.342147979073816,8.183044891622748,7.069785080251053,6.2305456285237755,5.247560748183793,8.73380947859985,12.845058711300897,5.433131676627518,12.46665463205263,14.316880877543255,14.170002921051925,6.247328541454858,14.077482093436652,12.146251826200553,12.638527070903443,9.880502925138252,10.497231774270482,9.064011965639203,9.062085379096143,9.826722389989547,10.75826848182673
6.3659406576459965,6.611264628293052,6.046382750771881,5.502833321640309,3.764962573827406,7.460392817427454,4.546598162110705,9.91355613360864,6.003367953684142,8.5013702456634,9.004099601140409,11.571391344148482,12.897050546500527,8.984110239331773,9.305570308317005,10.427081128798878,4.998972594279455,8.0823640627479,7.747809610774199,7.449792974027872,10.531237607377731,7.200748630281319,8.350513492233429,13.069176176300521,8.263823211868928,12.255969492175124,8.814793518296439,12.688642697157235,12.69066126973414,11.570510006837301,9.700588330038068,10.328465896989393,11.200122974411947,11.784580103840732
5.960932189878387,6.695644227293275,6.080976110539864,6.707661369965381,4.209871719725267,4.51995932538009,6.47092071339702,0.1262917555883983,2.774023055361638,8.125574083175307,9.902366171158667,12.836918115750658,5.334495144732775,6.560581158231543,1.8454773939545634,7.5904168670547385,11.420427548132782,2.3155793010337864,7.30530656268947,5.096006158949177,12.262704378268749,7.839044439147024,3.9483256007650755,11.038113718129633,8.82572308278767,11.959798390591066,13.792567107340878,9.887305901442364,8.88872862456846,12.147173254346232,10.604851382933665,10.553998857144043,11.567624747959176,11.498918810839864
5.818499705570995,5.363213748332846,5.249224690008664,5.611605849852916,1.8595507004885028,4.577405155096783,9.427484832962667,9.246357262239801,-0.8387472216306056,10.140851951635344,14.661220446941956,15.156772749010903,8.794272418558181,9.20743477664478,3.5136755310905743,-2.2488443053312075,6.1809899081568584,0.8176894461534895,5.618065092860682,3.922051625786956,10.613640867564722,9.525835054272225,7.77264803102999,5.137023098398128,7.864819202489402,9.265242583534826,13.32733202906172,13.144698357995415,12.282374803581778,10.613552011135853,10.601747563325617,11.333961792215597,10.124792916070017,9.051222288875723
5.555975615516412,5.502408174507649,6.30712793793311,5.753829531731554,1.4002219860298277,5.352970139928136,7.965235580814067,4.674875275749124,11.17350679340186,9.89284528766431,8.560512541049311,7.160507673163741,5.627397071007895,7.042124295458973,7.821316462157141,5.764537592593469,-0.1753937409671432,2.8917161566246135,8.784617067173972,5.996761115154306,10.571485170800141,6.10775499672101,9.053843563382344,13.469648639288133,4.931071849960032,8.498206559742815,11.08571128439509,11.399860563504562,11.572448957845584,10.619007260913541,10.741171913264205,10.052914210216437,8.893518509399,8.128659172648812
8.001716778494124,5.573115438131985,5.613016863685725,5.4771807792350495,2.265302636037103,2.2533211550175207,10.693617751490114,8.024547560124583,1.7136086343381347,9.673494595184945,10.276495320460905,7.547966387359823,7.295868024048713,8.767698794020365,5.675102955106983,5.347747149097009,6.944346137101175,7.26937125321963,3.660392198997595,8.293331780885806,7.296552826920198,13.146354020649822,10.604885885464627,9.014978553207285,6.734492110639974,6.534445305675313,11.356690771214664,10.940831993125679,11.588128343097168,11.719689228519023,11.008602665744748,10.40103752594128,9.071178227904284,7.538308294398022
9.077195628078966,5.545760537320023,5.852115996370217,6.379176314825762,4.347695393878986,4.848481753692839,1.334832926602343,14.468201366569355,11.495156216692743,10.84659245726233,13.742091733584395,11.961248020667366,5.25890999616889,12.23555158113142,4.077823470858171,8.153073789021011,5.492615072885024,2.8811444292910346,4.262322336954734,8.28733030231704,8.1810043146393,10.022764971513922,12.725486610112208,10.913312971895353,6.5413751926103725,8.353101378410118,7.475536876744651,11.554842516788014,11.391930310108753,10.732444432379516,10.801368373775388,10.280894170855127,8.95638705911676,7.879335047733103
9.58980791304044,5.5330871928536265,5.867815810805841,5.721669554062524,5.144586619358015,3.680249394405754,3.324533653094698,5.718206625426367,7.44044552966483,8.556029024379065,7.9695031910127065,10.090736463656146,9.40405357350353,4.192488532675062,2.7109641245420515,6.217280098550958,5.255760024946037,5.418096787269346,7.156235123018738,7.8711278172637575,8.948488504790758,9.13857003598798,10.927346646374822,12.194031899690755,13.154767372086592,12.373452657881712,10.581716998363088,11.291161966825166,10.838696014531322,10.057473434500801,10.792497663907017,10.540726840811724,10.225545328016903,8.16554959821688
10.147542765122296,6.106437108369544,6.705755297941741,7.9711575980513,3.8219537743479757,6.660444625339655,2.9846799582347847,3.381566690789967,10.749435189537323,4.476939601451182,8.669101696147196,8.476613360457113,3.6218263281882392,7.575308755660866,1.4261590255789969,2.737875221083254,5.126468336506664,6.651822888597596,8.42823783356518,7.8809389632640885,8.023160852740988,8.98134694695193,10.475620620820568,11.15710383383716,13.036598471657001,10.904152490367611,10.248485270349407,10.168051323303928,9.864543977940112,9.962878779035657,10.374297131962692,10.594306329227706,10.401625895599327,10.072146884650762
10.681020288301859,9.048346849128007,6.392024658283568,7.777104264208745,2.8641635463520236,2.554474531621257,3.5421845116209294,5.269992745868058,9.35675422483399,10.227323716531679,3.939874308437167,7.229108167110349,10.228131863425318,9.378482256642169,6.954907019565376,3.6390063547890255,5.390472407689982,8.298997495543647,8.918765072191784,8.812351378469705,8.38651461639124,8.96496450629838,9.666105462946888,10.680531893365506,11.68155082907582,8.613505770115655,10.417491555772571,9.404468827336519,9.171942940387673,9.458123124449207,9.508222032530208,11.477468500391979,10.72294421579965,10.191203161004914
10.403798729142764,8.618546293474704,7.759615898760877,6.137797389543381,3.30418152789419,1.7711492924511907,4.904478842481371,8.685049169293318,10.88830763702923,2.8191125078661057,6.117869911103395,2.9048719748557903,5.407371138845359,3.574703744888061,6.801892184394801,3.2077487237427835,2.901292450829555,6.371004997591098,7.80949846660401,8.18998070238348,8.225988806326523,8.357514879049424,7.79457746018072,9.732241192032568,10.703203183188545,11.320981769122405,10.103260738614516,7.979632423062845,9.364661132346468,9.037640469351619,9.26522374932261,10.616038030155789,11.363299358124223,11.354769841589736
10.306472598470593,8.489951685517331,6.698389316403333,6.005078158251202,6.4766912752223735,2.8290714614569628,2.838981372635913,9.247925803567712,11.689680150936391,6.286597014948098,9.088475164367335,5.856147484258293,6.8002102339150685,6.589539142094312,3.2402397096226707,1.879766267585788,1.7738533660301958,5.5413315584582135,7.510163602477803,8.043602565147708,7.575431542669793,7.418194858482471,7.677951942839655,9.653302654570181,9.736165776613882,5.840074454780175,9.189412733445778,9.02170944226981,8.85086172089516,9.105585968519671,9.505017689744022,11.460214454937807,11.275371503619427,10.3657130699169
9.059839915532741,6.798436091591337,7.181506424015307,6.951716565613257,6.084761923015968,5.153178572124274,4.621576560375457,7.171636777436816,8.923984538201562,7.2612920784704365,9.334235265507495,6.697132031496544,7.362467533933132,3.8503402723327937,1.9677641318932253,1.124353217701228,2.9041262767812945,5.065609763736511,7.668416562947609,6.731317474606402,7.262467837894569,6.950544714209152,6.899032067832559,7.3105958594817,8.359054305090797,7.3432813121038505,9.428914082871472,9.39439058652036,7.8667249120038,8.50755720296002,10.302321403006005,10.632524434689506,9.035593408139299,8.981377288003701
