script/wind10m.json
{"header": {"parameterCategory": 2, "parameterNumber": 2, "lo1": 6.000027932988019, "la1": 58.9999434238085, "dx": 0.5, "dy": 0.25, "nx": 22, "ny": 24, "refTime": "2024-09-02T22:00:00.000Z"}, "data":
[rows 0 to 23 of 24, columns 0 to 21 of 22]
-3.873604186602878,-10.19771743895223,-6.268399841192363,-0.4730860328737393,-1.63700501774819,-0.6476896758608871,-0.5157292427623074,-0.8672991132168548,-3.4980179488657552,-5.491176539977546,-3.4535469072167873,-1.9283576258757942,-0.8378034415734454,0.25702669789575977,1.130276770073759,1.1113481404146235,-0.2819398833198498,0.30080356484087656,0.18050026587522833,0.0729168177857518,0.09619778356785263,-0.7974019385158133
-6.350170951099923,-5.166374158864413,-4.473616746800655,-0.6003269483685066,-2.7915414372195135,-0.23904740372064892,-1.057093314138416,-5.900918984436528,-6.59782367335806,-6.227873209573621,-5.231297692249091,-1.491643596314502,-1.6383631351754568,-0.35994218490190144,-1.0551886486960598,0.2795639499240441,-0.43496376028217754,-0.9658466974658404,-0.7528911275249451,-0.8537165369519044,-0.5328967297945326,-0.5625551432325664
-4.050682895237017,-3.109582860673075,-3.6135428793681004,-2.2438125748829902,-2.2549524760782296,-1.5043379396677672,-7.086117455965838,-7.18727682311234,-7.593465324146422,-7.369897430403324,-6.363320347859023,-1.940324166924082,-1.6416514646731748,-4.4438058713586255,-1.4651641410702128,-0.9596659433291274,-0.618710343233347,0.9610174943228539,-0.6468077745282549,0.363517336215427,-0.8514869639096464,-0.9706582262588822
-11.729919918707607,-4.875830601508156,-3.105960706614057,-1.522436138845212,-2.1857766213019385,-6.180101093970005,-7.364866241555694,-7.559188282592187,-7.928691489354802,-7.725261334035327,-7.817806335917579,-3.186326682530276,-1.809754975463941,-1.5249873099998852,-2.48611444074771,-1.4346578800991163,-0.0156549134216285,-1.0980735567786886,0.0534931222580331,-0.7329368291487011,-0.5242331002012522,-0.6629458566127988
-9.663170914276524,-12.272256833418941,-6.811985481779628,-2.1521488162814584,-6.495292029936305,-6.377086475309651,-7.28318397826032,-7.717222746143015,-8.429522076558932,-8.339687499205214,-8.405462156759764,-4.158305001810662,-2.0590823871059163,-1.738810004638983,-1.5334705166135743,-1.8073760078348615,-0.30298140524350525,-0.862069921769411,0.7381587016343748,0.29065612419045656,0.6334462357308903,-0.4543835901091925
-9.222551988807618,-7.8288677796240504,-7.698400111115519,-5.804294315922365,-6.09089225291576,-6.104131086396103,-7.25790949652586,-7.355760663058291,-7.861150151774037,-6.426424717824703,-7.693862274669832,-6.027460396575865,-2.7986975077905263,-1.9204594589439112,-1.7275583211079346,-1.305166886531006,-0.34085386391628136,-0.45685366521239434,-0.2841883418582252,0.4965518450458686,-0.05878753266744082,-0.04263399471103624
-10.036930632216706,-6.691471479143729,-7.113745278593646,-4.91325332665735,-5.103464363999621,-6.049408963292425,-7.343714912748062,-6.813417787845077,-3.0729256542393215,-6.915262548239412,-6.806795035983653,-6.080532733812421,-2.2682980080839736,-1.6312001063026897,-1.0248696819205727,-0.9969209293014895,-0.4320107855167215,-0.6858069497747137,-0.7310228817582891,-0.5547979817189121,-0.4606407612469395,-0.21052506157160464
-9.603515740318148,-8.851820543601784,-7.271150303504013,-5.6107898296859124,-3.686535491732464,-5.562441494377195,-6.688504202689129,-4.777696486528782,-2.70202410902701,-3.9045176565357895,-3.5967758855653518,-6.998314442924379,-5.673475337289377,-1.844531921227653,-1.4877806223376553,-0.9641179421589521,-0.7695041938946031,-0.7716501579453753,-0.7872305919953181,-0.35403702180958185,-0.3864406345374918,-0.028582037941151873
-7.736309163612821,-7.2339722218238816,-7.9742660264870215,-7.381087777255998,-5.134524400394427,-2.4097082619116916,-5.9456833854839655,-3.528199652926701,-2.640136716621049,-5.365327874104935,-7.281553757565446,-6.797520651613949,-6.738856871679155,-2.394245659426701,-1.6596657115639952,-1.3924092601892628,-1.3075107546778553,-1.0603631361379555,-1.2966548331013712,-0.6884058925798119,-0.6667729059421692,-0.7292341278143235
-6.700856822112894,-6.2318653591486495,-7.158815312111051,-6.931959135280944,-6.214990820207716,-4.650953737473666,-3.4635607180733725,-2.736109845538218,-2.4028000095869366,-4.608361736653401,-6.38448594213816,-6.967107869409715,-7.14633666028188,-6.947561134729716,-2.254934271574423,-1.68266262704023,-1.4471862695245181,-1.3626756082901874,-1.6102928850356784,-1.3717743165337084,-0.9266600511399521,-1.810441298227488
-6.049315536447352,-6.0400837983312385,-6.01518013455849,-6.977580037814279,-6.545560588511944,-3.386319317142329,-2.7923514595720023,-2.645208760202745,-2.197755804419114,-2.144961094828444,-5.93913591875105,-8.079058766519235,-7.990310157161027,-6.074142726156238,-2.9503558654318103,-2.035524943871355,-1.8445190698351008,-1.556050753744504,-1.904936395179945,-1.4918992598827483,-1.2998183359191595,-1.3280929973620104
-5.982811645871435,-6.179397286080992,-5.1288746494865585,-6.280393130810492,-5.586782760470186,-2.3189237455413014,-2.3362746908452925,-2.8360020784524953,-2.6984122480133133,-3.5979756632451356,-6.263685770259488,-8.46138652728364,-8.097955622892457,-3.732001890956588,-2.776465856052229,-2.345181424397949,-1.7574565401187396,-1.5714478650361308,-1.755956982429307,-2.0515862813085115,-0.5352190284540832,-5.0569160165987
-3.9662043619261484,-5.97337752845842,-5.7433158404778215,-5.455637110251541,-4.899268120809458,-2.419900850974028,-2.704984881948178,-2.4720165443996946,-3.3544164100099287,-4.638223260226712,-6.70152876123206,-8.221903133296921,-3.8421338714107924,-2.9368030526987696,-3.083397037295101,-2.2049829594453003,-1.270043177396243,-5.701940286121696,-6.531260708767081,-6.0115119574465465,-6.121978414585808,-6.619093834064634
-3.891371410857561,-5.533458197734288,-6.098654765962067,-6.119885834552842,-5.415410118739469,-2.8432977806363744,-2.728256112610823,-2.2517970877981686,-2.910772831235739,-5.8214967314905985,-6.0270052477755796,-4.6522301233038075,-4.211657453043155,-3.3420681317750636,-3.6042173294891953,-4.004220851674477,-1.9873905312026927,-7.438416329957016,-7.689823571471495,-7.280177494304709,-7.275206122426722,-7.25717538777493
-4.613862139722706,-4.632754224496317,-6.444091114958578,-6.7305773816559205,-5.201703670546081,-3.08627816167104,-2.680770817484699,-2.4997487712324724,-2.9536221753750618,-5.20889719059245,-7.312946572953857,-3.13182900808766,-3.428351192543209,-6.937563336780928,-4.329482243425631,-3.4345043278029523,-3.7850727006052467,-8.7598255796855,-7.859779624562267,-7.706900414996952,-7.692757194784509,-7.623452505848279
-5.726620677332658,-4.742342075332189,-5.3814298175458335,-6.442371581109185,-5.225268072320372,-4.437611858374045,-2.4406981226964093,-3.5210013841412167,-4.797007636222552,-4.105577430722533,-8.366879876614043,-3.474205485626252,-3.539301023696359,-7.932611934194199,-9.030282625562693,-8.471433061080814,-8.33270105657557,-7.347452140108415,-7.726732005977386,-8.177395382383382,-8.24520366800424,-7.960576303562461
-6.192341210507926,-5.277768732822148,-8.340633244356198,-4.428360780499896,-7.212923820222061,-4.929343032702534,-4.200307388584387,-3.839328734232156,-7.467419648985587,-4.237412523426303,-7.058669205898944,-7.579687794721592,-3.75225055047099,-4.9268231020053825,-8.70153326167429,-8.917169357987042,-9.355807141215653,-9.352207956560063,-5.479734080421696,-8.810462539429503,-8.896171985910469,-8.482571356630956
-4.810424791108616,-6.10516289291091,-8.559534090460895,-6.760065901748821,-3.254151766089915,-3.6373375336028655,-2.4670174287997195,-4.3241964374222155,-7.969674303864518,-8.595842342510101,-5.991557891178734,-4.076688310100244,-5.69526993529245,-7.393172025789237,-7.5895641725505305,-8.603705370310779,-9.187747735741864,-8.842943777703779,-8.636909426745461,-8.967474638213206,-9.061911807975452,-8.356598952990508
-5.1275180732513865,-5.771281604827688,-9.877342661276602,-5.148695244405728,-6.427100119286742,-6.728955762408594,-4.8529014946369,-3.2462687178206218,-5.654747527803633,-7.973587128124155,-4.905935278210615,-8.047608191441693,-7.382506052189988,-6.706475252034964,-5.010715741876062,-4.931747871562882,-9.27066439493617,-9.346030711157029,-8.690339890240066,-8.748375435233273,-8.423109203383312,-2.8751731393031776
-3.5485931849434764,-2.3410193914722965,-8.045029098678839,-8.06447208875823,-7.232439913745424,-7.855483429811102,-4.277330868102829,-3.691217555741775,-3.25702802346556,-3.155611057883685,-3.7256327689824693,-7.407509558349685,-6.777613225467417,-2.6849927410754444,-2.4216059232614584,-7.303101756945564,-8.367613754683669,-9.28947876060655,-8.146897050352466,-7.173095251789468,-3.6693535277066673,-2.3832163458278006
-1.3695838661941138,0.34069793076287014,-3.1181744974257097,-7.087962312240107,-8.224402958556777,-7.787506863823188,-3.5750678551964903,-4.0303018097004095,-3.043786599460187,-3.7909605463843694,-4.923657019415544,-4.504315694481761,-3.2481976972333286,-3.1102982263134042,-2.5004620316385835,-2.7070229335786418,-3.570312255636222,-5.673594063955241,-2.2669236277315132,-3.7771734046810126,-1.7943827068041975,-1.6906649698320446
-0.7969989647882274,5.406568154028518,11.026788437921665,-3.1016964501531183,-5.06933621736656,-4.64356131733584,-3.094400718507399,-3.177770095947862,-2.435440475087197,-2.665848070998653,-3.184370939356828,-3.4246994029449334,-1.4875808725736004,-2.364700407309824,-3.459101126642365,-2.501892355518692,-2.890300688686156,-5.02621541083529,-2.4815647977615907,-2.2490271258885812,-2.8773683438636932,-2.4968322211342033
2.141079224270032,5.0428351733036365,9.551022958158539,-0.9765150031155155,-0.32347594983920763,-3.154285748835009,-1.8438544205802727,-2.214789948033704,-3.0092397704734855,-2.5636960256691848,-2.93536443245835,-2.38859174034754,-3.00336392390773,-1.9881065596796794,-1.8835513054269306,-3.260988600369095,-1.481501700914605,-2.4697828075111037,-3.6692379722604,-2.717027737142578,-2.5802204081890703,-2.259528874161856
1.8669732217728798,2.3061691012542966,1.0356693091359492,-0.6770530834074117,-0.9614539483064046,-2.930937848530619,-2.8140118972282986,-2.62700616554881,-1.5780130160818207,-1.4862092198036205,-1.4930725218473393,-2.328884276315727,-2.3501988905128637,-2.311121940858608,-2.625560423842105,-2.361023634637673,-1.8487063548167415,-2.888707384009735,-3.279464129659788,-3.0540992700997593,-2.123294509811126,-2.795604916582357
