script/wind350m.json
{"header": {"parameterCategory": 2, "parameterNumber": 2, "lo1": 3.000054539987559, "la1": 64.9999836372058, "dx": 0.5, "dy": 0.25, "nx": 34, "ny": 52, "refTime": "2026-01-27T11:00:00.000Z"}, "data":
[rows 0 to 23 of 52, columns 0 to 33 of 34]
-4.012750393078383,-4.641730147932507,-4.7052001090246485,-3.8931371121449847,-1.4170573109032811,-3.06205963391677,-2.8548946365376104,-2.849817404978096,-2.9036462976391646,-2.915653103680777,-3.028194675851848,-3.3832307597476876,-3.4450219640595665,-3.6382707574554773,-4.091313324824861,-4.508178233202084,-4.957705292764157,-3.6662065523861753,-3.6019384904502028,-2.6794230985073755,-1.6132827047561384,-1.9157641257356355,-2.656247252687065,0.045913026936824,-0.616015815708572,-0.46795859282146807,-0.7607544234210881,-0.4084627686875798,0.5325437225888191,0.6564625071730962,-0.02977159386110803,0.25538181372172886,-0.9970491425472587,-1.6877274333474026
-3.3416132324806744,-3.148781625036248,-4.7748001655009995,-4.2084650205805785,-3.6276302763820105,-4.774389857873275,-4.963909452524283,-5.566479853767399,-4.589556576829939,-4.964964894195977,-5.055974203761943,-5.26535560041131,-5.647741166518035,-5.627298159405126,-5.0846788410273485,-4.766598089336813,-3.9481606526735464,-2.95078456384361,-2.7886377768730104,-5.2635099673145795,-1.8037227213041989,-3.9589722483127234,-2.1220319897514073,-0.764047552393961,0.22260984853263216,0.056183009671947275,-1.0408975449698337,-0.6669343142796293,-0.6987143646208998,-1.1645159743076898,-0.3435479659324828,-0.0974046881120792,-1.2090493487810914,-1.9504338193180457
-4.911029737566413,-4.883895041376913,-3.50197724331314,-4.563835186154594,-5.491697160815247,-7.021294125010775,-6.623491253137079,-6.254413465809064,-5.954266319036486,-6.18628847638175,-6.338287642449304,-6.5455309141883005,-6.25672419461881,-6.019772159985963,-6.097383841015973,-6.637125888110208,-7.866507211595355,-6.76755089466057,-6.318469580921496,-5.759011986641749,-6.09526890599369,-4.9467330104579,-3.8505898693944802,-3.847754106557319,-3.814426055582259,-1.9963621614221378,-2.1901960067899036,-1.8185652399366208,-1.1651705871489928,-0.2968455983348502,-0.7076861580225018,-0.29393458153078955,-0.22973980848615944,-0.8082904791485921
-6.21297990581126,-5.748049323298691,-5.410628109880504,-6.575259330508688,-7.692608215793108,-7.530982459740284,-7.367749512451065,-6.979280735296795,-6.8099402160677265,-6.818641200547695,-6.4546514777007875,-6.184779736473545,-5.652465624170617,-5.094411974469907,-3.7924278464568966,-6.405317121436036,-5.920593456505212,-4.758918472212448,-4.5003108004812,-3.634540808174823,-1.9300052739679814,-5.108677275581881,-2.7840681376854084,-4.514795811701459,-2.830002347345033,-2.8446845712525017,-3.667311139697916,-3.1872858945651434,-2.3922393878838046,-1.916216871134655,-1.9467398607289608,-1.798021969578055,-0.15300622922634793,0.0635274392981307
-7.96539346654722,-7.952329063532762,-7.845626071242997,-8.319762443123716,-8.91125019776972,-8.3279601280449,-7.992413447380323,-7.741562985798332,-7.383286426452444,-7.190303304393494,-6.771558333986628,-6.289522276627281,-5.5410467100052845,-4.3321982204903335,-2.7033581209850497,-2.3384350651251675,-5.625267188198971,-3.7190184609243935,-2.3432760691817585,-4.422665520559814,-3.1246230045156818,-5.35919601073104,-3.466523123457324,-5.239750796851643,-3.9881888613835694,-3.5134398913085945,-3.301458852151711,-2.097837725301505,-3.3313591778666645,-2.803483159537288,-2.014462526336864,-1.3474412892052032,-1.571387202373478,-0.5867338774058309
-8.999647125033947,-9.294825149396292,-9.580250772045256,-9.562618475501939,-9.457641844437747,-8.899834489082364,-8.650159957552203,-8.770964992654143,-8.625487180367227,-8.497017547536018,-8.423375373469172,-8.70119787992502,-7.01234846406019,-4.37953645790075,-4.415380188926953,-5.773032592452922,-4.545700139772434,-4.042492166862556,-4.821976908266814,-4.7768003006495725,-5.215982868687567,-6.091403340515785,-5.72747725511874,-3.8245965156011117,-2.532885911952118,-1.8136401191709577,-2.0219584387764473,-1.5174519870836962,-1.2200240700892744,-1.4970316192527993,-1.6559871372781314,-1.764404255790126,-0.5569054825624368,-0.2718898125394635
-9.79440188798128,-9.903560758723296,-10.23569433450863,-9.730701184514462,-9.067108874101821,-8.774025903562059,-8.756064533374666,-8.839638840906293,-8.594909034607268,-7.88343602725373,-7.169051862600393,-4.592536992830875,-4.060533504996385,-2.243327509341306,-4.748829780698116,-3.6166593326133953,-3.425892201601118,-1.2078797463760433,-3.0036227299042646,-4.1373136998114335,-5.400800834724534,-4.913356490493529,-5.409619970842098,-4.834059474563193,-5.902077679339178,-4.787468452744166,-3.9122736234467834,-1.6683706357844124,-1.1733400204252227,-0.44694841535801405,0.7244955983139783,1.5480924307227193,1.979847241150448,1.369318793650822
-8.904189053690828,-8.874002190406982,-8.388487645394537,-8.132705199954355,-7.825330438723561,-7.733007973744148,-7.728448424103113,-6.862274177932122,-5.847539156484263,-4.237459524148565,-3.579670706480754,-1.3490562726310522,-2.50267863676462,-1.103933690980095,-3.3186902353691456,-0.02510444432014002,-1.8117635051493186,-2.585312375350019,-2.438352161536217,-3.261602779336081,-3.6327628734579833,-3.337858238828869,-1.616036036517127,-4.282473006272032,-5.362661246138122,-3.9116026277947378,-3.829726386670965,-3.016108901655011,-0.7970762251857582,-0.00042635222803170773,0.7249771087554913,1.905243824648496,2.038609013860489,4.051149519754835
-8.019099064232847,-7.661383703907684,-7.486233913698204,-7.136920609917626,-6.7821191803031775,-6.162072192786667,-5.631104558666439,-4.995660310350069,-4.757983524858424,-3.3352118988148387,-2.0571173607797384,-3.5445384925282433,-1.8628304710890606,0.16083849173375034,0.0012082940924710186,-0.5740517007258016,-0.29587702406221844,-1.214639506797642,-1.6467972768985177,-1.557185568140977,-1.6594678401675518,-2.991624868185803,-1.0554884751041944,-0.974375426176336,-2.603502733099444,-3.680683579444226,-3.5673233111928364,-2.6724830899741905,-1.512040053162462,0.5323529698790612,1.417611681348926,2.2388351260606076,3.521848580722297,3.9924856907997555
-7.304628500190585,-7.013383534664252,-6.8809867119282355,-6.385226212295827,-6.009978508793283,-5.19411868926372,-4.507886207952715,-3.909773937906409,-2.1133210055767035,-4.214211170910921,-2.296765126547665,-0.9172176282492832,0.26918729708925715,-0.10585417267093122,-0.1670845329273096,0.2924807259251848,0.1344510297770984,-0.8144548867598348,-1.4592360944884493,-1.5838024942917424,-0.6868885026754185,-1.966190533240877,-1.3675496908853373,0.08238455386096497,-1.0431838964552378,-1.8808880233736156,-1.146372215860886,0.0046459970149167855,0.6908332090886123,1.1693290520145532,2.016261723087988,3.4300787079099693,4.4311752034804215,4.3630357984226515
-5.654455188341608,-5.146980260662817,-4.994516523921965,-5.036040045762154,-4.809299924663258,-5.356997545613237,-5.0592158213905,-2.658468420011898,-2.169093672625777,-0.5621738454230172,-1.318332804670761,-0.7421230725322713,-0.9921024710858661,-0.36345225655131747,0.06095695817712603,0.026973923714184285,-0.049605721599323936,0.0390380075705197,-0.2418123976379294,-2.5482963521900075,-2.1741413357751194,-2.8600951699440715,0.39624493470477923,1.2596038743919813,1.9714572619528612,1.2722636687555064,0.48691170427782243,2.0865768162185643,1.005549678560909,1.3711425131554307,2.196117466645583,2.5771922518113533,4.33055257640565,5.044776772157507
-5.816379233619929,-5.076646165672304,-4.5416695835917835,-4.969892415029521,-5.955916046269099,-3.5853872405728664,-3.849235792603968,-1.0397193324631562,-0.7475726580101242,-2.089083927459198,-2.0439280360908527,-1.6653581057190907,-2.0028200485054093,-1.1475765649521616,-0.7288389987940836,0.5322576623059372,-0.4609796259553214,-0.638850753941394,-0.8726888681388251,-1.7806743833649175,-2.3570468864589693,-2.186983147412559,-2.1668295942350504,-0.6235911342407401,0.9099994612216247,1.56763510807768,2.9775135596304194,3.270627342615258,3.59516615404403,3.717992694411453,5.658427175472851,6.483190396609997,6.948883929086951,6.570123429078363
-6.227298062606729,-5.427936652819616,-5.206231805080876,-5.087611785033402,-4.166715499091617,-3.20597299666424,-1.923468861586685,-4.185921703327154,-1.7529333643308702,-4.581048989232321,-3.439903715876777,-1.7884377536223073,-1.3782398038002412,-1.9369551462784202,-0.40796253635912383,-1.1417749033752655,-0.09641767993522236,-0.103427046997835,-0.9119238986861482,-0.09209398123625336,-0.5041778385508947,-0.27205950220925273,-0.787683977407736,0.7289028140138349,1.303569251655393,3.4828028729735725,3.499534231441661,4.557939054129262,7.477923323767843,6.651304231608038,7.085573359592239,6.595865158346842,5.788404963365041,5.473483700160217
-6.191493542344619,-5.027841321263086,-4.151685235367178,-2.933930918239148,-3.6028082699928388,-3.4404461797372954,-2.7563775726941437,0.06023364538998203,-2.150918649096744,-2.3559708556114596,-2.753989454206342,-1.9031975491241857,-0.22603938683910946,-0.38887989103439996,-2.122011867694789,-0.8928696756695086,-1.1797342084143814,1.001141111854717,-0.4562989148200345,1.0050440439556498,3.002982397877709,1.3904674879763204,1.2742845094073196,3.432927901189934,4.796572546790618,4.3593540642004385,6.799712867271402,7.8987390985464065,7.295570591811354,6.3263830803106,5.724863226082899,3.835578582403252,3.762796179095684,2.9279357941423165
-6.349109794335372,-5.2672530029296505,-3.9797668689692136,-2.70263469588903,-2.701237727221801,-3.9253626504926786,-3.6866317234974484,-5.580781942702944,-2.9782625391989916,-3.011463663776641,-2.4195187758996357,-3.1221265762286294,-1.4283143471914312,-0.9064120135854551,-0.5371890196813962,-1.7252658354963513,0.35828494590540755,0.2551275949430504,0.41288736720677893,1.361635659770634,0.9623503093743997,1.3641544588396355,5.20859982145274,6.043595588442493,5.367348952289893,6.896673829496404,7.004284276048134,6.60751544408013,5.513372446392887,5.623465472295137,3.303547858721436,1.948011968390987,0.6183952927352717,0.8156817789543859
-5.488044406178932,-5.333770429611496,-5.006991457694248,-3.6686079423225304,-3.8834453559264563,-5.982615745183439,-6.199118899012581,1.4224000663018872,-2.6907187712100638,-4.814234899893277,-6.0091303834424314,-4.837057665744195,-0.9214557760445193,-1.6607377801139367,0.8217890660321231,0.0920802052169734,0.31143979020579704,0.787928739767034,3.0908727360238895,3.406768764234745,3.3077957335540455,2.776611433751789,0.888309738953826,6.147225523610095,6.631640071163647,5.643394038600043,5.67363115914161,4.107199655726679,3.833039482527154,2.601188361578159,1.2952173604330544,-0.602488779451733,0.3909805946148535,0.28406167484117273
-3.926205583147087,-3.7652922432629996,-4.554065467117938,-2.7253511536577113,-2.212392597393991,-4.984653309609645,-8.754994371644678,-6.783451395482212,-0.681229215618613,-4.4200220988240275,-7.58041385445865,-4.916118458794392,-0.4300305554462357,0.0303919844189062,0.17744166276542933,-0.4295246889992201,2.2592858696411113,1.567156150343831,2.8089143617887764,2.0605550111316857,3.763202454819863,4.378296036019139,4.373667434093068,3.8414889937495573,4.1206225602300774,4.138523983398914,3.0546386697015184,2.2112393365733447,0.8366934193141349,0.08844993017004892,-1.230445030280497,-0.9529297169648978,-0.7995617530435435,-0.9041119586521468
-4.146954207456556,-2.9674126614644427,-2.1181161273497047,-3.339174029560793,-2.567596263403616,-7.452088305601062,-10.591581926113838,-5.622318600594873,-8.710983560308009,-9.51079449084019,-3.5998288115907506,-2.9766575444969163,-0.5559784173423296,-0.4309728654409429,0.42054879582986165,0.3533016989792354,0.17945580786039586,0.8024632594637408,1.5658112785089193,1.4842614311615816,2.0946847606224197,1.7890763325741874,1.9101614918830878,1.5572127476352706,1.820660917580216,1.2467402988026415,0.3445978223168787,-1.049956141086057,-1.865953901331601,-2.378729787743978,-1.6957693768027782,-1.7177471922578313,-1.9413865754045037,-3.4186641105403264
-5.080804224701021,-3.708353283956269,-2.152026062758555,-0.9439524926753972,-0.37411533256141966,-3.2288558709028865,-10.172329586269864,-8.160143418111472,-13.278699739818952,-8.679711399034545,-5.357513665559063,-2.546369742683256,-2.5727772061669665,-0.9924106993924521,-0.3916851645799885,0.6007037420360469,-0.05298806670249224,0.23310965271181983,-0.6458792373557966,-0.26328820162201544,-0.5969910911064904,-0.097943472436309,-0.383824368111534,-0.596446862819482,-1.5910461933895919,-0.938834118895395,-1.8046856273827998,-3.041774319160373,-2.8724673411801347,-2.204560758346845,-1.1435301160792113,-3.1393217837508907,-3.9656106653958925,-4.549980965970143
-5.646380803616733,-4.802095659617667,-3.067309707435877,-0.8369603720006011,-1.0337671618111783,-3.800065712941756,-4.157700562897717,-5.34792214392939,-12.404520232354718,-9.702086628937444,-7.803132989603236,-6.652278861790001,-1.273297104552205,-3.856834162692237,-0.5418460445621649,-0.41282318551339237,-1.2670210268426634,-1.1626856971003154,-1.3720330962575709,-2.031422055988195,-2.0512186810860724,-2.262458164546891,-3.1256296381102406,-3.294158545598462,-1.8800534191309595,-1.3919446413579717,-2.495411753263144,-3.6614962795949304,-3.8668525692141733,-2.434374630989519,-3.882265765623826,-3.5474037497190616,-3.423853554138506,-3.2142349663763263
-7.157766590869835,-5.408899483082609,-3.5350925470432624,-2.320739114597371,-1.9932584587535391,-1.3657592832867986,-3.7293498026570213,-2.496487014426746,-12.637362167510586,-8.658567333634181,-6.865148873720288,-6.807986966457012,-4.312076111363365,-0.8995335672139715,-0.9536773640062409,-2.017773287082362,-2.5625849361907282,-2.4257018972104665,-3.2613025870222185,-3.3040839164523015,-3.271842084022983,-3.7170745217964347,-3.901142101074674,-3.3753652146349133,-3.2893245611951083,-2.955124313699526,-2.9286927367569984,-4.077134865008272,-3.7427967682758165,-4.294216217734807,-4.131220866164949,-3.4648464170507856,-3.2311518422506875,-3.767616408176229
-7.90535147695769,-6.13492390718168,-5.559655627051618,-3.5223578640755293,-2.4536858495053777,-1.2782968366285445,-4.819580972646988,-17.570414432248324,-14.714919858947958,-6.996479438669164,-5.343123913186548,-6.689351145520746,0.1993052653750558,-3.3308240317034996,-2.3882709826671573,-2.328061979114482,-3.965021678342173,-4.79022477347493,-4.9668029539869085,-3.246136312274037,-4.255279454321984,-3.1688075419659976,-3.894406893256994,-3.5264714717389745,-4.333520680375237,-4.429592718471246,-3.627505480156175,-3.49117964435747,-3.2537305340923424,-3.855012538383396,-3.952271513179501,-4.307079250143487,-4.926325775840764,-5.500651218863746
-10.847380258104753,-7.455497835252092,-5.486640123423728,-4.271860786225321,-4.998424531717943,-8.800754364107974,-11.44488306980838,-9.067227001390036,-14.818098526725487,-15.174909718161764,-2.9849064762653117,-5.478106105195123,-4.614299481944108,-6.359229258348887,-4.789034490984673,-5.098878051795362,-5.134925053349174,-5.3799901780334265,-4.824601163058966,-5.543825915712755,-5.683207144263201,-4.241556176205353,-5.003434570588012,-5.38214293780316,-5.139156683610766,-5.158039538593121,-7.601797533704927,-5.529807238966236,-4.42698105981162,-5.950482122342418,-5.517605118992522,-5.892119097513209,-6.522807379398788,-6.91206302587913
-14.032780687885799,-11.66967263085769,-8.578121070613998,-3.6107727510116727,-3.8692285645434534,-4.38172682733196,-7.441397817103924,-15.147688770161807,-17.459018956402787,-10.329911820682158,-5.011626433570908,-5.021879101916793,-5.837364679468857,-6.635830168790314,-8.238087916351793,-5.33092736842479,-5.984391036144503,-6.711351036171109,-5.752201969881587,-6.24580699358837,-5.878121717910358,-6.246312418988495,-5.308504717057541,-6.129347245824344,-6.694071799287566,-7.278638973305002,-6.903736825262296,-5.636437127183941,-6.935128367621791,-6.4727019563776,-6.068940881555045,-6.673580161811058,-7.849682199038801,-8.292409586291393
