script/wind150m.json
{"header": {"parameterCategory": 2, "parameterNumber": 3, "lo1": 6.000198445256149, "la1": 58.999992894266676, "dx": 0.5, "dy": 0.25, "nx": 22, "ny": 24, "refTime": "2024-03-21T13:00:00.000Z"}, "data":
[rows 0 to 23 of 24, columns 0 to 21 of 22]
-5.2968933964150855,3.4836948747434375,3.0177931440241004,-5.739832181841616,-6.460221485986957,0.1826926300375163,-6.790350434272837,-8.256999708433064,-2.521569678765351,4.9116972312769,-1.8577105074849165,0.8140109166860867,3.5191468066526994,-1.5696324506907187,-1.3377286643871764,0.6782565975148714,-1.5713802030794275,8.812659557591079,-1.5230212136393972,2.9507446363948544,-2.7980366045722076,-3.9697751297110417
1.673172077124394,0.007394441113685423,11.083079915570025,-1.7867575218202127,-1.2519811472867666,-5.289092639156998,-3.7276444189917175,-3.555806074956335,-6.092768057507233,-4.8276298653680945,-5.933912426806357,-1.4990142177604602,0.7619033434548769,2.49397092836241,-3.1499669179141097,-0.378626407908985,-2.7068668309771975,1.572196279387633,-4.057092220312956,4.549141817747091,-3.15780549081445,-0.5936172303240653
5.34158220881828,0.8980578372407344,-3.7831900424637688,-0.5995392282515052,-1.3208484423952624,-1.3807478027895623,-2.274058149713273,-1.1204761066029343,5.53856249870797,-3.5718249817845518,-0.6212736722263925,-1.20970662128531,-0.8683962617679609,1.2391166827847644,-4.352282855548776,-2.196007347717142,-1.5365476156038984,0.005812296452402595,4.51898735443306,3.627661113552369,-3.1525415034956947,0.19253199202804624
-3.3921724082473235,-3.833861993192281,-1.2472532569330612,1.7031710385578571,-1.0506707855495618,-6.1897225123587925,-2.746282503842571,-4.366910223415268,-2.0438539058164427,-2.564683312487723,-2.381660626784415,-3.465427086519728,0.0029016000172436634,-8.64189392401192,-0.23918314744794292,-0.18424567736866518,-4.578535876285849,-0.4505644527948799,-1.976897927329923,1.5938968555103463,0.5089336446024622,-8.002471627035
-3.367108974274746,-2.875297497082851,-1.4212527708690799,-4.773260044647946,-1.1290378775009982,-1.4527257001636809,-0.10644072419894329,-0.09005320368686216,-3.317621614083604,5.500988026815152,-3.096477963143505,1.287778103601532,-5.334266338653025,-0.4794793234019943,-0.5782252015744718,-2.2997216546296086,-2.822808625752843,2.3942321657950663,-1.6004265429382845,-2.152930785225608,-2.5819219071237836,-6.183228273141364
-5.109440687704213,-6.859449424923184,-2.9411081622959867,-4.342702679201611,1.8855334333847957,-2.3679413467640513,1.1841000088130884,-4.36244913962053,-0.9116281417114455,-1.113221242508049,-1.5913312705221965,0.34319867249294633,-1.0241260763450981,-2.940196225490423,-2.1971746465359554,-4.02297151616088,-3.306117893836424,4.318509060772707,-4.343208404759284,-1.5652428312634836,-5.700231110861214,-2.175630285933303
-5.536512715068182,-0.6233246159492052,-0.8637286480105201,-2.7956285454907217,-1.6672967067018556,-4.7516047410118345,-0.9987932090068667,-0.32387510656903357,5.536079095937042,3.548096513761111,-5.10621674696391,-0.8713833960003208,3.488920053241099,-1.6333139619180452,4.432772392529467,6.006715083104691,-0.507188399327426,0.7305678767681879,-1.9421992511095365,3.4246804468826184,-2.7758861262731145,-1.2704456240200221
-2.9323277657952773,-2.102514207273145,-4.737405271794241,-5.144412967673338,-5.580508450228931,0.4802684776781528,-4.466866395379785,4.754185993208698,-0.914134244386705,-0.8937720812850127,4.055539622008273,-3.621920480079294,-4.323816011662931,1.064959771554061,1.6463710708854635,-1.8357272620128795,-2.450223412484149,-1.1582960833648748,-0.6269268824369736,-3.09426012747141,-4.2142160082594335,3.883348839142925
-2.67672760193525,-6.2481261735144775,1.4179962615261152,-4.105329492271201,-6.576613338215809,1.23271816564554,6.993202160932495,5.127741142431148,0.5552289510791709,-3.46275885486218,-3.3568899539268076,5.571043619185929,-2.413037349002676,-1.2965753400565931,-1.3567929260333809,2.29850268939153,-2.096332515970627,-1.8973126711821384,5.400877957468475,-2.7479689421552473,-2.01717195850967,-5.476343807798374
-1.9976801386072873,-6.425478767092407,3.5757121012955055,-0.18399020230822402,-2.253554143148478,-0.9337474335287591,-0.42578286797502507,-2.449170325559107,-3.642467628884615,-3.8288509984756325,-3.2146944759234133,-4.120994327903799,-1.4076926985571827,-1.206954648900345,-5.137543852323247,-2.810383872955247,-4.741203622311627,4.138095444253587,-2.711834657762366,-1.0370178839615847,-1.5741158141145521,-0.43643239606647055
1.4198522842555406,-3.303951775536568,-0.31241603611030655,9.873115867912022,-1.9134852532722355,-4.893284898468002,-2.9244784114842908,-8.084035632532178,3.631453372883892,-6.852733075332623,4.02359849670359,2.7783324588030363,-2.0146637743807263,0.819851246214097,8.326910535754672,-3.7565819435680257,-5.6756792853317934,-4.406534242171285,-3.1365088359283435,5.2536187739817,1.4981239061716756,-1.405275390207811
-5.373811247526104,-0.1798942173173137,-2.6196629588125653,-1.7669375469057542,-2.1254303566752193,-1.1559341939480259,-2.3455089808737144,-2.49932039120616,-3.9513595856852546,1.7260737599663,6.330137793946437,-1.6521552062269933,-1.896537099179678,-5.498564034984886,-2.8472486229611578,-2.7030080963002434,-0.5898796750110676,-3.500963565983528,2.7822354572582744,3.4614984638182693,3.6179913462627855,-4.595762776530022
-4.391066148668057,-2.588991005249212,0.7759529742395145,5.052787480437253,-4.870483261791699,1.8494152416311478,7.031673720995537,0.3802519475517207,0.9453488181608702,3.8823385076568098,-1.148118621685182,-5.186829039831884,-2.173084539172501,1.2763191772201583,-0.2758984512991198,-3.1150837965898184,1.8474083745653147,7.0632522259795785,-1.5729447625773265,0.052777592471504674,-2.706661020475785,-0.3893975289165831
-1.2446917701501192,5.313297347700083,6.788508229936664,-4.9157526633688535,-1.6596409405512704,-3.883757405121217,-2.870677471224217,-1.170376936565805,-1.398089057683596,9.500901728900724,-1.719741809335074,-1.7767994266145084,-5.279809810680923,-0.3699002815582284,-1.5899952248581009,-4.582135481915218,6.619134579219641,-1.0116505890812095,-0.18851703297289274,0.06428910499855285,-2.5914777742719166,-2.6586280486403204
-3.596858469670655,-1.714169624087163,-2.7389506104071,-3.4400506044467836,-1.0996191763382857,0.5424129675402213,-0.9376838218692044,-0.8033353501299093,-3.8384529374916827,-3.6897333465249926,4.785566547972737,10.6747123049219,0.88115478898167,-1.9663204047597571,-1.803123828944377,1.9542693063450691,-1.3502902241190733,-3.6983619713899207,-2.4740843360212477,6.845567466333429,7.867067773881892,-2.556515692854708
1.3590611722188535,-3.8598522419961747,-1.5096584483547568,8.201086920433529,-2.2306929802396795,-4.545996130529122,-2.308650099513244,4.913776734774482,-0.48350966346796653,-2.6238504272892516,-4.571818015250864,-6.70382438242922,-1.9713377172480642,3.7851801614994094,-0.9477479338172132,0.8300379936754566,-3.892864848413884,-0.6899097223446242,-5.358374655083052,-2.804250556405763,-4.187376181882419,-2.028821469719263
-3.761246138023712,-4.971781223595341,-5.199454329788024,6.629377145249926,0.5591903878286081,-1.623133409373988,-1.8315465974543341,-5.061513554393611,-6.968200089660039,-2.4174851475187853,-1.8570705261803917,-0.8428330813707692,-4.623282721891305,3.1821868736956476,-3.205920436522818,-1.8956171374842088,3.311947020062267,-5.605852249055532,-3.960692121217788,7.6851338567089025,-0.8962413762463335,-4.0913142583737
-5.465055527902106,-3.7833829959784877,4.4873741405160334,-3.343200259211004,-4.9342758549613555,-3.9702050040893044,-3.7809605350061974,-1.3477056543224832,0.8428840956509019,0.7026243126936523,4.751801029873794,-2.9360804509216023,3.9991937005309115,1.378911521607907,-5.700457962371825,-0.5503158259084585,2.740912126150221,0.47019685075888756,-2.9190028994371966,-4.048766326349334,1.3490228612322437,9.655032953854123
-0.48813085622648017,-4.138601330136094,2.8937790554669793,-5.1130990067125035,-5.586826581160122,-6.024206408956116,2.885168035724976,-2.661893923103278,4.658338349832585,-3.7150892850099693,0.010463280211272987,-6.446218706328965,-1.5103944668475286,3.9059407530403174,-7.481094742176807,-1.3348746673389222,4.275434011364023,-0.37845723679003307,0.4718472107235719,-3.052833044684183,-3.295404757376294,-1.3844821166443355
-4.8846684634547355,-3.211816343213455,-8.128777388092361,-4.417762405878898,-0.5870057270431326,0.016357997251821917,-1.8302515462958442,-3.4940605797610607,-3.988093154324013,-4.1420923953101925,-5.884702187634895,-3.549711429266192,-1.4750297578473301,-4.666105747852521,-3.2481449117364134,-1.1766452440687336,-3.2551172572141263,3.4304716624947753,-4.41703625871345,-4.38671548338183,-6.235320487002679,1.306995621054265
-4.922244440072975,0.13542805172925967,0.15310876358882805,-3.099453533416575,-2.7558995789130667,-2.3156557127427555,-1.0992647974752858,3.889556579770264,-3.5100323878156456,4.009895958395139,-1.5671290058744032,-1.1899798474528918,-1.802897154449678,-3.613328136786341,-6.355233675453367,10.002573829533075,5.023020911192172,-3.293507065728858,-5.090172647886811,-2.2701962234418143,-2.9401084920232083,-5.223591981156228
0.1841814681915948,-4.516187778672667,-8.124009976107597,-2.204425000695134,-2.6372610630451363,-2.2634816101933084,-1.9571869944412792,-3.4395537585361344,-3.0439125275630325,8.517143109363932,-2.0354463286134448,1.5035142003964548,-2.6466189519788688,-3.1656941429911916,4.4976598416803615,1.0626199188113956,4.177320799923747,8.7340390827634,-5.267906515155828,1.110304915015948,8.67179460423904,-2.174467590956712
-4.836424434731656,-2.1542018154996856,0.8868235076142955,-4.205621938650949,5.923996615145599,0.8462253220186087,2.125108351699725,-1.0031120025410567,-2.7701529200414354,4.771195370559991,-1.271109224567716,-1.3966530426007906,2.976500944201894,-1.9547461194569724,1.0830912112494047,-2.883428528525755,-3.338099438885419,-5.022963431952223,4.837260553643949,0.7249022165217727,1.5605659429372274,3.51028032976006
-5.727115529456135,-3.9932755166183163,-0.4371659541844844,-2.5669284649249087,6.3164618170836375,4.741158070838994,-2.3974916126197954,4.692614492614752,-1.894914333247011,-4.247057245669457,-4.217832964550758,-1.828417459199003,-3.4776967604778593,0.7142780817636646,-5.386083069538958,0.34079899878183106,-5.331408928532274,-1.7055754108971855,-4.032938051795427,-2.3561880314101495,1.0207557618114829,1.8973168919215233
