script/wind150m.json
{"header": {"parameterCategory": 2, "parameterNumber": 2, "lo1": 6.000198445256149, "la1": 58.999992894266676, "dx": 0.5, "dy": 0.25, "nx": 22, "ny": 24, "refTime": "2024-05-04T04:00:00.000Z"}, "data":
[rows 0 to 23 of 24, columns 0 to 21 of 22]
5.667641937182265,4.8261826081056505,3.8963899008177467,3.7274996333172465,5.406460707003628,3.2834142437296228,5.881904068239928,3.9899921494670063,2.967820046333106,-0.12616137756492493,-9.495704009234382,-2.8733303680731503,-13.366151521865683,1.073669587291147,0.7239913891483005,-3.8130830982107504,-3.8267610351990404,-16.363245810303546,-6.690391922858125,-3.4263885038272335,-4.495295383735246,-0.5697566551723184
2.1751262180184776,3.00248936510881,-2.6486437678254866,-5.653876653551234,2.9069461704041495,4.530882159544602,4.83949337213261,5.9515447618634125,4.498987292596552,5.246324990394351,5.8408158654470546,3.3879058032636853,2.645199472122833,3.138375021894938,3.034310869534082,3.8399015361579014,7.220571622497217,-3.7060823664255693,5.352073253836272,-3.4239319797579233,4.143552398787305,-8.522655944329646
-6.021324217172333,5.828569644943808,3.76842014703503,-5.39386515877857,3.4388800691499166,2.974779260331277,-3.084080606887818,-4.545958299101977,-6.062350819160249,-0.863781986758857,3.4050956062699163,2.9951502814726174,-4.359934154595062,5.268114130579514,3.638180773142313,-9.216085132881954,2.606043463651306,3.6496070162446537,-8.465383652931516,-8.522203328466954,-5.544115901773377,-2.7948028164870835
4.2497666783657,6.128829856988673,-2.273108278372963,-4.095079602628003,4.939541431590038,5.01244844330618,5.68677027934151,2.6738610412792743,-5.886494376088681,4.081411040271475,5.058852611102198,3.4772100254062366,3.7718253780908184,7.47328968338041,3.3904883708771636,-1.2908445566415176,5.205001509645778,3.630936669768854,1.2834939117208577,3.6095340037440575,-4.966164815985509,5.0775256496332135
-4.497452792276824,4.099606984881468,-1.239202712996,4.091818556838781,4.66863860804176,2.5655356456492675,-4.576553074281192,-3.2059737457668245,4.4534833788024475,-1.3893540532202537,0.17474528266411424,-4.2071229382997295,4.726056642134909,3.5452048778052387,-3.540734482777165,2.8214836449205514,7.118635362967987,2.3226507833542063,-2.1008540508390303,-6.03737208559597,3.8125688535260243,7.6359897617922945
-1.5283126339878346,5.573453836459861,4.2679317358292135,4.1866236237126015,3.5272479939288433,4.694893268036769,-1.0175249853641037,3.628845735118073,-4.349054212294738,7.3320462449773816,2.811416636535245,-3.794333976612695,7.544595273577088,4.030758236252207,-6.623528831720736,4.5181005104195835,4.922996378161678,-1.8279651558530792,3.365684205252289,-5.215320217324932,4.99624008693494,0.050520707602929364
7.990659964361216,2.7798454010172944,3.7417844962601485,4.212338602551406,6.508322708696007,3.811805644908283,3.76958005152244,1.5993620069556482,1.68292758723718,-8.232491757307141,4.382148690889382,-6.10086790437765,2.825827543892796,-4.84437035912445,0.6663289434416289,2.074584376974845,-3.6714588253097356,3.8682830267043165,5.722448551543783,2.869882124783103,3.437131849484586,4.473833479427695
-2.440305584867641,-5.148781245170543,5.819096823397685,5.7501012561014475,4.069447390162458,-4.5481447680574005,5.0413514770686465,-6.226765739973208,4.052380203728714,-5.482160326419781,1.4769548402695118,2.864698656031506,5.096563725078943,-4.348285829744694,5.237199335812494,6.233971813523028,6.566370255507828,2.4857007348677667,1.958090239740978,5.58228453964054,2.274113833288038,-5.1616253897586635
4.011269636919287,6.165864752835325,-4.584835777374585,5.088831403265403,2.7755448647650303,1.966959036871595,-10.339272327847722,-5.921392912743191,2.345738112058537,2.4295898397793785,4.883356222712689,-9.45705589981863,-3.2053692492159898,4.265252386974398,-5.160449443599514,4.950391420300188,3.3228587180572933,-4.06855422069402,2.3201347022606025,3.3876998989747693,3.110024096854038,4.349857734049245
-0.7290752373634521,4.753162926091297,1.8195969002077808,4.579892449324254,5.191600577704531,-3.4395263670788543,-2.375825816511969,-4.879695604224852,2.305809729703699,3.341914728546463,-2.078590307426677,6.381564356849895,-8.704625754561562,6.909634164490115,1.7092102640877278,3.2126772538982076,7.219013320932027,-3.5433814302177304,1.2943413827482633,-3.0477808818027445,-3.848362943171401,2.675249234884783
5.7132547740685045,-6.285438410139034,7.2938549648925015,-9.281287499195154,-0.09158078710393255,3.3780781447986343,3.177976847235692,4.646701077925943,4.213986650681635,3.980723846596962,-2.081041811274271,4.6217912135884225,-5.426391596334627,2.9569014541274625,0.8622774268262583,1.8268151566851798,4.883844794517783,0.6268542047540951,7.844489303558171,-2.0753904464221287,-2.729506321956525,-2.0202739527682536
5.5955644932043365,2.3371794104981127,5.401296196149585,-4.468303747435867,3.3510132213159434,5.29740177380141,4.178399359709929,2.4209534898347185,3.737215538270139,-2.5101917793520063,-2.5060415758897254,-0.07126536743614029,-2.72070636413017,5.219130757778215,-5.449346988309987,-6.42985449061659,3.3661195911347757,-3.7910061915604403,4.223733232546984,0.5304068623929932,4.240886156270292,2.7691766186745213
0.4113414993061642,3.6922809908635936,3.14388284136458,0.38949431215654223,3.41636033732356,-4.924328119950445,-11.98552579773756,5.265422061858445,-4.705229575971171,4.983477575642552,-4.889024825738386,7.125617948898968,3.6631455607513748,4.454407493383929,4.34241377745354,6.409481703600126,-3.2815068653035726,2.231798595173659,2.0789972151118596,2.9205495208408547,2.8277565239267166,-7.470361396969116
5.5912771340081235,-4.889283914836543,-13.699123311933905,6.956256119489416,-6.3304678310231965,6.163771382673694,3.623853490699781,2.075518511768826,-0.25354021584737674,0.987846542118587,-8.301686309404076,-2.203686968928754,4.942346649890673,3.6290865555038216,2.6661422141494557,4.5879476131800585,-11.38384339375662,-3.6341098508478096,3.4017862268849828,-4.4728044660120325,3.9104932482015067,2.804097373641008
1.19805171584034,-1.279406696427125,4.324690945599825,0.41063032576619674,-3.787069226018388,3.4928059808332645,-3.20960318046727,4.205628262918565,4.985426919191468,0.3277211078244141,-5.952705835603336,-7.035889217812264,3.489197836731012,4.0764080958513,-3.428663639168413,-5.734803943555018,-7.069909598896307,2.5927602323895877,-5.330149024540999,-10.428241539980776,-1.3383688224801633,4.002668679641832
-2.0215976265236963,3.93575688154839,3.593875110549051,-0.7840262604315085,-2.604702567837358,0.699185706699524,1.4067756634080033,-3.310815232545267,-6.641049679774011,3.1098170972159367,2.9434240615379172,4.055545265393788,-5.301530347813619,-3.583545621906046,3.9013135814270328,1.5338324356327333,5.566885386591708,6.81740143569345,2.8028682839106582,-6.782387319870708,4.824540295640314,-4.729298617131706
3.3328906049199034,3.6662159121514972,3.6902959739593437,-9.631124176909374,-4.563902037621119,3.5884466923559155,6.249780768697046,-2.056165156889797,5.905717969032436,1.0089431831619236,-0.4488240716238526,3.5514721223282613,1.549781182064617,2.6374228924606555,2.934909219002881,-2.6304358038361837,2.8661333470650487,3.143696614258873,6.257411318019217,1.50899783193014,-1.5252643346377328,6.277513542459836
1.5612361408955793,1.2283502037988203,1.756724182228312,3.353139647484314,7.082839374740302,4.139827076359946,6.692676004463502,3.0711591606272868,-4.525693869389799,3.3103747910768986,1.7386187210848214,-4.665103156823791,0.8739037587120368,-5.282453733514655,5.09740555088503,-7.276622666320495,-3.46239254353923,-3.577065566978353,-2.7968959057756932,5.395515390676947,2.294246123969115,-2.2094418799530273
5.870183856302142,5.735916741264261,-0.7262590380752315,3.7129855053993235,5.729511300160782,5.421291117017277,3.027217153818375,3.943451270634925,-5.676438612256225,-1.4526012585457302,2.936434356818726,5.230889662713969,-3.7504492871856714,3.35193042383415,5.745834527292332,-2.978104153559189,0.6766660535205581,6.7915690210356034,-4.524031972462141,3.7001277701638995,4.931268543737728,5.218232001073573
3.440914213640065,2.7403022044608147,4.468735612612228,5.807624894097384,3.65949913825594,-2.2926199482664438,6.559489935500805,4.20392110321161,5.715563225338879,3.024649307654093,2.4050354645049974,3.4770403402930103,-1.8170038956099495,6.300708992883484,-2.206152607716959,-5.483171607790723,-0.33650147612342646,-2.2163708349982096,4.910711348702319,3.19477164001993,4.854081170559021,4.27785055424888
6.6497401065340105,-2.8935369648920726,3.6965955889529245,3.330059158283641,-6.312110088494237,-3.508101336540124,-6.820274205071961,1.090656879985543,3.452397526082926,-0.1294540224769797,-9.182932040523607,-1.7084911254580857,1.530992289450065,-5.755658801754658,6.321770026056745,-0.09649480258097469,-5.888718405739631,-2.8716744522689273,4.7812776703060695,-4.501980970695833,3.7348631842217563,4.493055297363877
-4.642771837422048,2.083832218465817,7.245058227336021,1.1415968323049765,2.4659599674742685,-3.6915594914737104,1.3016433248578245,0.7885446619148692,-3.5574405377910696,-9.019399850728961,6.2297377842323325,4.692910892551426,-4.979083517259398,-3.425609519748151,-6.38802451416534,3.2393298897080647,2.0231800331492384,-14.13365317508553,1.6002941353767648,4.619128426843208,-1.2807222216996716,2.157372569291098
3.5053370317295025,-3.705669464369303,-1.5824358519161388,0.2857069450386894,-5.57317903557515,-0.552622177223133,-3.942607649641455,-3.537589603187667,-1.0843145930735612,-0.09697500289868383,-4.1455145703801985,3.4384253220420415,4.880902551621233,-9.021560815820912,3.917371366559618,2.8558145400109014,2.3044410166519786,6.497684864242547,-3.0984512186259336,3.6696579203778237,-3.3213220329209197,5.281662685335562
4.86327687011652,8.65570538038528,-5.666691056097736,0.43348561455811785,-6.821480177174126,-6.376545296373586,6.37646321575249,-1.4208626875930928,-6.3331850549992605,3.071495439138158,1.8773118278820164,-8.637208957886509,-4.545662351402813,-1.2642684862521514,0.5040730490106163,-4.471942695895917,4.521324774630661,-4.987241214243625,2.6759680381401467,3.440657690738179,3.012933305173407,3.107633685343926
