script/wind250m.json
{"header": {"parameterCategory": 2, "parameterNumber": 2, "lo1": 3.000054539987559, "la1": 64.9999836372058, "dx": 0.5, "dy": 0.25, "nx": 34, "ny": 52, "refTime": "2026-06-05T19:00:00.000Z"}, "data":
[rows 0 to 24 of 52, columns 0 to 33 of 34]
2.0282138595572525,2.361840425194994,2.789049425659658,2.6862865336804846,3.6640339758234663,4.569065057210519,6.689854648430632,7.755326737963361,9.801170288012093,11.335516990774344,12.862086456013158,14.432845441008878,14.251405317034106,12.674011915618303,7.117008810945426,5.232627627306633,5.140791946863861,3.546103678459399,2.7901565690304384,3.3861570037263258,-1.9958990590877683,-0.9805905625252088,-3.6123889314727857,-1.0320365837216354,-0.10403291096035971,-0.041105985420293006,-1.0650093327866357,-0.6726014670666977,0.1320147094619733,-1.9886742206874481,-2.298809549931329,-1.9965545169247547,-1.1015519100934674,-0.4731955644179255
2.719037921055883,3.299188582730906,3.0438446254560136,2.7520352844689797,4.0162657549895995,5.775745309802232,6.007955145888727,8.013526739724904,9.402887688003766,11.412696870899737,13.186277185598431,15.174560633902628,17.62947312431591,18.31821608888828,15.204588714554935,11.338541534445433,8.849792652262613,3.345631193400461,5.034449674435298,3.941673098580443,3.5323582759453687,-4.484240554509462,-2.3630142025479146,-2.841598195479807,-2.52519742138164,-1.3414386216248535,-1.3618611929865083,-3.049320920658572,-1.131828821108873,-0.7398492195188731,-1.9853286215404082,-1.181830643836286,-1.3202049895442298,0.6202172608304806
4.173837240506822,5.020749855187049,5.234641861793761,4.731241313335363,5.010627699592914,5.284336703811363,6.678001073379869,7.302249196554269,8.307392667455511,10.068635525215951,13.507694560113483,15.16407061391508,16.332602222760073,18.333327183163632,19.117872729795153,15.4403369226058,11.140392451462805,0.12305468405741078,2.5729830767995403,8.239661567946461,0.42329539221532286,-2.2959514183542007,-3.1790972287961945,-3.0154550088737224,-3.2821196082575836,-3.067904671143778,-2.883936766018771,-1.924486402507697,-2.5601703704525893,-1.3863549486829099,-0.4615799656535335,-0.6381231739766674,-0.6613969204214015,-0.11635744923951963
4.794922816730027,5.249377117667235,6.064367057822755,7.178644251266821,7.813696259463126,7.4939091001765465,7.988784077221599,7.8082703997078635,8.885981711951992,10.706675910711857,13.006726216206493,14.501908357864833,16.799282020876685,17.898309557959124,18.555350539360713,11.992790462291982,9.571275694527566,6.10089889295925,5.716098133979929,2.9317373349852303,5.617195509743895,-1.0794854735431711,-2.190505970123321,0.14100592672854817,-5.653359524362056,-6.080945336973397,-1.9250074783504114,-2.7264610071600806,-2.0611713809214156,-1.0335233573854368,-2.332739795968753,0.20129916299899367,0.39357424628528603,-0.5548622254944064
10.15254689839375,8.852798306126681,9.002811426317594,8.8027929234549,9.070749746819908,9.381593059209159,10.057393591041347,11.443761920610346,12.67647460459398,13.68479863260846,14.367295322074522,14.84486910183651,14.830110532039816,15.34739993599275,8.350753640764662,8.519393219421376,14.45938600845686,7.637509944063393,4.561371256521638,8.826887801944387,2.9406647923103666,2.897870191203885,-2.647968017474152,-0.38409942133893027,-1.2485762451172844,-2.715706824575473,-2.6850852278889543,-3.146328387538189,-1.8963264109272888,-1.9171705898923026,-1.7949107011437837,-1.3245855923216943,0.2512961921758627,0.6111173574289278
11.373670771924274,11.034557179917567,10.512494753280643,10.82623478332143,10.554361960163263,11.413711401367829,11.377209519886279,12.116899384600922,13.057697868338638,14.056718629491161,14.582015834742437,16.080365980932857,12.810864644415025,14.552977874889029,8.04434952156609,7.989738877719292,7.875960717926555,8.187289136943749,10.196445060679794,7.417680320819036,0.9850891163916198,1.1376963209448399,-2.224383413966008,-0.4104120681542429,-1.328931199938815,-1.3399924370091036,-2.0462918618292414,-3.631976718870819,-3.4612195803756225,-2.9379946028627058,-1.912929202464151,-1.4122975503335946,-0.012634491152994276,1.5227750409091048
10.35472468184735,10.074724205118391,9.70692280003689,9.637882530681418,10.159421337396758,10.524313575474695,11.314327939301533,12.696311462369605,13.41491557288392,13.638492716811536,14.50545373619241,11.913644963765739,11.398106539702892,10.493339738990507,4.782606833685197,5.368967918500674,7.082003744029771,4.430264180977047,9.636854526737826,3.51576242935652,3.4005821623385177,2.318732502820735,-2.143385432459855,-1.0138012636067115,-1.7147726537340457,-2.088952250015629,-1.0888628642800204,-3.077363379980482,-4.2682845848048325,-1.2282185576845899,-1.9606842330047383,1.2296877145141345,2.1535840281854375,2.795055639634845
9.595523695027163,9.412077058205185,8.771103557034964,10.125420750336346,11.558487367079639,11.784859627812526,11.989200304545868,11.844000967717376,13.442596877356506,14.937718922635945,14.420475682047524,6.507136675713623,5.416810291943248,10.429400874594002,4.98562753343068,1.909841433735385,4.437838421014553,4.78333754075157,6.148575724270633,4.947582364374173,3.4894817761294847,4.602083119935653,-0.36464038148046296,-0.7021441166244508,0.4359918070204155,-2.9895477368620478,-2.9695017462969493,-1.9426284327442704,-3.5156449553444653,-3.077285119682886,3.6796712934675218,1.452222771410597,3.3029314447606364,3.762082236236845
9.66460942655918,10.562451722729342,10.020386391764099,9.353030392040983,10.60218309546401,11.118966687001091,11.484861952892006,12.375550643091087,13.063087973272571,6.975857492276362,5.889677503952551,2.7343983290992226,4.481800079934091,6.375035089813197,5.727237398199426,3.002048259618924,4.100351034458145,5.660160671979754,2.900052806646847,4.990985303186749,6.556119826138842,3.327761847666349,1.4388035650639632,1.0094586868230662,2.3075734142924125,-4.020695308875619,-2.923622202283516,-3.2536645544039398,-1.058297707185125,-1.462292320307666,2.6001700879431433,3.915835668868171,4.385582879431538,4.481813195488326
9.805228108427889,10.265959987489197,10.131916684771369,10.180170913890727,10.019474434622387,10.366595952700562,10.025002391446309,9.687605895280615,5.197356050082015,5.701472519217647,7.3192593123302,2.707005646994348,4.7376999476334865,7.418743908251807,0.42487343858931503,6.207928275466119,5.251322918131376,2.1482519438518577,3.152694246774866,3.3758962487672433,3.1963464794641703,3.8953838085913888,0.3086257545824533,3.605575233375288,-0.8914830214752217,0.917066854815957,1.3432834275663104,-2.0129135624585666,-0.6818247540290701,0.283634545055182,1.8179025473975265,4.1916003461456475,3.6247693606926705,3.7452506576600335
9.453695545839501,9.29785291548089,9.827683390696146,8.970004259154498,9.56691824483392,9.568064788923696,6.669726979066323,6.457532826077185,6.951561096874787,2.140142250137986,6.167772233783144,4.906353427898349,5.03820130155155,7.738172062481959,5.496314761974659,-0.28645487039102224,4.114553277689644,3.533510867258019,3.3991247415661205,2.5551666011356478,3.635123539688682,1.1498778253466815,3.556578352849744,1.1864888194902143,0.3454586841057721,0.5561191525080978,-0.5637482243426459,-2.2866199940305174,-2.0727715426548112,1.4666009115730545,3.8544625695542196,4.287249688422651,3.715569803675826,3.4458211509346284
8.457335899359109,8.777978746438817,8.841829949766804,8.197568516056174,7.683133438407897,4.7739264294045025,2.210879334129171,1.8192680120795102,0.6024136144504101,6.284497861487061,5.389098207061653,7.165630855871744,5.302303939121649,6.299171282428012,5.671365982094945,2.6218153777119517,0.3854972076106704,4.018151946703088,3.556290773106028,3.6316571806808686,6.02374614481041,4.011481994740323,1.9688114039960016,2.997206349225305,0.48955170027051637,0.25705059887837534,0.6171515136672796,-0.5840867314582484,3.360959655753636,3.068657305063271,3.534212753322231,5.21916495030813,4.643817378838018,2.9994973500899156
8.807336237775218,8.358348608371822,7.017079739772247,6.071879223463885,6.336386901721946,5.044722876643364,5.310439145750616,4.536523356582338,5.213519426561736,7.2672293432818265,6.1567203487843765,6.77988015178425,3.8557677792638483,6.2182402096997595,1.2133650551834403,5.146280958688033,4.694465271707206,4.88841417163701,1.6121582070860976,1.2715289286576914,2.2373103255976114,3.296404538187742,6.112760122023053,2.8325939017536133,2.6333080914816183,1.4081150510415505,2.4311878440108226,2.5826788701355468,1.6601976777338188,4.5472514837921,2.170514776352004,4.064739361570274,4.481032773865526,3.178116752344182
8.441184131343608,7.481792090191074,5.967922339912143,5.0875204644991685,4.092945632777203,5.838903857695105,7.687993556271458,2.077090035270441,5.780978541868443,8.413143358916884,7.215492561561597,7.207099381203598,0.6439162270245554,1.7028213926619267,2.748638792966889,4.6847310492917735,2.4094062406661543,3.7961599200124048,3.0059657386596985,2.4645661591095114,1.5868612980591352,4.35244958431706,1.3428591537776888,2.9145243524157687,0.07069814187148507,3.6234810937299464,2.27879479269363,2.969280651658929,2.086702646934196,1.8878485640037375,2.2813994204443016,3.5091891620721225,3.169130301330598,2.92014297999785
8.91794172820097,7.632061379259412,6.005825735972185,3.9636395529023476,2.869030662406878,4.23313649351995,3.312450175298476,6.237494680490853,4.0212545275208536,5.24773060239613,5.655944911555033,6.66064960478102,6.958222419509494,5.092743585079972,4.192498410013514,2.696017361791362,0.6947145594692773,3.3115991614249514,-0.12136773618098706,1.8928265772641688,3.126604265575969,2.8542124799990125,2.2606936200173333,2.269347537243562,-0.1947103506836255,4.70841674550012,3.585227395433487,0.370999871141889,0.7879659690024078,2.0119935410104968,2.7182035308423704,3.5703839362508196,2.8481090387725327,1.850251462732902
7.5364901094420045,7.087916890043918,4.0397695160056015,3.345667641557845,1.8722510354113573,2.3240325417759915,2.7133571068297226,1.2294393214463442,6.9697047988362355,4.968155479130932,6.661168939166261,7.119694478524385,6.294757698813514,4.172564412016601,-1.5732732675388812,1.9483753282663399,3.8783235152848805,2.4463829822666967,-0.08199284803541439,1.8168034718539425,4.800007691345526,2.6748117881269033,0.24428708224044743,0.31808152313401056,1.2661475272787635,7.360885290022399,4.608685634374965,-2.3226048026516763,1.0799394897130028,3.7549466559976232,3.493529628927312,3.6199162317934332,3.2545974546824046,2.551648225418391
5.472691758087602,5.713599193143598,5.1782479149089,2.205272732182959,2.83671207160434,1.1604488770038872,4.51878358782914,4.255910684818842,2.3104920006059486,6.39217249399594,8.110423819809299,7.7403507213126685,4.692227091622684,0.3143686078783307,-1.3031095327137123,-2.885259650404588,-0.4394812557355672,0.7254669230985507,1.4905760809182125,3.00094288543572,3.9029186890157406,2.9692266691742097,1.3542342789630863,0.7269608979626265,0.938235453994931,1.2666909450784933,1.5604400033193941,-1.6729922967581454,1.3171231945944728,1.4891190268719146,3.5002922152054206,3.6942711021303682,3.3163316347144125,3.265577904670164
7.729062145290485,5.5779024384911535,4.645567432309413,1.3659978960820547,1.7459276121795644,0.13812121172643135,2.09792259215729,3.364817733759496,6.673873304079764,10.499032563477444,5.920705508100147,8.424009405826856,4.088881651122917,5.865364667932465,6.952457774958975,3.271232629701943,-0.21282863230427065,1.02122575028665,1.0888319512741431,2.9091775946502865,3.467038292028095,1.8447349771674795,1.6516401849877924,2.481951397678995,0.6184042511396339,4.7809747649975805,0.670368349521915,-0.2970571485937516,2.223122880110672,2.828559435473422,3.240461545420474,3.9987979225026313,2.6218114180014838,3.0167603183271074
8.436275078776106,6.209420694211051,6.014461595380379,3.5706793658545672,2.229828249188319,0.8596332386113357,3.0866034010192918,5.291642374748687,7.1603748730182435,9.380433446175696,7.463394069163523,6.5272723268979265,6.8721006350011065,3.5654022161096184,1.5831648911383596,-0.27783618280632166,0.49947341396141415,0.7404108507589041,1.3090134988441113,3.4935940014176614,2.2404589846489773,3.3630489206082412,0.7769756307126525,1.8281593280518433,4.1817517722690605,1.9950341612326083,0.2295573487220174,-0.5379972509828754,2.0155776058348027,2.8313295539540335,2.227288136631452,2.8386850739692253,2.8513818617060167,2.1329379151611176
9.146787992052827,6.940573675198428,6.950382222124972,5.760230033641382,2.8043104029726997,2.1460663386089456,0.3070274062766264,8.55060842508521,7.29879921854165,7.914429574189937,8.927427101342879,10.866810659902132,5.884968730833897,6.1825215896627475,-1.3157732019630253,0.519726940367221,0.9473797147901204,1.3658794230240723,0.8462664728284522,2.9283925421331727,1.9356660718155194,1.1937310815745306,4.162165712105911,2.3480066913790445,2.137638675203272,2.175641208817044,0.09725110989653876,-0.7680636736868074,2.549883065539451,1.8892543770012729,-0.3470049036390338,1.037618048610913,2.7031293297668793,3.0056646164438456
9.805924799834129,10.121077442741472,8.247335504929987,7.791376342004413,4.897457459982774,2.2090845941652697,0.7770422721285613,5.204966288937863,7.498511910815468,8.74644773664659,7.367381919189282,9.795580991606538,5.721070282225941,2.2278035268696907,2.2180836205876697,-0.28916043750640624,0.8989436614096052,1.585729248174302,2.4253743251998805,2.186673928467663,2.5065187635253023,3.347512497993089,4.864961981658783,4.0563014475119115,3.371991132041386,3.216007184204469,2.512362394855763,1.599295330576821,3.408622053000291,-0.4523502924772113,-0.982512046958185,-0.7995872003859908,2.416198670247409,3.7933393251931995
8.484234934212894,9.108461188336713,8.864259310286007,7.528869449247642,5.814628630182488,4.793335013150729,4.1725368401975595,3.664986228919617,7.553998699650899,5.58812020553986,7.310368767596447,10.105294441642775,3.022372510231586,4.113719842622978,0.3518998865837692,-1.982963562185391,0.6293741748417414,2.7289529765296003,3.1584667258396686,1.9364329803887077,3.91267380922308,2.958553690417613,3.5337072780101617,4.413936906038728,3.3287637329194144,2.1579361439421123,2.887310347118016,-0.06359158306764104,0.9477522446330761,-1.7981692846318817,-1.4816507419221587,-0.9282518933797397,1.3733240530558812,2.99868645247648
7.300885868412049,7.902362542328722,7.515375033629036,6.765527053447401,5.958092225658471,3.349202083457522,3.1660786657215207,4.65812704668123,8.025204463696895,6.335990980829826,2.7458525035093673,5.909934888188285,7.1162460159014245,6.402445776202093,2.1762967123959323,0.173554161721245,1.32615753907644,3.6926971113672504,3.880123022293156,3.0966229583792706,3.689863449711706,4.778117319085159,3.915204371753805,5.534955562603162,4.9750900860728136,4.656596913974463,2.458554375326936,1.2768154983863236,0.9791845187862043,-1.5399535190181044,-1.4301440051315764,-0.018844914283349796,3.5749106056088698,2.9119007893284774
6.205762897577715,6.764456633667193,6.755208362887942,6.134709032677529,5.349108742162491,3.199616650341206,4.203280221290638,4.411391103079646,6.3134305271134945,4.09657154373439,4.723810661297577,2.3104743938681107,5.978889836034702,4.446678748951937,5.702446372291953,5.906667235091336,2.385602111596561,3.8182936858955148,3.918133356716784,4.103682126244469,4.674301055283265,5.952166181334139,6.243050665482395,4.457466377102667,5.8113844910210455,6.790089570545581,1.8639303197164832,1.5193348227490924,3.533482510437548,1.6748940785400086,-0.6401624874752005,1.7176594819611024,4.419134590321431,2.8519645352269394
5.2867904393309315,5.801429662254782,6.238899427271783,5.5664349665325625,4.348708257428916,3.215840823433636,2.5977479574660607,5.275791610466936,6.723679383964762,7.337058825205747,6.330810898234144,4.96767395036339,6.538650362398863,5.718590649953771,8.670764512247812,11.59947889631861,5.79673460018468,4.296153431578645,4.900168840954479,4.303690282460961,5.994777597931554,6.211096991840459,6.138740746234897,5.558144773029637,5.016705423329481,2.7108885387321746,2.639153071447558,0.3262215045424825,2.2088835456099694,2.126231404541547,1.5807376481767081,4.683078884590124,4.410766830345514,3.5247634223723487
