script/wind50m.json
{"header": {"parameterCategory": 2, "parameterNumber": 3, "lo1": 6.000198445256149, "la1": 58.999992894266676, "dx": 0.5, "dy": 0.25, "nx": 22, "ny": 24, "refTime": "2024-04-22T12:00:00.000Z"}, "data":
[rows 0 to 23 of 24, columns 0 to 21 of 22]
-2.451253187524742,-2.09032885246598,-2.5101395671657363,-5.619241991267955,-6.796742347153736,-2.2095161226103923,-1.327047736046598,-10.487546404072212,-3.8346245538977555,-4.616432287612344,2.44341289637412,-4.73690919692436,-2.9879183348344784,-2.1937097039624054,-3.232821738656575,-5.359665350780996,-5.421788643251429,-5.049452219362096,0.5911701315987389,1.2869532250529974,1.1937717105392314,2.9356745690465416
-2.54436290704766,-4.206036103499325,-0.38082386753692127,-2.8667232400772202,-4.971390578892859,-5.7314574470934705,-5.336041363723494,-2.980339443135173,-2.5932573361462916,-0.6632147565258336,-2.9070446325655785,-3.379767717558235,-6.844571941472511,-6.327656341679778,-3.48084242801929,-5.157821811243057,-5.924525767961146,3.031722493027947,-5.334396402955093,-5.337905391917631,-4.91523057375295,-3.9277022959955956
-3.6315291070555453,-3.806091751690216,-0.3425355641080965,-2.1621402566824837,-6.617080578869773,-10.55900186403781,-5.743610090082739,-9.911931991188098,-4.343110284898222,-3.5194979308874825,-5.011013556986622,-2.9494602532364587,-3.3191087033861244,-6.124059369180659,-8.204849013883853,-2.5925681723738108,-5.483609059724569,-4.654334991692965,-4.982652878201948,-4.286053693326269,-5.1264138896539,2.647937507852714
-3.7566562266758385,-4.63542547251039,0.12453293861576752,-6.9792126024086905,-6.278591056293978,-4.340242283086033,-1.8057466339352823,-4.258082604993101,-1.409405607186387,-3.902269636637505,-3.8285535138860807,-4.252442559553861,-8.321528397054424,-2.279699316736711,-2.634790990580386,-2.781970738729452,-4.163164995199051,-4.7228757367028775,-5.20851390326815,0.8673954501192348,3.519254250066593,0.8636350176392659
-2.7531414482947154,-4.661259159303778,-1.3971992359350958,-5.2071854814960945,-2.660676036247062,-2.3895439440033437,-5.665799575695829,-5.805350363959307,-5.530904298492634,-3.951034102527814,-3.3152032815402537,-5.9282400403985225,-5.263790530586856,-7.671929499816092,-3.9189162696718007,-2.6896172836638983,3.1217477991811946,-3.932959125073669,0.7191731922515399,-6.728106847819324,-2.890790302247954,-4.104520588873055
-3.6379562169964443,-0.25013769726940505,-2.7972194839711153,-4.7210892134732445,-0.8254237627523919,-5.961276998626399,-6.417352740273677,-10.564537741150414,3.2691335541178117,-2.1546491661553837,1.6806821775757184,-2.2146610842324836,-2.8846272275536076,0.1336238093372759,-2.566019193129346,-2.685218182951971,-4.771711720060036,-5.136817058313357,-7.143141149107939,-6.086353500405894,5.157949282556166,0.9331724159976724
-2.926866455849503,-3.6230696449941657,-0.30288193727996104,-3.110287926145888,-4.504048799736249,-9.899257512664025,-1.6862248995106426,-3.1712316014139925,-5.773753427561345,-3.005105658503721,-8.552115153562536,0.10994723637777547,1.8283576702270916,-3.015191545172358,-4.996399722199218,-3.777055403978529,-4.4637383255567675,-1.8314818973590976,-4.076868360786692,-0.02110180156478645,-6.295204403551442,2.8953431211348244
-3.918005939150396,-4.691183051939026,0.8187582448629568,-0.8603945031425377,-5.406643389598515,-3.6304144261253066,-5.645713008620043,-5.6614084555372335,4.195264121346447,0.9252087018538806,-5.169381936631668,-3.1642964145348604,-3.091990234958037,-4.598401733800872,-6.245067710316261,-2.8184097278560016,-5.35898010471886,2.233633988870138,-4.84527642371743,-5.9701867077288,-3.485827517709544,2.585873802657868
-4.697286822837501,-5.015760643871014,-1.7964675031486828,1.8118436365163133,-8.388211103121042,-3.5414477188763547,-6.139500362163256,0.23998334893067996,-5.666282736926933,-11.539611185787708,-2.7837339547806077,-5.735172167640886,-6.101611075270072,-5.815010579824974,-6.1983041653904625,-2.7620690130689662,-4.156296812904303,2.8665187480560137,-2.946430093306874,-4.767603990218112,4.435718404497899,3.2385582989965784
-3.702370979856741,-0.4894458278223571,-2.467095292143272,-0.9238909255418979,-3.8010743197042185,-5.740809996922614,-1.5373813062972028,-3.2673405792306816,-9.150384127759583,-6.3018598653958655,-3.189534670129723,-2.837743363841102,-2.971016903194772,-5.664232486590764,-2.2937656390123458,-2.6880376525169973,-3.0184554862011885,-4.7646601298377105,1.6384974503461942,-4.069596259305824,-3.775324948840104,3.173635539325175
-2.4528897014354003,-0.16874359347145182,-1.5407222958882834,-3.253965324566126,-1.492497081026191,-7.595071115892503,-5.105769312184811,-5.589494995869845,-5.725383760910458,-3.607207530263841,-4.9682236452949535,-1.6191412779157741,-3.1797025571623854,-2.3007012708345926,-2.770204024104289,-3.3591362527378523,-3.91324455825142,-3.952869938293052,-5.40867703489702,2.622740167229909,-4.338855983415277,-3.142006656810068
-3.82955030736844,-0.12961370851475074,-1.275236415792792,-2.1299084499053986,-3.269648739195517,-2.238525109174385,-5.560417547387502,-4.111990959712785,-8.219662250819454,-5.269282930249058,-3.622409857843423,-5.98299405264658,-1.4371027122307714,-8.056215213179968,-3.3329932033365104,-4.351168993136364,-5.869919303404525,-4.0848911646758905,-4.789463022459016,-5.373278441593485,-7.0531816140474275,3.1657414633125533
-2.8254717583784257,-0.781592475856427,-0.7701042024138827,-3.976697171861983,-8.305921586347932,-6.78028394466848,-1.7711424104342326,-4.262518502145089,-6.976085309040555,-4.247176335666031,-3.283909994758926,-2.8715731130896525,-3.6034128151470264,0.6966917407186549,-3.0696384253656217,-5.224353311141394,-3.8036845998896283,-1.210707585511713,-4.2087557324293785,-2.6231491699120317,-3.378652916851662,-2.709397466874423
-2.944314773878203,-0.3602793224130735,-0.6232672512368184,-6.317981721336888,-6.551395268295133,-7.08394411729316,-5.819018459625735,0.48969367484447374,-5.793336281096659,-4.1893428988354815,-4.58730994837709,-0.7640555098363382,-2.557882091180011,-3.616003432699876,-2.7863703013001238,-2.6620097531328657,-3.9291518003691164,0.14440561647750444,1.3767500829657258,1.1393173400429828,2.2283860351656046,3.948621512627079
-2.8368242622621613,0.652230193758797,-0.5033841674021057,-4.264761489977068,-5.153587010972394,-4.455344565950841,-5.301894416703672,-6.119811614293898,-5.972854649649321,-2.026501274619911,-3.606949239089596,-3.574699765451295,-2.7467118148597782,-2.448829897115275,-2.8099194564364653,-3.4997673368317654,-4.3600076357031465,-7.7690714308057505,-4.987013782846119,-4.286023474965,-4.393021634262659,-3.8314510490805915
-3.5767744360304374,1.1061647974921263,0.4541134285525537,-1.5256533108097687,0.17992809250099023,-1.746326519860628,-0.20728784162782973,-0.33648153388868546,-5.009115429222762,-2.5106446515200136,-7.088780402353642,-3.8452384506489894,0.027632367795480305,-6.56263291444154,-2.689603300938827,-5.240083672951176,1.72280536898014,-4.753007964393603,-5.075236334320037,-4.586754466758189,-2.942036297480008,2.0466549616984397
-2.639453746821063,-0.11633953648722702,2.4645090232596965,1.4707445923648417,-3.7352240940099097,-6.224167496162836,-3.7024439617513765,-3.1085863833221348,-6.199610489206769,-3.775340592042449,-2.9464182745540817,-2.8195918292508884,-3.1676731411976213,-6.602725055226607,-9.250074873841445,-6.520132588010282,-9.98681088984067,-7.474445322477897,-4.78167479063843,1.7338266677593952,-6.30721532857251,-3.520680557019958
-2.944606670975106,-0.1859472668683379,-3.7949834695840288,-0.6053168455047362,-4.962057152151582,-7.929556608503925,-5.621330373347481,-5.354855091923089,-3.9523995585657987,-5.15849735181494,-1.1963546054592504,-0.8362729337911079,-5.192767336851008,-5.915222150729912,-7.201497657691055,-3.7721899809782107,2.7643778861658483,-4.213768853993625,3.250818031318392,-5.685423939885464,-5.616385667199527,2.5758408177160192
-2.966343241500011,0.27810719399586875,-3.8117802524520457,-3.029810593513765,-8.17658928416849,-1.4729599932988409,-1.8677791326169018,-2.9176103623711076,-5.387030649217913,-3.546474990787426,-7.952091364085687,-5.63164699075293,-3.3164083677634104,-3.434507030793708,0.97681374524057,-3.817526923325583,-4.739731573846196,-3.1789145166651434,-5.092551796837163,-5.11861145402922,5.466852868476639,1.3061238794628756
-3.626853562538264,0.26547840855097604,-4.07997868075291,-1.1249231931130077,-4.685227425124872,-6.762045250642132,-5.565047820282706,-6.449461021905554,-3.3152069202208247,-0.8557142364567265,-1.9799008084162222,-2.955580758892722,-3.174499762396104,-8.531030193541048,-0.5024319749041444,-6.571853704558441,-3.159139955664617,2.7188442513148305,-4.980457612131565,1.453813103295296,-3.404310721851989,-1.1023835298125422
-2.92505589908376,-0.09953725890816896,-4.866356128317439,-5.882242481143994,-1.2606223304243704,-5.896360498793327,-5.536103676868064,-1.3167299919465736,-5.727834104865025,-2.5911085785553927,-0.7032567946906882,0.31995405148986733,-0.2776520785371161,1.5143432033682276,-2.7864838242439993,-3.4766363101421844,-3.52623219115094,-5.585619556215702,-2.102141538274297,-4.888838048341067,-0.05053239048719073,0.710380150463235
-3.737508220091781,-0.7695973112515136,-4.9207025707447585,-6.1146770279105525,1.2401597397305035,-3.9906050754242077,0.12319469827184049,-3.8559361318874776,-9.616812377235405,-0.6368703550735321,-6.357321284382908,-2.962395096572642,-3.1089149973772146,-1.2955764005271304,-2.546070539690682,-3.6355531071244718,-6.150659228359455,-4.796739811482634,2.9919530555856273,-2.836595655515864,3.4360394404009416,0.5385441191358866
-2.9858428015176424,-0.48015000414585857,0.9236942551924769,-2.142994328231143,-7.326945044269157,-2.1698273427445223,-3.6098402556011986,-5.058909711058828,-6.291175565576099,-2.5542880628332707,-1.090890806670642,-6.186132305990543,-7.381812729026483,-2.8233068119757365,-2.653910522923731,-3.189561720257992,-5.332164046153157,-3.7848116771744076,-5.011182347821229,4.864700495828053,-0.8994276734202254,-2.3959209675475823
-3.7037001582510167,-0.5108577697291545,-1.9032564605262983,-0.11978626262046047,-8.203565001275276,-2.589678712799275,-9.123068016934024,-3.2894743267716975,-5.57044006271007,-3.824742390866714,-6.9694587090546944,-2.5321613315409706,-2.8666793755052207,-6.544220701403133,-3.3721598847046685,-2.42114476497399,-3.8058411598361523,-5.3314556250194,-5.284263876827609,-5.322117747953363,3.2933576248416356,3.178976119813603
