script/wind10m.json
{"header": {"parameterCategory": 2, "parameterNumber": 3, "lo1": 3.000054539987559, "la1": 64.9999836372058, "dx": 0.5, "dy": 0.25, "nx": 34, "ny": 52, "refTime": "2025-02-16T16:00:00.000Z"}, "data":
[rows 0 to 23 of 52, columns 0 to 33 of 34]
-8.109496976928886,-8.639276486837277,-8.9272749676997,-8.87254043617191,-9.36966015790625,-11.113308436498277,-9.264832525635615,-8.993577723823995,-3.972071685118385,-6.029260604273173,-5.813506888302834,-5.771553282119763,-5.922082838740535,-5.9683229605196,-5.462483334400731,-4.623229584732843,-3.7609018795153712,-3.0979565707830456,-1.4621247186156268,-1.753115332648302,-4.64698102496525,-2.7891785923417727,-0.23731120491155197,-5.035547257772443,-2.6027095221683414,-0.6321374843361685,-1.740199663304343,-2.0151973144547277,-0.36078493599190764,-1.0777882589589824,-1.5261868722314205,-0.9461914003635641,-1.818589130580498,-0.9045252513724834
-7.845858174128324,-8.195277786039803,-8.427606266979883,-8.746079167521776,-9.08337625250417,-9.343006504183984,-8.890029391203532,-5.85865834431974,-4.844719415937586,-6.082172942586623,-6.197786583115576,-9.439763962801397,-5.870267429460228,-4.301339459071601,-5.246182399907765,-4.556917864412292,-4.440423869948291,-3.264643389420278,-0.8916579328586903,-3.558605357893871,-0.06835687301852963,-2.7911265249279342,-1.6369093340791288,-2.221708395851254,-0.30750492456094314,-1.6984021818773123,-1.0881440437841072,-0.876108833885783,-1.532413703154963,-1.1474207001697914,-0.8482609755686263,-0.48189944497991377,-0.9350600773310669,-1.2221011534163797
-7.652982442554184,-7.799530578431406,-8.071720430661449,-8.015820122993745,-8.158385633531742,-8.260435715432598,-8.246770711604752,-4.04168825715226,-6.368787868265867,-1.4766606833436573,-4.236248141853153,-4.201314302633835,-6.632607605319889,-5.6765653729272,-10.85974014783282,-3.8546055996018316,-2.4148151997257687,-1.0444292877879797,1.0087895535926208,-1.110571001497295,-1.924061126592679,-1.8536444091728097,-0.5454206841938107,-2.8801035516988516,-1.6173458381000332,-1.2218316111167014,-1.2258157614043241,-0.8595804372688267,-1.2046149332330154,-1.1931764750169371,-1.0146647061628096,-0.6036013205992242,-0.6163199696335205,0.01909701063184406
-7.922259000920349,-7.642022351930465,-7.294527711324924,-7.767600376412053,-7.940737343920353,-6.276510927512581,-6.165405062951698,-6.0729275492978365,-4.947103327268013,-5.963067715086397,-4.088469452333893,-4.466397517106761,-4.895523058177324,-4.014160314842689,-2.1508007301949488,-1.018914019984073,-1.956169642489314,0.5918751354784104,-0.8522048419292204,0.9352967334077577,-2.1226161032165445,-2.719137944290582,-4.763202330642768,-1.4160474398215595,-1.1782413541907684,-0.8829482492340144,-0.8245803215005464,0.6485113495629927,-0.23634340510302704,-0.8460147283178077,-0.7447952154321213,-1.0206921238626285,-1.0696163968425467,-1.416778564994113
-7.829809810886803,-8.093592329188025,-8.000334477476013,-7.765242307955384,-6.766442913929619,-5.9171349640577136,-6.67251414759281,-6.618433975653425,-5.977906934173544,-5.107162858890665,-4.599355690126654,-4.379369330458131,-4.484409454476363,-4.015331416442838,-2.195759063715868,0.22765108756578964,-2.4731160129051446,2.5066385632827384,1.1018684304660487,-1.07117556396927,0.32024976322483184,-4.020943518434804,-1.134219382947468,-2.026975032978407,-1.8031479062713496,-1.7907815244036152,-1.313145574439597,-0.9639409212722234,-1.2732772851557683,-0.18327581726626138,-0.7542077216299208,-1.4221093426422846,-1.2608366386083343,-1.3969869168089704
-7.134928870711796,-6.902057589448432,-6.455951607262138,-6.370329541613734,-5.944427365770715,-5.626944513115416,-5.516854791772886,-5.400067541975634,-5.165311803059101,-4.413061619081908,-3.900882009950339,-3.143971440727978,-1.6199133130107297,-3.528207662984539,0.2975423503427775,0.6573235548371407,2.758902979371544,3.1798679313736087,-0.20298393924975786,-1.3403468164600534,-0.9437588703235104,-1.8565792054069032,-1.5409272786632509,-1.2767140306740616,-0.5391277039874162,-0.12493161645681225,0.14498216029915978,-0.14300612118740563,-1.093467430371668,-1.5745678482838164,-1.3406923069138519,-1.1205186101085882,-0.8987515325670029,-1.1673236919416952
-6.983124084992553,-7.201657797238471,-6.273259048101363,-5.914072872010699,-5.555170682251183,-4.852331823658208,-4.576009682117415,-4.13987669662644,-3.732288096083193,-3.621290707526201,-2.966584428385884,0.4673258901671048,2.5698957696685025,1.5166775578570248,0.4123564359648637,3.5533683249604087,1.407414360142181,1.5369598005215899,-1.9513205490409424,-2.304997663174268,-0.47704659961953183,-0.8075460103848251,-1.7198525849500532,-0.7815130386091117,-1.0104095548002368,-0.6621061381568255,-0.7157347131766973,-1.1308966582994837,-0.611837274462882,-0.7697903246082726,-0.710520008100831,0.1308248996096529,-0.9621486775728342,-2.493616361707224
-4.837675739184307,-5.189369817094026,-5.293990826180876,-5.058351333091142,-4.437647747841599,-4.595923781382519,-5.04298042903738,-4.2442871202403705,-3.761397431700151,-2.992606179912747,1.0716917247575315,1.722998236008284,1.8717554740445772,-0.14169055968977523,1.5426220300577924,2.1653722798451973,-0.12163560705344513,0.2480572354689639,-3.149458766831633,-0.8614421759349161,-2.7461668018081826,-0.8652146527171819,-0.9975827511193579,-0.7344068924241898,-1.0591811274713108,-0.5773812636485152,-0.8650038531010927,-1.0020765623938626,-0.8619672636869241,-1.0686112632857225,-1.3827169503633467,-1.1187238253419638,-0.8815195470178567,-3.0269216066213
-6.196757151041463,-5.850886715404857,-3.95613421358009,-4.149660002781551,-3.4511260229357705,-1.7816033685482597,-2.678632879906713,0.4712065404337265,-2.9330755772038133,3.322684635128865,1.1241993376796835,1.475276133131835,1.463687591060837,-2.1125934159258764,0.7741915778326585,-1.1245082835201585,-1.1545315664649178,-1.9736281272288156,-0.22429860609457422,-4.861392538276309,-3.8490574047911146,-5.763985457386869,-3.934432616528032,-1.9665540302779017,-1.4169822908815652,-1.6526958062838595,-1.5001029551593008,-0.24550559290144403,-0.04767687082882435,0.08057030157921649,-1.4368779667845786,-1.5896976388163,-4.330227242372165,-3.6838792181434474
-5.134328027712213,-3.804188097838229,-2.3875394212185728,-4.205927132887654,-5.113286080055096,-3.10519292522991,-2.4693358331411237,2.528519432871864,0.3889712860129338,1.6009116479144225,0.6173530056776354,1.6630219950470044,-0.9094125966106706,-1.9397632640381133,-1.6354300152772976,-2.9936306307147373,-2.1005217407927694,-5.863961011639591,-4.019049296205001,-3.8767856504887916,-4.784137687111625,-0.5055481167419101,-0.7598613166555747,0.5406556908868603,-0.9053805296032614,-1.2292383099025743,-0.39231063062474875,-2.1622787512273445,-1.8177934114267682,-1.117705712760393,-1.5612334689192264,-4.577533209012455,-5.200102218267616,-5.08147944133719
0.20435765934020836,1.1850857336545388,2.554700249894775,3.1070292770596786,3.795718239456823,4.529879161017123,4.6118943727789485,1.6741361699498283,2.9309235690483946,1.055081874179594,-1.9136795698731264,-2.266351842338055,1.2826235355891142,-4.66153303119876,-5.065482804248665,-5.02155472014659,-3.1101352247078413,-1.9719153454918064,-8.44166514010625,-2.1313154654106072,-3.213829227317461,-1.1473071287967276,-1.0017628906129672,-0.30620498266566587,-0.7136610685896658,-0.7848715532037671,-0.0637568587212667,-1.2550975808205707,-0.7149987560185643,-1.058227970320259,-3.1786597143115842,-6.047001702328097,-5.405843574858028,-5.459093739921742
-1.5881986269732193,0.32862452866524433,2.2469050560112067,3.4615772211451747,4.958887458873445,2.3336055359798684,2.2323025604877667,-0.22395313807046643,2.149661171792152,3.3470826726641003,0.25955836495286033,-3.987972031197454,-3.547077128984433,-2.5991761781411435,-4.8607735298643595,-2.0421476682350925,-3.076582536180965,-6.453916446719831,-3.6640522451540205,-3.134256010806867,-0.8838600491761254,-3.0329243933292913,-1.1427920575789525,0.0398751710109064,0.32195207385855756,-0.9777039354758869,-1.7048385744863053,-1.8051622316401061,-0.9354915747932963,-0.4314018276101962,-4.929169112355796,-6.830624115622315,-5.373369191085984,-5.726600333176673
-0.8325004510754291,0.5612478720776847,4.4411566096102515,5.591377329114501,2.7241022520277514,0.7624409233896284,-0.09093599085403692,-1.2827950317993257,1.3078758729687432,2.186346141588994,-6.114549839598099,-5.299831173103238,-5.433970585605291,-0.11415622913064047,-3.1589327067786352,-0.8408346857473297,-3.234045188335165,-4.46339575724966,-1.2315147786782101,-3.1457096179934525,-2.270554172302034,-1.4765883194741098,-0.7933367974834294,0.06728226149783985,-0.41694577829328194,-0.533979999144136,0.2423776690969645,-1.1623305326888371,-0.4016435113427518,-3.5283760933381587,-5.5415196268091975,-5.79242124488978,-5.788175224328078,-6.004659611506201
0.12492572520989917,1.0047725545559807,4.571725082902464,5.992369523529216,1.500726370908654,1.1713431487241368,2.2522123188846725,-0.7874563685920554,1.6321134539850182,0.44784893771485396,-0.0330540758458655,1.796156718255329,-3.276074849896731,-0.9404195972364193,-5.2432559602206075,-1.7705485536806733,-3.9315988827845842,0.4087123941937375,-4.00548851128577,-0.6929570491540542,-1.582193302480054,-0.20818923916597207,-0.23756112046790312,-0.06253195968697232,-0.6848912745597655,-0.7407352593379671,-0.5958033916510287,0.13888533956404894,-1.3306219506597374,-4.218921328077432,-7.075819401839857,-7.331143054565075,-6.7131817322168486,-6.380055766066766
2.8842432989261844,4.775451718900371,5.8217343204592105,6.162985944850936,1.6919564762299468,0.19469549390613644,-0.06434096362614365,2.433982762506049,-3.9998860183311855,-0.38329769870141356,-2.8755965618991253,-8.945546623756911,-2.532454657919081,-0.8370146896135388,-1.861189631839314,-2.876329706778887,-1.1628548963412473,-1.421377558307205,-2.490943745627588,-2.0617157626024833,-2.2071041896849155,-0.11287391947213672,-2.005332750359906,-0.7397116606307874,-0.9542390412007408,-0.8057710358969257,-0.7718579561043468,-1.3612603902731202,-1.1856883281184072,-4.386285009218488,-7.2162384842671115,-7.519890382918542,-7.15592796586093,-6.984099765361039
3.7891604914637895,4.732730630966854,4.119566109338144,5.959431520113412,1.425888668498733,-0.7994999389060168,-2.960839280119612,1.337169356324385,-0.21829777147626367,-1.7482968795776432,0.9778882150461025,-0.695965525237908,-4.342150865545189,-4.666437091376508,-1.2693085947276297,-2.7243361168611373,-5.381687509019179,-0.1639241789502368,-1.308522088546144,-1.4512373785199832,-0.5100550970850892,-1.7192760302071606,-0.2889860111620006,-0.9070468464808903,1.1858455183258632,0.011790336878777292,-0.23614757279178789,0.14113146738233076,-1.1571674495395108,-3.9495700411450745,-5.674286631019639,-6.821741914527356,-7.127407814557716,-7.026068454721794
4.698069599964548,4.850859172530101,3.7681170400851975,5.172169988493314,1.0671798077055548,0.620354680948724,-3.1473320745700857,0.21699531812917458,-1.2637757465107553,0.8104233084493999,-2.5629487575200125,-8.904420707380892,-0.4090165906681382,-1.4055563356876954,0.678453933370134,-1.5181144975943757,-0.7431770093108444,-0.07724546875698547,-0.31573606511750624,1.6683255240406152,-0.4754824644747087,-0.43395528538912953,-1.2735892493398515,-1.3547245574931717,-0.32535020953586175,0.7109051286317514,-0.7683979357460998,-0.8901436686757151,-1.0877296540205434,-4.755493722488542,-6.708518437995733,-7.242841337635263,-7.248820848268752,-7.3640239408999575
5.995650631745974,4.960763214593673,3.5042965770944234,3.547941306823208,0.8999370483594074,-0.08318931220704044,0.05055406010090139,0.855759526644262,-3.320009208061399,-2.9738179901171367,-2.1997183621018217,-7.593706962021158,0.4893390013509698,-1.578331569659032,-0.2630419913870163,-0.5063161440678229,0.6512385956683315,1.1031642478411907,-0.4567204784010376,-0.3042732717884972,-1.0046391782548745,-0.498395871914797,-0.34638622461101687,-1.2148043857631157,-0.3511941201693546,-1.6568680093177048,-0.4849695363683242,-0.8977942141356315,-0.7588360375013548,-4.970033224215711,-5.816716917517849,-6.737872911316216,-7.257134314067419,-7.624451342607267
4.685390236647192,4.019696538204094,2.658912461959653,1.937260973192138,0.548652933688879,-0.4135598242092612,-1.5986227587953048,1.5120786927053917,-3.033752141500308,-8.90487274852303,2.2354362956025793,-1.7084462723757834,1.1590264587121466,0.13163648470487968,-0.8377650161150183,0.7899247557796449,-1.8858830102385022,-1.1348540994181036,0.6024958416147569,-1.5643274722819807,-1.6018697065315064,-1.0151819127005972,-0.42016128810229353,-0.45699153916372437,1.1011665279094403,-1.411590823285338,-1.7334003295257463,-1.1100174774080687,-0.50815211912406,-1.269270809529489,-2.4630684867236896,-7.0007274535684445,-7.291497871605359,-7.987527559956407
4.047344844454427,3.342399350649332,2.7970328033858554,1.0402649543569216,-0.10070470320119339,-0.3938294546511144,-0.22581076692250987,-2.2248175991569896,0.5264885039355292,-2.40144761266736,2.0281383481569852,-2.1009053380488516,-2.6422974668018986,-4.673603869575823,0.39275947133892175,0.5351719460934559,-1.3752405709311868,-0.3338348083258363,0.16205106382883447,-0.3127726845183614,-1.1240811044753412,-0.6630891408128606,-0.5918737746727072,-0.4973940643897484,-0.8598794300167409,-0.9031773753705059,-1.0639926897059457,-1.1170544578656287,-0.8574962429955959,-0.41832189452115864,-1.5003373123046393,-1.4216145605449886,-6.493863028901345,-4.054360445936007
4.100640493785132,3.2690172825933534,2.115576466816178,1.2299109291955583,0.6136501447538885,-0.47113700289364274,-0.5273605345168212,0.3254737973214924,-3.733962967163067,0.003908499022388834,1.5697199736444145,-1.2618166232009003,-0.4957906550486267,-0.6967892240810161,-0.8400180530951351,-1.2584051366918132,0.89673574440314,0.020672546273849898,-1.0778980899624564,-0.8448493927438586,-0.4991578084560144,-0.029665774496392794,-1.5099553102762004,-0.8255552184316582,0.34746973556457,-1.2313562694467501,-0.9925399094065185,-1.584613815441075,-0.8881589094095027,-0.7636258501274997,-0.4899187739718913,-0.5904934413820364,-3.9155391588210975,-6.934329401097775
4.273812089830763,3.4071951622784074,2.270320398045282,1.4887201495216413,0.5070470050265763,-1.812793322929605,-0.6679549868026422,-1.340301853412221,-2.4114655784801515,0.295062503927536,-1.2549667374172144,-2.1494953527868503,-0.27174407680528734,-0.3051989662114607,0.020158201798602865,0.7179107903839979,-0.47831813966979936,-0.24057664434698467,-0.6930852909625486,-0.9847821298108023,-1.625894141481042,-0.6668335621856832,-0.9600492922533934,-0.7737757913271988,-1.2838022590420146,-0.6786108471177092,-1.2002624263027732,-1.087493313419307,-0.9973416263093628,-0.7774921164441032,-0.8362181790505171,-0.5960014828990631,-0.8130232303512235,-6.175244504278463
3.582701347754513,3.0450998919375896,2.2280110182947435,1.5087125842872509,-0.31329535926487206,-0.8865406861156541,-2.186561481694588,-0.9101296656138023,-3.6729075860703366,-4.509452624689926,-0.4944162153081048,-2.7811270349532693,-1.1731388569091448,0.46044462507923073,-1.267383703383133,0.3061432158860609,0.0877399645506391,-0.45370805675332126,-0.3303880903188929,-1.0811484877453823,-1.4380414494686402,-0.6490206743117136,-0.9428589677159985,-1.2842052010426774,-0.8294696095607337,-1.4109698511256947,-1.1454458775604688,-0.24936340011130834,-1.076021120980528,-1.392949796267348,-1.0781558749537483,-1.0474213373334065,-4.958972136777054,-6.137193400431734
3.061545280161359,2.569848901437636,2.2102672324483925,1.235618229622326,0.05714278812643055,-1.9340261627126547,-0.3716926864913084,-1.3527882961255182,-5.979917202436431,-1.5467335414054795,-0.5057708316161407,0.848284961537461,0.2595665533790802,0.003808665667904029,0.5363281207080363,1.2471031482556185,0.36547409514070045,0.06167401070127769,-0.5258441567785226,-0.895797304955197,-1.0799273940732466,-1.707113817606462,-2.1667856334028874,-0.899360997992791,-0.771273246343852,-0.8747570166178742,-0.9022941185228186,-0.7978242800510416,-0.4840795030635262,-0.787809363205902,-1.1264549383418259,-1.3037392019945917,-4.960389921511242,-6.76608731681379
