script/wind10m.json
{"header": {"parameterCategory": 2, "parameterNumber": 2, "lo1": 3.000054539987559, "la1": 64.9999836372058, "dx": 0.5, "dy": 0.25, "nx": 34, "ny": 52, "refTime": "2025-07-20T06:00:00.000Z"}, "data":
[rows 0 to 23 of 52, columns 0 to 33 of 34]
-4.145743623837866,-4.565643515317722,-4.778610208296535,-5.2632772511434185,-4.571714780778104,-3.897197780376128,-2.9741255622024734,-3.4089983294851685,-4.617439614325661,-4.688507998444902,-5.0213493508240274,-4.575272796468797,-2.6690544715335847,-2.1636330873100253,-3.0881598157237833,-2.5997421245625194,-1.7466823440802515,0.5788777929825888,-0.5749485834718986,-0.4350554154861578,-0.4850074606169856,0.19535942458285185,-1.0322972047135885,0.13313663503553455,-0.8244147496265662,0.2897812501241858,0.06003667851506643,0.07756081044126263,-0.555721645405571,-0.10335939296254622,0.07908527633752817,0.2756959141813997,0.3198971927747111,0.1796632759744517
-4.846419856951944,-4.871880733181375,-5.042249289875241,-5.283996477876704,-4.958665249277163,-3.59098323560444,-3.400395329138425,-4.487609355606953,-4.933012724568401,-5.1802867835278095,-5.115334119798908,-4.405261110885751,-2.151251543765353,-3.522330589224321,-3.812458746325529,-2.1375810913472857,-1.3584433332070371,0.42663399590449835,0.6227092172165808,-3.0089286305013263,-0.4198395732903873,-1.3406405460846007,-0.6113751564847256,-1.067555843796616,-0.4081458580276525,-0.2557293712167137,-0.09661693846749973,-0.22469627162259453,-0.9238234134694926,-0.8553401887458153,-0.0033325376115679603,0.07844416593027875,0.7233113977721867,0.7553504903682948
-5.406159873435638,-5.372617244779575,-5.870317206374661,-5.446914409592623,-4.646678334473848,-3.788989672547359,-4.5748312874248915,-4.813334009151924,-5.529696011428917,-5.328328708028231,-4.878350873832749,-4.2228538117423335,-2.2237520223813103,-3.7701344986430083,-3.333709430344986,-3.5165393372015616,-2.434919989651152,-0.7259704040692342,-2.0471279254428576,-0.8684749281426568,-3.2704210350693033,-1.1555263122899653,-2.527820754693001,-0.2255073145218865,-0.9457686970403633,-0.2600554718779956,0.37196464997218004,-0.23428674535572677,-0.6512606771908941,-0.8052945200014511,-0.5133002301101934,0.047384061783073694,0.46597833318014514,0.362648622016809
-5.949652888606759,-6.242637063903198,-6.11827557022097,-5.637344598133521,-4.655833331030394,-4.664489514759974,-5.173834982519047,-5.86847603262964,-5.8008775425625965,-4.895983414217322,-4.1553911781104205,-4.534524277051128,-2.838406787930364,-3.4811710655147183,-3.298625832621316,-2.8089560535560216,-1.1587701884209216,-0.6206504963182846,-0.9383146229012178,-0.29236747107582506,-2.3128338332330984,-1.7445485207760911,-1.8292737318500467,-0.6525865935427456,-0.43340705542525854,-0.586814739566742,-0.6041580518778519,-0.5819381118501343,-0.79545690115327,-0.8699463191972686,-0.8302920982073152,-0.5547611177465781,-0.19392165065048841,-0.2636221217035238
-6.761571402913943,-6.309934638090538,-6.173461598676317,-5.721348332755404,-5.588679890597093,-5.359383453148648,-5.988822185759831,-6.355415098915257,-5.290048679760866,-4.607176695973732,-4.5428678023848885,-4.808442359372022,-3.767342960016463,-2.957099324539249,0.6731149513579648,-2.1114140187988393,-1.2263630885115975,-1.42677934755063,-1.0166604275418356,-2.0558110948471895,-0.2551343007347766,-1.807223768777418,-0.26878120545976786,-1.2601845405179637,-0.9433906311865647,-0.9700541101859107,-0.7680829824731541,0.12630597877063482,-0.7712885944874474,-0.9034005918696185,-0.5261828711445168,-0.1946170119467591,-0.32390045753444413,-0.15273032915133164
-6.675405305220976,-6.682120258813452,-6.515268664435442,-6.390680786635767,-6.01951394712743,-6.047104500374804,-6.0779208877498005,-5.656249332548725,-5.160494830843865,-4.869620761149416,-5.388395609682333,-4.536887474402715,-3.683026633152838,-1.6331173082602313,-0.00744374679566306,-1.1089017282351261,-0.49159010280052773,-0.677035935745624,-3.126111002851756,-2.0001207025517624,-0.9260228133153293,-1.4095766127560019,-1.0209831253575645,-1.0262719526723487,-1.1687819730479685,-0.9580430479672645,-0.7883559545554089,-0.7188750671502742,-0.5425339855557482,-0.7805735833957526,-0.5399101036918954,0.26221437882480214,0.42615187492147794,0.17823740802778054
-6.980620823338897,-7.309276245400181,-6.876006647400527,-6.547538053150041,-6.767729281510469,-6.535075053666301,-6.141298034013283,-5.47744813857268,-5.68449830163917,-5.23263568004964,-3.97938740645667,-1.9609102089264014,-2.1343071901950657,-2.0273428021141213,-0.6837925461321187,-1.2533688608774856,-0.4343028483168805,-0.43727981271851535,-3.07834274347955,-1.6258289059848696,-1.9321999297950831,-0.7142386778458901,-0.5980186775944426,-1.022833265183814,-1.3512787430081643,-1.143373719449051,-1.2997788349492616,-0.7270072536177482,-0.7258383557698399,-0.5995302279620927,-0.5038800422743861,-0.0435255580401687,-0.18439667301128515,0.4991067825239979
-7.124447303237604,-7.48580543949751,-6.961409450751822,-6.591973909854486,-6.917558143708705,-6.443834236639885,-6.305037262721783,-6.0963314445391354,-5.501877485805861,-3.1142047127796593,-3.2724204548526776,0.12593126427721663,-0.007488684318023825,-2.0452922316158646,-0.06949705436460732,0.22968577768473072,-0.299550700362944,-1.1327656546315081,-0.9261107176671229,-0.5218562466567822,-1.7271770593370186,-1.301050998151225,-0.7895558186583945,-0.3783476261180727,-1.0380153728747028,-1.0126178692477734,-1.5412253289125162,-1.2703597862691547,-0.6029243089437691,-0.5151906599200214,0.10703326869241313,-0.29659911356744867,-0.2792712747934787,-1.1191409808906447
-7.1742752663688325,-6.446125019358585,-5.918250569606998,-5.716188090024334,-6.130339146984022,-6.374337516544521,-6.055791632525014,-5.492397578741787,-4.780566056807004,-0.2101558190452987,0.15356336397639256,-1.0673846243243141,-1.2785414775195865,-1.8870958838024006,-0.3475272892547007,-0.48187860683285644,-2.2518178805035207,-0.8814600172086964,-1.339202004877348,-1.5578421525446227,-1.7531641744903108,-0.6803391301734497,-0.27601529882497794,0.0022474036498138614,-0.893153624063254,-0.9164063867068224,-1.1344140895660366,-0.8684697409824446,-0.5156571422799107,0.01879203294137157,-0.0034237555170881415,-0.353542845778576,-0.7679283902209485,-1.4005099755771706
-5.856694283155582,-5.716672073570559,-4.897195048896038,-5.060293295800599,-5.0796760657248825,-4.97721738968025,-5.046788189229666,-2.8204298343775434,-0.5671616101504382,-0.7656658375707224,-0.25756057293239315,0.019726233510799777,-1.5009824878071951,1.3639952256616794,0.05461697463766371,-0.5214831150692386,0.5903659380290517,-1.1229457302570822,-2.3513529838656164,-1.234916069555915,-1.4846451562827585,-1.3848472608091893,-1.299088027376568,-0.8201006001909903,-0.7284338369857614,-1.0304410447149386,-0.877336795773141,-1.0686299033204478,-0.5984893193575805,-0.3668003132729624,-0.5162867429629382,-1.2142800375221214,0.410437559638135,0.22029269173433336
-4.08449063384646,-5.384916758699289,-5.012458420274693,-3.8878548469230507,-4.050029128799464,-2.8071317911913094,-0.16338796870587566,-0.2533271766370959,-0.21643409859636858,0.1398957472210752,-1.0007714204111506,-1.0732686929663864,-0.6263701989733588,2.9192915386881357,0.6098386610946852,-0.819044916784141,-0.24664816976454726,-1.2852401479648903,-0.8902127323706299,-0.31727230579852755,-0.9628187192824645,-1.1874402907074426,-2.5310473016254718,-0.7070513491741534,-1.47510621490999,-0.8616659798161271,-1.450344289078877,-1.215962429056571,-0.6207118841436654,0.09637679595004726,-0.7553354640500635,-0.3190894605040052,-0.2561370394776606,0.16305583443062177
-2.2216103072549878,-3.27993789273836,-3.286681911446136,-3.381492836456346,-2.298404219771223,-0.00879314030373728,-0.10355302981090936,-1.0400080968608245,0.4922465618963632,-3.7844339034739396,-0.3051674384780007,-1.6746151405543221,-1.4780172785855994,-0.5663495529885246,-0.15936070185990694,0.18413984259116556,0.12241844919975703,-0.3706935297288168,1.3394071702008332,-1.8372137438239167,-1.4695258479461737,-1.9778057749234195,-1.1808297330181934,-1.3622710663546578,-0.9377653151059554,-0.8806043986487725,-1.1707165811590792,-0.8198195075540373,-0.5430843932151525,-0.21901564721155098,-0.5621320651371514,-0.8520458717390302,-0.6000251399106866,0.854344011618031
-1.5073193830077942,-1.4076244750472886,-1.9483314081987702,-2.0046941915941128,-1.5644069279133608,0.16593154275913455,0.528042832737904,-0.466237071273504,-1.2926178148136258,-1.248101648395122,-3.1726008155021472,-3.122444340858963,-0.4802615263273649,0.0661080768508941,0.38321001045295877,-0.2052407984032031,-0.24639757446882854,-0.43916134892133935,-1.1936318867168532,-0.7748867836637857,0.07224252856847325,-1.0434715322833459,-1.7887907207660467,-1.3905366860982147,-1.0237004556423304,-1.4511046407932042,-1.2533606786662104,-1.2187249021140563,-0.4918282863022782,0.3112552680006676,-0.4822765277257022,-0.06952376175474262,-0.2718046011323544,-0.33476105752731783
-1.1003871655475614,-0.41336773440341823,-0.7805740593878023,-0.6905990555096708,-1.6283119180834484,-1.70706153191621,-1.7576936507878123,-0.0720113025464179,-3.8670550222083464,-2.417277539430606,-2.5623345969274878,-0.6465039953809508,-0.3508537173603505,-0.009859495681870572,-0.603674336441477,-0.07343633714027561,-0.8595248152474938,-2.0543603681083984,-1.0547693180273887,-0.40092239890102854,-0.011902625903769167,-3.0576662671485426,-1.1149337207139667,-1.5700375402275564,-1.3277030208228167,-1.234200972700511,-1.3536129711449416,-1.1286506320362955,-0.6937914932657152,1.1402720593773725,-1.3045584206111227,-1.1625478172705201,0.16395970966641324,-1.7988244348006466
-0.8497279244103675,-0.4813912850314917,-0.3713849527853465,-0.3812992672004117,-0.7623510011617068,-1.5221830599937962,0.1804993040296189,-2.242639648685507,-1.3110971154783364,-2.6936286123292317,-1.0757205268676,-2.4769157250520926,-0.9537634890837791,-0.08230692811048607,-0.029012511175126873,-1.1418542184983782,-0.46513231106512926,0.08523057102497449,-0.2690991691965651,-0.13748019276094664,-0.09210840752006073,0.012963181183489443,-1.1819695701319703,-1.4538644810526267,-1.4517040490144555,-2.490285738887118,-1.4629564258835523,-1.5201740053087291,-0.13349345201190874,-0.35801460978667393,-1.6027079076327089,-0.40242232125687716,0.17853501984744616,-1.7238732618317487
-1.2406586495999956,-0.9137729328912346,-0.5695238826264418,-0.30005015732189944,-0.8870060769557856,-1.4740938141745845,-3.163975030354457,-0.3874969077975112,0.3487417991762106,-1.949776934349975,-2.393284305556102,-2.0831717701905337,-0.9931531552793452,-1.1065326296453155,0.3784892564898668,-0.31577658703958117,0.026020334584045533,0.21336822508695985,-0.13160465636704344,-0.4402732810696114,0.3259905143043449,0.7710127680843432,0.08544383354674209,-0.32897151713820066,-0.6851651603508319,-1.5094695065330344,-2.499632363673049,-1.89170039519514,-0.3673501701603147,0.5826802169896013,-1.3667877189259185,-0.1469731434414174,-1.0569774468766566,-1.9235495726957454
-1.4401136471783367,-1.6118728504196367,-1.076213712784298,0.04136357584758666,1.1164261558660638,-0.14250896103550556,-4.172919090449304,-1.5350364755786967,0.5016095995523422,-1.5379910137371255,-2.0203733212670754,-0.9973938196669362,-0.3837931497884975,0.20834343598753727,0.37949207924048484,0.30763366863004826,-0.6297024320958807,-0.0168955440992288,-0.12301185359308894,-0.6240949188671707,-0.4097213137822953,-0.20387150645226962,-0.9848406907180507,-0.2592549429042623,-1.059030626847298,-1.7933267404390352,-2.118158397493501,-1.3862386783056118,-0.5288154369451259,0.9681790375442579,-1.8600558355315282,-0.9172554065927927,-1.4790285495781539,-1.8483524690148663
-2.244587417350923,-0.9858696553524787,-0.8561736243373442,-1.008920081024332,0.1193041620444217,-0.32159048578597843,-2.4268908083797527,0.5527192541604647,-4.096262387120234,-0.21423655361972338,0.8847856274760888,-1.3551050043000343,-0.08180949688130959,0.20462401074162861,0.008098773154001235,-0.14597168750807243,0.028131992794056933,-0.0852842016296548,-0.3748511172603761,0.3620441652651874,-0.7470322193311743,0.5405265882334213,-0.2915659240527128,-0.9437643584856973,-0.9143216028508135,-1.452090369387778,-2.363557876543153,-0.6659627263653914,-0.5637395364892656,-0.36963922601531546,-1.2087062766229062,-0.6679703961651068,-2.009590998561049,-2.3367679372399883
-2.959335663187208,-1.552656321169439,-2.316664254977102,-1.3667854746749144,-0.11677389940983018,0.3936831223047616,-1.7417152852605875,-0.9123566660023579,-3.303533935425679,-1.7950319032565545,-2.5650819238210643,-0.3748171340934538,-0.8481670492857052,0.6162003974068369,0.08979451054170388,0.03503369208940474,0.025792673193543746,0.18501160510506778,-0.005951087724270164,0.14450075110878877,-0.378477183380164,-1.421060654068574,-0.7749970416409225,-0.6658861856841118,-0.7556073991040947,-1.3524448203427262,-1.9030917785385921,-1.0046816620213823,-0.3984368782477036,-1.1359267916865996,-0.3112070721728193,-1.2743876961045553,-1.0662411544798602,-2.2303116258846702
-3.206829708708152,-2.5370835011681643,-2.107632920775132,-2.344812507015651,-0.9362593362258173,-1.2827516182031005,1.15434709522229,-0.768689699454081,-2.9826154417165958,-2.2763559314630304,-2.477953887247608,-2.4847929833270403,0.5122374526119252,-1.1556238656606792,0.6417570581909262,-0.009283031920325972,0.1389236823533067,0.19808654091876404,-0.2894383915339106,0.42318790047626215,-0.267072013137447,0.0076168021584339975,-0.6023269712786858,-0.5563898448012379,-0.17725024657042285,-1.2368837302481004,-0.9696493821545297,-0.9424493919136532,-0.23218647504514306,-0.5275394942041535,-0.7542098765033473,-0.3916886357976614,-0.12766380012047165,-0.9054345068862993
-3.704627723942145,-2.7293804792590093,-2.921157343041442,-2.526914170029675,-0.9576280779889679,-1.346629587895655,0.1395841192490766,-0.08335014076279794,-2.3104986720651772,-1.6019664370025346,-1.8879764115435669,-2.249031075998195,-0.6888270631167109,-0.05715031238329997,-0.032000362682526595,-0.5795465605295439,-0.5738880735776924,0.4075516411611226,-0.41930703921922907,-0.6836934272490456,-0.3696048932090926,-0.17998255501985097,-0.3536133250317365,-0.9260865930602376,-1.0050765213544302,-1.3072166743547151,-0.856244238600908,-0.6280929307958601,-0.667681974527837,-0.16826656393550152,0.07496250259958721,-0.22814320668459956,-1.9767240176337142,-0.5020655592606018
-4.074230645121151,-3.9628376153829543,-3.2733457765009994,-3.1005536611304363,-1.898592221243918,-2.126878038737967,-2.063873713239473,-2.1843327984313556,-2.9307461324367283,-0.03126002954249926,-0.0531206265264038,-1.7209286713322134,-0.016240593845345982,0.49335343497459694,0.8005980654261503,-0.3266157679303596,-0.31816925905034954,0.38441293263758086,0.07870660034470216,0.4703857319788731,-0.5006369985948338,0.10021035912300882,-0.491904190097894,-0.3811313499420798,-0.5392606742684121,-0.9114024519897796,-1.0796431109754347,-0.8582406236409892,-1.0313501512562286,-0.7499446223884869,0.2855145286498019,-0.54709965595907,-1.02241593411499,0.5300997689322577
-4.638190754039025,-4.327055304568202,-4.152492439176259,-3.54836290629609,-3.5281916503015216,-1.7898423126684528,-2.1195859992029025,-1.5754699126966516,-3.2249033756423775,-4.255969079822228,0.31611926640228794,-1.175546091810415,-0.26402918490086574,-0.5503579459721706,-0.10490109972529997,-1.0908733714698993,-0.7316680088466988,-0.4452349045808705,-0.20599467813887373,0.39318884417267597,0.01375310636280028,-0.24749808279102017,-0.6999610208470634,-1.1475579491533545,-0.7928393822652481,-1.2467090549205966,-1.4997764630777777,-1.5946699080638747,-1.1166439368323298,-1.0488522708242067,-0.16628048223250788,-1.0619872649223514,-1.2701682732215869,-1.2239049843129994
-5.8673185884809165,-5.137735120422436,-5.091776723638239,-3.9894960939742665,-2.8604772996065755,-3.3042848115707533,-1.8135457363478615,-4.618070634163956,-4.352571323193361,0.01668924929831011,-0.30215245433303506,0.5302162756988323,0.11719747005689729,0.2855471091997583,-1.203804109191894,-1.6116890979406004,-0.7230420202782312,-1.2478167598757406,0.29203466577715165,-0.7824803405205145,-0.26060361122077463,-1.39098537061131,-1.1392926357348765,-0.42371319393859846,-0.5932943552479862,-0.7168454024347563,-0.9878095765268584,-0.6340735017576198,-1.0302844916264218,-0.7134303406947787,-1.2256509809917058,-0.6308462887926578,-0.9285388295202499,-1.935461312595291
