script/wind10m.json
{"header": {"parameterCategory": 2, "parameterNumber": 3, "lo1": 3.000054539987559, "la1": 64.9999836372058, "dx": 0.5, "dy": 0.25, "nx": 34, "ny": 52, "refTime": "2025-08-09T23:00:00.000Z"}, "data":
[rows 0 to 23 of 52, columns 0 to 33 of 34]
7.254385783768182,8.554059603335704,9.999618800847879,11.04276967743726,12.112191574686847,12.83672647550088,13.841422695487672,13.990629178085657,11.7147844865462,10.24328131090699,8.190377336360303,6.260972095662502,4.817306760161957,4.502448149098614,4.436629490178328,3.197506359167715,2.4154460276997125,4.338344245969959,1.4213051362441185,0.5534246586977234,-0.14593259737196929,2.3901960701361022,0.3211003487541468,4.659046528561813,2.9514054127830978,-0.348020114763955,1.5619790777607483,2.0365669674742564,1.9749169813615295,1.929236122406038,1.3851638444263799,0.9661188433106471,1.430127846085639,-0.14479516368736053
8.154812381439358,11.34582559581237,12.230064742871122,12.389567376425742,13.357905348160058,13.14658563765884,12.481529522948286,10.204148269072133,13.090685536004889,11.357382454471551,8.250504596457212,6.471737233502672,5.3037083884273635,5.51568553590079,4.261672416689166,2.9583531804368235,2.555589657865958,1.0165240974139562,0.5247629469147816,-1.6962027290222799,1.0451103796063497,2.73643311445113,0.8980445581435573,1.5728423347615264,0.17680974073462744,0.19631333422891908,0.8433559980579083,2.218466916173904,2.1377549577138053,1.0931950379376059,1.5192738698452422,1.8774861158419838,1.4078146482678568,1.6588718750938667
10.682706048775827,11.386234871065906,12.616358358010578,12.226606652484858,11.760631288260104,11.757050355082221,11.839737891174547,15.379858275216737,13.850245664991736,12.316922959214482,9.653111426928218,6.939716292509839,5.973474102168887,5.60934149096942,5.379387284834793,4.933813596702779,1.4853187804068975,0.9409187764959216,0.9283314026658279,-1.1708503316181604,0.1808934578895516,1.635963358613796,1.22695108217995,2.9303316652202693,1.9953764384549872,1.0956410737533784,1.6408982847574356,1.713811339196158,1.47629196363044,1.8157699697852374,2.3659838066528853,2.6507651675557278,2.0836593725705583,2.2133477055805253
9.827268934616068,10.160435555206183,11.199999837191262,12.375392622614704,12.362028034749525,12.860567080138196,13.509731815116506,12.892726449298673,13.964367628713612,12.283309834525443,10.184132554665938,8.255071505230315,6.458884680971198,6.1946860693023,4.563430085957485,2.230922979020896,0.6612317620956026,0.2826227242250911,-2.065114971153157,-0.659929878814128,5.786345387392109,0.2515046334022412,3.1170097785264637,2.1189804036356628,1.817216150830188,1.5266216489724922,2.0872128209292424,1.968355178172986,1.6344722686315878,0.5831290117856746,0.9637210176316345,1.438906865708213,1.9569010846850143,2.0536407831844894
8.754800924453583,9.657965526654072,9.919266421989784,12.311082308066828,12.040168915081223,12.575530698502563,13.474682318115674,14.023701737811948,12.926031901919158,11.354311247273094,10.084235414556026,7.440450167273041,5.103559583458592,5.4974518152514324,1.4685206190605045,0.9184980918261499,-0.5280540383182921,-0.8438230888796201,-2.083437821224912,3.1370455454868216,6.320233771332646,5.151422703132012,-0.23539393880183004,3.4038761943785905,2.226507016418166,2.5022487135291493,1.7659955139243007,1.7556105228197907,1.560520698289352,1.9161525641539843,1.6593733074940038,1.8253968556494016,1.1245484538748298,1.1910600611738096
9.591049724321701,9.247582048753035,9.268494395633715,10.993454294798676,11.46134622488774,11.670518648521153,13.398182950159711,15.32470270524388,13.865493006158475,11.603512634829176,8.205094408312705,4.666264435571192,4.173795091343428,3.6423712320115484,-0.5335016026016615,0.294858945925389,-1.1008234104903771,-0.08562662342297517,-3.0008793307471633,1.4700377458150546,0.44724084604887704,1.4624374877234463,2.9470631989949583,2.2649223976650794,1.8453276073918514,2.685862728308963,2.3313867967061004,1.4066870010955148,1.3429878885135373,1.0962600414126293,1.2922655302084294,1.3303756460182992,1.4736550327640032,0.2827799538719148
8.904728539394043,9.622404226052016,9.08807936886023,10.127678994387944,11.450352311516825,11.256123493423939,12.734022346285595,15.00995404823389,13.316583972283453,12.043585282033327,6.016320750036184,2.6670801858027913,1.3999133521059113,1.8685341664940451,-0.05330173647233922,0.3181093038753721,-0.38538631365151477,-1.1814740946586448,3.536427797516646,2.054118902139552,1.5851842338309239,2.1399708915587623,1.9382849800771587,2.1719647165527407,2.461740397138969,2.264088280714168,2.703916836093034,2.022716041822934,2.2265701742506483,1.4946010214561258,0.8107193457713016,-0.1946664018430816,-0.6906266141563213,3.895157291162849
6.737424579108968,7.802865068794898,9.815477014389636,11.45811527593711,10.966334855889304,10.66034092853206,11.505851951421224,14.29773561171359,12.952723258963353,11.14718411888676,6.9665572741948525,1.5949109555768621,0.31865104393309035,-0.731204418878386,-0.12155505437344136,0.4767632872302265,-1.3892342566036857,3.411893573621326,3.611689758078262,1.7180153824541162,2.7400361023715822,2.3703629756415974,1.7164158796702997,2.9875126660869435,2.0454369089138016,1.7204505249454562,2.0766189848352536,2.644984777339741,1.241536236292905,1.0555919906510882,2.0594442886285758,-0.451211955174712,1.634224068642466,7.347457675991661
6.291145253896476,7.428633210935056,8.973861675822386,10.747721958330528,10.705489874511317,10.51078533252868,10.154332289511927,12.374508801326636,9.278133042353446,3.743333754688421,3.8090661866240647,-1.0311335396358392,2.813814152128451,2.3333011582610625,3.6388587525686553,1.9235495663479236,2.449740491929975,6.297081924927571,2.1345231274232828,3.3519018184827307,7.196200247327613,4.490881279613939,3.090507937551646,3.001866556631736,2.4750261718120936,2.4895748638452937,2.0052572199964604,1.9360599148674045,2.065338645964226,2.480732449714608,1.6367561036045342,2.148234821095589,5.648257886726755,7.399483393347323
4.909549419493067,6.737654268845528,8.710095282375763,9.364439135770855,9.88625160809104,10.107762465099384,11.01163897610392,8.286501557718468,4.395503967782979,-0.002011182089671776,0.9618351559375746,3.3232602512216283,4.132017952938005,3.1795416058386143,3.261270001265385,7.138456008072861,4.180770518352308,3.50033163010333,2.4863216854964945,2.4196807795013813,5.063749496641376,2.8471902669923663,1.7508268045794004,3.0671648072454856,2.3518437478590357,2.2664908615259227,2.767364530305562,2.002222202159762,1.70152300495715,1.550729524953728,2.7498324419436386,6.977654123572916,7.540265816223308,7.678679728483513
5.070552705826061,6.77618365245451,8.169473046912938,8.223312866548486,8.9124880175348,9.608229765824587,7.0651856556630825,3.847648116242893,7.244135139327527,1.0609498980105223,11.701443932808518,5.640326744642215,2.4814215246756404,4.008785829361082,4.414083860189146,2.7406446679316114,2.575697713552961,1.8548225149109026,4.012995354751559,2.1803960905221005,3.3573154861218075,2.014945554959761,4.790824644369225,1.7750351655540395,3.15126915169075,2.0721327912296306,1.8653377771175725,2.1953561259254437,1.6501097749585436,2.1758350987753663,6.8038166752635885,7.990876968022048,7.987276040075266,7.119212198520948
5.939633398668856,6.295118948792472,6.870925115721485,7.01157980826365,9.678917353152816,6.518974218292965,6.8538761596826605,3.956925601231004,5.457235098973952,8.980863772893292,-0.5182992717608448,5.4457018599092795,3.039227157189965,-0.14974967708608014,4.125699744818478,1.331284757164965,3.5957066206558177,5.365005882164381,5.131160066773787,4.253997724563695,4.683563233669231,2.4180654502434216,2.662636149447353,3.6255766450839713,2.2957706702728475,1.5643879824658842,2.5604877409813533,2.606124990300224,1.8157804347126074,2.3867377343638227,7.285525334057068,7.900921415801935,7.908529879226579,7.259067860605715
3.0839457410880278,5.790718953993743,6.836890544740883,8.077630691370324,6.47904047562203,2.5314852309878177,4.342155841667035,1.341360138482655,5.247541537551158,8.496582865431849,4.549546887520563,7.567011442759442,6.385573892260064,3.0521688030969396,3.4024547005835624,5.497817820563796,3.73321877223764,3.3296811717363055,3.0492305745513604,2.1109365496399883,1.965046440034237,3.5700908251952317,3.317071133484725,2.195552402146762,2.761123921740042,1.4793011687799875,2.6857684860149384,2.101982644776621,1.6498492127598205,6.159607697944763,7.742093896622726,7.998883735554514,7.251791533099843,6.776452354983724
4.691858419716492,5.204961742673498,6.072684949636877,7.425225345567474,5.441030150357624,12.177618266200305,6.822230517021326,2.9456165755560004,10.725311536663154,8.656335500882884,10.47372641297098,5.9539881327310455,2.176824621127825,-0.20603568144548645,3.407994277040647,2.1481847459399335,3.2851598607771884,2.606358240136831,3.50606057419848,2.4675181212922364,2.0124079233496284,6.059670748244722,3.642748496613651,3.9194181427326975,2.933858622454637,3.261969298917735,2.136686264574484,2.477601135171754,1.8572768033780027,4.8326283620664405,7.643057424176146,8.116465402576777,7.513303573246563,6.482949999558182
4.704217155363709,5.5424064147816035,5.814865388578011,5.472381757373395,5.494319874987041,3.348402339989165,2.0782894073117752,11.108015327487331,4.415958192400646,4.21903105709954,3.593560535814681,3.385767113433375,3.2795739213649147,3.3906901175926016,2.4892299893888614,2.9033088072289477,1.2596937331269404,2.2864020715980082,1.9719129114952947,1.8373450509791824,2.7183342972765425,3.0607713215728682,3.303445772802505,3.186997703766807,2.285912414712126,2.12279456935008,1.690280914682628,2.729252651682828,1.905880671225133,6.50663908504616,7.9248251887099,7.640359189135445,7.500027767032907,7.026399997246441
4.909813185367218,5.509351843761341,4.8143389874248195,4.735505051184337,5.007382813245718,3.231486000971561,5.94903441442537,0.6125100470222704,0.4794073480963515,2.3877428324679157,0.45262193313719407,5.056528117686197,0.3455316865647591,1.4856890357455286,-0.5473978512802504,2.5892041374126333,2.8996511123194604,1.9314056530193753,2.138529448457874,2.0106528812143294,3.6438332061398655,3.5003066092404707,1.0803463161251745,2.1284510840446,2.236296854688735,2.2947950574789284,2.9970895882864594,0.9332745373264497,2.35447767847304,6.321755492587618,7.593611963462056,7.2059944307757515,6.690320154313729,6.59194916253695
4.110766543122031,3.8915172152331934,4.454846624817935,5.4068621079847325,3.7755350781871644,5.145007530423566,9.97872435366447,7.442912025940628,4.428967223856044,5.769616462396289,3.8930888691619514,4.686014808538896,1.6921441250267524,0.5452906546891153,1.0708114777170077,0.32499395436171613,2.209789398383209,1.9281188468115051,3.130209666923286,2.8652047319877436,3.3152487838304148,3.8260453401041574,3.1306009654438633,2.6773676362574954,2.6507764942450143,2.2303936038125105,2.9214363658763305,1.8381657919073158,2.4773102623287224,6.0111294773919735,6.9681548817942325,6.751701896828102,6.016437341895845,6.076159480162755
2.7738472137448755,3.4926764811346844,4.640761133926664,6.320413909656214,4.5925927506643225,3.992352139376603,6.200112287156918,4.024755414302859,9.252855260719903,3.9763913082104834,2.7239864401416725,-0.0227862560388307,2.3941800710324124,1.9439434008904217,1.7660487052633955,1.9610574048636866,4.008384226685654,2.363651783357873,2.947656588936773,2.0578792724314448,2.542986672276449,1.1962129961011925,3.108949133784821,3.558169353666077,2.7980733491199707,1.7299092887207732,1.8484337795360442,1.705227598828858,1.968352611641251,5.346515237075939,6.596884063960943,5.973767639157856,6.446425588534111,7.078050603004422
2.670195768723279,2.7439706133761583,4.145670397893725,5.60651794352323,5.7389366374614,3.140083937089418,7.260545412947293,3.0968745514614873,-1.990743280417455,6.034378465592121,2.0454715273095783,0.840376183147808,2.057504585269335,2.5278983918433706,1.4712049013405193,2.235548457054245,1.028460929060641,2.076214779473761,2.5108498800358396,2.367395868922325,2.24503656266774,4.4008581391987045,3.2142259097971024,3.426044548217102,3.6253389448772793,2.080695361703321,2.107672039418036,2.4127059005913547,2.0494335181598644,2.1748361982472666,2.366092028648123,4.445521551132452,5.866830074629915,6.849520204909662
1.5911081237721332,1.7708808095488182,4.689845805860105,6.229195583148205,3.748917430993364,1.752574300628936,4.131012017992574,4.314291729484998,4.645313990318024,3.016133796717701,3.1049130237750457,3.3468618115417823,-0.8521262080293888,0.8712860183572019,1.239555737109028,1.9418953991785575,1.1890810923003996,2.0545295507851833,2.3055351397142214,2.1865871117792186,2.574235382185092,2.98186895852495,3.279366015913984,3.3072546224881165,2.6021383835075733,1.9014942324154063,2.387055428996608,1.8623657359482533,1.8778770021416102,1.9356189720038532,1.8236246400054945,1.80048953078289,5.412287910305722,2.516272564572122
2.440328476989167,2.295222612853848,4.984581915196789,5.498900343366953,5.487582076920878,2.109845002616453,3.1986278867609603,2.735244168744626,6.894114090313095,2.0925218430167485,2.4694209360814425,1.676681243881844,1.1582048644542429,1.9554929768713636,2.2528360160799177,1.4454947195703705,2.1785533448377348,2.222739738195622,2.1560732793990502,2.395654708139294,2.1897795685106716,2.253150135350875,2.846706548098305,2.068739703344923,2.500258897910111,2.6940593961181425,2.1618480884113724,2.228667451801786,1.929862344358296,2.3462804437730536,2.228907671294947,1.5792286024022557,3.7955308702099226,3.3568767436712084
2.5597172649688784,2.9617896508734534,4.443407414992707,4.8292606478162385,4.251546547881046,3.8703083175970048,1.239743749764645,1.041689562839442,2.689993023136583,0.5753520090321196,1.9248951693143648,1.6922006719424643,0.9767017118244451,1.65828157533989,0.01374191345323878,2.421307472347564,2.0959958303947808,2.62042900088215,2.254098364666592,2.193114240226356,2.590700523977875,2.760280728082647,2.876645450683614,3.2612853681624774,2.3236928544091713,1.926724182324829,1.9706843551169333,2.0646177011473608,2.1033764910345965,2.1955677617059504,1.0376019657779472,1.0465214878201066,1.3045126537151082,5.999013239473947
2.515879420473857,2.8105051588451126,3.866535077602279,4.06605530307735,2.764537748570241,1.1625774997842877,1.175637512224383,2.586647139680296,2.3798899285745048,0.2821093194087134,1.7508007914820396,-0.2304030492289061,0.8220401955275823,1.7027652815864245,0.6477316279218069,5.355308691899702,2.1429727542151835,2.401723581567326,2.261953776676871,3.2850910043083377,2.4538065914033425,2.3077177992617512,3.1109720006504458,2.187728534546921,2.008957074033905,2.444760009918163,2.1076879599562557,3.445722218196255,1.9156534986185199,2.4062506786054056,1.3440734126279514,1.2333074190115707,4.182837159335445,6.420175579241597
2.5574122593028727,2.327379370419186,3.2494219381690836,2.350592324849059,2.787921339525059,0.6848471474712643,1.317884537678642,0.40499758735047947,1.9791857536886248,0.33745676064707597,1.0059461103888263,2.3974598835326724,1.5194481395688224,0.6833724826233589,1.4903554038099365,3.9767782678564902,2.6461305189205375,1.4884780266472581,2.2852016347994235,2.2938528245034293,2.588744308061573,6.570693889753472,7.757332568777653,2.712186723740215,3.5349529771791715,2.2428763871676742,3.058572762387173,2.0288169817800092,1.6750241239134387,1.876351210712334,1.466909579448832,1.1768016226524631,4.189748611145779,6.141403578208615
