script/wind100m.json
[{"header": {"parameterCategory": 2, "parameterNumber": 2, "lo1": 6.000198445256149, "la1": 58.999992894266676, "dx": 0.5, "dy": 0.25, "nx": 22, "ny": 24, "refTime": "2024-02-02T07:00:00.000Z"}, "data": [10.098973221853953, 7.04836873893642, 8.891453634025376, 14.598977960154276, 14.34702116920312, 10.387270970035642, 13.281751097889728, 3.8055868071488756, 5.719784677648199, 6.905297612970735, 5.723542081961944, 12.891885787801256, 5.615281625820258, 13.860587439043943, 8.142715897500949, 6.899438408280322, 6.088343332371359, 13.144261181878267, 5.711940880756817, 8.525583121496963, 12.97091469439855, 9.280452594723375, 9.076958780114934, 7.218179236944479, 5.777326103425365, 10.19819619150207, 9.902233584006474, 13.90265857235747, 13.743029034958626, 11.041558623317066, 14.815800064471757, 15.072603805669653, 8.263359727326856, 8.1034399798697, 8.272516194449073, 11.196837702298383, 8.999246625726142, 12.116877412147096, 9.913990007583966, 7.847799070179472, 13.814976106082138, 7.600760264038868, 16.29735123340284, 10.163935377647139, 6.786483331012665, 6.954043582335211, 16.048052937712825, 7.400334120443592, 5.703601491689498, 13.062447906323376, 6.154769628812934, 7.611565433213075, 9.282142026440491, 8.478605279599707, 6.893545376417164, 8.812164316296716, 10.763113597852863, 6.982299088134752, 4.214678368975074, 6.896874338029054, 9.58409583620779, 6.784091229663494, 7.741523031299915, 10.028988139828671, 9.090891222402828, 12.916346702995124, 9.782893020353098, 8.571815318962857, 7.094902724998386, 8.547286176895804, 7.992617883036822, 12.810672665625924, 8.136207855806319, 12.576223895231227, 9.320745636194003, 16.42357529981843, 16.46034621571082, 10.280634768489884, 13.424349836178385, 9.912298404637202, 10.074035071775858, 8.509526206172103, 10.003336501940499, 7.667838803104847, 9.753348036112362, 8.299381153303807, 6.186432558695067, 8.843419078597265, 9.073487325286916, 14.725834203834221, 7.410427668246405, 1.639524272203856, 16.996314656482713, 7.281915366605488, 10.58046158360255, 8.299058598298695, 9.640478067619263, 11.98249611627132, 11.141806302163896, 10.069431686022297, 10.81148142991588, 13.956313535191956, 13.63801811733899, 16.349706535985923, 8.3297007069251, 5.359081206738099, 10.785613454946203, 7.794449892581986, 13.352938565678807, 11.665389009186296, 11.442227413211166, 11.693228070983986, 15.465023961796232, 14.921085122930227, 7.04785831555242, 14.031129433778334, 7.030346246114049, 9.320861723687218, 8.591653529612353, 8.726390054139868, 8.20385134022136, 7.4678339015795565, 10.876264993938394, 8.177820257007813, 13.486884127887597, 8.559686667921987, 8.357227178985113, 12.040863998601804, 12.950989058587039, 6.547636358969104, 9.693879257466703, 7.494223370883423, 3.432005435683548, 11.49827034505999, 10.141346807540375, 16.31352045593564, 10.661294940481996, 4.342090620033918, 8.889220950178874, 13.383915620405045, 7.6675556114795675, 8.992231656145774, 16.649076745430293, 6.656184505207065, 7.744123359677193, 8.010156091601898, 12.03222792933803, 11.542253304581822, 7.35321180883541, 8.966252186083262, 16.810229859846388, 13.95999619456832, 16.783557595645185, 12.103495799981745, 9.806998760805605, 9.756951005274223, 9.997451173064226, 8.316071877288678, 9.529196062536945, 7.497559620910877, 13.160608350533272, 8.619963975692002, 10.880221727403041, 7.695617411900354, 10.17631727735781, 10.307238635512336, 9.069760550261277, 14.240392534631988, 9.953096265715558, 7.546206763771592, 7.256725421890422, 6.203835147813389, 14.487502771248103, 7.3132339111406495, 15.666644005725606, 8.124947052852736, 8.263999601259531, 5.440405272123908, 10.121939324187112, 12.673215970031976, 2.8898778462456765, 10.835381330553988, 6.4162691441438735, 6.129729823124564, 8.996703336903842, 7.388576004860084, 15.127743642561907, 5.654687185048358, 6.302700820030849, 7.775211249232201, 11.69795202527502, 7.295579172930918, 9.955307405488242, 5.574319523530673, 13.016700105197996, 9.172660266523101, 7.910572584969901, 10.688741487474134, 6.379610663390613, 13.594722570307349, 16.529244852880254, 7.173327226178727, 9.323079165070839, 13.380075254788114, 8.77553242080943, 8.29442690231378, 8.36777221002666, 12.693045511049412, 7.378244823153062, 8.990213039688468, 5.404302685445084, 9.3261272185368, 16.266834802708782, 16.58767331375725, 6.827087041032044, 7.752244183084351, 8.047595945653308, 10.12135018701467, 8.704393608643569, 8.732536509101019, 12.44278604195897, 8.448635336727277, 7.036458649491133, 13.710409204480827, 7.881325729287426, 8.319684655135026, 13.199236301707035, 8.894174170933933, 9.190430362464436, 16.06860345006464, 7.264485410836892, 9.056062816245387, 4.8210915959839395, 8.46248115905439, 6.917699137576695, 6.352280106989003, 13.748322687961272, 8.069859740032156, 7.71533116810597, 8.183662013481912, 10.36984771929306, 7.720600259154499, 6.098518836705774, 10.125939079277323, 11.163546154208387, 11.081647776949731, 13.249662341929426, 10.453584940007827, 7.895352136116457, 10.972138430706368, 9.523685365729483, 10.228959691516453, 7.363085656665293, 7.9030337086398434, 7.8112165087555505, 16.250002940966887, 6.934042213985888, 7.877837279626318, 8.817315315716634, 6.17932294492552, 8.740362001897692, 7.805351643183552, 9.301079727519705, 11.64860762632272, 8.122413413133408, 16.333554999858116, 13.89011789450766, 8.139581660702305, 10.923686079018019, 13.68431880516351, 6.8260780450109175, 6.3395544177749406, 14.129317175147586, 8.028644974085724, 7.55529648694715, 9.119979291918476, 10.514513614633218, 7.121831527172173, 7.480755393936771, 9.826050772212849, 11.44330890512952, 13.507235677791735, 11.449046677616133, 11.205942543248826, 16.49162204690404, 10.404274968262989, 7.069343204351966, 9.483037431042463, 12.198518364533717, 7.3127521489626135, 7.233512791386581, 10.066758349098485, 14.474227986208417, 11.341955312578188, 11.28861674305379, 13.546839031192237, 7.840306041765151, 7.932876891352131, 13.220329431869642, 7.54722349980118, 9.890222482751867, 15.907727233043822, 13.284272464589735, 12.072784991444482, 8.642939267646973, 9.899772040048564, 14.07192898457151, 9.074631319232825, 4.316753432033674, 7.275783571049505, 15.072894149772713, 8.715434824150366, 8.335889622614145, 11.000044904559019, 7.563347135859798, 6.979962206972215, 13.08999991521806, 7.837092313602359, 6.949492064948789, 12.486271824132276, 11.317762715489993, 10.242715591704817, 8.562959348489978, 8.873031954839192, 10.914544410318664, 9.127388068454874, 7.7336767570162355, 8.37493488702925, 7.504450770489018, 12.211044488749744, 6.513921416831599, 15.493467130572302, 8.903478128441943, 5.962755115027279, 7.054578728385276, 8.753354849768577, 7.089987184688049, 7.961275176711496, 6.868803328223751, 7.684929125969873, 13.245465246636037, 8.819859740598215, 5.791893419370463, 12.99284127371553, 8.282917316294522, 15.739907297874455, 8.61347619895923, 10.004270289441159, 13.41932690264871, 7.663717253034363, 11.127365943262866, 10.845455283880275, 17.49310015808299, 13.391531353147116, 11.299505835269334, 8.50348688337056, 12.028702180677108, 8.55207771471484, 9.150473703262632, 8.449346279760423, 14.65554847079028, 7.315020608408051, 7.5795649034837025, 9.139713456165998, 14.269805628102674, 16.586821875357252, 11.656278649713554, 7.771175409031163, 12.52319433604487, 6.664402373788544, 13.568163947501446, 4.646276721439053, 7.382442527730403, 12.116568074954, 6.753294555978905, 11.088984395520484, 7.695763805556095, 16.45612928913783, 9.439663937294648, 7.759836392517663, 9.129187443516296, 7.399140755327404, 7.483785981188376, 6.73424078541157, 5.946719012683284, 5.64076002735221, 12.07576860870338, 12.144929538137749, 20.537938285081225, 11.946126806867266, 5.602246631630883, 7.521072093389425, 7.495516460891067, 10.154619971576864, 11.427940426146023, 12.943582955975089, 17.528776720188322, 12.616973834075637, 18.402828553454277, 10.981424675605936, 3.2828065060929563, 9.658532158687718, 8.446639544136332, 15.1715069337853, 13.97745581105147, 12.479170101936305, 8.393886313397635, 13.021487766177138, 7.502601322930834, 6.019265903889278, 8.43904977608144, 10.88624360495601, 7.729129660827043, 10.660921804292542, 7.390570023732078, 16.53623700026623, 8.50577804903092, 8.642830358609421, 11.428293092373353, 8.976879916083714, 8.647500222686881, 13.396146295172052, 9.868021874739028, 9.670398314645936, 9.41274636755811, 8.66202404436064, 10.373010157772802, 13.163256559486424, 14.003941316291723, 9.763477331039821, 6.582714453400572, 4.615562338695871, 7.695857232063848, 10.37933123479891, 7.488690933285486, 6.555558606662028, 15.833118490958759, 9.042045514053758, 15.079589402684016, 9.774033729592423, 7.535721547945685, 7.926063285817585, 10.833163841545632, 9.289692983661519, 6.184202232675567, 10.179224280119087, 7.751843947288678, 5.628053505799328, 10.773143244680954, 5.035697703965826, 6.099794464373053, 6.4929698401636875, 7.007376525209986, 7.141508462071292, 15.15292674622633, 11.849135470027898, 6.5611301417279755, 10.973832711570115, 12.634353242794722, 7.524336697324085, 14.377843232593582, 8.62116012985312, 6.427549509383512, 11.840352114211097, 10.610993960008505, 6.357523151585592, 10.112618490949776, 9.791054803113461, 10.813511741671933, 12.377912533602954, 7.991882762471835, 5.885106315353556, 8.48816299506145, 10.348054560790144, 12.900450389585433, 8.206514670283799, 14.318929075275893, 11.114320319537645, 10.602297115361505, 9.145789985299931, 9.638405992732721, 8.13905951652898, 7.325784589616286, 13.330830250367447, 9.58799460925245, 5.908481249181971, 8.288502208356503, 9.169166944546788, 8.147392986839565, 7.691923679556304, 12.615396662772325, 6.111090314721446, 12.028815293028538, 7.893553568380082, 11.755586024049459, 11.792226471925591, 9.461883327803656, 11.033537276536055, 11.662192956685079, 13.223075686791951, 13.355708756570477, 8.222686853663658, 7.993906895396119, 8.239829135636164, 7.810596316950765, 8.267543380605279, 16.318919769882108, 8.462905816991702, 10.768885071737206, 8.390859547904173, 7.813303271366095, 10.73221856831185, 11.014243805682534, 10.221967094730955, 11.641821517242963, 8.74420053986195, 4.687242123033027, 5.301316263285098, 6.168781774128174, 9.68031066333887, 11.231765265548495, 10.820259118609073, 14.767328184422217, 10.76059215513313, 15.652658145044715, 16.545023023944722, 8.784435651231485, 8.921217571346409]}, {"header": {"parameterCategory": 2, "parameterNumber": 3, "lo1": 6.000198445256149, "la1": 58.999992894266676, "dx": 0.5, "dy": 0.25, "nx": 22, "ny": 24, "refTime": "2024-02-02T07:00:00.000Z"}, "data": [1.4741985145294993, 1.7110739832273603, 6.383517948092111, 6.994841079889837, 7.183610512553216, 4.3230823223134625, 4.270429647097983, 7.225277688210043, 3.5636207135115687, 2.2781195215625347, 4.070724248578747, 2.036710442462399, 2.1248702515997144, 2.443613709936874, 1.1716651221745535, 0.049741285769009394, 0.8787766786886742, 1.089010257705449, 4.767157238746917, 0.2655034665919799, 7.7654141647856445, 4.514390796897734, 3.429725452634326, 5.7281255800177435, 2.8002281671139775, 6.685882697550672, 5.954566128166504, 6.933426701900645, 7.500099021791411, 5.3684647671747925, 2.9780431739739286, 3.2108178341896205, 4.58651911219249, 6.3760819096457615, 12.18321704758241, 6.2513724631545315, 10.861246652985287, 7.284935804985991, 4.647678980413574, -1.1304085145186593, 8.75951442445561, 1.4448990669925768, 3.715669721151078, 3.412721556131192, -0.03682276369464143, 4.740001742097389, 2.739282663888202, 4.884524776586492, 4.9142195290488555, 0.8921588779468185, 3.081026204801856, 4.4405341226105435, 1.2941448367594175, 4.141089198541834, 3.269331620247741, 11.589965529440471, 5.8475450461297696, 1.4349509093339963, 2.786800405718769, 2.631021179652455, 4.914576124907361, 4.119781863234729, 2.3245345316986055, 4.210036518558714, 6.604824369878867, 0.12023112658569339, 9.760287365697803, 10.797694544074655, 6.848065007514195, -0.7502774598784142, 5.317899713325426, 6.149313662786985, 6.24003559330869, 7.2690815431901, 7.13289113311206, 3.062946624059113, 2.6377566438923945, 5.285038231942639, 2.615187784897482, 7.101373831900203, 4.854563672358426, 0.9628551535245707, 5.116755475796679, 4.29966848778649, 6.833505536540495, 3.2569451629480204, 2.8117334946917873, 7.465231295171168, 8.122084018491009, -2.536713391010519, -0.27657778349868445, 5.260337406866488, 1.384955764551233, 6.4645243762808215, 1.6976487552334698, 4.697544142848502, 4.710084038028908, 3.667687036299043, 7.144452325882058, 4.40277804638422, 6.8834535102073495, -2.9848275474274035, 2.587296887941498, 1.7626041185493142, 4.072431880473661, 5.971260068386983, 5.646357197444786, 5.522633842539236, 4.845018188432285, 6.292996528437953, 7.527017309582468, 5.6705604323991246, 2.62794464422818, 5.094727380738129, 6.009403494131129, 6.47906157000897, 3.7337598999713877, 11.544107510621588, 1.6211679634171334, 6.7794796451080845, 7.240979589041463, 3.279997116761259, 7.407743595575009, 4.961035311945046, 0.5146071080342143, 6.715389376980353, 11.940498870295949, 2.5347475366215653, -1.784295858400001, 6.427879548921069, 5.092721292968854, 5.487349347945649, 5.84163323292942, 6.4473069614470555, 4.7324530957496975, 1.947924264466449, 6.566318476717054, 5.286551029895422, 8.097634273886658, 6.6545769300376065, 4.398477852239264, 0.30929516718381944, 2.4851302481814046, 2.458240317005619, 3.336013332621622, 3.562611761741889, 4.167697864442235, 7.407769596586165, 0.6512550407375733, 4.6006887795695, 1.5797371796134005, 3.34302566531742, 3.0605871533939877, 7.883873871818463, 9.833914931897487, 5.908678260300899, 5.687687553747742, 6.767836280276564, 5.107824891384201, 1.2914914373729234, 3.5450952250919316, 0.7502483293452206, 7.669598017137787, 0.25590885043167866, 4.419039150761075, 5.608486611315648, 5.12167588307101, 1.6875857522642963, 0.028322332031594087, 4.160869632964096, 6.9979845644475205, 4.96834375710735, 1.6608590963581782, 9.275823005272088, 2.5310333425278206, -0.01849287394694856, 12.283294662372025, 5.7840282583668845, 3.7945673421746298, 6.010603722370523, 6.898809511779672, 5.895986408694242, 3.0215854626617045, 1.2410801324436236, 5.573889343827643, 2.5028388845177147, 5.98679505304916, 2.2628110298868043, 6.282889444295646, 6.051391649181482, 2.400840663241491, 1.5214115920316358, 6.7469699415111375, 4.567103050014014, -0.030966661683417208, 8.01701858544907, 5.208777077634625, 5.362841716523658, 1.9403171742559873, 5.0583966373280305, 1.1282801825037447, 3.349040691183655, 11.465025086521365, 2.23429839229699, 1.5942849131705552, 5.3503647629072395, 11.535863367674231, 7.402099043397029, 4.513770435345843, 11.494986014253833, 4.180713476858968, 9.043724685879424, 2.3326120171754368, 1.9352861032545303, 5.92517261024157, 1.7827676022905077, 4.607882083888604, 4.401224660812659, 6.659378177511585, 4.528947793854234, -0.09413011086094505, 5.553684388102775, 5.757896862168282, 2.5779376390263034, 1.0725406061783482, 10.934349166186085, 3.6377438951367536, 12.279111737638726, 3.973384939076798, 3.579782365020558, -0.06218044654053251, 4.312458985005607, 5.726164545509748, 6.555521271986107, 0.7682693470709511, 5.056255341223983, 3.9933254822849116, 6.477186570936471, 5.732791259599795, -1.2501160476788273, 3.8632725773322663, 3.564365965823934, 4.790882335263581, 3.899256725173261, 5.776472586107671, 7.541398463545223, 3.2966311576921443, 6.896503590983538, 5.192985399705441, 6.002181394917425, 9.917978229855935, 4.32825610889153, -1.5030970811016464, -0.17564724644694674, 3.641369428004922, -2.55543632213415, 2.205027707755479, 2.3492249549293773, 4.094366390446088, 6.206839351950403, 6.906674271726756, 4.766833982500345, 8.909640839175648, 6.799140374812799, 11.809046686373595, 1.659824481911612, 6.545028521522234, 4.515267888252516, 6.859194619211773, 1.1007425966152569, 2.39963855228411, 3.2317372249344114, 2.209635777721106, 2.8045953318259746, 4.0528662725446445, 11.448750879339144, 5.657090258504049, 4.128000194064711, 3.5599428155808175, 5.875130664302304, 2.2417993798521105, 1.81784546497802, 3.603197221694439, 4.787794333776699, 2.791832946841436, -0.4680938092574056, 4.692648471844886, 3.3740903139270055, 1.2076285983133583, 4.408533538072127, 3.057511902603138, 6.5237136665937125, 7.050337792831122, 6.237598122041822, 6.7153482458998575, 1.7488946420630045, 2.5932707947074167, 4.194325797184084, 4.587378167048463, 4.385260591247226, 8.31228064689256, 2.1095038340227097, 1.178694765628681, 3.1973572304644007, 4.682963864869069, 5.8427578051230675, 7.49125214733401, 4.874214645497296, 5.783215013665745, -0.15451529524280408, 7.022012351249585, 7.247981225461306, 1.652184256794255, 9.820208936744386, 2.9881188991929046, 4.397651685461908, 3.850010627009097, 5.940547574561188, -1.2413492439959193, 1.5280808552627327, 6.804658887313352, 5.93614744247618, 7.663934983776837, 8.643605037361706, 5.097893135296792, 0.5017552884599839, 4.5771097609568345, 1.9771883570670612, 3.6724540887470654, 7.0002556366256465, 3.7365111286728467, 2.9825438150650325, 4.909456884592084, 3.5880939143761035, 6.387598371337291, 7.209730811377754, 0.4460578383337585, 1.5721423149187665, 5.616208191110816, 4.936719948088986, 3.798291808120245, 6.698090606473166, 1.9757305574722066, 1.4055856893881844, 6.700990235525725, 2.6045430139178, 5.321033568933883, 7.64591313481547, 4.470476569071093, 2.0011139017116917, 5.6465418290042315, 6.63731755301646, -0.4185433102861408, 6.927208382314809, 6.252635200297678, 2.266419593751817, 3.6378759154143423, 5.680254913847077, 4.595498725996451, 4.097888907131863, 6.984639268807137, 5.0807350036417445, 1.9751870773586455, 11.401698841698327, 7.230920364481449, 1.4883496759340318, -0.3853303967664828, 1.6296969607203202, -0.41805366096266067, 8.272707803639491, 8.077262717818716, 3.4912347548444087, 3.5942908208054414, 7.985129087223584, 2.183005529941071, 5.515522853572538, 4.36021194527214, 1.3050308762454237, 4.678276471936542, 12.551150781521516, 4.719754042152315, 6.021554424174961, 1.8949758768447231, 5.998627834421927, 5.395752169191338, 3.374857928511037, 4.632833884679478, 7.113126400657071, -2.509349727386857, 3.362817543821319, 2.7934057296820076, -0.1068865587168754, 3.998693743421587, 10.546843579468057, 5.705216960106433, 0.9371956029848775, 1.075445126998032, 7.035276741620595, 0.06919394665205836, 5.411241383876122, 5.342406533652176, 7.74251173845041, 5.818628425508048, 6.886247707207685, 0.2093663531657967, 7.89316982944638, 4.187603703918916, 5.188377025912656, 0.8834587532803481, 4.033019600699849, 5.034249656452466, 2.523279784079759, 5.017311712967233, 6.296524853842885, 0.9817262943772501, 1.5142523232829441, 6.183697404956731, 6.145852111085035, 8.85608657389555, 6.9497816192228825, 13.375919521539306, 7.448706120732105, 7.678234397369032, 1.0227929923031147, 5.805269217263174, 4.600620460192516, 11.330720608882245, 4.725146680972279, 3.908414287695001, 6.874026861600363, 1.30094594473694, 7.851122898659878, 3.3680432631090196, 1.374308049356767, 6.912742551708447, 3.8839084287748125, 2.915917909193939, 4.713018540820502, 3.6835800889765657, 2.1183028319763855, 10.26360439037616, 2.8561171896105924, 10.11555463149762, 5.062239617403453, 4.050262853436681, -0.5178739245551588, 2.604539972282495, 4.380579667988876, 6.405828803869389, 3.722817168962703, 2.9165591368608372, 1.4246402044293018, 4.663594881576706, 4.650325288939089, 6.551676199373533, 3.927118551655552, 3.2060903494447444, 7.547777066108903, 6.660448740829225, 2.2457546793497727, 6.934710158054126, 7.257889302425388, 2.0212768576171127, 8.007216061377122, 10.294347736210812, 1.4954076557824765, 5.25842833064345, 8.027786167144365, 7.699636711728744, 7.498237045683831, 6.800669758659724, 1.232803955152978, 5.930713240891409, 3.7200972150568123, 7.630299249300319, 4.2245882046278975, 0.3461611986142981, 5.848563356248426, 4.638777321698786, 1.540308042673412, 5.055912668993698, 1.498782805255576, 2.8398654269642294, 4.795132050705423, 11.67666113964037, 0.6992604237552335, 4.168108736800547, 9.032384749427049, 0.6020049556278784, 0.365989787604788, 5.886819491055553, 4.344433313731019, 6.245662941886512, 1.1689917901147615, 7.472889063651558, 5.862913085752792, 0.08867466591740299, 6.129768911979865, 6.1806036835084965, 7.2738313627050735, 3.6448273400057323, 6.800325538018481, 2.016519054014285, 4.5562323662274125, 2.5900624832653203, 1.8438201699536085, 3.8681267388925145, 7.612708653580383, 4.406098243956384, 8.010838392566509, -0.3179844949892621, 3.2947354766283157, 9.179775831085871, 1.7395686902920404, 6.701626439442149, 5.284041020188901, 6.9540776747509705, 3.8853834225918837, 3.8388887954302446, 3.7006573401383993, 5.635673292348509, 5.141236455909981, 7.35616846811987, -0.6058470986749859, 2.9086852467436164, 2.6011459504613343, 4.60623108057591, 4.160634716191759]}]