script/wind10m.json
{"header": {"parameterCategory": 2, "parameterNumber": 2, "lo1": 3.000054539987559, "la1": 64.9999836372058, "dx": 0.5, "dy": 0.25, "nx": 34, "ny": 52, "refTime": "2025-04-14T07:00:00.000Z"}, "data":
[rows 0 to 23 of 52, columns 0 to 33 of 34]
5.63043360561101,6.257874505895231,7.016232259109863,8.401444365675307,9.38492835915843,10.162889504204507,10.546495930519358,10.593064231780946,11.189945097087659,11.081348618783565,11.264751618223853,11.578489286344146,11.879044056908546,11.547005112253883,11.772881385272521,10.682450858414144,9.766304416948637,10.122912381353238,4.941522168563827,5.709590899043945,5.4365405409488305,4.997082249772326,5.585356927984371,7.951354375195523,7.24366934220446,1.1978696294448388,-0.14321121881435644,0.9329340032676527,1.1552290063389958,-0.9596561134394056,-0.8872113264634618,-0.8820433602927469,-0.03261793745026598,-0.6804058266017584
5.727989093763074,6.3324911515203395,7.149389565722257,7.843715145731602,8.650877518818932,9.61322329007384,10.140991385830029,10.574547347382156,10.786830715618144,11.18200691402066,11.089593771624722,11.171547292675195,11.341590705954978,11.93824343093691,11.2964977965196,10.2217949319717,10.089081622301915,7.663011345566247,7.5028840298997315,11.071203293091878,3.135386002454679,5.140937753127101,3.2725938970735133,8.702958657553804,4.226835590601854,0.6392124732478323,1.5466697286080429,-1.0916148977167617,0.40581313681674414,1.4587990153518569,-0.7865465071400151,-0.8997504987931834,-0.6238316302651118,0.3658528310415398
5.104416827365019,6.583850717959155,7.189876897320388,7.752608824040252,8.472121927942062,9.052094794134403,9.663937738350496,10.10155424189493,10.276644976045118,10.847898399554252,11.277513710663701,10.901247092642269,11.086956964929861,11.23355903922988,10.46385120232674,10.247972722343325,7.473557665062812,3.224743772181347,4.347986563491722,4.767012328277364,5.010797004646413,4.09480341905214,4.105091399204703,7.1944330197955875,4.549008534436155,-0.28002338231822904,-0.06115225077035994,1.2957596845119972,0.14549825082322568,-0.32363335744443317,0.6109995655776862,-0.29115557767438166,-0.5890013854785312,-0.06492800161939295
4.291395593271832,5.609360995615493,6.786647186219663,7.39457305868721,8.306537277527488,8.927035640452607,9.332156474135424,9.732862323271359,9.54474579962703,10.014805342150455,11.146958969396211,10.697274033345309,10.469636947220522,10.169219216397561,9.194460359792386,8.083624746556325,4.691837759306776,3.676458070569761,6.465955032180885,4.8015146078579525,5.653677189629004,9.226395422675582,5.902657672110264,3.429936700003905,2.454869045221982,2.283908168035386,3.1770061274847894,1.2466761300307079,-0.07793765196278546,0.14183808497968098,-0.22325400448951785,0.1605912131002894,-0.4183724853259148,-1.5596750126602699
3.937185997715577,4.959243180013455,6.021215964177855,7.0595611555841,8.050948040435852,8.550610020664168,8.757860960583134,9.336624843622447,9.493962401009679,9.434280737455392,10.071329410421306,10.26171343091036,9.97707257062318,8.817685051634015,5.900883732223225,6.686113279483623,5.104115825723495,2.959973058020239,5.4617190987053394,11.563720653840527,7.077358622867144,10.915697400862664,1.9868817129592913,4.478638173945247,4.486018877603749,1.8714372591545452,1.0898080722040333,-0.14116781127639613,0.899369642653554,0.35559259661307235,-0.7087668013956795,-0.8171672641093509,-0.24231328302929928,-1.0991548966582194
2.407180947952688,5.416909674717369,4.764431083291039,6.602713947628365,7.432235584219412,8.291779899761494,8.943180065653927,8.038977401897778,8.48410535336769,8.724462010639296,8.99354127510514,9.637740299706039,8.96241677453188,9.063250056417372,5.307309387305396,4.678483351114197,3.283960219067487,4.127702289771973,8.01374112795589,5.01196250486672,1.8429712632537998,5.647269499627851,5.749521623140276,3.282697162991413,3.8162814965128313,3.0370105867469817,3.4666375754392886,0.6828864850859099,-0.5937490421437447,-0.289358540859955,0.31188729592452646,-0.7645094179176566,-0.4010949201143122,-0.6056986030985553
2.830083073721339,2.5378275743467213,2.005402559303171,4.648892402485172,6.3307473694584315,7.45777345166803,8.462570971249605,8.494093138967965,7.512574559333147,7.210842633725635,7.343120147656037,6.494968728745106,8.777630426834182,5.395776811773178,4.187015422535847,6.1322718997976216,3.2309314081867995,4.211421456862412,8.325297160107608,5.66256210922448,5.616423735438274,4.729280671036557,3.631338351709924,3.120030198652604,3.9549303839255043,3.5645489166667255,3.9464688985435474,-0.9833155001593407,0.6279906561997719,0.7413685431742805,-0.5118433555820636,-0.26347851654715837,-0.26853766567030884,-0.7159318366260823
3.1221820169205388,4.346806174600315,2.2815590316482197,3.7145859941991066,6.780092843290403,5.814970699287278,6.293492863540251,7.180235080129295,6.711783211544342,7.157180662018251,7.676072936660624,1.9599015492900982,2.34603409200352,9.3056841182227,2.4109429617699645,2.703839442731995,3.943221685771677,4.402727537893078,8.681960154983479,5.938588404912669,6.145605056833028,4.50104966310391,4.229760151339893,4.205004396603302,3.10421153744232,2.964193251803258,3.4521182025030615,2.4139498617898925,0.638526233112243,0.16358069100824235,1.4604912046674712,-0.6416122112087645,0.9506646278742559,1.5180974032230412
3.2913498340609877,3.3677690235619693,4.190755237715193,5.846518943748168,4.211515531144952,5.565447262668155,4.736084303431777,5.841968151570388,5.542804880064676,2.5453412567081286,2.6429551260373243,1.5771968750113974,4.502343873715211,6.125733801762141,6.161628886900194,2.0175016415671694,5.397366942399907,5.152832925891578,1.8888353097400283,5.504017206130223,9.095414540000228,4.967998855096768,2.2613361225906528,1.8089780407524592,3.6140106864446384,2.806360350683819,3.15022710412791,2.3858147011043793,2.2805230530352283,2.331157993507149,-0.2706954618704687,0.531407700674406,3.247564808393462,2.33428174740662
3.206473746195603,3.5524585684714887,2.081123165444633,3.509806425387658,2.5086794111707684,3.253491159666525,3.2674152815456075,3.663060491849797,1.1234873903277238,1.7348719246687492,1.9622659095318298,-0.03247437834681036,7.910487866591056,6.737587018342852,2.4973666665924004,5.192690379566993,5.137984743063241,6.1483276317489,3.7322618668848153,4.668591577994219,7.367152970112438,3.519770087803034,3.871005925605701,1.9313902079424352,1.8338259504043046,2.822805094582627,3.113618233246143,2.3332575543935934,2.6663693222672786,1.0707283203654168,1.5057604202515251,3.0830542256024276,3.5198085928709375,2.566052402550696
1.8441522207022965,2.5014547428587246,2.3417872982096712,2.892348164313576,2.135301753886353,1.4651453292884162,0.7576840775397748,1.4790188374223547,2.8421746439183866,-1.4394554000466864,6.10862334578812,1.7065770181929323,2.8437953019749487,7.367439197197387,4.339850935437514,3.302780738621075,1.907862141628716,1.2690469476352728,5.4799375881394194,2.175416732217114,4.029899642153828,3.2371420681996,4.778926396127626,2.2289300308182027,1.8597807079287418,1.615557596603376,2.5259375997769737,1.746280458188649,1.6010438253653474,0.18738489599710262,2.358959008031231,3.8207676908692787,2.7732740365999904,2.6812825197524504
0.9760985170699827,1.5585861519121509,1.7776222554440968,1.8212909608645296,1.3937929215749627,0.4292751827526994,-0.48220438125661447,-0.8097180704759023,-2.023052887143502,2.432729942244667,2.298424430240678,6.196856373375303,4.042086286081496,5.0576511061676825,4.4289910455813395,0.9407319430196264,2.3927424514003466,4.769127810177702,0.9827679837017571,4.166170136762293,2.7460769113999093,3.6309850783885356,1.3271205153472145,2.8837876951125576,1.5370039062108234,2.0405744760408693,2.1998579239511042,3.000747737274245,3.0967288707456255,0.7597279258925284,3.602591133298093,4.275998143241775,3.359168200876741,2.8392312847810586
0.8046573675905107,0.4737302308060035,0.8418012137268626,0.2966335753301461,0.3947709898979696,-0.02376983607432295,-0.38882188498786113,0.25040275145109675,0.8623707067604071,5.0693834396437385,5.431463618395834,5.472166508389728,5.811250438352281,5.406046503579573,2.983481276039979,2.9363021751806238,2.1973135943716127,1.2081207327315953,2.244105481510643,1.3975746026754627,2.5865187673825285,1.9098655451938074,2.6694267251144206,2.604777756622282,2.556869571057573,2.415632970935254,1.6810183384211304,1.2135368148440175,2.941526017515397,2.1754967091386628,5.153975860108076,5.2280372154835435,4.912141222301474,3.0366333814500406
0.3500950665500999,0.3997051596252401,0.4949032605528102,0.2014916864194461,1.0861847424525233,1.7519235270814049,5.036048682281861,-0.38009433781176905,2.431622879730208,3.3093665893229733,4.13029534326107,8.211286155491434,1.9016548817363765,-0.41441996756529703,5.089077997010647,1.4074723327025138,2.3225758356135393,1.9052194796179227,1.6997572704581223,2.6438982957387087,1.4378567595913259,3.2563934715259415,2.890327057434585,3.0716131663107875,2.2479315889160802,2.9401197284440688,3.25449676292025,3.381451071560647,1.8673505130915913,3.902455059889475,4.748139266508935,5.21079541963561,4.898403537513411,3.5639990408875954
0.04684902322852936,0.5257165489357881,-0.46021810712119876,0.40876175133781556,-0.0661499130798297,0.6075024728974181,-0.2274899309503474,2.6995275471340174,0.18256830884192204,2.223940505751618,0.7498481147016383,6.222532986932023,8.141127082256183,1.0415747548429688,2.3842744752998755,2.972510828712123,0.8516494010315683,2.35368888079211,1.2903219873473357,0.9334493087252448,1.46584470770667,2.598879919006724,2.439702400797061,3.054731238119694,2.2227123142575342,2.581462679851617,2.690585370511272,2.805060317764246,2.566288552828834,2.242627001354805,3.8739044541063747,5.652560772835245,5.214550606000101,3.5082298676384926
-0.255986373644324,0.4615560112837321,-0.5727855278953486,0.21457955931983314,-0.45095967462472647,0.4152774420582836,1.8539012361568978,-0.3532253874168141,0.8530396783228168,2.733958812032885,4.808241295592602,8.764102611111204,4.861372555297503,5.324650484377309,1.0670164943505174,2.4837237311637703,3.8407701073886105,-0.5289082406175655,1.3356070536362725,1.2810940727500026,2.7445786190870405,2.9999617239080028,1.6093049094784333,2.1455420872084354,1.7052602192618,2.980781637057998,4.295979351907987,3.6957247913935207,3.0954861703835848,1.715524968075045,3.284448692986723,4.697002444169091,4.6567213282180715,4.042534774323981
-0.9061763862882131,0.0765441817876377,-0.012593326203317035,0.4734453192361044,-0.7302453846939106,0.11386212153902846,3.167599495890235,2.2579509375246443,-1.771858652183524,1.896228626848095,6.070246332042833,8.270066737826921,1.6694913637392423,3.004851041565998,-0.09164704402082292,0.5618575549235331,0.7082119157502936,0.1821787816285344,2.628723444117557,1.342389380657379,1.7490358560165429,2.719862420574496,1.928591942239494,2.760059411130826,1.606129327450976,2.8227035702303325,3.3272422234642622,3.765807644347762,3.211946206914856,1.1088776793872137,2.8477630127536506,4.189017159067947,4.263515387754193,3.177051256292643
-1.0684382466669458,-0.8811667934576377,0.056744798184953434,0.4142075029006856,-0.6437732145785652,-0.3480767942124988,0.7594166888814021,0.24175680951625103,6.576204217811592,8.330243191188677,2.5962757461516164,4.303541680584161,0.6862342639221436,3.1884055858486255,2.5121907149257727,3.319092412036313,3.043381153586591,1.6930559472769595,0.814716858333536,2.132233571593386,1.3042218058758217,1.6536341356113429,2.4962270245065206,2.787714714075977,2.294109426063405,2.5677738634877625,2.555221299962209,3.16378620263494,3.0357300511117487,4.363245607096297,4.696163094347431,4.191750243309289,3.0196880063605795,2.0842115765483387
-1.1795300148524315,-1.4597523821685585,-0.5888030353845332,0.48615387074235683,0.11671679521391172,-1.034816026232903,3.243460862013341,1.2412112033991805,1.747544597400162,8.705999011391885,4.991514668629208,3.306011099122478,3.4964144602382734,1.989261465180963,0.45620626384789204,0.6043417533462513,-0.609965200400745,0.47104697643154825,0.4525572202711839,1.774763873155734,1.2885537067204633,2.615455456996998,2.578416902586416,2.5005505584482006,2.63457929324554,3.346336967297638,2.900537293431114,3.7612014137383767,2.597182798837762,3.084172652103216,4.409528592955719,6.47250125377694,2.2843242034412397,0.5389258770614653
-1.2313505111022969,-1.9510173125646453,-1.5847292759671934,-0.2671204203190322,0.06491468636462969,0.3471468874951164,-1.0377910964348225,8.143615030533155,4.6804288273394,4.180477543962241,4.826633979344866,7.507282390083119,1.286177996390327,7.516360895128604,1.1216399514153657,2.307831573569306,-1.5081139857481072,1.335753236397539,1.9203388548768277,1.4535424780626272,1.125691502475098,1.5377311888495702,2.589203247966919,2.298384108071615,3.2122082383756747,2.726230619514464,4.181934915767897,3.189859169282831,3.1233478865745363,3.008865409830409,2.6423850265392863,2.872862547425218,0.8375530546415257,0.6860965788168462
-1.6586452927099646,-2.1433720643443914,-1.875103144864717,-1.0209032195622927,-0.11032312071631115,-0.8580247381518012,0.1053350717859735,0.32411980929813655,4.9661493279156605,3.800829309186109,4.120814019342577,6.50891590591773,3.19041570060718,0.06967558037938221,1.5478938768332147,2.0099046725204506,1.8950701633199627,0.6224295680153148,2.2879385387175746,1.4547119660964207,2.3222140196754424,1.8377569809005976,2.373597007027696,2.295880126213653,2.793116528146635,3.6940783494051663,2.6910733855339117,3.160721569924303,2.8349959918618266,4.192352502507438,3.9091502374375238,3.580290839143944,4.255508361635119,2.1361823249055503
-1.7009559806309273,-2.4117147833451833,-1.770320355666687,-1.6294989330157348,-1.454773850356323,-0.15206570195017455,-0.20382540114684453,0.02948135898686468,4.310770618962854,1.9417602213900456,3.235589264263392,6.83232200625687,0.2154918151115026,0.7719062535492244,2.2191793397690156,-0.49991880957226587,1.0532566490173003,1.0914949370429852,2.119167658866905,1.5418575114728168,2.5415744648666405,1.6215551491986244,2.5209224616187718,2.4705587999480785,2.632094148416345,2.8817539543171335,3.3235954216828136,3.7958579603394136,5.142838266804088,5.70487289393481,3.7650421955874225,4.231968751941277,1.8250317586526585,3.4639369536196187
-1.127573165422266,-1.586344009244249,-1.9924188472831355,-1.3152592730247774,-1.601105519714733,-1.0237857136761543,-0.22212740848542306,0.9731287093861759,6.410267138220941,4.496524774205741,-0.31223551989301535,2.135052034510924,0.5287567685714742,2.8052203450482027,3.5018709108812502,2.3171945553355786,0.9745659721345717,1.422617790890145,1.467003769068386,3.809148888788029,2.404399590358698,2.313691858597018,2.377811929954429,2.90170139514456,4.041154465139762,4.207664316140426,4.92254163333224,7.46398768310221,4.594720395195047,3.996464691426775,4.023188222556937,2.5059017437399604,3.723019170586829,4.277833320662465
-0.4945750908546209,-1.2227409910704667,-1.5693531557804803,-1.7754857841553642,-1.0392579567718379,-0.11665944518954309,-0.08852584222358341,0.2072219368769358,5.0537765547895805,1.6965710645281613,-0.18368058558687098,-1.4201871333959548,1.8306455929105205,1.194445510280978,1.9532907528779735,4.5012623047211155,1.6642058371947552,1.6126042219090997,1.6592375069766678,2.919684860894319,2.4282570054565595,4.838429331771496,4.126474752951389,2.9599101904586265,5.502470334778696,3.9700602904515456,5.910711038544937,3.303186312454903,2.4281572650416505,3.560990998996844,3.610432126086092,1.8374180208780024,3.2205525613044927,5.205196562702165
