script/wind50m.json
{"header": {"parameterCategory": 2, "parameterNumber": 2, "lo1": 3.000054539987559, "la1": 64.9999836372058, "dx": 0.5, "dy": 0.25, "nx": 34, "ny": 52, "refTime": "2025-12-31T22:00:00.000Z"}, "data":
[rows 0 to 24 of 52, columns 0 to 33 of 34]
1.2606632065644947,-0.864831255021779,-2.8038871119175934,-2.512271060868724,-4.387271492856726,-9.04587115674357,-10.034801724826343,-10.458151939656428,-9.569106962273594,-9.233136157121258,-8.12888806445543,-6.279308907138612,-5.688361557188263,-7.766530959165547,-9.30566539246085,-9.569104532193512,-7.976213334612421,-9.000679860540764,-8.320295632873773,-16.950684243400094,-7.13970885099585,-4.567929976224734,-10.415076671740607,-11.416881914731276,-5.710441874460496,-3.5647603369631233,-2.838903580795521,-4.670318497857328,-2.416747622424237,-3.5017280802262696,-4.547896334149504,-5.57152075287872,-6.884702579487385,-1.6546712915309616
2.0499087240562113,2.925174213278005,-1.5490771051182757,-1.2769723284467642,-1.5491052201319286,-9.052018005756002,-9.27592827406549,-3.5063546379036565,-10.975113028059447,-11.786495770997954,-9.594254699313455,-8.055817252120601,-5.899266893671277,-4.280309506437321,-7.4180466850101086,-9.71214218745141,-9.541026409000349,-7.798162028198444,-14.52030554327672,-9.823564212007106,-14.972366760273538,-7.900296022873245,-3.6045172851369776,-9.055698363899685,-3.7872293416025378,-4.510099244572861,-2.024729982133695,-4.336634366092334,-4.885812352313705,-3.2936252978730645,-2.0371457485314486,-3.49202216500454,-4.354617368562868,-6.138117551370651
1.382933778173384,3.104924158160688,-0.909268898346955,2.0337208517198415,2.796341453456101,2.3733792450483717,-5.240054643186197,-5.76908764725619,-5.639260935543493,-5.528077813648305,-5.30371947203236,-4.863731707914197,-4.313610982987617,-5.142665804099679,-4.161564663288384,-7.044383160977265,-8.049006121567444,-9.183121179849303,-7.059660103132269,-6.972208147945342,-10.149492094756411,-6.509866398033544,-8.523005148380074,-6.788755811268627,-5.90464644792836,-3.4506338437653725,-5.1990501022190765,-2.0121461542053916,-4.261667758466359,-4.671281191561999,-3.5105551658193592,-2.509991002893772,-3.4087902846991742,-7.424355512916531
3.397505601330184,3.3603554473817,4.514901559749957,3.291644158289091,4.636513270479222,6.086614878699436,5.578579281766222,0.7358105913114434,-7.502793383683694,-8.61807265015457,-7.686944235520215,-5.8040024405394695,-5.67547543663992,-5.051574860904979,-4.583982843667226,-6.322160783902196,-4.74826360517497,-5.687837145224687,-10.858048045141322,-3.8966610381969966,-13.712863158725309,-7.768244320644997,-10.279650376289924,-5.406438443778124,-4.932774574099379,-6.1520755029141645,-2.5960680378995793,-4.529525894038681,-5.231786567730047,-4.435795894586998,-3.367278111345134,-4.1382558264982245,-5.710582141167054,-6.218734032146101
4.092062914550202,3.5390265939323498,4.094447445896928,2.2446418139600777,3.87732431680965,5.059868638092672,5.07966919761784,2.065030709176359,-5.771745462072059,-10.427476620289244,-9.597128426715678,-7.849230125271688,-5.891792601844258,-6.546279619289282,-6.467941138508835,-7.226532960401611,-4.382034092074416,-5.715981795824063,-3.7538233803512955,-6.741397991190778,-11.679817357039607,-7.64963306025604,-4.544032215380758,-7.075274077288448,-4.729679163235244,-7.618328658374093,-6.028649579847012,-5.274424339555067,-4.451213147981394,-3.694374794382075,-4.245438651914244,-5.814699745999953,-2.3502004495655835,-3.1884560673754643
4.065960195142767,3.6660119922262813,5.138676741597128,1.5336644727898399,3.1521785796792448,4.35790465783622,5.173622082013593,6.070010157122789,10.640489419029246,9.880182895970153,-5.542590030306295,-8.866688939475543,-5.626553873410851,-6.830090707386014,-3.518756079172175,-2.966779630655893,-2.8641941015736316,-6.714010613361362,-8.17149101450255,-11.939491815407104,-5.3846185445499195,-7.843450434389488,-5.209924800155769,-4.846297500013399,-4.736477168923815,-5.488245443255553,-5.8048281552310605,-5.215457087581617,-4.426191755479015,-4.798922822411884,-4.689476833795734,-3.3375483996936306,-2.9022977156544725,-2.5715933626560648
4.136737351432414,4.787168797011552,6.47267319291561,1.258269699573669,2.340654763524351,2.6645247736949647,4.754533532485264,6.512203658998818,9.031827960873962,8.8103582380265,8.777788498742932,2.0249350069254684,-3.896667560478959,-3.263962061383565,-3.287555626506832,-2.907351421009106,-2.2103674632224486,-4.875518707266571,-2.2306909966993103,-5.184117700882719,-5.890123074226055,-4.474044663406785,-5.71918616480205,-5.063800646302098,-5.239334368190723,-4.622552305383119,-5.192397351423306,-4.984026782456227,-4.041562932798271,-4.858674995302184,-3.269804243342921,-3.592550055601212,-2.4001125310712785,-3.5144718095619285
5.033894497184397,4.89776016455799,4.112308916894316,7.789758199023803,5.994620425878923,4.141645052480375,5.675898882874948,6.839781024908501,8.276518935988552,8.544146315905186,4.440630839292774,0.29197350642911163,1.3320415168038044,-1.9544477563555953,-2.675503865573702,-0.5105912157991955,-2.2069198290550447,-1.7568794714693938,1.350509474186514,-1.2327729868353001,-2.945573200703117,-3.6372783354614047,-4.946442995450696,-5.201526780316828,-4.3357521422764895,-5.230393877470483,-6.2830531352364165,-4.4933762794367915,-4.129758651057236,-3.1201394408820113,-3.7210978881451573,-2.9617312058515957,-1.8676907559597271,-4.835725436936864
5.824088901373629,5.703494250367093,3.0754260821109245,5.261812572320242,4.185586736688344,7.021809787777438,6.817925751467309,6.508862591025559,6.114489204479142,3.4456171116984287,1.5577006986766153,1.9401793643234138,2.33143194828423,-4.00829743821301,-1.2170176433764468,-2.0286799912579,-5.666594307264882,2.436334305803252,-6.072334915465777,-4.99654335453859,2.5400328819917006,-0.39339559801328927,-0.8039302883880546,-3.9986234436406924,-4.569632726789143,-4.78275908046485,-3.908145740245877,-4.143997437968102,-3.08732090758905,-3.1134232199587353,-3.4502808424697715,-2.410083409778056,-4.079989353601096,-4.303344018401907
6.577732583258909,4.704524391116165,9.380754996073192,5.291264065895371,7.354479004696532,7.879982378033958,7.692722791080791,4.864236687892688,0.9188147552183435,2.647696171747138,-1.1896173907567384,-0.5741500756492001,3.1922399802250614,1.7834490568892631,-3.88363760574503,-0.8928011098611628,1.2487251390393397,-4.441266584798933,-3.7938612963296943,-1.3426868254032227,1.0003712839080108,-0.05846591620628309,-2.1744401057973564,-2.8630154736428612,-3.093713612669993,-4.217587982636071,-4.283719586135838,-4.655216289726039,-3.1925091672062793,-2.0601920280664823,-0.5319187685548056,-2.4954209199488147,-2.454306606097898,-1.76217063925643
7.501759820829463,9.561668775033592,9.901951006377486,11.141854622760142,9.113454285628668,8.877802559247629,6.3163916279945775,-0.10908387888459996,5.093280034652593,-0.5021713606693181,7.771701387484573,-3.8733464116358802,5.071624076021537,5.314780896871949,2.166327527538612,-4.279355242249552,2.08195552032717,-0.5923419589525076,-1.9546730987526413,-0.8103844022091024,-0.07136342662878349,-2.2027622623922753,0.9069402867151145,-3.439541849444749,-3.369520217831025,-2.4315320150196196,-3.564340153983157,-5.077116899267112,-2.0513981550656855,0.188744918871899,-1.8629515643217573,-1.9962848185582238,-1.8135193161895509,-2.286396950605894
7.282058658624608,9.356208970149087,9.146216532795684,10.349606367436769,9.508918290780816,4.302875268777232,1.6586108749474955,-1.2997003651795453,-2.413132464455206,3.7783336614649707,2.120751833326607,-1.222707430841942,-3.327315622535957,0.9384898092542209,0.5726691450670314,-1.0456601080568373,-1.9378932037552423,-0.9286396848967976,0.6868010425256436,-0.9521283931994405,1.5717725897570547,0.8715467712981013,-2.0191545387476264,-0.7191892571850533,-1.8806998549055172,-3.8813140241192334,-2.9917849994853167,-2.573493971893564,-0.9859798235800037,1.5956440874622742,-1.2522214185953955,-1.371237171796524,-1.5666460399265987,-0.057400126843338714
7.52958264937601,7.4849107283751595,8.717888629586833,7.992213214620187,8.074974754746531,5.226116829470292,0.1383523914510331,1.147976342767157,0.5915628065346279,7.821003868647776,4.836238759143019,-0.16211337906909168,-0.7636587045246567,-0.8106546168823825,-3.5546602097747693,2.903797684159817,-2.77462628604063,-0.7738095446328928,-1.6325666668138519,-1.3422463492622219,-0.43892586598474714,1.7392814385450872,0.6187678473581657,-1.0441835691104098,-1.0420538812153712,-3.124696524340359,-2.7951766957968487,-3.6969638628560637,-1.3418667298565217,2.242488373520179,0.23793381066074204,-0.4696756835729025,-1.0735857680483196,-0.33844820650562685
9.065536830001019,6.773719164907298,9.469658709959214,9.733358299220994,4.806497983720554,3.4137121523912843,4.777335885563968,-1.5247262482730675,-1.764847717830652,5.774267674189215,7.41024444838099,5.777434928235192,-4.380536389416663,-2.840715324539066,-1.1060573894050076,-1.3155020108250817,-1.6206486250395629,-0.5152101701746575,-1.0659914953539316,1.0433653190918322,-1.94516209975906,0.9022780672949138,0.5873056825935762,0.5519814685727225,-1.2118610312921834,0.5567297399204877,-2.0185356109417905,-1.192510597550392,-0.9025456847721424,2.074254007997105,2.204826500868612,0.9613811924442548,-0.2297515037815932,-0.10291961845519611
8.38812123400043,9.52505520675418,11.19321822723672,10.130251130294479,7.513215670845615,2.386997601219161,0.23174304891117903,6.644392667612119,0.7058753428641136,5.963468336853414,1.126012823402893,3.6270265035686218,0.3178174320505884,-0.2568791295372345,-1.1713537166484815,1.2025765484216937,-0.26150447230737145,-2.32362051537103,-0.33144700765014695,-1.5792906984173678,0.32110305944554673,-1.413444209569937,-0.40652230186890426,0.557323942009834,-0.8125180194263205,-1.6639533229132213,-2.3824540727966697,-1.5455814742490246,-0.030046218007886094,3.4211614524287994,2.771814882147375,2.1171573194794666,0.508669573266101,0.23947747591457272
7.6575571046286965,9.417276009720032,11.027979817484889,9.20340393264445,3.8176119766110412,4.124785703008548,4.751072356785394,-1.5771151955290428,-0.47064481048631707,4.484019786224364,8.872996066938605,3.8590183295496527,-2.254447559833769,0.054108864482689395,-3.0575864961480335,0.0571856969043947,1.0078161537965558,-2.2939867394928117,-1.5172066791072667,-0.19014006817427492,4.139669488183779,-0.5986339097646431,-1.599814963187369,-0.06013126548556245,0.004924617056396717,-0.48868931143298616,0.494849706783794,-1.4031815143217625,0.15093052763789166,4.160457940836768,3.031203703170007,2.4050985278926293,0.7293685911175047,0.0643587530283379
12.44795411761797,10.704167499835068,10.546549367339063,8.866289424493857,5.239295419966693,4.430281416101759,5.674874057693596,4.542382975127004,-1.5242600300185993,6.572255383822193,8.446321864144364,6.558521086936905,1.2913552165015054,-3.5658865936587314,-1.2117515785639348,-3.533719177797265,-1.9911508529248212,-1.5956014813195945,-1.0260843222559326,0.12553171711390382,0.5976522275885656,0.46306780013126136,-0.11347518348887563,-1.4263487874357328,-0.36312810224914294,-0.30223166015219244,0.6778700731363014,0.3804239028061137,0.7876081471685431,3.9530121726575063,3.0881065971336086,2.635791183445135,0.6501814925874195,0.4209032625932195
12.836653222310781,11.377088801524456,9.610210771305157,8.11508478490315,4.468881317272217,4.679727144377762,4.508424123923697,1.0676477459271099,9.62934000856387,12.052553901222957,-2.0294979973139746,-2.164382781778132,-1.3503353028801008,0.6238625583369228,0.7647340542395498,0.46544403535700085,-4.484590435563394,0.868974116274647,-0.5907724231333021,-1.2828995059417092,-0.6042469473816866,-0.702315357995416,0.0462159001614291,1.3151073816130223,-1.2863688977221477,-1.2262116855112326,-0.9870329905213027,-0.060398610954394194,0.9227665371400868,3.457372759297222,2.7047406659488966,3.079459032970416,2.9656490179743513,0.35166146623881533
11.591744201541275,12.937370782013422,11.95117383387779,8.46090586426637,6.067288537360879,3.227862422626516,8.615701391201188,6.150175206283627,4.945029170709924,7.199381361721177,6.406213531778963,-1.3871901326000804,0.7148817476133282,-3.5036872732435342,-2.3658970610086154,0.3207375780398648,-1.1270966658071693,-1.2966002574444053,-0.6054996710822768,-0.6891754888114852,-0.939673629515721,0.1327643671718351,0.693815710410984,-0.3515134023734476,0.69423101367338,-0.9196742122320358,-0.6037474892126927,0.5376898954939993,0.8824191799303026,1.5948791828191786,1.2752719553787693,2.5131030876814084,3.428593497803219,0.4432855195291592
13.14977985014397,13.017450246309386,10.20975480959304,14.27176181081558,7.467977730679472,4.39847442839843,0.274719924869493,15.086256501111691,11.409419665569212,7.697486514406608,7.989616300860121,5.415607419491772,-3.9263474913284995,6.185859551001137,-2.7343440193055106,-0.852451372727219,-0.8584674011848946,-1.2314887461817496,-0.9930762679373442,-0.5254530003019011,-0.6931758256212882,-0.9104083505073325,0.8550983139833058,0.6442315641555988,-1.2615496364321317,-0.3905558556764193,-0.5480570662731671,0.21520322116163756,0.7667335236986096,0.9402421629030091,0.3578668579698291,0.8850923027279536,3.481184160062218,1.1825698180087791
14.348579789600546,13.016353804977795,11.552891406496345,11.004722164231756,11.563479855354082,4.564575267825567,2.6048056321575688,6.920131162044936,8.023988552076148,7.690129353639705,0.7333649974930695,3.2258472627434363,2.78518540363822,-0.8110177154004654,-0.24883061253368216,-2.074619206571414,-1.6663598023060546,-1.066322536827598,-1.1422173049554862,-1.1509461423434093,-1.0506645941164074,-0.39764975301763267,0.0338868314666052,-0.4157518499644613,0.6169638274171957,0.8907673160249068,0.5548455103877142,0.21187797386174606,0.9405112922432292,0.8271257146540101,0.318078509812788,0.37189350671603144,3.1732374042121867,3.254237700683002
14.564226819474076,11.497256154631843,16.006516618505056,9.946920021682944,13.367168564800627,9.54938398844602,6.044129433029627,3.6466502237140666,6.657384750183869,-0.24200309432127093,4.700690757461402,3.6729537525258094,-0.5673548974211589,2.773262053520342,-4.406473044793367,-1.8129115287161608,-1.8621380966027015,-1.998282799109669,0.054381333727843116,-2.763016193450031,-0.4942161192815682,-2.511913727359125,-0.2729323499026341,-0.5500916459472849,-0.911514083991486,0.2803234555685237,0.40620263340706586,0.4830498535087226,0.4634516721491208,0.673596173640513,-0.01124324165779403,0.06445050333792503,1.8354162112959371,3.0875130862880065
15.200655070369525,13.245897420356831,11.807961879051463,11.53209380088354,14.870097700505442,9.47633990498169,8.872356274830869,8.175855837968543,10.799260256775854,6.8166390583288505,-2.5269480430269637,-2.913885000989823,2.6231823193252954,0.6754161465347405,3.782720875800712,-0.23053701829510728,-1.9203670394242571,-0.29893885845054863,-0.6107247856720093,-0.09091717234964745,-1.0052619322536374,-0.8704331354598484,-1.0217534143852862,-0.7318355423869054,-0.8780105098794513,-0.5332017720608563,0.6089970429862881,0.7486563517064967,0.1636875700967214,-0.0505776506293153,-0.10854326181904572,-0.09349676762334404,1.1124739003164879,2.1145109308662353
13.936460012500676,15.157304634552748,12.522472126766367,12.42977316513994,15.623120523974807,14.589133963440684,7.358897917721446,10.887227360235514,13.678211838870704,1.0839907276777978,1.0554373452875543,0.6109969693787232,2.8686978785374113,-1.1789052633332686,2.0640784666076457,1.4738925126000622,-2.2275312176166984,-0.9536578431655796,-1.010960095817247,-1.0017222322860666,0.7181791198765018,1.801881491705156,-1.8054285388413864,-1.1879092600612071,-0.8259264707534423,-0.2894348080051459,0.33604741944638916,0.19523002548480345,0.822260378225656,-0.06751273307309497,-0.3965418273703524,-0.027254205380589095,0.07418398076124717,1.6665397180899821
16.577352216058284,14.790495187462339,14.713050780115978,13.710557945510544,15.10610969812558,18.007558351709847,11.76367141081532,10.420630511758038,8.70161116726003,9.575133948144543,2.3207214414963784,-1.1888988601650705,2.8112320387436993,2.7764472203794925,3.3684866702906127,4.621552323018236,1.5369098951387108,-1.5124294387594022,-0.049562084725846396,0.2176161685153943,1.7516006813021543,0.9418086706703823,-0.6682337862653823,-0.8909372067601011,-0.5301828298111327,-0.42497650172397716,-0.09264940184394505,0.09092527516531336,0.058400928724888536,0.24549160306934978,0.5640164871711053,-0.05600549428822389,-0.5795886313182419,0.39458542704112676
