script/wind250m.json
{"header": {"parameterCategory": 2, "parameterNumber": 3, "lo1": 6.000198445256149, "la1": 58.999992894266676, "dx": 0.5, "dy": 0.25, "nx": 22, "ny": 24, "refTime": "2024-01-19T21:00:00.000Z"}, "data":
[rows 0 to 23 of 24, columns 0 to 21 of 22]
2.907602721781876,5.911663304513617,2.905475154087321,1.5058819584287577,-0.553717603508043,5.173572216805208,3.8756806921535847,3.4579502790930268,5.096761691875128,5.763862345467976,1.7454668874350892,4.706700669359151,7.156948576331141,0.3188525708695856,-1.6431839793673177,2.030320697897643,-5.173426304138069,3.943615634598857,2.2724237492538397,2.860148707675564,-1.6510225939250711,-1.8551501900821668
-1.0002682376132306,5.878337305351142,2.703462648559082,-1.057900901943394,7.1526263781216715,1.592789639779243,-0.7432226310665551,3.7343383506302623,-1.3977755826770846,4.278607875391556,5.848677623727821,7.1904893931538725,5.037613830392312,2.9795515562407506,-1.7211827401791353,1.8856431731246968,2.44742761890674,-1.4479069974031902,0.9962049148671973,1.826786105670464,-0.27308929593203074,0.8229513190623647
0.20052355129864413,1.9927266234217826,3.529779192376046,3.9921288119423375,3.0787097671616053,-3.1329336664129452,-3.342223500022694,0.8563575551324073,0.531391562819527,-0.23122830589297047,1.7772395695887868,4.892973717030586,1.3793413846357294,8.266205931239352,1.0456298364552061,2.604802136030616,6.352923521880777,4.811955659536373,3.3367258081136426,4.910740262922087,0.06771716010332646,2.681891059572921
-0.5196315104989515,2.4007926549106835,4.0641121998971,1.7249856453316113,0.24461031538068426,4.567119340570898,-0.3702000878477521,-1.97202511217126,-1.0510031342342714,-0.20841722546375804,4.821334411406416,-1.1222165256106644,-0.9398467845094437,1.1674308872259374,3.558206201975475,0.08805591764563346,2.874461568234795,6.281732519941425,2.249704684006946,2.067030065550294,0.5722049168424813,2.6285457282576403
1.5980657354707353,-0.10030907125792134,-1.5841871585759753,2.4779022161165027,3.460490503207352,4.357807753918723,-0.6068085924615771,1.386824484699783,-4.520392915567831,4.008283702454655,0.5478951397506437,3.7523279441896418,3.4004656483485913,-0.32272814181103837,3.332722692019167,-1.0007875500658492,1.2250594076238341,3.225199528913285,1.3604861058056248,-1.627644837542525,6.251190642576407,2.0208810804038366
1.0228543902699623,0.35872516420633765,-0.4479144639959159,1.6485220084298167,4.695846610633828,4.914550009175343,1.9776762753932022,5.445496763446414,4.256228148306535,-0.3035619589726993,2.6177117348730126,1.8817198107927464,4.449945006169436,0.9475488536965739,4.148067649632514,-2.7382278848644153,-1.5407369310336378,3.3807988634485664,-0.6758518311383843,0.019010431782929597,0.546265864865956,4.241521667904395
2.6818820299307573,5.5422522899603734,5.475611874176474,2.3139752928229176,4.801092821437655,0.13062303735449135,6.486308713606793,6.9858019890090635,4.8023084002920635,6.010072267651276,1.0567911524090483,4.03316268122621,5.77500956114775,4.039961407909561,4.470889183069185,4.805001207812482,1.9914035524835667,4.025279553562775,-3.9815983260655132,5.5335592735365315,2.58979042875601,5.1807274971468615
-2.3856570341386254,-1.4262303931486493,4.292855567818334,2.1050154588508274,1.9151694155770003,-0.5328984277083165,3.7855205795808944,1.7703727773086624,4.698778748746591,3.8643811026988493,3.883917641964598,2.839223033236289,-1.7159798165730558,1.4974415612251433,5.967558869024487,1.4233766896034072,2.3101226846347815,3.2035102891782654,-1.2638039866937316,3.587777442780139,3.937802332693801,4.561915896461989
3.740132606651618,-0.48359225388565624,4.273625679147176,4.393339647733946,3.5698199270743367,3.2446664235004374,6.209025894400191,2.4620256953877018,5.9393149027335905,5.985564894689639,0.5771543798943162,6.4009634620390115,-1.0075108410311882,-0.09425957380432871,2.056408561010781,4.515773029765841,8.306594463691921,-0.3333657402563969,4.345315671305862,2.800223168166107,2.857152558608091,-0.21813063067815308
0.6971246737051203,1.9453076383328212,-1.1412777051305514,5.396445309756563,3.7036710672346094,5.516134922883574,4.003728203897979,-1.3151788597819483,1.390596871652724,-3.1960011823877825,2.5484096231155577,5.789365268707628,-0.1276785507636796,3.0015154673948032,1.6676856797188688,-0.5861038548332834,-0.4548919416511982,2.0818053094335522,1.7741359095396942,3.5159093884004813,1.8089325604556554,6.930000616969656
-3.7843421526987533,1.580007180453899,1.0879054204781244,4.6399998240286715,-3.4794778392540557,0.09440640892411528,0.5505400984401995,3.725885991879105,4.089344944055778,4.8661260935579955,2.0050297083141846,6.219101313396992,-0.020634335317644914,5.025996259021752,2.7249323817390123,1.4982849830032765,2.1937014953279266,4.937289205848619,2.442520276349377,2.21762513670765,2.054665375395651,1.363738340667893
4.863168380387165,1.7751984129771545,2.0506633269108305,3.785909875029721,0.2744483077908428,2.1337124848412596,2.4631930377215165,0.3178553007962353,7.1908109367251365,0.31150139631572266,6.218977561491247,-3.781709643905212,3.4323623782106,3.1901293302797864,0.9113251218035477,-1.0189450067891446,4.834848581114564,5.937634018065329,4.646177988720357,6.344147054859509,2.40156290892718,3.1918734559779933
5.054984795052922,0.33284222843805905,4.7889398859474,3.9928966168683258,3.634177775420962,1.6323099125817921,3.5291344246670495,1.1856924875661277,-1.3464529405227958,3.6143131552518613,-0.012682510875435081,-1.2112946285785147,3.3999130363542136,0.5614178739704399,-0.2831277465703473,2.736458260105793,2.2422757570593297,4.685092984500049,-1.0410908380078214,6.3696954341810725,-0.4010404980919363,1.4120845703813876
-0.038698128975442725,2.6584843765050237,4.115253854325669,2.5756300219407593,0.09870004402234635,3.3985127856357598,6.927896139433646,-0.6235565698176396,3.6027752929676424,4.744394310902824,5.653512273290291,3.736407871850353,1.3569852658246775,4.138959657389511,2.1335545467858172,-0.08924604194269142,4.692190905713859,4.328699268135821,4.03416224700486,-1.2161241751730172,5.577819334443923,-2.142343194742862
2.0989689164886753,-3.862232342225457,5.626841527000988,-1.6062856120108597,4.15857278607466,1.9397111081007323,3.4714310790968597,3.7947353806230995,0.026704785114427327,-2.7693988101701192,2.617789744523172,5.74604831532795,5.569572812471645,5.864706658959587,3.7894940064630083,0.5219881103384323,-0.5957972217961931,1.359170853105154,0.3184215321765249,4.1137639076166055,1.1479243504497327,-3.0415431180566603
1.3079569775844344,5.886827939430713,8.000069843229687,2.587470238045076,-0.7822145668357424,4.593028686817605,-0.2899414585814403,1.506610311142578,3.011207798078675,3.50293664573005,1.882040191947238,1.3118376069013595,1.855041481615731,5.023834682062806,2.647680274852129,1.4578044000891575,4.272862468185755,2.457375318309516,3.0960160925023503,-1.1676050414066785,6.75470333150812,1.2964743081768684
2.112927202496961,-0.27288358455603245,3.2160484330940893,5.516987883781451,-3.1152475726573625,3.141693103458174,1.2888367089382444,-0.3953091766694893,0.38090580371508037,-0.9125944052756552,-0.9243775803687428,5.939746529422057,-8.081298817676023,-3.749642669992913,-1.0110453683534502,1.7801181009901803,2.0255677303669333,2.325145538686382,2.485565151874045,3.5911518432699605,2.8947630421518133,2.5002442873476323
2.6881919588348646,3.815909012394887,4.29666383679373,0.05831659890489852,2.5051637940754135,3.283167525067518,0.8353163237224212,2.8862299272889778,3.207164136891674,5.769100814557714,2.031125650581448,2.636322760579224,6.178907964464146,4.6302820068429495,2.1235327925381537,-0.41033288604721846,3.1882798243391446,5.472323526506781,-0.7512955083427459,0.5872408188340483,3.9599830007411083,2.9484988841313635
4.963372112835943,-0.1257736061683306,1.769167768606908,-0.2445790561587342,0.6371160664679114,-0.6705327422116408,3.656792790233514,3.881383300359172,-0.3618105366415162,2.238435743877436,2.5829412180913582,2.6005978600107102,4.17554576305001,3.9191029713085035,1.5532299514175316,-0.2602348935116022,3.6546689518734152,0.7289443307403669,1.7256861250132618,3.242170136904836,5.778557606513339,5.229773443623064
6.3731509663907175,6.091689502669984,3.2323573411052133,1.0439296959981579,3.085586249053845,-1.076108461518311,1.0940399115127664,0.10438339901432345,1.0780229787323226,-0.25426161833115485,4.83874431085684,1.7831962875573872,0.5136088491348751,1.712632653475777,0.5573965647283761,-0.0502152092051217,6.326480348086247,2.6854477687212186,0.8277698927852766,2.356478249633853,1.076716668452582,3.8425609501903066
1.9159625344321394,1.537104969025518,4.545701769042176,-0.6752103504983852,-1.9669331416267068,-0.41091643155217666,-0.3539111058236395,4.258331491792676,7.229254953682598,2.175677673281725,3.8703432220605496,6.531511769772502,4.373091970852719,3.30979347215771,0.8402803624113098,5.673109719051456,2.2444775504683125,0.428234470602713,2.7002564753226097,2.505319236839231,-2.7663204592907444,6.012711890395425
-0.27870069849398993,-0.12730339747148073,-1.8316748980995239,-3.26689748789404,-5.634217981895107,2.831287506176527,6.376931263332674,2.8359296113126047,2.934227271994707,1.979706504523392,4.560313712602753,1.7378204247247606,-1.095360858301932,4.319421112083246,1.2356984396979103,4.782505537656222,4.427723335886514,1.7559934975555491,0.5805629656530683,2.303586717455313,3.493797159028297,2.581941942845563
2.3306457451932854,0.37961146824657627,1.8038033450521844,4.662486193644819,2.520021030445291,-0.3881926758839997,0.24908669639289427,5.382087678756905,-0.13946653741225282,-0.00817429615561582,-3.0243601701092686,2.2873620642107886,6.5686618686167995,-1.966945165425943,6.3932304551096,-0.8301323492230542,1.3809968389835765,2.4827149422250194,2.2800618531378554,5.853024527883662,1.9727573309980757,7.618477633078747
0.9278687201885363,0.9148408273841684,1.7797834230976484,0.5991337583109863,1.5613098855098066,0.04025394177345121,2.129597563602442,1.7716146962101555,0.007770566100378464,-0.05112227444593673,3.8826609083313333,1.497821531682307,3.4823978047735835,2.1726438381966524,1.4546217753610113,1.06826979733702,3.8741831748198767,2.852630933148452,0.8360628845475606,1.2687970641830437,5.629101200037292,4.052006372988836
