script/wind50m.json
{"header": {"parameterCategory": 2, "parameterNumber": 3, "lo1": 3.000054539987559, "la1": 64.9999836372058, "dx": 0.5, "dy": 0.25, "nx": 34, "ny": 52, "refTime": "2025-12-25T12:00:00.000Z"}, "data":
[rows 24 to 47 of 52, columns 0 to 33 of 34]
-4.7251606805133886,-5.63926142477643,-6.544601185731159,-6.982108020646427,-6.703293334293381,-6.020456645477405,-0.6164592179547834,-3.8696527970089285,-6.078889322476828,-4.367795526671719,-3.899067657450345,-3.131735141111882,-0.8452042371694156,-0.5288584128466925,0.4162393750815358,3.0389796810270018,3.2395479643442164,3.5912827769662594,1.276138373241798,0.5809591386034839,1.9960107481091107,2.5808417321071664,1.6447920951638715,0.8039299282876863,0.9535961633153044,0.15831402273627382,-0.09500535465003737,-0.6046705815449156,-0.3641115215190532,-1.0992077249904242,-1.4784189819051634,-2.464176684554302,-3.3068295489347506,-3.240181863727261
-3.907811993578158,-4.993937859894235,-6.073232639959012,-6.258305374749162,-7.739982759282192,-7.630359978098898,-4.396629426297212,-6.959451358681839,-4.636226568755673,-2.593084030692512,-4.613630539026988,-0.9741705516658117,-1.6603180561769944,2.002358828609766,2.5431053772535157,3.5408719435680243,4.168289398853503,2.8386124897020037,2.2322437400128194,2.10080870907634,5.654205293813792,5.723925688718374,1.6240966360185989,0.32586972910168865,1.4448137594063015,0.9799388514406808,0.9929021131454631,0.18100159316390477,-1.4984736307817557,-2.4183502869650644,-2.9556417389933882,-4.215441707621905,-3.3121354434532484,-2.9590829444417657
-4.276195312966695,-5.6525068461413275,-6.773405239226762,-7.31684726224354,-8.591357722421304,-8.848791250441423,-5.484324873472135,-3.833642881394586,-0.9075866041973975,-2.9639511807465952,-3.0916210441394303,-2.6490678169271624,1.7278910152944025,3.10520332948521,3.6046788209859737,3.403948152957659,3.0872157666754827,1.9157429888646316,1.3094844228346347,4.1313964202697315,3.897378954659177,4.462465842089865,0.9539347683039267,0.9545276743068661,0.5681541876776188,-0.5487837932750799,1.3984146085289342,0.0037347501835800954,-1.845762647161866,-3.36850608125181,-4.137828203785761,-3.8327008867276127,-3.2997006273833005,-3.400109205968521
-3.9193361202759336,-4.241968647299779,-5.2903355570067125,-6.271712864764463,-7.758297277118816,-9.565187174006573,-9.864753177185236,0.5484454397266798,-2.6626759148172163,-1.6515728221031327,0.15624318702344764,1.4312215721426575,3.6532672968680138,3.5293274170502795,3.6249420960976093,3.3204608449322603,2.7930615294875607,1.6172832207828773,3.279244020294723,2.915059693612137,3.725657931746285,2.088485417485912,1.4051479877790232,2.784772504070743,-0.2366496798446529,-0.3524754605725748,-1.0967884851811878,-1.7875234941949478,-1.8917012823352408,-3.5017869610094317,-3.7510683988132696,-3.4214209268054074,-3.1245782403009574,-3.2008967178633303
-3.5626779339511265,-4.281780786646429,-4.6005930164736295,-5.918729753721795,-7.408275829434893,-9.082620885213368,-9.549405009289684,-7.367632320310445,-0.5050709962865437,-0.2597914592111335,-0.35810016309215115,4.026725164381808,4.0541171663885285,4.030309109624052,3.595164468400333,4.208846136031834,4.387337906071743,4.689095146326102,2.418404755582131,2.1379642243209314,1.4057742447941168,1.253243439324871,-0.6771359749377355,0.4354007578231364,0.5507094558268321,-0.4845001269959252,-0.9230837664036907,-1.573489160626604,-2.0226891629570543,-2.0703524159175184,-1.9650334164439984,-1.582489942132876,-1.4738497430284125,-2.0353604761511104
-3.9076098632626204,-4.789896341574723,-5.236815158051924,-6.303548850686341,-7.201624659588899,-8.602977836314182,-8.713825609308431,-8.098476456176085,-4.59708784367044,-0.8724976378732354,1.963857173770056,5.159508157631265,4.442904447634131,4.167641195435166,6.462297213464216,5.469024023864569,5.753944966774269,4.907813720874519,3.136170982460671,1.216094490182587,1.0750145452173212,0.40835516987251747,0.4267283295367795,1.0897585134310859,-0.4732493490643386,-1.0288787755708009,-1.1683817353151074,-0.7183609101261432,-1.2439273224013494,-1.4496451456175172,-1.4627214425136135,-0.6352719319524437,-1.0349448089747462,-0.6548852408856848
-3.9944854024769105,-4.555661870531983,-4.874198363592583,-5.83661481154872,-6.306227471501679,-6.999624278240128,-6.595306513776973,-6.188345854605474,-4.756234826746046,-1.4345062967874487,1.765834575985899,4.758565043428197,4.592638731298459,7.382486947687171,5.552395132544504,4.643627020942549,6.100312114866241,3.874261009655808,0.6457207983290074,0.9125709365246799,0.12479751104059697,-0.44512914088987743,-0.9481463580321974,-0.9205977774567982,0.09832516791602468,-0.45985445982745426,-0.16428468086765896,-0.0014373763546921205,-0.02987845651999267,-0.43064361332626144,-0.6259479225693424,0.31481922809206714,0.4351128117826398,0.7120222399277859
-3.1703118119077014,-3.271592271842987,-4.206580063543136,-4.37531677406466,-4.934733763504725,-5.400292764291431,-5.401466703878836,-4.81694366185798,-3.152497469151323,-0.841724071813254,3.019623591920449,5.386764139096807,7.998833534732994,6.415098537174593,4.27931064157919,4.048220807163272,2.9339931245636603,2.7474601503150367,1.6424538328025629,1.4477995594380628,0.6821830399752592,-0.35897446965800106,-0.9925318391717258,-1.0535459063692627,-0.3490490587052661,-0.615582285409544,-0.9160163607542434,-0.07141180168604158,0.19974135554829603,-0.06956118162966535,-0.33458053048964803,0.30018702036508504,0.9431129755780516,0.8582287013352735
-2.900817941909182,-3.7990970454943014,-3.809450308490109,-4.039351142922639,-4.081612052397263,-4.366502783422543,-4.021340726616529,-3.15103948357281,-1.3929960859224855,1.262519145999849,4.503335237293476,4.276922638559771,6.270228244592127,5.239519305886343,4.203273821502942,2.8443577587676745,2.525650363608992,1.8137097048827915,0.7328233478307065,0.31894760880177675,0.17698558567582912,-0.5632741743629268,-0.8548740810928247,-1.7389928039895624,-1.3828174406407097,-1.0148064888306394,-0.6757873497136424,0.7447479542057371,0.36168007424028364,0.06558274668336063,-0.06421317401182712,0.42002444079070506,1.011556981725312,0.9434936085278387
-3.282042877644275,-3.277973828539492,-2.191725785538074,-2.308843788440699,0.25063487283638053,-0.2899883437075614,-0.46132375912569024,0.46113900685422643,2.338460122381728,3.4808975503829243,5.311602831026243,5.316532056516791,4.93518437528082,3.3651269297708177,2.1312292314536077,2.5235924738993303,1.584660781325769,1.6351780015544055,0.4827189064740589,-0.8344047841246429,0.9138873763068497,-0.10083218895624925,0.3671420589935631,-0.46856706852053054,-0.806488907671418,-1.2494297916457755,0.2931382079935626,2.552532713409526,1.110715957020106,0.1495475210994343,0.217635849557168,0.8967926258819777,1.0525071767692573,1.1398689306418175
-2.5425212307179947,-1.73196626291718,-1.5581168416094948,-2.496310341437544,-0.8247121161367921,0.2417667740233628,1.2277003953623706,2.4159212778355337,3.448092506905548,3.4967732066056243,3.5814628824530557,3.3323212279296537,2.6027203115910424,1.879354836384953,1.5227172916237033,1.3774686447783684,0.6256894365294741,1.0966570608811832,0.792051866102303,0.4420329082547912,1.8008891643626528,0.38281664115552944,0.2305612919957033,-0.3510418287533965,-0.7684920894409101,-0.056305497024416014,0.4571124769091873,1.353399198779101,0.8785718380779605,0.6208671810416676,1.168943490580786,1.5088270093861562,1.6802237873083685,1.7939239240506377
-1.8039576096940209,-1.9950671684386811,-2.259341494676978,-0.6964391594877933,1.317480132186772,1.4450270786604473,2.2035491742173465,2.2953152020780143,1.642504453521231,1.5835433344707393,2.7047948139080087,1.8842824855677116,1.4365816728707548,0.6800418023636089,0.42379531671344484,0.03969320468362725,-0.8415560284520328,1.5783855549613277,2.948950299759153,2.635096644081542,1.229689693040937,0.2920268473050741,0.21207883548831669,0.02875695851381003,0.9259091032796962,0.4633995645445519,0.5932806658702737,0.2695114671490147,0.002609823538548289,0.31293769241333497,1.183889531829128,1.2998813304067727,2.1453327672089104,1.9522611478154108
-1.9218016372296771,-0.3586271114037023,0.015720627055785936,0.05190899205431785,0.5531232111218922,-0.1690499240706388,-0.09411704970943074,0.10665716193907182,0.7960416361930391,1.245633015563132,1.6266274386572446,0.7423280505089639,0.17951422984155926,0.013591735129198548,-1.0797359564434856,0.8466533040544478,0.6650551455133352,1.1801062674595415,1.5781729830514062,0.7806158891537418,1.931677777796903,1.242746619772007,1.1105739664803171,1.5380364092008085,0.62265792319898,-1.4262663885130715,-1.6043188353971312,-0.7765005151850337,-0.19807114318080415,0.11425702909716988,0.1834900411927979,-0.22089294538016532,0.269791693048865,0.5968957933122044
-0.277289059800655,-0.21503377809407448,-0.6682903984315537,-1.1425279115841702,-1.2750446363850856,-0.9518960449273938,-0.6295647352492938,-0.13065034667595563,0.35654889494071584,0.46360970730880746,1.169226934453422,-0.20714361409714824,0.07879180635128419,0.33244916012490155,0.8108634953049824,1.2061994374111424,0.42258779911576555,0.2052620195546715,0.06933481109451985,-0.6671030007472785,-0.5364783234479326,-1.3615177900817008,-1.095248110238301,-2.0123373505856597,-2.268658816873486,-2.3494966977702005,-2.2738003576467425,-1.8150455133609147,-1.1958837091966894,-0.9337840859313846,-0.9047667755730114,0.6854806958927577,1.6328024794041414,1.8750525164561138
-1.7601966797844861,-1.9545252891444171,-1.751400901383083,-1.4570557478534343,-0.7603995270975802,-0.3914040722349219,-0.17703906788335164,0.03994990395975395,0.4632629892726416,0.5550648866745793,0.43724771792127126,-0.45944667626259894,-0.24755901826946816,0.1740760657219655,1.6781162378928476,0.5800587329995529,0.07448885930675296,-1.3078116675090647,-2.394732285902638,-2.079330584327052,-2.7131766201294303,-3.031815849410497,-3.329995244724485,-2.030997046141275,-1.813052445257568,-2.0747573527189394,-2.267000627812568,-2.541340868846193,-0.995382899492593,0.16033377249879463,0.438935428124809,0.7206186467962338,1.1049350849538886,1.3944374664841706
-2.925961923165576,-2.684811791671341,-1.9399711833861826,-1.4735260124682819,-1.1274815476944338,-0.7691361857415085,-0.6191886238231494,-0.342141227478933,-0.18676825991331245,0.17183644968445314,-0.13794032809057188,-1.799331094449012,-1.7953827906064537,-1.1107403233069248,0.7663706918391174,1.0604016600065056,0.8677340486672177,-1.2103628804274802,-1.5920655902370935,-2.0535227858201153,-1.946382675540818,-2.2498940293418928,-2.1145414467289805,-2.2612068042227893,-0.31209707656765384,-1.413258486648403,-0.9977617522852447,-0.43830665130051827,0.12094607511535019,0.58970139443224,0.6939037595940556,0.8518983975028706,0.8578335617078876,1.5474982367057235
-2.619567498148399,-2.6437282758634195,-2.4347534919292833,-1.8795597628610674,-0.9736499831896385,-0.3435512504268693,0.04454336357298054,0.5079819088469782,1.1386080706697275,1.4676346932526678,0.9618317603219568,-0.6983401573990812,-0.5962309145582045,-0.2543998565274757,1.954196106894172,1.365683270409122,1.9797728764747369,2.3859309308855536,1.5901818168151167,1.7101820651611994,1.571587729858414,1.577737482087648,1.1184403333290254,0.8453790138059034,0.5893911268358951,0.22802249649274253,0.1436273265986105,0.28482901323012955,0.7442127490589026,1.5444751614385739,2.107559263305675,1.1919873091686983,1.1642075848780598,1.1764902151954508
-1.7313247578658408,-1.439177809517898,-1.2863761715331554,-1.0268627738299276,-0.5185952709860504,0.020948562240901438,0.5376487601043125,1.2785842433075392,1.5525108675821893,1.5433566570399808,1.158490648695901,-0.06486268453192597,0.5319813375340731,0.9503100541577657,2.1173526868486445,1.700855743765608,0.5210649063230032,0.7262322610469101,1.697563115841522,2.0303359274077177,2.154764952985827,1.4293522078240926,1.3723170826073006,1.5056694031131321,1.0402734287803106,0.9131881148588936,0.9760509765779453,0.99824041669184,1.922754484079093,1.702344213825173,1.2089209928810425,-0.15303053040911957,0.6487812235486794,1.779962851306386
-2.100426114057336,-1.5823114248258077,-1.0258458354729687,-0.64201624555292,-0.2724086258618046,-0.19579253754502304,-0.1774601723225872,0.021793840825447712,0.28635297812083893,0.4519461165245582,-0.25420399704810964,-0.5784431027761888,-0.52849186027284,0.3766099616756296,1.558859139464422,1.8356072765353877,1.3061391956965138,1.4550846519624505,1.4043762610089146,1.4485034576034532,2.3638517845328133,1.597753296811571,1.6315245770668632,1.809384897485834,1.9801737039675835,1.939989671034204,2.3247003731710265,2.8691721523078892,1.3611409244384778,1.670107169827517,0.749299031661599,0.11410232220017874,2.4803552689628057,3.530280363457309
-1.981821958165617,-1.8833215287421257,-1.133408694245268,-0.23095771019122963,0.2180587319720714,0.5784083430396357,1.0133205099248026,1.0560087572055616,1.1725489345213798,1.1634117889122981,1.1877607590442072,0.4642449404165927,-0.08111891236131126,0.04854961935976609,0.30893222309671886,0.3804138493555259,1.1715823046765492,0.8384525321755396,0.24392711432045486,-0.014262331625959933,0.16515566841743987,0.5286270036632793,0.6559788030921305,0.9946714369890539,1.0884138134635528,1.3919498036802218,1.7261846113902504,1.2017428961950642,1.4817018924133676,2.062203443064004,1.9326803077219825,1.6090245891831962,3.3469046155598194,3.0192198796404934
-1.6364250826628592,-1.4442758006997105,-1.3896187820446244,-1.0158216064328267,-0.4088160592357226,0.24265681856592028,0.6532585516601537,1.1616742961709776,1.3494045618659178,1.3261012865983426,1.0363393340732265,0.5001261894732474,0.06804245192005402,0.30259972011302466,0.8036687498543842,0.5893980771947663,1.0184603275283919,1.0024469950994603,0.5582032333352888,0.3104974759862881,0.5162502467722156,0.39060048447976575,0.28286886799796945,0.25079708222851665,0.4966773570523417,0.268831889267848,0.20793960584065624,0.23467494941158598,0.7439485811296291,0.3467766349141233,0.47064126254316274,0.9526291860965106,1.8010075802719123,1.5527091610945858
-2.217509686892274,-1.6356248892213086,-0.8614270397500513,-0.5584070540058821,-0.1264535872388306,0.6047851389781692,0.8700597023752038,1.0276267074823697,0.33414391778996616,0.45393534513273576,0.13196550634478818,0.22104069454153397,-0.11624031287050676,-0.13223826954931442,-0.40624913632936466,-0.031212542812374233,0.2004528517013662,0.04794611419567083,0.3077308983632798,0.6097163024600717,0.8092692030345149,0.6886203440656681,0.8265600046657842,1.0852470438484891,0.9907027070762526,0.9015965812032879,1.2736235359159078,1.3478224206139766,1.3952714338106844,1.2021041235003531,1.1359623140286867,1.615368445629409,1.1692509354824405,1.1657190079730244
-2.7948435300336976,-2.283850566342087,-1.9579174749063972,-1.4215161822539224,-2.482549294500079,-1.6977466493328741,-0.7305437019990364,-0.0409555690878696,-0.6194947717527385,-0.689270419332795,-0.4400535421471259,-0.4495597367302083,-1.0352914892499903,-0.6718332965375918,-0.280309359666251,-0.5496640460398424,-0.6545803643665895,-0.5856235960625515,-0.8523802049746568,-1.2567775038773414,-1.1845149406198394,-0.6832983379061882,-0.9533228890266959,-0.44852632548026844,0.02086294041793688,0.4552087060672644,0.9520253679732427,0.4803408679685738,0.22785668684701293,-0.16791795372650126,-0.2114002746650964,0.5268046754611799,0.9240328650227846,0.8521541244998481
-3.797726403808254,-3.235280355883215,-2.865298284609697,-2.118273209431296,-2.709387221679675,-2.4178550230071014,-2.3585226317793953,-2.224552551896371,-2.234512267403376,-1.8410278479176376,-1.2820011501080295,-1.2393758464003433,-1.8117852345176644,-1.2190492219530111,-0.794583653681434,-0.725895798668456,-0.3267791551533169,-0.6011590270395121,-1.0779146337572623,-0.5605273899963769,-0.0831089922471885,-0.3260388535580321,-0.3840868915441615,0.21360160006688705,0.18163418712872048,0.14798628914285958,0.255673945374409,0.8625308161851515,0.9395152774908911,1.181528317423853,0.5456141241053837,0.6382624228153758,0.657492674581335,0.7551825208148716
