script/wind100m.json
{"header": {"parameterCategory": 2, "parameterNumber": 3, "lo1": 6.000198445256149, "la1": 58.999992894266676, "dx": 0.5, "dy": 0.25, "nx": 22, "ny": 24, "refTime": "2024-02-17T10:00:00.000Z"}, "data":
[rows 0 to 23 of 24, columns 0 to 21 of 22]
2.587112173714894,-6.589394865392593,-4.4912449653670174,-4.598978565505501,-5.484978150322446,-7.421024937619593,-0.7286528095497834,-2.6964326910163883,-3.654919689946819,-4.733756901471429,-7.425706241660436,-6.355634320978926,-6.0356838837494236,-3.3192429929355534,-5.768754158542606,-5.620237205225919,-6.81960859949808,-5.5951109802144865,-4.335019521741546,-2.1759434123843695,-5.962984408608824,-3.4269061626112407
-1.7948445305750937,-6.484351784552895,-5.64697250495864,-4.413527758254962,-3.667716633345709,-2.3903294918769555,-6.08393683776957,-3.9100101065630275,-4.264435621273749,-2.6157794420759406,-3.7430780768486294,-1.1864270800545427,0.9717558257712529,-6.28133602317326,-3.152705130890641,-6.0546276483881245,-3.704777481644823,-5.7862931552438255,1.8962599211800322,-5.5963747883875845,-1.7817011819932276,-7.443164744714207
-7.606082003237254,-5.34890994878569,-6.116314230844409,-4.522704719783163,-4.257252261219628,0.6970562859419798,-2.5815291039060875,-5.517427700334236,-3.211364813509719,-3.6585816176732955,-3.3705357262064175,2.9145197306404302,-3.8661367506805915,-5.948885112147359,3.0672827940830305,-5.9449854813198515,-6.69631711111892,-6.291657413601091,-7.41658103320163,-9.068519156402143,-7.029088964490581,-4.724716123928658
1.4496345389318999,-2.8654678066364596,-5.01139301543211,-2.749024761688141,-5.294961953670793,1.6139802088507877,-5.125342226819662,1.4752901258882922,-8.947063509900973,-3.166483910165398,-4.9502555212809956,-3.151105764898209,-4.3496895630539,-0.4712165505933941,-3.073436392733572,-6.042779070291939,-3.7816336627429146,-6.262857366459634,-7.281467415474565,-4.256099619624274,-6.1723177857136164,-2.330816552875765
-3.8305522506398644,-0.32477216339581144,-6.121866082035097,0.42853276811745716,-5.021625586535752,-5.075724154322246,-9.204408815985314,-1.391321780544799,-4.552276006518286,-4.737044569602077,-4.750378082939489,-8.938915904791761,-0.3731543818931372,-0.3574988849823337,-3.532233674682235,-5.352593894846595,-3.2118247154951027,-7.229689285523013,-4.625456443077926,-4.4198794285535286,-4.486209023755339,-3.467068614850564
-6.681362986467834,-3.5301123588424037,-5.9532692784014944,1.5507533460172944,-5.4806430451397095,-5.529013489437118,-2.610992262341307,-4.347956152911788,-6.246845271296421,-7.596887008931064,-5.398622127121907,-6.734263004445102,-9.094258931490188,-3.5856980199838446,-8.102727892790561,-0.7215308211731001,-1.4585924685078873,-10.320095476436272,0.5391875880918771,-8.677628927640056,-3.742509057653942,-3.5329296525893925
-3.1679233781861553,-9.35852180049731,-8.011794557942324,-4.636666640579036,-5.527702052942941,1.2712502110379527,-3.6800812361055733,-5.379277809683253,-5.0509251418402705,-2.6524997685066505,2.7382165601390964,-5.578415886172736,-3.6989302142796414,-3.7517835863530893,-8.506052573962338,-10.15040162827781,-6.127451145012236,-3.6777422331989733,-5.082303241162208,-7.738208325777781,-3.9589204566329523,-3.958986799275265
-5.245270314275956,-5.421405219556118,-2.7857153706138664,-2.4671633002250277,-1.7214303272887395,-6.90095557104763,-5.204881555414667,-2.3984254225778567,-10.185368280908632,-6.484691140496705,-8.217427693937324,-3.465415927711951,-1.855639450284759,-5.752704924356109,-7.0521631078346685,-5.386385084173486,-2.9733974201831614,-4.30481094301208,-5.58284217300776,-0.45808081675738693,-6.175475890526666,-3.0052652607971035
-1.0026081471289754,0.21116420474148453,-8.576179505266417,-5.40808595774912,-2.4798584869878906,-1.7601201826188146,-2.4757667345071335,-6.252380757867803,-4.506780608312887,2.74228160186529,2.531790685938885,-5.637868404398105,-6.749776518629759,-6.011971501575943,-9.548772879677914,-6.132350309773467,-9.49550584791535,-4.3491169148543385,-7.627024584643647,-9.666631495743152,-2.436537804825747,-3.557111366440087
-6.988097036843673,-5.393584395858267,-3.647942323649695,-6.584768675596661,-1.3292681608045291,-2.9974986142232467,-6.4020351394600405,-4.797894167046897,-1.5866117962949728,-6.191964827147887,-5.323322584304839,-2.146246243016571,-7.499237589640868,-8.591203119535907,-4.832058005913673,-5.826490095210792,-4.3890725184739745,-5.830446954066824,-2.439039228584728,-8.33892646319971,-7.792804861084279,-3.0677996492889794
-2.1991593473447164,-5.499102530289565,-6.488336483977296,-6.107839830344676,-6.4973064822774695,-2.9614233905130884,-4.238885688072734,0.4325945735084743,-3.8809843277192058,-1.3623059902732784,-5.873718720105241,-2.3433874493799234,-7.137519429450177,-1.7554660823148653,-5.5727573573857,-4.649602764172803,-5.4423013119666575,-2.973541723202276,-5.042231854295503,-3.6777613835644147,-8.344348732085095,-7.475458006054263
1.8804368594091285,-7.8460556508641295,-4.426210288808035,-4.423426249633123,-3.8803484834577318,-10.092503885819594,-3.0376239030612435,-4.7796877927213925,-4.746645746599121,-9.337036651869902,-7.355585890668248,-5.591019557230048,-3.66770625404933,0.4583403748278201,-6.929732352023931,-4.840747577751848,-7.8076877503001825,-7.963184228164607,-5.329020834397243,-5.743456597278749,-6.953433944473023,-3.10743218428487
-0.5232981977139521,-5.513822349327556,-5.297643929968662,-4.429016340642624,-5.372021248985108,-5.413493005950068,-7.505748097629251,-4.662144097210495,-6.3521998941517195,-7.373651265501988,-3.9518477985244207,-1.7942221409004604,-3.453151124449184,-3.574433806922701,-5.106867226240702,-1.497348296508016,-5.338474177778662,-4.025460268848532,-8.133135221899234,-8.660866491651008,-6.063662913224745,-6.579916323766049
-4.473405853065131,-8.02670088122017,-4.872645966484531,-2.4668842418036605,-5.146329926054953,-4.84604448918214,-5.438249523557532,-8.615384293287292,-8.37853196802966,-4.619006412038665,-4.606222364319567,-2.8870626047450885,-0.44849756307485045,-3.919744041814704,-5.917536548792451,-4.859938551819752,-5.614016303153882,-3.232591674037615,-3.7031098723405798,-2.110764354865243,-5.489109107435835,-3.77931164647238
1.129183012188617,-6.187552615833964,-4.388036624604326,-5.787792285373067,-6.604419300140502,-0.7076816123366652,-4.021177810445104,-4.236146901289389,-3.7111974922090925,-3.961710694724774,-7.322825548341241,-3.6842934895233843,-8.661639097432673,-4.4439339743632695,-6.34595874591309,-9.479320915617608,-3.9612434549067843,2.0818377138450646,-7.807593154271494,-7.1567693923104345,-7.704685283469155,-5.925297510842845
-6.416586940896905,-5.589120043406045,-4.501480237741401,-6.23882154606901,-6.381799111366243,-1.5614046304231293,-5.373251162093592,-6.886508149930688,-7.646875440077352,-3.093123954048127,-6.253156053126054,-3.0486157976591213,-3.2812327439253686,-6.376928310297071,-6.081379369501687,-6.04710601836148,-2.4990221891094757,-8.907275622133607,-5.406366081984885,-6.884714474076904,-4.834695903898339,-4.0653607062179065
3.833645365203019,-5.644463991080427,-2.1021126172886966,-7.606077379381531,-6.272761558331888,-4.581508777434306,-3.134930006394064,-4.38767965293893,-4.637545729484557,-4.380296091107883,-7.332781924703611,-1.4558257508693588,-2.9413386169357314,-3.89302454846084,2.365103528811547,-7.12274983692128,-2.727896204298427,-3.003716729742915,-5.5063128371703245,-2.207137513926322,-6.392537833920942,-5.454884739144208
3.6262810255259343,-3.9679960623763355,-4.270423657164548,-4.305920675818615,-3.832954275284578,-1.7107655052612065,-3.8233543361634474,-5.987575327774083,-5.685165250460024,-5.2698178372751485,-4.3547685600481865,-3.706549955916293,-8.486382387342177,-9.678245861398505,-0.6957954656783342,-6.58640979147191,-4.4938786290401405,-6.140911251209385,-3.625567883478716,1.7097225459385692,-2.561290101171083,-5.889572721080531
-5.122078120249387,-5.998561009092685,-0.65730805118343,-3.6342230800465556,-1.5755872330275904,-0.8582954884603708,-6.620078906609719,-6.131177031150114,-1.4225223908757634,-5.109554904500294,-7.085464602609087,-4.620490530432143,-5.8398526892831475,-6.125251624968853,-2.1649211623555082,-5.162373930871163,-5.556358126146321,-4.658729617779061,-5.601287138577181,-4.406718424870724,-5.023196926431093,-3.2580951846807165
1.174846239743407,-7.145290607167478,0.9388560934124004,-4.333875915463957,-8.505925250460855,-6.111660511481751,-3.9643515005105567,-1.6335288952726734,-1.3658631736427835,-0.04990858456376886,-0.9371452010600432,-9.315023237948894,-6.518715025754051,-1.0736826430228388,-3.980909861590803,-8.838284009613197,-3.1236655347530027,-2.4760113832975654,-5.562871666802801,-1.9434633196076851,-1.5069098719696306,-8.560474648314676
-1.7522001927124233,-6.745700418326554,0.31374177263840025,-2.277352945275889,-5.0691120893408295,-6.255086281840469,-3.8072464987399286,-6.782302426340777,-2.8467416355019153,-2.0842241781836344,-4.389633766377102,-4.6339612686371074,-4.813812926505934,-4.49206768469129,-6.022738356544872,-6.4998894341704165,-7.097879063121401,-6.889206449613082,-4.621765653383254,-7.790894636742958,-4.750023143434284,-1.743683465323081
-5.868069129843412,-3.5996451940515892,-2.3172505109220145,-4.502825790450632,-3.370559040846093,-6.484777025578138,-10.055885660417205,-4.710977835437796,-6.898355631798829,-6.561318555797424,-5.005624547129187,-4.777478563419558,-5.712322903057618,-3.7141498483077,-3.687837855232826,-3.960888396890183,-7.162178118818613,-8.407680139093925,-3.0748481295708485,-5.660007642059257,-4.089621450368988,-3.90816991872734
-3.5366225454281928,-6.799952393248294,-8.510593862542782,-4.4942523024842504,-2.686206259399767,-6.24172641386274,-4.953707405475309,-5.867925931166828,-6.225219853263231,-2.9197048042746094,-9.976454105269674,-9.030205839545035,-7.688162160341731,-3.2742174698893582,-8.825779953657976,-2.786809821784503,-6.300010850741053,-2.9359666745576045,-5.8399076839159685,-3.920965739316152,-6.436738009033917,-6.498959036341827
-0.9216321928729716,-5.82706316630186,-7.301202015698209,-9.61717328499069,-6.509742260086941,-8.651434904021608,-7.7033874441285315,-5.353446077185629,-8.166253762151397,-2.5348220717261394,3.3474650385006406,-7.63703533289402,-5.090090118125749,-8.864058236760524,-3.8365066604400786,-4.727620712193789,-5.927701319521394,-6.8596898454900606,-5.522322200232823,-4.5441047819877225,-3.657991630348085,-3.8924857044890944
