script/wind10m.json
{"header": {"parameterCategory": 2, "parameterNumber": 2, "lo1": 3.000054539987559, "la1": 64.9999836372058, "dx": 0.5, "dy": 0.25, "nx": 34, "ny": 52, "refTime": "2025-09-13T07:00:00.000Z"}, "data":
[rows 0 to 23 of 52, columns 0 to 33 of 34]
-0.019551229958898714,-0.10919795863108775,0.3686561167636197,0.5472936653431315,0.875569826434158,1.1914692455730371,3.2129065572845747,3.7408889878603486,2.742303198755954,1.1687545893233555,2.4114904983938827,-2.071538665190324,-1.9852411065937854,-1.6129213343079079,-1.7964417033455449,-4.043582016493444,2.048841667591128,-0.7922197492684242,-1.5195756419921114,-2.3982349021994076,-1.5054826981296687,-0.7093726929530119,-2.047333974455037,-0.6210493990109501,-0.5604543792584904,-0.21041153907152127,-0.6550433161436917,0.3043210674507253,-0.008197651108966074,-1.0741334367074473,-0.4257783165685415,-0.740790393221773,-0.5549455863608463,-0.1976313598155263
-0.49163516633661547,-0.5782984471821313,-0.23765120183142285,0.020129169923961493,0.18496909554221314,1.0763827962052535,1.5525407980045185,2.4192697475634715,3.8941746176789134,3.493827306530726,3.4339476549937897,-1.4013157197696953,-4.029445039172068,-4.9650868816540425,-3.0391723825561225,-2.072899660040522,-0.6657740717222563,-1.080997510529363,-2.8515288927994087,-2.065916037914446,-2.434046072501353,-1.7629318945980634,-0.8322834474722081,-2.2778458760674414,-0.8792158452973917,-0.905484982289509,-0.7440113634847236,-0.4935681213616796,-0.004957649728893044,0.08244191778574525,-0.06880167518578709,-0.4250161542172309,-0.40666904005560234,0.18320640057018983
-1.2727490854414512,-0.7879989022369288,-0.5857518638375112,-0.12659792480818588,0.977105762010789,1.7303895194585366,1.9749051118562402,2.360264194034239,2.933650296778342,2.125695464021205,3.001705234837554,-3.586664210744702,-4.745520842817565,-5.998625646801027,2.012935825484795,-2.039118827826126,-1.4153867376278204,-1.2047492051765036,-1.382760460220758,-1.7723986859153464,-2.318260195394812,-0.5633258283823028,-1.9510505630637838,-1.9797774481092345,-0.6486304603238754,-0.32640101111423947,-0.47776688861965977,0.08748840712946804,-0.30774982905791515,0.307295604252127,-0.14642525782758528,0.19097051230326095,-0.1366522760360153,0.24123418600135318
-1.5342693640885203,-0.915224544876214,-0.5313020164088117,0.4944207187758489,1.2262445754106017,1.6910890784819175,2.2848152843718395,2.2159610661770053,3.4495754141733297,2.4311955865163224,2.177977233372401,0.5610462935515429,-4.196388398832358,-4.156565339699797,-3.193793066167068,-1.8324986687220914,-1.9582226247096644,-1.1943153141182399,-1.6255730179457049,-0.7173440386391591,-3.3801538406185436,-2.7699092431778896,-1.8684274473997646,-0.8717612829934857,-0.6314167956330514,-0.487736711059554,-0.2339660836388136,0.06131586336134721,-0.02661133781781459,-0.03647368708012269,-0.7327659122372223,0.25208219724720776,0.37376605585246586,-0.2412068362782855
-1.5760834398308714,-2.0896189084028216,-0.4466929150494813,0.741950896957861,1.6989765509227213,2.16790661034538,2.197041704495569,2.4848222988006006,1.9308289521135884,2.7830884261757145,-1.6559008765379304,-1.5591257474664366,0.48081944640811797,-2.6840508530146954,-1.5615061140650683,-2.046358285265779,-1.1214406602656946,-0.7564434040092723,-1.8422065606498894,-1.568320430360016,-2.398325240316214,-1.831697669218487,-1.4218213967773563,-0.45157043856433676,-0.46842489285040995,0.018906528404174366,-0.040157849048921626,-0.8468371873236499,0.17911258248568465,-0.33086886811655464,-0.6909058860949917,-0.12443816760693932,0.45411667552500323,-0.46905925054782815
-1.5327180301718295,-1.887509496625238,-0.9340397384332945,0.5251582735039914,1.3659610518417968,2.0680223841083074,0.4750685341546789,0.2901794858152404,0.7576187760997648,2.0047933249335,-3.086300851122036,-3.336085638078961,4.940546167360606,4.59375957180596,-0.03029235148845937,-0.5004082046130479,0.5039351423857164,-0.6205158856038147,-1.8016558103771836,-3.7275994089344184,-2.0888993836968597,-2.4921150359859543,-0.5117540784005828,-0.7606633053725053,-0.7783182857135775,-0.8320805600623186,-0.23624347033508503,-0.30607951801338923,-0.5563798332819285,-0.16461978649844053,-0.17549667705452843,-0.6426386589638954,-0.30113869471224475,0.34586736618596803
-2.6620111038920284,-2.1317711835236732,-2.0605961328100952,0.7392765322005076,1.43305503698472,1.532302697938707,1.6396877390044946,1.2705969592986373,0.5108289020832887,-0.2665077848334135,-1.619208417120859,-0.8556988724563189,-0.6220757975222667,0.3332755923818414,-1.0933479469970613,-0.25067728782180787,-0.6178727062423213,-1.636080568089028,-1.5622532555871977,-2.0124156545146263,-1.517194872468211,-1.4213456367884763,-1.5521163225095551,-0.8285903615024182,-0.5421014441602823,-1.1014610801385776,-0.38072329558715456,-0.5981022180844947,-0.032815097162028926,0.16298495130908036,-0.40341493179157656,-0.4145210722666106,-0.1955931051967722,0.34170621987897043
-2.379555136814039,-1.1820539156100516,-0.6650305290644934,1.395670219106056,0.9616541058180714,0.4313574312066271,0.9252546463557437,0.1593691908420095,-0.32939655698526504,-0.9515260875043868,0.3016383097607933,-0.44973139374813476,0.020981608331802713,0.4015149886894354,-0.6683586942446554,-0.6136375982321062,-0.8617218315273513,0.2921387944035004,0.2033373974165328,0.07055426031250828,-0.7884472420140821,-0.2967431971138397,-1.2814393819215748,-1.3969226177040004,-0.6422432141670973,-1.1318085669268148,-0.7360620434181855,0.5911668721707934,-0.3036030963374229,-0.37114083929318087,0.3389489574576931,-0.1524455653259271,0.41883807806036594,-0.28655689213503455
-2.5468340027522447,-0.9982385609610392,-0.24967133526707738,0.39326541647217195,0.8979276633334909,0.44533502271290615,-0.5921356658203367,-0.4512366498499623,-1.2280454716144953,-0.052231425890738946,-0.9166558790889656,-1.0066365439823008,-0.35424027390613105,-2.4598518021067397,-0.9607119602128762,-1.8882570031643438,-2.591896951333315,-0.6878438698339573,0.29466742710155935,-1.7944701473295677,-0.2789887980642177,-0.7326206128660071,0.20534105656669463,-0.8241224574011058,-0.6367923695590063,-1.17889420536226,-0.2574084826296591,-0.4461691874216275,-0.2926812920639514,0.028684860082277948,-0.3191197467258272,0.4759132331212534,1.6228571122541189,-0.29423017682553726
-1.2412168736242897,-3.4761567455787037,-1.0845854837595887,-0.26822663467458435,0.6443505423738448,-1.0516634933739233,-1.0612410713708942,-1.571112307197592,-1.697176488266427,-0.9793136625909241,-0.2503699364990935,0.03980380662213117,-1.7185290608755819,1.145287363134058,-0.7897665614756314,0.07666666402888664,0.46413463571522845,-1.0995996171567641,-0.7717910620441619,-0.8821412437914439,-0.8346105551122069,-0.27520180232714564,-1.3541272289635884,-0.003613513706337712,-0.5843663518460859,-0.3741133037331139,0.20070650507067517,-0.009596042666542348,-0.46178637112800724,-0.26835974402147955,0.2832528316334606,2.7084244030677196,2.135028952226927,2.019220848345073
-1.4379421937896752,-3.1804666792205887,-1.3229155590265624,-0.7645057771875314,-0.7055956603569836,-2.5600587902374627,-3.329673782582524,-0.016604796397790018,0.37158868049048316,0.9840313738027912,-0.1699535615033117,-2.5502923875901886,0.6146543395545665,2.170104048360594,1.8135769998780757,-1.752775790380165,0.31854979439947345,-0.2634104868742337,1.8747387677389467,0.07627210274602127,-0.1061672074129426,-0.9395090680019992,1.296192683259991,-1.3545828323084366,-0.5038664609642161,-0.3676972079993718,-0.08034007322678781,0.2346471241484408,-0.24095735445580937,-0.4779893549032503,1.5349953249883483,2.355683702700488,3.125186467178465,2.6171625965402807
-0.7844543191868952,-5.756847101632532,-2.148768061867169,-1.1907192801650173,-2.3118064144365773,-2.4266889567092957,-2.7333521375573997,-1.6788125717429556,0.5194832611019048,-4.047735616136432,-1.0265465273115777,-0.25290043968277204,-1.4612911720117905,0.9970816773552047,0.20175049109793153,-1.0289551431458828,-0.4868007923819794,1.5538151040028445,2.041167437794993,1.0044346284767953,1.8437475083926145,1.2997933112253306,-0.7585005259997352,0.5670800329073461,-0.6287966969509009,-0.6887789438293884,-0.053654973715253705,0.7264126344876558,0.9254668067782561,0.4703512307053361,1.662087893216565,1.734110297495281,2.786684027922898,3.213388038835885
-1.163966864859918,-0.3911441625701805,-2.755562277568473,-3.2847946818400215,-0.9276565279602876,-1.5568134762105403,0.3239182918872409,-0.437874402452978,-1.7914719582399667,-2.898686592354702,-0.6717953194837238,-2.3493055190155445,-0.4069200494594727,0.739844269164602,-1.638801261025944,3.8813969466123446,-0.049201073031888885,1.2803994026284362,1.2955705549594474,0.25956986699735374,0.9414006050418762,1.2007463337868811,0.6384645087404779,0.3722817916971871,-0.2575133384754575,-1.002486277193627,0.5028836650586962,0.45614222556849426,-0.20989663267216369,1.8462355464373517,2.0037172496600637,1.8913501543837812,3.180302600410581,3.423116997467124
-1.6115389073700532,-1.3536771561613465,-0.6491586212061706,-4.135214990114711,-1.7825353226502534,-3.871410802794484,-0.044609289634779135,1.711048469223184,-6.582450317724811,-0.8321441954392708,-0.36442066895151504,1.4641023044365196,-0.5674735428730504,-1.509067559469797,0.05219432564680904,0.3714617621133597,-0.15384876443390352,0.7673023753859941,2.024775358758875,0.46520602352355483,-0.28620745576139117,1.321651038107259,1.2775439977859493,1.228534906788874,-0.030476555975744682,0.7229138660344109,0.7875884291912174,1.2113006594853692,0.43686816110276816,1.2759179115307742,3.50908174121473,2.648036916833989,2.7870061503151295,3.205110776132667
-1.8707638468778267,-1.2437136837668008,-2.876036499363795,-4.687100231950538,-5.242143243625742,-2.8895425718197285,-0.3846605635229211,-5.022850046688674,-1.3435114216415862,-1.4253749528195405,-0.9247990989152565,-0.03702491012893526,1.1760378755081948,0.06830377704802693,0.16822534863846578,1.2979539658569854,-0.7288703627520324,0.025300099786269577,0.7904776119863727,0.3934138584630913,0.5991847146076735,0.00835686082209623,0.8223827539946843,1.668440388187183,-0.3480187711382094,0.3877489090025251,0.2927872713535614,0.39406161978788323,0.37162937195105544,3.0441614787024784,4.308932525502448,3.7168600716379565,3.7677041665513475,2.497002538053006
-2.212411579839459,-5.9050775473474335,-1.5770869497936228,-3.8918709875898334,-2.2132599809943283,-2.4139744487255688,-1.9308614292010726,0.3128151930739296,-0.2589329672123478,-1.2138929201796371,-3.4547987519825063,-1.1026628806570116,-1.1895147312923113,0.673772192866595,-1.7349695439917763,-0.06966271088060183,0.836633977778193,-0.4514975502689423,-0.15951133311908725,0.2599775867301615,1.6552041694329778,0.9587599701490009,0.3288431910841432,0.7837859529832941,0.2848816747453967,0.1834721558464143,1.453298827214675,-0.2543585226348708,0.32085945493185974,3.2928028979368276,4.575323243072384,3.867833829722491,3.3710696670306994,3.606113204525285
-2.7884987750801082,-4.90656066463774,-3.373179745746832,-5.757200358676577,-2.5386397292382767,-1.350061545246349,-3.873410619205374,-0.6151965170690437,1.111941560263169,-0.5527868371652611,-2.6993305151215568,0.8050790793468576,-0.8419876613089993,-1.3239589670225094,-1.2423492005670216,-2.3408550117336975,-0.5397127218385198,-0.7685676963779833,-0.3024016108482687,0.3583731731874587,-0.011293105375652939,0.30900835558732287,0.0006799388587210626,-0.959901304683932,0.22577648590229046,-0.3923367966069552,1.384468217654209,1.4360970505176212,0.5711496229869573,3.004073746489011,3.7873233441426044,3.6090545130809644,3.6611739234875476,3.990136040887754
-2.8120313567184656,-3.346947235989079,-7.3374352508291905,-1.0821871047706433,-3.2120886388390226,-1.0025356629864839,-3.28785882030794,0.13608640632593483,-2.4624667940435314,-2.2030012620851878,-3.2629131799078053,-1.7845103392443802,-0.051290408663764886,-0.8191911904129272,-0.3882690527272694,-0.32853634491678085,-3.0324477066877353,-0.06381695482249738,-0.04810601639272699,0.13069694283636765,-0.043629486172507906,0.3069505634662624,0.21823316172093069,0.8430083649483304,-0.013438063819359431,-0.3104016323951101,0.5844158072719835,0.15420664791140312,0.7843976793030666,3.2744386055770436,3.8723577320217792,3.9845089873337436,3.9448896585090525,4.301748094850111
-2.9815397596672004,-2.477885998521617,1.2072746165310673,-5.60090773619733,-3.2993751290752855,-2.1947602878630716,-1.962453766896521,-2.5776239466768622,-4.9041436987214295,1.0852636820461878,-0.733513712243957,-2.09947997634262,-0.47098187934167896,-0.5126503851188519,-1.0842770920733995,-0.43518522937172116,-0.8138565426106947,-0.7128630241381405,-0.1704630767494495,-0.2895079836692443,-0.38412063948990754,1.0385273057444742,1.235756724661032,-0.40085511295707527,0.4716299549747343,0.4469284093573219,0.03996751350926788,0.6934094713153787,0.5877460140461568,1.0446076811464,1.5050166168020487,2.837242821107544,4.583676905995786,4.925739216654601
-2.8645626674461178,-2.5611912513917883,-4.261017967045605,-6.2698781569801225,-2.6742163656747278,-1.6957684177048855,1.1824447188756833,-3.1273925469915063,-1.978871173866692,-2.0257900470186714,-1.467489057735177,-1.9290584021183361,-0.932985349860603,0.5661036410171119,-1.1588107551670208,-1.289034069994328,-0.8769100360858566,-1.3060139126299433,-0.9814756328906828,-0.3443559832064073,-0.2777452903801987,0.0254786552283263,0.22496781373014657,0.17673606089618585,-0.9528310436448841,0.02380755086697466,0.35551132870677504,0.6294288610982466,0.3885711880203676,0.7388725070864752,0.8322317395740717,1.0797232547025317,3.3843327135644743,2.20118622685872
-2.717752484219902,-2.379558095302345,-0.9726808832936907,-3.6713113280232244,-4.88734090179529,-2.2593690134199758,-3.5962190248875125,-1.0037570403259612,-3.1451830199518445,-1.9438738630292127,-1.063991087596472,-1.0692002762955155,0.012534217491848725,-0.13373616002626734,0.575743508063224,-0.9135200807278725,-1.1080536511809127,-0.9349432941945192,-0.8290002623104917,-0.49258774838938624,-0.44687473210691925,0.05900618014805207,-0.3747008480655018,-0.18749397626075043,0.5051463898249743,0.37597674128875885,0.7527852283646065,0.46428306175909584,0.36316466996556074,0.7359086721791401,1.1842460682847165,0.6689648481675982,2.579223621219152,4.015925349897006
-1.950957540799895,-1.7273293911386742,-0.941600126561972,-0.05733157160614096,-6.017323058722502,-5.008773383457722,-3.081412738092615,-2.2586712565456244,-2.4589881914623812,-1.54366446748597,-1.213717771091462,-1.262198635374294,-0.2972156656248662,-0.7139613772171903,-2.2310650246198,-1.3246820288266399,-1.3696635942413284,-1.3648197310744214,-0.19614609229921728,-0.7637934400790028,-0.07642177919632083,-1.2309201984624065,-0.29826382006729757,-0.14273482219820285,-0.522220239049832,0.49078832051385907,0.39736480411283137,0.6315160583588968,0.39476463761819286,0.96912946966661,0.5319480594615992,0.7135698283002554,1.4313473511331605,4.470821598719175
-1.2734518731278948,-2.3478647720979184,-1.1874298180536085,-0.7889375985301122,-4.975671511918787,-2.512468134360378,-2.3946463675763643,-1.0752125571805506,-2.8671358340365822,-1.5075974367563418,-1.3119972748591846,-1.6404170816922268,-0.48657439738703856,0.20837790347712662,-0.45814339358772155,-3.517402893751232,-2.0693229263869592,-1.1379234953541943,-0.8663462122860315,-0.10151673325712889,-0.5281117766448046,0.03546165194022154,-0.2152197133160433,-0.2197842969943479,0.32286756811638856,0.4165934004689881,0.6498535923806876,1.8057698218554856,0.5808273864158687,0.8546300760158921,0.8635957816316694,1.7264435274798662,2.2148366000930086,3.6415876855076443
-1.796437707484531,-1.4944874610551118,-1.6271580794798324,-1.171932386938773,-2.974736027630673,-4.771636864953487,-1.6210586716320716,-5.665461572783767,-3.619303192976732,-0.9902697196884452,0.7460907895261816,-0.2638107620734952,-0.448184902543455,-0.7344175809661135,1.6363211329383618,0.5867199442907433,-1.9762175859540652,-1.473637151307851,-0.7772990929315053,-1.1724374698660889,-0.6247354037044321,-0.6345370487980846,-1.3195247386744027,-0.18469149116313385,0.07872716307341072,0.26035586983153575,0.6982364968139557,0.5986298313571109,0.6252103506329301,0.5404093249321298,1.419657364083968,0.6177046258885718,2.451656841691832,2.9979041306140455
