script/wind250m.json
{"header": {"parameterCategory": 2, "parameterNumber": 3, "lo1": 6.000198445256149, "la1": 58.999992894266676, "dx": 0.5, "dy": 0.25, "nx": 22, "ny": 24, "refTime": "2024-02-09T17:00:00.000Z"}, "data":
[rows 0 to 23 of 24, columns 0 to 21 of 22]
3.732899923510582,10.397955040628414,3.375853111239182,1.16192147904958,6.398551858230121,11.358506753625441,1.4153876362369386,0.26986733646471617,2.761347983179751,9.540472778497195,-4.253520714228224,0.978569500528796,3.1686029812821084,-3.900595647026581,-7.6776008236610584,0.21930258712177797,-2.176421703640487,5.536745827784673,-4.061261351057333,2.235847428077865,5.226861120537019,-7.00706789873411
-11.025058513863161,4.117308301916609,7.232283168858768,-8.350105620320827,8.78793439575045,1.898802094897102,-0.4056353770170215,1.6224690850556835,4.061496242047339,-0.36181376011104865,0.9957057049645852,8.758969944146273,5.775183796008971,3.582591075385432,-2.490885356217417,8.679622592210096,-0.5833689203931489,0.4321207238080947,1.0995858962323455,3.619905503198778,4.71869612635197,0.8330031667839404
9.322807554407937,1.9074240806950264,0.3661874075676255,0.38833014571643265,3.805172949201834,-3.195953344112552,-3.63035961594424,-6.082694504740686,7.780052649471209,3.6090641970991446,11.163213495034721,4.622499996616186,-0.5999399393879818,3.455147812113156,3.2151346695826932,1.6993627010242276,9.141725949221714,4.650958423587622,5.2332416877408905,8.919561398517251,-2.91991702970713,0.4708937186804058
-1.6181615371178868,2.1471854714068295,0.320251095353123,-0.33466957158417376,9.713488820959293,0.22446298863992756,-1.4220520333753341,-2.1430223175561127,-1.9254347663022668,4.386348623985218,-1.051926398741762,-5.1024414942621705,-0.8572764396640414,-1.069899322704749,2.4592450842006386,8.454427873443192,0.5929045547223617,2.2097221937337252,10.34853905219456,4.136478925820874,-1.2880028115909516,0.045508731873130766
0.7034936440191414,1.299642219733595,-0.897609800800302,5.018282760945247,-0.2718902402718092,0.5397286226205804,7.215985620644618,-0.5291643319585554,-3.85048549865066,8.952294325809843,2.3243709083980955,0.4809299165479059,1.6727833391747606,-1.1183298776450088,1.5095821669608724,-0.6433934347382481,8.431971973319055,5.9399124404895325,8.526822575868822,-3.702520503739217,10.976561456125284,-0.7504572790624588
0.6022087395804576,1.7111895968961621,-2.62382457550277,1.2919629227737288,9.55573783429906,9.392894888740186,0.4601879405172724,1.7120283354328412,0.1292847983620685,4.2075625247312,4.822439937976483,0.7640298231323264,1.2670996264563787,-11.05701172938845,0.4052558830456419,-3.4577595096362947,-2.4962590078239653,4.279717089850276,0.6593162753087491,0.2680253178716878,0.7857686301715825,1.6560512206469382
-1.1041412206483852,3.8698305525627057,2.499574392090427,0.3103351199407257,0.34568421693636137,0.16809751946778181,9.663967641321767,4.864856861794039,4.442267790132452,4.389838444466421,-0.17549345027186433,0.3351430737788182,8.855329792239205,-2.4654481629325353,5.048063741504984,6.747968813185512,-1.0452140127675924,4.992686964784305,-2.4810067382446745,3.658139879510156,0.74317449767054,0.8959003890255318
-2.5503019646608234,-3.062235830653209,0.06334191465570813,6.342239848669763,0.3172072638368151,6.943417384631514,2.424598080670667,1.8248075682749367,2.0033571024804595,0.2761736426225244,8.689032554381038,0.4169375513732648,3.308125210178574,-2.701315145221071,9.258208091062398,0.04623340525748471,3.797070844226156,4.7478946824565025,-1.538883137185117,3.1310058314949756,2.9204250697907126,9.449485766733119
4.069963623492687,5.514206329201973,0.9336039601017607,0.9524609183249593,0.4841918813594154,4.282575737240197,9.047147744679565,0.4069734782357964,9.333222872979997,9.6692643136505,1.5590285629769962,9.207763114677105,0.6061113253939829,5.6260727568846844,0.3185833479104646,2.062900399167901,4.450396711412773,2.039989608310898,5.09279780993876,4.836682404766758,2.7738942672315994,4.574210357813023
-2.6640900386096122,0.492920376140852,-7.77444843341955,0.5202502084742164,2.6598071737260334,-1.0418441630681659,1.4767440025312253,-8.97707117412775,-1.196637901838797,-3.251444893319408,0.30697371731320217,5.141489239836429,-2.7102057898787173,2.3131009417173494,3.071521141599644,-1.750102616645889,6.9680494466493,0.07731911105786954,-0.8832125764104883,0.5313425673262173,0.26943655566926256,8.514956410734271
-6.007204671394892,-5.9984109434471975,2.358736948864622,4.8397627880186445,-3.5914890795252234,0.9427843622687965,-0.658657090097949,0.304095081206343,5.8191322527859,1.7319222348042391,2.9989835635368474,2.276110017363678,-1.4016348179586986,5.938899421036437,8.04142726886102,-0.8697105418166219,3.344189307861868,0.37444379508727044,-0.8732356585077883,0.8501171155133382,2.4008309003085495,8.761020377247512
0.8432356765723488,-1.0460058015557299,3.754041786875301,-0.051129734585152666,0.8085106452231582,3.4890381880944528,-0.8452073793616453,-3.251504739886816,4.06838264061307,0.25688628287635473,3.5346903515466046,-3.8993555632794923,0.2584959473237793,1.2359383411941982,2.14419830976098,-0.2966415915413816,4.3695789838422625,-5.368825489358495,4.540671115749174,8.451945646051765,8.16535990245584,3.1891569135375253
1.6624085723895563,-3.553892855482262,3.2336606424653898,5.019123877044623,-0.024855588495453683,-0.7269726183915455,4.789950439099881,2.878723261421262,6.020902797145605,1.8007355884345788,-11.678026943418716,6.247225684813942,6.482237591614488,3.6757875119017815,7.554870370789444,5.77182223950436,2.8453653926879574,5.107674930624891,4.804902877799599,11.050436269534478,-3.6213829352518356,0.7686936379390417
5.947784283611456,3.077774299984669,9.113378576638658,0.2534844963474095,-1.988543173754615,2.5363807976419595,9.53325936583766,0.6869454964264523,0.4041089279856365,5.511654669033322,1.6156797339104148,1.6358138648853902,1.780605778172239,0.4189391202470035,2.0610537692456603,1.1648875521867152,5.063339441522619,-0.04460957366970969,9.890461888534547,6.435029817460577,3.610961570472168,-3.895995129270018
-0.4221541830046068,-4.441720014620367,3.380568130109787,-7.772065097735784,-0.5131633115097396,8.641140150603299,-0.07845999257761355,4.115686430956365,-1.6779732445526625,-3.431030313963247,3.8814780603166903,4.865045073850982,9.066518438668492,9.017839816657288,0.19685914542226018,-4.413827311719694,-3.138372032928694,2.4840270432879623,-3.630333777173453,7.792544835190665,9.208068237489673,-3.9812769940251544
3.325368810173737,8.393385779813967,4.226990348515501,2.9654192496111436,1.0663325989509762,0.509526980857711,-5.013899846502507,4.513747470923445,0.10292725986371844,2.997337135986847,3.0626517674549043,1.1380492190745726,-1.0293162609797606,10.887052100429027,3.2646476882522375,-11.22859748803109,-0.09168233974632264,3.5705366813915864,-0.21136973767207373,-1.2162827648501044,10.964716148216278,0.5868913100428828
1.5367139967085348,-1.8574672340317824,2.3314235330225332,8.937904846136355,-4.998282308379579,-0.08692039998572255,9.936040664185848,2.4853615123388244,2.2465214351316227,-1.2719863344501676,-5.845220717687882,4.03968219459118,-2.2828735920653416,-4.098484733693178,-0.7952609803286096,-8.03318823034783,-9.651463860291354,-0.7535603027186419,3.5267177893784707,5.086281677686725,-6.933313188217054,3.5203642733801863
5.084746162302514,-1.1435677723479967,6.047635990674277,-0.9994566908912397,-0.6783927394407798,0.2192057990805438,0.15915868789575072,2.8974573330098177,0.23838036471951393,2.8893559742437134,8.113309510743978,-0.6491494782683374,8.813652702655956,-7.8280672558213835,1.2158048692123105,-2.766276381621135,4.931910104478544,1.0209154872334096,-10.922215460726383,9.301845873954809,4.779635278889086,4.499819142945244
-1.8578945792401984,5.747306458172874,-9.623331986952682,-0.3176348368461314,8.739352048741303,4.09880604223993,8.880919257976393,0.5127278107647222,7.8079513743840625,-0.5158612283936264,11.569046536573236,-0.8502283684269455,0.9376522463123993,4.033499821348849,1.8747923202962167,-1.5495534419834962,4.580729175655964,1.9032514375408431,-0.8839864811338848,-0.06410084410154279,4.06950774983143,3.843242681705855
11.379813675074853,9.850312710894158,0.4273852874127049,3.333457300998205,6.240101646506368,5.346570355994143,1.9653306285540193,4.090459308796739,-9.995030230618324,0.26315778423655345,-2.183421859700078,1.6709525783342407,-1.750385618863459,-0.20522748203313607,-6.361983831789145,-0.13732836192053463,0.3090998307084672,3.1733110532966453,1.0368882977204523,4.078211377820503,7.958455466193199,1.8320013326917348
0.4002138522354368,0.8168376612537923,6.2599126365418085,-1.6730091088985022,-3.5233428178930244,7.039483213091209,2.067954472688895,4.604028884654896,2.5407244960467095,9.889123614418079,-0.7160307691210716,0.16251539523137545,9.318974609374612,0.1374015062142941,2.396766079073099,6.460481449740584,4.01711279229414,1.9369414689548092,10.913983221677455,-0.43074782958213875,-3.5246636865364844,0.8974639169850487
6.342265600273996,-4.635841803843848,3.551011900095292,-4.229326263949992,-5.884396004264663,0.6515338513842153,0.8688470443631832,-2.2249519786509397,-0.7949736746469241,9.790591867115879,0.7257963367585706,7.8607837649100425,-10.223044825410133,-2.1342143505605926,3.5356295077244915,9.179177665625335,4.972816170365711,11.393607851889326,1.20397015180004,4.9613921491406785,3.334200632922236,-1.218525696346561
1.02411500617898,-1.5038906358860051,0.693702499763126,-0.12034175027346478,4.948933454219813,7.652289522316102,-10.1952718886382,3.9064699847725395,-3.8796712112936085,5.29582769125194,-3.4112224179703903,3.7202414018934107,5.233709194206903,-1.7561503916681775,10.089149472396823,6.283628575608366,3.346224238784257,-0.41233366242074676,12.825879844578674,2.498404869898043,-1.357966690469176,3.7931139524070834
8.988302042200916,7.72980916626339,-8.653476575819715,-1.2645972246405566,11.833985888863426,8.875020127170941,0.8387233756522423,13.318936227920998,-0.7822121199099962,0.7718466892664195,-0.6979825069525003,-0.9628591314379529,1.375021752983849,-0.6862438359064211,-0.041280664603308065,1.0861288562183034,-0.7516873345516196,-0.39081574508845573,3.6170456338878862,-0.7877590138633443,9.137911606900163,4.943995698793733
