script/wind10m.json
{"header": {"parameterCategory": 2, "parameterNumber": 2, "lo1": 3.000054539987559, "la1": 64.9999836372058, "dx": 0.5, "dy": 0.25, "nx": 34, "ny": 52, "refTime": "2025-08-29T08:00:00.000Z"}, "data":
[rows 0 to 23 of 52, columns 0 to 33 of 34]
-7.364243299157241,-6.868269365793059,-6.3262648299650595,-6.334680122580566,-6.046617704034403,-5.975330725535981,-5.291151544530629,-5.143464977868208,-5.098334890711199,-4.101287914045041,-4.070223909478412,-4.605198531529298,-5.002208464054026,-5.383371907777966,-5.943336882884662,-4.490310125831908,-2.9879888229556735,-3.6903387479773446,-2.3868753258093727,-5.390338596357685,-3.3013731485971296,-1.0283387012367349,-3.7464688686902803,-3.4969263198590506,-1.76824840882009,-1.5575849071705676,-0.6838580895807517,-1.405971576348177,-1.1129056685230823,-1.3723025239008149,-1.0071681970592148,-0.8567242441124766,-1.2551570138858053,-1.3247551251346834
-7.137824622612518,-6.795003423676754,-6.370438326222728,-6.183724043742514,-6.035631147153393,-5.623016953079188,-5.216654999087385,-5.238627129005655,-4.463995006282503,-4.285450941702636,-4.32680107596619,-5.078815775788639,-5.475458443705763,-5.87275258757272,-6.340105964698619,-6.0005897545211235,-4.213634411978225,-2.5262902578414743,-4.194904977117426,-5.1543690391913985,-4.407690576279681,-2.8279033475789683,-0.9316056843397352,-3.4927960757970657,-0.5126633311087857,-1.3207404343306852,-0.547119610928952,-2.070540106796554,-1.6341274144561666,-1.4020502398719465,-0.9859307158257186,-1.1837581772155659,-1.0512651746037147,-1.1941188680111468
-6.870018330777931,-6.595636781986415,-6.309469800362062,-6.321335326546983,-5.927576723620345,-5.528555272468583,-5.287214153817175,-4.555915716160472,-4.364559618584621,-5.370902293484718,-5.952669796334654,-5.8311456553051375,-5.892745877339658,-6.433448556842823,-5.222706068891812,-4.744470771557764,-3.177901274882677,-2.6928250338768596,-3.1128674141204296,-2.342550605335943,-4.9833742790090865,-2.0991966409121665,-3.7411892741133252,-2.0301547967334628,-1.5410632183435926,-1.1557409312025835,-1.435547612045703,-0.42156237894295023,-1.577821294006021,-1.1699194217837754,-1.203382351339763,-0.6500452125906044,-1.1693695818125294,-0.9827560575003861
-7.607939691215451,-7.269318048590113,-6.710848197928961,-6.419650387376983,-5.608416770472281,-5.0456931787755055,-4.209280491063778,-4.43807858953548,-5.123930868783797,-5.75338265005915,-6.188667752820971,-6.455790531223649,-6.750386125124814,-5.485572280064043,-3.872760723612398,-5.668176546198665,-2.6787115914312505,-2.268809108388181,-4.912991578318488,-1.432000957952591,-4.392162322712525,-3.4992145057174215,-2.5850117963954764,-1.6166830622193995,-1.3034316620038242,-1.8608496936098418,-1.0494314118849095,-1.4880303860638158,-1.7586315470214802,-1.344904711530738,-1.1419661807297838,-0.9368445566029625,-0.6823209022841461,-0.4909396132724576
-7.40789585477724,-7.198324603165458,-6.360056829941572,-5.630749522567977,-4.559800563525186,-4.170019783525829,-3.9533228170001844,-3.811145812328663,-3.742940726235788,-4.706177643873859,-5.194378587101684,-7.178213193903126,-6.370918252670973,-6.606852733988095,-4.8006200429377195,-3.3796096354188228,-2.1372029118656646,-1.7089378064432104,-2.5445288432273587,-4.958179317862463,-4.504359738829657,-3.6239020119203853,-1.4297653173450877,-1.9421706848116858,-1.3622499193317816,-1.561086008826179,-1.928458582335652,-1.2189869962840636,-1.774242502026467,-1.411216256824732,-1.45960480466383,-1.4203683839633336,-0.8892432134417794,-0.945044576195381
-6.530499359346049,-6.138423759838885,-5.849015361724746,-4.628998568070332,-4.281395292110909,-4.347775710642318,-3.9686223166340726,-3.310107040387568,-1.7725473338068543,-1.2804384848155907,-2.6850449687280795,-3.8751132232775487,-5.998150916466553,-7.874576084305768,-3.4017262026621577,-2.2258865421560103,-0.23984572547656277,-1.940490590369498,-4.327678436176314,-4.998617375724554,-2.0376140895808814,-2.9021426458965323,-1.6672121945214535,-1.4841336903870994,-1.6708574548128101,-2.022971360720107,-1.8436156911182189,-1.6497564319192293,-1.4339868773596074,-1.6055402723503023,-1.7109707631461986,-1.1386027382197794,-0.8121913624296397,-1.1337131314296158
-6.481001761624898,-6.391618294579139,-5.7670789474292015,-4.7878396523949505,-4.113966125046885,-4.608199963359473,-3.907799721710627,-3.459366016288299,-2.670303374905913,-2.1886925747100037,-2.147875758994417,-1.216603081479983,-2.911450247117952,-4.086252796962983,-5.048732190221365,-6.089651763644069,-1.6925964178932384,-3.118476126789585,-4.562398146422074,-3.1651907259812466,-2.3952021676618713,-1.6287324148477305,-1.3304201061561052,-1.0038669506552202,-1.1659305209978328,-1.1085868594471664,-1.730584835724217,-1.2613357155560518,-1.0961546774813649,-1.6475481220440409,-1.695266152588486,-1.3957549369442268,-1.069953615074615,-2.025850175738566
-5.45308953710259,-6.316706101748985,-5.722507234113084,-4.812181137656192,-3.8392999100002325,-2.7505459175441827,-2.504041492032872,-1.9795751751489945,-1.8888390567270898,-2.931905260326593,-2.176734467260881,-0.9827102106307292,-0.42584732081774684,-3.132135371520471,-1.8273223044523421,-1.672686958435249,-1.0765226929661775,0.15013869386741344,-2.981348213460106,-1.958684644394957,-2.066173950316777,-1.1316576002908534,-1.6042105108064337,-1.8559008248292066,-0.9417007669812698,-1.3884733896668764,-1.7220796219763572,-1.6155740266759253,-1.5581871603400195,-1.280356273222535,-1.7494273629126822,-1.2203763848424432,-1.2450182867099566,-2.192711631984033
-4.998870398827424,-5.182087390530242,-4.457271552265733,-3.3353440564552495,-2.638501553224862,-1.7616385768789689,-2.1521009395596122,-2.513056173349187,-1.6273845037200936,-0.2758005457815956,-1.6027496370384227,-0.40155606815091316,-1.1636744784438873,-4.164842728599002,-3.965479816799393,-1.2019949442034115,-3.1740515823352164,-2.8805739041132625,-1.951435973522462,-3.2819848165817302,-2.846057190090009,-1.3559937428409565,-0.5664000190858205,-1.0645762783962587,-1.273635110044898,-1.326653051331997,-1.2109875129255419,-1.5158725785705767,-1.4219992383992728,-1.8034927406993155,-1.7415552952912425,-1.638739627111758,-3.47608101457573,-3.1452627588676756
-3.121610932849992,-3.0518178806870866,-3.2854263078666857,-2.3404493846221057,-2.277102928917035,-1.5443259263481863,-0.899939269653883,-1.456999558603172,-2.1345081405720467,0.28428476264256236,-0.564205112029687,0.631382109119644,-3.3646879420828064,-0.15465306733892967,-0.9578193525086326,-2.8287324202550352,-2.139706512678829,-3.218640517818883,-3.187818491417632,-1.1480416693417927,-1.1884557333286017,-1.505081949434946,-1.2153792393121219,-0.49840999562454497,-1.0913216915720059,-1.5840719653072397,-1.3205047954490494,-1.698979502567242,-1.9545492529223485,-1.6605847532616438,-1.9113622504689503,-3.9195026761071556,-4.134191816954425,-3.682553293157327
-3.0609282398709374,-2.539134525644995,-2.8769686290912704,-3.016466041436018,-2.076479247853145,-3.0245598391668893,-0.9739684666432279,-0.48500794809901127,0.8734974730038945,1.4102287111360212,-2.6355124735876836,-3.192846120512837,0.16695982728869982,0.0627235883820129,-1.5693324796104555,-2.8974597557954596,-1.3840878622569714,-2.1757374696097136,-2.663848857894626,-1.3328902632741337,-1.5258947035385784,-0.7933175633094881,-1.8205232534726294,-0.55421532053271,-1.7747084705283633,-1.227360844799025,-1.9747953041724826,-1.7667542231056208,-1.5069809274506363,-2.260482189026668,-4.283874196876011,-4.958632436156297,-5.01035671137238,-5.144729240046554
-4.116135716149296,-3.5826551483514844,-3.149996927634487,-3.203380757606516,-1.203353318247907,0.7264783776451267,-1.6045760988648854,-2.413436953131425,0.8112489133416617,-5.113545744336983,-2.3788436613572768,-3.3794096277916843,-2.729767979106975,-2.0633371903785838,-1.97865632437697,-1.0013646326655925,-2.6890222880552734,-3.3037908665577866,-1.8010340644496428,-2.029568305620919,-1.9037023470988637,-1.908588541039189,0.6046127745002258,-1.8205541446869908,-0.2993359658668634,-1.3084029445765246,-1.8029880610464968,-1.6214512350085466,-1.5679800929740413,-1.041116149008559,-4.832392934798042,-5.451135140054538,-5.953289882370487,-6.628313525899908
-5.577784330800126,-4.269142215173154,-2.821458060947745,-4.305254116859713,-2.022318154945835,-0.4742498371893221,0.46309110393696973,-1.2241565895713886,-2.9349670516260473,-4.6843831032338725,-4.989263243366416,-5.586753893325714,-1.009929782648084,-2.195758970542226,-0.954500998740206,-1.8995079385440725,-1.3886873008277045,-1.690658173676297,-2.6810983355113636,-1.4851605294413528,-1.921867506014613,-0.9157967646021445,-1.52987865676471,-1.353264050739046,-1.5122789218706498,-2.1429822587763145,-0.9569563763168171,-2.341043811845813,-1.4873700902018674,-1.8136346321098056,-5.312059380391668,-5.589414783864883,-5.927825436832774,-6.107617772529447
-6.084848782722837,-5.819231828117487,-5.106867421548727,-3.6725706379053458,-2.000747928452095,-6.194171017175509,-4.639934121508928,0.06588060941716559,-7.160522977298536,-1.8005710132652746,-4.312411381646201,-3.360052211853567,-1.9754768003456213,-0.7770071238152971,-1.3044200008589997,-1.0913498527350043,-2.0428342917742777,-2.053052702989865,-3.070865019877583,-1.8172688524370049,-1.0352499837176223,-3.769371520203744,-1.0750753090853886,-1.907464158686387,-2.0460328941035537,-1.8266301585783788,-2.2971402369658898,-1.710052710484033,-1.406370757277476,-2.5599394889692753,-4.695724583697109,-4.918794490555568,-5.9331736279555285,-6.246637803589899
-5.46926924003811,-5.987275785854438,-5.265142864984322,-4.967616335235745,-4.592185236502913,-3.9764098887531,-0.2165678037489904,-7.34559569540591,-4.2078893430038145,-2.9580885379027397,-0.6788697188440475,-4.746998585652666,-2.8003592183384503,-1.9306214293808772,-1.3977414959952426,-2.041833172680312,-0.2812115152195263,-1.5647374156066043,-1.3475765035440581,-1.4066282546619864,-0.49436355311380237,-2.432156338632913,-2.47319648373682,-2.8229498774045534,-1.5890488745465567,-2.54980627233558,-2.1958891351362357,-2.31499990933349,-0.9140099790860591,-3.141150377963615,-5.673382066870026,-5.725810529943701,-5.6893101083586375,-6.313008502485556
-6.394524611646345,-5.331658092392989,-5.949750068808855,-5.644879665535626,-2.2754540546134376,-3.2609685263299313,-4.859071803507476,1.0988712516297399,0.4301144151023781,-4.3730758152612665,-6.255044606707068,-6.407386053627138,-3.857994459030008,-3.965641137091093,-1.0243693852761642,-2.9118614628414066,-2.432820901361396,-2.348683413846746,-2.1492802447980144,-1.9000257719305746,-2.4438376620554267,-3.375885923183677,-1.7791525334024307,-1.8080362737751015,-1.2654277645046847,-2.4765079813825253,-2.7309556972767046,-2.1170177293969656,-1.7933446618783027,-5.830912648779821,-6.0765612818481785,-6.02811606975524,-6.529176149247327,-6.53458201100813
-7.010212369387766,-6.312076701086226,-5.063486547969294,-5.16535294328749,-2.2323612942562607,-2.262926302901412,-7.254268722841898,-3.744305102148569,0.8036755705763815,-2.394415324623945,-7.291295756906454,-4.911193767789775,-0.6422950363757336,-0.989898979905699,-0.420348039613961,1.2976334342616016,-1.5962581590422513,-0.44422204213109234,-2.8089071654005444,-1.8747252625871218,-3.3177816845879975,-3.6746544283241644,-2.571722883456196,-1.5794017858648846,-2.568116070128602,-2.4740973716741954,-2.6870171922076946,-2.047145661929697,-2.0078791993137597,-5.53184539272856,-6.502817264333182,-6.109266861107154,-6.112629137618507,-6.8863985801118295
-6.793521463903085,-5.921450011998579,-5.466831639235147,-4.470966653621677,-1.129039647684984,-1.2078624153408473,-4.252287772892747,-0.04279423292755809,-6.081468261385973,-7.997131507697556,-5.543227736232555,-4.792861582373142,-1.9825133764081453,-2.3948868175963898,-2.340181117973675,-2.0006451997784387,-3.8479179012081235,-1.047599217014588,-1.8588536449130038,-2.352593979358571,-3.0052970737892375,-2.095596471211181,-2.5314668924460806,-2.594908829936289,-2.0385456842175844,-2.1154257441375184,-2.47583093862336,-1.7351702726567575,-1.8116627721655627,-5.988101891144561,-6.587223400466864,-5.740870375715157,-6.365770022391485,-6.895812463720303
-5.500076029635312,-6.208333669493629,-5.937508719859934,-3.0105743041652215,-1.1150417101337193,0.16816678590966486,-4.315645243833477,-0.7878408031155993,-5.337813776207042,-8.030662291919537,-5.138753668087918,-4.2811817263883,-3.614205946837347,-1.8595450114884746,0.018222430024544586,-1.7773975734271183,-1.3678386981124246,-2.093467015252656,0.3401778007563059,-2.4449716679696576,-1.842107626967745,-3.727170126559073,-2.410043370331606,-2.532121001436925,-2.02414751598507,-2.201893902255173,-2.1927067541290732,-1.9522223370681908,-1.2910601816422458,-1.5566474478897045,-2.2967592479758605,-5.171875225229931,-5.725740681926905,-6.189829944084063
-3.842800429029055,-5.3604551428989105,-5.383786919839208,-3.4564561539474234,-1.3383480621245156,-2.502397911207094,0.8099838579055709,-4.771633385719651,-4.887725628545209,-6.967924627763761,-5.932161943431737,-5.97550029672602,-2.5210191190422915,-5.603847226117443,-2.3297353067037667,-3.7090684728232066,-2.0146375303872324,-2.1780250825217555,-1.6111211210422185,-1.7397367480300105,-1.7322634926501639,-2.2879750567164305,-2.8088564976863024,-1.8738316543530003,-1.9952411377829633,-1.357158814308596,-1.4359782192930413,-1.5098386607828342,-1.4540737571807305,-1.5385658072408013,-2.0951243416584533,-2.2299542497773204,-5.240205199567378,-2.8454698632124353
-0.5152075617740105,-3.418487328864674,-5.365382209710142,-4.118399095703979,-2.6169848402853253,-1.6599090705264767,-1.3774204528054708,0.5649268564002142,-1.9646754930847876,-6.104680330881025,-5.127021067920636,-4.038192822387671,-2.5862246188731826,-1.4289246698048377,-2.323889236397666,-2.338826471784298,-1.985085637429754,-1.8967356844151841,-2.233253641465126,-2.195929517995741,-1.9310325074694326,-1.3447448650438436,-2.336428037412583,-2.167718385135102,-1.942247573995089,-1.3502920719477653,-1.2813775894746444,-0.920575430176559,-0.9740536291208688,-2.0860158554863575,-2.391346219816391,-2.1134033810410866,-7.308264547490912,-8.779150401628641
-2.5262211945744495,-3.7033762881087084,-5.299884489984579,-5.317112310270016,-2.989582404705668,-1.9596552951531223,-3.0564873589372166,-2.534508417405651,-1.5417041299369463,-2.656495253090001,-2.528262857667302,-3.053240902318247,0.1412077633874861,-2.754153136560263,-4.520588784448396,-0.9105696431166833,-2.6895328632885573,-2.775060232883782,-2.0967550062094484,-1.4134079523526855,-1.8772369019575006,-0.8696792051987392,-1.6872556507980985,-1.328277689086513,-1.4675075056632296,-1.501993780004642,-1.1426909645086445,-1.8745692771391353,-2.507286492217488,-3.039366856365258,-3.01787943581392,-2.846692596539788,-3.3294739692718616,-8.880625553675225
-2.977910105974488,-2.936913351664059,-4.963373859641475,-4.307709596380065,-3.8333670563384574,-0.7233491134394238,-0.518621616692093,-1.0807788210306806,-3.5850359099600064,-5.852488486959806,-1.5560601623459238,-2.6134676831779218,-2.974334126342696,-2.6807047024832555,-2.565483081486295,-2.793242790277296,-3.020765807059278,-3.007639498896854,-2.169039755029017,-2.4793196155352843,-1.7078684723586544,-1.5316312562206016,-1.569530168094919,-1.4850420787569694,-1.445260171651022,-0.9035695171745914,-1.536501386622859,-2.967820285868966,-2.3221141719311142,-2.4306425802471203,-3.4706226208356483,-3.6215439191806067,-8.404602329230356,-9.003102241105868
-3.3250830294282734,-2.360304782493761,-0.6479540801345092,-3.6995298856415886,-2.990973221238582,-2.1586152735181234,-0.7491923936975445,-5.918124844495271,-4.678220067416893,-0.11045529864490033,-0.439472490394674,1.4426696962030965,-1.723798588863155,-1.6439427306660108,-2.9712879060856987,-4.16324785508684,-2.410767424335243,-3.5312351621238123,-2.2085661549788895,-2.2560635283355905,-2.0950439996725194,-3.182327552045187,-2.4974756177389597,-1.4588427036815925,-1.4600674328975443,-1.3383466029143127,-2.1173623983346266,-1.5508963711515842,-1.9695255101435727,-1.9791947100009561,-2.8545100668196817,-2.5791713750946292,-7.7414508028167495,-8.798583736954715
