script/wind450m.json
{"header": {"parameterCategory": 2, "parameterNumber": 3, "lo1": 3.000054539987559, "la1": 64.9999836372058, "dx": 0.5, "dy": 0.25, "nx": 34, "ny": 52, "refTime": "2026-06-27T15:00:00.000Z"}, "data":
[rows 25 to 49 of 52, columns 0 to 33 of 34]
10.180053793554736,9.660199809517554,10.149532629553908,8.418835498941297,5.888599186157054,8.399365623726537,7.063950026366207,5.544727602641285,5.914633482786274,5.5207202859523345,5.494928760763549,5.2554031001853625,6.400300480699576,5.662991307443477,4.3864360130595985,4.424825054631097,5.4616197545684,6.702171345612578,4.979093449722291,5.3753683016786145,6.974273675938898,6.059413267527834,1.6532426094277144,2.4305895205231085,3.454519474593913,1.729621655149705,0.8378516519952454,1.0615548297755995,2.142987233730155,4.019431819802138,3.771630520600367,3.5302346104274207,2.6274543497538976,1.2137222227671682
8.515799812525811,10.964162903393474,8.647640464974952,7.999734683247606,6.433553854894936,4.9494222497353215,4.8528485116240665,3.7307856895235996,3.828373914476158,4.4532510328929344,6.245183436579096,3.8661585159017653,4.750979141339028,3.042158046503964,3.1139094489172483,2.1874565134292383,3.115794053813159,5.659847651318898,5.770581221749938,5.000433883075564,3.4191280183304706,3.114316614092489,0.9671224795876796,4.046663426095891,3.337227549620646,0.741886677508039,-0.6993625723548771,-1.1352295518806617,0.2544962245980841,-0.34234818447826365,1.4572664431588382,1.8209351464777428,1.9007743215544306,1.8057085710812453
8.521379448797354,9.923496912210412,8.613846642891753,7.68242295079884,5.508094057052311,3.805482309637635,2.766487010953699,2.485609993843266,2.4267305014836986,3.1335052988687537,2.957725732676844,3.14706846616547,3.076644191748791,2.0256447639532933,1.9223621962046793,1.6890603798561763,1.574586650109878,3.666288030170643,5.159366800820091,3.5561641355565214,3.8025733898315406,1.8877784224781178,1.5935629409222225,-0.07755827338155548,0.9739842302952942,1.2459043900886535,-0.4496784323422334,-2.315036218406603,-0.6067235602228077,-0.5382917312348138,0.9818407015896035,1.5434343255903546,1.3341085329065483,2.221340483164574
8.478648334013638,9.191471294416457,8.374285260530314,6.894095431247114,4.531282445826379,2.831251228043957,1.3453384081086777,0.8916595448171882,0.9699908958949666,0.6901649217228187,1.5959038034312376,1.623994474210547,1.8401490649848504,1.6018106237338117,1.76696227760774,0.1989997633246171,2.7810146961950934,3.534093188598182,4.168485836150848,4.24869025096657,2.717809242281547,2.19529917106566,2.0015809765903305,0.40097515546122786,-1.017516601573747,-0.29393132130593447,0.9487051575920656,2.49649149777687,0.37206925724108403,-0.30133751747177057,0.709067114862375,-0.19991641585612072,-0.08352759163939472,1.407817538469859
9.943390755646812,10.676703788860504,8.24673611719465,4.500387255492787,3.800097415552622,2.852980295120261,1.3900167001666728,1.1838774669654923,1.0214127903631538,0.4204618417699735,0.07525935712943146,1.317165103439981,1.0355249477639803,2.217879089436772,1.9170340587980204,2.0247463454041656,0.5665328618345489,2.9918074358906397,2.956034543562652,3.9567739372650923,3.4810577534204468,1.3874696167304024,1.1340803322934105,1.8017376463589447,1.3337708454054815,2.2041863958179335,1.9803575119453656,4.152049552804401,0.4018611666813661,-0.43011670737532054,-0.7517277554756515,-1.6984243596056563,-1.418708745049078,0.08487954778764376
10.15479009777998,11.18116156022049,9.139513474392604,5.90974810172936,5.6843585808052,5.005264750591222,2.7344084301385374,2.994035622047211,2.4301580446473094,0.8572499514175462,-0.2682276332565376,0.5915898078667765,0.789520099083572,1.862720074006201,3.3802967517889018,1.4125827501535833,-0.28660398247969804,3.3580030229325586,4.204349840384911,3.3388544886222657,2.8561875099389944,1.8188345003040438,1.91542488780176,2.4767600184968157,2.3917582197981297,1.8175827991669073,0.3017090868271873,4.664823671100132,1.8891183739618294,0.6081821320115196,-2.789014442876555,-3.4125376790373987,-3.7646189794200042,0.4433088075233038
9.821836976370586,9.293696044554618,8.487595252556966,7.8299793963117175,6.627617263665249,4.585975549798346,3.301821841841004,4.006717714272375,3.872383016198379,1.3799500510950227,-0.04832552270979423,1.3509466164153416,1.9319239016941459,3.665356157152005,1.437323497596096,-0.36975777524272946,-0.8589529977090514,1.1268736375279336,4.0335615369459505,4.087388164697624,2.776408926663908,2.7214969074646818,2.250650193992554,1.4582983987854643,2.028251786384838,2.0484525235760085,1.0379682661365452,3.984636122529092,4.761535433092551,2.3099156026066745,-1.252614617446972,-3.865057382005329,-2.9949669459113135,0.8450489414874878
9.434236285122699,8.738059270475128,6.7789331672564614,6.393804515596345,5.316384846593595,3.399639087953221,2.5422024084431345,2.289669784976783,3.3837050114733627,2.739671094300063,0.4928070714006,1.1708255097119311,1.2465251304553786,2.306724115555092,-0.9078662696116376,-4.4736546006962,-2.328345195214462,1.7976483172780315,4.478930776995904,2.597019763578082,2.6347097508871378,2.5274639344522227,2.4041481962090785,2.4314529633298245,1.8446616511625846,1.2982661308119536,-0.8731184408698589,4.638108069325774,4.767857753049276,3.0449022585107315,1.3388347910212903,-1.7931178266639987,-2.254317294228996,-0.8033774321560717
9.24931143194261,8.394006210485054,6.3188393378421015,5.139762989354383,4.04206519576858,2.863663584852201,2.7569673733328255,3.253024304941316,2.679519352228822,2.117022800385056,2.4186965071155417,2.131574335293511,2.0282462068880354,0.9816133841946435,-2.9845687571559996,-5.790858691289418,1.9344970814873812,3.4022593077789747,3.8863836200732242,3.1097501729224586,2.1978696598033163,2.268012081950595,1.9432388207235045,1.9301981461814697,2.8987760586368294,-1.3696631965972046,2.4069327355536245,5.69952880586493,5.424668898330699,4.2387403132292585,1.724311243065532,-0.6357075892209312,-2.2593383242664205,-2.6320050849975765
9.01604824326256,8.000782852231616,7.215187934632117,6.337277705363747,4.659963703300991,3.0138113117349836,2.133276455372453,1.9527535575360728,2.7646096194317584,0.48390019603971385,1.8851874969666507,2.388931588153439,2.95037279572951,1.2092856391740547,-3.4630816069592263,2.0326514468708874,4.0861525868499085,3.486258551004532,2.2435460898467268,1.6390449413418005,2.2708225857808855,1.294245875062939,2.2090197619801333,2.47007692291337,7.008743322602942,5.824017157664883,5.513822983389114,5.561586142114475,4.522619014725163,3.052519544003652,1.021568454135101,-0.8886480304902973,-0.9283071659111803,-1.4942472864755219
8.532452528005456,8.724941120075345,7.375225971427874,6.695058304222374,3.8721564008555323,2.8638248123465226,2.648676362073782,1.7214370806370838,2.299409066829859,2.582227494487362,3.9360968338203564,6.443408168636369,6.7234849571656214,1.8379828504528708,1.4263495103067463,3.3310094694852133,2.210820856091917,1.1498803983782153,2.5735535515862216,1.2222398087248936,3.797640602328167,1.737828303358141,1.1743280968157468,6.315729682460371,6.87215027323566,6.057943298426255,5.047827947761672,5.1298057158097485,3.757597725885216,2.592172581655607,0.7326177125535474,-1.0077672943476106,-1.4366852482911632,-0.8192317397584186
9.0200632964202,8.214431372398826,7.4573353161075975,6.034422539172314,3.058556304399216,2.6247572972944795,1.652663630458315,1.1544602380373472,1.1720038008264368,4.598207147322026,3.0316531478878614,11.263750326659867,5.5427589319901855,4.240212491557347,2.9642319885869406,4.025301432315894,4.180998033412739,4.3150216292770835,1.6762664208595186,6.792659612357058,5.7194689507781495,3.678920730545698,1.3331279703717602,6.450403284046259,6.4067359034120015,4.129007687624573,3.045193971817338,3.3900477653954244,2.9666084423376726,2.113134067185528,1.5515535482659637,-0.17813259738068393,-0.780235289991712,-1.01657400773006
8.37575542511071,7.330276352171354,6.51091639376419,4.7617193143283245,2.857088467468506,3.183260917722349,3.259437096522023,2.012395583968116,2.409051424629144,2.8748366545714115,6.249283943186866,7.248690014004027,6.027890796598995,6.724970106403958,5.441957095573581,5.467124498986495,8.279659755059507,5.213778360238237,3.7808838312128255,3.3298380337295366,5.44939282559603,4.317061433759145,5.37055642111826,6.450332905028585,5.6940769591618166,3.297284872101767,3.6741605691458483,4.65147477152602,4.592922281530988,2.8822858920503798,1.6150658171021472,0.6738097035587318,-0.7361737074188126,-1.4971680499045779
7.889594694802235,6.3151277442900255,5.842583509312496,3.194353220195794,1.7890086693177,1.4071554571163054,0.6062184870696644,1.6236010906604066,2.4643629182773537,2.6975237819069178,5.04057179505862,5.19942487069336,2.2171780124574063,0.05286500179115511,0.8198572371868802,3.6962930754012846,3.1121614013714454,2.6161735593301034,3.1894283258912477,2.0400748706962997,4.939605608888386,5.221707541714181,5.931502427266983,5.302576808873828,3.6345462398089263,4.295372146365813,4.868103026023341,3.608465301382092,3.1369567757182164,2.0234293445292932,0.6907996713962985,0.06095902306958953,-0.4461993381745862,-0.18313630354669158
8.042296318150177,7.7199107415137815,4.093124564335203,2.986639405265868,1.2222975860334058,3.1659663569744203,1.9096030800798065,0.3755700356561138,0.8419764669897467,3.0248307587569907,4.543079717486711,5.499911286540268,2.184495673477924,-5.148303404626622,0.9745794242690583,0.11562332963953326,1.278672388814815,1.5401695939134055,2.2538598761579127,4.722578821189251,5.34282472652086,4.219774374511334,4.792820221891106,4.06970114461604,4.572264174261778,5.552125367937472,4.52885374368934,2.524212644587592,1.8048157642981433,1.835248724748761,0.8289958932452086,-0.9868245533967793,-1.767831960386262,-1.6296531146218745
8.02869356150924,6.424345608004069,4.049876082271119,1.555970885070218,0.08343340793638815,1.286313725742741,1.1877821620668914,-0.6791828995336556,-1.1468169104700074,0.12294980221875937,1.5029591607838573,3.3151877066252227,1.1048045784092972,5.441502015570764,2.652823081346625,-2.5159965527035726,-1.2325772308705027,1.013675909683733,2.187303812501674,5.672927443157791,4.501477439615938,3.883377139546852,4.165916281692794,4.3043519854329855,4.629707743878029,3.4596753113422896,2.38479273011934,1.9167992210871931,3.299620558468716,1.845824619076625,-0.5374861731647019,-0.9899529779764894,0.0660794263332099,0.860958035211288
5.054800940040642,2.8041572332567855,2.0534664261214033,2.7939293225421835,-1.0204130551588708,0.1810343651803161,-0.355614125352671,-1.5837329535453817,-2.88632042282136,0.6092879958551338,3.0841507352058795,3.6662429064395834,-1.3083528602823522,-0.9127983470339086,2.0763138911762606,2.94074109091597,-2.8309643610904143,0.1154754159701317,0.6390232848877224,5.411509290078125,3.834569510450744,2.096419481554762,4.221787058981595,4.758824829354534,4.591001173498027,2.575403438709564,1.7799395185108786,3.199335618406204,2.8739877695687515,0.4421710596593937,-1.9657997345793734,1.4637948480811966,2.3369730029896876,0.834782581474288
3.8325366608605127,1.4845776825864723,0.2548005864248171,1.8104106205119876,2.0137129587596645,2.8499758000688846,-1.3854423823822706,-1.8929779566642146,-4.27665251517037,-1.2466817772678596,3.300941838475447,3.6595847959986822,-3.1323328253893554,0.5713112450988941,2.1556285531374297,2.833126061595831,1.996237893834049,-2.1122228676770627,-1.0235869063921124,3.353289442313781,0.8135072875793082,4.951046217354246,3.199736030224278,4.354003591374369,3.266107470947487,1.9920147213698505,0.958898914251678,0.9659515926511187,1.313945773947604,1.292262143914964,2.4109119923244977,1.3549991731937279,2.5777066831054607,1.2124798192321595
2.3095868515214284,1.4092013200567945,1.4572239689193944,1.7563413879804022,5.6359272492141725,5.34486238776541,2.1901935949392923,-2.778704638022288,-4.822670410757451,-0.5909642035543154,4.111376409287976,1.8816932114826048,-2.402901034386896,0.8734958630224354,1.2134738650740455,0.3009355294539138,0.6025746512553257,-6.399967645699489,-1.9743746063383951,1.1743307464461834,-0.6762294425495607,4.036660121625417,3.2514449650061423,4.329116921155615,2.250877917944318,1.7858852279093522,2.532165132610845,-0.8417221473912891,1.3811453114235417,1.2693712694050683,2.372681619116116,2.199345879396364,2.011100952853551,2.4943756933947054
2.157496766103061,3.131126673363345,1.4252505954596528,0.9915440579879945,3.5293691773928044,1.7548501460898387,0.870275077963063,-0.9545925079086108,-7.137578959971124,0.0036409547366887756,1.2574224947418657,4.368228135702031,2.6733469731390236,0.7602983426706833,5.346685822696551,2.666674903469052,-0.17810260304537,-4.836698559249363,-2.851578315597003,-1.754241695862437,-0.20037104267520633,2.002508177658189,2.6957254553142462,1.2957732574735314,-0.608147668558215,0.3787819416799991,3.2779862498841092,2.4810178590954592,1.9194485828746901,2.2552398662741204,2.1955405711688103,3.1493318708107725,2.589091973144966,3.5287339443782124
0.3044786528760147,1.2249017220215566,1.2209807753324815,0.42724043196222694,0.5730343719508432,0.3597485637727736,-2.2003467121255826,-1.1982809422459448,-7.256802956797936,-2.09561859953922,-0.03624487351739999,2.8462058685771483,2.6924146974944216,3.12666807772047,0.9886345891843322,-0.012812244525879516,-2.1676625435682118,-5.256608102853506,-4.121104388056479,-3.689300839901269,0.5965067826749348,0.3586497198219576,1.2437911366603982,1.8329738663806219,3.3234953110476777,2.0812162797824123,1.8411919267637675,1.436651560465373,3.317306605192453,3.3221179449557274,3.324589498493207,4.043946462328729,5.461397054958782,2.106183014768044
-0.8453586374412799,0.716877158585202,0.451542121592119,-0.9385577764124403,0.8609551054669157,-0.7655408679834262,-2.445428943471787,-5.1402757496783416,-8.11121067243609,-6.91235428490802,1.0873450236474675,0.41912981531082105,1.5306309346149332,2.378412643791092,-0.5151659562757428,-2.6536591787273838,-2.567096207837314,-2.269472690716759,-4.208831123820005,-2.451716968530018,-2.8539625461898313,-0.10831467471967071,2.0444459684012934,0.3781180340360298,3.0098769047212754,1.433722947682046,1.2110941766896948,1.5747051019477456,3.499428267947466,3.269428748224855,4.3851852105952505,3.39066266612719,2.576800229133658,5.00267165189525
0.8269736968129939,1.1742218357212701,0.6232923999744359,0.7557271007660553,-0.4349611521056549,0.9941063881637174,-0.7311182407865029,-6.630702633894234,-7.238048124239766,-7.651856178393391,1.5100286604545545,-0.12922112390192472,-0.7970166134512449,0.053428497724753436,2.6386596473444275,-0.483357377553869,-0.208158728400822,-2.1859971972958046,-2.801692564236283,-3.417195287949597,-4.841111375147932,2.4422734189138438,2.2367376262959184,0.9410105087039777,0.6726008036740665,1.3327754772385707,-0.1506651444885295,3.14471723007855,2.6942578158895647,4.249039141279351,4.598275040255632,3.835183908068874,3.6152159745952535,3.6314727505964632
1.5636834481183988,1.1142830267914545,2.346421400944289,1.2352415607505678,7.355853068274908,2.578050915051397,-6.013509638637374,-8.226238239856205,-12.219263632272629,-7.2813760153451135,1.074004577363622,1.4942434060728658,1.6239549177963866,-0.7478759507219289,-1.1823810168800655,-0.5204912709611126,-2.95601452249715,-1.9510387741779043,-2.475539817885049,-4.341462905171435,0.9514794348638842,0.8593178294218115,1.9100305033527982,0.036466541018660946,-0.014367113521234135,1.1251491519595629,2.941344953042171,3.8867829632897775,2.858255611879664,3.9016912195716107,3.89413468996138,4.253738424565794,3.0033197808627383,4.759116665834588
0.9537448684758857,2.193178119104023,-0.4289484066775834,6.82737790834717,12.831342854895151,-1.0351877320213632,-5.057182999544614,-11.629644251089161,-12.599505675016545,-9.583074013802651,-3.5717944391030647,1.6963838901838912,2.6501521628259366,0.8859493429745487,0.33725621233077663,-0.9605279248353754,-4.463069834400454,-4.777159943400525,-5.542656630804716,-0.6309850036677503,0.8951652063079598,0.5566555561575287,0.5238148875422985,0.5899580754295498,0.5006909484942537,-0.9988929166917451,3.0151893031261316,2.8354632801056625,1.6863920269013792,3.279052038050991,3.8803877720451183,4.360150138764777,3.9201029129911196,2.243827015003446
