script/wind150m.json
{"header": {"parameterCategory": 2, "parameterNumber": 2, "lo1": 3.000054539987559, "la1": 64.9999836372058, "dx": 0.5, "dy": 0.25, "nx": 34, "ny": 52, "refTime": "2026-02-04T00:00:00.000Z"}, "data":
[rows 0 to 23 of 52, columns 0 to 33 of 34]
-6.1773222187503185,-5.785309209607679,-5.350073980625139,-5.851859104652674,-4.8729724716750065,-5.062931101288225,-3.4632515826053814,-4.1486060391423205,-6.138440897651429,-5.940964023692702,-4.853833294393671,-3.363487645902787,-3.3039381610137823,-4.006160574453003,-5.017869651078944,-5.389092904519142,-5.038283706585536,-4.4845164043993115,-7.0597877480548155,-4.159212848079384,-2.1024185059529303,0.20679859404030326,-5.713761029050253,-1.490907894619094,-3.380456357551097,-1.0924387095214847,0.1718229990650533,0.5694768972637357,1.3771826453656988,2.7685928953998005,2.0319141388975708,3.939076764906873,4.495707234125248,4.889038549120174
-5.531994932888417,-5.199573344931734,-3.2422206571018783,-1.795087138562498,-1.452143295442171,-2.318361251340673,-1.6382308281708768,-0.7267204959110753,-5.293170836388172,-5.398567216304545,-4.759416878597905,-3.4997391599509804,-2.3909647190097862,-2.7801564082949084,-3.357153908238462,-5.00916429348358,-6.386006228587577,-4.614229681553599,-8.597674509500582,-4.767117931222556,-7.974021323505746,-5.717898285788691,-1.372343616611826,-2.8878751886163863,-1.358476822166246,-1.094482834955603,-0.03840986023882758,-0.3840071505016693,1.6580770912224396,3.163854947862273,2.8211521312966408,2.825224491053507,2.8516276362004875,5.386888161009749
-4.833009459622215,-4.044604912686454,-3.4894860733142936,-1.665150418727974,-1.4536755265238006,-1.1672938367535093,-0.9299868271686457,-0.19510549998158977,-0.4675365154858419,-4.680549727364196,-4.866932670953924,-4.081966115097664,-3.1653972893005733,-1.7242699210223353,-1.4867696467154918,-2.8640859479151306,-6.892405085941911,-9.625478272258736,-7.862496382585442,-6.423467873221378,-5.411834641764649,-2.422097666705328,-7.852056275828187,-2.428844516234712,-1.5222062172060111,-0.810927140358648,-1.1917696717682285,0.4881194284413583,1.02637798056615,3.1546115652898665,4.8249572648367485,4.638637295941981,3.607975166618637,4.5602628733035795
-3.632369930572701,-3.642085381240548,-3.53812982434658,-2.535969723587294,-1.829942039794759,-0.9467988461744721,-0.09881597251934432,0.34356954614662183,0.7028510168766932,0.11350200950939804,-4.650314443059242,-5.1143426040848485,-3.4945076658313354,-2.8938777502106907,-1.3942943265267687,-1.1006603916571147,-4.7853696151708816,-4.694552274932619,-3.256132333982093,-2.3832775964071313,1.8509157200775963,-3.6167503747066054,0.7671440112655975,-0.9391877827632776,-2.160583939629067,-1.9516067317856878,-0.7818500619888673,-0.2571410347660278,1.183237232150588,2.1042316742298444,3.1437253588529526,6.200385231797961,4.692229676790544,4.320334193185946
-4.255412406150483,-4.433382556068788,-3.9641431946930004,-3.621386053174767,-3.158918232754116,-2.3627752900979586,-1.4548102571824242,-0.5799738436548179,-0.25045204795825426,-1.5898679948945353,-3.8761401227603667,-4.608963274596995,-5.384822960995207,-4.837268358504127,-5.800742344829025,-3.1687959474894325,-1.8411913171110992,-4.001459687563756,-3.4874695348108187,0.38100122434278094,2.9770463976778943,5.617270143381514,-1.6389688383121257,-0.2883321531049224,-1.088024500934854,0.06529020373327096,-0.44499144347522124,-0.19516245568838764,2.0526448224949316,1.3769164874447346,2.8705852267456806,4.829203887117221,4.997605895622484,5.145540401099999
-2.1936423628608575,-2.1819657345025822,-0.45016066753733935,-1.1591955315693083,-1.9893869697759639,-0.2854785687782264,-3.196256734950992,-2.6679967790877877,-2.449399352535062,-2.7867775416786973,-3.6180947736522504,-4.316206307751009,-4.897299844455328,-8.092463186801742,-4.713120601527022,-5.077675346899895,-3.612034150413456,-4.170372657312002,1.174135205202073,-2.447123621991498,-6.485450687271299,-4.235679623537704,-0.19472228607407818,-2.731940686524033,-1.7696277935974352,-1.3039369079378904,-0.4990674263906299,1.0269232251830567,0.14883571188043718,3.4644602991785245,3.9662424244288763,2.8500748790529853,2.566573702766243,3.440352106710769
-2.7144083527478413,-2.09924595666551,-1.1780512578681857,-0.31941923646467796,0.24661743451162108,0.28013642678833944,-0.3765921402896193,-1.4670239427261211,-3.002177071919071,-3.559497541580237,-2.8638174405413395,-3.7359113023792268,-3.6710003328005016,-6.656902161438711,-6.036939641961717,-3.802966860842834,-1.1885878751213275,0.7827947977447153,2.6568339879021545,-0.23312241426428568,-3.0524693423990548,-2.0485650487355223,-2.4825905744564754,0.34711876016920484,2.8576187701161833,1.507318383226504,7.464522182218241,-0.323055853304266,2.289241952243259,5.506432691373429,2.8118766742897656,3.1895843112238387,3.0390537138998885,2.1486483990411656
-2.972200253762162,-2.69638911323598,-2.481445942862368,-2.3719564187135154,-1.5394619699979346,-1.3980033870455382,-2.1201442123211587,-3.1561230474020245,-4.055496344943211,-3.950111789240038,-3.76324394681449,-1.6623290731057425,-2.3739589548979505,-2.706836677004647,-1.9312403706452252,-1.5570675105404732,-3.4453501526613866,2.0361646296853286,6.155951131695049,-0.23322486411293086,3.7344506177876853,2.46443930071775,-2.171467338295025,0.5627124749576866,2.0604103990892133,3.086205094861803,4.804041018136307,7.756103064414287,1.734121338891676,2.228983976310235,6.2562538768850064,1.4212418592367284,1.4990276048408389,3.1186538798916397
-2.6672195044438274,-2.5188295266497076,-1.9722357848550551,-1.611550013188545,-2.451075383262021,-3.275160594245153,-3.9926321082233995,-3.5260044523528675,-2.8342399178678175,-3.7536693363109164,-3.7570698736407877,-5.152494667380183,-1.6964726297992707,0.7238486643118783,0.18009863847531155,-3.0059429264137187,-4.572064730086102,10.412864772984415,-0.09664691450898354,3.3256465802513646,12.989540347789339,8.855187924874071,9.004486016059468,3.65075895580921,5.905781286053185,7.039646519098678,8.782608315899372,2.100688870981339,6.204103614119766,5.610171734475353,3.046763020925543,0.47472658501424964,0.16725524617780518,1.4167836702042946
-2.8249847354100246,-3.489755591296746,-2.867812237094114,-3.534407427309825,-2.970934284841677,-2.042591979925229,-3.300315481865529,-2.8346334503011805,-4.731358296259443,-3.984663296778797,-2.6093121708264935,-0.5936209711637664,-1.8758209643587052,4.3785897442572965,-4.793384725375469,3.134153292701705,4.434269165742414,0.20036768285444312,1.3603360360710366,4.478968661129669,7.623073552154961,7.068775717060306,7.429650671957585,4.3202448192943415,5.293574265182977,8.18523601326332,9.548821138224211,9.801600334679023,7.407432566008802,6.500020495137841,3.18662509315357,2.21992044985591,3.5350155876088993,3.9841932409801077
-3.090569499451379,-4.035358798997661,-3.6592703110482145,-4.036609563306433,-3.701974945978698,-3.6407017457097166,-1.7905486482922808,-2.2116272596363045,-1.4872978251192577,2.2978799379247463,-0.0030236333251174446,-6.25885531060599,0.00432133185675049,10.329670311403518,8.463785864448907,-1.2812735502678145,4.670975314175295,-1.2779268855511488,3.0754696922675833,2.8327796260995206,7.838075984118649,0.893282389769313,11.823464798906212,2.8944439050309594,5.677332001313618,3.462862742114582,3.556039715225116,8.503278077333372,5.991980381772935,5.329443719405828,5.322881352609659,4.285182741112319,4.510539361147485,4.525538594336402
-3.3512251342111568,-3.862365797289273,-3.86207179287674,-2.5292525311667964,-3.43428316951218,-2.407247149211308,-1.3941571855982717,-2.0073178379942673,1.296881209729955,-6.728641114979007,-6.721572228255669,-3.4663678869128347,-4.995893451071408,4.651949767642173,2.8590819412494435,0.7099861777026273,-0.36272209638955616,6.40291303810676,4.097019142198696,5.548190530466975,9.760869355945912,7.045984061035921,1.42893854269503,10.114868085751242,5.2215328903325995,5.011156421806088,7.831689074782264,9.807434461724078,8.50506983059482,6.466806138098472,4.725647785570616,5.2527318524089335,4.980481819231578,4.758200098009032
-4.210351947341891,-4.242781521917306,-5.123609595822653,-4.5397451997394045,-2.881979027929984,-2.1220152426936014,-0.7855627996973712,-2.423080407520558,-7.250921931505653,-4.876420788082431,-4.927910249502824,-5.062587966118709,0.04134218388873376,3.0444582983277373,-3.1077240118488416,8.017247098599483,0.6461527043321174,2.7956025602664254,0.9419723335480661,1.7615389460514905,4.415180501276182,6.610554538388819,8.694445178631613,5.8068831776965135,6.935388281950264,5.861532002160813,3.5759394625027063,7.311441676854275,7.0875911643707665,6.353832545996341,5.029444940132111,4.866493065643729,4.674592209508307,4.342926058917696
-5.42730148990064,-5.6731358603817075,-6.448314684223306,-7.470592280584429,-8.414669967294484,-7.430772712915731,-4.312885283030258,1.3256269195460968,-11.070755559667035,-5.254603564889146,-2.8475812227204926,2.2832930110616827,-1.5121802493709398,-4.460436608227305,1.6490712251260464,1.3539436611733262,1.7930847918676773,1.1731999134194033,2.569287783365415,2.576787214606531,-0.67950365298961,4.398164171618401,6.306071939848993,6.296244606043114,4.545091328891497,6.104751250076825,4.977203481662238,5.266025561581625,4.290024608250277,3.972404022625449,4.761974421721755,4.321607693199879,4.06762819718873,3.7257057670533653
-6.5881886517205,-5.815320989078119,-5.821302805074353,-6.045733440740865,-7.950924330411974,-13.350396991210284,-3.968629151141086,-9.21013320422732,-5.666558403122744,-4.278352537932442,-0.9161014724120448,1.5199768917254726,0.7821142407252306,0.27885303659398875,-1.6690184776791452,1.9180684158138526,-0.21477861212634813,-0.8240319282673823,0.5775499267617074,-0.8920996197535768,1.2948622485936372,-0.31824790502530476,1.33013598917212,3.6425209164177823,3.1134776516749154,3.885320428643638,3.722883785133124,4.043535187853795,4.3320147458899205,3.756432728452167,3.7256672200908976,3.418077473319236,3.10367524871764,2.8956477832467957
-6.628732814885025,-5.174765748999741,-6.235388298718182,-5.658424805345554,-6.351437883180931,-9.139579532988497,-10.041089143254204,0.6606209734950078,-5.038363023347081,-5.891834544213051,-9.770811166744664,-5.696489561566415,-2.024475152272326,-1.6763089479802742,-1.8749349728291633,-1.9900719362820112,0.12104154030051739,-1.8151063115517934,-2.7861958721622706,-1.9490539896811077,0.24548420237771315,-0.8541546040608976,-1.0662894311137743,0.7563354634377938,1.8942094533697929,1.4530822709423004,1.0275339111428652,2.5304523383404014,3.640550033465695,2.873648604080679,2.600330535260073,2.1683247213476355,1.9707273871251225,2.0249359842138954
-7.614105488796339,-5.207799049804676,-3.9893987701742666,-4.775836553710374,-8.018247671126897,-14.555180204525191,-9.921589160664025,-11.676327397708638,0.6749109887876932,-12.96676262021311,-10.018293093459398,-4.279816008659024,-2.616772373920856,-1.9913274529890546,-1.4880137708608525,-1.347916993034849,-3.4554074427241823,-3.7416870757779512,-3.0042965318540187,-2.249592628062924,-3.866004003327203,-2.4536450530260705,-1.6337099646518671,-0.8885371125792864,-0.3292443094186744,-0.6617433384239353,-0.09714047243617023,1.1134196079552179,1.5517502521218816,1.2821267492554256,0.9547397261034148,0.9341845236713275,1.0205255833132365,1.129223677459859
-7.668034438416472,-5.432602336703432,-4.989400114365956,-6.962662703442265,-6.431565072432164,-5.944845929011333,-11.08293388602239,1.0340122448276627,-13.736733268161508,-12.676328254144531,-6.067517087144302,-5.40876975998242,-3.9974737980237194,-4.327340045548891,-4.17751455632249,-4.878105471513843,-6.878067372819286,-5.660301784766894,-6.047301036570658,-6.996079976276044,-5.465889041201982,-3.705194948634332,-3.421435531856099,-4.166720067307826,-2.8899712300065326,-1.8377990106095372,-2.592910679697763,-1.7435900027085922,-1.3766543671471294,0.2198638461888934,-1.2468683232542732,-0.8205215536579219,-0.06474494420811047,1.1424174906555165
-10.32809470540958,-6.7781226367899,-5.100679412788783,-4.378610423389254,-8.287452913599004,-6.7135243482357,-11.067124410889425,-8.372029432041886,-17.38042270046154,-11.025768053826035,-7.61340976748837,-5.362228114500778,-6.119123110986472,-4.7412944501156815,-1.4483039510734141,-6.413452903288777,-5.087554434513222,-6.7810935768439675,-0.6719080738045401,-6.266683698762965,-5.788468795490936,-8.295371345147604,-5.979945580359662,-6.145034612883555,-5.538950304019832,-3.505542531285189,-3.8344413658648535,-3.480438080755698,-3.980198793419819,-3.2967977751308672,-1.7030297471298297,-1.9013684848933552,-1.4075343169931023,-0.6205832852479106
-12.614040033417304,-10.57448327711514,-6.399451487259846,-5.822425430060607,-2.852831464260911,-5.3660501804911815,-2.897593962326958,-5.6798651223352365,-16.50445996612542,-12.052890633170895,-8.763046549162064,-8.711088483003179,-2.57856523056483,-5.082193266250092,-5.880020150283117,-10.730902389235466,-4.7245484886943325,-6.6602023875455885,-5.359285616109651,-6.544070632630307,-6.025264198939763,-8.029312679340547,-9.49466648876415,-7.6718163221009865,-6.213310307652642,-6.625199358865938,-5.59223766621368,-5.4982618975108775,-5.43111390413385,-4.83191053151546,-4.401550024061194,-4.338243355177422,-4.626352370955743,-3.5279593811679044
-13.92165190992224,-13.55534874385069,-10.621963683534245,-8.528328234731992,-6.281762863346673,-6.874318698731375,-23.03890904028766,1.557224201810708,-16.495529795503458,-8.48172314273655,-10.929152467600494,-7.742500716802683,-5.568737254351935,-2.398593507330497,-3.203438668901212,-6.289056778298003,-6.762123692796888,-7.011764752483336,-6.987331674519291,-10.604373171602102,-6.551564744465037,-5.79412840271458,-11.077739021328448,-10.154874613315515,-10.742331618078609,-9.953385834478416,-8.320888833287146,-8.126120220597699,-7.532460452335183,-6.949899803871119,-6.63988472220918,-5.491975723026139,-5.956553475267005,-5.651533984226818
-15.703525074207834,-14.387161882822564,-13.62399943819271,-12.845143204640008,-6.457153986248514,-9.236242783662725,-13.587253773732844,-20.228452076450125,-20.090934569584117,-5.438828350543284,-6.10266537881835,-7.6119874496343405,0.4280405697924663,-2.4849171210078347,-5.052836426051697,-3.648109780999274,-8.539229814970732,-9.459871786947938,-7.547513491541403,-6.499468960332483,-7.503794938760541,-10.972267787760847,-10.331234180878118,-9.28875512567237,-8.905947449264012,-9.699770161821338,-10.513639331808186,-9.663281550525191,-9.006598989402663,-8.135848670203673,-7.650411225029354,-7.236379288579237,-6.219823087500348,-6.849189397257275
-15.61594025649109,-16.154513158810932,-15.804531105662347,-12.817280321903874,-12.392783711173175,-9.30230797181759,-18.637146664233637,-13.640983580211644,-15.575247236867298,-20.42497486973478,-4.517894221021307,-11.096523957246719,-3.517623507151794,-5.217580505901627,-5.4153050131992115,-4.759806906426701,-9.2952878913035,-10.406785881446787,-8.198535720215355,-7.675058517319239,-9.087878688471985,-9.047034426557007,-9.63513722635407,-11.45291977137956,-8.400766625092894,-9.837066446183409,-10.871640358077906,-10.730082087347732,-10.275469963495672,-9.549375200485384,-8.345774192387378,-6.206079262753302,-7.262349499157974,-7.043255264192541
-17.062655344133592,-15.799437518284657,-16.303904742296805,-16.953326879668296,-13.72941292132313,-10.048504241648128,-7.220560796233419,-27.465665705137944,-19.313577963522462,-12.518951467230028,-5.183658415725294,-5.521868395186487,-3.6457008265815842,-3.951078009300821,-6.459544633229284,-5.226248770332494,-6.781817900254286,-12.676037787966768,-9.859357942128181,-10.274380396594854,-7.130870585489306,-10.422768014677699,-9.236239236446508,-9.793795662645282,-7.245452098344923,-9.20429595345732,-11.010028477718942,-11.460577995043028,-10.897318493946901,-10.555130620591546,-9.234021948969021,-7.103888543208297,-7.455005401835155,-7.333904913369794
