script/wind350m.json
{"header": {"parameterCategory": 2, "parameterNumber": 3, "lo1": 3.000054539987559, "la1": 64.9999836372058, "dx": 0.5, "dy": 0.25, "nx": 34, "ny": 52, "refTime": "2026-05-15T05:00:00.000Z"}, "data":
[rows 0 to 24 of 52, columns 0 to 33 of 34]
-19.571230474359375,-19.733420034172255,-16.82820926131108,-9.999336902392347,-5.574335316361575,-0.0538151659918739,2.1895853938727865,5.833057277520987,8.155896934297015,10.680385783924317,12.64629032834982,14.588512253172958,15.617204301695438,15.221699964656636,14.881030917555755,13.681226468444112,11.053253001518025,11.341265056786483,12.161808731402541,21.338148496408422,10.176209732686143,6.10438012094689,9.041554166932135,10.965074346162796,6.577192848071752,4.350044120141719,7.3584529603060655,7.559163291990594,4.141817646327334,6.7972238526196955,6.737685329158252,6.784529990380065,7.748674442110907,8.282140096635441
-17.526338534485532,-19.175817709886523,-15.628074532968538,-9.608767756658812,-2.305307379964434,-2.809538922864009,1.154522729210244,4.837962678432804,8.995173078405712,11.18832008385006,13.103828690325882,15.113805177169505,15.514728250492741,16.207588360172554,14.595004296004971,12.368024743670555,11.297592854577097,12.808255213814565,13.560515013259517,11.270172863218098,11.971705045282715,7.922185274291398,7.584390991599395,7.544422528384928,3.228774331389337,3.6747476369542547,4.701088282526013,4.639169241534296,6.0720941761757805,5.978147524875263,6.938257813384573,7.802460453049638,8.216206909095341,10.780649583943347
-20.37284811885766,-18.18643776976364,-13.457104912573524,-8.861219555839321,-4.855227987861236,-4.579465717523137,-0.7273289533983127,3.1317590287695714,4.9939932070580175,9.41933635092931,14.192071856025333,15.941492001729141,16.086629034986004,15.847155039375465,15.986749333153185,15.56496336421562,12.680260946168408,10.08618008560315,8.379842401158758,9.395974135963376,10.009406455739446,8.960488066077373,6.0318331695387135,8.338751947600393,4.459126710793169,5.509662458476234,5.584530629599588,6.394935217200327,5.55318959794081,7.752854235825657,7.259501932670692,7.521432900090362,6.992336335778742,8.77554597042953
-19.464168490522948,-17.27231725856062,-12.369237962242336,-7.292742344894866,-5.159207418314983,1.7980809500010506,2.6195968165457084,2.028038479293075,2.9018994397049354,4.596685100747638,10.931994327050047,15.302710523914612,15.058773428055435,14.362701455816445,14.073581793995386,15.981213785302991,11.26023798854295,14.935060879152124,12.35614839604698,9.71716978015882,13.760312974243377,9.649970237755419,11.92895998024057,4.913544689305528,5.0265555338196535,5.329184037373116,5.100085606577206,5.135593535745061,6.773176043038102,6.631087294441355,7.208404155585862,8.650167394692783,10.328590793181236,9.616705967506318
-18.941255191185594,-15.612543027057622,-11.191885028134973,-7.505720179988638,-0.03382984474833082,1.3949614637135836,2.173348917324676,4.549449005993976,7.052534972910995,6.710206022991049,7.680901023965468,13.649214128883191,14.838054299418479,13.388274136898469,11.962571163162286,14.183991216567467,10.160044382500725,9.822101566721392,9.93703969072416,10.23537496515034,15.330233378263058,10.903784634618791,6.920375533274918,6.810329717525582,4.7532313004626525,5.594373692192514,8.055467321386558,5.660643636587373,6.366954377370434,5.427473679620078,8.932719802861095,8.123272357094613,11.712734627970557,10.437149730512678
-17.967733025080772,-13.432633192733066,-10.237127446038711,-6.8740174447002955,-0.4294169909641177,0.24341272043202808,0.8625917009879221,5.056117527696421,7.219116158675818,9.316588470156274,8.39848470918933,11.952466479762682,14.995530647823522,13.713462149578815,9.730430465485076,10.087783057964,7.291709557392548,10.138811945060942,13.246186039319873,10.911334170445164,7.067732944443118,7.790411612929852,6.626084978427919,4.719031532393081,4.011452839559715,4.557806568137626,5.818225503210396,4.7813839756976355,5.672425224107029,7.4859945248154816,8.368138461341438,8.767830773541787,9.97925163543111,8.895233662070101
-15.562270705115116,-11.109319800198369,-8.108442414995226,-1.1424339127311673,0.5465617080831561,1.5354076774161913,1.6543525313745115,4.031480611157369,6.0471036734090085,9.664503856228563,11.877112152935132,8.978783234147446,8.341820895060113,16.178573469103267,9.171316591475483,7.438074795851641,7.9905375106049945,15.620457604623203,12.880812362474614,7.5151206230416765,6.954624321532684,6.546775757382504,8.24673150426287,6.262577224099794,6.161817817531447,5.175077038628349,6.504843295651774,5.578491455374294,5.54268833883713,8.00509473032556,6.132298344697689,8.480729663140998,10.014509185924071,10.051924385921103
-11.767469488158305,-8.931182809325744,-3.8062372612987536,-1.3539773928410923,0.5555943309901231,0.10632988657028819,2.283388213852781,6.193058433086417,6.8924016065991065,7.594829047175071,12.744204023634053,11.028820834390666,7.150799866058421,14.114863219734064,9.92460084771854,16.47577641900891,9.062006661717414,17.177023586495338,15.17138644163297,7.914435215379248,8.54844755949828,6.962575009743986,7.586719088525962,5.680971993733689,4.599488990255711,5.9540510196155205,6.514201793865931,5.5164928629272625,5.919867946782773,5.420351406496553,9.138766748290225,9.659559886415538,10.321380232419841,11.62095940055577
-8.330610691595934,-6.436174102829874,-3.4858656315196703,-1.3654674916405989,0.22499567904435894,0.508500352330214,3.4618370720632066,5.608077239383944,9.99855766897468,11.0055918358122,11.051539342613406,3.1546817590461727,3.640647292139349,16.91585609087991,18.207085184888776,9.938149454485954,14.318894011485487,16.29088051248389,14.102671904037717,12.074985290651105,13.99021968988264,10.121078488906026,8.298450238368071,7.1211430357562735,6.051598883107385,8.483197655782144,5.291104464185385,3.4067704340248954,5.361665530622942,6.58963662819625,8.558894678991113,7.482955892675995,8.02041339015221,11.203598930256238
-6.145126808624714,-2.2580236505766385,-4.1966910693808455,-0.8687959216602307,0.3968142447904795,3.2826685682005508,4.100514392378472,6.106980361297746,9.034016529260683,6.916183974576289,8.057101997178757,9.162704320163876,14.619005420935752,17.856323132595158,17.323698613502003,19.077354905301803,12.174365669855922,12.758325170685008,11.752353584334687,10.603854298510369,9.043195151068504,5.384258821048729,8.230171850484954,6.966927319631142,6.5454837573183795,7.571151031378187,7.08121745942437,8.167659835040185,7.971043796812097,8.363282735945383,10.118070221443823,9.2448077535471,10.378587727804097,13.98861232317927
-3.4626296363976956,-3.6947248061966445,-0.8221854358589566,3.9792756621653846,2.2458520276674028,3.230617087355815,3.198272409541468,3.2127345576601094,10.164869971390438,15.784006580153706,19.531346911849877,17.65167107361067,14.920830080969822,15.124414426266902,12.615118295301635,13.101848140979266,9.41756741349464,12.608790459547256,12.855048792143057,8.190132825766565,7.701654229160132,7.48464505874391,7.6831454658948,5.980655513537962,7.0895153436675145,6.117838211216861,4.445491378735552,5.748484791027892,5.791125229322047,9.732691166020402,10.111147702537423,7.6112549543156165,13.125383391453365,12.532773123065379
-3.791942600224953,-0.3240784877909429,2.4766090207383016,4.935963768854934,1.7284337803400196,4.82009120887508,5.138520360635161,7.356800464756495,7.36509839045118,16.15852953061594,6.774747372869487,13.396554080347933,12.17928788021452,7.695421623185402,10.467125119643924,10.892758629326373,12.99862806515645,15.344481345053648,12.297687014068124,9.46435495813932,7.604231155358882,7.201151487851098,6.422237258449634,8.63086253564259,6.6114718530857255,6.086267755086133,5.425923603325882,4.7635426618479,4.888666527660255,8.647415238583589,9.088147209758407,10.911167021660873,11.614001304443034,13.984799871788029
-3.5160707766445465,0.5564453147916739,5.980890126368282,5.878744622362794,1.0429600107378423,4.27769783551484,6.080794104126863,3.144046556429407,13.368241690780442,10.335698236438612,8.011806170384046,15.104258406695854,13.164601057415027,14.580352410997227,11.345203216689146,12.084689845435312,12.310623810241895,7.920671003474041,8.586518749320183,7.283244546948158,7.483894383106495,7.659296453229352,7.960439563659927,5.998053940347116,7.716603798543937,6.419664685029803,6.136167518154295,4.604134474227922,5.004340765325075,4.666453843224453,5.77920115254831,11.121152426500544,9.450629215999271,11.794014487152028
-3.106098827387267,2.2414031630278006,5.652463448252717,5.963420446814001,5.622764577087229,8.660659788871444,6.709453432722489,6.964638913875192,18.656608332038605,13.235622008151807,16.365436003289904,14.280805353822192,8.94036560667682,5.605420232958635,8.655324592493944,9.757625658359958,10.021950634281152,7.796599126603618,8.616583052694885,7.3178805848743504,7.609861837905067,6.690525723610046,6.727290657252216,5.944820307364852,6.439164883513272,5.991594149941389,5.389635797027314,4.7887248341169535,5.890877546345223,6.121145058161556,5.951643683448528,9.506672450660952,8.2945135556441,9.704601378812843
-1.2814428964265059,2.9172131371190964,6.156022678371343,5.956719026196114,4.116464207564037,6.754906707541439,2.0955125551521165,12.250469602058468,6.795781263388186,2.8741137557009884,10.206405480797812,8.041755128610484,9.93930890540817,9.341663949601575,10.96199959370563,10.309435092126133,8.517196972219487,8.919028203235312,8.286894591425748,8.76160315499129,9.399771161667287,6.137340782935929,7.640466291622677,5.549422054599686,6.147033552324545,5.471735680621442,5.0279914461395885,7.019627328463438,7.753488752199175,6.638356638332817,5.7736692439879596,7.198945221793023,9.067620312535889,8.751429573151755
-0.7373124103699432,2.840109055414756,3.0192761173674727,5.001105080614168,4.449598519014631,5.3375995462432035,6.479857683278938,0.00023556537270934356,2.558316901563324,2.4589275637566668,8.09315957572766,10.693959737072234,6.206714177229763,7.338315096261142,5.598670921528722,10.558177944082114,8.942738444485824,9.379845357040068,5.719163607142024,8.885548942427441,7.989068161984575,6.360260400333952,6.369602197815256,4.877127273805584,6.042090442887899,5.254396473969344,5.569478813244268,5.193604051050563,5.033645380634305,5.882981228251421,4.518291715365103,6.4664226169767405,8.449730114589636,8.436411603146409
-3.7784658991805724,0.582192625700339,3.4867695294318355,5.039862659786714,6.086115213888682,9.915659744582735,9.612202833523149,12.958303453728577,4.083936050367656,14.340361447197536,10.244128575770015,9.060427831407525,5.482636141500296,3.0772144339365184,3.356279209782344,6.646518055832555,7.945439682074661,8.254256362183385,6.953601793217663,5.9217978486063,7.45953006689671,6.103396142347208,7.167551104749578,7.119342012075779,5.842269812858361,5.598520821347793,6.141785205862752,4.48998642091431,6.739124949415581,8.071685114848528,7.150350668109528,6.170701616200878,8.129129648011297,7.312198571608479
-5.576651388102516,-2.9864011969458284,-0.20325156158825944,3.9406789743645847,3.550587925936665,3.6623358060459337,8.200932352292687,6.236861074903524,11.361299152885906,10.152512144385014,6.139477009820587,6.674426009970424,5.663764980014002,6.736023463652348,5.8725080134946985,5.170906030691139,7.535346190055801,7.1593467974542015,7.4248195745857934,7.623217312519377,8.358371955121026,6.130725053114592,6.670862956100881,5.761237554034968,5.597883881857492,5.8632787092579,5.412694538414214,5.80590525625727,5.5116352152775345,6.74522170355119,7.009664134331314,5.141865741519611,7.4562801919523025,6.6550532673729
-3.6796645393727676,-2.491243269668949,-1.1076326796284386,4.637738248698863,2.125704078496444,1.651568436616689,3.893491290971519,3.525314449068887,7.2899256755216975,6.168350069898414,3.736768992191367,5.766216456992478,6.866155719656967,6.856205389755732,4.457021948162938,6.69653756289186,9.623918492985155,7.9866303567355645,6.526046254357596,7.075785310167098,7.152586845550756,7.1429248630165825,5.743968777290481,5.633123882564516,5.844415161159316,4.264593679961355,5.131110393632079,5.143408176676103,5.662398758257235,6.3383903584690575,5.670885537247272,6.042302204282598,7.1065496043287135,6.754302846885571
-3.2107076174815865,-1.1439020642246562,-0.25194058862596475,3.2885053707672474,-0.6823185909500152,0.41380122339976466,-0.21444845130688941,9.90102327386032,8.627418783246366,8.272107098502719,9.672724361809054,5.714212055025861,3.785538904854781,11.119596259526885,6.924652206330793,8.204054769378704,6.50292891790783,6.837551784380736,6.861005288388113,5.839493451787454,7.662227746939676,7.005538657789253,5.803572606871106,5.5110271724440425,4.960058396567706,4.750025379579307,5.119585154974279,5.307916428995125,5.561533985742833,6.161758640120802,6.469298508879408,5.444846835947538,9.17240462966726,5.627668087876146
-5.4805879199793255,-1.1648766662564642,-2.1685743371748245,2.6969378587142545,-2.0393489319197884,3.6868667373764574,7.39170205702177,2.9057843670194736,8.370881331923455,7.743445486513161,10.339327651236232,7.023389348598416,5.654220249601004,5.96821154851005,3.372063950622187,8.565419439583453,7.198537214856349,8.688665834018868,7.556621934239967,7.538605834190013,9.423233174283128,7.54023022525508,5.867100868882552,4.3040078865505755,4.914670068670269,4.932468639779589,4.401802111043819,5.235782908881028,5.82041047269584,6.3254824776615095,6.191648373379436,5.702415103709262,6.601861200135323,8.021708649295604
-5.834502929085615,-2.1386195727186252,-2.02300343193924,-0.9759926644443707,0.9985455944810548,-0.3899351330732862,1.587389541001143,4.362464928906093,5.523063500528592,3.762382676452423,5.537323059223223,7.683496320052065,3.772280850652531,7.305706559775597,6.630082860575658,7.834623387846901,9.819638177534939,8.575109004809415,7.619076216293531,8.55823341895028,9.160762071925026,9.176879929665409,8.971880635702766,4.457966897020775,5.1249131243967,4.007822497585082,4.11471187857874,4.277761544180109,4.612604353487381,5.858172044494986,6.44899404513299,5.535276987410809,8.190627386477559,7.236174930766446
-1.1743256735030394,-3.166707449811907,-1.7081159298202901,-0.7550729241992898,-1.1598707991477395,2.6422378130225015,4.3922498742923635,0.6367565360321853,6.828148515241265,6.720707471094709,3.5716172481630495,5.457849732880673,8.344218451604975,9.9740721266359,10.407751639813535,9.239126687876224,10.383000887824535,10.954237762999227,9.687849173505311,9.485766750820265,8.316639346271261,8.908175726751173,10.242871022243474,6.444341422112189,5.687920379602219,4.5669068996951525,4.014592918490207,3.9886968516686143,4.866742965806129,5.843882340544924,6.338506360996247,4.993180244879047,7.3590232096799335,7.623902417498124
-6.8382228907981535,-5.049772675806943,-3.082108448371939,-2.093037038100205,-0.7803380254998582,0.8926307736822328,0.9751922066371906,8.38494324941915,6.544682190651308,5.920329156802182,2.515319287081355,2.900746751221869,7.076422049059812,8.079449069329899,6.781698741823112,9.709194196539936,7.9349125289094555,11.739814471576482,9.760703810350213,8.814311575222735,7.366032740515633,8.642931684024951,9.298904975864733,9.127416083586057,3.400244153390218,4.285664452756353,4.025999760613038,5.3867896902711845,6.389634794545292,7.667218056575762,5.9188547396723585,5.318688471200234,6.174212753929406,8.426217111607407
-8.159046445659571,-6.6358153500917885,-6.389353818453974,-0.21694198696206365,-2.5381461887146246,-1.3546805780149132,0.4692934017552755,9.743155262373223,5.499648780212921,1.8379349425255016,5.694004045561695,5.160371318582286,6.280393899419011,7.009059000418232,7.242728672565363,9.032524509119193,9.492695405805623,9.270569848232721,12.27232365132391,9.930963838045743,9.965927140895989,7.449740944503082,7.9948743827838635,6.950505092305835,7.592819569847309,5.454263266166764,3.984266665072188,4.434332392828898,6.227070060590829,5.49419573611068,5.283454451092239,6.68102928844172,6.354859340520785,8.179085845886513
