script/wind10m.json
{"header": {"parameterCategory": 2, "parameterNumber": 3, "lo1": 3.000054539987559, "la1": 64.9999836372058, "dx": 0.5, "dy": 0.25, "nx": 34, "ny": 52, "refTime": "2025-05-19T16:00:00.000Z"}, "data":
[rows 24 to 47 of 52, columns 0 to 33 of 34]
-5.307093496021612,-5.538372042959664,-5.456928443793301,-5.082186618995731,-4.596924076575669,-2.5789808568463544,1.4193375211935764,-3.40712624698522,-5.748835933090121,-2.960449361004691,-0.7333093097536847,-0.5822024873929967,2.6750884370398107,2.4375776387549695,2.961787523831153,4.158725406011134,2.060323203566753,0.3947340765673363,-1.1559228965966943,-1.2110523208184876,5.201636752470097,4.7596248590607395,1.4666287040781358,0.03081238229398539,-0.3473563384355407,-1.1703494489103852,-1.371623674245257,-0.7065076699176394,-1.200499453367002,-0.8370361682041346,3.2403405116493245,2.8068505173940816,0.9085978483210423,-1.7600027339812687
-4.987652636503845,-4.686426653202198,-4.763202313737102,-4.4266986105931565,-4.503969958510419,-2.3887134643413472,-1.5281755767979655,-3.195997664712016,-3.5241052484498168,-2.829259870005168,-0.7817334128423494,2.301808523570455,2.194325240157344,6.517586273288058,4.880161237060201,3.7146213409626805,1.3525739156191994,-0.34017580473519604,-1.3543134740617633,1.2074042993186214,3.8029751487390953,2.550692639509476,0.02663116169496765,-0.9235089780724395,-0.9923247276066864,-1.0986864094351807,-1.578919715123971,-1.4712121600695482,-0.35021418677903404,2.0453708895232494,3.5890278185312603,2.7517720387229643,0.7308170504128878,-1.1408559036588581
-4.041875775653999,-4.094118447524312,-3.353981391611851,-3.175919122213454,-3.1692946843396954,-2.7561677822217074,-2.5506179515879017,-2.212444380471882,-1.8121805775945794,-2.332544135918464,0.09339998276274204,2.060043449021995,5.725322615901552,6.482492150771886,3.935583648112071,1.741678593182474,-0.4224515681008699,-1.062944690730694,-0.9450230129430053,2.2209982425897126,-0.1601646340631843,-0.29703773337014566,-1.0972434148038075,-1.4724187933884658,-0.4222605300983337,-0.02287053618256644,-1.6138942033710066,-2.7860947875717956,3.791385647468798,4.161716174225914,3.1578641984975633,1.057452788594092,-0.12321452635714526,-2.1205804476623156
-4.66014839748386,-4.635931161432975,-3.851069519382271,-3.3356907674545315,-3.052419519893054,-3.180123510380321,-3.557841127202862,-1.4696831016896408,-1.9085161483896211,0.3090836320858419,1.9275237034090136,5.469226692731232,6.316550775034612,5.557940900191423,3.0672468456009905,0.6352975447570387,-0.9462998119142746,-0.7978796855831987,-0.8099937131324403,-0.7241688755642517,-1.4164320870066607,-1.4077006187444456,-1.720990988790544,-1.3568352609193672,-1.2859373220133037,-1.3327749609336734,-1.1513090438153801,-1.5131445035397493,3.146262437011616,3.4064035092673492,1.741505694564784,0.29925015188097076,-2.0005071240041614,-2.611363648873119
-5.340872645193131,-4.938734704087864,-4.707070395283287,-3.888131743857079,-3.536211833832771,-2.5586287535669956,-3.127524920866344,-2.860603202138033,-1.5634648274472907,0.9699091404658078,5.369172858042974,4.308316001866849,5.404406568857296,4.31247422248858,1.8030950193708808,-0.45527955867482234,-1.4565843380153258,-2.466297633680168,-1.075593360863627,-0.9115656832894737,-1.635213223363989,-1.7774217188357033,-1.3343306579260417,-1.9018344450830764,-1.5609900624707291,-1.6884102886093153,-1.3415724185781792,1.9560487413038385,3.187419041383014,2.3644561296829325,0.7378018715112653,0.7294590283874092,0.3242804316006316,-3.539115806244323
-5.4760675594746555,-5.100259448764305,-4.263868902915326,-4.090584233027096,-3.410648716597054,-2.453468283343575,-2.8889966961331304,-3.2364799702906226,-2.131186920278472,-0.365734771156692,0.7749021861997055,2.0738806981720197,2.6950574114410992,1.9960833013075931,0.5855042314168117,-0.6837719011323319,-2.099239973800952,-2.342585226463244,-1.867388245669089,-1.1453824705955593,-1.9375130691255347,-1.7669832417555968,-2.1505922594886937,-1.8855730939734383,-1.886832605309114,-1.663665564261263,-1.8218727879471561,1.680664688646458,2.1302831411406493,1.934125111572192,-0.011466771500118222,-1.9295829735600678,-1.7850689972798797,-4.223141753531218
-5.0239087937557905,-5.078687726798125,-4.16551951569696,-3.326954334970705,-2.54346163934681,-2.300396975240264,-3.1971470930242325,-2.537118637037616,-1.828283039951055,-1.0645452281877779,-0.4973737412235546,0.07999317004826473,0.20871979012726405,-0.07265920069264024,-0.8755781768330345,-4.091691493897357,-1.9769693997788342,-3.2837034217668126,-2.0167609728872513,-1.8482764204358726,-2.253638300666785,-2.0281730066062753,-2.0042987561017265,-1.8437578044218186,-1.7629520724851084,-1.5067575608089212,-1.9449020409118523,0.7378785758993299,1.4649815134283035,0.48279733280754383,-3.4283165764053027,-1.7087286179190397,-4.698861387928931,-5.532823110687465
-3.8003599834607398,-3.8115995139579484,-2.494600217859104,-1.7317906615759555,-2.183473626423151,-2.8974742207706985,-2.164019238385802,-1.8385703245557226,-1.9171944337390918,-2.1302592351087575,-1.5454892452560056,-0.343935939019499,-0.9278891925248639,-1.2209614555653634,-2.7769112148931168,-2.3230122412207708,-2.641756660301964,-4.382986874034566,-5.367198183919564,-2.2033267684711633,-1.8468192505103098,-2.2538479819886312,-1.1964206533952593,-1.8151080277635379,-1.3457278910341148,-1.40120891700296,1.2041756450886218,0.23705862495842767,-0.2732215112623025,-1.7696902230478637,-4.239152049672385,-2.5870620138724902,-4.656122986094502,-5.171932518200399
-4.675457605607976,-3.2775970126968565,-2.55015144567814,-2.3319545935652424,-1.2297568014451583,-0.8097589736515339,-1.2845659361606574,-1.7468762080770721,-2.192765423796513,-1.874620048387904,-1.9513114712666322,-1.3970765288054956,-4.146702169228597,-4.4601121569862325,-2.9156498745037176,-2.734853997520088,-5.034942606944934,-5.32208098079095,-6.557950222657079,-2.6118616066413542,-1.157448153106649,-0.7971922118434123,-1.946394396990584,-1.430537473998838,-1.6466182821608737,-1.5555750422670434,0.25193815897741173,-0.37370074075612963,-1.8464516073148598,-3.228354946348269,-5.291118453804753,-2.4129100150471965,-4.779742308751776,-5.519253050703611
-3.6818225115768635,-2.8748143592721944,-2.112312931932696,-2.2998039669669086,-1.445659278110706,-1.3452373382968468,-1.4758966711161237,-2.1310910846779074,-2.6311844688528794,-2.51766503425585,-2.210980275479476,-4.4347216466573105,-2.5910830150672464,-2.5052774099309247,-3.7137178587621675,-3.2024828522226505,-4.882442478786002,-4.524062296342038,-6.614308770888618,-6.915415472902008,-0.7734961372899263,-0.6400997961155526,-1.9042265459308723,-1.6474428187972083,-1.6835628128368398,-1.543448720252759,0.6159556728928645,-2.3719985708403164,-2.3600635497702056,-4.54097760899636,-4.346971294706703,-2.7373583561692465,-5.640325152812551,-6.81069127072847
-4.727683837585466,-2.9041507089394347,-2.038342461805852,-1.8968328518400004,-2.039304790762105,-1.972089003088336,-2.7210026667249276,-3.210018223003076,-2.558513033894351,-2.702910520656917,-4.300586267265189,-3.0314477056310585,-2.154537085669296,-2.856691131610953,-3.8027776426174005,-1.9542552113180776,-4.960002508370392,-6.023091109516935,-6.943040596577437,-6.951750813440812,-3.953868296955414,-1.701742074047696,-1.6772103384795896,-1.5626999430296458,-1.4310955638074419,-0.9470446252705236,-0.49225387922066616,-1.4551370179086296,-4.108859404032258,-6.204784051428096,-5.652792116081725,-3.6664442015127188,-6.259749319521861,-7.200841708414215
-4.005281240009921,-3.809844108505339,-2.530618842489631,-1.1954773306373894,-1.854215073980449,-1.9457286350423852,-3.9281610285212776,-4.180592668688406,-3.6227802448995163,-4.096484974197689,-5.49466898259967,-2.97066563208523,-3.6265697198253664,-3.5524302865502517,-2.6461028581505683,-3.768765300915308,-5.836262741626599,-5.142545345865588,-5.351869958249303,-5.580507333246268,-2.6508184157700843,-1.6699010114593447,-2.0586272941270343,-1.1945958140149706,2.20002740213584,1.2154566939628222,-0.4741339129639098,-3.8685344175859098,-5.063961404273875,-6.274844959895777,-5.101983781259454,-4.366005324698928,-6.380370392650133,-7.55127728419065
-2.4452427209514775,-3.1108119457879413,-2.770543758219609,-1.5797509042014521,-2.7229573450341515,-2.5901161839332154,-3.33373405689775,-4.286938550219766,-5.5187574046080305,-6.39541804529528,-8.015408670982444,-4.241175882918392,-3.443314140261551,-3.0178233154253475,-2.1515085947751738,-1.7871418170676012,-4.721371942667377,-4.67909130533728,-3.489294937141185,-3.52358799517733,-3.5949215244560047,-1.2960336673452226,-0.576199130609579,5.413569271918598,5.61885813954063,1.5604498466324523,-0.6943806752697615,-4.071384858397222,-6.1157883565046856,-5.363372022484378,-5.44224146264607,-5.94073895078523,-7.115954138739607,-7.819559935060883
-3.060143300338175,-1.0136772592544785,-2.5018763547777563,-3.1328779195476817,-3.0595231534562997,-3.7574768951435953,-3.8042681555067235,-4.705797804216361,-5.593480092046466,-7.277870892558058,-9.143656793019318,-2.466775910255682,-1.94471551557986,-1.4874179632576452,0.05223137160464218,-1.6395093926934925,-4.175691791883821,-4.219056579542306,-3.441707972052227,-3.275832913993048,-2.868973306036275,-2.8637915675420347,0.9668415564346264,6.330206636447314,1.7216745279922423,1.1697217447277228,-1.988959403775944,-4.436139096402031,-5.363634009585444,-5.713411854854246,-5.4087630118182695,-6.904946421855801,-6.5213137099021905,-6.726381362305725
-2.464367725134195,-2.0623447842472946,-3.073922147552915,-3.5963437994700764,-4.356375958509895,-3.790895762011413,-4.183941724231034,-4.725884822067171,-5.954645128186542,-6.928823756438159,-8.260156077462662,-2.378893040536723,-1.690037235106207,-1.8258280826676991,-2.057728993946766,-2.238624651525722,-4.609504194946357,-3.4620099879635036,-3.7291192760544996,-4.468754002576144,-4.912920036155141,-2.343764571126584,2.2469820475474296,3.2077081224899486,0.9565560311491553,1.0457603798649777,-1.475218066651512,-3.1769592520856453,-4.597560756634993,-5.70368516153006,-6.154560697384285,-6.521273823094278,-6.163876678857579,-6.4613595291861
-3.1876472070179984,-3.615190185345346,-2.8638180024613726,-3.6359790205282865,-4.983467098159201,-3.8305366353802057,-4.448576726530035,-3.6005870852399866,-1.7277140020052226,-2.2712348915394847,-2.517464718641594,-3.1175902044313077,-2.7058704443414823,-1.6802488584504274,-3.2301470794974807,-3.697623345407116,-5.125923101119472,-3.6342646630661686,-3.238550385837885,-3.7679758577370404,-0.056984054460263334,0.6847101651033846,0.24392623316532483,0.5319528977466079,0.47452633314322634,0.3591710809886092,-0.8657879134587186,-3.372631125276518,-5.617852945102692,-5.5035611018638,-6.422307396074362,-6.168364970867763,-6.317189755760348,-5.653283596338353
-3.591758858134995,-3.337351926412993,-4.174466806150137,-3.003445855567153,-3.7942918405983788,-3.8983181599692034,-4.6809397987581685,-4.389452802421394,-3.8264792913737753,-3.955281367786867,-4.645937629331151,-4.561013771706543,-1.1334614299059889,-2.3795533870563075,-2.248659272730982,-3.4968223351510113,-6.331337776545547,-5.0300272772353765,-3.318418386726447,0.8341554577274126,0.45095734353081013,0.02378220361937468,-1.652907139293164,-1.8040311289582291,1.3008277470988112,-1.1433697207014188,-2.082174799134063,-4.693091323616294,-5.042480096233593,-4.239834094077686,-3.363011975455477,-4.582022128601222,-5.422614709603432,-4.909561082310384
-4.391896836665646,-3.9790993004155557,-4.615757392144195,-3.265919620007869,-2.8541552714698475,-3.4377917368657998,-3.7825608601838865,-4.8830638076096635,-4.681776175159288,-3.8560348745764284,-4.5215195729917035,-3.459454538565396,-1.1581310647382947,-2.8642039865841995,-2.7352253600513494,-1.1155154609448865,-5.554957001975895,-3.5150927912459826,1.517178093528572,1.7828690134824063,1.2796899188303232,0.013195967855770038,-2.42147667127883,-2.9244046731274578,0.8505503793554647,-2.1704440757038106,-3.489493189161197,-3.4277096177519524,-3.0648183842060166,-2.6788301939665096,-2.631122652750931,-4.719448155015094,-3.9322296943107165,-5.141876777063303
-4.903026199070994,-4.79029733348807,-4.1366617622919835,-3.729864756929786,-3.0059255020013502,-3.215571254443595,-3.7386446724983817,-4.254119408998553,-4.182132561208638,-3.478292317682993,-3.5979323789526085,-3.945827510941925,-1.7084977876366536,-2.107854192727002,-2.6249538376500285,-0.9436805526423883,-1.5032818390015346,-1.5340756607485042,-0.5249662037854071,1.6265825560610587,0.18899402358568707,-1.396186856097202,-3.9202810766235405,-2.7458388496246764,-0.7423032304100015,-1.9894828759204066,-2.2299752310967573,-2.052538074287256,-2.492552264833006,-2.41185048751547,-1.7394187228298874,-2.4091332082573755,-5.189232246321661,-3.866656409301498
-4.260198431502267,-4.91145812563402,-4.321977412527476,-4.332796764207141,-3.835525288790609,-3.4122518157433057,-3.2580654354364644,-3.8811494072335098,-3.2656188185051165,-3.569893206737412,-3.517979656151738,-4.251780769894934,-3.705746036991895,-1.865404227124373,-2.3551040543910617,-2.60065829455729,-3.0114840275174726,-1.5219359170483757,-1.741812792213426,-1.419014809729712,-1.6728943211953935,-0.8362169244319639,-2.2448331284166274,-3.939524324046731,-3.1921317546352643,-3.0225457095920722,-2.4681857080849983,-1.846806932000844,-1.7315379510419802,-1.760395154069222,-2.2036244280540767,-2.3992896782819413,-3.6378418503841,-1.750757919057388
-3.779714168229312,-4.739235997702223,-4.588149735355478,-4.51166378414892,-3.878216589418935,-3.781548287708856,-3.456404412906102,-2.9712769491931286,-3.146814161716839,-3.758978118772102,-4.954810341425321,-4.414702922847469,-2.5489046380453155,-1.5127253885482455,-1.898621751585775,-2.339323035221311,-1.2054462071695347,-2.4669658691681136,-2.4698062164856553,-2.3076486098064266,-2.2551050381352065,-2.642477288124105,-2.838908520952381,-1.3025295838633026,-2.4287574428692524,-2.65242132219006,-2.3697254213943864,-1.7120992763842104,-2.8280850040560686,-1.9324656690663822,-1.6097198605606886,-1.971088632772732,-3.265729336560851,-2.484369660811457
-3.8508509909624395,-4.1816743541363905,-5.029418969134741,-4.4486178389432895,-3.9750435947690397,-4.013645863772996,-3.3675461639938904,-3.136478475491996,-3.094561925090558,-3.1761006929455706,-3.848233650975626,-3.491334750551478,-2.6553265035258575,-0.3502016136984273,-1.9160217485093929,-2.9431646262794375,-3.038118952865494,-2.9573866540748712,-2.921860979287883,-2.7210170473157698,-3.5379229511965495,-1.9835715570128305,-2.4351804017518064,-2.7298664446046224,-2.6090149910949982,-2.30422609833711,-2.4251181882548165,-1.8697828379712578,-1.5682595290872876,-2.015251977780872,-1.5934785626907713,-0.6001708012995778,-1.7867555407728781,-0.6352873331445453
-3.9016082504923864,-4.303272292837836,-4.610113696904069,-5.186702072944714,-5.131574584189221,-4.096719883933993,-4.52473424579733,-4.600459043103439,-4.454342257229983,-2.3196213923175333,-2.606101349330528,-2.9490785165664017,-1.6220600819387092,-2.0897126674584596,-2.5195557553477386,-2.5508579819912955,-3.3093091036073736,-2.9541446790127805,-3.420283186024851,-2.5242576992262613,-3.7597273910771776,-2.8157207303912326,-2.4131707090139125,-1.7314946870248953,-3.656979357640211,-2.429091491374109,-2.0250817065519633,-1.8878333279519905,-1.8962779909243992,-2.7329924121059315,-1.4355985911864877,-1.1579011440262517,-1.02806481392615,-0.9609944668150269
-4.077983690650764,-4.293174892847708,-5.299060431220622,-5.406863612082177,-6.002729687337296,-5.885066148421091,-3.4665392831861594,-3.582381832612776,-3.5036513577230455,-3.240303905924684,-2.232957114825913,-3.2986797402320205,-2.8742611358944323,-0.7546224877394624,-1.4759734766828272,-1.8869278292286569,-1.7162473568636822,-2.3842014763517905,-2.70645871433747,-1.7516194313405655,-2.2463467408111346,-3.2630572342371402,-3.7952438685632175,-2.3277178044349887,-3.6996878021251827,-2.4561479104004804,-2.049285954384284,-2.8637992415852107,-2.768117372930302,-2.202191907838082,-0.8368714332013737,-1.0990940832068892,-0.8686295501390313,-1.3130379457878678
