script/wind250m.json
{"header": {"parameterCategory": 2, "parameterNumber": 3, "lo1": 6.000198445256149, "la1": 58.999992894266676, "dx": 0.5, "dy": 0.25, "nx": 22, "ny": 24, "refTime": "2024-04-08T21:00:00.000Z"}, "data":
[rows 0 to 23 of 24, columns 0 to 21 of 22]
2.2255144181303512,2.8426012782167995,7.061079521866203,-0.06489603241643217,4.599371927268238,5.451486068877949,2.75869211041552,-2.2799057439306685,3.986270891378439,3.103826832472517,4.217542367117784,2.7063835811936263,6.709448710863586,4.529064459528902,5.272279339357537,2.3024796762528372,5.411497339958364,9.039090259188699,6.582883865872172,3.052704679543475,5.0346170002612585,4.722999321864135
7.183425701652496,9.313660471498373,3.2178735414034496,4.306736096002524,2.6852354613369074,-0.3851956870778701,7.52793325892555,-0.010693346582782285,4.953717445685757,-0.7740520161398885,2.298974647678392,2.315396715804508,6.928715120305131,7.722762707255811,2.2190500498438372,3.037085889003546,0.6902585048132581,5.214771488406525,4.047813892634481,2.7400520905256345,7.044889474364718,-3.7130050658782547
7.013123461280368,-0.6527714474134066,0.7158092310745189,-1.057807778899719,2.1802403147800424,3.7437330570329648,2.9361606924264763,7.481806912197431,3.3456249947852457,6.103009787298433,5.7172548229665905,6.53927869667499,-2.7486919087468804,3.52091342948844,3.69320834507437,-3.449919068383941,4.3754093935147695,2.1014387112534876,9.475221359671119,2.750061734885382,2.1624136846000246,3.226905165122678
4.4147183047402825,-0.0130343780818396,0.5255752009435415,2.4174582113616587,6.0282181294633155,-1.220586822558668,1.5874287246766206,7.721580471210025,3.9724722320205674,6.9686868311779095,1.8537522446891816,3.201180469942463,-2.6645004954726983,-0.09423997664151196,2.035752091526736,7.070716498164534,-0.7926085377326189,2.3918447474812923,5.634951700326957,2.7270649609893423,1.4222741817826328,-2.174454681014117
2.614119520278945,3.2734087308205755,-1.5375700901085225,3.319880595825713,0.22692830714316595,-0.7058479167939237,3.149223689452979,-2.540498770862827,8.220844264072023,2.1667409911659408,4.146710533596948,-1.024777281574793,1.2685111712036945,-2.926227827786363,-1.1911689248601187,3.929307818203845,6.411363594496946,7.064627748305857,6.247247560710023,5.435595104534161,4.469448967628581,1.156475276476557
3.6969359930268,2.0079641892319295,-2.3242238835324773,3.3788632432966077,1.888635515164197,3.8196179524370164,0.17274024385208267,0.9334738706595547,1.1694462833508152,5.343511097452612,2.441785693166953,0.20512744462449867,0.4757426089098446,5.256017331186229,0.9071184720226425,2.8241175233276237,1.9544187849407912,6.6550764143559755,5.060447360353888,-5.502614612033315,4.156107465255621,-1.4291079191880556
1.8938209279047875,3.6023463509585674,5.485896180235645,-1.0724281880227557,0.6868374104653795,-5.87878851118387,2.308331642561443,9.822202758557918,7.866964725460406,8.29121056516819,-2.343686833051967,0.13144618282563972,4.427405520633862,5.732610673274555,4.734363386526143,8.442576850279762,-3.842227224490163,6.064592598099218,5.979339226288134,3.3340341153995965,3.4108517657731277,0.6727247844573541
6.2785869357446895,2.7869444058449733,0.629319562620441,7.455079741367646,3.9064418456827923,3.3509745393008132,-2.634199154934257,-0.39170567845086485,2.425612602236599,0.5507951865825289,4.304265066705207,1.1645997033643518,4.75084434538337,2.7987671378990058,3.542988376947296,0.679808680810303,3.908297046762122,5.3483151364149935,-0.12142870843005331,3.4395237473747713,2.974869481305294,2.9740455462898607
0.8501893521386531,5.9370009509377155,2.5756226449151782,0.7579936643275067,-1.8815698522463444,8.205490272101104,3.2698246022482502,-0.261014119910878,2.682781663946372,3.09265339885824,2.427682489788401,4.508349321727936,7.103212856659878,4.502046871813821,3.0320073659522913,1.7551880513193687,2.84432022844892,5.230137392394208,6.979282844279413,6.3072125611893854,2.6925543058285766,6.688500388044434
4.342614916896615,0.6844023310771435,4.45463382173962,2.0101007323805478,2.716741584291109,0.8376996677439196,2.1108502011038515,6.975115902879406,0.3937132101112291,3.143560384170617,-1.9624914313553234,5.767411030186661,6.354676161869527,0.22024228493077794,3.4849508261626014,5.891097053993109,3.038666751317842,3.6581088941186195,-0.07237756281406779,-0.5185690325959428,3.9423079919761554,2.935392112558949
8.797503604791588,6.806687195845639,2.5921233338320047,8.467548835377537,2.5782772786518677,2.478803067485597,-0.4736569868034731,-0.027643703575631177,4.489067699643655,-1.8016872466900424,3.058803952912738,4.5703795857995555,1.69788284020494,6.529831311812253,4.237146248410216,-3.0919296637902143,3.02697270020708,-0.40173410870556897,1.8571357739110823,3.9324710645169763,2.6873477926914537,6.895414938760484
0.8429145502667955,1.16054520167053,3.421288893065125,0.5867912159088535,-5.207831621219437,3.855730858149944,3.574870239681765,3.1853756241768965,5.3797449811417035,2.1693464997442646,4.2426874515899025,3.346946648350219,0.29762647070721365,1.7939023079498557,2.9404461648755067,0.7091332225397418,1.6530017912648327,7.257643481694818,8.096985673969163,3.7230409481645452,3.416118181237839,3.9262480463446052
-1.7454121176604467,6.8395950020818645,7.679189101710508,5.549502061632135,-0.6108390250616914,-0.6920526625228998,8.57392784137281,1.3041469610809113,3.780679952560176,3.2899222079217854,6.974022943154621,3.8162578407431824,4.991535857763536,4.946229903696816,5.483656188803925,5.769906181226735,3.70442913362772,6.454693422359565,5.172335511658921,2.6549844428701506,4.61913193480097,2.9465527126518314
4.236963497724478,2.8948108925768326,2.665664071753181,-0.7748391610484934,7.6293142350169205,2.5850793955694957,3.9435428335968674,1.1046206471074127,0.9549286628423217,3.5098989968225145,-1.7533200424419408,-0.8625454797437688,0.7601935462521136,2.4468751526323227,4.1034535296173,-4.492456335221477,5.001184139873172,0.7804340672925673,2.89646968394992,3.7982939632689203,4.372324158482802,3.040802930633479
-0.2723856012733872,2.802011557967357,3.2576088193113537,6.322102077353176,1.5900839730881826,2.92916987906036,-0.7933049485537231,3.0971299089930655,4.87049111032919,2.655915322636841,2.234107846610128,3.7384905649937252,3.5835654051945585,3.7558018640563278,-0.9166151602240327,4.8621496675840765,5.402349094684558,-4.588993693372299,1.7057311176067194,2.3825724373785833,3.069321906844776,2.811364690719523
4.312117194949771,4.869892194706289,3.9765979726925087,7.594654823880167,3.536600093704575,-0.6772909905268268,9.283465157200782,3.8680016630983793,-1.5174192104013202,3.245190523718862,3.3084005665401692,3.2682799587736695,0.7616400922563826,5.061147857547805,4.102212722304169,5.572204134320549,1.0578557735250975,3.000837548520616,0.36516121374121296,10.829074705398789,2.91009357287606,-4.6854268759056
0.9746052040532706,4.275772841856979,-0.5397694192887432,3.520823311574842,2.028710812930062,3.1876288093937495,7.909253126328905,6.27978687526686,4.706881601884625,-2.158601823905404,6.29886634844986,5.340921636047686,9.119182644468214,2.5035930048899995,0.8595616031961785,6.081283110820536,4.590088245905571,-4.08816443567399,3.7390692472142346,5.156680848749466,6.471052283174325,4.16741153931062
3.2381892052524477,2.2181214707679167,7.01363454332505,4.199949172983952,2.673397092169991,-3.1828042185826306,4.569683279709433,3.759611147435313,-0.5197231616472174,3.371472978565387,2.186296775443043,-1.9781577258726508,3.9198077070684447,7.402650229845007,4.777910332377158,4.995346281747774,2.4802266871659686,2.271711230285965,5.526470141291305,3.2349073576173755,8.381008397878043,10.038496765141305
1.7973033704917811,4.52175841241541,5.989843943506015,3.900892682461374,7.3191723402374835,5.982126107997612,1.7199145284193957,1.3005400305081392,6.5653151922227035,1.213405894017125,6.050844891521884,0.7196251522559778,-2.116327603870456,5.080151913402098,6.074599525043487,6.5631994349105645,4.387334197623016,2.294801500894327,-1.2023293027397017,-0.7654625889754058,3.037559295632876,3.075387233950272
3.0442856871153197,2.626880750623257,2.9093474481008315,4.2370106394319755,3.7269128296354634,2.380005142120723,2.2857682045851937,5.685295371865316,5.16165128465791,-1.4498633862443446,3.725384775606933,1.0073649985890414,3.5989670986527176,4.18737920927893,7.854824890895716,3.7239316818365666,0.1404207835636303,4.019870329378468,-4.438726422687491,1.9603033590093653,5.868165234728416,3.3831996207091266
5.177345174151134,2.8035177206776924,10.201532082297879,-2.3756303348599066,3.3850293855621665,3.5259223634415635,2.0087367167212475,6.5725353478114625,3.3910411403543663,3.3083746962148752,0.8145871359069781,-1.8857480575322847,3.1763512514356917,2.5150769272544546,3.0639398545026864,3.6420442526073655,3.0593294002589926,-5.505599336472083,5.684641797115035,5.364314274835698,2.9755403945097423,1.260741105956914
5.123223694742483,5.429327102508792,5.186069147703382,2.676338068185996,8.481711727872181,1.8120173302764693,1.936842196200472,3.848603745647013,3.2737137554664684,2.436580946172907,0.7555273409105248,3.9446627240302936,6.083222630711087,3.8766506954854245,4.30247032448668,2.1383224049491325,5.258934982899272,0.1806161150225958,1.3597756674603099,3.1037672390737083,6.509775432227953,-2.5726213810215253
2.708299078138306,2.2270278595246564,2.5809351681957464,0.853146276067541,2.5621026375304456,5.90291820008899,4.9007385615889385,13.041905625905224,4.674053721614903,4.65767154847152,2.869122792772495,4.706585325928371,4.90930488049841,1.4078435682090584,3.3511261979569453,4.003318505964894,3.6559430479234027,3.9897076374027756,6.007647379484788,1.9633903269833082,4.482206118192237,3.996800247264587
7.41227413917232,5.388586033948669,4.51020749451996,1.6645599134661941,6.854750626280772,6.433098311324781,0.32962266041794397,6.86632610949619,3.641997329230827,-4.731497588447992,1.0785947189638196,-0.7987693108122742,-1.131603992339626,0.9474525362083996,6.099515404902752,0.7010435267827514,1.1261359240109814,2.016422631533783,4.030658015237064,-1.271696366379738,3.9652632951195406,5.351432459151058
