script/wind100m.json
{"header": {"parameterCategory": 2, "parameterNumber": 3, "lo1": 6.000198445256149, "la1": 58.999992894266676, "dx": 0.5, "dy": 0.25, "nx": 22, "ny": 24, "refTime": "2024-02-16T00:00:00.000Z"}, "data":
[rows 0 to 23 of 24, columns 0 to 21 of 22]
4.836742886659242,3.9010257041642697,8.582357393610494,14.332036920282137,15.05505486580694,6.659659871043331,15.090823347773764,-5.441450656121831,6.806943826222981,6.505068968003976,5.077225215729859,8.535399618811555,3.726838304404802,11.461284108636415,3.5156084103685665,5.660388459461686,4.685139381873546,10.112721757620703,7.538436411070533,5.856461653250783,9.185770113548395,8.517491153579686
7.084406782672782,10.186221484863802,5.017641764695231,10.958741334026998,9.870966147006989,12.550225725522894,12.992318902186833,8.598949675291735,14.044251119551959,14.785934148189014,9.205228291916658,8.415126015723452,-7.656481050380542,10.62778376361786,10.236925343202703,13.256219237164023,8.34772539485988,6.139167238132249,2.7225669687629726,4.227322614628252,14.056723784495658,6.5720667400134625
3.8025922968630983,7.537410650407974,15.29042943409272,7.17979945381858,7.356621176023113,4.257301081287013,7.98481567941801,2.607776833062798,6.794298272300111,7.9105453107791766,6.19905383841289,-6.283809698921183,11.150057625899764,5.826612031184424,-1.345705640467081,4.750112424653466,11.681422492054471,7.41887000077584,6.566972937016329,6.790138507384629,10.624062711291195,12.293370075306719
3.895033535284653,10.07636046284146,10.686934115316282,5.8545642495011245,8.479031559085772,18.3395475043454,8.046233763337955,17.380381479736275,14.36545283155888,14.88359138913156,13.48755872695303,8.90623301192672,16.529040080654806,12.336357886646038,7.216598629516101,5.757835667373294,8.782786307030957,6.672379433563265,7.130922497623295,8.279049996822625,6.800928173384055,9.492434986099159
4.596788329713913,3.52817118181932,6.512033239981739,-3.134637102470498,13.448092427349438,11.44762967785223,10.911712525034698,8.095825446446526,8.94794252956737,9.097928749930075,9.366560556181078,7.309174147248754,12.09358867580071,2.581146573022454,11.464822867416691,12.78676415394098,7.610196852640141,9.08426955257336,8.826129968790564,3.4491147051130104,13.920544313719127,8.450890647450276
9.383262989856943,8.280227399625087,15.833456829382198,16.131432503177145,11.005431885921118,11.985303134047227,7.4555084765674415,-0.055692688666730626,4.643662885517757,14.754519122800712,9.759143184193242,6.499642984799027,14.275562969386026,8.421625352892274,11.611905085068281,9.402853628409117,-7.056851432265082,8.999837161374654,4.336860941650341,11.374988010331315,9.047958824011069,7.904688957067276
-4.091440139097785,14.79374611850143,7.093983602089223,13.486296842902451,10.613310172869356,-1.5782205435679812,10.369940627063176,12.112756533783601,7.7837097439734695,6.635719401213543,-1.5620136083834226,7.5457996616570275,7.949351915472771,9.406749505017531,10.709316347309402,12.474150990087187,2.8086404806585654,6.845221721486297,13.302488412851512,10.823381828334412,5.33881120066624,9.881312609471612
11.04560714350568,6.388836880101619,8.476432912553404,8.84315707702709,8.694136407002526,4.615250824698236,16.20317266158766,6.65811755414554,13.148476152183635,5.0666356799951355,8.250011783374063,9.017305491273284,8.620915199192737,10.89718570493307,8.285307868918522,5.818914913258457,8.5852091250153,9.38307057713409,16.034773089613907,-4.410330505378559,16.206244382762414,5.748491093122101
8.512301852699068,-2.883417444281718,7.063321392747377,13.644428983667646,-3.538805978739645,8.514598351177405,7.438990431139419,4.903275791291997,8.211825837417946,1.2995647388336533,14.680517035166737,5.476792149440007,9.724660968498966,7.317462258174512,9.784628961279259,5.720275210927749,15.318967780564552,7.845858110410035,12.041336741254858,13.264697757796903,7.6690326181083375,8.103567164428
4.264731387718724,16.712712586825226,16.82952502593434,7.285966706590794,12.892549159260678,11.278316827635074,4.923928522021328,10.866660475941503,9.852826645577327,16.738138094198618,7.038306686067675,12.335729884891435,5.6662627417134415,12.257713400876467,13.072534512233313,12.265076151304518,8.588319583587642,4.92156043632362,7.738353650318657,12.600014785786978,14.266832027013677,8.147446475502443
6.970576226758176,8.406105514286805,8.996428535310791,11.133108760060246,6.864921043039424,8.6936519205717,16.5342476699909,6.983043579686033,8.202517463033912,15.37830544127438,6.203807299809079,8.962344781042226,6.919339582714985,9.821881426419099,2.6872725422955486,8.558720457302254,14.909906310554206,8.25507959119756,8.228989062661173,5.880462535813338,12.248144534792399,8.487339376105464
-3.1913954045999584,6.250012549667512,8.31454771426177,9.689080514532877,16.549009801739267,15.06404764421866,8.158437248128719,11.067031531857237,10.022652403188774,7.239710811205434,3.9072171529625566,6.450429528987022,7.267249151526716,1.3728692696937637,3.701434108034617,5.0706689246412076,8.273391336638797,9.57719985101647,9.862311066834815,7.386073825743539,5.051322837605398,11.158433061474772
2.188585434993505,15.810576217999206,14.713573813583938,8.069332679403614,10.943437821359865,10.064702979491656,5.6609793802575155,6.741415677093583,11.313225024361493,5.673905121778134,8.917310845762701,12.581125252719694,9.199765116044272,7.2958001053913115,5.845956200980699,8.111980876987849,12.21457316731011,11.277137774289049,11.10015751449886,9.342091771442114,16.25751550223019,7.995639762483534
3.0425405270767008,6.464258825097248,11.41550743593188,8.025421400603967,6.538229626740629,10.118239070280065,14.8741753372693,8.708738216206733,15.285729452067166,11.585635952522049,5.367236336452832,8.29329039423612,16.02451145269269,6.838896338091619,10.200509729797858,12.91885804817126,10.345464975347419,10.618777709308821,9.597138528170856,8.915176183847542,11.794363158078285,7.935361572344908
-1.0704412046851062,6.874591912508839,13.947363293124116,9.918923556663799,4.340231707958056,14.34256982214293,8.394699326133406,6.913856092103513,15.48225055092909,8.210655956384688,3.893356348041814,11.150626780176477,15.37123417832887,11.3343319368038,10.47540643372714,12.814855430327125,7.996434409281847,2.8633785874780036,6.564663838122012,5.790422418254924,7.409274799427766,13.421179914786215
6.436690935079492,14.969785039563309,9.760900939874857,4.368955828803202,11.94737923657092,8.53134955395986,6.565899320843823,6.254188246178222,7.572042312205587,8.121686094468455,16.493258727075126,8.20818144937559,6.742638309848842,10.729177959464536,7.660784046275922,16.12689777783897,7.582321618900174,15.033875262267406,14.581267437545142,7.409513421493946,8.127613314892457,11.617897821065126
-1.7223610684899135,14.435805685784228,9.612770025389143,6.476486926392526,10.828726266216345,11.362863134347979,8.36389498166322,9.415655129485556,14.640473635977955,7.705069050433876,6.374156606791842,11.486634948495418,12.676436289816607,16.738812242047025,5.50010987158818,5.329047929262451,6.764108386779157,9.440363128427407,14.124491351056005,6.671209941074315,5.143257629865301,12.849011891959831
-1.0716389610472825,7.7781834562110195,7.163934978440125,16.28041493322071,8.267421837431034,0.9257364273842713,9.437057271618723,8.402157562781396,5.281994992072891,5.795576796862149,7.860920301746141,7.541242438350401,9.747531833152197,10.614383928057,7.928419283319404,10.92967853438962,7.774919462831515,7.3391718182450365,8.18818088358235,5.484064473476767,8.30543679775047,12.557673103548833
6.767016567177483,16.19477179134985,0.797056305317359,7.564450806126804,-1.836364592267686,12.292627746094238,6.587520508221676,13.675263062502927,9.335526513095688,7.810745765567508,7.484988279746724,14.019860597259733,5.105824237140726,5.542582784398659,6.410336056191296,12.297961731395407,7.9452178557090125,11.218296241958571,4.599756433008091,16.150368899181554,8.253839764634716,7.918113773165163
-1.02205776542864,11.287385446463121,-0.6317240655094911,14.077875209682402,15.351012540357486,6.472185207742313,11.43402653544289,8.115549596136855,12.7279062559046,16.965242093311257,16.02999524868058,14.608424592071614,3.6403871295447763,-4.343846780874893,7.423355279239168,11.9144731644929,9.238188237794883,7.53199151280134,14.039681899662712,8.179883195910183,14.905851938971047,9.67610344847068
-7.0472940554927295,7.762452902262187,3.8942067828087805,8.573888649604399,6.903080612941089,7.304130253129067,8.144196932340396,4.966477328724895,8.983975009084974,7.168075368055903,6.742028089782578,5.912223975156342,8.392341653715492,7.192648267436966,12.965911684825686,12.20529580991367,6.7444557780859,12.038821409477286,10.148947486412862,6.252828274206743,15.00220954107013,9.04539032549491
4.137450502105001,11.726407397667538,16.73264721817446,6.098952269386223,8.64103329871286,13.562543866023175,12.079540626309376,13.334064601656074,5.527939775508129,4.182614265733382,10.547450654256748,8.920306808588386,8.444407954354073,7.427146655908621,10.856866764841325,8.865765017948965,7.3381802234604905,5.655186627609414,8.984621074434354,4.261928268312826,7.800329538782299,16.187959944046963
-0.8157853011489871,4.332425364704387,5.324426229128399,11.197596656851077,6.270221928018184,5.695585258572917,8.467941666282174,7.389670434684175,11.248323444346006,6.826567831552122,13.482953620916625,7.982388351460554,11.563376704645147,7.821585725036787,10.011338841665328,11.017504305702136,16.389019258017186,9.520339112171095,5.375298558058721,7.419056369026646,7.199214812681297,3.9368528934443585
4.753863327969629,10.46888794948047,6.729144165597781,13.617947118949662,3.8480792929898975,7.851973299340484,11.03622218191015,11.460492557023601,14.229152697546295,7.630356220404446,-4.3393635030371955,5.077075664460693,5.613322387597561,8.756630858109151,8.672032410133609,9.95121644419827,13.030195902200077,8.832145879890641,14.398883155987418,14.607442595208841,9.189365236640434,8.72675454536377
