script/wind10m.json
{"header": {"parameterCategory": 2, "parameterNumber": 2, "lo1": 3.000054539987559, "la1": 64.9999836372058, "dx": 0.5, "dy": 0.25, "nx": 34, "ny": 52, "refTime": "2025-07-04T08:00:00.000Z"}, "data":
[rows 0 to 24 of 52, columns 0 to 33 of 34]
5.254028170450597,4.174739132313223,4.504764304119462,-3.4848807897378857,-4.626983705329166,-1.4237223493919653,-2.5702635710241655,-1.7185140673068844,-0.8274223876665696,-0.8066384995209387,-1.3936228628225829,-0.8880845177493112,-0.46348892770904965,1.210796214780175,1.8977278223746499,2.4512689942419126,2.920691623927203,3.0363686247499055,1.7616128308489578,2.607259895256629,3.2391269436618693,2.9730807346916817,3.791311198892207,3.8303417593193694,3.5840107467426128,2.467336881348923,2.2108761066180325,1.8937110164528266,1.9927174584024123,1.9545871150104515,1.870367408580262,2.635924458872854,2.3585252755990886,2.2095952545577777
3.560772569108135,4.487280960815084,2.5318236567881356,0.30773605162982026,-2.6937183361718096,-3.2102903841206767,-1.565100305303113,-1.1311955123152255,-0.8297522525070264,-0.061250839663674304,1.363412681409731,-1.203230018211466,-0.6786143035570519,-0.052834926492562495,1.2365938202235196,2.867338909246621,3.526808696302465,3.194678750547542,2.6455460117158403,5.237844742687103,1.7507612897980223,2.6730434864955086,1.6011148933186738,4.343647303598182,2.5931992421513614,2.283715697082943,1.8665752354785292,2.7531053294791152,1.9641465757290184,2.0249720437377725,1.9129098360467285,2.6060739404289364,2.605954511043089,2.1687673873778217
3.2822886669031175,2.5183297752260403,2.5005190853932366,0.2589551350684239,0.23657034578301492,-1.4557006709137479,-1.4846372263350363,-0.1852422533242574,-1.383423559747713,-0.31104637310422023,0.4713582718039972,1.9207092614427206,-0.38122462580485444,-0.11921452811377671,0.999182840375316,2.362665281201593,2.8377383280614756,1.2505001870588766,2.0036039531323038,2.454538820857278,3.9081689477967623,2.946579007544494,2.506144545321487,3.5256188117442573,2.7163108761713595,2.1525561664012747,2.6915264335660822,1.8572602426555636,1.886631373933319,1.9715815807366055,2.035780155916685,2.43840051123028,2.5904322050053823,2.536438570868279
1.8389892315940701,2.017841180086071,2.330352278691178,0.9634411696605041,-0.2732202097203762,-0.43125558706819767,-0.7424530919173975,0.13276314890587468,-0.05172939063675572,-0.7490365606919958,0.17473607148527093,2.352514849901458,1.0681696086010581,0.7039317476939364,1.341863200258382,2.9012550299335875,2.2960239118353565,2.182420852878044,3.147092002943274,1.8554012456077564,2.9666255350737725,3.972614621908157,3.8016642107215217,2.5003627315686123,2.551329327887297,2.8836689245665226,2.728228192216384,2.7292470933822894,2.2818804130170554,2.0403860681941124,2.2924041719187476,2.2041341371896186,2.1803699446209595,2.807043047376456
1.8692064153772256,2.2363951761982124,1.8162981774359817,0.6416694412800826,0.2720553148086022,-0.46441988116986344,-0.8419274119066203,-0.24628304625204542,-0.9018263600912828,-0.3238231068001199,0.17701563491459454,1.1572778392080714,1.3187526959058602,1.5615846943146718,2.1272095420219923,2.0868978113834733,1.9477161360458568,1.7866255436200307,2.814804205699288,4.616912826005171,3.7030995743883968,5.50701086647696,1.5428228813234,3.15044437059235,2.0279437726935283,2.491852526525974,2.652427820110054,2.3951377868808015,2.7012323676701095,2.5709449731454623,2.6622889061907933,2.707180980487917,2.2592187877826837,2.7334414738888615
1.1270494593873308,0.5580035365189129,0.38375701454021865,0.7473831190697796,0.4941821876170691,-0.7255523111147112,-1.1990766021915977,-1.5292473696610849,-2.0511631843617537,-1.1645379680346908,-1.4698231867373037,0.3809369231223479,-1.230890878980963,0.6837462231545042,0.5468544228288723,1.6302219987498503,1.514397120879284,1.8758171873996978,3.445263087702126,3.256046554020056,1.8032196061181764,3.2998490438987904,1.5804470150379657,1.0921878692202356,2.459667021882977,2.0962475677694177,2.390114960623661,2.6621884993177334,2.3267357831654087,2.620589374005564,2.5171330187961356,2.687475431801687,2.7357406762082297,2.659922170446184
0.9140775872939588,0.5229657026415617,0.32623635386548727,0.4793933701391543,-0.7732642738250963,-1.6713804402389556,-2.6200812276565064,-3.5252220151785285,-3.4780692586906734,-2.5823452170526453,-2.4270237122471983,0.08074264761672868,-1.8627338524598742,0.5382520104133287,-0.18134515472074542,1.8184325972692694,0.7007395862745804,1.6114536973909646,3.5872466067383586,2.9641624522028556,1.7887631721636896,2.2584777860954413,2.2577621820473306,2.1492914639956386,1.961571859426714,2.5680092390544966,2.720885781163369,2.4724197924099918,2.6191905443741685,3.1885227419827022,3.0042677444328807,2.941725994424856,3.0996843041650424,6.196855670274812
0.1104127953560162,-0.7431001861064034,-0.44598520812871273,0.028103675945842923,-1.4098260887388878,-1.9966158310001383,-3.6706352883621127,-4.183033590991797,-5.038568934195285,-4.832079824600737,-2.0594448770792635,-1.3237624170129678,-0.6007270284403232,0.6025396154875785,-0.03628228615411974,0.9688231725399079,0.6411824133415278,2.4356725089564932,2.7942373790682535,3.0156177651918177,3.04337215974964,2.564495666549667,2.1532429123931465,3.1218992403995003,2.11842139278388,2.2390672451334255,2.662131435583669,2.6037198944113857,2.824584267569888,2.567973750109733,2.931215092718752,3.160893092977379,3.746974139022824,6.656031641488453
-1.6940685726617777,-1.184664215547871,-0.819655453891151,-0.7025581246863782,-3.0105472143785423,-3.8468847046547365,-4.138519410872769,-3.308428404746635,-3.9156720232213726,-2.3186765419247264,-0.560731218140441,-0.9002326072354837,-0.4361374768759953,0.32923288917386784,0.45345543236653063,0.42428500913665546,1.5888259230565926,1.8736982318798,1.9755068130844307,2.54823855748811,4.987730773908377,2.921798265341287,1.319702876404274,1.7455201823239954,2.6092075823669822,2.6201995027570644,2.6724009960780366,2.296042568475865,2.5541001833403985,3.283192570063479,3.643085647635539,4.538344120596533,8.476187596117175,8.94431600403338
-1.5940293754151822,-4.009961317184852,-2.002057673977777,-0.2803366873251656,-3.4969617687235783,-3.9325432241788083,-4.158294180259121,-2.219125711428837,-1.8900682998855212,-0.7537732855545213,-1.1738830819514408,0.09017224158298241,-0.16000725420818948,-0.14988537306548447,-0.45897026777363026,1.0203696704729306,0.8267058250250379,1.8508468497719757,1.8142197240392892,2.135240953009717,2.6760878567489903,1.8334897383633555,2.3012874059308417,0.7506563136277955,2.3073428653665164,2.9390074116162523,2.621459345449234,2.7834913682786087,2.997300486584329,3.071932298309364,3.8056978258704137,8.185641344633868,8.151759229884151,9.176233549067671
-0.36173806238573764,-2.6142344363852312,-2.591954040151454,-0.8803261398812903,-3.2905014105102963,-3.870090093588455,-2.7511392387292926,-1.3784189656035124,0.16934788284003133,-0.3764183926743643,-0.019588495053959674,-2.0517011252200024,0.1968839399830128,-0.015276991669073644,-1.9434642521652732,-0.012504628942548213,0.05447645842821078,0.5754336605272938,3.01469193703505,1.677032601138539,1.68125526514914,1.896517499008316,2.5657603054336184,1.8520353965086542,1.8151432855814622,2.2556362582227503,3.1524629106791218,2.8432611410999633,3.098743558537593,4.3918491484262265,6.356652161376588,6.1679559641266035,9.275697235952235,10.020274786057893
3.170529820338479,-0.348720704259981,-2.8389763495481755,-2.4104676483651417,-1.2941981730772432,-1.693191168417664,-2.0396372185959186,-1.2835481984621988,-0.026439986258539702,-2.7649313321643723,-1.0168691455191843,0.10900396017482092,0.6166887297707331,1.9878074954084273,0.7712271990924285,-0.49270162101587456,0.9374273367383881,2.088838081154272,1.6337436468419335,2.841208109968155,2.002342893687106,1.9737946578021297,1.1522132702297256,1.4355530888831693,1.1873525526834852,2.3625108980884972,2.5403846725128223,2.6542969691540743,2.8743460612094607,3.5602556413928665,7.480773519343871,7.600241904217663,8.419893862905868,10.884726526016516
3.734635377321452,-3.7276262164846625,-5.016633590664046,-3.433948938180602,-1.2005340690108917,-1.0643140265641629,-0.07597081638305735,-0.21457814842000808,-0.9306832421901821,-0.7371574981750237,-0.2842933489653081,0.08222345573296419,1.049227476040676,2.22472145598156,-0.07543564810782652,0.18654174617215216,0.1583502357081415,-0.3541399278984808,2.004269734941673,1.2610926256525778,1.8055624190904973,1.4211866388319028,1.9013175337652568,1.864677662673115,1.7318776430431084,1.959681205014343,2.9107834969103723,2.998583348502751,3.659977899014433,5.483110069438981,6.6256788293389075,8.643292310537154,10.102689547953796,10.84412666337325
5.743738354120257,3.8097107467677205,-1.8844633138150308,-5.737844295306631,-2.448135317134334,-4.533308134820945,1.6260166726959775,0.2957182564862551,-3.3556298455774525,1.169055948648407,1.5364954542880864,1.7640493023871093,-1.1524407451542116,-1.1657940007006038,0.25257025568406877,-0.6959435045328567,-0.2914132091223425,0.35646942641838786,1.3453075208803411,1.3464614578795022,1.4214239916936806,2.9981544395784776,1.817948038365457,1.680450313791095,1.7201439547931006,1.964063902763134,2.7270950671092966,2.655904750683271,3.438720560409257,5.146143443577948,6.673596082930667,8.23358815061522,9.797306095025453,11.457364505952569
4.9170248045502225,4.054041455372044,-3.360571419186447,-4.385084513083121,-4.383081734393081,-2.1074773437497374,-0.6377506136892458,-2.9287324196182998,0.457756485722025,0.22822244281167686,-0.12180829274910193,1.953611809613563,0.3135464732112004,0.769940648526117,-0.28513735066064005,0.81995310399653,-1.2669088952240564,0.9070061418139577,1.1785974173888467,0.9401260186631801,0.5234130824559645,1.431997723856421,2.106615043815222,1.7732878149824327,1.4557993101291733,2.1418074448056355,2.163293978557182,2.7162886876791195,2.6900547662602854,6.08479734956863,7.866903115512291,8.49033523209454,9.236916721874943,10.786563800052178
6.3873905138446005,7.424459706467767,5.934568156646715,-3.096609573016109,-2.715881322716979,-1.560940896692389,-1.9876154908028627,-0.5832649607805624,-0.16400737874390794,-0.8331585540764627,0.6768913465136858,1.8656946619464543,-0.03630050740551573,1.9200190744013657,-1.450425443366513,1.9408978227869595,0.753115785736479,0.7214564536621624,0.9185727062029048,0.8152606251852108,1.3864791694472407,1.7348407033180597,1.552247309207407,1.249470609365086,0.9867200190330485,1.7110792887931514,2.301168315527538,2.8158584752923588,2.682135271430799,5.753708342048203,7.616303132594525,9.105142372136582,9.381828958715039,10.198446017504923
5.903450854549173,6.056682271232583,6.085410086053854,5.958483761536178,-2.7458378434498036,-1.707443323382602,0.16661514356139348,0.7297333459720745,-0.7848982020846452,0.7080665217541651,2.422759833710555,2.1695425795719,-0.6557072538698261,-1.3518550341406224,-1.1988410664724962,-2.1372863112422475,0.7691972647573949,0.19871694958409442,0.7685709732970255,-0.0995266366151264,1.0963552104747787,1.116853569583218,1.3587219007632132,1.2042934859899934,1.567519978994182,1.6546891211828587,2.1021932374955736,2.2695313893429256,2.5024222480620066,6.588678588847497,8.112176710204352,8.50411848753413,9.177016212439213,10.080290449228851
6.2470115277165705,5.636513893809037,4.842984063665747,5.098839511610502,-0.653964188277027,-1.9536192029696875,-1.6307409533471562,0.4453088632242892,1.5534845346070287,0.9464019073536408,-0.801398763694197,0.27260219631764854,0.06025241646858444,0.693183418966331,0.5160687085285669,-0.14228004045321452,0.34950457742258784,0.13356816026071514,0.2114720301737885,0.7156541109916893,0.8540705912412037,0.5072776739644277,0.7284496008926541,1.2995237286703694,1.363829317097087,1.5487036928611737,2.0311946115987025,1.8207831817786013,2.150445106073931,4.497298728177566,7.501157093074392,8.375307759951573,9.08801699006781,9.66962832104926
6.246040270967339,5.654941552225505,3.498459848771058,4.294395333553049,-2.1567923603984136,-2.3125433417860735,-0.2438276922641084,-1.319341673871334,1.1130084431523544,2.159110492259325,2.327434950137336,0.6772567980796166,1.1897873462068547,0.8600943678851612,-1.4580335020635244,0.8103349685281079,-0.5454138981690702,0.15386705424359506,0.25830943064094414,-0.17163734244531326,-0.40277198573068324,0.4429849853519472,0.705040769654292,1.1311965497467196,1.0300381372885234,1.6559420512680252,1.84987881454334,2.3323397658963625,2.211068122404954,2.4419070383330954,3.3240764299577163,8.03083794062581,8.678748326300394,9.449463582040442
5.047434470079908,5.327932814248344,3.6287743785567748,4.667480240709475,-1.5130341179926967,-2.0302187902742745,0.3540468295405624,0.17823112039834182,1.0573579273840292,0.9902626199830545,3.1672611669905257,3.0161653430236766,0.3407211119864476,2.536059930390567,0.08826343991225886,1.1039352422850819,-0.5027327303504141,-0.05931626438325426,-0.09020210549249211,-0.8495043803760416,0.27372872291936456,-0.3343239415098974,0.1350824908912895,0.4856761211740597,0.6555878219571903,0.9537915762069359,1.6433940766549806,1.8412804618062888,1.9460741872278906,2.1707278273167656,2.237540433616014,2.408291795870082,6.825985249700819,4.754374341918055
4.344068407636743,5.00641735490705,3.0883399286439492,5.152085232037737,2.0748556082394423,-1.8141162467299745,-1.4247839047154052,-1.2414504054000355,1.7790947137322268,-0.6992933126865472,1.2338505141148148,2.5991933374475233,1.0999247896691697,0.1315138035537775,-0.2705487002792073,1.2284524853162568,0.6497423533257707,0.7379771385003348,-0.5867071044299909,0.010133681786101592,-0.9681129862027741,-0.5352833336378781,-0.5871221127939963,0.04822715386857328,0.6320446945840279,0.9922035433330739,1.147605974326171,1.7016545979189217,1.8107924596721712,2.59210672030272,2.76252379528067,2.315819199025761,3.0709675533659415,6.560645795382017
4.632984715203209,2.8247933628284443,4.02632804350904,5.169493610265027,5.98794283550471,1.1657084529171728,-2.520711207062563,-0.5961427580520322,2.368568757313123,-0.48109933271068706,0.0920981259251514,2.176502724810346,-0.5442523169571396,0.6809864961047539,1.4653639828718232,-0.9213556020398734,1.4258068435932658,1.2924111920406538,1.157619980425483,-0.2561894565770633,-0.572437174458222,-0.40080957900189657,-0.7414104416154679,0.20258751912821676,0.2797580098018008,0.6507676724749552,1.2773964870651249,1.6305159751899208,2.48769697012049,2.646005110832477,2.5068040067942943,2.91626116759273,2.648595371367779,3.924760026019818
3.5726627049802238,2.6823845773021797,3.6359765710264784,4.1583253431338765,3.843825255335185,-0.0800900570258806,-1.9004899620591507,-0.09722870229608188,5.678651603912121,2.5398333498854924,0.49151792667148114,1.270002645634117,0.7818931244224393,1.2552186058188768,0.5412526456932832,1.2447562795560707,1.3873779432563247,1.8538336388733196,1.425683510639674,1.6606944213227672,-0.5451250675197815,-0.9040315584266763,-0.64491106981675,-0.11177470132845473,-0.43806592760782664,0.30311009771242264,1.2326727580987766,2.3968691934884445,2.073959582610928,2.622612440721775,2.604774414204488,3.4945989335486263,5.665451494592183,5.625449771422875
4.125504321587034,4.182991363427925,4.202563228287591,3.6778476604444053,3.9185777213584156,2.7691810545575812,1.425009763432463,1.7908805894480728,1.9360021093368338,-0.32809292296177833,-0.33371780146669894,0.21071266513619902,0.6488411398409633,1.0111331673727275,1.4226129279926862,-0.04682851564880516,1.5981844937718437,2.308046632293994,2.1226909907715825,2.097812319189949,0.48279487914360314,-0.014635617031824852,1.6524075418899895,-0.20831395441425482,-0.48229053729346455,-0.7914693455811168,1.2883551720769653,1.2978518158028438,1.5205630391262555,2.0111655036012825,3.0733059610963953,2.734847102854005,5.092176707869136,6.879113343852289
5.6837887917608265,6.047354076710862,4.191418625845105,4.328829632683165,4.37764954486157,2.5699906788387294,1.535932560408904,4.143662183806296,3.4028783677161636,-0.3617114896510612,0.6810777627582217,0.08035385770368207,0.6799170281842403,0.6866657930495191,2.1265021356568696,4.985324668093381,4.56814146377474,2.5466764599585754,2.5790082344606113,2.2210002981012433,4.693648821248141,3.0138741597565613,1.0354059183161557,0.050936804690516986,0.18027550418273935,0.14446924114007856,0.26805167951445924,1.1928086208729463,1.2807949071794922,2.2660976690925905,2.7494261104872284,5.153440404135903,4.982713102176459,7.274303891306295
