script/wind10m.json
{"header": {"parameterCategory": 2, "parameterNumber": 2, "lo1": 3.000054539987559, "la1": 64.9999836372058, "dx": 0.5, "dy": 0.25, "nx": 34, "ny": 52, "refTime": "2026-07-09T19:00:00.000Z"}, "data":
[rows 0 to 23 of 52, columns 0 to 33 of 34]
5.276314359783283,5.039921422081598,4.635759916155218,4.856008794692079,5.106800114436329,5.14065055835097,4.679692055982319,4.427465879372749,4.379831463851787,4.403364623918439,4.460344240773543,4.630358753928884,4.327767171532717,3.811565504288582,4.107461755941714,4.30433284281935,3.8758943100477046,3.38143298618055,0.6503077445166905,-0.1905017900881991,-0.5570887265567448,0.7698737015857201,1.3471441500036987,2.40317941841668,2.324089975090507,2.099289985278202,0.7332089223188898,0.6599702076169203,0.9707208307821534,1.3169856386304017,0.5559627065763562,0.8774085652058042,0.584951441279046,-0.5562443918260728
5.34606630998471,4.817133312797812,4.670820737552881,4.891189989068511,5.254188795323868,5.20054756901162,4.912659877237716,4.582794813950421,4.7594424103703785,4.793616045174642,4.366737225949073,4.61345867501778,4.164290342504737,4.409288137304801,4.545098850787278,4.809432458830585,4.851289058071182,0.05153862534321161,1.479506725191169,4.936527284427526,0.2272086026974951,2.089847342138689,0.5800293813044343,3.27155071200768,1.8034983477169448,2.247841606447627,1.2258592880228554,2.1266995164568354,0.9745208432433586,0.44354103964604247,0.6477441793252083,0.9838574296422131,0.5357974340689622,-0.7118027791710269
5.347056557216119,4.656011439760313,4.746244430038452,5.002448341697613,5.178285966455225,5.205722912861937,4.836922209684804,4.724467635793404,5.2665060101301435,5.346784946118384,4.682765451872641,4.081131868806606,4.317729434549769,4.183574764646883,3.6197929526839765,4.870429268051618,3.4844233019055637,0.09191768267078018,1.2580042328751069,-0.8490549550330994,2.594313413626431,1.281076886422421,1.7193084755071797,1.723190228686048,2.353924166717955,1.5622252404744819,1.6395492057492207,1.987885774205047,0.3463744546129296,0.6584783849358002,0.4765205531806812,0.2346889862840458,0.41971756333252275,-1.2222602796229354
5.511643171568671,4.716093548646877,4.951523560034599,5.2025668630563064,5.401962109565416,4.995682594059088,4.615767491738674,4.86740490242439,5.552880402464041,6.137308745119958,5.044656736983415,4.298723613624229,4.844778262173651,3.858684245280034,2.5923157217320676,4.2317513589068705,0.4986654319796547,-0.001614007670930878,1.259383682820596,-0.2818998004850968,1.8193630190160566,2.640655574700995,1.77076235499212,1.4151931545960081,1.9244931740014002,2.2116814410172907,2.813686306867247,2.1676898975844168,1.5416234861136455,0.6638386055007302,0.925410562938874,0.16949386277284895,0.15998345975924347,-0.8256648330773075
5.308063633973614,5.129190250321162,4.783272962687215,4.95991270679838,4.897978471050259,4.684759677999143,4.449595269969997,4.931089074045714,6.153849408725037,6.55808798502175,5.642244028525801,4.551815830039424,4.920623286705498,3.5829840087061884,0.40505909121330197,3.0023622341158953,-0.1844817731865098,-0.32872498013975543,0.6680345678829996,4.212311387558083,1.801613591120047,5.015914246496318,-0.04675639479425095,1.9458160845775787,1.3333013050440052,1.1554931334423015,1.7774377978353333,1.717002472746973,1.9374093190606763,1.0972867238689634,0.8583759067828447,0.9911634568505733,-0.2270974792449845,-0.8141752913873739
5.4217606081240435,5.346580845740807,5.011129671612465,4.951853041452815,4.601805643943916,4.371809477171622,4.585205367102841,5.041773779847223,7.015000557020701,5.641996723295922,5.526439332677748,4.533887380432377,4.291601877638616,1.5585918365074762,1.4610554163283944,2.305206879974748,0.951008212852145,-0.5560189783180899,2.0818599181415802,0.29591319404162253,0.04354333463883208,1.9459640289588962,1.309313473150866,0.8164897651098894,2.104100115125488,1.2245987479405311,1.7234656281019884,1.576631696249703,1.3727246720755015,0.8890245440480647,0.9326456858734717,0.7008525317856182,-0.8490291937859176,-0.1322134019044723
5.291481175768892,5.396723229949586,5.3763843959036315,4.915434604952358,4.502968640232442,4.357748693804378,4.366213384922271,4.917253305109039,5.9415999513592705,4.800736253869604,4.632240873337145,3.4962897794241985,4.633727994736458,2.459096214051195,1.1721403698982054,-0.7185831072694747,-0.38194908094124597,-0.42934931133048343,1.6939335370749193,1.350562474988878,1.2366860473880679,1.1401617375708535,1.9287207340943298,1.7938944544129896,1.4807853724286473,2.253011744612977,2.2946507131573823,1.330056716370717,0.8854142553469091,1.2922574831205664,1.3840545156381439,-1.3540006100094097,-0.45999867429776775,0.7651453680652925
5.582704484790826,5.441614628820106,5.006228158942902,4.96205689759335,4.539006882452342,4.5293014194221985,3.7911534227603885,6.106585551813365,5.966238980992231,3.505050210511976,3.885727189070959,-1.478713243657898,-0.2932431443762691,3.434666586826721,0.26967220373712897,-0.8392047452501656,-0.37181357450076274,0.05541905788928245,1.2059186016040533,1.036029476017889,2.103057689655269,1.5067150457037024,2.289677584618794,2.6231735614526444,1.7713313196194653,2.0128524294255885,1.8508123381201835,1.694024298516161,0.5664449487821982,1.176817803065584,0.971950086747734,-1.242283625183064,-0.8222094103840125,-1.8475657596135593
5.444318266480733,5.136414629837623,5.102434257222298,4.563770661573851,4.7811277770191145,4.228350212567977,5.519736268390754,4.473189245205159,4.055926069028726,1.8134743774417936,0.9677601897578497,-0.2621258477098632,1.003277304452662,1.4694798228077366,-1.1293834884574419,-0.43740373571316243,-1.512410084395301,-0.24962357494254156,0.6962866912006959,0.9709798325546826,1.808859874632903,0.9067772308757875,0.9415381711459357,1.7916964510794646,1.9253433471682355,2.245210703978334,2.3852103917198253,0.7587361001375162,0.7864733444139699,1.5719049958184408,1.1274723858425029,-1.4965363527385012,-2.711551618244587,-1.4328840461647572
5.7902195172892235,4.934684942349885,4.607882031507214,4.640393109598065,4.769937390745787,4.76928032715936,5.955172079029165,4.87413625791186,1.4672225551670153,-0.19978138657852276,0.6418950682015538,-0.760938494920786,2.140986815263992,-0.8628384073128407,0.22397679386143365,-1.9890637937757054,-1.7560341283281558,0.5246714759164515,1.6148305815410162,0.5518721751008426,1.2865780646794849,1.004332328024204,1.0065776938837574,1.0428209073144918,2.01865323192501,2.4905503166297436,1.6733032890982549,0.8360334202933275,0.7665154602726563,1.111775654704101,1.6805853598972942,-4.782386682065078,-1.8937602110846987,0.32509049597467904
5.591982692722481,4.702702658585581,3.6179142811412097,4.046016921056451,4.296076694125906,4.961765382786113,4.522608100469558,0.6785816952604895,0.9984731063434684,-0.018163539283858953,1.5134288325888678,0.15961015559667324,1.0574554624792034,-0.23262228207277946,-1.1122228422323368,0.253561823552439,-1.2109083415524227,0.710519236741731,-0.9609646466196791,0.03344426876935538,0.11283898932359815,0.1941057604473139,0.6624571524968496,0.40305412918045247,0.8754844570082451,1.456436114995565,2.5496918457632836,0.5460155556304613,1.1481590524699306,1.029890356386243,3.186351652034637,-0.9984895175018873,-0.5566456227974672,1.3616037124513485
4.596341778528563,3.8880433295636623,2.8522796247956905,3.1917701459215784,4.420516914026083,1.453828245048771,0.16400613444139184,-0.6797594277886657,1.0247136248876092,1.86018030314876,1.727585180397088,3.7756409018100934,1.8006324568028171,-2.092103309263087,-1.5198424980400655,-1.48215585559515,-1.8801602293610107,-2.082956254503718,-1.327411744744871,0.3786033038361335,0.5619440873824421,0.3111407040720215,0.9502737332904088,-0.35457248258622925,0.5048498011359008,0.8346986010843437,1.4285492460435387,0.752240630824059,0.8101874725239417,0.5879929003235977,3.1064041247820633,1.6810230161937683,1.0886232885288254,1.8657568549240056
2.6022877305538343,2.1478391859658,1.8145128236961043,1.9076712386445456,2.4164500214814186,1.0426161559270473,-0.5404658607034994,0.48290036933803615,0.4705687755011057,4.923160720159028,5.842513413757886,3.9350144245782896,3.359691761975877,-2.7588910412634022,0.8382859518138281,-2.1276979212606317,-1.4084524362280237,-1.7308402519163157,-0.4671792984348877,-0.5939592605440138,0.38836098157361854,0.6402080465841663,0.08439279500419121,-0.2819797537178577,0.07730057205010046,0.9055436230428656,0.47268499870591263,0.6981860471185097,1.2188034746016985,2.1493257720823404,3.5322385848492392,2.0200703165927356,1.50567173019797,1.9516535634317353
2.083904013858163,2.0872786864779003,1.6128874514577625,0.7296544465661706,2.742514020568904,-0.2899425162618666,5.017014378371179,-0.8984162417051372,-0.1471543050931073,3.640780706658639,1.0013081140180309,3.9833114166999843,1.5635794030377796,-0.4061040468420283,-0.05242631726226895,-1.2176474682162026,-2.429482055002017,-3.03005198865017,-1.3842465411028217,0.21472150141658472,1.7326180731933525,-0.2428891325247662,0.47823423993348646,-0.479865279813416,-0.20675106147304478,0.17922942161762223,1.140465072651129,1.1043306234388204,0.29208429939256364,2.043227767441302,3.0103891492225014,2.4313733475554415,1.7441889030897655,1.3006039553685007
1.831316237927915,1.6113535953353018,0.7031288703284779,0.7007666974679958,0.47116238747112443,0.6908941398207401,0.7318677293239411,1.4629892366297628,-0.6850389896812877,2.1812530175486273,-1.239744281112175,1.5241529450205058,1.015766674580998,-0.7100225972485806,-0.8986393471097912,-1.9694862071108832,-0.35397172955932515,-1.276945291021571,-0.8902520185565342,0.5096049150396581,1.157291200475276,1.302641803626167,-0.005978176579760998,-0.30704327964448574,-0.3514244471812034,-0.47770181032928755,0.1258832171449898,-0.49004236303068804,0.1072830096462768,2.9195602743734534,3.4962593896943974,1.8757686539449374,2.1620184632807713,1.8262498568603476
1.3821181864909602,1.568641337207483,1.0429563563456767,1.2215962209751237,0.5628580705025028,1.0152359172938872,1.3710397675353687,-0.7425868846907333,1.765505815411038,1.6881385213303601,3.638119357524459,5.186056056840578,2.1812999666959185,0.8716102943989976,-1.4588445060362805,-0.7306496800326717,-1.2762279341532974,-0.369598064054974,0.19137111350525793,0.1973542619041826,0.18063197308088363,1.3835916684456506,0.6065158334974292,0.1693733742600838,-0.8346401892086466,-0.03612537906057053,0.13541573920124095,-0.7833830592798843,0.07384627864063,3.126396069458231,3.748173505443205,2.4379923042193914,1.415902094140484,1.4851542284063046
1.2810887276404765,0.0047324529539812645,1.6849696736557018,1.0302340458383719,-0.3326175037622839,0.8263594018415703,2.542841069847983,-0.6895609033405897,0.6385515817797975,-1.937040520346262,4.285381755069948,3.4526650108256547,1.890560302464384,-1.170313475335262,-1.0112002574233283,-1.5191431378411675,-0.8432194792931937,-0.44089021729529,-1.1545077238520507,-0.016201202626720115,0.8607051249830743,1.0655419333588725,0.09349087454398523,-2.299539193184145,-1.0351839718763467,-0.20195823491886214,-0.9261103576214469,-0.5285951434447428,0.10034473763867655,3.2984949671278625,3.6377151632754403,2.8325024236103795,1.4028643357657653,1.6314236527495847
0.3867798237767535,-0.0030803579246696127,0.9934167339790606,1.3038686378564497,0.630030001142652,1.5005447858339527,2.028162770444191,0.184710012938183,4.950833732130376,3.5540781605879412,3.146537727373806,1.4330588158730835,0.43226146803265003,-1.028936342266887,-1.6274273194506474,-1.6932670940581842,-1.4069173452107047,-0.5764679101991342,-0.6092047018135417,-0.6233788173736442,0.049835114715365524,0.8210488541809162,0.933510287220722,-1.5350088095873626,-1.2090756923813988,-0.08546980553167029,-1.1778313429968028,-0.8647748814087334,0.4232539855303854,2.905519836878713,3.7873617122004894,2.9042108137258382,1.4972933078591901,2.1471547111455873
0.517212553707662,-0.4200567155778099,-0.5746423720151241,1.8783388703088937,0.5034806819307536,0.7172877361673134,2.0329064254660008,-0.7468779148486693,2.6997435650820107,3.6559344057850245,3.3478042244477533,1.9590627156555656,-0.5586676248125602,-1.083022490034542,-0.659435184427831,-1.7871321609194772,-0.020164870957786445,-0.5289085158456946,-0.9575419094832991,0.10016137001589749,0.6218938749249735,0.675604897129895,0.47541385880738474,-1.1564165103268877,-1.1236034005985507,-0.24428418083554568,-1.248577039119434,-1.251374524525759,-0.016591713879446596,0.7733904126841459,1.8661672949559291,2.9098319617801858,2.355217166985308,2.359664361524531
0.11150385879499969,-0.8625581085654115,-0.21886361895613438,1.4442204383051893,0.3806557500702596,1.6451175118047014,0.2886330765400891,5.329755346573909,2.8955641534918484,2.601513787351764,2.9696231667513806,4.843403673291321,-0.40786736100741666,0.07782574453337229,-0.8403226590548322,-1.925655884807386,-0.6404217012489892,0.44661253591211925,-0.20192896866006377,0.5286951129840212,0.14266896510914978,1.1324794762647128,0.06320583259019141,-0.8041750171691022,-0.6079817325381841,0.0495302586917094,-1.8831495059020897,-0.9617154791983393,-0.08304578357369295,0.5854453742604793,0.15950979448157887,1.175571011149201,3.4652455123920776,0.2298286270954304
-1.298183568181965,-1.26934058585703,0.7536350827513422,0.7066983028573964,0.8919003993841227,1.2113541961465808,0.6832066998419475,-0.524749284390624,1.3421689447694687,1.7924236819467605,0.8533192084844966,1.2291335933750218,-1.33286761426156,-0.5853741649100848,-0.06628378992776486,-1.4945332806313254,-1.5954872763855965,-0.02292729606904987,-0.5200449901776004,0.06232123103912902,0.8462702275301053,1.0751505006836766,0.8044777543332108,-0.4604293954482238,-0.35107566770416576,-0.024799472933407857,-1.4863841202616852,-1.1507393099417735,-0.6801241127771321,1.203875316396916,0.0751799921427347,0.754991253938621,3.226190888899801,1.9968683542597452
-1.3241568514467643,-2.073836747307252,0.25539205670623294,0.4948164452481836,0.791777090826869,4.906516706952666,0.9147462970424227,0.13924852924358272,3.0247580623128894,2.499430931422345,0.04689751468475121,0.9619739758349929,-0.6784386741856857,-1.2725524161782922,-0.5308023960468627,1.3404817786802978,0.9588623588386967,-0.23776962327759021,-0.4101290437200721,-0.1378625944621936,0.392199481421877,0.027200341450524416,0.7293398022830837,-0.7364449959304626,0.5732312875367584,0.46303348171872205,-1.5270833026683877,-1.2670803448813979,0.03739036321613015,1.3130534889993242,0.14219895271086683,0.3261841512113032,0.7184443286692955,2.6529313250831725
-2.4604560657166292,-2.915476852610657,-0.641011989932446,0.6161453868682568,1.905941164663961,1.7897667984642496,0.40684422221615196,1.4650353702283938,4.291365702811186,3.052020256538655,-0.8872916258026825,-2.263813280445368,0.018207806460642295,-0.345833721652214,1.0192031640525776,2.2738634631875927,0.9968328207341385,0.23755135937454527,-0.7954339942970337,-0.008811305392599686,-0.4820733847366604,0.8618625579408501,0.49780990970303635,-0.5180783463886034,-0.21508901014586385,0.3069919810707865,-2.354433316968555,-2.561341547211485,-1.0581288253944916,0.6235730170381197,0.14952451231224168,0.6801264931785453,1.073971737270035,2.1932900176254018
-3.0918475235020866,-2.9608945401269864,-1.5736153635876484,1.05924358584214,1.7062868038166894,3.685962021951427,1.3186388414262507,2.0958669703329065,4.134589227021811,1.9543238873731734,-0.05418842953033276,0.7172633077111307,-0.7785313300321984,-0.6806025743583152,1.2583442155902713,2.359095934328522,1.479862061486877,1.6494111789937922,0.3329056493646005,0.14933591580640831,-0.00924267184848087,0.9559419836375993,0.8942874945866398,-0.39273960798280355,0.2629870993707394,-0.18967804610277303,-3.232054402502915,-1.0333783155858638,-0.3926830881035353,-0.5794336005943548,-0.048233350813214684,0.6345280816877898,1.4234157094447364,1.0209244126086143
