script/wind450m.json
{"header": {"parameterCategory": 2, "parameterNumber": 2, "lo1": 3.000054539987559, "la1": 64.9999836372058, "dx": 0.5, "dy": 0.25, "nx": 34, "ny": 52, "refTime": "2026-04-16T09:00:00.000Z"}, "data":
[rows 0 to 24 of 52, columns 0 to 33 of 34]
-5.239131481067723,-5.7114308806077325,-5.645324138404766,-5.936189971954804,-5.188631806766001,-4.648415132328958,-4.513629452662224,-4.009658930126201,-3.5086315438225273,-4.5922332924108,-4.5187269474678615,-5.68441887141527,-6.904077585809025,-7.603565594339247,-8.242528565710936,-7.557358552337501,-7.176661529999078,-6.738796626291586,-6.751114512325592,-4.01176432843131,-5.159563597230056,-3.4134215990778802,-4.5844872741944815,-1.2428428314559594,-1.240391908792688,-0.6685981773693129,-0.44788995346111143,0.46612232715174123,0.8381733854572865,0.6046803648788502,0.5478502358497092,0.9170286931515963,1.2941752706373497,1.486158711133167
-4.847647579059451,-5.427534153382694,-4.986144894369725,-5.477689258409288,-4.332496008407123,-3.7208719029562682,-3.5614019326893525,-4.265307114388456,-4.676941317646554,-4.898743917736472,-4.73694710029368,-5.306422778159379,-6.920151265758191,-7.315586704066419,-7.504937607049039,-7.938058441084414,-7.8604759692704365,-7.7050671364696255,-7.939003039537127,-5.587505644043554,-6.747549877500843,-4.468130995858201,-2.9575894343449076,-3.4844885515607578,-1.5325455012083742,-1.491938234527545,-0.6680414822572792,-1.168942544982815,-0.6716211956995992,-0.17837572352297612,-0.2707806140526096,-0.06204921629139186,0.1094864553411898,0.20362745064041674
-2.8248006011020466,-4.52164007074682,-5.25892643884739,-4.852406505883256,-4.8604829452640255,-4.632686884139791,-5.18285688915649,-5.300499561386719,-3.0071042818511757,-3.183453341517755,-5.627106329136643,-3.446217517343373,-6.419318990962406,-7.507434149636874,-8.283818518255474,-8.024460717752278,-8.16854532810843,-6.392735423832247,-6.010504801445877,-5.690989536399843,-5.511997683699277,-4.679981292554167,-3.7189196423879856,-3.9229698799499753,-2.632075241429638,-1.6462992280148858,-2.585963444136264,-1.7078258929124845,-1.5694159409838613,-1.0258175525288706,-1.0190236347321076,-1.1733195492590904,-1.1385532586066034,-1.104837414052907
-0.8181410432069873,-1.4027973506400513,-3.4079636719897426,-2.932740112343726,-4.457082336443958,-5.937702441981737,-6.769794245818232,-5.2132118385184745,-7.337015050994938,-5.467646276731398,-2.2070645117327303,0.45562425102572157,-5.063281722797115,-7.4210590413910955,-7.442778719064494,-8.496375975414892,-7.54252571501579,-6.751576161381641,-5.507681020141098,-6.308425939782211,-5.753821688233878,-4.538980133890512,-4.195116149194535,-3.1164515616048147,-2.121387942889849,-2.854907211151493,-2.4706416913461458,-1.9933502786882547,-2.011434681982276,-2.1667583995494333,-1.9879307674182773,-2.177919712496519,-1.4863534983826634,-1.1374357587020867
-1.2397473896190954,1.100791695415912,-4.947141035240243,-5.030802968079296,-4.723808901811122,-5.437831285596168,-5.3628532536133795,-5.86742453496636,-5.174551207290422,-2.5739415555436067,-2.9718703186561197,-3.8654149239597917,-5.26857359946112,-7.2403050391844195,-8.999123493776617,-7.653568619676873,-4.857604420920292,-4.537987169651822,-5.386359302513492,-5.515800510168059,-4.0298751370346,-4.545992655898831,-2.55158564331725,-3.239481338963763,-2.526337994188102,-2.133072760573601,-2.3296071093618718,-3.203448427648555,-2.612416924007133,-2.4667561579872266,-2.0965700123139226,-2.394094806578221,-2.6511645798522028,-1.8300298915907174
-1.0831971827916151,-1.3510761012750911,-1.6516835517995667,-5.32523225475837,-5.220816050096963,-2.8531742448601727,-4.515194027649767,-2.0064654977799377,-2.884004793787221,-2.5864911990055806,-5.198536392799985,-5.104032779713419,-5.757863722275615,-9.015191054243452,-8.239518189778174,-6.077878687056347,-2.635840292430751,-3.994796742437905,-5.912138431734795,-4.550161647977148,-5.493969338246078,-5.316479438631811,-2.639574147768634,-3.304361808329042,-3.3725522970231463,-3.267659475125337,-2.6215499478172832,-3.0396315358233545,-3.3905381218022392,-2.8302347613128043,-2.994848054431482,-3.1078484751963007,-2.731382004510762,-2.751425998225658
-3.0983438886735537,-3.33855459590149,-0.7212801643235482,-0.7342249253933651,-2.7876713242028854,-3.4019320540068656,-1.88367259482463,-0.11096563911129066,-1.2415498666542806,-1.0005565594947345,-3.227857636384941,-2.5695140044147498,-3.227937833403726,-5.594992190549167,-5.320052246771312,-3.6788911551785897,-3.877710607351081,-5.383041438477285,-4.0954477460188645,-4.429588904456798,-3.653894035506824,-3.9916186780961724,-3.918913033064192,-3.8362345962058026,-3.4971554340182798,-2.8004171653327856,-3.504529185684709,-2.8460562680296357,-3.179312902729369,-3.50896048421102,-3.381325462410409,-2.958994179934985,-2.951320217912057,-1.3181096676260298
-2.9495884066564844,-0.6231622716855765,1.5790124689277847,1.746831384487419,2.3812187495550834,0.6772956439858856,0.20083456827393892,0.8033024404512975,-1.2505864627729546,-0.15715947962403062,-2.069119802455533,-2.9075183732152587,-0.5597206183965086,-2.7413061042586384,-3.375020129043545,-3.635756606666227,-3.9886758712523496,-2.846169577915326,-2.8233396721765947,-1.5255046033608852,-2.678417726431325,-3.1144111730945037,-3.06213351100199,-4.315806454136421,-3.8570864038365356,-3.3482548901953986,-3.334085362500341,-3.638907809747659,-3.921329547030424,-3.5799054041810616,-4.064884642214978,-3.195294483887459,-2.7598423801515803,-2.187075824343876
-3.26693243221353,-1.2984992460705003,-0.6750013206185865,0.7307203283930748,3.292600933638977,1.7438441433928529,2.319700728974091,2.9709675970256235,-0.7405572268067356,-0.14647438128492277,-3.4297465379732253,0.6543287913961673,-2.6631043374182544,-4.477526484248723,-3.3540604285761995,-3.8002694525377625,-4.160181407124645,-4.251199021113205,-4.509747125222113,-4.723049105797837,-2.650997729512919,-1.7986599188438366,-2.1576346268310713,-3.9766960313184274,-3.353534532208168,-3.3416804310261474,-3.912526756454415,-4.57686169522748,-4.9781195608600255,-4.275612144125383,-4.4889227188745116,-4.124507289211289,-2.9876842226176015,-2.4161058499010766
-6.564312077548126,-1.9182457807314053,-1.4652537113054502,0.16571207426353315,0.8218388954448199,0.9017253259522359,1.1877004733977186,1.558547491001706,-1.5445201736322782,-0.14298530503065646,-2.5593193003665675,-2.799725701361729,-5.0258661921601595,1.491225163602562,-1.9475749416261772,-2.2701195339151337,-2.866822630008388,-5.143857196929205,-5.365567825417803,-3.0513034039776405,-1.7666067184025946,-3.25816603849667,-2.6383829957333895,-1.8964190818293962,-2.731073562523105,-3.1929523360910577,-3.3880280074147358,-3.6200319330702504,-4.17513224945408,-4.934841033685204,-4.2902211000298145,-3.6810934743270938,-4.205916383215142,-3.915569959119793
-8.011146560782477,-4.385536917996409,-0.5108335475326281,-1.0483848956212451,-1.070789313883013,0.02154736824351505,0.4881558587299939,0.4610827972999087,2.349130211598677,-3.170129103705868,-1.5443025313111785,-6.764392973502048,0.692716911883888,1.2960647752672771,-0.9151128322922832,-3.4927889076328884,-1.0624293854717075,-3.212561932005996,-4.259600220278045,-3.7301819346002256,-2.935645167314483,-3.457989970121813,-3.4249059850562613,-3.4812854245346263,-2.9070403059119374,-4.330521727916381,-5.639606822090151,-4.68861218641478,-5.767671519201871,-5.078140436778143,-5.082535194091683,-4.7506991663640825,-4.903497055656846,-4.7774382541130285
-9.004279409543683,-5.56026325970972,-3.1069081667998235,-1.3003684822447397,-0.7541382234987654,-1.5297435056144881,-3.4686211643091553,-2.422323189224276,-1.8143737911940707,-4.0060138756793435,-4.39926419763864,-5.858546371586343,-4.813746204598361,-0.7163437917478322,-1.124648899333868,-1.897196676985928,-2.3996141174860095,-3.891772942083419,-3.6249342558775153,-4.043144493285695,-3.461285031042206,-4.382619330334369,-4.283528429496757,-5.281911492368705,-4.510283913588345,-6.259588227487051,-4.967967565917499,-6.632374979713656,-7.367132904635161,-6.126982032511532,-5.593392774664019,-6.435239944659911,-5.791727600585175,-5.150945992134008
-10.285594713461402,-7.123911014574351,-3.980927151451506,-2.6879147003103987,-2.8644321829966395,-4.98066820534575,-2.5865102168503324,-1.6545071675497955,-4.900617375200064,0.3726622524949328,-3.9615183845840134,-3.649198887228921,-2.4654528949071133,-0.37158064771294724,-1.0589308954131178,-1.3813607419999536,-3.370984290820803,-3.5077040548449996,-4.331199037475968,-4.166936745022866,-3.4403435893860137,-4.9572212349665765,-6.358118231903464,-6.143970817156044,-7.062885187708608,-7.03053641930808,-5.958198321946862,-6.501785985017493,-6.153408960751605,-6.799673290324115,-6.950359943711126,-6.275019555247779,-5.946136116934296,-5.71775954576182
-11.65393471140134,-10.59308811557095,-7.022220723347594,-7.032356274383201,-6.271962787539602,-6.797849645138963,-5.377914595755391,-9.434680875179607,-7.624231449373578,-4.276524242672604,-1.521776556634388,0.152038452096769,-2.2704387632155356,-4.346922037452039,-1.3610747071597311,-2.6840455871866595,-3.075743940665919,-4.138621691446507,-4.314697220100462,-4.54295625889832,-4.72733155807357,-6.4945075433090365,-6.772705288399204,-6.001703753168877,-4.844439043669875,-7.651012229119794,-8.058706728841976,-8.32419419089244,-8.167658617043973,-6.984574881919308,-7.514077655579104,-7.578732258155766,-7.166113021561255,-6.944224475480206
-10.763811919895383,-11.69057105673338,-9.0758546400702,-9.268893332142685,-5.547505912156889,-8.844656689137299,-8.88624563252784,-12.352069455872117,-6.668938879857994,-2.6842355326864946,-5.639580531270188,-2.3430292029601434,-0.9783738593969801,-1.6847688181816265,-2.6954439857880814,-1.8747200275858136,-2.4339816541207657,-4.204150313793732,-4.407439299844021,-4.326126124036223,-4.415758898789334,-5.267231486133705,-7.590545174383575,-7.531936712655962,-5.249872842862589,-7.343265142296363,-6.280384333994262,-7.483218407686698,-8.199884766296668,-7.798681429864877,-8.817213281133913,-7.738733193801803,-8.061706365578708,-7.068647651445696
-11.515641030124216,-12.052811890334594,-12.40395973052748,-10.704099346671383,-9.3975969574133,-9.796261125946453,-11.394266050916988,-5.675868325419592,-8.944551465405647,-9.634018712466485,-9.548594772441911,-4.8722557451416995,-2.2027178503637783,-2.1018891211599535,-2.3240974531626875,-2.6839512080688652,-3.2750931616258114,-3.1742800034723677,-5.279918509208801,-4.953894154509824,-6.308734562925009,-4.023781662983222,-4.946888956027401,-6.127937083521254,-5.880680651587501,-7.255109866567665,-8.08971172183692,-7.957002321349659,-7.522322559490686,-6.744465988520574,-7.6030228809446125,-8.06646179083668,-8.906242170186573,-8.448041766236447
-11.546784428830385,-12.60358934553415,-12.47445669869893,-10.977466018738559,-9.091584711319355,-7.241225998868074,-8.155875378056823,-9.425700073184775,-13.500591762210961,-6.219023342524236,-8.565265053043863,-2.8324252520966304,-2.6096630007883896,-3.659242243304759,-2.5212529053034753,-3.248901550148474,-2.4579745970481426,-2.9944914558575193,-3.6162602965345196,-3.8982161360447627,-5.522773308402406,-5.356331502091933,-5.377397129616917,-6.481712966158631,-6.295832106824806,-8.43123947949436,-7.900611026232368,-6.9284058848313865,-6.880958757035923,-5.920483129179804,-6.182575280524608,-7.952185606231156,-9.059571656936615,-9.171208014054102
-11.471636926203846,-12.411659315774239,-12.041126367056293,-12.540156840449447,-10.62131922093132,-10.86053213553686,-10.828996724299731,-10.969622060149185,-11.939212935931153,-11.649827291101598,-6.793410395135437,-4.836363407199095,-2.912811239440736,-2.9421261308513174,-2.272274140986914,-2.7263705962451414,-2.5540914758407505,-3.0222635076816524,-3.0838150161500697,-4.856294331741686,-5.884250187525452,-4.2600638105235085,-4.544309529688528,-4.4130716271453565,-5.682677891975686,-5.672725900982841,-8.141718297896624,-6.93007689124794,-6.802390190758441,-5.739163619646048,-5.007227329336776,-7.113973583027264,-8.426647737524023,-9.090480153236
-10.483658571567005,-11.34495664593493,-12.084478784204219,-12.776497886071885,-10.223154033072495,-10.881745178027654,-9.966775533827274,-11.214006671423666,-15.725320223312462,-9.163909270524861,-7.743611553564756,-6.586154143179329,-5.735239199999913,-3.696963513897098,-2.577491054844086,-1.8367835643973605,-2.9745947059957425,-3.4012412130213128,-3.831071540497961,-4.001559070909647,-4.6063526615881765,-5.733553606710769,-4.3683690732747875,-3.1472201864385885,-2.6569275516874313,-2.055198946887417,-3.9857788241724372,-7.19538857990262,-6.215477825395906,-6.02611725107099,-5.081391582961115,-5.751155422650122,-6.51894034657659,-7.795133968351743
-10.850773537340809,-11.92319399252875,-11.461297249153343,-13.055607845975786,-11.630633857490784,-9.639826356671616,-5.67132611038736,-6.701928910378674,-12.718197270590064,-9.809860204589391,-10.581539993247526,-8.188093899464903,-4.832743416519848,-5.36555068990382,-2.4201463771559664,-4.2520534852401175,-3.7711458344821303,-3.980389061460158,-3.899825363489891,-4.045746655758008,-4.175124207308248,-3.9299023790375873,-5.294227882209162,-4.805153301015265,-3.2801761574792323,-1.7226074049241367,-1.6325678960259615,-1.845655765614463,-1.9554025575616527,-4.643208734501579,-3.4033536237099478,-2.6521447869986834,-4.634258326572504,-7.8533146887471545
-11.592454859752907,-12.076488367202545,-11.986070036176573,-11.887425015121403,-13.91090044580964,-8.661412913178687,-11.399230657258258,-6.734483089907757,-14.702969324712685,-9.92864543332068,-9.548412023403092,-8.013050609385159,-5.141243012051849,-3.5028663976767525,-0.9471367469473995,-3.0336373930763383,-5.1080861628045335,-4.70123515522501,-5.808413441405866,-5.646005911983487,-4.6368817888773215,-4.346025159141206,-5.818889223825854,-4.620992466959236,-5.4074919437745095,-4.2485263501777455,-3.3619697549453056,-2.6554420189993264,-2.4669734705535635,-2.23580842498608,-2.083718033786923,-2.855159622295451,-5.119384236875119,-7.5646521923195245
-12.38548664650109,-12.794211455005073,-14.025848722430506,-13.335571942361481,-12.363254456894893,-11.826666037368396,-14.737103551983799,-18.553545948397325,-16.61834362593319,-13.29691079960632,-8.369464070629837,-9.440057958338627,-4.6460121552277425,-5.04958842909325,-4.16923220630959,-3.2255858865703564,-6.7241473542107215,-5.118273641951571,-6.265717378652216,-4.517107312341481,-5.784407093378713,-4.073833329104457,-5.80487798036896,-5.385577796200583,-5.0404929181564295,-5.781428932089114,-5.381661218442149,-3.851630555600802,-3.930374431331075,-3.637031984723116,-3.100355670727938,-3.7965534411589785,-5.653013870691801,-6.700418721031003
-11.471536970603255,-13.464743227092931,-14.349515722672157,-15.3757839770391,-14.469130674119187,-10.726041229085308,-11.954725332649558,-18.157090416736775,-16.03386443036166,-17.489057090886632,-9.375895885543834,-10.880423801621406,-7.707115006839001,-9.830797257679952,-6.128047346279914,-5.551329601360091,-6.36463021180081,-5.597884315742775,-5.6700660355474755,-6.861261723664228,-6.315009673353086,-6.338793713709238,-6.586825489948558,-8.523697159863591,-6.841106573163612,-8.095216606790883,-6.365929551035007,-5.240323745885612,-4.502457832621969,-4.387960637272753,-4.822568651216452,-4.7986463370599495,-4.553271907482556,-6.438880529885311
-11.88220068505072,-12.879880095756771,-15.630884728750239,-16.90623947328941,-14.990244362411142,-10.354621373836544,-17.809104177943443,-19.11746713138601,-17.144855187357436,-12.361421650970282,-7.608288081304824,-8.906253563750704,-10.346663976621123,-8.68908769463328,-7.258471455126003,-4.3272924945420534,-2.5473112981688066,-5.263411570748505,-5.686247341518283,-7.143296970105787,-6.278386496793236,-7.029324433974684,-6.330522308535558,-6.331373534357142,-8.399225062886162,-10.104709341345423,-8.996639762623445,-7.924186634036055,-6.978218292090639,-6.371901979332977,-5.735284430907156,-6.828898210105132,-5.963092952295373,-6.825660371858004
-6.557020137944588,-12.100372053591274,-15.158592762211264,-17.474690511184566,-17.577923417560584,-11.965422651199399,-14.41463924169996,-16.989087802610424,-17.846457359047893,-8.7939921191897,-11.205890569853535,-8.756669734761214,-9.888070422138792,-9.100455705238655,-8.916555897441743,-5.614718429362209,-5.450838063942479,-5.417557941173077,-5.427099831657855,-4.284578061735795,-7.277161177953005,-7.290886049770801,-8.797352196743596,-9.524680972458915,-10.595156914069085,-10.349957976413632,-6.812746909383544,-8.229241805980164,-7.750616727611224,-7.993696614725314,-7.3344482787062555,-6.999487609179437,-7.9759791855214575,-7.015548555386703
