script/wind10m.json
{"header": {"parameterCategory": 2, "parameterNumber": 3, "lo1": 6.000027932988019, "la1": 58.9999434238085, "dx": 0.5, "dy": 0.25, "nx": 22, "ny": 24, "refTime": "2024-06-26T16:00:00.000Z"}, "data":
[rows 0 to 23 of 24, columns 0 to 21 of 22]
-0.3081458375386093,-1.4496052179858336,2.955856627574711,1.6095569541074417,2.1347972976006897,1.8539640080746995,1.2877851305602026,1.6321894616369015,1.8914232112073945,3.2482613079368483,2.9037839537279155,1.0815200004270662,0.7291593723652814,0.3434443394342849,5.470324819600949,3.4595532542478993,0.5607037240299807,0.5139801247108393,0.5209672952650031,0.8164672865187993,1.1068902553953262,0.450927967032882
-0.9028262136344033,0.4716847018748571,1.76287244675845,1.1994089260976686,1.9216535613810721,1.6516453942227545,1.3675623635682606,2.7509049044030007,2.671987698117224,3.723134330988244,2.9106766494598344,0.856747458720875,1.0600816730502434,0.5988205124039379,3.6350556241855903,0.32564381166984485,-0.13035780209837952,-0.19547292043443606,0.794555813509782,0.8636545345685834,-0.0016409901375455376,-0.5888361798498051
0.9287607359730232,0.9267085984746146,1.7390546290999542,1.8041484656577327,1.9139248867715672,1.9312057511846803,3.2573580266300626,3.7617797133913005,2.7414249293978945,3.3238948487976776,1.8229512868957038,1.2753603617934883,0.07930424076149208,0.3193298316528581,-1.065188582718031,-1.7392831540023197,-1.2158102444728347,1.7065705363541497,-0.6518172576785607,-0.5789858031403977,-0.23191518642660136,0.7015896759576863
-0.6280235277507948,1.1423873881191706,0.7668353703346653,1.9347478608848598,2.0481067129565003,4.01969806712139,4.0081080499823285,2.9213223451160975,2.30546995059019,2.007852660946789,-0.2433359112404002,-0.06547229163050071,0.36017307977467355,-0.4532251503752231,0.27087458235473033,-0.03273891951614478,-0.7847815620171514,-0.12841192243429417,-1.0124099430327276,-1.9308011570139536,-1.4117032598317034,0.453541409372422
-0.8824590027533209,-0.9057550871449077,0.35880361422281143,1.2838038585143443,4.353100760372205,3.584774846045265,2.374655167361112,1.6208268583806296,0.1841014205322459,0.9252664123176941,3.024151052691894,2.446631311550117,-0.020522041953182257,0.6861664059664443,-0.8348478987118292,-0.24719183367737016,-0.29678660418066943,-0.5684169088961836,-0.07974252393758269,0.17219729054900804,-0.011677191344062697,3.5430781509753486
0.9299131764992105,0.7430591667325572,1.3083463687778472,1.7606129184020904,2.2486871979159764,1.9642055168191748,0.2856213073996875,-0.4021145573217615,-3.546293946291427,3.949742142624964,2.794077706728408,2.439536798713593,2.199583317306811,1.6116093030909102,1.3581964667390967,0.9005134556905299,0.911073965730939,1.1414053951675316,0.752881986703651,0.1366802302815258,0.6367108272686393,3.1037851325060726
1.3239655943376294,1.6936334588845487,0.9756240246944067,0.22257424428525485,0.18506331384607552,-0.037866652599343756,-1.852672382804291,-2.732358596238873,-2.291476962198908,4.757528617560089,2.2028190583387457,-0.10297628573326377,-0.13217856677119436,0.02141683062985787,-0.32944759290495135,-0.34664680717348795,0.8221623895182543,0.7358347043804828,1.3457591581173574,1.0917153966701756,0.7431132420618217,3.5046997377892923
0.5552837745024227,-0.5213782197812236,-1.3745657914357936,-1.2013932089166637,-1.3264446564366343,-3.0504353416489423,-2.036145489013453,-4.66089685965553,2.129141381494244,1.6697004315920978,1.3719865615524227,-0.6395467284453374,-2.0602326940577904,0.01982766106508781,-0.670511890563075,0.32429176907944773,0.5395911072493197,0.58819462778543,1.0877978559509138,1.5472238047010396,2.6615917318954727,5.602354099955496
-0.49885371114636096,-1.5696832098748112,-2.0376135414652063,-2.6194675156530147,-3.2449738602131544,-1.4397523946420425,-3.1563788550734144,0.17934503504969446,1.6969409274199987,1.8571443170029394,1.0270237665472373,-1.361880520293233,-2.2936317946893907,-0.015433002030457017,-0.3736696836723146,0.8469104004212691,1.5999676249293098,0.7664118547139056,0.9869864137306639,1.8755942376182178,2.9685005832442926,3.7013803594340393
-1.3034774622879226,-1.3627451210948334,-2.602137794868624,-3.6953108601056472,-5.591324979430461,0.0024594168716206054,-2.0243184597422763,1.0522332741685614,0.5857248301084756,0.540855509588478,-0.7860277536083091,-1.815867407872237,-3.073494491682607,-3.265111390302559,-0.6849195557763987,0.9783640819347408,1.2385055637924358,1.6227678907161873,1.2729762395503548,1.3436154046511175,2.0595919051110783,2.40849964251721
-1.7420829869866046,-1.885814506484948,-2.7250683520240098,-4.104497983942862,-6.442162711989347,-1.489462513014638,1.0000734144834689,1.3333764239577737,2.5369889733912183,0.4238699000181955,-1.0321108094234552,-2.0876770846074915,-3.5618116450406494,-3.968624062828021,-1.066456641000859,1.5052956547361696,1.7891382462974283,1.801157632801822,1.7708863810255484,1.1355067295360255,1.4787358017117187,1.2220638931650003
-0.6093158832488246,-1.2398186240752258,-2.979280909193235,-4.655043874357128,-4.261642943796775,1.1387595947079787,0.9441718780165311,1.2758426297692123,1.3848939375938143,0.3891607473197265,-1.936438392111665,-2.2965980126187193,-3.699399815680774,-2.0152897847344247,0.799967236055097,1.4920193222320486,1.7271574234570952,1.24128704840136,1.5052236460720285,2.10457439005383,1.1750581896186398,-1.4739705959654805
-0.6263044318485357,-2.4868239236251473,-3.6048606512729857,-3.4460621559625424,-5.166195916380351,0.3023233702483885,1.2728715947272446,1.179574804377252,-0.022822746005425932,-1.7332861707107674,-2.936205087896868,-3.659871980007153,-0.9365136432248108,1.5103156504229045,-0.8341611051084326,0.4275928673581746,1.3222382162624937,2.5708481861419417,2.5064481227681368,0.4934457442693382,0.013216101994453016,-1.7569503062630343
-2.77227804349443,-3.140324553681486,-2.927103004676765,-3.082017773091223,-4.763152503130573,2.1129720395166207,0.44552566128546234,-0.4355880489625142,-2.2354827461378965,-2.441524250564818,-2.9437081663483595,2.06551233905146,2.2880638640282203,1.1005161348009926,-0.6021013941087145,0.9077795831886039,0.16616072609186125,0.3181049371009103,-0.09931870932739742,-0.828303150618668,-1.8337014586612979,-1.489047470334234
-2.8603861763615788,-2.9840979069208444,-2.301713788365826,-3.68339667373107,-4.443650615462966,1.213119974404133,-0.04492905446657733,-1.0392509458540822,-1.4785977760332996,-3.505433200275017,-3.5247370090911745,1.0981571601070919,0.8355086900073585,2.497889224174413,2.285838490552118,1.7192917854927405,-0.06410219600324749,-0.9344250981756029,-1.4543336628896792,-1.7503263802194597,-2.451855974040037,-2.369135943244029
-2.487275509058023,-1.7916366931099625,-3.0519343263578085,-4.206853974031569,-3.2117641816447904,-0.15006011555713605,0.8946039653997795,0.34041504272851497,0.7655029664819059,0.8399052299674586,2.230579340623997,1.1225510813362771,1.6707767785949867,1.1870887778093984,0.25369852917479724,-1.188811876178114,-3.2135569092020044,-2.677906895393859,-1.144353966285472,-2.623235959564728,-3.303286446094406,-3.139990952112198
-1.7327256405228866,-2.945685004379943,-4.015668387648794,-3.286863827937953,-2.0846748611493373,0.7225144785268903,-0.7480451089694636,0.007359195216078932,0.8216994785517927,-1.027639489643171,-0.7783646594455396,0.8832438668364477,0.09116720690753187,0.6828485004412033,-1.3423942563507651,-2.39827135029646,-2.502752504825764,-0.2600811484032409,-2.3751112007629636,-3.4399865970358996,-3.5913303929165212,-3.610217490347691
-2.0372013296552565,-2.201412157416389,-2.9063530596989855,-3.61182304877767,-3.6623818839927424,-0.7799209272795847,-0.5964326030140162,-1.1159863354741746,-2.820696590969372,-0.5391675333341093,1.2001384125739734,0.1619621610773241,-1.6241744407006504,-1.4908103027368071,-1.2357626628300675,-1.0620659792557299,-1.9608706698110894,-3.0776452266988183,-3.646459594796067,-3.637049368347112,-4.3058637470817285,-4.430517122983407
-2.088154934620826,-2.077962272652351,-3.2087976047010276,-4.400267817851515,-4.075197929590726,-1.6337487109126279,-1.6663674712634695,-1.5045746994109632,-2.6816126582817947,-1.4309488714743965,-1.1227469377073642,-2.6289766610953547,-2.2550194370877135,-2.9893321073765384,-2.616852972793693,-0.1650268837931713,-2.3108527590260364,-3.4582317009513583,-4.076092826153921,-4.185401275488854,-4.5628249356981625,-2.3840067410631467
-1.6422724592594664,-2.672679677686386,-4.191819021219171,-5.4573787960772995,-4.553345709120837,-0.1486466237036553,-2.8927976751115656,-3.132039966580403,-1.4210711891765648,-1.846072156327022,-2.369590750452424,-4.298924403963789,-4.671680934182909,0.28819642825342995,-0.052353863746997284,-2.720922597432955,-2.281370441255452,-3.34786627962389,-4.289492669207185,-5.555022495990221,-4.0568426278946,-1.0497863479232712
-2.9054060178726657,-3.659189438710164,-4.6330933830391166,-5.566097431243972,-5.202766148212966,-4.834311108578383,-1.6086102505765696,-1.0901509835399505,-1.2075917896399553,-1.6689715126822535,-3.247138919667055,0.10312743473964484,-0.9477152283284335,-1.3189923231775296,-2.1775440638363226,-1.6279208365631421,-2.088594982030261,-4.304917864838896,-3.005552324980288,0.6306887085328255,1.5681444990923143,0.21955952391970854
-3.7806301285370565,-4.1386102129591755,-4.90796984940668,-4.858410662184072,-5.0686437253422705,-4.854087697413629,-1.3770060549291425,-1.6160722994484982,-2.1660181668238923,-3.2665612353719746,-0.9363050739406426,-0.8350393922205976,-0.9823292059240937,-1.1173049953907184,-2.251355173448975,-2.659760616854158,-4.8876686134213765,-3.349926626505232,0.8542188812320901,0.1900978271566565,-0.2246586133548782,1.0108121121731541
-3.7165112790268724,-5.1215322134588055,-6.598448368112515,-2.0122322131958086,-3.2105221739879295,-0.5895949533348877,-0.8514276173670264,-2.5493238886674523,-2.2201981273906966,-3.742769581473434,-0.7367927480673576,-1.433317409049339,-1.723538606348745,-1.6498652544621057,-3.447156643826096,-3.895067305258614,-0.32988436804612636,-0.21014300224494417,0.054980152769673336,-0.3230864772917944,0.6411128702749711,0.5084169959805334
-3.836140380943245,-2.5708315455268362,-1.7963899986937597,-1.9626465074334327,-1.6553606137061139,-1.7300073868706334,-1.2779135307164886,-0.7398513709797986,-0.15440707879062027,-0.5167195284621608,-0.6608069325356252,-0.39443358581946975,-1.213028396714417,-0.63692811468375,-1.2184753239920898,-0.7712949232249504,-0.19501722798809998,0.5194604849040421,-0.6062534680311561,0.0032441604625605175,1.024500196705862,0.9326538008077258
