script/wind10m.json
{"header": {"parameterCategory": 2, "parameterNumber": 3, "lo1": 3.000054539987559, "la1": 64.9999836372058, "dx": 0.5, "dy": 0.25, "nx": 34, "ny": 52, "refTime": "2024-12-03T10:00:00.000Z"}, "data":
[rows 0 to 23 of 52, columns 0 to 33 of 34]
-2.181714527793501,-2.6792952963011474,-2.826670579922664,-3.3929120711276113,-4.215214744976115,-4.62841417348909,-4.9183588603619715,-5.888589329454631,-6.503354090329157,-5.325801346394593,-5.650653712492467,-7.290480181025139,-4.605245470283559,-4.188698457104065,-4.318860765943331,-3.5952538492844512,-7.023378556003397,-8.07595132679276,-1.1493639910465678,-0.39211301882552807,-3.5490174126051057,-1.342664907125092,-0.3025703904106194,-6.688257079818605,-1.5479590617233654,-2.4369482690288335,-1.6752804213283765,-1.796072269793551,-0.6197982324765605,-0.9623193897552886,-0.6368864662146977,-0.4964205758979056,-0.2637458298229666,0.4098299347616799
-2.3139072555559967,-2.1804565661211868,-2.536548474655459,-3.0796115297349202,-3.5924221407856343,-4.230955606870123,-4.695223152644626,-5.031062435788181,-5.461666033568975,-7.053965237631102,-7.102254898767056,-7.933340721069245,-4.077662135632629,-4.856002574073354,-5.074463425947873,-5.660414697910059,-6.140854915564449,-2.8456519909030207,1.6253125495447651,-3.1688493309658377,0.3090452120575025,0.42329776262884977,0.03803576089805805,-2.620642051952097,-2.0764964046843994,-2.8441895080359885,-1.5971605308740673,-1.0052271055043245,-0.08733578082122083,-0.1689199903505424,-0.43931382430799,-0.46328722264738587,-0.25849887685957973,0.04123735767746249
-2.25869671846071,-2.48979163407458,-2.209518998668759,-2.712596232742966,-3.18235799499908,-3.777274914103853,-4.574111666356938,-5.223115799848567,-5.414004531605871,-5.338407210243969,-6.571977667595817,-6.662609804286163,-5.229108932913763,-6.370054787940567,-6.084525751973549,-5.22598552966407,-2.089299929997172,-1.3975596552668796,1.6025452618723912,-0.6284601169140931,0.3278003666766631,-0.5953766723868813,-0.06909414784922706,-3.5229900836353907,-2.0134128906252555,-1.1458736470867141,-1.0001818457832106,-2.096515749231843,-0.08452326689235524,0.15340221903419546,-0.029981031646349403,0.12891038901533114,-0.5128776692895173,0.3246024502497525
-2.088721596047091,-3.1851572710366858,-3.109572051282602,-3.1501118798196317,-3.500829895875302,-3.9914436351313483,-4.121378350617538,-4.47371382145299,-4.76174861262747,-5.725854022302685,-5.985394890690392,-5.858766656948713,-6.403561877436521,-6.351029933179011,-5.992073099011541,-2.4667254577135513,-2.3109011258217156,-0.8865101161279111,0.29430727063346535,1.2354837584848444,1.3057156400423653,-1.1138129571536903,-3.1963786520573247,-1.3364232690541014,-2.0925794627350567,-1.2970848353703048,-1.1716174110597388,1.4021981973505457,1.0099368532254784,0.8764824776546678,0.10349047734646337,-0.1626777180108061,-0.1987137991680161,-0.8267855397969457
-1.8649799739749977,-2.638569978415547,-3.5415324229634084,-3.1598725778659054,-3.4642171663932837,-3.9911455581076374,-4.208032389069231,-4.312309134618299,-4.361940572983031,-4.3935135488458466,-4.705329240645796,-4.7588413841166854,-5.097545575181372,-6.077129319178805,-4.338817836044317,-2.0344479327348433,-2.2255637154490415,3.167695704722045,1.773127945704131,0.8309007488637905,0.021056029776308275,-2.007296279755916,-1.5310848857292705,-2.456389078854023,-2.5607400279134342,-1.2136007628719794,-0.0654388944680968,0.3688005752049442,-0.2927780610336805,0.3432158529738525,-0.8049454827182367,-1.0656190954935545,-0.8115911324828055,-0.883652701106824
-1.7151929014634115,-2.521576454272378,-3.376179729657897,-2.6697325899417885,-3.655177609894985,-3.6597593687823236,-4.223177863966997,-4.294397786232248,-4.639923001801729,-4.406393072911969,-4.3140071912758495,-3.8377890859705945,-0.9545715662932918,-3.36098939044837,1.9805979774841016,1.9316167177711103,2.5719669476671374,4.091789167600546,0.4778296942476898,-0.7013126868423543,0.011634684200899933,-0.7288533395575624,-0.028838182104465423,-1.1298781317640392,-0.42931934135468264,-0.5187781757102624,0.9110487190552299,0.3104520672996762,0.6859316093531241,-0.3797022563230753,-0.4373446469652548,-1.1746447668293227,-1.3733798594089328,-0.9520231867540067
-1.5082183704377392,-2.3060854483890196,-2.3485268585149415,-3.5928640946582378,1.298466036207508,-2.7455819289620194,-3.716535953270666,-4.137566250622907,-3.785886994706607,-3.2818851900976824,-2.3546853220535775,3.1075976464733785,3.7143970440838388,1.4149442105266912,-0.12436226515673507,4.084357231181687,1.906279520288478,2.505528584887982,0.7470592283708869,-0.06319377527891509,0.40381643515831916,-0.003340944135416086,-0.989442257093072,-0.9786538235975839,-0.6282654267265678,0.9916268246382067,1.3541828180310904,-0.22228712339501216,0.906254585093338,-0.6584661105769236,-1.0356453509441583,0.30801136630527715,-0.6926939829554604,-4.393260845670479
-1.5510510932807393,-2.1340240463168594,-2.5650134004166425,-2.8645633648965294,-4.570908443339117,-3.5552218828183606,-1.8559640547814054,-3.3787655812735347,-3.9556412953311066,-2.895863615111169,-2.3834573624626483,1.2193178586164808,1.3131554689900033,-0.1254388639728452,1.2119127546362503,2.5056298329888174,1.0293545434032434,0.6727849330907143,0.09024227940681066,-0.14268810217818584,-1.3758343488126492,-0.20974249470472317,-1.0495410093550857,-1.128752007294302,-0.2905693024373663,-0.3079710991354691,0.11376144230323133,0.6572919283976898,-0.13890952092716477,-1.1567057164944063,-0.5007272193788145,-1.3873107459687453,-1.630361186987228,-5.5244901071990125
-1.7839683718771975,-1.787768392299938,-2.156118200423541,-2.534096167489213,-3.492948992721249,-1.346080223144428,-2.334759558508897,-3.0219228302936316,5.025578908939723,1.6319830810577658,1.1728552953012232,-0.20541944445130608,1.4217272509989762,-0.7440698167702685,2.2377110108530758,-0.5030735213058757,-0.36484186969645527,0.23981808202560864,-0.6198780914674106,-2.691732273465423,-3.46704090306928,-3.438178537578723,-2.9225433832303396,-1.4164669560824752,-0.5441717034986869,-0.29687108299945053,-1.0054349060341385,-0.41000186685174916,-0.8245800096649519,-0.6034135248761031,-2.358250280464646,-1.6838304019927441,-7.362067618011238,-7.6107603955430845
-2.006342868171501,-2.339058585251554,-1.964151093337793,-2.360974080828978,-3.2584283201634934,-2.990162095230161,-1.5422452813196004,3.451776353393626,1.5184814703747316,0.9906793877297952,1.3253739536655293,0.999247654493011,-0.19774045489127134,0.6053853994393131,0.0651592644457513,0.20000905455465995,0.05679699035881636,-2.70823190806598,-0.9361000120122387,-3.5931071931135494,-4.388968324674455,-1.316694215894385,0.528575309660558,1.5654417767164426,0.40387332880411664,-0.27355967416484356,-0.039108116655994535,-1.3389843481994042,-1.071265643098907,-2.256304144237401,-2.212530417527077,-6.390267659015196,-8.086680815531567,-8.83683152362248
-1.2948642950626195,-1.7289762443949264,-2.0236144288872997,-2.5401246010448806,0.6865789114035307,2.7927983581527807,2.243316432563614,-0.49083054790204156,0.8052895977554665,0.7300059164125929,0.8025032527546612,1.5098536353230483,0.9673768044913527,-1.8592006779691899,-0.983489380794869,-2.8591413884347348,-2.2896936387386213,-0.0361634550021542,-5.445599771843373,-1.9841361514254419,-3.1602463461696555,0.6311542358154698,-0.6236398809970002,-0.12864738744791152,-0.3617472071982894,0.010558439982022685,-0.37471041409952055,-0.7656189981862866,-1.790972638005508,-1.8010294507398947,-5.345439883730778,-8.376206476682583,-8.723906232197443,-8.643331280178302
-1.9899725497464664,-1.9140998762233103,-1.9294820745908476,-1.5969264145191178,-2.639480501557592,1.0995524575916302,0.7826104178039887,-0.5278798977178114,-0.5092759923461977,-0.16490213057792605,-0.20306754942927713,-3.153659685300429,0.45314306085875,-1.9086354183690435,-2.674206771365522,-1.3416724339528658,-1.3357649676961907,-4.983669828022539,-2.257873843512916,-2.0378982521364017,-0.7352752264314962,-3.2726560634758783,-0.17914660792230733,-0.24596853165334104,-0.4044299126640117,-1.8891558013982033,-1.9035765872691872,-2.2990850024043836,-1.8716220187353034,-1.3272624694600854,-6.868909474229647,-8.930421127895537,-8.994601780876442,-9.566086216039382
-2.0789759541499744,-2.0885171070017456,-2.272824657423933,-0.3827393250829962,0.07398498107762871,0.9492828873814712,-0.47740964208230346,-1.9922693630548802,0.6655443253060269,1.6809234815220568,-0.8388541369234438,-3.3263238851736214,-2.8843896356139718,-1.2675736404559166,-1.164865971393848,0.7845458840753001,-2.6700672616416994,-2.542521715730344,-2.0431239345753225,-1.311544357078887,-1.3891235154493782,-1.20607326902753,-0.47416708318807815,-0.5899670898941014,-0.8654269716280789,-1.076362948657011,-1.6939431483205112,-1.6614138451839944,-1.018593275075567,-5.170020108408276,-7.984521071143342,-8.470278513564491,-9.156941286446624,-9.893687722054805
-1.6608985845622064,-2.159378888567571,-3.385076144958166,-2.4022382036877374,-1.7135489695934902,-2.478195440378547,-0.8718033630716083,-1.2227674410372729,3.200816812989277,0.4707947850674351,1.3369834485222207,-1.6203986806002908,-1.0884164812679227,-0.060550908333138434,-3.8717423215983358,-1.0710412539958876,-3.401775775022804,-2.6019878491877813,-3.0179761604031907,-0.5267719587247472,-0.9299841005224984,0.5270200441030155,-0.8375661867819657,-0.9646311560128977,-1.2697415520495823,-1.9674229644810937,-1.0360573563067266,0.21782683720782617,-1.5386068861742417,-5.042745424105609,-8.71770331262636,-9.911905832106958,-9.612538735416146,-9.359867115440432
-1.6458382624966006,-3.0301283417563267,-2.88244067810949,-4.572761454084584,0.32548692462940615,-0.3731475023522818,0.3761361512298697,2.1057546236168454,-4.235901032149699,-4.931386168685334,-1.7225788323712181,-4.2934689852473475,-3.108190603516842,0.6128373134439219,-0.9895560259349946,-2.6487008715063554,0.06379212052776066,-2.14223337682499,-1.7086870840429578,-2.012669691605246,-2.5247146342488813,-0.29153747895862514,-1.5853789278147696,-2.212317669948605,-2.112947747449889,-1.3340633403740132,-0.8921394176332245,-1.6614624811688439,-1.9873963647332702,-6.090789783717474,-8.70870484357747,-9.799948883054853,-10.426749552561361,-10.063990737012292
-3.192984484996299,-3.1727897696616347,-5.193624479036226,-5.262742578511695,-1.5805056903041264,-1.5850815683186399,-1.600245277155146,0.9936517970217005,0.06845078770318494,-1.9209506144078206,1.851345077427595,2.26874465801943,-3.4255367121261404,-3.438828101122655,-0.15516594643494697,-1.6585055906361446,-2.9054291562607086,-1.8093282970481221,-1.7177094088115958,-2.032730603415551,-1.4433714022966024,-1.467282775152733,0.28672743201364753,-2.2644469576924813,-1.6334714913694472,-1.5599517392188642,-0.8789726705476472,-0.9479056173214745,-1.1985398290591618,-7.394558986420768,-9.40979089632313,-10.868528357056718,-10.935969929005099,-10.375366097559368
-3.777529570851999,-4.4096131592775105,-6.0470797795526305,-5.03109082532246,-2.4485714950276236,0.4857190869343667,-1.990276092627039,-0.641480544817517,-2.60270289562213,0.5928200656399223,2.0172397618485807,-2.3322649812644225,-0.005668998820825734,-0.9152616030214717,0.6855952354478797,-1.5286487868761567,-1.2268951892064506,-1.5951311904515386,-2.845944132241255,-1.5131531905998812,-1.5611255972699585,-3.240351421133202,-2.2381826441455317,-1.5471849193247622,-1.139574700403021,-1.0279257730482798,-2.430547130240266,-2.422247653978137,-2.4543654089490805,-7.538322842376387,-10.19646452125539,-10.767947624870285,-10.67698685195391,-9.954110692348616
-4.850883483868232,-5.651918655781287,-6.591682461698326,-7.194012094411505,-2.311726601368873,0.3040580754609456,1.3156988035536226,0.4561280259848864,1.8417986735651775,3.5407871490949363,-0.1060921893705804,-1.6968221702057316,-1.0834364897411524,-1.4311916413147818,-0.9084988371390346,-0.7043685654142029,-2.7605270274561606,-0.02849709889182716,-1.7481679094754252,-2.3909093999991926,-2.0212711785747506,-1.5778694062768481,-1.779272021486349,-2.5965993037901334,-1.54247144287494,-2.9199170136241976,-1.059799379317192,-2.6274020937324956,-2.267639115989228,-7.685312909784288,-9.382565358613455,-10.272540241952882,-10.089865735046507,-9.82449027365486
-4.673323423848426,-6.484520659201955,-7.8575870857702625,-7.329348911612939,-3.1761926794598017,0.2953556649820251,-2.3196545243659314,-0.04521717862250999,-0.43358254579692773,-2.6625887659197196,-0.5254471664453588,-0.1872829880555001,-0.08927822247757307,-1.885153752380742,-2.0649226295933523,-1.1393813926456045,-1.715752249055658,-2.519250274493359,-2.368880347705378,-2.4410296099752307,-1.7916607415481915,-2.6808991704757106,-2.2357063844403555,-1.7125882760661981,-0.8645407761707031,-2.186590768594375,-2.8514562295758257,-1.9247765356176425,-1.7474261145975323,-2.054328378485973,-4.459837157864539,-10.209735859088429,-10.30915438841944,-10.851322110532532
-5.771862639310657,-7.083725034562867,-8.475097356521628,-8.333878804167506,-1.6977470189747579,0.20520633421734336,-0.023175394418109962,2.764507715672348,3.290889120200288,0.7972810250026318,0.6458451672516288,-1.2812160032642965,-0.5212466641028561,-2.986485879491553,-1.9284983141023053,-1.4778522797822669,-2.8376618285599564,-2.6156804414665933,-3.13651869175146,-1.6728538828436945,-2.5541171912841554,-1.8882699215254424,-3.344180550907909,-1.5662368537046072,-2.1545691355302448,-3.0172901046378033,-3.0038956549365956,-2.3273839707997994,-2.2213044729054148,-2.302427475269532,-3.1524128891183323,-3.711286362072612,-11.51145564770109,-6.2513088230316125
-6.646897486290505,-8.260995393477799,-9.04104734396559,-7.5919124687387365,-4.243182298691383,0.14668106673143738,-0.12128695936952771,-0.8638175851234912,-2.1273628913240334,0.9400688861995792,-0.785179497464186,-0.9875071014711505,-1.6606389430916038,-1.5125962447463734,-1.0635270845506153,-2.46953765905452,-2.762788423735402,-1.9414191013598652,-2.9150753916833705,-1.8713539671050405,-2.553034932828403,-1.7715253662710315,-2.4484349140741792,-2.4930543629578836,-2.881747843682426,-2.6571934049599353,-2.45922084310183,-2.386015128799039,-2.4454066510624997,-3.861712419998141,-3.2284209298776525,-3.3692635844252656,-11.535552092014177,-11.162495221359213
-7.556010367264896,-8.568496580967707,-8.606797882727061,-6.449588355036711,-4.2467719988437365,-2.010256480152142,-1.582551888152718,-2.159693983968474,-1.7931807176596934,-0.5576124963951212,-3.204823765403528,-2.244537371590822,-2.545647231169535,-2.520643170942467,1.0587238702835926,-3.5717509527410702,-3.1504671751236293,-2.4986835921050994,-2.481862824039531,-1.8751580228845477,-2.6131396502750692,-2.603755305375991,-3.072234045974466,-2.668671366680015,-2.7469948932785604,-2.772161251492428,-2.7702927436677705,-3.6684754228971816,-4.330176178815353,-4.789236921140738,-3.5531809501857126,-3.904344832097692,-4.601038931294318,-11.568973624579158
-7.685577923159891,-8.589001552528055,-8.482770482916852,-6.262071092958402,-3.213861090185594,0.6563805456480524,0.6435115101735706,-2.564634066141352,-2.6209586493613295,-2.5435645297539566,-0.4675399435446063,-2.027209081113702,-4.35545688798375,-2.2211508712188,-3.227986494936442,-6.4110254438899705,-2.7570685513662943,-2.2579582361395896,-2.6398393345494715,-3.365646600483309,-2.951419209356076,-2.407151244961119,-2.708436003627779,-2.929897922073654,-2.77773420652164,-3.3457950602577076,-3.941295260626871,-5.2501768903278565,-3.812399689443193,-4.358837006135701,-3.7686573558777963,-4.850738395950864,-9.505389866003918,-9.997041393191564
-7.483449065361979,-8.553881989241336,-8.421706387607276,-5.484663594233628,-3.455655142400875,-1.3576595259503244,-0.5702559600679266,0.8036403768627497,-1.6218138240620497,-0.6082051053859594,-1.6646975668951163,-1.31370935234481,-2.1516343897596393,-2.3692350419674155,-3.4396089852028946,-8.863491565562468,-3.9960690445744866,-2.8090534565350542,-2.655926726016369,-2.988301092609481,-3.2693616402633148,-4.540525048449113,-4.299405623670317,-2.4767371237059064,-4.886699027214207,-3.2241151235403227,-5.1206032181542565,-3.607140310261785,-2.924649158901115,-3.8911069062009265,-3.9737098412730134,-2.9643157837685505,-6.615235722844301,-9.118187984433211
