script/wind150m.json
{"header": {"parameterCategory": 2, "parameterNumber": 2, "lo1": 3.000054539987559, "la1": 64.9999836372058, "dx": 0.5, "dy": 0.25, "nx": 34, "ny": 52, "refTime": "2026-07-18T14:00:00.000Z"}, "data":
[rows 0 to 24 of 52, columns 0 to 33 of 34]
3.01388776235328,3.1935627034724265,3.3343686554850755,3.5487276474898777,3.6160870578603324,3.682088589243868,3.583024583476179,3.372313921272342,3.1445600503732565,2.8626953140774685,2.6790307409197203,2.3213534931999087,1.861014729849102,1.3103780197480643,1.0231105082403331,0.6619502426275286,0.9976259668181828,1.370685173898508,1.2279766011646123,2.580531278657322,3.6785082569394136,3.038826839462681,4.130773609317078,1.3057569198037575,2.564042784438578,2.068595875057771,2.7350298827214603,2.4085011909147505,2.6831690556202217,0.6513460376548008,0.18001739153796803,0.9427035243391841,1.887626428689827,1.0287390981375615
2.5879664897185823,2.771505286738034,3.2256190865778263,3.1866430667072465,3.1433050482376537,2.645608956604965,2.489159766970816,2.1829641325515934,1.916891767030418,1.8046148961653294,1.5249201679268682,0.9122275535813028,0.5570330733256135,0.21196468380896258,0.13634103997047697,0.36886378296690825,0.5282010085648564,1.482679344092024,2.587197535836711,4.404851703990435,3.620331721941189,3.0360029377130395,2.948019533566125,3.691630486548093,1.9290175817067097,2.5674316911015533,2.064443207541574,0.45641829368293535,0.8415383605053719,1.012942894000698,-0.4064692858800498,0.5943701097225851,1.7042795567460074,0.0623259071389779
2.2526239405882227,2.8195034745571927,2.74376387991811,2.483571385756436,2.2642401801175027,1.779706213707258,1.2133327407756107,0.9760424248666055,0.8042752531468433,0.39884413816394904,0.06808578187251871,-0.27577702855859165,-0.5517420156327535,-0.5654202792570224,-0.4628508712197636,0.238547602809835,0.9688103042190843,2.792352053035831,2.709001234539542,3.7278018109089883,3.556278537600208,2.527925229752243,5.167406761822955,4.573219642878952,1.7325308651478672,2.0816874217685633,0.903562608871551,0.3074588139766976,0.7276993172250955,0.9821683879162411,-0.42626536614367794,-0.5195986493201067,1.0833108683556714,0.427065840633655
2.2776106213067475,2.321026379077657,2.0863725845162446,1.6845869186869495,1.2460733469412861,0.5008611962265442,0.10687842814563041,0.15395608878357553,-0.3495281920483138,-0.9245717125827587,-1.2227473991685889,-1.6079863732571074,-1.3043844787271464,-0.9748201222228394,-0.674659558201108,1.144444234675502,2.1352994864945636,2.20442091232325,3.3950922706233477,2.584665230387489,4.302441841132417,3.0551314862964167,4.039539387181449,5.203542071273994,4.098898826850886,0.9200295475327287,0.3558145853969699,0.3232353806638293,0.11912735007513255,0.7805012157149562,-0.6916985340795441,-0.4874341569976955,0.010123133036439426,-0.40423365243625753
2.317802391695294,1.782035285686698,1.1644873773286462,0.8031637019279216,0.016674383839895723,-0.6263774192459569,-0.8892053829305239,-0.9427504422774313,-1.2923676995498614,-1.8156064313108509,-1.9785989282457463,-1.8133092436979512,-1.4343613617524444,-0.801890822550319,0.27900814801673635,0.8907710023168042,1.9017513950941867,1.370630858713315,2.6231623782362457,3.67907259693852,3.221350294566232,4.264783525728124,3.589092655085529,2.215889171584943,3.4359301800623094,1.2440093829332877,1.54271672049919,0.3043305148952506,0.6718495709726214,-0.2508276958336583,-0.3699617601314893,-0.21830186745332347,-0.615379423061709,-0.035696059893069176
1.6514629032425052,0.9063408797979876,0.2654362565519133,-0.3627834655875311,-0.9556940282808996,-1.7520012845691693,-1.616092765068154,-1.5529543842365225,-2.0585819012838185,-2.2643827447779996,-2.152921561868234,-1.6653423295707999,-0.48562270878591274,-0.38383989317030975,1.7044488422231125,1.5277125926148967,-0.1830285759001001,2.917549149539775,3.4945242139365256,3.7980977488439467,2.6860061665899795,4.842415299565398,1.1239322870416033,4.52133982006251,1.9144113586687328,1.7480218659740379,1.6740825588753612,0.6191278972387372,-1.47431250658372,-0.6906464835770353,-0.7045921341351357,-0.3445827712748768,-0.5405716229913187,-0.8118715464018074
0.6682578716480497,-0.07211499301246212,-0.6957602494210112,-1.14565056216586,-2.057897830271192,-2.214211339476769,-2.1468036236930486,-2.4894136239575135,-2.6965083559664063,-2.5720361822365225,-1.9703459171127915,-1.223671193588199,-0.40606682223352053,1.5231142013297019,2.610060802118172,2.4700900194764146,1.5756077166388924,1.4556191308080884,3.547908866243133,3.671298251575065,1.3927405159269932,5.724059473655975,1.807731327536824,2.5371963289646184,1.4250542138726454,0.6397866056380842,0.5655101500309674,0.7123261155614509,-0.7269177218782396,-1.2066037433684293,-0.47993300332627264,-1.2032227018875552,-1.1780574464954743,-0.9927448832975936
-0.13774074782479007,-0.8163358617521568,-1.6034072051005164,-2.128827675204289,-2.5946673011302903,-2.7493047258534986,-2.92859618823002,-2.9456761159712204,-2.99530166660002,-2.886529700537239,-2.8362435788366684,0.3556095480625479,-0.7780500234298089,1.8158110630952828,0.3318398228031331,2.453596139458145,2.1160748242294067,2.430066426023394,3.2599829853322775,2.7756226937778457,4.136365105907961,4.149342846362682,3.532184129582163,1.7821847363954177,2.271933544542939,0.9082062195741427,0.2191767533741591,-0.5424506592768321,-0.49763630227188094,-0.6957029171704717,-0.7342539461334632,-1.4148704135538372,-1.2708191780703002,-2.639519292703025
-0.7646088727298856,-1.8992136736636815,-2.2174499385778597,-2.9251166095717775,-3.6810767144543806,-3.6056282117981615,-3.820340155091154,-4.126238944283436,-4.056318958615763,-1.7967316681436545,-1.0702188897298208,-0.5547380449615249,-0.2460640236860577,0.5981685453968097,1.1618130385843402,2.9371388739168753,2.1982991331260058,4.540541995497552,1.5295275536273754,2.5763514496714106,3.1362213071663763,1.408343241898685,2.2050715361166695,1.8165742839504568,1.7688329620474588,0.4265395606450024,0.20173278954044183,-0.6054590294629512,-0.15340095728536485,0.12087179262692709,-1.3669375321814956,-2.3517338209338683,-3.2048136452982474,-5.222411479830398
-1.4676805281548848,-2.573713130947421,-2.851658632599493,-3.737135681825793,-4.250800730893499,-4.034730385037934,-4.561818535620958,-4.085871191812103,-1.794304558028865,-2.5756714600713595,-1.3589765192947427,-0.15798045217522613,0.3520556200624374,-0.5738352015656369,0.45483101989612346,1.4575172093383026,1.8588037663256731,2.9954358700020154,2.1690536657004964,0.7243769833109531,0.13217476190862917,1.0176163286166484,0.10822448661872279,1.5415297666798835,1.7462611062056765,-0.4716925490177246,-0.49788497770094164,-1.3540873855831843,-0.2663402233312026,-0.7137282099849213,-2.1581003888290997,-2.5921766620183124,-5.318670376776646,-5.856719719337956
-1.8976400182335627,-2.7436495323662005,-3.4797466868775144,-4.263324440631235,-4.576061131613435,-4.416289006772859,-3.0568540647099107,-2.5088248109499274,-3.2317167214412548,3.7466480511570617,0.020570727624113327,1.358220793393967,1.948465270043315,-0.5597580760880916,2.212091646558432,2.221681467768223,1.2604616520765661,2.253568936225287,0.7965512338435963,0.23420300718620513,-0.8782689612367913,0.2957084793562634,-1.6911219008461886,1.1689772061685366,0.11157184258911146,-0.41939684908451613,-2.0505619480455834,-1.491226255786678,-0.21974692833849244,-1.7927322204301959,-3.4925079112754176,-3.972723975107403,-5.1844776641779236,-5.667270609672251
-2.116624939444982,-3.0221956188334524,-3.971793323402164,-4.63645667450192,-4.870305255474661,-3.576627728610655,-3.958364923114972,-0.3042160719409703,5.104211786502524,-2.3708621106954206,-0.6022381964197092,0.5831174838762879,-0.8499403507284313,-1.550815140090695,0.4198040030171999,0.7168564194270819,0.7499467736239013,-0.5403705595218253,0.4350599021041976,0.2915417313009707,-1.80090530669959,-0.8326888283370298,-0.14877112521070068,-0.6941001716076771,-1.0666461068628195,-0.6193775852323193,-1.5294692696554344,-0.8535985417091756,-0.9474625128857374,-1.169059167140529,-3.658718015320513,-3.959317195301771,-4.7986604200502745,-5.232699121954115
-2.2613551665257527,-3.400557052287425,-4.237881164293629,-4.726713950800334,-4.460242931364365,-1.3684746339362714,1.4363230163836107,0.21001902780269519,2.99624076834501,0.4490964580115256,-1.784875491385301,-1.6277767536648005,2.3800333159298863,-4.715439535246274,-2.0619136198551797,0.736223381062381,-0.558454173995508,0.5216787093332963,0.848579843340567,-1.8806988387143901,-0.8199800994740504,-0.2909734952025998,-2.635080980847578,-1.1127685151914668,-1.6741540851434897,-1.3595335078582667,-0.9872680960769832,-1.2936397010131284,-0.7007816534442631,-1.5095241252361995,-3.438624394170259,-3.7274858108980737,-4.372991563796198,-5.59577727226913
-2.6035756451057317,-3.1295833787163323,-4.276703407126011,-4.154894627556982,-5.084129588767698,-2.9111535526291417,-0.3162734005452218,-0.890455481346949,1.2919765549946993,-1.6313125069917356,-2.8766913964070926,-2.72977517894569,-2.9529504859758227,-0.44171447046125456,-4.794135009050487,-0.2343853990453693,-1.5561120654805451,-1.1709477237639259,-0.023800182041398492,0.4476453324394018,1.6124566871446606,-0.9092587937131643,-0.8400974334764374,-1.2319745385616796,-1.9533950143686887,-2.330624756751363,-0.4842573529973712,-0.4206953128890923,0.11393075569553052,-2.058717786536237,-2.647537817820037,-3.609297191326623,-4.697606024064531,-6.269460774282048
-2.661927811640614,-3.1349455440010434,-3.558413751960622,-1.4264640927496473,-0.4610337045980173,-2.8710051443036657,-2.079331427567081,0.8583658166869552,-1.410382108813836,-3.822139064996039,-2.5085859298153728,-3.8746088150312388,-2.9681263121154924,-3.431174247037152,-2.0555290188618653,-6.647977558929425,-0.9539346248669897,-0.7904701127872555,0.032535408287298645,0.48999734755407665,2.477725026247494,2.061595039958709,-0.3570551185968178,-1.402856078545812,-1.4112347361941362,-0.949370167722109,-0.9261519932573836,-0.6715791128231101,-0.19428784975920144,-2.127300491929386,-2.6768972763864287,-3.7765059362227387,-5.596888007059145,-6.321966861331037
-2.6154767279797855,-3.0686465496073643,-2.1137783341531393,-0.6404313957566591,1.3564423199760498,-1.7163700026827642,-2.4266820846343142,-1.3554794956968115,-0.911452239153051,-1.7266745319936694,-3.045456384781729,-5.188955318050355,-2.409057872461069,-5.081124472474551,-0.668015029179125,-5.917039138422053,-2.65312333190951,-0.49889089900761,0.8657608767615428,0.1550264814745031,-0.7716264270313106,1.256775389078947,2.093090829897809,-1.368944194903128,-2.0327940324866294,-1.2190881543073413,-1.6438327025947113,1.0654078825521711,0.21008562270909834,-2.1111391034914955,-3.546031792224342,-4.512421739217017,-5.6905768634872285,-5.599760936781311
-2.6059597020402157,-2.7564607594027106,-1.7976462179414794,1.0959635381971955,2.7306973199104347,-1.3748966003525342,-1.4394723256402646,-1.4062245080990672,1.51434036235962,-0.17277457371462382,-1.047795474790536,-4.134819780263778,-0.19396971063019428,-2.3574530880383557,-2.247432527297669,1.6553783197391916,-4.164087317666398,-0.2781019251296712,-1.6861869716810167,-1.3800690545055723,-0.3132436095090683,-0.03303527169836357,-0.7669677053789064,-0.816918330151748,-2.318296295823151,-2.5984123070606095,-2.0289094475441956,0.21424900200331554,-0.4159896607830667,-2.8094627319710503,-4.744314046360288,-5.103100734484765,-5.687988718630892,-4.784315565547709
-2.3284440401569646,-2.6801717589109297,-0.8676173806542948,2.000365067230347,2.4959861028962673,-1.0987401806184829,-1.2145897856947072,-3.027523731287626,-4.526241347332006,-1.488196089707855,-2.8841678628046887,-4.013986793842829,-2.9643823835730214,-2.4688462170678562,-2.3538163274059367,-2.0325934467797793,1.3283424888834172,-1.357693513904649,-1.2505870668605439,-2.9803073178593817,-4.458165462426808,-1.1283328975245608,-1.8581629216744155,-2.9416970733371826,-1.0208714072975833,-2.4592690089076257,-1.9242010589025882,-1.2650344630622166,-0.9495241967157694,-3.078032375893684,-5.200113279119052,-6.230952481818721,-5.884649486453894,-1.080965465322467
-2.4962222816366637,-1.7152388024390788,-0.544798832909581,1.994666830824471,2.59815731460866,2.160521884630267,-4.124331825407059,-2.0164567124662054,2.0939996143880486,-3.5279842637153944,-5.4659382073397,-2.0203015725348243,-1.5127734815704221,-4.438129743103074,-0.054993258155204526,-4.289659934117105,-1.1223024490170015,-0.9968259548213281,0.631457552793384,-2.994106729110773,-2.6548283262946013,-5.847215316878706,-3.789642327429028,-2.999249445062982,-2.3895776317849835,-2.2418003275107687,-3.106148690919404,-2.4115029321959534,-2.5986100198106423,-2.9565423489841476,-3.8764916762263253,-6.082601120064984,-5.746824985254982,-2.835438767245817
-1.6088504513775577,-1.121597566176211,0.40719045065419845,1.6653826876086342,2.0737764642544323,2.427018657914544,-1.7865865983231035,-3.607821170731177,-2.6175345822284988,-3.585193029820411,-4.7667713990416445,-1.3496201592902732,0.07302560997516945,-4.1114914894118035,-3.215245917465722,-2.383727943633337,-2.396340499827967,-3.091362830728643,-1.0260777349622436,-1.8395980409370063,-1.881356460984713,-4.183407033772964,-6.650176569569216,-3.2138607137496775,-2.912382662612038,-3.5315651351430994,-2.736782144457071,-3.423507279219767,-3.684446901097468,-3.44538621403794,-1.985366715593477,-3.31295423604255,-3.2375720056978676,-1.5017784656885524
-0.5543734210797462,-0.0905503611781885,0.43360645661617936,1.4906401946996382,3.096177844297523,3.447723984660627,2.4348905859696384,-0.9625613777269713,-3.420972235420726,-4.69291961113764,-4.952484189662534,-4.113728589910889,-3.173936223039773,-1.9533842596807245,-2.7049479026816954,-3.289510780386378,-3.4704474497599347,-3.0553671838840293,-1.8384739905121412,-2.8295143177373174,-2.460117136357575,-3.4214705671748686,-5.5487065750320275,-4.553723043874992,-4.493636309526143,-4.770366585402776,-3.6498145709655287,-2.994054663547786,-3.5790120795871316,-2.8626079433790057,-0.9039588943353782,0.5716113575171687,2.3097170619385494,1.9977539935966144
0.20657314886012523,0.42061739020943006,0.4538850809225226,1.240777327999623,2.8597482582948865,1.1671109183740336,2.9174965400270563,-1.2653276821516886,-4.9329851717768065,-3.47838156910876,-4.132460878014319,-3.549782145315085,1.5966549464137831,-1.3673790149722347,-0.47661025176473015,-1.1988661124495323,-5.335771166029248,-3.4455327654898165,-2.374274249810174,-2.2866974304685836,-4.015741424854985,-4.244668900618463,-5.708695939748489,-4.329076611432154,-4.500631482347023,-5.180947366138774,-4.466781904336448,-2.939758921313213,-3.627136352416104,-2.7428096716708406,-0.0455784790872438,0.736631519473578,-1.568662602195924,0.000645437951967241
1.2098533435041192,0.7388286642648175,0.637576066681091,1.0053548957352592,1.7961916250998586,1.4324509097574007,1.504178396060164,-7.329431670651914,-6.374846249860879,-7.791291965639405,-2.1157770742702886,-3.817916974943393,1.8214940895953768,-3.4413418346454008,0.5944445929782465,-2.6275509040388543,-3.7834714808834096,-4.168984747651691,-3.73536888777113,-1.093064199014985,-1.3492088880487798,-2.407737711257821,-6.551863532486919,-6.821726816850845,-5.338343317127993,-5.951586305049897,-4.566159345086228,-3.433636434308057,-3.0741381338937135,-3.3189385792979302,-0.9166889377102218,0.024192515790101683,0.8077629929263198,-2.2432213571241264
1.625422162644481,1.0126678585487476,1.1610011163658034,1.4276147944417794,2.5507221994035816,3.957585437556767,0.9882020342283858,-6.454578852351946,-6.449455008070388,-4.218976529428661,-2.8709695263205703,0.030920231946222246,-0.020367479441897516,0.11300424411635052,-2.6609691190188207,-2.2541103832717906,-2.861613341499599,-4.951359468950402,-2.643602760627603,-2.4018981318215515,-0.9681219886713821,-2.6568103989981595,-6.372626290767107,-5.804764261552023,-6.393240408527434,-6.169394639530404,-5.191843871607003,-2.650668739409979,-2.7900751217624524,-1.1378221648549425,-2.0169328436083354,-0.8905896838719686,-1.244670006011577,-1.8767132883359148
2.2169909022584173,1.9329762912706046,2.097969570262803,2.1027643217260046,3.322439547292493,4.6209609813129005,2.773070971526527,-3.466531070365377,-5.798043443082815,-2.653793823876094,-1.634210379989019,0.2983144352004461,-0.1308449067968022,1.2537730884096414,-1.449183550875169,-4.297170991588476,-4.778878172569553,-4.962300502074302,-2.8882979269115734,-1.4577076051876983,-2.0180131071018947,-5.873001049765958,-7.696266347834778,-7.351254369024236,-6.984187054051583,-5.21842836256725,-4.230664488426703,-3.2970629199256636,-1.509050246228709,-0.5103109953863149,-2.6234573564537955,-1.3642695359570758,-2.225351146542296,-3.818771757639366
