script/wind150m.json
{"header": {"parameterCategory": 2, "parameterNumber": 3, "lo1": 6.000198445256149, "la1": 58.999992894266676, "dx": 0.5, "dy": 0.25, "nx": 22, "ny": 24, "refTime": "2024-05-01T03:00:00.000Z"}, "data":
[rows 0 to 23 of 24, columns 0 to 21 of 22]
1.2889274235451627,-1.01200534633483,-0.16194554451632287,7.237564780887419,11.017305596677444,2.207700180569697,9.533254017009176,3.0431495529968884,-0.7712520781537913,3.1864846177648607,-2.1269642408987774,-1.9271818493736337,-10.967300732383025,1.0569403051499533,-1.9984425908247656,-2.3615361832036057,1.9841324335779076,1.1648518222988067,-3.163698698519332,-3.0202802730599765,1.1736355528724627,4.459870753300886
6.21709795982663,1.859125050879456,-2.0604929976814472,-2.1924364088583963,1.5362509446065187,2.2544214980922574,11.200575287201415,0.016003799316220754,9.339935740527006,9.254465829976025,1.3183983628865545,1.2198398081773825,0.9566117173718889,-0.07997635013550206,3.0713338710594478,2.4980062722421135,-0.14958947433972142,0.6917665450579811,7.093922595790908,-5.527657940742832,7.866962771440982,-3.6091418009251592
-7.682213055411137,-0.33772273584134177,8.1109980777995,-2.6222675775530755,-0.008945543577537633,8.58289622304442,-1.5513138545752247,-4.704928709877986,-8.493542876828448,-0.5404913583406645,-0.578901459840677,1.51812791652492,1.8752045860058653,0.9739887991050065,1.7050007934973597,1.3268008227472687,1.686899815559488,0.18927877443964602,-3.256750996210875,-7.27092083690509,-8.576730908459224,-1.8184269371318345
9.088557445454517,-0.19383943359286218,-1.6361866974558583,-0.6446286501871631,-0.628565436072577,5.052002011878204,-0.5049123858120603,12.26888379503922,-2.6323230697709454,7.816276379461765,6.7274611603843955,9.07330882015987,7.237520433262188,6.2094344752542865,0.041185438282878524,-0.3857890243097935,6.191978241852691,-0.4330824861628757,0.4742305191472721,0.5261995663914241,-3.6013929131688416,4.865179882241659
-2.280336868751925,7.9155768533589095,0.3384853190785055,0.1434594397980612,7.614568546783644,-0.9895691393011962,-2.06773079112626,-1.8029188552316229,5.850161866155717,2.6977923022789665,2.553955730886507,-0.5239064248108929,0.5314797599339535,8.192661605678303,2.594530688700553,8.880124970852535,0.8993036316620296,2.3283158396527277,-0.013600103267632755,-5.562238014673866,0.37453957839331337,1.3649750932525244
-1.6328715125371094,4.109694850076136,8.416839473063144,6.074159473676153,1.1651014398158672,1.2166115228936012,-1.2849148054544193,-2.0987440665356574,2.117919578452427,1.3910335096763353,-1.339130792973327,-2.028737944403948,2.2734405098148205,8.251688692500908,-0.19493277659543606,11.101206521737994,7.688848363695362,-10.534207552241408,7.4711196984612105,-2.9368057776437833,7.470362010483607,1.2521969766118208
1.775527398082487,1.838036886079352,-0.024892718039464176,5.489412756652012,2.409792417832783,11.329908977271918,1.5299028206151577,1.1803523911635398,3.864200118157369,-5.055446993120454,7.566271500152667,-2.667668204065713,-0.9787676668985281,-8.367494590640824,3.578609892571434,3.2095643191428467,0.6223448069467907,1.1750662935374467,7.648930334258072,-0.739437015791743,7.516644271495305,-0.8805117211935896
-3.8442174673618283,-5.476696921729546,-1.1034163336532443,-0.5300840679671401,8.889134787745691,-2.2474809163734353,9.217628661020932,-5.576989798923807,1.2903124271146889,0.9344534716002184,4.3379290879686705,-0.8687422162798244,7.350543606242554,-0.43179775061586567,-1.089663023098085,-0.22790198414290308,-0.8119232777667611,1.4224727398446717,7.026130783796358,0.14854399562793416,2.6376817518657245,-7.517044371018867
-2.155024279270719,7.001357873282627,-0.4801245989879991,8.293001541854201,0.6760028465904124,-0.18508375565235569,-8.956739624994558,-8.312823896314406,0.9450852958171168,0.4495266985280398,6.92957514788089,-10.566721243196803,-2.538758774285658,-0.6536142787528026,2.6460211288941338,-0.9327395646792295,1.6370797967079236,-1.9653151659323134,-1.6098983805024096,1.127079541220146,-1.84990619669165,1.9989593010848254
1.8143336525745102,9.462693123266094,5.205065876065706,-0.2420916790412542,-3.219535541116908,2.355184660968854,-1.3098315864828969,-4.886274221558136,4.071306150486177,10.6554922075171,0.4824429353021084,0.8582020714504917,-1.8308977190915456,1.214429511441531,1.5890524848453775,8.378152032384463,0.5732619867350877,-3.2458695682770493,-1.1740371196896695,3.5412682374788096,-1.909743631543963,1.2360813231470025
5.8820228333382625,-8.862212621339076,0.2445896497852882,-3.5889811380064987,-1.5092232263304,-0.10807325558291636,7.8000242003727065,4.909581421061703,0.9675128235941356,9.35249477988991,-2.907932705365921,-3.5572933431061875,-0.807864341398027,2.4330342957245907,-6.057541156433856,0.3630535842090966,7.278523304534549,1.7585418933862478,1.2988495210831814,-7.670123389973547,-1.4519169630341482,0.23007576937145563
3.290785471055556,2.41910160210472,-0.2654123713264688,-2.745871965733926,7.574722255677935,-1.1012155355598643,-1.8791822310712727,-0.20084090923198492,-1.2909614949688022,-1.1624657223558574,-5.559488577707866,-0.19779648784002982,-1.4015561630156335,4.735467324839485,-1.5010339291106183,-2.872970682846254,-0.2656672166497859,1.2039840781731674,1.2468849760150442,3.1431665017017756,1.1793630212667081,1.6629260667771
1.3315605725527442,7.875504651529068,2.141017254527599,3.624551062393872,12.282628256629703,-2.465985984698218,-3.0729591745047746,-0.040712769244433435,-0.22305402498903748,-2.850490952823495,-8.512184438452167,-0.265778576375545,1.465141723492767,0.012628715270718814,-0.9185484548089433,1.0828469045520897,-1.4339834212880695,-7.777191158188944,0.948641061650684,-0.004434385627734706,8.513328948686357,0.42839367063672257
-0.9391062102508656,-7.13869628708355,-6.744448670710114,-0.218528574670873,-0.25324078531952543,-1.138006143406092,0.3060831954231496,0.2568888022942891,0.15921727446100062,-1.8285746267973804,-1.930109618013921,-8.091720012227565,4.079635343479878,-0.14455825401722244,3.025117655530609,9.233412854481237,-6.128283385088245,0.9310567211366096,0.998008008460255,-2.090288124073523,0.1868071513646404,3.5313573435243413
11.428466088619944,-1.4919646406910487,-0.755146848536083,3.4816529373111833,2.724513823161004,2.585732806904204,-0.6818420690377666,-1.6529623762344758,8.280291078420788,3.2881790040784415,-7.8782378255686645,-2.5067802863198314,2.420966401391294,1.6274784080433926,-3.2008536566284636,-11.797547228738203,-2.553485618835309,8.98652965566571,1.533689579882891,-3.5365659646682657,1.3504708412911126,10.87533723523638
-0.3213329675701163,-1.2037876865443868,-0.8656719419323985,4.952338051807888,-0.8090135024455353,11.792366919111986,-1.1424415414122124,-8.513610862274074,-1.2355103827784983,-1.729769595536252,1.909034839645198,3.4361231618392933,-0.9340099070115634,-6.5454683859333675,-1.1911714011394783,7.897997739262709,6.749529844623937,-0.14887913000034184,11.793197877007518,-1.340509700659638,-1.2127204084890701,-7.105645726994517
-0.19182243869118495,6.126811495017992,2.3994022941901574,-3.485241467133625,-4.614881484766587,-0.5214522052968698,1.8370857103003901,-1.7446604454996637,10.12429370521644,-0.8985896216909458,-2.592444008516763,1.8400928328037263,8.294217503515922,4.373808956497107,8.698672182618504,-1.6176451606204865,6.180856738577748,0.23110734788864237,-0.2656273806603825,-1.5954037745793603,0.21799432973549907,-0.4123277466774093
-0.34210707820446024,-0.1280240430112373,3.541072942634338,7.137653776093025,-0.04433053036634965,8.753027983890616,-1.541850502201992,1.1340555703332464,-2.062853881829378,0.49927877463171305,3.4965609629861762,-2.7579056378157234,3.473381042230282,-6.59798297170631,7.860833395711992,-1.866711324688901,-1.2159155190578124,-2.118016856224858,-3.9214030227822434,0.35305081025481205,0.24130586895999206,1.8468405062367075
7.752792807901858,0.9567352305376091,6.00700805432676,-2.0246482333144273,5.156900272406767,5.048964235081611,3.4016329477731344,8.534863958214105,-9.311295117904018,0.7154596980207527,0.043517444057750515,8.628685107475098,-0.114914671319384,-1.5481728970726587,1.6945397278632677,2.202128912055232,1.4423427315137403,0.8086130004980586,-2.3783060594627297,7.814718960804017,-1.6410940478028306,1.6988040212013158
1.374021569172536,0.912853811940692,4.716627134642419,1.9401927532169565,1.6779100084621552,-0.7376257236899589,1.7818098446246442,8.097976564720502,10.625104325124923,10.567875685712535,11.33056593301619,0.36445198244383126,1.960606426372485,-0.5188949982206403,-2.063152683290244,1.9389637713547967,-7.060989442560571,-2.3174419596070956,9.836712176956674,3.3835996429720714,8.786366648087023,0.7733836902237058
-0.25012499915764513,0.22226558734671745,2.5070293943989825,8.678868467906543,-3.706734386219538,-1.1353967958616191,-0.7404223273396361,3.5658569190290037,0.2668044052260411,-4.220248385527087,-1.5500970165654389,2.7252041854456985,1.04913629901937,0.3806194030397583,8.959306403597466,-3.0729634070993757,-7.028542965669984,-5.9668660252035135,1.347254144845426,-2.236353498236924,7.205606234973142,1.1541892593747343
-1.7995367279127295,10.958415527214704,4.217784182135961,-0.04789753650229291,1.05265583777409,-1.0583103199480264,0.3083750053909048,11.45452191904893,1.2070314181836275,-2.2275165119037115,2.5941064402268825,0.6410424877818202,-5.850297776095771,-6.895787664652816,-4.908153585277982,1.1676663263343678,3.2574572098966024,-1.8262222223560447,-0.2391266513484968,0.5702548379631094,4.524483749445824,8.84544348230681
0.9330962855752876,2.450362685302362,0.8675531647530069,6.58009014718851,-8.911322231773672,-0.7628950786303161,-5.380259650491261,-2.742779285218139,-4.2017839125323855,-5.258167913642302,-6.357918349556448,0.8616426719079866,-0.9187096082780986,-4.6329309213029966,0.9107935428719126,6.981761015562937,0.47300951575607736,-2.528713996532548,-8.915329333651261,0.9194662939682667,1.0239247576017847,-1.7808699232650878
3.643515240939404,1.9149244665081018,-5.228920458538791,-0.019494887776336234,-9.783212799229359,-6.7997116046054265,2.881370922865526,-6.792039322918996,-2.5042794260914434,6.306174661674637,12.39690436376817,-1.674139912931008,-0.04709083552496703,0.7032873775045757,-1.7049887937217856,-2.3450394676997837,12.897511957771266,-1.5265311170423408,2.1531521150387394,7.282440761484976,1.1050391184079653,1.4338759921847097
