script/wind10m.json
{"header": {"parameterCategory": 2, "parameterNumber": 2, "lo1": 3.000054539987559, "la1": 64.9999836372058, "dx": 0.5, "dy": 0.25, "nx": 34, "ny": 52, "refTime": "2026-05-09T23:00:00.000Z"}, "data":
[rows 0 to 23 of 52, columns 0 to 33 of 34]
9.522658003546828,10.99654245830549,9.245310948195307,9.41782033758469,10.573597447011844,11.110332437125223,10.946515514416738,10.550134735648012,9.888993958214934,10.479678883141915,10.477840705676817,9.976713036255198,8.94915797845727,8.418168960271672,8.079215197099312,7.308083552092797,4.0719007754844885,-0.050252841789895614,0.34102021882051525,-0.17983427431804358,-1.0842304489229555,0.5268139404061002,-0.7157533770407873,0.4228294029397658,1.678809363386723,1.058424396052407,-0.11317156385655715,1.9429131879981554,2.2148523082621865,0.17129473167821946,-0.5149284756232112,-1.0160436320596453,-0.6639928727830539,0.42819274523986006
10.319373849311352,11.04645990224381,10.392082048432725,10.372249349764948,11.417599183948086,12.714686894565164,12.826767031558289,11.34750203833713,10.656635531217017,10.928657270066248,10.673869511124673,10.562298020095112,9.66235527125666,8.750700957724248,9.759591456039855,6.977970617874572,5.5953265702797115,-0.2546688573521797,1.778812045672958,-0.07990004510081884,-1.6577234380248826,-0.6181956685294658,0.5340535132563118,1.2835906194056113,-0.14613680046803135,0.13537104359997515,0.7772608792971801,2.3094969710359297,2.0867505019759385,0.6409271903258774,0.06329524807627071,-0.5728766073393418,-0.8934744206522718,-0.1315403894180705
13.07871713778823,12.878017910140912,13.109609149543997,12.725440178903623,12.329307639353829,13.492891999454601,13.222933692500886,11.623036037965203,11.374855787965682,11.311037751811979,11.096124673075852,10.432135574908777,9.688665024812721,8.91435492661046,9.497069419565323,8.093855706574239,2.830697645445273,-1.4859339374039737,-1.0261577194634417,-1.7591763339718096,-1.63110936477522,-0.07887408639092383,-0.6815760741561793,-0.03218197728116345,0.33753656927837666,-0.15946832243695108,0.5113816823784433,1.1633091631249282,2.1409275722785996,0.7523631661986123,0.13052185535594538,-0.29947361356033053,-0.611009389971028,-0.46209859726296804
13.66420841908233,13.523010978716512,13.113536404916273,12.98198328247815,13.157585653695348,13.21031888626724,13.131672393160125,12.587871485310064,12.153848236071195,11.82441363450703,11.267874255924884,10.847205940346239,10.80354931519619,9.444344864219724,8.514260048685792,5.429543674615087,-0.34329120786964845,0.22087556148704585,1.9728805357372123,-0.5257472390872754,-1.0322491386207095,1.0334926753914295,0.41742392304951115,0.3099261992561337,-0.11634091399779828,0.809904304372733,1.244904142365959,1.8009955738875356,-0.7841654864741358,-0.05771536181546796,-0.7031565960449078,-0.2779814962383768,-0.29934300339346687,-0.2174890020210559
13.801648351823589,14.116443834417177,14.031397209031393,13.485243295694689,13.377156905005267,13.389320311575519,13.07575129626904,12.554304284649557,12.5595148536215,11.812841652272075,11.577707452410092,11.657867930286516,10.303283418251944,10.228105530716038,3.01678532537003,2.5486357862564613,1.119875967556892,-1.4783687907514438,0.848617166390144,2.3351312815906002,-0.3869748198707955,3.8772343400330507,-0.33568066229403076,-0.48318095105529224,-0.5816374354724794,-0.03184955818195977,0.8631248887201026,-0.3024309467406942,-0.44476212154605743,-0.22705607154485336,-1.0089566253000468,-0.7772174854038773,0.5771075234192302,-0.0076739261996411415
13.883202326434494,13.794711757262771,13.515856541586155,13.217762912352399,13.359144172232016,13.342820556018589,12.808765828161055,12.684209452427115,12.43048823263874,11.708704550064711,11.961381187424626,12.304973639347123,10.421983114369544,8.270063608639024,2.4569726323319276,1.6961544434871758,1.878726675316851,0.6890187851369278,0.9429499568304973,-1.9610546204102277,-0.3668393758912656,1.0664135540996302,0.9118745025471228,0.5452987877786697,0.5405092435270018,1.2228046164446216,0.9158501435862367,-0.8708843085263818,-0.9168517142133444,-1.0152966800733247,0.23744618577826843,-1.0301777630652096,-0.8777614672477362,-0.1370824532463256
13.159827272337038,13.342055865661562,12.97367571528509,13.102257683904327,13.40709602354379,13.274224621577545,13.100245249783237,12.72446224408752,12.040774957822464,11.98029375614911,10.50381316508818,7.8986617378387916,7.18282009107462,2.861248569416893,0.6372010394026004,5.584363797066337,1.220582366853733,0.9617113144698574,1.8552733382380242,-0.8269653127308635,0.6936267032831072,-0.320057469263658,0.501330010127391,0.23066050341560368,0.4452319271334609,1.8478360648291103,0.007969118816412952,-0.9500238087098325,-0.8607288006810181,0.7284454314334345,-1.284872635971512,-0.35624957108585487,0.26149162301896584,0.49775059116284137
12.733884174828809,12.857939280433158,12.655822570661579,12.822487009330326,13.0571106271765,12.981602978292466,12.647888553026794,11.957507022674998,11.788820963267865,12.36302223774953,10.380349588975093,2.1353467191259226,1.4151761724977232,6.601360689869428,1.2157271248868027,1.185767369453287,-0.013126174587919755,1.4541484622227225,2.083465604624616,-0.38477238326445234,0.7764460996184854,1.0790406761679596,0.707846694806636,0.6874782510040847,1.942168718942369,1.703617994586337,-1.2042152836879871,0.8787719482589673,-0.18303678391685763,-0.7873051111587654,0.09727672372335959,-0.3376090773748781,1.111893243806569,3.6066285956736146
12.381417551299732,12.54373778266635,12.638767708075614,12.601139391726806,12.654692131422273,12.252001415431849,11.681352606894789,11.925577202172583,11.770106411604349,4.387864344423366,3.1739335217717137,2.9656204063642724,2.2136045396351087,3.0918673544249997,3.4132030148472317,1.067333860097661,1.7503994290082854,2.281468503418781,0.256707301986854,-0.18737837001806892,1.8561561310424566,0.868253280723768,-0.6456314295859206,0.8032006034351171,1.9122496255052057,1.2823420092620779,-0.35192117278579965,-0.784543564827727,-0.3136620703602398,1.132185578699855,-0.9468983839402808,1.5855618585613618,3.546801301478775,2.2370896041945976
11.967401345744422,12.007849455278839,12.058400322697487,12.074547239333523,11.608945574965253,11.691033443584201,10.969066026655765,8.919749214019985,3.814976781341473,2.7860539608473154,0.8233720657482589,1.7484538138425254,4.733698060278387,4.257459835692446,-0.2845069610019013,2.6456991372731293,1.2836161823784664,2.579072752439737,2.7972705501980775,1.484831006892716,2.9108969424652287,1.5978517832452013,1.5244002673277237,2.3178720106609614,0.6830214290262988,1.4610483680640018,0.40672908065016633,1.2569719119276455,-1.6085036032637436,-1.7484255292196689,1.233098655272919,2.947695732056862,0.9622529780138009,1.586671256799792
11.21939444678057,11.306175094928419,11.253695046394503,11.004568534190124,10.681480804891034,10.541141700391535,8.872973474271603,2.9193005122007514,4.7005849561234685,-1.41809579389972,6.186927054382967,-1.493823188897406,3.42657772919043,6.924637083272901,5.33966004708706,2.615542430831032,0.5738224890498483,1.268464462967293,3.8865675525662273,0.9763648787507779,1.8312059534057963,1.5468717962115441,3.125335100706687,1.1790624357039154,0.8219772518165414,0.434042943675792,-0.13514091093462174,-0.6914279546375964,-0.5894222970313833,-2.115751132591731,1.6264777185098802,0.7205211217209392,0.8823450483869106,1.3321408872319342
9.94964887376508,10.08220759813573,10.016866073156422,9.538375211825985,9.28273382382682,4.809559496202669,1.2917187139341575,-1.446298654576077,-2.3301017198476366,4.462558709153792,-0.35505472172866104,6.2599095204899164,5.012290922929361,2.37980621940466,4.119844669791126,0.6693117843749428,0.6682125434797264,4.540776482994354,2.394986972401612,2.242247613757839,1.505062156547815,3.660607396502054,-0.7484102721778495,1.6506062492648004,0.36223030869401757,-1.5286791881618218,-0.15362869238509136,0.2917653946119408,0.41134066852133916,-0.5478489484071768,0.3098547741640826,0.2312155110602119,0.5799107778339494,1.051585019441554
9.012926731348424,8.821128047218973,8.048955412121206,8.317491032377573,5.166447966294803,0.9633036519541098,1.0115106672768752,0.49835453064873825,1.198469259038616,4.8490336080671685,5.880578628470831,5.197976552043399,6.4217338396221315,4.4312315040134225,0.7672968614746978,2.7695517124383557,3.276757417344671,1.7359630759312563,2.291868666375278,1.7194967254581994,0.48290033878201843,1.3426221444546516,0.9037351670776765,-0.16183887505984149,0.47421979863360114,-1.7309607173313661,-0.8180287549558102,-1.6689842277976654,-0.8713543056095698,0.18926975359751008,-0.3161976671395993,-0.05695036024857085,-0.08156179923300094,0.49061719667929415
7.917404394528891,7.508063854552658,7.2404858084824415,6.456081226703484,5.774728042844662,6.09001913389751,7.002575245161527,-0.20868843510555826,1.4760566233412358,1.8229752412921814,2.7308864760966856,5.559751728184812,1.508711195575293,0.7914031400516399,1.7945010379101065,1.3165853922995,2.3848547067632944,1.5589961169009,1.6850339123343272,0.8719736080559652,-0.6373032664346764,0.5202323998328302,1.5254087932100822,0.9642321631014357,-0.3750960118592304,0.6493656847100469,0.3881275857879923,0.8605352155141782,-0.5982635037076285,-0.3517744053711266,-0.4838493422837114,-0.6476048171771558,-0.13341515683406974,-0.052071389231780195
6.756634619195821,5.710674106293369,5.699066185247782,6.411573490169014,3.9860075613647084,1.8698834561971454,-0.8621056645821422,6.000205560936188,1.1275995371043688,3.1275783934241344,1.47184693024807,4.065557456006258,6.045254938090231,1.5803587128212073,0.9801545605395722,2.1934391858131197,2.491571079341203,2.008236239485651,0.72248443103439,-1.6571650842232792,0.8853499518500416,-1.067372522898343,-0.4383562455242894,0.7965151069906035,-1.234451805187421,-0.5391606293269273,-0.6156342680054324,-0.14280828190595585,-0.0036664855773453327,-1.1499924567406448,-0.6582814191615265,-1.113136329628443,-0.6459003804188352,-0.6726559117478086
6.939375021328289,7.101444986215043,6.776185969417861,5.735614944750728,2.553446718542582,0.9674116108596977,3.34516194091274,-0.4493550519164321,-0.7916603176879572,1.755085797514546,5.247807803945602,6.237093551668387,2.455057124353932,3.870713038905775,1.2361015068706127,1.3787902119700328,3.4365439183667466,0.9022846841189998,1.311131584676066,0.49516248999576506,1.741784648484428,1.0759227565915495,-0.7878395792157887,1.3437299555496391,-1.0090562931469274,-0.20338647347620648,0.39090730357104053,0.9778586766474852,-0.30852682767837886,-1.4278628865159506,-0.4391766150928632,-1.2879933485872739,-1.0731781963226266,-1.1364357639451754
7.123480015843506,6.599170259937931,6.103529323883754,5.617259813173408,1.5941088195024584,0.8064230885519131,5.621875229132674,2.053012475217377,0.37996425142825,0.07174846074553395,4.7411820604265404,7.168879143376501,1.3907630854800523,0.5967209501562983,0.7558828566006042,1.3228711363691052,1.275407767627591,0.3705044758410352,-0.6933667299590095,0.5367719831693528,0.6396832827422366,0.041373288790733515,-0.935272744375184,0.6620992400089626,-0.1301983865854607,-0.48677108428071025,-0.14557182446912736,0.17310518714448897,0.3275113269177751,-1.4644154544531798,-1.1766999444455954,-1.4813733984076487,-1.2874365569549746,-1.1081573526127286
6.728978394544826,5.812522316681661,5.413234153358283,3.773228198630923,1.486495595312787,1.6052974659016659,1.5980050297624657,-0.1389912117604728,5.203875122744699,5.973228250322253,2.28589650611466,0.9004869750348852,-0.2254808898284158,1.583278684452165,1.3775970514008231,2.385132489552347,2.591987100643977,0.54042824948899,0.39658508829535266,-0.5658328933239566,-0.237594345018843,-0.17951184440428347,1.088944257250189,0.15062281258142493,-0.8026477483920356,-0.6662671137796427,-0.7037874344123486,-0.5309121915230798,0.1841635145764676,0.40080133889272385,-1.1255982168101362,-1.390472528481191,-1.6013553327872718,-0.9810034408674541
6.293102827594268,6.224081535373782,3.2104237992447486,2.8204977778753353,1.4232125399428017,-0.2792542633591027,2.308674292852007,0.13397271552956147,1.9470009282400247,5.730526306233721,3.6454966058360454,0.3645359491549981,2.10855184120884,-0.10811962126923444,1.3511187422226885,1.2334253401187805,-0.2834812824650778,-0.6262643794377183,-0.28200496246743123,0.7593725332952491,0.242731023532094,1.231269274014271,-0.9213913787306021,-0.48934972680727057,-0.3736689955989229,-0.4452196245520166,-0.9759409943604727,0.06133368256413691,-0.19507575459782503,0.15342219519300285,0.10446153017526529,-0.3934264255181771,-1.3539403186524321,-1.2311625269009243
6.032887287310616,5.5960175541664805,3.348858771894749,2.566978215855808,0.7564310165624808,-0.06875982408344818,0.6649758752512709,5.742134415431014,4.122920495850327,3.4647069420320338,3.00486795544148,4.0783354948648745,0.5367588576906573,3.452706056843735,1.5708223077945134,1.841960937746113,-0.10774433803600866,-0.33567298593880845,-0.44075750300503025,-0.33145698466519224,0.7792807502785407,-0.7749195031029479,-1.1157294246219471,-0.09549691932976433,-0.7613989064622688,-0.5955741118839056,-1.1216066213059626,-0.5613795006346584,-0.31385533531876053,-0.10441134309932151,-0.29710762706325544,-0.06002155072189709,-0.9338534679325804,-0.9062706633296235
5.549744422370109,4.587681496494836,-1.6140255433165103,2.6594993702230973,2.4159561976533444,0.3594822120402584,-0.06090787488475913,1.5629190504678954,1.919601741227052,1.9123068927613451,1.540282210688192,3.1273349430686874,1.0912806351330782,1.1337834172149381,1.5343578004002907,0.5561142136719345,-0.869469014835962,-0.2700143086301261,1.7911072859626096,0.442973591411838,1.4350049227259387,-0.026358074123790418,0.33957306130455656,-0.49265280593297883,-0.3963108873238375,-0.28842705520844,-0.4447857831432322,-0.36584280399286406,-0.21249481002353052,-0.274054181734518,-0.4559822088282377,-0.49732562061550356,-0.17472790251284237,-1.2381273889216584
5.163397494759567,4.0081449585865405,7.685893076165804,2.478614037687043,1.5158264407298956,1.3958693650296108,0.3436373412494974,-0.4057666913155982,2.4034509474982158,1.4202224851881557,0.9741697852827593,1.9088565832032298,0.03339983979216098,1.0135763581962727,2.493165694132325,0.07978911226029167,-0.7093758176840836,-0.696448464687003,1.4554382043859315,-0.6436814554210529,1.6006475016393367,-1.9855873297005888,0.6641851264264973,-0.9500173803915584,-1.2057350581234598,-1.1740431401338582,-1.1349983689952696,-1.1901561312609554,-1.1774794910989685,-0.526982089626002,-1.028511275213227,-1.009830586202203,-0.5148053458355857,-1.133863242960845
4.868732767678843,4.084747129401254,2.4324968901040305,3.937924897384608,2.159710895791292,0.7645006776990037,-0.5471676482021561,1.7748124039837758,3.8063578914707175,2.8278294731433804,-0.7791028905723245,0.27479950313977786,1.1703244908501589,0.9746194608558927,1.843606734634603,1.2741953269224393,0.055457860582681755,0.3567797219970278,0.15200000288883678,0.5936935413456541,0.1138390033984977,-0.5490196866981868,-0.9475654814994684,-0.8932859237685117,-1.4029833320985932,-1.8569741867506246,-1.8620222854230963,-1.759245423037097,-0.6151423026581143,-0.7424852757940849,-1.218812542297139,0.03810599155124959,-1.7429772901484968,-1.6305182078472582
5.0453642271947965,0.9386623734456707,1.9114196589853083,3.0755310633300015,1.5960897935824179,1.9988645530408717,-0.03176846764541828,1.5571102414400384,4.107766415323866,0.27417794141900953,0.7257119106110006,0.36395391049644565,0.04368050209311885,0.8898311848571536,1.3122398470297925,1.1139659374513438,0.6563281688597179,-1.2417679080602664,-0.7349697690665024,1.3631219866359503,0.39686741130149805,-0.3344615985703267,-1.8132653581649323,-1.2982757387511572,-1.1912844062543464,-1.4760830107200746,-2.5314006239429374,-0.9731586705514157,-0.7204851888539131,-0.6373967261902048,-0.7035316751401658,0.4706404798543591,-2.1062926180351322,-1.8887338517252483
