script/wind150m.json
{"header": {"parameterCategory": 2, "parameterNumber": 2, "lo1": 3.000054539987559, "la1": 64.9999836372058, "dx": 0.5, "dy": 0.25, "nx": 34, "ny": 52, "refTime": "2025-12-21T19:00:00.000Z"}, "data":
[rows 0 to 23 of 52, columns 0 to 33 of 34]
-3.205171641809171,-3.7072857157257686,-3.712023175925575,-2.3138766545635745,-2.917887442568473,-2.7710764210717236,-2.7008384842109847,-2.3534418122212792,-1.9808856619267734,-1.0879951508968395,-0.36873870016502625,0.10920984408443137,0.30935044382276883,1.0095991931871362,0.7771711571858746,2.018314623867446,2.5941876236478927,1.7783698307698967,4.478954617542693,1.5867669521155605,4.038423205565768,3.6221710452105933,4.964980788288483,3.6676521711232275,6.3958153791617365,7.1426809269196685,5.784631922248184,6.938424465868409,8.468562325328746,7.663853360480456,6.589605541160122,6.487342158229718,5.214735042986468,7.313453045477748
-4.598665185248377,-4.155675266879677,-3.667225807293967,-3.424178192466938,-3.338499805197165,-3.7810285335831746,-3.811271941547941,-3.3416398136538565,-2.4048938903674713,-2.443651720360867,-1.836603487905466,-1.0239064972793595,0.18058375564694762,0.5591576880170921,1.1699641981978919,0.6815061060948624,2.8128436169284,2.1454133026607263,3.7434552139076342,6.200301596756464,4.718120359547225,5.934164749190136,3.6071662324042424,6.3197001612020065,6.065575862530348,6.830437475994986,6.415375162548488,7.060644424059825,7.637145733089138,6.167325144267827,7.733352051799608,8.306848424149456,7.088680258532093,5.500578578235845
-5.1588579446441365,-4.819954218057369,-4.724091052847259,-4.634652362519615,-4.666265956340932,-4.396474958036632,-4.678160228452536,-5.045641430136888,-4.364106056344946,-3.6465790760935515,-3.109989098716217,-2.4176274019162736,-1.9610777683289178,-0.7405059605227884,-0.05508951408618582,1.113565178586866,0.5814262539648202,3.0876595049269375,2.4375221411058345,2.081514279790913,4.527154380342177,7.224647532689884,6.689384784945793,7.166513542360646,7.541409735204314,8.512860830413677,5.595948719225004,6.689740566602541,7.009936490460278,6.478945838949923,5.584540270627687,6.82709716257643,7.581439941764583,6.16560777263108
-5.515919073732837,-6.091270224222102,-5.606173960587914,-4.797959140489742,-5.1473148282170715,-4.15397828041193,-4.716686087426688,-4.773681062638397,-4.563679436349043,-4.554935302993373,-4.026608154024979,-3.5578082352586797,-2.9563133779661945,-2.0401829150804596,-2.0984598146010423,0.9975821674037714,-0.09959071258402764,2.9182563962770787,2.619432569359546,1.6822078285617827,3.2727111219094454,7.256635825178762,4.827570276995796,5.9808507857974575,7.2793914386898955,8.143504797095014,9.158938104567978,5.563989661297107,4.443876698670298,6.528505961449378,6.961061558311946,5.693811937286903,5.903146222914231,5.3319677477768135
-5.492543006745362,-4.710020726216455,-4.328879331217155,-5.0355408674210995,-5.3383748728274165,-5.304208743006242,-4.878123851927388,-4.921666049935872,-5.277585160659935,-5.16573727679507,-4.441315328674078,-2.6599735337579227,-0.7153913745400682,-0.7162703468508876,-1.9208433149495951,-1.5568033947413285,0.6384579562328856,1.0821484276495705,1.7734800753300108,4.076058636149094,3.6884525557218004,7.0290647361973795,5.8947145926000255,5.966235424879584,6.611041333698461,5.972688749689142,6.602128525424039,6.119162806034662,6.297107327549519,6.303068198726104,6.359852469454311,5.702240513149295,5.915258120927038,5.145637588019442
-5.771729942299517,-5.44486793574406,-5.123015979896494,-5.71656982109493,-5.7440548438857855,-5.474027989388821,-4.806218847797021,-4.774074215071274,-4.514101062999489,-5.797282369264384,-4.628622746560526,-3.9480267451446163,-3.655571129386099,-2.8340397289529022,-1.4673041090760437,-0.6398546130700021,2.1496830064319608,2.02267401751784,1.5204928156123958,4.912429529635225,3.3675688130252683,4.651870791882285,5.855960413014985,6.389273467904158,4.714613623637173,4.8164784743225635,5.883315738584363,5.133876251345313,5.178454844450261,5.754631841139985,6.304558502326771,5.147847588032612,5.956820231155702,6.073754036757421
-2.5440317675461284,-1.0875502696000436,-2.5234766611686776,-2.4617104578712077,-5.615991603245751,-4.882763683911827,-5.764736804737608,-6.403198325267926,-6.516646592021785,-6.515184290032778,-6.614128728492336,-6.8846680535348534,-5.277253322589285,-4.305847684396729,-0.9203193278847885,-0.06643010352897978,0.5203803051435881,1.260379836924329,1.392771516448767,2.5649701591694543,6.183381098403814,6.49773673082515,6.370246967576073,5.366284573902061,6.650125033059162,5.993978509974235,6.160468892073562,6.534463709719032,5.457196756066063,6.909532128960672,7.24254257706785,5.286313529816062,5.686777022394301,4.514953757023006
-3.3634918289852194,-3.5083045619069146,-4.1653101987652095,-4.521006381184657,-4.359785530924744,-5.616833641847212,-6.815895008550468,-7.308731467523258,-7.569574255450848,-7.443757974149694,-5.842081722627731,-1.6824224406449821,-2.48179447612795,-5.050081814587162,-2.1788108348855832,-2.0851492456360297,-0.5337441849777372,-1.316649504749682,0.08078418590996843,3.161738242841086,4.43598942874497,6.2474112483126145,8.102892891180092,8.478674952892577,8.09546223936936,7.923422061271962,6.586201221566465,5.782564578899276,6.967500558465718,6.044522606876527,6.073626617809432,6.045674601682035,6.703091120828794,4.673836753646355
-4.858812860704148,-5.533100673564813,-5.081571718135899,-5.66718597639453,-6.149099819477292,-6.802418870406035,-7.3152531398819525,-7.213493113583264,-6.700924163788306,-4.0976420242296765,-1.3650903243106731,-9.20608780913977,-7.090769196671019,-3.8821900858926486,-2.6602395329398516,-2.7615722725837637,-2.112273156593905,-1.4430444891334453,-2.109761286121364,1.0460688844165518,3.605958096537689,2.7654962369631235,4.844539840862884,7.567690100406771,7.899014550511415,6.120145343316033,7.986949353847659,6.172605097070118,5.586300228225868,7.8569339124223845,6.677128238623015,6.488217214902132,6.552579251568554,4.696880885795032
-5.784591873912832,-6.347511777198942,-6.195776927092998,-6.716817881537083,-7.293698596292276,-7.852191561148792,-7.0937135514417955,-3.6160132951679627,-5.190735421716025,-4.7321010038086335,-2.5444462358743736,0.07252072474568436,-1.8698824714613562,0.17783477302065825,-1.2645768331906448,-0.2480701906462406,1.289766316556581,0.2490384835730526,1.7536549340655712,0.7674954939733927,0.16985901756252425,2.0661615199179053,2.2891969840292226,3.8100189989614863,6.086210480640573,4.950764588683479,5.532968451378968,5.717281254302203,5.0289875992052355,5.934839885194461,7.340890296791931,8.727364400486396,6.436245158625341,4.977900691952528
-5.969397248671846,-6.414422642023101,-6.161379158660651,-5.375490899128877,-4.914737519864144,-2.4811208762446517,-0.11509359280154392,-1.1134357768934748,0.806601095265846,0.19474078517278873,-0.38407706880051895,-2.4056757015269774,0.6773094977347055,0.13123850707919096,-0.31906159498518394,-0.5415272507946214,0.6930356242309469,2.190629564019742,0.5667073903585775,1.3905835551056087,1.1427985492927213,2.0488869043124507,1.3917449723206137,2.684359189986623,3.2144464457280892,5.655230048180351,5.949849878860752,3.93292163845468,6.602115354155275,5.447254225528259,5.785544092671169,7.963750852957265,6.714198039771255,4.415391983067456
-4.223704419493273,-4.094926702554642,-2.1533880121447955,0.1960476156363022,1.9181628418348853,1.2462820458984354,0.521020246609565,-0.6050784518343897,-0.1111864187693834,0.04163996069720156,-1.370051833271078,-1.8880099406672168,-1.0433603137888994,0.49940609052539187,0.4634681840468672,2.0213415052377366,0.35404971565975557,-0.7257867227943559,0.85506483508396,3.164425664860554,0.3779624971003973,-1.1850051196307874,2.434775992060484,0.9231185659972113,4.021197820011274,3.1605068084856947,4.465527603320269,4.706258715160394,6.5969549592423,6.284172068093337,6.160967691329234,5.898063104343711,5.698670215516268,3.251117522818147
-1.115408297632975,-1.0728436848827814,-0.604166105208579,-0.167421343800721,0.08160807790830293,-0.15221489406716812,-0.14573760642905997,-0.4042633533368452,-0.047963100249133896,-3.472605712210671,-2.630515919914962,-1.0962646562605574,-0.13766256801406143,0.4998132993899125,0.028239676250889738,-0.2751995401761717,0.39304581331410315,1.4706414003330448,0.6753580841072632,-0.6540520745681891,1.2125103242359188,1.7717980795256205,1.270103997059114,3.895509043651424,3.1915385598797843,3.8024504388699287,3.8131622490436317,2.2031928177754985,3.542685862115467,5.078850798298905,6.3641423432824284,6.383672520533569,5.1459850193562575,2.811163222498603
-1.0481060371698672,-0.7516325273381256,-0.4084926370350744,-0.14220419732508138,-0.08759766566892757,-1.0956399225647189,0.17618145316423345,-0.23333003491347956,-0.017205269395175023,-0.6045943062528272,-0.49981807490936536,-1.1111359257370232,-0.7634496777356098,-0.26146627360206987,0.7623830190441342,1.670570782321155,0.7853812017517079,-1.046321476164157,-0.2086562481445892,0.2926982934224518,5.058366252477206,-1.5927223796913468,0.7853357648166759,2.0807525037152597,2.9716941350132307,4.692687806942166,6.641075702500435,4.964240153934265,5.6436171578366485,4.6476533114324425,5.510555007974987,5.207945372037784,4.592442580635828,3.1746623500166917
-2.4867979381827134,-1.8831994668661147,-1.5481236462978967,-1.517777949682344,-1.8682000948457793,-1.0918244842179508,-0.1909599912912077,-2.6326953632402046,-0.9308890614909098,-0.9772288277504911,-1.7291202191991382,-0.6400998774914425,-0.17600534238271193,0.1543854591611029,0.37142947595357767,0.7648152539125973,0.6684389705724417,0.6543822379794068,-0.3862913563922358,0.24391876843929972,2.981576903179021,3.6829138886017074,-1.406617036510741,1.3463084945735904,2.559502149656587,2.795141383866899,2.0788955061150522,3.471651493756501,5.047041503241069,4.351991972958313,4.721487064158907,4.371295537698345,4.092228463831509,3.1632216633962886
-3.6486125151827213,-2.1854642418318058,-1.660021238444034,-1.695509171464181,-0.08225934340809819,-3.4757275412176982,-1.7355615665934438,0.40652351241598805,-0.4528352900407603,-2.2721303549936196,-3.7450765862066784,-1.283693943164371,0.002702083734830111,0.5140156761736342,1.7659400940464482,0.55633195452135,0.6080428325176552,1.2313860037531377,-0.47877360955483744,-1.301576662219742,-1.1842488496795556,2.720100412351853,2.16778985028886,1.2417209197087458,0.5512206516272273,1.832694986993608,2.7578957847201044,5.177316269220727,6.40807448025562,4.446240943103346,3.0480472927941236,3.9716690480532946,3.6284250755579417,3.540910909685103
-3.7120089620553416,-2.7001099564857816,-1.8292892161017764,-1.8727214518682738,-0.8919513885769845,0.23290711061772815,-2.5183229488356345,-3.0419224577938353,-0.1392649842538253,0.2602281522887912,-2.0289401380793817,0.49677527983173464,0.2969331075339805,0.7644704283413549,0.6967596164719686,0.9083925918147032,0.5786002681337468,0.7731905621801155,-1.0729241892607198,-0.15876861118854665,-1.4565872251527185,0.45345004258890514,-0.05746440156401017,4.637825213466013,0.7669599345450115,1.5570633486981145,2.104683467622573,2.9025889992785667,5.538069951856619,4.480154270255351,3.1240000797048832,3.2147751698755624,3.3821310014861248,2.8656868902259878
-3.5659664123961936,-3.1107614060906656,-2.8333083705556836,-4.175349312988217,-2.454126017162299,-1.785185123929688,-5.442069149605453,-0.3471390873124402,-1.5524362776754987,-2.0087780604520935,-1.0673847403700019,1.0384690547209685,0.7379763358125737,0.2990182128491183,-0.4993763148108883,-0.2354519873028065,1.4697607777468533,1.3273373522367302,-1.8403306990547699,-2.0710306051213543,-3.494585645052541,0.08831393127395498,0.907641255102435,-1.1063868227333784,3.5685140154841397,2.079410032853678,2.5060767227647283,3.800508246324484,4.192449463013505,3.757114111981168,3.0886298317980354,3.0178978429131567,2.752129860742624,2.9090933740573197
-3.660602582344615,-1.94458576480774,-2.588720682798752,-2.6228444078863404,-2.6913903622645043,0.31961772398032356,-0.29676921316859267,-2.4578925238655116,-6.763962885157217,-1.2729272724897571,1.339138234255295,-0.11435224458219403,0.12631643407989457,-0.034599430086331075,1.7388644029046438,-3.340133608744499,-0.7514200146484358,-0.982158059834195,1.6224339563744619,-1.1088932367012165,-1.2139047522628412,-5.265692575990572,-0.08785054908923949,-0.05791729461761271,0.47538284278328824,3.2112182190967093,2.5171387909455407,4.33411090856949,4.538304153300512,2.7936896816145222,2.2245258356265722,2.8712181022914325,2.37421074662463,2.54554791103635
-2.7876747861570665,-3.1535257158213392,-3.3271215500496694,-3.213730661833832,-2.9733752346085724,-2.908469229462657,-0.9483790680021291,-0.3316390274982052,-1.7760234836458284,-2.075044295325617,-1.4747314608110629,-1.4470943869884918,1.9300107669804305,-0.6781649088343285,0.6811646934210623,-1.3066569106293966,-1.1662324206343821,-1.5620983707723999,-0.45710752663323434,-0.80285771106764,-0.8598486776813592,-1.7618281285177022,-5.669154803903519,-0.4657346629268058,2.015023713312938,1.1071231606679242,3.8396449398190233,3.159154589332046,4.285567774874545,4.153794101121467,2.5315294856050254,2.1727656966294764,2.739289182716586,1.3044225447929465
-4.198241444711704,-4.045926291480156,-4.4470197501300746,-4.848659536624517,-4.4540928942090074,-2.027070017726727,-0.5433532941041054,0.3735346876085675,-3.3096813682358164,-1.5932801524185574,-1.4352771041197392,-1.8623923882206048,-2.068025385582795,0.06606574473975656,-1.6468473436124904,-2.9743335520806853,-3.1572637756585067,-2.7286227088263275,-3.3965616336684428,-4.421277811976287,-2.7763203124773987,-0.6686075400757588,-4.774108404253328,-2.976797641706321,-1.063730089258026,0.1987156270569667,2.579417799275162,3.773925768354861,3.2846336537774605,4.874601891587656,4.408722927961853,2.222634522161061,2.8282601957645035,1.4525640630673222
-4.926347161130092,-4.199538563851212,-3.8180601789225204,-4.149231069671101,-5.556914389691484,-2.962261444126333,-4.633544576214631,-8.920429817870701,-6.806232163554641,0.7428103589988664,-1.443552449208095,-3.054076182693153,0.8736963538193255,-0.08576546069716127,2.8217297820849474,-0.41570095884995784,-5.4697001719455445,-4.848724992625112,-4.216174672781913,-2.8321609501141163,-4.041629751185987,-1.8160841852163525,-4.239709367269337,-2.3648535320293074,-2.2103635194451563,-1.507162480799011,0.6710714506420001,2.2884397305555972,2.781873834749864,3.446526968073504,4.586256275622108,4.242972891327305,2.852609434629905,1.6525468648598938
-5.188405573909671,-4.662534320107806,-4.052658060457983,-3.435661217583686,-4.288972995363035,-5.912595387861915,-8.44749481024161,-4.058197834267941,-7.341895606967706,-7.677659258016971,-0.45594570094507186,-2.8530999322712023,-2.7058954893227316,-4.149786203407487,-3.3537195243727944,-1.3472599143615156,-6.393793054763323,-6.723440134576019,-5.9494547472101535,-4.28004058437157,-4.258319928936443,-2.1064751170232503,-4.1843673586521035,-5.225050671996949,-0.6951126832152509,-1.286117755576716,-0.6101188219380784,1.2069205509300047,1.6798919971577262,2.7142258992043735,4.957972856371879,4.450338515427434,4.686554382500058,2.271738652093818
-5.944686711716957,-5.65236335890124,-4.831089808541092,-4.892597157126667,-3.1132739558013363,-5.479369537608613,-4.979748285142399,-12.301988631822297,-9.219938638895329,-5.828978308983725,-1.5013629017245216,-1.011168380995776,-1.6901216568915465,-4.179038675228582,-6.154707547152216,-1.6737455688375713,-4.9070009633829805,-8.060386311941585,-5.4142017354453165,-7.164876121523454,-4.30010692952102,-4.2701393419381635,-1.5246792246121095,-3.248934195948571,-1.5145613650438177,-0.44713937682076677,-1.3636442258076789,-0.9198350474517369,0.7728869433729918,2.348554737210346,3.97614328505555,5.620772141428975,4.191871715871543,4.62645386800285
