script/wind250m.json
{"header": {"parameterCategory": 2, "parameterNumber": 3, "lo1": 6.000198445256149, "la1": 58.999992894266676, "dx": 0.5, "dy": 0.25, "nx": 22, "ny": 24, "refTime": "2024-03-18T02:00:00.000Z"}, "data":
[rows 0 to 23 of 24, columns 0 to 21 of 22]
9.160740891196243,13.511612023440467,-6.455322237486079,-10.441034593986185,14.804332943304225,11.942224114563293,9.348915627295705,0.040982448172470896,-1.9190661591574347,8.157062658671338,5.696398816796709,5.861911835539013,-7.05807866556419,4.598373660027212,-0.5792890515743644,7.141009087038199,8.475323734591402,-7.057299125765933,6.928710275360488,8.385129603509075,13.845673828569918,2.9724020417135746
1.4782282997322826,-6.452777584895031,0.5843040078807555,3.0278069129898157,10.646475332765668,-7.14098392122254,14.520825418145252,-5.602282570048394,13.337478884570789,-0.020631293744492955,6.967211045470409,10.375762054122056,6.856837820473435,-6.342686886057691,1.8461807708279163,9.460486179831436,-5.882668649895597,8.953187024803567,10.646550366043682,12.114400414460416,15.80143874195741,-5.99584608663965
15.668764739108468,-3.275629021644772,2.1199447755576997,8.82961699713467,9.008742332684184,1.8232220604189833,1.537918721384211,0.5449094043963781,13.227601282869738,15.26115405748512,14.642327414433183,-4.828904950872099,-6.392844111757596,5.0179523526247385,11.320928210920846,-4.9416736678312265,10.448580244490191,4.648070271381301,-7.334396361663453,7.222189893952405,5.75772086506441,8.258659093210978
13.085248525341356,-10.411893274909714,5.231896737890395,8.130673256798087,15.08049275529821,7.364929822086631,-7.652598656136165,9.897532252291937,11.421967876858002,15.979822700556346,9.345380710246992,5.291650591922397,-0.6622084204021781,-5.363156444365277,-9.484405907066089,15.693188926802758,5.668678992146297,-0.6313348536597291,14.23659043989815,12.064546016442977,-7.443936803607536,-1.9699425924417697
8.432045497724506,12.295166576107404,2.3288164092281054,12.575488698498742,3.4601045611976002,3.889252843181119,15.82958357062713,-4.584014424438346,7.660473021153403,8.179243913794457,10.730534740936397,7.991077796682005,-9.302627643997052,-1.8305494428525655,-1.8267395206343169,12.136833125401774,15.974652028177266,-4.794350035409398,16.27002944592856,7.6800028839932555,12.172003810122845,-5.660505400576126
11.694540323877478,11.73034831927513,-0.5962757042202587,11.032864829642044,8.904280607855148,10.001275602142664,-6.90207908270179,-8.47739940088951,2.5432371659339186,13.013939989804797,11.205390184227266,-2.2872674439918352,5.532191575005656,2.8308883719461835,4.0254887406746604,1.063619362277361,0.3670677547392025,8.16967810389093,13.844829145869038,-7.539101418850057,10.695656586501839,-0.552784172860949
-2.3231559888046034,6.6116678382805265,-1.591030625502697,6.76849264726194,6.683186891074432,-7.831155536117093,9.516049366762275,-6.400776845441046,-6.962762117461395,-6.560847326368689,-2.8909749447857784,4.84698193013605,8.581225857316543,7.4228009368931485,3.749069930075025,-3.906844911814551,-8.690068833005665,-4.23922462489112,8.725508990574395,5.850175809384713,8.280060111609986,5.397979581152947
8.456379694361072,0.6953772496858087,7.292035657473124,11.571095414345008,7.5594340975490395,15.13810676188952,-2.306638038745251,-6.667075712043565,-5.710763417068352,6.469959589851703,8.419136341032676,-8.94134193144069,9.763878273613013,-3.0274048603464982,11.822603400795408,-1.1073289772207693,10.013074818572187,9.504978268177902,1.6730224021439877,-8.764174003520575,-8.799422925562286,12.287814517772773
2.8987579578035017,14.848478703284309,9.856426150329153,11.111166600616176,-3.925258889878879,-7.00594052632436,8.96058154532515,-0.3294562575020875,9.111895877451921,12.034343958284593,11.574651137944832,11.562328592221496,14.865502631224645,14.147179746592737,6.592676806138723,-4.612446722406303,3.0734065644452704,14.502579508702006,-7.572448208600753,11.411299532349146,11.715122405227742,15.478489904357794
5.626427807071073,9.8050250707242,-0.14331888751129343,2.943396936235089,-9.552619632191062,8.172495268899691,7.690219591886354,1.4583671063766077,2.577235992689531,1.7172736941262507,0.08791389361722227,8.783135350287722,7.729319414550312,-9.723156746999976,10.273946635199072,11.687840451068267,15.377393785985634,-2.954244026860484,2.4965381746174966,1.109135113269715,7.102063510991573,10.525171704954209
6.060648665125027,5.2020137670184505,4.9616688573695145,-6.7318280839202345,2.6809834365852483,9.043781273846394,2.308398307706609,5.037629971094023,-0.6229083389699321,0.34309770295883996,11.857035678580061,-7.072420797485521,-7.581950114222424,-2.6938889242356137,8.71082559950216,-6.984687327463296,9.497314470787735,1.4062447560564235,-1.8288751486497998,-1.5581146503865848,7.552830511369987,16.250756354643446
1.6163338025480845,-4.057562306862571,-9.97673983000331,9.450430003248517,-4.812020741894541,11.003547755751455,-4.262299210195337,4.634315732709606,2.724346679654669,10.295003440527793,-4.582276151379766,1.7493648053389617,2.8685041411008503,5.913509989576746,10.362404496943528,1.965323537454527,2.9006917284415215,1.481667553358065,-6.8118630480718725,10.714659630528919,1.3996754577856638,-9.37598112076879
-0.05841617058680593,4.522625059941303,-6.849821803626945,-4.104946781332083,0.8139306664646565,-10.700881151591277,-7.459602546589576,-5.894647463125641,13.676790738375805,-3.8451617749763884,3.0237759952024934,13.901670466248548,9.802512579987605,13.193378129271576,14.758977188560069,9.390316175846376,6.940762838689652,4.748343247112916,14.135300459290882,12.623354455304487,3.744327173916297,8.430759470547356
14.145535935409644,-10.012732177916503,8.535541245138761,6.359720294318713,12.652396682884367,-9.625880581396329,12.89087029400464,-7.567993697441199,6.752866309773436,-4.336083462853614,-0.267340026702133,-0.7950017267687274,-3.5402935222041307,-1.069860267519919,8.496334369438243,-5.463652106912241,-1.043008855562749,3.2039793209891876,9.600886817064058,13.804723083143335,-7.848280751487944,1.0662772506831335
2.6836794602275185,1.8912667331909643,-3.2738750551133755,1.7926700350863434,3.7767248834119,4.195058805956877,6.854153857009037,8.226662907372454,10.285356432157394,0.8901779024722732,10.01913811085473,-0.9546981270078198,9.905738115366855,11.629872402321896,0.013466054686718153,4.077234230079852,10.615526188470993,-2.5349328310006434,2.7896041246104484,8.637374736534648,8.681139775077023,2.0092716422334105
10.642455234329933,9.586630545139194,5.003636128361658,-6.193885611001307,11.476295705911589,1.6984678057138296,3.2902890853596682,10.625869656101655,-2.6280211565844986,-9.816523790402096,10.08451398681559,11.152785586000043,-10.810911650506222,12.64874584048169,-9.362300768517182,2.9869955763272857,3.597609074619,8.859755058204176,3.931236229656533,11.10869561962553,11.848839882603272,-4.784126366212343
-6.787781379486227,8.88376897626947,-6.407805543834273,9.053655254497306,1.9438241972100105,-4.232626545287255,16.168658485942668,14.881832424840956,9.44696698493556,0.14627551458797547,1.3404575607680151,4.132527999606399,8.537742365710873,2.2131330430266782,1.963609130423414,3.792769040711513,2.865884481007609,-8.12804065457325,-9.093709215029007,-1.2529505441439186,4.814493131644373,-9.090655326405045
12.471792273396915,8.993846466677985,-5.538474848101404,11.013194306467632,0.048389572590536015,-1.2656506812295287,8.926438902259298,9.919025699795133,5.281156627663066,-1.5867120779249537,5.622970349448376,-8.993128612156347,10.775332466955588,-0.02169163029930647,8.372290388286862,10.682858784972206,12.469343174259278,7.186950375814089,3.2298034804242866,14.307633736980328,-7.20694089188636,-3.398398167053545
2.58769665689614,14.177377278637799,2.817921725578325,11.310959776652876,16.23250801273535,11.883263042681932,8.121537726265254,4.569771417701129,15.232417694310476,8.604745606017254,14.75766599129851,-5.820114031594577,-3.2639368816796908,7.924915146537889,9.153667335920284,12.293001795357533,-0.7640982774941608,5.980700987753889,-10.453421499358669,-0.16876184766621105,2.9885593278713998,0.8371615866528838
13.114288881026702,12.22896102328976,7.677515614676024,11.53050882131137,9.98766002392827,13.505768464838352,6.406441943674108,15.983083836382866,3.4996839129798274,1.1572133147984212,7.149841444645505,-6.54426503486108,6.2393333027066635,8.236317267573957,2.0578482627323416,11.89839624589107,10.591222486953193,10.582236520272945,-5.894369925783348,10.257203638331966,16.910095786567947,-3.255167972524483
7.809061222329554,8.348361277387372,-6.65099962223299,-0.037776453350651884,1.3982545161252888,15.139853634178221,10.429583105695011,4.5005595540843535,-8.45998815851447,13.598345339232166,7.7138180922728905,-1.1205787310484605,13.276217670337521,-1.9153700305676487,7.649871779255607,-3.0322458364412843,6.104365964864328,-2.3631797576368214,14.615855692914149,7.289526671223786,1.1118237488652611,-8.450931968814459
15.587038555185506,3.4276455029633666,10.438604909519306,2.2094363067278775,5.827582748243198,8.43496180258939,-8.327828225981792,6.601407537011515,-0.8659645789940161,5.600256889686086,6.692162403059295,12.368338781988996,1.1883254799579306,7.491181147961162,11.063017153466069,8.491983458749953,-1.9242592458658538,5.911642327399198,-6.885990770910336,11.83006359996725,-6.510395346689135,-0.5793702393483224
10.618338427454297,6.56828770520265,8.221512293021453,3.6826715319478804,11.975711759364707,15.226530763113898,1.8088056712915692,17.125226887234263,5.224354138795472,13.90738473446166,1.8978297668364084,9.787751336689132,1.4548426413569946,1.9049234865625813,11.979374432410923,14.198522991469158,9.871816447778679,7.751323532485981,13.25627177132752,-3.272488679371595,-2.018536405112187,3.0387810492740646
16.586061934926878,17.07850553030366,3.17657171240643,-10.6218841566824,15.945932121146322,15.036915166012875,-7.059680328007719,13.768103514639227,10.016706360160343,-4.625115279753888,3.4361315086301993,0.5436498813654385,4.564526430447921,-10.192235921910743,6.966978416303067,-4.814531579580278,8.102250771516685,0.8312729525149729,10.901988415962878,0.4280719361519255,8.996747063013318,-3.834931317735498
