script/wind10m.json
{"header": {"parameterCategory": 2, "parameterNumber": 3, "lo1": 3.000054539987559, "la1": 64.9999836372058, "dx": 0.5, "dy": 0.25, "nx": 34, "ny": 52, "refTime": "2026-06-13T00:00:00.000Z"}, "data":
[rows 24 to 47 of 52, columns 0 to 33 of 34]
0.5535377320068836,0.0725026877318299,4.99207475662227,4.583081783082344,2.257899015248399,1.008228823867878,1.6061931344607054,-2.201477799212737,-2.354506168938659,-0.6317199878952018,-1.2367351370146589,-1.465935035041012,-0.1889692352808303,-0.6475932366955299,0.42021915685394745,5.007722478070981,3.7319120981982805,1.4536942974320637,1.982278334593433,2.552528832925662,3.697789840394496,5.143165518158431,1.8190612460460913,1.2366032558801543,1.0924004813614894,2.399496077542594,2.4306188905350234,1.2657015211087823,1.8329736195639064,1.8889542819978233,2.9648542568427136,7.674277705833733,7.340806767948294,5.952170793565256
1.820435741824128,2.7493569295151006,3.9451199299639312,5.0353597296745285,3.4604937523410197,1.3451469473533044,0.3362566523183773,0.03719670979480945,-0.5414917086181492,0.1914274426494403,-0.7275697607590347,0.6780120486231361,-0.763041048070651,0.4776067697895313,1.9233546183943937,3.8720908704854455,3.6713201088910425,2.206255901934485,2.2341068654736653,3.8934193717657695,9.546982220459576,5.6304591945400055,1.5399382795760694,1.3811879046996396,0.24272258029264718,1.905123900177325,1.7995238880344235,2.1559734058875883,2.008278971652344,4.542101118299902,8.191609358665511,9.160706350605208,8.0711897320813,7.258710482822929
0.8581494320165587,2.536098588545635,1.8345628710224484,4.194912272050143,4.148533000228645,1.6415181228311952,0.0918547431923812,0.1102139446859568,0.6746791957380696,0.6022035108005604,-0.04012665933101029,-0.3458781884381086,1.1108410643306859,0.508081708283367,1.8223890909948055,2.389697570023074,3.1045161606817726,2.4316859713758636,2.1745522555202434,7.902183988357085,4.083657387533232,3.5409503174088086,2.670922736217179,5.38710242086593,0.17440456998897716,2.105904163284381,2.0907934525065137,2.7473054922475324,4.615597437051619,8.592863838389766,8.910813942059168,8.754815193619589,7.789188449827717,7.705009515352829
-0.44007154569870666,-0.8714861611188951,-1.1977013996148853,4.000579215736152,3.9833857291616925,3.7664889695714083,0.7644358492758779,-0.6883095565295431,-0.06559998886369477,0.11450097108760222,-0.6567448758064893,0.7707953247263987,0.8069440799516886,0.21464835536441765,0.7919903668289779,2.17368008597455,3.70797750501682,2.6650652419851277,1.958417159705272,2.9783790961439767,4.246236356808641,3.2150762092173646,1.9414365189276765,5.156418862629075,2.000582223923448,2.020133310068565,2.007068413713349,2.15613192697131,5.712076830004633,8.85903911641772,9.304032706388526,8.563006646045064,7.967706393498049,7.639127692911469
-0.5204116621029568,-0.6883680479429519,1.2656260724426132,5.05863432128745,4.656137231398274,3.4716847760304006,2.646705195744033,1.3002345037150922,-0.237145396940797,-0.6887854178557007,0.1854282492701446,0.15839136095857312,-0.3364990987176679,0.5455710514462623,1.7024335178357857,1.7225717431791474,3.0767798532360313,3.079527525150255,1.8440685107033343,1.7303690803272667,2.875668761747328,3.1841241129531124,2.560352285015793,2.46786130560875,2.5318107452945338,2.301132215932282,2.1212770102253558,2.3604105037891947,9.154393058455138,9.138308624968317,9.002245667503129,7.613754610009876,6.123671131723153,7.29371803147068
-1.1293877288839034,-2.7777907990153556,3.2878788849213545,6.104823617912507,5.990579250392833,5.321758825505055,3.7511643726341,2.91100982398441,1.81446723750166,0.5614372994820956,-0.31224575349439965,-0.4815255537955844,-0.3916891174975074,0.705008989682087,1.9284509725180101,2.942581018239766,2.9058885859034485,3.4268616888173686,1.9276965670097028,1.1151122867904608,2.4323664413035466,3.3407260462090154,2.6265779474564304,2.1334927646074364,2.4973791682819115,2.404348060015594,2.254352790723855,2.2235369022566305,8.711143514834317,8.90247236157623,7.769990982309149,2.698358914580363,7.04081402935139,6.994235912610827
-2.189174904218669,-1.2411250234489495,3.6265980568613028,4.926154383805667,6.374964066169442,6.026501453977236,5.080267843325269,3.7812879003208746,2.426812659011752,1.1553149663936404,0.3414364628660721,0.4116050963601306,0.018753722499098482,0.39551087511467037,0.9411213819078873,2.2430935269408496,3.2248785924034196,2.186859736315086,0.5778935482318527,0.3177922021303045,1.772979525884832,2.807285745778291,1.8645599285577878,2.048127557438412,2.620465727423887,1.8823495846235754,2.0442658485987453,2.0958886310381515,7.195495021910501,7.638906582566294,6.1619859472297005,2.2043365326439073,6.813120974607163,6.6085998575749985
-1.5717821896025523,0.527277382423706,3.3751449172378933,4.679832312079409,5.180494998861443,5.129936309186171,5.026246624941674,3.671020370141532,2.367072154210838,1.0029716680626446,1.1115708781493294,0.9947272790443279,0.8641685738525239,1.690300949412341,2.1735757801055486,1.9047405625034526,1.1495877646930004,0.7906417368136335,-0.0706874885550194,0.3678404503514029,1.8887906364925628,1.5387887418262725,1.6402721566808363,1.5618915525820147,2.386679995713441,1.7675963808373787,1.5600742498522944,4.177610590481959,2.308324641827377,7.45599788743003,8.00110362007582,3.1503285918529422,6.703817591636447,6.650766030326956
1.568778758067451,1.1925101748161298,3.7023855925941827,3.2303773918211607,4.088811480468748,3.7189074197330303,3.1402856020499508,2.9565804850185025,2.440236893953554,1.2780192855050878,0.7698359011747365,0.39098774221083116,1.909517789211055,1.9622814217005013,2.1903592424683405,2.9264961324034493,1.2535253938143895,0.31239904627510984,-0.4940917902672672,-0.3596611501946348,0.7376998039825879,1.44704122410018,2.5223577197756306,1.9927550040089286,1.9817715945285177,1.8462889515338388,2.189402608562634,5.046435105357489,6.850846823855454,7.328194322177564,7.354312392855433,7.212912740440779,6.742224418937038,6.086664419199324
0.3625484853296391,2.3415355542168217,2.797221692248416,2.664324388855331,3.5854609272697195,3.4486379952798405,2.250433356827542,1.4717120537570163,1.1493344711815567,1.3750345341000907,1.839011240473049,1.0798372855747471,1.1763513585995966,1.5580343425965077,1.5803255451885934,2.808130699833696,1.037937673508867,0.46359038470471287,-1.1278259081281006,-1.648019944420713,0.9693815490664449,1.105772455910832,2.6026987830993726,2.6928822775543515,2.160821237471919,1.7815624214097012,1.4604350492073332,4.656494523709771,7.263113286765146,7.177933207183041,7.068900799881575,7.539466399229236,7.127880318158241,6.734881892587958
1.1577671043647175,2.06744631401228,0.9631791473653643,1.4070162696182031,1.9387825172928335,2.1986694137311735,2.4014324878629307,2.4382764738483877,1.4862629793482278,1.5995510737239178,1.0803941965133803,1.6091171967398812,1.7701656107332109,1.5645325813030335,2.0013416180058337,2.4767776582634764,3.1731638333213423,0.2838904913964679,-1.3252913356454572,-1.563330365701078,0.1816462565663569,0.5416154987560913,1.5384353777763313,2.1384126173711993,1.635065218457956,1.3715137134991424,1.6871205199534494,4.042261048794357,6.630954865960798,6.591829306342367,6.753614036613589,7.441843637426728,7.60079309311973,6.849163359192394
1.3210215021802711,2.4530640844549616,1.7736610623602294,0.5820801650781765,0.429054875051264,0.9870762407617444,1.4012628142875756,2.095055070830124,2.3527495825409046,2.1864892298305234,2.0048186239402574,1.4354161383096564,1.6573606838253574,1.6865184122688046,1.6659209769372734,1.7562729244873774,0.8402674460940189,-1.515376052573476,-1.392106702110699,-1.0252175331085362,1.2047630463570027,0.19158113263934298,0.703053076963057,1.5290552226755783,2.2376972317208375,1.8394204280548119,2.910490187285564,7.088915089690722,6.781867559290454,6.468707997623414,6.801113517432909,6.957178066357865,6.600324947834594,6.297149535604401
1.8116407465269533,3.254930579424411,1.8385086250988085,0.18946284004240924,-0.49584432445063836,0.48599517695780386,-0.4106250401686689,2.1511272533494163,3.827086709853566,2.8795020451866233,2.2259037404624173,1.7110698912159705,1.6829166040435979,1.1815023194204208,1.2777023645407983,2.0992442986592166,-0.469073273862109,-1.990021331450719,-1.2737832932206519,-0.06601967413093962,0.42555726235126495,0.8353110023937756,-0.16028519382091233,6.621579907388032,6.321488772452186,6.543310543231225,7.632886901060058,8.388740335718287,7.5903979328983135,7.0944788132658,7.401737864761246,7.065145216726476,6.123380803930688,5.607550512957932
0.8651440781766009,2.34739410785957,2.343935052050844,1.0124566059712181,-0.5528821551143244,-0.6596555549655226,0.8417366106174365,2.648133229986133,5.146088888090078,3.268472599704858,1.8422389266889316,1.6431894483233398,1.8440720600816134,0.9242096262986677,1.189544437776865,0.3803872201192692,-0.5941482209361248,1.1458525835646876,0.7539697958846241,0.28501231476865646,-0.3616799580997583,0.4428598221136926,-0.19183579297530864,5.307337705872698,6.362294375418645,6.6585467685536575,8.184545155962967,6.425703977155235,6.9960130916118946,8.686961458879079,7.277058397326438,7.219644618609172,6.683262565739677,5.9711196266202125
1.1881398302692083,1.847187099893083,3.041993177960587,1.4352976129044517,0.8931791182029609,-1.7694765533458046,-2.2850368269515258,4.643488937428819,5.695187505809009,5.679892352619375,2.820876597849903,0.85551333358164,1.8100003291950737,1.1352432693074668,0.8681477523020421,1.7218154286631382,1.0452704586256107,0.688556103339019,0.3198450188687596,0.4502600087444321,-0.07654440735295154,-0.13999547309103438,-0.9933290032827569,3.316411052473816,5.570978277950469,6.173236478892922,7.630676228903634,6.916255745063379,6.886840376992797,8.15862127094056,7.996442914461027,5.648780826693636,4.497236359507283,5.537409169115325
0.40755565598931265,0.5761791970572826,0.918317023347593,0.5106225257636875,-1.0334108383381853,-3.127867841395942,-1.9508009230385952,4.012567490187731,4.733714648542989,4.218790057516349,3.16283080431432,1.5364899177711155,1.0377965301724401,1.3232542536596705,0.652948917051206,0.9171365256651494,1.084550944423931,0.5404800164964636,0.963287295379647,0.6740039347706102,-0.03316651811663695,-0.3644621372674799,-0.5576912263265621,-0.027609983743086885,3.524450779977903,5.657411822662691,7.340034020340795,8.297263672898833,7.594032505524557,8.283394982451535,7.359545344052902,6.399405942716818,4.185228753138014,6.042287358131042
0.9051772498859888,-0.26629200023987776,-0.6469713392391433,-0.039485576489948625,-0.9462279691785229,-2.1304044861089686,0.7802010686358104,3.530484476979938,5.009244827014411,4.048309091519757,3.251442568233339,1.5330354385071638,1.6533066699707193,1.7464086065168736,1.9268973797267814,1.2856259667954757,0.9005760257958548,0.6246192373889634,-0.5832501835292518,0.7652877282504811,1.1007741026604325,0.2554158369883614,-0.5426507911609254,-0.8326804849643895,0.22675747686858833,5.482617977580996,7.490550057635354,8.020841412682653,7.53664443229874,7.771782586666366,5.702878140493965,6.835363912233567,3.9778571749559335,5.327324969694046
0.0474265488310332,0.4891714189868764,-0.43440103432961996,-0.4594234977964961,0.0029987520000183446,-0.35909651018405886,0.9076174832431035,3.273184679001602,4.4795021031038225,3.6661984195450374,2.106988773575668,0.8244883949296415,1.3231579959462105,1.3189236819393415,3.012181706074953,2.089683438851111,0.21487405804962473,0.42307284910162507,0.11876218651359523,-0.3809172328266627,-0.13790568222185584,-0.6557381770017039,-0.18729846988198323,-0.6848593361760605,-1.2883788872417816,3.7297896228901557,8.018870522376075,7.57482373539515,6.433679905683994,2.9637904414728244,2.6251938155516656,3.7465446095640837,3.595632384137479,4.996687115421033
0.2709488249504636,0.6473150701896072,0.4469060203211723,-2.4555974033239325,-1.2504192091122468,-0.3624913168811123,-0.1053133868529227,0.6658810811212651,2.994565665890952,2.229792729013151,2.7082942716481284,0.5640527246489818,0.598194509081854,1.518178312283009,2.721599910255806,2.003357482768827,-0.4406231313273314,-1.2424370098834034,-0.24845645388569806,0.968690793521146,1.6161384310087685,-0.06228867522142261,-0.2259799254809047,-1.5128472066293177,-1.7746996853833779,2.8831061943225538,6.8131718215174795,2.9334228201706263,2.044022632278781,2.9312576776075296,1.9363992933244767,1.2588024267799691,4.370245935272296,4.9937382858330155
0.7586638466781305,0.7493178947614074,-0.2185616708886321,0.023543983473897794,-2.313260899394675,-0.8971000740164681,-0.8577252466594784,0.9768683421172368,2.9349968167419576,1.9450962901262754,1.4822824922844795,0.456404129399047,0.07629693692421245,1.6097760770397036,1.4756810006491194,1.435947412941645,1.2384835070469167,1.3071726077832,-0.5765736853576086,0.7174077282794937,0.9731285888254014,1.291887059861537,-0.6760822319879574,-0.9685319886647302,-2.351222233741681,3.8363916169847396,3.586436775179406,2.9789884950959347,1.6098243246382555,1.8218302177836074,1.5877456634301104,1.122628239492659,1.9338947934105035,3.093379049510997
0.43836645621051934,0.6839762645343919,-0.5522752600904517,-0.8290953565574347,-0.2856448880965672,-1.2336374432574915,-1.1186196209926458,1.9746993776357604,3.4015128163112784,1.70315048266178,0.8085624076659195,1.9704789434965047,1.0455193831195388,2.1819520346723333,1.7964331576397592,1.5612385744546635,2.4997895800303067,1.6008519401746846,1.035308788979066,0.8169626229018971,0.8726826124500138,0.4988572449633945,-0.33058879908864325,-0.9687095801748521,0.25822967418595416,2.406182994424304,2.6693622214252968,2.0999793337870494,2.112008427822893,1.3382518597301354,1.3751542102811196,1.1419085641247837,2.622708301999085,2.999772752182999
0.2850599642538325,-1.0322721590090156,-1.0915605786444318,-1.359651465740466,-1.1404915822067359,-1.1074776671119326,-0.16509781515860888,0.9431951141335412,2.531181798348541,2.531264855486769,3.9694284789381986,2.620087859732377,2.4140526636215056,2.001825206224705,1.2316910215336554,1.2762425192103601,1.201162720960543,0.8130544071991652,1.1867713632193893,0.4929853105756925,0.7192052930764153,0.4305259785720086,0.3659461887539919,-2.391039932361704,0.2443160895405505,0.8137608275506373,2.3269170153253955,1.7791816193158043,1.5439699897948602,1.6889311808789096,0.9869280421381867,1.4473864641771579,1.6894881332863405,1.6804775197242825
1.1221985624647028,-1.7124388712544432,-1.7222902329048981,-2.0105027100480393,-1.3808910918869894,-1.5113958537630166,-0.22180396432469207,1.0490053043898324,2.879229726655975,1.8587500640532941,1.9610993872449312,2.534779581588331,1.6086835481522639,1.338325534383794,1.500918068681244,1.1043581137358625,0.9781452133033226,0.8903394067196908,0.4000397623285465,0.2519386212377253,0.2932103588599723,-0.023731637758441303,0.23983709452209223,0.20490841591795103,0.442092285737912,1.144038400692587,1.4488510778226966,1.2894541133105342,1.9308789450638197,2.000029562376145,1.370409135062122,1.604759950077287,1.743112770505631,1.9911255565152028
-0.9375574116052379,-0.13243864480996578,-2.3518488393845174,-2.3025667717922063,-2.0826243096393324,-2.8044259196564516,0.2220985045884242,1.3791544750210696,1.009278884333188,1.5337739499682173,1.4342158324675902,2.613250439966977,1.1315383596669282,2.0535206808156947,1.5669037780632957,1.4591074935828146,0.5859439706193676,1.0572895784563283,0.7393171755802282,-0.12663462219715976,0.46388476823889063,-0.03566799564116413,0.32719923907902715,0.16099973627438002,-0.12040734210526968,0.5227708366276991,1.241868558356848,2.328709040775394,1.8557384065255205,1.8975893299293656,1.2654910808539603,2.4562900944719743,1.7977417214198579,2.541446557964926
