script/wind450m.json
{"header": {"parameterCategory": 2, "parameterNumber": 3, "lo1": 3.000054539987559, "la1": 64.9999836372058, "dx": 0.5, "dy": 0.25, "nx": 34, "ny": 52, "refTime": "2026-03-13T14:00:00.000Z"}, "data":
[rows 0 to 24 of 52, columns 0 to 33 of 34]
17.718936418266612,16.804762762854693,16.416658461607394,16.050268244704036,15.362553548828178,13.600020669458157,14.146664666244979,13.148794707909232,12.144669870892855,11.566055572642066,10.78638483295546,8.507997067369917,7.8771904762716725,8.02868695053976,3.921022144382744,3.7658840660040496,8.172514120593883,6.712558678863107,6.803353434707743,9.327727578930562,9.370141609008213,10.441660700288276,10.778096105880392,13.787646426489752,13.577806017696632,11.903317669914317,13.686022577658282,13.743558128922885,16.22777157530934,13.624333266327234,13.489710976382225,15.244838406574647,17.75126099007807,15.478251579679625
17.429101748592924,16.89225635163229,15.947376924498922,15.852377770926932,14.78133056136808,13.941701747474582,14.449123394599749,12.88134183322443,12.13604578094272,11.241168271816388,9.364387243050619,7.623557017852359,6.4979311586550255,6.186122077397932,3.2702349186879895,4.313846870004874,5.35483373065147,7.483703202166255,6.0679597224549395,9.87334005022052,10.53957442116832,10.187226713823033,12.685542885827727,14.855004482299615,11.822934948755824,13.0904786705607,14.071378397544951,13.591230643631894,18.080119530711755,16.27942116439946,14.91392662424016,16.25057028362777,17.484751919428806,19.817336271280958
17.012624217030808,16.131243278769556,15.596162062483526,14.674411445174993,14.145730674590922,14.124415074272157,14.581794282958397,12.497887044627573,11.265212308386523,10.288845331121513,10.879118402325556,6.641569367603619,5.706759486116309,3.6571759355012046,4.592485956194452,6.362814678494122,6.249747621114362,8.444920994449973,3.964586919848284,9.975152807957599,12.306110612944,11.615812372513515,11.44458079654991,14.15592375262015,14.801381843568699,12.695696948642565,14.929529342808955,14.944594564687224,13.904579676623332,16.39434921335924,20.713926552579466,18.5643868344719,17.488626453635725,19.52472048857874
17.07791071049485,16.363081199321677,15.313912673535842,14.311960943783895,13.693091498544083,16.61101566205031,13.853076836190677,13.072651217272005,11.213712747268165,10.084753007265014,6.9831299274432075,5.4446316189165165,4.267366013616566,5.251402447585556,6.351151064551612,4.864774180157032,6.400608369212383,9.683162432850137,10.530621466944499,11.896966082333307,13.916072924903022,12.029856567163517,16.046786240676376,15.949707550380877,13.283311075304054,11.211044300481591,12.461075326585723,13.6317664503713,13.810792472775756,14.847233848614005,16.79424191642749,21.41906763089578,18.253308265700795,17.808316013144736
16.80928256966587,16.23190438221301,15.288120851827433,15.048169234914981,15.3072775062612,15.763623209025234,14.63289030525097,12.23787262885362,12.042762261469061,8.872531467071159,9.433653026885024,6.7024162661808795,4.3115635838125765,5.713829855798302,5.0619097041002785,6.051031680493228,6.838292961121739,9.407611714060065,9.156490645182812,11.902067836070593,14.945196914784926,16.63434548102465,11.844822459386059,15.360037213370884,13.686816579565791,15.142581272254612,14.63182299373135,12.212032931319833,14.684472542411315,19.256299147967354,18.508455647048557,19.712486146009528,18.683986272935424,17.629928752156776
15.97872027516204,16.149113453815605,15.54660365616792,15.54685777369639,15.663332640085486,13.703351500571031,14.019151701755199,12.261236500148215,11.064193132366821,9.145145111222183,8.197384157597341,4.398622465829022,0.763246407420717,2.9239671212052047,3.31766567817462,6.946333256619595,6.248751100914818,7.950958388202461,11.892425508008925,11.794588130462666,11.0657431073067,11.314279518929164,17.010736730672892,13.427428599584877,13.27491609019362,12.98463098318582,14.474795860364479,13.71122232564977,13.147895295766963,15.433433557460127,18.087241214054263,17.16924369319092,18.004753476030892,17.81453038125284
17.008977754258897,16.209250171703292,15.439212041114542,16.609123436237155,16.952764888251096,15.736017547884897,13.7349536742736,11.89240244320099,10.426669251066805,8.601057465134888,5.589102914016512,3.844205758323361,0.36358623738593426,0.11001978077045836,2.1859849163665768,4.939592064283147,8.123106074231382,11.410469987160647,11.212946459805893,11.013984693824185,12.196906370343505,11.179396768395039,17.58786345157395,15.7114808909867,17.29190030147055,15.741929648479587,16.537517385414276,14.072341165905865,16.999861780387477,21.082367730719064,16.2563404966436,18.705454580380685,18.82433466424256,22.408190958494856
17.919150889344582,16.136676153159225,15.348120372747173,16.205184301961832,17.0761993213284,15.480218364842022,13.89718019721473,11.560954269790349,9.462429729722201,7.434528097047877,3.7152051310440752,0.49391732906894575,-0.47562154324276124,-2.7346376045794947,4.881441459603504,11.821863423868239,5.909823637373797,14.16526228860917,16.44417967486506,16.510640420733594,16.70884371518245,8.738616274304709,15.91469128563747,17.7995490723233,16.89498960423837,14.628737057634007,15.119962487481086,16.41451823165692,12.083153707924595,15.82631460592451,21.470759214478125,19.188477612337486,24.96921918263097,27.947548245925077
17.510725974689347,15.142966902414628,15.21786083539094,18.138086638626486,15.73711854579831,14.272253186526244,13.22031713558877,11.213429895452604,9.015290950835396,8.583967792000058,1.2152570811252446,-0.5225905834032812,0.0949345336414189,4.117524696111116,11.498698002770968,8.720350711006446,11.194264538965845,20.385151118717463,18.78578881738509,20.167114409187935,19.51637771309625,17.890899884873,16.592372719233538,17.458097255125196,17.814333657484045,16.74827657676489,17.178485590751247,14.196015688473933,16.73926919104886,17.693798117235257,21.62436860525857,26.719016573262554,27.066641873782476,28.943335252258503
15.894735820875779,15.241857676765058,15.74970450433709,16.185920589148235,16.459980598951486,15.053649448005169,13.905116268622995,10.375757987354447,9.582459552811505,3.6599405742721682,0.5195218721902423,0.912548157212415,4.787398961226545,5.262558313674008,12.326751036987918,16.06796095333019,18.16459378240018,13.39309058717726,15.460304844393763,17.412187730633683,19.392712956089667,18.02054128961318,14.625234564700149,18.622113965804513,18.128037551389735,17.895169808643907,19.388840182208483,17.12199687626784,17.26430662776899,17.820576342502193,23.979450549289247,26.982347399828974,27.04231303963764,29.65780972695797
15.008644121893914,15.178312327477661,15.246043949080311,14.372675603488695,14.641715858148583,15.751730812129736,9.008829874129502,8.792516314018025,12.221111198731398,6.186209455975727,6.644076226284005,3.6346492941200452,6.6851929871204465,9.756367055585685,14.0849159059278,14.502115768165991,15.850744794855947,12.525431905319588,19.288309891761553,18.41743148546046,17.26752593286836,16.83267749308762,22.722770436789688,15.636110940791118,19.0137377424477,14.434157829567896,15.158645284805072,14.938078561891531,14.58788113342701,16.739054163112637,22.65457900515723,26.754642881776373,27.11385310099534,29.880733697161546
15.110002465989743,14.696110456637303,14.87074456448138,13.98065462967526,16.98008851821474,12.685256813117634,13.467227088733543,10.743894915274417,9.052650916456923,7.405085185029088,3.4422351644388374,4.974276839979459,4.694528449618686,10.783935095212694,12.573992881320567,12.435545988411898,18.839093381165338,21.051466718379004,23.274420912012815,19.901108634804107,21.53029971509224,20.305701584319145,16.565965496482946,20.562745999078107,16.45971806914242,16.47407280063375,17.40177736160721,18.7704061401933,18.771645077111426,19.903820582182757,22.493765818822585,26.038831142133397,27.54452889815511,28.863312405525882
15.32731770630126,14.324798937422539,14.749720691233701,14.061313916919175,15.952559267793372,13.28530442097154,10.930998089130647,8.23043262925122,13.582802204559835,9.412861000921012,5.814610427484252,7.159605027193949,9.719318025823783,9.760608254175294,16.379809310283676,16.44394687369821,16.980315742002272,18.8228235746826,18.884310862681446,17.5747772134509,20.824616332352715,24.1740876519937,20.705053719313927,18.14846577773309,20.071949238520688,16.144704987943,16.685279829553156,16.963673408784153,18.76680825801326,20.78934182059619,22.558275526492533,25.341930628485883,27.41624428860926,28.772873989216855
15.698929777004453,14.643931181649254,14.93985597157875,14.662606933870446,15.661768887206064,17.08830755279439,17.146430400415053,8.665785846903656,11.57973118825944,9.36526545949138,12.145736486454169,9.150414393527,6.297264472664684,5.911734261376674,14.949095673089335,21.041887948073263,18.742208648353436,19.743847152497892,21.559817606434045,22.535488954279995,19.12573854429384,24.857337544967976,22.81524087513487,22.71233839808583,19.616972783116882,20.471590641677263,18.6186241704686,19.60997738933599,17.728335671694307,19.92380347351056,22.091692631071204,24.484506522425868,26.661281429293723,28.68336980112863
15.914245315988888,14.812595589784411,14.308295974505494,13.35317674828901,13.477910603046647,10.975352776162625,9.539565283057344,15.824456934597121,9.85053981867209,8.867329404837122,7.111951519576034,5.858998254422644,11.645481692711519,13.765661442084323,20.17904793452935,19.446835156097737,13.158822204280433,18.705507844758756,21.011670867619067,20.41828124024845,20.070057548440772,21.805215846969872,20.53795187811609,20.317355229304464,20.584346795186494,19.46495590469687,16.809797357461086,19.145226664203797,19.333355553242725,19.95429914222103,21.243992540513613,23.952585651889844,25.544124928907234,27.670337819281638
16.369740732091028,15.319796781623872,13.711666534441589,13.661078784061484,13.860638946158373,12.671707937241788,11.189875454177932,6.238871412482081,7.40529078575624,7.979998236820427,4.470073971493421,5.8915040975114605,8.942619626344616,11.075843923228565,17.038987955847226,20.430502788621975,19.811705992608005,18.835359510748177,21.028403495803964,19.740630291998645,22.68755234628147,19.792613304648533,17.561004826061048,17.817168307962355,18.850122329862817,19.18816875658021,20.380045019075077,18.026754127330214,16.55081210242399,19.23139153935832,21.02681461970845,23.339514445560834,24.68544550562457,27.303278734790855
17.152079864972333,15.040934234648715,12.867215255836804,13.341577248309326,16.99904577820749,16.4797496701432,14.562374473974272,15.537654083951292,12.60158875053593,15.229458232046666,9.478497379086958,5.777247413510615,8.898509541712942,10.39945634671549,13.692222111500907,15.47242903573016,18.5052099443762,20.2923221434627,21.337992618019875,19.15288644776282,20.33622382106006,19.549139201337614,20.444706314431308,17.918317330688176,19.595650097819263,18.478359980557542,21.377860579176698,19.593536803995146,19.56391257168558,19.421244389508416,21.967217461509232,21.84509910365067,24.214298780714692,27.09164882099426
16.74122130473626,15.304859014864038,13.048276249706715,12.162279701691494,13.878999782952079,9.687981962980789,13.363992666002744,14.608942941850362,12.919268093407876,13.689853474898388,8.71831467319909,6.45360455221724,8.37991711931506,10.19169091971319,14.63078374797867,18.781148196343626,17.32300719673463,20.05637504311431,20.947449658409305,19.149791331561968,19.112581408759198,16.746500962952048,19.738420141302228,21.178999133382998,19.083511955570263,18.549181845384094,19.48994373713985,17.68186053512414,19.139484849923708,19.89846835315061,19.667109467883385,20.52198492787319,24.870897459625276,27.57757378761732
14.540242083395647,13.610479053504289,13.137785045508261,11.965684351305306,11.639553856015917,16.1785424923685,16.03678184122188,16.08747804622649,6.206531845731443,11.407407277885389,8.375283845326733,8.77525278319901,9.096664581235913,7.644574190319895,12.070530071109644,18.908622509726325,14.790896701270784,18.258531169834406,17.7101998744498,18.7472294505238,17.70839268909701,18.82313228103913,19.603173941232253,19.61862289881691,18.976048991795864,17.36689657348711,19.356618608597596,18.723230180337623,17.30373661723293,18.502830730041566,18.48038140086674,18.678075759578636,23.71216813976956,27.520154455244366
11.673367195710284,12.648411655338482,12.94911916488293,13.101979941031587,14.366381453026193,14.504955634807777,6.543177108659105,18.301021997465057,17.24970244405558,12.724369480647102,14.30349311312635,14.645487811832876,7.791176027932578,6.805032036028881,12.649027383241501,16.694192846116355,15.576485411400949,18.788811151373533,18.218608058346685,18.334407760729817,17.51231610573561,17.497518051512653,20.343411244961924,19.43275696335869,17.261863433170525,17.622094289782765,19.155281911125652,16.53991580941425,17.636410852013707,19.216532521823968,18.078012744021166,18.42817314647678,22.717217412543587,28.856275972098143
9.855466283589948,11.417452671791215,13.428409610775537,14.242924185233257,14.079260933894433,15.081338778374246,16.518918468958397,21.316164897339114,10.690913894566751,14.689958388167952,14.955916359957973,11.37346084866101,8.720705519193029,10.147252125895706,12.076323516639103,13.09753719405907,17.900373972739406,18.576303020673823,18.5482112719206,17.37213668561788,16.01767539993537,17.04709438761224,18.98767044879298,18.757246415702507,18.982307341524375,20.44302635581759,20.20621311911644,16.6927871240324,18.948931655156553,19.320569461927363,17.848429774313864,18.212437456582844,24.511441559193116,29.821976146973505
8.967832300701206,10.859429218751115,13.646757724878274,14.852409111213927,14.39118474525134,14.196823052002664,11.728519568076864,12.99850909930947,13.117228183115552,9.037220604500217,8.537986944448555,10.686217921027035,7.880348974591117,8.891597677874504,8.803122319768399,13.381969672596005,16.86640973725135,18.734806573638735,16.874284662269144,14.960920029438071,15.973646451467943,16.489405302284116,20.831339226826934,18.735235984220417,16.257622727157155,18.543017169497066,19.33872781687853,16.788107640984368,18.011827046977828,19.501597695402083,19.8150537776572,19.479241453902812,23.547684019736405,29.04156344152071
8.610434850688478,9.664542372315754,12.979305504700571,16.32973747512052,16.077154654789087,13.307469093859055,16.206760323717642,15.928224028376734,15.543940363185442,11.715970662811998,9.811267938493021,7.154201675519586,10.858000055238925,10.972789619835583,9.585540579181592,13.16157108940936,17.1058637475051,15.883679334288537,15.999423186388212,14.952755869427754,13.237705041495133,18.84194233972797,21.163182080083157,17.01132348076884,15.309323077529871,17.168951465286987,19.00696432306552,14.570423210409635,17.51529909183322,18.05054039400072,19.678305038708995,21.313538204392422,27.673190030859637,26.99841069751051
7.926331993875362,9.372214351034264,13.548733620660984,15.983532218406111,15.418405531768691,16.07844553688417,15.851982369977463,12.459474107742095,13.489974555530138,11.711170719070546,9.19950542109447,8.766676266786854,10.160885642244004,9.758802764431202,11.152055922138413,15.778950510642586,17.93013354886168,15.973266230261977,13.726316131845723,13.311871394334924,12.086993865110154,17.954113281276694,20.875818412038274,16.7198695500867,15.735962632475532,15.458929415995442,15.478884100767601,15.76972682138122,18.206975943745544,19.850578150688634,20.20106849242381,24.218544150928967,28.2086793668459,23.836126377408775
7.98155844514586,10.219071634466152,14.11419074945467,15.10886324308984,16.242896545565106,16.959565430309233,10.383049004998425,14.534624018317867,13.868499731951548,11.109877480384185,9.471112549771817,9.350270853627908,10.504828549310945,10.073879194589772,12.255982871006749,16.274230247981205,16.925028113687166,15.423137519265731,12.896987642942278,11.044004523921728,12.191938363951822,18.10186868866121,17.81027306597162,15.596545386826532,20.494036660065184,14.474466428392079,15.511689299090296,14.358560081131776,16.742201661538964,20.476611284866603,23.659984099614327,29.115724620319718,27.840798022558058,22.480127149167163
