script/wind10m.json
{"header": {"parameterCategory": 2, "parameterNumber": 2, "lo1": 6.000027932988019, "la1": 58.9999434238085, "dx": 0.5, "dy": 0.25, "nx": 22, "ny": 24, "refTime": "2024-09-08T05:00:00.000Z"}, "data":
[rows 0 to 23 of 24, columns 0 to 21 of 22]
-4.109865086648098,-9.658512240798734,-4.516960433882135,1.2414316281987918,0.5221369010099189,1.1890422742843045,0.15402713447446456,-0.4310990640739976,-0.6554673296501672,-1.2318127499127,-2.5575922193842544,-1.632764160294178,-1.9540594885129154,-1.799262095842113,-3.073445310084519,-5.368032139237877,-3.2098643313935047,-1.9098961938145356,-1.2920504864415503,-1.984897749392888,-1.9429303894494894,-1.9394305391058426
-5.9773641856148885,-3.95215201641189,-6.032780732700238,0.9349681818312388,-0.8012644286210933,-0.06942136090558479,-0.5531179782726907,-4.425181729175919,-2.7647005250859267,-4.164811811792644,-3.8151925899609656,-0.8562827509168696,-1.7726475650567435,-1.7212200880763873,-3.1676078714747233,-6.337526115134088,-2.4683175147259737,-3.1788755601873673,-2.7329710474669158,-1.6773354740904984,-2.1382136641366536,-1.6626617228750087
-3.5935821195802164,-2.6568717099337507,-3.8590696257487505,-2.4334149014821858,-1.7397898882257175,-1.1561627680252442,-2.9640872995579586,-3.8515964880650526,-4.333777818913428,-4.5905856742794695,-4.764665461491404,-1.2804947011031815,-1.7528326019785956,-2.951861833142721,-2.496716882841442,-1.0981292563743452,-1.800032402128257,-3.628124374643733,-3.6872660948896376,-2.7471070953637047,-2.562610209769368,-2.756590022279477
-7.09204581063955,-3.9604330076495233,-2.879699591492119,-0.9503716864493199,-0.990638661992716,-2.999728201397055,-2.5707628047719915,-3.7321664849369984,-3.9694757832129786,-4.349718504582913,-4.619797626510284,-2.242707928062491,-1.6283270963206078,-1.7111511193535722,-2.688690744740344,-3.055666840821921,-0.6148947412594175,-2.9313308396900144,-1.4807473717053916,-1.697785430130027,-2.064919876219118,-1.7276041948288798
-9.638746778428105,-8.357487411710576,-5.305560506692605,-3.4617616835173157,-6.203786051404415,-3.4522461679207277,-4.554744315910019,-4.792952936998692,-4.534050035630529,-4.454713752263202,-5.1258139536110585,-3.359832053501748,-2.074895331568711,-1.7329693859058886,-1.7729584862160501,-1.911093485986069,0.3863101473977623,-2.437344125193758,-1.7791610151283517,-1.6837667085362917,-1.941469856072255,-1.69670497290324
-11.016374919877721,-11.035519949867973,-10.336629480210362,-7.896245515795516,-5.160673282920359,-6.773230054488126,-4.74971008153044,-4.960912902104017,-4.8104836726619045,-3.5978120946376935,-5.238062518025351,-4.425607147775486,-3.3311436582775737,-2.081475608007182,-2.873713199381554,-2.3410637909809235,0.38883932652410824,-2.0220871552155892,-1.6211840661880257,-1.5280142605895497,-1.4230414853534399,-1.6816474330339826
-8.023517182907755,-7.928184015925389,-7.388908462406476,-6.833720818569597,-6.504934198752211,-7.632651591276471,-6.0220514458727115,-4.830991989360645,-3.3452573798416214,-2.546723692836813,-5.238876188655581,-6.143769692527546,-2.587648910516374,-1.5773383232669613,-1.378095398013657,-2.1073783202571756,-1.5282695381438887,-2.2996124061581606,-1.5776484085892288,-1.5399187502683103,-1.2214134380273531,-1.4233394812526354
-6.2906408930375655,-5.783857699589176,-6.145272897399779,-5.225128186863486,-6.131874100900562,-6.369951960320921,-6.260166470395247,-5.150669647145568,-3.4350858399460504,-3.132157475650341,-2.967307353425416,-5.579217916806291,-4.420786811637836,-2.254652463408689,-1.6102743504168504,-1.046710081078971,-1.3927395812903172,-1.5197757657071602,-2.0987169701462225,-1.169137216236572,-1.3598175246627668,-1.9222606972028695
-4.701011750775741,-4.3423248332875986,-5.320200431365115,-6.269656995293079,-5.588495218184111,-2.7087666201209224,-6.399441066601313,-3.5823319435006558,-2.6587222178542866,-6.280668688038203,-6.990783834552433,-5.858794687652577,-6.2139376762789205,-2.702651330213593,-1.8964381070356466,-1.872661472219324,-1.5958020881699841,-1.467213021974994,-2.2312776868735025,-1.2841653420540844,-0.799830965994936,-1.5093696858530508
-3.7515756617304112,-4.911665974102931,-5.303380335308774,-6.893033035748026,-6.066056366750439,-2.1519307630290396,-3.6629399759081713,-2.6814834742870937,-2.6971608903038162,-6.348558212550844,-6.458108160830282,-5.951949908324053,-7.6254382620540815,-5.939220467607907,-2.4818350360931762,-1.8621595768853256,-1.7177134869694564,-1.5601539783399734,-1.8571754726513234,-1.5592856025734259,-0.2325819149301048,-1.8758607199605886
-3.1971612434971113,-4.27157140310916,-5.1669674508081345,-5.627279095480857,-4.520995019305855,-2.4895707054333234,-2.4988542390989825,-2.971004509534726,-3.333579821171246,-2.9209606322785873,-5.940723462989507,-6.212669175034635,-6.392092004897285,-7.720217924897285,-3.1543709612747732,-1.9969878834120507,-2.0810590920082768,-1.789743510661386,-2.150232940635963,-1.4071903036919622,-0.07833597051062798,-2.321285649483768
-2.4199543904914997,-3.564086854188712,-4.900386803264561,-4.858749314400191,-3.7532753477824388,-2.3326150191975583,-3.233408953275925,-2.2589565737795336,-2.039855461698888,-3.8438420789008974,-6.277302925678711,-5.443576309262727,-6.9415626658789495,-4.630970252890281,-2.619525715090528,-2.0088519359305734,-1.6474710008015143,-1.4920754482662446,-1.6468543104804305,-2.0427100756969665,0.5195705118767148,-5.155645559812449
-2.206421801100951,-3.2173542907333386,-4.185245181173762,-4.658098329799809,-5.385399892367987,-2.809557584690746,-2.9327794391859996,-2.204424604050976,-3.7807975906684197,-5.072521689240102,-6.117173701211303,-5.2444511853494475,-3.0008290919958522,-2.1925983297803393,-2.912311170087256,-2.413544101688282,-1.4656053260470194,-5.023326136801032,-3.5202100178671096,-5.159584916246556,-5.033049516883818,-5.138168547077688
-2.777394251780615,-3.1879063163495154,-4.258505681466446,-4.429546989900277,-4.698137846905768,-3.262904382402325,-3.2270310816469534,-2.155677731717527,-2.159341696376487,-5.256125912372408,-4.8919547014599525,-2.763254914864467,-2.818819606640651,-2.9655791137403766,-3.4791328023241674,-3.4882090124146528,-0.8853975188244745,-3.9034370450539937,-5.534245090212656,-5.320435822058637,-5.577538046798632,-5.45314089534562
-2.4178272469896673,-3.965880773008877,-4.320832615741286,-4.854016160854648,-5.865934220640848,-3.6065178397626454,-3.131361511088128,-1.934249073355083,-3.0515100316486183,-4.750958179169229,-6.498851632357974,-2.640015980696966,-3.356389875765012,-6.559748311325932,-4.387190395160708,-3.292131844547041,-2.293501835806462,-4.424968386017234,-4.842842723267575,-5.344898956305641,-5.5758607718625495,-5.634184506148956
-2.6890272947984237,-3.7593870152175977,-4.130892841570099,-4.229554491012528,-4.6058040541203145,-4.655819183374143,-2.9744593008106226,-1.952704398581075,-3.9793766334233744,-3.1040497724900664,-5.941712049329717,-2.2135470173520386,-1.5887496816572233,-7.63413231307042,-7.342041890914487,-5.376195134020182,-5.685178372796783,-3.8308915070614717,-3.77231896522136,-5.184687167781262,-5.261348054092535,-5.735408966037432
-3.444712827587409,-3.443027920934691,-3.867496400250082,-4.560787485633316,-4.287935835109418,-5.493435836462458,-2.9229469159922012,-2.98720727584214,-4.964309802791195,-2.642235956689058,-5.501566217935452,-4.457068678901625,-2.9396136220569975,-2.6829649429890843,-5.75672270415331,-5.886826489841188,-6.24290424017606,-6.0506403525701815,-2.72761571225653,-5.27786870299079,-5.416586240921403,-5.846661496768643
-4.297371906450692,-4.273269879171359,-3.4158706742256775,-4.531999614492576,-3.943335686078269,-3.331723377986505,-1.7025027717382073,-2.596960484256978,-4.949039317607987,-5.375760600643198,-4.323892403817228,-3.1495172607044153,-4.186521920160967,-5.813914316657403,-6.18237111840464,-6.12456307967557,-7.082364590452821,-6.320724375184576,-5.631130020399473,-5.491209196430997,-5.087356328679811,-4.933781455972635
-5.277115092594501,-3.897407869661123,-3.9889919736855832,-4.445989179183659,-4.101602719157122,-4.5293409357086025,-2.419152853414915,-2.0936781813093854,-3.0177183467861024,-5.538814102498535,-3.1436365119939986,-5.75135839319533,-4.937158344395265,-4.626646304525222,-4.930244973636668,-3.983739235679706,-7.075643845033692,-6.560582732439426,-6.376884427346235,-5.576580804555928,-5.178266615471065,-2.8669876278943502
-4.899265652620662,-4.057311530258186,-4.550435168738104,-4.592441341136376,-4.80002336522994,-4.890537507372083,-1.676206342032523,-2.357867835802291,-1.8076127228123657,-1.7311487278292084,-1.58946865916598,-5.3590251611507265,-3.895606834362544,-2.667769057865623,-2.1882888889485654,-6.3771524026539455,-6.837601256378339,-6.315485666972724,-5.613386572738658,-4.619455481543498,-2.5203026414872713,-2.2275292436529233
-4.0269415782151965,-3.1849119624089597,-4.597461578999648,-3.655036137563214,-4.246904578200696,-5.257174339340492,-2.679482481083801,-2.808238803038959,-2.2713446107079935,-2.6283685578754366,-3.007773570258563,-2.9190841034758717,-2.0595059158272933,-2.799603939031412,-2.826865132365675,-2.722475309693807,-3.336640916103411,-5.190430685839566,-2.040544643176571,-2.7049636827046513,-2.7422549866078945,-1.882342740150746
-1.091880124736805,-1.6249666968346297,-3.3214141008352547,-2.717564586900291,-4.008991805057271,-3.936850556627174,-2.904989136607314,-2.3898166768912734,-2.2380781905348948,-1.269655941623108,-2.1422548826335435,-2.4838933813061024,-0.997330997923752,-2.499653254064958,-2.9852286822438785,-3.0793189355327715,-2.4092560735976036,-4.6527054333439075,-2.7437034970361607,-2.3498580141007057,-2.131069264916418,-2.4582120737094715
-1.550854926818796,-0.45451052603166636,-0.2098020492184715,-1.652027561273912,-2.553227301207361,-2.6232892475678042,-1.661833456644248,-1.7163205083870257,-0.9057036706077228,-1.9463605405444058,-1.8742360713432924,-1.2131893850866742,-2.216763305398673,-1.9574598257970108,-1.8284853648667487,-4.203977340818618,-2.5211802590339696,-2.75255543254655,-3.6625379303795773,-2.2686708155029742,-2.3087531061238797,-2.035587623039021
-1.193327351730196,-1.184952060058999,-0.9342488178353965,-0.42667924633565324,-0.6141792209256398,-2.217802669299147,-2.3387719836911542,-2.236535310957554,-1.2696765985231537,-1.32099168278227,-1.2655389796053544,-1.2542589810167513,-1.6366153550889766,-1.7742668237267647,-2.172003443572561,-2.1572633885670958,-2.966045655191396,-3.317719997941614,-3.650376083950028,-2.687705148492753,-1.9881729637231675,-2.857967237076716
