script/wind10m.json
{"header": {"parameterCategory": 2, "parameterNumber": 2, "lo1": 3.000054539987559, "la1": 64.9999836372058, "dx": 0.5, "dy": 0.25, "nx": 34, "ny": 52, "refTime": "2024-12-08T16:00:00.000Z"}, "data":
[rows 0 to 23 of 52, columns 0 to 33 of 34]
2.625561258618077,2.6167989116917676,2.5828407113562055,1.8178050139078332,2.168294020543778,2.585771937923878,2.5498864890554547,2.107966424388364,1.5488284513668695,1.5549781692432831,1.3856332626566712,1.34590619324207,1.436176619255277,1.120806762413517,1.4967226508334825,1.4990678609696375,1.6231769073352829,2.1883905806928983,0.9810720030960857,0.44688933191775926,3.676632006646499,3.7041355411160883,4.134835744704266,2.3396038499583867,3.5055460489225427,2.0089670419850427,2.4148806592334475,2.4735100634697154,2.21625109831604,2.599961279680476,2.405906964379215,2.336326653181161,2.215270126023023,2.4930255412654905
1.8791923322842996,2.1473982869991155,1.8326062319766587,1.0880499402682804,1.643958447836522,1.9124698491280703,1.8686303170198906,1.634229481905554,1.1252181893259987,1.0576549525091046,1.34472386032866,1.2077975550068198,1.0728308990034123,0.795664642441974,1.4583249945846652,2.0887241050972243,2.39932431778431,1.8557342909944778,2.2385337378658,4.986717920145634,2.026138334060659,2.972168953948394,1.2389304468400455,5.460950979836846,2.3038045475374767,2.70092480747189,1.8085926105250336,3.36122763078211,1.961376855882445,2.840554692028129,2.658840493964974,2.5368132890761745,2.019327553014359,2.398239840342615
1.4057448352954895,1.3271002686511553,0.7717651562516579,0.8850334471413978,0.7979339221123842,1.4669445840559598,1.6634109192835276,1.1481225489679454,1.0056688327599144,1.0453813855993104,1.345567403300384,1.0737737584861535,0.4990332173377903,0.8037968209118967,1.467205923033325,1.783123381483994,1.301629450747118,1.9079197620263444,0.1908420964551921,1.1021277248773933,4.529819295384073,2.3423392307821636,3.123401413288796,3.7926195225507033,2.505841909017421,2.020648119739933,1.0640548651444228,2.526723379612388,2.4084957547210437,1.70208215518906,2.2270887795175756,2.1771245431867174,2.7835119560239234,1.5245039939505651
0.8785138162940791,0.30404076975975863,0.2279833709206714,0.26365341012495436,0.5413345870411936,1.4347971777854656,1.7357945219120061,1.1053148648477014,0.7132548972715432,0.7627755603373638,0.8477835004698693,0.45888209329947177,0.47899818416700723,0.9263071337732753,1.4712547312275441,1.9582515882459781,0.9471642013321019,1.4296096058459455,3.13452541043716,1.842824196847886,2.751499795363316,3.901217680506409,4.625450974875423,3.716233147311943,3.1527249807357745,2.2972230174203387,3.2253540032595995,1.617340320110472,0.8980938316223062,1.9939148658290666,2.430832758121557,2.2378439184344705,2.195949223122283,1.399968996423644
0.23235531424206404,-0.2408840997102823,-0.05559875607845849,-0.21544742960215593,0.4123749993486977,1.2443542043571092,1.077620778849067,1.2257253116774371,0.32362691432201657,0.549317228368006,0.12474183975127832,0.06790792540068691,0.621979304355309,1.1200073762611724,0.8247548804523623,1.6051483610555657,2.6547478734042005,1.9831928225808038,3.20859180339821,5.424327059990661,3.382802852177176,6.497803967658925,2.022686225168957,3.254452756719257,2.5652776980788023,2.512932776137942,2.644199625374603,0.36682148522076397,2.7462710720073495,2.322522904828078,2.2147496491192875,1.925638841198792,2.7460578078359976,2.3658472325144912
-0.47961129921847884,-0.5804116757057705,-0.8488308995210346,-0.5808315261631385,-0.2961272508379359,0.16736351098691332,0.23033968678421568,0.4784242952518105,0.14188738304192397,0.1818338853317296,-0.6344399424681694,-0.27411611629121685,0.6452630894150901,1.1164812196324219,0.8772939642481384,1.4209520194619587,1.7762477850030314,3.1660031452077044,4.295720706012475,3.533552110620102,2.4609809256667443,4.48552546091949,2.5475161141203175,2.9204745373859122,2.022764237603919,2.110849319909576,2.7513824944396914,2.2391121577526873,2.458136359580446,1.88580005007924,1.8607096000993077,-0.3461755158086463,1.453070783022208,1.7916460442739461
-1.048742877473041,-1.4858839181827879,-1.6384810412519497,-1.4325474782692262,-0.893450569531545,-0.7188954416397312,-0.32082026527107854,-0.24418743794758982,-0.20745956685588526,-0.874289374739315,-1.1067128549588596,0.8367737028679241,2.095545330056658,0.8973007395633978,-0.583084486316416,5.073510459329671,2.26259172684473,1.9589068547968544,4.4837298349879555,4.239143154671564,3.0918160576836047,2.3631120192205746,2.452521299548139,1.648335023988331,2.9616501047864117,2.4277802782938895,3.2292108324725737,2.4178819730812178,0.9570538618666992,2.781148260943753,3.2622741527044132,1.4775866346682371,2.1904865306500945,1.9380065838628533
-1.6205809700410776,-2.2542782278111413,-2.5087982074073576,-1.960554470887571,-1.4048605471426339,-1.2433014625147134,-1.2486657272485895,-0.8992666230588952,-1.4700968877307465,-1.6842808756555407,-0.5603257000408471,0.11506086512086218,1.9523127558157785,2.5119481867773947,1.2080063617945036,1.8918263800992121,2.500806754390845,2.798037639788199,5.087919637186305,3.531408936688376,4.4862230671135945,2.7529163058610067,1.6580160995370699,2.8076533359594325,2.697236397586686,2.6932582121029682,2.719203504597873,3.3361975259736414,2.836079603098868,1.920409718241363,2.592368473233815,0.555770572914798,2.745403917843063,6.856754454467715
-2.5375626334057455,-2.936833937023503,-3.134839527734343,-2.5998341028764265,-2.3825880441101064,-2.003149862680203,-1.7556057503991103,-2.153714384620047,-2.5109011111061377,-1.1594265121964613,-0.6469696517599809,-0.6435583336859528,0.1718936028098906,1.1753159623819374,2.5700365364046918,2.208164865137347,2.774169818665629,4.917503942779648,1.8668345201185803,3.135886003662788,5.375022378154,4.383409902830287,2.1623007163490207,2.423403359883016,2.7636611097167143,2.7896958380397567,3.451179093964146,2.4549943513647667,1.7705117555664154,3.000216375969092,2.1006241625805737,2.7631641238833073,5.845286779804185,7.4540896882956345
-2.923379942632339,-3.5973552604095036,-3.614811106552086,-3.607823631368079,-3.3571643453113844,-3.010867004246411,-2.6857461016446535,-3.1488171587327067,-1.7594380152013853,-1.0784703689775859,0.31537409435590086,-0.8646390523737668,0.2330743927831048,-0.3382813161603524,0.8505253802073766,2.7683893383045874,1.4420244523076782,5.338451261804357,4.081984717922608,4.424999468140643,3.9798837640080484,3.229467036087129,1.4214284589488395,2.1168402113437583,2.605201122516823,2.7646484470298875,3.1463254918538843,3.069105283375346,1.951137655132817,2.0738920620914514,1.2461913531723812,5.181259713153557,6.752741438271352,6.813761662516646
-3.4231314255124072,-4.088591371577127,-4.269675309509084,-4.440015666952806,-4.167000236489193,-3.5570681825849104,-2.6760725765761193,0.33661935933820414,-1.8912066166834807,0.5014489868728205,0.9281298998340495,-0.5769888580210428,0.6982038442371116,2.8789385926087534,2.4643524203172937,1.686013531224587,1.5379239249913266,1.7794421426318607,3.4090745236334024,1.6799575126231494,1.403401169834202,0.8427903235013198,2.5683770268731023,1.6576646306381755,1.9992403505306233,1.0118253170989604,1.9225951091353,1.6195439228784707,2.1280988457777124,1.7130117120562287,4.4123394151693685,6.63977701653154,7.240302514109157,6.9992359287770185
-3.8618824465693904,-4.429138332343547,-4.433302363340149,-4.799171336113601,-4.804707107521145,-1.0147282896841436,-1.4232074281540255,0.8872183020360571,0.059501638264522635,-1.7168574437634727,1.2602296584317505,0.44573586187051034,-3.4958661725453952,1.666505178771221,4.747445572693832,1.22547040321567,1.5055280121829095,2.937310161262678,1.8055532508372805,2.5589238155108474,1.9772776736166526,2.7457822334012887,1.1280215549959056,1.062087826887112,1.3352672066825235,1.5029279404228701,1.7412888143447727,2.292882590233588,2.455714523616953,2.523713428944016,6.327956912961381,6.536759665225327,6.398374162289473,6.529790904667119
-4.187403746662396,-4.65351598947657,-4.7157267983417315,-5.068726899270967,-2.2840040601539524,-0.34835146148976287,1.0362254819796748,1.2091726066026491,0.750228103157044,2.7866953520791182,-3.4405849446900643,-0.05735789625200334,5.217105618926962,-4.564457900228464,0.40366945519701786,1.69494390740567,2.0700518150800375,1.7147677150322274,2.1853694841008915,0.5003527989416939,1.1976213139977403,1.162783042869957,1.8823468874959521,2.2215537448230607,1.7484345907193954,1.1661862449070426,-0.6623058526548584,1.4083972230097441,2.0655972555228326,3.826284993066284,5.096721444372438,5.586451893050229,6.182439390915064,6.383715089964181
-3.7850355202446786,-4.592358111815335,-4.7275676228027885,-4.376673950742852,-2.864221674969095,-5.04729379177663,-2.6266717941401505,-0.41895536215232587,0.521430121021181,-4.924455506881706,-5.908884188761041,2.4245352936350857,1.1567884078757427,1.8159099014919122,-3.2422208196905693,1.8000157396871581,1.3002401596831323,1.4440377065863694,0.3546776991389866,2.4338241168343013,2.1174893213673447,2.061325993027402,1.9855453507526026,2.3910547078158464,2.090892999335142,2.0233684754184775,2.885979357215989,2.61515668980295,2.5148264032989966,4.450377295367286,4.773483103868055,5.604773795279584,5.774421594344208,5.469815574857142
-4.155556597216411,-4.2048961821325985,-3.7450873658153117,-3.1644366237700448,1.1149864140234753,-1.0752141641470339,-1.3032868272266256,2.3187298334584847,-4.532015348575283,-1.81154900878666,0.0035175183520296197,-0.20375500683953277,1.9002615857105285,1.6056455332069945,1.1512633518472342,-2.661054524146878,1.4993511810506375,1.7087323012783837,-0.5103121957270241,0.7651087445973235,1.4609618600674312,0.8545539002396974,0.43552608864467884,1.7110410278393111,0.5928076031599675,1.202203820292353,0.6303754849558921,1.3286389263651224,1.5770619160202723,3.7429652333072365,5.361598455494988,4.92958227283412,4.778092850407288,4.482908285085452
-3.81820361749973,-3.6850684292399665,-3.3912567651489023,-2.3942933941403117,-0.7009866015708952,-0.8922837269305347,-1.7249870758658417,1.553485978653232,0.600751491228437,-0.05416788344500409,0.7733341993329572,0.7177334529515778,-2.782807670912933,1.7919052078177975,3.0394938168138546,-3.247591682850908,0.9471488214000575,0.1511343290579534,1.3994631594730411,1.3162295278951432,0.38256859740874605,1.7577505450263609,1.3900813771253178,1.795380499566238,-0.23190168763372992,0.7205749594838409,2.2820534028328257,1.526363826870388,1.815773017171294,4.320319499900951,4.153304651829823,3.7435631931688267,3.6427473290950365,3.333100002289326
-3.4157027799508204,-3.60037825564546,-3.4712220758219945,-2.228949282521246,-1.0803023439958772,-2.065273200560507,-5.443294580634337,-0.7839449294972581,1.2706454047267473,-1.4625482365518365,3.9044061352257273,-0.37013628781667735,1.3863665716235198,2.2725035459374663,1.1162936328745123,1.5799697438400495,-1.375401908783662,-0.2598837478488855,0.3863781226350795,-0.538725226585425,1.6485723851755485,1.319776079511265,0.7057287244656627,0.5970087790400436,1.0599952735364881,-0.35826067271193124,1.6034373572462148,1.737345921903484,1.4035062111500076,3.928237373441336,3.1032101417049733,2.9253463136795506,2.783883617608371,2.582132040319918
-2.7396656503524204,-3.4473306335494063,-2.788857689276369,-2.6387263274334285,0.8075389200750758,0.3441397158252328,-2.8726933813886366,-1.319611697714149,-4.404088997439151,1.25375108144636,4.713657011435994,0.3590461194627395,-1.0192298279827776,0.5920717216856414,0.10721916177091366,1.6488730149905284,1.7381971241274525,0.6809919965287543,0.9476941557582351,-0.3373001774978504,-0.06571530475252979,1.4487825487562582,1.2506989576210346,1.231938723990509,-0.8033160522878898,0.15526974573581423,1.3818580273950642,0.6282255052122061,1.215194482752956,2.5074478910434657,2.7747954062098286,2.317029254915026,1.8600615716290947,2.435867059460372
-3.2938950751928964,-3.5228020137448195,-3.228522912230554,-1.828079814768445,0.38785157942482373,0.17701719300300783,-1.0673514576362513,-0.5354785233785396,-4.443401966801205,0.11095894704500185,0.26525820971161584,0.9570508249720892,0.5591767348804634,-1.4589522998955895,2.254032104256745,-0.6325675635182311,1.2964460734631809,0.4414958413910988,-0.22416575845933268,0.376599689785149,0.7748437877385895,-0.8448379948961007,0.3270688484725365,0.8069880466388749,-0.4315724946289613,1.5514638465060253,1.0708435315588645,1.357465150580867,0.8679162109785825,1.1572432286247063,1.736129642748574,1.3962038863782966,1.616270536417562,1.931275060619219
-3.5436185500947452,-3.3972104812932713,-2.97807702678401,-1.4785889197398068,0.1296280050512056,0.24987288540486197,3.6088129905325785,-4.639074317064417,-3.458019494783295,0.6748713058160231,-0.08682787476016506,1.782061353516832,-0.05897817723747399,-0.17866456918154325,-0.20969673150241147,0.20186089332850432,0.9016452571955738,0.2617668643986998,0.4674213404329567,0.9063580827182476,-0.7436530078340841,-0.005293126770662015,-0.931870899785757,0.4887209344418734,0.20049153038443854,0.5710877966463306,0.8521729307919264,0.46529699297200455,0.8925050661931563,0.7694156067268418,1.065217492576261,1.0967964394186698,1.1086762421190683,0.8451774987484704
-3.9315199916327472,-4.059837295557746,-2.245309373817454,-1.7348695208882166,-0.09667381263328227,-1.0304468681437315,-1.9116611343984913,2.4910835645706784,-5.011823589935855,0.4553277954308279,-4.240574871480623,-1.3604508934615294,-0.7932587057664926,-0.5505258460048369,0.7965428048422954,0.10135830720660019,-0.6365801342351362,0.8416800840712249,0.4559082842541044,0.48923623042897507,0.6784749862788342,0.03514566032005439,0.3998140947366578,0.4394374231368029,-0.2577699603759209,0.9223628153631646,0.7631750900015302,0.9150028626698398,0.5487000902266194,0.45992273571509945,0.4823693345907907,0.846797148847351,0.12636749988574983,0.17197138550669977
-4.188941921522493,-3.7684417025459482,-2.8177440080057417,-1.7858037001525306,-1.3290412885396634,0.3183609620848402,-0.5958775817631633,-3.5713996049820578,-5.401367296938895,1.4906757705813147,1.77505607346126,-0.9797583365539285,-0.16352575963960944,1.3146234680892588,0.8004467675506272,1.077922968242071,-0.49329975751326105,-0.43839603968519975,0.4703708646507659,0.4236988256467161,-0.2630716298061527,-0.17726755102233294,-0.18063210043340258,0.03175995971942126,0.5430829578011156,0.10196872688904592,0.25566725977609356,0.7608154675074198,0.29891053032684245,0.2708630493736019,-0.20516331590516765,-0.01694149674429697,0.33907321120475165,-1.387794482558081
-4.487117832244644,-3.8206852021195377,-3.055661961323211,-3.159579677463974,-1.3011800812810248,0.6534639986546176,-0.45501304367359663,-3.078485156211103,-4.793927768285304,-9.646192883623623,-0.7682699783035485,-2.016802188369979,1.1397010122072313,-0.2795964052729768,0.6937703393867595,-0.38593451888454555,-0.723422830375551,-0.016410231225829318,0.004173436596960386,-0.1641367067531606,0.04865521923173964,0.11572812370313024,-0.3380305035522079,-0.33912421175099566,0.6516941131617511,0.07561347180643839,0.2893809107173051,0.29622177750681195,0.22362522878884866,-0.4564572660593314,-0.5930450526708999,-0.30831148566743194,-2.7225716316635578,-2.454007793399684
-4.879251614186572,-4.129861068493267,-4.339393167904941,-3.2402763247167066,-2.232434407336069,1.1597446493603678,-0.4082217243228688,-12.158500429610873,-7.31456563348815,0.684537870249819,0.938629761438748,-2.2707333849044518,0.5810265625146459,0.6071036446557436,-0.6986936577434898,-2.365149991503453,0.3650634000800601,-1.039390761718174,-0.3182375481572126,-0.18245353702141998,-0.06329287044656855,-0.3788711889266081,-0.4015907937254568,-0.2750720652310228,-0.04093839357365735,0.04259454042933786,-0.48668502953942777,-0.1959292666930337,0.03134970281300628,0.2907868893814946,-0.40436758166394277,0.08345260332793396,-3.5932337117536854,-3.8765238454069406
