script/wind450m.json
{"header": {"parameterCategory": 2, "parameterNumber": 2, "lo1": 3.000054539987559, "la1": 64.9999836372058, "dx": 0.5, "dy": 0.25, "nx": 34, "ny": 52, "refTime": "2026-02-08T15:00:00.000Z"}, "data":
[rows 0 to 23 of 52, columns 0 to 33 of 34]
5.763740000225315,6.146115860009243,5.532001259253213,4.45837886834438,4.970703229266123,5.678030760984795,7.617903617196436,7.86575801249149,7.462762321978405,5.56628072683469,4.9609686699804,3.6037627448321277,3.82850603129173,2.3095096402325184,6.102799330295241,4.851593456120561,3.2424580662092053,1.5575731475105383,3.588946423974618,5.129202483239262,5.8078262184471106,4.483774474310041,6.204383023992848,6.102900965678737,4.166696375389882,5.113865230975146,1.7205914021444528,3.2900302030610398,2.894964159274878,1.9232403494520791,1.4156172735125094,2.335528552394255,3.109258822379431,3.5814043554980572
5.228212731421863,6.4643562049642505,6.684087218828429,4.564426122090997,4.636656900869922,5.151420126032545,6.316745226989943,7.295886581498457,6.359546109113022,4.70630465653084,3.909588828207653,3.6018837265535772,2.5003278038012717,4.980986161855724,4.993849091608267,3.702819375623767,3.049842821771876,2.848670270377599,4.015444182015854,6.60719524928396,5.038128375783126,6.343088236537779,5.808742165522252,6.262614965660722,4.773435859886061,6.152719678916238,3.824304089631206,5.314514432398021,3.491056500845226,4.593387832244429,4.2642388204587744,5.060209254401713,4.999889241486124,4.822465330515049
4.891166539061659,5.437036765433169,5.272578391851744,4.645155562764949,4.155101827375173,4.566737600820306,4.807726515628755,5.371173219021129,5.221424777636177,4.304014798349421,4.520014207798737,3.473099840545747,2.9432634042361268,5.416168088586879,5.577866216656711,5.181423656729214,4.775301076560116,2.069840652497805,3.346305800021239,3.6250842814934097,6.7696622255882,6.688179111348409,6.773116193987771,5.409721616507404,5.927135276113231,5.395961264413005,5.993149283165154,4.695280398582982,5.343051619529014,7.308710384711232,6.05565087662421,6.472069112333866,6.764180233349129,6.040002890947978
4.613450422051371,5.384753739425066,5.70724045581878,4.188024595366421,3.766679179326161,3.9333917702835373,4.562016439664991,4.807245571071813,5.039311050414263,5.570947835473543,4.542427553931912,4.475815940596366,5.1206889477032655,4.9337039358878805,5.612610385825553,3.849667918222416,3.8696065714975534,3.627597317277655,4.12922551589504,3.990003924876535,6.222656154298822,6.029346991268597,7.302993439965572,5.8216684143142645,2.5920373353818063,3.4853354486813064,4.632893421599044,6.446221164608383,6.4880218993998495,8.07705299000574,8.61476173673268,8.99744662378525,9.325626686415916,10.157338710432544
3.832118078207903,4.6790796107555686,4.774471304454393,4.362739789568255,4.024509520143261,4.056747954103149,4.1583188501852515,4.074242330365242,3.6302748448636053,3.592254669858834,3.2927974873001626,4.4680053788258185,4.709701427762435,4.914293346223886,3.5807741534852537,3.7252291058800533,3.0561034984168254,4.407126763781642,5.367784053306079,5.223753573022421,5.007766660030781,6.104123514748051,4.594464125799225,7.017809962403365,5.355616211288732,6.245484703842557,7.155051351868196,6.507604735762532,8.390210378004223,7.555080366127723,8.695423313800788,9.177838805214344,10.78545149392754,11.337565257593525
3.6651790820479233,3.851523671301935,3.817855792697973,3.7542938136278066,3.8589931839577383,3.9484249896557913,3.4981155064592397,3.371565306912565,3.0379689181401077,3.0723605131903127,2.8749855902163217,2.342557438988041,1.4869546852985835,2.8574493651014725,3.2265215661167725,3.4198394442577427,4.1058150317575555,3.6395020116748817,5.477907980394996,5.955583662887211,5.030671034578886,6.509118038449057,5.752985740075799,7.7771703036578375,8.723162920807827,5.3946543796799356,5.509111453379137,6.38503200394211,7.910086938578606,8.69632698835015,9.424807622947567,10.764929449291031,11.033671792126992,11.281099865327482
0.8795159562178487,2.7805408016409117,3.0593255067823493,3.0083590870953683,4.051191813467261,4.139387642452013,3.140596731937236,2.702102098067963,1.9133102499892498,2.5689154752641126,2.5208480896732643,3.511787956611777,3.9597626718365717,3.7188010580183453,2.1953333305987797,2.4354747399412244,3.7714711846933557,3.6484027563883035,5.082167684741356,4.8541523400405,5.997967996685163,7.916103136615774,7.201302860166543,7.382431999860643,7.290679186405554,5.38973059182939,6.2579873374393165,8.172649817403446,8.870959279748774,10.364023050628335,11.130296067724649,11.301944564531361,11.180044849575037,8.393572293520458
-0.5397234091278097,0.4205189062567963,0.901092407566675,1.6507070672530493,3.094303419633599,3.5048741109781996,3.7854582240199988,3.558930868193463,3.2388756156083884,1.8817103270326994,1.404760139881698,0.9431472614169885,1.335537208778403,2.209156667854253,1.834363206134404,2.5547315369844865,0.6340684028077833,4.147109520432016,4.405451253541808,6.214308399114458,6.704597495195851,5.838362717717181,5.304481936265537,5.030300212746072,4.988331405624933,5.884271557912359,7.459211090393697,8.951475820677329,10.135929207462679,10.481896981839899,13.02340959961901,9.881350008261082,9.53379242662185,10.340133898812832
-0.6346885726171742,1.8564327547195458,2.1458620418915926,2.8153781951048065,2.712718001812902,3.6884992990073595,3.813273815867604,3.3407478603584746,3.5089881351680465,2.2086809670077647,2.006473765800947,0.7250697262781557,1.7637341338097445,1.2923782735218563,2.214018931755609,1.734754835322269,1.9761086147816074,3.706981303357519,4.000132102093378,4.960306747706199,6.429840834231465,7.705923119546185,6.639592162495026,1.6404998774224238,7.563809409413931,12.931593734436852,12.71157678824524,11.141709070139951,12.999285331125993,11.56383094006847,11.014597107433175,10.126549219071002,9.867470963499786,9.825933675152129
-0.6421844765447361,0.009707006027455759,3.284808192533706,4.234790994049991,2.7366094999569945,2.3212323017323833,1.4064204175569142,1.0110815600198626,0.4534921914640749,0.7396099778199613,0.18499189062443855,1.108033519517986,0.8294733707919559,1.2840589856577251,0.5158220237509482,1.5516967099469574,4.923502216172892,6.644904571926447,9.675742416984116,9.886379383930139,9.07159149606152,10.730799689254473,12.788756778353942,13.04941452330317,13.077423655816235,11.367399207501595,9.812647763455859,12.100787594042423,11.786330221750816,12.037515102426877,10.192109192878194,8.58872849362513,8.633942898483987,8.10351363151312
-1.3513743287528328,-0.4758081787497826,2.2149248266459987,1.5805769343681428,1.9081154168990813,-0.6484117746931267,-1.5708165674073036,-0.7373254456290006,1.6523150176169208,0.26946770127823333,0.46760660425475326,0.7584561152231781,2.996907595796801,4.411528852154565,0.21494030975346048,4.1409638516324625,7.459825565305669,4.077819950565516,7.621448690437117,8.014346446597763,11.47010525997114,10.983161451019253,12.07371677542072,12.239620198892032,11.430049662973518,10.533057843795659,10.414726567250353,12.234143596277226,11.69316613495396,8.377776220612482,8.465057295584893,8.272968156781763,8.186446881591854,7.994378700820898
-2.0073411157056436,-1.5079407039845412,2.1136459416420093,1.2857379881542852,-0.13119553036016426,1.5304618709122741,0.8681491031403364,0.528188886359899,-0.11175730134781008,1.2765533280885681,1.3198209512183856,4.233519573947552,3.63580855896046,5.0333615097347995,4.581040452764452,5.890739941517849,5.894659961925543,6.727157695459236,8.19897922340225,9.331548129649049,9.855251306487906,11.464497254789068,11.61851381609264,11.862950763504127,10.187135135672202,12.571940962030045,12.947051855464503,12.316045594663056,13.043108048641928,10.734266655022507,8.445451548724886,7.561972786336495,7.62259051938748,8.05104645466638
-1.6731409556234926,-1.6244525661255933,-0.6275114544778788,-0.8931092801070181,-0.5926414852973182,0.047687611517845,0.6937914827287811,1.8958208809111603,0.49719658652805415,0.5236396431126862,3.199655280843458,4.164754843663632,4.544475052339597,5.934025084276104,1.4310684399206488,4.245464711527072,8.046337999347594,7.775668325442944,6.578674961627286,10.968400550902928,10.021250620392678,10.144973341121624,11.534869905013439,12.81554002842132,13.233838688465667,11.11910763998371,9.985609333115857,11.885954838860076,10.862151309757579,8.696716749227956,6.558081682881776,6.987050729103758,7.5774677190357425,7.688832704023302
-1.6628818162602808,-0.96958084184339,-1.5189082430789298,-0.7456463882450665,-0.9535072842125983,-0.879890742558167,1.0900726199145445,0.25947119041086086,1.710922364259227,2.5450065859392574,2.66846333084012,4.039831975037029,1.8815197172671685,-2.413022694125241,6.669378691989961,5.092113838429354,6.90317615648762,5.864379097675563,7.9293543742656025,8.838186488996993,7.09318746580117,9.55977493821006,10.075286968750081,11.671129533840253,12.798930995465545,12.969146613050318,11.822978926150139,11.30038402250558,8.559517410904343,7.0983029353487925,6.950262272136246,7.155623019405521,6.898508737936822,6.947315434281338
-2.5529111943798437,-0.6745387524784722,0.12183940878302625,-1.0008846085836491,-1.2703843471530691,-1.9435058216801815,-3.5298261340315564,-0.09571021338525106,-0.8437845754149437,-0.005486977452388637,-0.7213436416091631,3.6068290751003964,2.884206526930536,6.012036699238457,6.446442327306439,8.370596170486394,5.815753938437855,7.068484206320767,8.007700734296128,8.520106664458236,9.87572235073408,9.754164928981414,10.964032433805084,12.208390943583003,11.231059704802759,11.14332703674195,10.123616413386344,10.789096373270619,9.075933072575678,6.89096321433783,6.438444991327187,6.515542520501895,6.1793166779150255,5.985719803374086
-2.3261928486970573,-1.666390543493301,-0.16907113471348312,-1.3886840590079148,-2.365015541734375,-6.412977923436682,-2.651520454497975,-0.40959995635765317,-2.824115147734838,-2.456624694410663,-0.7334983652780233,2.3624442013953644,2.993032938141091,6.2654547706492085,4.037540493262926,6.1920739299175445,7.3632470124897775,4.841057259255207,7.385764546606323,7.44740132952182,9.9819668628716,8.952130200960662,6.416090870392881,10.753031009946262,9.937732628584945,10.278021245416861,11.486848729219258,7.535821523505262,5.483822332851888,5.632629244679911,6.063074250151108,6.2561247583868,6.651785953516083,7.268550040275651
-4.66125673226899,-2.7922432481828916,-0.857981118572863,-1.4918696782898573,-2.624369789863133,-0.2647613140975533,0.1930580366590244,-0.9651569134350211,-2.377065531215819,3.315781615176538,-1.209233202778462,1.9543882816431901,3.2056425947721694,2.4732504204198205,2.7154211571071243,0.45211139590977684,5.308453078689637,3.836469050779898,5.717311444916018,4.55324680473409,7.832698276910611,8.814042188334637,8.790122874361613,7.348241822424245,8.611257427488288,8.520286268742781,10.614829529852054,9.240810320064096,6.265996700348028,5.646281458282434,6.253069770209022,6.473631990817948,6.886433447300538,7.417943479264256
-5.861236822454062,-3.245852885397478,-2.0907957132097765,-2.371563914191749,-2.3870728865020845,-3.9063803520131,-0.8075468057125014,-2.179166964309995,-0.12975696156643376,-0.38980777950316925,-1.8365009484215147,1.8675900123455758,1.8855909482093447,2.208758099512758,2.889028191698847,3.2684056473785486,1.4680271428729614,2.600621504780038,4.52533723143604,5.385858816935167,6.9785395708649425,5.983282983101955,7.977326867798656,9.496251229606484,7.267379657569538,7.562043106003413,7.955453595215229,6.82870490488444,5.838508559323668,5.697362283356148,6.530060740460837,5.617516493484459,6.367841906116499,6.941217529416946
-7.369693728574018,-5.574535349409012,-2.9389078958423993,-0.7932786110532128,-1.051249814821912,-1.04189426738985,0.6181078983482774,-6.110638230349609,-8.238417408775154,-1.7133084894449315,-0.45451140504088694,-0.01255296682336363,0.5983009267767307,0.8164924558151132,1.1611128362931895,1.715543147796021,2.4220448800089693,3.2754076604129927,1.3409681604809012,3.753926039700443,4.671708957151672,6.523166049499522,6.5864799893391055,7.526873209853153,6.976666792537216,5.975258797002974,9.044015706098595,6.504150283616173,4.836596314418366,6.008987513738673,6.783420582192456,8.081099297521227,9.728879381397078,7.203541847468542
-8.580013121506802,-6.544631968636149,-4.7560012009876615,-3.107146172286575,-2.572505090159742,-4.070731013151819,-0.37058051514385415,0.30043200172121337,0.47231730533649535,-2.6549189390794785,-1.3835864692133342,-1.8318537906721333,-1.474598769291148,-0.22441703307694136,0.8162196076805907,1.2708606667557136,1.8345172120893307,1.5704564964440366,0.36579794165546753,1.4760170416414777,1.4855893077627143,1.8249604408105855,4.766186017140221,4.419832152932816,4.191769990730908,5.8312285896078855,4.959047973352209,4.296776338754161,3.6634456471264465,6.7105678552441566,6.478976729644003,5.6083482641659685,3.9153245068677602,5.37555337424253
-10.358990883791739,-8.815172662750646,-4.9311499285849605,-5.445150676550075,-2.6853213975753913,-3.5617365755449293,-0.7211933725036728,-1.0936372616575598,1.0270410395835565,-3.4137796071180078,-2.407445964078805,-2.859516928927208,-1.070790890565631,-0.6451481641102859,-0.4842615000074071,-0.40624348971745416,-1.0254205270071735,-1.4499132762937492,-1.470818171852892,-0.7506488843759846,-0.5193328366539492,-1.0483243845138808,1.7711330916432537,2.6312122873730477,2.8212989950140854,3.2391772464096773,2.480794866350955,3.9489257138616343,4.515068941919381,3.591251808685449,2.996341491988229,2.1575479880778925,3.5582379210816,4.10824269936961
-12.033320627929443,-10.649854398473561,-7.397667417337942,-4.578907301425359,-7.806850904681509,-5.106073048077796,-9.113738489236509,-3.0440905441047286,-6.647798317850928,-7.606972025586055,-3.7662178136355773,-3.8057422591054957,-2.8067187876120236,-2.696880968680633,-2.5605157708558024,-2.445259021142999,-5.132460978806308,-4.154345446671192,-3.7677017767408225,-2.415785265573166,-2.7191147392039876,-2.120230654929415,-0.6713378892366121,-1.2959895598620375,-0.3675121418129493,0.09057893388537525,1.4663889424841192,1.16942338627032,1.1515093529808793,1.3452815579077693,1.1657674574103498,0.6766049974621777,0.4220066737153526,2.2312399342904294
-13.28611270891779,-12.370641399975266,-10.81116911019454,-6.8382871316042015,-5.480140538924713,-9.862104347012092,-7.60705846500262,-7.319382729668282,-9.007488189699716,-4.613247894679796,-5.02268116317712,-5.779981788692749,-3.3497222588959983,-4.31862599075181,-5.25010321954996,-6.503013158135263,-8.011974823725094,-6.541207633427984,-4.9425990288896156,-3.953292048817271,-3.0937169594757465,-2.9809342081706864,-3.6274478485692834,-2.6126663256235014,-2.5469812912295717,-1.7118654772163686,-0.9868924596652476,-0.6495597841443982,-0.5767761286740769,-1.0593949420579334,-1.9506077675412816,-0.9717447421717682,0.46763748878787265,0.9323516877397026
-14.399353283614483,-14.09149766738127,-13.172550083298216,-9.336043263661788,-8.20846216739432,-5.546080292399285,-6.598774192152629,-7.594158502389896,-9.27483062534789,-4.848039050386937,-4.249566369112126,-4.342893028018866,-5.238539866497384,-5.441345748409496,-9.237940454625832,-7.268822246432419,-6.637206245582445,-8.610953670770556,-7.847926029023974,-6.08818708506046,-4.966625882138636,-3.907223085406376,-3.9614499268365093,-3.7634983455299116,-3.4965165681167107,-3.5122681315751394,-3.3061014161094127,-3.091552879333926,-2.8474432980642255,-2.816467257103301,-2.4338125411114295,-1.0919122985958984,-0.8367018504033525,-0.3355490850592342
