script/wind250m.json
{"header": {"parameterCategory": 2, "parameterNumber": 2, "lo1": 3.000054539987559, "la1": 64.9999836372058, "dx": 0.5, "dy": 0.25, "nx": 34, "ny": 52, "refTime": "2026-01-18T11:00:00.000Z"}, "data":
[rows 0 to 23 of 52, columns 0 to 33 of 34]
-2.424037859251366,-2.1915131546906035,-2.3947649512246536,-2.7851479741452203,-2.1047781382030535,-2.0906558761897296,-2.8283618036968545,-2.3617035147994483,-3.3872711956396624,-3.369960301395494,-4.159233693498099,-4.756552360536127,-4.900586398245025,-4.895519587535326,-4.660882267475517,-3.7655321815192195,-3.965603939477515,-4.330189839269027,-5.866798892379364,-2.336796608240049,-3.9141859043443334,-1.3978666212533486,-4.640709761498773,-0.8436050348261331,0.36590450668327923,1.4806009686668735,1.6946333137415046,2.2845940367383633,1.7177759043583822,2.2575790771322652,1.1404141006946498,2.2443551501175283,2.691326271336253,3.689664367381379
-2.970981121215996,-2.8517453915594113,-3.2294911461074407,-3.6602769161136757,-3.215328524621238,-3.7769533949183973,-3.708733014431216,-4.06907285485018,-4.325707839499702,-4.578237507482034,-4.616808428064963,-5.000454987470572,-4.977506733253405,-4.629084426183714,-4.454435468876192,-4.292200888982557,-5.585195846438493,-5.138333026892007,-6.916161947283354,-5.404756289238959,-8.163931534477749,-5.700403936881836,-3.9945304052838995,-3.326473349632853,-1.340806403704158,0.710338720710939,1.705247268006464,1.6803151834856642,2.6453217931402477,2.3962805662184357,1.9106744923888812,2.0127429950737774,3.008681962286881,3.338359425338171
-3.0672098590959838,-3.717363318312935,-4.087345486496152,-4.419503808977524,-3.665641598980809,-4.3395713726099565,-4.5262216769334636,-4.41864580046814,-4.620410164021912,-4.845786148533716,-4.813590953925197,-4.099096454273378,-3.2487957791037676,-3.212848978572524,-1.7748870636153644,-3.0188660566847654,-6.0119909682216734,-4.259568908344853,-6.732779501423588,-4.424270083824824,-3.8098452994455574,-3.4211705361081712,-6.548206526939939,-2.9807314477560687,-2.324342754290151,-0.20346823648110218,-0.30179979125388673,1.7480539046611292,1.9897912329446055,3.012922379556863,2.942076589335861,1.147535430572833,1.639008458327267,3.023984843551992
-3.615949286366266,-4.199664860878896,-5.053640179846281,-4.905168953362247,-5.3513558063978595,-5.697091823433096,-5.239551329380648,-4.847494535136258,-5.0725651193547465,-4.958304820457031,-4.04675674600933,-3.3286016503778657,-2.83892542581116,-0.5111275503955104,0.5009508246195626,-1.0039956167413389,-3.6174754948967536,-2.195745814461474,-2.8371767152124314,-2.1698864315612254,-0.7267092576543817,-4.056521432875274,-3.1057165215200095,-1.421855634911035,-2.0055060673618534,-1.1337221927490508,0.3788345945172475,0.687275919283511,1.672029485942556,1.910271940027512,2.5789621298502285,2.694293829821096,1.428375494325857,2.886352912583926
-3.796722740082603,-4.231031885713384,-5.139578361031061,-5.220937043701451,-5.9900496404730434,-6.236902968751821,-5.879268458994415,-5.561480386667975,-5.90905530627981,-5.988124651258111,-5.506341862618768,-4.275972748365437,-3.0355890897817233,-1.6477505010343794,0.4184973911458359,0.9269343322672904,-1.4384252303621001,-1.347454644275424,-4.014575286378895,-2.298826020539097,-1.7454651384318751,-2.039960683576743,-2.61567813456791,-1.3554189509413572,0.039387665747159045,-0.5031056167812118,0.24406042303530223,0.32075864294516776,1.665858230968217,1.77448688290989,2.1531108632765537,2.408369728811514,0.7372785952847801,1.6142120776418223
-4.322846390380175,-4.230481690989625,-4.731315481755482,-4.532770815542684,-5.828339314748145,-6.028121460105885,-6.409807994737518,-6.65349817259952,-6.29422802289131,-6.179638577570069,-5.0541851277207375,-2.692694131512974,-1.6470804543012418,-1.8776386676565056,-1.4985565296710164,-1.6947977750734449,-0.5673260910163006,-0.3624744801745815,0.4030001659576242,-2.0161466106190558,-5.456668014427451,-3.813778036113701,-0.8577634224401947,-0.6945428514910046,0.5851956645980576,0.7143147373849936,0.6968364830672397,0.8619065138132295,0.6731176614367907,2.0222869782078847,1.969069882707477,1.626775749553204,2.295681919518293,0.9537217748367876
-3.381433717779316,-4.17435765916071,-4.057551798402371,-4.043451851010413,-4.606336456610015,-5.093471904461176,-4.841238658529366,-4.365401054278719,-4.059752257109533,-1.793729872560946,0.5646306167839255,1.3760447610112458,-0.8365742138626345,0.727198085766195,-3.0778089110206834,-1.3515490610017529,-0.38684235875818485,2.7606828707705127,2.5987506954089747,-0.3870745010254593,-0.7512384495457072,-1.5359936889037356,-0.5725653707227413,-0.22570615800293242,0.44446612383334816,1.5024082022394525,2.8211815980802992,1.2462731735522021,1.4997116443730918,1.9252260269502741,1.2686465189934344,1.5410789198776853,1.1653044326335928,1.0931964390266438
-3.096199145055803,-2.172936125313541,-1.8998730259816845,-2.83361716652306,-3.450379413633197,-3.856217364271617,-3.23797560607521,-2.4311981084545247,-1.898723194359719,-1.2288230392322554,-0.2184988442241691,-0.4692445294934854,0.8438599797374369,1.0587072975537386,-0.5652686820340477,2.035279688467133,-1.3992656995700954,4.165695519274256,6.545317765006036,2.189911247513193,4.255862072754986,2.048751060915897,-1.367944657750633,0.9740207722342056,0.8397488134674327,0.966027868911132,1.5669005856036977,2.3890066639700587,0.46801687459892904,0.6012112329845144,1.8990816789631852,1.1343814828456011,1.6452281918716938,1.672545251391161
-3.5007095068220098,-2.037559503008601,-0.9148741070392915,-0.8128886839529216,-1.9253533197869748,-1.5017591112312048,-2.478371303527295,-2.752328823298784,-1.1885040239524685,-0.20605653390063208,-1.302006440766499,-2.0047922631784645,-1.5891319949098728,-0.09138360464763408,1.9209445666570437,0.2944337219839221,1.5556127287297796,8.09899937159068,0.8022191422597503,5.2782167055807365,6.975651148163027,5.807512272541877,7.6041562458374585,-0.14276781635794464,1.0124828721098917,1.341719264324111,1.3062782501937027,0.8470010148485131,1.293070698909705,0.20329161279555855,1.0717156744645344,0.4287163866348682,0.06495360415280982,2.2387712880382775
-4.176854777887061,-3.4038046294201907,-2.049813653340731,-0.9832328121997669,-1.1264030540183358,-1.004499746704521,-1.744693689541188,-1.8881849185316162,-0.8246895251405325,-1.6193735872887969,-0.14157379630650718,-0.051056770556520206,3.09179337960636,4.528080265633869,0.23932554817933685,6.455955047206645,6.196654027174129,2.8864316373578878,2.2925477027335854,4.546529157284611,5.733220230026364,4.985157613468599,4.781440919737175,2.23428158024102,0.6219356793909365,0.7049009725770592,-0.14990387972933386,-0.08444689364298968,0.06916922505436876,0.30595465454160514,0.3604582018251792,1.2912817459922254,1.77363466234325,1.07028759956731
-4.398675904596033,-3.369316141109533,-2.556303178213843,-1.215379234253609,-1.0352000640320067,-1.69127831079107,-2.22853585137485,-1.839196328175712,0.32722519927131843,0.06588758146953116,2.408931632742532,-2.481983790576195,3.892308873848886,8.63805175858881,7.111167558960521,1.6668982874523273,3.5930094179268415,3.619761258774038,4.331835108143736,3.8900680945705983,4.723950511612322,2.0090982703646936,5.433884807706953,1.1565434439653373,0.8710807941613503,0.6088755027105427,0.2068704634297993,-0.6931802786586049,0.03691263757709978,-0.35392767400902314,-1.663229956746,-1.1958251673991864,0.12131362966577215,1.030364609782617
-4.58791839325634,-3.921882763748798,-3.5207332772579014,-2.1487233574532367,-0.006520406434382372,-0.30737617276954265,-0.2967851288921637,-1.5023979693580882,-0.5640593076164894,1.630035879299422,1.676552810201124,1.678361133557199,2.6745765855268377,4.5098241845238976,6.303784303748612,4.519998343587902,2.5165317031317684,7.350563876498877,3.9883414403529485,4.948179919547283,5.306775664615977,3.914193611729005,1.1531545481702838,3.9246546750320834,0.35652899276697764,-0.3941997829854776,-0.7867551961458691,-1.1989902700901083,-0.5185133194996949,0.631920771506801,1.448760433639102,1.3273415226645173,1.5519334383009689,1.8765877360449743
-3.7415453519318067,-2.7062069611358184,-3.2055861790866667,-2.2139796618037715,-0.4060480679674525,-0.26667981919713685,-1.263790426375091,-1.0451402565116275,-1.172602334360818,-1.2704152179122372,1.6336769723276092,3.5874532436947675,3.8262862141994085,7.228599908629248,2.289346891785206,9.583785217168678,1.7713488700383273,3.4964393008947674,3.3362429408603,1.8366861370000365,4.27518760681828,4.531224561327601,3.6296809960831857,2.008431463680675,1.4777288099615538,-0.5782234579255306,-1.16997189280792,-1.5021315181257138,-1.2750837453917028,-0.13773874189561588,1.379245518546361,3.567226041903956,3.778732530328513,4.868974818968157
-1.3899085453210935,0.2377089228020123,-2.7375520444481847,-1.7347547457446408,-2.327283201465399,-1.4118244942865228,3.327243078461097,-0.06147655687020698,-1.834089283163875,4.0594515765970085,4.423762984998704,5.685168751743439,0.9424858830219539,-2.833867013078022,3.8748433018642903,5.002803444157724,4.097105482474019,2.508398925949213,3.1309646643467977,3.5723026625240224,-0.07576936252957667,4.134040442207733,3.5630233588012294,3.6385905466261566,1.1285845165442194,0.678789913573893,-0.5131853717456761,-0.4467256884218024,-0.12219877722277266,0.8082126197623529,2.539627218567723,4.363559825113358,4.4668504785601755,4.576231791345566
-2.1553696587363222,-0.47185081088207653,-2.6544915732468097,-1.952900561650249,-2.1161310611365507,-0.6991237603837235,0.461618263632991,-0.5536227213062221,-1.0028330045543223,-1.2958721800239015,-1.8497911049107512,4.801298025750392,5.904869175568336,5.751377631284019,4.451668878218266,4.598077891941468,0.2787942450307599,1.8654355783237997,1.6994684133921414,1.3342108573860143,1.9094485828122758,0.7469035225965932,2.299729909665433,2.5432749072142107,1.348656042806255,1.1082510216850008,1.2431099834413513,0.9433301560161615,1.6302578829732295,2.9779426822130475,4.297848307737174,3.3375589318639576,1.5976324205509544,3.172419956195015
-2.4081498107323114,-1.1829446066388647,-0.033268650250933486,-2.246213175086715,-2.7054624933462925,-5.614217835831033,-4.157979063502956,0.9603943613076856,-2.9178333059361816,-3.3805821724571015,-3.026242859002167,1.6741754172504804,0.13599182623309092,3.706274105459579,-0.4572041853221498,2.3520673322178536,3.2996205835733803,-0.6669842727669788,0.41641263303156156,0.5224813398554976,1.6542107296783,0.8526049661893711,-0.9629936932069693,0.6144257267594183,1.8374633175007185,2.548584618393091,2.643648610187916,3.193905114775256,3.5435640156357553,4.126784743428907,1.5913657414418785,2.9899238453136725,3.2081567508611966,3.4821038128534165
-2.5711803812520038,-0.6223916058841394,0.16118373847806722,-0.007801370773066558,-0.18934618475498122,-2.058772169277859,-3.705241238809087,-3.1364608296036605,-0.6840586924910539,1.1253681375474753,0.3636845122578188,3.2386105445527735,0.18545052736244966,-1.4225760367535425,-0.42508668292931756,-1.380776283865307,0.03698114166810304,-0.8688666790120819,0.389972352677226,0.8959427428166545,1.194280647557358,0.9688342389638993,1.5682090973326388,1.9769366694157724,4.164505615242944,4.28760511291804,4.570245323829277,5.994282696341259,4.055883982259728,2.768935177320755,1.845788614629347,1.9179251125548067,1.8029455252900888,2.5881221088123634
-3.144637150488569,-0.8442557740949769,0.7368363594834294,1.525636794154543,1.0917682990284092,-3.6733506670893057,-4.0806266279654,-2.4669955601685483,-1.945898452584567,-1.881909868139752,-3.204898877017095,-0.10031526439853011,-1.1838711784444627,-1.4623280462959218,-0.7797327380936186,-1.0147531460058286,-1.7244412941483978,-0.9731182001881084,0.2923353139183988,1.1662832443363162,0.9824166749392547,2.241779619990081,1.2799537798132745,1.826996712191092,0.5772587470826404,0.9286048260656123,1.660532426984515,2.4768535017944395,3.168498239496665,3.7507938487763304,2.7609100913715645,1.8569605779279843,0.8590024344526773,3.20002649070887
-3.555105204937936,-1.098981447544319,0.857232680409349,1.220627120046456,1.6461287085129763,-0.24641363293733132,-2.4552501189896403,-5.1447882690759865,-8.868602123729541,-2.7035189483026887,-2.6104875307197646,-3.139728945406499,-2.3343359089055773,-1.4037301671079254,-0.6613322364328275,-1.9593847148180905,-1.4141294063049905,-2.412936430899618,-1.7004455685397515,-1.6453705126173133,-1.3946034152192992,-0.7109314249748631,-0.9828447058127164,-1.2412401930043604,-0.5780516793336968,-0.7184311484421539,0.9138946638983834,2.438956857241112,3.4753944317334957,3.0130037612248888,1.8623144158940546,2.1766192302906657,2.7694793735574215,3.1150784402282965
-3.7839344617973314,-1.188161978210525,-0.7898851361160505,1.2298000353435452,1.8175878816212852,0.1926307815763175,-0.26874549402549314,-2.628717819480488,-1.7903994387985027,-3.661606475637564,-3.6037528908364793,-3.1090686033588724,-3.0023514635710513,-2.5724021087856013,-1.6233516161898056,-4.125328216488951,-3.6838313208922764,-4.155405414752914,-3.819694726396281,-3.909813771182594,-3.6885129283653533,-3.0110162606719437,-3.857850142568404,-2.308421183941333,-1.0517634483073894,-0.2503782901726087,0.5660646120797469,1.2576693230308589,1.512738331777588,2.002707832798416,2.707420357757211,2.653137320484315,2.6751040600909097,2.1483225171179243
-4.165774564310013,-1.6141488627961758,-1.3741045611151432,0.24548109064575196,0.7869475010325888,-0.4838867842999264,-2.280154767898636,-1.343710443754376,-4.2108138202892444,-4.002463045151395,-3.5807199562326875,-4.137596617666196,-3.6140946396920555,-2.0395951263047554,-1.7635577370709643,-4.195255368735146,-3.85035910976272,-4.952579245585061,-4.102617609823306,-4.235461968256435,-3.6386795558630394,-3.353239249587777,-4.7903491155906845,-3.2157409419104064,-1.7662031394000186,-1.8500717322583633,-1.0200331334789738,-0.42012837864745395,0.30122712598542123,0.9675171679040613,1.9382951124971397,2.4073970461225813,2.907477883609843,2.365497371650882
-5.0270036838400385,-5.357219393590193,-2.5492407439577702,-1.5018891418534304,1.1251297806324678,1.4529954970929704,-4.210337493035144,-12.368449175318144,-8.751176440546285,-6.771972785635098,-3.642511242504686,-4.942542616602929,-2.524220957011001,-3.2821513657289008,-1.871943587507983,-4.289521424154214,-5.4008459942382565,-4.476454529553879,-4.080092452292657,-3.259423006853989,-4.067445368386812,-3.080920246371517,-4.312896155241275,-3.7384279984569666,-3.8027858983717624,-2.3525419004186605,-1.8100909070462692,-1.2378433116980432,-0.9039263998174888,0.473234660263427,1.349351936737321,1.9836257774830608,2.4669054286050045,3.174579488024543
-5.586369513682954,-7.075352882320099,-4.494980135516332,-2.767822914555155,-0.8486471756619958,0.49096779593384454,-11.343645649139754,-5.053094165999998,-10.271193173082127,-11.858133476839054,-3.900060657793828,-5.113620853755047,-4.154558215477685,-5.773786353257289,-4.459185312552971,-5.667736231968804,-5.140807966246774,-4.729025625503335,-3.4564168378782476,-3.699721515607443,-3.5568766339256,-3.7990769209186257,-3.61381690286711,-3.387463110012137,-3.65635292624892,-2.8917271196195364,-1.8870134601918493,-1.3751659983398175,-1.0240044755624482,-0.1282028071323634,0.9951863600012044,2.389909118663792,2.867993682297879,2.690646618210347
-6.398072252011443,-7.787541959901256,-8.766812273924067,-5.018815856561343,-2.930561606165376,1.1012922778607999,-4.483727085235047,-14.631409643028691,-15.08913544290195,-10.568461041334624,-3.5643946870109477,-3.9343166966351197,-5.626211704157725,-6.369211578167022,-5.637322983602855,-4.3531568984822915,-5.466838073006157,-5.494380024798665,-4.047094601905386,-3.842375466052761,-4.230899120655171,-3.088314803381266,-3.330569319292836,-2.9862725685355502,-2.12838058126882,-1.5309539383067365,-2.0199947950829245,-2.045534151499794,-0.36914861957017175,-0.06006458753831155,0.49614612323914165,1.933826471854148,2.915429279600937,2.550463266080097
