script/wind150m.json
[{"header": {"parameterCategory": 2, "parameterNumber": 2, "lo1": 6.000198445256149, "la1": 58.999992894266676, "dx": 0.5, "dy": 0.25, "nx": 22, "ny": 24, "refTime": "2024-02-23T11:00:00.000Z"}, "data": [5.670920531959855, 15.981699930476553, 8.664001208384903, 5.576479690435628, 7.572900740738017, 10.723405001227995, 7.171504520803516, 10.127262095593016, 11.69073628634298, 13.98863062108193, 7.672656108141989, 17.76651979730004, 17.483181129833053, 5.003431867370227, 5.152635009808761, 12.87142160723351, 8.305186717318277, 12.907271599749548, 8.474728359100238, 24.634015230217642, 10.02576619191968, 12.231638367676824, 5.873782699953609, 7.754157633119022, 14.398795419195995, 13.003988453945519, 3.4243623008189554, 4.973290723805306, 9.056165798102086, 9.844266438572859, 6.8690203574901725, 7.183590014669067, 8.180943688282289, 2.9530988178243147, 4.811663316410666, 6.7882061999852334, 13.702477177330502, 4.296910081488098, 8.72888223680963, 11.768416767726993, 7.4230584403183055, 20.382729131686844, 6.9539023699413525, 7.7955674865081654, 21.543693185461876, 13.005530784606902, 5.536023439632437, 8.065013522602772, 11.630183191298375, 6.561348843841862, 7.281988477960091, 7.448230491089276, 19.3762823727266, 12.309414208890768, 10.377012006601106, 3.4959748573068645, 9.397257105128118, 12.596746895189122, 5.152399871414476, 7.528152195602961, 11.104386491593376, 11.248423781124526, 13.104114192696406, 14.005089458773654, 13.854691392386034, 9.268694045191863, 8.423229149864424, 9.945653878356422, 10.907653598266563, 13.631560054305776, 11.323295315984396, 6.338989814592703, 9.868908708907114, 10.13341550011083, 7.700868657901739, 6.641505801310479, 5.9162199996050955, 5.481515877902736, 7.2460952715635845, 8.320884039925485, 9.287823647449134, 14.690571071910743, 7.584827977888044, 11.11275232801522, 10.787854472149018, 14.536659396629869, 15.62294553518446, 10.303608154451975, 7.880414952010398, 6.471708915536795, 6.706655642711853, 4.594754624606253, 4.468411338918407, 11.862478584614488, 12.172423087518217, 9.556930780166331, 12.96144619948149, 13.287558021875007, 11.834634807001754, 24.774743150573595, 4.708399730453985, 7.034662333436376, 6.481535720453781, 5.150399734891871, 9.63800460433824, 7.9400511278513175, 12.319884893641156, 7.7340157498636355, 3.571330569184122, 6.993048621408222, 10.178392668743669, 10.947349081829516, 6.303588960665691, 7.087861406470394, 8.792398400768482, 5.362861752446303, 20.06752196154618, 7.649649444773847, 9.430900483422207, 9.778938080171597, 8.576145144373848, 14.008305648855048, 10.896028200532772, 15.14406291108781, 9.150478435960274, 14.753842586731292, 12.189759485628583, 16.429326512999314, 4.769249231901755, 10.83980191630506, 8.025778672550516, 11.959851148756877, 7.7045560153224955, 9.313550299956168, 10.28445304590212, 4.8167551478217705, 10.596079021521138, 8.131207622908876, 4.046130171761237, 3.434119282927002, 9.711543274608445, 14.586647041865211, 7.72449975970494, 8.15039555118829, 14.081308446662325, 12.256046438004667, 12.123769365090666, 8.557925133054168, 10.652172067467015, 8.142287269444644, 4.919624973530877, 13.896440938720344, 6.260465763951647, 11.6433165366033, 13.181123569332673, 11.957071338668879, 9.245236004013837, 6.011027119246425, 6.417979718752649, 18.267338502359433, 6.614669502655002, 26.853755009278345, 10.427610184231511, 7.708394688970875, 11.335102128848584, 8.99529424040357, 4.624749111294422, 23.19133983949644, 15.309682996235324, 11.024185581963128, 8.777929678121442, 11.26480603322923, 6.536430851616817, 4.300863726671797, 4.755057064774914, 13.470040477597921, 6.866699262572165, 7.660579343844128, 20.673130282652085, 7.708043299228668, 13.046774799698778, 4.804048177982071, 16.008615314627402, 22.574368325945215, 4.228356510308861, 5.311320546973722, 7.818058246763078, 21.479813531792598, 9.511977965564158, 10.037264802016212, 8.153040726457405, 15.62163897637477, 10.012939067675768, 9.681033629443675, 13.94448119784851, 10.149468097579748, 7.3134621439100105, 9.85868010253114, 5.61257632975653, 6.556774123113725, 6.642778453310219, 11.185866655671107, 6.816036486090633, 6.887571505182631, 14.918064677818412, 13.077075918249623, 11.779149689683884, 9.680892822298516, 12.1312680974578, 5.710005443147053, 8.369920427155547, 11.385297224008614, 4.985764385543524, 5.949484375127737, 10.726752466973677, 20.186538910440138, 14.504724699804227, 8.652279801106102, 9.518656707249182, 3.26640418128411, 5.533011468706312, 14.429752027886018, 12.970776594006896, 15.115250308488621, 5.330897255987108, 11.945452340932263, 6.297906058898644, 9.994838733486366, 7.0976794684387885, 7.663721168388312, 18.937008947711494, 15.762655891572628, 10.33208809872779, 4.247667457719575, 14.329374446096372, 11.83299780171404, 6.155110829412932, 11.550976174293577, 11.193210157879767, 17.90370374770885, 20.855645620306596, 12.712581749512225, 6.166549190228188, 10.03111010765227, 10.112338412513475, 8.078361487201661, 6.167924076397501, 11.524124760229528, 7.569100499634801, 14.910909915069604, 7.9851934208502096, 12.844330490609602, 19.86554056717804, 6.403081752285917, 9.184879664361675, 4.993078841077783, 7.632577044269572, 8.116255639779643, 9.146805051147638, 14.026930458842148, 7.952745358283894, 11.572084000256329, 8.429808473643211, 4.5667764274327745, 11.606539694740864, 5.671998569144626, 3.884946251215927, 12.708445250582033, 9.573622967177347, 21.7303220726542, 13.559271650666112, 12.602292676544732, 18.686070032201663, 17.19878247412369, 14.424528239758189, 8.362562710350936, 8.843296683645358, 10.164247656513831, 11.67102912860291, 5.464877085229276, 21.589811602856134, 14.541140186513953, 10.719607932457768, 11.933118122306825, 6.025616540667762, 8.600222419048487, 11.663644930843393, 8.878073860417752, 16.20324958217527, 11.00895637966423, 8.429772116105035, 4.784374596668111, 4.0086427675503735, 9.909122176944615, 9.633946003862986, 13.022214949726896, 8.752364421159482, 13.458438686445263, 5.653120801221081, 10.391522030230515, 10.318549967780584, 6.502987416494055, 18.31319942394644, 9.385843635341633, 5.403462299912538, 12.613119627567942, 3.6575586766247405, 10.914980443882868, 10.631747165822436, 5.6747340972160165, 4.451473947829274, 12.230898496121334, 8.065991163035276, 4.105440404309452, 15.21456610739367, 11.745296760550369, 6.32578023069072, 11.504792134704275, 13.621432894771367, 14.866797423306279, 6.810465877783584, 10.665932190582392, 9.04856516171318, 13.1675054194269, 8.992312591062795, 5.7484854962789464, 7.789729669182405, 13.139212865609522, 11.999224714009655, 9.2418083425474, 16.170812340609746, 5.181744679268148, 9.382422842225692, 11.293379911797093, 11.25842582972165, 10.697725729431294, 5.479578068525505, 18.315930004581297, 10.046192549427055, 6.731437794434143, 4.7656934024860504, 10.485303156389241, 9.949358588941799, 14.004618777417175, 12.163219180729035, 6.407586490219484, 7.753898812847636, 12.745595570086985, 8.468994090007563, 8.84042136533842, 7.622094668808862, 9.170554059072584, 4.709918736795494, 8.97982557027352, 4.469077438167048, 13.438408201329375, 6.9412227210673265, 9.245221888976413, 9.324074003263094, 9.911970559519455, 6.397199996194519, 15.018860403799136, 5.490854586545234, 5.227589256361647, 5.579540834573804, 6.584566253326514, 6.277744683632465, 6.813637381627487, 6.289574852618436, 12.02792000789287, 4.780169833286701, 13.385407544199003, 6.252389675693815, 4.432904620247098, 4.7261783102948565, 11.667502921555295, 9.90275545316652, 4.436712618080328, 11.090125929398729, 12.92798888666924, 8.53798453257312, 11.716387836902648, 19.930065330083863, 12.081621738031696, 9.680560692413527, 7.620817254388199, 11.943693626763174, 7.458421032682877, 5.828877470364334, 8.294691260078434, 19.235337113800234, 15.445514200172164, 13.480702248313818, 5.038530042560773, 4.814436072383363, 11.156985778947227, 4.012235517952971, 4.806503957464911, 6.05879385216869, 12.35497324841976, 6.095699395013743, 7.069234358697314, 9.367288678640884, 9.330845492935154, 11.2159592449029, 14.515003581956226, 10.586471209571746, 6.5400675415486775, 9.570163174507742, 14.371457123193995, 8.142190749756418, 7.114198739327832, 15.378113315204603, 12.626219404374611, 19.659960696312893, 6.598569043529401, 5.291471085232589, 5.822431780711489, 5.3334891119733046, 9.39586872912137, 10.116524939162762, 4.411018115513723, 9.898130468181602, 14.1590043481078, 9.749719007872097, 5.926280428092112, 14.353541084198573, 8.298372222734729, 8.36115287723275, 9.569779578029, 9.221307663236072, 10.085083374458618, 7.508340499393695, 9.167091920539775, 13.043898687507054, 20.863309702807523, 6.946059901432262, 4.404707064472918, 5.645859181147131, 13.244156398724167, 8.345101099413066, 9.830552719994694, 4.346180195725402, 5.7241938620304715, 7.528714339591007, 13.901544283652385, 5.932531249764144, 12.16464046947374, 4.953383355419334, 17.375133442906456, 7.670504650738111, 7.707719739845884, 11.101538966407553, 11.037929293529471, 7.367738740735135, 14.201664380069058, 25.554970287678426, 14.397320934300478, 6.221873695614674, 8.89218157436949, 6.356901152352515, 6.3987028474022365, 9.740108636986644, 11.46734093465935, 9.24040675496033, 4.85663523244624, 12.25533717507758, 7.033573277954801, 10.639970612150957, 9.806249273680756, 11.249576464337352, 14.985536573418427, 8.771309289496937, 13.705808318626636, 6.838485862683201, 13.845884162111807, 26.73547819425191, 5.096380687994637, 9.819415904701701, 17.832275128681157, 4.6158327745041, 13.111060019642956, 11.71652807775417, 6.397694742912633, 11.45608861128142, 7.836810894447849, 10.35942119501327, 10.379587767130031, 18.814136352366795, 18.357831190480244, 7.073757483887302, 9.348780677218986, 14.726877426360327, 21.891386288008714, 9.059534839135807, 10.210125416475636, 15.635102534148873, 8.491041999635739, 12.858806841700746, 7.177819068311341, 4.857382900931835, 10.001468717904677, 17.997575349548605, 13.322183983387239, 13.251849078010208, 16.5003753625376, 4.1267785994024075, 11.404121184340607, 8.93370305482922, 9.759418300209077, 15.426988985165076, 24.992056797458204, 8.554854560591378, 18.223989411832516, 8.333801033966406, 11.488818023929204, 9.494170150319066, 7.467625887076139, 11.89161992171911, 10.182377486544459, 12.335926807691646, 13.11125400241713, 10.085037476524441, 12.442819156097507, 4.794444636575975, 5.650468266370153, 4.442674712402977, 8.629086303376384]}, {"header": {"parameterCategory": 2, "parameterNumber": 3, "lo1": 6.000198445256149, "la1": 58.999992894266676, "dx": 0.5, "dy": 0.25, "nx": 22, "ny": 24, "refTime": "2024-02-23T11:00:00.000Z"}, "data": [9.18579485859949, 10.16609885958825, 15.094768068711998, 7.678541785817195, 9.30619820021683, 12.16144942889072, 8.859248776247163, 12.755717296748264, 12.518005670746955, 11.83614659210476, 9.119328558480584, 15.405583885272248, 6.1206041394455, 12.91542181953984, 10.375848198734797, 17.11122935049059, 13.525985085779828, 1.5151902154549288, 7.936060227012489, 17.192540243446228, 15.617904486403607, 10.091483360770658, 2.83206304077384, 15.778146835869274, 4.764975432067957, 12.419010096725565, 12.698398858977265, 8.625860902281309, 7.377423406699047, 9.757724719859091, 7.9429384807183485, 6.536867480157659, 11.947301563853324, 12.969056613271784, 14.877771947207624, 12.042970753859164, 10.298196998379325, 11.9362394335923, 10.67582936437687, 18.255496530959572, 7.355550841647905, 9.870268620813027, 7.18600348290079, 7.628052824772241, 13.183372762437017, 8.830723105567118, 6.248658171245495, 8.639976375035637, 10.307934114847667, 4.856541682663718, 10.134804171707707, 7.495829141329942, 9.746837629376481, 12.106122443808957, 8.991459561062607, 13.072597958753343, 15.010397257605934, 8.374794201938029, 10.446248913925547, 11.919593022701877, 12.904418044853596, 10.039518462464766, 3.5437750806540858, 2.940603448833168, 10.275590583281119, 14.174594182985055, 7.443316579716855, 10.56987936405732, 12.24923837649084, 18.207579675498852, 11.060906146623612, 8.321157330330509, 11.292561318533227, 10.15391870187077, 10.053907012998463, 7.555119524577622, 5.314788748412121, 5.999831884092858, 4.347394208881155, 9.98515695935123, 6.679993114748282, 11.396231661828395, 8.230313906057681, 11.312721048620677, 11.397398405253725, 10.111214099840119, 18.314115939853885, 12.559967571619753, 11.145781091959618, 7.476215190002715, 11.864977980644037, 10.711179873210973, 5.579739199738406, 11.772381474934644, 15.087834737405155, 13.768147110727627, 9.769046532125076, 9.900105905542016, 15.230979378398876, 21.335770130825065, 11.064552119733925, 5.044830199774197, 16.17824289669438, 6.404920809317446, 10.496680349538838, 16.493271369622637, 13.304734874712613, 6.101242306485253, 12.403891255928635, 10.56013107805216, 12.374679181509412, 13.437424351165891, 6.324357605344705, 7.463546050283582, 16.163680666887803, 13.633170582413019, 15.487122583406537, 13.033827299973701, 15.329938512202778, 10.70617242031772, 10.733194461036668, 11.318176208147207, 11.10266862972776, 9.720335924585482, 13.156851648163553, 8.021972835410917, 10.38273074785511, 7.359454349480281, 6.077428102418629, 8.905642648184607, 9.57231798722699, 11.352417835026563, 11.334118619297335, 13.349807872969816, 11.661063871101605, 5.981936332304079, 11.435202621397725, 8.698819704931186, 14.626026228786136, 13.734161887914546, 11.5865413432367, 4.10398872023733, 7.494341528679618, 14.706268634248861, 9.4357527213002, 10.344385132334464, 11.778462999938007, 10.68464678413506, 18.458191267893802, 16.913760193089463, 5.547396330592148, 9.279815699581778, 6.481322777985789, 10.00561438884234, 11.202442227478867, 11.23031512920643, 10.383824648184799, 13.404557027425346, 7.0951282031448235, 18.078011683722465, 5.347296983886574, 15.87698729531906, 12.78540817465795, 15.368508816554709, 12.125597945020909, 14.35237036352312, 7.239761836810871, 21.94726484231206, 10.065457630368556, 9.622145939918681, 10.552497293808706, 12.646331051987685, 4.445813651361673, 10.844621904640455, 10.819261667109702, 4.469451523576063, 10.121423577178122, 8.986084095415357, 18.918564170974953, 6.75825674103427, 10.980780035714375, 15.152970175327543, 6.054199421242254, 13.828409312263611, 14.178739161567254, 11.797676000437512, 7.665641652566525, 9.874164803484108, 10.112425853120696, 10.532325835783565, 15.181857143120247, 9.65484592591626, 13.266928867575654, 15.608710535095476, 8.752940366376949, 13.045409144452359, 10.741462463976196, 10.961591974520674, 13.325716087066109, 7.632900525516347, 1.8986677538130152, 9.521070896444373, 9.859259372180622, 17.525814819319745, 12.843306409779087, 12.18197153540097, 9.278944173815525, 7.436560112549298, 16.214779892258523, 14.236564140550856, 9.333368495736282, 11.06418266859523, 11.035682071710909, 5.244424153740829, 12.02283118951653, 10.224855178935924, 11.457707151349885, 16.51701399319575, 10.018143563324948, 14.041545598055604, 2.3401067096572548, 10.115004873441379, 12.766319674158048, 4.69862570962683, 11.34206323650565, 13.398507776119825, 5.3216741667831835, 12.476405981685014, 11.90940296562381, 5.922067693022919, 9.975172337312715, 8.345507446508295, 15.8890160419203, 14.167440011208413, 6.165544806503115, 11.486629349166908, 8.421282219478293, 11.570715305047795, 11.237495765728147, 7.336297346397822, 16.062542829054173, 11.901770165259217, 9.476480744112845, 11.721690590136243, 9.86610433799435, 8.8249076695838, 5.726338417061509, 10.380784753392518, 11.055587777522117, 11.091276129888836, 13.26022224330998, 25.162746575747896, 2.550054311098222, 11.233787787247525, 8.72874748831928, 8.863496860439277, 16.9406023403655, 8.3565574931823, 9.636614774912623, 10.55018548523858, 14.878987993814466, 12.310363520516074, 12.92905842423081, 10.096633647337196, 11.503369346041378, 5.782615921494665, 14.287946975255702, 11.597144822720438, 9.024978831215286, 19.097995252040008, 0.8090239955424651, 9.988203367480352, 21.373325467752185, 9.256582013238683, 9.79761628902877, 11.060538287337328, 13.843142078577472, 11.58021568140695, 9.699174356056142, 13.454601735205271, 14.08128026204657, 6.950471007071421, 9.508946167151175, 12.081864994722633, 5.37659218162182, 12.484292762893883, 10.25006293774116, 9.37512080954886, 5.013250848464792, 12.41151755602657, 12.02488771917431, 10.745726930249717, 12.88299786284194, 12.134905116369648, 10.382390511053847, 6.258369244061565, 9.498556339065047, 10.157649518518358, 9.460505900591947, 9.804128181854983, 13.120069391243275, 5.673826486601428, 3.7189177555842408, 16.37998768734477, 14.727200094748893, 14.990534372687609, 12.427055877773146, 10.128392138786484, 10.415887605352797, 11.302725469625607, 12.13883383102083, 11.263866553576184, 17.345743418391933, 13.111628299011272, 12.434594130096684, 10.927728314600934, 5.412079721431846, 10.547026901065518, 11.122588442314965, 4.7103739402436515, 14.119871886902128, 13.012371813274783, 8.730725959744285, 8.798137593908013, 10.616359164746605, 6.9236625405599455, 12.299038531990327, 2.8728025354937907, 7.808537052251835, 6.21679829031744, 11.486545581386126, 11.966390700750708, 11.45111262519748, 11.08002781282886, 12.227652651448171, 10.49500991108299, 9.392194029426703, 8.558648389091973, 11.288040750389436, 10.056629225578433, 10.377250588288613, 13.650152321212907, 16.912344859012467, 5.763408764625495, 10.356183796066473, 3.950466980398096, 7.234882486082705, 11.716320213437923, 8.833511998121331, 9.944442232119567, 13.823734611239649, 8.249210868429644, 11.09767608639414, 8.204171693569299, 8.657237155897, 1.7268230119821808, 8.512808602744922, 11.17824118728511, 10.718006105768122, 12.267516655471104, 8.396554098991416, 10.942214496798043, 11.027597116623285, 14.612426238898639, 6.920387965905411, 1.726528131174444, 6.7763593889574505, 10.443321329105382, 1.4766519637657638, 13.514480671055802, 10.702294603120007, 7.803317459374012, 12.411986222634091, 11.060183105544342, 10.980121766187464, 11.463435021274073, 11.775673875459796, 5.854232635983427, 12.390099010749841, 11.08356462224732, 10.444902975834802, 10.629290194051116, 18.0177501775922, 11.58034632655765, 11.638732288187091, 11.14856046464439, 11.906084138540278, 7.730191466580415, 7.856746989002984, 8.579784511428716, 10.769995271186076, 16.088383025411222, 9.424766521126172, 11.387077896195136, 14.941751015875681, 7.778744521889541, 5.956622230972873, 10.876909297222957, 2.85887246063441, 13.060392459599031, 9.471073822758912, 10.92864681606157, 11.76198173699195, 7.117250538277851, 9.806111205827456, 15.12291718818395, 9.774617800262877, 8.351861927166771, 15.565863641653602, 9.369695216126704, 10.722552295752005, 16.563971611195534, 10.572547073562898, 12.37837140671486, 18.139760663782177, 6.526830937098365, 10.870574016773014, 14.744436381817678, 12.302642786067095, 14.224603128654746, 12.652674987589744, 10.755507379852764, 13.440509979331239, 11.834775449704955, 11.312279317288347, 6.657283377487655, 9.736270872842237, 6.512044391161148, 8.406315897763713, 13.625497655292822, 17.72380250668755, 11.301461656263418, 10.194231847837166, 14.459050093689074, 12.988367286602653, 11.230952860243407, 5.462816474117329, 9.150128424406345, 7.957595146971076, 9.796893922527476, 10.40144243557778, 19.915747978257823, 12.865553280424582, 7.159372038309749, 7.483707967754208, 13.356932199807796, 14.834486049877118, 12.33239943742487, 12.10537587146268, 9.563004005488109, 8.236565542601827, 17.037403750610938, 12.258856492797092, 17.77733826154331, 11.156458208740643, 5.746374002576724, 13.873740563443196, 10.256562672517546, 13.770761423555568, 12.859165909565744, 5.822396137431982, 13.907445321589515, 14.597160006645568, 9.599525380982053, 11.92677502951104, 11.137905995953087, 9.78248981018632, 10.59490192566596, 11.307114809826054, 10.289492433042177, 16.465920277712428, 2.913130470937868, 9.988060495653338, 10.27468277951219, 6.989708449390076, 10.605651566139256, 16.905239655760784, 15.051015091164496, 11.073486621055602, -0.9891528167360428, 11.465534870767518, 9.745614331325996, 11.431179024334677, 5.765875197851096, 12.526521006507489, 12.935205655696167, 25.31123396175624, 10.822097292151133, 10.695368925403868, 13.349011517754656, 9.050131126279371, 11.488172107006626, 10.844739185567475, 12.44708349873244, 8.006903860894171, 8.770719193736602, 9.718060544130624, 8.22878937732583, 11.969357327913679, 4.814377889969575, 11.49337003162755, 11.952419254141008, 8.28986681713811, 12.471970082928204, 18.220753309743028, 9.35902883081346, 7.900319323665024, 11.634284084125099, 9.01286912982477, 10.556721461829172, 8.972542022623065, 14.260252601976271, 9.907265842408359, 8.749115280752497, 10.131444004892785, 10.19601955460559, 9.929712125363466, 9.260224286803936, 17.51078789759506, 23.458461159311284, 11.523876514253677, 9.443663710681548, 8.991780417483024, 12.895992712439845, 10.679826759852348, 4.841401571626632, 14.705627455905967, 16.328710521577158]}]