script/wind10m.json
{"header": {"parameterCategory": 2, "parameterNumber": 3, "lo1": 3.000054539987559, "la1": 64.9999836372058, "dx": 0.5, "dy": 0.25, "nx": 34, "ny": 52, "refTime": "2024-12-14T12:00:00.000Z"}, "data":
[rows 0 to 24 of 52, columns 0 to 33 of 34]
-5.894267476305242,-6.352813805513027,-6.884442266534005,-7.253822051439107,-6.958848799681367,-6.419550286042887,-6.176807995448442,-6.158332307962098,-4.803110311746357,-4.27384936302513,-4.009724877460849,-4.872971562224864,-4.901218587075409,-6.750653053802889,-6.032947457847549,-5.73797507108599,-4.194002246256733,-3.8048772909437667,-0.6261750433233496,1.0867043308181745,-2.619969605944598,-1.6942264365014186,0.1224165961674025,-2.4566268694788573,0.7602901513918515,-1.5702457287860496,-1.0633825873876241,-1.1828058321103232,-1.638957111981625,-1.2629400863229954,-1.3139354837407795,-0.892870000720149,-1.3427653901366687,-1.2010909154057225
-6.086591014527119,-6.6181226354235685,-6.671945238360201,-6.915346977258158,-7.102655779666947,-7.067031011143764,-7.14018794162747,-6.337634302230302,-5.632656343252519,-4.768407707813589,-4.0488228194761255,-4.905158970869067,-5.310212820800364,-6.788846478285184,-5.865451064576387,-7.392509135307815,-6.095386582054955,-1.6385753802950018,1.4613495676804902,-2.903091416194378,0.5525186281625921,-0.10277563528242237,-1.5500765444297628,0.8706683887293466,-0.19690729219466052,-0.7639792930678112,-1.2786835579139715,-1.1621803913005833,-1.4611299382528773,-1.493201818800473,-1.2942327815526633,-0.9886212947276501,-1.010439072227904,-1.2829662608370214
-6.183345526276587,-6.800089541727945,-7.220037382272402,-7.125626644659217,-6.841913348363519,-7.235855232561749,-7.443304549041827,-6.301048911228906,-4.576519626749608,-5.47483626182748,-4.04556570030829,-4.432468349793699,-4.951802546964506,-4.023674134427426,-5.13678546812984,-7.179762043177446,-0.6527166223048593,0.05732426733391245,0.22411894184467998,-0.0313161012883389,0.1950094682196672,-1.6946577854164415,0.6328924464651514,-1.5529113454149712,-1.6127017190418376,-1.397553053601621,-0.9617733826018833,-1.644701925525036,-1.1956026677565808,-1.71783648856739,-1.947426054324031,-1.6516894378299811,-1.3055992049370668,-1.2159798351711688
-6.709478896672859,-7.2914754854155595,-7.719334906760264,-6.79914323546224,-6.688394613431851,-8.241816037857058,-8.495848385974076,-7.609948415580313,-7.346351274545369,-1.930004424003438,-5.429222312124587,-5.302103319812807,1.7455220621339544,-0.2717176811119442,-4.8237705278562615,-1.0068552706264735,-0.6894719389522126,1.027503400982471,0.4143952582900277,1.103723593063997,0.2801064612664114,-1.7350432781442515,-2.8033839658485897,-0.7386795237501768,-1.0924176451748924,-1.1985277930026523,-1.091022673582731,-1.6453953913802786,-1.438989916486969,-1.4288498474536784,-1.6784499692692676,-2.0028039182986994,-1.9030241454415373,-1.389753280130022
-7.115737183840134,-7.553052796545627,-7.3479569578052315,-6.86660826445384,-7.002192541935601,-7.771031051977803,-5.615593857871259,-6.537170641317334,-6.046340118524462,0.34290539160560224,-3.141970917754315,-5.735615743917747,-5.056132669510035,-4.700243518827905,-2.5477550359707486,1.2193361556755078,-1.2486184513733896,2.6332860330463914,1.706819338578107,-1.399348697390635,-0.829458774978959,-3.2428223969193817,-0.9232020462729553,-1.4423911821793067,-1.8042828456735336,-1.2652136900666573,-1.532039854019474,-1.2769469994352163,-1.8124948591428527,-1.4715664689824814,-1.6348248587363956,-2.1033339826584907,-2.1026414317724114,-1.8699110275909439
-7.952789398590337,-7.640064436213006,-8.371701391235618,-7.404320713589212,-7.639358964218135,-7.737663779083363,-7.855265399388517,-7.110979858511796,-7.155126329727098,-5.264460071052729,-2.176084377465489,-4.532711560040886,2.2978537950923035,2.0719853729710356,0.9827526051195322,0.2514373458557359,2.4023166174091233,2.6990061704836483,0.5135182027779044,-1.0525188252453712,-0.4577311427195509,-1.588506439009848,-1.665228805059065,-0.7359989734840469,-1.1006468649609578,-1.492964478135918,-1.3319288169527277,-1.2650224812898787,-1.6364692630323476,-1.8488798496386958,-2.4169642870587493,-2.087268799888103,-1.972374252893257,-2.0438394847631773
-7.471613517109362,-6.766721406031727,-7.921704448422598,-7.9081226658153065,-8.233298142047305,-8.372417104814689,-7.185803590398731,-7.967332182704758,-5.534746985424874,-3.3564479972090124,-2.9328586279440776,-1.0722505407484375,1.01005037791149,0.8445505772891966,1.1970152727288634,1.5351861416857777,0.3811128350666192,1.0283534041249207,-0.4776657111755328,-1.6525393428085224,-0.997749387208537,-1.0480252407350803,-1.718270093567084,-1.1168463014999042,-1.5338277179518531,-1.4598230584035035,-1.6007861676868667,-1.4394497380074633,-1.794639541848899,-1.9606831729485312,-1.8933949576728921,-2.4751941106353867,-2.6106581882428994,-4.16388715592472
-6.713744318013426,-9.385907513813228,-5.497473473217823,-7.3183057459078595,-6.9044933723915625,-10.655998962747379,-7.028685846915182,-4.869282101195559,-7.135392031521983,-9.693960052852553,-3.659694049095108,0.37387913363629116,1.9476135229888059,0.23091093537068677,1.6537205376942787,1.812592952601655,0.34432436390126825,1.1591634026868953,-1.0288973648522102,-0.6150607800629576,-2.131300034900949,-1.106517598667779,-1.7921277061280367,-1.009652715388185,-0.882887314735594,-1.07754992889958,-1.4843656160851035,-1.9752959910947068,-1.5716627243734034,-2.044557400128164,-2.953945308699062,-2.7438521353951537,-3.5045263320568956,-5.00985139513446
-7.895760812999861,-6.693720721643792,-6.038562737817447,-6.835420434587288,-7.330837169552445,-7.12699257688638,-5.616659293204638,-5.085603751333432,-5.426572409759616,-0.7258660602922902,-1.1369160691693567,0.6163896393380572,2.211216590377831,0.16372779091308576,0.5076464405652498,-0.30225495588446555,-0.6070915074269682,-0.8111189538013055,-1.6679624703778366,-4.254355371247913,-6.062593267469963,-6.042393074825406,-3.450137065496764,-1.568012773561178,-1.664674186266667,-1.7532270716221896,-1.9255429208324517,-0.948030841576386,-2.098700352391423,-1.824691279808171,-2.5171658581047125,-6.645707919019203,-7.624214682140618,-3.413245063109881
-6.4437894789426595,-6.457664580532685,-6.756569444035812,-6.843092474947301,-7.238412245237204,-6.831577832789727,-5.462119193376944,-5.244371847769475,-0.8800107764825718,3.2344043187003413,1.1577391585882262,0.6460013180871271,-1.2837773242652684,-1.3191149936984614,0.30241108472385714,-1.329091997990185,-1.235143069763287,-4.406912425726885,-4.539460774319928,-3.459050617434593,-4.081830718195128,-1.5859753993140506,-1.2637465714863036,-1.0788698617315566,-1.9646662626653428,-2.042830678656361,-1.7857947244828039,-2.690088755049529,-2.180734007389842,-2.227050987411125,-3.8812084963749576,-11.49417625433087,-6.197694229895546,-2.607196189677193
-6.677501654639945,-6.910107964143063,-6.751222456715074,-9.179355824164592,-6.5012143397532824,-1.3805089094976957,0.23907935080596965,-0.5848035085062315,1.2509997358115357,0.6987365119535678,-2.0994083136468937,-2.2199331636090673,0.3308161389619649,-1.367348749157002,-3.1295757046546697,-2.8567235314689534,0.6338117359001482,-1.1601863731212418,-4.259970967120985,-2.2970004688713077,-2.767574599129405,-2.365282929807874,-3.189539240721619,-2.3113651891061577,-1.5260578783249843,-0.3375009372894279,-0.7875177456954514,-2.355220999015113,-1.8670527768718235,-1.6066403349001628,-6.615774752127411,-9.843407167598349,-5.6605994755103755,-2.7544104782799192
-4.922428164869535,-4.957811371416372,-5.278556246105355,-3.839587657965018,-5.4918760022771975,-1.6444719140733837,1.5859771011406378,-0.8738418572003236,3.2462903212479173,1.115003506151125,0.19878123161979028,-4.238517166090321,-1.6269335273654526,-0.03960852233252073,-0.7710261123339415,0.6854612020794866,-1.48548556610065,-4.406420870412263,-0.47628052482783156,-3.717699815774146,-2.8534201816169347,-3.7887621736403814,-2.3850985478935196,-2.5283698169511095,-1.0705604753471005,-1.3650309154380953,-2.6980633035069155,-2.732707348117969,-1.7343413932877503,-1.889255449903236,-6.331248686307112,-6.697949648630799,-4.924066005016436,-2.1617275721845632
-4.7841413770240635,-4.377853781998299,-4.621540135031339,-4.838206360297362,-2.566289578540719,-0.6674769471624478,0.7829752870697853,0.14187768347399113,-1.6176636876288373,-2.865709797118422,-4.097888402392966,-2.786979785281398,-4.543603041343374,2.4700865805643755,-1.1705285648083925,1.0101416149401936,-2.6817921679372354,-0.5241840309638252,-3.2683091579022734,-1.9010456856493518,-2.9959678003934047,-3.1675963936405935,-2.5336608358901698,-1.8676812600028097,-0.4109103158632151,-0.8788440321705132,-0.5322457039467665,-1.5266749774352528,-0.6237603578473094,-1.3117617236698178,-4.608458522881792,-5.554584844520362,-4.098864890989304,-2.43145326576554
-5.657477284295781,-5.86033191648164,-5.694998876718612,-5.47904919928879,-2.3585418835468617,-3.4537335807107237,0.30469481783070984,1.0481503174877447,-2.5192242028104808,-0.7317571279095607,1.3553372860719684,0.8539810012311374,-1.2370420288320425,-1.755802446590073,-4.6811956347737445,-1.058613965234154,-3.3910589554342363,0.34610405550730944,-2.7968965506521983,-1.8786084528123237,-2.552792436617203,-2.892278288590957,-2.214693205562202,-1.4952604081148426,-1.5218957140578158,-1.4451655797520901,-0.49147717342679614,0.1924261418932234,-0.9093351048010677,-0.9326884219579898,-4.111043857313649,-4.351787718159761,-2.9898646513687654,-1.4043175390927438
-6.753874483052102,-6.746296302955508,-5.171516411366449,-5.926956356154925,-3.5148873195121353,-1.0988758577286033,-1.1560475849328862,-2.9710253619464178,-1.2094009276474955,1.567971719438873,-0.17894256261271205,-1.8157222431178823,0.6366887636990094,0.7120164089623091,-1.9225714644111704,-2.5965310207005676,-2.0384545699132928,-2.7000864761416987,-1.4816668227125693,-2.921384571164972,-3.250043373353631,-0.8562420891286388,-1.9489461715414207,-2.554873973288367,-1.721780948048444,-0.17851600093378234,-0.37984483693907034,-0.07380485050885281,-0.47424093664304046,-1.5617354577174034,-3.5427082470771096,-4.158511567677206,-2.304076340405032,-0.5021178618131711
-6.808819544399177,-6.47635522174196,-8.435459390214893,-6.102464369614007,-3.1769131130640385,-0.5544457536376141,-1.649648777222083,0.2872220841041071,-0.16079635498122138,0.1470148234047186,-1.8167341924242038,-1.7023779185286076,-3.3313494900742833,-2.8000559971930716,-1.3360666611679632,-1.3966513489709969,-3.8584608066189907,-1.2231925112373572,-2.038406296290384,-1.1504690296954667,-1.9355511843753679,-1.7086586883802957,-0.4673943693223597,-1.8782661722446694,0.7126655569834978,0.13735416838424186,0.6379505476962949,-0.5261676664879121,-0.47711783985132983,-1.243267049218496,-2.661636361616562,-2.992625026727082,0.9285753416752546,3.635476273122646
-7.146227199687517,-8.427913842366827,-5.750019106755174,-4.733140314867203,-4.6043778253755745,-0.05692590789791442,-6.679574290005729,-0.6889787679161079,-1.2645261690024947,-2.53041220984758,-4.733413042024232,-2.94241807456582,-0.6428209249003348,-1.4907400389874,-1.200062122643858,0.31672279581858476,-0.4865599598972932,-1.0747264321126329,-2.0789328709054242,-1.1418223591964514,-1.0825866528691972,-0.8705805701787236,-1.1071681781266172,-0.7247327059939039,-0.19501939256333012,0.22439968857375808,-0.17007709873352714,-0.3162170892251523,-0.17453849376521507,0.5394982380357457,-0.17585177497078094,2.31289130481678,4.155626954814393,4.550717076754918
-6.591513227558491,-6.618374806572834,-6.985584971413006,-5.574172740250105,-2.0283199308993587,-1.078263844214751,-2.9968944948516962,-0.5506653747076581,-2.1790487077897533,-3.3792837596119316,-2.077847753493363,-3.9856289571977865,0.24942601267774886,-1.4322901724748287,-1.2162415194279845,0.09659643168563696,0.2745077072649174,0.6118127252638345,-0.8784595694068389,-0.2684694850128525,-1.3707972159094324,-0.7161030418870102,-0.4081901846863972,-0.24355880691229906,-0.09186211951955839,-0.09271008724383525,0.12391803595688604,-0.40064017236756255,0.3615491558371761,1.8890669358432741,3.4531540463562456,4.668627459122018,5.26415739562528,5.2442528969860644
-6.096308767962233,-8.198257449061963,-5.3378749661475675,-5.193687552650508,-3.6834843583229864,0.8022034849323186,-2.1725705966505635,-1.766707008103624,-3.022614733661444,-1.6351350806065434,-0.7371255226375755,-3.0107890414078664,-0.9121117094403324,-0.8559754038428307,-2.4584829079987447,0.5622933419719474,-1.9305039453278814,-1.8786235630303505,-1.4798921681665869,-1.5433622098471136,-1.378533680253001,-0.9956504276223743,-0.14083329178946805,-0.16308769634899603,0.4234829801704033,-0.450263912381112,-0.875685923489307,0.07625350673086441,0.3740316901387364,1.3080191822976988,2.0069396333114784,4.540119836531649,5.407929536629688,6.178688146666514
-7.6296212315520116,-6.9300964509914955,-6.577006832021061,-6.78668684590276,-3.2533285928453406,-0.7085788504556546,0.713415396997928,-3.5759609442411966,-1.2594276730803495,-3.9313688768165806,-3.2177937991341934,-4.3973100255067745,-1.5598061869852793,-4.0429699739719664,0.743529802998663,-0.08312955454776529,-1.9052333287464507,-0.7448843515540754,-0.3161779535922208,-0.45027036602544485,-0.9843985961077266,-0.33101693557976136,-0.6028250531792513,-0.371713326810449,-0.18259992339538303,-0.43780343677985983,-0.12020616518129074,0.2120445074813919,1.171406538054943,1.4987977114033684,1.7226648137374871,1.8510311962297652,5.169969745424682,3.5110057120930946
-6.47585836527093,-6.926216071911849,-6.524729056943861,-6.631545013879515,-3.4114997157694695,-1.7372229622435351,-2.0237950511294054,-3.3051803012888623,-2.4020156546489635,-3.315358037488649,-3.473609996626019,-2.306964479320026,-1.789095102808323,-1.3106503275296644,2.7315838849059446,-2.5551582392707872,-2.19217508191225,-0.9942184856655395,-1.2070566694237235,-0.6411269647647043,-0.30313271005413384,-0.24586393071109217,-1.4757920922854912,-0.958875604163569,-0.002491852414359692,0.12610272937033992,0.7892731474532115,1.2594621667121413,1.2765611380342996,2.1862865875860873,2.53963982961093,1.923408481538329,4.584723470377373,5.891698903756399
-7.4043233810959475,-7.199684976282409,-4.883625701243558,-7.486594485312055,-6.44822571121567,-2.1075873085402845,-0.2711987022345909,-0.3667239496039907,-5.063236375073044,-1.5714030600500717,-3.9594650916459684,-4.510983145785415,-2.6657348475498592,-3.4044253197680496,-0.48677654716229846,1.594219504651357,-1.386690416516735,-0.9147610712299354,-0.5184102049278464,-0.5624648182989692,-0.9887928950882778,-0.6306050838066436,-0.6042811084285943,0.07640501609668024,-0.11075860430446753,0.5233549260099059,1.235985334357799,1.7847734287938015,2.169393840367206,2.7726901604394922,2.1731814282963158,2.3477839437765984,1.989893939043529,6.431049681179211
-5.94447931978945,-7.746399017416587,-6.604910671808511,-6.087321557731346,-7.057957895464335,-0.2722594085473832,-2.4521685751938698,-0.23403694498542688,-4.44831739049962,-4.457135072689587,-1.468688412004684,-2.8692384810727187,-3.6741174170192132,-0.8100757579036092,-1.7207882798743426,-1.6034629857899476,-0.5085504875592575,-0.6887601936306917,-0.689184879922072,-1.1629928452503886,-1.1827789058674703,-0.6266301619848491,-0.22098372570092967,-0.8093102087680204,-0.27612598353449214,1.6801356571730333,2.179870755053455,3.0702885643887705,2.164707094018378,2.9620229507890783,2.819888248073082,3.244294550236217,5.086958581355936,7.101111342119918
-7.358839459472669,-7.3139932278690765,-9.348522255525534,-6.932887337530689,-6.956870416615802,-2.6436821482310298,-1.3738063744395037,-5.113668228655259,-6.46290213225966,-1.2875885931446074,-1.2914823374040705,-1.1184605738810187,-1.7129454636350876,-1.0161151117426688,-0.7828729695272357,-0.29202198031217913,-0.393797489791939,-0.38421666398563625,-0.6826788046098157,-0.7528551917516316,-0.8165821042653975,-0.3819553971122891,-0.23633319526584293,-0.1809366758541333,1.703123301993078,1.539632017508662,2.4775101770679893,2.0389780314763732,1.9834967405612491,2.7019980560588643,2.844566871256052,2.080926540231622,6.136777965737118,7.3284302866330995
-7.187006318612841,-7.750818505320949,-5.455861566494509,-5.459985922131619,-5.912265182944841,-5.888859578336238,-2.2179946761465916,-7.594311347725159,-5.116345663297088,-2.2139262066309735,-2.420468721122038,-1.7548409455119465,-1.5715673298342787,-1.79494358106786,-1.4011495205772349,-1.7110449898476348,-1.1589198613933787,-0.34990476691623884,-0.9657966069415795,-0.5333786841912592,-1.5093879258144434,0.9027735638236372,2.1939781737675674,0.6908400040586534,1.0843463741431418,1.763019348459328,2.1588043529780605,2.008251512870435,1.9670601698999224,2.1584228002543244,2.362480234425373,5.108119029696019,7.074915483114251,6.948828125811722
