script/wind10m.json
{"header": {"parameterCategory": 2, "parameterNumber": 3, "lo1": 3.000054539987559, "la1": 64.9999836372058, "dx": 0.5, "dy": 0.25, "nx": 34, "ny": 52, "refTime": "2025-05-15T17:00:00.000Z"}, "data":
[rows 0 to 23 of 52, columns 0 to 33 of 34]
-5.907804326110109,-6.3204099857500315,-6.780267770552891,-6.582929159469876,-6.21304568999776,-5.958205103523685,-6.356057116267738,-6.190311153687448,-5.974564917788149,-5.758415856664935,-5.099053296605742,-5.523408956862187,-5.341599495763145,-5.09862599094999,-4.8676519008934775,-4.144730401695295,-3.634499440391096,-4.253725701747767,-2.2072040744471377,-3.9691740766022594,-5.399503793876215,-3.7855103145193065,-1.6369632475831806,-7.086046967351442,-4.041610639656722,-2.3783756780844905,-2.443320467303738,-2.882867348951927,-3.0108362427100706,-2.304548842055601,-2.593915659387625,-2.237131599630464,-2.301015556111112,-2.2460016837668784
-6.382219074091156,-6.649601527613367,-6.389308880266239,-6.433606166093909,-6.1992820393672625,-6.592188070716472,-6.894762461211644,-5.29162137387257,-5.868567095474492,-6.154412520230125,-5.086778593025375,-4.919144581819174,-5.151775549300448,-4.453130048134944,-4.421577031618295,-4.599135303454132,-2.992411319778222,-2.3116492196016014,-1.4834635505307856,-5.425514923714406,-1.2185117153440939,-2.3072523631841992,-1.736007272325404,-4.244905594751539,-1.4202317384532288,-2.6252778414460596,-2.7139520055173483,-4.132329831152643,-2.8461396177870606,-2.7246157761035366,-2.301243698713741,-2.298374359172876,-2.7381700017545154,-2.3296932414477953
-5.52313346227546,-6.003233199025943,-6.549823362379813,-6.6080273896024755,-6.865939367831142,-6.525872485412979,-5.5611457817605565,-5.610640377672336,-5.82073893183153,-6.293464353122864,-5.128347815531531,-4.102253265034559,-4.417358577823492,-3.971395306427415,-4.389521054414778,-3.586605143835345,-1.422506099032786,-1.6422329758225502,-0.860080348852464,-1.9962909229322452,-2.2995514985522205,-2.273704946361674,-1.4338948084188885,-4.638009695418058,-2.659292262110347,-2.717474590158124,-2.4406239714916484,-2.3154064467355884,-2.410736520266348,-2.575900861243072,-2.9310300500698188,-2.7436060507847837,-2.7296289221377283,-2.290760442901624
-6.195020022151339,-6.346079753589566,-6.8910134506277805,-6.769631342190295,-6.841916769068271,-6.25105782390638,-5.627136843025992,-6.099984840808441,-4.994355679081764,-5.098796865729535,-4.947629184392257,-4.027683973488323,-4.061231365106154,-4.022889835028842,-3.953093274210578,-2.763216442908268,-2.396233018924826,-1.7171674932834584,-4.715351421395222,-0.6300013245087124,-3.8768973724185263,-3.4933220039011568,-6.098753292803243,-1.9703176901993353,-2.2218396233214546,-2.1428566056918528,-2.449847795930828,-2.709491860445324,-1.4171683113494709,-2.328868621737309,-2.5843210010992954,-2.821722183747657,-2.936564802985325,-2.522200345397999
-5.952744131799218,-6.868929807376528,-7.227775573740442,-7.062034619296598,-6.470484600298803,-5.49192669457019,-5.3297803767705405,-4.962369815527347,-5.0329660683053685,-4.777790417333549,-4.516854578238756,-4.424989884063347,-4.170042021823736,-3.343554393175639,-2.1353349059951654,-1.4956020129912238,-2.9604461496827073,-0.5900362281508871,-1.8753011938445818,-4.478522327141043,-5.2749442484591755,-6.022807249865114,-3.005057023546683,-3.6437081444512867,-3.312384936208193,-2.974289972395846,-2.2705933497856052,-0.5061037647869403,-1.415978007528638,-2.6297803063649963,-2.368237623883349,-3.023629393892273,-2.8674729333202444,-2.294827718784524
-6.682279210662767,-6.979854776102351,-7.046155417201958,-6.837802939884299,-5.673935645025105,-5.658523625599395,-6.18231272950956,-5.436914419428976,-4.692198812393734,-3.7936518731015516,-4.36989050244755,-3.5525736179973526,-2.4065932067339513,-2.7871996368907945,-1.3157237577304242,-1.586482899847562,-0.8903906840870536,-0.31544119917005653,-2.9994868367390013,-3.666580553043102,-2.0632663146185086,-3.8267544464490992,-4.005650484694589,-3.628433856007917,-2.1277042171939162,-3.457177835128996,-2.4629360733592733,-1.8354225594193787,-2.147268547584322,-2.4926094719046787,-2.626591216857687,-2.845658794230673,-2.8609767839967923,-2.2832894632984044
-7.007282283773093,-6.572154046247689,-6.978948537989743,-6.9061292461958494,-6.71615168479891,-6.204313221219912,-5.958012744945417,-4.5204751003305255,-3.87208182552768,-3.6215584880724214,-2.8290866242425388,-2.260727876944576,-1.3689842892366477,-2.337869295079579,-1.8034266547065445,-1.0115216745243751,-0.6576048791697465,-1.4111674472108506,-4.85184447876275,-3.947705508023545,-2.190755342217497,-2.60735811485813,-2.9935012437586166,-2.7463954391305263,-3.322227631827316,-1.983392984187035,-2.7179438260478395,-2.3434064799754997,-2.3032488010438477,-2.682540599923129,-2.9398447893858473,-3.068083500945381,-2.7837521703051764,1.8412622571493253
-7.519279991842495,-7.207033928903023,-6.917095500844543,-6.683705186823868,-6.099974420438583,-5.894072427210301,-5.335402393072364,-3.70950647445497,-3.1907417182766302,-1.4729265305698278,0.7525145011188799,-0.41896296832422497,0.34488662679795035,-1.7229380828922674,-0.24099980530476575,-0.631702308194029,-1.4892028403065718,-3.8639531379379335,-5.046959159610139,-2.8478981557720067,-4.942714434747406,-2.9929269763330524,-3.2022920641150106,-3.9048710027212823,-3.0986403292659697,-2.670510430785243,-2.107328637617146,-3.2378448989494597,-2.537064252192845,-2.8697376482969865,-3.3996883994110427,-3.5331073025886095,0.46032952628553836,0.4236121850837655
-7.6529296830627045,-7.519941599863383,-6.796130360872374,-6.486061031140766,-5.794067365172427,-4.7127435425641755,-3.150739490078504,-2.2131685001113803,-0.5472839123287836,0.4093667132507877,-0.12210670416246101,-0.7311823570962119,-0.06743273416935389,-2.8520521119956364,-2.967979301583201,-1.9589569439557692,-5.179879261743723,-5.202872460773986,-4.295575799756097,-9.105529504430827,-11.214651659491329,-9.029485708798399,-4.734566955539127,-3.6631331998280072,-2.4760362754150136,-3.0314902769883245,-2.902786128931262,-2.590366134680817,-2.9274542803501435,-2.647271100241095,-3.4544877256817252,-3.627807298280005,1.9371645407785254,-1.5466137983773383
-7.853469923096256,-7.503782442666048,-7.270320146304624,-6.553633394290558,-5.47464731848467,-4.355503463027517,-3.0480206394430893,-1.4705389761039336,-0.8172453251572591,0.4321148528973255,-0.034276878340493894,-0.9867386327119301,-3.394358248634707,-2.642845505333608,-4.104174845805976,-6.75078434619972,-3.7852281268553587,-9.448080850134899,-5.869203664809904,-6.559244176865707,-8.233988605849698,-3.68538819837875,-3.8342565098532844,-3.8570381347896086,-3.0909324277886316,-2.552284231482507,-3.008735784948943,-2.9768842468260637,-2.8313599598375845,-3.054089979779537,-4.667881110037974,-1.529602508723267,-0.68526072068484,-3.0555031157757044
-8.376924442460792,-8.038620646316227,-7.612306323687703,-7.122952239176212,-5.867203507164228,-3.9099673695502726,-2.236465024245209,-1.9643933749237341,-1.8515152231257745,-1.7676038655707933,-2.9557132628527647,-4.505415299706061,-0.9255065234366536,-7.031112111926929,-9.049853023923118,-10.73063565735164,-5.862948854453062,-4.046368019054921,-12.427211671537853,-3.969559864037925,-5.55455885306934,-5.289276109529216,-5.656916805934589,-3.6940760270724273,-3.712027670512962,-3.026017958926922,-3.3195544599748588,-3.722913449727924,-3.0738703499882645,-4.787703687465232,-7.327135463776513,-7.0227036667904095,-1.073229134224267,-3.8351422483528705
-8.516500040453566,-8.361525453052025,-7.819017249986772,-7.313497015419922,-5.91669374357991,-3.66395379565213,-5.145611073105053,-2.056682280901516,-1.7881548249122858,-1.7819591433076714,-0.4048487357168988,-8.840758851343924,-7.232385659328194,-8.316139370876979,-11.477817144695612,-4.6310781748124805,-7.179326895527875,-14.167576335161458,-9.493676900199493,-7.598360648845233,-4.898935025586648,-3.8468116692202274,-4.226454844358367,-4.656771668814269,-3.7262436717596015,-3.2392594162940176,-3.6755763900903187,-3.372604780339742,-3.0222868565759757,-4.392493939710849,-6.975287549453664,-7.135376684974986,-2.200502825662002,-4.7787554012630435
-9.004994868911535,-9.100614878860135,-8.95223117825692,-8.790276849512207,-6.142936672946925,-2.542731738281922,-3.3964555861829497,-4.689834037858659,-2.5914344398983693,-2.6391075173742826,-13.322699958894079,-11.51340804861037,-7.200460443393401,-7.114752068851665,-6.680191727868188,-8.794888706705933,-9.336501925583141,-7.628620569273228,-6.629051071197586,-4.903719213428976,-5.935149299365495,-4.589997957439823,-4.263339693751614,-3.7756251973942945,-4.069397727533098,-3.617594022232807,-3.979830806082812,-3.6653181502368564,-3.756848207042779,-7.597482603065095,-6.859041122847816,-6.91913834452145,-3.938130752587741,-4.756537085157568
-9.582030687421762,-9.841676427440918,-10.07992409210404,-11.160987331549945,-4.462063939465325,-9.19175412582846,-6.9941241983746165,-4.412281133318782,-2.794835402646962,-4.166443823269356,-8.24246023015182,-3.4205459987874893,-2.6274822307023573,-3.855508948816976,-8.712105299421165,-4.061460768643974,-8.48798650327436,-4.704986024619389,-9.350260375885519,-4.992203269227147,-4.66972319508965,-7.464882779865336,-3.918453994233821,-4.325825646194789,-4.151442148752483,-4.384244095448005,-3.6090386049844705,-3.069178519704362,-3.6394117063595504,-6.550097682421326,-6.936639475558599,-7.63076110522883,-4.891717229200288,-6.055501632067337
-10.20467377649738,-10.513145627454822,-10.931610490612114,-13.721760533043561,-11.891959499417663,-0.8881279796990073,-1.9056137372905444,-2.9904386618551277,-7.1193431139979335,-3.047116061739526,-11.383689388451984,-14.615188038043087,-9.361614901322085,-4.984439795670834,-5.0260160248330505,-7.990601589303295,-5.0259168204894085,-5.454521255221606,-5.401983644627891,-4.58155222382229,-4.982748187758165,-5.08414025598418,-3.9023419062125635,-4.45919873536505,-3.8534623495016613,-3.8633110129513164,-3.314204422864561,-3.3539051879195316,-3.12730860939071,-5.881497096858309,-7.1039086041880415,-8.125669734611932,-6.2059915631042,-6.874993166483637
-10.529849638359952,-11.468508557472548,-12.602868054424397,-12.22437025727165,-4.8084522769795175,-1.478646410540362,-4.34077726753341,-2.973103623787986,0.8838386938340733,-2.6005615438636895,-0.859186694049654,-6.0326340702522385,-8.016609453010549,-8.852386761041673,-3.4913775996299785,-5.58420966866097,-8.769317893334025,-3.867819265766236,-4.78554889274534,-4.32519715083246,-5.491704200485001,-5.902188174093212,-2.766945176627242,-3.5092128995597442,-4.031034984742257,-3.8937572833742418,-3.588142197094095,-3.8762706321413605,-3.33329205156792,-6.76392423548537,-7.391039396042785,-9.467826313006828,-6.997204086933398,-7.615042284905787
-10.894751349463075,-11.425051924483661,-12.380220118471698,-12.460272694639386,-6.020141017130671,-1.4004651304012596,-7.2014563183025775,-2.9322796755594807,-3.353421430127029,-4.200393954835225,-5.640694662525956,-7.942113283139137,-3.090792543886673,-3.6329143187705655,-3.9164378842294205,-4.299378637140565,-4.833654765726328,-4.20988384872657,-6.049598393456816,-4.469183073991992,-4.956351356678361,-5.530026096755129,-3.6565590728951434,-4.603495227252781,-4.146548089898662,-3.470741698267998,-3.491706669801551,-3.6590955953103226,-3.349960288886872,-5.869891159504535,-8.214739441751576,-9.371098395623854,-8.191432525189212,-8.776503502982376
-11.191926342413833,-11.545407187864562,-12.958088109011335,-12.341934371892407,-5.904302728060463,-2.5833399148922243,-3.8197270890120114,-2.5566092508660327,-4.62910623750636,-7.923928813985318,-6.622667423970121,-5.669432891362114,-3.914436297068794,-4.280066570932656,-4.670543455107194,-4.413385544610229,-8.974830919525406,-3.7850167453486314,-5.754915722412015,-3.9537481709255635,-4.2199701700470005,-3.80737332889624,-3.6732406982635326,-4.537996202923772,-4.223389456009294,-3.3349388358824035,-3.361385903155404,-3.6298699987804364,-1.549919335928701,-7.232286209646383,-8.626003893884894,-9.053996148327998,-9.081204171898632,-9.991934410979733
-11.326262606211198,-11.853494965938806,-13.093642901661864,-13.57420554980634,-7.577400085382259,-1.8723592576778194,-7.320638478550331,-2.498942996086377,-0.6168530610500387,-13.273465774271846,-3.2084957545730637,-4.377444912104466,-4.322390750530352,-4.817610677551202,-4.671401621303494,-2.8090533275686536,-4.2002472670620445,-3.566050981517144,-8.058646822673705,-4.124957500845505,-3.6706190282800653,-4.437081607758327,-3.499217065783445,-3.6325065225877493,-3.8841939391049487,-3.7406608719679673,-3.501524719321883,-1.3766442746173568,-2.3401345940692777,-3.457273633711203,-6.134148245871925,-8.965006471362157,-10.691699653186268,-10.778433641160522
-11.374622747245123,-12.593102016815477,-13.070865872343463,-13.431730192047805,-5.9299560217143785,-1.5575788769139456,-3.434045502636385,-4.270966938590265,-3.4557302598725927,-4.728426727094158,-5.957804780132372,-7.559098734570153,-3.3002742218358474,-6.7810588445625655,-4.138901557509327,-3.7478368442459438,-5.164216856440318,-2.918040002790776,-6.5590080820349925,-3.9530705675384508,-3.821328607394368,-3.8329689375143334,-4.003445424165568,-3.764164463915907,-4.65307472142296,-3.9705360721404883,-4.419880037998163,-2.034244299892876,-2.5775305391109162,-3.0728360003186252,-4.113657151570482,-5.093314461553989,-10.840385778781856,-6.228090120722714
-11.729798186818583,-12.462310830386192,-12.567630017008193,-13.64103071069759,-13.246276780801006,-2.4608469706377187,-0.5923355979785786,-4.43067443593173,-7.324998129564301,-5.628367037650382,-5.996984072087114,-4.729014614234566,-3.51860498580777,-3.768693199800851,-3.0428768948272102,-2.8147754624455525,-4.0498207479317765,-3.5276772710527817,-4.787751455546341,-3.805639446252548,-3.620829692126594,-3.047163906069287,-3.1301954665050666,-3.5181982900402193,-3.1423580270290783,-3.6415844559287556,-3.306582263376119,-2.45164046001225,-2.5109521084373667,-4.370395336403634,-5.1761285513739015,-4.606126887172843,-10.829038158247036,-9.480839188800172
-11.804906161124446,-12.360449859574937,-13.079582091988298,-13.837515172506185,-13.747450378260634,0.16624282450084774,-0.8647660805439469,-3.511865114099129,-6.689445686501521,-3.576743012635864,-7.764299236810538,-5.450950347059966,-3.5703629687228906,-3.4519696792749004,-0.29936672681773946,-4.944517417850988,-3.9110899167834203,-4.384782613519599,-4.10943149140101,-3.2644237201354374,-2.9210634402405673,-2.847351278650241,-2.6662011840146094,-2.79929345717573,-3.838772848074743,-3.046104381948188,-2.3800417012825497,-3.090718079210528,-3.9718155412313463,-4.659143712646735,-4.631196762212913,-5.671926832867526,-5.877943799207028,-10.823089339818562
-11.925874163355314,-12.661825841385784,-13.203730592942167,-13.161411487147433,-13.9832242421862,-2.6482008991715844,-4.579459578784569,-2.1486856061425574,-6.358008633274591,-8.193555179432746,-3.6366242032326404,-1.589211009265046,-3.958417961750773,-1.390083065313141,-1.6769699785327246,0.8611123122123897,-4.131191188561329,-3.293288356667554,-3.4180064985668412,-3.375392287214053,-2.9959916415479166,-2.036326097077269,-2.378241618012523,-2.7950558433537602,-3.592879513467486,-3.9619574660177177,-3.7993312669504937,-4.386159304591407,-3.5811899183182163,-4.773171901503058,-5.555676606541652,-7.150051297250461,-11.647096523944482,-11.797919031805
-12.224349031797582,-12.808954328248566,-12.872234837479013,-13.855438006047462,-13.286006829161625,-3.702043774482899,-2.9323338150746183,-4.456608686174009,-8.564558171523407,-3.5331432086171413,-3.8635342043900445,-3.161353404360785,-2.0118304464951042,-0.9457342596000391,-0.15379905847795955,-1.9070761529162155,-4.425437590270345,-2.650175834375844,-2.9579044554813514,-2.9912640762501774,-3.285304751709903,-3.257968802665349,-4.130918517080693,-3.5352796294434676,-4.0716410592884875,-3.667496170385415,-4.175480821219481,-3.0585584853567656,-3.4326390635729753,-5.179085510724106,-6.260288390155818,-5.004110277415159,-12.189255419912634,-12.652762903417615
