script/wind450m.json
{"header": {"parameterCategory": 2, "parameterNumber": 2, "lo1": 3.000054539987559, "la1": 64.9999836372058, "dx": 0.5, "dy": 0.25, "nx": 34, "ny": 52, "refTime": "2026-05-13T19:00:00.000Z"}, "data":
[rows 0 to 24 of 52, columns 0 to 33 of 34]
-6.021802016026013,-6.160697863093294,-6.65048755312274,-6.811397510059518,-7.07939891975153,-7.680997752849981,-7.8934962935951365,-7.5085650379780615,-8.91407247584639,-7.278868168044926,-6.686626418003611,-7.568800757146315,-7.079910816369827,-5.8829481393563645,-6.340080817621812,-4.889329171127757,-5.253829749207438,-6.260629245572549,-5.0471523350293,-3.663406630819915,-8.447277848495839,-8.89896058156377,-10.662473973229817,-12.303754650614268,-10.44264741421672,-10.370418162541503,-8.488132746056522,-14.611966751386719,-13.496261929016438,-10.676721432313327,-11.221439201789053,-10.979177161732174,-11.547463373734923,-10.848616372641295
-7.010158984313079,-6.850136734233421,-7.332074458728858,-7.626482628354322,-8.110132236023038,-8.343786971978886,-8.88081010705612,-9.543787067014412,-8.406502277002772,-6.8813624424863,-6.3868566205410495,-7.419100228030459,-5.939767195621259,-6.799802950044549,-6.03355316736781,-5.735247582911466,-6.603647762116721,-5.0128968471295465,-4.921052744080409,-9.863750744968206,-8.355022975037587,-9.782989242046245,-8.961690305963293,-11.224547453073908,-9.372108269109674,-10.843905853412613,-9.223132420126861,-12.481515959466407,-13.541271689260544,-12.311998715871178,-10.1872828857273,-10.179412337561237,-10.554796470391354,-11.693972274411028
-7.574923116898037,-7.784527344662951,-7.912526452754497,-8.634309512993125,-9.3820384674983,-9.309482408619782,-9.43421829490508,-9.241020012119717,-7.714655447110059,-7.972342162766367,-7.819377006673478,-7.376211394338838,-7.45311823607091,-6.71825124044039,-6.916476848869675,-8.03576905787523,-7.301728606619115,-4.598712819140706,-7.260714349385477,-7.728638572561516,-10.798065091236346,-10.351208958122609,-9.66843897915897,-11.355513562555712,-10.153311403696955,-8.75112532957747,-13.99347566526942,-10.983683750583275,-11.44016962074806,-13.679963995335648,-11.926340538173656,-10.546969836987222,-9.995224611821591,-16.219117356859428
-8.368834675746728,-8.910052736774578,-9.5387075799296,-9.711520300435305,-9.666685628145709,-9.542302797791864,-10.316424156902194,-9.392940578010464,-8.923478835931942,-8.588231650890807,-9.176601139153359,-8.806660530432254,-8.4111477706861,-7.070723970883771,-9.359783267015626,-7.850696974264917,-6.664538145942708,-6.397116307954108,-7.622936578283452,-7.171124539460347,-9.702251638773498,-9.753574290624769,-12.536172832770369,-10.59110333570922,-10.006461864799215,-11.10926830289978,-11.35814586429186,-11.91247800184172,-12.739359275679048,-11.77712741457891,-12.037785346471862,-11.52898280656784,-12.743556576884869,-15.135553179670477
-9.46373302593836,-10.114270989106403,-10.792491938765473,-10.33345821096634,-10.446196214820196,-10.49310112978413,-10.881212133928882,-10.433409890835815,-9.824883584980837,-9.677945486180526,-10.313480381749914,-9.747909761427904,-8.016598910349797,-8.854399412540895,-8.284408324158294,-8.282912150356992,-7.143231835442034,-6.703785169142852,-8.031408200930892,-11.044403759358978,-10.677875466081858,-11.152495966344242,-8.236242631035575,-12.69060180398177,-11.135026951965362,-10.734290884256975,-10.892953850520195,-12.65193963919902,-12.569028053236126,-12.098070357485847,-12.533184932256438,-13.803442317017812,-10.740967122598128,-13.405552061896593
-10.913547519301094,-11.333965900026378,-10.153751076991039,-9.51533905290957,-9.626405073992961,-10.680371680197322,-10.937770426321224,-10.304317399184342,-9.049401381729723,-10.281700323222301,-9.533126464664706,-9.133540877312155,-8.917397469753048,-8.2854397484206,-7.920315789324635,-6.456999288305674,-7.905309982636272,-7.931808473832964,-9.73008789391991,-9.96901606109733,-8.550282614713877,-8.438515056692266,-9.276396674103294,-9.451650815772656,-10.855289452389426,-9.11874117941125,-9.877398996411213,-10.468700313140971,-11.3796366452512,-13.66781947010337,-13.868348132079234,-15.003553207316054,-13.710090516064529,-13.097146757646403
-10.812782117831631,-9.706500830028485,-8.220973964821276,-8.987388914410497,-10.899207003937802,-11.632800555805131,-11.297764892866303,-11.033543900404947,-9.891887035600153,-9.926254096468485,-10.677470240799531,-9.247949311324797,-9.832293996727408,-6.75476271317323,-6.0398387072959725,-8.047232409532313,-6.973350871250452,-7.240318536687963,-10.84903687320938,-6.896123215482279,-6.626987129366568,-6.443071032165301,-9.200648186627578,-10.595899788689836,-11.394200101335686,-9.90603384142622,-10.482153066595377,-10.214916525460712,-13.256374842115681,-13.391084132060495,-12.611655165465026,-11.484627165175512,-12.664713377369592,-12.585569581711813
-8.976142296280566,-7.768723145338589,-6.736826134566082,-8.60000019736664,-11.398367621658325,-11.841367308196753,-11.28323922996551,-11.124372535087417,-11.280182466782678,-12.303020397894183,-11.828518987702855,-11.66433741975784,-6.299529470825868,-6.131550849470795,-7.048529181642007,-7.365285048775443,-8.308340375864043,-8.253746177709056,-10.17173924750846,-7.241959686107243,-8.543736311279417,-6.115251513625604,-6.84083199426972,-6.595722446533757,-6.220823778938553,-10.724937151245978,-13.069183381392365,-11.263317694946984,-9.55591430542364,-14.543654682350873,-13.494232596729839,-12.86774214972618,-14.76866349100964,-14.677875552099737
-7.608708349738023,-7.325896084933474,-7.301257188662169,-6.920478955267555,-9.284295442819948,-12.036084897933781,-12.119059942102279,-12.37720538105425,-11.842394561367819,-11.706009921415987,-9.370329365480373,-6.446091576560059,-6.705307727733723,-6.54822463366029,-6.341522622459523,-8.14878565555289,-8.44316379506943,-6.645566430069472,-6.394280519126415,-10.027988907760566,-10.082896270296063,-12.478938470450155,-5.204088550682966,-5.303924325847977,-7.877336282365044,-11.925623921296253,-10.615079123609766,-10.453915905700672,-10.014181068402877,-9.597378128702639,-16.176897420913527,-16.321479091403518,-13.923328971040387,-11.907835191327916
-5.757730842889637,-5.440332353305755,-5.356044524460101,-4.823117926144487,-4.2182714269843204,-7.298231755980707,-8.489270634678658,-8.93675210534453,-5.975994761106792,-4.348825711457246,-2.0512433634869494,-2.7892035991495825,-7.492791051472821,-6.783909293332976,-6.395017368914904,-9.166819950065213,-7.645476809589493,-6.535938073476227,-7.409275950500049,-10.811176922655402,-11.650366828111633,-7.811094342312374,-7.935527471254422,-5.0686134672242105,-6.135257943705625,-11.969382832249734,-9.491176577584687,-12.592374382933274,-15.67274672135098,-13.570739444164309,-12.288697075140098,-14.337043202067136,-12.296803155181943,-7.773425648135027
-0.7451412075515882,-2.414075512396791,-3.5845279829181886,-4.052633564196351,-3.5620287398106054,-2.826767682003694,-1.5737936392311789,-2.173409686280451,-5.655492851974642,1.696414630592346,-4.0334955114124,-2.7387382080957803,-6.5245076385634,-6.667196949588107,-6.2398613493582955,-7.433678512278478,-5.3015238032476,-4.968401464299186,-11.379202335481477,-6.4074348629002325,-9.284701186338069,-8.508437162541531,-14.339432356928778,-4.584678894378023,-9.335148938415541,-8.803966050522689,-7.28459224939703,-11.62397714901037,-8.515907210700295,-15.858220548054772,-16.227684094518384,-11.000014445885695,-9.340269812016565,-7.511933520026045
-1.4529455894124164,-0.7555544484965654,-1.9659188983303764,-3.719354174035818,-3.894839020837089,-3.880866495515838,-3.9989828213799896,-3.351447260665137,-1.544610512797181,-6.57211801246669,-2.589679113117823,-7.572967411423077,-6.4240482911774075,-5.976502903464405,-6.5502941383699005,-5.223317082812441,-7.318699513420091,-9.37153769360287,-9.739431694510616,-11.161031817381945,-11.415487735674619,-14.279768634544162,-4.834196065405859,-9.650919877545979,-5.526820827615572,-9.12552111105932,-9.612259138428735,-11.772730450433883,-8.720776045223118,-14.677067387454672,-13.164627509509604,-9.75501299259473,-8.956695328671918,-7.99805925611984
-2.576641671349941,-1.968888285894006,-2.7887203809837153,-3.995291090698448,-5.673950375375532,-3.9256643403265783,-2.398690019406988,-5.696978828337282,-2.784051744184454,-4.6958033932033265,-9.043070058427613,-6.747821919583959,-5.84758921606718,-11.621925079351051,-6.462282029906279,-5.939183806214808,-8.480274407441264,-7.224631530300828,-8.715240008786218,-11.985010307475129,-10.520016287980948,-8.166593297031069,-10.392913247843525,-6.769964106934692,-5.787859054407475,-8.561120166824415,-8.246966122629303,-13.443001746866553,-9.351067337909024,-10.56194496606955,-10.972659526216654,-8.377045965252307,-7.693437276156517,-8.15692219202683
-2.046260327154782,-3.43735769066077,-4.611593446248908,-4.741006483649533,-4.841065931490156,-4.657960201841913,-4.9155393315431155,-0.07818367450444369,-1.3647917699847103,-6.81588910136358,-9.058541320621764,-8.037942787124663,-5.097770146173585,-5.137159664589515,-9.934323694654772,-5.905250578318139,-8.078400165075543,-9.321787034171576,-11.605222376788443,-7.407535230202605,-5.5558478422564095,-13.516601179052314,-9.074746519828132,-9.56320752012282,-5.986151197484962,-8.80098978220665,-7.660744249780235,-7.993876479550214,-7.438130425609321,-11.368660679343474,-8.81563734555525,-8.85740348019189,-7.951490298462073,-7.378501411511309
-2.2274085386461366,-4.880349355637573,-3.840303188026907,-3.216092357674674,-2.4937828465626692,-4.008179590248392,-3.9808472443281153,-3.358660494752766,-5.390473937588057,-5.37337131739336,-6.8649388261655995,-10.44427975630344,-7.308797062039535,-7.603038624410142,-8.821761077211265,-10.31811918353192,-3.6885719635305723,-10.38316395604583,-7.717986051517504,-10.364079176851671,-5.821991264973937,-7.023567679635942,-13.50880857765521,-9.461934077199372,-5.223206171531368,-8.348679825525956,-10.16511326160576,-9.85173362360647,-8.043792632265498,-4.727351295947188,-4.04611928120967,-3.8602914570115487,-4.832839594593416,-8.115913558697232
-1.7212307759902132,-4.893835208905722,-3.367929459128381,-1.7885731456435616,-0.09618226254145117,0.3685579165019732,-2.6771236956794904,-0.49775527763817984,-1.8348112141471322,-2.0530696121461456,-5.488454934484147,-8.475858614358906,-7.539971138106245,-9.37680075787172,-4.503815660823332,-10.231242726766643,-8.541348836429654,-7.5143059202616636,-6.830003766121588,-7.459777265188601,-8.68830297529114,-7.172126480213248,-5.342799012817504,-7.777011336273908,-6.5273801350281175,-6.93417467776142,-7.388105689394565,-4.691302717830291,-7.2891915271858725,-4.798613595631756,-3.7715471745188167,-2.0961950869684554,-3.6068398102899484,-6.588360420608725
-1.456424916200191,-2.728514734653438,-2.667521827825828,-0.272364994587301,-0.041599367190193026,-0.6096069843087255,-3.7018940100760487,-1.8777511103580689,0.8907553318315805,-0.4385556183091095,-5.5251420682759225,-8.091345286501843,-6.308676805744705,-7.045771703102411,-5.580671872512383,-1.1169018565431326,-7.41585567645029,-1.4985579170904892,-6.23673645675777,-4.552864417714898,-7.786583500037977,-8.502964828588594,-9.025483395071404,-5.3033522932258625,-10.184690198816208,-8.181349401618535,-10.377301923427678,-9.309531456089179,-6.687196117966245,-4.443264427685787,-4.334614664856566,-3.9339195988289815,-2.8676523574069184,-2.785109564235242
-0.6732096704259203,-1.903174929467992,-1.7425301396483304,-0.9772664533110866,0.26084035887521023,-1.4000233695826427,-2.5737821683623316,-1.999924723648773,-4.328001336580845,-4.815749778451512,-2.655470920796397,-5.222474121953525,-6.182535712732168,-6.446791933206382,-6.5921507275938005,-5.3763571366869405,-2.422339530530363,-2.4348014335445907,-5.522918435980024,-6.841513643711623,-8.20070507939687,-5.589434192712903,-7.229967631937595,-8.45676926316036,-6.235602870873154,-6.7970359109324825,-9.916922168041316,-7.837702937411309,-6.926370055864475,-6.025909932752934,-5.29270319294358,-4.066489970979654,-4.130658034587356,-4.210012476238835
0.25685869134777134,-0.24785888790798175,-0.3832384443795436,-0.7999476891911805,0.9603747877594585,1.1375480155207165,-2.428675538740519,-0.5964143487881921,0.40711964476986423,-6.7977916670542164,-7.1662697615667295,-2.090517012239809,-3.5314756375662357,-6.405045598356734,-4.437329794108268,-8.380307639476472,-4.896756654581161,-3.054952740201087,-1.185079539742826,-3.8794587272468717,-4.723647418385633,-10.00366932666999,-6.276514637102143,-7.06198949028372,-5.9967511281119545,-5.571674475836259,-11.331394276419115,-7.203639139795846,-7.441151879065389,-6.3619440809528935,-5.426504612605502,-4.21385935008789,-2.1009167207924944,-0.5247786411955437
0.5983085101361683,1.1598450774860403,0.17138612325596775,-0.7214944349548703,0.13831884219184415,-0.7901647426049616,-0.7692382983486863,-3.794022571209796,-3.7710050867221105,-4.69920168586636,-3.2580751324459496,-2.968917744374502,1.3111477844977257,-5.2846787555611705,-5.953666285248319,-5.589668264974942,-3.256750206914221,-3.365296020062163,-1.4806166662044082,-2.634400475643356,-3.3663546827500417,-4.986964145988945,-9.349276862322604,-5.972910913071895,-6.638251955571007,-5.911865608345872,-4.772389976805321,-6.99127509139796,-4.331518471965329,-2.078372800070169,-1.9674236751194807,-3.3194483762280185,-2.5083167029203537,-0.7680417295648961
1.0292031487326943,0.9760692228847931,0.9500018193925469,-0.6088458477072081,1.458511193785537,0.2214897590375479,-0.4075379613285042,0.2015925357363169,-5.777369512534269,-3.5037115334781266,-5.0044672990793355,-5.093520593435711,-4.894621566012056,-6.244551197934635,-4.336726326177349,-5.616338331241778,-3.2617365341223743,-2.7903548351101475,-2.2300623439534055,-2.7895250824090425,-2.664439953475903,-2.4196366895818513,-6.637056990246067,-7.291835901555379,-7.532314200907697,-5.859048900300526,-4.481745055922801,-5.793386829357479,-3.0564075458805315,-2.4869807761965013,-2.3966899990400807,-0.21869067564772307,-0.9214051052139918,0.9839535160045358
1.3230856917553917,1.2531186901522382,1.5337367191573468,-0.7235171521543823,0.5144292492913283,1.7760184970488602,-0.555780842841184,-2.3928437809837013,-3.8679527371367115,0.022643136134896828,-5.564818478750533,-3.3523063764799055,2.4185023877553022,-4.156557636464751,-3.8068642879816506,-2.3452952686986888,-3.998339873724632,-2.73276361431233,-1.83646250613763,-1.6105481153449206,-2.7915947338313143,-3.068915719069916,-5.835860304907604,-3.8917162271507517,-5.5954934302375285,-5.170400599182614,-4.4306109730036525,-4.315732492125999,-2.0675892928193322,-0.2709606787265437,1.2549841476334256,0.4093282979548069,0.486627897844826,2.104696299730184
1.3498694401986637,1.5963544449989013,1.4850554538287524,-0.159252919167431,0.859076627771395,1.1525913974005733,-0.9805044348241562,-1.6701250528642793,-2.6043323946178982,-4.700756720600535,2.243030786936639,-1.670246478166053,-1.5205300086368465,-2.2085557018033715,-2.3207091945981886,-3.9274687290421766,-3.8303578570953007,-2.6715860723292173,-1.8156862842443222,-1.063803526402121,-2.147666082985226,-2.5395657890814434,-5.502601977415058,-6.28462450495722,-4.007694404571529,-4.275815483558847,-3.092018028069069,-2.104077929863603,-1.604143546375132,-0.6497830521464306,-0.13901409340715812,1.0965659620548092,2.449914334673482,1.6028056852282528
1.784157521316817,1.961345719512986,1.4357511838767967,1.2911879229320444,1.8984653516720695,1.7387822983107823,0.5656776284010173,-0.3279286761053774,-1.7758641580545775,0.520206256462459,-1.4055517076384347,2.025383181257726,0.3713022327213521,-0.06092035641279513,-0.7159198094088257,-2.131957220886589,-2.6602456366795324,-1.3082060918300795,-1.3854473561058276,-1.0833373255296144,-1.6301631965696959,-3.5534714368660163,-5.29909409403269,-4.151069087386553,-2.639326471499991,-2.428060041497074,-2.356270346605682,-1.4183607805135154,-1.1161147642293485,-0.27969314300885173,1.3443264801346189,2.3028105279379294,2.414439117152353,2.8606971435953437
1.7906315855516892,2.2888412817253543,3.585510957555938,2.6267498456834213,1.9688488600484444,2.2902084303458263,3.1952673527332975,1.4905480525768833,-0.5658490968862702,1.069509793298821,0.28450019197362264,1.9864017553434434,1.1842669929983258,2.0187759626812656,-0.5874290706824301,-1.477308349598356,-1.9917700821483943,-1.8066086363208655,0.27757118748373577,-0.41507540311897473,-1.026650694587773,-3.5959258995626557,-3.724830368721287,-2.2090724057256073,-0.18734966312946008,-0.0038764902152068977,-0.057054521985627264,-0.054533139619317585,0.5323467981866056,0.7118794398808983,2.3986771306006665,4.200485446879106,4.424589152244343,4.888713895598894
