script/wind100m.json
{"header": {"parameterCategory": 2, "parameterNumber": 3, "lo1": 6.000198445256149, "la1": 58.999992894266676, "dx": 0.5, "dy": 0.25, "nx": 22, "ny": 24, "refTime": "2024-03-30T17:00:00.000Z"}, "data":
[rows 0 to 23 of 24, columns 0 to 21 of 22]
2.8512471825997565,1.292496737727063,6.811398718033456,9.747607431348824,7.822508697754108,5.56708149060572,4.677785164208332,-2.662786475054109,2.9413947377935163,1.6207836202298131,2.7786835171671362,6.1228973830746245,3.4595009670870405,5.56912864087085,0.1987156260810902,1.7673483991320869,-0.7734454590231692,6.24336139554116,3.6636217098906294,2.8062648271220785,3.5468735363964132,6.02245732896014
4.577083893926101,4.567526187880796,0.5941663666145013,2.601585193502252,7.407478577033532,-1.342279774895371,8.74256391251131,5.775284419560618,3.692305177261153,4.089982055405493,6.8396756925579,3.131064563946636,-3.4393788987508973,8.575165314583073,7.207191773793376,6.899087143432303,6.571644894940668,2.0556736557008417,3.8193181679184853,0.759486884281218,2.2128817404366377,4.782896425102432
4.96694900869974,1.528358090756565,2.917511547238886,1.8777814681740734,2.695298115492546,2.7601218761226227,2.5719528687472524,-0.07962088475423947,2.8075278185877828,6.130513409833475,2.750645988126835,0.11284559174510347,6.87207106967403,2.2701463463673233,1.2354078015931071,2.4246303318588716,1.2279519791566365,2.31844356822996,3.8946638812751444,0.4103207266953361,5.626172950035486,4.813198065415428
5.107412408080981,7.400365883174934,9.41955822335251,2.7615847567804344,0.23499750530407193,2.611525878704431,8.163570695376803,2.7683566455783635,7.052931476912653,2.528358354382414,2.028050724942972,7.922494255560793,-1.3975553747196883,4.4451357884340394,0.6916306295931055,1.886507331564718,5.3722808138044265,1.5653924542984876,5.723086308063325,4.7115042021074895,1.5387493822268283,3.2471922000740205
0.9777027442081627,0.7763390270242244,1.762165456466918,0.03530402161470961,4.157576767141354,9.022321590607884,1.042731839623058,3.781263991657526,7.346300931138687,3.2938281790163675,1.6676276119975777,0.6829867516230628,1.841208758062864,0.8990781421469308,5.808936806944919,3.611082314339565,4.620213179644751,5.4262488363483685,1.2004314225284751,0.32556049097071144,4.393754768460448,4.1477209738903875
1.4062775629937347,4.862753278925684,5.531294819882098,2.0429254827386023,7.0546339824386415,10.445126538075332,2.356493336943468,-0.5931708914876347,1.5718987035655763,7.088955129364827,3.8915810503903185,3.129100967094252,2.218633544025223,5.081050108587832,3.137222582857855,1.4253690036832518,-3.281248208364168,1.6743013618370362,1.8110739924376982,7.752572152769208,10.904715563771449,4.962498502021513
-0.8758354266651989,1.40860440998429,5.605928028424453,5.1447946919498975,4.516650442269059,0.5246970187974928,3.3005167429784628,10.560677318860515,2.112282205079026,3.0414913042914713,-0.9248474688692124,1.9003681330325004,1.9336359268738867,3.8588980523387755,-0.08557869676876227,4.1431477949473035,-0.989566236997195,6.211143463588529,5.729083528441476,4.43527680124824,-0.1695003580407688,3.020537472592013
5.4140628250209275,0.04376223580324883,2.724743768090583,5.533925905400228,3.0284006297866513,3.2195326086780924,2.1433533498683803,1.8753067013206575,4.8826888806109,2.877876585350224,5.4487080904613965,6.263780671356242,3.4278981365400214,7.3344185481668145,-2.0375486770544087,1.3946000257602433,3.5436014404228113,3.4898921177765936,1.5453431024863584,-3.4317855174695895,5.069978110729062,3.19931260795663
7.833668162503671,-1.210778510507636,0.5410999373698003,5.354195826678387,-0.649899923985153,4.431042443108697,2.7890077020503323,5.100291536136939,6.007153907777235,-0.43688792069829824,2.196070257113356,1.272260194549903,7.034172158504878,6.326237197727432,1.5375703490628787,2.249541448019406,3.5897694422106814,1.2870609578408037,2.7673558458375984,7.82587939647352,4.486568707528154,6.032176577135821
2.8964998325138276,8.148118567218123,-0.8227017232953461,1.327678428393217,4.2798878613220115,4.623331474962706,1.6803029247651948,3.8715041675454036,7.605761279763334,11.736219803353437,1.2484090616289114,4.6609828590722575,2.9569329094588994,7.7389561005736525,2.684374360495165,4.389532670243474,6.089644455513691,3.494363732439486,3.2651930466108294,3.3230701354051777,2.2245524907207836,6.097961975339753
3.2090487491236206,5.916602503616242,3.892680095138349,7.306048204409182,1.5052377653282811,7.761559126776218,-1.7865215965984595,7.181468782080666,3.6813759006826716,3.2192476403862655,2.3550452907016575,3.1745546008125802,1.7966739116386494,3.932423349568226,1.8651620216797737,6.461367892291402,5.155853875364548,5.436786184486644,4.660126624277812,2.3565477995969095,2.9798200140945896,-0.032224243265608646
-1.401442246341815,5.757837580351713,6.08530967397794,3.1070802817173693,-1.4281504352371974,5.738168672256736,4.969976688593848,6.951940985749321,5.79339921882812,0.5965951794966994,6.075470949964414,1.4168384234411135,4.167990072032537,1.4425719711645892,1.6420970549956362,3.1845861824439123,0.9674967418947072,7.684955472345614,7.222563143137339,3.081441395253664,-1.370632797647108,3.1179180202414822
1.5024385092927868,-0.661514906760273,10.905940047547732,0.4646082682419392,8.31360102777796,5.187880744039954,3.6171834761130746,2.617417309323083,6.477761449336538,0.8088297046305902,1.8822175719129974,4.594060420632684,6.484807204382357,3.4977344525516916,2.1388769547840396,5.30470110551024,6.479140214967137,7.782924278439495,1.7039071669328347,1.7961707712594062,0.9030360243366057,-2.95800227261866
0.8353198633573342,4.666680243879509,6.817416532905927,2.93343010971472,2.8134277707367517,7.150953344301903,7.841527135359732,5.57475900027559,1.5545098261167165,7.759441605563443,3.6065568088585986,3.6942580567131116,4.758810079229296,0.011318645946532896,1.7848137073527208,1.4368799699028474,6.465878047821558,5.598905626978483,7.005294996751238,5.017746574192165,6.187784602347424,6.6474715787065675
0.5551203547804786,2.1088715143748398,9.197998005128067,4.229167254476518,4.086985758717515,3.799106177091311,2.3865914970839293,1.5893854110320091,-2.945142614008339,4.3880024504345005,4.9515685598496635,7.298145883221523,1.8056555226847366,0.1786593438921263,1.8570893517934401,7.672741359609289,2.4867717728286047,0.8709501927808341,3.6699130265897826,5.675845195746411,4.283843704316303,7.039910947917657
1.775330429125536,4.314333631771409,4.716877922842703,2.0961828494920454,6.418669803252555,1.8079272129638784,1.3377892970016174,3.8451053209787145,4.054383622559798,4.582967622091254,6.515850061736742,4.609991238881605,2.15192794586647,5.6308758895700874,1.265794142071264,4.654690412125362,8.722860733747678,3.0596087418654165,4.733486914140386,-0.0065160195159999134,8.616714280109736,0.8198850872120228
-0.47844138821693194,8.363110871305635,0.19014425766819995,4.767363304818834,4.413351920478202,3.523051069512908,5.9389877604608605,4.6295570199932685,9.513579959783517,5.517071953986514,3.555248729469192,5.058505142653788,4.9485357494217235,-0.6782499716448365,2.1136889675765205,0.1449308718569222,2.867366132163409,4.43446966159823,7.2858582457184315,0.8924473409739175,2.7524844485888806,6.116798013272474
-1.0639843031488974,5.764438375534184,1.5945702219367826,-1.0815865497309973,6.24790551500922,7.476313618702235,7.126877659745893,0.9175683919098566,3.8834460448441206,2.1030443777881005,2.912857676763391,2.8374713336963895,1.403346626508709,4.5016428098007175,3.244694672052155,4.070352392731386,1.84236029761216,2.3894610122781406,1.46488835746053,4.925087341624378,4.760252219780988,3.135564054367259
1.4848623938106247,12.445136533471988,-1.2598249970090076,4.959301838391204,1.370466025005404,4.261489549653379,5.298406077357472,10.6642910359837,4.053458340941852,2.0136593006105388,1.2154097163235016,4.369735290512244,1.4252683325061974,0.8589209613129403,4.380521902817311,6.277354509107246,1.1554656540796278,1.1646865805833566,4.033926895232226,-1.291152605322913,6.632317338541231,5.664115178317753
5.364551426325435,5.235754401599802,8.214130202677396,11.187253303221178,2.246836736931379,-1.6088040042020169,1.324271897605058,3.943202274346618,3.703517676067087,4.609733453663855,4.061451750952419,3.5608097670144345,3.315744075534537,-2.808043279046368,4.218765470853782,0.6790819225495495,4.573430118351188,2.8678987222253185,3.372635386962168,3.3830494660996493,3.5237579093091598,-3.5332105032681453
-3.853617254288956,-1.9715045285884245,4.703375529122798,3.917490490604667,2.5112279448754564,-2.9702370509406966,2.1274533478718056,2.6451262602632046,7.485329517248164,0.8737485042012855,1.68694837206237,1.4430818436773525,1.8044043266338963,2.2575719079176264,11.446239509323691,6.538647046519055,2.595619303179597,2.784513909413882,8.531437574971743,2.1858661267036883,11.00607050517487,2.092345481963438
1.3339180157096158,5.455998177354483,3.5990722148326735,1.428224897170604,5.157789968121578,1.5061442490011951,6.352227875558871,9.843515314128332,1.3402759784788576,5.3426123927922005,4.907707373451506,2.037324684833049,2.2168066765431043,5.901173739653853,7.865594299383585,5.254492238286607,7.293250628078086,7.515680695391113,7.033625959994612,2.538098367357718,3.6302675397162587,-0.9708646560906872
-1.1128855171780159,-0.8491270467511878,0.4991848983235469,2.2499396382837453,2.3764569939692004,2.428698243774085,4.324697842440376,3.211903281817344,4.328208235787935,2.5588503739488577,4.938907851501369,5.794772364805289,0.2921911348823413,-0.37911624158345214,1.1941252549879464,-1.7433731686383667,6.2588987911503375,5.062843280338858,4.479428438623419,0.4576439534290352,2.5640952829022097,1.2402336333649358
1.1547866404842375,6.285165074239341,6.959471474693406,8.234338327045252,2.6210022437681153,1.970144491188618,1.8007259535532671,6.2964666998918615,0.26626433130942967,5.216228293550138,-1.302141127197169,2.8770439835187167,1.7814988350347838,1.9783631995664492,5.969055043963582,4.325031438867039,12.111559960161639,-3.735462144945245,3.768320429547277,2.750281696215861,7.179334915295814,4.454330438163151
