script/wind100m.json
{"header": {"parameterCategory": 2, "parameterNumber": 2, "lo1": 3.000054539987559, "la1": 64.9999836372058, "dx": 0.5, "dy": 0.25, "nx": 34, "ny": 52, "refTime": "2025-12-04T14:00:00.000Z"}, "data":
[rows 0 to 23 of 52, columns 0 to 33 of 34]
1.7524421759622038,0.5463009004201941,-2.6159439330352385,-0.015979360656278623,-3.048014940167607,-0.9400361068157608,-2.761150813022531,-2.5485181008041704,-2.0731511221887042,-1.6876676635613652,-0.4820492326406201,-0.36103569114221906,-0.5774237699306115,0.48892499724596933,0.6176955771338721,-0.9036169300081456,-1.80884529078026,-3.2429490022866254,-4.704185938918255,-3.1538043901474775,-1.4197095044840653,0.6690889483552739,-6.041757751531024,-2.7366818563082487,-2.044080582886635,-2.2972127513351586,-0.8298090357266129,0.2447518812738502,1.0184417375713115,0.6984371973175995,0.6160425174734709,-1.0088007736861884,1.3199897822407025,2.1523296730483708
3.2039428393652103,3.199333759148053,-0.981363013398013,0.07732405581570227,0.4639649789521049,0.021336502570663777,-0.4426788018270396,-2.3596348776922484,-2.0824818234536164,-0.691721631439896,-0.08261349714088861,0.10793103922835116,0.5781069579061213,-0.01172027202358142,0.8341698805573385,1.4479099872040906,-2.5378493935894877,-3.1407016096537634,-6.790637422978294,-2.2493951963705743,-5.513688313713777,-4.556517317540832,-0.3850893867582886,-3.345760563107973,-0.8774744653259984,-1.4538265211288937,-0.6065765192044652,-2.065168392745662,0.7940911658443048,3.4565369031674025,-0.0012454700013293614,0.971046461363944,0.5815844631064827,3.6018003859489536
3.293114907937413,4.5785141716704105,3.7754786439626367,1.0576416032486102,2.845445249386587,1.8709901991545808,1.6777405795739455,2.597185447770216,-0.9158442125115464,1.3834752216046156,1.7163439665848788,1.9614436466821867,1.87670266804727,1.8361498511278018,2.3168075646523114,1.0216355424571193,1.8667524076335882,-7.200181181170223,-4.34101908358229,-3.66840145956458,-4.695875354547022,-1.797277355686245,-7.770678103023213,-1.8193435401940279,-3.1841724375060103,-1.358143925257271,-2.2442333516438873,0.3655467612162102,-0.3808881853585469,1.9552504679908596,3.310548615068671,1.4488675595171379,0.5710694749521263,1.6725221141342725
2.9286033728341896,3.760951640499954,4.634043437941109,4.603750060457579,5.555583504787743,3.72292599039498,3.010255631963372,4.2981592877601695,4.0144314580413925,1.6732546580589962,2.371244626284802,2.5477845643643158,1.8836805786905217,1.4274466539396466,-0.5203595715326731,4.06558379924405,-1.5227046458645237,-1.4965745368092087,-0.9978414603367053,-1.7308457646154478,0.7995147609106892,-3.5958400675658133,-0.4365871346007985,-1.592403185631448,-2.1656820952065887,-2.533686763658759,-1.0476679175955013,-1.3924939402485217,-0.9358147398487814,-0.276294432069574,-0.2414021392250018,2.7196386028920188,2.067213488483649,0.3524304984807363
3.175613239230105,4.347241045263191,2.3097007145551256,2.471658006262317,5.343009053734084,4.351426546166238,3.74618687396203,4.2512268952415155,4.989884608303319,3.5237104474892984,2.19084815951208,1.7386498296374377,0.8708271813792436,-0.9702693977331618,-1.0678008017202048,1.2032903421256242,1.641787151556677,-0.9299257901660342,-1.3607261379684183,1.1457526225079064,1.396055595908933,3.1659066871749357,-1.0460263361181596,-1.1419982980296177,-0.45456284980439077,-0.7800843622956529,-2.1934157850689524,-2.849466648005532,-0.12224508333967093,-0.3870176166754799,-0.03265248778882063,1.5286690252141504,1.1697020818159305,1.7178961464129388
2.6453902584479065,2.381745253319053,1.934034385520768,2.2866443567290213,2.9727317562064712,3.3602865018259642,3.5187335446173207,4.276827782951017,4.339596477664563,5.602045340328467,1.9090764983339519,2.3665118548053754,0.48465219133277176,-5.013301801596434,-1.1791504399850241,-0.4385620646553979,-0.6454657170430399,-1.489796848712278,0.9488800824767138,-3.16372944732774,-4.159941915428662,-3.641399052774102,-0.7092813237404589,-2.2547577854481675,-1.8365171825367455,-1.7141649591013468,-2.7833420247800738,-2.67840477981003,-2.2655046696345478,-0.43587880139421054,-0.5383045500500089,-1.3083475081686857,0.2439977334678191,1.1112982247444505
1.2962202786579047,1.6253523770391802,1.5129597069248004,2.7261486046074697,2.5644544451869806,2.6051909907411783,2.181271138967617,2.3967192762752036,4.272484713048997,4.458085029432742,2.153214723126105,2.963418700213246,-0.1378348197145899,-0.6581890624298277,-3.4187503513907225,-2.0191195469925494,-0.6405916393206997,0.6641799938617211,1.5380518957201088,-1.4299361222918845,-3.373551854990976,-1.7114530721143095,-2.0972871267335504,-2.740595131703178,0.2709046108279619,-1.1078067011106925,1.1846996088603008,-2.156715189091157,-0.9986590420782006,0.15170470621066445,-1.3981758646018423,1.0604188712646694,1.635907939694994,1.951420396664386
1.0070297761763631,-0.6228975627559696,0.9457573652076152,3.1764617605813785,2.064834140388563,1.7399819937493315,1.4488877449603783,1.5058649374287045,2.9759314485261537,0.6032041703322701,0.2039240820843387,-1.7786774037444106,0.44220798956757995,2.360692072209038,-0.3225907412697784,0.7032189157996753,-2.094261600763042,0.9168452969677615,3.1027770449970853,0.2636741846223808,1.4298860726678846,-0.3984662942830941,-2.1386948427875696,-1.0199529949065322,-0.7278462559348359,-1.911010894960428,-2.184443634603731,1.7254288839172305,-1.80993271371869,-1.278201115390808,3.979802314734239,0.8151858931076633,1.8252860717746537,2.461096066551743
1.312465493519923,-0.03221966066386751,0.01243342188598046,1.4063791399146268,1.3056332616611022,0.19189954024566883,0.0762129155983346,0.04333928556770455,0.7776922654438371,-0.13924761103304492,-2.032981368778727,-2.0969937271914776,0.5955021767661459,1.3868203724267518,1.6768794078975229,-0.4989369892374257,-4.61449596048408,6.38686270771498,-1.1771314757250488,0.20981831942166057,6.533153474945362,3.9273619344529687,3.286478304851539,-1.6128170474876942,-1.1615950159304265,-0.8456885733254641,-0.21146895014554062,-0.0596976969587288,0.36468188878998054,1.2267089970202867,-0.520731596224218,1.740487286120756,1.6974005839702881,2.190219822586118
1.5473293978994507,-0.2526042941560524,-0.1127740184558659,0.10940903613164635,-0.5996200233081498,-1.945587330439581,-0.8553933962322695,-0.760927152330535,-2.2231860465866524,-2.234232336029271,-0.7173817252934952,-0.6777901957360106,0.1811055297427848,2.2807502944305234,-4.5138173242327335,3.404758973830515,3.068881814358804,-0.427633611943402,-0.34902631831370373,0.11413241438880323,2.571486569436683,0.7469415554545843,0.7145062328527692,0.8930226842664772,-0.5427160173662963,-0.0615307768256131,0.7969770125629935,1.3728808572790894,1.1044990464451871,1.3016911317321513,1.2622969507449886,1.0870251876724175,1.9880562409821607,0.7183184091466255
0.16187330749888568,-4.23328671322252,-0.031579881616856056,0.3552822046733999,-1.027052597711869,-2.7975889131349256,-1.815658630421831,-3.219157168407859,-0.5748483295091956,1.2081595007748944,-0.8016634881574858,-3.8534080968132387,3.1733437232107082,5.525718194781075,6.477069824281746,-1.957383055474155,2.527148858929968,-0.22149549592569123,-0.530549742013691,0.16176634426086506,1.2571206403709656,-0.8922946123533262,3.0196387964630036,-2.395380854017259,-1.1206902608036455,0.09352988708033423,0.827830300094515,0.6166390228102258,0.04601980580788976,-0.3856697477924709,0.7848906740166175,0.8384469958383464,-0.2891023888759072,0.7289096817821673
-0.1639589915476478,-2.411315701962718,0.3940981529032966,0.3765432236197168,-2.053512723893177,-4.207886866997444,-3.59496024769905,-2.3338769624960247,0.3473721988819692,-1.693770137775824,-3.0033654035854482,-0.15753766803088162,-0.4372677215861413,5.5184276372155665,5.7584553876330595,1.2170314783326377,-0.7084267645428116,2.464618321288823,0.6595436549570356,0.19024323005713648,2.7437137026645346,2.3187512839560465,-1.4174993844706758,1.0382884199913,-1.2070885038542682,-2.136603962186387,0.468519607709187,2.0289908804717505,3.068373131725912,0.17391637408317207,-0.3140309725165542,1.8713304192981954,0.12971914962967263,1.6124878581894195
-0.31095232013176854,-2.786605269974292,-3.361017545412065,-1.3384979318538859,-0.8758259934200264,-2.227215115552559,0.9690325996422049,-1.6084673976631148,-2.795889859025079,-5.580774730466156,-4.653726353258702,-2.2719992251474586,1.4391001987634948,2.692124059696785,-2.3332719862546885,4.839416325901234,-0.1964676499181188,3.0209951425573323,0.42907559348058055,-0.1800837264157229,0.12758870443717388,2.2684713719750476,2.517611230046193,-0.8164390738671053,0.04190302077927836,-0.7463246033489335,0.4566910115640843,1.1543652896269707,-0.6143236385320244,0.022323586117967534,0.2816639746424652,1.746269310615208,1.7301789512030024,0.13673337723575554
0.2675834061583634,-2.758652666196653,-2.1873965773434163,-4.59119626769162,-2.1515021350774557,-3.3895371359618096,-0.7391114836618008,1.6816855050866721,-6.636286090913996,-0.3794795968534762,0.7339609259099078,3.9336662161029587,-0.966561397998925,-2.7153228325574585,0.5300750574382048,1.24193518397528,2.393279575167254,0.7863711850687355,0.40476442534814355,1.7060690368817237,-0.9537271965114742,2.100078747599167,1.6864863212836723,1.4679574883826834,-1.353526596189378,1.9690042892475816,0.9161268202129411,-0.8295544401002897,-0.5262474313767298,1.068488366749459,0.8300748026127033,-0.45526318800645094,-1.0219107000783298,0.30619711033126634
0.3604011235106046,-4.964854904854551,-1.91422314063307,-5.084670609953826,-3.8543289462360306,-5.891180080340444,1.1972974764808295,-5.298884552205821,-1.2587986658614703,-3.539484935792649,-3.3068592374891654,1.2104257133413991,3.3715970108013154,3.4449157371189676,1.7228169569532683,2.722508720165102,0.9343713627569412,-0.30479715971842347,0.8450752897062779,-0.6985734785411385,0.12891641688464947,-0.661304841783322,-0.1322004015727984,0.5823001496030189,-0.33143525897813947,-0.4563730212320241,-0.7008707407952012,-0.7294028369363397,0.10830029885614789,0.696832604194337,0.3191148151242045,0.8649533285144926,-1.189850127712397,-0.3986578177175933
-1.5223725746664354,-1.411015757240675,-3.545999719496375,-4.772750796614036,-5.111943628114379,-5.287715793285747,-5.190267244745076,1.4085918413442853,-2.1696308373282274,-3.751299980727245,-5.085938770799571,0.44181762611867154,0.2206593143537811,1.0543638241439122,-0.6526028685451708,0.9335096808796148,4.681740467282207,-0.5343694989218538,-0.2185716971174212,-0.2625443504713515,2.699500909001708,-0.38530730423687376,-0.9473579312606318,-0.5051621981215451,0.27850027749543943,0.3471106818208911,1.222656726064466,-0.985483634642437,1.0083443084624126,0.6996648368620885,1.205898315164903,-0.11759252161187696,1.009493580425604,-0.8582418491635686
0.7412682410081548,-3.144153881938782,-3.1592120901783356,-5.245411502837504,-5.507547885341232,-5.677772474093808,-4.60156708657971,-2.3429322682699674,1.3041669038582395,-2.2932461876956243,-2.482020520003112,3.0893265709571955,1.227555171576858,-0.8217938057676137,-0.324164189893317,-0.8494129745143497,0.6669936790787028,-0.552355586248964,-0.3675034977408743,-0.5497814767636702,0.9413331146333666,1.0971401152542668,-0.019305559740448043,-1.0206817432226698,0.13764892075083654,0.31794675032457675,1.7422653669493327,0.685886776647582,0.8482411800928342,1.5182752517196305,1.543199807381094,1.2566069824597432,0.8680073584510323,-0.5786603145028707
-3.344056986565301,3.1238028529360378,-3.5257545834668997,-5.180258989146515,-5.603792597842785,-3.3189932379008775,-5.180204380660999,-0.21772375635496827,-3.0135069211673033,-2.504320059700817,-2.2227434304979488,0.04896198093822256,-0.5445933178775875,-0.630399436477841,-0.3961817603137259,-0.13396330637122036,-0.6430548211129613,0.07738346610758348,-0.12123091782146549,-1.6432261677755942,-0.35103346328327245,-1.7905793751586387,0.3592340070823537,2.5673940604917806,-0.3439440996565354,-0.5884361719426298,1.2732827763221375,0.8881931449288201,1.7781424078024608,1.4939356369398475,2.588002194371151,3.451862447604177,3.4899079337351586,0.2912987173967314
-3.5586025072869942,-0.5091483307371714,-4.082548041577711,-4.40403637375314,-4.925931954872562,-4.666556810080558,-2.717401917501167,-5.165836915947616,-8.461952529620868,-1.6004181363559649,-2.282768292725538,-1.5985145905587756,-0.054083409332441254,-0.2382938896734658,-1.1698376705060254,-0.30989126505699294,-0.34651361684240456,-0.5828165883629417,-0.8590854993270195,-0.9867586594729962,-0.7207965403888774,0.210864746732876,0.3624768919942116,0.18541522286787832,0.6913611621845429,0.4666232864969142,0.39037866546704236,1.1845652784374503,1.1377487380845606,0.9453193693019905,1.329329716934268,1.563788761127299,4.406346109424259,1.4652721001070248
-1.4531735845756955,-3.6554765636484365,-3.8807292975971204,-5.432350111559457,-4.800990056597275,-5.1853450935695395,0.18430709444320972,-1.2881449234470705,-3.7674911211352673,-2.5920963390541703,-1.942073894048261,-2.046885577391542,-0.6520218178069993,0.5713457922246045,-0.3674272424125816,-2.780992046060965,-2.045623672424663,-2.5669525784593934,-1.2190327879655702,-1.7218045198236136,-0.9631808808196493,-1.6600070860162741,-0.3282993246383956,-0.3530436978282303,-0.8877974862071246,0.6229633544858061,1.262902925505458,1.3369042591027605,1.355936641879016,-0.13702443031551678,-0.11898891177332392,0.047250348642244866,2.453989311303621,0.25580319589051176
-4.307351540913769,-8.113544969693631,-5.5531612509459265,-5.189038267875412,-5.298836648284367,-4.990773522356946,-7.534275423760241,-0.011463184265791975,-6.058467663318419,-2.021552179397624,-2.3826475103028755,-2.7872800574163543,-2.084194235703404,-0.20332286016261386,-1.5340291225175606,-2.6302112834853295,-2.944595171232209,-2.6793962449304205,-2.159474949503119,-2.142949894593093,-1.827311331150682,-1.3454940442551768,-1.4510193713228756,-1.234548216014582,-0.3474347199294873,-0.029589810463313805,0.1985359022272211,0.21984291497010378,-0.04130727114771559,-0.5217627179336655,-0.4137402288420076,-0.05063003504241673,1.3619403466761522,1.6602226379908582
-0.7407188975285174,-3.0710557683196935,-3.566402075061069,-6.361680802787584,-6.063780411375579,-4.525870851344548,-7.01888485085043,-7.906090414600323,-5.100107496435231,-2.6867772535316097,-1.8708905771954807,-2.1095878771724403,0.5810944159324768,0.3118907975752884,-0.5591938227366011,-0.948811399907887,-3.388937832464089,-3.728244393369206,-2.780794104369302,-2.557487628111621,-2.4157985332822025,-2.4357600931986125,-2.433110483333369,-2.0777992986993614,-1.456479283815872,-1.3170272727158565,-1.1708339683636322,-0.5412307045323425,-0.3197575579934024,-1.2885061605293069,-1.9117945503076748,-0.4810163925253284,0.33835068123473955,0.4155723233965842
-1.3897094492219397,-2.5245156986124746,-4.437745972403243,-7.3490570083762785,-6.421710321532196,-5.914831693659078,-8.496362798981504,-3.848970610437372,-5.184926499734634,-6.670945605769834,-1.1999111681170245,-3.209975140169281,-0.8823515628030256,-3.4152233657778552,-3.1904653487343477,-3.184756988550879,-4.573892692509876,-4.135371820159044,-3.1386792509108035,-2.611688165000174,-2.8578003177750904,-2.8649406355454117,-3.447132072763408,-3.9704402533674403,-2.4472101544503744,-2.334599865008575,-1.178488631905723,-0.032587093182644716,-0.5204935511572595,-1.7031743921067417,-1.7995594561884627,-1.090366511478956,0.2764680219788186,0.943047820417683
-2.1886963131140282,-2.501639318826001,-3.81942170592825,-8.16421080555217,-7.349987278739646,-4.309149605067612,-4.465387023147063,-11.219251984070457,-6.612747484871396,-4.623712081897447,-1.2019559616236721,0.05390524224535089,-1.0784724894037447,-3.39574974433769,-4.095436645711791,-3.517485932385675,-3.6037453487974225,-5.0281215702681346,-4.228348867526412,-3.591402913706197,-3.0353217135615433,-3.740864181494913,-3.692320541189238,-3.3851474127340064,-2.208861391176234,-1.6266807298455517,-1.2949326153870255,-0.5004046237648627,0.8900902491726498,-0.3839263241644099,-0.8686935144637062,-0.807930074402277,2.1243711968336996,3.3608556514383845
