script/wind150m.json
{"header": {"parameterCategory": 2, "parameterNumber": 3, "lo1": 6.000198445256149, "la1": 58.999992894266676, "dx": 0.5, "dy": 0.25, "nx": 22, "ny": 24, "refTime": "2024-01-26T10:00:00.000Z"}, "data":
[rows 0 to 23 of 24, columns 0 to 21 of 22]
10.24182926790005,16.543353296194436,-4.19416516126616,10.01157245797652,11.848114246102721,2.9093058445163975,12.585204350501837,14.92600184616205,8.878331142516405,-7.274674650420037,8.992799710463112,19.567935786684913,11.668837457241851,7.477083759943011,9.118043857806986,11.069008111617148,9.225191257663514,-10.728555259374835,8.473397130777435,19.924898098830937,19.40454087734949,9.496796108475209
5.114729747376548,0.017579569184639796,-20.402528021136877,8.836550348058312,2.755298169610327,10.01517682002924,12.760960906455189,16.130381810498783,10.629917497362891,9.483571423440067,17.618264830163245,5.141370819301894,0.26602844119071944,-3.8428054416689963,12.406885074340346,-1.1013696456273574,15.572071795950153,11.027919138312663,10.594108118880703,17.2277620914576,10.055575803588503,9.749111535867714
15.410956126305665,13.734055173646748,8.461097597184303,8.426654952000993,14.082100775590142,7.4383865403629965,7.251105578866649,8.959695190279135,16.194949010107116,16.91084098820377,11.46764972965648,2.8031499984227755,11.397561527131048,10.79144884744253,9.047045326328082,9.73846840836239,5.988352458745961,12.171889390107033,3.886584994314078,3.6623001522825533,10.909733059523322,11.842936108772056
11.489864146119361,16.63096904899322,16.94843034446759,10.184887951707502,12.25841299436693,11.15466686859875,14.104556013196135,14.400231167338353,10.145886904490022,9.821684521015316,7.881069017519428,9.555889562257024,6.526303905710788,12.681883158848603,12.6235287246609,12.97270860887513,10.322212253651255,11.785318583617075,8.35285246092209,14.584641698928388,19.544075745028437,15.66344074408487
12.647883580480809,9.96707553766812,8.37598021322665,10.542884393312374,8.401561217680353,13.62653391300402,20.817979649134237,12.003791953191774,10.97056451581871,-6.946678415565019,16.83054406170437,20.67999647415198,10.834316020825865,7.557436836613803,9.02610302741088,8.24812218572108,14.765341923652144,0.010434475402241373,17.724842048145987,7.992478158794684,1.1402118153237852,16.883365438625646
17.021568085830282,16.682416964511017,7.776345920058304,10.044686737829794,-0.13110843872958874,5.559422225961084,18.639944150003192,11.491331837003006,11.688894856714963,16.144971920239442,13.186373767671768,14.683680342380041,15.994360611744833,9.239951389646217,10.079692579801652,11.10767201706452,9.387630228539521,11.091762167962338,8.016549737363716,10.679166160566801,11.647486589155184,12.773642328284748
13.985334292963898,3.59913124788028,10.734571904931652,10.159588232999816,16.846103404007682,13.717018667545362,4.86113284714694,3.8100231802363416,-13.60433443113965,4.3633163880209755,10.755985306482186,12.873995589146372,6.819882075341298,12.764294876625794,-7.583604362316122,-15.438720982816825,11.101555902141698,-0.9537938688425244,9.569941075083808,6.516658442913597,9.588794033795928,14.292017514055775
15.92092059423958,8.152530828813246,13.965822374879703,9.311159842143022,9.688229992368424,19.511909291128852,7.812257639009538,18.03555127835305,4.470603533039348,12.836005510578566,-7.145350918358527,9.5491485184044,9.829590738384706,17.990814232297186,11.290133459061025,13.937457010727242,17.76121272902278,5.773990375792014,6.677322846427779,10.165370334838446,10.652515456046144,7.36229493499926
12.481378854262518,11.55190545370339,13.010617203464834,10.773471933028874,15.770847242081091,-2.978359091142141,-18.427229589561502,16.04715608703687,2.0309288924330304,9.595284055943923,10.654594433829773,17.306902373737998,12.14119015901379,12.97131232586127,11.223494915984721,14.995350369072046,6.585042020928284,12.741951427507766,-3.653758831773122,7.293633207279323,13.197762572986797,15.6831776392152
6.5612768736334806,10.63092175428596,3.650488487267841,12.395893622450275,13.412379565993795,9.537541800289178,19.35414351829716,9.126826781159732,11.637095175960265,9.44782514346871,17.875237686131946,6.134250642109865,8.80870615350737,16.681055811328665,10.715235948077066,6.53128649923369,17.706276292591234,17.991689082111897,12.552206617431226,9.759483397985548,12.034594388447262,4.786941038269036
4.906089136167566,11.007078120017434,18.576845343689975,-19.771915144483888,8.738168345554882,16.801732743701958,9.32051400192014,15.140800272271578,-5.044326640736825,10.980628102261974,17.675294110629427,9.862765168857429,18.979695543289512,-0.7047257279372974,-20.671790063855514,17.048898520940366,10.722310834243364,15.44761160415632,14.349128535623377,7.5354022274323675,19.63626895909178,17.467514260006038
11.068253206294804,20.475995163482118,13.513696193319293,8.91341789239847,9.122844041851495,13.553886663498274,13.213310699688167,10.608741066759373,9.498477375034053,13.224449614306458,4.350695123435244,8.15835568600525,12.348495030797753,10.053850345467422,18.88500919419352,7.393729725168788,12.354172517326884,8.689618340802848,-1.3126933108762902,-5.269533679943898,-4.904359200014871,10.93471958628072
15.508463795073242,9.01271485127973,-1.5307605237647248,-8.791783270835296,15.005808174544468,13.468000877215,5.349534924796803,11.417537435625478,12.565566581205939,17.69698595387654,10.29283531022548,18.11343126268391,3.793576992203023,15.697563272121448,13.105059017361022,6.4233618384563655,20.33202338541225,-16.301287995049687,14.791636854415769,9.327164361629444,8.966925945360279,10.51298581800152
13.89923495207088,13.13405384307687,-16.435186824924887,17.61226577585755,8.592113239587933,10.993361885938272,0.20587496040111974,9.751830425244949,13.041642371625247,-21.560165070423867,9.114431872977113,13.714254146252332,10.545861388588312,12.649710211077691,20.218103129827963,8.656271191318794,6.248827181218673,8.452914456078073,0.4661183513957953,20.934660595152828,1.3785018061774172,9.882488576427237
13.00132141122763,8.841031673921577,3.3037295168605603,9.569125452581474,9.656898208914042,0.21815135183683526,19.38124266763854,12.821718221099227,8.40792143340138,9.66809693569022,14.242058858780172,-20.276662644509802,0.6317164179271222,6.128170446450766,8.92691987407579,10.660281021129023,9.182850205406137,8.113154574320545,9.912722447879474,-13.762093900527653,-19.814851106654636,7.080098969766413
14.3303298435923,8.636199603261213,10.736392495783896,-17.446768733226598,16.780194640210997,14.560854032165953,9.653881192439437,17.101271728735917,10.260170242564422,12.18876640728184,10.266909073933922,16.07646875240217,19.355310143268937,6.76673361370159,11.585930287152069,5.912796478702168,10.493875417823768,18.95427599843099,12.855777940116846,8.258527890806167,8.422279238594049,7.770146208284545
9.175779373432404,11.688857311677946,10.079758864397636,-14.604909208327635,9.149340535832787,10.808001962319137,16.07162578367131,16.798324768905218,12.204127552400887,10.400765731633907,8.587575170776319,1.55581512921014,9.26333434288979,3.7841139590568216,8.529342485265929,7.157486543245233,4.1663923606020346,16.502076237488573,10.713032970950064,-19.108677250475154,7.314724680129343,10.542504151738525
9.596032320680363,15.704718772355935,-9.782764825937559,7.699228047075846,17.852880258702214,11.574670124731838,13.199377971219175,18.810205898588144,20.045209828156143,12.835047496494703,-10.666574205010692,11.981116865328582,-7.143071211274338,8.712442028418062,10.896165213041474,9.515676384710432,17.49447204261815,20.807415420774692,9.885810315218956,11.766644216760177,-3.1997652610367555,-19.75429002636379
8.703947895836405,11.024096188916108,5.306102824703418,16.701150196901054,11.200377453389333,12.2896837637413,-0.4106444552771197,12.718057454706566,14.010743320508112,18.00236269892929,10.486062027927094,11.767145050775657,9.542844400196941,6.784994783339536,13.399430749020272,9.750929908585249,-0.6076429719558164,18.425345548106506,21.428588512975047,7.487004394207203,11.92735875086818,2.3816305471967447
10.224760176242544,7.697614435576678,15.364011149839104,10.928999877906744,3.3958739393328057,20.417216870737906,16.351018916366744,8.948490116894886,9.734351557803043,9.776238148801161,12.429909778191861,8.443234234364668,7.681963252409405,16.394563324932268,11.766488242746634,10.49006021179646,16.472983657725802,16.440907673016145,8.687222581779391,10.881077068092255,11.144685745644203,12.709832537088337
14.702798608600204,11.70322731467813,1.9455004898349553,8.29492050032713,8.251016163533878,18.98683078080662,13.091084997268075,-5.633449097465621,8.041588893386358,17.788547475114143,9.35240087016752,7.580246835992907,8.923686574339786,18.228185114889584,12.856239308836983,-20.950514960099678,16.434353883855927,10.574234890422288,12.69000835141368,9.314574691069756,7.7378623826099115,12.953512019522552
13.0606984893871,13.552712700411243,15.631307781358666,8.129610426702769,9.839953598834398,9.104115406610221,7.591553838137075,13.467539003101159,19.68176433205651,-13.070841945537488,15.398983664716097,12.766723000770245,6.990852357514603,16.523512149502018,18.300371385100117,-1.234043116967243,-10.070778985541727,-11.789648529661484,10.424549352683655,13.057456537273039,-17.865030281902875,7.998597039471357
17.22753367369993,9.69662639798854,11.295641004767354,15.746114706573117,16.12475298440807,15.10364014304815,10.46354126456328,10.165691231635664,10.646576709954862,15.524234556874278,6.643259950138669,14.786062547402889,15.604945737448245,8.118748839909472,9.222244154940855,9.450578237904942,9.420100038611585,15.657955641067275,15.914844799761193,8.219219835014842,11.868540020381218,16.822521582718014
9.756827760626662,19.3838387828118,7.533421940957197,12.760511366985693,14.630497843458905,16.52388969301749,14.851517435239609,17.65715373721912,10.180026689269638,11.583221350485482,14.031377627201657,8.696030443993317,18.223496343892744,11.152627964614437,16.702635977031452,13.845008795808372,14.58470571272291,19.797172931439786,10.47432432769065,8.249059141048798,-1.2600583522853153,0.28262286804351094
