script/wind10m.json
{"header": {"parameterCategory": 2, "parameterNumber": 2, "lo1": 3.000054539987559, "la1": 64.9999836372058, "dx": 0.5, "dy": 0.25, "nx": 34, "ny": 52, "refTime": "2025-02-07T02:00:00.000Z"}, "data":
[rows 0 to 23 of 52, columns 0 to 33 of 34]
10.10655061419084,10.273836655306964,10.440885077660448,11.146832360706943,11.343430726671839,11.615529326901086,12.515962567518551,13.182739318295779,13.36854011158309,13.25442838510971,14.037307977029327,12.320877918685353,11.647352992873891,11.5329000749707,10.577973516540442,7.613049376000264,5.881441842321726,5.346561230576001,3.0848785500446962,4.259946432409861,7.280976622139085,3.409985201062463,6.643094330951746,8.968204452705281,9.725523960998432,4.166245233073437,1.178799518250471,1.8220222770828591,1.8758772216789106,2.223082446355737,1.3187166201723808,1.363701870482184,2.0547498253908505,2.5713657218721413
9.811017657625506,10.211353155722067,10.48502473828376,10.601181600595874,10.925828756858575,12.015002475613676,12.409550546286543,12.745151065299858,14.002672959609507,14.269580245250465,12.41150575103684,12.512760990178622,12.86885243667006,12.20941920156336,11.537535919102734,8.653986574149355,6.505340612256686,4.6437801839154105,4.237768938838807,12.52878022894285,2.1177512491084434,4.536069399223157,0.541599320116703,9.944751435607861,4.861799959083416,2.739249325502642,1.5577398311837694,0.3771622512000192,1.0204150125611484,3.753250115845053,2.4582565260445395,1.3940333806009817,1.8135597423186027,2.453140327771729
9.753215738528112,10.235607721469343,10.541373081568793,10.783672447680148,10.620073159453474,10.83186808433309,11.89769160806115,13.229042571254968,12.986847260279857,13.27933771067347,13.691407704309587,13.573198206149552,13.037013086423501,11.808475452952507,8.828371415780365,7.431113320253836,7.300147353599006,-0.42348365544238353,0.5834175205752365,-1.1212997522527304,6.3491272910018015,3.5785802164099976,3.0620721561230795,5.7113093863300195,3.4741138694988285,-0.9056685539432031,-0.08982611613535951,0.9203414057644762,2.0042897656342378,2.5759999800277904,3.586421602056224,2.3088303057992268,2.2152192199562175,1.3651537710423738
9.898763238933366,10.454421589999711,10.036532589399693,10.167613556978237,9.491264401579775,11.02349522411798,11.50576730256815,12.129813052072395,12.733165752050105,13.023730038241384,12.858166947361633,12.953967540238146,11.369986379859952,9.089773400087944,6.740099119618294,8.494727278709034,5.084783181714086,0.6647994211833226,2.709589619478171,-0.8323778272696469,2.139990508151337,6.578700538516649,6.174316667132491,3.7631592864082757,0.510678014207682,1.6145789377656592,2.877042251678671,0.4780220339352865,0.9481540672990609,1.5008580893195231,1.6263537260210201,4.29679218529493,2.3492655616610416,0.8710626181371579
9.011859674047416,10.090649061144482,9.343877835947426,9.262769221971029,9.432972858380985,10.352523729733912,10.986139016768663,11.845884329750767,12.580867962564426,13.17880763332559,12.886789034506345,11.563656173947205,11.035591986340929,7.622065527112366,1.0528049170095157,3.3578424334181793,5.156900466569068,-0.9911748836286116,1.262567845867411,8.618759193756485,4.549646365489773,11.441726129535706,-1.5366026412235276,2.848110859875516,-0.9850097002073261,0.2236819202691479,1.1704770928669508,-1.506188943748484,0.44810065200543825,1.6409244805497583,1.5285715033278333,2.1167330544782104,2.2540880913086725,2.7823145650719168
9.015785562615001,8.477529139116333,8.922224100087824,8.55411414961866,9.01250093564985,9.674243448899654,10.982406247353794,12.033723602171023,12.720775920919174,13.434639201597744,11.952751703156947,9.64909681302137,9.444155735199871,4.146340859880595,0.4877131583643648,1.3750430336050128,-0.2799762471877322,-0.08357480625378866,4.9135942618451836,-0.9033769799772543,-2.130580486178623,-0.29267105111443487,3.7338589903996793,2.3207834948398,2.065952826691378,0.6603998763044638,-0.19386346134473992,1.6274925004636303,0.21642225598297649,0.820583743866845,0.9057619161558211,-1.2833017006776137,-0.3423576344262764,1.9405836283329512
7.508162512730932,7.6780887086715515,7.692182830164787,8.10939320505647,8.861677778875329,9.866425148048167,11.177700135375185,12.510343169439736,12.683561004709173,11.578337758619416,8.30036429488788,6.4829316529169345,4.488539658863398,3.177212655420946,-1.2717679460006392,-0.2928016514778366,1.0344114708925307,-0.0872349965546039,4.391011875711729,1.0970851847046204,1.1370360824592785,0.8638458050042623,-1.3521832433635732,0.026744209551216116,1.1986653331469304,1.0070505293471324,1.983646268065585,-1.7809073746592483,0.25234585113051944,0.3335133421337795,2.024663437375866,1.6264947040516855,2.298929406831711,0.3974461333659443
6.560057353500642,6.565111765240484,7.255900039659041,7.797473665313786,8.55684331518301,9.865878192063724,11.658227861195527,11.368128134164875,9.719200135542751,6.950120763956285,5.2722000210948625,-2.1840374794862663,-1.1362851338273836,5.891942144549447,-2.632420074370602,0.6049154004776577,-0.032422469207743214,0.4057471062354244,4.948245092483889,0.5679264491840413,4.007716088029966,2.147742712921581,0.5243987338036807,-1.7402886725052231,-0.9882231028704213,-0.969050445150786,0.39870662712352917,1.9741441250603604,2.0089804820185053,0.8214201465846621,2.7046934857954894,-0.5822080331816232,1.7869606798140802,2.9654517938094864
5.318696902856482,5.950992656162193,6.418114506532991,7.056525191545899,7.944034067313712,10.074960943234316,11.200917475245157,8.807646508084842,4.206823766706605,2.630312824411932,-2.2862242730914493,-0.8466908101955304,0.4096343054073066,-1.6845517580244265,-1.2612694925008274,-1.1178714505409255,-3.3733913693037874,5.208861234026803,-0.026817991626032135,-0.060421478372143955,8.264559496667516,4.181040569888636,0.3266214987918717,-1.8840034023204268,1.8990737024332216,0.09696391030495753,2.27524675224445,0.5392778022622128,0.004962272889851924,0.878584350575536,-0.2736718318653992,1.3228293715861341,4.038146976941311,4.332352936624668
5.078125544500995,5.107591407147603,5.4776713624892786,6.572981516544749,7.728306458423008,10.060438591569097,6.763970770701814,4.6104890805437755,-0.06572361945127428,1.5062095421005985,-0.7165355457509074,0.4334990232947044,0.6861433112084819,2.8885265417403554,-3.870227814678738,-2.482188491711013,2.7625105847874836,-3.1034174869440014,-0.5267288224780787,-0.853377163819198,5.063360299361354,0.2372717437602552,0.8546821412624884,2.4533022751695817,-0.5968612581940032,1.4419077581227249,0.44516856209099004,2.1854801080880017,0.7500329746683758,0.4686480977152139,0.49312045958220696,2.92036334234857,3.018637359697779,4.112247070434466
4.158667099466107,4.301393726640843,4.5965912086719305,4.995281946154308,7.232980683784617,5.858860169671853,0.8692070266488255,0.4509811070646848,3.242538645210574,1.6814339040804112,2.3949397338701983,-3.6437514599359355,1.6626635814049044,7.307722379589816,5.5580483141264,-3.6169295718865966,1.424840608928841,-0.09246352894229852,-2.612711776789071,1.8118459300671341,3.225529890824664,-0.36826776461817456,4.1603805008436,-0.26859567943373247,-0.18404588646003744,1.495446935237461,1.6687028730842544,1.9805883174885437,1.0569692356942728,-0.07036634167856069,3.534735613989807,3.700254000139478,3.6906830851897547,3.747049655802218
3.1762870622936106,3.530125507215908,3.3263196143703317,3.4490732737331444,5.805217111310062,-0.580184722158798,-3.9744193256510343,-4.402933518638443,-2.588935354109564,0.09844995174390611,-2.1503694064302343,-2.967642670073278,-2.9411322740712667,2.7006955825293395,2.196784732314269,-0.2949967829071727,-3.579498901016248,1.907797934062015,-3.902744348384403,-0.625066757496132,1.9238256797499322,2.2923319811881293,1.7235300877631452,2.920856021350506,0.6035494552746957,-0.3956493976542403,-1.48018190802529,1.3495094863297332,1.1300851060258812,0.8720290565652382,3.416493481860286,4.191137535033888,3.1630348616153627,3.6089825897354455
2.4525626831129554,2.9116471188286095,2.8393324069365216,0.7645502209994472,1.90044117043586,-0.14810712240291313,3.469559908347546,0.8196600898632559,-1.4698574230487738,1.6097125865488833,1.0842070589834325,-2.5614840630511644,0.6150169690937176,0.5590464156023353,-2.2795478536053047,-0.11136064798470571,-0.870070275472466,-0.2646676956878533,1.6786834704002314,-0.9095210294730891,-1.423747832958147,-0.28739175026834685,2.0822799148107016,0.8501456504348829,1.3779938175698438,-0.34716105600039077,-0.45712830240486685,0.9707277650446452,2.1562830277216913,2.050955329007977,3.663739405839975,3.5867211143826805,3.89203285841925,3.508014877719304
2.3750223048145562,1.700269456278335,2.3240540598175334,-1.6099916693390752,1.1713117619242497,-3.897104382934053,5.181402085137191,-0.7417430381558963,-1.1820276210683405,0.7936160075716217,-0.10623050937960891,5.987227015223985,0.7704489060389198,0.9332898424603043,-0.6917598523403082,-1.4015259380289704,0.904041653246686,-0.04478326272768799,-0.8310063767856888,1.123766519772987,-0.967691548951511,1.2153939870591628,4.082303515692255,2.8847406912221683,-0.34435761036655577,1.824170620520569,1.4085514017928487,1.4740892776206418,1.9093196651417041,3.032208529968221,3.4193573264760264,3.8943820355811978,2.4986655520770404,2.769499951739239
2.179101298248843,1.2375751969129087,1.227625671322959,-2.4666127239360804,-1.3573525505861577,-2.4689696082939316,-1.0681759533716026,2.3451664180728633,-1.8007217222371996,-0.057334402649651825,0.4163263095304627,0.48540805705951995,4.030724786939745,0.020849613353977246,-2.1044278199784814,-0.28121916474961023,1.445036008901732,0.1463914637902017,0.07972080406177233,-2.4287345265856395,2.2865279543501265,-1.1921252852116884,-1.1574795913888194,2.539141355978889,-0.7766259686645303,1.1598637481057994,-0.23559150568018952,1.577887457830324,-0.4002661109035898,2.1891505776748814,4.14149238157064,2.7803942358819507,2.4478540795873,2.5960940196104487
2.1680687777607384,1.0610724424025184,0.3250754410624832,-3.2829287043821322,-1.983068716030917,-2.460239347724954,-1.229433675357053,1.9425999464259458,-0.4230106085892367,1.3603380632088737,2.837712708714741,5.7929010530197775,1.3188945282422377,2.5596741914225674,0.6578702936421682,-1.2687377421422927,1.8061992683235193,-2.1239123379804803,0.24513068381353934,1.8369350926736454,3.2528138044494024,0.15026411046646582,0.09686575470186927,1.6066968477819525,-0.5992285164626913,-0.9567620173788591,3.324110716989964,1.689595367949117,-0.6079680442924453,1.8293346552455207,3.226490770208864,2.912566202434018,2.503347301989772,2.024182470556475
2.0483788764933815,0.5059415536727278,0.5109165915922209,-3.3800063247557417,-2.464376412724019,-2.148435776534065,-1.1893300694903988,0.6799970360416524,1.1755907663171576,-1.5719259599514845,3.5338928159893808,5.40992434084664,1.6232372406968372,1.1304226832519908,0.5023196072460647,0.0639735069238531,-1.2480417323349948,-1.4402348895354227,0.569916700010701,-0.8941918773961731,1.8886410265750422,1.455143565624928,-0.33706074094167776,0.06469488291277044,0.17181786883919975,-0.7912941267250106,2.7012595747699217,2.5824642935949345,1.1878585998434799,2.7152217812975246,2.968154824428091,2.7793372502986657,2.2298490771611013,1.3176787187768246
1.6387578657593773,0.724333293490105,0.37393628267995627,-2.172458043906044,-1.9002453623189917,0.36741388867691754,-0.9855039798946698,-0.724025602376857,1.174332877040434,3.9814796840973057,2.2829868706547805,1.1585485057532374,-0.41205868683988056,1.2721131412514477,1.3343834658205942,1.6585533595656823,-0.8923813801766379,0.15882828101322188,-0.08839310950516377,-0.7171278950597413,-1.3313218465546501,1.4356290575731336,1.2994503356352878,2.5226178450543797,-1.481650187685362,-0.1970792946004784,0.849347862844237,0.6407956448316654,0.9202657667444426,2.765134943244792,2.629661461614866,1.9464728490356102,1.3015605745942227,1.0024392125130321
1.407897362493505,0.9853747266418776,0.43124934190060876,-1.5487088058083438,-2.345957608588019,-1.232221598953113,1.0076647719456613,-1.041128361562278,-0.4011557300383969,2.6535080974826415,-0.23074726767632966,-0.43404207605701695,1.519019618035254,-0.6723443806450947,1.6821807931025359,-0.5661128188213366,-0.08220333555254354,-0.6087985438222596,1.2251383193477927,0.18144550466803472,1.0418214691109242,2.219986055276838,1.6163932821653313,1.326464744778759,-0.9236074499015485,0.5589357589460968,1.5984910610847276,0.7179422642724546,0.5779989153820043,0.7394667524058516,1.1493507578554494,0.9038256376040906,0.7844955118390546,-0.32221623454929943
0.952513155805572,0.7867678531003348,0.3666393002890989,-2.0283271622745938,-1.7792513255050972,-2.0718026438213792,1.5225243785179379,0.4361336245993664,0.8904451838302083,3.1567308301815276,2.0511847118458966,2.237399211794288,-1.0527680499258643,2.2747983480754033,-0.7429636621152033,-0.2775324202206094,0.3282064368243236,-0.30506843698377856,-0.20986923777195995,0.10226877629819026,0.2857822951485096,-0.49316254276577387,2.2706482869779965,-0.5191589670671544,-0.6835476969879837,0.2946078956064984,0.7207123565029152,0.0007837845849215191,0.21261718315936234,1.054728663486638,1.1933744467615033,0.26289350828002045,0.8572076489134022,-1.0222249191851738
0.548094500081328,0.6828424638188778,0.0728298614209221,-2.2550943172453763,-2.380733957167283,-1.475831141393234,-1.0507233364723514,2.071241552210248,-0.8802891089912116,0.2832727585529928,-0.26544355872412223,3.962881983253398,1.457742898802486,0.24921171853065183,1.029073558638902,0.6328378033054335,0.13996251798787776,0.2591763126398642,0.8360392647018788,0.011661988828319713,1.438520006946098,0.2680078319459263,1.1257992851118304,0.3013632121472792,-0.5249360040225886,1.5335876972969922,0.21507073759229323,1.2447923159055432,-0.46909022592088334,0.3143396361000956,-0.23477083595893383,0.21635824233452763,0.24401734469314112,-1.7518986482547159
0.9473338983845759,0.5185309529082859,0.21297811965632138,-1.8760918955156622,-3.8995041691584134,-1.2841322685872707,-0.3594234804195744,-1.5683520254397478,1.7612200629902932,1.0579488309942793,3.2790282383545106,4.938153165572158,0.9957387587686396,1.5412792800217254,-0.7353200867152289,1.91187639849403,-0.3543905483060531,-0.9947195685905331,0.9475101818479413,-0.49442226223620644,0.15181774090019484,-0.6897045805274685,1.4636587378352304,-0.21574226972905697,0.04127363768890018,1.1723805272202146,1.253327268322484,-0.11404957811167338,-0.45817692113408004,0.07823039683491596,-0.026459806425888927,0.24362307647904335,0.5530005299539468,-2.743261128835412
1.3165735175697524,0.5646190882800968,-0.6736351568544062,-1.4810060369380542,-2.2228055118164356,-1.1398453456799298,-1.1090055241171117,0.09018558377624354,0.05241651379288111,-1.730237620652897,-1.1994970128336566,-1.1148765179229843,0.8535652091289873,0.5706441787332209,0.9255526275943313,-1.5805512489608842,-1.0698386329060179,-0.6503158755306728,0.22399924608621472,-0.9859681045283692,0.7981677248477601,-0.9430805179939067,-0.819497412620533,-0.32539413980583637,1.5523316560590315,0.7985884309658241,0.0010833486676423156,-0.34419888952487493,0.5497230878627255,-0.4456611885643293,0.01733336630562511,0.2568864943300471,-2.271069589700571,-3.3784815335166702
1.1419249345717992,-0.06604068938933287,-1.1474371074191583,-1.5044807853553073,-3.04288220777701,-0.9542483723085119,0.42571273019268313,-0.18320707531578342,-0.8303888618898728,-0.8481917691752883,1.3018321963798158,-1.0206058296827216,0.45001939195467644,1.2142294936068485,1.4229935071999125,-1.4758032451134688,-0.40852986223047855,-1.3076622782611917,-1.3156117314260738,-0.6821969516899268,0.10551931840313718,-1.4072667858109607,-0.8773513541617649,0.5632906999360198,-0.06252290132370383,0.8388710978389996,-0.16985747317806077,0.08753675297951564,0.3409728462885667,0.019612200752986395,0.011507785957724129,0.7927649260944861,-3.5381654018302036,-3.7147531065426316
