script/wind150m.json
[{"header": {"parameterCategory": 2, "parameterNumber": 2, "lo1": 6.000198445256149, "la1": 58.999992894266676, "dx": 0.5, "dy": 0.25, "nx": 22, "ny": 24, "refTime": "2024-01-29T14:00:00.000Z"}, "data": [3.7711412402066404, 2.5846049839842813, 6.672542613228307, 2.207696968667226, 2.723782552227264, 1.2008853091793972, 3.1335682803424074, 8.047787702684877, 5.2396351596268, -2.6323014614982587, 6.694632125085474, 8.24526396094487, 2.31080944554846, 5.776104909438333, 7.214629320185581, 3.961790181780979, 8.097152079629607, 1.2831361065734914, 4.68854541949596, 3.1375858792033973, 6.543156695066658, 10.675042287844196, 1.057038893439025, 6.613023670371303, 0.3330544587735888, 10.437908033023314, 4.072563742195111, 4.455762205443536, 3.885161113008959, 4.00080537934985, 2.012575047472746, 2.5182127900051103, 4.749682025141905, 6.423728029423547, 8.80808412702885, 6.569371476519253, 7.977364907625661, 3.843251706736891, 4.324072977808516, 1.2145981974786444, 3.7174115182144356, 4.567384628646093, 3.3744778097320864, 2.5740683764362924, 4.505528892434415, 6.0923052236450665, 2.270842577266392, 2.3631839678433404, 2.6503579343729324, 0.47702808349394377, 7.476431107012858, 6.32728468870934, 2.944608818269596, 4.7817164521706905, 2.650282295302619, 4.586735885945991, 3.5960901442430937, 3.2749968314962543, 4.686359844166324, 4.741028346990869, 1.8201582188019632, 3.099802554058263, 1.1089372427750526, 0.9009095493783165, 9.399984068448603, 3.9495731599795687, 4.630571406177305, 3.973135416675796, 3.9169598537106616, 1.907946701932036, 2.5393995849179345, 2.8234402556016187, 2.188144544447477, 4.920852727080748, 3.049976663134319, 2.941063286963476, 1.0546381596008736, 2.020101467691957, 0.7586844180956643, 3.7916149426785526, 2.2610440724677736, 7.300361667175587, 2.1291572275176245, 0.4239031222467094, 0.9631472584319307, 2.662128041227863, 2.885718523155422, 7.55315043514516, 2.401659543284594, 2.7218776995827993, 7.233193406896278, 4.189015910187172, 1.7090495080019728, 3.1567880809573885, 5.652705993557005, 3.0843872561275707, 9.152829355958014, -3.2664817564405455, 6.267527767784618, 1.7324163668600387, 4.210425405455891, 0.540387685722499, 5.4593904470816845, 2.699441074706361, 2.835724174205477, 5.099124668113566, 6.171635633256866, 2.7327371818976127, 2.910923071117181, 3.186279029159804, 2.3773704687256476, 7.551504822366913, 1.9161004148855243, 2.1768414356783214, 6.719372273932331, 7.891651817495492, 7.004843735073429, 5.020676872892024, 3.543170608969922, 2.158272319381938, 3.5617705667290283, 7.578602072593675, 2.169471241692741, 9.055876896040802, 5.298982926683102, 4.983155411430303, 8.986102140742718, 2.486226516569519, 1.8531969866408449, 3.38045578663542, 2.5064224975311897, 9.460521363261755, 3.1036238634495565, 3.3024446603174966, 0.4542980880888159, 1.777788450546244, 2.114517136100111, 3.4455402864236135, 8.037641407461225, 7.37604389676281, -2.0080399310560644, 1.876955360031212, 3.230136004306327, 2.410920446210035, -0.4639981981019319, 5.244469536976318, -5.711391243245538, -0.6476169261497787, 4.947686547565899, 7.387424015232817, 1.9034371133632173, -0.3693998584009829, 2.109196591395889, 2.3932106502227697, 9.322943097773374, 10.746262909194746, 3.6906334895423973, 6.057284534266344, 3.000773571821634, 8.32164549756856, 0.634949983741616, 4.214832907437259, 1.7049466246870624, 1.9321592689764555, -2.9921861561290855, 6.29947668533927, 2.2963667424038072, 1.028465884063568, 1.3207105459498918, 2.67787567620814, 4.336131014191863, 1.9092698497321927, 0.9916011763821971, 3.824571747587358, 4.520102248547692, 3.811658636761139, 5.214904150649305, 2.386317581966686, 0.3150465521603329, 4.184280155940265, 7.979104656176458, 8.065851631364469, 2.199968415990866, 4.3419029980979165, 8.353805754791757, 4.202461248653011, 3.5821627659083384, 2.60460797706901, 4.389117344383148, 2.4010691729048337, 3.8840021170469257, 2.1203303400800895, 4.325908884128211, 4.8021431123984675, -1.5048239355819601, 4.772016187269081, 4.229654674603537, 5.332576037965745, 7.657101209038165, 1.6004380306775567, -0.33533756450741375, 4.811477159563732, 5.600378632253401, 6.551594367699521, 6.344475468715671, 11.076390799114133, 6.675464471518687, 2.850827477888159, 6.532072368457081, 6.086705224064905, 4.431384211384869, 1.8766905341446958, 3.5478230573971716, 1.7473354692525125, 2.5040534384150974, 4.3678635184640795, 8.54480586673526, 9.493708554308803, 3.1981475509419286, 8.133726961462154, -0.8905629290165115, 10.089405276483795, 2.8771196459417316, 0.8461995161498345, 6.032531422226802, 8.480038481711317, 1.2142046020782609, 7.628124625173492, 5.0240329044655025, 0.9055705056885933, 4.02166059433998, 0.9560232685112885, 7.346306550007163, 5.123524871476443, 0.9010756297571011, 5.418996115469893, 3.0011024020319175, 8.554472054229771, 1.7875775944432308, 2.7590636334587946, 6.309661046202276, 5.922796377633348, 3.299326028126313, 5.470981339624935, 4.0044663067139785, 2.513529130808612, 1.0560364439669612, 2.078697527198969, 4.064714551811266, 8.510473309311486, 5.845837522433315, 7.724595978776416, 2.180971643425283, 7.818806684133018, 4.095827313989519, 4.4752486120279285, 4.467334523458501, 7.262811188236035, 3.4003595070491857, 11.483807677850793, 6.183170826864407, -3.575212128213144, 4.757312580295555, 3.980553984326995, 8.471430154616348, -0.1065509513347512, 5.0978315334667545, -3.911862534639776, 6.139484017559432, -0.708988469990614, 1.365794924130427, 5.91907907832167, 1.514853699273939, 3.469072207559569, 11.048786602678405, 4.130076947165058, 5.761826667726071, 2.8954214767836604, 3.1711696472899815, 7.6143229546133595, 5.639257265905901, 1.2806450889927898, 4.438695481287866, -0.061328509978618585, 1.1947059870017862, 2.9286880707545095, 1.9974950876565902, 3.3063819964920556, 1.3267046178180593, 2.9145678268860697, 3.303321882219235, 3.419866727506193, 2.9570022355374963, 0.10203093823651421, 2.1910392925400197, -0.18365697379556095, 5.199555381575487, 7.201856502828598, 3.4606095461959847, 3.514155227514962, 5.49143809541181, 0.957861163379902, 2.2231609779916344, 6.521629903072487, 8.654546900324398, 6.589493308452216, 2.8760661721937515, 9.858832368636316, 6.342113263309753, 6.11602484145009, 3.2325545893459067, 10.342693955971649, 7.215179361110086, 4.423745692875529, 6.691980857589677, 2.5954717626415675, 0.7256031380064338, 10.360778643649713, 3.910923575164437, 0.4825612192000384, 3.561915189573401, 2.827993074241187, 2.492363067063996, 8.813250424796092, 2.82574394238402, 1.2790044040020132, 6.409100155507929, 0.5077760696830255, -3.481405668746818, 2.0856952248955642, 5.622333586663253, 4.191662559631087, 2.7162986621230925, -5.476742417949189, 3.594864187304913, 7.354231655147901, 6.337865197053595, 3.3995944635655686, 2.8994733523941307, 5.111914180527647, 4.789874985952822, 7.8767504181946295, 6.799546694649122, 2.3200765325533363, 2.2200470232443146, 0.2787116497362774, 3.3858977849560583, 3.5656437879436966, 3.2587035717821253, 5.488086830651867, 5.701350082362485, 6.286833384740304, 4.586715868026166, 4.155839804458794, 4.34980636738447, 1.0920672866215626, 6.103595847858219, 2.7051011796651534, 2.521254908063364, 2.1226012744326086, 3.089745430299107, 9.071755772428396, 5.896091389458004, 8.495011622492012, 1.2015377636945244, -0.5886439736778719, 2.125644630827873, 5.8870712992692695, -0.42297855608923346, 8.875919501445242, 3.4132374824303198, 0.18638720920716245, 8.516660037781273, 3.6950787417069018, 4.745876385982359, 8.804940246107982, -0.728728645216485, 1.4536449549966675, 2.8145608542455505, 10.247219424400972, 3.4145150247192544, 3.9703799792996457, 7.137301424081209, 0.2690605883102878, -0.47652325667145506, 2.199222828054892, -5.3265383522669065, 6.331483763386885, 1.799164409652104, 2.7053730144721713, 5.204096722742705, 8.70927422148955, 10.700942175027235, 5.008056951604635, 9.183622024142654, -2.4509391912650687, 1.9694218092768343, 4.004190830244916, 0.35565873401181297, 8.77744530998937, 3.053307070410532, 3.297303613758432, 3.9001799881318138, 5.470663188454566, 4.490537692939297, 7.214931751309654, 1.3936318021991076, 3.148315948014794, 6.114680154929704, -0.5420832104088698, 3.916230590755575, 7.545459246898342, -1.9219314710039619, 3.9450393556723324, 6.513435149798413, 2.17771248586124, 4.189440760391336, 7.69486510077586, 4.941830911747748, 5.193987198733619, 7.76708521516872, 3.9462534982426742, 1.993546749199005, 6.366001841627099, 2.309929905984084, 2.1228175488654, 7.8338916334935265, 2.7866054337631225, 2.584448023367828, 5.259788878284101, 6.763808465723583, 4.757607217411682, 5.870779130981005, 3.1218540067119815, 9.00648751172987, 4.510650568105258, 1.2104009521287395, 3.839492997222533, 2.5507598517068293, 1.3915973181777441, 4.017742348093649, 6.529111366882554, 4.578414340553799, 2.2291279610613963, 6.529628781164661, 7.5626955695379685, 2.1319708280786642, -5.604611949796573, 3.498944104118051, 3.497783816278766, 2.890529775482068, 6.077682991499209, -0.1511094656703933, 6.248259577910336, 3.4638606548910755, 0.7765103353166256, 3.230064096300764, 8.732452893991796, 6.117026983840898, 5.204697737931598, 0.777898867969039, 6.1976521469767745, 1.6266862290865154, 7.384244319620933, 4.738979604957149, 5.954559311014548, 10.10116505171578, 2.0689309251172348, 0.7173501535752415, 6.9309617891184585, 6.1135538302466435, 1.0532866280018176, 2.4365399035200404, 2.012503726539277, 5.968646467732347, 7.565660647680198, 4.205127615486905, 9.422063096095272, 1.532514195753909, 2.253783904179878, 4.32795212751213, 1.875247594829948, -5.084303542754885, 0.8582994242802049, 6.566926491224099, 6.952386690631262, 8.86981630833301, 8.145075342646786, 2.017329710212031, 6.946057569665524, 4.7425472872784145, 4.881724199796984, 8.464086875474285, 3.314919649293555, 6.707669866983569, 4.337412963102911, 2.2648311418270883, 6.9258172087517424, -2.0819846822904884, 2.6322864042251295, 4.380913659153387, 6.038426077713559, 3.0284616437911973, -1.769341618751496, 1.034003598790395, 3.5752802509256374, 3.1110561848246494, 1.7436612967155025, 8.439039707933274, 1.968967074687154, 3.4448327734678688, 2.460963559015886, 2.145114113106237, 2.794929263292967, 3.634261790798374, 9.078802215319113, 5.7318637669835475, 4.561789726671451, 6.212587939919139, 8.877163754492301, 8.135702292011457, 5.7062424215016625, 5.587594483279056, 7.462257607570322, 4.735441059446177, -1.0475749851484832, 9.446919042077988, 6.426782624711926]}, {"header": {"parameterCategory": 2, "parameterNumber": 3, "lo1": 6.000198445256149, "la1": 58.999992894266676, "dx": 0.5, "dy": 0.25, "nx": 22, "ny": 24, "refTime": "2024-01-29T14:00:00.000Z"}, "data": [5.281923526024584, -6.592365063650907, 4.025058560691727, 5.341222205867535, 6.218388562001852, 0.7054824423081286, 6.330800763298436, 6.642826453372854, 3.7713159879590226, -7.765247139206218, 3.696164472294515, -3.4694813180106396, -2.552304652331208, 0.7241220309146594, -0.9418851343982333, 3.8725140380228296, 2.8984375178059336, -2.647696557668331, 2.847697262908746, -4.969414921758986, 1.3529794161511948, 9.96052434303482, 7.1155986204417605, 5.888929159867563, -6.1686209476773435, 8.743475911341749, 6.564394251686884, 4.670467209713246, 6.841957968345373, 2.562961899121065, 5.516460115386739, 6.282746504772327, 4.453623166535748, 6.384872915002586, 6.500887079120896, 3.9214544722678735, 7.959554703976963, 5.7592985539306625, 3.777141813666013, 2.0828847695112196, 5.998698002175603, -2.816318565012261, 6.2377522505014795, 2.6174385671465097, -3.226309956392474, 2.135280236208968, 6.115050001323894, 2.479364123993684, 4.285208347695606, 9.10276378446506, 1.0072385938261414, 4.287857461413576, -1.9789022737156876, 3.4063279984042816, 2.2539595202021023, 6.607933822176823, 4.403216966108257, -4.279778938226586, 4.471580677053015, 4.341606563211707, 2.542534101109523, 1.6255683939485774, -3.3964431350736173, -5.134809309796256, 7.147767665978957, 4.75287469446781, 6.807848656476203, 2.3388128012338116, 2.4274626559907664, 3.83964814420666, 3.210721605146597, 5.051869844483961, 2.9403609662897257, 12.155218069688388, 3.475716240974232, 6.40549170030654, 7.766253328197513, 10.17827623254091, 8.11001624204282, 6.013499404702908, 2.4394732531144987, 0.4907658481386916, 5.936735808145652, 3.560771697110187, 3.065896372001462, -1.7554808491914582, 3.329056570238656, 6.725975768223463, 3.6337405304033514, 6.364716590930157, -1.959907672095629, 3.9039647655850205, 8.65108842348125, 2.4137785633279476, 1.78528344073298, 4.396262010817585, 10.010129847478579, -6.857339098739298, 4.628905522859952, -4.204033268975883, 4.0945366241408765, 10.403225357910703, 1.231314510042936, 6.117045003965354, 1.1728663746891363, 4.510003568340124, 1.648046802035555, 2.7612872879515047, 5.262568117520183, 3.575980635841668, 3.036211621641626, 6.58681412209983, 8.719310161910572, 5.398279541255053, 4.113480195643151, 5.491550191540937, -4.562090327214433, 4.903767655025617, 3.967749457014258, 1.2905613774622797, 2.157293821006872, 0.7899160128557845, 1.6916767090051326, 13.360086721267662, 4.6718620246849705, 14.17294536356075, 12.204303093970962, -2.5539418012862227, 5.922428250254528, 1.1189901492534158, 6.254499605284902, 9.054209807112068, 4.734580341994942, 3.6885936771924994, 2.6454699845771557, 5.991641262006371, 1.1669216943045184, 9.21513192329059, 6.316858993157666, 6.0724525969784375, -1.3310622687398448, -2.7634913405364916, 6.284297458179759, 4.158530475809404, -7.685403853197419, 3.183072560649158, -4.913248973919939, 0.27162001668931307, 4.372816789222205, 4.298381224808197, 8.925406734134139, -7.9429145564869446, 6.004608765962215, 2.7286244263879857, 6.989544768803863, 8.162174422611704, 4.696516581863939, 5.340041946970909, 6.518276833995924, -2.4553923810289042, 7.5431947934576336, -4.067519099986283, 2.6016474352579104, 4.659899810880864, -2.684750982402484, 4.566597834879672, 6.089418054924279, -2.222181574120612, -8.256959675169728, 2.329937712402678, 2.6619762097394895, 1.6996743552753877, 9.249582601050209, 4.799944028908644, 5.21329748627161, -2.1044798928258026, 3.2399938188771644, 5.1358002806294305, 0.8795351328003255, 5.576366700160099, 6.326101297097656, 6.405522052473448, -3.4610348469881504, -3.315964657780561, 6.2117923288332175, 4.230044964467106, 5.35458029364817, -1.7158804545396449, 3.3392408359736763, 1.7085613701889306, 2.9622825124432244, -7.649565510020322, 4.240837614153582, 4.656009679830378, -5.603571681426491, 4.480015308364842, 2.769119758393121, 4.671605953687796, 0.21556656587948778, 5.616389814597912, 4.148099587588818, 1.7214459286009114, 3.2639398674797424, 1.8641762424241572, -0.354960818878386, 8.703486913614638, 7.239922378410048, 12.361676672057234, 4.625812806241879, 4.884054102534561, 3.61702016960525, 2.877100582116715, 5.416443015933423, 6.994855505094513, 2.6631800738092597, -3.1953214755442017, 7.364999448787792, 2.6301116681719563, 3.486996671701489, 6.163949004789055, 5.4360070213330145, 7.68533352293888, 3.5571586528410983, -4.975195901923161, -1.8179824985989559, 6.274031731426229, 10.540651706949994, 6.767178226681954, 4.213773419988785, 9.388537638351721, -4.382232065992901, -7.919376158357508, 2.0303268041330806, 6.859254059806756, -3.4536344007962656, 4.093320419608997, 5.785088944626634, 7.129577166854165, 0.08598683919305597, -1.0103329638586738, -5.164678502183875, 2.290449646565703, 5.22793134529005, 3.2459826361082906, 2.557002818024226, 2.174141817455885, 10.332981429592591, 2.9253708380443384, 3.09367390821923, 7.851734411522366, 4.757553495795785, 3.2336317024399324, -3.0599436396473503, -1.008633693632253, 3.2647971997831213, 3.992634275502479, 4.405730997656196, 2.6469285497168427, 2.012942595011365, 10.50451154194384, 3.3444142307480673, -3.0911635313317705, 4.382026734955875, 5.622033336953716, 6.728140727808634, 10.411597052284822, 6.821394896322629, -6.570916403667893, 7.968616012580667, -1.6766309395194807, -4.429689388096861, 1.9713465827318062, 0.39497678675330083, -4.666023783712906, 8.012447193182506, 4.862444717372076, 5.510176370063767, 1.8482844590389196, 2.366102040853354, 5.025125145073034, -5.906480120385233, -3.1357442611948954, 2.880441041484773, -1.4876352043437309, 10.461582109416696, 3.463183284572813, 2.780522720520991, -3.1828034860225056, -2.9145199871493674, 2.886156326511068, 4.1205234572545075, 4.236477757657777, 5.455148556843054, 3.2280305373937317, 1.5703888226687261, -3.7854147266961014, 4.067154004080477, 5.292761137142204, 5.35505184874276, 2.3130507831643836, 3.5993063391076396, 8.399398222554623, -4.167836862753539, 2.9921672186384627, 6.0768803916776895, 0.612492705024817, 5.113305230078829, 9.981749127977846, 12.93015695410837, -1.6335514056087388, 4.596994655187932, 10.084323524504308, 3.721910936449301, 6.395346076419384, 1.2021528292315926, 3.0309591657826047, 8.647687683745566, 9.987280058879454, -3.4615922199260396, -5.654953044089034, 5.096690106748103, 3.1438260175341544, 1.8352681031529807, 5.741978234579982, 3.309996828805373, 9.288303968055047, 3.2896848912820276, -3.578104972404824, -4.184495499622663, 9.599838259293136, -0.0877272417822015, 4.214256367120627, 3.435766911888485, -6.841575649179104, 2.3683397050018877, 10.729908581511719, -0.14150489056430693, -2.858634221268062, 3.2295789954341543, 3.1408491403161998, 5.079229104622615, 6.4183722874854725, 2.086629801737077, -3.481964626501875, 2.970726231844352, 9.719003024001934, 5.431884479856181, 3.379029496384258, 10.609972809823681, 3.265313068476739, 4.706140341756678, 4.214480941902518, 4.6070772307278975, 6.079962320443215, 5.095360312985165, -3.7020913610798902, 4.108007128877483, 3.505959126172009, 1.1578865673074195, 3.0156469658115483, 6.298586145058374, 7.693042160719559, -0.7994564104736995, 5.766822424256509, 9.809849521487632, 4.69018010861909, 11.07882881494068, 1.8005856789692727, 5.798752247375738, 6.435454781287248, 4.459943007711166, -4.810413843695623, -0.6510466834550441, 5.058649519168913, 3.962209696196716, 6.938345576355707, -0.6349780482518366, 6.475692669069652, 2.8433559990046606, 12.855810554432567, 4.698025217798458, 3.333841370550299, -5.3357826362224685, -4.365689262295835, -0.4170982696383574, 3.629084259719292, -4.348247094646209, 4.848591686903376, 5.9072582688144655, 2.0181509599483127, -4.643947804326373, -1.3224555217726857, 9.675928744175343, 4.52281706163646, 5.840198795813536, -4.8233737932487095, 9.2089600199379, 5.286855821082105, 7.855266878891937, 6.200216834252416, 5.07335762545429, 4.3258991050257265, 3.233961285432446, 6.480148856887952, -4.083685566913522, 3.434615957208717, -0.15841599248377528, 5.810527662852464, 2.4648910496503125, -6.968856333764136, 4.525853473902702, 2.5427146828174045, -7.197334512841913, 2.899569915507891, -5.236815136055256, 7.846903396832533, 3.758129650749203, 5.3177846633557255, 4.5170481953753265, 4.670675142196787, 6.696863601376555, 5.018594277145362, 3.373969855803953, 1.0699321160997848, 1.3630052606639407, 5.934963073318332, 15.29136564603728, 10.503503112850265, 9.405891399402735, 4.3103597764239945, 0.6379875455330773, 5.094198887313739, 4.562855893756622, 5.127885772073229, 5.425097958281251, -4.028572068557325, 8.35165997255593, 5.79464820277702, 5.755737151682722, -1.4310472966066001, 5.265531509440124, 4.583311039046908, 6.330651593022837, 9.016865031954143, 1.8094664065324593, 1.1285228146999222, 4.744964809799849, -4.754289094604116, 4.757461321765141, -3.8508161887818297, 2.271243071444997, -0.6577357872027847, 3.818888625850918, 3.117664839589889, 4.885345680786395, -5.367737453459124, -3.31178279789465, 6.630439830609747, 4.4102965664010485, 3.721781208192163, 9.358536247994133, 4.423367074193493, 5.789065948039989, 12.769111266443861, 5.373097290091035, -1.1786240461855253, 10.190581684361094, 2.5833744637633016, 3.2365226368973397, 12.450866157103608, 1.2113716387662272, -3.0984780483386527, 0.8957020714049932, -1.6819641092876267, 2.3275333303619643, 5.860030942375971, -4.55047707013647, 6.166334123425349, 0.9914676053074075, -5.267826253049935, 4.503964954685765, -1.402420443066289, -5.34433571564047, 9.500116400720708, 5.051812187716208, 1.6555911666988314, 4.1567313295595, 8.17288338760303, -1.4498728445106785, -2.9416192513034565, 3.058932072013268, 4.066578325204841, 6.931518290166577, -2.7236344485338226, 3.313522961257512, 2.761883839388711, -7.371482427079806, 3.13596232715599, -3.3129729389949913, 5.529632155109459, 4.237478453073202, 6.0648620950820105, -2.975848029243427, -2.330650270171373, 1.547498119284077, -5.077645372089235, 3.7164317344309077, 0.4257426227006329, 7.524171142782436, 2.051190906417072, -1.7783697020927274, -2.5661255511235392, 0.7477325718060606, -2.7192037476441455, 3.4304226810353207, 9.784187984949902, 11.232610645015997, 3.3359743468796377, 3.639327638368775, 4.749506499019187, 5.86727903057761, 1.5788945397510865, 8.188996447182175, 1.4123221554196743, 5.270211760445783, 10.099316739502484, 6.066319401410226, 4.240540093657704]}]