script/wind10m.json
{"header": {"parameterCategory": 2, "parameterNumber": 2, "lo1": 3.000054539987559, "la1": 64.9999836372058, "dx": 0.5, "dy": 0.25, "nx": 34, "ny": 52, "refTime": "2025-03-23T20:00:00.000Z"}, "data":
[rows 0 to 23 of 52, columns 0 to 33 of 34]
5.517007551235041,6.565992766745876,4.603603889123464,4.735859708614541,5.532827767497352,5.537296283122215,4.737974117148515,4.949882015575651,4.020766041615394,3.2311416185922943,2.4234571795422473,0.9416608833921476,-0.022037115754681803,-0.7641958936793011,-1.745783014283701,-2.4297959985560027,-1.4829970822321434,-2.081953513269454,-2.802277995741116,-7.23905103770631,-2.955778519236017,1.4749828920288635,-4.4642479187104716,-3.0416260597853055,-1.5648749441245182,1.9498467796725434,-1.263960610376848,0.13910699132151344,1.2138403998350344,1.105002124435721,-0.8662269377519417,-1.6193257165421957,-0.7195692692639851,1.3134448299047
7.05413601483369,4.928217189175402,4.677589464539494,5.009487338295064,5.02804112149629,4.6927263092336045,3.9786599097092723,3.9682552926338857,3.8079859222700736,2.7103655444868657,2.4721135371006486,1.1251259259417947,-0.02380417180446281,-0.09748703772741088,-0.5906085364001575,-0.907253088168725,-2.7844348019511567,-1.5468393929441018,-5.039373975030542,0.03123312881806281,-4.5456562542222745,-1.3010176702772926,-0.4519702286491819,-3.49277101006485,-0.32359120375313477,-0.6899463194885203,1.264795365373075,-1.8249884143236443,-0.4527027860090916,1.8285375161915227,0.5502655018753885,-0.9804245817563324,-1.3887796874003118,0.8278436681338633
7.146494465026493,4.800385455712996,5.211982223537174,4.9553523085338815,4.676531571179223,3.4072054768286137,4.513869466280799,2.9782110277964517,4.35044584218081,3.3904161086238056,1.2541836211752286,0.7237905885370077,-0.7455205038232,-0.790369820146169,-0.39698269000125114,-1.715695134320801,-0.024684637316754823,-1.1889347279039957,-1.8328768454119377,-2.258333602103697,-1.9922177819834825,-1.57510692244727,-2.031444660341674,-2.4393309735286395,-0.9640694714733079,0.09352148895577664,-1.9000295053420588,0.31751599201416375,-0.11921374086130429,0.07072780666464425,0.668279202147759,-0.3648001314634441,-0.38449146036922943,-0.024410353375601133
5.268960411256884,4.96350537187255,5.452037932268587,4.397737651011316,3.49645454807479,2.9215845448634985,4.397729741799663,1.3491148465021272,1.6135257577766213,1.3600480757311524,0.11783804773297317,-1.487353084759284,-1.3568075074597075,-2.206244926663368,-1.9721302635755744,-0.995552594525474,-0.344996936612372,-2.2313020726174453,-4.846117408997569,-1.3437981609023955,-7.635931862105534,-1.9189113169296563,-3.4484798420532154,0.7546353326795889,0.004070790084336714,-1.8947716808974833,0.1703764537871653,-0.5823168913144102,-0.9516190295305215,0.30544330231903544,-0.26830189156706075,1.3682685725789974,0.15187627835775067,-1.2319977556966126
4.570452994976172,4.911082006186891,4.901150012670828,3.950816740760092,2.2263026483313726,2.651743454138847,2.998708779480792,-0.5589846696335949,1.8271330598311464,2.293042416111644,1.2989797408043473,1.974660268302681,-3.0048944094495846,-2.8058497305996,-2.757457073361099,-3.4657059097738236,-1.0752302918691954,-1.3808558112119778,-1.5302740281737015,-0.6442857129213355,-5.581961574854374,-2.613834649669447,-1.403819958186992,-0.7009027696489049,0.6585752712954478,-1.0006600238624959,-1.6424856668205823,-1.660158398772653,-0.48881283298045947,-0.6999708685079958,-1.2163214571046495,0.1653798008492365,1.0634457129491457,-0.47325028971488314
3.9458886663107093,5.0221339525976205,4.098399815435773,2.9933728046258783,1.201838215580714,1.6990564533949715,1.811050231778321,-1.2628744371275002,3.728032713139427,5.04243569307405,3.3966356855782402,1.2934429454598435,0.18708844795694168,-5.293493161520109,-1.5979570409698258,-0.41778427615325225,0.9452129827544599,-2.5604510487603793,-3.838848807354312,-5.847452483110957,-2.445579545780206,-2.75037308996541,0.19315539025669065,0.28932727764569105,-1.0638911364693295,-0.5804939377164697,-0.9121599725294519,-1.522847860397513,-0.7580751911966015,-1.2207682168074137,0.10827932752783725,-1.4510706194076366,-0.7408141265907261,-0.1468279385330734
4.124961023242943,4.619445610569004,3.676974714286878,1.087354595067909,0.8563153951556844,0.8355067872369417,1.7742829473930772,3.623417112773017,3.3543858922667895,1.885446873307884,1.5521451112404951,2.7640389009056032,1.1335215903282614,-2.124753704759574,-2.910740300127274,-0.13389610067201213,-1.9873892952606431,-3.455098233340331,-1.8015170207905014,-3.41560095461417,-1.4120307476682044,-0.5733023989559568,-1.8420808323011,-1.9255161950684667,-0.6365459040946441,-1.0868904260384418,0.2504921414794478,-1.2788463145200797,-0.7876396235028902,-0.1416671284788163,-1.1851357793798463,-0.10205860640091545,0.17675216289254797,0.5989487637850704
4.542930698654102,3.71659112837156,3.6765425065015176,1.2645992235591565,0.8647342563940613,1.6088450191833852,-0.5408387156954045,0.7102738675976896,0.267892396945113,2.3014957437119823,1.3134306056469258,-2.407523892218328,1.6470832325624682,1.0791794342753325,-1.7175560527772327,-0.4375816969303679,-0.2842980940386898,-1.064610369829571,-1.1827342278061852,-1.3131122905978623,-2.3967362310978353,-0.524055747914502,-1.689491345388283,-2.010774860635423,-0.7734231662331887,-1.437241377788083,-1.6608529433113455,0.22675589669451754,-1.123750937757098,-0.9598253856233432,0.22354570173341531,-0.2611824621022994,0.34174059313786614,1.4800028381188328
4.178865632128671,3.157512629935374,3.7168938342692743,0.23253224007064532,0.3910806632757134,-1.7199962901118173,-1.6465017372641635,-1.345934512978063,-1.1289460296422607,-0.11872265179176258,-2.207746453444332,0.8286756674095956,1.262800873666743,-2.854208456908531,-0.12303084389202569,-3.2465516922175963,-3.0663827970995348,1.4369611205665023,-4.636586575838709,-4.313992231868847,0.977014641361105,0.17870789540789783,0.5001252713389297,-1.6487574936796485,-1.3967856397127896,-1.522118939755357,-0.7570718053389994,-0.9572390290535481,-0.4634222039685921,-1.3488678458766055,-1.027997092818498,0.1392514308245459,0.5708013599207272,0.3960231756681472
3.444279734865953,1.7222300033723907,1.799455498011084,0.4440444709631453,-0.1797588839974578,-1.1568249427904034,-2.842042220602369,-0.5324130106784533,-1.805845182434301,0.5058255994799546,-1.6001874179908282,1.6281383321881318,-0.4121083664416571,5.717743937482848,-2.7418342942395193,-0.26206972054876504,1.5345922248924586,-4.694548553690907,-5.47651767206527,-1.6426972873208936,1.9104532654040114,-0.1664624350603896,-1.2960290763852125,-0.9299392084325375,-1.0738892860474794,-1.3853805445181198,-1.054345065360849,-1.5404338162265079,-1.747382964013409,-1.759834455387754,-0.18581166548832012,-0.6352568073692,-0.21382979252913978,0.5029108066858115
1.3806385318534518,-0.3040464251938266,0.3907149932217269,1.9968577191967902,-1.6398675283882103,-2.6726780415947973,-0.5573392438582551,-2.5086020636647284,1.2562369946227563,1.6694579424882101,2.3663230740750127,-2.874151857125393,0.5240058169101344,2.920175500060165,2.731546491564205,-2.956240391798341,1.4689789039768477,-1.73049022451535,-5.229357048213736,-0.6294563951136282,0.5619914601868402,-0.6881681923903721,1.0028604400241372,-1.9727840718810046,-1.4707195712527275,-1.2497989940455188,-1.8636213638269783,-1.9629560081658874,-1.384443700573266,-1.8873527483870542,0.6055057354274044,-1.2199193482652366,-0.39755200633593146,0.8294988758750985
1.034449262136022,-0.18477646484177354,0.6711736225808622,0.10264609634204257,-2.579558421458006,-2.738893475246513,-4.419005291617417,-3.455016458632261,-1.6457978600043683,-5.104739717982528,0.09373723116093613,1.4325590109775708,-3.3303856626735486,1.9778712703291392,0.4866643535119514,0.29072758450860414,-2.224535454941015,-1.4554003183116968,-6.069133054114229,-1.2614862930370458,0.126455146304365,0.7044856361293599,0.6810651083030612,-0.4342436085319298,-0.22509910957878712,-2.0287794952715195,-0.9385082724466464,-0.39529427369403347,-0.7893346375107546,-0.36905719762258626,-0.3304980068605611,-1.9196489703981654,-0.8351840994315305,0.8237198937136483
1.2599651681921187,0.6866226210773698,1.1563418050251302,-1.4134922400569234,-1.6174574581501302,-2.112424407650425,3.070473628481711,0.06473285233275362,-4.152029678804658,0.4907042561078319,-1.2736825482703071,-4.958839269908859,-0.30174118198104644,0.6101518821906163,-0.9933346466328372,1.5303835835146693,-0.8772038173775898,0.11350604071309285,-2.772753401536381,-1.0455417260576312,-0.3977367689190582,-0.1090611822461145,-0.49444894904514525,-0.8995327321944062,-0.9560948338486432,-2.1400974382711953,-1.8658706790995332,-1.6946998641245268,-1.0960458570576828,0.5566095306037343,-1.7459145849378441,-2.1125688400203666,-1.462516417099511,-0.203490784817212
2.2288165496508463,0.9890980495829386,0.38538054940108135,-0.9484313873978784,-3.44729197580888,-4.5359232705096035,-3.3312788613702793,-0.896132663053561,-5.233484034630166,-0.4497926261659051,-0.1859716171492781,4.195172969899891,-0.5507082564174111,-0.8295527157151666,-2.077927890931883,-0.585338397165096,-0.8792062768674931,-1.3331735403172476,-2.0257756796844064,-0.3471019514026332,-0.8611098612940549,-1.1673119034268868,-0.8664643074410505,-0.7099770294006457,-1.1221015596659638,-0.6351793952311531,-1.2828169628004442,0.013250347478455191,-0.6990269965833792,0.04528128645090255,-2.5110167148570954,-2.0534355377609774,-2.2276250553805608,-1.3000674767248308
1.516774862593692,1.136623450279574,2.0662927713789214,-1.1702516322479057,-2.9529130273320505,-3.877964757493309,-0.06929020642735478,-2.01596237434162,-4.347157048618511,-0.9592705377547468,2.0804482105294047,1.233366131546246,-0.10564928831039291,-0.7246174477126494,-1.205532731467672,-0.39205347116370126,1.1969434477064014,-1.014715026446731,0.18547030888095667,-0.669057924438143,0.09518684499671902,-1.8009879565403406,-2.456632560731496,-1.598351869148069,-1.5607442201296298,-2.3172112685309116,-1.6743705717177073,-1.194538823402951,0.04475497605783019,-2.343906089649967,-2.365095718261718,-2.370361577811631,-2.780255469187088,-2.4252663650874053
2.7117423025801974,0.8551703318231837,2.8629062111358534,-0.5145612224005691,-2.4340088766450125,-2.2873030766971865,-5.460567965068005,2.033315912017871,-0.06858861318878168,-1.3733442208978734,-3.49565644847473,-1.1660642837441586,-2.575976992524153,0.09171548805362285,-0.5676716624822449,-1.8233794196307471,0.9473750139851429,-2.77173457853147,-1.4236923667329355,0.29510943310395743,-0.823079917849902,-2.4705962696238566,0.18760001456131012,0.1595891209449406,0.005448967947931691,-1.9056749421988723,-1.6833157324021712,-1.593744970726679,-1.0111796818011893,-2.848627996489828,-2.1332430514356564,-3.2944496885021257,-3.256409473919105,-2.864067508360569
3.625012141815288,2.8449084133454847,2.3163441846083304,1.9323239326728823,-2.9181903868348944,-4.339706218277408,-3.8601174794879456,-2.1721305397480175,0.7317206238674943,-4.080006495477282,-3.4319116742821842,0.9253336925772262,0.5855602680740738,1.097916573056505,0.45122707077134544,-0.9696891331139935,-2.2121998535939125,-1.4653965295646534,-1.0930962423641801,0.12390374572176961,-1.0835481169684678,-2.1396250088485504,-2.160326041146342,-1.3783545906902974,-1.460420516046595,-1.3333328108282037,-1.4831636378284243,-1.03418001454885,-0.9984410088848515,-3.4187757620145502,-2.5988913967092904,-4.168326310706659,-3.9271843066731633,-3.3348112719966703
3.4509051820618515,3.1951745932602615,2.724675699060301,2.399402339473516,-1.5614817245403663,-1.0192285864517394,-4.442971458484568,-0.8666083147864784,-4.087175172137857,-5.1002074808394005,-0.8549984530629482,-1.6492960156763248,-0.8665070996630483,1.3308605532771476,-0.6556025731624965,-0.5630121357892748,-1.7081072856709711,0.127495763486467,-1.4340949593741859,-2.413543976560521,-2.547417003623337,-1.5832041384551352,-1.659605838289468,-1.0125663420529893,-2.0657776851635052,-2.0992653265265595,-1.880025179828616,-1.2001618204241673,-1.193368943227048,-3.248381932842718,-3.2701879552791584,-4.912079026805055,-4.6295901836004125,-4.214076257712491
2.0006615350540455,3.1516613668371063,2.750167703693926,2.980152604348208,-1.0667517856372954,-1.2420470609789849,-3.924246969375202,-3.576798442152558,-6.851807615170079,-3.1966876284288515,-1.5799271665676784,-1.4750144916131298,-1.7824713560913175,-0.5873829259366566,1.435957308643875,-0.3453811049013511,0.24697072880665258,-1.143508816922896,0.34881260794005897,-0.7751470370572802,-0.9780308504121004,-2.4840352379968142,-2.1839451387539954,-2.3231691760477933,-1.925195960932589,-1.7285798257348162,-2.1846250090719708,-1.5968161798928757,-1.432512415485662,-1.5269568947267613,-1.3256146374483988,-4.29833860034257,-4.862182475859293,-4.160506779798912
4.311071919148092,3.6062940802816947,2.239473573947055,1.7255548264776264,-0.8528120506789262,-0.31090551919864606,2.0950965978099783,-1.4998535866568266,-3.7909706388130857,-3.162682820087822,-3.0928207203838345,-1.9797545530042924,-1.1492534206106582,-2.1728345857092988,-1.0426520542036255,-1.893695200509796,0.08430642463597192,-1.7803155539745632,0.4820916392552084,-1.5763713337764302,-1.1217693540660167,-2.6042233994013024,-2.7426775256630145,-1.4097537511019491,-2.4529538211992223,-1.655422664285874,-2.0829221729560743,-1.9860764487911111,-1.574684242330839,-1.9169425539170604,-1.6508128340625594,-1.5878422609328489,-4.804768199632999,-2.0009966562963335
4.712291581144969,2.907089636081552,1.6604776784062762,3.06734790921773,0.24027246471795036,-1.9255845014286097,-7.259368046540753,1.82515783941531,-5.322891675806348,-1.8744659380897437,-3.9567536158713374,-2.595831818009634,-1.7049617133379333,0.29154519712835125,1.0001277465639706,0.3293877111604901,-1.4700186397111101,-1.3800390185399591,-1.416375421939747,-1.8536333021460418,-1.2757354340178926,-1.7526954436351616,-2.3761840524355033,-1.7864955689121451,-1.7207650708501054,-2.5080912000658504,-1.582444110388479,-1.7129870046979059,-1.6879864221645815,-2.0792818728543287,-2.441407398436116,-1.9673864866361253,-4.894721945240523,-5.657548736918667
1.7155266040914807,1.3112834321592577,0.8421595699300912,1.7278024715954994,0.6280945870923523,0.7735731236117298,-5.05372599029037,-4.939085513904152,-5.973066813690665,-1.2230025789884191,-0.7624335799098961,-2.855236457070892,1.389153809150371,-0.11067658081295978,-1.6311732656184443,1.3845259823213696,-2.2998694387756586,-3.092024588519862,-1.800179117247754,-2.5054743139116766,-2.317679648839894,-3.2027959998073987,-2.731046286877381,-2.199063353417234,-2.281723669951495,-1.7488449045694758,-1.9696085096047988,-2.552858342025174,-2.470282143857763,-2.536067077630959,-2.4187937894725664,-2.45305948254492,-1.8946209591276888,-6.093387649135915
0.5182514311334644,0.23406280770051055,-1.0135948876883163,0.8190532574288687,0.1419891988389463,-1.9465797984228306,-5.649856267898525,-3.9978297665861997,-5.175015488467195,-7.197715713074001,0.42120675311331573,-3.361622309004254,-0.08840622301190926,-1.6630714760384113,-1.7603930143402244,-2.81981198463727,-2.4314956807487578,-2.5643365653881705,-2.2341444830245516,-2.6223889310320394,-2.670327949263441,-2.569846190508399,-3.3208896616493164,-3.1594341786633184,-2.8422915425878768,-2.160555029118563,-3.260494937169349,-4.14591995892264,-2.274707619544812,-2.5558036524127563,-2.7962850924223415,-2.8950710748138158,-5.785276255553804,-7.204577681613489
-1.2015044955387177,-1.9043763998254073,-2.5151060258792985,-1.2346968926510602,0.9557861144953774,-1.5352826616339965,-0.9436334975811794,-10.967489616950001,-7.161040603759919,-4.580771841212852,0.5278267086133129,1.759075283270598,-0.5192460901715067,0.33663214412277126,-1.3993125831670647,-1.8673954581983545,-1.886628405203608,-3.849387975384041,-3.060515653652696,-2.6423122798578706,-3.1684951330140394,-6.604693287982428,-5.100639399464008,-2.909368327837845,-3.355467540178558,-3.2285257771650304,-4.7126083354500015,-2.072802670078776,-1.6333778680225763,-1.9666222850365285,-2.5516659086031614,-2.39408309365554,-7.397854789408311,-8.097210541564204
