script/wind10m.json
{"header": {"parameterCategory": 2, "parameterNumber": 3, "lo1": 6.000198445256149, "la1": 58.999992894266676, "dx": 0.5, "dy": 0.25, "nx": 22, "ny": 24, "refTime": "2024-04-18T13:00:00.000Z"}, "data":
[rows 0 to 23 of 24, columns 0 to 21 of 22]
3.179895125350909,5.091082050871693,3.305228192227737,2.3576244363840737,1.1908462492838945,1.9602915997796715,2.8911602619739596,2.6334958522584877,3.554243513054676,2.0704788829244194,-0.7062645022550353,0.39372173586727355,0.31790359845218463,0.3620987118770603,-0.10874246773308356,-2.976959821945142,-2.574217170118014,-1.2550723634325578,-1.3506666499802271,-1.0813636493958407,-0.17121653098070816,-1.3617037341848368
3.4822883575699075,4.825821011836718,2.9119792454554343,1.935139416995154,0.6204643941440138,3.3723485040599868,2.551833176298567,4.098032476931011,2.6869194303227024,0.5765772161482644,-1.3918798140808233,0.41983797560363617,0.37951288459271476,0.10315162584515787,-2.2296487979536876,-5.251698789826103,-1.1779522182879085,-0.8471898964596524,0.07497326219291188,1.2937130424813685,0.12814973080926886,-0.9485524026894836
3.805236561533882,3.364454473579168,2.502348626243351,2.2510242692318747,4.150899622389896,2.630929945834362,4.120867482187453,2.807888915564901,0.7980848678321582,-1.1158730120569234,-2.141747842548653,0.13264853038678134,-0.4786167763055015,-2.9583004108808066,-1.485747823681696,-2.7820904264606283,0.7182882745014866,1.9427850136234763,0.6814417039666605,0.47686524809199676,0.08256828478528921,-0.2156167597839384
7.0196773968334485,4.38646349377824,2.964150088111414,2.7730992950722038,2.950600394342548,3.550247190673329,2.7004088740569006,0.8584350658690687,-0.4977093621995308,-1.4194879826496585,-1.3705782976803236,-1.251079022457561,-1.4572758208527374,-1.9911224322983725,-1.7851234401356544,-0.16983310155648662,-0.27879052862274467,-2.422148441729455,-1.4745480045500714,-1.070243589671893,-1.1437259808385591,-0.7667869555279796
6.392259498610829,5.3513014357608535,3.7209360909992473,3.9815311299835416,4.035779081401272,2.7488735349139883,0.5245607618880473,-0.7027479550739226,-1.3812960574170745,-2.1667261748136073,-3.062138692894563,-3.1238290317201804,-1.595374732320144,-1.6608223200182937,-1.231116100925134,-1.6521437158427528,-1.9165185342092796,-1.1318331225519531,-1.6036106946790416,-1.6080541049646022,-1.0678413972760192,-0.8775206428043405
3.9374361658316395,4.493936190428563,3.7198270577852277,3.4623228358747205,2.343888961003036,0.7984315952592447,-0.9896516910147499,-1.5592386267000704,-1.9363127518121903,-3.2106030089127984,-3.4556925874026625,-4.807480727530079,-2.21334046810508,-2.134450173033625,-2.7253593746653646,-2.306297910863808,-2.868800802754238,-1.6014855726502786,-2.0432937124669186,-1.6523714768366602,-1.4900252445901676,-1.6115029685203526
2.101665489395123,3.610464556243734,2.628605852228592,1.8757904421190763,0.32062082724270646,-0.8575962307049083,-1.9914931792823483,-3.1335967094335864,-3.4920934632262473,-3.086263691393339,-4.206158854108808,-5.233999332228106,-2.756108290017776,-2.556489411300063,-2.4832283914992876,-1.874607834910142,-2.7121811991068063,-1.9539082810090957,-1.8975445214842708,-1.5356973415799609,-0.6901736424935362,-1.0972265442245475
0.0991733302272268,2.0476926754258096,1.3556585572449507,0.43116110397254964,-0.811652945542747,-1.926922203213716,-3.3638166686270274,-6.463769834508293,-1.7490220259657812,-2.7113140074947206,-3.5292568674285807,-5.808277715367064,-5.042813823123461,-2.7784074071219167,-2.8675626914397867,-2.727457472189049,-3.157325828063992,-2.1547241221507645,-1.913193137948194,-1.2666257352796972,-1.1277539325945816,-0.45927414792015264
-1.4492507589356798,1.168254924193714,0.15266539240829483,-0.9243641873423971,-2.842560911466919,-2.7948237244437326,-3.2276643850921123,-3.5102868871224,0.4663746413494089,-4.585859606535318,-4.205787952838925,-5.507523506373926,-6.033041318515152,-2.3227798203575967,-2.817745330778113,-3.4268153346704127,-4.147008685964712,-1.2330974678878384,-1.4527376491851427,-1.1500866884994971,-0.32112782089688785,0.35846007670252705
-2.4678062567728802,-1.802230831270508,-0.8847344359882208,-2.260248056428481,-4.254436271552307,-2.0680051840531233,-3.17019427526855,-1.9234780642896114,-0.9285170480875312,-3.968904237492241,-4.369549904394653,-5.188171314584755,-5.02242955467058,-4.504759517232405,-0.7500274579984535,-1.6392283429285897,-1.5164460064273853,-0.7809554631870559,-1.4569616192669936,-1.8470415538013354,-1.345159329589226,2.7585507262680395
-3.1927588073111903,-2.726777491401394,-1.7621693782977015,-3.049331506357706,-5.4663433702049975,-1.9538619848914844,-2.066403261842383,-2.1503055875467494,-1.8742458752701192,-3.671371919870113,-4.655893672639592,-5.1642283985354,-5.048192017469621,-4.435573254077244,-2.2677976892870797,-1.3267663604192992,-1.819617905579549,-0.3305540924400903,-1.2407557736337338,0.9641664353885203,1.591572405932357,4.6319418466375435
-3.8008146941124368,-4.338517272355284,-3.04156397219725,-3.0438281299317724,-5.259790614098185,-1.2276177986819274,-0.9639577909684462,-0.7942552934455409,-0.4444949690003746,1.4647424006549294,-3.162751945645185,-4.560593912269269,-4.699015537154236,-4.283849026176238,-2.0476289870373856,-2.1779760032615663,-1.5371961435185306,-2.7362328191799516,3.0945750944526957,-0.22903944377888724,0.5972558226277612,4.696604878083341
-4.055572746847501,-5.096233518904736,-5.352420077946034,-3.794869724865805,-1.8374836389437819,-1.0903470273553537,0.37837650919449484,-0.48623114559259867,-1.2899326798483208,0.34169717544343514,-1.1900354593345563,-2.6705572612870085,-2.9878430400493112,-3.117447134120326,-3.1305891334110165,-0.8985612751003486,-0.7461949379861683,5.189521451025891,6.962159210146124,5.5063408654606985,4.123592316842861,6.256983182205548
-4.013281149661793,-4.8641753232316285,-5.165488892115425,-4.460134470681318,-2.728792336214411,-0.112874221884275,0.1095833658305092,-1.5296924723926506,-1.3443711153566618,-1.1828812332695346,-4.20881955719557,-4.258818012400627,-4.283745227800607,-2.504048156129714,-1.6441232658420535,0.20862412067699465,-1.404762083819779,5.3142033267549715,3.621546046195984,4.8549376234486905,3.91306572933017,5.231339002173724
-3.895457199801532,-4.440090257142738,-4.900819473484999,-4.344697026240047,-2.8222797821787053,-0.24234515192570855,0.5470402924194224,0.19343071026476444,-0.9933880177925535,-3.348991232924711,-4.106531976327674,-3.4250434584316203,-2.1443432938987166,1.7634879763699294,-0.12801924716523735,1.2332578327491073,2.2747441893307765,1.1591333236411892,3.4997637604134724,1.7327124390785271,4.942997269438835,4.706284727092628
-3.7006045875962035,-3.9035185147276485,-4.176714068315783,-3.9124969866198565,-3.052823342697827,-1.9699053810270235,-0.43356215422776073,-0.2299146613845402,-1.5347249079791607,1.5639496655320628,-3.8578325311637336,-3.613748934518069,-1.7811464583135044,-4.243642395382902,-0.8324682268634611,2.2176387323438975,4.458810727246322,2.9106326774146005,-2.8144250700843787,2.588318399936275,5.10346473708663,4.662659911967623
-3.5597834939048005,-3.635979367218923,-3.262793247179255,-3.1692115103738603,-2.9410541262864807,-2.707942944171601,-0.9490109443277257,-0.8804341584579342,-1.320679921367492,-1.051770159436742,1.9112116785736641,1.2749660493044395,1.0386817902187824,-2.350798207671224,0.11150532586433501,3.3057071882913887,3.202864080755328,1.9725345140898756,0.8578612053323078,4.3894869909720855,5.041934106391207,4.427611658935689
-3.256917741705885,-3.6079035206116434,-3.317952996502943,-3.462347174697768,-3.9601873972772967,-3.0011340075085617,-1.1043374572248539,-0.8068728442994739,-1.539842482122153,2.092444974425761,2.316174995722536,1.602895044584498,0.8238759169423929,4.024574038092756,4.9876879234948275,2.1468182609293995,-0.22466770206339134,0.6770823099448824,0.8623216933518144,0.8215155613426506,4.687164049847908,3.192605312463077
-2.882485213979637,-3.44318780199488,-3.388205645927669,-3.635402733079964,-4.258525897501602,-3.6738704705645295,-2.3165688859021683,-0.7777627557687824,0.21005905244001238,0.05545605160716816,0.5580148885836418,-1.2528808638513127,-0.5241870542774631,0.8528069628370946,-3.5314394228287735,-0.606522671811042,-1.1159885237074154,-1.472329398686898,0.12188456643134732,0.8838623780981267,1.4879737012091212,0.9134776087368489
-3.0427324234220405,-3.482413334383921,-3.6889476248209103,-4.055296489785007,-4.036194949152703,-3.643136503284301,-1.609816607319671,-1.1081546984070039,-1.6825189338517106,0.43445281337741815,0.264971634451673,-0.08308735215691468,0.4565575758770124,-1.118600076560796,-0.7689891203289714,-1.6662256859185267,0.12059873379538164,-0.3162209177787114,0.00806633498361233,0.7499362807069553,-0.6729457365309838,-1.2989894040011056
-3.2796800441468204,-3.621657535938327,-3.5401099622248076,-3.7385871703223263,-3.7180218157579508,-3.5615180871710757,-2.0612911475157514,-1.2071115904931453,-0.8544386074824545,0.10683890002432922,0.7713959123807341,-1.1430107275589212,-0.9953040126181584,-0.4991238881065385,-0.665128454887912,-0.48356906456653004,-0.7314788384931918,-0.02680744811065391,-1.5948664835812125,-2.337409399449448,-1.9723511867841614,-1.0324729938815644
-3.3873844872307206,-3.584019703477192,-3.3683211100964607,-3.049867574727861,-3.9037705052714617,-3.701404017100119,-1.9496564525560554,-2.029633219797405,-0.28171145341042925,-0.15594433567906837,0.007060615160667951,-0.8364160376898331,0.10124201623964085,-0.40258274957873363,-0.47490705701278235,-1.3837087709444664,-1.052430611297038,-1.975027999107436,-1.9553803832967427,-0.953110434853279,-1.3070921284791404,-1.6236707380574809
-3.4171706444181758,-3.636102592940761,-3.646476780892829,-2.233310915778279,-2.3969033411353093,-3.1130051513029957,-1.9873786118513022,-3.7886838047582114,-1.2211081073628771,0.5835506089564056,-0.606970063010795,-0.5745260298509794,-0.07064262600665633,0.057340199851868,-0.30866601796091503,-1.215414045347034,0.4594091970487817,0.8302498497104686,-0.6877763025756044,-1.0776437057372381,-1.5351011620201427,-1.687377898893652
-2.463153851204991,-2.6627661973032697,-2.4775502883364493,-2.4984634451264762,-1.8230776503783648,-1.77037193604577,-2.0703947195583248,-1.4174728932752036,-0.6578944419940785,-0.4477818038041703,-1.4692170786601872,-0.8893171965423737,0.07126908559810356,0.16914030024554322,-0.8216062711491451,-1.5231997711444214,1.73876789261695,-1.2151819338461076,-0.09324981872855222,-2.0087352203436843,-1.5196951555263027,-3.0739790903495847
