script/wind250m.json
{"header": {"parameterCategory": 2, "parameterNumber": 3, "lo1": 6.000198445256149, "la1": 58.999992894266676, "dx": 0.5, "dy": 0.25, "nx": 22, "ny": 24, "refTime": "2024-04-27T14:00:00.000Z"}, "data":
[rows 0 to 23 of 24, columns 0 to 21 of 22]
2.52458145167079,7.711257509791695,4.963904236507051,0.37638666704510704,2.3803819988619868,6.821146294725606,0.7906649855201415,2.700638291529654,2.132383408162555,6.735877840072645,-2.0121082051672525,5.490341465337427,-1.5663722045446038,0.5487189472696039,1.8822078439331362,1.135585134385112,-1.0591500032791388,5.524702377491672,-0.9701207750821469,4.689796148218076,1.7072723799785545,3.0371543496621745
-0.44557480523032683,5.238502459191879,5.562439766964306,2.665726117029167,7.684007241818757,0.9577091355291049,0.9903612698957837,2.207520641875047,1.1660264031543748,3.111465950015738,6.080089831681235,7.0750539671911925,6.460524425166015,5.152297193423641,-1.4614122943445729,6.405498250330082,1.5915683094263051,0.75461731989974,2.254927113810838,5.586094895689602,1.4582530914206218,2.483222229339614
5.868007689888018,3.0497911204006947,2.3811342352599922,1.3821394548031263,2.813654746274978,2.3755015709591247,0.687947492392163,0.7936519993928408,8.360126595275204,2.1579741158476793,8.56424685889835,5.79256636463803,2.0779714742371422,3.2422920601370335,6.4396829174709245,0.6457805623395777,8.21134895668734,4.769385043068019,4.511629617788028,6.017992209003527,0.14819079968227608,2.7427517110697694
0.28704696384887585,-0.5818944487350608,2.7140273414071316,5.663240969784645,8.107833852802667,6.308948754027809,4.068141159261593,-1.625674330486815,-1.7584888282101763,1.8775102340483796,-0.12924201025769894,-1.828482450829182,-1.5196012434375838,2.6864751366668966,1.8310559983243042,5.996178530643358,4.864697675513961,0.7873140334062761,8.870341085749661,4.272534158209449,4.168246658566557,2.7495590395519156
2.9152004214842457,2.5589310912972456,0.07425641448445193,6.174245090337573,2.6835374415618642,-0.0324818154287439,1.3929512062648401,2.1406864608575233,-0.03619812771007013,5.317960670654317,3.102899639688543,6.843258155912157,0.1157788723027164,-1.504401123305966,2.4329974440283015,1.9550906219729927,1.4574795718792448,5.722667125607957,1.5576861740825714,-0.6695267184383998,6.9167700578362865,2.8548958124530137
2.896662815865238,2.2158973355905007,0.480456037661419,2.9711544971305237,7.143677648797004,6.18202874229192,0.9445908312137778,0.13224349019875603,2.86847485970174,3.6936661734945195,6.607763020834312,3.5880536961065435,5.9612717679048295,2.249928062355682,4.26348946283859,-1.026953142750996,-0.8885649474404839,6.851252489314696,2.3441765041105995,2.7596255919840287,2.9613194146316832,0.29231909503066733
5.6438265722805365,5.211168893729322,1.7506720469591979,4.698320612315752,6.759956438371754,5.997190482628224,6.377300790875104,4.324244957416957,4.710842532194589,4.365237440407143,2.5288181157428666,1.74978349082255,6.488183573503396,-1.1716535591899384,5.37421259847003,6.026882069681456,2.3459496302486116,4.713459038802092,-2.0789541885105045,5.63176362201816,2.036025353794096,5.286486531816528
-1.1969310441412202,-1.2259865994839936,1.3809963647695038,5.559162848501472,1.508522303806919,2.1370741952304972,0.38625619189605126,0.9871430671976936,0.11731990302100279,2.0434604919730393,6.215582232663483,-0.09149095017221623,2.664939276440632,3.7908544756028766,7.309608395480191,2.981248637304838,5.095599765610147,6.712552682923234,0.1642543644573772,1.0224280129255623,0.8478008227555867,8.39945736860404
4.060781479766151,2.0525049104194846,1.265446213268725,2.595482497339771,2.4924292321793406,5.390571911871193,7.294532726580742,3.377122451063583,6.801047897572164,6.866692721425157,1.6933368301081226,7.122598800554578,0.630329167323235,7.69664817798043,1.4390150638042825,0.0010850418302127333,4.340906083811774,2.902946439817082,3.3660454352499554,6.57423778305215,5.8831936520482975,1.8051734742267076
0.3188923098709797,2.848893035248125,1.384031242935371,3.5076878387498915,1.841458017910344,0.8747105775284393,5.144842729821664,1.2240239113514302,-0.22880560960045432,0.6198537691926884,3.645223905965178,5.497585929808285,-1.0637497465436792,-0.2974648092107699,5.974478099376172,-1.881806072578944,1.5551937890919971,-0.24876767505181901,-0.7369502346571125,4.1184142767389185,1.1700985373047479,8.3027796937311
3.9500177035933546,-1.9232636694366612,3.339195948516824,6.126014586264859,0.33095371112398225,0.5967780394463107,0.030934816431229337,1.25727455303548,5.635340987861982,3.4177317070990343,5.93591790698783,-0.35718629679639935,4.133731077370466,5.247021879428406,5.554563491361915,1.9022318867589947,4.009981410159057,4.004225941033267,5.991856369863697,0.45253759199032006,4.86896296895611,2.0184309589685774
3.773447293886143,3.6297583792066814,-0.8197591100756096,0.8777599543170105,-1.6542429337494204,2.18268514583678,0.05401796379855695,0.3051704047286195,3.4823546378542005,2.8996955864956244,-0.3209505257449563,0.8234443149193221,4.163580706965691,4.6433214605714,2.0081337513289435,1.2044239398818681,5.529909537836445,1.2019295078030756,6.357500281652132,8.983073972173594,4.989512909621073,0.6841432646874005
3.815041052137943,3.6279248467447474,4.61575000465497,5.275244232366126,3.7959727717029623,1.1514583625249404,4.303425575456892,1.7757195576853868,1.3749464140793903,0.8097778176016371,-1.5186934066851845,1.5381218364572598,6.7574494652698425,5.62025687345287,6.331099531913781,7.257950930600449,6.281202762993102,5.572906882658963,2.819558635183524,6.711717453450789,2.55785546150438,2.940901395257477
5.6201472090846405,-0.572471605203363,5.587557965569407,3.933753449316652,0.39341994740421155,1.6427942797517903,6.754630389192834,-0.5581368317264953,1.3151267207751862,5.318959759023796,0.48109877501289705,3.269847428962557,2.822753860124888,0.777836580923282,3.928345557763882,-1.3554096806061238,2.0672734394401395,3.6155018440176767,6.2003316554800145,1.5377761111986608,0.43886490349754664,-1.7004120522660915
0.565096684583508,0.8701595560379828,0.1627329758683116,1.6571145105730474,3.774627115524272,5.497006613953596,6.289211083091387,2.5836758504031145,0.8628033802417673,-1.4600041055980513,5.7841936056612315,5.117455928098497,6.39976383550402,7.525626209158794,4.083618513726152,0.2900001575205704,-1.5743650239829394,-0.11079639109165888,1.169287907890843,6.924253041695769,6.324812902191115,-0.03032405671461678
3.6496579785607737,6.66918542276454,4.150161313052884,4.696844918414181,2.5433068424923353,3.324554397346539,1.2914612218228152,6.934774028080989,2.7708238844914335,0.27319778898891134,6.16825404506397,1.9895300638311884,5.600311929985457,7.447941305622643,-0.33360772704492475,2.296223947595763,1.9232363595856536,2.857303062863588,2.5566625935377463,-0.0741907642153466,6.236791111967019,-0.36154010499143513
-0.1180550320489108,0.744459267331863,1.5231144478433742,6.4280864126819734,-0.35198072839976363,0.4511492487024001,2.7311593615390573,1.6253780924974337,2.9364302682663523,0.6426139718205478,7.469490129754479,5.134874224412261,-0.7309108712435363,0.30474096485749286,-1.71074391569848,-1.7312704036349407,2.4248153742347727,2.2100685995470104,0.5849289852308445,5.540665853751299,-2.384750331609178,1.066102497827508
5.844869785960436,0.3339305781343479,4.740741995785972,2.1176733528527065,4.481640259061459,-0.8257855780726657,1.7892627006704096,3.341517585471253,4.367623474515214,1.6435851123518306,6.355873710502617,1.3373414224054454,7.377448631511463,1.6896017746453196,3.845282990698134,-0.23121509217269123,5.856949929406292,5.162458990713236,-0.0645198565852641,8.166021131280516,5.623079150843803,5.096550873501395
1.006587852508359,7.352808886881399,3.4899210568477432,1.5264582305032761,4.206717454456682,2.5158739731967286,6.219065123120954,3.940913614952908,5.7687450386039245,0.5016198322049167,8.116151530762107,1.640559930243313,3.0322249725354933,6.931442353995746,3.352382875910424,-0.40455622977896644,3.057948793899447,3.5789879408366403,1.5745011291378805,3.828610949357784,4.4416382419102876,1.4344300337286622
6.972131665231469,7.581112315722893,2.4742119487688132,5.961151640091602,6.801115988617328,2.959925158750423,3.6603029034098706,2.2407290400947257,0.4499517715805986,0.6222888898754448,-1.115404094184642,-0.11576917697254045,-0.8193131249807101,1.6915252259692886,0.9454356242181114,0.8762585879532224,1.3297310141246081,2.321345519562116,-0.759507652285779,5.993731845983529,0.9831024088495266,0.5519916212157121
4.039402505901164,2.8515311266849044,4.605991563180945,0.332792957795033,-1.9136867668838873,2.6086936299306083,1.4901062304589316,5.618127119389758,-1.5048942630401319,7.763433637549925,1.7617358101992047,-0.411748179774501,8.21033230003843,4.314918206284875,4.907212212845927,5.48981666725274,3.7724390966904826,-0.2425514786290196,7.515109792925751,3.626758070963432,-1.5118487665731213,-0.807723568178292
0.85256197565674,3.2507342194992357,2.218955799718677,0.03206988937796867,4.3862861950593,1.749407837742387,-1.4871121681760873,-0.8771591299231524,4.716481875966532,6.145548930438175,6.656467847297197,7.763437478150206,-0.4066580196724405,-2.0813366561973856,2.1457052772108436,7.087816117326601,5.255146143492604,6.86448488943473,-0.39612208261424475,5.199619500160302,5.353920376897989,-1.2659220504768314
3.030047467421294,-0.24062607405977463,2.7126186892686417,3.6697488678878045,5.9753394862062015,5.924813747095107,1.4341796964696658,2.7904611070732517,-0.1309480656124084,7.6872099969881,0.9567981433627939,4.32714194704499,2.8012505756202803,-0.5893031999177517,6.626346668719541,2.4664277976280644,6.87271406517923,-0.2801208885398456,7.670247562571171,1.113756566348035,4.45713875905703,3.324843073887199
3.0828953207207825,0.9023919364638157,1.4190183523557653,6.513733923954328,9.39144886664624,6.9573900035627,0.4724691213571491,7.804112447036556,-1.6368531156458195,-0.7238640485658087,3.7618410332326673,-0.5274252365201268,3.0511393508731834,7.073722515832059,3.5269271786354754,2.269203149922979,1.522491463212937,3.8962976476620144,7.083072163416898,0.2894447863287838,7.024364622301462,5.5384944151070545
