script/wind150m.json
{"header": {"parameterCategory": 2, "parameterNumber": 2, "lo1": 6.000198445256149, "la1": 58.999992894266676, "dx": 0.5, "dy": 0.25, "nx": 22, "ny": 24, "refTime": "2024-01-20T10:00:00.000Z"}, "data":
[rows 0 to 23 of 24, columns 0 to 21 of 22]
12.606031543372241,-5.84739255055707,16.16622459193365,11.89208463085299,13.5129661734893,15.053098256452746,13.624883510860544,18.565285714255168,14.191339885575335,14.075487077673706,0.002899040205279312,-4.334145638497478,-10.09840261541395,-0.11984148979807234,1.9836392583158766,-3.1268789748012384,0.28096161683845766,-10.441079432769193,2.638514676227251,-4.70723398853034,2.7397803381644867,4.653340475378436
14.162716013539052,17.183526638710788,-10.661282012275592,2.00524328216619,10.28967613715013,11.834804893546938,20.285815501547802,16.019061886153235,12.973566784464445,14.859603919167421,18.567745083175243,12.817967787867714,16.636758502712397,16.257876306205187,14.066892996497117,8.131156190188053,16.39202128907718,-5.800947037182841,14.822370645713471,-5.9837845689429505,12.759151340100932,3.0352686028614797
-5.527689827171027,-2.186611283863367,10.909247231646425,2.992464443189407,9.234745564792249,13.593153772496386,1.2575524490052319,0.7635868227660589,-5.81033334388251,10.643326472176721,-0.8060926839061462,10.652147130054939,-1.9992048809102503,-4.064019032792719,11.270750921138049,-0.0721180701335351,15.035434047487056,-0.6518885180573408,-6.9539414539633215,-6.47801855969527,6.2113231992530205,-3.276146188971061
17.26612112274357,16.244962963493485,8.273205791533282,-5.858893850376804,12.845554123284279,13.063775931227642,14.580574247734043,20.98733062004506,5.14296730570137,12.906082489148716,11.212162256193176,18.62696694977758,13.683721360654518,17.097304837022328,8.326715593948586,-3.6470354621442995,13.868933336952113,11.47300960332472,12.179265867186297,-4.646642292497794,-5.121582189535725,19.934310426989025
7.215084429862155,12.801862075813208,1.301944949915795,11.971257386309468,10.496600647520017,7.661337233144147,-4.403931506255718,-4.175214304703021,15.171698498977152,14.19566228198428,5.201110407891362,-4.173547076331542,12.152554058637456,13.609124022453914,-1.0775863066166231,10.204776309445458,13.775803476029473,16.110540305574787,1.8836994577734554,3.6508471792161434,9.911587121934543,14.696868244267355
7.6721668490119805,18.25463676455342,15.902196816288141,12.523446673492261,16.713588595554103,13.770826969676891,-4.462743092128519,14.506528191618525,-2.0066137992486093,13.754414008267059,12.748092929317068,-4.404479405073452,14.026408849856331,8.270843820434177,-0.07383544586212802,21.605418170746894,14.34142027299131,-9.042062147393246,11.52097662235909,7.97061551077127,14.894449579811566,11.938091916393232
15.223660040308411,15.323350390511342,11.528691489190866,10.990721838618608,13.399578478752664,20.22741405183561,13.834182864684536,12.219605263897513,15.100851322273718,-5.230471856970145,12.514173002836493,-0.34306461421171053,8.91327166995342,6.86028268730196,14.430619412071874,15.103644041951474,-2.589642096995298,16.937366420853415,11.211835197744142,8.94809693204894,11.567804687866076,3.0674749307253775
11.152797917483367,1.8872061468126209,16.68475268036926,18.122902615550093,12.38353174540247,-4.56032657197184,12.256863960176892,-5.623798347868019,15.049477202305798,-3.6451910774673153,14.776269976014547,14.606482659370778,10.847827028702273,-4.173603412509593,-4.178582337254567,1.8830288262845478,15.793755415504943,15.169655196853533,15.968003486153888,13.316876445181565,10.974227327548265,-6.584356953477792
13.457706015818868,14.837455913332189,-5.853680775107517,15.03449692389401,20.70099162901142,16.11675903750976,-11.098317225150318,-6.031287962489058,16.550040222983963,9.481551956452432,13.733286588593936,-6.356645615748052,7.427724503671431,13.589388113390585,-0.284029661373301,-6.1581682314782835,15.274058225668274,1.4119215580203424,10.452266957058129,15.300974334203142,12.715315220636498,19.041897093988812
-1.01271399024104,12.790173263392216,12.686324833789234,-0.8311939771675095,11.626035389530776,-0.9356830746765059,-4.291458604626431,2.4789474644126632,14.374895051346657,22.847261108560055,3.9722240192394995,17.90213276897268,0.09380426762867254,13.596542091907097,10.376432844276302,9.96350663824659,16.93463699152055,-5.858378897030393,8.449735814784244,-0.6198439846688626,7.564330082476835,13.490580317087927
13.428633678076475,6.661317499745923,12.961758191540351,-12.239757320141331,2.3964453837128072,20.58335949740598,13.823875827630893,20.00595136605748,16.26616379392451,14.55405711589816,-5.540746393015108,-5.349416298644982,-2.5095706619769804,10.063422118529555,-9.00166196105659,10.732126568485588,13.30492310279221,16.661847408246103,14.684817379944919,-5.2219869250778865,-4.333235761844182,1.4356951228000636
13.269452547070891,2.6324060607775106,15.332253079626554,4.294912888827171,14.023704946016384,12.405942351342919,12.834475893202262,10.094248039049509,16.758079493251895,-2.2669654041692757,-0.8281355886687141,2.6903168370742487,8.091537655514326,11.7622483282714,-3.489812658753958,1.0307557902680489,-0.11909627797101223,2.449221321667347,16.82567413785351,14.595797410060767,16.272221481256008,11.375794285189082
16.81366793122618,13.915612390058067,10.936005642726364,14.220382934831335,21.19109192046678,-3.9792762993262936,-5.179056780857833,-3.0461090017478805,-6.250761588578221,-5.6600486099853695,2.4746163478875465,18.582481589146866,17.462443366233558,14.713697382727227,1.4613536151436286,14.427900377898874,-4.602551238114371,-8.648742704155689,1.4372828548384828,12.004730430233325,13.944353282692456,-1.8946596981437946
12.067170902904508,-5.3437595816530346,-12.317508183970189,16.156002250882707,-0.16263565274856678,12.88437065661978,9.320375716183428,12.252675353558512,5.050114011958221,7.84507682333894,-0.28295089645486504,10.052218733890527,12.47258043474342,0.19560729647921882,3.482045366427248,13.647316092091714,-6.134200770190014,-0.28315508646421106,17.679202966557067,-4.350451730461354,9.957207369288183,9.30343717244803
22.76475796835695,1.5934009751599962,9.931349291790848,4.621462037068895,0.36953610446826757,7.932478852492134,-3.2398549098758367,12.29589890087351,12.437876890947042,4.849157393921415,-6.749373873535231,-11.650383227806406,16.89224062954216,15.01933968670855,4.362352921962542,2.2769895836199137,0.5479275172357287,15.22152190947527,0.7866727513074581,-7.3563256234953265,13.199523104553133,21.041118362974064
-4.655379365508508,9.637808477528589,13.650782802556488,14.555462278772273,10.135494223300071,23.37487814405761,2.5910612987216908,-6.735340805833042,2.207228176945501,13.859893480231364,11.293641091964448,16.927513203091582,-3.0704987996189392,-5.119745382452971,11.626789246349253,16.589713764663404,15.009801715864706,13.523637727896634,20.107648496959968,0.11501507385608443,17.20192455785973,2.748457623762347
10.170869020364233,19.15515290489297,11.880032653079967,-7.602871946066218,0.40784258754599195,13.767624950636176,13.435727326854446,7.521623610307429,13.409063314888428,9.473390105795257,2.114278990516056,17.687154319343705,15.795440485892318,13.714604737636135,15.741645288524285,1.6593477683813063,11.395924217329712,20.78178944203257,13.0389050101717,11.636399661793213,1.1251234549060736,12.845536542008839
10.586441029053335,15.575099947765592,14.907281508926252,10.85969511671518,16.00328962862827,14.436661853922288,14.97910680448375,4.296664537201456,-3.9482531276740374,4.144846490427846,15.168558537016757,5.66434060783259,14.416125830814579,-0.19009136063088655,12.681667773598997,2.447037202680614,-5.242533320357231,-4.398115789593144,3.263493284017273,12.795381651287986,16.49306837085449,12.585172587759489
11.632198449198524,13.06592155577602,15.562789139800614,19.13439134825556,13.468070404832682,13.88199912612846,15.794207501483855,18.012520552269745,-6.640506171097945,4.3745865193922775,8.996725242704365,13.412526699902953,-0.1436730634222808,7.874075691431715,14.360565880181191,0.8824869437343762,14.197164420290061,13.915779309909134,-4.117143658579677,12.494776798113826,13.222092917937715,16.962428361258304
12.37349044985707,15.104805697311077,19.797278097651958,12.458308700988217,15.437346222146521,-2.965431403645058,13.374747226397238,11.359990794502313,17.750883019719403,22.674565635916192,19.94079581475132,15.126693019159712,-0.05262804087187215,14.819213924777245,1.9749027886001376,-2.0145557407876087,13.261183814447987,-5.763769285412001,14.16407207616913,10.769934089142227,12.700690161664776,-1.1070399636561319
14.557773034316122,-2.335818447531044,8.709922224611464,16.470246229145125,0.4573130569686962,-3.1640339730715454,-3.7629952869840593,14.64825857547234,9.872790691578098,-5.599381577403687,1.3002584578747114,-0.6332392241973612,12.401813456557079,2.6015924777371877,13.587388619363843,-9.449000673471499,-5.58368854750127,7.620644332837037,15.134935286874486,-0.6456496527618312,18.325426479625257,15.078555020348986
-4.833521244156835,22.777762916192472,13.759477072252194,1.8537054893825549,8.28535946074792,4.344707897717252,12.474882425789945,23.55592857856607,3.5962711854031832,-11.437081193428385,14.268259831375543,-2.8712316354379386,0.30798995221532005,10.369758405758937,-5.5233621094625915,17.08490624428532,15.508020184203215,-6.93531322107393,10.461949731621898,-3.7593928297151495,13.70107462433473,14.687120878770434
20.23535517843253,0.503199951624999,-1.3325454323845964,19.51977787023708,-5.649692440036496,-5.104211307682269,1.077696064364893,0.9360777070476161,8.988832647050511,-5.781818159875198,2.065462940717725,0.636546292042481,-5.946230382375923,1.0372581184103307,11.171606277598038,10.725407140334363,9.45945728936391,16.174475958697947,-7.164443593235853,12.587551253919221,-6.494128994958038,-5.428166406792915
11.509461314150483,15.724884590966777,0.11718975893511287,6.342535676145904,-4.067225307715455,-5.514110452770723,14.02427772926949,-6.1803847721644445,5.3675162470014905,14.734536813274842,21.358437184679328,-0.036462743907563926,2.4065569114291114,-1.8764980802039768,16.476955501408884,-3.9895872025036403,20.585431269694844,-3.1850245508523205,11.063514059532086,13.935997735302264,16.478640649674073,16.563311994777767
