script/wind10m.json
{"header": {"parameterCategory": 2, "parameterNumber": 2, "lo1": 3.000054539987559, "la1": 64.9999836372058, "dx": 0.5, "dy": 0.25, "nx": 34, "ny": 52, "refTime": "2026-01-15T09:00:00.000Z"}, "data":
[rows 0 to 23 of 52, columns 0 to 33 of 34]
0.006355572781216982,0.5341665893485408,0.8889906684979773,1.2931547854240346,-1.3448818546417045,0.38071988182396826,1.8605768544370835,-0.050568676558245006,1.0024655010695218,0.4474867236601243,0.5903836603393675,-0.9072747861265121,-1.1890321246282767,-2.286195814099728,-4.125507866002124,-6.243862752358342,-3.7121876524861888,-5.298329272272011,-3.844864203895715,-7.694254439115875,-2.0175738877269076,-0.14076471522902576,-3.9275422983764057,-4.257660281904211,-2.0907970126483,-1.122150979464409,-0.8181097021013481,-1.7739560496744988,-1.387795353251149,-1.58798400751447,-1.7748003289845076,-1.9163147654322343,-1.7758302840928182,-1.3309235256186558
-0.7335939626017368,-0.41968840813444375,0.11549874106399516,0.9220486579512123,2.074238834204421,3.097700576274316,3.4396903762875053,3.364439851330392,0.785730927482702,-0.6646583493054451,-0.40512741483234077,-0.6752819205012686,-1.4432778563046316,-3.311839684110675,-4.909424358018568,-7.04639366863257,-7.452570985500392,-3.9760154428057852,-7.801578414672894,-3.3621149001628625,-5.518264469922393,-2.4986830528999495,-1.0301944850304978,-3.7032972543899247,-0.9672207053556583,-1.3446075138537463,-1.0911796112166088,-1.9251868152691958,-1.4473804337091365,-1.1479126359879808,-1.3385295104826451,-1.6362710331932226,-1.4305488226460568,-1.5698247715289892
-0.6135131492907332,0.2380615794695592,0.5026389419036321,1.1571222373849526,1.457731196809922,1.616583199922541,1.4072649106079926,1.1826212178004898,0.7361236840919015,-1.1957893400298043,-1.135888831066472,-4.245943009482954,-1.5541178355809007,-4.016835242416538,-4.934177828906629,-7.310121510456848,-4.401102969410877,-2.387729455486578,-3.221695557840391,-3.8052898817923064,-4.057144891796353,-1.2793704727610944,-3.712347481373918,-2.3808612481711005,-1.612164956883085,-0.8893588459805672,-1.8373313736537213,-0.8827851839329308,-1.6186842645972679,-1.85265938367157,-1.4028140872567558,-1.19052139455614,-1.4075705422975289,-1.4239366410217305
-2.7372298197841554,-2.722500039632916,-1.4109658668069645,-1.1923652860140321,-0.3066910478263976,-0.7121929265011774,0.08198400163246418,0.39774964992635875,-0.7082082475521564,-3.1489602885991688,-4.284190318977849,-4.892468482028302,-3.801509595921236,-4.351128800683507,-4.219961988211811,-4.881885536163886,-3.292226507968119,-2.8273194992569897,-7.774133615871845,-0.7738191184035327,-6.7460647807730325,-3.422280298691677,-3.7482925700738043,-1.0108383511888015,-1.462102707509302,-1.837053683200968,-0.5890152297662388,-1.2429192191942355,-2.4033413090625744,-1.5934690452473603,-1.5032666831740011,-1.5799667805298199,-1.5304032066950026,-1.827416855018898
-3.069320568101689,-2.541304130157696,-0.5150618418527748,-0.22007810006554804,-1.1703540881725707,-1.4894703946329475,-0.9671871091337736,0.3222725154344902,0.08560292510633234,-2.7495287113831384,-5.009715825431618,-6.132062187367329,-5.871635603893568,-4.324832554084631,-6.726479052962547,-7.030133448862073,-2.9648627131444756,-3.2874063479437874,-2.9596943710068895,-4.387169324994477,-5.087747417925827,-3.769475443207787,-0.9428998111276781,-1.9692430522411508,-1.2564768206811612,-2.147004580767374,-1.7540712676230503,-1.9537865156975596,-2.0062869706020288,-2.0005258535977632,-2.119190834428612,-2.2529595498985655,-1.1308423430542491,-1.4973868506839667
-1.6643554935817813,-1.5026244829873339,-0.5747538633256966,-1.0667860958226312,-1.2194188317385937,-1.5127318091156343,-1.2926916560350188,-1.1315964643833152,-1.7312540882104457,-0.7189867218449382,-3.2501441755515335,-4.05588071404296,-6.852296436014261,-6.126444160081815,-2.575369344601436,-2.1224728260295875,0.1810557979237473,-4.29337338873283,-6.483608250796844,-5.641041147422085,-1.3093814893276396,-2.8235016843828546,-1.051972536585151,-1.067553583314055,-1.5651952570391638,-1.871436186961592,-1.6076739793145143,-2.0793714674841857,-2.263776027617945,-2.401365732633078,-2.1220077559850363,-1.6746175537983974,-1.4499037904986267,-1.3114067661104796
-1.3721435897608283,1.244996981372007,-0.7356888051709626,0.28817127723218033,-0.7016185974587387,-1.4020840379590114,-3.197184534283339,-3.125490474479752,-3.0219582746240534,-2.2270785259431074,-1.9450620049672553,-2.3231278336229106,-2.810867889940012,-3.2189322155912863,-4.777535281974128,-4.79580620079265,0.42854709594643975,-5.59101976528735,-5.809464933774182,-2.3587295859867314,-2.2182053760152938,-1.4317929821085178,-1.2356203496401514,-1.511339330251915,-1.4845313845425958,-1.1511767464791114,-1.6932008285106166,-1.4415536557685453,-2.4341063299407177,-2.6439808932606135,-2.9347135658083765,-2.4015273453480854,-1.8200285080708352,-3.7785709112023604
-1.1614261403561281,-0.6231537090235342,-0.48371774741981544,-0.5117917876731101,-0.5039733324276394,-0.7917897053088494,-4.428035478399394,-5.2039673934749,-3.5571548355400706,-4.9664122917373295,-1.268178917504057,-1.3005635031679657,0.9252085427655611,-0.14918058423065775,-0.36609061467054493,-1.316809363608697,-0.7083649126059184,-1.9937615029587457,-0.5380737052133169,0.38051060418287663,-2.005844623961278,-1.2362692944067006,-0.9361217891630754,-0.2549674573997623,-1.2057178694590251,-1.3438810130891614,-1.3782143316445399,-2.1151730169266107,-2.1437441232941916,-1.6525611907381907,-2.8838309169413012,-2.5574548395719843,-3.0440363893189075,-6.680098384816258
-0.7139902863847519,-0.9655659939236725,-0.44437212548891714,-0.2790468830412891,0.5924388616268954,-2.011752573388915,-5.721621346967406,-5.476507713860731,-3.36513182929023,-1.0585662534922982,-1.9854637441123197,-1.4945577190261365,-2.1296330023117926,-4.722743853715462,-1.713168182324417,-2.7705809681689386,-5.407159330406099,0.39074073354949124,-3.302593387188817,-4.1831263513283865,1.6668290147399472,0.6845418066151259,-0.13363468526188396,-0.7896074413136864,-0.23675494088916543,-1.2535215284831476,-0.7536031453416154,-0.0294907921309199,-1.044945373711783,-1.7036515647518797,-2.3632714644935033,-4.810000716757315,-7.803833728396002,-7.241172306769187
-1.3448661401502167,-0.9177327875664695,-1.2469067239445157,-0.22793579039558923,-0.7481656946275649,-3.5622275568263,-5.49835683823455,-4.137428165150434,-3.2379766307078772,-0.32855470634973927,-2.4007880885943895,1.380299045370532,-2.686216830604472,1.2184819514276741,-4.43909375097487,-1.2099710452000414,1.5689177702474861,-5.119399081213717,-4.717985675140915,-1.152626352398105,2.5174150285730392,-0.17407883892824644,-0.1378302416966235,-0.13780698268476058,-0.16028228921896479,-0.4599089809909453,0.08398920081890847,-0.5444375447214898,-1.1580440257765559,-1.861401934693232,-4.205872441971483,-7.523291977008189,-7.614474438277385,-7.520965585110294
-2.4001389567906894,-1.3470656823462817,-1.7666143770061202,-0.34105379053683843,0.11048688204903001,-3.1546679907878743,-3.350338687694559,-1.1191535180912167,-0.7333161005300433,1.0572514875629866,-1.39345695495261,-2.712471392401302,-0.24495459357654162,5.874384398278214,4.487113759702371,-3.9397977297959192,1.1089737649161269,-0.8189212771529605,-3.437890745757625,-0.9101862402894909,1.316564523539793,0.27200385232160945,2.201976375747568,0.19206636221808335,-0.4687923008082079,1.2210698605670758,1.1688791409994923,0.12206039645189476,0.9895581619492161,0.7700002789928765,2.946284553133308,-7.154423652371115,-7.922468336631474,-7.446528596395851
-3.247062434391102,-2.5762501698840325,-2.541367576558787,-1.688532814727198,0.12773432466866616,-2.672165361819509,-2.795551773790796,-3.6419857501083706,0.1195746105104659,-7.1383262904124365,-4.737087923355332,-2.923276761352279,-4.397807050323272,3.167539113429257,-1.0134983982430517,-0.7301193653024267,-3.617576406523389,0.245630547547526,-2.2206942105439538,-2.270414612243685,1.1907278337438967,0.5601004119745201,0.46139735324165354,0.5406725787159862,0.8587426256863122,-0.15115351761626586,0.05996331822144266,0.8731481416260564,0.9866463613939005,-0.18659669410336463,2.81658645650035,1.2983112984156477,-7.6426705493420934,-7.336041734204065
-2.812889027244836,-2.6216778232600637,-3.3117944432659305,-3.001508066838232,0.17752916616979222,-1.5915036713009814,0.7455535213080652,-0.02512676261761638,-4.023549565123952,-4.939277510545832,-4.335244340986182,-4.924897032773488,-0.7932642531301823,-0.9492695352584934,-2.0273780721136507,3.3657259313710686,-1.220546327125995,-0.6608605122390327,-1.6112170558576981,-0.4956408643717828,-0.5244446777664491,-0.29230281443533285,0.7116532460489738,-0.13979046309127607,0.08232061431293762,0.09877535273560616,0.1838329252114139,0.6967909551672768,0.7892580425786648,1.921823107387594,2.7851348970945042,3.853963548873269,1.3020711924408253,-6.341716881400459
-2.510072686766403,-3.4911296408086336,-4.596809951829206,-3.974992099652414,-1.4667676815982118,-4.890489025405545,1.1929315046654991,1.569792808542859,-8.59493380017031,-1.4524318293105996,-2.6257516005514376,3.731756190354221,-1.9935625704826707,-1.348938978482783,-0.9357885135072911,-1.5353593925342452,0.20050515339244804,-1.804356718457149,-1.312186408608809,-0.35008278034650975,-0.8040562440263496,0.7656235631532443,1.5761690178891619,1.757974597033255,-0.5466311093540114,0.6635273154091189,1.0873612225374307,1.2277187343803613,0.8641891436877128,1.8049898162413138,3.423571598141862,3.571073313498457,3.573164936497031,1.9226458861721292
-2.392369268578572,-2.761942322000308,-4.150629957162227,-5.522073394633635,-2.3030171794416288,-2.5809034167464517,0.16785314090404257,-7.329890431890195,-3.717410125242287,-2.910787154056137,0.5310401804981225,0.5452820712926943,2.036759024715622,0.7745141772068252,-1.9132839570968154,1.747410989823866,0.8540978305860977,-0.510455490030018,-0.3760321624092024,-2.440463769808503,-0.06344013649782093,-1.0075278718887593,-0.49598378296350387,2.0014346903380646,-0.18962539938367784,-0.3456926351293669,0.5210556810518391,1.1215231025796346,0.9202476687310452,3.1335348950250914,3.3830708598258994,3.844589500855103,4.104783695559661,3.9319984706036104
-2.366429738808699,-2.9736051928925726,-3.702689901371984,-4.992813839577805,-2.533078001356928,-2.031850754916676,-3.952364057939201,1.727686847233207,-0.2732139776318282,-2.316394475121426,-4.4624447433600745,-2.700606385280744,-2.2988712171939483,2.245218827359795,-0.3574165294076888,-0.23151466138238666,2.0575208503182703,-1.786050639504389,-1.2066942431448981,0.6724335121335431,2.3623311358806203,-0.678104804799265,-0.5045168762800971,1.1456650351196025,0.08834727121660675,0.33095611800406094,1.262911818877448,1.738273029370133,1.0874034083834068,5.360261437638817,5.112448652467434,5.428550743839191,4.763795886414217,3.8439615018667372
-2.9085772012813353,-2.934279317970341,-3.9228609282837614,-4.9890478870909005,-2.6145657850139545,-1.9672840449679878,-6.070942217123759,-0.32313479861820216,-0.22129718544186192,-3.379105353501994,-4.423950965690674,5.323017013986883,0.5848149192426008,1.109692970324013,0.36186987208137933,-0.5712179999169038,-1.3575779630721914,0.06685541778609776,0.26991676037275386,-0.08811078411776536,0.38105241701061304,-0.8254169207926653,-1.032830902170019,0.6625257924558374,1.1325721295697941,0.9246689642518009,1.511745702144205,1.1941548929215378,0.7220549119215488,3.926433239246229,5.658481389811525,5.718631233280197,5.820081952470219,5.677736446616577
-4.577707837785082,-3.008676696349439,-3.875114565533191,-5.5385998534626655,-2.6563386726719447,-2.3308052981415206,-2.8737519349446354,-0.5988298868733217,-4.275203155976783,-3.819451804726212,-2.01100920416959,0.12562059495094052,-0.19156878586443407,2.139475184172141,-0.333180780631182,-0.9159011353290452,-4.187308796925301,0.11814218899037267,-0.5478246575894572,-1.3106824739966079,-0.05717123294129035,0.13006728794218528,-0.5959189785145652,1.1991250880076851,-0.9703692803198144,-0.1078935565423487,0.9746148938851722,1.2240274493473278,1.347590622117682,4.065001588966669,6.239378910915064,6.64008088072776,6.765927547752063,6.302029870389274
-5.1269776307873105,-4.013219162044191,-3.904309238263694,-5.590385349565662,-3.4049645583500516,-1.414713227840922,0.44528668610382094,-3.5136353474845348,-7.246616479102629,-2.724746977608478,-2.287127888915372,-1.6295742170433354,-0.6064884501548167,-1.0201569189944002,0.447786608725892,0.4645133346266525,-0.7206376235736854,-0.954401785862714,0.07218597987190271,0.14071681733947267,-0.05080005542601042,0.7703191253092662,1.1616794725118589,0.7241144556823821,0.6881902295232215,0.80934726132749,1.1600182190846295,1.1209669514628984,0.8836942034364188,0.8730981141883041,1.0671142101187168,3.044468117861017,4.710595837533868,5.172222944225221
-5.074776496850745,-4.396843718885541,-4.229683014803609,-5.806472785386955,-2.4674786461473484,-2.0857045715461555,0.9709509511395437,-3.463195316775975,-4.085649155737191,-1.3090151498438451,-2.327714087952496,-2.2291884560566384,-1.5613228600181686,4.437499523745975,-1.029440902250803,-0.7390701420107744,-0.3157802963238804,-1.1326469666624672,0.1640493411611473,0.14370782294126588,0.3774843106438219,-0.4601092772947172,0.6007022768332898,0.6735984915253141,0.07605662535111557,0.2192503277975807,-0.08336259277502828,0.9097434747844476,1.0527040274414194,1.1616080743833104,1.122108392426546,0.992742483653326,3.931093837239239,3.0579320332883735
-4.786525333061343,-4.90781372284541,-4.588708348838972,-5.826209755064883,-5.078049719911458,-3.1216161806833407,-6.0167181976877195,-0.5924533087238112,-7.703068288938207,-3.158944890136208,-1.5424105061467732,-0.717617839698805,1.2394765910648418,0.47790915766499564,1.0622386466750002,-0.5811071570892957,-0.9383033259226239,-0.7059601826849098,-0.6328107299482764,-0.5525150683345252,-0.577770838884387,-0.2824894562568775,-0.2750277467321812,0.2870330926323068,1.2407684942420425,1.3980395843444848,1.0961425667741893,1.1586589902273825,1.2099264082659906,1.0140951926208817,1.4817488558914647,1.3415160558808534,4.110485269350667,6.307584177710209
-4.882032773888259,-5.29215881349181,-5.003784762064807,-6.038080831083805,-6.43094245962173,-3.8921657128122944,-4.788691227978716,-3.239013022866916,-5.230638931440894,-1.8139907372389998,0.3386289588187883,-0.44494978169179183,1.6964956767467547,-0.02287770146834223,-3.0073925784830626,0.5313516463879253,-1.6822347168697975,-0.7522218858490042,-0.627628771148947,-0.7648439170975521,-0.42930810773459016,-0.6684506311623457,-0.006193328192942887,0.37800016548686033,0.6863610648348047,1.1691644147082156,1.423637736928356,2.1900020768569988,2.879916307074299,1.0188525704866662,0.5692816917142968,1.1107291923345088,1.3691126198638661,6.203868034859393
-5.3763006285147386,-6.10947195651947,-5.809243237792648,-6.4949727549171525,-6.694760654481646,-2.8833700986158997,-3.259067823501294,-2.942930510432066,-3.364455501731845,-6.09740093828769,-1.3980691539571677,-3.016663347066837,0.8661967457497823,0.21420608429829185,-0.1897152414764604,-3.447033361305652,-0.9781278300483999,-0.988803486679488,-0.8886083778300474,-1.1613843578024488,-0.8020058384159542,-0.7813502809357038,-0.26374183295279546,-0.33321956651592666,-0.18740436669244542,0.5920043799675457,1.9226224874312632,2.641555896794138,2.2294986704360755,1.9497111114216659,2.0728473954036906,2.769595212421911,3.2866704487976146,6.19147464949387
-5.336185620193295,-6.140796481523933,-6.508705880700676,-6.962131833543313,-7.355625301298743,-4.00586281883625,-1.7795902698160062,-8.687385431158564,-4.191570017954904,-2.930674471744962,1.3672006441274185,0.5807571992951936,-1.0792575868257597,0.2723371968208783,-0.8488885720290242,0.0734477086774586,-0.7037240551613464,-1.0180708744994842,-1.0849020910084497,-0.625941655613104,0.30967641522079825,1.2511467724225402,0.0008592459195449867,0.45736833675918787,-0.8491827685613885,-0.505906194969557,0.10426854158193276,0.8335794064024493,1.3608180978381081,2.0469159477179812,2.294925104576767,1.4010136140010847,4.9028083412073356,5.8151852986541215
