script/wind150m.json
{"header": {"parameterCategory": 2, "parameterNumber": 2, "lo1": 3.000054539987559, "la1": 64.9999836372058, "dx": 0.5, "dy": 0.25, "nx": 34, "ny": 52, "refTime": "2026-01-31T16:00:00.000Z"}, "data":
[rows 0 to 23 of 52, columns 0 to 33 of 34]
2.3019493687422345,0.7607980537001177,2.0508218362267527,5.580675725118385,5.498765431938519,6.388439087219114,6.112328340896514,5.731878791243021,3.0326407537141895,4.825577157479587,2.951149222518218,-0.4843491499714754,-0.7579623152538688,-0.3134605710360034,-0.29243450415503425,-1.402212548581201,-2.7188930671651255,-3.9250101327453297,-6.434568081494356,-2.5508663778370724,-5.265433807177614,-1.3456423928415766,-5.275360523290284,-2.3136855050202385,-0.06963052556487731,1.5684942015264443,1.062689080304158,1.4626751076750173,0.5834378473927602,-0.8794143614638301,-4.9128355020512116,-4.385563656062142,-2.092076107471214,-0.8826483985788703
5.211887831409643,3.7355908906097643,2.5549220735134144,4.224394296342784,3.3409988919487894,5.12223948834,5.575326230008968,4.057374061552597,4.966935689086796,2.4773658000863317,2.160548010383455,0.3952572471116499,-0.8052138968044376,-0.48646806200494075,-0.9025445327472886,-2.1130862400514463,-3.7431763857714837,-5.162681121333052,-10.559203997173906,-3.9245217075411483,-10.95940487455198,-4.628778991800761,-2.7229757156173915,-3.911977723585241,-1.2807474700582133,-0.4891048220944368,0.8588034283451174,-0.21727703805612453,-0.43723991646461047,1.7989030807776274,-0.6804347681122849,-3.269498757473987,-1.6429959834902643,-0.7636054122627349
4.354524301034158,4.230252246951795,3.555138676900338,4.262352518592332,3.156500261471247,4.545966619305683,5.018148306098077,3.3946300370784317,2.3836322204250657,1.2100271955945,1.0547480130465134,1.4801687529330787,-0.18804328458697167,-0.8425473142365578,-1.4948522019039423,-2.946552842977953,-4.16282926369566,-5.828539155345436,-5.419213465341466,-6.854422377550072,-6.670778917152145,-3.1443381300469473,-8.881160132703359,-3.5403572976691473,-1.6568522978632294,-1.03742977974797,-1.60305108935484,0.377004134716139,-0.9096473606533814,-0.6672396481738969,0.7446029310282583,-1.9660059041748985,-2.1795418335676686,-2.5323514220264434
3.7325102721272425,3.81573188237909,3.8268168300009653,4.115195559930093,4.01395234785169,5.391705652884599,4.879730010285837,4.11907076667222,2.140438701874606,0.852458918621809,0.5897778218578139,-0.10441628522606806,-1.4184023620721737,-2.316363482377472,-3.199324678588149,-2.8096560757167195,-4.3063004794012425,-5.998017067407619,-5.329405935573052,-5.169038521416412,-5.735618677862423,-7.7965430823263935,-5.703445282313615,0.10932697996901536,-1.7143527667371965,-1.9852014457509009,-0.776698424172611,-0.5370506626222668,-1.1331205616493232,-0.6036996072845499,-2.0761316400099865,0.13829064174061215,-2.6589118361108692,-4.296463864821701
3.0420741070603605,3.6297860005320186,3.952381822851121,3.8149798015243603,3.2952568552251615,3.4917581046195623,5.095207455115389,3.849160612744236,1.6031028536964704,1.0660638431130651,0.42065948780523915,-0.8571461757863544,-2.6321492373614994,-4.817711567432363,-7.073242618737263,-6.601439139132495,-2.490098097658741,-2.9101780050012613,-5.557724632556593,-5.822995271352151,-4.6552101322798425,-2.0354701877257475,-4.414786383604767,-2.3780242860512266,-1.0721864571570252,-1.6157357370747396,-2.9710080979228293,-2.527015010280251,-0.46467064036050254,-0.7645708510260754,-1.3775384952815484,-1.7148320199948055,-2.3668236255373607,-5.278471648502503
1.9089767578928993,2.694889513119591,3.4667344517567282,3.683282165981965,2.41553463111632,2.4775283192426882,3.9163734861967257,3.6640598301867007,0.8276010533428745,0.8267453008372255,0.6132665095701005,-0.3060472950980733,-2.7156186477282196,-8.37537361735986,-4.7950491707774425,-2.6884707639660834,0.5562810449770708,-0.4288137996028946,-3.0714245014949175,-8.97441793000727,-8.940976297675846,-7.948133519744481,-1.2614335269501507,-2.1253953038063713,-1.8009792080796956,-1.5878530266448332,-1.9163278772682564,-2.7906167473229226,-1.8663150492111047,-2.0168839386301882,-0.5639959766112683,-2.332378129429705,-2.5305273986020502,-4.734565571670326
1.2049222640100705,1.982003477423978,3.013888962722823,3.2851544641964376,1.6033443062778894,2.2202963648081075,2.7328760485077948,1.9645707694895052,0.7151165528808844,1.2313893637694826,-0.13605868001089896,-0.33252192006877673,-2.6806267180271646,-4.065522984810336,-2.980209457434133,-1.6869037897613686,-2.657916485453358,-6.99776838096912,-1.2489649865682264,-4.18145313825948,-5.474685089777212,-4.454952509701974,-5.225952223442478,-3.4397241024435203,-0.9995642829420559,-2.2118114065591645,0.1325529071792209,-2.6823499557664814,-1.639549898892118,-0.6621345182552828,-1.8320197902992967,-1.170292739947399,-1.265123135483758,-1.0277294623569686
1.4406794523473019,2.1740928631534375,3.322283983343017,2.7362682399098763,2.0552586820761296,1.3112447148183637,1.428806698810717,0.7779709999478057,0.7942941252570845,0.12340745653674792,1.1018373282227847,-3.1940330259536704,-0.5184494908864965,-2.156549178011974,-3.773877961899104,-2.3885909320590804,-2.180001437797719,-2.1182727124534226,2.0060451236462344,0.7129758891448167,-1.5156280580557215,0.26922495195929486,-4.951384470426783,-2.8942033545612995,-2.562473913860823,-2.68151273335081,-2.5440605242075054,0.3686146123613332,-1.296989006429396,-1.341854623271515,0.02969472479065343,-1.0363172829660605,-0.10848326205472913,-1.3373438031912535
0.6512365055900461,1.0353077949734029,1.7142912332987763,0.6409573424419668,1.2872575317831565,0.6523966299657905,0.8864387505030872,-0.16530410617547076,-0.7013491579373726,1.239590763790026,-3.7204723921466902,-2.0924904901101558,0.5245167233275089,-1.8220966760319883,-2.2060999249798545,-5.81449145299626,-5.240942088173073,5.507952243829059,-6.4609194894058675,-5.406327857640025,4.637079575944749,3.4419987248516395,2.6790171238708145,-3.4152330722930677,-2.586407380809789,-2.4090419081060626,-1.751329998399941,-1.7128977888241497,-0.7292532106008496,-0.4329122740613687,-0.6279080016224151,0.32738527267204465,-0.8250491312107586,-1.4256289639926634
-0.0393533214051395,0.10133112249153296,0.968151504883424,1.3101852025014284,0.7568032553148869,0.5416962272744301,0.6048280016779363,0.7797375746843284,-1.3529507838447188,-1.3479129173084992,-3.5194066059649245,-0.34283433729406587,-0.834665477133474,4.08696813519975,-6.869276270613056,-0.21066687695102262,-0.4187239891974898,-5.723020358318194,-5.450814429646376,-1.2513743685037968,1.6528063808374853,0.882271187559554,0.1664004302360269,-1.0265872158358735,-2.1185352237295483,-1.902729114924834,-1.7252087551639304,-1.8444628942746062,-1.6334927030702107,-0.024698983590805773,0.5503922432263365,-0.736940121396039,-2.0594470313161994,-1.8794047115231687
-1.2872307636925153,-1.0339192634085967,0.23028298979515774,2.870071756129159,1.816529447382321,0.06559488707167602,-2.0764985757176806,-2.571485584841799,1.3075856726356367,1.30989405712624,-0.5724632728947862,-8.056979839692378,0.6351662585636999,6.70105784866159,4.296570762296383,-4.0641767888459075,1.8729799070824202,-2.9347840293617375,-2.0583746062747985,-2.1482301752513755,0.1697690823413265,-1.5006133824805201,2.540285259402665,-3.3115144247874424,-1.797500540077855,-1.0864943298262721,-1.3960823616231308,-2.456071431429987,-1.2410744094449802,0.44326606436009436,1.2170508648022236,-1.3895008369614323,-2.434107697797707,-2.7436007456481444
-2.4239180462328997,-2.0103954881350945,-0.2613434741220595,-0.5404043420542828,0.9116148338705272,0.24029339416212245,-1.5136435822810557,-1.6802260395580866,0.8517818680172242,-4.703034434128164,-9.039283868036128,-5.1438765067666585,-6.409936214775045,0.821301456431313,1.518306420157244,-2.0722214625638498,-2.069727628445139,0.5043559889178915,-0.40036785323194424,-2.295930239031141,-0.09881951445246305,1.1134362550289616,-3.659761682450554,-0.8409877877545411,-1.8139986805784143,-4.440872807660362,-3.4576406226965846,-2.2648559126651238,-1.1440449380437372,0.9702963590110909,0.8090832889574232,-0.544100911636773,-2.561778291726011,-3.2614467563073304
-3.573370490749977,-2.652758944746418,-1.0511583794761257,-0.3875419740158756,0.8840358795130975,-0.970483957672465,-0.18468073741072025,-0.4621149416397932,-2.916239107833886,-5.428436177554484,-6.650665929406807,-6.23525138175509,-1.7726438759440666,2.565477775165172,-2.3896693631965933,1.2659105740320011,-1.9677524385427094,-1.1819306672641319,-2.64446127250617,-3.5460659664499676,-0.8516599137270928,0.10152106328274994,-0.6365501120144034,-3.357384551591039,-1.899923594775742,-3.6823285597579427,-4.5031955001603805,-2.808739594572556,-1.0414228149588691,0.8382674543322326,-0.2005460445532407,-1.6724192919763314,-1.9756748678698934,-3.75838427481932
-4.626570317767761,-3.004581288102745,-2.4104302068119368,-2.1055522525464956,-5.976650079452281,-3.1471807740868223,-0.36778913183176476,1.3493111003912195,-9.521779694055208,-1.3062952817266427,0.05810794132863868,5.861133805024853,-3.3633628077756237,-4.420465088798181,-0.305404611777232,-1.6798549213071357,-1.398965011005176,-1.754668189433295,-0.9957461847994512,-1.574244727401796,-2.3330908194511473,-1.6981990953965251,-0.7487200947292596,-1.5610900963383965,-3.399860939502049,-1.7300403156914017,-3.2214325909034995,-1.6993463778312616,-1.4536490464561074,0.2367889937848018,-2.0088588602015927,-1.925069260330709,-2.761302369720825,-4.0536815685959535
-4.661655690597604,-3.625581739824152,-3.457108026877641,-3.2868920055668225,-3.0672251211949706,-8.7469263645579,2.0702680338475217,-7.454251935157088,-2.621074367595521,-1.6828709851617316,-2.5167217957829227,0.5033441880903888,0.40957451745176426,-0.2291244788490958,-2.337273243284992,-0.8259281961798967,-0.9737606307745627,-3.476874444770783,-2.2122630306753757,-2.8582925442254172,-2.8089208262269145,-4.977420175328566,-3.363843690547329,-2.1397876216310387,-1.854577936074393,-3.401205689429832,-4.265953614043521,-4.069418680038594,-1.8252364047761225,-0.6288148489438469,-2.5176042838488573,-2.6357687760919095,-3.729426124373505,-4.146518764343568
-5.575427849482113,-3.882254364414294,-2.4489883701082884,-2.8410906409363874,-5.306334426463269,-7.042095041114278,-8.908783323129212,0.05292306614578729,-3.88785489921562,-6.274360959031301,-9.683435499391011,-5.182404132809156,-3.8923898307938387,-1.908361831151589,-3.7454828007676717,-3.63903796918862,-2.4721080857663664,-4.484112022106979,-5.0932804697686676,-4.266202029223901,-2.446194085832729,-5.088244197037468,-3.0613143003568757,-3.6951671240259696,-3.310874048065791,-3.458727648184613,-2.712682415270891,-3.2786862040299662,-3.2803955817533734,-1.8455525596559446,-2.818834464339224,-3.8533348040406525,-4.340427658948099,-3.971055499372303
-7.187788454340049,-4.324219423662022,-2.5109533234397596,-3.2276390779038735,-2.2662119402773206,-8.217012827763426,-8.977840595767567,-7.217806905243164,-5.781514195265571,-7.564493509552897,-8.90609012847469,-3.4548259174653038,-2.8446652315830594,-3.1103159766489283,-2.9385275321831084,-2.4525481165133636,-4.839230341414572,-3.5021065114951586,-5.080605650786041,-1.8375747048905058,-4.656799485894109,-5.275482013395034,-5.792686798802956,-3.677149664894263,-5.251570552037233,-5.841699241899541,-3.9659219579064846,-4.520454828123072,-5.036063035422726,-3.505174619705698,-2.0455753461033197,-4.156230811140224,-5.144181191964656,-4.254081128073094
-6.808692417049372,-4.101323152259561,-2.6753702537943296,-2.884619698379209,-4.983025115909019,-2.401095948989101,-7.56735554296068,0.13628662171879194,-9.289822764653973,-8.666716004483344,-6.308762511016894,-5.704485979569411,-2.739910109556059,-3.97602900519178,-3.4889478666076457,-4.520880649932572,-4.430446396978447,-4.587218746701153,-5.218947631518438,-6.520147223410489,-7.203169407058512,-5.438759871882622,-5.746409497782396,-5.362499055252752,-7.751470790620182,-6.4287113081276575,-6.654305274641477,-5.317676824007667,-6.6470328040791085,-5.322696866025524,-3.1488409517514717,-4.755665296480943,-4.699679318277674,-5.104028022962572
-10.0970608807101,-6.597929829149455,-4.764689330879763,-2.9918362960096783,-2.559637730594284,-3.7246451822281452,-6.437672313000162,-7.419962532801159,-15.992685550814677,-6.403373385032437,-6.206240726826942,-4.281736099978963,-4.147050806858526,-3.5693601914241952,-0.9083487218041645,-5.868105201529947,-3.03157474263219,-5.080420995006521,-3.7147561691132482,-4.896384430204905,-6.312158191558268,-7.297845217944423,-6.75996622834297,-7.710453722978928,-6.6403771268274205,-6.7907763648159625,-7.304503314728009,-5.598980221574642,-7.402589530878713,-5.989652218185658,-3.7533028644105495,-5.303668049036133,-5.109188881261445,-5.191196930942205
-11.814851411267199,-10.250838389318924,-5.914718347848261,-4.709891465953901,-3.0380984166170566,-4.24417149537961,-2.3968930763876464,-3.827717708153958,-11.04264438371598,-8.447050583663374,-7.530066268356499,-5.4193369885511755,-2.3966224372403224,-3.740429933385016,-5.098885067560759,-6.803450920413268,-4.186768070300059,-4.150434408598202,-4.264114994419068,-5.3912434362590425,-6.81365669474315,-8.21571928124363,-8.110849776100803,-6.5463040854970265,-7.518029012317554,-7.700858746946,-7.340740276320452,-7.5167717826676315,-7.064882578870026,-6.802599672387721,-5.14372119582346,-3.0129179362396226,-6.761308333889465,-6.629488322478159
-13.42739911640738,-12.263382499088214,-8.825168682155939,-5.662195387450431,-4.28022365850208,-9.110925694413869,-10.900028989659905,0.3097263620460476,-14.321422439673604,-7.198475479111169,-7.819962688639376,-6.523913685957065,-3.002002520332001,-1.95836349969992,-2.677058355347882,-4.9216289510939,-5.347848051870663,-5.767373485644589,-4.738434626726698,-5.979252483091189,-6.266695279907003,-5.506955711075839,-8.198951588921608,-7.3180983842977305,-5.84761033023783,-7.277276266128557,-7.753094880898118,-7.164662152671775,-6.674239153106889,-6.227066329272653,-5.901559102237932,-4.706405895414468,-4.915872402650728,-7.630351405524557
-15.224371988945313,-13.783993575685267,-11.69548564940442,-9.026071802039654,-5.539293610934009,-6.490625367244325,-10.079631613689664,-15.476042112503663,-14.970943798481555,-6.915296289025857,-3.7344057226925416,-5.992839764820829,-1.9898271962096798,-1.3880356635721895,-3.2631045657039253,-2.808452393114626,-5.0831044148379885,-5.741517540106058,-5.3689228773693936,-6.877141575732286,-7.001654342717267,-7.506317883978061,-8.072840535760415,-7.229979551570379,-7.42536819622088,-7.22034835593332,-7.205679069072488,-7.4625732670725995,-7.97947195686931,-6.794593787324182,-6.2528287529275195,-5.307282592994462,-4.9161803294755115,-5.272512255987836
-17.18634997565924,-15.456224183407235,-14.374582140166092,-10.24679259554349,-8.952305888942792,-9.246246540955012,-16.48434586086238,-8.437940307226466,-11.143365834709753,-15.704251391012733,-3.857625739333639,-7.261186233052915,-4.170867499531665,-4.717664069112225,-4.61247282125129,-3.9714482242029057,-6.1952852965142915,-6.705918817998384,-6.108509940465126,-6.845100158416588,-7.820913168269306,-7.879907424520583,-7.939547600915365,-8.141306250839277,-7.2350636898470695,-7.190365414171841,-6.965388394837512,-7.001265591850446,-7.3715902239980045,-7.5228201061278845,-6.7752095021900205,-5.569521344859729,-6.635927149470852,-5.339234291822646
-17.91004830429573,-17.09645823839946,-16.339426371769836,-14.346377881544957,-11.053031801670086,-11.27578859066108,-9.121691740674649,-21.23179146803151,-17.898399247753066,-11.735596795309268,-2.4176071739722356,-1.4025257679604302,-3.3550130521765977,-4.8244757775036975,-5.814426070052133,-4.980493968181657,-5.268277287151151,-7.66900250153884,-7.400442088925065,-8.085681478385323,-7.923937594518856,-9.273424179073752,-7.683170433315294,-7.930134732894017,-7.573338850117007,-7.18476040543388,-6.891717363789968,-6.53207869891457,-6.23806674996103,-5.974449718968713,-7.101244633165754,-6.0751344107193574,-7.4523927036185444,-7.388239986157823
