script/wind10m.json
{"header": {"parameterCategory": 2, "parameterNumber": 2, "lo1": 6.000027932988019, "la1": 58.9999434238085, "dx": 0.5, "dy": 0.25, "nx": 22, "ny": 24, "refTime": "2024-10-05T16:00:00.000Z"}, "data":
[rows 0 to 23 of 24, columns 0 to 21 of 22]
-0.28786027154336785,3.1032555432842326,5.430885775985373,0.7387324596187423,1.0468525727923665,-0.3872416165527061,0.5183520883511491,1.2810914249414709,4.377053141566567,7.577369069672949,5.134734063293387,2.122203650807396,2.470467424458659,2.555542401148734,7.484911132253377,6.682642917654617,3.747311926819047,2.76081969663207,1.8269260739733477,0.6074120737906714,0.745273745757472,1.0137399331110308
0.5038728301118022,1.8432960664684366,2.6823276888406986,0.3584812737543155,2.3626430212138056,0.4080201435563241,0.7835557368323974,3.3157395100248204,4.331678778039385,6.013313201450871,5.5089090718552525,2.2697488273131268,2.2003691010229067,2.5475928474547804,7.257708191929175,7.38391322371731,2.8379789764088814,2.933180104432466,2.5632027375141915,1.035951681863119,0.9613932383076249,0.4995367673008388
0.641117433747538,0.4871129567631022,1.0093790011784758,1.8753328224193104,0.6921089261945145,0.8839135187583069,4.3681678896576335,5.106777237934232,5.398783785083277,5.397280242769491,4.33858251013722,1.818670334786955,2.054008209303318,4.595969288750544,2.591042169031736,2.622247324645835,2.0877597500377245,2.26784561020886,3.4183854900373745,2.0029852271717785,1.2107894786982498,0.7211402528212288
1.821679951016326,0.9214109576314845,1.1552669458912836,0.46455082291399186,1.0424086998677722,4.696897014230231,6.134762164210981,5.592654185617511,5.258693940185565,4.710601999374863,5.447930622709616,2.577783964754452,1.9769991591912521,1.5849319112967766,1.901969486176332,1.7596866830226146,1.5825221119480561,4.847960514574609,1.4498435053505538,1.403652932893836,0.7867770736355513,0.37009861799946897
2.11946739760413,2.398636743600637,2.159977283159191,2.4511899596770523,4.6711466720144585,4.696335697160896,5.244839913235944,6.075381746199828,4.739513177655738,5.008986516760388,5.4678071854715045,3.2524494343745376,1.595631299332359,1.5495593827613976,1.6659643739436778,1.4520419661167623,1.3139853215556878,1.7141794197505404,1.6435089411589177,1.0949059496996425,1.2465274904809613,0.9668343766823209
1.756730731340122,1.7984314578649832,2.785032796041177,3.0868199919306742,3.862955796589484,4.483067165822272,5.280110648431008,4.179173563788533,4.028228649233016,5.1278759549181325,2.5011799861954938,3.9476380621199114,2.0950822007137306,1.5853277097316731,1.5815606519309824,1.5046069287106012,0.8650712127343229,1.2426124815170372,1.3506604597045,1.4543745084659983,1.4016023606423234,1.0670822140295446
1.3746214224732936,1.7830958104230228,1.6939122718235986,1.998368092476312,3.121812307574058,3.831082734446381,3.676955444806968,3.602791475767149,1.3167633598298418,1.9696003321811502,3.5103124115823627,4.168517881619224,1.7025783966018466,0.6505351419451951,1.0002249803105787,1.1283295090889907,1.1823016416119327,1.346996038626692,0.9695035263685773,0.980048504303401,1.326028497682038,0.882815518714405
1.9470521667299516,1.937920189278413,1.933082861846706,2.1948236859324286,3.7233670819127336,4.1131657270165665,2.916535342893373,2.4768565360920367,0.2961075189835799,0.9959296431051597,1.3874801697071495,3.59753201144492,4.183016075464,0.4499568888063715,0.785249805460097,0.56652917762968,1.0266503946830348,0.9969848790540838,0.6779261839787307,0.8449331489895048,0.8060072740127401,2.2060109238783325
2.9871654986890044,2.6033681497360996,3.1421431779444005,2.7970116301040293,2.6265225912005623,0.5508310954210723,1.9792272181909225,0.687462975139895,0.3963566279379407,1.8890485356118925,2.576194118385852,2.696714089784494,2.175309185238366,0.334136893734489,0.6009644203662959,0.4957296597042809,0.6058355307580913,0.5554995477750645,0.6961331018261125,0.9661288054739468,1.7556317244232396,1.4632943710165314
3.1962252054676954,3.023370484695153,2.8505358873342157,1.352378379937729,1.8379387215012455,1.2949432371319611,0.06158614052788616,-0.5768244084075947,0.48490184493194655,1.6677013357902355,1.3627953467900127,1.6766826506565236,0.9857085033437741,0.9219999804623173,0.6213766698016497,0.5566756847494578,0.26860800038033045,0.4940943882794961,1.1692094567667326,1.17113124602461,0.5650343227740497,1.8023070428921855
2.8454621079729776,2.7964368187522064,1.8880595351406935,0.7624525824180197,0.753846722314251,0.45153933203777136,0.3488216771276561,-0.42878484133741546,-0.27240988079420003,-0.07523250069702236,1.239667337945704,0.8310532907150598,1.7611623253364195,2.4830109022128934,0.8367558112014041,-0.15719133501586213,0.8338730011447827,0.417778237086525,0.7792324267391191,0.5442742124534995,-0.28340386303260173,-0.3167365795457496
2.16726952894762,2.4342058268075855,0.9366488898014766,0.004933229655365909,0.35116818465989247,-0.2401326875477463,-0.2592257048585876,-0.4370139828268045,-1.0026843352425439,-0.6643311923988445,1.3745264942123305,1.4039517391633354,1.0121470849070722,0.8871442222682903,0.7108960550889851,0.15382676060528327,0.6252009055828939,0.8646063327173276,0.38317782014940766,0.9119124761519614,0.5007666206174721,1.6232029974962712
1.3220714076361606,1.7629679096179565,0.5708311256531841,-0.7367695550284662,-0.42462863757919644,0.3085299593660757,-0.6593123182504564,-1.0624297736362132,-0.520401160094586,0.3174738887421708,-0.6316063548522166,-0.8600769097883816,-0.5999250205184119,-0.23559155183906508,0.022356509809621353,0.5723857851387211,0.009252843699059134,1.3992135375107715,2.0465664971449646,1.754395331901176,1.8991871218533805,1.537550011578648
1.388586664878288,1.7490175806776362,0.255100400891411,-0.6820883849134374,-0.8688057677220702,-0.32565753433605826,-0.07810718911128045,-1.1029112842088344,-1.1424802249720756,-1.112760459771575,-0.8848990892702308,0.5439559366039557,-1.4093673088510879,-1.0495511795679289,1.0505038017151735,0.47451522260279055,-0.8186981187920638,-0.45894349363625825,-0.2173889187723283,0.7823486562834016,1.0554073355957965,1.1653248481850886
1.141219922646898,1.0037445454761558,0.1666832750285883,0.25034087215373724,-0.7051557410145328,-0.4571106726636286,-0.48788544637119946,-1.2856772995954815,-0.7308337720996377,-2.5470765620747824,0.9284091865033728,0.4075577249192277,-1.4783492852400884,-0.7150382824804163,-0.361881287794095,-0.37173192960077117,-1.123139644438316,-1.4199972772626916,-0.7786508305202349,0.24086276884316724,0.624116615505127,0.3681645855939082
0.34330104943572026,0.031472780171910984,-0.5864437429433133,-0.8708433446017418,-0.8399465384778126,-0.022993297065974708,-0.9785950073855723,-0.9341151569177869,0.9982335997530756,-0.431315844511757,-0.5649625527462645,1.1004715599005903,-1.4758505429665965,-1.2366467647241421,0.12549137275817593,0.5088623708943305,0.7665293356396309,-2.8893800616411194,-1.2883856132979452,0.18336825495448694,-0.16499431222099306,-1.260285692219361
-0.4951063918912824,-0.9641527497380268,-1.2206191342783652,-1.5971391499991403,-1.1184473077794295,-0.08950306605632742,-0.6334611900534679,-1.2291278012515914,-0.8933295834545308,-0.3354217557507016,-1.0152335282822833,-0.1373365049463244,-1.3836981497649552,-1.7069782768366932,-1.3377766525346908,-1.18390648011169,-1.1441772695943448,1.0302737383514993,-1.3007647667508544,-2.0550692835164255,-1.8121132844528678,-2.8276034882650367
-1.1071189677970477,-1.7498164554973341,-1.2175205809937406,-1.755979075570355,-1.8670843284012242,0.00041887784482501903,-0.748551683039358,-0.5421604551389492,-2.0357666745137455,-0.3264755309438925,1.896923204718391,-0.44093082246758614,-1.6385428646791842,-1.974550998278959,-2.688528212768566,-2.4339341585549947,-1.137878588462031,-1.6700164245592073,-2.8000967464695825,-2.8327947954885397,-2.930450530303439,-3.5182095784681446
-1.7595242769478765,-2.0339080874036877,-1.166824726686835,-2.5214193046771682,-1.8700178445154483,-0.3209482653451464,-1.4119189483116015,-0.9680654031654838,-3.2827461020654685,-1.796068153763807,-1.0287309470480153,-0.4491607703760596,-1.821424504123508,-2.269297399180905,-3.6875586528466355,-1.9305441395818908,-3.1785883046773513,-2.6898707254760685,-2.409388663340217,-2.958635618055253,-4.0527187044763675,-2.1797299202843097
-2.7485756481700405,-1.642168127618001,-2.0045450904566207,-2.7318023270865806,-2.9700276445084874,-1.3968468497021234,-1.529702778700619,-1.1330895493325541,-0.1317104251377391,-1.9235931279334728,-1.0422489187529684,-1.082002658526347,-2.1834027326148133,-0.9565452709620457,-1.306038550098172,-2.8879071121556503,-3.600096696134863,-3.1214672364748566,-3.430398608354562,-5.030669071532991,-3.99920035958501,-0.5396397092438031
-3.33241769038389,-2.017774304992205,-3.635625221066973,-4.535294711193862,-3.325008154914751,-3.90599474721854,-1.3529879054671308,-1.26962563890014,-1.2746273799799097,-1.8460147978233903,-2.11259777496991,-1.310685433540753,-0.11296622837796437,-0.4651278029171746,-1.7155333637739218,-1.1766517208963088,-1.8097089315183574,-4.734536571285293,-0.9826142746014858,-1.2704870041078469,-1.2789773841318581,-0.5552846446927351
-4.622926184542233,-3.0863986868879283,-0.3419104932973336,-1.943189703723981,-2.0488632449834685,-0.0056078553362684715,-1.2594443372259678,-1.5848968831995647,-1.4583453277018532,-1.4147026747678642,-1.6691248866957076,-0.5309452754627644,-1.9439013911556584,-0.3464117414326874,-0.03129620825754735,-0.14861674724325158,-3.178305128231341,-3.4093421957299923,-1.5248738434449978,-0.7413774616446037,-1.0197533318357794,-0.9010128410007952
-2.8370566983709664,-2.447685616233036,-2.817864643228469,-1.2705371319192655,-2.0789510059446816,-1.7482451440399707,-0.8735545524113083,-0.8877004193173454,-1.391933638630102,-1.339716867823445,-1.2229223348943001,-0.7000588373338554,-1.4396239619771984,-0.8119611803372527,-0.6319064270426297,-0.9183121089957732,-0.5335993148990147,-0.464203300491442,-0.5905328735737513,-0.7127492259512987,-0.7279435296335429,-0.9986867599306075
-1.080473368306631,-2.685150152243394,-2.229906744679578,-1.3763922400541686,-1.376953338725666,-1.972278283275397,-0.015685107824876296,-1.2230978907308878,-0.7010751048107267,-0.8404698551392025,-0.4542185053015824,-0.7822396349072837,-1.1693854346635182,-0.6450263057936971,-0.9534372226485871,-0.6424772478145246,-0.005833638167902071,-0.7688228512007229,0.9503326687370732,-1.0986926970201962,-0.4887465321812353,-1.5232405728689602
