script/wind10m.json
{"header": {"parameterCategory": 2, "parameterNumber": 3, "lo1": 6.000027932988019, "la1": 58.9999434238085, "dx": 0.5, "dy": 0.25, "nx": 22, "ny": 24, "refTime": "2024-10-16T17:00:00.000Z"}, "data":
[rows 0 to 23 of 24, columns 0 to 21 of 22]
5.193004530137205,16.183924994586235,3.5401412455504535,0.18175590141443615,1.147078338001088,0.559121168761448,-0.8064062921401586,2.3168461293993174,5.586485557219653,6.702175823444577,-0.06723404268042821,-0.0239995499418698,0.2127051738924051,1.1217117060179884,3.9553029228803456,6.532268006912588,0.9552704084062752,0.9282992679147549,2.2965235980132648,2.471829526456645,1.7688838860459302,1.7342594239516476
6.051663964391669,0.273848368411883,1.737582758854951,0.14652614150268753,0.012560870824806867,-1.1285106253358834,1.2084426665151937,6.968861064132141,8.462538690788264,7.923666942376724,1.4415502763420098,0.20415804140861019,0.524534383292321,2.0416460708504367,3.322718248682756,3.24958362009017,1.3505074065529425,2.2229623546964867,2.0160444948274314,1.6830895525968221,1.9335976918922475,1.6776285257708012
1.90438363690804,1.5261881758470617,-0.5671463888528775,-0.939620440435039,-0.4815787626076786,0.5823745485384741,4.362131051060659,7.232608339599226,9.756921237588745,9.114122215291673,3.338727270350901,1.057618591223302,0.5003909636501581,1.2478177586636472,1.0120435215785146,0.8992945103876107,1.2444462892003034,5.687482843035823,1.3217079358536963,1.4728599376402405,1.3374404535196458,2.476583092657912
5.549075369316429,-0.7214414115512205,0.8456999566594493,-0.0741823201212587,0.3368373266535971,2.394887836321305,6.101074545476745,9.285199105704104,10.597079562325039,9.48396029929494,5.6141226258312775,0.9243519335931862,0.6229398962560296,0.28680597237891464,0.6620886898131432,1.07715144587364,1.5040434663763973,5.489120114915379,1.0719439468222483,1.8642651979841418,1.894660883641259,2.241871564500393
7.110883964671902,4.968501073372136,1.5887639648455665,0.2790135571160361,2.6748681067245594,6.283401532228704,8.624315503423837,9.290048993698864,10.653878626752082,11.606851136974408,8.560460553569529,0.6592713275124858,1.032734790183093,1.4492949462486036,2.335775823562002,2.296553661226141,2.3910990691045177,1.7470081183874673,1.8982159366707472,1.0795422584004808,2.138847428637244,2.5449507562521467
7.103952786197715,5.695165303780289,4.320853308909748,4.469259850427663,6.631101342217609,8.313992220423165,9.435620408280633,9.227593460230919,10.357665911011928,10.104392977211708,9.316780846949824,4.497879672319983,1.6241199388724732,2.2697007797810733,3.057097322345098,2.8582422745853706,2.0651579970983867,1.9586038536854153,2.5579352334257335,2.2328972500527278,2.0145415393554944,2.0268774698065655
8.117735032986445,6.856700661441951,6.689125010716491,7.0645474412804745,7.868697823723223,8.607167614670171,10.033728329829852,9.840768317050994,5.7583328912692675,10.976984337685403,11.163671606097274,8.987019378410604,1.4040226687394057,1.5119797138293294,1.7110507801490495,1.7613462066987928,1.9379924846060042,2.2397266562990588,2.1410300892471645,1.7172366270226374,1.5970548444679604,1.548758621445601
8.919571652414005,8.07151008764495,8.762251516665174,8.25564774692854,8.313883766428285,8.670249658867233,8.78274585388889,7.499077052309458,6.212719831306768,7.704694874036958,5.733154166898362,8.881926143456504,5.082224148938907,1.9737179140752978,1.4054515216622334,1.322758152314674,1.612147050644348,1.6256631394546777,1.5348411623473286,1.7739749861294092,1.2239736317676113,4.755206138037453
11.241075333709949,11.122066072058734,9.65675595408141,9.099427909620207,8.583053178702242,3.9694065872615605,6.838097642036352,4.438460923123403,5.160597436887891,10.116328281564257,10.063343770635248,10.256808974512628,8.597814347190186,1.5347266509230673,1.5188567129632369,1.9210487840733608,1.8375619347679377,1.4260173357162236,1.3023913300589929,1.736214995450135,1.9186921774494492,4.4821876766258315
12.352069266386717,11.798607748698723,10.81221861526789,8.867769322045454,8.123509723692099,5.242040091397607,4.530248589956926,3.6468761996694874,3.9825476613705963,10.562534704681733,10.165797048127718,9.261777036629034,10.092082252838662,6.133227252012092,1.9838397442626567,1.8075281620961055,1.7337221688920517,1.8889186293957396,1.6166181252036922,1.2934731748753165,1.3594985670658253,2.9853373627449904
12.578530213151588,11.898510058479674,10.871010447864535,9.864537579098627,6.508733408379326,4.353780288094755,3.444945704661148,4.315942986772735,4.360858890306391,5.736312523483553,11.076559159909724,10.4850240933193,10.082352098733667,5.7175335317651355,2.9514667369232135,1.8205697385072546,1.6777896191492188,1.8610787325910443,1.6898737990156134,1.1927455182933657,1.7237193229908392,3.1517198534342064
12.675119200498944,12.59597092676552,10.82343487141267,10.170584421965522,7.365452652942236,3.8072304660961045,4.774273376829806,4.42808060152496,5.636775794110509,6.184259553498394,10.817782234971139,10.215743030905244,9.208085113387414,4.722120434913536,1.8654745371235961,2.2429538850190274,1.7171146885775677,2.4956642949375825,0.9786437704309768,1.2128379288751754,3.3143428111986126,7.005011112560579
12.547270705776334,12.27306532902216,11.550114392127675,9.69792919206676,7.750673820124573,4.071435313558486,3.7555891533561305,4.0935122144993885,5.350446349252299,8.36251931430478,10.056777442813422,9.179568308581905,4.1668988676671805,3.7468743903089075,3.3125266533520805,2.0907268325324795,2.314624593706464,6.6276290250667005,6.846171422405002,6.353329039650644,6.611323457107385,7.869225100269332
12.248839202519768,12.313975428661928,11.776949689096499,10.515426097038892,7.952027618108859,5.115982225660675,4.673883194090783,4.048042340016234,7.119607104437365,9.502138932826702,6.70547038081576,4.367733434845635,5.72610860338577,3.902377892810303,2.330128080451851,3.1894316060939314,1.6970284420212385,7.690021920516571,7.864996728277709,7.441286693865244,7.632008401127299,7.62293220031306
11.531924001440514,12.072875384170667,11.691163244484613,10.625861049904445,8.28606611813247,4.7254125795304835,4.770439921609281,3.712969421471939,4.6126736566113005,8.887730443444928,7.480366828065072,3.720886384818467,3.818703730503067,9.233024134745747,4.14066496995218,3.6952386804726682,2.222616217378321,8.266759498520525,8.414724062915823,8.57449828745266,7.939629861155861,7.883532729864101
11.129338873327617,11.505983936496667,11.50620921291958,10.512742035744353,8.555543750589994,5.853082467250017,4.085028110899306,6.509558803013536,4.760601845257843,5.331868167416527,9.014467593129293,3.5380627045649145,5.230218784351552,9.20980078059429,8.644393173171913,8.282400891529308,8.98595824713434,7.251341291526062,9.162771107032604,7.803481042549295,7.5653711357057905,7.560730515026718
10.754391211407325,11.397038905625124,11.515661190211254,10.48646638011231,8.754248763571658,5.810162106696826,3.3086435083509422,6.271080763662038,9.354295359430822,4.605745418069269,6.163925399255774,5.693246869317111,4.038936657907799,6.135043906569218,9.255124705135756,9.475626684764682,9.662874109472309,9.234913843794388,5.209703685638549,7.669295317374742,7.780502498412702,7.565085696668854
10.46659977244853,11.023423459582556,11.031655147694334,10.791909069644971,8.793510522560684,5.446872473644084,3.0718775682056614,4.030214537326526,9.066669213016443,8.412566492019034,8.241128383031786,4.611565605872574,6.4707995923642425,8.74659105591296,9.02604734266474,9.744642675699003,9.453058763555665,9.140411547580834,9.041406789972438,8.329084887209863,7.608990092069498,6.8641524641821405
9.7785195766325,10.3919725383774,10.976103657919175,9.896589084551785,9.479260318337316,6.270275752640075,3.5818950901374595,3.310371568577537,5.684386338102008,7.773016229401737,5.398338921497142,7.932815144932272,8.060522475359608,7.362271633230394,6.467725094361704,5.901485959005388,9.26562160634011,8.499243481613124,8.26550639094702,8.377411882103797,7.046240211156624,2.1416994172083137
10.21165863789672,9.262005196569353,10.088234478877126,10.027843590370303,8.943895303408286,7.3973854153897625,4.147960920147151,4.012625554224306,4.931822790294771,4.421692469414217,4.648163282988281,6.849989054319143,6.214173202797784,2.851974210727802,2.1680228126600536,6.874482739600531,8.93986114425849,7.636318097045724,6.866149013256907,6.612290438891299,3.938540853716707,3.236901895735884
10.133093716707588,9.374479514133764,9.49595401363831,9.658844205985654,7.540013389384879,7.269828382531537,4.829968057153974,4.00941142608607,3.6122835743478223,3.959744867841195,4.326536791761097,3.4693329072773746,2.697128270240757,2.5937627862688744,1.8661081988411177,3.151193500540038,5.0533312424531,5.423822502618132,2.8973041849805896,4.288940885380523,4.034902531902299,3.350040440604986
8.647327175411334,9.072948095162829,7.61832736985271,7.647756052655256,8.105126687334037,4.984965795653594,4.049902345157591,3.972159670692877,3.080666228907771,3.5435615699930354,4.3065306866374575,2.9244578632926235,2.5041154726145947,2.4297715101375283,3.09256939436259,2.599879119769513,3.6185439439663662,5.069749490099678,2.7088655023326482,3.543590159450055,4.173486153670273,2.6864297634605454
6.804400344395237,6.5590307367923195,6.019517504139822,3.3092744339824898,4.452333301751093,4.295167514048904,2.7072905912024794,2.3170129624549114,3.0080395799105353,2.849188741649431,2.7517023316072056,2.484026776223048,2.8763512776164424,2.355064214536671,2.7983214564983263,4.058055728290632,2.3107158202206253,2.700137330167115,3.636445867961982,3.5768712782882193,2.651589313165016,1.9871128174612982
3.214587098551411,3.358300143346031,3.573942383563527,2.8713122766211487,2.748331336308237,4.371313262945998,4.066372578663509,3.1528412949213447,3.0796161160377076,2.5732793741640174,1.792997743471824,1.7115598006184218,2.61570253252507,2.3015305680952514,2.2063613279581267,2.7698318037723766,2.617305219837087,1.7646429963754926,3.4820734225487575,2.1531269333535543,1.961849719138341,2.4518619596756945
