script/wind10m.json
{"header": {"parameterCategory": 2, "parameterNumber": 3, "lo1": 6.000198445256149, "la1": 58.999992894266676, "dx": 0.5, "dy": 0.25, "nx": 22, "ny": 24, "refTime": "2024-03-28T02:00:00.000Z"}, "data":
[rows 0 to 23 of 24, columns 0 to 21 of 22]
0.24919490317264295,5.27037529260853,0.6681007554771182,-1.8954294778797192,-1.5415318412880155,-1.5221496260080323,-2.746944561364825,-2.5594382010678154,-4.968679372002699,-6.705043426489628,-1.9859087034446425,-0.5247151904852836,-0.722123006461909,-1.569470733956808,-2.40170015964701,-0.06820998795849577,-0.4844720683279759,-1.0946822314827311,-1.2640481065686477,0.1557831553522305,0.056661647026444495,-0.3458710512348184
1.383838242139215,-0.17417953322056465,0.16744524790712348,-0.9975308705700995,-1.6041882655990325,-1.2661523592933184,-2.1682976806875973,-6.533658197051355,-7.245963247984685,-4.643993398696166,-1.2669720132161646,-1.2471064618415255,-1.266796434132962,-3.1656055609739693,-0.2677003760387925,1.4016019966480189,0.7005803576638392,0.00826760552133019,-0.07829302451845975,-1.0807379316907681,-0.22689247618023067,0.0012085333849590784
0.13296940996111897,0.5553470359083513,-0.5835288283789709,-1.3573567845889547,-2.1149255684108668,-1.9159725104648584,-6.616820995479932,-6.219164899176152,-4.288815952234672,-0.7636103166330513,-1.2997567354372457,-1.0624342592937746,-1.0793819841739536,-3.4551058938930623,-0.5553858401601394,-0.21567541718140384,0.9431771807634513,-0.9338064586599556,-0.7798672963461443,-0.869335300669897,-0.3545621893736375,-0.3624885055013039
1.1027694611149832,-1.4578454340635447,-0.45147236469400553,-1.499304236475826,-2.299731542961981,-5.764803241283999,-6.644384504451089,-3.3860012222852442,-0.24724431657854082,-1.2984613814559047,-2.2479557794090197,-1.3884331788164201,-1.298518402696106,-1.4835741700194012,-0.6594069374979883,1.710371713741344,-0.6803851115710129,-1.6960759172836464,0.300538589581034,0.42190129683021477,0.21094629597027367,-0.4783236109171574
3.1643663983496255,0.08007033207249487,-1.7408007010345832,-3.136250501056028,-6.224867212380946,-6.929048900212966,-4.261183064293851,-1.2178055389260591,-1.0555070232757389,-2.6128597953168513,-2.6815405617097965,-2.633349575045009,-1.345276990183418,-1.0650442498147534,0.6000268267828643,0.2126499057818399,-0.5856809955400469,0.5824866578469543,0.2132987900460204,-0.4972414670645676,-0.22873477303422596,-0.8793921048248076
0.8153842771739889,-0.775031250762906,-2.768361529857189,-5.439338864084103,-5.805514060566873,-3.7134823208550096,-1.0510464271280164,-1.590577362329746,-1.5475384661595522,-1.596906783327428,-2.001576827756637,-1.6999201764710055,-0.6426917225824668,0.22749070388366452,0.004420496077604803,0.05096397301344322,-1.037665066736413,0.2748889738720799,-1.0583054380828143,-1.0589099096769512,-0.6964412819218438,-0.4235746948374439
-1.0157714502829382,-1.825626033452055,-3.5802637239759996,-4.311811946318259,-3.9244697713656587,-0.2669772528079552,0.2048199636374394,-0.16805997028367017,-0.9316417349293726,-0.983212520853843,-1.417749698278624,-1.145513954525947,-0.44314925680058465,-0.2333064997730874,-0.028638269794386793,-0.3731523524882441,-1.3636460382650142,-0.6714589720697939,-1.2662453429598917,-0.5295373438275311,-0.6773847688214478,-0.8796420573896151
-0.32666884051938866,-1.6089393829181462,-3.785219170034126,-2.923973801253064,-2.5648402422149412,-0.7181668910221053,0.032738333379876555,0.9548737007426169,0.3575743778892987,-0.8251522092618947,-0.6371914791711046,-0.3076996147918884,-0.6989845128973149,0.3349823595102931,-0.2846142251126381,-0.8143349019744393,-0.9806255429606675,-0.7470527738151045,-1.25646594114494,-0.7281107814497334,-0.8646659762412563,-2.205371277277241
0.36832906917751446,-0.8304429954924532,-2.6113509642470745,-3.551726884483751,-3.4876974385385653,-2.5919059846309493,-2.0935911970883248,-0.9021708170989081,-0.1125708529416872,0.01579797614257874,0.014037725024794893,-0.5338402023868877,0.28591653292854136,-1.3196139232046866,-0.3453688114082135,-0.7584498524699955,-1.1230321498269418,-0.8799610637917962,-0.44284758446283395,-0.8968616305604283,-1.5535960776630628,-1.5897718258610614
0.4845456497721633,-0.6335371478380764,-2.0657482571700814,-3.4884155478122176,-4.309664770770435,-2.961748361963419,-1.0880077529714796,-0.9729098411287258,-1.3925842686320289,0.35796053893089197,0.23943047989055968,1.0168588636209712,-0.00844472139472283,0.09605213345903864,-0.3347746865716262,-0.5067333776169739,-0.6433445174366182,-0.9254212901266585,-0.5969410248696367,-1.0297556822184548,-1.4009627650348666,0.5161957272874971
0.8556621807499197,-0.5654802327159617,-2.1081371920711,-3.298328507281009,-4.078732700367203,-1.6942034778327322,-1.4054627576487033,-1.0540296497010972,-1.6171835173450417,-0.3207036850674609,-0.5326493003222174,0.0063435125012051875,0.016505264591825414,-0.8706067858301284,0.6391566905025623,-0.5677228074512302,-0.7199229602724713,-0.600996943310887,-0.4261060795534941,-1.2888884621542707,-1.5162655120791457,0.7696344145936161
0.5792998505898642,-0.9781975490877161,-2.2505919793719933,-3.951697516438749,-5.229588643835567,-2.006394237688784,-3.293711872693272,-1.0943419881931407,-1.5299865447963035,-1.1021213083505106,-0.6007617352947475,-0.04526194716950214,0.5228142840291181,0.30523959091935715,-0.902933300728083,-0.7509767132890744,-1.2016664593404667,-0.7991102459635848,-1.2577289206847009,-1.2102493440496707,-2.362502543814455,4.958393523361332
0.5616393118262666,-1.0340868197296413,-1.939761331960201,-3.487686264058231,-5.772179153633813,-2.194991221743149,-2.9914164581984544,-1.282853893709296,-1.7740285785313608,-3.2788460750244894,-1.977472221530457,-0.5960796109869134,0.2555691945525482,-0.7070521397062544,-0.4336052864456348,-0.9135324041352701,-1.1006443674188322,-2.686685395856515,-2.3289321182088196,-2.026129021106264,5.153111201906769,5.011984963097424
0.6988080092349923,-1.045291954893898,-1.9398812804038736,-3.3359129778888907,-5.2414779203692925,-2.3339790435256083,-2.8470336881438665,-2.492595880837151,-2.5851430980330656,-2.7377644699963595,-2.412036099718542,-0.5872589728188793,-0.7738828373199804,-1.191891498512124,-1.809724647184431,-0.7277297257244497,-2.0874938475573135,-1.4512970620494938,4.764882345018786,5.261267857638999,4.952736995996059,4.672769678938638
0.6208871837920171,-1.0499860576457518,-2.4655427841969186,-3.4815398021472617,-5.364712199566517,-3.1414627596673927,-2.8811768317149498,-2.0879993878906196,-1.42842372876447,-2.235160068721997,-3.0656436756155627,-0.48532191972087946,-0.9937036786116358,-3.2373220243772742,-0.47016767812711135,-1.267700809286615,-2.148979563223954,2.4275409205244745,4.640199376404844,5.465776064521304,4.82339445760055,4.436629491333166
0.7712357722805105,-0.9212485904203601,-2.228419089002397,-3.328286105883249,-5.29748309090016,-5.0137547688722535,-2.328074744525184,-3.2509596397820744,-2.468348423822859,-2.0597772402706296,-4.339132046812624,-1.9519207182497733,-0.8835506763970203,0.07289021081780703,-1.3452709115558734,-2.0307640744208695,3.0835075035796087,4.7184378153734805,4.905646699352362,4.868025817375952,5.621552614352142,5.068555429817695
1.0008670116183953,-0.8961266231439392,-1.3552531784462323,-2.3660987651114542,-3.8616982681096403,-5.251891978917586,-2.7423255156782855,-2.808026292514625,-2.5495759580338073,-2.4246128904612174,-5.117432840836766,-2.967293630163758,-2.4477981566716465,0.4709847604772349,-1.0762004638731926,1.9257404562230438,2.7969619030163364,2.7821520947390863,3.253375054482696,4.775296031144234,4.797126250425687,5.179525518459929
1.93697408016497,0.23548829385772732,-0.3528682109397043,-1.124324446115481,-4.179200261685713,-4.856825477160507,-3.505465537723558,-2.891458726039018,-3.384516117935147,-4.973252756549004,-3.2896303016547868,-1.8250722227388696,-2.257175295019608,-0.2282168000730311,0.39886716998322763,2.327238375438882,4.193731133187587,4.386331318771299,4.078581829290626,3.8356178705021464,3.820941245997237,3.262816531994555
1.9285664535402105,1.4678551669242579,-0.005362136105269716,-1.0983919387465209,-3.4781949292733296,-4.627489960717467,-4.2966770059151616,-2.3335154336766495,-4.207591649654838,-4.96051479470654,-3.5699854486845615,-2.8956125975839555,-2.3278329049886963,0.09898619069316296,0.8949442608520686,1.6983561432032306,3.879721001073263,3.4855286117765636,2.364528630908115,1.9345104147532923,2.199410124072783,2.069318278443156
2.9928015962943233,1.8288282735605856,0.6585313594937896,-1.952550917811786,-3.861845683957584,-4.308993416360982,-2.311030500185289,-2.3207741799499986,-1.9266365925318452,-2.481634782610641,-1.836672353402584,-3.246651970851838,0.30062331810942144,0.5413861510206986,0.3645748544869156,2.6486710380573326,2.986622259766943,2.225046141759733,1.7770681941495206,2.687835679041726,2.343985688760143,1.7401321395966602
3.09000503223137,2.0928729191412248,1.1341418167654695,-0.7613938855390164,-4.273495746879942,-4.213347870037328,-3.456919789637363,-3.735878781512484,-3.2089698983914148,-2.2959288678822056,-3.837515503946937,-1.8951936389581712,-0.8210248280122449,-0.05740577976478769,0.8360707294788305,0.8495412529655623,1.5899611002382932,3.499168067932591,2.1708910458411363,2.849285507786234,3.187513671822724,3.552557583416428
3.6385947794868048,2.2159998979643785,1.5782783883473117,0.5051856613191297,-4.340289088645204,-4.258583502380127,-1.7220483697498443,-2.7457602866271498,-2.2859691669928806,-2.4002828752631906,-2.1842071723304066,-1.438591986919402,-0.9798179403609253,0.42986218318156955,1.2567215892968904,0.7524997905044958,1.3043054647032983,3.8023299713321825,1.9417757394830406,3.065783293921867,4.7543980837661906,2.627242724644597
3.288203947708557,2.95170589347601,1.0884213777454086,0.182453900832559,-0.11479138301095973,-1.8995989680838312,-0.5412088267722693,-2.1286720037827176,-2.714831586311975,-2.6301610549366714,-1.1212057559649913,-0.9721136013687727,-0.20446855271855713,0.4103383792331483,-0.638636091959106,1.1585927065057937,1.3539040678780212,2.1302231568273475,3.3022217276715926,3.246791403398745,3.1936287458713117,2.275780996352504
1.305619617982109,0.7444681988893233,0.7574052911354946,0.5861529817202752,0.7768540894436856,1.1096354245400297,-0.7809774834357884,-1.221786013457898,-1.2800184276016457,-1.561567641729208,-0.523897502868626,0.31458491095147945,-1.1211205370008581,0.047051366639366855,0.3219346762318376,-0.15110453667909168,-0.032622940783682955,1.1210905080383113,2.5470838465660663,2.9770637400332562,2.244384298479977,3.4362941444671797
