script/wind100m.json
{"header": {"parameterCategory": 2, "parameterNumber": 3, "lo1": 3.000054539987559, "la1": 64.9999836372058, "dx": 0.5, "dy": 0.25, "nx": 34, "ny": 52, "refTime": "2025-12-26T08:00:00.000Z"}, "data":
[rows 24 to 47 of 52, columns 0 to 33 of 34]
-6.2128918757911045,-7.229283690272709,-7.6606115923406275,-6.095108568564846,0.12075914101467783,0.9981456358559803,-0.3612709308713177,1.304529643144721,1.2136748053208377,-1.518265188875831,-1.3970472867313244,-0.6581784217665235,-1.7212474316228448,-2.6387730202253414,-4.00190073944931,-6.024010430528618,-6.253949106534483,-5.983701856390418,-4.986218398375263,-7.009784139808248,-6.873756823755629,-5.54356768116885,-3.2241174882278543,-2.973583884875089,-5.060722184618192,-5.178468255052202,-7.27922687241971,-7.177454517977317,-5.961531519474643,-7.049019382297325,-5.522971185879469,-6.064398867126267,-8.562385366874013,-10.348085470357368
-6.876660664157192,-7.609332410674833,-7.753477080726738,-5.976323099963393,-0.4917534601091605,0.9586992857599873,0.8843958649979847,0.5390516011910576,1.9523912538092363,-1.782557090750171,-0.8777124635693591,-3.457624041721712,-2.720839154812488,-3.2046553718053565,-4.540384100047781,-7.245942621812674,-5.977824461726992,-5.288619905884034,-5.085823335365704,-5.554823050331962,-6.948543283070481,-5.24682186442116,-4.847213490581665,-4.27868607029858,-6.0097064996351675,-8.466007170757733,-8.907040952189261,-7.629913941135443,-6.164963784622591,-8.029632802498858,-8.452097749271479,-6.403103736696528,-7.383885823214728,-9.404221485645436
-6.275480120330077,-7.365812800066705,-7.49972790039445,-5.521699323367771,-0.9910706503998483,0.005193602910358924,-0.21645786323994048,-0.5644650318553198,-1.0325592274474147,-2.783008157044944,-2.5093157159835275,-2.3327903647239294,-3.870142202152539,-4.626583601927565,-5.071440310272353,-6.184057833355992,-4.376112106827723,-4.497296779104756,-4.591637866497866,-5.647206202864739,-5.578815848182067,-2.8244048929649948,-3.188782839789176,-5.385282972559982,-4.221101122831762,-8.015125286603064,-5.0016374549628795,-5.244218880537916,-7.375154305045559,-8.897641914133013,-8.403301989315413,-7.762338534425764,-7.530156380557635,-7.979174573667845
-6.479841249452652,-7.15965189512378,-7.399131220867359,-4.076016742717319,0.5081747685586542,0.754844567756643,-0.47101405433913957,0.9936547269642914,-1.2385095162235775,-4.740337922366557,-5.052896706557574,-4.5623935655085095,-4.094581449956022,-5.391281468693255,-6.889228594012644,-6.144390390233734,-4.876029738305392,-2.682937684788904,-5.3555852374032025,-3.5890886998271307,-2.0016273198118935,-2.7952807378994193,-0.9989384022342884,-2.2076032321644887,-4.370412631510989,-4.825448236906476,-6.288128059947823,-7.446249900404081,-8.130176266904837,-8.589220219811088,-8.68354377585044,-7.632466312594059,-7.396151058002128,-7.422830441188924
-6.448843705983549,-7.148692217249983,-7.355588587183011,-3.1781312417811782,0.9832888926341639,1.3135417913448768,0.6858000527789535,1.317511730746018,-0.1942953168064672,-3.012063056805668,-3.134798164968441,-3.437519183317934,-4.041045291320279,-5.423168191235799,-6.116249623665475,-6.415038499898054,-6.062405604926613,-4.7238547214297775,-3.4223309053055346,-3.9199093751969425,-3.4539715838677125,-1.5991192557543485,-7.41290340938378,-6.184407255083061,-5.701267102994078,-3.2941237234214378,-7.88341630460037,-8.094207643848511,-9.21609186850111,-9.650423560505311,-8.972152885590003,-7.943534169744047,-7.618717993828804,-7.39159055495836
-6.314045872673598,-7.103003329876141,-7.419065867396966,-3.2033490990408264,0.0921657845916488,1.2620690902499079,0.8017445711215326,0.9852683459394538,0.7212833158836636,-0.08620080560579348,-0.7638576688895514,-1.7868306401407168,-3.1126879102765215,-3.542081711728969,-4.135691015588547,-6.104609902462838,-6.067830120481514,-6.878350932119456,-3.626269643333141,-4.1979464195992735,-6.523135976708272,-6.40415844460435,-5.76166554014782,-5.783444833103109,-7.181472391499018,-8.003539004907024,-7.41986799792105,-7.287631940430747,-8.279964869692694,-9.839551361760657,-9.56680787354741,-6.673230486217368,-6.487232759880593,-8.75231999739882
-6.074842704604231,-6.709148440590884,-6.861804424367344,-5.325804614378495,-2.2901268447547416,0.702318601241582,0.9972170114401645,0.33529968419268574,-0.07035138988066127,-0.5941808730133528,-0.9981124485213007,-0.7646869100986732,-1.3491666219905276,-2.6320221430293387,-4.155132118259875,-4.972415713681521,-4.831014386247575,-6.134660611085862,-6.275953649550121,-3.173033266643568,-2.566375191029571,-5.794139196435842,-7.3676720764538555,-7.088253012325565,-8.347051545449435,-8.309312678299756,-7.668685954305354,-7.3624156367339175,-7.805688732599251,-9.2523541304421,-10.037084194194954,-7.541293672475647,-7.967149142248604,-9.100765439703519
-6.514621635399219,-5.893087006623565,-5.938846109975831,-5.307076753665339,-3.6785988468558006,-1.5568471934589776,-0.5177860220357513,-0.024847448466025712,-0.055839324677555896,-0.09284406205162177,-1.5244147394866578,-2.0941935605415853,-1.7532328929533623,-1.345932187847062,-4.104485367735888,-5.8831592167270665,-5.304854294551946,-4.693185471781507,-3.520296780246055,-3.904531475478533,-2.5555353150574445,-2.903112202451164,-3.6689181959478954,-3.9753852763770796,-6.825186669441646,-5.9800650904182024,-8.654982145971584,-8.600229482015711,-7.123348905927165,-9.266762957070613,-9.188423452008234,-8.219936956149269,-8.9648629959962,-9.78866033384651
-5.383116014825815,-5.148786950170159,-4.704390269105509,-4.836261436744041,-3.727275363045319,-1.8975587804907847,-1.7823870491646079,-1.4139133082360493,-0.5994129191447307,-0.7216599617435968,-1.322463180820805,-1.1192700964492963,-2.138703053360988,-3.3639842385536136,-3.7202201681800395,-6.087177973162656,-4.861250417480776,-4.1463043503410395,-4.064727683976739,-4.468269622321119,-3.160512740021983,-3.3902356515536822,-2.776125295678632,-3.4179796072667603,-4.350612880730648,-9.050347038149448,-7.704454214754679,-7.74596811606805,-8.193571014859446,-9.287711732377293,-9.334030452223692,-7.909819696581475,-9.392292172662332,-10.690486839032438
-3.0493590525870546,-2.0540211018235133,-3.556034755989387,-3.9624321716143465,-3.230162479800302,-2.2130520619689333,-1.4525981619708297,-1.8355564019887103,-1.5788091710029826,-1.3607525367445494,-1.1715242051530106,-1.5603425034247722,-2.032086564986557,-2.677232020309576,-5.016738848914623,-3.113269994738793,-4.971328552369911,-5.587891523076991,-5.051608618842095,-4.293150255719001,-5.057397328395031,-3.975406435604476,-3.841843219525273,-3.559221049959731,-4.867678439413485,-4.9376431093526,-8.959449827413337,-5.26809947212135,-8.707015150318245,-9.615521041987833,-9.451509516260622,-8.578264264793827,-9.988985635835755,-11.654814654314915
-1.1927437504793548,-0.8288569591612719,-1.5047351375379885,-2.071418952688758,-1.8622165451161503,-1.903669005093198,-1.6838559453542572,-1.4306447001717282,-1.8747000476842426,-1.5996313348940359,-1.9221004230054206,-1.9244367228193748,-1.1742361682008555,-2.6324851020520548,-3.4292428474862886,-5.770296197055887,-5.306403740976851,-5.911823519676801,-5.776072276527402,-5.602398204249082,-2.6296678767967183,-3.349926504923722,-4.82885680175466,-4.613321482697543,-5.537831572179062,-5.8841905396061644,-6.54933019843116,-10.117264599849838,-8.885265876912884,-10.33725438911036,-10.380149797324439,-9.670931733239092,-10.560635548454972,-11.715635689696947
-2.8920068071997793,-2.2954870727227523,-2.20370244783378,-2.2155265210276487,-2.142354851871637,-1.9067374321220356,-1.612951205745476,-1.6077896646619902,-1.6976536160475701,-2.147205742729578,-2.457298927892004,-1.5321707791946035,-1.0712364044608766,-0.49637410109953983,-5.287421617933865,-5.148511471437694,-6.61166325711965,-6.204304137986947,-6.137750390775706,-6.256951461350254,-3.667876043691383,-4.472783334791651,-5.420710557955591,-6.181896315473657,-7.154904644330427,-7.211839335510026,-8.604912477374654,-8.279447216083256,-9.541458952151368,-9.420860892936005,-10.446530992178117,-9.924438001461935,-10.430884321602857,-11.690848587637984
-1.9774748630460894,-2.4638441109075204,-1.4700160081997256,-1.452457387051639,-1.787516017287665,-1.4463110510139605,-1.281441876083316,-0.9180421061802588,-0.30064853634573524,-1.1022515081271786,-0.8567505821331699,0.9112381718119544,1.0151157554276604,-0.6151568754337491,-2.3902936250185363,-3.29096830291243,-5.775130792023419,-6.020246616241203,-5.465816432649884,-6.816554413356465,-7.619746276920051,-5.677199914141534,-6.517300156155052,-7.18294823950709,-7.6602133135058805,-6.876695423545621,-4.819642724881734,-6.845378546550356,-8.58208809513312,-10.590047606573403,-10.86509911689354,-9.817591715075283,-9.759326770217353,-10.649784121250374
-1.7235650012390087,-1.8585286698380858,-1.5792461095864705,0.44720616386976203,-1.028879582305757,-0.45210513920802514,-0.35772787719399785,-0.1784094242273095,1.092125594094695,1.2705918491522403,0.7920199892334616,0.258755833828505,-0.603568213425631,-1.4416516663586876,-3.35479837055609,-3.698521008469103,-4.952043684740737,-5.379086433751676,-6.543364558761026,-6.410847678812813,-7.517351628937976,-9.931584911374879,-7.026744745103032,-8.57470035725181,-8.655646404478968,-8.358089936957763,-6.207508803610371,-7.592671207020003,-7.7942176022478,-10.117434707980197,-11.97437849246588,-10.555396208235148,-9.375222715393631,-10.185253056432499
-2.0996747806139493,-1.5043344274039792,-1.345067631992787,-1.487415966545603,-1.3842182358303732,-1.1418726813128866,-0.08395956103482688,0.28814769028439996,0.40712968821781736,1.0668728870771738,1.1615655506140992,0.23060376057849172,-0.5236952981669135,-1.0279454086715294,-2.196907360801477,-4.150585079299086,-5.477347039463287,-6.010554003723804,-6.914481771630497,-6.807037437645791,-7.504205954767662,-7.790569961623073,-8.040666932573542,-9.883732650412188,-8.41005512817716,-8.863612698450787,-7.595719758685209,-8.055030725984787,-7.621406531322078,-8.323049674571088,-10.329825002346189,-11.212524500156093,-9.430716526879568,-10.084740007646449
-2.2006191111407767,-2.159638443413087,-2.0428440069823393,-2.00938867571832,-1.906555857881401,-1.5143276081364216,-0.6901980757416285,0.6807627597712178,0.7965020736559124,0.8988746626199934,1.0080633869109181,-0.1744747421249068,-2.2310155262526465,-3.083865876028653,-3.2642433790107592,-5.2086421035987085,-4.733878135133948,-6.102284677517801,-6.853769474345644,-6.246144121425085,-9.339088045770831,-8.288609151168032,-6.8855087594735505,-8.577061254194156,-7.68813335526148,-8.824350627662245,-8.119881898294357,-7.484512472481826,-7.888318695565078,-8.110757274581163,-8.786447303184246,-10.29821005370731,-10.793375127428376,-10.427752385160339
-2.467524415194284,-1.8835605672637021,-1.891107958002445,-1.8094868367471888,-1.858986805369377,-1.6346964217679323,-0.5718865255383934,0.05237320218987426,0.28754585712952074,0.6754268908713713,0.890442465871859,0.7505138243154141,-2.8741809340800044,-2.933769374752646,-2.605164834379626,-2.429913283659362,-2.097972965333198,-4.7340462001958254,-6.405740835660434,-7.643620786136566,-9.099655596660169,-8.92769404295376,-7.166538880449393,-7.093566851880734,-9.045386722434412,-8.943218188316402,-7.820140631541724,-6.96394841937118,-6.948662057577263,-7.495165904083182,-8.576017024592014,-9.709034056749706,-10.584262262103977,-10.476782419488119
-3.948491215117674,-3.275757275844655,-2.0058001863875488,-1.273836739132949,-0.9816196431008758,-0.7306922503203416,-0.8409269346992729,-0.7118579369939896,0.2093449043070056,0.39780536668620425,0.28524109151833,-0.39843419248395584,-2.864789919931323,-4.45828477886515,-4.295297459378437,-3.4640094565379407,-3.6648005219216255,-4.770470277076372,-5.925160836117005,-6.8443344636612835,-8.16139774484224,-8.4863745104725,-8.361720642229383,-6.882205556757322,-5.914084230083068,-7.302318034351433,-7.42024407654361,-6.55432685159568,-5.843036167599441,-5.650260090377205,-5.10155948269324,-8.312820720852189,-9.974956814022155,-9.75582892938491
-2.626566027252705,-3.046046267190703,-2.876351070524501,-1.9196446298832284,-1.7045081799792268,-1.246022910223854,-0.7941478132260661,-0.6675301193324961,-0.5323852261638856,-0.10603924027706914,0.4977864655495086,-0.9873627787123836,-2.524692782116987,-3.7603430486372034,-4.885910892224776,-4.565145084867738,-4.271692818184882,-3.2661169027851407,-5.147556459484709,-6.632638326369129,-7.4969296648072525,-6.921177162263526,-7.660374841951765,-7.464650858766753,-6.0069152964640935,-5.035880235218202,-5.815327090364664,-5.186048830773336,-3.0643833081998744,-4.627933317938304,-4.803460679086703,-6.2612770413009455,-7.59168322411351,-8.985642031528837
-1.8015431674220044,-1.2249757427427659,-1.163195720244259,-1.3630357115363847,-0.8011730380059796,-0.6323256146691135,-1.2838466636895667,-1.2602382148451585,-0.8216487228683942,-0.40986412961885993,-0.10307571305319371,-0.20952600584258954,-2.4469273665828575,-2.996936995455465,-4.43610937496366,-4.864741689531778,-4.537718830253113,-4.633023002896306,-5.819424664379317,-4.834874249809021,-6.307261201189059,-6.33154298320154,-4.41374062843859,-7.231168511237959,-6.511024179062552,-5.462084766198802,-4.5037582975001955,-1.134098200070146,-3.793141495435611,-2.8421062088271714,-4.208275155376222,-5.5015198658614475,-5.769629553752894,-5.820897732924406
-2.358338981820338,-1.7912469841738523,-1.0703459077968507,-0.5376435141345084,-0.9369593924300984,-0.8402220927293352,-0.05947911924174049,0.16551729080370983,-0.4674528145956508,-1.217016071018891,-0.6006895049666058,-0.2995352406368818,-0.8896236023151263,-1.7540160565137188,-2.9945361016210876,-4.125391140107049,-3.4870464726008867,-3.8589925236475437,-5.484999711557827,-5.5376351605363725,-5.831083965497885,-6.272200762327377,-3.555411528530724,-4.147619174804888,-5.105442049606875,-2.20599512639345,0.44117781787929483,-1.2081502740588734,-4.3473708996078395,-5.326876719816449,-4.662403284678832,-5.41060026118873,-5.662771017562598,-4.017641449733418
-2.6790023157605636,-2.373328724137807,-1.7742348624135362,-0.8486072672092473,-0.01697208363549247,-0.3269414089711764,0.1319086685515416,0.05336682818283646,0.27051296840465344,0.10580337444153984,0.36562790944583023,-1.3693678978960762,-0.5246769812332251,-0.5420700913302083,-1.1561848919158864,-3.9054998065050848,-4.072457630043509,-4.301119588658896,-5.551668694175606,-6.005923390991128,-5.363817369972569,-3.580268429254692,-3.5844226031505135,-1.7341985695306548,-0.5546053427945097,0.001261440723230041,-3.795111913747364,-1.5618682267619979,-2.1115962511673643,-3.0332711797538288,-4.155707729453075,-5.622773411563167,-4.020759528787124,-3.703888984072815
-2.670836415472772,-2.5259241407586472,-2.2718296487357947,-2.030705390040169,-1.0046843253760604,0.9666126228991785,0.05496474698965958,-1.1280746345769077,0.49784175405133557,0.6405029881227844,0.47885697386891307,1.106978851910345,0.4244079655677345,0.3246348280415993,0.8399757413850788,-0.8152772237371303,-2.0592051836714873,-4.412695705036071,-4.181835828520384,-5.372861007957618,-5.9786325726143,-6.027806148736732,-4.824982110737082,-5.038173071912969,-2.757840480908025,-3.9758162754970194,-1.7166146652408716,-2.1545342029106247,-2.9316198528478083,-4.006539881439078,-3.1949459443330426,-2.1247259996277057,-0.2024376124803941,-0.5471174435429449
-2.262036542692926,-2.4432865447156757,-2.6025361482916214,-2.6343097431245917,-2.8291589814622844,-2.0525990333639568,-1.1909715028015357,-0.5949826340569677,-0.09949636099126147,0.8225778518628717,1.0226333082282097,1.1548524458295566,0.4406540195238302,1.2718794774794389,0.7417514193744792,-0.13418513557220219,-0.621712589244414,-1.8204572959387348,-4.029575082483879,-4.553511451017127,-4.412845009939379,-5.880405713859937,-6.411182426285445,-1.624651325669,-2.5833265127165195,-0.7825153542348114,-1.0766300629503773,-2.2912488990809723,-1.9425714272843821,-2.232601277741285,-1.3886226953152068,-1.0078255338735733,-0.9517567930956312,-0.8251122521249683
