script/wind250m.json
{"header": {"parameterCategory": 2, "parameterNumber": 2, "lo1": 6.000198445256149, "la1": 58.999992894266676, "dx": 0.5, "dy": 0.25, "nx": 22, "ny": 24, "refTime": "2024-01-31T19:00:00.000Z"}, "data":
[rows 0 to 23 of 24, columns 0 to 21 of 22]
17.76138866721577,14.53757367500744,9.429146905855758,19.852674859247752,21.2495673546614,14.01757882384505,17.088493151652646,12.2874695889908,12.709419571746459,11.035830834575792,22.591508361173705,15.49553348449747,9.493541358425146,20.11040663385734,11.480092199111262,18.12470987168562,24.915024471610508,9.648391132238517,22.45256561280948,15.603750605094838,20.878992192799572,17.447297726031564
18.15661321459188,10.095968010674138,9.780680156028373,17.964354864054812,12.737829748191265,18.55834355073793,24.381636563314647,19.065067252940523,20.765374716729962,13.206227396656056,16.10855583498286,12.678812309147798,10.271297044674121,8.656875206068161,13.033540003159024,10.989146337221362,17.69645040149151,17.79964526267719,18.01468869673406,15.189668659701463,22.54250090094481,12.353971693703517
19.213078509030744,17.039428159617465,14.234633010777756,15.920726537282938,17.91347102218858,12.325679062889026,13.78297018224358,18.932666690451136,15.945703249273468,23.458698590790494,16.37957016528106,8.946923233929974,12.937347732282076,14.841829189621517,14.981119307264201,11.755894509819454,14.09352837455959,16.052130314139173,9.097095147546309,10.1440356461504,21.201738919309584,15.821019236917069
21.241829065535534,19.75200512744817,15.709299924287155,14.709635479699054,19.073435850274503,15.87682948303598,12.940188762853477,25.638452258554477,22.387455336632318,22.61537766640032,18.505979310697498,22.79700466728465,11.980950601129205,10.801598751497696,15.629264215287405,19.885873559446154,12.574675180955914,12.88232656438363,16.43447905616538,15.237098829364243,13.008153625096492,12.508491891392685
16.14902075464591,19.443282644851003,12.480160299057681,13.64595072042278,13.058310535927014,11.995482050728242,20.40744776951903,11.633467891581052,26.35221478454487,8.986239606432642,18.44465155861157,14.445165622367693,16.112323475817167,12.116342341224254,14.469554573268919,22.823203287429926,19.306280451680706,8.702492217602439,19.246262191859785,23.016621039021132,13.655703782903112,14.291952036408246
18.36834708098011,17.403263799898948,12.34595275951329,17.5900633134958,8.446017214264264,11.163712801737715,18.55155324378495,16.318197290972908,13.261219710084141,19.407517978774404,17.205314642107197,17.130946414989296,16.43929461617882,18.487403902269957,11.168753552396014,15.265240351142811,13.6681486590189,11.090097146946434,23.401941075287244,10.921788024856657,17.559986023812478,13.266246618694385
13.733985632699024,10.11113225004744,12.241887915959511,13.576689800603313,15.754410334765064,11.23811878195754,11.854842104540454,10.304089300277814,9.847018421130597,9.63964612198875,11.63776208409145,15.739687987487285,9.777212364117357,21.70639385153549,9.764994835808192,9.629848553978128,11.749867953544213,8.736200446570756,21.8139637012177,10.043008828596482,16.85132817617596,14.563090929770679
21.678733133005807,13.654800719398406,16.369734188186445,13.287930512564344,16.307593781023755,20.382097348515295,12.439454421361607,18.718286909697436,13.483749378266753,16.302438501754374,9.44941752788956,15.512112988052225,19.942622225209245,13.469267965225498,13.81155492200069,15.307078518980331,19.00754988042897,12.17306784378875,13.891128430217192,16.270541760707186,16.180270427119186,14.862590594832168
14.124387291596932,21.792318449602273,18.73879294296302,16.733684604110802,14.213998962190457,9.3441266637541,11.783778048491877,16.80786581597814,11.691755098515713,14.098638526463967,17.29581752040221,15.454687414707758,23.8218087838441,18.911369846088867,14.970124963614476,13.410787417848853,11.381592069689393,23.090787869100726,8.74318347212999,12.377922635264708,13.847371937401318,23.08183516183343
19.40648140305437,18.89697575173749,10.402215298039893,16.976472467900173,16.419193427074696,17.93109258242082,13.609261257099087,13.288767112081894,13.902910088705482,12.843897645367543,11.569136903545877,11.766792935499343,21.6266140956013,19.017761585208035,13.75437794681209,23.961170374602204,20.43633837281301,13.48081931981681,13.769087095798245,13.4417754008138,15.149795713624542,12.540714995312065
27.77899940348978,22.99065767306932,15.784628927636891,9.47426902697236,13.630844252663307,15.92114982302402,13.367580877887207,15.728102286325989,8.328394862872228,13.398567492596241,13.503701545663912,11.073501071927126,12.972510262474254,9.113931050703494,9.324116247625994,12.077044565197916,17.218022920204277,13.92953969186367,14.55811582087696,13.232235129983335,13.039228347290337,19.146156948764897
12.313692728789714,15.360338008855512,19.288651658940456,18.450980147674173,11.041549904182252,14.238948383517663,13.638806144431339,18.06937110351462,11.341445900393149,17.864571806222706,10.26463849130035,14.580829552971716,11.990503332137006,14.599930714543778,18.32876330496309,14.041984813107952,16.44339522766942,19.12721342178977,9.368766514955219,12.548435191008396,10.193499359858103,19.059535131096176
13.558258707670124,15.32803119165071,10.972471109706982,9.082020209181781,12.644470843620036,20.091534571223768,8.921152343890876,14.675717832461231,20.782911651957463,14.184888215318363,23.964686164820822,20.92197480409656,11.964728229350731,16.661877467857618,19.376419785916262,11.416649898522934,17.242266471733515,9.725739447661685,19.48211722642393,14.370326496693538,14.237789420277585,16.202082593142997
19.760432596240143,18.343467596336154,8.808402696892802,12.70560709500047,25.014330027490495,15.869467789485864,10.358193269508426,15.376834213962358,16.712928063272493,9.60724981984413,13.234118342471627,14.071732398954781,16.94205988279764,14.797445940692977,17.62233817480987,10.949935755546468,9.135923798309744,11.494476828692674,10.494831804472186,20.855813000873848,9.216785854955717,15.129286060337188
12.988758408804397,16.421545966757115,12.14228673592489,12.26458913850258,10.807383170125057,9.278938362583945,14.467953412223471,15.611727807488322,20.190681302449764,14.182480881225382,18.25337627559235,8.43753503862082,12.51277773339211,13.690831907310198,12.57792429277861,20.604340007189563,23.29774206743867,13.2717612339504,12.3925029097645,10.73941893573233,10.409762333850376,15.836874952280994
15.736681097611593,11.281197371414713,13.5927940905271,8.684881272260318,20.94407522807797,13.39365258270062,18.65391648257337,12.216375647699042,14.291984365419623,18.332960780780773,13.508729268941602,17.31498535948969,15.971527901059684,14.537055703064677,18.7791796484662,20.062917158547723,13.301952042818115,17.665819371648038,13.104859612877625,26.043347885430528,14.341007067170565,11.417622510629093
14.316018034558413,20.573809597110493,18.892196084755735,10.920436948480583,15.001685910768337,14.300108463220912,18.742062733305104,23.338853789409182,17.998082767984794,13.318730052694436,19.3449008257014,9.79674897332974,26.225714936645648,15.585299896235986,13.598929612804591,24.28419093217726,20.07380658152346,12.30100437607001,17.24056242439611,8.194776280144604,24.34685024722419,17.756233096105984
13.790703946581507,18.694864170384378,8.870622009327372,19.50146890098179,15.486545653704656,14.740099447622576,17.146498344653608,18.157442064958207,12.369749416011723,12.824033566564598,8.821530788377993,11.435259963708576,12.619795260953468,20.328132594553157,19.05761997185087,22.711647456449143,16.993424492865365,14.445801463489063,22.713863778937483,16.24573720947363,9.793006271454574,8.54277977830305
12.39693371824799,19.33339335789378,8.699194818504994,21.305188158340624,19.184731118302693,19.019041542751598,10.204672884670533,12.082802817187417,19.67593109224467,19.18143076137141,15.223382404046308,17.71776906931379,14.298783076499648,10.072336013355978,18.50568762909934,25.061306421785293,9.261787596094493,13.695321051596949,19.733721871659252,12.605846416307589,16.95955584788537,9.92473114874516
14.52071327430633,14.078012630024897,16.89772560790338,15.978172617821222,11.487408049371123,20.01544863368446,13.107557648096124,23.30124434212953,21.70769014272407,10.453752425654356,21.104712737817835,13.981031247693197,19.56210355430749,16.76167738626324,18.671821589027754,21.715491868064266,18.133044443449503,13.68217733745879,11.047622720310303,17.892726654883877,19.718570610459743,14.048101450103113
19.329599824533254,16.139379610095027,9.680570429481053,13.073583145224088,13.601762915458114,20.43564512041255,19.407950559690867,10.32514105126029,11.734899341213303,15.172681777406419,15.717211183744602,13.35298198433815,14.824610309848813,11.70639770476548,15.444245101457247,9.280787642964231,14.13974048986997,13.32872596157423,15.868326611311234,15.849149699938566,14.841879722535182,15.926627112895835
21.54774914748933,12.517629208467513,20.124418921313705,16.48711721219256,27.24856170533256,15.798295554967313,16.052375008523125,21.940169258682115,13.904742947711881,9.52691371208367,15.957826306637344,15.545035664897409,18.240766098973165,19.995078454830484,16.51025323583214,9.819329191236177,8.110714529698138,12.191778498683085,14.334394067677328,13.562306069835717,10.335445935843492,15.41851607293394
17.054961933330173,17.695941745162592,16.490745860999688,12.080414133189622,15.960696847695196,19.580937979748487,12.466189874918259,17.4066957503471,21.080678340751767,18.444912016605677,14.143621161736084,18.967237274925754,11.326765705008363,13.346394892109458,14.154256325502976,20.86005442008981,11.990856028913988,17.41546511137003,14.645012939936063,12.68741619194283,13.096610127318666,11.462862958779601
19.257202262456595,19.931171981971623,20.574301769036005,12.531042392289402,17.262548368028995,19.09251351096129,18.863514460483742,16.43099967133057,20.11582796956688,10.87965024651239,11.655870804957113,12.817842976537623,11.916341209836371,13.034690417790655,15.590565610712074,18.070889337629833,16.460602394641082,15.36013800065602,15.850945342169808,12.696484659021092,11.156693074707457,9.519831314646645
