script/wind150m.json
{"header": {"parameterCategory": 2, "parameterNumber": 3, "lo1": 3.000054539987559, "la1": 64.9999836372058, "dx": 0.5, "dy": 0.25, "nx": 34, "ny": 52, "refTime": "2026-01-30T18:00:00.000Z"}, "data":
[rows 0 to 24 of 52, columns 0 to 33 of 34]
2.8210102399435977,3.709959331304788,2.762307615258414,2.234210141868512,2.8578450314129857,3.6631728339136185,5.052325624248667,6.10214417209867,7.9376587153694755,6.674886919813555,6.929566417903653,7.572528721349231,7.710731616390261,8.548686637524787,9.267270288203763,11.673141605600138,7.934450783773543,7.865079634696125,10.80644251853044,23.07491143746573,9.353912466428852,3.924602445324038,6.674100834617862,12.77421914724625,7.612801314689338,4.962651658404986,7.80384555434618,9.430592983677622,7.03969923009727,8.014968952803315,9.83363985535461,9.819550762499924,11.30550914005363,7.793149355759325
3.58658570720741,2.190144778548441,0.889960301132213,2.24492356553744,2.68649402400678,4.102439692824136,4.741255675829683,5.5651779339428185,6.8643573415739345,6.738818933486043,6.388782281233692,6.16168705527875,6.971711640113607,7.331790167023833,9.13380487792627,9.484269891741123,10.042873989180366,5.9645292829439756,15.535669060290402,6.144158764488783,9.939226447626915,7.307355975944496,7.204050733628515,8.952756164897805,4.155404018159971,5.579759853891026,6.48325590688296,5.936518858074118,9.288853965114225,7.751982437627026,9.045360902349252,10.42476078959266,9.58295488902799,8.933977662980372
3.8963709323289826,3.515217720567489,3.358867123469034,3.3500466534068556,3.0388771778436907,2.2646197768175385,1.8902792449207624,4.7829700822825645,5.5305522571112435,6.347429722196713,5.0480551860282254,6.185901953221681,7.409164347512403,7.461902097431982,8.377166640522702,9.057341486904466,12.541769180421198,8.469353682592853,1.9993465845090788,9.585414704124224,7.384407588807389,8.860851479984992,4.944785855025863,11.093968940732957,8.683463082210963,7.769725487241758,7.845977268891471,7.745155142431078,7.166837827185338,7.86759155159773,8.83339596017919,10.788472622134476,7.507671533327506,8.738530934067663
4.481532003686236,3.8564967319602066,3.8588834266445358,3.9169946963887905,4.212985871576475,3.796285426829571,2.9457297038526167,2.365666300918175,6.510292559875954,6.787325169066286,4.8119031792595495,4.95195444959563,8.441288898509848,8.88416605509671,9.583998320240978,15.339515591408668,7.33252126179371,10.939983886626115,9.843280579663036,7.0734974219036095,17.755162198518413,9.448973037298483,13.035891795454985,9.244187367704233,6.287708449892767,6.294201012103324,7.502172993210557,6.637664369915353,6.7012632518298245,5.786124564905394,5.826339688035837,6.712763972077892,7.515571262608864,6.7418123777132575
4.854256844406093,4.178262447653071,3.8155167469981772,4.22570945535075,4.39593428454292,3.836771997432644,3.206137318496867,2.2683202312618302,6.671836755430069,5.398697220839615,4.201734553274286,4.167640462649307,8.165449716583307,10.050442406532706,9.043513705735444,15.728223228266009,10.09733143159356,6.754018177254395,6.3333013183538815,7.875641389913037,20.266912009882027,10.400632709232926,7.335182508059051,9.836601002789715,7.604748601834943,10.079692509013723,8.607668098246974,7.159003000555387,6.655374398260864,5.494221238327433,5.04258380854971,6.235284910568279,4.410255937394205,4.731333039525254
5.392876084031842,4.583558288422626,4.171009005603615,4.900690081526423,4.217062865835639,3.521645419503624,2.4839631989408386,1.6001685082730086,5.552745103460711,4.164879245587514,3.6334478765144302,3.4927976547707313,5.219177919199098,10.059796073697886,4.32084701093283,7.813837958021516,3.3782942788406443,2.0791330540731034,13.925666902766675,11.46638666487283,5.054062218288242,7.820519891578268,10.283814567274607,8.153836372159477,8.581273072523913,7.67060153262895,7.355887437906115,6.096605056254075,5.709189894169616,7.410524295832004,6.514123331991604,4.59026446019753,3.4159131464728882,4.08543759179757
5.403812768524886,4.4272765664124885,3.962072471775524,4.519266078097696,4.523820335796091,2.8376507728169704,1.747641320584058,1.0590430592316833,3.1590529976828434,3.215685690509295,3.2698944948498903,3.7803575050811755,4.539125904048593,6.988305878340037,6.913133240111556,4.374862516091703,5.669286453833168,14.544429975289965,11.732503370466008,8.758270528663155,3.6196831669260754,6.80384963650449,9.877088184031265,10.27728451544291,11.411790475708589,9.848275545445212,7.680266947497075,6.347774159888234,5.976071385283036,6.897414755535293,4.084218966772972,3.250555994095361,1.7906361469959011,2.6314375308582436
4.770133250341196,4.3543551267807485,4.552398713230978,4.647412800979717,4.17813650882816,2.1779238948126687,0.8445911880558864,2.4835708455690098,1.2961897363137185,2.8537921887336233,1.33128881780975,5.560202669110375,1.2436083654968308,4.704431844026813,8.55254517095766,14.427217638524867,5.1575649766838865,19.266739762281706,18.84678013957142,3.2801035102166454,8.623245524810995,7.20657647583466,8.96297670977553,9.224081972369012,8.501854043800565,8.6630276158032,7.600433622607717,8.57671191298486,4.3095814125516885,3.94139439201022,5.250182884135821,3.5168990873598127,3.7284015547216858,6.795205992141633
4.296762112342766,4.516314792036015,4.854130908781793,3.994037530531391,2.811754214712413,1.0712575795435817,-0.15593008893338173,1.1137533768587022,-0.34104793329662614,1.1826829213952101,5.812979421554619,-1.5488013736645887,0.8993566123632127,6.801270432500665,23.391923429036776,5.178140781717209,14.532113617664727,28.085832232364005,14.37262248237538,15.393984567945814,24.7521057750131,16.28028743871236,12.183845365737959,10.984005625937188,10.817540680690934,10.414261173285063,7.996130436502904,2.866082310614374,6.6759694527185856,3.487579731010067,5.380702822692859,7.00194338863307,7.691279562880942,8.129259667137875
4.17919310378499,5.479467090549877,5.233885438924667,2.871875796842605,1.1150688009158938,-0.15372080288457626,-0.950677003756085,-0.7041328767232721,1.8775249327151045,-2.470010811561622,1.3840428108003993,15.442688932010896,7.712547948634818,11.373089912716287,17.01103505596672,23.858851891980823,10.305583054062705,14.701141310504761,9.476184792816763,8.311471886108993,12.259079335257779,8.314702633677285,6.306997370839177,10.98432488374791,8.120671068813724,10.02235292125432,7.921283749740429,8.159209900322386,8.382658755970516,6.7081755136479,4.850271851515792,7.772013873389181,7.037736897541271,8.05561415043567
4.181341781526753,5.502606028293458,3.8959497183527128,0.9122795758886636,0.12444807980094907,-1.061777115518869,-0.5332914146112098,-1.4410431696595387,2.120299119396017,1.8098727078629013,8.616123873614427,16.611047703246143,0.937779624448319,6.807616458456983,15.610714218011545,13.12519142801487,9.92394087596927,9.858946528395695,10.929996537864328,8.372970180695978,6.951876622088491,8.04217552067014,10.316993594127068,7.792746437173289,10.847778699516743,5.107927775669858,2.3465910693971885,6.50778886820762,6.429636654651921,6.175545608967474,7.790871530163933,7.147045766396451,6.482730822985058,7.042859846387499
3.6821869644410246,5.844140945263367,2.7707595726114964,-0.4573686412251363,-0.8351791763905116,0.376286763547953,-0.7568351225690697,3.867601616071255,-0.5659242047580753,12.410643758512174,2.331975908273007,7.033079703836758,9.142829461117131,4.809418429474236,11.179579485097701,10.852643696109716,13.509688524413198,17.328927091339274,14.836319821456938,12.419402628776266,10.837921237077255,7.004307693106067,7.46152159758706,10.419630873630727,8.596465893523488,7.617509646409446,7.494523190053621,5.146045410306577,4.847073395621682,6.402199494315106,7.611342769074732,6.8067075402822335,6.103951402937467,6.303629798462816
4.015162073535558,4.4733381677272375,2.587401541193405,0.2506584398688012,0.5274792720412447,-0.3300109946373622,1.6030662737562902,-1.4994200834972147,13.13538110303615,3.0936210812552125,4.461377327315442,9.95800099780859,15.644478207186577,18.598368930735163,16.290913891108236,22.64802484338879,10.656500846681942,6.058308306947681,7.580990901238492,7.778611923448232,8.778614314625747,7.145910904501998,10.111374803310177,8.253267413851626,8.968545795395583,8.440609558225736,6.137164476034629,4.698759858852934,5.177139060698797,7.225281670067759,7.048717657203968,6.593280766111431,6.142803104028435,5.888828088110005
4.086395421380823,2.45279393996864,3.2427839978463475,1.8166512670236692,3.8172137076225083,8.12502334196593,5.059079830185484,-1.6889657593104523,17.571931922230263,10.471753603973754,12.379826325696152,5.303639792114485,7.184621985079954,4.084042879624562,7.24347539628276,9.506527883541732,9.51597998716109,6.774519556433714,10.140627819451518,7.904699951077631,2.756027892160885,10.479386705172866,9.131595513632595,8.211247465821035,7.940364812762224,9.235897481308653,5.5145636215302485,4.231474968483709,3.8659971889820937,7.1232273218822435,7.103044858154632,6.648238045337096,5.77425485168653,5.274271957861027
4.308202979774301,1.9067498409687529,2.551575628076102,3.8867894377268226,0.36736975605645256,4.99375127347292,0.9881625697349294,12.61747782092384,2.0946973108397087,-1.5223222943825836,1.0136762944037105,1.5465405718113805,8.048174991132944,9.922094409404199,8.232788304834852,9.690759097735928,7.091089450428571,7.461461843261722,6.693627760502268,5.758646324464773,4.381836791337926,5.565512045372942,7.169468742602746,6.097725012832203,6.524924737480585,7.400918937144464,6.3171892817920225,6.358436200356718,4.798726838988347,6.933482255040298,6.9802248383707886,6.184956245319561,5.676639749680156,5.160433133963718
5.057636638811182,1.5661879632229925,2.1556477968070316,2.8731142801464995,4.324794069687036,1.9283895642127615,4.194241681165256,3.2581546264611365,-1.8819283482414852,-5.793599837766029,5.412250664704849,6.614803867703123,3.594614787227265,4.8392029868629685,2.864542200185628,7.043662889181311,6.832069679047512,3.3873564976895074,4.041976935473649,3.546755123789849,7.87822506635872,5.177502112366338,1.534356304138775,2.9977406193589684,4.430423263133754,5.532613144482479,6.041784573511404,4.14218291606561,5.499678740203877,7.328389757346689,7.0933367782540815,6.8068091767041965,6.2215675275101,5.384430735974354
7.134516440133127,2.8889301827276532,1.8112109166025576,2.269445102808,4.117741476133782,9.85281042089415,7.406289942235287,14.214094736618993,1.768936278885265,14.960979483538239,9.993057195029476,3.971298046029971,0.7626018393051952,1.7114926110281838,0.8478147052945958,0.2759470700746232,2.4868372891676773,1.0781781125300964,2.043736077830672,1.1036757480915944,4.1044345621535,5.015106263511826,4.817694880481277,1.7236594603682078,5.2471442576802945,4.729441487040038,5.331955331216773,6.108231484173199,6.324884397177463,7.257270292159714,6.986554452328344,6.781822352388638,6.121529733154217,5.526858675752966
9.220924636474903,6.045014106931523,1.047711773369859,1.5791677921180136,2.829907302597702,1.418059927299777,8.693253852576683,4.864704606311158,14.519923117947107,8.025304783635589,3.671422739693754,2.2398116318452215,1.6213956194415968,1.0987232909720805,1.1144935093108104,-0.7977569622362323,-1.8344895062475866,-0.0015054042160905516,3.587215858221998,2.414737851816314,4.417534784733659,2.11792036346015,3.4456378810852764,5.061175869412987,3.8262311694778117,3.6929452435686767,2.985345368328578,5.45120976442592,6.278857990514686,4.965464251499287,6.761786264964297,6.506303543054187,6.269649182275609,5.344040111452253
10.791935231766267,8.18694774952637,4.975252288273004,0.725680378579754,1.8901391736505018,1.955152098937509,3.4771690433635523,3.1184485934218347,3.1800539782241053,0.19315799875634734,-3.218987937922273,1.7752199313753987,1.8096527927684043,3.612494957964132,-2.1447057885210516,-2.2570806969983765,-0.23638454427998853,0.36413838814903626,-0.15630749043117942,0.48725680832087037,0.9714813161526709,2.3029608854308203,1.9819721659013976,3.288901090932357,2.8005081614219893,3.486092695667787,5.109113728597016,3.9768314443126314,6.404880863942089,6.778515937297981,4.174965762387508,5.605588114390571,5.448625492361262,3.8235993749645125
10.359316885491866,9.524650180649473,8.622030164589148,3.825554798387577,1.2238992021188382,-1.6018181079124898,-8.405798616432987,7.998279569651102,11.013347327230461,3.5684597951633132,4.579664189981301,4.247407757351645,2.1236470883786236,0.9962678236253276,-5.788540773897562,1.618775255162209,-3.3222555378924232,-2.426647702471922,-1.9298105945717314,-0.17188224898309193,-0.6130707930380475,-0.09614077118581255,2.012038149924285,2.8904907254114325,2.3747994982946024,2.7397145015139692,3.142167226823064,4.183835151047396,5.534003552017582,6.036678472557504,6.856220014552411,5.373651408960536,3.1310033750067845,2.1481013323123124
10.961902062728775,8.397257575803852,8.754071101118639,8.734760970065404,4.329690906100345,-1.6272812585410545,-2.979340262716797,-0.46191621072456285,-3.674377019150624,3.563481197459553,3.0492879563779343,1.0004617719281306,-1.6654514138207313,-3.8451243936471795,-3.185439817908389,-1.751814422249364,-5.042834770080531,-0.5671030737078823,-1.10880716049784,-0.5681802159187387,-0.15797945236893746,-0.12500120756380323,1.9326100906224812,1.6838973250042757,2.355250872888665,2.3902522471654475,1.4625014758103,2.5995128647591317,4.658475360436398,5.043657743836776,5.679900770724857,5.544138782489427,6.350243732498791,5.409036818996327
11.026637723807449,10.333391961765518,6.875886662791936,7.202892018902825,8.047266058032216,2.140925420677218,-2.6953861194972224,-3.2661421445371657,1.5067841589020041,2.151125207702561,-1.4774389451105177,0.6686456622637383,-2.9107160085828236,-4.168523488734813,-1.837522887296091,-5.0115234779832685,-1.8021146738909013,-0.24488218635314252,0.23281230428421537,0.8839486004652726,0.5174421266613127,1.5204930713326594,1.6897408895412533,1.1869793929986239,1.1354108893012538,0.4418551621447165,1.7266170771261853,2.1223733706711774,3.7583808149662747,4.704541867810701,4.820383787953217,4.7233561368561565,5.374177694556779,5.4972683257845425
11.543889968804274,9.825552984182858,9.167141871443258,5.539005879176571,3.446743543714825,3.9432351679245574,3.654042766870463,-6.380025206923673,0.04678817892400683,2.300712599710025,-1.4634321212375572,-0.7424173533710304,-2.9973663179423164,-4.286175812884034,-4.5518295789597705,-2.1175292933552896,-1.39126694139944,-0.11350636132950803,0.33809624078710737,0.04054373509150875,0.2809081634421148,0.2631059406841053,0.347102572457969,0.7926974720454222,0.5252706936797933,-0.23672837376207884,-0.05406748106545568,0.7094704283056092,2.002855113338762,3.6417084608265244,4.685964846882525,4.404206129484974,6.2690057702508515,5.842639656112765
11.372172674014019,10.74779725815444,9.0200886658853,6.915112277825441,5.496209908484841,1.9922367169679618,-0.37328231320451644,8.339071229751582,0.6037537427575299,-0.5204057002881621,-4.733258042428922,-2.6046851321351543,-3.5958990682976855,-3.5310711270814363,-1.333259176437954,-1.9421829912926427,-2.04876779589564,-0.8049025552080279,-0.4955449945527212,-0.35531752093075447,-1.1224013657143086,-0.3762657028808092,0.7275886225024359,1.2385474425364091,-0.0750341621891067,0.14622528563147727,0.5825441386145411,1.0762023870652162,1.8311353986378656,3.8256329125742567,4.837543492643645,5.397055614650557,6.805646486546436,6.339721300060898
10.665937718685802,10.570382265756104,9.681150235971714,7.824536118173735,4.987131514423433,2.645697397190005,4.682058414108932,16.385766823646996,-0.5794882910463678,-2.175033187323928,-2.5914428819049458,-4.215344762613545,-4.5906029099010315,-1.2395142295202533,-0.41575942632929885,0.05223365417447666,0.06861387144978177,2.099736717616715,2.6113204414407867,2.605763916419106,2.3679551064730187,3.0340004637075535,2.949618431016634,2.147924621737072,1.1293593167509577,1.3617789777380689,1.1332689432939085,1.7087238106590799,3.4585508894394175,4.6717775190407345,4.647474382912172,6.460389623804165,6.801693846152925,6.563223773293561
