script/wind100m.json
{"header": {"parameterCategory": 2, "parameterNumber": 2, "lo1": 6.000198445256149, "la1": 58.999992894266676, "dx": 0.5, "dy": 0.25, "nx": 22, "ny": 24, "refTime": "2024-01-24T10:00:00.000Z"}, "data":
[rows 0 to 23 of 24, columns 0 to 21 of 22]
9.281780425011082,11.041027371906392,19.042679206244365,25.89922852959559,26.391214231947842,16.954692039829208,22.30753071432769,5.438416517131283,15.741545127153666,12.800693875821068,10.736987327360062,22.810803464958653,8.041585624957207,21.200479024764704,9.942248094594486,11.615036724897763,12.393482407717116,20.69466260199332,15.568962827232156,17.296190314234092,21.79487869806315,19.008205443510757
11.894049863769979,15.597440673622799,10.83797037772706,21.864393867069314,25.514201823011017,25.92803884613846,26.400424827317135,17.09119330834638,23.837177019190477,21.932695603571005,19.510375758586527,14.701829250244652,8.225914294528966,19.082014524941485,13.054721223910985,22.83853907086713,19.437001189994117,11.295386069599397,23.51460430772275,11.438138748063801,21.73523708816789,16.38958055199674
3.200786972579697,12.17982289396803,26.177086192937338,18.94374266069675,15.897542730880442,13.693208425519753,15.115763566097614,9.878308973007004,17.161714255509,19.18664483207175,12.822750167313693,18.521721854927655,20.069278017646994,11.449069762308115,13.87902211417871,11.385500184156271,18.69490566041827,11.381687695914188,11.015504534231052,15.758518356170244,20.602222967064467,22.358671158389836
21.955098057937406,12.930598842788868,17.78227179356053,10.988786431796617,11.159541644838058,21.11156412659324,18.810381022915106,21.305195164953485,17.208056952324764,20.980329218208784,21.633595096861598,22.229319858148482,26.691986783773448,18.415139953292567,18.39452889482755,11.38080539542001,22.043504866266165,9.591030837161274,15.443592302619152,18.037530805214153,13.255812834153732,16.193226163142654
12.398342952015591,13.477950028021509,11.763362962258734,4.679363455613715,22.674018207111892,18.277647900227855,19.084144215822867,18.907965828732188,21.885037812474497,20.946639564537975,22.4089462962693,15.75801150854184,20.88306499264598,12.261590561914693,21.23908777824944,25.519935669993085,17.061703853558484,15.170102514692747,20.182769325305276,8.528017837396696,23.04929536034867,19.35196454566189
14.663486886248487,17.61263160862893,26.19201106216807,21.950396173500625,17.84634140753085,25.741760702972048,15.044701141915308,12.889797865665495,11.616627894981349,19.105363123562967,13.831071545037128,10.973459933562705,15.47363165921857,19.11856849196816,19.50190618278129,16.94579101539169,9.950604694643888,19.08065388070521,16.596817690737574,19.115962197971324,23.072718183096228,16.634811866186205
5.678326076249293,15.046887984201291,14.971185603416865,23.313763739921985,20.80874283576773,8.757983574908211,17.876295076357895,25.61895629481334,19.639718901692223,17.811679391668314,22.362907287013602,14.985435848917971,14.814832564322135,19.197494232192724,19.634679481398337,16.479621606573176,9.324884519378031,18.740095691027218,22.605329014928188,20.81325612402442,22.153910392547527,22.23660820099239
14.503467450665584,11.144845298315577,16.717658948852097,15.883344360805959,21.013171770369645,9.40194826303081,27.403138865453414,16.446822585216818,15.808005093334572,12.463530777658683,14.975708455814683,19.7744435526455,21.078687643072307,21.330887105185017,15.09733287477486,9.723776993010985,15.287739497443072,16.586182528154378,26.488992856136623,13.359457498620413,26.163816832710783,13.265735759745537
13.796013822160983,10.145638988534966,15.712690255533992,23.365248725260514,5.1376882217552495,16.58783700212574,13.736367929896465,8.477331904955674,22.516927747612627,9.722825926910224,21.364340020037044,10.981467676305673,15.92628920773577,18.925451899746793,18.23224703044011,11.829986194560453,15.612378631060976,16.731747019964953,20.973881475766994,17.00501025889263,16.789201931996768,18.268142322521168
4.129554457863692,26.98509847183386,26.001591595486957,14.885059965414738,17.63719261812017,22.364932389440636,11.72590082498883,17.505200687674147,13.358348791682117,25.007985286991392,19.184020403225702,17.330689028379467,10.511780245245014,17.602866087816597,24.207329224002343,25.596585465402242,15.933549921820456,11.549430645928016,17.26256412837072,19.67298167725303,15.988000798559474,20.358055463879197
17.16276674556835,16.882028408746898,17.092589143930372,21.79606455452007,11.343377198221626,14.559804038525087,26.64224839795368,17.687825358497694,21.219815631517196,21.344499103448843,11.732336134339771,17.13088817346814,9.803482115822462,15.024880446745154,10.823442453602883,16.433847680088142,24.230505230717743,15.844425939771623,13.960239091162485,14.163297468759568,19.004242545778283,13.65415171329475
12.458343679932478,16.95643990927678,17.405464772588584,22.976012186841942,26.483714951303227,17.527935294857915,18.33647984851002,19.083334024315107,15.253083537688322,16.076127980782807,2.398085342469274,11.950518105368332,16.896560975721417,10.112793758189397,10.64055707615418,11.12809732949869,18.522166906400102,15.578668578126749,19.519097623169735,9.621867864352879,13.099179349064679,24.036726442226225
10.655631886877101,26.06198560210416,24.886616532228686,19.292110948933328,25.012362339677153,19.616444533564074,11.483074103147928,14.348206746798034,21.220587329559258,11.13846277981331,20.107337125920637,17.23517259632089,20.065377574132157,17.206356920936646,9.823643060430287,16.596190437778297,22.20633772453609,23.798000291566698,18.679842585272276,20.245360597933438,26.40177533538881,15.586082423709092
8.023982991193387,14.554929098594407,21.577541242796233,16.064593243616027,14.518016732597236,26.495943973015933,26.41261011624965,16.341269005869314,15.301876280530701,23.608304952858873,10.784269163706192,16.914591817961153,21.79253262631395,17.78625162019848,12.505889250447249,24.805686493532633,20.461504121872295,20.268706831277473,19.887563333805964,20.891882344924355,26.746874083940426,21.49164380606476
8.328862262850384,11.735111373019823,25.711009533094142,14.951460199491548,8.405611821868765,20.93411868182623,14.912529939662837,17.562629357795966,26.468353666758194,16.164982628471027,2.7086319156817016,19.365117878002877,15.714643936654463,20.00140684719034,11.958388847870333,16.88070930249158,18.41258881479428,10.679207403837056,10.928083131852794,5.017287037076494,12.80967530938163,23.017824966242006
8.71551238296543,25.934876063938805,19.743780591114753,10.745889898193312,18.63724541871012,15.354854331707273,11.96365170561815,8.966363246460782,12.03962181436014,18.976445879678323,24.301396997295104,15.559673268047813,13.392774102753362,20.81564909634392,11.622008759487871,26.141269442321285,20.75265147396707,15.040684577547179,24.004547014544784,13.667435759502494,20.657664453182846,19.206052687043595
14.424751992094635,22.743787391045423,25.76407803964324,10.65745627639608,18.81085220544208,17.99771007299998,18.222813071123436,18.676002333356134,24.16753931075918,17.92599120449922,10.884374182762249,17.27270653964684,25.480042214815573,26.210109283046393,9.575711881584049,13.860062437514394,16.8798668023157,17.867563701961146,23.758061675698713,12.019139398272777,5.983825085138435,22.642583031487618
9.204072925062022,16.92783054946805,19.94242643516588,26.365749539976783,21.6444867670659,12.832836216822878,20.236199329149738,10.724812107968862,11.38064158073121,10.640672206884195,16.71892840918211,15.855391058217009,20.019281989246778,16.325209138807185,10.69162023288599,18.533095557239413,10.92943668359469,11.833724788848842,18.861018471550498,21.358198057170437,15.687297637471518,21.3826838509921
22.047046127011626,25.05822838422974,20.495066583525897,17.981031472890812,6.992008285488207,17.93493399005675,16.234067673827383,27.007953575490195,20.485589732780745,22.146924794930655,17.933890244353243,22.898658752522387,11.515760968500116,9.790354864319221,19.5010242813081,22.138287155745243,12.528509084164037,20.927110778039033,9.631549370545628,26.174281219295832,23.310391015864223,16.58336320291162
22.765637671835947,20.42571637673225,11.88439965615575,27.58801648355545,15.306665092077402,13.59221596268771,20.62349251088369,19.788936464860864,20.69320092094822,21.391895771866675,21.79438990386616,14.923738450547244,7.076916730580304,9.10379545429326,17.516404637037322,18.839580086661947,15.468803522427342,13.977223883186435,25.786125648727108,19.556822577495193,21.74652237669415,16.36196752238544
8.862068900163184,13.900253479481254,21.9024991963937,20.799112625036855,9.11771653462458,15.263630149377962,16.93920682214724,9.147417955224437,22.199309601516944,11.419305239967114,15.106646166856821,10.390159668337628,17.07141693410073,15.543852563616555,25.46843840680764,22.03643827644344,10.95141176477973,16.052254216133928,25.841074069768275,11.163877300414395,24.20762834374481,15.266969250461878
7.516352632090519,21.44689973498075,21.021124762337855,10.168295444970001,19.136636523649994,15.768306243234399,15.911686493699154,23.309380038315574,11.051947459346483,9.558457321249696,16.661233921058084,18.936282447865725,21.465891132433345,19.46501467101228,18.990595226728754,19.55080172820351,16.920415608978537,4.104796988032128,22.15510191171158,12.490474156071391,14.165264103246509,26.184296617556743
12.262252430934687,12.080861175677292,12.389323316870023,18.115335701701515,15.103171663818008,12.37821741582535,19.529919623802776,10.628339538552469,20.06513142694343,14.7205617535156,16.71753483559556,14.754284315527201,16.878388576051677,20.559643453105192,19.151579835772697,26.56089865337986,23.798884320846767,15.949507879889682,11.407064329102916,18.150161933257877,9.87033748688532,11.393093697625753
22.507243986903216,18.417526169667504,16.92242573350716,16.99974803569427,1.1361555991258339,17.165480603451027,13.990526482492431,22.11891406957757,15.416992185062295,15.986215748977688,9.946542476801877,10.970508858938246,10.252211051242572,17.111981234371797,17.020332879006546,19.923655518459302,25.6840461198076,15.66424008756781,25.763832753779916,21.25926146300173,19.86592007515343,21.21171411875348
