script/wind150m.json
{"header": {"parameterCategory": 2, "parameterNumber": 2, "lo1": 6.000198445256149, "la1": 58.999992894266676, "dx": 0.5, "dy": 0.25, "nx": 22, "ny": 24, "refTime": "2024-02-09T19:00:00.000Z"}, "data":
[rows 0 to 23 of 24, columns 0 to 21 of 22]
-4.118850348256164,-19.53805989059235,-0.7731730047197651,-5.706850959364691,-8.950355945544658,-18.677350044705644,-6.564573551837852,-15.359919411224025,-16.52696828688651,-21.154892633083794,-11.531243703555798,-15.127417659744953,-22.732493593619367,-7.405639838565174,-9.696360297169488,-9.086316913045463,-9.679613633051629,-28.29286053389763,-11.562501085369119,-10.744430267223883,-16.615862840509703,-13.121420996043426
-8.06534353321575,-15.77488484581291,-25.051316404633674,-14.905824080062452,-0.08969030529342459,3.4169761381460946,-11.67547482671122,-15.764545889581893,-6.12053826001258,-7.200458919883505,-15.09439270672389,0.8925091970730625,-0.4736063274636863,0.9938544552869008,-16.55023995892804,0.26048669678371617,-13.843670798702846,-10.531883104885347,-9.416057873343457,-17.075521651331204,-5.859012087331861,-11.131115507509952
-11.8092722810847,-16.718800472764382,-5.1887920885151,-12.220450287375108,-16.87180350323003,-8.328521134466758,-9.386122922409065,-14.560646005084427,-15.135889899463091,-19.686243437689832,-17.07077721575943,0.05352084365509003,-9.80849333492246,-15.0547732926011,-0.7889251179004332,-12.040345321458284,-17.614698476881987,-18.29988839788603,-14.298935347356762,-14.938311393961818,-15.169923482002407,-8.717694460485385
-11.693127319856563,-16.280790589796194,-15.900226651169124,-10.093552087825985,-17.109622492609265,-5.549814803881171,-16.337496915189295,-13.38392435035093,-14.358467762882627,-6.10565152309733,-4.800261613109927,-9.476888552664233,-8.845012873127754,-9.708467825128675,-17.075312068671245,-13.301977400444422,-7.600101231407341,-16.802246487707848,-15.404952551757791,-17.784243735542756,-13.588440421124758,-14.377744992206745
-15.697192829086868,-5.584263649275761,-9.70977519552502,-7.465673627875257,-5.853567584803164,-17.816561760092327,-13.332349337217998,-8.895182714662292,-16.946999488909604,-22.546038335845648,-17.02221595266606,-12.68456408864295,-8.006444310512396,-8.934373418982362,-9.210564289415295,-4.258211209020798,-15.971050919560815,-15.539986871834778,-17.800595504837048,-10.519665955923925,0.1962918865732794,-13.483023641791968
-14.840099319873644,-14.768227787674718,-8.901510019943787,-7.419652459287774,-14.791743896861824,-0.25344859617209375,-15.606006379814199,-13.278360507882562,-9.980925825857572,-15.443865048778099,-14.105392596027565,-14.958840647194412,-15.913314270996484,-14.422670913702754,-11.061287020289253,-13.66610904224083,-16.339000701055173,-22.251465224319045,-4.817044376042168,-16.043559008994315,-8.60386116544334,-18.409006982134176
-12.09618736849184,-19.32803757082091,-16.515860832544565,-4.841647170404447,-15.713246909960365,-11.139066116183468,0.7180053057462413,0.40324680542034347,-20.942820207110024,-13.466831486363747,-6.667839038885842,-13.53991761736887,-20.75182860423682,-15.286260296108757,-21.569008590981753,-20.010487533300168,-10.984958663473902,-14.32415568026787,-6.333452338941305,-20.662495764081118,-4.331976207065532,-16.51355929570815
-17.223090998377184,-14.496405414008139,-15.878218514653886,-11.918678880598128,-6.711536029353448,-15.779628556087308,-6.636287665705017,-12.109150306262753,-18.99042058006929,-10.126616627902203,-20.37783067285914,-15.518091896282682,-4.7978165750303345,-12.412928163155167,-19.415482959733314,-16.092889629219226,-14.932151595018517,-17.742816442610497,-8.872440608480995,-7.437735975191441,3.775194029887124,-10.627250433622534
-10.980052191575503,-9.127964818015492,-10.672568167349079,-9.248959556437022,-17.641625848435456,1.4441291674325776,-23.09860236915082,-11.722654406072236,0.5943047327824035,1.4975364374285993,-8.61258945520178,-17.308055795073862,-15.794638893327521,-12.296148027999811,-10.248004791042552,-19.703909713262338,-19.207474503085795,-14.473572708478029,-22.706337651394705,-18.906158539914486,-12.947503562813676,-17.603096790529403
-9.038568376849591,-5.975708635324326,-7.819460647872156,-17.324181616523187,-9.317823518270956,-10.969624143831798,-14.485288029303394,-13.864842523658762,-18.34853133827216,-12.176124031854178,-16.39809405476582,-12.112150522625184,-10.886922632076454,-15.708306107997823,4.835364670753409,-5.026796329891954,-16.453492190316236,-16.922269468580353,-15.985686448115048,-11.112095212029498,-15.687228422423575,0.6652761794860196
-6.9169804088962605,-14.610721899427489,-17.64551118090835,-24.12106568503062,-9.626270330490096,-18.321376194897546,-8.783459727548728,-14.49644053764306,-10.278723643986194,-7.5070930660244874,-17.310029524281074,-21.174649702785597,-15.253491946857476,0.8303920494915292,-24.979143685385043,-20.88009112464211,-5.655191135011843,-16.397129319654425,-15.519526734384815,-7.352062323361736,-15.284048022813458,-17.850786168878525
-6.2873057593055615,-17.920626384000407,-16.063693087782337,-12.014888048183929,-8.517212354705162,-16.2451508214779,-12.969804597246489,-15.03672939892932,-14.446437901814924,-12.139268372733252,-7.050358688163855,-9.718842435133553,-15.463468723692335,4.066694421089064,-12.921765111465538,-10.164881769156857,-16.85213048578806,-13.252066272507534,-12.08362560762172,-19.623395099341582,-11.520236687624509,2.840510796651219
-16.472768016328832,-7.851747890912952,0.656492937376651,-21.335913846636966,-14.511574326942162,-9.086349074464412,-18.415564359243415,-16.67168537597657,-11.639158885144658,-19.430561275107483,-13.493612415978744,-13.751819229097453,-15.38437733967465,-14.310322984950076,-16.84289003868782,-10.300795737053052,-15.466685670531815,-23.285827549683866,-15.726443731202304,-16.255019098732586,-9.598704882048755,-11.24430133821906
-16.44752960442777,-8.653630325082306,-22.912774622894748,-16.963418357519473,-9.939880818092801,-7.590322775686778,2.061313785089337,-16.530521521430238,-13.579691259566065,-24.597559541441264,-10.782130251063728,-16.100441694703072,-6.1184934103507675,-16.36525905415539,-17.121683994659957,-8.110711277789528,-17.630236498809552,-10.458915213399571,-5.834736628304349,-13.935863862184988,0.06390905222841034,-14.82448689084185
-14.776720283866764,-9.231329415337836,0.6814263751971553,-13.418341743503039,-9.841844498732033,1.422282199403761,-15.422109789909266,-16.509727571896196,-5.493184258910182,-13.485149873099953,-9.496969158092027,-24.494192688816522,-17.01632039787576,-18.697351804115225,-11.561358186677447,-13.035385417449508,-11.088297986597787,-8.007989096741207,-10.414240720236345,-15.88977345488245,-23.942894466098593,-10.04153841530464
-15.095510373851383,2.4519339412052403,-16.1045688875336,-22.60676191303867,-17.281148218387816,-16.472059803115364,-9.260782799817664,-18.743136816182165,-12.312732258066125,-12.052207598598002,2.8241323587035407,-16.176215613694392,-14.2045772881953,-10.20781296282021,-16.828274988946912,-8.835928786811348,-9.28333474981254,-16.507489700747914,-11.141217438957648,-10.377964337080224,-15.049150554757917,-11.539695117845188
2.210440768134834,-13.434337800591605,4.691579623131977,-15.771379744008659,-13.768339049002321,-16.27205165084802,-16.719185068766937,-14.83610166277183,-6.586414735799524,-14.871161014544924,-9.550211609178785,-0.5418162197250503,-8.888629489758852,-7.757962975028589,-8.563303318082275,-9.45159175683044,-7.239623802885509,-18.046772907529146,-7.321244568705073,-23.958962091646477,-10.400931289371375,-7.767315377155918
3.0262694819237685,-16.847184583828565,-20.751831523142723,-4.8870662094594275,-17.11691985209172,-18.781580901890383,-14.865933184026739,-17.18675884448277,-15.30905344506654,-19.16328582403385,-20.699281273392266,-15.66571449481635,-21.32728023403575,-12.864837437846182,-5.614096299365196,-11.186642613356844,-16.496377033152026,-15.021781872279613,-13.322488115855775,-8.83781268039937,1.1728972123771118,-25.241207680200095
-6.8280571501847405,-7.321993244653568,-7.91058852065931,-18.42613331635023,-7.076575392475339,-9.03473587657087,-18.305343825387766,-12.059523026976127,-8.221973832909187,-16.88535003358806,-16.82292639201786,-6.441334469395158,-8.570337191959286,-21.12572286705665,-8.198011063711604,-10.33114082727365,-22.17670299475137,-16.77442167335439,-15.874013985293228,-5.597443608946172,-8.26559049551794,-12.26153749745068
0.6035422669671544,-18.098029049464035,-14.591385999080384,-7.978193941181334,-19.78679355814665,-14.433290727259266,-16.6079240108198,-5.698991684258544,-16.797413211752083,-10.872488680169075,-9.411162619886401,-17.666152343050477,-12.4342114522693,-15.488637122016167,-13.166022231920632,-11.103534050017897,-19.424444680823118,-16.27535102503626,-7.7060636847368,4.656908683567393,-6.5741609812076165,-18.070558195713605
-13.433976586646208,-11.551779922646082,1.638161654853026,-8.954884553914388,-10.616838734276694,-15.369291042273082,-12.513135923447706,-21.08895532487214,1.7082681197615173,-18.900369720533956,-11.315417675999907,-10.023032680412939,-17.13053700453847,-16.470367078760734,-10.95361662028044,-25.137709144852717,-12.958431137412834,-14.627341334869762,-10.444473758620282,-8.880769850106567,-8.617148796105088,-10.4978147409253
-11.527173077503258,-15.618245545468103,-10.842567317401821,-7.32918616980932,-14.646151445870084,-14.058721525635749,-15.254798612779915,-15.435625653462857,-16.85522674889555,-21.556158108310804,-16.8511557735839,-17.88648782914997,-10.512352635567968,-16.79747265174946,-12.256923078317785,-0.9737815405639874,-19.942795107596133,-20.628728412865577,0.6933763637382624,-17.841283911587638,-23.94133428156866,-8.449367257992858
-18.200692327271707,-9.83915458868091,-11.86796053252089,-17.54068575352095,-14.739300053852826,-15.28715873879046,-13.699908795435922,-14.101473790125002,-14.961911467182503,-14.501218930285408,-10.445303497259534,-15.478647240167602,-19.647005931874858,-11.528880882429066,-17.71533998486617,-1.8888240871325461,1.5089966151068899,-14.792092592162987,-19.197833393767606,-17.565802832019056,-10.334268955414966,-19.536282513550507
-1.6912367418620404,-16.553145724941423,-13.885829395205368,-13.757278632548129,-13.396971246462938,-13.298352514120268,-16.91132039781124,-18.680255412144472,-14.436165874796004,-18.496577419429865,-14.377146871086945,-10.715105599578154,-15.237374521487725,-11.969633548811856,-18.17159484126589,-14.865117529386026,-13.84814512599494,-14.808117064134256,3.6549813672643454,-8.454274120727076,0.13202420011979485,-15.171814821882776
