script/wind10m.json
{"header": {"parameterCategory": 2, "parameterNumber": 2, "lo1": 3.000054539987559, "la1": 64.9999836372058, "dx": 0.5, "dy": 0.25, "nx": 34, "ny": 52, "refTime": "2025-10-29T18:00:00.000Z"}, "data":
[rows 0 to 23 of 52, columns 0 to 33 of 34]
1.0996247466269413,-0.1388729540167039,3.9348523215391316,0.5459594698847308,0.7618678059540085,0.9929124005813573,0.35829654065586547,1.1574390353814503,1.8407791871740138,1.8487581106746185,2.4831658414011204,2.1217818074966197,1.3885264588132469,1.7119862121909375,-0.9398370095270995,-0.1618101815852143,-0.5856681880715132,-1.3300221458736516,-1.1369413198740936,-1.5953109911802117,-1.306938444726773,0.8397796653783575,-1.22244522492873,1.0545002360681948,2.7706058342748623,0.39761221343073955,-0.6422812532115284,0.41781379707441785,0.6206112431354104,-0.29938227230829817,0.6768419100143632,-0.28249529545463714,-0.4385518870254705,0.636782558855014
2.160009212144945,1.6039359888110332,2.1323737661963147,0.7756452636268761,0.5307553622904064,1.3328005213081655,-2.020092009565605,2.765750635843939,2.2483548462037266,2.4356412966031447,2.2657512726330076,1.9738436125754941,1.3878305082084328,1.0821425830166924,-2.38390017693963,1.5626044618550277,-1.9515731690901836,-0.9961249680756824,-0.9116671235681345,0.6660900779886452,-1.2300178482689825,-0.024821094259555566,-0.14405520246875628,-0.07914869696287574,0.8186381450700909,-0.20111746325417232,0.49680582737933016,-1.3333382448559725,-0.42976609796552107,1.619022714588985,0.6162837756784009,0.40852979336315165,-0.32781369480505745,-0.006147844147718562
0.47381386743246384,1.9682984995825588,1.3365435807380275,0.8520093686826351,0.9092401152835344,4.1850562421662545,1.3833075881393462,0.8594883404785443,0.3956606445566521,3.7749659642247932,1.9875520345597912,2.00515460100347,4.034511677249264,1.8813466421207556,1.796218305597528,-0.20448939551674228,0.16387747305107106,-1.8365375585201622,-0.9030882230900455,-2.6554283297369317,0.3804305260491467,0.13353095646262983,-1.8613343595932186,-0.4519308906255814,-0.7420749426401133,0.29827201870529696,-0.7306609054573963,0.4463449722298684,-0.047609187752586504,0.4255292361184788,0.8907657968682914,0.4422404031966987,0.6405890535030246,-0.0012678476505600085
1.4742605445568802,1.285187595919382,0.8531380253070621,0.8853302859608159,0.8676022317057634,2.8218839014386927,0.8325971426488629,0.5808501302579693,0.16710069323862367,2.160639081686616,2.728485841272374,3.3839201881364933,1.3173690342623263,2.6853619950838548,-0.6793441801725016,0.03296241572238964,-0.5556823044342948,-1.3482722308714286,-2.9566791217997177,-0.7678154166415836,-2.4007978302688264,-1.825010177379946,-2.383540009399772,0.9608403691094616,-0.3720835469320847,-1.0241830666620237,0.4035789659291422,-0.45653431595863864,-0.2685030966668608,-0.018126922627317483,0.33975018702962495,0.8390924664556829,0.6880383451225274,-0.1336629899457914
0.8691578926024981,0.6237028016866083,0.19095662686764955,0.13446459938816072,0.5393053754857446,0.051712521342872415,1.1236180267416902,-0.12297456193955723,-0.5944259904132112,3.2590472255216376,-0.28399327135032504,1.4384343768089334,1.295052215051524,0.5479838245617564,-2.5738468384655233,-1.7950071758931867,-0.6013768534775348,-1.8689792283244204,-0.8822035214134029,-1.4146269199676944,-2.687273152538617,1.681828998862439,-0.5489325922990391,-0.5366439109996957,-0.245890401399277,-0.5147421558264879,-0.6485521760953418,-1.2038423525467898,-0.4442151424786022,-0.057053323797684206,-0.0819821653826804,0.2722429083488027,0.5831874055953508,-0.10027103495759236
-0.0012113031381507946,-0.2047183956855096,0.06568192314928026,-0.7470916958318289,-0.33443973196156584,0.4458939963016126,0.1889493920464985,-0.7383132637626292,-3.1082415711418965,1.3356081105370157,-1.7780782697745348,3.545278450987145,0.36378743395472984,-3.4076531588110974,-0.4948638959607267,-0.33353411463864113,0.15102909476744447,-0.9277120891497224,-2.5088688597402196,-3.3398231859338936,-1.4281026340115588,-2.2012883007287973,0.9719806415185469,0.7118810507174804,-0.09755548860798267,-0.34794675294795224,-0.14586210819549855,0.08309047654919097,0.4273516566916558,-0.39079770902203964,0.6793290552587091,0.07208377033440257,-0.13857512188272536,0.07885743595341096
-0.6986595947150578,-0.7981492582616244,-0.8890251487270485,-1.2318710855045318,-1.1998110845759717,-4.096583938655279,-0.9164986807595378,-1.1325386546968514,-0.634388194980117,0.3377441923033706,2.182082440163716,0.2806607309587685,-1.461913003015678,-1.7926929414277561,-1.6471200516840676,-2.0711501299215755,0.5292741435427559,-2.8698288998867754,-2.8585660464679337,-1.96154880876756,-0.4830288522589868,0.23319151866691035,-1.7422850408829236,-1.56943009392973,-0.26015609836166137,-0.3683526297828687,1.2033585786635346,-0.6622019298865601,-0.6609519259454598,-0.06440848478914135,1.136614219140493,0.6900007550102666,0.10344994495902606,0.16408198807597685
-1.405192815823257,-1.4972726901026334,-1.7074516757156193,-1.9024968816317707,-1.848115099341194,-6.1546804673522475,-0.7138024216802277,0.1964488900715921,0.5706268115706024,0.6894622512096514,-1.4350456187020473,-0.8198576210925573,1.0779089839828422,-1.6346948412352844,-0.4116280329719008,-0.6693085351567284,-0.1497348574698044,-0.5225724154162226,0.5674663365456029,-0.009641902140932072,-1.2194098811052394,0.9241107689228225,-1.1584121283423918,-1.9694534294025623,0.27330339000670323,-0.4173356819861897,0.04881116035073519,1.7772292008362496,0.48942962719486205,0.30214572099352177,0.4776146439549505,-0.11843646805234045,0.8996142504663538,1.721491428556106
-1.934042922780927,-1.9884776864628684,-3.7793286680100815,-5.733790389540211,-0.1532912916178993,-4.104353187880428,-1.6060810925391533,-0.7041510071620752,-1.589179005215727,-0.08084160642308616,-0.9901342456812211,-1.0640410730715835,-2.0352748254166024,-2.657928349187309,-1.0970745136284912,-1.8342361605576154,-3.1037374960997726,0.843695430683566,-2.5795944521061114,-2.321356685755638,0.9094935719155717,0.5777761859213063,1.078331222030489,-1.3508934408736417,-0.6520497459854027,-0.8173213385955395,0.5435381310442986,0.6075112528045643,0.43297311949007766,0.42842578370643636,-0.4581583944143972,1.0521718566083071,0.8388746441320958,2.0891752137396638
-2.6722759770769247,0.5793175297330918,0.6540154438399364,-4.883434312491021,0.4772662898231125,-0.7922103977803463,-1.7611136803075764,-1.8648128127342467,-1.7645878806293531,-1.0612707994783614,-0.5416211614562108,0.06481521284960569,-1.9111726938790428,1.2562662507674296,-2.2777022447607007,-1.1479032142100134,0.6162560402776941,-2.958353344524443,-2.7001703576521896,-1.2644271120690334,0.41724794114968344,0.7110171320999856,0.4746401387005151,0.44192705585272396,-0.551542391438977,-1.19192986253427,0.20347535446534187,0.028625351939318925,-0.4231755112174772,0.0620477176385293,-0.017630621050678683,-0.7243980445855963,0.5645614450326683,-0.23075887458333957
-3.579623084601431,-1.456344277513203,-5.157597587636602,-2.948592779187812,-1.567301824700214,-1.2022788815075962,-1.9506359709526717,-0.5175832924126682,-1.7728656326214878,0.6435943483709962,-0.3573694750809047,-2.0239028319579866,-0.09991773455120617,4.279495193847508,1.07406693822805,-2.6014667650503127,0.7812404678904492,-0.884999569130905,-2.0677343839084,-0.3549895725587868,0.33583968030293493,-0.23541437918867958,1.3760905270469725,-0.35588890751021096,-0.7700686346250979,0.8391362746418757,0.6994965200903492,-0.1797466897376952,0.7201434498896206,-0.41961087294119287,1.1256218569815997,-2.48316541263422,-0.4722499599033238,0.22313493065964013
-4.192405400195477,-3.7796979439711498,-2.532012400291394,-3.0547401700274492,-2.8484387203604005,-1.2591061490118607,-2.5356989951658044,-1.0462626110344078,0.332909169359628,-4.8868195317973795,-0.47491981546316464,-2.3057545537768447,-2.806009900465018,1.5587371526090883,-1.0194978612992966,-0.8371218258180412,-1.0783552675009254,-0.5454209947041629,-2.026353199050068,-1.0034566485374283,0.4451112134644135,0.5127351273599531,0.588187714000379,0.35824513887788934,1.050953542876267,-0.255339955091442,-0.20338274641896584,1.2239404236360294,0.865950559109607,0.8105706561922451,0.5123522518468695,-1.544127323756359,-1.3922864483180892,-1.1599434773906632
-4.211908228030496,-4.002546130042702,-4.250638937659478,-4.270202047192801,-2.8256907011268964,-0.2607151922381977,1.7834649890284877,0.337363702654762,-1.0508743407774552,-2.0340629944192608,-3.3183557695519212,-3.9927634133196777,-0.3658681005558457,-0.8843263668687046,-0.9569024052648898,0.35669985041388713,-0.7919549538805326,-0.07039902722577475,-1.5135970164475374,-1.0073918708354943,-0.17783044087893807,0.8432433636620917,1.0428023919899918,-0.20000396380216418,-0.4846143453108606,-0.699296843833065,-0.8505951512030152,-0.377213112128691,0.16858398779305772,1.459217833386195,-0.11791373409735471,-0.711168889620434,-2.611988156893039,-2.8493928673836146
-5.36297574955962,-4.980593814384478,-5.422187360361867,-4.995179935133546,-3.473734684992393,-3.3963854623375536,-2.228612083344849,-0.7338318952574748,-3.8252697995828595,-2.4872023504053837,-2.629396748341324,2.367000880066285,-0.5569216840720927,-0.43220053483034887,-1.5178853813336572,-0.44622858728664205,-0.537022580908079,-0.7043595898135299,-0.6878777857620604,-0.1207174857371153,-1.3580385318978914,-0.008612249918826583,0.9440636136215708,0.6881074898204967,-0.2781952444112615,0.9099724121279544,0.5631098287939195,0.48590165295162946,0.3303971340685593,0.24467282902558404,-0.7430004705826171,0.22542374507765336,-3.1013830543901797,-2.3407064671614584
-5.8881379103186715,-6.096453003582772,-6.114884161729955,-4.465572784282457,-2.4272292153949175,-2.970063695928418,-0.08288559524862403,-3.524996117927732,-2.56335348771063,-1.6525136372850988,-1.0933414487965558,0.3300490710417006,1.1657566761651783,0.14397716065780758,-1.138436282888183,-0.8903005533219831,1.0809759601571232,-0.8490094305694218,-0.5881523555524041,-0.7232573014943646,0.720366660200201,-1.3616619881388852,-1.2639980210451458,0.5105272554565624,-0.1456907173945085,-0.30472307120365544,-0.11942840326308478,-0.0029597135593217795,0.5845806800826353,1.3603369870159912,-0.31166845286827094,0.06264567585681471,-1.825135715980653,-0.8171576739528529
-7.008077743006957,-6.760890945291061,-5.793251645329131,-4.608650782522111,-1.6193251426404407,-1.8546121237766455,-4.4885924949221945,1.9707347693276656,0.17587552044774252,-2.015249798760243,-2.9522161044334863,-3.032731229010129,-2.358336755720904,-0.5915964268665377,-0.02969060718838629,-1.6576159803117867,-0.5647486172851791,-1.748112508720623,-1.0276277391554565,0.2181067615348831,0.022313010130317123,-1.165923285566234,0.2987419166203427,0.980408285464634,-0.26422432069105733,-0.31122591949929784,0.7440755874415779,0.37578642734842344,0.07501460478278978,1.3600016669388348,1.552642894354271,1.564423900116151,-1.1237239228589728,-1.6357569244113417
-7.699212528507817,-6.843461643280762,-6.214235817003547,-4.3653443062668,-1.5148408736485226,-0.6666880118108113,-4.988476668005105,-1.3518080127087377,1.8850967757938895,-2.934353037984519,-2.4613030912153406,0.7836574462677863,0.5205740082166755,0.8328635733586691,0.492810506402804,-0.6367120246543728,-1.206112557997143,0.028397671538684038,-0.7831899196785855,-0.5298468242557731,-0.12136039023418588,-0.29155396612990203,-1.1719958347252348,0.8402574045072461,-0.4394415403848374,-0.5756865744140367,1.186877791208514,0.6927833842487873,-0.19768975497688332,1.5050499431522726,2.49729467330679,2.165292807753393,-0.6803159578101928,-2.6341791047623127
-7.548797192678172,-7.146576856455369,-6.538293547796496,-4.22661705423294,-0.37582787061424683,0.12597927079862578,-2.7862005452932017,0.07975657256243868,-4.534512779058979,-1.6993684136987164,-2.1943709765918094,-1.5262749793549837,-0.5924433479761777,0.017844565510425982,-0.5566374621808337,0.12080332808949769,-3.2817581671326694,0.03424979123069443,-0.9915895659785734,-1.3369416588186704,-0.5650512300569523,-0.6917351805186347,-0.226285350084486,0.6634993089827848,-1.3336858427358587,-0.07956036573616157,-0.1577175182692156,0.2981420539618639,0.34019198929980726,2.3772319698657394,2.9075770426911545,3.419922220251828,4.439508354502834,4.758448179987103
-10.09875509821895,-8.670890427726887,-7.397257874404313,-7.012140933559545,-1.5186276778759278,-1.5643239188498397,-1.3532015353366813,-1.5084410284659437,-5.904900927106453,-2.6346619961373654,-2.014312258833537,-1.7146796783093896,-0.8182313975742064,-0.12004127380201764,1.0821554157443065,-0.7783012391577222,-0.03377107588064294,-0.7767189949114456,0.599900789988092,-0.4832505685717792,-0.17178242899232068,-1.173790335878429,-0.47249581896667303,-0.7670899114152879,-1.1377263542828933,0.10784410728540672,0.48218189004255047,0.7556508822281559,0.47962921666196673,0.39067360547517876,1.1200819693567308,2.5772983771856324,4.09651629138113,4.463039572502111
-11.59824159764886,-12.019454273165044,-8.816333685888756,-8.350116635748483,-2.410643532353015,-1.7608133087148299,1.996171773921984,-1.618092457633307,-3.0709077611056275,-2.543265755745652,-3.2007075498739526,-2.2466690640955873,-1.037674554459085,-0.21007869283260097,-0.7081755517846953,-1.6532412633456124,0.6984930491908876,-1.2789769404040372,-0.3024574618861338,-0.8795815042463805,0.10703900692069054,-1.6994825453868059,-0.8977076413175302,-0.1062197072875519,-0.6511946670144958,0.10104826516444468,0.5808632813514036,-0.12993488374053477,-0.3263296364343305,0.24994267013366397,0.764265824007648,1.2270684792542428,3.668980968449278,2.779632620443241
0.23688056740028193,-7.735489631260055,-2.9146930081669407,-9.134234382693357,-5.657889362585019,-2.769971013497464,-1.2337542077236165,0.08178938945657956,-4.9819203350999075,-0.9579322427966681,-1.7568033301950083,-1.9846275671599987,-0.9615579344840182,0.48816460794067257,1.2722838690680898,-0.42928660934700924,-1.0569831744606597,-1.7306704206228785,-0.9141893184110633,-1.022431217742919,-1.1793609587580516,-0.7365526719375263,-1.2738918285760708,-0.3177399395188675,-0.8391369722015722,-0.4247185911969871,-0.05008544356317304,0.15810112170990612,-0.07585413049549547,0.3112869611123615,0.17077695945200588,0.83714372088655,4.1994910331165505,4.671077542046633
1.8433676064906965,2.160435849301357,2.284386196210668,-2.267343837574148,-7.064096232759495,-4.800856850501951,-4.24938049719266,-2.4015636877876045,-3.3820063259112967,-1.5979618596537035,-0.286383908717124,-1.340993766755403,1.2608488109514724,0.14792447822457927,-0.6261836085324725,0.8290574144415649,-1.8383620922549357,-2.34865929608831,-1.2397651168535844,-1.443900110119701,-1.4121475406925372,-1.1632332163443808,-1.0846094787550895,-0.8411568360663878,-0.1725598705240447,0.03711757969732352,-0.4956969555175713,-0.18761064787667578,-0.6450903121820806,-0.9248332377754662,-0.34235157818782636,0.7255167460473068,1.876782124462997,4.522693567398417
1.2969829945346696,1.1443979024221491,2.0678064380931107,1.7981261429569588,-7.597825021547224,-2.601901418278051,-3.0899345210423084,-0.2901734600994031,-2.7800033665012536,-5.200626944042454,0.20950001227588172,-1.1509685837879806,0.35628001580159707,-0.6981471129206402,-1.0657855290078497,-3.1844890613880814,-1.9681486327674538,-1.9428622441627086,-1.6025820118816358,-2.013915754261563,-1.7040018607993666,-1.502434763787873,-1.500599571587269,-1.3812066256493953,-0.003897853352060344,-1.025235125119755,-1.3998327092923177,0.01757191345724645,0.06967106712949774,-0.04170068960634802,-1.0703467580657349,0.34915416173920505,3.519988772964055,4.317551457364997
0.5699395174117993,0.6690978813774577,1.076480644987675,1.4835257810643216,-4.832795254131947,-5.919968499653867,-2.2788252815577312,-4.671610539706825,-3.415205274177021,-1.4918447356425653,0.45169377829719387,0.9451324071341644,0.8444309797711081,-0.5985010394297842,-1.5667054679185841,-6.082648988586161,-1.858590735763928,-2.6926397321181734,-2.211065060981609,-1.7652408136319548,-1.5138620409193233,-3.37326240761972,-2.5694931522443603,-1.1788272609077206,-0.2831254591655623,-0.738618688820985,-0.9313002250849546,-0.35640848819975224,-0.1488462529291075,-0.24056481611668004,-0.5913864589279595,-0.3865612717414592,4.2068085922087155,4.346250739610685
