script/wind350m.json
{"header": {"parameterCategory": 2, "parameterNumber": 3, "lo1": 3.000054539987559, "la1": 64.9999836372058, "dx": 0.5, "dy": 0.25, "nx": 34, "ny": 52, "refTime": "2025-11-24T13:00:00.000Z"}, "data":
[rows 0 to 24 of 52, columns 0 to 33 of 34]
-4.506978066808434,-4.408945736723203,-4.138644972774219,-4.2793814346084735,-4.610270212100199,-5.257031917516054,-5.074987731686293,-4.758888835281961,-4.890141876466998,-5.008072152993608,-5.426545325772686,-6.066203149816574,-5.590538520541948,-5.445297951853494,-4.0733949850005295,-3.197695753775785,-2.26447385935578,-1.703766046548469,-1.6385389628669749,-1.4670293070245948,0.1807133955128878,0.13275963256660378,-0.22815509559106179,-1.1374684452335664,-1.1995797468746767,-2.1912161325994557,-3.853546097507967,-3.767383472202805,-4.416992710713218,-6.778012017529893,-7.3825794838964205,-7.983247635685233,-8.798724584463518,-8.693456617744314
-4.931676965594376,-4.87963855567317,-4.840206787161159,-5.034751522144155,-5.591600877262911,-5.745646848520096,-5.489783709674337,-5.4038350175195005,-5.669627898867849,-6.042618019378868,-6.403838591867676,-6.104902168591663,-5.8062966593863505,-4.578391543229451,-4.044994704045621,-3.7320296963388846,-3.49891137380485,0.4635577293431707,-0.39651539572268985,-0.6730424851511011,0.4886587587302604,0.4963086746066741,0.1901219425182506,-0.7962043135175528,-2.0719642579067927,-3.4632926709258207,-5.094624196867016,-5.4010060916007765,-6.614761297758515,-6.812676299515849,-7.192292797040914,-7.004757365160309,-6.773334219246046,-9.361838128398874
-5.7850120127616185,-5.559659101448823,-5.3601311355022885,-5.5735834445787535,-5.8295151985112295,-5.8734539036062845,-5.939306143912693,-6.290107534255125,-6.8658607601602455,-7.179017465439659,-7.118811802850766,-6.259476423757423,-5.527436863401585,-5.2121707847016125,-3.716755049870556,-3.152975141757694,-2.120932999423978,0.5687700303682797,-0.18207564853010058,0.5466445030949753,0.10694602649099577,1.3910768286680775,2.4065690477862836,-0.5172313425670192,-2.408972973406416,-4.814085449224943,-4.953764421682833,-6.186861406483196,-6.483483413478785,-7.529635002648426,-6.931880137526069,-6.622467581715806,-6.804386079557616,-7.452745572029327
-6.318051415857815,-5.9705414990924535,-5.985191261453425,-5.996220893803122,-6.256507475932832,-6.6782214055551155,-7.084530544904116,-7.9052025750304065,-7.897900662574418,-7.499485487898955,-6.565498982593729,-6.33640547471457,-5.420109625446472,-4.831916639735244,-4.281586256506863,-1.6598692159495803,0.017487692122542985,-0.639942830584236,-0.6773176033106841,2.073132579749212,-0.8690920539253923,1.2495653152353543,-0.8199390061662145,-1.311253249165346,-2.248291793841048,-3.2737370009195175,-4.4076005757075025,-5.9328334406401755,-5.768203037098267,-4.988241317689038,-5.816733038176867,-6.8371380032412,-7.588777023078584,-8.149088322608298
-6.492642721562177,-6.4263903272960405,-6.636288474082996,-6.713989618500228,-7.512402543739513,-8.059568464733339,-8.379123265071915,-8.264307366062441,-7.862777261037076,-6.917199904601469,-6.605231215597267,-5.884947567468303,-5.655802519328703,-4.464890139756594,-0.4925576734153563,-0.45694990328022905,-0.5024560312324664,0.43286060495395906,-0.0511969882557069,0.05891136112376655,0.48161002116989143,-0.27873661878791434,0.05113712770409749,-3.270157998064501,-4.211453373885973,-3.539858178221834,-4.995859770323269,-5.376554344953899,-5.1144026349284175,-4.883431981472018,-7.129101758358232,-8.192354905214973,-7.952350981313728,-8.078533516613899
-6.930161952202689,-7.228687392887193,-7.823834384368829,-8.076147228015941,-8.435160043386505,-8.429561151014335,-8.329035794424017,-8.015211426450355,-7.169084945838031,-6.816756240051743,-5.939053928508624,-5.343071132849834,-4.543283878022103,-2.218899450813468,0.8759827600593464,-0.8188813609796008,-2.126381107521118,0.8607752998079244,0.44156641473087666,0.8247420304987965,2.663099199241441,0.4355082589251565,-0.905682245611892,-3.7129598712885508,-4.212088338205779,-3.8953903023131926,-3.821465490289342,-3.9080926758513232,-5.6904210526035035,-5.699226301887569,-6.850755169750427,-6.936720834406703,-6.632857801814721,-8.701618318092477
-8.158108655858124,-8.342513033343883,-8.369303405399533,-8.624651909312348,-8.589248217071479,-8.723029151651764,-8.420613978070064,-7.8662860788336335,-7.411739752790274,-5.750079742772408,-5.488529301878822,-6.164433207440475,-2.797923501731604,-2.203359681894198,-0.3023717214127077,-2.960360076409084,-0.08664440214618122,-1.5732644285975714,-1.0103817016759202,1.256795608788953,2.8099451255607377,0.5068520604101522,-1.8120318949886214,-3.79236324823009,-4.019430525598069,-4.3863604595264905,-4.727628901792089,-4.808898650076617,-4.870414815522796,-5.657265322236754,-5.400621471179447,-7.379284517856538,-8.705664500199441,-7.640405557141019
-8.36718299350928,-8.568183220205558,-8.699058221028627,-8.746846063374694,-8.979773076218146,-8.825753014479105,-8.432801211984254,-7.509259770662102,-6.371207915526644,-6.203777641499667,-4.0486895236864235,-2.5791171570027407,-1.2711290758768719,-1.7575656644756674,-1.6545420677453326,-1.131286207781504,-0.8157989781152667,-1.1143172176569571,-0.9943149637954636,0.9155898633814596,0.8123309699350321,0.15927288994628153,-1.780476276284448,-2.9153719069428967,-3.024900568049781,-4.624295942035186,-5.088905166366431,-5.85165446799588,-4.912539262613888,-5.62532654430232,-6.806541475443404,-6.779327202708846,-7.790036974675418,-6.735587742266239
-8.831021658284923,-8.93963974904333,-9.16370218818975,-9.546342513906735,-9.04112438679394,-8.641496954472796,-7.983032839278031,-6.918642482117942,-6.375518238231721,-5.665695191245886,-3.927696824616214,-2.239914173453427,-0.9217702218962517,-0.33529140318758355,-1.6432117323497593,-0.20629025186574698,-0.4958506632271544,-1.0035225481087449,-0.3955851525380694,0.9408613073834342,0.31831087608338465,-0.0027044272668045577,-3.033943271729714,-3.1930130557718828,-3.100063599479276,-3.4258673348921795,-4.570300425819454,-3.5805260039136835,-5.462007092857047,-5.031693120811105,-5.566441237693548,-6.418995002107041,-6.671542840687818,-7.677442566846933
-9.058065984109493,-9.320754781856904,-9.591602095877986,-9.564296983837357,-9.301850266889232,-8.31399536274197,-7.950748395911394,-6.320562227473135,-5.186424109286235,-4.379249556287409,-2.8920118924935427,-0.3363898716541605,-2.028469194494756,-1.7826319168954827,-1.2502313893709958,-1.5364366649982246,0.2880833378591085,0.5678695432210022,0.9000881642325864,0.26623844476868835,-1.0988357054914903,-0.29511576254267835,-3.1055205310880094,-3.4767478053029657,-3.2401836933045987,-1.4346150619453777,-3.1752501862601172,-4.033721830574621,-5.874033497139788,-6.6475186456253725,-6.631617909492277,-7.55063531688928,-8.647952009519024,-8.579654188866035
-9.395408014029483,-10.143090279042303,-10.160040678849628,-9.665630969253469,-8.94954779484072,-8.17245836198278,-6.900996298185782,-4.289829572326139,-4.958696215397124,-0.7935605764289091,-2.67268427574507,-2.2780601108569107,-0.45212618251771175,-1.5772426432303204,-1.5261091253330021,-1.4673177321540256,0.35642321976070584,0.34520198919214407,0.8346707467333312,-0.2654705620844494,-0.9862042463834967,-1.8096344675937421,0.9280550871571347,-3.682349275643762,-0.18134113829304935,-2.235343941382778,-2.229596047475173,-1.5714584786512433,-5.332182143190002,-6.6890811157372,-7.580548025417955,-9.167626581491302,-9.425715471140885,-9.720073140655192
-10.358013197490205,-10.733120476667638,-10.527374832344908,-10.254957462950815,-8.082072955445257,-6.750054324183798,-8.590893052008893,-1.4352321452694028,-2.7080968130419363,-3.037354688219247,-0.32905833508112897,-2.1988556203904506,-2.6206425996955436,-1.3608764744332023,-0.9392773034950186,0.00962388131437274,0.23812427091084315,0.3398790744785459,0.46779802191595904,0.24823326605030224,0.06176515135677974,-0.38825387724500127,-2.504902753860316,-2.758130052022946,-0.5815119060921389,0.6723066584421612,-0.746825632575432,-2.1595697025528224,-4.821325358550356,-6.198758740261959,-9.274148029889632,-10.640112377378246,-10.843942200646,-10.411984065322953
-10.88479435484726,-10.86226111054831,-10.794879498826306,-9.813840147006498,-7.456602360777093,-5.375689992160493,-5.488627017076168,-0.6547092041651293,-3.439986078927407,-1.2778925559363858,-1.7924187249085854,-1.9746711035809796,-0.316781186246028,-1.1973135125948198,-0.3110829476942695,-0.12306590682962054,0.5902288476667358,1.3610728509715004,0.8316245487878586,0.23281375380711175,0.27940325332446514,1.4023468908757541,0.9056873749924418,-0.13055214921337185,-0.13891974926131131,3.091019680547018,0.5031153180727475,-0.8959839181354092,-4.195640948042112,-7.140813779147039,-10.225433425746798,-11.2064828727724,-10.802349462743926,-9.015382266134342
-11.161388501496313,-11.25655754134356,-10.856312529691081,-10.710417327696915,-4.351497204648916,-4.672062471993827,-3.642067203088539,-1.6380397845411183,-0.5661381713465065,-2.9299541886533285,-2.0553628989397907,-0.5664035212726399,-0.3335661998043178,0.7747259402173261,1.0548923768080445,0.7510639844660942,0.8254352013288649,3.045152630887855,3.3310676236312897,3.0012157079716766,1.52964115889584,1.8959923613237568,0.8095367717731635,-0.4171959201676948,-2.9829460462670245,-1.0428286530231974,3.4912444577974164,0.6590476909434403,-3.6311477257722116,-7.664709580101487,-10.771088099134959,-12.092461282028907,-1.9025514458821755,0.23325347199868468
-11.124810813878971,-10.855967950296842,-10.576206993876331,-4.911388236600812,-1.7881221855103018,-2.0032555674096284,-1.1763618354409289,-2.40601126856361,-1.0008789748011937,-0.6235371084653563,-0.7283336414238575,-1.0448657231486087,-0.8358896018796124,0.8653430857659522,2.104178820651279,3.0292080164590267,3.4912360763126853,4.841074197052586,3.369906347097469,1.9989988916004078,2.1077294443352224,0.14153980737133925,-0.8593453835578516,-1.6328361745584652,-1.3797774755201844,-1.8303388426545197,0.6307392267843306,2.0664120249709095,-3.4988966741473253,-8.923253476794013,-10.369175201139473,-8.43898800963732,0.062304390679737545,1.8539339424805938
-10.884560155442308,-9.788540492014015,-4.997713050970233,-2.3713711505710147,-0.2687034581376501,-1.2442780000508293,-1.8869891618901786,0.37691935000333027,-0.08265162786261765,-0.6547783758299305,0.7101876492205047,-1.285210536973462,0.966830556893301,2.67637697772045,2.5483810496388575,4.285989134179993,4.884437646963965,1.9991375388950925,1.2643594885364968,0.10389568270501288,2.5501327668527236,-1.5406728091466975,-0.3871656383701871,-2.3140492146792173,0.5200727203545964,-0.15570299971147789,-1.714659497342543,-1.255039846475166,-1.8263121155992723,-6.829291188483668,-9.195865097087358,-5.885124719979286,-1.7584205025180606,0.9985823209049633
-9.644106767903704,-5.209388112680787,-1.1751229275451642,0.6885718371349908,-0.7246666457516195,-2.2722723819244344,-2.6354251222379226,-1.0216703976008246,1.080700875488486,-0.1587734149990472,-0.24744558474622722,0.22647801093595143,2.537456296808347,1.588623474826456,1.870728548961463,1.027101999201348,1.6896461168036172,2.177320722688626,1.7795361546059603,0.5399554031610934,-0.8700404528982033,-0.48206838017195536,-0.06781046504963978,0.8293918461979176,1.0279847983983108,0.7819345907073537,-1.8679910120797123,-2.7044391846373994,-3.4718112933624656,-5.150853093244901,-5.744106823816807,-4.581787642838832,-1.6996274319255762,-0.16680621568135973
-7.018684791241236,-3.357792882906713,0.4400414877221932,3.683725113565544,0.7818465396357133,-1.1811586720785772,-0.8292444076813617,-0.27409039667859975,-0.6793365271155555,0.09721217076427173,0.49007583923655207,1.6273653078079577,1.9795769735048925,2.075575445678543,1.641008484481754,0.45085992962738786,0.9065540644149024,1.227137592523733,0.8272663109008347,0.5786968763991298,0.6397703546476051,0.7747018598314438,0.9113547411730256,0.7119533050408514,0.9458517930093714,0.3374342647976709,0.15985270243446345,0.28895827960280057,-1.1539512154364127,-3.20539875845434,-2.858562410482211,-2.2922505377114684,-1.356787673317746,-0.8215151284353398
-4.874160940536346,-2.8064700447081994,0.7001732857234408,2.552000240327168,0.12744347721562796,-2.0383767541804048,-0.8090964345555758,0.48907107762824653,2.7346249037525925,1.467758857826835,0.9728612119097776,1.3284537396613727,1.3870799636400357,0.523873520103519,-0.7627137320560897,0.30233710658771445,0.19207036407425038,0.8506640482970308,-0.47722279604120343,-0.3387726827403077,0.17444501976781995,1.7703795624639174,1.875506668576848,3.6752348768070062,3.0756059306706525,1.7592648381789924,1.8775499116407923,0.9844145097524994,0.40775708972796637,-1.0971678099946078,-1.6439749540066733,-1.485696308854288,-2.008468772479222,-1.8658087572502657
-2.3410475612404213,2.7447432587512997,1.2681108286423832,3.7369769774448813,-0.21137068589792,1.0952374972572405,-0.993405172625254,0.03672254802056038,2.617563718727324,1.9463095602297655,0.5904465627700262,0.5643680590281365,0.3881080514797707,-0.8041336312726797,-1.3587562666141195,0.16150628135369693,-1.6299701910687756,-0.8893205738969673,-0.7782829365329745,0.5545130604043541,0.7222600030440169,1.6720959886543485,4.8160886082464645,4.27683349340774,2.3914472629989527,2.2625409314097173,1.3728868053163223,1.1228995743578458,1.1351834449375904,0.057238742317698106,-0.6887534646316039,-1.6451069416436344,-1.8672324449997142,-1.6473961661263774
1.5765235703793663,0.9488068202795963,2.497757267224955,2.5733883900787258,1.3206823026596797,0.26964012523897934,0.3545896610363375,-0.3295336894203101,-0.054152686759890316,0.23388790784609018,-1.0042531660059622,-1.1896189845935414,-1.8716360737636804,-2.551130295077989,-2.4499122864913705,-2.532841992945582,-3.212330666439656,-0.6274138527752958,0.8399258598953887,1.5624189302861793,1.5387675028801988,1.7146607723146663,5.654052189708195,4.460851055342709,4.3663318146290155,2.9109971864123696,1.1650046482506902,1.2226275618558773,1.127127129923455,0.7841834215600721,0.18899737526041763,-0.1980276092326105,-0.40971878639258696,0.05082457252407436
1.571473646520706,0.7369030433218464,1.4276542623564628,2.6435751898112403,-1.183199853879981,-1.088971108931308,-0.49095322213033343,-0.5742373612969324,-0.21223163792431038,-0.9321181245785498,-3.6230448520698793,-2.2392307565303513,-1.9298650988505552,-4.606743763359129,-2.3915986966575775,-3.640380784847251,-1.9652675562493334,-0.4369444787203948,2.355679550251287,2.873924242720188,2.069459613348122,3.5227778524453015,5.5273624893236315,4.11371693752263,3.228859158479169,2.2908794990967247,0.8552080577377696,2.3459779780294667,2.036428861481009,2.4654780160060397,0.5582776550400058,1.1563236247834336,0.6560172512044726,-0.6729820790824774
0.5712314713211728,-1.1064840988288045,-0.5153847926157028,-1.15827522781965,-1.3774510995529323,-5.070373942215282,-2.1490419272815555,-1.8028782000528591,-1.0685427687245053,-1.2159664990252124,-2.2869773333047783,-2.006016659013901,-6.47347988508181,-6.293869947967076,-5.614527694679684,-2.907639517068654,0.7803490958487743,1.2656738992714085,0.9542396217387635,3.6050682957103044,3.3574333983290248,3.391673265178814,4.047706883490381,4.046214645451642,2.2890984779685617,1.4153693122100777,1.3858826259106243,1.2399163428818256,0.007447222910029522,0.03841955904994448,1.2431037684635153,1.7578238670462154,1.051413466468809,-0.0772983566567976
-1.761317220606123,-0.006079615405896919,0.3143758400419084,-1.3059238030821831,-2.444887271979635,-2.2396334147481682,-2.8188450116195103,-1.2485263382373892,-2.1341886819599454,-3.175507591169466,-4.650435060090681,-2.6746205236139984,-4.970194284061831,-4.727851166940427,-6.239586440369555,-2.453461468996709,-0.7778123997007013,-0.451969532252163,0.7946572900055178,1.9337578964629751,2.788827575504559,2.6343768517258206,3.6990308219037407,2.761637704702443,1.5739503389736034,-0.4544162408923414,-1.2390628605018303,-1.0484886786545458,1.644497203659866,3.008190973190469,2.588777274222791,2.5770734193538387,2.655791104440414,-0.19305704546779887
0.01817784972065004,0.034530276686798304,-0.6997601111849046,-1.0263422691993032,-4.344277756870287,-2.96122861001242,-1.0985564398215155,-1.9597306077164467,-2.662454537833479,-4.517269973597004,-4.871210380976174,-4.975482898732802,-5.4599821376036894,-4.998811227999344,-5.509500587076311,-3.0374009688242243,-0.9557783421370774,0.16253770695075445,0.5250306989060809,2.0387345854013925,1.873038236288872,3.209294304293377,3.354052650298307,1.8117254522289772,0.29122765592323585,-1.219671843873712,-2.592932174342768,-0.6929168466749666,2.782768418878688,4.308593185726807,5.057503502561595,4.399787808611113,2.394326475643248,0.8167613902137649
