script/wind150m.json
{"header": {"parameterCategory": 2, "parameterNumber": 3, "lo1": 3.000054539987559, "la1": 64.9999836372058, "dx": 0.5, "dy": 0.25, "nx": 34, "ny": 52, "refTime": "2026-01-03T19:00:00.000Z"}, "data":
[rows 24 to 47 of 52, columns 0 to 33 of 34]
-9.125762399311032,-8.553782692059775,-8.9943957631623,-7.41942081075404,-5.144798956842302,-4.450977640248471,-3.651168802665177,-2.8233417047849443,-9.449478039715263,-7.9329282005341515,-8.61218174280143,-7.114343211059257,-8.136534536862554,-8.081958596688535,-9.454363675623108,-13.7213409945496,-9.878058459046919,-7.733074021021068,-8.17422158064309,-8.08863097095549,-10.030937079537495,-12.006917726976585,-7.612402501852465,-6.3616147532034955,-8.577984262913994,-8.675326964215001,-8.772607648722905,-9.012758124981424,-8.616359836826716,-9.404365839641637,-8.20394419246336,-2.3558854537119274,1.486080901938781,3.85502471519201
-10.194691821904446,-9.659029939013541,-9.915516648738002,-8.52319214177597,-7.1913073260964655,-5.766166897896328,-4.671147813338393,-6.847645134238051,-8.374456865877729,-6.879101578397642,-7.775506770758278,-6.515202506600148,-7.831586778036084,-9.92865443880155,-12.81443627238147,-12.980096187562431,-10.611715916657696,-7.889817042542728,-8.365998823346802,-8.741086421549014,-12.603968263743107,-12.474918270001933,-6.648685543796583,-7.648012169419126,-8.314548773088177,-8.41220221722097,-8.672424619128451,-8.375972230750982,-8.881047303584559,-9.657246405328296,-5.899164507638167,0.2238953274158702,4.085873123343466,2.9766304836679107
-10.805554630365094,-10.515822789858893,-10.57047702262217,-9.98248939751913,-9.236428759364047,-7.7179832929932655,-5.503462269261122,-5.262120962489532,-4.543528577445763,-7.202451444267472,-6.460042953790066,-8.00750300942617,-8.097283074092799,-11.279380882214863,-12.591335163885049,-12.680943354827754,-10.78892211000022,-6.617929714587133,-7.513203223175144,-9.275009271699938,-10.704658043959054,-8.545297770562991,-6.608812151112971,-7.047473530311273,-7.639539410560837,-8.762324015059995,-7.788471633391507,-8.449932109888348,-11.249711194814505,-11.610297258272764,0.795722941303093,2.446167878685137,3.120141469616163,3.1284349019996887
-9.679124110846043,-10.363377061123003,-10.946704084409228,-10.823740418332967,-8.339382987363605,-8.123639359323619,-4.693412058701418,-8.419466783111583,-4.9828775199973485,-6.44586914600325,-6.653143056780296,-6.960612378961961,-10.421237697817503,-11.231765573846635,-12.871542293811418,-12.129625198961461,-10.538433435898137,-6.371691101890221,-6.022326451502019,-8.456108377701186,-10.501607585402464,-7.39602441168477,-7.323116884445849,-9.613431937209661,-4.879738290671461,-6.39968925090007,-6.958691925189973,-7.245822884754973,-12.98806897223767,-1.6549180506866135,1.0783734270777467,2.019341560459481,2.6072824857953893,3.303522129259845
-9.218704064947662,-10.141189743751223,-11.037791307524971,-10.586609023875365,-10.098454060488221,-8.66872447126026,-6.3670429534314055,-5.585381604148415,-5.956559715214785,-5.928121491430435,-6.603930378011728,-9.972723248732304,-10.404457178140474,-11.69936634342169,-12.0667273651146,-10.964484848322739,-9.743710434278725,-7.064467071878678,-6.640231099471315,-8.432526343441902,-8.442023660092339,-6.064519338170621,-7.513285988964431,-6.882443694504013,-5.647340990667091,-5.891141305212776,-7.497918265117812,-7.559435079740154,-13.493320380342206,0.4491896359421028,-0.2509020324127349,0.28588616441942594,1.5460914688774212,2.0841415541958797
-8.49365370203683,-9.151584755154797,-10.208087359827637,-10.021951051694662,-9.186879076241635,-8.445332905311211,-8.623286897272203,-6.775923158756916,-5.843517756357408,-6.498754181459047,-8.89067628112347,-9.97352144629113,-10.807279414314133,-11.755802329826507,-11.741478173266179,-9.78827124698344,-9.114768889405656,-8.828150361643882,-7.791259489117635,-8.006591371889918,-9.416706835695255,-7.868816168674281,-6.628986603656249,-6.291814403870993,-6.465409652015433,-6.603330396829963,-6.195778933221543,-5.677246004226238,-4.864344213754245,-1.2046368084322392,-3.036991342831714,-3.260783605835028,2.351889619736511,4.543648945094764
-7.811420470612534,-8.77822164777016,-9.554324864968574,-9.43820861846994,-8.50131285282601,-8.578629049586674,-9.319376725410825,-7.975660423288743,-6.463728359724599,-7.742082775485978,-8.905237035959773,-9.735336063569108,-11.227644319225742,-11.91988970189092,-9.92009413685623,-9.423998481185134,-8.977359670227806,-9.485224637428704,-7.371614907503327,-7.153449822063165,-6.57610886724939,-6.149929022002685,-6.487828200203312,-7.1982596844499875,-6.323496798033889,-5.178927851588583,-4.91951874426405,-5.161564588258757,-2.8065766942755523,-2.4206152792025915,-3.7742929925743796,-2.4612709926578376,3.8176857638500445,3.5596959367206304
-7.788376673823442,-9.050886179133578,-9.674379251749054,-8.015785471333897,-8.502343319615758,-8.078090941084689,-9.131622583037867,-9.937403412226436,-7.589433951428679,-8.105051285358595,-9.22278360497604,-10.06843380187434,-11.538940310943161,-13.630663661434554,-4.890067312616804,-7.3473404262359026,-7.124345441832736,-9.319849327577423,-8.143750076856781,-5.509653381479945,-4.9497487331609324,-5.406389291657746,-4.456704468991077,-4.837251420621181,-4.577480904227641,-3.5895816092564408,-3.8835695698527157,-2.195374701656433,-1.6209649989895623,-0.6044243721776893,-1.1117777893504448,2.4257796438998622,4.067582506488704,3.2363130053102225
-8.72288406953355,-9.723230411405547,-9.16265158283454,-8.171685273113193,-7.17358994474417,-7.913121496379511,-8.717018561446267,-9.543988313746498,-8.497679170383087,-8.60139367161026,-9.79966241134284,-8.838675808948057,-9.865447897683827,-11.467205252226204,-5.391378823477852,-8.276587965564733,-7.595594771579002,-8.760705409534241,-8.967014858241974,-4.882931524945339,-3.3271215856896053,-3.9764753070598626,-3.7175297888774423,-3.643421056518975,-3.8078847923139594,-3.824676822373373,-3.3010963427793913,-1.9213533975375061,-1.9344152747132877,-0.3708555743674893,0.38963759851122004,0.9155623697223069,1.9014927218138935,4.0016108523703
-8.907245039793178,-9.929200652253424,-9.088703311490796,-8.302380459013948,-7.783306837522023,-7.937230277280854,-8.493662887613567,-9.38760130547844,-9.17794559791497,-9.377834854094063,-10.62503125683916,-7.6902437468302995,-9.923015800033834,-7.446629550505624,-4.9180351100940465,-8.828639403867516,-8.01217840381997,-8.126351657173828,-8.22421007710216,-7.426233109332148,-3.817152253202282,-3.1299420813405563,-3.082657420216593,-2.785223764574,-2.81774950522171,-2.8801499857747848,-1.8888705717663599,-1.8582863407362213,-2.2230013993132824,-1.6236596602933713,0.37450299242991814,0.7682340503879551,2.115959332687131,3.179483573074401
-9.233778837379983,-10.055620252675412,-8.730468444999225,-8.069191670074476,-8.241002509081751,-8.50595558839589,-8.770183395695199,-9.353605235765096,-9.508035080434377,-10.789679088232793,-10.876920694852295,-8.70600922759226,-7.4600747477668605,-7.498288634825008,-4.996404364471869,-6.430118239292029,-8.82451267678154,-8.002071276845166,-7.2714267341308885,-6.928416939269224,-4.354070337601132,-2.7728854743849074,-3.1936786600361065,-2.9141699952378337,-2.5536291562616134,-1.6789593753415664,-0.8400761997589042,-0.8124966691849109,-2.039514326721895,-1.5535453544062572,-0.31238604825318994,0.8135527575681748,1.5755643195881983,2.642953517809611
-9.816043507344329,-10.318639349706451,-9.686256495369735,-8.596980825944348,-8.72744181221354,-8.63544751337469,-8.957217427073825,-9.589543492761077,-11.248720640955781,-11.993636492253916,-10.690673485532306,-7.5027620657511,-6.688387292312912,-6.286354103891195,-5.204019070071464,-5.8611301591458504,-5.87427612891764,-7.663628720552415,-6.65250152005239,-5.8613132809145805,-2.3816697268511122,-2.013682660105061,-1.7059119732165462,-2.0066655380925447,-1.551097531752901,-1.5527168927995183,-0.9606530519597681,-1.388782987936095,-1.7893864727062774,-1.0049176101465565,-0.01807055304366349,0.9071239695033991,1.7237436247750924,2.8043465363697777
-10.025595715988185,-10.650069900052905,-9.89356750715002,-8.934712832771854,-9.645108190766047,-9.116492523925945,-9.083636801705712,-10.697263976415433,-11.695117583726173,-10.903043725234937,-5.229499914441773,-7.798606999014872,-5.980991271889138,-6.053303201319701,-6.654666555546658,-7.99312506463345,-7.392226383178615,-7.428687521368509,-5.993037977345634,-3.534061900741135,-2.6045367380057467,-0.40645308258536034,-0.8776551811149975,-1.616016930016928,-1.6577446393614756,-2.941478297723512,-2.455677686463708,-1.575957822801405,-0.9149262301697271,-0.7495899286933788,-0.545292353835862,0.21864725518216038,0.8815683313688978,1.5896112468195394
-10.731736406256635,-10.80788238786407,-11.187856691970712,-10.984870842830457,-10.523239885294577,-9.508822440152871,-9.43023224053062,-11.398185286865631,-11.706994985643577,-12.196171795074816,-5.796220674826294,-7.449978826118204,-8.657000359849727,-6.89414454574617,-7.435792064804967,-7.436037052502947,-7.264133234836092,-5.096653772953742,-3.803856545289245,-1.8540006425815512,-3.3485320469758855,-2.594786609307284,-0.8457025604728734,-1.886425327147979,-1.9650287204565984,-2.225243249647359,-2.059818463510115,-1.4287634781472422,-1.4402683882854217,-1.0713068538727135,-0.8414675779144806,-0.8248087341511545,-0.5437657779923609,0.08899125695585129
-10.681081877178126,-11.88946156349199,-13.876563695342304,-12.362235075168241,-11.102579705569712,-9.53866384295301,-9.636678864535359,-11.159243812948558,-12.065085717359619,-11.688707548574447,-4.289283697644338,-5.026539311125599,-9.247040811119623,-7.054335483367366,-6.3194713508639655,-5.465143417507784,-6.304685435798454,-4.994962795308343,-3.8882557012029237,-4.5637173224592775,-2.6264001845248535,-1.992215509316572,-2.9954833838698907,-1.8800915704505121,-2.281381614020761,-1.695639618589565,-1.7007917099241547,-1.0929722150258483,-0.5537359099634392,-0.27476983781120584,0.1618114532576275,1.019623213287659,0.861148915516362,3.5333553408204685
-9.236513618085626,-8.031251627235914,-12.947393377729174,-10.69100299446928,-11.63049806205547,-11.418866291096574,-11.21691635358223,-11.811074940946565,-13.101786416730304,-10.552641265939474,-3.391390461960576,-5.627095057462217,-6.872646653528378,-7.486226396332241,-7.761985461332558,-6.629411716548395,-5.051003378138998,-2.907883555307907,-3.9787658512501234,-6.628781216082732,-6.406634438460552,-5.1989818087338655,-4.225810819814069,-2.867534118042931,-2.3915131062678436,-2.0474789747593203,-2.292686311592903,-2.0285641777607513,-1.3983679141030225,-0.33394537886772424,0.4088459012385917,1.3840290684096113,2.6411620191149834,9.043948058657916
-4.464609405915127,-8.184902824175236,-13.080792553140617,-10.811266326932074,-10.49035387846949,-11.588076671499906,-12.23613658543468,-12.273346490911177,-10.389033549029207,-3.5834822075725294,-5.091416535596009,-5.643413188403136,-7.56793358162956,-8.46905526954632,-9.467766370956461,-5.992248892609742,-4.549304681307001,-4.7309089789891985,-4.569991357000179,-2.8004149785377255,-4.009507763787738,-3.3077814330826034,-1.960674157322469,-1.0387716374089506,-1.186231410571125,-1.99211572833233,-1.0237378972385844,-1.3037800224814695,-1.3271006188867458,-1.3864514735470759,-0.9953782669482191,7.85449204455435,8.57381739133814,8.6846830406036
-5.9669162020500846,-9.437011418434908,-8.650088603065427,-10.470512240637115,-11.482732557405512,-11.286959947352225,-13.082965917970848,-14.247484398134379,-12.905316317089916,-6.319727469728619,-5.860007522785569,-6.501973010146898,-8.72863915119555,-8.957539356494626,-8.953008179654068,-8.160506589406658,-6.716960041383592,-4.709213706649409,-2.5703904014767387,-2.801687985076647,-2.849701879992694,-2.535847516056617,-2.10499077256875,-1.315381746684179,-1.0971931760542102,-0.4031541747749017,0.3712359348124889,1.2806154638438239,2.3698778526893656,7.595584921334698,7.16219610482906,4.985606383721894,6.253202036244964,7.376061256420326
-9.317532772993182,-9.307136249625202,-6.834715018444322,-11.53644219664232,-12.036932264322438,-13.325678380166197,-12.215743285218634,-13.429286872692616,-12.379084356587216,-6.63314727258235,-6.7461134962980704,-7.449630974678571,-7.157032911871343,-8.283611232694863,-11.5936727006468,-9.530914298453078,-4.210643279713726,-4.091210128186635,-3.1114511401761487,-2.524978246650794,-3.5060529995909886,-0.7150562168186517,-1.2001805126960383,-0.7746297601395501,-0.43420621081079336,-0.38217041892622144,0.9717808602182862,2.517411756574737,7.3133952891969285,8.62327808081544,5.633626103142609,6.546165298716488,7.0144279287141025,7.2858417442854035
-7.261987103043516,-7.2526798936537755,-9.06340461852787,-8.967833610931061,-11.324775943659938,-12.339694965302305,-12.30087726977465,-12.474343429527302,-13.046626191195298,-9.644625531241351,-8.619757220694217,-7.834346107177076,-7.900922685965269,-9.346277412001578,-14.686209561759673,3.970899257315764,4.697511649250072,6.3347931423065935,1.8986827131924864,-0.30414673759936944,-0.17857511584517802,0.10255515736621545,1.1731481974286082,1.4461927181484582,1.543986264017632,0.5930093416352155,5.819533279993088,5.792931648217745,4.449641426319831,4.608136788916787,5.298494302757736,5.78434175416907,8.292875031180097,8.395840399568348
-9.21458348284888,-7.808186209222691,-8.050785602798555,-8.48365917227253,-10.754818803119218,-12.774140937350253,-11.034611552794983,-12.095864744941505,-13.262231327628015,-6.8602744788705206,-8.759480355556086,-9.69597702572085,-8.141283903938676,-10.557985591912026,-5.4487925635166725,5.160381400145364,7.548412316947922,7.367067527528894,4.374228216889497,2.507003879807732,0.4512444667174162,1.4115478342791192,1.2453893901776771,0.9374059338984772,2.487681757267746,3.024327917318152,4.0314939456597685,4.451378730307807,3.3724415207527523,3.37691759053531,3.337904939817031,4.2339162237578725,6.276676848829087,6.766303289259084
-9.676062583510568,-8.539279081095016,-7.5200663360388935,-9.396117947368937,-10.073152447820437,-12.246252656537127,-13.54709251754589,-14.086426815402334,-14.449235434504509,-10.97134317490024,-9.67189623851728,-11.011050959343514,-10.622301960059858,-10.943992222887893,3.5268597036578817,6.425777250230957,5.3400542419692645,6.647677471995,5.4539915769834835,4.062337431130178,1.9814614029275304,1.1506036489642733,0.19257454946584102,1.1810229364348475,1.9311015618128105,2.6400515331801557,2.173178617707877,1.6200973938333794,2.3264014904045585,2.914449426582699,3.526588734296048,2.9986765517054987,2.854351632829664,4.718266228736571
-11.922012237067777,-8.841809384911869,-7.380281055486739,-11.551823292639034,-9.696964001209526,-8.337621379547615,-15.331825494826523,-10.872139588602797,-13.706733385195303,-7.570634893543526,-9.547951717223224,-12.13633119742009,-2.8807742401851226,3.243934867341429,3.844631611548272,3.5315876459124076,5.07207945210372,6.534507045357932,5.1536473352623755,4.884224416929236,4.406225946037297,1.5469495143359264,-0.45499614394465177,-1.0203990603035749,0.09915386001541497,-0.17739852502425563,0.047390181301724295,0.13893613360189022,0.8558055482842964,2.0643937375810943,2.843881462981186,3.7280583942970864,3.054474732806474,2.8955789898356223
-12.572994107676216,-13.236846251800456,-9.8333651676479,-6.368369321676501,-10.091341607359073,-8.575606534926271,-6.448682796121941,-4.228170117517562,-7.766410369459385,-7.872074333302164,-5.644921608800978,-3.1451702294762294,-1.8221920949327008,1.9420382278943813,3.1771841700491517,4.153544572611397,4.631872245174603,6.042729429256213,4.834833684343188,2.9069616957617064,3.6046651689008926,3.0528185263366954,1.296901950203604,1.2114215024723451,-0.23852762921422122,0.41652351554138145,1.1952765326708379,-0.8843151511603388,1.5852441639925237,1.9795378720272139,0.8224224147712101,2.3962072416628257,1.6823912025274024,2.44032385421054
