script/wind10m.json
{"header": {"parameterCategory": 2, "parameterNumber": 2, "lo1": 6.000027932988019, "la1": 58.9999434238085, "dx": 0.5, "dy": 0.25, "nx": 22, "ny": 24, "refTime": "2024-05-18T16:00:00.000Z"}, "data":
[rows 0 to 23 of 24, columns 0 to 21 of 22]
1.924365339124069,5.01442076940505,4.489402766276312,-0.6661946964982781,-0.5132458439506208,-0.539451345256437,-0.80611211269524,-0.027490532421879037,1.7171961400113998,2.9979345714503243,2.869769315820288,2.6811733533513897,-0.8430036786803511,-0.9489782273234668,2.452933526418145,-0.37915772050623375,1.1940293699543376,0.3455445064914609,0.8607612906101051,-0.5789241373889276,-0.3960560589884717,-1.7140367523743647
2.9950787587797656,3.401411071388547,0.26990496565854233,0.3434233160487364,-0.9609204101160717,-1.1679840076500667,-0.6783152237810183,0.6965602303718027,0.8385136253076566,1.0142019683538348,1.4426054042998984,2.167327533074399,-0.7143999484970872,-1.954856462855578,0.010214839369411205,-0.7803373335304306,0.45028590541612773,-0.6066006497345992,0.5102972902780861,-1.4131736553577927,-2.0436791546454365,-1.591588379073023
2.0837569500606907,2.2141932787991294,1.9178556975409295,-0.1301146387600834,-0.8326706241700178,-0.8612238018558538,-0.5712862820992639,-0.1585511590096634,-0.3967325828244323,1.272759281480521,1.1495332565250895,1.8992126761997148,-1.294793623343386,-3.646743496466045,-1.8196476990860548,0.2168554548758655,-0.8590372254012669,-1.6291317426731142,-2.6241152379033745,-2.1003205012718915,-1.8887230129917947,-2.9231030173313344
2.5955960226544406,1.9607786898349053,1.6988782470883914,0.10028869577520572,-0.7352191221606468,-1.275467798840247,-0.6536844503458948,-0.5746096608266815,-1.1060726143594086,-0.39101599760747163,-0.008786929382709597,3.1825142742675037,-1.7884684171265046,-0.6087440499410769,-0.8075802035340318,-1.115250501402003,-2.028439990644046,-1.9907785959655508,-0.8431541745149022,-1.839421001250514,-1.919970006852341,-2.105960574455256
0.24042294618678992,1.6733323807542586,1.0217225608422167,-2.5767698321468337,-2.2987524964235315,-1.1920270382888973,-0.3187648434917139,-1.2777110015973536,-1.0123230404771941,-0.8183713851411929,-0.21215617093724704,3.1280479502060508,3.0441235081382243,-0.1701112601950938,-0.8996687970597796,-1.1032349286922354,-1.4611083695178761,0.3364042837978694,-1.170342537141412,-1.4813205917604013,-2.48144843116639,-2.349139451365789
0.21310133083020072,0.39320934307393185,-3.5281882925101984,-3.07716964261568,-2.689259961683058,-1.6602340031613407,-2.5649580636327567,-2.960634979280373,-1.4879013792357734,-1.755119391230174,-0.15031713675292105,1.5758956719245305,3.2486305897521786,0.33054573405247883,-1.2503049570424634,-0.842993145539335,-1.4135497811262268,-1.1402270286777705,-0.9496726052814332,-1.8014796205054333,-1.866211798866594,-2.0025575071116712
-0.12196135958170454,-2.6704927762393216,-3.324596082897907,-3.2634392837681236,-2.963046424578933,-3.310065583820925,-3.9776594925557878,-3.1806325888567577,-0.7028574334834892,-2.46597992614536,-0.22629419939238477,0.8216816404688346,2.071386636630047,3.2045838535678697,-0.9849805680190918,-0.7596800984193278,-1.1196853047985438,-1.2547211246783705,-1.665125541310373,-1.6566440413114243,-2.093256648454247,-1.8976024077698808
-0.5560218385811091,-2.241271224222669,-4.187721354556876,-3.7807486065331095,-4.627400221760308,-4.308948044497113,-3.711349841156241,-0.07022413261398536,-0.6885876385758367,-1.941185466809246,0.30845485598528977,0.16046552149893228,2.3624048594590286,2.3225606966016707,-1.0172683814429653,-0.8972730116487758,-1.4627134227472889,-1.3714694864473305,-1.3364600171505534,-1.7978177308631142,-2.4391958433666634,-2.3700779699103145
-2.409804165064719,-3.634513901119282,-4.936248160096139,-4.861616103163087,-5.529275206277576,-1.238654652201075,-1.8543817765547193,-2.392674370647119,-1.354481147481189,-1.9577686859620878,0.1374235574911143,0.6035463216869369,0.7371196325022463,2.379829428947832,-1.676763699164297,-1.3719110060090194,-1.8445883614422252,-1.9464134276727791,-1.9638704115718137,-1.5508844366455785,-2.2497223924389953,-2.1279434820010352
-2.4215472315967057,-4.985393825209485,-4.435823966446385,-4.427503675424983,-3.8189517295763884,-2.234046553560783,-2.535391761686802,-2.8064905502076436,-2.085732052153053,-1.192926639139926,-0.8610129397949426,-0.5860597362003511,0.29093224060693595,4.158996991346101,-0.591414493502083,-0.9146083143038509,-1.5896036123213018,-2.6082540537772694,-2.304905105516641,-2.1808390675319553,-1.7738336606907639,-2.109580478855227
-4.665080571000734,-3.6668978684188773,-3.1485928807583314,-3.4725792876170964,-1.3963274651459903,-2.4273974560091016,-2.770206658440508,-2.922882120546576,-3.114679083146328,-1.2265304405794257,-0.7839168813484835,0.36197528664208484,-0.7236459352914755,0.823720181827162,-2.7058789356123025,-1.5189008025114796,-0.8890580218136147,-1.5614651680157454,-2.185962075217785,-1.9640641126712965,-1.8961206470433976,-3.19280501634986
-4.021397830733328,-3.1795249421825265,-3.096607035617104,-1.6863110623894793,-1.6725501040410473,-2.9070672572131353,-3.215731727336464,-2.360829586428335,-2.698442109818548,-2.9185059138988434,-1.4717050848764233,-2.563407212270508,-1.2946209649135996,-2.881576094752684,-2.0792477726322414,-2.326773445479537,-2.054344978089409,-1.5408493399990817,-1.8953593216177165,-2.316894688954691,-2.20675852327329,-2.772885070500417
-3.4905383290980074,-2.34882214907189,-2.161851611019841,-0.41001139371357337,1.2527162256393654,-3.182549617307025,-2.908420193735144,-2.749084607591826,-3.0623491261021862,-5.038930885778609,-2.7187407314486345,-3.631450899176735,-3.1804529101361205,-2.7659944837969865,-3.2643524703605635,-2.4075014353135225,-2.4399187679375616,-5.204639919980715,-5.97373240718465,-5.609729097559649,-4.860791344285102,-4.140972998770992
-2.988338716622622,-2.1076642610217005,-1.4685327425437948,-1.0790428081400314,-4.1183634731198415,-3.4637800356420096,-3.6837650764787147,-3.180265583511545,-2.9086935260580478,-5.149279524048181,-4.241475932110876,-2.91367967316139,-1.6480918087985268,-3.65707823928641,-4.405849916767989,-4.280084119426553,-2.3324578651480885,-5.601756267046365,-5.717400809041763,-4.649036345850575,-4.997698706156177,-5.097243290898963
-2.9808142349233164,-2.0818067671164266,-1.9069691461258353,0.8127263981551364,0.3949544902572106,-3.632477992666792,-4.169865716856024,-4.246331023138774,-2.7431355485612694,-0.8036405706072092,-0.023773516122943546,-3.741322847161134,-3.085312171758594,-3.948869512672296,-4.297942218382479,-4.4178958068166105,-4.584077920834823,-5.451971869569713,-5.112802302890522,-6.028006791585488,-6.149667343310275,-6.141911564611256
-3.0789418188979707,-2.1745935654043103,-2.1783897210955017,-1.0715210469907772,0.2480612019559742,-4.7955237100295145,-3.3819324397135007,-2.54600649808792,-3.8449227238387107,-3.1587159047520705,-0.5923212692164379,-3.9014114010800762,-3.714409974416147,-7.799757573460141,-8.141257354077704,-7.12762023542694,-7.282033749235406,-5.625778222205382,-5.146061328864331,-7.061974954713694,-7.151700047092394,-7.419997065259717
-3.4978088236750056,-2.227145727898008,-2.561700418235696,-0.6780856122001369,-2.358342227320997,-5.3200937213590755,-4.283730934559141,-3.8775895194020786,-4.788634323869895,-4.495127066652874,-5.080165107160671,-4.436768561726592,-3.6552283634621308,-3.5042210838708128,-6.2362844232153645,-6.496508810679838,-4.994723163756971,-6.661790644261282,-5.545088856092033,-7.295369117722087,-8.524668033824073,-8.773557149113751
-1.8219784727729955,-1.7813224717258953,-1.8210996337001921,-2.475893939188674,-3.160760516574135,-5.24746277443477,-3.6214147086336563,-4.425504529012896,-4.038639615782218,-5.686425768861925,-5.851353498279523,-4.852246987897798,-5.174141677557726,-5.2533515814487055,-5.887871937769767,-5.266525058069998,-7.911064466121509,-8.131720442663212,-7.892548747727349,-7.53931398169188,-8.293422017256507,-9.492187093677954
-1.916300026292289,-1.1971984259383628,-2.432722466717921,-2.046468693513945,-4.5272401600902334,-5.867467566867335,-4.662556220440702,-4.368293490274722,-2.8793276815131432,-3.147590520575392,-5.446766153941501,-6.2171277183731855,-6.955391747791997,-5.774402826145522,-5.347267737095556,-6.056464001812545,-7.5717996325536125,-7.076200661994373,-7.115136206357359,-6.769398868975222,-5.890786776801726,-0.9362525014541123
-2.4746410696156302,-1.2646146105142617,-0.9559007316070732,-2.5824957684358325,-5.177835605144812,-6.869218718662903,-5.484901926632153,-4.502301058086612,-4.045993687773887,-3.830853123158267,-4.455252155866209,-6.2128258743264775,-5.573287652144323,-4.1717193102908015,-3.713337575726597,-5.6098330873751685,-5.450605715939343,-5.47447154856774,-5.615602257461928,-4.756276090622382,-2.3642064946318073,-2.1751665094942334
-2.9011114413449897,-1.334904251498785,-1.235902834380902,-1.174366279900108,-3.6528460300203647,-3.1870301149099247,-4.970851195324678,-4.0617561937551,-3.2570880400825497,-3.803377952686501,-5.828412007537521,-2.6283220922036787,-4.444581337284839,-4.669522255441691,-2.9639920872784113,-2.5521888720980876,-3.12409115415967,-3.8494260104383584,-2.0557710913369394,-2.4732320932163843,-2.828866223666611,-1.5163268897040003
-2.5934899050718005,-2.5422893372992696,-0.9700257177899335,-1.631539090362354,-3.2758805748142015,-4.632763718422398,-3.443515436423147,-3.459217062722885,-3.590618286907863,-3.158689125238282,-3.0060605072618003,-3.6131906083027547,-3.753460164529086,-1.3835374985544642,-3.02057375637213,-1.302943104545656,-1.2148466281290229,2.968797712159402,-0.6990221512004592,-2.465812158362696,-2.644632847561617,-2.1206837463539494
-2.8665338723352063,-3.5207101344666483,-2.1411703674246665,-2.419806426961259,-2.5339285885849314,-3.1220548690687666,-2.256480927733079,-2.457832994959658,-3.045193918313202,-3.2066213709435094,-0.5736326391251249,-2.2243881872494105,-4.574423159413606,-0.8112649382292598,-1.055641341426848,-0.9403223657182901,-0.8751946539377965,-0.6075053948148373,-2.585579151066367,-2.1485020620850093,-0.9199907634014896,-0.27781507919427834
-2.2662182668831976,-2.883091083046479,-1.4978113854120887,-2.998540519013952,-4.4219025017748015,-2.9932177194467315,-1.1001998959558954,-1.9243182698543482,-1.3855995282024227,-1.4527334716581093,-1.168061977502988,-3.5839850474296666,-1.4404409759002865,0.023414609193609073,-2.158965641901308,-2.748911709665624,-2.1438230309747754,-0.7274162755410712,-2.4122713947050225,-0.9361494193491848,-1.3801826668347843,0.4468028310366428
