script/wind50m.json
{"header": {"parameterCategory": 2, "parameterNumber": 2, "lo1": 6.000198445256149, "la1": 58.999992894266676, "dx": 0.5, "dy": 0.25, "nx": 22, "ny": 24, "refTime": "2024-01-25T15:00:00.000Z"}, "data":
[rows 0 to 23 of 24, columns 0 to 21 of 22]
6.939769969416793,7.763022132767617,6.5480539532173205,6.289739069810992,6.175106469615215,9.085745543922556,8.997586404387066,1.7717790132544926,4.855451611404942,5.48801640771968,4.107862935611652,5.583842878373861,1.8830910415719784,4.3718209529070275,2.8405230873025955,3.4971415510244843,3.022818910948376,2.293755180678094,3.4285043508905155,4.784197413212654,1.0547550450528465,-0.7834145171208661
7.256099812741412,6.034021887325834,7.087687647450847,4.691614365612019,3.929659837319722,10.12093510314049,7.123286001006474,5.430930078184448,8.102896866744292,5.321876697560768,5.850200924899454,3.5087129284098078,0.6145880303039732,4.944957218879224,1.078756734532972,4.538778898002116,5.173227486698002,2.4828735456188427,3.5424983274304176,2.9518399659551258,2.1878110503252572,-1.7105243149037594
7.620659749552801,7.16551370923202,7.208882959698438,2.266469969717607,2.175320063046648,2.696872562120459,3.300055661031973,2.9643255747709034,6.041678864311532,6.859374435073247,4.761248671875885,2.656085453086767,6.705929196430717,4.7899120361577445,1.0256696695078875,2.2483722080968747,4.061743964807358,2.7572156123112768,0.9404793825169109,-1.0776512126522093,-2.2250764920567514,0.2569717179336311
7.5345737173740215,5.133702485916998,7.2407028295048,2.560102587344369,3.121802801111333,8.519841578797894,10.687920672926825,5.4453997448921125,7.3182211243503525,6.294506874758654,3.9579948376072625,7.498075393960422,5.966698788436117,3.2622942522642573,4.18613117513005,2.00646311551492,5.5296535898222645,2.3357864201946126,0.15243290967476794,5.415974903304117,1.3162880957342247,2.0957548231161334
6.406773189135537,3.990223454254665,7.710599082112701,2.9352626869495455,8.332300378480506,10.622328131149184,10.64058715442012,6.5298439541186335,6.439441196216562,7.019372948890533,7.342311362587307,6.0714132186074234,4.558073413030277,2.141653353928527,4.663301659316815,2.9820807550426816,4.58056820307787,0.9111514906724488,3.257110392079576,2.2249798402416405,1.0635683898544275,-1.6253979187968595
5.988401192829858,6.511484321911985,7.566701617794335,8.26510022071872,8.583210509417674,5.404744471771539,4.8847569370552115,1.7862874207928248,5.5534697743129415,4.541212124028891,4.720410076997598,2.0294832397868716,3.304215970466384,5.313172781158615,5.186862073186896,3.0856761134766604,2.1297268175345025,3.203523895453587,2.3857462456109215,1.880711628255592,0.05750566524659515,2.552009448911511
8.472205184134728,7.052528419826678,7.669361600272884,8.681645209802126,6.239591027670986,3.286465834373587,8.825695383982163,4.269078354066722,7.512281190654161,5.222522617458299,1.0246274002868039,4.144712073535698,3.6838296594265607,3.874228928684236,5.254015639115388,2.494247098924486,2.443356042444042,4.189312496213286,2.9454161924546223,0.9704691659250414,0.6149562613410602,-0.8229360777755143
6.3009527873010285,6.1139170121540785,7.093691469936385,7.551723393489171,2.9490821275670034,7.91990566448934,9.851689629033823,6.286304854509765,6.330895399587017,5.668967688417307,4.84769347899656,5.049868497354235,7.220001745319275,5.662236143710553,4.280900598672667,2.7688501458465677,1.983604988373093,3.224028886221891,-0.2841211064743064,1.1718424128990035,0.07577086754973876,-1.0862286890100465
6.588877379602814,5.032347132511053,7.275184794955155,7.7418705987577825,3.4881684902502936,10.762225457559538,4.384629349203581,6.907706738831946,7.893810174745397,0.22848229083210495,4.927436823448131,3.565539099674624,4.924751233172567,4.121522165728809,5.691581552277784,1.9498406595183377,2.950954471306467,2.2725224836551416,2.2306614285863553,1.0013541056061261,2.0584497602889695,-0.592338362459063
7.683553046094568,5.7795695388474,6.216601609771585,7.8685975667130545,6.396626342883086,10.002370590146699,7.881022972091913,7.591390228121389,3.910074701699305,6.704826181378068,7.072472875302431,3.192936594567972,2.5870966759382057,5.017491428287659,2.48869104039098,2.90343564092545,2.9095885158790598,3.1395072897810046,2.462235096506733,-1.2142559313088326,2.765285206539322,-0.5733128637617558
6.696308303928926,6.321876735139052,7.6084342390318165,5.562240831390996,7.264677057310516,3.98530733182744,7.159117262398344,4.056386938997144,7.706677635829176,6.408372286275776,5.110218267211339,4.494043510232017,1.3781425476887295,3.2008320916168485,2.8443497357430387,2.487313053770105,2.0113325649321685,1.4979512380302369,3.2986679306006486,1.7992695823860774,-2.987091228054148,-1.7811108485972087
6.190336148494828,6.215395465319671,6.863626048376571,6.384591079225786,6.1478298362860775,8.660029159524989,2.895291188742899,12.585423810189374,4.411224985758621,5.826960098726153,3.3835346308259653,3.605522350594582,5.262276756696495,2.1597925089445478,2.3136160036434643,3.279294731793773,4.41305386280057,0.962939266570053,-0.011692103503157593,2.424248595155544,0.9627045820188661,-0.4453630484943885
6.232392235904891,6.792825989483986,6.208904769684628,2.4778166977163116,5.348080577042442,7.7150652418291985,9.445362139555193,2.737774685492089,8.977284467467465,5.019409981000719,7.212028362091898,3.24221725263142,5.246476513489595,5.036454410528811,2.484286698284782,4.439068350366853,2.7987083817462777,6.062253582366005,0.7046507659270308,1.4603331202161736,-0.05738670998766201,-1.625834768858076
6.56756916363794,6.854424479262901,6.63080562505906,2.2915399535182237,2.2308375820212363,7.149464062798161,4.917146769935812,7.356614053071542,4.647261733130713,7.429895032128932,4.9244483172022235,4.143629633449021,3.3690378470222946,4.870599757765374,3.221627950930961,2.922546680336037,1.8230083868004656,6.116230982999045,4.444709243741939,5.18954165862079,1.5913450301794616,-0.04053696653347413
8.818087209194761,7.494805227859469,7.274505714132938,9.198124785342722,6.628963971852801,5.407997775880276,3.367074566386558,6.920253454324498,5.797250081721604,4.705807824614604,3.1530168424780354,5.633584325989379,3.233505142306776,4.7227001158153765,2.9283696334837,2.391084401184127,4.772074150630392,2.2113600621417575,2.9523320286038204,3.530626612006184,2.102022877162686,0.4391414252661088
6.198047512811402,7.436935128165968,5.916576056929085,6.881848730070615,7.724971346029147,8.888538442748487,8.046495789754315,7.399441728750634,4.782022549687558,5.288993820985655,8.257474905606802,3.538133749258348,3.9893451073353106,5.851987309726974,2.4180546193341423,4.264612466624241,5.62723291673423,2.783817199255292,1.0208749083830193,-2.1155737905811485,-0.605585372497075,0.5411256094130712
7.790507361765882,6.149270053991164,3.040727829280783,8.394834947586407,5.944139739442717,5.830057649462847,9.635624519890603,8.059293080847084,5.4882333935888115,5.137437387888392,3.825268462676609,3.0868779718971178,4.138525574570968,5.237676336741357,0.9734315788472325,5.286780839149427,2.235322344244159,1.960938151865476,-0.19169893872218652,2.6691406426061737,1.0710516320157821,0.03664532577745996
6.667307310426299,6.743117866722097,2.6650422902407467,7.5849776853581155,3.700865025336307,4.192799631081223,6.21779628830949,4.332155601913529,5.43755949089095,5.005844544952428,4.094391282099292,4.147492727220707,5.886452131284384,4.857687814241485,1.3532903279357187,3.8689163084121962,3.1324654576979762,1.2696831832939346,5.746358883853725,2.9622706204967155,-1.463956796213194,0.3913720256792105
6.058053454672823,6.280177065346668,3.584119312662975,6.238782276492842,3.115272152561855,8.267456999476702,10.782350219476161,5.8063642013731505,6.2264458209342575,6.368408468437038,8.53305284069979,3.4576616274970564,3.148791101037747,2.325472861647188,4.792063714837284,4.813012997700694,2.583204976212215,2.652933119782728,3.1696040484507777,-1.6220757553980794,0.37146574628220996,2.522035834232038
7.451910499107776,6.393393269492729,4.270487053769758,5.924744832936052,7.064267935997799,7.868924035786945,6.966075570862332,6.652122968131953,4.725366133864864,5.5400116677015365,4.340421477546263,3.195672855911441,1.7206367399974971,1.2825890460359242,6.100468378999051,4.105364021236423,2.612866514469381,3.8970265335860943,0.5716545776832896,4.618316142639631,2.524546025775401,-1.0169860339425199
7.284270096870463,7.17252889709309,5.867049277055611,2.1159736869322083,7.662943472333589,7.747255559330353,3.0105313870692063,8.624785137296271,8.189748498615794,4.789350480414954,3.133371036748908,3.179218238806198,4.6079100457352276,4.632250109120696,4.906667298997259,3.7698388800359646,2.2917711545071455,2.2960826691474447,1.3853871403880598,2.0034453284781386,0.5809939132899489,1.8343182119389136
7.500354791674494,7.118662750121147,7.718297190337523,2.2279711130805566,6.58707646076951,6.732015885778485,8.363679075357135,9.031506771979616,2.7128837798960754,4.580049283609991,6.7124863590371,3.3538178979129554,5.074977344907928,6.1969800100221555,5.152258009464572,5.020090390145794,4.52300281521096,2.8182972023329045,6.797401188276529,0.014104550512394958,1.0140320303030186,-0.6625837024828178
7.0753459991359415,6.4710110443738325,7.64694511665329,7.326189198690766,2.0406794838402087,10.706742511970168,9.2890871918615,3.801957343356041,6.68344455422774,4.856515264830935,4.1023689175974685,5.252635378651327,7.227544404781893,3.6938454465741763,5.329994755267211,4.715931550681063,3.287440531830144,2.7386826728401523,3.1392428006551096,5.401739839206107,1.2797996219424932,1.9805937402734397
7.474838238127039,6.691672380935372,6.144535795696344,8.371874036269647,3.7498469217731207,10.300826226846588,2.9936200959480317,4.399282424715824,4.585924277131316,5.1053358645536635,-0.6304304956489969,2.206156190138802,3.2382513159131694,5.679062222399963,5.586598293649817,5.2678747583215255,1.3730261527602736,2.3924998684739274,0.6124778669181782,3.353487516542427,4.548565502788921,0.42229726886232516
