script/wind10m.json
{"header": {"parameterCategory": 2, "parameterNumber": 2, "lo1": 6.000198445256149, "la1": 58.999992894266676, "dx": 0.5, "dy": 0.25, "nx": 22, "ny": 24, "refTime": "2024-01-30T14:00:00.000Z"}, "data":
[rows 0 to 23 of 24, columns 0 to 21 of 22]
0.5591318904484952,-1.6052790851719803,-6.091207314586655,-0.2172400604159166,-0.29327670072197426,0.21784616468696336,-0.12087456543999468,0.010831312278024302,-2.7189495083079263,-4.254637023922955,-3.0858656270924727,-3.4639187160414684,-2.4939941388660776,-1.5983137173243058,-1.8814493967243786,-2.9331472176174778,-1.8840169744765594,-1.9048393094903224,-1.0209908828062624,0.22638490258083846,-0.161921339327321,-1.0199070778874688
0.13795273000905012,-2.587429842345949,-3.5612445019280305,-0.521170102342114,-1.9823562953313034,-0.7557910055276519,-0.7237716937658419,-0.9538220722781806,-6.627730385255218,-7.252625878480531,-5.276600712782969,-2.9439937419885562,-2.5557894221558275,-1.7728522235517108,-3.4529834394505365,-2.638403116633998,-1.9559033665534407,-2.2182176065094263,-1.2652909673280113,-0.27444495391237683,-0.41586076260498017,-0.5439688335926667
-0.2654036773777652,0.6187968188657106,-0.9989643624926056,-1.6148865096025387,-2.545699205707704,-1.124144436022168,-2.22835532827088,-5.473841329042144,-6.017283674417592,-6.821350455264111,-6.2509932178064265,-3.4025562222834904,-0.4033005479675595,-2.620649569848288,-2.1213584952602456,-0.9445512852501576,-1.969762446981269,-1.5394689805719797,-2.185101215282681,-1.433568278408892,-0.2574615754607381,-0.8034325376006661
0.10544060557294364,-4.552371964477117,-2.8364574650759113,-1.6217329452359162,-0.7810454580010588,-2.800699079203345,-4.639468234606863,0.03875613078582889,-1.638903414301831,-1.449605769859338,-2.2464317892082555,-1.751536646344771,-1.5590575156312028,-1.5766171078449331,-1.7084252169869834,-0.1578284146328877,-0.9567509864431284,0.6094825900806121,-0.168144571500767,-1.092185533371771,-0.5831819423052153,-0.3184617414942734
-4.012774587914626,-4.4625609827784585,-3.7623266579994654,-3.6296112707078025,-5.027489694001601,-5.383907796039854,3.1614533076188547,2.0306201092693255,1.6855194243719134,0.16019312228615276,1.2620334069574606,-3.035900202452744,-1.3818709237995,-1.1406692266000447,-0.01506723857854136,0.2187027597870486,0.1769828920562609,-0.7718583395031301,-1.1107248428648189,-0.24036526489212767,-0.2699957890352164,-0.5260620275959067
-6.440913449933916,-8.721447378159564,-9.172127660118827,-8.943370733544251,-7.1680285915029325,4.48857413417477,6.327515899618088,2.968850743743264,4.073663159952519,1.3468700420438944,-1.0723385684475457,-3.895689677555688,-1.6718618176717466,-1.8851594951187949,-0.3211895939744482,-0.35037137956363973,0.20641292894034566,0.1400486206662934,0.3680290151501643,-0.09585216780334199,0.304050934212664,-0.4100668127767215
-0.3381702720522471,1.0861857900989844,1.4487168061628994,3.102290504988139,3.746729929085008,5.400251762287128,4.290732413705925,4.087510952565962,3.1274921469319237,1.0503913657329744,-1.2592853781980886,-3.0730466701223844,-1.0053272483771019,-1.4825356503378964,-0.6412798085873601,-0.9174555061239474,-0.3373552052981592,0.04601659258456672,0.0347906034995298,-0.33049180235122,0.5297409035058236,-0.4842933958994218
3.3242438772335134,3.81219562108447,3.9865319603656753,3.8239310145418512,3.895222515968013,4.919563128389376,3.4508954356420976,3.6265539242971436,2.767853257878601,1.1236376418233178,-0.9191210312679046,-2.393540473174881,-4.239556819858662,-0.8360828321881965,-0.4279685715568045,-0.8172167422750134,-0.6606772212843118,-0.40634012327992214,0.2423479015517529,0.5446871109313147,-0.027125593707928563,-1.1797316347666664
4.451249886143471,4.905851994247587,4.682215111556503,4.500673761170386,3.486553377584367,1.9918735024127192,2.580500096739221,3.2524750765297945,2.5551470364286297,1.696231875476528,-1.194936871771746,-1.3767201955368689,-2.752169926187029,-2.026589682342424,-0.3088712349347694,-0.8313744686596317,-0.6457089114955552,-0.5344928106353134,-0.000694383822443482,0.8476196539903991,0.09229416630112366,-0.5012273796197402
5.484056784832684,5.695769723259921,5.152775080037836,4.837685271479033,3.4988234916054015,3.122008112469205,2.9769926748991486,3.1443847761482573,2.513810860414136,2.197925332319052,-0.2933408791287578,-1.5370526184592745,-2.087676431771271,-4.5052280620719145,-1.021804710277637,-0.1703655411637999,-0.3928655584147088,-0.43939990303698084,0.0329144431202076,0.6902295134223192,0.8400813684117341,1.0893283795185285
5.704647804235792,6.455170608315556,5.686206322276466,5.17032745341777,4.076424480438164,3.232196835256131,2.722277524288644,2.8240077202056413,2.6505396264670242,1.3581570606768787,1.4181316049173123,-1.2183342817209948,-2.688093654006025,-2.9207142359653475,-2.302052828200005,-0.7725884420113641,-0.5540192479179665,-0.2958517134979364,-0.2874133887624272,0.32515567467074763,0.9924870239477187,2.1465130041361467
6.377604630510806,6.420176766533246,5.687341447866857,5.766560957187822,4.0155917805799035,2.491622536548879,2.543185180125739,2.766325654422902,2.1089689262160993,1.4719135593972634,0.6785274932648074,-1.223898893119048,-0.8883789174583762,-3.5025429546621543,-0.6243009051892601,-0.1434280641879675,-1.035145038590724,-0.7751849825220058,-0.6258325580892393,-0.14490999906986135,1.1349735089738455,3.238521789978882
6.709911905612486,6.363417874856379,6.298958836276316,6.2214190904777045,4.587536306210824,1.824531259360206,2.3403141166405157,2.8989104596065087,2.298312291037687,2.1423806038070103,1.4488325915732971,-0.1990190701004239,-0.396674478874838,-1.2699100467837754,-0.26504646036588764,0.2064286202071696,-0.496372409850527,-0.2401285727036872,0.8955394773039995,0.6537093066126654,1.7914262580877032,2.6049724323501366
6.7296356558515384,6.803870349873731,6.65710102172105,6.607325144067211,4.84991272901882,2.939060271708213,3.4342217202984116,3.1468552966945844,2.690920154463261,3.205483545001928,0.24404546908679298,0.14784915996322143,-0.25280490563705404,0.378000008411556,-0.22581947999762614,-0.7488869720434971,1.4327342673631087,-0.2874446882414871,2.663969282822226,1.0654294143837046,1.988940755440514,2.6322044348121936
6.606150747514094,6.710491418441702,7.077309614479197,7.301284666544254,5.601698284282754,3.812122668253375,3.817517270013775,4.187936113168084,1.7937442442133165,4.210775118845323,-0.43441760634124227,0.5093305041395965,1.4255515561315226,-0.46601519155977283,0.15375796422099502,1.1944006379783094,1.357844413005779,2.8134108078306457,0.2827277768415686,1.6359829136396444,2.899076399401699,3.8639754656991023
6.822567816682367,7.014304380316497,7.679978175655405,6.925508953468919,6.21472431208045,4.521435618587528,4.251652238359654,4.453373346113974,0.7221522443683104,2.601728510998656,4.323519109488272,-0.05548748857452502,2.046279731570857,1.6157142855946904,0.8813448638722617,1.445404362035709,0.9373219835428269,1.1384304068973585,-0.13331762333803532,2.4138873537102756,3.272166935768523,3.8580347275962104
6.731393624188853,6.763520624080381,7.268957694963726,7.642197913349588,6.887547651474798,5.738674725558061,3.948544559924358,4.649882178516597,3.5533011336668374,1.8348230965555015,2.068777936864635,0.9818516819840499,1.3550541801311002,1.1842604054485502,0.36143847496894266,0.5279419223250461,0.521505069955361,0.5934793874874045,1.5135562031006256,2.1874398098701118,3.2112795210879503,3.8357675239015587
6.844377818086736,7.25473395080549,7.711381500252052,7.576484888837735,7.28773457296257,5.554907457551243,3.835923003219288,3.5639467142911725,3.975748978850292,2.970174498890827,0.9892557626614996,1.5490499418808035,1.65549350696896,0.061821543295346844,-0.48488526461935083,0.200026907160986,0.12530310792850782,1.3266294857188345,1.0758592883760312,1.2417595451723178,2.1066884721131975,3.2941008695842413
6.861362008074486,7.530641277835434,8.068712638714393,7.965112385996401,7.32676653196108,6.650434983031343,3.5660137743251483,2.84634131885185,3.8079689566982804,3.7469255553224747,2.3432570049202037,1.4977221856342715,0.27922248859723625,0.4930135619588647,-0.1319275768682909,-0.520695528069176,-0.07174378906288997,0.8998168622482161,0.2765989088213112,1.2925092058104584,0.7399245086196272,1.1040435074454102
7.333341934388893,7.9423606477402675,7.967343974818379,6.251279826917385,7.341793172872631,6.627963476545746,3.156352610330402,2.421962925474591,2.3675002974012815,2.2437674950248563,2.0458806662440745,1.6886834009618912,-0.029354904150878085,0.3430097032356934,0.2429092348555745,0.593240479045871,0.0808239311836399,0.2140454345720565,0.05345239809654278,0.940449480528874,0.6385787417203409,0.8684110204375467
8.216147573081,8.29866571906762,6.7370266379309225,6.607660301579816,7.702095596881612,2.4772436767184445,1.9839051333164393,1.4870178106318614,2.107617678974094,2.29782541039288,2.768411934900028,1.4492894891880939,0.6774380346377886,0.6741643568212642,0.3014852310569608,0.15338903292880704,0.4138489771729763,0.14080715889295295,0.1108885035530302,0.7912688516962636,0.5555906310168275,0.634814958054624
7.799991842593739,7.254079464473165,6.22263410915157,6.1348829834428695,8.68458195836444,2.8500475974221096,2.6007539941864786,1.6810316499461315,2.2908918712154307,2.280895269463976,1.8227265609134589,1.3837544087876872,1.3455437276545537,0.8452308978567773,0.8328987209840977,0.41160443142301995,0.5912967565497883,-0.35377131680072305,0.07910022432158563,0.6395017254517372,1.2609735970262115,0.7593800651886085
8.999633132994042,6.589026017740843,6.103360081029694,6.43811287052912,6.376244168159791,5.068186216778892,2.121806003440751,1.9003071079874474,2.367442613227209,2.0956928058220345,1.017537365942153,1.005801731008698,1.082528515194702,0.6063048926442677,0.9441696190269881,0.6764942650534203,0.7418132909414508,0.43466013242909335,0.27281453166809616,0.704205991526705,0.7677360582980657,0.42030636515792846
6.061553024476459,5.801957852539723,5.854969542962817,5.777291955091575,4.656498970838229,3.181515619201787,2.9012401254335543,1.975196722126209,2.8980356101094453,2.2095472161117464,1.1915869121726201,0.9017513985925083,0.9384687940909182,0.5817084875978168,0.016976767486083656,0.9642190296889953,0.8254080387707855,0.8128622403216058,0.8171204106551598,-0.16297365128305982,0.2868461305875833,0.13290465813998711
