script/wind250m.json
{"header": {"parameterCategory": 2, "parameterNumber": 2, "lo1": 3.000054539987559, "la1": 64.9999836372058, "dx": 0.5, "dy": 0.25, "nx": 34, "ny": 52, "refTime": "2025-12-08T00:00:00.000Z"}, "data":
[rows 0 to 23 of 52, columns 0 to 33 of 34]
-2.6617993321427176,-2.164982156881388,-1.437187660309888,-1.0795630721784875,-0.5267387508131456,-0.5560876962513002,-0.7094583441421303,-1.0488023200784435,-0.5299093501423241,-0.2873122704719119,-1.5372326385375346,-1.9448492528549666,-2.130486388921095,-2.535214948108386,-3.0647849062890327,-5.538955163988377,-6.4539796409695125,-7.541481465774589,-7.419389945025438,-4.330908644799476,-6.2866372337614305,-4.1652426267501985,-7.997534429077001,-6.003867639594111,-4.9618050416069055,-5.461619161134514,-5.00729952898174,-3.900677263712265,-3.9227615962780225,-5.106114895435988,-5.501195678873957,-6.196633315782108,-6.3156225090415905,-5.540456241652373
-3.459992771759775,-2.6181844878716785,-1.8166415646144325,-1.1598408465606607,-0.47428952775216027,-0.03459168522105453,0.03141358244775288,-0.8455153422350917,-0.49813556740557957,-0.9158198541186947,-2.106605580202129,-2.246361991065997,-2.027125672948144,-1.9330729757329383,-2.1478541761392993,-5.604424968929094,-6.7138477277105055,-7.7199606767913345,-7.904239879690359,-5.615641591141634,-9.585158916404254,-7.38285494419777,-5.006749549429983,-6.561768966067566,-4.667067950829302,-5.037946336990813,-5.099160702251219,-5.541296092189469,-4.350864200009865,-3.105645187420862,-4.1529293788560055,-4.938638576301921,-5.5217089870809914,-5.518774906656243
-3.835110420338813,-3.3526618548248854,-2.8265064263415844,-1.6595879435273433,-0.8754198039730813,-0.4137445411898338,-0.18860091180562222,-0.835461147472797,-0.7285597776507613,-1.1387173936045605,-1.9572278397109053,-2.669571546362372,-2.1105903434323183,-1.524825261763149,-2.191624426821947,-4.8764574039299475,-5.813793763660323,-6.928449913634247,-6.773312744122256,-6.770369259773005,-7.051001779531689,-4.013614816397754,-8.012018282736507,-5.142531856268036,-3.8281455934413455,-4.162672449752663,-4.653599319894702,-4.434360667276582,-4.863167520504291,-3.785307957627936,-2.153617026634668,-3.5664459507863877,-4.330224050568055,-4.802806959661842
-4.01235489274831,-3.9100233046320936,-3.3315348386284933,-2.408170352924067,-1.7740668275718234,-1.1641380010543863,-0.5556450661801656,-0.5228514281788336,-0.7790467544622008,-0.9072453314130774,-1.0805749339495108,-1.9333799364408184,-2.778789261674698,-2.452050246993854,-4.0576083929246884,-5.010458382901973,-6.701277318198298,-7.104560209145176,-4.556723694709281,-5.966090327108942,-5.105119961686034,-6.103216521512788,-4.742055929866625,-3.0391064959603855,-3.565158554982804,-3.777755107283321,-3.2798123951695484,-3.8640170521148285,-4.496931293716942,-4.7081881804247026,-3.899389778535895,-3.188885937635908,-3.9684984450255243,-4.5135215346688
-4.909322380795684,-4.331700557593579,-3.5263041843414342,-2.777129463681439,-2.6376529204463877,-1.9891520672334817,-1.5857022568080497,-1.4580283038935995,-1.1749706882465232,-0.6016446675568227,-0.41620187542066167,-1.0426863794592456,-2.378603313069415,-4.2665438733486125,-6.024665070080329,-5.873834169120937,-3.7782700239057827,-5.981087024187145,-6.839203707067996,-4.958265617304747,-0.7309740910120038,-3.9159561710920356,-4.78171322216365,-3.7132402890536165,-2.1010207060876076,-1.2711291993235054,-2.6812008184183957,-4.043719762631092,-3.867388686157847,-4.519607188527522,-4.623228050288848,-4.082866040850274,-4.083185389057046,-4.2821315745049375
-4.923177847439792,-4.031074065555058,-2.7685075525547562,-2.7708729192368735,-2.614442136784844,-2.471501497323733,-2.1356783554183507,-1.9127080496415674,-1.8547031219803702,-1.4441003282505924,-0.38966485151310626,2.2343877411551034,0.7956113982355271,-6.461097070321701,-4.049567359344817,-5.02219509267652,-2.9058564755120844,-3.9979934756393374,-4.260016209796619,-5.614753960487914,-6.737697954060943,-5.903399622518401,-2.5916524307552287,-2.9183975795297874,-3.3907180953951874,-2.321736236458084,-3.428357231054846,-3.5587158706040727,-4.713021616574484,-4.289910267544148,-4.900471432568403,-5.516366751328947,-4.989282375549158,-4.5648113456597645
-3.9893110691791978,-3.5990294769137976,-3.1628865306111575,-2.9689218392999748,-3.1285050530283223,-2.9306565166323977,-2.0470819818290713,-1.8852992445729624,-1.0652588226204665,-0.9717017523875726,-0.11591242857186518,-1.342401032899468,-1.007676999480833,1.3091157707115766,-4.033381012291818,-3.207839552296093,-3.42039797801409,-3.7884299168449767,-2.3130294937026505,-3.786623152179836,-4.085753153819165,-4.11934584896832,-4.396134370614571,-3.6275010910522942,-1.722241241576342,-1.723764801818111,-1.9203113485590264,-3.554638528964969,-3.9279782244695802,-4.76601261919392,-4.265877358891542,-5.385648667325201,-4.612479759343527,-3.250095543091534
-4.57629971091743,-4.148056542364154,-4.138477117182418,-4.127843450119747,-3.928428684665766,-2.967052989991765,-2.500105393853157,-2.340801659021927,-2.7753209999934563,-3.277966537355797,-1.8481341443059847,-1.6952460489905954,-0.419617584866965,0.774852815149924,-2.6476177194186183,-0.9269565462673527,-4.803744637781262,-0.7474986428372427,0.26568752053311545,-0.37411588486197356,-1.6039390026654483,-1.8517159718964564,-3.822933273081366,-2.501936531116468,-2.5427082245183916,-3.4384421505313387,-3.151242552998375,-2.820303364145539,-3.6336125395959717,-3.4387923216914866,-5.562999520982532,-4.361989401514256,-3.5280477163088175,-4.191265623779631
-4.864096806300419,-4.962026330635999,-4.812270017083284,-4.355216727253994,-3.8804440230717425,-3.4887025162490692,-4.0179151654111065,-3.4951387804458403,-0.7214294388082669,-0.13857733682809417,-1.5956778367453275,-1.5440592181442825,0.6934107757275645,1.839123500329448,2.9446379036041175,-3.3366633145455427,-3.810564002008845,1.1198076611422643,-2.943233518677859,-2.9317770931711347,0.8793641631474792,1.3318519000994598,0.07756423059159873,-1.6449393318198502,-2.6292859977053356,-2.041132659047444,-2.6112490246900344,-2.791927583655646,-3.3022037812241933,-0.9637699737062817,-2.317025723896063,-3.7265821018604037,-3.829407493345307,-3.2609076262289767
-5.7442612821059,-5.953312343632935,-5.038770035629964,-4.020388726556036,-3.6226059133181,-4.37164772507189,-3.04215637669675,-2.870680125058089,-2.952760108586298,-1.5897772155029082,-2.1475369219859286,-0.40028037325453497,1.801953760345078,4.194809380278926,-1.5796034023673304,4.15289623326699,0.7873090633957834,-0.9924349849324688,-2.0158470671710975,-0.8229893662591973,0.539775012160043,-1.3829907295701716,-1.247151078460738,-1.879945370514784,-3.5350593341216676,-2.680108889501089,-1.9662363777538254,-1.6789365961224683,-1.089810221244862,-1.4441362209821786,-0.6020122048330182,-3.5774139673603202,-3.9325060926403115,-3.706739090663377
-5.6129327218200356,-4.6194140728103985,-4.2604647943420675,-4.506656875049727,-4.590290878938782,-1.9302172731738636,-1.6830663893559599,-1.5844633803697246,-0.054581446867177585,-0.5908975695151337,-0.9773080709663406,-5.670522866699906,2.8357342157400525,6.21996833414484,5.418649368707265,-1.2597685011361883,1.4048182357688497,-1.1951660791066898,-1.0012908212997325,-1.5705422044112989,-0.32865307409609357,-1.9660932615995887,0.03730054434490958,-3.498139710029682,-2.71840308895003,-2.999943871648979,-5.25284679976089,-3.340905311201631,-2.226457319197117,-0.348939288934438,-2.012873901361222,-3.7076760187882556,-4.3838126745033295,-4.109648431875767
-5.548474545954514,-4.856196653268353,-4.679741484058674,-4.777016212865873,-2.8766703638124036,-1.819999499072736,-0.7762257938287825,-1.7769505318815646,0.1407150608090443,-0.4508335818213243,0.4116497249622122,-0.3433950803909438,-2.4212945046780563,2.823621123391632,1.915114311040506,-0.15600746098011128,-0.4716620700603178,1.4151327837616183,0.9529671875762805,-0.6593716843421752,-0.7189306288561302,0.6327644278854464,-2.039631507122598,-0.12257726708842827,-3.231035035183706,-4.808800556589863,-2.587441184992358,-3.4471333497624532,-3.430461153107648,-2.1718601846451904,-1.2500137742086916,-2.7947414141967055,-4.47149687301552,-4.1670922304614875
-6.915414636363136,-5.862553059751032,-4.878804334182406,-3.2469103737551803,-2.12961427755588,-1.9571488340434113,-1.991446316055142,-2.2090207526179166,-2.68621352110948,-2.676578904591402,-1.0230981661589176,1.1679713705956463,0.7571184097691016,4.014787425967673,0.014680373712942143,5.147345422712106,-0.8402296417865691,-0.46070362557528355,-1.7359575230222097,-1.1426083712905406,-1.29116604637189,0.8440819680006437,1.1098762918808416,-1.984836309888532,-2.938810782661511,-5.393305347892515,-3.819604259270459,-4.355341066975775,-4.478979148313587,-3.0783102416068298,-0.6665772151923731,-1.591862378462984,-3.9257958922393654,-5.312001021107251
-5.750793861220802,-5.677702442087433,-6.1440973760883715,-4.934042629820438,-5.53892908396135,-4.752498113430697,-2.35622683222279,2.3721788197764813,-6.621853136338477,-0.7053456251961512,0.6220153015635743,5.852282373268324,-0.4474093256013706,-3.4813036271911377,0.7364960737012209,0.3932689738090844,-0.784715231458803,-1.2821988241021058,-0.38872143904830336,-1.5972196537373982,-2.3539349425540492,-0.9035710534178026,0.31073735864502683,0.6739944836935381,-1.4985410731028066,-2.0146152907458714,-3.93148118167384,-4.120445623583656,-3.8905735996124307,-0.7916488612408216,1.1578918284215232,0.42841317101457316,-3.179155336419548,-4.5311847915792525
-6.74343159076799,-6.324861577623078,-6.890338308413806,-5.980749887009775,-7.922217146629241,-8.881313825132548,-2.707528229427217,-7.118133317440417,-1.4689854906336193,-2.8596678329932037,-2.2917498641383496,0.002449482915997668,1.123908914977312,1.0866275083400652,-1.72834851299228,0.002092987491414023,-0.4956939734447171,-2.0588709232979983,-1.9880969184497053,-1.9554228225976358,-1.880642894813236,-1.598802653995965,-0.646846251347971,-0.42220797416100686,-0.4963025305423168,-2.1991906540376043,-4.660021499700384,-3.4362890554364105,-2.6793482815441036,1.2902408964157082,1.9876780191785375,2.0581036229739498,-0.8746656125304131,-3.890209502209043
-7.325587346771389,-6.745469273502483,-5.832667300924379,-7.242748102838614,-7.7613725514840475,-11.045205147907373,-7.700657293159871,1.1841662921846177,-3.382383247595002,-4.827612807018736,-8.066924508149809,-3.5906633012445783,-2.0522910255732727,-1.9793877766226584,-3.3199128016967956,-1.854348761926656,-1.9475174737600975,-2.833309797738818,-3.5101968007952467,-2.958887083873472,-1.5192681089093427,-1.4626850813502066,-3.4106728218611653,-1.3145513571347416,-0.29526999309399526,-0.4816855229835786,-0.03159694195898505,-2.937583031213951,-0.5184786483101489,1.8753911119949933,3.65813409776116,2.968171477011845,-0.3555262359230352,-3.00781687754313
-7.656813487638207,-7.204208362921942,-7.196580506774232,-6.16365084062166,-4.643069152561442,-5.24016680211782,-7.5240568474534175,-7.170288120865692,-1.845874856320542,-4.790772692072004,-6.707457098673721,-2.7778247044521365,-3.552078544950991,-3.2087629449237767,-3.776987917008973,-2.2674489478240925,-3.50325023361632,-3.3892925947757098,-3.6856168562720657,-3.2494600368333346,-3.659289649943877,-2.423777765099778,-2.378085698814635,-3.229875472666629,-1.8783674241320352,-1.327634253356439,0.04255268129701557,0.2542295704450187,2.8778682266936597,2.5790488008904218,4.033387310553795,3.029044349885265,1.6421304581921925,-0.591054879768454
-9.159791907266632,-7.5730456556826935,-7.072634470071343,-4.672850500836304,-7.540450211127528,-5.173909405165757,-7.934235537303529,-4.219469808690853,-7.033116738141781,-8.314798746190458,-5.885515077861836,-4.529071273554021,-3.9222598277059775,-4.542359961989929,-4.605049368614486,-4.758639127030946,-2.8043106656811165,-4.962601249219827,-3.8628038019280475,-5.6836300171995715,-4.637643671294442,-3.3068887238173175,-2.939450225810406,-1.0800965580332835,-1.5575196652437746,-0.7018958792820631,-0.5430017024116606,0.04908121024322722,0.4266181331226323,2.345878467617067,3.4560815083508056,5.414971522147136,6.959583466685293,1.4105932397960033
-9.929081019396007,-10.054230976825055,-8.31791031848879,-6.801569168841264,-7.688019203731628,-6.112590207377985,-5.699151858392887,-7.934581473058556,-13.025123743653285,-8.228499674036984,-6.507003652667364,-5.145652870224217,-6.367551160269127,-3.729233573710601,-2.346841997637924,-5.921864908802933,-4.433392101904065,-5.186889984361919,-3.959164102344446,-4.593248757607314,-4.127095848966374,-3.4048552913602164,-2.639098525035865,-1.5325190102590964,-0.4566730092981798,-1.1300099257075937,-1.0116782541311393,-0.636761735955479,-0.5378379393661235,1.5622358564657155,4.085628580163979,6.4688048716005255,7.858623874028197,5.930731270992252
-10.578012899329574,-10.743354344622121,-10.167440545235925,-10.464423557559217,-9.168467323538835,-8.182635730137976,-5.134347305489615,-5.756917271231555,-11.211376315087888,-9.85942933437711,-8.470540834846402,-7.027806931981316,-3.5211803714787897,-4.45162160623792,-4.397840677179485,-7.093864164737337,-5.585309849338714,-5.919372053450809,-4.4479282876077715,-6.114411958166096,-4.644002854083002,-2.8139235521330273,-1.3223285673406875,-1.2520359310482727,-2.4935687203869046,-0.9033923543981749,-0.0784590342521151,0.42181299975604447,-0.24523903718886506,0.3210112428953822,0.5723391027902793,3.507648428589762,4.465969817024923,3.969835277992079
-12.171716250457344,-11.692740217466408,-12.20361265518369,-9.711946517768608,-9.303495938666275,-11.882317920527942,-13.036450920705226,-1.0592366343716035,-14.244993049139891,-9.726795108615296,-9.426972357720434,-7.49841767054499,-6.855028299656896,-4.042962267676376,-3.0129747304107886,-6.818453996883724,-6.252762847466439,-6.9038562362738185,-5.797797331321584,-6.348015731156141,-4.855089358472917,-4.948780745546363,-3.4723934539524386,-2.624892012749927,-0.4475719419247153,0.015088538937811131,1.1236607434252397,0.7036072640179435,1.7787208864959754,2.318876164816535,1.1548686693127799,2.942826962603501,5.24987265945885,4.67711054871384
-12.846114644750434,-11.755025820559888,-12.658067543830908,-11.839243807190975,-11.114824595163958,-10.71112143584319,-12.046153328002017,-17.979400837570942,-14.313475697883177,-9.571231799691246,-5.284696249281638,-9.21357151280527,-1.3633585010675748,-4.522301741530897,-5.18426876992556,-3.4217017754047983,-7.837049315351921,-7.654190158707202,-6.19796083399934,-6.158096720804962,-5.20595855506529,-3.912797804021858,-4.422477039078923,-4.159917891195447,-3.548100590676864,-1.5218922842070048,0.17398339049348793,1.280435147357599,1.5475438244555566,1.222556324872349,1.7675499328119308,3.050590502784191,3.194484659152213,3.851287426706471
-14.001920665094989,-13.292382633415304,-13.669000248326835,-13.247426333324036,-12.820883826761396,-11.64084657920132,-15.905438193556723,-7.2349150569560035,-13.592571942721706,-15.52367310190943,-5.752511856019819,-10.213954663440113,-6.150992067752572,-8.659437541672318,-6.561213653033442,-7.109681181712582,-8.209867864642302,-7.650635237555924,-5.8014463279170725,-5.690828232509058,-5.937953237149182,-5.188717716911228,-4.026358565017534,-2.697722142915149,-2.138172964941568,-0.7269165752396293,0.5251393978452916,1.1011570923999046,2.110165639093222,1.4325586500317298,1.0929459321755544,1.2747097888561514,2.701017681499235,3.8719328574877996
-15.478426534726596,-14.951680701791528,-14.987403100857154,-13.991414554954812,-13.357961039702248,-11.408925972618121,-8.705803813608558,-19.63798457317298,-15.97671248111131,-13.274620577754742,-3.408939135772075,-4.6365552562034145,-7.064061512688089,-7.763316885222529,-8.073830373365755,-6.630107890555157,-6.939705300275811,-6.621344629981439,-6.191541415189427,-4.182903710319696,-3.4307246476493467,-4.217789202465948,-3.5450287333017463,-0.3771209179273,-0.13755970246214155,0.8389421094177653,0.03802181054623657,0.6604183791763993,1.0569048208424952,1.4369035259303933,1.3517638689029152,1.787667837425707,2.3425747102692895,2.1152347047899243
