script/wind150m.json
{"header": {"parameterCategory": 2, "parameterNumber": 2, "lo1": 6.000198445256149, "la1": 58.999992894266676, "dx": 0.5, "dy": 0.25, "nx": 22, "ny": 24, "refTime": "2024-02-15T15:00:00.000Z"}, "data":
[rows 0 to 23 of 24, columns 0 to 21 of 22]
3.333151030106198,-5.200332639390543,9.562720819797896,2.898387873217306,1.9558491450022693,8.210874686254698,2.869770070193339,3.997803751266193,7.32705268588449,5.181726351979245,-6.631374544398052,-10.090911903212517,-15.860163187503806,-3.199863592171531,-4.042012857484065,-8.099694180071426,-5.744628462498577,-19.589571920638978,-6.17480073186348,-8.454616328325939,-0.5308795765406524,3.2561472839398835
3.449430473081915,9.605254247846021,-20.378848529721992,-4.685679582910171,2.4995148602574933,2.2926009044457953,3.2658702272095064,4.727964715231367,2.1647692659186113,3.3275135481349327,3.243865569207089,3.7017962013874484,6.298426615869723,10.095444771480308,4.683236173996937,2.466580154503387,3.7969456618783024,-8.179176265421544,1.22068350094622,-10.828322403071583,2.3516630414497404,-5.634600686712175
-10.139723595058895,-0.9450907129746008,1.8367855515378109,-5.574170498751788,3.713902196242869,2.596052010322408,-4.506107622864745,-4.55841289257787,-10.934294403908257,5.655002366770579,0.460325345090606,2.776762127299311,-5.44601093524629,-4.464574324433829,2.385061951639406,-7.807583266088384,7.113847825271413,0.31230795710116893,-8.446442988783723,-9.285645610370697,-3.582564467040986,-6.1762299634865085
1.9555575308660302,4.903768850228259,4.467240653799163,-7.96284930136704,3.0465255338908306,3.4697301571146983,4.317594451740198,6.379221865001399,-3.0649070972120755,2.4270160480802847,2.4869573024206604,3.033870130097911,2.6818169869633155,0.8551598951265703,2.145695562996237,-9.466695947083936,1.601275512371698,1.9416397899234759,4.319480463853065,-2.9352764492429984,-9.348812900115359,3.8970103306031536
0.34979824271128207,2.4424880276318994,-3.919273021469498,2.655531371279754,3.864964095554609,4.830221089827131,-7.076737887455794,-6.383515301644073,4.76822476039426,4.382712059715298,3.2244359651184493,-10.546790375058785,2.563612278035117,2.4763743025039067,-5.361618923313307,1.9193847833465336,4.621490588503653,9.139029049718333,0.9043808535193083,-5.691359585592754,2.370067093627001,3.351577116444333
1.0927387684971586,4.766346274143475,2.6684881570208696,1.6460889142259032,9.244872161587274,4.122641242177627,-10.174390769258562,5.714571907406017,-5.646830355634491,3.1170318480259844,4.214742632375993,-8.690474680137788,4.146634761294377,6.110150471363757,-6.527890001788796,5.575170766122318,7.631170473570114,-12.195423025306026,2.632576219483407,-5.229308186830007,1.597444334538141,3.9625108605310255
2.4160585270425066,9.160705406816893,1.5396692002428125,3.051685057122831,2.7379630418025878,4.705473060494055,4.246297447754284,4.022808810744383,8.546321400593483,-7.613341125262323,2.1686548214617143,-6.429348789010491,1.1144017548507006,-6.585372316799099,7.201315111642446,7.895213518773436,-7.408949644801387,9.489440060065736,4.043106929376952,1.4936112071229968,2.3556710126804337,2.947003916256206
3.5683912324388913,-3.883802366623159,5.695792286364618,5.572835920982933,3.4496815123297195,-9.669729683412427,2.6718629828995075,-9.294921368922559,9.31993720556544,-6.309851310999347,8.708320202097703,8.232595263682414,2.1383062308229497,-10.002964637344732,-2.528341530066137,2.6989339644309616,4.157174969903936,6.953137561780432,2.77010419560242,2.6648226074139254,2.08885815232867,-8.069782863927957
3.810931024982102,1.15492494837176,-9.343782072427114,2.714614564625772,6.370994549485692,7.28196394092098,-17.087949062541238,-10.196931599164667,5.399718533062157,3.4675306069718212,1.4587960818509003,-11.41865201609462,3.7341251409271834,4.26456265327058,-6.77236810823619,-3.8564384910660694,9.455755519214584,-7.419743668622907,-0.1211398968233595,9.230263903623026,4.184277131855843,6.476439737610566
-4.273941767484693,2.187186348951011,2.207061096425736,0.1493879486131795,3.7255579863794095,-6.612313363885807,-9.435997966465408,-3.8841915650491052,6.529443954371114,5.297998204242951,-3.293955234014754,5.809498654193182,-5.62742801124238,3.942207505419454,1.9463164088285203,3.155142127747383,3.3195569355384125,-10.401529405801922,3.981853916425761,-6.685978299600337,2.5791937017048956,4.322759245228761
2.2191227004937333,0.01460855644919525,4.634556613283783,-20.671351652459364,-3.7648449041028345,7.03453217335298,2.8379190196935653,3.8400280310794437,8.827439654470025,2.9171093598423026,-10.265815263104276,-4.449179547171096,-9.455742440312095,4.585020574873346,-15.78032566243642,6.383165139751857,3.900919664426622,7.717841462640088,3.6271793235712915,-6.301808320518794,-11.076735939625491,0.8367007456143211
3.9285354531028633,4.160730846424522,4.301992564445184,-5.492899257831315,2.796554283507475,4.275857846236733,4.14549577702633,3.013528467576162,7.8045224292470055,-8.38726942962163,-3.366238105753732,-4.1162248024739885,3.888179767766773,2.826861772594213,-6.667722336498735,-4.959295902220401,1.1384771409744283,-0.48940378698498116,9.15047743738583,8.13447152889347,8.785941099266285,2.3005021093049423
7.687469013992681,2.5044546153283354,4.560744425097271,5.863467044297445,6.1409364323522375,-8.151340672098755,-11.79972608168128,-0.7811053414898119,-8.619434577317879,-8.651497809549406,-2.0493412930699195,3.924212964756968,9.100210017855872,3.908270547501942,2.8467982191315317,4.665504974939433,-11.148250278250602,-14.051596776901524,2.7339872079025618,0.7249348636479008,3.114352186759627,-6.7848751203649185
4.288408183013187,-8.175454357982733,-18.436089831058272,3.5818206899707694,-5.597574296351454,2.72237084687912,1.773178859776843,1.769720687797376,3.0969650682778367,-8.321531518632977,-5.223667443517546,4.225691573063422,3.7648425470516598,2.0919377428246997,4.00626042337499,2.4428932760452007,-13.898819135073646,-6.504125391178522,6.797767215086354,-7.425140832663542,2.4655142626282767,3.247672846048439
7.058191042072592,-3.8276515779025484,3.3336741508184815,4.314456879604372,-6.600562745098375,3.7904715156334894,-6.954158720418567,3.2689357223043873,2.476288765223267,4.279779971878911,-9.176464991498907,-20.733102603921246,9.29738603814111,9.319972129781133,-4.649629422048914,-4.184312203870487,-5.562213099926191,1.9826647008215756,-5.025582093132695,-14.39266418202962,3.4230727132998435,2.7237204520402623
-9.036032694711679,3.8334945387150143,4.463428770816935,7.607855683697495,5.4119852844019265,6.774812332309865,-4.359670822735981,-10.431457105949574,-5.8092393036857075,3.888409544758353,2.0885560826085685,5.16112003445601,-8.769829442264115,-7.420955656198197,2.902638224801025,2.6798309390797517,1.653479459943113,3.804095051312963,5.326241172906459,-5.9563277096739675,7.924333107039322,-5.679314021870809
3.3990298037946642,2.0889557733780015,1.6870936618626862,-13.510700793896016,-4.739385745742074,4.395627183854637,3.9218815005766703,0.43157314077262826,3.346732686328978,1.964447117562795,-3.6281242752424485,5.4178913556961525,2.4512964359465106,1.9584290464353564,2.8939993948196703,-4.018047924062165,2.225610349815334,6.729989563094826,2.800727999465525,-0.8812237590425496,-4.723605178845902,2.9915753737065054
1.809089269778397,7.864305099904468,9.135519960783883,2.130961398664399,3.6152060911553296,6.975767869351159,4.277217666931621,4.278433108515238,-10.612861115642623,-0.17859056053411373,9.216077488014788,0.07257416526300009,7.131195128045859,-5.310247686361557,2.329447385336656,-4.76096099784312,-9.910439804604668,-9.654962586183093,0.0702779167684269,2.915307826862423,8.332324540841793,3.990529601764967
4.2082124559701315,3.007031279174534,2.7536955937988354,7.3329543205597645,3.8225572794047826,4.106049973867052,9.225778360471063,3.4455088316048177,-8.027371692305891,-0.847590387925384,0.6271837779154075,3.785607913720603,-5.084701686728818,0.028468085837464654,3.7407854759866503,-5.722854616450323,3.70075809010171,3.6573233607159583,-10.723529701505727,3.191134701451971,2.9413210158461425,7.280383564696298
4.148478434646519,9.611597230327115,4.075757710759449,2.928938702862847,9.205866465188778,-7.538386183955841,3.8952827832410577,2.1086323857329075,6.363082402988902,4.901675019729102,4.592736081271994,9.715527808526407,-7.581683899777249,5.1268504334244875,-3.1857034140872202,-6.087119725068082,7.762527410076551,-10.404337601612006,2.433332905174403,1.8200883394832954,3.02129867762576,-0.41039171302481847
2.350614680223126,-7.172452466999162,3.1329005990286007,2.8025581333959315,-4.522951124025888,-8.003013628683325,-6.435308894338879,6.507214997591141,3.9762907554848335,-9.546912105209154,-6.204990883309844,-6.494981152618616,3.4650906885819848,-4.853146153005372,3.6421138214081825,-18.682142704039258,-10.220720898090125,0.8760165646888639,4.283296606180933,-5.429971338099515,2.09764900219131,4.451713873821169
-8.089258146661713,7.935653173370855,3.2604576523191944,-3.253052010258819,2.7474721598087237,-4.524904903169811,4.102809544266114,6.961151639320583,0.7102549844004857,-19.910144577002427,3.894763254401468,-0.8935005131538064,-4.04167841569621,3.5221193352207685,-9.483410645266918,8.033050502975316,9.370121425144621,-14.574934001268801,3.5059555153741084,-1.7905965054625541,4.701986995914758,2.793493651538533
6.682753280944531,-5.272153348798371,-7.237940793298442,6.872931184183375,-10.854203031997054,-10.848424989678854,-3.3102339801544423,-4.463701817425709,1.5718491877466851,-10.844525400113108,-6.1945794984435185,2.0204656609733243,-4.144645378325668,-6.618001226509178,1.6155459549566618,2.497274177240068,3.301522312331863,4.247437993423179,-10.497007371930282,3.082371378929676,-7.932832694351299,-6.733513729091078
2.5115926578252648,3.096467332429055,-5.873713051031885,2.7103095814953786,-10.27542528025992,-10.730070562057966,4.254049368904906,-10.03988916321192,-3.107031460311164,6.06153562127867,5.823671999953448,-5.390046357803711,-7.7057012621858405,-7.311620630575495,7.552095918301202,-6.3659007027179095,5.19966622754846,-9.438675745322708,2.1139687429036083,2.198584366941086,7.890299045532213,9.252627697008846
