script/wind50m.json
{"header": {"parameterCategory": 2, "parameterNumber": 3, "lo1": 3.000054539987559, "la1": 64.9999836372058, "dx": 0.5, "dy": 0.25, "nx": 34, "ny": 52, "refTime": "2026-07-11T21:00:00.000Z"}, "data":
[rows 24 to 47 of 52, columns 0 to 33 of 34]
-10.547933966042855,-10.842269775690053,-11.700103273717277,-12.758249414833553,-13.253704077943024,-10.194584150179663,-2.1810249315619425,-3.671729526498735,-4.892132527595084,-3.45656376673869,-3.926175892154634,-1.318529313664468,-2.674300147112571,-3.3598148969813306,-3.1038961642726317,-4.556292326072931,-3.6161161856349047,-1.4630455896254229,-0.8327587381678667,-1.0983575311621816,-1.8232655074537498,-2.836900022109009,-2.64536053595717,-2.204274244265676,-2.6206394950384766,-0.8744636679252967,0.8683449737507805,-1.8067918811950514,-3.384645734411571,-3.5422050352744887,-5.788403736289799,-7.591101670992428,-10.344452888064215,-10.82547625890724
-10.216491169283286,-10.524741737416479,-11.633053319861844,-12.61241932932017,-13.19301444797634,-11.094195387759031,-4.532395028129336,-5.486536220673064,-4.830091476349084,-3.2598388467605197,1.4590216638889884,0.19748806070746855,-1.7126755745652202,-2.488750848389699,-4.2254499556721425,-6.410399012106711,-7.917793492226872,-2.4441727255820958,-0.6529987680892426,-2.18470366547273,-4.905228975291833,-5.031744672787679,-2.550217790610751,-4.527808348755094,-3.0426229444691537,-1.410077578352344,1.3434662774061064,-2.3402890751537186,1.4774181927657795,-2.129562796508673,-7.565128222269292,-9.740103181520796,-10.837926382886115,-11.975437953228806
-10.072820544769261,-11.151888294880404,-11.683428318911268,-12.999286600995916,-12.77937906638898,-13.795847840178359,-5.974229140503648,-4.020622045651481,-2.554064060436969,-3.9049523291647126,-0.41274900296840517,-1.0268271413416148,-5.115928465483943,-4.766176818146344,-8.34049113345101,-9.57126912297809,-3.7408796802654622,-0.4053370743663949,-1.4638899971073724,-4.624725926871651,-2.031372716401622,-1.4364745296176658,-3.477937983793187,-6.850749272625645,-4.359446738719118,-4.294248859450427,-0.8752508383747822,1.7647812281420596,-0.1576249072149388,-4.654569961511522,-8.076440598174312,-10.204498521474223,-10.841920381309214,-12.21053212779541
-9.536184716855765,-10.817465013000527,-12.134883240830428,-13.227287488013852,-13.030644837722255,-14.620020106079636,-11.560730882858195,-4.914436708757024,-4.274359707700855,-3.1767038494548796,-0.9540080770699157,-5.41543175838114,-1.950034680654105,-3.005974848820107,-5.723157492128311,-5.6189617769152855,-4.765385491064452,-2.8332761879647976,-1.7598056783939573,-1.9910460373208467,-1.7364407989083332,-3.050053882454714,-5.308543065239539,-7.597339003360205,-3.5595457800987647,-4.699964994635608,-0.6717632243846443,0.3137111967980885,-2.784355410000553,-6.908343694147007,-9.649606436008188,-10.410400000685534,-11.242253993940126,-12.127589675833153
-9.499213670504236,-10.394845244529577,-11.647354324844143,-12.601381698269893,-14.076711962454976,-14.871945771218005,-14.209054902954351,-10.134091218764882,-4.169923888431737,0.14845382181040195,-3.778187422180895,-7.143560604873829,-4.234299264109418,0.03171549235690614,-1.6724844895761841,-3.174887013721267,-2.045096270696254,-2.635528351777762,-3.3155357439512163,-2.2106623337136986,-3.3981349729135575,-4.7659456968006495,-5.991938474598962,-5.8410935223967355,-4.102533136006847,-3.7858661521837567,-2.5709703755549747,-1.2317530907480214,-4.37551391632243,-8.635182706972182,-9.238029220007006,-10.889311564067272,-11.190236366069218,-12.002958664023339
-9.734298219439587,-10.151093017242863,-11.464620256902469,-12.715199643926884,-13.346269811218118,-14.344301190095678,-14.151407367122925,-11.642744585451755,-10.019052473636101,-7.672815604421846,-6.313291807325591,-3.601836896338528,-2.706043849401129,1.2004441211332981,2.240249209842546,0.29372719265907754,-1.6119808882448101,-1.629797226804937,-2.8527316457798886,-3.969004689649375,-6.173013590256549,-6.13127342868448,-2.7915785825060633,-4.3168169943161425,-5.0734842433579335,-4.335109685154051,-0.3412662058771275,-2.351331176028898,-7.971386716416574,-8.473520474043012,-9.600872289228947,-6.3797816078657945,-9.15018228577733,-12.27064118386486
-9.942329125360006,-10.450237488466986,-10.482627878359551,-11.806538135452023,-13.189271261793998,-14.148067887218794,-13.721824236910091,-12.650795079837591,-10.433837947955645,-8.848743422503755,-7.5993219945229935,-3.4650720822267407,-2.43236678425935,-0.6111361139209716,-0.6586641646744306,1.9151885677580023,-3.362425007380192,-2.4852405183632684,-3.252361673969389,-4.221820353511492,-2.5970903370200946,-4.779403836100515,-3.6515508778445342,-4.450683965797183,-3.7165263597995772,-2.5388065582121304,-3.0930736050509333,-3.31745033334309,-7.14154003960332,-9.241312605153887,-9.145111194117291,-5.531548270915049,-11.125130935344849,-11.653664652011194
-9.914776169820472,-10.487123065445115,-10.489432735947439,-10.853076142624554,-11.479110156939887,-11.239605215506822,-10.977372306417388,-10.306420622698655,-8.272576969647949,-8.41702443988622,-6.348271039280204,-5.082957035321897,-4.878627282068363,-0.3420060101241093,-1.4451759249652802,-2.801356395583063,-2.5940481664761976,-6.879350533907611,-5.7635359972540865,-3.911950397861911,-3.4119556382906637,-3.499084000089537,-4.238626289215777,-3.847314103126789,-4.117067446926696,-2.173333624657905,-2.891500484360808,-4.424853700227457,-4.594901356838196,-7.610337435469829,-9.36262672923497,-6.4096216352222175,-11.709271923371274,-11.615971354840491
-9.955676797746253,-10.865455858887623,-10.986684612721115,-10.999218926043765,-10.7226654383632,-11.266504910042963,-11.809459883389799,-11.437207744237513,-9.355708668549308,-8.468388859712746,-7.446180033640991,-2.671386486175265,-2.586568751887665,-1.038751844759176,-2.5552863991850976,-3.584065821636232,-5.040684587966128,-6.20657229895068,-8.951415880327499,-4.031820931255492,-4.307587804052425,-4.9388577105915825,-4.424713355464604,-3.571320962194187,-4.083679247871292,0.4260321103457598,-2.646381648806609,-4.727100581457383,-5.7153928692398335,-9.61109191651224,-10.305840112713087,-8.908468351359993,-13.24472767310082,-11.525216286456107
-9.096511638573107,-9.885982010887616,-10.797554959426552,-12.170926603938167,-12.578753959762793,-12.280745723850858,-11.567666285736928,-11.250939063534265,-10.102716706067449,-8.622286904053533,-8.181691640006317,-4.8089062400113916,-1.9094179619007061,-0.9684474000567019,-0.970220374839982,-4.417636692885473,-5.820040303700715,-6.558344281187027,-7.662160845176333,-7.756620774497813,-4.332262879037002,-5.223843705845183,-3.6882422436866698,-3.5084232379443097,-4.763701578948898,-1.990119979400456,-3.480862154532557,-5.712138144321785,-7.348546849324147,-9.904563744330732,-10.771161566482185,-9.607459359441082,-13.262313349144405,-11.375979861519927
-9.761994972046574,-10.20311244992463,-11.674918042395246,-11.697414269517681,-12.604478569272983,-13.024152810465122,-12.574762063737696,-11.69557004123215,-9.994220504975573,-9.577458038450372,-7.235206432945976,-4.272598397010946,-0.48969187488789323,-1.3420518614126071,-2.123954531101116,-2.4514481126759615,-3.5772962590711894,-0.9813251740512202,-4.6450627192797835,-7.407617813327302,-1.189538545864869,-1.8171890317014192,-3.1363704975534676,-3.568585083810608,-2.486356562717717,-2.4619590524259674,-4.454981720161965,-5.28744700887681,-8.157524591241934,-10.283198989207415,-11.743907421524332,-12.581836345756967,-13.254422838861188,-12.346070368008133
-10.674809230364678,-10.094500791966995,-10.398446893598722,-11.319157986780057,-11.87991815572248,-12.684370616599267,-12.589432453322171,-11.965987385861675,-10.887329241550114,-8.256512994452498,-6.7105981274935385,-2.5258791519691974,-2.877676179305089,-2.4854160353980688,-2.173430349667536,-3.3556901911905532,-0.6417821112487921,-1.4267556552924232,-3.4243331698579853,-4.536320523469496,-2.042459089289811,-3.1825769345865123,-3.5865944511600936,-3.38584273530875,-4.043456161660178,-3.0906671953117804,-4.555971705796933,-5.759440147812666,-7.959511836421604,-8.614833946368435,-9.779403680202655,-11.093618777748116,-12.289288927500063,-11.325720466489289
-9.62855362764972,-10.232576180223651,-10.521752991253223,-11.011690092373899,-11.985064224088553,-12.431638753278852,-11.597875619206452,-10.991135243246108,-10.118783711654837,-8.784426319331066,-7.248581079714819,-4.631396718255762,-2.905015438386908,-2.1295960775077916,-3.481120196318925,-5.478375886834129,-1.2095768955079715,-1.8912530975770574,-3.0778902822118246,-3.609944745038329,-4.189341664404032,-3.7958841730988184,-4.016857500113107,-5.20446449174679,-4.801652604133151,-3.831946130534273,-4.0482356731006295,-5.9080145827112345,-7.143391238564231,-9.169606584919665,-10.46259551717646,-11.088733946034234,-12.484856935745796,-12.146846299834667
-9.683153716549015,-9.881774753858247,-9.99554446280401,-10.491689974650464,-10.553862013865738,-11.30670211786856,-10.731417704462144,-10.843110955809154,-9.687046003641052,-9.225750645917296,-7.388179835559324,-5.6269506069238435,-2.047120521405664,-2.2496334331571735,-2.849023069323185,-3.2200519672617127,-4.510366307453665,-1.5313982760956548,-3.542528862161753,-2.94897339173109,-4.583874743761154,-7.007695484912912,-4.890604883527894,-7.828697610716503,-7.482910082401912,-4.6907687041450385,-3.097062862886242,-2.6093825750153377,-6.0578033454032045,-8.342568045316776,-11.088671222596757,-11.160193744284932,-11.398264337158627,-11.75541895409548
-9.625570843622766,-9.89513678464171,-10.044745170489659,-9.587372813966855,-10.622967459291184,-10.74969939018851,-10.311355384956684,-9.382050743737691,-8.669110810471961,-7.7248527998204155,-7.904816404365743,-4.1584849663016845,-2.2922586380865875,-2.351276924187537,-2.735846909150499,-2.4784843981371703,-5.015914932483142,-1.1873990714620335,-4.401533539421659,-4.786901410945375,-5.679300518566414,-5.606745305619072,-5.367590587645673,-6.793922569468444,-4.562417181787833,-0.8679571324693234,-3.6591409607804186,-2.702875216579147,-5.182666994269476,-7.87814457336633,-9.133886401140288,-11.018167206503977,-11.940329709866162,-10.82240476855224
-9.59754862466241,-9.263463703647963,-9.179963248834241,-9.707220695109285,-10.072005885489316,-9.439142520544653,-9.008786446665672,-8.605151500443952,-8.123756589095615,-8.284088147212328,-8.030355887844694,-4.77690895718307,-1.3164950202489627,-2.216647944163188,-3.258598702679873,-3.2476888972235773,-4.892031143701887,-4.303748791517287,-3.7191998888657802,-5.90563227919343,-7.11195095909367,-6.41466015775105,-6.823013642811111,-7.969948277653971,-1.8435360221110284,-0.913239819105341,-0.5207442488694776,-3.0452137101395493,-5.633826517168915,-7.04709271510193,-8.223651449654257,-9.71155021116915,-11.856300749163081,-12.477115285453003
-8.404444689454696,-8.575304155619952,-8.535042981715488,-8.313804174065456,-8.13506895903106,-8.719742468893276,-9.104641318138858,-8.652239954572138,-8.392508389463758,-8.50127972091046,-7.607555778070171,-5.651040295310831,-2.347018684123234,-1.4388296415358335,-2.964049111963299,-3.863211065989936,-5.16408992404171,-4.044345220590832,-2.9014109728258717,-6.467271469089128,-5.949965652335763,-6.227581576472733,-6.866078479519441,-4.176551332610207,-2.695189278067416,0.6383780182796902,0.041651653530081,-0.8754316342935881,-5.421731419244914,-5.393593274262259,-6.236458178919611,-7.459233712009503,-10.672321661569384,-11.773311249307904
-8.044526238288825,-8.077646062454962,-7.9767414245421016,-8.041248253269481,-8.450575837732988,-8.929570845205872,-9.33040175007873,-8.767401270125903,-9.323416750720428,-7.9758467376137085,-6.760104424458784,-4.665204895586713,-2.7671321558205784,-2.9348175725702412,-2.768418415035419,-4.845351409179856,-5.565516630157921,-2.387354237458738,-4.0225414421035826,-5.035095280425239,-3.9523021837299517,-3.0945263748614953,-4.072957718021124,-1.5867543344471366,0.23505581070947915,-0.33425817676620817,-1.9497251553584432,-1.8262425449444888,-3.890136563358013,-3.214170198099295,-2.952775956735564,-6.010162950627092,-8.182391228166031,-11.58405254504114
-8.12024287288893,-8.3471653705997,-8.51908992391645,-9.206790821443256,-9.451772843130513,-9.004925576950695,-8.988375053290456,-8.644474238505476,-7.839045384566685,-7.158409006925041,-6.0475942870189385,-4.560986755068439,-3.799911271124976,-2.918682022630554,-3.2204317800946867,-6.830509866306806,-7.05952798391259,-5.521128934273066,-3.0954873963148515,-4.672664657567952,-1.3365115732479584,-2.0055028510155433,-2.940367187604188,0.8626596049712729,0.6892884362580908,-0.16756293138797682,-1.250569847689187,-1.1663544105790533,-1.5932525891210416,-1.8214686862418974,-4.323353396159696,-4.162239826849972,-8.270951173741558,-11.66917098941779
-8.437599821724518,-8.54603790835232,-9.068178292471408,-9.014333234353655,-8.449992242109149,-8.36533592246265,-7.4950811344807535,-7.279464003066333,-6.523734811460469,-5.520880698075873,-5.559266114362159,-5.985514761764574,-4.239834900074843,-3.1985957575841955,-3.3835754732504606,-4.786999948127804,-4.059497911011922,-4.263473004268871,-3.457590974095566,-1.4322739824147226,-0.8520107908437081,-2.357243364616238,-0.7777123003807814,-0.0032972889316831306,0.7742837397332831,-0.7820049948499321,-1.6048030322915683,-0.16279814956108693,-1.9670112118910996,-3.099199199015423,-3.831806220659106,-4.2674854998261225,-3.454555949772663,-4.439341096274989
-7.7614321756270925,-7.655631405926059,-7.68933947615972,-7.310538631111434,-7.261505851317361,-6.221283798307249,-6.184244360941699,-5.927492741020255,-5.747345299089642,-5.798808229860581,-6.690663323054925,-7.6634260982760845,-4.006949112272574,-4.071725462238853,-4.153486271470576,-4.383909831215856,-5.497680506874809,-1.2438264305002733,-2.2621097776747963,-1.4412590328728392,-2.3823819748767265,-2.392165497158065,-1.8503827303253366,0.6239202776405295,0.3819617037718502,0.0685813591986076,-1.5423498915149403,-1.851522093705311,-3.385655090020505,-3.0531307901742255,-1.8478238423520132,-1.7674590297044306,-0.679937568609911,-2.3708087684056087
-6.6723204478523375,-6.7257409690120635,-6.6708896891176455,-6.846895956712316,-6.759924147188902,-6.284849663076983,-6.015889395863777,-6.293441578488358,-6.140366376722308,-5.587495805647561,-6.132555846072641,-6.797855023336791,-4.618190654786782,-5.323470838429222,-4.285636841386464,-4.4545889403643,-2.071675908955632,-1.8128770625632857,-1.206100029331929,-1.7439694128186234,-2.3733369927465566,-0.8201077891845134,0.5144001632327952,-1.1253962063274408,-0.3292094110543479,-1.6333031194892507,-1.7838637316045545,-2.0401557931134695,-2.3971215483139057,-2.4671542112356923,-1.816299716607382,-1.9579066433112742,-2.163568228248488,-2.3662810651001207
-6.658482268626223,-6.538658181398435,-6.403822741324001,-6.329066833256207,-5.532696000912,-5.3222360403717826,-5.408659283772069,-5.900329458512405,-6.295958666350174,-4.47023485821367,-5.077850550616216,-5.453312063689216,-4.689637989116744,-4.656000126321633,-4.789565838458971,-0.8315810456827255,-0.11281403795859,-1.84224261278834,-3.461824073065327,-2.6055300819979834,-3.5772495952866143,0.47598880996938714,0.019983532142581105,-1.858770523354006,-2.0504330966112945,-2.067456127063346,-3.138978278457363,-3.897189706879824,-3.242595081846731,-1.7050098336373118,-3.4098175668545334,-2.850783945470092,-1.664918837142996,-1.9309246587488496
-6.161102144850948,-6.3123425316009225,-6.234870813198752,-5.9979675801164305,-5.181362844971715,-5.28115644419972,-4.755359205251063,-4.5172507714066334,-4.102603444133236,-4.927700475386038,-4.907714467139669,-4.956199365394726,-5.36084509530039,-6.051738836134572,-1.0569252849921569,-0.8067270411307154,-2.1695858156521277,-2.8813194052611726,-3.864624166721998,-2.6838165240558163,-3.390685144155188,-1.8800602220912328,-2.5355109308598935,-3.060519011766413,-3.125138780809076,-3.419799954746813,-2.822086419337783,-2.375535039697364,-1.6477244628482923,-2.7410695965445626,-2.888706801805652,-3.1815988517628413,0.188490029483054,-1.3596444348409027
