script/wind10m.json
{"header": {"parameterCategory": 2, "parameterNumber": 2, "lo1": 3.000054539987559, "la1": 64.9999836372058, "dx": 0.5, "dy": 0.25, "nx": 34, "ny": 52, "refTime": "2025-04-07T14:00:00.000Z"}, "data":
[rows 0 to 23 of 52, columns 0 to 33 of 34]
2.1254106219482467,1.7117976966929602,0.5493831617434585,-0.6400261086783682,-0.7275812254640013,1.1852951331191652,2.069488375303377,1.9477004195316363,1.2205122030353739,1.2832658903908163,1.6960690663685256,1.9790898209909589,2.3446997418027,2.048579339016413,2.044940086233524,1.9608668733951817,1.7999316188942391,1.8420313763303053,0.6566628557235397,0.1579620876562212,1.9221641086786654,1.3743338524645485,2.5103059342318903,1.6398262219043975,1.2361582619629765,0.9578590036615273,0.9333195761156485,1.2742814064914372,1.1401674591691777,0.5755391489380713,0.5236062295471897,0.6231390656434641,1.0231799746668087,0.707017453089952
2.3285710001149105,1.462723211864778,1.7157515576539655,-0.7786245134023233,1.422244164811465,1.5420297041159028,1.566047270978979,1.5389404928969046,1.3580579345731318,1.867193300751897,0.7083232443762433,0.8708244301166351,1.702921835674889,1.7917902116414297,1.8680789376725175,1.7741307375500288,3.7769199754308627,3.3932090852605725,1.6192540914751996,3.6940073947332785,1.220114669806291,1.1004036161197777,0.9189520331427149,2.3851674221507895,0.7285602279920321,1.0007874201526776,0.9794255736368009,1.2940103755492798,0.7680246012047258,0.9883620283578689,0.0006909936653777768,0.06808155381849468,0.24474505534256843,0.7216322814568362
1.944321681245935,1.8360102376124787,0.5593256968449959,-0.230775618337671,0.7079477597283187,-0.6946348013023231,-0.3170455940738662,-0.339220508828609,0.30286689534942474,0.7693352573820852,1.483610769185937,2.5340720267091554,2.252136483994918,1.368546362767778,1.4057239110462614,1.7910237492126673,2.2734147667893443,1.520663615290471,0.9761585777604015,1.2741103706152066,2.2313399942258116,1.4829478910894125,1.530933111596655,2.1272182150011463,0.6959036419253377,0.5755400506257883,1.2061225058814045,0.40934839489485103,0.6939505608596137,0.42909873523605274,0.3826380274862372,-0.24021752543682848,-0.0023142075681000995,0.5284879138906798
1.4166276852316781,1.75189076986267,0.22587439161924328,-0.6273738106042924,-1.7547157279156482,-1.9620185417990408,-1.1888499865900717,-0.7312289957975873,-0.38390219963884714,0.3734793600200395,0.9666725985096318,1.3775551498160363,1.5795034684531446,2.671785406283455,2.8170067819009286,1.9515616456981766,1.7098549920450066,1.0306111438249665,1.9972692159143566,0.9429471855064684,1.5565771294593165,3.0431187114457137,3.0186237392255846,1.795317257541225,1.1704314511911027,1.234713407288699,0.7886641858004043,0.5690919487345413,0.9206280023138564,0.3518529009533014,0.0910520331440509,0.15545814664384042,-0.2995629875659694,0.16381618186748498
1.3479358856587105,1.5521420730045916,1.7001452632198601,-0.6702201849066569,-1.888510513756555,-3.2118180671015164,-2.5080042931112407,-1.6468769430571997,-1.2933194434383508,-1.1439288851288973,-0.5517227682231277,0.2925048236316527,0.5793785283818931,0.9487625664270454,0.8969728592638656,0.19420562574994335,1.1868546279680758,1.326042740406796,1.9569496132137207,3.6667877372094657,1.847266821866573,3.6716888288670675,1.3083419154207474,1.3739149743649899,0.9440207289780704,1.078515995267298,0.918924010684515,0.7499801601989954,1.1120277688405804,0.8212930621380098,0.03706130396556514,0.27200286869671164,-0.6677909891926536,-0.3535251637906886
0.9807244189444185,1.5483881222191667,1.9096122073072213,-0.7878262436710044,-1.2551869292399795,-0.9020983164222952,-1.9844973280673692,-2.3392464943116353,-1.6485664878070636,-1.1974831866704796,-0.9803313902925341,0.7765465461039905,-0.7603540628008588,0.02423733546867402,1.1211962128390425,1.48639028764325,2.126045222167256,1.92511628658509,2.6167167116361627,1.5964367314670334,1.008570897795368,1.9430338252424204,1.5165776565846742,0.916760095434976,0.8240666579890468,1.4441730746830637,0.7070019106693848,0.9395074177860653,0.8206273012482053,0.50707303027573,-0.1494356935138963,-0.3437001250156624,-0.49138523215051344,-0.5403901185567885
0.8446201668044336,0.8354012153874544,0.9857407137832987,1.8125968428058707,2.060426060894615,0.15874106291829193,-2.0203094105186437,-1.8332359041675377,-1.6707644181131334,-1.9682345257377856,-1.338016031826605,-0.29103461902754285,-1.5090805270528596,0.012600320315011728,1.2408734596860274,0.3285955149364712,0.43709396184425653,1.048113185621192,2.7014169145601783,2.1942174212790655,1.406824451806081,1.541257052051312,1.2972246305529582,1.5563978709857602,0.5315854427253391,1.121428754270952,0.3923444351856664,1.0436857261643382,0.8887260919418943,0.5106844254215369,-0.7312096906354851,-0.8892836173373796,-1.4252446799300182,-3.17089994035523
0.08858614570205754,0.5422652034325218,0.7327365195739524,-0.5430715013012616,-0.574454874400979,-1.200399757006175,-0.8937095204853693,-1.2174686472789347,-1.1672713870478602,-1.2079198876606498,-1.3728397472163678,1.1631856350905643,-0.6855640522770521,-1.2667163120576916,-0.24016316913887456,-0.9130661218676944,-0.25857670843870073,1.2374383838168457,2.121520278367109,2.328299876053133,2.5587871775352204,1.8852534011988178,0.8053558954134648,1.1889931267747138,0.8562037896229109,1.2429702374223008,0.5478549072205268,0.6258233952322331,0.6094075673209499,-0.0880244176830464,-1.3767986213037213,-0.706202119622551,-1.9797721632610559,-3.329662984563894
-0.42267904584246535,-0.04367830550483621,0.13277356307098642,0.5141877044833026,0.16040704925367089,0.20988726270307578,-0.6025837738946266,-1.0145405923018416,-1.6114003165981639,-0.6298920539914337,1.1006780452454379,-0.16887865974299066,-1.024619785599517,-1.880373208192869,-1.671352390136199,-0.9852344794613634,-0.14407993593980173,1.4009442294131482,1.0053540934449847,1.835614876655422,1.8172616771956516,2.1005051261584162,0.9212353468418683,1.0694062756763574,1.1731071105596145,0.8818574267718116,0.8304730922020099,0.887172761503347,0.6219654068147301,-0.34383273184347274,-0.8108295262426883,-1.5386804769445235,-4.464567254138045,-4.211135522886219
0.38473335583173135,-0.5725644977852136,-0.626977155895901,-0.8006785949630933,-0.5217118170087841,-0.24248070508833927,-1.2048481022735997,-0.9738633742726732,0.9024793156015449,-1.2704632310943835,-1.8311409072796496,-0.1307875541138469,-1.4414594590330019,-1.395613190560183,-1.6187476496867053,-0.9250787715075195,-0.22817310911241123,1.3961076354127837,1.7945565446309604,1.586768357708065,0.3071336378568479,0.6885216770346383,-0.2510374178009374,0.5857630948815924,1.2127197671821373,0.787742803528301,0.7057928912110768,0.4156098997241897,0.6907313842979524,-1.329503826659978,-1.9252906519509125,-2.9423527901182607,-4.166675008517582,-4.343221491506435
-0.5819726523570795,-1.206358438472085,-1.3107402618373474,-1.6753471558507573,-1.4892803158182437,-1.7083962227059992,-0.13373751075255827,-0.2608088394302616,-2.872736678193402,-0.16378626498383989,0.18568531762595764,-0.3675860347515958,0.09876943200941926,-0.9218943228112374,-1.2167859727838652,-1.3872441870634773,-0.5228461397251644,0.21658945190507004,0.19049527848547868,0.42097269196172143,0.48998140958830927,0.9887773410391615,-1.0683720171837658,0.766407041919651,0.2772133916280515,-0.17832897755742314,1.3505929509772385,0.6975516315691294,-1.1447984461666618,-1.8683429506178881,-3.6035409681302464,-3.3700461957306995,-3.5215553050588198,-2.9894880059465887
-1.1807625709969376,-1.2735862486456229,-1.6890477181311785,-2.0350406319538688,-2.9367154025948965,-0.6120767291802006,-1.5528090470685942,1.6008555276411471,0.912939789550583,0.7080699492671371,0.03888524238992834,-0.37313917622704607,-1.1273503862513203,1.5546052549047544,-0.8418524213482957,0.3718095315083781,-1.343341538066493,-1.307132666402919,0.6733745521785565,1.5682675651316755,0.4019777033780006,0.3934297544429481,-0.3705766609276524,-0.10398230123927683,0.00694742353727029,0.2507370986508571,0.6141528378595851,0.44681436617234604,-1.1407613432492247,-1.6610750809658736,-3.739525433515829,-3.702990643872955,-2.7246873284016293,-2.5948522532249108
-0.8051568776540341,-1.2065051232678767,-1.6347238554219048,-2.8446147384439215,-1.2895646994190093,0.7662057928088096,-0.13591268004604407,2.3478607543752235,0.933343822368837,0.053100081053467946,-0.3582300024452845,-0.5295732127209343,0.19737305881604442,-0.2317956927820808,-0.0922199133268149,-0.647196687784405,-1.6110018553164007,-0.32902988139830336,-0.0571839923415387,0.16049647344073614,0.18981959434085532,0.9331121548550962,0.615559420358923,-0.13333170238273992,0.16282920879869112,0.5685865868757904,0.5053715170300535,0.384742686694276,-1.395598981561534,-0.817712197670157,-3.312820785654071,-3.1301252027725064,-2.403426818135913,-1.0149270232337986
-0.33119282339243217,-1.0451347011122238,-1.5582057148923667,-2.268680942653091,-2.9290958484158094,-2.5761886355003805,-1.871536267653875,0.9034935669931067,0.25204052370025604,0.06514741452540272,0.1818385659476346,-1.448712440227588,-1.1220727400414463,-0.8006516152289903,-1.3392828640202759,-0.5176464887099425,-0.8089438055883932,-0.3562620770832813,0.03809528819796456,0.5687557085266113,-0.4085923773995691,-0.6404253829274874,-0.3185370748520548,0.25530456827259274,-0.23511387961747843,0.01396754832571282,0.3103451433770314,-0.6781708762425275,-1.3677662373280834,-1.1498133860041426,-2.5850322840871294,-2.3582015346645506,-2.3144514749839176,-0.37546337048348094
0.1339359413157298,-1.25914211821043,-0.690777961785658,-0.5454963081928402,3.222820856200293,1.6712516813811955,0.7946535625309867,0.5643213030068387,0.7041087114035415,1.1248036866373157,-0.6727762544434293,0.5709749883137862,-1.2872445025911474,-0.9394719296836906,-0.9571019526374813,-0.45912269676435635,-0.7394770307042754,-0.31442016284742497,-0.159879439665368,0.6178462972581382,0.40938029516526697,-0.35111155163414315,-0.34891913517567913,0.2705463322200383,-0.18246426780415737,0.17426412051956988,-0.642735348132589,-1.1673862434115765,-1.2229971112328053,-1.2347119232742616,-1.7570749040155522,-1.336019867633375,-1.4918070770254714,-0.12790018224060593
0.7024440658464522,-0.3720374479786598,-0.24557695738861443,-0.20954471986772646,1.481829539002024,2.113098956952388,0.2522957014141701,-0.8265859967019377,0.11276701507498345,-0.8666036510802749,-1.1286889323565694,0.48723718369277125,-0.8912892085292038,-0.5121725595574267,-0.8592927231033555,-1.2451843700100835,-0.13905530510877528,0.8405002896597213,-0.04940497089713955,-0.6633424117976121,-0.052535378131093234,-0.8208977638000183,-0.12258659604022461,-0.1905642757086256,-0.35456334997239175,-0.019042120290995924,0.23535533508921389,-0.7309746045607551,-1.1653287640656687,-1.5126387988434462,-1.3951303032922961,-1.496679448541285,-0.7083528546152905,-0.07812650958046079
0.2909208490962496,0.05181678419387447,0.18016508442088258,-0.029722976745510707,1.023302946069723,1.1905147859263492,0.5110451736436502,0.786218637284395,-0.9702598160060527,0.6695605755387245,0.9056801819728992,0.5873992076069134,-1.3133128441895425,-1.0608530526654225,-0.5801192310429656,0.4614160570858454,-0.6103596061854686,-0.5633632010653388,-0.4398770888774634,-0.898356918756151,-0.6731962917123193,-0.8702204444814884,0.09696298642401893,-0.48301469182361373,-0.5692107242487222,-0.9754026395142142,-0.5668738446558043,-0.6920928740028929,-1.4436323148864085,-2.5055739913840234,-0.8245614093838518,-0.4563308590812329,-0.6622065345956212,0.4518517550395719
0.06070461230005179,0.6439199659727912,0.6673749572339001,1.0275715960461922,1.9678505678142417,1.0456036022770119,1.6715383971617455,1.5086334219303132,3.475493165183308,2.8253821328892967,0.4024922473750377,-0.2740293901829334,-0.35983470224491965,-1.5303488348387682,-0.8827757660347456,-1.077735103899122,1.0343251883083053,-0.26987599428849907,-0.5614502759983346,-0.5897118094066581,-0.3281806617638556,-0.6609321316385167,-0.7143703391448744,-0.6042645564978131,-0.18131928221185462,-0.24834579895674586,0.33441165570268927,0.8134557210048559,-1.7301694568873507,-1.798477400208128,-0.8920350450825616,0.7981226106527514,0.8788229972973206,0.5692794611161918
0.19038821942510753,0.8077729736003529,1.4209340539646422,1.7884078630914173,1.879389052869137,1.336408594611069,3.256091976873545,1.785777221849736,1.7078686330280228,-0.8480224812911008,2.269540311456383,-0.17422991496366025,-0.4723551310015222,-0.708997184567588,-1.214858674291018,-1.2535300821669926,-0.9810537159078332,-0.29264666860400895,-1.3771009415787803,-1.2911040351912213,-0.9195275223642289,-1.392124547018521,-0.9360236922506724,-0.5886827983945226,-0.3217474371311317,0.038299022424061455,-0.19796171033790536,-0.17690684332082443,-1.3633879448413004,-1.524682146917415,-1.0423932254952473,0.8091219411703612,1.3696799632249077,1.0945650082757612
0.5217971233867158,1.0587252540624705,1.9022615054643193,2.953723456991826,1.8026447254569018,0.7226490424572284,-0.6331025144583166,4.289875795466794,1.3210239154486314,-0.5040882864865334,0.617613833941372,0.4755628724336421,0.5712856473513463,-1.3398706574885666,-1.0941703781759657,-0.23105062746644828,-1.0128202571277234,-0.722034246642612,-0.5342128974423328,-0.9043552369396216,-1.2640951094591422,-0.7170921996704108,-0.9179455370904619,-0.7226438644634703,-0.41366249526508386,0.385873380982359,0.5996346101666133,-1.025285513598812,-0.6479131867026601,-0.918721893959783,-1.4945818337733277,-1.3087192895453403,2.0732310639611073,-0.1380588996794615
0.6628322849165905,1.4202493467568313,2.1178156489156925,3.3481786739482335,3.504597896316849,2.0645303410446205,1.4089256873817728,-1.6851724513584716,2.687480144416001,0.34406108816777736,-0.8708678518316221,0.6409478349856187,-1.4793907538624875,-0.6545105430287005,-1.8148565308502447,-1.0947689884019172,-0.8250573922235064,-0.7596017395061414,-0.5758202529968888,-0.808747269275547,-0.7400859679001736,-0.6554625881246782,-0.9931254168179262,-1.0207548367659254,-0.28253011285771645,-0.2689944339400759,-1.0309246716992482,-0.6422399058956932,-0.4161867397047945,-1.1981195642125548,-2.179631543503771,-1.7013115529420717,1.6249202235552438,0.4662807876156552
0.6660335462222907,1.4792444110258107,1.626886544618988,2.62229231231716,3.139996875906222,4.337673245489232,2.161021692963476,1.1702415854655552,1.690356187833548,0.9294862748468229,1.0042442833786192,-0.2992691144707065,-0.6468002404142901,-1.4277092987446085,-1.8176222921832947,0.3295794981780738,-0.7531504200848589,-0.12031417402708687,-0.5634400207005361,-0.9550753004493306,-0.8774952244773884,-0.37898026578279975,-1.0379743435398734,-0.38260265531287924,-0.745372018554447,-0.608189112267653,0.7214138701024211,0.1502187284779714,-1.0524311037844283,-1.3223681995159378,-0.6234351810430246,-1.9666814541828752,-0.7034180694885538,1.537918469478528
0.5859472988314947,1.048745283842521,1.1020452205978908,1.5680733916850893,2.951608132881596,2.7796723068830502,0.5636494095260052,2.255988784181826,2.588601650961137,-1.8345727670592058,0.5808854923693645,-0.2870941473643435,-1.1462176960127974,-1.400128929368574,-1.7224499429795626,-1.9812837879120717,-0.5849190674764178,-0.4656443046747102,-0.8698796617889787,-0.9242865442007692,-0.7225949841585393,-0.724767731820802,-0.7606197279787907,-0.5642431737752631,-0.12563200424933355,-0.6633820498809998,-1.0820868659307097,-1.2602081396785274,-1.1926466204767605,-1.4463152543757978,-0.7876849135589904,-1.3674836728653974,0.1291951151109136,2.4577136954072905
1.1291174075972776,0.8000165968204558,1.0529393008589842,1.5960573486514427,2.225158056619844,2.7125993931055934,1.356354417654237,1.5557357173040645,1.9072672982304146,1.3009567688517119,-1.1906489456246974,0.8798841317817104,-1.0424953925474807,-1.1397970518279406,-1.7943149765166804,-0.032625532912472784,-1.1580664785032118,-0.7143142867782125,-0.7005911241122179,-1.0166252552226216,-0.7652527163863367,-1.4980588298467266,-1.0605374822602682,-0.9173087690379627,-1.3097486258131894,-0.4362235952451788,-1.6111944341561033,0.3569123716901508,-0.7720205251815035,-0.03187924094428604,-1.7464518160443327,-0.6803322663109247,0.7087420320572835,1.7509366902584833
