script/wind50m.json
{"header": {"parameterCategory": 2, "parameterNumber": 2, "lo1": 3.000054539987559, "la1": 64.9999836372058, "dx": 0.5, "dy": 0.25, "nx": 34, "ny": 52, "refTime": "2025-12-18T14:00:00.000Z"}, "data":
[rows 0 to 24 of 52, columns 0 to 33 of 34]
0.8764395298088122,1.2186412688011845,1.9208961112914427,3.839885487825678,6.671201287063418,6.590195935836088,7.719638978879022,9.122903976314475,8.540325271078922,4.133548404837742,2.943491455382753,5.420861170710532,7.165661481103195,8.84638700193255,8.93870041279118,4.328104611146209,0.01575735747985695,-0.45640760896575666,-1.6318542566478187,-1.4731027115455222,-2.1760200687074134,0.36671999003165057,-4.6421749479080034,-2.494676631979214,-2.822430871216139,-1.9003567314849534,-1.0192578865622293,-0.3718806272063061,0.17250586311035995,-4.013322221979603,-2.493561337935379,-2.141823238066465,-0.8911922793600288,-0.10655573206822583
-0.5589987155012318,0.8688106375715681,1.6597130850200201,3.5970702413607243,5.894903491456404,7.681773681385805,8.044125645103822,9.174437180820817,10.160147219525115,9.127938153784127,1.629584083746929,3.858964336488895,7.706824787170591,9.608937252688094,4.846466762245692,4.045660244638777,2.4240329959473454,0.414340934317722,1.917999838706087,3.8834964866659103,-0.6530599905374913,-2.5714038693102266,0.8892359482102259,-3.9004797471867305,-2.0117737096774992,-1.9101938593251346,-0.5130665854474534,-1.4895774858292778,0.21140589868689053,2.2931209563641954,-0.6898533338156452,-1.630016623350761,-1.31296558048567,0.27115952339787397
2.4190120457882798,4.7883951206642195,1.3335557881796012,2.589547984305573,5.3461509939136835,7.875236957520659,9.567246349429043,9.965440860630123,10.597623202203494,13.747634725750437,8.724861375117362,2.2201219786200923,6.18664087058609,6.114195860555702,4.539067293767552,2.069216597610378,2.704104099994943,0.7926172440244706,2.4847198734457505,-0.9428907967522059,4.41188119208088,0.4214047387489248,-5.818653049364834,-2.6563977827475234,-1.3261085385367035,-1.352269819766448,-1.4245182972590196,-0.046913559745398965,-0.4370954135270503,1.2683656851077247,1.2105281521379923,-0.25770265297115336,-1.121045767479116,-1.011518750083431
8.454234205549545,6.247225535310477,9.001325879082618,5.675369642779644,5.390467851770503,7.255077208199341,10.620332651090383,11.455607175925651,9.205950730222112,11.7140793043317,12.128389820060077,7.3298164711483125,6.091309220636113,7.767417441432568,1.8918516028903904,3.914995964746796,1.7710754447887846,1.8812728882199559,3.095686237788799,2.5142440094859793,0.029096950392542693,-2.507679032028991,-2.3905337398420548,-0.4252678715208207,-1.885108433624436,-1.9381588459018513,-0.29834374687129506,-0.6601113061315852,-0.6797767756261448,0.7171162888732118,-0.06910950423960033,2.323527486031237,0.10185806585177762,-0.45486725557087854
8.221732462440968,7.972369380293364,7.062654345706844,8.36995004950991,4.707252892749002,9.481177542285502,8.19693148725144,10.869743107452203,10.582461856607942,11.415773564063004,12.399999657971748,10.701257597603314,7.740889789572491,7.211403865659529,-0.1880334174331565,3.158558152231461,5.372085611730447,1.1856016346956788,2.153113173405485,6.2226910896430985,3.0423151617797215,4.518810480822596,-2.533130536484533,-0.13447773978517108,0.7266326501698729,-0.22906674466184135,-1.337050881501434,-2.012715904305018,-0.07007628827688842,-0.15163308542646353,-0.6935347775718611,0.4899234524070663,1.0637443416454273,0.27262958746164107
10.764885762236224,11.520502648501372,9.10635435683043,7.709462070235948,6.480096466036712,8.728587478283309,8.56676902725356,12.0959068571065,11.737382421945325,9.775236113199322,11.572395652038056,8.312386589036116,5.634401879761357,7.436663464822914,1.2093057964418685,2.439131072175579,3.874921686968828,3.6788545741578216,4.274510292182397,-1.6901153734034235,-0.8700558381693333,-3.360776154533739,2.1923476449236334,0.1353357127882353,0.26660597339804226,0.7453784274832226,0.19207207311258095,-1.8328106796225307,-1.0178462122165504,-1.0064717895836488,-0.2726080493234883,-1.1968523687053205,1.4118120997350012,1.296971829928253
11.584273458825281,11.874332855390836,11.486690783114103,9.862810678973876,9.838999927462671,10.199136370709004,11.343940776808873,10.426782822129995,11.71510812158366,13.473006469334742,8.61835696517559,6.198039452802179,3.7784446560121094,6.36606584667056,-1.1538835812394637,0.7324664668255855,1.86010025909012,4.157603985277767,5.105983638961325,5.500086620860462,5.903072932705659,1.2353724052447335,-3.8377941182469457,-0.7849381281647916,1.805105720065144,0.48726916588171265,2.546981731080284,-1.2217962755805887,-0.5952967108410724,-0.3582509376100212,-2.2535635653818162,-0.10464284643164694,2.6582930364821618,3.81528774132313
11.094521213158227,12.59214476159248,10.853076867202434,9.815694100747754,10.090887044972199,10.400363376748452,14.437382761435636,8.164166993510076,10.729188877270277,12.217726931884966,6.104187056727333,0.7031120618823421,2.490911559805842,8.721164601244935,0.5322783594483863,3.3560038632408187,-1.640209809826304,4.15401798463371,3.952565627335525,6.695427210241861,5.144798554546176,5.565225160060359,1.6856704475589157,-0.6112921176793813,0.09999457058789707,-0.7373577024307743,-0.5471493800857389,2.8138210362348346,-1.2216992718083672,-1.498028159580665,0.28689064756872695,0.36597773383063137,4.054009923743406,4.758366795068132
11.446207947595694,12.257765353871829,11.983201782676096,12.014660543909795,8.495381080266272,8.203737914740987,15.728236034956572,12.670286913856291,7.413164203179947,6.800406071034979,3.4857922747387984,3.00243776706798,6.017546352729912,4.211306882179082,7.130085410462359,1.7480888843289915,-3.1144178079758293,6.2992680705019595,3.874420878276969,5.739629974419519,9.004497394886982,5.075782756167957,7.614840823193647,0.1827776103357346,1.2505752139729716,0.21263985541111902,0.2448546969175399,-0.45203740763579314,0.6456486707834236,-0.9489149355833143,-0.8310915653044827,3.422796565656617,5.011398862155274,5.190524611166371
12.201008149270399,12.290362237078753,12.272334536897272,13.591917876184096,12.719575133963186,12.203388870448983,13.951050709446925,8.516161403391726,4.585064249143422,4.414318054392713,-1.3933207852115916,-1.0167412563657348,9.855117509847496,6.488517374513482,-0.4672111222351459,7.605125579429413,5.1919719477935375,0.5221708707351276,3.5960595637409525,3.9253654270418075,4.8499645012301205,4.437509374573723,3.3927619788684638,1.667901427240976,0.709487866401555,1.1123309859143307,0.6011298217887723,0.7643038742178452,-1.2307834470560843,0.2522021958454952,2.0284482673841295,5.048855559276184,4.460205048945009,6.3369240146265735
11.502395178511227,12.01090222175094,12.811222655533944,12.443236990006893,12.996340644713714,11.354113858324219,10.164208374799784,2.8450760058047857,5.579831404042187,0.5929058497449068,8.328098034681814,-2.4239961789359614,7.7534486991995815,10.225345180107562,8.082346014868852,-0.8405551205510995,4.088362125817126,2.9277832139444064,2.137713148728598,5.757671051262634,5.653793033586051,-0.03243944615073495,6.177276544450826,0.9205663202339708,0.494049336047283,2.489224029023127,-0.1571484209862665,0.30577333309949506,-1.4477469751119787,-0.7040415228426132,3.8039152484351764,6.232139616292571,6.254253624286343,8.402665419617282
10.803419857398051,11.117819061929415,11.873949564563953,11.304187703904443,10.07362926467834,7.917681239646436,1.6554160012085395,0.8098316582235098,-2.9115526509667684,4.760771997968234,7.31616057664855,6.552827880092198,2.6463512735107786,9.862830143604356,4.8798883378887075,-0.7061838637171026,-1.2168370827599844,4.5077959783360555,4.379388847248415,2.3262764808545096,5.71632353922244,2.6482546902732547,0.6037181160388356,4.588027781258495,0.9301624851896385,-0.678524982429591,0.44832472384869737,2.371057547528792,0.49103828669978566,0.8454913747862387,3.9307804364521814,6.634705297955123,7.270609850087123,7.74438687741475
10.766413691286225,10.304058976232044,11.08947626839834,10.724207710787123,10.299259847972964,5.797533488680956,3.477925696271688,2.3514095663039307,2.560453043087485,8.758498736143293,6.4446722471838385,7.0990372352514095,2.221399314905719,1.956085636292802,1.1631434528577942,5.624001812105688,-2.14085337073558,7.155079136376765,3.7248723493621245,-0.25710250806043433,0.7937896036134715,6.7234562783722085,5.581506133379589,1.485827478620186,2.1393766288308624,-0.03133733328244339,-0.677831623036389,0.6232591797784799,-1.2830387843149031,2.2254940236854224,3.8465584791281104,5.470231217253199,6.5691333387039705,4.170444195949569
9.316262947455003,8.849788252111232,9.136659956177027,9.015611727558145,7.073590273658257,9.975657817328539,13.617153715500903,0.29501007768704846,8.453173779748179,8.428225211147527,10.355546469375106,9.828844168686926,-0.4174131764358521,-2.1606110789760224,0.7202236084347257,5.682481740689723,0.6641763275282243,3.2841477825714693,1.5162655264700966,4.1717162733852415,0.4020221073575331,3.146072794617977,6.632720619409062,4.170923643859691,1.386160557442598,5.020042462500147,-0.3929261013023305,2.7640733822824477,-0.5589669129582723,1.8600624521883125,4.525396514238588,5.108453494514187,7.418325922462243,5.662215601805592
9.291270837066914,8.7724799890617,7.967062332929683,7.690074719500203,6.185662927787898,5.522365042684411,5.281332200994013,10.0283058387967,4.277443246262277,9.822304658920771,5.414618248607978,7.8195792736775,6.595707288132385,3.657190451721635,3.5773953542167645,3.6758285758979654,-1.9941725475622618,1.337626236424364,1.108267206808903,0.13368317458401743,2.1032672990584795,-0.21891821904735187,1.3031330569454311,3.9571920631906643,1.3822448861405419,2.7267418968665713,-0.39788409417873877,0.6817268359773078,0.674969355526333,1.8213419736324974,4.002871048504233,5.058430957559254,8.134606138998072,4.229919330723634
9.286102011113256,9.20168564752677,7.548575430351376,7.234968266058018,5.300092700888909,5.8707718214259375,7.872863329377269,7.784868863604871,6.021591879692063,5.832766028748955,10.484184778402913,8.983497383229688,-2.3931216026579394,4.293488226169314,0.3189699468588072,1.7159742213177174,3.445833527007089,-0.9469236176902736,-0.16957556246044483,0.9326459061105219,5.310583853444228,0.8970133073476196,-1.2998936355315243,3.197875908897185,2.529511515753551,1.5053050801000434,4.522310017200242,1.0815037696077678,1.9896883206159786,3.170335595520392,2.514854693240553,4.270076949516587,6.917032857533292,2.5323986411216857
8.770770754858999,8.751795239810424,8.115451214392978,6.934052499526132,3.086102602299129,4.392733262929777,10.798169158941961,9.03920553243668,0.04474455441537943,9.821728665888957,15.065201558789884,9.529750794968994,3.3267903051710963,-1.2587167122057867,-1.2928437184186967,-3.8503376039467745,1.0463701200828932,-0.21057236159364967,1.3779751443098938,1.4452016400863608,2.5216463707654775,4.627786134406192,2.324718447088549,0.12093602289998262,2.625417532557475,1.8614389412612289,3.558817874554486,3.287040112437861,3.057194055182062,3.5985489336380456,2.7735082256176016,3.786484874103332,5.8253662107195465,2.953048803223187
9.051362669788437,8.576600785060615,8.495860776365914,7.479442252774026,3.276046599429178,2.697335270006284,6.075375214336445,2.5915953159813876,12.562152898729837,16.786934719217733,13.759909332393361,9.676390515499989,-1.254086870826138,4.576779741583769,1.0723925443224964,3.76297681661907,-1.3364635763065096,3.2204241668458593,1.3586759170611944,1.8301794196202346,0.8001141949037798,2.619043909252802,3.9928054873398775,4.205518976664347,0.6380269581449274,-0.2644446793117754,2.03509250021675,3.0338829612710163,3.3743799606825013,4.322033565216203,3.5213960179560115,3.7204701756796386,5.13155735914981,2.9160989455106843
8.446794724978467,8.281579649286057,8.080742851384946,7.24845635617704,4.332263565048878,1.6001965598408001,11.225196104511447,6.136142092817849,7.027355109964678,11.107418155159175,10.977859188402075,6.07355719894218,5.808128090166767,0.3274318808270702,1.438608380805946,1.3251347879971662,1.533334218028069,2.3779955975289524,-0.5172626178289633,1.9318259049368995,1.2368316488209965,3.8765700734027395,3.831090039202777,1.8242774439994212,3.175617499196442,1.4934826009430366,1.558341633444535,3.656281714702307,3.28349540896901,2.686935004806787,3.1035277544363065,3.1199366146720253,4.769542368785788,2.9414325902169924
8.353795094940317,8.06334957551404,8.0766186453,6.775228242982792,4.318782907179876,3.5434879627152873,1.0005146339633693,12.710052866998385,13.545699142589147,14.129598302553651,12.081039014713442,12.681936574318527,2.112776712621959,4.99069144669619,-2.3804486332872155,2.1769519647443283,2.874455774542928,2.68215261538396,1.6363581059463383,2.3841301487304505,0.5419385762442414,1.381891178968123,4.381884819718315,2.9694937576038187,2.6306468165350076,1.761582964518311,1.8831333148168603,3.198980506354038,3.059683173325863,1.416025669243526,1.7412964028373175,2.361818666702527,5.131337633126302,2.523730614294966
8.231152877857072,8.506612309376719,7.833663096840564,6.790985794201225,5.030764165287364,2.3974933826681064,-0.23174573612844718,10.018903726790569,10.901630146364772,13.542863391152977,11.548139424869502,12.462136446535641,5.989438522628004,-1.0248602561877873,2.3292450447030677,0.46858817561029986,3.846420118597518,1.307754023618728,3.7335249007836206,1.6011607300818593,0.5855958457610894,1.7281686602132,3.2775884444420904,4.531532967297563,4.633136309463747,3.1136608694370684,3.784266990689735,3.2748195184235356,2.016517965344173,1.6588297610327716,1.6034337137762469,1.8322963619439407,6.540318976876271,6.960597751045769
9.140115525252138,8.634633585835454,8.129054000443858,7.078523932438861,4.862269420263055,3.4255327808329548,1.5373745438484565,2.7551937283127343,8.86281370493829,7.479625285848426,5.364075732205421,7.9931769414207565,0.822589044668997,3.3730289838715093,-3.1001400749766552,1.1993869151108898,2.4464093973227556,2.972466844522309,4.670208815086447,-0.33244927793827916,1.7938161972595474,0.8769800423228715,4.135873540087182,4.497734244222183,4.104494892090336,2.353284071782559,2.1658135074531413,2.0569994632240225,0.8335228851759294,1.6864386875660904,1.950127174716699,2.1845316923471447,4.313987197858312,6.311229035863778
8.1346283717689,8.757654132186273,8.598041394520239,7.776549093360691,6.403852753251754,2.3004596042209045,1.8652298874347413,5.250371946144359,14.03445675450476,9.177883396454348,0.6632912551880928,5.220521473060265,5.464242737681482,4.054087199054675,1.2202253449433842,0.43822172945651133,3.478259815382039,3.522871815148077,4.3057713113625935,3.0268983988898768,1.8025346645906553,1.8066244351850174,3.125037324606301,4.171674603865757,2.3904530139997857,2.4041969427740404,2.1504464953988482,1.5672135887872218,0.9804018771332538,2.127077816697166,2.303987371325659,3.5154812381121574,6.202476473029865,6.971357756709813
7.895929693438397,8.583558980460571,8.747646459007262,8.046616027707143,6.295587764955027,3.6836518487212144,3.5835833923860947,4.407952787486368,8.769840329248971,3.898359400869622,1.9754649637590782,-1.4197340415943458,3.9585821626247544,1.8354421490376072,2.649853448765491,4.417757018854259,5.252643689493674,4.168818050374146,3.2959693764216715,3.592111572186301,3.8371294279480943,4.955872031846449,4.042532519122163,2.3493652477451397,2.421266995102559,3.3314201877026792,2.643093499515423,0.98414975353777,1.3031085654894417,2.456746765393359,3.0353046225414366,4.931114348758036,8.569147264706995,6.4942456891355365
7.694590464796837,8.099694064972862,8.122484786254097,7.59356745180612,6.224617626414163,3.676440004957714,1.6252696923790666,6.776826593508686,8.450285217855589,5.136604743676229,6.517052257804108,0.9254286963651853,1.6717215125203093,2.6775982791083646,5.376502246876577,6.7867985737788095,6.5888956743473095,4.730129635848266,3.780331359443386,3.300405002457749,4.527692446433437,4.740993775506376,2.2255495027393875,3.965916907951094,3.524148691745122,2.080865328541958,1.5079392333388173,-0.36614116573919275,0.7791135964762195,2.2678664358782172,4.197952565944386,8.879877907241955,9.043973805993954,6.1785663720809785
