script/wind250m.json
{"header": {"parameterCategory": 2, "parameterNumber": 3, "lo1": 3.000054539987559, "la1": 64.9999836372058, "dx": 0.5, "dy": 0.25, "nx": 34, "ny": 52, "refTime": "2025-12-13T12:00:00.000Z"}, "data":
[rows 25 to 49 of 52, columns 0 to 33 of 34]
8.2862690031408,7.433301737861181,6.223531208473144,5.760785034233693,5.030941085898569,5.2485207651399515,4.828844858498056,3.2895240875263108,2.928769868715307,-1.3846585015906718,-1.20341932764464,0.2798848431524266,-1.4727220705497928,-1.9597783323772353,-1.1715793262645682,-1.813568815102768,1.2363593239401773,3.9945662536188857,5.81033761520577,5.466892931274634,7.198335192961927,6.899446009794785,2.9482491026544824,5.489157220639264,7.374337754727089,5.973628241781246,6.78920781811791,5.535742591363725,5.843634685544062,13.355201765811358,14.3197965994088,15.256948900112938,15.880930930729274,15.031579422203222
8.158033897554455,7.059066751610016,5.72788336291016,5.535392940348772,4.381447651877991,3.614048223305084,3.985334379235893,2.189054437473741,2.5515443942962976,0.23581487396850925,-2.082437615311916,-0.9091742937745549,0.3219270335119634,-2.3075150020360677,-2.007902212930984,-4.104218160260511,-1.5888640840519603,3.73394488477067,6.967533505511306,6.293656743473909,7.237509012780464,6.146684846787998,6.798792753019693,4.48062868564017,6.592072160242279,5.243367677273675,6.3529196876640235,5.195395771032714,6.883827652435012,8.126788818266437,14.120347110735102,14.407777075844445,15.781237340937652,15.199220441978877
7.900769910870262,6.833941053173356,5.502452760216376,4.887684465956086,3.6890343070452785,3.8540984755300496,2.6396525249970657,2.2708882049903516,0.17573190393195923,0.8773969749558452,0.6045082452863101,1.3978047264070679,-0.015773332356371125,-1.6299607793225188,-2.493196478799171,-3.8448864700728715,-2.9526041843631097,0.8727664448011447,6.6709984826239825,6.492759809117057,7.605502884479073,6.751079815888624,5.877369348260739,8.321732714852395,5.96690849952926,4.597691420611192,5.578830813881314,5.102150095799988,6.996322423187296,9.189277805261344,12.480982138540702,13.011336965314799,15.486627801697642,15.380047578821737
8.340678217958901,6.61625459792484,5.196477508260517,3.9174848530964272,4.127546842761102,2.963883865666389,2.5009302513110114,2.5401724856039922,-0.669305284541017,0.11881377489544315,0.08493506380893572,0.06257169824199678,0.4559883237030826,-1.512269656229775,-3.429900230546101,-3.160024220392643,-3.0052095234744494,-0.4637687480190222,4.974219145645376,8.833600695343137,7.865554018589459,8.083861797509936,6.969388004731391,7.6346663761903,6.369451963223343,4.749651350201143,5.094888498084754,6.075378118507829,7.3702621339915275,8.385616356929967,10.668052351111747,11.197688664412263,13.22182846970152,14.537745382995627
8.19031290181687,7.109848562018521,5.592513337091955,4.412161607238172,3.715974791138269,2.4840019183962223,2.459255877133168,2.0177170183727657,1.0051602351394424,0.6135565967458966,0.22129276861573022,0.0015718442261810869,-0.8751060323247742,-2.1385908455777063,-3.9610148704676735,-4.501142372866452,-3.6431396806040954,-2.7470337229948574,2.8741534430011955,6.837670586178886,8.142992626329159,7.834688704778252,6.195779252461863,7.3647855277804615,6.051118748117673,5.318502949783999,5.422500189378392,5.536867044285317,7.208275759945655,7.475302266679202,5.507941560356547,9.233049050190631,16.514158888705097,15.762658520613991
8.291122070664274,6.691856009451971,5.5272663536304165,4.48005878747107,3.414225712094594,2.314897359356465,1.919052359555955,1.1426988155431566,0.6643185285454862,0.7251059602248714,-1.6517518487801297,0.1224687399245253,-1.246603417206109,-2.518423046060468,-3.1313351412998753,-3.300344494338187,-4.684536934600585,-4.811021292923599,-0.6893641756783175,5.729613710611141,7.033366103883149,7.42382270557052,6.6261461146657314,7.342167088518519,6.419881837094703,4.41624540974048,4.777838307978905,5.31662539911527,6.579868279678916,6.934316413530156,5.034763925238947,9.151915482367121,16.16730130306935,15.842181692743804
7.569464738027528,6.391198963261402,4.703340941438022,3.5431300715547347,2.4739627328489444,3.1720656506893117,1.4289889110822704,1.0313594677598428,0.21210183983379724,0.878840669104424,-0.982522583578399,-0.861361969100964,-0.7669228430656198,-2.2102390960457963,-2.272360443682373,-3.0357859150666764,-3.802893862458299,-4.1796759681351485,-4.992384179685397,3.6812242947952485,5.774035945388156,5.01173109514031,6.868912559026183,6.2178693310799,6.073860798603571,4.56106575615796,4.36632266020849,5.390244884968606,6.712591560403625,5.923629893350767,6.579588316989669,8.698171336514447,13.995931485007494,14.813968341771798
6.905806148612206,5.925617381513639,4.250871153540296,3.7848526476744953,3.240356327423299,4.088991822387504,2.6601631486881643,1.1922693084553264,0.3974910359322155,-0.8868937499297049,-0.11578380758872481,-1.1602399484661086,-2.1061086095149433,-1.529463574685485,-2.4953439114960787,-3.3433737826158816,-4.3565747487625055,-4.994808815804473,-3.7062352190546783,1.4955472850057918,6.438208426694942,7.4749068236424145,8.117646310770047,6.186045913842723,6.284758091938435,5.77315636048526,5.06802383501569,5.626214630292468,6.657757599416868,6.577002302561012,5.892202924466738,5.897543896316463,11.255156238835875,14.14596949294641
6.7517267587777186,5.723133240785023,4.624011454231156,3.844569845759861,4.460940039168233,3.6243041028986656,2.6597112528139597,0.9220002540498624,-0.45249873755009284,-0.41538980677286874,-0.8630422039740777,-0.9892180418214042,-1.7178169964487027,-2.9655881222989158,-3.1783031620115247,-4.428205652518542,-5.19514884933201,-5.385165212777827,-3.5193845999829962,-0.29070445161270225,6.6954936591779655,5.897935165432338,6.900287592782347,5.488157958817222,6.246152049590526,5.442865398229814,4.50873141246542,6.863657627878099,7.227431026934849,7.043870381126945,6.403213333236371,5.544632635967355,7.717525371780944,14.371657000800308
5.917159617596312,4.7365218885452895,4.416617489535825,3.806696168475951,4.036085801247823,2.843740558913271,2.301964200109691,0.735943332057554,-0.25700523970471806,-0.5126724460332974,-0.9958431479321392,-1.290735216530212,-1.7877507660432368,-3.8126048478849888,-3.659953915620404,-3.547691692274924,-5.017866052294906,-5.24642333653234,-3.5507067097358225,1.4228338078501888,4.567618823036998,4.573538736097964,5.76519920022946,6.420324637485992,6.691606091400709,6.049989355864267,3.719241116237322,5.933003301572846,6.653044026537104,7.601752274305944,6.735708065361082,5.937459638837698,8.886198812722231,13.7464794312049
5.434126018197415,4.959356816806538,4.461164006011656,3.982603703480332,3.329390954041125,2.256590075971592,2.0121096513647125,0.6200093751763381,-0.7958867916300493,-1.669345761847264,-1.6103871909249903,-2.002457537621079,-2.9895990382626114,-3.224488184355694,-4.255964122281422,-4.697155607632914,-4.771798593164029,-5.144142965761577,-4.895396880006279,3.7471510044328324,3.5676266229657445,3.6020726330546524,4.81871631843735,5.492702343641142,6.056037072002834,6.084562741033717,5.164664394047661,5.833583786431299,5.9548373571609785,7.99142233142693,6.714697059544732,5.028026638388545,7.593163610815547,12.531243367912213
5.192957302676201,4.92811382736512,4.771852781974035,3.918290121462844,2.8894136577989484,2.1843874707545847,1.0599781768387542,0.5926078810620798,-0.9871031259760114,-1.6818878709168252,-1.3473480438868313,-2.8386303536796866,-2.930451179954386,-3.237396665956099,-3.7861068470757946,-4.821005037085026,-5.708064969028194,-4.558028128346398,-1.093229186543341,2.396500777845762,3.267621126132314,3.4186141574096722,4.072870445665529,4.234068281955593,6.930619822187137,6.138911498066335,6.381364312807839,5.9153437091128,5.977684731395711,7.559436025234863,6.393185818267447,4.861723664224466,5.431587760462425,10.72768357297379
5.34976928759655,4.8913151994104656,3.9968935515115094,3.0116508549743846,1.771034066875439,0.9352061387145811,0.5168441428505735,-0.10235542700658659,-0.4005056596810124,-1.3947022062679293,-1.7872043167401617,-2.9305757542767736,-3.339070335104596,-3.9320152100116754,-3.942283514482299,-5.186583084536334,-6.223179183682644,-2.8709973912348214,1.6242825658963604,2.419063224842452,4.615304529245688,3.5244232460095333,3.379697027197899,3.879602225923065,6.1238475348832475,5.153055364095356,6.2915860970141075,6.819570116032094,6.276925544758132,7.00674255658438,6.16033259584922,5.336709395897061,5.479282958769622,5.18149377595361
5.345346962354478,4.574467626247677,3.478703417577228,2.3708243141409753,1.4555967560976721,0.8112591723109129,0.2741882214622537,-0.7999690991952206,-0.511969174632137,-1.260868191042229,-1.8995704621581122,-2.781045367567391,-3.7992972883660974,-4.034480727942169,-4.339472801815208,-4.426990875447856,-5.002900891574075,-0.07948862427304532,1.9820232612936026,3.6803526703314664,4.749090175152327,3.8048123018266176,3.6780000580721577,3.876212168117087,4.648913777250485,4.144043008113672,6.184939926661302,7.212014442348287,6.791183955913073,7.449665127338472,6.618254716136548,5.062141744958715,6.185856648050837,4.371495812889
5.253920716669147,3.806878558663214,2.606222655646386,2.010874984434235,2.0878778760490047,1.2394976095926773,0.21176809387077442,-0.04771469308742724,-0.3988405562496838,-1.1910454768715946,-1.8945864950549964,-3.5745682710759845,-3.967447139965517,-3.3082014195095697,-4.800461816410385,-4.382393953383758,-3.5499138344579504,0.4609177096061165,2.978090179513609,4.03096355024562,4.654205236507727,4.741844829182997,4.126804772736986,2.2172421386065353,4.3369552130604205,3.842455175626427,5.42268752496993,7.3035395919850625,7.255758793627824,7.011280883261841,6.261937374547655,5.442815621859584,5.350574411884594,5.061417319643657
3.5515031030521746,2.8500197099232816,2.7203999296812733,1.805713410681527,1.1741335418690806,0.5938214200130815,0.017037875100388893,0.6175922433868353,0.3590528717087221,-0.6252965073322615,-1.4163604093689557,-2.7222875930014214,-3.2070262399214102,-3.4876828157642588,-4.203972810495225,-5.2658326068128805,-2.8578879425830803,1.4963531271390187,3.9785965231025227,3.9889459846999946,4.016065973278469,6.040523339106623,2.960974132268924,0.9922419772697681,2.718861807858681,4.366846382713883,4.493076128973116,7.336649261168786,7.255741830572021,6.646525042759872,5.179030112306179,5.188146917323452,5.774394937719209,6.550508081558659
3.373030296685305,2.8931392503817603,1.6549258474758428,0.31964882086778484,0.3119618807343486,0.46957227457367134,0.650965305719613,0.7876966255196033,0.027421976221436297,-0.45020536168975633,-1.4779874002504436,-2.1562696332010494,-2.606695321013774,-3.542792340932821,-4.12916333040927,-5.944189166079337,-1.5087240698915747,2.650206592369902,3.1721373810567335,3.979586350479376,5.125215916229628,5.553463735272222,2.6237882838107267,0.7415767721760893,0.9507438121157932,4.36891511872708,5.292742519659936,7.693074131108054,7.3596237424504505,6.301868861301918,5.085887432671306,4.324544786496486,6.0394341364357125,6.827808751520793
3.3209054411971746,2.4718525742179427,2.9488953445167216,1.6977298377358234,1.788427414534841,1.4926998146827706,0.8504755805046396,0.4048860427604832,-0.07781331559105396,-0.03178914540087794,-1.1148435105886345,-2.246875837274477,-3.721771952140413,-3.256395369899175,-2.399518221638933,-2.863771217468672,1.681152360067944,3.6271501560264654,4.266150523753016,4.809035429573475,4.439633402747088,4.429348211960689,1.2568934571807977,1.7805682871087134,0.06385494831203924,4.330921601374765,5.973042800118258,7.033024718347656,6.356425196297684,6.426125789981815,5.0938492880149715,4.017265795785319,6.489135346993159,7.080920058541317
2.4432878907572517,3.097939345587041,3.215444235472778,2.932995110753877,1.8948662860070693,1.595079290249024,1.084775074365024,0.4828082596443682,-0.17181717517307557,-0.20108437553349953,-1.4173820601590397,-2.5178880768045486,-2.6852344474486705,-3.6525815021993995,-3.0794192603171036,-0.0617474588029235,2.534403350429284,4.451135680989952,5.284917850093165,4.084917254566468,4.5694602336279795,4.117934738035779,1.6889399899718998,2.4343504609456166,1.7193080484545735,4.754771164016076,5.578285812518583,6.35350603708638,5.837499945000427,5.531024217390156,4.608274676293202,3.8604850159810855,5.809196016554487,8.07840232333592
2.7136681436268617,2.8512051560766376,2.387348906997252,1.6594450122698305,1.062328670661202,1.8019005945006448,1.138592601560759,0.16826732397599023,-0.20214188912510156,-1.0501375448522483,-2.0747582983506656,-2.096736280216325,-3.5666092919888173,-3.6762599933327698,-2.7686634283283897,0.9752819598969212,3.693323745327282,4.989493559351103,3.541728852809029,3.2129914670369923,4.572630957716053,4.425883064861288,3.981478989465786,2.0545411517413057,4.049548387343479,4.602925105398638,5.038225438466332,5.7972217816354,5.7278082235232715,5.159170827597906,5.238429840170041,5.662598948506846,5.050574547911231,5.887428878759354
2.2151864967383506,2.4142345280594153,2.8915035166919347,2.608613194231567,1.9596554763507703,1.7504199502263698,0.7722020120162937,-0.43902896636118016,-1.3218526245086322,-1.2709998783928758,-3.047513448728333,-4.269995381294707,-2.493019569670636,-3.8206809432371127,-1.4705139979040247,1.8228904448251386,3.5256242546926075,4.168724087083615,3.4511773060189115,3.6118887933139963,3.930064334343221,5.273402840967712,4.492386783409591,2.6425902691955394,2.215674735112805,3.9358498485990903,5.100354163679332,5.317402156052793,4.803495023722434,5.268342838471049,5.387943657581481,5.609353138377873,4.490155811686879,6.08631487821811
1.2457752011972816,1.9775387230278776,3.373768165817199,2.606329604066444,2.75783619532234,1.8038538492682161,-0.9156683673100632,-1.9567756567607746,-2.009744911517553,-1.0021871530533477,-1.270180927984055,-2.0842857982731213,-2.8274661301443524,-2.840950755236296,-0.0014004389691700495,1.8004742604579262,2.9721516638908323,3.10793172798381,3.66418888995587,3.41932029849161,5.450101882248845,5.2043868673820555,3.1662189359589266,2.6693285665130615,3.4241009816646355,4.699249750585237,5.0312420670122595,5.536439346161612,5.052173745968518,4.9955958086538095,4.5898850076720095,4.688933887027229,3.8791238321311488,5.016933069084578
0.8505642904618856,1.7263181859257863,2.322465465686504,2.228401046400627,2.238124153415037,1.6186371528376864,0.808418593158913,-0.0590309482353438,0.4298074795969368,-0.9444844685930426,-1.53011540522153,-1.5243356573409776,-2.0487540705550162,-1.2504637103781882,2.2053285916097227,2.4078228661267422,2.9503351627801586,3.825953794899627,3.553589647659814,4.254963715849183,4.415483861835622,4.432015819819175,3.0639904249258563,3.772852496408279,4.133534398415835,4.776156813885742,5.1495910740185975,4.6258300893115925,4.7772470920607555,5.040024387882964,4.632839872722984,5.041029793601297,4.250000335609337,5.221268049793195
0.26050000074944946,0.9596970584302529,1.131029622552463,1.525434608836603,1.5021633875115035,-0.0209216761051087,0.9506158361129126,0.13529838273629238,-1.2024778413707513,-0.7299798185866246,-1.0965217715468714,-0.873422598734475,0.16604888192273337,1.535046319823649,1.5282684989014448,2.5244935729285243,3.134166066352397,4.181791251556154,3.512438405864558,4.096060330618249,5.961163476833041,4.030240328726408,3.273274693326351,3.8193829395519665,4.1653497487558395,4.1711341657524725,5.000909624213329,4.254156384575758,4.256482084428571,4.555436052623728,4.038558229028471,3.3526530562419663,4.090345934896721,4.646150820663871
-0.09648697030387178,-0.12618065753048913,-0.3204106732186375,1.3611791077625615,1.3213778230397912,-0.004035966243958139,-0.08035687919543837,-1.0604287481051886,-1.3709942729627345,-0.8105885045409299,-0.12939537388010852,0.43000147950514794,0.8758118268344067,1.123294429135544,1.8340274777425634,2.9045341183403317,3.827754368812518,2.872567047624015,3.9767538894722,4.619377321586883,1.0013608361754691,-0.3513122790193366,0.3918509183689735,3.3258556209626424,3.4087589053164056,3.9992536553334164,3.8434649110465653,3.1750497987001696,3.5066794639932373,3.12121625313949,3.233483468515873,2.5895020399793887,3.676476235707842,4.204469473865117
