script/wind10m.json
{"header": {"parameterCategory": 2, "parameterNumber": 2, "lo1": 3.000054539987559, "la1": 64.9999836372058, "dx": 0.5, "dy": 0.25, "nx": 34, "ny": 52, "refTime": "2025-02-21T05:00:00.000Z"}, "data":
[rows 0 to 23 of 52, columns 0 to 33 of 34]
5.663520952360296,6.257391594398772,7.2655088448757,7.363453181490611,7.796370160456529,8.743280252801929,8.458895922781782,9.309474656777052,9.415281015825094,9.394200321943567,7.926565705255653,5.972925613039349,3.0010843227297563,0.42342490190581467,0.4957513284171268,-1.3357402454643452,-1.5334005671459383,-3.201334091563151,-3.0113555221067543,-3.197207653696945,-3.2318332308095137,1.2707466371425697,-0.9739482146961801,-2.4430933153445773,-0.961053205022749,-1.3209183168936909,-0.7806309454412597,0.44711222835613906,0.2792703420168909,-1.7413788997037163,-0.9415387714312893,-1.6936770607850675,-0.675652036637944,0.6933192932244695
5.72868934113293,5.271061532302606,5.33432174844835,6.89205248137663,6.484145482258181,7.674734650020945,9.135505616876634,10.642143506019728,10.78731861963726,10.211664938435709,9.802919577252037,8.165636862409798,4.459332254547509,1.2202917304547478,-0.2462739806767381,-1.5370125800329761,-4.2540912049165245,-1.0210297951013863,-3.457667301620595,1.5042118925499708,-1.698522531918011,-1.6234089093170012,-0.17936467360453748,-2.861530549202258,0.5031882743659336,-0.8290739773576451,0.5758510390140998,-2.3518539355220236,-0.7041170581021534,0.8847072199186562,-1.0807063240581538,-1.2985448814152365,-1.6207966866624228,1.185826572801939
4.479241655686095,4.392787504051923,4.702658162971078,4.751723523933266,6.967455871638104,8.651100449513462,8.021589603191352,10.948924029714096,11.405237805415123,11.266052088163121,10.385319090169071,9.692447903011931,5.1634021051078465,2.216786643730414,-0.16843067030876488,-0.9327633503354832,0.498460792958684,-1.7011270035587738,-0.2839376882959638,-2.5805671393716887,-0.9106795402626467,0.7862294563598369,-4.385510741356285,0.6032624894398336,-1.0944080382374644,1.0593659651996532,-1.7445928452472663,-0.5053571013460187,-1.0980805120728732,0.8278496322056748,0.9091865170334501,0.45406547970240085,-0.18864038008055406,0.6748649487925724
4.620603913287183,4.684287325687543,5.6204869533388315,3.535573911304806,5.4840392938207945,6.736467061462555,8.073846190735553,10.806306157586741,11.16886139441131,11.417604056665722,11.009562776804797,9.537950242409128,6.395055969641411,1.7527143355253554,1.0223891490203305,2.403916946435197,-2.21483056381935,-0.32228553620279815,-1.0738217602780213,-0.08211626707701034,-0.6653834499535242,-4.203843019814214,-2.6040088883956622,0.2596701896369803,-2.408436229912049,-1.9503500262423759,-1.0670403965403605,-0.6412802957585295,-1.2569490844009505,-0.14431635057984887,1.0159091600405028,1.0069011586097205,0.797976769247244,-0.21824893223909447
5.884503602229632,6.007061057956878,3.6001153890863766,3.3764362877038163,5.067117800830432,6.189358839317478,7.541866764272463,10.384761093854292,10.93726394255058,10.501617554338038,10.771867376092942,7.033649636866078,0.5752493249285977,-1.7956900314629178,-2.717685834151889,-0.6577618999880102,0.7281131307132594,-0.9432153539192051,-0.45145580076916697,2.558796242210351,-1.1597780201084311,5.080023419753808,-0.39585312776110787,0.46199487039534715,0.07799848867949101,-0.1228045504166044,-1.552465204622086,-1.5253580246251317,0.022755896303407318,-0.4571080813860472,-0.6905203132414063,0.35091442300047604,0.6481047092455426,0.2722337567422465
6.361265844626436,6.735094506747017,3.7088114446663822,3.773688042848392,6.282725265647804,6.520829681954748,6.831269846982079,8.819250382583544,9.261896929402278,9.492772989125637,8.810788299838576,5.115708541437679,2.278374018581326,-5.889276830841495,-0.4749394351926756,-0.29850424593186653,2.643015423863893,-0.03016014207993278,1.5863122966650454,-2.176958529179067,-1.9930923742106341,-2.278063299597827,1.3946273890618708,0.07843758705343686,-0.2664732413772916,0.31141348671724745,-1.0636290901552274,-1.7175926740824772,-0.5979170047535444,-0.9322683214820848,0.3182984450626686,-0.682411191529426,-0.1139859121387992,0.412091931035592
8.201212755479878,6.464869732754271,4.2821201350033515,4.935120401198904,5.582384603121261,6.5573169449164705,7.505516938673051,7.52823321392673,8.960895245016625,6.191072182087096,5.054799446806181,3.863897347566247,2.8804125308430577,-0.9723162975005403,-2.3127875125948334,-1.639866325361137,-0.12294854088362667,-0.6939148865752085,2.3570865874645324,2.7222843156981313,0.7115216233349179,-0.3970420644156515,-1.7470161496099808,0.1767172108932717,0.5204006005376635,0.1381482926518063,1.4875530855066217,-1.0725292674960105,-0.3329624278035102,-0.2531249629785873,-1.0393838761140102,-0.15266014859188148,0.5163683963779316,4.047983270633078
8.574776441667732,8.058968258904185,6.189924268179544,5.202842931645756,5.160116700629807,6.378545008265801,6.284245081236323,6.207403397373372,4.115136303734083,3.1261485929161736,2.477831929705221,-1.9469615395893922,0.4245891777761022,2.276912378534295,-1.5620658226058552,0.01372443121613138,-0.22240807539304003,1.42800139612864,2.153846235370672,5.563128872061214,3.1867183565494788,1.1815880764224975,-1.6521506792968568,-0.11675984799011192,0.17981070450570916,-0.7368110652552711,-0.8901745876396229,1.8851836187832984,-1.1874855765318604,-0.771651816746113,0.08293324187338294,-0.06064102487700751,2.3233743532674285,5.076291113101513
8.541153898863966,7.9630516618204865,6.245793575297573,5.288402701804429,5.285924004771988,7.409589147271834,5.941227993798062,3.923000641832392,3.38311498087941,1.7557317953486027,-1.5007608579338274,0.06471684271825207,1.9602446572880314,-1.7340419093541846,0.20039328302529127,-2.3143317429280392,-6.212542788182578,6.68265899156627,3.8437552618719324,6.059096739460472,11.289402581525819,4.307547797475319,2.854728032268713,-0.629981039569619,0.18624115754091888,0.2820333743887466,0.4669404492573194,-0.8837477219085953,-0.2967539577890063,-1.0304383099918641,-0.5369698645975324,1.6540225737861278,4.579294218407605,4.925250627314836
7.725042803938977,7.306659208173862,5.710630741061322,4.85307987341395,5.24471097655154,6.493803548503913,4.39413838217176,2.900134330794054,0.7815460630459553,2.0328141438293827,-1.8067777092456385,-0.8078002397415309,4.617798684940247,3.2078732263630165,-5.2699850316406245,1.5072560970748574,4.900633873169823,-1.8513784070860098,0.9396390287332043,0.9826393733136117,5.87681873156741,2.2217959632995212,2.661818622171126,1.0882305295126837,0.4347914043650979,0.9149004612788915,-0.09436650622705242,-0.043602075031740614,-0.9861420723498912,-0.5483706998253196,1.166577204275964,3.7168674133056783,4.377425454024449,5.494073713241769
7.4632200215382545,6.372895472122694,5.023537731843536,4.109703466467802,5.300208466793077,3.7038494040981202,1.9563481597364405,1.4649583331879032,4.010496046270028,0.13562829713751373,3.718629629280566,-4.018645590199194,4.036220567667735,4.709420425869914,6.049605649292514,-3.4373495922910324,1.7333650452011757,-1.3478414364329205,-1.7736005281255307,1.111489580691406,3.6090576811569033,-0.026379125028377793,6.5269432479049145,1.0614544099067915,0.3761225362174456,0.4820588151899619,-0.48029809019674563,0.07686437774488102,-1.3189285375188808,-0.8765355359510216,3.1659253557196765,4.262941677983591,4.72814867644815,5.594405923482303
6.434466148985175,4.847118543124405,3.911104265763391,2.373032847376517,3.8552248667032925,2.4183298458648705,-0.2735761007154423,-0.7278425303087618,-0.4462742776899535,2.041417767495992,4.785569461236646,6.98966947247521,-2.2879292973765173,6.20646668343881,4.73016932033081,-2.2086059398786393,-1.3828308919853685,5.339569022357096,1.2944749406447478,3.084976739839659,5.119191959000045,3.6182019714085976,0.22871769695848326,2.7922730408498264,0.20867998032162435,-0.3797434679728507,0.470211505125967,0.931851400501146,0.4107919178790994,0.4760758617637874,3.0775926357618233,4.416256487703695,5.330255867546686,5.490859396717454
5.195834516350565,3.309829954941326,2.3075813438422963,1.2186188157648281,1.9755437240563876,1.0322705174525848,0.7364130395956645,1.1409513729619964,-2.0826224132286684,4.001647007460973,4.190674262328102,4.415983526067404,-1.0445191680572876,0.710913757048498,-6.455560580580825,6.026520471613452,-0.819837937724272,4.808887805771741,2.8203027242652503,-0.1931051920280148,0.5987144725237932,2.350070012780002,3.6172949720052157,1.016876097048108,0.7546047688531881,-0.5259667619968101,-0.12284965444903159,0.6028430635552828,-0.022135944038981104,2.5026841203631385,3.6043402632311383,4.3487489687071745,4.3744442067350615,4.757951903212994
3.6827189053807383,2.6614303458435074,0.20459996641855985,0.006221985013148099,1.5554352533363656,2.1794243463448915,9.322166253561326,-0.8282670436204042,-1.5668251369353834,5.613561258943099,6.211206768599372,5.537490480004716,-2.8722366413579525,-1.680076019071181,-0.3018073300701836,0.7358832305237838,0.26522393855413184,1.9216041326223579,-0.1368475523949716,3.825893999819962,-1.41805656180851,4.555000566996245,3.92426318496702,3.624679593437107,0.6581214394427118,2.06881399538685,0.8168750916654183,1.2827088105670277,0.48477603361105664,1.2468956503211879,3.5334662218701496,3.549769728537433,3.8477262642405665,4.2362202134533975
2.2604756563186688,1.4452353045492308,-0.13990174265576483,-0.7986659250430533,-0.5711460550048778,0.09784167624973263,-1.1705776122956764,3.4030649028035485,-1.3510524543872664,5.438923139529674,-1.7028122769985676,3.425890038132589,7.9979157266720025,0.9982675088696835,-1.4678579237018237,4.206197178687311,0.8616497731857344,0.13496703151857187,1.2521356048638896,-1.0456080196638486,0.7441752877568625,0.02421820095148938,0.9736750106273555,2.7336465571701947,1.1137041770007121,1.243052431056617,0.5782466629491197,0.8319876514354869,0.5584508783769161,3.248226104077366,3.060644523794593,2.247446911514632,3.3058017907281716,3.8140789855662547
2.178471605751788,0.6619966093607931,-0.5204878616593576,-1.3867488751012926,-1.6461116569646324,-0.3650277340664125,1.840937522596095,1.875990343009552,-0.8395155001715213,1.9334297065683275,2.996807121915666,4.974758316775897,-2.005305923084667,3.693344684590138,-0.7685168117984079,2.0624858124332377,8.69923045580258,-1.1630340691840875,0.2725945791584645,0.14094317569079265,5.023202016173251,0.7000322607946947,-1.1290157789631103,0.8699278803125831,1.0118745030032923,1.2193635732277706,2.321775404631292,0.7812539272234058,1.131585216052596,2.7259033231500465,2.3181943335124173,1.4552052193020655,2.605488206736934,3.18600367100456
0.6709640613897612,-0.40382639966256323,-0.7395848157603685,-1.9809248075760784,-1.751231973801619,0.39089922018807344,3.3960106366403813,1.2362773361722557,-0.5561636498681577,2.6735829555965194,7.655532859076319,11.08522441982889,0.8063872398035545,0.8791595228641071,0.8340565222094466,-1.6323120187617668,0.5766365545440101,-0.029324184192761015,-0.00857786652203606,1.0824259629413902,1.8562511212569803,2.540357020952415,0.45865427335768927,-0.15863675097682117,0.44289742905587665,0.4553130205948368,1.9328319564459149,1.924707413578053,1.4826454947294017,1.889634051915177,2.0167930780824492,0.7410520705039846,1.6023203742974004,2.544156000916486
1.2941268201962144,-0.11339182900470723,-1.5311596266059961,-2.6750330416248773,-1.367178974244517,-0.6161752423582677,1.4993636788909688,-0.21530404272169518,4.919369063610466,8.076629603443429,-1.433654079155469,1.1107762757182778,-0.6039458248578833,2.106334442176361,-0.07476267873044531,0.4428098525064386,-2.7845474600779982,0.630593433046515,0.5254757058162989,0.46126423601498306,0.6494285373077843,0.49151419298343546,1.0014968039597916,2.0340672002615796,-0.133994506674535,-0.4800051587448023,0.7705445419236789,0.8760079710229814,1.239479985426811,2.3748502271533827,0.0035028845601884247,-0.031020437927487616,0.9416977449956617,2.0544126713070296
1.575909830404911,0.4140134655647088,-1.7482574808128089,-3.074693325922837,-2.7606225778685394,-1.666690988664018,3.6893030493699213,2.8351949599921547,-1.5929197769087382,7.527438212987649,3.537737192896589,-0.602682859195964,1.2230115222570708,-0.22376548682343855,-1.0558303750988371,1.0112022928685007,-0.8611114927624743,-0.23971976200285774,-0.7398456084053701,0.030549935639514175,0.21811263306350157,2.0506434186710476,1.5546454905513754,0.4199319239623419,1.1915291471556333,0.13409164084850803,0.26708895180936115,1.5276187191651578,0.9021553395342443,0.6599566568873564,0.8602375807608189,-0.10176001656446716,-0.06509406277152988,1.6103556274351012
1.3588324703777177,0.2911577816952737,-2.0498073140269604,-3.012080258047418,-1.5657958725226104,-1.6774102438229817,2.059490560167338,7.818294008164477,7.1319446528781905,6.277964657985286,6.392366563406262,5.401472911469631,-1.4757940026416592,6.842144131793416,-1.4134579788533013,0.7416680101808399,0.42225500268086086,-1.1910718126963817,-0.5943543730078863,-0.08972604309181259,0.31124631152203885,-0.11425242203839418,1.0663074886144221,1.0498448640171463,-0.5198832574476853,0.2819737195285017,0.45925813318982456,0.5692608577693071,0.8300308897113462,0.1200056132251385,0.01998383371567201,0.17763490096902082,-0.03430764958864694,0.34943986867939825
0.2609678780569107,-0.16169586933712018,-2.5451654124829934,-3.051439815220065,-3.0832934190477532,-2.6176449906768338,-2.230296930252472,1.0750047290102678,3.344171211198166,3.9299144582144954,-2.7081785561126503,5.222922615143731,2.400324709573485,0.6494053052827999,1.4839982157719964,0.3726073805526196,1.5784484213004732,-0.18684449685635365,-0.22047206511009798,-0.12085708603336788,-0.1752197241327099,0.19709038623125238,0.38083171511577407,-0.05287907492008527,0.8936332368531044,0.8501649757814495,0.6136725145858566,0.4282696556925094,0.32454758144019497,-0.14827988394289093,0.1934504157925987,0.022434406908496813,1.4659457653328951,1.9980930422974106
-0.4505589062356463,0.5721358544947253,-2.519947197007538,-3.5153703011008712,-4.300136422426468,-3.225630339651028,-2.2037246553331444,-1.2414208734299421,4.478356737945737,0.6897288140148333,2.6458711823149654,6.259513014720725,-1.0034994056960465,0.1876116534985588,-2.2941257265355017,-0.25030433564372645,0.5754479558150781,0.18820992018734728,-0.24853622888191687,-0.9937809761573566,0.1606655580450839,-0.6067475626676037,1.0784511158402066,-0.3001281628907926,-0.23953050059339553,0.6176971932317807,0.0733051801415178,-0.0019102986263663283,0.21524902003316437,0.0727975411409188,-0.17032699512266103,0.054935544249547094,1.2168227979099027,2.8293208879592715
-0.1497040914122183,0.3584655895927419,-2.5307789314384674,-3.861136200607517,-4.574215274421372,-2.668420002168774,-2.4751103936919594,2.343722742369232,5.557276072796249,2.4499098346945267,-0.36181506453083706,-0.7529571802009195,0.8429271044530011,-0.3637265876078011,1.2786993199535395,0.38075066875369473,0.6272244929847887,0.4007013401875382,-0.24881091473376615,0.0020681159970130513,-0.6139767857289741,-0.08846052843367724,0.6545390871510952,0.1687290269188485,0.02243463467551987,-0.056803085318943784,0.11596153076973723,0.5190763664403576,0.5798405073231786,-0.35161841117113135,-0.31336427821401114,0.9321336134574473,3.0496541304031273,3.6243690000675834
0.2139313683606396,-0.4674104404308579,-2.292369348868648,-3.9167309141421462,-5.000279892842486,-2.6888043500984757,-0.9502722479768869,-4.026660529574384,-0.6150137284832895,-3.017934829862539,2.357864563696047,-0.4606977034379833,0.3513126140740949,0.6231306979010061,-0.2559952972189249,0.41376398967756467,0.8353184673520723,1.0391672150162143,-0.3640652208706264,-0.4371035719455138,0.27910433248787764,1.3161938798164845,-0.1838798990023672,0.5217318587337717,0.4649672963819656,0.20398566768390491,0.4454662418324939,0.3355629843535111,0.29855226468558455,0.21081110709231296,-0.09240949701856092,0.742200279075917,3.3545495359715907,4.130675048659175
