script/wind10m.json
{"header": {"parameterCategory": 2, "parameterNumber": 2, "lo1": 6.000027932988019, "la1": 58.9999434238085, "dx": 0.5, "dy": 0.25, "nx": 22, "ny": 24, "refTime": "2024-05-25T19:00:00.000Z"}, "data":
[rows 0 to 23 of 24, columns 0 to 21 of 22]
0.2039021275879799,-5.19068603402847,-5.031602301915064,-0.7246720943915476,-1.2836584242673519,-0.9865794910470064,0.11578975668340673,0.04721616638642006,-0.05743002859730505,0.4953640948398623,-1.1439247993547021,-2.160985387114635,-1.6531425768410684,-1.3053655430656255,-3.5424139531791896,-3.0313330013863453,-1.6169694044888676,-2.5972511984703885,-2.4204270692297807,-1.922355398619395,-2.171688025148219,-1.1702961406586603
-0.12094440953291773,-1.7169937346812814,-1.225374086228624,-0.769115707521202,-1.9395342901872297,-1.044218045874779,-0.1750321857400705,0.032207779458901416,1.7708095049048203,1.017030906986892,-1.4626256898067933,-2.3314327844626037,-2.0190898953276726,-2.5704303077767503,-5.308137120994263,-3.8182942066559917,-2.2710580514175467,-3.3187432482187607,-3.217787329475628,-2.579087378440242,-2.2946905959784116,-2.0142657193031663
0.8394231449316184,0.35372517475451604,-0.711164353436881,-1.1791660851918677,-1.3348034348127673,-0.9366114885245541,-1.4375229108690248,-0.23230712969163472,0.8732024177667077,0.05666231385334177,-1.053598797483875,-2.4938819468452267,-2.2803697965861143,-6.671697992188807,-2.336254292141454,-2.165924513616778,-3.4849510481332664,-5.142229277501802,-3.6478158950716537,-3.7232784394168243,-2.7297545975784434,-1.6125635006770005
-1.3673734130972193,0.32435989518274405,-0.9303620568429399,-0.005016746437268321,-1.1964464408253837,-1.4135703803075563,-1.3090134770918922,-0.9515981024537511,0.41333692862740323,-0.4613537498153234,-1.642661795098989,-3.3319161797970342,-1.8707002610768246,-2.1872129016268365,-2.3844272680971415,-2.3865794526730966,-2.5613922135117635,-5.233732710486827,-2.736315808345397,-2.629157839754175,-2.1604093254591454,-0.9635267205823886
-3.2529610083741427,-3.386056970245898,-1.84849724839322,-0.8290941069805011,-2.7910430946348526,-2.0101282391842235,-2.1114200139897346,-0.812579553073489,-0.7973909338261098,-0.6670702685470831,-2.9329226941477207,-3.6862561892232337,-3.966699533390435,0.8364647558759559,-0.8908921442422597,-1.8773626759683637,-1.40724016040711,-2.5237268922089506,-2.697537122287261,-2.272347514479663,-2.2522460276869065,-0.9525054447695961
-3.481340503752043,-3.278296787437197,-2.495778928489343,-2.6272983523374003,-2.6388975350572434,-3.220449041690089,-3.5474747144715835,-2.717639617789954,-0.08819747851205455,-1.3046756954284917,-1.1045731947422102,-3.439218698170412,-2.3977273884161736,-0.8259255072000532,-0.9633858302898812,-2.0332855743465426,-2.1583696706717475,-2.1185309083870707,-2.339661320759542,-2.1436267309437405,-2.029218431395129,-0.9026909338522986
-2.803354929112075,-3.4412399167282497,-2.8849207454043433,-3.5347589772600667,-3.9733202363368947,-2.81577318440421,-4.851551794572066,-4.36393325150685,-1.7611034860319126,-2.5389394306534494,-0.2759596516930168,0.12028012689924897,-1.2435387108100504,-1.6274449732423133,-0.1890204158828078,-1.5458824824266997,-1.9595775018628263,-2.4410245953864265,-2.636169461988534,-2.3359932665471375,-1.8813005664016669,-0.9069972400442619
-1.8957478167830355,-2.5529170441152425,-3.427330731507023,-4.321403854626865,-4.364540862332625,-3.6521157463097693,-5.685714403093291,-2.3313253652947994,-1.0421130168904793,-1.2765875864616643,0.05292439795405039,1.2204580655390784,-1.79002282669317,-0.43590810495936927,-1.012999032664019,-0.5187180006983456,-1.4049747635446985,-2.1448951634779423,-1.9308133916496588,-2.268628142347477,-1.9150590755016326,-0.8060000081640432
-1.125641369970689,-1.4375466442184406,-3.5302304926031067,-5.3484665678547545,-5.1932684012528965,-1.3341627322491483,-1.5462086682286151,-1.8854412325712133,-2.331323911598569,-3.3266546037454714,-2.423225579134754,1.322391386893779,-0.7783003001450082,0.27169718710278534,-0.7220701677143042,-1.110310793527507,-1.0089728112729173,-0.9943763320192004,-1.9510357944593977,-2.4584791745768175,-2.0765122930807682,-0.2362866970312256
-1.1761143074603844,-0.6017458774625409,-3.112869198474749,-6.131743276591457,-4.025327802857618,-1.765526329371708,-0.7603503091462119,-1.603868700814988,-2.771554556664528,-3.577865064545718,-2.914430881681671,-1.7336649875634793,-0.7495405682055857,-2.5285160025105955,-1.8013344063165995,-1.319876104685403,-1.2556372406298562,-0.4590407720579624,-2.208607438981073,-2.677935159690687,-2.084218271557747,-3.2379703689099353
-2.10652446259872,-0.5178462611737287,-2.2524629287401026,-5.3526526298186825,-2.6181517666481953,-1.5250071044225748,-0.8936907419101582,-1.7677830854485683,-3.5034147502397333,-2.662514187893099,-4.009568686214808,-3.2030043839621594,-1.806757066714561,0.39615852770469673,-2.3412442763341317,-1.736815107119361,-1.304042628047911,-0.851421391853021,-0.857283998624479,-2.5895436488320196,-2.0924107455474292,-3.788563001415705
-2.73869189726432,-0.7902901846962723,-1.4299222017240205,-1.1283769487178141,-0.35001794464884667,-1.109252799446753,-0.11823307258140843,-2.0417218003375344,-2.942441832640659,-3.2773635904379947,-2.2473867857713166,-2.3244475144217094,-0.5745498112338416,-0.5339893312438282,-2.081049826500266,-2.0356117297740455,-0.9626228334594507,-0.8971476936658882,-0.29878280368383314,-2.894682613164861,-1.8863686290528343,-6.542091733522903
-3.0029973935633727,-1.8893022655459242,-1.9279481568267163,-0.3632408380492288,-0.5411585739862175,-1.0697790072075217,-0.6387855290514811,-1.241509586084259,-4.219748082394826,-5.507403450187267,-5.201529628312559,-3.6227058824294454,-0.27833487315779076,-0.6211678408669508,-1.136158565922171,-2.285128582348709,-0.35734676845617386,-0.639196212197424,-3.401745716970879,-7.59602307805664,-6.423699756069587,-7.515255661092219
-2.9171996119179515,-3.1895686276525876,-2.64986978976007,-2.13249066191137,-0.009299044040390525,-1.1440104914214941,-0.32188746382652617,-1.9735178490692182,-5.103613654427098,-5.26249400554815,-2.9294368346501094,-2.3946592240908595,-1.088962702758322,-1.5561594084640402,-1.4444039244023266,-3.6209419252026245,-1.3347282289353912,-0.5509996721498704,-3.2295914123891536,-6.005264477735907,-7.088318598988262,-8.008734461633262
-4.105485665700071,-3.613886908356686,-2.333634273879114,-3.0220340249931015,-0.7870661867553057,-2.177982524687635,-1.6267419150068736,-2.0925465711787044,-2.9673677053584244,-2.745071147841914,1.087552296282673,-2.5535435335865992,-2.123426562026999,-3.0414899886930353,-2.0755210310743046,-3.226117840088194,-3.5502712777103125,-1.1290335801596973,-3.2181005436520027,-5.560127129990985,-6.9514847246787115,-8.586681100880215
-4.460613717153514,-4.73993615967573,-3.0299239386085963,-3.1841501905183236,0.1442310353077941,-2.106238844547032,-1.3737459666973098,-1.6312701614645544,-2.1014862074286316,-2.0556606633580237,-3.4274442472466022,-2.7225720493220993,-2.3808377090605477,-5.865591350781787,-6.282767460908395,-6.769682602997891,-6.166919295404267,-4.876338065415405,0.7069139115823536,-3.8910773401445833,-5.808809449056554,-9.55672568718137
-5.540275318993209,-5.338389495215488,-3.7472360090677226,-2.8180894896859168,-1.3398903906480355,-0.32943155356711135,-0.6921004204926302,-1.4328794358329606,-1.8196982085714943,-0.03580630818493357,-2.196966788938751,-5.1553039553609015,-3.2842753968862564,-2.9429235230844055,-5.435719135162832,-5.0111976032602445,-3.708723427781026,-1.2113293276299988,-2.548188558563463,-2.7633227188190284,-3.3571126853863036,-4.991506705195608
-5.574048510684407,-5.500625230952581,-4.627734827192078,-1.662414746132543,-1.364451427575959,-0.7899796209477782,-1.255718959024766,-1.3718810241563593,-1.1294402692039422,-2.182988528880044,-0.8095961384066047,-3.037337793978034,-4.112453436829541,-6.4279639736403436,-4.883681506488029,-4.858860752232665,-3.8313531492670125,-6.194954181945396,-4.218850457408462,-1.7265985011822786,-1.102736948232166,-3.313553055215527
-6.163167478165635,-6.005443086221302,-4.642730553702984,-2.5400691726222075,-1.9166425615327296,-3.2842613128612386,-1.471707337408088,-1.7323479965226274,-1.7045881167986177,-2.5579851303065118,-1.811991389152113,-3.479518635923511,-5.4877420572758755,-5.3263762085349455,-3.8642344870491794,-4.1649288367056245,-4.968571101649502,-4.627178816232235,-4.30330826023423,-1.7864872398318816,-6.424178545885308,1.7278298324214576
-6.487346366919222,-5.695906453516638,-5.566425950595753,-3.6762118800355785,-2.0237600200618844,-4.72318714628136,-1.626750778578123,-0.9188621100420621,-0.8923458097740534,-1.1210184602462312,-1.0393404904518773,-1.3346877156766515,-3.6224322450599105,-2.8478418399569763,-2.540706111195309,-4.923283007180994,-5.428226864481967,-2.9135766845441013,-4.20640449093608,-2.3449434278522467,-4.2154557854302075,0.030501848069613306
-8.27678002860546,-6.460815684326387,-6.74413883923425,-5.871322534055714,-4.179464563105718,-3.7696644925114238,-1.8785026368213618,-0.7495718178801869,-1.1028832974328449,-1.4780812210700551,-0.9346661165230442,-0.4779737388126372,-0.11272329695573746,-1.1341247825979373,-1.5839355263482917,-2.6368950677031373,-3.507776384360499,-3.7029420904299,-1.880592183667975,-1.0518700976875004,-1.8369784776248543,-0.8849199031155383
-6.904537753455661,-6.88480249665137,-6.075646974759084,-4.9278807397168,-5.098803267956103,-3.2780577398330957,-1.3736145257570789,-0.6235877343962671,-1.4706901825438716,-0.9128805264235816,-0.7357864696221803,-0.6245267287789459,0.33599291002968007,-1.1918923564592034,-1.0286950475570855,-2.2847851509993955,0.3985330940147511,-4.593556364698749,-1.4987416013990646,-0.7572738902329402,-2.013647777802499,-1.1154013263468618
-4.6893594395936224,-5.043755835339534,-2.575834049713773,-0.638272674909493,-1.4964002826767089,-2.456624515285492,-1.480011997136257,-0.3533770932485747,-2.4264826400107804,-0.5176037190867407,-0.020678196433522825,-0.6799521693733307,-0.0947895579649418,-0.6173186521551421,-0.9207886557938728,-4.317354018222556,0.7866323003592143,0.5937518166304416,-0.7984333827374134,0.7964714865610604,1.547604220156957,0.23849758260734255
2.761555996993332,0.11353058844531491,-0.8427888854887483,-1.4374427191585968,-0.043087643414599607,-0.9493682945693944,-2.2302226839321437,-0.6179719718405433,-1.2695721559074569,-0.2657150654782004,-0.3524332709189256,0.24875444096013027,-0.7828369391597197,-0.8326496542547686,-0.9891053336360844,-1.958078271451919,0.7494074617061335,0.923448844661046,-2.9452069256315405,-2.0458060617846945,-0.5362543748514008,-1.8368360139119126
