script/wind10m.json
{"header": {"parameterCategory": 2, "parameterNumber": 2, "lo1": 6.000027932988019, "la1": 58.9999434238085, "dx": 0.5, "dy": 0.25, "nx": 22, "ny": 24, "refTime": "2024-10-13T15:00:00.000Z"}, "data":
[rows 0 to 23 of 24, columns 0 to 21 of 22]
0.1412204017952198,-1.8930015831153917,-3.017064650441029,0.43116714803221445,-0.1686566579026566,0.7026459706795765,0.6630256138833261,-0.3745113221202663,-1.4838485511281185,-3.307285925253163,-2.1633005640983334,-1.0139120946360154,-0.7106235853498222,-1.1364775282415656,-6.668410239205167,-7.325606715008317,-1.8469663881082048,-2.3929038837299346,-1.8438193349646559,-1.9238402195376525,-2.78465512099986,-2.5154506886888783
0.14895424875954855,-0.9492489523368175,-1.0295390752756295,-0.4540137222248053,-0.6381749723924262,-0.2057714714412773,0.1730283335096622,-3.1799171949328393,-4.271219860759831,-4.827312695528992,-4.459660823586049,-1.456889170376656,-1.1526726824055944,-1.3091140050357228,-6.6462510545737485,-6.3348373582009225,-1.4342873888244843,-2.115968023777901,-2.019361880879635,-2.490254422477157,-2.942909316958988,-2.1523614325645313
0.46299101359750816,-0.4901191574193479,-0.25269979050238484,-1.6321948280023648,-0.7356775389294702,-0.14724937531270493,2.1990823831330126,-4.59227758524721,-3.470052134544474,-4.433659598098421,-4.314274849910931,-1.1084103598428219,-1.4741408980009885,-4.510541482389701,-2.508394052084543,-0.9930503809489915,-0.9285574116788433,-5.887982881121439,-3.685740033182534,-3.61287204552641,-2.8265499378793444,-4.252759959499843
2.2870713312215134,-0.15495590985385252,0.05670292498823215,-0.2688354368020669,-0.94493993242669,-0.5738599537837968,-3.604569486184986,-3.1869673367433844,-2.6712907705556193,-3.3971502080910514,-3.081147040208608,-1.2204746183305617,-0.9633650841249994,-1.538471210431369,-2.1217129923095093,-0.29959443986398593,-0.9669542424544734,-6.037001166082437,-1.1079736795675212,-2.0232879233010324,-2.3073463662591296,-3.0191154635723496
3.5706582683386334,-2.8053146158040714,0.30893979279617273,-0.8458113694654205,-5.12855098467514,-4.274057554978799,-3.5204735147436748,-2.6938903748779643,-2.1515649777926313,-2.673408471204598,-1.803022794670706,-1.290812227113733,-1.4930362289511432,-1.3986373810048998,-0.7566846039829294,-0.4502623641222395,-0.9605428373643827,-2.1954797548275784,-1.3907830042124851,-0.5128600270059083,-2.836923687256341,-3.934196948672858
5.925185417531298,1.7704571055346494,-1.3342223122528274,-4.995339692535682,-4.4599502461909655,-3.870128543250943,-2.8219267123421155,-2.709226728587786,-1.7805527728802082,-1.6681951016255,-1.301409794121094,-0.403115962667612,-2.0681434257865288,-0.7455215352348079,-0.8765787163122181,-0.5969842741646831,-0.3335046069465935,-0.6074976388478232,-0.5796906570744057,-0.013564022063536262,-1.4418349941751878,-3.2970801809201804
6.283938335770446,3.1029970100191524,0.21473253200752615,-0.7716163659532177,-1.097179785820813,-2.533872832437791,-2.711131456360157,-2.407070138042252,-0.7157254527516296,-1.8861530953252157,-1.1054209212082087,0.660920468669054,-0.31215549423337025,-0.2378175638123771,-0.6311366621231684,-0.38868314684849864,-0.2817798828068437,-0.9314709303056644,0.08139978684521469,-1.0344190160710918,-1.0529967489856873,-1.8848690564204014
7.363622975974007,1.9580966244904292,-0.7482217593175808,-0.14670264565569316,-0.3978511808125646,-0.47145347397443693,0.082546484608768,-1.8565095160497573,-0.8376564477096187,-0.559949118511001,0.13156633651968233,-0.5015924838793175,-0.281234741620317,-0.40331376041149664,-0.4207393958116971,-0.050729051026844905,0.2788141480863389,-0.2794677762292623,-0.5300446936239546,-0.6404055467266003,-0.6787049329500049,-4.099037348092649
11.184762892624073,-1.4592526549956795,0.3443159281017428,-0.10156319652476621,-1.7962269733029752,0.25915170401185084,1.9669654555167666,2.684440357381432,-0.539493028717353,-1.2010936518700717,-0.10873590629184662,-0.5927182284168755,0.6546543642673698,-0.12568351666555033,0.1949126655176028,0.529754644899861,0.04568325710409012,0.16885658641748913,0.0465225396193694,-0.6265185232468858,-1.3612566985986683,-3.9102664798817512
12.32127981562641,10.674714489465934,3.4412492597570132,2.5562921416691893,-1.6643060230724565,-0.7966765139965105,1.217516101550023,1.966330776934208,2.0032044441588344,0.9960010769571839,-0.3746374558328267,0.3294185244419231,1.3324308607966941,0.020915361628785715,0.3282986173498965,0.7049827331297819,0.2555031576231738,0.5096041849326008,0.38444554519414037,-0.5992640467296302,-1.5439655552089415,-2.817188145921327
12.422718079397994,12.605361797013659,10.944150329839056,4.7202865575401285,0.19978776283119454,-1.0978157236930877,0.7050267592051295,1.2395008007587258,2.204209522357497,2.4463320883346866,3.5461262446161395,2.235511371347908,1.6831936255518813,1.8088833870173533,0.23374698494629723,0.985254132498869,0.9516954143722371,0.9205209594046669,0.5865082062765207,-0.07203244003764214,-0.778975544231049,-3.346692168002774
12.698059657743599,13.128337319562824,12.580263203982232,9.777206531032357,9.473119124888136,0.4326410991771774,0.8107386596364924,1.334101982439417,1.9312684472286492,3.4874643643096306,4.195632656528515,3.8313825784028928,3.0050960500011685,1.933940893897682,0.8147596888420061,0.9343934363842319,1.5470507649067469,0.9673910723098025,1.3915670579776709,0.8241927849577007,0.700634265042803,0.1607388946835163
12.88890083903523,13.100688198818686,14.052323135620155,13.239752715806306,12.49116538673567,4.922627046289859,2.873148058469064,3.026197464685475,2.2712840304781885,4.89520163829247,5.8576868164951374,3.203138980134631,1.7399820014132457,2.498702524703797,2.8213162562772816,0.753267209724722,1.5253161868677827,4.698620748331227,4.533719601552732,3.863562484957596,1.5146405982007494,-0.909983185222049
12.917195148537267,13.339893721830032,14.254302586500309,15.237383965749737,12.726696368822559,6.607161372956491,4.855989430841654,3.4905691948426423,4.6195119305090655,3.913345493710868,6.118109672760809,4.012292065911605,2.7168611095865387,3.7404030818069565,4.001822663905142,3.097569734679855,1.5019229222315114,6.066530042869322,4.071957547535408,3.6123849670362,1.071135544966996,-0.3481620152955137
12.498933418823567,13.0322817327234,14.051427583708378,15.032490794266067,15.320441825717948,6.7157865411083675,5.576911897325194,5.10110613971498,4.823430642752384,7.139978899778885,7.065450769462327,3.355279201615005,3.718621209283172,7.41731506972078,3.981894673686618,4.4216060810176945,3.5509722398717853,5.167271953240715,5.571086548790062,4.172367147952352,3.013363021109028,1.125440175993039
12.29884646854975,12.888400710515839,13.42385669122802,15.265546078278918,14.920500318145526,13.919640002080492,6.515600730135807,6.578796922081038,5.267587273877036,6.352283780625831,8.620660870020082,3.2858864934259984,4.579212077710325,7.594080550137111,8.280946700144533,7.592949265832222,8.52581815763687,9.606296247208348,7.654001673363055,4.640832619198121,4.7889425167802475,5.317890362888886
12.32773933922365,13.00786729130784,13.27158757132378,13.837173755408937,14.966759365495957,14.459843220146869,7.849863808702377,6.823027284967424,10.119028623094435,8.301366134184958,8.101837043228969,9.4636264403525,4.801049365600963,5.446443635058669,10.564508669829745,9.908628601769717,9.113494271090055,10.48520583272662,6.1732399013776,8.604224706589136,7.213968043913525,7.272986174992409
11.65520235661089,13.158756652380173,13.684317503266161,13.69101022976146,14.103394203208302,12.42227666209065,7.252152682466616,8.220891297335127,9.986457933291248,11.75047905819763,9.613149692019165,6.770151604259016,5.273571364935393,8.48981738613852,10.374852486016662,12.00204172324486,10.667725540806684,11.342492022628237,11.809260557792863,13.05282550396414,13.656719725448403,12.65500573350547
11.833600420721075,12.653207616923492,13.299162510480844,13.779638302593941,13.940938862943545,13.66865826231364,8.862714676513596,7.182832145584022,9.922134523967829,11.916450141098977,10.83439445767303,11.315912584810246,11.07985284446929,10.204437811755911,11.214408131241395,8.911330327065372,11.962585628776544,12.938558494218618,13.236033008328182,13.299611878314002,11.73476663944285,8.634350369606612
12.189894786716964,12.243946549206601,13.54412274129994,14.227133272648109,14.058283312491708,13.509261348714324,8.610557661059675,7.99886009237206,7.12268901812759,7.40978003991226,6.070297918572872,11.787344317966657,12.474882085365616,7.487377558565689,5.1954758755623835,10.722530061177594,12.03641331646614,14.220304858889786,15.690426201358285,17.8916171385649,11.875199575748663,5.646038323002454
11.90193947783916,12.587204462716427,12.94757970760627,14.196497139137199,14.078128756124668,14.374913441334812,9.513973626905763,8.329338758359615,6.185250483974039,7.1933085451069205,9.61731767782825,8.87445453991225,6.8335757789268605,6.601133502132233,4.277545336473529,6.804620058412444,10.069375322971975,12.373158340548018,5.628687914590344,8.355106291885612,6.464309193033433,4.809124704683892
11.444429977700862,12.52481596949581,12.531547200066635,12.576500488869161,13.12491244313581,13.727085551848157,7.945467534634901,8.632681161292842,6.036733947091154,6.797496677525426,6.347192835450414,7.401287371591637,6.605019775840933,6.782571014664621,7.6031091328089495,6.618967660337543,6.87977010448506,11.494457878884123,5.158729143259123,5.008116769022927,7.250311516430203,5.293228562375462
10.77169122272328,11.334703922737933,11.981690317177291,6.070855977145546,7.924315191933876,9.079648847731226,6.261979280310624,5.229770687139038,8.633573928379565,6.6426940294376235,6.440714199064757,5.793266542384234,7.5470148610497425,5.275643285350468,7.53035422345936,8.231293222665254,6.505978874402712,5.979888510058856,8.694971619758343,5.148474224945608,5.569695659034547,4.658826389725273
5.575444928903938,6.335462951426939,6.773058715401209,6.931857885725895,5.601026972043449,7.84841598645924,7.4333122659886595,7.719924840032541,5.573745743190987,7.1513404109344965,4.881324275845732,4.173031117401593,6.560910584594686,4.595753968726891,5.181339959964369,6.171801881799878,9.1245149876046,6.212466899199405,9.157856158925599,7.003998502828562,5.126594877374221,7.173250175784411
