script/wind100m.json
{"header": {"parameterCategory": 2, "parameterNumber": 3, "lo1": 3.000054539987559, "la1": 64.9999836372058, "dx": 0.5, "dy": 0.25, "nx": 34, "ny": 52, "refTime": "2025-11-30T23:00:00.000Z"}, "data":
[rows 0 to 24 of 52, columns 0 to 33 of 34]
-3.9216995917166457,-4.503458117297325,-5.019115786925024,-5.406743810965429,-5.562543239370476,-6.206242097155866,-6.7212687972538285,-7.15612917860363,-7.207125633205776,-7.095744756297059,-6.774751358584731,-5.804621604800357,-5.573011965160064,-5.483763460478518,-4.99666003716831,-2.0944266078478444,-1.1171128286682777,-0.9589250495558539,0.1727648989680697,3.390207842925735,0.3056509588036761,-0.15784954196633838,-0.2723189528544598,-1.6942312214575252,1.3342103634044862,-3.8119927750741875,-4.083448532867822,-3.714106524133152,-1.9659327483524052,-2.8632985688713894,-4.05201041471743,-2.641014710870153,-4.185646151813675,-2.685830112103567
-4.471481289308226,-5.049494031865905,-5.449456388875598,-5.94935768353927,-6.58850803330668,-7.090800823290438,-7.473073511223387,-7.433132801597848,-7.624884656658402,-5.567104388835769,-7.161156629145493,-4.863084572227804,-0.9569268761912191,-1.6317247450466918,-1.44757188930813,0.9905598739999962,-0.0670571282520529,0.11495243861517745,1.6565781018554664,1.144432416887364,0.7212836475428318,0.6640865762667321,-1.6615437481399802,0.012411405129931656,-0.5626910146456318,-3.1856598283043285,-2.2171243957495386,-0.9484163989124178,-3.4040868738504497,-3.2981997420062217,-3.1899453489647187,-2.1486749469100808,-2.057366804450285,-3.9973764257448483
-4.5459110160569365,-5.37050187360165,-6.109453547581934,-6.924254039254248,-7.441537780734353,-8.478712172024316,-8.674072294855119,-8.064545211413153,-7.7724112461493435,-3.96369840816433,-3.0612945759099937,-2.1163538881336375,-0.23460559396633138,-1.0224766278879454,-1.3514001153349373,-0.9775315118561303,0.8476270826541804,-0.00016084340180127726,-3.962255740890451,-0.6665961116169982,-0.8813358298201822,-0.7296286281666986,1.6468582312237068,-0.4949993113650342,-2.0568805070895766,-2.0025068573647262,-2.1745631370971097,-2.083007803546292,-1.280203277773998,-3.0615857695052995,-2.3243439225433833,-1.5489192630444986,-1.0543905291771372,-2.097872833801301
-5.403698453723336,-6.180903092624465,-6.755356763842331,-7.774421793647191,-8.714576203001192,-9.61051185195862,-9.618575489248398,-2.830900153046446,-3.0821392600367528,-2.553291488452158,-2.585160161912187,-3.0257243702907877,-2.895641587895664,-2.4952916368200304,-2.527418196610595,1.4965114867520122,-2.0248364446986757,-0.5080262029132723,1.9116924329813416,-0.5073537990252956,3.571503274767513,1.7145007428642594,-0.5029038546721643,-1.2249473140747853,-0.6795047555456213,-1.2388723287391554,-1.06767513225295,-1.5750571070444896,-0.6816184098520499,-1.2749963219800478,-2.973504864785644,-2.0060146000043404,-1.6887336778271138,0.4461480686096317
-5.986955367650469,-6.609722952973931,-7.259724480768512,-8.929379384506838,-7.318039321884898,-7.443328988472805,-3.559262299951478,-3.162732543902296,-4.146061889492491,-3.9399497692294037,-3.809438222222912,-3.8835439083676464,-3.1195651635128696,-2.9280127978325545,-0.3978869646967354,1.093926589099002,-2.8380334178303523,-4.569110182349749,-1.9827333057462446,2.5060760860506694,3.156451100902079,1.4522641388423776,0.3621990861461608,-0.4670057171054062,-2.810373351335843,-2.035410001612803,-2.133196947364653,-1.6440278585436918,-1.6686100096776797,-1.1346489971544627,-0.7466279202311145,-1.9149597305378878,-2.128508278353323,-1.877983379246632
-6.645497048709788,-7.027509504127668,-8.566536282712486,-10.118858340504945,-8.673160358635341,-2.9337602222589276,-4.256100949944975,-4.7824338494732075,-4.747178139740901,-4.847440006638105,-3.056383141676175,-2.085048056297109,-1.8766149572780204,-0.9026605430926976,-1.1924768145204212,-2.556121484146912,-5.882578538774057,-1.4020063430049323,2.9082941055813145,3.4214921148433484,1.211142716769029,-0.5525654003190087,-1.0843495022505372,-1.4257405660100673,-1.6907888593417018,-2.0391190613509944,-1.8702245816522867,-1.5961896220544034,-2.856027128217943,-2.361889195618383,-2.611785677302032,-2.3064915754421618,-2.7882853106408034,-2.9241618412862773
-7.224417926309191,-5.712861679719721,-6.131378574154763,-6.429142598491802,-4.852015866003691,-5.6074756933057355,-6.410683005584834,-6.334956734704775,-5.673595208677272,-4.10367006554604,-3.953469889848388,-2.6164208869337564,-2.4466819684556556,1.5472563936140935,-1.8795855939913282,-4.831682884073897,-1.1277648072063906,6.5917797395931,1.6265142994081034,1.6840674746120927,1.2902159086681786,-0.4866180232139216,-2.1641540639097507,-2.5297820576442387,-2.4476756887821813,-1.985583207346565,-1.9343255376995299,-2.2869954576297564,-3.0738587920544087,-2.5115908170823897,-2.47186935251346,-3.982967068801732,-4.953903140072792,-3.7227185899836095
-5.941272346820255,-5.5127644634888435,-5.273574995380386,-5.687167213597888,-6.748529415630786,-7.074723192356282,-7.168769009630702,-5.470014118159635,-4.831221648816182,-4.29960256221214,-2.610262946569402,0.7753528181840479,-1.361498187713101,-2.3155413004265966,-2.7990285536685224,-1.0551282704416836,-1.4503840821244434,0.16154723041069685,-0.4775457709265723,-0.10060373791213344,0.5897833664442784,-1.4055180768787838,-1.7509493021641347,-2.286167251881823,-1.6628638580962556,-1.9227116390285177,-2.5849125533424577,-4.234183009643233,-2.8512402852046175,-3.028922009156684,-4.329013151123538,-4.403690558597511,-4.33870903361711,-6.62217023043723
-5.823531894761076,-5.765744088541974,-6.510614120208337,-7.784787547700936,-7.911173893733567,-7.061408691761346,-6.624065418551272,-4.234740226095573,-2.6507133462603045,-1.0220913780008467,-0.28962584187931245,-1.98853128176048,-2.993643111297341,6.042453003852611,5.4548996258675055,2.4763038149922476,6.682976239117164,7.068047374254151,8.190745364398257,6.219735270198998,7.616173749866226,-0.6850622204992015,-3.0731040726571734,-1.3334648463132317,-2.191692257449712,-2.1764861184679183,-2.255431515999244,-1.462912629503056,-2.4248481192460885,-2.6222896805753995,-4.2218772609360675,-5.508768568232652,-5.853045145258268,-4.391980656956346
-6.3148395252982885,-6.650226671713477,-8.432367350518271,-7.962154071760307,-8.046773476806532,-5.418539224979943,-2.481275470141892,-1.311985709552786,0.6851635406260381,-2.7726082507140672,-3.4038896611884946,0.2779708135985924,6.154944197896556,7.126882825936852,8.09926161666187,12.90732324431457,5.241167984500978,4.1467166067969226,1.6769724137557163,-0.7727033361355986,-1.1245689455409071,0.6063049145796972,-3.14149837141566,-2.712909681053248,-1.3501476487335105,-1.7327374508525195,-1.505140576222067,-3.0723804570947877,-2.898997420272496,-3.6255432099395093,-3.2033909590837566,-5.5862666843056425,-3.1371232111800587,-0.9676013515918203
-6.662165819770552,-8.613460679231189,-8.156022538410083,-7.5239356543496445,-4.384316264606844,-2.3953929634657216,-1.2062619810402246,-0.4124611475555036,4.8800442349045925,-1.1670092027060348,7.468348448537946,9.354250422126073,0.16725766826763233,4.508738564224105,9.515543204731724,5.719669741112068,0.22634920614900406,3.8138818119547437,3.021892188463123,0.258749107016343,-1.1355896240900185,-0.9108674385136175,-1.856856529237325,-1.7877034645178043,-1.5715740173186672,-2.088271552340546,-1.0168916015552887,-0.9066114561908057,-1.463081239123923,-5.488373393621738,-6.469993288910401,-2.024967927905776,-0.6250045629105953,1.85986449352874
-7.800223087652222,-7.880631737163638,-6.382436162932192,-4.223458497055521,-3.06437383889529,0.30729152133422366,0.0527181083254515,2.0345469720074774,0.7786425999351466,5.637212301048312,-0.7506927876042373,6.232706181768137,6.138359475188537,0.16886524367019853,4.378947005890359,0.7337768321237834,6.204164056162681,7.049789242585717,5.240599921992423,0.9169156944151345,0.9958085578536294,-1.5016894020077458,-0.22661158310177157,-2.2704860139596956,-2.9809010409383476,-0.0657681618807695,-0.7800628316626402,-1.0928501090798417,-2.365332452616549,-7.1839905745344295,2.231138446375074,1.6223998494064689,7.458265036561186,8.299447709499965
-7.274745777481319,-5.669353999073361,-5.482610562195462,-3.9212300541124803,-0.8670712651951386,0.257384963111219,1.87041606863236,0.0952472564194953,4.64027513891671,2.2878829641676175,1.3447210146249782,6.224319451055803,6.932568153347396,10.019915544109383,8.667099091377153,8.606637511359862,2.9481989196809617,0.9068612646404851,0.5665448955518532,-1.7619030436908654,1.186179620251795,-0.8299398753672423,-1.5997158477887257,-0.8631020271998043,-2.4403474045585836,0.5875509897456922,-0.2399060434685443,-2.407278033282918,-2.1003156039515103,-3.958914175675885,3.6895582405538243,6.702850317423772,7.571789292425924,10.801541834335568
-6.2902576722961125,-5.511532895446388,-3.4978367228233957,0.7230896517460902,-0.2602141373640871,4.882261966816871,6.583218969816539,0.019563609913329612,6.4397109584175585,7.534560378425022,7.142834948525766,4.340227511117361,1.9309465410165678,2.2614616647225776,3.6840532310347855,0.7101743126191378,3.766253471060087,-3.079780235394843,3.6706049831887437,2.2459756200058845,0.5698292679430197,-1.8331733781771653,-0.9631956791643432,0.02935717637316721,-0.04880456865050096,-0.5423235574205123,-0.017843902710351765,-0.35874000756611496,-3.326323248442321,-0.008895707271220113,1.570925329565123,7.667682908418031,9.078647270411855,10.670324034857336
-5.814086217775926,-4.383668716086561,-1.840740987855317,1.1745024718513324,0.2948423757094971,1.9324898901007668,-1.7842019125627724,6.681583411114595,1.1833517437344871,0.45752110158719866,0.31129031369235877,1.7051550147965688,5.500318593765291,4.175526656704139,3.2507941053680507,3.299336390720566,-1.4742464732751563,1.5801294919735611,0.9069650528240047,2.20054652629022,-2.4523666595848765,-0.3455479858706609,-1.0837884240365427,-0.6510719199367336,-1.32204597692466,1.1000687921669519,0.7912957732283583,2.2061181614530403,-2.7914040938931843,0.5400518344400093,6.806493443611553,9.029038988553056,9.911937565276451,11.461102638285421
-5.497610377592829,-3.6932106459361465,-0.5333917164927532,0.7149756650453832,1.16999127241732,1.6513211026289025,2.2641040084671076,-0.18447481674742233,-2.6333068606213157,-0.7598525271900778,1.7325821152823073,5.331183963267079,1.1613462328053819,1.8057091508321956,-0.7606529567250229,1.1494711497955974,-0.044748182951972346,-1.6646515769395482,0.2834052932158545,-0.8221898572024958,0.16106793164748226,0.22366198855017483,0.16952390590225253,-0.012036752078443484,-3.234042640929877,1.187480209331647,4.557652507894234,1.2070739246577062,3.5417644843171505,6.075124707647596,7.800470196120552,9.799624478950992,11.031995571909214,11.74294216778648
-6.03373574090884,-3.743561154087929,-0.9652444724724557,0.1045836020673907,3.386227614502003,4.531932774628374,6.170637215580706,7.5938229688827645,-1.7363938880922865,5.5402386765825415,6.259685411932354,3.667575835136842,-0.9789984720391234,-1.076808825561553,-1.1290907790340294,-1.9174774636777137,-2.166643359829701,-1.824167792284391,-0.018081450867460297,-1.5961077487020383,1.2896249233482555,-0.798531209726757,2.748119875678832,0.27015866618625484,2.8720103555396506,5.120993762368147,5.883555745618907,5.099735069429769,4.995142719714311,8.35217319068412,8.77376171542635,9.999231215981837,11.216404088290618,13.240961438386432
-6.429430203718806,-4.455964103858689,-1.79358222238958,0.14716198295540586,2.335490040642444,2.4295070253059188,5.1930062133998,0.9158251162070471,5.34814124570547,5.333150848662383,-1.0017014530264348,0.09833276215739291,-2.6550437896537114,-1.969303041491842,-1.6431363828101349,-2.33144575700145,-1.5010182344862724,-2.4715256531818146,3.4738101187663633,2.5804761286864304,3.9614622855164154,0.4660764162508678,3.34401562253576,6.51852453997228,5.52040346859863,5.001365615976117,5.072877265766577,5.923986455510407,5.817114488919769,7.905101060653106,8.4342118834869,10.778596851920232,11.501163931405541,11.049058996950048
-6.455830929427817,-5.399894283510142,-2.8251836333174105,-0.42500672727974986,1.4490965511359868,2.274146400259039,3.4935924066932964,1.4730502591644103,3.0592609212847792,0.5110703263794882,-0.19832278731433237,-0.6122684357044089,-0.4300607296677242,-1.1810048382713076,-4.454478787288759,-3.8979452136895354,-0.02661667991852005,2.0649602455005995,-2.05943782411384,3.4729480212562542,3.827206177328359,6.0784289238200655,6.1286662376065575,5.843054824914645,5.5839619092602035,4.878134597559133,6.2842680419923775,4.92604062642288,6.106625814814581,6.105417906568953,6.2713461527977215,9.045574352360603,10.03666506147518,12.001307395029917
-6.198845094348559,-5.926183923328115,-3.4142838601775556,-1.1828977136060288,1.4311534472110232,1.9187635816678754,0.3923242908902295,2.177587647051695,4.593098883051471,1.861542853708304,-0.11793464497017767,-0.8950835158166515,-2.6549942883311357,-1.3659571525936445,-4.023678072625942,-1.0984095106414902,-1.1872482941017768,1.6671862737010135,1.5143481318777132,4.093883871890226,6.791863867716028,5.797711101616097,6.79807336011313,5.276657738932436,5.522927768365185,5.464846821837433,5.099037030930524,5.5212296374694265,6.047052641841316,6.398498065814797,6.527691686653398,6.77335551004802,8.502051970408663,11.538529172067845
-6.194324192703028,-6.323811719258127,-3.534772047454018,-1.9650878035167103,1.1363706167488428,0.6404763956165641,2.2364611435471495,2.923609679606085,2.457961324377328,-0.2598568671300463,0.30988686571393737,-0.6238986891734487,-3.834383398939501,-3.647764302607284,-0.6649924689754976,0.3769632661826035,-1.0804763601357874,2.90641198476366,3.902502120871143,4.911812535335141,6.154641293123146,5.65890837008123,5.501836872564583,5.949953494756453,6.686904666403451,6.353180772614695,5.444215517113703,6.196733536416641,6.463519504640861,7.390896247948803,6.907245058081428,7.1523148634720926,8.184962955386103,13.34843849564052
-6.057711890426556,-6.377672435536682,-4.38196478109736,-2.9617733990099517,0.39203841373883447,-0.895226073223521,0.7795429212815028,1.1589184957978933,1.3776782048292895,-0.4462335129614238,-3.5973506710369465,-3.7582726982118424,-6.62671851933949,-5.638627465020972,0.8352911565888588,0.22515803925769484,1.6397312765215093,3.007501856016041,3.4985932906038504,5.63341340380774,6.3015539707295245,8.0490972750469,5.890699476532157,5.611713543159272,5.447318733539061,4.443722127451415,6.014865351794023,6.633221183578233,7.294418518019482,8.088459531865515,7.048580862188686,7.031667050584262,7.1268536665755535,13.382812859670517
-5.775302108785597,-6.268205763980733,-4.933850554492592,-3.4690696771237777,-0.6173579797696077,-2.042283268177202,0.19912639921569608,0.6518712338922682,0.8094148630330064,-0.42102970435126025,-2.7674173435642135,-6.5339632331018,-7.04921822279824,-4.162487308486154,-4.563152831382792,-1.3835298036355193,2.890551593353126,4.0013425609319935,5.292294997252121,6.28061056652646,6.616234512260052,7.138636190497443,6.170327933130416,6.9111916947922785,6.254672696784436,6.408841992606479,6.9342945247910635,7.6557717705509924,6.66597362087581,7.912549392621307,7.41261438785985,6.635093758483269,9.238398167726606,12.254897421283061
-5.311726915341013,-5.804482580324087,-5.544759180412498,-3.8758834892190266,-2.101437328295129,-1.4657575543418384,-1.1934973987118693,2.3803461794522667,-1.9577022783807196,-2.1163684585797773,-2.8411552857405367,-2.8503844736632966,-5.9269632087281785,-6.274700473815027,-5.8654979841606565,3.116531441754971,-0.04935989953797366,2.5539012572671345,4.879455016127766,7.3787233068913425,8.237871602280844,12.317279883445394,8.57842507449697,6.487772973940191,6.8463854546930465,6.89582986986185,7.570990111209942,6.667470159207463,6.298353698033613,6.872786707639279,6.92711731604745,7.083935491962908,12.514084846713255,12.676197130286939
-4.613662493690855,-5.319259183746638,-5.803077464905304,-4.482982203650993,-3.5054753643631895,-1.7951021943099672,-1.208538475226194,-1.3744347715762253,-4.044862429498607,-3.474863278453054,-5.6537904834801385,-7.460687157843922,-6.89786341676388,-6.8190875518276215,-7.785019875057752,5.414210072414831,4.3105192746420045,3.2968592063539304,3.6339428085259766,5.9858570809987945,10.091142436999075,11.754972702353482,8.415068717583205,8.100682100701654,7.703900853860626,7.056425560910994,6.718432477939035,6.706717871129596,6.06982908951149,7.544449470690346,6.8218716172186395,11.902829393406224,12.649970808913304,12.655268595086513
