script/wind100m.json
{"header": {"parameterCategory": 2, "parameterNumber": 2, "lo1": 3.000054539987559, "la1": 64.9999836372058, "dx": 0.5, "dy": 0.25, "nx": 34, "ny": 52, "refTime": "2026-01-20T06:00:00.000Z"}, "data":
[rows 0 to 23 of 52, columns 0 to 33 of 34]
-1.6670738163373264,-2.7934155928807565,-3.262459695550431,-3.687879726836099,-3.3533314313759828,-3.34347949921633,-3.5763244002405594,-3.496104988544511,-3.881380700838566,-3.5346093941267203,-3.2929024656811343,-3.4659663044207636,-4.295467142168204,-4.652365968200138,-5.644907260786931,-4.456255139409507,-3.719421377759649,-3.3148254758350064,-7.4229637115030025,-4.294216162125273,-4.350362292884643,-1.0304476712940291,-6.09548060429797,-4.600549165065737,-3.8121314131142063,-2.594177601759473,-1.6995384442599295,-2.387135273713696,-2.3302826330594497,-1.9591078496111078,-2.1425128320385554,-2.0203884288629257,-0.7670970421165199,-1.557971643456994
-2.3991655670083585,-2.854184204251278,-3.8837820067155104,-4.009407914495882,-4.367008221369334,-4.482621750026983,-4.312698041508561,-4.5247008328234,-4.0413166537060645,-4.225422516946716,-3.8969658322040086,-4.17781607781303,-4.333841045108035,-4.635885967818819,-6.715515051926925,-7.330416348846752,-6.680541971736378,-4.221744879373842,-10.866876675003917,-8.02515293377261,-9.770926580977353,-5.2511578346931245,-1.8071679689789697,-5.804933550847905,-2.018346868582009,-2.7460227212606294,-1.5867602023390595,-2.1577184914092684,-2.2556522901214238,-2.0231077244565547,-0.7297221934997927,-1.523185483431353,-2.008814151686099,-0.9986523851269679
-2.3103355573578392,-2.4116791163152254,-1.5171386350417582,-3.2586634521884914,-4.788575498866692,-4.6128601748038065,-4.666210634692675,-5.24509452996215,-4.920980205306379,-5.169680629883546,-5.475192855010024,-4.837907819578214,-5.619142272506141,-5.015960520922975,-3.4177291865474784,-5.657305979970347,-9.719313143953764,-10.285642789416977,-7.753310984276954,-6.411664635318239,-9.031374543615557,-5.5739721368716255,-6.630242746256194,-3.969864059219268,-3.6903158484398952,-2.1584460612575396,-2.4736416781173074,-1.7051491708845927,-2.219328805150717,-2.947650555536158,-1.8856161105226406,-0.7903412994332325,-2.7268723487408333,-2.8155847363393987
-2.253697154362354,-2.733686631683892,-2.00745920451625,-2.773906679513764,-4.688242949433988,-5.127533348243135,-4.500055939575156,-5.37975560540453,-6.037972039013686,-6.407324774896154,-6.3137077073695265,-5.417911516612974,-4.041609893175108,-2.6377899528364948,-5.319654928590801,-7.7932768217490365,-5.454325469159652,-7.552763102717718,-9.226463980971468,-4.255297520739904,-5.336113389704337,-5.716337723820527,-7.56513435314452,-3.3822428072153485,-3.1028319204752632,-2.949864694579116,-3.6231310306156463,-2.551515336625982,-2.835610935948735,-3.0618281644029843,-3.7605170987772847,-1.9210859828972668,-3.6524173578454193,-3.5392795301855715
-1.998390017384043,-2.7393556174262077,-3.1747918815755773,-3.0793450536469416,-3.717149373184056,-4.3200995213276245,-4.18375944192713,-5.4636173584536625,-7.0884171383684915,-7.572314383990006,-7.63014583649822,-6.84979568984534,-6.404248091398202,-6.702968827899977,-8.591586172097612,-8.555345506299615,-5.867644737534692,-6.910279652012905,-3.7729315288689844,-6.245659799458021,-1.272233226237002,-5.520534205573338,-2.667420580882949,-4.335716187418558,-2.8661452736206408,-3.166795064137145,-3.3926719604703397,-2.828847749429413,-3.1854757856514158,-3.081123026439774,-3.0934925152429784,-3.2749434781566857,-2.0971930755048267,-2.3061173031341733
-2.2882040580983194,-2.759770992251232,-3.93079738400834,-3.4818110874468298,-2.4109489718719908,-2.9868546964938676,-3.881431716638217,-5.777928358644919,-7.494182296200629,-7.439895815968539,-7.650619472456184,-8.065920403341538,-9.556662833190622,-4.530113815004592,-6.496368854894737,-6.7131860355994935,-2.605931001779997,-8.31271106958613,-10.86296241344189,-8.837248838945131,-4.777302793203419,-4.763022987089445,-4.417821573727296,-4.2593927492586605,-3.673527641929934,-3.0719339099086036,-4.0696504891404075,-4.211766105449949,-3.105173894169723,-4.802298346444902,-3.5285105843264613,-2.545025950798709,-3.307061199823343,-2.9701664842575486
-2.505554632957717,-1.6425926720466755,-2.232906381202173,-1.8461836278238826,-1.7935162077456166,-2.223278550333122,-2.695596794980421,-6.430664860198563,-7.100626418414227,-6.419135704068255,-6.593039876644707,-4.949528326866068,-3.1253894247930067,-7.125013320881966,-8.576960955430925,-5.194638246376947,-4.316359139222209,-7.95626945274627,-8.719849583153936,-3.665423793081521,-6.444711383899795,-3.2807342151660297,-3.121037465365335,-3.573020517394936,-4.222630637786725,-2.8976704052438,-3.5951542393641556,-2.4511264020201016,-3.010347437613834,-4.414061954525953,-4.274230110804884,-3.605230459573687,-3.5302434136023693,-3.453637283300018
-2.4433636863186643,-0.9267798217658274,-0.20399713201171082,-0.8245010454196384,1.2369009846932901,-1.118029435550573,-1.7096293906440283,-4.414488302128548,-4.445429612003465,-4.436578573068436,-2.982342260004728,-0.045332169961659036,-0.21425373125218555,-4.652960234269686,-0.4700740896743285,-0.9311861540852864,-0.6557630696439405,-2.279322010893583,-2.849621849362695,-2.6439473182109308,-5.333847732663491,-4.746378340621441,-1.4316860917724565,-2.490668704329251,-4.136888702879632,-2.4003649020736026,-3.871935355659858,-4.5889157090704265,-4.765200389130549,-3.5725404871932316,-4.542179259368203,-2.6351202127879865,-4.6736321383684984,-5.03261464568052
-1.6991787893865284,-1.029715393185365,0.4671893450637659,1.1646706741250985,1.6975058382423531,2.174990741406998,-0.22052320127878358,-2.439784761503743,1.1770302348055146,-0.515261092112322,-0.22572001511685016,-7.621773893042325,-6.37314884827285,-5.677739088164393,-0.8687627736317941,-4.896368115954596,-5.623268547889181,1.388108159345132,-4.603742712326731,-3.5249249184619225,-0.670514243093835,0.2779175321691198,-0.481989054040093,-0.4234699851476219,-3.1703360389810338,-3.8995626621596045,-3.4211462560048385,-2.905842507616628,-3.7361625356303763,-3.492475698871909,-3.29378876019637,-2.7640854917767665,-3.634872603201293,-4.764274847898334
-1.326186702940952,-0.6030550917724341,0.29931451534220405,1.7236586209396754,1.8064942476430697,2.6112043971931516,3.2573404787960403,3.458080665696469,0.6325434021799625,-0.42520793263015155,0.3110523506984277,0.3658638074216369,-2.713556097125523,0.7641469324185526,-6.294164856797921,-1.9319870063008375,0.4784090933296597,-2.98692096563628,-4.369777630616122,-3.0501451205253565,-2.9934835231212515,-3.8173583750019717,-2.300214309996223,-1.6596827395416338,-2.3465304028154472,-3.483203363401706,-3.033941438457335,-3.7031405651966907,-4.062259983991023,-3.8647453065004416,-1.8169543000153159,-5.748100163457706,-3.902173876734987,-3.0104866264780945
-1.4053903549739777,-0.44708626280176506,0.7304073556003166,1.1648163036898527,1.4674990659329783,1.5354564083684508,1.2979812467050214,-1.1199096452228818,-3.0338547352690877,1.8372090885940517,-3.8138652038969094,-2.1444746461151865,0.10755869943197005,0.605280818891418,-0.5997261351894952,-2.6087408505225462,0.19867665400878215,-1.8408502107260756,-1.1632556636373987,-1.496197331298046,-2.105340378585405,-3.8609782879403736,-3.4530758679758913,-1.6110217638546112,-3.438700516568366,-1.2206742326136353,-1.708833208029358,-3.8787746082788233,-3.0210065426460817,-2.6575896221865345,-4.346800735543796,-3.691975999715279,-4.10946307458498,-3.4793170725356575
-0.4769616504142343,-0.10218785289210125,0.380049473903692,0.3061152214715283,-0.028880262319571245,0.10873037086000405,-2.1024616997615686,1.793235883759197,1.8673610945857684,-4.988715712686795,-1.761033507520968,-3.223942127747036,-1.372636676216179,-0.41586006057490627,-0.21502278189525525,0.10548188365308034,-1.0493071509064065,-3.272423523708025,-0.189788824526303,-2.360901946263473,-3.3514878578733662,-2.837318984741666,-1.0155392512507442,-1.7146281247402169,-1.6340774677310599,-1.962326910428979,-2.5460077783022377,-2.729473979109115,-1.6083847774754227,-1.6792865060467217,-2.40357539306246,-2.8194750457136344,-2.149309551559163,-1.9503883642593702
-0.7053081315183941,-0.011475198601150568,0.2798393930637515,-0.6370931976231485,1.0237020868662978,0.292849868010905,0.01818848664306872,-1.2748766046311857,-0.9398090726747075,-6.856659329385168,-6.648249228115386,-5.686823352010208,-1.5828954242126083,-1.5849976782213775,0.1346978414369846,-0.6510766150940773,-0.6738538548689742,0.17517126830624316,-2.5600626548334686,-1.5013590840302338,-1.8266241496440272,-3.2012846325909545,-4.926587185286708,-4.050206611155015,-2.5296995045758632,-2.005462992568626,-0.6379026347746195,-2.563275346668125,-1.5945524790238184,-1.2802421216286033,-1.2187348062772845,-0.8829127850416052,-0.7654205400770824,-0.4736628676000779
-1.2595277487157193,-0.42828326275524803,0.22602673944057347,-0.9149941571382793,0.42415415960979214,-4.743689549309701,-0.9253488692900321,0.14879855066249575,-5.741491383815799,-5.35962338594624,-3.226672035485704,-5.993913576438804,-1.2469580856827869,-0.2862227249444859,-1.7727371633672,0.015333488917952325,-1.4972871429298427,-1.4711648662031298,-2.006834137152615,-1.465504854933133,0.7670987262464688,-5.313366357116645,-2.2334561207567027,-2.2592821177063986,-2.5353695135184107,-2.854067613020878,-1.0736466802271603,-0.6480707584664415,1.6134867393096333,-1.1241473974323064,-1.3883854793190795,-0.17147480838314647,0.10827770504183068,-0.021905247129565698
-1.3539589512856114,-0.6607689936082454,0.39928653589453117,-0.8778228708816846,0.9774939308566784,2.3536899603487527,0.6447264466703823,-7.356227088353339,-1.7532270005538235,-2.9563187456197833,-3.7459237439476905,-6.289417988661847,-1.9922018330479283,-1.7211870928019393,-1.506755674652712,-4.094778323653201,0.41913352952469013,-1.5334362967311415,-1.0744791558602318,-1.9502888521762385,0.16242887588855345,0.007644088559273365,-5.298961064869407,-3.219951992945376,-1.1901553502050537,-0.33380069116441363,-0.32041353449657106,-0.5843565287748145,0.9413105197186774,-0.3009072296699265,0.8294745257821885,0.07208281334953569,0.5802300491245848,0.011910738194375518
-1.2297434370696627,-0.9762956370748082,0.4135718407095456,0.04957699703159656,0.90868171429192,2.371731638958228,-2.981791761740448,1.1746096350403208,-0.929119735198003,-5.900709838803852,-6.900551773557056,-5.6203756041485695,-0.9538495240005503,-2.319710675682483,1.791809861926311,-2.677801409153505,-2.062836190281108,0.566534077775304,-2.9435174666010853,-2.8217656308724166,-2.28744555961501,0.11894435743320764,0.14678256495405873,-0.8819878203137805,0.5308725892757438,1.3756538045111457,0.8768371679008322,2.6174396671538145,1.0432139670816893,1.4651801707978604,0.7868073822627492,0.9060220817957423,0.7006978415663414,0.587599058276536
-1.6381821824303429,-1.1379418848294345,-0.6174045860262629,0.743037554555017,1.4233004497286132,0.28204496732052536,-7.991977578616964,-5.944398270317069,1.0092876118355474,-5.854183421287217,-7.008946174289911,-3.922505381945437,0.06713085765576395,0.8002038499981708,0.26014983135926434,0.02965148131341154,-2.4426974317988637,-0.142594423723508,-0.8242906451078085,-1.103644307822674,-4.547670687041305,-1.8485487572136463,-0.9738945992279898,-0.24910509979660636,-0.4237002250303943,0.3692303316969546,-1.8095055177828407,-0.43197932927230304,1.4070134852737783,1.0475136877638522,1.4661646630482659,1.446808934251459,1.4312502045451176,1.4017279524451913
-2.609234916768002,-0.845124103847628,-0.22724128225272563,1.0899157627234461,0.49248950856916335,0.805221797068383,-6.473565061520026,1.4731828925994084,-6.911017221523826,-5.391669426137281,2.1001603285155563,-4.372079989718328,-1.8470807748294775,-0.7917343825375753,-1.5615385235260553,-1.9730014870641674,-2.8695106029599815,-1.411076201213647,-1.1362615204610236,-0.8822059089034948,-6.997167499910774,-1.2564391368667736,-0.8159701939195874,-1.3452814809029525,-0.28199719920865846,-0.2398612463650087,0.20632359257443622,0.7983736717638104,0.6828356195867223,1.3044926830691583,1.4237043382012506,1.6001012036491165,1.4365720532826214,0.3931421336204361
-3.228720914497947,-2.0414694920742615,-0.661072669803724,-0.20767144742770288,0.2160451160175434,0.5313277058204209,-3.1102534755614806,-3.072794520093131,-8.2531733455105,-5.939268930645266,-4.286782119194534,-0.7250755710126913,-2.293290818253034,-0.5052314287312253,-0.9739512258327673,-2.951207023682242,-0.584016928283593,-1.1362259930057474,-0.029942972018390836,-1.6324638828392097,-1.3485794309514239,-3.870550487881448,-1.438509271241958,-1.2809720400309494,-1.5084344510871408,-0.4548343109433462,-0.21369605974062056,0.03977711274812171,0.20179163684115675,0.39168193098156584,0.5559576035838916,1.167344412935496,1.082346940313829,0.7867524468383637
-4.154427846126674,-2.9612688322789844,-1.5448366223106549,-0.16349808475789943,-0.09982362775636616,0.7511620048995377,1.0221354954911117,-1.7486818688333845,-8.16529825146613,-7.0772741757311595,-5.132893536041325,-2.70327858064993,1.2781195721383907,-2.069967364648258,-2.372146319374145,-2.149637368785115,-1.3291302768338213,-1.018038326060891,-0.7817477036116577,-1.8818010835463932,-1.4182196691962514,-3.8459037708729356,-3.4662202521507868,-0.715704205000821,-0.7390278610835758,-1.1723793562533384,-0.48577441460397586,-0.7308124124035127,-0.3474864523092436,0.24341085883508293,0.5512291859952496,0.7544180198785423,0.564459836021301,0.8261841841695301
-5.102318215834408,-4.045062672302246,-1.8436997503583317,-0.541875777438298,-0.4487154707217861,0.8612772696154303,1.0018476530576583,0.2815291327314936,-6.485087037258406,-2.8885575015245477,-4.576075895685015,-3.438533551373406,-3.4953471037467363,-0.4821750413388717,-1.9769745991809335,-1.7505060776600017,-2.571772721987081,-1.511086657330208,-2.364076104791147,-3.6612515515856736,-2.0403553255109186,-2.3994148908906396,-4.974151527307005,-3.9246936418258507,-3.8395286523329792,-1.8765846661824066,-1.665130039920054,-1.2873429110832473,-0.43636445216188,0.34593866679994445,0.43675986944627515,0.45598449344533704,0.9726907599618778,1.6280956765897903
-6.449286787162553,-5.311964905159937,-3.3977611104494443,-1.460682009769439,-0.14119273590873418,3.4832702641618987,0.9771300354334713,-6.729486505458505,-10.060133576605956,1.0146465679388847,-0.802782547092659,-2.626439910262815,0.5942013040517637,-0.46839833841496453,-0.9712503156005496,-2.97772777863232,-2.504324026819709,-3.1373002969284554,-2.781257475383939,-2.257122645563494,-3.732073145620032,-2.430288725107201,-5.211600176363023,-2.4997600048380337,-2.292643336481642,-3.140361522586552,-2.704750166365,-2.2046865478680093,-1.8907160589574787,-0.19606646202805134,0.004512308860713229,0.15847136998300543,0.540102045058111,1.8931999073376553
-7.202174158577784,-6.490878635807425,-5.203086973306657,-2.4145124568370946,-1.248797442460201,0.5914437953592062,-2.8047073171046124,-3.5244420176621514,-6.183069209005616,-7.442432530251001,-0.5678778798004335,-2.587937187637709,-0.17399329195386168,-3.4511904532859505,-1.3258196447541597,-2.3774099598998784,-4.507270559858629,-4.291339282438201,-2.652005747271764,-2.5440397067224874,-3.6995726524220323,-3.784293449890214,-5.462902538118921,-3.1687378929135246,-3.1436348790975073,-3.0680801974791954,-3.2839150538489617,-2.5459363266952213,-2.2303651683174173,-2.130471061029639,-0.7093227917423836,0.004614343345714789,-0.2956571771259238,0.42616054599041736
-7.8285421304203044,-8.086305300959067,-6.918920949745405,-4.92597318047992,-1.7989431960785487,1.1441738420296284,1.0214922496436893,-9.21203718819649,-8.426950357855237,-3.2856223171958368,-1.157090854602329,-0.6881543051474752,-1.522135703889597,-1.374464037222898,-3.6635790078095423,-3.4366522957612977,-3.431160794504501,-3.3752775042256222,-2.2321454255616735,-2.2687811861548024,-1.80428259170595,-1.6410166581101715,-2.6875993674110727,-2.268676234658507,-2.706479612392707,-3.035640285516368,-3.5525582890573486,-2.3951308985868747,-1.3675717840753294,-1.0160077314650116,-0.9667256364078479,-0.33741356863113653,-0.8216221372482249,-0.1795138191564704
