script/wind50m.json
{"header": {"parameterCategory": 2, "parameterNumber": 2, "lo1": 6.000198445256149, "la1": 58.999992894266676, "dx": 0.5, "dy": 0.25, "nx": 22, "ny": 24, "refTime": "2024-01-30T05:00:00.000Z"}, "data":
[rows 0 to 23 of 24, columns 0 to 21 of 22]
1.8472729344399463,3.7525251255104246,-0.7200667978967819,0.4547774339174005,-0.7728193600365126,0.5070884640760429,4.565312247289728,5.872411033231085,-0.32634411409251624,0.5732840136291419,1.1565744869556538,-1.0317550436242275,-0.6741230173414469,-2.297486622953116,0.7312185758976932,-4.885673071075241,-4.387925714551438,-3.0461293036697503,-10.536314703773295,-11.553759509348396,-5.087219790406107,-2.37190974789782
2.0394016143018443,3.0205043793304247,-0.014912293419481559,0.861864247322637,1.5047548668909623,0.6248299842065623,-0.725462451381438,-0.9666394577857436,3.8649144228268564,1.619499611489535,-0.7679540433433637,-0.2189009668641854,1.5122304835554725,-1.364461342323213,0.9051531579374722,-3.786371105112399,-4.518035540687156,-6.068700362282128,1.7318889657144967,1.7966311629310927,1.700965149031903,-2.1728313723966965
0.7120492898399781,2.0681931581737754,-0.3976022811419873,-0.7641512617642835,1.215820213440471,4.564313271769791,-0.02417391628615395,6.007061351278059,0.3676316520224829,-0.11698639339648012,-0.07839434466506139,3.644320591658616,-3.042962459156319,0.86960770599773,1.4008371686782213,-0.6938469122739104,-4.556105602684506,0.7640996907171197,-0.28526385514148866,-2.747584626879002,-3.379955323905639,-2.8971955136659195
1.6326695791348558,2.630467650287782,0.042975417702033794,0.6611259623436664,5.11073479398797,4.0424801083115565,0.21150546945209453,3.426242227083649,4.058123259880467,5.127042304675877,1.8510483042057502,-1.8839502059076996,0.0541429942026921,-1.375351289081179,-2.839838171760304,-1.317812365197669,-6.594746326377231,0.6756881859675061,-2.768513363468517,-11.21187887535375,-13.73880800298801,-2.1542616983524483
1.1724688451371206,1.4149775727291543,-0.3290448281492682,0.9846946134513687,3.812147618954942,2.5298774218915585,0.37451571234320247,0.2253192282617785,0.1451085186133402,-1.592068798959487,-2.453531377064138,1.0019194103021853,-2.018876740226416,2.1547108580914762,-1.5721423713832463,-2.3406568310019216,-3.6948151897419614,-2.3334932563417645,-8.768661368114136,1.3260325490368672,0.024841141358574657,-1.7817051324160926
1.7029596282936166,3.242755739591344,-0.22853796599638476,3.7929861566188294,-0.10940356361288082,-0.38635403867725465,-0.42910771001534037,5.832252168146486,4.262483994963292,0.001939007826706662,1.7209793457084868,-0.2124473553882741,2.379329869388125,-2.8281494540670673,-3.0421925725303223,-2.3907084740690494,2.380258409009876,-4.021601498611326,1.9916930808065585,-0.5259308539661023,-5.081838676348986,-1.7605918516728505
2.368721139020724,2.760479782738782,-0.327424573409595,3.1809907617999973,-0.7814355740113704,4.9375794851212085,5.859402950146661,-1.0832169744988671,0.43008142816764017,-0.09067741099596181,4.237769973903604,0.29210784454295285,-0.07387402828877843,-3.186268978150281,-3.280524356353617,-3.766160325765472,1.0305129554164056,-6.836095666154805,0.8158410201067361,-7.146787262816742,1.7037681566142997,-2.0185736816222137
1.3617321806895166,2.258424847905191,-0.8222624292802558,0.9234583388267825,0.6756219238232173,4.098741130207743,-0.1509629709805037,0.08016970183111075,4.784820704334736,2.114117148811445,0.1131979568161239,-2.0625656328911637,-2.893480862018164,-1.3535801205693068,-1.7016071809753592,0.06839540440542966,0.19555726543410193,-7.355396106009194,-3.4451268011138723,1.7977555899867415,-2.5523787217675773,-6.562078998884843
0.7775271265097603,2.3997134530492117,-0.7385586666669317,1.372427326940543,1.8571778919104578,0.9447488776366215,-0.5014059285852661,4.606828854523135,0.40579272008380485,4.7138033307757015,2.4477896536123427,0.1838286201512022,-0.1524652793318937,0.8443566429116419,-1.4766439678481538,-1.1187305700695094,1.1142501275794272,-5.9935695706367795,-3.6388349791971266,-1.259223484434165,-12.241611746789479,-2.5676259022612875
0.5183503984434235,0.5949512964469189,0.3749652742913934,0.8197617433916169,5.060880858550378,0.35028163155466585,4.399130814989243,-1.0556272865171352,5.581328027391486,1.0359332303346078,-0.6124960149585418,2.366503454352587,1.2127393991346167,0.6571449310622474,-1.7347689089818852,-2.281022085365675,-1.0187835639674874,0.7870394806708005,-9.803438594602925,-0.7183029609561999,1.452672907663402,-7.51458465010322
1.8767418662809479,2.7823924614256286,1.0672954987364125,0.4313037393152314,2.402543772117225,5.462216528012105,-0.5478238016464251,5.238152772273839,0.45250682228822764,4.986893992235012,0.31988794354124517,-1.2537623713158494,0.6254683530141888,-1.5519607996221139,-1.157325723875158,-2.9817188773631536,-3.6513104495253157,-1.5035865565753042,0.9520033641015072,-14.437940355888692,-2.117908560745863,-2.6770582181885714
1.9612970895433857,3.420792315269106,0.38015458870356234,0.7154565219517468,-0.0035856709511303208,2.3312292192591006,0.9043906322109335,-0.7555176378857545,6.108945940762925,0.5852637512704378,1.8153956965385076,0.028254980522091164,-1.7389297418335892,2.1162466765732653,0.5643965371603099,-4.793815109993951,-1.3167102921746467,-2.291627410455377,-2.4519338745072363,-0.13911432008263422,2.0149844147102645,-2.9563179441562077
1.880487014047783,-0.169899117779532,2.344926612012784,-0.4305183647237669,2.3476396220427524,-0.31887685952630646,4.714201354494922,1.0351637591373912,-1.5684568153256921,5.807219130995379,-0.6701767712923402,2.3392470682522672,-2.1451837153448743,-2.5114395310075053,0.8006445679376851,-3.381706375077913,-4.258823163180883,-6.815906382191038,-2.894112166090767,-2.138355152193562,-2.3199088873634133,-2.9530103853212455
1.3993696506824496,0.0488295077135882,-0.06546582893110435,0.47734280300494136,1.2505066571521213,1.789002245446451,-0.8537713624518231,1.0706332877224383,5.93014418051629,-1.6175277073681482,0.3403142592650983,-0.6912118512007744,-0.9885050667046219,-4.306477894886033,0.46876463394628864,-2.4089132541389424,-3.5709120839988637,-7.762764068876408,-10.634076354650924,-11.364502630492575,-4.648110991251814,-3.612898920857936
1.5277575738004916,-0.0050387137814949705,-0.6688642048498139,3.366587023963664,4.880515956020801,5.444212410004112,1.0581143446328003,0.501061830643019,-1.5451030578167868,0.43409757891944445,1.8169655402533502,-1.7304714316473817,1.8930152266706346,-2.01233046810027,0.6308533786702331,-3.362291213497568,-4.053210780844882,2.761816836248397,1.2686576753663374,0.683370015459998,1.3552345328157294,-2.045194162468627
0.42279864298652114,0.6654109339215125,0.781007069511337,2.794807612535741,2.7602690969070194,1.7773687093528123,2.7272172216044432,4.349266208365954,5.716769614465669,0.7967603404410166,0.7956055625332954,-0.0907828108764249,-1.7673807933437333,-2.0213108883176845,0.38088174976536465,-4.2387474724619425,-4.459171665357352,1.0377566632717339,-1.1148824788477072,-0.9970974626681096,-2.9156194602380836,-4.187608787789176
1.7202520898501972,1.7407100140713825,0.96563644805676,1.28677199084164,0.2636007742156275,-0.40806732271863555,0.4790050373733782,0.05516575311178262,-0.9091988395708474,0.9158599352086525,0.35789794194761576,2.4695138730346815,-2.711558817328849,2.5404350629619565,1.1901163008365565,-2.5381829282607917,2.3008357948935885,0.26973635097747084,-3.258340055386644,-13.964374895162019,2.1636899346832195,-1.7041985666606247
1.5885663440983837,3.067407311637407,0.3370917775874244,0.5688294323154662,1.3454946118200604,4.82032826455111,-0.08737725014591655,5.399574544236537,5.534097623486963,5.4989092937470545,-0.17705456384167875,-0.7596250620736977,-0.5534621388884969,0.6745313005399185,1.5859711641950398,-4.470802617798288,-3.7215146940748967,-3.171425095908301,-10.24522278232406,1.672777334475103,-2.675518529230423,-3.2035377334569355
1.6944803372679782,1.667615066506944,1.4128161008943794,-0.6274575458780729,1.7886775510738444,3.04129111604566,0.20090171428646023,-1.1026473549119071,-0.6734132879300193,-1.4054948069265598,1.131721873933083,0.17462017782479147,0.3506020141780683,0.5908707225138207,-2.973223172736724,-2.9983332067973296,0.6798972335818708,-5.500567652452106,1.496215922915783,-2.867571909400031,-5.045954318639672,-1.854305353852857
1.0708756630698348,4.447160386225028,1.1354542207200973,0.9880434367313452,4.932902279265117,-0.16307164268388186,-0.7639171672958052,0.6091318160426733,5.165632441734323,1.2989750546847458,1.5473553120681685,2.4875013810215423,-0.4710400362561634,1.5903564802905386,-3.008580990045193,-1.9382987422279159,-0.3192923364059856,-8.118647124132185,-2.067699892463889,-11.62084414191604,1.101782839429234,-3.5347715181063393
2.027883526997275,1.1654633055968187,2.0922419725527335,-0.4388695167699974,1.1930953554269104,-0.14313052073601543,0.8802422399407421,4.552828740068627,-0.7058649480195067,-0.09795774350528662,0.4453311834874291,0.7536999789839313,-1.536376335286996,-2.291629574891836,-2.234075381742191,-2.934481522979516,-3.0526721805627957,1.5824838441759024,-4.9441213924388645,1.0524553287385685,-5.590508684902926,-2.105564468809849
0.4669051603291231,-0.006858245474181113,1.4620573974855977,0.558165249645663,-0.014014335205439666,5.086746899426837,3.6795864716960165,0.49308201585725564,5.723509684841019,2.3532190477212342,-0.20609559115346346,-2.6372948296772747,-2.333609746672205,-2.4256444007937747,-2.772060770052601,-4.045190550410523,-1.8040467784692926,1.1687001560309564,-10.121785667404238,-1.5968517900011976,-13.674943183785535,-4.398743005827754
1.9322855512711903,-0.07856411674517656,-0.8324116675305412,2.7690942991362575,0.052713008049920296,2.283946088850783,-0.6945773399253602,5.242616859535501,-2.132914403294904,0.09598404855829465,-0.22207589305823333,0.32659062160685026,-0.22837927712588513,-3.1186230466253737,-3.150458207796967,-3.493529648001477,-2.7228116365564423,-1.0315490644921583,1.4705253937247031,-8.827189152467536,-0.13525635606020112,1.1882497942551147
0.8821493662659026,-0.39556554196489724,0.8472179133301334,2.7156827762990856,3.9513753710109087,1.1761656948148376,5.246730184451305,-0.9949610598690956,5.838596379684871,0.9873035964098957,4.442324031122178,0.71206150229902,-0.48338159575846595,2.636543329248729,-3.760208258606288,-4.930499956867371,-3.587627486436647,-2.6236458807304563,-1.8634655335018957,1.8508960665334335,-7.807191814582174,-3.020863363397149
