script/wind10m.json
{"header": {"parameterCategory": 2, "parameterNumber": 3, "lo1": 3.000054539987559, "la1": 64.9999836372058, "dx": 0.5, "dy": 0.25, "nx": 34, "ny": 52, "refTime": "2025-06-05T12:00:00.000Z"}, "data":
[rows 25 to 49 of 52, columns 0 to 33 of 34]
7.143844190141451,7.284457925738009,8.126870478710494,6.859670527961663,4.574224298385546,7.372553783901611,5.136277389407796,5.9042199008716105,6.082392363617434,1.8317862418659798,4.271711741907565,3.398756193342261,3.509330687200985,7.859598531376919,9.228658929538769,10.320306479917404,10.93513247771,3.5127834065822676,3.103175985172837,3.1029800136440824,5.5773970813722205,4.766739109616999,1.7147680094815987,2.07729980561124,2.220382025411137,1.6868046375815715,1.2394788570856923,1.2672342912553132,1.7495340472469803,5.488883943287219,7.914814078998483,6.401369860910304,5.358470275517084,4.626850142348207
6.764994963273741,7.815540952891246,7.7182262289679056,5.818510823100408,5.074132747615137,8.714353092092946,4.564949126210569,3.5241800273074704,3.5721337760785667,3.285305692587436,2.974639126646142,2.990093194981256,5.7914484400102255,8.662514921409429,8.090324727343997,9.903075474210038,10.296953828426682,3.70959700177936,2.8857605583239914,5.746730622001202,3.0715553805169185,2.607340587578107,1.5958471875638414,3.2538452579143047,1.5767537567042782,0.8275111480877545,0.11808165385638089,0.20699943627229186,4.546229485772945,6.208793946149721,5.510587129844602,4.827411882120252,4.633125263023395,3.083100640593128
6.658256753724205,7.627648298880604,6.936011819971004,5.258846322588375,6.860030322330423,7.979463817916207,8.345948180203225,4.86894760069031,3.8754843450430263,3.367482450718688,3.7302554810882587,8.784397265295775,7.608301853580509,7.793367344133611,6.862711361843113,9.584465371206877,9.682519798117717,4.903535322438737,2.650775302819033,2.3806351225874294,3.4139083210508265,1.9378419977497907,2.0683462937387893,4.975250752170696,1.1953118576151083,1.1341906736082694,0.9796171978419418,0.8119231817003085,5.966807423475448,7.3705791697416245,5.56920879199245,4.266724575415428,3.2293755394644634,1.7174362601295374
6.327291226071251,7.418943746538549,6.228452028685676,6.6862239941782615,7.081003521061865,8.45906586934746,8.683592918502832,8.734043306672822,6.549847843359402,4.832113955066492,8.350790740579423,8.898693331034814,6.312361640491933,6.409242350428981,4.385364360154602,9.895955084416363,8.890785424884559,7.500959246263736,3.0041817580157395,2.1716371865767403,2.138159610752652,2.3098152996698724,1.6517041846795442,1.5043717457871442,1.4985742302843086,0.9183987874061824,0.7838787691879889,0.7802914321844856,6.78016872935741,6.308782999730395,4.831144881934381,4.255315273362697,-0.8408300638882633,-0.6542419912896897
6.419016580228967,6.569290812526886,6.7979888461570495,5.686340869027535,7.534074915446659,8.016144228833188,9.092480168293221,9.57250330552214,9.89698373126527,9.446370805540427,9.65956329765718,9.362661135385657,5.41387992383499,5.105203408274846,6.593222761923288,7.349407703378189,7.000072041277368,8.771282674659387,4.165077177284596,2.6710148531748086,2.1311354268986267,2.01828829208021,2.107018150651733,1.9289013835919522,1.490173574874073,1.3623501969372656,1.5127678616037965,0.9907623451042232,6.096962401470174,5.865273436014596,4.581170149399181,0.7151537326958203,3.4647710495674184,4.371897424142778
7.4947691159948215,6.8081719559437035,6.074554423067339,5.049363558753319,7.9867506543940685,8.198808122930133,8.820121781577347,9.774147807383558,10.352957942267572,9.25259532837972,10.12838411347102,9.188418606865794,5.799244477680748,9.08428298693357,5.531866614938044,7.754954482002461,7.368551951546246,7.466087507289505,3.2313088287250005,2.9190141543951063,2.2839204945630045,2.0380690916059234,2.031760614218329,1.9481841499457755,2.0700445755561407,1.7041514383073695,1.3935689388239716,1.1410033527650285,4.267570803504289,5.570148811621599,4.797834264888702,0.5761513952321732,7.490929267514307,0.8276855887027105
7.021121122993429,6.273649711614223,6.0552563977627365,6.85651435255797,6.9049044016235985,7.965937013745981,8.266414254232446,8.896130349975737,9.212539129584604,8.767215090463457,8.431950317172234,8.883292019607882,7.109764170792017,5.479031978305962,5.642832671775324,4.874962461686072,5.422750647829006,7.812325010971197,7.677543785939993,2.6827040927703645,2.529503957513623,2.171871714741744,1.9166431279454217,1.6150115198747284,1.5793538483314216,1.5001527583398238,1.099330243416143,1.6096591320119042,0.364165862132335,4.44634431716094,4.58557782621618,1.1035425892307922,5.469423198579019,4.262657243879605
5.298328205188509,5.756197737677739,6.658934714654463,7.081798153088702,7.075560213996232,8.143540956843538,8.41835981448352,8.429147003073016,8.143998975686813,7.8967569090145675,8.120995741179073,3.799672877956394,9.400640831409735,7.271468566885237,1.3935812078229837,7.151718182210854,8.95041460690226,7.3113181316127696,5.9149918518608615,3.0399765092837634,1.8695700307620116,1.6213756451517523,1.824629487440984,1.637883326125765,1.2705976393899814,0.9524356824084617,1.062422801817267,1.9267633653694995,5.007818887040211,5.820731697206458,5.314783174786838,4.988424423550441,4.263354658497514,3.9659488249827692
5.436140447844629,5.5360186826049045,6.5876946756130135,7.434201792616073,7.390864090265389,8.260877698553422,7.449747110494152,7.6419409157069795,7.182842033246519,7.848471201918924,8.510494732911825,6.125809112475114,5.335641742939682,5.369608888464142,4.807026951956893,8.61015086705425,8.708211032948448,6.719163888866398,5.556082134877772,1.92197581651758,2.1784649343059366,1.8186609166058147,1.7411132585089137,1.4424096938028963,1.4926291787637775,0.6186852461622862,0.915532198085522,2.2347778792055144,6.8065303174140315,5.974463407401548,4.839008442670182,3.4115288328932944,2.8126715087675547,2.627935533225093
5.542510625129206,5.619795313374084,6.710852157237586,6.904252778975281,8.03681121882014,8.020244475780874,7.616822022706491,8.058747747849512,7.443338462525146,7.4257802048037815,8.486789123230142,5.321157642473115,4.338368619396718,4.278996366173293,4.111443148839212,5.39394435286727,7.831377770467299,5.9220813456173875,4.547460622311492,5.120066782363673,2.9322145780227244,2.0824887565135053,1.8636521998166728,1.8545880529504335,1.4192005653569144,1.1499786969082977,1.0385720646998347,3.6454865823206166,7.519877209412022,5.806159924991861,4.702333911338279,2.8432720511070215,2.5984801826463184,2.334825057259019
4.815524889627686,5.812498421978735,6.165909365825224,7.313831452116021,8.192625969107182,7.920747251112739,7.930298013633444,7.485242489440623,7.060493845086999,7.896839448753139,8.774047344473779,3.7820358341032096,4.622409066973658,3.7696533946125217,3.12870230090635,3.8124373076675915,5.918142633456749,3.5163302892999955,2.0372557546312566,4.752495964752355,2.039879926725012,1.3997942386314601,1.7975425969454064,2.3999989091847684,2.631829817504782,2.8923643696681416,2.002174570836132,5.8797460269252095,5.40833555096526,4.694610333607109,3.796288937488969,2.781840368325987,2.4820418432231848,1.7058260798071951
4.815805508887332,5.694743887996527,6.9236777907302,7.690450354046793,8.102924141697137,6.594684676101763,7.097817667485392,7.611850805743232,7.423433075423898,8.073475033675617,8.74135276632356,5.432936753032612,2.5128219020937355,0.09154587898302971,4.224098741482192,4.117088505401327,6.644494266294779,5.260518535308555,3.3699624122157803,4.386344621297193,3.953797521237495,2.224166541084532,1.904072984985664,5.367654344981361,5.690365806267366,5.674915440201095,5.645093068495285,5.342009369542748,4.094408359779033,4.601778588553688,3.470710229920327,3.003796110066248,2.220301227260198,1.828549238931745
4.393028730367323,6.265522693880361,6.914858687032469,8.589076525776155,7.913888902351432,7.26742500815897,7.4597541782303765,6.982002028988822,7.246509874020922,8.000842341393838,8.67571280757794,4.609965938741889,4.930434334655765,4.100769915936768,5.8814078632644415,2.4903284663687053,7.152629557321681,4.652757056692215,4.181039658238879,4.430266797413375,5.094369459059351,3.541194783469672,2.2844747119912134,9.962342050000105,6.250807460618702,4.660423436238436,4.6420417568659715,3.319668229361823,3.594683236093895,3.226020988525962,2.100370213158286,2.129446916558081,1.1724110281228926,0.6618103674615192
5.1742587386192005,4.834055416450272,9.264471234436016,8.152710192900175,7.041912323523432,6.351038774153968,6.863625673502516,6.828637116241391,6.957372162225916,7.014757566250449,7.935673161500687,5.112203656640534,3.9964295868651343,4.037305542711116,5.799327712894022,6.113129964493685,8.178710281470767,4.167353664993598,4.268587501433209,6.872758208507472,4.926836045411467,4.312406677945526,4.286902709914799,6.065747083291314,4.66389530831621,4.057101317806722,2.4185203141708325,1.2764224256008727,3.058450686154876,2.2071856418976346,1.977367591973281,0.5007661207897247,0.5557462348619732,-0.5089374805600927
5.429229387095016,7.25994013483853,7.665705007095464,8.335496910787032,7.442636137294421,6.5233314430939675,6.429553146792851,8.061025067084884,7.42673166968916,7.262682980246434,7.5941342011496,7.3461725684651755,3.8180734896758692,4.406123714454355,2.68349514115478,5.796818387718441,7.590119459813467,3.775032074008269,3.72307857727385,6.146752531556039,4.683531243077177,4.484667374129501,3.8307548223313046,4.299667504064547,2.267931367209188,3.5636724631487158,2.710982707632556,2.135445510188374,1.6807621938992166,0.9935171353569531,1.2691968710845019,1.1068557856314114,0.09868338561547446,-1.9172131014546627
6.923730416864051,8.973231521431632,7.529723455121774,7.566377494907498,5.96618801261064,4.777080850348621,8.57726967148212,7.651348666312005,7.307250136100211,7.300925931621958,7.116244203152256,7.5608974700798495,4.362304060639155,3.5980289051318484,6.022586935912129,4.055100891542159,6.4712502267958625,5.582724530796175,4.058022592054004,3.877180556384971,3.213714426226748,3.654592654596248,4.844774706351889,4.57673477208508,1.9211532876500816,2.129174171957277,0.95430192744838,1.4555206511777274,1.613547877479018,1.7676229262729612,1.0145348918412527,-0.7572630823637705,-1.149064987839235,-2.78848618213345
8.631908866896264,8.473170884850816,8.617334041885801,4.460321554916401,4.3942670976485445,2.0879748799466222,8.856982737792023,7.666133040688215,6.482590926090941,7.621598915873482,7.67666346418272,5.687746064279294,3.1619793523950257,5.973494951687678,5.597863737134317,3.951771261999541,4.123449002357167,4.541933811027528,3.9996362198882673,4.861859801957303,3.0550450576707675,4.788775805389991,3.9638797720033017,3.6644011822739317,2.322047239110734,1.301867081596453,2.1075514889274864,1.412199639890009,1.3771510147469277,-1.628005115255407,-2.7554769628065565,-2.7674174562715295,-3.5534753232106486,-4.10104974353028
9.472490546169672,8.201300139771702,7.872604761405268,6.6170954185002815,5.441900901310439,8.204232276419706,8.889224879688665,7.080075769121264,7.634753673983614,7.1745506222724735,6.551146362977764,6.729538070239723,7.66356083682356,2.579263392522141,5.513150475684237,5.314803650125156,2.676823535899147,4.27705071440947,2.6835142506833587,-0.15059904102112778,5.448060788079894,3.826601115860171,3.2572872069462844,1.1549149507368317,1.1692633118042903,1.1100275267631712,0.8545677468024124,-1.892980919121935,-1.292558081269538,-2.314787903033024,-1.1510777514602233,-1.5931443649823769,-4.816975701857303,-4.356955278911931
9.64088654113672,8.462746150958269,6.273985699960729,5.646769454974001,7.356513733797839,8.545601796927059,8.779868911566828,7.606672855489772,5.7471801858811284,4.642277200966136,6.622801178825849,7.865645791092772,3.0528246447636946,4.900232198921436,3.9955138440269025,3.2523172157117943,2.5225150556759046,1.098867886619759,-0.29244262200390153,3.1501844552724743,3.0953858526868263,4.580737991855386,3.3464952830942645,2.0968599501617327,-0.7228137602445311,-1.7580459542861386,-2.296175188570981,-1.1376745935705754,-0.997157023785664,-0.9829469816645326,-0.4746053371067849,-2.665617596536681,-2.958514084327271,-2.283586913765414
8.597313356955397,8.101950478761685,6.5699059667159165,6.610049300271094,8.15218550948784,6.744698490846492,6.300840669315108,6.0978074691469,4.4341986616968185,5.527328546213459,6.546339575186501,8.336423641596141,4.447532371622804,3.5170477316203828,3.257899520251312,2.512866417505185,3.7271931731972403,3.5682717814998774,2.1544984796692614,3.144145098484657,3.0091090962476823,3.2105677059614264,1.5007326689203297,-0.3814147587272521,-0.6907975163933444,1.0647184468503572,-0.5953264993275472,0.6562926918338529,0.0289237216687768,-0.6177783581529258,-0.7290445495095549,-1.4825282425194866,-3.1362960849725288,-1.922736480990033
8.537599785034683,8.740944471153956,8.23905227828531,7.963402732268706,9.911636505980969,9.885956136762273,6.442155234727352,6.575130674989915,6.212829625933939,6.3703236623361885,6.109260735543609,7.010482404477898,3.5382011724494244,2.1485012338181892,1.9512252638413603,2.306896448469678,4.027674981241776,3.1450420332720697,3.128837386967106,2.6887185743610287,3.5091446548741136,2.7989504172300843,2.102664510386522,-0.43896385753699513,1.5903494599002401,0.4544018386586509,0.06578076299542507,-0.8290688906495025,-0.05813840466664833,-1.082152538749337,-0.8412450071887427,-0.4353919531338635,-1.445707498912554,-0.7517877890940242
8.89100953853168,8.566222192614774,9.107631499853058,6.909711704217008,9.166870320640408,8.058600825064014,7.100190625891107,6.306061478696047,7.41941841480755,3.8724342184508487,4.254034012573233,3.626439146338663,2.0608546197429187,2.74387295775358,2.4579584717606466,3.209178315727425,3.3101469277892246,2.188470856121886,2.9985000437389475,3.0753315603487383,3.739328880186592,3.285957561920963,0.5242058063099894,1.2824686766512086,1.0565319235922506,0.8178903209888296,-0.23624721358361658,0.6297504388083898,-0.2785486346639475,2.9396727954232778,0.11970433307716877,2.6869591929600034,-2.217995672184152,0.8490787158977813
9.870896876263163,8.902745123737047,6.391184632642295,8.382074735615374,4.312347421526842,5.325826345534682,2.8410975217457475,4.490986178171439,4.256021818136045,3.1876261681378466,3.512042876047189,3.5335246789312595,3.2194433418601465,0.8894404759567558,3.1253489984340512,2.676690575996822,1.5884931816826828,2.2398128084697637,3.1412415612471176,2.2422603335829603,2.7365495274545553,1.4618364192904998,1.845713655494194,1.2031619980114787,0.8894893895409508,1.3394269321970595,-0.21938584338725545,1.4369813624708128,2.3293002640848495,-1.31914284739962,0.21422769768067243,-3.2982999430762585,0.36931740402076996,1.9634920471294341
9.027928033768893,8.78711362749024,8.309059537535386,9.113961315056565,8.897349692852423,4.837398152018596,4.435122777915667,4.1531905605916855,4.593840879327741,3.7104327644221677,3.3841921152785086,4.234136137354659,5.041446533564953,3.981751184380142,3.0884510334398625,2.3248123327140435,2.5834898758692457,1.8928190571081052,2.669093921370455,2.0822619925264196,1.1201455151116548,1.3251434613543598,1.561833181999838,1.1480045819199098,-0.04314891352349158,0.25499614794472064,0.440626652954674,1.014303140290196,-0.05555974011943619,3.2182626722951824,1.8625108314822523,1.4689092679007234,1.2181340863753267,-0.7424518802322694
5.8633061711294205,8.536541205887588,8.019107148382085,7.826837303283036,3.3115602577111733,8.40006741603448,4.968766556463023,5.812420208541657,4.251627337026969,4.337268360735257,3.9471263753571213,3.633202845865384,0.19863276640817892,3.0297026503428293,3.5981569313209167,2.65013437426106,2.0485933323577386,2.470088994465092,3.056402024723403,1.7279448212958948,1.5457748661477941,1.7852684164484232,1.581276027063536,1.1750260069414322,1.1068477294609718,1.1172283611814975,0.6554558693195921,1.2034385384881987,2.377498387103993,2.3556575656542154,1.0819213171227329,1.7550071302675014,0.34872827981027593,1.0117697134409118
