script/wind10m.json
{"header": {"parameterCategory": 2, "parameterNumber": 2, "lo1": 6.000027932988019, "la1": 58.9999434238085, "dx": 0.5, "dy": 0.25, "nx": 22, "ny": 24, "refTime": "2024-11-02T03:00:00.000Z"}, "data":
[rows 0 to 23 of 24, columns 0 to 21 of 22]
-0.3366513213453653,4.006360939414365,4.317016155837278,1.9188997939817822,2.610906841240211,1.7724576415180104,2.0434074526013455,1.6722196162039369,3.366694299846985,6.17985572634707,3.6711209174478894,1.8104831488243416,3.1720912621113717,3.125339823024537,8.152656296021702,8.29630597667942,4.030183936558545,3.580097954936888,4.86325365732093,3.8564416034431916,4.536593470469888,4.45461545112765
0.7655945087889409,1.4462818383906373,1.0755918030278973,-0.40368655155089916,3.052144281437007,0.8575808839642618,2.2753745740796893,4.662635141685101,4.704799419729678,4.785993237597247,5.143180069519078,2.2264165635539084,3.165208401729647,3.2205785632052137,9.51129569442453,8.993655074302168,3.235704819794434,3.787196126194922,3.1295997355926577,4.415533836141292,3.549085354216357,3.7689436281885675
-1.0800750510249224,-0.9991778548710455,-0.7030055276968654,2.115809118411694,2.1901746622836944,1.8181323896036903,3.3615908855695587,3.7134923790532146,2.967066763471022,3.5500405906945316,3.9633676728965184,1.9543883102767174,2.387286604087523,5.895419161333465,5.737012372676287,3.1404121454380576,2.3668121996520255,4.298941853816884,6.335070002528236,4.677669033582619,3.7662192509767936,4.755032120684472
-0.26061406754414296,-0.14072763287019857,1.3916758924142827,0.7818444527622052,1.4662229591875542,2.528954457502441,4.541304500452887,2.561753201591232,1.71005580128065,2.1815446654132624,2.9635842887094923,0.8612461261153656,2.054962369505956,2.0754643257602696,3.8096977032425996,2.4834866800376485,2.566433283476799,7.8138984832605,4.1331421048778685,4.481184929128775,3.2948646103558277,3.4402916534635524
-1.6003098351027034,0.6482505748771122,2.631467158186557,1.3055258370589047,2.861086992484726,3.848888798915568,3.01190119253411,2.3690679499928122,1.3829973972553888,1.6887304610448337,1.9321833917954143,0.4036141193789143,1.4874152722944112,1.8165615627753906,2.038222718191675,1.9600487214509459,2.6653468834227896,3.7472500238184576,3.575618765674476,3.58094581078451,3.546639379217385,3.362996996814119
-1.7229738388078346,-0.15793561516976903,6.995042526769537,5.118901062402004,4.27871282514726,2.0857157256137997,1.4997723592805006,1.422225710339564,0.9861170135910013,1.696526712362559,2.396880860566864,3.210300398906244,0.43127347769953167,1.7152894541613752,1.4548821376250203,1.6764918442145265,2.9612256873707143,2.8082885346210116,3.307142450415835,3.4796504061053817,3.373923504670536,3.1972418362925206
-2.490430885200457,1.7709031341326669,6.047081499726533,4.443413784775768,2.518744453983898,2.9396308660383212,1.0390655379944023,0.5254088956901873,0.3632837570873823,2.237896900942647,2.402174793264064,3.2078238405224186,0.7688766370292346,1.1947721331178907,1.8260716334453786,1.9816196191495243,2.8073351693659045,2.4279480387161727,3.218720963542308,3.3471237025867278,3.171174376451603,3.166543691005015
-1.408903226635337,2.068127255251324,5.674511646218273,4.72698550301792,2.3973096838913666,2.6710155785019727,0.8465983435023686,0.40309594969967216,0.9369720198461542,2.598349076941833,0.9407963924489887,2.7371386262326483,0.3315143481281107,0.6326801296177484,1.6257758056329576,1.9325491687849448,1.592793358010726,2.205816213710856,2.6036174046096465,2.9125077685345055,2.854570443377769,5.518762002833279
2.8700226629395944,2.9409759913930182,4.178782296094904,4.31106649990982,2.553164716683436,0.4796097196550693,1.2564645126080771,1.3407045340848995,1.087806213237035,2.9369893040299577,0.8140492441669804,1.2543961219779252,0.62201102445493,0.32964353017674997,1.3185655273237307,1.4183651192935347,2.008839560517785,2.3183746973403228,2.567175422669952,2.642270809670844,3.282774829189698,5.178848878864619
2.2547305936455597,3.866430784811334,3.9163326319575362,3.57828319944876,2.06638802110767,1.3280238243462024,1.5348224668372141,1.5811278414914807,1.493840655994272,1.409058703167537,0.0033056963294231883,-0.018078808968725428,-0.7145913737013929,0.07249733224345856,0.2739460095265873,1.5574249619045777,1.6426505672474976,2.4942512971515316,2.553961395560113,2.719987470736491,2.491446156269296,5.077714953624348
2.512932594677569,3.172699021194414,3.242092355180858,2.7308322009220283,2.2442298749607548,1.2514005179668293,1.4689660690497557,1.9309939858331353,1.5725276206624288,2.3455078838993386,-0.7045710801991395,-1.394813119453584,-1.3303156598293726,-0.7461752413307603,1.116015998223386,0.9751465837659806,1.2892574790418159,1.9623505255454714,2.6771797532512958,2.1363690466314926,2.4264105972592764,4.871526328389389
2.3615559046647325,2.638921365777297,2.559881647826935,2.5402056863003337,2.2106602442056857,1.2434478959832893,2.0177796159039723,1.8691737760318647,2.1477721848807465,1.7760559970176575,1.866621567883217,-2.0053655315155234,-1.8683671858789426,-0.5731756697201964,0.06475571481858156,0.7393923893781925,1.3679051598886276,1.8845512166901202,1.8708062155933287,2.3282975280472327,2.7299736886566075,6.286989896299874
1.7090954770925557,2.745732703889265,1.9525254335358766,2.3357142608121033,2.112884105469031,1.026610529698545,1.1510608334719585,1.5222066867670785,1.6680852861875426,2.494228849746071,3.295610597913237,-2.68125615074044,-0.649354778132612,-0.6851114019452675,1.063930579096987,0.42918451092541005,1.3836401168946872,3.4303636794808994,5.369439749352061,6.446338538277879,7.313060318374245,6.931014222816793
1.8788062371180485,2.270562124631032,1.92344803687865,2.0473901175764633,2.2112663638596755,1.0171923585994558,1.5747602985896954,1.2849158223288037,2.351035661373362,2.886237861731632,2.611832369032481,0.19728422561169345,-0.7969456954782438,0.5169167001586947,0.9179189661724818,0.992590552836828,0.6950696710673849,2.9094520402738144,3.4145002024439473,4.901234583600556,5.847714991406774,5.699094182203584
1.5766661750757192,2.007206076095435,1.827426163588722,1.803408958181906,1.8719366630991117,0.957744070789809,1.6864078503704087,1.872483932538446,1.63248714308528,1.8881156018202432,1.741797747299737,1.9910078503549706,0.9187271568640156,-0.508644908198194,0.10042962873565182,1.3289804015553268,1.7136264876750797,1.1826234423315942,1.979222649803242,3.1544674564208504,4.357471402745951,4.697598352932912
0.8261077158755383,1.1970662570798654,1.9376472324571972,2.0469719492168306,1.6344838227415237,0.7483109526797606,1.2209588756317669,1.8842987831967293,1.6624648032968008,2.1710807468557394,1.140525554482516,2.1373755329001347,2.8094642523016695,-1.1487785741066983,-0.3911429033007307,0.6497098262958615,0.5925657870435573,0.35046177297484415,1.2666419389905845,1.6488000271086438,3.337167029147892,3.9443423132463264
0.19155390433675987,0.7720000261363948,1.4613675272170028,1.8138014864498582,1.614505583085492,0.3185671429052951,1.0127182804924726,1.6969497336162003,1.5686458470570321,2.373530696548543,4.6818099154446635,2.79254242333162,2.166649505969108,1.467784824612902,-0.36375992714009914,-0.2743774023486079,0.008532660787961189,1.4493590074747877,1.2198776380405043,1.2924132832458848,2.099765115361071,3.277450532372773
-0.4416025871228799,0.24654595720477163,1.0938829897877946,1.5412339913221063,1.5561720948565583,0.08440198016788272,0.8341428178437412,1.829039141368094,2.910805372814016,1.9263483994740247,3.132392900635772,1.2993349880438732,2.2323957895548063,4.257130638402005,-0.6602096826379952,1.2202618808851897,2.01307352963864,1.375202764495908,1.6875848027194615,1.1890178188607534,2.029134535996961,3.524090063052417
-0.6221952561384421,-0.2827237836687754,0.41698622658079465,0.850753056290608,1.358813815930787,0.6911997772872565,0.5012537263679454,1.5756658618422175,4.003065542891469,0.9243069237142639,2.1859111149523383,3.9399790983596135,3.3794022658477383,3.217704389403306,3.0391337164892227,0.1130017053970069,1.9456840432035853,2.382925937548681,1.3329115580938333,3.4326685936293684,2.2475167796202795,1.7670655704827365
-0.9791566549177574,-0.37759848957717135,0.1402687117345814,0.25360523471507,0.8113529275081794,0.4773021394366673,0.34809467990771203,1.5197260507159132,2.486846681147379,0.7725329530635532,1.3338203270589903,2.454775128160544,2.584658159703625,1.6960419696475788,1.9590652890461346,4.739538493558751,1.3422554826027104,2.488727951197106,2.671429920294973,3.9071177669058845,2.2423507067944035,1.6927034999606105
-0.8852729369119097,-0.5531893317753509,-0.15260909733879824,-0.10275060991197434,0.16716391481088652,-0.1675296030579121,0.3709651281704383,1.2867256217663965,1.6348144214009535,1.8126508817928229,1.4804126060905907,2.4572534030812356,1.5725851339807648,2.2602126845989865,2.3909906205423583,3.069413484894875,4.069563839605108,2.6571449188862912,1.164023648397879,1.1576737020359644,2.4294697829517573,1.3379421051221814
-1.2117888189276738,-0.8425819954123279,-0.25415593027535116,-0.3534696179108065,-0.18532539762409006,-0.3310024846802937,-0.6825580153593788,1.1469293366125013,1.3519434516685223,2.9577652952315465,2.9038654931490706,1.412378069453255,2.3948116580353638,2.2634299333308987,2.528219885307314,2.5002091935496393,4.2796154576039855,6.151017458860641,2.0136612439422503,1.4784985391843009,2.1857423041255015,2.082127133972364
-1.5924805742689803,-0.8011369470514715,-0.5293004836479256,0.07539953872857252,0.5367852163862814,-1.11484839528599,-0.6794235779616441,0.12710578497945668,1.4419517505891888,2.2340205736807097,2.553766041786682,2.0846652119224385,2.0432805795390077,1.6594370088214194,2.453166584183759,2.662164475553707,2.4678761311528565,2.1232222082940857,2.5126315717490533,2.4165001522118255,1.7711856235309196,1.6328721807071187
-0.08537927739619296,0.4676545780712332,-0.15254863969139265,0.305372923531021,0.18065980763018108,-0.8861658405091369,-0.9253201316586176,-0.6263498792490769,0.6867992611871615,1.1089236375536164,1.498570299795519,1.6721836102091738,1.5894283332181276,0.9677161953604737,1.513555567454746,2.004823540671619,3.050564127504322,2.64522619040475,3.2367907142817,2.0769069813288596,2.3866098483976046,3.818857914523788
