script/wind10m.json
{"header": {"parameterCategory": 2, "parameterNumber": 3, "lo1": 6.000027932988019, "la1": 58.9999434238085, "dx": 0.5, "dy": 0.25, "nx": 22, "ny": 24, "refTime": "2024-10-02T17:00:00.000Z"}, "data":
[rows 0 to 23 of 24, columns 0 to 21 of 22]
0.04285419135821322,-2.9515600392233896,-2.956131362588238,-0.3004909773979579,0.2072406492783379,-0.5737777681396395,-0.3269478996198662,-0.4147986487450504,-1.679184017849771,-5.2317793141990405,-2.7265243440963056,-1.4317187793151935,-1.0981158924920706,-1.2966195774133198,-4.306130569914189,-6.55673724181529,-1.9707403904790115,-1.1604202205540628,-1.9432144906061428,-1.8853964234143121,-2.37567242452251,-2.6110964014527167
-2.8290682585547473,-2.1917836360466034,-1.8000959168159818,-0.3774407635241751,1.2753472154305117,-0.4480643027202963,0.7252035483630237,-0.7394385163168411,-4.908040052357969,-6.38797220157401,-5.94728112859621,-1.2037888437793158,-1.2503358310193176,-1.9517200359410873,-7.113853203254574,-6.079601741609997,-2.00726407223018,-2.4209737750084837,-1.6882509454524437,-2.4954034836266517,-2.704288091658971,-2.6958389462447996
-1.8993690907945318,-1.4131746991362322,-0.1898501054566322,0.5358129531189697,0.7175174996470559,0.9829090807051452,-0.34894347952774063,-2.3782384025995027,-4.925025635764781,-6.188958312933362,-6.7342223817726055,-0.8931258239211064,-0.47920012159167014,-3.5357390753805715,-2.8715201514442112,-2.27556875134584,-1.6864662722452095,-3.7354497975161167,-2.3644975593547,-2.1648422520401027,-2.660641551899081,-3.382172938150022
-6.905474558740888,-2.24172107254298,-0.10900052614402782,-0.15456353711262066,1.26989630594801,-0.1085118555917674,-1.51979974363258,-3.5151963689964965,-5.552490105136827,-6.448960477701337,-7.2785058606777,-1.14215047396885,-0.907561323629435,-1.5313165260566557,-2.408098212465665,-1.1118758050513022,-1.889051824817946,-5.740565853304591,-2.0633394863484984,-2.2207114415205997,-2.227501919480213,-2.778518387396007
-7.249208953597143,-5.358857611507145,-1.5747100281956765,0.08188353093381694,0.6829651496997209,-1.4033307641140085,-2.9673476642666983,-4.801424230075271,-5.423254877465618,-6.331280448387378,-6.812332120737947,-1.436547026354428,-1.6477890693034365,-1.4988076490048148,-1.6212861801091085,-2.1483250408568715,-1.7126674547950498,-2.19963972302221,-2.5325812588259202,-2.327049540437691,-2.5538726156386033,-2.0233936737124805
-5.534711605483327,-3.979647998435459,-3.5436239662386093,-1.8671796425049227,-2.0688010307304214,-3.131681762368358,-4.869834462367184,-5.3660527835006375,-5.361195713966931,-6.580681645636514,-5.565291740852195,-3.961621373400057,-2.357732911681961,-2.2860128843763463,-2.5048765187671207,-2.323992515075728,-2.131470967769746,-2.3161664167620137,-2.5458172511714285,-2.9653675956369163,-1.1729457309557878,-2.4568333254404164
-4.211641347300561,-4.381024578945262,-4.085483757492572,-3.9913021047115818,-4.074128704451441,-5.42862053623476,-6.052723938825993,-5.791188187662401,-2.390826504647723,-6.677149978417547,-5.93958953944838,-6.3780698239748945,-1.944826718693315,-2.264965223361497,-1.9360702697853442,-2.063382015776818,-2.6817999474493877,-2.840722909832212,-3.458083303615716,-2.8452840767620833,-2.487391209970159,-3.0713114236289414
-5.154963896692449,-4.976220529950747,-5.365889292934566,-5.49621709384349,-6.058104242687913,-6.81901840226717,-6.393041125393548,-5.538627712424487,-3.0274079829259883,-4.216148858345893,-2.500399799353035,-6.5899148815968696,-7.4546461720519,-1.6583810279386937,-1.8197149857337063,-2.1106071398302277,-2.0103134049783407,-2.323672720444682,-2.6314118715825185,-1.8092626618926764,-3.364509981726702,-7.815804215074584
-6.105254887914731,-6.045955095792876,-6.35901624684459,-6.558621764470207,-7.272137670060348,-2.016525800987726,-4.342866530578975,-4.158633293612577,-2.39429527531465,-6.849704222430616,-6.8348481044162,-7.481060140838435,-6.488695211307975,-1.9467681016319036,-1.9762990282868478,-1.8876944018663657,-2.5717703059243973,-1.9574354683008681,-1.847298067063706,-1.391411685378191,-3.369880975663253,-8.216794418641184
-6.987973206066356,-6.925862010308605,-7.280732819185223,-7.863488522904988,-7.289298360665732,-5.3611940573735986,-4.448607867161901,-2.572683115420385,-2.604977357735968,-7.179790314902595,-6.824181468534463,-6.887379382393493,-7.245570474016295,-6.906069995826266,-1.5444406081098838,-2.072602493362003,-1.6591573317913044,-1.7365996238104344,-1.4840262467388867,-2.497217066403176,-3.2966343075540574,-11.382924639703417
-7.663647754161122,-7.72008049698652,-7.819626851759676,-7.71404517831887,-7.0836064384007935,-4.051013311375162,-1.5311264786103669,-2.0153574991013903,-2.749351044380217,-5.079494800026577,-6.881090312012189,-7.108636828764299,-6.640588766354486,-6.7463885503268495,-2.1293755173952102,-1.2265015379299093,-1.5840695932539168,-1.4938588847158207,-2.517121539364772,-2.891662237244447,-3.766005668743425,-5.524654570946688
-7.5585093032716895,-7.917306336820271,-8.025833465189425,-7.086180328667791,-6.2978372943159,-2.3882777659766856,-1.9252097200013822,-2.6288862150538637,-2.7154100696157726,-3.1224440290692446,-7.61597996048235,-7.711645694539079,-7.979600542470319,-3.935259527924043,-1.769333092141606,-1.5980582997169823,-1.5263066581381626,-2.434513238988278,-2.840801969672721,-3.444771161752207,-4.549670625967881,-10.661549918516439
-7.410680658797046,-7.750905578674484,-7.063398769719481,-6.188050539489496,-4.910794276943763,-2.148749659908172,-2.570903969888809,-2.789502636049761,-3.1797360076915067,-7.659179378992006,-7.743439593625611,-7.196293594532913,-2.5613867896542137,-2.861759925003846,-2.5172451171544896,-2.003029175735576,-2.291122578619377,-6.612749011137405,-8.921493823192309,-10.173562080651573,-12.187146795877842,-13.55086855820648
-7.122995407233887,-6.728193138827348,-6.175624894023218,-5.884042469909178,-5.608116279006791,-2.43940543289766,-3.2003570134661308,-2.1410584213369575,-5.197231570351655,-6.442682084299236,-7.379034079175234,-3.2158922690123366,-3.537927002646117,-3.4730887062497526,-3.540592033951932,-4.099617318296712,-3.3469729807924735,-9.657197735083198,-10.816347002044274,-11.628275832533506,-12.469205064111776,-14.234212073650186
-6.841429388956781,-6.51885365634376,-6.244633015666819,-5.8540936412270534,-6.063752656719338,-3.2643033835962667,-2.8387285209419386,-2.6994967465446598,-3.9772059565551356,-7.374319951561589,-6.112109726463711,-2.7893059843028043,-4.39875165417548,-8.023075094273738,-4.385547087557448,-4.033954409074788,-4.808292639426491,-11.104398978489042,-11.315960699075784,-11.508308774327418,-13.32750090511194,-13.868968088042479
-6.3791022785045595,-6.409762426200861,-6.539461586032256,-6.224184544029559,-7.450905793140768,-4.794952397137673,-2.3362583408657094,-3.6570672008050553,-3.9145235616354,-3.8604931259575377,-7.620524419030947,-4.344440859663224,-3.5427530694465603,-7.8461058527374785,-7.488192133750718,-8.586073855860272,-9.642544986043076,-10.942165363029233,-11.242421160398647,-12.207020749019927,-13.708839494648755,-9.647604061044218
-6.429621689234578,-6.233391490009903,-6.608561294627111,-6.910470985052701,-7.253424091561381,-8.100666005607133,-3.1932597540815166,-4.72975474799494,-7.548843774519808,-4.8097813064016455,-8.598601944189173,-4.257900984821318,-3.993344135181392,-5.03773573302543,-7.6969883374786034,-9.075562190575226,-10.149465519083256,-9.320936271552561,-6.324103822937008,-12.211366220171946,-13.151556524057838,-7.895496860646116
-6.14736255572151,-6.174290604682137,-6.660276981188945,-6.8690129215362985,-7.976347894255478,-6.586793951945421,-2.57501650433651,-4.291287858456499,-8.694130661942015,-6.904812947573048,-2.889209154704598,-3.3597221423064663,-4.224632885798891,-7.9979019358228784,-8.598621022273921,-9.104662496602243,-9.14769093912871,-9.87751877090773,-11.600435196564606,-12.075946602234753,-8.496519721833677,-3.35006397831697
-5.947531408065754,-5.453110670186714,-6.53723941441444,-7.083030968113689,-7.905369342557436,-8.513602444220355,-3.078196897373726,-3.116003808639476,-7.683290488013957,-6.675148339833234,-5.365162854540371,-8.28797386049897,-7.05984057726269,-8.75417187645689,-7.811611094722405,-4.725107750952021,-9.078342111426638,-10.929420477009316,-10.426103468085655,-9.467365908337577,-6.340420036052683,-1.7161379566550758
-5.6715364597822475,-5.660286808592078,-6.332571432880559,-6.721434195141914,-7.919473072878283,-5.395657181076352,-2.7430822113236384,-2.5577033212323843,-2.6928243942404273,-4.016294660467166,-3.6991485858407294,-8.115576558430979,-7.579151655580972,-2.6504213936023624,-2.3518725625300134,-7.266605773989512,-9.289815346766446,-9.139606176628137,-9.4101700360335,-5.852627962202557,-3.310956718112441,-1.7186245430582068
-6.0360435471301725,-5.427649998616012,-5.963353148820583,-6.332325770738513,-6.682829772559355,-5.580323778694781,-2.506149539734606,-2.3180457495160454,-2.128029859585796,-2.537159064311637,-6.661004257934349,-3.396350491935288,-3.1348644190635877,-3.0639971101790238,-3.234513106257807,-3.7508763987516254,-5.679189860670457,-7.874607757366849,-2.5245764050592427,-2.9193920267228664,-3.1690346120072426,-1.8913777785328092
-6.035871556531633,-6.176640227638358,-6.049129208346089,-5.191607829146807,-5.741392816019567,-3.7049174283362323,-2.6453304932842605,-2.4570309638358756,-2.4195403347294033,-2.9899700109285394,-2.5403910140644945,-2.8261230967795603,-3.2031726832404646,-3.3427240912642313,-3.449150495103773,-3.897607284367928,-5.271474970122151,-5.012725595167638,-3.326094656127538,-2.64602161412546,-2.581564909667616,-1.5609815233142157
-4.539772281467036,-3.0994249232296753,-2.849460439342184,-2.2003800141760466,-3.3371993049159445,-3.707097418746941,-2.1819972273477344,-2.077356202486145,-2.9305088785059628,-2.96854642344441,-3.2689935989402894,-2.85067887515365,-4.766775935195072,-3.223581294745572,-4.3942094769150355,-3.5721655685717555,-3.473222423996511,-2.5939643125921075,-3.261988631339827,-2.126237064741602,-1.2344399165353837,-0.674387953765317
-2.351616457556445,-2.3612880643702185,-2.9080843815825,-1.8037615717410918,-1.9354750014008504,-2.6491349714878414,-3.291095398896512,-2.728640167049234,-2.5203105336589857,-1.9902813665606005,-1.869707021663673,-2.987450031798584,-4.010187142307088,-2.8858793984716504,-3.7804994193579398,-3.3004885351316506,-3.842543042318546,-1.6387485776789124,-2.558806561206768,-1.4979238209761268,-1.0886570838370226,-0.47645709477574116
