script/wind250m.json
{"header": {"parameterCategory": 2, "parameterNumber": 3, "lo1": 3.000054539987559, "la1": 64.9999836372058, "dx": 0.5, "dy": 0.25, "nx": 34, "ny": 52, "refTime": "2026-05-21T05:00:00.000Z"}, "data":
[rows 0 to 23 of 52, columns 0 to 33 of 34]
4.997450453223408,3.17188915275841,0.7373266937810232,0.9730151592559615,1.312641723007871,1.4765790741402565,2.300073403660157,2.066099354802231,1.249765056420261,0.38313507091117643,-0.18279818228568223,0.04262172523815443,-0.3758549230583049,-0.563571512738021,-0.6276432950335025,0.5672523389328216,4.393189164095047,7.242661676590212,6.725375942149272,6.741711249993922,4.936222456040972,2.8350621255534354,3.3806296977474384,3.705087155781604,4.007376697357299,2.2774440747293627,3.806229121617385,3.9559681758107725,2.543628623567308,2.1910139208680515,1.0843928477806404,1.7941724130756165,2.8051380268895754,1.8895295480563579
6.6283107813309305,2.549803160711045,1.5858898410383118,1.744307571201056,-1.9684147384444528,-1.7769919213189542,0.748471755339856,-0.164358224485676,0.8505840896443031,0.2004050739981029,0.18326095749008656,0.03230001982895484,-0.9049811636977555,-0.7948311298280917,-0.5657529771558114,0.6833938365582157,4.714938260598176,5.813820655357086,8.324490160964071,5.92873143043231,3.8680529628923463,4.325446429040441,2.1660331372991948,2.9325959878364967,1.0086208409249475,1.5308333171693131,2.834110778794883,2.06056174503724,3.3572194748501447,2.662797383508876,2.0355897334034094,2.207905737904224,1.3146656916406263,0.7887448836077767
7.864919526328531,5.5815126037292195,4.184597668722985,1.1317375606600417,-2.427397248963124,-2.4668089089426224,-0.5342231325850592,-0.34330456282679533,-0.18446432655932185,-0.05922011956823528,-0.6661537271521171,-0.5293892783071084,-0.14503468373774211,2.9001682281001715,4.108475185905758,3.9631788860906867,5.199161712041544,7.574426288055959,1.5855684830236556,5.80178678988814,3.8620224000489514,4.010245269928177,1.651382980532881,3.172273391822711,3.1251706948978457,0.6551105630280493,2.5550794947158844,2.7318417547722444,3.1819999367064655,1.9906411840943234,3.107654874835111,3.5918869491515517,2.5826873631450677,1.1323897612675082
9.254682057930138,7.5488780172889705,5.534856725220027,2.774792155415394,1.0160896343483874,-1.579205219696671,-1.7948667448153979,0.17480139608704776,-1.5261638721429127,-1.824050459185446,-2.0350829723905637,-1.0446892764399685,2.0641340294224144,6.9749717593330685,4.218751778034065,2.218300013938884,5.32952250787882,8.941927195651719,7.685274259326268,5.128273915325785,6.549254624690988,3.2510807365143215,2.6179754308707395,2.326360076179385,1.7990316661768933,2.5257785279048606,2.036346286802053,2.797647628140272,3.3070374752509735,3.259840879389253,2.759419463951665,2.8980490165340855,3.2712505211307774,3.8699384701279804
9.965790105891598,7.628685853894713,6.957835284183181,4.9375449979088595,2.3706123364838625,-0.20287152484740045,-0.9973989862026497,-0.6332366263165434,-0.5816301556102242,-1.167472415670433,-0.7566049611818573,0.8702835258808304,3.078353438935968,5.2529304663573,5.6996271096039015,7.135265627617834,7.98532066649963,5.660190606427822,6.524320948013835,4.184117254870868,4.152867776518988,3.684244117829675,0.5672872317923472,1.6914100209211524,1.2816872316013157,2.134900407750094,2.531319283303846,2.807849609349499,3.243635570232136,2.8232511645949487,1.7412812001497862,3.4782496587245157,3.6862741408026167,3.8454946260657845
9.931565613168285,7.333713983938159,4.857118702447037,6.2805689725802845,3.4486915117746775,1.4085629969834197,0.256722237377325,0.34638297303381105,0.2963919664497683,1.0389447417494884,0.8213925078798446,2.713883459599677,2.7032065457666596,3.7977874757488683,4.483092233512394,9.308983785796187,4.135255008079713,5.061741910993696,8.169043528955452,4.040561651135835,3.2252535926095027,1.4328285445106839,1.3750638886309186,0.872871358733986,2.0475019372346455,1.8795374935596745,1.5773035864522438,1.7412407121077376,2.197197401173038,2.8534642070139733,3.2732427570655824,3.2759084083954866,3.9960642899876495,4.446877732742388
10.882903172594952,9.833094582753835,7.364262375745267,4.937521560561452,5.158561879031696,2.4838603428221875,1.1759941710981767,0.6781968104143198,1.9201082973736212,4.088239886075638,2.0648052824728245,3.3147371959660714,1.4044991640865003,-0.5616097941321154,5.176368005031864,3.6252313476722864,6.215740276669522,9.447558164253007,9.999472933819579,7.519165897756093,4.495698643394333,-0.04444998908029415,0.26430880487464276,1.5762445527168263,1.2863983103793897,2.7108509929761704,1.7290118584040248,2.8346215200472358,3.8360630261981394,4.7352365830196455,3.8630949474657266,3.3253149262293076,3.8067779463256146,5.054618565923774
11.221894101172705,13.277686842260747,10.245309537631172,6.390271837800194,3.574732318527186,4.165016643777612,1.864780987617232,0.24994035361435804,5.250263205631615,3.4203239962807337,4.402595702474567,4.83058158704695,3.450692126461737,-0.09609580058230052,7.880812450298529,14.708519717189336,4.229584617051856,11.269293404866481,11.560660690257542,6.103220378815456,4.707627391137084,3.688174613145983,0.42380852775385747,0.9324424013058187,1.0825754146494462,1.8873765025573843,1.383784054164494,3.3022973730862075,2.9799312630074297,2.7100071952035374,3.5366741348796435,3.948189111006588,5.0515841785007,5.345501953577873
9.693248035084455,10.594099984934962,13.678790692796623,12.232549946124474,6.199025532041178,1.7745758869608066,0.8674008443855817,2.465350995849532,5.059350040808737,1.2884085820124593,2.453672172889044,4.907498784009012,0.9739396736308371,1.8725122353959172,13.355793048863983,5.917679172931538,9.014811581005782,15.582699980545582,7.944543411892023,8.319905964561697,10.496882720416782,6.837902390551391,6.221532686226591,3.667889358785403,2.5476103583375127,1.1719238717351532,1.436770455612495,1.3458043651588918,3.2069455647531684,3.478437209831432,3.1351751333563653,3.511864300287904,4.24963101255814,4.857353741396728
8.076626027440412,10.502298265054053,12.102468966743622,15.39308889132024,8.777120836758833,6.138836315365915,3.5530920367499705,0.9099779935523523,0.8723621321217385,2.713206064021861,1.284854264757234,9.3323908152488,5.881575445292951,6.722939976056575,10.170363099856356,15.697904425153425,12.559832690439416,10.130194871685612,6.082697927103737,5.511017360870959,7.453634066282158,3.2848985403023288,3.1957702485970128,3.560774170362501,1.571467322175937,1.6172437317902129,0.7570843457856864,0.5613154927820723,2.441180071639103,1.8862933351780922,3.6569469568877144,3.424356025877148,5.375948654911065,6.170947481561591
7.627516602569241,10.605811120772314,12.52324635304286,16.132978020952876,7.1570273382712974,7.455131016263551,4.003826503267351,-0.8300698268009713,1.679727812335182,1.8215250406246624,0.8804778382477588,10.174843938622743,7.238338642074594,7.448739573537834,11.66296390642694,9.632773517537869,9.276333618784543,7.44571313118327,7.197964496936919,3.712348918953552,5.118456208711326,2.278618756109386,5.716500477472928,3.9604597667527557,3.052850575516555,2.3467428205663685,1.3340502810731623,1.6858558778980655,1.2763617400017986,1.3575119576613737,2.685477358843193,4.891828302855094,6.420791529404201,6.734536596690332
9.076101484693698,11.162769973095882,11.926068381646312,16.23387660387255,5.236790636039961,5.1644624232893035,4.748166863551194,3.320856569571822,2.5874524394217078,4.874403030576999,0.707772698621194,5.1667430650987445,8.003808166284404,1.9773757087811055,8.130843411121317,5.460479060234497,9.944551773005266,10.428340562692782,6.816849819575623,6.598071762921863,6.315165870744115,5.2668873657383015,2.985668718408585,5.82033304559952,3.330026796102343,2.7995444798740325,2.7055614603906197,3.174378895888129,3.0894915483394754,2.1239565340546926,4.260063242823188,6.27223818774987,6.260628971968353,6.61909576523442
8.235772827951264,10.430699789525203,11.440561358798222,12.96112509149383,6.6528103431883965,5.99229202771439,4.7077589853374615,2.2375851792556745,1.023670529406486,1.5246854197842605,1.2145005633888166,5.5000512135041335,7.0228798346066315,7.536562330414465,7.48820589524278,9.493827583402366,7.105621505146589,5.214132589873251,4.4421243349429576,3.6315246934772105,5.894487986415369,6.263497798177527,6.299670862736407,5.620816269485884,6.003223556012303,4.74456825225086,3.5126217472045447,3.225722360707135,1.3317871063633664,2.609265260653528,4.82416385280102,6.310704385490209,6.854435493477626,6.1275706286492255
5.939706315044361,7.6306300416909725,11.19285751931721,12.077985144034264,5.273406768657089,11.32575828694914,8.140456130770831,3.5469366582981685,5.112987629585918,4.428637804958701,4.144226895368936,3.1058216142848356,3.4317001876835285,2.217993700579162,5.075425593374192,6.536606584800189,6.351567004281015,3.2822497908235584,7.355114513943734,5.143266814584846,3.6522743473120207,5.961359583044189,6.821413792561247,6.260348813464296,6.023206440722725,5.56755744382147,3.569839637063301,3.219289154657381,2.0219055737430143,3.3329171540480904,4.806887656080117,6.682924953663068,6.3294837849865315,7.087179919190195
3.795160758947434,5.761545031737088,9.945163108517804,12.414811868451224,3.8468459646064,3.308827716442943,2.9594876560807326,4.621434835356753,0.8772929121312842,1.9792128042555504,1.5124612422530812,2.9335885863706084,7.33536055749641,6.210272692273446,7.002845730385289,6.712408628783651,2.7466748884908134,5.210290603906614,4.673837011583389,5.2738400342561516,4.657791732914048,6.159963986927416,5.681466696973201,6.077730229946884,4.727782289297683,3.4381942136435226,3.154576464562177,2.1845070587166977,1.918246944268517,3.830057187651723,5.361366585713757,5.862167364855851,6.68647335066988,7.022536045768316
2.287101239010441,3.047307434947864,8.218007076289895,11.181917995806753,7.736317928603292,5.577711824304745,5.639685380152379,0.7887036590322762,-0.18002269403581062,2.199748088027898,3.492307338634355,4.81573480085727,4.819378591581488,4.448327029776327,2.045826075477193,6.717694181021569,4.804566342664883,4.991574592018762,5.629180145857039,4.030228620037199,7.904182558450433,6.132722326778097,1.5316289266226637,4.975518855292191,3.1874271569783255,3.8879578349169175,3.339727713671798,2.840981907567065,3.708119760520046,3.830885590212761,5.3457678812170215,7.339173774758916,7.400654202324849,6.7239035652610495
0.7866041812268904,0.7458975216942221,4.202876175458585,10.222438727714975,10.028962364372513,10.15414012006091,9.941154187342775,6.826412111710894,1.6637907470347855,3.909064481490348,3.6628517749797767,3.539620637717286,3.2184775676024646,1.9769951643155947,2.9459765438252448,1.6563154872837151,3.565112304601762,2.0106001435855627,5.1580880074620685,4.797113311212835,6.167578784702414,6.510035672420029,5.969425550353655,3.6341814106858763,4.2940348763724785,4.677434747710476,4.4494809751105215,2.6569747536932944,3.0421600692147037,2.681866591264208,3.7703658795635593,6.929079527450572,8.32391115960279,7.8974941886393175
0.6199697378649757,0.22541498116369188,1.461278280473071,8.269700771800483,9.071766541598889,4.660069776569986,7.895738176228109,4.09314225428613,4.22054795832542,3.9212220711251295,0.8586920893175318,2.7669991273667427,2.6912545287036167,3.6070307909980057,6.7593959873462515,3.428457914591312,3.7914526758121467,2.740930603347255,5.606693018135227,6.128807597749823,6.192871529998166,4.9589596223572885,6.76742268135242,6.617146182402294,5.159490534101781,2.865802768447844,2.1055861102267377,1.9425170419436038,2.1618266486217195,1.709215192013186,2.6291276395143144,6.373250145284592,9.427947936873004,8.157015496354981
0.9817654808844334,-0.6858485611668381,-1.7165587617409663,4.422394246761721,9.325505411401355,6.631303329456023,8.330030515926563,3.715266830919842,0.9698795700809331,2.6867069708579434,1.841561021869941,1.7289940396848986,2.0012960555155503,5.431528433837639,5.106357700103362,4.37006948686663,5.6194194797264165,4.770755297593433,2.43523065254365,5.779088492901305,6.705369525375102,6.4408555773507095,6.013958410570386,6.987905055076901,5.920833558228198,3.791712003945312,4.452046804861067,2.901083242853169,1.6855706674377842,4.09511582668906,5.544846764556157,8.06134372225535,9.94500433228103,9.032129446489149
0.19946316050199087,-0.6547966953624363,-1.938786996822181,1.465231952178169,8.906050484155138,5.008667012658733,0.3009933486976144,3.378913076549516,5.186524757095505,3.3448815527022195,5.447151345669415,3.3184279319955694,1.058455849668963,4.101824924867027,4.611131067567256,6.403480867882361,4.5475752305443145,4.343960582070436,3.8550770021593412,5.221776781687537,6.305452383279387,5.894353510098335,7.186286568091711,7.440739312182,4.987394438836825,4.559753172295608,4.8367177947807924,3.817065883097929,3.3931666029677503,3.887719234075335,5.331969108023643,9.19362721218484,10.183381373834314,8.65817394230388
-0.9478357039914422,-0.8523820676148361,-2.3802850821052024,0.6188799145015524,6.830384891937996,7.489546897123731,7.353696995195957,5.061297832793237,5.649680663617333,3.15792315221554,2.5950267494804535,0.9081503571238748,2.1185016546549664,4.361959460533675,5.661490549266601,5.4617638238581385,4.853731127025858,6.59653856160434,5.072991831727313,4.174666981502759,5.277917697520698,5.914999180644898,7.333807642533043,7.369376079297407,6.446085816927553,5.1550450446817315,4.749232187214918,4.53336877626105,4.593285066403375,5.078035069008277,6.638764028958119,10.244677129306849,10.043052737816405,7.955985925441174
-1.2076919514666586,-1.4537123216958745,-2.0057112842406863,-1.6002748489483427,3.0876285546349633,5.5522455180381485,5.704331242802062,2.8308087417975942,3.6958339279001993,1.397038439878423,1.3661782869094339,1.2778862826698034,2.153132181035692,5.132542325010336,1.3206316709640529,5.463544680826368,5.67782845295453,5.84117143792402,4.0668486394370875,3.553806767998907,3.8384157992760954,4.016557958506397,6.469920386988401,5.276415842782784,5.68582161421583,4.99227074531347,4.0655495708724185,4.653257027689769,4.537993351243893,5.383876373072925,8.191716446427913,8.969014967478497,9.586818114816234,6.982365169295451
-1.5948478470806657,-2.461121555485107,-1.8825399111129881,-2.3919192878779096,2.023546996603934,7.741347452376149,7.685137830473859,3.1795270081106946,3.269342682884069,1.421725497540753,0.11076853344530856,1.2925132145406897,3.5474672934314544,5.34905065991028,3.8391451819911593,4.462328980727104,6.4003573506499265,5.274461905278765,3.407841684157691,2.790648081796038,4.635555332499117,4.619710886026253,5.943361379069718,3.6229608052162914,5.047343279878489,4.845742439369075,3.7142746506116655,4.776166312910848,4.914123687683375,6.16043929471171,7.060436973639252,7.538540850119473,8.303486705645025,4.90638333397358
-1.7136931812298875,-3.6666025926887054,-2.6145444179596193,-1.5298862263789257,1.9910406747160263,6.741039129675367,7.084192298446139,6.318562977631044,4.625370179474463,2.2537755450985206,2.088138990949322,1.8934318024192307,1.6203221817921956,3.352214121761831,5.126326085640108,5.519747295574842,5.503289168345332,4.431304116061556,3.55476709146037,2.055334866204366,3.873323147606175,5.763606897065889,8.298738836190568,3.799448448323671,2.2398077833102037,4.935829170057984,4.035017768426607,4.417047410693644,5.32582293337345,7.089865098098967,6.527858469405665,7.209339277256624,6.912353049170142,5.427936053202423
