script/wind50m.json
{"header": {"parameterCategory": 2, "parameterNumber": 2, "lo1": 6.000198445256149, "la1": 58.999992894266676, "dx": 0.5, "dy": 0.25, "nx": 22, "ny": 24, "refTime": "2024-03-18T13:00:00.000Z"}, "data":
[rows 0 to 23 of 24, columns 0 to 21 of 22]
-0.29064684395680157,-2.9438941712645494,-4.227044035725309,-3.3736198657696796,-4.888159912049781,-5.447800359269223,-4.783015019128071,-3.693422073936301,-3.70068320460179,-4.522583218388927,-2.0814846568982506,-5.769031303526572,-1.8905399395121971,-6.042154935738634,-1.8366527950500404,-1.46250786660363,-4.4220746721145785,-6.01146933796717,-12.559513783000387,-12.846245459407971,-8.853540354278291,-4.7721637868638505
0.22672382497790738,-1.861440277446816,-3.215155518647175,-3.190839294361343,-2.9101463168087207,-6.103112107464913,-5.713868143115279,-5.902360901911653,-5.816816080028904,-3.9164966619104393,-5.073756097185664,-1.5567213092913583,-2.7467708614515014,-4.883453959411147,-2.9244163840984787,-3.7876281577272954,-7.816009268755598,-7.421943233774837,-1.8551858313892429,-1.3948712511814494,-2.1086116223697333,-3.503718667325079
-0.8366515351150368,-1.281493652140475,-3.2418806564238984,-2.2053352297207276,3.3548198945526004,-3.0641511501012224,-2.099549573638751,-4.399782550037479,-4.625381995586169,-5.074522877860669,-4.879933733568265,-3.409340455396716,-8.359663910079215,-3.115527408085387,-2.2493948649333584,-2.349829799219934,-6.30566599566728,-2.565836868414991,-1.824483322994156,-3.1924876685742736,-4.386193933159147,-6.366307042034724
-0.03023733685854287,-0.48961256689743404,-3.7698804466908133,-1.9306937113372495,-4.076465065797148,-4.449267472989791,-8.58684417020642,-4.1255987153880245,-5.105140784052906,-5.351209585084179,-3.6367717843817076,-8.279797180281173,-5.443528692062734,-2.2768053538620623,-7.1061702842048255,-2.2210208517837216,-10.422062382883011,-1.9846756234539606,-1.270802090809272,-11.789447839588568,-16.06755077673688,-2.908546657668001
0.23616808156260444,-0.7216531986753822,-4.199197500969225,-1.4522647549699232,-3.7593815547300466,-6.647125400245334,-9.012114621510282,-4.3978786032172925,-5.94081782449022,-7.180056318708146,-8.228258404827432,-7.303004953048203,-0.1297052057616997,-4.313385101315159,-5.372378487032872,-2.018147921165393,-8.200525924335201,-1.690313667807335,-9.828123369796149,-0.8203170116750165,-3.3178774210655706,-3.4107444949023433
-0.2918685928000957,-4.729747547981333,-4.455580430245265,-3.4438245188732313,-4.468204105423121,-5.295881068784272,-2.4964932722682907,-3.849157849974137,-5.436317516949618,-3.6433017825834004,-1.9436954634746992,-0.6207630460210669,-1.6269271790321491,-6.934585582804909,-6.161437025332234,-2.1203252601216604,-3.25012532225979,-6.244030470900163,-3.6809808555765975,-2.8438932031332893,-11.276160702688701,-3.1146123599685827
0.40207172349714027,-1.2971831301195313,-4.760671916180861,-4.662697344213614,-4.773124883835719,-2.9946568349446716,-3.3344516490969633,-5.616726665463405,-6.618264538245912,-4.795274664218185,-4.8792954747177575,-2.7197622730303768,-3.3641152419705613,-7.792348080337118,-5.0463522725891305,1.652694952447741,-2.052280317343811,-8.103597582134201,-2.858540251322758,-8.893074418200216,-1.5443904128125148,-5.015590209698139
-0.046112587997376844,-0.364956711040333,-3.5172004402104844,-3.268116105370068,-2.36227469843647,-4.0545071373815595,-8.226729990257944,-4.233045511638894,-5.631878679515952,-6.021176968812717,-5.450925357825969,-6.7655496693228345,-8.144629925041794,-6.078257346933128,-6.420740880498745,-2.5900522886515347,-1.6096400061710043,-8.867577462024395,-5.277006923490362,-2.651604232752007,-3.7315909850448548,-8.633779639412886
-0.3199010476120973,-0.8991994457877496,-4.624431140978249,-4.035385221302346,-2.5748447980737774,-7.380152207081427,-2.3367204395160206,-4.802466456396083,-6.596946020295527,-3.6232919130309065,-2.776322154218705,-2.848596838626396,0.558295990759486,-6.371561557184038,-7.304049258637201,-2.224856375265185,-1.6771113307194945,-7.41902027597881,-7.529621959425217,-2.389191138729298,-15.668045005022782,-5.263449498036281
-0.6881917700380613,-3.5623183636728077,-4.416968891356424,-4.496267391224426,-3.520137397841671,-6.265918059342294,-4.175987281368743,-5.885750505531958,-4.526801042586505,-7.542756482962891,-5.597383529222259,-1.5190484533823478,-1.7622454018078282,-2.787316324329613,-2.5055937552548975,-2.055330312491581,-1.9657909671832792,-1.52807440730946,-10.434011604625043,-6.691345796338963,-2.2566864618183575,-9.310498530105805
-0.15922800549624877,-4.472477663917421,-5.074126066694029,-5.1850764198723915,-5.499412802587243,-4.25972664018431,-5.7994963451149895,-4.023118583239981,-6.653578630704802,-5.343733597698506,-3.7049429116885637,-5.021962654116557,-3.7583080304615866,-2.22384474582856,-1.9746369295591508,-2.1265133923501947,1.9406303152565803,-1.406854919033101,-2.72365273364128,-12.684238858851858,-5.061975672923327,-3.9998608520496335
-0.2920456384064621,-4.136542715109686,-4.973720007774176,-3.424568152714832,-4.764051184078237,-4.65502333732441,-2.1934332649500963,-9.45804998547111,-4.419255692697917,-4.56651528502222,-4.125791293702869,-2.4587963902944443,-6.147741309632757,-4.090587820311299,-2.151247826565533,0.16148515937011268,-6.303009989877903,-1.6155557968312992,-1.6023356627971326,-2.8655063404207843,-1.809971296566214,-5.469752974590513
-0.3230372057591974,-4.594080890132998,-4.737903529799338,-2.726058208552846,-3.2930646365335736,-5.3852523330245035,-7.407830567038999,-1.6748167585359206,-8.36237747346462,-5.142954870061838,-5.6147867493147,-1.664007505949096,-6.103823827196112,-5.975134933755133,-1.6613040187360801,-3.946894634977572,-6.883834612616809,-9.997836654806589,-6.497400826100705,-8.813647610112922,-3.7255892326475624,-4.351071813391504
0.35584776098248705,-4.186564573938992,-3.9287544023221606,2.784702608005582,3.8708352507436246,-3.807544663006623,-5.085309029820524,-5.6086940696000935,-3.583483495503377,-7.576277634178128,-3.242444862844753,-4.295424023348798,-1.6649281083551115,-9.655173258974285,-1.6584047049025556,-2.061588851198711,-6.518798256310016,-10.950149986676982,-12.623733358586273,-12.176230001266083,-9.596308251903187,-6.0373498453618515
0.09289172680501886,-4.3409640236609714,-3.389783838934414,-3.703515889816171,-4.070508033586928,-4.042435069312619,-1.7313494197021835,-4.707591949416843,-8.511246615392864,-3.7173801849832793,-4.6616147958906815,-6.212084358923054,-2.1437361395102377,-5.8200974064755835,-1.7786961890264268,1.1473418901032002,-7.542747301201668,-3.7868239196505735,-2.292655515451373,-3.604915493347944,-2.2978695586652136,-3.948139529955603
-0.7538782004071777,-3.7577354653226913,-3.309076046170238,-4.4837272029049515,-5.526935539833993,-4.612558553488869,-7.897256729310269,-4.97605256725982,-4.729385440076775,-4.360868670869512,-2.1703023520241147,-2.058178537041741,-5.233921543576259,-5.281654090195517,-1.5666730473474715,-3.129192253575417,-10.469727213474847,-2.0299828080952507,-1.714423722655604,-5.95573789861456,-7.174702200050426,-6.012197139184786
-0.19675659885097876,-4.150592010026892,-2.5504519850086305,-4.502469865558735,-5.0187689186923965,-4.743637914168672,-6.4814446206017395,-6.161401877812354,-6.06069930426129,-4.332106112114741,-3.1201500748957125,-1.4726756653908482,-7.223947224881008,-7.123178622303626,-2.508982092400816,-5.5635942889582255,-3.8093075993715595,-0.5705126494398288,-5.83035584672685,-13.183390918249586,-1.627541499481186,-3.424028537755158
0.30866635664854003,-4.93640646014726,-1.5880034744031346,-3.9451933395683745,-2.908780151937217,-4.081052461622283,-3.815597702980422,-4.499321392082706,-5.1872939238029465,-3.8211091738556684,-3.329982587787974,-4.283004989582195,-6.20241231292658,-2.7182329890373897,-2.309717780234911,-6.916877391744508,-6.322978953083483,-1.9911712222596043,-11.41721833912894,-1.6588679710728274,-4.452114387542884,-6.4903315711207705
-0.43398056843572896,-4.316274370559088,-0.8644704920679529,-4.890750387270824,-2.3210469414258195,-4.202921847352619,-8.656798384583478,-6.070341856824622,-5.985328169103585,-6.777080826475998,-5.018871523774006,-3.1860040812557044,-1.8643079156701676,-2.222178678246255,-6.261203875498149,-5.96105505858522,-2.1004615356769487,-8.547743317934499,-2.0172082355758576,-3.286571900961657,-11.203683474074149,-3.285304129159862
-0.861521040257278,-4.073600425054679,-0.506604955953611,-3.4077069265476254,-3.5954073907766184,-5.112478982881954,-5.491749448307593,-4.990062850463944,-4.881278893050399,-3.897273366315672,-3.3665347014147464,-0.9564898098571357,-1.93317392768784,-3.216281939305025,-8.419629097504727,-7.505986111157609,-2.103443788486265,-9.525788999516466,-1.5849620383435348,-13.163322186749488,-1.8769357745276596,-5.027824580104136
0.22427864904026945,-4.3822296367307985,-1.1139687601039625,-2.0886161179047007,-4.311992928704439,-5.76958453805666,-2.0714256349896765,-5.100079637857361,-7.14009153664176,-3.287765215847838,-2.7062170382514883,-3.034407806161909,-5.524364004999141,-5.0996152867314075,-6.127088076804915,-5.748393385247484,-1.8684130450562373,-1.498455650995521,-8.593767801358577,-2.9194815786106565,-8.435722041512378,-2.810210006327058
-0.5813453250617995,-5.143186098518261,-1.4286478866914507,2.919036090461593,-3.8752741753472204,-3.950427550404536,-7.088977247072866,-6.23767925808443,-4.417438267874269,-3.8803627820867463,-6.940570863732135,-6.905846845332262,-6.636319052196732,-8.927712933852511,-6.423525825115299,-6.317712045982335,-6.164172052484015,-1.8493365497529153,-11.049445721482114,-2.837949330946209,-16.845587361467246,-5.802946514478286
0.13618883244834967,-3.6519758141815797,-3.9462898036056204,-4.478740197687606,-2.9591642844373944,-4.095828889670042,-5.669377756184546,-4.605058639670124,-7.865571629315807,-3.443370073016089,-2.723348487344794,-2.9231670112172856,-5.896762128936566,-7.850616922498507,-6.101885485160475,-7.381273574075137,-4.976666791761856,-1.7440175044616846,-2.169617065573119,-10.349143097134565,-3.437496385603827,-1.133893728202156
-0.2824402553038144,-3.7700568964209644,-4.120643324301991,-4.383267527962749,-4.144519029368474,-6.24735270638403,-4.244825095079438,-5.52930975760743,-3.5306735202306805,-4.442693975009134,-4.095905415466237,-0.5273039819203849,-1.933218981134585,-7.048724671926929,-5.851148071727598,-11.173502557862257,-7.274967331924689,-5.281920580240822,-1.5446670045418756,-1.380455041556125,-13.355293674281372,-5.606576872930063
