script/wind10m.json
{"header": {"parameterCategory": 2, "parameterNumber": 3, "lo1": 3.000054539987559, "la1": 64.9999836372058, "dx": 0.5, "dy": 0.25, "nx": 34, "ny": 52, "refTime": "2026-02-10T11:00:00.000Z"}, "data":
[rows 24 to 47 of 52, columns 0 to 33 of 34]
6.145163602456523,5.606986551237705,5.0322122408036885,4.514555037254105,1.8699123927239742,1.2016874820738022,0.5608600608270017,5.2229861970754765,0.8392919887962902,-0.5680959430920549,-1.0618852712029097,0.3557330235850065,-0.3333816839047607,-0.9576054172281078,-1.642669963176889,-2.680032607370136,-1.3530191611885185,0.12729210683577175,0.07685626290533801,0.0361627950313245,-0.9460327815244391,-1.604543490922561,-0.36375408826133654,-0.24353871644675593,-0.003972538649984154,-0.5483406781146524,-0.3094631770596567,0.25873237952742756,0.15229140872899813,0.3527329969741787,0.447832702025394,0.38606255188210664,0.15744420538528286,0.2555805051911641
6.468591802943045,6.36550985828159,5.794433260990944,5.480143246225747,5.481660257944114,1.0365638014673981,1.134220034072516,-0.4272181415790671,-0.4476248700564849,-0.9881375111052768,-0.3031909128363891,-0.6741151776263089,-1.247269534670684,-4.192301926512769,-3.7992967131934257,-3.062223382531631,-2.3812791893420466,-0.019957348090790583,0.39786364058874546,-0.532780216734972,-1.6279131370144797,-0.5273682350392987,-0.3317006905592694,-0.6218929407503399,0.1352451954141884,0.4547325134837568,0.2203573958441224,0.09476121973858975,-0.23011802331087647,-0.12768884707940126,-0.4033629445784594,-0.5128787429885224,0.16436354093233743,0.7099992180540048
6.172712084441319,5.745541276634392,5.14221885158694,4.896255840498097,4.924966595442761,1.465486963962738,-0.37331248746040513,0.299219485299789,-0.08884265600191828,-0.5565316272070402,-0.9386103134922711,-1.187577369484799,-5.264292616037977,-4.158334220681932,-3.294911973929173,-3.040949705872598,-1.7781956209033913,-0.029940270388194325,-0.1887257590164085,-0.8527719809433306,-0.22313599173420637,-1.041331170136321,-0.1948527669847381,0.0371804227840002,0.17188491416668283,0.42701837639321116,0.5094979350967039,0.33908131980550693,-0.4887931365912613,-1.0514358399692156,-0.8721247495821369,-0.15160575712332902,-0.18135738332704082,0.5173116221510266
5.398577628595214,5.434231768313533,4.491829224657098,4.011020690446636,3.0686522716059987,2.0121208588243964,0.9236968545499878,-1.5359744801069923,-0.45332672978599375,-1.1077969935619196,-1.300160835445559,-6.0338013533298485,-4.251010539111444,-2.754766833964123,-3.0272933537617184,-2.4721148964298396,-1.9219784704951883,-0.39368065312579403,-0.5476427849046065,-0.9303925625819557,-1.2318742839314674,0.6634544641037213,-0.22420093785210554,-0.000953667593465415,0.5512771387046742,0.2526245802636137,0.14629982833976352,0.004412259664740702,-0.22533734039162964,-0.811917580958668,-0.569499988507883,-0.41377685336891484,-0.41810367533791304,-0.810488674159324
5.648596631122055,5.1749423270322445,4.371269310842879,3.8433415660153303,2.8788066728441235,1.7740450371136096,-0.017823733300722632,-1.223230887478021,-1.6814632252547719,-2.218890076496447,-6.142787745560617,-2.4991612163751604,-2.888022253801816,-2.5992061792831613,-2.069597587386711,-0.8906487087396515,0.2380857375588952,-0.33424267456867435,-0.19084132014524444,0.05224915264231847,0.1370372280611551,0.24095026211915957,0.8083097265087249,0.5155758725894788,0.0965719560407781,0.33010826987013137,0.4010719707196068,0.13650423149134855,-1.118361005736882,-0.9511523337439947,-1.3269262740841588,-1.5355057416143827,-1.0650704666869255,-1.520248264644398
5.755960235260396,5.500013767142985,5.190985684603966,4.400298174725974,1.5155591946691624,1.5406594530056121,-0.14336320621887427,-1.7880505329214111,-3.091906093218869,-3.6081897274344445,-3.9419029797995626,-4.021122138282563,-3.414933267686894,-1.222302303648813,-0.6513752320622987,-0.16493540666161854,0.2823524070391357,0.20679786512118617,0.2829712028889486,0.5535856073511632,0.8654702278942755,0.8367511957786157,0.5130366479718302,0.5287804223425128,0.7134987754584347,0.5476853827437257,0.5001046382830943,-0.439222751292344,-2.433083569203134,-1.9691403830848278,-2.2991271726172267,-1.1203578280590458,-2.5228128007422463,-2.8730257829037167
5.054805091832608,4.820232891948955,4.607761782449432,4.855844596980242,3.8177412028119515,3.2916058768144403,2.0916461506185744,0.7552900910242295,0.024510783238901636,-0.24392419863148265,-0.20530844487179137,0.0034835737457036206,-0.04356006369066601,-0.6609927873303116,-0.8906472381659615,0.4420821993845428,0.754433713852341,0.6415380139794487,-0.03911821196998274,0.3258127950976703,0.4623072243300291,0.5429257660218396,0.5860418755458572,0.5421276550156203,0.661732269717482,0.32432456310109997,-0.10128426028840527,-0.5646120891593283,-1.5113226923620044,-1.8977649851333416,-1.5619262088346497,-1.1069884910844134,-5.3318663792791705,3.292940462414493
4.230464518204631,3.9836359878294374,3.798114538908294,3.686287835430642,3.315385626418459,3.011132121373273,2.4253106751477134,2.017172032854606,1.5565284213360033,1.0782628742615663,1.0095650024790142,0.17975137338079689,-0.2751535443647198,-0.8977394825068463,-1.0097222342150594,-0.10708241220389994,0.39332681183015733,1.6288186199310868,0.6131781025679205,0.5165758700402359,0.24702229078158575,0.19916143879378306,0.5217310141191535,0.44281634889024407,0.29093899034143045,0.1168507049658315,-0.10429779552522335,-0.9243730670668375,-0.5414915924885206,-0.5005510708889522,-2.4513595297830646,-1.4510559713595284,-2.3748609631245072,1.332330149899096
3.2347953428933334,3.2663235095953143,3.461079949158213,2.726278296917778,2.497223141787563,2.0966131261664387,2.441462725028871,1.8962234974624013,1.254953365337004,0.5562388247863714,-0.029389912821491358,-0.3142547498892152,-1.3399290198161802,-0.7306357947345221,0.3311235793989194,1.9599904877240295,2.307269659984555,2.6711859507471236,1.5804057251709462,-0.03000252328295284,0.3141578577277943,0.46460747260262936,0.49750669048749196,0.15074134894679797,0.3762041783572978,0.1626455017381389,-0.1971426286387627,-1.2398349849593644,-2.59982211675145,-0.38650984444983183,-1.3760900899397395,-3.0299604962356113,-3.4433733664935007,1.8631343656772108
2.7969647589457978,2.6618041439337925,2.2476371675389215,2.3860132032335333,2.3916819803457825,1.5052327331445692,1.4096033335955185,1.4743731586161744,1.5968020752988632,1.2683901676744336,-0.39946437471895624,-0.9443572298368086,-0.12604638309327457,0.07218328181132704,0.46803627253740476,3.315697677106802,3.30074521107902,2.8359148534879277,2.9517573822443612,1.7007980357695558,0.5364617555722238,0.2792859764029943,0.24242001485864212,0.4373182553572587,0.12227093926188957,-0.020271523433004656,-0.47113085616977707,-2.456628378087109,-2.4973681777932986,-0.8318729331036692,-0.8998516147614,-1.0534408865614706,0.18170514507995422,5.644140120844999
3.5260404324992014,3.5304295288351835,2.4570094231964132,2.376432782653053,1.6919700904578359,2.1100806895037607,1.5334955775138788,1.6777836139166387,1.1323713872996088,0.7214156037942749,-0.3148178055549363,-0.055234274927412785,-0.10520119988918705,0.6524808280829442,1.763781572904662,1.8420452412525963,2.8581005400765567,2.254462897909804,2.7276754250968276,1.172209442660689,0.889325945064689,0.25581897909663487,0.06927240102978245,0.10863941959664879,0.0304238378373176,-0.27387566976448086,-0.5673942770020892,-1.5633468347031518,-1.6044248306109252,-2.70926827764659,-1.71801649881137,1.224983330337039,1.0358273381321863,5.306129942656039
3.7027530528778145,3.628705577079126,3.032648562003313,3.0726761828273608,2.7091914397917556,1.979531292604916,1.5057089238707797,1.1377819018831823,0.9875922593321421,1.41883877110159,0.8218089295450501,0.5872096851681284,1.2128889622763488,1.953771559859012,2.3072109765327355,2.301357552756173,2.6332660320226564,3.585790915340887,3.2931137595378526,1.7531717821540378,0.5876571131234045,0.3630558915656231,0.40290670709946824,-0.007426437264593183,-0.33959056019830214,-0.33084734879899097,-1.8543055518851013,-1.2025926613878573,-1.137447438819635,-1.8863553886722384,-0.5835626935968811,2.1658384613582697,4.55602837199597,5.309320256009468
3.4018656967372687,3.1914956726387826,3.377615710787023,3.5028404363283645,3.5668828090661853,2.7592760125278697,2.279362529336523,2.323688971432622,2.20831892412657,1.8058737040464374,1.425703924704825,1.3826850446317616,1.448487480167856,1.4268948898807583,2.7873621518882357,2.5644286194801396,3.7742742621353327,3.9522637420164384,2.306493057406064,2.292269568339983,1.9591349802738358,0.5955379838061501,0.2471293863969723,2.490462819705459,-1.300169301201961,-1.0913764294159636,2.244177979875103,3.8098750727492185,2.7204715232497287,1.434748959490739,1.8062027128117801,4.190461334397748,3.714841126510226,4.114188666071589
3.668207180632358,3.559718845912139,3.640466260286287,3.449151384387008,2.742618237565341,3.106918936202584,2.548727748525293,3.130892417528414,2.588797906744142,1.8382455062077363,1.1583744075671576,1.578439440730679,2.1572266933169897,1.3518963717579107,1.9421723412571692,5.2239533517877605,3.3270506737522982,2.540069760182194,3.221537818267624,2.105075395091003,1.7451035177353624,2.4512339596273183,1.1103252127651655,3.255507963995564,3.7937655554810417,3.7265385024386726,4.174715157602471,4.186102069115533,3.826886493175259,3.0179184959718737,3.274422201791465,3.063862240647096,3.387981710018957,3.780310985038136
3.5142112771419822,3.6713133977144614,3.502607233178383,3.150368493171496,3.261228601481979,2.838888781710213,2.8865833370376746,3.6096493837651122,3.5725863505913855,2.5348518088584453,1.5419723558806955,0.9384506657723328,1.6052184076280502,1.1398954780173693,2.1565008107803845,4.2055333046717065,3.58652449460339,2.771282727280726,1.7906649023310366,4.1340709890778875,3.0189992958305805,2.968489760992074,2.285714640727711,2.964789150776436,4.081668729429176,4.5934433912666455,4.3837614905039715,4.08696225644665,3.9559039113709553,3.4104275985513284,3.160782481562064,2.7596429382659724,3.465417962964003,3.2431293117345827
2.8975580534153935,3.273076311349802,3.811500407921878,3.721744235496057,3.40516847899538,3.3654980137381645,3.776436187228324,2.713789997078372,3.5328676481750203,3.1322627532866183,1.8483542595935212,1.2358029238297856,1.1081953689554607,2.532435206456174,1.510974172936114,1.8967643484395524,4.049841467683042,1.792180793833552,2.947944157996986,4.284429259050718,4.444755376250046,3.805430800685018,3.2804696721818085,3.279181549049519,4.137695887229614,4.0607334193238405,3.9698016823265774,3.7384871860661084,3.5932973897895315,2.5604834381373927,1.0263200897988372,2.3035013429376012,4.291996029965816,4.11982986868686
2.97736573709626,2.986948300290753,2.9538696349873015,3.227824178740835,3.4988929550517587,3.476779316618056,4.060013300638944,3.712214237287963,3.3392571478247226,2.616466861319012,2.1005021224720735,1.541659926523873,1.0836320412337648,1.9779998137899049,2.747722686644312,1.9395422985681403,2.7858509628498314,2.1854530566514794,2.4117222222590717,2.6589023522236337,3.989263192025457,3.992840625920489,3.581488446048115,3.7798338078930445,1.8937464812561873,2.8063385231039906,2.950566159645098,2.5576263260342444,2.488243727087072,2.2088286068013954,1.8294170730679804,2.432433630140133,3.9178926800493676,4.761053695041063
3.1812005137716306,2.9377760179764474,2.9176022154663768,2.9835800146966203,3.21938235193601,3.141589004215443,3.545231766590382,4.339102423409513,4.515154200561999,3.703409134811658,1.8441017622024876,1.293628309207842,0.9153155590002259,1.3999339994794666,3.6062277048000753,3.566196709417407,2.8688733392701016,1.376400351137606,2.015509543378783,3.7709475738119598,3.2560591712973457,3.941937580684458,3.570939916551823,2.7206350099031766,2.7317175916412406,3.438841790958207,3.3210617276402763,3.27268525274248,2.6801407746450656,1.1154943846609404,1.0313435520987109,2.9463982283826806,5.026476817103314,5.53949543472654
3.670676886658617,3.3505665701288643,3.2835670838782702,2.703332054589479,2.766926219473775,3.0062256465412274,3.5753683385439765,3.542429332819192,4.627675664801447,5.013069774358972,2.4235217476771775,1.5967680366450938,1.288524646358684,1.5717820463676957,1.7818937180128631,3.044614630779056,2.0924455031870686,3.17233452222192,3.050743698338146,3.1670925081623946,2.942472794976151,2.2558243737054187,2.869432419224127,2.9457755677805246,2.3159829335416457,2.534033398946049,2.4920899242674093,0.8439388482811231,1.2383115290241418,1.272088983631722,0.6533719080308349,1.3209026398833659,5.787530313171725,4.427713153375369
3.265412478567707,4.232978209947564,3.4393461044968117,3.27822215543275,3.146748022202663,3.775737519146277,4.008019035583943,3.6419189771801275,4.275014561064319,4.478883252204052,3.7703371621022463,2.0991611018910254,1.5706217105763507,1.1331029882241646,1.7696722448362514,2.0541417212814745,2.5449268546198844,3.096555966746418,2.756861923942554,1.849320101460861,1.287767002073822,2.0193234505977666,3.3326529792234485,2.896423931576493,2.4702920926523197,2.304889392269779,2.1825228314237934,1.6724890376399673,1.2877689949959066,1.3028222501142441,1.2055524568299176,-0.15473005909629745,2.8037958147405426,1.6734509185480249
4.099189177927875,3.747020233766939,3.6959946828002446,3.5555360020834628,3.2338805182321213,3.211380587301124,3.351959120077156,3.7899717379763644,4.1137316118610014,4.557768284083484,2.8802199782714015,3.615425554523845,2.1605130016467102,2.0201397403852117,1.141505095710328,1.5491147827182388,2.491740654111236,2.6718110357354607,2.0053517298956227,1.5697756032729957,1.5268042637014176,1.7580177757293969,1.75759147193091,2.0812151456038768,1.5732649588404335,2.3512330280594083,1.9328424338410273,1.2540725508648556,1.8540687274964114,1.0458433526012756,1.063348860581904,2.1897426007308542,2.3389950976002343,2.568860706529885
3.38148917342665,3.4051554709710095,3.778048812026656,3.0826355539334833,2.6356161654752643,2.971581241480445,3.587138137975237,2.7014038512641636,2.2242654836612124,2.728619106585424,3.3196478218803773,2.6421537104930444,1.6219972196066768,2.1516875461126226,1.8259542113125533,1.7542944393611482,1.5339204121935854,1.2921379263078394,2.195761758777017,2.190740064921723,1.957617184809876,1.3645681694788496,1.2836169415853635,2.3246822083009144,1.5173410913861316,1.239482070742596,2.3164404017701443,1.5179788870332194,1.0942291069581591,1.3716024224382324,0.8226578835740547,1.1274041318858645,1.958211443830994,1.1683895494137801
4.1702898581836125,3.900118204485949,3.517793542646124,4.0639534313620445,2.245944627949253,2.05383558642224,2.402332487211565,3.2214287461041926,2.2390684835949655,1.1578924566202329,1.9794028523514458,2.229837884635453,1.6312072414828998,0.9893075081418375,2.029472530591134,2.2599742206859816,2.1159091420346954,1.4109238038971532,1.3753502622480769,1.3622132034908332,1.3873261492563302,2.6020832301053285,1.1036087163966914,1.1209720595358452,2.3986655736400717,1.6108778060229132,1.3773198900087393,0.8383421314865748,1.3038740778022866,1.5082256162990466,1.4064156393600984,0.49182473629738704,1.1893527613777186,1.382109222116626
5.047266410155739,4.352699401841612,3.9690913529923355,3.7783254980011347,1.7036913708146724,1.9050028336875968,1.1989742325689254,1.1375446499050625,1.2218622149945149,1.1205978012286628,1.078347046529014,1.908615204946304,1.8796340487286773,1.6345226808895714,1.5914553316643592,1.252102989050354,1.2417991015697567,1.2787342916287896,1.989511973613494,0.9798769691651393,1.1237794178803304,1.0870164722179139,1.5430787767219785,0.7058835946592589,1.8113165280650985,0.8285000111771414,0.32649998802947344,1.1174960213929197,1.2057479963732027,0.9546468745801867,0.23254704155627806,0.6479649762133942,0.5735961775276417,1.7260882891830407
