script/wind350m.json
{"header": {"parameterCategory": 2, "parameterNumber": 2, "lo1": 3.000054539987559, "la1": 64.9999836372058, "dx": 0.5, "dy": 0.25, "nx": 34, "ny": 52, "refTime": "2026-05-09T19:00:00.000Z"}, "data":
[rows 0 to 23 of 52, columns 0 to 33 of 34]
12.931800060708344,14.577689984559449,13.54822895031935,12.417264046481302,11.592148134691026,12.0950968510516,11.74987042489712,11.184643325908242,11.749666417749525,11.719614683795724,11.461286278668672,10.93085860097415,11.225682767910627,11.024991149372157,10.322932064985034,10.269174903404027,8.044124092559823,4.929347885811729,5.045877209528077,6.723030169277318,8.327631745474307,5.000293475711107,9.633963656039075,11.696288479066135,10.008273069479138,6.460981760643004,6.270321964608375,7.7264909382882765,4.751141162043147,1.2772925650170086,2.1127481180956584,1.8593726737828382,1.794814125437705,3.4914569820286134
14.624840322126424,14.207098148570571,13.586030881457232,13.137705705330765,12.323850640487818,11.79184844027589,11.898928377059045,12.012823738837888,12.130870387954445,12.092761873842793,12.146358408787997,10.640160461130153,11.118724282237372,11.547922375517949,12.494022517976399,10.85350697968446,10.259548326983085,4.157863422558318,5.615555425394464,9.251961042207927,3.359533475417231,7.24658473268232,5.238379175543568,11.724133852914678,11.170335818001092,5.823183895805916,7.1085164829380005,8.557690756824572,3.0776580129910815,4.276555516880424,4.026141537739006,3.5777455888254575,2.575895344420331,3.5946581555171577
15.909533276713569,15.839356836106514,15.141567262508316,13.8044635013614,12.105900704580238,12.219962691942024,12.86753715866446,12.698986964448807,13.288956087563792,13.454857065157514,11.0291570270364,11.713509818173678,12.261100224826997,13.899484790104726,12.704919238430017,10.604152764502194,7.1344178105677,2.228353999460403,-1.5829250858561548,0.9169178164890847,5.752644697255582,6.637418639249245,5.560703485037675,10.836916513470433,9.806131139704013,4.1061906710181715,3.9358959674213176,8.91868652136427,3.9150910888897745,2.3561232572014625,1.7704552503874151,2.67948558827994,1.8100751891460864,3.019117016199129
16.440577187857993,16.1732325141857,15.194685600287498,14.914187082721083,13.676231599842664,13.729494125445065,14.049203274567214,13.708082858513166,13.882189750736163,13.852192317353857,12.35352985092978,13.580079037751288,13.6302917899785,14.018427283027918,13.975142108289738,9.033697103470482,1.4529641406527174,4.549283386232644,3.8756230914632566,0.8098071274383479,5.78563381465712,8.202574213059604,8.135305637528457,7.141398407961655,6.345083258253302,4.165385698826272,5.438521177547382,8.023415320218755,0.7770802098390004,2.0164554284520113,1.5058825696184046,3.664445029717024,3.1295941250631323,4.2104424315525035
16.32651277568429,15.849641604151811,15.694664369677218,15.72452201642583,15.173162453388013,14.662834136666715,15.16390002630942,14.804334962763143,14.354120662662266,13.396740691095633,14.126794524146566,14.541608110217812,13.616064297423549,14.994641467522877,8.793869146729213,5.556741671660503,6.03745808347613,1.4137981207398707,2.903022340313711,8.03737290375498,8.47214236599393,9.01428245466631,3.9129058040185614,7.644090044350266,4.1778393201987996,4.566361640373148,6.34662767794301,-0.41285251577201537,0.8122960211321374,1.343959805735737,1.229825389222206,3.4371555243653757,6.256518687767616,5.883935426550341
15.713434853148549,16.00594043081647,16.179604874614647,16.021846314028398,15.914840652710096,15.946731833994889,15.624128129296357,15.253001375515725,15.032054004165555,14.134185142152988,14.732710014194817,15.349152189611585,13.430744418976504,8.074943126424726,6.831380326676486,4.352594808805682,0.006420060041737602,2.6153871706267022,5.632191156197156,5.586348083159324,5.250219759609345,7.16051624484293,3.847388872277935,4.526143290106133,5.488310794637582,4.659348023973269,5.842975514070058,-0.09687730246132664,0.16991607372000786,1.223080746143985,1.5808702510419064,2.2486926508567446,4.1873170531047075,7.1380608901842715
16.186592372290328,16.561897895063264,16.67518330436452,16.47533183029121,16.506425501318272,16.09632327830963,15.602743862971957,15.525328031593013,15.964574532726951,17.856649653044663,15.372614722148127,13.84988418106437,9.607971317074604,9.373872708433701,4.487987929418125,1.4607671434514173,2.2183075398248393,4.4145393587924415,8.785162873357361,5.631965065381197,3.7978347171998377,8.875072472724588,4.378628308975397,4.419119808945333,7.146945364148386,5.6887962030855705,5.096242988799983,-0.7070809504686479,0.9084563107794574,3.4482354420212062,2.184817419741721,4.73702644272435,7.36589931518945,7.833820805966573
18.172622981104528,17.86649002075936,17.342992188391484,16.826637443819582,16.946229370499058,16.035335110639092,15.91318941211299,16.233306444959908,16.70538743643338,14.399875097697286,10.749191147591636,6.41529091847085,8.031234525070603,11.008685621983187,5.072568920431625,4.486368514559393,-0.6981977900513773,7.720724637328801,8.23512385194496,2.93708530283287,7.606684644251188,7.405250236609455,6.571497848383543,6.294384190154329,9.302222410281814,4.008086316554276,2.010719976996409,1.8027786461019708,1.7385361788036986,0.05943207603727149,5.26094724044831,4.302545614235097,7.324038979980437,6.546433522034793
18.324234186437746,18.100979944219333,17.76038820050856,16.710928416340227,16.39022545221725,15.216335594483771,15.671950048544996,16.170968097148553,13.76338800054567,8.53042174816817,7.931514177762915,4.892546436033145,8.238631072144953,8.125486380714982,6.173626450084178,1.622111596096429,3.53148959926945,3.3624758060441415,1.9187037665370923,7.399473599557164,7.522584892994386,9.480845261884719,8.90314554945948,7.0950800719985425,6.922873830974809,4.083644252283702,2.107367522040274,-0.36703547801351427,1.7816117555118416,5.300185356458728,4.062472482941216,6.256547138370863,5.685788630857085,4.569406090651193
17.578131578151638,16.853486964613015,16.85837345790319,16.07520607268452,15.390252348571003,14.863833567690941,15.079227492529355,13.351415650443297,10.097905792044314,10.158745435972886,2.7500520009250233,3.365262650909616,8.539668659897707,8.352391825628828,6.167740449473191,9.008013260880801,8.075341270862443,8.001974718747176,7.783837753726354,6.790339126139728,8.007944840518531,7.694578117616068,4.869933874734508,4.261804819264274,4.577880797817131,4.922912557730252,2.389006519041129,1.1510013673993138,1.2256480403423236,3.0562438527667695,4.800608430908134,4.490116830993201,3.9247961352403173,3.5766151247844764
16.79373958385405,16.26150166531155,15.7233185279028,14.262223960271413,13.860921341226167,13.551441611320556,12.855102868311686,11.10337861291388,12.095149841278829,4.857433749068704,13.589543776109211,8.913442879115797,9.387678983371092,11.963510265339357,7.23726150732785,8.709552834672667,4.999944496213932,8.754114348179673,8.711105730275118,6.244923929581696,6.598902331733739,4.191638180768065,5.44900161278204,4.456444760655773,4.7943418377080835,4.040229966554444,1.420212783776539,1.643859089567544,1.5171533410190126,2.6487484751416113,2.685128591286455,3.047862667746219,3.1158312873706016,2.6097764474367184
15.245485724395007,14.793610735537328,13.924520353469278,12.978089489903734,12.452826764603413,10.864455887801633,7.653630641750338,3.117634663705841,2.7239646201170564,8.49664731211126,13.940277313200946,10.025811229513485,9.941321104446642,11.148666245336472,12.268050295234291,6.415402304011808,6.737109682062259,9.893882931255204,7.439060422017236,6.9407424561061974,7.7900160726227945,6.266252479173326,2.842400049140295,5.474182710759016,4.447234204190486,4.069487883021703,2.2075404893389963,1.7366059237023606,2.960637657367718,2.2047392712692626,2.2627688222804694,1.6547839060001936,1.8914932200006371,1.921414320948947
13.249254162424531,12.284554114568591,12.03384795931393,11.498231289402868,10.862910268272968,7.508266751584876,8.361319161387078,8.008996751675364,7.269371199296966,8.98746188033167,7.8917572439069215,11.951673812895885,7.17236830299226,9.101539806201815,6.895094608535315,8.640183028816741,7.935313438854098,8.358720970180038,5.566316199452466,5.1902328439792855,9.066128083824895,9.183007351460347,6.441107728345415,4.506328395737109,4.827710740396093,5.0270440452126675,3.254589696711151,2.4444031976187004,2.0216526331056452,1.871424144548931,1.6217076094442904,0.3819193477554834,0.3925344272832275,1.0079370512949144
11.276979874398444,11.538821601509097,10.780876863128597,9.756688943462112,8.901719524391082,7.922155521893529,11.201486628858495,3.2478893308067223,9.061574400499364,9.21791131525039,9.733426300590482,14.89420644366416,3.4459190562658346,2.851046746081,8.196004012717673,8.452888714301462,9.073311362251054,6.456579361555845,7.8090912847419345,8.623725046649982,5.573959391090471,8.706036084090048,7.546026186724887,5.962061348611405,4.317142429230503,5.0355950414895,3.7354011943227974,2.85911564830529,2.0025307006205573,1.9445764011752387,1.7566732559219016,-0.4210864565328401,-0.5909535893640242,0.14834425425206238
11.259495144686642,10.835581893346406,9.544585753550322,8.673095162557178,8.935413322312122,9.321749681479341,6.734688696636907,7.247537672158283,5.051571933099284,6.140768335843354,5.008295923352824,12.86947223418013,11.380292378494543,6.838268897866065,8.26396261822083,10.394166412390332,4.253725343140848,4.610468310511627,7.768656487490775,11.115423356179159,11.611203231121817,6.237926201823792,4.50617695443346,6.0220340242504005,5.624611807713334,5.700631657460276,3.1213582050087623,2.239576324688925,2.265640624241386,2.056857154002148,1.2695358369006848,0.036317998871508446,-1.294533749824234,0.014705309546049544
10.008146660918053,9.669007521009592,8.826544174860121,8.28351120767767,6.863248805869077,8.840730633651727,8.131123653921167,5.95879440149455,7.14341333338069,7.408928130900806,8.549026881634786,11.36379801016428,8.838900133297878,10.79373274998846,7.426086866521956,6.277030759853929,6.922020408048361,4.154656854339859,9.283541429109576,6.19891442933438,6.619690721456528,5.442967804453673,3.771090812793386,5.5386965306511255,5.513606489295047,5.843122439063541,3.7937991468523538,1.0501703435674496,1.6943759297607395,0.9806827407915268,0.15307624950072204,0.2858626845336,-1.6894788146176145,-0.4441420272209414
9.405031290927218,8.214107189387033,7.982428369309867,7.454590591906969,5.950721260968852,4.823085206270652,8.871164434005605,8.140529341243907,3.9950409698862632,4.669937647109551,9.253873250055495,11.00162280942255,2.7019881389707026,4.804193464177694,5.3169910748394225,5.121978808682337,5.533711032968018,2.5310067308887327,4.0199435983685445,5.721694180077054,7.161537171521345,6.824064934889755,3.6109956212102206,4.675344310700967,5.942605264335041,5.628589060707653,1.212747403342433,0.4001857362588362,-0.006815776096365259,0.011750338443682829,-1.031728624486646,-0.5045202287648043,-2.0638899499838934,-1.2486346878612722
8.034317602726691,7.496576104224967,7.015072302889319,6.674676065958828,6.406884089100222,6.490904458033464,7.456537504996538,4.395559488761435,7.982930363948501,9.668360394835318,7.311741530817486,7.784588092553617,3.1931040053155795,6.229952485493854,5.990862288324698,6.6686607818053085,-0.5217208251513812,2.7820177896079095,3.8988666574180093,5.688375069866302,6.526905577245791,5.4490549217068365,3.192421685692856,5.438034886885164,5.67550475969891,5.563017235498006,-1.362150296729286,-0.867748956009296,-0.304282626738041,-0.8671711160772869,-1.3327463554068695,-1.4814346463976467,-2.9246830800173296,-1.9190916777980007
6.905346083278295,6.137987173355152,5.934913686580895,6.025578913233025,5.491822541552786,4.029224003989147,7.835238862219903,5.099144427434371,4.988460109612798,9.434002027594213,6.124599795828803,4.819545249174534,6.56351011717857,4.409340773617319,3.9713530261493113,4.899915962957203,2.7205402936040097,2.592891188001775,3.536865606833504,5.886402934523496,7.504121811639009,5.7591810630366975,4.452120617426164,6.081056388012369,4.863727120814687,4.117592182465646,-2.9720025242971517,-2.3438530207791035,-1.2668355077332838,-1.7298608698657172,-2.016995992786321,-1.8644195147349802,-2.5388968734895303,-3.0356658928795484
5.931236198878386,5.218516876547975,5.5767599926078235,3.2033564121463596,4.2165914351047915,5.69686917564947,0.9597862526842482,8.094653195118038,6.587237127814025,6.678018757912282,6.411094366303882,7.337461913895182,4.032756910271911,10.592678801633294,6.2934430699577435,8.300544995785055,3.955742501571675,3.922838837755836,4.302174169872305,5.343225243312006,6.329839514614572,2.837695829016666,4.375047062178776,5.558514751000124,5.363863148477321,2.212292145381733,-2.625754836177816,-2.989561739129615,-2.187662124477611,-2.6374373994029736,-2.3871201910902613,-2.301575471180973,-2.8391578053726314,-3.7959004812185895
5.251945388405336,4.886931914410951,4.477828458387914,5.543127015831206,4.012964079002152,3.940650717964935,1.0353109057637098,2.0170768137953607,3.296786391842604,3.660992196750889,2.685424699859926,5.458941586689215,6.240816582215743,6.1663617331229945,6.090884598865777,5.1901680490817625,4.197220491247355,4.482430841611109,6.367369710601441,5.64064663610514,7.834365638713027,2.3270472184218285,4.070160174603198,4.041093717356948,0.5944764759618865,0.12920342128702175,-2.183181855969291,-3.0737570759182358,-2.3265803470227433,-1.6638789465552757,-2.92936154950822,-2.0290495328681053,-3.0016962405020027,-3.8134402520495314
4.25590920896129,4.067830338073515,2.6697283873739,4.38057724966006,3.8302858356125737,2.551894654238348,2.5032211705904754,1.6684480194074145,3.7766932171908407,3.2700598784269843,8.598764497096488,12.521988507542295,4.500574169237712,7.917289760015237,6.018280133870768,3.8840247412666575,4.864306996739345,5.50336051058089,6.200795204535702,6.435634626472596,7.273788277817114,3.5685741425829907,3.7751529874189615,5.041717792215793,-2.3636266111349977,-2.5257977903169677,-2.562479526296998,-2.502223443972499,-2.6870933988195493,-3.235311300846222,-2.6976622672668924,-2.022704902252274,-2.1201001079549395,-3.519521224725002
3.665057709651858,3.5931712354765977,4.206702242803201,4.246657765794714,3.81329917421111,2.894606957456936,1.7770279222021492,1.5883750899160503,4.1059306248027925,6.701688398090784,3.4572053535807465,7.124029174380982,8.675409041006839,7.655721330598027,8.54124913522944,6.573377270455556,7.751457961074643,9.196785131201398,5.415397059635157,6.430349031038511,6.186427781466354,3.4661638377002304,4.1293271206562245,2.399036650106436,-2.2604906170171315,-3.649092620084897,-3.098636998928948,-3.0355905493002173,-3.7087494537742867,-3.428024131017311,-2.346164089934117,-2.5665539293996495,-2.454419651248389,-2.7458889764651433
3.9847410953685296,5.007906658393954,4.414658276827551,3.8205644504961813,4.10851849006315,2.6434172575257118,0.3667481278040412,1.330127477985617,5.486354443120265,2.9543638028268857,4.711611287760796,1.6237353644565733,4.264619165004981,5.8898120820258235,6.54170794806639,8.617746320478243,9.678471540835183,8.721953839264062,5.2554462697973126,6.250573928368741,5.005566086023113,3.346107338380969,1.8901987656514478,0.342150032252795,-2.3577138946971528,-3.5631206174407666,-3.6116202763626277,-2.8445071925104584,-3.3583174628668746,-3.648000363441009,-4.118305114092143,-3.830685133727028,-3.9478179934951534,-1.9980517570892362
