script/wind.json
{"header": {"parameterCategory": 2, "parameterNumber": 3, "lo1": 6.000198445256149, "la1": 58.999992894266676, "dx": 0.5, "dy": 0.25, "nx": 22, "ny": 24, "refTime": "2024-01-07T12:00:00.000Z"}, "data":
[rows 0 to 23 of 24, columns 0 to 21 of 22]
0.777687259100035,2.6165100253228575,0.8699593470676447,-0.70289331046023,-0.8194249603791914,-1.9194479243865117,-1.0115697737442297,-1.7579808793971872,-3.470303038761665,-5.355436542833963,-3.087145560087903,-0.6028801765352493,-0.9095644754737631,-1.0503419947247372,-3.6948333162816933,-4.465497207803537,-1.5235531193212852,-0.9060436597451141,-1.2319800141583108,-1.3196380902629556,-1.561194896472361,-1.5687629342361016
2.875663169418302,-1.5399300472731017,-1.259610959801278,-0.7388488289627969,-0.4137257443472333,-0.028410600724287905,-0.9718810081899952,-5.497602309512886,-5.598260170372764,-4.173953265628055,-2.096774395188402,-0.8942100580621763,-1.3349013306735422,-2.0166773054367915,-4.4013718033778355,-3.007926531625384,-1.3330082600122752,-1.3548488583723608,-1.1570732431807829,-1.6499436773688163,-1.776837731810925,1.2937891052915171
0.7407827592658689,-0.06458748263410785,-0.7167543285633029,-1.0280502043933726,-1.1946178871621462,-1.2681908827646642,-5.984718596563217,-7.176568973735259,-4.092073616623368,-2.43276276410689,-2.179300869764379,-1.021849321844067,-0.8847841607310019,-3.6016362875697805,-1.9754215281357708,-2.0357323433087573,-1.5024049536157478,-2.376719798362484,-1.9141986826264443,-1.93244729473552,-1.055848334447992,-2.0689255616649134
3.3812021613093783,-1.6550192289358983,0.25149397188179007,-1.6190937181355032,-2.706692185655263,-5.711437268980891,-8.184123774494392,-3.6490798353016793,-3.0844245577561042,-2.7702232875829207,-2.529902842395189,-1.5489858163048325,-1.3376260145485825,-1.6734716077319818,-2.3897167145023093,-0.8033144673518215,-1.4188494756739762,-3.2725370650354675,-1.222511588611652,-1.6865945137630303,0.6604588459126632,1.9621786024003585
2.5945378310056464,0.06433292838610949,-2.398536712183012,-3.8482946017777495,-6.801306047529373,-8.820157351171293,-3.9919546047736567,-3.8101144944778738,-3.3167601055087284,-3.3197287674314517,-3.483192931889316,-3.094375792696731,-1.4431561703845879,-1.8217589782849344,-1.1861734838087235,-1.621274624933846,-1.7079518294159097,-1.348191286865803,-1.6584086316341489,-1.5141492484344348,-2.071268276949736,-1.74589694582136
1.2681066274424502,-0.6426347736391248,-3.0670013934883373,-5.436425544205473,-7.100096717604546,-3.5513533117486693,-4.073518526889882,-3.794980838087548,-3.6930704704232444,-2.5993181403002064,-3.3402800077209656,-3.3759896621577066,-1.969924816978813,-1.635973572250609,-2.206663564268132,-1.5960916540069474,-2.0827218549573088,-1.7718864378018764,-2.047799921361388,-2.216542381484265,-2.1259345125393314,-0.8931531179938954
0.7514084920867729,-1.2781488992939092,-3.599894316351122,-1.5052237888235036,-2.8365912101679034,-3.687097684453565,-4.216644272320601,-3.6431391942954843,-2.3400467220335046,-3.085183719299048,-2.5874046351774087,-2.9350971792306186,-1.7752086715763724,-1.5859797405842446,-1.6727336105887853,-1.6190577813309606,-2.261020468679079,-1.7199965518216187,-1.9304848012644298,-2.148404669826454,-2.2966899058846084,-1.4816093512719284
2.3755086213258507,0.8068240610643349,0.36573270956683196,-1.1802109327942543,-2.618282720641301,-3.6626898809271036,-2.208395808429481,-2.888908940245443,-3.001257251493082,-2.5947508790291187,-1.975500928821513,-2.598730096735422,-3.425479455299622,-2.0002516158762687,-2.0440354205425293,-1.6209270369423951,-1.5517477993251836,-1.720074532630673,-2.0269428089936805,-2.248765842948938,-2.2489112090756356,-2.5622151005476814
1.7110217383601363,1.498726298345603,0.8169117088744594,0.763243455162078,0.23046336907270557,0.21573009575556187,-2.4810764003255454,-3.755378634088424,-2.8305871842816432,-3.0879947937548424,-2.1789448974147945,-2.531725034243496,-3.798750342573858,-2.4283905107794572,-1.9459935214888473,-2.0047564505577617,-2.5650704641291355,-2.185487975266486,-2.226682602118097,-2.2435946243977765,-2.248198325260092,-3.0701664973882887
0.7437716889185607,0.4893680342796303,-0.04152597085304988,-0.6507266205739903,-1.194303054545133,-2.254068046307976,-2.9980556498881827,-2.4429037523701287,-3.4373135059048288,-3.0594815123175465,-2.6234996908723707,-2.8348228247393226,-4.070335194534737,-4.534498095023175,-1.9342787466271174,-2.272006354369486,-2.08130433412561,-1.9979017439240043,-1.9012251333815888,-2.0492555912826993,-2.4480661264992687,-3.72129384589791
0.33542159462440874,-0.2121116593175106,-1.3297869992048592,-1.780734437687132,-2.2767933310565147,-2.5470006920331394,-2.8335767500713382,-2.74831638993609,-3.3122893317746414,-2.9302980319293663,-3.3319144169015447,-3.584186524824636,-4.9533559221494725,-4.69911333413633,-1.7424653154697956,-2.1075852254564156,-2.206900101170772,-2.2255590738004245,-2.2445437527153578,-2.1392272769887075,-2.310850272801834,-3.066489528232604
0.34289410148220834,-0.4428889228515492,-1.2228831757473946,-1.9319045558834036,-2.82517036173948,-1.929726180646884,-2.690131623636447,-1.6320516104948144,-2.7906267452787348,-2.588231707989957,-3.9483876904072424,-4.317846601672545,-4.681416546888271,-4.077116011517652,-2.5206576856033927,-2.3490054976361674,-2.2374712300034516,-2.220386694103257,-2.319342754713187,-2.3659665481111984,-3.2957708572205866,-3.9845185480092287
-0.23798826169211051,-0.7063731635994365,-1.418224525673133,-2.1944605096531875,-3.1968959851610426,-2.647066946835898,-2.4456244270323406,-2.447765216330723,-3.215053049393812,-5.537421406983244,-4.743906406244436,-4.577034765048732,-2.3795150317640585,-2.938210531649549,-2.7494053194050214,-2.422914109885396,-2.6186670567711743,-5.263574896104435,-6.754673914173139,-5.78718871223039,-4.7784343780843,-4.23355876807402
-0.44082346934974576,-0.9236159754963121,-1.5422486984023667,-2.052002141532549,-3.2536922851001715,-2.4969756847205526,-2.319306088996509,-3.1514575177549418,-5.215586238688187,-5.0633463601094295,-4.861645362083082,-3.08259952725117,-4.1554405668595376,-2.980580128133175,-3.510198258994033,-5.227468248859647,-3.7828532169255795,-6.630713096387729,-5.816048097240638,-4.900065396195145,-4.425373387143086,-4.03129092468213
-0.35832132452661813,-1.1484573356788284,-1.867918027033131,-2.615608937302351,-3.031525778068912,-2.940574103460578,-3.1606154097949206,-4.541400273899035,-4.019951222777774,-4.141217159100919,-5.115806332405638,-3.303184273626593,-3.8165414682099144,-6.104472301368289,-4.571470996999862,-4.871132692094251,-5.0510009716997475,-6.149751812946335,-6.005745081144105,-5.235560734327714,-4.268487535771105,-3.9402440876732885
-0.6762281783800912,-1.4696489661601104,-2.411121244032577,-3.005917346217905,-3.6963342927156306,-4.235444026576551,-3.6453445549507664,-3.9666675548036725,-3.0824489328723863,-3.338936222928161,-5.955013132692027,-3.530691934694965,-3.4519057077782187,-5.920166082449015,-6.811367668519938,-8.620881098981458,-6.802463014512108,-5.752553392129746,-5.694584374849722,-5.4278851372188255,-4.413163132563626,-3.7147375561988243
-0.9436588325739041,-1.7228189669214313,-2.4414739054083934,-3.064529769518385,-3.6576573297384587,-4.300276032895531,-3.2682810580428834,-5.552973739632503,-4.923519449534296,-4.675501682597084,-6.645832983827641,-6.545879557975668,-4.79366291937952,-5.042754422571353,-7.349323888774585,-9.636272774439437,-5.4559148832606486,-4.530703199240009,-4.441900855767754,-5.083946256128732,-4.554625103873996,-3.779706048669804
-1.5096975962501378,-1.821317327111088,-2.5316124400296682,-3.5222553486758863,-3.992693410054603,-3.9764765797103285,-2.4585573696501277,-3.9870756351989605,-6.958474475866613,-6.327732196397662,-5.076022644900121,-4.77380040117157,-5.334847802897034,-6.707392883934159,-8.92577551458514,-9.276203807881357,-5.21565408902172,-1.7365384008079505,-3.6774254992284483,-4.257717397705395,-4.11398118652219,-4.018370310800533
-2.4366581136663954,-2.457893223284052,-2.4936735098613605,-3.259144027464538,-4.119835457219448,-4.694370876050277,-3.4986286050305067,-3.879111800568392,-7.732952572810761,-7.027343377105139,-6.6889041117297,-8.037392766919963,-7.64901768827413,-7.98085669146937,-9.033133218312926,-6.530537269821008,0.4192816935124057,0.255003778192358,-0.44333989932401696,-1.1314100013149069,-1.6248263617845409,-0.9664579690717909
-3.0281524443761536,-3.1328961086406317,-3.5355747781986526,-3.692986867631469,-4.457676923956966,-4.749736691754871,-3.94224782165797,-4.408934304909875,-4.850740680962637,-4.300771633727278,-4.789940411784074,-8.794797703507589,-7.711548327953896,-4.101159145905699,-4.952066808512631,-8.2120596774971,1.4337875418709785,1.2186396254801923,-0.015929376923983055,-1.4228949593978295,-2.262814928405411,-2.4597820681261005
-3.274880609702647,-3.68315757463334,-4.014313608838664,-4.268463034982498,-4.749567476477928,-5.640131275522907,-4.37076667395252,-4.694912331388359,-4.152963920058477,-4.016753339527346,-7.431236835009109,-5.478822479425709,-3.7090620060134083,-4.878465080373684,-5.1142972455447095,-6.753716979822205,0.843109121873041,0.4597436577465281,-0.9332447223871468,-2.560900571949416,-3.298024992904215,-2.5070543582392664
-3.1600523462351457,-3.766328460035384,-4.58076717916987,-4.220118609291636,-5.026388908813872,-4.190658651364065,-3.730879551535631,-4.884206914793846,-3.8899261388199684,-4.551094761211046,-4.956009879386318,-3.6503872662085137,-3.951977350752592,-4.28123804138454,-5.016777402465255,-4.56503895168226,-0.4355063787581861,-0.18596578735471186,-1.986172439469875,-2.9198315479573425,-3.908662235806687,-2.3051547231243514
-3.143357488611271,-3.1748657077820615,-2.800133455526059,-2.61394048960492,-3.4531936147326503,-3.926030423640123,-3.380872201127004,-3.930715305191633,-3.981311506975475,-4.366742588383757,-3.9005657550028503,-3.7529443861040277,-4.69901112714722,-4.254922074902441,4.8469259481972085,-4.484563052182039,-1.6468337048929456,-0.8612716270238648,-2.5222570180612016,-3.1846984985926015,-3.18564307775076,-1.9592976059254974
-1.8058842916502744,-2.847392343901447,-3.0802026019173563,-2.6645905778414822,-2.726721908253985,-3.571864609051487,-4.174258112757833,-4.099844787739945,-3.525098945047453,-2.8894305773939926,-3.0742606890906683,-3.3641803007566566,-4.503312477062429,-3.612158573325921,-4.4169227725397455,-4.782553196114786,1.6301065439572489,-1.8058250209623,-3.3736036876285187,-3.5337193756168195,-2.4190470514246756,-3.4594071871662213
