script/wind10m.json
{"header": {"parameterCategory": 2, "parameterNumber": 3, "lo1": 6.000027932988019, "la1": 58.9999434238085, "dx": 0.5, "dy": 0.25, "nx": 22, "ny": 24, "refTime": "2024-08-26T17:00:00.000Z"}, "data":
[rows 0 to 23 of 24, columns 0 to 21 of 22]
0.05451108862437576,1.6667097598318852,0.02423762505798243,0.19627182973684415,0.4352310149106342,0.27598089733261966,0.3542077930906809,2.255331338706861,4.800743787852749,8.530378298243352,7.886893432106038,2.847892930906612,1.9832270845400302,2.2625413491517423,8.672566608647495,9.747800262584613,2.700532443765279,1.8193054843364929,3.4564209864347926,3.0608900681084337,2.602089268017652,2.3340519030506592
1.5381141979139867,1.4189498033121404,1.6562581116688317,1.3206104879376521,1.5144933662349067,1.9537398522187137,1.9629470128207505,8.575723460030213,8.16041187309593,7.956185153153653,7.714931192695037,2.9488224967698704,3.293564704729264,2.7913006768048376,7.8952654577257375,4.527701605082147,2.676560697902075,3.5219922812361495,2.6224779214072553,3.0298901820660618,1.976257646534074,1.942974179856317
1.0252783610002183,1.114390070534865,1.8672138483605358,1.4884387370299734,1.6654963399825358,1.7530604576222095,5.784447378678898,7.809542372896257,6.930150724458239,7.307106944383088,6.194964621633152,2.5202160957222737,1.726855731004454,7.023750525288402,1.3695381752187101,3.2802683570614994,2.865317938667108,4.376354879735544,4.71382693760191,2.0453812195449745,2.734869848859929,3.1366135211645374
1.8225181515187772,1.2804792449066524,0.9338934070084373,1.3794062302708792,1.3938473893118828,4.052324591554378,5.374410447303934,5.709051271887512,5.9334736944368895,5.522052688965874,5.1400238555234745,2.392037259218724,2.890012327404424,3.48908617350031,3.522006882168713,3.6792656738106713,3.0253337363089687,7.3727775700026035,2.4052444266920614,2.6960302365925446,2.687020721878888,2.006847326183597
1.5761577340766744,1.9018293549367196,1.1491963076653504,0.9833796099017845,2.876444126918556,3.558577620652558,4.711273634794972,4.968319862681835,4.996075325377911,4.6994100819915765,4.9415775997853375,7.759582068784041,3.544782280902126,3.2031538288358496,2.973365399907891,3.392399665003587,2.9005411022520904,3.0350019477960988,2.455590871514501,2.382557168606302,1.8676625856274969,2.5234848959307694
2.3028382170836257,2.214447553667906,2.3913689550534776,2.7287311043211706,3.356998705962654,4.082117992727253,4.767073432921496,4.19043857403731,3.2542180853990463,4.613827933810894,3.5233016598696083,9.668035375623685,4.123217187892642,2.8916698311659563,3.386483442585319,3.874583084729946,3.3362774738080927,2.3913565735514255,2.231596426766233,2.3162358087587847,2.6366158044660457,2.507194572842893
2.2577772435887455,2.3249877057502952,3.5181377557522024,3.3275427282648993,4.062737829619137,2.9488343625976343,3.2076414069830093,2.6791487602811532,3.477470719970655,3.800944621006099,7.044107649865272,7.94280017841697,2.699637115981507,2.8439343406294113,2.7190059898945114,2.450514437836665,2.50850028277573,2.167389538638037,2.473929041270107,2.330782193379771,2.5627507709801813,2.704078585122545
0.6384080892914452,2.5302282882056923,4.156133361193378,4.0441812698582575,4.223469930712835,4.084979761642148,3.734856111802395,4.481327391153401,3.622067978072475,2.643529040637049,3.349775063946709,7.742296848741865,8.183744142538528,2.9393890427561953,2.0866576699064634,2.1886146324503617,0.8465667689530082,1.685966993399355,2.297090384947897,1.903625788494095,2.377608408831175,3.995699049318346
3.2607555765705163,4.308486530423965,4.479317657624205,4.383984936257163,4.813185389865526,2.0301161648925286,3.8856685848154706,3.6839600030442194,3.0655884328192675,4.244407907667187,6.312279971848173,7.762897595493675,7.578558749996018,3.172041913746238,1.545681550461746,1.5546754141315882,2.16675210878808,2.180992776852323,2.0576932021416683,1.6183413814724115,3.018688051313493,4.8908404189040615
4.318557401666654,4.465492779522305,5.03948325157399,5.763694092119257,5.5519142355216635,3.5687936965696485,3.188544609087947,2.4175991377503636,3.0145427879802473,5.0207085636816675,6.143642283614864,7.388479386850758,8.330275178351249,6.209456409054444,1.8904246282110329,1.0684433643742093,2.2228873071603967,2.3709201145865713,1.540332255840279,2.3929164421763733,2.412883547959639,6.759903352605105
4.879253239424279,6.202959578421283,4.610790893593649,5.718601202950858,4.892303527094703,1.856378500301937,2.5662697912693653,2.681867515082354,2.52281400962242,2.7214061309887754,6.733290231755491,7.8650758370748415,6.700211502542259,6.44027878702032,1.8453896363664455,0.46483887152788983,2.152636703037676,1.6882501134685508,1.450611768140882,2.4911226962851187,2.2785883306554817,4.870362369188509
5.3858563803516795,4.381636553670354,6.148803734210836,4.4012680201105505,4.422697144291462,2.691406306618307,3.48582941375361,2.3991280740509464,3.2198177486589823,3.819796764866207,8.307654319516484,6.375609383459952,6.514175593773876,3.637275508118506,2.3822726054673,1.912075812603462,1.7990046204452388,1.3322208689255213,2.219244818783996,2.5674721781147354,2.7021595745321667,5.294471765500866
5.7981905898213535,5.117140020202409,4.821543840904651,4.5276337891853515,4.475428921587891,3.5439425067767973,2.624974989848699,2.18583696272934,3.336223539217647,6.436842113377405,6.6710121636682835,5.873684529888117,1.816999892526189,1.6370158254918885,2.464064418444416,1.9600814585813393,1.6810668728130709,5.3107663214623795,6.541921669805235,6.153377936673686,6.1709402616593865,5.219890585722611
4.766104892959504,4.936914142662666,4.748619255846725,4.088583446871582,4.116189933709576,3.1421209548000086,2.9734260775869887,2.19303503102921,4.118637640708508,6.139375086806248,5.076189335388196,3.7462677645874582,3.0361708542595616,2.084815911906038,3.15905458464213,3.7242348609306437,2.181694108514648,4.75271745507464,6.440501395868077,5.305683376025154,3.8220769024172707,3.726629291032704
5.102676400798866,5.417770337704996,4.509079184113592,4.5536628982068,4.530773092032705,2.9749708376307202,2.458007228132517,3.060704698887008,3.0501977448456636,2.4835548620315584,3.930211729105596,0.13486362372381028,2.7855629480578568,3.671806162020295,2.6686658606623914,3.4379851248156394,3.5992660280027517,4.6824400089207225,5.002652314033774,2.9037936811960177,3.867384800285612,4.056421807739014
4.530092046109299,4.436439405296765,4.044599233205249,4.548038502592206,4.401811461047276,3.590214951213593,1.9008891788807203,2.8287447707153475,1.5408648980941164,3.1506302999797797,4.8349093100274505,2.8944410506563156,1.9358906096625133,1.8356166418562645,4.3567088940889205,4.958287447185843,4.446391962307621,5.170815090670521,2.433498592030987,3.956022398835203,4.238449676646854,3.9445226477810817
4.11117033368705,3.8332800812706234,4.086114166765455,4.250778586740179,3.9317915586510326,3.75052425845212,2.6695545336293214,2.0700359433080844,1.445242161421191,3.2509292551417084,4.622238005038737,2.05228009248443,1.1421567754979418,2.833029542068545,4.213163031896696,3.3846967670336254,1.8117526965218576,1.8066323971711995,1.6513806952627685,2.941990552249048,3.04201915737586,2.6444496022637565
4.1944908021080725,3.5335926700807163,3.832879726096057,3.8057305833720325,3.889755019680386,2.4119082814737043,2.043427735655963,2.547130479418686,4.105020265264317,4.801935036653752,1.9967606675431029,1.73738792416223,0.7713279569090554,2.722304206732511,2.9141544854785213,0.35777506118842206,-0.3155635206515727,1.8080176586964012,3.1337002725006404,2.8738459235766602,2.231351713929324,0.5311283543228531
3.3113687826565914,4.249208367348991,4.714346724369112,4.2303852568768985,4.988863122280608,3.9281887124409574,2.1394372399552135,1.669152301024674,2.9773720440749747,3.0892882362121434,1.8924191801582149,2.2580664744399064,3.1516290946934293,2.281420135496778,-1.1353341289309304,-1.9802492016342517,0.27256024687702946,3.9227883129228505,1.4441448614071737,1.200845846880116,0.153521027512402,-0.3542205518574557
3.1217328580453474,2.8756994907076745,4.312223014862951,5.121201263977641,4.926843459495587,3.3773459681764573,2.9636878464155916,2.6414435716222116,1.6252975022990845,0.9843410409909029,0.631256574764188,1.9370350544596096,-0.5739229021519727,-0.8294394250537787,0.2614474321300121,-1.5663164474421214,1.8234712830182536,-2.1383285455940793,1.7256807536999366,0.5530731641967287,-1.0296405261139867,-0.6687278659981358
3.42967764266292,3.3542129243434933,8.955500016667257,7.767116186582202,2.8932695145613887,5.646335584150277,2.661761250785843,1.1016796073825532,1.5032772208271683,0.21196275257829958,-0.6267643217252914,1.5821943992366077,1.9601878046116228,0.5988975084176003,-0.4978381310628913,-0.8620369490783485,-1.6275919804982804,-0.6148781935104007,-1.2604259861362546,-0.6707537550120645,-1.3018601376080174,-1.3895376456180857
3.8360193344334763,3.2831237527621746,5.988372786747486,3.559180971513732,2.2024378838048184,3.819747516682618,2.2929782005555026,-0.16726199977900164,1.1737828999762245,-0.45539256069911643,1.6014292628557396,1.2264052185120327,1.2395023700681984,-0.1593492810836713,-0.7147355477116104,-1.0434171799680714,-1.2620389485301517,2.4337931426155963,0.7652565619210858,0.4549874205793128,0.13050867316849352,-0.3479152286471176
4.387641385481097,3.926591607701236,4.580583484822549,1.9024921612887573,1.3539491659278906,1.795413233172225,1.2308676370470077,0.5659337113728731,1.143063287231251,0.8418713777501636,0.07759561363798759,1.1369679933436767,-0.2571520117447444,-0.38234667790863425,-1.2236020844021074,-0.8326813021899729,1.5091012208866807,1.6072902757778078,1.1520432717530693,-0.06992525339140983,0.619085004733627,1.1727831173832333
2.332685478020564,2.3393862265253222,1.9640907386494344,0.6885935390925472,1.0317929685525962,1.7658151552815937,0.5551497455555424,1.0698646473345363,0.34512382835558797,0.6728368772508325,0.8891557269171902,0.03779241860048036,-1.0344555733079943,-0.7793384833737149,-0.5675947343138393,0.9672900777093664,2.6487778583329455,1.4282921910180633,1.4342755352520835,-0.3775123591077853,1.4207961971418386,1.3085405156053578
