script/wind250m.json
{"header": {"parameterCategory": 2, "parameterNumber": 3, "lo1": 3.000054539987559, "la1": 64.9999836372058, "dx": 0.5, "dy": 0.25, "nx": 34, "ny": 52, "refTime": "2025-12-26T23:00:00.000Z"}, "data":
[rows 0 to 23 of 52, columns 0 to 33 of 34]
-8.387770909860318,-9.510444731686661,-7.943315017406338,-5.423517957847956,-3.4914886254971202,-4.3481625546734906,-5.847908387134997,-6.984721666194704,-6.149185671085451,-5.31801141748653,-5.692464396806681,-6.3321815214831725,-7.130713895094447,-6.92447058466332,-7.726142820365219,-8.634887682210175,-8.707662608717925,-7.458065731123365,-6.146929417853222,-4.533515992204064,0.9047560674866174,4.8391329232526195,2.759431465133526,5.483451607707695,7.365579657012419,2.1843484361159238,1.9435409440907423,4.687949508313634,5.89856497690293,4.187375542285321,2.249534362815319,3.0476165729313767,5.113506569862634,5.419949385784697
-7.8386502519828465,-8.430816781554086,-5.706426939804195,-6.007257206014912,-6.098533761108349,-8.056733863254529,-7.125345147260152,-6.262060288207666,-6.128419736284562,-6.675302909801464,-6.559189232079877,-7.388704960989158,-7.187827190903968,-7.9016669182063906,-8.352114877030171,-9.201166173765143,-10.241584106681884,-7.037973012832162,-4.838703412500532,1.8635068881438646,4.602985499955424,3.2113238676426934,4.153813843871724,4.073708170526061,3.027863437318547,2.516645109023884,3.2566865143110717,4.590518786474357,4.731522882810486,3.5413027967967063,1.9031577413518532,2.9213717193655175,3.405698365957139,2.230155398764143
-7.51795721288229,-7.293928189650399,-6.623043209126588,-11.261975344590908,-7.55507098260946,-7.157841052132852,-6.6846228043315055,-6.661227339729421,-7.158771133200767,-6.718062801360271,-6.784952585378504,-7.172525265536522,-8.294294391653935,-8.17786951582782,-8.29728039331827,-8.808357872582787,-7.65886343475297,-6.9980363134404815,1.9344973621953325,2.0549861452648583,1.234098144845973,3.643048608617895,3.943343350714558,3.391466696424349,2.307139778271237,1.9099222338604525,2.4697037069801007,2.8421916417292428,2.9052062283706666,1.7721612506240927,3.1932257969653555,2.8529622072291696,1.8770101332889289,1.1210337201041713
-12.30131695608813,-10.451281346648798,-9.526830332499046,-8.647454061786696,-7.879054068950849,-8.11179755623378,-7.841067180118623,-7.578557821000078,-7.127756587516239,-7.157286403572712,-7.393654070438171,-7.90710856223124,-8.408119890824368,-7.996218198133222,-6.797517266618011,-7.609171528132096,0.8103002847114835,1.5332007868716055,1.3811317813295996,5.151836223671097,2.9743581536575516,1.603446056859001,1.1795188781490904,3.0329893702312045,0.9625843806104537,1.6858880752069068,3.2560491952363204,3.3036726975145028,2.6896385055737615,1.853271317037208,1.4191270192946495,1.3557485960552615,1.084368161374942,-0.09777009792021171
-10.720171833170879,-9.71752242854456,-8.8575389116238,-8.564881753495373,-8.382677233912041,-8.481150347497755,-7.835807708193149,-7.588610106017141,-7.7102567190047395,-7.74688485022325,-7.449850789048657,-7.384970168578987,-7.509882373742766,-6.994410063486359,-5.60816369496269,-0.4086246944557099,-1.2199842923775936,5.074996638573104,4.515516894575858,1.063676235512347,0.37856606059910336,-0.8650169922609187,0.06844243353718836,0.3146081122441857,-0.11348713173238716,1.9897963331360795,4.336836364530546,2.5616299330873753,1.0472143973681125,2.139295759931268,0.7451144181629973,-0.6694295233145272,-1.3961123270449967,-1.008456483326992
-9.561990652528841,-8.997719671276643,-8.278074841154318,-8.431364628688213,-7.486653610052056,-8.095707158512957,-7.738691423830188,-8.099793340169345,-7.759531831531748,-7.260449595323095,-7.68687199941102,-6.362640799437151,-5.121219426272976,-3.8024109541346767,3.1511511140574417,0.8732594942205596,2.025625481764613,2.907953605709071,-2.601019457893523,-2.542948924796064,-0.6614004383466839,-0.8057002532817447,1.0296383470087436,-1.1735718056292157,2.313653242154668,3.2295357761908052,2.8828455625001927,0.7537898098466599,0.5834193904797509,0.14017914738753193,-0.6378152857691418,-1.0794195686057186,-2.0318739136367943,-1.3859982744377124
-9.093185446691997,-8.597338415974622,-8.033694613316392,-8.291988469244782,-7.204084962064712,-7.45926905242374,-7.770514958548661,-7.4907819077580475,-6.489741392215393,-8.44278572315991,-6.64840334084807,-4.004029908563542,4.763164679646442,1.6322537770417884,-1.620233976626349,1.7697180152141345,-0.3347129585528614,0.9431752074866243,-0.23212997324520573,-0.3306646934525183,3.0231303507388874,-0.9163822474440853,-3.381988543207072,-0.6777471799630527,-1.4455637129587409,2.1535857711088466,1.1918727398078226,-0.9091713108481918,-0.13479202003846932,-2.4211298847837535,-1.9223543031108061,-2.5447645508022347,-2.331358221218264,-1.6384829190095256
-8.875634851310158,-8.486177881871827,-7.7309665454962175,-8.39464584586138,-7.994407974871914,-7.576661491885592,-6.807969355819283,-8.172312404089714,-6.512300357539975,-4.979560528945288,7.0900314068662045,3.3549046428326705,3.05501695838364,-2.4294154275935362,-1.2239273207397803,1.3143557390193903,0.7437460750810456,-0.10923074415542902,0.06820518140711182,1.4750044121760564,-4.777710282139263,0.6432662876473086,-0.7777025843845268,-1.484481159419403,0.219564862900506,-0.002334278171115835,-2.591875290628888,-3.138656538513177,-1.8571667183381404,-3.5961263072333804,-4.354081600930583,-2.1238717135143075,-2.3118966418549314,-3.4717050355571164
-8.430868291632676,-8.958084332572458,-8.960590673633384,-8.476884213926578,-7.489204653561624,-6.938590062436131,-8.462541694977462,-5.728562816722354,5.743144539720139,6.464864135128635,4.538547064051609,2.836180467005613,0.8303716916213829,-4.00169947179321,-1.8807848476176312,-2.5818094719356104,-1.8477114265632002,-2.8873870536965125,-2.2149771662252267,-5.571877219528701,-6.3457363511640255,-6.764726126862262,-8.45559784631272,-4.00619127515466,-2.422780235356201,-3.6807950609755027,-5.085607167398132,-3.6379815313080477,-2.931666397513205,-2.91430943685908,-3.9185687532792306,-2.745808032548733,-3.450137023289198,-5.348586934005139
-9.253196941751828,-8.99093500702206,-7.859753206918307,-6.961851586649486,-7.529924641650064,-7.116911162431429,-0.2203816772973144,6.247787720971498,4.502956816123731,4.739672871291243,2.436675337576469,-1.0310126473559351,-3.3004378217906893,-3.2077128747501695,-6.507494266717391,-7.2274312452701475,-7.122341717128886,-6.4227852045066385,-3.8640983880335322,-8.737322358057703,-7.420927585576737,-5.3413443924689705,-2.816933215957908,-3.743849355883585,-1.7219979708905544,-1.5099824653453544,-5.149254390475355,-9.311844581705781,-6.2594303989180995,-4.322008052923033,-1.9452551478929017,-3.7069547203605353,-5.517953164469641,-6.954138766512308
-8.020024214803858,-7.765957866203178,-8.402081429433313,-7.182518557789455,-3.5185219675986583,3.3197538532316453,5.6579625097429656,4.678138644543987,2.310043556872277,1.2118779133878108,-3.6890971228504275,-4.49217601564834,0.33803508937041005,-7.100095370665404,-5.535721133094984,-8.313302701645737,-0.9453190928861646,-6.82474236099049,-10.938307479114142,-7.531152531129347,-7.235759776171828,-5.584974437131206,-5.011407891177819,-3.7328573875425715,-6.041568122774543,0.1449953912172729,-2.4400976869775652,-8.59474741807155,-4.941014857660415,-3.6558333018882636,-3.2676945121990792,-6.052845919914085,-6.602660046098107,-8.732303737888047
-8.67392196830013,-5.191803522080016,-2.9463309898438697,-2.89183407274587,1.746402339747593,3.055974566665704,1.309410434442038,-0.6301586320589236,1.9243807958393744,-0.30145058817144654,-1.7743061718364026,-2.2958743493181712,-7.325634049656485,-9.222592188769958,-10.65950535129341,-4.9329691235906035,-7.12694621776301,-11.010561165217396,-9.311509423879787,-8.656470623463347,-7.091477172698627,-7.798168745067022,-6.282416060182405,-6.482336198062461,-2.982669286105128,-0.7336631744745551,-3.3194806247354696,-3.409924277921456,-5.391544000111105,-4.87844334419887,-6.48314380538344,-6.974857803212821,-7.54978035535561,-7.743473397555915
-4.938568116847957,-2.7626345454753394,-1.4239603512959962,-1.258133921896107,-0.9231772338175166,-0.8451328828036042,-1.9332854686209506,-0.5572570471630955,-0.16500500394143447,-0.23365917866970384,-0.832940418250748,-5.52441612097142,-11.08209275026145,-4.742589678789188,-5.721917592444044,-3.488879875766212,-8.882436903181055,-6.33742068061585,-7.16712176010507,-7.331242918591229,-4.452925845184673,-5.114367121373435,-8.46655691007563,-4.845505745483499,-4.140184157036002,-4.621936242790713,-0.6057731372526913,-3.5193009273865092,-2.9782728882255007,-5.81525413372037,-8.381877150213572,-8.785860217579831,-9.097927146602922,-6.625920522867685
-3.551352004966849,-3.8866848787261103,-3.8619936365869196,-4.951546047394048,-0.8589977049725389,-7.899665927538041,0.5389191379247811,2.132647301323782,-3.0320512078666804,3.4677903824711795,-6.674818509579439,2.5234346994160903,-1.2397354040730644,-4.774421010267099,-6.027466133237875,-5.707565240216007,-10.279750825066674,-5.509293747896055,-9.765821087943575,-6.642156854148135,-4.350679892560296,-1.2428776889887607,-2.494242153424279,-0.9781073323211205,-2.421407151338148,-7.077148018232902,-4.232979088116944,-1.9545114079151642,-6.32946914201406,-6.711579723112778,-9.814391864391796,-9.442508843493748,-9.807292023616204,-7.501815087464599
-5.363109902903146,-6.299080865297573,-5.316122571538459,-4.221493107992973,-3.1513611809310023,-5.401748547062453,-1.7277815467918765,-5.234351852992811,-3.5653949932049587,-1.158232335923493,-1.244223845791212,-12.885350554723852,-6.065785719333088,-5.392006132771026,-8.25722087297874,-7.009366422024234,-5.424993234865357,-5.894965507028313,-2.996260254123746,-2.7489459758175476,-2.751617106865994,0.9043956285402139,-0.8260648437299599,-4.947115154863353,-5.99546635918989,-5.553784810385991,-5.163603093417766,-3.032218722062318,-7.306498455390593,-8.901889547815639,-8.75837007066376,-9.338425832557633,-10.371979057759384,-7.8549379539584185
-7.59101414592395,-4.930929186671271,-7.075515703189721,-5.0598004486096775,-5.236964714224787,-4.2589730682910485,-5.572294611786867,-1.9315072681326177,0.8364284553447611,-7.072790570601586,-6.39176466001446,-6.7865780296504665,-3.1709028424598853,-2.5908615090365346,-6.096823824477902,-1.987779089647468,-1.8151333424017178,0.03554646383199778,-3.0154562693658997,0.06656639101983992,-2.360088617498648,-3.6581713493422376,-2.8453937406503287,-5.640638290858997,-3.97095674989441,-5.314373029768499,-6.527033638009874,-4.848314531493041,-5.314834344575652,-9.956865737825975,-8.704093744510782,-9.27441211533665,-10.208131175442066,-8.86036354056964
-7.235256156504145,-6.420939597479654,-5.66229867640106,-5.715446747113924,-4.549390491969787,-3.841783115617506,-7.897429191331125,-3.24848590209711,-3.1145977312010245,-6.186623967408175,-6.83252037937279,-5.963180324987491,-1.9112054338686943,-5.41633542113716,-0.745777634302351,-0.7030956595039001,-0.6574987021444867,1.241050610937958,-2.0888533815224597,-0.25719178420324285,-4.7076263927389155,-5.909370789900353,-4.04855974810171,-4.473842463752947,-5.060910860364709,-4.830340753047934,-7.1788346778961465,-7.750756919666572,-6.865009383542849,-10.884212929626822,-9.089280579574272,-9.052648792092846,-10.232062664990401,-9.346294900314332
-5.978957736558746,-3.930046835421934,-4.974404878738576,-6.599699285557919,-5.244189705050705,-4.442792233753635,-7.3454595666895175,-7.888273322476434,-6.086912470082774,-9.06831109847674,-3.3426860153043587,-4.06933348188018,2.315326220919985,-0.42732289200153006,-1.4630057096872777,-4.7036391245436295,0.8082366117043283,-1.2160716197152017,-4.724817880797259,-3.8398352125067636,-6.3306312115289245,-2.380877502405202,-6.548512449593722,-5.605671378059734,-4.560478985423573,-6.96484493124612,-5.8855276008037425,-6.8273919359953466,-5.779465194558884,-10.305599223456595,-8.835280783458616,-8.75904147727324,-8.92908070936865,-9.635845525189396
-6.019401767309059,-5.351090027087287,-7.254301023432064,-6.67972791992152,-6.581993720628012,-3.313413545868292,-9.98529991700281,-4.641597437567968,-1.9310156348392489,-8.398935979382395,0.06051186452631174,-1.571322647531648,-3.116556699683157,-3.6854405858967874,-2.523342919159665,-2.964601909992484,-9.3669371737213,-6.53417371460804,-0.7725646058507395,-5.934749901228078,-5.614645577081552,-5.550853131018147,-6.140884896595925,-5.009327309215227,-2.171838737325205,-6.6052007322200375,-6.752612588313342,-4.736653163491397,-5.313334639926,-9.181958361202499,-8.121207200532329,-7.590323450535363,-7.932362071006003,-7.645169075870038
-5.61435150422619,-6.995430578706724,-7.646095254693376,-7.489382634343519,-6.219253812294629,-5.736020497053149,1.2888188553681887,-5.276151265239225,-4.197909685058213,-4.474854369368938,-5.772962646815179,-8.937933346330718,-3.222805248045417,-12.827456503910806,-4.171864132432035,-5.283751918798338,-9.088852567934183,-1.0677214369258188,-3.9042097475924264,-4.9549908716545525,-5.117968480122502,-3.7078202965909832,-4.628286666939374,-5.6526468608389,-4.659694549543849,-6.158899960701402,-6.1651094559230515,-4.56349235274314,-6.337342501486346,-7.867477799953117,-8.638962102873586,-7.485153960597001,-7.607464829654243,-7.960339923359126
-6.251889754942107,-8.162151088751395,-7.653376910716439,-7.302233647862667,-5.764008556650958,-7.158148425707897,-0.7743246937953036,-4.200517930634505,-4.891663159796082,-6.153643950498249,-5.935405118590147,-10.435014972719943,-8.6695441691184,-3.6777904122901623,2.1895677070245405,-13.696010885506984,-3.6334743932155797,-6.350670152519943,-6.09597866620249,-4.4058184655410155,-6.0062079876041885,-3.1775972902203207,-4.572839072191475,-4.661817955276863,-5.647844500641652,-6.590781042626486,-6.030234134198302,-3.962374823660232,-6.416641937801893,-6.947351515142961,-7.412402238840496,-6.615716996022452,-7.045395397008854,-8.245019821255987
-6.0336861223908205,-7.050612170578579,-7.129269930290018,-6.56382945250859,-4.935966711739496,-5.45579514066377,-6.36047702664882,-3.0929217683369292,-5.461216164110008,-2.9239107135900166,-10.171735461569607,-12.077363224616702,-7.263262641945248,-6.776033358737085,-2.1618683360049817,-2.4391180531945427,-4.453116600007746,-5.084821207214938,-4.685640547457622,-3.2638152083012555,-5.6770866756138805,-3.8122010974220273,-4.198377046436996,-3.8977525655088514,-5.699268500967033,-6.6132367903542235,-6.404913173218766,-4.455233377781577,-5.658995911519446,-7.409421558655609,-7.957023991854325,-7.929952117712112,-7.332906106415134,-7.653235069570783
-7.05254815491458,-7.787303327201097,-6.148628579151856,-6.721169599617682,-6.251767193624299,-10.446098234242319,-10.937956428995168,-1.1479151367127485,-5.176492553918586,-7.181072924088223,-4.597752578505516,-11.452065133095967,-10.318512947794346,-6.118356274607885,-7.667291415600184,-2.6714623096975525,-3.9947321689787403,-4.985447812414769,-3.054263527669028,-4.172585230508169,-4.403100253276926,-2.81077877007546,-1.3210470136716752,-3.41785678537601,-5.378485937583173,-6.192224698464047,-6.470289004996709,-6.056794124342784,-5.995287671893638,-8.534483942426823,-8.26012628288338,-8.31845828523031,-8.349721985908403,-7.917653684987937
-8.80987259553387,-10.00524502063159,-6.821759928357113,-8.687173884714852,-7.097173047525927,-10.056830727268613,-9.199123489386595,-3.591875219782633,-7.078924635866876,-5.831897587209145,-5.917562307023797,-4.348810775673013,-8.384302634291549,-6.995237606821299,-4.126172859614562,-1.5339027263179525,-1.2227694577463855,-2.432587112077533,-2.452894162122737,-4.651079902181994,-4.4265566648501276,-2.8665364280893844,-1.1609374153733338,-2.586032386024358,-2.6130647973279864,-5.286447533663496,-5.763206968894877,-7.808393555049342,-6.172908585062061,-8.457374766323232,-7.973355006626166,-7.16773631262098,-6.3652086760108615,-6.687024196765776
