script/wind10m.json
{"header": {"parameterCategory": 2, "parameterNumber": 3, "lo1": 3.000054539987559, "la1": 64.9999836372058, "dx": 0.5, "dy": 0.25, "nx": 34, "ny": 52, "refTime": "2025-01-28T22:00:00.000Z"}, "data":
[rows 25 to 49 of 52, columns 0 to 33 of 34]
8.06527519593529,8.371842405560598,7.076056694772135,6.998408242833505,5.529146672686771,2.5446773082931533,2.621716167917613,0.5710656229761045,0.7699984935717048,-0.894763948674299,-0.7992207940744955,-1.2878446544679518,-1.3839580351913998,2.2770577351826065,1.397475764424312,0.9303859925516855,-0.11587911989267376,-0.01170713389325663,-0.12626779076434644,-0.428835831195983,1.1188008834104026,-0.27516869463205046,-0.23098437808138952,-0.21610854407014413,-0.3335054220272754,-1.4832648855281656,-1.107947734291064,-0.2749399971515094,-1.1785201297761492,-1.475677892501937,0.5716445539597114,1.216660509419311,1.122926808702347,0.8985583869957091
7.438038480642816,8.25077983767556,8.024067182054074,7.520915695046545,6.045381805030317,4.320343193309586,0.8718646512299066,-0.10433393380523952,-0.47360112230752605,-1.3517962129750918,-1.3127564290927203,-1.1030615253917178,1.844202950779982,2.8080828593862925,3.02949052700877,3.3379010523246464,0.6575446665296382,0.3855657689679153,0.18293553184618858,0.6808735095001597,0.8678051104638309,-0.36577437126147966,0.02643945346534024,-0.1892791823608122,-0.8128749527430259,0.08769910080840645,-0.4412628770950191,-0.5561223856039522,-2.194887920258749,0.21729441473742758,0.7265207429141148,0.22135456893656577,0.48470919555074427,2.712789673314132
7.520716422999509,7.392532224930641,7.479292497717341,7.323957658597501,6.811738951592522,6.116110688483772,1.3550493713657872,-1.2611532041764597,-0.18861685738275866,-0.5937834976399669,-0.4946531532537714,-2.2787617697297944,-0.9173868403132233,0.9173993038766228,3.0092398156281654,4.779896995910348,1.9085873590079638,-0.004949017145857857,0.10019964498179754,-0.4422388907122457,-0.5625716771976224,0.7696311863414008,-0.9829773619018096,-1.0616503344957473,-0.7549214700950119,-0.8921936497669262,-0.5341050201708435,-1.1443933534141404,-0.010413084092155429,-0.3588731704143961,-0.0783528289347341,1.3127830215157192,2.1512172088849675,3.057585534067916
7.395244305879111,7.006632875478984,6.985263594756112,7.323718437417012,6.946799696834012,5.124595901827046,3.5545663779387064,2.9764888529183398,-0.30727159148439065,-0.8875633938254157,-1.9293621079855177,-0.47125628963511773,0.12182478748416602,3.039109400300647,3.069369662669131,5.501968261615446,2.852089749930304,0.6469248147110347,0.13041912384889012,0.06572265079374279,-0.1731522832105049,-1.1066748796158872,-1.0027881879044738,-0.7812904772556274,-0.7447455702399567,-0.7862277642049976,-1.1324702286253356,-0.6204064501605133,-0.5995223744683223,-0.6834275449829493,-0.43142219565564116,2.593580981797848,2.5854062896824073,3.2764674845109782
7.286620382025069,7.411637250887231,7.221853480555734,6.638058033283835,6.439637203492901,5.464029033667457,5.280899542968482,3.326250631011039,1.080626574043796,0.825792993587399,0.7586875199686169,1.1047907551553782,3.109156997945603,3.6957117954260146,3.6764465762124594,4.926685781265976,3.6081741331970796,-0.6554641565824061,-0.45905328752074165,-0.21941620939878367,-0.8337832711028255,-0.2619982943547287,-1.3120776266024492,-1.0038496695312589,-0.781534365255945,-1.2047680530182205,-0.99606716843327,-0.7691416266784177,-0.08870081320357737,-1.1288936465693395,1.0811136933411105,1.7451678035876115,2.524761328507699,0.7300743908033442
7.238117589046582,6.87448443077914,6.832446848487442,6.4849879015698555,6.024474254216642,5.614283174926141,5.6780118073744426,4.948222319396953,3.46214889013576,2.57642700554831,2.661367305737587,2.923818972425355,3.9928731649503852,3.950719909931707,1.3137569453707583,4.05683734928651,4.594992923923646,-0.07527240711469774,-0.5467269743327281,-0.8521549207315435,-0.894478334305298,-1.121321399391526,-1.102737124767946,-0.8350539702044315,-0.5089693827471505,-0.9573931170707524,-0.1696859898939471,-0.19518592383548922,1.4348812858551778,1.5619595796483605,2.6260661568886725,1.1049471609306418,1.4731426802473713,0.977221184004489
7.52184540941877,6.956213495697428,7.2911771206088325,5.71346373738175,5.3585208286167765,5.177801302327697,5.372263848715592,5.273519034730331,4.253106539153096,3.26298260786612,2.3794506950121352,1.6432909220440328,2.7240690886363517,1.6863219956656952,1.1914599995458832,2.560467609288019,2.104600499100088,3.463693081982111,0.4395007049323579,-0.6673792181068946,-0.8118879583968227,-0.9594672663664154,-0.6686025543526078,-0.08438211995645549,-0.6421505076722412,-0.24749381328982945,-0.6776989517496989,-2.1453936371507156,0.3210019972334218,2.327970643143374,1.3575178702513282,-0.27361255474805757,1.0798950479584402,1.9791520050926747
5.5721051206066905,7.2463392781752285,6.782465989506743,6.066624788116229,5.709573899612121,5.299865623474333,6.651167347158214,6.08304329953707,4.596884653189084,3.7990190118166307,2.8196371280025025,1.0472900212523075,-0.06367447183047659,0.6829874885003802,1.494260857463526,4.512417454643662,5.329412860198432,4.05878162106853,0.9336223486778219,-0.34443076409363255,-0.3452436419192107,-0.5061174444938561,-0.5066021549130185,-0.25545497928633754,-0.24022161412653376,-0.40270339145784423,-1.0918642493134825,-1.3802447398717121,1.0265090355842512,0.6607355764533812,-0.7517925023505763,-0.4536506948583808,0.9409684873971454,0.13003446129882346
4.927884563104361,5.2621127168917665,5.665121523799179,5.297473119224539,5.8290183582827595,4.757696544329092,5.393809013830937,5.673212098289502,5.406672282903591,3.0270777917787415,2.690064302900771,1.645312530595392,1.2319691521788605,0.9445716557945206,1.1640112247160772,4.097533707705869,4.978514374424109,3.2129042585311223,0.39956521475594153,-0.8052939277826874,-0.4194656519185463,-0.20127677511139289,-0.08757622609989518,0.21584828733094902,-0.07235590101134026,-0.8677766075233725,-0.6353771779227505,-0.4974971820057386,0.4629757402028913,-0.8410473817233199,-0.6652065418868331,0.39852679558937143,1.212569779665609,2.177662047151332
6.193435961825343,5.7722214979925095,5.950403777836699,5.502366582237955,5.02489880205273,4.947524822940974,5.371358576659967,5.8695815297082445,6.169733754226437,4.088909520930664,2.0095810577398843,0.8965134008107994,0.849805907046888,0.7476826824510326,1.3012965080003485,1.96351286855206,4.235639305297793,3.2692665881039322,2.0063049486506412,-1.462337558175821,0.26181696950912847,0.2099631145721852,0.45422455331818695,0.0789773732364887,-0.04887050244534891,-0.5312860249039574,-0.8586468746169006,-0.6306795300499581,-1.1528835394926726,-1.2225811833763922,-2.06046308078973,-0.012932066863762968,2.6049137046673705,3.5589082818844067
5.789321679702632,5.361901368658005,5.308828130077396,5.349832871804478,4.580186437773677,5.909682182349374,5.288467959626758,5.551948065564377,5.7916024101223735,3.9501427585244064,2.2815075712345485,1.0914743968801515,0.43636691911496,0.4846565782318514,1.470290464365582,1.9414750839483674,3.1675114749049964,3.4840717390981286,2.7072473570785736,1.009339979335028,0.2065959027623779,0.23643887025511648,0.469838868555045,0.4415636075751172,-0.23492546860116925,-0.48337904225863076,-1.164567931141545,-2.1694230867042963,-1.3019493770522954,-1.8366999978547096,-1.1472099756892442,1.5810218155324838,4.028786707998821,4.428237852519118
5.806059347605212,4.720225490805127,5.307650892476961,4.376170070036612,5.193409852013966,6.171431065872512,5.294988546394979,4.7189893362548085,5.558829685282211,4.9380153281599,2.6592948644291723,0.5886048485952556,0.8904492144771711,0.5796465059087453,1.9389100036584679,2.330470583929909,2.4697173098110663,2.759907703987843,1.6077704871909655,1.2358632425487923,1.2593831384309935,0.35649349506803824,0.778274816782344,-0.07086480579840718,-0.3594174377371501,-1.2569446054764597,-2.153445659681951,-2.098825902681441,-2.1673330059219316,-0.6622500181847389,-0.8623349416960667,2.6575524529115087,4.253199417563993,5.895354620564092
5.383993379069575,3.9411518959239964,5.218174683083472,4.908403403578182,4.090437838866325,4.820913144294291,5.360144425041914,5.845003421468056,5.670656146338459,6.528173668222893,3.439096985465332,1.3347037176825567,1.3919709203196584,0.7095347730385343,2.305664990044374,3.7373475620490764,1.6089397480452,0.8496844001845206,2.105398255569247,0.6110195649817786,0.9215858870067639,1.8066151474928025,0.09251250032952084,0.1477470476334784,0.053314055318924886,-1.0130233669461024,-1.593982728556065,-2.7331957685871187,-1.839940290763291,-1.7465782326343484,-0.42734197235786536,2.45868619762247,4.09885040002423,4.6610202514834445
4.81669460058422,5.281863830593967,4.763961800478784,5.177144917494262,6.794978914128525,4.163396433712653,5.621349935713267,6.530909820910749,6.655751179594951,6.979888928981349,5.627730525378305,1.9457665311478232,0.8849371311931999,0.09038125090564156,1.8306260658519364,3.2213400872948093,3.5045706625586925,1.3903338370544633,1.5621414583321516,4.1792633016464755,2.5414043936495516,1.264164819459645,0.4257236975763477,1.028521465777647,-1.4591227036081431,-1.0440993100020275,-1.8652063555022178,-3.333619530704109,-2.148017935647723,-0.5858849891087585,0.7374487720947769,4.0142953972176,3.813035190338766,3.745271004678517
5.36292947951916,6.865105418902507,6.708355197867752,6.425991897442286,6.956610172411072,6.983953824152885,6.8162895871857785,7.141729195793473,7.629133568816227,7.745848375976136,6.7356034349437675,4.228007776948334,1.395425263838025,0.7503307842714008,0.25276481064741974,2.3758459444724225,2.6957418658927965,-0.04028483557326481,1.5289996859055275,4.324374383581988,2.850894148496337,3.2888268703620214,3.610804414030644,1.655868555854559,-1.155083625557064,-2.6258504018387057,-2.9261586786566625,-3.776360429123386,-1.4954654615182978,0.49378096557236695,4.724204710527715,4.868675289803299,4.560050850685657,3.123980466523197
5.756856662325438,7.5514905560804815,7.7882616226097765,8.493867563249292,9.353176015148303,8.597754784539113,8.277537634656847,8.489312691235023,8.38978801804705,7.83079039098239,6.64604678932368,4.980982461423673,2.969289095744392,2.8646946221523892,3.083917557232164,2.177996478559024,3.8941909244231323,2.4481690908391234,1.857769189054706,2.9272121869024335,3.965832368864554,2.9040833762310037,2.1685758033017266,0.775933161859066,-0.4400209542576333,-1.3699790446626805,-2.1792151026402617,-1.968898325548195,-1.013899302217238,1.2347586721306685,2.9212193273655145,3.9631139485495903,4.258187826780672,3.9079953794737263
7.1262278243047685,8.271913592491732,9.2096564330837,8.689366141721642,9.162802932953527,9.436937711100132,8.995862687149312,8.371566060656543,8.197712712188956,8.457107737117436,7.3452699176858856,4.246792604108647,2.55267226056903,3.0018550231521663,3.387602136651004,4.724655553932925,4.837772259326585,2.9277622238254977,2.579500168445158,4.2395624883154746,4.168727426980885,3.223137923555402,3.4422331371879618,0.5542430087817243,-1.7117458341697347,-4.524207965804901,-0.16530694575071087,-0.45424371105755246,-1.710290460990772,-0.07429533379765732,1.3073566386473725,1.7913578174985796,3.4145224375894667,2.8023013137134942
4.735104154707664,7.8556851538068635,9.135436213973078,10.46939643551414,10.042120495093211,9.680182901701512,9.898762061400543,8.61522678734157,7.989341990399407,8.187805015274058,7.135611280767142,6.28512442268093,2.7992672143424895,2.6783871001497177,3.9637185101662955,3.6104072879959634,4.4547303470572945,4.4517628999571635,3.567436923514531,3.1660384031162954,3.1625299594002376,1.221244553457953,1.4484349210712246,0.630057455129731,-2.2002976592401033,-3.691012919327375,-2.1574649728725035,0.686807408999801,0.4186620917588107,0.9312296565255738,1.765337619273987,1.5244910567680467,1.711222791967598,4.819281350989603
2.2140228285769536,6.6938804268180805,9.499196610845976,11.992209144830134,10.016797694343998,9.671859579813956,9.60696148788468,9.802261750824995,7.97433340127929,7.975916452567692,8.259118350406647,6.989874418909035,3.819287467907432,2.7469417524296573,2.7941440747782162,2.3844061338457,2.7968365769737824,5.977329492708975,4.244175375570115,1.865530466085351,1.5476180646209863,1.953610122889044,2.1419002434712313,2.264058084212601,-0.2563943106098364,-1.6196752959518212,0.0741982694856282,-0.16987832943472983,0.1502900067191075,0.5500383571694346,1.3185406428253235,1.3438587600179788,2.4346814121165234,3.3379074035089933
0.643084326151398,5.434411553182652,9.38391363944772,10.075813500570316,10.378914092346932,9.322159514609764,9.6401360028597,8.502464801796275,7.763510510997592,6.646937567937991,7.778034921438568,6.669793139716893,3.232251920040071,2.931592337034492,2.8232926229933355,3.3469181293436083,4.588179909608885,3.8608215326452715,1.9168602529305985,1.7692750485452902,1.5075184414473972,1.832764272926459,1.8302562643454867,1.5096291365506251,-0.33668073093913603,-0.9817342065915297,-1.030861654479229,0.28986914274439635,1.1114234176018776,0.877015296623328,1.3760689924095801,2.42255530058752,3.941293617073677,4.87209715490737
-0.35640307318969705,4.078675755633879,7.968974767786123,10.335313717655906,12.150872531716246,8.937858385200732,7.3944010426617055,8.42579443356541,7.196481295312851,5.963017580413201,5.361788798906996,5.343256264508082,3.6911743211523977,3.297549451400358,2.7467322500634683,3.4875186163992087,3.6475789146346655,3.6934918164091917,3.479557814644008,2.7295457263044227,3.0110109482346843,1.659315977079247,1.440046730087775,0.7212638229305937,-0.4047209541776274,-0.6497347373736536,-1.0886236954202113,0.46471927571317495,0.3756095332833092,1.2816291302672969,1.7484069376080928,2.149279049377362,3.1051709231696827,2.588846915534461
-0.6901079133189769,3.7894217900386313,6.548013118135479,9.555140281004853,10.894138598820845,9.29882092305139,8.124304083563473,7.21569773979235,7.101056512801908,4.476052459186807,3.5244571664146527,3.9214708631080124,3.2277231471456926,2.50234495807199,1.9628666558635866,1.9723113254529197,3.2097370327237744,1.7660732834464525,3.5715301377601376,2.1296707342372097,2.785241028419422,3.0358270062434642,2.032182716357528,1.0725340682659485,-0.5190201593699609,-0.4294883884638776,-0.1949384807482165,0.14707934604433157,0.8408549291500452,2.6656678157590363,2.337107375994056,1.7928014581127247,2.6840023832580115,2.6135372886991903
-2.6864606508846123,3.0948919799097157,6.044583823315104,10.436171681390276,9.640191821594872,7.816941140308251,6.061935392060088,5.6817836427506645,5.755104661462541,4.496500164919403,3.736019088510197,4.506592896332153,4.187356381573321,2.6922220665746757,2.719020618839197,2.6796344331467874,1.5778558715695628,2.0633858834321877,2.8989594572057897,2.323535014549266,2.0894008751932107,1.9740365223177636,2.4439725595113777,1.0915064039151092,-0.06615673283675029,-0.6408429091687005,-0.7448945184440321,1.2948053420543677,2.2157370841156183,2.414006529491206,1.6633399640677025,3.5343645389693257,2.9027229813038584,3.772358737828083
-4.152136675353613,2.387137443614514,7.397277535961737,9.86820523417979,7.239204735209397,6.459727556251858,4.931102993304479,5.269852966488775,5.6197858165356465,4.9879672227857,5.182191514447557,3.906709389536873,3.183612754149468,3.7704183306297705,2.182674397291833,2.3974460956740242,0.014793736685147855,1.471767969698071,2.3093497242033445,1.4687845696302841,2.8395275925795773,1.9303651171000469,2.1480533216845394,1.1608574965186371,0.32591360742944087,-0.41047543613210613,-0.423592271246992,1.4156752359554408,2.519843691082425,3.581648572282017,1.986104625619366,2.30085684546538,3.462570823718517,2.593093877215888
-3.3012137598706923,1.4227581001688896,5.4053237716995435,10.48390141183566,5.914105590743674,7.5433684337035745,5.502338988457709,6.129095922698457,5.402140923112764,4.95561577909183,3.945461382227278,3.8656222672707656,4.362616920265544,2.413725654872107,2.3925513564019885,2.477369534019993,1.8948750655389623,2.3245947626505767,3.286035634579178,2.652898039133111,3.2757367591210667,2.0903062095544835,2.087564865589707,1.3553827704096064,1.2679246057421836,1.4112301725667369,0.3674558270452722,1.4167504615435917,3.4310403241859264,3.231834397240213,2.9449335005476223,3.2441469758606223,1.6895862242767288,3.0945531588659896
