script/wind10m.json
{"header": {"parameterCategory": 2, "parameterNumber": 3, "lo1": 6.000027932988019, "la1": 58.9999434238085, "dx": 0.5, "dy": 0.25, "nx": 22, "ny": 24, "refTime": "2024-10-22T09:00:00.000Z"}, "data":
[rows 0 to 23 of 24, columns 0 to 21 of 22]
2.4459065727107365,7.504260347876655,4.473753282311166,1.0795314664605178,3.01233384307848,1.3616053788033355,2.6443707532824914,2.6666062993693544,4.891404067154373,8.716286361054207,7.674377968073142,2.871834140240331,2.1191339218221827,1.9288542202924326,7.457195398541693,7.709458815634456,3.141698637741273,2.7911908084262413,3.0531318711980373,2.422923333634474,2.615137937690847,2.496410922317607
3.3038495528840044,3.8001855259064485,2.5412414962168475,2.332190993865164,3.0172314865597567,2.492816023822863,2.152006351037993,7.769742255008202,8.820857592284899,8.224561986478765,7.535821886051401,2.798919730616031,2.093727961924778,2.054070326371426,6.655426609682128,6.5704509833300735,2.506990632679073,2.938098502033098,3.4956961427592916,2.356820714258554,2.0343989557108415,2.352760720839382
2.49616084960222,1.8439217304273499,3.078381404923824,2.209522307229458,2.764022091196867,2.8859190562610078,6.620383268591871,7.926812159950581,8.064195742825369,7.5906225118512,6.7448769090612295,2.3963932770102816,1.877669955681267,5.542370092981062,3.327185871777659,3.6167066978314764,2.9465143475040487,5.493611583737353,4.373014647609653,2.28560963567518,3.553925725385591,3.243806103721328
4.9978952617175265,2.916442793221449,2.2029790182802107,2.4154874816230256,2.0092185377279876,6.6180555423922725,7.822587267765523,7.68408060354905,7.536739821459011,6.4526886724838795,5.686996796800216,3.606153460046278,2.076421415380254,1.6736533952713564,3.8948861428628065,2.936244299202447,2.470620715411042,8.23684963356331,2.3927655068244595,2.404821856419046,2.6739235974433044,1.7345652179243913
5.238712935649112,5.467985845677996,3.867893920946625,3.450289701799492,6.098485478486448,6.685986384306916,6.927513827238169,7.254834434568976,6.677025976848609,5.795280152314889,6.671431021397239,5.142205034351842,2.3224190322696914,2.42677369275384,2.77359264057289,3.116705793354063,1.7118791285859962,2.658884780438227,2.087448511568341,1.333407227294982,1.0336829254445858,0.7964904163991923
5.289465709792608,5.592515300310444,6.338852328971618,6.302578823644403,6.459708486572857,6.252660939766945,6.272122566141498,6.773104116644407,6.862412192142083,5.7773165294651365,6.012082645943763,6.459251070294312,3.748974108898194,3.020975639147312,2.9315232776200424,2.338187495106512,2.150824456377452,1.846548720139328,1.7389175770462895,1.2314137738421005,0.6215940045474054,0.39139639047421493
6.006603653993686,5.682931440140809,5.996231530032236,6.189467557214035,6.045775191309151,6.164513293365168,6.837476977450351,7.424679873647328,3.6180285072953766,4.252711285900295,6.398574329409514,6.27909012004926,2.9678855336971366,2.3553381478155826,2.1455527846057607,1.5136685501447709,1.5982792268214236,1.0025574721096773,1.1071264927256323,0.6307829404208595,0.4981284228262838,0.5380126741628574
5.622481866353042,5.878887292934271,5.5749140710177985,5.802890801762978,6.058608626293939,7.124386335674404,6.500798485540498,6.288899140704626,3.601527124677698,3.1225256763656892,3.6325993851323326,7.3936939302969495,6.8555063159786345,2.697485149694609,1.573973985860417,1.118426890117651,1.1964697112447877,0.9532311263383241,0.8174130043425276,0.636215469680947,0.5736063617682203,0.6952749639735157
5.558575417053868,5.434512607473374,5.461869649172426,5.715095479478656,6.450157531022483,2.9396764677222422,5.947588481140711,4.197164209813646,2.8435725108581194,4.759943504604546,6.756894716869277,6.164119722456603,6.9036138441916215,2.1337124217376444,1.4066901435828716,1.3028351750506213,1.2285577906577476,0.4146271549299535,0.232716696110625,0.02985038007252523,-1.964998074574152,1.984151602277968
5.816695498762705,4.990374527730294,5.530060466167245,5.514300722581437,5.75531955737161,4.423569579048122,4.287473856646979,4.105656782595374,3.3053812337099178,5.219668581101149,5.943261363371348,5.37234120266486,6.510005914235185,4.831525649803661,1.0495675213702667,1.288352818667208,0.2392853385117808,-0.36861294389955435,-0.2591576197270456,-1.4886883366739558,0.8212778787655578,2.8867284610892305
5.752720850764969,5.140969406798816,5.019084122309905,5.394511264001987,5.024151608189133,3.6306823766671483,3.184602249822248,3.523614849928086,3.221475500801173,3.0816250022283413,3.880607695657462,5.8954464440991785,5.588696648100934,3.9549167700945547,1.7593033159420066,0.15442973129519075,-0.20211449660181413,-0.8569231649400523,-1.4936109277983745,-0.22062044716938276,-0.6569266523299736,-1.3048239054651274
5.385352193884918,4.575111929179241,5.035733685811735,5.344404726716986,5.11062308940031,2.76559857090049,4.2637128440810494,3.32767647132399,2.8870798623066194,2.719843993525508,4.5334281835058245,5.358550111034934,3.0929330693446935,0.9159958728935451,0.26157457459237976,-0.6290274768648846,-0.722052743110543,-0.0019584332678942427,-0.3409916204679503,-0.8527697554621205,0.35771154658190396,1.1654120614870858
4.5678580933779065,4.7036918242103924,5.152983302349777,5.206984806034221,4.852443305748164,3.0733448997419517,3.37533848221329,2.359100808303248,2.412040611563919,4.299278626487054,4.431425254629112,4.006492301567651,0.976367741456189,0.05162556936101587,-1.2093964087527842,-0.7043536623837198,-1.865081197649873,-2.4712174079747133,-4.15970230972106,-1.2011038288180627,-0.5771726363377717,-0.6786161301423819
4.58193671428416,5.363090967723426,5.505203633565274,4.879167579520399,4.047038348402482,3.1632539877130443,3.8704409181657478,2.51913345955638,2.86003252431027,3.6039363707703522,3.1978995104112897,1.6200232562225916,0.725927416984476,-0.587860993791747,-1.4201003131852408,-3.6926823730861855,-0.9299304390932821,-4.709276989925503,-4.275996734727736,-2.4599155124505256,-1.1795644731649444,-0.51332782530633
4.884691403353433,5.101544054605739,5.187072400465301,4.485260837541648,3.352861339083486,2.2343953581390634,3.651282866874487,2.6297996888533324,2.71202604904376,2.5993221057721025,2.4834179365631606,0.7099214264046385,-0.4914781902956917,-1.813708978252572,-2.5213690551332717,-2.198854886152413,-1.974957280452886,-1.877457754520026,-3.380041849309966,0.09191894221937354,0.0038780580181707537,-2.1038067339521667
4.5930689263639,5.135187598724677,5.119052957349302,4.167858139409192,3.7116678085556956,5.793783387143963,2.900853830935961,1.9031132909368307,1.002629786090396,1.5210320145242213,2.537174394164295,-0.22397186149285628,-1.3238208508820914,-3.8054686661353876,-5.942914736966742,-5.428561509974923,-3.650380890534894,-4.310376146441317,2.519253104304289,0.3407727004331255,-1.5191202459643978,1.0594677747006724
4.302683345836558,4.805123401959753,4.272195739239262,4.145889548031405,5.823835911570959,6.145935867182906,3.10529328451339,1.22475400241536,1.0773693530018218,0.9276702579791954,0.7805281301911261,-1.3585132907825348,-1.379618552432503,-2.310045662918499,-5.997603787365772,-6.586671863963959,-4.87986058912691,2.8698916284590745,1.8848596693129,2.1340008574261304,5.795383332209827,6.244886885585839
4.516264733654866,4.400561308550803,4.011268189515111,5.32651009579254,5.9984956330706085,4.13337787115394,2.1734666457666068,2.052623312795841,1.9299275669726832,1.1923228589112105,-0.21150486486589912,-1.5763938612156791,-1.9148435490699232,-5.295342504980715,-6.59149492014718,-7.652803066714865,-1.5749130935014366,4.816366299518508,4.250950718640236,2.180995191184743,7.232415680280971,5.330969115902302
4.159042532645737,4.177108433805009,5.706232010789991,5.704995782029085,5.777342935322157,3.646046585706418,2.3905460573216946,1.521801777631556,2.472017913818859,0.6964742771626583,-2.256518461840077,-2.1590145208301945,-4.240574163712735,-6.031987190900965,-6.224855266624353,-5.063071786411019,1.899166022236397,5.804706049029326,6.8304343625097905,6.106498558816264,5.25756916715709,3.6695805329077995
4.332227515565767,4.730676816769889,6.136621901051545,6.4731327238477965,5.1791025658369545,3.5483503409026813,1.5620963785200184,1.132778722576633,1.2403738812767615,0.29081001749829594,-1.9926422865871454,-4.438929452997028,-4.566098079425463,-3.2798901697453027,-2.8059222896987017,-2.672318972762776,4.455074394132451,5.523169861220907,5.090938077254673,4.886975850199987,5.549711271361838,4.328932742092141
4.222071439667183,6.250400797636089,5.872978164637179,6.0413312285865235,4.418601543225634,2.9462613724138706,1.0445958550169532,1.538680498020988,0.9847285382873755,-0.31926965156952464,-1.5360427235005778,-2.8818504823070836,-2.9654198121389297,-3.184132935452268,-3.0016964106230515,1.3343226345352528,3.1030606110211245,5.466137097679663,2.766607962533969,4.587131866711752,4.057193852821853,3.217626263367161
5.984254832853312,6.140748362587163,6.168831008572499,4.698149279589024,4.123918052823695,3.0477961910041986,1.2703848398956146,1.0115569250600318,0.43479019796137325,-0.47718783708070134,-1.4493614412348814,-2.9382223385512956,-2.6829520362659935,-2.308645882296372,-3.2232112532397763,1.6854364443348189,2.551588303454554,4.458864263789903,3.503464071043922,3.4186333914200397,4.2874759270206955,2.8072249830911526
5.926864133270945,5.936637373462042,5.83403812908534,2.5549407251367886,2.2540218239044467,1.6728487193548547,0.836239156710315,0.6480806355057798,0.02374554674750211,-0.6667097017694811,-2.1287469797001948,-1.8663596886755436,-3.4389892764645187,-2.91067979266143,1.7631895274983242,2.8476770263260627,2.7131990612490178,2.5577722213958913,3.785019112077402,3.450290836434971,2.532815105275844,2.2857650231926416
2.8199334375730154,3.062940454876941,2.801711734527289,2.579097512369614,1.7095740119076481,2.156479425381266,1.9265365113146566,0.5742264224559097,-0.4298893959440342,-0.9321171354763093,-0.8148595829816414,-0.8832714249663299,-3.3820019908170504,-2.4537935642194486,1.1918544434929021,2.351556322549857,2.692270712924947,2.7949905120870717,3.730688193503159,2.768212321742077,2.2781913280379213,4.145186000413544
