script/wind450m.json
{"header": {"parameterCategory": 2, "parameterNumber": 2, "lo1": 3.000054539987559, "la1": 64.9999836372058, "dx": 0.5, "dy": 0.25, "nx": 34, "ny": 52, "refTime": "2025-12-02T18:00:00.000Z"}, "data":
[rows 0 to 24 of 52, columns 0 to 33 of 34]
-14.854226120770857,-16.733986271339678,-8.987810206344996,-6.384167470830557,-8.703116702118486,-3.4526198532171777,-1.9694750347685728,-2.0788647553721185,-0.2354172449315959,2.2384669154559624,4.374219695870375,6.4217606854563085,5.87293001837764,6.672896619943306,7.82449069096762,9.031657060648675,7.520789525955236,5.830855621886633,1.918833095989766,4.911622374113054,2.5123913837817424,-0.8497435531601013,1.856839851734769,6.5836122088929265,6.129469559135893,2.246725814381367,3.727196385519247,6.267138836590249,4.702734430132469,6.11805794592299,5.173259233897642,4.905618460764647,5.66059633379104,5.065764998316775
-4.956011078715914,-3.234159702321488,1.3434732938129115,2.4382708704046876,5.705662568389351,3.7638013369850167,2.4069489591597293,2.9143855068171827,0.28730353028801703,3.885174900996959,8.206259501312042,5.2020793864213,6.078499473848993,7.377760701224348,7.498474229114575,8.404445130992539,7.132873608101138,9.178672297578316,10.482873885325997,7.466685603146999,5.262907969164802,5.812527441821737,2.335605530588434,7.843958887929707,2.1226251554472477,3.1246219748608093,3.8343968835094255,3.5681819471997076,5.825309451410209,8.80646051768287,6.421132296399506,6.202584677079258,4.927158534131096,6.837089022054381
5.727507799430218,11.96626690465706,8.66979513365304,10.378705304766912,9.182009773351684,7.941089760411409,6.232248033607822,4.720704116474685,3.384697943098533,3.4148677575993176,2.7692090843057247,4.589130859369369,5.7617773314021665,5.627702509866204,8.360158244412037,9.139629151366467,12.565622269893513,2.517312392894702,1.4966590555598462,3.815048187983135,6.588951429911352,8.238693051924319,3.7119778967288575,6.848726708627126,5.230092239084299,2.821247276708299,3.886012620973744,5.601569360626596,5.92225050977182,8.301739043313532,7.36657012846374,7.134427309474561,7.3721679612452995,7.781372756579069
10.665779481019884,11.958624990164617,12.690663249668011,12.002721791623792,12.178757112653487,10.34434019203877,8.951289660556487,8.725031427105707,4.6703336562304285,6.020376299799759,3.0655881685752147,5.218652636336563,3.8142884009012374,5.129169219197894,7.1481936679558915,12.228316525656645,2.4796408843817757,7.84802723943081,6.874151086054163,5.818803020314034,14.99902119709263,8.175363801349285,10.982696467446441,2.9192345433437,3.530150844567493,4.115927885926787,10.355092666457717,4.769955632427042,7.207376410006028,5.829920880892698,6.211103108080723,10.187695958205818,7.784599514779459,7.958836843140102
11.42728456964035,13.175726413155445,13.571097643767041,14.090706420337101,15.365220126983694,13.228218911503667,12.416577712369756,11.404261501194183,8.392288438603671,7.720836721696682,7.674694879371943,6.789261559325101,5.203816291056631,4.115879690692073,2.70896131294764,10.13384844219044,7.030959891023504,3.510152128732916,3.975053384976627,13.701606200176125,12.245362751135914,17.176268883977716,2.8757036993451677,10.517924416463613,7.369715275763092,6.558371097074514,6.545142647812598,6.229663305448224,8.415018388614591,8.26278000196929,9.729848677345622,10.00877912551589,8.719256206581568,8.795518301122428
11.21011288633482,13.903990415194013,15.593284157487727,16.789131394533932,14.90683688925403,15.87715042370645,14.45098895874737,13.31046223639411,9.78071548604153,10.3811267814827,6.403638405468686,8.885530688228876,4.769862528558483,1.318906595384202,2.731295128990225,2.725094936406905,4.3118879547476565,8.069235039775618,11.676653631737638,4.477274199132442,5.498426487181666,6.894851574923614,12.633728018349158,6.102577775572354,6.706469573944191,6.501813922585132,6.0488006572598625,6.610663747724361,5.6626933992853825,7.792727201378126,9.173227468039066,6.93525059421397,6.796883468747978,7.193952945524594
17.125429377757044,16.399300955110505,18.484096548350973,15.93865237435666,15.145078357460568,15.721875201602522,13.951511290472354,13.276535850255781,12.5551470229365,9.681238620750372,9.628359269296137,10.36643449728562,6.375489318025403,6.188292167164203,-1.0079480781634547,0.7951807193768662,-0.3850222540357004,1.0334199637432189,10.827853459644778,11.672115695623038,11.8937999221643,8.774910912400133,6.249004158099228,7.378540280030442,13.300551460793761,7.637014712301202,14.31287499512948,5.937039258861466,8.67419828408881,11.180771654987597,8.550294051516738,9.847364369702861,5.939026125508717,8.255475810170967
20.77783657660466,19.890582485539525,19.352209345067077,17.04613841345158,17.52532176629547,16.376312040369573,14.881024237696586,14.079030003941375,11.949528875766358,8.092140234324706,8.34183201773632,4.386930516139853,4.087266591618427,5.419662718333852,3.056976426824284,6.673897896161338,-2.2788337473391302,7.622029021240632,10.895765361585472,9.598246185478196,9.237292544537597,12.665003723297163,7.075878050675469,8.838275955887099,8.711364074285868,9.09897267235877,9.03375461204004,15.311606436527956,6.529039266293727,7.340884471738073,13.605824575096145,7.3343025992736735,8.659656897987505,11.238425861740213
22.871480757632913,23.919401599493696,18.854793149181845,18.60089988639626,17.717543226632028,15.34564649905468,15.62457406666829,12.746038201888185,9.207073019167012,7.15270156463908,6.629813691150917,5.712019369895255,13.480610753317434,14.834719719405943,14.407930250193385,5.2354555433593255,-1.492177951646021,12.853083852091897,7.572844891216346,8.882022102579185,20.1400048464838,11.454782803673366,5.371278733872039,3.6237472882724604,7.323653353439954,9.777139865499587,10.856060273034338,9.734825983057426,11.43242919515878,7.888207994068092,9.051088600508717,7.376151504023843,9.800124281554472,11.316310553056747
23.226476089274083,21.584296924798494,19.454288018638575,15.818340424351561,15.390267842017467,16.352855552547318,14.389059773626515,9.882444085530452,8.58461475823023,5.887635692551576,4.127541823577998,3.153601653767424,13.172332804604,8.306153575844235,6.295135283508849,15.482805900164498,10.330237210596467,6.861167788024738,7.6275075639419825,10.19408107665928,11.493263327905781,9.468160468520454,9.279813297241452,7.870585243243006,7.58429608770768,9.679139244793927,12.277530392064996,12.318869353661476,11.45133025302063,9.453926609460915,7.538795025136961,9.475803309543338,10.783789784515944,12.285539722727039
20.983033671874246,19.496392227127398,16.34888080433176,15.822969210447331,15.058240696134144,15.486954185470234,12.246778269219142,8.748009333254924,9.19825650462825,5.964549464257339,15.211410086579779,2.7855849933271437,9.280836000286502,15.467252912367814,13.330694195016916,6.047496426107637,9.227588723021247,7.640284250682833,7.8687630782668405,11.310510110659893,10.076561177644633,9.013928680272254,18.053354808184622,6.5100516955444485,9.181397996783277,6.8633665049352155,7.386375436792522,10.950414442997806,9.120331957062017,8.41230282264397,9.106598453579565,10.079080299863268,11.578695632323441,12.646079607260898
19.399323442336765,16.6069270397074,16.01729188277889,15.030343356601952,14.324358612547814,12.205533884037257,6.4776132644561075,4.57103834124159,4.191448134478145,11.167341601577654,11.016353532914017,12.878393509540983,9.191575895779101,12.463628977217438,6.739721761534108,2.1387169706330846,5.1262674591343735,12.828539598622374,9.195719213278286,8.217905347139595,12.713761697956736,10.468060766169923,7.305684465219772,11.28942525768966,6.138390470935609,6.6269380688705795,9.459718009691677,12.453677644950062,12.016448331134583,10.35252306008415,10.430937455043775,10.792539429197735,12.738193256633458,12.806148100386025
16.336977056377048,16.11539568158837,13.9588053664459,12.419226349722017,14.90996733712083,9.479593637119978,9.673938002341858,7.2803365102118685,5.043200854228608,12.431866304914678,11.014978890743084,9.948799372909516,5.2230065982873155,8.164614181292206,7.594713171657372,6.86158534553681,6.368229150530469,13.072701343898121,8.488664714896325,5.1918688956647046,7.785076316234727,14.872562038159456,12.515421183667366,7.196903833920194,8.798708197108574,7.81362583968406,8.15624748093461,12.334289428294085,9.523871287248808,9.720140846693333,9.527864034437243,11.525080604237473,13.616579684387807,13.21055459116713
14.785582498261132,13.991171110410331,11.473594055535344,9.538348297432865,10.20809692153649,11.217732932053774,17.084068141743668,2.667570494319823,10.18005234687863,13.664818050163412,12.797806913110104,14.895455094792958,7.18985728961094,-2.2832797568329948,5.9536347886420975,12.983090528713817,6.054994601260078,8.92809002174922,8.285354155813556,9.025581594162153,3.3471894095087866,12.857632005781083,12.659646479952697,11.355456920205217,6.132688397623673,9.207438521907203,10.47414967776088,11.761319077558165,8.93503044607027,8.36448305677095,10.785020156552518,11.90981183931721,13.972188154969828,13.51186258800908
11.948271913680243,11.508578260115648,10.560639281289637,10.585754269566593,9.790190921712796,11.49698588576328,9.333444441707066,11.84596398600764,5.679115801218071,10.24442516100527,6.857999134933109,12.412014888640579,12.326159598309223,9.324729086872287,7.016292939563065,8.543080054040242,-0.4477256409442291,5.415724044296247,5.005160668817572,6.827148558489045,6.363235851177232,6.15358081992551,9.173755438381804,8.542267911752743,5.7284403897016585,8.15923236961722,9.060722881166782,10.840015462159434,10.625796982937702,11.44699454808018,11.74244977648424,12.553354062730834,12.85182429461887,12.494729988717474
10.090083098539907,10.664134874157792,9.357670942405408,8.00592950691112,8.707212384416565,8.622143131350551,10.91925412364019,4.59713506925111,5.157919392280797,7.161519291993696,12.165554169863748,13.010932101881203,4.759177062892766,9.08182625088327,2.1802642853662295,5.800545652402918,9.173455849631537,1.1118866527022442,3.8202758774002032,5.110774901669209,17.005419840085267,6.3158795174342615,3.749525345898467,9.290295281390328,5.6858058933127,6.706711234143963,13.537017396453674,8.234446935132585,9.396359602345244,12.101611877859323,13.931043462513006,11.289586691727191,12.682242545105519,12.356178136124129
9.452417301701171,8.888317871363402,9.067857396974034,7.2877746994348005,4.083054307404519,10.303625187539852,7.7710993604821175,10.434731984431412,8.13157963940723,11.797594333012201,10.090382126206377,11.921712008996838,11.668148094091698,1.2374232706121664,0.6185724125849262,-2.3315226548021686,4.160454710697047,2.194458691879994,5.5191699339181195,3.8884261836452056,8.912206354032543,7.237637709630231,6.5928902364842035,5.1336072934103765,6.238134616951699,5.633389095552754,10.800950910802259,12.33549242928619,11.165549861205688,13.486299366227625,15.370445487538301,11.677159956950387,10.68813586490641,11.807661723475272
8.535957311962475,7.514171078765931,7.733729660454293,7.968643675791392,6.132726561112489,6.781126092342398,6.998138312820226,5.694854612446019,9.653880938710317,8.245087274299202,10.109579185568252,9.907441034611805,5.152862617794147,8.17640372473676,6.015168343493962,4.888251216320844,2.452594615798273,3.9761893169827984,5.1506979097444106,3.839589460835574,6.203095049886504,4.085730855835568,5.395342482371843,7.8579800213718585,5.8179685173002005,7.493000433301831,9.808658932260823,10.070932448860056,12.215480831407474,12.866920266493018,13.911759715437643,10.855423482424076,10.76507149679776,11.393148353160427
7.273452754357323,7.923687359731343,6.13012487727754,6.6573663642470855,6.543232039509825,4.64481237281445,8.0292412170242,9.672977406350249,1.3625045990724385,10.06340226734211,10.354917241805488,8.181663240967394,12.575495071910815,5.188910893993269,3.7828454351806515,3.339668933429775,2.0683650561517024,2.8942286060871827,2.471155086830605,2.4211536285982063,2.473983295541735,6.453589071717797,5.501338874352693,6.077209112774538,6.312471798641183,6.990277586060848,11.75589687891162,11.368539162802316,10.249212014794782,8.49486454459854,9.342153850308911,9.959261816222499,11.081104383635434,10.994173479722459
8.13945435552483,5.617687791130557,7.128383583680564,5.80335470860943,6.546703705742645,3.1374847694383083,4.229833524278981,9.78455412239328,10.483583836197495,7.028405843405146,11.212893330294282,11.724704697828564,-0.47410552273185064,10.861955881036627,1.1224738981165352,6.776724111440787,2.5090594204704564,2.7487723449984034,2.0352129596981494,2.8341940734115605,2.269065701946681,3.4341522050713733,7.5181700503548,6.897829555119359,6.399973250540295,6.746741946636067,9.557795843786275,9.84463238047831,10.503942163910963,8.110970058414837,7.985273073236957,9.287804634253419,9.900315968437678,7.9794080127761084
6.8982165901476735,7.433944096851952,4.486990261754331,3.4228897682746346,4.026184641244598,3.832091025291513,-0.17774937208535496,5.029787983384226,10.663446781237594,6.009491933106948,7.149064982807476,7.400190521121993,9.851926795686403,5.349383693969622,2.4735823549578493,1.6606321854303099,2.840105662939166,3.1138514948818288,3.002145509444595,3.5453344897838504,3.5939964243008564,3.693558462029239,7.582814426895194,8.121606628942219,9.362391810349598,12.019332021210293,7.324144384182168,8.444789648873527,5.889007713172122,6.255566254353899,7.467008619136957,8.326870369455596,6.998656123782408,8.98319090927662
8.387703396462147,7.041726660914624,4.102921900300286,2.9890530224066363,3.0947641615135595,3.5962217047944924,3.189998416243502,6.446118410623924,7.850030191434002,2.3463608645725564,4.4508093765561325,7.584652310926833,2.5786939404522693,6.691136691625894,5.219440878313973,1.8969159053338038,2.6406090348147457,3.8299668343742286,3.8299615043349062,3.259515145562262,5.218802366822075,3.4619201612005788,6.008342877585709,7.539413429719995,8.817998501657096,6.652934135981818,7.305613896240321,7.177970966099155,6.254848722362537,6.1508285432323575,6.169366732281493,5.7128346514233295,7.243748468059147,8.85532557688876
6.740825346170405,6.59223263747528,4.93160076155193,4.509274214781821,2.944531254157225,2.354263929808917,3.199733774470814,6.244917594714022,8.644319929022851,7.655119925783453,4.088496949991365,5.328864676081454,7.881304472962567,6.471925394953613,5.509168672262486,3.3118886205704383,2.4190094949798797,4.843890386571991,3.3645692597851395,4.62192830442679,4.995431386545302,3.559614479896667,5.525440926689401,7.478688198322921,8.40217715958791,6.095865083125278,6.6044028424093995,7.2176173470453895,6.99411487141409,6.5376323885978005,4.993304692651176,5.225655026407583,6.9465276475334665,8.244395651343357
6.117848000628003,4.436789943898021,5.586144396910579,2.6904659044947605,2.573715971080415,2.5369612212822803,4.701956325461525,4.304107764289074,7.451927883248466,3.7610275421491095,4.920068000310732,2.3870058000339767,5.705307455684299,4.4098692633791385,5.559690558464682,4.191551137736881,2.441422710665472,4.2106034950995275,3.9322865464998915,4.937776724785627,4.671196475989933,4.170947421264048,4.766889914910332,6.203436695060209,2.663688914683984,6.960353130185631,8.017618377389187,8.248546539245291,7.280012370176425,6.855319044636087,4.824869879341537,5.95561040666181,7.278261008376646,6.830661354590336
6.302107988141747,5.219745311339932,4.366796009442437,3.0081340677743555,2.311301925269839,2.406361085962527,3.4149074682540745,3.765827630974995,6.9183029269761045,4.912040480392666,7.106266175721644,4.853992360704231,6.411991751117804,6.234541212649074,7.565678834832093,5.789868942774813,2.45158780631571,3.292705481431205,5.551372622174917,5.410839559989591,3.42673455006616,4.4375187129373925,5.038203179917682,5.568746896544279,4.761746041767918,6.736172549584708,6.310070612832567,6.629480666921654,7.099253523635124,4.072601464216131,5.422728988351257,6.0875359543232355,5.787145452592055,5.4121365044185135
