script/wind250m.json
{"header": {"parameterCategory": 2, "parameterNumber": 2, "lo1": 3.000054539987559, "la1": 64.9999836372058, "dx": 0.5, "dy": 0.25, "nx": 34, "ny": 52, "refTime": "2025-12-11T17:00:00.000Z"}, "data":
[rows 0 to 24 of 52, columns 0 to 33 of 34]
-15.336803804157427,-15.483894801620078,-14.661503198506269,-13.822984127178668,-14.024823835708947,-13.18672790491281,-12.658380548829776,-11.727741485635445,-11.166868557128266,-9.622189738670489,-8.452235614205348,-4.67681687637423,-3.610158352768935,-7.474875219837397,-6.395590511199201,-8.018943453019276,-7.191659727570333,-8.235338024473313,-9.601784873192475,-1.2216730844737798,-6.052327300365229,-3.1855106557360293,-7.907747316970511,-7.647550315696439,-7.342818562857341,-5.508960261242182,-6.119017886742989,-8.859260321365769,-6.797585039445522,-5.422001395544174,-6.451558414542518,-6.246897895647337,-6.51853891531506,-5.438042656700824
-13.42823304589558,-13.89790484264027,-13.565018290009919,-12.428607321502986,-11.423152632762893,-11.031623371157885,-11.499828148127499,-11.123245660286527,-9.062296542035602,-9.142321413866577,-7.752365072163747,-6.972165334819087,-4.628005401114848,-4.46178173803015,-5.596932899065986,-5.683695160187467,-8.56356102225415,-8.663933324930216,-5.291152496894501,-6.727534558710479,-13.001659397841188,-7.266406625037066,-2.7207553353312317,-8.676133284437059,-4.174180381507234,-6.874547503443292,-4.722107585483945,-5.864205506327249,-7.0833095630454945,-6.8791661105652295,-5.19453296076407,-5.491744444655154,-5.344676975160565,-6.476696632297998
-5.14106185311813,-5.821556502044268,-6.363102297549964,-5.84759660775525,-4.682724979359154,-4.1907704470272416,-3.5818676272159475,-2.526549440462458,-0.21832844139992819,-0.12519209994103395,0.6108674654275572,-2.2559344431013137,-2.8027623393832033,-3.2307882852885466,-2.1739470530039418,-2.9864708298822724,-6.551585108924056,-8.946434838859503,-10.973023679786849,-9.189735486647814,-8.71453580887237,-5.070656757352824,-9.095780683173418,-7.583221545768042,-7.04466456521147,-4.408501997406623,-6.390875880352117,-5.2672625796666654,-5.9582406255027225,-8.078084941652266,-6.234409021083371,-5.731154974679798,-5.136307614502572,-6.527924099255317
-2.958562736393309,-3.5068077414379526,-4.201877692417666,-5.340374362484383,-4.373621421993331,-3.9652646170524,-2.2611540595973616,-1.3109883596302703,-0.3900801104523624,0.8637129939047573,0.0925235797961353,-0.18985418450605823,1.343025204311137,2.411962594709827,1.7004220972711528,1.288161026941387,-5.579524800983856,-3.6897815272976633,-3.0214180556811536,-4.247914704736826,-0.6479267588891788,-6.254700524893985,-2.968181094374471,-4.994107605977718,-3.836887356185326,-3.9328655834899653,-5.79921014783785,-5.082602641569399,-6.898988233752493,-5.639358485861099,-5.5355617524541,-5.109989397158983,-5.332402617232471,-6.354443191108744
1.2910164612337094,-0.6110730107926599,-0.16505378171690765,2.3563561728736113,3.4922622784110904,3.0988439697829135,3.359209545490429,4.25561483274226,4.599579094110931,4.2346283560376055,4.20666150874809,4.149080858122221,2.429343666474525,2.9162580670782625,4.143236168651244,3.1621757672393933,-1.201583295027538,-4.155660373102887,-2.938208842593308,-1.044906556219254,-1.094061447316154,-1.3202905818611963,-3.681309601800178,-7.275043795399342,-3.3654227374929255,-4.290398442665387,-4.63100737390816,-4.01636625041708,-6.29035128779511,-5.470033360957141,-5.641890511493118,-6.5582847849432415,-3.7905774715292235,-3.6081175563053876
5.523156981442184,5.104004995940486,4.730161926561595,6.066013668248213,7.69330354096075,7.639199686633141,7.997618123514861,7.282960173448887,7.1190203128561835,7.508859861801458,7.285710911949175,7.356565973905514,7.269010845501716,2.511110036765786,0.6803285691177997,0.19618143146207773,-4.145822588871259,-3.707210721959414,0.45976681293868804,-2.8296327904948186,-6.796778375910429,-5.005045107333597,-3.9028822057392003,-4.288215156799808,-4.376852388504112,-3.7392196470107932,-3.9100191842016305,-4.458115820911139,-4.143470021060121,-5.659716948885527,-6.160837836997984,-3.8210600028339985,-2.8868821206554305,-3.5240034306550636
9.227890798429568,10.641627404483124,9.925239613622402,9.38887774400052,9.918613641229069,9.510795527395802,10.471494466011135,9.74079483338521,9.159680365162178,9.658878069670003,7.699021682909265,8.132193876452261,7.044594231049593,6.484298088816942,-0.8518012388137498,-2.0643226821336023,0.3053101441076814,2.66706263229459,2.436687181090385,-3.5755728901863666,-6.426403303766924,-4.227807608438713,-4.855125953019228,-5.490167088317014,-5.387928275061022,-3.073991954773652,-3.349086813845221,-2.5661791957255167,-3.1923206849829695,-4.493332695604435,-3.58409516134674,-3.4714117851448534,-4.3989062906468765,-3.179283758147721
10.95893519725745,10.429518943914816,11.94108342473511,12.130200767531614,11.619688775549118,11.894892429072629,11.131710766531109,11.267692350671705,11.211287128899617,11.4944465092982,8.019847147336181,3.5639730840532255,5.109255036555963,8.075164482073566,3.497846787632959,4.169011712447339,0.20923767049673614,5.282366035058906,3.5711618714659905,-2.1575619961905725,-2.7945576109030097,-4.5547390672235935,-2.8066281729822746,-2.803957494989128,-1.587635693642454,-2.1025233608597786,-3.08711010254279,-2.851134454776368,-2.130916907366846,-2.1096175246810884,-5.29774782128236,-2.3681997264140313,-3.166896869380458,-3.246990919745164
9.573270378464128,11.127496368124433,10.361915933472691,10.599032313322068,10.774311498785075,8.84051371508241,8.542635107501798,11.324268843420779,12.777847240406642,10.5160520918128,6.641027018584145,1.5675474282079604,7.341020386842921,4.171825594995463,4.717634102269834,0.7736843832495144,5.353699397995657,6.597323513001864,2.330092433720725,4.649715028963534,4.1904960711634915,2.108211659323819,-1.72161565094011,-1.69717254479661,-3.1526050333429785,-2.849544509745878,-2.5295417369738447,-2.53664042094835,-1.3386962145638053,-1.204944386256847,-2.915622084016115,-2.0960054648089175,-2.651527661729955,-3.382730669298415
13.648255771308964,13.31897110219851,10.976200713876727,9.54028869391264,12.669221742350278,13.300761136865221,14.182748823089222,10.478812983707106,8.689727431058742,4.872260123289775,3.835680621718907,4.3435422996506645,12.422686958578453,3.357807544027107,0.5748078230405824,2.7441144793148626,2.921355552173051,3.8924488040401126,4.061223141540226,2.317007289057073,2.4899104650261803,-1.5037483889581753,-2.2332488999236646,-1.1357373685289895,-0.3104274534119672,-1.173940875075479,-1.5336358004253297,-0.42898332830797625,-0.3260106576901367,-1.1040365901558602,-0.5428172840060363,-2.383985681026887,-2.835385109894518,-2.5963913732175152
14.72876665292997,14.82686136789009,14.849517687989291,14.30268828924425,13.140879930144393,13.42923959354182,11.17395699848943,7.931492094517687,11.67533775708501,0.7948006420487354,17.62265313386962,4.322078352684594,8.43460397064043,11.717785362651183,8.628066105261675,3.445920414295248,1.9164385965370876,2.588875945863793,5.066598112973322,2.2340137974940797,1.5171023997769122,-2.709362589561708,1.0939771887092196,-0.1144816743120402,-1.6145589264983284,-1.5927439792901972,-3.039378569742222,-2.064092740191496,-1.6265244714819012,-2.1432958693379285,-2.589242213070882,-3.2372293334438083,-3.415065255775047,-2.9010731575213136
13.94410453197312,14.186811146484981,14.805958688518896,14.329067624947083,13.681059104772318,9.191523420943513,6.815796129891428,1.470173551605796,1.1050649520040494,8.9820912955112,10.875928802430053,14.509265903109217,10.60640138130966,5.016784714995864,9.120737749311703,3.7363330708646605,3.5596541403899162,4.832378556443455,1.9160195140593126,2.754655707904785,2.3588050259377664,1.311889324743187,-1.4244872135615896,-1.6236633199007393,-0.8577532250070347,-1.7497136477998292,-1.3505980230435077,-2.6164102205803705,-1.7910315987652285,-2.240308101785742,-4.858244827210544,-4.109082694131563,-4.049379124156217,-3.3006046839415526
12.950830230445868,12.739820860832996,13.448995951680708,13.97550069091842,12.583537087740696,6.118275424452618,8.402160341095247,5.317407389259318,8.67837486553164,12.883527061523363,14.991829767496279,14.829143346899306,14.12918423835901,11.904827447968632,4.609340184765125,9.547505740047331,6.541185613335692,2.4076956466935857,2.3917214920060608,1.203850002926838,1.3862021753519562,0.7147273268137797,-0.2732574434097621,0.7617078409768621,0.23372934089055236,-2.4390942460429463,-2.609475660829592,-5.281443606337409,-3.7516899961715353,-4.653057248708672,-5.7171837000579435,-5.05368930145002,-4.6029378197232855,-3.618241692523718
11.428940118572545,12.08556558226088,11.463431931703443,11.883631344145574,9.889843220808931,9.99678959737994,12.415140267882373,2.2540841458794176,7.5054558488929075,11.584041777706293,14.041097997956335,17.187248192763732,3.0187578235178965,-0.9963406011571401,7.271802761615738,6.341965684442875,4.679892862758099,2.736978500185826,3.0042305622048047,1.202995150688522,0.35626057247404214,-0.02636800098481496,-0.5449931875009705,-0.6567567158291422,-0.891603733728355,-3.697013767823749,-3.662782104212126,-1.9273052901948151,-5.023294289781414,-5.152671121714872,-5.776695786091008,-5.512926267957018,-4.175789785100452,-3.4726707875345766
10.424919050977723,10.223245608208718,10.434776073965294,9.612508494295795,9.14387129133189,7.896275610482527,4.5072350152708545,12.061906953784966,6.637752682029959,9.151658485635027,6.627117270538519,12.419406771241318,12.161467488059396,1.2579421060808098,2.627300668481498,7.227107094592951,2.7542468956217183,3.202785338864683,2.2231405812672596,0.5735498223622993,0.8324390995916718,-0.9127033337177881,-1.6982237061405479,-0.47808133431613015,-1.5589158924981807,-3.8155802346345964,-3.8111095395895456,-5.925887362921039,-3.9451678605497356,-4.904625912178794,-5.574766816900945,-4.703267268965057,-3.764143993755688,-3.0419878821705324
8.983730291840343,8.645551348404556,8.338624283258518,8.9113549638323,8.287125470979703,6.575705650600229,7.8220090949419365,4.078944432136049,7.243931119334368,10.37597211136636,14.19250649169272,18.201166512181864,6.450997225744196,6.845498957003432,2.3005049079657396,2.1667764200621775,4.12456444915044,0.8231977297537878,2.1157683207968847,1.2839586501659814,0.8868931018771864,2.0529177257207913,-1.7370438282156426,-1.2966041819225138,-3.5008900921076975,-4.665284162540466,-4.81568466770514,-5.542434251809882,-3.512903620098972,-2.8855273167325484,-3.5920682569040183,-3.9452171817765045,-3.2018968745340866,-2.8833229465458925
7.599429512605159,8.096396054594408,9.184593776385281,8.720207250184584,5.849721160288759,5.067881987059201,9.887439210537494,9.229515429191325,2.4834765243814276,11.136275016585463,15.378214508261069,15.98014187078046,3.2135668494878264,3.376071832571524,4.363987437691445,0.4630234409979017,2.07513164913789,1.2954901441207471,2.4691529937545975,0.8492835797455747,1.803633896523955,0.618450565265729,-1.3953230183619285,-1.092803277428298,-0.5005043429256617,-4.1633507921511885,-4.780122775110967,-5.155121968338803,-4.334363086861175,-3.4408438990939283,-2.814984424487727,-3.163308424933859,-2.972986137196089,-2.7109669552539852
6.733712307428836,7.784322034182829,7.523207182568792,8.54961782160529,6.7851743534167746,6.395251330313226,8.027285514845312,6.5426533821180834,13.415701621436135,16.091129873774264,11.680929346358392,10.521874619958837,3.0390718568392865,8.730071004937612,4.49338250757485,8.024468580318757,2.682634866334365,5.882538675234373,3.9784631963067145,3.462935376340748,3.745225118686006,0.7359368102263776,-0.2998468943244932,-0.3701066901373304,-1.2829114303969522,-0.7111823611350974,-5.367975328779769,-3.762947807296023,-5.351013693756407,-4.82755337726504,-5.604106230243879,-3.953172956923561,-2.6205825294639076,-2.5789108701696333
6.400533013768915,5.758638278503059,6.858092443599404,6.438998321989075,6.755380015436433,3.8993370498643705,8.920221862945553,8.466700454375605,9.613821507202163,16.29054295870623,9.293672802991706,9.862635493466033,9.00870521806677,6.142654078754282,0.2586642272312492,4.003084993459195,7.510284143381572,4.361731866547565,0.890643208780868,5.329214069309439,3.829365523675251,2.2517619568922096,0.6225906242805797,0.5067590892077697,1.6620452600287656,2.6480973852737777,-2.9852256465137277,-3.682115224674927,-3.6990156625005928,-3.794132210282441,-4.80931953532367,-6.124860921904988,-5.6813938917935705,-4.615066741478726
5.895221096743501,5.118515962614908,5.458881346474191,5.119498665307997,3.84575380747457,5.111130385580649,3.3647345804105995,13.64341628472908,13.41013284597368,14.798636472765617,13.144041419049433,13.03255390240789,4.361805684371414,13.130428070143232,4.298344123649958,6.210334272676339,8.208764791466303,4.156540224827498,3.4223944127987194,4.4704520186407946,3.010489573561713,2.2939892746056985,2.9553337959030874,1.5893936470409777,1.8524398039168009,2.935094125811209,3.636436872085101,1.3245945276734048,-1.4633464653073844,-1.5258055192744542,-2.831772800944931,-1.7913175732055193,-1.3777623061993878,-2.994640436367816
5.825285789186745,4.487769463246917,4.005451537854529,4.696825636513576,3.126541484638364,1.6259086159522078,2.149553214507768,8.840971343395484,11.821570154619556,15.915609274656154,11.642321164569516,13.487477654256509,13.459004266561193,6.788569210260584,5.320387228258073,7.798232517801629,5.991250846056315,7.808613890729746,7.03811997660571,4.685297951233219,4.655511231420028,2.39780690027343,4.495103867772106,2.728703273294044,2.0224203977472635,3.0442072182068505,3.2147252351931517,3.118670534840568,1.084578820724902,0.4034234090134143,-0.7656615090392215,-0.4012469215876647,-0.6555926258904082,-1.0594656477712576
7.105638819801524,6.745839413887724,6.009356151146149,5.507094339529287,3.4524474567269876,4.146976069734183,2.566618094835394,7.200524183511318,13.464541850386654,8.358599977316247,13.539873556110535,12.201316606922193,6.107135469384751,11.67522922989956,7.296698648631982,9.561683288069291,6.370750041038928,7.751979647978579,9.643799337567264,6.204855826099364,7.637527701945494,4.943663705301683,6.145866900825363,4.212303349614211,2.844752695669232,2.2212365237339893,3.7953523400813527,3.990371400675059,3.19878788439755,0.9384441635515431,1.0484124870625882,1.3928301184967804,1.2845688565210145,0.2939156293306103
8.271258624953806,8.370317706355895,7.817568128126783,6.1492597431399245,5.608784252916359,4.233189504434803,2.930769277997652,6.246112213118482,14.915743553677887,15.093298738981435,3.755881365446783,10.687695027011108,12.24381331786416,11.716434363153429,11.961254645838729,7.4097454080916405,6.355354164868199,9.011217922562889,10.505309001747834,9.669525278467313,7.534697165201209,7.317581685888501,6.026436756020349,6.470479327391592,6.476779250763302,3.8777792807950067,5.056788747304623,4.664242596381367,4.804014564571876,4.318413484128121,4.1206315876148425,2.694301377828914,1.648448787772201,2.646851215705207
9.084089461059628,8.764808231154175,9.235942148058397,7.9839656375397725,6.536391713225615,6.433788563352177,4.85590694391223,6.003035303461765,11.901901435650373,6.083905477085069,5.735173055356198,3.0425523446379183,10.09427144040152,8.059080028776313,11.174133703443088,11.740998932626335,10.74903039262653,11.371498526165032,11.350293168147685,12.706391753989294,10.057341613159638,7.690226722284602,6.8300454458946644,8.361969297696739,7.891845442686745,6.093887666830473,5.736124212919973,5.187137702212398,6.919407157130551,6.575556911671467,6.32970162311269,5.3974276745953516,2.8008949417107942,2.050060024264057
8.68346984742587,9.340206693027646,9.401759256017051,9.722617560438295,8.532985872162001,6.817335800034818,4.390065104023112,8.114256596929017,13.497763496492514,6.276357679158195,9.454199275244163,6.400296823118805,10.133961934490797,11.881777670171772,9.786406811697217,12.497190764891315,13.70905087964377,10.595811710247332,11.58799698571435,13.994313423407581,11.633877509930066,8.293555584988962,7.18274638727015,10.022167716371065,8.894068014449067,9.132687618571564,7.997330064435655,7.527545973085296,5.912466252519624,7.880586336242665,7.683375471276071,5.836791087480348,4.544293179768433,3.0934847148873197
