script/wind100m.json
[{"header": {"parameterCategory": 2, "parameterNumber": 2, "lo1": 6.000198445256149, "la1": 58.999992894266676, "dx": 0.5, "dy": 0.25, "nx": 22, "ny": 24, "refTime": "2024-01-31T17:00:00.000Z"}, "data": [9.127346333945226, 10.253114356766709, 13.862206498606895, 12.144012437579809, 15.629732431976246, 10.937886021935412, 16.033157616765756, 8.45619462056926, 6.7049427417510685, 7.216173834188666, 9.286619228045994, 15.372969438690115, 10.5316332697753, 16.23956347809482, 10.113286613192965, 9.337925250662934, 8.246811224621517, 17.49863204410764, 5.965722606559347, 6.484611537782216, 12.739444464623869, 9.555426954399707, 11.821886624063982, 10.982586337582251, 8.994441361643627, 9.52856640883243, 8.536622792455193, 11.760909208484007, 15.517508421483008, 11.155231053482565, 16.477429241366938, 17.029278930874863, 7.302553607582411, 12.41047228166166, 15.328371995080829, 13.719433341976195, 16.20981393949668, 15.171363621833978, 7.905009735179434, 5.986868453019256, 17.809552538734714, 10.982289453815914, 18.12455197714783, 11.735629207436084, 10.785799558616793, 10.741001446224832, 16.891659188861688, 7.278103875819225, 6.558110575816407, 9.412357515128386, 6.6757155760633005, 12.904350592820384, 6.677718736222814, 7.682064781041521, 8.075581358733542, 18.080343766781432, 10.427675201706043, 8.364892165716473, 12.53128409472492, 10.133672941047728, 7.731747091320555, 9.692079773294521, 11.69899708941755, 13.439693931570224, 13.61620342596021, 15.537003241160214, 18.70016504091611, 16.361883762709223, 14.179375885857581, 5.9472221919093, 10.056629595870897, 17.57253405396246, 14.05886246182669, 17.74065126720291, 11.440313950019798, 18.077945644640153, 19.091777918013573, 8.811486941963128, 15.612151906456825, 14.108320997287445, 8.56743049241042, 10.34170392436249, 8.78269941358356, 9.98125415699416, 11.022887109958571, 7.901714381778466, 5.908913224665355, 12.566832766635894, 12.412194981474993, 11.410952803229552, 8.640015226734596, 10.555322981076772, 17.274024795749877, 14.153360780785256, 14.390288530886364, 6.689720573458771, 7.203475622572201, 9.373853390656988, 9.681524627046578, 13.951879834598495, 14.205922693370583, 9.901837330127544, 16.21805109876353, 17.092512651666794, 7.077145918687425, 11.663297825910727, 9.647049263025083, 12.544874629471261, 15.848154969641447, 12.135155258431526, 13.807195924389692, 11.953266449957114, 16.36871055594924, 17.455420310105083, 13.582921481490944, 9.536870328411897, 6.370620261352416, 14.83370757630428, 10.28543842485142, 12.87326103440011, 11.672341472050052, 10.38101927844724, 12.163097243858294, 7.655747919186558, 14.786133388523826, 12.721112733344759, 14.2158281577148, 13.141611066623096, 13.20577724972606, 11.92360858141523, 8.998940144383022, 11.604046868948872, 7.648484035036818, 11.145649740649377, 11.784562801604222, 16.90207915678795, 11.297234171371972, 10.030491490140943, 14.515856131871471, 8.491424597080277, 7.523426048365414, 7.217868538230418, 18.442180332491876, 6.017701587291189, 5.946140359469627, 8.750980076221811, 12.946898305873894, 12.096976937273807, 11.413023721546747, 8.937259759866478, 17.073671769697327, 14.876413430487316, 19.54491293060247, 10.0151419050337, 15.641391157886657, 11.644418187004073, 13.408499790497073, 12.447909694588741, 8.227642777596719, 10.922419261918842, 15.452269622925126, 7.079259172001928, 11.565860340258276, 9.244532495872717, 11.61867958560873, 10.738676375865595, 9.350698316297805, 15.89344187283743, 14.840217252285036, 7.1602395190625785, 11.77045944223586, 6.780009312123075, 15.974999007671537, 16.586874381414194, 16.27281259024088, 4.943636059727514, 16.932683749716702, 8.563278490413902, 13.226447153232044, 15.81857457683422, 5.4968488946592675, 12.926741690866839, 5.236160053555632, 9.174849732674428, 7.6807575639730175, 10.356523831366154, 17.452061311943385, 9.426921328889232, 12.71660680490732, 13.92164337489556, 12.177208584654652, 10.5268767488967, 10.810792833526447, 6.794978008478243, 15.630243986034408, 14.232421919385505, 7.518011508120335, 9.001589097319233, 9.94919498611784, 14.959979078425171, 15.840118850911523, 9.656945665962427, 16.971420167220963, 13.451123267600273, 10.494343443429914, 9.500606980629543, 16.660763206010536, 14.421973230777123, 7.9505773955296934, 17.063917063195813, 8.515000611461916, 13.822724223460707, 17.06882721533869, 17.22402056039454, 11.739051605664217, 10.90538268267755, 7.013410681483168, 15.017925103709695, 12.159837334734071, 7.730823442870605, 14.443002891173983, 14.169935398602277, 7.970204991864122, 16.2215326496873, 11.051913406170039, 16.420158653739065, 15.241994107839782, 18.32642316983397, 8.15086743563773, 17.689272329552868, 8.224513338205234, 7.502978109797641, 10.580579567422522, 13.076238835718167, 10.604475881662259, 11.837056544129293, 16.368829098502, 11.995209885323728, 10.783112246966109, 6.927949546391736, 14.563141792945432, 11.8809269640833, 12.594657480804972, 11.283922051279196, 13.927653091278648, 9.5905524441434, 15.381273286304609, 11.292457714248924, 5.510852271906928, 13.301279513326968, 15.673594155475786, 14.03839141191639, 9.621386350501325, 10.205806093643064, 7.397872970187646, 9.665876134855232, 9.067101808992318, 8.315048533984013, 11.149557224685735, 12.748356534825135, 14.894501313218372, 7.479858958456193, 14.225557800957429, 9.692845221194787, 16.27945871457962, 16.094529444220395, 12.713889663610338, 8.061685348061644, 9.18668008909493, 15.84435383808937, 10.974696535667176, 7.224579712113514, 17.085126988630087, 12.332994904531862, 7.7453404333076, 17.126861907179933, 10.842848232649256, 7.294037380671463, 8.22282581646361, 11.626943606196633, 14.752712341767106, 11.843263432703191, 13.957055852227814, 10.777181783158566, 16.361357973074636, 14.811875607873027, 12.304762485744495, 12.019172444579151, 14.892918529929288, 6.633585078351524, 7.205025176901671, 8.133069803029944, 15.226010664619738, 11.840251973923184, 13.760232762729235, 12.064140939716568, 8.00144797157427, 7.175455331521419, 16.570601687275154, 8.064955701868517, 9.375417954970537, 16.957009834671645, 17.254544773249993, 11.473638143677846, 7.310553335801118, 8.36105263771637, 10.892267912080209, 7.634816636318087, 12.50735456200576, 8.408120291361566, 11.907130299035645, 11.605934070464913, 10.652223092368665, 18.583847221747323, 6.123064300582623, 7.354331315024266, 14.621091367218183, 11.620568724661142, 10.582234187293043, 16.865913106124673, 13.911780836431875, 9.773247080099239, 9.333116465125427, 14.223208598646432, 9.116928103234166, 8.252718934397834, 11.965550237532195, 9.149330713345437, 10.331679474249137, 15.281110530540387, 9.695516518005292, 16.46017793485233, 8.629111963973525, 8.982229123048578, 13.419675136948522, 12.608999753477457, 9.746581738039149, 10.5140284234655, 11.218208297490406, 6.671283030928849, 15.755359845814814, 12.433300670821374, 4.741404993960673, 17.192149611305172, 8.969993743503926, 16.205853611490905, 8.352843316039275, 10.7157359899787, 16.237413483506387, 11.93049506509596, 13.776603634237787, 10.069691806207794, 15.317295723589833, 13.999638651508683, 10.659076022248636, 9.841853498853586, 14.655770351203373, 10.53058260831455, 9.60539929424101, 8.370905217330186, 13.653531647129183, 13.052225274490223, 9.92185939072914, 17.413456787707045, 10.6757416355444, 16.05848919028153, 6.191244747287195, 10.694071783603576, 14.705898439721787, 12.260451809874889, 15.191231112339135, 4.10265652681842, 9.232373763573497, 14.912267349493831, 11.333321161509474, 13.627423820044969, 7.050369425586844, 15.849064292860039, 8.098667452347344, 17.017285211482683, 7.147701336449537, 8.92869405426381, 10.685168521405057, 11.53574559217464, 6.723182983293973, 6.679752209415033, 12.567319920493105, 11.864490556625169, 9.050369146956006, 14.944936015989654, 6.180653842691885, 8.389532693867292, 7.182947981879788, 18.818840240002963, 12.961096106259275, 14.414484387091695, 19.369477263154913, 14.79178698671341, 18.6636719400342, 12.576596864820944, 8.958699342462987, 14.349363966632207, 10.093743882767155, 13.891304596341456, 16.55818057306372, 11.22346177759136, 10.689757863762487, 15.863465138371586, 10.45864507731934, 10.482700868457831, 7.650660844238351, 14.867278617216897, 11.99249059804965, 10.306402703797811, 10.470857847269437, 15.934191859186589, 7.44670343867808, 11.621452191283637, 18.4660900683596, 13.250788300758488, 17.51981943411266, 10.249754343909746, 10.47479967751602, 12.179871883214057, 10.849168277626447, 8.203195113584623, 17.57102053914529, 16.643134328495048, 16.962798422558112, 11.775968199545114, 10.530067767593012, 7.39996113786517, 7.843578542537234, 14.165665405844623, 12.020009890835308, 5.831798457131827, 16.92257955628862, 7.926987240865108, 17.327843772405267, 12.738976167283427, 11.6265495299743, 12.296655386608947, 18.681484540586847, 8.332305707347706, 8.376638278746048, 13.86184629940363, 6.445401978381551, 8.453348218514046, 9.506064460836836, 5.184193550958605, 6.555459444508868, 6.025828682540555, 6.565953554285647, 7.010704793566436, 10.733489748611973, 15.413378114744331, 10.295568964577766, 14.840054342713636, 7.85004978443685, 10.55367171745568, 13.902800906063108, 12.14411129361839, 8.686382739717388, 13.54097131368442, 18.300400549777834, 6.105274260651572, 10.554033348126204, 9.551711413205924, 13.326906682655732, 9.830919139342463, 13.180809925250314, 8.727392958236761, 13.458455582153219, 10.124652384430982, 11.56845468669004, 7.728869422429945, 15.273169211826348, 9.650069625414572, 11.2462348177285, 10.34034619158265, 8.801720507937778, 8.009370025395535, 6.786111627552627, 14.892685049149366, 15.212904029326554, 8.212454371389056, 10.51927053325727, 14.246918304824202, 5.006562617988557, 8.995978641369627, 11.711554084107181, 9.269777338030899, 12.662300494698224, 6.572565462127061, 10.452663057015252, 10.472381304508307, 15.181913569616329, 9.005592094911973, 13.061373652157146, 13.01283986357464, 15.745689349957694, 12.684121831792709, 11.216647073322868, 8.62625644388782, 9.372096715919028, 10.406295300289207, 18.58277471399847, 14.551883557778373, 11.544799241682012, 13.519766925445351, 10.388610465670157, 14.614905216474021, 14.832722289170208, 13.313870896064044, 13.410803126284732, 11.821079720684404, 10.61039966501056, 8.85923770523479, 9.295467427770074, 14.203357033510489, 11.325279925503603, 9.276107319880841, 14.78429481121357, 12.889108610034736, 16.73058994972331, 18.43756347547196, 7.13563087609007, 8.829937593519352]}, {"header": {"parameterCategory": 2, "parameterNumber": 3, "lo1": 6.000198445256149, "la1": 58.999992894266676, "dx": 0.5, "dy": 0.25, "nx": 22, "ny": 24, "refTime": "2024-01-31T17:00:00.000Z"}, "data": [11.551170050450454, 7.171882248903568, 12.520510602418794, 13.358877003242732, 14.127936039017007, 9.68190022667008, 17.506213930504913, 11.560372558533716, 5.592263322049065, 6.278475453534088, 9.680720262246632, 6.295731543252385, 6.58806448132129, 5.409541275037538, 8.249152736175759, 4.6354122413773755, 4.759379823521882, 4.284760562502543, 5.481654609672688, 3.670758217860439, 10.626731575425348, 8.68594420412018, 12.149234683632287, 13.053238624789268, 4.4926682700152405, 10.664059236446827, 10.767761254995712, 13.059492722989742, 14.367032001798856, 10.046688743120127, 16.720565722788358, 16.839962018335104, 8.72724333045083, 13.445133719552347, 18.2075597425821, 11.063957920739606, 17.4653013774972, 15.862185235576938, 8.175894358593466, 3.0354745379704635, 17.306481509802936, 7.8158717283845744, 16.130353985092853, 9.604768508374777, 6.094788764738642, 10.167865610831784, 16.031928255394128, 6.297140306905698, 4.219605946603522, 11.44920796148384, 5.197692959768442, 10.812521858235222, 5.067546452315156, 6.870685914254832, 6.72520405351502, 17.163253655357035, 7.297417961462204, 5.429350259302328, 13.034073714383327, 8.810823373942306, 8.264045622958582, 10.764302200417475, 6.947087220566857, 6.92059004046327, 11.052529316185147, 5.877775901089922, 17.514682503887006, 17.313761692620226, 13.254829083851748, 3.9583426246975306, 12.000298259735986, 16.692021273080098, 11.476153551104815, 16.666108530043275, 13.487777986149233, 16.46064145663154, 15.678103225067042, 9.63678180273062, 15.331025902504788, 16.64283705510123, 6.769244319459964, 6.789936037788001, 9.42768806035087, 12.085633173634648, 11.51617882571327, 5.711038086523964, 5.641686927828847, 14.274458194716482, 18.94443421817281, 9.075958140895432, 4.734890988998238, 9.58407224073954, 16.16401690863392, 13.284551760551949, 7.228846508421202, 6.695826418854462, 8.616834104451884, 5.9485673907683605, 10.787172150795417, 7.076907857304544, 16.242557040066956, 9.371070322979193, 5.564270702144911, 16.528858562640647, 5.93787355575711, 12.2186150594549, 6.729598537132772, 13.665035458297833, 16.577270226228332, 12.797101860455093, 18.69565881259314, 11.674467707498643, 16.06542093241667, 16.73389741491229, 13.12747083515709, 13.00910041296354, 5.834001349692321, 18.819183490945832, 7.438356675082041, 13.716626227875786, 14.54846397386987, 9.366137476403104, 15.303377605791814, 7.883527996978397, 7.099162573166657, 14.83428517725805, 18.698912426273807, 7.730449302822374, 11.58742452533245, 12.610229257593279, 9.677791735673637, 12.526145106374633, 9.949365250859815, 14.785191394978012, 10.872798167422118, 16.487340982978093, 9.717840424315655, 10.014843717984558, 15.649435350895457, 12.866175630476, 6.8611422106889846, 4.162040986056999, 15.553459013091537, 3.9164741356882726, 4.388848997708422, 7.910350867829065, 8.980421814265869, 15.117610778926839, 7.688657061551016, 8.243420080456776, 16.384671819454837, 6.515987452418367, 16.307572378565997, 10.902400372046273, 17.53959128907174, 14.602448031748162, 11.99489168958114, 13.863871437084157, 10.582502012191785, 7.776036449669054, 15.353912512525206, 4.395004913421328, 14.221984810475885, 5.279876601963169, 10.293109671493424, 9.212720071910228, 10.697643366104076, 5.083823746359455, 7.404326118572057, 10.465665878464794, 13.643712201136594, 5.876731777257904, 15.251366125076464, 13.627736010617644, 15.545676707370392, 4.4956604781240515, 16.692125060167886, 8.263303545706234, 6.814384146552688, 15.95698841279608, 10.168184215651412, 12.987700784107318, 5.576478779440854, 5.7213986161054695, 9.42894022943664, 9.982094251182504, 16.79699720442006, 4.667361846590358, 11.98681340592487, 10.638239405728024, 7.441640781975016, 7.376295173463264, 14.301699711373004, 4.7076509473460675, 7.268471386665787, 14.689368628897327, 6.418913463731011, 9.16865430304844, 7.2301533075868605, 14.71615206260801, 15.074758284119223, 8.557584173452735, 17.95336461833333, 5.2334714322628315, 7.3937072935214845, 7.34758254085842, 16.98348754120983, 15.404704096106625, 6.51379079614552, 17.710625704659293, 10.079837589526813, 13.790657814184424, 16.35273832809898, 16.508261658054423, 12.910439222444763, 8.24004681808121, 5.7899965033860035, 7.290027925414536, 15.062978839544495, 7.8301008859560985, 11.774365542910807, 10.165635254878884, 9.878680737582005, 5.228141373316492, 6.682185034934788, 16.724226260029123, 15.353978507941259, 16.80476680888989, 7.356790824675045, 16.564039438284183, 4.6739954765810285, 6.321530239333972, 10.35733744908839, 14.283345982707166, 5.627377900563901, 12.077397496513463, 16.084624834962106, 13.484684720628575, 12.912562635114616, 3.7570665004041293, 7.470415606736581, 7.37111935984889, 10.319722017821025, 9.142629992951619, 11.732764394636117, 10.85559160404983, 15.451627710202546, 14.01089565403624, 6.5009191102224975, 10.4107855625168, 17.35611324386078, 7.1636636627949395, 5.160628316682131, 4.682668214354133, 6.287455422823446, 10.233390689675952, 8.5177193130923, 5.7017518223917865, 9.665851795681274, 12.65427220710229, 13.752393471345263, 11.089376188324106, 19.674236295944628, 11.345476831542033, 18.191871125002326, 15.32305751713759, 13.504483533748312, 6.1339805500649085, 11.137390263551815, 5.722696639463265, 7.285305102429993, 4.461650726547885, 5.4867184590069105, 11.39982678525385, 7.784937329143208, 17.799909612430863, 9.143322734689054, 6.27813143775623, 10.229819000112844, 12.618384995050093, 5.486368890305401, 7.015557660029357, 8.43976770152265, 8.619413289859603, 15.927761529340255, 6.853043070993313, 13.323126492953943, 8.258585404270491, 5.138605565429852, 5.432000699386106, 4.7016178124751145, 10.912943910305358, 13.96797827990313, 11.92111416690365, 17.45730395191366, 7.06938822875533, 5.832655924546489, 5.960922371847269, 17.604855017956385, 6.080925462529532, 14.806232785036972, 16.46245037700971, 4.328364371179464, 7.339070217130551, 8.842084308771819, 7.566139247349094, 12.166480712610543, 7.995930994273043, 11.391671838123946, 4.91931548066367, 13.103699193097777, 14.672132038150798, 6.710460305352204, 16.978230472178346, 4.537693515304592, 6.6237626674900305, 14.930801494768572, 12.76371847980949, 5.698363433028256, 5.1065761094977145, 17.71865966266559, 8.045147799726859, 13.969428427304628, 14.38786075916074, 6.280258788783811, 9.282586982409764, 13.148827043458414, 6.308879816805596, 11.774674646016146, 15.936125379360554, 8.180861080200179, 16.30847851022785, 7.366057513649712, 8.97792647212655, 13.93753700742831, 14.334820040359954, 4.507135504992073, 7.7178836564151565, 12.34954256824213, 7.321094671936395, 15.697543278327146, 13.582992225321274, 4.332671718832556, 4.906631204933226, 13.315142445949652, 15.986496572820222, 9.01352366489126, 14.63136151959671, 16.186680418778533, 6.168758668817979, 9.96416992735026, 9.241900960255151, 11.867473199863197, 14.270273408343533, 12.031766146002978, 5.865839767693765, 9.29501292664899, 9.189561060615622, 8.787288940976408, 7.601522588044441, 13.549911820043024, 11.98065212400292, 8.39105047068295, 17.54754523262643, 12.161867011357398, 15.013143584403732, 10.027403392882652, 5.4133985805524345, 11.641701995587828, 14.700938202221751, 14.710925291113684, 5.110711312754435, 8.579206823494621, 15.850157893694027, 9.828389864087812, 10.98859483041679, 6.613731394287262, 15.248623590679495, 7.654823309561735, 16.900303256834114, 8.81232468923254, 12.739467342620019, 8.125136872463422, 11.199832629274987, 4.712770807725862, 5.225975359512661, 8.467161041684014, 14.543815696790466, 13.136357607439235, 9.4823461633886, 6.392933705849715, 4.846918120621153, 7.30887649235705, 17.256152006274444, 11.56159961574365, 6.849965097125848, 15.323190408199444, 15.64238634970775, 15.044893417155803, 10.864558905286929, 9.477850109680437, 16.952077350508528, 10.211362220929818, 13.411201143691326, 3.770294579543535, 10.437154090907235, 9.2388123509052, 16.283264428557484, 5.93729295867535, 8.566663608090908, 8.329576230888785, 5.607040547111015, 11.119051075470573, 8.633191462590842, 6.98848639075855, 15.233280142148924, 10.216115892741916, 13.336135475152902, 17.852389339146047, 11.237264906207441, 17.223491496686105, 11.24599510064765, 15.22721043740819, 6.659912969632517, 8.590303294520869, 10.157114344491266, 18.15817066942743, 17.500108791491925, 17.133934968188566, 14.374002012873206, 7.079893618171477, 11.642718371126765, 5.78908820586473, 7.381308371221105, 13.970390809576193, 6.258972086470511, 16.408188840406815, 9.287032370764177, 16.43608969696516, 6.181015703004533, 15.76922011266693, 5.791633909511831, 17.454316825773773, 9.270237502782479, 10.560594978187781, 6.656258907332718, 5.021947449808853, 9.844267142839724, 10.485374158212505, 4.829571452093298, 3.653507055116072, 4.055376941974821, 5.848303178372005, 5.320400265794158, 13.304804674048274, 6.070931905619671, 6.609917844702686, 18.44015054593667, 12.39907487618525, 8.795599659434448, 14.439677944134646, 14.522372041964008, 7.7241808228024444, 14.28481838359492, 17.259941359254363, 3.8887393858103327, 9.055119987117408, 15.195882980931353, 14.949176775588546, 11.351391618932187, 13.8324514624647, 5.494973250414614, 10.539448698353059, 6.324859289404543, 9.667219687799319, 6.997521485539486, 4.6282112482537014, 10.334377762900022, 10.31572327344752, 5.658337889395865, 9.55460142698768, 5.309000859813986, 3.8075767482558787, 14.609956870566075, 19.213488880788272, 4.630328659816798, 6.675761405732694, 16.47991626831216, 4.528266327907522, 5.027400376366193, 7.580707098441958, 10.095833866732493, 9.93517856019849, 5.440299948293467, 13.5170918640244, 10.807526638650925, 7.672626585474513, 7.991813269580656, 8.754072084262248, 12.980728610126455, 15.468657845927277, 14.453712392842915, 8.545115770927888, 6.1338044956607485, 5.104084970256962, 7.407359678715687, 16.281901299600754, 12.469073988931278, 9.983567928625947, 13.997537723611048, 6.915355522122901, 7.486900030934647, 17.95472656083849, 5.403971212644078, 16.51603728070813, 12.130679355305393, 10.769257352917819, 9.512962427567931, 10.113785591782184, 7.663571866329616, 10.720444652492665, 7.039338975893754, 13.896064625031212, 6.375242072548769, 16.30672046796724, 15.980409690080123, 8.760992977543776, 7.742245024342807]}]