script/wind10m.json
{"header": {"parameterCategory": 2, "parameterNumber": 3, "lo1": 3.000054539987559, "la1": 64.9999836372058, "dx": 0.5, "dy": 0.25, "nx": 34, "ny": 52, "refTime": "2026-04-12T21:00:00.000Z"}, "data":
[rows 0 to 24 of 52, columns 0 to 33 of 34]
7.1041582376194805,5.436929934320872,4.976555652045192,4.75392802335567,3.9659303276845446,4.4204777183115365,5.799986072708623,6.544841224300658,8.195946144632234,9.74549123033823,10.863765026595372,11.239084575707764,11.281307262747221,10.120127264556384,9.137380389336863,9.251440626652478,6.444104476693432,5.675935213264554,2.813810869918823,11.172250281045876,3.099705451603109,0.6780948709194319,2.0949727433956586,3.9100144098760765,5.6392388497000026,-1.5389393747141693,1.2403863852128962,2.487171639184326,-0.48157184339267267,1.44688462227438,1.0427155596121742,-0.5936244822489656,-0.1083035749045054,-0.6743064171905762
8.433017599187705,8.399237469101454,6.424100135810827,5.216267422485967,5.996025031401426,6.790061826812126,5.913391015705696,7.1012609974146965,7.687324474711536,9.090728057901918,10.783130182263246,11.023161256938039,11.359970453753027,10.055276833567854,9.705333032569293,9.214152139745018,6.202253879497523,1.4548157146730811,2.547494298159483,6.752337768573316,4.503876044911215,1.2105702268445158,1.6069317665886864,2.871886293718892,-0.7287862455222218,-0.7768655924209835,0.9967764061393833,-0.17275379846479635,1.83833531079611,1.5955242164922205,0.876945875957185,0.5841274477277869,0.15381561969378454,1.3666281505260929
8.990269403242108,8.515502634765227,8.439891418046015,7.147046190051128,6.9681640978162624,7.259282611861936,7.583478923318858,6.313412719364229,6.601110461651742,8.088038531359624,9.855139240489992,10.813295518247333,10.686709416939886,10.1068636939328,9.039206002163253,8.039672904645917,3.516602754758304,3.481742212830254,0.2506278003836469,3.8760298718704487,2.5272506383092566,3.745383000255601,1.5365343709708792,4.496009971176192,2.411607435691647,1.0658856813175273,0.811184056206205,2.0020786616714212,1.2755996215327856,1.6304377617845889,1.901686627072442,1.428154432043963,-0.20569960590953174,1.1338981175097715
11.792543849673446,8.211091701515222,8.556259901745616,8.48779668816078,7.532287289667611,8.20744015091967,7.7885635756990235,7.1293622174631,6.181397506497296,6.572323004324316,8.688475287541294,10.16689448372317,10.806180758300979,10.278228164519142,10.110567097968744,7.361265130842395,4.036855382759713,5.086033588091758,10.423052702136372,3.3530509406662974,7.707345331072226,3.9769711674892685,5.872401146386963,1.9994426067026672,1.5555644758553306,0.8822976969253212,1.7256048764340075,0.7911597204658779,1.350557552483918,0.38483934716199986,-1.1377554782790107,0.34213224802828407,1.1981000998771483,0.20854141479817193
12.992278605537328,8.91814763506104,8.718802484769531,9.239105856440531,9.236316993770183,7.897235077807185,6.778363567426885,7.267385652009283,7.5268807515938025,5.550569667426863,6.079812463847466,7.303019085244946,8.340951329678933,9.430820797177574,6.528259067048307,4.725946855605714,4.571858097883257,3.8016814446222105,3.7886719285545873,5.594443639209672,11.009219843678602,6.2105331083526725,2.1338157597124705,2.6569008568245898,1.1586748568903427,1.582920756397844,1.683041051818597,1.6928462867906238,1.4348089518628162,1.0015045754053085,0.4179116550830734,0.649595899111239,-0.3914356124652482,-0.5845237418876253
13.690106443511581,8.761430923841575,9.260625057787852,8.456781479793598,8.075605810668243,8.003924886534486,6.767246437297995,5.925868123455811,7.285937617602689,5.794700612830808,4.159753109158333,2.5362885680315945,4.645957800259457,8.97436461128618,4.89840159878793,3.3566581076765054,5.070587690102909,4.207466227968458,7.005818391148347,5.506686196448156,1.5505896257046647,2.6350438351730268,3.600603293901892,1.3590715294769988,0.7479109709975463,0.627888969983958,1.6104365301701735,1.2538439676751727,0.9954066681105376,0.712685024734018,0.5182826722360565,0.9746378170485558,-0.0323921770217232,-1.0241391248865113
15.230478288582589,12.721319526920292,10.363009034310075,9.183747215981185,8.574678164760412,7.529167922626216,6.31180363460382,4.096078920511684,5.15316965858158,5.499530056653234,3.8464342739345496,2.9038477530036455,1.1010670553525808,2.223867610180407,4.205962064963452,3.165058589985661,2.59682696481705,5.503632939668012,6.556073427056145,2.0194645728379363,1.141426006921367,2.044594812374175,2.0626365882626576,1.911148455696359,2.2944371902657696,2.0247296748568253,2.082757656164325,1.757874678566714,0.3340511690600634,1.5122275043876838,1.104048398432464,-0.5117065466236679,-1.1025752084023765,-1.3342948998525568
15.588613965187577,12.639093584507256,11.106948730741847,10.626157818854542,8.556179871715601,7.326225104068289,6.04181730987875,4.587730999488237,4.816738673630931,4.639220747796714,7.852404125283671,2.9891003307494795,-0.45056867045459087,-0.5534576014487903,4.411526645328964,5.06942186174914,3.7038110764245213,8.350534505411774,4.65601690522636,2.2754995910144378,2.1445350393178746,2.3813896249631243,1.9715011462504088,2.9540749468549103,1.3079906908084045,1.3627452863186738,1.014760529605106,1.9049393944623418,-0.09523833893869847,-0.10605395415174468,1.293829219753117,-0.19005972275822622,-1.3188400401211495,1.2194108651507052
16.606824471328977,13.7220358431074,11.696533695069776,8.649946515637701,8.715611876073707,6.067185930765827,5.726743574490094,5.54544459580331,7.499051435792024,3.1674415301032575,4.79185004097408,-1.6154218098676807,6.888462024924872,5.612972034913859,8.012541678036962,3.314197223592209,6.847959050267459,8.687432121218263,5.104720524425559,5.152374847252519,9.12927737507607,6.414566511364439,3.3916064473270153,1.9996354641446628,1.8233836794571465,1.7005168786492355,1.8365117070769013,0.5312693800000795,0.295253961794626,-0.039864117511129955,-0.9132592317589041,-0.8939550619790023,3.8130186279365605,1.9023618705331404
17.103317431572478,12.153947637922894,11.71152587418258,9.051791795394573,6.364346952977643,7.546420036779915,3.4470231918662506,0.862525034344145,2.4127634329421213,-1.8889631704998213,2.433973819738287,5.3198718440023685,8.304258682040603,8.79814581520113,4.241895199445432,13.309823291931028,5.472112212184273,8.44899450366692,5.1669186784826575,2.867773395564577,6.41306059266786,1.493278162214629,1.7757914729103002,2.8006497998421773,1.106884785604234,1.1308357740207842,2.5851654265260846,1.1277569722800855,0.7150100395459691,-0.8692595400205145,0.09599466426246847,2.548397069230611,3.3570068778363025,3.3987664007067413
15.473411699083188,12.639168720644378,12.198873231545965,8.227552329374312,5.910445645731663,6.769239170196239,0.8004756422415771,-0.5180190867460673,6.585633880720619,6.065576994671098,14.246690549254703,13.286153969709337,9.95966388187497,7.374745514399498,11.241918915269729,7.505843370367044,3.4436537247409,3.03848577022827,7.150730487410482,1.8621904095178676,3.041603536641357,1.9485527812438441,2.6455270893003955,0.5706618056845094,1.6734994669574441,-1.2094304326510947,-0.5108688410771601,0.7025305720896751,-0.12466883901924623,-0.7589218860373482,0.78218692400295,3.701272896875911,3.384361163679469,2.631596982433867
15.79793110588403,12.951863963486973,11.071481714951231,9.680293337512172,8.371171473119992,3.8628574855544624,7.739337058516667,2.028178984735721,3.773624244197103,11.56040320219286,-1.6775152518805863,6.676390082345497,10.251226577315718,1.7609296402055732,8.095605418511004,3.33173593344984,7.181137337794205,8.567310985810488,7.604439340271388,3.7264772615764468,3.0458699846838777,1.4585548284223677,2.02548876258876,2.688685186305921,1.0572535086299495,0.44689560048835114,1.0071425038647808,-0.03418520544980913,-0.051564993275809864,-0.024001539509347313,2.76451534189193,2.9686023911773005,3.748991395610872,3.0950978878719786
16.49539667280034,15.026183439142773,10.569145843787359,8.44321095005865,5.628862007613405,4.976068750286076,5.3447922092236,0.6005882118310408,7.2822208580466565,3.6783688347065415,0.007835682496377464,9.370730547727302,9.717295332755782,11.834858033565878,7.226469574559124,9.97653061696666,5.666791174046582,3.0681092391340803,2.2140682768124345,0.5409056320202872,1.6969366332513691,1.9459662271175273,2.261476258482351,1.9441808023382103,0.9292308738718006,0.6845955480331947,0.48252347703557635,0.37525022419960524,0.18120959605412115,-0.3524089622859126,1.0516786165695047,2.784478943622801,3.4699725353091235,3.5059841694469793
16.22035653908916,16.43582443403834,12.299042954362006,9.133116599710334,4.099523936427372,13.797785938290328,10.340497410850428,5.5031452893939266,11.813103037260365,10.406080418116266,11.909789719485905,7.023700523232256,2.3461090757391454,0.3370862940934423,7.183807253105956,1.8793545132963092,5.609369302621451,1.3204933178087435,4.135545832884775,2.209955403964577,-0.2750609354148763,3.652327769004434,1.8722058157327282,2.2242411250039185,0.7858206984157323,1.0973775078113672,1.0883000928056417,-0.7260186687138951,-0.03283981340145732,-0.5207585866429414,1.204391071107653,4.093351971117788,3.594717721631312,4.422728454589839
15.895565838084886,15.616944655721095,15.097080894386181,7.658387867978827,1.5357015224571016,2.17748423095154,-1.3981327021272347,10.499639338844206,1.675173337986524,0.6886127323499082,3.9400292728110746,4.453045674606587,7.160002426792783,3.3368378057622547,3.448163747384658,4.9249103263257945,2.4798022726296947,1.4522390244009422,1.5846322966942292,0.7822861300172671,1.4876699454519813,1.8987430785178654,1.7823627494210956,-0.4171371883906099,-0.970071697638705,0.23111966637703227,0.29957073290304304,2.059878458832013,-1.3860070948052972,0.06733599002669383,2.015192046559457,2.974387408283,3.642808780087374,3.9708575106428974
16.083234445001157,15.359199874715525,14.193661257580738,7.7964370887876955,2.977663490443855,2.243593479838057,4.425194991075334,1.245175555303144,-1.6819127153545217,-2.114354614400713,2.989962880701217,5.413086895967939,3.0030616406513553,4.579495098015182,0.593390350741813,3.372816923552633,5.096039930246017,0.6249058957422154,1.0953755866824268,0.6651959094411071,2.6332695570080578,3.22626612349771,-1.1060176919773084,1.0175691630587078,-0.3214165752373005,-0.04457356985073314,2.824856869594377,0.06590401383337086,-0.8090201031600359,4.191464727591803,3.9449226090091085,4.199967194359911,2.70977791099892,2.381404598074607
16.67972350962905,15.015776945027662,11.627359401275392,12.557925557619823,4.719748080199508,5.4907663203828685,7.601812876678012,8.790872796081539,5.235131181123245,9.612940442248211,7.261389861679409,4.046515796836689,0.3326116851489393,1.6499434832808542,0.4111470302801084,0.3129307785200212,1.1153008386998005,-0.6864722758382922,-0.41432527773554145,-0.45408764055810247,1.298383485948276,2.4121047931835227,1.1905290721652937,1.3949199589712167,1.3614331615586865,0.6044068234013024,1.444380913825804,1.2575846319016937,-0.3696276067390098,4.246934378303858,5.498012839219029,6.152044659971107,2.3088270489959326,3.9643274259615637
16.589199844720373,16.27968244224667,14.747628486698707,10.85838979115525,2.7876114714329012,2.24515950445228,6.720015818703771,1.9297491528726047,11.660187703864477,6.811807440905442,3.5644191962620244,1.0076817131633218,1.1960032265679321,1.8472272493190223,1.5427513961252224,-0.21330414952747662,0.8332736572159498,0.3360065201500411,1.256564909021056,-0.7039854531457702,-0.35309684608673564,0.8701185560871266,1.5006311623035247,2.510333293294604,1.2310523497622101,0.4069796200194043,0.2699935370872074,-0.4152923718299422,1.5924952817696476,3.7037514368845694,4.492721598400026,5.1141169035289415,2.327516643136652,2.748551572833797
16.19117203222286,16.687526014626403,15.094713694575493,10.35547852907227,7.206501270668444,2.0146299364272036,6.5562711457924765,1.2478622341330565,-0.5772715535899863,2.9666694413222094,-0.9442995518598055,1.8372638693774634,1.7452269107615923,2.443371418450965,-0.025593807514903078,0.9483200723885534,-0.4962104606834238,1.8620680708608055,-0.3176788008663162,-0.6952467987726947,-0.8163394631646955,1.6478519730227132,1.8698688132801224,1.2758431247752406,2.2276984121570957,1.700054236242707,1.5527123040698967,1.0988220613351112,1.433175136521783,1.1678133784333469,1.7085797777684373,4.291353370424375,3.4935929480870294,2.9483718966706483
15.268272397634444,15.934582696070732,16.375109380329423,12.643993524802754,4.334155742117876,2.3907989095572226,-0.5401961928471152,8.570688074965695,8.847323938657771,5.804447125033842,6.8232742665546615,5.733600234899795,1.2017591107856278,4.289750704066964,-0.557416000763791,1.9515045566832128,-1.2834829639748144,-0.09799506504364748,-0.005757391486839176,-0.42297705556718396,0.030198210628948598,1.345520657016726,1.7349604362606177,2.111939957861778,2.083646414019801,1.7710153863278466,1.4903698299584387,0.6612243567908074,1.577487381943299,0.9387106405070433,1.0017091334263075,1.0632047911819997,3.531399065118792,1.193463125854901
14.857076986812464,15.211855182733093,15.617370296015471,12.667446799921828,9.949411913448944,3.6581305988450112,5.3013917174229075,4.048050826907644,7.540898367465241,5.948010068793616,4.401286715515507,1.6849120605330683,0.004336528054220598,-1.0491629023041824,-0.5836080356348519,-0.9504420797499051,-1.2856936717900147,1.2069471646034597,1.4714927783626517,0.6664986905923845,1.566103662120084,1.210537349581703,1.3213246171330868,1.1375893814747375,2.5491206409067644,1.9748836762227933,0.8006975547608528,1.4937259076238838,1.5765406183014887,1.3322777545025017,1.1015839070219313,1.0879051633992827,2.2818157723240153,2.551136356630223
14.728720049720662,14.229948377362556,14.480403603775647,13.265597418904663,10.782660848838256,5.270233661974109,2.0942977122874074,1.9017047811073369,4.24033338315093,0.5714761411938033,2.556805856915249,2.5248174533703516,0.984656190559061,-0.4908831426015168,-0.6102658573737195,-1.513798708261791,-0.939374149877832,1.4768760921419861,0.1833288272207056,1.6006784034017736,0.7811039887489375,0.6503796959879576,1.7005963098963928,1.3388272046825114,1.4246917899386962,0.4861074960414166,1.1820289503707897,0.8420644754604778,0.21114522211386003,0.5800910683524424,-0.21384480307335849,0.2467063567943006,0.6132622212609693,2.4647042070502487
14.278118564227993,13.930605934929941,13.90842517862045,14.549439167656365,9.860523888131294,3.890587315155587,3.6668112482500383,6.062728327106826,5.919886263098284,1.0089953953345292,1.1265697495404867,1.8638812859260812,1.6708996221980401,0.7048960412386995,-1.1971942772688955,-2.4479277481280004,0.9523598611822244,1.4725519107757745,1.4938122582550704,1.3971099822750908,0.8895060653725496,0.10564300079886685,0.8338015727120621,1.077367161106395,1.5544509349645395,1.2450205012934963,1.5036151823977464,1.4454031463338128,1.0309351760301069,0.24390662866802923,1.1763523695616522,-1.0856659425009898,1.639959800339857,1.8852681993976788
13.550459707692342,13.554631116062675,13.403528347877439,13.875995894112894,10.43578006901306,6.254965761269668,3.867708367771547,8.109124033122928,3.593095275511249,1.4005503860085804,0.11580552054900628,-0.5818476659590327,0.7247832229538101,-1.1853667441532136,-1.1362589762239417,-2.1582537173482708,1.210729321184059,1.2106823751957057,0.9765394134502962,0.3189540058138555,0.7250295315755361,1.0234298180242347,2.1625380856076033,1.389393635978061,0.3152858072055053,1.6555817378353832,2.5106361586363803,1.5623011271195317,0.1877022025791429,1.6120623425802154,0.9804541191849203,-0.2539223207534304,1.9484506877159662,1.651809377750601
12.466399659599437,12.568680330567322,12.343514125199059,12.589627031479777,14.1251069211264,7.721273656980551,3.9977032926518157,10.032055778516378,3.8470405839692554,0.527238001029489,0.7819271902376611,-0.338595735631665,-1.164490435027562,-0.6300495438001902,-1.5117350193328651,3.441077288703734,1.0543635162904352,0.7061649118959117,0.6821086423595848,-0.9628841509810973,0.21254953185079556,1.5274751424482003,1.5921126395949003,1.5231882274063968,1.9675492982385385,1.6584955098468668,1.4142611438704988,0.8913987047426857,1.010456988149883,-0.411176880166694,-1.4994442508283468,-0.6602002644618924,1.8287126061349126,2.99734516697934
