script/wind10m.json
{"header": {"parameterCategory": 2, "parameterNumber": 2, "lo1": 3.000054539987559, "la1": 64.9999836372058, "dx": 0.5, "dy": 0.25, "nx": 34, "ny": 52, "refTime": "2026-01-16T14:00:00.000Z"}, "data":
[rows 0 to 23 of 52, columns 0 to 33 of 34]
2.945901480519387,2.863808394650357,2.3550693672124354,3.5480550137710143,1.981343520382399,2.251335296182506,0.9557418573487255,0.5153386136090828,-0.9227803743246201,-2.2327016276415286,-2.2831185257813473,-2.7445207696555984,-3.096477699291229,-3.0372019803823647,-3.8868591040274194,-5.322873167990381,-3.1193863153523536,-5.423580226304455,-3.415153508280892,-6.712317376319623,-3.60055502380211,0.16266719568080995,-4.2568410491647075,-5.370931245532674,-2.8541677195213673,-1.008803130940357,-1.0224294483684107,-1.5980148779780394,-1.0549294479151365,-1.4466522620142561,-1.6087461136916525,-1.7617343388186513,-1.5229440589005985,-1.3458442025914885
2.6204597320880234,2.321364665181384,1.164352005443089,3.0131696388960614,1.6293400218206824,1.4443855314804646,0.7096989633141074,0.8898439447446781,-2.060805309770953,-2.7154332058146364,-2.6373624466918546,-3.060986552363255,-2.980387727237788,-2.7639540687907003,-3.6786818234406007,-4.466966094367433,-6.0858819412831755,-3.497233330830692,-5.402890257684308,-4.23696948839662,-6.6549435542270565,-3.1877694251710804,-0.3073193482023418,-4.546239356521363,-0.7693903436956541,-1.4646046861930802,-0.8472849254147612,-2.106779388141365,-1.3973301074069306,-0.7364330800150777,-1.3071440235685492,-1.6918320013073616,-1.612786938641147,-0.8816965872457825
2.3761243303818524,3.201494461931016,3.007235573188001,1.476375065085516,1.9130272624932403,1.0027159925646132,0.8155797605690379,0.5261849646612569,-2.215774038316083,-2.9949273242507566,-3.4411222873352534,-3.131411489743334,-2.9935117239982816,-3.0180348991676977,-3.0670408261968363,-5.263523050325406,-3.5239919330412466,-3.3947251446119697,-2.6444912461729713,-2.7236870758016525,-6.093319429336679,-2.155942888326236,-4.452183263181142,-2.505594421421921,-1.9423864763572516,-1.0223765172082904,-1.6295895824961728,-0.8415591015742822,-1.4437128268255204,-1.4947206958342987,-0.7331185641274999,-1.0852147447833311,-1.3914021057710435,-0.9296197243294764
0.45164161604447844,2.6193296325185904,1.9046822573131383,1.953519517795307,1.7967432820094715,-0.009896868230743448,0.8254392918635198,0.13039828228915668,-2.518382866038726,-3.163115989608954,-3.995274111001332,-4.354041029041841,-3.647239049882497,-3.947862940111634,-2.9334784430919463,-4.213380659978959,-2.6082108739030407,-2.9517131791932623,-7.041782399250467,-1.3838652625264907,-9.058392998119947,-4.3797584150363065,-4.912629306509335,-1.546044028720727,-1.5169485820289013,-1.9989093651809364,-0.9613507183240697,-1.3826067564610967,-1.6583174257598998,-1.2574771855317353,-1.1636060904934513,-1.0171206111882454,-1.1953495630294064,-1.5144290419727993
2.7003455634723905,1.9458155055139137,1.8867216926082455,1.6373433157727666,1.1210200912322006,0.4106687367871351,0.5828837427544155,0.16640120202256742,-2.280286129315066,-4.241361883967895,-4.006192368232781,-4.297160174981496,-5.108807421854151,-4.70856960299114,-4.5243525056528915,-5.5495806046522,-2.769454470617259,-2.7698200795366446,-2.895927357416079,-5.016857224757077,-6.254033316779869,-4.6852343088663675,-1.541106574101462,-2.5903950441154073,-1.0575205221689727,-1.8001958115733403,-1.9682192376570113,-1.687651596855401,-1.0148121322172852,-1.4130685460884798,-1.5110766912897955,-1.5704411994666843,-0.947799836085743,-0.8635444175973915
2.4326634021964333,1.3379216020562665,0.6387997111204218,1.459164798665309,1.2167025610874593,1.4080274062578062,0.30833264988834364,0.3478660480712869,-2.6419798097955103,-3.7665125099160774,-4.263496304052626,-3.5015297333626623,-4.612163511142751,-6.51854139919563,-2.426678790440577,-1.7801087006963578,0.24359586965248917,-2.7133021838435347,-5.5574593849191265,-7.948928823258307,-2.5992906335199115,-3.628581921373818,-1.4222878587659418,-1.1953027506400273,-1.7357236100902789,-1.6295045223999485,-1.609761745206738,-1.8676639678611677,-1.3223859353868208,-1.542079144703817,-1.0682565405435278,-1.0718616968072259,-0.9872250014502446,-0.8486697411045419
1.172285956344679,1.208845276488018,1.0697317920618934,1.256426287654871,1.4132554858022792,0.3639835970841505,-0.49070892014922995,-0.5554365931063604,-3.2359072493353382,-3.5240533881596954,-3.9895379380140255,-1.5571125293258044,-3.092540018810039,-3.7766662345259707,-4.614192953502178,-4.3233242096278195,-1.7143025438125878,-4.40564850302031,-4.312453967340085,-3.7179279184641154,-2.6461990795095116,-1.682110675691878,-2.268246788333818,-1.788732584856753,-1.3297129287680511,-1.1705328885752138,-0.7426806601400702,-1.365058735139924,-1.1425818781010886,-0.8665164861909295,-1.7129793035373304,-1.0589003592390662,-0.8558948755457174,0.27312485956112165
0.838138642897128,0.18562385322310343,0.957058194778363,1.5635154869259051,0.9292790576210866,0.31595457508275,-1.2003261433945212,-1.7968623467889384,-3.4641981612511823,-5.059491984069264,-3.749350411774855,-0.8722611235964108,0.9390613403949772,-1.6835068661096326,-1.3055809714627467,-1.2755187007314004,-2.136210182236537,-0.820926055117159,0.329352477390292,-1.592184526673802,-2.5891091499714123,-1.068416295504871,-2.247474968932967,-2.2299481611761682,-0.883959613767695,-1.5731344659123705,-1.6193269431803796,-0.7395471060953825,-1.4815062765832925,-0.8539473427879435,-0.743884109736399,-0.16973019185134183,0.6039892868551034,1.1528862333144005
0.19147518450372164,0.14540315443400542,1.6097050246716507,1.0244009478438612,0.45553847903773215,-1.1682628527941519,-2.071024929345221,-2.4218016284338124,-0.8353846897134131,-0.025389678886475853,-1.223305833189539,-1.949863889524817,-2.102401664105659,-5.525297929746683,-2.241090975740171,-2.6209354359155195,-4.151725549901517,-1.273069379428859,-2.699644754194626,-4.607190788388516,-2.574114098635421,-0.3428017537398349,0.25162416777648394,-1.5248481456849305,-1.2715078132747677,-1.2388319067629059,-0.7695259872990767,-1.097052738999745,-0.908402881102417,-1.368489989136942,-0.6147840184749468,0.5414945370839515,0.6524013580489231,0.3725457967166443
-0.6947792646776142,1.519686477854525,1.4901310256277818,1.4439801307403053,-1.0347205942409583,-2.3949718581384536,-3.2392697928305925,-2.511121965389493,-2.7681209712599033,-0.5942334873970179,-2.040827682411777,1.5833443608043969,-4.071487787527172,0.4097111035071872,-1.835643346889358,-2.0510303922349507,-0.30581706401929787,-4.699598421140256,-4.480023154777689,-1.5395840802347696,-0.3421532450279697,-0.5485875682680932,-1.035752163130983,-0.8298031175307193,-1.2052591679594484,-1.012385269339247,-0.8788052397350816,-1.3174690506505924,-1.7833191940089106,-1.3095150775082156,0.39796513352258667,0.38843724814066644,-0.13966405054495615,-0.5857130889563865
0.008596623614965214,0.8861115397966939,2.1535299815238846,-0.996813810242753,-2.1479340383839736,-2.8092015860144017,-0.9688561408332399,-0.7780408197790927,-1.9773227116251064,1.3613688200809304,-3.8984080940565944,-3.2358116456791506,-1.305699266792391,2.3009823308189503,-0.30535275625884556,-4.292908360052243,-0.12488625389338784,-1.8568261668416666,-4.628795768381876,-1.280701440623304,-1.003010367521347,-1.427146824735096,0.08448416153682843,-1.7452293792657905,-1.4990487786968478,-1.0938777654934138,-1.5050970602509555,-1.4905716365441763,-1.3626949570485032,-1.7775549323511486,-0.21019465256927575,-0.262794188003061,-0.22031279383307012,-0.8243473496685934
-0.00033968214055561685,0.045726971301485765,-0.4836200948324203,-3.286964739080606,-0.9587874024977793,-0.5546608987656305,-0.7159022723855479,-1.4115737762889335,1.1997123338432965,-6.420672305635735,-1.788962501946525,-4.518921315125411,-5.81153339522898,0.2254682731969089,-2.3362327581073874,-1.1177443408339907,-1.858278855100064,-3.0416226708133327,-3.8127191969037466,-2.268359270126445,-0.8767269356976988,0.08318162918566077,-0.5923159071165753,-0.30898686974989165,-0.8357927501582774,-1.7540412904960794,-0.9689398626181588,-0.8110061585076871,-0.6409336536707776,-0.6061053930875948,-0.8204664606736705,-0.8156150647494177,-0.7600159756426411,-1.4107558609701127
-0.690748253122166,-1.0019458076095884,-3.735975169149272,-2.8318302340535606,-2.2735197219205476,-0.07074950766781597,1.1112016568883636,-0.8452990128977986,-3.1594224814836958,-6.234150412956162,-6.902122519087387,-7.97061263741037,-1.0491333199825033,-1.7637311255676102,-1.8617200617107947,-1.7624931724565147,-2.0664660897120646,-1.1206397671477788,-3.561845278392882,-1.3156222348856035,-0.6692796218661478,-0.6296619180119769,-1.2407590253524117,-1.356476841593245,-0.7660849059788412,-1.8403964025802444,-1.0850704503844497,-1.508974265909663,-1.083183251394065,-1.0133436985769224,-1.431361852531679,-1.640677033882517,-1.8622564143042157,-2.4541765307039034
-2.1435545077530027,-2.9421447695834684,-2.102657318053498,-1.964229612998246,-2.5529185288136684,-4.079936908455434,-4.269440398225936,-0.6615616239842601,-7.2469603296120635,-5.397410838072653,-5.401245488021066,-5.015559961272784,-1.1264673808136496,-0.9279051042902524,-3.0621832210331914,-0.7795323672410467,-2.387778286628769,-2.500860173920304,-1.6389858279099454,-1.8290358492654286,-1.8693815130862297,-0.9932983571013642,-0.6576287054120088,-0.4902582034062003,-1.0850819139093617,-0.2014785238895555,-1.1184186106087688,-0.15380374069942504,-0.8381702546007974,-1.1855403622395273,-1.9675085894677529,-2.30177873555848,-2.4816577827213577,-2.7992908774745926
-2.466820325697827,-1.7486380703851445,-1.984007181769162,-3.932718128391571,-1.6911765653063395,-2.61211871860681,0.3955239276254959,-7.761213094310157,-5.345737308858885,-3.14881557064892,0.6866644185275982,-7.126472826168196,-2.288267933824856,-2.131009302923094,-2.0215311250783454,-3.0580031875031346,0.9471631443110995,-2.5279508136802424,-1.2884128926150131,-1.591416250851585,-0.892319828869393,-2.497707322216602,-1.2678303868093153,-0.73728357605985,-0.8215169620273269,-1.1115539293864358,-1.104280825280543,-0.8926465382336958,-0.3416823936895003,-1.7481410065416485,-2.4872937748306314,-3.221449461054978,-2.387008204285216,-3.5583701655169717
-1.8016195565698652,-0.7501873302682552,-2.199603514505969,-1.7890195596148564,-0.24880284592628646,-2.0125379044975515,-3.8378567457510138,1.4118751770167024,0.04183865336230887,-4.965910931372532,-7.099496680564343,-6.392205670347671,-4.471335392950617,-3.063785022375572,-0.9614726048811492,-2.0213741719863467,-2.694641997171733,-2.8810434477466362,-2.6103478243811162,-1.2745149684092771,-0.9816918954225674,-2.5059066316383185,-1.293800270927299,-0.5550971220116938,-0.31813559038946887,-0.9111473557795327,-0.5603452373714084,-0.452692628197264,-0.21039532931811963,-1.951349694445061,-3.4796546621560536,-3.5510921819170815,-3.024515847097608,-4.28532252440775
0.05584593319758679,-0.35779545874746066,-1.4233953129992711,-0.8082034140602273,0.971646274527082,0.5738968368053033,-4.091770619281002,-2.5087779357902806,2.0818221974861273,-5.241580312237566,-6.653488297811521,-1.7228966247966875,0.05361719687831234,1.2232919806311697,0.7133095129146215,-0.7289501892506063,-1.6122703426800593,-0.780054977046024,-2.4156783776375983,0.09196437401871706,-1.6234513664654489,-2.2624931582711163,-1.854465611251248,-1.9311778453383497,-1.4003700079275192,-0.7946191470936111,-0.36460140922995177,-0.48372095029469864,-0.15388166472931253,-1.9535704451103182,-3.9749806817524855,-3.9627883227621092,-3.476999087381874,-4.223110756708311
-0.2303583712950682,0.8111608818985938,0.745560738497599,0.8341360384173551,0.04697063032527808,0.03495657993202446,-2.752789164017147,0.6412160337236068,-4.043232402701105,-4.581424773087113,-3.0273015396350718,-4.187626488465028,-0.6286809883540884,-0.5987829016329249,-1.0722877736026686,-1.5734322065460742,-4.762540151444617,-1.8968635586466758,-2.4089344882197827,-2.7559098258620978,-1.82565377694783,-1.7425725912589716,-1.854207897686746,-0.7673750370080106,-1.9286376235744536,-1.257510603126016,-1.1012401509035823,-0.574593484470671,-0.4472353359509745,-1.3074989009248768,-3.706613828809978,-3.8094813571380195,-3.8489009205166083,-3.120029150869687
-0.1804651172725327,1.4383636026460862,1.5686131835386374,0.3687260341472407,-0.1803733323611635,0.7872209494438694,-1.6856713499702098,-2.617841199338799,-8.910004926396681,-3.3907212408678817,-2.972255047657877,-2.542264393031145,-2.8146230465663478,-1.8581510574678926,0.5060943098260042,-0.6952496195961692,-1.3775470646717871,-1.525324962301309,-1.844843826351163,-1.986220516174653,-1.1452751144196553,-1.7368287258930974,-1.3138346060967292,-2.0005218779267864,-1.0963845792783005,-0.6993113470790372,-1.260267122822807,-0.5539908253463254,-0.7242994808653915,-0.6739085554410843,-0.8209864989093201,-2.5342684836373395,-3.430131486734826,-1.7987195622873322
0.011388704018250545,1.8256107171304865,0.1936020861571232,-0.09654776607419696,1.1563038387428706,-0.1281286713808622,1.7794395310034186,-2.3599774291154056,-4.75029166969667,-5.087017380432368,-3.5984496395352576,-4.343657580776645,-0.746802806279597,-1.0967440726151323,-2.108944622050849,-2.8735671599793955,-1.3295647367055352,-1.4493585107375953,-2.0676576662588535,-1.9171904167862208,-0.44554964656941287,-1.5449668928054452,-1.550837994283734,-1.5088726897142821,-1.1493446225704642,-0.7725213264905475,-1.652973483637767,-0.654184365239792,-1.2598912623730318,-1.1012126822165231,-1.1330751484117083,-0.8789990580466813,-2.285185915715108,-1.1863852614879566
1.3839476307312457,2.32362842251019,0.7456809955714643,0.021095152072661327,0.4962074691268835,-1.317618164538908,0.631461114877935,0.048038664238559174,-8.904828105766557,-3.1517584735858537,-2.6235462183494773,-2.0322986291437397,-0.9576666849845301,0.378300000371183,1.0232793236932076,-0.6863068471000733,-0.6383697716327664,-1.540998710954632,-2.3228917187297786,-2.2272280469607315,-1.6836848164345335,-1.2029114800096428,-1.5747907736412927,-1.5247783289942671,-0.5857364356550472,-1.3130177884496832,-0.7420918039179186,-1.2635897703223467,-1.5587864424971543,-1.327906199386641,-1.4223496128665936,-0.7816480152292692,-0.6531887713810578,-0.7392134825524325
1.4055463148687488,2.216367692830544,1.3384141312998652,-0.088761681843439,2.0008492929312345,-2.909638687358182,-3.546172853647687,-4.579562207092063,-7.044093980582495,-0.6070593102920798,0.13339361537718974,-1.8946056028169995,1.2638714725202158,-0.6435171490379906,-3.587790478229492,-0.7906894816551319,-1.0862067824773225,-1.736656915055446,-2.128516657970375,-2.3735226609556324,-1.5881276380156144,-1.7506856417169654,-1.4025827142152083,-1.3319796322266237,-1.7275010524034746,-1.1342520525462385,-1.2352932188678079,-2.16297004661551,-2.46427876390214,-2.4224786428613596,-1.7619914887366643,-0.5420031659616772,-0.02452072114109434,-0.718278510513812
2.5030841587104624,3.432549446111064,3.7594490187065186,4.497896448039675,1.6104550874342984,-1.0577336313688281,-3.373750570364572,-1.639476588947467,-4.867923271666637,-9.162269990817906,-1.9451269770551678,-3.5259700126367894,-0.5226685518391456,-0.6452609144293183,-1.10371499665134,-2.7541748321160675,-0.9758507144974706,-1.5786000960458118,-1.3855286976971681,-2.0859985048224794,-1.850312488720114,-1.924301070468774,-1.2335373773013905,-0.9404899580226348,-1.9509399589091077,-1.5807422084122766,-0.9693880519667512,-3.7088611283918445,-2.1585128760681993,-2.3836467903316003,-1.7422333167826332,-0.25755252685755725,-0.5417575611667987,-0.9966384075121437
3.312233510370315,4.75324386382313,6.546301478404808,4.515519299685716,2.4884609480726296,-1.7121256034522265,-1.6564451080517162,-6.765059716787103,-5.103600054994487,-3.1073690094959656,1.1128200491470825,0.6038685888312811,-1.1588369653922335,-0.9503823399475161,-0.7809649264556799,-2.6763637341803292,-0.5686091400276573,-1.4219350078563768,-1.8653014448270167,-1.6107456995806646,-1.2077747315085245,-2.829709443443542,-2.7230515631001184,-1.171837009073295,-0.9085783542656426,-0.7392566466683094,-3.1733638401373785,-2.6533783013381353,-1.5620465538206485,-1.1441861829662217,-0.4326009908095112,-0.22362838644307978,-1.5283579114802024,-1.9600115853384623
