script/wind250m.json
{"header": {"parameterCategory": 2, "parameterNumber": 2, "lo1": 3.000054539987559, "la1": 64.9999836372058, "dx": 0.5, "dy": 0.25, "nx": 34, "ny": 52, "refTime": "2026-05-27T02:00:00.000Z"}, "data":
[rows 0 to 24 of 52, columns 0 to 33 of 34]
10.248069116622549,10.54526416489138,10.621154767576146,10.976754397581272,11.622541447990288,11.589125867460272,11.786819894051867,14.06010201813323,14.11386386690298,14.615384388837015,13.469646244317548,14.61549881422383,14.197520618517414,14.144393403089563,14.397188497000716,13.47693556135952,14.37054528839546,13.912119937776248,12.551407050429217,11.893102519647083,12.297532489922277,13.46295597572763,9.171755408877125,8.643921482551749,9.801743961105807,5.935469223407102,7.095603402851832,8.206533610977083,8.208463672810856,9.508099445695935,8.717597164132117,8.41457409483896,6.183896445792794,7.202141407450162
9.88313868289355,10.419086357496441,10.551890285432258,10.966222856664766,11.223302397579326,11.730759097874218,11.364454781962786,11.948092651915085,14.376631790422039,14.8231856698755,14.480904407537874,14.80459637250667,14.699425060582817,15.840846734610794,14.787130052031738,14.047575974463768,14.941482690165884,12.77768730113068,12.808786146211226,14.810692859627077,8.44598634956873,11.365644627425942,9.28634333030963,11.796305636447626,10.212682238737994,8.805258409043711,7.158106274903158,7.802879703106231,7.676744402181613,9.62012503116587,9.204399024993629,8.667077045118718,7.974868427163496,7.314321194109776
10.25362207757255,10.338972520727197,11.081937321970125,10.915967835302801,10.706321462745278,11.58849389643371,13.063072616507649,11.703355581015522,11.747964237710425,13.229879779941008,14.604899513197136,14.80729041435076,15.801045763311059,16.565135240136502,15.863428282186838,16.710876017870422,17.13924005891666,12.181380523039843,13.233890146550179,13.343647642047141,16.16687136107599,11.738605068124748,10.344107728602324,12.154755155237192,11.061416063650745,7.311528751962212,7.2813442643129385,9.158760381470323,9.424832623774654,9.454651985255845,10.015359850412153,8.912816600579978,7.950931102070852,6.52915096766868
10.091804808654324,10.170640925869138,10.766433128158614,10.702598194471962,11.284071506029193,11.822804042611772,12.125648403109775,13.116153490770014,13.29740322838815,14.361006894107788,12.886554149691532,14.952701732575475,15.46245640649297,16.543382956882986,15.34695026248214,16.511231489756707,15.025277295032918,12.182024963169132,13.530934250134106,8.701274596825654,13.764718052919868,14.152367909871119,12.079841099703403,10.705231206685147,8.739407198597407,7.871570157136075,11.79201202401237,9.168833779788265,8.396694428018343,9.461352887782157,10.088337482468225,10.104173860781282,8.478299732770955,6.800556570933878
10.1688686579519,10.543509333166826,10.859914692253811,10.726655156585629,10.888932445051388,11.467839919008552,12.093999081156555,13.004582984184628,13.470976167644992,14.635378753554903,13.757553329986047,13.65862141615598,15.74989147221841,15.634344521531428,13.002742534674743,13.139893841735363,16.4327603934136,8.774903779305435,11.848363357159746,16.479276406885017,13.552092574581835,17.174431043458025,9.712361765912357,9.852818532565703,6.9984896568911354,6.7856835968633575,8.26689166290602,7.417649032810445,10.52506031251835,9.76983885160822,9.907103946936395,9.62464957793283,8.952322661796634,7.394817392654792
10.546100508044065,10.86638862413473,11.003339762607633,10.836205672625045,10.91024942538988,10.992880724850561,11.619529497610001,12.162766849512636,13.146122773810319,14.356397036330923,16.26231298183501,14.837231601156585,13.650852896875296,15.53714479802785,13.449469076406524,15.359311408150473,10.685456229936529,11.151559146403228,15.519967080536171,11.454461293290139,9.214747856848874,11.11947341461724,12.0923456873498,6.7342175258282255,9.030392269600387,8.981063425109761,8.73443205775974,8.597815227508585,9.19057399498256,9.095184364933408,10.063006907815291,7.512009080244171,7.902708540665215,7.843774298741181
10.457560208331593,10.945839178437216,11.313813026793365,11.201662546626537,11.527882375514066,11.210857705606061,11.62744812458553,12.036514962889873,13.220841618276587,13.47485759528439,13.703994189045874,14.64334882707354,14.003622504930469,14.853943244962155,14.37443253130357,14.791259124978849,13.382317004049982,13.920357352453152,15.99049213238287,13.76885398533611,12.416157276745423,10.648418958349591,9.520479526472784,9.299745689537522,10.08974024822605,7.7237581862334,9.886187167138518,8.906328265499578,8.259680610366182,9.737775796612153,9.709675935466864,9.459433341114579,9.097338217206195,7.773960035153548
10.138506131083744,11.052366412177088,11.403297369857253,11.797699733553646,11.784984931424598,11.703276972851167,11.296528776369744,12.253467567312061,12.86990403813663,13.777280102505335,15.422256031964217,12.408629311324585,12.32804130982153,18.586244139977925,12.264719271972586,12.067021741934953,10.952596531082309,17.555858277876716,17.569710675845204,12.803704551527433,15.257298857927614,11.787573592337397,10.862278826167872,8.388708293204258,10.127969959346592,9.134635576660145,9.506877999144628,10.984396247652706,8.66404871430506,9.421747960717873,9.123320838116792,8.9341507934335,8.729916903336935,9.355868243361218
10.039038247557425,10.540237057312474,11.112829273191982,11.622921147068494,11.818010915302043,12.322451344820164,11.596225549615841,11.912612657708523,12.624544043547328,13.468620094917776,11.841303571020271,12.05782802696552,15.426972512393494,17.37735940435033,11.676364250952307,10.21862721516828,13.679282293154804,13.873349506471051,10.852101010159467,13.918045654462105,15.141088236148146,9.844348471776412,12.410083057001632,7.767090570282579,10.65714594353515,9.126414317105379,10.297584509756282,9.48883271730411,9.509051917124765,10.223007263721389,9.274359615113308,9.713452481892377,9.089415909157502,10.19019246920731
9.553463476812995,9.865697444117348,10.166278726388091,10.695502017927977,11.003461780055627,11.448279112363682,11.848221858954375,12.95159985071774,13.114241225344863,8.767960781178132,10.707863790871706,11.048142586073094,14.660859458018939,18.70481273455782,9.847812432820277,14.969457345968056,14.939028341904576,14.115698502321935,14.484150877498521,14.681246630526056,9.312666950702413,9.88198493946593,9.951232289095675,9.366344042762542,9.364242312739421,9.365952236220396,10.557521429030693,10.495002268274327,10.02826486908593,9.232884258808074,8.372823511431355,10.509501761570737,10.60688298960033,11.039767113168468
9.061059654485751,8.954437188344063,9.091535193467418,9.503491031791174,9.912952520228409,10.45983127609378,11.158745930896812,10.511985337381807,12.722953523173135,4.218880559842068,16.86372500602778,11.237315277479068,14.036646810209385,24.744704647808895,21.711057275261584,13.098267373778377,13.360198642195865,14.94621740881891,15.3326571532429,9.733967741740107,10.402790851163273,7.051100974139802,13.676613119652554,7.753004695032215,8.8962459913703,7.220711275123926,10.052298319725281,8.961237838241491,10.438998497560469,8.449381007057458,9.134974027064843,11.185169991112502,10.8852597549223,10.873099888540406
8.441068962350391,9.146629965328499,8.620001365246567,8.250309235379085,8.254328095147534,7.506256978788082,7.364322776041617,5.682169123682196,3.0967524332338394,12.639231917104228,13.68630136400888,19.507472251429324,19.972696199973715,17.354682215900237,18.39881383626047,9.064241841957221,13.217331201310783,14.586510187430338,8.691066522774186,12.966906216448473,9.834188023875404,12.370296487237809,7.575713785822193,10.905844194888664,6.949934692683972,8.6507319967889,9.452044352625814,9.12250053239889,9.61538741841378,9.46716072909136,11.055843767626877,11.398434078780731,11.213947445798246,11.218370669261375
9.844264212029875,6.923231656430072,6.508329966300113,7.407806306787241,6.742735858156587,6.962324356874299,5.9987050105864075,4.698324639619007,8.699100323728128,17.79177593223263,16.664588636822334,10.825788630324508,13.089868374550752,13.065672815711093,13.521678847826704,11.786321212113004,9.975703166242232,11.712012929311697,9.326624408229138,8.798483236084012,9.05558001882214,10.270703791918239,12.83823208630819,10.729711697106628,9.000309799594405,8.122975544583465,7.019445323851484,8.535178868306911,9.034531988668423,8.892089625552543,11.324025287448205,12.065437093937105,11.794866669967899,11.308965493826898
10.788236560285606,10.749740120747859,7.959768728570807,6.588467384915242,3.694316748686948,7.008555779482295,6.325354776422606,1.4039506828464947,1.306073991062415,11.422197910161506,14.031639579702777,12.244510111722867,14.885483572637032,10.603764147517635,19.62450073529077,8.483864394730189,9.172269235228079,4.238019202617626,8.199182311830135,10.547794353467436,8.314136031435241,9.265502997357832,12.066329179069394,11.210232223521283,9.425127284459242,9.135155892594025,9.014718507957655,9.23066843009807,9.904117321184337,9.598759557460523,11.422957464124762,12.431994122113156,12.228936728502486,11.067518721783221
8.776943993606155,10.121032964548071,8.968409240087585,3.413038202386217,3.0775345777712704,4.50880632690352,3.333458574576859,11.32616643510275,2.582333077232748,3.8545927390163346,7.657241487905863,20.92259158098363,12.879434409817943,9.79546612381155,11.654766855699387,13.82668996452934,5.531166225585022,8.631609656336847,5.8141052099585915,6.36293114758822,6.520180222643695,8.232096455079041,8.321077698414715,9.262600795634672,7.204024641458054,8.54636873170688,8.408564493932804,8.12411560442203,8.914005903990516,9.758882492512855,11.111333765578355,12.49499808388396,12.896713758730465,11.717601882503365
9.358372713397594,9.03520984649481,9.732700937156702,7.490287069694911,2.572698976446888,4.237563395699852,8.42690348232394,6.3798450048112585,7.47814253505057,9.954303142351069,17.47377611348796,19.902180444152663,12.693259827130822,5.836771210591844,8.407990261630456,7.286495759227665,9.93582783227959,4.293482355851552,7.10758306169214,5.591490398085574,8.807163045062516,7.2796166039551125,6.238533772958865,7.356305393308282,5.131941448941723,7.20759164628111,9.102078922298888,9.642185552046023,9.100886590417137,10.312208985269757,11.801987129441091,12.068636566718196,12.862218448647898,11.965360420458621
6.595064848291703,8.139036949053214,8.625740209885727,9.770216148995974,2.5879961805057237,3.7392508845836674,8.351172969141624,7.317201418767246,4.013286654542437,11.571183830327035,17.52402599990933,23.698228960740277,8.132071999923422,11.794374089389182,4.985178731904645,2.8910666621235226,5.165584304710493,4.152808016361682,5.173253307592172,5.304873329586073,8.070239397771283,6.703039494645977,5.80040639658275,7.123645821899606,6.834607616159296,6.301348912554506,8.660767771484036,9.18850394140328,8.802262367972771,10.128672025806523,11.949506248964727,12.520122641752968,12.186149029753084,11.994181196095113
7.8537567043752325,7.277096652031951,8.556419725448144,7.9383673494305595,3.6909934648750466,4.751220957335104,6.557880404438731,3.6516650465792115,8.430298002021372,13.436210988017807,17.991463717716933,16.169940522854635,4.2356039172273725,9.174323242612576,10.633688626676879,7.504482365982517,2.9393178202188643,5.248230101059881,5.876475484287979,5.4473699272888245,6.456088498985361,5.58505472719061,5.681967005527173,6.519294977756109,7.375563017912754,7.8402403918633485,8.259835500740703,7.975314825976559,7.736870828261242,9.694901460775545,11.531293819697792,12.068545389658507,12.548912373771095,11.968081824225722
6.647865360330952,5.166917577716444,7.007472282593907,5.558513609191687,6.184435538975272,2.186242425016464,5.600352215919825,3.799441522834916,9.088711109854342,17.90208480290758,16.260372901134964,8.131035038295384,9.143856470706188,6.493147070179888,7.187471035695543,3.9251627971248406,4.6081776875009774,3.5435767372190075,5.478973644100972,5.7998871104865,5.590267761948884,4.808925692775374,6.4583991171797175,6.022439856485636,5.453659888524929,8.409317372900334,8.128470896967526,7.450331455286422,7.738878932809639,7.58165702408892,9.421783684437047,10.98704306990166,12.135904613669972,11.87829523044447
7.96690549794164,5.350920921571989,6.4679197264432915,3.902691573073927,1.0407798799618957,3.412040045953248,1.0869829097387993,13.046025615722806,9.386898386890879,15.689592345615809,12.496619120113003,14.796794570333702,9.3446759065459,14.661941440211303,4.605394473145658,6.075816082195137,4.689439758673908,4.249661422211388,4.651188179151612,5.58088806688071,4.932513034829246,5.809319738136873,5.620568430894308,5.874888690433102,5.338942812410783,6.847334777827928,8.090285353144548,6.942473714965232,8.311224777996053,7.300707002481005,6.798588533676519,8.319695156378016,10.825982818285702,11.253563852936194
7.119768867706121,6.387341746526442,5.3290483000324995,4.233007091091762,0.44632991463564603,3.6580975669666884,1.4164060713776603,3.354273206287604,12.059124946308744,10.617925622738053,11.139612701210313,15.66866404611553,10.910099026273214,5.71109726592441,3.635421160919615,6.220831831760369,4.580598351139772,5.627662662376689,5.364913750990634,5.078502687594499,5.77195773652351,5.243738580409798,5.949499643065641,6.088757932070015,4.226444158132088,6.25277442640758,6.680153899697719,8.19300952344187,7.646635304614229,8.257273640764431,7.6194824273980135,6.130630069918942,8.739851600941217,10.158652084649496
6.856202541830264,5.950699943963551,5.192081920134033,2.857813340679955,3.2444255537561673,3.3374771466626556,3.604033640625918,6.484900803188078,13.042318824663623,6.471473575707216,14.57808584419603,10.414573035261961,2.796693236011842,5.438091284261527,6.2183497411124495,4.628446964703102,4.668176613185786,5.465463363050613,5.92621044460698,5.292440864515324,4.797728901218406,4.614909154925893,7.492869692563569,4.370190583960774,5.361393536045184,4.885102637128912,6.192782459085415,7.6897023737014525,8.78930181671758,7.472869521293768,6.809230827525835,7.121702980128351,6.84505005517753,9.627786466076389
5.924174293975072,5.950183509417202,4.398369044216361,0.7674680812179869,1.1886276819182966,3.655227071783715,3.250053446320868,5.2734769961253845,14.981172028661339,10.810068150803476,5.474597377726017,8.322178659379592,7.690092766623758,4.932058896250829,7.901912738372155,5.067797917389888,5.639191876892113,5.208602272689329,5.195126442630403,5.129739305886039,5.865038907235053,5.0505124449827905,6.988551717778428,6.492734481054866,6.675284557278969,6.423172753639298,4.880145709156812,6.237443764348615,7.865712770587302,7.63734870886945,6.75689724591772,6.883952725074337,7.463411411832883,7.379099042857486
5.738120575132433,6.260509970118415,5.19371416661529,0.4871497940597367,2.730440047560829,4.121672432764262,3.7109410819292012,6.202557889435568,14.070338544065589,8.015361499162202,1.9491526160399362,3.249649909677319,5.880388930681584,6.374221285853458,3.834599847864144,5.885037407712054,5.72796881790736,5.584567532944254,4.754709139770567,5.972107132925454,5.142147813211122,7.013128441978681,6.152989732172921,5.732897734361499,4.94863671466243,4.643634394916633,3.8914744160307255,4.776681204644466,6.647533925359901,7.216318794118234,6.727666880798544,6.2728767066088,6.772763934187201,6.873525173491547
4.871118938044324,4.798419012481035,5.740950783038662,3.476496767493264,2.864762748442942,3.8234212632117095,3.8238282219863122,6.461999109928615,12.798503573875738,10.172371542370113,4.554629714482081,2.0340472071752265,4.317411736386007,6.140884855513931,6.8317713512707146,5.88819347419305,6.012009795933898,5.652156781950743,5.821340625046521,5.288993737179941,4.93465709494006,7.291485926266242,5.172625537508204,5.321420047987334,6.501769260118045,4.509177002592508,4.36387095816653,3.5730973939490145,4.791733371729039,5.480340529487166,5.5954637558430695,5.899077012671216,7.254845320688757,7.465010144057774
