script/wind10m.json
{"header": {"parameterCategory": 2, "parameterNumber": 3, "lo1": 6.000198445256149, "la1": 58.999992894266676, "dx": 0.5, "dy": 0.25, "nx": 22, "ny": 24, "refTime": "2024-02-08T22:00:00.000Z"}, "data":
[rows 0 to 23 of 24, columns 0 to 21 of 22]
1.2905003124172414,5.963428121601494,0.4068921040119425,-1.4281602482338296,-0.8669854940806072,-1.5524806405567069,-1.101455647916427,-2.0931810925130376,-4.835080897610788,-5.93351592343037,-3.5629924903322676,-0.7803826282525265,-0.9476489686246673,-1.6664035136636293,-3.640915590178872,-2.3700090912780034,-0.6972883475162546,-0.8387584380055163,-0.7693458686378266,-0.26943071587678985,-0.83826325890735,-1.0277896448729003
2.085329927437372,-2.2147567743728924,-1.1562900062331818,-1.4097488143635641,-1.5799687065914654,-0.7367595321799961,-1.9476894603417483,-6.61725544728023,-6.562703702189565,-4.096870268457541,-2.881388642764216,-1.2801651832048977,-1.4499376028431,-2.2646868806307183,-3.4988466935867826,-0.4380354777276655,0.3862861821771303,-0.11976292716620322,-0.12423739989723077,-0.6128328185795249,-0.4643348621136037,-0.3096170583143356
0.17167900565065822,-0.1839798214770438,-0.7321438745386574,-1.863080268542396,-1.926326768032219,-1.8084406692494748,-7.190378643868524,-7.4845690682356825,-5.223850598603459,-2.647034564842288,-2.5738064462719628,-1.324436124446282,-0.9341215135966332,-4.009723192912307,-1.2390042128005274,-0.7548537715983166,-0.7139318064331953,0.1602779207483824,-0.3974930351132058,-0.7660491492523693,-0.3365185225772893,-0.6086905956518418
1.1628179949363,-2.205520337013521,-0.2593049774774998,-1.7269491579850287,-2.7212860502604936,-6.260328231372942,-7.753865638462089,-6.363010096972917,-3.088680457779193,-2.158953651055611,-1.61511964985899,-1.3406961060370786,-1.4129158331024279,-1.8119489894029268,-1.451245556255669,0.5175951878858908,-0.7239906565969312,-0.1429337232244088,0.051807898661491325,0.09161719629474037,-0.06047800416403406,-0.5845262347360879
1.6049706128357097,-1.0951229935797107,-2.1874135251656575,-3.4656028125954625,-7.257995185532428,-6.885939414707311,-6.17956535819152,-3.8590025237483725,-1.9536954293334148,-2.03530310632353,-2.219326730858396,-2.423507366917221,-1.1536320059474918,-0.9578441462773741,0.7020869931976021,-0.4611247388783123,-0.5080375584506601,0.1549233586370014,0.3894501324044378,-0.08240856991922921,-0.7476322496564275,-1.071982380628585
0.6981323014477542,-1.116322900754598,-3.5349229263583024,-4.7763698412727065,-5.637781737402084,-5.394786879739122,-4.26286492446156,-2.804372553452674,-3.223469604955366,-2.110743354932859,-1.584300630376924,-0.7309961538758579,-0.9722356582522965,-0.5518720250892757,-1.0206669449544201,0.20112463491964547,-0.008369006435187284,-0.0428443023832511,0.2532327295664934,-0.6840534056055195,-1.0364540418322756,-0.8979580715236435
1.2004617990676767,-1.340730402346813,-3.136129765130743,-4.204894214355944,-4.219007892552468,-3.3194328006096754,-2.8010951121045564,-1.9304726838013129,-2.1842584752244343,-2.244638303053434,-1.207679263569869,3.2704148598957286,0.014299255288363491,-0.30409789729135106,0.4248467063973544,0.07987772823385182,0.028301642017160494,-0.06569466534134887,-0.3792005916346888,-0.7673471906906133,-0.9559136688707275,-1.2443695838472626
-0.19998304414215679,-2.2465375351686028,-2.9965183567246245,-2.9124837489936595,1.320218021347558,-0.23447901448160371,-1.800588268030767,-2.41702384186069,-1.8740415602942635,-0.8052867072193458,-0.9938549254858005,2.867757611290959,0.5555308014830738,0.0423221297406811,-0.026341282280970504,0.2611599893450355,0.11585431014235043,-0.28192469171529255,-0.4154736744293886,-0.2403411676408493,-1.3544290872744882,-3.0653271760332723
-0.912423353709453,-4.004453851328211,0.8105998631863631,1.1585498855245662,0.8534101897695706,-0.6568979458271396,-2.2515178227567625,-1.4406000235232648,-1.275815587815745,-1.4384974847712453,0.6130577742186547,1.1835622760532571,0.5669961151904661,-0.8722050580114308,-0.18873208621225213,0.45982537043156707,-0.050919999743181565,-0.7170837013371593,-0.2965836846009586,-0.36484376193699203,-0.9585447189236127,-2.288612874304026
-0.4687809731282154,-0.29408441692854265,-0.634353318729409,-0.38295425573654773,-1.406197773350427,-1.2336991712784948,-1.2163860652281766,-1.7850042344765022,-1.2615072901569504,-0.46958096365795043,0.21667661423347645,0.9166679021573942,0.5735933499645445,-0.9921618511441236,-0.4496442939226804,0.26169008713737935,0.16968521655665292,-0.43232333158593494,-0.48780562721464243,-0.9079238064598724,-1.4780287434867163,-3.024943753976321
-0.39855036932336496,-0.6725521469653492,-0.4892770161676562,0.11102311593354468,-0.577629949667369,-0.9127416154100686,-1.620227826798316,-1.3219496918715719,-1.5151885216276435,-0.2616758998227199,-0.17031750692630912,-0.3682126332349638,0.1493604571842508,0.5519949653621765,-0.059506145647857264,-0.20180532907697402,0.1129321706784615,-0.1872451961306504,-0.8970780926032039,-0.9630755680092861,-1.3492846916485897,-2.83487877312485
0.7037395768128282,0.6325750405801293,0.6223245954700515,-0.8640700887724158,-1.4757934255846346,-0.20084582120718386,-0.8320708168431874,-0.7559722308493321,-1.7685207198315995,-1.0725065291135125,1.3220707986738953,0.4565812358300315,0.8806116330206804,-0.177367665421885,-0.3848377220260446,0.2886466275375811,-0.2845095912875213,-0.466896665862779,-1.1630613558811485,-1.5420229746439316,-2.0505507304939177,-4.743420399777868
0.45318673479342786,1.4508336117386191,1.856375874840999,1.4620854254341096,-0.5811622904623771,-1.0590106366455063,-0.9346650798562524,-0.7160548246175289,-1.1312331984821304,-0.39379666542186137,1.8821565665879243,1.387893984067731,0.2231122504308132,0.22095936962366794,0.27335774541071545,-0.33469917122808096,-0.6730846136174776,-1.7648724487969716,-1.2992974438392724,-3.056662031940703,-5.294276456527173,-6.158771424202772
1.8722239615458844,2.0640247386713066,1.3709949641144015,1.1139188590310956,-0.028510934833055935,-0.6662698855570682,-0.3054935956942811,-1.3025719023637816,-2.3959576929415163,-2.85656192098283,1.4521109000472163,0.11843208226762217,0.14329659323106625,-1.087014545280433,-0.8319184079428178,-0.6432733540422673,-0.9145197084860842,0.698698520756334,-0.4301095321092635,-1.698994362252659,-4.567215992774517,-4.516600399188785
1.777717422164091,1.3340641574834335,1.1936569842671738,0.8731807332671135,0.07133860940549952,-0.7131845255147433,-0.9882222509531455,-1.2709487728111315,-0.1576025812723016,0.05483771801612087,0.26331248417665337,-0.3218460694065606,-0.4595035400917812,1.226487118334226,0.7231774312183628,-0.5200795252219769,-1.0918813850259628,-0.3171142824779802,-0.026419208144044838,-2.3531800378204277,-2.5793129625704228,-4.580733738423487
2.6591498449690874,2.6834011347117137,2.164750908434097,2.11240524450591,1.147636040983705,-0.16821930870172222,-0.7552637698475503,-0.8639458800013805,-0.6612974644889705,-0.2796899432080161,-0.430451378197274,-0.8516891425345468,-0.4993032109087181,-0.0935950131083305,-0.3364916713564357,2.2245669968384285,1.553867673241467,1.0308597142037934,0.823727407308913,-0.49182498065774205,-3.142975481499722,-3.785037118505379
2.738918624703834,2.7380069122862305,2.6235669313918693,2.3293460986122136,1.428222306161749,0.1465593498622362,-0.653328404230275,-0.2447947796966205,-0.7909977602833603,-1.2352596740245998,-0.0744001056471966,0.8101467299071166,-0.4905025013506014,0.014654965419756692,-0.19507621138102324,0.7962135776807372,1.1592983430296038,1.3079617354248994,-1.2028084647300747,-2.186617046038414,-3.2885960140286103,-3.4722422509444715
2.709636335024352,2.4285556224353058,2.5590116436058903,2.5497066929502528,1.88421614985796,0.7655292998438539,0.00854562746045385,0.20926477840224966,3.495205698980817,2.2387399416198885,-0.15772845910822553,-0.13745979281104964,-0.19474525738498755,-1.1428493778793194,-0.16319017464548297,0.12084884554901781,-0.5481367435910774,-1.3409760431669577,-3.65673075550888,-1.5477509237711773,-2.547576004883451,-2.7240613374328904
2.649100940018621,2.770920011016274,2.744154940946934,2.2851781106909317,2.2384034311335363,1.8331951809849827,0.6097516805596673,0.5792306292487389,2.036992846601258,3.5300102505550455,0.9007112508628986,2.2657061290410807,0.7079601589185516,0.47981793891814467,0.8050638316492031,-0.4293317785194938,-1.0341446164092432,-1.8370721257026295,-2.4576882867118406,-2.741688244182496,-2.3146564280351782,0.2400669208885165
4.007610877205931,3.9344553488538714,2.9857950912631135,2.704853877483744,3.101149546621331,2.3920988124053064,0.11330199571792969,0.17145760010466413,0.6771031263084801,0.8352974344759343,1.012200466077232,2.3456084165667215,2.011183345530821,0.3537749222161746,-0.08555634431931429,0.6223987125997138,0.21420086358887777,0.8146570284385966,1.360112204641351,1.408926564732061,0.8912866868699232,0.5273834043484354
3.5943097098963617,4.306806894940544,4.805063188405952,4.242207792571449,4.114887767791322,3.0462392437691115,0.9046926987494475,0.8286663894646698,1.2194197938645166,1.2077215286613248,1.7051208764529542,0.4392784874792865,-0.5117547491830191,-0.1654097406080673,0.1299338439354071,0.8793530337370125,1.1493808386957165,1.7004772065394778,0.4037571186339141,0.05206920790186168,0.30681310732505596,0.7402548849698012
2.9487748679049854,3.085503323250806,2.425804744220444,2.9893352280633008,3.471860586222499,1.4446378345924265,0.9602459228426621,0.8955371585031255,0.8421258377213274,1.1437417663626426,1.2176175992423057,0.6260121402387574,0.4212734397686561,0.5358266749051288,0.8333657127557544,-0.05868116262689809,0.7028263640465366,1.119421169739095,0.058446059218747376,0.3035294650571176,0.8880082508081631,0.4698807012293025
3.1674042280361725,2.639784539814897,1.2212372987272377,0.9388173889075389,1.1714281027553508,1.2213890620696835,0.7334197765778723,0.445044666007025,0.9081367512000899,0.4702550296302757,0.5051990777663186,0.5280095880774476,0.13134728804002466,0.5501747594998844,0.21046625634984778,0.8446838659020229,0.6063404252454783,0.06498591210982703,-0.12009695481301383,0.32709635615819593,0.06140055984509705,-0.2079243826666006
2.078305140318425,1.2657434781841548,0.6101524585718092,0.05633857585656154,0.2373277098342779,0.39902629360115816,0.29767180854728476,0.3032447849543953,1.125915054790029,0.7730317707357547,0.4329166419928919,0.33550885562250793,-0.5731650011805365,-0.23121796891629803,-0.09845243072642616,0.5824173495842528,1.673958817158031,0.1273288869629724,-0.03612317025503414,-0.004927769706080502,-0.2878040089715823,0.4415371639501036
