script/wind10m.json
{"header": {"parameterCategory": 2, "parameterNumber": 3, "lo1": 3.000054539987559, "la1": 64.9999836372058, "dx": 0.5, "dy": 0.25, "nx": 34, "ny": 52, "refTime": "2024-12-21T08:00:00.000Z"}, "data":
[rows 0 to 24 of 52, columns 0 to 33 of 34]
5.000234421093785,4.930464158415721,4.834664507385114,4.659616525586898,4.583743412372145,5.143367876991044,4.603820045544264,3.7474347482345403,2.9866344889139635,3.0731474338082587,2.9583776371000603,2.5075550399570656,2.588574607894727,2.0203394509051424,0.966470401952392,1.5193913868617763,1.5733649033371953,1.4630243914323546,0.8034150640943494,3.688289643517234,-2.328873805855892,-0.07930380458654056,1.5474255516718587,-3.953629075635388,0.37516650544329827,0.19963572903328858,-1.488739401300293,-2.5849227696447765,-0.0061175806220278815,-1.0915042920707188,-0.8836927008118368,-0.015870228638032023,0.12282248799136053,-0.719766834097616
5.236638455175317,5.123221982969257,4.976579683315632,5.038411196972033,4.818799980559825,4.330595165586127,3.9077398520663573,3.804763644382088,2.7837148186510503,2.489052124580963,2.5527237342613898,2.024970701386651,2.441570183681449,2.467047095636964,2.7189369168484405,3.0420460088716017,1.0950963128967999,-0.42626803047096834,3.7193280562976705,0.339689206952647,-1.0237935379172705,-2.2173521593983896,-2.479295724986623,-0.29266542732479117,-0.16579342567910563,-0.7428026782051805,0.9032440691434603,0.1700467035839719,-1.340839575427017,-1.3999345795672153,-1.2920794169909624,-0.7526402556138665,-1.0051666428070791,0.29096716223890295
5.382454465678989,4.920402445720578,4.8679482985761195,4.596489456454207,4.29097511886446,3.909570362172738,3.5399967239275245,3.3559520673926087,3.2427477757203347,2.714191582733821,2.642667901803682,2.8512160138704594,2.5625882247675027,2.330356709691046,1.758236452402537,1.9890370223307703,1.2245839355866892,1.8604880353292572,-3.4091287977409066,-0.34390862967901703,-3.191671004421726,-0.8424081516710579,-1.293010657191505,0.4021886052416808,-1.0309948251122552,-0.0809378934877435,-0.4905944977999699,-0.27315299094616474,-1.1803464913003172,-0.8394709904760741,-0.663600453974752,-0.02241214872306374,-1.139134792710276,0.9317166750274594
5.810462511328693,5.914384063021403,5.2046846927685975,4.99507680831862,5.114473710663419,4.71090036665861,4.03094502690518,3.6243732092090233,3.188006871985545,3.1588660512320437,3.422691532747024,3.28779041945965,2.865074882350877,2.204004071793938,2.204166571123486,3.680800159734403,-0.4796558474113528,0.7421221729105822,0.5786675690127216,-0.668468191735734,4.204135600756415,0.8566467399836121,-0.6318497037095788,0.8821294198003246,0.22978947365105926,-0.745987554787498,0.34332313244562335,-0.09210694583754224,-1.4553099701367458,-0.5300596899637414,0.14597211460280654,-0.48974982591827987,-1.155124777793177,-1.78320216966616
4.539502288280477,4.23900628488208,4.1642948012501915,4.499835631072357,4.551976704205532,4.664830272121756,4.423408048594085,4.153954448442177,3.821885636118778,3.3272113865495507,3.099241322614723,3.085761626684522,1.6469269663996142,1.7776511031723892,1.5884256121960152,2.2278742881857334,-0.8162261883355832,-1.2105218739054382,-3.806135685693648,1.3280014970226912,4.338652414298851,0.9231707328337417,0.1989855480028346,-0.9204505341531801,-0.3184689075489149,0.05836685611214247,-1.8215465081868214,-1.3396157476034531,-2.0333872264411417,0.6980062260173874,-1.0658662882414138,-2.344049770028955,-0.4204091450650512,-1.9730503578493883
4.46773424937478,4.879420969713237,3.8766999927909414,3.255219484994758,2.917294383159929,3.491935753928528,3.711462868260289,3.6176374350862908,4.341456104006024,4.172610022806886,2.8535963052516924,2.638685496785676,3.2902526920977735,1.8158655129534422,-1.1308971663325873,-0.6038585499367845,-3.2276099172514567,-0.5768557107599127,1.5299216936897875,3.037804143290109,1.3175348501990742,0.4658325018962629,0.6900758214529025,0.37103328970694505,-0.16756783413087128,0.06970139624606478,0.6200373354578874,0.40310376708134965,-0.3340263336486653,-2.239342148009302,-2.0387520438201165,-1.2898058973153772,-0.9708053634562575,-1.5705917233849973
5.080716903106756,3.753690537908682,2.5191964905291755,0.3551591947672106,3.92934720941637,2.5052163956396227,2.904852625691981,3.492237267219434,4.570576415232931,2.6558449000234203,2.6287147066891174,2.169269666939396,0.7651461019480805,2.5409394086356003,1.0445811665360998,-0.6892604512739887,-0.3110216623983125,4.676689873356706,0.7636497114573421,1.8744743744716532,1.0462212280321517,1.2730486813093667,-0.03993866088004046,-0.601416585056854,-0.741511766563035,0.13104988625930225,0.2805745862695248,0.20495841728078515,-0.31866900287505595,0.4795178720377186,-0.6123860171890396,0.7034608097560834,-0.817712633783953,-4.032462867615843
4.429125738746272,4.458878484762111,4.327001515751468,4.23834066452913,4.142167722648202,2.9921334791932663,0.33037999089345155,1.6268743422497927,2.6879281205664007,1.0742760951760983,-1.5274499762435676,1.9017551052516326,-0.5899505312851615,-2.0978314123809043,0.4375948403539744,-0.693962545153242,0.013998694756567778,3.8887609404226198,2.564681875174646,0.34876930442612825,0.42301426946243004,0.3001084267959361,-0.06549639687666499,-1.0545593999115508,-0.18975359679835405,-0.7575153918859228,-0.39745771868652574,-1.049467269663278,0.877046738615363,-0.7444438314502937,-1.7343829576300527,0.20558813944650312,-0.6040619681352614,-4.909048808804583
6.740081895139482,8.359362485056957,5.773892813829463,6.505558366847371,7.0038334882514075,7.2997985896531805,6.926870243180117,7.678988961348947,7.78278635414548,2.9353524936721063,3.3596798011988893,-0.21219823942986482,-0.6487589598315286,1.4947286260978507,3.3089602090033567,0.022964190080744743,5.098458921535616,7.579244364643466,4.4641134033309156,4.03918187467009,6.949605081076383,2.6887228570044814,0.8636539413475153,0.8050809253781863,1.2384553401566052,-0.41745399607614464,0.1926070698440987,0.4357179895235424,0.8872915395420925,0.15458501790634013,-0.41508356663137186,-0.32629496378675943,-4.107848681365283,-5.36336196130546
2.5326659695342295,8.861355416990154,6.535658252408598,8.543017579180702,8.033725486814733,7.578947609883834,8.788830646850524,3.9010269872817247,2.3856478708908972,-0.7889591496933943,0.5240080687448945,2.5634828206357416,4.350558867854829,4.100169891346858,3.990608708525261,6.948709338122815,-0.9921222651618258,2.5891664496798223,2.083952748644817,0.9336004570731958,2.0033415027958337,-0.009604865905410879,-0.5583951853778713,0.3175416383221507,0.06728727619336683,-0.2500248913958159,0.337531714700578,-1.5123881580370013,-1.411531454658167,-1.5318438051334606,-1.0066948492551158,-1.046597810259557,-2.5142199786959902,-3.767109405342171
2.9446665223541757,8.448918867087318,10.212325626201572,8.776341253659647,8.383548310444224,8.979516821107543,5.092687100687028,-1.1202691335427404,4.692386040569975,2.2484548348932267,6.919124347128535,5.719889423536237,3.123046459189082,2.080178375004804,2.195385663228214,1.7072469786615903,1.5268737411623827,1.476827442215569,0.5324772045633832,1.2016519636303282,1.252582910171488,-0.7179300261824716,0.1287229307172272,-0.0669382784612876,-0.007227172240260176,-0.30112353225893046,-0.058213520509897185,-0.6991966479128692,-0.11405191132224243,-1.156588024039479,-0.8860760111538729,-3.2171136171971417,-2.9905364631376044,-3.340961759835399
9.37201722997275,8.918691274628207,5.140579646498191,9.540971598427335,10.632335409495102,3.2397226650692024,5.08992333525147,2.1663630170772192,3.0169789684808492,6.085336381825592,-0.0403553047023953,1.909261405978193,3.952539662067911,0.15513811249728487,2.3853308056365803,1.7668013118844286,2.9418827897371065,3.573248619901833,3.834677189621088,2.9557911311428913,1.9863064287791687,-0.2833338927601565,0.7747043027282629,0.4289444282203646,-0.42527520121906764,-0.5068939799103118,0.03845377504029123,-0.8233135036808137,-0.4122057990156099,-0.8518077059158939,-2.627672115442783,-2.9030285678451966,-2.7791193142410626,-2.77355820784325
9.603642825989931,9.231666817785124,8.360628379382806,8.79820717472713,5.1037863370936325,3.238337306584516,2.374085743104504,-1.0344788411678179,4.938900128775125,4.492206682135884,-0.5037415004488175,2.3782802481756207,3.7736474458106057,6.152202817266389,0.5925056671923008,5.299698191321454,3.1813357492868524,-0.3063141627404781,-0.5981291727444233,0.19598231430537652,1.595029442058974,1.194786001834212,0.6673367631086404,0.7951284189450691,0.309087246074802,0.20785407338567546,-0.36187289727357846,-1.123390527938336,0.36400830904285225,-3.9596585523480865,-3.853276247183748,-3.8362906537960524,-3.7441942216086828,-2.948105525623233
10.225969592661139,9.491001146123772,8.800822036941494,8.483382648342168,5.101179699950627,6.3092232692141375,7.422084684841895,1.577892745457128,6.957598506284671,6.299796224235553,7.501649982375909,4.059945758360244,-0.29363044992431364,-0.37409694586759473,-0.17169815509858416,-1.2398750501844749,3.30429665709384,-1.0617761143608144,2.1171857959300406,1.090048459303024,-0.21612278059387377,1.515950433662878,0.639239720893705,0.5162303406604996,0.40054207615067194,0.5418645694824353,0.20697291032679668,-0.28926485173462446,0.25370320954323344,-3.8993308602904757,-3.5810724370229083,-3.680083511441029,-3.4469297051834324,-3.258805372808386
10.72092221702836,10.013478721768895,8.766376770604637,8.007880340423203,5.0763856545814745,1.4309008648905308,0.07392361082218914,8.62370808226853,2.396356100921445,1.2887260917342531,-0.9490937514205326,-3.9451075252291936,-0.693643968201738,1.5355765147784004,1.0182533016335649,-0.7906524439198979,2.7189948275041447,0.9570304856091048,1.4507413631222605,1.4094682178864382,1.0994268087074213,0.8617656163187438,0.6424100375490133,0.3927995878881234,0.5201686086552477,0.19414991219633465,-0.0941940586978025,0.2086247388039865,-0.8585802458102718,-3.5835781771535324,-2.5342585604356853,-1.7932108078008808,-1.9925219530830145,-2.401117316084452
11.05697151536032,9.897104719190349,8.884592733818325,7.747478410726445,2.9434869957753733,0.6657965706686252,0.7854289817120184,0.01868170965837935,-0.7082909312028121,0.21935541942516215,0.31186167198209497,1.2358738042273145,-1.1711656000515505,1.6118441144906501,0.5363418769071802,1.224602203404674,2.8758238183757063,0.5072812992157002,0.9597236946902005,0.6789564060718221,1.4211048748557868,1.1947854072377169,-0.7331089455013005,0.2981307624226243,0.23024423192632143,0.27626842968835613,0.04759488521366165,-0.4653721128024824,-0.3538389052536046,-0.9345901204678447,-1.6749085838929705,-0.8550801079995756,0.4534566963770705,-0.18928465585711618
10.810058271852922,10.074138689030292,9.35971689227766,8.019449038347274,4.279598017462007,4.120908720666808,5.453986252219984,5.083795711849497,2.6335836842022413,4.823779639077446,1.7939089474372683,-0.8695558146823514,0.3444769661041064,-0.35849219209393607,0.3174686166363986,0.43437716058744136,0.7117918860324084,0.5799766189421532,1.3176770117268914,0.2491146608697723,0.5929631569139919,0.7924925871643028,0.6245821952626601,-0.45285472893549333,0.24903407687412898,0.16819686078008922,0.24203928089610746,0.22793868576474163,0.5121689641287649,-0.2564771306230128,-1.0969472959839084,0.371345344849153,1.4426631068053695,2.0949940698122167
11.157275789013491,9.785648790780888,9.197364564904813,8.572726391021565,3.8510578837245637,3.200895059163238,5.012688316533008,3.9616473290627625,7.624018428139526,4.260110317371956,-0.08891500732656121,-0.3333780862465078,2.0071273790589093,0.7930014521066546,1.8863561810621996,-0.19217535536648825,-0.8637341807312552,0.3964400731638955,1.082994047324999,0.6174989671054151,0.7405213015102058,0.39574752810608327,0.37895741265296234,0.4953681779212902,0.22614225796054488,0.007599437838258832,0.165531917015095,0.14103337370997954,0.32307106250986967,1.8747606543635185,1.3372994317998919,1.231917421328815,1.647606822408223,2.486973252522925
10.96775124891751,9.488078056999763,9.924016951832138,8.947229649455165,5.641993131118786,2.2894732094448087,7.0788266796719475,3.928193639500654,-1.6398826283909211,2.281971808873441,0.6723614543533332,-0.3680728719392322,2.3513629476574867,2.812807077417926,-1.3227059619114125,1.052399370954646,-1.2025694797181852,0.6964879193282734,0.8485278791983912,0.6229210358514027,0.4868040426908325,0.7813132094447613,0.47679402266186405,0.3358093215241624,-0.27071066261320575,-0.5268195359673398,-0.3258507888260823,-0.6465701964790822,-0.14659611090538008,0.26524128325138097,0.8227080217774811,1.5149285716771825,1.567332863879522,1.7503645206768847
11.497278767047629,10.570157214202897,9.540161104500044,8.919176805254665,4.11500864385007,2.340260520513902,1.537431488647172,5.056309869098903,5.704768642706946,2.336221058953719,3.869666922103104,4.656989587674891,-0.8949654934561979,1.6179364741881657,-0.9974300323027465,1.9763299896983388,0.33751116164155126,0.21886355962017268,0.6473808498091734,0.5109674595092936,0.25276678146814474,0.30392064542529934,0.7969322086521023,0.6010440730079739,0.2803712040149056,-0.03405324045676288,-0.12141567246860813,-0.7384073407043261,-0.4830751061317987,-0.21350763346812238,0.43213924996836467,0.49528769353309887,2.887636374563072,0.7244474733148515
11.784033329041169,10.957005020373183,9.824966874887975,8.832960560413346,7.85707075236797,2.0475060785182886,4.315155528195063,3.6591214057621912,4.793318754484213,3.8691926855653205,3.2135844411895285,1.394028181293203,0.31697451309851715,0.5713965362188773,-0.41367646254579,1.239620539846783,0.3560914470175164,0.7558007501176319,0.38016780876783335,0.3467181468252019,0.1722257670759137,0.5477613555475741,0.22379736125195,0.158946785876838,-0.03283438214758998,-0.19436363223469952,-0.45897489069230213,-0.4759109347830515,-0.14876313312907624,-0.008752950468908567,-0.2102585396026678,0.5434318804933065,3.7211232022714182,3.198213100811055
11.679195309727277,11.03472873941236,9.797855556728008,8.371750344625818,8.014624473815866,6.302904526390878,1.1436732106310656,3.353685238713677,4.573373392168149,0.6456142893392482,3.108687248129991,1.6089880506193073,1.6560059962906233,2.0015970059636348,-0.7111402788971153,0.47856289495452836,0.6419389117485482,1.0689253089568873,0.42533694845661507,-0.2018780789717647,0.32620563732038793,0.6769184222090803,0.4356596619574925,0.2841222988916172,-0.4332265037518594,-0.3403934719631734,-0.5328049543261961,0.352089089675782,1.1251963466745663,1.737327637817303,1.4782518012398511,1.0314994106400774,1.0076610383844573,3.533082791997128
12.349114841193833,10.743699809314114,9.708511003688942,8.531929943661561,7.379359192749134,2.995178773273114,2.985673526173535,3.2354560296489474,3.4463124939332954,2.870447331405163,0.9682137657606522,-1.488924096790537,1.8874436154004726,2.430445009229629,-0.3879330566279842,1.4562080673193867,0.7840224882747019,1.1326578069032553,1.0493805948698405,0.21660101061118703,-0.3628485506332565,0.0786344454132715,0.3609441030376357,0.05783661087023719,-0.41328871671211237,-0.3105699294323736,0.24227291922113506,0.8470925812772631,1.1007457295068714,1.8944410197766153,1.6659479779424065,1.92377389325766,7.319114286077983,9.026004410269394
12.04194881654957,11.23820082688749,9.52052661891322,8.525565929558022,7.168527733251885,4.0061139356422215,2.6626179316249496,2.8212282434635085,1.8280485411383975,0.693792381409941,1.4993725036577423,2.535180709590899,2.222940710760372,0.1260286397426181,0.8986943814290526,1.2422931141297429,0.6819990663747723,1.5217865006090994,0.8633148904480795,0.7330956449565735,0.9563636645515691,0.9680623999208557,0.9393919181393234,0.3826452260049598,1.613677616263065,1.725652579779492,2.3002663026268504,1.8394770355409622,1.9250793559916362,2.7774445934117935,3.0445939625208895,3.064321603755108,9.847489492487284,11.207360855670123
10.786279348909732,10.744272514029626,9.703279333303843,8.735435996693647,7.187021834625609,6.617936337611808,2.8511821378044195,3.3344433660442285,1.8310549173453348,0.6941098383042684,2.0359462596430915,-0.2053500390136458,1.2852924973926103,1.6876264635028435,0.8330224613043659,4.134615001414973,0.8891948340674092,1.3869168619015355,1.0640130880572276,1.0764739353225337,3.774993868577272,3.882316795861618,2.2941458945295405,1.1945189937526801,1.8590150146289148,2.1636990103625617,2.137743134348949,2.155415144278643,2.1760657734548317,2.6568064289738302,3.4006706021294932,8.365381460210376,9.85381020094877,10.615111283966439
