script/wind350m.json
{"header": {"parameterCategory": 2, "parameterNumber": 3, "lo1": 3.000054539987559, "la1": 64.9999836372058, "dx": 0.5, "dy": 0.25, "nx": 34, "ny": 52, "refTime": "2026-02-28T02:00:00.000Z"}, "data":
[rows 0 to 24 of 52, columns 0 to 33 of 34]
6.308481108825649,6.441214643858842,6.427878034793992,5.682966178547817,5.077100896739314,6.4301057478551025,6.929596360867649,7.4142076559739865,6.325789736132285,6.615229126713981,7.263305664443784,6.73011627881561,7.555556929379039,7.0099223171471525,6.105768735733186,7.669786493263867,6.593057426378983,8.303891497672344,6.2236099366605355,6.475595746565855,5.917132779098228,4.525413051560828,0.6474545814863449,2.565174727387939,2.38075101005505,2.355952929337362,1.7035341139566063,1.6542106472968834,0.243913631562528,-1.8165413377303186,-3.2614190371106866,-2.433095139195043,-2.929959126253227,-3.5952606014955673
6.599274652163329,5.644750321806961,6.050341757395588,5.490495069536859,5.387795920719364,4.672221209821611,5.055691430817131,5.820222370920786,5.438342317588152,5.719373769320743,5.298298876584348,8.142240654405828,7.87949142426552,7.8991428327029665,7.307241378441086,7.12232954108143,6.857711027865267,6.9806561674624055,8.737898123792437,5.653181612918116,4.943156106075759,2.4922398777712824,1.518413474166144,-1.2149695934938165,1.4265532871000532,0.2816934705359773,1.5812185281030462,1.5584268950486202,0.33742753403583803,-1.6234434978005485,-3.4595503663746383,-5.077611228151904,-4.810086308426662,-6.0021095377860165
6.364119559292495,4.640165322832088,4.508280811374901,4.488558846252484,3.9778213465432057,3.6232759147971008,4.3182738307374455,2.75808970422311,3.240404715744711,3.6512453671488974,2.660198401435095,5.256394549653191,8.654737301490627,9.726878426764843,8.680812996038965,8.467278735707831,6.631332185480896,6.863752616523774,5.516319937881387,4.459424005331353,3.825802538265115,1.5025564914096563,1.0950327809537101,-0.12055995007111671,-1.7378298647724428,-0.5996157032253927,-0.2039433727787559,-1.2066818275134914,-1.4384875820089122,-3.9112002079957886,-5.017049608309024,-5.443428974272738,-6.376978874074319,-6.761645192194735
5.379491194049595,4.231197092705453,4.084487701703983,4.056699789491744,3.2949630829468353,3.6648857843653717,1.2796990461495217,2.3388538847982687,2.714147212814217,2.93789135653114,3.004402309814814,10.375795993809414,9.258821078750724,9.0468674249104,9.311010537966693,8.948197347710527,6.282063637151299,6.475959295411033,4.898003474588909,4.578250815845997,2.599885584202222,2.880271581465164,0.2088094902608128,-1.3970030469876622,-1.0840578308471154,-1.140274575219669,-2.0614231231992433,-1.2618853995853694,-3.543007758864015,-5.099341100326613,-5.362698675256788,-7.213427679646729,-7.570486789630382,-6.59930147840527
5.012933247209181,3.9148749066396116,3.493417426255671,2.1930656727845337,2.575364245619239,0.7229159827895458,4.080053178653567,3.1676975309160182,2.6051640967440703,5.795998526237676,10.351631184025878,9.88656076986402,9.439569976568256,8.990031905422168,9.077943981435176,6.811365651598853,4.8859014090621775,7.029746628517296,5.53495173429243,1.0862267752416543,3.1608949542539504,-1.006227747802112,-1.2170760448471252,-3.923827069962276,-2.9233041694523525,-1.1072942578112313,-1.693022081215332,-3.9003899143626453,-6.451824963513883,-6.530591232650084,-9.278902752586978,-8.442170119272841,-8.258739782996875,-7.316524239690943
4.289903634436571,2.916924456431475,2.036975109246982,1.2181924120403795,0.05061722176066652,3.9344947790507785,5.316557627107174,10.29906123121334,8.720811003933735,10.106359100943537,10.575870027866246,10.505880872978974,8.837113160638413,9.100610810928298,7.076666734517996,5.451371348667786,7.439622488681435,5.163336271567258,1.7269278213892982,0.9225068674668355,-0.8381393674970815,-2.2044292727381998,-2.9406310663305866,-1.7751434258388525,-2.4661467182408017,-1.7701461608562215,-3.1629565263475334,-6.469153505157633,-7.069382639825979,-9.407535932616131,-8.511250591745819,-6.101315800593094,-7.283045775035675,-7.016096187833133
3.2833932085042528,3.780958628114201,1.968317723370471,3.9666746472442194,0.4259959570108047,4.376587838644648,10.497342600938872,12.041572124642348,11.992975489801028,11.439040364433005,10.755535562938027,9.365862326111946,8.28210880309063,7.3807321079209585,6.09047399782314,4.964012762797501,5.559931444333415,3.7434668563447437,1.7784976433376116,-0.5284573987604686,-0.3782416186554742,-2.86173175875557,-4.194018383837247,-4.204472125912251,-5.470773826479946,-3.183887939449032,-5.468391076377073,-7.236067185577886,-7.584026449403799,-6.91085531057918,-7.289084418824121,-8.136677076736493,-8.038564514637974,-1.3026025938091548
2.828149892240009,1.8634211320168628,2.188205416732566,3.876257039149556,2.029504345783482,6.937564330896417,14.405780098371892,13.693351801464654,12.618711206851183,10.214166755148678,10.157812707349407,9.157952159959923,7.630930614928405,5.521716361215437,5.50699879703366,4.863088284308584,2.5895547893783952,0.5624150605438605,-1.368894888849885,-0.14003919658018713,-3.5235162203426844,-2.4446558920984702,-3.506209677373229,-5.375969553203817,-6.806155677992468,-6.004124353649485,-7.24310684093738,-9.29707212600859,-6.0890304379870175,-7.171483203081783,-9.905047942774898,-6.797215597033164,-4.246712493512235,-0.7540697343811025
3.039345855909304,2.4299149424242703,3.5529823406578975,2.823540810963934,4.102012209479026,14.20494892246559,13.713134692731781,12.92379124743382,11.925639981100536,10.852943277494003,8.539908831051433,7.21886680294875,6.422159160765298,3.3475312730299365,3.0331269802803984,1.7991639457838189,-0.5261659727461382,-1.6186646133776728,-2.880530877721249,-3.8286694107358423,-4.378778409642697,-8.338078176451837,-8.315979394004767,-6.088239584294164,-5.249382785209322,-9.129758174508746,-8.800827728942478,-7.716329221953243,-6.401580241531658,-9.075054561381322,-10.348359940742139,-6.5920574474177664,-2.1463301571654094,-0.1466370214515027
2.460189061966214,2.480398236314164,2.799437366654471,4.272978050457987,2.859121275017618,13.692898703661204,12.433943837279193,11.970168368167974,9.75295608160876,8.971232294483286,5.227330228275382,6.023834459856096,1.952511999927479,3.6054213831395963,2.3466357563716755,0.08995451181148334,-2.4178818040556855,-5.049192756559641,-4.160821338374178,-8.099157772233617,-8.236379058283028,-6.938351941578853,-5.715177924345337,-5.217696978078622,-5.139339176813219,-6.900020066606536,-8.9045388359255,-10.459170395632704,-10.247188616887861,-12.853749188440666,-10.184734603432755,-5.264702932762335,0.18943330713036594,1.8632593731678204
2.243470095809296,1.4425894459299808,3.047832343923818,4.611426923756357,12.468062064951333,12.319176555753405,11.557468154913124,9.008179148185048,8.814752442815587,9.242136751238476,4.422070274084881,3.7134590888053256,3.288266942800929,0.2917848741563432,-1.9360896915109471,1.18679786576242,0.01781896898601064,-2.142500577336139,-7.348447031597471,-7.063297894597362,-7.244688516317545,-7.646764832812484,-8.823626094584958,-7.496330829637566,-9.088649933574265,-5.667056826312281,-7.443175325056797,-9.671785587885928,-10.863649605176404,-12.294405487684882,-8.119472712868266,-3.1717504351691934,2.0371118491198223,1.6212612136905604
1.3013257003150738,2.8593291271137358,4.642578501181212,11.212921349498192,11.447024404007317,11.453585048230929,10.654270934475445,5.73268772401008,9.302732813702466,5.977210241570172,2.667460120896388,2.434175646500499,1.4691909986711447,0.23227834644000583,-0.11885609377441211,0.09737417864267375,-1.908188543775713,-4.317110233128982,-4.218881557106585,-6.910559953638962,-6.698017932111658,-9.670465033483042,-6.163776219727087,-7.250822255523296,-9.311941442751046,-8.73845802299775,-9.076080562676644,-10.904423083398301,-11.816147117410836,-10.937738968085997,-7.923076009111143,-2.933191809592678,0.9676915263387122,1.0749346176058758
1.007994679682302,3.685077473662956,7.610136167897027,9.957835320446717,10.817009943439851,9.974973199679571,8.533760081392902,6.8196749394652505,5.386388022746809,3.01317469426742,1.6224312952745974,2.5903496452809347,1.6848026976257031,0.503562648606366,-1.4757986438603692,-0.7577863167001186,-3.1746155559128337,-4.322965472822053,-4.7292484142323135,-5.079132827998072,-6.990233150266482,-7.816200862809048,-7.508134292698884,-4.778474601067494,-8.64783718414577,-8.302681976657729,-7.866462203265757,-9.922802749480155,-11.362713773336358,-10.724262485226124,-7.302500136184344,-2.398462794955148,1.584908112613535,2.513277039604514
6.1797367687833145,5.836952488961994,8.335307670412249,7.60793824055135,8.252982647826475,8.533685334051428,7.98591819866603,3.4266709664064776,4.463356560425887,3.585260965878536,3.612727839642383,2.9095183299715024,1.0249996107403234,-1.751817458557754,-1.0491222511669447,-2.382262360956716,-3.6604387945721273,-1.9959898512649485,-4.183721065685562,-5.618698752893131,-4.579958474651479,-6.382711956575413,-8.352932560095525,-8.60545543021523,-7.429314613427028,-9.537296271727982,-8.456683350041606,-8.80747673625317,-10.775401354430056,-10.488656730042088,-7.247806889383088,-2.717838532639263,1.3365878867061989,2.4370225048094367
4.7974395479341165,7.042443533557775,6.589974118638285,6.093591532814494,6.047664310170558,4.549652458628056,2.602945466502443,3.1558170604798557,1.9877737998194327,1.8729578705556273,0.3291270971635798,-1.1378986688048407,-2.04062689272193,-0.5242448298344723,-2.2972877089320205,-1.4642387044877039,-2.9201669610193317,-4.9281816977403645,-4.403702660508933,-5.0146426185587005,-5.606663612314385,-3.5319676228943946,-6.619520758656589,-10.251037379382556,-6.234705564134559,-8.987486010007968,-5.718663231666418,-7.876455853158465,-10.77744417317432,-8.75589034631793,-7.301936941911837,-3.759926646943147,-1.3518376794262439,0.4236144840881098
6.153872457794042,5.547054718001643,5.116481665658263,4.656898596731687,4.235810088092096,3.2792256434250495,3.4329259704859467,2.0636696403426815,1.4965019603695173,0.9746424281211518,-1.0797625865022533,-1.7758639685697237,-2.090937330431924,-2.333774630857787,-2.951738426004704,-2.6991330944349765,-4.311872081349813,-3.8303373159308354,-3.359605298802501,-1.9881620635021446,-2.518931094678297,-5.0733685467505065,-3.313973663252432,-6.612992099867742,-4.275587416570176,-5.3471902554999495,-6.914738880682745,-4.581312689566609,-8.787282497679751,-8.384948603432294,-6.780083131279932,-4.452340168698807,-1.9831491483776584,-0.5899798753759053
5.374375871091063,3.999704849313203,3.5226091446835666,3.235388688769829,3.1716093803381806,3.0609714564603805,2.0386069636190074,0.6214376307496786,2.7964735414771447,0.7380045183823842,-1.8591725896027078,-3.4362405930190967,-2.958134782228127,-3.457016563349097,-2.3982693406161397,-1.4081047795449493,-3.5051749656550144,-2.474890134808184,-3.1199296194420336,-0.14439976349355135,-2.8112120882734026,-3.1918402316687495,-3.9818462968951343,-3.879504282730977,-3.8725472406315733,-3.1807116016470167,-7.5824915110579925,-8.066052188768332,-8.975772214594265,-7.80651459408017,-7.000121710288224,-5.169626977227828,-4.370329686088827,-2.9353036215691444
3.437832191785266,2.673135591375783,2.432958307545956,1.7512500900225805,1.3662791196997226,0.3838339946503477,0.5277990743217722,0.719160711421427,0.5642827406533524,-1.254622088567618,-4.330083017771477,-3.2442964897756026,-2.264434054874369,-4.1944069116502405,-3.725664594353299,-3.570602348423726,-2.0250864054433197,-1.5368250524914453,-3.3424357543340526,-3.085472864169008,-3.3970032491599027,-1.8617154513088265,-3.978288225022945,-4.4054250490740845,-2.34947812903365,-4.978691684741639,-4.272258387360632,-7.770059371460736,-7.309298737449209,-6.767790643086082,-5.179074539879905,-3.2615223311462573,-2.4042450296482896,-1.8984769361135934
2.0224210149846935,1.5458354131467427,0.7418080917663143,0.06146587904691521,-0.3213842816490914,-0.8232558502362247,-0.05829605782475813,-0.6448687033821385,-1.6849223061684222,-0.6853079045470141,-0.937160161333292,-1.9292467105018913,-3.7898477409761946,-4.338729264466058,-5.603622201458129,-3.8790055207046654,-5.590441640414399,-4.449586994668188,-2.3432197310304477,-4.2502721077358885,-3.5814642291513388,-4.103518928789346,-3.8452310898596536,-2.003291098325723,2.164407345321688,-2.4473916663625706,-5.827068591976958,-4.405476897888763,-2.454820123265376,-1.4879089688930562,-2.6553803037067576,-4.325523698933392,-3.978445344008344,-3.371013898635084
1.088756326596524,0.3433554249112005,-0.513773542470027,-0.7022258750455658,-1.1036925070349557,-1.6558927668036214,-0.17179961720096917,-1.5045897676489473,-1.4904580232130418,-1.4429905098983147,-1.8918852732862395,-3.8264270010124775,-3.831244161996842,-2.2948199491146153,-5.159643716854547,-6.250067100287547,-4.765756438338885,-2.7838684289890647,-2.6375174193556057,-3.752158413121853,-2.1632578495702353,-0.43726626085200165,-4.400164778029093,-0.980702175111148,0.6208619380535277,0.20599258486376779,0.19620005443184055,-0.9747593268325516,1.4125126511650243,1.503862271549574,0.8674499132665596,0.6909218314672361,-3.1526664364046093,1.425938070703683
0.04964046298562378,-1.4460029764525708,-1.4835785729722974,-1.8581902452913284,-2.2179330377744977,-2.173428744349415,-0.9725183990577652,-2.0717696526014,-0.7705989637249515,-2.5564245351143375,-2.795222873778365,-4.278633541154546,-5.281345049462493,-6.10793623523086,-2.3108755951106486,-8.227136107944075,-4.570916049230825,-4.573282815546479,-4.704342283405315,-3.7173558604609673,-4.321288826316129,0.6184739461520398,-1.6778287225533706,-0.3527760833287893,0.45576709490186007,-3.8743756566310847,-0.2833890800162401,-0.19067361108476236,0.5131794811663842,0.02947221758224334,0.3761323577508133,0.3774318301615598,0.34856809837669667,-0.25515348912421265
-1.6152675850439127,-1.568576750169313,-2.15840266082774,-2.5101958682771937,-3.1003733215154803,-3.0531378058509637,-1.834265823767978,-2.0393488406363076,-1.767238402045421,-2.3968775126825226,-3.621825599702689,-5.612532004124958,-7.023393063239963,-7.716863146671389,-4.23461393722999,-2.5491832363055544,-4.128468907135884,-4.723797031439957,-4.837670631197747,-2.3548876217825305,-3.9391564595152704,0.702572064060165,-1.089908320033273,0.01103336883068461,-0.9580296012062324,-0.7074165796864799,-0.4087415491070714,-0.38345739150267605,-0.3286850352563534,-0.17531907647945016,0.10274752146827573,0.2664597576619019,-0.7317691777786292,-0.9324327507962089
-1.9992770589984756,-2.6676914986880633,-3.0393757404122304,-3.4957864740423,-3.7186527668886717,-4.260919995254291,-4.394868158808028,-0.7851243897169409,-1.867258959643851,-3.090933549323571,-5.633743106838614,-6.366517302394465,-4.987610880483148,-6.3011855802956696,-7.246524049527992,-3.7522089353314714,-5.729343734839318,-4.738557694566954,-4.5512820417750905,-4.312558140171629,-0.8274029854294354,0.049550252821119925,0.7094102968585534,1.2798965785767744,-0.25036823894575216,-0.8262120560033,-0.8743762269609341,-0.7062381728184042,-0.21425114522699254,-0.5665459023762375,-0.7746413124265629,-0.8802581228207541,-1.3978320375237105,-1.4015569726032417
-2.5050519375994225,-3.4704673103113866,-3.6196328086252794,-3.977689620025429,-4.774611680052084,-4.384402283495009,-3.723528590376548,-2.331912577077983,-3.9692920287259463,-5.536698300207178,-6.367073077656341,-5.5459467339491395,-7.488610630771175,-5.2282527734994275,-6.462288543979551,-4.999948514664877,-4.665473394368046,-3.687364106531349,-3.6091281756050817,-3.663407576884616,-1.1848689998648778,0.28871930166786963,1.4494444021843624,1.655547904635214,0.6354728252364839,0.454153110886285,-0.19009991433420673,-0.03409929151472856,-0.7075760545415124,-0.6893355365219571,-1.2655790949108268,-1.5080668256503118,-0.7908238746037729,-0.7444179116814128
-3.767163762237114,-4.270951459600321,-4.2353765964708865,-5.80162814550356,-5.5464976644306745,-5.342581886875735,-5.652835997300231,-4.785228553775382,-5.44655734998304,-5.736142880216288,-6.396358286434513,-6.939296358898794,-7.175003944880355,-8.731710091115247,-5.604645556746473,-4.0716491513061355,-2.6122708002050397,-2.4176504940895014,-3.158072201619807,-2.5903926605570815,-0.15994094371624437,2.0251168190361684,3.534509888011404,2.538843672603135,1.3247617797011766,0.017593726534745606,-0.38794496317355415,-0.9521556054867235,-1.2617426242556675,-1.2358316448550304,-0.9691786876425611,-1.2728458955809305,-0.8414445165949407,-1.038118126012842
