script/wind350m.json
{"header": {"parameterCategory": 2, "parameterNumber": 3, "lo1": 3.000054539987559, "la1": 64.9999836372058, "dx": 0.5, "dy": 0.25, "nx": 34, "ny": 52, "refTime": "2026-01-19T07:00:00.000Z"}, "data":
[rows 0 to 24 of 52, columns 0 to 33 of 34]
6.535306050274824,4.737895790729057,3.2816531395475708,2.4955486862276484,2.551743666383387,1.977665291225978,1.7906505274350075,1.9577149637215094,2.3923951106248045,3.6931237597783966,4.603555408686677,5.904902878374459,7.040360980110738,6.651809838545826,8.775300709516742,11.58514408308219,11.150517170888614,8.959010814834564,11.37589059918058,13.281996481010317,9.300288496030005,4.066657939518065,7.916023222916263,8.416110683524774,8.828277013631515,3.9617886530182873,5.281457853389626,6.173832436297864,6.837802191443292,6.8471984752327435,6.067712015693578,5.138605151208897,4.817925797321116,3.1346264755402653
7.1462877584291125,5.379997882309467,3.7551608572463007,2.3331430772564477,2.344849052325924,2.0063374885676026,1.2895617626316944,1.4265223185761624,1.4390478172504584,2.405434968815364,4.0701840854745885,5.242691911826207,5.631064619627772,8.020672788185145,9.497632026573921,10.344566267818927,10.306969617491148,10.87190766487939,13.675031536403111,9.931913484708797,13.01164269255079,10.03179683004912,5.819749387609977,9.069379548957043,4.587796107532207,5.250989166056445,4.962620962751619,6.248537281958417,7.714128324656715,7.824552662497629,6.911870133871781,5.36486849570018,4.594830477255591,5.37424376497707
8.15268315735441,6.457528714152123,4.86478494104847,3.359586998556901,2.1285416250165117,1.7811489826280607,1.0914205570985478,-0.4029055628380581,0.09790720350126043,0.5281030207078065,3.133099082377063,5.106539065748259,5.996318668686093,7.270327935476639,7.259104199718627,9.915892717911408,11.319873275660013,11.735751889102664,5.946837008355824,8.954227930034154,9.118256446930648,7.76606635699883,7.5548113846306,8.0407942341307,7.2308348777322715,5.77693135686335,7.181623060970454,7.990363907033678,8.43709607879634,8.01756815081884,8.140736577281537,6.957841422306388,5.680719705410092,4.32683015017951
8.342041963110848,7.374882994166669,5.453849864747215,3.4463721766155326,3.1292463308900014,0.8386783941583388,0.1397898067132581,-1.4960993874962245,-1.4685769881082744,-1.449791368328386,1.1275278603575491,3.7631829809754147,7.418711802680276,8.312552234499373,8.234200443757977,13.3900755935792,10.532527282401906,12.01291343254196,8.662190755014565,9.305967438551662,12.760989571455724,10.276904372371485,10.870607959783081,8.289585355684727,6.511892344871336,7.443079474510549,7.739558799011442,8.027439917216922,9.074826089206848,8.195064433985952,7.283381102928227,7.170317693587543,6.070449980218067,5.241256335113999
8.758376826394874,7.022772641361609,5.885203878663382,4.552550676891671,3.082021764453197,1.6982660029515557,-0.09684596736580643,-1.1503080539448804,-1.9807051822098936,-1.9506131287219857,-1.1186321296058424,2.1193881924637394,3.6640841910581647,7.469475759819576,6.6616681852118855,7.04553988932765,10.020626012120406,10.106747725835884,10.671240800059362,8.595595369202973,9.875106240306298,9.588500678016905,6.553938292535967,8.302015700074284,6.98400853944061,7.387748842936253,7.7006868807711655,8.316132105619765,8.77504209794273,8.000600084302164,7.568310659775373,7.002652499549149,5.6285973160787375,5.207919417361715
8.977966500853336,7.437411545738173,6.030032927612185,2.781910923050196,3.5957923129476317,2.0033334457010397,-0.6056591227057204,-1.750910402922314,-3.842588977621875,-4.092731571890481,-2.0197901528937656,1.476546858644857,2.3030670218990625,5.518566040870467,5.635345300695203,7.39326005282735,6.360097313253231,5.123041458586182,10.769290647289953,8.876855678258249,6.165306824908728,7.263826570596156,7.234585729399216,5.6038899962847015,6.464048072601839,7.278810992249643,7.48739574957403,7.759905063671509,8.129673617797263,8.139252356714227,6.705949380501797,6.0716703838568336,5.575052137309164,4.65817075953136
9.538504125206979,8.609957818565842,6.927944406574962,3.974706262681134,4.404105499712785,1.702204115821776,-0.3989352074425333,-2.2266808770529307,-3.3748025811238698,-2.758283946936294,-1.0585222681313022,3.114816850203958,3.105726110108595,2.468466110990542,5.692391702130309,4.96802454939518,8.165857540212851,10.067364460347036,10.463068714470722,5.243624172424446,6.428603462323667,6.010770467020409,7.1422335768658565,7.094235416275717,8.136024447185578,7.99460526481586,8.443321397813643,7.909614312399124,8.611821000534793,7.700517948653064,6.604132127393343,4.919184238581754,4.286638332283797,4.123445948166425
10.291129446871304,9.00795248107413,6.741084549059406,4.205074723530306,2.1230534142374764,1.862141217332014,-0.18891496931736956,-2.248803472446962,-2.678628781818875,-1.7772678427797068,-0.7255370010634494,1.8189133094849408,2.8201130629697033,0.077902742478883,3.0170058976753364,4.756694818826177,5.738443792080372,12.031593481421258,14.218030656743936,2.2473568755246736,8.509201351920762,8.363965971040095,5.206264054543204,7.706087184614058,8.067773422278544,7.806513463442629,7.370020780010224,7.836386347082955,7.419048655421719,6.283035770391096,5.932789255239152,4.735163411662939,3.826434915000408,4.688316671948004
10.731212924705067,9.143815881802118,7.02087520329154,4.641688051939848,2.8956248232905857,1.5268117782412642,-0.7155826820334928,-1.9384860680943092,-1.5578868114073392,-1.3941971889437976,-0.8128056671145889,0.5445392380439429,0.6274965213778716,-0.21375497477746874,-0.7063276574266925,5.817883220073833,11.837843106222085,14.138628199416296,10.259878260713343,11.489929503567488,14.75399940962143,12.072253744790947,8.123712022002804,7.02556814669737,7.030819648483654,7.189615371372003,7.179474219783066,7.195318677292038,6.645167596821227,5.903381955759174,5.950253640869589,5.129678011670612,4.928601378072552,4.4589983005953435
13.503887570606695,6.884711939725167,6.833387302397438,6.6080447780167,3.3381162856772977,2.595559373908578,-0.32583452353669873,-2.213023403296948,-3.373667140131869,-1.3915635932692882,-0.03736085506292086,3.204903033477588,1.12515818588072,-0.5517716323637099,8.708323890939676,10.48987206358826,12.210273341418292,11.467118381800953,8.051785151321354,9.554779015025627,9.256701231737269,6.499429162917864,6.820970045516319,3.408099656502391,6.349528571230625,6.246644647518437,6.351223753070668,5.432035409997937,6.18354456748778,5.40262268768893,4.737802128843112,5.792516044306601,6.225436274238698,5.849424819159068
14.473140659222745,10.128234859386977,7.799284415342056,7.609734878222095,3.69313346154306,1.8543849047184287,-1.2432489317355306,-1.9485887384341614,3.4987384748809576,-1.1693046987568818,3.4686933195869827,10.512744981358995,1.0864154054480086,5.4964513082240485,7.702660343603048,10.613903353931159,12.025491516521472,10.35047135550808,9.524986565465978,5.993622406134915,6.780402851676769,5.896578479234135,7.767803211728831,6.20332976428275,5.7910123083587015,4.801570529941003,4.818160810082306,4.151111717538364,4.418755310072385,4.802671392760468,5.084532528757955,5.587403094828659,6.060770360862929,6.364391272682759
14.217450380692512,11.248111588857025,9.070483952644226,6.479676885020105,3.3146643991915714,0.3393597372678278,1.5086674647948133,0.038162730351139984,-1.0544486507083686,4.733548356355212,1.7110038667531893,4.573480231238819,4.77664548820564,2.8685027489158594,8.295318528419555,10.02678603442832,12.727242388404761,13.063652108987743,9.902754147135687,9.420921135483383,9.498409123079345,6.752976865739424,5.945514714945781,6.564321070106346,4.089560455431875,4.300772809430848,5.048475489554606,4.975400468058296,3.6368595688932803,4.035225330244708,5.61651107219087,5.567140853560839,4.973507574991128,6.204206739745026
16.60959068404843,11.162146632311597,9.019120345472787,7.891910897524032,5.967785098114381,1.4064801288311202,2.6147049083186857,0.2829773244430192,5.277739325224542,5.401143965018982,3.2379628358972075,5.851783693078554,9.14909648543942,8.615605765872628,11.723303550677644,12.826687166823504,7.953407650410068,6.863318207768666,6.436971162438837,6.715792592084682,8.40171517785516,7.500674239741178,6.743046392096045,4.123030008236343,3.778686404735337,3.943933219324897,3.6148495775563423,3.75033499884982,2.945808287950115,4.377620974188953,5.933243544012192,5.397552585299318,5.283035359510062,5.839723026174965
16.386451750819994,12.833865602607347,10.54677203154916,8.050229809676143,5.956355461749062,12.050780084162419,6.752988100070723,-1.2554907184011461,10.71736752954403,6.267836149345926,4.711678567061733,6.855557453069519,7.741475873513176,6.323745494202017,8.08816147723434,7.8583548829142496,9.380225152664341,6.93234266087223,10.138230416176928,8.503420991073742,5.270689429590982,6.969791262452541,6.047015648783164,5.0261575981314275,5.598649329159155,5.015041592742726,4.105233169431814,2.302743875559339,2.381737911505272,4.68207716223259,5.388187763251357,6.097183346910073,5.294662074936698,5.348449156791748
15.881528964033393,14.467280486525041,10.429887022241829,8.123676538825032,6.48217583952127,2.7409113138852987,1.6240200065540622,9.05647376791394,2.688641629959056,1.0119886177299502,2.3945930934182074,2.963031843479446,6.456195239901591,7.403449037032069,8.473113485504243,6.868165354943296,6.916021425061112,7.520722075459071,6.98135026701566,6.429762858667769,5.148119857320023,3.541272880477815,5.222412201478268,4.874835810056728,4.155612038261142,3.321164616503579,2.620552225174869,2.5203464496120764,2.79434040391482,4.221006967972427,5.441148775998959,5.93265188420088,5.86062974428138,5.8189879682631185
15.891592824151921,15.98386833135354,11.034697978301416,8.260389767660094,6.3169762669341,4.851873727465402,5.966967061066501,0.7151796846415625,1.278376681660249,1.7445546429224492,5.088140945267378,6.471394642085898,4.3543586589876035,7.07330872500135,5.269791732608904,6.716595399649498,7.05925880387203,4.840350072922916,5.538943258215572,4.512781905842029,7.663477236294451,4.850948657094172,2.1942947605325696,2.790925501701571,2.8762622663943844,2.3442480665318057,2.4219834668598494,1.509885162941702,4.336876616193657,5.141922237632718,5.073185435316224,5.610878841458011,5.307272997175592,5.858506897693792
16.581132658039746,16.643227609506457,11.816421217506772,7.072600175950356,6.121225504331766,5.667980316425564,6.791323159529526,6.7719184984875005,5.03852680848256,3.809251221146205,7.33078994991325,7.742083849872143,4.489858580470658,3.7272457492351516,2.7446497083932564,2.153190999592327,5.058406442817666,4.97530452081788,4.3523660541278515,4.197877803160593,4.598106970096315,4.359256666524675,2.3322892348041493,3.2827623282609295,1.7172991537536302,1.5278075639488085,3.413417545823442,3.7236170497193104,4.707000512814275,4.826374734597847,5.171709348652448,5.247294048740014,5.076625291130142,5.852680366913613
16.94011850458945,16.702654147936954,13.355157446476381,8.258504924902411,7.710503106992514,6.021493291343343,6.088076741400277,2.848204182441399,4.675976626564599,7.243667763773346,3.6945138707663636,3.7274842240232107,5.595969252492023,2.5421309247774473,4.285297531164889,3.5868534933911906,4.660614670891954,4.59902396374893,4.728315811407405,3.7292005711395007,5.399525484683039,2.0585050879751265,1.7274118137345045,4.455353875394066,3.118271965891724,2.670165170531152,3.2066919275298047,4.317352678788359,5.994819015938412,4.671796918193785,4.810419216320038,4.870475357665688,4.7609182856793995,7.650735532410803
17.61637807450418,18.028803385509814,17.019672210408746,10.31553541622718,8.370830257289821,1.6890254847066135,3.7306919474228115,3.564847906760633,6.300340741959039,4.9879720032499835,1.7156660951956608,3.5540563035481014,4.523681209492277,4.616614097856894,3.475037070628244,3.8292161195896997,3.9556964089566478,4.168730169329985,4.8879364871554065,3.8661276327043304,2.599745757835175,4.436161986032962,2.061237938576119,3.141777026478378,2.203936719773493,2.2956808305656877,4.609081658853053,4.703573568814268,6.761908236717716,6.771397696943035,5.237808672276055,4.551546695439486,4.73604386358035,5.794004680297538
17.641075267589546,18.37266081184407,17.795226372443413,12.757638047372502,9.368142594480112,2.198133817923676,-0.6237381510569703,4.881174436282514,4.052619853947318,9.369173843484514,6.408507879295058,7.92855976428632,4.0941297243201165,5.946795452031962,3.9139601487247764,4.635764907262322,3.073443981304776,3.5457027677938333,3.1368986641773904,2.4690501228019293,2.374474485138016,1.3284132010673733,5.584362973496491,3.1996753799503312,2.083110822203324,3.3998112380037284,3.0698149579855127,4.063031393459613,5.107602652352585,6.2140230776003476,6.4153320944273196,5.319595659169101,5.317850122007409,6.157610399899263
18.497415564875947,18.49699170588834,19.385806230075655,14.537218943861903,9.725522231713924,3.950632785020022,1.8602017833428424,4.115776405230978,6.271027170517561,8.22143197106884,4.85723496751596,5.162882316568764,4.039412670699886,2.534957052154223,1.1521085753816818,3.2616502838752055,2.434644698580118,2.4890668356038033,2.5943599284715493,1.9728355966813806,2.1105929865340656,1.1426221798853289,3.4678963849869433,3.6419456836945794,7.11344687723365,8.842067259849518,4.702852973506802,4.702170377319381,5.368455571020053,6.6087919482663535,6.296161110760718,5.695408939602638,5.609392704095434,6.522651343977534
18.644376462751342,18.843690155260056,18.60479077399463,17.685447141334166,10.440565478467045,4.179776905503197,1.3920461227918786,3.44877336055191,4.149333431882004,3.6785383400479477,5.377100783430535,5.199978566499077,2.013597377194222,1.9814698261526063,1.603916996636763,1.8910587199372,1.4431811632340348,1.8653509004944926,2.123141887249022,2.193372155892045,1.1259088151765706,0.9371588045088266,2.911301504020635,3.7244226296824716,6.973354589052186,6.69893457100087,5.18624150315877,5.145072688255409,6.334589466487237,6.601473748715873,6.83288512074447,6.083833469238987,5.457265733193452,6.301634333853677
18.33433098103493,18.30467178455823,18.679426804590584,19.648626819103725,12.570996452380404,6.7621683252655345,5.66146854661735,0.9497214519638525,4.818442723551531,5.663815926560171,2.295361617826542,3.60197686718802,3.958103646569887,2.2847393244014507,1.0907138548623416,0.7703079038545307,1.7245407142951386,2.1446847206628314,1.146156752470177,1.205838742173262,1.5498489743577855,0.6593872276060727,4.562766230378216,6.90603969343091,6.89273066685342,6.175003454123958,5.629218420831883,6.180098012590694,6.773222148109209,7.220696696556395,7.156897713213766,6.023886602470435,5.844015557073114,5.86856342690699
18.05591201319144,17.72753937914618,17.950482533556688,17.83288147900763,14.663261021643262,6.4476012054233784,0.7445234927709048,5.990538714501984,3.8083018403956377,4.424016297489903,1.9642206303027538,1.0911660507930652,3.3058240396969536,1.5074870037247259,-0.0761312163087879,0.46863504605641965,1.427905655622934,1.451856763646441,1.434744011386413,1.0412994941365539,1.8521727706088331,1.2606722196770206,5.7476308402132865,5.984932968442257,5.850367314572371,10.35411325491639,11.836675311381024,10.535867420016896,9.602186765459814,9.112586540460079,7.332462657446153,6.254653405944885,6.938795481419027,6.068461574673199
17.458814748895698,17.285536931695738,16.694934363959355,17.117962956633736,16.105186543049843,6.226947369836771,2.22359078845124,5.25909114656656,4.980858132565287,0.9389365479548222,2.6723032949883967,2.1664293841110918,3.1438012181925834,1.8597723263913137,1.0586592298790138,0.8276612722914756,0.6133875164107405,1.460047195592224,1.2602480429029024,1.3405579008392552,3.0074923020412623,3.929417060030986,4.845374462350565,5.240013934700351,6.305370498682437,8.920121170138907,10.80242749074672,10.681005518370208,9.882792720670883,8.067209793445885,6.5732939667028045,5.7671403859198325,6.590196646734856,6.359713555205059
