script/wind100m.json
{"header": {"parameterCategory": 2, "parameterNumber": 3, "lo1": 3.000054539987559, "la1": 64.9999836372058, "dx": 0.5, "dy": 0.25, "nx": 34, "ny": 52, "refTime": "2025-12-13T19:00:00.000Z"}, "data":
[rows 0 to 24 of 52, columns 0 to 33 of 34]
20.04128877288815,19.412713656850823,18.911239414597766,17.950567041820985,18.03289346054862,17.73744461604797,16.149155798493698,15.155484595595757,15.215598391496007,16.721200864896467,13.404925749475312,12.503708097106704,13.07147870799185,12.948874992279334,12.333701218037932,10.540190552570593,10.193383305917536,10.970583681132382,6.074624434944734,8.561417276728918,2.1023905847784854,1.7989277569168105,1.408244125574189,2.3517872590364326,2.5116760696812706,-2.0141761452776215,-2.34138449739674,0.4175198221955536,-0.9377622002915871,1.3727964111107385,0.3078664053276352,-0.011362490409630652,0.7787500191765659,1.7782679024159536
20.696198578505925,19.925429031062475,19.54116830351486,19.147807934948755,18.68823426304457,18.43945952335311,17.005829278760245,16.030244529639802,14.797088203722206,15.438917582179435,13.897155061812162,12.443820547771528,12.426060706288101,13.138264079923491,11.438776188666026,9.348241851362745,11.784725487469768,7.955614724690262,9.942999909183758,3.3973969024190893,0.402739698540824,3.078617415586132,0.07049061883516124,1.82965520371941,0.25560900090680694,-0.2693477544773347,-1.9377128563570107,-0.256739006774569,-0.29710927973474455,0.3696050256225931,-0.4072093173496593,0.809338096206279,2.1889975435519275,3.4952139994205975
20.798635689374397,20.36954755084713,19.68658910511091,19.126986681121554,19.196276107731443,18.735134674590675,17.886007319470803,16.585078566646523,16.610798537738482,15.532286359517244,13.723936229236154,12.883363803968713,12.469635504150121,11.706835985777925,9.778171104063828,9.631086186905947,8.26431455793557,5.308950683402316,-3.553757070417331,3.0525693410567167,-0.6226706512102801,1.7507722243954205,1.9442490116973576,0.390003573570896,-0.1668874669222177,-1.5287781568167,-0.7557749259457124,-2.071960450119653,0.9083684185408033,0.3499332812480386,0.1671586074099826,0.6627891950541804,1.8462921953519367,3.4650390646530282
20.878767167021522,20.372463676126216,19.875660344819934,19.30818355229724,18.735491788205717,17.41936461136413,18.181401672405432,17.017687489106986,16.02011489741118,14.360098498654365,13.226953089233572,12.250161336797778,11.866769074956212,10.994342453695548,9.967598764337554,11.269404065701151,2.0327692226524126,9.81389493534086,5.720658267135957,3.761080457467453,2.4271536382431638,3.059864789244948,-1.906288864608111,0.5277963247054457,-0.13067378800311116,-0.5704457246450315,0.23623282605312565,-0.0376483688393737,1.9802948506243405,0.926144569786101,-0.019487059353566143,0.31487821114265563,3.0728580982204767,4.603530558286427
22.70597787387476,21.391315296829195,20.552491535380096,20.094443497028855,19.342913273368044,18.246880579338917,18.434644647196105,16.5602668016555,15.151264286475495,13.479954706637765,12.28680179996062,11.139884315741675,9.907640977453703,10.247866647111378,7.9457379354781645,11.573609929475284,8.100860099907361,-0.12656952844790936,0.007945931174420277,3.4898935718322623,2.0139738774701956,-2.2977060606738764,1.5426313386366126,0.2337732733097073,-0.5760624232166788,-0.6457179356954497,0.01602920669284802,2.0085860624293397,2.443290374315097,2.74356635994181,2.9344066891958014,4.368185044704139,4.078712604265583,4.941742769643267
23.11232829359374,22.518645279276505,22.196440704742148,20.363932417181008,19.95776849972054,19.177318099634522,18.278651882378398,16.47414259420062,13.934033016722884,11.805524864486541,10.73145452226859,10.605234335703829,9.497778405978098,8.368867136394943,0.9972668468984461,2.6748924660082016,-2.0179640725298507,0.27491098468581643,5.937988541593954,5.591728167531595,2.961056854194489,1.0288083906370062,-0.32061508358870355,0.7268353441859482,-0.4516050801183546,-0.4357548319296821,0.3216099499773445,1.6190055406845498,2.186032581173714,2.5653449490148845,3.25039549132106,4.417874714361273,5.347603295715339,5.291425525919364
23.585892894470422,22.848247149602276,20.878168156414738,20.127368348214084,20.694438190039886,18.8589711311585,17.311543313108356,15.09946534491529,12.511856036079129,9.818487113595808,10.486723403007067,6.632949812719061,5.385231837687426,6.006990411771513,1.6336267967906655,-1.7680509243110392,1.490300483028984,7.454021047891591,5.7724124294304175,4.21355506894241,2.194759984781457,0.9091981881192087,1.312920709998668,0.2222460663800609,-0.5137516136050612,0.9740514545570983,1.5760274505913896,1.6815429482233142,3.522023220529084,3.9581190295919932,2.7982637251799765,4.7185456691106875,4.657615588497396,10.121661456353044
24.25423428775923,23.72910105662995,22.98753957473277,22.15198948087783,21.26975209284396,18.552239767020325,16.67778088642519,13.146292659947107,11.130101163693322,7.626044625429635,8.481391614551043,6.357750454526336,2.1516344905030516,4.461210755837475,4.874317769425571,7.204915853294625,2.0572529351037145,7.079899923450662,11.132456485057395,1.188715268886947,1.659910280788366,1.5696174199984554,1.9457773040213218,1.857934194259205,1.293425051436611,1.042928023503534,0.10545285466054737,1.0357270405576806,2.0060908750272017,2.5180805364818117,3.95034902209418,5.226069510498564,7.949144656688344,13.684328583285232
24.26968945306345,24.096857774671026,24.066223916688788,23.377470256780065,22.827547690706947,18.006990542083194,15.207145746504555,12.829007960753914,9.62745557308773,6.787726342719994,7.201620128208999,-0.5826675771984547,8.35772040760588,6.761522821322377,11.121474994191235,1.8537047799352095,8.684176983136817,13.957486954358298,3.9255678418485918,4.475808110523471,-0.014966447553251777,1.1644378008288125,3.2596224062069483,1.3688024011025919,-0.3475614243509451,-0.4998153632339152,-0.7519221374910403,0.08996859700284346,2.101977859351415,1.131221928743939,4.185515370932716,5.806924326013401,12.175011056195117,14.714110382418871
24.339189077133618,24.241831495537763,24.03143755177477,22.45829379477377,23.32155864580559,18.156958726143284,13.981546975165998,10.649633059860951,9.000512110357523,-1.4097231425859817,2.6575341606864553,8.615792917286296,9.13696062660155,8.880174305528064,9.254410772142919,12.074855978416132,7.341033664632568,6.1314119181266715,2.2789098790040594,1.5949080410513852,3.0664503417806284,1.5561627750434963,0.7064134957728279,0.4432128322156746,-0.4179179231482252,-0.3107385023460212,0.8927029731624585,1.0515458187262317,2.65656337956709,2.3804088649524213,5.586201376879229,10.501434637931776,12.973984610692128,15.344123898661527
24.237324051150402,23.556330238731004,24.141252628410076,24.888043769551064,22.77323134204267,15.44065748085695,10.38532176222772,6.553760723764551,12.545791389308192,12.349785241400017,17.366903440115703,12.497095928477549,11.507656074841988,6.338652568490155,10.894384353263291,8.170529398282715,6.9675096702055175,6.138475981821409,3.4508880009217577,2.0801465453300723,1.928915283551493,0.3095601297566926,-0.45470926180146043,1.3048981563318707,-0.9190970619456896,0.6978052606669767,-0.8184823047065758,0.35324315356482827,1.3612615223790934,4.095880232189708,8.574304679387792,11.51571754565683,13.202999638821803,15.397325860146317
24.195795436816084,24.053774033508304,23.56913819546783,24.850409829588738,21.788280311948117,12.608158331336913,17.173365473832376,11.394478214581033,3.845107137921048,14.029301424336994,11.735774260857896,8.180104511312154,9.775236619404291,3.1652434537265397,7.72321175746891,8.059793866954584,8.47998938122967,5.819400912154462,6.1901547197811535,3.9141487348308948,3.9575179581848423,-0.17001390413807363,-1.041900213887947,-0.8581838139733573,-0.06601441970047599,0.32358151579721883,0.5278481292193934,1.601346964634775,2.7249803622028232,5.216638334457142,9.679377389311435,11.712573259066243,13.184616996691716,16.012574727899278
24.183661781772017,24.057321223295073,24.09389864246816,23.896630149859277,21.160746827233172,13.310279885619641,15.681273556888767,8.621965307595785,14.808614547336978,20.702212787986742,3.998138016579787,9.980285847784568,8.242178711774674,8.85371109237417,8.201564623743643,8.666092203322519,7.445142852692894,6.034699664850931,4.126881602332095,0.4127279896500841,2.052426788651616,-0.30666847639130773,-0.8566946733880731,0.12066497648326205,-0.34782316297226357,-0.12660084078730668,2.2041996210425436,2.155344740878561,2.739718660903654,6.021262352638167,10.03190998506125,11.724300621459191,13.622717534426325,16.401909546892643
23.58646566535261,23.733755317894516,23.094988016036726,23.657771089871304,17.290419117779244,23.07330959362685,23.47752946805105,11.346118649499386,22.115540763780974,16.503362639037075,15.75609046217851,11.036255403916602,3.857848811833484,2.8796231366798533,3.6292013616307477,0.7737497490141774,6.233501374877626,1.5388901462075295,3.312804895620329,2.3568662127967515,0.34685894354341307,1.5321311542266087,-0.6128734579113401,-0.03444812587554847,-0.9488316611268066,1.624332318980167,1.4283312962096046,3.684137554474955,4.0397536368754885,5.851111981397786,9.838084471642356,11.33827119184088,13.553442799206433,16.06999734763563
22.81794628384547,23.045843127978507,22.786345672790567,23.056864614026686,15.504631342657339,7.641895320876537,6.9719339386648125,21.054469852638118,9.495756264011089,6.53375705593293,3.480264377592262,1.461260637269355,6.3057409415406545,7.135619669210506,4.212134633914919,4.533978032496498,6.103172237878413,3.8579356476603857,3.126298970637265,1.2371629476709491,0.1261925761577545,1.8929917978053454,-0.6492932716799803,-0.05283892385943815,0.49819413878896046,0.9884627847594621,1.474717145950928,3.9270474513963856,4.600705290573849,8.617503795364861,8.938306493139478,10.835758328175066,13.0696773519066,15.089947038983908
22.632608118694634,22.89566987086954,22.583140448852458,22.310021093836117,14.57586703693091,9.323949427342415,10.41898794180836,3.5690178042088796,1.887263828617809,5.1574243404018745,3.5437016192990964,6.7576052959515716,2.241646967289138,4.023193736532702,2.86564117764131,3.122769400181893,2.587692066336954,2.8535633161719227,1.6774305846272992,1.3977621401501499,4.3835132521624205,0.7215200755983409,-0.2520922489481608,-0.45925862079311125,1.4536515627819393,1.3329660978706097,3.102454548957497,2.162733239431683,4.878910025918226,7.885972464320624,9.113639820541518,10.363523499400285,12.839412799137556,13.779950984002973
22.275560590350537,21.68781657003898,20.987208424342807,21.89424296711846,14.295834932437769,15.474775381105514,16.7891749123405,14.048956719408876,9.66002770967692,18.754386153291776,10.688684625836144,4.122277703603157,7.580221420543129,0.9318479904389204,0.1271128248059404,0.72792988360796,3.2866029317259864,3.7110201223567896,2.07806776005659,2.3907840835710545,0.4743672069108762,0.6884994980398996,0.6355701804699029,0.9959783456794008,1.6941656107140806,1.2650629262775743,1.0249127173356778,3.1037062412809444,3.6958558881078263,7.357379468838225,8.695807180878226,10.092067343396028,12.46812246040826,12.50960392792999
21.51272458831114,20.863405836830733,19.96205386543266,21.291108377696737,13.358996184094048,11.81339440082259,14.057123878768786,11.292078731594625,14.000842497422672,10.493675507601285,4.2127684007120605,2.3891359704117883,6.37355501285333,5.686256656705989,3.9044256636145245,3.8305648089439823,0.9021867299718148,4.0395806919973145,3.7220994883125993,1.3001718510893205,0.22389482517752715,0.5659224319333438,1.0765435212704408,0.6511251017859947,1.1089834689721503,-0.017771320712482774,1.4182619023054768,2.874004750739045,4.37137355106026,6.298027516767798,7.196699718634703,8.598045372421065,12.650762719385192,11.398668265144918
20.375977421242684,19.511717798175177,19.864216923944436,20.3782434612714,16.344087108112568,10.21334651185311,14.787614048818634,9.898803590909088,0.4499383645464257,7.855164239808657,-0.16802528716898268,3.238296581151349,7.14287298106458,4.549548173579712,0.7094208369474363,4.769588526669653,1.3762863336602635,2.6278468563831483,3.407982909236505,1.52313997391593,1.2112523983616088,1.0673445136463533,2.1059149548668787,0.7208270922358002,1.5748183051284899,0.13509128150165053,0.2590840870997751,2.2947910437769217,4.269249165180093,4.32380822929774,4.568806006440588,5.365174735293137,11.977652548843949,10.593464899426442
19.49982992016282,18.77863939518589,18.90419902544463,19.342705280469595,15.441444172275702,8.742515628844796,5.726693498544785,9.305020748541475,14.41869688263996,9.188093554149104,8.93762587854902,8.498743794909918,0.371618733909787,3.086138257081187,0.7041624662529052,3.821577162495097,2.618714048547852,2.48684905701313,1.9773045386669925,2.0752854039858586,2.0385567369706257,1.8796147439911333,1.8023626209076589,1.244487904410671,0.9528725070717388,0.5200247374404305,0.5646361761951068,1.6251510227402233,2.541753185547349,4.063360162799354,4.536101361949449,4.37644180863271,7.582439673561484,9.079344373907741
19.30648683639012,18.626536455582094,18.320578788601296,18.459564456373247,18.58212810367676,10.4133435254553,13.74363115277022,12.609398702250898,12.564915788515872,11.641424276392122,6.611253232046203,4.730496058496602,2.6244715551354045,3.773446671450779,4.55201248577488,3.104885680231953,2.702000728315234,3.731387984496906,1.469047028665176,1.504282054598112,0.2364339335153316,1.8075325855621758,0.6280758758477142,0.9767860189503649,0.5097314623852741,-0.0018954527250306002,0.44139703391011015,2.1254632663518604,1.2591986001271505,2.5197459802782323,3.5254539549145645,4.210988763678068,4.286897762697854,12.412664513003536
19.02059137344747,18.250215025479413,17.947925003934852,17.86328837645891,17.77401596005552,11.232945138168581,5.619147890280567,8.53820399826817,10.192599280030306,1.3395139241939147,7.115597620714781,5.149343880010606,3.3139361747518024,4.449030125050592,-1.6028236065184305,1.6169599744160659,1.811357693623064,3.661326565730591,2.106682640705709,0.8649956204406355,1.4696278993011562,1.8101825863061647,0.39365021444435216,-0.26081822638920343,-0.8755664965824904,0.5777852309509229,0.1280020959911845,0.9618832771133062,0.7050731792766611,1.4168747319761215,2.253186915729532,2.5587705955390763,3.077983086849991,5.85988074349219
18.687141079060442,17.811039757849166,16.959070053920385,17.423833379696642,16.851881544325476,11.256828262440129,10.426780900113167,8.430960865109752,11.39409353847053,6.937861921707928,4.984364164509221,2.1626579445485055,3.3234695913146295,4.202990461735108,2.277233743506137,2.4393681510083915,3.862928774833501,3.1808662532848655,1.8767385336005489,1.6272059357094215,1.2261491991016296,1.3102680955954265,0.3813175581792183,-0.0898243022406158,0.6365078774361158,0.4479248154269942,0.4165597473365286,0.8179794953167602,-0.6504854084637356,0.5245685342796957,0.8430306425005751,1.8069477376992826,3.412650464247781,6.25867061283099
17.94623801830599,17.114333985876513,16.533587400628853,16.644914299792507,16.06551139999765,13.513146029921296,9.229768699400754,11.016714470438787,9.749577431293941,2.7976216110565453,4.161905936300397,5.903550921039484,2.5963593901320623,2.164362592597732,3.277276909056836,3.470107847856728,3.0600978271724832,3.061695685766929,2.121430360197271,0.5786029187466812,1.436760045116136,1.7032789025608008,0.2922433520698959,0.8209096698789651,0.8247253923587653,0.9496215164995793,0.20839979895555624,-0.1874854211186824,0.024975265057078214,0.26997624664279934,1.0555917685787306,0.8692137278483869,3.1413532907396386,3.87472037062522
17.56188764010503,16.646441237823755,17.14416039344012,16.050440192347633,15.550323689975182,14.796372105475573,6.20684935690423,14.082465860256024,9.32408577828631,4.1582059638335975,4.491078593372298,2.54131979220071,4.0771035012707975,3.549504101464167,3.746861529050657,4.222092798473988,4.3829778629885885,3.0604951921461905,1.0196037718151694,0.47591827922619606,1.602293427242747,0.7919021741874588,-2.135569874164869,1.8443375651101792,0.9009933687721422,0.38113997234370756,0.8269410032439322,0.45466638873485105,0.4967253591382105,-0.38617075144725044,-0.4601232527934399,0.9738478785103296,-0.007583719728551199,2.1360251870790683
