script/wind10m.json
{"header": {"parameterCategory": 2, "parameterNumber": 3, "lo1": 3.000054539987559, "la1": 64.9999836372058, "dx": 0.5, "dy": 0.25, "nx": 34, "ny": 52, "refTime": "2025-11-08T12:00:00.000Z"}, "data":
[rows 0 to 23 of 52, columns 0 to 33 of 34]
-5.55628354611981,-5.314372192409832,-5.875504007870232,-6.0628015835834095,-5.333604596672073,-5.282362305313797,-3.776505435609183,-2.99429427465644,-2.4671815118653804,-2.440728027781184,-2.4899380710186714,-1.7507460314415688,-1.682636339140228,-1.6240006364902553,-1.4039436675587842,-1.2836157860651947,-1.2151857423854944,-0.6464343422548298,1.0354423348417376,4.211103314358587,0.2654824385198488,0.4963715538321343,-0.03093715959003488,1.5777671539063003,-0.046806294644411134,0.04049569551851648,1.189179329943707,1.8188228600561838,0.46429384659532436,0.7523487121322185,1.0646890002958003,0.43328475694219376,0.8527825517432871,-0.2510631751772814
-5.9726520064774125,-6.0160698454920665,-5.861180256637908,-5.069626291245992,-4.549645472988432,-4.098995581649671,-3.611397789951782,-2.0502709685509037,-2.0146327134172584,-0.08490515747546638,-0.4883888521805871,-0.5644509279199393,1.0021177243897947,1.0426816745599925,0.5259422852783144,-0.7485119292628065,-0.5264439541333569,0.35785590713512894,0.9980312772670042,1.54604781706572,0.7780932866929952,0.6267581208981764,0.5805404392592204,-0.957672237423091,0.24331926641283488,0.18033349428746245,-0.08421093717646191,0.9099123231951682,1.7245161933857363,1.5319629439561717,0.7999926779758592,1.0333974521432183,0.40062720846962263,1.2314089075540593
-4.973056536333402,-5.03267376045247,-5.537155531482788,-3.965560324229555,-2.2789845223998966,1.9232185426830823,3.040506637813876,4.54778672374095,4.3437703052353465,5.127712703798943,5.540422584995855,6.142509937533974,6.129275353838228,5.8293020769100075,4.6626684327596655,5.378369697513574,1.3484002801142467,1.3573927659461873,-1.2856588796242936,1.5861952247389366,-0.07073215359074868,1.1650841958805012,0.12318189591926816,0.8989109754396578,0.8354368602884892,0.03198349313904354,0.6438614231746979,1.4594203821886846,0.9588420288772391,1.414523788503918,1.9829469123906205,1.5685225507431115,0.07136302779030775,0.7831299566733911
-4.214539762277725,-3.2532991772858635,-2.3914378668294347,2.533915717775469,2.987415750306575,3.801723319625803,4.434779383247744,3.507580339741027,5.213332136247613,6.250591024372654,6.468404544436736,6.217656207588765,5.816409503668675,5.209140494985757,6.262536877472981,2.322925734878208,-0.7710433575534144,1.8656090536689995,1.5645549631873976,0.11123152751277232,2.891988476271266,1.8672989270538853,-0.584201801804697,0.74334471391933,-0.3134592545611642,0.39966809641155543,0.6108718238477504,0.9053882000154511,1.5926151730571132,0.3245717999452174,-0.4606122458053552,0.8894047474352669,0.37679169861923906,0.3095030345679992
-0.4315397281731888,2.229997736229102,2.6320229887456374,2.997896414294678,3.2254712403752706,4.063764037353807,4.83456146208775,5.955081628537207,6.0340885115679255,6.464370444956997,6.334201701655853,5.869402189592261,4.542541093352886,4.7730156206313135,2.3058493817692964,3.212691115546044,0.703272888935369,0.8632838332321481,0.29968127707036696,-0.12245644842641641,-0.19861549470238835,-1.2526928107098485,-0.012240817148159451,0.03312603072854353,0.9611827967693994,1.1880408652824754,1.2628710616906815,1.387157620507888,1.6641902970614268,1.0575250003373884,0.8744463980633703,0.8466798154619103,-0.24245641149547154,-0.6387381748439891
3.397070476941196,3.6387042462805432,3.5320147767398042,3.7119248510100826,4.138195138921238,4.338197254499518,5.927176068325322,6.257959297003916,6.213855046924514,5.764083936208587,5.6341428660424,4.822615573959892,3.894926070723445,3.2431185955023425,-0.6989400208908622,1.4064030927367177,2.043353645805587,0.7893309717178989,-0.46157288552783654,-0.2383264018021211,0.5230766021630576,0.22506109715365785,0.2985349231446399,0.5864394335848304,-0.06707592338820585,0.4227725503674085,0.5631057562856229,0.7401504415463168,-0.06709365732777262,0.6423584161643627,0.9736082393393806,0.2500180369341326,0.25044173424494853,-0.7829450238463938
4.331937085772604,4.162670468146061,3.2395292513609535,2.2195698935691426,2.9181319861883037,5.15145442130753,6.166002382612981,6.223529841946552,5.819771579905655,5.508962846940222,3.7338889457236033,2.851679335304292,0.9825029124206381,0.9994185284370684,-0.34511725819248584,1.308119455171038,0.5230741101832856,0.7371899519269389,-0.09546864217351049,-0.08872499051302854,0.08313809717448828,-0.32945781001210395,-0.2971117430915886,0.3365461003401674,0.8810672819509769,0.6064477430304092,1.5027469598362226,1.342049590161388,0.7348379603679165,1.0020786796265622,0.4599496922454747,0.07674640798141301,-0.9133933652521363,-1.6937981846652483
4.363570038642688,4.0547961464696485,4.581741361329605,4.965486177250306,5.0955416699388385,7.739906494164431,6.562731474381804,5.69358617887791,5.406561279783282,4.733245839942473,3.269526785791567,0.7487250044496052,1.4065057980991593,-0.42956185308381384,0.32172834638876896,0.5818391993298693,0.3497648054922536,-0.06087751797752505,-0.35313134511120453,-0.3685155138542539,-0.8995865122116589,-0.18591957538673606,-0.09228493294857308,0.4912828210578111,-0.09193955890611609,-0.06684184932099861,0.5122944217824079,1.9108927166138439,-0.19861621683345634,0.37179937677441294,0.7291109093937423,0.13537952156635596,-0.9510712447703449,-1.5330650481131745
3.65151864747899,3.126530286349322,2.9912081334511402,2.601816119564733,5.1492619038313325,6.2896662609874765,7.1785701909702375,5.058217926099547,3.672363182094254,0.9935083805799945,2.4271652128042875,0.10454293139258997,0.15508179723771026,-0.20059819793483952,-0.3517117664559542,-0.4387514854717351,1.3316131769676474,-0.18427199421215193,0.8774466859000163,-0.7937603730027238,-1.1626506053437262,-1.161097105545181,0.3437428073764796,0.412666316334499,0.8906262090637267,1.0082996436673315,0.948269525088196,-0.20912373133581103,0.39009913787123573,-0.21995536974967733,-0.4994262429062139,-1.469864073030062,-0.6202170548390364,-0.0662017261209629
4.118762931566719,3.6671532690615436,3.7190332735375513,6.0984271583546,7.149516667645912,6.658725498406916,4.460941268701025,3.445862063422316,1.033142331317785,-1.2236474102111792,0.15150791138686315,0.703118007583547,-0.43764245953250336,0.08249168009036285,-0.18460349773763568,-0.6994303308148043,-0.3551648693327538,1.015300381648053,0.06876150557272558,0.19429683079152804,0.7840317962542878,-0.3318931060357886,-0.5778494843115803,1.521638440673366,0.9120297009294104,1.3605738011653272,1.149985886566447,1.3481915076155173,0.8735624138676796,-0.10621000116973084,-0.8648251649852283,-1.197257806388205,-0.9314847297268232,-0.16996387797928683
5.286896935773839,4.454431039727242,4.2231751727991576,8.958177486516341,7.0198247078756015,4.1118244147937615,1.1505317381931717,-0.3947530194979616,-0.14069038923149604,-0.4676465178755357,-2.0526900817127376,0.2981718284949174,0.06923817905260649,-1.765533087621383,-1.0631054792923222,1.2898279025397086,-0.23477373028008236,0.9102668564929678,0.43062610117969996,0.2635791344955671,0.49685667989039206,-0.13233838180594323,-0.05260696416546034,-0.20953066779043594,1.1215851103103465,-0.36076862617987454,-0.5839236461942563,1.041988934691947,-0.46858711176753015,-0.41355222312044587,-3.256228749967209,-1.6795962852288886,-0.48147151715522485,0.30458113606685505
4.346698779645138,4.449553310485047,7.686768513597069,9.510542474905874,8.222205813518293,2.038368750886263,1.7492233644862205,-0.4802554694689905,0.29229418509225125,2.5756635209278858,-0.8091838262993,-1.1211407775082973,1.932539642421138,-1.201554219194186,-1.0878950733894002,0.49972052151578866,1.7685031101713178,1.2851591168025038,1.3950744920596687,0.30129517145295576,0.6408595521409733,0.04706110105891736,-0.05368838834175523,0.9766297097219352,0.8612850093232642,0.4197435994918771,0.6036978133690248,0.6943979833545206,-0.15607761409682017,-1.0115126601395539,-4.606713120111945,-1.2858537360280382,-0.5349275664250853,0.7791895336704099
4.13575755421727,6.923357405604125,9.380969864067831,8.404461248339276,4.31055340873377,1.2695635269757992,-0.42561345176172666,-0.38611936946282577,1.952579003064961,1.8263878461003455,-2.9847522031985747,0.5907706356173992,0.6576857360426379,2.758627875005723,0.5075163522761673,0.5192600287187432,0.8932873319575739,0.8505050675729028,0.5871036792564422,0.6301234110901425,0.7869737911570366,0.606417730453968,0.24689056935176099,-0.012149941410514944,0.5006689749434721,0.45980227629309134,0.5013107861297188,0.21321778933400287,-0.04397320399778502,-2.7813257564731506,-2.7794085326687585,-1.6009841788116546,-0.7507035931443313,-0.9665544968843708
7.356223874370236,8.553328781180582,9.379011487022156,8.335043522681152,1.9163157355885545,3.579597420587076,3.5103428352114605,-0.5155469337587045,0.8904418337010234,4.250922468256171,6.023467750095881,2.0762555713865805,-0.409445502212491,-0.5341847471201552,-0.5682035411499111,-0.5477973876054618,1.095387376327717,-0.2572152779145686,0.04462774242469517,-0.30190077936221893,-0.3950144863291608,1.1973728177090508,0.03973123047720215,0.5120346749110888,0.8789760147174898,0.9303478089718841,-0.06089274681935321,-0.09051016757860655,-0.5727795469075813,-3.971290007403743,-3.3010681192184355,-2.3700380752983095,-2.5604209307141312,-2.9978886786944194
7.752273685605161,8.839236457852653,8.988698518909606,7.309479621767211,2.1534447011197386,-0.410397780832916,-0.178506107420803,2.571315082393154,-1.7825817999911842,-0.37958573889461594,-0.5750777807158138,-4.928268180607489,0.43530643204077835,0.40067144770273605,-0.23121213819762573,0.8083108841732103,1.080592894314686,0.49620770191439734,0.8073052473664705,0.765332739454086,1.224560228363633,0.6718493187567219,0.4056478579313048,0.04032576608640368,0.6058469905678134,-0.011514712623391456,-0.10498670627063716,-0.5388728108327568,-0.9301057414946922,-3.4162786398307072,-4.107403801305964,-3.3577404516490748,-3.5114748003180853,-2.3052012757488347
6.986134319053544,8.649563216680038,8.252581909655298,6.256070092324666,1.6884847501034916,-0.8617733600110706,-1.0819766009296101,0.9294779618734372,-0.047878934768861715,-1.1644116277178373,0.028281921416229226,0.6884455734916586,-0.8914067471240412,-0.17525217249767147,0.28219554813729497,0.3498219396090237,0.2474056405636041,0.889029434254056,0.20721030121291056,0.475271385975157,0.780161035575763,0.5850769437379414,0.026809845812323558,-0.018856005853484296,0.08785129592979124,-0.2731960030453971,-0.39540426046654215,-0.6240304440522519,-0.9608451021226478,-3.920680338558929,-4.094094003861388,-3.414210982205675,-3.4143615024135676,1.3821515256275467
6.124780315021305,8.659113036814258,8.220692870549144,6.191829464905036,2.222598799829482,1.1016643389876226,3.4402105453391574,1.6600834838615162,-0.7412804699740527,0.2637545012636424,0.38296411328356,-2.3571109706701945,0.5842637398696642,-0.06714119579686381,0.08211258993484015,0.7562926153443943,0.15561040422925326,0.6639607670436015,0.24182150640939032,0.6343879459406018,0.36808013467573286,0.48562414654297764,0.12287048004308802,-0.5093623773719576,-0.18670247813381247,0.09494106559318556,-0.3561241176215231,-0.5403840513275897,-1.0936546657283241,-5.366939155243991,-4.461744283980716,-4.081305415165037,-1.873525471668629,2.6639798279467524
5.092839119625709,8.4110681791204,8.194169775194926,6.465525322599949,1.3472587929191564,0.16572866890930682,1.2020440509383046,0.5069478132920606,3.57987314266382,0.38706901799013,-0.07381288133272658,-1.060555086504188,-0.3668272220786599,0.3622626069719422,0.1906204156817079,0.2780848679142243,0.2534767643527554,-0.23221408800836793,-0.06253847913762699,0.2474814952545895,0.4008605069409541,0.4417988118560477,0.013045963783180346,-0.5974972631678159,-0.4947201228885666,-0.5646060544864052,-0.2573308243634511,-0.9151525826372906,-1.1526116796436991,-5.557242559099205,-4.344129675336612,-3.624605180473925,1.320890072385957,2.1335651604936814
4.911703109691257,8.905605612891883,8.332045763552287,6.576886360619442,2.302376334201065,0.9348885279942225,1.8924850316064574,0.21655451199566153,-1.0434790882956608,-0.2497276141598104,1.1896351998317913,-0.8017217513293865,0.04494031835407039,1.093569341066182,0.4474522979036417,0.7303910762512574,0.45002645676094843,0.5007560513366738,0.09883417562431068,0.3478184734148878,0.11056639598288291,0.0502932235173644,-0.0661632521344087,-0.1632532809682765,-0.06904646330011051,-0.572741718100069,-0.6599009168986153,-0.8701527668978317,-1.135931439089278,-1.5082118109135987,-1.6479022276183315,-2.5604248270466643,1.0321502709980825,3.0680718219548706
5.294639875765283,8.384095636312209,8.194896247951272,6.125840743743833,1.3659504866675407,0.3523701290056902,0.002768415912410208,0.4276761327718775,2.1617022086899027,-0.5907502418400266,1.816309669389714,0.27559453376712806,0.6767130163419461,-0.671045916568017,0.4697815152861981,0.21792386397488178,0.678927739386521,0.6759636695203939,-0.08720960737233575,-0.15320025204462287,-0.03964212769241767,0.0904651426426495,-0.4930974567936313,-0.4007443543694618,-0.46790407906512643,-0.6298832395385228,-0.9550986569102116,-1.016194374762402,-1.1646415962341143,-1.0884571261223295,0.2529437814799121,0.3282671420555008,-0.055787632471892355,1.2298671991796952
5.347344029178903,8.481162157197598,8.55987123496035,7.147541426372885,3.8092010071296745,1.4090560695375343,0.07726030618864292,1.0770177405685957,2.6439048094518123,-0.4421918125746638,1.407889295959008,-0.6110754894630421,0.5303895665349768,0.3228750549034897,0.042915137698780303,0.1230435529540142,0.37558530094559095,-0.27295107839874827,0.06973971863324425,-0.22731328537358808,-0.45586580779775393,-0.4216239688778162,-0.6926392710615228,-0.7546504988371385,-0.9117070590119654,-1.0390700181215968,-0.3383304868235842,-0.9468745236877465,0.16572007291056223,0.7552691827225416,0.7328691993532314,0.5068040163160997,0.5281228388862483,1.2965747210231213
5.5250634637654255,6.477093640247922,8.400674623339388,7.728075110813721,2.3798685719687507,-1.53010869308135,-0.17273485194592025,-0.1259097658777768,-0.3965386865930923,-0.5555351308104884,0.9504340931571466,0.0032917084149811414,1.0469999016795055,0.5601467787908175,-0.40746034015995863,-0.6037512083850302,0.21368926975597038,-0.5129471212600992,-0.4628313898251064,-0.24194634569746098,-0.3226650655174487,-0.7014090928104031,-0.7700501651177031,-0.8310569164943733,-0.8778286138713599,-0.7084923096708682,-0.540339262416211,0.5398511623655976,0.47322804233200394,0.657499466404915,0.4018609989920154,0.8844717832988742,0.25422372654678316,1.2521948307258057
6.76440143350104,6.80803935116199,8.24170288830515,7.6533932262044875,4.39115593177684,0.8170625816372755,0.5331437287227849,0.032234300323035564,0.570820344614899,-0.33340816582263216,0.30721525809118017,0.4281533043719741,0.9072869694569191,0.20605906379465133,0.6691162850421116,0.34431943779838914,0.014873686735126386,-0.4039639536763024,-0.5470633573930072,-0.12046986919645965,-0.44919719124527147,-0.6782693118342659,-0.473230120058116,-0.5601332649121527,-0.6425332951807993,0.21387964496583398,0.4416000189331067,0.2992786838514611,0.2430461921376485,-0.006368232259121472,-0.22445813571182754,0.23443638742093462,0.7084062305995306,1.3915818005763623
7.115495726660405,6.69909288331568,7.973100623059826,7.857455969696632,3.083946119213011,-0.3627626409982321,-0.27623354745925816,0.8898966836813281,-0.3361305143499062,0.12179810994389349,0.10144104191880783,0.2373133591060599,0.3499635229376349,0.6436151674817961,0.6218729425533882,-0.3918187557129736,-0.3682570777444066,-0.26235741345195845,-0.032820042795977854,-0.3934941532286348,-0.2692807338241585,-0.10534966301163788,-0.6837892465352657,-0.29471721029823367,-0.2788255675750393,0.23976722949153478,-0.5932147227078624,-0.46257334405971684,-0.29744618615634566,-0.7083345061311512,-0.5794850478942538,-0.1642368111306005,0.5225871768750855,2.843660393938868
