script/wind10m.json
{"header": {"parameterCategory": 2, "parameterNumber": 2, "lo1": 3.000054539987559, "la1": 64.9999836372058, "dx": 0.5, "dy": 0.25, "nx": 34, "ny": 52, "refTime": "2025-12-06T20:00:00.000Z"}, "data":
[rows 0 to 23 of 52, columns 0 to 33 of 34]
-8.601312704147404,-8.580042722202856,-8.502863808653142,-8.6094158547062,-8.725490307742024,-8.872298797701985,-9.211097049831587,-9.319459065536206,-9.748532755220197,-9.955341601406332,-10.598676976812511,-10.623904777061798,-10.72133359993444,-10.465694314710099,-10.410992060643316,-8.931304345414325,-5.257754346147,-5.412995280320254,-3.496739409846371,-12.340884042578084,-6.350662770657436,-3.6334237428754483,-5.898472748364935,-8.861371042178432,-2.0831430241908717,-1.8111294529816238,-0.8954223027004626,-3.601650157577534,-2.249122015019289,-1.188367676886367,-2.5768570119086265,-2.950621262925684,-2.9272578956978474,-2.1255072434719247
-7.875570050271802,-8.16907966753796,-8.314518038620982,-8.49098526323447,-8.560616894222388,-8.524837199476105,-8.791943111550468,-9.433451504662182,-9.505263271591929,-9.790066035677466,-10.04417468895537,-11.243615172013865,-11.198694085617756,-10.99216471465778,-11.203797971018725,-9.900744800670347,-8.193449635931485,-4.640786778107104,-10.120597801027985,-9.674906000915303,-3.1170905146124177,-4.839959242684946,-2.186174534247618,-6.062865117134497,-0.7318441861864364,-2.3808731600980537,-0.35941171047513143,-1.8800823293469904,-3.255963879748898,-2.2610932211099044,-1.0554541341637746,-1.995429384428304,-2.4564475565202475,-3.0516421733244523
-7.553122018849745,-7.941324828933104,-8.086353747484937,-8.20691638497813,-8.143080190828558,-7.9999103064555195,-8.218693331833736,-8.704611211835946,-9.098928940121192,-9.431067583479189,-9.207345136203944,-9.996222333684223,-10.869922903703278,-10.863915354281971,-10.323537672511385,-8.144565356397349,-5.551417998238722,-4.348460583070296,-4.960430237924324,-3.874769629529848,-8.682932346138653,-4.639856389807547,-4.162458243021281,-4.392312765384297,-3.449575770595857,-0.7419336028901953,-2.1406559689111107,-0.32601274240657807,-1.9320118896642589,-3.172085239997362,-2.1041913919851156,-2.2052379274137537,-2.2859528654996573,-3.206726977055492
-7.475768810056069,-7.660135924767418,-6.963938062961949,-6.9292107842691575,-6.423677528398505,-6.151330795864564,-5.699175259249856,-5.6587223917641065,-5.5244551398220585,-7.1063298611685255,-8.843441517238594,-8.889565680130662,-10.133866790965884,-9.90563802690435,-8.40141948003235,-6.909411955669653,-2.463050760141736,-2.731648495699809,-9.682654404469542,-1.6622593114425335,-11.890925187381834,-4.004374806604647,-8.83898112161084,-2.5551520624875677,-1.6151543759584934,-1.8004259563023401,-1.6959842553085538,-1.5232637411193564,-2.872714672740707,-2.1907045727070815,-2.9702937102289044,-2.0534333736615573,-2.3242575058480037,-2.775387962227767
-6.209221007686387,-5.933224830120338,-6.482357505767802,-5.621210989578207,-5.4652193637914275,-4.915968885916236,-4.72257133238577,-4.263366889322394,-4.602933742712984,-7.00734507329379,-8.31792365178105,-9.119988146019217,-8.781783995254854,-9.698138199401976,-5.529382783599477,-7.899190251865379,-4.096877506594558,-2.1040144330656187,-5.074199867208868,-5.998791357283172,-10.931539336263118,-7.148754971947059,-1.1880516713639708,-4.1469041841666545,-1.6115735835219331,-2.1219771615644003,-2.3415101045991795,-2.0050593789797806,-2.378479465963311,-2.321869600418607,-2.763604161834187,-3.55531067979056,-2.3713468914605826,-2.8814917555386454
-4.4440217262146495,-5.114526421861975,-4.9503029524470765,-4.690979731727395,-3.8395861439929018,-3.562182002068555,-3.954976316161389,-3.884384103790818,-3.732507965896802,-5.752843655058253,-7.665122388732931,-7.712838575921982,-8.755928995554278,-8.404639555502008,-3.665978331540439,-2.969035784145265,-0.9984208294646432,-2.9074388253778505,-8.830894930353207,-8.257210517578352,-2.27762174604657,-4.680740165149624,-2.4640460221776173,-2.234287381203327,-2.345889590961834,-1.645786527393192,-1.6762031151914407,-1.949948312426933,-1.3025315507257125,-2.9190256627230378,-2.84697668400946,-2.3606077663823597,-2.4366247261857183,-1.9492821223586176
-4.351303763834428,-4.029254355564951,-3.184015716032979,-2.8716483060373044,-2.3699186786794724,-1.8878681091096157,-1.6827986400083317,-2.237818314488718,-4.4916808404164765,-5.338222448941133,-5.470835322381858,-4.212513259783077,-5.607018400844841,-4.9406584684117965,-6.117956215235616,-6.50237719119011,-1.8442170957342052,-7.6104145603492706,-10.869709781644003,-4.120398783347424,-3.0745828440267924,-1.7894291588926887,-3.5487293293467013,-2.6751947831039216,-2.791591273186515,-1.9350322290719684,-1.8125384588814764,-1.8813221305150527,-2.110216677886768,-2.5839411300551705,-2.6606349241141887,-2.1813958070137005,-1.7958137638295366,-6.927852909025302
-3.8701894411079536,-3.950606764861791,-2.9263789317812656,-1.6525922060367233,-1.651823976832745,-1.3435863599244464,-0.7288191708122775,-2.4632139904878096,-3.399129910148388,-4.801683207812413,-5.556596070801422,-0.2639946538182035,1.1050635086003784,-3.5916918306961323,0.07133590327713409,-1.55458720485508,-0.04948387345890756,-3.8912066280332227,-4.674830875633387,-4.83085728530369,-4.170117653451368,-2.350992491286571,-1.421796717602725,-3.0998464537121433,-1.503139812095861,-1.8949529694769105,-3.093068137186672,-2.3018970752060675,-1.5736649997240455,-1.5654361850255378,-2.474007846926115,-2.329178039202493,-3.662483590574459,-9.91587080381615
-1.9158024767149695,-1.8317792092857637,-1.7900291130020927,-1.4162529645905007,-1.2868513428948827,-1.766470891664446,-2.4332838816122857,-2.886698599689085,-2.012563013728723,-0.12442259990122909,-2.8481965078129208,-2.238014308161847,-2.6290843876231658,-6.063026868627034,-3.3995060650757485,-2.913720775852669,-3.8531146599161965,-4.087253835405602,-2.7597396210863305,-4.9781095704553575,-4.75522771018491,-3.468249936016148,-0.19142447383542963,-1.5880260047004162,-2.1178644104340725,-2.7467066275775482,-2.207812439703357,-1.534543619484739,-0.3745081803671025,-1.5180199801945766,-2.775559192578332,-4.676144903979138,-8.875170040395913,-9.308155719716952
-2.0267118381600144,0.3980328746796771,-1.9126421767130064,-1.411060142135125,-2.5397001686597442,-2.2327405631457733,-1.4897789388513714,-3.0786413412296767,-3.0680361735796824,-1.096482964293318,-0.6504833969300893,1.8678298713353287,-6.065465529390198,1.361831018895973,-0.9685900267864971,-4.225653818059623,-2.7379109901150254,-6.545544604736817,-6.129772206833294,-3.8056869572085117,-3.3316189626074117,-2.181990679913225,-2.799939920533095,-1.0636880600224026,-1.2236409585224417,-2.7086298258043104,-1.6026364545506915,-2.4006893499064343,-2.3607225079159613,-2.0169296015755247,-3.725158356789162,-8.242568335110573,-9.04317031218039,-9.45658688923238
-1.5196532148231783,-1.8175856191116582,-1.694178310185152,-2.7163128161084478,-1.1665826832367976,-0.7289556181645577,-2.649041965233161,-0.9618951331708218,0.2477723380645803,2.1459574079239836,-4.759673714342626,-2.0378528471427027,0.4234452775880225,1.757640250089651,-0.9069236706414565,-3.6879627846791987,-0.36984086992433995,-2.2987332819179653,-8.931716767365247,-1.7553097952777492,-2.1672968881138908,-1.6649873649647682,-3.679157488517629,-0.8375554334320132,-2.0722341013649612,-1.186588923330129,-0.9127704120737398,-2.6487379661075177,-2.1790215408261377,-3.728483671907106,-8.432124656140834,-9.249344302796864,-9.304925342389787,-9.653556556026363
-1.472130995381859,-1.842458793073649,-0.9426230374479201,-2.2882423484377177,-2.489888388577888,-1.2401240932690236,-2.185938862568335,-3.8709615181330754,0.5974661103431991,-7.186248112884784,-2.7869937924173147,-4.3508230351762975,-3.9424168253301928,-0.02801493098146463,-1.4985464045111623,-0.763336246938181,-3.816734962831669,-5.653620305635897,-6.470090592855184,-3.3374978399603643,-2.2248374066861127,-2.859689691095881,0.3053742745783863,-1.455389673032028,-0.42719700505875885,-1.1915906113317516,-1.7679200538804543,-1.3070367441235131,-2.1404925948700564,-4.420052193427783,-10.18350436015206,-10.226829366780086,-10.270999978146717,-10.32854568065465
-2.594069485209142,-2.2317703658713564,-2.3963478095068327,-0.7850232269138643,-1.6182222751145232,-1.1989688395969613,2.557063761267749,0.5415767300944375,-4.425381590246158,-2.707130957553816,-5.640412847033145,-6.53329978666638,-0.9470809026839936,-2.7821992580358375,0.49304669409247237,-2.2872141861658157,-2.7538816151153775,-0.606436475742498,-2.887746161525637,-1.8493698453009046,-1.3807522774706993,-1.3033853208990143,-2.0891443273356294,-1.0202251392846697,-0.4289987018386432,-1.1245347792153868,-1.0302549816633932,-1.799866871371029,-2.320613988797581,-9.532827184109182,-10.852628522212298,-11.386376744470061,-11.357756116257773,-11.199226663892997
-3.801753611053022,-2.994534489156102,-3.096744677034115,-4.852227724862045,-4.1320375626190184,-3.993307646253558,-0.5427451156230955,-0.8486537727556512,-7.37462553848063,-3.91730463635673,-4.901467262844683,-1.1726959054856512,-1.2155703434260705,-0.06176676416673347,-3.552178657245478,-0.5529257111001381,-2.4358295897070628,-3.0953741054633452,-5.318496731423234,-1.5469224283140628,0.6393004128376426,-3.8266227598142777,-1.2096424110195136,-1.2158450233618732,-0.579446440104222,-0.3139349318969491,-0.3108856013187521,-0.416947319366032,-1.7527639871331961,-6.232397882062779,-9.015705480921127,-9.86149001173428,-10.761062336658467,-10.657840635562431
-4.31493064176621,-4.482979394702421,-5.508040328094905,-6.130341546831715,-4.19346497379746,-3.8694120789240336,-0.5563541517538273,-6.404506220868673,-4.448285603303444,-2.841328909448541,0.11943378916214445,-4.943858977193188,-1.326438544953897,-0.8511985061284895,-1.4581158939070022,-2.1737569506872516,0.42492348281039377,-1.4744264761124932,-0.009416635393291179,0.1144969499386072,0.45264609786543425,-0.9388426669168715,-2.0119650568848377,-1.5701318630462942,-0.396791616214342,-0.9512284881965362,-0.824468443302583,-0.05466257637904334,-0.16642021677649452,-4.887991407538535,-3.701754567298282,-4.294636011369385,-5.429696043453738,-7.336363928615891
-5.093143407047953,-4.925051828561912,-5.630965189065714,-7.020964569725941,-2.4081050567982007,-2.5361797039629645,-4.872080913793255,1.5846177609964256,-0.3246230121336912,-4.392312225603803,-4.982769102000169,-3.791017517453023,-2.5318569901268178,-2.047073231201202,-0.4763873974361588,-1.7890427719715032,-1.8980485065428903,-0.6655152056528686,-1.5890931619471627,-0.8304678503308074,-0.7341378982993839,-0.7189955614042659,0.5927727866406637,0.6338678081620683,-0.37816721173566836,-0.5916449204529285,-0.3760383855107263,0.9103000843879234,0.7520457794128638,-2.9422229514489313,-1.9669661881347942,-2.1623691321039282,-2.87577701229166,-3.9474931005726246
-6.2296978650952335,-5.261382974718995,-5.275347446715423,-5.4013572538972925,-5.405409530936736,-4.642030456515442,-5.071909047915609,-1.7473097947900644,1.9220523908124774,-4.023350618831718,-4.775288396700622,-1.7021298701100782,-0.55419373392289,0.20287191052557768,0.5158288001239643,0.39408012786117763,-1.1340777039320293,0.09421692931007872,-1.2704363447887341,-0.35156278146533165,-1.38876883111421,-0.9102880394701519,-1.2500301767547022,0.9414423760786989,-0.7747514723275006,-0.8782329361260102,-0.6504352634537226,0.1661333722106092,0.9920114033382688,0.2671279041005005,-1.082483668917534,-1.6460248089125924,-1.8033616591702826,-2.3479493112597067
-6.126423466322649,-5.404757935769326,-5.56086176050317,-4.275336727051037,-1.7573762112503908,-0.605839711760482,-4.078612544650284,0.2038441936571396,-7.385606243155228,-5.396635918061781,-2.6770647733424253,-2.1520993908865425,0.49278182310719165,-0.7406838268843317,-0.6688830527816835,-0.7060337737141561,-2.5916715050537236,-0.6777450312016049,-1.1875753340949906,-1.514333974506815,-2.0179752622739406,0.4782529176803307,-0.23355239293033736,-0.4147469332269827,0.6323360701410685,-0.027535613326263694,-0.026606472259515308,0.31590272243663037,0.9388417907684647,1.7500990531998954,-0.5792183554479365,-1.9609973887772396,-1.2354435889415885,-1.229532180883909
-6.544791342853509,-5.686846059907999,-4.774029282819148,-5.403059964869473,-2.635397669711796,-1.71171942305344,-2.590182522094806,-1.4733245585126569,-9.41262293064726,-4.460518801658994,-2.777132567904986,-1.3212766726646081,-1.4857302394869356,0.09899985626469826,0.5029205253333474,-1.440463423165828,0.004159155450320787,-0.9733005887962298,0.7703677783304186,-0.6133037580237529,-0.2160154074990233,-1.4173097788582585,-0.7063182604535445,-0.8816339511702037,-0.20706905366575448,0.746316603156495,0.301673634235535,1.0282651398404425,0.25698177249033477,0.4108988602021799,0.1909087605211431,-1.497233696235801,-0.47570459792077546,-1.1050730080826292
-8.578330430051947,-7.2992816197724695,-6.2349423429126025,-3.266680950897347,-0.6902088560052863,-1.6350553037647906,2.493897180749859,-3.497048675996597,-7.640882765487346,-5.217071306505655,-3.4170710149817003,-3.005354655590057,-0.27814997256370055,-1.1175584466043456,-0.8746001017057592,-1.6021254834582868,-0.009120330636054412,-1.1006312700043526,0.2339736635622176,-0.7170916024688351,-0.05404868875157106,-0.9079346274357596,-1.068036495617646,-0.2813816262321078,-0.1296936991402786,0.3334449309531493,0.261028867866014,-0.0841148966617368,0.41114375284166377,0.4666073044050429,0.030768417174003294,0.0028251010124754404,0.1748201780951829,-0.4212301562208329
-9.959838648806873,-9.157442486113988,-7.121467751483925,-5.365596406638287,-1.1097425709872035,-2.2269038169998407,-6.560999176523856,1.3870795628964165,-10.349353510896668,-3.939068185009621,-4.424475313487704,-2.487832698849839,-1.2568600070460658,-0.013795748086578642,-0.31611553283820537,-0.9260742791506318,-0.8694257694069681,-1.1151590178140882,-0.4298911167888134,-1.35907227878312,-0.4959493113930688,-0.015255523365206866,-1.1249053031914809,-0.3082601383027741,-0.6008759054168197,0.3090320658757719,0.13766241569722915,-0.07294184166669222,0.19502490450713209,0.30252478081520023,0.540858177904845,0.2410140762012511,0.7050749302972075,1.359722813925787
-11.321071943199989,-10.483603402717083,-8.862481954121218,-6.75156105246809,-4.276614301726678,-3.1658199688285458,-5.626903312104935,-5.57444001118408,-7.487505208805991,-2.1647229170732447,-1.8117555964367136,-3.1271233922118866,0.0629497520589064,0.7245308206926387,0.20689121977806976,-0.3829168417711101,-1.3142714190526426,-1.4962836408266977,-0.6418972966774612,-0.571053870239381,-0.8512595373947333,-1.0335142949414706,-0.8768077226127214,-0.6620569783290841,-0.40201093609711847,-0.23688461177254014,0.03126356264662274,0.567208875703395,0.5972025199412117,0.8853466079324898,0.4673405479215752,0.186733655859333,0.621654101307098,1.9352809748162836
-11.861957826579571,-11.95089092669176,-10.506540177477653,-8.949979225658101,-6.6349018203195165,-3.0485606743494094,-3.2886729990558483,-4.4767930012547135,-8.57563569869478,-11.59858901566701,-0.31141160053923983,-2.777554338566827,-0.0491920737171571,-0.9044935117195768,-0.8494404623287564,-3.326571743808054,-1.1350324293108092,-1.1181979550734447,-0.8264095004586973,-1.4532852567168437,-1.1179115224681448,-1.0388704452547248,-1.1459253125813063,-0.8710261130225844,-0.5936133880286197,-0.23535910457065257,0.588014657112289,1.27192367174262,0.7715369137827737,0.6791587740214458,0.15525685206426112,0.46773922273129537,1.800857488863376,2.501591119196437
-11.518635167249437,-12.3559893534473,-11.79536676996448,-10.461606243539077,-8.913067145516832,-7.54077248798573,-3.498474630449822,-12.429665814276555,-10.001819070546885,-2.902343541342864,-0.03888491130417395,0.6540058960313673,-0.6063355645176447,-1.3176558030258076,-1.3426842449758347,-3.227408208980662,-1.4737096977731416,-1.0441068038206012,-0.9657490407655768,-1.0136260167581224,-0.5833441005921655,-0.06298340174469981,-1.3885959027368917,-0.6663752391989591,-0.6612788871934534,-0.41887310710810327,-0.4209897253797416,-0.25352074835469113,0.5033842320770379,0.18696043230114012,0.786322401569631,0.8105956358524057,3.1669137709322,3.707059972550369
