script/wind10m.json
{"header": {"parameterCategory": 2, "parameterNumber": 3, "lo1": 6.000027932988019, "la1": 58.9999434238085, "dx": 0.5, "dy": 0.25, "nx": 22, "ny": 24, "refTime": "2024-09-02T23:00:00.000Z"}, "data":
[rows 0 to 23 of 24, columns 0 to 21 of 22]
2.610011045618613,10.143467247094645,3.991000647098808,0.030022963504321636,1.4040554601259516,-0.06366286506146755,-0.4297968362587226,-0.74080362156351,2.750818969341616,4.007781658031214,1.4772920703639154,0.5381923617850002,0.16634821989012283,0.1981944682874524,2.8758073231924883,2.5159512595314824,1.533509680769508,1.1175241948954908,1.220940253751678,1.3879165517277272,1.6875649617497883,1.3552501657180756
5.682318839619547,2.6061714773726,2.530334811717128,0.24981098818211764,0.7465338878330356,-0.5929511068852238,-0.9689049678675296,4.206689148703213,3.9952290417602425,3.5231890799166146,2.39312968825131,0.7013940345630166,0.6791589773802725,1.5826756095130348,2.0776716573347938,2.8470645900415796,0.7165446866883193,0.6629425746494301,0.337646214778198,0.1807267711691144,0.959366763833679,0.9983278721972344
2.1859587432251493,0.965638661294016,0.9822473876425128,-0.3830109109086135,-0.1292806245904778,-0.23190397331776405,3.9094697237836,4.347950997230021,3.7976164131624564,2.9856190962583518,2.588096151119646,0.7991332687358096,0.19633244434061917,2.1701767441371143,0.537829267163089,0.056251728587724516,-0.2304639472113048,-0.3812687370334386,0.04794910112061869,-0.2591716456192435,1.4898890882373184,1.5184080901463806
4.904977964649283,0.5267888161031153,0.42583205950851916,-0.32520942377233525,-0.4071502186971615,3.1118510543740943,4.2166589101711,3.8546926820371006,3.7641226255610407,3.752333114250213,2.4550943582030404,0.3458942897898334,0.28419756543303715,0.17898999607074428,0.94202220000752,0.8242392310313825,-0.4274282946497072,-0.6787509343571158,-0.10258430350608935,1.4455742172058657,1.1307175685141186,1.4140081328913656
6.755666165559835,3.2458117493217236,-0.03843400535034651,-0.5400445906505997,2.293638953846697,3.1460772127695114,4.378401532313517,3.907720659683257,4.634610398465655,4.323068462125691,3.597212979388193,0.34209431988218353,0.09079632384671862,0.8368954721737424,1.0195272292608206,0.9648248272858887,-0.14077872041495115,0.03577226627886585,1.6878260902822337,1.0427970266048476,1.5482003021596542,1.4517952791947322
3.915257861448788,5.096926200692718,4.85409251211784,4.132187512590908,4.441067486872478,4.709148488189899,5.041181963579221,5.151533188742464,5.683437480193737,5.539238040309089,6.43710399220923,5.4593343464373945,1.8473133097585694,1.2092082628264575,1.5513975892920318,1.7774205502861677,1.7206905547989966,1.6166942174170287,1.7350109772488589,1.3735844752905928,1.536927933804196,1.739526081646723
3.8898689638187096,3.5836637475313213,2.8182504379275906,3.643230066545171,4.4118137176738506,5.60910039874581,6.2119732817708275,4.936491518360711,2.2136260746494067,5.763439660277453,7.631111697273634,7.408003551182385,1.4807881256188853,1.63465508205557,0.8705524075175023,1.7866048496882299,1.5333277819394613,1.8595992528632963,1.3694518193233132,1.615673887427894,1.5425194118043355,1.719474489567112
3.6490582188164877,3.7381273417301535,2.7158216638278776,1.6616118821330839,4.068628902685696,5.837499688656663,6.131686105329215,3.1876539583863077,3.0913463473819767,4.972686798092445,3.619744969859793,8.11873154565889,5.943499863914386,1.7393394086207699,1.5182777374311036,1.1257799875430312,1.3009164444894838,1.3754895835200756,1.7411461807222133,1.7138900173676226,1.4538384057315024,1.7045354244504058
6.542050199723934,4.988546872835412,4.2011046489126835,3.3352942732280435,4.808496333567443,2.2918515315656163,5.704597966991942,3.163033399364225,2.7424206219059126,7.478703037449243,8.0780826937353,8.501702853608217,7.145550994578203,1.271142251060712,1.1300582700289683,1.6489550856059687,2.088746263750321,1.3672641192543435,1.3978729842313498,1.3168324143302441,1.7239814627692056,2.9389885236367745
9.227523292612705,8.85666519130474,7.54386805362032,7.140283634106784,4.3704215003755325,2.4254314646593187,3.2654860901739546,1.9028196114805584,2.4045009005813713,6.180522222754935,7.719643512504287,6.457939828321883,6.363284157690065,4.800223474924743,1.5037044692954489,1.7269187087434794,1.445622165455758,1.232667119905609,1.1223732960636263,0.36476247979385,-0.70404128954865,1.4880607058902928
9.569284231386716,9.519858239546203,8.783507249102515,7.399188111494105,5.202943303292523,2.3828247609631865,1.3664282158839869,2.7316228478426434,3.0963261640298763,3.138141204359846,7.538456226393355,7.366423496174368,6.226054205332287,4.519217232032818,1.2842071431494837,0.6171870832536361,0.8456402217628894,0.9570052393232035,0.4752286307292207,-0.35801388497283676,-0.7871922905063413,1.1588090498915729
8.561119794827155,9.357834253931058,8.108067204141127,7.762274132700507,4.307230927190922,1.6698348557973537,1.6580586298768287,1.932250110224609,2.366652091612362,3.4491085296976083,6.722738374408136,6.579278025478126,5.7385233970594305,1.50509532321999,0.5799822574893881,0.48786922567821084,0.02173143302185991,0.05648703950171484,-0.6695492631349782,-0.07610440522482574,0.47489794788767387,2.6964433790092004
8.643803358543606,9.031220192144705,8.375029553677878,8.552999401954784,5.898950377645216,0.788535713826504,1.2934929816745053,1.254923090268355,2.4232383670657196,4.346131748496378,5.737085396641927,5.297942580426299,2.368162454293044,2.342543213108104,1.430867811937175,0.451296393910249,-0.2354466016313756,1.860820585015281,3.070855025522706,3.0899880264784403,3.807012708182608,3.61545682939617
10.247804964595035,7.56387050494965,7.155355192681048,5.542181617241921,4.468388309436099,2.119814864333178,1.4129762578415035,1.151097200668078,3.5953399638606784,6.26037007082885,4.337918431162461,2.7544447226571385,2.7897957346016087,2.038984955938405,0.8652925462943332,1.068281717357975,0.5023833956121613,4.470075273767923,4.276036749676718,4.05172262379203,3.8649352043986105,3.543573170176641
10.32917682555214,10.700962284364152,7.903552218933683,6.025355469331723,5.132091123456984,2.3419973158378657,2.066761841169935,2.1551340456646004,3.05564085522936,4.563277318012598,5.646829050003387,1.5881503627635893,1.8227574994629954,2.582417980271299,0.834882971551792,0.6874127888174458,0.8676132860869644,4.165917597792926,4.128767288604616,3.861931611080016,3.239841527255682,2.7586530509577596
9.630719763781476,10.49250055263685,10.417289278451348,6.741576963990778,4.8006076599000105,3.8138856227109876,1.535866646582703,3.100717004330275,2.831622473323716,3.013454114627881,5.509644487965987,1.7088397442423786,2.5096528287792594,3.3791893012493004,3.0047189685361975,3.817556745945027,3.716877106498948,3.2713655809574873,4.650862633686731,4.014594387511075,2.9818740940520723,1.944248018138504
10.49681599254724,9.543032151486251,8.667607350313713,5.970457370482448,5.235181025731359,4.7537981371073865,2.0345486374792485,4.501832456430379,4.875047073515781,2.4140566894903572,4.325408875947234,3.4226942917926744,1.9494108009499196,2.4695206687864326,3.245431427195638,3.6886695488095005,3.9036987263860903,2.9953628317792593,2.0368829391483327,3.5969870714670242,2.6785641685235015,1.448845189470522
7.851206896081733,8.672647310193847,6.084396565815379,2.592785907044753,3.9696159672496623,1.7711590067719978,1.0475017580327446,2.44469289931205,5.541001368667648,4.7395018783472365,2.272077220174571,1.04564003822028,1.8026226277591084,2.128072024649377,2.5344403177292087,4.144349352561347,5.024306710602221,4.4579529563034574,3.7020010577526823,3.103965495110568,2.6305403926542588,1.6337563189279058
5.88645459380376,3.7563039147258097,4.3182148391162825,3.536944941423666,2.0769333112487267,4.8040384383422206,2.692225539390573,1.0113215482286635,2.7120945593281283,3.7177058745872156,1.475764192356342,2.237427059505764,1.6551802284748653,1.7021598851726392,1.191261850045219,2.411174036862559,4.824768755521151,4.075197542560688,3.2885238673656523,3.0802165655872114,2.604951801693011,0.6129855938619653
2.447109661704971,-1.8121412088202893,1.996661038359411,4.73927030894096,3.9077667293974683,2.8623336120365046,1.8744525412763984,0.5520087407857379,1.0569290498909483,0.10798648549755409,1.3683978361927833,2.0667793545814073,0.6621274666854127,-0.27020383654293867,0.4395039173383147,2.7317560526703155,3.8344762460992228,3.58701757346635,2.8293618821387336,2.0642637635731718,0.5737115412077101,0.18171686975372386
-1.8050607581533915,-5.558720747455464,0.5209304094695333,4.273287569092389,2.692340587379668,2.561584211237438,0.952331278855305,1.1384301401580759,1.150106079802896,0.7858289968381575,1.750162784039068,1.137090421003264,-0.03559240583996352,0.4268045422002918,0.5614531176864229,0.35933449441877224,-0.06252200267794239,0.9359583053814883,0.4645675002823653,1.187941184346179,0.816896868767484,0.9272841926860289
-1.1620114805264832,-4.693483128193032,-7.864130300854375,1.6345741079803875,1.8871294869390245,0.6925418482297601,0.3297173271940257,0.5268909405483104,0.31167371427917107,0.6259711187560281,0.8770232296256874,-0.5497665525870572,-0.35517647503630057,-0.5884521660510764,0.6747622889564328,-0.3098406732895781,1.226875339491262,2.5584558856013597,0.30509377015179057,0.9229526281357127,0.4135800613504678,0.6451508995179549
-2.1189090556296155,-4.176929934309456,-3.407404405253372,-0.835075200997167,-0.8658830313456626,0.37738736980644755,-0.15142148114433282,-0.21724902806074026,0.23843304170469531,0.19725553164756646,-0.49647313587657005,-0.27729475172750345,-0.3651221040370724,0.1456067849179112,-1.4479708136425613,0.8343768053635668,0.2340390999037048,1.5517808963684956,0.11890950254525097,1.041150417244115,0.28319470888240755,-0.040521869999669405
-1.2402961776460337,-0.6032065391971978,-1.1858535460303246,-1.2838365506396,-0.9639627615643822,-0.29193917761807947,1.1751024304384625,-0.3134334259074725,-0.34567063867877584,-0.293618789817024,-0.05250579418765378,0.1685145684714082,-0.06592269692789565,-0.011818388945531333,0.4940315497615933,-0.3414174969602025,-1.3514842902200621,0.19387543982733574,-0.04608884323000429,-0.5077543151672371,-0.5016711513177909,-0.9308649801067145
