script/wind10m.json
{"header": {"parameterCategory": 2, "parameterNumber": 3, "lo1": 3.000054539987559, "la1": 64.9999836372058, "dx": 0.5, "dy": 0.25, "nx": 34, "ny": 52, "refTime": "2026-04-26T08:00:00.000Z"}, "data":
[rows 24 to 47 of 52, columns 0 to 33 of 34]
-1.3079293891157873,-2.80065346621517,-4.481854036707437,-5.38152429985462,-7.576057590060548,-5.484621172774597,-0.23511937823337348,-0.8877050890043966,-1.669733709254874,0.5614819237533114,0.049676364806245425,-0.19075020536483772,0.17176884019040928,-1.0996220196456317,-1.2213528789683918,-5.509426790120282,-3.7675649148622536,-1.8964121819752735,-2.0109454123649324,-2.2230002579085744,-5.998447769083152,-6.995377900597326,-3.212229250766287,-1.93492243437703,-2.3090459962300036,-3.0895492458056695,-3.645964675483365,-3.3569118693869124,-2.994463284351943,-3.8741609335717304,-4.539246138268463,-7.443282634090402,-9.283640812569717,-10.472129307281046
-1.4374675896358073,-2.720387670744275,-4.287215948814019,-5.338364645514051,-7.051993445260112,-5.480490817916042,-1.515664125045915,-1.2103702675840549,-0.32208147735904497,0.879151695692522,0.7951999676912572,0.8028499954797746,0.23816239455106641,-2.3292812977491644,-3.122164773155624,-5.256454996195579,-5.815336358634173,-2.161889895518443,-2.2445148899838,-2.8194557117615804,-5.899509280399653,-6.3586457090589175,-3.145598602265546,-2.5277824520839642,-2.1722105648124,-2.42689625659978,-2.6143607412822774,-2.5867293046143813,-4.200535285540464,-5.014787699128269,-8.237460949011405,-9.025499927511548,-9.968608445046508,-11.227312184616794
-1.6057959846983871,-2.6959079066979816,-4.073923093705643,-5.212735383104385,-6.950242884042482,-6.707389168191571,-1.886504273277331,-0.040738163018126924,0.7291690408069836,0.710184009140747,0.9362191282320349,0.5439394994299191,-0.5922320474131901,-2.969341322856725,-3.9860016098245024,-5.43266692214203,-6.753929068420881,-1.8730020768269793,-2.0190436509879075,-4.411477715948289,-4.350172933203101,-2.8237234235580986,-3.2240804061691226,-3.8011796192134617,-3.521266352221018,-2.5570870456856403,-2.7507397044652024,-3.533549970982978,-6.212228493910793,-7.600407368591629,-8.379177926156613,-9.897541487647048,-10.038976518011246,-11.618129336685296
-1.6260517993168162,-2.466302143353552,-4.131554236797203,-5.191673669802348,-6.888565888664292,-7.037169820219692,-3.987105948590577,1.062672420153808,1.0628705080395013,0.8509910193878669,0.8977626952655775,0.03162135551829531,-1.5798194108137145,-2.561058568197887,-4.024397888063669,-4.851895880094166,-6.4454306894482825,-2.326776743969045,-1.4728198526197849,-1.4750011119483526,-3.3319377732900253,-2.5317736443440078,-2.634971336865179,-5.461071274386146,-2.661534223037325,-2.5297261320689866,-2.141015764798297,-2.357519494166333,-5.266230809718439,-8.602864998984879,-9.150112259142881,-9.736213252685097,-10.371926374824923,-11.812531290554272
-1.8613333491073232,-2.337286456584147,-4.0093918246307165,-5.158610556810274,-6.81769916542646,-7.6963383122382645,-5.9427797350162495,-1.8271014284342537,1.5005140868478086,1.1381332437397347,-1.1544501699319165,-1.7686543019553926,-0.9894820615206764,-2.455579570601365,-3.450856838422975,-4.653315957846598,-6.045317468120835,-3.2058896925026255,-1.2739874748339626,-1.4731966902653222,-1.758032128918569,-2.144470081987822,-2.39908201362126,-2.6768426459531405,-2.1497098214779453,-2.312641838003051,-2.0992180499715727,-2.5351128897895854,-6.600959738612928,-9.313858504310556,-9.627055557920277,-9.675084635240713,-10.616165129408222,-11.656759868238371
-1.5355198831337487,-2.3980105452061724,-4.051248854792498,-5.114455290870714,-6.711349913342693,-7.250566287302289,-6.7744029975499815,-3.2954658763746316,0.07470869425785613,-0.7804859447674021,0.00423262946671201,0.10761555734298103,-0.6269450464504622,-1.9743374783116647,-3.01449817938012,-4.174880611781438,-5.603191423834417,-5.496484143730964,-1.6462326072039666,-1.6917178127245223,-2.0345095298305194,-2.0334824776570377,-1.9780299309565421,-2.02147698086928,-2.3540535211790217,-2.591646916377629,-2.432642604921993,-2.3523657642002505,-6.765989876852479,-8.225094855685823,-10.200005038369827,-5.7478290855151135,-8.111005153392211,-11.655953907262608
-1.436389690511187,-2.159584077515215,-4.236102944915067,-5.223763710925943,-6.405669569567116,-6.928390805419668,-6.579473790530211,-4.651162991797728,-0.09598504969090427,-0.67125923574803,0.16705199182059594,-0.20668207949015027,-1.0223724276466608,-1.9066043235651648,-1.8296676420006013,-3.8612900516640933,-5.068655749933956,-5.225673661244586,-1.1517313869223607,-1.8467970445996302,-1.8321843430136084,-2.0171562894713513,-1.8722918155894939,-2.1275387006178588,-2.193736747458266,-2.2067814148837805,-2.3368087563327653,-2.6519167879614685,-7.378614661932815,-8.54308438264787,-10.28438516995159,-4.563607832292683,-9.83747133239374,-11.43795222560382
-1.2981346028542073,-2.423032675700734,-4.135439896471984,-5.045633674899634,-6.277148759077857,-6.5148434334675756,-6.25003873475626,-5.050638814380788,-1.3047530586724,-1.4830145467167632,-0.5305177497778081,0.07997372237315396,-0.711426089723596,-1.3692861707640291,-1.538088304179998,-2.6923763567004486,-2.467071307010029,-4.863766927590269,-3.337125170635756,-1.6205790515061058,-1.5904407624279484,-1.7087183313178893,-1.7606809580264342,-1.8087830759219465,-1.88415654118577,-2.1865803376932633,-2.177485914429234,-4.737537084347268,-2.898277122692287,-8.50276430699502,-9.768248307530028,-5.082423049511463,-9.05197911920603,-11.000293579348897
-1.0853534060600594,-2.499098587557958,-3.846409976018282,-5.007253968385619,-6.087149629760793,-6.280360035053618,-5.893364734185836,-4.9151779173927,-2.1206759556558548,-1.9344281682953206,-1.2256611796133727,0.4749741168785172,0.4158358440644945,-0.6255367081344327,-1.0900181829775006,-3.851785225579659,-4.219869508170858,-4.686044522980562,-4.532613419609695,-1.2984324479930578,-1.3992616557322175,-1.3669048804081425,-2.129629808181219,-1.92831972789071,-1.772923251081371,-1.9334456458825653,-2.8239386127305153,-4.352833475785112,-7.268407808942073,-8.986225259216498,-10.24566053405007,-9.028479419635314,-9.396250446534319,-10.701957835826603
-1.1323799696010082,-2.452632712779931,-3.8948614097358023,-4.840710778101977,-5.818096623900686,-6.154422061458837,-5.2663136741862955,-4.91677002147725,-2.6644239380099517,-2.805561924551923,-1.8031624549199519,0.9361695537501861,0.42223789366761233,-0.3439370185728719,-1.2216563357768224,-3.5570037457809915,-4.660481765788412,-6.166791628872481,-5.9325413080189575,-4.467737595982688,-1.1083266829589737,-1.6761981897947813,-1.9777760977624987,-2.048301655905195,-2.225569682319111,-1.9863648764537019,-2.4037160428709505,-4.795132307348193,-7.517508540140742,-8.544149123104978,-10.340049617208463,-9.765645858613201,-9.633187045614699,-10.516328378060608
-1.1564102344703409,-2.355150607007814,-3.6435458160563448,-4.56867013946404,-5.347981788901578,-5.992815706663705,-5.267286923102782,-4.924725427727404,-3.1868519446380845,-2.747722604067472,-1.8829933699846697,-0.03794340800651527,0.7841935232252006,0.26136520946984015,-0.8731619155345679,-2.7803201620955136,-4.179126988490594,-5.293086150054959,-6.292441876836454,-6.106304457951797,-1.1688111001462393,-1.0619826245771646,-1.7409233722663386,-1.9256580182588279,-2.270609909341622,-2.1610419706576582,-2.1931263627987185,-4.6179228126501535,-7.483895239750555,-9.272264019049848,-10.393488375221015,-10.897977617248166,-10.30467639262335,-10.370851774324526
-0.9897659109269582,-2.3658753068786336,-3.4355530127448937,-4.3093787905052245,-5.075761007937523,-5.914102022768876,-5.613501554079672,-4.861794966979648,-3.4482975135251155,-2.181960055259003,-2.2358182037755436,0.40789542563485615,1.0291025289704212,0.8747157195409141,-0.2520465462134172,-1.1653871914151919,-0.8922038193643177,-4.0949141266066995,-5.006783355484118,-3.656877349393,-1.589526810386691,-1.2921927619513223,-1.3488297289272848,-1.7057719401913616,-2.1235583917123173,-2.379005297136795,-2.5156800246593827,-5.70641109598775,-7.278278040976559,-8.767556375467993,-10.302489144801134,-11.209273678303006,-10.493997379203911,-10.415658140662092
-0.8638007836609511,-2.1609417370164823,-3.1313583306844106,-4.168318612198612,-5.081434858668538,-5.814493176915939,-5.6256600159897205,-4.640902730946166,-3.6238901296892805,-2.4655302652652855,-1.7215482062842948,0.5737068128418994,0.9989584239888744,1.5866848937139875,0.23528373239914357,-0.9332522689797791,-2.036470635041994,-4.726724387149688,-3.0419242258716563,-3.0325973709838405,-3.0210216040995386,-1.6615377874298576,-1.6679493932160436,-4.265298503310519,-5.581302451327287,-5.7672859325150565,-4.966120029379024,-6.547337540974454,-7.88934902968874,-9.464111348357912,-10.825416764017175,-11.26818467939475,-11.105164679525847,-10.89274521165971
-0.9787173617731609,-1.9676273031488767,-3.0665773275537735,-3.9795628138956753,-4.99704646235944,-5.6214782149043385,-5.383113970355657,-4.450571382057352,-3.4889656046347577,-2.8069263381883593,-1.9068113556859745,-0.2644085669313866,0.9326913491390587,1.541368519993465,-0.16519835486169543,-2.095400740734404,-2.329085260918355,-3.0107944945705762,-2.8680449128987733,-2.7954529061027062,-3.297465607126667,-3.0544234847899885,-2.290306074540351,-6.3511424854697776,-5.610287780880033,-6.9224330428198435,-6.363792910440339,-6.475677983637885,-8.480528514848276,-9.294826925262084,-10.16164494971912,-11.044705915840224,-11.471877629556266,-10.938567795598958
-0.7686153011451058,-1.5260346526226436,-2.8325037260098367,-3.6034269824921243,-4.669485463866122,-5.252691520344193,-5.190416182296922,-4.221088342878069,-3.355615939963183,-3.1568777789085023,-2.142340541828334,-0.4395908405704847,1.0012455462789611,1.4276554187172392,-0.019614412545093694,-2.120135960209368,-2.9589745885604253,-2.3437819380186635,-2.862455498024793,-4.388009858632582,-3.875345116398961,-3.2095460906464295,-4.0735722145533915,-7.159208498236286,-7.412620106147604,-7.1105401141433315,-6.835272665243128,-7.296245777232912,-8.578562206091709,-9.840205668156594,-9.649853899592424,-10.708701481849909,-11.230382688295089,-10.891666011350225
-0.4401360406752476,-1.334029659815318,-2.4251814787688213,-3.4207417827297473,-4.180815432546269,-4.769884013541523,-4.858839250270064,-4.4778703788779675,-3.4138033257605755,-2.786025682041612,-2.2631864008506404,-0.8262306773433192,0.5219040879841675,1.3454265012795323,0.35114015921546804,-1.2846672787949582,-2.8503463827186866,-2.4593273353396086,-2.7359725031801543,-5.172205864300593,-6.21964575747829,-5.827776307223766,-5.40117702121394,-4.452136273736401,-7.37485258258632,-7.607789774060777,-7.856830218545145,-7.873144327004586,-8.222177907542992,-8.876690494526033,-9.372660476952912,-10.035324105979996,-10.632940786137368,-10.97102508481114
-0.3478033591054449,-1.060528273093618,-2.2604118177059687,-3.0802890938055696,-3.816233873359278,-4.454709079676575,-4.727804495110298,-4.660439777337488,-3.7196939784350658,-2.6574171929046257,-2.0710793142469157,-1.3742119131687074,0.8437114958559728,1.5491682845898622,-0.10845414247631027,-0.6704852367824659,-3.1413990264850975,-3.2792443941989906,-2.4494947986029185,-3.3958253413210695,-6.056391864376515,-6.769403937264067,-6.136138547483593,-5.604956882034482,-3.9501612643082673,-7.575898719594792,-7.599566203973311,-8.138696712263599,-8.129499124381235,-8.534392607638749,-8.684564346863345,-9.758122016966366,-10.405477010005933,-10.766811006097049
-0.12491587376992358,-0.9764926389739232,-2.027592356856387,-2.83645781757813,-3.4963835710098246,-4.113288681306831,-4.558743200469511,-4.604771727109864,-4.048299980817152,-2.715959046232274,-1.9307986193532614,-1.261958480161085,0.7478992844050281,1.358632474981708,-0.6059582416335797,-1.8385065865802868,-2.678701349399329,-2.740313721105645,-3.107808793131699,-2.911080093317673,-6.705244285082692,-6.81873341133081,-6.9083872842386835,-7.203870567960069,-6.433922949898948,-8.031376797522935,-8.168823954895924,-8.125957255782403,-8.189004180277387,-5.865929066101721,-4.911474144668354,-8.76784282754117,-10.553972171134404,-10.981788445042534
0.13431330572491368,-0.9987052838758018,-1.5402379259035734,-2.7317861613681593,-3.354702423771794,-3.9247702220110288,-4.316245055982701,-4.426995325358241,-3.9778714951851413,-3.1611185856136146,-2.0656708225181157,-0.8643544106847204,0.6020027963177549,0.6413061753475107,-0.687266505287569,-2.1605432829652913,-2.3833318701332367,-1.3716656812303827,-1.2447456995320092,-3.5824138078590666,-6.176013729435915,-4.744621869330403,-7.79463413375063,-7.379423072269446,-7.368260761521956,-6.229220080165064,-8.325140351503551,-4.9968737416706155,-4.233659244369021,-4.924282337412295,-3.2962854221085816,-4.329790568007459,-10.226430704508726,-10.804384856421937
0.33849523690425437,-0.8179537086707787,-1.6490191849755134,-2.29820214150564,-3.316178780778007,-3.8227182626506564,-4.173690766376327,-4.321173536883553,-3.715089677424703,-3.098092915840194,-2.3055019099546743,0.020101076651894357,0.021975590910156145,0.4934573151487696,-0.31676179608332156,-1.2016935113171998,-1.7493952564839528,-1.1898590740260173,-2.648399442783666,-3.176693227176587,-3.2013406208236037,-6.643260371848233,-8.333780124673114,-7.653008666796268,-7.3180718880309445,-7.393465266141686,-6.75929932952768,-4.265928898636237,-3.129858727378958,-2.915141074895287,-3.8484579648163133,-4.619299335271787,-6.497097153634905,-5.573715254299998
0.32673198773064976,-0.6924500620760465,-1.6472979651776545,-2.4069274880277662,-3.29690680456341,-3.693731832229999,-4.028191898819891,-3.9888608175565143,-3.6700415625456673,-3.3406536223041594,-2.6600594059189095,-1.0402339869489705,0.16466601591474173,0.47493483713768764,-0.3246352942373446,-1.2217997806720982,-2.8885958375330008,-2.585275112621905,-3.2895156254590594,-3.4600168875365807,-3.2843873270282575,-3.848948177754611,-5.45699084494305,-8.247612254587104,-3.5757649487063756,-4.83985634286417,-4.620223323172841,-3.154167174218277,-4.40604639695267,-3.3245626498092236,-3.0234494431147225,-3.67014155655439,-5.208910891090026,-5.799691979081927
-0.16646828541413247,-0.2966401158574702,-1.7404984850519238,-2.248880385668379,-2.9644279607755752,-3.397884363882671,-3.907037760635007,-3.8367091951878978,-3.5447844832286926,-3.072680931127826,-2.6593856812478363,-2.2981322991291826,-0.18399500278447717,0.3062441849362565,-0.25580680514953413,-0.9978822535870627,-2.124184328378251,-2.5667643815630496,-2.9731379180873483,-3.0308880529630486,-3.7190576197300462,-3.611606041226221,-5.75065258455729,-7.5735526259667605,-3.8334615680604958,-3.382349343320988,-4.231490175419361,-3.1205243858095506,-2.7751314729385004,-3.5980254928073463,-2.90658611134458,-2.935443327966038,-3.0069718630954596,-3.6509406907331283
0.33111307704787774,-0.8930079221700145,-1.6488002713832564,-1.9594072948306518,-2.5693531043081896,-3.1406441189422334,-3.547494368670077,-3.5520709416883456,-3.6058108837889122,-1.8367393069829565,-1.9789887273787465,-1.3339004602565274,-0.40549224013047813,-0.11452067531731945,-0.09752769201182976,-1.0436118126284748,-2.1939300761660783,-2.3686471981562587,-2.7331962564606003,-2.6341790447843025,-4.141965210000346,-4.645684518684357,-3.7733164070944563,-3.4678258201217522,-4.589798128635923,-3.562775531036894,-2.929760643446746,-2.7863594581491387,-3.253279649272766,-4.503603568722202,-4.0384018089249345,-3.1572121161781226,-2.976778098229048,-4.338140249719699
0.29623053130966503,-0.400935017618542,-1.0929544721657984,-1.607504755460624,-2.0025177455163727,-2.885076359104783,-1.9301359188274019,-1.8854891443004944,-2.267003032123285,-1.5599603754446967,-1.3713347646779461,-0.7405942698089035,-0.6489804091303603,0.12017464972523992,-0.4533993656839511,-0.7479478609089413,-0.9526467731764938,-1.894049883392423,-2.7769313867362286,-2.3299047966238953,-3.0148875327304965,-3.643216285143719,-4.8125483009574275,-3.0703473264517744,-3.919747411977065,-3.531127356264385,-2.925362998472885,-4.339438686937345,-4.6412027829804146,-3.806983266200402,-2.1954561122729492,-4.253220180705433,-4.63120018657108,-3.5755449089142197
