script/wind100m.json
{"header": {"parameterCategory": 2, "parameterNumber": 3, "lo1": 6.000198445256149, "la1": 58.999992894266676, "dx": 0.5, "dy": 0.25, "nx": 22, "ny": 24, "refTime": "2024-02-13T10:00:00.000Z"}, "data":
[rows 0 to 23 of 24, columns 0 to 21 of 22]
5.24420798806205,0.33296682119943616,8.345907247845782,7.768304344285646,3.503645468159125,4.355963581911274,4.53110324797702,-3.78804914809291,4.4400827830152005,0.9479938578024054,1.7873901242249324,1.1457393238801785,-1.3243530685874538,1.126534322239793,-1.260418447186574,-1.0272241580900416,0.08281289312963118,-3.109478809715041,3.403946174234548,0.6365878229023428,4.783344808338967,5.661112807197015
8.808165705365251,7.004134224193682,-1.0790005236762752,8.36701400199877,5.9826623780029164,8.146907357650353,3.8995244709025987,4.696168973226382,4.687961469594069,3.3585516802596334,5.769075435633049,2.767011192606921,-2.1103532609681976,7.481948412009614,1.177061678788733,3.57305895449709,4.7045031721802095,-1.006432382735134,-0.9741777246152946,-1.2338662668590554,3.723365492925349,3.973308165407537
-3.3926131525600707,0.8142468475867642,3.6834202444670736,3.9724789113498913,3.2919103861458323,5.842106414592456,2.747627209938956,0.3091037905164209,-0.08247877836442502,4.68353693536428,0.9334603915830275,-8.718103704823047,3.8282586652199035,0.8388014250600764,0.45646402598017755,0.5567370682979141,5.829133243780106,1.2092003513924185,-1.0565668018814536,-0.754627922649518,8.083507862465142,3.1932013247747735
1.032135938109088,2.1951878228106496,9.68856728962127,-2.35777015914677,0.6131628307126342,3.5120209466040047,7.759781873256147,3.8344525324391046,7.357945909871997,3.2836241225087646,2.6899165160653777,6.298031845839705,4.8230030353260895,3.640323101587575,3.6180820955047843,-0.15111580943092823,5.838345224125332,2.214506703230971,6.857982552346784,1.8957466761004564,1.702332454987007,3.917062961302373
0.07794095500729267,1.5921208334795387,-0.8434139665177992,-1.5492208724224812,4.347686363125372,9.32384754910485,2.1077234567103758,3.4769310726670075,5.485875298501679,2.176968555044151,8.282511552102516,-0.7932058227986155,4.256980501194714,1.2687383476305634,1.2628765136481026,3.5949252674904724,4.999679717875961,6.664667815602003,3.846732752951532,0.4961560727377648,4.316488748622559,5.527233299973301
1.2245893507530365,5.571880145398902,3.793855629546594,4.60403510815326,8.55372377242671,7.641802267876416,1.917849272140996,-1.2529903108637377,0.22126174239032528,9.412248967770331,8.193278030096108,0.5052308567507537,4.424449689494078,5.954021541988399,3.2770007019046323,3.2043108786538532,-3.07489319432786,0.47878546328975297,3.688694357959141,7.586397136537065,5.846290674756967,6.775334103924036
-3.2287823190769216,0.7076397796613858,4.09834953952287,4.133391801946154,7.362413585490843,-1.463436146203026,5.832671121229871,7.887285359033883,4.669845390847804,-0.9099168048671822,-1.6621873580267872,2.0170072802107164,1.8845045415743127,5.6366157654725,3.6784287336210393,5.092690418805292,-1.4464410789056432,5.4218514598842935,4.160015695518534,3.3245339633640607,0.8363044431671551,7.784415596854818
1.2228996389935947,1.0406801665530587,2.5914114759527616,5.9294477592073225,6.540034057482632,-1.3617410302960389,4.913849734869531,-1.5266721471975027,5.664727346222288,-0.06691535742819124,3.716303457880167,6.111521213286542,6.282472796744711,-2.1316535897151168,2.011530847266539,2.6920495264515347,8.200434543955803,4.257799184399445,4.186581332867652,-6.574205997121627,3.708363413718963,-1.2081088774039055
3.6978841689167385,-3.091204911873681,-0.6034565627653039,3.7325264290657505,-2.6175190850048664,3.8457994796716375,2.1770542991406168,-1.885971657985526,4.539825856181196,1.6174188660881466,5.674249256348754,-1.2709166785562356,6.478024296293075,6.784692469816366,0.7552651304825083,0.19491741814612507,5.368942437247508,2.682020591493377,3.237359069666542,7.3923819479366575,5.322992339263433,4.784914948127404
-1.9685532495064384,4.516280179234373,4.464766529217537,2.6155114458488664,9.807057928108428,0.47580546758825504,0.31353755872815914,5.767017603882208,3.0907824866408493,3.4185048730776915,4.0700565793470105,5.929211869586164,1.8434848312452077,8.587783448095346,3.9178750961166835,3.069557628038029,6.8459737861439125,-0.8535012306466923,4.685015441376439,0.8819916016750045,8.951052340089504,6.059364778187246
4.923869909373916,6.105179681932536,6.33702941355843,-2.0284497521568383,-0.35245702247289945,3.783779782487609,4.249964579539954,4.147812814042304,5.286826692767012,3.5003009444604127,-0.7442578509510227,2.7586564398739015,0.9690992660330959,2.9653479057255376,-0.8683737931855485,6.456109672897257,4.307417369196418,6.601946968338152,6.241461501030558,-1.974337086829788,0.9546558285636706,2.419416934600485
-3.776721655068796,4.073590386280151,5.773802212754628,8.596889420872682,4.447515163925954,5.5305343490355225,5.034086333606193,7.901399914864896,3.14297968004513,-0.8288658154668669,-3.6585767892936425,-0.648587704116375,4.959433860762298,1.5588257363663591,0.5978746569873148,1.7536586792523472,3.8991398820513044,6.36304919764928,10.053593270548909,4.109236249719069,-0.04769013519579846,7.632650461439591
-0.2871414582264938,4.21992587686214,6.934479250166152,2.3150153072572337,7.14475972871318,-2.2959650068706927,-1.7357639285843192,2.4170635704581476,-3.2651936748365338,-0.7974123204921524,5.9127550416813275,6.825993661592241,5.99874164498899,5.332866547140317,2.8958273116408777,2.77493773328078,1.7752793238190963,3.973776455242669,3.395125128419089,3.618104043296697,3.8325361217905787,2.2454285812779173
0.6652898873730018,0.06371218233059017,-1.1461643712423515,4.49922221246068,1.9281039164654856,6.103387641817105,4.709113695863851,5.034301517033649,0.6054410347947496,4.610532517273971,2.127854380090054,5.165428038475008,3.804660099232527,2.8979501055205517,5.276411020191565,4.374089707944899,-3.2221713734206503,4.540300080559764,5.76780794217405,5.1534765999957655,7.853918289462945,5.21560517732857
-0.2570267192236443,-0.636703414502595,8.334831311639954,8.012503138669942,-1.0473438537248663,3.962299649838032,1.8754895646933996,4.591486786496268,4.233157054474892,6.799330590877286,-3.408422970819589,1.8143284875724757,1.6668997541380004,6.35440425274453,3.66360709436702,6.985215938536207,3.0826640958591702,2.2779979510480475,1.136991157513318,-2.803209804499024,0.24126322020814447,3.42336626414188
0.08696999494835556,4.196040494758499,5.771736386917547,0.8748612857420085,8.65592808989528,3.311645888136696,-0.9043722412833378,-1.466814996721687,0.9492921041980446,6.020126536178708,3.3084874095367485,5.053295607291041,2.0765745326388307,-2.299323189018521,2.253583126587314,3.77080233281622,4.722476903516014,5.1620583481727,4.367829018252513,1.5838849536611848,6.60268782845388,7.7011726660555375
0.09562811682774894,5.873039190584805,7.623724304337552,-0.8528506644924116,3.691277959005821,6.820743692192502,5.725954241344012,5.563990843624558,7.1442267725730755,6.391376558057425,-0.8254001916859945,3.9983850014755626,8.403044758005231,4.598399539231151,4.959934424921143,0.5774064429923518,5.124128954263669,7.9892939246869625,4.6791539293117825,1.6173480674248952,-1.8730902693904579,3.7115720123331526
-1.420928638821195,5.357609684073089,4.427527951707828,4.483584629205006,5.254374144049036,-0.026702935134078336,5.674157103171582,0.9375904181337059,-0.7808808190113546,1.748139116096928,3.9147758632132303,4.1607803823973075,3.8366921574159907,4.958544209243653,7.427190283740316,3.6922228892241415,1.115510055967945,-0.8125888759020076,5.361463490675085,3.8412619498573406,1.8530996999925788,2.1567914808434527
5.282643674354111,3.4809822546053475,1.4381606360602348,5.126728043761752,-0.45330122477659957,3.714376672586192,5.476531179189113,7.020303456572183,2.1798401110517407,6.619508540561084,3.8973273744260615,4.226080077112013,-0.07549856152672532,0.6426123141403549,4.532318229459055,1.699186966418448,0.7688688050589783,7.020934619527792,-1.4933115314949885,4.417710770803349,5.46424604906404,6.2823470228073095
-4.31952557719001,8.084916244726053,-1.121896523089881,7.771459741704753,3.9027664399164452,1.6274390418212215,6.91092037854772,5.867278329866323,7.485119531174959,3.2812428668179265,3.5117929157788197,6.633834927414129,-1.3560361060324522,-3.150327344328253,2.3004671778915986,1.9936729925449095,8.615712778840308,2.0309313431430946,4.833153636883026,5.865609635435193,2.877746063239641,1.8132806713966392
-4.015301817095224,-0.42914626601666384,0.7453260525724484,6.061134546427787,3.1984678438536527,2.0691052883455625,2.539236322589036,1.9782423958618014,6.962446319387659,1.4629219410165697,2.102719065467688,0.5568579838965516,3.8441704168456403,2.9148981680797132,7.73150045075879,-0.922042077206849,-0.5695108536924185,2.5707817476753028,7.647094296508146,0.4735288620397198,6.6527217042950655,3.516457793613912
-1.1746659635058936,4.102256316685988,4.480274009266293,0.5784294003640791,5.647633277237,3.06894206811633,6.263912967437571,7.672896247858118,-0.2918503350742235,-1.7760222419529479,7.022225128524745,1.593117569794944,6.291045789051863,4.832614591323978,-2.2990083184350447,5.158590725118821,4.715830384756126,-4.9082107241374695,5.819249808073479,0.9141475994853561,1.680863606671673,4.009747983546513
-1.0763701964606494,0.09308412309260557,-0.9359345803660222,7.294194533356142,-0.670397736069558,-0.19531602530339442,3.9154182513297666,0.9075951762020329,7.832999545461724,0.7706231664057468,5.376310010616304,3.2797938131765867,2.1881265907736442,5.480808325033777,4.119038587437412,8.025280973665822,2.921509059602567,5.393007747561385,-0.9993711341409249,2.870756547832019,-0.5867171586581543,0.4249459646527192
3.294607266925468,8.631130540104296,4.490016199840918,7.412965344385531,-2.948838402735758,-0.5459096246452424,0.3576842692792382,0.8646787194114784,0.3233528166205621,4.327175260798767,-3.9486358841500313,1.873621613085879,2.3395465994743225,-0.13214178656185235,4.99070835088027,3.0763375128150354,5.727711300076881,2.1401521808206585,4.670248336155392,2.76249574817715,5.545191079197531,5.5597578763957864
