script/wind450m.json
{"header": {"parameterCategory": 2, "parameterNumber": 3, "lo1": 3.000054539987559, "la1": 64.9999836372058, "dx": 0.5, "dy": 0.25, "nx": 34, "ny": 52, "refTime": "2026-07-03T14:00:00.000Z"}, "data":
[rows 0 to 23 of 52, columns 0 to 33 of 34]
5.989187624856972,6.396144817439515,3.0135981374373584,1.7241639756210139,0.5594834064015249,-0.1479663661044268,-0.8482303469118592,1.981366803409861,1.0701443052107684,-0.060783101040869286,-0.4336371701796374,-2.1361683972111187,-2.66501627206948,-2.7059773916241845,-4.557017370706094,-4.294328805719024,-3.212740833806776,-5.46793020473006,-4.468705308961438,-0.06901154784373938,1.068314089768186,2.137200203351947,2.4385834830184283,3.0891960598357704,2.361507147781119,0.9913200475022979,1.2805000327880176,1.1570744936673758,1.2626863220812174,1.5124896347324885,0.6779786244985452,0.9004853372703098,0.5249792404447182,0.648560444007987
5.610435936403685,4.243102515264836,2.377903356559781,1.8507100693281473,0.7955852304850424,-0.2170642744708806,-0.6529494972689941,-1.2658937991465145,0.4511047567101438,0.003742354200038232,-0.33653978091313835,-2.92008862463395,-3.214607103904848,-4.410851981958363,-4.539445339460592,-3.696423538434171,-4.639221257508095,-3.3521311900071056,-3.710939165600961,-4.307298377265906,0.505836936490033,2.714839337362305,1.5084554263782586,1.6629185480529114,0.1894315988895024,-0.976701719263337,0.08164110160696068,-0.08006420010487537,0.24200339916648614,0.29703111186048814,-0.05242053249301779,0.16944655484991494,0.13731995963913438,-0.23906889230843326
6.7139988353351185,4.482012949703438,3.1826394709812904,2.1110887671837584,1.0248937907657854,-0.07399350398558358,-1.3947990499299567,-1.9987458804051268,-0.3835776385487626,-0.9293894792627617,-1.450709096894288,-1.8709388286104258,-2.86918567326748,-4.726615866400884,-3.5288531451091103,-3.1157795652180957,-2.8506227955586736,-4.9902699944680755,-3.5078608914407052,-4.742468507988745,-1.3204267505420964,0.2505070871192911,0.4978028314355543,0.8498149727056612,-1.1379374206260207,-1.5105993715258546,-0.9285041926323201,-0.7148583629777806,-0.6788861512506819,-0.39180173766005466,-0.025787910220791938,-0.22215562063633634,-0.32342511973297133,-1.262739391696735
6.979843869398344,5.554700437843467,4.444844878312271,3.563302107005212,1.7835441408168045,0.22657714436082538,-0.980577361986349,-1.8021234723625057,-1.266068926404235,-1.0867661899151249,-1.133975553113992,-2.453054631180284,-2.7511350635304668,-3.269268671753329,-1.6711080207207207,0.40069538405145194,-3.3820378162574953,-2.9949216952579385,-6.911568513148081,-2.4974968485712434,-5.080043341878401,-1.2537831197386584,-2.4610993760631716,-1.6882326003458095,-2.4152615650643234,-2.819709881634701,-1.4079423359522119,-1.805882562312942,-1.3878453393477017,-1.066824592074351,-1.478597230011761,-1.1792784979818316,-0.5881319506982701,-0.9837792795067319
6.533005953653756,6.135811249620758,4.848332824511317,3.6301193290851392,2.8494696633656007,0.484497292657125,-0.6090272535710277,-1.5647855872887684,-2.344331880595987,-0.9276521480317925,-1.5239025103679957,-1.6299183923560205,-1.8296222973557545,-1.5522481054074497,-1.3670020292249396,-1.1937567007990522,-4.152554216355782,-2.578171345179021,-2.472125208865684,-5.185052994656679,-4.094200155875411,-1.8713472293678097,-2.8306211070290397,-3.46226871340283,-2.449817410726872,-3.2582564352713677,-2.9404743636991912,-2.720042607926372,-2.245566833401948,-1.8091648038370658,-1.775687815603323,-1.7281487500615917,-1.3678242594492183,-1.8754472756670773
6.182402129185282,6.0295994997440605,5.285844402096052,4.583117577922466,3.21136347073629,1.5796283993641422,0.034952756697035486,-1.1753266599192351,-1.8495620117232254,-1.920344977948944,-0.9323796603328541,-1.0020595087359332,-0.4828585233912842,-0.9370576026675133,-0.8763495050765787,-3.2922742260991646,-1.0330213028841406,-1.3968754422898757,-5.352863910735212,-6.786422113695972,-3.3892714567301434,-4.21873928397585,-4.017118566883392,-5.081144546862274,-3.624276103590513,-3.9605205875220646,-3.105203092397835,-3.6070452089893625,-3.1649423497824,-2.3572484409820107,-1.7559570615261633,-3.126703685007337,-2.751600495224117,-2.5188024898165944
6.3214142822529515,6.356845808200554,5.763444013008649,4.961652645732043,3.709604465498048,2.1335378675164174,0.9368326757451939,-0.3729895441699538,-0.7366443790993401,-1.2969908256345752,-1.0065235070793603,-0.8212210885442692,-0.5387827550496788,-0.24052372776904118,-2.4655070312351937,-2.1861469424601996,-3.2867886343074386,-3.7160119680211383,-5.658183884655737,-5.454871163237007,-4.925530195348132,-4.620425926322264,-6.453152412168005,-4.910669837526417,-4.719418083209854,-4.577247842534765,-4.177330925602002,-3.891423044004304,-3.9715823736971205,-3.5990534983227147,-3.0850169979640345,-4.05969576326863,-3.2248118944856197,-2.5116398630867356
6.380761707032876,6.421422436824596,5.628141926779586,5.1427736171713665,4.080564818052228,2.7251003444501154,1.7685233224940295,0.7422623084524738,0.6474114294392069,0.4915991155105647,0.08447774575155179,0.0897812435270916,-0.3142895407083816,-3.142410999578973,-1.7000932154135582,-2.0402619631457473,-3.7677596333094323,-6.653689414509155,-7.856835896985745,-4.980115603061685,-6.392665127987241,-5.801622008715065,-6.5450000191422975,-6.920635102113771,-5.897826163686028,-4.971545771723646,-4.6274523150945,-4.878258091138849,-4.13743922255906,-2.5168907404315797,-4.423995967651411,-0.8431560466605856,-4.1261344409304535,-3.581146091575213
6.172220841326707,6.581222076886506,5.9469668408006795,5.515470119971294,4.5662935048821005,3.279595878992603,2.6152737885930093,1.8617079320672272,1.808506740026879,1.402368480677444,0.5153218653736644,-1.015881553335596,0.3198073071975092,-2.902395749250748,-3.945121168758191,-5.095655373862672,-7.047642843365284,-7.639639518110376,-7.701762026248808,-9.263357802746972,-9.698891431598216,-8.569778317545467,-8.626816143821404,-7.921618106657184,-7.20887075488716,-6.5972502025867765,-6.097786609924664,-4.565514153909311,-4.915930970110366,-3.778087646494898,-1.9652757328870416,-5.870254552692549,-4.96963346630459,-4.70552519150437
6.026337763245131,6.617620403139894,5.951862860743234,5.685117876330904,4.753051586748626,3.733486449324901,3.2912500684536234,2.410857197068871,0.4062041423200933,1.714031165184163,0.3927310497514496,-0.6355400208762776,-3.0441551181702766,-2.851788854227384,-6.773513652704916,-7.077633028773523,-8.801196052256737,-10.10886055570994,-9.707747484855744,-11.171319357666514,-10.203981843277244,-9.122779734136284,-6.6348112615658605,-8.297828946466453,-6.970777103147365,-7.012135256335993,-6.266289934448394,-6.20221851074032,-3.1468808032086493,-4.218566383826918,-4.946253844221557,-5.123210052294157,-5.361677221134412,-5.791753969113791
5.773201849556937,6.130477561486605,6.724030969723545,5.889875178912624,5.041663534380161,3.9885810134264474,2.746630259383191,1.3549960885366357,1.7562234291199217,-0.1423885904731926,-1.9868448968753503,-3.6225777984393748,-2.767620985456095,-7.238979164119985,-9.530738264486473,-11.292572305497766,-11.517993004443857,-9.94507539673856,-10.650410350121911,-9.299949033019217,-11.347633820158798,-9.823712620974193,-10.606592231442288,-9.70693779538361,-8.672535074452194,-7.433281818569494,-7.014954972604798,-4.319904407357958,-6.377538102068961,-5.464208879055674,-5.345911096609209,-5.071541859268012,-5.308883753036681,-4.8430141130563005
5.373213542190774,5.319896095319701,6.92015063767124,6.064580533697573,5.362082266449429,3.0135379255171486,3.0239012625234,1.50518816696189,1.2374153803441794,0.4387031381306693,-2.3329167295560405,-4.674998529813763,-6.572319196513497,-10.921656054382625,-11.383320291987923,-10.501630680889116,-11.29248645427252,-12.704493063981737,-11.478126812431352,-11.505823871734478,-9.62729377989827,-10.922257235974113,-7.933193224079979,-8.35530416638912,-8.590491092858011,-8.204361297594007,-8.76801545007349,-6.069764203664754,-6.463053331854476,-6.88296128155739,-5.618702116085769,-4.025758024873958,-3.672151153338671,-3.7737210038093867
5.318995160738373,4.6101168336418334,6.5076986035295805,5.259897098475517,5.001610134610225,1.5646382892007242,2.421712816584097,2.045779732023116,0.0652118037749363,-1.70025745183768,-3.9747195275330376,-4.7893515217295475,-9.695577376655475,-6.518309547358184,-8.015608534160819,-9.391249304948374,-9.838541442752208,-10.81032445038695,-10.00344387400902,-15.971873986167457,-9.371002544161653,-10.91704473711947,-8.748177802019137,-6.755172545212027,-8.539037276648576,-7.8288736391244145,-5.143440302725385,-7.060368603643159,-4.729857412238309,-8.038784108976097,-6.667735348052032,-4.297513217867105,-4.641007924224649,-5.233775793561131
4.758785185909348,4.112507787555537,5.841065475370169,3.905937036484699,3.5531042051736903,3.6266262329512133,3.134140060302539,0.9331749433402275,-1.7064826257643575,-0.7597563654360064,-4.192064478285063,-3.703085324284248,-8.279461606892184,-8.52616610848076,-8.764659964037468,-10.038117478656156,-10.92603701365495,-11.104868700155514,-13.117902757444732,-11.99828307897347,-9.065196880501482,-8.43591368121207,-7.847533453895367,-7.915264860193221,-7.595714242131431,-10.719805332049429,-9.349073041013002,-6.415302768892718,-6.451105694825663,-8.113729233115219,-6.82557925576659,-5.083091848632398,-3.1607730708977977,-4.887215009332405
3.9009984145659065,3.50754933996747,4.492717278117464,2.7649185148533735,2.0598654806527117,0.48037957532885356,0.7177242815873034,-0.771324012642867,-4.573447741732084,0.12936230925116668,-5.124257026413587,-7.461323469772228,-5.858043950692511,-7.128823592212239,-10.029826281598021,-9.526252365236783,-9.812385399822181,-11.20410632401821,-11.98248083170243,-11.561270217007648,-10.555336433848963,-5.113415331226722,-8.672862946189777,-8.73912003568353,-9.192210231790561,-9.948102013399842,-6.719061631148848,-6.3597710368359825,-6.936267042838607,-8.881385930044546,-6.6127778472180205,-7.223307635941083,-4.685209572412793,-6.140548622006212
3.640893639908199,3.113442685561517,3.5330722209291374,2.1998027420222814,1.113206651162666,-0.14896500585137928,-0.7681393254714197,-1.1921472078205229,-2.6919651965336073,-1.5666856983352,-4.311053614153376,-6.247667023024721,-6.702707014952694,-9.843828089796085,-9.107030420302914,-7.240176086791379,-10.657370691382894,-7.685744095250395,-11.33798397205293,-10.164021104249771,-11.13662999010412,-7.615658638391813,-6.796877817714475,-8.030103888163413,-6.743532126473504,-7.747780517443165,-8.08183538201527,-6.7209595982935975,-9.087215518944486,-8.339581039025907,-9.205334107542708,-8.527393929979954,-7.7427060594262285,-7.133507480867602
2.8902963414102754,2.0980293375963197,2.879438162793701,1.3678194751374626,0.0671117903355305,-1.1375518937943174,-1.5459420461256912,-1.242957158619949,-0.8911619214657225,-4.212632067271459,-6.344745235652537,-9.786158015558271,-6.60158812404039,-5.179727983434086,-7.60501635040664,-8.693509567264096,-10.699713570008193,-11.467994367206007,-8.780644416750443,-11.941569642859237,-8.671534607065755,-8.300807365044568,-7.7843278188044245,-5.313498579462657,-6.84263615564961,-10.473719777228492,-10.537904165938219,-10.768192604276466,-10.580417878481162,-9.110082579406694,-10.086296689547341,-11.371055719901642,-10.195681392266035,-10.057594831002023
2.3547718732754004,1.1698070646521748,1.9395331588526017,0.44644957900451215,-1.0542250788123342,-1.7411788908619454,-1.6763861317845825,-2.0608311673526996,-2.887913878839046,-5.823406813496218,-7.112810337433326,-11.230996235550872,-6.844972471178887,-7.678438052190389,-6.962712862777794,-7.397938363387356,-9.745545184927712,-7.3800303683715605,-10.310095131297869,-6.132746031864538,-8.953247000513466,-6.410105718549087,-8.982734549544649,-8.469354034138426,-7.3738770187318385,-9.954112784402822,-9.995995307206531,-11.455544843540705,-10.84826623542541,-11.21848146289317,-12.862907187178244,-11.40267418602776,-12.039172548016083,-6.272862896584279
1.6122020248717988,0.6748986521569397,0.7354742690103669,-0.034026901477664025,-1.8182515776253505,-2.3607455749173845,-2.4132338245317504,-1.8777919174814095,-2.397892445905529,-5.79355428402422,-4.728248535826342,-6.924785731352305,-6.365276407159077,-7.464940980894745,-8.06559341329705,-7.829232142826705,-9.804903591207877,-11.082887617999683,-7.806487152219769,-7.555539537943986,-6.681499672918097,-9.308306627371724,-8.80903434777123,-6.760452218503786,-7.919899567153025,-11.957192129314492,-12.44907377442142,-10.65711838939242,-11.317876576467373,-11.006912721339091,-14.316954676082215,-13.337801100416025,-7.383941061266091,-2.9026767847850503
0.9289886814904397,0.0016136734762045434,0.09792025498748362,-0.85533854405486,-2.9459975225701673,-3.3671800332919033,-1.0914658080967752,-3.483404632982932,-5.918918818158044,-6.637002989609944,-6.997114903981396,-8.424174489170289,-8.25768258720648,-9.384064325458196,-4.05165825446996,-9.572370305224824,-9.303088213516173,-9.802175204182051,-10.180267373090478,-6.826651828947072,-5.195193266243504,-8.533523855387894,-8.48084672496193,-8.957065891263639,-10.675149634780947,-13.230258337963615,-12.68849788072667,-9.498317856412902,-13.373298830198587,-12.24722241967047,-12.442774374086785,-14.321102632851423,-7.444424770447694,-0.3798280933703451
0.21408683014733304,-0.5923659523332081,-0.9159525515721479,-2.2056512556508983,-3.264113117567613,-4.088116683371705,-2.2128526208257933,-6.00413405324427,-6.467298235872826,-7.567567606413601,-7.789065216496161,-10.139040077384747,-8.824036746865639,-7.44441773288768,-3.2498402618256153,-12.337151553796161,-9.797403214875477,-8.438534956266745,-11.972623814900619,-5.334423375913063,-6.276518501693832,-7.134750689294658,-8.325516528898818,-9.638177875240991,-11.329876337589578,-12.878612398862874,-13.257774706591666,-13.905582344883985,-13.047356867811784,-11.433007818968447,-10.870935060586872,-11.77183612112187,-5.208599299398869,-1.1119346297036927
0.16953858672527097,-1.5024678398772626,-2.23950698548004,-3.2567674007838363,-4.329420950564502,-4.382481694919304,-3.111894553369234,-7.115267903449458,-5.124924488503498,-6.483350212979709,-11.965835616080918,-12.199814787730062,-10.81364024528745,-9.588012184562052,-3.556565138591184,-11.339977614452497,-9.52174581275657,-8.794994227358591,-7.970653314685942,-9.653973691374539,-5.952553890860423,-8.139713370900733,-9.866364901008676,-10.689831847024625,-10.704250655722314,-13.458740265068492,-13.653989483109704,-9.189948597820285,-12.10955322919732,-11.250301374641513,-9.586732749433162,-8.723256443621077,-6.626004883731644,-0.944493851008828
-0.26702860494952685,-1.6443408157515567,-2.8321009336322476,-3.571471268599146,-5.254832724746584,-5.689926860679499,-7.152115630019242,-4.882716419748773,-8.131443867669667,-9.707925154059557,-9.842823672571727,-11.125968313123286,-10.545878227166018,-5.855733085602431,-4.60650341901104,-14.1840453684219,-9.330386803443465,-8.572726781971118,-5.320366757506573,-11.985387857673865,-5.604529238858238,-7.184294756257075,-8.82682144535603,-10.885612467268777,-10.553971338606495,-10.133300058323522,-11.075739100861016,-12.109029039712908,-12.493263352149539,-10.880779004471552,-8.839465594283485,-7.433263439934723,-2.985612259812831,0.062373127845212914
-0.5689071040260253,-1.8244742471457736,-4.240228341784216,-3.9674602770648844,-6.225195677294215,-7.283929554841061,-5.229898948843795,-5.0555784335628235,-9.430199812379021,-7.942658912999171,-8.572277768643346,-8.512783349080685,-8.74566297258703,-5.259801443077422,-6.068680427360196,-14.940812129541408,-8.840409514741767,-7.555753904871846,-8.347459699242584,-11.63575874108143,-6.496773390146553,-8.51018981877873,-7.944762653698954,-9.43709371598151,-10.408477568899654,-10.364122143806894,-9.976231142043863,-9.45993104238073,-12.319612442285772,-10.729366522236857,-7.127324748917938,1.2173829409820736,1.4207113199787569,0.7751648968417728
