script/wind10m.json
{"header": {"parameterCategory": 2, "parameterNumber": 2, "lo1": 6.000027932988019, "la1": 58.9999434238085, "dx": 0.5, "dy": 0.25, "nx": 22, "ny": 24, "refTime": "2024-10-07T20:00:00.000Z"}, "data":
[rows 0 to 23 of 24, columns 0 to 21 of 22]
-6.184605007023826,-11.480407877948862,-7.208551946640819,0.6375314801208909,-1.9771147493266037,-2.6028625937579237,-3.050938106290937,-3.890974622721198,-7.490841378815619,-8.733571292444767,-4.985597166221751,-2.8096716881863664,-2.1018383954088073,-1.547119154960768,-4.448266323031173,-6.662770993804679,-2.7878390609385097,-1.9619487850898476,-2.205590743107378,-1.9489334398305935,-1.977858546656043,-1.7839390111371483
-6.119873109920174,-5.04028461568479,-4.223523933529713,-2.0613098080370342,-2.490534214072263,-2.005307477577108,-1.9278214415229462,-9.738511305506783,-9.16370552599384,-8.610409156658438,-8.279699064363149,-2.7095961325226066,-2.716148366476379,-3.6334248273242666,-5.5049843125564255,-5.069371409457174,-2.1460957142156594,-2.6465010462311245,-2.19879498861004,-2.2291917290489263,-1.785945427749451,-1.8555380781228876
-3.6257658559063026,-2.384736599587476,-3.2850536409377313,-1.9150289543951997,-0.9449251252273124,-0.7214654308078132,-0.159549106256196,-2.484841298699058,-5.999492236241671,-8.16346725617634,-7.917119872776531,-2.8397717423656355,-2.6817837772226416,-6.044525891242967,-3.5749053593717433,-2.1553257737730576,-2.13187043746145,-4.247065512316889,-2.960533806810444,-2.3115605385317344,-1.8780704503528336,-1.3682765560992738
-0.3549832921010978,-0.0057327152336204895,-0.9810422323667742,-1.1233165044664577,-0.9860904397591091,-0.8182937668416922,-0.5924506531188657,-2.186750975992175,-2.431555283910993,-7.198677058284152,-8.209196718259383,-3.412844548173361,-2.6058898895285885,-2.0182387167223683,-3.596869861648914,-2.8020793827756725,-1.9481762471737094,-4.015700256816063,-1.437506818067801,-1.6636308267552635,-1.5065996296086288,-1.9453899528262728
-0.04050318206188388,0.39646150020793963,1.2144175160417545,0.570804254454596,-1.7261355307578727,0.18909506600676135,0.027593294635049094,-0.7372650948197318,-2.191081554166161,-3.262663046151607,-7.2196562650827,-4.735623096607929,-2.673938767258219,-2.290868884341451,-2.2998288088625123,-2.651298091341721,-1.480782516032946,-2.089238974604093,-0.9245574722848713,-1.1776851972963978,-1.1565828851151185,-1.572452924566808
2.0953664756429884,1.856461439907129,0.9610062661976875,2.462032323678056,-1.157058835520925,-0.0694069524021542,0.1900084923044062,-0.46646294109685643,-1.286182659274834,-2.5560955773648293,-3.5181847339529746,-6.708646758537061,-3.2568314592381267,-2.9190856503590283,-2.9940647771042537,-2.51518338441983,-2.4403977783019344,-1.6498246255538975,-1.2195015808947676,-0.9311322880886034,-0.6406750098846975,-1.1201377883476034
1.6416009852042899,1.6635813053609727,1.56365299282195,0.5147917190354192,-0.4993686498030677,-1.2471022510201955,-0.6709256996629975,-0.6212677087485186,-0.9864503283096295,0.32149886246520415,-2.6740818403812137,-6.990531303301169,-2.6775486364597723,-2.1262818980233726,-1.8584342361007804,-2.6643849811807003,-2.107994499620481,-1.858104505679863,-1.4012439108776307,-1.360596331761916,-0.8948529174138271,-1.0248861058515009
2.1505724004574702,2.1483647693751213,1.9484707961281522,3.6998327815777485,-0.9564126555661998,-2.0566244587595826,-1.4684182583621692,-0.7235907674188081,-1.2637167552448934,1.5901348358810754,-0.7764575676871673,-1.4313942528537862,-6.355806971502875,-2.0897626723715432,-1.8827059272272588,-2.2240317352759797,-1.8227512767562621,-1.6880374241994458,-1.0585444444878238,-1.2049077134559794,-1.3963332431802566,-1.1886729065040054
3.841066435280024,4.175757381562376,2.4867981365035927,4.648489555720117,-1.0674932475573526,-0.4646076387462377,-0.5584460423776461,0.4297795532331503,-0.6721834485226237,0.3981072143500834,1.6946216248254522,-0.7198774573381664,-4.333106537533266,-2.3278235365420414,-2.0821953591613784,-2.3079431921698865,-2.778455075283504,-1.7343476549313515,-1.5792592592836288,-1.3171887605008739,-1.4790300954593554,-2.3276337083272987
5.094086623495038,4.0982138849244345,3.9905493047206924,3.0030954711229865,-0.8547253784491878,-1.437545658815841,-0.9264845531872805,-0.3325340941959073,0.33288902105390844,0.9637447681513149,1.3423378881867205,1.1609121667230125,-0.7758621389944247,-6.2150827788078935,-2.4373895081421026,-2.314698260247947,-2.371989083201958,-2.4054409227019886,-1.9379654425792043,-1.6601046614554635,-1.096710102441036,-2.396643994989579
4.816896644733556,5.27933838854198,4.001554167139481,3.045643834558777,2.707415343570901,-0.6880672364644964,-0.7501839365571814,-0.9035704769448667,-0.271092616741674,-0.20874934810529888,2.3734530358905865,1.5435171193532387,0.37386828443624426,-3.427834491704308,-2.9424578039581437,-2.1784223709767696,-1.9849997309084955,-1.9246276772246402,-2.4700424577533795,-1.522336523979825,-0.814903249251777,-1.8478331112016804
4.234758758990304,4.758291407702914,3.5350170663585905,3.185292939217717,1.622044190960012,-0.48406360583179736,-1.312264389585675,-0.9790481030685654,-0.7255041947786873,-0.09731238037814349,1.9840998156114509,0.5670138719448563,1.2960703551658803,-1.6519241293646967,-1.8599252642724,-2.1070787916116283,-1.8234933465738377,-1.774102138953196,-1.7854159203588396,-1.6376126013274268,-2.2324676373719834,-3.466921328017785
4.642725151871853,4.152183788314423,3.6993003156847237,2.406779653568644,0.4372919986072618,-1.393801471809614,-0.7249599943788246,-0.47432445061850637,-0.6298753339848698,-0.7893748381177529,-0.7905535463132565,-1.6770387666736546,0.19943702812425604,-0.19855646917747108,-1.206833453968892,-1.2627172561386901,-0.8357088792848657,-4.272895351873307,-4.771100448232837,-4.337484866585977,-4.661877245750313,-3.0503823969266946
5.693600289948333,4.758276534987155,3.6359834793062515,1.1939849545767387,0.11509759387658423,-1.4467952929937125,-0.3643017025915387,-0.49962887946464196,0.4306615938638825,0.5555985650378111,-0.7479918428635888,-1.070307962660755,0.14539052710386113,0.25765534934639445,-0.7035186041526081,-1.715305489722645,-0.5109590246936934,-3.9908170328439105,-4.539253558996345,-5.208488771744234,-4.900628966364774,-3.9006276296502023
6.04749538311915,4.734838900653744,4.165646498184568,1.9689079008740704,0.12813318741863158,-1.671310665468166,-0.02583294373688597,-0.18915051399510974,0.264658627338061,-0.08133722227416203,-0.6331842068662247,-0.2757806595196931,0.22809271153580618,2.2218529651545023,0.2093567053172524,-1.9646606652734526,0.43495569984181265,2.801631145178142,-2.4998174830624347,-3.978098052267433,-4.272953438424899,-3.6471929225730815
4.584660549171727,4.1570784599457,3.5284409799578644,2.0726468275985663,0.9433554164456142,-0.8607715773077758,-0.3291677685465261,-0.7312754228597675,-0.23766472393262306,0.5333430989072254,0.4615255667349701,0.2994894038838553,0.012211963062376733,1.6684133510064276,3.069647675796547,0.6646909486701704,2.1521812819148844,1.9150670705174828,0.3701253155404484,-2.5189668553217803,-4.196955548314215,-4.2194349263169615
4.189283741531669,4.172066922076308,3.9598649503165144,2.623390831098714,0.524090654095732,-1.9783467961360193,-1.2097423564468512,-1.0334048558456859,0.5722001258551173,0.7881557056087551,-1.1174910403284146,-0.1829143973179606,-0.24556001993330678,0.5953843732401252,2.4064332172020837,1.6237128484166738,3.251394564832299,2.1610460911851264,1.0178100216065942,-1.2834757028127834,-2.986422888065261,-3.948216836452885
3.723922698395964,3.5519166202307915,3.547949095441221,1.9768987940255982,0.28667078193272005,-1.126301375568988,-1.0614253111281395,-1.3989507807819703,-0.20106260083237237,0.7445331025272219,0.2663669565630601,-0.672476551093896,0.7638061219368389,1.0978425621120376,0.7402582068464572,2.0506582434616836,2.606470148423737,1.5389809095800722,0.5960921511233144,0.8334440866768532,-1.5245051327449342,-2.4332262287485444
2.937426598563183,2.9558145916602823,1.8578621117474137,1.9141578237884953,-1.35863638342013,-1.4312683540059323,-2.416954371939772,-1.176875536828117,-0.796603563929127,-1.040174393098163,-0.7566709476474703,0.5035815319107552,0.2641766472587261,-0.1489680232005139,-0.07217429050609522,0.40757198882885753,2.284842633103274,1.4381457192260603,-0.34798936902477073,0.29284705159393765,-0.4986006561549257,-0.5692382077220508
1.1307434608456555,0.936415019653657,0.33009689337771503,1.3370107652059595,-0.836282684424028,-1.9588823946996152,-1.405160239912911,-1.6888491598947597,-1.1454920010690153,-1.8183297796524809,-0.08203711477795045,-0.8421514133313216,-1.1434566433774238,-0.47533061057464043,-0.09632274035985072,1.0218769394450493,1.6846230762909413,1.2275046495560609,-1.503330322651488,-1.6239860429641753,-1.3160292764601957,-0.9234945761187688
-0.49492079570195213,-1.5871524274947006,-0.804966083983703,-0.44431648982454264,-0.7854310123742254,-2.197037640400243,-1.6600973302491804,-1.7876236781122257,-1.3201811309814406,-1.8032420110555203,-1.4295258390039343,-1.3586255154027425,-1.39899496365871,0.30242774568623176,-1.5923933059245634,-0.5736637978465565,-0.3640311359065498,-0.14389043036451823,-1.2475581518862864,-1.0848921722493148,-1.523645541625961,-1.2104394735116966
-2.019605923588439,-2.4413558625042175,-2.3618192164186524,-1.792286545895444,-1.027486007404707,-2.3348607477685324,-1.3505741851458162,-1.2771728120808872,-1.642927760967542,-0.9923190214457563,-1.1876710144411924,-0.8969558357791961,0.3481271750200735,-0.3091345729570143,-0.5028705520917418,-0.9326099331762411,0.22242964015295388,-2.2139259651648566,-0.6721138239483884,-1.0704746680560875,-1.151470479460759,-1.3675610981988435
-2.7691655339155776,-2.6400216804717584,-2.2581229813234933,-1.6790948000587458,-1.672443361834958,-2.097800029723953,-1.3696202528974453,-0.26594546903604815,-1.4104284442444275,-1.7667834688835016,-1.7403624649266591,-1.0920239355252106,-0.4315638625811789,-0.630904989339531,-0.4636273268560633,-0.5989097412583859,-1.0754174154359326,-0.4997820128866707,-1.8240122960125944,-1.1511462944539916,-0.7637185607246384,-0.9014064058377117
-1.990869446338544,-1.9241373996248206,-2.1983022879020337,-1.9883332098837887,-1.6278525983079979,-1.6383180908504809,-2.3171993653749428,-1.9786297285734564,-0.8398679581169073,-1.0147588439106336,-0.9724193900390119,-1.3495474154878782,-1.0322609883895284,-0.5981537125375205,-0.883982099680677,-1.2575275591153232,-1.0508134219352157,-1.4442022703478599,-2.427684220134723,-1.2663604929654215,-1.1100867236623495,-1.677932017641131
