script/wind350m.json
{"header": {"parameterCategory": 2, "parameterNumber": 2, "lo1": 3.000054539987559, "la1": 64.9999836372058, "dx": 0.5, "dy": 0.25, "nx": 34, "ny": 52, "refTime": "2026-01-11T17:00:00.000Z"}, "data":
[rows 0 to 23 of 52, columns 0 to 33 of 34]
-6.155012650212705,-6.334411449941113,-5.7174108445490335,-4.727860773007704,-3.757665639758047,-3.678476176617998,-2.870757036218785,-3.863663662207009,-4.006335703245513,-2.761901743658369,-3.1483871507068923,-3.2406918082999865,-3.2613330919352888,-2.885690290425622,-3.6533711279700603,-5.428067459631073,-5.751258730044189,-6.5927428315101695,-8.691362850540541,0.2246150405613953,-5.929091335997991,-3.6493820394056002,-5.618238652709191,-1.390286619127004,-3.932593220734808,-1.59088681390477,-0.9635023860755895,-1.9202484984044619,-0.9429198204375686,-1.2734957607853197,-1.5905318186246504,-0.5665861990746983,-0.5743063449380896,-0.7935379061308669
-6.6134227568174415,-5.498787617444889,-5.038963202731602,-4.42411039093026,-3.902616692600878,-3.44183277888341,-3.779852967855722,-3.1486987481164674,-3.6035437273413886,-2.515279731556653,-2.8227590358279167,-3.512416585660234,-3.1796153052895715,-2.5364458730614095,-3.028436178244645,-4.33532676903543,-7.189431203439687,-7.292751765767629,-7.691568648753823,-5.582138417611577,-8.20086410107618,-6.431754532406008,-4.639022501185957,-4.471278722716732,-3.5030686179635304,-1.5416879162199961,-2.124130693991122,-1.8293964823729845,-1.3317089144481076,-1.1790536914494756,-0.8582592436803423,-0.8956388218043574,-1.1252325901893845,-2.1361575159082142
-7.1650727916706565,-5.5489149122980415,-4.676680697880816,-4.101043092668814,-3.9828190677963975,-3.266354528944807,-2.8663857387004836,-2.4004772581160956,-3.294225586499466,-2.900954212784361,-3.1246421385220513,-2.92221827202822,-3.3531974580114587,-2.2296269258446073,0.4439776721529017,-2.9688251779677195,-5.272638874133056,-6.43800791647184,-7.859696967219727,-6.272387746369091,-6.0359331880296665,-5.639687620825662,-7.621430034268905,-4.808790770845016,-4.116001817796363,-2.246854477812908,-2.8911404412834956,-2.6969547963978737,-2.8110165638338853,-1.980080819644082,-1.1050228514154874,-1.3950813089804657,-2.685307164564966,-2.5360633029832838
-7.105926054019275,-5.724956684637758,-4.463208740486066,-3.8477626584634974,-3.5239829342743962,-3.38714276126543,-3.850326239999382,-4.063877781558757,-3.568197243722287,-2.796984221527483,-0.9390922580997012,-0.3100584085122241,-1.5430171462439535,0.2080925463303854,-1.2390126757474194,-0.4179709451270562,-5.860549084382684,-4.184854437113239,-4.183453139134122,-7.0923383099945,-4.058169979995353,-6.0171043892559695,-4.270900948348804,-4.028303608803866,-2.668808472046418,-2.957434170069871,-3.625781216880782,-3.6825946202583233,-2.3855101019743192,-1.8012398781758656,-2.3042744161188318,-2.60931957310307,-3.7462515711756406,-3.8059963117647575
-6.849328755514656,-6.119025521972033,-4.3643642311041,-3.7877360310418804,-3.1612717008224016,-2.499978396438239,-3.0874864147939065,-2.8131683056264176,-1.4048845193179447,-1.883942761500353,0.7631954224090399,-0.7722598141622549,-1.0737210854895842,-3.242572165604069,-1.4137007722024324,-0.6982402862615721,-2.717367091856822,-6.225716764847051,-8.136903326665134,-7.192480289765916,-2.852411712543256,-4.928518798311811,-3.953569323558729,-2.7202975383645134,-2.758407638263202,-2.064458104320728,-3.0902166749016247,-3.1211757740325923,-3.4283954129053362,-2.869318167613763,-3.4011546915881934,-3.6885007959166067,-5.414524660180379,-5.445501309552064
-6.431416776142954,-5.951050051289429,-4.76101634238685,-3.4950943040546387,-2.7457848698245226,-2.8095117130512177,-3.5439514356447983,-3.5305378030111814,-2.283783389873132,-0.1217916221938197,1.4363092867230747,-0.7503766001492737,-1.850267957253172,-6.339804467414864,-6.0154782860721685,-5.570467970436352,-3.380185484506715,-4.361624075282156,-3.74753180835718,-6.661726414942065,-8.826506202366172,-5.85916357840126,-3.803984190942739,-4.149641226304757,-4.089719464845231,-3.8832189385189717,-4.7738834226335936,-4.568599998165182,-3.415578895040813,-3.631179884272709,-4.064821859069762,-5.091996073785156,-6.1546542482604645,-7.270552943350774
-6.395201089068923,-5.4899862048926975,-4.760469423628294,-3.1068453356061876,-2.7353546031092466,-3.2762310568551447,-4.239299399275797,-3.007758656071742,-1.8961943116844586,-0.34086627318827595,0.9829018251824941,0.5480298986857353,-2.3338145838579076,-2.633995870568113,-6.916042526248362,-4.2287984390406885,-3.793961342601155,-2.719394443512904,-3.315843517718054,-5.399012927746792,-6.712585155866311,-6.198238389831159,-5.062197548845076,-3.8432229599886094,-1.575052516681776,-3.812373841486799,-4.240441388625762,-4.407784552748497,-2.952210696022623,-4.993246852479382,-5.97472579135038,-7.826648430804581,-8.584560687232397,-9.547829561032135
-7.0104865382996895,-5.374213057727914,-4.506509371217365,-2.973791787866002,-2.9023793033878342,-3.304979401630461,-3.737258582897217,-2.9684357392013414,-0.9203127034786395,0.8416874879564075,2.71033191042108,-2.1073618724598138,-1.1534131368577667,-0.20484983812489765,-2.711396876442689,-0.4152722006034998,-2.6057969856560366,1.4780675772576124,-1.9867980848829576,-0.5390677017886413,-1.8095014201325887,-2.4264390807424463,-5.832410047176027,-3.9689058981430434,-4.431808614524594,-4.225954276039022,-4.395861596647937,-4.058027903625439,-4.953800202948589,-6.214676941025188,-7.939737793606674,-9.37685967512324,-10.32778858508395,-8.9925547549482
-7.280432886120101,-5.881098576637395,-4.333699181327032,-2.7604830087384067,-2.964817004754713,-3.617800674082726,-2.8641145815801767,-1.516340460815285,-0.5021872404115741,-0.2968042942944972,-2.2768742266032143,-0.4318876098449413,-1.5170937607152264,0.6279777133557519,1.05368670546631,-1.5697683419306419,-2.902656364069102,0.05417332609126465,-1.4727479035346152,-1.5856244858228323,-1.3420449636802336,-0.30559269660510213,-0.8515537098893076,-2.951784837578001,-3.9463570636313174,-4.2201089242507726,-4.021912528694174,-4.543077944047324,-5.906488443384688,-6.397994266148257,-8.27478948669511,-8.591579417816025,-6.893865677963352,-8.72262406452533
-8.22382253584775,-6.458413759226189,-4.9287807308962295,-3.2420508257732092,-2.7448413320347234,-4.764530076225109,-2.118493560039506,-1.9300910330819923,-2.696848352829679,-1.308318055490453,-1.7688459205262255,-2.59601375369136,-0.6341807595548369,3.4832626739546786,1.3307263791661017,1.2175900763241507,1.2864644662515126,-0.7610491158051852,-1.1719280843001254,-2.558995440226763,-1.6821874698939678,-1.7424544043127592,-1.0701966527383533,-2.5829363890829766,-3.1181142752704885,-4.007166099710075,-4.569744722287509,-4.8610985617351625,-5.38050473377488,-7.119679008397373,-7.655578213737695,-6.637049571724096,-8.080461682412345,-9.39652112406369
-9.491598264394307,-7.368719663051573,-5.479410857249146,-3.6321103008607962,-2.9703843129329472,-3.8088020277309313,-1.7672834856181638,-2.469525313339458,1.7976871422644967,0.9531742957762517,2.9024788775827797,-6.0786588463249895,4.024551309970155,4.199994058104821,3.1947437127310483,-0.2272890912220094,0.3233394524620392,-0.006921557409564078,-0.337221881231712,-1.659687275341614,-1.1857139878255345,-1.6319143473241053,-1.1957686748809704,-2.8859158390508175,-1.8996303564360804,-3.9547339365333625,-4.241814995550931,-4.778179432169636,-6.4823879968653335,-7.9016180580957815,-9.488362867751258,-6.857923306335153,-8.880028271488984,-9.14786254431612
-10.523085867278315,-8.46846314086633,-6.224004113122644,-4.645989655753143,-2.327492080859114,-3.7502906175621833,-4.572207854911555,-3.5755396274164153,-0.2500018032320829,-4.001159243800761,-3.4721405886173367,-1.9042550104232627,-2.025265004910037,3.7795500505290383,2.7415703208096915,1.1006535603602248,0.11412260483055851,1.3714794475391678,1.1616770847426754,-0.8197318145643525,-1.5567391419840892,-1.582353441467686,-1.8583957705222727,-2.9571340947102516,-3.8146381842602946,-3.63632285429074,-4.592551594037423,-6.783420424502113,-6.902067345412184,-5.021232855845389,-6.585060373783373,-7.67388800038158,-8.699597310032926,-9.140454130789857
-11.039936569222789,-9.387781026281779,-7.917135262944822,-5.443739417116249,-5.527581229537285,-4.631533636974664,-2.7953179933548737,-2.072568781803372,-4.828968834158009,0.6042890428272967,-0.6791349241914411,0.014769387947156697,0.9488204006385146,3.24919867726008,0.88496517779296,3.4435501235415114,-0.30891191734486667,-0.7910648678557824,-1.0408011407865834,-1.1074991198568975,-1.465040640269439,-0.7924049547693505,-1.6357091543226818,-3.3201174310325725,-4.1703467265879555,-3.4581159025373753,-4.654470603749302,-7.049948318719703,-7.515296341704588,-7.468343004363266,-5.986084507172798,-7.704896626887521,-8.64889020925314,-9.206871297453976
-11.88480865224328,-10.60315672380318,-9.387731136424916,-7.896220840669686,-8.013081242563796,-2.953031225637583,3.9888537630426244,-6.201356533972555,-9.472127545226359,-0.2857217130273782,3.918298475509613,7.122611484934798,2.6203717143644694,-3.2076889796380397,3.367775684059984,1.0061193809929498,1.302128884136662,0.6858629796697561,0.8206508017685151,-0.1646824909984799,-1.4193578072748014,-0.6861883186986548,-2.2776215627115355,-3.5832458031186856,-4.180832961645511,-4.2816606003377515,-4.483626010609883,-6.420548942978837,-7.347461067799442,-3.275860535858682,-6.1154817192565964,-7.494800943320502,-8.439386102980368,-8.987242286278052
-11.556032304626981,-12.177882453852774,-10.0956675024143,-8.315278690418031,-7.447412478508281,-9.19345954691776,-6.435500510547156,-5.799386457356631,-5.813121458276132,-1.7657120820349197,-2.3723709812252936,2.011464625053271,2.7183362027864044,3.563740841579283,1.9950387665973848,3.6019644455648443,-0.29824315650062,0.6778637672817212,0.0998437250787469,0.21486630781032115,-0.5697918224037828,-1.0309193597576285,-0.998772127827141,-4.754036726610081,-4.282626297962688,-4.562094470822748,-6.012230527408952,-6.744198970469125,-7.097147088848078,-4.111246535650234,-6.276602562753558,-7.528606645646926,-8.272072323951217,-9.035100732159776
-10.750340796227185,-12.791175740959128,-10.222534123962234,-8.453108476968314,-7.485733413822597,-7.416145293326209,-4.604050996398121,-2.704737701225653,-4.363228099651119,-4.734978643214545,-4.7074077774031755,0.1691787310724528,0.7331331667637693,3.4563426707854705,-1.2519345038992054,1.5385114407544762,1.295760096023655,-0.7589602164136328,-0.7327350567824095,-0.6123190997512467,-0.14910437226784692,-2.3029181059283452,-3.0775938694101055,-5.38813388168953,-5.280879094057214,-4.918761830843585,-5.723418354924605,-5.680952140197024,-6.172713001295735,-4.333555618261419,-6.523534151065086,-7.350957017277658,-8.115985684292509,-8.792991216665992
-9.320337170168724,-11.638871457324399,-11.563082597023962,-9.380205668460224,-8.390106968483096,-6.2488265242565335,-1.589414021382952,-1.7436618006573996,-4.9307751970942375,1.9614213112984038,-2.987735770071561,2.9414778964844817,-0.2024028442559871,-0.7851730889775889,-0.9067776714641202,-2.0745139002867843,0.07464695744521475,-0.46888913139164373,-1.3716449326205922,-1.3382559129392393,-0.446655077757476,-2.5295018872984274,-4.025185977657649,-2.805004876825768,-5.482914884789782,-5.5502774025042445,-6.202041309294818,-7.691694926875906,-6.524692541156124,-1.3290607562883958,-6.215842475180404,-7.077937187631568,-7.967417578828493,-8.495339104595194
-9.636265521258684,-12.17048589606853,-12.470798489922895,-10.157811011982131,-7.37696122368391,-6.930404566626751,-2.837236610145241,-3.156540192783158,1.598809087861138,-3.6635863929460326,-2.9923341427022985,0.7148400325660565,-0.07628769412145074,0.9199364574531524,-0.08419852926698922,-0.6723510406191716,-0.8331837446312829,-0.5394900285435162,-1.4547048211715135,-1.3813971121247117,0.12661302312394865,-3.1253216961449017,-4.9567576658190955,-5.182150641497522,-4.818174112117896,-5.5221885675722,-7.220355217510303,-7.915272874113681,-6.382823281475992,-0.7672822792569451,-5.912911947852136,-6.5193446131544395,-7.571876182552608,-8.173334907255711
-9.696862764512874,-8.939539796762064,-12.29110873041284,-10.415411029383442,-8.232882392003047,-8.619391254079785,-0.6768446782237156,-3.015179285883014,-10.19690124852544,-1.4278729478722867,-0.24807824604167458,-0.8788080171570539,1.826957526310045,0.9806166314111802,-1.1892854772599961,-0.05315108189428252,-0.802161023141085,-1.7456506867384973,-2.3160514683579856,-2.0247476066533805,-2.7105788878225345,-4.387256268877654,-5.835908587941841,-5.508048182442655,-5.621789880100626,-4.96124669361445,-7.201252784050312,-7.891671234698652,-6.241074532249351,-0.4188100684748,-5.198646576933507,-5.816463084328051,-7.054699455749877,-7.938780399468944
-9.626411243206013,-9.486209309359877,-13.34364825787286,-11.04713040453187,-8.790320522838702,-7.226869098438426,1.642672619229883,-2.334776246472633,4.1528800006975715,-0.6278431726820257,0.0315809892565995,0.18732337248413755,-2.600288441832588,2.706212227763739,-0.8603004533097256,0.30421164011929136,-1.0525416377801384,-1.2793104837446192,-3.0877509759018555,-2.8952320526257678,-2.7302940181899444,-4.557062603843521,-6.114389762057877,-5.521916898651311,-5.738878823211773,-5.692546180626788,-6.748762170881519,-7.5129839945437125,-4.3317894229510285,-2.41240194108368,-4.398045763865008,-4.6586686652457105,-6.354094244760278,-6.750593177185937
-9.33520085109114,-9.403154269127242,-11.311269831818157,-12.997035569349235,-9.66461218383955,-8.045978547459292,-10.251485300494432,-3.7404581730255426,1.6108149969289702,-0.5405933542669749,-0.029247296109119823,0.056929719191971095,1.9397606338827242,-0.878547836327268,0.3261574469015427,-1.038089532129258,-1.0594820756756314,-1.8009794433068245,-2.80689323284641,-2.900548461885761,-3.0578790754449034,-4.732323192580422,-6.685226929603169,-5.718491679349391,-6.8249945255400215,-5.295250997157475,-7.239867438720481,-6.485542839819008,-5.206268766587689,-1.9575619442936856,-3.374041929026513,-3.9084606048779427,-5.565432861495215,-5.224860868087222
-9.425549796312824,-9.358581769281143,-8.965487086870692,-12.897672812746954,-10.776911657877436,-8.200407140631407,-10.516055450788961,-4.255840524012878,-4.313631499871069,-4.993598332209821,-0.2746661637345804,0.5545419255942636,-0.9202512688363551,-0.002111738265705814,-2.2893317668090982,-1.6322736294094473,-1.3372839753759578,-1.7973716612451738,-3.915474318911666,-3.1219426288079886,-3.575495057276743,-5.158094269817318,-5.931912146163891,-6.4320509607796135,-5.9558029602143385,-6.296505703778139,-7.209112500663115,-6.308152970178535,-4.808318139330618,-3.2651036461121086,-2.5694147171812327,-3.142467102777486,-5.967432377345708,-5.079687361420995
-9.293464287888549,-9.337071643801885,-9.065700103748513,-12.147728842894166,-12.689888662089242,-10.048075516041374,-10.618090575765773,-7.158995659932504,-0.5556730278165696,-1.7277511223293818,-1.3234260276566363,0.1298250348635862,0.5902070721810271,-0.5623331119886915,-1.963262026429981,-1.5156570821336477,-1.5347220391820136,-2.9506114194061617,-3.4620748765269913,-3.480069180863311,-3.293291224373023,-5.1366771808862755,-5.0674746818702925,-6.390979629424712,-5.558375861884498,-5.846081079981932,-7.205479811072786,-5.997216160549602,-4.77793493581092,-1.122461075667266,-1.058050355922288,-2.381672064158732,-6.074223918530652,-5.333162878037852
-8.986767370291965,-8.556744918239454,-9.022539023078108,-9.010380515327581,-14.215365159725282,-10.510716970661242,-8.583763598867282,-9.342638764684589,0.4951333244724634,-3.1389397242540666,-1.341142983551521,0.2045829840424853,-1.2962617861815007,-1.4174222877390263,-2.5255167242139813,-1.389591241423504,-1.2510241103354791,-2.0755579547160545,-3.1509937334286606,-3.8746127662286467,-3.8870683671864974,-4.97559635742646,-4.831624475313217,-5.173210625003459,-5.382379556627099,-5.156973127513843,-6.950703038527282,-4.655239217138274,-4.20526150521722,1.1717535194211017,-0.03993582117096469,-0.6505792551936789,-6.556817708750049,-5.303844722563811
