script/wind450m.json
{"header": {"parameterCategory": 2, "parameterNumber": 3, "lo1": 3.000054539987559, "la1": 64.9999836372058, "dx": 0.5, "dy": 0.25, "nx": 34, "ny": 52, "refTime": "2026-05-28T17:00:00.000Z"}, "data":
[rows 0 to 23 of 52, columns 0 to 33 of 34]
0.6262302389254368,0.23955779083844164,-0.23935079730710193,-0.02865106629126952,0.9957003719547651,1.1134576138191086,1.6507068568963252,1.7170950580036644,0.7301112952254352,2.049280179245934,1.5623131342244416,0.9976165083902191,0.1254398239775307,1.8235343661248506,1.8637171412307505,2.9845526415881443,2.3074449897606755,0.3470225409149204,3.526439582022522,1.8600086313053033,-1.4905206003016391,-2.682473326679703,-3.7981409791570435,-3.183340481081776,-5.5380041650902125,-2.2290052177353683,-3.794542419607092,-4.913770389626209,-4.061960018007611,-6.919144735907306,-5.207528125680105,-5.99606532875999,-6.202059683008259,-6.864160526666176
0.35225843778563026,0.05819562819202732,0.27189306765862814,1.2260524768062466,1.5201719174146486,1.7010551469754567,1.6706617876338095,1.3323539994338431,1.165531647004403,0.6436677580932219,0.7836727989155544,0.8574824509545484,-0.37743164901550064,1.4106821262957832,1.5041604309701146,2.7398542031991084,2.1185200023512207,3.464714498982401,2.18301657795909,-0.9563891666382306,0.18388671747013038,-1.804431458053913,-1.8759838392077313,-4.536415891617694,-3.563577039135657,-2.796893285038703,-3.8442571681141127,-4.2173671240522,-4.628764198854326,-5.488701686754623,-6.371606089548952,-5.705123499191576,-6.442215644454543,-6.8360863065785695
0.4481043455534044,0.3848467308834635,0.44921702680985004,0.2460807939479765,0.7744534901705211,1.0861536969535073,1.5448928446184034,1.6227463972226956,1.979065196368007,0.95226940807191,-0.0018030410185299903,0.5537770470392936,0.7529098850060245,1.0010067856629732,2.447639810969005,3.7090227336986494,2.225364452629659,1.2216172350429575,1.3392744722519505,-0.8175488158257043,-0.6815119081051945,-2.1046937110627937,-1.996005841316007,-4.674666641674276,-4.884303088499779,-4.155548292929042,-4.925222212555265,-6.0427955071264,-5.058084012365616,-5.600474612896031,-6.180177359847647,-7.658945012162151,-7.422620040091413,-7.644489601064106
1.424834449218874,0.6730462800785009,0.08974132994282791,0.329681571531946,2.8941986262275674,2.724508154810715,2.141640268628802,1.542340416303128,1.314979493208402,2.2879276111906632,1.5412362342440262,0.8848501819203167,1.0957520797653946,1.04670121331665,0.9996722481982373,2.754317081185816,1.1188794332367353,0.5001215145547945,-2.893790619258144,-0.15284272441196034,-1.2201187549680896,-3.3621136759330454,-4.779266972055992,-2.751675925932339,-4.8922088160542545,-4.719070145859281,-5.02023502663872,-6.260128826048048,-5.03277376214308,-6.483562115706001,-6.011316814238242,-6.786649656022182,-7.712837107317261,-7.896593439927708
1.4489507038032192,1.5681213738061044,1.0179152872786903,0.7659832044577083,2.213891241552821,2.7984121263155455,2.5298538958524235,2.1401096203307506,2.0328925330230767,2.352092794679117,2.0830072329597447,1.785988470642848,2.0691222231248285,1.5903551040668995,2.5348616097510615,1.489331042890909,-0.5188425863163731,1.1563941091768455,-1.6644559722347276,-4.135534572403562,-5.708800153450117,-3.8114826574368457,-4.088664902914592,-2.627824599704264,-3.4627942475806357,-3.6743257235146887,-5.982732020453658,-6.200773362366844,-7.354611553275219,-6.845992462569696,-6.622857988919962,-7.091513060281102,-7.131826542894137,-8.34552048623923
2.004769482355084,2.086819359221546,1.7456390615720907,1.468041992747166,2.678026078622049,3.3428796942674475,4.736011601279928,3.9091204582335197,3.406229238464241,1.974277775813206,1.0919737583676299,0.5691465067299583,0.5029477790847663,0.6939937905403463,0.9660161673239048,0.6407931300831217,0.6727539459905467,-0.05469302557080817,-2.94676740416512,-5.601403586151578,-3.8150947875789183,-3.4634219429299056,-1.7745120727596981,-4.471882896265445,-3.2057694971730486,-4.6801035635030805,-5.558457910096793,-6.48396643588405,-8.171674130722206,-8.328581104165623,-8.25599447213744,-7.9550583565074335,-7.290661241722981,-8.161271739036668
4.032690346510574,3.3492031976619447,2.838119647353343,2.9833221796618137,2.280771227792337,3.0343020149998288,3.7992738762610263,3.3119000639913194,2.6258157153577093,2.199858405250113,1.8342532089293246,1.3485709194113622,1.512670516294364,0.7408475501928898,0.025199958386137138,0.5243866009716651,-0.8096926409089145,-1.2665491847406265,-3.7248745179497553,-3.0943068578096526,-2.4755511670414907,-3.0056726604865474,-3.9272222943724646,-3.3829571481918665,-3.176507428628733,-6.18305656925255,-6.9310353728875915,-7.765886619280107,-8.088677096990907,-8.27015343597585,-7.3603924109304115,-7.165375910897998,-7.931952171401064,-8.275796329783866
4.596231278487201,4.76753951265727,4.505928113592799,2.899719592884285,2.6367756177745227,2.335875302191885,2.381341499659623,1.9090371779042556,1.7562735330461212,1.5392037452415657,1.8873894562643578,1.3363191681430087,0.7997750495635608,-0.17794517137421587,0.46149315750155523,-0.009131493876230608,-2.0950844011093146,-2.1441887330926153,-2.9094204696146413,-2.942990456155005,-4.962613273413531,-3.5008287488988517,-4.005042148100741,-5.339705347771189,-5.765937161457091,-5.8110351571306955,-6.899124366548149,-7.372323244834761,-7.6287668657424454,-7.905603081703739,-8.153792277909039,-7.7455963237967955,-8.276956547645916,-8.962582184011417
5.432780948408707,5.861014199333337,5.148000548249072,3.2646317049083766,2.835778921204255,2.3025035838026455,1.7924048564793724,1.897284780330638,1.7952795087138382,1.7704022824853314,0.027468038000175072,-0.4331124722732734,0.6097651497990989,-0.21564494572238888,-1.0643354028846943,-2.0317612718016576,-2.7408554151938938,-2.6668515314752375,-2.552624778775769,-6.74328841766045,-7.726308852044148,-9.112603831032308,-5.803780197499341,-7.562777167230597,-7.910109790943641,-8.233041687527207,-7.320019341369725,-5.477254872965383,-7.6152631174219065,-6.828418359662839,-7.693782595946181,-7.8715817422064,-9.481693553944432,-8.277905341347715
6.5909861280536,6.424751749820051,5.4570271396789725,3.7508428000580762,3.285731161051792,2.6601171193288393,2.391089185547939,1.7157494880758126,0.701610413500185,0.7657313636455123,-0.31631529792356883,-0.8825802800214056,0.5537781627850733,0.607810817772996,-1.3529610176072293,-2.9768388207313516,-2.8562116794895354,-4.388098191173238,-5.779070973300492,-6.630045857988144,-5.635030451232347,-3.971669489707126,-4.547338592393272,-5.957549286723339,-8.208224370190774,-8.60879706382924,-7.213064911436646,-7.357531728065482,-9.201768321166949,-6.3898012103613455,-9.292065722645233,-8.571131307379725,-9.843472062898977,-9.643096580232971
7.287137813961925,6.439897817521485,5.932694129372473,4.133769242976333,3.447056410089933,2.6013319716894108,2.1852414684118613,-0.002773256572158239,4.360846416237839,-1.2722813093793455,1.8822236740113465,0.5843522237584766,1.472725251336004,-0.56112553194083,-0.7577224200732391,-4.0508732182177365,-5.83160110947862,-4.64798644312349,-6.363333229967591,-5.197654133263635,-4.554006130695072,-4.696663379004665,-6.004678142731733,-6.19554754088655,-7.992797609890913,-7.11922970805273,-7.529773600487361,-7.069153699067969,-6.445950254177256,-7.138635597002125,-8.475964974169557,-9.787698384112542,-10.03068280700823,-9.30418611589948
8.06531411043286,7.132510246887078,6.373081131717215,5.023751375493946,4.564858490770388,3.1374258206317105,3.071170986932708,1.9886497910313288,-0.208333329924641,3.562658977949824,1.7376896027456095,-0.380712593684164,-1.024721811541196,-0.886565356291288,-4.089509003489795,-1.268524564296402,-4.4805812075467335,-5.7261697230830055,-5.857104566483353,-6.387975959250357,-6.3766068780159895,-7.816558827023323,-6.855406261771329,-6.549584266561289,-5.857141092541307,-8.129517485241575,-8.474457603460348,-8.079857482432176,-6.5783059220236435,-6.585552334786241,-8.942313658457183,-9.354822375164188,-11.083095791625688,-9.997760099591046
8.440981571413088,7.325316553007243,6.329688448228788,5.639616859680546,6.06362210301303,3.7080756770966774,3.6490547055341804,1.5431890781850064,2.7250122350498236,1.4994521541371082,-0.4400953397789794,0.4884564152368271,-1.9803634072009149,-1.0605641862622206,-3.2725554185850316,-4.157868405510683,-3.606895110922394,-5.395598678803233,-7.359361728478159,-7.276347834004763,-8.162091771905569,-7.524568293662474,-6.0564574983460355,-7.016765654403388,-6.498601550684774,-7.791453444436402,-7.503354012889485,-7.929298764049015,-6.159129228290873,-6.9677928148371935,-9.28128437793894,-8.953543014105481,-10.048610891673526,-11.332232050961732
7.306631007245501,6.600565481184429,5.917251546936761,4.887025854863105,5.559591984364855,7.069286155051882,5.462485256667225,2.6503920059000876,-0.2515623570354346,1.9695834783408905,1.2183864729788874,-0.4223312090526063,-1.9834071252180276,-3.753259005181917,-1.9933083755949557,-4.481825047388117,-5.80473105970708,-4.64373157839582,-6.053194056551843,-5.793375261612154,-6.387531430438474,-7.638636620354998,-6.057557449163399,-6.2096871895042245,-6.977760096532804,-7.9850834454845625,-7.07975987770108,-6.648056848459897,-7.03602670513808,-7.201964022548722,-9.423707874596028,-10.785025780885668,-11.756085456694482,-11.19215932094043
6.9929100388971674,6.590661239842446,5.839711101008792,4.4959810051014,4.979910479518801,3.947187645578943,2.196352945151052,1.8566296181556636,0.01485838258284953,0.9297904596240889,-0.10381067468404201,-2.037220370635526,-3.4937360116639833,-1.0813411254289271,-2.947056872521446,-3.2253385733928424,-6.92088014848424,-5.484965825486389,-4.331323253349586,-6.126690860270388,-6.099532156947325,-6.78601142110762,-7.841602572921666,-7.101733621599286,-6.739227546933508,-7.4778482348927975,-7.958984534400536,-6.744831063526094,-6.8309513315837735,-7.3935816285236715,-9.529795075025465,-10.661038697041468,-12.015088635294301,-10.39269465573281
7.569510339923954,6.676666762914547,5.511375953433922,4.9180926964527805,4.701772898454204,3.1530705406160013,2.7611556665403416,1.7808663380853524,0.5224035485331274,0.40159651428754173,-2.4418794705579066,-2.672707572645287,-1.9045026730971184,-3.7196647484179066,-1.0716328433562048,-2.2154770598469513,-3.8924925220048765,-5.919456937513426,-3.973716887129416,-2.7672114922911724,-3.421400713022347,-6.193946426159297,-6.1129330630839815,-5.909271125454825,-5.4572107020739535,-7.224524662510588,-6.97693393930953,-6.185854101068261,-7.057662141537504,-9.065914585585586,-9.137397996169469,-10.957482371880284,-12.251865358009086,-9.735443932849156
7.902723373577872,6.456032607105202,5.519353030783096,4.838604223298666,4.552850188181962,5.4171035326243,3.741766314933624,3.050180185660395,0.8165468803414129,0.07497524859042601,-1.6553179946508831,-3.4732040582290113,-1.0506610519874022,-2.897260935970482,-2.8011879775501667,-1.363296171628944,-1.9554733382148317,-3.866509388757811,-2.0699474178644457,-1.846632931724191,-3.8483287574053526,-4.703063620646351,-5.411881273026615,-6.216204735626161,-5.964874698706056,-5.2216642575911125,-6.58031110596697,-5.9433205274941825,-6.105131801064065,-8.41928747342553,-11.449041231403669,-8.233577125213813,-11.50015837679039,-11.471236679968033
7.849510215352498,5.879428628652385,5.424806943890467,5.044323801824446,3.5686042790050805,3.950563097024024,3.46082277227637,2.731480565424722,1.8764670693543082,-2.951935460024019,-3.5851875359928838,-2.1002303278909342,-0.22527666044577113,-2.1826103810667137,-3.348273504877647,-3.031987970696516,-0.46562025688691583,-1.7178850924716542,-0.7523324874723749,-0.51089050988062,-3.0858384538348957,-4.715895137725136,-5.48761831259538,-6.062506199135978,-6.292426574504771,-5.580660856750807,-5.199793911566373,-5.476234503523042,-6.138393706790544,-8.152782821454569,-12.07587737013049,-7.62421514687011,-8.925889906564114,-12.075990946354331
7.136005840035947,5.976237827145623,5.203071449820308,4.979300583258055,5.302972478519108,3.589249528454815,3.976684876704559,2.7243204775052923,-1.0531802197922204,-1.4730694081873943,-2.002490223737821,-2.0379329965446162,-1.0232228734940072,-4.458378605056084,-1.3432181555094862,0.48764208426059735,-0.8056646707863968,0.16145887912389922,-3.3636346856931176,-1.5932611045159297,-1.7105079580120854,-3.2928663907170312,-4.035503199950945,-6.703849772359536,-5.667487563019066,-6.659349106614876,-4.351590699250767,-5.214035346316267,-5.692180805743144,-4.109113797407414,-10.119367797964324,-7.642611023627352,-6.5661793595455675,-10.99275145255509
6.605611349223173,5.9681527369620575,5.334528086621412,4.927788003260713,4.58457780138634,3.356018253352088,1.220767093507855,0.9469018645848599,-0.15601508306502682,-1.5445462864958028,-2.180393113960759,-3.483992464600101,-4.420677626037418,-1.8007823017508253,-3.6303924394712332,1.3402021340937806,1.422905344871514,0.9744628902360395,0.8259859412960271,-0.8449663057013825,-1.9912333319014286,-2.3781245434230955,-4.674242982365281,-5.18519156012653,-6.4052236750993155,-5.663015105018441,-6.893933837178508,-4.736095921602297,-6.920185392425787,-3.4173260264486154,-4.406711134871355,-6.018304343629486,-7.071096129455102,-10.887665553762575
7.082059063104191,6.085808868432652,5.27168170056398,4.579116566427104,4.284330112715028,3.7532324099557837,2.5556616353960075,-0.40942891330813785,0.52746982182676,-2.4954198805438814,-2.2345163775208516,-4.016700078536007,-2.694387849319693,-2.3781871822207954,4.149541584955212,6.315442954707609,5.677180663526622,3.6045215035504548,-0.293766014723304,-1.8627746502069813,-1.881688768039528,-2.0362734701630827,-2.476826058356892,-4.163367252831456,-4.964852716558593,-5.794251903902837,-5.723752982489194,-6.974981471367353,-4.345286383388412,-5.328109984381352,-4.421129320660034,-6.83727826196214,-7.838988478825142,-10.844856182311622
6.871843950928628,5.647924185680073,5.220599304315939,4.151570199484579,3.5117115931454723,2.730918087155115,1.8582989258562999,1.083302780224911,-0.1654867858678348,-1.33711937291611,-1.7009478672065084,-5.701868354990277,-5.124416224487764,-3.5772482986099408,3.1282498120383244,7.167093720549421,6.042142414016521,5.741389847531705,1.6824870848968108,-1.4447888313411057,-2.68158088841396,-2.499693390795376,-2.3223019732635044,-2.6703079891460133,-4.374277273201463,-5.406498937189971,-5.964570769034597,-7.186355858019437,-6.453199679782829,-2.8934275984302964,-2.7524061611250836,-3.5222383357705667,-6.267819044534435,-10.364364795545287
6.513117136285272,5.481898686825627,4.535549335560618,3.7034030661241633,2.9592321331604663,1.9050969144400405,0.8115611363601515,0.5633825270424714,-1.783216422405692,-2.5392805622408914,-3.295999650980237,-3.6113903597217614,-5.3732209087568625,-2.25291060851159,2.40718070352696,5.51877388263054,7.007853731328094,5.30049626981825,2.0391185250414554,-1.0401561979537337,-2.70169596526316,-2.7544753410471934,-3.3900849357913176,-2.6868011322056073,-3.9880396974242927,-5.530107552133108,-5.574612640651375,-4.853862095017835,-5.006070835659758,-3.903510293198069,-2.1423145359198914,-2.8344926199920244,-5.267624664262341,-11.374870987347718
6.560810350192039,5.61146853628149,4.28027393673215,3.294100288732628,1.960924113832467,2.0856552151376593,1.0790832182634906,-0.3071525265890446,-1.9900407525512707,-3.1557364290874075,-2.948759005971221,-3.21190720718956,-3.476070105577776,2.5160452196838587,1.105554332888091,6.324748834870957,6.634963414428927,4.360640875013853,1.092377171481433,-1.8587809701349804,-2.0841447034602125,-4.346956725979542,-3.776412634416962,-2.683037012987167,-3.7712278081011448,-4.750315219591442,-4.287896600474501,-4.381868802423622,-4.3121402121833095,-4.382529399355686,-3.536267886960904,-2.8648569233007204,-6.130334290540088,-10.588327382223135
