script/wind50m.json
{"header": {"parameterCategory": 2, "parameterNumber": 3, "lo1": 3.000054539987559, "la1": 64.9999836372058, "dx": 0.5, "dy": 0.25, "nx": 34, "ny": 52, "refTime": "2026-07-06T01:00:00.000Z"}, "data":
[rows 24 to 47 of 52, columns 0 to 33 of 34]
1.3649495825980902,1.3248827388434565,-0.12876907171605614,-0.1304704688308348,0.10193530157751758,-1.7295716989054093,-0.6238189037067784,-2.954599378299609,-4.095614390662623,-3.5357732004072657,-3.5545318084935125,-5.7292325491744105,-4.174800674383101,-4.737214651704667,-4.64982929209259,-8.806158874480463,-7.692672446137911,-4.6615246710285145,-4.051790582619207,-3.0719966896510837,1.6510394956034233,0.7227492438454668,2.806902411185557,0.5906370511848176,-0.35070139287431035,-3.251970696248525,-3.0355800736809746,-3.0083805794802587,-4.249903399716461,-4.535421716430327,-5.1200763261912545,-7.09971205104941,-8.500490460354639,-8.97127591550322
0.6369637155626086,0.8555957107043518,0.2610151323961941,-0.5175115438825411,0.06553946852634478,-0.7835187159728639,-1.4168648111138344,-3.461765805186585,-2.9961153734876387,-3.3092513778551393,-4.173051395842766,-3.4175683403236516,-4.2984000345148905,-6.563051244448068,-9.457253858784586,-9.650551112596442,-10.609106298733881,-5.181695167217166,-5.299299734891944,-1.3471336054833083,3.202093904665947,4.893626588178802,2.9724411908658084,2.1561239109541845,0.30047931208156947,-3.4217392959121473,-3.821321748234609,-3.709042731767937,-4.106213801786256,-5.351946189380709,-7.811577115413592,-8.019774888304976,-8.561502544116571,-8.13855387900066
2.105979370900119,1.056482526917288,0.6992458995180799,-0.3439586421486519,-0.05926956454693859,-1.1105622893497011,-2.4340026763542055,-2.0516965394961386,-1.574179253461014,-1.7290291952691865,-3.0919755644713174,-3.4275691223414486,-4.847969577019739,-7.3378343957122425,-8.96220097272938,-9.779348307891413,-10.735435807584446,-4.850096237896576,-4.075268304411255,0.2172049656328699,4.089928666924777,4.698852393304724,4.1120735247007945,0.7489187432089173,1.030626420268722,-0.6802609918832897,-2.4225135860521125,-2.358652307819652,-6.796218068992587,-9.140892050819142,-9.860863062563425,-7.886459455952104,-8.82809890777735,-8.845283289641127
2.7286527498458537,1.865563957912548,0.7530169867622948,0.04609882802204235,-0.22099966235544827,-1.6308243842608467,-2.6095943459276834,-2.18609671032541,-2.62859320569961,-2.7615375567762857,-3.0662946415548182,-2.4546974197394382,-4.703375300758968,-6.298643646712288,-7.42253738843481,-8.808203307626952,-9.810687726654562,-4.840416337960408,-1.7832269219878079,2.9705977396249823,5.43932097977612,4.154135259962779,3.558226906681431,0.5659937262622975,0.0003174710275537366,-0.011421617062801401,-1.0819488588981274,-2.493817682826788,-5.807448109824751,-9.644482211414571,-9.779894440278724,-8.774245276079254,-8.92843182738493,-8.897685948502133
3.054371364760972,1.9805340926556296,1.0776135607031425,0.6720176489226495,-0.09491141651320119,-1.7156395698915952,-2.920713314596682,-3.512128670686935,-3.2923574180967763,-2.1342104001239735,-2.869147538683541,-3.5837746969007314,-4.780391542173164,-5.36800280311203,-6.128688468254826,-7.2444971962339135,-8.490206276928657,-7.22926120544438,1.0527279212481715,3.2586322002842523,4.203309568011901,4.399732961120413,1.8459503467939191,3.1331082168835063,1.5536532823199698,0.4375124200479163,-1.1743568796181378,-1.8588132161591653,-7.03126369495983,-9.928855689981644,-10.278137626961689,-9.019628732895658,-8.38274482883996,-9.230936615709876
3.005521196405224,2.9870639490330895,2.1605593205524714,0.5998618176367225,-0.09287358426730122,-0.47631974725590503,-2.562255172679531,-4.192007090353926,-4.9019312262442405,-5.114479570599585,-4.483142728032295,-4.297810515194891,-5.08732285867276,-4.979373996131699,-4.974374418812326,-4.850298179227191,-4.85671594358586,-3.469880571984343,-0.31569854800055613,1.911830101461347,4.500632102336632,3.1890919085414366,3.3128740219723345,3.231603978365746,1.2768463320653864,-1.6175775720414023,-0.4007643657072351,-1.7661854223421058,-6.630395609939201,-10.030700708298804,-10.423817314165536,-6.453482340568769,-5.480932113422987,-8.2222234063195
5.256859894919214,4.084453028898449,3.362750919645687,1.9879966424270965,0.6431634572227068,-0.3971223228543659,-1.7826153580703807,-3.0820716188203763,-4.729144727382014,-5.633439330857904,-5.407805339664273,-5.24227500894479,-4.78964984895584,-4.792286306784107,-2.8967880924308527,-1.4669505052696645,-2.7558807650783423,-3.1005363324919477,-2.121732418567621,0.8810974057970031,2.0496818253342215,2.7163109835882753,1.1615897346207749,1.6742268040594779,1.2057712190417846,0.17087411042850637,-0.9729335766146567,-0.8901401415967684,-6.243985154499933,-9.725262383095485,-9.616097897231299,-4.8255143250988395,-6.713611179068828,-7.733193435308987
6.054443502462007,5.2928085335089525,4.045432305539719,3.1450203787280384,1.6884261889132695,0.3056400720323572,-1.0087815837535288,-2.1507943072152083,-3.31906432196832,-4.565886171170436,-5.415885822180627,-5.063604237363547,-4.166074483107067,-4.048699245773403,-2.124272036137442,-1.6588616198360253,-1.8441035481978414,-3.1572906253253765,-3.3022600263822754,-0.5203983261675376,1.3211524432969413,1.1330382486105959,1.4086376410520074,1.4027497880417021,0.5794270116815919,0.3071534609485771,-1.3361152980582216,-1.3047385571454415,-3.557589408808828,-8.185281249708083,-9.787543479112806,-5.339599191301697,-7.485360661862703,-7.485124900780996
7.16598959048604,6.301252678562688,5.429532872721236,3.58084723447423,2.042349863938685,0.7042031237469812,-0.9227765757405804,-1.8851477981683318,-2.793758859588346,-3.4371924378350283,-3.821394208737906,-2.779423235924907,-3.3825334586488998,-1.6677825557848556,-1.7344256292238054,-3.5568681092784162,-4.023727700220924,-4.1779081199914225,-4.021715338997381,-2.3107292836287825,0.6282415543906225,1.1482184346854376,1.166631487006247,1.1217069408197424,1.04882804455889,0.2542977930391798,-0.3778416919602463,-1.5434812452171336,-3.0525293664295696,-7.291704455236523,-10.580031913837628,-7.742788008234827,-7.834534116056282,-8.316724956814964
5.802872494472636,5.841923854618526,4.443446185643529,4.307903897393236,2.5882064183201927,0.5316570428219376,-0.613984871564215,-1.6000175128778416,-2.4091547960664546,-3.069127315504532,-3.4926399929510152,-3.0658284469365986,-2.3455316191418083,-2.3107799107082325,-2.4184839943780165,-3.985592363072386,-5.276206663488283,-5.103374424230318,-4.2362759958348075,-4.13151983655176,-0.46581831201285845,2.013448275326077,1.4252617932590081,1.2913608371524001,0.877840160670606,-0.5417625660351566,-0.3681022761879748,-1.0292329107776925,-3.575219988538123,-6.382201773542403,-8.47518069150621,-9.165926817228971,-8.567553793014834,-9.230748870823794
0.844240047511458,3.891128691000287,5.7712555907705525,3.1325325304774916,2.530115527611314,0.9782972208272143,-0.5820164504942268,-1.2843514946757675,-1.7380177119174918,-2.7988520744370797,-2.941481362533822,-1.5343011187082258,-2.3760435395509516,-1.961444153889531,-2.3824862326515355,-1.8102693628806867,-4.811199884513853,-4.67614661277355,-4.596188743645091,-3.848173517753243,-1.4543555213147976,0.3858303076967715,-0.17668198285704764,-0.44265312515657695,-0.7663038511061775,-0.5408455095166097,-1.0573689323192428,-1.6808734357525064,-3.971444513216086,-5.4684957158664185,-9.542985826590984,-10.332625007801935,-8.862910965480257,-9.063829065230934
0.08781355827226675,5.153739719775797,1.6537913856321431,3.5687271053274214,2.3809390603429326,1.4814249954736767,0.057988426972806706,-1.1198147767830096,-1.4633814692124092,-1.922632825097878,-2.6494288958243617,-1.0765138123146618,-0.4015339872958757,-1.049583152114993,-1.7161159630546488,-3.0943011516749923,-3.4766538742096427,-4.227551451891618,-3.2488734660418896,-3.402247461377559,-1.182994359111925,0.6535121151507703,-0.08392226370720365,-0.9784547090387397,-1.6234306321403036,-1.6896544836806267,-1.6903233595590825,-3.4509218049150223,-4.768244593586098,-6.3248140484013,-9.279009751215977,-10.502982261412116,-9.467433006261043,-9.096914850618283
2.227546079786848,4.2491624634623575,3.4343477848237556,3.5983718637295006,3.141074369380934,1.4745981621634079,0.6445000010097397,-0.7408739586524365,-1.8293890989573858,-2.2447598590684357,-2.9632112108414614,-1.9071709374684402,-0.5478001681434641,-1.4613363087990447,-2.8520610301910776,-3.7993723930109287,-4.954402090260444,-3.9337463631729097,-3.367613943569236,-1.5653147299580694,-0.44522271240146255,0.7842189829608861,-0.3284119546797767,-1.342673475280644,-2.592089374651489,-3.031995563247027,-3.5234661474207227,-4.223284550390103,-5.668759644839471,-6.486065787139916,-8.98087166670886,-11.01052191839978,-9.7884537345785,-9.990835683058101
2.2844771651719977,2.584638327480616,3.3545963012810756,2.6081736141094343,3.3992810491250633,1.918186866966369,-0.04905789310984367,-0.32854913970312566,-1.428628340430081,-2.0242432932546373,-2.80458325310128,-1.9248110373160903,-0.001860149176370641,-1.3627708020858669,-1.82437033974183,-4.500882208648737,-3.13112638780315,-2.8039498092370265,-2.398831577259553,-1.594883960861297,-2.7905132393921375,-1.822851732784849,-1.7526230345998037,-2.251260629513695,-3.147752360230631,-4.211982268188647,-4.930536125798891,-5.353708621607502,-5.822064687159154,-6.900489117374486,-9.124227810505817,-11.078611445069132,-9.269950724953913,-9.281153073999064
2.2597068082559555,1.8126947545793695,1.17207681754754,2.2663753691937196,1.853293181082633,1.5807856386697796,1.6740772571462186,0.18610601675447216,-0.6390681840553083,-1.9065977016996207,-2.40062707295917,-1.4246672738849633,-0.6777323562504423,-0.532579574052697,-1.0622665467656003,-1.7480292869346399,-4.4374111678091,-2.220592475321998,-0.8624004149098337,-2.4006081960144963,-2.900458147061763,-1.8392117420608116,-2.8086583038931243,-2.6935766710009994,-3.6952119746887435,-4.357912780350145,-5.860314775872649,-6.782849633258886,-8.053913726803117,-8.137371844924509,-8.055510438623743,-10.212985405176223,-9.046550945331306,-9.630657754634495
2.570525042462048,1.7033247827318858,1.7077259699739176,1.3560023946206,2.4598644626672423,1.9684076385202394,2.4319541930595467,1.3001901487732157,-0.15674540576469065,-0.5996192790875018,-1.7357516275562215,-2.992910898029899,-1.6303101838482046,-1.296049951463923,-2.921763070786252,-1.3756789950751533,-2.854438146216754,-1.273324086404003,-0.9752402278413006,-1.5677734293903467,-3.813915966963931,-3.3484926407148023,-2.9736445882888067,-3.1311150547371143,-2.3038393808964415,-4.133130189012398,-5.521773891314201,-6.808861787667093,-7.461588652587804,-8.447698044790894,-8.408912770015732,-8.90753927355115,-9.493971667146678,-8.416190137494668
2.3956994577507476,1.5288400820394523,1.1802561664036202,1.8797765523748506,1.5478419427146994,2.319689749682444,1.7354543930050463,3.6939915866687976,2.4831937532257053,-0.1737120085082003,-1.7042919535416907,-2.375139845840116,-1.8298509874192328,0.05419484613116754,-2.52635844791577,-4.35445607586385,-3.791875450963564,-4.7004067535087355,-3.1220974992558124,-2.3568532830244493,-4.193730604746146,-4.377016535876629,-3.793494781799721,-4.294122546213743,-3.2271781380541538,-3.094350213643581,-5.277500782738774,-6.50662756614262,-6.739472523384046,-7.9708347625768985,-8.444106087981124,-9.13930469991275,-9.809860868673718,-9.246779885776263
1.8476717669659215,1.2174317258831244,-0.6991330217043864,1.09832264004977,2.9892219468756367,2.781756880788385,1.9771684457258683,3.3844271234347563,2.393250870945896,0.6488503040001992,-1.3040319906747648,-1.797860819644216,-1.1436698442563336,-0.5626811764222964,0.9837164661898082,-4.328505428897409,-4.760543079987377,-2.430967473651576,-0.7902216810055317,-3.9248391456089946,-4.909451056965652,-4.638251258163532,-5.262769850878443,-5.255451089350703,-5.8241143688107275,-5.972876871106075,-5.213730699242948,-6.336946565137959,-6.72917655107653,-5.982325431728376,-2.9396081793622018,-7.084338422084223,-9.222509689429309,-8.186306139087442
2.002631488685384,1.5442782459779278,0.816558347055514,1.8569286912776966,2.0309496811854992,3.4100733789016355,1.9528380600444488,1.8742090337727308,2.620199641005137,1.5999467511517846,0.14317149524886136,-1.2865165023468286,-1.8902279795250945,0.007951858626691191,-0.02133476775900848,-3.690536604764321,-5.109048565303616,-4.901834625356033,-5.7513654357014605,-4.420079315425,-4.449232260679553,-3.993893947897338,-6.3551029847942955,-6.105183043205818,-6.48557879416167,-5.8643492331940985,-5.964234976036643,-4.93505136932946,-2.397556552788235,1.1707097586511468,1.2929902438574097,0.28799325684783167,-1.4555591349494468,-2.2256133001412612
1.497824467265111,1.1018610610101915,0.45852006580454396,2.191495113005699,2.4721620449107555,2.0345292624596523,1.4760249309916782,1.3627810579643087,1.2822656073381498,1.1486270287024203,0.28701514734106354,-0.8171495578556877,-0.8904170604388626,0.6576065193275434,1.4420289410822456,1.113444830571275,0.1861127870412405,-5.603123370382335,-5.385114935565835,-4.304522356821645,-2.4272480710528237,-2.60338365085388,-4.486507967722433,-6.096180559696548,-6.287950335041474,-6.477880379062176,-5.183143077642935,-2.4333078469231677,-0.9880032013370044,0.1546395845497168,-0.17680067515220957,-0.7536207691145982,-1.2355804126976055,-0.012585945046872866
0.27788997307960395,0.5100128678013218,0.890240254289198,1.8447281185211866,2.586493603439209,2.361765672510049,0.9601130209327421,0.8030430274797833,-0.23833910848742393,0.36955602691492456,0.2900047569410864,-0.8830633212422743,-0.9082664542418557,0.07034046794118297,0.605616683542404,0.5589395407236677,-1.32630227078537,-3.6383462191924716,-1.262621951164799,0.15329613559878216,1.1958650275470926,-0.04948447721288936,-0.20762025601676082,-5.2492939732660275,-2.784359511905815,-2.45880011841072,0.4214803964875139,0.5169846272245076,-0.47066962469840845,-0.2872292925884355,-0.4604338996114079,-0.44564998985938775,0.3871887664333051,1.1725140355231196
1.5926925925521258,1.7313313428437376,1.5067270053572985,1.6231808588690877,2.060409295674553,2.5303838212679883,1.5568034378175437,0.6146396629560174,-0.3663794695254103,0.18966961306626684,3.397588072842919,0.16479890050662388,1.11485583705016,1.5202629847632638,1.0599875558186596,0.6492842660425114,-0.33408526926650023,-0.44788245338912164,0.1472245311456466,0.36678583959825434,-0.5930634441938801,-0.13151601213089048,-0.333958119630344,-2.0042236913586633,-0.30197249360127687,0.7387623706670595,1.3454270405565907,0.5214804555644378,0.2809915564518299,-0.10709288100827181,-0.10539757252387962,-0.3610156783250486,-0.3680810142348913,-0.004109195233171266
3.5360909718857476,3.6623765676887863,2.8457445892657525,2.573629293757009,3.1104016906655034,2.1109846789174367,2.4679852691901227,1.254314730756175,2.807757674497032,2.272307792509864,2.7700930445470453,3.1874777327369763,1.950896514905775,1.7974298020374306,-0.12316656826183023,-0.09344291614555213,-0.06779977529555074,-0.6772126711841167,-1.1349062622251493,-1.1242212343315303,-0.753844792353027,-1.3934609522855965,0.08500459012422007,-0.09578448151154936,-0.38081519965492105,0.7978226840487301,-0.015834118548212785,-0.14576668084045363,0.5950893158061028,0.03359183154121058,-0.25658228466545163,-0.8196181141633075,0.6370317021683211,0.5388769604041314
1.0921589881804836,0.9464888505752128,1.8686838585801442,2.328061416558361,3.086420699957795,2.7512820938866462,3.2732970189933255,3.078111926042931,2.840595957342655,2.510710795781942,1.70074759514884,2.2258623462984275,2.3964861367364625,1.4074907429690098,1.134056201745882,0.0826413894200201,-0.17356222037404098,0.05354548726902834,-0.22944904197048432,-1.483130509528237,-1.5895016591725322,-0.6700885859058507,-1.7828603353828594,-0.08803015601942407,-1.434016857748959,-0.4317155025928896,0.12269457123263557,-0.009250118993158547,-0.258837114520821,0.2648276344148373,0.5200692260412006,0.04432159758765582,-0.07077887744099098,0.060027953596650196
