script/wind10m.json
{"header": {"parameterCategory": 2, "parameterNumber": 3, "lo1": 6.000198445256149, "la1": 58.999992894266676, "dx": 0.5, "dy": 0.25, "nx": 22, "ny": 24, "refTime": "2024-01-21T07:00:00.000Z"}, "data":
[rows 0 to 23 of 24, columns 0 to 21 of 22]
6.722817703443029,16.392420197294527,10.598056045058476,2.257768907967644,3.7093350667724874,0.4980856794365087,-0.17005836270829297,1.5835723230065961,9.756945329822837,13.238627374707365,13.467850912963861,5.663045443294745,4.994902171994956,4.427905411226281,10.884228815101137,9.373635748546997,5.1144214325427955,3.919389410290132,4.5165531168792405,3.035345892663701,4.027037125561719,3.583488995937242
9.768002076494993,9.967262589920502,8.29278272110426,2.127758390852799,0.27643025884460914,-0.9886229004757198,0.7356549560007395,13.224559647617387,13.301577333661115,13.511553101179246,14.55990552281561,5.770358849972493,5.662629443832409,5.9412244944361445,9.364449127983626,9.17182374549177,3.651726579279306,5.152630856841797,5.218485097623695,2.390825275063173,4.0585873227748746,3.595102189983452
8.347269383140157,7.012753335219846,5.532713648308894,4.273896606050643,5.523902616337352,5.458825626991677,12.204160199611001,13.737975632613363,13.539217397875465,13.421727471728367,14.856513097104155,6.716881813344563,5.9736170663952795,7.6915031445102535,6.880433727581386,6.475795386620067,5.837319613472229,5.017847396520286,4.937856446214072,3.0471424822909445,4.674372057180468,4.297568961695562
14.29047430995771,10.482150126973737,6.565695006961023,5.741829232180404,6.091370503341738,11.163695059929394,13.524708238316595,13.197552929802605,13.33172184274635,13.044696247171904,14.653034832286009,8.281022553597765,5.466081938013611,5.018299426381363,6.897671908430892,6.218596393431915,4.1544700609788885,9.628919945163467,4.250155366972645,4.249145922094592,3.0550433922839826,3.0024483016852885
15.216142556015763,13.912941555836944,11.12567765577409,11.034828839407687,13.731300514532526,14.266897058363211,13.607087401230446,13.409698535877496,12.881070412327917,12.14454555725031,14.574478217628748,13.40116281417198,6.342164628123797,5.7219072094688155,5.746096941705889,6.0062705007514605,4.572123627721791,5.187992574346524,4.701578617420483,3.7383024425164604,3.720155304531217,3.7679463882000843
16.04237894406988,14.940844901129,13.949144279684534,13.837876734862462,14.640683028660636,14.471855630098416,13.653790640282816,13.442554486374616,11.78718070045422,8.799104125174734,13.922448039039924,13.472892429919993,7.859200572715687,5.769863663353891,5.68498969409078,5.201549332271042,4.88359424195774,4.772454203529919,4.933988403362391,4.153467702420649,3.9170084289791167,4.168871108949774
16.488075753748078,15.642200770543429,14.770509547687736,14.549825760917896,15.021926872220414,14.9906422628231,12.618372903409329,12.38695828798547,8.55897590350726,9.34370933549303,12.473855275699432,13.062827496982063,6.822811333558863,5.149256985911404,4.610119841687389,4.2683052128391346,4.524619617785163,4.581064192990401,4.381404015181234,3.7095080841650225,3.8829122772514095,3.888358804709029
15.919568955877036,15.495285042978185,14.995737295716733,14.82950075802953,15.173926671030253,13.998042561803794,11.374496664926316,9.555222749042422,6.725316841448888,9.094307615996804,9.698699064924249,13.30043732470802,12.617491300986178,5.40435178180158,4.292236652418868,4.007110580148062,4.146160078001781,3.9852866897078036,4.56254695596754,3.8574993995069966,3.7513739789588,5.471389858111063
16.066035572213142,14.843120488359455,15.058739501598044,14.734186373594932,14.718072977635767,7.27643500755706,10.824962188475316,7.979188311083629,7.0177139111167,12.064270290279822,12.71362679772319,13.02055358617729,12.29949470534493,6.855275173224428,3.952462720176559,3.8931793337731473,4.986768712164421,3.831921791332164,4.248054468739135,3.7831185635373856,4.086399595637516,5.52762139332976
16.15834695144818,15.33706946005109,14.251215906703957,14.411704722360462,14.460099154304583,9.88009222446404,8.381579259458185,6.914408625458195,7.60650361244166,10.800932774858428,12.660635376847981,12.571698899217582,12.368948092231372,10.863075463771015,3.8067632288737405,3.8359763933064026,4.431304045710059,4.056203983810499,3.633786937958106,3.7295311065527215,3.8968337783590807,8.022609207951932
16.40153382058051,16.037322860212054,15.058330953587248,14.458099524497129,14.479815302763003,8.272787369630592,8.387009061080509,7.777277911620566,7.611604051782209,9.448393251693998,11.813072425261172,12.845106832801578,12.228932817115089,10.63570179280104,3.9595190952565167,2.635202498995512,3.7769154044288302,4.004753546445681,3.986804057701686,3.9025431580004555,3.7089475469233513,7.376686160130231
16.615042108890076,16.379229546853015,15.559874596951211,15.297885248162691,14.743976256912331,6.915926988048484,8.497877351670878,7.514226627902094,6.906974491313979,9.15052363753065,12.894986445249181,12.014746868907247,11.207821501468183,8.447463235859034,3.9188502654329866,3.034418332251105,2.288347232744692,3.3474253334103707,3.052410958944883,3.8276503638924555,4.561924870503899,8.04063435265681
16.547153766356768,16.00659860250772,15.373709720941408,15.27942580520243,15.21225994602144,7.5198361103285345,6.82712313801431,6.581844683656722,7.8442242963660105,10.512685735793639,12.993501486446204,10.235895284938126,6.02830744565942,3.973459254662349,5.176151182324528,3.5667686078727927,2.360057510089093,6.876231716876797,8.004079295891472,8.08310535233248,8.226851060475278,9.450121060033103
15.992347289629137,15.69144069247273,14.98759017380239,14.901951947942607,15.358352936909542,9.198827352936345,7.487177509714851,5.449650506495184,8.05562834838486,11.374258674787805,11.369313296331987,7.138846477201963,6.103722333641433,5.288149504123079,5.909803867292028,3.4813579626539544,3.149332996213557,8.84793848086472,8.619626218425555,8.673720912142608,9.269257864050388,10.250397191917525
15.818742596240662,15.41686460956045,14.90900121006167,14.670849607656978,15.162854107617164,9.604808891909258,7.671577264503486,6.725875137963611,7.408331810023982,9.009683595594531,12.541550706067875,6.912352495717894,5.118802364581191,8.68570185028673,5.898836937733561,3.9350141261193405,4.784124165886676,8.193475461057183,8.419774089770305,9.063227030223413,9.607034421619035,10.331137518931735
15.966762411559829,15.402130423070139,15.189886912735533,15.12059164685059,15.43952225844742,12.49537229795817,7.72092164904445,7.4042137475825225,7.0704616179738515,8.244386291897266,10.265548942295153,6.542193429563198,6.252401055435903,9.683794949757084,10.329628978313679,9.755809047469794,8.658945433480289,9.390518366606678,8.635287858528931,9.639475921889607,9.553682340984665,10.198238411669648
15.747020826556057,15.293137514686297,15.358266913352866,15.317026871781463,15.632264177029105,13.719592501373143,7.859374547397422,8.324138242289237,9.238605596987869,9.708249066668486,12.277579095136382,9.416186942564199,6.527019738919779,7.177616401517469,10.307959324769069,10.020956841198009,9.604607535019833,9.807424704072078,8.208609582339433,9.07672565648988,9.663914931810298,10.396910306123877
15.60313373088097,15.090656725699517,15.332239650748386,15.736895545459365,15.855883381710303,11.74344300802991,7.662368021352181,8.119457667223372,9.397430433270252,11.553276676893475,11.482818702324709,7.669906602270272,6.8412512881040275,10.638756398759938,10.852908812301044,10.022612602157263,10.029751113018541,9.693691999438975,9.863430593227958,9.369545905202118,9.763562402916953,10.171383549595324
15.501519448570518,14.934831508258798,15.153557916096371,16.071975659614246,15.890809022240212,15.321241896030301,9.37345399440712,7.14486793822718,9.674679630707255,11.57017309728812,10.194348119966104,12.095293134264054,11.165382409974676,8.365264587226392,8.655630984640464,6.024706176631688,9.593960518649038,9.927887970845363,9.955781945757963,9.589020233997065,10.099835326490949,5.7663093985522496
15.570455035045793,15.12532449178739,15.673798779316964,15.982155991961788,15.671490431077165,14.987413913658699,8.501907912348337,8.149123320812825,7.046316622915102,6.971278869725235,6.934225926884945,12.302998072426462,9.9271855823512,5.0341954233585,4.517509610133631,8.104919808736682,9.394498877963468,9.644690202100108,9.178337712469398,8.738220863063699,6.4245570933512735,4.641067896985146
15.28239378814333,14.894578581224883,15.480990696663135,15.348489785527466,14.661331086959798,14.295842515756407,8.313911650635193,7.288928466493756,6.054734780822838,6.176214388480532,8.867627110809751,7.2461639563466145,4.779581487361567,4.718111891719712,4.164541540457242,4.323374894260827,5.5348891857904565,7.69684897907689,4.006150732165078,4.631771348409891,4.230287324742501,4.3337585961399645
14.288818708572654,14.184696500554221,14.60203347933357,11.638238039481939,11.822449015475321,11.14037850925087,7.230934459438137,8.436720042315292,5.529541083907887,6.72533426564218,6.985584093512164,6.639239275241412,4.941015164222379,4.449189436250022,4.919992943691299,4.060715068641276,4.41066487271628,6.377374091069518,3.2221427575751385,4.029387351837577,5.228344610556317,3.4565530030964045
13.003647583198312,12.416451345766479,12.148107956765664,7.7192778807138716,7.9006930319873945,8.465385160333307,6.355980214809502,7.525308870365226,6.328958951613847,5.497788886656048,5.3230508092914475,3.786072609386467,5.032753907154382,4.17810596293798,4.711873634385234,5.014159622582133,4.672073417119308,3.812068708658317,4.809772935829879,4.079202900309983,2.972428715864182,2.5027844640286
8.677762630481876,8.159440948993895,8.353500378610521,7.76157452393561,6.626591198445234,7.387132011961553,6.893482504372713,7.011104773016661,6.655938973086314,6.033615375561256,3.1566417354513994,3.0753226362366743,3.47310031202732,3.6068007813279954,3.7466085478334152,3.747771614953036,4.912878609728807,3.447310957926992,4.239539760482592,3.1994007575382604,2.2093463383982956,3.9599827715125406
