script/wind450m.json
{"header": {"parameterCategory": 2, "parameterNumber": 3, "lo1": 3.000054539987559, "la1": 64.9999836372058, "dx": 0.5, "dy": 0.25, "nx": 34, "ny": 52, "refTime": "2026-05-18T00:00:00.000Z"}, "data":
[rows 25 to 49 of 52, columns 0 to 33 of 34]
6.594877291202439,5.976991975427525,5.785973106868963,5.350623908261993,5.070643535897639,6.983429684608952,7.326272332823229,11.210038916858915,11.650872549390025,9.905133069807631,8.63085118278149,8.292829552286603,8.596809584256931,8.26335618726063,8.14209287904313,8.518682706728843,7.841366405635365,7.261401436069688,6.377251513733108,4.116783755104275,3.5114995636207276,2.367202599653641,3.4142002918241174,3.0045335995344487,2.0022266197795253,1.4795805715561365,0.4075376853193688,2.170971072570453,1.130218020251325,-0.12690667852191703,-0.7916319870092964,0.4273749121006439,1.0392101135461673,0.7291933053358263
6.439055640999159,5.578864203788356,5.351124350906348,5.413093527302245,5.317135667917301,4.991649570003308,7.217056321786378,9.18889003157201,8.367985431020086,8.539317609580097,8.939776126896867,9.476927575697426,9.54311426337538,7.9652502706544235,8.16065718571394,7.815840712975955,7.013136083553835,7.282109693865618,7.323582638501818,6.727085092898338,6.056182514812428,3.693933348492264,3.3991948081244017,2.6615554610056487,2.307307390022748,0.9275248369644145,3.0891120957163443,3.0085216898340397,1.1947093054289144,0.6931295994518485,0.3921427376340484,0.1852005842284114,0.44968878527187334,0.5140589668716562
6.394277711994789,4.856211227268662,5.06098082471244,5.631132405576591,5.354818668232336,4.89885487423672,7.546052105896894,6.167626888774517,8.579489556726262,7.858238376540142,9.257026743370863,9.311154533193065,9.44473912713604,8.610683835607553,8.283532202831399,8.254501914020778,7.064457346414017,5.979991889462513,7.283146016394493,7.050194850738277,5.537677702019135,5.406536696714287,4.427998408428247,3.71796547603349,0.715658810178583,-0.1899549350204551,0.892779984455104,1.3023217075111444,2.3497214207520796,1.8601950213432668,1.1617961210243282,0.6884766031862705,0.7625023220098968,0.0488195638579117
6.711228421512612,6.238282027156045,4.687488858293858,6.333688583144809,5.493806557962241,4.888764548455031,7.033904933966571,4.580844574169974,7.442861413060755,7.662731713197114,8.867046493835854,8.897644914328803,8.836050874299334,9.894085576073834,8.812902682724749,9.028262658436272,7.453113452049197,6.0885722623135505,6.961390381212262,7.493120290439805,7.836777858008577,5.512321802338838,4.712289443942066,3.5592860209686465,2.673371986571211,1.5150204602472501,1.9980012525556727,0.510070159769107,0.04058326306883931,1.203234795007553,0.7095873754145758,0.8586409496523351,1.221510306103071,-0.14078052677480107
6.391497184899551,6.255219943417004,5.44201174868785,5.503707987767283,4.978787737747492,4.524208128496137,5.946698824321273,6.2191765401716905,5.809786329046927,9.935967371974707,9.239293745671935,9.897284977326102,8.900674356477497,9.998110638442322,8.730479536644246,8.973476158583262,7.123052216663077,7.406836430416498,7.102695477330561,7.663861678691362,7.436824621860063,5.879421754118031,5.346367716369774,4.401029277087678,3.521202473134519,3.092223516650552,1.0862492646553832,-0.9256220640193455,-1.7728617893801977,0.23216755973668082,-1.0342140022810484,0.027565281108899133,0.23240064091610715,0.6230785692435485
7.208763703031043,6.516920814753925,5.7119411612132955,5.0809556558026205,4.53107914190997,4.997956797408243,5.2686646458008175,5.063253541357206,6.443671381794281,10.274693719913722,9.545811262265072,9.825159810213114,10.382287467878854,9.3926880565783,10.820682856219266,8.974421853666284,7.695244573835879,7.797376962045692,7.401365685758802,7.440755528027471,7.351217597755532,6.291983950120752,4.93154876341562,2.489477022154026,3.823952851739737,3.688800277675713,0.595714994419049,-1.1454710989254517,-2.549224386576084,-1.993029003110235,-0.5965138683319878,1.1972643622117676,1.490726617152611,0.2854701250244307
7.318959786860968,6.792742275121537,5.104802878563876,4.909049062339825,4.490857463410916,4.331047481535686,5.213673557995763,4.6723356347272285,6.2061299668632035,9.565158523320994,9.62198792908619,9.094128351053024,9.761282378314808,9.259536629159703,10.46328215820802,10.269434420651717,8.074473401848191,7.218666038660424,7.956550170680517,8.048831704335585,7.6651784837849375,6.528248588700613,5.278117109995108,3.149484137659877,2.5243248300319716,3.2987931813945948,1.7891512120136808,0.4740232909860361,-1.9668084441535196,-2.3065941882365495,-0.8406126194707334,-0.7075928667349363,1.3806536644987648,-0.8566983845828113
7.819307606703725,6.146038805974279,5.464815805728187,4.804035772309882,4.228019524670325,4.067620312299783,5.403774089610857,4.998150134139401,5.915845788493766,8.17155118425873,9.552213333678951,9.370110854460714,8.584213334916196,7.959427322609222,10.677954366854538,10.256323072224507,9.59731081644748,8.489581191659592,7.00383018355375,8.256554895980248,8.105715918667677,8.180477948022803,5.229090486885619,5.183981383486905,3.796190546180883,1.8226241698605692,1.4929016515159708,0.09860441598970986,-1.6104440617896356,-2.5544414577174557,-1.9489649997295921,-0.5350985172598494,-0.1789510580555661,-1.960491342370849
6.624390552826504,6.588741263623194,5.59634603063695,4.717097539314915,3.9753020778042827,3.6090637884241037,4.383804182906005,5.1337703895047575,8.11776406018962,6.98138735635159,8.751390905887908,8.984638361344539,8.512731778469034,9.562477999693646,10.330355386092553,9.631117866283509,10.067022902633381,9.283528386999143,8.695133325382155,9.294036412585355,9.471984261772146,7.673402253938758,5.64535381105304,5.089940396668935,3.7154839684517675,2.1741409853642377,1.5340166976338463,-0.1931341718017975,-1.0775618818919164,-2.4794079668085662,-3.1358915610953924,-1.523066477649356,-1.5990639653908143,-2.5362356065462697
4.882646994863821,7.921839426085224,5.2267930719040825,4.5562528820657775,4.020653768757806,3.622140852135164,4.434710356279145,4.439988660888325,6.655642327513971,9.040468287467704,7.654587788295853,7.949916672395263,8.108247355413935,9.203770434960713,10.223341905680675,9.37165174567609,9.850820173852695,10.134074400067782,9.77345906294217,9.432583598933858,10.27864704695102,8.124387729036977,7.723163901208008,5.052557824622193,4.156989985096492,2.865011831381708,2.1694371332822304,0.9723501571454729,-0.38213708404897756,-1.7794588798946578,-2.2981112547268063,-2.1714581271513085,-3.038965900867842,-3.7648718013023865
6.028304521476038,7.333564659621844,5.200068030259492,4.677838163147389,4.316621643577911,3.6497656168764503,3.4001643837784745,4.375085236645174,5.662282180799838,8.663252666460716,6.07482086071477,8.04350357450035,7.962139106824381,8.77052819273452,10.36305256409974,9.873345289222016,9.209900228728301,9.521603102228143,8.976183849233715,9.531326091867609,9.909279125460309,9.331836365462975,8.258931886914047,6.64636285103438,4.654676947244786,3.471696596734152,2.4650473019796078,0.8437681203975066,-0.5602526522875293,-1.4967824641857503,-2.1458968965115974,-2.423867251350552,-3.9988325306335297,-5.0819693765199005
5.012849369264974,6.31560560693853,4.2691656738672545,4.319067128766477,3.1790145599997772,3.5764437348957094,3.2217048249008595,4.699533161843735,6.766894012111175,5.765936194493455,7.259386017045078,7.833269557150175,7.592264448554317,7.969802023773845,8.543789579707923,10.044009316425624,8.727727483212508,9.564341398977595,10.02330379616602,12.35829124438153,11.328735034197805,10.59699920267049,7.332947996440156,6.129968779612163,4.6442317376066695,4.006254689841804,3.2094305754477594,1.9285056927681514,-0.14974228321376187,-0.9808582478988986,-1.7256158929377359,-2.937717538456553,-4.532019828317477,-6.112306708813838
5.685690149015663,5.568729925923621,4.421216312182508,3.1099837241788375,2.709520398728382,3.9549058853247088,3.992954701356441,4.83618401465504,6.3628214975957444,5.938777379551525,7.967219249676264,8.227776411669119,8.035082970679795,9.102602920083974,7.350033560087012,9.002853217320192,8.554435395953258,8.446113765852571,9.439083988043617,11.24790857739879,11.774307434962846,10.44933785554636,8.744667723444532,6.212095220320374,4.698076674258986,4.601190536033231,4.729919890822144,2.750540785929146,0.6447127684598148,-0.9720645804485977,-1.7000026929645582,-3.1796989237074187,-4.9801973485009015,-6.399346589958071
4.800259364122668,4.243742532785748,3.82332465792949,2.5411367448852333,3.501088158982202,4.464817855599596,4.053763436744972,4.843531555096631,5.0764011055469505,8.110375096259618,8.548266579233537,8.426676486579858,7.929984242687414,7.855983813280042,7.7398601222941945,8.017428965835252,8.174692512407944,8.742462309289525,7.925091827642622,8.503039734130732,10.326407139720871,11.394248524089333,9.937010103033268,7.302089205382008,5.979111491286954,5.551064136119409,4.771759767686522,3.518496764041283,1.2770274242694966,-0.9293070244609142,-1.7248468925195686,-3.581594820164589,-5.319810722444318,-6.765995095402286
5.360018030154585,3.6467793630218233,3.6761586002045745,4.222345855454164,4.814437063489669,3.785426012725407,3.490331314161918,4.380628615350338,5.196145602283039,6.150659221524394,8.537620361314215,7.007792525507784,7.9336017273528405,8.958421804792678,9.201321792367605,7.067709427284126,6.823586601993285,9.733603597533632,10.468236781940767,8.537297874252069,7.922016434505668,8.836984353011763,9.31141887098609,8.320723145235634,6.640735705756016,5.487478073598141,4.728735201635248,3.4647787900841833,1.4779163293126474,-0.9979825146824122,-2.1000840253654296,-3.6649661822295623,-5.450455489848419,-7.293180004908905
4.953094279404229,3.879707497189835,3.4223917301433957,4.425279729538156,4.929648073929554,3.5246164946974083,2.7366486698049703,3.534128720360099,4.422866571137362,5.7695890835597945,7.426071380959271,7.563183522684738,8.244198285853505,9.558285152196929,6.621305806985935,6.3113127439873855,6.1425917704308715,9.949300325366766,9.985537354102508,8.891594112620998,6.537643421255388,7.257552788866775,7.4289593890891386,8.876127200693185,6.447510424524215,5.371421368161594,5.209947097108448,3.933135095863838,2.196410209217474,-0.32128616637944546,-1.9609381977022589,-3.6387204247230396,-5.9742319606910534,-7.089114901712089
5.171996378673822,4.626509875693805,4.25500063509226,4.18850568990824,4.5711293593713265,3.602143560596433,2.7832467549761097,4.28947029842652,5.639566815368023,4.673364980006613,8.461479661816801,8.586419797666753,7.717060925020162,10.594602099660461,7.7600340763754945,7.432700041322114,6.743489098290683,8.914706237917683,9.507508826164056,9.246389474647719,6.773727513272753,6.113613107307473,6.08195799600276,7.273946264664842,7.851531552200949,5.504195136407306,6.386821541241328,5.090875276890331,2.941443981583601,0.22953305771959592,-1.7274055078617652,-3.9371045820125516,-6.392406079934013,-7.059876584552953
4.670227605581502,4.992940468530041,4.804568430614015,3.8475898239739013,3.556302956750018,3.255268260042855,2.7501559628384187,4.957404546931494,4.240344683226442,5.455957539762221,7.595643056868333,8.316104464533055,7.0665956911231405,8.17886691687428,8.279172553277649,6.6403272777038795,5.58562302290815,7.625477751028336,8.125224290088259,9.387265066102087,8.004963568611519,5.854889629932661,6.220585814715329,5.72305391322544,7.787898481346322,6.291167669638062,6.159756957579289,3.6466642502643385,2.105603688989463,0.7610122030950673,-1.4881565174915725,-4.198130805737529,-5.636100842522836,-7.168987065242614
5.296066435551313,5.753187099894314,3.9285716063030813,3.243031107335907,3.5032806435978,3.1912958838649446,3.0012141544806674,3.201290620523627,5.5875596328001,8.078063907559892,8.2572678010493,7.92320385027332,7.805026824780185,6.705114225305692,9.217755567266881,8.842034911501148,4.554928595063595,7.575565806091613,6.929274749143564,10.396558879524735,8.773513850059704,6.2418878744335435,5.4769171772833865,5.380237996569082,5.560242139272612,8.173892464067098,6.5530706536778025,3.1612139461835547,1.9605567614093007,0.3842768326295647,-2.3060432312626187,-4.636972408286904,-5.967784947326354,-6.257893854233206
5.8873722307296905,5.376279129537373,4.361047359000735,3.573119298645627,3.060357222998457,2.62433616707522,2.4573389154912513,3.242344860407659,6.211390513814303,7.4472406350544205,9.366228981987714,7.153413576562652,7.04433239766897,6.215705948608009,5.529694710702686,6.190701227862211,5.35400086899331,6.242041797916558,6.612349208070116,5.2472116851682316,9.237015509090297,6.510313767351903,4.74880896217129,3.940611815981079,4.804848929703125,7.194356773882872,7.871395712948657,3.026926470652365,2.4855904905517447,1.766435324926342,-1.9545091271506976,-5.310944079698753,-5.612596281580744,-7.636271787604035
6.299811323157285,6.683511047541335,4.223239550941829,3.9523772921327653,2.8788885871909833,3.986210381987038,4.142998819570153,4.283194354242183,5.398197218811047,7.380061503893616,7.117056525006651,7.681373327373029,8.963134855279826,9.01398188873085,7.291786323490666,7.566635257267433,4.2698802773703095,6.781276746794042,6.368199395502365,4.6761759490074954,9.436409177578115,7.224210645850403,5.285483536897171,4.907053915845721,5.838653072823212,7.887051336100784,6.5486752356795295,4.80161521352884,2.461907882344765,-0.8818669010014589,-2.8383414606020767,-5.936998329362501,-7.264370732546515,-8.706758984239505
5.8102165656945886,0.20037484570097575,5.322775684351283,3.2972485699387026,4.156589336890487,4.496013742485715,4.389431174123292,4.755660080455986,5.16340727092067,6.8561139594003135,6.492078745248227,6.379918877514857,8.110006658978625,8.392197711106043,8.737301969266406,8.063096349756425,3.8405968872808502,5.864473907173971,6.7095027478631035,4.857063408146191,7.361854915738953,6.888271880078616,5.603525215258833,3.619915339401866,4.340445935920195,6.432746976200373,3.0293089752341795,4.4861903846629545,1.455003295600839,-1.1210346922235948,-3.528027950498632,-6.031267874045261,-7.6735021656362115,-9.869812905360318
3.3515950884078127,7.9756374810587625,6.688963001099441,5.775362375531753,5.464976781820552,4.889561014072876,3.955213525558207,4.119188868307009,4.65576484188703,5.877720348212121,5.963822251597941,9.606201471737384,7.955319330948345,8.300364315685012,9.398349431824448,7.308333618360679,6.204102017220073,3.3012901953013385,5.809094853379872,4.5173003259070335,4.1976698953715745,7.910225249143886,5.43009983703406,4.0423389501325975,2.6337173157607965,5.886693241510829,4.905565195633985,4.444955434572013,0.9905531868478001,-0.8135471105193367,-4.825316516054023,-6.311406019150262,-8.878047896863386,-10.949738359845268
2.45916298866896,7.630582100413109,7.9473419769179205,6.312288143028052,5.883658863937873,5.216915558876961,3.260859859036742,4.997998841232707,6.141047070185283,5.8936890349039075,7.0164437061826055,8.345455587172774,6.70296036830708,8.139299538233933,7.106145036585725,7.2044024469424155,5.907653363499713,3.054974483304908,4.656146003359721,4.340505154205899,3.89139892626465,7.947244344549282,6.877141847642687,4.490296602484192,3.269084536171927,8.950902490851602,5.37237585087419,1.5086510986918644,-2.334134669234196,-2.3637272216002505,-6.809064560666292,-5.693832321985675,-9.361315847818156,-11.151993418753532
-1.0221943192637803,5.151254825794489,7.504762032768447,7.459258300580701,5.225361554018707,4.114083679440597,2.502028720154059,3.5230236263525017,4.517713803728602,7.208863058256967,7.708066542960463,9.279186344333397,7.6050640091163455,9.060553987402757,6.761435269719592,6.119310262783263,5.314036616772523,4.11087521953444,4.509294130019538,4.6067770730668824,4.359309384523315,5.854271785259722,5.5004425888722075,4.836959626348851,3.648983189882557,7.82771574868963,5.26040187571658,0.9951778850959611,-1.2813771831077654,-3.7979135824713133,-7.119766008865615,-6.445927456261497,-9.1245562316239,-10.652311086358733
