script/wind10m.json
{"header": {"parameterCategory": 2, "parameterNumber": 2, "lo1": 3.000054539987559, "la1": 64.9999836372058, "dx": 0.5, "dy": 0.25, "nx": 34, "ny": 52, "refTime": "2026-02-26T09:00:00.000Z"}, "data":
[rows 0 to 23 of 52, columns 0 to 33 of 34]
-9.663912739403084,-10.057268316279115,-8.936309241143539,-8.36431468557989,-8.308267417377467,-8.285778722181199,-6.862144022779775,-6.282168562788217,-5.872980358821696,-6.340875866462369,-5.897123369132838,-5.296391415673235,-5.516053858370276,-5.744448262259802,-6.60595142991972,-5.752435646084644,-3.663890910757898,-2.9179501388870284,-3.2097639001478195,-7.895230770633607,-1.6239777178931292,0.7244435716270389,-4.547830940925144,-5.442675324158858,-1.57240602238143,-1.5816505964717404,0.6586991093744213,-1.8321456330662333,-1.2387563922453178,-0.6713891698629862,-0.9359728726345337,-1.4232013371357577,-1.6289461879071312,-0.8217379614682898
-9.579598714164366,-9.741208643508866,-9.589462389462584,-9.467491225435177,-7.89660883924208,-7.428463810345567,-6.464145524482265,-6.4701395784274,-6.220938815903711,-5.442332121330221,-4.411725984164016,-3.09855729073185,-2.354374590209279,-3.224401502939241,-4.703499598004169,-5.121352805894058,-4.578366226697417,-1.6615430667650337,-7.8215510374954125,-4.113085948658425,-6.613918501914118,-3.4621716712827735,0.7451882261508619,-4.459939475263758,0.7765403861776681,0.6420953035804312,0.9042617176513377,0.3995490970951865,-1.298658204933639,-0.7802086423147849,0.11831900764300775,-1.0229177919303938,-1.3796592447017124,-1.0458092558562313
-6.396060982096897,-6.9352841333559185,-6.04580365601121,0.5710823352975168,0.6057526102041995,-1.2699752465073773,-3.3979107582617933,-2.8761497133447724,-3.012509509060819,-3.128821274340823,-4.008803817238438,-2.7855852964958494,-2.207734255704149,-1.22875538872084,-2.0359823744978214,-1.5088863265268402,-2.8696254170544506,-2.63751432395259,-3.877054563195685,-2.7942292091769088,-5.915516407532676,-1.7365592030061445,-5.106819334672462,-0.8649896257842616,-1.9299477357578443,0.8872335499921594,-0.23559165759605366,0.47966026133985146,-0.7163357210051984,-1.5510525417025474,-0.9033412548893992,-0.7174379008640606,-0.8010509468458584,-1.5342459071166663
6.210370376520667,6.518022227238737,6.8218315945795585,5.908551186062385,1.856800840912648,4.169653917140337,4.231084730109362,2.450962688007687,1.3062200278843075,0.19832091278347422,-1.3601205262566758,-2.4307210074130476,-2.4434038164396226,-1.8133784306695169,0.3343237829946412,-1.9863498692959896,-2.5329520856251935,-1.8226462440132776,-5.504334353540035,-0.44989276416690727,-5.968989038032157,-4.3949594158993,-4.584270271065279,-1.0907848191891238,-0.5964665003718396,-1.0678867514518955,-0.29158780723402716,-0.8088199447523812,-1.5377992018116784,-1.2096408771524814,-0.9818010563315809,-0.8876144364692785,-1.1923268611752076,-1.9126129543085524
7.24883285372358,7.520532521350062,6.9369113855097995,6.888228653357648,6.1450459250726714,5.228409009887267,4.717547953063742,4.63392442009237,3.911942205261901,2.2382160441246004,0.07983349265487262,-1.359194727883065,-2.072497374850942,-2.399630866738131,-3.1843195080916176,-2.4832055719509745,-0.7030935585654877,-1.604503072467503,-1.0338156121882638,-3.812451487768858,-2.2648344540501064,-3.036805038651647,-0.813015053972497,-2.051203709013593,-0.5754964806404647,-1.1175618849332007,-1.5141976974072104,-0.8761177434941384,-1.313408718369604,-1.1114228625490898,-1.036993661786874,-1.9148848907589242,-0.36680888647376236,-1.139371464229642
7.515234725578594,7.688928763826098,6.520444920645791,6.024815971824859,5.977981559433506,5.652898118908506,4.235892382294329,5.00095899023161,4.921807786457338,3.9249267835317063,0.5485309715702765,-0.41964077629402413,-1.1165495360384377,-5.165723991053829,-1.2864878818747625,-0.6515387855953443,0.19531405438950128,-0.9790706137156792,-3.525006158961831,-4.23586311553076,-1.6827525671495405,-2.7100732973393247,-1.2889433425489818,-1.3848610526902054,-1.251888152423351,-0.9620578937438047,-1.1804502477335412,-1.3268214117708141,-0.582505642447691,-1.6974817741616313,-1.5039194237438833,-0.5838756794361242,-0.8024511651133757,-1.3898031708769265
5.723464323786829,5.900157708031304,6.002415469185623,6.179351181631915,5.257588185015054,4.797578300696834,5.681330486857213,6.787660294565149,7.0113125719220335,4.171759483052521,0.15215285811950033,0.1401765548282912,-2.1867637427223867,-1.5929563214611786,-2.2020234812064468,-2.3128099927078876,0.7639660476095661,-2.2778164697403813,-2.0728913728965637,-2.7121992085314357,-1.1135946037908757,-0.8299106219810742,-1.8900596889269856,-1.4914274466506268,-1.0271471428359187,-0.983841156988859,-0.6046705449835528,-0.5515215979973411,-0.24036397170210402,-1.165743392035606,-0.9922932729682002,-0.8347422082590943,-1.110815599521755,-1.927109247818992
3.9136209274492164,4.217019941344798,5.389039685584378,4.561672618348848,5.0722070600257165,5.272950932138841,7.286690739025706,7.28471352155098,3.2126922469412427,-0.8057341539142024,0.29583301163532605,-1.6930514324037262,0.8847979575986562,1.8830657811640699,-0.5572597703458804,-0.1352983284132195,0.020966476550322365,0.6443374203443992,2.0643962628299692,0.41641164256974383,-0.9404916635764178,-1.2376753563688252,-1.2773800382096356,-2.001709657501227,-1.1806318140506227,-1.1943580278235746,-1.1951531793581578,0.008972150682276943,-0.5548531215073961,0.4422000557721727,-0.8803787210758764,-0.8029422802746561,-0.9739980487422638,-1.5027926432272518
2.5509493353473105,3.741571850525311,4.494724171531654,3.6773947908330005,4.5880277343551725,5.580453942179489,6.7713763450579565,2.477138240440235,0.5521105953031782,0.2412204457843932,-2.185785123247902,-0.9148360568375372,-1.1112479425353812,-1.550701015546662,0.6114069614541009,-1.4854450438891809,-5.410493047968695,4.299283253470115,-0.6115085459783811,-3.2143677656724265,8.122069249561452,1.2667360195087,0.5954915358637043,-0.9302038417867139,-0.875800386331214,-0.8481883427001113,-0.5408318654925788,-0.637288888007427,-0.503671662044456,-0.7530010623070281,-0.8033473886671142,0.005732847327354022,-0.3687436185145085,-0.35520237556227047
1.3398008599122855,2.954273521485506,2.3697436302064276,3.9542353543280697,4.60314336423608,5.991996179543746,4.504613505941393,1.5269497533321137,-1.0546500019421758,-0.4811332368744953,-0.7270812541574181,-0.4020597503136428,1.3232355915520553,1.4331048033507474,-4.368352004064226,0.16275184157193168,2.7404808981176187,-4.177211874963746,-1.944618876614057,-0.20506455847475563,3.085980164320704,-0.22683947801411794,2.1819061046890322,0.7690681397075861,-0.4932103315442883,0.20190271480480584,0.21096785966201073,-0.1650912789029147,-0.4908970279310487,0.2623011148932045,0.6742346903344727,2.520477237470723,1.5374895809750586,1.1844891838855236
0.696960423409951,1.6664738148688505,3.449598769535927,3.7546254183107655,4.038563411165097,3.4822781401757688,2.163443302091178,-0.6224145228131593,2.656017114400133,-0.30370625959861675,2.2508852226864615,-3.6427670951370614,2.239021114147278,6.905538673184912,4.940598466250578,-3.117619973219677,0.7325067362301518,-1.4594630272966593,-2.4009054631123465,-0.4900580038946445,1.1416509568612163,-0.6704485404059458,5.285917016067354,-1.5967861754488,-0.24176100445911677,-0.44323187429013966,-1.1419680525805331,0.14809140121358674,-0.6064011268660875,-0.40689718299604943,3.163342202260182,2.9503948334050447,2.750477592039414,2.6210467378193596
3.640406183753239,4.603919959060475,3.2913342434762916,2.439084020458082,2.779964654389447,0.27755506923636447,-1.167709733391017,-3.3707297657542807,-2.2352476536925994,-0.0037291343874188867,-1.5937927773690794,-1.3313531052079992,-3.5694333842680868,4.102285960369555,0.5197561901621564,-0.2550604404636518,-1.3392568105956797,1.3026804266004368,0.1658948414400048,-2.451709919657187,2.553403004622811,2.2917486067763275,-0.40377818196304366,2.66038538443425,0.2127325702898699,-1.1143272622703513,0.1426189360046972,1.7238839218079642,0.8343665924747151,0.7029982349766235,2.8687354641259053,2.968967428482634,3.6273190277813026,3.812551649487143
4.056380584338497,3.7084650331786486,3.4025158464184364,0.8253227991232028,0.832416307147577,0.14894422595689782,0.6481679132792748,0.48994618726519573,-0.0561166404116748,-0.8988397725080576,-0.42914944048095405,-3.208793021408128,0.12078333800117685,-0.0409733341154673,-3.76633981324342,4.83958747272511,-1.3249585791406089,0.38433984252377046,-1.587706266761224,-0.6421386040350876,0.17847683969277992,1.2188615732091024,1.9976843379496867,-1.013326320941094,0.26967143441017544,-0.9679470291295759,-0.49431119955731057,0.9173127275273674,-0.4470530515372611,2.153434392091328,3.329354699574701,3.304591677120076,3.9550745593184726,4.5870372334636365
5.761642738867238,3.7384556466208343,4.1637539856140515,0.3432185907406647,0.4125824289989211,-0.48285543849764473,4.631261993766892,-1.8384798455406761,-0.7802338645415465,1.4398905071701245,2.95057214683666,4.000501271833478,-0.9420762354167452,-1.0999338618147128,-0.9560709673829796,-0.5808897826591616,0.30596987267849823,-1.1476019684467296,-1.0688784994295217,0.3694260501833015,-1.164040710107375,1.0727426995438123,3.2878911403366184,2.6822772160320434,-0.6520733392177557,2.0542126698672774,0.7215467645760296,2.5631796745829387,-0.09715385381807609,2.0864480230465725,3.789953364732306,3.7990390559780556,3.775642068005089,4.31310014061647
4.889761360313759,4.6097513687661005,2.909626547826745,0.14026400966870287,-0.19599596428354227,0.26122234292360824,-0.6135161247411297,3.622101112272036,-1.1460019330934903,2.1104653350150793,-0.921067811315276,4.242315882477064,2.845093882843174,1.1364875887440917,-1.1628597568896726,1.9549033591061975,0.7400432954774641,-0.9376293074749739,0.11425110011878661,-1.7476118202970214,0.26812907541655917,-1.4106866246112517,-0.3875466792851115,2.369856038726767,-0.4353489612491589,0.3862592335258635,-0.09771390920567674,1.248774227429307,0.15825246148315714,1.9008142741604555,3.991223913856688,4.357976444684535,3.8009796392911905,3.725318071995376
4.895393752432191,4.0775328692633215,2.61021782495973,-0.861580963171037,-0.7235762591707654,-0.9006316751493363,-0.36003648591074155,1.3265617634098332,-0.4341942122222064,1.0659683003617375,-0.8355377770294365,1.6488768097465218,-1.8159196472639625,2.662918740893514,-1.092293688298018,1.352506912634502,2.8065358268069156,-1.4346531623161372,-0.9873534632662961,0.20608572493661584,2.4712628720833263,0.670684754965857,0.06711449369345522,0.12755654169713251,0.5486325519116462,0.41292975440132185,2.99695476041564,-0.17073223955997363,0.5722021500834463,1.9339980919370636,4.441511971916119,4.481459264294702,3.497560713401143,3.504608404412876
5.109055991095825,4.116222549377277,2.991489511157522,-0.9168850117524927,-2.180025495636644,-1.7323702225966722,2.6250776804892793,1.1415220383972946,0.7275784550400972,-0.19625599829794926,0.3965468515385952,4.91920226521218,0.25073900823595546,1.318841765842012,1.1430095926469712,-0.3699715485683191,-0.3898239659130827,0.04240766085226044,-1.016492542362361,0.7559648120874902,0.41132857644616894,-0.014949070070686455,-0.05605304464085489,-1.024329891019416,0.2840439081030596,-0.5456455032190248,1.8915633413052981,1.988022162884042,1.3833103467152181,1.8661526319464234,3.9933214139917985,4.142901587487689,3.6609390344219332,3.102807297170286
4.50832799485313,4.569893984944742,3.579203618700128,1.7688694559318927,-1.2610745757416626,-1.1177044442738895,1.1085474276562501,-0.14794317937578702,5.677734603769216,5.817941751601923,2.4413899147360665,1.147744009900203,-0.16264215197267495,1.1182356037469428,-0.06184224622268653,-0.32940731349310864,-1.4456726949218135,-0.17892715976516618,-0.34598321438787,-1.0484564971437254,-0.1814878684541124,-0.42934821778101623,0.13351552078455,1.4310692968501593,-0.6323464874200453,-1.0583533650879775,0.48217050273027,0.9985488591836446,1.480384930751788,2.680269565500098,3.7225385248858656,4.410766629441631,3.689967696548667,2.604876552388815
4.369237196106407,4.838372853503757,5.242554324919819,3.9044723197905173,-1.7408816130936664,-0.9060588521762326,4.943553835005662,2.8454684962814705,-0.0741172570362716,4.972909365101686,3.0729695323475124,-1.2942602536195151,0.7173041749336426,-0.10683764780005899,-0.7485947992909773,0.6842776515419077,-0.6863002676061516,-0.42959068605061107,-0.5510425843045694,-0.2752815015416958,-0.43308785042678016,0.8405846691875728,0.8894405927522988,-0.6166397750419642,0.6644710984371734,-0.31419394297265646,0.13548819481383956,1.3144093969199377,1.183293657364874,1.390706350557982,2.4255560535405887,3.9860335239408893,3.869989293729701,2.66360678944072
4.414584128931482,4.046907473121409,5.284101367744475,4.117435035527526,0.5439612128454674,-1.14128456471065,-0.8050180678288483,7.170149198527474,5.209820975614522,3.469790203607547,3.781225784677674,3.4548645432603586,-1.376685041629182,5.104257956893552,-1.0575804397231885,-0.992713920562298,-0.07654207678883343,-1.3380984589791325,-0.2732901793910159,-0.47970726486339843,0.3328712098576778,-0.4460770530723669,-0.06193110206808674,0.8924779035793199,-0.6724612114281311,0.35772431895628676,0.47854634573885624,0.861297197858763,1.0208566194420001,1.106424787107828,1.8532898023684903,2.1385589197675974,3.466046085878956,1.3435175899632457
4.175643526519544,4.329213070552739,5.297564209063212,5.291753998476059,0.183436192398423,-2.0641632167914437,-0.5682297483462799,0.07312879797892166,3.0100801439673828,2.7263250194475566,0.6595318479609997,3.0667277409070772,1.9007750953874814,0.18794064555618942,1.1626905315684695,-0.22636846190666676,0.018220077330799705,-0.21406940144804223,-0.06815451612363872,-0.24523696572116857,-0.6643506313009245,0.17497703556796998,0.1676982589621646,0.20426472945054647,1.208905761797009,1.4222547060245374,1.0404861456851104,0.5431371321625499,0.811622247156219,1.1763987408279353,2.2919211771577666,1.827889857695995,4.266959770317354,4.734539061507995
2.2698993937682475,3.8462721636825523,5.470779115725784,4.699942732810627,1.8508511406711063,-0.4871263741456586,1.2947035055411082,0.7514572860877952,4.863091177048744,0.12612922485770944,2.988911670868495,2.5505652982518425,-0.000993721421572434,0.2540046362689182,-3.951372164759438,-0.9443962512967715,-0.4115207994916774,-0.04543619430943326,0.4966424871768726,-0.8905684084608488,0.01728122270577921,-1.2879091921549382,1.149079877629206,0.595713654412337,0.5990392225239398,0.6861672847416282,0.5310754917045261,0.6471194469315283,0.9462432494629172,1.4678181741749456,1.4435301356830348,2.409265202987883,2.344218909533434,5.675770913243318
3.0303596685682,3.66954453079528,4.789209790787356,4.4245540092145825,3.719391990442699,-1.6460309055462765,-0.9901563390287044,2.933698867154832,8.243671464578226,4.643664151254206,-0.8717253955950728,-0.15959899361988114,1.5576420013135017,0.40644410943640213,0.10921521967167516,-2.09512587176918,0.2967062037974512,-0.2706198242300419,-0.47025915067341284,-0.026026070061531553,-0.36782494828990786,-0.33296448614868346,0.8101459234219099,0.4624178070374901,0.18370822950992635,0.5052153924154336,0.6205433975680327,0.6924932149690846,0.9224451766352781,0.4484990686234629,1.3818059845597923,2.533453593249437,6.0852077801410145,8.173047983877222
4.370371203806362,5.213792603457427,5.952345151779367,4.747183871280047,3.6604225180978305,0.4078255968864756,1.1087411605246418,2.3853746245856287,4.299682005470964,-1.904874311721455,0.8563024613976981,-1.6390810658940453,0.11559718065418893,-0.8590777155267508,0.31587950024600736,-0.6245575105506284,0.6149710324658383,-0.032792340408498835,-1.0695953805794087,0.2160771144946766,0.7387456479402619,0.46552319970987716,0.383623509261384,0.11184181940861836,0.7508100305119322,0.3320409901942484,0.4103746059461952,0.4802366309725619,0.8054020224401124,0.8767143026376637,2.0837929195378138,2.575986409908997,8.619871098255622,8.334003988933539
