script/wind250m.json
{"header": {"parameterCategory": 2, "parameterNumber": 3, "lo1": 6.000198445256149, "la1": 58.999992894266676, "dx": 0.5, "dy": 0.25, "nx": 22, "ny": 24, "refTime": "2024-04-22T18:00:00.000Z"}, "data":
[rows 0 to 23 of 24, columns 0 to 21 of 22]
-7.374552162228563,-1.6126063273794125,-4.335887849624682,-0.0011260685728396772,-3.2557391598262493,-5.411083151048336,-5.744403025732919,-0.8862456413795874,0.3102987214884953,-3.712043406863909,3.2480716885453655,-5.965859683707122,-3.9925015689096015,-0.5622874423351345,5.583232987795172,-4.491645010999904,2.875176167107672,-4.471938277246623,4.413093327603667,-5.910047904409895,-6.682124096216051,1.9112540237199793
6.338263321960177,-4.574249205318018,0.18951355485663152,2.71704025270243,-4.916595446983182,-1.1608207058504194,-2.8213475244789312,1.467936385243122,-6.4297173215546355,-3.252576697105119,-6.023616027261162,-4.975642094591233,0.684437553401926,-3.990035405252897,-0.9102662350392575,-2.8530772752425637,0.5181986096390424,-1.794372357029833,-0.46153571779034125,-6.795948839273297,-1.5525173721248395,-6.628854096907447
-5.150772721510656,1.2905661361053329,0.12150090925695757,-1.19990907664878,-7.461256818181195,-2.8178961178721953,4.102361591705525,-5.711332529269082,-5.598833834272251,-2.1264144890197514,-6.353316278639977,-1.3727119662621348,-3.9142195141629483,-0.2939509265290761,-5.5197314813133165,-6.665374236066475,-3.305959192147313,2.361439076109354,-2.419912264620697,-3.7491967939465987,-0.9331585558295069,-2.7061520659384914
-3.1750248763056823,-0.7565361762163619,-4.3569514236764455,-6.178715492855563,-4.981058763052158,-7.4567235761504485,1.0400826110727457,0.9382911685620323,-1.4770590034390898,-2.525272040663031,-3.1675083924231298,4.4922815467735004,-2.6190212375087256,-0.9588437499242425,-2.8400085050262684,-4.861140789021641,-4.538818471379516,0.28859587743079185,-3.8355304701434743,-7.371628342467102,1.609036676653868,-0.26070795919857254
-2.4563104577408312,-4.091209511564595,1.1589998892238507,-2.066468284471564,-4.559039102623745,-2.606780648255692,-2.371347147817806,-2.639096555697711,1.0577822835443413,-3.946467607485181,-2.397913705626498,-7.77015783109872,-2.8807120970873994,-3.217125659069173,-3.853850422898875,-1.5198634909577933,-2.9111080488886643,-3.0154790915166503,-2.4274564187101113,3.2075037069037537,-4.419334857964668,1.5390123958667794
-4.635386287852753,-4.370584469302542,-1.948061824041862,-0.9829092849831953,-2.4253795799652984,-4.662756875940828,-0.30950891492275234,-4.077635222778623,1.2390469355895146,-3.6508980564376903,-6.558175059857174,1.9354619102268718,1.1736791885560216,5.330215076592794,-6.07989546574922,1.0171077031660891,-0.8813646050504464,-0.9305068961955384,1.2794774139641554,-5.765053197526768,-1.6991436951449723,-2.684739762256157
2.3482112196087654,0.3322213096848953,0.3742970333993465,-8.525615812971003,-2.7467781066105923,-6.747793099159644,-3.583643987933474,-4.857489177127757,-4.327681344508965,-4.829266027994879,-0.11056966881710213,-2.3169684389227765,-3.417792531132149,0.6378416455220597,1.0551105232825013,-1.694395334868587,-5.5902973169779875,-2.0132718729952015,2.339790112502556,0.4502188609919944,-3.819745543893688,-1.0550646723712502
2.388759791512923,0.9558597456044042,-4.213096171015852,-2.803028184206738,-5.625691657705567,-4.66573846040514,-3.284935674722094,-0.6745915857347272,-1.4976001669436363,-4.682235404582304,-2.5769291097984315,-3.1301470106611897,-0.6217152888976332,3.3716962158894623,-3.004274869194278,2.5989667913660464,-4.832731029846178,-3.0337057929920483,-3.290519091008349,-3.332304361153063,-3.599257687733596,-2.3153273060743995
2.8638328872210432,-1.336565539931609,-5.502409429704373,-1.839058198331249,-4.732906698956411,-3.7848554635803953,-3.886962548320771,3.094366076862529,-3.9784727381661282,-3.025742189797123,-3.682193800533217,-3.6807348696829867,-2.6723642371970544,-4.783962928401421,-8.824163828238497,-0.3926085667328682,1.1788937279663145,0.5471951871820699,-3.253591318352132,-4.576546505510973,-4.551489054272562,-1.5401074108064219
-1.196096030891747,-5.253784890446284,6.774339730165842,0.3371297608384771,-2.9581724698621783,-4.5720351413858,-5.257555576089036,6.521960524795822,-3.36120903417439,-2.9245864469273477,-0.01524957347615897,-5.02306275305879,1.975189249602252,-1.4510501474797348,-4.569666226038081,2.3540620074755756,-4.032712713882017,0.3105183600452244,-3.2849380558159633,-2.469696991695582,-7.4148279642997394,-4.851398950735049
-1.933993473348134,5.515635950647574,-5.918828821009004,-4.670878198128986,-2.5223984646404842,-1.5470383364898306,-2.530130201336671,-2.3325357949755308,-1.8888444543707439,-4.841665769930091,-4.084563135900295,-5.203906434629129,1.397923237797284,-2.0541280741135304,-2.46215094086738,-4.2033312182607565,-5.509798010301633,-3.08486002765352,2.44209433731248,0.41201314953989415,-5.772322741031273,-2.538756556822247
-0.7600225438151055,2.7910203507391844,-2.2469264903541313,-4.83880714860248,-8.381534765706915,-2.9559631785546903,0.04186092811703869,-1.4142674025414885,-0.5053231563292164,-4.44756474978569,-0.639027705375428,3.6592632861744288,-4.004807959001446,-5.417079299116504,-2.3488054407315833,-1.9786687507558343,3.4371313812442175,-3.2282897135714395,-4.995329988846601,-4.8942578468672995,0.20747451242073425,-3.0191356753742564
-4.868357670731621,-1.8369968008543187,-5.779954926016244,-2.787198759185807,-2.7191957804943216,0.2246480922561887,-2.2313621228965665,-0.03773243903751143,-5.662562090963418,0.6413740831146839,9.614093824556248,-5.555858969055494,-3.533499831987899,-3.494848689375537,-5.565997930057864,-3.43005583256696,-6.801912781068259,1.429236058498733,-3.839709615168921,-2.4939508094284553,-1.85434995146175,-2.850446129992477
-5.664608680799394,-2.0912840608627503,-4.979335448704421,-5.724224981537051,-2.7539621560350738,-2.761922196257359,-3.9900545692478206,-1.597002520512015,-5.412589117483712,-1.8131246452355922,-2.197007882493902,-3.9457032374581833,2.067530525711653,1.1034076285486052,-3.138771825145976,-7.468013422023076,-1.1107243929430015,-6.265560363987246,-4.57948911845752,-5.667349327053309,-2.811412243197434,1.0494127129923267
-2.8075537863802666,3.2445724382411596,0.313159287894833,6.263882861430614,-6.037786309157776,1.5547266969801234,-6.504112457854469,-6.749589104395923,-0.747950679253512,1.5237121790666346,-6.0927974108703555,-2.6498024764486687,-3.1876969695732593,-2.963693799044533,-3.637868304820107,0.3208925382840714,1.1593651847624808,-4.514893500759544,-2.2728547158652024,-3.883204240079523,-2.6237296598242117,3.2028166240866898
-2.376278457344538,-3.8519321926241386,-0.5866912588439611,-3.9823847433672594,-4.588114239294756,-2.9171452924844843,-8.056082369791117,-3.913378091685402,-5.967253428631253,-2.57388920791341,-4.740381835943804,-4.6273066646151655,0.5390711974527995,-4.859736601364395,-2.9876753655087933,8.365514345813633,-1.3714491334839851,-5.595159202576696,-4.467633317966583,-3.424905677549712,-1.85997801133367,-9.10995296215786
-1.5714677659786322,-4.91623678085535,-0.9175586066737977,-4.193666165739292,3.75937348961901,0.3019816884237072,-2.2831987297069345,-0.07254723285920517,-1.8453716546140357,-1.415525030627184,-3.7022716076772855,0.47819581883142437,1.39718679832937,2.8525720293350743,-1.3620017429728442,4.117252550662302,7.375780793602583,-5.2232697981444165,-3.834790860979358,-1.5720075698747003,2.868679508272228,-3.7214155271686815
-2.616722307288362,-2.9819497814916094,-3.3100266528720597,-4.512837767560131,3.9690227269273053,-2.5923738322578465,-3.566578026713384,-4.349076805286863,-3.7292014229068067,0.1654037845617532,2.995237213174773,-5.034939902377584,-4.1442499043374985,-1.1342215041320773,-2.6263268697410207,-0.2460430866708798,-5.023201990328553,-5.718860112784533,8.700361062136016,-6.101166900307376,-4.277682242140815,-2.999013708069732
-4.346635496999058,-4.768449888129469,7.208470073656997,-3.827578176415892,-4.267916454579903,-3.0875984600905686,-3.792610094842512,-4.7896658325801384,-5.28136745835408,-5.467607099506685,-4.709742289100252,0.4659518875828136,-4.517184316681263,0.25802072781722213,-1.2565479515921796,-0.39812241618242583,-1.1883669381181492,-5.428969717799642,-0.17564258953446335,-3.7985269324370057,-0.008911304203980975,-0.8646975326831351
-1.768150010483833,-2.6349508573090006,-2.7484943383092295,-2.5526874605042464,-3.227215367725164,-5.57245439537434,-5.342245908918387,-2.743406975789901,8.23733911541332,-2.4866354829785333,-1.417868226762817,-1.329488563597646,-1.5976147387444233,-3.416468241815209,-6.450826625319331,-3.7408048959335045,-4.7277248860584296,-4.421353706934462,-7.486792092082286,-6.108209591543632,-1.4645123723812867,0.6686238523007484
-2.3526009811596764,-2.479890098535162,-4.145425054894978,-1.8845672013112034,-0.09612022169162165,-5.343871153867718,-6.378435825694334,1.0931637935364094,-4.954484731814063,-0.559422240119386,-1.994525225229465,-1.1585888166168323,-1.461662906982876,-0.511876704873283,-6.160987156926743,-3.645973377811662,-6.734185373241075,-5.864986886937791,-4.226206580722842,-4.135301746686999,0.7218796880125835,-4.445436766577467
-0.8631501207784283,-2.742272728203626,-2.631928656176136,3.7682112238984415,-2.0896875861216673,-1.2418747450808216,-4.757694467608061,-2.2773554472647994,-1.4189306926400371,1.5188551257085054,-0.723955093666862,-2.9554581432416605,6.014673848613807,-1.2953698539215206,-1.5303675827883365,-3.4821952275940657,-3.449979943363716,-1.1483056459234167,-1.519517354122495,-3.2167051192778198,-3.6991712154951455,-2.8816865274643746
0.35308314677688984,-1.4808790143419364,-3.215749463292869,-5.034434231774663,-7.020789699121719,-4.945017489979858,7.4844828098183545,-2.943945525889276,-0.28816587228434315,-4.729291295151996,-3.159631421047056,-4.653445152611525,1.1294836867514717,-2.1702868041829886,-2.461524038288297,-4.954842043984634,-4.660751989882312,-5.931988085486648,-6.492552423454281,0.44335919868513457,-0.9463659517144634,-0.6343104617271159
-3.5305957416293703,-1.6706139970036644,6.049063587276249,-2.5416658978504576,-6.243312117825126,-5.301549682846192,-0.5618036280128111,-6.7151580223513125,-3.4776587091193134,-8.969976626505291,-5.104538991381341,-1.1032138938346099,-2.627267004354596,-6.516574603554225,-5.587220749566587,2.052809049775722,-2.6019346295715633,3.8285851708375715,-3.194747538767988,-3.2964879176374597,-4.207972395384242,-3.064965260946072
